[{"_mousePosition":[754,416],"_rootPartCFrame":[776.023,222.7,47.142,0.004,0,1,0,1,0,-1,0,0.004],"_humanoidState":8,"_cameraCFrame":[787.687,235.327,47.536,0.034,-0.69,0.723,0,0.724,0.69,-0.999,-0.023,0.024],"_shiftlockState":false,"_pose":"Standing","_animationQueue":[],"_animationSpeed":1,"_zoom":16.125},{"_mousePosition":[754,416],"_rootPartCFrame":[775.777,222.7,47.134,0.008,0,1,0,1,0,-1,0,0.008],"_humanoidState":8,"_cameraCFrame":[787.354,235.418,47.495,0.031,-0.695,0.718,0,0.718,0.696,-1,-0.022,0.022],"_shiftlockState":false,"_pose":"Standing","_animationQueue":[],"_animationSpeed":1,"_zoom":16.125},{"_mousePosition":[754,416],"_rootPartCFrame":[775.511,222.7,47.125,0.011,0,1,0,1,0,-1,0,0.011],"_humanoidState":8,"_cameraCFrame":[787,235.508,47.484,0.031,-0.701,0.713,0,0.713,0.701,-1,-0.022,0.022],"_shiftlockState":false,"_pose":"Running","_animationQueue":[["walk",0.1]],"_animationSpeed":1.066,"_zoom":16.125},{"_mousePosition":[754,416],"_rootPartCFrame":[775.244,222.7,47.117,0.014,0,1,0,1,0,-1,0,0.014],"_humanoidState":8,"_cameraCFrame":[786.691,235.552,47.445,0.029,-0.704,0.71,0,0.71,0.704,-1,-0.02,0.02],"_shiftlockState":false,"_pose":"Running","_animationQueue":[],"_animationSpeed":1.066,"_zoom":16.125},{"_mousePosition":[754,416],"_rootPartCFrame":[774.978,222.7,47.108,0.016,0,1,0,1,0,-1,0,0.016],"_humanoidState":8,"_cameraCFrame":[786.38,235.597,47.435,0.029,-0.707,0.707,0,0.707,0.707,-1,-0.02,0.02],"_shiftlockState":false,"_pose":"Running","_animationQueue":[],"_animationSpeed":1.066,"_zoom":16.125},{"_mousePosition":[754,416],"_rootPartCFrame":[774.711,222.7,47.101,0.018,0,1,0,1,0,-1,0,0.018],"_humanoidState":8,"_cameraCFrame":[786.047,235.663,47.397,0.026,-0.711,0.703,0,0.703,0.711,-1,-0.019,0.018],"_shiftlockState":false,"_pose":"Running","_animationQueue":[],"_animationSpeed":1.066,"_zoom":16.125},{"_mousePosition":[754,416],"_rootPartCFrame":[774.445,222.7,47.093,0.02,0,1,0,1,0,-1,0,0.02],"_humanoidState":8,"_cameraCFrame":[785.758,235.686,47.389,0.026,-0.712,0.702,0,0.702,0.712,-1,-0.019,0.018],"_shiftlockState":false,"_pose":"Running","_animationQueue":[],"_animationSpeed":1.066,"_zoom":16.125},{"_mousePosition":[754,416],"_rootPartCFrame":[774.178,222.7,47.086,0.02,0,1,0,1,0,-1,0,0.02],"_humanoidState":8,"_cameraCFrame":[785.469,235.708,47.381,0.026,-0.713,0.7,0,0.7,0.714,-1,-0.019,0.018],"_shiftlockState":false,"_pose":"Running","_animationQueue":[],"_animationSpeed":1.066,"_zoom":16.125},{"_mousePosition":[754,416],"_rootPartCFrame":[773.911,222.7,47.079,0.021,0,1,0,1,0,-1,0,0.021],"_humanoidState":8,"_cameraCFrame":[785.203,235.708,47.374,0.026,-0.713,0.7,0,0.7,0.714,-1,-0.019,0.018],"_shiftlockState":false,"_pose":"Running","_animationQueue":[["walk",0.1]],"_animationSpeed":1.066,"_zoom":16.125},{"_mousePosition":[754,416],"_rootPartCFrame":[773.645,222.7,47.072,0.022,0,1,0,1,0,-1,0,0.022],"_humanoidState":8,"_cameraCFrame":[784.914,235.73,47.338,0.024,-0.715,0.699,0,0.699,0.715,-1,-0.017,0.017],"_shiftlockState":false,"_pose":"Running","_animationQueue":[],"_animationSpeed":1.066,"_zoom":16.125},{"_mousePosition":[754,416],"_rootPartCFrame":[773.378,222.7,47.065,0.022,0,1,0,1,0,-1,0,0.022],"_humanoidState":8,"_cameraCFrame":[784.603,235.773,47.33,0.024,-0.718,0.696,0,0.696,0.718,-1,-0.017,0.016],"_shiftlockState":false,"_pose":"Running","_animationQueue":[],"_animationSpeed":1.066,"_zoom":16.125},{"_mousePosition":[754,416],"_rootPartCFrame":[773.112,222.7,47.059,0.023,0,1,0,1,0,-1,0,0.023],"_humanoidState":8,"_cameraCFrame":[784.291,235.817,47.323,0.024,-0.72,0.693,0,0.693,0.72,-1,-0.017,0.016],"_shiftlockState":false,"_pose":"Running","_animationQueue":[],"_animationSpeed":1.066,"_zoom":16.125},{"_mousePosition":[754,416],"_rootPartCFrame":[772.845,222.7,47.052,0.023,0,1,0,1,0,-1,0,0.023],"_humanoidState":8,"_cameraCFrame":[784.002,235.839,47.316,0.024,-0.722,0.692,0,0.692,0.722,-1,-0.017,0.016],"_shiftlockState":false,"_pose":"Running","_animationQueue":[],"_animationSpeed":1.066,"_zoom":16.125},{"_mousePosition":[754,416],"_rootPartCFrame":[772.578,222.7,47.046,0.023,0,1,0,1,0,-1,0,0.023],"_humanoidState":8,"_cameraCFrame":[783.713,235.861,47.309,0.024,-0.723,0.69,0,0.691,0.723,-1,-0.017,0.016],"_shiftlockState":false,"_pose":"Running","_animationQueue":[],"_animationSpeed":1.066,"_zoom":16.125},{"_mousePosition":[754,416],"_rootPartCFrame":[772.312,222.7,47.04,0.023,0,1,0,1,0,-1,0,0.023],"_humanoidState":8,"_cameraCFrame":[783.423,235.882,47.302,0.024,-0.724,0.689,0,0.689,0.725,-1,-0.017,0.016],"_shiftlockState":false,"_pose":"Running","_animationQueue":[],"_animationSpeed":1.066,"_zoom":16.125},{"_mousePosition":[754,416],"_rootPartCFrame":[772.045,222.7,47.034,0.023,0,1,0,1,0,-1,0,0.023],"_humanoidState":8,"_cameraCFrame":[783.157,235.882,47.296,0.024,-0.724,0.689,0,0.689,0.725,-1,-0.017,0.016],"_shiftlockState":false,"_pose":"Running","_animationQueue":[["walk",0.1]],"_animationSpeed":1.066,"_zoom":16.125},{"_mousePosition":[754,416],"_rootPartCFrame":[771.779,222.7,47.027,0.023,0,1,0,1,0,-1,0,0.023],"_humanoidState":8,"_cameraCFrame":[782.89,235.882,47.29,0.024,-0.724,0.689,0,0.689,0.725,-1,-0.017,0.016],"_shiftlockState":false,"_pose":"Running","_animationQueue":[],"_animationSpeed":1.066,"_zoom":16.125},{"_mousePosition":[754,416],"_rootPartCFrame":[771.512,222.7,47.021,0.023,0,1,0,1,0,-1,0,0.023],"_humanoidState":8,"_cameraCFrame":[782.623,235.882,47.283,0.024,-0.724,0.689,0,0.689,0.725,-1,-0.017,0.016],"_shiftlockState":false,"_pose":"Running","_animationQueue":[],"_animationSpeed":1.066,"_zoom":16.125},{"_mousePosition":[754,416],"_rootPartCFrame":[771.179,223.783,47.013,0.023,0,1,0,1,0,-1,0,0.023],"_humanoidState":3,"_cameraCFrame":[782.29,236.966,47.275,0.024,-0.724,0.689,0,0.689,0.725,-1,-0.017,0.016],"_shiftlockState":false,"_pose":"Jumping","_animationQueue":[["walk",0.1],["jump",0.1]],"_animationSpeed":1,"_zoom":16.125},{"_mousePosition":[754,416],"_rootPartCFrame":[770.979,224.395,47.008,0.023,0,1,0,1,0,-1,0,0.023],"_humanoidState":5,"_cameraCFrame":[782.09,237.577,47.271,0.024,-0.724,0.689,0,0.689,0.725,-1,-0.017,0.016],"_shiftlockState":false,"_pose":"FreeFall","_animationQueue":[["jump",0.1]],"_animationSpeed":1,"_zoom":16.125},{"_mousePosition":[754,416],"_rootPartCFrame":[770.646,225.346,47,0.023,0,1,0,1,0,-1,0,0.023],"_humanoidState":5,"_cameraCFrame":[781.712,238.572,47.234,0.021,-0.727,0.686,0,0.686,0.727,-1,-0.015,0.014],"_shiftlockState":false,"_pose":"FreeFall","_animationQueue":[],"_animationSpeed":1,"_zoom":16.125},{"_mousePosition":[754,416],"_rootPartCFrame":[770.379,226.045,46.994,0.023,0,1,0,1,0,-1,0,0.023],"_humanoidState":5,"_cameraCFrame":[781.422,239.292,47.227,0.021,-0.728,0.685,0,0.685,0.729,-1,-0.015,0.014],"_shiftlockState":false,"_pose":"FreeFall","_animationQueue":[],"_animationSpeed":1,"_zoom":16.125},{"_mousePosition":[754,416],"_rootPartCFrame":[770.112,226.69,46.988,0.023,0,1,0,1,0,-1,0,0.023],"_humanoidState":5,"_cameraCFrame":[781.111,239.98,47.193,0.019,-0.731,0.682,0,0.682,0.731,-1,-0.014,0.013],"_shiftlockState":false,"_pose":"FreeFall","_animationQueue":[],"_animationSpeed":1,"_zoom":16.125},{"_mousePosition":[754,416],"_rootPartCFrame":[769.846,227.28,46.983,0.023,0,1,0,1,0,-1,0,0.023],"_humanoidState":5,"_cameraCFrame":[780.798,240.614,47.158,0.016,-0.734,0.679,0,0.679,0.734,-1,-0.012,0.011],"_shiftlockState":false,"_pose":"FreeFall","_animationQueue":[],"_animationSpeed":1,"_zoom":16.125},{"_mousePosition":[754,416],"_rootPartCFrame":[769.646,227.687,46.979,0.023,0,1,0,1,0,-1,0,0.023],"_humanoidState":5,"_cameraCFrame":[780.553,241.063,47.126,0.013,-0.736,0.676,0,0.676,0.736,-1,-0.01,0.009],"_shiftlockState":false,"_pose":"FreeFall","_animationQueue":[],"_animationSpeed":1,"_zoom":16.125},{"_mousePosition":[754,416],"_rootPartCFrame":[769.379,228.182,46.975,0.022,0,1,0,1,0,-1,0,0.022],"_humanoidState":5,"_cameraCFrame":[780.24,241.601,47.094,0.011,-0.739,0.674,0,0.674,0.739,-1,-0.008,0.007],"_shiftlockState":false,"_pose":"FreeFall","_animationQueue":[],"_animationSpeed":1,"_zoom":16.125},{"_mousePosition":[754,416],"_rootPartCFrame":[769.046,228.725,46.97,0.021,0,1,0,1,0,-1,0,0.021],"_humanoidState":5,"_cameraCFrame":[779.884,242.164,47.061,0.008,-0.74,0.672,0,0.672,0.74,-1,-0.006,0.006],"_shiftlockState":false,"_pose":"FreeFall","_animationQueue":[],"_animationSpeed":1,"_zoom":16.125},{"_mousePosition":[754,416],"_rootPartCFrame":[768.779,229.097,46.967,0.019,0,1,0,1,0,-1,0,0.019],"_humanoidState":5,"_cameraCFrame":[779.571,242.578,47.003,0.003,-0.743,0.669,0,0.669,0.743,-1,-0.003,0.002],"_shiftlockState":false,"_pose":"FreeFall","_animationQueue":[],"_animationSpeed":1,"_zoom":16.125},{"_mousePosition":[754,416],"_rootPartCFrame":[768.513,229.415,46.965,0.018,0,1,0,1,0,-1,0,0.018],"_humanoidState":5,"_cameraCFrame":[779.281,242.917,47.001,0.003,-0.744,0.668,0,0.668,0.744,-1,-0.003,0.002],"_shiftlockState":false,"_pose":"FreeFall","_animationQueue":[],"_animationSpeed":1,"_zoom":16.125},{"_mousePosition":[754,416],"_rootPartCFrame":[768.246,229.678,46.964,0.016,0,1,0,1,0,-1,0,0.016],"_humanoidState":5,"_cameraCFrame":[778.991,243.202,46.973,0.001,-0.746,0.666,0,0.666,0.746,-1,-0.001,0.001],"_shiftlockState":false,"_pose":"FreeFall","_animationQueue":[],"_animationSpeed":1,"_zoom":16.125},{"_mousePosition":[754,416],"_rootPartCFrame":[768.046,229.84,46.963,0.015,0,1,0,1,0,-1,0,0.015],"_humanoidState":5,"_cameraCFrame":[778.768,243.384,46.945,-0.002,-0.747,0.665,0,0.665,0.747,-1,0.001,-0.001],"_shiftlockState":false,"_pose":"FreeFall","_animationQueue":[],"_animationSpeed":1,"_zoom":16.125},{"_mousePosition":[754,416],"_rootPartCFrame":[767.713,230.042,46.963,0.013,0,1,0,1,0,-1,0,0.013],"_humanoidState":5,"_cameraCFrame":[778.411,243.607,46.917,-0.004,-0.748,0.663,0,0.663,0.748,-1,0.003,-0.003],"_shiftlockState":false,"_pose":"FreeFall","_animationQueue":[],"_animationSpeed":1,"_zoom":16.125},{"_mousePosition":[754,416],"_rootPartCFrame":[767.446,230.141,46.963,0.011,0,1,0,1,0,-1,0,0.011],"_humanoidState":5,"_cameraCFrame":[778.097,243.748,46.864,-0.009,-0.751,0.66,0,0.661,0.751,-1,0.007,-0.006],"_shiftlockState":false,"_pose":"FreeFall","_animationQueue":[],"_animationSpeed":1,"_zoom":16.125},{"_mousePosition":[754,416],"_rootPartCFrame":[767.246,230.181,46.964,0.009,0,1,0,1,0,-1,0,0.009],"_humanoidState":5,"_cameraCFrame":[777.873,243.808,46.838,-0.012,-0.752,0.659,0,0.659,0.752,-1,0.009,-0.008],"_shiftlockState":false,"_pose":"FreeFall","_animationQueue":[],"_animationSpeed":1,"_zoom":16.125},{"_mousePosition":[754,416],"_rootPartCFrame":[766.913,230.178,46.967,0.006,0,1,0,1,0,-1,0,0.006],"_humanoidState":5,"_cameraCFrame":[777.516,243.826,46.814,-0.014,-0.753,0.658,0,0.658,0.753,-1,0.011,-0.009],"_shiftlockState":false,"_pose":"FreeFall","_animationQueue":[["fall",0.3]],"_animationSpeed":1,"_zoom":16.125},{"_mousePosition":[754,416],"_rootPartCFrame":[766.646,230.114,46.97,0.004,0,1,0,1,0,-1,0,0.004],"_humanoidState":5,"_cameraCFrame":[777.225,243.783,46.818,-0.014,-0.755,0.656,0,0.656,0.755,-1,0.011,-0.009],"_shiftlockState":false,"_pose":"FreeFall","_animationQueue":[],"_animationSpeed":1,"_zoom":16.125},{"_mousePosition":[754,416],"_rootPartCFrame":[766.38,229.996,46.973,0.001,0,1,0,1,0,-1,0,0.001],"_humanoidState":5,"_cameraCFrame":[776.959,243.665,46.821,-0.014,-0.755,0.656,0,0.656,0.755,-1,0.011,-0.009],"_shiftlockState":false,"_pose":"FreeFall","_animationQueue":[],"_animationSpeed":1,"_zoom":16.125},{"_mousePosition":[754,416],"_rootPartCFrame":[766.18,229.872,46.976,0,0,1,0,1,0,-1,0,0],"_humanoidState":5,"_cameraCFrame":[776.759,243.541,46.824,-0.014,-0.755,0.656,0,0.656,0.755,-1,0.011,-0.009],"_shiftlockState":false,"_pose":"FreeFall","_animationQueue":[],"_animationSpeed":1,"_zoom":16.125},{"_mousePosition":[754,416],"_rootPartCFrame":[765.847,229.596,46.981,-0.003,0,1,0,1,0,-1,0,-0.003],"_humanoidState":5,"_cameraCFrame":[776.425,243.265,46.829,-0.014,-0.755,0.656,0,0.656,0.755,-1,0.011,-0.009],"_shiftlockState":false,"_pose":"FreeFall","_animationQueue":[],"_animationSpeed":1,"_zoom":16.125},{"_mousePosition":[754,416],"_rootPartCFrame":[765.647,229.39,46.984,-0.004,0,1,0,1,0,-1,0,-0.004],"_humanoidState":5,"_cameraCFrame":[776.226,243.059,46.832,-0.014,-0.755,0.656,0,0.656,0.755,-1,0.011,-0.009],"_shiftlockState":false,"_pose":"FreeFall","_animationQueue":[],"_animationSpeed":1,"_zoom":16.125},{"_mousePosition":[754,416],"_rootPartCFrame":[765.38,229.068,46.988,-0.005,0,1,0,1,0,-1,0,-0.005],"_humanoidState":5,"_cameraCFrame":[775.959,242.737,46.836,-0.014,-0.755,0.656,0,0.656,0.755,-1,0.011,-0.009],"_shiftlockState":false,"_pose":"FreeFall","_animationQueue":[],"_animationSpeed":1,"_zoom":16.125},{"_mousePosition":[754,416],"_rootPartCFrame":[765.114,228.691,46.991,-0.007,0,1,0,1,0,-1,0,-0.007],"_humanoidState":5,"_cameraCFrame":[775.692,242.36,46.84,-0.014,-0.755,0.656,0,0.656,0.755,-1,0.011,-0.009],"_shiftlockState":false,"_pose":"FreeFall","_animationQueue":[["fall",0.3]],"_animationSpeed":1,"_zoom":16.125},{"_mousePosition":[754,416],"_rootPartCFrame":[764.847,228.259,46.995,-0.008,0,1,0,1,0,-1,0,-0.008],"_humanoidState":5,"_cameraCFrame":[775.426,241.928,46.844,-0.014,-0.755,0.656,0,0.656,0.755,-1,0.011,-0.009],"_shiftlockState":false,"_pose":"FreeFall","_animationQueue":[],"_animationSpeed":1,"_zoom":16.125},{"_mousePosition":[754,416],"_rootPartCFrame":[764.58,227.773,46.999,-0.009,0,1,0,1,0,-1,0,-0.009],"_humanoidState":5,"_cameraCFrame":[775.159,241.442,46.847,-0.014,-0.755,0.656,0,0.656,0.755,-1,0.011,-0.009],"_shiftlockState":false,"_pose":"FreeFall","_animationQueue":[],"_animationSpeed":1,"_zoom":16.125},{"_mousePosition":[754,416],"_rootPartCFrame":[764.247,227.089,47.004,-0.01,0,1,0,1,0,-1,0,-0.01],"_humanoidState":5,"_cameraCFrame":[774.826,240.758,46.852,-0.014,-0.755,0.656,0,0.656,0.755,-1,0.011,-0.009],"_shiftlockState":false,"_pose":"FreeFall","_animationQueue":[],"_animationSpeed":1,"_zoom":16.125},{"_mousePosition":[754,416],"_rootPartCFrame":[764.047,226.638,47.007,-0.01,0,1,0,1,0,-1,0,-0.01],"_humanoidState":5,"_cameraCFrame":[774.626,240.307,46.855,-0.014,-0.755,0.656,0,0.656,0.755,-1,0.011,-0.009],"_shiftlockState":false,"_pose":"FreeFall","_animationQueue":[],"_animationSpeed":1,"_zoom":16.125},{"_mousePosition":[754,416],"_rootPartCFrame":[763.714,225.817,47.012,-0.011,0,1,0,1,0,-1,0,-0.011],"_humanoidState":5,"_cameraCFrame":[774.293,239.486,46.86,-0.014,-0.755,0.656,0,0.656,0.755,-1,0.011,-0.009],"_shiftlockState":false,"_pose":"FreeFall","_animationQueue":[],"_animationSpeed":1,"_zoom":16.125},{"_mousePosition":[754,416],"_rootPartCFrame":[763.447,225.1,47.015,-0.011,0,1,0,1,0,-1,0,-0.011],"_humanoidState":5,"_cameraCFrame":[774.026,238.769,46.864,-0.014,-0.755,0.656,0,0.656,0.755,-1,0.011,-0.009],"_shiftlockState":false,"_pose":"FreeFall","_animationQueue":[["fall",0.3]],"_animationSpeed":1,"_zoom":16.125},{"_mousePosition":[754,416],"_rootPartCFrame":[763.247,224.526,47.018,-0.012,0,1,0,1,0,-1,0,-0.012],"_humanoidState":5,"_cameraCFrame":[773.826,238.195,46.866,-0.014,-0.755,0.656,0,0.656,0.755,-1,0.011,-0.009],"_shiftlockState":false,"_pose":"FreeFall","_animationQueue":[],"_animationSpeed":1,"_zoom":16.125},{"_mousePosition":[754,416],"_rootPartCFrame":[762.914,223.501,47.023,-0.012,0,1,0,1,0,-1,0,-0.012],"_humanoidState":5,"_cameraCFrame":[773.493,237.17,46.871,-0.014,-0.755,0.656,0,0.656,0.755,-1,0.011,-0.009],"_shiftlockState":false,"_pose":"FreeFall","_animationQueue":[],"_animationSpeed":1,"_zoom":16.125},{"_mousePosition":[754,416],"_rootPartCFrame":[762.647,222.731,47.027,-0.012,0,1,0,1,0,-1,0,-0.012],"_humanoidState":7,"_cameraCFrame":[773.226,236.399,46.875,-0.014,-0.755,0.656,0,0.656,0.755,-1,0.011,-0.009],"_shiftlockState":false,"_pose":"FreeFall","_animationQueue":[["walk",0.1],["fall",0.3],["fall",0.3]],"_animationSpeed":1,"_zoom":16.125},{"_mousePosition":[754,416],"_rootPartCFrame":[762.448,222.657,47.03,-0.013,0,1,0,1,0,-1,0,-0.013],"_humanoidState":7,"_cameraCFrame":[773.026,236.325,46.878,-0.014,-0.755,0.656,0,0.656,0.755,-1,0.011,-0.009],"_shiftlockState":false,"_pose":"FreeFall","_animationQueue":[],"_animationSpeed":1,"_zoom":16.125},{"_mousePosition":[754,416],"_rootPartCFrame":[762.181,222.695,47.034,-0.013,0,1,0,1,0,-1,0,-0.013],"_humanoidState":7,"_cameraCFrame":[772.76,236.364,46.882,-0.014,-0.755,0.656,0,0.656,0.755,-1,0.011,-0.009],"_shiftlockState":false,"_pose":"FreeFall","_animationQueue":[],"_animationSpeed":1,"_zoom":16.125},{"_mousePosition":[754,416],"_rootPartCFrame":[761.848,222.691,47.038,-0.013,0,1,0,1,0,-1,0,-0.013],"_humanoidState":8,"_cameraCFrame":[772.426,236.36,46.887,-0.014,-0.755,0.656,0,0.656,0.755,-1,0.011,-0.009],"_shiftlockState":false,"_pose":"Running","_animationQueue":[["walk",0.1],["fall",0.3],["walk",0.1]],"_animationSpeed":1.103,"_zoom":16.125},{"_mousePosition":[754,416],"_rootPartCFrame":[761.581,222.626,47.042,-0.013,0,1,0,1,0,-1,0,-0.013],"_humanoidState":8,"_cameraCFrame":[772.16,236.295,46.89,-0.014,-0.755,0.656,0,0.656,0.755,-1,0.011,-0.009],"_shiftlockState":false,"_pose":"Running","_animationQueue":[["walk",0.1]],"_animationSpeed":1.103,"_zoom":16.125},{"_mousePosition":[754,416],"_rootPartCFrame":[761.314,222.506,47.046,-0.013,0,1,0,1,0,-1,0,-0.013],"_humanoidState":8,"_cameraCFrame":[771.893,236.175,46.894,-0.014,-0.755,0.656,0,0.656,0.755,-1,0.011,-0.009],"_shiftlockState":false,"_pose":"Running","_animationQueue":[],"_animationSpeed":1.103,"_zoom":16.125},{"_mousePosition":[754,416],"_rootPartCFrame":[761.048,223.379,47.05,-0.014,0,1,0,1,0,-1,0,-0.014],"_humanoidState":3,"_cameraCFrame":[771.627,237.048,46.898,-0.014,-0.755,0.656,0,0.656,0.755,-1,0.011,-0.009],"_shiftlockState":false,"_pose":"Jumping","_animationQueue":[["walk",0.1],["jump",0.1]],"_animationSpeed":1,"_zoom":16.125},{"_mousePosition":[754,416],"_rootPartCFrame":[760.781,224.201,47.054,-0.014,0,1,0,1,0,-1,0,-0.014],"_humanoidState":5,"_cameraCFrame":[771.36,237.87,46.902,-0.014,-0.755,0.656,0,0.656,0.755,-1,0.011,-0.009],"_shiftlockState":false,"_pose":"FreeFall","_animationQueue":[["jump",0.1]],"_animationSpeed":1,"_zoom":16.125},{"_mousePosition":[754,416],"_rootPartCFrame":[760.581,224.782,47.057,-0.014,0,1,0,1,0,-1,0,-0.014],"_humanoidState":5,"_cameraCFrame":[771.16,238.451,46.905,-0.014,-0.755,0.656,0,0.656,0.755,-1,0.011,-0.009],"_shiftlockState":false,"_pose":"FreeFall","_animationQueue":[],"_animationSpeed":1,"_zoom":16.125},{"_mousePosition":[754,416],"_rootPartCFrame":[760.248,225.682,47.061,-0.014,0,1,0,1,0,-1,0,-0.014],"_humanoidState":5,"_cameraCFrame":[770.827,239.351,46.91,-0.014,-0.755,0.656,0,0.656,0.755,-1,0.011,-0.009],"_shiftlockState":false,"_pose":"FreeFall","_animationQueue":[],"_animationSpeed":1,"_zoom":16.125},{"_mousePosition":[754,416],"_rootPartCFrame":[759.981,226.341,47.065,-0.014,0,1,0,1,0,-1,0,-0.014],"_humanoidState":5,"_cameraCFrame":[770.56,240.009,46.913,-0.014,-0.755,0.656,0,0.656,0.755,-1,0.011,-0.009],"_shiftlockState":false,"_pose":"FreeFall","_animationQueue":[],"_animationSpeed":1,"_zoom":16.125},{"_mousePosition":[754,416],"_rootPartCFrame":[759.781,226.799,47.068,-0.014,0,1,0,1,0,-1,0,-0.014],"_humanoidState":5,"_cameraCFrame":[770.36,240.468,46.916,-0.014,-0.755,0.656,0,0.656,0.755,-1,0.011,-0.009],"_shiftlockState":false,"_pose":"FreeFall","_animationQueue":[],"_animationSpeed":1,"_zoom":16.125},{"_mousePosition":[754,416],"_rootPartCFrame":[759.515,227.362,47.072,-0.014,0,1,0,1,0,-1,0,-0.014],"_humanoidState":5,"_cameraCFrame":[770.094,241.031,46.92,-0.014,-0.755,0.656,0,0.656,0.755,-1,0.011,-0.009],"_shiftlockState":false,"_pose":"FreeFall","_animationQueue":[],"_animationSpeed":1,"_zoom":16.125},{"_mousePosition":[754,416],"_rootPartCFrame":[759.248,227.87,47.076,-0.014,0,1,0,1,0,-1,0,-0.014],"_humanoidState":5,"_cameraCFrame":[769.827,241.539,46.924,-0.014,-0.755,0.656,0,0.656,0.755,-1,0.011,-0.009],"_shiftlockState":false,"_pose":"FreeFall","_animationQueue":[],"_animationSpeed":1,"_zoom":16.125},{"_mousePosition":[754,416],"_rootPartCFrame":[758.982,228.325,47.08,-0.014,0,1,0,1,0,-1,0,-0.014],"_humanoidState":5,"_cameraCFrame":[769.56,241.993,46.928,-0.014,-0.755,0.656,0,0.656,0.755,-1,0.011,-0.009],"_shiftlockState":false,"_pose":"FreeFall","_animationQueue":[],"_animationSpeed":1,"_zoom":16.125},{"_mousePosition":[754,416],"_rootPartCFrame":[758.715,228.724,47.083,-0.014,0,1,0,1,0,-1,0,-0.014],"_humanoidState":5,"_cameraCFrame":[769.294,242.393,46.932,-0.014,-0.755,0.656,0,0.656,0.755,-1,0.011,-0.009],"_shiftlockState":false,"_pose":"FreeFall","_animationQueue":[],"_animationSpeed":1,"_zoom":16.125},{"_mousePosition":[754,416],"_rootPartCFrame":[758.448,229.069,47.087,-0.014,0,1,0,1,0,-1,0,-0.014],"_humanoidState":5,"_cameraCFrame":[769.027,242.738,46.935,-0.014,-0.755,0.656,0,0.656,0.755,-1,0.011,-0.009],"_shiftlockState":false,"_pose":"FreeFall","_animationQueue":[],"_animationSpeed":1,"_zoom":16.125},{"_mousePosition":[754,416],"_rootPartCFrame":[758.182,229.36,47.091,-0.014,0,1,0,1,0,-1,0,-0.014],"_humanoidState":5,"_cameraCFrame":[768.761,243.029,46.939,-0.014,-0.755,0.656,0,0.656,0.755,-1,0.011,-0.009],"_shiftlockState":false,"_pose":"FreeFall","_animationQueue":[],"_animationSpeed":1,"_zoom":16.125},{"_mousePosition":[754,416],"_rootPartCFrame":[757.915,229.596,47.095,-0.014,0,1,0,1,0,-1,0,-0.014],"_humanoidState":5,"_cameraCFrame":[768.494,243.265,46.943,-0.014,-0.755,0.656,0,0.656,0.755,-1,0.011,-0.009],"_shiftlockState":false,"_pose":"FreeFall","_animationQueue":[],"_animationSpeed":1,"_zoom":16.125},{"_mousePosition":[754,416],"_rootPartCFrame":[757.649,229.778,47.099,-0.014,0,1,0,1,0,-1,0,-0.014],"_humanoidState":5,"_cameraCFrame":[768.227,243.447,46.947,-0.014,-0.755,0.656,0,0.656,0.755,-1,0.011,-0.009],"_shiftlockState":false,"_pose":"FreeFall","_animationQueue":[],"_animationSpeed":1,"_zoom":16.125},{"_mousePosition":[754,416],"_rootPartCFrame":[757.382,229.905,47.103,-0.014,0,1,0,1,0,-1,0,-0.014],"_humanoidState":5,"_cameraCFrame":[767.961,243.574,46.951,-0.014,-0.755,0.656,0,0.656,0.755,-1,0.011,-0.009],"_shiftlockState":false,"_pose":"FreeFall","_animationQueue":[],"_animationSpeed":1,"_zoom":16.125},{"_mousePosition":[754,416],"_rootPartCFrame":[757.049,229.987,47.107,-0.014,0,1,0,1,0,-1,0,-0.014],"_humanoidState":5,"_cameraCFrame":[767.628,243.656,46.956,-0.014,-0.755,0.656,0,0.656,0.755,-1,0.011,-0.009],"_shiftlockState":false,"_pose":"FreeFall","_animationQueue":[],"_animationSpeed":1,"_zoom":16.125},{"_mousePosition":[754,416],"_rootPartCFrame":[756.849,229.996,47.11,-0.014,0,1,0,1,0,-1,0,-0.014],"_humanoidState":5,"_cameraCFrame":[767.428,243.665,46.958,-0.014,-0.755,0.656,0,0.656,0.755,-1,0.011,-0.009],"_shiftlockState":false,"_pose":"FreeFall","_animationQueue":[],"_animationSpeed":1,"_zoom":16.125},{"_mousePosition":[754,416],"_rootPartCFrame":[756.516,229.942,47.115,-0.014,0,1,0,1,0,-1,0,-0.014],"_humanoidState":5,"_cameraCFrame":[767.094,243.611,46.963,-0.014,-0.755,0.656,0,0.656,0.755,-1,0.011,-0.009],"_shiftlockState":false,"_pose":"FreeFall","_animationQueue":[["fall",0.3]],"_animationSpeed":1,"_zoom":16.125},{"_mousePosition":[754,416],"_rootPartCFrame":[756.316,229.869,47.118,-0.014,0,1,0,1,0,-1,0,-0.014],"_humanoidState":5,"_cameraCFrame":[766.894,243.537,46.966,-0.014,-0.755,0.656,0,0.656,0.755,-1,0.011,-0.009],"_shiftlockState":false,"_pose":"FreeFall","_animationQueue":[],"_animationSpeed":1,"_zoom":16.125},{"_mousePosition":[754,416],"_rootPartCFrame":[756.049,229.723,47.122,-0.014,0,1,0,1,0,-1,0,-0.014],"_humanoidState":5,"_cameraCFrame":[766.628,243.392,46.97,-0.014,-0.755,0.656,0,0.656,0.755,-1,0.011,-0.009],"_shiftlockState":false,"_pose":"FreeFall","_animationQueue":[],"_animationSpeed":1,"_zoom":16.125},{"_mousePosition":[754,416],"_rootPartCFrame":[755.782,229.523,47.125,-0.014,0,1,0,1,0,-1,0,-0.014],"_humanoidState":5,"_cameraCFrame":[766.361,243.192,46.974,-0.014,-0.755,0.656,0,0.656,0.755,-1,0.011,-0.009],"_shiftlockState":false,"_pose":"FreeFall","_animationQueue":[],"_animationSpeed":1,"_zoom":16.125},{"_mousePosition":[754,416],"_rootPartCFrame":[755.449,229.197,47.13,-0.014,0,1,0,1,0,-1,0,-0.014],"_humanoidState":5,"_cameraCFrame":[766.028,242.866,46.978,-0.014,-0.755,0.656,0,0.656,0.755,-1,0.011,-0.009],"_shiftlockState":false,"_pose":"FreeFall","_animationQueue":[],"_animationSpeed":1,"_zoom":16.125},{"_mousePosition":[754,416],"_rootPartCFrame":[755.183,228.874,47.134,-0.014,0,1,0,1,0,-1,0,-0.014],"_humanoidState":5,"_cameraCFrame":[765.761,242.543,46.982,-0.014,-0.755,0.656,0,0.656,0.755,-1,0.011,-0.009],"_shiftlockState":false,"_pose":"FreeFall","_animationQueue":[],"_animationSpeed":1,"_zoom":16.125},{"_mousePosition":[754,416],"_rootPartCFrame":[754.916,228.497,47.138,-0.014,0,1,0,1,0,-1,0,-0.014],"_humanoidState":5,"_cameraCFrame":[765.495,242.166,46.986,-0.014,-0.755,0.656,0,0.656,0.755,-1,0.011,-0.009],"_shiftlockState":false,"_pose":"FreeFall","_animationQueue":[],"_animationSpeed":1,"_zoom":16.125},{"_mousePosition":[754,416],"_rootPartCFrame":[754.649,228.066,47.142,-0.014,0,1,0,1,0,-1,0,-0.014],"_humanoidState":5,"_cameraCFrame":[765.228,241.735,46.99,-0.014,-0.755,0.656,0,0.656,0.755,-1,0.011,-0.009],"_shiftlockState":false,"_pose":"FreeFall","_animationQueue":[["fall",0.3]],"_animationSpeed":1,"_zoom":16.125},{"_mousePosition":[754,416],"_rootPartCFrame":[754.449,227.707,47.145,-0.014,0,1,0,1,0,-1,0,-0.014],"_humanoidState":5,"_cameraCFrame":[765.028,241.375,46.993,-0.014,-0.755,0.656,0,0.656,0.755,-1,0.011,-0.009],"_shiftlockState":false,"_pose":"FreeFall","_animationQueue":[],"_animationSpeed":1,"_zoom":16.125},{"_mousePosition":[754,416],"_rootPartCFrame":[754.116,227.04,47.149,-0.014,0,1,0,1,0,-1,0,-0.014],"_humanoidState":5,"_cameraCFrame":[764.695,240.708,46.998,-0.014,-0.755,0.656,0,0.656,0.755,-1,0.011,-0.009],"_shiftlockState":false,"_pose":"FreeFall","_animationQueue":[],"_animationSpeed":1,"_zoom":16.125},{"_mousePosition":[754,416],"_rootPartCFrame":[753.916,226.598,47.152,-0.014,0,1,0,1,0,-1,0,-0.014],"_humanoidState":5,"_cameraCFrame":[764.495,240.267,47.001,-0.014,-0.755,0.656,0,0.656,0.755,-1,0.011,-0.009],"_shiftlockState":false,"_pose":"FreeFall","_animationQueue":[],"_animationSpeed":1,"_zoom":16.125},{"_mousePosition":[754,416],"_rootPartCFrame":[753.65,225.963,47.156,-0.014,0,1,0,1,0,-1,0,-0.014],"_humanoidState":5,"_cameraCFrame":[764.228,239.631,47.004,-0.014,-0.755,0.656,0,0.656,0.755,-1,0.011,-0.009],"_shiftlockState":false,"_pose":"FreeFall","_animationQueue":[],"_animationSpeed":1,"_zoom":16.125},{"_mousePosition":[754,416],"_rootPartCFrame":[753.316,225.091,47.161,-0.014,0,1,0,1,0,-1,0,-0.014],"_humanoidState":5,"_cameraCFrame":[763.895,238.76,47.009,-0.014,-0.755,0.656,0,0.656,0.755,-1,0.011,-0.009],"_shiftlockState":false,"_pose":"FreeFall","_animationQueue":[],"_animationSpeed":1,"_zoom":16.125},{"_mousePosition":[754,416],"_rootPartCFrame":[753.116,224.527,47.164,-0.014,0,1,0,1,0,-1,0,-0.014],"_humanoidState":5,"_cameraCFrame":[763.695,238.196,47.012,-0.014,-0.755,0.656,0,0.656,0.755,-1,0.011,-0.009],"_shiftlockState":false,"_pose":"FreeFall","_animationQueue":[],"_animationSpeed":1,"_zoom":16.125},{"_mousePosition":[754,416],"_rootPartCFrame":[752.783,223.52,47.169,-0.014,0,1,0,1,0,-1,0,-0.014],"_humanoidState":5,"_cameraCFrame":[763.362,237.188,47.017,-0.014,-0.755,0.656,0,0.656,0.755,-1,0.011,-0.009],"_shiftlockState":false,"_pose":"FreeFall","_animationQueue":[["fall",0.3]],"_animationSpeed":1,"_zoom":16.125},{"_mousePosition":[754,416],"_rootPartCFrame":[752.583,222.874,47.171,-0.014,0,1,0,1,0,-1,0,-0.014],"_humanoidState":7,"_cameraCFrame":[763.162,236.543,47.02,-0.014,-0.755,0.656,0,0.656,0.755,-1,0.011,-0.009],"_shiftlockState":false,"_pose":"FreeFall","_animationQueue":[["walk",0.1],["fall",0.3],["fall",0.3]],"_animationSpeed":1,"_zoom":16.125},{"_mousePosition":[754,416],"_rootPartCFrame":[752.25,222.512,47.176,-0.014,0,1,0,1,0,-1,0,-0.014],"_humanoidState":7,"_cameraCFrame":[762.829,236.181,47.024,-0.014,-0.755,0.656,0,0.656,0.755,-1,0.011,-0.009],"_shiftlockState":false,"_pose":"FreeFall","_animationQueue":[],"_animationSpeed":1,"_zoom":16.125},{"_mousePosition":[754,416],"_rootPartCFrame":[752.05,222.586,47.179,-0.014,0,1,0,1,0,-1,0,-0.014],"_humanoidState":7,"_cameraCFrame":[762.629,236.255,47.027,-0.014,-0.755,0.656,0,0.656,0.755,-1,0.011,-0.009],"_shiftlockState":false,"_pose":"FreeFall","_animationQueue":[],"_animationSpeed":1,"_zoom":16.125},{"_mousePosition":[754,416],"_rootPartCFrame":[751.717,222.65,47.184,-0.014,0,1,0,1,0,-1,0,-0.014],"_humanoidState":8,"_cameraCFrame":[762.296,236.318,47.032,-0.014,-0.755,0.656,0,0.656,0.755,-1,0.011,-0.009],"_shiftlockState":false,"_pose":"Running","_animationQueue":[["walk",0.1],["fall",0.3],["walk",0.1]],"_animationSpeed":1.103,"_zoom":16.125},{"_mousePosition":[754,416],"_rootPartCFrame":[751.45,222.645,47.188,-0.014,0,1,0,1,0,-1,0,-0.014],"_humanoidState":8,"_cameraCFrame":[762.029,236.313,47.036,-0.014,-0.755,0.656,0,0.656,0.755,-1,0.011,-0.009],"_shiftlockState":false,"_pose":"Running","_animationQueue":[],"_animationSpeed":1.103,"_zoom":16.125},{"_mousePosition":[754,416],"_rootPartCFrame":[751.184,222.584,47.192,-0.014,0,1,0,1,0,-1,0,-0.014],"_humanoidState":8,"_cameraCFrame":[761.762,236.253,47.04,-0.014,-0.755,0.656,0,0.656,0.755,-1,0.011,-0.009],"_shiftlockState":false,"_pose":"Running","_animationQueue":[],"_animationSpeed":1.103,"_zoom":16.125},{"_mousePosition":[754,416],"_rootPartCFrame":[750.917,222.469,47.195,-0.014,0,1,0,1,0,-1,0,-0.014],"_humanoidState":8,"_cameraCFrame":[761.496,236.138,47.044,-0.014,-0.755,0.656,0,0.656,0.755,-1,0.011,-0.009],"_shiftlockState":false,"_pose":"Running","_animationQueue":[["walk",0.1]],"_animationSpeed":1.103,"_zoom":16.125},{"_mousePosition":[754,416],"_rootPartCFrame":[750.65,222.336,47.199,-0.014,0,1,0,1,0,-1,0,-0.014],"_humanoidState":8,"_cameraCFrame":[761.229,236.005,47.047,-0.014,-0.755,0.656,0,0.656,0.755,-1,0.011,-0.009],"_shiftlockState":false,"_pose":"Running","_animationQueue":[],"_animationSpeed":1.103,"_zoom":16.125},{"_mousePosition":[754,416],"_rootPartCFrame":[750.384,222.251,47.203,-0.014,0,1,0,1,0,-1,0,-0.014],"_humanoidState":8,"_cameraCFrame":[760.963,235.92,47.051,-0.014,-0.755,0.656,0,0.656,0.755,-1,0.011,-0.009],"_shiftlockState":false,"_pose":"Running","_animationQueue":[],"_animationSpeed":1.103,"_zoom":16.125},{"_mousePosition":[754,416],"_rootPartCFrame":[750.117,222.179,47.207,-0.014,0,1,0,1,0,-1,0,-0.014],"_humanoidState":8,"_cameraCFrame":[760.696,235.848,47.055,-0.014,-0.755,0.656,0,0.656,0.755,-1,0.011,-0.009],"_shiftlockState":false,"_pose":"Running","_animationQueue":[],"_animationSpeed":1.103,"_zoom":16.125},{"_mousePosition":[754,416],"_rootPartCFrame":[749.851,222.107,47.211,-0.014,0,1,0,1,0,-1,0,-0.014],"_humanoidState":8,"_cameraCFrame":[760.429,235.776,47.059,-0.014,-0.755,0.656,0,0.656,0.755,-1,0.011,-0.009],"_shiftlockState":false,"_pose":"Running","_animationQueue":[],"_animationSpeed":1.103,"_zoom":16.125},{"_mousePosition":[754,416],"_rootPartCFrame":[749.584,222.035,47.214,-0.014,0,1,0,1,0,-1,0,-0.014],"_humanoidState":8,"_cameraCFrame":[760.163,235.703,47.063,-0.014,-0.755,0.656,0,0.656,0.755,-1,0.011,-0.009],"_shiftlockState":false,"_pose":"Running","_animationQueue":[],"_animationSpeed":1.103,"_zoom":16.125},{"_mousePosition":[754,416],"_rootPartCFrame":[749.317,221.907,47.218,-0.014,0,1,0,1,0,-1,0,-0.014],"_humanoidState":8,"_cameraCFrame":[759.896,235.576,47.066,-0.014,-0.755,0.656,0,0.656,0.755,-1,0.011,-0.009],"_shiftlockState":false,"_pose":"Running","_animationQueue":[["walk",0.1]],"_animationSpeed":1.103,"_zoom":16.125},{"_mousePosition":[754,416],"_rootPartCFrame":[749.051,221.81,47.222,-0.014,0,1,0,1,0,-1,0,-0.014],"_humanoidState":8,"_cameraCFrame":[759.63,235.479,47.07,-0.014,-0.755,0.656,0,0.656,0.755,-1,0.011,-0.009],"_shiftlockState":false,"_pose":"Running","_animationQueue":[],"_animationSpeed":1.103,"_zoom":16.125},{"_mousePosition":[754,416],"_rootPartCFrame":[748.784,222.683,47.226,-0.014,0,1,0,1,0,-1,0,-0.014],"_humanoidState":3,"_cameraCFrame":[759.363,236.352,47.074,-0.014,-0.755,0.656,0,0.656,0.755,-1,0.011,-0.009],"_shiftlockState":false,"_pose":"Jumping","_animationQueue":[["walk",0.1],["jump",0.1]],"_animationSpeed":1,"_zoom":16.125},{"_mousePosition":[754,416],"_rootPartCFrame":[748.584,223.305,47.229,-0.014,0,1,0,1,0,-1,0,-0.014],"_humanoidState":5,"_cameraCFrame":[759.163,236.974,47.077,-0.014,-0.755,0.656,0,0.656,0.755,-1,0.011,-0.009],"_shiftlockState":false,"_pose":"FreeFall","_animationQueue":[["jump",0.1]],"_animationSpeed":1,"_zoom":16.125},{"_mousePosition":[754,416],"_rootPartCFrame":[748.251,224.273,47.234,-0.014,0,1,0,1,0,-1,0,-0.014],"_humanoidState":5,"_cameraCFrame":[758.83,237.942,47.082,-0.014,-0.755,0.656,0,0.656,0.755,-1,0.011,-0.009],"_shiftlockState":false,"_pose":"FreeFall","_animationQueue":[],"_animationSpeed":1,"_zoom":16.125},{"_mousePosition":[754,416],"_rootPartCFrame":[748.051,224.813,47.236,-0.014,0,1,0,1,0,-1,0,-0.014],"_humanoidState":5,"_cameraCFrame":[758.63,238.482,47.085,-0.014,-0.755,0.656,0,0.656,0.755,-1,0.011,-0.009],"_shiftlockState":false,"_pose":"FreeFall","_animationQueue":[],"_animationSpeed":1,"_zoom":16.125},{"_mousePosition":[754,416],"_rootPartCFrame":[747.784,225.485,47.24,-0.014,0,1,0,1,0,-1,0,-0.014],"_humanoidState":5,"_cameraCFrame":[758.363,239.154,47.089,-0.014,-0.755,0.656,0,0.656,0.755,-1,0.011,-0.009],"_shiftlockState":false,"_pose":"FreeFall","_animationQueue":[],"_animationSpeed":1,"_zoom":16.125},{"_mousePosition":[754,416],"_rootPartCFrame":[747.518,226.102,47.244,-0.014,0,1,0,1,0,-1,0,-0.014],"_humanoidState":5,"_cameraCFrame":[758.097,239.771,47.092,-0.014,-0.755,0.656,0,0.656,0.755,-1,0.011,-0.009],"_shiftlockState":false,"_pose":"FreeFall","_animationQueue":[],"_animationSpeed":1,"_zoom":16.125},{"_mousePosition":[754,416],"_rootPartCFrame":[747.251,226.666,47.248,-0.014,0,1,0,1,0,-1,0,-0.014],"_humanoidState":5,"_cameraCFrame":[757.83,240.334,47.096,-0.014,-0.755,0.656,0,0.656,0.755,-1,0.011,-0.009],"_shiftlockState":false,"_pose":"FreeFall","_animationQueue":[],"_animationSpeed":1,"_zoom":16.125},{"_mousePosition":[754,416],"_rootPartCFrame":[746.985,227.174,47.252,-0.014,0,1,0,1,0,-1,0,-0.014],"_humanoidState":5,"_cameraCFrame":[757.563,240.843,47.1,-0.014,-0.755,0.656,0,0.656,0.755,-1,0.011,-0.009],"_shiftlockState":false,"_pose":"FreeFall","_animationQueue":[],"_animationSpeed":1,"_zoom":16.125},{"_mousePosition":[754,416],"_rootPartCFrame":[746.651,227.733,47.257,-0.014,0,1,0,1,0,-1,0,-0.014],"_humanoidState":5,"_cameraCFrame":[757.23,241.402,47.105,-0.014,-0.755,0.656,0,0.656,0.755,-1,0.011,-0.009],"_shiftlockState":false,"_pose":"FreeFall","_animationQueue":[],"_animationSpeed":1,"_zoom":16.125},{"_mousePosition":[754,416],"_rootPartCFrame":[746.451,228.028,47.259,-0.014,0,1,0,1,0,-1,0,-0.014],"_humanoidState":5,"_cameraCFrame":[757.03,241.697,47.108,-0.014,-0.755,0.656,0,0.656,0.755,-1,0.011,-0.009],"_shiftlockState":false,"_pose":"FreeFall","_animationQueue":[],"_animationSpeed":1,"_zoom":16.125},{"_mousePosition":[754,416],"_rootPartCFrame":[746.185,228.373,47.263,-0.014,0,1,0,1,0,-1,0,-0.014],"_humanoidState":5,"_cameraCFrame":[756.764,242.042,47.111,-0.014,-0.755,0.656,0,0.656,0.755,-1,0.011,-0.009],"_shiftlockState":false,"_pose":"FreeFall","_animationQueue":[],"_animationSpeed":1,"_zoom":16.125},{"_mousePosition":[754,416],"_rootPartCFrame":[745.918,228.664,47.267,-0.014,0,1,0,1,0,-1,0,-0.014],"_humanoidState":5,"_cameraCFrame":[756.497,242.333,47.115,-0.014,-0.755,0.656,0,0.656,0.755,-1,0.011,-0.009],"_shiftlockState":false,"_pose":"FreeFall","_animationQueue":[],"_animationSpeed":1,"_zoom":16.125},{"_mousePosition":[754,416],"_rootPartCFrame":[745.652,228.9,47.271,-0.014,0,1,0,1,0,-1,0,-0.014],"_humanoidState":5,"_cameraCFrame":[756.23,242.569,47.119,-0.014,-0.755,0.656,0,0.656,0.755,-1,0.011,-0.009],"_shiftlockState":false,"_pose":"FreeFall","_animationQueue":[],"_animationSpeed":1,"_zoom":16.125},{"_mousePosition":[754,416],"_rootPartCFrame":[745.385,229.082,47.275,-0.014,0,1,0,1,0,-1,0,-0.014],"_humanoidState":5,"_cameraCFrame":[755.964,242.75,47.123,-0.014,-0.755,0.656,0,0.656,0.755,-1,0.011,-0.009],"_shiftlockState":false,"_pose":"FreeFall","_animationQueue":[],"_animationSpeed":1,"_zoom":16.125},{"_mousePosition":[754,416],"_rootPartCFrame":[745.052,229.232,47.28,-0.014,0,1,0,1,0,-1,0,-0.014],"_humanoidState":5,"_cameraCFrame":[755.631,242.901,47.128,-0.014,-0.755,0.656,0,0.656,0.755,-1,0.011,-0.009],"_shiftlockState":false,"_pose":"FreeFall","_animationQueue":[],"_animationSpeed":1,"_zoom":16.125},{"_mousePosition":[754,416],"_rootPartCFrame":[744.785,229.291,47.283,-0.014,0,1,0,1,0,-1,0,-0.014],"_humanoidState":5,"_cameraCFrame":[755.364,242.96,47.132,-0.014,-0.755,0.656,0,0.656,0.755,-1,0.011,-0.009],"_shiftlockState":false,"_pose":"FreeFall","_animationQueue":[],"_animationSpeed":1,"_zoom":16.125},{"_mousePosition":[754,416],"_rootPartCFrame":[744.585,229.3,47.286,-0.014,0,1,0,1,0,-1,0,-0.014],"_humanoidState":5,"_cameraCFrame":[755.164,242.968,47.134,-0.014,-0.755,0.656,0,0.656,0.755,-1,0.011,-0.009],"_shiftlockState":false,"_pose":"FreeFall","_animationQueue":[],"_animationSpeed":1,"_zoom":16.125},{"_mousePosition":[754,416],"_rootPartCFrame":[744.252,229.246,47.291,-0.014,0,1,0,1,0,-1,0,-0.014],"_humanoidState":5,"_cameraCFrame":[754.831,242.914,47.139,-0.014,-0.755,0.656,0,0.656,0.755,-1,0.011,-0.009],"_shiftlockState":false,"_pose":"FreeFall","_animationQueue":[["fall",0.3]],"_animationSpeed":1,"_zoom":16.125},{"_mousePosition":[754,416],"_rootPartCFrame":[743.985,229.141,47.295,-0.014,0,1,0,1,0,-1,0,-0.014],"_humanoidState":5,"_cameraCFrame":[754.564,242.81,47.143,-0.014,-0.755,0.656,0,0.656,0.755,-1,0.011,-0.009],"_shiftlockState":false,"_pose":"FreeFall","_animationQueue":[],"_animationSpeed":1,"_zoom":16.125},{"_mousePosition":[754,416],"_rootPartCFrame":[743.785,229.027,47.298,-0.014,0,1,0,1,0,-1,0,-0.014],"_humanoidState":5,"_cameraCFrame":[754.364,242.696,47.146,-0.014,-0.755,0.656,0,0.656,0.755,-1,0.011,-0.009],"_shiftlockState":false,"_pose":"FreeFall","_animationQueue":[],"_animationSpeed":1,"_zoom":16.125},{"_mousePosition":[754,416],"_rootPartCFrame":[743.519,228.827,47.302,-0.014,0,1,0,1,0,-1,0,-0.014],"_humanoidState":5,"_cameraCFrame":[754.098,242.496,47.15,-0.014,-0.755,0.656,0,0.656,0.755,-1,0.011,-0.009],"_shiftlockState":false,"_pose":"FreeFall","_animationQueue":[],"_animationSpeed":1,"_zoom":16.125},{"_mousePosition":[754,416],"_rootPartCFrame":[743.252,228.573,47.305,-0.014,0,1,0,1,0,-1,0,-0.014],"_humanoidState":5,"_cameraCFrame":[753.831,242.242,47.154,-0.014,-0.755,0.656,0,0.656,0.755,-1,0.011,-0.009],"_shiftlockState":false,"_pose":"FreeFall","_animationQueue":[],"_animationSpeed":1,"_zoom":16.125},{"_mousePosition":[754,416],"_rootPartCFrame":[742.919,228.178,47.31,-0.014,0,1,0,1,0,-1,0,-0.014],"_humanoidState":5,"_cameraCFrame":[753.498,241.847,47.158,-0.014,-0.755,0.656,0,0.656,0.755,-1,0.011,-0.009],"_shiftlockState":false,"_pose":"FreeFall","_animationQueue":[],"_animationSpeed":1,"_zoom":16.125},{"_mousePosition":[754,416],"_rootPartCFrame":[742.719,227.901,47.313,-0.014,0,1,0,1,0,-1,0,-0.014],"_humanoidState":5,"_cameraCFrame":[753.298,241.569,47.161,-0.014,-0.755,0.656,0,0.656,0.755,-1,0.011,-0.009],"_shiftlockState":false,"_pose":"FreeFall","_animationQueue":[],"_animationSpeed":1,"_zoom":16.125},{"_mousePosition":[754,416],"_rootPartCFrame":[742.452,227.483,47.317,-0.014,0,1,0,1,0,-1,0,-0.014],"_humanoidState":5,"_cameraCFrame":[753.031,241.152,47.165,-0.014,-0.755,0.656,0,0.656,0.755,-1,0.011,-0.009],"_shiftlockState":false,"_pose":"FreeFall","_animationQueue":[["fall",0.3]],"_animationSpeed":1,"_zoom":16.125},{"_mousePosition":[754,416],"_rootPartCFrame":[742.119,226.884,47.322,-0.014,0,1,0,1,0,-1,0,-0.014],"_humanoidState":5,"_cameraCFrame":[752.698,240.553,47.17,-0.014,-0.755,0.656,0,0.656,0.755,-1,0.011,-0.009],"_shiftlockState":false,"_pose":"FreeFall","_animationQueue":[],"_animationSpeed":1,"_zoom":16.125},{"_mousePosition":[754,416],"_rootPartCFrame":[741.853,226.343,47.32