[{"_mousePosition":[661,365],"_rootPartCFrame":[776.035,222.7,47.142,-0.002,0,1,0,1,0,-1,0,-0.002],"_humanoidState":8,"_cameraCFrame":[776.694,237.964,38.768,-0.997,-0.067,0.041,0,0.521,0.854,-0.078,0.851,-0.519],"_shiftlockState":false,"_pose":"Standing","_animationQueue":[],"_animationSpeed":1,"_zoom":16.125},{"_mousePosition":[661,365],"_rootPartCFrame":[775.789,222.7,47.123,0.009,0,1,0,1,0,-1,0,0.009],"_humanoidState":8,"_cameraCFrame":[776.448,237.964,38.749,-0.997,-0.067,0.041,0,0.521,0.854,-0.078,0.851,-0.519],"_shiftlockState":false,"_pose":"Standing","_animationQueue":[],"_animationSpeed":1,"_zoom":16.125},{"_mousePosition":[661,365],"_rootPartCFrame":[775.524,222.7,47.102,0.019,0,1,0,1,0,-1,0,0.019],"_humanoidState":8,"_cameraCFrame":[776.181,237.98,38.755,-0.997,-0.067,0.041,0,0.519,0.855,-0.078,0.852,-0.518],"_shiftlockState":false,"_pose":"Running","_animationQueue":[["walk",0.1]],"_animationSpeed":1.066,"_zoom":16.125},{"_mousePosition":[661,365],"_rootPartCFrame":[775.258,222.7,47.081,0.027,0,1,0,1,0,-1,0,0.027],"_humanoidState":8,"_cameraCFrame":[775.913,237.996,38.76,-0.997,-0.067,0.041,0,0.518,0.856,-0.078,0.853,-0.516],"_shiftlockState":false,"_pose":"Running","_animationQueue":[],"_animationSpeed":1.066,"_zoom":16.125},{"_mousePosition":[661,365],"_rootPartCFrame":[774.992,222.7,47.06,0.034,0,0.999,0,1,0,-0.999,0,0.034],"_humanoidState":8,"_cameraCFrame":[775.663,238.029,38.795,-0.997,-0.069,0.042,0,0.514,0.858,-0.081,0.855,-0.513],"_shiftlockState":false,"_pose":"Running","_animationQueue":[],"_animationSpeed":1.066,"_zoom":16.125},{"_mousePosition":[661,365],"_rootPartCFrame":[774.727,222.7,47.039,0.04,0,0.999,0,1,0,-0.999,0,0.04],"_humanoidState":8,"_cameraCFrame":[775.393,238.061,38.828,-0.997,-0.07,0.041,0,0.511,0.86,-0.081,0.857,-0.509],"_shiftlockState":false,"_pose":"Running","_animationQueue":[],"_animationSpeed":1.066,"_zoom":16.125},{"_mousePosition":[661,365],"_rootPartCFrame":[774.461,222.7,47.018,0.045,0,0.999,0,1,0,-0.999,0,0.045],"_humanoidState":8,"_cameraCFrame":[775.119,238.125,38.914,-0.997,-0.07,0.041,0,0.504,0.864,-0.081,0.861,-0.503],"_shiftlockState":false,"_pose":"Running","_animationQueue":[],"_animationSpeed":1.066,"_zoom":16.125},{"_mousePosition":[661,365],"_rootPartCFrame":[774.195,222.7,46.996,0.05,0,0.999,0,1,0,-0.999,0,0.05],"_humanoidState":8,"_cameraCFrame":[774.842,238.203,39.028,-0.997,-0.07,0.04,0,0.496,0.868,-0.081,0.866,-0.494],"_shiftlockState":false,"_pose":"Running","_animationQueue":[],"_animationSpeed":1.066,"_zoom":16.125},{"_mousePosition":[661,365],"_rootPartCFrame":[773.929,222.7,46.975,0.054,0,0.999,0,1,0,-0.999,0,0.054],"_humanoidState":8,"_cameraCFrame":[774.545,238.281,39.141,-0.997,-0.068,0.038,0,0.487,0.873,-0.078,0.871,-0.486],"_shiftlockState":false,"_pose":"Running","_animationQueue":[["walk",0.1]],"_animationSpeed":1.066,"_zoom":16.125},{"_mousePosition":[661,365],"_rootPartCFrame":[773.664,222.7,46.953,0.058,0,0.998,0,1,0,-0.998,0,0.058],"_humanoidState":8,"_cameraCFrame":[774.249,238.357,39.256,-0.997,-0.067,0.036,0,0.479,0.878,-0.076,0.875,-0.477],"_shiftlockState":false,"_pose":"Running","_animationQueue":[],"_animationSpeed":1.066,"_zoom":16.125},{"_mousePosition":[661,365],"_rootPartCFrame":[773.398,222.7,46.932,0.061,0,0.998,0,1,0,-0.998,0,0.061],"_humanoidState":8,"_cameraCFrame":[773.935,238.431,39.37,-0.997,-0.062,0.033,0,0.47,0.883,-0.071,0.88,-0.469],"_shiftlockState":false,"_pose":"Running","_animationQueue":[],"_animationSpeed":1.066,"_zoom":16.125},{"_mousePosition":[661,365],"_rootPartCFrame":[773.132,222.7,46.912,0.063,0,0.998,0,1,0,-0.998,0,0.063],"_humanoidState":8,"_cameraCFrame":[773.64,238.504,39.487,-0.998,-0.061,0.032,0,0.462,0.887,-0.068,0.885,-0.46],"_shiftlockState":false,"_pose":"Running","_animationQueue":[],"_animationSpeed":1.066,"_zoom":16.125},{"_mousePosition":[661,365],"_rootPartCFrame":[772.866,222.7,46.893,0.064,0,0.998,0,1,0,-0.998,0,0.064],"_humanoidState":8,"_cameraCFrame":[773.367,238.562,39.579,-0.998,-0.061,0.031,0,0.455,0.891,-0.068,0.889,-0.454],"_shiftlockState":false,"_pose":"Running","_animationQueue":[],"_animationSpeed":1.066,"_zoom":16.125},{"_mousePosition":[661,365],"_rootPartCFrame":[772.6,222.7,46.875,0.065,0,0.998,0,1,0,-0.998,0,0.065],"_humanoidState":8,"_cameraCFrame":[773.076,238.604,39.644,-0.998,-0.059,0.03,0,0.449,0.893,-0.066,0.891,-0.448],"_shiftlockState":false,"_pose":"Running","_animationQueue":[],"_animationSpeed":1.066,"_zoom":16.125},{"_mousePosition":[661,365],"_rootPartCFrame":[772.334,222.7,46.856,0.065,0,0.998,0,1,0,-0.998,0,0.065],"_humanoidState":8,"_cameraCFrame":[772.807,238.633,39.681,-0.998,-0.059,0.029,0,0.446,0.895,-0.066,0.893,-0.445],"_shiftlockState":false,"_pose":"Running","_animationQueue":[["walk",0.1]],"_animationSpeed":1.066,"_zoom":16.125},{"_mousePosition":[661,365],"_rootPartCFrame":[772.068,222.7,46.839,0.065,0,0.998,0,1,0,-0.998,0,0.065],"_humanoidState":8,"_cameraCFrame":[772.65,238.633,39.672,-0.997,-0.072,0.036,0,0.446,0.895,-0.081,0.892,-0.444],"_shiftlockState":false,"_pose":"Running","_animationQueue":[],"_animationSpeed":1.066,"_zoom":16.125},{"_mousePosition":[661,365],"_rootPartCFrame":[771.802,222.7,46.821,0.065,0,0.998,0,1,0,-0.998,0,0.065],"_humanoidState":8,"_cameraCFrame":[772.492,238.633,39.664,-0.995,-0.086,0.043,0,0.446,0.895,-0.096,0.891,-0.444],"_shiftlockState":false,"_pose":"Running","_animationQueue":[],"_animationSpeed":1.066,"_zoom":16.125},{"_mousePosition":[661,365],"_rootPartCFrame":[771.536,222.7,46.8,0.067,0,0.998,0,1,0,-0.998,0,0.067],"_humanoidState":8,"_cameraCFrame":[772.226,238.633,39.643,-0.995,-0.086,0.043,0,0.446,0.895,-0.096,0.891,-0.444],"_shiftlockState":false,"_pose":"Running","_animationQueue":[],"_animationSpeed":1.066,"_zoom":16.125},{"_mousePosition":[661,365],"_rootPartCFrame":[771.27,222.7,46.775,0.071,0,0.997,0,1,0,-0.997,0,0.071],"_humanoidState":8,"_cameraCFrame":[771.961,238.633,39.617,-0.995,-0.086,0.043,0,0.446,0.895,-0.096,0.891,-0.444],"_shiftlockState":false,"_pose":"Running","_animationQueue":[],"_animationSpeed":1.066,"_zoom":16.125},{"_mousePosition":[661,365],"_rootPartCFrame":[771.005,222.7,46.749,0.074,0,0.997,0,1,0,-0.997,0,0.074],"_humanoidState":8,"_cameraCFrame":[771.696,238.633,39.592,-0.995,-0.086,0.043,0,0.446,0.895,-0.096,0.891,-0.444],"_shiftlockState":false,"_pose":"Running","_animationQueue":[],"_animationSpeed":1.066,"_zoom":16.125},{"_mousePosition":[661,365],"_rootPartCFrame":[770.74,222.7,46.724,0.077,0,0.997,0,1,0,-0.997,0,0.077],"_humanoidState":8,"_cameraCFrame":[771.43,238.633,39.566,-0.995,-0.086,0.043,0,0.446,0.895,-0.096,0.891,-0.444],"_shiftlockState":false,"_pose":"Running","_animationQueue":[],"_animationSpeed":1.066,"_zoom":16.125},{"_mousePosition":[661,365],"_rootPartCFrame":[770.474,222.7,46.698,0.08,0,0.997,0,1,0,-0.997,0,0.08],"_humanoidState":8,"_cameraCFrame":[771.165,238.633,39.541,-0.995,-0.086,0.043,0,0.446,0.895,-0.096,0.891,-0.444],"_shiftlockState":false,"_pose":"Running","_animationQueue":[["walk",0.1]],"_animationSpeed":1.066,"_zoom":16.125},{"_mousePosition":[661,365],"_rootPartCFrame":[770.275,222.679,46.679,0.082,0,0.997,0,1,0,-0.997,0,0.082],"_humanoidState":8,"_cameraCFrame":[769.224,238.612,39.353,-0.995,-0.086,0.043,0,0.446,0.895,-0.096,0.891,-0.444],"_shiftlockState":true,"_pose":"Running","_animationQueue":[],"_animationSpeed":1.066,"_zoom":16.125},{"_mousePosition":[683,384],"_rootPartCFrame":[769.944,222.678,46.647,-1,0,0.001,0,1,0,-0.001,0,-1],"_humanoidState":8,"_cameraCFrame":[768.892,238.611,39.321,-0.995,-0.086,0.043,0,0.446,0.895,-0.096,0.891,-0.444],"_shiftlockState":true,"_pose":"Running","_animationQueue":[],"_animationSpeed":1.066,"_zoom":16.125},{"_mousePosition":[683,384],"_rootPartCFrame":[769.678,222.653,46.621,-1,0,-0.005,0,1,0,0.005,0,-1],"_humanoidState":8,"_cameraCFrame":[768.627,238.586,39.296,-0.995,-0.086,0.043,0,0.446,0.895,-0.096,0.891,-0.444],"_shiftlockState":true,"_pose":"Running","_animationQueue":[],"_animationSpeed":1.066,"_zoom":16.125},{"_mousePosition":[683,384],"_rootPartCFrame":[769.479,223.312,46.602,-1,0,0.019,0,1,0,-0.019,0,-1],"_humanoidState":3,"_cameraCFrame":[768.428,239.245,39.277,-0.995,-0.086,0.043,0,0.446,0.895,-0.096,0.891,-0.444],"_shiftlockState":true,"_pose":"Jumping","_animationQueue":[["walk",0.1],["jump",0.1]],"_animationSpeed":1,"_zoom":16.125},{"_mousePosition":[683,384],"_rootPartCFrame":[769.214,224.148,46.576,-0.988,0,0.156,0,1,0,-0.156,0,-0.988],"_humanoidState":5,"_cameraCFrame":[768.162,240.081,39.251,-0.995,-0.086,0.043,0,0.446,0.895,-0.096,0.891,-0.444],"_shiftlockState":true,"_pose":"FreeFall","_animationQueue":[["jump",0.1]],"_animationSpeed":1,"_zoom":16.125},{"_mousePosition":[683,384],"_rootPartCFrame":[768.948,224.929,46.551,-0.976,0,0.219,0,1,0,-0.219,0,-0.976],"_humanoidState":5,"_cameraCFrame":[767.897,240.862,39.225,-0.995,-0.086,0.043,0,0.446,0.895,-0.096,0.891,-0.444],"_shiftlockState":true,"_pose":"FreeFall","_animationQueue":[],"_animationSpeed":1,"_zoom":16.125},{"_mousePosition":[683,384],"_rootPartCFrame":[768.683,225.655,46.525,-0.974,0,0.226,0,1,0,-0.226,0,-0.974],"_humanoidState":5,"_cameraCFrame":[767.687,241.588,39.192,-0.995,-0.093,0.046,0,0.446,0.895,-0.104,0.89,-0.444],"_shiftlockState":true,"_pose":"FreeFall","_animationQueue":[],"_animationSpeed":1,"_zoom":16.125},{"_mousePosition":[683,384],"_rootPartCFrame":[768.418,226.328,46.5,-0.972,0,0.235,0,1,0,-0.235,0,-0.972],"_humanoidState":5,"_cameraCFrame":[767.453,242.288,39.217,-0.994,-0.097,0.048,0,0.442,0.897,-0.109,0.891,-0.44],"_shiftlockState":true,"_pose":"FreeFall","_animationQueue":[],"_animationSpeed":1,"_zoom":16.125},{"_mousePosition":[683,384],"_rootPartCFrame":[768.152,226.945,46.472,-0.971,0,0.24,0,1,0,-0.24,0,-0.971],"_humanoidState":5,"_cameraCFrame":[767.142,242.948,39.279,-0.995,-0.093,0.045,0,0.437,0.899,-0.104,0.895,-0.435],"_shiftlockState":true,"_pose":"FreeFall","_animationQueue":[],"_animationSpeed":1,"_zoom":16.125},{"_mousePosition":[683,384],"_rootPartCFrame":[767.887,227.508,46.443,-0.972,0,0.235,0,1,0,-0.235,0,-0.972],"_humanoidState":5,"_cameraCFrame":[766.778,243.552,39.348,-0.996,-0.082,0.039,0,0.432,0.902,-0.091,0.898,-0.43],"_shiftlockState":true,"_pose":"FreeFall","_animationQueue":[],"_animationSpeed":1,"_zoom":16.125},{"_mousePosition":[683,384],"_rootPartCFrame":[767.622,228.017,46.416,-0.975,0,0.223,0,1,0,-0.223,0,-0.975],"_humanoidState":5,"_cameraCFrame":[766.383,244.087,39.398,-0.997,-0.066,0.031,0,0.428,0.904,-0.073,0.901,-0.427],"_shiftlockState":true,"_pose":"FreeFall","_animationQueue":[],"_animationSpeed":1,"_zoom":16.125},{"_mousePosition":[683,384],"_rootPartCFrame":[767.357,228.471,46.391,-0.979,0,0.205,0,1,0,-0.205,0,-0.979],"_humanoidState":5,"_cameraCFrame":[765.969,244.608,39.542,-0.999,-0.048,0.022,0,0.42,0.908,-0.053,0.906,-0.419],"_shiftlockState":true,"_pose":"FreeFall","_animationQueue":[],"_animationSpeed":1,"_zoom":16.125},{"_mousePosition":[683,384],"_rootPartCFrame":[767.091,228.871,46.371,-0.983,0,0.185,0,1,0,-0.185,0,-0.983],"_humanoidState":5,"_cameraCFrame":[765.575,245.086,39.719,-0.999,-0.032,0.014,0,0.409,0.913,-0.035,0.912,-0.409],"_shiftlockState":true,"_pose":"FreeFall","_animationQueue":[],"_animationSpeed":1,"_zoom":16.125},{"_mousePosition":[683,384],"_rootPartCFrame":[766.824,229.216,46.356,-0.986,0,0.168,0,1,0,-0.168,0,-0.986],"_humanoidState":5,"_cameraCFrame":[765.272,245.482,39.826,-1,-0.028,0.012,0,0.402,0.916,-0.03,0.915,-0.402],"_shiftlockState":true,"_pose":"FreeFall","_animationQueue":[],"_animationSpeed":1,"_zoom":16.125},{"_mousePosition":[683,384],"_rootPartCFrame":[766.491,229.571,46.343,-0.981,0,0.196,0,1,0,-0.196,0,-0.981],"_humanoidState":5,"_cameraCFrame":[764.919,245.887,39.933,-1,-0.026,0.011,0,0.395,0.919,-0.028,0.918,-0.395],"_shiftlockState":true,"_pose":"FreeFall","_animationQueue":[],"_animationSpeed":1,"_zoom":16.125},{"_mousePosition":[683,384],"_rootPartCFrame":[766.225,229.793,46.335,-0.987,0,0.16,0,1,0,-0.16,0,-0.987],"_humanoidState":5,"_cameraCFrame":[764.635,246.134,39.986,-1,-0.023,0.01,0,0.391,0.92,-0.025,0.92,-0.391],"_shiftlockState":true,"_pose":"FreeFall","_animationQueue":[],"_animationSpeed":1,"_zoom":16.125},{"_mousePosition":[683,384],"_rootPartCFrame":[766.025,229.924,46.329,-0.992,0,0.125,0,1,0,-0.125,0,-0.992],"_humanoidState":5,"_cameraCFrame":[764.417,246.29,40.043,-1,-0.021,0.009,0,0.387,0.922,-0.023,0.922,-0.387],"_shiftlockState":true,"_pose":"FreeFall","_animationQueue":[],"_animationSpeed":1,"_zoom":16.125},{"_mousePosition":[683,384],"_rootPartCFrame":[765.758,230.051,46.322,-0.988,0,0.155,0,1,0,-0.155,0,-0.988],"_humanoidState":5,"_cameraCFrame":[764.134,246.441,40.098,-1,-0.019,0.008,0,0.384,0.923,-0.02,0.923,-0.384],"_shiftlockState":true,"_pose":"FreeFall","_animationQueue":[],"_animationSpeed":1,"_zoom":16.125},{"_mousePosition":[683,384],"_rootPartCFrame":[765.425,230.134,46.315,-0.983,0,0.186,0,1,0,-0.186,0,-0.983],"_humanoidState":5,"_cameraCFrame":[763.784,246.535,40.123,-1,-0.016,0.007,0,0.382,0.924,-0.018,0.924,-0.382],"_shiftlockState":true,"_pose":"FreeFall","_animationQueue":[["fall",0.3]],"_animationSpeed":1,"_zoom":16.125},{"_mousePosition":[683,384],"_rootPartCFrame":[765.225,230.142,46.31,-0.993,0,0.117,0,1,0,-0.117,0,-0.993],"_humanoidState":5,"_cameraCFrame":[763.536,246.58,40.219,-1,-0.009,0.004,0,0.377,0.926,-0.01,0.926,-0.377],"_shiftlockState":true,"_pose":"FreeFall","_animationQueue":[],"_animationSpeed":1,"_zoom":16.125},{"_mousePosition":[683,384],"_rootPartCFrame":[764.892,230.088,46.304,-0.984,0,0.176,0,1,0,-0.176,0,-0.984],"_humanoidState":5,"_cameraCFrame":[763.142,246.572,40.347,-1,0,0,0,0.369,0.929,0,0.929,-0.369],"_shiftlockState":true,"_pose":"FreeFall","_animationQueue":[],"_animationSpeed":1,"_zoom":16.125},{"_mousePosition":[683,384],"_rootPartCFrame":[764.692,230.015,46.302,-0.995,0,0.1,0,1,0,-0.1,0,-0.995],"_humanoidState":5,"_cameraCFrame":[762.912,246.545,40.471,-1,0.005,-0.002,0,0.362,0.932,0.005,0.932,-0.362],"_shiftlockState":true,"_pose":"FreeFall","_animationQueue":[],"_animationSpeed":1,"_zoom":16.125},{"_mousePosition":[683,384],"_rootPartCFrame":[764.425,229.87,46.302,-0.992,0,0.128,0,1,0,-0.128,0,-0.992],"_humanoidState":5,"_cameraCFrame":[762.617,246.445,40.597,-1,0.009,-0.004,0,0.355,0.935,0.01,0.935,-0.355],"_shiftlockState":true,"_pose":"FreeFall","_animationQueue":[],"_animationSpeed":1,"_zoom":16.125},{"_mousePosition":[683,384],"_rootPartCFrame":[764.092,229.611,46.303,-0.988,0,0.156,0,1,0,-0.156,0,-0.988],"_humanoidState":5,"_cameraCFrame":[762.285,246.209,40.657,-1,0.009,-0.004,0,0.351,0.936,0.01,0.936,-0.351],"_shiftlockState":true,"_pose":"FreeFall","_animationQueue":[],"_animationSpeed":1,"_zoom":16.125},{"_mousePosition":[683,384],"_rootPartCFrame":[763.892,229.415,46.305,-0.996,0,0.09,0,1,0,-0.09,0,-0.996],"_humanoidState":5,"_cameraCFrame":[762.085,246.024,40.688,-1,0.009,-0.004,0,0.349,0.937,0.01,0.937,-0.349],"_shiftlockState":true,"_pose":"FreeFall","_animationQueue":[],"_animationSpeed":1,"_zoom":16.125},{"_mousePosition":[683,384],"_rootPartCFrame":[763.625,229.107,46.308,-0.992,0,0.123,0,1,0,-0.123,0,-0.992],"_humanoidState":5,"_cameraCFrame":[761.818,245.715,40.691,-1,0.009,-0.004,0,0.349,0.937,0.01,0.937,-0.349],"_shiftlockState":true,"_pose":"FreeFall","_animationQueue":[["fall",0.3]],"_animationSpeed":1,"_zoom":16.125},{"_mousePosition":[683,384],"_rootPartCFrame":[763.359,228.743,46.31,-0.992,0,0.123,0,1,0,-0.123,0,-0.992],"_humanoidState":5,"_cameraCFrame":[761.552,245.352,40.693,-1,0.009,-0.004,0,0.349,0.937,0.01,0.937,-0.349],"_shiftlockState":true,"_pose":"FreeFall","_animationQueue":[],"_animationSpeed":1,"_zoom":16.125},{"_mousePosition":[683,384],"_rootPartCFrame":[763.092,228.325,46.313,-0.992,0,0.123,0,1,0,-0.123,0,-0.992],"_humanoidState":5,"_cameraCFrame":[761.285,244.934,40.696,-1,0.009,-0.004,0,0.349,0.937,0.01,0.937,-0.349],"_shiftlockState":true,"_pose":"FreeFall","_animationQueue":[],"_animationSpeed":1,"_zoom":16.125},{"_mousePosition":[683,384],"_rootPartCFrame":[762.825,227.853,46.316,-0.992,0,0.123,0,1,0,-0.123,0,-0.992],"_humanoidState":5,"_cameraCFrame":[761.033,244.494,40.783,-1,0.007,-0.003,0,0.344,0.939,0.008,0.939,-0.344],"_shiftlockState":true,"_pose":"FreeFall","_animationQueue":[],"_animationSpeed":1,"_zoom":16.125},{"_mousePosition":[683,384],"_rootPartCFrame":[762.559,227.326,46.318,-0.992,0,0.125,0,1,0,-0.125,0,-0.992],"_humanoidState":5,"_cameraCFrame":[760.795,243.978,40.806,-1,0.002,-0.001,0,0.342,0.94,0.003,0.94,-0.342],"_shiftlockState":true,"_pose":"FreeFall","_animationQueue":[],"_animationSpeed":1,"_zoom":16.125},{"_mousePosition":[683,384],"_rootPartCFrame":[762.292,226.745,46.321,-0.991,0,0.13,0,1,0,-0.13,0,-0.991],"_humanoidState":5,"_cameraCFrame":[760.542,243.407,40.833,-1,0,0,0,0.34,0.94,0,0.94,-0.34],"_shiftlockState":true,"_pose":"FreeFall","_animationQueue":[],"_animationSpeed":1,"_zoom":16.125},{"_mousePosition":[683,384],"_rootPartCFrame":[762.026,226.109,46.321,-0.991,0,0.133,0,1,0,-0.133,0,-0.991],"_humanoidState":5,"_cameraCFrame":[760.29,242.782,40.859,-1,-0.002,0.001,0,0.338,0.941,-0.003,0.941,-0.338],"_shiftlockState":true,"_pose":"FreeFall","_animationQueue":[],"_animationSpeed":1,"_zoom":16.125},{"_mousePosition":[683,384],"_rootPartCFrame":[761.759,225.419,46.322,-0.991,0,0.135,0,1,0,-0.135,0,-0.991],"_humanoidState":5,"_cameraCFrame":[760.037,242.092,40.855,-1,-0.005,0.002,0,0.338,0.941,-0.005,0.941,-0.338],"_shiftlockState":true,"_pose":"FreeFall","_animationQueue":[["fall",0.3]],"_animationSpeed":1,"_zoom":16.125},{"_mousePosition":[683,384],"_rootPartCFrame":[761.492,224.674,46.321,-0.99,0,0.138,0,1,0,-0.138,0,-0.99],"_humanoidState":5,"_cameraCFrame":[759.77,241.358,40.884,-1,-0.005,0.002,0,0.337,0.942,-0.005,0.942,-0.337],"_shiftlockState":true,"_pose":"FreeFall","_animationQueue":[],"_animationSpeed":1,"_zoom":16.125},{"_mousePosition":[683,384],"_rootPartCFrame":[761.159,223.666,46.319,-0.985,0,0.171,0,1,0,-0.171,0,-0.985],"_humanoidState":5,"_cameraCFrame":[759.437,240.36,40.912,-1,-0.005,0.002,0,0.335,0.942,-0.005,0.942,-0.335],"_shiftlockState":true,"_pose":"FreeFall","_animationQueue":[],"_animationSpeed":1,"_zoom":16.125},{"_mousePosition":[683,384],"_rootPartCFrame":[760.959,223.021,46.318,-0.999,0,0.037,0,1,0,-0.037,0,-0.999],"_humanoidState":7,"_cameraCFrame":[759.25,239.715,40.907,-1,-0.007,0.003,0,0.335,0.942,-0.008,0.942,-0.335],"_shiftlockState":true,"_pose":"FreeFall","_animationQueue":[["walk",0.1],["fall",0.3],["fall",0.3]],"_animationSpeed":1,"_zoom":16.125},{"_mousePosition":[683,384],"_rootPartCFrame":[760.693,222.414,46.317,-1,0,0.013,0,1,0,-0.013,0,-1],"_humanoidState":7,"_cameraCFrame":[758.997,239.119,40.931,-1,-0.01,0.003,0,0.333,0.943,-0.01,0.943,-0.333],"_shiftlockState":true,"_pose":"FreeFall","_animationQueue":[],"_animationSpeed":1,"_zoom":16.125},{"_mousePosition":[683,384],"_rootPartCFrame":[760.426,222.474,46.315,-1,0,0.011,0,1,0,-0.011,0,-1],"_humanoidState":7,"_cameraCFrame":[758.757,239.2,40.979,-1,-0.014,0.005,0,0.329,0.944,-0.015,0.944,-0.329],"_shiftlockState":true,"_pose":"FreeFall","_animationQueue":[],"_animationSpeed":1,"_zoom":16.125},{"_mousePosition":[683,384],"_rootPartCFrame":[760.093,222.608,46.312,-1,0,0.015,0,1,0,-0.015,0,-1],"_humanoidState":8,"_cameraCFrame":[758.477,239.344,40.989,-1,-0.024,0.008,0,0.327,0.945,-0.025,0.945,-0.327],"_shiftlockState":true,"_pose":"Running","_animationQueue":[["fall",0.3],["walk",0.1],["fall",0.3],["walk",0.1]],"_animationSpeed":1.103,"_zoom":16.125},{"_mousePosition":[683,384],"_rootPartCFrame":[759.826,222.672,46.308,-1,0,0.025,0,1,0,-0.025,0,-1],"_humanoidState":8,"_cameraCFrame":[758.344,239.419,40.976,-0.999,-0.048,0.016,0,0.326,0.946,-0.051,0.944,-0.325],"_shiftlockState":true,"_pose":"Running","_animationQueue":[],"_animationSpeed":1.103,"_zoom":16.125},{"_mousePosition":[683,384],"_rootPartCFrame":[759.56,222.708,46.302,-0.999,0,0.051,0,1,0,-0.051,0,-0.999],"_humanoidState":8,"_cameraCFrame":[758.411,239.475,40.945,-0.994,-0.108,0.037,0,0.322,0.947,-0.114,0.941,-0.32],"_shiftlockState":true,"_pose":"Running","_animationQueue":[],"_animationSpeed":1.103,"_zoom":16.125},{"_mousePosition":[683,384],"_rootPartCFrame":[759.227,222.73,46.286,-0.994,0,0.114,0,1,0,-0.114,0,-0.994],"_humanoidState":8,"_cameraCFrame":[758.381,239.517,40.93,-0.985,-0.162,0.054,0,0.318,0.948,-0.171,0.934,-0.314],"_shiftlockState":true,"_pose":"Running","_animationQueue":[],"_animationSpeed":1.103,"_zoom":16.125},{"_mousePosition":[683,384],"_rootPartCFrame":[759.028,222.737,46.265,-0.985,0,0.171,0,1,0,-0.171,0,-0.985],"_humanoidState":8,"_cameraCFrame":[758.549,239.544,40.921,-0.971,-0.228,0.076,0,0.315,0.949,-0.241,0.921,-0.305],"_shiftlockState":true,"_pose":"Running","_animationQueue":[],"_animationSpeed":1.103,"_zoom":16.125},{"_mousePosition":[683,384],"_rootPartCFrame":[758.765,222.743,46.222,-0.971,0,0.241,0,1,0,-0.241,0,-0.971],"_humanoidState":8,"_cameraCFrame":[758.661,239.569,40.914,-0.95,-0.296,0.097,0,0.311,0.95,-0.311,0.903,-0.295],"_shiftlockState":true,"_pose":"Running","_animationQueue":[],"_animationSpeed":1.103,"_zoom":16.125},{"_mousePosition":[683,384],"_rootPartCFrame":[758.505,222.746,46.161,-0.95,0,0.311,0,1,0,-0.311,0,-0.95],"_humanoidState":8,"_cameraCFrame":[758.768,239.592,40.915,-0.925,-0.362,0.117,0,0.307,0.952,-0.38,0.88,-0.284],"_shiftlockState":true,"_pose":"Running","_animationQueue":[],"_animationSpeed":1.103,"_zoom":16.125},{"_mousePosition":[683,384],"_rootPartCFrame":[758.251,222.748,46.081,-0.925,0,0.38,0,1,0,-0.38,0,-0.925],"_humanoidState":8,"_cameraCFrame":[758.793,239.622,40.941,-0.9,-0.415,0.131,0,0.302,0.953,-0.435,0.858,-0.271],"_shiftlockState":true,"_pose":"Running","_animationQueue":[["walk",0.1]],"_animationSpeed":1.103,"_zoom":16.125},{"_mousePosition":[683,384],"_rootPartCFrame":[758.003,222.748,45.982,-0.9,0,0.435,0,1,0,-0.435,0,-0.9],"_humanoidState":8,"_cameraCFrame":[758.737,239.642,40.923,-0.881,-0.452,0.141,0,0.298,0.955,-0.474,0.841,-0.262],"_shiftlockState":true,"_pose":"Running","_animationQueue":[],"_animationSpeed":1.103,"_zoom":16.125},{"_mousePosition":[683,384],"_rootPartCFrame":[757.762,222.749,45.868,-0.881,0,0.474,0,1,0,-0.474,0,-0.881],"_humanoidState":8,"_cameraCFrame":[758.56,239.642,40.819,-0.875,-0.463,0.144,0,0.298,0.955,-0.485,0.835,-0.26],"_shiftlockState":true,"_pose":"Running","_animationQueue":[],"_animationSpeed":1.103,"_zoom":16.125},{"_mousePosition":[683,384],"_rootPartCFrame":[757.527,222.749,45.743,-0.875,0,0.485,0,1,0,-0.485,0,-0.875],"_humanoidState":8,"_cameraCFrame":[758.335,239.652,40.725,-0.872,-0.467,0.145,0,0.296,0.955,-0.489,0.833,-0.258],"_shiftlockState":true,"_pose":"Running","_animationQueue":[],"_animationSpeed":1.103,"_zoom":16.125},{"_mousePosition":[683,384],"_rootPartCFrame":[757.293,222.749,45.614,-0.872,0,0.489,0,1,0,-0.489,0,-0.872],"_humanoidState":8,"_cameraCFrame":[757.984,239.67,40.635,-0.881,-0.453,0.138,0,0.292,0.956,-0.474,0.842,-0.257],"_shiftlockState":true,"_pose":"Running","_animationQueue":[],"_animationSpeed":1.103,"_zoom":16.125},{"_mousePosition":[683,384],"_rootPartCFrame":[757.002,222.749,45.452,-0.881,0,0.474,0,1,0,-0.474,0,-0.881],"_humanoidState":8,"_cameraCFrame":[757.465,239.689,40.503,-0.899,-0.419,0.126,0,0.289,0.957,-0.438,0.861,-0.259],"_shiftlockState":true,"_pose":"Running","_animationQueue":[],"_animationSpeed":1.103,"_zoom":16.125},{"_mousePosition":[683,384],"_rootPartCFrame":[756.77,223.623,45.321,-0.899,0,0.438,0,1,0,-0.438,0,-0.899],"_humanoidState":3,"_cameraCFrame":[756.933,240.58,40.41,-0.922,-0.371,0.11,0,0.285,0.959,-0.387,0.884,-0.263],"_shiftlockState":true,"_pose":"Jumping","_animationQueue":[["walk",0.1],["walk",0.1],["jump",0.1]],"_animationSpeed":1,"_zoom":16.125},{"_mousePosition":[683,384],"_rootPartCFrame":[756.591,224.244,45.232,-0.896,0,0.444,0,1,0,-0.444,0,-0.896],"_humanoidState":5,"_cameraCFrame":[756.231,241.228,40.415,-0.956,-0.28,0.081,0,0.279,0.96,-0.292,0.918,-0.267],"_shiftlockState":true,"_pose":"FreeFall","_animationQueue":[["jump",0.1]],"_animationSpeed":1,"_zoom":16.125},{"_mousePosition":[683,384],"_rootPartCFrame":[756.346,225.025,45.126,-0.913,0,0.409,0,1,0,-0.409,0,-0.913],"_humanoidState":5,"_cameraCFrame":[755.608,242.027,40.41,-0.976,-0.21,0.06,0,0.275,0.961,-0.218,0.938,-0.269],"_shiftlockState":true,"_pose":"FreeFall","_animationQueue":[],"_animationSpeed":1,"_zoom":16.125},{"_mousePosition":[683,384],"_rootPartCFrame":[756.093,225.752,45.042,-0.939,0,0.345,0,1,0,-0.345,0,-0.939],"_humanoidState":5,"_cameraCFrame":[754.98,242.77,40.458,-0.99,-0.136,0.038,0,0.272,0.962,-0.141,0.953,-0.269],"_shiftlockState":true,"_pose":"FreeFall","_animationQueue":[],"_animationSpeed":1,"_zoom":16.125},{"_mousePosition":[683,384],"_rootPartCFrame":[755.834,226.424,44.979,-0.962,0,0.271,0,1,0,-0.271,0,-0.962],"_humanoidState":5,"_cameraCFrame":[754.395,243.46,40.546,-0.997,-0.068,0.019,0,0.268,0.963,-0.071,0.961,-0.267],"_shiftlockState":true,"_pose":"FreeFall","_animationQueue":[],"_animationSpeed":1,"_zoom":16.125},{"_mousePosition":[683,384],"_rootPartCFrame":[755.505,227.188,44.928,-0.972,0,0.235,0,1,0,-0.235,0,-0.972],"_humanoidState":5,"_cameraCFrame":[753.809,244.24,40.646,-1,-0.012,0.003,0,0.264,0.964,-0.013,0.964,-0.264],"_shiftlockState":true,"_pose":"FreeFall","_animationQueue":[],"_animationSpeed":1,"_zoom":16.125},{"_mousePosition":[683,384],"_rootPartCFrame":[755.306,227.605,44.91,-0.994,0,0.112,0,1,0,-0.112,0,-0.994],"_humanoidState":5,"_cameraCFrame":[753.388,244.674,40.785,-0.999,0.039,-0.011,0,0.26,0.965,0.04,0.965,-0.26],"_shiftlockState":true,"_pose":"FreeFall","_animationQueue":[],"_animationSpeed":1,"_zoom":16.125},{"_mousePosition":[683,384],"_rootPartCFrame":[755.039,228.114,44.904,-0.996,0,0.093,0,1,0,-0.093,0,-0.996],"_humanoidState":5,"_cameraCFrame":[752.91,245.198,40.947,-0.996,0.09,-0.024,0,0.257,0.967,0.093,0.962,-0.256],"_shiftlockState":true,"_pose":"FreeFall","_animationQueue":[],"_animationSpeed":1,"_zoom":16.125},{"_mousePosition":[683,384],"_rootPartCFrame":[754.773,228.568,44.913,-0.999,0,0.04,0,1,0,-0.04,0,-0.999],"_humanoidState":5,"_cameraCFrame":[752.417,245.653,41.086,-0.988,0.146,-0.039,0,0.257,0.967,0.151,0.955,-0.254],"_shiftlockState":true,"_pose":"FreeFall","_animationQueue":[],"_animationSpeed":1,"_zoom":16.125},{"_mousePosition":[683,384],"_rootPartCFrame":[754.507,228.967,44.935,-1,0,-0.019,0,1,0,0.019,0,-1],"_humanoidState":5,"_cameraCFrame":[751.914,246.052,41.266,-0.977,0.206,-0.055,0,0.257,0.967,0.213,0.944,-0.251],"_shiftlockState":true,"_pose":"FreeFall","_animationQueue":[],"_animationSpeed":1,"_zoom":16.125},{"_mousePosition":[683,384],"_rootPartCFrame":[754.243,229.313,44.973,-0.997,0,-0.082,0,1,0,0.082,0,-0.997],"_humanoidState":5,"_cameraCFrame":[751.388,246.397,41.504,-0.959,0.275,-0.073,0,0.257,0.967,0.285,0.927,-0.246],"_shiftlockState":true,"_pose":"FreeFall","_animationQueue":[],"_animationSpeed":1,"_zoom":16.125},{"_mousePosition":[683,384],"_rootPartCFrame":[753.917,229.667,45.042,-0.993,0,-0.122,0,1,0,0.122,0,-0.993],"_humanoidState":5,"_cameraCFrame":[750.799,246.752,41.807,-0.933,0.347,-0.092,0,0.257,0.967,0.359,0.902,-0.24],"_shiftlockState":true,"_pose":"FreeFall","_animationQueue":[],"_animationSpeed":1,"_zoom":16.125},{"_mousePosition":[683,384],"_rootPartCFrame":[753.725,229.839,45.095,-0.965,0,-0.264,0,1,0,0.264,0,-0.965],"_humanoidState":5,"_cameraCFrame":[750.252,246.924,42.244,-0.885,0.449,-0.119,0,0.257,0.967,0.465,0.856,-0.227],"_shiftlockState":true,"_pose":"FreeFall","_animationQueue":[],"_animationSpeed":1,"_zoom":16.125},{"_mousePosition":[683,384],"_rootPartCFrame":[753.412,230.058,45.21,-0.95,0,-0.311,0,1,0,0.311,0,-0.95],"_humanoidState":5,"_cameraCFrame":[749.733,247.143,42.631,-0.848,0.513,-0.136,0,0.257,0.967,0.531,0.819,-0.218],"_shiftlockState":true,"_pose":"FreeFall","_animationQueue":[],"_animationSpeed":1,"_zoom":16.125},{"_mousePosition":[683,384],"_rootPartCFrame":[753.231,230.148,45.295,-0.896,0,-0.443,0,1,0,0.443,0,-0.896],"_humanoidState":5,"_cameraCFrame":[749.402,247.233,42.943,-0.814,0.562,-0.149,0,0.257,0.967,0.581,0.787,-0.209],"_shiftlockState":true,"_pose":"FreeFall","_animationQueue":[],"_animationSpeed":1,"_zoom":16.125},{"_mousePosition":[683,384],"_rootPartCFrame":[753.002,230.221,45.431,-0.884,0,-0.468,0,1,0,0.468,0,-0.884],"_humanoidState":5,"_cameraCFrame":[749.087,247.306,43.227,-0.791,0.591,-0.157,0,0.257,0.967,0.612,0.765,-0.203],"_shiftlockState":true,"_pose":"FreeFall","_animationQueue":[],"_animationSpeed":1,"_zoom":16.125},{"_mousePosition":[683,384],"_rootPartCFrame":[752.784,230.239,45.584,-0.865,0,-0.501,0,1,0,0.501,0,-0.865],"_humanoidState":5,"_cameraCFrame":[748.865,247.332,43.443,-0.785,0.599,-0.158,0,0.255,0.967,0.619,0.759,-0.2],"_shiftlockState":true,"_pose":"FreeFall","_animationQueue":[],"_animationSpeed":1,"_zoom":16.125},{"_mousePosition":[683,384],"_rootPartCFrame":[752.519,230.437,45.786,-0.806,0,-0.592,0,1,0,0.592,0,-0.806],"_humanoidState":7,"_cameraCFrame":[748.652,247.538,43.61,-0.794,0.588,-0.154,0,0.253,0.967,0.608,0.768,-0.201],"_shiftlockState":true,"_pose":"FreeFall","_animationQueue":[["walk",0.1]],"_animationSpeed":1.103,"_zoom":16.125},{"_mousePosition":[683,384],"_rootPartCFrame":[752.362,230.544,45.91,-0.794,0,-0.607,0,1,0,0.607,0,-0.794],"_humanoidState":7,"_cameraCFrame":[748.604,247.645,43.551,-0.823,0.55,-0.144,0,0.253,0.967,0.569,0.796,-0.208],"_shiftlockState":true,"_pose":"FreeFall","_animationQueue":[],"_animationSpeed":1.103,"_zoom":16.125},{"_mousePosition":[683,384],"_rootPartCFrame":[752.097,230.651,46.113,-0.823,0,-0.569,0,1,0,0.569,0,-0.823],"_humanoidState":8,"_cameraCFrame":[748.502,247.752,43.512,-0.858,0.497,-0.13,0,0.253,0.967,0.513,0.83,-0.217],"_shiftlockState":true,"_pose":"Running","_animationQueue":[["walk",0.1],["walk",0.1]],"_animationSpeed":1.103,"_zoom":16.125},{"_mousePosition":[683,384],"_rootPartCFrame":[751.824,230.704,46.304,-0.858,0,-0.513,0,1,0,0.513,0,-0.858],"_humanoidState":8,"_cameraCFrame":[748.451,247.805,43.42,-0.897,0.428,-0.112,0,0.253,0.967,0.442,0.868,-0.227],"_shiftlockState":true,"_pose":"Running","_animationQueue":[["walk",0.1]],"_animationSpeed":1.103,"_zoom":16.125},{"_mousePosition":[683,384],"_rootPartCFrame":[751.654,230.721,46.409,-0.897,0,-0.442,0,1,0,0.442,0,-0.897],"_humanoidState":8,"_cameraCFrame":[748.566,247.822,43.222,-0.934,0.345,-0.09,0,0.253,0.967,0.356,0.904,-0.236],"_shiftlockState":true,"_pose":"Running","_animationQueue":[],"_animationSpeed":1.103,"_zoom":16.125},{"_mousePosition":[683,384],"_rootPartCFrame":[751.416,230.734,46.529,-0.934,0,-0.356,0,1,0,0.356,0,-0.934],"_humanoidState":8,"_cameraCFrame":[748.674,247.843,43.077,-0.966,0.252,-0.065,0,0.251,0.968,0.26,0.935,-0.242],"_shiftlockState":true,"_pose":"Running","_animationQueue":[],"_animationSpeed":1.103,"_zoom":16.125},{"_mousePosition":[683,384],"_rootPartCFrame":[751.106,230.742,46.652,-0.967,0,-0.254,0,1,0,0.254,0,-0.967],"_humanoidState":8,"_cameraCFrame":[748.713,247.859,42.982,-0.986,0.161,-0.041,0,0.249,0.968,0.166,0.955,-0.246],"_shiftlockState":true,"_pose":"Running","_animationQueue":[],"_animationSpeed":1.103,"_zoom":16.125},{"_mousePosition":[683,384],"_rootPartCFrame":[750.914,230.745,46.707,-0.986,0,-0.165,0,1,0,0.165,0,-0.986],"_humanoidState":8,"_cameraCFrame":[748.853,247.885,42.936,-0.997,0.078,-0.02,0,0.243,0.97,0.081,0.967,-0.243],"_shiftlockState":true,"_pose":"Running","_animationQueue":[],"_animationSpeed":1.103,"_zoom":16.125},{"_mousePosition":[683,384],"_rootPartCFrame":[750.652,230.747,46.756,-0.997,0,-0.08,0,1,0,0.08,0,-0.997],"_humanoidState":8,"_cameraCFrame":[749.007,247.932,42.966,-1,-0.027,0.006,0,0.232,0.973,-0.028,0.972,-0.232],"_shiftlockState":true,"_pose":"Running","_animationQueue":[],"_animationSpeed":1.103,"_zoom":16.125},{"_mousePosition":[683,384],"_rootPartCFrame":[750.321,230.748,46.786,-0.999,0,0.035,0,1,0,-0.035,0,-0.999],"_humanoidState":8,"_cameraCFrame":[748.891,247.955,42.999,-0.996,-0.084,0.019,0,0.226,0.974,-0.086,0.97,-0.226],"_shiftlockState":true,"_pose":"Running","_animationQueue":[],"_animationSpeed":1.103,"_zoom":16.125},{"_mousePosition":[683,384],"_rootPartCFrame":[750.054,230.749,46.783,-0.996,0,0.088,0,1,0,-0.088,0,-0.996],"_humanoidState":8,"_cameraCFrame":[748.8,247.969,42.992,-0.991,-0.13,0.03,0,0.223,0.975,-0.134,0.966,-0.221],"_shiftlockState":true,"_pose":"Running","_animationQueue":[["walk",0.1]],"_animationSpeed":1.103,"_zoom":16.125},{"_mousePosition":[683,384],"_rootPartCFrame":[749.855,230.749,46.768,-0.991,0,0.134,0,1,0,-0.134,0,-0.991],"_humanoidState":8,"_cameraCFrame":[748.716,247.983,42.998,-0.986,-0.162,0.036,0,0.219,0.976,-0.166,0.962,-0.216],"_shiftlockState":true,"_pose":"Running","_animationQueue":[],"_animationSpeed":1.103,"_zoom":16.125},{"_mousePosition":[683,384],"_rootPartCFrame":[749.59,230.749,46.734,-0.986,0,0.166,0,1,0,-0.166,0,-0.986],"_humanoidState":8,"_cameraCFrame":[748.528,247.984,42.942,-0.983,-0.182,0.041,0,0.219,0.976,-0.186,0.959,-0.215],"_shiftlockState":true,"_pose":"Running","_animationQueue":[],"_animationSpeed":1.103,"_zoom":16.125},{"_mousePosition":[683,384],"_rootPartCFrame":[749.327,230.749,46.691,-0.983,0,0.186,0,1,0,-0.186,0,-0.983],"_humanoidState":8,"_cameraCFrame":[748.303,247.984,42.889,-0.981,-0.191,0.043,0,0.219,0.976,-0.196,0.957,-0.215],"_shiftlockState":true,"_pose":"Running","_animationQueue":[],"_animationSpeed":1.103,"_zoom":16.125},{"_mousePosition":[683,384],"_rootPartCFrame":[748.999,230.749,46.63,-0.981,0,0.196,0,1,0,-0.196,0,-0.981],"_humanoidState":8,"_cameraCFrame":[747.985,247.984,42.825,-0.98,-0.194,0.043,0,0.219,0.976,-0.199,0.956,-0.214],"_shiftlockState":true,"_pose":"Running","_animationQueue":[],"_animationSpeed":1.103,"_zoom":16.125},{"_mousePosition":[683,384],"_rootPartCFrame":[748.803,230.749,46.591,-0.98,0,0.199,0,1,0,-0.199,0,-0.98],"_humanoidState":8,"_cameraCFrame":[747.789,247.984,42.786,-0.98,-0.194,0.043,0,0.219,0.976,-0.199,0.956,-0.214],"_shiftlockState":true,"_pose":"Running","_animationQueue":[],"_animationSpeed":1.103,"_zoom":16.125},{"_mousePosition":[683,384],"_rootPartCFrame":[748.542,230.749,46.538,-0.98,0,0.199,0,1,0,-0.199,0,-0.98],"_humanoidState":8,"_cameraCFrame":[747.527,247.984,42.733,-0.98,-0.194,0.043,0,0.219,0.976,-0.199,0.956,-0.214],"_shiftlockState":true,"_pose":"Running","_animationQueue":[],"_animationSpeed":1.103,"_zoom":16.125},{"_mousePosition":[683,384],"_rootPartCFrame":[748.28,230.749,46.485,-0.98,0,0.199,0,1,0,-0.199,0,-0.98],"_humanoidState":8,"_cameraCFrame":[747.266,247.984,42.68,-0.98,-0.194,0.043,0,0.219,0.976,-0.199,0.956,-0.214],"_shiftlockState":true,"_pose":"Running","_animationQueue":[["walk",0.1]],"_animationSpeed":1.103,"_zoom":16.125},{"_mousePosition":[683,384],"_rootPartCFrame":[747.954,230.749,46.419,-0.98,0,0.199,0,1,0,-0.199,0,-0.98],"_humanoidState":8,"_cameraCFrame":[746.939,247.984,42.614,-0.98,-0.194,0.043,0,0.219,0.976,-0.199,0.956,-0.214],"_shiftlockState":true,"_pose":"Running","_animationQueue":[],"_animationSpeed":1.103,"_zoom":16.125},{"_mousePosition":[683,384],"_rootPartCFrame":[747.692,230.749,46.366,-0.98,0,0.199,0,1,0,-0.199,0,-0.98],"_humanoidState":8,"_cameraCFrame":[746.678,247.984,42.561,-0.98,-0.194,0.043,0,0.219,0.976,-0.199,0.956,-0.214],"_shiftlockState":true,"_pose":"Running","_animationQueue":[],"_animationSpeed":1.103,"_zoom":16.125},{"_mousePosition":[683,384],"_rootPartCFrame":[747.431,230.749,46.313,-0.98,0,0.199,0,1,0,-0.199,0,-0.98],"_humanoidState":8,"_cameraCFrame":[746.416,247.984,42.508,-0.98,-0.194,0.043,0,0.219,0.976,-0.199,0.956,-0.214],"_shiftlockState":true,"_pose":"Running","_animationQueue":[],"_animationSpeed":1.103,"_zoom":16.125},{"_mousePosition":[683,384],"_rootPartCFrame":[747.169,230.734,46.26,-0.98,0,0.199,0,1,0,-0.199,0,-0.98],"_humanoidState":8,"_cameraCFrame":[746.145,247.968,42.458,-0.981,-0.191,0.043,0,0.219,0.976,-0.196,0.957,-0.215],"_shiftlockState":true,"_pose":"Running","_animationQueue":[],"_animationSpeed":1.103,"_zoom":16.125},{"_mousePosition":[683,384],"_rootPartCFrame":[746.908,230.739,46.207,-0.981,0,0.196,0,1,0,-0.196,0,-0.981],"_humanoidState":8,"_cameraCFrame":[745.84,247.98,42.445,-0.983,-0.182,0.04,0,0.217,0.976,-0.186,0.959,-0.213],"_shiftlockState":true,"_pose":"Running","_animationQueue":[],"_animationSpeed":1.103,"_zoom":16.125},{"_mousePosition":[683,384],"_rootPartCFrame":[746.647,230.743,46.155,-0.983,0,0.186,0,1,0,-0.186,0,-0.983],"_humanoidState":8,"_cameraCFrame":[745.516,247.991,42.44,-0.985,-0.167,0.037,0,0.215,0.977,-0.171,0.962,-0.212],"_shiftlockState":true,"_pose":"Running","_animationQueue":[["walk",0.1]],"_animationSpeed":1.103,"_zoom":16.125},{"_mousePosition":[683,384],"_rootPartCFrame":[746.319,230.747,46.093,-0.985,0,0.171,0,1,0,-0.171,0,-0.985],"_humanoidState":8,"_cameraCFrame":[745.109,248.001,42.431,-0.988,-0.148,0.032,0,0.213,0.977,-0.151,0.966,-0.211],"_shiftlockState":true,"_pose":"Running","_animationQueue":[],"_animationSpeed":1.103,"_zoom":16.125},{"_mousePosition":[683,384],"_rootPartCFrame":[746.122,230.748,46.058,-0.988,0,0.151,0,1,0,-0.151,0,-0.988],"_humanoidState":8,"_cameraCFrame":[744.844,248.009,42.449,-0.991,-0.131,0.028,0,0.211,0.977,-0.134,0.969,-0.209],"_shiftlockState":true,"_pose":"Running","_animationQueue":[],"_animationSpeed":1.103,"_zoom":16.125},{"_mousePosition":[683,384],"_rootPartCFrame":[745.859,230.748,46.017,-0.991,0,0.134,0,1,0,-0.134,0,-0.991],"_humanoidState":8,"_cameraCFrame":[744.534,248.01,42.424,-0.993,-0.118,0.026,0,0.211,0.977,-0.121,0.97,-0.21],"_shiftlockState":true,"_pose":"Running","_animationQueue":[],"_animationSpeed":1.103,"_zoom":16.125},{"_mousePosition":[683,384],"_rootPartCFrame":[745.529,230.749,45.971,-0.993,0,0.121,0,1,0,-0.121,0,-0.993],"_humanoidState":8,"_cameraCFrame":[744.204,248.01,42.379,-0.993,-0.118,0.026,0,0.211,0.977,-0.121,0.97,-0.21],"_shiftlockState":true,"_pose":"Running","_animationQueue":[],"_animationSpeed":1.103,"_zoom":16.125},{"_mousePosition":[683,384],"_rootPartCFrame":[745.33,230.749,45.947,-0.993,0,0.121,0,1,0,-0.121,0,-0.993],"_humanoidState":8,"_cameraCFrame":[744.024,248.01,42.348,-0.992,-0.123,0.027,0,0.211,0.977,-0.126,0.97,-0.209],"_shiftlockState":true,"_pose":"Running","_animationQueue":[],"_animationSpeed":1.103,"_zoom":16.125},{"_mousePosition":[683,384],"_rootPartCFrame":[745.066,230.749,45.914,-0.992,0,0.126,0,1,0,-0.126,0,-0.992],"_humanoidState":8,"_cameraCFrame":[743.851,248.011,42.283,-0.988,-0.148,0.032,0,0.211,0.977,-0.151,0.966,-0.209],"_shiftlockState":true,"_pose":"Running","_animationQueue":[["walk",0.1]],"_animationSpeed":1.103,"_zoom":16.125},{"_mousePosition":[683,384],"_rootPartCFrame":[744.735,230.749,45.872,-0.988,0,0.151,0,1,0,-0.151,0,-0.988],"_humanoidState":8,"_cameraCFrame":[743.705,248.011,42.185,-0.98,-0.197,0.042,0,0.211,0.977,-0.201,0.957,-0.207],"_shiftlockState":true,"_pose":"Running","_animationQueue":[],"_animationSpeed":1.103,"_zoom":16.125},{"_mousePosition":[683,384],"_rootPartCFrame":[744.537,230.749,45.843,-0.98,0,0.201,0,1,0,-0.201,0,-0.98],"_humanoidState":8,"_cameraCFrame":[743.924,248.011,42.064,-0.951,-0.302,0.065,0,0.211,0.977,-0.309,0.93,-0.201],"_shiftlockState":true,"_pose":"Running","_animationQueue":[],"_animationSpeed":1.103,"_zoom":16.125},{"_mousePosition":[683,384],"_rootPartCFrame":[744.275,230.749,45.791,-0.95,0,0.314,0,1,0,-0.314,0,-0.95],"_humanoidState":8,"_cameraCFrame":[743.979,248.011,41.974,-0.922,-0.378,0.082,0,0.211,0.977,-0.387,0.901,-0.195],"_shiftlockState":true,"_pose":"Running","_animationQueue":[],"_animationSpeed":1.103,"_zoom":16.125},{"_mousePosition":[683,384],"_rootPartCFrame":[743.957,230.749,45.693,-0.921,0,0.389,0,1,0,-0.389,0,-0.921],"_humanoidState":8,"_cameraCFrame":[743.903,248.011,41.865,-0.896,-0.434,0.094,0,0.211,0.977,-0.444,0.876,-0.189],"_shiftlockState":true,"_pose":"Running","_animationQueue":[],"_animationSpeed":1.103,"_zoom":16.125},{"_mousePosition":[683,384],"_rootPartCFrame":[743.703,231.612,45.611,-0.896,0,0.445,0,1,0,-0.445,0,-0.896],"_humanoidState":3,"_cameraC