[{"_mousePosition":[542,321],"_rootPartCFrame":[776.028,222.7,47.142,0,0,1,0,1,0,-1,0,0],"_humanoidState":8,"_cameraCFrame":[784.623,237.842,46.94,-0.023,-0.846,0.533,0,0.533,0.846,-1,0.02,-0.013],"_shiftlockState":false,"_pose":"Standing","_animationQueue":[],"_animationSpeed":1,"_zoom":16.125},{"_mousePosition":[542,321],"_rootPartCFrame":[775.781,222.695,47.148,-0.004,0,1,0,1,0,-1,0,-0.004],"_humanoidState":8,"_cameraCFrame":[784.324,237.871,46.969,-0.021,-0.848,0.53,0,0.53,0.848,-1,0.018,-0.011],"_shiftlockState":false,"_pose":"Standing","_animationQueue":[],"_animationSpeed":1,"_zoom":16.125},{"_mousePosition":[542,321],"_rootPartCFrame":[775.516,222.697,47.155,-0.006,0,1,0,1,0,-1,0,-0.006],"_humanoidState":8,"_cameraCFrame":[784.005,237.905,46.977,-0.021,-0.85,0.526,0,0.527,0.85,-1,0.018,-0.011],"_shiftlockState":false,"_pose":"Running","_animationQueue":[["walk",0.1]],"_animationSpeed":1.066,"_zoom":16.125},{"_mousePosition":[542,321],"_rootPartCFrame":[775.249,222.698,47.16,-0.008,0,1,0,1,0,-1,0,-0.008],"_humanoidState":8,"_cameraCFrame":[783.712,237.923,47.004,-0.018,-0.851,0.525,0,0.525,0.851,-1,0.016,-0.01],"_shiftlockState":false,"_pose":"Running","_animationQueue":[],"_animationSpeed":1.066,"_zoom":16.125},{"_mousePosition":[542,321],"_rootPartCFrame":[774.982,222.699,47.166,-0.01,0,1,0,1,0,-1,0,-0.01],"_humanoidState":8,"_cameraCFrame":[783.392,237.957,47.032,-0.016,-0.853,0.522,0,0.522,0.853,-1,0.014,-0.008],"_shiftlockState":false,"_pose":"Running","_animationQueue":[],"_animationSpeed":1.066,"_zoom":16.125},{"_mousePosition":[542,321],"_rootPartCFrame":[774.716,222.699,47.171,-0.011,0,1,0,1,0,-1,0,-0.011],"_humanoidState":8,"_cameraCFrame":[783.045,238.006,47.06,-0.013,-0.856,0.517,0,0.517,0.856,-1,0.011,-0.007],"_shiftlockState":false,"_pose":"Running","_animationQueue":[["walk",0.1]],"_animationSpeed":1.066,"_zoom":16.125},{"_mousePosition":[542,321],"_rootPartCFrame":[774.449,222.699,47.175,-0.012,0,1,0,1,0,-1,0,-0.012],"_humanoidState":8,"_cameraCFrame":[782.671,238.071,47.086,-0.011,-0.86,0.51,0,0.51,0.86,-1,0.009,-0.006],"_shiftlockState":false,"_pose":"Running","_animationQueue":[],"_animationSpeed":1.066,"_zoom":16.125},{"_mousePosition":[542,321],"_rootPartCFrame":[774.183,222.7,47.179,-0.012,0,1,0,1,0,-1,0,-0.012],"_humanoidState":8,"_cameraCFrame":[782.296,238.135,47.111,-0.008,-0.864,0.503,0,0.503,0.864,-1,0.007,-0.004],"_shiftlockState":false,"_pose":"Running","_animationQueue":[],"_animationSpeed":1.066,"_zoom":16.125},{"_mousePosition":[542,321],"_rootPartCFrame":[773.916,222.7,47.182,-0.012,0,1,0,1,0,-1,0,-0.012],"_humanoidState":8,"_cameraCFrame":[781.921,238.197,47.136,-0.006,-0.868,0.496,0,0.496,0.868,-1,0.005,-0.003],"_shiftlockState":false,"_pose":"Running","_animationQueue":[],"_animationSpeed":1.066,"_zoom":16.125},{"_mousePosition":[542,321],"_rootPartCFrame":[773.649,222.7,47.184,-0.012,0,1,0,1,0,-1,0,-0.012],"_humanoidState":8,"_cameraCFrame":[781.572,238.244,47.138,-0.006,-0.871,0.491,0,0.491,0.871,-1,0.005,-0.003],"_shiftlockState":false,"_pose":"Running","_animationQueue":[],"_animationSpeed":1.066,"_zoom":16.125},{"_mousePosition":[542,321],"_rootPartCFrame":[773.383,222.7,47.186,-0.011,0,1,0,1,0,-1,0,-0.011],"_humanoidState":8,"_cameraCFrame":[781.196,238.305,47.16,-0.003,-0.875,0.485,0,0.485,0.875,-1,0.003,-0.002],"_shiftlockState":false,"_pose":"Running","_animationQueue":[],"_animationSpeed":1.066,"_zoom":16.125},{"_mousePosition":[542,321],"_rootPartCFrame":[773.116,222.7,47.187,-0.01,0,1,0,1,0,-1,0,-0.01],"_humanoidState":8,"_cameraCFrame":[780.847,238.351,47.162,-0.003,-0.878,0.479,0,0.479,0.878,-1,0.003,-0.002],"_shiftlockState":false,"_pose":"Running","_animationQueue":[],"_animationSpeed":1.066,"_zoom":16.125},{"_mousePosition":[542,321],"_rootPartCFrame":[772.849,222.7,47.188,-0.009,0,1,0,1,0,-1,0,-0.009],"_humanoidState":8,"_cameraCFrame":[780.497,238.396,47.163,-0.003,-0.88,0.474,0,0.474,0.88,-1,0.003,-0.002],"_shiftlockState":false,"_pose":"Running","_animationQueue":[["walk",0.1]],"_animationSpeed":1.066,"_zoom":16.125},{"_mousePosition":[542,321],"_rootPartCFrame":[772.583,222.7,47.189,-0.008,0,1,0,1,0,-1,0,-0.008],"_humanoidState":8,"_cameraCFrame":[780.064,238.484,47.165,-0.003,-0.886,0.464,0,0.464,0.886,-1,0.003,-0.002],"_shiftlockState":false,"_pose":"Running","_animationQueue":[],"_animationSpeed":1.066,"_zoom":16.125},{"_mousePosition":[542,321],"_rootPartCFrame":[772.316,222.7,47.19,-0.008,0,1,0,1,0,-1,0,-0.008],"_humanoidState":8,"_cameraCFrame":[779.658,238.556,47.185,-0.001,-0.89,0.455,0,0.455,0.89,-1,0.001,0],"_shiftlockState":false,"_pose":"Running","_animationQueue":[],"_animationSpeed":1.066,"_zoom":16.125},{"_mousePosition":[542,321],"_rootPartCFrame":[772.049,222.7,47.191,-0.007,0,1,0,1,0,-1,0,-0.007],"_humanoidState":8,"_cameraCFrame":[779.279,238.613,47.186,-0.001,-0.894,0.448,0,0.448,0.894,-1,0.001,0],"_shiftlockState":false,"_pose":"Running","_animationQueue":[],"_animationSpeed":1.066,"_zoom":16.125},{"_mousePosition":[542,321],"_rootPartCFrame":[771.783,222.7,47.191,-0.006,0,1,0,1,0,-1,0,-0.006],"_humanoidState":8,"_cameraCFrame":[778.843,238.697,47.186,-0.001,-0.899,0.438,0,0.438,0.899,-1,0.001,0],"_shiftlockState":false,"_pose":"Running","_animationQueue":[],"_animationSpeed":1.066,"_zoom":16.125},{"_mousePosition":[542,321],"_rootPartCFrame":[771.516,222.7,47.191,-0.006,0,1,0,1,0,-1,0,-0.006],"_humanoidState":8,"_cameraCFrame":[778.435,238.765,47.186,-0.001,-0.903,0.429,0,0.429,0.903,-1,0.001,0],"_shiftlockState":false,"_pose":"Running","_animationQueue":[],"_animationSpeed":1.066,"_zoom":16.125},{"_mousePosition":[542,321],"_rootPartCFrame":[771.249,222.7,47.191,-0.005,0,1,0,1,0,-1,0,-0.005],"_humanoidState":8,"_cameraCFrame":[777.997,238.845,47.187,-0.001,-0.908,0.418,0,0.418,0.908,-1,0.001,0],"_shiftlockState":false,"_pose":"Running","_animationQueue":[],"_animationSpeed":1.066,"_zoom":16.125},{"_mousePosition":[542,321],"_rootPartCFrame":[770.982,222.7,47.191,-0.004,0,1,0,1,0,-1,0,-0.004],"_humanoidState":8,"_cameraCFrame":[777.559,238.923,47.203,0.002,-0.913,0.408,0,0.408,0.913,-1,-0.002,0.001],"_shiftlockState":false,"_pose":"Running","_animationQueue":[["walk",0.1]],"_animationSpeed":1.066,"_zoom":16.125},{"_mousePosition":[542,321],"_rootPartCFrame":[770.716,222.7,47.192,-0.004,0,1,0,1,0,-1,0,-0.004],"_humanoidState":8,"_cameraCFrame":[777.12,238.999,47.203,0.002,-0.918,0.397,0,0.397,0.918,-1,-0.002,0.001],"_shiftlockState":false,"_pose":"Running","_animationQueue":[],"_animationSpeed":1.066,"_zoom":16.125},{"_mousePosition":[542,321],"_rootPartCFrame":[770.449,222.7,47.191,-0.003,0,1,0,1,0,-1,0,-0.003],"_humanoidState":8,"_cameraCFrame":[776.679,239.072,47.218,0.004,-0.922,0.386,0,0.386,0.922,-1,-0.004,0.002],"_shiftlockState":false,"_pose":"Running","_animationQueue":[],"_animationSpeed":1.066,"_zoom":16.125},{"_mousePosition":[542,321],"_rootPartCFrame":[770.249,222.679,47.191,-0.003,0,1,0,1,0,-1,0,-0.003],"_humanoidState":8,"_cameraCFrame":[776.363,239.1,47.233,0.007,-0.925,0.379,0,0.379,0.925,-1,-0.006,0.003],"_shiftlockState":false,"_pose":"Running","_animationQueue":[],"_animationSpeed":1.066,"_zoom":16.125},{"_mousePosition":[542,321],"_rootPartCFrame":[769.982,222.604,47.19,-0.002,0,1,0,1,0,-1,0,-0.002],"_humanoidState":8,"_cameraCFrame":[775.98,239.072,47.232,0.007,-0.928,0.372,0,0.372,0.928,-1,-0.006,0.003],"_shiftlockState":false,"_pose":"Running","_animationQueue":[],"_animationSpeed":1.066,"_zoom":16.125},{"_mousePosition":[542,321],"_rootPartCFrame":[769.716,222.475,47.19,-0.001,0,1,0,1,0,-1,0,-0.001],"_humanoidState":8,"_cameraCFrame":[775.684,238.955,47.246,0.009,-0.929,0.37,0,0.37,0.929,-1,-0.009,0.003],"_shiftlockState":false,"_pose":"Running","_animationQueue":[],"_animationSpeed":1.066,"_zoom":16.125},{"_mousePosition":[542,321],"_rootPartCFrame":[769.449,223.348,47.189,0,0,1,0,1,0,-1,0,0],"_humanoidState":3,"_cameraCFrame":[775.418,239.828,47.246,0.009,-0.929,0.37,0,0.37,0.929,-1,-0.009,0.003],"_shiftlockState":false,"_pose":"Jumping","_animationQueue":[["walk",0.1],["walk",0.1],["jump",0.1]],"_animationSpeed":1,"_zoom":16.125},{"_mousePosition":[542,321],"_rootPartCFrame":[769.183,224.17,47.187,0.001,0,1,0,1,0,-1,0,0.001],"_humanoidState":5,"_cameraCFrame":[775.151,240.65,47.243,0.009,-0.929,0.37,0,0.37,0.929,-1,-0.009,0.003],"_shiftlockState":false,"_pose":"FreeFall","_animationQueue":[["jump",0.1]],"_animationSpeed":1,"_zoom":16.125},{"_mousePosition":[542,321],"_rootPartCFrame":[768.916,224.938,47.185,0.002,0,1,0,1,0,-1,0,0.002],"_humanoidState":5,"_cameraCFrame":[774.884,241.417,47.241,0.009,-0.929,0.37,0,0.37,0.929,-1,-0.009,0.003],"_shiftlockState":false,"_pose":"FreeFall","_animationQueue":[],"_animationSpeed":1,"_zoom":16.125},{"_mousePosition":[542,321],"_rootPartCFrame":[768.649,225.651,47.182,0.003,0,1,0,1,0,-1,0,0.003],"_humanoidState":5,"_cameraCFrame":[774.589,242.142,47.238,0.009,-0.93,0.368,0,0.368,0.93,-1,-0.009,0.003],"_shiftlockState":false,"_pose":"FreeFall","_animationQueue":[],"_animationSpeed":1,"_zoom":16.125},{"_mousePosition":[542,321],"_rootPartCFrame":[768.383,226.309,47.18,0.004,0,1,0,1,0,-1,0,0.004],"_humanoidState":5,"_cameraCFrame":[774.263,242.823,47.235,0.009,-0.931,0.365,0,0.365,0.931,-1,-0.009,0.003],"_shiftlockState":false,"_pose":"FreeFall","_animationQueue":[],"_animationSpeed":1,"_zoom":16.125},{"_mousePosition":[542,321],"_rootPartCFrame":[768.116,226.913,47.177,0.005,0,1,0,1,0,-1,0,0.005],"_humanoidState":5,"_cameraCFrame":[773.938,243.45,47.247,0.012,-0.932,0.361,0,0.361,0.933,-1,-0.011,0.004],"_shiftlockState":false,"_pose":"FreeFall","_animationQueue":[],"_animationSpeed":1,"_zoom":16.125},{"_mousePosition":[542,321],"_rootPartCFrame":[767.85,227.463,47.175,0.005,0,1,0,1,0,-1,0,0.005],"_humanoidState":5,"_cameraCFrame":[773.642,244.011,47.244,0.012,-0.933,0.359,0,0.359,0.933,-1,-0.011,0.004],"_shiftlockState":false,"_pose":"FreeFall","_animationQueue":[],"_animationSpeed":1,"_zoom":16.125},{"_mousePosition":[542,321],"_rootPartCFrame":[767.583,227.958,47.172,0.006,0,1,0,1,0,-1,0,0.006],"_humanoidState":5,"_cameraCFrame":[773.376,244.506,47.241,0.012,-0.933,0.359,0,0.359,0.933,-1,-0.011,0.004],"_shiftlockState":false,"_pose":"FreeFall","_animationQueue":[],"_animationSpeed":1,"_zoom":16.125},{"_mousePosition":[542,321],"_rootPartCFrame":[767.316,228.398,47.168,0.007,0,1,0,1,0,-1,0,0.007],"_humanoidState":5,"_cameraCFrame":[773.109,244.947,47.238,0.012,-0.933,0.359,0,0.359,0.933,-1,-0.011,0.004],"_shiftlockState":false,"_pose":"FreeFall","_animationQueue":[],"_animationSpeed":1,"_zoom":16.125},{"_mousePosition":[542,321],"_rootPartCFrame":[767.05,228.784,47.165,0.008,0,1,0,1,0,-1,0,0.008],"_humanoidState":5,"_cameraCFrame":[772.842,245.333,47.234,0.012,-0.933,0.359,0,0.359,0.933,-1,-0.011,0.004],"_shiftlockState":false,"_pose":"FreeFall","_animationQueue":[],"_animationSpeed":1,"_zoom":16.125},{"_mousePosition":[542,321],"_rootPartCFrame":[766.783,229.116,47.162,0.008,0,1,0,1,0,-1,0,0.008],"_humanoidState":5,"_cameraCFrame":[772.576,245.664,47.231,0.012,-0.933,0.359,0,0.359,0.933,-1,-0.011,0.004],"_shiftlockState":false,"_pose":"FreeFall","_animationQueue":[],"_animationSpeed":1,"_zoom":16.125},{"_mousePosition":[542,322],"_rootPartCFrame":[766.517,229.393,47.159,0.009,0,1,0,1,0,-1,0,0.009],"_humanoidState":5,"_cameraCFrame":[772.309,245.941,47.228,0.012,-0.933,0.359,0,0.359,0.933,-1,-0.011,0.004],"_shiftlockState":false,"_pose":"FreeFall","_animationQueue":[],"_animationSpeed":1,"_zoom":16.125},{"_mousePosition":[542,322],"_rootPartCFrame":[766.183,229.662,47.155,0.009,0,1,0,1,0,-1,0,0.009],"_humanoidState":5,"_cameraCFrame":[771.976,246.211,47.224,0.012,-0.933,0.359,0,0.359,0.933,-1,-0.011,0.004],"_shiftlockState":false,"_pose":"FreeFall","_animationQueue":[],"_animationSpeed":1,"_zoom":16.125},{"_mousePosition":[542,322],"_rootPartCFrame":[765.983,229.783,47.152,0.01,0,1,0,1,0,-1,0,0.01],"_humanoidState":5,"_cameraCFrame":[771.776,246.332,47.222,0.012,-0.933,0.359,0,0.359,0.933,-1,-0.011,0.004],"_shiftlockState":false,"_pose":"FreeFall","_animationQueue":[],"_animationSpeed":1,"_zoom":16.125},{"_mousePosition":[545,322],"_rootPartCFrame":[765.717,229.897,47.149,0.01,0,1,0,1,0,-1,0,0.01],"_humanoidState":5,"_cameraCFrame":[771.509,246.445,47.218,0.012,-0.933,0.359,0,0.359,0.933,-1,-0.011,0.004],"_shiftlockState":false,"_pose":"FreeFall","_animationQueue":[],"_animationSpeed":1,"_zoom":16.125},{"_mousePosition":[549,322],"_rootPartCFrame":[765.45,229.956,47.146,0.01,0,1,0,1,0,-1,0,0.01],"_humanoidState":5,"_cameraCFrame":[771.243,246.504,47.215,0.012,-0.933,0.359,0,0.359,0.933,-1,-0.011,0.004],"_shiftlockState":false,"_pose":"FreeFall","_animationQueue":[],"_animationSpeed":1,"_zoom":16.125},{"_mousePosition":[554,324],"_rootPartCFrame":[765.184,229.96,47.143,0.01,0,1,0,1,0,-1,0,0.01],"_humanoidState":5,"_cameraCFrame":[770.976,246.509,47.212,0.012,-0.933,0.359,0,0.359,0.933,-1,-0.011,0.004],"_shiftlockState":false,"_pose":"FreeFall","_animationQueue":[],"_animationSpeed":1,"_zoom":16.125},{"_mousePosition":[560,325],"_rootPartCFrame":[764.917,229.91,47.14,0.011,0,1,0,1,0,-1,0,0.011],"_humanoidState":5,"_cameraCFrame":[770.71,246.459,47.209,0.012,-0.933,0.359,0,0.359,0.933,-1,-0.011,0.004],"_shiftlockState":false,"_pose":"FreeFall","_animationQueue":[],"_animationSpeed":1,"_zoom":16.125},{"_mousePosition":[568,326],"_rootPartCFrame":[764.65,229.806,47.136,0.011,0,1,0,1,0,-1,0,0.011],"_humanoidState":5,"_cameraCFrame":[770.443,246.354,47.206,0.012,-0.933,0.359,0,0.359,0.933,-1,-0.011,0.004],"_shiftlockState":false,"_pose":"FreeFall","_animationQueue":[],"_animationSpeed":1,"_zoom":16.125},{"_mousePosition":[576,327],"_rootPartCFrame":[764.384,229.647,47.133,0.011,0,1,0,1,0,-1,0,0.011],"_humanoidState":5,"_cameraCFrame":[770.176,246.195,47.202,0.012,-0.933,0.359,0,0.359,0.933,-1,-0.011,0.004],"_shiftlockState":false,"_pose":"FreeFall","_animationQueue":[],"_animationSpeed":1,"_zoom":16.125},{"_mousePosition":[587,329],"_rootPartCFrame":[764.117,229.433,47.13,0.011,0,1,0,1,0,-1,0,0.011],"_humanoidState":5,"_cameraCFrame":[769.91,245.982,47.199,0.012,-0.933,0.359,0,0.359,0.933,-1,-0.011,0.004],"_shiftlockState":false,"_pose":"FreeFall","_animationQueue":[["fall",0.3]],"_animationSpeed":1,"_zoom":16.125},{"_mousePosition":[599,331],"_rootPartCFrame":[763.851,229.165,47.127,0.011,0,1,0,1,0,-1,0,0.011],"_humanoidState":5,"_cameraCFrame":[769.643,245.714,47.196,0.012,-0.933,0.359,0,0.359,0.933,-1,-0.011,0.004],"_shiftlockState":false,"_pose":"FreeFall","_animationQueue":[],"_animationSpeed":1,"_zoom":16.125},{"_mousePosition":[612,334],"_rootPartCFrame":[763.584,228.843,47.124,0.011,0,1,0,1,0,-1,0,0.011],"_humanoidState":5,"_cameraCFrame":[769.377,245.391,47.193,0.012,-0.933,0.359,0,0.359,0.933,-1,-0.011,0.004],"_shiftlockState":false,"_pose":"FreeFall","_animationQueue":[],"_animationSpeed":1,"_zoom":16.125},{"_mousePosition":[628,338],"_rootPartCFrame":[763.317,228.466,47.121,0.011,0,1,0,1,0,-1,0,0.011],"_humanoidState":5,"_cameraCFrame":[769.11,245.014,47.19,0.012,-0.933,0.359,0,0.359,0.933,-1,-0.011,0.004],"_shiftlockState":false,"_pose":"FreeFall","_animationQueue":[],"_animationSpeed":1,"_zoom":16.125},{"_mousePosition":[651,343],"_rootPartCFrame":[763.051,228.034,47.117,0.012,0,1,0,1,0,-1,0,0.012],"_humanoidState":5,"_cameraCFrame":[768.843,244.583,47.187,0.012,-0.933,0.359,0,0.359,0.933,-1,-0.011,0.004],"_shiftlockState":false,"_pose":"FreeFall","_animationQueue":[],"_animationSpeed":1,"_zoom":16.125},{"_mousePosition":[668,347],"_rootPartCFrame":[762.784,227.548,47.114,0.012,0,1,0,1,0,-1,0,0.012],"_humanoidState":5,"_cameraCFrame":[768.577,244.097,47.183,0.012,-0.933,0.359,0,0.359,0.933,-1,-0.011,0.004],"_shiftlockState":false,"_pose":"FreeFall","_animationQueue":[],"_animationSpeed":1,"_zoom":16.125},{"_mousePosition":[683,350],"_rootPartCFrame":[762.518,227.008,47.111,0.012,0,1,0,1,0,-1,0,0.012],"_humanoidState":5,"_cameraCFrame":[768.31,243.556,47.18,0.012,-0.933,0.359,0,0.359,0.933,-1,-0.011,0.004],"_shiftlockState":false,"_pose":"FreeFall","_animationQueue":[],"_animationSpeed":1,"_zoom":16.125},{"_mousePosition":[696,354],"_rootPartCFrame":[762.251,226.413,47.108,0.012,0,1,0,1,0,-1,0,0.012],"_humanoidState":5,"_cameraCFrame":[768.044,242.961,47.177,0.012,-0.933,0.359,0,0.359,0.933,-1,-0.011,0.004],"_shiftlockState":false,"_pose":"FreeFall","_animationQueue":[["fall",0.3]],"_animationSpeed":1,"_zoom":16.125},{"_mousePosition":[707,357],"_rootPartCFrame":[761.918,225.593,47.104,0.012,0,1,0,1,0,-1,0,0.012],"_humanoidState":5,"_cameraCFrame":[767.71,242.141,47.173,0.012,-0.933,0.359,0,0.359,0.933,-1,-0.011,0.004],"_shiftlockState":false,"_pose":"FreeFall","_animationQueue":[],"_animationSpeed":1,"_zoom":16.125},{"_mousePosition":[715,359],"_rootPartCFrame":[761.718,225.06,47.101,0.012,0,1,0,1,0,-1,0,0.012],"_humanoidState":5,"_cameraCFrame":[767.51,241.608,47.171,0.012,-0.933,0.359,0,0.359,0.933,-1,-0.011,0.004],"_shiftlockState":false,"_pose":"FreeFall","_animationQueue":[],"_animationSpeed":1,"_zoom":16.125},{"_mousePosition":[720,360],"_rootPartCFrame":[761.451,224.301,47.098,0.012,0,1,0,1,0,-1,0,0.012],"_humanoidState":5,"_cameraCFrame":[767.244,240.85,47.167,0.012,-0.933,0.359,0,0.359,0.933,-1,-0.011,0.004],"_shiftlockState":false,"_pose":"FreeFall","_animationQueue":[],"_animationSpeed":1,"_zoom":16.125},{"_mousePosition":[723,361],"_rootPartCFrame":[761.185,223.488,47.095,0.012,0,1,0,1,0,-1,0,0.012],"_humanoidState":5,"_cameraCFrame":[766.977,240.037,47.164,0.012,-0.933,0.359,0,0.359,0.933,-1,-0.011,0.004],"_shiftlockState":false,"_pose":"FreeFall","_animationQueue":[],"_animationSpeed":1,"_zoom":16.125},{"_mousePosition":[723,361],"_rootPartCFrame":[760.918,222.621,47.092,0.012,0,1,0,1,0,-1,0,0.012],"_humanoidState":7,"_cameraCFrame":[766.711,239.169,47.161,0.012,-0.933,0.359,0,0.359,0.933,-1,-0.011,0.004],"_shiftlockState":false,"_pose":"FreeFall","_animationQueue":[["walk",0.1],["fall",0.3],["fall",0.3]],"_animationSpeed":1,"_zoom":16.125},{"_mousePosition":[723,361],"_rootPartCFrame":[760.651,222.441,47.089,0.012,0,1,0,1,0,-1,0,0.012],"_humanoidState":7,"_cameraCFrame":[766.444,238.99,47.158,0.012,-0.933,0.359,0,0.359,0.933,-1,-0.011,0.004],"_shiftlockState":false,"_pose":"FreeFall","_animationQueue":[],"_animationSpeed":1,"_zoom":16.125},{"_mousePosition":[724,362],"_rootPartCFrame":[760.318,222.551,47.085,0.012,0,1,0,1,0,-1,0,0.012],"_humanoidState":8,"_cameraCFrame":[766.111,239.1,47.154,0.012,-0.933,0.359,0,0.359,0.933,-1,-0.011,0.004],"_shiftlockState":false,"_pose":"Running","_animationQueue":[["fall",0.3],["walk",0.1],["fall",0.3],["walk",0.1]],"_animationSpeed":1.103,"_zoom":16.125},{"_mousePosition":[724,363],"_rootPartCFrame":[760.052,222.617,47.081,0.012,0,1,0,1,0,-1,0,0.012],"_humanoidState":8,"_cameraCFrame":[765.844,239.166,47.151,0.012,-0.933,0.359,0,0.359,0.933,-1,-0.011,0.004],"_shiftlockState":false,"_pose":"Running","_animationQueue":[],"_animationSpeed":1.103,"_zoom":16.125},{"_mousePosition":[724,363],"_rootPartCFrame":[759.785,222.655,47.078,0.012,0,1,0,1,0,-1,0,0.012],"_humanoidState":8,"_cameraCFrame":[765.46,239.248,47.146,0.012,-0.936,0.352,0,0.352,0.936,-1,-0.011,0.004],"_shiftlockState":false,"_pose":"Running","_animationQueue":[],"_animationSpeed":1.103,"_zoom":16.125},{"_mousePosition":[724,363],"_rootPartCFrame":[759.518,222.676,47.075,0.012,0,1,0,1,0,-1,0,0.012],"_humanoidState":8,"_cameraCFrame":[765.105,239.302,47.142,0.012,-0.938,0.346,0,0.346,0.938,-1,-0.011,0.004],"_shiftlockState":false,"_pose":"Running","_animationQueue":[],"_animationSpeed":1.103,"_zoom":16.125},{"_mousePosition":[724,363],"_rootPartCFrame":[759.252,222.687,47.072,0.012,0,1,0,1,0,-1,0,0.012],"_humanoidState":8,"_cameraCFrame":[764.78,239.335,47.138,0.012,-0.939,0.343,0,0.343,0.939,-1,-0.011,0.004],"_shiftlockState":false,"_pose":"Running","_animationQueue":[],"_animationSpeed":1.103,"_zoom":16.125},{"_mousePosition":[724,363],"_rootPartCFrame":[758.985,222.693,47.069,0.012,0,1,0,1,0,-1,0,0.012],"_humanoidState":8,"_cameraCFrame":[764.454,239.362,47.134,0.012,-0.941,0.339,0,0.339,0.941,-1,-0.011,0.004],"_shiftlockState":false,"_pose":"Running","_animationQueue":[],"_animationSpeed":1.103,"_zoom":16.125},{"_mousePosition":[724,363],"_rootPartCFrame":[758.719,222.696,47.066,0.012,0,1,0,1,0,-1,0,0.012],"_humanoidState":8,"_cameraCFrame":[764.128,239.386,47.13,0.012,-0.942,0.335,0,0.336,0.942,-1,-0.011,0.004],"_shiftlockState":false,"_pose":"Running","_animationQueue":[["walk",0.1]],"_animationSpeed":1.103,"_zoom":16.125},{"_mousePosition":[724,363],"_rootPartCFrame":[758.452,222.698,47.062,0.012,0,1,0,1,0,-1,0,0.012],"_humanoidState":8,"_cameraCFrame":[763.832,239.399,47.127,0.012,-0.943,0.334,0,0.334,0.943,-1,-0.011,0.004],"_shiftlockState":false,"_pose":"Running","_animationQueue":[],"_animationSpeed":1.103,"_zoom":16.125},{"_mousePosition":[724,363],"_rootPartCFrame":[758.185,222.699,47.059,0.012,0,1,0,1,0,-1,0,0.012],"_humanoidState":8,"_cameraCFrame":[763.565,239.399,47.123,0.012,-0.943,0.334,0,0.334,0.943,-1,-0.011,0.004],"_shiftlockState":false,"_pose":"Running","_animationQueue":[],"_animationSpeed":1.103,"_zoom":16.125},{"_mousePosition":[724,363],"_rootPartCFrame":[757.919,222.699,47.056,0.012,0,1,0,1,0,-1,0,0.012],"_humanoidState":8,"_cameraCFrame":[763.269,239.41,47.12,0.012,-0.943,0.332,0,0.332,0.943,-1,-0.011,0.004],"_shiftlockState":false,"_pose":"Running","_animationQueue":[],"_animationSpeed":1.103,"_zoom":16.125},{"_mousePosition":[724,363],"_rootPartCFrame":[757.652,222.699,47.053,0.012,0,1,0,1,0,-1,0,0.012],"_humanoidState":8,"_cameraCFrame":[763.003,239.411,47.117,0.012,-0.943,0.332,0,0.332,0.943,-1,-0.011,0.004],"_shiftlockState":false,"_pose":"Running","_animationQueue":[],"_animationSpeed":1.103,"_zoom":16.125},{"_mousePosition":[724,363],"_rootPartCFrame":[757.385,222.699,47.05,0.012,0,1,0,1,0,-1,0,0.012],"_humanoidState":8,"_cameraCFrame":[762.736,239.411,47.114,0.012,-0.943,0.332,0,0.332,0.943,-1,-0.011,0.004],"_shiftlockState":false,"_pose":"Running","_animationQueue":[],"_animationSpeed":1.103,"_zoom":16.125},{"_mousePosition":[724,363],"_rootPartCFrame":[757.119,222.7,47.046,0.012,0,1,0,1,0,-1,0,0.012],"_humanoidState":8,"_cameraCFrame":[762.44,239.421,47.11,0.012,-0.944,0.33,0,0.33,0.944,-1,-0.011,0.004],"_shiftlockState":false,"_pose":"Running","_animationQueue":[],"_animationSpeed":1.103,"_zoom":16.125},{"_mousePosition":[724,363],"_rootPartCFrame":[756.852,222.7,47.043,0.012,0,1,0,1,0,-1,0,0.012],"_humanoidState":8,"_cameraCFrame":[762.173,239.421,47.107,0.012,-0.944,0.33,0,0.33,0.944,-1,-0.011,0.004],"_shiftlockState":false,"_pose":"Running","_animationQueue":[["walk",0.1]],"_animationSpeed":1.103,"_zoom":16.125},{"_mousePosition":[724,363],"_rootPartCFrame":[756.586,222.7,47.04,0.012,0,1,0,1,0,-1,0,0.012],"_humanoidState":8,"_cameraCFrame":[761.847,239.442,47.116,0.014,-0.945,0.326,0,0.326,0.945,-1,-0.014,0.005],"_shiftlockState":false,"_pose":"Running","_animationQueue":[],"_animationSpeed":1.103,"_zoom":16.125},{"_mousePosition":[724,363],"_rootPartCFrame":[756.319,222.7,47.037,0.012,0,1,0,1,0,-1,0,0.012],"_humanoidState":8,"_cameraCFrame":[761.55,239.452,47.126,0.017,-0.946,0.324,0,0.324,0.946,-1,-0.016,0.006],"_shiftlockState":false,"_pose":"Running","_animationQueue":[],"_animationSpeed":1.103,"_zoom":16.125},{"_mousePosition":[724,363],"_rootPartCFrame":[756.052,222.7,47.033,0.012,0,1,0,1,0,-1,0,0.012],"_humanoidState":8,"_cameraCFrame":[761.224,239.473,47.134,0.02,-0.947,0.321,0,0.321,0.947,-1,-0.019,0.006],"_shiftlockState":false,"_pose":"Running","_animationQueue":[],"_animationSpeed":1.103,"_zoom":16.125},{"_mousePosition":[724,363],"_rootPartCFrame":[755.786,222.7,47.029,0.013,0,1,0,1,0,-1,0,0.013],"_humanoidState":8,"_cameraCFrame":[760.957,239.473,47.13,0.02,-0.947,0.321,0,0.321,0.947,-1,-0.019,0.006],"_shiftlockState":false,"_pose":"Running","_animationQueue":[],"_animationSpeed":1.103,"_zoom":16.125},{"_mousePosition":[724,363],"_rootPartCFrame":[755.519,222.7,47.023,0.014,0,1,0,1,0,-1,0,0.014],"_humanoidState":8,"_cameraCFrame":[760.661,239.483,47.137,0.022,-0.948,0.319,0,0.319,0.948,-1,-0.021,0.007],"_shiftlockState":false,"_pose":"Running","_animationQueue":[],"_animationSpeed":1.103,"_zoom":16.125},{"_mousePosition":[724,363],"_rootPartCFrame":[755.253,222.7,47.018,0.014,0,1,0,1,0,-1,0,0.014],"_humanoidState":8,"_cameraCFrame":[760.394,239.483,47.132,0.022,-0.948,0.319,0,0.319,0.948,-1,-0.021,0.007],"_shiftlockState":false,"_pose":"Running","_animationQueue":[["walk",0.1]],"_animationSpeed":1.103,"_zoom":16.125},{"_mousePosition":[724,363],"_rootPartCFrame":[754.986,222.7,47.012,0.015,0,1,0,1,0,-1,0,0.015],"_humanoidState":8,"_cameraCFrame":[760.098,239.493,47.125,0.022,-0.948,0.317,0,0.317,0.948,-1,-0.021,0.007],"_shiftlockState":false,"_pose":"Running","_animationQueue":[],"_animationSpeed":1.103,"_zoom":16.125},{"_mousePosition":[724,363],"_rootPartCFrame":[754.719,222.7,47.007,0.016,0,1,0,1,0,-1,0,0.016],"_humanoidState":8,"_cameraCFrame":[759.831,239.493,47.132,0.025,-0.948,0.317,0,0.317,0.948,-1,-0.023,0.008],"_shiftlockState":false,"_pose":"Running","_animationQueue":[],"_animationSpeed":1.103,"_zoom":16.125},{"_mousePosition":[724,363],"_rootPartCFrame":[754.453,222.7,47.001,0.017,0,1,0,1,0,-1,0,0.017],"_humanoidState":8,"_cameraCFrame":[759.564,239.493,47.126,0.025,-0.948,0.317,0,0.317,0.948,-1,-0.023,0.008],"_shiftlockState":false,"_pose":"Running","_animationQueue":[],"_animationSpeed":1.103,"_zoom":16.125},{"_mousePosition":[724,363],"_rootPartCFrame":[754.186,222.7,46.994,0.018,0,1,0,1,0,-1,0,0.018],"_humanoidState":8,"_cameraCFrame":[759.298,239.493,47.12,0.025,-0.948,0.317,0,0.317,0.948,-1,-0.023,0.008],"_shiftlockState":false,"_pose":"Running","_animationQueue":[],"_animationSpeed":1.103,"_zoom":16.125},{"_mousePosition":[724,363],"_rootPartCFrame":[753.92,223.563,46.988,0.019,0,1,0,1,0,-1,0,0.019],"_humanoidState":3,"_cameraCFrame":[759.031,240.355,47.113,0.025,-0.948,0.317,0,0.317,0.948,-1,-0.023,0.008],"_shiftlockState":false,"_pose":"Jumping","_animationQueue":[["walk",0.1],["jump",0.1]],"_animationSpeed":1,"_zoom":16.125},{"_mousePosition":[724,363],"_rootPartCFrame":[753.653,224.371,46.981,0.02,0,1,0,1,0,-1,0,0.02],"_humanoidState":5,"_cameraCFrame":[758.765,241.164,47.107,0.025,-0.948,0.317,0,0.317,0.948,-1,-0.023,0.008],"_shiftlockState":false,"_pose":"FreeFall","_animationQueue":[["jump",0.1]],"_animationSpeed":1,"_zoom":16.125},{"_mousePosition":[724,363],"_rootPartCFrame":[753.386,225.125,46.975,0.021,0,1,0,1,0,-1,0,0.021],"_humanoidState":5,"_cameraCFrame":[758.498,241.918,47.1,0.025,-0.948,0.317,0,0.317,0.948,-1,-0.023,0.008],"_shiftlockState":false,"_pose":"FreeFall","_animationQueue":[],"_animationSpeed":1,"_zoom":16.125},{"_mousePosition":[724,363],"_rootPartCFrame":[753.12,225.824,46.968,0.021,0,1,0,1,0,-1,0,0.021],"_humanoidState":5,"_cameraCFrame":[758.202,242.627,47.093,0.025,-0.949,0.315,0,0.315,0.949,-1,-0.023,0.008],"_shiftlockState":false,"_pose":"FreeFall","_animationQueue":[],"_animationSpeed":1,"_zoom":16.125},{"_mousePosition":[724,363],"_rootPartCFrame":[752.853,226.469,46.961,0.022,0,1,0,1,0,-1,0,0.022],"_humanoidState":5,"_cameraCFrame":[757.935,243.272,47.086,0.025,-0.949,0.315,0,0.315,0.949,-1,-0.023,0.008],"_shiftlockState":false,"_pose":"FreeFall","_animationQueue":[],"_animationSpeed":1,"_zoom":16.125},{"_mousePosition":[724,363],"_rootPartCFrame":[752.587,227.06,46.955,0.022,0,1,0,1,0,-1,0,0.022],"_humanoidState":5,"_cameraCFrame":[757.638,243.872,47.092,0.027,-0.949,0.313,0,0.313,0.95,-1,-0.026,0.009],"_shiftlockState":false,"_pose":"FreeFall","_animationQueue":[],"_animationSpeed":1,"_zoom":16.125},{"_mousePosition":[724,363],"_rootPartCFrame":[752.32,227.595,46.948,0.022,0,1,0,1,0,-1,0,0.022],"_humanoidState":5,"_cameraCFrame":[757.342,244.418,47.085,0.027,-0.95,0.311,0,0.312,0.95,-1,-0.026,0.008],"_shiftlockState":false,"_pose":"FreeFall","_animationQueue":[],"_animationSpeed":1,"_zoom":16.125},{"_mousePosition":[724,363],"_rootPartCFrame":[752.053,228.077,46.941,0.023,0,1,0,1,0,-1,0,0.023],"_humanoidState":5,"_cameraCFrame":[757.045,244.909,47.077,0.027,-0.95,0.31,0,0.31,0.951,-1,-0.026,0.008],"_shiftlockState":false,"_pose":"FreeFall","_animationQueue":[],"_animationSpeed":1,"_zoom":16.125},{"_mousePosition":[724,363],"_rootPartCFrame":[751.787,228.504,46.934,0.024,0,1,0,1,0,-1,0,0.024],"_humanoidState":5,"_cameraCFrame":[756.779,245.336,47.069,0.027,-0.95,0.31,0,0.31,0.951,-1,-0.026,0.008],"_shiftlockState":false,"_pose":"FreeFall","_animationQueue":[],"_animationSpeed":1,"_zoom":16.125},{"_mousePosition":[724,363],"_rootPartCFrame":[751.52,228.876,46.927,0.024,0,1,0,1,0,-1,0,0.024],"_humanoidState":5,"_cameraCFrame":[756.512,245.708,47.062,0.027,-0.95,0.31,0,0.31,0.951,-1,-0.026,0.008],"_shiftlockState":false,"_pose":"FreeFall","_animationQueue":[],"_animationSpeed":1,"_zoom":16.125},{"_mousePosition":[724,363],"_rootPartCFrame":[751.254,229.194,46.919,0.024,0,1,0,1,0,-1,0,0.024],"_humanoidState":5,"_cameraCFrame":[756.216,246.036,47.054,0.027,-0.951,0.308,0,0.308,0.951,-1,-0.026,0.008],"_shiftlockState":false,"_pose":"FreeFall","_animationQueue":[],"_animationSpeed":1,"_zoom":16.125},{"_mousePosition":[724,363],"_rootPartCFrame":[750.987,229.457,46.912,0.025,0,1,0,1,0,-1,0,0.025],"_humanoidState":5,"_cameraCFrame":[755.919,246.309,47.046,0.027,-0.952,0.306,0,0.306,0.952,-1,-0.026,0.008],"_shiftlockState":false,"_pose":"FreeFall","_animationQueue":[],"_animationSpeed":1,"_zoom":16.125},{"_mousePosition":[724,363],"_rootPartCFrame":[750.72,229.666,46.905,0.025,0,1,0,1,0,-1,0,0.025],"_humanoidState":5,"_cameraCFrame":[755.593,246.537,47.037,0.027,-0.953,0.302,0,0.302,0.953,-1,-0.026,0.008],"_shiftlockState":false,"_pose":"FreeFall","_animationQueue":[],"_animationSpeed":1,"_zoom":16.125},{"_mousePosition":[724,363],"_rootPartCFrame":[750.387,229.851,46.896,0.026,0,1,0,1,0,-1,0,0.026],"_humanoidState":5,"_cameraCFrame":[755.259,246.722,47.028,0.027,-0.953,0.302,0,0.302,0.953,-1,-0.026,0.008],"_shiftlockState":false,"_pose":"FreeFall","_animationQueue":[],"_animationSpeed":1,"_zoom":16.125},{"_mousePosition":[724,363],"_rootPartCFrame":[750.187,229.921,46.891,0.026,0,1,0,1,0,-1,0,0.026],"_humanoidState":5,"_cameraCFrame":[755,246.81,47.009,0.025,-0.954,0.298,0,0.299,0.954,-1,-0.023,0.007],"_shiftlockState":false,"_pose":"FreeFall","_animationQueue":[["fall",0.3]],"_animationSpeed":1,"_zoom":16.125},{"_mousePosition":[724,363],"_rootPartCFrame":[749.921,229.966,46.883,0.026,0,1,0,1,0,-1,0,0.026],"_humanoidState":5,"_cameraCFrame":[754.704,246.865,46.989,0.022,-0.955,0.297,0,0.297,0.955,-1,-0.021,0.007],"_shiftlockState":false,"_pose":"FreeFall","_animationQueue":[],"_animationSpeed":1,"_zoom":16.125},{"_mousePosition":[724,363],"_rootPartCFrame":[749.654,229.957,46.877,0.026,0,1,0,1,0,-1,0,0.026],"_humanoidState":5,"_cameraCFrame":[754.407,246.865,46.957,0.017,-0.955,0.295,0,0.295,0.956,-1,-0.016,0.005],"_shiftlockState":false,"_pose":"FreeFall","_animationQueue":[],"_animationSpeed":1,"_zoom":16.125},{"_mousePosition":[724,363],"_rootPartCFrame":[749.387,229.893,46.871,0.025,0,1,0,1,0,-1,0,0.025],"_humanoidState":5,"_cameraCFrame":[754.081,246.82,46.915,0.009,-0.957,0.291,0,0.291,0.957,-1,-0.009,0.003],"_shiftlockState":false,"_pose":"FreeFall","_animationQueue":[],"_animationSpeed":1,"_zoom":16.125},{"_mousePosition":[724,363],"_rootPartCFrame":[749.121,229.775,46.866,0.025,0,1,0,1,0,-1,0,0.025],"_humanoidState":5,"_cameraCFrame":[753.785,246.711,46.886,0.004,-0.957,0.289,0,0.289,0.957,-1,-0.004,0.001],"_shiftlockState":false,"_pose":"FreeFall","_animationQueue":[],"_animationSpeed":1,"_zoom":16.125},{"_mousePosition":[724,363],"_rootPartCFrame":[748.854,229.603,46.863,0.023,0,1,0,1,0,-1,0,0.023],"_humanoidState":5,"_cameraCFrame":[753.488,246.547,46.86,-0.001,-0.958,0.287,0,0.287,0.958,-1,0.001,0],"_shiftlockState":false,"_pose":"FreeFall","_animationQueue":[],"_animationSpeed":1,"_zoom":16.125},{"_mousePosition":[724,363],"_rootPartCFrame":[748.521,229.31,46.861,0.02,0,1,0,1,0,-1,0,0.02],"_humanoidState":5,"_cameraCFrame":[753.125,246.264,46.847,-0.003,-0.958,0.285,0,0.285,0.958,-1,0.003,-0.001],"_shiftlockState":false,"_pose":"FreeFall","_animationQueue":[["fall",0.3]],"_animationSpeed":1,"_zoom":16.125},{"_mousePosition":[724,363],"_rootPartCFrame":[748.321,229.094,46.861,0.018,0,1,0,1,0,-1,0,0.018],"_humanoidState":5,"_cameraCFrame":[752.925,246.048,46.846,-0.003,-0.958,0.285,0,0.285,0.958,-1,0.003,-0.001],"_shiftlockState":false,"_pose":"FreeFall","_animationQueue":[],"_animationSpeed":1,"_zoom":16.125},{"_mousePosition":[724,363],"_rootPartCFrame":[748.054,228.758,46.862,0.015,0,1,0,1,0,-1,0,0.015],"_humanoidState":5,"_cameraCFrame":[752.658,245.712,46.836,-0.006,-0.958,0.285,0,0.285,0.958,-1,0.006,-0.002],"_shiftlockState":false,"_pose":"FreeFall","_animationQueue":[],"_animationSpeed":1,"_zoom":16.125},{"_mousePosition":[724,363],"_rootPartCFrame":[747.788,228.367,46.863,0.013,0,1,0,1,0,-1,0,0.013],"_humanoidState":5,"_cameraCFrame":[752.391,245.321,46.825,-0.008,-0.958,0.285,0,0.285,0.958,-1,0.008,-0.002],"_shiftlockState":false,"_pose":"FreeFall","_animationQueue":[],"_animationSpeed":1,"_zoom":16.125},{"_mousePosition":[724,363],"_rootPartCFrame":[747.521,227.922,46.864,0.01,0,1,0,1,0,-1,0,0.01],"_humanoidState":5,"_cameraCFrame":[752.095,244.885,46.815,-0.011,-0.959,0.284,0,0.284,0.959,-1,0.01,-0.003],"_shiftlockState":false,"_pose":"FreeFall","_animationQueue":[],"_animationSpeed":1,"_zoom":16.125},{"_mousePosition":[724,363],"_rootPartCFrame":[747.255,227.422,46.867,0.008,0,1,0,1,0,-1,0,0.008],"_humanoidState":5,"_cameraCFrame":[751.828,244.385,46.817,-0.011,-0.959,0.284,0,0.284,0.959,-1,0.01,-0.003],"_shiftlockState":false,"_pose":"FreeFall","_animationQueue":[],"_animationSpeed":1,"_zoom":16.125},{"_mousePosition":[724,363],"_rootPartCFrame":[746.988,226.868,46.869,0.005,0,1,0,1,0,-1,0,0.005],"_humanoidState":5,"_cameraCFrame":[751.561,243.831,46.82,-0.011,-0.959,0.284,0,0.284,0.959,-1,0.01,-0.003],"_shiftlockState":false,"_pose":"FreeFall","_animationQueue":[],"_animationSpeed":1,"_zoom":16.125},{"_mousePosition":[724,363],"_rootPartCFrame":[746.721,226.26,46.872,0.003,0,1,0,1,0,-1,0,0.003],"_humanoidState":5,"_cameraCFrame":[751.295,243.223,46.823,-0.011,-0.959,0.284,0,0.284,0.959,-1,0.01,-0.003],"_shiftlockState":false,"_pose":"FreeFall","_animationQueue":[["fall",0.3]],"_animationSpeed":1,"_zoom":16.125},{"_mousePosition":[724,363],"_rootPartCFrame":[746.455,225.597,46.875,0.001,0,1,0,1,0,-1,0,0.001],"_humanoidState":5,"_cameraCFrame":[751.028,242.559,46.826,-0.011,-0.959,0.284,0,0.284,0.959,-1,0.01,-0.003],"_shiftlockState":false,"_pose":"FreeFall","_animationQueue":[],"_animationSpeed":1,"_zoom":16.125},{"_mousePosition":[724,363],"_rootPartCFrame":[746.188,224.879,46.878,-0.001,0,1,0,1,0,-1,0,-0.001],"_humanoidState":5,"_cameraCFrame":[750.762,241.842,46.828,-0.011,-0.959,0.284,0,0.284,0.959,-1,0.01,-0.003],"_shiftlockState":false,"_pose":"FreeFall","_animationQueue":[],"_animationSpeed":1,"_zoom":16.125},{"_mousePosition":[724,363],"_rootPartCFrame":[745.922,224.107,46.881,-0.002,0,1,0,1,0,-1,0,-0.002],"_humanoidState":5,"_cameraCFrame":[750.495,241.07,46.831,-0.011,-0.959,0.284,0,0.284,0.959,-1,0.01,-0.003],"_shiftlockState":false,"_pose":"FreeFall","_animationQueue":[],"_animationSpeed":1,"_zoom":16.125},{"_mousePosition":[724,363],"_rootPartCFrame":[745.655,223.28,46.884,-0.003,0,1,0,1,0,-1,0,-0.003],"_humanoidState":5,"_cameraCFrame":[750.229,240.243,46.869,-0.003,-0.959,0.284,0,0.284,0.959,-1,0.003,-0.001],"_shiftlockState":false,"_pose":"FreeFall","_animationQueue":[],"_animationSpeed":1,"_zoom":16.125},{"_mousePosition":[724,363],"_rootPartCFrame":[745.388,222.508,46.887,-0.004,0,1,0,1,0,-1,0,-0.004],"_humanoidState":7,"_cameraCFrame":[749.962,239.471,46.93,0.009,-0.959,0.284,0,0.284,0.959,-1,-0.009,0.003],"_shiftlockState":false,"_pose":"FreeFall","_animationQueue":[["walk",0.1],["fall",0.3],["fall",0.3]],"_animationSpeed":1,"_zoom":16.125},{"_mousePosition":[724,363],"_rootPartCFrame":[745.122,222.46,46.888,-0.005,0,1,0,1,0,-1,0,-0.005],"_humanoidState":7,"_cameraCFrame":[749.693,239.423,47.023,0.03,-0.959,0.284,0,0.284,0.959,-1,-0.028,0.008],"_shiftlockState":false,"_pose":"FreeFall","_animationQueue":[],"_animationSpeed":1,"_zoom":16.125},{"_mousePosition":[724,363],"_rootPartCFrame":[744.789,222.57,46.885,-0.003,0,1,0,1,0,-1,0,-0.003],"_humanoidState":8,"_cameraCFrame":[749.416,239.515,47.128,0.052,-0.957,0.287,0,0.287,0.958,-0.999,-0.05,0.015],"_shiftlockState":false,"_pose":"Running","_animationQueue":[["fall",0.3],["walk",0.1],["fall",0.3],["walk",0.1]],"_animationSpeed":1.103,"_zoom":16.125},{"_mousePosition":[724,363],"_rootPartCFrame":[744.522,222.628,46.878,0.001,0,1,0,1,0,-1,0,0.001],"_humanoidState":8,"_cameraCFrame":[749.172,239.564,47.24,0.078,-0.954,0.288,0,0.289,0.957,-0.997,-0.074,0.022],"_shiftlockState":false,"_pose":"Running","_animationQueue":[],"_animationSpeed":1.103,"_zoom":16.125},{"_mousePosition":[724,363],"_rootPartCFrame":[744.256,222.661,46.864,0.008,0,1,0,1,0,-1,0,0.008],"_humanoidState":8,"_cameraCFrame":[748.895,239.597,47.344,0.103,-0.952,0.288,0,0.289,0.957,-0.995,-0.098,0.03],"_shiftlockState":false,"_pose":"Running","_animationQueue":[],"_animationSpeed":1.103,"_zoom":16.125},{"_mousePosition":[724,363],"_rootPartCFrame":[743.99,222.679,46.844,0.017,0,1,0,1,0,-1,0,0.017],"_humanoidState":8,"_cameraCFrame":[748.615,239.615,47.441,0.128,-0.949,0.287,0,0.289,0.957,-0.992,-0.123,0.037],"_shiftlockState":false,"_pose":"Running","_animationQueue":[],"_animationSpeed":1.103,"_zoom":16.125},{"_mousePosition":[724,363],"_rootPartCFrame":[743.724,222.66,46.823,0.026,0,1,0,1,0,-1,0,0.026],"_humanoidState":8,"_cameraCFrame":[748.359,239.587,47.565,0.158,-0.945,0.287,0,0.291,0.957,-0.987,-0.151,0.046],"_shiftlockState":false,"_pose":"Running","_animationQueue":[],"_animationSpeed":1.103,"_zoom":16.125},{"_mousePosition":[724,363],"_rootPartCFrame":[743.458,222.587,46.803,0.036,0,0.999,0,1,0,-0.999,0,0.036],"_humanoidState":8,"_cameraCFrame":[748.081,239.513,47.615,0.173,-0.942,0.287,0,0.291,0.957,-0.985,-0.166,0.05],"_shiftlockState":false,"_pose":"Running","_animationQueue":[],"_animationSpeed":1.103,"_zoom":16.125},{"_mousePosition":[724,363],"_rootPartCFrame":[743.192,222.459,46.782,0.045,0,0.999,0,1,0,-0.999,0,0.045],"_humanoidState":8,"_cameraCFrame":[747.8,239.385,47.676,0.19,-0.939,0.286,0,0.291,0.957,-0.982,-0.182,0.055],"_shiftlockState":false,"_pose":"Running","_animationQueue":[],"_animationSpeed":1.103,"_zoom":16.125},{"_mousePosition":[724,363],"_rootPartCFrame":[742.926,222.276,46.761,0.054,0,0.999,0,1,0,-0.999,0,0.054],"_humanoidState":8,"_cameraCFrame":[747.518,239.203,47.737,0.208,-0.936,0.285,0,0.291,0.957,-0.978,-0.199,0.06],"_shiftlockState":false,"_pose":"Running","_animationQueue":[["walk",0.1]],"_animationSpeed":1.103,"_zoom":16.125},{"_mousePosition":[724,363],"_rootPartCFrame":[742.594,223.36,46.735,0.066,0,0.998,0,1,0,-0.998,0,0.066],"_humanoidState":3,"_cameraCFrame":[747.197,240.277,47.799,0.225,-0.932,0.285,0,0.293,0.956,-0.974,-0.215,0.066],"_shiftlockState":false,"_pose":"Jumping","_animationQueue":[["walk",0.1],["jump",0.1]],"_animationSpeed":1,"_zoom":16.125},{"_mousePosition":[724,363],"_rootPartCFrame":[742.397,223.971,46.705,0.077,0,0.997,0,1,0,-0.997,0,0.077],"_humanoidState":5,"_cameraCFrame":[747.009,240.88,47.857,0.242,-0.927,0.286,0,0.295,0.956,-0.97,-0.232,0.071],"_shiftlockState":false,"_pose":"FreeFall","_animationQueue":[["jump",0.1]],"_animationSpeed":1,"_zoom":16.125},{"_mousePosition":[724,363],"_rootPartCFrame":[742.137,224.739,46.647,0.096,0,0.995,0,1,0,-0.995,0,0.096],"_humanoidState":5,"_cameraCFrame":[746.757,241.638,47.888,0.259,-0.922,0.287,0,0.297,0.955,-0.966,-0.248,0.077],"_shiftlockState":false,"_pose":"FreeFall","_animationQueue":[],"_animationSpeed":1,"_zoom":16.125},{"_mousePosition":[724,363],"_rootPartCFrame":[741.878,225.452,46.583,0.116,0,0.993,0,1,0,-0.993,0,0.116],"_humanoidState":5,"_cameraCFrame":[746.479,242