[{"_mousePosition":[565,304],"_rootPartCFrame":[776.027,222.7,47.142,0.002,0,1,0,1,0,-1,0,0.002],"_humanoidState":8,"_cameraCFrame":[783.109,234.496,47.432,0.041,-0.823,0.567,0,0.567,0.824,-0.999,-0.034,0.023],"_shiftlockState":false,"_pose":"Standing","_animationQueue":[],"_animationSpeed":1,"_zoom":16.125},{"_mousePosition":[565,304],"_rootPartCFrame":[775.781,222.7,47.134,0.007,0,1,0,1,0,-1,0,0.007],"_humanoidState":8,"_cameraCFrame":[782.72,234.592,47.453,0.046,-0.83,0.555,0,0.556,0.831,-0.999,-0.038,0.026],"_shiftlockState":false,"_pose":"Standing","_animationQueue":[],"_animationSpeed":1,"_zoom":16.125},{"_mousePosition":[565,304],"_rootPartCFrame":[775.515,222.7,47.123,0.011,0,1,0,1,0,-1,0,0.011],"_humanoidState":8,"_cameraCFrame":[782.311,234.685,47.47,0.051,-0.838,0.544,0,0.544,0.839,-0.999,-0.043,0.028],"_shiftlockState":false,"_pose":"Running","_animationQueue":[["walk",0.1]],"_animationSpeed":1.066,"_zoom":16.125},{"_mousePosition":[565,304],"_rootPartCFrame":[775.249,222.7,47.111,0.016,0,1,0,1,0,-1,0,0.016],"_humanoidState":8,"_cameraCFrame":[781.9,234.777,47.467,0.054,-0.845,0.532,0,0.533,0.846,-0.999,-0.045,0.029],"_shiftlockState":false,"_pose":"Running","_animationQueue":[],"_animationSpeed":1.066,"_zoom":16.125},{"_mousePosition":[565,304],"_rootPartCFrame":[774.982,222.7,47.097,0.021,0,1,0,1,0,-1,0,0.021],"_humanoidState":8,"_cameraCFrame":[781.468,234.88,47.445,0.054,-0.853,0.519,0,0.52,0.854,-0.999,-0.046,0.028],"_shiftlockState":false,"_pose":"Running","_animationQueue":[],"_animationSpeed":1.066,"_zoom":16.125},{"_mousePosition":[565,304],"_rootPartCFrame":[774.716,222.7,47.083,0.025,0,1,0,1,0,-1,0,0.025],"_humanoidState":8,"_cameraCFrame":[781.056,234.967,47.423,0.054,-0.86,0.507,0,0.508,0.861,-0.999,-0.046,0.027],"_shiftlockState":false,"_pose":"Running","_animationQueue":[],"_animationSpeed":1.066,"_zoom":16.125},{"_mousePosition":[565,304],"_rootPartCFrame":[774.45,222.7,47.069,0.029,0,1,0,1,0,-1,0,0.029],"_humanoidState":8,"_cameraCFrame":[780.515,235.125,47.394,0.054,-0.873,0.485,0,0.486,0.874,-0.999,-0.047,0.026],"_shiftlockState":false,"_pose":"Running","_animationQueue":[],"_animationSpeed":1.066,"_zoom":16.125},{"_mousePosition":[565,304],"_rootPartCFrame":[774.184,222.7,47.054,0.032,0,0.999,0,1,0,-0.999,0,0.032],"_humanoidState":8,"_cameraCFrame":[780.164,235.172,47.36,0.051,-0.877,0.478,0,0.479,0.878,-0.999,-0.045,0.024],"_shiftlockState":false,"_pose":"Running","_animationQueue":[["walk",0.1]],"_animationSpeed":1.066,"_zoom":16.125},{"_mousePosition":[565,304],"_rootPartCFrame":[773.917,222.7,47.04,0.035,0,0.999,0,1,0,-0.999,0,0.035],"_humanoidState":8,"_cameraCFrame":[779.577,235.342,47.286,0.043,-0.891,0.453,0,0.453,0.891,-0.999,-0.039,0.02],"_shiftlockState":false,"_pose":"Running","_animationQueue":[],"_animationSpeed":1.066,"_zoom":16.125},{"_mousePosition":[565,304],"_rootPartCFrame":[773.651,222.7,47.026,0.037,0,0.999,0,1,0,-0.999,0,0.037],"_humanoidState":8,"_cameraCFrame":[779.116,235.44,47.236,0.038,-0.899,0.437,0,0.438,0.899,-0.999,-0.035,0.017],"_shiftlockState":false,"_pose":"Running","_animationQueue":[],"_animationSpeed":1.066,"_zoom":16.125},{"_mousePosition":[565,304],"_rootPartCFrame":[773.385,222.7,47.015,0.038,0,0.999,0,1,0,-0.999,0,0.038],"_humanoidState":8,"_cameraCFrame":[778.675,235.524,47.191,0.033,-0.905,0.423,0,0.423,0.906,-0.999,-0.03,0.014],"_shiftlockState":false,"_pose":"Running","_animationQueue":[],"_animationSpeed":1.066,"_zoom":16.125},{"_mousePosition":[565,304],"_rootPartCFrame":[773.118,222.7,47.004,0.038,0,0.999,0,1,0,-0.999,0,0.038],"_humanoidState":8,"_cameraCFrame":[778.233,235.605,47.136,0.026,-0.912,0.409,0,0.409,0.912,-1,-0.023,0.011],"_shiftlockState":false,"_pose":"Running","_animationQueue":[],"_animationSpeed":1.066,"_zoom":16.125},{"_mousePosition":[565,304],"_rootPartCFrame":[772.852,222.7,46.995,0.038,0,0.999,0,1,0,-0.999,0,0.038],"_humanoidState":8,"_cameraCFrame":[777.788,235.683,47.097,0.021,-0.918,0.395,0,0.395,0.919,-1,-0.019,0.008],"_shiftlockState":false,"_pose":"Running","_animationQueue":[],"_animationSpeed":1.066,"_zoom":16.125},{"_mousePosition":[565,304],"_rootPartCFrame":[772.585,222.7,46.988,0.036,0,0.999,0,1,0,-0.999,0,0.036],"_humanoidState":8,"_cameraCFrame":[777.365,235.749,47.063,0.016,-0.924,0.382,0,0.382,0.924,-1,-0.014,0.006],"_shiftlockState":false,"_pose":"Running","_animationQueue":[],"_animationSpeed":1.066,"_zoom":16.125},{"_mousePosition":[565,304],"_rootPartCFrame":[772.319,222.7,46.983,0.034,0,0.999,0,1,0,-0.999,0,0.034],"_humanoidState":8,"_cameraCFrame":[776.964,235.805,47.032,0.011,-0.928,0.372,0,0.372,0.928,-1,-0.01,0.004],"_shiftlockState":false,"_pose":"Running","_animationQueue":[["walk",0.1]],"_animationSpeed":1.066,"_zoom":16.125},{"_mousePosition":[565,304],"_rootPartCFrame":[772.052,222.7,46.978,0.032,0,0.999,0,1,0,-0.999,0,0.032],"_humanoidState":8,"_cameraCFrame":[776.561,235.858,47.003,0.005,-0.933,0.361,0,0.361,0.933,-1,-0.005,0.002],"_shiftlockState":false,"_pose":"Running","_animationQueue":[],"_animationSpeed":1.066,"_zoom":16.125},{"_mousePosition":[565,304],"_rootPartCFrame":[771.785,222.7,46.975,0.029,0,1,0,1,0,-1,0,0.029],"_humanoidState":8,"_cameraCFrame":[776.158,235.91,46.988,0.003,-0.937,0.35,0,0.35,0.937,-1,-0.003,0.001],"_shiftlockState":false,"_pose":"Running","_animationQueue":[],"_animationSpeed":1.066,"_zoom":16.125},{"_mousePosition":[565,304],"_rootPartCFrame":[771.519,222.7,46.974,0.026,0,1,0,1,0,-1,0,0.026],"_humanoidState":8,"_cameraCFrame":[775.754,235.96,46.965,-0.002,-0.941,0.339,0,0.339,0.941,-1,0.002,-0.001],"_shiftlockState":false,"_pose":"Running","_animationQueue":[],"_animationSpeed":1.066,"_zoom":16.125},{"_mousePosition":[565,304],"_rootPartCFrame":[771.252,222.7,46.973,0.023,0,1,0,1,0,-1,0,0.023],"_humanoidState":8,"_cameraCFrame":[775.396,235.993,46.954,-0.005,-0.943,0.331,0,0.331,0.943,-1,0.004,-0.002],"_shiftlockState":false,"_pose":"Running","_animationQueue":[],"_animationSpeed":1.066,"_zoom":16.125},{"_mousePosition":[565,304],"_rootPartCFrame":[770.985,222.7,46.973,0.02,0,1,0,1,0,-1,0,0.02],"_humanoidState":8,"_cameraCFrame":[775.037,236.025,46.944,-0.007,-0.946,0.324,0,0.324,0.946,-1,0.007,-0.002],"_shiftlockState":false,"_pose":"Running","_animationQueue":[],"_animationSpeed":1.066,"_zoom":16.125},{"_mousePosition":[565,304],"_rootPartCFrame":[770.719,222.7,46.975,0.016,0,1,0,1,0,-1,0,0.016],"_humanoidState":8,"_cameraCFrame":[774.631,236.071,46.927,-0.012,-0.95,0.313,0,0.313,0.95,-1,0.012,-0.004],"_shiftlockState":false,"_pose":"Running","_animationQueue":[],"_animationSpeed":1.066,"_zoom":16.125},{"_mousePosition":[565,304],"_rootPartCFrame":[770.452,222.7,46.977,0.013,0,1,0,1,0,-1,0,0.013],"_humanoidState":8,"_cameraCFrame":[774.295,236.094,46.93,-0.012,-0.951,0.307,0,0.307,0.952,-1,0.012,-0.004],"_shiftlockState":false,"_pose":"Running","_animationQueue":[["walk",0.1]],"_animationSpeed":1.066,"_zoom":16.125},{"_mousePosition":[565,304],"_rootPartCFrame":[770.185,222.666,46.978,0.01,0,1,0,1,0,-1,0,0.01],"_humanoidState":8,"_cameraCFrame":[774.005,236.068,46.932,-0.012,-0.952,0.306,0,0.306,0.952,-1,0.012,-0.004],"_shiftlockState":false,"_pose":"Running","_animationQueue":[],"_animationSpeed":1.066,"_zoom":16.125},{"_mousePosition":[565,304],"_rootPartCFrame":[769.919,222.577,46.98,0.007,0,1,0,1,0,-1,0,0.007],"_humanoidState":8,"_cameraCFrame":[773.716,235.986,46.934,-0.012,-0.953,0.304,0,0.304,0.953,-1,0.012,-0.004],"_shiftlockState":false,"_pose":"Running","_animationQueue":[],"_animationSpeed":1.066,"_zoom":16.125},{"_mousePosition":[565,304],"_rootPartCFrame":[769.652,222.434,46.982,0.004,0,1,0,1,0,-1,0,0.004],"_humanoidState":8,"_cameraCFrame":[773.426,235.851,46.927,-0.015,-0.953,0.302,0,0.302,0.953,-1,0.014,-0.004],"_shiftlockState":false,"_pose":"Running","_animationQueue":[],"_animationSpeed":1.066,"_zoom":16.125},{"_mousePosition":[565,304],"_rootPartCFrame":[769.319,223.518,46.985,0,0,1,0,1,0,-1,0,0],"_humanoidState":3,"_cameraCFrame":[773.069,236.942,46.929,-0.015,-0.954,0.3,0,0.3,0.954,-1,0.014,-0.004],"_shiftlockState":false,"_pose":"Jumping","_animationQueue":[["walk",0.1],["jump",0.1]],"_animationSpeed":1,"_zoom":16.125},{"_mousePosition":[565,304],"_rootPartCFrame":[769.119,224.129,46.987,-0.002,0,1,0,1,0,-1,0,-0.002],"_humanoidState":5,"_cameraCFrame":[772.846,237.56,46.932,-0.015,-0.954,0.298,0,0.298,0.955,-1,0.014,-0.004],"_shiftlockState":false,"_pose":"FreeFall","_animationQueue":[["jump",0.1]],"_animationSpeed":1,"_zoom":16.125},{"_mousePosition":[565,304],"_rootPartCFrame":[768.852,224.897,46.991,-0.004,0,1,0,1,0,-1,0,-0.004],"_humanoidState":5,"_cameraCFrame":[772.533,238.342,46.928,-0.017,-0.956,0.294,0,0.294,0.956,-1,0.017,-0.005],"_shiftlockState":false,"_pose":"FreeFall","_animationQueue":[],"_animationSpeed":1,"_zoom":16.125},{"_mousePosition":[565,304],"_rootPartCFrame":[768.586,225.61,46.995,-0.005,0,1,0,1,0,-1,0,-0.005],"_humanoidState":5,"_cameraCFrame":[772.22,239.07,46.932,-0.017,-0.957,0.291,0,0.291,0.957,-1,0.017,-0.005],"_shiftlockState":false,"_pose":"FreeFall","_animationQueue":[],"_animationSpeed":1,"_zoom":16.125},{"_mousePosition":[565,304],"_rootPartCFrame":[768.319,226.268,47,-0.007,0,1,0,1,0,-1,0,-0.007],"_humanoidState":5,"_cameraCFrame":[771.953,239.728,46.937,-0.017,-0.957,0.291,0,0.291,0.957,-1,0.017,-0.005],"_shiftlockState":false,"_pose":"FreeFall","_animationQueue":[],"_animationSpeed":1,"_zoom":16.125},{"_mousePosition":[565,304],"_rootPartCFrame":[768.119,226.726,47.003,-0.008,0,1,0,1,0,-1,0,-0.008],"_humanoidState":5,"_cameraCFrame":[771.753,240.186,46.931,-0.02,-0.957,0.291,0,0.291,0.957,-1,0.019,-0.006],"_shiftlockState":false,"_pose":"FreeFall","_animationQueue":[],"_animationSpeed":1,"_zoom":16.125},{"_mousePosition":[565,304],"_rootPartCFrame":[767.786,227.422,47.009,-0.01,0,1,0,1,0,-1,0,-0.01],"_humanoidState":5,"_cameraCFrame":[771.42,240.882,46.937,-0.02,-0.957,0.291,0,0.291,0.957,-1,0.019,-0.006],"_shiftlockState":false,"_pose":"FreeFall","_animationQueue":[],"_animationSpeed":1,"_zoom":16.125},{"_mousePosition":[568,304],"_rootPartCFrame":[767.519,227.917,47.014,-0.011,0,1,0,1,0,-1,0,-0.011],"_humanoidState":5,"_cameraCFrame":[771.153,241.377,46.942,-0.02,-0.957,0.291,0,0.291,0.957,-1,0.019,-0.006],"_shiftlockState":false,"_pose":"FreeFall","_animationQueue":[],"_animationSpeed":1,"_zoom":16.125},{"_mousePosition":[568,304],"_rootPartCFrame":[767.253,228.357,47.019,-0.012,0,1,0,1,0,-1,0,-0.012],"_humanoidState":5,"_cameraCFrame":[770.886,241.817,46.947,-0.02,-0.957,0.291,0,0.291,0.957,-1,0.019,-0.006],"_shiftlockState":false,"_pose":"FreeFall","_animationQueue":[],"_animationSpeed":1,"_zoom":16.125},{"_mousePosition":[568,304],"_rootPartCFrame":[766.986,228.743,47.025,-0.013,0,1,0,1,0,-1,0,-0.013],"_humanoidState":5,"_cameraCFrame":[770.62,242.203,46.953,-0.02,-0.957,0.291,0,0.291,0.957,-1,0.019,-0.006],"_shiftlockState":false,"_pose":"FreeFall","_animationQueue":[],"_animationSpeed":1,"_zoom":16.125},{"_mousePosition":[568,304],"_rootPartCFrame":[766.72,229.075,47.03,-0.014,0,1,0,1,0,-1,0,-0.014],"_humanoidState":5,"_cameraCFrame":[770.353,242.535,46.958,-0.02,-0.957,0.291,0,0.291,0.957,-1,0.019,-0.006],"_shiftlockState":false,"_pose":"FreeFall","_animationQueue":[],"_animationSpeed":1,"_zoom":16.125},{"_mousePosition":[568,305],"_rootPartCFrame":[766.52,229.288,47.034,-0.015,0,1,0,1,0,-1,0,-0.015],"_humanoidState":5,"_cameraCFrame":[770.153,242.748,46.962,-0.02,-0.957,0.291,0,0.291,0.957,-1,0.019,-0.006],"_shiftlockState":false,"_pose":"FreeFall","_animationQueue":[],"_animationSpeed":1,"_zoom":16.125},{"_mousePosition":[572,307],"_rootPartCFrame":[766.186,229.574,47.04,-0.016,0,1,0,1,0,-1,0,-0.016],"_humanoidState":5,"_cameraCFrame":[769.82,243.034,46.968,-0.02,-0.957,0.291,0,0.291,0.957,-1,0.019,-0.006],"_shiftlockState":false,"_pose":"FreeFall","_animationQueue":[],"_animationSpeed":1,"_zoom":16.125},{"_mousePosition":[585,310],"_rootPartCFrame":[765.92,229.742,47.046,-0.016,0,1,0,1,0,-1,0,-0.016],"_humanoidState":5,"_cameraCFrame":[769.553,243.202,46.974,-0.02,-0.957,0.291,0,0.291,0.957,-1,0.019,-0.006],"_shiftlockState":false,"_pose":"FreeFall","_animationQueue":[],"_animationSpeed":1,"_zoom":16.125},{"_mousePosition":[605,314],"_rootPartCFrame":[765.653,229.856,47.051,-0.017,0,1,0,1,0,-1,0,-0.017],"_humanoidState":5,"_cameraCFrame":[769.287,243.316,46.979,-0.02,-0.957,0.291,0,0.291,0.957,-1,0.019,-0.006],"_shiftlockState":false,"_pose":"FreeFall","_animationQueue":[],"_animationSpeed":1,"_zoom":16.125},{"_mousePosition":[628,321],"_rootPartCFrame":[765.387,229.915,47.056,-0.017,0,1,0,1,0,-1,0,-0.017],"_humanoidState":5,"_cameraCFrame":[769.02,243.375,46.984,-0.02,-0.957,0.291,0,0.291,0.957,-1,0.019,-0.006],"_shiftlockState":false,"_pose":"FreeFall","_animationQueue":[],"_animationSpeed":1,"_zoom":16.125},{"_mousePosition":[659,327],"_rootPartCFrame":[765.12,229.919,47.062,-0.018,0,1,0,1,0,-1,0,-0.018],"_humanoidState":5,"_cameraCFrame":[768.754,243.379,46.99,-0.02,-0.957,0.291,0,0.291,0.957,-1,0.019,-0.006],"_shiftlockState":false,"_pose":"FreeFall","_animationQueue":[["fall",0.3]],"_animationSpeed":1,"_zoom":16.125},{"_mousePosition":[694,336],"_rootPartCFrame":[764.853,229.869,47.067,-0.018,0,1,0,1,0,-1,0,-0.018],"_humanoidState":5,"_cameraCFrame":[768.487,243.329,46.995,-0.02,-0.957,0.291,0,0.291,0.957,-1,0.019,-0.006],"_shiftlockState":false,"_pose":"FreeFall","_animationQueue":[],"_animationSpeed":1,"_zoom":16.125},{"_mousePosition":[727,344],"_rootPartCFrame":[764.587,229.765,47.072,-0.018,0,1,0,1,0,-1,0,-0.018],"_humanoidState":5,"_cameraCFrame":[768.22,243.225,47,-0.02,-0.957,0.291,0,0.291,0.957,-1,0.019,-0.006],"_shiftlockState":false,"_pose":"FreeFall","_animationQueue":[],"_animationSpeed":1,"_zoom":16.125},{"_mousePosition":[758,356],"_rootPartCFrame":[764.32,229.606,47.077,-0.018,0,1,0,1,0,-1,0,-0.018],"_humanoidState":5,"_cameraCFrame":[767.954,243.066,47.005,-0.02,-0.957,0.291,0,0.291,0.957,-1,0.019,-0.006],"_shiftlockState":false,"_pose":"FreeFall","_animationQueue":[],"_animationSpeed":1,"_zoom":16.125},{"_mousePosition":[773,365],"_rootPartCFrame":[764.054,229.393,47.083,-0.019,0,1,0,1,0,-1,0,-0.019],"_humanoidState":5,"_cameraCFrame":[767.687,242.853,47.011,-0.02,-0.957,0.291,0,0.291,0.957,-1,0.019,-0.006],"_shiftlockState":false,"_pose":"FreeFall","_animationQueue":[],"_animationSpeed":1,"_zoom":16.125},{"_mousePosition":[785,372],"_rootPartCFrame":[763.787,229.125,47.088,-0.019,0,1,0,1,0,-1,0,-0.019],"_humanoidState":5,"_cameraCFrame":[767.421,242.585,47.016,-0.02,-0.957,0.291,0,0.291,0.957,-1,0.019,-0.006],"_shiftlockState":false,"_pose":"FreeFall","_animationQueue":[],"_animationSpeed":1,"_zoom":16.125},{"_mousePosition":[791,377],"_rootPartCFrame":[763.52,228.802,47.093,-0.019,0,1,0,1,0,-1,0,-0.019],"_humanoidState":5,"_cameraCFrame":[767.154,242.262,47.021,-0.02,-0.957,0.291,0,0.291,0.957,-1,0.019,-0.006],"_shiftlockState":false,"_pose":"FreeFall","_animationQueue":[["fall",0.3]],"_animationSpeed":1,"_zoom":16.125},{"_mousePosition":[793,380],"_rootPartCFrame":[763.254,228.425,47.099,-0.019,0,1,0,1,0,-1,0,-0.019],"_humanoidState":5,"_cameraCFrame":[766.887,241.885,47.027,-0.02,-0.957,0.291,0,0.291,0.957,-1,0.019,-0.006],"_shiftlockState":false,"_pose":"FreeFall","_animationQueue":[],"_animationSpeed":1,"_zoom":16.125},{"_mousePosition":[794,382],"_rootPartCFrame":[762.987,227.994,47.104,-0.019,0,1,0,1,0,-1,0,-0.019],"_humanoidState":5,"_cameraCFrame":[766.621,241.454,47.032,-0.02,-0.957,0.291,0,0.291,0.957,-1,0.019,-0.006],"_shiftlockState":false,"_pose":"FreeFall","_animationQueue":[],"_animationSpeed":1,"_zoom":16.125},{"_mousePosition":[794,382],"_rootPartCFrame":[762.721,227.508,47.109,-0.019,0,1,0,1,0,-1,0,-0.019],"_humanoidState":5,"_cameraCFrame":[766.261,240.996,47.039,-0.02,-0.959,0.283,0,0.283,0.959,-1,0.019,-0.006],"_shiftlockState":false,"_pose":"FreeFall","_animationQueue":[],"_animationSpeed":1,"_zoom":16.125},{"_mousePosition":[794,382],"_rootPartCFrame":[762.454,226.967,47.114,-0.019,0,1,0,1,0,-1,0,-0.019],"_humanoidState":5,"_cameraCFrame":[765.877,240.489,47.021,-0.027,-0.961,0.274,0,0.274,0.962,-1,0.026,-0.008],"_shiftlockState":false,"_pose":"FreeFall","_animationQueue":[],"_animationSpeed":1,"_zoom":16.125},{"_mousePosition":[794,382],"_rootPartCFrame":[762.187,226.372,47.12,-0.019,0,1,0,1,0,-1,0,-0.019],"_humanoidState":5,"_cameraCFrame":[765.492,239.927,47.004,-0.035,-0.964,0.264,0,0.265,0.964,-0.999,0.034,-0.009],"_shiftlockState":false,"_pose":"FreeFall","_animationQueue":[],"_animationSpeed":1,"_zoom":16.125},{"_mousePosition":[794,382],"_rootPartCFrame":[761.921,225.723,47.127,-0.02,0,1,0,1,0,-1,0,-0.02],"_humanoidState":5,"_cameraCFrame":[765.107,239.309,46.983,-0.045,-0.966,0.255,0,0.255,0.967,-0.999,0.044,-0.012],"_shiftlockState":false,"_pose":"FreeFall","_animationQueue":[],"_animationSpeed":1,"_zoom":16.125},{"_mousePosition":[794,382],"_rootPartCFrame":[761.679,225.624,47.135,-0.022,0,1,0,1,0,-1,0,-0.022],"_humanoidState":7,"_cameraCFrame":[764.746,239.241,46.973,-0.053,-0.968,0.245,0,0.246,0.969,-0.999,0.051,-0.013],"_shiftlockState":false,"_pose":"FreeFall","_animationQueue":[["fall",0.3],["walk",0.1],["fall",0.3],["fall",0.3]],"_animationSpeed":1,"_zoom":16.125},{"_mousePosition":[794,382],"_rootPartCFrame":[761.441,225.622,47.145,-0.025,0,1,0,1,0,-1,0,-0.025],"_humanoidState":7,"_cameraCFrame":[764.412,239.263,46.966,-0.06,-0.969,0.238,0,0.238,0.971,-0.998,0.059,-0.014],"_shiftlockState":false,"_pose":"FreeFall","_animationQueue":[],"_animationSpeed":1,"_zoom":16.125},{"_mousePosition":[794,382],"_rootPartCFrame":[761.139,225.622,47.161,-0.029,0,1,0,1,0,-1,0,-0.029],"_humanoidState":8,"_cameraCFrame":[764.015,239.285,46.965,-0.068,-0.971,0.23,0,0.231,0.973,-0.998,0.066,-0.016],"_shiftlockState":false,"_pose":"Running","_animationQueue":[["walk",0.1],["fall",0.3],["walk",0.1]],"_animationSpeed":0.985,"_zoom":16.125},{"_mousePosition":[794,382],"_rootPartCFrame":[760.898,225.622,47.175,-0.033,0,0.999,0,1,0,-0.999,0,-0.033],"_humanoidState":8,"_cameraCFrame":[763.725,239.297,46.961,-0.075,-0.971,0.226,0,0.227,0.974,-0.997,0.073,-0.017],"_shiftlockState":false,"_pose":"Running","_animationQueue":[],"_animationSpeed":0.985,"_zoom":16.125},{"_mousePosition":[794,382],"_rootPartCFrame":[760.653,225.622,47.192,-0.038,0,0.999,0,1,0,-0.999,0,-0.038],"_humanoidState":8,"_cameraCFrame":[763.406,239.313,46.955,-0.086,-0.972,0.22,0,0.221,0.975,-0.996,0.083,-0.019],"_shiftlockState":false,"_pose":"Running","_animationQueue":[],"_animationSpeed":0.985,"_zoom":16.125},{"_mousePosition":[794,382],"_rootPartCFrame":[760.409,225.622,47.21,-0.043,0,0.999,0,1,0,-0.999,0,-0.043],"_humanoidState":8,"_cameraCFrame":[763.088,239.329,46.953,-0.096,-0.972,0.214,0,0.215,0.977,-0.995,0.093,-0.021],"_shiftlockState":false,"_pose":"Running","_animationQueue":[],"_animationSpeed":0.985,"_zoom":16.125},{"_mousePosition":[794,382],"_rootPartCFrame":[760.16,225.675,47.231,-0.048,0,0.999,0,1,0,-0.999,0,-0.048],"_humanoidState":8,"_cameraCFrame":[762.789,239.392,46.945,-0.108,-0.972,0.21,0,0.212,0.977,-0.994,0.106,-0.023],"_shiftlockState":false,"_pose":"Running","_animationQueue":[],"_animationSpeed":0.985,"_zoom":16.125},{"_mousePosition":[794,382],"_rootPartCFrame":[759.896,225.689,47.256,-0.055,0,0.999,0,1,0,-0.999,0,-0.055],"_humanoidState":8,"_cameraCFrame":[762.474,239.417,46.943,-0.121,-0.971,0.206,0,0.208,0.978,-0.993,0.118,-0.025],"_shiftlockState":false,"_pose":"Running","_animationQueue":[["walk",0.1],["walk",0.1]],"_animationSpeed":1.035,"_zoom":16.125},{"_mousePosition":[794,382],"_rootPartCFrame":[759.637,225.679,47.284,-0.062,0,0.998,0,1,0,-0.998,0,-0.062],"_humanoidState":8,"_cameraCFrame":[762.165,239.416,46.957,-0.128,-0.971,0.202,0,0.204,0.979,-0.992,0.126,-0.026],"_shiftlockState":false,"_pose":"Running","_animationQueue":[["walk",0.1]],"_animationSpeed":1.102,"_zoom":16.125},{"_mousePosition":[794,382],"_rootPartCFrame":[759.403,225.613,47.313,-0.069,0,0.998,0,1,0,-0.998,0,-0.069],"_humanoidState":8,"_cameraCFrame":[761.931,239.351,46.986,-0.128,-0.971,0.202,0,0.204,0.979,-0.992,0.126,-0.026],"_shiftlockState":false,"_pose":"Running","_animationQueue":[],"_animationSpeed":1.102,"_zoom":16.125},{"_mousePosition":[794,382],"_rootPartCFrame":[759.19,225.494,47.34,-0.077,0,0.997,0,1,0,-0.997,0,-0.077],"_humanoidState":8,"_cameraCFrame":[761.718,239.231,47.013,-0.128,-0.971,0.202,0,0.204,0.979,-0.992,0.126,-0.026],"_shiftlockState":false,"_pose":"Running","_animationQueue":[["walk",0.1]],"_animationSpeed":0.971,"_zoom":16.125},{"_mousePosition":[794,382],"_rootPartCFrame":[758.979,225.326,47.367,-0.084,0,0.996,0,1,0,-0.996,0,-0.084],"_humanoidState":8,"_cameraCFrame":[761.507,239.063,47.04,-0.128,-0.971,0.202,0,0.204,0.979,-0.992,0.126,-0.026],"_shiftlockState":false,"_pose":"Running","_animationQueue":[["walk",0.1]],"_animationSpeed":0.882,"_zoom":16.125},{"_mousePosition":[794,382],"_rootPartCFrame":[758.783,225.165,47.393,-0.09,0,0.996,0,1,0,-0.996,0,-0.09],"_humanoidState":8,"_cameraCFrame":[761.311,238.902,47.066,-0.128,-0.971,0.202,0,0.204,0.979,-0.992,0.126,-0.026],"_shiftlockState":false,"_pose":"Running","_animationQueue":[],"_animationSpeed":0.882,"_zoom":16.125},{"_mousePosition":[794,382],"_rootPartCFrame":[758.597,225.002,47.417,-0.095,0,0.995,0,1,0,-0.995,0,-0.095],"_humanoidState":8,"_cameraCFrame":[761.125,238.74,47.09,-0.128,-0.971,0.202,0,0.204,0.979,-0.992,0.126,-0.026],"_shiftlockState":false,"_pose":"Running","_animationQueue":[["walk",0.1],["walk",0.1]],"_animationSpeed":0.816,"_zoom":16.125},{"_mousePosition":[794,382],"_rootPartCFrame":[758.413,224.786,47.44,-0.1,0,0.995,0,1,0,-0.995,0,-0.1],"_humanoidState":8,"_cameraCFrame":[760.941,238.523,47.113,-0.128,-0.971,0.202,0,0.204,0.979,-0.992,0.126,-0.026],"_shiftlockState":false,"_pose":"Running","_animationQueue":[["walk",0.1]],"_animationSpeed":0.771,"_zoom":16.125},{"_mousePosition":[794,382],"_rootPartCFrame":[758.228,224.622,47.464,-0.104,0,0.995,0,1,0,-0.995,0,-0.104],"_humanoidState":8,"_cameraCFrame":[760.756,238.359,47.137,-0.128,-0.971,0.202,0,0.204,0.979,-0.992,0.126,-0.026],"_shiftlockState":false,"_pose":"Running","_animationQueue":[],"_animationSpeed":0.771,"_zoom":16.125},{"_mousePosition":[794,382],"_rootPartCFrame":[758.044,224.511,47.488,-0.107,0,0.994,0,1,0,-0.994,0,-0.107],"_humanoidState":8,"_cameraCFrame":[760.572,238.249,47.161,-0.128,-0.971,0.202,0,0.204,0.979,-0.992,0.126,-0.026],"_shiftlockState":false,"_pose":"Running","_animationQueue":[],"_animationSpeed":0.771,"_zoom":16.125},{"_mousePosition":[794,382],"_rootPartCFrame":[757.86,224.346,47.512,-0.11,0,0.994,0,1,0,-0.994,0,-0.11],"_humanoidState":8,"_cameraCFrame":[760.388,238.083,47.185,-0.128,-0.971,0.202,0,0.204,0.979,-0.992,0.126,-0.026],"_shiftlockState":false,"_pose":"Running","_animationQueue":[],"_animationSpeed":0.771,"_zoom":16.125},{"_mousePosition":[794,382],"_rootPartCFrame":[757.675,225.209,47.536,-0.113,0,0.994,0,1,0,-0.994,0,-0.113],"_humanoidState":3,"_cameraCFrame":[760.203,238.946,47.209,-0.128,-0.971,0.202,0,0.204,0.979,-0.992,0.126,-0.026],"_shiftlockState":false,"_pose":"Jumping","_animationQueue":[["walk",0.1],["jump",0.1]],"_animationSpeed":1,"_zoom":16.125},{"_mousePosition":[794,382],"_rootPartCFrame":[757.466,226.017,47.563,-0.115,0,0.993,0,1,0,-0.993,0,-0.115],"_humanoidState":5,"_cameraCFrame":[759.994,239.755,47.236,-0.128,-0.971,0.202,0,0.204,0.979,-0.992,0.126,-0.026],"_shiftlockState":false,"_pose":"FreeFall","_animationQueue":[["jump",0.1]],"_animationSpeed":1,"_zoom":16.125},{"_mousePosition":[794,387],"_rootPartCFrame":[757.218,226.771,47.595,-0.117,0,0.993,0,1,0,-0.993,0,-0.117],"_humanoidState":5,"_cameraCFrame":[759.814,240.838,47.259,-0.128,-0.971,0.202,0,0.204,0.979,-0.992,0.126,-0.026],"_shiftlockState":false,"_pose":"FreeFall","_animationQueue":[],"_animationSpeed":1,"_zoom":16.125},{"_mousePosition":[794,387],"_rootPartCFrame":[756.954,227.471,47.629,-0.119,0,0.993,0,1,0,-0.993,0,-0.119],"_humanoidState":5,"_cameraCFrame":[759.666,242.095,47.278,-0.128,-0.971,0.202,0,0.204,0.979,-0.992,0.126,-0.026],"_shiftlockState":false,"_pose":"FreeFall","_animationQueue":[],"_animationSpeed":1,"_zoom":16.125},{"_mousePosition":[794,382],"_rootPartCFrame":[756.69,228.115,47.663,-0.12,0,0.993,0,1,0,-0.993,0,-0.12],"_humanoidState":5,"_cameraCFrame":[759.493,243.323,47.294,-0.131,-0.971,0.2,0,0.202,0.979,-0.991,0.128,-0.026],"_shiftlockState":false,"_pose":"FreeFall","_animationQueue":[],"_animationSpeed":1,"_zoom":16.125},{"_mousePosition":[794,382],"_rootPartCFrame":[756.425,228.706,47.698,-0.121,0,0.993,0,1,0,-0.993,0,-0.121],"_humanoidState":5,"_cameraCFrame":[759.343,244.481,47.298,-0.136,-0.97,0.2,0,0.202,0.979,-0.991,0.133,-0.027],"_shiftlockState":false,"_pose":"FreeFall","_animationQueue":[],"_animationSpeed":1,"_zoom":16.125},{"_mousePosition":[794,382],"_rootPartCFrame":[756.161,229.242,47.732,-0.122,0,0.992,0,1,0,-0.992,0,-0.122],"_humanoidState":5,"_cameraCFrame":[759.129,245.425,47.302,-0.143,-0.97,0.198,0,0.2,0.98,-0.99,0.14,-0.029],"_shiftlockState":false,"_pose":"FreeFall","_animationQueue":[],"_animationSpeed":1,"_zoom":16.125},{"_mousePosition":[794,382],"_rootPartCFrame":[755.897,229.723,47.768,-0.124,0,0.992,0,1,0,-0.992,0,-0.124],"_humanoidState":5,"_cameraCFrame":[758.894,246.223,47.303,-0.153,-0.969,0.196,0,0.198,0.98,-0.988,0.15,-0.03],"_shiftlockState":false,"_pose":"FreeFall","_animationQueue":[],"_animationSpeed":1,"_zoom":16.125},{"_mousePosition":[794,382],"_rootPartCFrame":[755.633,230.15,47.806,-0.126,0,0.992,0,1,0,-0.992,0,-0.126],"_humanoidState":5,"_cameraCFrame":[758.671,246.907,47.272,-0.173,-0.965,0.195,0,0.198,0.98,-0.985,0.17,-0.034],"_shiftlockState":false,"_pose":"FreeFall","_animationQueue":[],"_animationSpeed":1,"_zoom":16.125},{"_mousePosition":[794,382],"_rootPartCFrame":[755.369,230.522,47.847,-0.13,0,0.992,0,1,0,-0.992,0,-0.13],"_humanoidState":5,"_cameraCFrame":[758.407,247.448,47.288,-0.181,-0.964,0.193,0,0.196,0.981,-0.984,0.177,-0.035],"_shiftlockState":false,"_pose":"FreeFall","_animationQueue":[],"_animationSpeed":1,"_zoom":16.125},{"_mousePosition":[794,382],"_rootPartCFrame":[755.107,230.84,47.892,-0.135,0,0.991,0,1,0,-0.991,0,-0.135],"_humanoidState":5,"_cameraCFrame":[758.168,247.89,47.329,-0.181,-0.964,0.193,0,0.196,0.981,-0.984,0.177,-0.035],"_shiftlockState":false,"_pose":"FreeFall","_animationQueue":[],"_animationSpeed":1,"_zoom":16.125},{"_mousePosition":[794,382],"_rootPartCFrame":[754.844,231.104,47.94,-0.141,0,0.99,0,1,0,-0.99,0,-0.141],"_humanoidState":5,"_cameraCFrame":[757.923,248.238,47.374,-0.181,-0.964,0.193,0,0.196,0.981,-0.984,0.177,-0.035],"_shiftlockState":false,"_pose":"FreeFall","_animationQueue":[],"_animationSpeed":1,"_zoom":16.125},{"_mousePosition":[794,382],"_rootPartCFrame":[754.582,231.313,47.988,-0.146,0,0.989,0,1,0,-0.989,0,-0.146],"_humanoidState":5,"_cameraCFrame":[757.672,248.505,47.42,-0.181,-0.964,0.193,0,0.196,0.981,-0.984,0.177,-0.035],"_shiftlockState":false,"_pose":"FreeFall","_animationQueue":[],"_animationSpeed":1,"_zoom":16.125},{"_mousePosition":[794,382],"_rootPartCFrame":[754.32,231.467,48.036,-0.151,0,0.989,0,1,0,-0.989,0,-0.151],"_humanoidState":5,"_cameraCFrame":[757.417,248.697,47.467,-0.181,-0.964,0.193,0,0.196,0.981,-0.984,0.177,-0.035],"_shiftlockState":false,"_pose":"FreeFall","_animationQueue":[],"_animationSpeed":1,"_zoom":16.125},{"_mousePosition":[794,382],"_rootPartCFrame":[754.058,231.567,48.085,-0.155,0,0.988,0,1,0,-0.988,0,-0.155],"_humanoidState":5,"_cameraCFrame":[757.16,248.823,47.514,-0.181,-0.964,0.193,0,0.196,0.981,-0.984,0.177,-0.035],"_shiftlockState":false,"_pose":"FreeFall","_animationQueue":[["fall",0.3]],"_animationSpeed":1,"_zoom":16.125},{"_mousePosition":[794,382],"_rootPartCFrame":[753.796,231.612,48.133,-0.159,0,0.987,0,1,0,-0.987,0,-0.159],"_humanoidState":5,"_cameraCFrame":[756.901,248.887,47.562,-0.181,-0.964,0.193,0,0.196,0.981,-0.984,0.177,-0.035],"_shiftlockState":false,"_pose":"FreeFall","_animationQueue":[],"_animationSpeed":1,"_zoom":16.125},{"_mousePosition":[794,382],"_rootPartCFrame":[753.533,231.603,48.181,-0.162,0,0.987,0,1,0,-0.987,0,-0.162],"_humanoidState":5,"_cameraCFrame":[756.642,248.891,47.61,-0.181,-0.964,0.193,0,0.196,0.981,-0.984,0.177,-0.035],"_shiftlockState":false,"_pose":"FreeFall","_animationQueue":[],"_animationSpeed":1,"_zoom":16.125},{"_mousePosition":[794,382],"_rootPartCFrame":[753.271,231.54,48.229,-0.165,0,0.986,0,1,0,-0.986,0,-0.165],"_humanoidState":5,"_cameraCFrame":[756.381,248.835,47.658,-0.181,-0.964,0.193,0,0.196,0.981,-0.984,0.177,-0.035],"_shiftlockState":false,"_pose":"FreeFall","_animationQueue":[],"_animationSpeed":1,"_zoom":16.125},{"_mousePosition":[794,382],"_rootPartCFrame":[753.009,231.421,48.277,-0.167,0,0.986,0,1,0,-0.986,0,-0.167],"_humanoidState":5,"_cameraCFrame":[756.12,248.722,47.706,-0.181,-0.964,0.193,0,0.196,0.981,-0.984,0.177,-0.035],"_shiftlockState":false,"_pose":"FreeFall","_animationQueue":[],"_animationSpeed":1,"_zoom":16.125},{"_mousePosition":[794,382],"_rootPartCFrame":[752.747,231.249,48.326,-0.169,0,0.986,0,1,0,-0.986,0,-0.169],"_humanoidState":5,"_cameraCFrame":[755.858,248.553,47.754,-0.181,-0.964,0.193,0,0.196,0.981,-0.984,0.177,-0.035],"_shiftlockState":false,"_pose":"FreeFall","_animationQueue":[],"_animationSpeed":1,"_zoom":16.125},{"_mousePosition":[794,382],"_rootPartCFrame":[752.485,231.022,48.374,-0.171,0,0.985,0,1,0,-0.985,0,-0.171],"_humanoidState":5,"_cameraCFrame":[755.597,248.329,47.802,-0.181,-0.964,0.193,0,0.196,0.981,-0.984,0.177,-0.035],"_shiftlockState":false,"_pose":"FreeFall","_animationQueue":[],"_animationSpeed":1,"_zoom":16.125},{"_mousePosition":[794,382],"_rootPartCFrame":[752.222,230.74,48.422,-0.172,0,0.985,0,1,0,-0.985,0,-0.172],"_humanoidState":5,"_cameraCFrame":[755.335,248.049,47.85,-0.181,-0.964,0.193,0,0.196,0.981,-0.984,0.177,-0.035],"_shiftlockState":false,"_pose":"FreeFall","_animationQueue":[["fall",0.3]],"_animationSpeed":1,"_zoom":16.125},{"_mousePosition":[794,382],"_rootPartCFrame":[751.96,230.404,48.47,-0.173,0,0.985,0,1,0,-0.985,0,-0.173],"_humanoidState":5,"_cameraCFrame":[755.073,247.713,47.898,-0.181,-0.964,0.193,0,0.196,0.981,-0.984,0.177,-0.035],"_shiftlockState":false,"_pose":"FreeFall","_animationQueue":[],"_animationSpeed":1,"_zoom":16.125},{"_mousePosition":[794,382],"_rootPartCFrame":[751.698,230.013,48.518,-0.174,0,0.985,0,1,0,-0.985,0,-0.174],"_humanoidState":5,"_cameraCFrame":[754.811,247.324,47.946,-0.181,-0.964,0.193,0,0.196,0.981,-0.984,0.177,-0.035],"_shiftlockState":false,"_pose":"FreeFall","_animationQueue":[],"_animationSpeed":1,"_zoom":16.125},{"_mousePosition":[794,382],"_rootPartCFrame":[751.501,229.685,48.555,-0.175,0,0.985,0,1,0,-0.985,0,-0.175],"_humanoidState":5,"_cameraCFrame":[754.614,246.995,47.982,-0.181,-0.964,0.193,0,0.196,0.981,-0.984,0.177,-0.035],"_shiftlockState":false,"_pose":"FreeFall","_animationQueue":[],"_animationSpeed":1,"_zoom":16.125},{"_mousePosition":[794,382],"_rootPartCFrame":[751.174,229.069,48.615,-0.176,0,0.984,0,1,0,-0.984,0,-0.176],"_humanoidState":5,"_cameraCFrame":[754.286,246.38,48.043,-0.181,-0.964,0.193,0,0.196,0.981,-0.984,0.177,-0.035],"_shiftlockState":false,"_pose":"FreeFall","_animationQueue":[],"_animationSpeed":1,"_zoom":16.125},{"_mousePosition":[794,382],"_rootPartCFrame":[750.911,228.515,48.663,-0.177,0,0.984,0,1,0,-0.984,0,-0.177],"_humanoidState":5,"_cameraCFrame":[754.024,245.826,48.091,-0.181,-0.964,0.193,0,0.196,0.981,-0.984,0.177,-0.035],"_shiftlockState":false,"_pose":"FreeFall","_animationQueue":[],"_animationSpeed":1,"_zoom":16.125},{"_mousePosition":[794,382],"_rootPartCFrame":[750.649,227.906,48.711,-0.177,0,0.984,0,1,0,-0.984,0,-0.177],"_humanoidState":5,"_cameraCFrame":[753.762,245.217,48.139,-0.181,-0.964,0.193,0,0.196,0.981,-0.984,0.177,-0.035],"_shiftlockState":false,"_pose":"FreeFall","_animationQueue":[],"_animationSpeed":1,"_zoom":16.125},{"_mousePosition":[794,382],"_rootPartCFrame":[750.387,227.243,48.759,-0.178,0,0.984,0,1,0,-0.984,0,-0.178],"_humanoidState":5,"_cameraCFrame":[753.5,244.554,48.187,-0.181,-0.964,0.193,0,0.196,0.981,-0.984,0.177,-0.035],"_shiftlockState":false,"_pose":"FreeFall","_animationQueue":[["fall",0.3]],"_animationSpeed":1,"_zoom":16.125},{"_mousePosition":[794,382],"_rootPartCFrame":[750.125,226.525,48.808,-0.178,0,0.984,0,1,0,-0.984,0,-0.178],"_humanoidState":5,"_cameraCFrame":[753.238,243.837,48.236,-0.181,-0.964,0.193,0,0.196,0.981,-0.984,0.177,-0.035],"_shiftlockState":false,"_pose":"FreeFall","_animationQueue":[],"_animationSpeed":1,"_zoom":16.125},{"_mousePosition":[794,382],"_rootPartCFrame":[749.862,225.753,48.856,-0.179,0,0.984,0,1,0,-0.984,0,-0.179],"_humanoidState":5,"_cameraCFrame":[752.975,243.064,48.284,-0.181,-0.964,0.193,0,0.196,0.981,-0.984,0.177,-0.035],"_shiftlockState":false,"_pose":"FreeFall","_animationQueue":[],"_animationSpeed":1,"_zoom":16.125},{"_mousePosition":[794,382],"_rootPartCFrame":[749.6,224.927,48.904,-0.179,0,0.984,0,1,0,-0.984,0,-0.179],"_humanoidState":5,"_cameraCFrame":[752.713,242.238,48.332,-0.181,-0.964,0.193,0,0.196,0.981,-0.984,0.177,-0.035],"_shiftlockState":false,"_pose":"FreeFall","_animationQueue":[],"_animationSpeed":1,"_zoom":16.125},{"_mousePosition":[794,382],"_rootPartCFrame":[749.338,224.046,48.952,-0.179,0,0.984,0,1,0,-0.984,0,-0.179],"_humanoidState":5,"_cameraCFrame":[752.451,241.357,48.38,-0.181,-0.964,0.193,0,0.196,0.981,-0.984,0.177,-0.035],"_shiftlockState":false,"_pose":"FreeFall","_animationQueue":[],"_animationSpeed":1,"_zoom":16.125},{"_mousePosition":[794,382],"_rootPartCFrame":[749.076,223.11,49.001,-0.179,0,0.984,0,1,0,-0.984,0,-0.179],"_humanoidState":5,"_cameraCFrame":[752.189,240.421,48.428,-0.181,-0.964,0.193,0,0.196,0.981,-0.984,0.177,-0.035],"_shiftlockState":false,"_pose":"FreeFall","_animationQueue":[],"_animationSpeed":1,"_zoom":16.125},{"_mousePosition":[794,382],"_rootPartCFrame":[748.814,222.12,49.049,-0.18,0,0.984,0,1,0,-0.984,0,-0.18],"_humanoidState":5,"_cameraCFrame":[751.989,239.419,48.473,-0.178,-0.964,0.197,0,0.2,0.98,-0.984,0.175,-0.036],"_shiftlockState":false,"_pose":"FreeFall","_animationQueue":[["fall",0.3]],"_animationSpeed":1,"_zoom":16.125},{"_mousePosition":[794,382],"_rootPartCFrame":[748.552,221.075,49.097,-0.18,0,0.984,0,1,0,-0.984,0,-0.18],"_humanoidState":7,"_cameraCFrame":[751.762,238.368,48.54,-0.171,-0.965,0.199,0,0.202,0.979,-0.985,0.167,-0.035],"_shiftlockState":false,"_pose":"FreeFall","_animationQueue":[["walk",0.1],["fall",0.3],["fall",0.3]],"_animationSpeed":1,"_zoom":16.125},{"_mousePosition":[794,382],"_rootPartCFrame":[748.29,220.858,49.144,-0.18,0,0.984,0,1,0,-0.984,0,-0.18],"_humanoidState":7,"_cameraCFrame":[751.536,238.144,48.615,-0.161,-0.966,0.201,0,0.204,0.979,-0.987,0.157,-0.033],"_shiftlockState":false,"_pose":"FreeFall","_animationQueue":[],"_animationSpeed":1,"_zoom":16.125},{"_mousePosition":[794,382],"_rootPartCFrame":[747.963,220.977,49.201,-0.178,0,0.984,0,1,0,-0.984,0,-0.178],"_humanoidState":8,"_cameraCFrame":[751.274,238.251,48.696,-0.151,-0.967,0.205,0,0.208,0.978,-0.989,0.148,-0.031],"_shiftlockState":false,"_pose":"Running","_animationQueue":[["walk",0.1],["fall",0.3],["walk",0.1]],"_animationSpeed":1.1,"_zoom":16.125},{"_mousePosition":[794,382],"_rootPartCFrame":[747.7,221.043,49.245,-0.176,0,0.984,0,1,0,-0.984,0,-0.176],"_humanoidState":8,"_cameraCFrame":[751.047,238.309,48.768,-0.141,-0.968,0.208,0,0.21,0.978,-0.99,0.138,-0.03],"_shiftlockState":false,"_pose":"Running","_animationQueue":[],"_animationSpeed":1.1,"_zoom":16.125},{"_mousePosition":[794,382],"_rootPartCFrame":[747.438,221.07,49.285,-0.173,0,0.985,0,1,0,-0.985,0,-0.173],"_humanoidState":8,"_cameraCFrame":[750.822,238.331,48.856,-0.126,-0.97,0.21,0,0.212,0.977,-0.992,0.123,-0.027],"_shiftlockState":false,"_pose":"Running","_animationQueue":[],"_animationSpeed":1.1,"_zoom":16.125},{"_mousePosition":[794,382],"_rootPartCFrame":[747.175,221.07,49.323,-0.169,0,0.986,0,1,0,-0.986,0,-0.169],"_humanoidState":8,"_cameraCFrame":[750.564,238.33,48.937,-0.113,-0.971,0.21,0,0.212,0.977,-0.994,0.111,-0.024],"_shiftlockState":false,"_pose":"Running","_animationQueue":[],"_animationSpeed":1.1,"_zoom":16.125},{"_mousePosition":[794,382],"_rootPartCFrame":[746.911,221.049,49.357,-0.164,0,0.986,0,1,0,-0.986,0,-0.164],"_humanoidState":8,"_cameraCFrame":[750.336,238.302,49.019,-0.098,-0.972,0.212,0,0.213,0.977,-0.995,0.096,-0.021],"_shiftlockState":false,"_pose":"Running","_animationQueue":[["walk",0.1]],"_animationSpeed":1.1,"_zoom":16.125},{"_mousePosition":[794,382],"_rootPartCFrame":[746.647,221.026,49.387,-0.158,0,0.987,0,1,0,-0.987,0,-0.158],"_humanoidState":8,"_cameraCFrame":[750.108,238.273,49.099,-0.083,-0.973,0.215,0,0.215,0.977,-0.997,0.081,-0.018],"_shiftlockState":false,"_pose":"Running","_animationQueue":[],"_animationSpeed":1.1,"_zoom":16.125},{"_mousePosition":[794,382],"_rootPartCFrame":[746.383,221.003,49.414,-0.15,0,0.989,0,1,0,-0.989,0,-0.15],"_humanoidState":8,"_cameraCFrame":[749.879,238.243,49.185,-0.065,-0.974,0.217,0,0.217,0.976,-0.998,0.064,-0.014],"_shiftlockState":false,"_pose":"Running","_animationQueue":[],"_animationSpeed":1.1,"_zoom":16.125},{"_mousePosition":[794,382],"_rootPartCFrame":[746.118,220.979,49.437,-0.142,0,0.99,0,1,0,-0.99,0,-0.142],"_humanoidState":8,"_cameraCFrame":[749.649,238.212,49.286,-0.043,-0.975,0.219,0,0.219,0.976,-0.999,0.042,-0.009],"_shiftlockState":false,"_pose":"Running","_animationQueue":[],"_animationSpeed":1.1,"_zoom":16.125},{"_mousePosition":[794,382],"_rootPartCFrame":[745.853,220.954,49.455,-0.132,0,0.991,0,1,0,-0.991,0,-0.132],"_humanoidState":8,"_cameraCFrame":[749.386,238.187,49.358,-0.027,-0.975,0.219,0,0.219,0.976,-1,0.027,-0.006],"_shiftlockState":false,"_pose":"Running","_animationQueue":[],"_animationSpeed":1.1,"_zoom":16.125},{"_mousePosition":[794,382],"_rootPartCFrame":[745.588,220.939,49.467,-0.121,0,0.993,0,1,0,-0.993,0,-0.121],"_humanoidState":8,"_cameraCFrame":[749.122,238.172,49.424,-0.012,-0.976,0.219,0,0.219,0.976,-1,0.012,-0.003],"_shiftlockState":false,"_pose":"Running","_animationQueue":[],"_animationSpeed":1.1,"_zoom":16.125},{"_mousePosition":[794,382],"_rootPartCFrame":[745.323,220.913,49.475,-0.108,0,0.994,0,1,0,-0.994,0,-0.108],"_humanoidState":8,"_cameraCFrame":[748.888,238.139,49.467,-0.002,-0.975,0.221,0,0.221,0.975,-1,0.002,0],"_shiftlockState":false,"_pose":"Running","_animationQueue":[["walk",0.1]],"_animationSpeed":1.1,"_zoom":16.125},{"_mousePosition":[794,382],"_rootPartCFrame":[745.058,220.905,49.479,-0.096,0,0.995,0,1,0,-0.995,0,-0.096],"_humanoidState":8,"_cameraCFrame":[748.622,238.132,49.507,0.008,-0.975,0.221,0,0.221,0.975,-1,-0.008,0.002],"_shiftlockState":false,"_pose":"Running","_animationQueue":[],"_animationSpeed":1.1,"_zoom":16.125},{"_mousePosition":[794,382],"_rootPartCFrame":[744.793,220.88,49.48,-0.083,0,0.997,0,1,0,-0.997,0,-0.083],"_humanoidState":8,"_cameraCFrame":[748.388,238.099,49.527,0.013,-0.975,0.223,0,0.223,0.975,-1,-0.013,0.003],"_shiftlockState":false,"_pose":"Running","_animationQueue":[],"_animationSpeed":1.1,"_zoom":16.125},{"_mousePosition":[794,382],"_rootPartCFrame":[744.528,220.876,49.478,-0.071,0,0.997,0,1,0,-0.997,0,-0.071],"_humanoidState":8,"_cameraCFrame":[748.122,238.095,49.525,0.013,-0.975,0.223,0,0.223,0.975,-1,-0.013,0.003],"_shiftlockState":false,"_pose":"Running","_animationQueue":[],"_animationSpeed":1.1,"_zoom":16.125},{"_mousePosition":[794,382],"_rootPartCFrame":[744.329,220.855,49.476,-0.062,0,0.998,0,1,0,-0.998,0,-0.062],"_humanoidState":8,"_cameraCFrame":[747.924,238.074,49.523,0.013,-0.975,0.223,0,0.223,0.975,-1,-0.013,0.003],"_shiftlockState":false,"_pose":"Running","_animationQueue":[],"_animationSpeed":1.1,"_zoom":16.125},{"_mousePosition":[794,382],"_rootPartCFrame":[743.997,221.925,49.474,-0.047,0,0.999,0,1,0,-0.999,0,-0.047],"_humanoidState":3,"_cameraCFrame":[747.592,239.144,49.521,0.013,-0.975,0.223,0,0.223,0.975,-1,-0.013,0.003],"_shiftlockState":false,"_pose":"Jumping","_animationQueue":[["walk",0.1],["jump",0.1]],"_animationSpeed":1,"_zoom":16.125},{"