[{"_mousePosition":[595,340],"_rootPartCFrame":[776.028,222.7,47.142,0,0,1,0,1,0,-1,0,0],"_humanoidState":8,"_cameraCFrame":[777.051,244.516,43.539,-0.962,-0.269,0.05,0,0.181,0.983,-0.273,0.946,-0.174],"_shiftlockState":false,"_pose":"Standing","_animationQueue":[],"_animationSpeed":1,"_zoom":20.656},{"_mousePosition":[595,340],"_rootPartCFrame":[775.79,222.7,47.075,0.039,0,0.999,0,1,0,-0.999,0,0.039],"_humanoidState":8,"_cameraCFrame":[776.814,244.515,43.472,-0.962,-0.269,0.05,0,0.181,0.983,-0.273,0.946,-0.174],"_shiftlockState":false,"_pose":"Standing","_animationQueue":[],"_animationSpeed":1,"_zoom":20.656},{"_mousePosition":[595,340],"_rootPartCFrame":[775.535,222.7,47.002,0.071,0,0.997,0,1,0,-0.997,0,0.071],"_humanoidState":8,"_cameraCFrame":[776.558,244.515,43.399,-0.962,-0.269,0.05,0,0.181,0.983,-0.273,0.946,-0.174],"_shiftlockState":false,"_pose":"Running","_animationQueue":[["walk",0.1]],"_animationSpeed":1.066,"_zoom":20.656},{"_mousePosition":[595,340],"_rootPartCFrame":[775.278,222.7,46.93,0.098,0,0.995,0,1,0,-0.995,0,0.098],"_humanoidState":8,"_cameraCFrame":[776.301,244.514,43.326,-0.962,-0.269,0.05,0,0.181,0.983,-0.273,0.946,-0.174],"_shiftlockState":false,"_pose":"Running","_animationQueue":[],"_animationSpeed":1.066,"_zoom":20.656},{"_mousePosition":[595,340],"_rootPartCFrame":[775.15,222.7,46.893,0.111,0,0.994,0,1,0,-0.994,0,0.111],"_humanoidState":8,"_cameraCFrame":[776.162,244.521,43.328,-0.962,-0.269,0.049,0,0.179,0.984,-0.273,0.946,-0.173],"_shiftlockState":false,"_pose":"Running","_animationQueue":[],"_animationSpeed":1.066,"_zoom":20.656},{"_mousePosition":[595,340],"_rootPartCFrame":[774.765,222.7,46.784,0.144,0,0.99,0,1,0,-0.99,0,0.144],"_humanoidState":8,"_cameraCFrame":[775.777,244.521,43.219,-0.962,-0.269,0.049,0,0.179,0.984,-0.273,0.946,-0.173],"_shiftlockState":false,"_pose":"Running","_animationQueue":[],"_animationSpeed":1.066,"_zoom":20.656},{"_mousePosition":[595,340],"_rootPartCFrame":[774.509,222.7,46.711,0.162,0,0.987,0,1,0,-0.987,0,0.162],"_humanoidState":8,"_cameraCFrame":[775.521,244.521,43.146,-0.962,-0.269,0.049,0,0.179,0.984,-0.273,0.946,-0.173],"_shiftlockState":false,"_pose":"Running","_animationQueue":[],"_animationSpeed":1.066,"_zoom":20.656},{"_mousePosition":[595,340],"_rootPartCFrame":[774.252,222.7,46.638,0.177,0,0.984,0,1,0,-0.984,0,0.177],"_humanoidState":8,"_cameraCFrame":[775.265,244.521,43.073,-0.962,-0.269,0.049,0,0.179,0.984,-0.273,0.946,-0.173],"_shiftlockState":false,"_pose":"Running","_animationQueue":[["walk",0.1]],"_animationSpeed":1.066,"_zoom":20.656},{"_mousePosition":[595,340],"_rootPartCFrame":[774.124,222.7,46.602,0.183,0,0.983,0,1,0,-0.983,0,0.183],"_humanoidState":8,"_cameraCFrame":[775.123,244.535,43.116,-0.961,-0.271,0.048,0,0.176,0.984,-0.276,0.946,-0.169],"_shiftlockState":false,"_pose":"Running","_animationQueue":[],"_animationSpeed":1.066,"_zoom":20.656},{"_mousePosition":[595,340],"_rootPartCFrame":[773.739,222.7,46.492,0.202,0,0.979,0,1,0,-0.979,0,0.202],"_humanoidState":8,"_cameraCFrame":[774.728,244.542,43.044,-0.961,-0.271,0.048,0,0.174,0.985,-0.276,0.947,-0.167],"_shiftlockState":false,"_pose":"Running","_animationQueue":[],"_animationSpeed":1.066,"_zoom":20.656},{"_mousePosition":[595,340],"_rootPartCFrame":[773.483,222.7,46.419,0.212,0,0.977,0,1,0,-0.977,0,0.212],"_humanoidState":8,"_cameraCFrame":[774.489,244.542,42.976,-0.96,-0.276,0.049,0,0.174,0.985,-0.28,0.945,-0.167],"_shiftlockState":false,"_pose":"Running","_animationQueue":[],"_animationSpeed":1.066,"_zoom":20.656},{"_mousePosition":[595,340],"_rootPartCFrame":[773.227,222.7,46.346,0.221,0,0.975,0,1,0,-0.975,0,0.221],"_humanoidState":8,"_cameraCFrame":[774.233,244.542,42.903,-0.96,-0.276,0.049,0,0.174,0.985,-0.28,0.945,-0.167],"_shiftlockState":false,"_pose":"Running","_animationQueue":[],"_animationSpeed":1.066,"_zoom":20.656},{"_mousePosition":[595,340],"_rootPartCFrame":[772.971,222.7,46.271,0.229,0,0.974,0,1,0,-0.974,0,0.229],"_humanoidState":8,"_cameraCFrame":[773.985,244.542,42.83,-0.959,-0.279,0.049,0,0.174,0.985,-0.283,0.945,-0.167],"_shiftlockState":false,"_pose":"Running","_animationQueue":[],"_animationSpeed":1.066,"_zoom":20.656},{"_mousePosition":[595,340],"_rootPartCFrame":[772.715,222.7,46.196,0.236,0,0.972,0,1,0,-0.972,0,0.236],"_humanoidState":8,"_cameraCFrame":[773.729,244.542,42.756,-0.959,-0.279,0.049,0,0.174,0.985,-0.283,0.945,-0.167],"_shiftlockState":false,"_pose":"Running","_animationQueue":[["walk",0.1]],"_animationSpeed":1.066,"_zoom":20.656},{"_mousePosition":[595,340],"_rootPartCFrame":[772.459,222.7,46.121,0.242,0,0.97,0,1,0,-0.97,0,0.242],"_humanoidState":8,"_cameraCFrame":[773.455,244.166,42.744,-0.959,-0.279,0.049,0,0.174,0.985,-0.283,0.945,-0.167],"_shiftlockState":false,"_pose":"Running","_animationQueue":[],"_animationSpeed":1.066,"_zoom":16.125},{"_mousePosition":[595,340],"_rootPartCFrame":[772.203,222.7,46.045,0.248,0,0.969,0,1,0,-0.969,0,0.248],"_humanoidState":8,"_cameraCFrame":[773.165,243.474,42.785,-0.959,-0.279,0.049,0,0.174,0.985,-0.283,0.945,-0.167],"_shiftlockState":false,"_pose":"Running","_animationQueue":[],"_animationSpeed":1.066,"_zoom":16.125},{"_mousePosition":[595,340],"_rootPartCFrame":[772.075,222.7,46.008,0.25,0,0.968,0,1,0,-0.968,0,0.25],"_humanoidState":8,"_cameraCFrame":[772.948,242.659,42.872,-0.963,-0.264,0.047,0,0.174,0.985,-0.268,0.949,-0.167],"_shiftlockState":false,"_pose":"Running","_animationQueue":[],"_animationSpeed":1.066,"_zoom":16.125},{"_mousePosition":[595,340],"_rootPartCFrame":[771.692,222.7,45.894,0.257,0,0.967,0,1,0,-0.967,0,0.257],"_humanoidState":8,"_cameraCFrame":[772.504,242.02,42.859,-0.966,-0.255,0.045,0,0.174,0.985,-0.259,0.951,-0.168],"_shiftlockState":false,"_pose":"Running","_animationQueue":[],"_animationSpeed":1.066,"_zoom":16.125},{"_mousePosition":[595,340],"_rootPartCFrame":[771.435,222.7,45.823,0.258,0,0.966,0,1,0,-0.966,0,0.258],"_humanoidState":8,"_cameraCFrame":[772.175,241.235,42.911,-0.969,-0.243,0.043,0,0.174,0.985,-0.246,0.954,-0.168],"_shiftlockState":false,"_pose":"Running","_animationQueue":[],"_animationSpeed":1.066,"_zoom":16.125},{"_mousePosition":[595,340],"_rootPartCFrame":[771.177,222.7,45.753,0.259,0,0.966,0,1,0,-0.966,0,0.259],"_humanoidState":8,"_cameraCFrame":[771.839,240.233,43.005,-0.972,-0.23,0.041,0,0.174,0.985,-0.234,0.957,-0.169],"_shiftlockState":false,"_pose":"Running","_animationQueue":[["walk",0.1]],"_animationSpeed":1.066,"_zoom":16.125},{"_mousePosition":[595,340],"_rootPartCFrame":[770.919,222.7,45.688,0.257,0,0.966,0,1,0,-0.966,0,0.257],"_humanoidState":8,"_cameraCFrame":[771.516,239.308,43.091,-0.975,-0.221,0.039,0,0.174,0.985,-0.224,0.96,-0.169],"_shiftlockState":false,"_pose":"Running","_animationQueue":[],"_animationSpeed":1.066,"_zoom":16.125},{"_mousePosition":[595,340],"_rootPartCFrame":[770.66,222.7,45.625,0.254,0,0.967,0,1,0,-0.967,0,0.254],"_humanoidState":8,"_cameraCFrame":[771.203,238.586,43.147,-0.977,-0.211,0.037,0,0.174,0.985,-0.214,0.962,-0.17],"_shiftlockState":false,"_pose":"Running","_animationQueue":[],"_animationSpeed":1.066,"_zoom":16.125},{"_mousePosition":[595,340],"_rootPartCFrame":[770.53,222.7,45.595,0.252,0,0.968,0,1,0,-0.968,0,0.252],"_humanoidState":8,"_cameraCFrame":[769.326,237.959,42.856,-0.978,-0.206,0.036,0,0.174,0.985,-0.209,0.963,-0.17],"_shiftlockState":true,"_pose":"Running","_animationQueue":[],"_animationSpeed":1.066,"_zoom":16.125},{"_mousePosition":[683,384],"_rootPartCFrame":[770.139,222.7,45.509,-0.998,0,0.06,0,1,0,-0.06,0,-0.998],"_humanoidState":8,"_cameraCFrame":[768.921,237.546,42.841,-0.978,-0.206,0.036,0,0.174,0.985,-0.209,0.963,-0.17],"_shiftlockState":true,"_pose":"Running","_animationQueue":[],"_animationSpeed":1.066,"_zoom":16.125},{"_mousePosition":[683,384],"_rootPartCFrame":[769.879,222.666,45.452,-0.995,0,0.103,0,1,0,-0.103,0,-0.995],"_humanoidState":8,"_cameraCFrame":[768.636,237.207,42.843,-0.979,-0.201,0.035,0,0.174,0.985,-0.204,0.964,-0.17],"_shiftlockState":true,"_pose":"Running","_animationQueue":[],"_animationSpeed":1.066,"_zoom":16.125},{"_mousePosition":[683,384],"_rootPartCFrame":[769.618,222.577,45.395,-0.995,0,0.098,0,1,0,-0.098,0,-0.995],"_humanoidState":8,"_cameraCFrame":[768.347,236.887,42.835,-0.98,-0.194,0.034,0,0.174,0.985,-0.197,0.966,-0.17],"_shiftlockState":true,"_pose":"Running","_animationQueue":[["walk",0.1]],"_animationSpeed":1.066,"_zoom":16.125},{"_mousePosition":[683,384],"_rootPartCFrame":[769.358,222.434,45.337,-0.996,0,0.09,0,1,0,-0.09,0,-0.996],"_humanoidState":8,"_cameraCFrame":[768.056,236.583,42.819,-0.982,-0.184,0.032,0,0.174,0.985,-0.187,0.967,-0.171],"_shiftlockState":true,"_pose":"Running","_animationQueue":[],"_animationSpeed":1.066,"_zoom":16.125},{"_mousePosition":[683,384],"_rootPartCFrame":[769.097,223.307,45.28,-0.997,0,0.08,0,1,0,-0.08,0,-0.997],"_humanoidState":3,"_cameraCFrame":[767.779,237.345,42.788,-0.983,-0.179,0.032,0,0.174,0.985,-0.182,0.968,-0.171],"_shiftlockState":true,"_pose":"Jumping","_animationQueue":[["walk",0.1],["jump",0.1]],"_animationSpeed":1,"_zoom":16.125},{"_mousePosition":[683,384],"_rootPartCFrame":[768.836,224.129,45.229,-0.971,0,0.239,0,1,0,-0.239,0,-0.971],"_humanoidState":5,"_cameraCFrame":[767.515,238.095,42.75,-0.983,-0.179,0.032,0,0.174,0.985,-0.182,0.968,-0.171],"_shiftlockState":true,"_pose":"FreeFall","_animationQueue":[["jump",0.1]],"_animationSpeed":1,"_zoom":16.125},{"_mousePosition":[683,384],"_rootPartCFrame":[768.639,224.71,45.193,-0.962,0,0.272,0,1,0,-0.272,0,-0.962],"_humanoidState":5,"_cameraCFrame":[767.316,238.621,42.722,-0.983,-0.179,0.032,0,0.174,0.985,-0.182,0.968,-0.171],"_shiftlockState":true,"_pose":"FreeFall","_animationQueue":[],"_animationSpeed":1,"_zoom":16.125},{"_mousePosition":[683,384],"_rootPartCFrame":[768.311,225.61,45.132,-0.94,0,0.341,0,1,0,-0.341,0,-0.94],"_humanoidState":5,"_cameraCFrame":[766.988,239.49,42.667,-0.983,-0.179,0.032,0,0.174,0.985,-0.182,0.968,-0.171],"_shiftlockState":true,"_pose":"FreeFall","_animationQueue":[],"_animationSpeed":1,"_zoom":16.125},{"_mousePosition":[683,384],"_rootPartCFrame":[768.114,226.109,45.096,-0.96,0,0.279,0,1,0,-0.279,0,-0.96],"_humanoidState":5,"_cameraCFrame":[766.79,239.965,42.635,-0.983,-0.179,0.032,0,0.174,0.985,-0.182,0.968,-0.171],"_shiftlockState":true,"_pose":"FreeFall","_animationQueue":[],"_animationSpeed":1,"_zoom":16.125},{"_mousePosition":[683,384],"_rootPartCFrame":[767.787,226.872,45.035,-0.94,0,0.343,0,1,0,-0.343,0,-0.94],"_humanoidState":5,"_cameraCFrame":[766.462,240.713,42.577,-0.983,-0.179,0.032,0,0.174,0.985,-0.182,0.968,-0.171],"_shiftlockState":true,"_pose":"FreeFall","_animationQueue":[],"_animationSpeed":1,"_zoom":16.125},{"_mousePosition":[683,384],"_rootPartCFrame":[767.59,227.289,44.999,-0.96,0,0.279,0,1,0,-0.279,0,-0.96],"_humanoidState":5,"_cameraCFrame":[766.265,241.12,42.542,-0.983,-0.179,0.032,0,0.174,0.985,-0.182,0.968,-0.171],"_shiftlockState":true,"_pose":"FreeFall","_animationQueue":[],"_animationSpeed":1,"_zoom":16.125},{"_mousePosition":[683,384],"_rootPartCFrame":[767.262,227.917,44.938,-0.94,0,0.343,0,1,0,-0.343,0,-0.94],"_humanoidState":5,"_cameraCFrame":[765.937,241.74,42.483,-0.983,-0.179,0.032,0,0.174,0.985,-0.182,0.968,-0.171],"_shiftlockState":true,"_pose":"FreeFall","_animationQueue":[],"_animationSpeed":1,"_zoom":16.125},{"_mousePosition":[683,384],"_rootPartCFrame":[767.066,228.252,44.902,-0.96,0,0.279,0,1,0,-0.279,0,-0.96],"_humanoidState":5,"_cameraCFrame":[765.74,242.071,42.447,-0.983,-0.179,0.032,0,0.174,0.985,-0.182,0.968,-0.171],"_shiftlockState":true,"_pose":"FreeFall","_animationQueue":[],"_animationSpeed":1,"_zoom":16.125},{"_mousePosition":[683,384],"_rootPartCFrame":[766.738,228.743,44.841,-0.94,0,0.343,0,1,0,-0.343,0,-0.94],"_humanoidState":5,"_cameraCFrame":[765.412,242.559,42.387,-0.983,-0.179,0.032,0,0.174,0.985,-0.182,0.968,-0.171],"_shiftlockState":true,"_pose":"FreeFall","_animationQueue":[],"_animationSpeed":1,"_zoom":16.125},{"_mousePosition":[683,384],"_rootPartCFrame":[766.541,228.997,44.804,-0.96,0,0.279,0,1,0,-0.279,0,-0.96],"_humanoidState":5,"_cameraCFrame":[765.216,242.811,42.351,-0.983,-0.179,0.032,0,0.174,0.985,-0.182,0.968,-0.171],"_shiftlockState":true,"_pose":"FreeFall","_animationQueue":[],"_animationSpeed":1,"_zoom":16.125},{"_mousePosition":[683,384],"_rootPartCFrame":[766.213,229.352,44.744,-0.94,0,0.343,0,1,0,-0.343,0,-0.94],"_humanoidState":5,"_cameraCFrame":[764.888,243.164,42.291,-0.983,-0.179,0.032,0,0.174,0.985,-0.182,0.968,-0.171],"_shiftlockState":true,"_pose":"FreeFall","_animationQueue":[],"_animationSpeed":1,"_zoom":16.125},{"_mousePosition":[683,384],"_rootPartCFrame":[766.017,229.524,44.707,-0.96,0,0.279,0,1,0,-0.279,0,-0.96],"_humanoidState":5,"_cameraCFrame":[764.691,243.335,42.254,-0.983,-0.179,0.032,0,0.174,0.985,-0.182,0.968,-0.171],"_shiftlockState":true,"_pose":"FreeFall","_animationQueue":[],"_animationSpeed":1,"_zoom":16.125},{"_mousePosition":[683,384],"_rootPartCFrame":[765.755,229.705,44.659,-0.95,0,0.311,0,1,0,-0.311,0,-0.95],"_humanoidState":5,"_cameraCFrame":[764.423,243.517,42.209,-0.984,-0.177,0.031,0,0.174,0.985,-0.18,0.969,-0.171],"_shiftlockState":true,"_pose":"FreeFall","_animationQueue":[],"_animationSpeed":1,"_zoom":16.125},{"_mousePosition":[683,384],"_rootPartCFrame":[765.427,229.856,44.598,-0.94,0,0.34,0,1,0,-0.34,0,-0.94],"_humanoidState":5,"_cameraCFrame":[764.095,243.667,42.149,-0.984,-0.177,0.031,0,0.174,0.985,-0.18,0.969,-0.171],"_shiftlockState":true,"_pose":"FreeFall","_animationQueue":[],"_animationSpeed":1,"_zoom":16.125},{"_mousePosition":[683,384],"_rootPartCFrame":[765.165,229.915,44.55,-0.951,0,0.309,0,1,0,-0.309,0,-0.951],"_humanoidState":5,"_cameraCFrame":[763.82,243.725,42.107,-0.985,-0.172,0.03,0,0.174,0.985,-0.175,0.97,-0.171],"_shiftlockState":true,"_pose":"FreeFall","_animationQueue":[],"_animationSpeed":1,"_zoom":16.125},{"_mousePosition":[683,384],"_rootPartCFrame":[764.902,229.919,44.502,-0.953,0,0.304,0,1,0,-0.304,0,-0.953],"_humanoidState":5,"_cameraCFrame":[763.545,243.73,42.066,-0.986,-0.167,0.029,0,0.174,0.985,-0.17,0.971,-0.171],"_shiftlockState":true,"_pose":"FreeFall","_animationQueue":[],"_animationSpeed":1,"_zoom":16.125},{"_mousePosition":[683,384],"_rootPartCFrame":[764.64,229.869,44.456,-0.954,0,0.299,0,1,0,-0.299,0,-0.954],"_humanoidState":5,"_cameraCFrame":[763.258,243.68,42.034,-0.987,-0.157,0.028,0,0.174,0.985,-0.16,0.972,-0.171],"_shiftlockState":true,"_pose":"FreeFall","_animationQueue":[],"_animationSpeed":1,"_zoom":16.125},{"_mousePosition":[683,384],"_rootPartCFrame":[764.377,229.765,44.41,-0.957,0,0.289,0,1,0,-0.289,0,-0.957],"_humanoidState":5,"_cameraCFrame":[762.965,243.575,42.006,-0.989,-0.145,0.026,0,0.174,0.985,-0.147,0.974,-0.172],"_shiftlockState":true,"_pose":"FreeFall","_animationQueue":[["fall",0.3]],"_animationSpeed":1,"_zoom":16.125},{"_mousePosition":[683,384],"_rootPartCFrame":[764.18,229.651,44.378,-0.97,0,0.245,0,1,0,-0.245,0,-0.97],"_humanoidState":5,"_cameraCFrame":[762.731,243.461,41.995,-0.991,-0.13,0.023,0,0.174,0.985,-0.132,0.976,-0.172],"_shiftlockState":true,"_pose":"FreeFall","_animationQueue":[],"_animationSpeed":1,"_zoom":16.125},{"_mousePosition":[683,384],"_rootPartCFrame":[763.85,229.393,44.328,-0.956,0,0.295,0,1,0,-0.295,0,-0.956],"_humanoidState":5,"_cameraCFrame":[762.354,243.203,41.976,-0.994,-0.11,0.019,0,0.174,0.985,-0.112,0.979,-0.173],"_shiftlockState":true,"_pose":"FreeFall","_animationQueue":[],"_animationSpeed":1,"_zoom":16.125},{"_mousePosition":[683,384],"_rootPartCFrame":[763.586,229.125,44.293,-0.97,0,0.243,0,1,0,-0.243,0,-0.97],"_humanoidState":5,"_cameraCFrame":[762.036,242.935,41.974,-0.996,-0.088,0.016,0,0.174,0.985,-0.089,0.981,-0.173],"_shiftlockState":true,"_pose":"FreeFall","_animationQueue":[],"_animationSpeed":1,"_zoom":16.125},{"_mousePosition":[683,384],"_rootPartCFrame":[763.387,228.888,44.269,-0.982,0,0.188,0,1,0,-0.188,0,-0.982],"_humanoidState":5,"_cameraCFrame":[761.791,242.698,41.983,-0.998,-0.068,0.012,0,0.174,0.985,-0.069,0.982,-0.173],"_shiftlockState":true,"_pose":"FreeFall","_animationQueue":[],"_animationSpeed":1,"_zoom":16.125},{"_mousePosition":[683,384],"_rootPartCFrame":[763.055,228.425,44.239,-0.972,0,0.234,0,1,0,-0.234,0,-0.972],"_humanoidState":5,"_cameraCFrame":[761.419,242.235,41.981,-0.999,-0.051,0.009,0,0.174,0.985,-0.051,0.984,-0.173],"_shiftlockState":true,"_pose":"FreeFall","_animationQueue":[],"_animationSpeed":1,"_zoom":16.125},{"_mousePosition":[683,384],"_rootPartCFrame":[762.789,227.994,44.22,-0.983,0,0.184,0,1,0,-0.184,0,-0.983],"_humanoidState":5,"_cameraCFrame":[761.108,241.804,41.995,-1,-0.031,0.005,0,0.174,0.985,-0.031,0.984,-0.174],"_shiftlockState":true,"_pose":"FreeFall","_animationQueue":[],"_animationSpeed":1,"_zoom":16.125},{"_mousePosition":[683,384],"_rootPartCFrame":[762.589,227.634,44.209,-0.991,0,0.131,0,1,0,-0.131,0,-0.991],"_humanoidState":5,"_cameraCFrame":[760.847,241.444,42.032,-1,-0.003,0.001,0,0.174,0.985,-0.003,0.985,-0.174],"_shiftlockState":true,"_pose":"FreeFall","_animationQueue":[["fall",0.3]],"_animationSpeed":1,"_zoom":16.125},{"_mousePosition":[683,384],"_rootPartCFrame":[762.256,226.967,44.197,-0.986,0,0.169,0,1,0,-0.169,0,-0.986],"_humanoidState":5,"_cameraCFrame":[760.47,240.777,42.057,-1,0.017,-0.003,0,0.174,0.985,0.017,0.985,-0.174],"_shiftlockState":true,"_pose":"FreeFall","_animationQueue":[],"_animationSpeed":1,"_zoom":16.125},{"_mousePosition":[683,384],"_rootPartCFrame":[761.99,226.372,44.195,-0.993,0,0.116,0,1,0,-0.116,0,-0.993],"_humanoidState":5,"_cameraCFrame":[760.166,240.182,42.087,-0.999,0.034,-0.006,0,0.174,0.985,0.035,0.984,-0.174],"_shiftlockState":true,"_pose":"FreeFall","_animationQueue":[],"_animationSpeed":1,"_zoom":16.125},{"_mousePosition":[683,384],"_rootPartCFrame":[761.79,225.89,44.198,-0.998,0,0.065,0,1,0,-0.065,0,-0.998],"_humanoidState":5,"_cameraCFrame":[759.923,239.7,42.127,-0.998,0.054,-0.01,0,0.174,0.985,0.055,0.983,-0.173],"_shiftlockState":true,"_pose":"FreeFall","_animationQueue":[],"_animationSpeed":1,"_zoom":16.125},{"_mousePosition":[683,384],"_rootPartCFrame":[761.456,225.019,44.209,-0.994,0,0.111,0,1,0,-0.111,0,-0.994],"_humanoidState":5,"_cameraCFrame":[759.538,238.829,42.185,-0.997,0.079,-0.014,0,0.174,0.985,0.08,0.982,-0.173],"_shiftlockState":true,"_pose":"FreeFall","_animationQueue":[],"_animationSpeed":1,"_zoom":16.125},{"_mousePosition":[683,384],"_rootPartCFrame":[761.19,224.505,44.223,-0.999,0,-0.048,0,1,0,0.048,0,-0.999],"_humanoidState":7,"_cameraCFrame":[759.221,238.315,42.248,-0.994,0.104,-0.018,0,0.174,0.985,0.105,0.979,-0.173],"_shiftlockState":true,"_pose":"FreeFall","_animationQueue":[["walk",0.1],["fall",0.3],["fall",0.3]],"_animationSpeed":1,"_zoom":16.125},{"_mousePosition":[683,384],"_rootPartCFrame":[760.991,224.512,44.238,-0.995,0,-0.104,0,1,0,0.104,0,-0.995],"_humanoidState":7,"_cameraCFrame":[758.963,238.322,42.324,-0.991,0.133,-0.024,0,0.174,0.985,0.135,0.976,-0.172],"_shiftlockState":true,"_pose":"FreeFall","_animationQueue":[["fall",0.3]],"_animationSpeed":1,"_zoom":16.125},{"_mousePosition":[683,384],"_rootPartCFrame":[760.593,224.621,44.279,-0.991,0,-0.135,0,1,0,0.135,0,-0.991],"_humanoidState":8,"_cameraCFrame":[758.508,238.431,42.428,-0.986,0.163,-0.029,0,0.174,0.985,0.165,0.971,-0.171],"_shiftlockState":true,"_pose":"Running","_animationQueue":[["walk",0.1],["fall",0.3],["walk",0.1]],"_animationSpeed":1.103,"_zoom":16.125},{"_mousePosition":[683,384],"_rootPartCFrame":[760.328,224.666,44.314,-0.986,0,-0.165,0,1,0,0.165,0,-0.986],"_humanoidState":8,"_cameraCFrame":[758.188,238.476,42.527,-0.981,0.192,-0.034,0,0.174,0.985,0.195,0.966,-0.17],"_shiftlockState":true,"_pose":"Running","_animationQueue":[],"_animationSpeed":1.103,"_zoom":16.125},{"_mousePosition":[683,384],"_rootPartCFrame":[760.065,224.69,44.357,-0.981,0,-0.195,0,1,0,0.195,0,-0.981],"_humanoidState":8,"_cameraCFrame":[757.859,238.5,42.652,-0.973,0.229,-0.04,0,0.174,0.985,0.232,0.958,-0.169],"_shiftlockState":true,"_pose":"Running","_animationQueue":[],"_animationSpeed":1.103,"_zoom":16.125},{"_mousePosition":[683,384],"_rootPartCFrame":[759.804,224.703,44.407,-0.973,0,-0.232,0,1,0,0.232,0,-0.973],"_humanoidState":8,"_cameraCFrame":[757.526,238.514,42.799,-0.962,0.27,-0.048,0,0.174,0.985,0.274,0.947,-0.167],"_shiftlockState":true,"_pose":"Running","_animationQueue":[],"_animationSpeed":1.103,"_zoom":16.125},{"_mousePosition":[683,384],"_rootPartCFrame":[759.544,224.711,44.468,-0.962,0,-0.274,0,1,0,0.274,0,-0.962],"_humanoidState":8,"_cameraCFrame":[757.191,238.521,42.971,-0.947,0.315,-0.056,0,0.174,0.985,0.32,0.933,-0.165],"_shiftlockState":true,"_pose":"Running","_animationQueue":[],"_animationSpeed":1.103,"_zoom":16.125},{"_mousePosition":[683,384],"_rootPartCFrame":[759.351,224.714,44.521,-0.947,0,-0.32,0,1,0,0.32,0,-0.947],"_humanoidState":8,"_cameraCFrame":[756.895,238.524,43.201,-0.921,0.383,-0.067,0,0.174,0.985,0.389,0.907,-0.16],"_shiftlockState":true,"_pose":"Running","_animationQueue":[],"_animationSpeed":1.103,"_zoom":16.125},{"_mousePosition":[683,384],"_rootPartCFrame":[759.035,224.717,44.626,-0.921,0,-0.389,0,1,0,0.389,0,-0.921],"_humanoidState":8,"_cameraCFrame":[756.521,238.527,43.419,-0.903,0.424,-0.075,0,0.174,0.985,0.43,0.889,-0.157],"_shiftlockState":true,"_pose":"Running","_animationQueue":[["walk",0.1]],"_animationSpeed":1.103,"_zoom":16.125},{"_mousePosition":[683,384],"_rootPartCFrame":[758.788,224.719,44.727,-0.903,0,-0.43,0,1,0,0.43,0,-0.903],"_humanoidState":8,"_cameraCFrame":[756.231,238.53,43.616,-0.886,0.457,-0.081,0,0.174,0.985,0.464,0.872,-0.154],"_shiftlockState":true,"_pose":"Running","_animationQueue":[],"_animationSpeed":1.103,"_zoom":16.125},{"_mousePosition":[683,384],"_rootPartCFrame":[758.607,224.721,44.811,-0.886,0,-0.464,0,1,0,0.464,0,-0.886],"_humanoidState":8,"_cameraCFrame":[756.019,238.531,43.772,-0.873,0.481,-0.085,0,0.174,0.985,0.489,0.859,-0.152],"_shiftlockState":true,"_pose":"Running","_animationQueue":[],"_animationSpeed":1.103,"_zoom":16.125},{"_mousePosition":[683,384],"_rootPartCFrame":[758.37,224.722,44.934,-0.873,0,-0.489,0,1,0,0.489,0,-0.873],"_humanoidState":8,"_cameraCFrame":[755.767,238.533,43.934,-0.865,0.494,-0.087,0,0.174,0.985,0.502,0.852,-0.15],"_shiftlockState":true,"_pose":"Running","_animationQueue":[],"_animationSpeed":1.103,"_zoom":16.125},{"_mousePosition":[683,384],"_rootPartCFrame":[758.078,224.708,45.095,-0.865,0,-0.502,0,1,0,0.502,0,-0.865],"_humanoidState":8,"_cameraCFrame":[755.476,238.518,44.096,-0.865,0.494,-0.087,0,0.174,0.985,0.502,0.852,-0.15],"_shiftlockState":true,"_pose":"Running","_animationQueue":[],"_animationSpeed":1.103,"_zoom":16.125},{"_mousePosition":[683,384],"_rootPartCFrame":[757.905,224.71,45.195,-0.865,0,-0.502,0,1,0,0.502,0,-0.865],"_humanoidState":8,"_cameraCFrame":[755.3,238.52,44.202,-0.864,0.496,-0.088,0,0.174,0.985,0.504,0.851,-0.15],"_shiftlockState":true,"_pose":"Running","_animationQueue":[],"_animationSpeed":1.103,"_zoom":16.125},{"_mousePosition":[683,384],"_rootPartCFrame":[757.617,224.714,45.362,-0.864,0,-0.504,0,1,0,0.504,0,-0.864],"_humanoidState":8,"_cameraCFrame":[755.032,238.524,44.317,-0.874,0.479,-0.084,0,0.174,0.985,0.486,0.861,-0.152],"_shiftlockState":true,"_pose":"Running","_animationQueue":[["walk",0.1]],"_animationSpeed":1.103,"_zoom":16.125},{"_mousePosition":[683,384],"_rootPartCFrame":[757.386,224.715,45.497,-0.874,0,-0.486,0,1,0,0.486,0,-0.874],"_humanoidState":8,"_cameraCFrame":[754.855,238.525,44.328,-0.896,0.437,-0.077,0,0.174,0.985,0.444,0.883,-0.156],"_shiftlockState":true,"_pose":"Running","_animationQueue":[],"_animationSpeed":1.103,"_zoom":16.125},{"_mousePosition":[683,384],"_rootPartCFrame":[757.212,224.715,45.595,-0.896,0,-0.444,0,1,0,0.444,0,-0.896],"_humanoidState":8,"_cameraCFrame":[754.773,238.526,44.244,-0.926,0.371,-0.065,0,0.174,0.985,0.377,0.912,-0.161],"_shiftlockState":true,"_pose":"Running","_animationQueue":[],"_animationSpeed":1.103,"_zoom":16.125},{"_mousePosition":[683,384],"_rootPartCFrame":[756.974,224.718,45.715,-0.926,0,-0.377,0,1,0,0.377,0,-0.926],"_humanoidState":8,"_cameraCFrame":[754.75,238.528,44.033,-0.97,0.239,-0.042,0,0.174,0.985,0.242,0.955,-0.168],"_shiftlockState":true,"_pose":"Running","_animationQueue":[],"_animationSpeed":1.103,"_zoom":16.125},{"_mousePosition":[683,384],"_rootPartCFrame":[756.605,224.679,45.868,-0.973,0,-0.231,0,1,0,0.231,0,-0.973],"_humanoidState":8,"_cameraCFrame":[754.464,238.489,44.081,-0.981,0.192,-0.034,0,0.174,0.985,0.195,0.966,-0.17],"_shiftlockState":true,"_pose":"Running","_animationQueue":[],"_animationSpeed":1.103,"_zoom":16.125},{"_mousePosition":[683,384],"_rootPartCFrame":[756.412,224.686,45.922,-0.981,0,-0.193,0,1,0,0.193,0,-0.981],"_humanoidState":8,"_cameraCFrame":[754.52,238.496,43.874,-0.998,0.066,-0.012,0,0.174,0.985,0.067,0.983,-0.173],"_shiftlockState":true,"_pose":"Running","_animationQueue":[],"_animationSpeed":1.103,"_zoom":16.125},{"_mousePosition":[683,384],"_rootPartCFrame":[756.086,224.695,45.989,-0.998,0,-0.059,0,1,0,0.059,0,-0.998],"_humanoidState":8,"_cameraCFrame":[754.321,238.505,43.83,-1,0.007,-0.001,0,0.174,0.985,0.007,0.985,-0.174],"_shiftlockState":true,"_pose":"Running","_animationQueue":[["walk",0.1]],"_animationSpeed":1.103,"_zoom":16.125},{"_mousePosition":[683,384],"_rootPartCFrame":[755.824,224.664,46.041,-1,0,0.002,0,1,0,-0.002,0,-1],"_humanoidState":8,"_cameraCFrame":[754.143,238.474,43.817,-1,-0.031,0.005,0,0.174,0.985,-0.031,0.984,-0.174],"_shiftlockState":true,"_pose":"Running","_animationQueue":[],"_animationSpeed":1.103,"_zoom":16.125},{"_mousePosition":[683,384],"_rootPartCFrame":[755.628,224.606,46.08,-0.999,0,0.037,0,1,0,-0.037,0,-0.999],"_humanoidState":8,"_cameraCFrame":[753.986,238.416,43.826,-0.999,-0.048,0.008,0,0.174,0.985,-0.049,0.984,-0.173],"_shiftlockState":true,"_pose":"Running","_animationQueue":[],"_animationSpeed":1.103,"_zoom":16.125},{"_mousePosition":[683,384],"_rootPartCFrame":[755.367,224.48,46.132,-0.998,0,0.057,0,1,0,-0.057,0,-0.998],"_humanoidState":8,"_cameraCFrame":[753.725,238.29,43.878,-0.999,-0.048,0.008,0,0.174,0.985,-0.049,0.984,-0.173],"_shiftlockState":true,"_pose":"Running","_animationQueue":[],"_animationSpeed":1.103,"_zoom":16.125},{"_mousePosition":[683,384],"_rootPartCFrame":[755.04,224.246,46.197,-0.998,0,0.059,0,1,0,-0.059,0,-0.998],"_humanoidState":8,"_cameraCFrame":[753.398,238.056,43.944,-0.999,-0.048,0.008,0,0.174,0.985,-0.049,0.984,-0.173],"_shiftlockState":true,"_pose":"Running","_animationQueue":[],"_animationSpeed":1.103,"_zoom":16.125},{"_mousePosition":[683,384],"_rootPartCFrame":[754.778,225.109,46.249,-0.998,0,0.057,0,1,0,-0.057,0,-0.998],"_humanoidState":3,"_cameraCFrame":[753.137,238.919,43.996,-0.999,-0.048,0.008,0,0.174,0.985,-0.049,0.984,-0.173],"_shiftlockState":true,"_pose":"Jumping","_animationQueue":[["walk",0.1],["jump",0.1]],"_animationSpeed":1,"_zoom":16.125},{"_mousePosition":[683,384],"_rootPartCFrame":[754.581,225.72,46.273,-0.994,0,0.114,0,1,0,-0.114,0,-0.994],"_humanoidState":5,"_cameraCFrame":[752.939,239.531,44.02,-0.999,-0.048,0.008,0,0.174,0.985,-0.049,0.984,-0.173],"_shiftlockState":true,"_pose":"FreeFall","_animationQueue":[["jump",0.1]],"_animationSpeed":1,"_zoom":16.125},{"_mousePosition":[683,384],"_rootPartCFrame":[754.249,226.671,46.27,-0.979,0,0.206,0,1,0,-0.206,0,-0.979],"_humanoidState":5,"_cameraCFrame":[752.607,240.481,44.016,-0.999,-0.048,0.008,0,0.174,0.985,-0.049,0.984,-0.173],"_shiftlockState":true,"_pose":"FreeFall","_animationQueue":[],"_animationSpeed":1,"_zoom":16.125},{"_mousePosition":[683,384],"_rootPartCFrame":[754.049,227.201,46.26,-0.989,0,0.148,0,1,0,-0.148,0,-0.989],"_humanoidState":5,"_cameraCFrame":[752.408,241.011,44.006,-0.999,-0.048,0.008,0,0.174,0.985,-0.049,0.984,-0.173],"_shiftlockState":true,"_pose":"FreeFall","_animationQueue":[],"_animationSpeed":1,"_zoom":16.125},{"_mousePosition":[683,384],"_rootPartCFrame":[753.783,227.859,46.247,-0.983,0,0.181,0,1,0,-0.181,0,-0.983],"_humanoidState":5,"_cameraCFrame":[752.141,241.67,43.993,-0.999,-0.048,0.008,0,0.174,0.985,-0.049,0.984,-0.173],"_shiftlockState":true,"_pose":"FreeFall","_animationQueue":[],"_animationSpeed":1,"_zoom":16.125},{"_mousePosition":[683,384],"_rootPartCFrame":[753.45,228.606,46.231,-0.977,0,0.214,0,1,0,-0.214,0,-0.977],"_humanoidState":5,"_cameraCFrame":[751.808,242.416,43.977,-0.999,-0.048,0.008,0,0.174,0.985,-0.049,0.984,-0.173],"_shiftlockState":true,"_pose":"FreeFall","_animationQueue":[],"_animationSpeed":1,"_zoom":16.125},{"_mousePosition":[683,384],"_rootPartCFrame":[753.25,229.013,46.221,-0.989,0,0.148,0,1,0,-0.148,0,-0.989],"_humanoidState":5,"_cameraCFrame":[751.614,242.823,43.963,-0.999,-0.051,0.009,0,0.174,0.985,-0.051,0.984,-0.173],"_shiftlockState":true,"_pose":"FreeFall","_animationQueue":[],"_animationSpeed":1,"_zoom":16.125},{"_mousePosition":[683,384],"_rootPartCFrame":[752.917,229.623,46.205,-0.976,0,0.216,0,1,0,-0.216,0,-0.976],"_humanoidState":5,"_cameraCFrame":[751.287,243.433,43.943,-0.999,-0.053,0.009,0,0.174,0.985,-0.054,0.983,-0.173],"_shiftlockState":true,"_pose":"FreeFall","_animationQueue":[],"_animationSpeed":1,"_zoom":16.125},{"_mousePosition":[683,384],"_rootPartCFrame":[752.651,230.05,46.191,-0.983,0,0.186,0,1,0,-0.186,0,-0.983],"_humanoidState":5,"_cameraCFrame":[751.015,243.86,43.933,-0.999,-0.051,0.009,0,0.174,0.985,-0.051,0.984,-0.173],"_shiftlockState":true,"_pose":"FreeFall","_animationQueue":[],"_animationSpeed":1,"_zoom":16.125},{"_mousePosition":[683,384],"_rootPartCFrame":[752.385,230.423,46.177,-0.983,0,0.184,0,1,0,-0.184,0,-0.983],"_humanoidState":5,"_cameraCFrame":[750.737,244.233,43.927,-0.999,-0.046,0.008,0,0.174,0.985,-0.046,0.984,-0.173],"_shiftlockState":true,"_pose":"FreeFall","_animationQueue":[],"_animationSpeed":1,"_zoom":16.125},{"_mousePosition":[683,384],"_rootPartCFrame":[752.118,230.74,46.163,-0.984,0,0.179,0,1,0,-0.179,0,-0.984],"_humanoidState":5,"_cameraCFrame":[750.448,244.551,43.93,-0.999,-0.036,0.006,0,0.174,0.985,-0.036,0.984,-0.174],"_shiftlockState":true,"_pose":"FreeFall","_animationQueue":[],"_animationSpeed":1,"_zoom":16.125},{"_mousePosition":[683,384],"_rootPartCFrame":[751.852,231.004,46.15,-0.986,0,0.169,0,1,0,-0.169,0,-0.986],"_humanoidState":5,"_cameraCFrame":[750.159,244.814,43.935,-1,-0.026,0.005,0,0.174,0.985,-0.026,0.984,-0.174],"_shiftlockState":true,"_pose":"FreeFall","_animationQueue":[],"_animationSpeed":1,"_zoom":16.125},{"_mousePosition":[683,384],"_rootPartCFrame":[751.652,231.166,46.143,-0.992,0,0.126,0,1,0,-0.126,0,-0.992],"_humanoidState":5,"_cameraCFrame":[749.926,244.976,43.953,-1,-0.011,0.002,0,0.174,0.985,-0.011,0.985,-0.174],"_shiftlockState":true,"_pose":"FreeFall","_animationQueue":[],"_animationSpeed":1,"_zoom":16.125},{"_mousePosition":[683,384],"_rootPartCFrame":[751.386,231.334,46.135,-0.99,0,0.144,0,1,0,-0.144,0,-0.99],"_humanoidState":5,"_cameraCFrame":[749.626,245.144,43.972,-1,0.004,-0.001,0,0.174,0.985,0.004,0.985,-0.174],"_shiftlockState":true,"_pose":"FreeFall","_animationQueue":[],"_animationSpeed":1,"_zoom":16.125},{"_mousePosition":[683,384],"_rootPartCFrame":[751.052,231.467,46.131,-0.987,0,0.162,0,1,0,-0.162,0,-0.987],"_humanoidState":5,"_cameraCFrame":[749.266,245.277,43.99,-1,0.017,-0.003,0,0.174,0.985,0.017,0.985,-0.174],"_shiftlockState":true,"_pose":"FreeFall","_animationQueue":[["fall",0.3]],"_animationSpeed":1,"_zoom":16.125},{"_mousePosition":[683,384],"_rootPartCFrame":[750.786,231.512,46.132,-0.993,0,0.116,0,1,0,-0.116,0,-0.993],"_humanoidState":5,"_cameraCFrame":[748.978,245.323,44.009,-1,0.027,-0.005,0,0.174,0.985,0.027,0.984,-0.174],"_shiftlockState":true,"_pose":"FreeFall","_animationQueue":[],"_animationSpeed":1,"_zoom":16.125},{"_mousePosition":[683,384],"_rootPartCFrame":[750.586,231.511,46.135,-0.997,0,0.073,0,1,0,-0.073,0,-0.997],"_humanoidState":5,"_cameraCFrame":[748.767,245.321,44.021,-0.999,0.032,-0.006,0,0.174,0.985,0.032,0.984,-0.174],"_shiftlockState":true,"_pose":"FreeFall","_animationQueue":[],"_animationSpeed":1,"_zoom":16.125},{"_mousePosition":[683,384],"_rootPartCFrame":[750.253,231.44,46.143,-0.991,0,0.134,0,1,0,-0.134,0,-0.991],"_humanoidState":5,"_cameraCFrame":[748.434,245.25,44.03,-0.999,0.032,-0.006,0,0.174,0.985,0.032,0.984,-0.174],"_shiftlockState":true,"_pose":"FreeFall","_animationQueue":[],"_animationSpeed":1,"_zoom":16.125},{"_mousePosition":[683,384],"_rootPartCFrame":[749.986,231.322,46.151,-0.995,0,0.101,0,1,0,-0.101,0,-0.995],"_humanoidState":5,"_cameraCFrame":[748.167,245.132,44.038,-0.999,0.032,-0.006,0,0.174,0.985,0.032,0.984,-0.174],"_shiftlockState":true,"_pose":"FreeFall","_animationQueue":[],"_animationSpeed":1,"_zoom":16.125},{"_mousePosition":[683,384],"_rootPartCFrame":[749.744,231.149,46.159,-1,0,0.009,0,1,0,-0.009,0,-1],"_humanoidState":5,"_cameraCFrame":[747.941,242.26,44.521,-0.999,0.032,-0.006,0,0.174,0.985,0.032,0.984,-0.174],"_shiftlockState":true,"_pose":"FreeFall","_animationQueue":[],"_animationSpeed":1,"_zoom":16.125},{"_mousePosition":[683,384],"_rootPartCFrame":[749.645,231.273,46.162,-1,0,-0.027,0,1,0,0.027,0,-1],"_humanoidState":7,"_cameraCFrame":[747.842,242.285,44.542,-0.999,0.032,-0.006,0,0.174,0.985,0.032,0.984,-0.174],"_shiftlockState":true,"_pose":"FreeFall","_animationQueue":[["fall",0.3],["walk",0.1],["fall",0.3],["fall",0.3]],"_animationSpeed":1,"_zoom":16.125},{"_mousePosition":[683,384],"_rootPartCFrame":[749.746,231.451,46.159,-1,0,-0.032,0,1,0,0.032,0,-1],"_humanoidState":7,"_cameraCFrame":[747.944,242.285,44.57,-0.999,0.032,-0.006,0,0.174,0.985,0.032,0.984,-0.174],"_shiftlockState":true,"_pose":"FreeFall","_animationQueue":[],"_animationSpeed":1,"_zoom":16.125},{"_mousePosition":[683,384],"_rootPartCFrame":[750.067,231.581,46.149,-0.999,0,-0.032,0,1,0,0.032,0,-0.999],"_humanoidState":8,"_cameraCFrame":[748.278,242.285,44.569,-1,0.024,-0.004,0,0.174,0.985,0.025,0.985,-0.174],"_shiftlockState":true,"_pose":"Running","_animationQueue":[["walk",0.1],["fall",0.3],["walk",0.1]],"_animationSpeed":0.74,"_zoom":16.125},{"_mousePosition":[683,384],"_rootPartCFrame":[750.334,231.63,46.14,-1,0,-0.024,0,1,0,0.024,0,-1],"_humanoidState":8,"_cameraCFrame":[748.568,242.623,44.483,-1,0.009,-0.002,0,0.174,0.985,0.009,0.985,-0.174],"_shiftlockState":true,"_pose":"Running","_animationQueue":[["walk",0.1]],"_animationSpeed":1.1,"_zoom":16.125},{"_mousePosition":[683,384],"_rootPartCFrame":[750.6,231.625,46.132,-1,0,-0.009,0,1,0,0.009,0,-1],"_humanoidState":8,"_cameraCFrame":[748.87,243.106,44.353,-1,-0.011,0.002,0,0.174,0.985,-0.011,0.985,-0.174],"_shiftlockState":true,"_pose":"Running","_animationQueue":[],"_animationSpeed":1.1,"_zoom":16.125},{"_mousePosition":[683,384],"_rootPartCFrame":[750.8,231.585,46.125,-1,0,0.011,0,1,0,-0.011,0,-1],"_humanoidState":8,"_cameraCFrame":[749.109,243.601,44.217,-1,-0.031,0.005,0,0.174,0.985,-0.031,0.984,-0.174],"_shiftlockState":true,"_pose":"Running","_animationQueue":[],"_animationSpeed":1.1,"_zoom":16.125},{"_mousePosition":[683,384],"_rootPartCFrame":[751.134,231.451,46.115,-1,0,0.031,0,1,0,-0.031,0,-1],"_humanoidState":8,"_cameraCFrame":[749.484,243.815,44.112,-0.999,-0.051,0.009,0,0.174,0.985,-0.051,0.984,-0.173],"_shiftlockState":true,"_pose":"Running","_animationQueue":[],"_animationSpeed":1.1,"_zoom":16.125},{"_mousePosition":[683,384],"_rootPartCFrame":[751.4,231.282,46.106,-0.999,0,0.051,0,1,0,-0.051,0,-0.999],"_humanoidState":8,"_cameraCFrame":[749.802,243.646,44.062,-0.997,-0.075,0.013,0,0.174,0.985,-0.077,0.982,-0.173],"_shiftlockState":true,"_pose":"Running","_animationQueue":[["walk",0.1]],"_animationSpeed":1.1,"_zoom":16.125},{"_mousePosition":[683,384],"_rootPartCFrame":[751.667,232.145,46.097,-0.997,0,0.077,0,1,0,-0.077,0,-0.997],"_humanoidState":3,"_cameraCFrame":[750.1,244.509,44.029,-0.996,-0.09,0.016,0,0.174,0.985,-0.092,0.981,-0.173],"_shiftlockState":true,"_pose":"Jumping","_animationQueue":[["walk",0.1],["jump",0.1]],"_animationSpeed":1,"_zoom":16.125},{"_mousePosition":[683,384],"_rootPartCFrame":[751.933,232.954,46.11,-1,0,0,0,1,0,0,0,-1],"_humanoidState":5,"_cameraCFrame":[750.387,245.317,44.026,-0.995,-0.1,0.018,0,0.174,0.985,-0.102,0.98,-0.173],"_shiftlockState":true,"_pose":"FreeFall","_animationQueue":[["jump",0.1]],"_animationSpeed":1,"_zoom":16.125},{"_mousePosition":[683,384],"_rootPartCFrame":[752.198,233.708,46.133,-1,0,-0.026,0,1,0,0.026,0,-1],"_humanoidState":5,"_cameraCFrame":[750.653,246.071,44.05,-0.995,-0.1,0.018,0,0.174,0.985,-0.102,0.98,-0.173],"_shiftlockState":true,"_pose":"FreeFall","_animationQueue":[],"_animationSpeed":1,"_zoom":16.125},{"_mousePosition":[683,384],"_rootPartCFrame":[752.464,234.407,46.16,-1,0,-0.031,0,1,0,0.031,0,-1],"_humanoidState":5,"_cameraCFrame":[750.918,246.771,44.076,-0.995,-0.1,0.018,0,0.174,0.985,-0.102,0.98,-0.173],"_shiftlockState":true,"_pose":"FreeFall","_animationQueue":[],"_animationSpeed":1,"_zoom":16.125},{"_mousePosition":[683,384],"_rootPartCFrame":[752.663,234.896,46.18,-1,0,0.002,0,1,0,-0.002,0,-1],"_humanoidState":5,"_cameraCFrame":[751.117,247.259,44.097,-0.995,-0.1,0.018,0,0.174,0.985,-0.102,0.98,-0.173],"_shiftlockState":true,"_pose":"FreeFall","_animationQueue":[],"_animationSpeed":1,"_zoom":16.125},{"_mousePosition":[683,384],"_rootPartCFrame":[752.995,235.642,46.214,-0.998,0,-0.064,0,1,0,0.064,0,-0.998],"_humanoidState":5,"_cameraCFrame":[751.449,248.006,44.131,-0.995,-0.1,0.018,0,0.174,0.985,-0.102,0.98,-0.173],"_shiftlockState":true,"_pose":"FreeFall","_animationQueue":[],"_animationSpeed":1,"_zoom":16.125},{"_mousePosition":[683,384],"_rootPartCFrame":[753.194,236.049,46.235,-1,0,0.002,0,1,0,-0.002,0,-1],"_humanoidState":5,"_cameraCFrame":[751.648,248.413,44.151,-0.995,-0.1,0.018,0,0.174,0.985,-0.102,0.98,-0.173],"_shiftlockState":true,"_pose":"FreeFall","_animationQueue":[],"_animationSpeed":1,"_zoom":16.125},{"_mousePosition":[683,384],"_rootPartCFrame":[753.525,236.66,46.269,-0.998,0,-0.064,0,1,0,0.064,0,-0.998],"_humanoidState":5,"_cameraCFrame":[751.98,249.023,44.185,-0.995,-0.1,0.018,0,0.174,0.985,-0.102,0.98,-0.173],"_shiftlockState":true,"_pose":"FreeFall","_animationQueue":[],"_animationSpeed":1,"_zoom":16.125},{"_mousePosition":[683,384],"_rootPartCFrame":[753.791,237.086,46.296,-1,0,-0.031,0,1,0,0.031,0,-1],"_humanoidState":5,"_cameraCFrame":[752.245,249.45,44.212,-0.995,-0.1,0.018,0,0.174,0.985,-0.102,0.98,-0.173],"_shiftlockState":true,"_pose":"FreeFall","_animationQueue":[],"_animationSpeed":1,"_zoom":16.125},{"_mousePosition":[683,384],"_rootPartCFrame":[753.99,237.371,46.316,-1,0,0.002,0,1,0,-0.002,0,-1],"_humanoidState":5,"_cameraCFrame":[752.444,249.734,44.232,-0.995,-0.1,0.018,0,0.174,0.985,-0.102,0.98,-0.173],"_shiftlockState":true,"_pose":"FreeFall","_animationQueue":[],"_animationSpeed":1,"_zoom":16.125},{"_mousePosition":[683,384],"_rootPartCFrame":[754.322,237.777,46.35,-0.998,0,-0.064,0,1,0,0.064,0,-0.998],"_humanoidState":5,"_cameraCFrame":[752.776,250.14,44.266,-0.995,-0.1,0.018,0,0.174,0.985,-0.102,0.98,-0.173],"_shiftlockState":true,"_pose":"FreeFall","_animationQueue":[],"_animationSpeed":1,"_zoom":16.125},{"_mousePosition":[683,384],"_rootPartCFrame":[754.521,237.979,46.371,-1,0,0.002,0,1,0,-0.002,0,-1],"_humanoidState":5,"_cameraCFrame":[752.975,250.343,44.287,-0.995,-0.1,0.018,0,0.174,0.985,-0.102,0.98,-0.173],"_shiftlockState":true,"_pose":"FreeFall","_animationQueue":[],"_animationSpeed":1,"_zoom":16.125},{"_mousePosition":[683,384],"_rootPartCFrame":[754.786,238.202,46.398,-1,0,-0.031,0,1,0,0.031,0,-1],"_humanoidState":5,"_cameraCFrame":[753.24,250.566,44.314,-0.995,-0.1,0.018,0,0.174,0.985,-0.102,0.98,-0.173],"_shiftlockState":true,"_pose":"FreeFall","_animationQueue":[],"_animationSpeed":1,"_zoom":16.125},{"_mousePosition":[683,384],"_rootPartCFrame":[755.118,238.403,46.432,-0.998,0,-0.064,0,1,0,0.064,0,-0.998],"_humanoidState":5,"_cameraCFrame":[753.572,250.767,44.348,-0.995,-0.1,0.018,0,0.174,0.985,-0.102,0.98,-0.173],"_shiftlockState":true,"_pose":"FreeFall","_animationQueue":[],"_animationSpeed":1,"_zoom":16.125},{"_mousePosition":[683,384],"_rootPartCFrame":[755.317,238.483,46.452,-1,0,0.002,0,1,0,-0.002,0,-1],"_humanoidState":5,"_cameraCFrame":[753.77