[{"_mousePosition":[529,357],"_rootPartCFrame":[776.025,222.7,47.142,0.001,0,1,0,1,0,-1,0,0.001],"_humanoidState":8,"_cameraCFrame":[775.914,240.079,44.343,-0.999,0.039,-0.007,0,0.174,0.985,0.04,0.984,-0.174],"_shiftlockState":false,"_pose":"Standing","_animationQueue":[],"_animationSpeed":1,"_zoom":16.125},{"_mousePosition":[529,357],"_rootPartCFrame":[775.723,222.7,47.159,-0.008,0,1,0,1,0,-1,0,-0.008],"_humanoidState":8,"_cameraCFrame":[775.64,240.079,44.358,-1,0.029,-0.005,0,0.174,0.985,0.03,0.984,-0.174],"_shiftlockState":false,"_pose":"Standing","_animationQueue":[],"_animationSpeed":1,"_zoom":16.125},{"_mousePosition":[529,357],"_rootPartCFrame":[775.456,222.7,47.17,-0.013,0,1,0,1,0,-1,0,-0.013],"_humanoidState":8,"_cameraCFrame":[775.374,240.079,44.369,-1,0.029,-0.005,0,0.174,0.985,0.03,0.984,-0.174],"_shiftlockState":false,"_pose":"Running","_animationQueue":[["walk",0.1]],"_animationSpeed":1.089,"_zoom":16.125},{"_mousePosition":[529,357],"_rootPartCFrame":[775.323,222.7,47.174,-0.014,0,1,0,1,0,-1,0,-0.014],"_humanoidState":8,"_cameraCFrame":[775.24,240.079,44.373,-1,0.029,-0.005,0,0.174,0.985,0.03,0.984,-0.174],"_shiftlockState":false,"_pose":"Running","_animationQueue":[],"_animationSpeed":1.089,"_zoom":16.125},{"_mousePosition":[529,357],"_rootPartCFrame":[775.057,222.7,47.182,-0.016,0,1,0,1,0,-1,0,-0.016],"_humanoidState":8,"_cameraCFrame":[774.981,240.079,44.381,-1,0.027,-0.005,0,0.174,0.985,0.027,0.984,-0.174],"_shiftlockState":false,"_pose":"Running","_animationQueue":[],"_animationSpeed":1.089,"_zoom":16.125},{"_mousePosition":[529,357],"_rootPartCFrame":[774.79,222.7,47.19,-0.018,0,1,0,1,0,-1,0,-0.018],"_humanoidState":8,"_cameraCFrame":[774.729,240.08,44.39,-1,0.022,-0.004,0,0.174,0.985,0.022,0.985,-0.174],"_shiftlockState":false,"_pose":"Running","_animationQueue":[],"_animationSpeed":1.089,"_zoom":16.125},{"_mousePosition":[529,357],"_rootPartCFrame":[774.523,222.7,47.197,-0.019,0,1,0,1,0,-1,0,-0.019],"_humanoidState":8,"_cameraCFrame":[774.469,240.08,44.397,-1,0.019,-0.003,0,0.174,0.985,0.019,0.985,-0.174],"_shiftlockState":false,"_pose":"Running","_animationQueue":[],"_animationSpeed":1.089,"_zoom":16.125},{"_mousePosition":[529,357],"_rootPartCFrame":[774.257,222.7,47.203,-0.02,0,1,0,1,0,-1,0,-0.02],"_humanoidState":8,"_cameraCFrame":[774.21,240.08,44.403,-1,0.017,-0.003,0,0.174,0.985,0.017,0.985,-0.174],"_shiftlockState":false,"_pose":"Running","_animationQueue":[],"_animationSpeed":1.089,"_zoom":16.125},{"_mousePosition":[529,357],"_rootPartCFrame":[773.857,222.7,47.211,-0.02,0,1,0,1,0,-1,0,-0.02],"_humanoidState":8,"_cameraCFrame":[773.824,240.08,44.411,-1,0.012,-0.002,0,0.174,0.985,0.012,0.985,-0.174],"_shiftlockState":false,"_pose":"Running","_animationQueue":[["walk",0.1]],"_animationSpeed":1.089,"_zoom":16.125},{"_mousePosition":[529,357],"_rootPartCFrame":[773.724,222.7,47.213,-0.019,0,1,0,1,0,-1,0,-0.019],"_humanoidState":8,"_cameraCFrame":[773.698,240.08,44.413,-1,0.009,-0.002,0,0.174,0.985,0.009,0.985,-0.174],"_shiftlockState":false,"_pose":"Running","_animationQueue":[],"_animationSpeed":1.089,"_zoom":16.125},{"_mousePosition":[529,357],"_rootPartCFrame":[773.324,222.7,47.218,-0.018,0,1,0,1,0,-1,0,-0.018],"_humanoidState":8,"_cameraCFrame":[773.305,240.08,44.418,-1,0.007,-0.001,0,0.174,0.985,0.007,0.985,-0.174],"_shiftlockState":false,"_pose":"Running","_animationQueue":[],"_animationSpeed":1.089,"_zoom":16.125},{"_mousePosition":[529,357],"_rootPartCFrame":[773.057,222.7,47.22,-0.017,0,1,0,1,0,-1,0,-0.017],"_humanoidState":8,"_cameraCFrame":[773.038,240.08,44.42,-1,0.007,-0.001,0,0.174,0.985,0.007,0.985,-0.174],"_shiftlockState":false,"_pose":"Running","_animationQueue":[],"_animationSpeed":1.089,"_zoom":16.125},{"_mousePosition":[529,357],"_rootPartCFrame":[772.924,222.7,47.221,-0.016,0,1,0,1,0,-1,0,-0.016],"_humanoidState":8,"_cameraCFrame":[772.905,240.08,44.421,-1,0.007,-0.001,0,0.174,0.985,0.007,0.985,-0.174],"_shiftlockState":false,"_pose":"Running","_animationQueue":[],"_animationSpeed":1.089,"_zoom":16.125},{"_mousePosition":[529,357],"_rootPartCFrame":[772.657,222.7,47.223,-0.015,0,1,0,1,0,-1,0,-0.015],"_humanoidState":8,"_cameraCFrame":[772.638,240.08,44.423,-1,0.007,-0.001,0,0.174,0.985,0.007,0.985,-0.174],"_shiftlockState":false,"_pose":"Running","_animationQueue":[],"_animationSpeed":1.089,"_zoom":16.125},{"_mousePosition":[529,357],"_rootPartCFrame":[772.391,222.7,47.225,-0.014,0,1,0,1,0,-1,0,-0.014],"_humanoidState":8,"_cameraCFrame":[772.372,240.08,44.425,-1,0.007,-0.001,0,0.174,0.985,0.007,0.985,-0.174],"_shiftlockState":false,"_pose":"Running","_animationQueue":[],"_animationSpeed":1.089,"_zoom":16.125},{"_mousePosition":[529,357],"_rootPartCFrame":[772.124,222.7,47.227,-0.013,0,1,0,1,0,-1,0,-0.013],"_humanoidState":8,"_cameraCFrame":[772.105,240.08,44.427,-1,0.007,-0.001,0,0.174,0.985,0.007,0.985,-0.174],"_shiftlockState":false,"_pose":"Running","_animationQueue":[["walk",0.1]],"_animationSpeed":1.089,"_zoom":16.125},{"_mousePosition":[529,357],"_rootPartCFrame":[771.857,222.7,47.229,-0.012,0,1,0,1,0,-1,0,-0.012],"_humanoidState":8,"_cameraCFrame":[771.846,240.08,44.429,-1,0.004,-0.001,0,0.174,0.985,0.004,0.985,-0.174],"_shiftlockState":false,"_pose":"Running","_animationQueue":[],"_animationSpeed":1.089,"_zoom":16.125},{"_mousePosition":[529,357],"_rootPartCFrame":[771.591,222.7,47.23,-0.011,0,1,0,1,0,-1,0,-0.011],"_humanoidState":8,"_cameraCFrame":[771.579,240.08,44.43,-1,0.004,-0.001,0,0.174,0.985,0.004,0.985,-0.174],"_shiftlockState":false,"_pose":"Running","_animationQueue":[],"_animationSpeed":1.089,"_zoom":16.125},{"_mousePosition":[529,357],"_rootPartCFrame":[771.324,222.7,47.232,-0.01,0,1,0,1,0,-1,0,-0.01],"_humanoidState":8,"_cameraCFrame":[771.312,240.08,44.432,-1,0.004,-0.001,0,0.174,0.985,0.004,0.985,-0.174],"_shiftlockState":false,"_pose":"Running","_animationQueue":[],"_animationSpeed":1.089,"_zoom":16.125},{"_mousePosition":[529,357],"_rootPartCFrame":[771.057,222.7,47.233,-0.01,0,1,0,1,0,-1,0,-0.01],"_humanoidState":8,"_cameraCFrame":[771.045,240.08,44.433,-1,0.004,-0.001,0,0.174,0.985,0.004,0.985,-0.174],"_shiftlockState":false,"_pose":"Running","_animationQueue":[],"_animationSpeed":1.089,"_zoom":16.125},{"_mousePosition":[529,357],"_rootPartCFrame":[770.657,222.7,47.234,-0.008,0,1,0,1,0,-1,0,-0.008],"_humanoidState":8,"_cameraCFrame":[770.645,240.08,44.434,-1,0.004,-0.001,0,0.174,0.985,0.004,0.985,-0.174],"_shiftlockState":false,"_pose":"Running","_animationQueue":[],"_animationSpeed":1.089,"_zoom":16.125},{"_mousePosition":[529,357],"_rootPartCFrame":[770.457,223.352,47.235,-0.008,0,1,0,1,0,-1,0,-0.008],"_humanoidState":3,"_cameraCFrame":[768.695,240.732,44.443,-1,0.004,-0.001,0,0.174,0.985,0.004,0.985,-0.174],"_shiftlockState":true,"_pose":"Jumping","_animationQueue":[["walk",0.1],["walk",0.1],["jump",0.1]],"_animationSpeed":1,"_zoom":16.125},{"_mousePosition":[683,384],"_rootPartCFrame":[770.124,224.371,47.237,-0.993,0,0.119,0,1,0,-0.119,0,-0.993],"_humanoidState":5,"_cameraCFrame":[768.362,241.751,44.444,-1,0.004,-0.001,0,0.174,0.985,0.004,0.985,-0.174],"_shiftlockState":true,"_pose":"FreeFall","_animationQueue":[["jump",0.1]],"_animationSpeed":1,"_zoom":16.125},{"_mousePosition":[683,384],"_rootPartCFrame":[769.857,225.125,47.238,-0.992,0,0.126,0,1,0,-0.126,0,-0.992],"_humanoidState":5,"_cameraCFrame":[768.096,242.505,44.445,-1,0.004,-0.001,0,0.174,0.985,0.004,0.985,-0.174],"_shiftlockState":true,"_pose":"FreeFall","_animationQueue":[],"_animationSpeed":1,"_zoom":16.125},{"_mousePosition":[683,384],"_rootPartCFrame":[769.657,225.654,47.239,-0.995,0,0.095,0,1,0,-0.095,0,-0.995],"_humanoidState":5,"_cameraCFrame":[767.896,243.035,44.446,-1,0.004,-0.001,0,0.174,0.985,0.004,0.985,-0.174],"_shiftlockState":true,"_pose":"FreeFall","_animationQueue":[],"_animationSpeed":1,"_zoom":16.125},{"_mousePosition":[683,384],"_rootPartCFrame":[769.391,226.313,47.24,-0.992,0,0.129,0,1,0,-0.129,0,-0.992],"_humanoidState":5,"_cameraCFrame":[767.629,243.693,44.447,-1,0.004,-0.001,0,0.174,0.985,0.004,0.985,-0.174],"_shiftlockState":true,"_pose":"FreeFall","_animationQueue":[],"_animationSpeed":1,"_zoom":16.125},{"_mousePosition":[683,384],"_rootPartCFrame":[769.058,227.06,47.241,-0.987,0,0.162,0,1,0,-0.162,0,-0.987],"_humanoidState":5,"_cameraCFrame":[767.296,244.44,44.449,-1,0.004,-0.001,0,0.174,0.985,0.004,0.985,-0.174],"_shiftlockState":true,"_pose":"FreeFall","_animationQueue":[],"_animationSpeed":1,"_zoom":16.125},{"_mousePosition":[683,384],"_rootPartCFrame":[768.791,227.595,47.242,-0.992,0,0.129,0,1,0,-0.129,0,-0.992],"_humanoidState":5,"_cameraCFrame":[767.029,244.975,44.45,-1,0.004,-0.001,0,0.174,0.985,0.004,0.985,-0.174],"_shiftlockState":true,"_pose":"FreeFall","_animationQueue":[],"_animationSpeed":1,"_zoom":16.125},{"_mousePosition":[683,384],"_rootPartCFrame":[768.591,227.962,47.243,-0.995,0,0.096,0,1,0,-0.096,0,-0.995],"_humanoidState":5,"_cameraCFrame":[766.829,245.342,44.45,-1,0.004,-0.001,0,0.174,0.985,0.004,0.985,-0.174],"_shiftlockState":true,"_pose":"FreeFall","_animationQueue":[],"_animationSpeed":1,"_zoom":16.125},{"_mousePosition":[683,384],"_rootPartCFrame":[768.324,228.402,47.244,-0.992,0,0.129,0,1,0,-0.129,0,-0.992],"_humanoidState":5,"_cameraCFrame":[766.563,245.782,44.452,-1,0.004,-0.001,0,0.174,0.985,0.004,0.985,-0.174],"_shiftlockState":true,"_pose":"FreeFall","_animationQueue":[],"_animationSpeed":1,"_zoom":16.125},{"_mousePosition":[683,384],"_rootPartCFrame":[768.058,228.788,47.245,-0.992,0,0.129,0,1,0,-0.129,0,-0.992],"_humanoidState":5,"_cameraCFrame":[766.296,246.168,44.453,-1,0.004,-0.001,0,0.174,0.985,0.004,0.985,-0.174],"_shiftlockState":true,"_pose":"FreeFall","_animationQueue":[],"_animationSpeed":1,"_zoom":16.125},{"_mousePosition":[683,384],"_rootPartCFrame":[767.791,229.12,47.247,-0.992,0,0.129,0,1,0,-0.129,0,-0.992],"_humanoidState":5,"_cameraCFrame":[766.029,246.5,44.454,-1,0.004,-0.001,0,0.174,0.985,0.004,0.985,-0.174],"_shiftlockState":true,"_pose":"FreeFall","_animationQueue":[],"_animationSpeed":1,"_zoom":16.125},{"_mousePosition":[683,384],"_rootPartCFrame":[767.458,229.457,47.248,-0.987,0,0.162,0,1,0,-0.162,0,-0.987],"_humanoidState":5,"_cameraCFrame":[765.696,246.837,44.455,-1,0.004,-0.001,0,0.174,0.985,0.004,0.985,-0.174],"_shiftlockState":true,"_pose":"FreeFall","_animationQueue":[],"_animationSpeed":1,"_zoom":16.125},{"_mousePosition":[683,384],"_rootPartCFrame":[767.258,229.619,47.249,-0.995,0,0.096,0,1,0,-0.096,0,-0.995],"_humanoidState":5,"_cameraCFrame":[765.496,246.999,44.456,-1,0.004,-0.001,0,0.174,0.985,0.004,0.985,-0.174],"_shiftlockState":true,"_pose":"FreeFall","_animationQueue":[],"_animationSpeed":1,"_zoom":16.125},{"_mousePosition":[683,384],"_rootPartCFrame":[766.991,229.787,47.25,-0.992,0,0.129,0,1,0,-0.129,0,-0.992],"_humanoidState":5,"_cameraCFrame":[765.23,247.167,44.457,-1,0.004,-0.001,0,0.174,0.985,0.004,0.985,-0.174],"_shiftlockState":true,"_pose":"FreeFall","_animationQueue":[],"_animationSpeed":1,"_zoom":16.125},{"_mousePosition":[683,384],"_rootPartCFrame":[766.658,229.921,47.251,-0.987,0,0.162,0,1,0,-0.162,0,-0.987],"_humanoidState":5,"_cameraCFrame":[764.896,247.301,44.459,-1,0.004,-0.001,0,0.174,0.985,0.004,0.985,-0.174],"_shiftlockState":true,"_pose":"FreeFall","_animationQueue":[],"_animationSpeed":1,"_zoom":16.125},{"_mousePosition":[683,384],"_rootPartCFrame":[766.458,229.96,47.252,-0.995,0,0.096,0,1,0,-0.096,0,-0.995],"_humanoidState":5,"_cameraCFrame":[764.704,247.34,44.455,-1,0.002,0,0,0.174,0.985,0.002,0.985,-0.174],"_shiftlockState":true,"_pose":"FreeFall","_animationQueue":[],"_animationSpeed":1,"_zoom":16.125},{"_mousePosition":[683,384],"_rootPartCFrame":[766.192,229.964,47.253,-0.991,0,0.131,0,1,0,-0.131,0,-0.991],"_humanoidState":5,"_cameraCFrame":[764.444,247.344,44.452,-1,-0.001,0,0,0.174,0.985,-0.001,0.985,-0.174],"_shiftlockState":true,"_pose":"FreeFall","_animationQueue":[],"_animationSpeed":1,"_zoom":16.125},{"_mousePosition":[683,384],"_rootPartCFrame":[765.858,229.893,47.254,-0.986,0,0.167,0,1,0,-0.167,0,-0.986],"_humanoidState":5,"_cameraCFrame":[764.132,247.273,44.439,-1,-0.008,0.001,0,0.174,0.985,-0.008,0.985,-0.174],"_shiftlockState":true,"_pose":"FreeFall","_animationQueue":[],"_animationSpeed":1,"_zoom":16.125},{"_mousePosition":[683,384],"_rootPartCFrame":[765.658,229.81,47.254,-0.994,0,0.108,0,1,0,-0.108,0,-0.994],"_humanoidState":5,"_cameraCFrame":[763.982,247.19,44.409,-1,-0.026,0.005,0,0.174,0.985,-0.026,0.984,-0.174],"_shiftlockState":true,"_pose":"FreeFall","_animationQueue":[],"_animationSpeed":1,"_zoom":16.125},{"_mousePosition":[683,384],"_rootPartCFrame":[765.392,229.651,47.252,-0.987,0,0.159,0,1,0,-0.159,0,-0.987],"_humanoidState":5,"_cameraCFrame":[763.759,247.031,44.382,-0.999,-0.041,0.007,0,0.174,0.985,-0.041,0.984,-0.174],"_shiftlockState":true,"_pose":"FreeFall","_animationQueue":[],"_animationSpeed":1,"_zoom":16.125},{"_mousePosition":[683,384],"_rootPartCFrame":[765.059,229.375,47.244,-0.978,0,0.206,0,1,0,-0.206,0,-0.978],"_humanoidState":5,"_cameraCFrame":[763.462,246.755,44.354,-0.999,-0.053,0.009,0,0.174,0.985,-0.054,0.983,-0.173],"_shiftlockState":true,"_pose":"FreeFall","_animationQueue":[["fall",0.3]],"_animationSpeed":1,"_zoom":16.125},{"_mousePosition":[683,384],"_rootPartCFrame":[764.859,229.169,47.236,-0.988,0,0.153,0,1,0,-0.153,0,-0.988],"_humanoidState":5,"_cameraCFrame":[763.292,246.549,44.33,-0.998,-0.063,0.011,0,0.174,0.985,-0.064,0.983,-0.173],"_shiftlockState":true,"_pose":"FreeFall","_animationQueue":[],"_animationSpeed":1,"_zoom":16.125},{"_mousePosition":[683,384],"_rootPartCFrame":[764.592,228.847,47.222,-0.981,0,0.196,0,1,0,-0.196,0,-0.981],"_humanoidState":5,"_cameraCFrame":[763.055,246.227,44.3,-0.997,-0.073,0.013,0,0.174,0.985,-0.074,0.982,-0.173],"_shiftlockState":true,"_pose":"FreeFall","_animationQueue":[],"_animationSpeed":1,"_zoom":16.125},{"_mousePosition":[683,384],"_rootPartCFrame":[764.26,228.367,47.201,-0.971,0,0.238,0,1,0,-0.238,0,-0.971],"_humanoidState":5,"_cameraCFrame":[762.752,245.747,44.264,-0.996,-0.083,0.015,0,0.174,0.985,-0.084,0.981,-0.173],"_shiftlockState":true,"_pose":"FreeFall","_animationQueue":[],"_animationSpeed":1,"_zoom":16.125},{"_mousePosition":[683,384],"_rootPartCFrame":[764.06,228.038,47.187,-0.983,0,0.183,0,1,0,-0.183,0,-0.983],"_humanoidState":5,"_cameraCFrame":[762.567,245.418,44.242,-0.996,-0.088,0.016,0,0.174,0.985,-0.089,0.981,-0.173],"_shiftlockState":true,"_pose":"FreeFall","_animationQueue":[],"_animationSpeed":1,"_zoom":16.125},{"_mousePosition":[683,384],"_rootPartCFrame":[763.795,227.552,47.165,-0.975,0,0.221,0,1,0,-0.221,0,-0.975],"_humanoidState":5,"_cameraCFrame":[762.317,244.932,44.212,-0.996,-0.093,0.016,0,0.174,0.985,-0.094,0.98,-0.173],"_shiftlockState":true,"_pose":"FreeFall","_animationQueue":[],"_animationSpeed":1,"_zoom":16.125},{"_mousePosition":[683,384],"_rootPartCFrame":[763.529,227.012,47.141,-0.974,0,0.226,0,1,0,-0.226,0,-0.974],"_humanoidState":5,"_cameraCFrame":[762.066,244.392,44.181,-0.995,-0.098,0.017,0,0.174,0.985,-0.099,0.98,-0.173],"_shiftlockState":true,"_pose":"FreeFall","_animationQueue":[["fall",0.3]],"_animationSpeed":1,"_zoom":16.125},{"_mousePosition":[683,384],"_rootPartCFrame":[763.263,226.417,47.116,-0.973,0,0.231,0,1,0,-0.231,0,-0.973],"_humanoidState":5,"_cameraCFrame":[761.823,243.797,44.145,-0.994,-0.105,0.019,0,0.174,0.985,-0.107,0.979,-0.173],"_shiftlockState":true,"_pose":"FreeFall","_animationQueue":[],"_animationSpeed":1,"_zoom":16.125},{"_mousePosition":[683,384],"_rootPartCFrame":[762.998,225.768,47.09,-0.971,0,0.238,0,1,0,-0.238,0,-0.971],"_humanoidState":5,"_cameraCFrame":[761.61,243.148,44.094,-0.992,-0.123,0.022,0,0.174,0.985,-0.125,0.977,-0.172],"_shiftlockState":true,"_pose":"FreeFall","_animationQueue":[],"_animationSpeed":1,"_zoom":16.125},{"_mousePosition":[683,384],"_rootPartCFrame":[762.667,224.879,47.055,-0.958,0,0.287,0,1,0,-0.287,0,-0.958],"_humanoidState":5,"_cameraCFrame":[761.294,242.259,44.052,-0.992,-0.128,0.022,0,0.174,0.985,-0.13,0.977,-0.172],"_shiftlockState":true,"_pose":"FreeFall","_animationQueue":[],"_animationSpeed":1,"_zoom":16.125},{"_mousePosition":[683,384],"_rootPartCFrame":[762.468,224.305,47.031,-0.974,0,0.228,0,1,0,-0.228,0,-0.974],"_humanoidState":5,"_cameraCFrame":[761.149,241.685,44.004,-0.989,-0.145,0.026,0,0.174,0.985,-0.147,0.974,-0.172],"_shiftlockState":true,"_pose":"FreeFall","_animationQueue":[],"_animationSpeed":1,"_zoom":16.125},{"_mousePosition":[683,384],"_rootPartCFrame":[762.204,223.492,46.996,-0.961,0,0.277,0,1,0,-0.277,0,-0.961],"_humanoidState":5,"_cameraCFrame":[760.9,240.872,43.963,-0.988,-0.15,0.026,0,0.174,0.985,-0.152,0.973,-0.172],"_shiftlockState":true,"_pose":"FreeFall","_animationQueue":[],"_animationSpeed":1,"_zoom":16.125},{"_mousePosition":[683,384],"_rootPartCFrame":[761.874,222.508,46.948,-0.982,0,0.187,0,1,0,-0.187,0,-0.982],"_humanoidState":7,"_cameraCFrame":[760.57,239.888,43.914,-0.988,-0.15,0.026,0,0.174,0.985,-0.152,0.973,-0.172],"_shiftlockState":true,"_pose":"FreeFall","_animationQueue":[["fall",0.3],["walk",0.1],["fall",0.3],["fall",0.3]],"_animationSpeed":1,"_zoom":16.125},{"_mousePosition":[683,384],"_rootPartCFrame":[761.676,222.444,46.918,-0.988,0,0.152,0,1,0,-0.152,0,-0.988],"_humanoidState":7,"_cameraCFrame":[760.372,239.824,43.884,-0.988,-0.15,0.026,0,0.174,0.985,-0.152,0.973,-0.172],"_shiftlockState":true,"_pose":"FreeFall","_animationQueue":[],"_animationSpeed":1,"_zoom":16.125},{"_mousePosition":[683,384],"_rootPartCFrame":[761.413,222.529,46.877,-0.988,0,0.152,0,1,0,-0.152,0,-0.988],"_humanoidState":8,"_cameraCFrame":[760.109,239.909,43.843,-0.988,-0.15,0.026,0,0.174,0.985,-0.152,0.973,-0.172],"_shiftlockState":true,"_pose":"Running","_animationQueue":[["walk",0.1],["fall",0.3],["walk",0.1]],"_animationSpeed":1.103,"_zoom":16.125},{"_mousePosition":[683,384],"_rootPartCFrame":[761.149,222.603,46.837,-0.988,0,0.152,0,1,0,-0.152,0,-0.988],"_humanoidState":8,"_cameraCFrame":[759.845,239.983,43.803,-0.988,-0.15,0.026,0,0.174,0.985,-0.152,0.973,-0.172],"_shiftlockState":true,"_pose":"Running","_animationQueue":[],"_animationSpeed":1.103,"_zoom":16.125},{"_mousePosition":[683,384],"_rootPartCFrame":[760.885,222.646,46.796,-0.988,0,0.152,0,1,0,-0.152,0,-0.988],"_humanoidState":8,"_cameraCFrame":[759.582,240.026,43.762,-0.988,-0.15,0.026,0,0.174,0.985,-0.152,0.973,-0.172],"_shiftlockState":true,"_pose":"Running","_animationQueue":[],"_animationSpeed":1.103,"_zoom":16.125},{"_mousePosition":[683,384],"_rootPartCFrame":[760.622,222.67,46.755,-0.988,0,0.152,0,1,0,-0.152,0,-0.988],"_humanoidState":8,"_cameraCFrame":[759.318,240.05,43.722,-0.988,-0.15,0.026,0,0.174,0.985,-0.152,0.973,-0.172],"_shiftlockState":true,"_pose":"Running","_animationQueue":[],"_animationSpeed":1.103,"_zoom":16.125},{"_mousePosition":[683,384],"_rootPartCFrame":[760.358,222.684,46.715,-0.988,0,0.152,0,1,0,-0.152,0,-0.988],"_humanoidState":8,"_cameraCFrame":[759.054,240.064,43.681,-0.988,-0.15,0.026,0,0.174,0.985,-0.152,0.973,-0.172],"_shiftlockState":true,"_pose":"Running","_animationQueue":[],"_animationSpeed":1.103,"_zoom":16.125},{"_mousePosition":[683,384],"_rootPartCFrame":[760.094,222.691,46.674,-0.988,0,0.152,0,1,0,-0.152,0,-0.988],"_humanoidState":8,"_cameraCFrame":[758.798,240.071,43.637,-0.988,-0.152,0.027,0,0.174,0.985,-0.155,0.973,-0.172],"_shiftlockState":true,"_pose":"Running","_animationQueue":[["walk",0.1]],"_animationSpeed":1.103,"_zoom":16.125},{"_mousePosition":[683,384],"_rootPartCFrame":[759.831,222.695,46.634,-0.988,0,0.155,0,1,0,-0.155,0,-0.988],"_humanoidState":8,"_cameraCFrame":[758.534,240.075,43.597,-0.988,-0.152,0.027,0,0.174,0.985,-0.155,0.973,-0.172],"_shiftlockState":true,"_pose":"Running","_animationQueue":[],"_animationSpeed":1.103,"_zoom":16.125},{"_mousePosition":[683,384],"_rootPartCFrame":[759.501,222.697,46.582,-0.988,0,0.155,0,1,0,-0.155,0,-0.988],"_humanoidState":8,"_cameraCFrame":[758.205,240.077,43.545,-0.988,-0.152,0.027,0,0.174,0.985,-0.155,0.973,-0.172],"_shiftlockState":true,"_pose":"Running","_animationQueue":[],"_animationSpeed":1.103,"_zoom":16.125},{"_mousePosition":[683,384],"_rootPartCFrame":[759.304,222.698,46.551,-0.988,0,0.155,0,1,0,-0.155,0,-0.988],"_humanoidState":8,"_cameraCFrame":[758.008,240.078,43.514,-0.988,-0.152,0.027,0,0.174,0.985,-0.155,0.973,-0.172],"_shiftlockState":true,"_pose":"Running","_animationQueue":[],"_animationSpeed":1.103,"_zoom":16.125},{"_mousePosition":[683,384],"_rootPartCFrame":[759.04,222.699,46.51,-0.988,0,0.155,0,1,0,-0.155,0,-0.988],"_humanoidState":8,"_cameraCFrame":[757.744,240.079,43.473,-0.988,-0.152,0.027,0,0.174,0.985,-0.155,0.973,-0.172],"_shiftlockState":true,"_pose":"Running","_animationQueue":[],"_animationSpeed":1.103,"_zoom":16.125},{"_mousePosition":[683,384],"_rootPartCFrame":[758.777,222.699,46.469,-0.988,0,0.155,0,1,0,-0.155,0,-0.988],"_humanoidState":8,"_cameraCFrame":[757.481,240.079,43.432,-0.988,-0.152,0.027,0,0.174,0.985,-0.155,0.973,-0.172],"_shiftlockState":true,"_pose":"Running","_animationQueue":[],"_animationSpeed":1.103,"_zoom":16.125},{"_mousePosition":[683,384],"_rootPartCFrame":[758.513,222.699,46.428,-0.988,0,0.155,0,1,0,-0.155,0,-0.988],"_humanoidState":8,"_cameraCFrame":[757.217,240.079,43.391,-0.988,-0.152,0.027,0,0.174,0.985,-0.155,0.973,-0.172],"_shiftlockState":true,"_pose":"Running","_animationQueue":[["walk",0.1]],"_animationSpeed":1.103,"_zoom":16.125},{"_mousePosition":[683,384],"_rootPartCFrame":[758.25,222.7,46.387,-0.988,0,0.155,0,1,0,-0.155,0,-0.988],"_humanoidState":8,"_cameraCFrame":[756.946,240.08,43.353,-0.988,-0.15,0.026,0,0.174,0.985,-0.152,0.973,-0.172],"_shiftlockState":true,"_pose":"Running","_animationQueue":[],"_animationSpeed":1.103,"_zoom":16.125},{"_mousePosition":[683,384],"_rootPartCFrame":[757.987,222.7,46.345,-0.988,0,0.152,0,1,0,-0.152,0,-0.988],"_humanoidState":8,"_cameraCFrame":[756.675,240.08,43.315,-0.989,-0.147,0.026,0,0.174,0.985,-0.15,0.974,-0.172],"_shiftlockState":true,"_pose":"Running","_animationQueue":[],"_animationSpeed":1.103,"_zoom":16.125},{"_mousePosition":[683,384],"_rootPartCFrame":[757.723,222.7,46.305,-0.989,0,0.15,0,1,0,-0.15,0,-0.989],"_humanoidState":8,"_cameraCFrame":[756.412,240.08,43.274,-0.989,-0.147,0.026,0,0.174,0.985,-0.15,0.974,-0.172],"_shiftlockState":true,"_pose":"Running","_animationQueue":[],"_animationSpeed":1.103,"_zoom":16.125},{"_mousePosition":[683,384],"_rootPartCFrame":[757.459,222.7,46.265,-0.989,0,0.15,0,1,0,-0.15,0,-0.989],"_humanoidState":8,"_cameraCFrame":[756.14,240.08,43.238,-0.989,-0.145,0.026,0,0.174,0.985,-0.147,0.974,-0.172],"_shiftlockState":true,"_pose":"Running","_animationQueue":[],"_animationSpeed":1.103,"_zoom":16.125},{"_mousePosition":[683,384],"_rootPartCFrame":[757.064,222.7,46.205,-0.989,0,0.147,0,1,0,-0.147,0,-0.989],"_humanoidState":8,"_cameraCFrame":[755.745,240.08,43.178,-0.989,-0.145,0.026,0,0.174,0.985,-0.147,0.974,-0.172],"_shiftlockState":true,"_pose":"Running","_animationQueue":[],"_animationSpeed":1.103,"_zoom":16.125},{"_mousePosition":[683,384],"_rootPartCFrame":[756.932,222.7,46.185,-0.989,0,0.147,0,1,0,-0.147,0,-0.989],"_humanoidState":8,"_cameraCFrame":[755.613,240.08,43.158,-0.989,-0.145,0.026,0,0.174,0.985,-0.147,0.974,-0.172],"_shiftlockState":true,"_pose":"Running","_animationQueue":[["walk",0.1]],"_animationSpeed":1.103,"_zoom":16.125},{"_mousePosition":[683,384],"_rootPartCFrame":[756.668,222.7,46.146,-0.989,0,0.147,0,1,0,-0.147,0,-0.989],"_humanoidState":8,"_cameraCFrame":[755.341,240.08,43.122,-0.989,-0.142,0.025,0,0.174,0.985,-0.145,0.974,-0.172],"_shiftlockState":true,"_pose":"Running","_animationQueue":[],"_animationSpeed":1.103,"_zoom":16.125},{"_mousePosition":[683,384],"_rootPartCFrame":[756.272,222.7,46.087,-0.989,0,0.145,0,1,0,-0.145,0,-0.989],"_humanoidState":8,"_cameraCFrame":[756.663,240.08,43.314,-0.99,-0.137,0.024,0,0.174,0.985,-0.14,0.975,-0.172],"_shiftlockState":false,"_pose":"Running","_animationQueue":[],"_animationSpeed":1.103,"_zoom":16.125},{"_mousePosition":[683,384],"_rootPartCFrame":[756.009,222.7,46.048,-0.945,0,0.328,0,1,0,-0.328,0,-0.945],"_humanoidState":8,"_cameraCFrame":[756.399,240.08,43.276,-0.99,-0.137,0.024,0,0.174,0.985,-0.14,0.975,-0.172],"_shiftlockState":false,"_pose":"Running","_animationQueue":[],"_animationSpeed":1.103,"_zoom":16.125},{"_mousePosition":[683,384],"_rootPartCFrame":[755.877,222.7,46.03,-0.91,0,0.415,0,1,0,-0.415,0,-0.91],"_humanoidState":8,"_cameraCFrame":[756.232,240.08,43.252,-0.992,-0.125,0.022,0,0.174,0.985,-0.127,0.977,-0.172],"_shiftlockState":false,"_pose":"Running","_animationQueue":[],"_animationSpeed":1.103,"_zoom":16.125},{"_mousePosition":[683,384],"_rootPartCFrame":[755.481,222.7,45.974,-0.774,0,0.633,0,1,0,-0.633,0,-0.774],"_humanoidState":8,"_cameraCFrame":[755.794,240.08,43.191,-0.994,-0.11,0.019,0,0.174,0.985,-0.112,0.979,-0.173],"_shiftlockState":false,"_pose":"Running","_animationQueue":[],"_animationSpeed":1.103,"_zoom":16.125},{"_mousePosition":[683,384],"_rootPartCFrame":[755.216,223.563,45.937,-0.655,0,0.756,0,1,0,-0.756,0,-0.655],"_humanoidState":3,"_cameraCFrame":[755.495,240.943,43.15,-0.995,-0.098,0.017,0,0.174,0.985,-0.099,0.98,-0.173],"_shiftlockState":false,"_pose":"Jumping","_animationQueue":[["walk",0.1],["walk",0.1],["jump",0.1]],"_animationSpeed":1,"_zoom":16.125},{"_mousePosition":[683,384],"_rootPartCFrame":[755.018,224.174,45.913,-0.577,0,0.817,0,1,0,-0.817,0,-0.577],"_humanoidState":5,"_cameraCFrame":[755.261,241.554,43.124,-0.996,-0.085,0.015,0,0.174,0.985,-0.087,0.981,-0.173],"_shiftlockState":false,"_pose":"FreeFall","_animationQueue":[["jump",0.1]],"_animationSpeed":1,"_zoom":16.125},{"_mousePosition":[683,384],"_rootPartCFrame":[754.752,224.941,45.886,-0.489,0,0.872,0,1,0,-0.872,0,-0.489],"_humanoidState":5,"_cameraCFrame":[754.96,242.321,43.094,-0.997,-0.073,0.013,0,0.174,0.985,-0.074,0.982,-0.173],"_shiftlockState":false,"_pose":"FreeFall","_animationQueue":[],"_animationSpeed":1,"_zoom":16.125},{"_mousePosition":[683,384],"_rootPartCFrame":[754.487,225.654,45.863,-0.413,0,0.911,0,1,0,-0.911,0,-0.413],"_humanoidState":5,"_cameraCFrame":[754.666,243.035,43.068,-0.998,-0.063,0.011,0,0.174,0.985,-0.064,0.983,-0.173],"_shiftlockState":false,"_pose":"FreeFall","_animationQueue":[],"_animationSpeed":1,"_zoom":16.125},{"_mousePosition":[683,384],"_rootPartCFrame":[754.221,226.313,45.842,-0.347,0,0.938,0,1,0,-0.938,0,-0.347],"_humanoidState":5,"_cameraCFrame":[754.379,243.693,43.047,-0.998,-0.056,0.01,0,0.174,0.985,-0.056,0.983,-0.173],"_shiftlockState":false,"_pose":"FreeFall","_animationQueue":[],"_animationSpeed":1,"_zoom":16.125},{"_mousePosition":[683,384],"_rootPartCFrame":[753.888,227.06,45.821,-0.277,0,0.961,0,1,0,-0.961,0,-0.277],"_humanoidState":5,"_cameraCFrame":[754.032,244.44,43.024,-0.999,-0.051,0.009,0,0.174,0.985,-0.051,0.984,-0.173],"_shiftlockState":false,"_pose":"FreeFall","_animationQueue":[],"_animationSpeed":1,"_zoom":16.125},{"_mousePosition":[683,384],"_rootPartCFrame":[753.622,227.595,45.805,-0.23,0,0.973,0,1,0,-0.973,0,-0.23],"_humanoidState":5,"_cameraCFrame":[753.759,244.975,43.008,-0.999,-0.048,0.008,0,0.174,0.985,-0.049,0.984,-0.173],"_shiftlockState":false,"_pose":"FreeFall","_animationQueue":[],"_animationSpeed":1,"_zoom":16.125},{"_mousePosition":[683,384],"_rootPartCFrame":[753.356,228.077,45.791,-0.19,0,0.982,0,1,0,-0.982,0,-0.19],"_humanoidState":5,"_cameraCFrame":[753.493,245.457,42.994,-0.999,-0.048,0.008,0,0.174,0.985,-0.049,0.984,-0.173],"_shiftlockState":false,"_pose":"FreeFall","_animationQueue":[],"_animationSpeed":1,"_zoom":16.125},{"_mousePosition":[683,384],"_rootPartCFrame":[753.089,228.504,45.778,-0.157,0,0.988,0,1,0,-0.988,0,-0.157],"_humanoidState":5,"_cameraCFrame":[753.219,245.884,42.981,-0.999,-0.046,0.008,0,0.174,0.985,-0.046,0.984,-0.173],"_shiftlockState":false,"_pose":"FreeFall","_animationQueue":[],"_animationSpeed":1,"_zoom":16.125},{"_mousePosition":[683,384],"_rootPartCFrame":[752.89,228.788,45.768,-0.135,0,0.991,0,1,0,-0.991,0,-0.135],"_humanoidState":5,"_cameraCFrame":[753.02,246.168,42.971,-0.999,-0.046,0.008,0,0.174,0.985,-0.046,0.984,-0.173],"_shiftlockState":false,"_pose":"FreeFall","_animationQueue":[],"_animationSpeed":1,"_zoom":16.125},{"_mousePosition":[683,384],"_rootPartCFrame":[752.623,229.12,45.756,-0.11,0,0.994,0,1,0,-0.994,0,-0.11],"_humanoidState":5,"_cameraCFrame":[752.753,246.5,42.959,-0.999,-0.046,0.008,0,0.174,0.985,-0.046,0.984,-0.173],"_shiftlockState":false,"_pose":"FreeFall","_animationQueue":[],"_animationSpeed":1,"_zoom":16.125},{"_mousePosition":[683,384],"_rootPartCFrame":[752.357,229.397,45.743,-0.088,0,0.996,0,1,0,-0.996,0,-0.088],"_humanoidState":5,"_cameraCFrame":[752.487,246.777,42.946,-0.999,-0.046,0.008,0,0.174,0.985,-0.046,0.984,-0.173],"_shiftlockState":false,"_pose":"FreeFall","_animationQueue":[],"_animationSpeed":1,"_zoom":16.125},{"_mousePosition":[683,384],"_rootPartCFrame":[752.091,229.619,45.731,-0.069,0,0.998,0,1,0,-0.998,0,-0.069],"_humanoidState":5,"_cameraCFrame":[752.22,246.999,42.934,-0.999,-0.046,0.008,0,0.174,0.985,-0.046,0.984,-0.173],"_shiftlockState":false,"_pose":"FreeFall","_animationQueue":[],"_animationSpeed":1,"_zoom":16.125},{"_mousePosition":[683,384],"_rootPartCFrame":[751.824,229.787,45.719,-0.053,0,0.999,0,1,0,-0.999,0,-0.053],"_humanoidState":5,"_cameraCFrame":[751.954,247.167,42.922,-0.999,-0.046,0.008,0,0.174,0.985,-0.046,0.984,-0.173],"_shiftlockState":false,"_pose":"FreeFall","_animationQueue":[],"_animationSpeed":1,"_zoom":16.125},{"_mousePosition":[683,384],"_rootPartCFrame":[751.558,229.901,45.706,-0.039,0,0.999,0,1,0,-0.999,0,-0.039],"_humanoidState":5,"_cameraCFrame":[751.688,247.281,42.909,-0.999,-0.046,0.008,0,0.174,0.985,-0.046,0.984,-0.173],"_shiftlockState":false,"_pose":"FreeFall","_animationQueue":[],"_animationSpeed":1,"_zoom":16.125},{"_mousePosition":[683,384],"_rootPartCFrame":[751.292,229.96,45.694,-0.027,0,1,0,1,0,-1,0,-0.027],"_humanoidState":5,"_cameraCFrame":[751.421,247.34,42.897,-0.999,-0.046,0.008,0,0.174,0.985,-0.046,0.984,-0.173],"_shiftlockState":false,"_pose":"FreeFall","_animationQueue":[],"_animationSpeed":1,"_zoom":16.125},{"_mousePosition":[683,384],"_rootPartCFrame":[751.025,229.964,45.682,-0.016,0,1,0,1,0,-1,0,-0.016],"_humanoidState":5,"_cameraCFrame":[751.155,247.344,42.885,-0.999,-0.046,0.008,0,0.174,0.985,-0.046,0.984,-0.173],"_shiftlockState":false,"_pose":"FreeFall","_animationQueue":[],"_animationSpeed":1,"_zoom":16.125},{"_mousePosition":[683,384],"_rootPartCFrame":[750.759,229.914,45.669,-0.007,0,1,0,1,0,-1,0,-0.007],"_humanoidState":5,"_cameraCFrame":[750.91,247.294,42.873,-0.999,-0.053,0.009,0,0.174,0.985,-0.054,0.983,-0.173],"_shiftlockState":false,"_pose":"FreeFall","_animationQueue":[],"_animationSpeed":1,"_zoom":16.125},{"_mousePosition":[683,384],"_rootPartCFrame":[750.492,229.81,45.657,0,0,1,0,1,0,-1,0,0],"_humanoidState":5,"_cameraCFrame":[750.705,247.179,42.803,-0.997,-0.073,0.013,0,0.177,0.984,-0.074,0.981,-0.177],"_shiftlockState":false,"_pose":"FreeFall","_animationQueue":[],"_animationSpeed":1,"_zoom":16.125},{"_mousePosition":[683,384],"_rootPartCFrame":[750.226,229.651,45.643,0.007,0,1,0,1,0,-1,0,0.007],"_humanoidState":5,"_cameraCFrame":[748.819,247.014,42.569,-0.993,-0.113,0.021,0,0.179,0.984,-0.114,0.977,-0.178],"_shiftlockState":true,"_pose":"FreeFall","_animationQueue":[],"_animationSpeed":1,"_zoom":16.125},{"_mousePosition":[683,384],"_rootPartCFrame":[749.894,229.375,45.619,-0.971,0,0.238,0,1,0,-0.238,0,-0.971],"_humanoidState":5,"_cameraCFrame":[748.486,246.739,42.545,-0.993,-0.113,0.021,0,0.179,0.984,-0.114,0.977,-0.178],"_shiftlockState":true,"_pose":"FreeFall","_animationQueue":[["fall",0.3]],"_animationSpeed":1,"_zoom":16.125},{"_mousePosition":[683,384],"_rootPartCFrame":[749.629,229.094,45.59,-0.97,0,0.243,0,1,0,-0.243,0,-0.97],"_humanoidState":5,"_cameraCFrame":[748.307,246.457,42.478,-0.99,-0.14,0.025,0,0.179,0.984,-0.142,0.974,-0.178],"_shiftlockState":true,"_pose":"FreeFall","_animationQueue":[],"_animationSpeed":1,"_zoom":16.125},{"_mousePosition":[683,384],"_rootPartCFrame":[749.43,228.847,45.567,-0.971,0,0.24,0,1,0,-0.24,0,-0.971],"_humanoidState":5,"_cameraCFrame":[748.18,246.21,42.426,-0.986,-0.162,0.03,0,0.179,0.984,-0.165,0.97,-0.177],"_shiftlockState":true,"_pose":"FreeFall","_animationQueue":[],"_animationSpeed":1,"_zoom":16.125},{"_mousePosition":[683,384],"_rootPartCFrame":[749.166,228.47,45.53,-0.956,0,0.294,0,1,0,-0.294,0,-0.956],"_humanoidState":5,"_cameraCFrame":[747.972,245.833,42.367,-0.983,-0.179,0.033,0,0.179,0.984,-0.182,0.967,-0.176],"_shiftlockState":true,"_pose":"FreeFall","_animationQueue":[],"_animationSpeed":1,"_zoom":16.125},{"_mousePosition":[683,384],"_rootPartCFrame":[748.903,228.038,45.487,-0.95,0,0.311,0,1,0,-0.311,0,-0.95],"_humanoidState":5,"_cameraCFrame":[747.741,245.402,42.312,-0.981,-0.189,0.034,0,0.179,0.984,-0.192,0.965,-0.176],"_shiftlockState":true,"_pose":"FreeFall","_animationQueue":[],"_animationSpeed":1,"_zoom":16.125},{"_mousePosition":[683,384],"_rootPartCFrame":[748.64,227.552,45.439,-0.947,0,0.321,0,1,0,-0.321,0,-0.947],"_humanoidState":5,"_cameraCFrame":[747.488,244.921,42.289,-0.98,-0.194,0.035,0,0.177,0.984,-0.197,0.965,-0.174],"_shiftlockState":true,"_pose":"FreeFall","_animationQueue":[],"_animationSpeed":1,"_zoom":16.125},{"_mousePosition":[683,384],"_rootPartCFrame":[748.379,227.012,45.389,-0.946,0,0.325,0,1,0,-0.325,0,-0.946],"_humanoidState":5,"_cameraCFrame":[747.227,244.381,42.238,-0.98,-0.194,0.035,0,0.177,0.984,-0.197,0.965,-0.174],"_shiftlockState":true,"_pose":"FreeFall","_animationQueue":[],"_animationSpeed":1,"_zoom":16.125},{"_mousePosition":[683,384],"_rootPartCFrame":[748.117,226.417,45.336,-0.946,0,0.325,0,1,0,-0.325,0,-0.946],"_humanoidState":5,"_cameraCFrame":[746.965,243.786,42.186,-0.98,-0.194,0.035,0,0.177,0.984,-0.197,0.965,-0.174],"_shiftlockState":true,"_pose":"FreeFall","_animationQueue":[["fall",0.3]],"_animationSpeed":1,"_zoom":16.125},{"_mousePosition":[683,384],"_rootPartCFrame":[747.79,225.597,45.271,-0.934,0,0.357,0,1,0,-0.357,0,-0.934],"_humanoidState":5,"_cameraCFrame":[746.638,242.966,42.12,-0.98,-0.194,0.035,0,0.177,0.984,-0.197,0.965,-0.174],"_shiftlockState":true,"_pose":"FreeFall","_animationQueue":[],"_animationSpeed":1,"_zoom":16.125},{"_mousePosition":[683,384],"_rootPartCFrame":[747.594,225.064,45.231,-0.956,0,0.294,0,1,0,-0.294,0,-0.956],"_humanoidState":5,"_cameraCFrame":[746.45,242.433,42.078,-0.98,-0.196,0.035,0,0.177,0.984,-0.199,0.964,-0.174],"_shiftlockState":true,"_pose":"FreeFall","_animationQueue":[],"_animationSpeed":1,"_zoom":16.125},{"_mousePosition":[683,384],"_rootPartCFrame":[747.333,224.305,45.179,-0.945,0,0.328,0,1,0,-0.328,0,-0.945],"_humanoidState":5,"_cameraCFrame":[746.189,241.674,42.025,-0.98,-0.196,0.035,0,0.177,0.984,-0.199,0.964,-0.174],"_shiftlockState":true,"_pose":"FreeFall","_animationQueue":[],"_animationSpeed":1,"_zoom":16.125},{"_mousePosition":[683,384],"_rootPartCFrame":[747.071,223.492,45.126,-0.945,0,0.328,0,1,0,-0.328,0,-0.945],"_humanoidState":5,"_cameraCFrame":[745.935,240.861,41.969,-0.979,-0.199,0.036,0,0.177,0.984,-0.202,0.964,-0.174],"_shiftlockState":true,"_pose":"FreeFall","_animationQueue":[],"_animationSpeed":1,"_zoom":16.125},{"_mousePosition":[683,384],"_rootPartCFrame":[746.745,222.508,45.059,-0.972,0,0.236,0,1,0,-0.236,0,-0.972],"_humanoidState":7,"_cameraCFrame":[745.609,239.877,41.903,-0.979,-0.199,0.036,0,0.177,0.984,-0.202,0.964,-0.174],"_shiftlockState":true,"_pose":"FreeFall","_animationQueue":[["walk",0.1],["fall",0.3],["fall",0.3]],"_animationSpeed":1,"_zoom":16.125},{"_mousePosition":[683,384],"_rootPartCFrame":[746.484,222.46,45.005,-0.979,0,0.202,0,1,0,-0.202,0,-0.979],"_humanoidState":7,"_cameraCFrame":[745.36,239.818,41.789,-0.979,-0.199,0.037,0,0.181,0.983,-0.202,0.963,-0.178],"_shiftlockState":true,"_pose":"FreeFall","_animationQueue":[["fall",0.3]],"_animationSpeed":1,"_zoom":16.125},{"_mousePosition":[683,384],"_rootPartCFrame":[746.288,222.529,44.965,-0.979,0,0.202,0,1,0,-0.202,0,-0.979],"_humanoidState":8,"_cameraCFrame":[745.17,239.881,41.718,-0.979,-0.198,0.037,0,0.183,0.983,-0.202,0.963,-0.179],"_shiftlockState":true,"_pose":"Running","_animationQueue":[["walk",0.1],["fall",0.3],["walk",0.1]],"_animationSpeed":1.103,"_zoom":16.125},{"_mousePosition":[683,384],"_rootPartCFrame":[746.026,223.402,44.911,-0.979,0,0.202,0,1,0,-0.202,0,-0.979],"_humanoidState":3,"_cameraCFrame":[744.89,240.748,41.642,-0.981,-0.191,0.036,0,0.185,0.983,-0.194,0.964,-0.182],"_shiftlockState":true,"_pose":"Jumping","_animationQueue":[["walk",0.1],["jump",0.1]],"_animationSpeed":1,"_zoom":16.125},{"_mousePosition":[683,384],"_rootPartCFrame":[745.765,224.224,44.857,-0.959,0,0.284,0,1,0,-0.284,0,-0.959],"_humanoidState":5,"_cameraCFrame":[744.588,241.57,41.603,-0.983,-0.179,0.034,0,0.185,0.983,-0.182,0.966,-0.182],"_shiftlockState":true,"_pose":"FreeFall","_animationQueue":[["jump",0.1]],"_animationSpeed":1,"_zoom":16.125},{"_mousePosition":[683,384],"_rootPartCFrame":[745.504,224.991,44.805,-0.952,0,0.307,0,1,0,-0.307,0,-0.952],"_humanoidState":5,"_cameraCFrame":[744.277,242.338,41.569,-0.986,-0.164,0.031,0,0.185,0.983,-0.167,0.969,-0.183],"_shiftlockState":true,"_pose":"FreeFall","_animationQueue":[],"_animationSpeed":1,"_zoom":16.125},{"_mousePosition":[683,384],"_rootPartCFrame":[745.242,225.704,44.756,-0.955,0,0.296,0,1,0,-0.296,0,-0.955],"_humanoidState":5,"_cameraCFrame":[743.982,243.051,41.533,-0.988,-0.154,0.029,0,0.185,0.983,-0.157,0.971,-0.183],"_shiftlockState":true,"_pose":"FreeFall","_animationQueue":[],"_animationSpeed":1,"_zoom":16.125},{"_mousePosition":[683,384],"_rootPartCFrame":[744.979,226.363,44.711,-0.958,0,0.287,0,1,0,-0.287,0,-0.958],"_humanoidState":5,"_cameraCFrame":[743.711,243.709,41.491,-0.988,-0.152,0.029,0,0.185,0.983,-0.155,0.971,-0.183],"_shiftlockState":true,"_pose":"FreeFall","_animationQueue":[],"_animationSpeed":1,"_zoom":16.125},{"_mousePosition":[683,384],"_rootPartCFrame":[744.716,226.967,44.669,-0.959,0,0.284,0,1,0,-0.284,0,-0.959],"_humanoidState":5,"_cameraCFrame":[743.448,244.313,41.449,-0.988,-0.152,0.029,0,0.185,0.983,-0.155,0.971,-0.183],"_shiftlockState":true,"_pose":"FreeFall","_animationQueue":[],"_animationSpeed":1,"_zoom":16.125},{"_mousePosition":[683,384],"_rootPartCFrame":[744.452,227.516,44.627,-0.959,0,0.284,0,1,0,-0.284,0,-0.959],"_humanoidState":5,"_cameraCFrame":[743.185,244.863,41.407,-0.988,-0.152,0.029,0,0.185,0.983,-0.155,0.971,-0.183],"_shiftlockState":true,"_pose":"FreeFall","_animationQueue":[],"_animationSpeed":1,"_zoom":16.125},{"_mousePosition":[683,384],"_rootPartCFrame":[744.189,228.011,44.586,-0.959,0,0.284,0,1,0,-0.284,0,-0.959],"_humanoidState":5,"_cameraCFrame":[742.921,245.358,41.366,-0.988,-0.152,0.029,0,0.185,0.983,-0.155,0.971,-0.183],"_shiftlockState":true,"_pose":"FreeFall","_animationQueue":[],"_animationSpeed":1,"_zoom":16.125},{"_mousePosition":[683,384],"_rootPartCFrame":[743.925,228.452,44.545,-0.959,0,0.284,0,1,0,-0.284,0,-0.959],"_humanoidState":5,"_cameraCFrame":[742.658,245.798,41.325,-0.988,-0.152,0.029,0,0.185,0.983,-0.155,0.971,-0.183],"_shiftlockState":true,"_pose":"FreeFall","_animationQueue":[],"_animationSpeed":1,"_zoom":16.125},{"_mousePosition":[683,384],"_rootPartCFrame":[743.662,228.838,44.504,-0.959,0,0.284,0,1,0,-0.284,0,-0.959],"_humanoidState":5,"_cameraCFrame":[742.394,246.184,41.284,-0.988,-0.152,0.029,0,0.185,0.983,-0.155,0.971,-0.183],"_shiftlockState":true,"_pose":"FreeFall","_animationQueue":[],"_animationSpeed":1,"_zoom":16.125},{"_mousePosition":[683,384],"_rootPartCFrame":[743.398,229.169,44.463,-0.959,0,0.284,0,1,0,-0.284,0,-0.959],"_humanoidState":5,"_cameraCFrame":[742.131,246.516,41.242,-0.988,-0.152,0.029,0,0.185,0.983,-0.155,0.971,-0.183],"_shiftlockState":true,"_pose":"FreeFall","_animationQueue":[],"_animationSpeed":1,"_zoom":16.125},{"_mousePosition":[683,384],"_rootPartCFrame":[743.135,229.447,44.421,-0.959,0,0.284,0,1,0,-0.284,0,-0.959],"_humanoidState":5,"_cameraCFrame":[741.868,246.793,41.201,-0.988,-0.152,0.029,0,0.185,0.983,-0.155,0.971,-0.183],"_shiftlockState":true,"