[{"_mousePosition":[821,399],"_rootPartCFrame":[776.028,222.7,47.142,0,0,1,0,1,0,-1,0,0],"_humanoidState":8,"_cameraCFrame":[776.222,232.259,44.934,-0.996,-0.085,0.023,0,0.265,0.964,-0.088,0.96,-0.264],"_shiftlockState":false,"_pose":"Standing","_animationQueue":[],"_animationSpeed":1,"_zoom":8.357},{"_mousePosition":[821,399],"_rootPartCFrame":[775.782,222.7,47.121,0.012,0,1,0,1,0,-1,0,0.012],"_humanoidState":8,"_cameraCFrame":[775.975,232.263,44.928,-0.996,-0.085,0.023,0,0.263,0.965,-0.088,0.961,-0.262],"_shiftlockState":false,"_pose":"Standing","_animationQueue":[],"_animationSpeed":1,"_zoom":8.357},{"_mousePosition":[821,399],"_rootPartCFrame":[775.517,222.7,47.097,0.022,0,1,0,1,0,-1,0,0.022],"_humanoidState":8,"_cameraCFrame":[775.709,232.267,44.921,-0.996,-0.085,0.023,0,0.261,0.965,-0.088,0.962,-0.26],"_shiftlockState":false,"_pose":"Running","_animationQueue":[["walk",0.1]],"_animationSpeed":1.066,"_zoom":8.357},{"_mousePosition":[821,399],"_rootPartCFrame":[775.251,222.7,47.074,0.031,0,1,0,1,0,-1,0,0.031],"_humanoidState":8,"_cameraCFrame":[775.439,232.279,44.944,-0.996,-0.085,0.022,0,0.256,0.967,-0.088,0.963,-0.255],"_shiftlockState":false,"_pose":"Running","_animationQueue":[],"_animationSpeed":1.066,"_zoom":8.357},{"_mousePosition":[821,399],"_rootPartCFrame":[774.986,222.7,47.051,0.039,0,0.999,0,1,0,-0.999,0,0.039],"_humanoidState":8,"_cameraCFrame":[775.17,232.287,44.953,-0.996,-0.085,0.022,0,0.252,0.968,-0.088,0.964,-0.251],"_shiftlockState":false,"_pose":"Running","_animationQueue":[["walk",0.1]],"_animationSpeed":1.066,"_zoom":8.357},{"_mousePosition":[821,399],"_rootPartCFrame":[774.72,222.7,47.027,0.046,0,0.999,0,1,0,-0.999,0,0.046],"_humanoidState":8,"_cameraCFrame":[774.897,232.295,44.96,-0.996,-0.082,0.021,0,0.248,0.969,-0.085,0.965,-0.247],"_shiftlockState":false,"_pose":"Running","_animationQueue":[],"_animationSpeed":1.066,"_zoom":8.357},{"_mousePosition":[821,399],"_rootPartCFrame":[774.455,222.7,47.004,0.051,0,0.999,0,1,0,-0.999,0,0.051],"_humanoidState":8,"_cameraCFrame":[774.616,232.311,44.999,-0.997,-0.078,0.019,0,0.241,0.971,-0.08,0.967,-0.24],"_shiftlockState":false,"_pose":"Running","_animationQueue":[],"_animationSpeed":1.066,"_zoom":8.357},{"_mousePosition":[821,399],"_rootPartCFrame":[774.189,222.7,46.981,0.056,0,0.998,0,1,0,-0.998,0,0.056],"_humanoidState":8,"_cameraCFrame":[774.335,232.327,45.038,-0.997,-0.073,0.017,0,0.233,0.972,-0.075,0.97,-0.232],"_shiftlockState":false,"_pose":"Running","_animationQueue":[],"_animationSpeed":1.066,"_zoom":8.357},{"_mousePosition":[821,399],"_rootPartCFrame":[773.923,222.7,46.96,0.059,0,0.998,0,1,0,-0.998,0,0.059],"_humanoidState":8,"_cameraCFrame":[774.055,232.342,45.079,-0.998,-0.068,0.016,0,0.226,0.974,-0.07,0.972,-0.225],"_shiftlockState":false,"_pose":"Running","_animationQueue":[],"_animationSpeed":1.066,"_zoom":8.357},{"_mousePosition":[821,399],"_rootPartCFrame":[773.657,222.7,46.94,0.061,0,0.998,0,1,0,-0.998,0,0.061],"_humanoidState":8,"_cameraCFrame":[773.782,232.349,45.091,-0.998,-0.066,0.015,0,0.222,0.975,-0.067,0.973,-0.221],"_shiftlockState":false,"_pose":"Running","_animationQueue":[],"_animationSpeed":1.066,"_zoom":8.357},{"_mousePosition":[821,399],"_rootPartCFrame":[773.391,222.7,46.921,0.063,0,0.998,0,1,0,-0.998,0,0.063],"_humanoidState":8,"_cameraCFrame":[773.508,232.359,45.119,-0.998,-0.063,0.014,0,0.216,0.976,-0.065,0.974,-0.216],"_shiftlockState":false,"_pose":"Running","_animationQueue":[],"_animationSpeed":1.066,"_zoom":8.357},{"_mousePosition":[821,399],"_rootPartCFrame":[773.125,222.7,46.903,0.063,0,0.998,0,1,0,-0.998,0,0.063],"_humanoidState":8,"_cameraCFrame":[773.236,232.366,45.133,-0.998,-0.061,0.013,0,0.212,0.977,-0.062,0.975,-0.212],"_shiftlockState":false,"_pose":"Running","_animationQueue":[["walk",0.1]],"_animationSpeed":1.066,"_zoom":8.357},{"_mousePosition":[821,399],"_rootPartCFrame":[772.859,222.7,46.885,0.064,0,0.998,0,1,0,-0.998,0,0.064],"_humanoidState":8,"_cameraCFrame":[772.968,232.373,45.147,-0.998,-0.061,0.013,0,0.208,0.978,-0.062,0.976,-0.208],"_shiftlockState":false,"_pose":"Running","_animationQueue":[],"_animationSpeed":1.066,"_zoom":8.357},{"_mousePosition":[821,399],"_rootPartCFrame":[772.593,222.7,46.869,0.064,0,0.998,0,1,0,-0.998,0,0.064],"_humanoidState":8,"_cameraCFrame":[772.701,232.377,45.146,-0.998,-0.061,0.013,0,0.207,0.978,-0.062,0.977,-0.206],"_shiftlockState":false,"_pose":"Running","_animationQueue":[],"_animationSpeed":1.066,"_zoom":8.357},{"_mousePosition":[821,399],"_rootPartCFrame":[772.327,222.7,46.852,0.063,0,0.998,0,1,0,-0.998,0,0.063],"_humanoidState":8,"_cameraCFrame":[772.434,232.38,45.145,-0.998,-0.061,0.013,0,0.205,0.979,-0.062,0.977,-0.204],"_shiftlockState":false,"_pose":"Running","_animationQueue":[],"_animationSpeed":1.066,"_zoom":8.357},{"_mousePosition":[821,399],"_rootPartCFrame":[772.061,222.7,46.835,0.063,0,0.998,0,1,0,-0.998,0,0.063],"_humanoidState":8,"_cameraCFrame":[772.167,232.38,45.129,-0.998,-0.061,0.013,0,0.205,0.979,-0.062,0.977,-0.204],"_shiftlockState":false,"_pose":"Running","_animationQueue":[],"_animationSpeed":1.066,"_zoom":8.357},{"_mousePosition":[821,399],"_rootPartCFrame":[771.795,222.7,46.819,0.063,0,0.998,0,1,0,-0.998,0,0.063],"_humanoidState":8,"_cameraCFrame":[771.899,232.387,45.144,-0.998,-0.061,0.013,0,0.201,0.98,-0.062,0.978,-0.2],"_shiftlockState":false,"_pose":"Running","_animationQueue":[],"_animationSpeed":1.066,"_zoom":8.357},{"_mousePosition":[821,399],"_rootPartCFrame":[771.528,222.7,46.802,0.063,0,0.998,0,1,0,-0.998,0,0.063],"_humanoidState":8,"_cameraCFrame":[771.632,232.39,45.143,-0.998,-0.061,0.012,0,0.199,0.98,-0.062,0.978,-0.198],"_shiftlockState":false,"_pose":"Running","_animationQueue":[["walk",0.1]],"_animationSpeed":1.066,"_zoom":8.357},{"_mousePosition":[821,399],"_rootPartCFrame":[771.262,222.7,46.785,0.063,0,0.998,0,1,0,-0.998,0,0.063],"_humanoidState":8,"_cameraCFrame":[771.364,232.396,45.158,-0.998,-0.061,0.012,0,0.195,0.981,-0.062,0.979,-0.195],"_shiftlockState":false,"_pose":"Running","_animationQueue":[],"_animationSpeed":1.066,"_zoom":8.357},{"_mousePosition":[821,399],"_rootPartCFrame":[770.996,222.7,46.769,0.063,0,0.998,0,1,0,-0.998,0,0.063],"_humanoidState":8,"_cameraCFrame":[771.097,232.399,45.158,-0.998,-0.061,0.012,0,0.193,0.981,-0.062,0.979,-0.193],"_shiftlockState":false,"_pose":"Running","_animationQueue":[],"_animationSpeed":1.066,"_zoom":8.357},{"_mousePosition":[821,399],"_rootPartCFrame":[770.73,222.7,46.752,0.063,0,0.998,0,1,0,-0.998,0,0.063],"_humanoidState":8,"_cameraCFrame":[770.83,232.403,45.157,-0.998,-0.061,0.012,0,0.191,0.982,-0.062,0.98,-0.191],"_shiftlockState":false,"_pose":"Running","_animationQueue":[],"_animationSpeed":1.066,"_zoom":8.357},{"_mousePosition":[821,399],"_rootPartCFrame":[770.464,222.7,46.735,0.063,0,0.998,0,1,0,-0.998,0,0.063],"_humanoidState":8,"_cameraCFrame":[770.564,232.403,45.14,-0.998,-0.061,0.012,0,0.191,0.982,-0.062,0.98,-0.191],"_shiftlockState":false,"_pose":"Running","_animationQueue":[],"_animationSpeed":1.066,"_zoom":8.357},{"_mousePosition":[821,399],"_rootPartCFrame":[770.198,222.666,46.719,0.063,0,0.998,0,1,0,-0.998,0,0.063],"_humanoidState":8,"_cameraCFrame":[768.551,232.368,45.014,-0.998,-0.061,0.012,0,0.191,0.982,-0.062,0.98,-0.191],"_shiftlockState":true,"_pose":"Running","_animationQueue":[],"_animationSpeed":1.066,"_zoom":8.357},{"_mousePosition":[683,384],"_rootPartCFrame":[769.932,223.528,46.702,-0.998,0,0.062,0,1,0,-0.062,0,-0.998],"_humanoidState":3,"_cameraCFrame":[768.285,233.231,44.998,-0.998,-0.061,0.012,0,0.191,0.982,-0.062,0.98,-0.191],"_shiftlockState":true,"_pose":"Jumping","_animationQueue":[["walk",0.1],["walk",0.1],["jump",0.1]],"_animationSpeed":1,"_zoom":8.357},{"_mousePosition":[683,384],"_rootPartCFrame":[769.666,224.337,46.685,-0.988,0,0.154,0,1,0,-0.154,0,-0.988],"_humanoidState":5,"_cameraCFrame":[768.022,234.043,44.993,-0.998,-0.064,0.012,0,0.189,0.982,-0.065,0.98,-0.189],"_shiftlockState":true,"_pose":"FreeFall","_animationQueue":[["jump",0.1]],"_animationSpeed":1,"_zoom":8.357},{"_mousePosition":[683,384],"_rootPartCFrame":[769.4,225.091,46.669,-0.981,0,0.192,0,1,0,-0.192,0,-0.981],"_humanoidState":5,"_cameraCFrame":[767.759,234.8,44.988,-0.998,-0.066,0.013,0,0.187,0.982,-0.067,0.98,-0.187],"_shiftlockState":true,"_pose":"FreeFall","_animationQueue":[],"_animationSpeed":1,"_zoom":8.357},{"_mousePosition":[683,384],"_rootPartCFrame":[769.133,225.79,46.652,-0.98,0,0.199,0,1,0,-0.199,0,-0.98],"_humanoidState":5,"_cameraCFrame":[767.496,235.502,44.983,-0.998,-0.069,0.013,0,0.185,0.983,-0.07,0.98,-0.185],"_shiftlockState":true,"_pose":"FreeFall","_animationQueue":[],"_animationSpeed":1,"_zoom":8.357},{"_mousePosition":[683,384],"_rootPartCFrame":[768.867,226.435,46.634,-0.979,0,0.202,0,1,0,-0.202,0,-0.979],"_humanoidState":5,"_cameraCFrame":[767.233,236.15,44.977,-0.997,-0.071,0.013,0,0.184,0.983,-0.073,0.98,-0.183],"_shiftlockState":true,"_pose":"FreeFall","_animationQueue":[],"_animationSpeed":1,"_zoom":8.357},{"_mousePosition":[683,384],"_rootPartCFrame":[768.601,227.025,46.615,-0.979,0,0.204,0,1,0,-0.204,0,-0.979],"_humanoidState":5,"_cameraCFrame":[766.97,236.744,44.97,-0.997,-0.074,0.014,0,0.182,0.983,-0.075,0.981,-0.181],"_shiftlockState":true,"_pose":"FreeFall","_animationQueue":[],"_animationSpeed":1,"_zoom":8.357},{"_mousePosition":[683,384],"_rootPartCFrame":[768.335,227.561,46.596,-0.978,0,0.207,0,1,0,-0.207,0,-0.978],"_humanoidState":5,"_cameraCFrame":[766.707,237.282,44.962,-0.997,-0.076,0.014,0,0.18,0.984,-0.078,0.981,-0.179],"_shiftlockState":true,"_pose":"FreeFall","_animationQueue":[],"_animationSpeed":1,"_zoom":8.357},{"_mousePosition":[683,384],"_rootPartCFrame":[768.069,228.043,46.576,-0.978,0,0.209,0,1,0,-0.209,0,-0.978],"_humanoidState":5,"_cameraCFrame":[766.444,237.767,44.954,-0.997,-0.079,0.014,0,0.178,0.984,-0.08,0.981,-0.177],"_shiftlockState":true,"_pose":"FreeFall","_animationQueue":[],"_animationSpeed":1,"_zoom":8.357},{"_mousePosition":[683,384],"_rootPartCFrame":[767.804,228.47,46.555,-0.977,0,0.212,0,1,0,-0.212,0,-0.977],"_humanoidState":5,"_cameraCFrame":[766.177,238.196,44.95,-0.997,-0.079,0.014,0,0.176,0.984,-0.08,0.981,-0.175],"_shiftlockState":true,"_pose":"FreeFall","_animationQueue":[],"_animationSpeed":1,"_zoom":8.357},{"_mousePosition":[683,384],"_rootPartCFrame":[767.538,228.842,46.534,-0.977,0,0.212,0,1,0,-0.212,0,-0.977],"_humanoidState":5,"_cameraCFrame":[765.914,238.572,44.94,-0.997,-0.081,0.014,0,0.174,0.985,-0.083,0.981,-0.173],"_shiftlockState":true,"_pose":"FreeFall","_animationQueue":[],"_animationSpeed":1,"_zoom":8.357},{"_mousePosition":[683,384],"_rootPartCFrame":[767.272,229.16,46.513,-0.977,0,0.214,0,1,0,-0.214,0,-0.977],"_humanoidState":5,"_cameraCFrame":[765.652,238.89,44.915,-0.996,-0.084,0.015,0,0.174,0.985,-0.085,0.981,-0.173],"_shiftlockState":true,"_pose":"FreeFall","_animationQueue":[],"_animationSpeed":1,"_zoom":8.357},{"_mousePosition":[683,384],"_rootPartCFrame":[767.006,229.423,46.491,-0.976,0,0.217,0,1,0,-0.217,0,-0.976],"_humanoidState":5,"_cameraCFrame":[765.386,239.154,44.896,-0.996,-0.084,0.015,0,0.174,0.985,-0.085,0.981,-0.173],"_shiftlockState":true,"_pose":"FreeFall","_animationQueue":[],"_animationSpeed":1,"_zoom":8.357},{"_mousePosition":[683,384],"_rootPartCFrame":[766.74,229.632,46.468,-0.976,0,0.217,0,1,0,-0.217,0,-0.976],"_humanoidState":5,"_cameraCFrame":[765.124,239.577,44.835,-0.996,-0.084,0.015,0,0.174,0.985,-0.085,0.981,-0.173],"_shiftlockState":true,"_pose":"FreeFall","_animationQueue":[],"_animationSpeed":1,"_zoom":10.946},{"_mousePosition":[683,384],"_rootPartCFrame":[766.475,229.787,46.445,-0.976,0,0.217,0,1,0,-0.217,0,-0.976],"_humanoidState":5,"_cameraCFrame":[764.864,240.128,44.743,-0.996,-0.084,0.015,0,0.174,0.985,-0.085,0.981,-0.173],"_shiftlockState":true,"_pose":"FreeFall","_animationQueue":[],"_animationSpeed":1,"_zoom":10.946},{"_mousePosition":[683,384],"_rootPartCFrame":[766.209,229.887,46.423,-0.976,0,0.217,0,1,0,-0.217,0,-0.976],"_humanoidState":5,"_cameraCFrame":[764.605,240.694,44.639,-0.996,-0.084,0.015,0,0.174,0.985,-0.085,0.981,-0.173],"_shiftlockState":true,"_pose":"FreeFall","_animationQueue":[],"_animationSpeed":1,"_zoom":10.946},{"_mousePosition":[683,384],"_rootPartCFrame":[765.943,229.932,46.4,-0.976,0,0.217,0,1,0,-0.217,0,-0.976],"_humanoidState":5,"_cameraCFrame":[764.345,241.102,44.552,-0.996,-0.084,0.015,0,0.174,0.985,-0.085,0.981,-0.173],"_shiftlockState":true,"_pose":"FreeFall","_animationQueue":[],"_animationSpeed":1,"_zoom":10.946},{"_mousePosition":[683,384],"_rootPartCFrame":[765.678,229.923,46.377,-0.976,0,0.217,0,1,0,-0.217,0,-0.976],"_humanoidState":5,"_cameraCFrame":[764.084,241.386,44.478,-0.996,-0.084,0.015,0,0.174,0.985,-0.085,0.981,-0.173],"_shiftlockState":true,"_pose":"FreeFall","_animationQueue":[],"_animationSpeed":1,"_zoom":10.946},{"_mousePosition":[683,384],"_rootPartCFrame":[765.479,229.88,46.36,-0.983,0,0.184,0,1,0,-0.184,0,-0.983],"_humanoidState":5,"_cameraCFrame":[763.888,241.583,44.419,-0.996,-0.084,0.015,0,0.174,0.985,-0.085,0.981,-0.173],"_shiftlockState":true,"_pose":"FreeFall","_animationQueue":[],"_animationSpeed":1,"_zoom":10.946},{"_mousePosition":[683,384],"_rootPartCFrame":[765.147,229.741,46.332,-0.968,0,0.249,0,1,0,-0.249,0,-0.968],"_humanoidState":5,"_cameraCFrame":[763.559,241.628,44.358,-0.996,-0.084,0.015,0,0.174,0.985,-0.085,0.981,-0.173],"_shiftlockState":true,"_pose":"FreeFall","_animationQueue":[],"_animationSpeed":1,"_zoom":10.946},{"_mousePosition":[683,384],"_rootPartCFrame":[764.881,229.568,46.309,-0.976,0,0.217,0,1,0,-0.217,0,-0.976],"_humanoidState":5,"_cameraCFrame":[763.295,241.566,44.316,-0.996,-0.084,0.015,0,0.174,0.985,-0.085,0.981,-0.173],"_shiftlockState":true,"_pose":"FreeFall","_animationQueue":[],"_animationSpeed":1,"_zoom":10.946},{"_mousePosition":[683,384],"_rootPartCFrame":[764.615,229.341,46.287,-0.976,0,0.217,0,1,0,-0.217,0,-0.976],"_humanoidState":5,"_cameraCFrame":[763.031,241.429,44.277,-0.996,-0.084,0.015,0,0.174,0.985,-0.085,0.981,-0.173],"_shiftlockState":true,"_pose":"FreeFall","_animationQueue":[["fall",0.3]],"_animationSpeed":1,"_zoom":10.946},{"_mousePosition":[683,384],"_rootPartCFrame":[764.35,229.06,46.264,-0.976,0,0.217,0,1,0,-0.217,0,-0.976],"_humanoidState":5,"_cameraCFrame":[762.766,241.213,44.243,-0.996,-0.084,0.015,0,0.174,0.985,-0.085,0.981,-0.173],"_shiftlockState":true,"_pose":"FreeFall","_animationQueue":[],"_animationSpeed":1,"_zoom":10.946},{"_mousePosition":[683,384],"_rootPartCFrame":[764.084,228.724,46.241,-0.976,0,0.217,0,1,0,-0.217,0,-0.976],"_humanoidState":5,"_cameraCFrame":[762.506,240.915,44.21,-0.996,-0.086,0.015,0,0.174,0.985,-0.088,0.981,-0.173],"_shiftlockState":true,"_pose":"FreeFall","_animationQueue":[],"_animationSpeed":1,"_zoom":10.946},{"_mousePosition":[683,384],"_rootPartCFrame":[763.818,228.333,46.218,-0.976,0,0.219,0,1,0,-0.219,0,-0.976],"_humanoidState":5,"_cameraCFrame":[762.246,240.554,44.178,-0.996,-0.089,0.016,0,0.174,0.985,-0.09,0.981,-0.173],"_shiftlockState":true,"_pose":"FreeFall","_animationQueue":[],"_animationSpeed":1,"_zoom":10.946},{"_mousePosition":[683,384],"_rootPartCFrame":[763.553,227.888,46.195,-0.975,0,0.222,0,1,0,-0.222,0,-0.975],"_humanoidState":5,"_cameraCFrame":[761.986,240.129,44.147,-0.996,-0.091,0.016,0,0.174,0.985,-0.093,0.981,-0.173],"_shiftlockState":true,"_pose":"FreeFall","_animationQueue":[],"_animationSpeed":1,"_zoom":10.946},{"_mousePosition":[683,384],"_rootPartCFrame":[763.287,227.388,46.171,-0.975,0,0.224,0,1,0,-0.224,0,-0.975],"_humanoidState":5,"_cameraCFrame":[761.731,239.642,44.113,-0.995,-0.096,0.017,0,0.174,0.985,-0.098,0.98,-0.173],"_shiftlockState":true,"_pose":"FreeFall","_animationQueue":[],"_animationSpeed":1,"_zoom":10.946},{"_mousePosition":[683,384],"_rootPartCFrame":[763.022,226.834,46.147,-0.973,0,0.229,0,1,0,-0.229,0,-0.973],"_humanoidState":5,"_cameraCFrame":[761.471,239.097,44.083,-0.995,-0.099,0.017,0,0.174,0.985,-0.1,0.98,-0.173],"_shiftlockState":true,"_pose":"FreeFall","_animationQueue":[["fall",0.3]],"_animationSpeed":1,"_zoom":10.946},{"_mousePosition":[683,384],"_rootPartCFrame":[762.756,226.226,46.121,-0.973,0,0.232,0,1,0,-0.232,0,-0.973],"_humanoidState":5,"_cameraCFrame":[761.215,238.737,44.009,-0.995,-0.101,0.018,0,0.174,0.985,-0.103,0.98,-0.173],"_shiftlockState":true,"_pose":"FreeFall","_animationQueue":[],"_animationSpeed":1,"_zoom":14.183},{"_mousePosition":[683,384],"_rootPartCFrame":[762.491,225.563,46.094,-0.972,0,0.234,0,1,0,-0.234,0,-0.972],"_humanoidState":5,"_cameraCFrame":[760.97,238.599,43.883,-0.994,-0.106,0.019,0,0.174,0.985,-0.108,0.979,-0.173],"_shiftlockState":true,"_pose":"FreeFall","_animationQueue":[],"_animationSpeed":1,"_zoom":14.183},{"_mousePosition":[683,384],"_rootPartCFrame":[762.226,224.845,46.067,-0.971,0,0.239,0,1,0,-0.239,0,-0.971],"_humanoidState":5,"_cameraCFrame":[760.721,238.436,43.755,-0.994,-0.109,0.019,0,0.174,0.985,-0.11,0.979,-0.173],"_shiftlockState":true,"_pose":"FreeFall","_animationQueue":[],"_animationSpeed":1,"_zoom":14.183},{"_mousePosition":[683,384],"_rootPartCFrame":[761.96,224.073,46.038,-0.97,0,0.241,0,1,0,-0.241,0,-0.97],"_humanoidState":5,"_cameraCFrame":[760.471,238.124,43.642,-0.994,-0.111,0.02,0,0.174,0.985,-0.113,0.979,-0.173],"_shiftlockState":true,"_pose":"FreeFall","_animationQueue":[],"_animationSpeed":1,"_zoom":14.183},{"_mousePosition":[683,384],"_rootPartCFrame":[761.695,223.246,46.009,-0.97,0,0.244,0,1,0,-0.244,0,-0.97],"_humanoidState":5,"_cameraCFrame":[760.226,237.671,43.539,-0.993,-0.116,0.02,0,0.174,0.985,-0.118,0.978,-0.172],"_shiftlockState":true,"_pose":"FreeFall","_animationQueue":[],"_animationSpeed":1,"_zoom":14.183},{"_mousePosition":[683,384],"_rootPartCFrame":[761.43,222.476,45.979,-0.988,0,0.153,0,1,0,-0.153,0,-0.988],"_humanoidState":7,"_cameraCFrame":[759.974,237.205,43.452,-0.993,-0.119,0.021,0,0.174,0.985,-0.12,0.978,-0.172],"_shiftlockState":true,"_pose":"FreeFall","_animationQueue":[["walk",0.1],["fall",0.3],["fall",0.3]],"_animationSpeed":1,"_zoom":14.183},{"_mousePosition":[683,384],"_rootPartCFrame":[761.166,222.439,45.948,-0.992,0,0.123,0,1,0,-0.123,0,-0.992],"_humanoidState":7,"_cameraCFrame":[759.714,237.404,43.38,-0.993,-0.119,0.021,0,0.174,0.985,-0.12,0.978,-0.172],"_shiftlockState":true,"_pose":"FreeFall","_animationQueue":[["fall",0.3]],"_animationSpeed":1,"_zoom":14.183},{"_mousePosition":[683,384],"_rootPartCFrame":[760.835,222.56,45.908,-0.993,0,0.121,0,1,0,-0.121,0,-0.993],"_humanoidState":8,"_cameraCFrame":[759.393,237.666,43.312,-0.992,-0.121,0.021,0,0.174,0.985,-0.123,0.977,-0.172],"_shiftlockState":true,"_pose":"Running","_animationQueue":[["walk",0.1],["fall",0.3],["walk",0.1]],"_animationSpeed":1.103,"_zoom":14.183},{"_mousePosition":[683,384],"_rootPartCFrame":[760.57,222.623,45.875,-0.992,0,0.123,0,1,0,-0.123,0,-0.992],"_humanoidState":8,"_cameraCFrame":[759.131,237.85,43.258,-0.992,-0.121,0.021,0,0.174,0.985,-0.123,0.977,-0.172],"_shiftlockState":true,"_pose":"Running","_animationQueue":[],"_animationSpeed":1.103,"_zoom":14.183},{"_mousePosition":[683,384],"_rootPartCFrame":[760.305,222.658,45.843,-0.992,0,0.123,0,1,0,-0.123,0,-0.992],"_humanoidState":8,"_cameraCFrame":[758.868,237.959,43.213,-0.992,-0.121,0.021,0,0.174,0.985,-0.123,0.977,-0.172],"_shiftlockState":true,"_pose":"Running","_animationQueue":[],"_animationSpeed":1.103,"_zoom":14.183},{"_mousePosition":[683,384],"_rootPartCFrame":[760.041,222.677,45.81,-0.992,0,0.123,0,1,0,-0.123,0,-0.992],"_humanoidState":8,"_cameraCFrame":[758.604,238.03,43.171,-0.992,-0.121,0.021,0,0.174,0.985,-0.123,0.977,-0.172],"_shiftlockState":true,"_pose":"Running","_animationQueue":[],"_animationSpeed":1.103,"_zoom":14.183},{"_mousePosition":[683,384],"_rootPartCFrame":[759.842,222.685,45.785,-0.992,0,0.123,0,1,0,-0.123,0,-0.992],"_humanoidState":8,"_cameraCFrame":[758.406,238.077,43.14,-0.992,-0.121,0.021,0,0.174,0.985,-0.123,0.977,-0.172],"_shiftlockState":true,"_pose":"Running","_animationQueue":[],"_animationSpeed":1.103,"_zoom":14.183},{"_mousePosition":[683,384],"_rootPartCFrame":[759.511,222.693,45.744,-0.992,0,0.123,0,1,0,-0.123,0,-0.992],"_humanoidState":8,"_cameraCFrame":[758.076,238.11,43.094,-0.992,-0.121,0.021,0,0.174,0.985,-0.123,0.977,-0.172],"_shiftlockState":true,"_pose":"Running","_animationQueue":[],"_animationSpeed":1.103,"_zoom":14.183},{"_mousePosition":[683,384],"_rootPartCFrame":[759.247,222.696,45.712,-0.992,0,0.123,0,1,0,-0.123,0,-0.992],"_humanoidState":8,"_cameraCFrame":[757.812,238.129,43.058,-0.992,-0.121,0.021,0,0.174,0.985,-0.123,0.977,-0.172],"_shiftlockState":true,"_pose":"Running","_animationQueue":[["walk",0.1]],"_animationSpeed":1.103,"_zoom":14.183},{"_mousePosition":[683,384],"_rootPartCFrame":[758.982,222.698,45.679,-0.992,0,0.123,0,1,0,-0.123,0,-0.992],"_humanoidState":8,"_cameraCFrame":[757.548,238.143,43.024,-0.992,-0.121,0.021,0,0.174,0.985,-0.123,0.977,-0.172],"_shiftlockState":true,"_pose":"Running","_animationQueue":[],"_animationSpeed":1.103,"_zoom":14.183},{"_mousePosition":[683,384],"_rootPartCFrame":[758.717,222.699,45.646,-0.992,0,0.123,0,1,0,-0.123,0,-0.992],"_humanoidState":8,"_cameraCFrame":[757.283,238.151,42.989,-0.992,-0.121,0.021,0,0.174,0.985,-0.123,0.977,-0.172],"_shiftlockState":true,"_pose":"Running","_animationQueue":[],"_animationSpeed":1.103,"_zoom":14.183},{"_mousePosition":[683,384],"_rootPartCFrame":[758.453,222.699,45.613,-0.992,0,0.123,0,1,0,-0.123,0,-0.992],"_humanoidState":8,"_cameraCFrame":[757.018,238.157,42.956,-0.992,-0.121,0.021,0,0.174,0.985,-0.123,0.977,-0.172],"_shiftlockState":true,"_pose":"Running","_animationQueue":[],"_animationSpeed":1.103,"_zoom":14.183},{"_mousePosition":[683,384],"_rootPartCFrame":[758.188,222.699,45.581,-0.992,0,0.123,0,1,0,-0.123,0,-0.992],"_humanoidState":8,"_cameraCFrame":[756.754,238.16,42.922,-0.992,-0.121,0.021,0,0.174,0.985,-0.123,0.977,-0.172],"_shiftlockState":true,"_pose":"Running","_animationQueue":[],"_animationSpeed":1.103,"_zoom":14.183},{"_mousePosition":[683,384],"_rootPartCFrame":[757.923,222.699,45.548,-0.992,0,0.123,0,1,0,-0.123,0,-0.992],"_humanoidState":8,"_cameraCFrame":[756.489,238.163,42.889,-0.992,-0.121,0.021,0,0.174,0.985,-0.123,0.977,-0.172],"_shiftlockState":true,"_pose":"Running","_animationQueue":[],"_animationSpeed":1.103,"_zoom":14.183},{"_mousePosition":[683,384],"_rootPartCFrame":[757.659,222.7,45.515,-0.992,0,0.123,0,1,0,-0.123,0,-0.992],"_humanoidState":8,"_cameraCFrame":[756.225,238.164,42.856,-0.992,-0.121,0.021,0,0.174,0.985,-0.123,0.977,-0.172],"_shiftlockState":true,"_pose":"Running","_animationQueue":[],"_animationSpeed":1.103,"_zoom":14.183},{"_mousePosition":[683,384],"_rootPartCFrame":[757.394,222.7,45.482,-0.992,0,0.123,0,1,0,-0.123,0,-0.992],"_humanoidState":8,"_cameraCFrame":[755.96,238.165,42.823,-0.992,-0.121,0.021,0,0.174,0.985,-0.123,0.977,-0.172],"_shiftlockState":true,"_pose":"Running","_animationQueue":[["walk",0.1]],"_animationSpeed":1.103,"_zoom":14.183},{"_mousePosition":[683,384],"_rootPartCFrame":[757.13,222.7,45.449,-0.992,0,0.123,0,1,0,-0.123,0,-0.992],"_humanoidState":8,"_cameraCFrame":[755.695,238.166,42.79,-0.992,-0.121,0.021,0,0.174,0.985,-0.123,0.977,-0.172],"_shiftlockState":true,"_pose":"Running","_animationQueue":[],"_animationSpeed":1.103,"_zoom":14.183},{"_mousePosition":[683,384],"_rootPartCFrame":[756.865,222.7,45.417,-0.992,0,0.123,0,1,0,-0.123,0,-0.992],"_humanoidState":8,"_cameraCFrame":[755.431,238.166,42.758,-0.992,-0.121,0.021,0,0.174,0.985,-0.123,0.977,-0.172],"_shiftlockState":true,"_pose":"Running","_animationQueue":[],"_animationSpeed":1.103,"_zoom":14.183},{"_mousePosition":[683,384],"_rootPartCFrame":[756.534,222.7,45.376,-0.992,0,0.123,0,1,0,-0.123,0,-0.992],"_humanoidState":8,"_cameraCFrame":[755.1,238.167,42.717,-0.992,-0.121,0.021,0,0.174,0.985,-0.123,0.977,-0.172],"_shiftlockState":true,"_pose":"Running","_animationQueue":[],"_animationSpeed":1.103,"_zoom":14.183},{"_mousePosition":[683,384],"_rootPartCFrame":[756.269,222.7,45.343,-0.992,0,0.123,0,1,0,-0.123,0,-0.992],"_humanoidState":8,"_cameraCFrame":[754.835,238.167,42.684,-0.992,-0.121,0.021,0,0.174,0.985,-0.123,0.977,-0.172],"_shiftlockState":true,"_pose":"Running","_animationQueue":[],"_animationSpeed":1.103,"_zoom":14.183},{"_mousePosition":[683,384],"_rootPartCFrame":[756.005,222.7,45.31,-0.992,0,0.123,0,1,0,-0.123,0,-0.992],"_humanoidState":8,"_cameraCFrame":[754.571,238.167,42.651,-0.992,-0.121,0.021,0,0.174,0.985,-0.123,0.977,-0.172],"_shiftlockState":true,"_pose":"Running","_animationQueue":[],"_animationSpeed":1.103,"_zoom":14.183},{"_mousePosition":[683,384],"_rootPartCFrame":[755.74,222.7,45.277,-0.992,0,0.123,0,1,0,-0.123,0,-0.992],"_humanoidState":8,"_cameraCFrame":[754.32,238.167,42.611,-0.992,-0.126,0.022,0,0.174,0.985,-0.128,0.977,-0.172],"_shiftlockState":true,"_pose":"Running","_animationQueue":[],"_animationSpeed":1.103,"_zoom":14.183},{"_mousePosition":[683,384],"_rootPartCFrame":[755.475,222.7,45.245,-0.992,0,0.128,0,1,0,-0.128,0,-0.992],"_humanoidState":8,"_cameraCFrame":[754.075,238.167,42.567,-0.991,-0.133,0.024,0,0.174,0.985,-0.135,0.976,-0.172],"_shiftlockState":true,"_pose":"Running","_animationQueue":[["walk",0.1]],"_animationSpeed":1.103,"_zoom":14.183},{"_mousePosition":[683,384],"_rootPartCFrame":[755.211,222.7,45.211,-0.991,0,0.135,0,1,0,-0.135,0,-0.991],"_humanoidState":8,"_cameraCFrame":[753.831,238.167,42.523,-0.99,-0.141,0.025,0,0.174,0.985,-0.143,0.975,-0.172],"_shiftlockState":true,"_pose":"Running","_animationQueue":[],"_animationSpeed":1.103,"_zoom":14.183},{"_mousePosition":[683,384],"_rootPartCFrame":[754.947,222.7,45.175,-0.99,0,0.143,0,1,0,-0.143,0,-0.99],"_humanoidState":8,"_cameraCFrame":[753.615,238.167,42.463,-0.987,-0.158,0.028,0,0.174,0.985,-0.16,0.972,-0.171],"_shiftlockState":true,"_pose":"Running","_animationQueue":[],"_animationSpeed":1.103,"_zoom":14.183},{"_mousePosition":[683,384],"_rootPartCFrame":[754.683,222.7,45.137,-0.987,0,0.16,0,1,0,-0.16,0,-0.987],"_humanoidState":8,"_cameraCFrame":[753.406,238.167,42.399,-0.984,-0.178,0.031,0,0.174,0.985,-0.18,0.969,-0.171],"_shiftlockState":true,"_pose":"Running","_animationQueue":[],"_animationSpeed":1.103,"_zoom":14.183},{"_mousePosition":[683,384],"_rootPartCFrame":[754.42,222.7,45.095,-0.984,0,0.18,0,1,0,-0.18,0,-0.984],"_humanoidState":8,"_cameraCFrame":[753.219,238.167,42.322,-0.978,-0.205,0.036,0,0.174,0.985,-0.208,0.963,-0.17],"_shiftlockState":true,"_pose":"Running","_animationQueue":[],"_animationSpeed":1.103,"_zoom":14.183},{"_mousePosition":[683,384],"_rootPartCFrame":[754.157,222.7,45.048,-0.978,0,0.208,0,1,0,-0.208,0,-0.978],"_humanoidState":8,"_cameraCFrame":[753.056,238.167,42.234,-0.97,-0.239,0.042,0,0.174,0.985,-0.242,0.955,-0.168],"_shiftlockState":true,"_pose":"Running","_animationQueue":[],"_animationSpeed":1.103,"_zoom":14.183},{"_mousePosition":[683,384],"_rootPartCFrame":[753.896,222.7,44.993,-0.97,0,0.242,0,1,0,-0.242,0,-0.97],"_humanoidState":8,"_cameraCFrame":[752.924,238.167,42.133,-0.958,-0.282,0.05,0,0.174,0.985,-0.286,0.944,-0.166],"_shiftlockState":true,"_pose":"Running","_animationQueue":[],"_animationSpeed":1.103,"_zoom":14.183},{"_mousePosition":[683,384],"_rootPartCFrame":[753.637,222.7,44.93,-0.958,0,0.286,0,1,0,-0.286,0,-0.958],"_humanoidState":8,"_cameraCFrame":[752.833,238.167,42.018,-0.94,-0.336,0.059,0,0.174,0.985,-0.341,0.926,-0.163],"_shiftlockState":true,"_pose":"Running","_animationQueue":[["walk",0.1]],"_animationSpeed":1.103,"_zoom":14.183},{"_mousePosition":[683,384],"_rootPartCFrame":[753.381,222.7,44.856,-0.94,0,0.341,0,1,0,-0.341,0,-0.94],"_humanoidState":8,"_cameraCFrame":[752.755,238.167,41.9,-0.917,-0.392,0.069,0,0.174,0.985,-0.398,0.904,-0.159],"_shiftlockState":true,"_pose":"Running","_animationQueue":[],"_animationSpeed":1.103,"_zoom":14.183},{"_mousePosition":[683,384],"_rootPartCFrame":[753.13,222.7,44.767,-0.917,0,0.398,0,1,0,-0.398,0,-0.917],"_humanoidState":8,"_cameraCFrame":[752.685,238.167,41.778,-0.892,-0.446,0.079,0,0.174,0.985,-0.453,0.878,-0.155],"_shiftlockState":true,"_pose":"Running","_animationQueue":[],"_animationSpeed":1.103,"_zoom":14.183},{"_mousePosition":[683,384],"_rootPartCFrame":[752.884,222.7,44.663,-0.892,0,0.453,0,1,0,-0.453,0,-0.892],"_humanoidState":8,"_cameraCFrame":[752.614,238.167,41.654,-0.864,-0.496,0.088,0,0.174,0.985,-0.504,0.851,-0.15],"_shiftlockState":true,"_pose":"Running","_animationQueue":[],"_animationSpeed":1.103,"_zoom":14.183},{"_mousePosition":[683,384],"_rootPartCFrame":[752.645,222.7,44.544,-0.864,0,0.504,0,1,0,-0.504,0,-0.864],"_humanoidState":8,"_cameraCFrame":[752.52,238.167,41.526,-0.839,-0.537,0.095,0,0.174,0.985,-0.545,0.826,-0.146],"_shiftlockState":true,"_pose":"Running","_animationQueue":[],"_animationSpeed":1.103,"_zoom":14.183},{"_mousePosition":[683,384],"_rootPartCFrame":[752.357,222.7,44.378,-0.839,0,0.545,0,1,0,-0.545,0,-0.839],"_humanoidState":8,"_cameraCFrame":[752.369,238.167,41.357,-0.813,-0.574,0.101,0,0.174,0.985,-0.582,0.8,-0.141],"_shiftlockState":true,"_pose":"Running","_animationQueue":[],"_animationSpeed":1.103,"_zoom":14.183},{"_mousePosition":[683,384],"_rootPartCFrame":[752.132,222.7,44.234,-0.813,0,0.582,0,1,0,-0.582,0,-0.813],"_humanoidState":8,"_cameraCFrame":[752.167,238.167,41.213,-0.808,-0.58,0.102,0,0.174,0.985,-0.589,0.796,-0.14],"_shiftlockState":true,"_pose":"Running","_animationQueue":[],"_animationSpeed":1.103,"_zoom":14.183},{"_mousePosition":[683,384],"_rootPartCFrame":[751.914,222.7,44.081,-0.808,0,0.589,0,1,0,-0.589,0,-0.808],"_humanoidState":8,"_cameraCFrame":[751.957,238.167,41.06,-0.807,-0.582,0.103,0,0.174,0.985,-0.591,0.795,-0.14],"_shiftlockState":true,"_pose":"Running","_animationQueue":[["walk",0.1]],"_animationSpeed":1.103,"_zoom":14.183},{"_mousePosition":[683,384],"_rootPartCFrame":[751.698,222.7,43.924,-0.807,0,0.591,0,1,0,-0.591,0,-0.807],"_humanoidState":8,"_cameraCFrame":[751.718,238.167,40.903,-0.811,-0.576,0.102,0,0.174,0.985,-0.585,0.799,-0.141],"_shiftlockState":true,"_pose":"Running","_animationQueue":[],"_animationSpeed":1.103,"_zoom":14.183},{"_mousePosition":[683,384],"_rootPartCFrame":[751.483,222.7,43.766,-0.811,0,0.585,0,1,0,-0.585,0,-0.811],"_humanoidState":8,"_cameraCFrame":[751.449,238.167,40.745,-0.822,-0.561,0.099,0,0.174,0.985,-0.57,0.809,-0.143],"_shiftlockState":true,"_pose":"Running","_animationQueue":[],"_animationSpeed":1.103,"_zoom":14.183},{"_mousePosition":[683,384],"_rootPartCFrame":[751.268,222.666,43.609,-0.822,0,0.57,0,1,0,-0.57,0,-0.822],"_humanoidState":8,"_cameraCFrame":[751.166,238.133,40.589,-0.834,-0.543,0.096,0,0.174,0.985,-0.551,0.822,-0.145],"_shiftlockState":true,"_pose":"Running","_animationQueue":[],"_animationSpeed":1.103,"_zoom":14.183},{"_mousePosition":[683,384],"_rootPartCFrame":[750.999,223.736,43.412,-0.834,0,0.551,0,1,0,-0.551,0,-0.834],"_humanoidState":3,"_cameraCFrame":[750.813,239.203,40.396,-0.849,-0.52,0.092,0,0.174,0.985,-0.528,0.836,-0.147],"_shiftlockState":true,"_pose":"Jumping","_animationQueue":[["walk",0.1],["jump",0.1]],"_animationSpeed":1,"_zoom":14.183},{"_mousePosition":[683,384],"_rootPartCFrame":[750.833,224.337,43.3,-0.815,0,0.58,0,1,0,-0.58,0,-0.815],"_humanoidState":5,"_cameraCFrame":[750.517,239.804,40.296,-0.871,-0.483,0.085,0,0.174,0.985,-0.491,0.858,-0.151],"_shiftlockState":true,"_pose":"FreeFall","_animationQueue":[["jump",0.1]],"_animationSpeed":1,"_zoom":14.183},{"_mousePosition":[683,384],"_rootPartCFrame":[750.608,225.091,43.159,-0.803,0,0.596,0,1,0,-0.596,0,-0.803],"_humanoidState":5,"_cameraCFrame":[750.125,240.558,40.176,-0.897,-0.435,0.077,0,0.174,0.985,-0.442,0.884,-0.156],"_shiftlockState":true,"_pose":"FreeFall","_animationQueue":[],"_animationSpeed":1,"_zoom":14.183},{"_mousePosition":[683,384],"_rootPartCFrame":[750.376,225.79,43.026,-0.831,0,0.556,0,1,0,-0.556,0,-0.831],"_humanoidState":5,"_cameraCFrame":[749.683,241.258,40.085,-0.926,-0.371,0.065,0,0.174,0.985,-0.377,0.912,-0.161],"_shiftlockState":true,"_pose":"FreeFall","_animationQueue":[],"_animationSpeed":1,"_zoom":14.183},{"_mousePosition":[683,384],"_rootPartCFrame":[750.138,226.435,42.907,-0.868,0,0.497,0,1,0,-0.497,0,-0.868],"_humanoidState":5,"_cameraCFrame":[749.21,241.903,40.031,-0.954,-0.296,0.052,0,0.174,0.985,-0.301,0.939,-0.166],"_shiftlockState":true,"_pose":"FreeFall","_animationQueue":[],"_animationSpeed":1,"_zoom":14.183},{"_mousePosition":[683,384],"_rootPartCFrame":[749.892,227.025,42.803,-0.905,0,0.425,0,1,0,-0.425,0,-0.905],"_humanoidState":5,"_cameraCFrame":[748.622,242.493,40.061,-0.983,-0.18,0.032,0,0.174,0.985,-0.183,0.968,-0.171],"_shiftlockState":true,"_pose":"FreeFall","_animationQueue":[],"_animationSpeed":1,"_zoom":14.183},{"_mousePosition":[683,384],"_rootPartCFrame":[749.64,227.561,42.718,-0.95,0,0.312,0,1,0,-0.312,0,-0.95],"_humanoidState":5,"_cameraCFrame":[748.163,243.009,39.98,-0.995,-0.101,0.019,0,0.181,0.983,-0.103,0.978,-0.18],"_shiftlockState":true,"_pose":"FreeFall","_animationQueue":[],"_animationSpeed":1,"_zoom":14.183},{"_mousePosition":[683,384],"_rootPartCFrame":[749.38,228.043,42.659,-0.972,0,0.234,0,1,0,-0.234,0,-0.972],"_humanoidState":5,"_cameraCFrame":[747.675,243.475,39.976,-1,-0.017,0.003,0,0.187,0.982,-0.017,0.982,-0.187],"_shiftlockState":true,"_pose":"FreeFall","_animationQueue":[],"_animationSpeed":1,"_zoom":14.183},{"_mousePosition":[683,384],"_rootPartCFrame":[749.116,228.47,42.626,-0.989,0,0.15,0,1,0,-0.15,0,-0.989],"_humanoidState":5,"_cameraCFrame":[747.188,243.887,40.014,-0.998,0.065,-0.013,0,0.193,0.981,0.067,0.979,-0.192],"_shiftlockState":true,"_pose":"FreeFall","_animationQueue":[],"_animationSpeed":1,"_zoom":14.183},{"_mousePosition":[683,384],"_rootPartCFrame":[748.849,228.842,42.616,-0.998,0,0.067,0,1,0,-0.067,0,-0.998],"_humanoidState":5,"_cameraCFrame":[746.704,244.243,40.088,-0.989,0.144,-0.029,0,0.199,0.98,0.147,0.969,-0.196],"_shiftlockState":true,"_pose":"FreeFall","_animationQueue":[],"_animationSpeed":1,"_zoom":14.183},{"_mousePosition":[683,384],"_rootPartCFrame":[748.583,229.16,42.629,-1,0,-0.014,0,1,0,0.014,0,-1],"_humanoidState":5,"_cameraCFrame":[746.241,244.555,40.25,-0.975,0.22,-0.045,0,0.2,0.98,0.224,0.955,-0.195],"_shiftlockState":true,"_pose":"FreeFall","_animationQueue":[],"_animationSpeed":1,"_zoom":14.183},{"_mousePosition":[683,384],"_rootPartCFrame":[748.319,229.423,42.663,-0.996,0,-0.093,0,1,0,0.093,0,-0.996],"_humanoidState":5,"_cameraCFrame":[745.789,244.813,40.45,-0.954,0.294,-0.061,0,0.202,0.979,0.3,0.934,-0.193],"_shiftlockState":true,"_pose":"FreeFall","_animationQueue":[],"_animationSpeed":1,"_zoom":14.183},{"_mousePosition":[683,384],"_rootPartCFrame":[748.058,229.632,42.719,-0.985,0,-0.17,0,1,0,0.17,0,-0.985],"_humanoidState":5,"_cameraCFrame":[745.368,245.016,40.665,-0.93,0.359,-0.075,0,0.204,0.979,0.367,0.911,-0.19],"_shiftlockState":true,"_pose":"FreeFall","_animationQueue":[],"_animationSpeed":1,"_zoom":14.183},{"_mousePosition":[683,384],"_rootPartCFrame":[747.803,229.787,42.794,-0.971,0,-0.24,0,1,0,0.24,0,-0.971],"_humanoidState":5,"_cameraCFrame":[744.978,245.171,40.929,-0.903,0.42,-0.088,0,0.204,0.979,0.429,0.884,-0.184],"_shiftlockState":true,"_pose":"FreeFall","_animationQueue":[],"_animationSpeed":1,"_zoom":14.183},{"_mousePosition":[683,384],"_rootPartCFrame":[747.553,229.887,42.888,-0.952,0,-0.305,0,1,0,0.305,0,-0.952],"_humanoidState":5,"_cameraCFrame":[744.608,245.271,41.22,-0.872,0.48,-0.1,0,0.204,0.979,0.49,0.853,-0.178],"_shiftlockState":true,"_pose":"FreeFall","_animationQueue":[],"_animationSpeed":1,"_zoom":14.183},{"_mousePosition":[683,384],"_rootPartCFrame":[747.311,229.932,43,-0.929,0,-0.37,0,1,0,0.37,0,-0.929],"_humanoidState":5,"_cameraCFrame":[744.227,245.316,41.606,-0.824,0.555,-0.116,0,0.204,0.979,0.567,0.806,-0.168],"_shiftlockState":true,"_pose":"FreeFall","_animationQueue":[],"_animationSpeed":1,"_zoom":14.183},{"_mousePosition":[683,384],"_rootPartCFrame":[747.077,229.923,43.127,-0.892,0,-0.453,0,1,0,0.453,0,-0.892],"_humanoidState":5,"_cameraCFrame":[743.955,245.307,41.82,-0.807,0.577,-0.12,0,0.204,0.979,0.59,0.79,-0.165],"_shiftlockState":true,"_pose":"FreeFall","_animationQueue":[["fall",0.3]],"_animationSpeed":1,"_zoom":14.183},{"_mousePosition":[683,384],"_rootPartCFrame":[746.854,229.859,43.274,-0.879,0,-0.477,0,1,0,0.477,0,-0.879],"_humanoidState":5,"_cameraCFrame":[743.642,245.243,42.207,-0.76,0.636,-0.133,0,0.204,0.979,0.649,0.744,-0.155],"_shiftlockState":true,"_pose":"FreeFall","_animationQueue":[],"_animationSpeed":1,"_zoom":14.183},{"_mousePosition":[683,384],"_rootPartCFrame":[746.638,229.741,43.43,-0.84,0,-0.543,0,1,0,0.543,0,-0.84],"_humanoidState":5,"_cameraCFrame":[743.388,245.125,42.486,-0.735,0.664,-0.138,0,0.204,0.979,0.678,0.72,-0.15],"_shiftlockState":true,"_pose":"FreeFall","_animationQueue":[],"_animationSpeed":1,"_zoom":14.183},{"_mousePosition":[683,384],"_rootPartCFrame":[746.433,229.568,43.6,-0.819,0,-0.574,0,1,0,0.574,0,-0.819],"_humanoidState":5,"_cameraCFrame":[743.155,244.952,42.755,-0.714,0.685,-0.143,0,0.204,0.979,0.7,0.699,-0.146],"_shiftlockState":true,"_pose":"FreeFall","_animationQueue":[],"_animationSpeed":1,"_zoom":14.183},{"_mousePosition":[683,384],"_rootPartCFrame":[746.236,229.341,43.779,-0.801,0,-0.599,0,1,0,0.599,0,-0.801],"_humanoidState":5,"_cameraCFrame":[742.95,244.725,42.968,-0.707,0.692,-0.144,0,0.204,0.979,0.707,0.692,-0.144],"_shiftlockState":true,"_pose":"FreeFall","_animationQueue":[],"_animationSpeed":1,"_zoom":14.183},{"_mousePosition":[683,384],"_rootPartCFrame":[746.044,229.06,43.965,-0.795,0,-0.607,0,1,0,0.607,0,-0.795],"_humanoidState":5,"_cameraCFrame":[742.756,244.444,43.162,-0.705,0.694,-0.145,0,0.204,0.979,0.709,0.691,-0.144],"_shiftlockState":true,"_pose":"FreeFall","_animationQueue":[],"_animationSpeed":1,"_zoom":14.183},{"_mousePosition":[683,384],"_rootPartCFrame":[745.855,228.724,44.153,-0.793,0,-0.609,0,1,0,0.609,0,-0.793],"_humanoidState":5,"_cameraCFrame":[742.572,244.108,43.334,-0.709,0.69,-0.144,0,0.204,0.979,0.705,0.694,-0.145],"_shiftlockState":true,"_pose":"FreeFall","_animationQueue":[],"_animationSpeed":1,"_zoom":14.183},{"_mousePosition":[683,384],"_rootPartCFrame":[745.667,228.333,44.342,-0.796,0,-0.605,0,1,0,0.605,0,-0.796],"_humanoidState":5,"_cameraCFrame":[742.403,243.717,43.448,-0.725,0.674,-0.141,0,0.204,0.979,0.689,0.71,-0.148],"_shiftlockState":true,"_pose":"FreeFall","_animationQueue":[["fall",0.3]],"_animationSpeed":1,"_zoom":14.183},{"_mousePosition":[683,384],"_rootPartCFrame":[745.478,227.888,44.531,-0.81,0,-0.587,0,1,0,0.587,0,-0.81],"_humanoidState":5,"_cameraCFrame":[742.25,243.272,43.513,-0.75,0.647,-0.135,0,0.204,0.979,0.661,0.735,-0.153],"_shiftlockState":true,"_pose":"FreeFall","_animationQueue":[],"_animationSpeed":1,"_zoom":14.183},{"_mousePosition":[683,384],"_rootPartCFrame":[745.286,227.388,44.715,-0.832,0,-0.555,0,1,0,0.555,0,-0.832],"_humanoidState":5,"_cameraCFrame":[742.113,242.772,43.535,-0.783,0.609,-0.127,0,0.204,0.979,0.622,0.766,-0.16],"_shiftlockState":true,"_pose":"FreeFall","_animationQueue":[],"_animationSpeed":1,"_zoom":14.183},{"_mousePosition":[683,384],"_rootPartCFrame":[745.087,226.834,44.892,-0.859,0,-0.513,0,1,0,0.513,0,-0.859],"_humanoidState":5,"_cameraCFrame":[742.002,242.218,43.499,-0.824,0.555,-0.116,0,0.204,0.979,0.567,0.806,-0.168],"_shiftlockState":true,"_pose":"FreeFall","_animationQueue":[],"_animationSpeed":1,"_zoom":14.183},{"_mousePosition":[683,384],"_rootPartCFrame":[744.879,226.226,45.06,-0.892,0,-0.453,0,1,0,0.453,0,-0.892],"_humanoidState":5,"_cameraCFrame":[741.917,241.61,43.421,-0.867,0.488,-0.102,0,0.204,0.979,0.499,0.848,-0.177],"_shiftlockState":true,"_pose":"FreeFall","_animationQueue":[],"_animationSpeed":1,"_zoom":14.183},{"_mousePosition":[683,384],"_rootPartCFrame":[744.661,225.563,45.214,-0.925,0,-0.379,0,1,0,0.379,0,-0.925],"_humanoidState":5,"_cameraCFrame":[741.852,240.947,43.327,-0.906,0.413,-0.086,0,0.204,0.979,0.422,0.887,-0.185],"_shiftlockState":true,"_pose":"FreeFall","_animationQueue":[],"_animationSpeed":1,"_zoom":14.183},{"_mousePosition":[683,384],"_rootPartCFrame":[744.433,224.845,45.351,-0.955,0,-0.298,0,1,0,0.298,0,-0.955],"