[{"_mousePosition":[646,386],"_rootPartCFrame":[776.029,222.7,47.142,0,0,1,0,1,0,-1,0,0],"_humanoidState":8,"_cameraCFrame":[780.326,241.911,47.534,0.091,-0.968,0.236,0,0.237,0.972,-0.996,-0.088,0.021],"_shiftlockState":false,"_pose":"Standing","_animationQueue":[],"_animationSpeed":1,"_zoom":18.229},{"_mousePosition":[646,386],"_rootPartCFrame":[775.783,222.7,47.12,0.013,0,1,0,1,0,-1,0,0.013],"_humanoidState":8,"_cameraCFrame":[780.012,241.927,47.505,0.091,-0.968,0.232,0,0.233,0.972,-0.996,-0.088,0.021],"_shiftlockState":false,"_pose":"Standing","_animationQueue":[],"_animationSpeed":1,"_zoom":18.229},{"_mousePosition":[646,386],"_rootPartCFrame":[775.518,222.7,47.096,0.023,0,1,0,1,0,-1,0,0.023],"_humanoidState":8,"_cameraCFrame":[779.714,241.935,47.467,0.088,-0.969,0.23,0,0.231,0.973,-0.996,-0.086,0.02],"_shiftlockState":false,"_pose":"Running","_animationQueue":[["walk",0.1]],"_animationSpeed":1.066,"_zoom":18.229},{"_mousePosition":[646,386],"_rootPartCFrame":[775.253,222.7,47.072,0.032,0,0.999,0,1,0,-0.999,0,0.032],"_humanoidState":8,"_cameraCFrame":[779.448,241.935,47.443,0.088,-0.969,0.23,0,0.231,0.973,-0.996,-0.086,0.02],"_shiftlockState":false,"_pose":"Running","_animationQueue":[],"_animationSpeed":1.066,"_zoom":18.229},{"_mousePosition":[646,386],"_rootPartCFrame":[774.987,222.7,47.048,0.04,0,0.999,0,1,0,-0.999,0,0.04],"_humanoidState":8,"_cameraCFrame":[779.182,241.935,47.42,0.088,-0.969,0.23,0,0.231,0.973,-0.996,-0.086,0.02],"_shiftlockState":false,"_pose":"Running","_animationQueue":[],"_animationSpeed":1.066,"_zoom":18.229},{"_mousePosition":[646,386],"_rootPartCFrame":[774.854,222.7,47.036,0.043,0,0.999,0,1,0,-0.999,0,0.043],"_humanoidState":8,"_cameraCFrame":[779.05,241.935,47.408,0.088,-0.969,0.23,0,0.231,0.973,-0.996,-0.086,0.02],"_shiftlockState":false,"_pose":"Running","_animationQueue":[],"_animationSpeed":1.066,"_zoom":18.229},{"_mousePosition":[646,386],"_rootPartCFrame":[774.589,222.7,47.013,0.049,0,0.999,0,1,0,-0.999,0,0.049],"_humanoidState":8,"_cameraCFrame":[778.715,241.952,47.378,0.088,-0.97,0.226,0,0.227,0.974,-0.996,-0.086,0.02],"_shiftlockState":false,"_pose":"Running","_animationQueue":[["walk",0.1]],"_animationSpeed":1.066,"_zoom":18.229},{"_mousePosition":[646,386],"_rootPartCFrame":[774.19,222.7,46.977,0.057,0,0.998,0,1,0,-0.998,0,0.057],"_humanoidState":8,"_cameraCFrame":[778.248,241.968,47.337,0.088,-0.971,0.223,0,0.223,0.975,-0.996,-0.086,0.02],"_shiftlockState":false,"_pose":"Running","_animationQueue":[],"_animationSpeed":1.066,"_zoom":18.229},{"_mousePosition":[646,386],"_rootPartCFrame":[773.925,222.7,46.954,0.061,0,0.998,0,1,0,-0.998,0,0.061],"_humanoidState":8,"_cameraCFrame":[777.776,242.014,47.285,0.086,-0.974,0.211,0,0.212,0.977,-0.996,-0.084,0.018],"_shiftlockState":false,"_pose":"Running","_animationQueue":[],"_animationSpeed":1.066,"_zoom":18.229},{"_mousePosition":[646,386],"_rootPartCFrame":[773.792,222.7,46.942,0.063,0,0.998,0,1,0,-0.998,0,0.063],"_humanoidState":8,"_cameraCFrame":[777.471,242.051,47.249,0.083,-0.976,0.202,0,0.203,0.979,-0.997,-0.081,0.017],"_shiftlockState":false,"_pose":"Running","_animationQueue":[],"_animationSpeed":1.066,"_zoom":18.229},{"_mousePosition":[646,386],"_rootPartCFrame":[773.393,222.7,46.908,0.068,0,0.998,0,1,0,-0.998,0,0.068],"_humanoidState":8,"_cameraCFrame":[776.935,242.079,47.185,0.078,-0.978,0.194,0,0.195,0.981,-0.997,-0.077,0.015],"_shiftlockState":false,"_pose":"Running","_animationQueue":[],"_animationSpeed":1.066,"_zoom":18.229},{"_mousePosition":[646,386],"_rootPartCFrame":[773.261,222.7,46.897,0.069,0,0.998,0,1,0,-0.998,0,0.069],"_humanoidState":8,"_cameraCFrame":[776.664,242.106,47.146,0.073,-0.98,0.187,0,0.187,0.982,-0.997,-0.072,0.014],"_shiftlockState":false,"_pose":"Running","_animationQueue":[],"_animationSpeed":1.066,"_zoom":18.229},{"_mousePosition":[646,386],"_rootPartCFrame":[772.862,222.7,46.865,0.071,0,0.997,0,1,0,-0.997,0,0.071],"_humanoidState":8,"_cameraCFrame":[776.162,242.126,47.09,0.068,-0.981,0.181,0,0.181,0.983,-0.998,-0.067,0.012],"_shiftlockState":false,"_pose":"Running","_animationQueue":[],"_animationSpeed":1.066,"_zoom":18.229},{"_mousePosition":[646,386],"_rootPartCFrame":[772.596,222.7,46.846,0.071,0,0.997,0,1,0,-0.997,0,0.071],"_humanoidState":8,"_cameraCFrame":[775.793,242.145,47.048,0.063,-0.982,0.175,0,0.176,0.984,-0.998,-0.062,0.011],"_shiftlockState":false,"_pose":"Running","_animationQueue":[["walk",0.1]],"_animationSpeed":1.066,"_zoom":18.229},{"_mousePosition":[646,386],"_rootPartCFrame":[772.33,222.7,46.827,0.071,0,0.997,0,1,0,-0.997,0,0.071],"_humanoidState":8,"_cameraCFrame":[775.489,242.152,47.019,0.06,-0.983,0.173,0,0.174,0.985,-0.998,-0.06,0.011],"_shiftlockState":false,"_pose":"Running","_animationQueue":[],"_animationSpeed":1.066,"_zoom":18.229},{"_mousePosition":[646,386],"_rootPartCFrame":[772.197,222.7,46.819,0.07,0,0.998,0,1,0,-0.998,0,0.07],"_humanoidState":8,"_cameraCFrame":[775.356,242.152,47.01,0.06,-0.983,0.173,0,0.174,0.985,-0.998,-0.06,0.011],"_shiftlockState":false,"_pose":"Running","_animationQueue":[],"_animationSpeed":1.066,"_zoom":18.229},{"_mousePosition":[646,386],"_rootPartCFrame":[771.797,222.7,46.795,0.068,0,0.998,0,1,0,-0.998,0,0.068],"_humanoidState":8,"_cameraCFrame":[774.958,242.152,46.978,0.058,-0.983,0.173,0,0.174,0.985,-0.998,-0.057,0.01],"_shiftlockState":false,"_pose":"Running","_animationQueue":[],"_animationSpeed":1.066,"_zoom":18.229},{"_mousePosition":[646,386],"_rootPartCFrame":[771.531,222.7,46.779,0.067,0,0.998,0,1,0,-0.998,0,0.067],"_humanoidState":8,"_cameraCFrame":[774.692,242.152,46.954,0.055,-0.983,0.173,0,0.174,0.985,-0.998,-0.055,0.01],"_shiftlockState":false,"_pose":"Running","_animationQueue":[],"_animationSpeed":1.066,"_zoom":18.229},{"_mousePosition":[646,386],"_rootPartCFrame":[771.265,222.7,46.763,0.066,0,0.998,0,1,0,-0.998,0,0.066],"_humanoidState":8,"_cameraCFrame":[774.426,242.152,46.931,0.053,-0.983,0.173,0,0.174,0.985,-0.999,-0.052,0.009],"_shiftlockState":false,"_pose":"Running","_animationQueue":[],"_animationSpeed":1.066,"_zoom":18.229},{"_mousePosition":[646,386],"_rootPartCFrame":[770.999,222.7,46.748,0.065,0,0.998,0,1,0,-0.998,0,0.065],"_humanoidState":8,"_cameraCFrame":[774.248,242.152,45.16,0.05,-0.984,0.173,0,0.174,0.985,-0.999,-0.05,0.009],"_shiftlockState":true,"_pose":"Running","_animationQueue":[],"_animationSpeed":1.066,"_zoom":18.229},{"_mousePosition":[683,384],"_rootPartCFrame":[770.732,222.7,46.734,0.05,0,0.999,0,1,0,-0.999,0,0.05],"_humanoidState":8,"_cameraCFrame":[773.982,242.152,45.146,0.05,-0.984,0.173,0,0.174,0.985,-0.999,-0.05,0.009],"_shiftlockState":true,"_pose":"Running","_animationQueue":[["walk",0.1]],"_animationSpeed":1.066,"_zoom":18.229},{"_mousePosition":[683,384],"_rootPartCFrame":[770.466,222.7,46.72,0.05,0,0.999,0,1,0,-0.999,0,0.05],"_humanoidState":8,"_cameraCFrame":[773.716,242.152,45.132,0.05,-0.984,0.173,0,0.174,0.985,-0.999,-0.05,0.009],"_shiftlockState":true,"_pose":"Running","_animationQueue":[],"_animationSpeed":1.066,"_zoom":18.229},{"_mousePosition":[683,384],"_rootPartCFrame":[770.2,222.666,46.707,0.05,0,0.999,0,1,0,-0.999,0,0.05],"_humanoidState":8,"_cameraCFrame":[773.449,242.118,45.119,0.05,-0.984,0.173,0,0.174,0.985,-0.999,-0.05,0.009],"_shiftlockState":true,"_pose":"Running","_animationQueue":[],"_animationSpeed":1.066,"_zoom":18.229},{"_mousePosition":[683,384],"_rootPartCFrame":[769.933,223.528,46.694,0.05,0,0.999,0,1,0,-0.999,0,0.05],"_humanoidState":3,"_cameraCFrame":[773.183,242.981,45.105,0.05,-0.984,0.173,0,0.174,0.985,-0.999,-0.05,0.009],"_shiftlockState":true,"_pose":"Jumping","_animationQueue":[["walk",0.1],["jump",0.1]],"_animationSpeed":1,"_zoom":18.229},{"_mousePosition":[683,384],"_rootPartCFrame":[769.667,224.337,46.68,0.05,0,0.999,0,1,0,-0.999,0,0.05],"_humanoidState":5,"_cameraCFrame":[772.917,243.789,45.092,0.05,-0.984,0.173,0,0.174,0.985,-0.999,-0.05,0.009],"_shiftlockState":true,"_pose":"FreeFall","_animationQueue":[["jump",0.1]],"_animationSpeed":1,"_zoom":18.229},{"_mousePosition":[683,384],"_rootPartCFrame":[769.401,225.091,46.667,0.05,0,0.999,0,1,0,-0.999,0,0.05],"_humanoidState":5,"_cameraCFrame":[772.65,244.543,45.078,0.05,-0.984,0.173,0,0.174,0.985,-0.999,-0.05,0.009],"_shiftlockState":true,"_pose":"FreeFall","_animationQueue":[],"_animationSpeed":1,"_zoom":18.229},{"_mousePosition":[683,384],"_rootPartCFrame":[769.134,225.79,46.653,0.05,0,0.999,0,1,0,-0.999,0,0.05],"_humanoidState":5,"_cameraCFrame":[772.384,245.242,45.065,0.05,-0.984,0.173,0,0.174,0.985,-0.999,-0.05,0.009],"_shiftlockState":true,"_pose":"FreeFall","_animationQueue":[],"_animationSpeed":1,"_zoom":18.229},{"_mousePosition":[683,384],"_rootPartCFrame":[768.934,226.279,46.643,0.05,0,0.999,0,1,0,-0.999,0,0.05],"_humanoidState":5,"_cameraCFrame":[772.184,245.731,45.055,0.05,-0.984,0.173,0,0.174,0.985,-0.999,-0.05,0.009],"_shiftlockState":true,"_pose":"FreeFall","_animationQueue":[],"_animationSpeed":1,"_zoom":18.229},{"_mousePosition":[683,384],"_rootPartCFrame":[768.602,227.025,46.626,0.05,0,0.999,0,1,0,-0.999,0,0.05],"_humanoidState":5,"_cameraCFrame":[771.851,246.478,45.038,0.05,-0.984,0.173,0,0.174,0.985,-0.999,-0.05,0.009],"_shiftlockState":true,"_pose":"FreeFall","_animationQueue":[],"_animationSpeed":1,"_zoom":18.229},{"_mousePosition":[683,384],"_rootPartCFrame":[768.402,227.432,46.616,0.05,0,0.999,0,1,0,-0.999,0,0.05],"_humanoidState":5,"_cameraCFrame":[771.651,246.885,45.028,0.05,-0.984,0.173,0,0.174,0.985,-0.999,-0.05,0.009],"_shiftlockState":true,"_pose":"FreeFall","_animationQueue":[],"_animationSpeed":1,"_zoom":18.229},{"_mousePosition":[683,384],"_rootPartCFrame":[768.069,228.043,46.6,0.05,0,0.999,0,1,0,-0.999,0,0.05],"_humanoidState":5,"_cameraCFrame":[771.318,247.495,45.011,0.05,-0.984,0.173,0,0.174,0.985,-0.999,-0.05,0.009],"_shiftlockState":true,"_pose":"FreeFall","_animationQueue":[],"_animationSpeed":1,"_zoom":18.229},{"_mousePosition":[683,384],"_rootPartCFrame":[767.802,228.47,46.586,0.05,0,0.999,0,1,0,-0.999,0,0.05],"_humanoidState":5,"_cameraCFrame":[771.052,247.922,44.998,0.05,-0.984,0.173,0,0.174,0.985,-0.999,-0.05,0.009],"_shiftlockState":true,"_pose":"FreeFall","_animationQueue":[],"_animationSpeed":1,"_zoom":18.229},{"_mousePosition":[683,384],"_rootPartCFrame":[767.536,228.842,46.573,0.05,0,0.999,0,1,0,-0.999,0,0.05],"_humanoidState":5,"_cameraCFrame":[770.786,248.294,44.984,0.05,-0.984,0.173,0,0.174,0.985,-0.999,-0.05,0.009],"_shiftlockState":true,"_pose":"FreeFall","_animationQueue":[],"_animationSpeed":1,"_zoom":18.229},{"_mousePosition":[683,384],"_rootPartCFrame":[767.27,229.16,46.559,0.05,0,0.999,0,1,0,-0.999,0,0.05],"_humanoidState":5,"_cameraCFrame":[770.519,248.612,44.971,0.05,-0.984,0.173,0,0.174,0.985,-0.999,-0.05,0.009],"_shiftlockState":true,"_pose":"FreeFall","_animationQueue":[],"_animationSpeed":1,"_zoom":18.229},{"_mousePosition":[683,384],"_rootPartCFrame":[767.07,229.363,46.549,0.05,0,0.999,0,1,0,-0.999,0,0.05],"_humanoidState":5,"_cameraCFrame":[770.335,248.815,44.994,0.06,-0.983,0.173,0,0.174,0.985,-0.998,-0.06,0.011],"_shiftlockState":true,"_pose":"FreeFall","_animationQueue":[],"_animationSpeed":1,"_zoom":18.229},{"_mousePosition":[683,384],"_rootPartCFrame":[766.737,229.632,46.532,0.059,0,0.998,0,1,0,-0.998,0,0.059],"_humanoidState":5,"_cameraCFrame":[770.003,249.084,44.977,0.06,-0.983,0.173,0,0.174,0.985,-0.998,-0.06,0.011],"_shiftlockState":true,"_pose":"FreeFall","_animationQueue":[],"_animationSpeed":1,"_zoom":18.229},{"_mousePosition":[683,384],"_rootPartCFrame":[766.537,229.753,46.521,0.06,0,0.998,0,1,0,-0.998,0,0.06],"_humanoidState":5,"_cameraCFrame":[769.803,249.205,44.965,0.06,-0.983,0.173,0,0.174,0.985,-0.998,-0.06,0.011],"_shiftlockState":true,"_pose":"FreeFall","_animationQueue":[],"_animationSpeed":1,"_zoom":18.229},{"_mousePosition":[683,384],"_rootPartCFrame":[766.205,229.887,46.501,0.06,0,0.998,0,1,0,-0.998,0,0.06],"_humanoidState":5,"_cameraCFrame":[769.47,249.339,44.945,0.06,-0.983,0.173,0,0.174,0.985,-0.998,-0.06,0.011],"_shiftlockState":true,"_pose":"FreeFall","_animationQueue":[],"_animationSpeed":1,"_zoom":18.229},{"_mousePosition":[683,384],"_rootPartCFrame":[766.005,229.926,46.489,0.06,0,0.998,0,1,0,-0.998,0,0.06],"_humanoidState":5,"_cameraCFrame":[769.255,249.378,44.9,0.05,-0.984,0.173,0,0.174,0.985,-0.999,-0.05,0.009],"_shiftlockState":true,"_pose":"FreeFall","_animationQueue":[],"_animationSpeed":1,"_zoom":18.229},{"_mousePosition":[683,384],"_rootPartCFrame":[765.673,229.923,46.468,0.052,0,0.999,0,1,0,-0.999,0,0.052],"_humanoidState":5,"_cameraCFrame":[768.906,249.375,44.847,0.04,-0.984,0.174,0,0.174,0.985,-0.999,-0.04,0.007],"_shiftlockState":true,"_pose":"FreeFall","_animationQueue":[["fall",0.3]],"_animationSpeed":1,"_zoom":18.229},{"_mousePosition":[683,384],"_rootPartCFrame":[765.406,229.859,46.455,0.042,0,0.999,0,1,0,-0.999,0,0.042],"_humanoidState":5,"_cameraCFrame":[768.623,249.311,44.801,0.03,-0.984,0.174,0,0.174,0.985,-1,-0.03,0.005],"_shiftlockState":true,"_pose":"FreeFall","_animationQueue":[],"_animationSpeed":1,"_zoom":18.229},{"_mousePosition":[683,384],"_rootPartCFrame":[765.14,229.741,46.443,0.031,0,1,0,1,0,-1,0,0.031],"_humanoidState":5,"_cameraCFrame":[768.34,249.193,44.757,0.02,-0.985,0.174,0,0.174,0.985,-1,-0.02,0.003],"_shiftlockState":true,"_pose":"FreeFall","_animationQueue":[],"_animationSpeed":1,"_zoom":18.229},{"_mousePosition":[683,384],"_rootPartCFrame":[764.873,229.568,46.435,0.021,0,1,0,1,0,-1,0,0.021],"_humanoidState":5,"_cameraCFrame":[768.02,249.021,44.652,-0.01,-0.985,0.174,0,0.174,0.985,-1,0.01,-0.002],"_shiftlockState":true,"_pose":"FreeFall","_animationQueue":[],"_animationSpeed":1,"_zoom":18.229},{"_mousePosition":[683,384],"_rootPartCFrame":[764.617,229.341,46.404,0.065,0,0.998,0,1,0,-0.998,0,0.065],"_humanoidState":5,"_cameraCFrame":[767.741,248.793,44.582,-0.023,-0.985,0.174,0,0.174,0.985,-1,0.023,-0.004],"_shiftlockState":true,"_pose":"FreeFall","_animationQueue":[],"_animationSpeed":1,"_zoom":18.229},{"_mousePosition":[683,384],"_rootPartCFrame":[764.409,229.06,46.259,0.007,0,1,0,1,0,-1,0,0.007],"_humanoidState":7,"_cameraCFrame":[767.486,248.512,44.358,-0.048,-0.984,0.173,0,0.174,0.985,-0.999,0.048,-0.008],"_shiftlockState":true,"_pose":"FreeFall","_animationQueue":[["walk",0.1],["fall",0.3],["fall",0.3]],"_animationSpeed":1,"_zoom":18.229},{"_mousePosition":[683,384],"_rootPartCFrame":[764.216,228.838,46.076,-0.045,0,0.999,0,1,0,-0.999,0,-0.045],"_humanoidState":7,"_cameraCFrame":[767.239,248.29,44.09,-0.076,-0.982,0.173,0,0.174,0.985,-0.997,0.075,-0.013],"_shiftlockState":true,"_pose":"FreeFall","_animationQueue":[],"_animationSpeed":1,"_zoom":18.229},{"_mousePosition":[683,384],"_rootPartCFrame":[764.144,228.869,45.768,-0.076,0,0.997,0,1,0,-0.997,0,-0.076],"_humanoidState":8,"_cameraCFrame":[767.136,248.321,43.737,-0.091,-0.981,0.173,0,0.174,0.985,-0.996,0.09,-0.016],"_shiftlockState":true,"_pose":"Running","_animationQueue":[["fall",0.3],["walk",0.1],["fall",0.3],["walk",0.1]],"_animationSpeed":1.103,"_zoom":18.229},{"_mousePosition":[683,384],"_rootPartCFrame":[764.124,228.901,45.503,-0.091,0,0.996,0,1,0,-0.996,0,-0.091],"_humanoidState":8,"_cameraCFrame":[767.091,248.353,43.433,-0.104,-0.979,0.173,0,0.174,0.985,-0.995,0.102,-0.018],"_shiftlockState":true,"_pose":"Running","_animationQueue":[],"_animationSpeed":1.103,"_zoom":18.229},{"_mousePosition":[683,384],"_rootPartCFrame":[764.1,228.92,45.237,-0.104,0,0.995,0,1,0,-0.995,0,-0.104],"_humanoidState":8,"_cameraCFrame":[767.03,248.372,43.116,-0.121,-0.978,0.172,0,0.174,0.985,-0.993,0.12,-0.021],"_shiftlockState":true,"_pose":"Running","_animationQueue":[],"_animationSpeed":1.103,"_zoom":18.229},{"_mousePosition":[683,384],"_rootPartCFrame":[764.076,229.793,44.971,-0.121,0,0.993,0,1,0,-0.993,0,-0.121],"_humanoidState":3,"_cameraCFrame":[766.945,249.245,42.769,-0.149,-0.974,0.172,0,0.174,0.985,-0.989,0.147,-0.026],"_shiftlockState":true,"_pose":"Jumping","_animationQueue":[["walk",0.1],["jump",0.1]],"_animationSpeed":1,"_zoom":18.229},{"_mousePosition":[683,384],"_rootPartCFrame":[764.045,230.615,44.707,-0.057,0,0.998,0,1,0,-0.998,0,-0.057],"_humanoidState":5,"_cameraCFrame":[766.823,250.067,42.39,-0.189,-0.967,0.171,0,0.174,0.985,-0.982,0.186,-0.033],"_shiftlockState":true,"_pose":"FreeFall","_animationQueue":[["jump",0.1]],"_animationSpeed":1,"_zoom":18.229},{"_mousePosition":[683,384],"_rootPartCFrame":[764.006,231.383,44.443,-0.061,0,0.998,0,1,0,-0.998,0,-0.061],"_humanoidState":5,"_cameraCFrame":[766.651,250.835,41.975,-0.243,-0.955,0.168,0,0.174,0.985,-0.97,0.24,-0.042],"_shiftlockState":true,"_pose":"FreeFall","_animationQueue":[],"_animationSpeed":1,"_zoom":18.229},{"_mousePosition":[683,384],"_rootPartCFrame":[763.957,232.096,44.181,-0.113,0,0.994,0,1,0,-0.994,0,-0.113],"_humanoidState":5,"_cameraCFrame":[766.414,251.548,41.526,-0.314,-0.935,0.165,0,0.174,0.985,-0.95,0.309,-0.054],"_shiftlockState":true,"_pose":"FreeFall","_animationQueue":[],"_animationSpeed":1,"_zoom":18.229},{"_mousePosition":[683,384],"_rootPartCFrame":[763.895,232.754,43.921,-0.185,0,0.983,0,1,0,-0.983,0,-0.185],"_humanoidState":5,"_cameraCFrame":[766.114,252.207,41.066,-0.394,-0.905,0.16,0,0.174,0.985,-0.919,0.388,-0.068],"_shiftlockState":true,"_pose":"FreeFall","_animationQueue":[],"_animationSpeed":1,"_zoom":18.229},{"_mousePosition":[683,384],"_rootPartCFrame":[763.815,233.359,43.667,-0.269,0,0.963,0,1,0,-0.963,0,-0.269],"_humanoidState":5,"_cameraCFrame":[765.758,252.811,40.616,-0.478,-0.865,0.152,0,0.174,0.985,-0.878,0.471,-0.083],"_shiftlockState":true,"_pose":"FreeFall","_animationQueue":[],"_animationSpeed":1,"_zoom":18.229},{"_mousePosition":[683,384],"_rootPartCFrame":[763.715,233.908,43.42,-0.357,0,0.934,0,1,0,-0.934,0,-0.357],"_humanoidState":5,"_cameraCFrame":[765.347,253.36,40.193,-0.563,-0.814,0.144,0,0.174,0.985,-0.827,0.554,-0.098],"_shiftlockState":true,"_pose":"FreeFall","_animationQueue":[],"_animationSpeed":1,"_zoom":18.229},{"_mousePosition":[683,384],"_rootPartCFrame":[763.593,234.403,43.183,-0.448,0,0.894,0,1,0,-0.894,0,-0.448],"_humanoidState":5,"_cameraCFrame":[764.908,253.855,39.814,-0.639,-0.757,0.134,0,0.174,0.985,-0.769,0.63,-0.111],"_shiftlockState":true,"_pose":"FreeFall","_animationQueue":[],"_animationSpeed":1,"_zoom":18.229},{"_mousePosition":[683,384],"_rootPartCFrame":[763.449,234.844,42.959,-0.531,0,0.847,0,1,0,-0.847,0,-0.531],"_humanoidState":5,"_cameraCFrame":[764.358,254.283,39.395,-0.735,-0.668,0.12,0,0.177,0.984,-0.678,0.723,-0.13],"_shiftlockState":true,"_pose":"FreeFall","_animationQueue":[],"_animationSpeed":1,"_zoom":18.229},{"_mousePosition":[683,384],"_rootPartCFrame":[763.287,235.23,42.76,-0.644,0,0.765,0,1,0,-0.765,0,-0.644],"_humanoidState":5,"_cameraCFrame":[763.926,254.663,39.106,-0.787,-0.607,0.111,0,0.179,0.984,-0.617,0.774,-0.141],"_shiftlockState":true,"_pose":"FreeFall","_animationQueue":[],"_animationSpeed":1,"_zoom":18.229},{"_mousePosition":[683,384],"_rootPartCFrame":[763.107,235.561,42.595,-0.709,0,0.705,0,1,0,-0.705,0,-0.709],"_humanoidState":5,"_cameraCFrame":[763.467,254.994,38.903,-0.832,-0.546,0.1,0,0.179,0.984,-0.555,0.818,-0.149],"_shiftlockState":true,"_pose":"FreeFall","_animationQueue":[],"_animationSpeed":1,"_zoom":18.229},{"_mousePosition":[683,384],"_rootPartCFrame":[762.91,235.838,42.467,-0.762,0,0.647,0,1,0,-0.647,0,-0.762],"_humanoidState":5,"_cameraCFrame":[763.044,255.265,38.729,-0.866,-0.491,0.091,0,0.181,0.983,-0.499,0.852,-0.157],"_shiftlockState":true,"_pose":"FreeFall","_animationQueue":[],"_animationSpeed":1,"_zoom":18.229},{"_mousePosition":[683,384],"_rootPartCFrame":[762.699,236.061,42.376,-0.804,0,0.595,0,1,0,-0.595,0,-0.804],"_humanoidState":5,"_cameraCFrame":[762.607,255.487,38.637,-0.895,-0.438,0.081,0,0.181,0.983,-0.446,0.88,-0.162],"_shiftlockState":true,"_pose":"FreeFall","_animationQueue":[],"_animationSpeed":1,"_zoom":18.229},{"_mousePosition":[683,384],"_rootPartCFrame":[762.477,236.229,42.322,-0.839,0,0.544,0,1,0,-0.544,0,-0.839],"_humanoidState":5,"_cameraCFrame":[762.157,255.655,38.596,-0.921,-0.384,0.071,0,0.181,0.983,-0.391,0.905,-0.167],"_shiftlockState":true,"_pose":"FreeFall","_animationQueue":[],"_animationSpeed":1,"_zoom":18.229},{"_mousePosition":[683,384],"_rootPartCFrame":[762.245,236.342,42.308,-0.871,0,0.492,0,1,0,-0.492,0,-0.871],"_humanoidState":5,"_cameraCFrame":[761.728,255.769,38.603,-0.94,-0.336,0.062,0,0.181,0.983,-0.341,0.924,-0.17],"_shiftlockState":true,"_pose":"FreeFall","_animationQueue":[],"_animationSpeed":1,"_zoom":18.229},{"_mousePosition":[683,384],"_rootPartCFrame":[762.007,236.401,42.332,-0.896,0,0.444,0,1,0,-0.444,0,-0.896],"_humanoidState":5,"_cameraCFrame":[761.303,255.828,38.659,-0.956,-0.288,0.053,0,0.181,0.983,-0.293,0.94,-0.173],"_shiftlockState":true,"_pose":"FreeFall","_animationQueue":[],"_animationSpeed":1,"_zoom":18.229},{"_mousePosition":[683,384],"_rootPartCFrame":[761.767,236.406,42.396,-0.917,0,0.398,0,1,0,-0.398,0,-0.917],"_humanoidState":5,"_cameraCFrame":[760.896,255.833,38.759,-0.968,-0.245,0.045,0,0.181,0.983,-0.249,0.952,-0.176],"_shiftlockState":true,"_pose":"FreeFall","_animationQueue":[],"_animationSpeed":1,"_zoom":18.229},{"_mousePosition":[683,384],"_rootPartCFrame":[761.529,236.356,42.5,-0.935,0,0.355,0,1,0,-0.355,0,-0.935],"_humanoidState":5,"_cameraCFrame":[760.485,255.783,38.909,-0.979,-0.199,0.037,0,0.181,0.983,-0.203,0.963,-0.178],"_shiftlockState":true,"_pose":"FreeFall","_animationQueue":[["fall",0.3]],"_animationSpeed":1,"_zoom":18.229},{"_mousePosition":[683,384],"_rootPartCFrame":[761.298,236.251,42.632,-0.951,0,0.31,0,1,0,-0.31,0,-0.951],"_humanoidState":5,"_cameraCFrame":[760.086,255.685,39.127,-0.987,-0.155,0.028,0,0.179,0.984,-0.158,0.971,-0.177],"_shiftlockState":true,"_pose":"FreeFall","_animationQueue":[],"_animationSpeed":1,"_zoom":18.229},{"_mousePosition":[683,384],"_rootPartCFrame":[761.074,236.092,42.777,-0.964,0,0.266,0,1,0,-0.266,0,-0.964],"_humanoidState":5,"_cameraCFrame":[759.602,255.538,39.44,-0.996,-0.084,0.015,0,0.176,0.984,-0.085,0.981,-0.175],"_shiftlockState":true,"_pose":"FreeFall","_animationQueue":[],"_animationSpeed":1,"_zoom":18.229},{"_mousePosition":[683,384],"_rootPartCFrame":[760.846,235.879,42.899,-0.978,0,0.21,0,1,0,-0.21,0,-0.978],"_humanoidState":5,"_cameraCFrame":[759.206,255.331,39.675,-0.999,-0.034,0.006,0,0.174,0.985,-0.034,0.984,-0.174],"_shiftlockState":true,"_pose":"FreeFall","_animationQueue":[],"_animationSpeed":1,"_zoom":18.229},{"_mousePosition":[683,384],"_rootPartCFrame":[760.608,235.611,42.982,-0.986,0,0.166,0,1,0,-0.166,0,-0.986],"_humanoidState":5,"_cameraCFrame":[758.815,255.063,39.841,-1,0.013,-0.002,0,0.174,0.985,0.014,0.985,-0.174],"_shiftlockState":true,"_pose":"FreeFall","_animationQueue":[],"_animationSpeed":1,"_zoom":18.229},{"_mousePosition":[683,384],"_rootPartCFrame":[760.359,235.288,43.028,-0.993,0,0.119,0,1,0,-0.119,0,-0.993],"_humanoidState":5,"_cameraCFrame":[758.417,254.74,39.976,-0.998,0.061,-0.011,0,0.174,0.985,0.062,0.983,-0.173],"_shiftlockState":true,"_pose":"FreeFall","_animationQueue":[],"_animationSpeed":1,"_zoom":18.229},{"_mousePosition":[683,384],"_rootPartCFrame":[760.097,234.911,43.04,-0.997,0,0.071,0,1,0,-0.071,0,-0.997],"_humanoidState":5,"_cameraCFrame":[758.018,254.363,40.08,-0.994,0.105,-0.019,0,0.174,0.985,0.107,0.979,-0.173],"_shiftlockState":true,"_pose":"FreeFall","_animationQueue":[],"_animationSpeed":1,"_zoom":18.229},{"_mousePosition":[683,384],"_rootPartCFrame":[759.83,234.48,43.055,-0.997,0,-0.074,0,1,0,0.074,0,-0.997],"_humanoidState":7,"_cameraCFrame":[757.619,253.932,40.192,-0.988,0.15,-0.026,0,0.174,0.985,0.152,0.973,-0.172],"_shiftlockState":true,"_pose":"FreeFall","_animationQueue":[["fall",0.3],["walk",0.1],["fall",0.3],["fall",0.3]],"_animationSpeed":1,"_zoom":18.229},{"_mousePosition":[683,384],"_rootPartCFrame":[759.565,233.994,43.081,-0.989,0,-0.151,0,1,0,0.151,0,-0.989],"_humanoidState":7,"_cameraCFrame":[757.233,253.446,40.317,-0.981,0.192,-0.034,0,0.174,0.985,0.195,0.966,-0.17],"_shiftlockState":true,"_pose":"FreeFall","_animationQueue":[],"_animationSpeed":1,"_zoom":18.229},{"_mousePosition":[683,384],"_rootPartCFrame":[759.235,233.903,43.13,-0.981,0,-0.194,0,1,0,0.194,0,-0.981],"_humanoidState":8,"_cameraCFrame":[756.773,253.355,40.481,-0.97,0.238,-0.042,0,0.174,0.985,0.242,0.956,-0.169],"_shiftlockState":true,"_pose":"Running","_animationQueue":[["walk",0.1],["fall",0.3],["walk",0.1]],"_animationSpeed":1.103,"_zoom":18.229},{"_mousePosition":[683,384],"_rootPartCFrame":[758.974,233.934,43.181,-0.97,0,-0.242,0,1,0,0.242,0,-0.97],"_humanoidState":8,"_cameraCFrame":[756.361,253.387,40.679,-0.955,0.293,-0.052,0,0.174,0.985,0.298,0.94,-0.166],"_shiftlockState":true,"_pose":"Running","_animationQueue":[],"_animationSpeed":1.103,"_zoom":18.229},{"_mousePosition":[683,384],"_rootPartCFrame":[758.714,233.96,43.243,-0.955,0,-0.298,0,1,0,0.298,0,-0.955],"_humanoidState":8,"_cameraCFrame":[755.949,253.412,40.912,-0.934,0.352,-0.062,0,0.174,0.985,0.357,0.92,-0.162],"_shiftlockState":true,"_pose":"Running","_animationQueue":[],"_animationSpeed":1.103,"_zoom":18.229},{"_mousePosition":[683,384],"_rootPartCFrame":[758.459,233.975,43.32,-0.934,0,-0.357,0,1,0,0.357,0,-0.934],"_humanoidState":8,"_cameraCFrame":[755.535,253.427,41.191,-0.906,0.416,-0.073,0,0.174,0.985,0.423,0.893,-0.157],"_shiftlockState":true,"_pose":"Running","_animationQueue":[],"_animationSpeed":1.103,"_zoom":18.229},{"_mousePosition":[683,384],"_rootPartCFrame":[758.209,233.984,43.413,-0.906,0,-0.423,0,1,0,0.423,0,-0.906],"_humanoidState":8,"_cameraCFrame":[755.147,253.436,41.488,-0.875,0.476,-0.084,0,0.174,0.985,0.483,0.862,-0.152],"_shiftlockState":true,"_pose":"Running","_animationQueue":[["walk",0.1]],"_animationSpeed":1.103,"_zoom":18.229},{"_mousePosition":[683,384],"_rootPartCFrame":[757.966,233.989,43.523,-0.875,0,-0.483,0,1,0,0.483,0,-0.875],"_humanoidState":8,"_cameraCFrame":[754.725,253.441,41.918,-0.822,0.561,-0.099,0,0.174,0.985,0.569,0.81,-0.143],"_shiftlockState":true,"_pose":"Running","_animationQueue":[],"_animationSpeed":1.103,"_zoom":18.229},{"_mousePosition":[683,384],"_rootPartCFrame":[757.732,233.991,43.65,-0.819,0,-0.573,0,1,0,0.573,0,-0.819],"_humanoidState":8,"_cameraCFrame":[754.403,253.443,42.236,-0.788,0.607,-0.107,0,0.174,0.985,0.616,0.776,-0.137],"_shiftlockState":true,"_pose":"Running","_animationQueue":[],"_animationSpeed":1.103,"_zoom":18.229},{"_mousePosition":[683,384],"_rootPartCFrame":[757.498,234.854,43.778,-0.784,0,-0.621,0,1,0,0.621,0,-0.784],"_humanoidState":3,"_cameraCFrame":[754.102,254.306,42.534,-0.755,0.645,-0.114,0,0.174,0.985,0.655,0.744,-0.131],"_shiftlockState":true,"_pose":"Jumping","_animationQueue":[["walk",0.1],["jump",0.1]],"_animationSpeed":1,"_zoom":18.229},{"_mousePosition":[683,384],"_rootPartCFrame":[757.278,235.663,43.927,-0.811,0,-0.585,0,1,0,0.585,0,-0.811],"_humanoidState":5,"_cameraCFrame":[753.823,255.115,42.857,-0.721,0.682,-0.12,0,0.174,0.985,0.693,0.71,-0.125],"_shiftlockState":true,"_pose":"FreeFall","_animationQueue":[["jump",0.1]],"_animationSpeed":1,"_zoom":18.229},{"_mousePosition":[683,384],"_rootPartCFrame":[757.075,236.416,44.1,-0.804,0,-0.595,0,1,0,0.595,0,-0.804],"_humanoidState":5,"_cameraCFrame":[753.572,255.869,43.196,-0.687,0.716,-0.126,0,0.174,0.985,0.727,0.677,-0.119],"_shiftlockState":true,"_pose":"FreeFall","_animationQueue":[],"_animationSpeed":1,"_zoom":18.229},{"_mousePosition":[683,384],"_rootPartCFrame":[756.881,237.116,44.283,-0.777,0,-0.629,0,1,0,0.629,0,-0.777],"_humanoidState":5,"_cameraCFrame":[753.336,256.568,43.567,-0.647,0.75,-0.132,0,0.174,0.985,0.762,0.638,-0.112],"_shiftlockState":true,"_pose":"FreeFall","_animationQueue":[],"_animationSpeed":1,"_zoom":18.229},{"_mousePosition":[683,384],"_rootPartCFrame":[756.696,237.761,44.475,-0.743,0,-0.669,0,1,0,0.669,0,-0.743],"_humanoidState":5,"_cameraCFrame":[753.117,257.213,43.958,-0.604,0.785,-0.138,0,0.174,0.985,0.797,0.595,-0.105],"_shiftlockState":true,"_pose":"FreeFall","_animationQueue":[],"_animationSpeed":1,"_zoom":18.229},{"_mousePosition":[683,384],"_rootPartCFrame":[756.522,238.351,44.677,-0.705,0,-0.71,0,1,0,0.71,0,-0.705],"_humanoidState":5,"_cameraCFrame":[752.918,257.803,44.369,-0.557,0.818,-0.144,0,0.174,0.985,0.831,0.548,-0.097],"_shiftlockState":true,"_pose":"FreeFall","_animationQueue":[],"_animationSpeed":1,"_zoom":18.229},{"_mousePosition":[683,384],"_rootPartCFrame":[756.359,238.887,44.888,-0.662,0,-0.749,0,1,0,0.749,0,-0.662],"_humanoidState":5,"_cameraCFrame":[752.743,258.339,44.826,-0.499,0.854,-0.151,0,0.174,0.985,0.867,0.491,-0.087],"_shiftlockState":true,"_pose":"FreeFall","_animationQueue":[],"_animationSpeed":1,"_zoom":18.229},{"_mousePosition":[683,384],"_rootPartCFrame":[756.209,239.368,45.108,-0.609,0,-0.793,0,1,0,0.793,0,-0.609],"_humanoidState":5,"_cameraCFrame":[752.598,258.82,45.312,-0.434,0.887,-0.156,0,0.174,0.985,0.901,0.427,-0.075],"_shiftlockState":true,"_pose":"FreeFall","_animationQueue":[],"_animationSpeed":1,"_zoom":18.229},{"_mousePosition":[683,384],"_rootPartCFrame":[756.073,239.795,45.338,-0.55,0,-0.835,0,1,0,0.835,0,-0.55],"_humanoidState":5,"_cameraCFrame":[752.491,259.247,45.842,-0.357,0.92,-0.162,0,0.174,0.985,0.934,0.352,-0.062],"_shiftlockState":true,"_pose":"FreeFall","_animationQueue":[],"_animationSpeed":1,"_zoom":18.229},{"_mousePosition":[683,384],"_rootPartCFrame":[755.954,240.168,45.576,-0.478,0,-0.878,0,1,0,0.878,0,-0.478],"_humanoidState":5,"_cameraCFrame":[752.435,259.62,46.413,-0.268,0.949,-0.167,0,0.174,0.985,0.963,0.264,-0.047],"_shiftlockState":true,"_pose":"FreeFall","_animationQueue":[],"_animationSpeed":1,"_zoom":18.229},{"_mousePosition":[683,384],"_rootPartCFrame":[755.854,240.486,45.823,-0.394,0,-0.919,0,1,0,0.919,0,-0.394],"_humanoidState":5,"_cameraCFrame":[752.492,259.938,47.157,-0.127,0.977,-0.172,0,0.174,0.985,0.992,0.125,-0.022],"_shiftlockState":true,"_pose":"FreeFall","_animationQueue":[],"_animationSpeed":1,"_zoom":18.229},{"_mousePosition":[683,384],"_rootPartCFrame":[755.777,240.749,46.078,-0.258,0,-0.966,0,1,0,0.966,0,-0.258],"_humanoidState":5,"_cameraCFrame":[752.558,260.201,47.729,-0.031,0.984,-0.174,0,0.174,0.985,1,0.031,-0.005],"_shiftlockState":true,"_pose":"FreeFall","_animationQueue":[],"_animationSpeed":1,"_zoom":18.229},{"_mousePosition":[683,384],"_rootPartCFrame":[755.728,240.958,46.339,-0.164,0,-0.987,0,1,0,0.987,0,-0.164],"_humanoidState":5,"_cameraCFrame":[752.693,260.41,48.307,0.07,0.982,-0.173,0,0.174,0.985,0.998,-0.069,0.012],"_shiftlockState":true,"_pose":"FreeFall","_animationQueue":[],"_animationSpeed":1,"_zoom":18.229},{"_mousePosition":[683,384],"_rootPartCFrame":[755.711,241.112,46.605,-0.063,0,-0.998,0,1,0,0.998,0,-0.063],"_humanoidState":5,"_cameraCFrame":[752.885,260.564,48.862,0.168,0.971,-0.171,0,0.174,0.985,0.986,-0.165,0.029],"_shiftlockState":true,"_pose":"FreeFall","_animationQueue":[],"_animationSpeed":1,"_zoom":18.229},{"_mousePosition":[683,384],"_rootPartCFrame":[755.722,241.212,46.871,0.036,0,-0.999,0,1,0,0.999,0,0.036],"_humanoidState":5,"_cameraCFrame":[753.106,260.664,49.369,0.255,0.952,-0.168,0,0.174,0.985,0.967,-0.251,0.044],"_shiftlockState":true,"_pose":"FreeFall","_animationQueue":[],"_animationSpeed":1,"_zoom":18.229},{"_mousePosition":[683,384],"_rootPartCFrame":[755.76,241.258,47.135,0.124,0,-0.992,0,1,0,0.992,0,0.124],"_humanoidState":5,"_cameraCFrame":[753.368,260.71,49.849,0.337,0.927,-0.164,0,0.174,0.985,0.942,-0.332,0.058],"_shiftlockState":true,"_pose":"FreeFall","_animationQueue":[],"_animationSpeed":1,"_zoom":18.229},{"_mousePosition":[683,384],"_rootPartCFrame":[755.822,241.248,47.394,0.209,0,-0.978,0,1,0,0.978,0,0.209],"_humanoidState":5,"_cameraCFrame":[753.658,260.701,50.292,0.412,0.897,-0.158,0,0.174,0.985,0.911,-0.406,0.072],"_shiftlockState":true,"_pose":"FreeFall","_animationQueue":[],"_animationSpeed":1,"_zoom":18.229},{"_mousePosition":[683,384],"_rootPartCFrame":[755.907,241.185,47.647,0.287,0,-0.958,0,1,0,0.958,0,0.287],"_humanoidState":5,"_cameraCFrame":[753.969,260.637,50.701,0.48,0.864,-0.152,0,0.174,0.985,0.877,-0.472,0.083],"_shiftlockState":true,"_pose":"FreeFall","_animationQueue":[["fall",0.3]],"_animationSpeed":1,"_zoom":18.229},{"_mousePosition":[683,384],"_rootPartCFrame":[756.012,241.067,47.892,0.359,0,-0.933,0,1,0,0.933,0,0.359],"_humanoidState":5,"_cameraCFrame":[754.271,260.519,51.062,0.534,0.832,-0.147,0,0.174,0.985,0.845,-0.526,0.093],"_shiftlockState":true,"_pose":"FreeFall","_animationQueue":[],"_animationSpeed":1,"_zoom":18.229},{"_mousePosition":[683,384],"_rootPartCFrame":[756.136,240.894,48.128,0.417,0,-0.909,0,1,0,0.909,0,0.417],"_humanoidState":5,"_cameraCFrame":[754.5,260.346,51.353,0.562,0.815,-0.144,0,0.174,0.985,0.827,-0.553,0.098],"_shiftlockState":true,"_pose":"FreeFall","_animationQueue":[],"_animationSpeed":1,"_zoom":18.229},{"_mousePosition":[683,384],"_rootPartCFrame":[756.276,240.667,48.354,0.534,0,-0.846,0,1,0,0.846,0,0.534],"_humanoidState":7,"_cameraCFrame":[754.657,260.119,51.588,0.566,0.812,-0.143,0,0.174,0.985,0.824,-0.557,0.098],"_shiftlockState":true,"_pose":"FreeFall","_animationQueue":[["walk",0.1],["fall",0.3],["fall",0.3]],"_animationSpeed":1,"_zoom":18.229},{"_mousePosition":[683,384],"_rootPartCFrame":[756.425,240.385,48.576,0.565,0,-0.825,0,1,0,0.825,0,0.565],"_humanoidState":7,"_cameraCFrame":[754.652,259.838,51.728,0.526,0.838,-0.148,0,0.174,0.985,0.851,-0.518,0.091],"_shiftlockState":true,"_pose":"FreeFall","_animationQueue":[],"_animationSpeed":1,"_zoom":18.229},{"_mousePosition":[683,384],"_rootPartCFrame":[756.613,240.086,48.85,0.526,0,-0.851,0,1,0,0.851,0,0.526],"_humanoidState":8,"_cameraCFrame":[754.403,259.532,51.752,0.407,0.899,-0.16,0,0.176,0.984,0.913,-0.401,0.071],"_shiftlockState":true,"_pose":"Running","_animationQueue":[["walk",0.1],["fall",0.3],["walk",0.1]],"_animationSpeed":1.103,"_zoom":18.229},{"_mousePosition":[683,384],"_rootPartCFrame":[756.755,240.082,49.076,0.402,0,-0.916,0,1,0,0.916,0,0.402],"_humanoidState":8,"_cameraCFrame":[753.576,259.515,50.987,0.05,0.983,-0.179,0,0.179,0.984,0.999,-0.049,0.009],"_shiftlockState":true,"_pose":"Running","_animationQueue":[["walk",0.1]],"_animationSpeed":1.103,"_zoom":18.229},{"_mousePosition":[683,384],"_rootPartCFrame":[756.678,240.105,49.389,0.06,0,-0.998,0,1,0,0.998,0,0.06],"_humanoidState":8,"_cameraCFrame":[753.049,259.538,50.161,-0.278,0.945,-0.172,0,0.179,0.984,0.961,0.273,-0.05],"_shiftlockState":true,"_pose":"Running","_animationQueue":[],"_animationSpeed":1.103,"_zoom":18.229},{"_mousePosition":[683,384],"_rootPartCFrame":[756.603,240.122,49.726,-0.295,0.001,-0.955,0.001,1,0.001,0.955,0,-0.295],"_humanoidState":8,"_cameraCFrame":[752.947,259.555,49.107,-0.612,0.778,-0.142,0,0.179,0.984,0.791,0.602,-0.11],"_shiftlockState":true,"_pose":"Running","_animationQueue":[],"_animationSpeed":1.103,"_zoom":18.229},{"_mousePosition":[683,384],"_rootPartCFrame":[756.544,240.132,49.983,-0.63,0,-0.776,0,1,0,0.776,0,-0.63],"_humanoidState":8,"_cameraCFrame":[753.396,259.565,48.022,-0.867,0.491,-0.09,0,0.179,0.984,0.499,0.853,-0.155],"_shiftlockState":true,"_pose":"Running","_animationQueue":[],"_animationSpeed":1.103,"_zoom":18.229},{"_mousePosition":[683,384],"_rootPartCFrame":[756.398,240.138,50.203,-0.878,0,-0.478,0,1,0,0.478,0,-0.878],"_humanoidState":8,"_cameraCFrame":[754.129,259.59,47.386,-0.985,0.17,-0.03,0,0.174,0.985,0.172,0.97,-0.171],"_shiftlockState":true,"_pose":"Running","_animationQueue":[],"_animationSpeed":1.103,"_zoom":18.229},{"_mousePosition":[683,384],"_rootPartCFrame":[756.182,240.141,50.352,-0.989,0,-0.15,0,1,0,0.15,0,-0.989],"_humanoidState":8,"_cameraCFrame":[754.859,259.593,46.985,-0.991,-0.128,0.023,0,0.174,0.985,-0.13,0.976,-0.172],"_shiftlockState":true,"_pose":"Running","_animationQueue":[],"_animationSpeed":1.103,"_zoom":18.229},{"_mousePosition":[683,384],"_rootPartCFrame":[755.925,240.142,50.414,-0.989,0,0.15,0,1,0,-0.15,0,-0.989],"_humanoidState":8,"_cameraCFrame":[755.433,259.594,46.831,-0.933,-0.355,0.063,0,0.174,0.985,-0.36,0.919,-0.162],"_shiftlockState":true,"_pose":"Running","_animationQueue":[["walk",0.1]],"_animationSpeed":1.103,"_zoom":18.229},{"_mousePosition":[683,384],"_rootPartCFrame":[755.663,241.016,50.462,-0.926,0,0.378,0,1,0,-0.378,0,-0.926],"_humanoidState":3,"_cameraCFrame":[755.746,260.468,46.846,-0.864,-0.496,0.087,0,0.174,0.985,-0.504,0.851,-0.15],"_shiftlockState":true,"_pose":"Jumping","_animationQueue":[["walk",0.1],["jump",0.1]],"_animationSpeed":1,"_zoom":18.229},{"_mousePosition":[683,384],"_rootPartCFrame":[755.403,241.838,50.485,-0.81,0,0.586,0,1,0,-0.586,0,-0.81],"_humanoidState":5,"_cameraCFrame":[755.86,261.29,46.897,-0.807,-0.582,0.103,0,0.174,0.985,-0.591,0.795,-0.14],"_shiftlockState":true,"_pose":"FreeFall","_animationQueue":[["jump",0.1]],"_animationSpeed":1,"_zoom":18.229},{"_mousePosition":[683,384],"_rootPartCFrame":[755.15,242.605,50.469,-0.724,0,0.69,0,1,0,-0.69,0,-0.724],"_humanoidState":5,"_cameraCFrame":[755.842,262.057,46.919,-0.766,-0.633,0.112,0,0.174,0.985,-0.642,0.755,-0.133],"_shiftlockState":true,"_pose":"FreeFall","_animationQueue":[],"_animationSpeed":1,"_zoom":18.229},{"_mousePosition":[683,384],"_rootPartCFrame":[754.906,243.318,50.415,-0.675,0,0.738,0,1,0,-0.738,0,-0.675],"_humanoidState":5,"_cameraCFrame":[755.723,262.77,46.892,-0.743,-0.659,0.116,0,0.174,0.985,-0.669,0.732,-0.129],"_shiftlockState":true,"_pose":"FreeFall","_animationQueue":[],"_animationSpeed":1,"_zoom":18.229},{"_mousePosition":[683,384],"_rootPartCFrame":[754.674,243.977,50.323,-0.648,0,0.762,0,1,0,-0.762,0,-0.648],"_humanoidState":5,"_cameraCFrame":[755.562,263.429,46.817,-0.73,-0.674,0.119,0,0.174,0.985,-0.684,0.718,-0.127],"_shiftlockState":true,"_pose":"FreeFall","_animationQueue":[],"_animationSpeed":1,"_zoom":18.229},{"_mousePosition":[683,384],"_rootPartCFrame":[754.456,244.581,50.194,-0.632,0,0.775,0,1,0,-0.775,0,-0.632],"_humanoidState":5,"_cameraCFrame":[755.459,264.033,46.719,-0.707,-0.697,0.123,0,0.174,0.985,-0.708,0.696,-0.123],"_shiftlockState":true,"_pose":"FreeFall","_animationQueue":[],"_animationSpeed":1,"_zoom":18.229},{"_mousePosition":[683,384],"_rootPartCFrame":[754.254,245.13,50.028,-0.606,0,0.795,0,1,0,-0.795,0,-0.606],"_humanoidState":5,"_cameraCFrame":[755.38,264.582,46.591,-0.681,-0.721,0.127,0,0.174,0.985,-0.732,0.671,-0.118],"_shiftlockState":true,"_pose":"FreeFall","_animationQueue":[],"_animationSpeed":1,"_zoom":18.229},{"_mousePosition":[683,384],"_rootPartCFrame":[754.064,245.625,49.841,-0.578,0,0.816,0,1,0,-0.816,0,-0.578],"_humanoidState":5,"_cameraCFrame":[755.354,265.077,46.462,-0.645,-0.752,0.133,0,0.174,0.985,-0.764,0.635,-0.112],"_shiftlockState":true,"_pose":"FreeFall","_animationQueue":[],"_animationSpeed":1,"_zoom":18.229},{"_mousePosition":[683,384],"_rootPartCFrame":[753.881,246.066,49.647,-0.538,0,0.843,0,1,0,-0.843,0,-0.538],"_humanoidState":5,"_cameraCFrame":[755.34,265.518,46.337,-0.606,-0.784,0.138,0,0.174,0.985,-0.796,0.596,-0.105],"_shiftlockState":true,"_pose":"FreeFall","_animationQueue":[],"_animationSpeed":1,"_zoom":18.229},{"_mousePosition":[683,384],"_rootPartCFrame":[753.708,246.452,49.444,-0.495,0,0.869,0,1,0,-0.869,0,-0.495],"_humanoidState":5,"_cameraCFrame":[755.308,265.904,46.201,-0.571,-0.809,0.143,0,0.174,0.985,-0.821,0.562,-0.099],"_shiftlockState":true,"_pose":"FreeFall","_animationQueue":[],"_animationSpeed":1,"_zoom":18.229},{"_mousePosition":[683,384],"_rootPartCFrame":[753.545,246.783,49.234,-0.457,0,0.89,0,1,0,-0.89,0,-0.457],"_humanoidState":5,"_cameraCFrame":[755.226,266.235,46.031,-0.55,-0.823,0.145,0,0.174,0.985,-0.835,0.542,-0.095],"_shiftlockState":true,"_pose":"FreeFall","_animationQueue":[],"_animationSpeed":1,"_zoom":18.229},{"_mousePosition":[683,384],"_rootPartCFrame":[753.391,247.06,49.016,-0.434,0,0.901,0,1,0,-0.901,0,-0.434],"_humanoidState":5,"_cameraCFrame":[755.073,266.512,45.813,-0.55,-0.823,0.145,0,0.174,0.985,-0.835,0.542,-0.095],"_shiftlockState":true,"_pose":"FreeFall","_animationQueue":[],"_animationSpeed":1,"_zoom":18.229},{"_mousePosition":[683,384],"_rootPartCFrame":[753.244,247.283,48.793,-0.434,0,0.901,0,1,0,-0.901,0,-