[{"_mousePosition":[871,371],"_rootPartCFrame":[776.027,222.7,47.142,0,0,1,0,1,0,-1,0,0],"_humanoidState":8,"_cameraCFrame":[788.492,237.498,47.397,0.02,-0.729,0.684,0,0.684,0.73,-1,-0.015,0.014],"_shiftlockState":false,"_pose":"Standing","_animationQueue":[["idle",0]],"_animationSpeed":1,"_zoom":18.229},{"_mousePosition":[871,371],"_rootPartCFrame":[775.78,222.7,47.137,0.003,0,1,0,1,0,-1,0,0.003],"_humanoidState":8,"_cameraCFrame":[788.141,237.595,47.39,0.02,-0.735,0.678,0,0.678,0.735,-1,-0.015,0.014],"_shiftlockState":false,"_pose":"Standing","_animationQueue":[],"_animationSpeed":1,"_zoom":18.229},{"_mousePosition":[871,371],"_rootPartCFrame":[775.648,222.7,47.135,0.004,0,1,0,1,0,-1,0,0.004],"_humanoidState":8,"_cameraCFrame":[787.904,237.691,47.385,0.02,-0.74,0.672,0,0.672,0.74,-1,-0.015,0.014],"_shiftlockState":false,"_pose":"Running","_animationQueue":[["walk",0.1]],"_animationSpeed":1.066,"_zoom":18.229},{"_mousePosition":[871,371],"_rootPartCFrame":[775.381,222.7,47.129,0.007,0,1,0,1,0,-1,0,0.007],"_humanoidState":8,"_cameraCFrame":[787.505,237.81,47.377,0.02,-0.746,0.665,0,0.665,0.747,-1,-0.015,0.014],"_shiftlockState":false,"_pose":"Running","_animationQueue":[],"_animationSpeed":1.066,"_zoom":18.229},{"_mousePosition":[871,371],"_rootPartCFrame":[774.981,222.7,47.121,0.009,0,1,0,1,0,-1,0,0.009],"_humanoidState":8,"_cameraCFrame":[786.972,237.928,47.366,0.02,-0.753,0.658,0,0.658,0.753,-1,-0.015,0.013],"_shiftlockState":false,"_pose":"Running","_animationQueue":[["walk",0.1]],"_animationSpeed":1.066,"_zoom":18.229},{"_mousePosition":[871,371],"_rootPartCFrame":[774.848,222.7,47.118,0.01,0,1,0,1,0,-1,0,0.01],"_humanoidState":8,"_cameraCFrame":[786.65,238.09,47.36,0.02,-0.762,0.647,0,0.648,0.762,-1,-0.016,0.013],"_shiftlockState":false,"_pose":"Running","_animationQueue":[],"_animationSpeed":1.066,"_zoom":18.229},{"_mousePosition":[871,371],"_rootPartCFrame":[774.581,222.7,47.113,0.011,0,1,0,1,0,-1,0,0.011],"_humanoidState":8,"_cameraCFrame":[786.248,238.204,47.351,0.02,-0.768,0.64,0,0.64,0.768,-1,-0.016,0.013],"_shiftlockState":false,"_pose":"Running","_animationQueue":[],"_animationSpeed":1.066,"_zoom":18.229},{"_mousePosition":[871,371],"_rootPartCFrame":[774.315,222.7,47.107,0.013,0,1,0,1,0,-1,0,0.013],"_humanoidState":8,"_cameraCFrame":[785.872,238.295,47.344,0.02,-0.773,0.634,0,0.634,0.773,-1,-0.016,0.013],"_shiftlockState":false,"_pose":"Running","_animationQueue":[],"_animationSpeed":1.066,"_zoom":18.229},{"_mousePosition":[871,371],"_rootPartCFrame":[774.048,222.7,47.102,0.014,0,1,0,1,0,-1,0,0.014],"_humanoidState":8,"_cameraCFrame":[785.495,238.384,47.336,0.02,-0.778,0.628,0,0.628,0.778,-1,-0.016,0.013],"_shiftlockState":false,"_pose":"Running","_animationQueue":[],"_animationSpeed":1.066,"_zoom":18.229},{"_mousePosition":[871,371],"_rootPartCFrame":[773.781,222.7,47.096,0.015,0,1,0,1,0,-1,0,0.015],"_humanoidState":8,"_cameraCFrame":[785.09,238.495,47.328,0.02,-0.784,0.62,0,0.62,0.784,-1,-0.016,0.013],"_shiftlockState":false,"_pose":"Running","_animationQueue":[],"_animationSpeed":1.066,"_zoom":18.229},{"_mousePosition":[871,371],"_rootPartCFrame":[773.382,222.7,47.088,0.016,0,1,0,1,0,-1,0,0.016],"_humanoidState":8,"_cameraCFrame":[784.55,238.605,47.317,0.02,-0.79,0.613,0,0.613,0.79,-1,-0.016,0.013],"_shiftlockState":false,"_pose":"Running","_animationQueue":[["walk",0.1]],"_animationSpeed":1.066,"_zoom":18.229},{"_mousePosition":[871,371],"_rootPartCFrame":[773.248,222.7,47.086,0.016,0,1,0,1,0,-1,0,0.016],"_humanoidState":8,"_cameraCFrame":[784.304,238.691,47.312,0.02,-0.795,0.607,0,0.607,0.795,-1,-0.016,0.012],"_shiftlockState":false,"_pose":"Running","_animationQueue":[],"_animationSpeed":1.066,"_zoom":18.229},{"_mousePosition":[871,371],"_rootPartCFrame":[772.848,222.7,47.077,0.017,0,1,0,1,0,-1,0,0.017],"_humanoidState":8,"_cameraCFrame":[783.819,238.756,47.302,0.02,-0.798,0.602,0,0.602,0.799,-1,-0.016,0.012],"_shiftlockState":false,"_pose":"Running","_animationQueue":[],"_animationSpeed":1.066,"_zoom":18.229},{"_mousePosition":[871,371],"_rootPartCFrame":[772.715,222.7,47.075,0.017,0,1,0,1,0,-1,0,0.017],"_humanoidState":8,"_cameraCFrame":[783.601,238.82,47.297,0.02,-0.802,0.597,0,0.597,0.802,-1,-0.016,0.012],"_shiftlockState":false,"_pose":"Running","_animationQueue":[],"_animationSpeed":1.066,"_zoom":18.229},{"_mousePosition":[871,371],"_rootPartCFrame":[772.448,222.7,47.069,0.018,0,1,0,1,0,-1,0,0.018],"_humanoidState":8,"_cameraCFrame":[783.163,238.946,47.288,0.02,-0.809,0.588,0,0.588,0.809,-1,-0.017,0.012],"_shiftlockState":false,"_pose":"Running","_animationQueue":[],"_animationSpeed":1.066,"_zoom":18.229},{"_mousePosition":[871,371],"_rootPartCFrame":[772.049,222.7,47.061,0.018,0,1,0,1,0,-1,0,0.018],"_humanoidState":8,"_cameraCFrame":[782.647,239.029,47.278,0.02,-0.813,0.581,0,0.582,0.814,-1,-0.017,0.012],"_shiftlockState":false,"_pose":"Running","_animationQueue":[],"_animationSpeed":1.066,"_zoom":18.229},{"_mousePosition":[871,371],"_rootPartCFrame":[771.782,222.7,47.056,0.019,0,1,0,1,0,-1,0,0.019],"_humanoidState":8,"_cameraCFrame":[782.207,239.152,47.269,0.02,-0.82,0.572,0,0.572,0.82,-1,-0.017,0.012],"_shiftlockState":false,"_pose":"Running","_animationQueue":[["walk",0.1]],"_animationSpeed":1.066,"_zoom":18.229},{"_mousePosition":[871,371],"_rootPartCFrame":[771.649,222.7,47.053,0.019,0,1,0,1,0,-1,0,0.019],"_humanoidState":8,"_cameraCFrame":[781.898,239.273,47.262,0.02,-0.827,0.562,0,0.562,0.827,-1,-0.017,0.011],"_shiftlockState":false,"_pose":"Running","_animationQueue":[],"_animationSpeed":1.066,"_zoom":18.229},{"_mousePosition":[871,371],"_rootPartCFrame":[771.382,222.7,47.047,0.019,0,1,0,1,0,-1,0,0.019],"_humanoidState":8,"_cameraCFrame":[781.484,239.372,47.254,0.02,-0.832,0.554,0,0.554,0.832,-1,-0.017,0.011],"_shiftlockState":false,"_pose":"Running","_animationQueue":[],"_animationSpeed":1.066,"_zoom":18.229},{"_mousePosition":[871,371],"_rootPartCFrame":[771.115,222.7,47.042,0.019,0,1,0,1,0,-1,0,0.019],"_humanoidState":8,"_cameraCFrame":[781.069,239.47,47.245,0.02,-0.838,0.546,0,0.546,0.838,-1,-0.017,0.011],"_shiftlockState":false,"_pose":"Running","_animationQueue":[],"_animationSpeed":1.066,"_zoom":18.229},{"_mousePosition":[871,371],"_rootPartCFrame":[770.716,222.7,47.034,0.019,0,1,0,1,0,-1,0,0.019],"_humanoidState":8,"_cameraCFrame":[780.491,239.585,47.209,0.018,-0.844,0.536,0,0.536,0.844,-1,-0.015,0.01],"_shiftlockState":false,"_pose":"Running","_animationQueue":[],"_animationSpeed":1.066,"_zoom":18.229},{"_mousePosition":[871,371],"_rootPartCFrame":[770.449,222.7,47.028,0.02,0,1,0,1,0,-1,0,0.02],"_humanoidState":8,"_cameraCFrame":[780.074,239.68,47.176,0.015,-0.849,0.528,0,0.528,0.849,-1,-0.013,0.008],"_shiftlockState":false,"_pose":"Running","_animationQueue":[],"_animationSpeed":1.066,"_zoom":18.229},{"_mousePosition":[871,371],"_rootPartCFrame":[770.182,222.666,47.023,0.02,0,1,0,1,0,-1,0,0.02],"_humanoidState":8,"_cameraCFrame":[779.656,239.739,47.169,0.015,-0.854,0.52,0,0.52,0.854,-1,-0.013,0.008],"_shiftlockState":false,"_pose":"Running","_animationQueue":[],"_animationSpeed":1.066,"_zoom":18.229},{"_mousePosition":[871,371],"_rootPartCFrame":[769.916,222.577,47.017,0.02,0,1,0,1,0,-1,0,0.02],"_humanoidState":8,"_cameraCFrame":[779.268,239.724,47.138,0.013,-0.858,0.513,0,0.513,0.858,-1,-0.011,0.007],"_shiftlockState":false,"_pose":"Running","_animationQueue":[["walk",0.1]],"_animationSpeed":1.066,"_zoom":18.229},{"_mousePosition":[871,371],"_rootPartCFrame":[769.649,223.44,47.012,0.02,0,1,0,1,0,-1,0,0.02],"_humanoidState":3,"_cameraCFrame":[778.91,240.641,47.131,0.013,-0.861,0.508,0,0.508,0.861,-1,-0.011,0.007],"_shiftlockState":false,"_pose":"Jumping","_animationQueue":[["walk",0.1],["jump",0.1]],"_animationSpeed":1,"_zoom":18.229},{"_mousePosition":[871,371],"_rootPartCFrame":[769.383,224.248,47.008,0.019,0,1,0,1,0,-1,0,0.019],"_humanoidState":5,"_cameraCFrame":[778.613,241.467,47.127,0.013,-0.862,0.506,0,0.506,0.862,-1,-0.011,0.007],"_shiftlockState":false,"_pose":"FreeFall","_animationQueue":[["jump",0.1]],"_animationSpeed":1,"_zoom":18.229},{"_mousePosition":[871,371],"_rootPartCFrame":[769.116,225.002,47.005,0.018,0,1,0,1,0,-1,0,0.018],"_humanoidState":5,"_cameraCFrame":[778.346,242.221,47.123,0.013,-0.862,0.506,0,0.506,0.862,-1,-0.011,0.007],"_shiftlockState":false,"_pose":"FreeFall","_animationQueue":[],"_animationSpeed":1,"_zoom":18.229},{"_mousePosition":[871,371],"_rootPartCFrame":[768.916,225.532,47.002,0.018,0,1,0,1,0,-1,0,0.018],"_humanoidState":5,"_cameraCFrame":[778.146,242.751,47.121,0.013,-0.862,0.506,0,0.506,0.862,-1,-0.011,0.007],"_shiftlockState":false,"_pose":"FreeFall","_animationQueue":[],"_animationSpeed":1,"_zoom":18.229},{"_mousePosition":[871,371],"_rootPartCFrame":[768.649,226.19,46.999,0.017,0,1,0,1,0,-1,0,0.017],"_humanoidState":5,"_cameraCFrame":[777.88,243.409,47.117,0.013,-0.862,0.506,0,0.506,0.862,-1,-0.011,0.007],"_shiftlockState":false,"_pose":"FreeFall","_animationQueue":[],"_animationSpeed":1,"_zoom":18.229},{"_mousePosition":[871,371],"_rootPartCFrame":[768.383,226.794,46.995,0.017,0,1,0,1,0,-1,0,0.017],"_humanoidState":5,"_cameraCFrame":[777.635,244.013,45.364,0.013,-0.862,0.506,0,0.506,0.862,-1,-0.011,0.007],"_shiftlockState":true,"_pose":"FreeFall","_animationQueue":[],"_animationSpeed":1,"_zoom":18.229},{"_mousePosition":[683,384],"_rootPartCFrame":[768.049,227.473,46.991,0.013,0,1,0,1,0,-1,0,0.013],"_humanoidState":5,"_cameraCFrame":[777.302,244.692,45.36,0.013,-0.862,0.506,0,0.506,0.862,-1,-0.011,0.007],"_shiftlockState":true,"_pose":"FreeFall","_animationQueue":[],"_animationSpeed":1,"_zoom":18.229},{"_mousePosition":[683,384],"_rootPartCFrame":[767.783,227.954,46.988,0.013,0,1,0,1,0,-1,0,0.013],"_humanoidState":5,"_cameraCFrame":[776.974,245.209,45.356,0.013,-0.864,0.503,0,0.503,0.864,-1,-0.011,0.006],"_shiftlockState":true,"_pose":"FreeFall","_animationQueue":[],"_animationSpeed":1,"_zoom":18.229},{"_mousePosition":[683,384],"_rootPartCFrame":[767.583,228.279,46.985,0.013,0,1,0,1,0,-1,0,0.013],"_humanoidState":5,"_cameraCFrame":[776.744,245.552,45.353,0.013,-0.865,0.501,0,0.501,0.865,-1,-0.011,0.006],"_shiftlockState":true,"_pose":"FreeFall","_animationQueue":[],"_animationSpeed":1,"_zoom":18.229},{"_mousePosition":[683,384],"_rootPartCFrame":[767.316,228.665,46.982,0.013,0,1,0,1,0,-1,0,0.013],"_humanoidState":5,"_cameraCFrame":[776.477,245.938,45.349,0.013,-0.865,0.501,0,0.501,0.865,-1,-0.011,0.006],"_shiftlockState":true,"_pose":"FreeFall","_animationQueue":[],"_animationSpeed":1,"_zoom":18.229},{"_mousePosition":[683,384],"_rootPartCFrame":[767.05,228.997,46.978,0.013,0,1,0,1,0,-1,0,0.013],"_humanoidState":5,"_cameraCFrame":[776.21,246.27,45.346,0.013,-0.865,0.501,0,0.501,0.865,-1,-0.011,0.006],"_shiftlockState":true,"_pose":"FreeFall","_animationQueue":[],"_animationSpeed":1,"_zoom":18.229},{"_mousePosition":[683,384],"_rootPartCFrame":[766.783,229.274,46.975,0.013,0,1,0,1,0,-1,0,0.013],"_humanoidState":5,"_cameraCFrame":[775.882,246.582,45.342,0.013,-0.867,0.498,0,0.498,0.867,-1,-0.011,0.006],"_shiftlockState":true,"_pose":"FreeFall","_animationQueue":[],"_animationSpeed":1,"_zoom":18.229},{"_mousePosition":[683,384],"_rootPartCFrame":[766.517,229.497,46.972,0.013,0,1,0,1,0,-1,0,0.013],"_humanoidState":5,"_cameraCFrame":[775.585,246.822,45.338,0.013,-0.868,0.496,0,0.496,0.868,-1,-0.011,0.006],"_shiftlockState":true,"_pose":"FreeFall","_animationQueue":[],"_animationSpeed":1,"_zoom":18.229},{"_mousePosition":[683,384],"_rootPartCFrame":[766.183,229.698,46.967,0.013,0,1,0,1,0,-1,0,0.013],"_humanoidState":5,"_cameraCFrame":[775.221,247.041,45.333,0.013,-0.869,0.495,0,0.495,0.869,-1,-0.011,0.006],"_shiftlockState":true,"_pose":"FreeFall","_animationQueue":[],"_animationSpeed":1,"_zoom":18.229},{"_mousePosition":[683,384],"_rootPartCFrame":[765.983,229.778,46.965,0.013,0,1,0,1,0,-1,0,0.013],"_humanoidState":5,"_cameraCFrame":[774.99,247.139,45.33,0.013,-0.87,0.493,0,0.493,0.87,-1,-0.011,0.006],"_shiftlockState":true,"_pose":"FreeFall","_animationQueue":[],"_animationSpeed":1,"_zoom":18.229},{"_mousePosition":[683,384],"_rootPartCFrame":[765.717,229.837,46.961,0.013,0,1,0,1,0,-1,0,0.013],"_humanoidState":5,"_cameraCFrame":[774.661,247.233,45.326,0.013,-0.872,0.489,0,0.489,0.872,-1,-0.011,0.006],"_shiftlockState":true,"_pose":"FreeFall","_animationQueue":[],"_animationSpeed":1,"_zoom":18.229},{"_mousePosition":[683,384],"_rootPartCFrame":[765.383,229.834,46.957,0.013,0,1,0,1,0,-1,0,0.013],"_humanoidState":5,"_cameraCFrame":[774.266,247.265,45.321,0.013,-0.874,0.486,0,0.486,0.874,-1,-0.011,0.006],"_shiftlockState":true,"_pose":"FreeFall","_animationQueue":[],"_animationSpeed":1,"_zoom":18.229},{"_mousePosition":[683,384],"_rootPartCFrame":[765.184,229.792,46.954,0.013,0,1,0,1,0,-1,0,0.013],"_humanoidState":5,"_cameraCFrame":[774.035,247.239,45.318,0.013,-0.875,0.484,0,0.484,0.875,-1,-0.011,0.006],"_shiftlockState":true,"_pose":"FreeFall","_animationQueue":[],"_animationSpeed":1,"_zoom":18.229},{"_mousePosition":[683,384],"_rootPartCFrame":[764.85,229.653,46.95,0.013,0,1,0,1,0,-1,0,0.013],"_humanoidState":5,"_cameraCFrame":[773.671,247.117,45.313,0.013,-0.876,0.483,0,0.483,0.876,-1,-0.011,0.006],"_shiftlockState":true,"_pose":"FreeFall","_animationQueue":[],"_animationSpeed":1,"_zoom":18.229},{"_mousePosition":[683,384],"_rootPartCFrame":[764.584,229.48,46.947,0.013,0,1,0,1,0,-1,0,0.013],"_humanoidState":5,"_cameraCFrame":[773.373,246.962,45.31,0.013,-0.877,0.481,0,0.481,0.877,-1,-0.011,0.006],"_shiftlockState":true,"_pose":"FreeFall","_animationQueue":[],"_animationSpeed":1,"_zoom":18.229},{"_mousePosition":[683,384],"_rootPartCFrame":[764.317,229.253,46.943,0.013,0,1,0,1,0,-1,0,0.013],"_humanoidState":5,"_cameraCFrame":[773.044,246.769,45.305,0.013,-0.879,0.478,0,0.478,0.879,-1,-0.011,0.006],"_shiftlockState":true,"_pose":"FreeFall","_animationQueue":[["fall",0.3]],"_animationSpeed":1,"_zoom":18.229},{"_mousePosition":[683,384],"_rootPartCFrame":[764.117,229.047,46.941,0.013,0,1,0,1,0,-1,0,0.013],"_humanoidState":5,"_cameraCFrame":[772.813,246.58,45.302,0.013,-0.879,0.476,0,0.476,0.88,-1,-0.011,0.006],"_shiftlockState":true,"_pose":"FreeFall","_animationQueue":[],"_animationSpeed":1,"_zoom":18.229},{"_mousePosition":[683,384],"_rootPartCFrame":[763.784,228.635,46.937,0.013,0,1,0,1,0,-1,0,0.013],"_humanoidState":5,"_cameraCFrame":[772.417,246.202,45.297,0.013,-0.881,0.472,0,0.472,0.881,-1,-0.011,0.006],"_shiftlockState":true,"_pose":"FreeFall","_animationQueue":[],"_animationSpeed":1,"_zoom":18.229},{"_mousePosition":[683,384],"_rootPartCFrame":[763.584,228.347,46.934,0.013,0,1,0,1,0,-1,0,0.013],"_humanoidState":5,"_cameraCFrame":[772.123,245.964,45.294,0.013,-0.884,0.467,0,0.467,0.884,-1,-0.011,0.006],"_shiftlockState":true,"_pose":"FreeFall","_animationQueue":[],"_animationSpeed":1,"_zoom":18.229},{"_mousePosition":[683,384],"_rootPartCFrame":[763.251,227.799,46.93,0.013,0,1,0,1,0,-1,0,0.013],"_humanoidState":5,"_cameraCFrame":[771.727,245.449,45.288,0.013,-0.886,0.464,0,0.464,0.886,-1,-0.011,0.006],"_shiftlockState":true,"_pose":"FreeFall","_animationQueue":[],"_animationSpeed":1,"_zoom":18.229},{"_mousePosition":[683,384],"_rootPartCFrame":[762.984,227.3,46.926,0.013,0,1,0,1,0,-1,0,0.013],"_humanoidState":5,"_cameraCFrame":[771.402,244.982,45.306,0.015,-0.888,0.46,0,0.46,0.888,-1,-0.014,0.007],"_shiftlockState":true,"_pose":"FreeFall","_animationQueue":[],"_animationSpeed":1,"_zoom":18.229},{"_mousePosition":[683,384],"_rootPartCFrame":[762.784,226.889,46.924,0.015,0,1,0,1,0,-1,0,0.015],"_humanoidState":5,"_cameraCFrame":[771.138,244.605,45.302,0.015,-0.889,0.457,0,0.457,0.89,-1,-0.014,0.007],"_shiftlockState":true,"_pose":"FreeFall","_animationQueue":[],"_animationSpeed":1,"_zoom":18.229},{"_mousePosition":[683,384],"_rootPartCFrame":[762.518,226.294,46.92,0.015,0,1,0,1,0,-1,0,0.015],"_humanoidState":5,"_cameraCFrame":[770.781,244.058,45.317,0.018,-0.892,0.452,0,0.452,0.892,-1,-0.016,0.008],"_shiftlockState":true,"_pose":"FreeFall","_animationQueue":[["fall",0.3]],"_animationSpeed":1,"_zoom":18.229},{"_mousePosition":[683,384],"_rootPartCFrame":[762.184,225.474,46.915,0.018,0,1,0,1,0,-1,0,0.018],"_humanoidState":5,"_cameraCFrame":[770.416,243.254,45.312,0.018,-0.893,0.45,0,0.45,0.893,-1,-0.016,0.008],"_shiftlockState":true,"_pose":"FreeFall","_animationQueue":[],"_animationSpeed":1,"_zoom":18.229},{"_mousePosition":[683,384],"_rootPartCFrame":[761.984,224.941,46.911,0.018,0,1,0,1,0,-1,0,0.018],"_humanoidState":5,"_cameraCFrame":[770.121,242.768,45.307,0.018,-0.896,0.445,0,0.445,0.896,-1,-0.016,0.008],"_shiftlockState":true,"_pose":"FreeFall","_animationQueue":[],"_animationSpeed":1,"_zoom":18.229},{"_mousePosition":[683,384],"_rootPartCFrame":[761.718,224.182,46.906,0.018,0,1,0,1,0,-1,0,0.018],"_humanoidState":5,"_cameraCFrame":[769.822,242.025,45.301,0.018,-0.896,0.443,0,0.443,0.897,-1,-0.016,0.008],"_shiftlockState":true,"_pose":"FreeFall","_animationQueue":[],"_animationSpeed":1,"_zoom":18.229},{"_mousePosition":[683,384],"_rootPartCFrame":[761.451,223.369,46.902,0.018,0,1,0,1,0,-1,0,0.018],"_humanoidState":5,"_cameraCFrame":[769.524,241.228,45.296,0.018,-0.897,0.441,0,0.441,0.897,-1,-0.016,0.008],"_shiftlockState":true,"_pose":"FreeFall","_animationQueue":[],"_animationSpeed":1,"_zoom":18.229},{"_mousePosition":[683,384],"_rootPartCFrame":[761.185,222.502,46.897,0.018,0,1,0,1,0,-1,0,0.018],"_humanoidState":7,"_cameraCFrame":[769.257,240.361,45.291,0.018,-0.897,0.441,0,0.441,0.897,-1,-0.016,0.008],"_shiftlockState":true,"_pose":"FreeFall","_animationQueue":[["walk",0.1],["fall",0.3],["fall",0.3]],"_animationSpeed":1,"_zoom":18.229},{"_mousePosition":[683,384],"_rootPartCFrame":[760.918,222.359,46.892,0.018,0,1,0,1,0,-1,0,0.018],"_humanoidState":7,"_cameraCFrame":[768.991,240.218,45.286,0.018,-0.897,0.441,0,0.441,0.897,-1,-0.016,0.008],"_shiftlockState":true,"_pose":"FreeFall","_animationQueue":[],"_animationSpeed":1,"_zoom":18.229},{"_mousePosition":[683,384],"_rootPartCFrame":[760.651,222.479,46.887,0.018,0,1,0,1,0,-1,0,0.018],"_humanoidState":8,"_cameraCFrame":[768.724,240.338,45.282,0.018,-0.897,0.441,0,0.441,0.897,-1,-0.016,0.008],"_shiftlockState":true,"_pose":"Running","_animationQueue":[["fall",0.3],["walk",0.1],["fall",0.3],["walk",0.1]],"_animationSpeed":1.103,"_zoom":18.229},{"_mousePosition":[683,384],"_rootPartCFrame":[760.385,222.576,46.882,0.018,0,1,0,1,0,-1,0,0.018],"_humanoidState":8,"_cameraCFrame":[768.426,240.45,45.276,0.018,-0.898,0.439,0,0.439,0.898,-1,-0.016,0.008],"_shiftlockState":true,"_pose":"Running","_animationQueue":[],"_animationSpeed":1.103,"_zoom":18.229},{"_mousePosition":[683,384],"_rootPartCFrame":[760.118,222.631,46.878,0.018,0,1,0,1,0,-1,0,0.018],"_humanoidState":8,"_cameraCFrame":[768.099,240.537,45.29,0.02,-0.9,0.436,0,0.436,0.9,-1,-0.018,0.009],"_shiftlockState":true,"_pose":"Running","_animationQueue":[],"_animationSpeed":1.103,"_zoom":18.229},{"_mousePosition":[683,384],"_rootPartCFrame":[759.785,222.668,46.872,0.02,0,1,0,1,0,-1,0,0.02],"_humanoidState":8,"_cameraCFrame":[767.67,240.619,45.283,0.02,-0.902,0.431,0,0.431,0.903,-1,-0.018,0.009],"_shiftlockState":true,"_pose":"Running","_animationQueue":[],"_animationSpeed":1.103,"_zoom":18.229},{"_mousePosition":[683,384],"_rootPartCFrame":[759.585,222.679,46.868,0.02,0,1,0,1,0,-1,0,0.02],"_humanoidState":8,"_cameraCFrame":[767.374,240.677,45.277,0.02,-0.905,0.425,0,0.425,0.905,-1,-0.018,0.009],"_shiftlockState":true,"_pose":"Running","_animationQueue":[],"_animationSpeed":1.103,"_zoom":18.229},{"_mousePosition":[683,384],"_rootPartCFrame":[759.318,222.689,46.862,0.02,0,1,0,1,0,-1,0,0.02],"_humanoidState":8,"_cameraCFrame":[767.015,240.731,45.289,0.023,-0.907,0.42,0,0.42,0.907,-1,-0.021,0.01],"_shiftlockState":true,"_pose":"Running","_animationQueue":[],"_animationSpeed":1.103,"_zoom":18.229},{"_mousePosition":[683,384],"_rootPartCFrame":[759.052,222.694,46.857,0.023,0,1,0,1,0,-1,0,0.023],"_humanoidState":8,"_cameraCFrame":[766.683,240.766,45.282,0.023,-0.909,0.416,0,0.417,0.909,-1,-0.021,0.01],"_shiftlockState":true,"_pose":"Running","_animationQueue":[["walk",0.1]],"_animationSpeed":1.103,"_zoom":18.229},{"_mousePosition":[683,384],"_rootPartCFrame":[758.785,222.696,46.851,0.023,0,1,0,1,0,-1,0,0.023],"_humanoidState":8,"_cameraCFrame":[766.32,240.813,45.273,0.023,-0.911,0.411,0,0.411,0.912,-1,-0.021,0.009],"_shiftlockState":true,"_pose":"Running","_animationQueue":[],"_animationSpeed":1.103,"_zoom":18.229},{"_mousePosition":[683,384],"_rootPartCFrame":[758.518,222.698,46.845,0.023,0,1,0,1,0,-1,0,0.023],"_humanoidState":8,"_cameraCFrame":[766.021,240.829,45.267,0.023,-0.912,0.409,0,0.409,0.912,-1,-0.021,0.009],"_shiftlockState":true,"_pose":"Running","_animationQueue":[],"_animationSpeed":1.103,"_zoom":18.229},{"_mousePosition":[683,384],"_rootPartCFrame":[758.252,222.699,46.839,0.023,0,1,0,1,0,-1,0,0.023],"_humanoidState":8,"_cameraCFrame":[765.722,240.844,45.26,0.023,-0.913,0.408,0,0.408,0.913,-1,-0.021,0.009],"_shiftlockState":true,"_pose":"Running","_animationQueue":[],"_animationSpeed":1.103,"_zoom":18.229},{"_mousePosition":[683,384],"_rootPartCFrame":[757.985,222.699,46.832,0.023,0,1,0,1,0,-1,0,0.023],"_humanoidState":8,"_cameraCFrame":[765.39,240.873,45.252,0.023,-0.914,0.404,0,0.404,0.915,-1,-0.021,0.009],"_shiftlockState":true,"_pose":"Running","_animationQueue":[],"_animationSpeed":1.103,"_zoom":18.229},{"_mousePosition":[683,384],"_rootPartCFrame":[757.719,222.699,46.826,0.023,0,1,0,1,0,-1,0,0.023],"_humanoidState":8,"_cameraCFrame":[765.091,240.888,45.245,0.023,-0.915,0.402,0,0.402,0.915,-1,-0.021,0.009],"_shiftlockState":true,"_pose":"Running","_animationQueue":[],"_animationSpeed":1.103,"_zoom":18.229},{"_mousePosition":[683,384],"_rootPartCFrame":[757.452,222.7,46.82,0.023,0,1,0,1,0,-1,0,0.023],"_humanoidState":8,"_cameraCFrame":[764.756,240.916,45.219,0.02,-0.917,0.399,0,0.399,0.917,-1,-0.019,0.008],"_shiftlockState":true,"_pose":"Running","_animationQueue":[],"_animationSpeed":1.103,"_zoom":18.229},{"_mousePosition":[683,384],"_rootPartCFrame":[757.185,222.7,46.814,0.02,0,1,0,1,0,-1,0,0.02],"_humanoidState":8,"_cameraCFrame":[764.489,240.916,45.213,0.02,-0.917,0.399,0,0.399,0.917,-1,-0.019,0.008],"_shiftlockState":true,"_pose":"Running","_animationQueue":[["walk",0.1]],"_animationSpeed":1.103,"_zoom":18.229},{"_mousePosition":[683,384],"_rootPartCFrame":[756.919,222.7,46.809,0.02,0,1,0,1,0,-1,0,0.02],"_humanoidState":8,"_cameraCFrame":[764.222,240.917,45.207,0.02,-0.917,0.399,0,0.399,0.917,-1,-0.019,0.008],"_shiftlockState":true,"_pose":"Running","_animationQueue":[],"_animationSpeed":1.103,"_zoom":18.229},{"_mousePosition":[683,384],"_rootPartCFrame":[756.652,222.7,46.803,0.02,0,1,0,1,0,-1,0,0.02],"_humanoidState":8,"_cameraCFrame":[763.956,240.917,45.202,0.02,-0.917,0.399,0,0.399,0.917,-1,-0.019,0.008],"_shiftlockState":true,"_pose":"Running","_animationQueue":[],"_animationSpeed":1.103,"_zoom":18.229},{"_mousePosition":[683,384],"_rootPartCFrame":[756.386,222.7,46.798,0.02,0,1,0,1,0,-1,0,0.02],"_humanoidState":8,"_cameraCFrame":[763.689,240.917,45.197,0.02,-0.917,0.399,0,0.399,0.917,-1,-0.019,0.008],"_shiftlockState":true,"_pose":"Running","_animationQueue":[],"_animationSpeed":1.103,"_zoom":18.229},{"_mousePosition":[683,384],"_rootPartCFrame":[756.119,222.7,46.792,0.02,0,1,0,1,0,-1,0,0.02],"_humanoidState":8,"_cameraCFrame":[763.39,240.931,45.19,0.02,-0.918,0.397,0,0.397,0.918,-1,-0.019,0.008],"_shiftlockState":true,"_pose":"Running","_animationQueue":[],"_animationSpeed":1.103,"_zoom":18.229},{"_mousePosition":[683,384],"_rootPartCFrame":[755.852,222.7,46.787,0.02,0,1,0,1,0,-1,0,0.02],"_humanoidState":8,"_cameraCFrame":[763.087,240.945,45.166,0.018,-0.918,0.395,0,0.395,0.919,-1,-0.016,0.007],"_shiftlockState":true,"_pose":"Running","_animationQueue":[],"_animationSpeed":1.103,"_zoom":18.229},{"_mousePosition":[683,384],"_rootPartCFrame":[755.586,222.7,46.781,0.018,0,1,0,1,0,-1,0,0.018],"_humanoidState":8,"_cameraCFrame":[762.755,240.973,45.159,0.018,-0.92,0.392,0,0.392,0.92,-1,-0.016,0.007],"_shiftlockState":true,"_pose":"Running","_animationQueue":[],"_animationSpeed":1.103,"_zoom":18.229},{"_mousePosition":[683,384],"_rootPartCFrame":[755.319,222.7,46.776,0.018,0,1,0,1,0,-1,0,0.018],"_humanoidState":8,"_cameraCFrame":[762.419,241,45.135,0.015,-0.922,0.388,0,0.388,0.922,-1,-0.014,0.006],"_shiftlockState":true,"_pose":"Running","_animationQueue":[["walk",0.1]],"_animationSpeed":1.103,"_zoom":18.229},{"_mousePosition":[683,384],"_rootPartCFrame":[755.053,222.7,46.772,0.015,0,1,0,1,0,-1,0,0.015],"_humanoidState":8,"_cameraCFrame":[762.082,241.028,45.112,0.013,-0.923,0.384,0,0.384,0.923,-1,-0.012,0.005],"_shiftlockState":true,"_pose":"Running","_animationQueue":[],"_animationSpeed":1.103,"_zoom":18.229},{"_mousePosition":[683,384],"_rootPartCFrame":[754.786,222.7,46.768,0.013,0,1,0,1,0,-1,0,0.013],"_humanoidState":8,"_cameraCFrame":[761.746,241.055,45.089,0.01,-0.925,0.381,0,0.381,0.925,-1,-0.01,0.004],"_shiftlockState":true,"_pose":"Running","_animationQueue":[],"_animationSpeed":1.103,"_zoom":18.229},{"_mousePosition":[683,384],"_rootPartCFrame":[754.519,222.7,46.764,0.01,0,1,0,1,0,-1,0,0.01],"_humanoidState":8,"_cameraCFrame":[761.409,241.082,45.068,0.008,-0.926,0.377,0,0.377,0.926,-1,-0.007,0.003],"_shiftlockState":true,"_pose":"Running","_animationQueue":[],"_animationSpeed":1.103,"_zoom":18.229},{"_mousePosition":[683,384],"_rootPartCFrame":[754.12,222.7,46.76,0.008,0,1,0,1,0,-1,0,0.008],"_humanoidState":8,"_cameraCFrame":[760.935,241.109,45.028,0.003,-0.928,0.374,0,0.374,0.928,-1,-0.003,0.001],"_shiftlockState":true,"_pose":"Running","_animationQueue":[],"_animationSpeed":1.103,"_zoom":18.229},{"_mousePosition":[683,384],"_rootPartCFrame":[753.92,222.7,46.758,0.003,0,1,0,1,0,-1,0,0.003],"_humanoidState":8,"_cameraCFrame":[760.664,241.135,45.01,0,-0.929,0.37,0,0.37,0.929,-1,0,0],"_shiftlockState":true,"_pose":"Running","_animationQueue":[],"_animationSpeed":1.103,"_zoom":18.229},{"_mousePosition":[683,384],"_rootPartCFrame":[753.653,222.7,46.757,0,0,1,0,1,0,-1,0,0],"_humanoidState":8,"_cameraCFrame":[760.327,241.161,44.992,-0.002,-0.93,0.366,0,0.366,0.93,-1,0.002,-0.001],"_shiftlockState":true,"_pose":"Running","_animationQueue":[["walk",0.1]],"_animationSpeed":1.103,"_zoom":18.229},{"_mousePosition":[683,384],"_rootPartCFrame":[753.386,222.7,46.757,-0.002,0,1,0,1,0,-1,0,-0.002],"_humanoidState":8,"_cameraCFrame":[760.023,241.174,44.975,-0.005,-0.931,0.365,0,0.365,0.931,-1,0.005,-0.002],"_shiftlockState":true,"_pose":"Running","_animationQueue":[],"_animationSpeed":1.103,"_zoom":18.229},{"_mousePosition":[683,384],"_rootPartCFrame":[753.12,222.7,46.758,-0.005,0,1,0,1,0,-1,0,-0.005],"_humanoidState":8,"_cameraCFrame":[759.757,241.174,44.975,-0.005,-0.931,0.365,0,0.365,0.931,-1,0.005,-0.002],"_shiftlockState":true,"_pose":"Running","_animationQueue":[],"_animationSpeed":1.103,"_zoom":18.229},{"_mousePosition":[683,384],"_rootPartCFrame":[752.853,222.7,46.759,-0.005,0,1,0,1,0,-1,0,-0.005],"_humanoidState":8,"_cameraCFrame":[759.49,241.174,44.977,-0.005,-0.931,0.365,0,0.365,0.931,-1,0.005,-0.002],"_shiftlockState":true,"_pose":"Running","_animationQueue":[],"_animationSpeed":1.103,"_zoom":18.229},{"_mousePosition":[683,384],"_rootPartCFrame":[752.52,223.783,46.76,-0.005,0,1,0,1,0,-1,0,-0.005],"_humanoidState":3,"_cameraCFrame":[759.157,242.258,44.978,-0.005,-0.931,0.365,0,0.365,0.931,-1,0.005,-0.002],"_shiftlockState":true,"_pose":"Jumping","_animationQueue":[["walk",0.1],["jump",0.1]],"_animationSpeed":1,"_zoom":18.229},{"_mousePosition":[683,384],"_rootPartCFrame":[752.32,224.395,46.761,-0.005,0,1,0,1,0,-1,0,-0.005],"_humanoidState":5,"_cameraCFrame":[758.957,242.869,44.979,-0.005,-0.931,0.365,0,0.365,0.931,-1,0.005,-0.002],"_shiftlockState":true,"_pose":"FreeFall","_animationQueue":[["jump",0.1]],"_animationSpeed":1,"_zoom":18.229},{"_mousePosition":[683,384],"_rootPartCFrame":[752.053,225.162,46.763,-0.005,0,1,0,1,0,-1,0,-0.005],"_humanoidState":5,"_cameraCFrame":[758.69,243.637,44.98,-0.005,-0.931,0.365,0,0.365,0.931,-1,0.005,-0.002],"_shiftlockState":true,"_pose":"FreeFall","_animationQueue":[],"_animationSpeed":1,"_zoom":18.229},{"_mousePosition":[683,384],"_rootPartCFrame":[751.787,225.875,46.764,-0.005,0,1,0,1,0,-1,0,-0.005],"_humanoidState":5,"_cameraCFrame":[758.424,244.35,44.982,-0.005,-0.931,0.365,0,0.365,0.931,-1,0.005,-0.002],"_shiftlockState":true,"_pose":"FreeFall","_animationQueue":[],"_animationSpeed":1,"_zoom":18.229},{"_mousePosition":[683,384],"_rootPartCFrame":[751.52,226.534,46.765,-0.005,0,1,0,1,0,-1,0,-0.005],"_humanoidState":5,"_cameraCFrame":[758.157,245.008,44.983,-0.005,-0.931,0.365,0,0.365,0.931,-1,0.005,-0.002],"_shiftlockState":true,"_pose":"FreeFall","_animationQueue":[],"_animationSpeed":1,"_zoom":18.229},{"_mousePosition":[683,384],"_rootPartCFrame":[751.254,227.138,46.767,-0.005,0,1,0,1,0,-1,0,-0.005],"_humanoidState":5,"_cameraCFrame":[757.89,245.612,44.984,-0.005,-0.931,0.365,0,0.365,0.931,-1,0.005,-0.002],"_shiftlockState":true,"_pose":"FreeFall","_animationQueue":[],"_animationSpeed":1,"_zoom":18.229},{"_mousePosition":[683,384],"_rootPartCFrame":[750.987,227.687,46.768,-0.005,0,1,0,1,0,-1,0,-0.005],"_humanoidState":5,"_cameraCFrame":[757.624,246.162,44.986,-0.005,-0.931,0.365,0,0.365,0.931,-1,0.005,-0.002],"_shiftlockState":true,"_pose":"FreeFall","_animationQueue":[],"_animationSpeed":1,"_zoom":18.229},{"_mousePosition":[683,384],"_rootPartCFrame":[750.72,228.182,46.769,-0.005,0,1,0,1,0,-1,0,-0.005],"_humanoidState":5,"_cameraCFrame":[757.357,246.657,44.987,-0.005,-0.931,0.365,0,0.365,0.931,-1,0.005,-0.002],"_shiftlockState":true,"_pose":"FreeFall","_animationQueue":[],"_animationSpeed":1,"_zoom":18.229},{"_mousePosition":[683,384],"_rootPartCFrame":[750.454,228.623,46.771,-0.005,0,1,0,1,0,-1,0,-0.005],"_humanoidState":5,"_cameraCFrame":[757.091,247.097,44.988,-0.005,-0.931,0.365,0,0.365,0.931,-1,0.005,-0.002],"_shiftlockState":true,"_pose":"FreeFall","_animationQueue":[],"_animationSpeed":1,"_zoom":18.229},{"_mousePosition":[683,384],"_rootPartCFrame":[750.187,229.009,46.772,-0.005,0,1,0,1,0,-1,0,-0.005],"_humanoidState":5,"_cameraCFrame":[756.824,247.483,44.989,-0.005,-0.931,0.365,0,0.365,0.931,-1,0.005,-0.002],"_shiftlockState":true,"_pose":"FreeFall","_animationQueue":[],"_animationSpeed":1,"_zoom":18.229},{"_mousePosition":[683,384],"_rootPartCFrame":[749.921,229.34,46.773,-0.005,0,1,0,1,0,-1,0,-0.005],"_humanoidState":5,"_cameraCFrame":[756.557,247.815,44.991,-0.005,-0.931,0.365,0,0.365,0.931,-1,0.005,-0.002],"_shiftlockState":true,"_pose":"FreeFall","_animationQueue":[],"_animationSpeed":1,"_zoom":18.229},{"_mousePosition":[683,384],"_rootPartCFrame":[749.654,229.617,46.774,-0.005,0,1,0,1,0,-1,0,-0.005],"_humanoidState":5,"_cameraCFrame":[756.291,248.092,44.992,-0.005,-0.931,0.365,0,0.365,0.931,-1,0.005,-0.002],"_shiftlockState":true,"_pose":"FreeFall","_animationQueue":[],"_animationSpeed":1,"_zoom":18.229},{"_mousePosition":[683,384],"_rootPartCFrame":[749.321,229.887,46.776,-0.005,0,1,0,1,0,-1,0,-0.005],"_humanoidState":5,"_cameraCFrame":[755.958,248.362,44.994,-0.005,-0.931,0.365,0,0.365,0.931,-1,0.005,-0.002],"_shiftlockState":true,"_pose":"FreeFall","_animationQueue":[],"_animationSpeed":1,"_zoom":18.229},{"_mousePosition":[683,384],"_rootPartCFrame":[749.121,230.008,46.777,-0.005,0,1,0,1,0,-1,0,-0.005],"_humanoidState":5,"_cameraCFrame":[755.758,248.483,44.995,-0.005,-0.931,0.365,0,0.365,0.931,-1,0.005,-0.002],"_shiftlockState":true,"_pose":"FreeFall","_animationQueue":[],"_animationSpeed":1,"_zoom":18.229},{"_mousePosition":[683,384],"_rootPartCFrame":[748.854,230.122,46.778,-0.005,0,1,0,1,0,-1,0,-0.005],"_humanoidState":5,"_cameraCFrame":[755.491,248.596,44.996,-0.005,-0.931,0.365,0,0.365,0.931,-1,0.005,-0.002],"_shiftlockState":true,"_pose":"FreeFall","_animationQueue":[],"_animationSpeed":1,"_zoom":18.229},{"_mousePosition":[683,384],"_rootPartCFrame":[748.588,230.181,46.78,-0.005,0,1,0,1,0,-1,0,-0.005],"_humanoidState":5,"_cameraCFrame":[755.224,248.655,44.997,-0.005,-0.931,0.365,0,0.365,0.931,-1,0.005,-0.002],"_shiftlockState":true,"_pose":"FreeFall","_animationQueue":[],"_animationSpeed":1,"_zoom":18.229},{"_mousePosition":[683,384],"_rootPartCFrame":[748.321,230.185,46.781,-0.005,0,1,0,1,0,-1,0,-0.005],"_humanoidState":5,"_cameraCFrame":[754.958,248.66,44.999,-0.005,-0.931,0.365,0,0.365,0.931,-1,0.005,-0.002],"_shiftlockState":true,"_pose":"FreeFall","_animationQueue":[["fall",0.3]],"_animationSpeed":1,"_zoom":18.229},{"_mousePosition":[683,384],"_rootPartCFrame":[748.054,230.135,46.782,-0.005,0,1,0,1,0,-1,0,-0.005],"_humanoidState":5,"_cameraCFrame":[754.658,248.623,45,-0.005,-0.932,0.363,0,0.363,0.932,-1,0.005,-0.002],"_shiftlockState":true,"_pose":"FreeFall","_animationQueue":[],"_animationSpeed":1,"_zoom":18.229},{"_mousePosition":[683,384],"_rootPartCFrame":[747.721,229.996,46.784,-0.005,0,1,0,1,0,-1,0,-0.005],"_humanoidState":5,"_cameraCFrame":[754.325,248.483,45.002,-0.005,-0.932,0.363,0,0.363,0.932,-1,0.005,-0.002],"_shiftlockState":true,"_pose":"FreeFall","_animationQueue":[],"_animationSpeed":1,"_zoom":18.229},{"_mousePosition":[683,384],"_rootPartCFrame":[747.521,229.872,46.785,-0.005,0,1,0,1,0,-1,0,-0.005],"_humanoidState":5,"_cameraCFrame":[754.125,248.359,45.003,-0.005,-0.932,0.363,0,0.363,0.932,-1,0.005,-0.002],"_shiftlockState":true,"_pose":"FreeFall","_animationQueue":[],"_animationSpeed":1,"_zoom":18.229},{"_mousePosition":[683,384],"_rootPartCFrame":[747.255,229.658,46.786,-0.005,0,1,0,1,0,-1,0,-0.005],"_humanoidState":5,"_cameraCFrame":[753.858,248.146,45.004,-0.005,-0.932,0.363,0,0.363,0.932,-1,0.005,-0.002],"_shiftlockState":true,"_pose":"FreeFall","_animationQueue":[],"_animationSpeed":1,"_zoom":18.229},{"_mousePosition":[683,384],"_rootPartCFrame":[746.988,229.39,46.787,-0.005,0,1,0,1,0,-1,0,-0.005],"_humanoidState":5,"_cameraCFrame":[753.592,247.878,45.005,-0.005,-0.932,0.363,0,0.363,0.932,-1,0.005,-0.002],"_shiftlockState":true,"_pose":"FreeFall","_animationQueue":[],"_animationSpeed":1,"_zoom":18.229},{"_mousePosition":[683,384],"_rootPartCFrame":[746.721,229.068,46.789,-0.005,0,1,0,1,0,-1,0,-0.005],"_humanoidState":5,"_cameraCFrame":[753.33,247.555,45.023,-0.002,-0.932,0.363,0,0.363,0.932,-1,0.002,-0.001],"_shiftlockState":true,"_pose":"FreeFall","_animationQueue":[],"_animationSpeed":1,"_zoom":18.229},{"_mousePosition":[683,384],"_rootPartCFrame":[746.455,228.691,46.79,-0.003,0,1,0,1,0,-1,0,-0.003],"_humanoidState":5,"_cameraCFrame":[753.063,247.178,45.025,-0.002,-0.932,0.363,0,0.363,0.932,-1,0.002,-0.001],"_shiftlockState":true,"_pose":"FreeFall","_animationQueue":[["fall",0.3]],"_animationSpeed":1,"_zoom":18.229},{"_mousePosition":[683,384],"_rootPartCFrame":[746.122,228.143,46.791,-0.002,0,1,0,1,0,-1,0,-0.002],"_humanoidState":5,"_cameraCFrame":[752.73,246.63,45.025,-0.002,-0.932,0.363,0,0.363,0.932,-1,0.002,-0.001],"_shiftlockState":true,"_pose":"FreeFall","_animationQueue":[],"_animationSpeed":1,"_zoom":18.229},{"_mousePosition":[683,384],"_rootPartCFrame":[745.922,227.773,46.791,-0.002,0,1,0,1,0,-1,0,-0.002],"_humanoidState":5,"_cameraCFrame":[752.534,246.261,45.043,0,-0.932,0.363,0,0.363,0.932,-1,0,0],"_shiftlockState":true,"_pose":"FreeFall","_animationQueue":[],"_animationSpeed":1,"_zoom":18.229},{"_mousePosition":[683,384],"_rootPartCFrame":[745.655,227.233,46.792,0,0,1,0,1,0,-1,0,0],"_humanoidState":5,"_cameraCFrame":[752.276,245.72,45.077,0.005,-0.932,0.363,0,0.363,0.932,-1,-0.005,0.002],"_shiftlockState":true,"_pose":"FreeFall","_animationQueue":[],"_animationSpeed":1,"_zoom":18.229},{"_mousePosition":[683,384],"_rootPartCFrame":[745.388,226.638,46.792,0.005,0,1,0,1,0,-1,0,0.005],"_humanoidState":5,"_cameraCFrame":[752.018,245.125,45.11,0.01,-0.932,0.363,0,0.363,0.932,-1,-0.01,0.004],"_shiftlockState":true,"_pose":"FreeFall","_animationQueue":[],"_animationSpeed":1,"_zoom":18.229},{"_mousePosition":[683,384],"_rootPartCFrame":[745.122,225.988,46.791,0.01,0,1,0,1,0,-1,0,0.01],"_humanoidState":5,"_cameraCFrame":[751.768,244.476,45.176,0.02,-0.932,0.363,0,0.363,0.932,-1,-0.019,0.007],"_shiftlockState":true,"_pose":"FreeFall","_animationQueue":[],"_animationSpeed":1,"_zoom":18.229},{"_mousePosition":[683,384],"_rootPartCFrame":[744.855,225.284,46.788,0.019,0,1,0,1,0,-1,0,0.019],"_humanoidState":5,"_cameraCFrame":[751.514,243.772,45.224,0.028,-0.932,0.363,0,0.363,0.932,-1,-0.026,0.01],"_shiftlockState":true,"_pose":"FreeFall","_animationQueue":[],"_animationSpeed":1,"_zoom":18.229},{"_mousePosition":[683,384],"_rootPartCFrame":[744.589,224.526,46.783,0.027,0,1,0,1,0,-1,0,0.027],"_humanoidState":5,"_cameraCFrame":[751.284,243,45.237,0.031,-0.931,0.364,0,0.365,0.931,-1,-0.028,0.011],"_shiftlockState":true,"_pose":"FreeFall","_animationQueue":[["fall",0.3]],"_animationSpeed":1,"_zoom":18.229},{"_mousePosition":[683,384],"_rootPartCFrame":[744.322,223.713,46.776,0.03,0,1,0,1,0,-1,0,0.03],"_humanoidState":5,"_cameraCFrame":[751.076,242.161,45.198,0.025,-0.929,0.368,0,0.368,0.93,-1,-0.024,0.009],"_shiftlockState":true,"_pose":"FreeFall","_animationQueue":[],"_animationSpeed":1,"_zoom":18.229},{"_mousePosition":[683,384],"_rootPartCFrame":[743.989,222.62,46.766,0.025,0,1,0,1,0,-1,0,0.025],"_humanoidState":7,"_cameraCFrame":[750.781,241.016,44.827,-0.028,-0.927,0.375,0,0.375,0.927,-1,0.026,-0.01],"_shiftlockState":true,"_pose":"FreeFall","_animationQueue":[["walk",0.1],["fall",0.3],["fall",0.3]],"_animationSpeed":1,"_zoom":18.229},{"_mousePosition":[683,384],"_rootPartCFrame":[743.789,222.433,46.761,-0.028,0,1,0,1,0,-1,0,-0.028],"_humanoidState":7,"_cameraCFrame":[750.322,240.815,43.992,-0.151,-0.915,0.373,0,0.377,0.926,-0.989,0.14,-0.057],"_shiftlockState":true,"_pose":"FreeFall","_animationQueue":[],"_animationSpeed":1,"_zoom":18.229},{"_mousePosition":[683,384],"_rootPartCFrame":[743.625,222.476,46.759,-0.046,0,0.999,-0.012,1,-0.001,-0.999,-0.012,-0.046],"_humanoidState":8,"_cameraCFrame":[749.648,240.845,42.93,-0.311,-0.88,0.36,0,0.379,0.925,-0.95,0.288,-0.118],"_shiftlockState":true,"_pose":"Running","_animationQueue":[["walk",0.1],["fall",0.3],["walk",0.1]],"_animationSpeed":1.103,"_zoom":18.229},{"_mousePosition":[683,384],"_rootPartCFrame":[743.705,223.359,46.753,-0.094,0.001,0.996,-0.035,0.999,-0.004,-0.995,-0.035,-0.094],"_humanoidState":3,"_cameraCFrame":[748.793,241.714,41.661,-0.509,-0.796,0.328,0,0.381,0.925,-0.861,0.47,-0.194],"_shiftlockState":true,"_pose":"Jumping","_animationQueue":[["walk",0.1],["jump",0.1]],"_animationSpeed":1,"_zoom":18.229},{"_mousePosition":[683,384],"_rootPartCFrame":[743.853,224.464,46.744,-0.254,-0.002,0.967,-0.064,0.998,-0.015,-0.965,-0.066,-0.253],"_humanoidState":3,"_cameraCFrame":[748.593,242.802,41.241,-0.568,-0.76,0.315,0,0.383,0.924,-0.823,0.525,-0.218],"_shiftlockState":true,"_pose":"Jumping","_animationQueue":[],"_animationSpeed":1,"_zoom":18.229},{"_mousePosition":[683,384],"_rootPartCFrame":[743.959,225.126,46.74,-0.424,-0.012,0.905,-0.081,0.996,-0.025,-0.902,-0.084,-0.424],"_humanoidState":3,"_cameraCFrame":[748.725,243.435,41.159,-0.571,-0.758,0.317,0,0.386,0.922,-0.821,0.526,-0.22],"_shiftlockState":true,"_pose":"Jumping","_animationQueue":[],"_animationSpeed":1,"_zoom":18.229},{"_mousePosition":[683,384],"_rootPartCFrame":[744.006,225.977,46.75,-0.513,-0.009,0.858,-0.046,0.999,-0.017,-0.857,-0.048,-0.513],"_humanoidState":5,"_cameraCFrame":[749.374,244.192,41.486,-0.507,-0.791,0.344,0,0.399,0.917,-0.862,0.465,-0.202],"_shiftlockState":true,"_pose":"FreeFall","_animationQueue":[["jump",0.1]],"_animationSpeed":1,"_zoom":18.229},{"_mousePosition":[683,384],"_rootPartCFrame":[744.004,226.772,46.76,-0.5,-0.002,0.866,-0.012,1,-0.005,-0.866,-0.013,-0.5],"_humanoidState":5,"_cameraCFrame":[750.283,244.888,42.29,-0.377,-0.844,0.381,0,0.411,0.912,-0.926,0.344,-0.155],"_shiftlockState":true,"_pose":"FreeFall","_animationQueue":[],"_animationSpeed":1,"_zoom":18.229},{"_mousePosition":[683,384],"_rootPartCFrame":[744.004,227.513,46.764,-0.377,0.001,0.926,0,1,-0.001,-0.926,-0.001,-0.377],"_humanoidState":5,"_cameraCFrame":[751.223,245.495,43.356,-0.218,-0.882,0.417,0,0.427,