[{"_mousePosition":[1232,363],"_rootPartCFrame":[776.032,222.956,47.142,-0.001,-0.004,1,0,1,0.004,-1,0,-0.001],"_humanoidState":8,"_cameraCFrame":[788.931,235.095,48.217,0.083,-0.633,0.77,0,0.773,0.635,-0.997,-0.053,0.064],"_shiftlockState":false,"_pose":"Standing","_animationQueue":[],"_animationSpeed":1,"_zoom":16.76},{"_mousePosition":[1230,363],"_rootPartCFrame":[776.032,222.772,47.142,-0.001,0,1,0,1,0,-1,0,-0.001],"_humanoidState":8,"_cameraCFrame":[788.938,234.911,48.217,0.083,-0.633,0.77,0,0.773,0.635,-0.997,-0.053,0.064],"_shiftlockState":false,"_pose":"Standing","_animationQueue":[],"_animationSpeed":1,"_zoom":16.76},{"_mousePosition":[1217,362],"_rootPartCFrame":[776.032,222.688,47.142,-0.001,0,1,0,1,0,-1,0,-0.001],"_humanoidState":8,"_cameraCFrame":[788.938,234.827,48.217,0.083,-0.633,0.77,0,0.773,0.635,-0.997,-0.053,0.064],"_shiftlockState":false,"_pose":"Standing","_animationQueue":[],"_animationSpeed":1,"_zoom":16.76},{"_mousePosition":[1212,361],"_rootPartCFrame":[776.032,222.652,47.142,-0.001,0,1,0,1,0,-1,0,-0.001],"_humanoidState":8,"_cameraCFrame":[788.938,234.791,48.217,0.083,-0.633,0.77,0,0.773,0.635,-0.997,-0.053,0.064],"_shiftlockState":false,"_pose":"Standing","_animationQueue":[],"_animationSpeed":1,"_zoom":16.76},{"_mousePosition":[1146,349],"_rootPartCFrame":[776.032,222.663,47.142,-0.001,0,1,0,1,0,-1,0,-0.001],"_humanoidState":8,"_cameraCFrame":[788.938,234.802,48.217,0.083,-0.633,0.77,0,0.773,0.635,-0.997,-0.053,0.064],"_shiftlockState":false,"_pose":"Standing","_animationQueue":[],"_animationSpeed":1,"_zoom":16.76},{"_mousePosition":[1076,338],"_rootPartCFrame":[776.032,222.681,47.142,-0.001,0,1,0,1,0,-1,0,-0.001],"_humanoidState":8,"_cameraCFrame":[788.938,234.82,48.217,0.083,-0.633,0.77,0,0.773,0.635,-0.997,-0.053,0.064],"_shiftlockState":false,"_pose":"Standing","_animationQueue":[],"_animationSpeed":1,"_zoom":16.76},{"_mousePosition":[1047,335],"_rootPartCFrame":[775.871,222.689,47.129,0.007,0,1,0,1,0,-1,0,0.007],"_humanoidState":8,"_cameraCFrame":[788.776,234.829,48.203,0.083,-0.633,0.77,0,0.773,0.635,-0.997,-0.053,0.064],"_shiftlockState":false,"_pose":"Standing","_animationQueue":[],"_animationSpeed":1,"_zoom":16.76},{"_mousePosition":[896,310],"_rootPartCFrame":[775.675,222.693,47.113,0.014,0,1,0,1,0,-1,0,0.014],"_humanoidState":8,"_cameraCFrame":[788.581,234.832,48.187,0.083,-0.633,0.77,0,0.773,0.635,-0.997,-0.053,0.064],"_shiftlockState":false,"_pose":"Running","_animationQueue":[["walk",0.1]],"_animationSpeed":1.003,"_zoom":16.76},{"_mousePosition":[858,302],"_rootPartCFrame":[775.343,222.697,47.085,0.026,0,1,0,1,0,-1,0,0.026],"_humanoidState":8,"_cameraCFrame":[788.249,234.836,48.159,0.083,-0.633,0.77,0,0.773,0.635,-0.997,-0.053,0.064],"_shiftlockState":false,"_pose":"Running","_animationQueue":[["walk",0.1],["walk",0.1]],"_animationSpeed":1.098,"_zoom":16.76},{"_mousePosition":[750,277],"_rootPartCFrame":[775.077,222.698,47.063,0.034,0,0.999,0,1,0,-0.999,0,0.034],"_humanoidState":8,"_cameraCFrame":[787.983,234.837,48.137,0.083,-0.633,0.77,0,0.773,0.635,-0.997,-0.053,0.064],"_shiftlockState":false,"_pose":"Running","_animationQueue":[],"_animationSpeed":1.098,"_zoom":16.76},{"_mousePosition":[718,269],"_rootPartCFrame":[774.878,222.699,47.046,0.039,0,0.999,0,1,0,-0.999,0,0.039],"_humanoidState":8,"_cameraCFrame":[787.784,234.838,48.12,0.083,-0.633,0.77,0,0.773,0.635,-0.997,-0.053,0.064],"_shiftlockState":false,"_pose":"Running","_animationQueue":[],"_animationSpeed":1.098,"_zoom":16.76},{"_mousePosition":[704,266],"_rootPartCFrame":[774.612,222.699,47.024,0.046,0,0.999,0,1,0,-0.999,0,0.046],"_humanoidState":8,"_cameraCFrame":[787.518,234.838,48.098,0.083,-0.633,0.77,0,0.773,0.635,-0.997,-0.053,0.064],"_shiftlockState":false,"_pose":"Running","_animationQueue":[],"_animationSpeed":1.098,"_zoom":16.76},{"_mousePosition":[702,266],"_rootPartCFrame":[774.28,222.699,46.997,0.052,0,0.999,0,1,0,-0.999,0,0.052],"_humanoidState":8,"_cameraCFrame":[787.185,234.839,48.071,0.083,-0.633,0.77,0,0.773,0.635,-0.997,-0.053,0.064],"_shiftlockState":false,"_pose":"Running","_animationQueue":[],"_animationSpeed":1.098,"_zoom":16.76},{"_mousePosition":[702,266],"_rootPartCFrame":[774.08,222.699,46.98,0.055,0,0.998,0,1,0,-0.998,0,0.055],"_humanoidState":8,"_cameraCFrame":[786.986,234.839,48.054,0.083,-0.633,0.77,0,0.773,0.635,-0.997,-0.053,0.064],"_shiftlockState":false,"_pose":"Running","_animationQueue":[],"_animationSpeed":1.098,"_zoom":16.76},{"_mousePosition":[702,266],"_rootPartCFrame":[773.748,222.7,46.952,0.06,0,0.998,0,1,0,-0.998,0,0.06],"_humanoidState":8,"_cameraCFrame":[786.505,235.005,48.135,0.092,-0.642,0.761,0,0.764,0.645,-0.996,-0.06,0.071],"_shiftlockState":false,"_pose":"Running","_animationQueue":[["walk",0.1]],"_animationSpeed":1.098,"_zoom":16.76},{"_mousePosition":[702,266],"_rootPartCFrame":[773.482,222.7,46.93,0.063,0,0.998,0,1,0,-0.998,0,0.063],"_humanoidState":8,"_cameraCFrame":[786.019,235.241,48.278,0.107,-0.655,0.748,0,0.752,0.659,-0.994,-0.07,0.08],"_shiftlockState":false,"_pose":"Running","_animationQueue":[],"_animationSpeed":1.098,"_zoom":16.76},{"_mousePosition":[702,266],"_rootPartCFrame":[773.217,222.7,46.906,0.067,0,0.998,0,1,0,-0.998,0,0.067],"_humanoidState":8,"_cameraCFrame":[785.346,235.652,48.532,0.133,-0.677,0.724,0,0.73,0.683,-0.991,-0.091,0.097],"_shiftlockState":false,"_pose":"Running","_animationQueue":[],"_animationSpeed":1.098,"_zoom":16.76},{"_mousePosition":[702,266],"_rootPartCFrame":[772.951,222.7,46.878,0.072,0,0.997,0,1,0,-0.997,0,0.072],"_humanoidState":8,"_cameraCFrame":[784.655,236.04,48.81,0.163,-0.697,0.698,0,0.708,0.706,-0.987,-0.115,0.115],"_shiftlockState":false,"_pose":"Running","_animationQueue":[],"_animationSpeed":1.098,"_zoom":16.76},{"_mousePosition":[702,266],"_rootPartCFrame":[772.687,222.7,46.843,0.08,0,0.997,0,1,0,-0.997,0,0.08],"_humanoidState":8,"_cameraCFrame":[784.061,236.305,49.078,0.193,-0.709,0.679,0,0.692,0.722,-0.981,-0.139,0.133],"_shiftlockState":false,"_pose":"Running","_animationQueue":[],"_animationSpeed":1.098,"_zoom":16.76},{"_mousePosition":[702,266],"_rootPartCFrame":[772.424,222.7,46.8,0.091,0,0.996,0,1,0,-0.996,0,0.091],"_humanoidState":8,"_cameraCFrame":[783.341,236.646,49.412,0.233,-0.722,0.651,0,0.67,0.743,-0.973,-0.173,0.156],"_shiftlockState":false,"_pose":"Running","_animationQueue":[],"_animationSpeed":1.098,"_zoom":16.76},{"_mousePosition":[702,266],"_rootPartCFrame":[772.162,222.7,46.749,0.104,0,0.995,0,1,0,-0.995,0,0.104],"_humanoidState":8,"_cameraCFrame":[782.576,236.975,49.79,0.28,-0.732,0.621,0,0.647,0.762,-0.96,-0.214,0.181],"_shiftlockState":false,"_pose":"Running","_animationQueue":[],"_animationSpeed":1.098,"_zoom":16.76},{"_mousePosition":[702,266],"_rootPartCFrame":[771.903,222.7,46.688,0.121,0,0.993,0,1,0,-0.993,0,0.121],"_humanoidState":8,"_cameraCFrame":[781.82,237.276,50.087,0.324,-0.738,0.592,0,0.626,0.78,-0.946,-0.253,0.203],"_shiftlockState":false,"_pose":"Running","_animationQueue":[["walk",0.1]],"_animationSpeed":1.098,"_zoom":16.76},{"_mousePosition":[702,266],"_rootPartCFrame":[771.646,222.7,46.614,0.142,0,0.99,0,1,0,-0.99,0,0.142],"_humanoidState":8,"_cameraCFrame":[780.99,237.599,50.362,0.372,-0.742,0.558,0,0.601,0.799,-0.928,-0.298,0.224],"_shiftlockState":false,"_pose":"Running","_animationQueue":[],"_animationSpeed":1.098,"_zoom":16.76},{"_mousePosition":[702,266],"_rootPartCFrame":[771.394,222.7,46.529,0.167,0,0.986,0,1,0,-0.986,0,0.167],"_humanoidState":8,"_cameraCFrame":[780.224,237.878,50.508,0.411,-0.744,0.527,0,0.578,0.816,-0.912,-0.335,0.237],"_shiftlockState":false,"_pose":"Running","_animationQueue":[],"_animationSpeed":1.098,"_zoom":16.76},{"_mousePosition":[702,266],"_rootPartCFrame":[771.146,222.7,46.43,0.194,0,0.981,0,1,0,-0.981,0,0.194],"_humanoidState":8,"_cameraCFrame":[779.52,238.116,50.569,0.443,-0.744,0.5,0,0.557,0.83,-0.897,-0.368,0.247],"_shiftlockState":false,"_pose":"Running","_animationQueue":[],"_animationSpeed":1.098,"_zoom":16.76},{"_mousePosition":[702,266],"_rootPartCFrame":[770.902,222.7,46.322,0.224,0,0.975,0,1,0,-0.975,0,0.224],"_humanoidState":8,"_cameraCFrame":[778.846,238.345,50.531,0.468,-0.746,0.474,0,0.536,0.844,-0.884,-0.395,0.251],"_shiftlockState":false,"_pose":"Running","_animationQueue":[],"_animationSpeed":1.098,"_zoom":16.76},{"_mousePosition":[702,266],"_rootPartCFrame":[770.663,222.7,46.204,0.254,0,0.967,0,1,0,-0.967,0,0.254],"_humanoidState":8,"_cameraCFrame":[778.269,238.53,50.41,0.484,-0.748,0.454,0,0.519,0.855,-0.875,-0.414,0.251],"_shiftlockState":false,"_pose":"Running","_animationQueue":[],"_animationSpeed":1.098,"_zoom":16.76},{"_mousePosition":[702,266],"_rootPartCFrame":[770.427,222.7,46.08,0.284,0,0.959,0,1,0,-0.959,0,0.284],"_humanoidState":8,"_cameraCFrame":[777.781,238.675,50.237,0.492,-0.752,0.439,0,0.504,0.864,-0.871,-0.425,0.248],"_shiftlockState":false,"_pose":"Running","_animationQueue":[],"_animationSpeed":1.098,"_zoom":16.76},{"_mousePosition":[702,266],"_rootPartCFrame":[770.194,222.7,45.951,0.311,0,0.95,0,1,0,-0.95,0,0.311],"_humanoidState":8,"_cameraCFrame":[777.315,238.823,49.996,0.494,-0.759,0.425,0,0.489,0.872,-0.87,-0.431,0.241],"_shiftlockState":false,"_pose":"Running","_animationQueue":[["walk",0.1]],"_animationSpeed":1.098,"_zoom":16.76},{"_mousePosition":[702,266],"_rootPartCFrame":[769.902,222.649,45.79,0.346,0,0.938,0,1,0,-0.938,0,0.346],"_humanoidState":8,"_cameraCFrame":[776.798,238.921,49.679,0.491,-0.768,0.411,0,0.472,0.881,-0.871,-0.433,0.232],"_shiftlockState":false,"_pose":"Running","_animationQueue":[],"_animationSpeed":1.098,"_zoom":16.76},{"_mousePosition":[702,266],"_rootPartCFrame":[769.668,223.511,45.661,0.373,0,0.928,0,1,0,-0.928,0,0.373],"_humanoidState":3,"_cameraCFrame":[776.407,239.891,49.415,0.487,-0.776,0.402,0,0.46,0.888,-0.874,-0.432,0.224],"_shiftlockState":false,"_pose":"Jumping","_animationQueue":[["walk",0.1],["jump",0.1]],"_animationSpeed":1,"_zoom":16.76},{"_mousePosition":[702,266],"_rootPartCFrame":[769.436,224.32,45.53,0.392,0,0.92,0,1,0,-0.92,0,0.392],"_humanoidState":5,"_cameraCFrame":[776.048,240.792,49.141,0.479,-0.784,0.394,0,0.449,0.893,-0.878,-0.428,0.215],"_shiftlockState":false,"_pose":"FreeFall","_animationQueue":[["jump",0.1]],"_animationSpeed":1,"_zoom":16.76},{"_mousePosition":[702,266],"_rootPartCFrame":[769.261,224.89,45.433,0.403,0,0.915,0,1,0,-0.915,0,0.403],"_humanoidState":5,"_cameraCFrame":[775.736,241.458,48.89,0.471,-0.793,0.386,0,0.438,0.899,-0.882,-0.423,0.206],"_shiftlockState":false,"_pose":"FreeFall","_animationQueue":[],"_animationSpeed":1,"_zoom":16.76},{"_mousePosition":[702,266],"_rootPartCFrame":[769.027,225.603,45.305,0.414,0,0.91,0,1,0,-0.91,0,0.414],"_humanoidState":5,"_cameraCFrame":[775.383,242.253,48.621,0.463,-0.801,0.379,0,0.428,0.904,-0.887,-0.418,0.198],"_shiftlockState":false,"_pose":"FreeFall","_animationQueue":[],"_animationSpeed":1,"_zoom":16.76},{"_mousePosition":[702,266],"_rootPartCFrame":[768.734,226.418,45.147,0.425,0,0.905,0,1,0,-0.905,0,0.425],"_humanoidState":5,"_cameraCFrame":[774.989,243.136,48.337,0.454,-0.809,0.373,0,0.419,0.908,-0.891,-0.412,0.19],"_shiftlockState":false,"_pose":"FreeFall","_animationQueue":[],"_animationSpeed":1,"_zoom":16.76},{"_mousePosition":[702,266],"_rootPartCFrame":[768.497,227.008,45.024,0.431,0,0.902,0,1,0,-0.902,0,0.431],"_humanoidState":5,"_cameraCFrame":[774.655,243.788,48.107,0.448,-0.815,0.367,0,0.411,0.912,-0.894,-0.408,0.184],"_shiftlockState":false,"_pose":"FreeFall","_animationQueue":[],"_animationSpeed":1,"_zoom":16.76},{"_mousePosition":[702,266],"_rootPartCFrame":[768.26,227.544,44.902,0.435,0,0.901,0,1,0,-0.901,0,0.435],"_humanoidState":5,"_cameraCFrame":[774.334,244.374,47.904,0.443,-0.82,0.362,0,0.404,0.915,-0.897,-0.405,0.179],"_shiftlockState":false,"_pose":"FreeFall","_animationQueue":[],"_animationSpeed":1,"_zoom":16.76},{"_mousePosition":[702,266],"_rootPartCFrame":[768.022,228.026,44.783,0.437,0,0.899,0,1,0,-0.899,0,0.437],"_humanoidState":5,"_cameraCFrame":[774.02,244.899,47.715,0.439,-0.824,0.358,0,0.398,0.917,-0.898,-0.403,0.175],"_shiftlockState":false,"_pose":"FreeFall","_animationQueue":[],"_animationSpeed":1,"_zoom":16.76},{"_mousePosition":[702,266],"_rootPartCFrame":[767.843,228.351,44.694,0.438,0,0.899,0,1,0,-0.899,0,0.438],"_humanoidState":5,"_cameraCFrame":[773.771,245.261,47.57,0.436,-0.827,0.354,0,0.393,0.919,-0.9,-0.401,0.172],"_shiftlockState":false,"_pose":"FreeFall","_animationQueue":[],"_animationSpeed":1,"_zoom":16.76},{"_mousePosition":[702,266],"_rootPartCFrame":[767.543,228.825,44.547,0.438,0,0.899,0,1,0,-0.899,0,0.438],"_humanoidState":5,"_cameraCFrame":[773.414,245.767,47.372,0.434,-0.83,0.35,0,0.389,0.921,-0.901,-0.4,0.169],"_shiftlockState":false,"_pose":"FreeFall","_animationQueue":[],"_animationSpeed":1,"_zoom":16.76},{"_mousePosition":[702,266],"_rootPartCFrame":[767.363,229.069,44.46,0.438,0,0.899,0,1,0,-0.899,0,0.438],"_humanoidState":5,"_cameraCFrame":[773.167,246.047,47.223,0.43,-0.834,0.346,0,0.384,0.924,-0.903,-0.397,0.165],"_shiftlockState":false,"_pose":"FreeFall","_animationQueue":[],"_animationSpeed":1,"_zoom":16.76},{"_mousePosition":[702,266],"_rootPartCFrame":[767.063,229.406,44.315,0.438,0,0.899,0,1,0,-0.899,0,0.438],"_humanoidState":5,"_cameraCFrame":[772.808,246.416,47.028,0.427,-0.837,0.343,0,0.379,0.925,-0.904,-0.395,0.162],"_shiftlockState":false,"_pose":"FreeFall","_animationQueue":[],"_animationSpeed":1,"_zoom":16.76},{"_mousePosition":[702,266],"_rootPartCFrame":[766.883,229.568,44.229,0.437,0,0.899,0,1,0,-0.899,0,0.437],"_humanoidState":5,"_cameraCFrame":[772.528,246.628,46.859,0.422,-0.842,0.337,0,0.372,0.928,-0.906,-0.392,0.157],"_shiftlockState":false,"_pose":"FreeFall","_animationQueue":[],"_animationSpeed":1,"_zoom":16.76},{"_mousePosition":[702,266],"_rootPartCFrame":[766.641,229.736,44.115,0.436,0,0.9,0,1,0,-0.9,0,0.436],"_humanoidState":5,"_cameraCFrame":[772.198,246.841,46.668,0.418,-0.846,0.332,0,0.365,0.931,-0.909,-0.389,0.152],"_shiftlockState":false,"_pose":"FreeFall","_animationQueue":[],"_animationSpeed":1,"_zoom":16.76},{"_mousePosition":[702,266],"_rootPartCFrame":[766.4,229.85,44.002,0.434,0,0.901,0,1,0,-0.901,0,0.434],"_humanoidState":5,"_cameraCFrame":[771.857,247.003,46.468,0.412,-0.851,0.326,0,0.357,0.934,-0.911,-0.385,0.147],"_shiftlockState":false,"_pose":"FreeFall","_animationQueue":[],"_animationSpeed":1,"_zoom":16.76},{"_mousePosition":[702,266],"_rootPartCFrame":[766.097,229.915,43.863,0.432,0,0.902,0,1,0,-0.902,0,0.432],"_humanoidState":5,"_cameraCFrame":[771.475,247.107,46.259,0.407,-0.855,0.321,0,0.351,0.936,-0.913,-0.381,0.143],"_shiftlockState":false,"_pose":"FreeFall","_animationQueue":[],"_animationSpeed":1,"_zoom":16.76},{"_mousePosition":[702,266],"_rootPartCFrame":[765.915,229.913,43.78,0.43,0,0.903,0,1,0,-0.903,0,0.43],"_humanoidState":5,"_cameraCFrame":[771.224,247.138,46.113,0.402,-0.859,0.317,0,0.346,0.938,-0.916,-0.377,0.139],"_shiftlockState":false,"_pose":"FreeFall","_animationQueue":[],"_animationSpeed":1,"_zoom":16.76},{"_mousePosition":[702,266],"_rootPartCFrame":[765.671,229.863,43.672,0.427,0,0.904,0,1,0,-0.904,0,0.427],"_humanoidState":5,"_cameraCFrame":[770.904,247.125,45.925,0.396,-0.864,0.312,0,0.34,0.94,-0.918,-0.372,0.134],"_shiftlockState":false,"_pose":"FreeFall","_animationQueue":[],"_animationSpeed":1,"_zoom":16.76},{"_mousePosition":[702,266],"_rootPartCFrame":[765.427,229.759,43.564,0.424,0,0.906,0,1,0,-0.906,0,0.424],"_humanoidState":5,"_cameraCFrame":[770.571,247.062,45.734,0.389,-0.869,0.307,0,0.333,0.943,-0.921,-0.367,0.129],"_shiftlockState":false,"_pose":"FreeFall","_animationQueue":[],"_animationSpeed":1,"_zoom":16.76},{"_mousePosition":[702,266],"_rootPartCFrame":[765.121,229.551,43.432,0.419,0,0.908,0,1,0,-0.908,0,0.419],"_humanoidState":5,"_cameraCFrame":[770.186,246.89,45.526,0.382,-0.873,0.302,0,0.327,0.945,-0.924,-0.361,0.125],"_shiftlockState":false,"_pose":"FreeFall","_animationQueue":[["fall",0.3]],"_animationSpeed":1,"_zoom":16.76},{"_mousePosition":[702,266],"_rootPartCFrame":[764.937,229.386,43.354,0.416,0,0.909,0,1,0,-0.909,0,0.416],"_humanoidState":5,"_cameraCFrame":[769.903,246.769,45.352,0.373,-0.879,0.296,0,0.319,0.948,-0.928,-0.354,0.119],"_shiftlockState":false,"_pose":"FreeFall","_animationQueue":[],"_animationSpeed":1,"_zoom":16.76},{"_mousePosition":[702,266],"_rootPartCFrame":[764.629,229.043,43.226,0.411,0,0.912,0,1,0,-0.912,0,0.411],"_humanoidState":5,"_cameraCFrame":[769.512,246.46,45.155,0.367,-0.883,0.291,0,0.313,0.95,-0.93,-0.349,0.115],"_shiftlockState":false,"_pose":"FreeFall","_animationQueue":[],"_animationSpeed":1,"_zoom":16.76},{"_mousePosition":[702,266],"_rootPartCFrame":[764.444,228.796,43.151,0.407,0,0.913,0,1,0,-0.913,0,0.407],"_humanoidState":5,"_cameraCFrame":[769.237,246.25,44.993,0.359,-0.889,0.286,0,0.306,0.952,-0.933,-0.341,0.11],"_shiftlockState":false,"_pose":"FreeFall","_animationQueue":[],"_animationSpeed":1,"_zoom":16.76},{"_mousePosition":[702,266],"_rootPartCFrame":[764.134,228.316,43.029,0.401,0,0.916,0,1,0,-0.916,0,0.401],"_humanoidState":5,"_cameraCFrame":[768.878,245.791,44.817,0.353,-0.892,0.283,0,0.303,0.953,-0.936,-0.336,0.107],"_shiftlockState":false,"_pose":"FreeFall","_animationQueue":[],"_animationSpeed":1,"_zoom":16.76},{"_mousePosition":[702,266],"_rootPartCFrame":[763.947,227.987,42.957,0.397,0,0.918,0,1,0,-0.918,0,0.397],"_humanoidState":5,"_cameraCFrame":[768.639,245.483,44.703,0.349,-0.894,0.28,0,0.299,0.954,-0.937,-0.333,0.104],"_shiftlockState":false,"_pose":"FreeFall","_animationQueue":[],"_animationSpeed":1,"_zoom":16.76},{"_mousePosition":[702,266],"_rootPartCFrame":[763.636,227.371,42.839,0.39,0,0.921,0,1,0,-0.921,0,0.39],"_humanoidState":5,"_cameraCFrame":[768.316,244.871,44.576,0.348,-0.895,0.279,0,0.298,0.955,-0.938,-0.332,0.104],"_shiftlockState":false,"_pose":"FreeFall","_animationQueue":[],"_animationSpeed":1,"_zoom":16.76},{"_mousePosition":[702,266],"_rootPartCFrame":[763.448,226.961,42.769,0.385,0,0.923,0,1,0,-0.923,0,0.385],"_humanoidState":5,"_cameraCFrame":[768.129,244.46,44.506,0.348,-0.895,0.279,0,0.298,0.955,-0.938,-0.332,0.104],"_shiftlockState":false,"_pose":"FreeFall","_animationQueue":[["fall",0.3]],"_animationSpeed":1,"_zoom":16.76},{"_mousePosition":[702,266],"_rootPartCFrame":[763.198,226.366,42.676,0.38,0,0.925,0,1,0,-0.925,0,0.38],"_humanoidState":5,"_cameraCFrame":[767.879,243.865,44.413,0.348,-0.895,0.279,0,0.298,0.955,-0.938,-0.332,0.104],"_shiftlockState":false,"_pose":"FreeFall","_animationQueue":[],"_animationSpeed":1,"_zoom":16.76},{"_mousePosition":[702,266],"_rootPartCFrame":[762.948,225.716,42.583,0.376,0,0.927,0,1,0,-0.927,0,0.376],"_humanoidState":5,"_cameraCFrame":[767.629,243.216,44.32,0.348,-0.895,0.279,0,0.298,0.955,-0.938,-0.332,0.104],"_shiftlockState":false,"_pose":"FreeFall","_animationQueue":[],"_animationSpeed":1,"_zoom":16.76},{"_mousePosition":[702,266],"_rootPartCFrame":[762.698,225.012,42.49,0.372,0,0.928,0,1,0,-0.928,0,0.372],"_humanoidState":5,"_cameraCFrame":[767.379,242.512,44.227,0.348,-0.895,0.279,0,0.298,0.955,-0.938,-0.332,0.104],"_shiftlockState":false,"_pose":"FreeFall","_animationQueue":[],"_animationSpeed":1,"_zoom":16.76},{"_mousePosition":[702,266],"_rootPartCFrame":[762.448,224.254,42.398,0.368,0,0.93,0,1,0,-0.93,0,0.368],"_humanoidState":5,"_cameraCFrame":[767.129,241.753,44.135,0.348,-0.895,0.279,0,0.298,0.955,-0.938,-0.332,0.104],"_shiftlockState":false,"_pose":"FreeFall","_animationQueue":[],"_animationSpeed":1,"_zoom":16.76},{"_mousePosition":[702,266],"_rootPartCFrame":[762.198,223.441,42.305,0.366,0,0.931,0,1,0,-0.931,0,0.366],"_humanoidState":5,"_cameraCFrame":[766.845,240.952,44.023,0.347,-0.896,0.277,0,0.296,0.955,-0.938,-0.331,0.103],"_shiftlockState":false,"_pose":"FreeFall","_animationQueue":[],"_animationSpeed":1,"_zoom":16.76},{"_mousePosition":[702,266],"_rootPartCFrame":[761.948,222.574,42.212,0.363,0,0.932,0,1,0,-0.932,0,0.363],"_humanoidState":7,"_cameraCFrame":[766.546,240.101,43.913,0.347,-0.897,0.274,0,0.292,0.956,-0.938,-0.332,0.101],"_shiftlockState":false,"_pose":"FreeFall","_animationQueue":[["fall",0.3],["walk",0.1],["fall",0.3],["fall",0.3]],"_animationSpeed":1,"_zoom":16.76},{"_mousePosition":[702,266],"_rootPartCFrame":[761.698,222.411,42.12,0.361,0,0.933,0,1,0,-0.933,0,0.361],"_humanoidState":7,"_cameraCFrame":[766.248,239.954,43.802,0.347,-0.898,0.271,0,0.289,0.957,-0.938,-0.332,0.1],"_shiftlockState":false,"_pose":"FreeFall","_animationQueue":[],"_animationSpeed":1,"_zoom":16.76},{"_mousePosition":[702,266],"_rootPartCFrame":[761.386,222.541,42.004,0.358,0,0.934,0,1,0,-0.934,0,0.358],"_humanoidState":8,"_cameraCFrame":[765.857,240.107,43.674,0.35,-0.898,0.267,0,0.285,0.959,-0.937,-0.335,0.1],"_shiftlockState":false,"_pose":"Running","_animationQueue":[["walk",0.1],["fall",0.3],["walk",0.1]],"_animationSpeed":1.103,"_zoom":16.76},{"_mousePosition":[702,266],"_rootPartCFrame":[761.073,222.629,41.888,0.356,0,0.934,0,1,0,-0.934,0,0.356],"_humanoidState":8,"_cameraCFrame":[765.439,240.226,43.545,0.355,-0.898,0.26,0,0.279,0.96,-0.935,-0.341,0.099],"_shiftlockState":false,"_pose":"Running","_animationQueue":[],"_animationSpeed":1.103,"_zoom":16.76},{"_mousePosition":[702,266],"_rootPartCFrame":[760.886,222.658,41.818,0.356,0,0.935,0,1,0,-0.935,0,0.356],"_humanoidState":8,"_cameraCFrame":[765.102,240.296,43.464,0.364,-0.897,0.252,0,0.27,0.963,-0.932,-0.35,0.098],"_shiftlockState":false,"_pose":"Running","_animationQueue":[],"_animationSpeed":1.103,"_zoom":16.76},{"_mousePosition":[702,266],"_rootPartCFrame":[760.574,222.685,41.7,0.355,0,0.935,0,1,0,-0.935,0,0.355],"_humanoidState":8,"_cameraCFrame":[764.676,240.352,43.351,0.373,-0.895,0.245,0,0.264,0.965,-0.928,-0.36,0.098],"_shiftlockState":false,"_pose":"Running","_animationQueue":[],"_animationSpeed":1.103,"_zoom":16.76},{"_mousePosition":[702,266],"_rootPartCFrame":[760.388,222.694,41.628,0.356,0,0.935,0,1,0,-0.935,0,0.356],"_humanoidState":8,"_cameraCFrame":[764.338,240.399,43.271,0.384,-0.893,0.236,0,0.255,0.967,-0.923,-0.371,0.098],"_shiftlockState":false,"_pose":"Running","_animationQueue":[["walk",0.1]],"_animationSpeed":1.103,"_zoom":16.76},{"_mousePosition":[702,266],"_rootPartCFrame":[760.078,222.702,41.504,0.358,0,0.934,0,1,0,-0.934,0,0.358],"_humanoidState":8,"_cameraCFrame":[763.879,240.444,43.131,0.394,-0.891,0.227,0,0.247,0.969,-0.919,-0.381,0.097],"_shiftlockState":false,"_pose":"Running","_animationQueue":[],"_animationSpeed":1.103,"_zoom":16.76},{"_mousePosition":[702,266],"_rootPartCFrame":[759.893,222.705,41.428,0.36,0,0.933,0,1,0,-0.933,0,0.36],"_humanoidState":8,"_cameraCFrame":[763.511,240.489,43.049,0.409,-0.887,0.216,0,0.237,0.972,-0.913,-0.397,0.097],"_shiftlockState":false,"_pose":"Running","_animationQueue":[],"_animationSpeed":1.103,"_zoom":16.76},{"_mousePosition":[702,266],"_rootPartCFrame":[759.587,222.707,41.297,0.366,0,0.931,0,1,0,-0.931,0,0.366],"_humanoidState":8,"_cameraCFrame":[763.076,240.52,42.913,0.42,-0.883,0.208,0,0.229,0.973,-0.907,-0.409,0.096],"_shiftlockState":false,"_pose":"Running","_animationQueue":[],"_animationSpeed":1.103,"_zoom":16.76},{"_mousePosition":[702,266],"_rootPartCFrame":[759.404,222.708,41.216,0.369,0,0.929,0,1,0,-0.929,0,0.369],"_humanoidState":8,"_cameraCFrame":[762.715,240.56,42.809,0.434,-0.879,0.198,0,0.219,0.976,-0.901,-0.423,0.095],"_shiftlockState":false,"_pose":"Running","_animationQueue":[],"_animationSpeed":1.103,"_zoom":16.76},{"_mousePosition":[702,266],"_rootPartCFrame":[759.1,223.778,41.08,0.376,0,0.926,0,1,0,-0.926,0,0.376],"_humanoidState":3,"_cameraCFrame":[762.284,241.656,42.662,0.445,-0.875,0.19,0,0.212,0.977,-0.896,-0.435,0.094],"_shiftlockState":false,"_pose":"Jumping","_animationQueue":[["walk",0.1],["jump",0.1]],"_animationSpeed":1,"_zoom":16.76},{"_mousePosition":[702,266],"_rootPartCFrame":[758.919,224.379,40.994,0.382,0,0.924,0,1,0,-0.924,0,0.382],"_humanoidState":5,"_cameraCFrame":[761.979,242.283,42.558,0.455,-0.871,0.183,0,0.205,0.979,-0.89,-0.446,0.093],"_shiftlockState":false,"_pose":"FreeFall","_animationQueue":[["jump",0.1]],"_animationSpeed":1,"_zoom":16.76},{"_mousePosition":[702,266],"_rootPartCFrame":[758.68,225.133,40.876,0.39,0,0.921,0,1,0,-0.921,0,0.39],"_humanoidState":5,"_cameraCFrame":[761.628,243.059,42.426,0.465,-0.867,0.176,0,0.199,0.98,-0.885,-0.456,0.093],"_shiftlockState":false,"_pose":"FreeFall","_animationQueue":[],"_animationSpeed":1,"_zoom":16.76},{"_mousePosition":[702,266],"_rootPartCFrame":[758.442,225.832,40.755,0.398,0,0.917,0,1,0,-0.917,0,0.398],"_humanoidState":5,"_cameraCFrame":[761.306,243.774,42.295,0.474,-0.864,0.171,0,0.194,0.981,-0.881,-0.465,0.092],"_shiftlockState":false,"_pose":"FreeFall","_animationQueue":[],"_animationSpeed":1,"_zoom":16.76},{"_mousePosition":[702,266],"_rootPartCFrame":[758.206,226.477,40.631,0.407,0,0.913,0,1,0,-0.913,0,0.407],"_humanoidState":5,"_cameraCFrame":[761.023,244.427,42.173,0.48,-0.861,0.168,0,0.192,0.981,-0.877,-0.471,0.092],"_shiftlockState":false,"_pose":"FreeFall","_animationQueue":[],"_animationSpeed":1,"_zoom":16.76},{"_mousePosition":[702,266],"_rootPartCFrame":[757.971,227.068,40.505,0.416,0,0.909,0,1,0,-0.909,0,0.416],"_humanoidState":5,"_cameraCFrame":[760.767,245.02,42.058,0.486,-0.858,0.167,0,0.191,0.982,-0.874,-0.477,0.093],"_shiftlockState":false,"_pose":"FreeFall","_animationQueue":[],"_animationSpeed":1,"_zoom":16.76},{"_mousePosition":[702,266],"_rootPartCFrame":[757.737,227.603,40.377,0.425,0,0.905,0,1,0,-0.905,0,0.425],"_humanoidState":5,"_cameraCFrame":[760.516,245.558,41.933,0.488,-0.857,0.166,0,0.19,0.982,-0.873,-0.48,0.093],"_shiftlockState":false,"_pose":"FreeFall","_animationQueue":[],"_animationSpeed":1,"_zoom":16.76},{"_mousePosition":[702,266],"_rootPartCFrame":[757.504,228.085,40.248,0.433,0,0.901,0,1,0,-0.901,0,0.433],"_humanoidState":5,"_cameraCFrame":[760.281,246.04,41.807,0.489,-0.856,0.166,0,0.19,0.982,-0.872,-0.48,0.093],"_shiftlockState":false,"_pose":"FreeFall","_animationQueue":[],"_animationSpeed":1,"_zoom":16.76},{"_mousePosition":[702,266],"_rootPartCFrame":[757.213,228.61,40.085,0.443,0,0.897,0,1,0,-0.897,0,0.443],"_humanoidState":5,"_cameraCFrame":[759.991,246.565,41.644,0.489,-0.856,0.166,0,0.19,0.982,-0.872,-0.48,0.093],"_shiftlockState":false,"_pose":"FreeFall","_animationQueue":[],"_animationSpeed":1,"_zoom":16.76},{"_mousePosition":[702,266],"_rootPartCFrame":[757.038,228.884,39.987,0.448,0,0.894,0,1,0,-0.894,0,0.448],"_humanoidState":5,"_cameraCFrame":[759.816,246.839,41.546,0.489,-0.856,0.166,0,0.19,0.982,-0.872,-0.48,0.093],"_shiftlockState":false,"_pose":"FreeFall","_animationQueue":[],"_animationSpeed":1,"_zoom":16.76},{"_mousePosition":[702,266],"_rootPartCFrame":[756.747,229.273,39.824,0.455,0,0.89,0,1,0,-0.89,0,0.455],"_humanoidState":5,"_cameraCFrame":[759.525,247.228,41.383,0.489,-0.856,0.166,0,0.19,0.982,-0.872,-0.48,0.093],"_shiftlockState":false,"_pose":"FreeFall","_animationQueue":[],"_animationSpeed":1,"_zoom":16.76},{"_mousePosition":[702,266],"_rootPartCFrame":[756.573,229.465,39.726,0.459,0,0.888,0,1,0,-0.888,0,0.459],"_humanoidState":5,"_cameraCFrame":[759.349,247.42,41.288,0.49,-0.856,0.166,0,0.19,0.982,-0.872,-0.481,0.093],"_shiftlockState":false,"_pose":"FreeFall","_animationQueue":[],"_animationSpeed":1,"_zoom":16.76},{"_mousePosition":[702,266],"_rootPartCFrame":[756.282,229.718,39.563,0.464,0,0.886,0,1,0,-0.886,0,0.464],"_humanoidState":5,"_cameraCFrame":[759.058,247.673,41.125,0.49,-0.856,0.166,0,0.19,0.982,-0.872,-0.481,0.093],"_shiftlockState":false,"_pose":"FreeFall","_animationQueue":[],"_animationSpeed":1,"_zoom":16.76},{"_mousePosition":[702,266],"_rootPartCFrame":[756.108,229.829,39.465,0.467,0,0.884,0,1,0,-0.884,0,0.467],"_humanoidState":5,"_cameraCFrame":[758.884,247.784,41.027,0.49,-0.856,0.166,0,0.19,0.982,-0.872,-0.481,0.093],"_shiftlockState":false,"_pose":"FreeFall","_animationQueue":[],"_animationSpeed":1,"_zoom":16.76},{"_mousePosition":[702,266],"_rootPartCFrame":[755.875,229.929,39.334,0.47,0,0.882,0,1,0,-0.882,0,0.47],"_humanoidState":5,"_cameraCFrame":[758.651,247.883,40.896,0.49,-0.856,0.166,0,0.19,0.982,-0.872,-0.481,0.093],"_shiftlockState":false,"_pose":"FreeFall","_animationQueue":[],"_animationSpeed":1,"_zoom":16.76},{"_mousePosition":[702,266],"_rootPartCFrame":[755.643,229.974,39.204,0.473,0,0.881,0,1,0,-0.881,0,0.473],"_humanoidState":5,"_cameraCFrame":[758.419,247.929,40.765,0.49,-0.856,0.166,0,0.19,0.982,-0.872,-0.481,0.093],"_shiftlockState":false,"_pose":"FreeFall","_animationQueue":[],"_animationSpeed":1,"_zoom":16.76},{"_mousePosition":[702,266],"_rootPartCFrame":[755.411,229.965,39.073,0.476,0,0.88,0,1,0,-0.88,0,0.476],"_humanoidState":5,"_cameraCFrame":[758.187,247.92,40.635,0.49,-0.856,0.166,0,0.19,0.982,-0.872,-0.481,0.093],"_shiftlockState":false,"_pose":"FreeFall","_animationQueue":[["fall",0.3]],"_animationSpeed":1,"_zoom":16.76},{"_mousePosition":[702,266],"_rootPartCFrame":[755.178,229.901,38.942,0.478,0,0.879,0,1,0,-0.879,0,0.478],"_humanoidState":5,"_cameraCFrame":[757.954,247.856,40.504,0.49,-0.856,0.166,0,0.19,0.982,-0.872,-0.481,0.093],"_shiftlockState":false,"_pose":"FreeFall","_animationQueue":[],"_animationSpeed":1,"_zoom":16.76},{"_mousePosition":[702,266],"_rootPartCFrame":[754.946,229.783,38.812,0.479,0,0.878,0,1,0,-0.878,0,0.479],"_humanoidState":5,"_cameraCFrame":[757.722,247.738,40.373,0.49,-0.856,0.166,0,0.19,0.982,-0.872,-0.481,0.093],"_shiftlockState":false,"_pose":"FreeFall","_animationQueue":[],"_animationSpeed":1,"_zoom":16.76},{"_mousePosition":[702,266],"_rootPartCFrame":[754.713,229.611,38.681,0.481,0,0.877,0,1,0,-0.877,0,0.481],"_humanoidState":5,"_cameraCFrame":[757.489,247.565,40.242,0.49,-0.856,0.166,0,0.19,0.982,-0.872,-0.481,0.093],"_shiftlockState":false,"_pose":"FreeFall","_animationQueue":[],"_animationSpeed":1,"_zoom":16.76},{"_mousePosition":[702,266],"_rootPartCFrame":[754.481,229.383,38.55,0.482,0,0.876,0,1,0,-0.876,0,0.482],"_humanoidState":5,"_cameraCFrame":[757.257,247.338,40.112,0.49,-0.856,0.166,0,0.19,0.982,-0.872,-0.481,0.093],"_shiftlockState":false,"_pose":"FreeFall","_animationQueue":[],"_animationSpeed":1,"_zoom":16.76},{"_mousePosition":[702,266],"_rootPartCFrame":[754.248,229.102,38.419,0.483,0,0.875,0,1,0,-0.875,0,0.483],"_humanoidState":5,"_cameraCFrame":[757.018,247.059,39.966,0.488,-0.857,0.165,0,0.189,0.982,-0.873,-0.479,0.092],"_shiftlockState":false,"_pose":"FreeFall","_animationQueue":[],"_animationSpeed":1,"_zoom":16.76},{"_mousePosition":[702,266],"_rootPartCFrame":[753.958,228.673,38.256,0.485,0,0.875,0,1,0,-0.875,0,0.485],"_humanoidState":5,"_cameraCFrame":[756.719,246.638,39.734,0.472,-0.866,0.165,0,0.187,0.982,-0.882,-0.464,0.088],"_shiftlockState":false,"_pose":"FreeFall","_animationQueue":[["fall",0.3]],"_animationSpeed":1,"_zoom":16.76},{"_mousePosition":[702,266],"_rootPartCFrame":[753.783,228.375,38.158,0.485,0,0.874,0,1,0,-0.874,0,0.485],"_humanoidState":5,"_cameraCFrame":[756.59,246.345,39.487,0.428,-0.888,0.167,0,0.185,0.983,-0.904,-0.421,0.079],"_shiftlockState":false,"_pose":"FreeFall","_animationQueue":[],"_animationSpeed":1,"_zoom":16.76},{"_mousePosition":[702,266],"_rootPartCFrame":[753.549,227.93,38.032,0.484,0,0.875,0,1,0,-0.875,0,0.484],"_humanoidState":5,"_cameraCFrame":[756.492,245.893,39.141,0.353,-0.919,0.176,0,0.188,0.982,-0.936,-0.347,0.066],"_shiftlockState":false,"_pose":"FreeFall","_animationQueue":[],"_animationSpeed":1,"_zoom":16.76},{"_mousePosition":[702,266],"_rootPartCFrame":[753.308,227.43,37.916,0.478,0,0.878,0,1,0,-0.878,0,0.478],"_humanoidState":5,"_cameraCFrame":[756.529,245.359,38.715,0.241,-0.951,0.192,0,0.198,0.98,-0.971,-0.236,0.048],"_shiftlockState":false,"_pose":"FreeFall","_animationQueue":[],"_animationSpeed":1,"_zoom":16.76},{"_mousePosition":[702,266],"_rootPartCFrame":[752.998,226.729,37.794,0.461,0,0.887,0,1,0,-0.887,0,0.461],"_humanoidState":5,"_cameraCFrame":[756.517,244.611,38.202,0.115,-0.971,0.21,0,0.211,0.977,-0.993,-0.113,0.024],"_shiftlockState":false,"_pose":"FreeFall","_animationQueue":[],"_animationSpeed":1,"_zoom":16.76},{"_mousePosition":[702,266],"_rootPartCFrame":[752.807,226.268,37.737,0.444,0,0.896,0,1,0,-0.896,0,0.444],"_humanoidState":5,"_cameraCFrame":[756.521,244.111,37.796,0.016,-0.975,0.222,0,0.222,0.975,-1,-0.016,0.004],"_shiftlockState":false,"_pose":"FreeFall","_animationQueue":[],"_animationSpeed":1,"_zoom":16.76},{"_mousePosition":[702,266],"_rootPartCFrame":[752.545,225.605,37.692,0.407,0,0.913,0,1,0,-0.913,0,0.407],"_humanoidState":5,"_cameraCFrame":[756.411,243.411,37.482,-0.054,-0.972,0.231,0,0.231,0.973,-0.999,0.053,-0.013],"_shiftlockState":false,"_pose":"FreeFall","_animationQueue":[],"_animationSpeed":1,"_zoom":16.76},{"_mousePosition":[702,266],"_rootPartCFrame":[752.279,224.887,37.679,0.36,0,0.933,0,1,0,-0.933,0,0.36],"_humanoidState":5,"_cameraCFrame":[756.288,242.656,37.271,-0.101,-0.966,0.239,0,0.24,0.971,-0.995,0.098,-0.024],"_shiftlockState":false,"_pose":"FreeFall","_animationQueue":[["fall",0.3]],"_animationSpeed":1,"_zoom":16.76},{"_mousePosition":[702,266],"_rootPartCFrame":[751.946,223.913,37.693,0.295,0,0.956,0,1,0,-0.956,0,0.295],"_humanoidState":5,"_cameraCFrame":[756.063,241.652,37.191,-0.121,-0.962,0.246,0,0.247,0.969,-0.993,0.117,-0.03],"_shiftlockState":false,"_pose":"FreeFall","_animationQueue":[],"_animationSpeed":1,"_zoom":16.76},{"_mousePosition":[702,266],"_rootPartCFrame":[751.747,223.288,37.711,0.256,0,0.967,0,1,0,-0.967,0,0.256],"_humanoidState":5,"_cameraCFrame":[755.889,241.021,37.198,-0.123,-0.961,0.247,0,0.249,0.968,-0.992,0.119,-0.031],"_shiftlockState":false,"_pose":"FreeFall","_animationQueue":[],"_animationSpeed":1,"_zoom":16.76},{"_mousePosition":[702,266],"_rootPartCFrame":[751.482,223.164,37.742,0.205,0,0.979,0,1,0,-0.979,0,0.205],"_humanoidState":7,"_cameraCFrame":[755.637,240.893,37.228,-0.123,-0.961,0.248,0,0.25,0.968,-0.992,0.119,-0.031],"_shiftlockState":false,"_pose":"FreeFall","_animationQueue":[["walk",0.1],["fall",0.3],["fall",0.3]],"_animationSpeed":1,"_zoom":16.76},{"_mousePosition":[702,266],"_rootPartCFrame":[751.218,223.161,37.775,0.16,0,0.987,0,1,0,-0.987,0,0.16],"_humanoidState":7,"_cameraCFrame":[755.4,240.883,37.266,-0.121,-0.961,0.25,0,0.251,0.968,-0.993,0.117,-0.03],"_shiftlockState":false,"_pose":"FreeFall","_animationQueue":[],"_animationSpeed":1,"_zoom":16.76},{"_mousePosition":[702,266],"_rootPartCFrame":[750.887,223.017,37.816,0.112,0,0.994,0,1,0,-0.994,0,0.112],"_humanoidState":8,"_cameraCFrame":[755.096,240.733,37.313,-0.119,-0.961,0.251,0,0.253,0.967,-0.993,0.115,-0.03],"_shiftlockState":false,"_pose":"Running","_animationQueue":[["walk",0.1],["fall",0.3],["walk",0.1]],"_animationSpeed":1.103,"_zoom":16.76},{"_mousePosition":[702,266],"_rootPartCFrame":[750.622,222.834,37.848,0.08,0,0.997,0,1,0,-0.997,0,0.08],"_humanoidState":8,"_cameraCFrame":[754.832,240.55,37.349,-0.118,-0.961,0.251,0,0.253,0.967,-0.993,0.114,-0.03],"_shiftlockState":false,"_pose":"Running","_animationQueue":[["walk",0.1]],"_animationSpeed":1.103,"_zoom":16.76},{"_mousePosition":[702,266],"_rootPartCFrame":[750.357,222.643,37.88,0.053,0,0.999,0,1,0,-0.999,0,0.053],"_humanoidState":8,"_cameraCFrame":[754.567,240.358,37.381,-0.118,-0.961,0.251,0,0.253,0.967,-0.993,0.114,-0.03],"_shiftlockState":false,"_pose":"Running","_animationQueue":[],"_animationSpeed":1.103,"_zoom":16.76},{"_mousePosition":[702,266],"_rootPartCFrame":[750.092,222.643,37.912,0.03,0,1,0,1,0,-1,0,0.03],"_humanoidState":8,"_cameraCFrame":[754.302,240.358,37.412,-0.118,-0.961,0.251,0,0.253,0.967,-0.993,0.114,-0.03],"_shiftlockState":false,"_pose":"Running","_animationQueue":[],"_animationSpeed":1.103,"_zoom":16.76},{"_mousePosition":[702,266],"_rootPartCFrame":[749.828,222.668,37.943,0.01,0,1,0,1,0,-1,0,0.01],"_humanoidState":8,"_cameraCFrame":[754.038,240.384,37.444,-0.118,-0.961,0.251,0,0.253,0.967,-0.993,0.114,-0.03],"_shiftlockState":false,"_pose":"Running","_animationQueue":[],"_animationSpeed":1.103,"_zoom":16.76},{"_mousePosition":[702,266],"_rootPartCFrame":[749.563,223.542,37.974,-0.01,0,1,0,1,0,-1,0,-0.01],"_humanoidState":3,"_cameraCFrame":[753.773,241.257,37.475,-0.118,-0.961,0.251,0,0.253,0.967,-0.993,0.114,-0.03],"_shiftlockState":false,"_pose":"Jumping","_animationQueue":[["walk",0.1],["jump",0.1]],"_animationSpeed":1,"_zoom":16.76},{"_mousePosition":[702,266],"_rootPartCFrame":[749.298,224.364,38.006,-0.026,0,1,0,1,0,-1,0,-0.026],"_humanoidState":5,"_cameraCFrame":[753.508,242.079,37.507,-0.118,-0.961,0.251,0,0.253,0.967,-0.993,0.114,-0.03],"_shiftlockState":false,"_pose":"FreeFall","_animationQueue":[["jump",0.1]],"_animationSpeed":1,"_zoom":16.76},{"_mousePosition":[702,266],"_rootPartCFrame":[749.033,225.131,38.037,-0.039,0,0.999,0,1,0,-0.999,0,-0.039],"_humanoidState":5,"_cameraCFrame":[753.243,242.846,37.538,-0.118,-0.961,0.251,0,0.253,0.967,-0.993,0.114,-0.03],"_shiftlockState":false,"_pose":"FreeFall","_animationQueue":[],"_animationSpeed":1,"_zoom":16.76},{"_mousePosition":[702,266],"_rootPartCFrame":[748.768,225.844,38.069,-0.05,0,0.999,0,1,0,-0.999,0,-0.05],"_humanoidState":5,"_cameraCFrame":[752.978,243.559,37.569,-0.118,-0.961,0.251,0,0.253,0.967,-0.993,0.114,-0.03],"_shiftlockState":false,"_pose":"FreeFall","_animationQueue":[],"_animationSpeed":1,"_zoom":16.76},{"_mousePosition":[702,266],"_rootPartCFrame":[748.503,226.503,38.1,-0.06,0,0.998,0,1,0,-0.998,0,-0.06],"_humanoidState":5,"_cameraCFrame":[752.713,244.218,37.601,-0.118,-0.961,0.251,0,0.253,0.967,-0.993,0.114,-0.03],"_shiftlockState":false,"_pose":"FreeFall","_animationQueue":[],"_animationSpeed":1,"_zoom":16.76},{"_mousePosition":[702,266],"_rootPartCFrame":[748.238,227.107,38.131,-0.068,0,0.998,0,1,0,-0.998,0,-0.068],"_humanoidState":5,"_cameraCFrame":[752.448,244.822,37.632,-0.118,-0.961,0.251,0,0.253,0.967,-0.993,0.114,-0.03],"_shiftlockState":false,"_pose":"FreeFall","_animationQueue":[],"_animationSpeed":1,"_zoom":16.76},{"_mousePosition":[702,266],"_rootPartCFrame":[747.973,227.656,38.163,-0.075,0,0.997,0,1,0,-0.997,0,-0.075],"_humanoidState":5,"_cameraCFrame":[752.182,245.371,37.65,-0.121,-0.96,0.251,0,0.253,0.967,-0.993,0.117,-0.031],"_shiftlockState":false,"_pose":"FreeFall","_animationQueue":[],"_animationSpeed":1,"_zoom":16.76},{"_mousePosition":[702,266],"_rootPartCFrame":[747.709,228.151,38.194,-0.081,0,0.997,0,1,0,-0.997,0,-0.081],"_humanoidState":5,"_cameraCFrame":[751.901,245.87,37.661,-0.126,-0.96,0.25,0,0.252,0.968,-0.992,0.122,-0.032],"_shiftlockState":false,"_pose":"FreeFall","_animationQueue":[],"_animationSpeed":1,"_zoom":16.76},{"_mousePosition":[702,266],"_rootPartCFrame":[747.444,228.592,38.226,-0.086,0,0.996,0,1,0,-0.996,0,-0.086],"_humanoidState":5,"_cameraCFrame":[751.621,246.314,37.673,-0.131,-0.96,0.249,0,0.251,0.968,-0.991,0.127,-0.033],"_shiftlockState":false,"_pose":"FreeFall","_animationQueue":[],"_animationSpeed":1,"_zoom":16.76},{"_mousePosition":[702,266],"_rootPartCFrame":[747.179,228.978,38.26,-0.092,0,0.996,0,1,0,-0.996,0,-0.092],"_humanoidState":5,"_cameraCFrame":[751.34,246.703,37.687,-0.136,-0.959,0.248,0,0.251,0.968,-0.991,0.132,-0.034],"_shiftlockState":false,"_pose":"FreeFall","_animationQueue":[],"_animationSpeed":1,"_zoom":16.76},{"_mousePosition":[702,266],"_rootPartCFrame":[746.915,229.309,38.295,-0.097,0,0.995,0,1,0,-0.995,0,-0.097],"_humanoidState":5,"_cameraCFrame":[751.06,247.038,37.706,-0.141,-0.959,0.247,0,0.25,0.968,-0.99,0.136,-0.035],"_shiftlockState":false,"_pose":"FreeFall","_animationQueue":[],"_animationSpeed":1,"_zoom":16.76},{"_mousePosition":[702,266],"_rootPartCFrame":[746.651,229.586,38.331,-0.102,0,0.995,0,1,0,-0.995,0,-0.102],"_humanoidState":5,"_cameraCFrame":[750.781,247.319,37.731,-0.144,-0.958,0.246,0,0.249,0.968,-0.99,0.139,-0.036],"_shiftlockState":false,"_pose":"FreeFall","_animationQueue":[],"_animationSpeed":1,"_zoom":16.76},{"_mousePosition":[702,266],"_rootPartCFrame":[746.387,229.809,38.368,-0.107,0,0.994,0,1,0,-0.994,0,-0.107],"_humanoidState":5,"_cameraCFrame":[750.49,247.548,37.763,-0.146,-0.959,0.245,0,0.247,0.969,-0.989,0.141,-0.036],"_shiftlockState":false,"_pose":"FreeFall","_animationQueue":[],"_animationSpeed":1,"_zoom":16.7