[{"_mousePosition":[719,371],"_rootPartCFrame":[776.028,222.7,47.142,0,0,1,0,1,0,-1,0,0],"_humanoidState":8,"_cameraCFrame":[777.82,246.86,42.086,-0.943,-0.325,0.077,0,0.23,0.973,-0.334,0.917,-0.217],"_shiftlockState":false,"_pose":"Standing","_animationQueue":[],"_animationSpeed":1,"_zoom":23.286},{"_mousePosition":[719,371],"_rootPartCFrame":[775.866,222.7,47.085,0.034,0,0.999,0,1,0,-0.999,0,0.034],"_humanoidState":8,"_cameraCFrame":[777.601,246.891,42.149,-0.943,-0.323,0.075,0,0.225,0.974,-0.332,0.919,-0.212],"_shiftlockState":false,"_pose":"Standing","_animationQueue":[],"_animationSpeed":1,"_zoom":23.286},{"_mousePosition":[719,371],"_rootPartCFrame":[775.617,222.7,46.996,0.075,0,0.997,0,1,0,-0.997,0,0.075],"_humanoidState":8,"_cameraCFrame":[777.281,246.931,42.223,-0.944,-0.321,0.071,0,0.217,0.976,-0.329,0.922,-0.205],"_shiftlockState":false,"_pose":"Running","_animationQueue":[["walk",0.1]],"_animationSpeed":1.003,"_zoom":23.286},{"_mousePosition":[719,371],"_rootPartCFrame":[775.365,222.7,46.908,0.11,0,0.994,0,1,0,-0.994,0,0.11],"_humanoidState":8,"_cameraCFrame":[776.96,246.969,42.298,-0.945,-0.32,0.068,0,0.209,0.978,-0.327,0.924,-0.198],"_shiftlockState":false,"_pose":"Running","_animationQueue":[["walk",0.1]],"_animationSpeed":1.101,"_zoom":23.286},{"_mousePosition":[719,371],"_rootPartCFrame":[775.113,222.7,46.82,0.141,0,0.99,0,1,0,-0.99,0,0.141],"_humanoidState":8,"_cameraCFrame":[776.638,247.007,42.375,-0.946,-0.318,0.065,0,0.202,0.979,-0.325,0.926,-0.191],"_shiftlockState":false,"_pose":"Running","_animationQueue":[],"_animationSpeed":1.101,"_zoom":23.286},{"_mousePosition":[719,371],"_rootPartCFrame":[774.861,222.7,46.732,0.166,0,0.986,0,1,0,-0.986,0,0.166],"_humanoidState":8,"_cameraCFrame":[776.329,247.043,42.456,-0.946,-0.318,0.063,0,0.194,0.981,-0.325,0.928,-0.184],"_shiftlockState":false,"_pose":"Running","_animationQueue":[],"_animationSpeed":1.101,"_zoom":23.286},{"_mousePosition":[719,371],"_rootPartCFrame":[774.609,222.7,46.646,0.188,0,0.982,0,1,0,-0.982,0,0.188],"_humanoidState":8,"_cameraCFrame":[776.008,247.077,42.534,-0.947,-0.316,0.06,0,0.187,0.982,-0.322,0.93,-0.177],"_shiftlockState":false,"_pose":"Running","_animationQueue":[],"_animationSpeed":1.101,"_zoom":23.286},{"_mousePosition":[719,371],"_rootPartCFrame":[774.357,222.7,46.559,0.207,0,0.978,0,1,0,-0.978,0,0.207],"_humanoidState":8,"_cameraCFrame":[775.684,247.118,42.659,-0.947,-0.317,0.057,0,0.177,0.984,-0.322,0.932,-0.168],"_shiftlockState":false,"_pose":"Running","_animationQueue":[],"_animationSpeed":1.101,"_zoom":23.286},{"_mousePosition":[719,371],"_rootPartCFrame":[774.104,222.7,46.473,0.223,0,0.975,0,1,0,-0.975,0,0.223],"_humanoidState":8,"_cameraCFrame":[775.407,247.132,42.645,-0.947,-0.317,0.056,0,0.174,0.985,-0.322,0.932,-0.164],"_shiftlockState":false,"_pose":"Running","_animationQueue":[["walk",0.1]],"_animationSpeed":1.101,"_zoom":23.286},{"_mousePosition":[719,371],"_rootPartCFrame":[773.852,222.7,46.387,0.236,0,0.972,0,1,0,-0.972,0,0.236],"_humanoidState":8,"_cameraCFrame":[775.145,247.132,42.556,-0.948,-0.315,0.056,0,0.174,0.985,-0.32,0.933,-0.165],"_shiftlockState":false,"_pose":"Running","_animationQueue":[],"_animationSpeed":1.101,"_zoom":23.286},{"_mousePosition":[719,371],"_rootPartCFrame":[773.6,222.7,46.302,0.248,0,0.969,0,1,0,-0.969,0,0.248],"_humanoidState":8,"_cameraCFrame":[774.883,247.132,42.467,-0.948,-0.313,0.055,0,0.174,0.985,-0.317,0.934,-0.165],"_shiftlockState":false,"_pose":"Running","_animationQueue":[],"_animationSpeed":1.101,"_zoom":23.286},{"_mousePosition":[719,371],"_rootPartCFrame":[773.347,222.7,46.216,0.258,0,0.966,0,1,0,-0.966,0,0.258],"_humanoidState":8,"_cameraCFrame":[774.62,247.132,42.378,-0.949,-0.31,0.055,0,0.174,0.985,-0.315,0.935,-0.165],"_shiftlockState":false,"_pose":"Running","_animationQueue":[],"_animationSpeed":1.101,"_zoom":23.286},{"_mousePosition":[719,371],"_rootPartCFrame":[773.094,222.7,46.132,0.266,0,0.964,0,1,0,-0.964,0,0.266],"_humanoidState":8,"_cameraCFrame":[774.348,247.132,42.287,-0.951,-0.305,0.054,0,0.174,0.985,-0.31,0.936,-0.165],"_shiftlockState":false,"_pose":"Running","_animationQueue":[],"_animationSpeed":1.101,"_zoom":23.286},{"_mousePosition":[719,371],"_rootPartCFrame":[772.841,222.7,46.048,0.273,0,0.962,0,1,0,-0.962,0,0.273],"_humanoidState":8,"_cameraCFrame":[774.095,247.132,42.203,-0.951,-0.305,0.054,0,0.174,0.985,-0.31,0.936,-0.165],"_shiftlockState":false,"_pose":"Running","_animationQueue":[],"_animationSpeed":1.101,"_zoom":23.286},{"_mousePosition":[719,371],"_rootPartCFrame":[772.587,222.7,45.965,0.278,0,0.961,0,1,0,-0.961,0,0.278],"_humanoidState":8,"_cameraCFrame":[773.832,247.132,42.117,-0.951,-0.303,0.053,0,0.174,0.985,-0.308,0.937,-0.165],"_shiftlockState":false,"_pose":"Running","_animationQueue":[["walk",0.1]],"_animationSpeed":1.101,"_zoom":23.286},{"_mousePosition":[719,371],"_rootPartCFrame":[772.334,222.7,45.882,0.282,0,0.959,0,1,0,-0.959,0,0.282],"_humanoidState":8,"_cameraCFrame":[773.578,247.132,42.035,-0.951,-0.303,0.053,0,0.174,0.985,-0.308,0.937,-0.165],"_shiftlockState":false,"_pose":"Running","_animationQueue":[],"_animationSpeed":1.101,"_zoom":23.286},{"_mousePosition":[719,371],"_rootPartCFrame":[772.08,222.7,45.8,0.286,0,0.958,0,1,0,-0.958,0,0.286],"_humanoidState":8,"_cameraCFrame":[773.325,247.132,41.953,-0.951,-0.303,0.053,0,0.174,0.985,-0.308,0.937,-0.165],"_shiftlockState":false,"_pose":"Running","_animationQueue":[],"_animationSpeed":1.101,"_zoom":23.286},{"_mousePosition":[719,371],"_rootPartCFrame":[771.826,222.7,45.718,0.289,0,0.957,0,1,0,-0.957,0,0.289],"_humanoidState":8,"_cameraCFrame":[773.071,247.132,41.87,-0.951,-0.303,0.053,0,0.174,0.985,-0.308,0.937,-0.165],"_shiftlockState":false,"_pose":"Running","_animationQueue":[],"_animationSpeed":1.101,"_zoom":23.286},{"_mousePosition":[719,371],"_rootPartCFrame":[771.573,222.7,45.636,0.291,0,0.957,0,1,0,-0.957,0,0.291],"_humanoidState":8,"_cameraCFrame":[772.817,247.132,41.788,-0.951,-0.303,0.053,0,0.174,0.985,-0.308,0.937,-0.165],"_shiftlockState":false,"_pose":"Running","_animationQueue":[],"_animationSpeed":1.101,"_zoom":23.286},{"_mousePosition":[719,371],"_rootPartCFrame":[771.319,222.7,45.554,0.294,0,0.956,0,1,0,-0.956,0,0.294],"_humanoidState":8,"_cameraCFrame":[772.563,247.132,41.706,-0.951,-0.303,0.053,0,0.174,0.985,-0.308,0.937,-0.165],"_shiftlockState":false,"_pose":"Running","_animationQueue":[],"_animationSpeed":1.101,"_zoom":23.286},{"_mousePosition":[719,371],"_rootPartCFrame":[771.065,222.7,45.472,0.295,0,0.955,0,1,0,-0.955,0,0.295],"_humanoidState":8,"_cameraCFrame":[772.309,247.132,41.624,-0.951,-0.303,0.053,0,0.174,0.985,-0.308,0.937,-0.165],"_shiftlockState":false,"_pose":"Running","_animationQueue":[],"_animationSpeed":1.101,"_zoom":23.286},{"_mousePosition":[719,371],"_rootPartCFrame":[770.811,222.7,45.39,0.297,0,0.955,0,1,0,-0.955,0,0.297],"_humanoidState":8,"_cameraCFrame":[772.056,247.132,41.542,-0.951,-0.303,0.053,0,0.174,0.985,-0.308,0.937,-0.165],"_shiftlockState":false,"_pose":"Running","_animationQueue":[["walk",0.1]],"_animationSpeed":1.101,"_zoom":23.286},{"_mousePosition":[719,371],"_rootPartCFrame":[770.558,222.7,45.308,0.299,0,0.954,0,1,0,-0.954,0,0.299],"_humanoidState":8,"_cameraCFrame":[771.802,247.132,41.46,-0.951,-0.303,0.053,0,0.174,0.985,-0.308,0.937,-0.165],"_shiftlockState":false,"_pose":"Running","_animationQueue":[],"_animationSpeed":1.101,"_zoom":23.286},{"_mousePosition":[719,371],"_rootPartCFrame":[770.304,222.7,45.225,0.3,0,0.954,0,1,0,-0.954,0,0.3],"_humanoidState":8,"_cameraCFrame":[771.548,247.132,41.378,-0.951,-0.303,0.053,0,0.174,0.985,-0.308,0.937,-0.165],"_shiftlockState":false,"_pose":"Running","_animationQueue":[],"_animationSpeed":1.101,"_zoom":23.286},{"_mousePosition":[719,371],"_rootPartCFrame":[770.05,222.666,45.143,0.301,0,0.954,0,1,0,-0.954,0,0.301],"_humanoidState":8,"_cameraCFrame":[769.641,247.098,40.756,-0.951,-0.305,0.054,0,0.174,0.985,-0.31,0.936,-0.165],"_shiftlockState":true,"_pose":"Running","_animationQueue":[],"_animationSpeed":1.101,"_zoom":23.286},{"_mousePosition":[683,384],"_rootPartCFrame":[769.796,222.577,45.061,-0.95,0,0.311,0,1,0,-0.311,0,-0.95],"_humanoidState":8,"_cameraCFrame":[769.387,247.01,40.674,-0.951,-0.305,0.054,0,0.174,0.985,-0.31,0.936,-0.165],"_shiftlockState":true,"_pose":"Running","_animationQueue":[],"_animationSpeed":1.101,"_zoom":23.286},{"_mousePosition":[683,384],"_rootPartCFrame":[769.543,222.434,44.979,-0.95,0,0.311,0,1,0,-0.311,0,-0.95],"_humanoidState":8,"_cameraCFrame":[769.133,246.866,40.592,-0.951,-0.305,0.054,0,0.174,0.985,-0.31,0.936,-0.165],"_shiftlockState":true,"_pose":"Running","_animationQueue":[],"_animationSpeed":1.101,"_zoom":23.286},{"_mousePosition":[683,384],"_rootPartCFrame":[769.289,222.236,44.897,-0.95,0,0.311,0,1,0,-0.311,0,-0.95],"_humanoidState":8,"_cameraCFrame":[768.88,246.669,40.51,-0.951,-0.305,0.054,0,0.174,0.985,-0.31,0.936,-0.165],"_shiftlockState":true,"_pose":"Running","_animationQueue":[["walk",0.1]],"_animationSpeed":1.101,"_zoom":23.286},{"_mousePosition":[683,384],"_rootPartCFrame":[769.035,223.11,44.815,-0.95,0,0.311,0,1,0,-0.311,0,-0.95],"_humanoidState":3,"_cameraCFrame":[768.626,247.542,40.428,-0.951,-0.305,0.054,0,0.174,0.985,-0.31,0.936,-0.165],"_shiftlockState":true,"_pose":"Jumping","_animationQueue":[["walk",0.1],["jump",0.1]],"_animationSpeed":1,"_zoom":23.286},{"_mousePosition":[683,384],"_rootPartCFrame":[768.782,223.932,44.733,-0.918,0,0.397,0,1,0,-0.397,0,-0.918],"_humanoidState":5,"_cameraCFrame":[768.372,248.364,40.346,-0.951,-0.305,0.054,0,0.174,0.985,-0.31,0.936,-0.165],"_shiftlockState":true,"_pose":"FreeFall","_animationQueue":[["jump",0.1]],"_animationSpeed":1,"_zoom":23.286},{"_mousePosition":[683,384],"_rootPartCFrame":[768.529,224.699,44.65,-0.903,0,0.429,0,1,0,-0.429,0,-0.903],"_humanoidState":5,"_cameraCFrame":[768.119,249.132,40.263,-0.951,-0.305,0.054,0,0.174,0.985,-0.31,0.936,-0.165],"_shiftlockState":true,"_pose":"FreeFall","_animationQueue":[],"_animationSpeed":1,"_zoom":23.286},{"_mousePosition":[683,384],"_rootPartCFrame":[768.275,225.412,44.567,-0.901,0,0.433,0,1,0,-0.433,0,-0.901],"_humanoidState":5,"_cameraCFrame":[767.865,249.845,40.18,-0.951,-0.305,0.054,0,0.174,0.985,-0.31,0.936,-0.165],"_shiftlockState":true,"_pose":"FreeFall","_animationQueue":[],"_animationSpeed":1,"_zoom":23.286},{"_mousePosition":[683,384],"_rootPartCFrame":[768.022,226.071,44.484,-0.901,0,0.434,0,1,0,-0.434,0,-0.901],"_humanoidState":5,"_cameraCFrame":[767.612,250.503,40.097,-0.951,-0.305,0.054,0,0.174,0.985,-0.31,0.936,-0.165],"_shiftlockState":true,"_pose":"FreeFall","_animationQueue":[],"_animationSpeed":1,"_zoom":23.286},{"_mousePosition":[683,384],"_rootPartCFrame":[767.768,226.675,44.402,-0.901,0,0.434,0,1,0,-0.434,0,-0.901],"_humanoidState":5,"_cameraCFrame":[767.359,251.107,40.015,-0.951,-0.305,0.054,0,0.174,0.985,-0.31,0.936,-0.165],"_shiftlockState":true,"_pose":"FreeFall","_animationQueue":[],"_animationSpeed":1,"_zoom":23.286},{"_mousePosition":[683,384],"_rootPartCFrame":[767.515,227.224,44.319,-0.901,0,0.434,0,1,0,-0.434,0,-0.901],"_humanoidState":5,"_cameraCFrame":[767.105,251.657,39.932,-0.951,-0.305,0.054,0,0.174,0.985,-0.31,0.936,-0.165],"_shiftlockState":true,"_pose":"FreeFall","_animationQueue":[],"_animationSpeed":1,"_zoom":23.286},{"_mousePosition":[683,384],"_rootPartCFrame":[767.261,227.719,44.236,-0.901,0,0.434,0,1,0,-0.434,0,-0.901],"_humanoidState":5,"_cameraCFrame":[766.852,252.152,39.849,-0.951,-0.305,0.054,0,0.174,0.985,-0.31,0.936,-0.165],"_shiftlockState":true,"_pose":"FreeFall","_animationQueue":[],"_animationSpeed":1,"_zoom":23.286},{"_mousePosition":[683,384],"_rootPartCFrame":[767.008,228.16,44.154,-0.901,0,0.434,0,1,0,-0.434,0,-0.901],"_humanoidState":5,"_cameraCFrame":[766.598,252.592,39.767,-0.951,-0.305,0.054,0,0.174,0.985,-0.31,0.936,-0.165],"_shiftlockState":true,"_pose":"FreeFall","_animationQueue":[],"_animationSpeed":1,"_zoom":23.286},{"_mousePosition":[683,384],"_rootPartCFrame":[766.755,228.546,44.071,-0.901,0,0.434,0,1,0,-0.434,0,-0.901],"_humanoidState":5,"_cameraCFrame":[766.345,252.978,39.684,-0.951,-0.305,0.054,0,0.174,0.985,-0.31,0.936,-0.165],"_shiftlockState":true,"_pose":"FreeFall","_animationQueue":[],"_animationSpeed":1,"_zoom":23.286},{"_mousePosition":[683,384],"_rootPartCFrame":[766.501,228.877,43.988,-0.901,0,0.434,0,1,0,-0.434,0,-0.901],"_humanoidState":5,"_cameraCFrame":[766.092,253.31,39.601,-0.951,-0.305,0.054,0,0.174,0.985,-0.31,0.936,-0.165],"_shiftlockState":true,"_pose":"FreeFall","_animationQueue":[],"_animationSpeed":1,"_zoom":23.286},{"_mousePosition":[683,384],"_rootPartCFrame":[766.248,229.154,43.906,-0.901,0,0.434,0,1,0,-0.434,0,-0.901],"_humanoidState":5,"_cameraCFrame":[765.838,253.587,39.519,-0.951,-0.305,0.054,0,0.174,0.985,-0.31,0.936,-0.165],"_shiftlockState":true,"_pose":"FreeFall","_animationQueue":[],"_animationSpeed":1,"_zoom":23.286},{"_mousePosition":[683,384],"_rootPartCFrame":[765.994,229.377,43.823,-0.901,0,0.434,0,1,0,-0.434,0,-0.901],"_humanoidState":5,"_cameraCFrame":[765.585,253.809,39.436,-0.951,-0.305,0.054,0,0.174,0.985,-0.31,0.936,-0.165],"_shiftlockState":true,"_pose":"FreeFall","_animationQueue":[],"_animationSpeed":1,"_zoom":23.286},{"_mousePosition":[683,384],"_rootPartCFrame":[765.741,229.545,43.74,-0.901,0,0.434,0,1,0,-0.434,0,-0.901],"_humanoidState":5,"_cameraCFrame":[765.311,253.598,39.417,-0.951,-0.305,0.054,0,0.174,0.985,-0.31,0.936,-0.165],"_shiftlockState":true,"_pose":"FreeFall","_animationQueue":[],"_animationSpeed":1,"_zoom":18.229},{"_mousePosition":[683,384],"_rootPartCFrame":[765.487,229.658,43.657,-0.901,0,0.434,0,1,0,-0.434,0,-0.901],"_humanoidState":5,"_cameraCFrame":[765.013,252.898,39.47,-0.951,-0.305,0.054,0,0.174,0.985,-0.31,0.936,-0.165],"_shiftlockState":true,"_pose":"FreeFall","_animationQueue":[],"_animationSpeed":1,"_zoom":18.229},{"_mousePosition":[683,384],"_rootPartCFrame":[765.234,229.717,43.575,-0.901,0,0.434,0,1,0,-0.434,0,-0.901],"_humanoidState":5,"_cameraCFrame":[764.712,252.094,39.532,-0.951,-0.305,0.054,0,0.174,0.985,-0.31,0.936,-0.165],"_shiftlockState":true,"_pose":"FreeFall","_animationQueue":[],"_animationSpeed":1,"_zoom":18.229},{"_mousePosition":[683,384],"_rootPartCFrame":[764.981,229.722,43.492,-0.901,0,0.434,0,1,0,-0.434,0,-0.901],"_humanoidState":5,"_cameraCFrame":[764.419,251.383,39.57,-0.951,-0.305,0.054,0,0.174,0.985,-0.31,0.936,-0.165],"_shiftlockState":true,"_pose":"FreeFall","_animationQueue":[],"_animationSpeed":1,"_zoom":18.229},{"_mousePosition":[683,384],"_rootPartCFrame":[764.727,229.672,43.409,-0.901,0,0.434,0,1,0,-0.434,0,-0.901],"_humanoidState":5,"_cameraCFrame":[764.131,250.687,39.595,-0.951,-0.305,0.054,0,0.174,0.985,-0.31,0.936,-0.165],"_shiftlockState":true,"_pose":"FreeFall","_animationQueue":[],"_animationSpeed":1,"_zoom":18.229},{"_mousePosition":[683,384],"_rootPartCFrame":[764.474,229.567,43.327,-0.901,0,0.434,0,1,0,-0.434,0,-0.901],"_humanoidState":5,"_cameraCFrame":[763.852,250.123,39.589,-0.951,-0.305,0.054,0,0.174,0.985,-0.31,0.936,-0.165],"_shiftlockState":true,"_pose":"FreeFall","_animationQueue":[],"_animationSpeed":1,"_zoom":18.229},{"_mousePosition":[683,384],"_rootPartCFrame":[764.22,229.408,43.244,-0.901,0,0.434,0,1,0,-0.434,0,-0.901],"_humanoidState":5,"_cameraCFrame":[763.565,249.342,39.611,-0.951,-0.305,0.054,0,0.174,0.985,-0.31,0.936,-0.165],"_shiftlockState":true,"_pose":"FreeFall","_animationQueue":[["fall",0.3]],"_animationSpeed":1,"_zoom":14.183},{"_mousePosition":[683,384],"_rootPartCFrame":[763.967,229.195,43.161,-0.901,0,0.434,0,1,0,-0.434,0,-0.901],"_humanoidState":5,"_cameraCFrame":[763.265,248.285,39.67,-0.951,-0.305,0.054,0,0.174,0.985,-0.31,0.936,-0.165],"_shiftlockState":true,"_pose":"FreeFall","_animationQueue":[],"_animationSpeed":1,"_zoom":14.183},{"_mousePosition":[683,384],"_rootPartCFrame":[763.714,228.927,43.079,-0.901,0,0.434,0,1,0,-0.434,0,-0.901],"_humanoidState":5,"_cameraCFrame":[762.962,247.101,39.741,-0.951,-0.305,0.054,0,0.174,0.985,-0.31,0.936,-0.165],"_shiftlockState":true,"_pose":"FreeFall","_animationQueue":[],"_animationSpeed":1,"_zoom":14.183},{"_mousePosition":[683,384],"_rootPartCFrame":[763.46,228.604,42.996,-0.901,0,0.434,0,1,0,-0.434,0,-0.901],"_humanoidState":5,"_cameraCFrame":[762.671,246.092,39.773,-0.951,-0.305,0.054,0,0.174,0.985,-0.31,0.936,-0.165],"_shiftlockState":true,"_pose":"FreeFall","_animationQueue":[],"_animationSpeed":1,"_zoom":14.183},{"_mousePosition":[683,384],"_rootPartCFrame":[763.207,228.228,42.913,-0.901,0,0.434,0,1,0,-0.434,0,-0.901],"_humanoidState":5,"_cameraCFrame":[762.388,245.172,39.781,-0.951,-0.305,0.054,0,0.174,0.985,-0.31,0.936,-0.165],"_shiftlockState":true,"_pose":"FreeFall","_animationQueue":[],"_animationSpeed":1,"_zoom":14.183},{"_mousePosition":[683,384],"_rootPartCFrame":[762.953,227.796,42.83,-0.901,0,0.434,0,1,0,-0.434,0,-0.901],"_humanoidState":5,"_cameraCFrame":[762.11,244.302,39.772,-0.951,-0.305,0.054,0,0.174,0.985,-0.31,0.936,-0.165],"_shiftlockState":true,"_pose":"FreeFall","_animationQueue":[],"_animationSpeed":1,"_zoom":14.183},{"_mousePosition":[683,384],"_rootPartCFrame":[762.7,227.31,42.748,-0.901,0,0.434,0,1,0,-0.434,0,-0.901],"_humanoidState":5,"_cameraCFrame":[761.84,243.513,39.74,-0.951,-0.305,0.054,0,0.174,0.985,-0.31,0.936,-0.165],"_shiftlockState":true,"_pose":"FreeFall","_animationQueue":[],"_animationSpeed":1,"_zoom":14.183},{"_mousePosition":[683,384],"_rootPartCFrame":[762.446,226.77,42.665,-0.901,0,0.434,0,1,0,-0.434,0,-0.901],"_humanoidState":5,"_cameraCFrame":[761.574,242.741,39.696,-0.951,-0.305,0.054,0,0.174,0.985,-0.31,0.936,-0.165],"_shiftlockState":true,"_pose":"FreeFall","_animationQueue":[["fall",0.3]],"_animationSpeed":1,"_zoom":14.183},{"_mousePosition":[683,384],"_rootPartCFrame":[762.193,226.175,42.582,-0.901,0,0.434,0,1,0,-0.434,0,-0.901],"_humanoidState":5,"_cameraCFrame":[761.319,241.984,39.639,-0.95,-0.308,0.054,0,0.174,0.985,-0.313,0.935,-0.165],"_shiftlockState":true,"_pose":"FreeFall","_animationQueue":[],"_animationSpeed":1,"_zoom":14.183},{"_mousePosition":[683,384],"_rootPartCFrame":[761.94,225.525,42.5,-0.9,0,0.436,0,1,0,-0.436,0,-0.9],"_humanoidState":5,"_cameraCFrame":[761.06,241.229,39.574,-0.95,-0.308,0.054,0,0.174,0.985,-0.313,0.935,-0.165],"_shiftlockState":true,"_pose":"FreeFall","_animationQueue":[],"_animationSpeed":1,"_zoom":14.183},{"_mousePosition":[683,384],"_rootPartCFrame":[761.686,224.821,42.416,-0.9,0,0.436,0,1,0,-0.436,0,-0.9],"_humanoidState":5,"_cameraCFrame":[760.802,240.447,39.503,-0.95,-0.308,0.054,0,0.174,0.985,-0.313,0.935,-0.165],"_shiftlockState":true,"_pose":"FreeFall","_animationQueue":[],"_animationSpeed":1,"_zoom":14.183},{"_mousePosition":[683,384],"_rootPartCFrame":[761.433,224.063,42.333,-0.9,0,0.436,0,1,0,-0.436,0,-0.9],"_humanoidState":5,"_cameraCFrame":[760.546,239.635,39.429,-0.95,-0.308,0.054,0,0.174,0.985,-0.313,0.935,-0.165],"_shiftlockState":true,"_pose":"FreeFall","_animationQueue":[],"_animationSpeed":1,"_zoom":14.183},{"_mousePosition":[683,384],"_rootPartCFrame":[761.179,223.25,42.25,-0.9,0,0.436,0,1,0,-0.436,0,-0.9],"_humanoidState":5,"_cameraCFrame":[760.291,238.787,39.352,-0.95,-0.308,0.054,0,0.174,0.985,-0.313,0.935,-0.165],"_shiftlockState":true,"_pose":"FreeFall","_animationQueue":[],"_animationSpeed":1,"_zoom":14.183},{"_mousePosition":[683,384],"_rootPartCFrame":[760.926,222.382,42.166,-0.9,0,0.436,0,1,0,-0.436,0,-0.9],"_humanoidState":5,"_cameraCFrame":[760.036,237.896,39.272,-0.95,-0.308,0.054,0,0.174,0.985,-0.313,0.935,-0.165],"_shiftlockState":true,"_pose":"FreeFall","_animationQueue":[["fall",0.3]],"_animationSpeed":1,"_zoom":14.183},{"_mousePosition":[683,384],"_rootPartCFrame":[760.673,221.46,42.083,-0.9,0,0.436,0,1,0,-0.436,0,-0.9],"_humanoidState":5,"_cameraCFrame":[759.782,236.959,39.191,-0.95,-0.308,0.054,0,0.174,0.985,-0.313,0.935,-0.165],"_shiftlockState":true,"_pose":"FreeFall","_animationQueue":[],"_animationSpeed":1,"_zoom":14.183},{"_mousePosition":[683,384],"_rootPartCFrame":[760.421,221.322,42,-0.938,0,0.346,0,1,0,-0.346,0,-0.938],"_humanoidState":7,"_cameraCFrame":[759.53,236.81,39.11,-0.95,-0.308,0.054,0,0.174,0.985,-0.313,0.935,-0.165],"_shiftlockState":true,"_pose":"FreeFall","_animationQueue":[["walk",0.1],["fall",0.3],["fall",0.3]],"_animationSpeed":1,"_zoom":14.183},{"_mousePosition":[683,384],"_rootPartCFrame":[760.17,221.319,41.918,-0.949,0,0.315,0,1,0,-0.315,0,-0.949],"_humanoidState":7,"_cameraCFrame":[759.278,236.8,39.029,-0.95,-0.308,0.054,0,0.174,0.985,-0.313,0.935,-0.165],"_shiftlockState":true,"_pose":"FreeFall","_animationQueue":[],"_animationSpeed":1,"_zoom":14.183},{"_mousePosition":[683,384],"_rootPartCFrame":[759.919,221.215,41.835,-0.95,0,0.313,0,1,0,-0.313,0,-0.95],"_humanoidState":8,"_cameraCFrame":[759.012,236.691,38.952,-0.951,-0.303,0.053,0,0.174,0.985,-0.308,0.937,-0.165],"_shiftlockState":true,"_pose":"Running","_animationQueue":[["walk",0.1],["fall",0.3],["walk",0.1]],"_animationSpeed":1.094,"_zoom":14.183},{"_mousePosition":[683,384],"_rootPartCFrame":[759.666,221.046,41.752,-0.951,0,0.308,0,1,0,-0.308,0,-0.951],"_humanoidState":8,"_cameraCFrame":[758.738,236.519,38.876,-0.954,-0.296,0.052,0,0.174,0.985,-0.3,0.939,-0.166],"_shiftlockState":true,"_pose":"Running","_animationQueue":[],"_animationSpeed":1.094,"_zoom":14.183},{"_mousePosition":[683,384],"_rootPartCFrame":[759.413,220.822,41.67,-0.954,0,0.301,0,1,0,-0.301,0,-0.954],"_humanoidState":8,"_cameraCFrame":[758.441,236.293,38.809,-0.958,-0.282,0.05,0,0.174,0.985,-0.286,0.944,-0.166],"_shiftlockState":true,"_pose":"Running","_animationQueue":[["walk",0.1]],"_animationSpeed":1.094,"_zoom":14.183},{"_mousePosition":[683,384],"_rootPartCFrame":[759.159,220.544,41.59,-0.958,0,0.286,0,1,0,-0.286,0,-0.958],"_humanoidState":8,"_cameraCFrame":[758.136,236.014,38.746,-0.963,-0.265,0.047,0,0.174,0.985,-0.269,0.949,-0.167],"_shiftlockState":true,"_pose":"Running","_animationQueue":[],"_animationSpeed":1.094,"_zoom":14.183},{"_mousePosition":[683,384],"_rootPartCFrame":[758.904,220.292,41.513,-0.963,0,0.269,0,1,0,-0.269,0,-0.963],"_humanoidState":8,"_cameraCFrame":[757.824,235.761,38.691,-0.968,-0.246,0.043,0,0.174,0.985,-0.249,0.954,-0.168],"_shiftlockState":true,"_pose":"Running","_animationQueue":[],"_animationSpeed":1.094,"_zoom":14.183},{"_mousePosition":[683,384],"_rootPartCFrame":[758.648,220.297,41.441,-0.968,0,0.249,0,1,0,-0.249,0,-0.968],"_humanoidState":8,"_cameraCFrame":[757.504,235.766,38.645,-0.974,-0.224,0.039,0,0.174,0.985,-0.227,0.959,-0.169],"_shiftlockState":true,"_pose":"Running","_animationQueue":[],"_animationSpeed":1.094,"_zoom":14.183},{"_mousePosition":[683,384],"_rootPartCFrame":[758.391,220.339,41.375,-0.974,0,0.227,0,1,0,-0.227,0,-0.974],"_humanoidState":8,"_cameraCFrame":[757.169,235.807,38.611,-0.98,-0.197,0.035,0,0.174,0.985,-0.2,0.965,-0.17],"_shiftlockState":true,"_pose":"Running","_animationQueue":[],"_animationSpeed":1.094,"_zoom":14.183},{"_mousePosition":[683,384],"_rootPartCFrame":[758.132,220.376,41.314,-0.98,0,0.2,0,1,0,-0.2,0,-0.98],"_humanoidState":8,"_cameraCFrame":[756.827,235.844,38.589,-0.985,-0.168,0.03,0,0.174,0.985,-0.17,0.97,-0.171],"_shiftlockState":true,"_pose":"Running","_animationQueue":[],"_animationSpeed":1.094,"_zoom":14.183},{"_mousePosition":[683,384],"_rootPartCFrame":[757.872,220.408,41.26,-0.985,0,0.17,0,1,0,-0.17,0,-0.985],"_humanoidState":8,"_cameraCFrame":[756.444,235.876,38.597,-0.992,-0.123,0.022,0,0.174,0.985,-0.125,0.977,-0.172],"_shiftlockState":true,"_pose":"Running","_animationQueue":[],"_animationSpeed":1.094,"_zoom":14.183},{"_mousePosition":[683,384],"_rootPartCFrame":[757.611,220.437,41.214,-0.992,0,0.125,0,1,0,-0.125,0,-0.992],"_humanoidState":8,"_cameraCFrame":[756.096,235.905,38.6,-0.996,-0.091,0.016,0,0.174,0.985,-0.093,0.981,-0.173],"_shiftlockState":true,"_pose":"Running","_animationQueue":[["walk",0.1]],"_animationSpeed":1.094,"_zoom":14.183},{"_mousePosition":[683,384],"_rootPartCFrame":[757.349,220.466,41.18,-0.996,0,0.093,0,1,0,-0.093,0,-0.996],"_humanoidState":8,"_cameraCFrame":[755.749,235.934,38.617,-0.998,-0.059,0.01,0,0.174,0.985,-0.06,0.983,-0.173],"_shiftlockState":true,"_pose":"Running","_animationQueue":[],"_animationSpeed":1.094,"_zoom":14.183},{"_mousePosition":[683,384],"_rootPartCFrame":[757.086,220.498,41.155,-0.998,0,0.06,0,1,0,-0.06,0,-0.998],"_humanoidState":8,"_cameraCFrame":[755.409,235.965,38.642,-1,-0.029,0.005,0,0.174,0.985,-0.029,0.984,-0.174],"_shiftlockState":true,"_pose":"Running","_animationQueue":[],"_animationSpeed":1.094,"_zoom":14.183},{"_mousePosition":[683,384],"_rootPartCFrame":[756.823,220.532,41.139,-1,0,0.029,0,1,0,-0.029,0,-1],"_humanoidState":8,"_cameraCFrame":[755.07,236,38.677,-1,0.001,0,0,0.174,0.985,0.001,0.985,-0.174],"_shiftlockState":true,"_pose":"Running","_animationQueue":[],"_animationSpeed":1.094,"_zoom":14.183},{"_mousePosition":[683,384],"_rootPartCFrame":[756.56,220.569,41.13,-1,0,-0.001,0,1,0,0.001,0,-1],"_humanoidState":8,"_cameraCFrame":[754.746,236.037,38.714,-1,0.026,-0.005,0,0.174,0.985,0.026,0.984,-0.174],"_shiftlockState":true,"_pose":"Running","_animationQueue":[],"_animationSpeed":1.094,"_zoom":14.183},{"_mousePosition":[683,384],"_rootPartCFrame":[756.297,220.609,41.13,-1,0,-0.026,0,1,0,0.026,0,-1],"_humanoidState":8,"_cameraCFrame":[754.423,236.077,38.76,-0.999,0.051,-0.009,0,0.174,0.985,0.052,0.983,-0.173],"_shiftlockState":true,"_pose":"Running","_animationQueue":[],"_animationSpeed":1.094,"_zoom":14.183},{"_mousePosition":[683,384],"_rootPartCFrame":[756.035,220.652,41.136,-0.999,0,-0.052,0,1,0,0.052,0,-0.999],"_humanoidState":8,"_cameraCFrame":[754.107,236.119,38.81,-0.997,0.073,-0.013,0,0.174,0.985,0.074,0.982,-0.173],"_shiftlockState":true,"_pose":"Running","_animationQueue":[],"_animationSpeed":1.094,"_zoom":14.183},{"_mousePosition":[683,384],"_rootPartCFrame":[755.774,220.697,41.149,-0.997,0,-0.074,0,1,0,0.074,0,-0.997],"_humanoidState":8,"_cameraCFrame":[753.799,236.165,38.863,-0.996,0.093,-0.016,0,0.174,0.985,0.094,0.98,-0.173],"_shiftlockState":true,"_pose":"Running","_animationQueue":[["walk",0.1]],"_animationSpeed":1.094,"_zoom":14.183},{"_mousePosition":[683,384],"_rootPartCFrame":[755.513,220.745,41.168,-0.996,0,-0.094,0,1,0,0.094,0,-0.996],"_humanoidState":8,"_cameraCFrame":[753.498,236.213,38.917,-0.994,0.11,-0.019,0,0.174,0.985,0.112,0.979,-0.173],"_shiftlockState":true,"_pose":"Running","_animationQueue":[],"_animationSpeed":1.094,"_zoom":14.183},{"_mousePosition":[683,384],"_rootPartCFrame":[755.253,220.796,41.192,-0.994,0,-0.112,0,1,0,0.112,0,-0.994],"_humanoidState":8,"_cameraCFrame":[753.204,236.263,38.972,-0.992,0.125,-0.022,0,0.174,0.985,0.127,0.977,-0.172],"_shiftlockState":true,"_pose":"Running","_animationQueue":[],"_animationSpeed":1.094,"_zoom":14.183},{"_mousePosition":[683,384],"_rootPartCFrame":[754.994,220.848,41.221,-0.992,0,-0.127,0,1,0,0.127,0,-0.992],"_humanoidState":8,"_cameraCFrame":[752.895,236.316,39.048,-0.989,0.147,-0.026,0,0.174,0.985,0.15,0.974,-0.172],"_shiftlockState":true,"_pose":"Running","_animationQueue":[],"_animationSpeed":1.094,"_zoom":14.183},{"_mousePosition":[683,384],"_rootPartCFrame":[754.736,220.902,41.254,-0.989,0,-0.15,0,1,0,0.15,0,-0.989],"_humanoidState":8,"_cameraCFrame":[752.604,236.37,39.113,-0.986,0.162,-0.029,0,0.174,0.985,0.165,0.971,-0.171],"_shiftlockState":true,"_pose":"Running","_animationQueue":[],"_animationSpeed":1.094,"_zoom":14.183},{"_mousePosition":[683,384],"_rootPartCFrame":[754.479,220.958,41.292,-0.986,0,-0.165,0,1,0,0.165,0,-0.986],"_humanoidState":8,"_cameraCFrame":[752.326,236.426,39.173,-0.985,0.172,-0.03,0,0.174,0.985,0.175,0.97,-0.171],"_shiftlockState":true,"_pose":"Running","_animationQueue":[],"_animationSpeed":1.094,"_zoom":14.183},{"_mousePosition":[683,384],"_rootPartCFrame":[754.223,221.016,41.335,-0.985,0,-0.175,0,1,0,0.175,0,-0.985],"_humanoidState":8,"_cameraCFrame":[752.043,236.484,39.243,-0.982,0.184,-0.033,0,0.174,0.985,0.187,0.967,-0.171],"_shiftlockState":true,"_pose":"Running","_animationQueue":[["walk",0.1]],"_animationSpeed":1.094,"_zoom":14.183},{"_mousePosition":[683,384],"_rootPartCFrame":[753.967,221.075,41.38,-0.982,0,-0.187,0,1,0,0.187,0,-0.982],"_humanoidState":8,"_cameraCFrame":[751.766,236.543,39.31,-0.98,0.194,-0.034,0,0.174,0.985,0.197,0.965,-0.17],"_shiftlockState":true,"_pose":"Running","_animationQueue":[],"_animationSpeed":1.094,"_zoom":14.183},{"_mousePosition":[683,384],"_rootPartCFrame":[753.713,221.135,41.428,-0.98,0,-0.197,0,1,0,0.197,0,-0.98],"_humanoidState":8,"_cameraCFrame":[751.496,236.603,39.375,-0.979,0.201,-0.036,0,0.174,0.985,0.205,0.964,-0.17],"_shiftlockState":true,"_pose":"Running","_animationQueue":[],"_animationSpeed":1.094,"_zoom":14.183},{"_mousePosition":[683,384],"_rootPartCFrame":[753.459,221.197,41.479,-0.979,0,-0.205,0,1,0,0.205,0,-0.979],"_humanoidState":8,"_cameraCFrame":[751.221,236.665,39.449,-0.977,0.211,-0.037,0,0.174,0.985,0.214,0.962,-0.17],"_shiftlockState":true,"_pose":"Running","_animationQueue":[],"_animationSpeed":1.094,"_zoom":14.183},{"_mousePosition":[683,384],"_rootPartCFrame":[753.205,221.259,41.532,-0.977,0,-0.214,0,1,0,0.214,0,-0.977],"_humanoidState":8,"_cameraCFrame":[750.953,236.727,39.519,-0.975,0.218,-0.039,0,0.174,0.985,0.222,0.96,-0.169],"_shiftlockState":true,"_pose":"Running","_animationQueue":[],"_animationSpeed":1.094,"_zoom":14.183},{"_mousePosition":[683,384],"_rootPartCFrame":[752.953,221.323,41.587,-0.975,0,-0.222,0,1,0,0.222,0,-0.975],"_humanoidState":8,"_cameraCFrame":[750.69,236.79,39.585,-0.974,0.223,-0.039,0,0.174,0.985,0.227,0.959,-0.169],"_shiftlockState":true,"_pose":"Running","_animationQueue":[],"_animationSpeed":1.094,"_zoom":14.183},{"_mousePosition":[683,384],"_rootPartCFrame":[752.701,221.387,41.644,-0.974,0,-0.227,0,1,0,0.227,0,-0.974],"_humanoidState":8,"_cameraCFrame":[750.428,236.855,39.654,-0.973,0.228,-0.04,0,0.174,0.985,0.232,0.958,-0.169],"_shiftlockState":true,"_pose":"Running","_animationQueue":[["walk",0.1]],"_animationSpeed":1.094,"_zoom":14.183},{"_mousePosition":[683,384],"_rootPartCFrame":[752.449,221.452,41.703,-0.973,0,-0.232,0,1,0,0.232,0,-0.973],"_humanoidState":8,"_cameraCFrame":[750.176,236.919,39.712,-0.973,0.228,-0.04,0,0.174,0.985,0.232,0.958,-0.169],"_shiftlockState":true,"_pose":"Running","_animationQueue":[],"_animationSpeed":1.094,"_zoom":14.183},{"_mousePosition":[683,384],"_rootPartCFrame":[752.198,221.517,41.762,-0.973,0,-0.232,0,1,0,0.232,0,-0.973],"_humanoidState":8,"_cameraCFrame":[749.925,236.985,39.772,-0.973,0.228,-0.04,0,0.174,0.985,0.232,0.958,-0.169],"_shiftlockState":true,"_pose":"Running","_animationQueue":[],"_animationSpeed":1.094,"_zoom":14.183},{"_mousePosition":[683,384],"_rootPartCFrame":[751.947,221.583,41.822,-0.973,0,-0.232,0,1,0,0.232,0,-0.973],"_humanoidState":8,"_cameraCFrame":[749.673,237.051,39.832,-0.973,0.228,-0.04,0,0.174,0.985,0.232,0.958,-0.169],"_shiftlockState":true,"_pose":"Running","_animationQueue":[],"_animationSpeed":1.094,"_zoom":14.183},{"_mousePosition":[683,384],"_rootPartCFrame":[751.695,221.649,41.882,-0.973,0,-0.232,0,1,0,0.232,0,-0.973],"_humanoidState":8,"_cameraCFrame":[749.422,237.117,39.892,-0.973,0.228,-0.04,0,0.174,0.985,0.232,0.958,-0.169],"_shiftlockState":true,"_pose":"Running","_animationQueue":[],"_animationSpeed":1.094,"_zoom":14.183},{"_mousePosition":[683,384],"_rootPartCFrame":[751.444,221.715,41.942,-0.973,0,-0.232,0,1,0,0.232,0,-0.973],"_humanoidState":8,"_cameraCFrame":[749.171,237.183,39.952,-0.973,0.228,-0.04,0,0.174,0.985,0.232,0.958,-0.169],"_shiftlockState":true,"_pose":"Running","_animationQueue":[],"_animationSpeed":1.094,"_zoom":14.183},{"_mousePosition":[683,384],"_rootPartCFrame":[751.193,221.781,42.002,-0.973,0,-0.232,0,1,0,0.232,0,-0.973],"_humanoidState":8,"_cameraCFrame":[748.92,237.249,40.011,-0.973,0.228,-0.04,0,0.174,0.985,0.232,0.958,-0.169],"_shiftlockState":true,"_pose":"Running","_animationQueue":[],"_animationSpeed":1.094,"_zoom":14.183},{"_mousePosition":[683,384],"_rootPartCFrame":[750.942,221.848,42.062,-0.973,0,-0.232,0,1,0,0.232,0,-0.973],"_humanoidState":8,"_cameraCFrame":[748.674,237.315,40.066,-0.973,0.226,-0.04,0,0.174,0.985,0.229,0.959,-0.169],"_shiftlockState":true,"_pose":"Running","_animationQueue":[["walk",0.1]],"_animationSpeed":1.094,"_zoom":14.183},{"_mousePosition":[683,384],"_rootPartCFrame":[750.69,221.914,42.121,-0.975,0,-0.222,0,1,0,0.222,0,-0.975],"_humanoidState":8,"_cameraCFrame":[748.423,237.379,40.109,-0.974,0.224,-0.04,0,0.175,0.985,0.227,0.959,-0.17],"_shiftlockState":true,"_pose":"Running","_animationQueue":[["walk",0.1]],"_animationSpeed":1.094,"_zoom":14.183},{"_mousePosition":[683,384],"_rootPartCFrame":[750.438,221.979,42.179,-0.974,0,-0.227,0,1,0,0.227,0,-0.974],"_humanoidState":8,"_cameraCFrame":[748.172,237.444,40.167,-0.974,0.224,-0.04,0,0.175,0.985,0.227,0.959,-0.17],"_shiftlockState":true,"_pose":"Running","_animationQueue":[["walk",0.1]],"_animationSpeed":1.094,"_zoom":14.183},{"_mousePosition":[683,384],"_rootPartCFrame":[750.187,222.045,42.238,-0.974,0,-0.227,0,1,0,0.227,0,-0.974],"_humanoidState":8,"_cameraCFrame":[747.92,237.511,40.226,-0.974,0.224,-0.04,0,0.175,0.985,0.227,0.959,-0.17],"_shiftlockState":true,"_pose":"Running","_animationQueue":[],"_animationSpeed":1.094,"_zoom":14.183},{"_mousePosition":[683,384],"_rootPartCFrame":[749.935,222.112,42.297,-0.974,0,-0.227,0,1,0,0.227,0,-0.974],"_humanoidState":8,"_cameraCFrame":[747.668,237.577,40.284,-0.974,0.224,-0.04,0,0.175,0.985,0.227,0.959,-0.17],"_shiftlockState":true,"_pose":"Running","_animationQueue":[],"_animationSpeed":1.094,"_zoom":14.183},{"_mousePosition":[683,384],"_rootPartCFrame":[749.684,222.178,42.355,-0.974,0,-0.227,0,1,0,0.227,0,-0.974],"_humanoidState":8,"_cameraCFrame":[747.417,237.644,40.343,-0.974,0.224,-0.04,0,0.175,0.985,0.227,0.959,-0.17],"_shiftlockState":true,"_pose":"Running","_animationQueue":[],"_animationSpeed":1.094,"_zoom":14.183},{"_mousePosition":[683,384],"_rootPartCFrame":[749.441,222.18,42.412,-0.974,0,-0.227,0,1,0,0.227,0,-0.974],"_humanoidState":8,"_cameraCFrame":[747.174,237.645,40.4,-0.974,0.224,-0.04,0,0.175,0.985,0.227,0.959,-0.17],"_shiftlockState":true,"_pose":"Running","_animationQueue":[],"_animationSpeed":1.094,"_zoom":14.183},{"_mousePosition":[683,384],"_rootPartCFrame":[749.182,222.06,42.472,-0.974,0,-0.227,0,1,0,0.227,0,-0.974],"_humanoidState":8,"_cameraCFrame":[746.915,237.525,40.46,-0.974,0.224,-0.04,0,0.175,0.985,0.227,0.959,-0.17],"_shiftlockState":true,"_pose":"Running","_animationQueue":[],"_animationSpeed":1.094,"_zoom":14.183},{"_mousePosition":[683,384],"_rootPartCFrame":[748.93,222.131,42.531,-0.974,0,-0.227,0,1,0,0.227,0,-0.974],"_humanoidState":8,"_cameraCFrame":[746.663,237.596,40.519,-0.974,0.224,-0.04,0,0.175,0.985,0.227,0.959,-0.17],"_shiftlockState":true,"_pose":"Running","_animationQueue":[],"_animationSpeed":1.094,"_zoom":14.183},{"_mousePosition":[683,384],"_rootPartCFrame":[748.678,223.004,42.59,-0.974,0,-0.227,0,1,0,0.227,0,-0.974],"_humanoidState":3,"_cameraCFrame":[746.412,238.469,40.578,-0.974,0.224,-0.04,0,0.175,0.985,0.227,0.959,-0.17],"_shiftlockState":true,"_pose":"Jumping","_animationQueue":[["walk",0.1],["walk",0.1],["jump",0.1]],"_animationSpeed":1,"_zoom":14.183},{"_mousePosition":[683,384],"_rootPartCFrame":[748.42,223.826,42.65,-0.991,0,-0.137,0,1,0,0.137,0,-0.991],"_humanoidState":5,"_cameraCFrame":[746.153,239.291,40.638,-0.974,0.224,-0.04,0,0.175,0.985,0.227,0.959,-0.17],"_shiftlockState":true,"_pose":"FreeFall","_animationQueue":[["jump",0.1]],"_animationSpeed":1,"_zoom":14.183},{"_mousePosition":[683,384],"_rootPartCFrame":[748.16,224.594,42.711,-0.995,0,-0.101,0,1,0,0.101,0,-0.995],"_humanoidState":5,"_cameraCFrame":[745.891,240.061,40.716,-0.973,0.226,-0.04,0,0.174,0.985,0.23,0.958,-0.169],"_shiftlockState":true,"_pose":"FreeFall","_animationQueue":[],"_animationSpeed":1,"_zoom":14.183},{"_mousePosition":[683,384],"_rootPartCFrame":[747.9,225.307,42.772,-0.995,0,-0.099,0,1,0,0.099,0,-0.995],"_humanoidState":5,"_cameraCFrame":[745.631,240.774,40.777,-0.973,0.226,-0.04,0,0.174,0.985,0.23,0.958,-0.169],"_shiftlockState":true,"_pose":"FreeFall","_animationQueue":[],"_animationSpeed":1,"_zoom":14.183},{"_mousePosition":[683,384],"_rootPartCFrame":[747.641,225.965,42.833,-0.995,0,-0.098,0,1,0,0.098,0,-0.995],"_humanoidState":5,"_cameraCFrame":[745.372,241.433,40.838,-0.973,0.226,-0.04,0,0.174,0.985,0.23,0.958,-0.169],"_shiftlockState":true,"_pose":"FreeFall","_animationQueue":[],"_animationSpeed":1,"_zoom":14.183},{"_mousePosition":[683,384],"_rootPartCFrame":[747.381,226.569,42.894,-0.995,0,-0.098,0,1,0,0.098,0,-0.995],"_humanoidState":5,"_cameraCFrame":[745.107,242.037,40.905,-0.973,0.229,-0.04,0,0.174,0.985,0.232,0.958,-0.169],"_shiftlockState":true,"_pose":"FreeFall","_animationQueue":[],"_animationSpeed":1,"_zoom":14.183},{"_mousePosition":[683,384],"_rootPartCFrame":[747.122,227.119,42.955,-0.995,0,-0.101,0,1,0,0.101,0,-0.995],"_humanoidState":5,"_cameraCFrame":[744.848,242.586,40.966,-0.973,0.229,-0.04,0,0.174,0.985,0.232,0.958,-0.169],"_shiftlockState":true,"_pose":"FreeFall","_animationQueue":[],"_animationSpeed":1,"_zoom":14.183},{"_mousePosition":[683,384],"_rootPartCFrame":[746.862,227.614,43.017,-0.995,0,-0.101,0,1,0,0.101,0,-0.995],"_humanoidState":5,"_cameraCFrame":[744.588,243.081,41.028,-0.973,0.229,-0.04,0,0.174,0.985,0.232,0.958,-0.169],"_shiftlockState":true,"_pose":"FreeFall","_animationQueue":[],"_animationSpeed":1,"_zoom":14.183},{"_mousePosition":[683,384],"_rootPartCFrame":[746.603,228.054,43.079,-0.995,0,-0.101,0,1,0,0.101,0,-0.995],"_humanoidState":5,"_cameraCFrame":[744.329,243.522,41.09,-0.973,0.229,-0.04,0,0.174,0.985,0.232,0.958,-0.169],"_shiftlockState":true,"_pose":"FreeFall","_animationQueue":[],"_animationSpeed":1,"_zoom":14.183},{"_mousePosition":[683,384],"_rootPartCFrame":[746.344,228.44,43.141,-0.995,0,-0.101,0,1,0,0.101,0,-0.995],"_humanoidState":5,"_cameraCFrame":[744.07,243.908,41.152,-0.973,0.229,-0.04,0,0.174,0.985,0.232,0.958,-0.169],"_shiftlockState":true,"_pose":"FreeFall","_animationQueue":[],"_animationSpeed":1,"_zoom":14.183},{"_mousePosition":[683,384],"_rootPartCFrame":[746.085,228.772,43.203,-0.995,0,-0.101,0,1,0,0.101,0,-0.995],"_humanoidState":5,"_cameraCFrame":[743.81,244.239,41.214,-0.973,0.229,-0.04,0,0.174,0.985,0.232,0.958,-0.169],"_shiftlockState":true,"_pose":"FreeFall","_animationQueue":[],"_animationSpeed":1,"_zoom":14.183},{"_mousePosition":[683,384],"_rootPartCFrame":[745.825,229.049,43.265,-0.995,0,-0.101,0,1,0,0.101,0,-0.995],"_humanoidState":5,"_cameraCFrame":[743.551,244.516,41.276,-0.973,0.229,-0.04,0,0.174,0.985,0.232,0.958,-0.169],"_shiftlockState":true,"_pose":"FreeFall","_animationQueue":[],"_animationSpeed":1,"_zoom":14.183},{"_mousePosition":[683,384],"_rootPartCFrame":[745.566,229.271,43.327,-0.995,0,-0.101,0,1,0,0.101,0,-0.995],"_humanoidState":5,"_cameraCFrame":[743.292,244.739,41.338,-0.973,0.229,-0.04,0,0.174,0.985,0.232,0.958,-0.169],"_shiftlockState":true,"_pose":"FreeFall","_animationQueue":[],"_animationSpeed":1,"_zoom":14.183},{"_mousePosition":[683,384],"_rootPartCFrame":[745.307,229.439,43.389,-0.995,0,-0.101,0,1,0,0.101,0,-0.995],"_humanoidState":5,"_cameraCFrame":[743.033,244.907,41.4,-0.973,0.229,-0.04,0,0.174,0.985,0.232,0.958,-0.169],"_shiftlockState":true,"_pose":"FreeFall","_animationQueue":[],"_animationSpeed":1,"_zoom":14.183},{"_mousePosition":[683,384],"_rootPartCFrame":[745.048,229.553,43.451,-0.995,0,-0.101,0,1,0,0.101,0,-0.995],"_humanoidState":5,"_cameraCFrame":[742.773,245.02,41.462,-0.973,0.229,-0.04,0,0.174,0.985,0.232,0.958,-0.169],"_shiftlockState":true,"_pose":"FreeFall","_animationQueue":[],"_animationSpeed":1,"_zoom":14.183},{"_mousePosition":[683,384],"_rootPartCFrame":[744.788,229.612,43.513,-0.995,0,-0.101,0,1,0,0.101,0,-0.995],"_humanoidState":5,"_cameraCFrame":[742.524,245.079,41.512,-0.974,0.224,-0.039,0,0.174,0.985,0.227,0.959,-0.169],"_shiftlockState":true,"_pose":"FreeFall","_animationQueue":[],"_animationSpeed":1,"_zoom":14.183},{"_mousePosition":[683,384],"_rootPartCFrame":[744.529,229.616,43