[{"_mousePosition":[683,384],"_rootPartCFrame":[776.023,222.7,47.142,0.153,0,0.988,0,1,0,-0.988,0,0.153],"_humanoidState":8,"_cameraCFrame":[776.27,224.633,47.18,0.153,-0.856,0.493,0,0.499,0.866,-0.988,-0.132,0.076],"_shiftlockState":false,"_pose":"Standing","_animationQueue":[],"_animationSpeed":1,"_zoom":0.5},{"_mousePosition":[683,384],"_rootPartCFrame":[775.78,222.7,47.105,0.153,0,0.988,0,1,0,-0.988,0,0.153],"_humanoidState":8,"_cameraCFrame":[776.026,224.633,47.143,0.153,-0.856,0.493,0,0.499,0.866,-0.988,-0.132,0.076],"_shiftlockState":false,"_pose":"Standing","_animationQueue":[],"_animationSpeed":1,"_zoom":0.5},{"_mousePosition":[683,384],"_rootPartCFrame":[775.517,222.7,47.064,0.153,0,0.988,0,1,0,-0.988,0,0.153],"_humanoidState":8,"_cameraCFrame":[775.763,224.633,47.102,0.153,-0.856,0.493,0,0.499,0.866,-0.988,-0.132,0.076],"_shiftlockState":false,"_pose":"Running","_animationQueue":[["walk",0.1]],"_animationSpeed":1.066,"_zoom":0.5},{"_mousePosition":[683,384],"_rootPartCFrame":[775.253,222.7,47.023,0.153,0,0.988,0,1,0,-0.988,0,0.153],"_humanoidState":8,"_cameraCFrame":[775.5,224.633,47.061,0.153,-0.856,0.493,0,0.499,0.866,-0.988,-0.132,0.076],"_shiftlockState":false,"_pose":"Running","_animationQueue":[],"_animationSpeed":1.066,"_zoom":0.5},{"_mousePosition":[683,384],"_rootPartCFrame":[774.99,222.7,46.983,0.153,0,0.988,0,1,0,-0.988,0,0.153],"_humanoidState":8,"_cameraCFrame":[775.236,224.633,47.021,0.153,-0.856,0.493,0,0.499,0.866,-0.988,-0.132,0.076],"_shiftlockState":false,"_pose":"Running","_animationQueue":[],"_animationSpeed":1.066,"_zoom":0.5},{"_mousePosition":[683,384],"_rootPartCFrame":[774.726,222.7,46.942,0.153,0,0.988,0,1,0,-0.988,0,0.153],"_humanoidState":8,"_cameraCFrame":[774.973,224.633,46.979,0.15,-0.857,0.494,0,0.499,0.866,-0.989,-0.13,0.075],"_shiftlockState":false,"_pose":"Running","_animationQueue":[["walk",0.1]],"_animationSpeed":1.066,"_zoom":0.5},{"_mousePosition":[683,384],"_rootPartCFrame":[774.397,222.7,46.891,0.15,0,0.989,0,1,0,-0.989,0,0.15],"_humanoidState":8,"_cameraCFrame":[774.641,224.634,46.928,0.15,-0.859,0.489,0,0.494,0.869,-0.989,-0.131,0.074],"_shiftlockState":false,"_pose":"Running","_animationQueue":[],"_animationSpeed":1.066,"_zoom":0.5},{"_mousePosition":[683,384],"_rootPartCFrame":[774.133,222.7,46.851,0.15,0,0.989,0,1,0,-0.989,0,0.15],"_humanoidState":8,"_cameraCFrame":[774.375,224.636,46.887,0.148,-0.863,0.484,0,0.489,0.872,-0.989,-0.129,0.072],"_shiftlockState":false,"_pose":"Running","_animationQueue":[],"_animationSpeed":1.066,"_zoom":0.5},{"_mousePosition":[683,384],"_rootPartCFrame":[773.935,222.7,46.821,0.148,0,0.989,0,1,0,-0.989,0,0.148],"_humanoidState":8,"_cameraCFrame":[774.174,224.638,46.855,0.143,-0.867,0.477,0,0.482,0.876,-0.99,-0.125,0.069],"_shiftlockState":false,"_pose":"Running","_animationQueue":[],"_animationSpeed":1.066,"_zoom":0.5},{"_mousePosition":[683,384],"_rootPartCFrame":[773.606,222.7,46.771,0.143,0,0.99,0,1,0,-0.99,0,0.143],"_humanoidState":8,"_cameraCFrame":[773.841,224.639,46.805,0.14,-0.871,0.471,0,0.476,0.88,-0.99,-0.123,0.067],"_shiftlockState":false,"_pose":"Running","_animationQueue":[],"_animationSpeed":1.066,"_zoom":0.5},{"_mousePosition":[683,384],"_rootPartCFrame":[773.342,222.7,46.733,0.14,0,0.99,0,1,0,-0.99,0,0.14],"_humanoidState":8,"_cameraCFrame":[773.575,224.641,46.766,0.138,-0.874,0.466,0,0.47,0.882,-0.99,-0.122,0.065],"_shiftlockState":false,"_pose":"Running","_animationQueue":[],"_animationSpeed":1.066,"_zoom":0.5},{"_mousePosition":[683,384],"_rootPartCFrame":[773.144,222.7,46.705,0.138,0,0.99,0,1,0,-0.99,0,0.138],"_humanoidState":8,"_cameraCFrame":[773.374,224.643,46.736,0.135,-0.878,0.459,0,0.463,0.886,-0.991,-0.12,0.063],"_shiftlockState":false,"_pose":"Running","_animationQueue":[["walk",0.1]],"_animationSpeed":1.066,"_zoom":0.5},{"_mousePosition":[683,384],"_rootPartCFrame":[772.88,222.7,46.668,0.135,0,0.991,0,1,0,-0.991,0,0.135],"_humanoidState":8,"_cameraCFrame":[773.106,224.645,46.699,0.133,-0.882,0.453,0,0.457,0.89,-0.991,-0.118,0.061],"_shiftlockState":false,"_pose":"Running","_animationQueue":[],"_animationSpeed":1.066,"_zoom":0.5},{"_mousePosition":[683,384],"_rootPartCFrame":[772.55,222.7,46.623,0.133,0,0.991,0,1,0,-0.991,0,0.133],"_humanoidState":8,"_cameraCFrame":[772.772,224.646,46.653,0.133,-0.885,0.446,0,0.45,0.893,-0.991,-0.119,0.06],"_shiftlockState":false,"_pose":"Running","_animationQueue":[],"_animationSpeed":1.066,"_zoom":0.5},{"_mousePosition":[683,384],"_rootPartCFrame":[772.285,222.7,46.588,0.133,0,0.991,0,1,0,-0.991,0,0.133],"_humanoidState":8,"_cameraCFrame":[772.505,224.648,46.616,0.13,-0.889,0.439,0,0.443,0.897,-0.991,-0.117,0.058],"_shiftlockState":false,"_pose":"Running","_animationQueue":[],"_animationSpeed":1.066,"_zoom":0.5},{"_mousePosition":[683,384],"_rootPartCFrame":[772.021,222.7,46.552,0.13,0,0.991,0,1,0,-0.991,0,0.13],"_humanoidState":8,"_cameraCFrame":[772.237,224.65,46.581,0.13,-0.892,0.432,0,0.436,0.9,-0.991,-0.117,0.057],"_shiftlockState":false,"_pose":"Running","_animationQueue":[],"_animationSpeed":1.066,"_zoom":0.5},{"_mousePosition":[683,384],"_rootPartCFrame":[771.756,222.7,46.517,0.13,0,0.991,0,1,0,-0.991,0,0.13],"_humanoidState":8,"_cameraCFrame":[771.969,224.651,46.545,0.13,-0.896,0.425,0,0.429,0.904,-0.991,-0.118,0.056],"_shiftlockState":false,"_pose":"Running","_animationQueue":[],"_animationSpeed":1.066,"_zoom":0.5},{"_mousePosition":[683,384],"_rootPartCFrame":[771.492,222.7,46.483,0.13,0,0.991,0,1,0,-0.991,0,0.13],"_humanoidState":8,"_cameraCFrame":[771.699,224.654,46.511,0.138,-0.9,0.414,0,0.418,0.908,-0.99,-0.125,0.058],"_shiftlockState":false,"_pose":"Running","_animationQueue":[["walk",0.1]],"_animationSpeed":1.066,"_zoom":0.5},{"_mousePosition":[683,384],"_rootPartCFrame":[771.228,223.573,46.448,0.138,0,0.99,0,1,0,-0.99,0,0.138],"_humanoidState":3,"_cameraCFrame":[771.432,225.528,46.477,0.143,-0.902,0.408,0,0.413,0.911,-0.99,-0.13,0.059],"_shiftlockState":false,"_pose":"Jumping","_animationQueue":[["walk",0.1],["jump",0.1]],"_animationSpeed":1,"_zoom":0.5},{"_mousePosition":[683,384],"_rootPartCFrame":[770.963,224.395,46.412,0.142,0,0.99,0,1,0,-0.99,0,0.142],"_humanoidState":5,"_cameraCFrame":[771.165,226.351,46.442,0.148,-0.903,0.403,0,0.407,0.913,-0.989,-0.135,0.06],"_shiftlockState":false,"_pose":"FreeFall","_animationQueue":[["jump",0.1]],"_animationSpeed":1,"_zoom":0.5},{"_mousePosition":[683,384],"_rootPartCFrame":[770.766,224.976,46.383,0.147,0,0.989,0,1,0,-0.989,0,0.147],"_humanoidState":5,"_cameraCFrame":[770.963,226.934,46.415,0.158,-0.905,0.395,0,0.4,0.916,-0.987,-0.145,0.063],"_shiftlockState":false,"_pose":"FreeFall","_animationQueue":[],"_animationSpeed":1,"_zoom":0.5},{"_mousePosition":[683,384],"_rootPartCFrame":[770.436,225.875,46.334,0.156,0,0.988,0,1,0,-0.988,0,0.156],"_humanoidState":5,"_cameraCFrame":[770.629,227.835,46.367,0.17,-0.907,0.386,0,0.391,0.92,-0.985,-0.157,0.067],"_shiftlockState":false,"_pose":"FreeFall","_animationQueue":[],"_animationSpeed":1,"_zoom":0.5},{"_mousePosition":[683,384],"_rootPartCFrame":[770.172,226.534,46.293,0.169,0,0.986,0,1,0,-0.986,0,0.169],"_humanoidState":5,"_cameraCFrame":[770.36,228.496,46.328,0.185,-0.908,0.376,0,0.382,0.924,-0.983,-0.171,0.071],"_shiftlockState":false,"_pose":"FreeFall","_animationQueue":[],"_animationSpeed":1,"_zoom":0.5},{"_mousePosition":[683,384],"_rootPartCFrame":[769.975,226.992,46.259,0.184,0,0.983,0,1,0,-0.983,0,0.184],"_humanoidState":5,"_cameraCFrame":[770.159,228.955,46.296,0.198,-0.909,0.368,0,0.375,0.927,-0.98,-0.183,0.074],"_shiftlockState":false,"_pose":"FreeFall","_animationQueue":[],"_animationSpeed":1,"_zoom":0.5},{"_mousePosition":[683,384],"_rootPartCFrame":[769.648,227.687,46.198,0.195,0,0.981,0,1,0,-0.981,0,0.195],"_humanoidState":5,"_cameraCFrame":[769.828,229.652,46.236,0.205,-0.909,0.362,0,0.37,0.929,-0.979,-0.19,0.076],"_shiftlockState":false,"_pose":"FreeFall","_animationQueue":[],"_animationSpeed":1,"_zoom":0.5},{"_mousePosition":[683,384],"_rootPartCFrame":[769.386,228.182,46.146,0.204,0,0.979,0,1,0,-0.979,0,0.204],"_humanoidState":5,"_cameraCFrame":[769.566,230.147,46.184,0.207,-0.91,0.36,0,0.368,0.93,-0.978,-0.193,0.076],"_shiftlockState":false,"_pose":"FreeFall","_animationQueue":[],"_animationSpeed":1,"_zoom":0.5},{"_mousePosition":[683,384],"_rootPartCFrame":[769.19,228.518,46.105,0.207,0,0.978,0,1,0,-0.978,0,0.207],"_humanoidState":5,"_cameraCFrame":[769.37,230.483,46.143,0.207,-0.91,0.36,0,0.368,0.93,-0.978,-0.193,0.076],"_shiftlockState":false,"_pose":"FreeFall","_animationQueue":[],"_animationSpeed":1,"_zoom":0.5},{"_mousePosition":[683,384],"_rootPartCFrame":[768.864,229.009,46.036,0.207,0,0.978,0,1,0,-0.978,0,0.207],"_humanoidState":5,"_cameraCFrame":[769.044,230.974,46.074,0.207,-0.91,0.36,0,0.368,0.93,-0.978,-0.193,0.076],"_shiftlockState":false,"_pose":"FreeFall","_animationQueue":[],"_animationSpeed":1,"_zoom":0.5},{"_mousePosition":[683,384],"_rootPartCFrame":[768.603,229.34,45.981,0.207,0,0.978,0,1,0,-0.978,0,0.207],"_humanoidState":5,"_cameraCFrame":[768.783,231.305,46.019,0.207,-0.91,0.36,0,0.368,0.93,-0.978,-0.193,0.076],"_shiftlockState":false,"_pose":"FreeFall","_animationQueue":[],"_animationSpeed":1,"_zoom":0.5},{"_mousePosition":[683,384],"_rootPartCFrame":[768.407,229.553,45.939,0.207,0,0.978,0,1,0,-0.978,0,0.207],"_humanoidState":5,"_cameraCFrame":[768.587,231.518,45.977,0.207,-0.91,0.36,0,0.368,0.93,-0.978,-0.193,0.076],"_shiftlockState":false,"_pose":"FreeFall","_animationQueue":[],"_animationSpeed":1,"_zoom":0.5},{"_mousePosition":[683,384],"_rootPartCFrame":[768.082,229.84,45.87,0.207,0,0.978,0,1,0,-0.978,0,0.207],"_humanoidState":5,"_cameraCFrame":[768.261,231.805,45.908,0.207,-0.91,0.36,0,0.368,0.93,-0.978,-0.193,0.076],"_shiftlockState":false,"_pose":"FreeFall","_animationQueue":[],"_animationSpeed":1,"_zoom":0.5},{"_mousePosition":[683,384],"_rootPartCFrame":[767.821,230.008,45.815,0.207,0,0.978,0,1,0,-0.978,0,0.207],"_humanoidState":5,"_cameraCFrame":[768.001,231.973,45.853,0.207,-0.91,0.36,0,0.368,0.93,-0.978,-0.193,0.076],"_shiftlockState":false,"_pose":"FreeFall","_animationQueue":[],"_animationSpeed":1,"_zoom":0.5},{"_mousePosition":[683,384],"_rootPartCFrame":[767.56,230.122,45.759,0.207,0,0.978,0,1,0,-0.978,0,0.207],"_humanoidState":5,"_cameraCFrame":[767.74,232.087,45.797,0.207,-0.91,0.36,0,0.368,0.93,-0.978,-0.193,0.076],"_shiftlockState":false,"_pose":"FreeFall","_animationQueue":[],"_animationSpeed":1,"_zoom":0.5},{"_mousePosition":[683,384],"_rootPartCFrame":[767.365,230.171,45.718,0.207,0,0.978,0,1,0,-0.978,0,0.207],"_humanoidState":5,"_cameraCFrame":[767.544,232.136,45.756,0.207,-0.91,0.36,0,0.368,0.93,-0.978,-0.193,0.076],"_shiftlockState":false,"_pose":"FreeFall","_animationQueue":[],"_animationSpeed":1,"_zoom":0.5},{"_mousePosition":[683,384],"_rootPartCFrame":[767.104,230.189,45.662,0.207,0,0.978,0,1,0,-0.978,0,0.207],"_humanoidState":5,"_cameraCFrame":[767.284,232.154,45.701,0.207,-0.91,0.36,0,0.368,0.93,-0.978,-0.193,0.076],"_shiftlockState":false,"_pose":"FreeFall","_animationQueue":[],"_animationSpeed":1,"_zoom":0.5},{"_mousePosition":[683,384],"_rootPartCFrame":[766.843,230.153,45.607,0.207,0,0.978,0,1,0,-0.978,0,0.207],"_humanoidState":5,"_cameraCFrame":[767.023,232.118,45.645,0.207,-0.91,0.36,0,0.368,0.93,-0.978,-0.193,0.076],"_shiftlockState":false,"_pose":"FreeFall","_animationQueue":[],"_animationSpeed":1,"_zoom":0.5},{"_mousePosition":[683,384],"_rootPartCFrame":[766.517,230.031,45.538,0.207,0,0.978,0,1,0,-0.978,0,0.207],"_humanoidState":5,"_cameraCFrame":[766.697,231.996,45.576,0.207,-0.91,0.36,0,0.368,0.93,-0.978,-0.193,0.076],"_shiftlockState":false,"_pose":"FreeFall","_animationQueue":[],"_animationSpeed":1,"_zoom":0.5},{"_mousePosition":[683,384],"_rootPartCFrame":[766.256,229.872,45.483,0.207,0,0.978,0,1,0,-0.978,0,0.207],"_humanoidState":5,"_cameraCFrame":[766.436,231.837,45.521,0.207,-0.91,0.36,0,0.368,0.93,-0.978,-0.193,0.076],"_shiftlockState":false,"_pose":"FreeFall","_animationQueue":[["fall",0.3]],"_animationSpeed":1,"_zoom":0.5},{"_mousePosition":[683,384],"_rootPartCFrame":[766.061,229.717,45.441,0.207,0,0.978,0,1,0,-0.978,0,0.207],"_humanoidState":5,"_cameraCFrame":[766.241,231.682,45.479,0.207,-0.91,0.36,0,0.368,0.93,-0.978,-0.193,0.076],"_shiftlockState":false,"_pose":"FreeFall","_animationQueue":[],"_animationSpeed":1,"_zoom":0.5},{"_mousePosition":[683,384],"_rootPartCFrame":[765.735,229.39,45.372,0.207,0,0.978,0,1,0,-0.978,0,0.207],"_humanoidState":5,"_cameraCFrame":[765.915,231.355,45.41,0.207,-0.91,0.36,0,0.368,0.93,-0.978,-0.193,0.076],"_shiftlockState":false,"_pose":"FreeFall","_animationQueue":[],"_animationSpeed":1,"_zoom":0.5},{"_mousePosition":[683,384],"_rootPartCFrame":[765.474,229.068,45.317,0.207,0,0.978,0,1,0,-0.978,0,0.207],"_humanoidState":5,"_cameraCFrame":[765.654,231.033,45.355,0.207,-0.91,0.36,0,0.368,0.93,-0.978,-0.193,0.076],"_shiftlockState":false,"_pose":"FreeFall","_animationQueue":[],"_animationSpeed":1,"_zoom":0.5},{"_mousePosition":[683,384],"_rootPartCFrame":[765.279,228.79,45.275,0.207,0,0.978,0,1,0,-0.978,0,0.207],"_humanoidState":5,"_cameraCFrame":[765.459,230.755,45.311,0.198,-0.912,0.361,0,0.368,0.93,-0.98,-0.184,0.073],"_shiftlockState":false,"_pose":"FreeFall","_animationQueue":[],"_animationSpeed":1,"_zoom":0.5},{"_mousePosition":[683,384],"_rootPartCFrame":[764.953,228.259,45.206,0.199,0,0.98,0,1,0,-0.98,0,0.199],"_humanoidState":5,"_cameraCFrame":[765.135,230.224,45.238,0.175,-0.915,0.364,0,0.37,0.929,-0.985,-0.163,0.065],"_shiftlockState":false,"_pose":"FreeFall","_animationQueue":[],"_animationSpeed":1,"_zoom":0.5},{"_mousePosition":[683,384],"_rootPartCFrame":[764.716,227.773,45.156,0.176,0,0.984,0,1,0,-0.984,0,0.176],"_humanoidState":5,"_cameraCFrame":[764.899,229.738,45.183,0.148,-0.919,0.366,0,0.37,0.929,-0.989,-0.137,0.055],"_shiftlockState":false,"_pose":"FreeFall","_animationQueue":[],"_animationSpeed":1,"_zoom":0.5},{"_mousePosition":[683,384],"_rootPartCFrame":[764.564,227.373,45.124,0.148,0,0.989,0,1,0,-0.989,0,0.148],"_humanoidState":5,"_cameraCFrame":[764.748,229.338,45.144,0.11,-0.924,0.367,0,0.37,0.929,-0.994,-0.102,0.041],"_shiftlockState":false,"_pose":"FreeFall","_animationQueue":[["fall",0.3]],"_animationSpeed":1,"_zoom":0.5},{"_mousePosition":[683,384],"_rootPartCFrame":[764.359,226.638,45.08,0.11,0,0.994,0,1,0,-0.994,0,0.11],"_humanoidState":5,"_cameraCFrame":[764.544,228.602,45.092,0.065,-0.927,0.369,0,0.37,0.929,-0.998,-0.06,0.024],"_shiftlockState":false,"_pose":"FreeFall","_animationQueue":[],"_animationSpeed":1,"_zoom":0.5},{"_mousePosition":[683,384],"_rootPartCFrame":[764.239,225.988,45.055,0.065,0,0.998,0,1,0,-0.998,0,0.065],"_humanoidState":5,"_cameraCFrame":[764.424,227.953,45.056,0.009,-0.929,0.37,0,0.37,0.929,-1,-0.008,0.003],"_shiftlockState":false,"_pose":"FreeFall","_animationQueue":[],"_animationSpeed":1,"_zoom":0.5},{"_mousePosition":[683,384],"_rootPartCFrame":[764.175,225.465,45.041,0.009,0,1,0,1,0,-1,0,0.009],"_humanoidState":5,"_cameraCFrame":[764.36,227.43,45.031,-0.054,-0.928,0.369,0,0.37,0.929,-0.999,0.05,-0.02],"_shiftlockState":false,"_pose":"FreeFall","_animationQueue":[],"_animationSpeed":1,"_zoom":0.5},{"_mousePosition":[683,384],"_rootPartCFrame":[764.116,224.526,45.029,-0.054,0,0.999,0,1,0,-0.999,0,-0.054],"_humanoidState":5,"_cameraCFrame":[764.299,226.49,45.006,-0.125,-0.922,0.367,0,0.37,0.929,-0.992,0.116,-0.046],"_shiftlockState":false,"_pose":"FreeFall","_animationQueue":[],"_animationSpeed":1,"_zoom":0.5},{"_mousePosition":[683,384],"_rootPartCFrame":[764.108,223.713,45.027,-0.125,0,0.992,0,1,0,-0.992,0,-0.125],"_humanoidState":5,"_cameraCFrame":[764.289,225.677,44.99,-0.2,-0.91,0.362,0,0.37,0.929,-0.98,0.185,-0.074],"_shiftlockState":false,"_pose":"FreeFall","_animationQueue":[],"_animationSpeed":1,"_zoom":0.5},{"_mousePosition":[683,384],"_rootPartCFrame":[764.083,222.845,45.03,-0.193,0,0.981,0,1,0,-0.981,0,-0.193],"_humanoidState":5,"_cameraCFrame":[764.262,224.809,44.977,-0.281,-0.89,0.358,0,0.373,0.928,-0.96,0.26,-0.105],"_shiftlockState":false,"_pose":"FreeFall","_animationQueue":[["fall",0.3]],"_animationSpeed":1,"_zoom":0.5},{"_mousePosition":[683,384],"_rootPartCFrame":[763.918,222.04,45.062,-0.278,0,0.961,0,1,0,-0.961,0,-0.278],"_humanoidState":7,"_cameraCFrame":[764.095,224.003,44.994,-0.357,-0.864,0.354,0,0.379,0.926,-0.934,0.331,-0.135],"_shiftlockState":false,"_pose":"FreeFall","_animationQueue":[["walk",0.1],["fall",0.3],["fall",0.3]],"_animationSpeed":1,"_zoom":0.5},{"_mousePosition":[683,384],"_rootPartCFrame":[763.665,222.015,45.133,-0.357,0,0.934,0,1,0,-0.934,0,-0.357],"_humanoidState":7,"_cameraCFrame":[763.84,223.976,45.051,-0.425,-0.835,0.349,0,0.386,0.923,-0.905,0.392,-0.164],"_shiftlockState":false,"_pose":"FreeFall","_animationQueue":[],"_animationSpeed":1,"_zoom":0.5},{"_mousePosition":[683,384],"_rootPartCFrame":[763.477,222.089,45.201,-0.425,0,0.905,0,1,0,-0.905,0,-0.425],"_humanoidState":7,"_cameraCFrame":[763.65,224.049,45.107,-0.481,-0.806,0.345,0,0.393,0.92,-0.877,0.443,-0.189],"_shiftlockState":false,"_pose":"FreeFall","_animationQueue":[],"_animationSpeed":1,"_zoom":0.5},{"_mousePosition":[683,384],"_rootPartCFrame":[763.175,222.185,45.34,-0.481,0,0.877,0,1,0,-0.877,0,-0.481],"_humanoidState":8,"_cameraCFrame":[763.345,224.143,45.232,-0.536,-0.772,0.341,0,0.404,0.915,-0.844,0.49,-0.216],"_shiftlockState":false,"_pose":"Running","_animationQueue":[["walk",0.1],["fall",0.3],["walk",0.1]],"_animationSpeed":1.103,"_zoom":0.5},{"_mousePosition":[683,384],"_rootPartCFrame":[762.933,223.059,45.454,-0.536,0,0.844,0,1,0,-0.844,0,-0.536],"_humanoidState":3,"_cameraCFrame":[763.102,225.016,45.342,-0.553,-0.762,0.338,0,0.406,0.914,-0.833,0.505,-0.224],"_shiftlockState":false,"_pose":"Jumping","_animationQueue":[["walk",0.1],["jump",0.1]],"_animationSpeed":1,"_zoom":0.5},{"_mousePosition":[683,384],"_rootPartCFrame":[762.703,223.881,45.587,-0.551,0,0.834,0,1,0,-0.834,0,-0.551],"_humanoidState":5,"_cameraCFrame":[762.872,225.838,45.474,-0.553,-0.762,0.338,0,0.406,0.914,-0.833,0.505,-0.224],"_shiftlockState":false,"_pose":"FreeFall","_animationQueue":[["jump",0.1]],"_animationSpeed":1,"_zoom":0.5},{"_mousePosition":[683,384],"_rootPartCFrame":[762.535,224.461,45.696,-0.552,0,0.834,0,1,0,-0.834,0,-0.552],"_humanoidState":5,"_cameraCFrame":[762.704,226.418,45.584,-0.553,-0.762,0.338,0,0.406,0.914,-0.833,0.505,-0.224],"_shiftlockState":false,"_pose":"FreeFall","_animationQueue":[],"_animationSpeed":1,"_zoom":0.5},{"_mousePosition":[683,384],"_rootPartCFrame":[762.258,225.361,45.88,-0.553,0,0.833,0,1,0,-0.833,0,-0.553],"_humanoidState":5,"_cameraCFrame":[762.427,227.318,45.768,-0.553,-0.762,0.338,0,0.406,0.914,-0.833,0.505,-0.224],"_shiftlockState":false,"_pose":"FreeFall","_animationQueue":[],"_animationSpeed":1,"_zoom":0.5},{"_mousePosition":[683,384],"_rootPartCFrame":[762.035,226.02,46.028,-0.553,0,0.833,0,1,0,-0.833,0,-0.553],"_humanoidState":5,"_cameraCFrame":[762.204,227.977,45.916,-0.553,-0.762,0.338,0,0.406,0.914,-0.833,0.505,-0.224],"_shiftlockState":false,"_pose":"FreeFall","_animationQueue":[],"_animationSpeed":1,"_zoom":0.5},{"_mousePosition":[683,384],"_rootPartCFrame":[761.869,226.478,46.138,-0.553,0,0.833,0,1,0,-0.833,0,-0.553],"_humanoidState":5,"_cameraCFrame":[762.038,228.435,46.026,-0.553,-0.762,0.338,0,0.406,0.914,-0.833,0.505,-0.224],"_shiftlockState":false,"_pose":"FreeFall","_animationQueue":[],"_animationSpeed":1,"_zoom":0.5},{"_mousePosition":[683,384],"_rootPartCFrame":[761.647,227.041,46.286,-0.553,0,0.833,0,1,0,-0.833,0,-0.553],"_humanoidState":5,"_cameraCFrame":[761.816,228.998,46.174,-0.553,-0.762,0.338,0,0.406,0.914,-0.833,0.505,-0.224],"_shiftlockState":false,"_pose":"FreeFall","_animationQueue":[],"_animationSpeed":1,"_zoom":0.5},{"_mousePosition":[683,384],"_rootPartCFrame":[761.424,227.55,46.433,-0.553,0,0.833,0,1,0,-0.833,0,-0.553],"_humanoidState":5,"_cameraCFrame":[761.594,229.507,46.321,-0.553,-0.762,0.338,0,0.406,0.914,-0.833,0.505,-0.224],"_shiftlockState":false,"_pose":"FreeFall","_animationQueue":[],"_animationSpeed":1,"_zoom":0.5},{"_mousePosition":[683,384],"_rootPartCFrame":[761.202,228.004,46.581,-0.553,0,0.833,0,1,0,-0.833,0,-0.553],"_humanoidState":5,"_cameraCFrame":[761.372,229.961,46.469,-0.549,-0.764,0.339,0,0.406,0.914,-0.836,0.501,-0.222],"_shiftlockState":false,"_pose":"FreeFall","_animationQueue":[],"_animationSpeed":1,"_zoom":0.5},{"_mousePosition":[683,384],"_rootPartCFrame":[760.925,228.495,46.765,-0.549,0,0.836,0,1,0,-0.836,0,-0.549],"_humanoidState":5,"_cameraCFrame":[761.095,230.452,46.654,-0.544,-0.767,0.34,0,0.406,0.914,-0.839,0.498,-0.221],"_shiftlockState":false,"_pose":"FreeFall","_animationQueue":[],"_animationSpeed":1,"_zoom":0.5},{"_mousePosition":[683,384],"_rootPartCFrame":[760.702,228.826,46.911,-0.545,0,0.839,0,1,0,-0.839,0,-0.545],"_humanoidState":5,"_cameraCFrame":[760.872,230.783,46.802,-0.54,-0.769,0.341,0,0.406,0.914,-0.842,0.494,-0.219],"_shiftlockState":false,"_pose":"FreeFall","_animationQueue":[],"_animationSpeed":1,"_zoom":0.5},{"_mousePosition":[683,384],"_rootPartCFrame":[760.534,229.039,47.02,-0.54,0,0.841,0,1,0,-0.841,0,-0.54],"_humanoidState":5,"_cameraCFrame":[760.705,230.997,46.916,-0.523,-0.781,0.341,0,0.4,0.916,-0.852,0.479,-0.209],"_shiftlockState":false,"_pose":"FreeFall","_animationQueue":[],"_animationSpeed":1,"_zoom":0.5},{"_mousePosition":[683,384],"_rootPartCFrame":[760.254,229.326,47.2,-0.525,0,0.851,0,1,0,-0.851,0,-0.525],"_humanoidState":5,"_cameraCFrame":[760.426,231.284,47.1,-0.506,-0.791,0.344,0,0.398,0.917,-0.863,0.464,-0.201],"_shiftlockState":false,"_pose":"FreeFall","_animationQueue":[],"_animationSpeed":1,"_zoom":0.5},{"_mousePosition":[683,384],"_rootPartCFrame":[760.027,229.494,47.341,-0.508,0,0.861,0,1,0,-0.861,0,-0.508],"_humanoidState":5,"_cameraCFrame":[760.201,231.452,47.244,-0.486,-0.802,0.348,0,0.398,0.917,-0.874,0.446,-0.194],"_shiftlockState":false,"_pose":"FreeFall","_animationQueue":[],"_animationSpeed":1,"_zoom":0.5},{"_mousePosition":[683,384],"_rootPartCFrame":[759.797,229.607,47.476,-0.488,0,0.873,0,1,0,-0.873,0,-0.488],"_humanoidState":5,"_cameraCFrame":[759.973,231.566,47.384,-0.463,-0.813,0.351,0,0.397,0.918,-0.886,0.425,-0.184],"_shiftlockState":false,"_pose":"FreeFall","_animationQueue":[],"_animationSpeed":1,"_zoom":0.5},{"_mousePosition":[683,384],"_rootPartCFrame":[759.623,229.657,47.574,-0.466,0,0.885,0,1,0,-0.885,0,-0.466],"_humanoidState":5,"_cameraCFrame":[759.801,231.616,47.487,-0.441,-0.824,0.356,0,0.397,0.918,-0.898,0.405,-0.175],"_shiftlockState":false,"_pose":"FreeFall","_animationQueue":[],"_animationSpeed":1,"_zoom":0.5},{"_mousePosition":[683,384],"_rootPartCFrame":[759.328,229.671,47.729,-0.445,0,0.896,0,1,0,-0.896,0,-0.445],"_humanoidState":5,"_cameraCFrame":[759.508,231.63,47.647,-0.418,-0.834,0.36,0,0.397,0.918,-0.908,0.384,-0.166],"_shiftlockState":false,"_pose":"FreeFall","_animationQueue":[["fall",0.3]],"_animationSpeed":1,"_zoom":0.5},{"_mousePosition":[683,384],"_rootPartCFrame":[759.149,229.639,47.818,-0.42,0,0.907,0,1,0,-0.907,0,-0.42],"_humanoidState":5,"_cameraCFrame":[759.331,231.598,47.741,-0.39,-0.846,0.364,0,0.395,0.919,-0.921,0.359,-0.154],"_shiftlockState":false,"_pose":"FreeFall","_animationQueue":[],"_animationSpeed":1,"_zoom":0.5},{"_mousePosition":[683,384],"_rootPartCFrame":[758.907,229.548,47.931,-0.394,0,0.919,0,1,0,-0.919,0,-0.394],"_humanoidState":5,"_cameraCFrame":[759.091,231.507,47.859,-0.362,-0.856,0.368,0,0.395,0.919,-0.932,0.333,-0.143],"_shiftlockState":false,"_pose":"FreeFall","_animationQueue":[],"_animationSpeed":1,"_zoom":0.5},{"_mousePosition":[683,384],"_rootPartCFrame":[758.6,229.357,48.062,-0.367,0,0.93,0,1,0,-0.93,0,-0.367],"_humanoidState":5,"_cameraCFrame":[758.787,231.317,47.997,-0.329,-0.868,0.373,0,0.395,0.919,-0.944,0.302,-0.13],"_shiftlockState":false,"_pose":"FreeFall","_animationQueue":[],"_animationSpeed":1,"_zoom":0.5},{"_mousePosition":[683,384],"_rootPartCFrame":[758.352,229.144,48.16,-0.333,0,0.943,0,1,0,-0.943,0,-0.333],"_humanoidState":5,"_cameraCFrame":[758.541,231.103,48.102,-0.293,-0.878,0.378,0,0.395,0.919,-0.956,0.269,-0.116],"_shiftlockState":false,"_pose":"FreeFall","_animationQueue":[],"_animationSpeed":1,"_zoom":0.5},{"_mousePosition":[683,384],"_rootPartCFrame":[758.164,228.948,48.227,-0.296,0,0.955,0,1,0,-0.955,0,-0.296],"_humanoidState":5,"_cameraCFrame":[758.356,230.907,48.176,-0.256,-0.887,0.383,0,0.397,0.918,-0.967,0.235,-0.102],"_shiftlockState":false,"_pose":"FreeFall","_animationQueue":[],"_animationSpeed":1,"_zoom":0.5},{"_mousePosition":[683,384],"_rootPartCFrame":[757.846,228.554,48.326,-0.262,0,0.965,0,1,0,-0.965,0,-0.262],"_humanoidState":5,"_cameraCFrame":[758.042,230.512,48.286,-0.197,-0.898,0.392,0,0.4,0.916,-0.98,0.181,-0.079],"_shiftlockState":false,"_pose":"FreeFall","_animationQueue":[["fall",0.3]],"_animationSpeed":1,"_zoom":0.5},{"_mousePosition":[683,384],"_rootPartCFrame":[757.563,228.074,48.413,-0.199,0,0.98,0,1,0,-0.98,0,-0.199],"_humanoidState":5,"_cameraCFrame":[757.76,230.032,48.377,-0.18,-0.901,0.394,0,0.4,0.916,-0.984,0.165,-0.072],"_shiftlockState":false,"_pose":"FreeFall","_animationQueue":[],"_animationSpeed":1,"_zoom":0.5},{"_mousePosition":[683,384],"_rootPartCFrame":[757.466,227.858,48.442,-0.18,0,0.984,0,1,0,-0.984,0,-0.18],"_humanoidState":5,"_cameraCFrame":[757.667,229.815,48.414,-0.137,-0.905,0.402,0,0.406,0.914,-0.991,0.125,-0.056],"_shiftlockState":false,"_pose":"FreeFall","_animationQueue":[],"_animationSpeed":1,"_zoom":0.5},{"_mousePosition":[683,384],"_rootPartCFrame":[757.266,227.259,48.504,-0.137,0,0.991,0,1,0,-0.991,0,-0.137],"_humanoidState":5,"_cameraCFrame":[757.47,229.215,48.479,-0.12,-0.905,0.408,0,0.411,0.912,-0.993,0.109,-0.049],"_shiftlockState":false,"_pose":"FreeFall","_animationQueue":[],"_animationSpeed":1,"_zoom":0.5},{"_mousePosition":[683,384],"_rootPartCFrame":[757.149,226.719,48.54,-0.12,0,0.993,0,1,0,-0.993,0,-0.12],"_humanoidState":5,"_cameraCFrame":[757.355,228.674,48.517,-0.107,-0.905,0.412,0,0.414,0.91,-0.994,0.098,-0.044],"_shiftlockState":false,"_pose":"FreeFall","_animationQueue":[],"_animationSpeed":1,"_zoom":0.5},{"_mousePosition":[683,384],"_rootPartCFrame":[757.086,226.277,48.559,-0.107,0,0.994,0,1,0,-0.994,0,-0.107],"_humanoidState":5,"_cameraCFrame":[757.294,228.232,48.539,-0.097,-0.904,0.416,0,0.418,0.908,-0.995,0.088,-0.041],"_shiftlockState":false,"_pose":"FreeFall","_animationQueue":[],"_animationSpeed":1,"_zoom":0.5},{"_mousePosition":[683,384],"_rootPartCFrame":[757.028,225.474,48.577,-0.097,0,0.995,0,1,0,-0.995,0,-0.097],"_humanoidState":5,"_cameraCFrame":[757.237,227.428,48.557,-0.092,-0.904,0.418,0,0.42,0.908,-0.996,0.084,-0.039],"_shiftlockState":false,"_pose":"FreeFall","_animationQueue":[],"_animationSpeed":1,"_zoom":0.5},{"_mousePosition":[683,384],"_rootPartCFrame":[757.021,224.77,48.579,-0.092,0,0.996,0,1,0,-0.996,0,-0.092],"_humanoidState":5,"_cameraCFrame":[757.23,226.724,48.56,-0.09,-0.904,0.418,0,0.42,0.908,-0.996,0.081,-0.038],"_shiftlockState":false,"_pose":"FreeFall","_animationQueue":[["fall",0.3]],"_animationSpeed":1,"_zoom":0.5},{"_mousePosition":[683,384],"_rootPartCFrame":[757.02,224.012,48.579,-0.09,0,0.996,0,1,0,-0.996,0,-0.09],"_humanoidState":5,"_cameraCFrame":[757.229,225.965,48.56,-0.09,-0.904,0.418,0,0.42,0.908,-0.996,0.081,-0.038],"_shiftlockState":false,"_pose":"FreeFall","_animationQueue":[],"_animationSpeed":1,"_zoom":0.5},{"_mousePosition":[683,384],"_rootPartCFrame":[757.02,223.199,48.579,-0.09,0,0.996,0,1,0,-0.996,0,-0.09],"_humanoidState":5,"_cameraCFrame":[757.229,225.152,48.56,-0.09,-0.904,0.418,0,0.42,0.908,-0.996,0.081,-0.038],"_shiftlockState":false,"_pose":"FreeFall","_animationQueue":[],"_animationSpeed":1,"_zoom":0.5},{"_mousePosition":[683,384],"_rootPartCFrame":[757.02,222.331,48.579,-0.09,0,0.996,0,1,0,-0.996,0,-0.09],"_humanoidState":7,"_cameraCFrame":[757.229,224.285,48.56,-0.09,-0.904,0.418,0,0.42,0.908,-0.996,0.081,-0.038],"_shiftlockState":false,"_pose":"FreeFall","_animationQueue":[["fall",0.3],["fall",0.3]],"_animationSpeed":1,"_zoom":0.5},{"_mousePosition":[683,384],"_rootPartCFrame":[756.892,221.94,48.59,-0.09,0,0.996,0,1,0,-0.996,0,-0.09],"_humanoidState":7,"_cameraCFrame":[757.101,223.893,48.572,-0.087,-0.904,0.418,0,0.42,0.908,-0.996,0.079,-0.037],"_shiftlockState":false,"_pose":"FreeFall","_animationQueue":[],"_animationSpeed":1,"_zoom":0.5},{"_mousePosition":[683,384],"_rootPartCFrame":[756.635,222.036,48.614,-0.087,0,0.996,0,1,0,-0.996,0,-0.087],"_humanoidState":8,"_cameraCFrame":[756.846,223.989,48.597,-0.077,-0.903,0.422,0,0.423,0.906,-0.997,0.07,-0.033],"_shiftlockState":false,"_pose":"Running","_animationQueue":[["walk",0.1],["fall",0.3],["walk",0.1]],"_animationSpeed":0.852,"_zoom":0.5},{"_mousePosition":[683,384],"_rootPartCFrame":[756.371,222.909,48.637,-0.077,0,0.997,0,1,0,-0.997,0,-0.077],"_humanoidState":3,"_cameraCFrame":[756.583,224.862,48.622,-0.074,-0.903,0.424,0,0.425,0.905,-0.997,0.067,-0.032],"_shiftlockState":false,"_pose":"Jumping","_animationQueue":[["walk",0.1],["walk",0.1],["jump",0.1]],"_animationSpeed":1,"_zoom":0.5},{"_mousePosition":[683,384],"_rootPartCFrame":[756.171,223.531,48.653,-0.075,0,0.997,0,1,0,-0.997,0,-0.075],"_humanoidState":5,"_cameraCFrame":[756.386,225.482,48.64,-0.059,-0.901,0.43,0,0.43,0.903,-0.998,0.053,-0.025],"_shiftlockState":false,"_pose":"FreeFall","_animationQueue":[["jump",0.1]],"_animationSpeed":1,"_zoom":0.5},{"_mousePosition":[683,384],"_rootPartCFrame":[755.839,224.499,48.678,-0.061,0,0.998,0,1,0,-0.998,0,-0.061],"_humanoidState":5,"_cameraCFrame":[756.055,226.45,48.667,-0.052,-0.901,0.432,0,0.432,0.902,-0.999,0.047,-0.022],"_shiftlockState":false,"_pose":"FreeFall","_animationQueue":[],"_animationSpeed":1,"_zoom":0.5},{"_mousePosition":[683,384],"_rootPartCFrame":[755.573,225.212,48.694,-0.053,0,0.999,0,1,0,-0.999,0,-0.053],"_humanoidState":5,"_cameraCFrame":[755.79,227.162,48.685,-0.044,-0.9,0.433,0,0.434,0.901,-0.999,0.04,-0.019],"_shiftlockState":false,"_pose":"FreeFall","_animationQueue":[],"_animationSpeed":1,"_zoom":0.5},{"_mousePosition":[683,384],"_rootPartCFrame":[755.373,225.711,48.705,-0.045,0,0.999,0,1,0,-0.999,0,-0.045],"_humanoidState":5,"_cameraCFrame":[755.591,227.661,48.697,-0.039,-0.899,0.435,0,0.436,0.9,-0.999,0.035,-0.017],"_shiftlockState":false,"_pose":"FreeFall","_animationQueue":[],"_animationSpeed":1,"_zoom":0.5},{"_mousePosition":[683,384],"_rootPartCFrame":[755.04,226.475,48.72,-0.04,0,0.999,0,1,0,-0.999,0,-0.04],"_humanoidState":5,"_cameraCFrame":[755.258,228.425,48.714,-0.029,-0.9,0.435,0,0.436,0.9,-1,0.026,-0.013],"_shiftlockState":false,"_pose":"FreeFall","_animationQueue":[],"_animationSpeed":1,"_zoom":0.5},{"_mousePosition":[683,384],"_rootPartCFrame":[754.774,227.024,48.731,-0.03,0,1,0,1,0,-1,0,-0.03],"_humanoidState":5,"_cameraCFrame":[754.993,228.974,48.725,-0.024,-0.899,0.437,0,0.437,0.899,-1,0.021,-0.01],"_shiftlockState":false,"_pose":"FreeFall","_animationQueue":[],"_animationSpeed":1,"_zoom":0.5},{"_mousePosition":[683,384],"_rootPartCFrame":[754.507,227.519,48.739,-0.025,0,1,0,1,0,-1,0,-0.025],"_humanoidState":5,"_cameraCFrame":[754.726,229.469,48.735,-0.019,-0.899,0.437,0,0.437,0.899,-1,0.017,-0.008],"_shiftlockState":false,"_pose":"FreeFall","_animationQueue":[],"_animationSpeed":1,"_zoom":0.5},{"_mousePosition":[683,384],"_rootPartCFrame":[754.307,227.855,48.744,-0.019,0,1,0,1,0,-1,0,-0.019],"_humanoidState":5,"_cameraCFrame":[754.527,229.804,48.741,-0.014,-0.898,0.439,0,0.439,0.898,-1,0.012,-0.006],"_shiftlockState":false,"_pose":"FreeFall","_animationQueue":[],"_animationSpeed":1,"_zoom":0.5},{"_mousePosition":[683,384],"_rootPartCFrame":[753.974,228.346,48.75,-0.015,0,1,0,1,0,-1,0,-0.015],"_humanoidState":5,"_cameraCFrame":[754.194,230.295,48.748,-0.009,-0.898,0.439,0,0.439,0.898,-1,0.008,-0.004],"_shiftlockState":false,"_pose":"FreeFall","_animationQueue":[],"_animationSpeed":1,"_zoom":0.5},{"_mousePosition":[683,384],"_rootPartCFrame":[753.708,228.677,48.754,-0.009,0,1,0,1,0,-1,0,-0.009],"_humanoidState":5,"_cameraCFrame":[753.927,230.626,48.753,-0.004,-0.898,0.439,0,0.439,0.898,-1,0.003,-0.002],"_shiftlockState":false,"_pose":"FreeFall","_animationQueue":[],"_animationSpeed":1,"_zoom":0.5},{"_mousePosition":[683,384],"_rootPartCFrame":[753.441,228.954,48.757,-0.004,0,1,0,1,0,-1,0,-0.004],"_humanoidState":5,"_cameraCFrame":[753.66,230.903,48.757,0.004,-0.898,0.439,0,0.439,0.898,-1,-0.004,0.002],"_shiftlockState":false,"_pose":"FreeFall","_animationQueue":[],"_animationSpeed":1,"_zoom":0.5},{"_mousePosition":[683,384],"_rootPartCFrame":[753.174,229.177,48.758,0.003,0,1,0,1,0,-1,0,0.003],"_humanoidState":5,"_cameraCFrame":[753.394,231.126,48.759,0.007,-0.898,0.439,0,0.439,0.898,-1,-0.006,0.003],"_shiftlockState":false,"_pose":"FreeFall","_animationQueue":[],"_animationSpeed":1,"_zoom":0.5},{"_mousePosition":[683,384],"_rootPartCFrame":[752.974,229.308,48.757,0.006,0,1,0,1,0,-1,0,0.006],"_humanoidState":5,"_cameraCFrame":[753.194,231.257,48.761,0.017,-0.898,0.439,0,0.439,0.898,-1,-0.015,0.007],"_shiftlockState":false,"_pose":"FreeFall","_animationQueue":[],"_animationSpeed":1,"_zoom":0.5},{"_mousePosition":[683,384],"_rootPartCFrame":[752.641,229.458,48.755,0.015,0,1,0,1,0,-1,0,0.015],"_humanoidState":5,"_cameraCFrame":[752.861,231.407,48.761,0.024,-0.898,0.439,0,0.439,0.898,-1,-0.022,0.011],"_shiftlockState":false,"_pose":"FreeFall","_animationQueue":[],"_animationSpeed":1,"_zoom":0.5},{"_mousePosition":[683,384],"_rootPartCFrame":[752.375,229.517,48.751,0.023,0,1,0,1,0,-1,0,0.023],"_humanoidState":5,"_cameraCFrame":[752.594,231.466,48.759,0.037,-0.898,0.439,0,0.439,0.898,-0.999,-0.033,0.016],"_shiftlockState":false,"_pose":"FreeFall","_animationQueue":[],"_animationSpeed":1,"_zoom":0.5},{"_mousePosition":[683,384],"_rootPartCFrame":[752.175,229.526,48.747,0.036,0,0.999,0,1,0,-0.999,0,0.036],"_humanoidState":5,"_cameraCFrame":[752.394,231.475,48.759,0.055,-0.897,0.438,0,0.439,0.898,-0.999,-0.049,0.024],"_shiftlockState":false,"_pose":"FreeFall","_animationQueue":[],"_animationSpeed":1,"_zoom":0.5},{"_mousePosition":[683,384],"_rootPartCFrame":[751.908,229.489,48.737,0.052,0,0.999,0,1,0,-0.999,0,0.052],"_humanoidState":5,"_cameraCFrame":[752.127,231.439,48.754,0.075,-0.896,0.438,0,0.439,0.898,-0.997,-0.067,0.033],"_shiftlockState":false,"_pose":"FreeFall","_animationQueue":[],"_animationSpeed":1,"_zoom":0.5},{"_mousePosition":[683,384],"_rootPartCFrame":[751.612,229.367,48.726,0.074,0,0.997,0,1,0,-0.997,0,0.074],"_humanoidState":5,"_cameraCFrame":[751.831,231.317,48.747,0.095,-0.894,0.437,0,0.439,0.898,-0.995,-0.085,0.042],"_shiftlockState":false,"_pose":"FreeFall","_animationQueue":[],"_animationSpeed":1,"_zoom":0.5},{"_mousePosition":[683,384],"_rootPartCFrame":[751.464,229.253,48.721,0.095,0,0.995,0,1,0,-0.995,0,0.095],"_humanoidState":5,"_cameraCFrame":[751.682,231.202,48.746,0.115,-0.892,0.436,0,0.439,0.898,-0.993,-0.103,0.051],"_shiftlockState":false,"_pose":"FreeFall","_animationQueue":[],"_animationSpeed":1,"_zoom":0.5},{"_mousePosition":[683,384],"_rootPartCFrame":[751.268,228.995,48.714,0.115,0,0.993,0,1,0,-0.993,0,0.115],"_humanoidState":5,"_cameraCFrame":[751.485,230.944,48.743,0.133,-0.89,0.435,0,0.439,0.898,-0.991,-0.119,0.058],"_shiftlockState":false,"_pose":"FreeFall","_animationQueue":[],"_animationSpeed":1,"_zoom":0.5},{"_mousePosition":[683,384],"_rootPartCFrame":[751.155,228.727,48.71,0.133,0,0.991,0,1,0,-0.991,0,0.133],"_humanoidState":5,"_cameraCFrame":[751.373,230.676,48.743,0.15,-0.887,0.436,0,0.441,0.898,-0.989,-0.135,0.066],"_shiftlockState":false,"_pose":"FreeFall","_animationQueue":[["fall",0.3]],"_animationSpeed":1,"_zoom":0.5},{"_mousePosition":[683,384],"_rootPartCFrame":[751.096,228.49,48.708,0.15,0,0.989,0,1,0,-0.989,0,0.15],"_humanoidState":5,"_cameraCFrame":[751.314,230.439,48.744,0.168,-0.885,0.435,0,0.441,0.898,-0.986,-0.151,0.074],"_shiftlockState":false,"_pose":"FreeFall","_animationQueue":[],"_animationSpeed":1,"_zoom":0.5},{"_mousePosition":[683,384],"_rootPartCFrame":[751.049,228.027,48.706,0.168,0,0.986,0,1,0,-0.986,0,0.168],"_humanoidState":5,"_cameraCFrame":[751.266,229.976,48.747,0.185,-0.881,0.435,0,0.443,0.897,-0.983,-0.166,0.082],"_shiftlockState":false,"_pose":"FreeFall","_animationQueue":[],"_animationSpeed":1,"_zoom":0.5},{"_mousePosition":[683,384],"_rootPartCFrame":[751.045,227.596,48.706,0.185,0,0.983,0,1,0,-0.983,0,0.185],"_humanoidState":5,"_cameraCFrame":[751.262,229.544,48.75,0.203,-0.878,0.433,0,0.443,0.897,-0.979,-0.182,0.09],"_shiftlockState":false,"_pose":"FreeFall","_animationQueue":[],"_animationSpeed":1,"_zoom":0.5},{"_mousePosition":[683,384],"_rootPartCFrame":[751.045,227.237,48.706,0.203,0,0.979,0,1,0,-0.979,0,0.203],"_humanoidState":5,"_cameraCFrame":[751.261,229.185,48.756,0.23,-0.873,0.431,0,0.443,0.897,-0.973,-0.206,0.102],"_shiftlockState":false,"_pose":"FreeFall","_animationQueue":[],"_animationSpeed":1,"_zoom":0.5},{"_mousePosition":[683,384],"_rootPartCFrame":[751.045,226.71,48.706,0.23,0,0.973,0,1,0,-0.973,0,0.23],"_humanoidState":5,"_cameraCFrame":[751.26,228.658,48.76,0.244,-0.87,0.429,0,0.443,0.897,-0.97,-0.219,0.108],"_shiftlockState":false,"_pose":"FreeFall","_animationQueue":[],"_animationSpeed":1,"_zoom":0.5},{"_mousePosition":[683,384],"_rootPartCFrame":[751.045,225.974,48.706,0.244,0,0.97,0,1,0,-0.97,0,0.244],"_humanoidState":5,"_cameraCFrame":[751.259,227.923,48.761,0.252,-0.869,0.427,0,0.441,0.898,-0.968,-0.226,0.111],"_shiftlockState":false,"_pose":"FreeFall","_animationQueue":[],"_animationSpeed":1,"_zoom":0.5},{"_mousePosition":[683,384],"_rootPartCFrame":[751.045,225.325,48.706,0.252,0,0.968,0,1,0,-0.968,0,0.252],"_humanoidState":5,"_cameraCFrame":[751.258,227.274,48.762,0.257,-0.868,0.424,0,0.439,0.898,-0.966,-0.231,0.113],"_shiftlockState":false,"_pose":"FreeFall","_animationQueue":[["fall",0.3]],"_animationSpeed":1,"_zoom":0.5},{"_mousePosition":[683,384],"_rootPartCFrame":[751.045,224.621,48.706,0.257,0,0.966,0,1,0,-0.966,0,0.257],"_humanoidState":5,"_cameraCFrame":[751.257,226.571,48.762,0.259,-0.869,0.422,0,0.437,0.899,-0.966,-0.233,0.113],"_shiftlockState":false,"_pose":"FreeFall","_animationQueue":[],"_animationSpeed":1,"_zoom":0.5},{"_mousePosition":[683,384],"_rootPartCFrame":[751.045,224.057,48.706,0.259,0,0.966,0,1,0,-0.966,0,0.259],"_humanoidState":5,"_cameraCFrame":[751.256,226.007,48.762,0.259,-0.869,0.421,0,0.436,0.9,-0.966,-0.233,0.113],"_shiftlockState":false,"_pose":"FreeFall","_animationQueue":[],"_animationSpeed":1,"_zoom":0.5},{"_mousePosition":[683,384],"_rootPartCFrame":[751.045,223.05,48.706,0.259,0,0.966,0,1,0,-0.966,0,0.259],"_humanoidState":5,"_cameraCFrame":[751.255,225,48.762,0.259,-0.87,0.419,0,0.434,0.901,-0.966,-0.233,0.112],"_shiftlockState":false,"_pose":"FreeFall","_animationQueue":[],"_animationSpeed":1,"_zoom":0.5},{"_mousePosition":[683,384],"_rootPartCFrame":[751.045,222.404,48.706,0.259,0,0.966,0,1,0,-0.966,0,0.259],"_humanoidState":7,"_cameraCFrame":[751.255,224.355,48.762,0.259,-0.87,0.419,0,0.434,0.901,-0.966,-0.233,0.112],"_shiftlockState":false,"_pose":"FreeFall","_animationQueue":[["fall",0.3],["fall",0.3]],"_animationSpeed":1,"_zoom":0.5},{"_mousePosition":[683,384],"_rootPartCFrame":[751.045,221.999,48.706,0.259,0,0.966,0,1,0,-0.966,0,0.259],"_humanoidState":7,"_cameraCFrame":[751.254,223.95,48.762,0.259,-0.871,0.417,0,0.432,0.902,-0.966,-0.234,0.112],"_shiftlockState":false,"_pose":"FreeFall","_animationQueue":[],"_animationSpeed":1,"_zoom":0.5},{"_mousePosition":[683,384],"_rootPartCFrame":[750.84,222.1,48.651,0.259,0,0.966,0,1,0,-0.966,0,0.259],"_humanoidState":8,"_cameraCFrame":[751.049,224.051,48.707,0.259,-0.871,0.417,0,0.432,0.902,-0.966,-0.234,0.112],"_shiftlockState":false,"_pose":"Standing","_animationQueue":[["fall",0.3],["fall",0.3],["idle",0.1]],"_animationSpeed":1,"_zoom":0.5},{"_mousePosition":[683,384],"_rootPartCFrame":[750.605,222.973,48.587,0.259,0,0.966,0,1,0,-0.966,0,0.259],"_humanoidState":3,"_cameraCFrame":[750.813,224.924,48.643,0.257,-0.872,0.416,0,0.43,0.903,-0.966,-0.232,0.11],"_shiftlockState":false,"_pose":"Jumping","_animatio