[{"_mousePosition":[672,387],"_rootPartCFrame":[776.024,222.7,47.142,0.004,0,1,0,1,0,-1,0,0.004],"_humanoidState":8,"_cameraCFrame":[782.264,244.537,46.485,-0.105,-0.95,0.293,0,0.295,0.956,-0.994,0.1,-0.031],"_shiftlockState":false,"_pose":"Standing","_animationQueue":[],"_animationSpeed":1,"_zoom":21.283},{"_mousePosition":[672,387],"_rootPartCFrame":[775.779,222.7,47.169,-0.012,0,1,0,1,0,-1,0,-0.012],"_humanoidState":8,"_cameraCFrame":[781.941,244.561,46.535,-0.102,-0.952,0.29,0,0.291,0.957,-0.995,0.098,-0.03],"_shiftlockState":false,"_pose":"Standing","_animationQueue":[],"_animationSpeed":1,"_zoom":21.283},{"_mousePosition":[672,387],"_rootPartCFrame":[775.514,222.7,47.197,-0.025,0,1,0,1,0,-1,0,-0.025],"_humanoidState":8,"_cameraCFrame":[781.677,244.561,46.563,-0.102,-0.952,0.29,0,0.291,0.957,-0.995,0.098,-0.03],"_shiftlockState":false,"_pose":"Running","_animationQueue":[["walk",0.1]],"_animationSpeed":1.066,"_zoom":21.283},{"_mousePosition":[672,387],"_rootPartCFrame":[775.249,222.7,47.224,-0.035,0,0.999,0,1,0,-0.999,0,-0.035],"_humanoidState":8,"_cameraCFrame":[781.336,244.585,46.629,-0.097,-0.953,0.286,0,0.287,0.958,-0.995,0.093,-0.028],"_shiftlockState":false,"_pose":"Running","_animationQueue":[],"_animationSpeed":1.066,"_zoom":21.283},{"_mousePosition":[672,387],"_rootPartCFrame":[774.984,222.7,47.251,-0.044,0,0.999,0,1,0,-0.999,0,-0.044],"_humanoidState":8,"_cameraCFrame":[780.994,244.609,46.695,-0.092,-0.955,0.282,0,0.284,0.959,-0.996,0.088,-0.026],"_shiftlockState":false,"_pose":"Running","_animationQueue":[],"_animationSpeed":1.066,"_zoom":21.283},{"_mousePosition":[672,387],"_rootPartCFrame":[774.719,222.7,47.277,-0.052,0,0.999,0,1,0,-0.999,0,-0.052],"_humanoidState":8,"_cameraCFrame":[780.652,244.632,46.758,-0.087,-0.956,0.279,0,0.28,0.96,-0.996,0.084,-0.024],"_shiftlockState":false,"_pose":"Running","_animationQueue":[],"_animationSpeed":1.066,"_zoom":21.283},{"_mousePosition":[672,387],"_rootPartCFrame":[774.453,222.7,47.302,-0.057,0,0.998,0,1,0,-0.998,0,-0.057],"_humanoidState":8,"_cameraCFrame":[780.311,244.655,46.834,-0.08,-0.958,0.275,0,0.276,0.961,-0.997,0.077,-0.022],"_shiftlockState":false,"_pose":"Running","_animationQueue":[],"_animationSpeed":1.066,"_zoom":21.283},{"_mousePosition":[672,387],"_rootPartCFrame":[774.187,222.7,47.325,-0.061,0,0.998,0,1,0,-0.998,0,-0.061],"_humanoidState":8,"_cameraCFrame":[779.968,244.678,46.893,-0.075,-0.96,0.272,0,0.272,0.962,-0.997,0.072,-0.02],"_shiftlockState":false,"_pose":"Running","_animationQueue":[["walk",0.1]],"_animationSpeed":1.066,"_zoom":21.283},{"_mousePosition":[672,387],"_rootPartCFrame":[773.922,222.7,47.347,-0.064,0,0.998,0,1,0,-0.998,0,-0.064],"_humanoidState":8,"_cameraCFrame":[779.625,244.7,46.949,-0.07,-0.961,0.268,0,0.269,0.963,-0.998,0.067,-0.019],"_shiftlockState":false,"_pose":"Running","_animationQueue":[],"_animationSpeed":1.066,"_zoom":21.283},{"_mousePosition":[672,387],"_rootPartCFrame":[773.523,222.7,47.377,-0.066,0,0.998,0,1,0,-0.998,0,-0.066],"_humanoidState":8,"_cameraCFrame":[779.029,244.755,47.035,-0.062,-0.964,0.259,0,0.259,0.966,-0.998,0.06,-0.016],"_shiftlockState":false,"_pose":"Running","_animationQueue":[],"_animationSpeed":1.066,"_zoom":21.283},{"_mousePosition":[672,387],"_rootPartCFrame":[773.124,222.7,47.405,-0.067,0,0.998,0,1,0,-0.998,0,-0.067],"_humanoidState":8,"_cameraCFrame":[778.474,244.797,47.141,-0.049,-0.967,0.251,0,0.252,0.968,-0.999,0.048,-0.012],"_shiftlockState":false,"_pose":"Running","_animationQueue":[],"_animationSpeed":1.066,"_zoom":21.283},{"_mousePosition":[672,387],"_rootPartCFrame":[772.991,222.7,47.413,-0.067,0,0.998,0,1,0,-0.998,0,-0.067],"_humanoidState":8,"_cameraCFrame":[778.222,244.828,47.181,-0.044,-0.968,0.246,0,0.246,0.969,-0.999,0.043,-0.011],"_shiftlockState":false,"_pose":"Running","_animationQueue":[],"_animationSpeed":1.066,"_zoom":21.283},{"_mousePosition":[672,387],"_rootPartCFrame":[772.724,222.7,47.427,-0.065,0,0.998,0,1,0,-0.998,0,-0.065],"_humanoidState":8,"_cameraCFrame":[777.955,244.828,47.195,-0.044,-0.968,0.246,0,0.246,0.969,-0.999,0.043,-0.011],"_shiftlockState":false,"_pose":"Running","_animationQueue":[],"_animationSpeed":1.066,"_zoom":21.283},{"_mousePosition":[672,387],"_rootPartCFrame":[772.591,222.7,47.433,-0.063,0,0.998,0,1,0,-0.998,0,-0.063],"_humanoidState":8,"_cameraCFrame":[777.822,244.828,47.201,-0.044,-0.968,0.246,0,0.246,0.969,-0.999,0.043,-0.011],"_shiftlockState":false,"_pose":"Running","_animationQueue":[],"_animationSpeed":1.066,"_zoom":21.283},{"_mousePosition":[672,387],"_rootPartCFrame":[772.325,222.7,47.444,-0.061,0,0.998,0,1,0,-0.998,0,-0.061],"_humanoidState":8,"_cameraCFrame":[777.556,244.828,47.213,-0.044,-0.968,0.246,0,0.246,0.969,-0.999,0.043,-0.011],"_shiftlockState":false,"_pose":"Running","_animationQueue":[["walk",0.1]],"_animationSpeed":1.066,"_zoom":21.283},{"_mousePosition":[672,387],"_rootPartCFrame":[772.058,222.7,47.456,-0.058,0,0.998,0,1,0,-0.998,0,-0.058],"_humanoidState":8,"_cameraCFrame":[777.25,244.838,47.239,-0.042,-0.969,0.244,0,0.244,0.97,-0.999,0.04,-0.01],"_shiftlockState":false,"_pose":"Running","_animationQueue":[],"_animationSpeed":1.066,"_zoom":21.283},{"_mousePosition":[672,387],"_rootPartCFrame":[771.792,222.7,47.468,-0.057,0,0.998,0,1,0,-0.998,0,-0.057],"_humanoidState":8,"_cameraCFrame":[776.944,244.849,47.279,-0.037,-0.97,0.242,0,0.242,0.97,-0.999,0.036,-0.009],"_shiftlockState":false,"_pose":"Running","_animationQueue":[],"_animationSpeed":1.066,"_zoom":21.283},{"_mousePosition":[672,387],"_rootPartCFrame":[771.526,222.7,47.479,-0.055,0,0.999,0,1,0,-0.999,0,-0.055],"_humanoidState":8,"_cameraCFrame":[776.598,244.868,47.319,-0.032,-0.971,0.238,0,0.238,0.971,-0.999,0.031,-0.008],"_shiftlockState":false,"_pose":"Running","_animationQueue":[],"_animationSpeed":1.066,"_zoom":21.283},{"_mousePosition":[672,387],"_rootPartCFrame":[771.259,222.7,47.489,-0.052,0,0.999,0,1,0,-0.999,0,-0.052],"_humanoidState":8,"_cameraCFrame":[776.253,244.888,47.382,-0.022,-0.972,0.235,0,0.235,0.972,-1,0.021,-0.005],"_shiftlockState":false,"_pose":"Running","_animationQueue":[],"_animationSpeed":1.066,"_zoom":21.283},{"_mousePosition":[672,387],"_rootPartCFrame":[770.859,222.7,47.502,-0.048,0,0.999,0,1,0,-0.999,0,-0.048],"_humanoidState":8,"_cameraCFrame":[775.773,244.907,47.446,-0.011,-0.973,0.231,0,0.231,0.973,-1,0.011,-0.003],"_shiftlockState":false,"_pose":"Running","_animationQueue":[],"_animationSpeed":1.066,"_zoom":21.283},{"_mousePosition":[672,387],"_rootPartCFrame":[770.726,222.7,47.505,-0.046,0,0.999,0,1,0,-0.999,0,-0.046],"_humanoidState":8,"_cameraCFrame":[775.559,244.926,47.487,-0.004,-0.974,0.227,0,0.227,0.974,-1,0.004,-0.001],"_shiftlockState":false,"_pose":"Running","_animationQueue":[["walk",0.1]],"_animationSpeed":1.066,"_zoom":21.283},{"_mousePosition":[672,387],"_rootPartCFrame":[770.46,222.7,47.508,-0.042,0,0.999,0,1,0,-0.999,0,-0.042],"_humanoidState":8,"_cameraCFrame":[775.212,244.945,47.526,0.004,-0.975,0.223,0,0.223,0.975,-1,-0.004,0.001],"_shiftlockState":false,"_pose":"Running","_animationQueue":[],"_animationSpeed":1.066,"_zoom":21.283},{"_mousePosition":[672,387],"_rootPartCFrame":[770.26,222.679,47.51,-0.038,0,0.999,0,1,0,-0.999,0,-0.038],"_humanoidState":8,"_cameraCFrame":[774.971,244.934,47.588,0.016,-0.975,0.221,0,0.221,0.975,-1,-0.016,0.004],"_shiftlockState":false,"_pose":"Running","_animationQueue":[],"_animationSpeed":1.066,"_zoom":21.283},{"_mousePosition":[672,387],"_rootPartCFrame":[769.926,223.749,47.514,-0.033,0,0.999,0,1,0,-0.999,0,-0.033],"_humanoidState":3,"_cameraCFrame":[774.597,246.013,47.627,0.024,-0.975,0.219,0,0.219,0.976,-1,-0.023,0.005],"_shiftlockState":false,"_pose":"Jumping","_animationQueue":[["walk",0.1],["jump",0.1]],"_animationSpeed":1,"_zoom":21.283},{"_mousePosition":[672,387],"_rootPartCFrame":[769.726,224.351,47.512,-0.028,0,1,0,1,0,-1,0,-0.028],"_humanoidState":5,"_cameraCFrame":[774.355,246.623,47.659,0.032,-0.976,0.217,0,0.218,0.976,-0.999,-0.031,0.007],"_shiftlockState":false,"_pose":"FreeFall","_animationQueue":[["jump",0.1]],"_animationSpeed":1,"_zoom":21.283},{"_mousePosition":[672,387],"_rootPartCFrame":[769.393,225.284,47.504,-0.02,0,1,0,1,0,-1,0,-0.02],"_humanoidState":5,"_cameraCFrame":[774.021,247.557,47.686,0.039,-0.975,0.217,0,0.218,0.976,-0.999,-0.038,0.009],"_shiftlockState":false,"_pose":"FreeFall","_animationQueue":[],"_animationSpeed":1,"_zoom":21.283},{"_mousePosition":[672,387],"_rootPartCFrame":[769.193,225.804,47.498,-0.015,0,1,0,1,0,-1,0,-0.015],"_humanoidState":5,"_cameraCFrame":[773.778,248.086,47.725,0.049,-0.975,0.215,0,0.216,0.976,-0.999,-0.048,0.011],"_shiftlockState":false,"_pose":"FreeFall","_animationQueue":[],"_animationSpeed":1,"_zoom":21.283},{"_mousePosition":[672,387],"_rootPartCFrame":[768.86,226.601,47.486,-0.006,0,1,0,1,0,-1,0,-0.006],"_humanoidState":5,"_cameraCFrame":[773.443,248.883,47.747,0.057,-0.975,0.215,0,0.216,0.976,-0.998,-0.056,0.012],"_shiftlockState":false,"_pose":"FreeFall","_animationQueue":[],"_animationSpeed":1,"_zoom":21.283},{"_mousePosition":[672,387],"_rootPartCFrame":[768.594,227.178,47.473,0.002,0,1,0,1,0,-1,0,0.002],"_humanoidState":5,"_cameraCFrame":[773.175,249.46,47.769,0.064,-0.974,0.215,0,0.216,0.976,-0.998,-0.063,0.014],"_shiftlockState":false,"_pose":"FreeFall","_animationQueue":[],"_animationSpeed":1,"_zoom":21.283},{"_mousePosition":[672,387],"_rootPartCFrame":[768.394,227.575,47.462,0.007,0,1,0,1,0,-1,0,0.007],"_humanoidState":5,"_cameraCFrame":[772.972,249.857,47.804,0.075,-0.974,0.215,0,0.216,0.976,-0.997,-0.073,0.016],"_shiftlockState":false,"_pose":"FreeFall","_animationQueue":[],"_animationSpeed":1,"_zoom":21.283},{"_mousePosition":[672,387],"_rootPartCFrame":[768.061,228.168,47.441,0.017,0,1,0,1,0,-1,0,0.017],"_humanoidState":5,"_cameraCFrame":[772.595,250.459,47.826,0.085,-0.973,0.213,0,0.214,0.977,-0.996,-0.083,0.018],"_shiftlockState":false,"_pose":"FreeFall","_animationQueue":[],"_animationSpeed":1,"_zoom":21.283},{"_mousePosition":[672,387],"_rootPartCFrame":[767.795,228.581,47.421,0.024,0,1,0,1,0,-1,0,0.024],"_humanoidState":5,"_cameraCFrame":[772.326,250.872,47.841,0.092,-0.973,0.213,0,0.214,0.977,-0.996,-0.09,0.02],"_shiftlockState":false,"_pose":"FreeFall","_animationQueue":[],"_animationSpeed":1,"_zoom":21.283},{"_mousePosition":[672,387],"_rootPartCFrame":[767.53,228.94,47.399,0.032,0,0.999,0,1,0,-0.999,0,0.032],"_humanoidState":5,"_cameraCFrame":[772.058,251.231,47.842,0.097,-0.972,0.213,0,0.214,0.977,-0.995,-0.095,0.021],"_shiftlockState":false,"_pose":"FreeFall","_animationQueue":[],"_animationSpeed":1,"_zoom":21.283},{"_mousePosition":[672,387],"_rootPartCFrame":[767.264,229.245,47.375,0.04,0,0.999,0,1,0,-0.999,0,0.04],"_humanoidState":5,"_cameraCFrame":[771.789,251.535,47.852,0.105,-0.971,0.213,0,0.214,0.977,-0.994,-0.102,0.022],"_shiftlockState":false,"_pose":"FreeFall","_animationQueue":[],"_animationSpeed":1,"_zoom":21.283},{"_mousePosition":[672,387],"_rootPartCFrame":[766.999,229.494,47.349,0.048,0,0.999,0,1,0,-0.999,0,0.048],"_humanoidState":5,"_cameraCFrame":[771.523,251.785,47.837,0.107,-0.971,0.213,0,0.214,0.977,-0.994,-0.105,0.023],"_shiftlockState":false,"_pose":"FreeFall","_animationQueue":[],"_animationSpeed":1,"_zoom":21.283},{"_mousePosition":[672,387],"_rootPartCFrame":[766.734,229.69,47.321,0.056,0,0.998,0,1,0,-0.998,0,0.056],"_humanoidState":5,"_cameraCFrame":[771.256,251.98,47.821,0.11,-0.971,0.212,0,0.214,0.977,-0.994,-0.107,0.023],"_shiftlockState":false,"_pose":"FreeFall","_animationQueue":[],"_animationSpeed":1,"_zoom":21.283},{"_mousePosition":[672,387],"_rootPartCFrame":[766.468,229.83,47.293,0.063,0,0.998,0,1,0,-0.998,0,0.063],"_humanoidState":5,"_cameraCFrame":[770.949,252.13,47.799,0.112,-0.971,0.211,0,0.212,0.977,-0.994,-0.11,0.024],"_shiftlockState":false,"_pose":"FreeFall","_animationQueue":[],"_animationSpeed":1,"_zoom":21.283},{"_mousePosition":[672,387],"_rootPartCFrame":[766.27,229.9,47.271,0.068,0,0.998,0,1,0,-0.998,0,0.068],"_humanoidState":5,"_cameraCFrame":[770.748,252.2,47.8,0.117,-0.971,0.21,0,0.212,0.977,-0.993,-0.115,0.025],"_shiftlockState":false,"_pose":"FreeFall","_animationQueue":[],"_animationSpeed":1,"_zoom":21.283},{"_mousePosition":[672,387],"_rootPartCFrame":[765.938,229.948,47.233,0.075,0,0.997,0,1,0,-0.997,0,0.075],"_humanoidState":5,"_cameraCFrame":[770.414,252.248,47.786,0.122,-0.97,0.21,0,0.212,0.977,-0.992,-0.12,0.026],"_shiftlockState":false,"_pose":"FreeFall","_animationQueue":[],"_animationSpeed":1,"_zoom":21.283},{"_mousePosition":[672,387],"_rootPartCFrame":[765.674,229.926,47.202,0.081,0,0.997,0,1,0,-0.997,0,0.081],"_humanoidState":5,"_cameraCFrame":[770.146,252.225,47.777,0.127,-0.969,0.21,0,0.212,0.977,-0.992,-0.125,0.027],"_shiftlockState":false,"_pose":"FreeFall","_animationQueue":[],"_animationSpeed":1,"_zoom":21.283},{"_mousePosition":[672,387],"_rootPartCFrame":[765.475,229.873,47.178,0.085,0,0.996,0,1,0,-0.996,0,0.085],"_humanoidState":5,"_cameraCFrame":[769.945,252.172,47.775,0.132,-0.969,0.21,0,0.212,0.977,-0.991,-0.129,0.028],"_shiftlockState":false,"_pose":"FreeFall","_animationQueue":[],"_animationSpeed":1,"_zoom":21.283},{"_mousePosition":[672,387],"_rootPartCFrame":[765.211,229.755,47.144,0.091,0,0.996,0,1,0,-0.996,0,0.091],"_humanoidState":5,"_cameraCFrame":[769.676,252.054,47.776,0.14,-0.968,0.21,0,0.212,0.977,-0.99,-0.137,0.03],"_shiftlockState":false,"_pose":"FreeFall","_animationQueue":[["fall",0.3]],"_animationSpeed":1,"_zoom":21.283},{"_mousePosition":[672,387],"_rootPartCFrame":[764.946,229.582,47.109,0.096,0,0.995,0,1,0,-0.995,0,0.096],"_humanoidState":5,"_cameraCFrame":[769.406,251.882,47.774,0.148,-0.967,0.21,0,0.212,0.977,-0.989,-0.144,0.031],"_shiftlockState":false,"_pose":"FreeFall","_animationQueue":[],"_animationSpeed":1,"_zoom":21.283},{"_mousePosition":[672,387],"_rootPartCFrame":[764.682,229.355,47.072,0.102,0,0.995,0,1,0,-0.995,0,0.102],"_humanoidState":5,"_cameraCFrame":[769.139,251.655,47.76,0.153,-0.966,0.209,0,0.212,0.977,-0.988,-0.149,0.032],"_shiftlockState":false,"_pose":"FreeFall","_animationQueue":[],"_animationSpeed":1,"_zoom":21.283},{"_mousePosition":[672,387],"_rootPartCFrame":[764.418,229.073,47.033,0.108,0,0.994,0,1,0,-0.994,0,0.108],"_humanoidState":5,"_cameraCFrame":[768.872,251.373,47.743,0.158,-0.965,0.209,0,0.212,0.977,-0.988,-0.154,0.033],"_shiftlockState":false,"_pose":"FreeFall","_animationQueue":[],"_animationSpeed":1,"_zoom":21.283},{"_mousePosition":[672,387],"_rootPartCFrame":[764.155,228.737,46.993,0.114,0,0.993,0,1,0,-0.993,0,0.114],"_humanoidState":5,"_cameraCFrame":[768.601,251.037,47.748,0.168,-0.963,0.209,0,0.212,0.977,-0.986,-0.164,0.035],"_shiftlockState":false,"_pose":"FreeFall","_animationQueue":[],"_animationSpeed":1,"_zoom":21.283},{"_mousePosition":[672,387],"_rootPartCFrame":[763.891,228.347,46.951,0.12,0,0.993,0,1,0,-0.993,0,0.12],"_humanoidState":5,"_cameraCFrame":[768.333,250.646,47.729,0.172,-0.963,0.209,0,0.212,0.977,-0.985,-0.169,0.037],"_shiftlockState":false,"_pose":"FreeFall","_animationQueue":[],"_animationSpeed":1,"_zoom":21.283},{"_mousePosition":[672,387],"_rootPartCFrame":[763.628,227.902,46.906,0.126,0,0.992,0,1,0,-0.992,0,0.126],"_humanoidState":5,"_cameraCFrame":[768.056,250.201,47.763,0.19,-0.96,0.208,0,0.212,0.977,-0.982,-0.186,0.04],"_shiftlockState":false,"_pose":"FreeFall","_animationQueue":[],"_animationSpeed":1,"_zoom":21.283},{"_mousePosition":[672,387],"_rootPartCFrame":[763.366,227.402,46.861,0.132,0,0.991,0,1,0,-0.991,0,0.132],"_humanoidState":5,"_cameraCFrame":[767.78,249.702,47.784,0.205,-0.957,0.207,0,0.212,0.977,-0.979,-0.2,0.043],"_shiftlockState":false,"_pose":"FreeFall","_animationQueue":[["fall",0.3]],"_animationSpeed":1,"_zoom":21.283},{"_mousePosition":[672,387],"_rootPartCFrame":[763.104,226.848,46.811,0.14,0,0.99,0,1,0,-0.99,0,0.14],"_humanoidState":5,"_cameraCFrame":[767.503,249.147,47.801,0.22,-0.953,0.207,0,0.212,0.977,-0.976,-0.215,0.047],"_shiftlockState":false,"_pose":"FreeFall","_animationQueue":[],"_animationSpeed":1,"_zoom":21.283},{"_mousePosition":[672,387],"_rootPartCFrame":[762.842,226.239,46.757,0.148,0,0.989,0,1,0,-0.989,0,0.148],"_humanoidState":5,"_cameraCFrame":[767.182,248.548,47.826,0.239,-0.949,0.204,0,0.21,0.978,-0.971,-0.234,0.05],"_shiftlockState":false,"_pose":"FreeFall","_animationQueue":[],"_animationSpeed":1,"_zoom":21.283},{"_mousePosition":[672,387],"_rootPartCFrame":[762.582,225.576,46.699,0.157,0,0.988,0,1,0,-0.988,0,0.157],"_humanoidState":5,"_cameraCFrame":[766.899,247.885,47.856,0.259,-0.944,0.203,0,0.21,0.978,-0.966,-0.253,0.054],"_shiftlockState":false,"_pose":"FreeFall","_animationQueue":[],"_animationSpeed":1,"_zoom":21.283},{"_mousePosition":[672,387],"_rootPartCFrame":[762.323,224.859,46.636,0.168,0,0.986,0,1,0,-0.986,0,0.168],"_humanoidState":5,"_cameraCFrame":[766.576,247.176,47.869,0.278,-0.939,0.2,0,0.208,0.978,-0.96,-0.272,0.058],"_shiftlockState":false,"_pose":"FreeFall","_animationQueue":[],"_animationSpeed":1,"_zoom":21.283},{"_mousePosition":[672,387],"_rootPartCFrame":[762.001,223.885,46.55,0.183,0,0.983,0,1,0,-0.983,0,0.183],"_humanoidState":5,"_cameraCFrame":[766.19,246.211,47.857,0.298,-0.934,0.197,0,0.206,0.979,-0.955,-0.291,0.061],"_shiftlockState":false,"_pose":"FreeFall","_animationQueue":[],"_animationSpeed":1,"_zoom":21.283},{"_mousePosition":[672,387],"_rootPartCFrame":[761.809,223.26,46.495,0.192,0,0.981,0,1,0,-0.981,0,0.192],"_humanoidState":5,"_cameraCFrame":[765.974,245.585,47.876,0.315,-0.929,0.196,0,0.206,0.979,-0.949,-0.308,0.065],"_shiftlockState":false,"_pose":"FreeFall","_animationQueue":[],"_animationSpeed":1,"_zoom":21.283},{"_mousePosition":[672,387],"_rootPartCFrame":[761.49,222.431,46.397,0.209,0,0.978,0,1,0,-0.978,0,0.209],"_humanoidState":7,"_cameraCFrame":[765.588,244.765,47.848,0.334,-0.923,0.193,0,0.204,0.979,-0.943,-0.327,0.068],"_shiftlockState":false,"_pose":"FreeFall","_animationQueue":[["fall",0.3],["walk",0.1],["fall",0.3],["fall",0.3]],"_animationSpeed":1,"_zoom":21.283},{"_mousePosition":[672,387],"_rootPartCFrame":[761.3,222.429,46.334,0.22,0,0.975,0,1,0,-0.975,0,0.22],"_humanoidState":7,"_cameraCFrame":[765.375,244.763,47.848,0.348,-0.918,0.191,0,0.204,0.979,-0.937,-0.341,0.071],"_shiftlockState":false,"_pose":"FreeFall","_animationQueue":[],"_animationSpeed":1,"_zoom":21.283},{"_mousePosition":[672,387],"_rootPartCFrame":[760.986,222.551,46.224,0.239,0,0.971,0,1,0,-0.971,0,0.239],"_humanoidState":8,"_cameraCFrame":[765,244.893,47.784,0.362,-0.913,0.189,0,0.202,0.979,-0.932,-0.355,0.073],"_shiftlockState":false,"_pose":"Running","_animationQueue":[["walk",0.1],["fall",0.3],["walk",0.1]],"_animationSpeed":1.103,"_zoom":21.283},{"_mousePosition":[672,387],"_rootPartCFrame":[760.736,222.618,46.131,0.254,0,0.967,0,1,0,-0.967,0,0.254],"_humanoidState":8,"_cameraCFrame":[764.676,244.969,47.767,0.383,-0.905,0.185,0,0.2,0.98,-0.924,-0.376,0.077],"_shiftlockState":false,"_pose":"Running","_animationQueue":[],"_animationSpeed":1.103,"_zoom":21.283},{"_mousePosition":[672,387],"_rootPartCFrame":[760.487,222.673,46.035,0.268,0,0.963,0,1,0,-0.963,0,0.268],"_humanoidState":8,"_cameraCFrame":[764.402,245.024,47.731,0.397,-0.899,0.184,0,0.2,0.98,-0.918,-0.389,0.08],"_shiftlockState":false,"_pose":"Running","_animationQueue":[],"_animationSpeed":1.103,"_zoom":21.283},{"_mousePosition":[672,387],"_rootPartCFrame":[760.241,222.705,45.933,0.284,0,0.959,0,1,0,-0.959,0,0.284],"_humanoidState":8,"_cameraCFrame":[764.092,245.064,47.671,0.411,-0.893,0.181,0,0.199,0.98,-0.911,-0.403,0.082],"_shiftlockState":false,"_pose":"Running","_animationQueue":[],"_animationSpeed":1.103,"_zoom":21.283},{"_mousePosition":[672,387],"_rootPartCFrame":[759.996,222.742,45.828,0.299,0,0.954,0,1,0,-0.954,0,0.299],"_humanoidState":8,"_cameraCFrame":[763.825,245.102,47.614,0.423,-0.888,0.18,0,0.199,0.98,-0.906,-0.414,0.084],"_shiftlockState":false,"_pose":"Running","_animationQueue":[],"_animationSpeed":1.103,"_zoom":21.283},{"_mousePosition":[672,387],"_rootPartCFrame":[759.753,222.786,45.718,0.315,0,0.949,0,1,0,-0.949,0,0.315],"_humanoidState":8,"_cameraCFrame":[763.531,245.153,47.516,0.43,-0.885,0.178,0,0.197,0.98,-0.903,-0.421,0.084],"_shiftlockState":false,"_pose":"Running","_animationQueue":[["walk",0.1]],"_animationSpeed":1.103,"_zoom":21.283},{"_mousePosition":[672,387],"_rootPartCFrame":[759.511,222.815,45.606,0.329,0,0.944,0,1,0,-0.944,0,0.329],"_humanoidState":8,"_cameraCFrame":[763.29,245.182,47.404,0.43,-0.885,0.178,0,0.197,0.98,-0.903,-0.421,0.084],"_shiftlockState":false,"_pose":"Running","_animationQueue":[],"_animationSpeed":1.103,"_zoom":21.283},{"_mousePosition":[672,387],"_rootPartCFrame":[759.27,222.832,45.491,0.343,0,0.939,0,1,0,-0.939,0,0.343],"_humanoidState":8,"_cameraCFrame":[763.049,245.199,47.289,0.43,-0.885,0.178,0,0.197,0.98,-0.903,-0.421,0.084],"_shiftlockState":false,"_pose":"Running","_animationQueue":[],"_animationSpeed":1.103,"_zoom":21.283},{"_mousePosition":[672,387],"_rootPartCFrame":[759.029,222.841,45.377,0.355,0,0.935,0,1,0,-0.935,0,0.355],"_humanoidState":8,"_cameraCFrame":[762.808,245.208,47.175,0.43,-0.885,0.178,0,0.197,0.98,-0.903,-0.421,0.084],"_shiftlockState":false,"_pose":"Running","_animationQueue":[],"_animationSpeed":1.103,"_zoom":21.283},{"_mousePosition":[672,387],"_rootPartCFrame":[758.788,222.846,45.262,0.365,0,0.931,0,1,0,-0.931,0,0.365],"_humanoidState":8,"_cameraCFrame":[762.526,245.221,47.052,0.432,-0.885,0.176,0,0.195,0.981,-0.902,-0.424,0.084],"_shiftlockState":false,"_pose":"Running","_animationQueue":[],"_animationSpeed":1.103,"_zoom":21.283},{"_mousePosition":[672,387],"_rootPartCFrame":[758.547,222.848,45.147,0.374,0,0.927,0,1,0,-0.927,0,0.374],"_humanoidState":8,"_cameraCFrame":[762.285,245.224,46.938,0.432,-0.885,0.176,0,0.195,0.981,-0.902,-0.424,0.084],"_shiftlockState":false,"_pose":"Running","_animationQueue":[],"_animationSpeed":1.103,"_zoom":21.283},{"_mousePosition":[672,387],"_rootPartCFrame":[758.307,222.85,45.032,0.382,0,0.924,0,1,0,-0.924,0,0.382],"_humanoidState":8,"_cameraCFrame":[761.971,245.241,46.787,0.432,-0.885,0.172,0,0.191,0.982,-0.902,-0.424,0.082],"_shiftlockState":false,"_pose":"Running","_animationQueue":[],"_animationSpeed":1.103,"_zoom":21.283},{"_mousePosition":[672,387],"_rootPartCFrame":[758.066,222.85,44.917,0.389,0,0.921,0,1,0,-0.921,0,0.389],"_humanoidState":8,"_cameraCFrame":[761.694,245.25,46.655,0.432,-0.886,0.17,0,0.189,0.982,-0.902,-0.424,0.082],"_shiftlockState":false,"_pose":"Running","_animationQueue":[["walk",0.1]],"_animationSpeed":1.103,"_zoom":21.283},{"_mousePosition":[672,387],"_rootPartCFrame":[757.826,222.851,44.802,0.395,0,0.919,0,1,0,-0.919,0,0.395],"_humanoidState":8,"_cameraCFrame":[761.393,245.266,46.477,0.425,-0.889,0.168,0,0.185,0.983,-0.905,-0.418,0.079],"_shiftlockState":false,"_pose":"Running","_animationQueue":[],"_animationSpeed":1.103,"_zoom":21.283},{"_mousePosition":[672,387],"_rootPartCFrame":[757.585,222.851,44.687,0.4,0,0.917,0,1,0,-0.917,0,0.4],"_humanoidState":8,"_cameraCFrame":[761.095,245.281,46.292,0.416,-0.894,0.165,0,0.181,0.983,-0.909,-0.409,0.075],"_shiftlockState":false,"_pose":"Running","_animationQueue":[],"_animationSpeed":1.103,"_zoom":21.283},{"_mousePosition":[672,387],"_rootPartCFrame":[757.344,222.851,44.573,0.403,0,0.915,0,1,0,-0.915,0,0.403],"_humanoidState":8,"_cameraCFrame":[760.791,245.296,46.118,0.409,-0.898,0.162,0,0.177,0.984,-0.913,-0.403,0.073],"_shiftlockState":false,"_pose":"Running","_animationQueue":[],"_animationSpeed":1.103,"_zoom":21.283},{"_mousePosition":[672,387],"_rootPartCFrame":[757.102,222.851,44.462,0.405,0,0.914,0,1,0,-0.914,0,0.405],"_humanoidState":8,"_cameraCFrame":[760.557,245.296,45.99,0.404,-0.9,0.162,0,0.177,0.984,-0.915,-0.398,0.072],"_shiftlockState":false,"_pose":"Running","_animationQueue":[],"_animationSpeed":1.103,"_zoom":21.283},{"_mousePosition":[672,387],"_rootPartCFrame":[756.859,222.851,44.353,0.406,0,0.914,0,1,0,-0.914,0,0.406],"_humanoidState":8,"_cameraCFrame":[760.313,245.296,45.88,0.404,-0.9,0.162,0,0.177,0.984,-0.915,-0.398,0.072],"_shiftlockState":false,"_pose":"Running","_animationQueue":[],"_animationSpeed":1.103,"_zoom":21.283},{"_mousePosition":[672,387],"_rootPartCFrame":[756.615,222.851,44.245,0.406,0,0.914,0,1,0,-0.914,0,0.406],"_humanoidState":8,"_cameraCFrame":[760.069,245.296,45.772,0.404,-0.9,0.162,0,0.177,0.984,-0.915,-0.398,0.072],"_shiftlockState":false,"_pose":"Running","_animationQueue":[],"_animationSpeed":1.103,"_zoom":21.283},{"_mousePosition":[672,387],"_rootPartCFrame":[756.371,223.714,44.137,0.406,0,0.914,0,1,0,-0.914,0,0.406],"_humanoidState":3,"_cameraCFrame":[759.826,246.159,45.665,0.404,-0.9,0.162,0,0.177,0.984,-0.915,-0.398,0.072],"_shiftlockState":false,"_pose":"Jumping","_animationQueue":[["walk",0.1],["walk",0.1],["jump",0.1]],"_animationSpeed":1,"_zoom":21.283},{"_mousePosition":[672,387],"_rootPartCFrame":[756.127,224.522,44.029,0.405,0,0.914,0,1,0,-0.914,0,0.405],"_humanoidState":5,"_cameraCFrame":[759.582,246.967,45.557,0.404,-0.9,0.162,0,0.177,0.984,-0.915,-0.398,0.072],"_shiftlockState":false,"_pose":"FreeFall","_animationQueue":[["jump",0.1]],"_animationSpeed":1,"_zoom":21.283},{"_mousePosition":[672,387],"_rootPartCFrame":[755.883,225.276,43.921,0.405,0,0.914,0,1,0,-0.914,0,0.405],"_humanoidState":5,"_cameraCFrame":[759.338,247.721,45.449,0.404,-0.9,0.162,0,0.177,0.984,-0.915,-0.398,0.072],"_shiftlockState":false,"_pose":"FreeFall","_animationQueue":[],"_animationSpeed":1,"_zoom":21.283},{"_mousePosition":[672,387],"_rootPartCFrame":[755.639,225.976,43.814,0.405,0,0.914,0,1,0,-0.914,0,0.405],"_humanoidState":5,"_cameraCFrame":[759.094,248.421,45.341,0.404,-0.9,0.162,0,0.177,0.984,-0.915,-0.398,0.072],"_shiftlockState":false,"_pose":"FreeFall","_animationQueue":[],"_animationSpeed":1,"_zoom":21.283},{"_mousePosition":[672,387],"_rootPartCFrame":[755.395,226.621,43.706,0.405,0,0.914,0,1,0,-0.914,0,0.405],"_humanoidState":5,"_cameraCFrame":[758.85,249.066,45.233,0.404,-0.9,0.162,0,0.177,0.984,-0.915,-0.398,0.072],"_shiftlockState":false,"_pose":"FreeFall","_animationQueue":[],"_animationSpeed":1,"_zoom":21.283},{"_mousePosition":[672,387],"_rootPartCFrame":[755.151,227.211,43.598,0.405,0,0.914,0,1,0,-0.914,0,0.405],"_humanoidState":5,"_cameraCFrame":[758.606,249.656,45.125,0.404,-0.9,0.162,0,0.177,0.984,-0.915,-0.398,0.072],"_shiftlockState":false,"_pose":"FreeFall","_animationQueue":[],"_animationSpeed":1,"_zoom":21.283},{"_mousePosition":[672,387],"_rootPartCFrame":[754.907,227.747,43.49,0.405,0,0.914,0,1,0,-0.914,0,0.405],"_humanoidState":5,"_cameraCFrame":[758.362,250.192,45.018,0.404,-0.9,0.162,0,0.177,0.984,-0.915,-0.398,0.072],"_shiftlockState":false,"_pose":"FreeFall","_animationQueue":[],"_animationSpeed":1,"_zoom":21.283},{"_mousePosition":[672,387],"_rootPartCFrame":[754.664,228.228,43.382,0.405,0,0.914,0,1,0,-0.914,0,0.405],"_humanoidState":5,"_cameraCFrame":[758.118,250.673,44.91,0.404,-0.9,0.162,0,0.177,0.984,-0.915,-0.398,0.072],"_shiftlockState":false,"_pose":"FreeFall","_animationQueue":[],"_animationSpeed":1,"_zoom":21.283},{"_mousePosition":[672,387],"_rootPartCFrame":[754.42,228.655,43.274,0.405,0,0.914,0,1,0,-0.914,0,0.405],"_humanoidState":5,"_cameraCFrame":[757.874,251.1,44.802,0.404,-0.9,0.162,0,0.177,0.984,-0.915,-0.398,0.072],"_shiftlockState":false,"_pose":"FreeFall","_animationQueue":[],"_animationSpeed":1,"_zoom":21.283},{"_mousePosition":[672,387],"_rootPartCFrame":[754.176,229.028,43.167,0.405,0,0.914,0,1,0,-0.914,0,0.405],"_humanoidState":5,"_cameraCFrame":[757.63,251.473,44.694,0.404,-0.9,0.162,0,0.177,0.984,-0.915,-0.398,0.072],"_shiftlockState":false,"_pose":"FreeFall","_animationQueue":[],"_animationSpeed":1,"_zoom":21.283},{"_mousePosition":[672,387],"_rootPartCFrame":[753.932,229.346,43.059,0.405,0,0.914,0,1,0,-0.914,0,0.405],"_humanoidState":5,"_cameraCFrame":[757.383,251.79,44.595,0.407,-0.899,0.162,0,0.177,0.984,-0.914,-0.4,0.072],"_shiftlockState":false,"_pose":"FreeFall","_animationQueue":[],"_animationSpeed":1,"_zoom":21.283},{"_mousePosition":[672,387],"_rootPartCFrame":[753.688,229.609,42.951,0.405,0,0.914,0,1,0,-0.914,0,0.405],"_humanoidState":5,"_cameraCFrame":[757.139,252.054,44.487,0.407,-0.899,0.162,0,0.177,0.984,-0.914,-0.4,0.072],"_shiftlockState":false,"_pose":"FreeFall","_animationQueue":[],"_animationSpeed":1,"_zoom":21.283},{"_mousePosition":[672,387],"_rootPartCFrame":[753.444,229.818,42.843,0.405,0,0.914,0,1,0,-0.914,0,0.405],"_humanoidState":5,"_cameraCFrame":[756.895,252.263,44.379,0.407,-0.899,0.162,0,0.177,0.984,-0.914,-0.4,0.072],"_shiftlockState":false,"_pose":"FreeFall","_animationQueue":[],"_animationSpeed":1,"_zoom":21.283},{"_mousePosition":[672,387],"_rootPartCFrame":[753.201,229.972,42.734,0.405,0,0.914,0,1,0,-0.914,0,0.405],"_humanoidState":5,"_cameraCFrame":[756.651,252.417,44.27,0.407,-0.899,0.162,0,0.177,0.984,-0.914,-0.4,0.072],"_shiftlockState":false,"_pose":"FreeFall","_animationQueue":[],"_animationSpeed":1,"_zoom":21.283},{"_mousePosition":[672,387],"_rootPartCFrame":[752.957,230.072,42.626,0.405,0,0.914,0,1,0,-0.914,0,0.405],"_humanoidState":5,"_cameraCFrame":[756.408,252.517,44.162,0.407,-0.899,0.162,0,0.177,0.984,-0.914,-0.4,0.072],"_shiftlockState":false,"_pose":"FreeFall","_animationQueue":[],"_animationSpeed":1,"_zoom":21.283},{"_mousePosition":[672,387],"_rootPartCFrame":[752.713,230.117,42.517,0.405,0,0.914,0,1,0,-0.914,0,0.405],"_humanoidState":5,"_cameraCFrame":[756.164,252.562,44.053,0.407,-0.899,0.162,0,0.177,0.984,-0.914,-0.4,0.072],"_shiftlockState":false,"_pose":"FreeFall","_animationQueue":[],"_animationSpeed":1,"_zoom":21.283},{"_mousePosition":[672,387],"_rootPartCFrame":[752.47,230.108,42.409,0.406,0,0.914,0,1,0,-0.914,0,0.406],"_humanoidState":5,"_cameraCFrame":[755.921,252.553,43.945,0.407,-0.899,0.162,0,0.177,0.984,-0.914,-0.4,0.072],"_shiftlockState":false,"_pose":"FreeFall","_animationQueue":[],"_animationSpeed":1,"_zoom":21.283},{"_mousePosition":[672,387],"_rootPartCFrame":[752.226,230.045,42.3,0.406,0,0.914,0,1,0,-0.914,0,0.406],"_humanoidState":5,"_cameraCFrame":[755.677,252.49,43.837,0.407,-0.899,0.162,0,0.177,0.984,-0.914,-0.4,0.072],"_shiftlockState":false,"_pose":"FreeFall","_animationQueue":[],"_animationSpeed":1,"_zoom":21.283},{"_mousePosition":[672,387],"_rootPartCFrame":[751.982,229.927,42.192,0.406,0,0.914,0,1,0,-0.914,0,0.406],"_humanoidState":5,"_cameraCFrame":[755.433,252.372,43.728,0.407,-0.899,0.162,0,0.177,0.984,-0.914,-0.4,0.072],"_shiftlockState":false,"_pose":"FreeFall","_animationQueue":[],"_animationSpeed":1,"_zoom":21.283},{"_mousePosition":[672,387],"_rootPartCFrame":[751.739,229.754,42.083,0.406,0,0.914,0,1,0,-0.914,0,0.406],"_humanoidState":5,"_cameraCFrame":[755.19,252.199,43.62,0.407,-0.899,0.162,0,0.177,0.984,-0.914,-0.4,0.072],"_shiftlockState":false,"_pose":"FreeFall","_animationQueue":[],"_animationSpeed":1,"_zoom":21.283},{"_mousePosition":[672,387],"_rootPartCFrame":[751.495,229.527,41.975,0.406,0,0.914,0,1,0,-0.914,0,0.406],"_humanoidState":5,"_cameraCFrame":[754.946,251.972,43.511,0.407,-0.899,0.162,0,0.177,0.984,-0.914,-0.4,0.072],"_shiftlockState":false,"_pose":"FreeFall","_animationQueue":[],"_animationSpeed":1,"_zoom":21.283},{"_mousePosition":[672,387],"_rootPartCFrame":[751.251,229.245,41.866,0.406,0,0.914,0,1,0,-0.914,0,0.406],"_humanoidState":5,"_cameraCFrame":[754.702,251.69,43.403,0.407,-0.899,0.162,0,0.177,0.984,-0.914,-0.4,0.072],"_shiftlockState":false,"_pose":"FreeFall","_animationQueue":[["fall",0.3]],"_animationSpeed":1,"_zoom":21.283},{"_mousePosition":[672,387],"_rootPartCFrame":[751.008,228.909,41.758,0.406,0,0.914,0,1,0,-0.914,0,0.406],"_humanoidState":5,"_cameraCFrame":[754.459,251.354,43.294,0.407,-0.899,0.162,0,0.177,0.984,-0.914,-0.4,0.072],"_shiftlockState":false,"_pose":"FreeFall","_animationQueue":[],"_animationSpeed":1,"_zoom":21.283},{"_mousePosition":[672,387],"_rootPartCFrame":[750.764,228.519,41.65,0.406,0,0.914,0,1,0,-0.914,0,0.406],"_humanoidState":5,"_cameraCFrame":[754.215,250.964,43.186,0.407,-0.899,0.162,0,0.177,0.984,-0.914,-0.4,0.072],"_shiftlockState":false,"_pose":"FreeFall","_animationQueue":[],"_animationSpeed":1,"_zoom":21.283},{"_mousePosition":[672,387],"_rootPartCFrame":[750.52,228.074,41.541,0.406,0,0.914,0,1,0,-0.914,0,0.406],"_humanoidState":5,"_cameraCFrame":[753.971,250.518,43.077,0.407,-0.899,0.162,0,0.177,0.984,-0.914,-0.4,0.072],"_shiftlockState":false,"_pose":"FreeFall","_animationQueue":[],"_animationSpeed":1,"_zoom":21.283},{"_mousePosition":[672,387],"_rootPartCFrame":[750.277,227.574,41.433,0.406,0,0.914,0,1,0,-0.914,0,0.406],"_humanoidState":5,"_cameraCFrame":[753.728,250.019,42.969,0.407,-0.899,0.162,0,0.177,0.984,-0.914,-0.4,0.072],"_shiftlockState":false,"_pose":"FreeFall","_animationQueue":[],"_animationSpeed":1,"_zoom":21.283},{"_mousePosition":[672,387],"_rootPartCFrame":[749.972,226.873,41.297,0.406,0,0.914,0,1,0,-0.914,0,0.406],"_humanoidState":5,"_cameraCFrame":[753.423,249.318,42.833,0.407,-0.899,0.162,0,0.177,0.984,-0.914,-0.4,0.072],"_shiftlockState":false,"_pose":"FreeFall","_animationQueue":[],"_animationSpeed":1,"_zoom":21.283},{"_mousePosition":[672,387],"_rootPartCFrame":[749.789,226.411,41.216,0.407,0,0.914,0,1,0,-0.914,0,0.407],"_humanoidState":5,"_cameraCFrame":[753.24,248.856,42.752,0.407,-0.899,0.162,0,0.177,0.984,-0.914,-0.4,0.072],"_shiftlockState":false,"_pose":"FreeFall","_animationQueue":[],"_animationSpeed":1,"_zoom":21.283},{"_mousePosition":[672,387],"_rootPartCFrame":[749.546,225.748,41.107,0.407,0,0.914,0,1,0,-0.914,0,0.407],"_humanoidState":5,"_cameraCFrame":[752.997,248.193,42.643,0.407,-0.899,0.162,0,0.177,0.984,-0.914,-0.4,0.072],"_shiftlockState":false,"_pose":"FreeFall","_animationQueue":[["fall",0.3]],"_animationSpeed":1,"_zoom":21.283},{"_mousePosition":[672,387],"_rootPartCFrame":[749.302,225.031,40.999,0.407,0,0.914,0,1,0,-0.914,0,0.407],"_humanoidState":5,"_cameraCFrame":[752.757,247.475,42.526,0.404,-0.9,0.162,0,0.177,0.984,-0.915,-0.398,0.072],"_shiftlockState":false,"_pose":"FreeFall","_animationQueue":[],"_animationSpeed":1,"_zoom":21.283},{"_mousePosition":[672,387],"_rootPartCFrame":[749.059,224.258,40.89,0.407,0,0.914,0,1,0,-0.914,0,0.407],"_humanoidState":5,"_cameraCFrame":[752.596,246.696,42.328,0.376,-0.911,0.166,0,0.179,0.984,-0.926,-0.37,0.068],"_shiftlockState":false,"_pose":"FreeFall","_animationQueue":[],"_animationSpeed":1,"_zoom":21.283},{"_mousePosition":[672,387],"_rootPartCFrame":[748.815,223.432,40.782,0.406,0,0.914,0,1,0,-0.914,0,0.406],"_humanoidState":5,"_cameraCFrame":[752.455,245.862,42.061,0.331,-0.928,0.171,0,0.181,0.983,-0.943,-0.326,0.06],"_shiftlockState":false,"_pose":"FreeFall","_animationQueue":[],"_animationSpeed":1,"_zoom":21.283},{"_mousePosition":[672,387],"_rootPartCFrame":[748.568,222.66,40.681,0.404,0,0.915,0,1,0,-0.915,0,0.404],"_humanoidState":7,"_cameraCFrame":[752.372,245.075,41.711,0.261,-0.949,0.179,0,0.185,0.983,-0.965,-0.257,0.048],"_shiftlockState":false,"_pose":"FreeFall","_animationQueue":[["walk",0.1],["fall",0.3],["fall",0.3]],"_animationSpeed":1,"_zoom":21.283},{"_mousePosition":[672,387],"_rootPartCFrame":[748.317,222.612,40.591,0.396,0,0.918,0,1,0,-0.918,0,0.396],"_humanoidState":7,"_cameraCFrame":[752.289,245.011,41.224,0.158,-0.97,0.187,0,0.189,0.982,-0.988,-0.155,0.03],"_shiftlockState":false,"_pose":"FreeFall","_animationQueue":[],"_animationSpeed":1,"_zoom":21.283},{"_mousePosition":[672,387],"_rootPartCFrame":[747.996,222.722,40.501,0.376,0,0.927,0,1,0,-0.927,0,0.376],"_humanoidState":8,"_cameraCFrame":[752.137,245.097,40.653,0.037,-0.98,0.195,0,0.195,0.981,-0.999,-0.036,0.007],"_shiftlockState":false,"_pose":"Running","_animationQueue":[["fall",0.3],["walk",0.1],["fall",0.3],["walk",0.1]],"_animationSpeed":1.103,"_zoom":21.283},{"_mousePosition":[672,387],"_rootPartCFrame":[747.733,222.78,40.457,0.349,0,0.937,0,1,0,-0.937,0,0.349],"_humanoidState":8,"_cameraCFrame":[751.985,245.131,40.107,-0.082,-0.976,0.2,0,0.2,0.98,-0.997,0.08,-0.016],"_shiftlockState":false,"_pose":"Running","_animationQueue":[],"_animationSpeed":1.103,"_zoom":21.283},{"_mousePosition":[672,387],"_rootPartCFrame":[747.467,222.813,40.445,0.31,0,0.951,0,1,0,-0.951,0,0.31],"_humanoidState":8,"_cameraCFrame":[751.821,245.13,39.637,-0.182,-0.962,0.205,0,0.208,0.978,-0.983,0.178,-0.038],"_shiftlockState":false,"_pose":"Running","_animationQueue":[],"_animationSpeed":1.103,"_zoom":21.283},{"_mousePosition":[672,387],"_rootPartCFrame":[747.201,222.831,40.464,0.26,0,0.966,0,1,0,-0.966,0,0.26],"_humanoidState":8,"_cameraCFrame":[751.596,245.121,39.286,-0.259,-0.944,0.207,0,0.214,0.977,-0.966,0.253,-0.055],"_shiftlockState":false,"_pose":"Running","_animationQueue":[],"_animationSpeed":1.103,"_zoom":21.283},{"_mousePosition":[672,387],"_rootPartCFrame":[746.939,222.84,40.51,0.203,0,0.979,0,1,0,-0.979,0,0.203],"_humanoidState":8,"_cameraCFrame":[751.303,245.122,39.088,-0.31,-0.928,0.205,0,0.216,0.976,-0.951,0.303,-0.067],"_shiftlockState":false,"_pose":"Running","_animationQueue":[],"_animationSpeed":1.103,"_zoom":21.283},{"_mousePosition":[672,387],"_rootPartCFrame":[746.681,222.845,40.578,0.142,0,0.99,0,1,0,-0.99,0,0.142],"_humanoidState":8,"_cameraCFrame":[750.996,245.127,39.012,-0.341,-0.918,0.203,0,0.216,0.976,-0.94,0.333,-0.074],"_shiftlockState":false,"_pose":"Running","_animationQueue":[],"_animationSpeed":1.103,"_zoom":21.283},{"_mousePosition":[672,387],"_rootPartCFrame":[746.427,222.848,40.659,0.081,0,0.997,0,1,0,-0.997,0,0.081],"_humanoidState":8,"_cameraCFrame":[750.718,245.13,39.029,-0.355,-0.913,0.202,0,0.216,0.976,-0.935,0.347,-0.077],"_shiftlockState":false,"_pose":"Running","_animationQueue":[["walk",0.1]],"_animationSpeed":1.103,"_zoom":21.283},{"_mousePosition":[672,387],"_rootPartCFrame":[746.176,222.85,40.749,0.024,0,1,0,1,0,-1,0,0.024],"_humanoidState":8,"_cameraCFrame":[750.451,245.131,39.075,-0.365,-0.909,0.201,0,0.216,0.976,-0.931,0.356,-0.079],"_shiftlockState":false,"_pose":"Running","_animationQueue":[],"_animationSpeed":1.103,"_zoom":21.283},{"_mousePosition":[672,387],"_rootPartCFrame":[745.927,222.85,40.844,-0.028,0,1,0,1,0,-1,0,-0.028],"_humanoidState":8,"_cameraCFrame":[750.18,245.132,39.116,-0.376,-0.905,0.2,0,0.216,0.976,-0.926,0.368,-0.081],"_shiftlockState":false,"_pose":"Running","_animationQueue":[],"_animationSpeed":1.103,"_zoom":21.283},{"_mousePosition":[672,387],"_rootPartCFrame":[745.678,222.851,40.941,-0.075,0,0.997,0,1,0,-0.997,0,-0.075],"_humanoidState":8,"_cameraCFrame":[749.914,245.133,39.17,-0.386,-0.901,0.199,0,0.216,0.976,-0.923,0.377,-0.083],"_shiftlockState":false,"_pose":"Running","_animationQueue":[],"_animationSpeed":1.103,"_zoom":21.283},{"_mousePosition":[672,387],"_rootPartCFrame":[745.431,222.851,41.041,-0.117,0,0.993,0,1,0,-0.993,0,-0.117],"_humanoidState":8,"_cameraCFrame":[749.644,245.133,39.217,-0.397,-0.896,0.198,0,0.216,0.976,-0.918,0.388,-0.086],"_shiftlockState":false,"_pose":"Running","_animationQueue":[],"_animationSpeed":1.103,"_zoom":21.283},{"_mousePosition":[672,387],"_rootPartCFrame":[745.185,222.851,41.144,-0.154,0,0.988,0,1,0,-0.988,0,-0.154],"_humanoidState":8,"_cameraCFrame":[749.374,245.133,39.266,-0.409,-0.891,0.197,0,0.216,0.976,-0.913,0.399,-0.088],"_shiftlockState":false,"_pose":"Running","_animationQueue":[],"_animationSpeed":1.103,"_zoom":21.283},{"_mousePosition":[672,387],"_rootPartCFrame":[744.94,222.851,41.249,-0.188,0,0.982,0,1,0,-0.982,0,-0.188],"_humanoidState":8,"_cameraCFrame":[749.125,245.133,39.361,-0.411,-0.89,0.197,0,0.216,0.976,-0.911,0.402,-0.089],"_shiftlockState":false,"_pose":"Running","_animationQueue":[],"_animationSpeed":1.103,"_zoom":21.283},{"_mousePosition":[672,387],"_rootPartCFrame":[744.697,222.851,41.358,-0.218,0,0.976,0,1,0,-0.976,0,-0.218],"_humanoidState":8,"_cameraCFrame":[748.881,245.133,39.47,-0.411,-0.89,0.197,0,0.216,0.976,-0.911,0.402,-0.089],"_shiftlockState":false,"_pose":"Running","_animationQueue":[["walk",0.1]],"_animationSpeed":1.103,"_zoom":21.283},{"_mousePosition":[672,387],"_rootPartCFrame":[744.454,222.851,41.468,-0.245,0,0.97,0,1,0,-0.97,0,-0.245],"_humanoidState":8,"_cameraCFrame":[748.638,245.133,39.58,-0.411,-0.89,0.197,0,0.2