[{"_mousePosition":[782,322],"_rootPartCFrame":[776.024,222.7,47.142,0.004,0,1,0,1,0,-1,0,0.004],"_humanoidState":8,"_cameraCFrame":[784.084,243.219,47.101,-0.005,-0.921,0.39,0,0.39,0.921,-1,0.005,-0.002],"_shiftlockState":false,"_pose":"Standing","_animationQueue":[],"_animationSpeed":1,"_zoom":20.656},{"_mousePosition":[782,322],"_rootPartCFrame":[775.777,222.695,47.143,0.003,0,1,0,1,0,-1,0,0.003],"_humanoidState":8,"_cameraCFrame":[783.8,243.23,47.102,-0.005,-0.921,0.388,0,0.388,0.921,-1,0.005,-0.002],"_shiftlockState":false,"_pose":"Standing","_animationQueue":[],"_animationSpeed":1,"_zoom":20.656},{"_mousePosition":[782,322],"_rootPartCFrame":[775.511,222.697,47.144,0.002,0,1,0,1,0,-1,0,0.002],"_humanoidState":8,"_cameraCFrame":[783.46,243.262,47.083,-0.008,-0.923,0.385,0,0.385,0.923,-1,0.007,-0.003],"_shiftlockState":false,"_pose":"Running","_animationQueue":[["walk",0.1]],"_animationSpeed":1.066,"_zoom":20.656},{"_mousePosition":[782,322],"_rootPartCFrame":[775.245,222.698,47.145,0.001,0,1,0,1,0,-1,0,0.001],"_humanoidState":8,"_cameraCFrame":[783.156,243.279,47.085,-0.008,-0.924,0.383,0,0.383,0.924,-1,0.007,-0.003],"_shiftlockState":false,"_pose":"Running","_animationQueue":[],"_animationSpeed":1.066,"_zoom":20.656},{"_mousePosition":[782,322],"_rootPartCFrame":[774.978,222.699,47.147,0,0,1,0,1,0,-1,0,0],"_humanoidState":8,"_cameraCFrame":[782.852,243.295,47.067,-0.01,-0.924,0.381,0,0.381,0.924,-1,0.009,-0.004],"_shiftlockState":false,"_pose":"Running","_animationQueue":[],"_animationSpeed":1.066,"_zoom":20.656},{"_mousePosition":[782,322],"_rootPartCFrame":[774.712,222.699,47.149,-0.001,0,1,0,1,0,-1,0,-0.001],"_humanoidState":8,"_cameraCFrame":[782.511,243.326,47.05,-0.013,-0.926,0.378,0,0.378,0.926,-1,0.012,-0.005],"_shiftlockState":false,"_pose":"Running","_animationQueue":[],"_animationSpeed":1.066,"_zoom":20.656},{"_mousePosition":[782,322],"_rootPartCFrame":[774.445,222.699,47.152,-0.002,0,1,0,1,0,-1,0,-0.002],"_humanoidState":8,"_cameraCFrame":[782.169,243.357,47.054,-0.013,-0.927,0.374,0,0.374,0.927,-1,0.012,-0.005],"_shiftlockState":false,"_pose":"Running","_animationQueue":[],"_animationSpeed":1.066,"_zoom":20.656},{"_mousePosition":[782,322],"_rootPartCFrame":[774.178,222.7,47.155,-0.004,0,1,0,1,0,-1,0,-0.004],"_humanoidState":8,"_cameraCFrame":[781.828,243.387,47.039,-0.015,-0.929,0.37,0,0.37,0.929,-1,0.014,-0.006],"_shiftlockState":false,"_pose":"Running","_animationQueue":[],"_animationSpeed":1.066,"_zoom":20.656},{"_mousePosition":[782,322],"_rootPartCFrame":[773.912,222.7,47.159,-0.005,0,1,0,1,0,-1,0,-0.005],"_humanoidState":8,"_cameraCFrame":[781.449,243.431,47.025,-0.018,-0.931,0.365,0,0.365,0.931,-1,0.017,-0.006],"_shiftlockState":false,"_pose":"Running","_animationQueue":[["walk",0.1]],"_animationSpeed":1.066,"_zoom":20.656},{"_mousePosition":[782,322],"_rootPartCFrame":[773.645,223.573,47.162,-0.006,0,1,0,1,0,-1,0,-0.006],"_humanoidState":3,"_cameraCFrame":[781.107,244.333,47.011,-0.02,-0.932,0.361,0,0.361,0.932,-1,0.019,-0.007],"_shiftlockState":false,"_pose":"Jumping","_animationQueue":[["walk",0.1],["jump",0.1]],"_animationSpeed":1,"_zoom":20.656},{"_mousePosition":[782,322],"_rootPartCFrame":[773.379,224.395,47.167,-0.008,0,1,0,1,0,-1,0,-0.008],"_humanoidState":5,"_cameraCFrame":[780.765,245.184,46.998,-0.023,-0.934,0.358,0,0.358,0.934,-1,0.021,-0.008],"_shiftlockState":false,"_pose":"FreeFall","_animationQueue":[["jump",0.1]],"_animationSpeed":1,"_zoom":20.656},{"_mousePosition":[782,322],"_rootPartCFrame":[773.112,225.162,47.172,-0.009,0,1,0,1,0,-1,0,-0.009],"_humanoidState":5,"_cameraCFrame":[780.46,245.966,47.004,-0.023,-0.934,0.356,0,0.356,0.935,-1,0.021,-0.008],"_shiftlockState":false,"_pose":"FreeFall","_animationQueue":[],"_animationSpeed":1,"_zoom":20.656},{"_mousePosition":[782,322],"_rootPartCFrame":[772.779,226.045,47.179,-0.011,0,1,0,1,0,-1,0,-0.011],"_humanoidState":5,"_cameraCFrame":[780.127,246.849,47.012,-0.023,-0.934,0.356,0,0.356,0.935,-1,0.021,-0.008],"_shiftlockState":false,"_pose":"FreeFall","_animationQueue":[],"_animationSpeed":1,"_zoom":20.656},{"_mousePosition":[782,322],"_rootPartCFrame":[772.512,226.69,47.185,-0.013,0,1,0,1,0,-1,0,-0.013],"_humanoidState":5,"_cameraCFrame":[779.861,247.494,47.018,-0.023,-0.934,0.356,0,0.356,0.935,-1,0.021,-0.008],"_shiftlockState":false,"_pose":"FreeFall","_animationQueue":[],"_animationSpeed":1,"_zoom":20.656},{"_mousePosition":[782,322],"_rootPartCFrame":[772.312,227.138,47.19,-0.014,0,1,0,1,0,-1,0,-0.014],"_humanoidState":5,"_cameraCFrame":[779.585,247.97,47.024,-0.023,-0.936,0.352,0,0.352,0.936,-1,0.021,-0.008],"_shiftlockState":false,"_pose":"FreeFall","_animationQueue":[],"_animationSpeed":1,"_zoom":20.656},{"_mousePosition":[782,322],"_rootPartCFrame":[772.046,227.687,47.196,-0.015,0,1,0,1,0,-1,0,-0.015],"_humanoidState":5,"_cameraCFrame":[779.281,248.534,47.031,-0.023,-0.936,0.35,0,0.35,0.937,-1,0.021,-0.008],"_shiftlockState":false,"_pose":"FreeFall","_animationQueue":[],"_animationSpeed":1,"_zoom":20.656},{"_mousePosition":[782,322],"_rootPartCFrame":[771.779,228.182,47.202,-0.016,0,1,0,1,0,-1,0,-0.016],"_humanoidState":5,"_cameraCFrame":[778.939,249.057,47.039,-0.023,-0.938,0.347,0,0.347,0.938,-1,0.021,-0.008],"_shiftlockState":false,"_pose":"FreeFall","_animationQueue":[],"_animationSpeed":1,"_zoom":20.656},{"_mousePosition":[782,322],"_rootPartCFrame":[771.512,228.623,47.208,-0.017,0,1,0,1,0,-1,0,-0.017],"_humanoidState":5,"_cameraCFrame":[778.559,249.539,47.03,-0.025,-0.94,0.341,0,0.341,0.94,-1,0.024,-0.009],"_shiftlockState":false,"_pose":"FreeFall","_animationQueue":[],"_animationSpeed":1,"_zoom":20.656},{"_mousePosition":[782,322],"_rootPartCFrame":[771.246,229.009,47.214,-0.018,0,1,0,1,0,-1,0,-0.018],"_humanoidState":5,"_cameraCFrame":[778.216,249.952,47.02,-0.028,-0.941,0.337,0,0.338,0.941,-1,0.026,-0.009],"_shiftlockState":false,"_pose":"FreeFall","_animationQueue":[],"_animationSpeed":1,"_zoom":20.656},{"_mousePosition":[782,322],"_rootPartCFrame":[770.979,229.34,47.221,-0.019,0,1,0,1,0,-1,0,-0.019],"_humanoidState":5,"_cameraCFrame":[777.836,250.324,47.03,-0.028,-0.943,0.332,0,0.332,0.943,-1,0.026,-0.009],"_shiftlockState":false,"_pose":"FreeFall","_animationQueue":[],"_animationSpeed":1,"_zoom":20.656},{"_mousePosition":[782,322],"_rootPartCFrame":[770.713,229.617,47.228,-0.02,0,1,0,1,0,-1,0,-0.02],"_humanoidState":5,"_cameraCFrame":[777.493,250.628,47.039,-0.028,-0.944,0.328,0,0.328,0.945,-1,0.026,-0.009],"_shiftlockState":false,"_pose":"FreeFall","_animationQueue":[],"_animationSpeed":1,"_zoom":20.656},{"_mousePosition":[782,322],"_rootPartCFrame":[770.446,229.84,47.236,-0.021,0,1,0,1,0,-1,0,-0.021],"_humanoidState":5,"_cameraCFrame":[777.188,250.864,47.048,-0.028,-0.945,0.326,0,0.327,0.945,-1,0.026,-0.009],"_shiftlockState":false,"_pose":"FreeFall","_animationQueue":[],"_animationSpeed":1,"_zoom":20.656},{"_mousePosition":[782,322],"_rootPartCFrame":[770.179,230.008,47.243,-0.022,0,1,0,1,0,-1,0,-0.022],"_humanoidState":5,"_cameraCFrame":[776.884,251.045,47.056,-0.028,-0.945,0.325,0,0.325,0.946,-1,0.026,-0.009],"_shiftlockState":false,"_pose":"FreeFall","_animationQueue":[],"_animationSpeed":1,"_zoom":20.656},{"_mousePosition":[782,322],"_rootPartCFrame":[769.913,230.122,47.251,-0.023,0,1,0,1,0,-1,0,-0.023],"_humanoidState":5,"_cameraCFrame":[776.617,251.158,47.064,-0.028,-0.945,0.325,0,0.325,0.946,-1,0.026,-0.009],"_shiftlockState":false,"_pose":"FreeFall","_animationQueue":[],"_animationSpeed":1,"_zoom":20.656},{"_mousePosition":[782,322],"_rootPartCFrame":[769.646,230.181,47.258,-0.024,0,1,0,1,0,-1,0,-0.024],"_humanoidState":5,"_cameraCFrame":[776.351,251.217,47.071,-0.028,-0.945,0.325,0,0.325,0.946,-1,0.026,-0.009],"_shiftlockState":false,"_pose":"FreeFall","_animationQueue":[],"_animationSpeed":1,"_zoom":20.656},{"_mousePosition":[782,322],"_rootPartCFrame":[769.38,230.185,47.265,-0.024,0,1,0,1,0,-1,0,-0.024],"_humanoidState":5,"_cameraCFrame":[776.084,251.222,47.079,-0.028,-0.945,0.325,0,0.325,0.946,-1,0.026,-0.009],"_shiftlockState":false,"_pose":"FreeFall","_animationQueue":[],"_animationSpeed":1,"_zoom":20.656},{"_mousePosition":[782,322],"_rootPartCFrame":[769.113,230.135,47.273,-0.025,0,1,0,1,0,-1,0,-0.025],"_humanoidState":5,"_cameraCFrame":[775.779,251.185,47.087,-0.028,-0.946,0.323,0,0.323,0.946,-1,0.026,-0.009],"_shiftlockState":false,"_pose":"FreeFall","_animationQueue":[],"_animationSpeed":1,"_zoom":20.656},{"_mousePosition":[782,322],"_rootPartCFrame":[768.846,230.031,47.28,-0.025,0,1,0,1,0,-1,0,-0.025],"_humanoidState":5,"_cameraCFrame":[775.513,251.08,47.094,-0.028,-0.946,0.323,0,0.323,0.946,-1,0.026,-0.009],"_shiftlockState":false,"_pose":"FreeFall","_animationQueue":[],"_animationSpeed":1,"_zoom":20.656},{"_mousePosition":[782,322],"_rootPartCFrame":[768.58,229.872,47.288,-0.026,0,1,0,1,0,-1,0,-0.026],"_humanoidState":5,"_cameraCFrame":[775.246,250.921,47.102,-0.028,-0.946,0.323,0,0.323,0.946,-1,0.026,-0.009],"_shiftlockState":false,"_pose":"FreeFall","_animationQueue":[],"_animationSpeed":1,"_zoom":20.656},{"_mousePosition":[782,322],"_rootPartCFrame":[768.313,229.658,47.295,-0.026,0,1,0,1,0,-1,0,-0.026],"_humanoidState":5,"_cameraCFrame":[774.979,250.708,47.109,-0.028,-0.946,0.323,0,0.323,0.946,-1,0.026,-0.009],"_shiftlockState":false,"_pose":"FreeFall","_animationQueue":[["fall",0.3]],"_animationSpeed":1,"_zoom":20.656},{"_mousePosition":[782,322],"_rootPartCFrame":[768.047,229.39,47.303,-0.026,0,1,0,1,0,-1,0,-0.026],"_humanoidState":5,"_cameraCFrame":[774.713,250.44,47.117,-0.028,-0.946,0.323,0,0.323,0.946,-1,0.026,-0.009],"_shiftlockState":false,"_pose":"FreeFall","_animationQueue":[],"_animationSpeed":1,"_zoom":20.656},{"_mousePosition":[782,322],"_rootPartCFrame":[767.78,229.068,47.31,-0.026,0,1,0,1,0,-1,0,-0.026],"_humanoidState":5,"_cameraCFrame":[774.446,250.118,47.124,-0.028,-0.946,0.323,0,0.323,0.946,-1,0.026,-0.009],"_shiftlockState":false,"_pose":"FreeFall","_animationQueue":[],"_animationSpeed":1,"_zoom":20.656},{"_mousePosition":[782,322],"_rootPartCFrame":[767.513,228.691,47.317,-0.027,0,1,0,1,0,-1,0,-0.027],"_humanoidState":5,"_cameraCFrame":[774.18,249.741,47.132,-0.028,-0.946,0.323,0,0.323,0.946,-1,0.026,-0.009],"_shiftlockState":false,"_pose":"FreeFall","_animationQueue":[],"_animationSpeed":1,"_zoom":20.656},{"_mousePosition":[782,322],"_rootPartCFrame":[767.247,228.259,47.325,-0.027,0,1,0,1,0,-1,0,-0.027],"_humanoidState":5,"_cameraCFrame":[773.836,249.335,47.125,-0.03,-0.947,0.319,0,0.319,0.948,-1,0.029,-0.01],"_shiftlockState":false,"_pose":"FreeFall","_animationQueue":[],"_animationSpeed":1,"_zoom":20.656},{"_mousePosition":[782,322],"_rootPartCFrame":[766.98,227.773,47.332,-0.027,0,1,0,1,0,-1,0,-0.027],"_humanoidState":5,"_cameraCFrame":[773.493,248.874,47.118,-0.033,-0.948,0.315,0,0.315,0.949,-0.999,0.031,-0.01],"_shiftlockState":false,"_pose":"FreeFall","_animationQueue":[],"_animationSpeed":1,"_zoom":20.656},{"_mousePosition":[782,322],"_rootPartCFrame":[766.714,227.233,47.34,-0.027,0,1,0,1,0,-1,0,-0.027],"_humanoidState":5,"_cameraCFrame":[773.188,248.347,47.111,-0.035,-0.949,0.313,0,0.314,0.95,-0.999,0.034,-0.011],"_shiftlockState":false,"_pose":"FreeFall","_animationQueue":[["fall",0.3]],"_animationSpeed":1,"_zoom":20.656},{"_mousePosition":[782,322],"_rootPartCFrame":[766.38,226.481,47.351,-0.028,0,1,0,1,0,-1,0,-0.028],"_humanoidState":5,"_cameraCFrame":[772.777,247.62,47.092,-0.041,-0.95,0.31,0,0.31,0.951,-0.999,0.039,-0.013],"_shiftlockState":false,"_pose":"FreeFall","_animationQueue":[],"_animationSpeed":1,"_zoom":20.656},{"_mousePosition":[782,322],"_rootPartCFrame":[766.18,225.988,47.358,-0.029,0,1,0,1,0,-1,0,-0.029],"_humanoidState":5,"_cameraCFrame":[772.498,247.152,47.054,-0.048,-0.951,0.306,0,0.306,0.952,-0.999,0.046,-0.015],"_shiftlockState":false,"_pose":"FreeFall","_animationQueue":[],"_animationSpeed":1,"_zoom":20.656},{"_mousePosition":[782,322],"_rootPartCFrame":[765.914,225.284,47.369,-0.03,0,1,0,1,0,-1,0,-0.03],"_humanoidState":5,"_cameraCFrame":[772.153,246.473,47.021,-0.056,-0.952,0.302,0,0.302,0.953,-0.998,0.053,-0.017],"_shiftlockState":false,"_pose":"FreeFall","_animationQueue":[],"_animationSpeed":1,"_zoom":20.656},{"_mousePosition":[782,322],"_rootPartCFrame":[765.648,224.526,47.381,-0.032,0,0.999,0,1,0,-0.999,0,-0.032],"_humanoidState":5,"_cameraCFrame":[771.807,245.738,46.991,-0.063,-0.952,0.298,0,0.299,0.954,-0.998,0.06,-0.019],"_shiftlockState":false,"_pose":"FreeFall","_animationQueue":[],"_animationSpeed":1,"_zoom":20.656},{"_mousePosition":[782,322],"_rootPartCFrame":[765.381,223.713,47.396,-0.035,0,0.999,0,1,0,-0.999,0,-0.035],"_humanoidState":5,"_cameraCFrame":[771.499,244.937,46.961,-0.071,-0.953,0.296,0,0.297,0.955,-0.997,0.068,-0.021],"_shiftlockState":false,"_pose":"FreeFall","_animationQueue":[],"_animationSpeed":1,"_zoom":20.656},{"_mousePosition":[782,322],"_rootPartCFrame":[765.115,222.949,47.412,-0.039,0,0.999,0,1,0,-0.999,0,-0.039],"_humanoidState":7,"_cameraCFrame":[771.192,244.185,46.95,-0.076,-0.953,0.294,0,0.295,0.955,-0.997,0.072,-0.022],"_shiftlockState":false,"_pose":"FreeFall","_animationQueue":[["fall",0.3],["walk",0.1],["fall",0.3],["fall",0.3]],"_animationSpeed":1,"_zoom":20.656},{"_mousePosition":[782,322],"_rootPartCFrame":[764.849,222.877,47.431,-0.043,0,0.999,0,1,0,-0.999,0,-0.043],"_humanoidState":7,"_cameraCFrame":[770.926,244.113,46.969,-0.076,-0.953,0.294,0,0.295,0.955,-0.997,0.072,-0.022],"_shiftlockState":false,"_pose":"FreeFall","_animationQueue":[],"_animationSpeed":1,"_zoom":20.656},{"_mousePosition":[782,322],"_rootPartCFrame":[764.517,222.963,47.456,-0.048,0,0.999,0,1,0,-0.999,0,-0.048],"_humanoidState":8,"_cameraCFrame":[770.594,244.199,46.994,-0.076,-0.953,0.294,0,0.295,0.955,-0.997,0.072,-0.022],"_shiftlockState":false,"_pose":"Running","_animationQueue":[["walk",0.1],["fall",0.3],["walk",0.1]],"_animationSpeed":1.103,"_zoom":20.656},{"_mousePosition":[782,322],"_rootPartCFrame":[764.251,223.01,47.476,-0.052,0,0.999,0,1,0,-0.999,0,-0.052],"_humanoidState":8,"_cameraCFrame":[770.328,244.246,47.014,-0.076,-0.953,0.294,0,0.295,0.955,-0.997,0.072,-0.022],"_shiftlockState":false,"_pose":"Running","_animationQueue":[],"_animationSpeed":1.103,"_zoom":20.656},{"_mousePosition":[782,322],"_rootPartCFrame":[763.985,223.037,47.497,-0.055,0,0.998,0,1,0,-0.998,0,-0.055],"_humanoidState":8,"_cameraCFrame":[770.062,244.273,47.034,-0.076,-0.953,0.294,0,0.295,0.955,-0.997,0.072,-0.022],"_shiftlockState":false,"_pose":"Running","_animationQueue":[],"_animationSpeed":1.103,"_zoom":20.656},{"_mousePosition":[782,322],"_rootPartCFrame":[763.719,223.052,47.517,-0.058,0,0.998,0,1,0,-0.998,0,-0.058],"_humanoidState":8,"_cameraCFrame":[769.796,244.288,47.054,-0.076,-0.953,0.294,0,0.295,0.955,-0.997,0.072,-0.022],"_shiftlockState":false,"_pose":"Running","_animationQueue":[],"_animationSpeed":1.103,"_zoom":20.656},{"_mousePosition":[782,322],"_rootPartCFrame":[763.453,223.059,47.537,-0.06,0,0.998,0,1,0,-0.998,0,-0.06],"_humanoidState":8,"_cameraCFrame":[769.53,244.296,47.075,-0.076,-0.953,0.294,0,0.295,0.955,-0.997,0.072,-0.022],"_shiftlockState":false,"_pose":"Running","_animationQueue":[],"_animationSpeed":1.103,"_zoom":20.656},{"_mousePosition":[782,322],"_rootPartCFrame":[763.187,223.064,47.557,-0.063,0,0.998,0,1,0,-0.998,0,-0.063],"_humanoidState":8,"_cameraCFrame":[769.264,244.3,47.095,-0.076,-0.953,0.294,0,0.295,0.955,-0.997,0.072,-0.022],"_shiftlockState":false,"_pose":"Running","_animationQueue":[["walk",0.1]],"_animationSpeed":1.103,"_zoom":20.656},{"_mousePosition":[782,322],"_rootPartCFrame":[762.922,223.066,47.577,-0.064,0,0.998,0,1,0,-0.998,0,-0.064],"_humanoidState":8,"_cameraCFrame":[768.999,244.302,47.115,-0.076,-0.953,0.294,0,0.295,0.955,-0.997,0.072,-0.022],"_shiftlockState":false,"_pose":"Running","_animationQueue":[],"_animationSpeed":1.103,"_zoom":20.656},{"_mousePosition":[782,322],"_rootPartCFrame":[762.656,223.067,47.598,-0.066,0,0.998,0,1,0,-0.998,0,-0.066],"_humanoidState":8,"_cameraCFrame":[768.733,244.304,47.135,-0.076,-0.953,0.294,0,0.295,0.955,-0.997,0.072,-0.022],"_shiftlockState":false,"_pose":"Running","_animationQueue":[],"_animationSpeed":1.103,"_zoom":20.656},{"_mousePosition":[782,322],"_rootPartCFrame":[762.39,223.068,47.618,-0.067,0,0.998,0,1,0,-0.998,0,-0.067],"_humanoidState":8,"_cameraCFrame":[768.428,244.316,47.158,-0.076,-0.953,0.292,0,0.293,0.956,-0.997,0.073,-0.022],"_shiftlockState":false,"_pose":"Running","_animationQueue":[],"_animationSpeed":1.103,"_zoom":20.656},{"_mousePosition":[782,322],"_rootPartCFrame":[762.124,223.068,47.638,-0.068,0,0.998,0,1,0,-0.998,0,-0.068],"_humanoidState":8,"_cameraCFrame":[768.161,244.316,47.163,-0.078,-0.953,0.292,0,0.293,0.956,-0.997,0.075,-0.023],"_shiftlockState":false,"_pose":"Running","_animationQueue":[],"_animationSpeed":1.103,"_zoom":20.656},{"_mousePosition":[782,322],"_rootPartCFrame":[761.858,223.068,47.658,-0.069,0,0.998,0,1,0,-0.998,0,-0.069],"_humanoidState":8,"_cameraCFrame":[767.818,244.34,47.175,-0.081,-0.954,0.289,0,0.289,0.957,-0.997,0.077,-0.023],"_shiftlockState":false,"_pose":"Running","_animationQueue":[],"_animationSpeed":1.103,"_zoom":20.656},{"_mousePosition":[782,322],"_rootPartCFrame":[761.592,223.068,47.679,-0.071,0,0.998,0,1,0,-0.998,0,-0.071],"_humanoidState":8,"_cameraCFrame":[767.511,244.352,47.169,-0.086,-0.954,0.287,0,0.288,0.958,-0.996,0.082,-0.025],"_shiftlockState":false,"_pose":"Running","_animationQueue":[],"_animationSpeed":1.103,"_zoom":20.656},{"_mousePosition":[782,322],"_rootPartCFrame":[761.326,223.035,47.7,-0.072,0,0.997,0,1,0,-0.997,0,-0.072],"_humanoidState":8,"_cameraCFrame":[767.203,244.329,47.148,-0.094,-0.954,0.284,0,0.286,0.958,-0.996,0.09,-0.027],"_shiftlockState":false,"_pose":"Running","_animationQueue":[["walk",0.1]],"_animationSpeed":1.103,"_zoom":20.656},{"_mousePosition":[782,322],"_rootPartCFrame":[761.127,222.973,47.716,-0.073,0,0.997,0,1,0,-0.997,0,-0.073],"_humanoidState":8,"_cameraCFrame":[766.96,244.28,47.123,-0.101,-0.954,0.282,0,0.284,0.959,-0.995,0.097,-0.029],"_shiftlockState":false,"_pose":"Running","_animationQueue":[],"_animationSpeed":1.103,"_zoom":20.656},{"_mousePosition":[782,322],"_rootPartCFrame":[760.861,222.844,47.737,-0.074,0,0.997,0,1,0,-0.997,0,-0.074],"_humanoidState":8,"_cameraCFrame":[766.653,244.162,47.119,-0.106,-0.954,0.28,0,0.282,0.959,-0.994,0.102,-0.03],"_shiftlockState":false,"_pose":"Running","_animationQueue":[],"_animationSpeed":1.103,"_zoom":20.656},{"_mousePosition":[782,322],"_rootPartCFrame":[760.595,223.707,47.758,-0.075,0,0.997,0,1,0,-0.997,0,-0.075],"_humanoidState":3,"_cameraCFrame":[766.344,245.036,47.1,-0.114,-0.954,0.278,0,0.28,0.96,-0.994,0.109,-0.032],"_shiftlockState":false,"_pose":"Jumping","_animationQueue":[["walk",0.1],["jump",0.1]],"_animationSpeed":1,"_zoom":20.656},{"_mousePosition":[782,322],"_rootPartCFrame":[760.33,224.515,47.785,-0.078,0,0.997,0,1,0,-0.997,0,-0.078],"_humanoidState":5,"_cameraCFrame":[766.072,245.844,47.069,-0.124,-0.953,0.278,0,0.28,0.96,-0.992,0.119,-0.035],"_shiftlockState":false,"_pose":"FreeFall","_animationQueue":[["jump",0.1]],"_animationSpeed":1,"_zoom":20.656},{"_mousePosition":[782,322],"_rootPartCFrame":[760.065,225.269,47.815,-0.083,0,0.997,0,1,0,-0.997,0,-0.083],"_humanoidState":5,"_cameraCFrame":[765.763,246.609,47.061,-0.131,-0.952,0.276,0,0.278,0.961,-0.991,0.126,-0.037],"_shiftlockState":false,"_pose":"FreeFall","_animationQueue":[],"_animationSpeed":1,"_zoom":20.656},{"_mousePosition":[782,322],"_rootPartCFrame":[759.8,225.969,47.847,-0.088,0,0.996,0,1,0,-0.996,0,-0.088],"_humanoidState":5,"_cameraCFrame":[765.448,247.32,47.012,-0.146,-0.951,0.273,0,0.276,0.961,-0.989,0.141,-0.04],"_shiftlockState":false,"_pose":"FreeFall","_animationQueue":[],"_animationSpeed":1,"_zoom":20.656},{"_mousePosition":[782,322],"_rootPartCFrame":[759.536,226.613,47.882,-0.094,0,0.996,0,1,0,-0.996,0,-0.094],"_humanoidState":5,"_cameraCFrame":[765.175,247.965,46.99,-0.156,-0.949,0.273,0,0.276,0.961,-0.988,0.15,-0.043],"_shiftlockState":false,"_pose":"FreeFall","_animationQueue":[],"_animationSpeed":1,"_zoom":20.656},{"_mousePosition":[782,322],"_rootPartCFrame":[759.272,227.204,47.921,-0.1,0,0.995,0,1,0,-0.995,0,-0.1],"_humanoidState":5,"_cameraCFrame":[764.901,248.555,46.971,-0.166,-0.948,0.273,0,0.276,0.961,-0.986,0.16,-0.046],"_shiftlockState":false,"_pose":"FreeFall","_animationQueue":[],"_animationSpeed":1,"_zoom":20.656},{"_mousePosition":[782,322],"_rootPartCFrame":[759.009,227.74,47.962,-0.108,0,0.994,0,1,0,-0.994,0,-0.108],"_humanoidState":5,"_cameraCFrame":[764.628,249.091,46.956,-0.176,-0.946,0.272,0,0.276,0.961,-0.984,0.169,-0.049],"_shiftlockState":false,"_pose":"FreeFall","_animationQueue":[],"_animationSpeed":1,"_zoom":20.656},{"_mousePosition":[782,322],"_rootPartCFrame":[758.746,228.221,48.006,-0.115,0,0.993,0,1,0,-0.993,0,-0.115],"_humanoidState":5,"_cameraCFrame":[764.352,249.573,46.929,-0.189,-0.944,0.271,0,0.276,0.961,-0.982,0.181,-0.052],"_shiftlockState":false,"_pose":"FreeFall","_animationQueue":[],"_animationSpeed":1,"_zoom":20.656},{"_mousePosition":[782,322],"_rootPartCFrame":[758.483,228.648,48.052,-0.123,0,0.992,0,1,0,-0.992,0,-0.123],"_humanoidState":5,"_cameraCFrame":[764.075,249.999,46.904,-0.201,-0.941,0.271,0,0.276,0.961,-0.98,0.193,-0.056],"_shiftlockState":false,"_pose":"FreeFall","_animationQueue":[],"_animationSpeed":1,"_zoom":20.656},{"_mousePosition":[782,322],"_rootPartCFrame":[758.221,229.02,48.102,-0.132,0,0.991,0,1,0,-0.991,0,-0.132],"_humanoidState":5,"_cameraCFrame":[763.761,250.383,46.892,-0.213,-0.939,0.268,0,0.275,0.962,-0.977,0.205,-0.059],"_shiftlockState":false,"_pose":"FreeFall","_animationQueue":[],"_animationSpeed":1,"_zoom":20.656},{"_mousePosition":[782,322],"_rootPartCFrame":[757.96,229.338,48.155,-0.141,0,0.99,0,1,0,-0.99,0,-0.141],"_humanoidState":5,"_cameraCFrame":[763.48,250.701,46.861,-0.228,-0.936,0.267,0,0.275,0.962,-0.974,0.22,-0.063],"_shiftlockState":false,"_pose":"FreeFall","_animationQueue":[],"_animationSpeed":1,"_zoom":20.656},{"_mousePosition":[782,322],"_rootPartCFrame":[757.699,229.602,48.212,-0.15,0,0.989,0,1,0,-0.989,0,-0.15],"_humanoidState":5,"_cameraCFrame":[763.206,250.964,46.861,-0.238,-0.934,0.267,0,0.275,0.962,-0.971,0.229,-0.065],"_shiftlockState":false,"_pose":"FreeFall","_animationQueue":[],"_animationSpeed":1,"_zoom":20.656},{"_mousePosition":[782,322],"_rootPartCFrame":[757.439,229.811,48.272,-0.161,0,0.987,0,1,0,-0.987,0,-0.161],"_humanoidState":5,"_cameraCFrame":[762.933,251.173,46.866,-0.248,-0.932,0.266,0,0.275,0.962,-0.969,0.238,-0.068],"_shiftlockState":false,"_pose":"FreeFall","_animationQueue":[],"_animationSpeed":1,"_zoom":20.656},{"_mousePosition":[782,322],"_rootPartCFrame":[757.18,229.965,48.335,-0.171,0,0.985,0,1,0,-0.985,0,-0.171],"_humanoidState":5,"_cameraCFrame":[762.655,251.327,46.86,-0.26,-0.928,0.265,0,0.275,0.962,-0.966,0.25,-0.071],"_shiftlockState":false,"_pose":"FreeFall","_animationQueue":[],"_animationSpeed":1,"_zoom":20.656},{"_mousePosition":[782,322],"_rootPartCFrame":[756.922,230.065,48.401,-0.181,0,0.983,0,1,0,-0.983,0,-0.181],"_humanoidState":5,"_cameraCFrame":[762.382,251.427,46.87,-0.27,-0.926,0.264,0,0.275,0.962,-0.963,0.26,-0.074],"_shiftlockState":false,"_pose":"FreeFall","_animationQueue":[],"_animationSpeed":1,"_zoom":20.656},{"_mousePosition":[782,322],"_rootPartCFrame":[756.664,230.11,48.47,-0.192,0,0.981,0,1,0,-0.981,0,-0.192],"_humanoidState":5,"_cameraCFrame":[762.108,251.473,46.884,-0.28,-0.923,0.264,0,0.275,0.962,-0.96,0.269,-0.077],"_shiftlockState":false,"_pose":"FreeFall","_animationQueue":[],"_animationSpeed":1,"_zoom":20.656},{"_mousePosition":[782,322],"_rootPartCFrame":[756.407,230.101,48.541,-0.202,0,0.979,0,1,0,-0.979,0,-0.202],"_humanoidState":5,"_cameraCFrame":[761.847,251.464,46.942,-0.282,-0.923,0.263,0,0.275,0.962,-0.959,0.271,-0.077],"_shiftlockState":false,"_pose":"FreeFall","_animationQueue":[],"_animationSpeed":1,"_zoom":20.656},{"_mousePosition":[782,322],"_rootPartCFrame":[756.151,230.038,48.616,-0.213,0,0.977,0,1,0,-0.977,0,-0.213],"_humanoidState":5,"_cameraCFrame":[761.591,251.4,47.016,-0.282,-0.923,0.263,0,0.275,0.962,-0.959,0.271,-0.077],"_shiftlockState":false,"_pose":"FreeFall","_animationQueue":[["fall",0.3]],"_animationSpeed":1,"_zoom":20.656},{"_mousePosition":[782,322],"_rootPartCFrame":[755.895,229.919,48.691,-0.222,0,0.975,0,1,0,-0.975,0,-0.222],"_humanoidState":5,"_cameraCFrame":[761.335,251.282,47.091,-0.282,-0.923,0.263,0,0.275,0.962,-0.959,0.271,-0.077],"_shiftlockState":false,"_pose":"FreeFall","_animationQueue":[],"_animationSpeed":1,"_zoom":20.656},{"_mousePosition":[782,322],"_rootPartCFrame":[755.64,229.747,48.766,-0.231,0,0.973,0,1,0,-0.973,0,-0.231],"_humanoidState":5,"_cameraCFrame":[761.079,251.109,47.166,-0.282,-0.923,0.263,0,0.275,0.962,-0.959,0.271,-0.077],"_shiftlockState":false,"_pose":"FreeFall","_animationQueue":[],"_animationSpeed":1,"_zoom":20.656},{"_mousePosition":[782,322],"_rootPartCFrame":[755.384,229.52,48.841,-0.238,0,0.971,0,1,0,-0.971,0,-0.238],"_humanoidState":5,"_cameraCFrame":[760.824,250.882,47.241,-0.282,-0.923,0.263,0,0.275,0.962,-0.959,0.271,-0.077],"_shiftlockState":false,"_pose":"FreeFall","_animationQueue":[],"_animationSpeed":1,"_zoom":20.656},{"_mousePosition":[782,322],"_rootPartCFrame":[755.128,229.238,48.916,-0.244,0,0.97,0,1,0,-0.97,0,-0.244],"_humanoidState":5,"_cameraCFrame":[760.568,250.601,47.317,-0.282,-0.923,0.263,0,0.275,0.962,-0.959,0.271,-0.077],"_shiftlockState":false,"_pose":"FreeFall","_animationQueue":[],"_animationSpeed":1,"_zoom":20.656},{"_mousePosition":[782,322],"_rootPartCFrame":[754.872,228.902,48.992,-0.25,0,0.968,0,1,0,-0.968,0,-0.25],"_humanoidState":5,"_cameraCFrame":[760.324,250.265,47.433,-0.275,-0.925,0.264,0,0.275,0.962,-0.961,0.264,-0.075],"_shiftlockState":false,"_pose":"FreeFall","_animationQueue":[],"_animationSpeed":1,"_zoom":20.656},{"_mousePosition":[782,322],"_rootPartCFrame":[754.616,228.511,49.067,-0.254,0,0.967,0,1,0,-0.967,0,-0.254],"_humanoidState":5,"_cameraCFrame":[760.102,249.874,47.633,-0.253,-0.93,0.266,0,0.275,0.962,-0.968,0.243,-0.069],"_shiftlockState":false,"_pose":"FreeFall","_animationQueue":[],"_animationSpeed":1,"_zoom":20.656},{"_mousePosition":[782,322],"_rootPartCFrame":[754.36,228.066,49.14,-0.258,0,0.966,0,1,0,-0.966,0,-0.258],"_humanoidState":5,"_cameraCFrame":[759.934,249.418,47.908,-0.216,-0.938,0.27,0,0.276,0.961,-0.976,0.208,-0.06],"_shiftlockState":false,"_pose":"FreeFall","_animationQueue":[["fall",0.3]],"_animationSpeed":1,"_zoom":20.656},{"_mousePosition":[782,322],"_rootPartCFrame":[754.102,227.567,49.209,-0.258,0,0.966,0,1,0,-0.966,0,-0.258],"_humanoidState":5,"_cameraCFrame":[759.734,248.918,48.274,-0.164,-0.948,0.273,0,0.276,0.961,-0.986,0.157,-0.045],"_shiftlockState":false,"_pose":"FreeFall","_animationQueue":[],"_animationSpeed":1,"_zoom":20.656},{"_mousePosition":[782,322],"_rootPartCFrame":[753.883,227.49,49.259,-0.254,0,0.967,0,1,0,-0.967,0,-0.254],"_humanoidState":7,"_cameraCFrame":[759.563,248.842,48.682,-0.101,-0.956,0.275,0,0.276,0.961,-0.995,0.097,-0.028],"_shiftlockState":false,"_pose":"FreeFall","_animationQueue":[["walk",0.1],["fall",0.3],["fall",0.3]],"_animationSpeed":1,"_zoom":20.656},{"_mousePosition":[782,322],"_rootPartCFrame":[753.654,227.489,49.298,-0.244,0,0.97,0,1,0,-0.97,0,-0.244],"_humanoidState":7,"_cameraCFrame":[759.36,248.84,49.125,-0.03,-0.961,0.276,0,0.276,0.961,-1,0.029,-0.008],"_shiftlockState":false,"_pose":"FreeFall","_animationQueue":[],"_animationSpeed":1,"_zoom":20.656},{"_mousePosition":[782,322],"_rootPartCFrame":[753.346,227.345,49.332,-0.222,0,0.975,0,1,0,-0.975,0,-0.222],"_humanoidState":8,"_cameraCFrame":[759.006,248.707,49.676,0.061,-0.96,0.274,0,0.275,0.962,-0.998,-0.058,0.017],"_shiftlockState":false,"_pose":"Running","_animationQueue":[["walk",0.1],["fall",0.3],["walk",0.1]],"_animationSpeed":0.972,"_zoom":20.656},{"_mousePosition":[782,322],"_rootPartCFrame":[753.086,227.162,49.341,-0.198,0,0.98,0,1,0,-0.98,0,-0.198],"_humanoidState":8,"_cameraCFrame":[758.724,248.524,49.942,0.106,-0.956,0.273,0,0.275,0.962,-0.994,-0.102,0.029],"_shiftlockState":false,"_pose":"Running","_animationQueue":[["walk",0.1]],"_animationSpeed":1.03,"_zoom":20.656},{"_mousePosition":[782,322],"_rootPartCFrame":[752.821,226.925,49.327,-0.165,0,0.986,0,1,0,-0.986,0,-0.165],"_humanoidState":8,"_cameraCFrame":[758.439,248.287,50.099,0.136,-0.953,0.272,0,0.275,0.962,-0.991,-0.131,0.037],"_shiftlockState":false,"_pose":"Running","_animationQueue":[],"_animationSpeed":1.03,"_zoom":20.656},{"_mousePosition":[782,322],"_rootPartCFrame":[752.556,226.855,49.299,-0.129,0,0.992,0,1,0,-0.992,0,-0.129],"_humanoidState":8,"_cameraCFrame":[758.129,248.229,50.109,0.144,-0.952,0.27,0,0.273,0.962,-0.99,-0.138,0.039],"_shiftlockState":false,"_pose":"Running","_animationQueue":[["walk",0.1],["walk",0.1]],"_animationSpeed":1.1,"_zoom":20.656},{"_mousePosition":[782,322],"_rootPartCFrame":[752.296,226.85,49.264,-0.094,0,0.996,0,1,0,-0.996,0,-0.094],"_humanoidState":8,"_cameraCFrame":[757.869,248.224,50.074,0.144,-0.952,0.27,0,0.273,0.962,-0.99,-0.138,0.039],"_shiftlockState":false,"_pose":"Running","_animationQueue":[],"_animationSpeed":1.1,"_zoom":20.656},{"_mousePosition":[782,322],"_rootPartCFrame":[752.043,226.798,49.228,-0.062,0,0.998,0,1,0,-0.998,0,-0.062],"_humanoidState":8,"_cameraCFrame":[757.614,248.171,50.051,0.146,-0.952,0.27,0,0.273,0.962,-0.989,-0.141,0.04],"_shiftlockState":false,"_pose":"Running","_animationQueue":[],"_animationSpeed":1.1,"_zoom":20.656},{"_mousePosition":[782,322],"_rootPartCFrame":[751.8,226.691,49.192,-0.034,0,0.999,0,1,0,-0.999,0,-0.034],"_humanoidState":8,"_cameraCFrame":[757.371,248.064,50.016,0.146,-0.952,0.27,0,0.273,0.962,-0.989,-0.141,0.04],"_shiftlockState":false,"_pose":"Running","_animationQueue":[],"_animationSpeed":1.1,"_zoom":20.656},{"_mousePosition":[782,322],"_rootPartCFrame":[751.571,226.529,49.159,-0.009,0,1,0,1,0,-1,0,-0.009],"_humanoidState":8,"_cameraCFrame":[757.144,247.903,49.968,0.144,-0.952,0.27,0,0.273,0.962,-0.99,-0.138,0.039],"_shiftlockState":false,"_pose":"Running","_animationQueue":[["walk",0.1]],"_animationSpeed":1.013,"_zoom":20.656},{"_mousePosition":[782,322],"_rootPartCFrame":[751.361,226.313,49.128,0.012,0,1,0,1,0,-1,0,0.012],"_humanoidState":8,"_cameraCFrame":[756.94,247.687,49.895,0.136,-0.953,0.27,0,0.273,0.962,-0.991,-0.131,0.037],"_shiftlockState":false,"_pose":"Running","_animationQueue":[["walk",0.1]],"_animationSpeed":0.952,"_zoom":20.656},{"_mousePosition":[782,322],"_rootPartCFrame":[751.176,226.043,49.101,0.03,0,1,0,1,0,-1,0,0.03],"_humanoidState":8,"_cameraCFrame":[756.724,247.427,49.806,0.126,-0.955,0.269,0,0.271,0.963,-0.992,-0.121,0.034],"_shiftlockState":false,"_pose":"Running","_animationQueue":[["walk",0.1],["walk",0.1]],"_animationSpeed":0.875,"_zoom":20.656},{"_mousePosition":[782,322],"_rootPartCFrame":[750.974,226.056,49.073,0.044,0,0.999,0,1,0,-0.999,0,0.044],"_humanoidState":8,"_cameraCFrame":[756.492,247.451,49.704,0.114,-0.957,0.267,0,0.269,0.963,-0.994,-0.109,0.031],"_shiftlockState":false,"_pose":"Running","_animationQueue":[["walk",0.1]],"_animationSpeed":0.768,"_zoom":20.656},{"_mousePosition":[782,322],"_rootPartCFrame":[750.796,226.023,49.05,0.056,0,0.998,0,1,0,-0.998,0,0.056],"_humanoidState":8,"_cameraCFrame":[756.324,247.418,49.583,0.096,-0.959,0.268,0,0.269,0.963,-0.995,-0.092,0.026],"_shiftlockState":false,"_pose":"Running","_animationQueue":[["walk",0.1]],"_animationSpeed":0.845,"_zoom":20.656},{"_mousePosition":[782,322],"_rootPartCFrame":[750.618,226.896,49.027,0.067,0,0.998,0,1,0,-0.998,0,0.067],"_humanoidState":3,"_cameraCFrame":[756.113,248.302,49.501,0.086,-0.96,0.266,0,0.267,0.964,-0.996,-0.083,0.023],"_shiftlockState":false,"_pose":"Jumping","_animationQueue":[["walk",0.1],["jump",0.1]],"_animationSpeed":1,"_zoom":20.656},{"_mousePosition":[782,322],"_rootPartCFrame":[750.416,227.718,49.004,0.073,0,0.997,0,1,0,-0.997,0,0.073],"_humanoidState":5,"_cameraCFrame":[755.911,249.124,49.478,0.086,-0.96,0.266,0,0.267,0.964,-0.996,-0.083,0.023],"_shiftlockState":false,"_pose":"FreeFall","_animationQueue":[["jump",0.1]],"_animationSpeed":1,"_zoom":20.656},{"_mousePosition":[782,322],"_rootPartCFrame":[750.175,228.486,48.981,0.075,0,0.997,0,1,0,-0.997,0,0.075],"_humanoidState":5,"_cameraCFrame":[755.671,249.892,49.441,0.083,-0.96,0.266,0,0.267,0.964,-0.997,-0.08,0.022],"_shiftlockState":false,"_pose":"FreeFall","_animationQueue":[],"_animationSpeed":1,"_zoom":20.656},{"_mousePosition":[782,322],"_rootPartCFrame":[749.91,229.199,48.958,0.077,0,0.997,0,1,0,-0.997,0,0.077],"_humanoidState":5,"_cameraCFrame":[755.407,250.605,49.404,0.081,-0.961,0.266,0,0.267,0.964,-0.997,-0.078,0.022],"_shiftlockState":false,"_pose":"FreeFall","_animationQueue":[],"_animationSpeed":1,"_zoom":20.656},{"_mousePosition":[782,322],"_rootPartCFrame":[749.645,229.857,48.935,0.078,0,0.997,0,1,0,-0.997,0,0.078],"_humanoidState":5,"_cameraCFrame":[755.143,251.263,49.367,0.078,-0.961,0.266,0,0.267,0.964,-0.997,-0.076,0.021],"_shiftlockState":false,"_pose":"FreeFall","_animationQueue":[],"_animationSpeed":1,"_zoom":20.656},{"_mousePosition":[782,322],"_rootPartCFrame":[749.379,230.461,48.914,0.079,0,0.997,0,1,0,-0.997,0,0.079],"_humanoidState":5,"_cameraCFrame":[754.879,251.867,49.318,0.073,-0.961,0.266,0,0.267,0.964,-0.997,-0.071,0.02],"_shiftlockState":false,"_pose":"FreeFall","_animationQueue":[],"_animationSpeed":1,"_zoom":20.656},{"_mousePosition":[782,322],"_rootPartCFrame":[749.113,231.011,48.893,0.079,0,0.997,0,1,0,-0.997,0,0.079],"_humanoidState":5,"_cameraCFrame":[754.615,252.417,49.269,0.068,-0.961,0.266,0,0.267,0.964,-0.998,-0.066,0.018],"_shiftlockState":false,"_pose":"FreeFall","_animationQueue":[],"_animationSpeed":1,"_zoom":20.656},{"_mousePosition":[782,322],"_rootPartCFrame":[748.847,231.506,48.873,0.078,0,0.997,0,1,0,-0.997,0,0.078],"_humanoidState":5,"_cameraCFrame":[754.35,252.912,49.235,0.066,-0.962,0.266,0,0.267,0.964,-0.998,-0.063,0.018],"_shiftlockState":false,"_pose":"FreeFall","_animationQueue":[],"_animationSpeed":1,"_zoom":20.656},{"_mousePosition":[782,322],"_rootPartCFrame":[748.647,231.841,48.859,0.077,0,0.997,0,1,0,-0.997,0,0.077],"_humanoidState":5,"_cameraCFrame":[754.151,253.247,49.222,0.066,-0.962,0.266,0,0.267,0.964,-0.998,-0.063,0.018],"_shiftlockState":false,"_pose":"FreeFall","_animationQueue":[],"_animationSpeed":1,"_zoom":20.656},{"_mousePosition":[782,322],"_rootPartCFrame":[748.381,232.241,48.841,0.076,0,0.997,0,1,0,-0.997,0,0.076],"_humanoidState":5,"_cameraCFrame":[753.885,253.647,49.204,0.066,-0.962,0.266,0,0.267,0.964,-0.998,-0.063,0.018],"_shiftlockState":false,"_pose":"FreeFall","_animationQueue":[],"_animationSpeed":1,"_zoom":20.656},{"_mousePosition":[782,322],"_rootPartCFrame":[748.049,232.664,48.819,0.074,0,0.997,0,1,0,-0.997,0,0.074],"_humanoidState":5,"_cameraCFrame":[753.552,254.07,49.182,0.066,-0.962,0.266,0,0.267,0.964,-0.998,-0.063,0.018],"_shiftlockState":false,"_pose":"FreeFall","_animationQueue":[],"_animationSpeed":1,"_zoom":20.656},{"_mousePosition":[782,322],"_rootPartCFrame":[747.783,232.941,48.802,0.073,0,0.997,0,1,0,-0.997,0,0.073],"_humanoidState":5,"_cameraCFrame":[753.286,254.347,49.164,0.066,-0.962,0.266,0,0.267,0.964,-0.998,-0.063,0.018],"_shiftlockState":false,"_pose":"FreeFall","_animationQueue":[],"_animationSpeed":1,"_zoom":20.656},{"_mousePosition":[782,322],"_rootPartCFrame":[747.516,233.163,48.784,0.072,0,0.997,0,1,0,-0.997,0,0.072],"_humanoidState":5,"_cameraCFrame":[753.02,254.569,49.147,0.066,-0.962,0.266,0,0.267,0.964,-0.998,-0.063,0.018],"_shiftlockState":false,"_pose":"FreeFall","_animationQueue":[],"_animationSpeed":1,"_zoom":20.656},{"_mousePosition":[782,322],"_rootPartCFrame":[747.25,233.331,48.767,0.071,0,0.997,0,1,0,-0.997,0,0.071],"_humanoidState":5,"_cameraCFrame":[752.754,254.737,49.129,0.066,-0.962,0.266,0,0.267,0.964,-0.998,-0.063,0.018],"_shiftlockState":false,"_pose":"FreeFall","_animationQueue":[],"_animationSpeed":1,"_zoom":20.656},{"_mousePosition":[782,322],"_rootPartCFrame":[746.984,233.445,48.749,0.07,0,0.998,0,1,0,-0.998,0,0.07],"_humanoidState":5,"_cameraCFrame":[752.488,254.851,49.112,0.066,-0.962,0.266,0,0.267,0.964,-0.998,-0.063,0.018],"_shiftlockState":false,"_pose":"FreeFall","_animationQueue":[],"_animationSpeed":1,"_zoom":20.656},{"_mousePosition":[782,322],"_rootPartCFrame":[746.718,233.504,48.732,0.07,0,0.998,0,1,0,-0.998,0,0.07],"_humanoidState":5,"_cameraCFrame":[752.221,254.91,49.094,0.066,-0.962,0.266,0,0.267,0.964,-0.998,-0.063,0.018],"_shiftlockState":false,"_pose":"FreeFall","_animationQueue":[],"_animationSpeed":1,"_zoom":20.656},{"_mousePosition":[782,322],"_rootPartCFrame":[746.452,233.508,48.714,0.069,0,0.998,0,1,0,-0.998,0,0.069],"_humanoidState":5,"_cameraCFrame":[751.955,254.915,49.077,0.066,-0.962,0.266,0,0.267,0.964,-0.998,-0.063,0.018],"_shiftlockState":false,"_pose":"FreeFall","_animationQueue":[],"_animationSpeed":1,"_zoom":20.656},{"_mousePosition":[782,322],"_rootPartCFrame":[746.186,233.458,48.697,0.069,0,0.998,0,1,0,-0.998,0,0.069],"_humanoidState":5,"_cameraCFrame":[751.689,254.865,49.059,0.066,-0.962,0.266,0,0.267,0.964,-0.998,-0.063,0.018],"_shiftlockState":false,"_pose":"FreeFall","_animationQueue":[["fall",0.3]],"_animationSpeed":1,"_zoom":20.656},{"_mousePosition":[782,322],"_rootPartCFrame":[745.92,233.354,48.679,0.068,0,0.998,0,1,0,-0.998,0,0.068],"_humanoidState":5,"_cameraCFrame":[751.423,254.76,49.042,0.066,-0.962,0.266,0,0.267,0.964,-0.998,-0.063,0.018],"_shiftlockState":false,"_pose":"FreeFall","_animationQueue":[],"_animationSpeed":1,"_zoom":20.656},{"_mousePosition":[782,322],"_rootPartCFrame":[745.654,233.195,48.662,0.068,0,0.998,0,1,0,-0.998,0,0.068],"_humanoidState":5,"_cameraCFrame":[751.157,254.601,49.024,0.066,-0.962,0.266,0,0.267,0.964,-0.998,-0.063,0.018],"_shiftlockState":false,"_pose":"FreeFall","_animationQueue":[],"_animationSpeed":1,"_zoom":20.656},{"_mousePosition":[782,322],"_rootPartCFrame":[745.388,232.982,48.644,0.068,0,0.998,0,1,0,-0.998,0,0.068],"_humanoidState":5,"_cameraCFrame":[750.891,254.388,49.007,0.066,-0.962,0.266,0,0.267,0.964,-0.998,-0.063,0.018],"_shiftlockState":false,"_pose":"FreeFall","_animationQueue":[],"_animationSpeed":1,"_zoom":20.656},{"_mousePosition":[782,322],"_rootPartCFrame":[745.121,232.714,48.627,0.067,0,0.998,0,1,0,-0.998,0,0.067],"_humanoidState":5,"_cameraCFrame":[750.663,254.109,48.992,0.066,-0.961,0.268,0,0.269,0.963,-0.998,-0.063,0.018],"_shiftlockState":false,"_pose":"FreeFall","_animationQueue":[],"_animationSpeed":1,"_zoom":20.656},{"_mousePosition":[782,322],"_rootPartCFrame":[744.789,232.302,48.605,0.067,0,0.998,0,1,0,-0.998,0,0.067],"_humanoidState":5,"_cameraCFrame":[750.331,253.697,48.97,0.066,-0.961,0.268,0,0.269,0.963,-0.998,-0.063,0.018],"_shiftlockState":false,"_pose":"FreeFall","_animationQueue":[],"_animationSpeed":1,"_zoom":20.656},{"_mousePosition":[782,322],"_rootPartCFrame":[744.589,232.014,48.592,0.067,0,0.998,0,1,0,-0.998,0,0.067],"_humanoidState":5,"_cameraCFrame":[750.131,253.409,48.957,0.066,-0.961,0.268,0,0.269,0.963,-0.998,-0.063,0.018],"_shiftlockState":false,"_pose":"FreeFall","_animationQueue":[["fall",0.3]],"_animationSpeed":1,"_zoom":20.656},{"_mousePosition":[782,322],"_rootPartCFrame":[744.323,231.583,48.574,0.067,0,0.998,0,1,0,-0.998,0,0.067],"_humanoidState":5,"_cameraCFrame":[749.865,252.978,48.939,0.066,-0.961,0.268,0,0.269,0.963,-0.998,-0.063,0.018],"_shiftlockState":false,"_pose":"FreeFall","_animationQueue":[],"_animationSpeed":1,"_zoom":20.656},{"_mousePosition":[782,322],"_rootPartCFrame":[744.057,231.097,48.557,0.067,0,0.998,0,1,0,-0.998,0,0.067],"_humanoidState":5,"_cameraCFrame":[749.599,252.492,48.922,0.066,-0.961,0.268,0,0.269,0.963,-0.998,-0.063,0.018],"_shiftlockState":false,"_pose":"FreeFall","_animationQueue":[],"_animationSpeed":1,"_zoom":20.656},{"_mousePosition":[782,322],"_rootPartCFrame":[743.791,230.556,48.539,0.066,0,0.998,0,1,0,-0.998,0,0.066],"_humanoidState":5,"_cameraCFrame":[749.333,251.951,48.904,0.066,-0.961,0.268,0,0.269,0.963,-0.998,-0.063,0.018],"_shiftlockState":