[{"_mousePosition":[888,399],"_rootPartCFrame":[776.028,222.7,47.142,0,0,1,0,1,0,-1,0,0],"_humanoidState":8,"_cameraCFrame":[787.476,241.393,47.067,-0.007,-0.832,0.554,0,0.554,0.832,-1,0.005,-0.004],"_shiftlockState":false,"_pose":"Standing","_animationQueue":[],"_animationSpeed":1,"_zoom":20.656},{"_mousePosition":[888,399],"_rootPartCFrame":[775.725,222.695,47.146,-0.002,0,1,0,1,0,-1,0,-0.002],"_humanoidState":8,"_cameraCFrame":[787.106,241.433,47.071,-0.007,-0.834,0.551,0,0.551,0.835,-1,0.006,-0.004],"_shiftlockState":false,"_pose":"Standing","_animationQueue":[],"_animationSpeed":1,"_zoom":20.656},{"_mousePosition":[888,399],"_rootPartCFrame":[775.592,222.696,47.147,-0.003,0,1,0,1,0,-1,0,-0.003],"_humanoidState":8,"_cameraCFrame":[786.771,241.566,47.159,0.001,-0.841,0.541,0,0.541,0.841,-1,-0.001,0.001],"_shiftlockState":false,"_pose":"Running","_animationQueue":[["walk",0.1]],"_animationSpeed":1.089,"_zoom":20.656},{"_mousePosition":[888,399],"_rootPartCFrame":[775.192,222.698,47.15,-0.004,0,1,0,1,0,-1,0,-0.004],"_humanoidState":8,"_cameraCFrame":[786.235,241.654,47.189,0.004,-0.845,0.535,0,0.535,0.845,-1,-0.003,0.002],"_shiftlockState":false,"_pose":"Running","_animationQueue":[],"_animationSpeed":1.089,"_zoom":20.656},{"_mousePosition":[888,399],"_rootPartCFrame":[774.925,222.699,47.15,-0.003,0,1,0,1,0,-1,0,-0.003],"_humanoidState":8,"_cameraCFrame":[785.797,241.762,47.243,0.009,-0.85,0.526,0,0.526,0.85,-1,-0.007,0.005],"_shiftlockState":false,"_pose":"Running","_animationQueue":[],"_animationSpeed":1.089,"_zoom":20.656},{"_mousePosition":[888,399],"_rootPartCFrame":[774.658,222.699,47.149,-0.002,0,1,0,1,0,-1,0,-0.002],"_humanoidState":8,"_cameraCFrame":[785.359,241.867,47.268,0.011,-0.855,0.518,0,0.518,0.855,-1,-0.01,0.006],"_shiftlockState":false,"_pose":"Running","_animationQueue":[],"_animationSpeed":1.089,"_zoom":20.656},{"_mousePosition":[888,399],"_rootPartCFrame":[774.392,222.699,47.147,-0.001,0,1,0,1,0,-1,0,-0.001],"_humanoidState":8,"_cameraCFrame":[784.85,242.012,47.29,0.014,-0.862,0.506,0,0.506,0.862,-1,-0.012,0.007],"_shiftlockState":false,"_pose":"Running","_animationQueue":[],"_animationSpeed":1.089,"_zoom":20.656},{"_mousePosition":[888,399],"_rootPartCFrame":[774.258,222.699,47.145,0,0,1,0,1,0,-1,0,0],"_humanoidState":8,"_cameraCFrame":[784.437,242.173,47.284,0.014,-0.87,0.493,0,0.493,0.87,-1,-0.012,0.007],"_shiftlockState":false,"_pose":"Running","_animationQueue":[],"_animationSpeed":1.089,"_zoom":20.656},{"_mousePosition":[888,399],"_rootPartCFrame":[773.992,222.7,47.142,0.002,0,1,0,1,0,-1,0,0.002],"_humanoidState":8,"_cameraCFrame":[783.819,242.368,47.276,0.014,-0.879,0.476,0,0.476,0.88,-1,-0.012,0.006],"_shiftlockState":false,"_pose":"Running","_animationQueue":[["walk",0.1]],"_animationSpeed":1.089,"_zoom":20.656},{"_mousePosition":[888,399],"_rootPartCFrame":[773.592,222.7,47.136,0.004,0,1,0,1,0,-1,0,0.004],"_humanoidState":8,"_cameraCFrame":[782.991,242.593,47.265,0.014,-0.89,0.455,0,0.455,0.89,-1,-0.012,0.006],"_shiftlockState":false,"_pose":"Running","_animationQueue":[],"_animationSpeed":1.089,"_zoom":20.656},{"_mousePosition":[888,399],"_rootPartCFrame":[773.458,222.7,47.135,0.005,0,1,0,1,0,-1,0,0.005],"_humanoidState":8,"_cameraCFrame":[782.389,242.825,47.256,0.014,-0.902,0.432,0,0.432,0.902,-1,-0.012,0.006],"_shiftlockState":false,"_pose":"Running","_animationQueue":[],"_animationSpeed":1.089,"_zoom":20.656},{"_mousePosition":[888,399],"_rootPartCFrame":[773.059,222.7,47.129,0.007,0,1,0,1,0,-1,0,0.007],"_humanoidState":8,"_cameraCFrame":[781.479,243.062,47.18,0.006,-0.913,0.408,0,0.408,0.913,-1,-0.006,0.002],"_shiftlockState":false,"_pose":"Running","_animationQueue":[],"_animationSpeed":1.089,"_zoom":20.656},{"_mousePosition":[888,399],"_rootPartCFrame":[772.792,222.7,47.125,0.008,0,1,0,1,0,-1,0,0.008],"_humanoidState":8,"_cameraCFrame":[780.769,243.253,47.133,0.001,-0.922,0.386,0,0.386,0.922,-1,-0.001,0],"_shiftlockState":false,"_pose":"Running","_animationQueue":[],"_animationSpeed":1.089,"_zoom":20.656},{"_mousePosition":[888,399],"_rootPartCFrame":[772.659,222.7,47.124,0.008,0,1,0,1,0,-1,0,0.008],"_humanoidState":8,"_cameraCFrame":[780.188,243.435,47.094,-0.004,-0.931,0.364,0,0.365,0.931,-1,0.004,-0.001],"_shiftlockState":false,"_pose":"Running","_animationQueue":[],"_animationSpeed":1.089,"_zoom":20.656},{"_mousePosition":[888,399],"_rootPartCFrame":[772.392,222.7,47.124,0.007,0,1,0,1,0,-1,0,0.007],"_humanoidState":8,"_cameraCFrame":[779.544,243.578,47.041,-0.012,-0.938,0.346,0,0.346,0.938,-1,0.011,-0.004],"_shiftlockState":false,"_pose":"Running","_animationQueue":[["walk",0.1]],"_animationSpeed":1.089,"_zoom":20.656},{"_mousePosition":[888,399],"_rootPartCFrame":[771.992,222.7,47.126,0.005,0,1,0,1,0,-1,0,0.005],"_humanoidState":8,"_cameraCFrame":[778.841,243.687,47.028,-0.014,-0.943,0.332,0,0.332,0.943,-1,0.013,-0.005],"_shiftlockState":false,"_pose":"Running","_animationQueue":[],"_animationSpeed":1.089,"_zoom":20.656},{"_mousePosition":[888,399],"_rootPartCFrame":[771.859,222.7,47.127,0.004,0,1,0,1,0,-1,0,0.004],"_humanoidState":8,"_cameraCFrame":[778.288,243.829,47.02,-0.017,-0.95,0.311,0,0.311,0.95,-1,0.016,-0.005],"_shiftlockState":false,"_pose":"Running","_animationQueue":[],"_animationSpeed":1.089,"_zoom":20.656},{"_mousePosition":[888,399],"_rootPartCFrame":[771.592,222.7,47.131,0.001,0,1,0,1,0,-1,0,0.001],"_humanoidState":8,"_cameraCFrame":[777.792,243.903,47.027,-0.017,-0.954,0.3,0,0.3,0.954,-1,0.016,-0.005],"_shiftlockState":false,"_pose":"Running","_animationQueue":[],"_animationSpeed":1.089,"_zoom":20.656},{"_mousePosition":[888,399],"_rootPartCFrame":[771.325,222.7,47.135,-0.001,0,1,0,1,0,-1,0,-0.001],"_humanoidState":8,"_cameraCFrame":[777.371,243.951,47.019,-0.019,-0.956,0.293,0,0.293,0.956,-1,0.018,-0.006],"_shiftlockState":false,"_pose":"Running","_animationQueue":[],"_animationSpeed":1.089,"_zoom":20.656},{"_mousePosition":[888,399],"_rootPartCFrame":[770.925,222.7,47.142,-0.004,0,1,0,1,0,-1,0,-0.004],"_humanoidState":8,"_cameraCFrame":[776.894,243.974,47.027,-0.019,-0.957,0.289,0,0.289,0.957,-1,0.018,-0.006],"_shiftlockState":false,"_pose":"Running","_animationQueue":[],"_animationSpeed":1.089,"_zoom":20.656},{"_mousePosition":[888,399],"_rootPartCFrame":[770.659,222.7,47.147,-0.006,0,1,0,1,0,-1,0,-0.006],"_humanoidState":8,"_cameraCFrame":[776.589,243.986,47.033,-0.019,-0.958,0.287,0,0.287,0.958,-1,0.018,-0.006],"_shiftlockState":false,"_pose":"Running","_animationQueue":[["walk",0.1]],"_animationSpeed":1.089,"_zoom":20.656},{"_mousePosition":[888,399],"_rootPartCFrame":[770.392,222.7,47.152,-0.008,0,1,0,1,0,-1,0,-0.008],"_humanoidState":8,"_cameraCFrame":[776.323,243.986,47.038,-0.019,-0.958,0.287,0,0.287,0.958,-1,0.018,-0.006],"_shiftlockState":false,"_pose":"Running","_animationQueue":[],"_animationSpeed":1.089,"_zoom":20.656},{"_mousePosition":[888,399],"_rootPartCFrame":[770.126,222.666,47.157,-0.01,0,1,0,1,0,-1,0,-0.01],"_humanoidState":8,"_cameraCFrame":[776.056,243.952,47.043,-0.019,-0.958,0.287,0,0.287,0.958,-1,0.018,-0.006],"_shiftlockState":false,"_pose":"Running","_animationQueue":[],"_animationSpeed":1.089,"_zoom":20.656},{"_mousePosition":[888,399],"_rootPartCFrame":[769.859,222.577,47.162,-0.011,0,1,0,1,0,-1,0,-0.011],"_humanoidState":8,"_cameraCFrame":[775.789,243.863,47.048,-0.019,-0.958,0.287,0,0.287,0.958,-1,0.018,-0.006],"_shiftlockState":false,"_pose":"Running","_animationQueue":[],"_animationSpeed":1.089,"_zoom":20.656},{"_mousePosition":[888,399],"_rootPartCFrame":[769.592,222.434,47.167,-0.013,0,1,0,1,0,-1,0,-0.013],"_humanoidState":8,"_cameraCFrame":[775.523,243.72,47.053,-0.019,-0.958,0.287,0,0.287,0.958,-1,0.018,-0.006],"_shiftlockState":false,"_pose":"Running","_animationQueue":[],"_animationSpeed":1.089,"_zoom":20.656},{"_mousePosition":[888,399],"_rootPartCFrame":[769.326,223.307,47.172,-0.015,0,1,0,1,0,-1,0,-0.015],"_humanoidState":3,"_cameraCFrame":[775.256,244.593,47.058,-0.019,-0.958,0.287,0,0.287,0.958,-1,0.018,-0.006],"_shiftlockState":false,"_pose":"Jumping","_animationQueue":[["walk",0.1],["jump",0.1]],"_animationSpeed":1,"_zoom":20.656},{"_mousePosition":[888,399],"_rootPartCFrame":[769.059,224.129,47.178,-0.016,0,1,0,1,0,-1,0,-0.016],"_humanoidState":5,"_cameraCFrame":[774.99,245.415,47.063,-0.019,-0.958,0.287,0,0.287,0.958,-1,0.018,-0.006],"_shiftlockState":false,"_pose":"FreeFall","_animationQueue":[["jump",0.1]],"_animationSpeed":1,"_zoom":20.656},{"_mousePosition":[888,399],"_rootPartCFrame":[768.793,224.897,47.183,-0.016,0,1,0,1,0,-1,0,-0.016],"_humanoidState":5,"_cameraCFrame":[774.723,246.183,47.069,-0.019,-0.958,0.287,0,0.287,0.958,-1,0.018,-0.006],"_shiftlockState":false,"_pose":"FreeFall","_animationQueue":[],"_animationSpeed":1,"_zoom":20.656},{"_mousePosition":[888,399],"_rootPartCFrame":[768.526,225.61,47.188,-0.017,0,1,0,1,0,-1,0,-0.017],"_humanoidState":5,"_cameraCFrame":[774.456,246.896,47.074,-0.019,-0.958,0.287,0,0.287,0.958,-1,0.018,-0.006],"_shiftlockState":false,"_pose":"FreeFall","_animationQueue":[],"_animationSpeed":1,"_zoom":20.656},{"_mousePosition":[888,399],"_rootPartCFrame":[768.326,226.109,47.192,-0.017,0,1,0,1,0,-1,0,-0.017],"_humanoidState":5,"_cameraCFrame":[774.256,247.395,47.078,-0.019,-0.958,0.287,0,0.287,0.958,-1,0.018,-0.006],"_shiftlockState":false,"_pose":"FreeFall","_animationQueue":[],"_animationSpeed":1,"_zoom":20.656},{"_mousePosition":[888,399],"_rootPartCFrame":[768.06,226.726,47.197,-0.017,0,1,0,1,0,-1,0,-0.017],"_humanoidState":5,"_cameraCFrame":[773.951,248.024,47.083,-0.019,-0.958,0.285,0,0.285,0.958,-1,0.018,-0.005],"_shiftlockState":false,"_pose":"FreeFall","_animationQueue":[],"_animationSpeed":1,"_zoom":20.656},{"_mousePosition":[888,399],"_rootPartCFrame":[767.726,227.422,47.203,-0.018,0,1,0,1,0,-1,0,-0.018],"_humanoidState":5,"_cameraCFrame":[773.619,248.719,47.12,-0.014,-0.958,0.285,0,0.285,0.958,-1,0.014,-0.004],"_shiftlockState":false,"_pose":"FreeFall","_animationQueue":[],"_animationSpeed":1,"_zoom":20.656},{"_mousePosition":[888,399],"_rootPartCFrame":[767.526,227.798,47.207,-0.018,0,1,0,1,0,-1,0,-0.018],"_humanoidState":5,"_cameraCFrame":[773.419,249.096,47.168,-0.007,-0.958,0.285,0,0.285,0.958,-1,0.006,-0.002],"_shiftlockState":false,"_pose":"FreeFall","_animationQueue":[],"_animationSpeed":1,"_zoom":20.656},{"_mousePosition":[888,399],"_rootPartCFrame":[767.193,228.357,47.212,-0.017,0,1,0,1,0,-1,0,-0.017],"_humanoidState":5,"_cameraCFrame":[773.202,249.62,47.233,0.004,-0.957,0.291,0,0.291,0.957,-1,-0.003,0.001],"_shiftlockState":false,"_pose":"FreeFall","_animationQueue":[],"_animationSpeed":1,"_zoom":20.656},{"_mousePosition":[888,399],"_rootPartCFrame":[766.926,228.743,47.214,-0.016,0,1,0,1,0,-1,0,-0.016],"_humanoidState":5,"_cameraCFrame":[773.011,249.982,47.297,0.014,-0.956,0.295,0,0.295,0.956,-1,-0.013,0.004],"_shiftlockState":false,"_pose":"FreeFall","_animationQueue":[],"_animationSpeed":1,"_zoom":20.656},{"_mousePosition":[888,399],"_rootPartCFrame":[766.727,228.997,47.214,-0.015,0,1,0,1,0,-1,0,-0.015],"_humanoidState":5,"_cameraCFrame":[772.964,250.188,47.362,0.024,-0.953,0.302,0,0.302,0.953,-1,-0.023,0.007],"_shiftlockState":false,"_pose":"FreeFall","_animationQueue":[],"_animationSpeed":1,"_zoom":20.656},{"_mousePosition":[888,399],"_rootPartCFrame":[766.46,229.288,47.211,-0.011,0,1,0,1,0,-1,0,-0.011],"_humanoidState":5,"_cameraCFrame":[772.81,250.442,47.426,0.034,-0.951,0.307,0,0.308,0.952,-0.999,-0.032,0.01],"_shiftlockState":false,"_pose":"FreeFall","_animationQueue":[],"_animationSpeed":1,"_zoom":20.656},{"_mousePosition":[888,399],"_rootPartCFrame":[766.127,229.574,47.203,-0.006,0,1,0,1,0,-1,0,-0.006],"_humanoidState":5,"_cameraCFrame":[772.552,250.704,47.454,0.039,-0.95,0.311,0,0.311,0.95,-0.999,-0.037,0.012],"_shiftlockState":false,"_pose":"FreeFall","_animationQueue":[],"_animationSpeed":1,"_zoom":20.656},{"_mousePosition":[888,399],"_rootPartCFrame":[765.86,229.742,47.194,-0.001,0,1,0,1,0,-1,0,-0.001],"_humanoidState":5,"_cameraCFrame":[772.361,250.847,47.481,0.044,-0.948,0.315,0,0.315,0.949,-0.999,-0.042,0.014],"_shiftlockState":false,"_pose":"FreeFall","_animationQueue":[],"_animationSpeed":1,"_zoom":20.656},{"_mousePosition":[888,399],"_rootPartCFrame":[765.66,229.833,47.187,0.003,0,1,0,1,0,-1,0,0.003],"_humanoidState":5,"_cameraCFrame":[772.313,250.886,47.497,0.047,-0.946,0.322,0,0.322,0.947,-0.999,-0.044,0.015],"_shiftlockState":false,"_pose":"FreeFall","_animationQueue":[],"_animationSpeed":1,"_zoom":20.656},{"_mousePosition":[888,399],"_rootPartCFrame":[765.327,229.915,47.172,0.01,0,1,0,1,0,-1,0,0.01],"_humanoidState":5,"_cameraCFrame":[772.018,250.955,47.484,0.047,-0.945,0.324,0,0.324,0.946,-0.999,-0.044,0.015],"_shiftlockState":false,"_pose":"FreeFall","_animationQueue":[],"_animationSpeed":1,"_zoom":20.656},{"_mousePosition":[888,399],"_rootPartCFrame":[765.128,229.923,47.163,0.014,0,1,0,1,0,-1,0,0.014],"_humanoidState":5,"_cameraCFrame":[771.969,250.911,47.499,0.049,-0.942,0.331,0,0.332,0.943,-0.999,-0.046,0.016],"_shiftlockState":false,"_pose":"FreeFall","_animationQueue":[],"_animationSpeed":1,"_zoom":20.656},{"_mousePosition":[888,399],"_rootPartCFrame":[764.861,229.887,47.151,0.018,0,1,0,1,0,-1,0,0.018],"_humanoidState":5,"_cameraCFrame":[771.854,250.82,47.494,0.049,-0.94,0.339,0,0.339,0.941,-0.999,-0.046,0.017],"_shiftlockState":false,"_pose":"FreeFall","_animationQueue":[],"_animationSpeed":1,"_zoom":20.656},{"_mousePosition":[888,399],"_rootPartCFrame":[764.528,229.765,47.134,0.024,0,1,0,1,0,-1,0,0.024],"_humanoidState":5,"_cameraCFrame":[771.71,250.629,47.487,0.049,-0.936,0.348,0,0.348,0.937,-0.999,-0.046,0.017],"_shiftlockState":false,"_pose":"FreeFall","_animationQueue":[],"_animationSpeed":1,"_zoom":20.656},{"_mousePosition":[888,399],"_rootPartCFrame":[764.328,229.651,47.125,0.026,0,1,0,1,0,-1,0,0.026],"_humanoidState":5,"_cameraCFrame":[771.661,250.458,47.485,0.049,-0.934,0.355,0,0.355,0.935,-0.999,-0.046,0.017],"_shiftlockState":false,"_pose":"FreeFall","_animationQueue":[],"_animationSpeed":1,"_zoom":20.656},{"_mousePosition":[888,399],"_rootPartCFrame":[764.062,229.451,47.112,0.029,0,1,0,1,0,-1,0,0.029],"_humanoidState":5,"_cameraCFrame":[771.545,250.201,47.479,0.049,-0.931,0.362,0,0.363,0.932,-0.999,-0.046,0.018],"_shiftlockState":false,"_pose":"FreeFall","_animationQueue":[],"_animationSpeed":1,"_zoom":20.656},{"_mousePosition":[888,399],"_rootPartCFrame":[763.729,229.125,47.095,0.033,0,0.999,0,1,0,-0.999,0,0.033],"_humanoidState":5,"_cameraCFrame":[771.324,249.83,47.468,0.049,-0.929,0.368,0,0.368,0.93,-0.999,-0.046,0.018],"_shiftlockState":false,"_pose":"FreeFall","_animationQueue":[["fall",0.3]],"_animationSpeed":1,"_zoom":20.656},{"_mousePosition":[888,399],"_rootPartCFrame":[763.463,228.802,47.082,0.035,0,0.999,0,1,0,-0.999,0,0.035],"_humanoidState":5,"_cameraCFrame":[771.095,249.493,47.457,0.049,-0.928,0.369,0,0.37,0.929,-0.999,-0.046,0.018],"_shiftlockState":false,"_pose":"FreeFall","_animationQueue":[],"_animationSpeed":1,"_zoom":20.656},{"_mousePosition":[888,399],"_rootPartCFrame":[763.263,228.524,47.072,0.037,0,0.999,0,1,0,-0.999,0,0.037],"_humanoidState":5,"_cameraCFrame":[770.971,249.185,47.431,0.047,-0.927,0.373,0,0.374,0.928,-0.999,-0.043,0.017],"_shiftlockState":false,"_pose":"FreeFall","_animationQueue":[],"_animationSpeed":1,"_zoom":20.656},{"_mousePosition":[888,399],"_rootPartCFrame":[762.93,227.994,47.056,0.039,0,0.999,0,1,0,-0.999,0,0.039],"_humanoidState":5,"_cameraCFrame":[770.712,248.624,47.419,0.047,-0.925,0.377,0,0.377,0.926,-0.999,-0.043,0.018],"_shiftlockState":false,"_pose":"FreeFall","_animationQueue":[],"_animationSpeed":1,"_zoom":20.656},{"_mousePosition":[888,399],"_rootPartCFrame":[762.664,227.508,47.044,0.04,0,0.999,0,1,0,-0.999,0,0.04],"_humanoidState":5,"_cameraCFrame":[770.484,248.123,47.388,0.044,-0.925,0.379,0,0.379,0.925,-0.999,-0.041,0.017],"_shiftlockState":false,"_pose":"FreeFall","_animationQueue":[],"_animationSpeed":1,"_zoom":20.656},{"_mousePosition":[888,399],"_rootPartCFrame":[762.397,226.967,47.031,0.041,0,0.999,0,1,0,-0.999,0,0.041],"_humanoidState":5,"_cameraCFrame":[770.218,247.582,47.376,0.044,-0.925,0.379,0,0.379,0.925,-0.999,-0.041,0.017],"_shiftlockState":false,"_pose":"FreeFall","_animationQueue":[],"_animationSpeed":1,"_zoom":20.656},{"_mousePosition":[888,399],"_rootPartCFrame":[762.131,226.372,47.019,0.042,0,0.999,0,1,0,-0.999,0,0.042],"_humanoidState":5,"_cameraCFrame":[769.951,246.987,47.364,0.044,-0.925,0.379,0,0.379,0.925,-0.999,-0.041,0.017],"_shiftlockState":false,"_pose":"FreeFall","_animationQueue":[],"_animationSpeed":1,"_zoom":20.656},{"_mousePosition":[888,399],"_rootPartCFrame":[761.865,225.723,47.008,0.042,0,0.999,0,1,0,-0.999,0,0.042],"_humanoidState":5,"_cameraCFrame":[769.685,246.338,47.352,0.044,-0.925,0.379,0,0.379,0.925,-0.999,-0.041,0.017],"_shiftlockState":false,"_pose":"FreeFall","_animationQueue":[["fall",0.3]],"_animationSpeed":1,"_zoom":20.656},{"_mousePosition":[888,399],"_rootPartCFrame":[761.665,225.2,46.999,0.042,0,0.999,0,1,0,-0.999,0,0.042],"_humanoidState":5,"_cameraCFrame":[769.485,245.815,47.343,0.044,-0.925,0.379,0,0.379,0.925,-0.999,-0.041,0.017],"_shiftlockState":false,"_pose":"FreeFall","_animationQueue":[],"_animationSpeed":1,"_zoom":20.656},{"_mousePosition":[888,399],"_rootPartCFrame":[761.332,224.26,46.984,0.042,0,0.999,0,1,0,-0.999,0,0.042],"_humanoidState":5,"_cameraCFrame":[769.153,244.875,47.309,0.041,-0.925,0.379,0,0.379,0.925,-0.999,-0.038,0.016],"_shiftlockState":false,"_pose":"FreeFall","_animationQueue":[],"_animationSpeed":1,"_zoom":20.656},{"_mousePosition":[888,399],"_rootPartCFrame":[761.066,223.447,46.972,0.043,0,0.999,0,1,0,-0.999,0,0.043],"_humanoidState":5,"_cameraCFrame":[768.887,244.062,47.297,0.041,-0.925,0.379,0,0.379,0.925,-0.999,-0.038,0.016],"_shiftlockState":false,"_pose":"FreeFall","_animationQueue":[],"_animationSpeed":1,"_zoom":20.656},{"_mousePosition":[888,399],"_rootPartCFrame":[760.67,222.58,46.961,0.043,0,0.999,0,1,0,-0.999,0,0.043],"_humanoidState":7,"_cameraCFrame":[768.531,243.18,47.247,0.036,-0.924,0.381,0,0.381,0.925,-0.999,-0.034,0.014],"_shiftlockState":false,"_pose":"FreeFall","_animationQueue":[["walk",0.1],["fall",0.3],["fall",0.3]],"_animationSpeed":1,"_zoom":20.656},{"_mousePosition":[888,399],"_rootPartCFrame":[760.239,222.404,46.952,0.043,0,0.999,0,1,0,-0.999,0,0.043],"_humanoidState":7,"_cameraCFrame":[768.1,243.004,47.199,0.031,-0.924,0.381,0,0.381,0.925,-1,-0.029,0.012],"_shiftlockState":false,"_pose":"FreeFall","_animationQueue":[],"_animationSpeed":1,"_zoom":20.656},{"_mousePosition":[888,399],"_rootPartCFrame":[759.483,222.483,46.941,0.042,0,0.999,0,1,0,-0.999,0,0.042],"_humanoidState":7,"_cameraCFrame":[767.346,243.083,47.128,0.024,-0.924,0.381,0,0.381,0.925,-1,-0.022,0.009],"_shiftlockState":false,"_pose":"FreeFall","_animationQueue":[],"_animationSpeed":1,"_zoom":20.656},{"_mousePosition":[888,399],"_rootPartCFrame":[758.568,222.573,46.933,0.041,0,0.999,0,1,0,-0.999,0,0.041],"_humanoidState":8,"_cameraCFrame":[766.47,243.158,47.021,0.011,-0.924,0.383,0,0.383,0.924,-1,-0.01,0.004],"_shiftlockState":false,"_pose":"Running","_animationQueue":[["fall",0.3],["walk",0.1],["fall",0.3],["walk",0.1]],"_animationSpeed":0.689,"_zoom":20.656},{"_mousePosition":[888,399],"_rootPartCFrame":[757.168,222.648,46.923,0.037,0,0.999,0,1,0,-0.999,0,0.037],"_humanoidState":8,"_cameraCFrame":[765.071,243.233,46.911,-0.002,-0.924,0.383,0,0.383,0.924,-1,0.001,-0.001],"_shiftlockState":false,"_pose":"Running","_animationQueue":[["walk",0.1]],"_animationSpeed":1.093,"_zoom":20.656},{"_mousePosition":[888,399],"_rootPartCFrame":[756.702,222.662,46.921,0.036,0,0.999,0,1,0,-0.999,0,0.036],"_humanoidState":8,"_cameraCFrame":[764.604,243.247,46.829,-0.012,-0.924,0.383,0,0.383,0.924,-1,0.011,-0.004],"_shiftlockState":false,"_pose":"Running","_animationQueue":[],"_animationSpeed":1.093,"_zoom":20.656},{"_mousePosition":[888,399],"_rootPartCFrame":[755.768,222.679,46.921,0.031,0,1,0,1,0,-1,0,0.031],"_humanoidState":8,"_cameraCFrame":[763.707,243.249,46.789,-0.017,-0.923,0.384,0,0.384,0.923,-1,0.015,-0.006],"_shiftlockState":false,"_pose":"Running","_animationQueue":[],"_animationSpeed":1.093,"_zoom":20.656},{"_mousePosition":[888,399],"_rootPartCFrame":[754.368,222.692,46.926,0.023,0,1,0,1,0,-1,0,0.023],"_humanoidState":8,"_cameraCFrame":[762.307,243.261,46.793,-0.017,-0.923,0.384,0,0.384,0.923,-1,0.015,-0.006],"_shiftlockState":false,"_pose":"Running","_animationQueue":[],"_animationSpeed":1.093,"_zoom":20.656},{"_mousePosition":[888,399],"_rootPartCFrame":[753.435,223.565,46.929,0.017,0,1,0,1,0,-1,0,0.017],"_humanoidState":3,"_cameraCFrame":[761.373,244.134,46.796,-0.017,-0.923,0.384,0,0.384,0.923,-1,0.015,-0.006],"_shiftlockState":false,"_pose":"Jumping","_animationQueue":[["walk",0.1],["jump",0.1]],"_animationSpeed":1,"_zoom":20.656},{"_mousePosition":[888,399],"_rootPartCFrame":[752.75,224.187,46.931,0.013,0,1,0,1,0,-1,0,0.013],"_humanoidState":5,"_cameraCFrame":[760.725,244.74,46.798,-0.017,-0.922,0.386,0,0.386,0.922,-1,0.015,-0.006],"_shiftlockState":false,"_pose":"FreeFall","_animationQueue":[["jump",0.1]],"_animationSpeed":1,"_zoom":20.656},{"_mousePosition":[888,399],"_rootPartCFrame":[751.658,225.154,46.935,0.008,0,1,0,1,0,-1,0,0.008],"_humanoidState":5,"_cameraCFrame":[759.708,245.677,46.862,-0.009,-0.921,0.39,0,0.39,0.921,-1,0.008,-0.004],"_shiftlockState":false,"_pose":"FreeFall","_animationQueue":[],"_animationSpeed":1,"_zoom":20.656},{"_mousePosition":[888,399],"_rootPartCFrame":[750.829,225.867,46.939,0.004,0,1,0,1,0,-1,0,0.004],"_humanoidState":5,"_cameraCFrame":[758.954,246.358,46.926,-0.002,-0.919,0.393,0,0.393,0.919,-1,0.001,-0.001],"_shiftlockState":false,"_pose":"FreeFall","_animationQueue":[],"_animationSpeed":1,"_zoom":20.656},{"_mousePosition":[888,399],"_rootPartCFrame":[750.039,226.526,46.942,0.002,0,1,0,1,0,-1,0,0.002],"_humanoidState":5,"_cameraCFrame":[758.238,246.985,47.012,0.009,-0.918,0.397,0,0.397,0.918,-1,-0.008,0.003],"_shiftlockState":false,"_pose":"FreeFall","_animationQueue":[],"_animationSpeed":1,"_zoom":20.656},{"_mousePosition":[888,399],"_rootPartCFrame":[749.29,227.13,46.945,0.001,0,1,0,1,0,-1,0,0.001],"_humanoidState":5,"_cameraCFrame":[757.562,247.557,47.079,0.016,-0.916,0.4,0,0.401,0.916,-1,-0.015,0.006],"_shiftlockState":false,"_pose":"FreeFall","_animationQueue":[],"_animationSpeed":1,"_zoom":20.656},{"_mousePosition":[888,399],"_rootPartCFrame":[748.58,227.68,46.948,0.002,0,1,0,1,0,-1,0,0.002],"_humanoidState":5,"_cameraCFrame":[756.924,248.074,47.146,0.024,-0.914,0.404,0,0.404,0.915,-1,-0.022,0.01],"_shiftlockState":false,"_pose":"FreeFall","_animationQueue":[],"_animationSpeed":1,"_zoom":20.656},{"_mousePosition":[888,399],"_rootPartCFrame":[747.91,228.175,46.95,0.003,0,1,0,1,0,-1,0,0.003],"_humanoidState":5,"_cameraCFrame":[756.399,248.503,47.217,0.031,-0.911,0.411,0,0.411,0.912,-1,-0.029,0.013],"_shiftlockState":false,"_pose":"FreeFall","_animationQueue":[],"_animationSpeed":1,"_zoom":20.656},{"_mousePosition":[888,399],"_rootPartCFrame":[747.279,228.615,46.952,0.006,0,1,0,1,0,-1,0,0.006],"_humanoidState":5,"_cameraCFrame":[755.913,248.877,47.288,0.039,-0.908,0.418,0,0.418,0.908,-0.999,-0.035,0.016],"_shiftlockState":false,"_pose":"FreeFall","_animationQueue":[],"_animationSpeed":1,"_zoom":20.656},{"_mousePosition":[888,399],"_rootPartCFrame":[746.688,229.001,46.952,0.009,0,1,0,1,0,-1,0,0.009],"_humanoidState":5,"_cameraCFrame":[755.39,249.229,47.402,0.052,-0.905,0.421,0,0.422,0.907,-0.999,-0.047,0.022],"_shiftlockState":false,"_pose":"FreeFall","_animationQueue":[],"_animationSpeed":1,"_zoom":20.656},{"_mousePosition":[888,399],"_rootPartCFrame":[746.271,229.255,46.951,0.012,0,1,0,1,0,-1,0,0.012],"_humanoidState":5,"_cameraCFrame":[755.038,249.449,47.538,0.067,-0.903,0.424,0,0.425,0.905,-0.998,-0.06,0.028],"_shiftlockState":false,"_pose":"FreeFall","_animationQueue":[],"_animationSpeed":1,"_zoom":20.656},{"_mousePosition":[888,399],"_rootPartCFrame":[745.75,229.545,46.949,0.017,0,1,0,1,0,-1,0,0.017],"_humanoidState":5,"_cameraCFrame":[754.517,249.74,47.536,0.067,-0.903,0.424,0,0.425,0.905,-0.998,-0.06,0.028],"_shiftlockState":false,"_pose":"FreeFall","_animationQueue":[],"_animationSpeed":1,"_zoom":20.656},{"_mousePosition":[888,399],"_rootPartCFrame":[745.269,229.782,46.945,0.023,0,1,0,1,0,-1,0,0.023],"_humanoidState":5,"_cameraCFrame":[754.035,249.976,47.532,0.067,-0.903,0.424,0,0.425,0.905,-0.998,-0.06,0.028],"_shiftlockState":false,"_pose":"FreeFall","_animationQueue":[],"_animationSpeed":1,"_zoom":20.656},{"_mousePosition":[888,399],"_rootPartCFrame":[744.827,229.963,46.938,0.029,0,1,0,1,0,-1,0,0.029],"_humanoidState":5,"_cameraCFrame":[753.593,250.158,47.525,0.067,-0.903,0.424,0,0.425,0.905,-0.998,-0.06,0.028],"_shiftlockState":false,"_pose":"FreeFall","_animationQueue":[],"_animationSpeed":1,"_zoom":20.656},{"_mousePosition":[888,399],"_rootPartCFrame":[744.57,230.155,46.923,-0.024,0.001,1,0.009,1,-0.001,-1,0.009,-0.024],"_humanoidState":12,"_cameraCFrame":[753.339,250.349,47.523,0.067,-0.903,0.424,0,0.425,0.905,-0.998,-0.06,0.028],"_shiftlockState":false,"_pose":"Climbing","_animationQueue":[["walk",0.1],["climb",0.1]],"_animationSpeed":0.806,"_zoom":20.656},{"_mousePosition":[888,399],"_rootPartCFrame":[744.647,230.285,46.891,0.002,0.001,1,0.005,1,-0.001,-1,0.005,0.002],"_humanoidState":12,"_cameraCFrame":[753.415,250.479,47.485,0.067,-0.903,0.424,0,0.425,0.905,-0.998,-0.06,0.028],"_shiftlockState":false,"_pose":"Climbing","_animationQueue":[["climb",0.1]],"_animationSpeed":0.584,"_zoom":20.656},{"_mousePosition":[888,399],"_rootPartCFrame":[744.717,230.471,46.863,0.008,0,1,0,1,0,-1,0,0.008],"_humanoidState":12,"_cameraCFrame":[753.483,250.665,47.449,0.067,-0.903,0.424,0,0.425,0.905,-0.998,-0.06,0.028],"_shiftlockState":false,"_pose":"Climbing","_animationQueue":[["climb",0.1]],"_animationSpeed":0.915,"_zoom":20.656},{"_mousePosition":[888,399],"_rootPartCFrame":[744.75,230.658,46.85,0.009,0,1,-0.001,1,0,-1,-0.001,0.009],"_humanoidState":12,"_cameraCFrame":[753.516,250.852,47.436,0.067,-0.903,0.424,0,0.425,0.905,-0.998,-0.06,0.028],"_shiftlockState":false,"_pose":"Climbing","_animationQueue":[],"_animationSpeed":0.915,"_zoom":20.656},{"_mousePosition":[888,399],"_rootPartCFrame":[744.753,230.844,46.849,0.009,0,1,0,1,0,-1,0,0.009],"_humanoidState":12,"_cameraCFrame":[753.52,251.038,47.435,0.067,-0.903,0.424,0,0.425,0.905,-0.998,-0.06,0.028],"_shiftlockState":false,"_pose":"Climbing","_animationQueue":[],"_animationSpeed":0.915,"_zoom":20.656},{"_mousePosition":[888,399],"_rootPartCFrame":[744.753,231.031,46.849,0.009,0,1,0,1,0,-1,0,0.009],"_humanoidState":12,"_cameraCFrame":[753.52,251.225,47.435,0.067,-0.903,0.424,0,0.425,0.905,-0.998,-0.06,0.028],"_shiftlockState":false,"_pose":"Climbing","_animationQueue":[],"_animationSpeed":0.915,"_zoom":20.656},{"_mousePosition":[888,399],"_rootPartCFrame":[744.753,231.217,46.848,0.009,0,1,0,1,0,-1,0,0.009],"_humanoidState":12,"_cameraCFrame":[753.52,251.412,47.435,0.067,-0.903,0.424,0,0.425,0.905,-0.998,-0.06,0.028],"_shiftlockState":false,"_pose":"Climbing","_animationQueue":[],"_animationSpeed":0.915,"_zoom":20.656},{"_mousePosition":[888,399],"_rootPartCFrame":[744.753,231.404,46.848,0.009,0,1,0,1,0,-1,0,0.009],"_humanoidState":12,"_cameraCFrame":[753.52,251.598,47.435,0.067,-0.903,0.424,0,0.425,0.905,-0.998,-0.06,0.028],"_shiftlockState":false,"_pose":"Climbing","_animationQueue":[],"_animationSpeed":0.915,"_zoom":20.656},{"_mousePosition":[888,399],"_rootPartCFrame":[744.753,231.591,46.848,0.009,0,1,0,1,0,-1,0,0.009],"_humanoidState":12,"_cameraCFrame":[753.518,251.785,47.457,0.069,-0.903,0.424,0,0.425,0.905,-0.998,-0.063,0.029],"_shiftlockState":false,"_pose":"Climbing","_animationQueue":[],"_animationSpeed":0.915,"_zoom":20.656},{"_mousePosition":[888,399],"_rootPartCFrame":[744.753,231.777,46.848,0.009,0,1,0,1,0,-1,0,0.009],"_humanoidState":12,"_cameraCFrame":[753.612,251.937,46.88,0.004,-0.903,0.429,0,0.429,0.903,-1,-0.003,0.002],"_shiftlockState":false,"_pose":"Climbing","_animationQueue":[],"_animationSpeed":0.915,"_zoom":20.656},{"_mousePosition":[888,399],"_rootPartCFrame":[744.753,232.011,46.848,0.009,0,1,0,1,0,-1,0,0.009],"_humanoidState":12,"_cameraCFrame":[753.797,252.066,46.078,-0.085,-0.895,0.438,0,0.439,0.898,-0.996,0.076,-0.037],"_shiftlockState":false,"_pose":"Climbing","_animationQueue":[],"_animationSpeed":0.915,"_zoom":20.656},{"_mousePosition":[888,399],"_rootPartCFrame":[744.753,232.151,46.848,0.009,0,1,0,1,0,-1,0,0.009],"_humanoidState":12,"_cameraCFrame":[753.999,252.025,44.96,-0.2,-0.872,0.448,0,0.457,0.89,-0.98,0.178,-0.091],"_shiftlockState":false,"_pose":"Climbing","_animationQueue":[],"_animationSpeed":0.915,"_zoom":20.656},{"_mousePosition":[888,399],"_rootPartCFrame":[744.753,232.337,46.848,0.009,0,1,0,1,0,-1,0,0.009],"_humanoidState":12,"_cameraCFrame":[754.033,252.006,43.612,-0.329,-0.83,0.449,0,0.476,0.88,-0.944,0.29,-0.157],"_shiftlockState":false,"_pose":"Climbing","_animationQueue":[],"_animationSpeed":0.915,"_zoom":20.656},{"_mousePosition":[888,399],"_rootPartCFrame":[744.753,232.524,46.848,0.009,0,1,0,1,0,-1,0,0.009],"_humanoidState":12,"_cameraCFrame":[753.808,251.997,42.195,-0.457,-0.774,0.438,0,0.493,0.87,-0.889,0.398,-0.225],"_shiftlockState":false,"_pose":"Climbing","_animationQueue":[],"_animationSpeed":0.915,"_zoom":20.656},{"_mousePosition":[888,399],"_rootPartCFrame":[744.753,232.711,46.848,0.009,0,1,0,1,0,-1,0,0.009],"_humanoidState":12,"_cameraCFrame":[753.272,252.023,40.78,-0.58,-0.702,0.412,0,0.506,0.862,-0.814,0.5,-0.294],"_shiftlockState":false,"_pose":"Climbing","_animationQueue":[],"_animationSpeed":0.915,"_zoom":20.656},{"_mousePosition":[888,399],"_rootPartCFrame":[744.753,232.897,46.848,0.009,0,1,0,1,0,-1,0,0.009],"_humanoidState":12,"_cameraCFrame":[752.573,252.023,39.443,-0.688,-0.62,0.379,0,0.521,0.853,-0.726,0.587,-0.359],"_shiftlockState":false,"_pose":"Climbing","_animationQueue":[],"_animationSpeed":0.915,"_zoom":20.656},{"_mousePosition":[888,399],"_rootPartCFrame":[744.723,233.08,46.87,-0.068,0,0.998,0,1,0,-0.998,0,-0.068],"_humanoidState":8,"_cameraCFrame":[751.696,251.993,38.22,-0.779,-0.529,0.338,0,0.538,0.843,-0.628,0.656,-0.419],"_shiftlockState":false,"_pose":"Standing","_animationQueue":[["climb",0.1],["idle",0.1],["idle",0.1]],"_animationSpeed":1,"_zoom":20.656},{"_mousePosition":[888,399],"_rootPartCFrame":[744.658,233.164,46.895,-0.084,0,0.996,0,1,0,-0.996,0,-0.084],"_humanoidState":5,"_cameraCFrame":[750.696,251.812,37.089,-0.852,-0.435,0.292,0,0.557,0.83,-0.524,0.707,-0.475],"_shiftlockState":false,"_pose":"FreeFall","_animationQueue":[["walk",0.1],["fall",0.3]],"_animationSpeed":1,"_zoom":20.656},{"_mousePosition":[888,399],"_rootPartCFrame":[744.554,233.194,46.918,-0.085,0,0.996,0,1,0,-0.996,0,-0.085],"_humanoidState":5,"_cameraCFrame":[749.593,251.592,36.16,-0.906,-0.347,0.244,0,0.575,0.818,-0.424,0.741,-0.521],"_shiftlockState":false,"_pose":"FreeFall","_animationQueue":[],"_animationSpeed":1,"_zoom":20.656},{"_mousePosition":[888,399],"_rootPartCFrame":[744.421,233.169,46.921,-0.027,0,1,0,1,0,-1,0,-0.027],"_humanoidState":5,"_cameraCFrame":[748.473,251.356,35.441,-0.943,-0.269,0.196,0,0.589,0.808,-0.333,0.762,-0.556],"_shiftlockState":false,"_pose":"FreeFall","_animationQueue":[],"_animationSpeed":1,"_zoom":20.656},{"_mousePosition":[888,399],"_rootPartCFrame":[744.266,233.274,46.863,0.023,0,1,0,1,0,-1,0,0.023],"_humanoidState":7,"_cameraCFrame":[747.442,251.269,34.843,-0.967,-0.204,0.154,0,0.602,0.799,-0.255,0.772,-0.582],"_shiftlockState":false,"_pose":"FreeFall","_animationQueue":[["fall",0.3],["walk",0.1],["fall",0.3],["fall",0.3]],"_animationSpeed":1,"_zoom":20.656},{"_mousePosition":[888,399],"_rootPartCFrame":[743.954,233.479,46.751,0.083,0,0.997,0,1,0,-0.997,0,0.083],"_humanoidState":7,"_cameraCFrame":[746.061,251.303,34.27,-0.986,-0.132,0.102,0,0.613,0.79,-0.166,0.779,-0.604],"_shiftlockState":false,"_pose":"FreeFall","_animationQueue":[],"_animationSpeed":1,"_zoom":20.656},{"_mousePosition":[888,399],"_rootPartCFrame":[743.633,233.594,46.663,0.116,0,0.993,0,1,0,-0.993,0,0.116],"_humanoidState":8,"_cameraCFrame":[745.213,251.343,34.009,-0.992,-0.097,0.076,0,0.617,0.787,-0.124,0.781,-0.613],"_shiftlockState":false,"_pose":"Running","_animationQueue":[["walk",0.1],["fall",0.3],["walk",0.1]],"_animationSpeed":1.103,"_zoom":20.656},{"_mousePosition":[888,399],"_rootPartCFrame":[743.502,233.622,46.639,0.121,0,0.993,0,1,0,-0.993,0,0.121],"_humanoidState":8,"_cameraCFrame":[744.638,251.321,33.874,-0.996,-0.07,0.055,0,0.62,0.784,-0.089,0.781,-0.618],"_shiftlockState":false,"_pose":"Running","_animationQueue":[],"_animationSpeed":1.103,"_zoom":20.656},{"_mousePosition":[888,399],"_rootPartCFrame":[743.105,233.669,46.588,0.122,0,0.993,0,1,0,-0.993,0,0.122],"_humanoidState":8,"_cameraCFrame":[742.106,251.368,33.692,-0.998,-0.046,0.036,0,0.62,0.784,-0.058,0.783,-0.619],"_shiftlockState":true,"_pose":"Running","_animationQueue":[],"_animationSpeed":1.103,"_zoom":20.656},{"_mousePosition":[683,384],"_rootPartCFrame":[742.84,233.683,46.563,-1,0,-0.017,0,1,0,0.017,0,-1],"_humanoidState":8,"_cameraCFrame":[741.841,251.383,33.667,-0.998,-0.046,0.036,0,0.62,0.784,-0.058,0.783,-0.619],"_shiftlockState":true,"_pose":"Running","_animationQueue":[],"_animationSpeed":1.103,"_zoom":20.656},{"_mousePosition":[683,384],"_rootPartCFrame":[742.574,233.691,46.546,-1,0,0.029,0,1,0,-0.029,0,-1],"_humanoidState":8,"_cameraCFrame":[741.379,251.39,33.667,-0.999,-0.034,0.027,0,0.62,0.784,-0.043,0.784,-0.62],"_shiftlockState":true,"_pose":"Running","_animationQueue":[["walk",0.1]],"_animationSpeed":1.103,"_zoom":20.656},{"_mousePosition":[683,384],"_rootPartCFrame":[742.374,233.694,46.535,-0.999,0,0.04,0,1,0,-0.04,0,-0.999],"_humanoidState":8,"_cameraCFrame":[741.049,251.394,33.668,-0.999,-0.026,0.021,0,0.62,0.784,-0.033,0.784,-0.62],"_shiftlockState":true,"_pose":"Running","_animationQueue":[],"_animationSpeed":1.103,"_zoom":20.656},{"_mousePosition":[683,384],"_rootPartCFrame":[742.231,233.697,46.526,-0.999,0,0.032,0,1,0,-0.032,0,-0.999],"_humanoidState":8,"_cameraCFrame":[740.873,251.396,33.663,-1,-0.024,0.019,0,0.62,0.784,-0.031,0.784,-0.62],"_shiftlockState":true,"_pose":"Running","_animationQueue":[],"_animationSpeed":1.103,"_zoom":20.656},{"_mousePosition":[683,384],"_rootPartCFrame":[742.227,233.698,46.526,-1,0,0.031,0,1,0,-0.031,0,-1],"_humanoidState":8,"_cameraCFrame":[740.527,237.234,44.862,-1,-0.024,0.019,0,0.62,0.784,-0.031,0.784,-0.62],"_shiftlockState":true,"_pose":"Running","_animationQueue":[["walk",0.1]],"_animationSpeed":0.094,"_zoom":20.656},{"_mousePosition":[683,384],"_rootPartCFrame":[742.227,233.699,46.526,-1,0,0.031,0,1,0,-0.031,0,-1],"_humanoidState":8,"_cameraCFrame":[740.527,237.234,44.863,-1,-0.024,0.019,0,0.62,0.784,-0.031,0.784,-0.62],"_shiftlockState":true,"_pose":"Standing","_animationQueue":[["idle",0.1]],"_animationSpeed":1,"_zoom":20.656},{"_mousePosition":[683,384],"_rootPartCFrame":[742.227,233.699,46.526,-1,0,0.031,0,1,0,-0.031,0,-1],"_humanoidState":8,"_cameraCFrame":[740.527,237.234,44.863,-1,-0.024,0.019,0,0.62,0.784,-0.031,0.784,-0.62],"_shiftlockState":true,"_pose":"Standing","_animationQueue":[],"_animationSpeed":1,"_zoom":20.656},{"_mousePosition":[683,384],"_rootPartCFrame":[742.227,233.699,46.526,-1,0,0.031,0,1,0,-0.031,0,-1],"_humanoidState":8,"_cameraCFrame":[740.527,237.234,44.863,-1,-0.024,0.019,0,0.62,0.784,-0.031,0.784,-0.62],"_shiftlockState":true,"_pose":"Standing","_animationQueue":[],"_animationSpeed":1,"_zoom":20.656},{"_mousePosition":[683,384],"_rootPartCFrame":[742.227,233.699,46.526,-1,0,0.031,0,1,0,-0.031,0,-1],"_humanoidState":8,"_cameraCFrame":[740.527,237.234,44.863,-1,-0.024,0.019,0,0.62,0.784,-0.031,0.784,-0.62],"_shiftlockState":true,"_pose":"Standing","_animationQueue":[],"_animationSpeed":1,"_zoom":20.656},{"_mousePosition":[683,384],"_rootPartCFrame":[742.227,233.699,46.526,-1,0,0.031,0,1,0,-0.031,0,-1],"_humanoidState":8,"_cameraCFrame":[740.527,237.234,44.863,-1,-0.024,0.019,0,0.62,0.784,-0.031,0.784,-0.62],"_shiftlockState":true,"_pose":"Standing","_animationQueue":[],"_animationSpeed":1,"_zoom":20.656},{"_mousePosition":[683,384],"_rootPartCFrame":[742.227,233.699,46.526,-1,0,0.031,0,1,0,-0.031,0,-1],"_humanoidState":8,"_cameraCFrame":[740.527,237.234,44.863,-1,-0.024,0.019,0,0.62,0.784,-0.031,0.784,-0.62],"_shiftlockState":true,"_pose":"Standing","_animationQueue":[],"_animationSpeed":1,"_zoom":20.656},{"_mousePosition":[683,384],"_rootPartCFrame":[742.227,233.699,46.526,-1,0,0.031,0,1,0,-0.031,0,-1],"_humanoidState":8,"_cameraCFrame":[740.527,237.234,44.863,-1,-0.024,0.019,0,0.62,0.784,-0.031,0.784,-0.62],"_shiftlockState":true,"_pose":"Standing","_animationQueue":[],"_animationSpeed":1,"_zoom":20.656},{"_mousePosition":[683,384],"_rootPartCFrame":[742.227,233.699,46.526,-1,0,0.031,0,1,0,-0.031,0,-1],"_humanoidState":8,"_cameraCFrame":[740.527,237.235,44.876,-1,-0.024,0.019,0,0.617,0.787,-0.031,0.786,-0.617],"_shiftlockState":true,"_pose":"Standing","_animationQueue":[],"_animationSpeed":1,"_zoom":20.656},{"_mousePosition":[683,384],"_rootPartCFrame":[742.227,233.699,46.526,-1,0,0.031,0,1,0,-0.031,0,-1],"_humanoidState":8,"_cameraCFrame":[740.531,237.235,44.884,-0.999,-0.026,0.02,0,0.614,0.789,-0.033,0.789,-0.614],"_shiftlockState":true,"_pose":"Standing","_animationQueue":[],"_animationSpeed":1,"_zoom":20.656},{"_mousePosition":[683,384],"_rootPartCFrame":[742.227,233.699,46.526,-0.999,0,0.033,0,1,0,-0.033,0,-0.999],"_humanoidState":8,"_cameraCFrame":[740.535,237.236,44.886,-0.999,-0.028,0.022,0,0.613,0.79,-0.036,0.79,-0.612],"_shiftlockState":true,"_pose":"Standing","_animationQueue":[],"_animationSpeed":1,"_zoom":20.656},{"_mousePosition":[683,384],"_rootPartCFrame":[742.227,233.699,46.526,-0.999,0,0.036,0,1,0,-0.036,0,-0.999],"_humanoidState":8,"_cameraCFrame":[740.535,237.236,44.886,-0.999,-0.028,0.022,0,0.613,0.79,-0.036,0.79,-0.612],"_shiftlockState":true,"_pose":"Standing","_animationQueue":[],"_animationSpeed":1,"_zoom":20.656},{"_mousePosition":[683,384],"_rootPartCFrame":[742.227,233.699,46.526,-0.999,0,0.036,0,1,0,-0.036,0,-0.999],"_humanoidState":8,"_cameraCFrame":[740.535,237.236,44.886,-0.999,-0.028,0.022,0,0.613,0.79,-0.036,0.79,-0.612],"_shiftlockState":true,"_pose":"Standing","_animationQueue":[],"_animationSpeed":1,"_zoom":20.656},{"_mousePosition":[683,384],"_rootPartCFrame":[742.227,233.699,46.526,-0.999,0,0.036,0,1,0,-0.036,0,-0.999],"_humanoidState":8,"_cameraCFrame":[740.535,237.236,44.886,-0.999,-0.028,0.022,0,0.613,0.79,-0.036,0.79,-0.612],"_shiftlockState":true,"_pose":"Standing","_animationQueue":[],"_animationSpeed":1,"_zoom":20.656},{"_mousePosition":[683,384],"_rootPartCFrame":[742.227,233.699,46.526,-0.999,0,0.036,0,1,0,-0.036,0,-0.999],"_humanoidState":8,"_cameraCFrame":[740.535,237.236,44.886,-0.999,-0.028,0.022,0,0.613,0.79,-0.036,0.79,-0.612],"_shiftlockState":true,"_pose":"Standing","_animationQueue":[],"_animationSpeed":1,"_zoom":20.656},{"_mousePosition":[683,384],"_rootPartCFrame":[742.227,233.699,46.526,-0.999,0,0.036,0,1,0,-0.036,0,-0.999],"_humanoidState":8,"_cameraCFrame":[740.535,237.236,44.886,-0.999,-0.028,0.022,0,0.613,0.79,-0.036,0.79,-0.612],"_shiftlockState":true,"_pose":"Standing","_animationQueue":[],"_animationSpeed":1,"_zoom":20.656},{"_mousePosition":[683,384],"_rootPartCFrame":[742.227,233.699,46.526,-0.999,0,0.036,0,1,0,-0.036,0,-0.999],"_humanoidState":8,"_cameraCFrame":[740.535,237.236,44.886,-0.999,-0.028,0.022,0,0.613,0.79,-0.036,0.79,-0.612],"_shiftlockState":true,"_pose":"Standing","_animationQueue":[],"_animationSpeed":1,"_zoom":20.656},{"_mousePosition":[683,384],"_rootPartCFrame":[742.038,233.699,46.519,-0.999,0,0.036,0,1,0,-0.036,0,-0.999],"_humanoidState":8,"_cameraCFrame":[740.345,237.236,44.885,-0.999,-0.028,0.022,0,0.611,0.791,-0.036,0.791,-0.611],"_shiftlockState":true,"_pose":"Standing","_animationQueue":[],"_animationSpeed":1,"_zoom":20.656},{"_mousePosition":[683,384],"_rootPartCFrame":[741.774,233.699,46.51,-0.999,0,0.036,0,1,0,-0.036,0,-0.999],"_humanoidState":8,"