[{"_mousePosition":[702,391],"_rootPartCFrame":[776.029,222.7,47.142,0,0,1,0,1,0,-1,0,0],"_humanoidState":8,"_cameraCFrame":[775.431,230.677,27.537,-1,0.01,-0.029,0,0.95,0.314,0.03,0.313,-0.949],"_shiftlockState":false,"_pose":"Standing","_animationQueue":[],"_animationSpeed":1,"_zoom":20.656},{"_mousePosition":[702,391],"_rootPartCFrame":[775.857,222.7,47.148,-0.003,0,1,0,1,0,-1,0,-0.003],"_humanoidState":8,"_cameraCFrame":[775.259,230.677,27.543,-1,0.01,-0.029,0,0.95,0.314,0.03,0.313,-0.949],"_shiftlockState":false,"_pose":"Standing","_animationQueue":[],"_animationSpeed":1,"_zoom":20.656},{"_mousePosition":[702,391],"_rootPartCFrame":[775.592,222.7,47.156,-0.007,0,1,0,1,0,-1,0,-0.007],"_humanoidState":8,"_cameraCFrame":[774.994,230.677,27.551,-1,0.01,-0.029,0,0.95,0.314,0.03,0.313,-0.949],"_shiftlockState":false,"_pose":"Running","_animationQueue":[["walk",0.1]],"_animationSpeed":1.003,"_zoom":20.656},{"_mousePosition":[702,391],"_rootPartCFrame":[775.326,222.7,47.164,-0.01,0,1,0,1,0,-1,0,-0.01],"_humanoidState":8,"_cameraCFrame":[774.728,230.677,27.559,-1,0.01,-0.029,0,0.95,0.314,0.03,0.313,-0.949],"_shiftlockState":false,"_pose":"Running","_animationQueue":[["walk",0.1],["walk",0.1]],"_animationSpeed":1.101,"_zoom":20.656},{"_mousePosition":[702,391],"_rootPartCFrame":[775.059,222.7,47.172,-0.013,0,1,0,1,0,-1,0,-0.013],"_humanoidState":8,"_cameraCFrame":[774.461,230.677,27.567,-1,0.01,-0.029,0,0.95,0.314,0.03,0.313,-0.949],"_shiftlockState":false,"_pose":"Running","_animationQueue":[],"_animationSpeed":1.101,"_zoom":20.656},{"_mousePosition":[702,391],"_rootPartCFrame":[774.793,222.7,47.18,-0.015,0,1,0,1,0,-1,0,-0.015],"_humanoidState":8,"_cameraCFrame":[774.195,230.677,27.575,-1,0.01,-0.029,0,0.95,0.314,0.03,0.313,-0.949],"_shiftlockState":false,"_pose":"Running","_animationQueue":[],"_animationSpeed":1.101,"_zoom":20.656},{"_mousePosition":[702,391],"_rootPartCFrame":[774.526,222.7,47.188,-0.017,0,1,0,1,0,-1,0,-0.017],"_humanoidState":8,"_cameraCFrame":[773.928,230.677,27.583,-1,0.01,-0.029,0,0.95,0.314,0.03,0.313,-0.949],"_shiftlockState":false,"_pose":"Running","_animationQueue":[],"_animationSpeed":1.101,"_zoom":20.656},{"_mousePosition":[702,391],"_rootPartCFrame":[774.259,222.7,47.196,-0.019,0,1,0,1,0,-1,0,-0.019],"_humanoidState":8,"_cameraCFrame":[773.661,230.677,27.591,-1,0.01,-0.029,0,0.95,0.314,0.03,0.313,-0.949],"_shiftlockState":false,"_pose":"Running","_animationQueue":[],"_animationSpeed":1.101,"_zoom":20.656},{"_mousePosition":[702,391],"_rootPartCFrame":[773.859,222.7,47.209,-0.021,0,1,0,1,0,-1,0,-0.021],"_humanoidState":8,"_cameraCFrame":[773.261,230.677,27.603,-1,0.01,-0.029,0,0.95,0.314,0.03,0.313,-0.949],"_shiftlockState":false,"_pose":"Running","_animationQueue":[],"_animationSpeed":1.101,"_zoom":20.656},{"_mousePosition":[702,391],"_rootPartCFrame":[773.726,222.7,47.213,-0.022,0,1,0,1,0,-1,0,-0.022],"_humanoidState":8,"_cameraCFrame":[773.128,230.677,27.608,-1,0.01,-0.029,0,0.95,0.314,0.03,0.313,-0.949],"_shiftlockState":false,"_pose":"Running","_animationQueue":[["walk",0.1]],"_animationSpeed":1.101,"_zoom":20.656},{"_mousePosition":[702,391],"_rootPartCFrame":[773.46,222.7,47.221,-0.023,0,1,0,1,0,-1,0,-0.023],"_humanoidState":8,"_cameraCFrame":[772.862,230.677,27.616,-1,0.01,-0.029,0,0.95,0.314,0.03,0.313,-0.949],"_shiftlockState":false,"_pose":"Running","_animationQueue":[],"_animationSpeed":1.101,"_zoom":20.656},{"_mousePosition":[702,391],"_rootPartCFrame":[773.193,222.7,47.229,-0.024,0,1,0,1,0,-1,0,-0.024],"_humanoidState":8,"_cameraCFrame":[772.595,230.677,27.624,-1,0.01,-0.029,0,0.95,0.314,0.03,0.313,-0.949],"_shiftlockState":false,"_pose":"Running","_animationQueue":[],"_animationSpeed":1.101,"_zoom":20.656},{"_mousePosition":[702,391],"_rootPartCFrame":[772.926,222.7,47.237,-0.025,0,1,0,1,0,-1,0,-0.025],"_humanoidState":8,"_cameraCFrame":[772.328,230.677,27.632,-1,0.01,-0.029,0,0.95,0.314,0.03,0.313,-0.949],"_shiftlockState":false,"_pose":"Running","_animationQueue":[],"_animationSpeed":1.101,"_zoom":20.656},{"_mousePosition":[702,391],"_rootPartCFrame":[772.66,222.7,47.245,-0.026,0,1,0,1,0,-1,0,-0.026],"_humanoidState":8,"_cameraCFrame":[772.062,230.677,27.64,-1,0.01,-0.029,0,0.95,0.314,0.03,0.313,-0.949],"_shiftlockState":false,"_pose":"Running","_animationQueue":[],"_animationSpeed":1.101,"_zoom":20.656},{"_mousePosition":[702,391],"_rootPartCFrame":[772.327,223.783,47.255,-0.027,0,1,0,1,0,-1,0,-0.027],"_humanoidState":3,"_cameraCFrame":[771.729,231.761,27.65,-1,0.01,-0.029,0,0.95,0.314,0.03,0.313,-0.949],"_shiftlockState":false,"_pose":"Jumping","_animationQueue":[["walk",0.1],["jump",0.1]],"_animationSpeed":1,"_zoom":20.656},{"_mousePosition":[702,391],"_rootPartCFrame":[772.127,224.395,47.261,-0.027,0,1,0,1,0,-1,0,-0.027],"_humanoidState":5,"_cameraCFrame":[771.529,232.372,27.656,-1,0.01,-0.029,0,0.95,0.314,0.03,0.313,-0.949],"_shiftlockState":false,"_pose":"FreeFall","_animationQueue":[["jump",0.1]],"_animationSpeed":1,"_zoom":20.656},{"_mousePosition":[702,391],"_rootPartCFrame":[771.86,225.162,47.27,-0.028,0,1,0,1,0,-1,0,-0.028],"_humanoidState":5,"_cameraCFrame":[771.262,233.139,27.664,-1,0.01,-0.029,0,0.95,0.314,0.03,0.313,-0.949],"_shiftlockState":false,"_pose":"FreeFall","_animationQueue":[],"_animationSpeed":1,"_zoom":20.656},{"_mousePosition":[702,391],"_rootPartCFrame":[771.593,225.875,47.278,-0.028,0,1,0,1,0,-1,0,-0.028],"_humanoidState":5,"_cameraCFrame":[770.995,233.853,27.673,-1,0.01,-0.029,0,0.95,0.314,0.03,0.313,-0.949],"_shiftlockState":false,"_pose":"FreeFall","_animationQueue":[],"_animationSpeed":1,"_zoom":20.656},{"_mousePosition":[702,391],"_rootPartCFrame":[771.327,226.534,47.286,-0.028,0,1,0,1,0,-1,0,-0.028],"_humanoidState":5,"_cameraCFrame":[770.729,234.511,27.681,-1,0.01,-0.029,0,0.95,0.314,0.03,0.313,-0.949],"_shiftlockState":false,"_pose":"FreeFall","_animationQueue":[],"_animationSpeed":1,"_zoom":20.656},{"_mousePosition":[702,391],"_rootPartCFrame":[771.06,227.138,47.294,-0.029,0,1,0,1,0,-1,0,-0.029],"_humanoidState":5,"_cameraCFrame":[770.462,235.115,27.689,-1,0.01,-0.029,0,0.95,0.314,0.03,0.313,-0.949],"_shiftlockState":false,"_pose":"FreeFall","_animationQueue":[],"_animationSpeed":1,"_zoom":20.656},{"_mousePosition":[702,391],"_rootPartCFrame":[770.794,227.687,47.302,-0.029,0,1,0,1,0,-1,0,-0.029],"_humanoidState":5,"_cameraCFrame":[770.196,235.665,27.697,-1,0.01,-0.029,0,0.95,0.314,0.03,0.313,-0.949],"_shiftlockState":false,"_pose":"FreeFall","_animationQueue":[],"_animationSpeed":1,"_zoom":20.656},{"_mousePosition":[702,391],"_rootPartCFrame":[770.527,228.182,47.31,-0.029,0,1,0,1,0,-1,0,-0.029],"_humanoidState":5,"_cameraCFrame":[769.929,236.16,27.705,-1,0.01,-0.029,0,0.95,0.314,0.03,0.313,-0.949],"_shiftlockState":false,"_pose":"FreeFall","_animationQueue":[],"_animationSpeed":1,"_zoom":20.656},{"_mousePosition":[702,391],"_rootPartCFrame":[770.26,228.623,47.318,-0.029,0,1,0,1,0,-1,0,-0.029],"_humanoidState":5,"_cameraCFrame":[769.662,236.6,27.713,-1,0.01,-0.029,0,0.95,0.314,0.03,0.313,-0.949],"_shiftlockState":false,"_pose":"FreeFall","_animationQueue":[],"_animationSpeed":1,"_zoom":20.656},{"_mousePosition":[702,391],"_rootPartCFrame":[769.994,229.009,47.326,-0.029,0,1,0,1,0,-1,0,-0.029],"_humanoidState":5,"_cameraCFrame":[769.396,236.986,27.721,-1,0.01,-0.029,0,0.95,0.314,0.03,0.313,-0.949],"_shiftlockState":false,"_pose":"FreeFall","_animationQueue":[],"_animationSpeed":1,"_zoom":20.656},{"_mousePosition":[702,391],"_rootPartCFrame":[769.727,229.34,47.335,-0.03,0,1,0,1,0,-1,0,-0.03],"_humanoidState":5,"_cameraCFrame":[769.129,237.318,27.73,-1,0.01,-0.029,0,0.95,0.314,0.03,0.313,-0.949],"_shiftlockState":false,"_pose":"FreeFall","_animationQueue":[],"_animationSpeed":1,"_zoom":20.656},{"_mousePosition":[702,391],"_rootPartCFrame":[769.461,229.617,47.343,-0.03,0,1,0,1,0,-1,0,-0.03],"_humanoidState":5,"_cameraCFrame":[768.863,237.595,27.738,-1,0.01,-0.029,0,0.95,0.314,0.03,0.313,-0.949],"_shiftlockState":false,"_pose":"FreeFall","_animationQueue":[],"_animationSpeed":1,"_zoom":20.656},{"_mousePosition":[702,391],"_rootPartCFrame":[769.194,229.84,47.351,-0.03,0,1,0,1,0,-1,0,-0.03],"_humanoidState":5,"_cameraCFrame":[768.596,237.817,27.746,-1,0.01,-0.029,0,0.95,0.314,0.03,0.313,-0.949],"_shiftlockState":false,"_pose":"FreeFall","_animationQueue":[],"_animationSpeed":1,"_zoom":20.656},{"_mousePosition":[702,391],"_rootPartCFrame":[768.927,230.008,47.359,-0.03,0,1,0,1,0,-1,0,-0.03],"_humanoidState":5,"_cameraCFrame":[768.329,237.985,27.754,-1,0.01,-0.029,0,0.95,0.314,0.03,0.313,-0.949],"_shiftlockState":false,"_pose":"FreeFall","_animationQueue":[],"_animationSpeed":1,"_zoom":20.656},{"_mousePosition":[702,391],"_rootPartCFrame":[768.661,230.122,47.367,-0.03,0,1,0,1,0,-1,0,-0.03],"_humanoidState":5,"_cameraCFrame":[768.063,238.099,27.762,-1,0.01,-0.029,0,0.95,0.314,0.03,0.313,-0.949],"_shiftlockState":false,"_pose":"FreeFall","_animationQueue":[],"_animationSpeed":1,"_zoom":20.656},{"_mousePosition":[702,391],"_rootPartCFrame":[768.394,230.181,47.375,-0.03,0,1,0,1,0,-1,0,-0.03],"_humanoidState":5,"_cameraCFrame":[767.796,238.158,27.77,-1,0.01,-0.029,0,0.95,0.314,0.03,0.313,-0.949],"_shiftlockState":false,"_pose":"FreeFall","_animationQueue":[],"_animationSpeed":1,"_zoom":20.656},{"_mousePosition":[702,391],"_rootPartCFrame":[768.128,230.185,47.383,-0.03,0,1,0,1,0,-1,0,-0.03],"_humanoidState":5,"_cameraCFrame":[767.53,238.162,27.778,-1,0.01,-0.029,0,0.95,0.314,0.03,0.313,-0.949],"_shiftlockState":false,"_pose":"FreeFall","_animationQueue":[["fall",0.3]],"_animationSpeed":1,"_zoom":20.656},{"_mousePosition":[702,391],"_rootPartCFrame":[767.794,230.114,47.394,-0.03,0,1,0,1,0,-1,0,-0.03],"_humanoidState":5,"_cameraCFrame":[767.196,238.091,27.788,-1,0.01,-0.029,0,0.95,0.314,0.03,0.313,-0.949],"_shiftlockState":false,"_pose":"FreeFall","_animationQueue":[],"_animationSpeed":1,"_zoom":20.656},{"_mousePosition":[702,391],"_rootPartCFrame":[767.594,230.031,47.4,-0.03,0,1,0,1,0,-1,0,-0.03],"_humanoidState":5,"_cameraCFrame":[766.996,238.008,27.795,-1,0.01,-0.029,0,0.95,0.314,0.03,0.313,-0.949],"_shiftlockState":false,"_pose":"FreeFall","_animationQueue":[],"_animationSpeed":1,"_zoom":20.656},{"_mousePosition":[702,391],"_rootPartCFrame":[767.328,229.872,47.408,-0.03,0,1,0,1,0,-1,0,-0.03],"_humanoidState":5,"_cameraCFrame":[766.73,237.849,27.803,-1,0.01,-0.029,0,0.95,0.314,0.03,0.313,-0.949],"_shiftlockState":false,"_pose":"FreeFall","_animationQueue":[],"_animationSpeed":1,"_zoom":20.656},{"_mousePosition":[702,391],"_rootPartCFrame":[767.061,229.658,47.416,-0.03,0,1,0,1,0,-1,0,-0.03],"_humanoidState":5,"_cameraCFrame":[766.463,237.635,27.811,-1,0.01,-0.029,0,0.95,0.314,0.03,0.313,-0.949],"_shiftlockState":false,"_pose":"FreeFall","_animationQueue":[],"_animationSpeed":1,"_zoom":20.656},{"_mousePosition":[702,391],"_rootPartCFrame":[766.795,229.39,47.424,-0.03,0,1,0,1,0,-1,0,-0.03],"_humanoidState":5,"_cameraCFrame":[766.197,237.367,27.819,-1,0.01,-0.029,0,0.95,0.314,0.03,0.313,-0.949],"_shiftlockState":false,"_pose":"FreeFall","_animationQueue":[],"_animationSpeed":1,"_zoom":20.656},{"_mousePosition":[702,391],"_rootPartCFrame":[766.528,229.068,47.432,-0.03,0,1,0,1,0,-1,0,-0.03],"_humanoidState":5,"_cameraCFrame":[765.93,237.045,27.827,-1,0.01,-0.029,0,0.95,0.314,0.03,0.313,-0.949],"_shiftlockState":false,"_pose":"FreeFall","_animationQueue":[["fall",0.3]],"_animationSpeed":1,"_zoom":20.656},{"_mousePosition":[702,391],"_rootPartCFrame":[766.261,228.691,47.44,-0.03,0,1,0,1,0,-1,0,-0.03],"_humanoidState":5,"_cameraCFrame":[765.663,236.668,27.835,-1,0.01,-0.029,0,0.95,0.314,0.03,0.313,-0.949],"_shiftlockState":false,"_pose":"FreeFall","_animationQueue":[],"_animationSpeed":1,"_zoom":20.656},{"_mousePosition":[702,391],"_rootPartCFrame":[765.995,228.259,47.448,-0.03,0,1,0,1,0,-1,0,-0.03],"_humanoidState":5,"_cameraCFrame":[765.397,236.236,27.843,-1,0.01,-0.029,0,0.95,0.314,0.03,0.313,-0.949],"_shiftlockState":false,"_pose":"FreeFall","_animationQueue":[],"_animationSpeed":1,"_zoom":20.656},{"_mousePosition":[702,391],"_rootPartCFrame":[765.728,227.773,47.457,-0.03,0,1,0,1,0,-1,0,-0.03],"_humanoidState":5,"_cameraCFrame":[765.13,235.75,27.852,-1,0.01,-0.029,0,0.95,0.314,0.03,0.313,-0.949],"_shiftlockState":false,"_pose":"FreeFall","_animationQueue":[],"_animationSpeed":1,"_zoom":20.656},{"_mousePosition":[702,391],"_rootPartCFrame":[765.462,227.233,47.465,-0.03,0,1,0,1,0,-1,0,-0.03],"_humanoidState":5,"_cameraCFrame":[764.864,235.21,27.86,-1,0.01,-0.029,0,0.95,0.314,0.03,0.313,-0.949],"_shiftlockState":false,"_pose":"FreeFall","_animationQueue":[],"_animationSpeed":1,"_zoom":20.656},{"_mousePosition":[702,391],"_rootPartCFrame":[765.195,226.638,47.473,-0.03,0,1,0,1,0,-1,0,-0.03],"_humanoidState":5,"_cameraCFrame":[764.597,234.615,27.868,-1,0.01,-0.029,0,0.95,0.314,0.03,0.313,-0.949],"_shiftlockState":false,"_pose":"FreeFall","_animationQueue":[],"_animationSpeed":1,"_zoom":20.656},{"_mousePosition":[702,391],"_rootPartCFrame":[764.928,225.988,47.481,-0.03,0,1,0,1,0,-1,0,-0.03],"_humanoidState":5,"_cameraCFrame":[764.33,233.966,27.876,-1,0.01,-0.029,0,0.95,0.314,0.03,0.313,-0.949],"_shiftlockState":false,"_pose":"FreeFall","_animationQueue":[["fall",0.3]],"_animationSpeed":1,"_zoom":20.656},{"_mousePosition":[702,391],"_rootPartCFrame":[764.662,225.284,47.489,-0.03,0,1,0,1,0,-1,0,-0.03],"_humanoidState":5,"_cameraCFrame":[764.064,233.262,27.884,-1,0.01,-0.029,0,0.95,0.314,0.03,0.313,-0.949],"_shiftlockState":false,"_pose":"FreeFall","_animationQueue":[],"_animationSpeed":1,"_zoom":20.656},{"_mousePosition":[702,391],"_rootPartCFrame":[764.328,224.328,47.499,-0.03,0,1,0,1,0,-1,0,-0.03],"_humanoidState":5,"_cameraCFrame":[763.631,232.305,27.897,-0.999,0.011,-0.034,0,0.95,0.314,0.036,0.313,-0.949],"_shiftlockState":false,"_pose":"FreeFall","_animationQueue":[],"_animationSpeed":1,"_zoom":20.656},{"_mousePosition":[702,391],"_rootPartCFrame":[764.129,223.713,47.505,-0.03,0,1,0,1,0,-1,0,-0.03],"_humanoidState":5,"_cameraCFrame":[763.431,231.652,27.891,-0.999,0.011,-0.034,0,0.95,0.312,0.036,0.312,-0.95],"_shiftlockState":false,"_pose":"FreeFall","_animationQueue":[],"_animationSpeed":1,"_zoom":20.656},{"_mousePosition":[702,391],"_rootPartCFrame":[763.862,222.845,47.515,-0.031,0,1,0,1,0,-1,0,-0.031],"_humanoidState":7,"_cameraCFrame":[763.263,230.746,27.885,-1,0.009,-0.029,0,0.951,0.31,0.03,0.31,-0.95],"_shiftlockState":false,"_pose":"FreeFall","_animationQueue":[["walk",0.1],["fall",0.3],["fall",0.3]],"_animationSpeed":1,"_zoom":20.656},{"_mousePosition":[702,391],"_rootPartCFrame":[763.595,222.433,47.524,-0.032,0,1,0,1,0,-1,0,-0.032],"_humanoidState":7,"_cameraCFrame":[763.145,230.295,27.878,-1,0.007,-0.022,0,0.951,0.308,0.023,0.308,-0.951],"_shiftlockState":false,"_pose":"FreeFall","_animationQueue":[],"_animationSpeed":1,"_zoom":20.656},{"_mousePosition":[702,391],"_rootPartCFrame":[763.329,222.503,47.532,-0.032,0,1,0,1,0,-1,0,-0.032],"_humanoidState":8,"_cameraCFrame":[762.978,230.328,27.872,-1,0.005,-0.017,0,0.952,0.306,0.018,0.306,-0.952],"_shiftlockState":false,"_pose":"Running","_animationQueue":[["walk",0.1],["fall",0.3],["walk",0.1]],"_animationSpeed":1.103,"_zoom":20.656},{"_mousePosition":[702,391],"_rootPartCFrame":[763.062,222.586,47.539,-0.031,0,1,0,1,0,-1,0,-0.031],"_humanoidState":8,"_cameraCFrame":[762.811,230.333,27.852,-1,0.004,-0.012,0,0.953,0.302,0.013,0.302,-0.953],"_shiftlockState":false,"_pose":"Running","_animationQueue":[["walk",0.1]],"_animationSpeed":1.103,"_zoom":20.656},{"_mousePosition":[702,391],"_rootPartCFrame":[762.796,222.637,47.544,-0.029,0,1,0,1,0,-1,0,-0.029],"_humanoidState":8,"_cameraCFrame":[762.544,230.384,27.857,-1,0.004,-0.012,0,0.953,0.302,0.013,0.302,-0.953],"_shiftlockState":false,"_pose":"Running","_animationQueue":[],"_animationSpeed":1.103,"_zoom":20.656},{"_mousePosition":[702,391],"_rootPartCFrame":[762.462,222.67,47.548,-0.027,0,1,0,1,0,-1,0,-0.027],"_humanoidState":8,"_cameraCFrame":[762.211,230.417,27.861,-1,0.004,-0.012,0,0.953,0.302,0.013,0.302,-0.953],"_shiftlockState":false,"_pose":"Running","_animationQueue":[],"_animationSpeed":1.103,"_zoom":20.656},{"_mousePosition":[702,391],"_rootPartCFrame":[762.262,222.681,47.551,-0.025,0,1,0,1,0,-1,0,-0.025],"_humanoidState":8,"_cameraCFrame":[762.011,230.428,27.864,-1,0.004,-0.012,0,0.953,0.302,0.013,0.302,-0.953],"_shiftlockState":false,"_pose":"Running","_animationQueue":[],"_animationSpeed":1.103,"_zoom":20.656},{"_mousePosition":[702,391],"_rootPartCFrame":[761.996,222.689,47.554,-0.023,0,1,0,1,0,-1,0,-0.023],"_humanoidState":8,"_cameraCFrame":[761.744,230.437,27.867,-1,0.004,-0.012,0,0.953,0.302,0.013,0.302,-0.953],"_shiftlockState":false,"_pose":"Running","_animationQueue":[],"_animationSpeed":1.103,"_zoom":20.656},{"_mousePosition":[702,391],"_rootPartCFrame":[761.729,222.694,47.558,-0.022,0,1,0,1,0,-1,0,-0.022],"_humanoidState":8,"_cameraCFrame":[759.728,230.442,27.893,-1,0.004,-0.012,0,0.953,0.302,0.013,0.302,-0.953],"_shiftlockState":true,"_pose":"Running","_animationQueue":[],"_animationSpeed":1.103,"_zoom":20.656},{"_mousePosition":[683,384],"_rootPartCFrame":[761.463,222.697,47.561,-0.996,0,-0.084,0,1,0,0.084,0,-0.996],"_humanoidState":8,"_cameraCFrame":[759.461,230.444,27.896,-1,0.004,-0.012,0,0.953,0.302,0.013,0.302,-0.953],"_shiftlockState":true,"_pose":"Running","_animationQueue":[["walk",0.1]],"_animationSpeed":1.103,"_zoom":20.656},{"_mousePosition":[683,384],"_rootPartCFrame":[761.196,222.698,47.564,-0.999,0,-0.041,0,1,0,0.041,0,-0.999],"_humanoidState":8,"_cameraCFrame":[759.194,230.445,27.9,-1,0.004,-0.012,0,0.953,0.302,0.013,0.302,-0.953],"_shiftlockState":true,"_pose":"Running","_animationQueue":[],"_animationSpeed":1.103,"_zoom":20.656},{"_mousePosition":[683,384],"_rootPartCFrame":[760.929,222.699,47.568,-1,0,-0.016,0,1,0,0.016,0,-1],"_humanoidState":8,"_cameraCFrame":[758.928,230.446,27.903,-1,0.004,-0.012,0,0.953,0.302,0.013,0.302,-0.953],"_shiftlockState":true,"_pose":"Running","_animationQueue":[],"_animationSpeed":1.103,"_zoom":20.656},{"_mousePosition":[683,384],"_rootPartCFrame":[760.663,222.699,47.571,-1,0,-0.013,0,1,0,0.013,0,-1],"_humanoidState":8,"_cameraCFrame":[758.661,230.447,27.907,-1,0.004,-0.012,0,0.953,0.302,0.013,0.302,-0.953],"_shiftlockState":true,"_pose":"Running","_animationQueue":[],"_animationSpeed":1.103,"_zoom":20.656},{"_mousePosition":[683,384],"_rootPartCFrame":[760.329,222.699,47.576,-1,0,-0.013,0,1,0,0.013,0,-1],"_humanoidState":8,"_cameraCFrame":[758.328,230.447,27.911,-1,0.004,-0.012,0,0.953,0.302,0.013,0.302,-0.953],"_shiftlockState":true,"_pose":"Running","_animationQueue":[],"_animationSpeed":1.103,"_zoom":20.656},{"_mousePosition":[683,384],"_rootPartCFrame":[760.13,222.7,47.578,-1,0,-0.013,0,1,0,0.013,0,-1],"_humanoidState":8,"_cameraCFrame":[758.128,230.447,27.913,-1,0.004,-0.012,0,0.953,0.302,0.013,0.302,-0.953],"_shiftlockState":true,"_pose":"Running","_animationQueue":[],"_animationSpeed":1.103,"_zoom":20.656},{"_mousePosition":[683,384],"_rootPartCFrame":[759.863,222.7,47.581,-1,0,-0.013,0,1,0,0.013,0,-1],"_humanoidState":8,"_cameraCFrame":[757.861,230.447,27.917,-1,0.004,-0.012,0,0.953,0.302,0.013,0.302,-0.953],"_shiftlockState":true,"_pose":"Running","_animationQueue":[],"_animationSpeed":1.103,"_zoom":20.656},{"_mousePosition":[683,384],"_rootPartCFrame":[759.596,222.7,47.585,-1,0,-0.013,0,1,0,0.013,0,-1],"_humanoidState":8,"_cameraCFrame":[757.595,230.447,27.92,-1,0.004,-0.012,0,0.953,0.302,0.013,0.302,-0.953],"_shiftlockState":true,"_pose":"Running","_animationQueue":[["walk",0.1]],"_animationSpeed":1.103,"_zoom":20.656},{"_mousePosition":[683,384],"_rootPartCFrame":[759.263,222.649,47.589,-1,0,-0.013,0,1,0,0.013,0,-1],"_humanoidState":8,"_cameraCFrame":[757.262,230.396,27.925,-1,0.004,-0.012,0,0.953,0.302,0.013,0.302,-0.953],"_shiftlockState":true,"_pose":"Running","_animationQueue":[],"_animationSpeed":1.103,"_zoom":20.656},{"_mousePosition":[683,384],"_rootPartCFrame":[759.063,222.577,47.592,-1,0,-0.013,0,1,0,0.013,0,-1],"_humanoidState":8,"_cameraCFrame":[757.062,230.325,27.927,-1,0.004,-0.012,0,0.953,0.302,0.013,0.302,-0.953],"_shiftlockState":true,"_pose":"Running","_animationQueue":[],"_animationSpeed":1.103,"_zoom":20.656},{"_mousePosition":[683,384],"_rootPartCFrame":[758.797,222.434,47.595,-1,0,-0.013,0,1,0,0.013,0,-1],"_humanoidState":8,"_cameraCFrame":[756.795,230.181,27.93,-1,0.004,-0.012,0,0.953,0.302,0.013,0.302,-0.953],"_shiftlockState":true,"_pose":"Running","_animationQueue":[],"_animationSpeed":1.103,"_zoom":20.656},{"_mousePosition":[683,384],"_rootPartCFrame":[758.53,222.237,47.598,-1,0,-0.013,0,1,0,0.013,0,-1],"_humanoidState":8,"_cameraCFrame":[756.528,229.984,27.934,-1,0.004,-0.012,0,0.953,0.302,0.013,0.302,-0.953],"_shiftlockState":true,"_pose":"Running","_animationQueue":[],"_animationSpeed":1.103,"_zoom":20.656},{"_mousePosition":[683,384],"_rootPartCFrame":[758.263,221.984,47.602,-1,0,-0.013,0,1,0,0.013,0,-1],"_humanoidState":8,"_cameraCFrame":[756.262,229.732,27.937,-1,0.004,-0.012,0,0.953,0.302,0.013,0.302,-0.953],"_shiftlockState":true,"_pose":"Running","_animationQueue":[],"_animationSpeed":1.103,"_zoom":20.656},{"_mousePosition":[683,384],"_rootPartCFrame":[757.93,221.593,47.606,-1,0,-0.013,0,1,0,0.013,0,-1],"_humanoidState":8,"_cameraCFrame":[755.929,229.34,27.942,-1,0.004,-0.012,0,0.953,0.302,0.013,0.302,-0.953],"_shiftlockState":true,"_pose":"Running","_animationQueue":[["walk",0.1]],"_animationSpeed":1.103,"_zoom":20.656},{"_mousePosition":[683,384],"_rootPartCFrame":[757.73,221.317,47.609,-0.999,0,0.05,0,1,0,-0.05,0,-0.999],"_humanoidState":5,"_cameraCFrame":[755.729,229.064,27.944,-1,0.004,-0.012,0,0.953,0.302,0.013,0.302,-0.953],"_shiftlockState":true,"_pose":"FreeFall","_animationQueue":[["walk",0.1],["fall",0.3]],"_animationSpeed":1,"_zoom":20.656},{"_mousePosition":[683,384],"_rootPartCFrame":[757.397,220.789,47.613,-0.989,0,0.145,0,1,0,-0.145,0,-0.989],"_humanoidState":5,"_cameraCFrame":[755.395,228.536,27.948,-1,0.004,-0.012,0,0.953,0.302,0.013,0.302,-0.953],"_shiftlockState":true,"_pose":"FreeFall","_animationQueue":[],"_animationSpeed":1,"_zoom":20.656},{"_mousePosition":[683,384],"_rootPartCFrame":[757.291,220.739,47.648,-0.996,0.062,0.066,0.062,0.998,-0.004,-0.067,0,-0.998],"_humanoidState":5,"_cameraCFrame":[755.382,228.483,27.984,-1,0.004,-0.012,0,0.953,0.302,0.013,0.302,-0.953],"_shiftlockState":true,"_pose":"FreeFall","_animationQueue":[],"_animationSpeed":1,"_zoom":20.656},{"_mousePosition":[683,384],"_rootPartCFrame":[757.148,220.791,47.706,-0.993,0.05,0.111,0.049,0.999,-0.008,-0.111,-0.002,-0.994],"_humanoidState":5,"_cameraCFrame":[755.221,228.537,28.038,-1,0.004,-0.012,0,0.953,0.302,0.013,0.302,-0.953],"_shiftlockState":true,"_pose":"FreeFall","_animationQueue":[],"_animationSpeed":1,"_zoom":20.656},{"_mousePosition":[683,384],"_rootPartCFrame":[756.962,220.79,47.75,-0.993,0.016,0.119,0.015,1,-0.006,-0.119,-0.004,-0.993],"_humanoidState":5,"_cameraCFrame":[754.985,228.537,28.079,-1,0.004,-0.012,0,0.953,0.302,0.013,0.302,-0.953],"_shiftlockState":true,"_pose":"FreeFall","_animationQueue":[],"_animationSpeed":1,"_zoom":20.656},{"_mousePosition":[683,384],"_rootPartCFrame":[756.707,221.367,47.758,-1,-0.008,0.022,-0.008,1,0.001,-0.022,0.001,-1],"_humanoidState":7,"_cameraCFrame":[754.693,229.115,28.095,-1,0.004,-0.012,0,0.953,0.302,0.013,0.302,-0.953],"_shiftlockState":true,"_pose":"FreeFall","_animationQueue":[["walk",0.1],["fall",0.3],["fall",0.3]],"_animationSpeed":1,"_zoom":20.656},{"_mousePosition":[683,384],"_rootPartCFrame":[756.443,221.928,47.761,-1,-0.007,-0.01,-0.007,1,0.002,0.01,0.002,-1],"_humanoidState":7,"_cameraCFrame":[754.431,229.675,28.1,-1,0.004,-0.012,0,0.953,0.302,0.013,0.302,-0.953],"_shiftlockState":true,"_pose":"FreeFall","_animationQueue":[["fall",0.3]],"_animationSpeed":1,"_zoom":20.656},{"_mousePosition":[683,384],"_rootPartCFrame":[756.176,222.27,47.764,-1,-0.001,-0.013,-0.001,1,0.001,0.013,0.001,-1],"_humanoidState":8,"_cameraCFrame":[754.174,230.017,28.101,-1,0.004,-0.012,0,0.953,0.302,0.013,0.302,-0.953],"_shiftlockState":true,"_pose":"Running","_animationQueue":[["walk",0.1],["fall",0.3],["walk",0.1]],"_animationSpeed":1.095,"_zoom":20.656},{"_mousePosition":[683,384],"_rootPartCFrame":[755.909,222.468,47.768,-1,0.001,-0.013,0.001,1,0,0.013,0,-1],"_humanoidState":8,"_cameraCFrame":[753.909,230.215,28.103,-1,0.004,-0.012,0,0.953,0.302,0.013,0.302,-0.953],"_shiftlockState":true,"_pose":"Running","_animationQueue":[],"_animationSpeed":1.095,"_zoom":20.656},{"_mousePosition":[683,384],"_rootPartCFrame":[755.642,222.574,47.771,-1,0,-0.013,0,1,0,0.013,0,-1],"_humanoidState":8,"_cameraCFrame":[753.641,230.321,28.107,-1,0.004,-0.012,0,0.953,0.302,0.013,0.302,-0.953],"_shiftlockState":true,"_pose":"Running","_animationQueue":[],"_animationSpeed":1.095,"_zoom":20.656},{"_mousePosition":[683,384],"_rootPartCFrame":[755.375,222.631,47.775,-1,0,-0.013,0,1,0,0.013,0,-1],"_humanoidState":8,"_cameraCFrame":[753.374,230.379,28.11,-1,0.004,-0.012,0,0.953,0.302,0.013,0.302,-0.953],"_shiftlockState":true,"_pose":"Running","_animationQueue":[],"_animationSpeed":1.095,"_zoom":20.656},{"_mousePosition":[683,384],"_rootPartCFrame":[755.109,222.662,47.778,-1,0,-0.013,0,1,0,0.013,0,-1],"_humanoidState":8,"_cameraCFrame":[753.157,230.41,28.109,-1,0.003,-0.01,0,0.953,0.302,0.01,0.302,-0.953],"_shiftlockState":true,"_pose":"Running","_animationQueue":[],"_animationSpeed":1.095,"_zoom":20.656},{"_mousePosition":[683,384],"_rootPartCFrame":[754.776,222.682,47.782,-1,0,-0.01,0,1,0,0.01,0,-1],"_humanoidState":8,"_cameraCFrame":[752.874,230.43,28.108,-1,0.002,-0.007,0,0.953,0.302,0.008,0.302,-0.953],"_shiftlockState":true,"_pose":"Running","_animationQueue":[["walk",0.1]],"_animationSpeed":1.095,"_zoom":20.656},{"_mousePosition":[683,384],"_rootPartCFrame":[754.576,222.689,47.785,-1,0,-0.008,0,1,0,0.008,0,-1],"_humanoidState":8,"_cameraCFrame":[752.773,230.398,28.089,-1,0.001,-0.003,0,0.954,0.301,0.003,0.301,-0.954],"_shiftlockState":true,"_pose":"Running","_animationQueue":[],"_animationSpeed":1.095,"_zoom":20.656},{"_mousePosition":[683,384],"_rootPartCFrame":[754.242,222.695,47.787,-1,0,-0.003,0,1,0,0.003,0,-1],"_humanoidState":8,"_cameraCFrame":[752.54,230.404,28.082,-1,-0.001,0.002,0,0.954,0.301,-0.002,0.301,-0.954],"_shiftlockState":true,"_pose":"Running","_animationQueue":[],"_animationSpeed":1.095,"_zoom":20.656},{"_mousePosition":[683,384],"_rootPartCFrame":[753.976,222.697,47.788,-1,0,0.002,0,1,0,-0.002,0,-1],"_humanoidState":8,"_cameraCFrame":[752.423,230.406,28.071,-1,-0.003,0.01,0,0.954,0.301,-0.01,0.301,-0.954],"_shiftlockState":true,"_pose":"Running","_animationQueue":[],"_animationSpeed":1.095,"_zoom":20.656},{"_mousePosition":[683,384],"_rootPartCFrame":[753.776,222.698,47.788,-1,0,0.01,0,1,0,-0.01,0,-1],"_humanoidState":8,"_cameraCFrame":[752.323,230.369,28.051,-1,-0.004,0.014,0,0.954,0.299,-0.015,0.299,-0.954],"_shiftlockState":true,"_pose":"Running","_animationQueue":[],"_animationSpeed":1.095,"_zoom":20.656},{"_mousePosition":[683,384],"_rootPartCFrame":[753.443,222.699,47.785,-1,0,0.015,0,1,0,-0.015,0,-1],"_humanoidState":8,"_cameraCFrame":[752.09,230.37,28.041,-1,-0.006,0.019,0,0.954,0.299,-0.02,0.299,-0.954],"_shiftlockState":true,"_pose":"Running","_animationQueue":[],"_animationSpeed":1.095,"_zoom":20.656},{"_mousePosition":[683,384],"_rootPartCFrame":[753.176,222.699,47.781,-1,0,0.02,0,1,0,-0.02,0,-1],"_humanoidState":8,"_cameraCFrame":[751.923,230.37,28.03,-1,-0.008,0.024,0,0.954,0.299,-0.025,0.299,-0.954],"_shiftlockState":true,"_pose":"Running","_animationQueue":[],"_animationSpeed":1.095,"_zoom":20.656},{"_mousePosition":[683,384],"_rootPartCFrame":[752.976,222.699,47.777,-1,0,0.025,0,1,0,-0.025,0,-1],"_humanoidState":8,"_cameraCFrame":[751.773,230.332,28.011,-1,-0.008,0.026,0,0.955,0.297,-0.028,0.297,-0.955],"_shiftlockState":true,"_pose":"Running","_animationQueue":[["walk",0.1]],"_animationSpeed":1.095,"_zoom":20.656},{"_mousePosition":[683,384],"_rootPartCFrame":[752.709,222.7,47.771,-1,0,0.028,0,1,0,-0.028,0,-1],"_humanoidState":8,"_cameraCFrame":[751.507,230.332,28.005,-1,-0.008,0.026,0,0.955,0.297,-0.028,0.297,-0.955],"_shiftlockState":true,"_pose":"Running","_animationQueue":[],"_animationSpeed":1.095,"_zoom":20.656},{"_mousePosition":[683,384],"_rootPartCFrame":[752.443,222.7,47.763,-1,0,0.028,0,1,0,-0.028,0,-1],"_humanoidState":8,"_cameraCFrame":[751.24,230.332,27.998,-1,-0.008,0.026,0,0.955,0.297,-0.028,0.297,-0.955],"_shiftlockState":true,"_pose":"Running","_animationQueue":[],"_animationSpeed":1.095,"_zoom":20.656},{"_mousePosition":[683,384],"_rootPartCFrame":[752.176,222.7,47.756,-1,0,0.028,0,1,0,-0.028,0,-1],"_humanoidState":8,"_cameraCFrame":[750.973,230.332,27.99,-1,-0.008,0.026,0,0.955,0.297,-0.028,0.297,-0.955],"_shiftlockState":true,"_pose":"Running","_animationQueue":[],"_animationSpeed":1.095,"_zoom":20.656},{"_mousePosition":[683,384],"_rootPartCFrame":[751.91,222.7,47.749,-1,0,0.028,0,1,0,-0.028,0,-1],"_humanoidState":8,"_cameraCFrame":[750.707,230.332,27.983,-1,-0.008,0.026,0,0.955,0.297,-0.028,0.297,-0.955],"_shiftlockState":true,"_pose":"Running","_animationQueue":[],"_animationSpeed":1.095,"_zoom":20.656},{"_mousePosition":[683,384],"_rootPartCFrame":[751.51,222.7,47.737,-1,0,0.028,0,1,0,-0.028,0,-1],"_humanoidState":8,"_cameraCFrame":[750.307,230.332,27.972,-1,-0.008,0.026,0,0.955,0.297,-0.028,0.297,-0.955],"_shiftlockState":true,"_pose":"Running","_animationQueue":[],"_animationSpeed":1.095,"_zoom":20.656},{"_mousePosition":[683,384],"_rootPartCFrame":[751.376,222.7,47.734,-1,0,0.028,0,1,0,-0.028,0,-1],"_humanoidState":8,"_cameraCFrame":[750.174,230.332,27.968,-1,-0.008,0.026,0,0.955,0.297,-0.028,0.297,-0.955],"_shiftlockState":true,"_pose":"Running","_animationQueue":[],"_animationSpeed":1.095,"_zoom":20.656},{"_mousePosition":[683,384],"_rootPartCFrame":[750.977,222.7,47.723,-1,0,0.028,0,1,0,-0.028,0,-1],"_humanoidState":8,"_cameraCFrame":[749.774,230.332,27.957,-1,-0.008,0.026,0,0.955,0.297,-0.028,0.297,-0.955],"_shiftlockState":true,"_pose":"Running","_animationQueue":[["walk",0.1]],"_animationSpeed":1.095,"_zoom":20.656},{"_mousePosition":[683,384],"_rootPartCFrame":[750.843,222.7,47.719,-1,0,0.028,0,1,0,-0.028,0,-1],"_humanoidState":8,"_cameraCFrame":[749.64,230.332,27.953,-1,-0.008,0.026,0,0.955,0.297,-0.028,0.297,-0.955],"_shiftlockState":true,"_pose":"Running","_animationQueue":[],"_animationSpeed":1.095,"_zoom":20.656},{"_mousePosition":[683,384],"_rootPartCFrame":[750.577,222.7,47.712,-1,0,0.028,0,1,0,-0.028,0,-1],"_humanoidState":8,"_cameraCFrame":[749.374,230.332,27.946,-1,-0.008,0.026,0,0.955,0.297,-0.028,0.297,-0.955],"_shiftlockState":true,"_pose":"Running","_animationQueue":[],"_animationSpeed":1.095,"_zoom":20.656},{"_mousePosition":[683,384],"_rootPartCFrame":[750.31,222.666,47.704,-1,0,0.028,0,1,0,-0.028,0,-1],"_humanoidState":8,"_cameraCFrame":[749.107,230.298,27.939,-1,-0.008,0.026,0,0.955,0.297,-0.028,0.297,-0.955],"_shiftlockState":true,"_pose":"Running","_animationQueue":[],"_animationSpeed":1.095,"_zoom":20.656},{"_mousePosition":[683,384],"_rootPartCFrame":[749.977,222.546,47.695,-1,0,0.028,0,1,0,-0.028,0,-1],"_humanoidState":8,"_cameraCFrame":[748.774,230.179,27.929,-1,-0.008,0.026,0,0.955,0.297,-0.028,0.297,-0.955],"_shiftlockState":true,"_pose":"Running","_animationQueue":[],"_animationSpeed":1.095,"_zoom":20.656},{"_mousePosition":[683,384],"_rootPartCFrame":[749.777,222.434,47.689,-1,0,0.028,0,1,0,-0.028,0,-1],"_humanoidState":8,"_cameraCFrame":[748.574,230.066,27.924,-1,-0.008,0.026,0,0.955,0.297,-0.028,0.297,-0.955],"_shiftlockState":true,"_pose":"Running","_animationQueue":[],"_animationSpeed":1.095,"_zoom":20.656},{"_mousePosition":[683,384],"_rootPartCFrame":[749.51,222.236,47.682,-1,0,0.028,0,1,0,-0.028,0,-1],"_humanoidState":8,"_cameraCFrame":[748.307,229.907,27.928,-1,-0.008,0.026,0,0.954,0.299,-0.028,0.299,-0.954],"_shiftlockState":true,"_pose":"Running","_animationQueue":[],"_animationSpeed":1.095,"_zoom":20.656},{"_mousePosition":[683,384],"_rootPartCFrame":[749.177,221.913,47.673,-1,0,0.028,0,1,0,-0.028,0,-1],"_humanoidState":8,"_cameraCFrame":[747.974,229.584,27.919,-1,-0.008,0.026,0,0.954,0.299,-0.028,0.299,-0.954],"_shiftlockState":true,"_pose":"Running","_animationQueue":[["walk",0.1]],"_animationSpeed":1.095,"_zoom":20.656},{"_mousePosition":[683,384],"_rootPartCFrame":[748.977,222.019,47.667,-1,0,0.028,0,1,0,-0.028,0,-1],"_humanoidState":8,"_cameraCFrame":[747.724,229.689,27.917,-1,-0.008,0.024,0,0.954,0.299,-0.025,0.299,-0.954],"_shiftlockState":true,"_pose":"Running","_animationQueue":[],"_animationSpeed":1.095,"_zoom":20.656},{"_mousePosition":[683,384],"_rootPartCFrame":[748.644,222.337,47.658,-1,0,0.025,0,1,0,-0.025,0,-1],"_humanoidState":8,"_cameraCFrame":[747.39,230.046,27.92,-1,-0.008,0.024,0,0.954,0.301,-0.025,0.3,-0.953],"_shiftlockState":true,"_pose":"Running","_animationQueue":[],"_animationSpeed":1.095,"_zoom":20.656},{"_mousePosition":[683,384],"_rootPartCFrame":[748.444,222.465,47.653,-1,0,0.025,0,1,0,-0.025,0,-1],"_humanoidState":8,"_cameraCFrame":[747.14,230.174,27.918,-1,-0.007,0.022,0,0.954,0.301,-0.023,0.301,-0.954],"_shiftlockState":true,"_pose":"Running","_animationQueue":[],"_animationSpeed":1.095,"_zoom":20.656},{"_mousePosition":[683,384],"_rootPartCFrame":[748.177,222.571,47.646,-1,0,0.023,0,1,0,-0.023,0,-1],"_humanoidState":8,"_cameraCFrame":[746.874,230.28,27.911,-1,-0.007,0.022,0,0.954,0.301,-0.023,0.301,-0.954],"_shiftlockState":true,"_pose":"Running","_animationQueue":[],"_animationSpeed":1.095,"_zoom":20.656},{"_mousePosition":[683,384],"_rootPartCFrame":[747.911,222.629,47.64,-1,0,0.023,0,1,0,-0.023,0,-1],"_humanoidState":8,"_cameraCFrame":[746.607,230.338,27.905,-1,-0.007,0.022,0,0.954,0.301,-0.023,0.301,-0.954],"_shiftlockState":true,"_pose":"Running","_animationQueue":[],"_animationSpeed":1.095,"_zoom":20.656},{"_mousePosition":[683,384],"_rootPartCFrame":[747.644,222.661,47.634,-1,0,0.023,0,1,0,-0.023,0,-1],"_humanoidState":8,"_cameraCFrame":[746.341,230.37,27.899,-1,-0.007,0.022,0,0.954,0.301,-0.023,0.301,-0.954],"_shiftlockState":true,"_pose":"Running","_animationQueue":[],"_animationSpeed":1.095,"_zoom":20.656},{"_mousePosition":[683,384],"_rootPartCFrame":[747.377,222.679,47.628,-1,0,0.023,0,1,0,-0.023,0,-1],"_humanoidState":8,"_cameraCFrame":[746.074,230.388,27.893,-1,-0.007,0.022,0,0.954,0.301,-0.023,0.301,-0.954],"_shiftlockState":true,"_pose":"Running","_animationQueue":[["walk",0.1]],"_animationSpeed":1.095,"_zoom":20.656},{"_mousePosition":[683,384],"_rootPartCFrame":[747.111,222.688,47.622,-1,0,0.023,0,1,0,-0.023,0,-1],"_humanoidState":8,"_cameraCFrame":[745.807,230.397,27.887,-1,-0.007,0.022,0,0.954,0.301,-0.023,0.301,-0.954],"_shiftlockState":true,"_pose":"Running","_animationQueue":[],"_animationSpeed":1.095,"_zoom":20.656},{"_mousePosition":[683,384],"_rootPartCFrame":[746.844,222.694,47.616,-1,0,0.023,0,1,0,-0.023,0,-1],"_humanoidState":8,"_cameraCFrame":[745.541,230.403,27.881,-1,-0.007,0.022,0,0.954,0.301,-0.023,0.301,-0.954],"_shiftlockState":true,"_pose":"Running","_animationQueue":[],"_animationSpeed":1.095,"_zoom":20.656},{"_mousePosition":[683,384],"_rootPartCFrame":[746.578,222.696,47.61,-1,0,0.023,0,1,0,-0.023,0,-1],"_humanoidState":8,"_cameraCFrame":[745.274,230.405,27.875,-1,-0.007,0.022,0,0.954,0.301,-0.023,0.301,-0.954],"_shiftlockState":true,"_pose":"Running","_animationQueue":[],"_animationSpeed":1.095,"_zoom":20.656},{"_mousePosition":[683,384],"_rootPartCFrame":[746.311,222.698,47.604,-1,0,0.023,0,1,0,-0.023,0,-1],"_humanoidState":8,"_cameraCFrame":[745.007,230.445,27.881,-1,-0.007,0.022,0,0.953,0.302,-0.023,0.302,-0.953],"_shiftlockState":true,"_pose":"Running","_animationQueue":[],"_animationSpeed":1.095,"_zoom":20.656},{"_mousePosition":[683,384],"_rootPartCFrame":[745.911,222.699,47.595,-1,0,0.023,0,1,0,-0.023,0,-1],"_humanoidState":8,"_cameraCFrame":[744.607,230.485,27.884,-1,-0.007,0.022,0,0.953,0.304,-0.023,0.304,-0.952],"_shiftlockState":true,"_pose":"Running","_animationQueue":[],"_animationSpeed":1.095,"_zoom":20.656},{"_mousePosition":[683,384],"_rootPartCFrame":[745.711,222.699,47.59,-1,0,0.023,0,1,0,-0.023,0,-1],"_humanoidState":8,"_cameraCFrame":[744.357,230.485,27.883,-1,-0.006,0.019,0,0.953,0.304,-0.02,0.304,-0.952],"_shiftlockState":true,"_pose":"Running","_animationQueue":[],"_animationSpeed":1.095,"_zoom":20.656},{"_mousePosition":[683,384],"_rootPartCFrame":[745.445,222.699,47.584,-1,0,0.02,0,1,0,-0.02,0,-1],"_humanoidState":8,"_cameraCFrame":[744.04,230.562,27.905,-1,-0.005,0.017,0,0.951,0.308,-0.018,0.308,-0.951],"_shiftlockState":true,"_pose":"Running","_animationQueue":[["walk",0.1]],"_animationSpeed":1.095,"_zoom":20.656},{"_mousePosition":[683,384],"_rootPartCFrame":[745.111,222.7,47.577,-1,0,0.018,0,1,0,-0.018,0,-1],"_humanoidState":8,"_cameraCFrame":[743.707,230.562,27.898,-1,-0.005,0.017,0,0.951,0.308,-0.018,0.308,-0.951],"_shiftlockState":true,"_pose":"Running","_animationQueue":[],"_animationSpeed":1.095,"_zoom":20.656},{"_mousePosition":[683,384],"_rootPartCFrame":[744.911,222.7,47.574,-1,0,0.018,0,1,0,-0.018,0,-1],"_humanoidState":8,"_cameraCFrame":[743.457,230.6,27.91,-1,-0.005,0.014,0,0.951,0.31,-0.015,0.31,-0.951],"_shiftlockState":true,"_pose":"Running","_animationQueue":[],"_animationSpeed":1.095,"_zoom":20.656},{"_mousePosition":[683,384],"_rootPartCFrame":[744.645,222.7,47.569,-1,0,0.015,0,1,0,-0.015,0,-1],"_humanoidState":8,"_cameraCFrame":[743.141,230.639,27.922,-1,-0.004,0.012,0,0.95,0.312,-0.013,0.312,-0.95],"_shiftlockState":true,"_pose":"Running","_animationQueue":[],"_animationSpeed":1.095,"_zoom":20.656},{"_mousePosition":[683,384],"_rootPartCFrame":[744.311,222.7,47.564,-1,0,0.013,0,1,0,-0.013,0,-1],"_humanoidState":8,"_cameraCFrame":[742.807,230.677,27.929,-1,-0.004,0.012,0,0.95,0.314,-0.013,0.314,-0.949],"_shiftlockState":true,"_pose":"Running","_animationQueue":[],"_animationSpeed":1.095,"_zoom":20.656},{"_mousePosition":[683,384],"_rootPartCFrame":[744.112,222.7,47.561,-1,0,0.013,0,1,0,-0.013,0,-1],"_humanoidState":8,"_cameraCFrame":[742.607,230.677,27.927,-1,-0.004,0.012,0,0.95,0.314,-0.013,0.314,-0.949],"_shiftlockState":true,"_pose":"Running","_animationQueue":[],"_animationSpeed":1.095,"_zoom":20.656},{"_mousePosition":[683,384],"_rootPartCFrame":[743.845,222.7,47.558,-1,0,0.013,0,1,0,-0.013,0,-1],"_humanoidState":8,"_cameraCFrame":[742.341,230.677,27.923,-1,-0.004,0.012,0,0.95,0.314,-0.013,0.314,-0.949],"_shiftlockState":true,"_pose":"Running","_animationQueue":[],"_animationSpeed":1.095,"_zoom":20.656},{"_mousePosition":[683,384],"_rootPartCFrame":[743.512,222.7,47.554,-1,0,0.013,0,1,0,-0.013,0,-1],"_humanoidState":8,"_cameraCFrame":[741.958,230.715,27.936,-1,-0.003,0.009,0,0.949,0.315,-0.01,0.315,-0.949],"_shiftlockState":true,"_pose":"Running","_animationQueue":[["walk",0.1]],"_animationSpeed":1.095,"_zoom":20.656},{"_mousePosition":[683,384],"_rootPartCFrame":[743.312,222.7,47.551,-1,0,0.01,0,1,0,-0.01,0,-1],"_humanoidState":8,"_cameraCFrame":[741.758,230.715,27.933,-1,-0.003,0.009,0,0.949,0.315,-0.01,0.315,-0.949],"_shiftlockState":true,"_pose":"Running","_animationQueue":[],"_animationSpeed":1.095,"_zoom":20.656},{"_mousePosition":[683,384],"_rootPartCFrame":[743.045,222.7,47.549,-1,0,0.01,0,1,0,-0.01,0,-1],"_humanoidState":8,"_cameraCFrame":[741.441,230.753,27.947,-1,-0.002,0.007,0,0.948,0.317,-0.007,0.317,-0.948],"_shiftlockState":true,"_pose":"Running","_animationQueue":[],"_animationSpeed":1.095,"_zoom":20.656},{"_mousePosition":[683,384],"_rootPartCFrame":[742.779,222.7,47.546,-1,0,0.007,0,1,0,-0.007,0,-1],"_humanoidState":8,"_cameraCFrame":[741.125,230.83,27.974,-1,-0.002,0.005,0,0.947,0.321,-0.005,0.321,-0.947],"_shiftlockState":true,"_pose":"Running","_animationQueue":[],"_animationSpeed":1.095,"_zoom":20.656},{"_mousePosition":[683,384],"_rootPartCFrame":[742.512,222.7,47.544,-1,0,0.005,0,1,0,-0.005,0,-1],"_humanoidState":8,"_cameraCFrame":[740.859,230.83,27.972,-1,-0.002,0.005,0,0.947,0.321,-0.005,0.321,-0.947],"_shiftlockState":true,"_pose":"Running","_animationQueue":[],"_animationS