[{"_mousePosition":[640,365],"_rootPartCFrame":[776.029,222.7,47.142,0.002,0,1,0,1,0,-1,0,0.002],"_humanoidState":8,"_cameraCFrame":[784.409,242.895,49.773,0.3,-0.864,0.406,0,0.425,0.905,-0.954,-0.271,0.127],"_shiftlockState":false,"_pose":"Standing","_animationQueue":[],"_animationSpeed":1,"_zoom":20.656},{"_mousePosition":[640,365],"_rootPartCFrame":[775.739,222.7,47.052,0.051,0,0.999,0,1,0,-0.999,0,0.051],"_humanoidState":8,"_cameraCFrame":[783.7,243.096,49.551,0.3,-0.873,0.385,0,0.404,0.915,-0.954,-0.274,0.121],"_shiftlockState":false,"_pose":"Standing","_animationQueue":[],"_animationSpeed":1,"_zoom":20.656},{"_mousePosition":[640,365],"_rootPartCFrame":[775.612,222.7,47.012,0.069,0,0.998,0,1,0,-0.998,0,0.069],"_humanoidState":8,"_cameraCFrame":[783.255,243.239,49.411,0.3,-0.879,0.37,0,0.388,0.922,-0.954,-0.276,0.116],"_shiftlockState":false,"_pose":"Running","_animationQueue":[["walk",0.1]],"_animationSpeed":1.089,"_zoom":20.656},{"_mousePosition":[640,365],"_rootPartCFrame":[775.358,222.7,46.932,0.1,0,0.995,0,1,0,-0.995,0,0.1],"_humanoidState":8,"_cameraCFrame":[782.753,243.346,49.253,0.3,-0.884,0.358,0,0.375,0.927,-0.954,-0.278,0.112],"_shiftlockState":false,"_pose":"Running","_animationQueue":[],"_animationSpeed":1.089,"_zoom":20.656},{"_mousePosition":[640,365],"_rootPartCFrame":[775.103,222.7,46.852,0.128,0,0.992,0,1,0,-0.992,0,0.128],"_humanoidState":8,"_cameraCFrame":[782.32,243.421,49.117,0.3,-0.888,0.349,0,0.366,0.931,-0.954,-0.279,0.11],"_shiftlockState":false,"_pose":"Running","_animationQueue":[],"_animationSpeed":1.089,"_zoom":20.656},{"_mousePosition":[640,365],"_rootPartCFrame":[774.849,222.7,46.772,0.151,0,0.988,0,1,0,-0.988,0,0.151],"_humanoidState":8,"_cameraCFrame":[781.958,243.465,49.004,0.3,-0.89,0.344,0,0.361,0.933,-0.954,-0.279,0.108],"_shiftlockState":false,"_pose":"Running","_animationQueue":[],"_animationSpeed":1.089,"_zoom":20.656},{"_mousePosition":[640,365],"_rootPartCFrame":[774.595,222.7,46.692,0.172,0,0.985,0,1,0,-0.985,0,0.172],"_humanoidState":8,"_cameraCFrame":[781.632,243.494,48.901,0.3,-0.891,0.341,0,0.357,0.934,-0.954,-0.28,0.107],"_shiftlockState":false,"_pose":"Running","_animationQueue":[],"_animationSpeed":1.089,"_zoom":20.656},{"_mousePosition":[640,365],"_rootPartCFrame":[774.34,222.7,46.612,0.189,0,0.982,0,1,0,-0.982,0,0.189],"_humanoidState":8,"_cameraCFrame":[781.347,243.508,48.793,0.297,-0.893,0.339,0,0.355,0.935,-0.955,-0.278,0.106],"_shiftlockState":false,"_pose":"Running","_animationQueue":[],"_animationSpeed":1.089,"_zoom":20.656},{"_mousePosition":[640,365],"_rootPartCFrame":[774.086,222.7,46.532,0.204,0,0.979,0,1,0,-0.979,0,0.204],"_humanoidState":8,"_cameraCFrame":[781.093,243.508,48.713,0.297,-0.893,0.339,0,0.355,0.935,-0.955,-0.278,0.106],"_shiftlockState":false,"_pose":"Running","_animationQueue":[["walk",0.1]],"_animationSpeed":1.089,"_zoom":20.656},{"_mousePosition":[640,365],"_rootPartCFrame":[773.831,222.7,46.453,0.217,0,0.976,0,1,0,-0.976,0,0.217],"_humanoidState":8,"_cameraCFrame":[780.838,243.508,48.633,0.297,-0.893,0.339,0,0.355,0.935,-0.955,-0.278,0.106],"_shiftlockState":false,"_pose":"Running","_animationQueue":[],"_animationSpeed":1.089,"_zoom":20.656},{"_mousePosition":[640,365],"_rootPartCFrame":[773.577,222.7,46.374,0.228,0,0.974,0,1,0,-0.974,0,0.228],"_humanoidState":8,"_cameraCFrame":[780.512,243.537,48.532,0.297,-0.894,0.336,0,0.352,0.936,-0.955,-0.278,0.104],"_shiftlockState":false,"_pose":"Running","_animationQueue":[],"_animationSpeed":1.089,"_zoom":20.656},{"_mousePosition":[640,365],"_rootPartCFrame":[773.322,222.7,46.295,0.237,0,0.971,0,1,0,-0.971,0,0.237],"_humanoidState":8,"_cameraCFrame":[780.221,243.551,48.441,0.297,-0.895,0.334,0,0.35,0.937,-0.955,-0.278,0.104],"_shiftlockState":false,"_pose":"Running","_animationQueue":[],"_animationSpeed":1.089,"_zoom":20.656},{"_mousePosition":[640,365],"_rootPartCFrame":[773.067,222.7,46.215,0.246,0,0.969,0,1,0,-0.969,0,0.246],"_humanoidState":8,"_cameraCFrame":[779.894,243.579,48.34,0.297,-0.896,0.331,0,0.346,0.938,-0.955,-0.279,0.103],"_shiftlockState":false,"_pose":"Running","_animationQueue":[],"_animationSpeed":1.089,"_zoom":20.656},{"_mousePosition":[640,365],"_rootPartCFrame":[772.813,222.7,46.136,0.253,0,0.968,0,1,0,-0.968,0,0.253],"_humanoidState":8,"_cameraCFrame":[779.531,243.62,48.227,0.297,-0.898,0.325,0,0.341,0.94,-0.955,-0.279,0.101],"_shiftlockState":false,"_pose":"Running","_animationQueue":[],"_animationSpeed":1.089,"_zoom":20.656},{"_mousePosition":[640,365],"_rootPartCFrame":[772.558,222.7,46.057,0.259,0,0.966,0,1,0,-0.966,0,0.259],"_humanoidState":8,"_cameraCFrame":[779.168,243.661,48.114,0.297,-0.9,0.32,0,0.335,0.942,-0.955,-0.28,0.1],"_shiftlockState":false,"_pose":"Running","_animationQueue":[],"_animationSpeed":1.089,"_zoom":20.656},{"_mousePosition":[640,365],"_rootPartCFrame":[772.303,222.7,45.978,0.264,0,0.965,0,1,0,-0.965,0,0.264],"_humanoidState":8,"_cameraCFrame":[778.877,243.674,48.023,0.297,-0.9,0.318,0,0.333,0.943,-0.955,-0.28,0.099],"_shiftlockState":false,"_pose":"Running","_animationQueue":[["walk",0.1]],"_animationSpeed":1.089,"_zoom":20.656},{"_mousePosition":[640,365],"_rootPartCFrame":[772.049,222.7,45.899,0.268,0,0.963,0,1,0,-0.963,0,0.268],"_humanoidState":8,"_cameraCFrame":[778.586,243.688,47.933,0.297,-0.901,0.317,0,0.331,0.943,-0.955,-0.28,0.098],"_shiftlockState":false,"_pose":"Running","_animationQueue":[],"_animationSpeed":1.089,"_zoom":20.656},{"_mousePosition":[640,365],"_rootPartCFrame":[771.794,222.7,45.819,0.272,0,0.962,0,1,0,-0.962,0,0.272],"_humanoidState":8,"_cameraCFrame":[778.301,243.701,47.826,0.295,-0.902,0.315,0,0.33,0.944,-0.956,-0.278,0.097],"_shiftlockState":false,"_pose":"Running","_animationQueue":[],"_animationSpeed":1.089,"_zoom":20.656},{"_mousePosition":[640,365],"_rootPartCFrame":[771.539,222.7,45.74,0.276,0,0.961,0,1,0,-0.961,0,0.276],"_humanoidState":8,"_cameraCFrame":[778.046,243.701,47.747,0.295,-0.902,0.315,0,0.33,0.944,-0.956,-0.278,0.097],"_shiftlockState":false,"_pose":"Running","_animationQueue":[],"_animationSpeed":1.089,"_zoom":20.656},{"_mousePosition":[640,365],"_rootPartCFrame":[771.285,222.7,45.661,0.278,0,0.961,0,1,0,-0.961,0,0.278],"_humanoidState":8,"_cameraCFrame":[777.791,243.701,47.668,0.295,-0.902,0.315,0,0.33,0.944,-0.956,-0.278,0.097],"_shiftlockState":false,"_pose":"Running","_animationQueue":[],"_animationSpeed":1.089,"_zoom":20.656},{"_mousePosition":[640,365],"_rootPartCFrame":[771.03,222.7,45.583,0.281,0,0.96,0,1,0,-0.96,0,0.281],"_humanoidState":8,"_cameraCFrame":[777.536,243.701,47.589,0.295,-0.902,0.315,0,0.33,0.944,-0.956,-0.278,0.097],"_shiftlockState":false,"_pose":"Running","_animationQueue":[],"_animationSpeed":1.089,"_zoom":20.656},{"_mousePosition":[640,365],"_rootPartCFrame":[770.775,222.7,45.504,0.282,0,0.959,0,1,0,-0.959,0,0.282],"_humanoidState":8,"_cameraCFrame":[777.281,243.701,47.511,0.295,-0.902,0.315,0,0.33,0.944,-0.956,-0.278,0.097],"_shiftlockState":false,"_pose":"Running","_animationQueue":[["walk",0.1]],"_animationSpeed":1.089,"_zoom":20.656},{"_mousePosition":[640,365],"_rootPartCFrame":[770.52,222.7,45.426,0.284,0,0.959,0,1,0,-0.959,0,0.284],"_humanoidState":8,"_cameraCFrame":[776.99,243.714,47.421,0.295,-0.903,0.313,0,0.328,0.945,-0.956,-0.278,0.097],"_shiftlockState":false,"_pose":"Running","_animationQueue":[],"_animationSpeed":1.089,"_zoom":20.656},{"_mousePosition":[640,365],"_rootPartCFrame":[770.265,222.7,45.347,0.286,0,0.958,0,1,0,-0.958,0,0.286],"_humanoidState":8,"_cameraCFrame":[776.704,243.728,47.315,0.292,-0.904,0.312,0,0.326,0.945,-0.956,-0.276,0.095],"_shiftlockState":false,"_pose":"Running","_animationQueue":[],"_animationSpeed":1.089,"_zoom":20.656},{"_mousePosition":[640,365],"_rootPartCFrame":[770.01,222.666,45.269,0.287,0,0.958,0,1,0,-0.958,0,0.287],"_humanoidState":8,"_cameraCFrame":[776.418,243.707,47.209,0.29,-0.905,0.31,0,0.324,0.946,-0.957,-0.274,0.094],"_shiftlockState":false,"_pose":"Running","_animationQueue":[],"_animationSpeed":1.089,"_zoom":20.656},{"_mousePosition":[640,365],"_rootPartCFrame":[769.692,222.546,45.17,0.289,0,0.957,0,1,0,-0.957,0,0.289],"_humanoidState":8,"_cameraCFrame":[776.027,243.626,46.95,0.27,-0.913,0.307,0,0.319,0.948,-0.963,-0.256,0.086],"_shiftlockState":false,"_pose":"Running","_animationQueue":[],"_animationSpeed":1.089,"_zoom":20.656},{"_mousePosition":[640,365],"_rootPartCFrame":[769.437,223.419,45.092,0.29,0,0.957,0,1,0,-0.957,0,0.29],"_humanoidState":3,"_cameraCFrame":[775.774,244.512,46.717,0.248,-0.919,0.307,0,0.317,0.949,-0.969,-0.236,0.079],"_shiftlockState":false,"_pose":"Jumping","_animationQueue":[["walk",0.1],["jump",0.1]],"_animationSpeed":1,"_zoom":20.656},{"_mousePosition":[640,365],"_rootPartCFrame":[769.245,224.041,45.037,0.289,0,0.957,0,1,0,-0.957,0,0.289],"_humanoidState":5,"_cameraCFrame":[775.584,245.146,46.493,0.224,-0.925,0.307,0,0.315,0.949,-0.975,-0.212,0.07],"_shiftlockState":false,"_pose":"FreeFall","_animationQueue":[["jump",0.1]],"_animationSpeed":1,"_zoom":20.656},{"_mousePosition":[640,365],"_rootPartCFrame":[768.987,224.822,44.97,0.285,0,0.959,0,1,0,-0.959,0,0.285],"_humanoidState":5,"_cameraCFrame":[775.35,245.928,46.313,0.207,-0.929,0.308,0,0.315,0.949,-0.978,-0.196,0.065],"_shiftlockState":false,"_pose":"FreeFall","_animationQueue":[],"_animationSpeed":1,"_zoom":20.656},{"_mousePosition":[640,365],"_rootPartCFrame":[768.727,225.549,44.909,0.278,0,0.961,0,1,0,-0.961,0,0.278],"_humanoidState":5,"_cameraCFrame":[775.097,246.654,46.22,0.202,-0.93,0.308,0,0.315,0.949,-0.979,-0.191,0.063],"_shiftlockState":false,"_pose":"FreeFall","_animationQueue":[],"_animationSpeed":1,"_zoom":20.656},{"_mousePosition":[640,365],"_rootPartCFrame":[768.466,226.221,44.853,0.269,0,0.963,0,1,0,-0.963,0,0.269],"_humanoidState":5,"_cameraCFrame":[774.837,247.326,46.164,0.202,-0.93,0.308,0,0.315,0.949,-0.979,-0.191,0.063],"_shiftlockState":false,"_pose":"FreeFall","_animationQueue":[],"_animationSpeed":1,"_zoom":20.656},{"_mousePosition":[640,365],"_rootPartCFrame":[768.205,226.839,44.799,0.26,0,0.966,0,1,0,-0.966,0,0.26],"_humanoidState":5,"_cameraCFrame":[774.576,247.944,46.11,0.202,-0.93,0.308,0,0.315,0.949,-0.979,-0.191,0.063],"_shiftlockState":false,"_pose":"FreeFall","_animationQueue":[],"_animationSpeed":1,"_zoom":20.656},{"_mousePosition":[640,365],"_rootPartCFrame":[767.944,227.402,44.745,0.252,0,0.968,0,1,0,-0.968,0,0.252],"_humanoidState":5,"_cameraCFrame":[774.314,248.507,46.056,0.202,-0.93,0.308,0,0.315,0.949,-0.979,-0.191,0.063],"_shiftlockState":false,"_pose":"FreeFall","_animationQueue":[],"_animationSpeed":1,"_zoom":20.656},{"_mousePosition":[640,365],"_rootPartCFrame":[767.682,227.91,44.692,0.245,0,0.97,0,1,0,-0.97,0,0.245],"_humanoidState":5,"_cameraCFrame":[774.06,249.016,45.97,0.197,-0.931,0.309,0,0.315,0.949,-0.98,-0.187,0.062],"_shiftlockState":false,"_pose":"FreeFall","_animationQueue":[],"_animationSpeed":1,"_zoom":20.656},{"_mousePosition":[640,365],"_rootPartCFrame":[767.421,228.365,44.638,0.239,0,0.971,0,1,0,-0.971,0,0.239],"_humanoidState":5,"_cameraCFrame":[773.811,249.47,45.852,0.187,-0.932,0.309,0,0.315,0.949,-0.982,-0.177,0.059],"_shiftlockState":false,"_pose":"FreeFall","_animationQueue":[],"_animationSpeed":1,"_zoom":20.656},{"_mousePosition":[640,365],"_rootPartCFrame":[767.16,228.764,44.585,0.233,0,0.972,0,1,0,-0.972,0,0.233],"_humanoidState":5,"_cameraCFrame":[773.57,249.87,45.686,0.169,-0.935,0.31,0,0.315,0.949,-0.986,-0.161,0.053],"_shiftlockState":false,"_pose":"FreeFall","_animationQueue":[],"_animationSpeed":1,"_zoom":20.656},{"_mousePosition":[640,365],"_rootPartCFrame":[766.898,229.109,44.535,0.227,0,0.974,0,1,0,-0.974,0,0.227],"_humanoidState":5,"_cameraCFrame":[773.329,250.215,45.506,0.149,-0.938,0.311,0,0.315,0.949,-0.989,-0.142,0.047],"_shiftlockState":false,"_pose":"FreeFall","_animationQueue":[],"_animationSpeed":1,"_zoom":20.656},{"_mousePosition":[640,365],"_rootPartCFrame":[766.635,229.4,44.489,0.22,0,0.976,0,1,0,-0.976,0,0.22],"_humanoidState":5,"_cameraCFrame":[773.089,250.505,45.297,0.124,-0.942,0.312,0,0.315,0.949,-0.992,-0.118,0.039],"_shiftlockState":false,"_pose":"FreeFall","_animationQueue":[],"_animationSpeed":1,"_zoom":20.656},{"_mousePosition":[640,365],"_rootPartCFrame":[766.372,229.636,44.449,0.211,0,0.977,0,1,0,-0.977,0,0.211],"_humanoidState":5,"_cameraCFrame":[772.813,250.754,45.008,0.086,-0.946,0.312,0,0.313,0.95,-0.996,-0.082,0.027],"_shiftlockState":false,"_pose":"FreeFall","_animationQueue":[],"_animationSpeed":1,"_zoom":20.656},{"_mousePosition":[640,365],"_rootPartCFrame":[766.107,229.818,44.415,0.2,0,0.98,0,1,0,-0.98,0,0.2],"_humanoidState":5,"_cameraCFrame":[772.521,250.948,44.84,0.066,-0.948,0.31,0,0.311,0.95,-0.998,-0.063,0.021],"_shiftlockState":false,"_pose":"FreeFall","_animationQueue":[],"_animationSpeed":1,"_zoom":20.656},{"_mousePosition":[640,365],"_rootPartCFrame":[765.842,229.945,44.39,0.186,0,0.982,0,1,0,-0.982,0,0.186],"_humanoidState":5,"_cameraCFrame":[772.222,251.088,44.733,0.054,-0.95,0.309,0,0.309,0.951,-0.999,-0.051,0.017],"_shiftlockState":false,"_pose":"FreeFall","_animationQueue":[],"_animationSpeed":1,"_zoom":20.656},{"_mousePosition":[640,365],"_rootPartCFrame":[765.443,230.034,44.363,0.163,0,0.987,0,1,0,-0.987,0,0.163],"_humanoidState":5,"_cameraCFrame":[771.826,251.177,44.641,0.044,-0.95,0.309,0,0.309,0.951,-0.999,-0.041,0.013],"_shiftlockState":false,"_pose":"FreeFall","_animationQueue":[["fall",0.3]],"_animationSpeed":1,"_zoom":20.656},{"_mousePosition":[640,365],"_rootPartCFrame":[765.309,230.036,44.355,0.155,0,0.988,0,1,0,-0.988,0,0.155],"_humanoidState":5,"_cameraCFrame":[771.693,251.179,44.617,0.041,-0.95,0.309,0,0.309,0.951,-0.999,-0.039,0.013],"_shiftlockState":false,"_pose":"FreeFall","_animationQueue":[],"_animationSpeed":1,"_zoom":20.656},{"_mousePosition":[640,365],"_rootPartCFrame":[765.043,229.999,44.343,0.141,0,0.99,0,1,0,-0.99,0,0.141],"_humanoidState":5,"_cameraCFrame":[771.428,251.142,44.573,0.036,-0.95,0.309,0,0.309,0.951,-0.999,-0.034,0.011],"_shiftlockState":false,"_pose":"FreeFall","_animationQueue":[],"_animationSpeed":1,"_zoom":20.656},{"_mousePosition":[640,365],"_rootPartCFrame":[764.777,229.909,44.332,0.127,0,0.992,0,1,0,-0.992,0,0.127],"_humanoidState":5,"_cameraCFrame":[771.164,251.052,44.513,0.028,-0.951,0.309,0,0.309,0.951,-1,-0.027,0.009],"_shiftlockState":false,"_pose":"FreeFall","_animationQueue":[],"_animationSpeed":1,"_zoom":20.656},{"_mousePosition":[640,365],"_rootPartCFrame":[764.51,229.763,44.322,0.114,0,0.993,0,1,0,-0.993,0,0.114],"_humanoidState":5,"_cameraCFrame":[770.898,250.906,44.455,0.021,-0.951,0.309,0,0.309,0.951,-1,-0.02,0.006],"_shiftlockState":false,"_pose":"FreeFall","_animationQueue":[],"_animationSpeed":1,"_zoom":20.656},{"_mousePosition":[640,365],"_rootPartCFrame":[764.244,229.563,44.314,0.103,0,0.995,0,1,0,-0.995,0,0.103],"_humanoidState":5,"_cameraCFrame":[770.632,250.706,44.431,0.018,-0.951,0.309,0,0.309,0.951,-1,-0.017,0.006],"_shiftlockState":false,"_pose":"FreeFall","_animationQueue":[],"_animationSpeed":1,"_zoom":20.656},{"_mousePosition":[640,365],"_rootPartCFrame":[763.977,229.309,44.308,0.092,0,0.996,0,1,0,-0.996,0,0.092],"_humanoidState":5,"_cameraCFrame":[770.365,250.452,44.425,0.018,-0.951,0.309,0,0.309,0.951,-1,-0.017,0.006],"_shiftlockState":false,"_pose":"FreeFall","_animationQueue":[],"_animationSpeed":1,"_zoom":20.656},{"_mousePosition":[640,365],"_rootPartCFrame":[763.71,229,44.303,0.081,0,0.997,0,1,0,-0.997,0,0.081],"_humanoidState":5,"_cameraCFrame":[770.099,250.143,44.42,0.018,-0.951,0.309,0,0.309,0.951,-1,-0.017,0.006],"_shiftlockState":false,"_pose":"FreeFall","_animationQueue":[["fall",0.3]],"_animationSpeed":1,"_zoom":20.656},{"_mousePosition":[640,365],"_rootPartCFrame":[763.377,228.537,44.297,0.07,0,0.998,0,1,0,-0.998,0,0.07],"_humanoidState":5,"_cameraCFrame":[769.765,249.68,44.414,0.018,-0.951,0.309,0,0.309,0.951,-1,-0.017,0.006],"_shiftlockState":false,"_pose":"FreeFall","_animationQueue":[],"_animationSpeed":1,"_zoom":20.656},{"_mousePosition":[640,365],"_rootPartCFrame":[763.177,228.219,44.294,0.065,0,0.998,0,1,0,-0.998,0,0.065],"_humanoidState":5,"_cameraCFrame":[769.565,249.362,44.41,0.018,-0.951,0.309,0,0.309,0.951,-1,-0.017,0.006],"_shiftlockState":false,"_pose":"FreeFall","_animationQueue":[],"_animationSpeed":1,"_zoom":20.656},{"_mousePosition":[640,365],"_rootPartCFrame":[762.911,227.747,44.289,0.058,0,0.998,0,1,0,-0.998,0,0.058],"_humanoidState":5,"_cameraCFrame":[769.299,248.89,44.405,0.018,-0.951,0.309,0,0.309,0.951,-1,-0.017,0.006],"_shiftlockState":false,"_pose":"FreeFall","_animationQueue":[],"_animationSpeed":1,"_zoom":20.656},{"_mousePosition":[640,365],"_rootPartCFrame":[762.644,227.22,44.284,0.053,0,0.999,0,1,0,-0.999,0,0.053],"_humanoidState":5,"_cameraCFrame":[769.032,248.363,44.4,0.018,-0.951,0.309,0,0.309,0.951,-1,-0.017,0.006],"_shiftlockState":false,"_pose":"FreeFall","_animationQueue":[],"_animationSpeed":1,"_zoom":20.656},{"_mousePosition":[640,365],"_rootPartCFrame":[762.377,226.638,44.279,0.048,0,0.999,0,1,0,-0.999,0,0.048],"_humanoidState":5,"_cameraCFrame":[768.766,247.781,44.396,0.018,-0.951,0.309,0,0.309,0.951,-1,-0.017,0.006],"_shiftlockState":false,"_pose":"FreeFall","_animationQueue":[],"_animationSpeed":1,"_zoom":20.656},{"_mousePosition":[640,365],"_rootPartCFrame":[762.111,226.003,44.274,0.044,0,0.999,0,1,0,-0.999,0,0.044],"_humanoidState":5,"_cameraCFrame":[768.499,247.146,44.391,0.018,-0.951,0.309,0,0.309,0.951,-1,-0.017,0.006],"_shiftlockState":false,"_pose":"FreeFall","_animationQueue":[],"_animationSpeed":1,"_zoom":20.656},{"_mousePosition":[640,365],"_rootPartCFrame":[761.844,225.312,44.27,0.04,0,0.999,0,1,0,-0.999,0,0.04],"_humanoidState":5,"_cameraCFrame":[768.232,246.455,44.386,0.018,-0.951,0.309,0,0.309,0.951,-1,-0.017,0.006],"_shiftlockState":false,"_pose":"FreeFall","_animationQueue":[["fall",0.3]],"_animationSpeed":1,"_zoom":20.656},{"_mousePosition":[640,365],"_rootPartCFrame":[761.578,224.567,44.265,0.037,0,0.999,0,1,0,-0.999,0,0.037],"_humanoidState":5,"_cameraCFrame":[767.966,245.71,44.381,0.018,-0.951,0.309,0,0.309,0.951,-1,-0.017,0.006],"_shiftlockState":false,"_pose":"FreeFall","_animationQueue":[],"_animationSpeed":1,"_zoom":20.656},{"_mousePosition":[640,365],"_rootPartCFrame":[761.244,223.56,44.259,0.034,0,0.999,0,1,0,-0.999,0,0.034],"_humanoidState":5,"_cameraCFrame":[767.632,244.703,44.391,0.021,-0.951,0.309,0,0.309,0.951,-1,-0.02,0.006],"_shiftlockState":false,"_pose":"FreeFall","_animationQueue":[],"_animationSpeed":1,"_zoom":20.656},{"_mousePosition":[640,365],"_rootPartCFrame":[761.044,223.441,44.255,0.032,0,0.999,0,1,0,-0.999,0,0.032],"_humanoidState":7,"_cameraCFrame":[767.431,244.584,44.436,0.028,-0.951,0.309,0,0.309,0.951,-1,-0.027,0.009],"_shiftlockState":false,"_pose":"FreeFall","_animationQueue":[["walk",0.1],["fall",0.3],["fall",0.3]],"_animationSpeed":1,"_zoom":20.656},{"_mousePosition":[640,365],"_rootPartCFrame":[760.778,223.436,44.25,0.03,0,1,0,1,0,-1,0,0.03],"_humanoidState":7,"_cameraCFrame":[767.163,244.579,44.479,0.036,-0.95,0.309,0,0.309,0.951,-0.999,-0.034,0.011],"_shiftlockState":false,"_pose":"FreeFall","_animationQueue":[],"_animationSpeed":1,"_zoom":20.656},{"_mousePosition":[640,365],"_rootPartCFrame":[760.511,223.441,44.242,0.03,0,1,0,1,0,-1,0,0.03],"_humanoidState":7,"_cameraCFrame":[766.893,244.584,44.553,0.049,-0.95,0.309,0,0.309,0.951,-0.999,-0.046,0.015],"_shiftlockState":false,"_pose":"FreeFall","_animationQueue":[],"_animationSpeed":1,"_zoom":20.656},{"_mousePosition":[640,365],"_rootPartCFrame":[760.245,223.445,44.233,0.03,0,1,0,1,0,-1,0,0.03],"_humanoidState":8,"_cameraCFrame":[766.62,244.588,44.656,0.066,-0.949,0.309,0,0.309,0.951,-0.998,-0.063,0.02],"_shiftlockState":false,"_pose":"Running","_animationQueue":[["fall",0.3],["walk",0.1],["fall",0.3],["walk",0.1]],"_animationSpeed":1.103,"_zoom":20.656},{"_mousePosition":[640,365],"_rootPartCFrame":[759.978,223.447,44.22,0.032,0,0.999,0,1,0,-0.999,0,0.032],"_humanoidState":8,"_cameraCFrame":[766.346,244.59,44.74,0.081,-0.948,0.308,0,0.309,0.951,-0.997,-0.077,0.025],"_shiftlockState":false,"_pose":"Running","_animationQueue":[],"_animationSpeed":1.103,"_zoom":20.656},{"_mousePosition":[640,365],"_rootPartCFrame":[759.712,223.448,44.203,0.037,0,0.999,0,1,0,-0.999,0,0.037],"_humanoidState":8,"_cameraCFrame":[766.073,244.591,44.804,0.094,-0.947,0.308,0,0.309,0.951,-0.996,-0.089,0.029],"_shiftlockState":false,"_pose":"Running","_animationQueue":[],"_animationSpeed":1.103,"_zoom":20.656},{"_mousePosition":[640,365],"_rootPartCFrame":[759.446,223.449,44.182,0.043,0,0.999,0,1,0,-0.999,0,0.043],"_humanoidState":8,"_cameraCFrame":[765.798,244.592,44.879,0.109,-0.945,0.307,0,0.309,0.951,-0.994,-0.104,0.034],"_shiftlockState":false,"_pose":"Running","_animationQueue":[],"_animationSpeed":1.103,"_zoom":20.656},{"_mousePosition":[640,365],"_rootPartCFrame":[759.181,223.449,44.157,0.049,0,0.999,0,1,0,-0.999,0,0.049],"_humanoidState":8,"_cameraCFrame":[765.521,244.592,44.95,0.124,-0.944,0.307,0,0.309,0.951,-0.992,-0.118,0.038],"_shiftlockState":false,"_pose":"Running","_animationQueue":[],"_animationSpeed":1.103,"_zoom":20.656},{"_mousePosition":[640,365],"_rootPartCFrame":[758.916,223.449,44.128,0.057,0,0.998,0,1,0,-0.998,0,0.057],"_humanoidState":8,"_cameraCFrame":[765.243,244.592,45.018,0.139,-0.942,0.306,0,0.309,0.951,-0.99,-0.132,0.043],"_shiftlockState":false,"_pose":"Running","_animationQueue":[],"_animationSpeed":1.103,"_zoom":20.656},{"_mousePosition":[640,365],"_rootPartCFrame":[758.651,223.45,44.095,0.066,0,0.998,0,1,0,-0.998,0,0.066],"_humanoidState":8,"_cameraCFrame":[764.964,244.593,45.081,0.154,-0.94,0.306,0,0.309,0.951,-0.988,-0.147,0.048],"_shiftlockState":false,"_pose":"Running","_animationQueue":[],"_animationSpeed":1.103,"_zoom":20.656},{"_mousePosition":[640,365],"_rootPartCFrame":[758.387,223.45,44.058,0.076,0,0.997,0,1,0,-0.997,0,0.076],"_humanoidState":8,"_cameraCFrame":[764.684,244.593,45.14,0.169,-0.937,0.305,0,0.309,0.951,-0.986,-0.161,0.052],"_shiftlockState":false,"_pose":"Running","_animationQueue":[["walk",0.1]],"_animationSpeed":1.103,"_zoom":20.656},{"_mousePosition":[640,365],"_rootPartCFrame":[758.123,223.45,44.018,0.086,0,0.996,0,1,0,-0.996,0,0.086],"_humanoidState":8,"_cameraCFrame":[764.441,244.58,45.202,0.184,-0.934,0.306,0,0.311,0.95,-0.983,-0.175,0.057],"_shiftlockState":false,"_pose":"Running","_animationQueue":[],"_animationSpeed":1.103,"_zoom":20.656},{"_mousePosition":[640,365],"_rootPartCFrame":[757.794,224.533,43.966,0.099,0,0.995,0,1,0,-0.995,0,0.099],"_humanoidState":3,"_cameraCFrame":[764.134,245.651,45.238,0.197,-0.931,0.307,0,0.313,0.95,-0.98,-0.187,0.062],"_shiftlockState":false,"_pose":"Jumping","_animationQueue":[["walk",0.1],["jump",0.1]],"_animationSpeed":1,"_zoom":20.656},{"_mousePosition":[640,365],"_rootPartCFrame":[757.597,225.145,43.931,0.108,0,0.994,0,1,0,-0.994,0,0.108],"_humanoidState":5,"_cameraCFrame":[763.961,246.25,45.274,0.207,-0.929,0.308,0,0.315,0.949,-0.978,-0.196,0.065],"_shiftlockState":false,"_pose":"FreeFall","_animationQueue":[["jump",0.1]],"_animationSpeed":1,"_zoom":20.656},{"_mousePosition":[640,365],"_rootPartCFrame":[757.336,225.912,43.879,0.119,0,0.993,0,1,0,-0.993,0,0.119],"_humanoidState":5,"_cameraCFrame":[763.696,247.018,45.238,0.209,-0.928,0.308,0,0.315,0.949,-0.978,-0.198,0.066],"_shiftlockState":false,"_pose":"FreeFall","_animationQueue":[],"_animationSpeed":1,"_zoom":20.656},{"_mousePosition":[640,365],"_rootPartCFrame":[757.075,226.625,43.824,0.131,0,0.991,0,1,0,-0.991,0,0.131],"_humanoidState":5,"_cameraCFrame":[763.435,247.731,45.183,0.209,-0.928,0.308,0,0.315,0.949,-0.978,-0.198,0.066],"_shiftlockState":false,"_pose":"FreeFall","_animationQueue":[],"_animationSpeed":1,"_zoom":20.656},{"_mousePosition":[640,365],"_rootPartCFrame":[756.814,227.284,43.768,0.142,0,0.99,0,1,0,-0.99,0,0.142],"_humanoidState":5,"_cameraCFrame":[763.174,248.389,45.128,0.209,-0.928,0.308,0,0.315,0.949,-0.978,-0.198,0.066],"_shiftlockState":false,"_pose":"FreeFall","_animationQueue":[],"_animationSpeed":1,"_zoom":20.656},{"_mousePosition":[640,365],"_rootPartCFrame":[756.553,227.888,43.713,0.151,0,0.988,0,1,0,-0.988,0,0.151],"_humanoidState":5,"_cameraCFrame":[762.914,248.993,45.072,0.209,-0.928,0.308,0,0.315,0.949,-0.978,-0.198,0.066],"_shiftlockState":false,"_pose":"FreeFall","_animationQueue":[],"_animationSpeed":1,"_zoom":20.656},{"_mousePosition":[640,365],"_rootPartCFrame":[756.293,228.437,43.657,0.159,0,0.987,0,1,0,-0.987,0,0.159],"_humanoidState":5,"_cameraCFrame":[762.653,249.543,45.016,0.209,-0.928,0.308,0,0.315,0.949,-0.978,-0.198,0.066],"_shiftlockState":false,"_pose":"FreeFall","_animationQueue":[],"_animationSpeed":1,"_zoom":20.656},{"_mousePosition":[640,365],"_rootPartCFrame":[756.032,228.932,43.601,0.166,0,0.986,0,1,0,-0.986,0,0.166],"_humanoidState":5,"_cameraCFrame":[762.392,250.038,44.961,0.209,-0.928,0.308,0,0.315,0.949,-0.978,-0.198,0.066],"_shiftlockState":false,"_pose":"FreeFall","_animationQueue":[],"_animationSpeed":1,"_zoom":20.656},{"_mousePosition":[640,365],"_rootPartCFrame":[755.771,229.373,43.545,0.173,0,0.985,0,1,0,-0.985,0,0.173],"_humanoidState":5,"_cameraCFrame":[762.132,250.478,44.905,0.209,-0.928,0.308,0,0.315,0.949,-0.978,-0.198,0.066],"_shiftlockState":false,"_pose":"FreeFall","_animationQueue":[],"_animationSpeed":1,"_zoom":20.656},{"_mousePosition":[640,365],"_rootPartCFrame":[755.51,229.759,43.49,0.178,0,0.984,0,1,0,-0.984,0,0.178],"_humanoidState":5,"_cameraCFrame":[761.871,250.864,44.849,0.209,-0.928,0.308,0,0.315,0.949,-0.978,-0.198,0.066],"_shiftlockState":false,"_pose":"FreeFall","_animationQueue":[],"_animationSpeed":1,"_zoom":20.656},{"_mousePosition":[640,365],"_rootPartCFrame":[755.25,230.09,43.434,0.182,0,0.983,0,1,0,-0.983,0,0.182],"_humanoidState":5,"_cameraCFrame":[761.61,251.196,44.793,0.209,-0.928,0.308,0,0.315,0.949,-0.978,-0.198,0.066],"_shiftlockState":false,"_pose":"FreeFall","_animationQueue":[],"_animationSpeed":1,"_zoom":20.656},{"_mousePosition":[640,365],"_rootPartCFrame":[754.989,230.367,43.378,0.186,0,0.983,0,1,0,-0.983,0,0.186],"_humanoidState":5,"_cameraCFrame":[761.349,251.473,44.738,0.209,-0.928,0.308,0,0.315,0.949,-0.978,-0.198,0.066],"_shiftlockState":false,"_pose":"FreeFall","_animationQueue":[],"_animationSpeed":1,"_zoom":20.656},{"_mousePosition":[640,365],"_rootPartCFrame":[754.728,230.59,43.323,0.189,0,0.982,0,1,0,-0.982,0,0.189],"_humanoidState":5,"_cameraCFrame":[761.089,251.695,44.682,0.209,-0.928,0.308,0,0.315,0.949,-0.978,-0.198,0.066],"_shiftlockState":false,"_pose":"FreeFall","_animationQueue":[],"_animationSpeed":1,"_zoom":20.656},{"_mousePosition":[640,365],"_rootPartCFrame":[754.467,230.758,43.267,0.192,0,0.981,0,1,0,-0.981,0,0.192],"_humanoidState":5,"_cameraCFrame":[760.828,251.863,44.626,0.209,-0.928,0.308,0,0.315,0.949,-0.978,-0.198,0.066],"_shiftlockState":false,"_pose":"FreeFall","_animationQueue":[],"_animationSpeed":1,"_zoom":20.656},{"_mousePosition":[640,365],"_rootPartCFrame":[754.207,230.872,43.211,0.194,0,0.981,0,1,0,-0.981,0,0.194],"_humanoidState":5,"_cameraCFrame":[760.57,251.977,44.554,0.207,-0.929,0.308,0,0.315,0.949,-0.978,-0.196,0.065],"_shiftlockState":false,"_pose":"FreeFall","_animationQueue":[],"_animationSpeed":1,"_zoom":20.656},{"_mousePosition":[640,365],"_rootPartCFrame":[753.946,230.931,43.155,0.196,0,0.981,0,1,0,-0.981,0,0.196],"_humanoidState":5,"_cameraCFrame":[760.32,252.036,44.45,0.199,-0.93,0.309,0,0.315,0.949,-0.98,-0.189,0.063],"_shiftlockState":false,"_pose":"FreeFall","_animationQueue":[],"_animationSpeed":1,"_zoom":20.656},{"_mousePosition":[640,365],"_rootPartCFrame":[753.62,230.928,43.086,0.198,0,0.98,0,1,0,-0.98,0,0.198],"_humanoidState":5,"_cameraCFrame":[760.003,252.033,44.333,0.192,-0.932,0.309,0,0.315,0.949,-0.981,-0.182,0.06],"_shiftlockState":false,"_pose":"FreeFall","_animationQueue":[],"_animationSpeed":1,"_zoom":20.656},{"_mousePosition":[640,365],"_rootPartCFrame":[753.424,230.885,43.046,0.199,0,0.98,0,1,0,-0.98,0,0.199],"_humanoidState":5,"_cameraCFrame":[759.817,251.99,44.244,0.184,-0.933,0.309,0,0.315,0.949,-0.983,-0.175,0.058],"_shiftlockState":false,"_pose":"FreeFall","_animationQueue":[["fall",0.3]],"_animationSpeed":1,"_zoom":20.656},{"_mousePosition":[640,365],"_rootPartCFrame":[753.162,230.781,42.995,0.198,0,0.98,0,1,0,-0.98,0,0.198],"_humanoidState":5,"_cameraCFrame":[759.564,251.886,44.144,0.177,-0.934,0.31,0,0.315,0.949,-0.984,-0.168,0.056],"_shiftlockState":false,"_pose":"FreeFall","_animationQueue":[],"_animationSpeed":1,"_zoom":20.656},{"_mousePosition":[640,365],"_rootPartCFrame":[752.9,230.622,42.945,0.197,0,0.98,0,1,0,-0.98,0,0.197],"_humanoidState":5,"_cameraCFrame":[759.351,251.714,44.036,0.167,-0.935,0.312,0,0.317,0.949,-0.986,-0.158,0.053],"_shiftlockState":false,"_pose":"FreeFall","_animationQueue":[],"_animationSpeed":1,"_zoom":20.656},{"_mousePosition":[640,365],"_rootPartCFrame":[752.638,230.408,42.898,0.194,0,0.981,0,1,0,-0.981,0,0.194],"_humanoidState":5,"_cameraCFrame":[759.094,251.501,43.956,0.162,-0.936,0.313,0,0.317,0.949,-0.987,-0.153,0.051],"_shiftlockState":false,"_pose":"FreeFall","_animationQueue":[],"_animationSpeed":1,"_zoom":20.656},{"_mousePosition":[640,365],"_rootPartCFrame":[752.375,230.14,42.853,0.191,0,0.982,0,1,0,-0.982,0,0.191],"_humanoidState":5,"_cameraCFrame":[758.833,251.233,43.895,0.159,-0.936,0.313,0,0.317,0.949,-0.987,-0.151,0.05],"_shiftlockState":false,"_pose":"FreeFall","_animationQueue":[],"_animationSpeed":1,"_zoom":20.656},{"_mousePosition":[640,365],"_rootPartCFrame":[752.112,229.818,42.81,0.187,0,0.982,0,1,0,-0.982,0,0.187],"_humanoidState":5,"_cameraCFrame":[758.573,250.91,43.835,0.157,-0.937,0.313,0,0.317,0.949,-0.988,-0.149,0.05],"_shiftlockState":false,"_pose":"FreeFall","_animationQueue":[],"_animationSpeed":1,"_zoom":20.656},{"_mousePosition":[640,365],"_rootPartCFrame":[751.848,229.441,42.767,0.183,0,0.983,0,1,0,-0.983,0,0.183],"_humanoidState":5,"_cameraCFrame":[758.312,250.533,43.776,0.154,-0.937,0.313,0,0.317,0.949,-0.988,-0.146,0.049],"_shiftlockState":false,"_pose":"FreeFall","_animationQueue":[["fall",0.3]],"_animationSpeed":1,"_zoom":20.656},{"_mousePosition":[640,365],"_rootPartCFrame":[751.585,229.009,42.725,0.18,0,0.984,0,1,0,-0.984,0,0.18],"_humanoidState":5,"_cameraCFrame":[758.051,250.102,43.718,0.152,-0.938,0.313,0,0.317,0.949,-0.988,-0.144,0.048],"_shiftlockState":false,"_pose":"FreeFall","_animationQueue":[],"_animationSpeed":1,"_zoom":20.656},{"_mousePosition":[640,365],"_rootPartCFrame":[751.321,228.523,42.684,0.176,0,0.984,0,1,0,-0.984,0,0.176],"_humanoidState":5,"_cameraCFrame":[757.793,249.616,43.644,0.147,-0.938,0.313,0,0.317,0.949,-0.989,-0.139,0.046],"_shiftlockState":false,"_pose":"FreeFall","_animationQueue":[],"_animationSpeed":1,"_zoom":20.656},{"_mousePosition":[640,365],"_rootPartCFrame":[751.058,227.983,42.644,0.173,0,0.985,0,1,0,-0.985,0,0.173],"_humanoidState":5,"_cameraCFrame":[757.539,249.075,43.538,0.137,-0.94,0.314,0,0.317,0.949,-0.991,-0.13,0.043],"_shiftlockState":false,"_pose":"FreeFall","_animationQueue":[],"_animationSpeed":1,"_zoom":20.656},{"_mousePosition":[640,365],"_rootPartCFrame":[750.794,227.388,42.604,0.17,0,0.986,0,1,0,-0.986,0,0.17],"_humanoidState":5,"_cameraCFrame":[757.286,248.48,43.417,0.124,-0.941,0.314,0,0.317,0.949,-0.992,-0.118,0.039],"_shiftlockState":false,"_pose":"FreeFall","_animationQueue":[],"_animationSpeed":1,"_zoom":20.656},{"_mousePosition":[640,365],"_rootPartCFrame":[750.53,226.738,42.567,0.166,0,0.986,0,1,0,-0.986,0,0.166],"_humanoidState":5,"_cameraCFrame":[757.077,247.818,43.236,0.102,-0.943,0.317,0,0.319,0.948,-0.995,-0.096,0.032],"_shiftlockState":false,"_pose":"FreeFall","_animationQueue":[],"_animationSpeed":1,"_zoom":20.656},{"_mousePosition":[640,365],"_rootPartCFrame":[750.266,226.034,42.534,0.16,0,0.987,0,1,0,-0.987,0,0.16],"_humanoidState":5,"_cameraCFrame":[756.858,247.101,43.123,0.089,-0.944,0.319,0,0.32,0.947,-0.996,-0.084,0.029],"_shiftlockState":false,"_pose":"FreeFall","_animationQueue":[],"_animationSpeed":1,"_zoom":20.656},{"_mousePosition":[640,365],"_rootPartCFrame":[750,225.276,42.506,0.153,0,0.988,0,1,0,-0.988,0,0.153],"_humanoidState":5,"_cameraCFrame":[756.636,246.33,43.031,0.079,-0.944,0.321,0,0.322,0.947,-0.997,-0.075,0.025],"_shiftlockState":false,"_pose":"FreeFall","_animationQueue":[["fall",0.3]],"_animationSpeed":1,"_zoom":20.656},{"_mousePosition":[640,365],"_rootPartCFrame":[749.668,224.251,42.476,0.143,0,0.99,0,1,0,-0.99,0,0.143],"_humanoidState":5,"_cameraCFrame":[756.347,245.292,42.936,0.069,-0.944,0.323,0,0.324,0.946,-0.998,-0.065,0.022],"_shiftlockState":false,"_pose":"FreeFall","_animationQueue":[],"_animationSpeed":1,"_zoom":20.656},{"_mousePosition":[640,365],"_rootPartCFrame":[749.469,223.595,42.459,0.137,0,0.991,0,1,0,-0.991,0,0.137],"_humanoidState":7,"_cameraCFrame":[756.152,244.636,42.852,0.059,-0.944,0.324,0,0.324,0.946,-0.998,-0.056,0.019],"_shiftlockState":false,"_pose":"FreeFall","_animationQueue":[["walk",0.1],["fall",0.3],["fall",0.3]],"_animationSpeed":1,"_zoom":20.656},{"_mousePosition":[640,365],"_rootPartCFrame":[749.203,223.183,42.441,0.128,0,0.992,0,1,0,-0.992,0,0.128],"_humanoidState":7,"_cameraCFrame":[755.966,244.197,42.77,0.049,-0.944,0.327,0,0.328,0.945,-0.999,-0.046,0.016],"_shiftlockState":false,"_pose":"FreeFall","_animationQueue":[],"_animationSpeed":1,"_zoom":20.656},{"_mousePosition":[640,365],"_rootPartCFrame":[748.937,223.249,42.425,0.119,0,0.993,0,1,0,-0.993,0,0.119],"_humanoidState":7,"_cameraCFrame":[755.741,244.251,42.686,0.038,-0.943,0.329,0,0.33,0.944,-0.999,-0.036,0.013],"_shiftlockState":false,"_pose":"FreeFall","_animationQueue":[],"_animationSpeed":1,"_zoom":20.656},{"_mousePosition":[640,365],"_rootPartCFrame":[748.537,223.362,42.405,0.105,0,0.995,0,1,0,-0.995,0,0.105],"_humanoidState":8,"_cameraCFrame":[755.344,244.363,42.581,0.026,-0.944,0.33,0,0.33,0.944,-1,-0.024,0.009],"_shiftlockState":false,"_pose":"Running","_animationQueue":[["walk",0.1],["fall",0.3],["walk",0.1]],"_animationSpeed":1.103,"_zoom":20.656},{"_mousePosition":[640,365],"_rootPartCFrame":[748.404,223.385,42.399,0.1,0,0.995,0,1,0,-0.995,0,0.1],"_humanoidState":8,"_cameraCFrame":[755.25,244.373,42.49,0.013,-0.943,0.331,0,0.331,0.943,-1,-0.012,0.004],"_shiftlockState":false,"_pose":"Running","_animationQueue":[],"_animationSpeed":1.103,"_zoom":20.656},{"_mousePosition":[640,365],"_rootPartCFrame":[748.137,223.415,42.392,0.09,0,0.996,0,1,0,-0.996,0,0.09],"_humanoidState":8,"_cameraCFrame":[755.022,244.389,42.413,0.003,-0.943,0.333,0,0.333,0.943,-1,-0.003,0.001],"_shiftlockState":false,"_pose":"Running","_animationQueue":[["walk",0.1]],"_animationSpeed":1.103,"_zoom":20.656},{"_mousePosition":[640,365],"_rootPartCFrame":[747.871,223.431,42.388,0.08,0,0.997,0,1,0,-0.997,0,0.08],"_humanoidState":8,"_cameraCFrame":[754.794,244.392,42.357,-0.005,-0.942,0.335,0,0.335,0.942,-1,0.004,-0.002],"_shiftlockState":false,"_pose":"Running","_animationQueue":[],"_animationSpeed":1.103,"_zoom":20.656},{"_mousePosition":[640,365],"_rootPartCFrame":[747.604,223.44,42.387,0.07,0,0.998,0,1,0,-0.998,0,0.07],"_humanoidState":8,"_cameraCFrame":[754.527,244.401,42.338,-0.007,-0.942,0.335,0,0.335,0.942,-1,0.007,-0.002],"_shiftlockState":false,"_pose":"Running","_animationQueue":[],"_animationSpeed":1.103,"_zoom":20.656},{"_mousePosition":[640,365],"_rootPartCFrame":[747.337,223.444,42.388,0.06,0,0.998,0,1,0,-0.998,0,0.06],"_humanoidState":8,"_cameraCFrame":[754.26,244.406,42.339,-0.007,-0.942,0.335,0,0.335,0.942,-1,0.007,-0.002],"_shiftlockState":false,"_pose":"Running","_animationQueue":[],"_animationSpeed":1.103,"_zoom":20.656},{"_mousePosition":[640,365],"_rootPartCFrame":[747.071,223.447,42.39,0.051,0,0.999,0,1,0,-0.999,0,0.051],"_humanoidState":8,"_cameraCFrame":[753.993,244.408,42.341,-0.007,-0.942,0.335,0,0.335,0.942,-1,0.007,-0.002],"_shiftlockState":false,"_pose":"Running","_animationQueue":[],"_animationSpeed":1.103,"_zoom":20.656},{"_mousePosition":[640,365],"_rootPartCFrame":[746.804,223.448,42.392,0.043,0,0.999,0,1,0,-0.999,0,0.043],"_humanoidState":8,"_cameraCFrame":[753.727,244.409,42.326,-0.01,-0.942,0.335,0,0.335,0.942,-1,0.009,-0.003],"_shiftlockState":false,"_pose":"Running","_animationQueue":[],"_animationSpeed":1.103,"_zoom":20.656},{"_mousePosition":[640,365],"_rootPartCFrame":[746.538,223.449,42.394,0.036,0,0.999,0,1,0,-0.999,0,0.036],"_humanoidState":8,"_cameraCFrame":[753.46,244.41,42.328,-0.01,-0.942,0.335,0,0.335,0.942,-1,0.009,-0.003],"_shiftlockState":false,"_pose":"Running","_animationQueue":[["walk",0.1]],"_animationSpeed":1.103,"_zoom":20.656},{"_mousePosition":[640,365],"_rootPartCFrame":[746.271,223.449,42.397,0.03,0,1,0,1,0,-1,0,0.03],"_humanoidState":8,"_cameraCFrame":[753.193,244.411,42.33,-0.01,-0.942,0.335,0,0.335,0.942,-1,0.009,-0.003],"_shiftlockState":false,"_pose":"Running","_animationQueue":[],"_animationSpeed":1.103,"_zoom":20.656},{"_mousePosition":[640,365],"_rootPartCFrame":[746.004,223.449,42.399,0.025,0,1,0,1,0,-1,0,0.025],"_humanoidState":8,"_cameraCFrame":[752.927,244.411,42.333,-0.01,-0.942,0.335,0,0.335,0.942,-1,0.009,-0.003],"_shiftlockState":false,"_pose":"Running","_animationQueue":[],"_animationSpeed":1.103,"_zoom":20.656},{"_mousePosition":[640,365],"_rootPartCFrame":[745.738,223.45,42.402,0.02,0,1,0,1,0,-1,0,0.02],"_humanoidState":8,"_cameraCFrame":[752.698,244.397,42.335,-0.01,-0.941,0.337,0,0.337,0.942,-1,0.009,-0.003],"_shiftlockState":false,"_pose":"Running","_animationQueue":[],"_animationSpeed":1.103,"_zoom":20.656},{"_mousePosition":[640,365],"_rootPartCFrame":[745.471,223.45,42.404,0.016,0,1,0,1,0,-1,0,0.016],"_humanoidState":8,"_cameraCFrame":[752.432,244.397,42.355,-0.007,-0.941,0.337,0,0.337,0.942,-1,0.007,-0.002],"_shiftlockState":false,"_pose":"Running","_animationQueue":[],"_animationSpeed":1.103,"_zoom":20.656},{"_mousePosition":[640,365],"_rootPartCFrame":[745.205,223.45,42.407,0.013,0,1,0,1,0,-1,0,0.013],"_humanoidState":8,"_cameraCFrame":[752.165,244.397,42.393,-0.002,-0.942,0.337,0,0.337,0.942,-1,0.002,-0.001],"_shiftlockState":false,"_pose":"Running","_animationQueue":[],"_animationSpeed":1.103,"_zoom":20.656},{"_mousePosition":[640,365],"_rootPartCFrame":[744.938,223.45,42.409,0.01,0,1,0,1,0,-1,0,0.01],"_humanoidState":8,"_cameraCFrame":[751.898,244.398,42.465,0.008,-0.941,0.337,0,0.337,0.942,-1,-0.008,0.003],"_shiftlockState":false,"_pose":"Running","_animationQueue":[["walk",0.1]],"_animationSpeed":1.103,"_zoom":20.656},{"_mousePosition":[640,365],"_rootPartCFrame":[744.671,223.45,42.409,0.008,0,1,0,1,0,-1,0,0.008],"_humanoidState":8,"_cameraCFrame":[751.669,244.384,42.537,0.018,-0.941,0.339,0,0.339,0.941,-1,-0.017,0.006],"_shiftlockState":false,"_pose":"Running","_animationQueue":[],"_animationSpeed":1.103,"_zoom":20.656},{"_mousePosition":[640,365],"_rootPartCFrame":[744.405,223.45,42.408,0.008,0,1,0,1,0,-1,0,0.008],"_humanoidState":8,"_cameraCFrame":[751.438,244.37,42.625,0.031,-0.94,0.34,0,0.341,0.94,-1,-0.029,0.011],"_shiftlockState":false,"_pose":"Running","_animationQueue":[],"_animationSpeed":1.103,"_zoom":20.656},{"_mousePosition":[640,365],"_rootPartCFrame":[744.138,223.45,42.403,0.009,0,1,0,1,0,-1,0,0.009],"_humanoidState":8,"_cameraCFrame":[751.205,244.356,42.729,0.046,-0.939,0.342,0,0.342,0.94,-0.999,-0.043,0.016],"_shiftlockState":false,"_pose":"Running","_animationQueue":[],"_animationSpeed":1.103,"_zoom":20.656},{"_mousePosition":[640,365],"_rootPartCFrame":[743.871,223.45,42.395,0.012,0,1,0,1,0,-1,0,0.012],"_humanoidState":8,"_cameraCFrame":[750.935,244.356,42.792,0.056,-0.938,0.342,0,0.342,0.94,-0.998,-0.053,0.019],"_shiftlockState":false,"_pose":"Running","_animationQueue":[],"_animationSpeed":1.103,"_zoom":20.656},{"_mousePosition":[640,365],"_rootPartCFrame":[743.605,223.45,42.383,0.016,0,1,0,1,0,-1,0,0.016],"_humanoidState":8,"_cameraCFrame":[750.702,244.343,42.854,0.066,-0.937,0.344,0,0.344,0.939,-0.998,-0.062,0.023],"_shiftlockState":false,"_pose":"Running","_animationQueue":[],"_animationSpeed":1.103,"_zoom":20.656},{"_mousePosition":[640,365],"_rootPartCFrame":[743.339,223.45,42.368,0.022,0,1,0,1,0,-1,0,0.022