[{"_mousePosition":[712,357],"_rootPartCFrame":[776.023,222.7,47.142,0.003,0,1,0,1,0,-1,0,0.003],"_humanoidState":8,"_cameraCFrame":[775.682,244.327,42.511,-0.997,0.072,-0.017,0,0.225,0.974,0.073,0.972,-0.224],"_shiftlockState":false,"_pose":"Standing","_animationQueue":[],"_animationSpeed":1,"_zoom":20.656},{"_mousePosition":[712,357],"_rootPartCFrame":[775.852,222.7,47.155,-0.004,0,1,0,1,0,-1,0,-0.004],"_humanoidState":8,"_cameraCFrame":[775.511,244.327,42.523,-0.997,0.072,-0.017,0,0.225,0.974,0.073,0.972,-0.224],"_shiftlockState":false,"_pose":"Standing","_animationQueue":[],"_animationSpeed":1,"_zoom":20.656},{"_mousePosition":[712,357],"_rootPartCFrame":[775.588,222.7,47.174,-0.014,0,1,0,1,0,-1,0,-0.014],"_humanoidState":8,"_cameraCFrame":[775.247,244.327,42.543,-0.997,0.072,-0.017,0,0.225,0.974,0.073,0.972,-0.224],"_shiftlockState":false,"_pose":"Running","_animationQueue":[["walk",0.1]],"_animationSpeed":1.003,"_zoom":20.656},{"_mousePosition":[712,357],"_rootPartCFrame":[775.322,222.7,47.194,-0.022,0,1,0,1,0,-1,0,-0.022],"_humanoidState":8,"_cameraCFrame":[774.981,244.327,42.562,-0.997,0.072,-0.017,0,0.225,0.974,0.073,0.972,-0.224],"_shiftlockState":false,"_pose":"Running","_animationQueue":[["walk",0.1]],"_animationSpeed":1.101,"_zoom":20.656},{"_mousePosition":[712,357],"_rootPartCFrame":[775.056,222.7,47.214,-0.029,0,1,0,1,0,-1,0,-0.029],"_humanoidState":8,"_cameraCFrame":[774.715,244.327,42.582,-0.997,0.072,-0.017,0,0.225,0.974,0.073,0.972,-0.224],"_shiftlockState":false,"_pose":"Running","_animationQueue":[],"_animationSpeed":1.101,"_zoom":20.656},{"_mousePosition":[712,357],"_rootPartCFrame":[774.79,222.7,47.233,-0.035,0,0.999,0,1,0,-0.999,0,-0.035],"_humanoidState":8,"_cameraCFrame":[774.452,244.336,42.641,-0.997,0.072,-0.016,0,0.223,0.975,0.073,0.972,-0.222],"_shiftlockState":false,"_pose":"Running","_animationQueue":[],"_animationSpeed":1.101,"_zoom":20.656},{"_mousePosition":[712,357],"_rootPartCFrame":[774.524,222.7,47.253,-0.04,0,0.999,0,1,0,-0.999,0,-0.04],"_humanoidState":8,"_cameraCFrame":[774.177,244.345,42.7,-0.997,0.074,-0.017,0,0.221,0.975,0.076,0.972,-0.22],"_shiftlockState":false,"_pose":"Running","_animationQueue":[],"_animationSpeed":1.101,"_zoom":20.656},{"_mousePosition":[712,357],"_rootPartCFrame":[774.258,222.7,47.272,-0.045,0,0.999,0,1,0,-0.999,0,-0.045],"_humanoidState":8,"_cameraCFrame":[773.914,244.354,42.759,-0.997,0.074,-0.017,0,0.219,0.976,0.076,0.973,-0.218],"_shiftlockState":false,"_pose":"Running","_animationQueue":[["walk",0.1]],"_animationSpeed":1.101,"_zoom":20.656},{"_mousePosition":[712,357],"_rootPartCFrame":[773.992,222.7,47.293,-0.049,0,0.999,0,1,0,-0.999,0,-0.049],"_humanoidState":8,"_cameraCFrame":[773.648,244.354,42.779,-0.997,0.074,-0.017,0,0.219,0.976,0.076,0.973,-0.218],"_shiftlockState":false,"_pose":"Running","_animationQueue":[],"_animationSpeed":1.101,"_zoom":20.656},{"_mousePosition":[712,357],"_rootPartCFrame":[773.726,222.7,47.313,-0.052,0,0.999,0,1,0,-0.999,0,-0.052],"_humanoidState":8,"_cameraCFrame":[773.383,244.354,42.799,-0.997,0.074,-0.017,0,0.219,0.976,0.076,0.973,-0.218],"_shiftlockState":false,"_pose":"Running","_animationQueue":[],"_animationSpeed":1.101,"_zoom":20.656},{"_mousePosition":[712,357],"_rootPartCFrame":[773.461,222.7,47.333,-0.056,0,0.998,0,1,0,-0.998,0,-0.056],"_humanoidState":8,"_cameraCFrame":[773.117,244.354,42.82,-0.997,0.074,-0.017,0,0.219,0.976,0.076,0.973,-0.218],"_shiftlockState":false,"_pose":"Running","_animationQueue":[],"_animationSpeed":1.101,"_zoom":20.656},{"_mousePosition":[712,357],"_rootPartCFrame":[773.195,222.7,47.353,-0.058,0,0.998,0,1,0,-0.998,0,-0.058],"_humanoidState":8,"_cameraCFrame":[772.851,244.354,42.84,-0.997,0.074,-0.017,0,0.219,0.976,0.076,0.973,-0.218],"_shiftlockState":false,"_pose":"Running","_animationQueue":[],"_animationSpeed":1.101,"_zoom":20.656},{"_mousePosition":[712,357],"_rootPartCFrame":[772.929,222.7,47.374,-0.061,0,0.998,0,1,0,-0.998,0,-0.061],"_humanoidState":8,"_cameraCFrame":[772.585,244.354,42.86,-0.997,0.074,-0.017,0,0.219,0.976,0.076,0.973,-0.218],"_shiftlockState":false,"_pose":"Running","_animationQueue":[],"_animationSpeed":1.101,"_zoom":20.656},{"_mousePosition":[712,357],"_rootPartCFrame":[772.663,222.7,47.394,-0.063,0,0.998,0,1,0,-0.998,0,-0.063],"_humanoidState":8,"_cameraCFrame":[772.319,244.354,42.88,-0.997,0.074,-0.017,0,0.219,0.976,0.076,0.973,-0.218],"_shiftlockState":false,"_pose":"Running","_animationQueue":[],"_animationSpeed":1.101,"_zoom":20.656},{"_mousePosition":[712,357],"_rootPartCFrame":[772.397,222.7,47.414,-0.065,0,0.998,0,1,0,-0.998,0,-0.065],"_humanoidState":8,"_cameraCFrame":[772.053,244.354,42.901,-0.997,0.074,-0.017,0,0.219,0.976,0.076,0.973,-0.218],"_shiftlockState":false,"_pose":"Running","_animationQueue":[["walk",0.1]],"_animationSpeed":1.101,"_zoom":20.656},{"_mousePosition":[712,357],"_rootPartCFrame":[772.131,222.7,47.434,-0.066,0,0.998,0,1,0,-0.998,0,-0.066],"_humanoidState":8,"_cameraCFrame":[770.042,244.354,43.054,-0.997,0.074,-0.017,0,0.219,0.976,0.076,0.973,-0.218],"_shiftlockState":true,"_pose":"Running","_animationQueue":[],"_animationSpeed":1.101,"_zoom":20.656},{"_mousePosition":[683,384],"_rootPartCFrame":[771.865,223.573,47.455,-0.997,0,-0.077,0,1,0,0.077,0,-0.997],"_humanoidState":3,"_cameraCFrame":[769.777,245.227,43.074,-0.997,0.074,-0.017,0,0.219,0.976,0.076,0.973,-0.218],"_shiftlockState":true,"_pose":"Jumping","_animationQueue":[["walk",0.1],["jump",0.1]],"_animationSpeed":1,"_zoom":20.656},{"_mousePosition":[683,384],"_rootPartCFrame":[771.599,224.395,47.475,-1,0,0.016,0,1,0,-0.016,0,-1],"_humanoidState":5,"_cameraCFrame":[769.511,246.049,43.094,-0.997,0.074,-0.017,0,0.219,0.976,0.076,0.973,-0.218],"_shiftlockState":true,"_pose":"FreeFall","_animationQueue":[["jump",0.1]],"_animationSpeed":1,"_zoom":20.656},{"_mousePosition":[683,384],"_rootPartCFrame":[771.334,225.162,47.495,-0.999,0,0.052,0,1,0,-0.052,0,-0.999],"_humanoidState":5,"_cameraCFrame":[769.245,246.816,43.115,-0.997,0.074,-0.017,0,0.219,0.976,0.076,0.973,-0.218],"_shiftlockState":true,"_pose":"FreeFall","_animationQueue":[],"_animationSpeed":1,"_zoom":20.656},{"_mousePosition":[683,384],"_rootPartCFrame":[771.068,225.875,47.515,-0.998,0,0.057,0,1,0,-0.057,0,-0.998],"_humanoidState":5,"_cameraCFrame":[768.979,247.529,43.135,-0.997,0.074,-0.017,0,0.219,0.976,0.076,0.973,-0.218],"_shiftlockState":true,"_pose":"FreeFall","_animationQueue":[],"_animationSpeed":1,"_zoom":20.656},{"_mousePosition":[683,384],"_rootPartCFrame":[770.802,226.534,47.536,-0.998,0,0.057,0,1,0,-0.057,0,-0.998],"_humanoidState":5,"_cameraCFrame":[768.713,248.188,43.155,-0.997,0.074,-0.017,0,0.219,0.976,0.076,0.973,-0.218],"_shiftlockState":true,"_pose":"FreeFall","_animationQueue":[],"_animationSpeed":1,"_zoom":20.656},{"_mousePosition":[683,384],"_rootPartCFrame":[770.536,227.138,47.556,-0.998,0,0.057,0,1,0,-0.057,0,-0.998],"_humanoidState":5,"_cameraCFrame":[768.447,248.792,43.175,-0.997,0.074,-0.017,0,0.219,0.976,0.076,0.973,-0.218],"_shiftlockState":true,"_pose":"FreeFall","_animationQueue":[],"_animationSpeed":1,"_zoom":20.656},{"_mousePosition":[683,384],"_rootPartCFrame":[770.27,227.687,47.576,-0.998,0,0.057,0,1,0,-0.057,0,-0.998],"_humanoidState":5,"_cameraCFrame":[768.181,249.341,43.196,-0.997,0.074,-0.017,0,0.219,0.976,0.076,0.973,-0.218],"_shiftlockState":true,"_pose":"FreeFall","_animationQueue":[],"_animationSpeed":1,"_zoom":20.656},{"_mousePosition":[683,384],"_rootPartCFrame":[770.004,228.182,47.596,-0.998,0,0.057,0,1,0,-0.057,0,-0.998],"_humanoidState":5,"_cameraCFrame":[767.916,249.836,43.216,-0.997,0.074,-0.017,0,0.219,0.976,0.076,0.973,-0.218],"_shiftlockState":true,"_pose":"FreeFall","_animationQueue":[],"_animationSpeed":1,"_zoom":20.656},{"_mousePosition":[683,384],"_rootPartCFrame":[769.672,228.725,47.622,-0.996,0,0.09,0,1,0,-0.09,0,-0.996],"_humanoidState":5,"_cameraCFrame":[767.583,250.379,43.241,-0.997,0.074,-0.017,0,0.219,0.976,0.076,0.973,-0.218],"_shiftlockState":true,"_pose":"FreeFall","_animationQueue":[],"_animationSpeed":1,"_zoom":20.656},{"_mousePosition":[683,384],"_rootPartCFrame":[769.473,229.009,47.637,-1,0,0.024,0,1,0,-0.024,0,-1],"_humanoidState":5,"_cameraCFrame":[767.384,250.663,43.257,-0.997,0.074,-0.017,0,0.219,0.976,0.076,0.973,-0.218],"_shiftlockState":true,"_pose":"FreeFall","_animationQueue":[],"_animationSpeed":1,"_zoom":20.656},{"_mousePosition":[683,384],"_rootPartCFrame":[769.207,229.34,47.657,-0.998,0,0.057,0,1,0,-0.057,0,-0.998],"_humanoidState":5,"_cameraCFrame":[767.118,250.994,43.277,-0.997,0.074,-0.017,0,0.219,0.976,0.076,0.973,-0.218],"_shiftlockState":true,"_pose":"FreeFall","_animationQueue":[],"_animationSpeed":1,"_zoom":20.656},{"_mousePosition":[683,384],"_rootPartCFrame":[768.941,229.617,47.677,-0.998,0,0.057,0,1,0,-0.057,0,-0.998],"_humanoidState":5,"_cameraCFrame":[766.852,251.271,43.297,-0.997,0.074,-0.017,0,0.219,0.976,0.076,0.973,-0.218],"_shiftlockState":true,"_pose":"FreeFall","_animationQueue":[],"_animationSpeed":1,"_zoom":20.656},{"_mousePosition":[683,384],"_rootPartCFrame":[768.675,229.84,47.698,-0.998,0,0.057,0,1,0,-0.057,0,-0.998],"_humanoidState":5,"_cameraCFrame":[766.586,251.494,43.317,-0.997,0.074,-0.017,0,0.219,0.976,0.076,0.973,-0.218],"_shiftlockState":true,"_pose":"FreeFall","_animationQueue":[],"_animationSpeed":1,"_zoom":20.656},{"_mousePosition":[683,384],"_rootPartCFrame":[768.409,230.008,47.718,-0.998,0,0.057,0,1,0,-0.057,0,-0.998],"_humanoidState":5,"_cameraCFrame":[766.32,251.662,43.338,-0.997,0.074,-0.017,0,0.219,0.976,0.076,0.973,-0.218],"_shiftlockState":true,"_pose":"FreeFall","_animationQueue":[],"_animationSpeed":1,"_zoom":20.656},{"_mousePosition":[683,384],"_rootPartCFrame":[768.143,230.122,47.738,-0.998,0,0.057,0,1,0,-0.057,0,-0.998],"_humanoidState":5,"_cameraCFrame":[766.057,251.784,43.397,-0.997,0.074,-0.017,0,0.217,0.976,0.076,0.973,-0.217],"_shiftlockState":true,"_pose":"FreeFall","_animationQueue":[],"_animationSpeed":1,"_zoom":20.656},{"_mousePosition":[683,384],"_rootPartCFrame":[767.877,230.181,47.759,-0.998,0,0.057,0,1,0,-0.057,0,-0.998],"_humanoidState":5,"_cameraCFrame":[765.816,251.852,43.446,-0.997,0.069,-0.015,0,0.215,0.977,0.071,0.974,-0.215],"_shiftlockState":true,"_pose":"FreeFall","_animationQueue":[],"_animationSpeed":1,"_zoom":20.656},{"_mousePosition":[683,384],"_rootPartCFrame":[767.611,230.185,47.779,-0.998,0,0.062,0,1,0,-0.062,0,-0.998],"_humanoidState":5,"_cameraCFrame":[765.588,251.874,43.529,-0.998,0.062,-0.013,0,0.212,0.977,0.063,0.975,-0.211],"_shiftlockState":true,"_pose":"FreeFall","_animationQueue":[],"_animationSpeed":1,"_zoom":20.656},{"_mousePosition":[683,384],"_rootPartCFrame":[767.346,230.135,47.798,-0.998,0,0.07,0,1,0,-0.07,0,-0.998],"_humanoidState":5,"_cameraCFrame":[765.38,251.841,43.602,-0.999,0.05,-0.011,0,0.208,0.978,0.051,0.977,-0.207],"_shiftlockState":true,"_pose":"FreeFall","_animationQueue":[],"_animationSpeed":1,"_zoom":20.656},{"_mousePosition":[683,384],"_rootPartCFrame":[767.079,230.031,47.815,-0.997,0,0.082,0,1,0,-0.082,0,-0.997],"_humanoidState":5,"_cameraCFrame":[765.256,251.769,43.714,-1,0.017,-0.004,0,0.2,0.98,0.018,0.98,-0.2],"_shiftlockState":true,"_pose":"FreeFall","_animationQueue":[["fall",0.3]],"_animationSpeed":1,"_zoom":20.656},{"_mousePosition":[683,384],"_rootPartCFrame":[766.813,229.872,47.829,-0.993,0,0.115,0,1,0,-0.115,0,-0.993],"_humanoidState":5,"_cameraCFrame":[765.103,251.634,43.797,-1,-0.01,0.002,0,0.194,0.981,-0.01,0.981,-0.194],"_shiftlockState":true,"_pose":"FreeFall","_animationQueue":[],"_animationSpeed":1,"_zoom":20.656},{"_mousePosition":[683,384],"_rootPartCFrame":[766.546,229.658,47.835,-0.99,0,0.143,0,1,0,-0.143,0,-0.99],"_humanoidState":5,"_cameraCFrame":[764.987,251.436,43.82,-0.999,-0.047,0.009,0,0.191,0.982,-0.048,0.981,-0.19],"_shiftlockState":true,"_pose":"FreeFall","_animationQueue":[],"_animationSpeed":1,"_zoom":20.656},{"_mousePosition":[683,384],"_rootPartCFrame":[766.28,229.39,47.834,-0.984,0,0.18,0,1,0,-0.18,0,-0.984],"_humanoidState":5,"_cameraCFrame":[764.898,251.183,43.831,-0.996,-0.092,0.017,0,0.187,0.982,-0.093,0.978,-0.186],"_shiftlockState":true,"_pose":"FreeFall","_animationQueue":[],"_animationSpeed":1,"_zoom":20.656},{"_mousePosition":[683,384],"_rootPartCFrame":[766.013,229.068,47.822,-0.974,0,0.225,0,1,0,-0.225,0,-0.974],"_humanoidState":5,"_cameraCFrame":[764.814,250.875,43.836,-0.99,-0.139,0.026,0,0.183,0.983,-0.141,0.973,-0.181],"_shiftlockState":true,"_pose":"FreeFall","_animationQueue":[],"_animationSpeed":1,"_zoom":20.656},{"_mousePosition":[683,384],"_rootPartCFrame":[765.748,228.691,47.799,-0.962,0,0.271,0,1,0,-0.271,0,-0.962],"_humanoidState":5,"_cameraCFrame":[764.744,250.506,43.796,-0.982,-0.188,0.035,0,0.181,0.983,-0.191,0.965,-0.178],"_shiftlockState":true,"_pose":"FreeFall","_animationQueue":[],"_animationSpeed":1,"_zoom":20.656},{"_mousePosition":[683,384],"_rootPartCFrame":[765.484,228.259,47.764,-0.947,0,0.32,0,1,0,-0.32,0,-0.947],"_humanoidState":5,"_cameraCFrame":[764.674,250.082,43.753,-0.971,-0.237,0.043,0,0.179,0.984,-0.24,0.955,-0.174],"_shiftlockState":true,"_pose":"FreeFall","_animationQueue":[],"_animationSpeed":1,"_zoom":20.656},{"_mousePosition":[683,384],"_rootPartCFrame":[765.221,227.773,47.715,-0.93,0,0.367,0,1,0,-0.367,0,-0.93],"_humanoidState":5,"_cameraCFrame":[764.603,249.61,43.743,-0.957,-0.287,0.051,0,0.175,0.985,-0.292,0.942,-0.168],"_shiftlockState":true,"_pose":"FreeFall","_animationQueue":[["fall",0.3]],"_animationSpeed":1,"_zoom":20.656},{"_mousePosition":[683,384],"_rootPartCFrame":[764.962,227.233,47.652,-0.909,0,0.416,0,1,0,-0.416,0,-0.909],"_humanoidState":5,"_cameraCFrame":[764.575,249.075,43.68,-0.937,-0.344,0.061,0,0.174,0.985,-0.349,0.923,-0.163],"_shiftlockState":true,"_pose":"FreeFall","_animationQueue":[],"_animationSpeed":1,"_zoom":20.656},{"_mousePosition":[683,384],"_rootPartCFrame":[764.707,226.638,47.577,-0.882,0,0.471,0,1,0,-0.471,0,-0.882],"_humanoidState":5,"_cameraCFrame":[764.591,248.48,43.587,-0.911,-0.406,0.072,0,0.174,0.985,-0.412,0.897,-0.158],"_shiftlockState":true,"_pose":"FreeFall","_animationQueue":[],"_animationSpeed":1,"_zoom":20.656},{"_mousePosition":[683,384],"_rootPartCFrame":[764.456,225.988,47.486,-0.848,0,0.53,0,1,0,-0.53,0,-0.848],"_humanoidState":5,"_cameraCFrame":[764.644,247.831,43.499,-0.877,-0.473,0.083,0,0.174,0.985,-0.48,0.864,-0.152],"_shiftlockState":true,"_pose":"FreeFall","_animationQueue":[],"_animationSpeed":1,"_zoom":20.656},{"_mousePosition":[683,384],"_rootPartCFrame":[764.212,225.284,47.379,-0.806,0,0.593,0,1,0,-0.593,0,-0.806],"_humanoidState":5,"_cameraCFrame":[764.701,247.127,43.418,-0.838,-0.537,0.095,0,0.174,0.985,-0.545,0.825,-0.146],"_shiftlockState":true,"_pose":"FreeFall","_animationQueue":[],"_animationSpeed":1,"_zoom":20.656},{"_mousePosition":[683,384],"_rootPartCFrame":[763.976,224.526,47.255,-0.758,0,0.652,0,1,0,-0.652,0,-0.758],"_humanoidState":5,"_cameraCFrame":[764.932,246.368,43.38,-0.768,-0.631,0.111,0,0.174,0.985,-0.641,0.756,-0.133],"_shiftlockState":true,"_pose":"FreeFall","_animationQueue":[],"_animationSpeed":1,"_zoom":20.656},{"_mousePosition":[683,384],"_rootPartCFrame":[763.75,223.713,47.113,-0.676,0,0.737,0,1,0,-0.737,0,-0.676],"_humanoidState":5,"_cameraCFrame":[764.988,245.555,43.319,-0.718,-0.685,0.121,0,0.174,0.985,-0.696,0.708,-0.125],"_shiftlockState":true,"_pose":"FreeFall","_animationQueue":[["fall",0.3]],"_animationSpeed":1,"_zoom":20.656},{"_mousePosition":[683,384],"_rootPartCFrame":[763.543,222.956,46.946,-0.689,0,0.725,0,1,0,-0.725,0,-0.689],"_humanoidState":7,"_cameraCFrame":[764.999,244.798,43.23,-0.677,-0.725,0.128,0,0.174,0.985,-0.736,0.666,-0.118],"_shiftlockState":true,"_pose":"FreeFall","_animationQueue":[["walk",0.1],["fall",0.3],["fall",0.3]],"_animationSpeed":1,"_zoom":20.656},{"_mousePosition":[683,384],"_rootPartCFrame":[763.349,222.928,46.763,-0.673,0,0.739,0,1,0,-0.739,0,-0.673],"_humanoidState":7,"_cameraCFrame":[764.936,244.77,43.101,-0.65,-0.748,0.132,0,0.174,0.985,-0.76,0.64,-0.113],"_shiftlockState":true,"_pose":"FreeFall","_animationQueue":[],"_animationSpeed":1,"_zoom":20.656},{"_mousePosition":[683,384],"_rootPartCFrame":[763.167,223.031,46.568,-0.65,0,0.76,0,1,0,-0.76,0,-0.65],"_humanoidState":8,"_cameraCFrame":[764.782,244.873,42.918,-0.644,-0.753,0.133,0,0.174,0.985,-0.765,0.635,-0.112],"_shiftlockState":true,"_pose":"Running","_animationQueue":[["walk",0.1],["fall",0.3],["walk",0.1]],"_animationSpeed":1.103,"_zoom":20.656},{"_mousePosition":[683,384],"_rootPartCFrame":[762.993,223.054,46.366,-0.644,0,0.765,0,1,0,-0.765,0,-0.644],"_humanoidState":8,"_cameraCFrame":[764.626,244.897,42.725,-0.641,-0.756,0.133,0,0.174,0.985,-0.768,0.631,-0.111],"_shiftlockState":true,"_pose":"Running","_animationQueue":[],"_animationSpeed":1.103,"_zoom":20.656},{"_mousePosition":[683,384],"_rootPartCFrame":[762.82,223.086,46.163,-0.641,0,0.768,0,1,0,-0.768,0,-0.641],"_humanoidState":8,"_cameraCFrame":[764.407,244.928,42.501,-0.65,-0.748,0.132,0,0.174,0.985,-0.76,0.64,-0.113],"_shiftlockState":true,"_pose":"Running","_animationQueue":[],"_animationSpeed":1.103,"_zoom":20.656},{"_mousePosition":[683,384],"_rootPartCFrame":[762.649,223.949,45.959,-0.65,0,0.76,0,1,0,-0.76,0,-0.65],"_humanoidState":3,"_cameraCFrame":[764.142,245.791,42.258,-0.669,-0.732,0.129,0,0.174,0.985,-0.743,0.659,-0.116],"_shiftlockState":true,"_pose":"Jumping","_animationQueue":[["walk",0.1],["jump",0.1]],"_animationSpeed":1,"_zoom":20.656},{"_mousePosition":[683,384],"_rootPartCFrame":[762.475,224.757,45.756,-0.598,0,0.801,0,1,0,-0.801,0,-0.598],"_humanoidState":5,"_cameraCFrame":[763.856,246.599,42.011,-0.692,-0.711,0.125,0,0.174,0.985,-0.722,0.681,-0.12],"_shiftlockState":true,"_pose":"FreeFall","_animationQueue":[["jump",0.1]],"_animationSpeed":1,"_zoom":20.656},{"_mousePosition":[683,384],"_rootPartCFrame":[762.298,225.511,45.557,-0.593,0,0.805,0,1,0,-0.805,0,-0.593],"_humanoidState":5,"_cameraCFrame":[763.516,247.353,41.757,-0.722,-0.681,0.12,0,0.174,0.985,-0.692,0.711,-0.125],"_shiftlockState":true,"_pose":"FreeFall","_animationQueue":[],"_animationSpeed":1,"_zoom":20.656},{"_mousePosition":[683,384],"_rootPartCFrame":[762.114,226.21,45.364,-0.624,0,0.781,0,1,0,-0.781,0,-0.624],"_humanoidState":5,"_cameraCFrame":[762.982,248.053,41.468,-0.782,-0.614,0.108,0,0.174,0.985,-0.623,0.77,-0.136],"_shiftlockState":true,"_pose":"FreeFall","_animationQueue":[],"_animationSpeed":1,"_zoom":20.656},{"_mousePosition":[683,384],"_rootPartCFrame":[761.923,226.855,45.178,-0.692,0,0.722,0,1,0,-0.722,0,-0.692],"_humanoidState":5,"_cameraCFrame":[762.642,248.697,41.252,-0.805,-0.584,0.103,0,0.174,0.985,-0.593,0.793,-0.14],"_shiftlockState":true,"_pose":"FreeFall","_animationQueue":[],"_animationSpeed":1,"_zoom":20.656},{"_mousePosition":[683,384],"_rootPartCFrame":[761.718,227.446,45.007,-0.719,0,0.695,0,1,0,-0.695,0,-0.719],"_humanoidState":5,"_cameraCFrame":[761.976,249.288,41.025,-0.868,-0.488,0.086,0,0.174,0.985,-0.496,0.855,-0.151],"_shiftlockState":true,"_pose":"FreeFall","_animationQueue":[],"_animationSpeed":1,"_zoom":20.656},{"_mousePosition":[683,384],"_rootPartCFrame":[761.504,227.981,44.848,-0.795,0,0.607,0,1,0,-0.607,0,-0.795],"_humanoidState":5,"_cameraCFrame":[761.44,249.824,40.858,-0.906,-0.417,0.074,0,0.174,0.985,-0.424,0.892,-0.157],"_shiftlockState":true,"_pose":"FreeFall","_animationQueue":[],"_animationSpeed":1,"_zoom":20.656},{"_mousePosition":[683,384],"_rootPartCFrame":[761.278,228.463,44.708,-0.841,0,0.54,0,1,0,-0.54,0,-0.841],"_humanoidState":5,"_cameraCFrame":[760.901,250.305,40.735,-0.936,-0.346,0.061,0,0.174,0.985,-0.352,0.922,-0.163],"_shiftlockState":true,"_pose":"FreeFall","_animationQueue":[],"_animationSpeed":1,"_zoom":20.656},{"_mousePosition":[683,384],"_rootPartCFrame":[761.039,228.89,44.59,-0.881,0,0.473,0,1,0,-0.473,0,-0.881],"_humanoidState":5,"_cameraCFrame":[760.381,250.732,40.654,-0.959,-0.28,0.049,0,0.174,0.985,-0.284,0.944,-0.166],"_shiftlockState":true,"_pose":"FreeFall","_animationQueue":[],"_animationSpeed":1,"_zoom":20.656},{"_mousePosition":[683,384],"_rootPartCFrame":[760.729,229.347,44.469,-0.898,0,0.439,0,1,0,-0.439,0,-0.898],"_humanoidState":5,"_cameraCFrame":[759.804,251.189,40.586,-0.976,-0.215,0.038,0,0.174,0.985,-0.218,0.961,-0.169],"_shiftlockState":true,"_pose":"FreeFall","_animationQueue":[],"_animationSpeed":1,"_zoom":20.656},{"_mousePosition":[683,384],"_rootPartCFrame":[760.538,229.58,44.408,-0.949,0,0.315,0,1,0,-0.315,0,-0.949],"_humanoidState":5,"_cameraCFrame":[759.379,251.422,40.589,-0.987,-0.156,0.028,0,0.174,0.985,-0.159,0.972,-0.171],"_shiftlockState":true,"_pose":"FreeFall","_animationQueue":[],"_animationSpeed":1,"_zoom":20.656},{"_mousePosition":[683,384],"_rootPartCFrame":[760.214,229.901,44.332,-0.947,0,0.32,0,1,0,-0.32,0,-0.947],"_humanoidState":5,"_cameraCFrame":[758.825,251.743,40.59,-0.995,-0.097,0.017,0,0.174,0.985,-0.098,0.98,-0.173],"_shiftlockState":true,"_pose":"FreeFall","_animationQueue":[],"_animationSpeed":1,"_zoom":20.656},{"_mousePosition":[683,384],"_rootPartCFrame":[760.017,230.052,44.298,-0.98,0,0.197,0,1,0,-0.197,0,-0.98],"_humanoidState":5,"_cameraCFrame":[758.404,251.895,40.647,-0.999,-0.037,0.007,0,0.174,0.985,-0.038,0.984,-0.174],"_shiftlockState":true,"_pose":"FreeFall","_animationQueue":[],"_animationSpeed":1,"_zoom":20.656},{"_mousePosition":[683,384],"_rootPartCFrame":[759.752,230.207,44.269,-0.985,0,0.17,0,1,0,-0.17,0,-0.985],"_humanoidState":5,"_cameraCFrame":[757.92,252.049,40.723,-1,0.023,-0.004,0,0.174,0.985,0.023,0.985,-0.174],"_shiftlockState":true,"_pose":"FreeFall","_animationQueue":[],"_animationSpeed":1,"_zoom":20.656},{"_mousePosition":[683,384],"_rootPartCFrame":[759.485,230.307,44.256,-0.994,0,0.11,0,1,0,-0.11,0,-0.994],"_humanoidState":5,"_cameraCFrame":[757.339,252.149,40.892,-0.994,0.112,-0.02,0,0.174,0.985,0.114,0.978,-0.173],"_shiftlockState":true,"_pose":"FreeFall","_animationQueue":[],"_animationSpeed":1,"_zoom":20.656},{"_mousePosition":[683,384],"_rootPartCFrame":[759.219,230.352,44.26,-1,0,0.019,0,1,0,-0.019,0,-1],"_humanoidState":5,"_cameraCFrame":[756.971,252.194,40.962,-0.99,0.142,-0.025,0,0.174,0.985,0.144,0.975,-0.172],"_shiftlockState":true,"_pose":"FreeFall","_animationQueue":[],"_animationSpeed":1,"_zoom":20.656},{"_mousePosition":[683,384],"_rootPartCFrame":[758.953,230.343,44.284,-1,0,-0.011,0,1,0,0.011,0,-1],"_humanoidState":5,"_cameraCFrame":[756.51,252.185,41.129,-0.979,0.201,-0.035,0,0.174,0.985,0.204,0.964,-0.17],"_shiftlockState":true,"_pose":"FreeFall","_animationQueue":[],"_animationSpeed":1,"_zoom":20.656},{"_mousePosition":[683,384],"_rootPartCFrame":[758.689,230.279,44.321,-0.997,0,-0.072,0,1,0,0.072,0,-0.997],"_humanoidState":5,"_cameraCFrame":[755.954,252.122,41.415,-0.955,0.292,-0.052,0,0.174,0.985,0.297,0.94,-0.166],"_shiftlockState":true,"_pose":"FreeFall","_animationQueue":[],"_animationSpeed":1,"_zoom":20.656},{"_mousePosition":[683,384],"_rootPartCFrame":[758.428,230.161,44.373,-0.986,0,-0.167,0,1,0,0.167,0,-0.986],"_humanoidState":5,"_cameraCFrame":[755.493,252.003,41.668,-0.932,0.358,-0.063,0,0.174,0.985,0.364,0.917,-0.162],"_shiftlockState":true,"_pose":"FreeFall","_animationQueue":[],"_animationSpeed":1,"_zoom":20.656},{"_mousePosition":[683,384],"_rootPartCFrame":[758.172,229.989,44.446,-0.972,0,-0.237,0,1,0,0.237,0,-0.972],"_humanoidState":5,"_cameraCFrame":[755.047,251.831,41.964,-0.902,0.424,-0.075,0,0.174,0.985,0.431,0.889,-0.157],"_shiftlockState":true,"_pose":"FreeFall","_animationQueue":[],"_animationSpeed":1,"_zoom":20.656},{"_mousePosition":[683,384],"_rootPartCFrame":[757.922,229.762,44.539,-0.952,0,-0.307,0,1,0,0.307,0,-0.952],"_humanoidState":5,"_cameraCFrame":[754.629,251.604,42.284,-0.87,0.486,-0.086,0,0.174,0.985,0.494,0.856,-0.151],"_shiftlockState":true,"_pose":"FreeFall","_animationQueue":[],"_animationSpeed":1,"_zoom":20.656},{"_mousePosition":[683,384],"_rootPartCFrame":[757.68,229.48,44.651,-0.928,0,-0.374,0,1,0,0.374,0,-0.928],"_humanoidState":5,"_cameraCFrame":[754.192,251.308,42.568,-0.832,0.545,-0.098,0,0.177,0.984,0.554,0.819,-0.148],"_shiftlockState":true,"_pose":"FreeFall","_animationQueue":[["fall",0.3]],"_animationSpeed":1,"_zoom":20.656},{"_mousePosition":[683,384],"_rootPartCFrame":[757.446,229.144,44.779,-0.899,0,-0.439,0,1,0,0.439,0,-0.899],"_humanoidState":5,"_cameraCFrame":[753.771,250.957,42.886,-0.791,0.601,-0.111,0,0.181,0.983,0.612,0.778,-0.143],"_shiftlockState":true,"_pose":"FreeFall","_animationQueue":[],"_animationSpeed":1,"_zoom":20.656},{"_mousePosition":[683,384],"_rootPartCFrame":[757.222,228.753,44.924,-0.865,0,-0.501,0,1,0,0.501,0,-0.865],"_humanoidState":5,"_cameraCFrame":[753.334,250.545,43.227,-0.742,0.658,-0.125,0,0.187,0.982,0.67,0.729,-0.139],"_shiftlockState":true,"_pose":"FreeFall","_animationQueue":[],"_animationSpeed":1,"_zoom":20.656},{"_mousePosition":[683,384],"_rootPartCFrame":[757.009,228.308,45.084,-0.825,0,-0.565,0,1,0,0.565,0,-0.825],"_humanoidState":5,"_cameraCFrame":[752.907,250.077,43.636,-0.684,0.716,-0.141,0,0.193,0.981,0.729,0.671,-0.132],"_shiftlockState":true,"_pose":"FreeFall","_animationQueue":[],"_animationSpeed":1,"_zoom":20.656},{"_mousePosition":[683,384],"_rootPartCFrame":[756.808,227.809,45.259,-0.775,0,-0.632,0,1,0,0.632,0,-0.775],"_humanoidState":5,"_cameraCFrame":[752.479,249.545,44.05,-0.623,0.767,-0.157,0,0.2,0.98,0.782,0.61,-0.125],"_shiftlockState":true,"_pose":"FreeFall","_animationQueue":[],"_animationSpeed":1,"_zoom":20.656},{"_mousePosition":[683,384],"_rootPartCFrame":[756.622,227.254,45.45,-0.721,0,-0.693,0,1,0,0.693,0,-0.721],"_humanoidState":5,"_cameraCFrame":[752.116,248.967,44.506,-0.562,0.81,-0.171,0,0.206,0.979,0.827,0.55,-0.116],"_shiftlockState":true,"_pose":"FreeFall","_animationQueue":[],"_animationSpeed":1,"_zoom":20.656},{"_mousePosition":[683,384],"_rootPartCFrame":[756.453,226.646,45.655,-0.667,0,-0.745,0,1,0,0.745,0,-0.667],"_humanoidState":5,"_cameraCFrame":[751.824,248.341,44.982,-0.504,0.845,-0.181,0,0.21,0.978,0.864,0.493,-0.106],"_shiftlockState":true,"_pose":"FreeFall","_animationQueue":[],"_animationSpeed":1,"_zoom":20.656},{"_mousePosition":[683,384],"_rootPartCFrame":[756.299,225.983,45.874,-0.614,0,-0.789,0,1,0,0.789,0,-0.614],"_humanoidState":5,"_cameraCFrame":[751.572,247.661,45.411,-0.457,0.869,-0.19,0,0.214,0.977,0.889,0.447,-0.098],"_shiftlockState":true,"_pose":"FreeFall","_animationQueue":[["fall",0.3]],"_animationSpeed":1,"_zoom":20.656},{"_mousePosition":[683,384],"_rootPartCFrame":[756.162,225.265,46.102,-0.571,0,-0.821,0,1,0,0.821,0,-0.571],"_humanoidState":5,"_cameraCFrame":[751.422,246.944,45.795,-0.428,0.883,-0.193,0,0.214,0.977,0.904,0.418,-0.091],"_shiftlockState":true,"_pose":"FreeFall","_animationQueue":[],"_animationSpeed":1,"_zoom":20.656},{"_mousePosition":[683,384],"_rootPartCFrame":[756.038,224.493,46.338,-0.544,0,-0.839,0,1,0,0.839,0,-0.544],"_humanoidState":5,"_cameraCFrame":[751.261,246.163,46.038,-0.423,0.885,-0.195,0,0.216,0.976,0.906,0.413,-0.091],"_shiftlockState":true,"_pose":"FreeFall","_animationQueue":[],"_animationSpeed":1,"_zoom":20.656},{"_mousePosition":[683,384],"_rootPartCFrame":[755.923,223.666,46.579,-0.54,0,-0.842,0,1,0,0.842,0,-0.54],"_humanoidState":5,"_cameraCFrame":[751.01,245.301,46.125,-0.439,0.876,-0.201,0,0.223,0.975,0.898,0.428,-0.098],"_shiftlockState":true,"_pose":"FreeFall","_animationQueue":[],"_animationSpeed":1,"_zoom":20.656},{"_mousePosition":[683,384],"_rootPartCFrame":[755.81,222.9,46.82,-0.471,0,-0.882,0,1,0,0.882,0,-0.471],"_humanoidState":7,"_cameraCFrame":[750.792,244.498,46.03,-0.486,0.85,-0.202,0,0.231,0.973,0.874,0.473,-0.112],"_shiftlockState":true,"_pose":"FreeFall","_animationQueue":[["walk",0.1],["fall",0.3],["fall",0.3]],"_animationSpeed":1,"_zoom":20.656},{"_mousePosition":[683,384],"_rootPartCFrame":[755.694,222.89,47.06,-0.489,0,-0.873,0,1,0,0.873,0,-0.489],"_humanoidState":7,"_cameraCFrame":[750.574,244.431,45.685,-0.564,0.801,-0.2,0,0.242,0.97,0.826,0.547,-0.137],"_shiftlockState":true,"_pose":"FreeFall","_animationQueue":[],"_animationSpeed":1,"_zoom":20.656},{"_mousePosition":[683,384],"_rootPartCFrame":[755.566,223.009,47.294,-0.564,0,-0.826,0,1,0,0.826,0,-0.564],"_humanoidState":8,"_cameraCFrame":[750.526,244.5,45.129,-0.667,0.721,-0.187,0,0.252,0.968,0.745,0.646,-0.168],"_shiftlockState":true,"_pose":"Running","_animationQueue":[["fall",0.3],["walk",0.1],["fall",0.3],["walk",0.1]],"_animationSpeed":1.103,"_zoom":20.656},{"_mousePosition":[683,384],"_rootPartCFrame":[755.436,223.872,47.527,-0.667,0,-0.745,0,1,0,0.745,0,-0.667],"_humanoidState":3,"_cameraCFrame":[750.706,245.322,44.468,-0.777,0.608,-0.163,0,0.259,0.966,0.629,0.75,-0.201],"_shiftlockState":true,"_pose":"Jumping","_animationQueue":[["walk",0.1],["jump",0.1]],"_animationSpeed":1,"_zoom":20.656},{"_mousePosition":[683,384],"_rootPartCFrame":[755.287,224.68,47.746,-0.832,0,-0.555,0,1,0,0.555,0,-0.832],"_humanoidState":5,"_cameraCFrame":[751.18,246.12,43.836,-0.879,0.46,-0.124,0,0.261,0.965,0.476,0.849,-0.23],"_shiftlockState":true,"_pose":"FreeFall","_animationQueue":[["jump",0.1]],"_animationSpeed":1,"_zoom":20.656},{"_mousePosition":[683,384],"_rootPartCFrame":[755.107,225.434,47.939,-0.933,0,-0.359,0,1,0,0.359,0,-0.933],"_humanoidState":5,"_cameraCFrame":[751.847,246.863,43.254,-0.956,0.282,-0.077,0,0.263,0.965,0.292,0.923,-0.252],"_shiftlockState":true,"_pose":"FreeFall","_animationQueue":[],"_animationSpeed":1,"_zoom":20.656},{"_mousePosition":[683,384],"_rootPartCFrame":[754.901,226.134,48.103,-0.987,0,-0.163,0,1,0,0.163,0,-0.987],"_humanoidState":5,"_cameraCFrame":[752.583,247.563,42.887,-0.994,0.102,-0.028,0,0.263,0.965,0.106,0.959,-0.262],"_shiftlockState":true,"_pose":"FreeFall","_animationQueue":[],"_animationSpeed":1,"_zoom":20.656},{"_mousePosition":[683,384],"_rootPartCFrame":[754.869,226.721,48.318,-1,-0.018,0.022,-0.018,1,-0.01,-0.021,-0.011,-1],"_humanoidState":5,"_cameraCFrame":[753.832,248.181,42.797,-0.991,-0.132,0.035,0,0.257,0.966,-0.136,0.957,-0.255],"_shiftlockState":true,"_pose":"FreeFall","_animationQueue":[],"_animationSpeed":1,"_zoom":20.656},{"_mousePosition":[683,384],"_rootPartCFrame":[754.788,227.253,48.503,-0.964,-0.008,0.266,-0.009,1,-0.004,-0.266,-0.006,-0.964],"_humanoidState":5,"_cameraCFrame":[754.137,248.724,42.971,-0.979,-0.197,0.052,0,0.255,0.967,-0.203,0.947,-0.25],"_shiftlockState":true,"_pose":"FreeFall","_animationQueue":[],"_animationSpeed":1,"_zoom":20.656},{"_mousePosition":[683,384],"_rootPartCFrame":[754.679,227.731,48.658,-0.943,-0.002,0.332,-0.002,1,0,-0.332,-0.001,-0.943],"_humanoidState":5,"_cameraCFrame":[754.935,249.233,43.213,-0.931,-0.354,0.091,0,0.25,0.968,-0.366,0.901,-0.232],"_shiftlockState":true,"_pose":"FreeFall","_animationQueue":[],"_animationSpeed":1,"_zoom":20.656},{"_mousePosition":[683,384],"_rootPartCFrame":[754.546,228.155,48.78,-0.874,0,0.486,0,1,0,-0.486,0,-0.874],"_humanoidState":5,"_cameraCFrame":[755.215,249.696,43.521,-0.895,-0.433,0.108,0,0.242,0.97,-0.447,0.868,-0.217],"_shiftlockState":true,"_pose":"FreeFall","_animationQueue":[],"_animationSpeed":1,"_zoom":20.656},{"_mousePosition":[683,384],"_rootPartCFrame":[754.391,228.524,48.868,-0.827,0,0.562,0,1,0,-0.562,0,-0.827],"_humanoidState":5,"_cameraCFrame":[755.378,250.103,43.809,-0.858,-0.499,0.12,0,0.235,0.972,-0.513,0.834,-0.201],"_shiftlockState":true,"_pose":"FreeFall","_animationQueue":[],"_animationSpeed":1,"_zoom":20.656},{"_mousePosition":[683,384],"_rootPartCFrame":[754.221,228.839,48.919,-0.782,0,0.623,0,1,0,-0.623,0,-0.782],"_humanoidState":5,"_cameraCFrame":[755.461,250.455,44.069,-0.821,-0.556,0.13,0,0.227,0.974,-0.571,0.8,-0.186],"_shiftlockState":true,"_pose":"FreeFall","_animationQueue":[],"_animationSpeed":1,"_zoom":20.656},{"_mousePosition":[683,384],"_rootPartCFrame":[754.038,229.099,48.933,-0.738,0,0.675,0,1,0,-0.675,0,-0.738],"_humanoidState":5,"_cameraCFrame":[755.532,250.742,44.27,-0.78,-0.61,0.138,0,0.221,0.975,-0.625,0.761,-0.173],"_shiftlockState":true,"_pose":"FreeFall","_animationQueue":[],"_animationSpeed":1,"_zoom":20.656},{"_mousePosition":[683,384],"_rootPartCFrame":[753.845,229.304,48.908,-0.69,0,0.723,0,1,0,-0.723,0,-0.69],"_humanoidState":5,"_cameraCFrame":[755.624,250.965,44.425,-0.732,-0.665,0.148,0,0.218,0.976,-0.681,0.715,-0.159],"_shiftlockState":true,"_pose":"FreeFall","_animationQueue":[],"_animationSpeed":1,"_zoom":20.656},{"_mousePosition":[683,384],"_rootPartCFrame":[753.647,229.455,48.844,-0.635,0,0.772,0,1,0,-0.772,0,-0.635],"_humanoidState":5,"_cameraCFrame":[755.682,251.134,44.552,-0.682,-0.714,0.156,0,0.214,0.977,-0.731,0.667,-0.146],"_shiftlockState":true,"_pose":"FreeFall","_animationQueue":[],"_animationSpeed":1,"_zoom":20.656},{"_mousePosition":[683,384],"_rootPartCFrame":[753.449,229.552,48.741,-0.579,0,0.815,0,1,0,-0.815,0,-0.579],"_humanoidState":5,"_cameraCFrame":[755.711,251.247,44.647,-0.631,-0.759,0.163,0,0.21,0.978,-0.776,0.617,-0.132],"_shiftlockState":true,"_pose":"FreeFall","_animationQueue":[],"_animationSpeed":1,"_zoom":20.656},{"_mousePosition":[683,384],"_rootPartCFrame":[753.256,229.594,48.598,-0.522,0,0.853,0,1,0,-0.853,0,-0.522],"_humanoidState":5,"_cameraCFrame":[755.688,251.306,44.689,-0.585,-0.794,0.167,0,0.206,0.979,-0.811,0.572,-0.121],"_shiftlockState":true,"_pose":"FreeFall","_animationQueue":[],"_animationSpeed":1,"_zoom":20.656},{"_mousePosition":[683,384],"_rootPartCFrame":[753.076,229.582,48.418,-0.472,0,0.882,0,1,0,-0.882,0,-0.472],"_humanoidState":5,"_cameraCFrame":[755.609,251.31,44.66,-0.549,-0.818,0.169,0,0.202,0.979,-0.836,0.538,-0.111],"_shiftlockState":true,"_pose":"FreeFall","_animationQueue":[],"_animationSpeed":1,"_zoom":20.656},{"_mousePosition":[683,384],"_rootPartCFrame":[752.918,229.472,48.205,-0.514,0,0.858,0,1,0,-0.858,0,-0.514],"_humanoidState":7,"_cameraCFrame":[755.56,251.216,44.613,-0.508,-0.844,0.171,0,0.199,0.98,-0.861,0.498,-0.101],"_shiftlockState":true,"_pose":"FreeFall","_animationQueue":[["walk",0.1]],"_animationSpeed":1.078,"_zoom":20.656},{"_mousePosition":[683,384],"_rootPartCFrame":[752.77,229.304,47.983,-0.504,0,0.864,0,1,0,-0.864,0,-0.504],"_humanoidState":7,"_cameraCFrame":[755.423,251.057,44.444,-0.497,-0.851,0.171,0,0.197,0.98,-0.867,0.488,-0.098],"_shiftlockState":true,"_pose":"FreeFall","_animationQueue":[],"_animationSpeed":1.078,"_zoom":20.656},{"_mousePosition":[683,384],"_rootPartCFrame":[752.633,229.079,47.754,-0.497,0,0.868,0,1,0,-0.868,0,-0.497],"_humanoidState":8,"_cameraCFrame":[755.296,250.839,44.269,-0.486,-0.857,0.17,0,0.195,0.981,-0.874,0.477,-0.095],"_shiftlockState":true,"_pose":"Running","_animationQueue":[["walk",0.1],["walk",0.1]],"_animationSpeed":1.103,"_zoom":20.656},{"_mousePosition":[683,384],"_rootPartCFrame":[752.5,228.795,47.523,-0.486,0,0.874,0,1,0,-0.874,0,-0.486],"_humanoidState":8,"_cameraCFrame":[755.163,250.556,44.038,-0.486,-0.857,0.17,0,0.195,0.981,-0.874,0.477,-0.095],"_shiftlockState":true,"_pose":"Running","_animationQueue":[["walk",0.1]],"_animationSpeed":1.103,"_zoom":20.656},{"_mousePosition":[683,384],"_rootPartCFrame":[752.37,228.596,47.29,-0.486,0,0.874,0,1,0,-0.874,0,-0.486],"_humanoidState":8,"_cameraCFrame":[755.033,250.357,43.805,-0.486,-0.857,0.17,0,0.195,0.981,-0.874,0.477,-0.095],"_shiftlockState":true,"_pose":"Running","_animationQueue":[],"_animationSpeed":1.103,"_zoom":20.656},{"_mousePosition":[683,384],"_rootPartCFrame":[752.24,228.619,47.057,-0.486,0,0.874,0,1,0,-0.874,0,-0.486],"_humanoidState":8,"_cameraCFrame":[754.782,250.396,43.571,-0.5,-0.85,0.165,0,0.191,0.982,-0.866,0.49,-0.095],"_shiftlockState":true,"_pose":"Running","_animationQueue":[],"_animationSpeed":1.103,"_zoom":20.656},{"_mousePosition":[683,384],"_rootPartCFrame":[752.111,228.653,46.824,-0.5,0,0.866,0,1,0,-0.866,0,-0.5],"_humanoidState":8,"_cameraCFrame":[754.433,250.444,43.275,-0.536,-0.829,0.158,0,0.187,0.982,-0.844,0.527,-0.1],"_shiftlockState":true,"_pose":"Running","_animationQueue":[],"_animationSpeed":1.103,"_zoom":20.656},{"_mousePosition":[683,384],"_rootPartCFrame":[751.978,228.674,46.593,-0.536,0,0.844,0,1,0,-0.844,0,-0.536],"_humanoidState":8,"_cameraCFrame":[753.957,250.488,42.964,-0.593,-0.792,0.146,0,0.181,0.983,-0.805,0.583,-0.107],"_shiftlockState":true,"_pose":"Running","_animationQueue":[],"_animationSpeed":1.103,"_zoom":20.656},{"_mousePosition":[683,384],"_rootPartCFrame":[751.835,228.686,46.368,-0.593,0,0.805,0,1,0,-0.805,0,-0.593],"_humanoidState":8,"_cameraCFrame":[753.379,250.514,42.61,-0.671,-0.73,0.132,0,0.177,0.984,-0.741,0.661,-0.119],"_shiftlockState":true,"_pose":"Running","_animationQueue":[],"_animationSpeed":1.103,"_zoom":20.656},{"_mousePosition":[683,384],"_rootPartCFrame":[751.679,228.692,46.152,-0.676,0,0.737,0,1,0,-0.737,0,-0.676],"_humanoidState":8,"_cameraCFrame":[752.69,250.527,42.254,-0.763,-0.637,0.114,0,0.176,0.984,-0.647,0.751,-0.134],"_shiftlockState":true,"_pose":"Running","_animationQueue":[],"_animationSpeed":1.103,"_zoom":20.656},{"_mousePosition":[683,384],"_rootPartCFrame":[751.501,228.696,45.953,-0.768,0,0.641,0,1,0,-0.641,0,-0.768],"_humanoidState":8,"_cameraCFrame":[751.921,250.531,41.948,-0.85,-0.518,0.092,0,0.176,0.984,-0.526,0.837,-0.149],"_shiftlockState":true,"_pose":"Running","_animationQueue":[["walk",0.1]],"_animationSpeed":1.103,"_zoom":20.656},{"_mousePosition":[683,384],"_rootPartCFrame":[751.3,228.698,45.778,-0.855,0,0.518,0,1,0,-0.518,0,-0.855],"_humanoidState":8,"_cameraCFrame":[750.754,250.533,41.789,-0.951,-0.304,0.054,0,0.176,0.984,-0.309,0.936,-0.167],"_shiftlockState":true,"_pose":"Running","_animationQueue":[],"_animationSpeed":1.103,"_zoom":20.656},{"_mousePosition":[683,384],"_rootPartCFrame":[751.097,229.571,45.605,-0.954,0,0.3,0,1,0,-0.3,0,-0.954],"_humanoidState":3,"_cameraCFrame":[750.231,251.406,41.673,-0.973,-0.227,0.04,0,0.176,0.984,-0.231,0.958,-0.171],"_shiftlockState":true,"_pose":"Jumping","_animationQueue":[["walk",0.1],["jump",0.1]],"_animationSpeed":1,"_zoom":20.656},{"_mousePosition":[683,384],"_rootPartCFrame":[750.882,230.393,45.454,-0.949,0,0.316,0,1,0,-0.316,0,-0.949],"_humanoidState":5,"_cameraCFrame":[749.45,252.228,41.691,-0.996,-0.084,0.015,0,0.176,0.984,-0.086,0.981,-0.175],"_shiftlockState":true,"_pose":"FreeFall","_animationQueue":[["jump",0.1]],"_animationSpeed":1,"_zoom":20.656},{"_mousePosition":[683,384],"_rootPartCFrame":[750.649,231.16,45.338,-0.977,0,0.212,0,1,0,-0.212,0,-0.977],"_humanoidState":5,"_cameraCFrame":[748.599,252.988,41.831,-0.997,0.082,-0.015,0,0.177,0.984,0.084,0.981,-0.177],"_shiftlockState":true,"_pose":"FreeFall","_animationQueue":[],"_animationSpeed":1,"_zoom":20.656},{"_mousePosition":[683,384],"_rootPartCFrame":[750.402,231.873,45.259,-0.999,0,0.049,0,1,0,-0.049,0,-0.999],"_humanoidState":5,"_cameraCFrame":[748.111,253.694,41.861,-0.988,0.149,-0.027,0,0.179,0.984,0.151,0.972,-0.177],"_shiftlockState":true,"_pose":"FreeFall","_animationQueue":[],"_animationSpeed":1,"_zoom":20.656},{"_mousePosition":[683,384],"_rootPartCFrame":[750.146,232.532,45.219,-1,0,-0.019,0,1,0,0.019,0,-1],"_humanoidState":5,"_cameraCFrame":[747.719,254.353,41.916,-0.982,0.188,-0.034,0,0.179,0.984,0.191,0.966,-0.176],"_shiftlockState":true,"_pose":"FreeFall","_animationQueue":[],"_animationSpeed":1,"_zoom":20.656},{"_mousePosition":[683,384],"_rootPartCFrame":[749.886,233.136,45.218,-0.998,0,-0.059,0,1,0,0.059,0,-0.998],"_humanoidState":5,"_cameraCFrame":[747.368,254.957,41.984,-0.976,0.215,-0.039,0,0.179,0.984,0.219,0.96,-0.175],"_shiftlockState":true,"_pose":"FreeFall","_animationQueue":[],"_animationSpeed":1,"_zoom":20.656},{"_mousePosition":[683,384],"_rootPartCFrame":[749.624,233.685,45.255,-0.996,0,-0.087,0,1,0,0.087,0,-0.996],"_humanoidState":5,"_cameraCFrame":[747.045,255.521,42.163,-0.97,0.239,-0.043,0,0.176,0.984,0.243,0.955,-0.17],"_shiftlockState":true,"_pose":"FreeFall","_animationQueue":[],"_animationSpeed":1,"_zoom":20.656},{"_mousePosition":[683,384],"_rootPartCFrame":[749.364,234.18,45.312,-0.994,0,-0.112,0,1,0,0.112,0,-0.994],"_humanoidState":5,"_cameraCFrame":[746.702,256.023,42.338,-0.962,0.268,-0.047,0,0.174,0.985,0.272,0.948,-0.167],"_shiftlockState":true,"_pose":"FreeFall","