[{"_mousePosition":[779,405],"_rootPartCFrame":[776.024,222.7,47.142,0.004,0,1,0,1,0,-1,0,0.004],"_humanoidState":8,"_cameraCFrame":[784.219,243.16,47.203,0.007,-0.918,0.397,0,0.397,0.918,-1,-0.007,0.003],"_shiftlockState":false,"_pose":"Standing","_animationQueue":[],"_animationSpeed":1,"_zoom":20.656},{"_mousePosition":[779,405],"_rootPartCFrame":[775.777,222.695,47.141,0.004,0,1,0,1,0,-1,0,0.004],"_humanoidState":8,"_cameraCFrame":[783.936,243.172,47.202,0.007,-0.919,0.395,0,0.395,0.919,-1,-0.007,0.003],"_shiftlockState":false,"_pose":"Standing","_animationQueue":[],"_animationSpeed":1,"_zoom":20.656},{"_mousePosition":[779,405],"_rootPartCFrame":[775.511,222.697,47.139,0.005,0,1,0,1,0,-1,0,0.005],"_humanoidState":8,"_cameraCFrame":[783.596,243.205,47.199,0.007,-0.92,0.391,0,0.391,0.92,-1,-0.007,0.003],"_shiftlockState":false,"_pose":"Running","_animationQueue":[["walk",0.1]],"_animationSpeed":1.066,"_zoom":20.656},{"_mousePosition":[779,405],"_rootPartCFrame":[775.245,222.698,47.137,0.005,0,1,0,1,0,-1,0,0.005],"_humanoidState":8,"_cameraCFrame":[783.255,243.238,47.217,0.01,-0.922,0.388,0,0.388,0.922,-1,-0.009,0.004],"_shiftlockState":false,"_pose":"Running","_animationQueue":[],"_animationSpeed":1.066,"_zoom":20.656},{"_mousePosition":[779,405],"_rootPartCFrame":[774.978,222.699,47.135,0.005,0,1,0,1,0,-1,0,0.005],"_humanoidState":8,"_cameraCFrame":[782.914,243.269,47.234,0.013,-0.923,0.384,0,0.384,0.923,-1,-0.012,0.005],"_shiftlockState":false,"_pose":"Running","_animationQueue":[],"_animationSpeed":1.066,"_zoom":20.656},{"_mousePosition":[779,405],"_rootPartCFrame":[774.712,222.699,47.132,0.006,0,1,0,1,0,-1,0,0.006],"_humanoidState":8,"_cameraCFrame":[782.498,243.331,47.269,0.018,-0.926,0.377,0,0.377,0.926,-1,-0.016,0.007],"_shiftlockState":false,"_pose":"Running","_animationQueue":[],"_animationSpeed":1.066,"_zoom":20.656},{"_mousePosition":[779,405],"_rootPartCFrame":[774.445,222.699,47.129,0.007,0,1,0,1,0,-1,0,0.007],"_humanoidState":8,"_cameraCFrame":[782.044,243.406,47.301,0.023,-0.93,0.368,0,0.368,0.93,-1,-0.021,0.008],"_shiftlockState":false,"_pose":"Running","_animationQueue":[],"_animationSpeed":1.066,"_zoom":20.656},{"_mousePosition":[779,405],"_rootPartCFrame":[774.178,222.7,47.124,0.008,0,1,0,1,0,-1,0,0.008],"_humanoidState":8,"_cameraCFrame":[781.589,243.479,47.311,0.025,-0.933,0.359,0,0.359,0.933,-1,-0.024,0.009],"_shiftlockState":false,"_pose":"Running","_animationQueue":[],"_animationSpeed":1.066,"_zoom":20.656},{"_mousePosition":[779,405],"_rootPartCFrame":[773.912,222.7,47.118,0.01,0,1,0,1,0,-1,0,0.01],"_humanoidState":8,"_cameraCFrame":[781.133,243.551,47.337,0.03,-0.936,0.35,0,0.35,0.937,-1,-0.028,0.011],"_shiftlockState":false,"_pose":"Running","_animationQueue":[["walk",0.1]],"_animationSpeed":1.066,"_zoom":20.656},{"_mousePosition":[779,405],"_rootPartCFrame":[773.645,222.7,47.112,0.012,0,1,0,1,0,-1,0,0.012],"_humanoidState":8,"_cameraCFrame":[780.638,243.634,47.377,0.038,-0.94,0.339,0,0.339,0.941,-0.999,-0.036,0.013],"_shiftlockState":false,"_pose":"Running","_animationQueue":[],"_animationSpeed":1.066,"_zoom":20.656},{"_mousePosition":[779,405],"_rootPartCFrame":[773.379,222.7,47.104,0.014,0,1,0,1,0,-1,0,0.014],"_humanoidState":8,"_cameraCFrame":[780.143,243.715,47.394,0.043,-0.944,0.327,0,0.328,0.945,-0.999,-0.041,0.014],"_shiftlockState":false,"_pose":"Running","_animationQueue":[],"_animationSpeed":1.066,"_zoom":20.656},{"_mousePosition":[779,405],"_rootPartCFrame":[773.112,222.7,47.094,0.017,0,1,0,1,0,-1,0,0.017],"_humanoidState":8,"_cameraCFrame":[779.647,243.792,47.408,0.048,-0.947,0.316,0,0.317,0.949,-0.999,-0.045,0.015],"_shiftlockState":false,"_pose":"Running","_animationQueue":[],"_animationSpeed":1.066,"_zoom":20.656},{"_mousePosition":[779,405],"_rootPartCFrame":[772.846,222.7,47.083,0.021,0,1,0,1,0,-1,0,0.021],"_humanoidState":8,"_cameraCFrame":[779.149,243.867,47.417,0.053,-0.951,0.305,0,0.306,0.952,-0.999,-0.05,0.016],"_shiftlockState":false,"_pose":"Running","_animationQueue":[],"_animationSpeed":1.066,"_zoom":20.656},{"_mousePosition":[779,405],"_rootPartCFrame":[772.579,222.7,47.07,0.024,0,1,0,1,0,-1,0,0.024],"_humanoidState":8,"_cameraCFrame":[778.651,243.94,47.423,0.058,-0.954,0.294,0,0.294,0.956,-0.998,-0.055,0.017],"_shiftlockState":false,"_pose":"Running","_animationQueue":[],"_animationSpeed":1.066,"_zoom":20.656},{"_mousePosition":[779,405],"_rootPartCFrame":[772.313,222.7,47.056,0.028,0,1,0,1,0,-1,0,0.028],"_humanoidState":8,"_cameraCFrame":[777.997,244.055,47.43,0.066,-0.959,0.275,0,0.276,0.961,-0.998,-0.063,0.018],"_shiftlockState":false,"_pose":"Running","_animationQueue":[["walk",0.1]],"_animationSpeed":1.066,"_zoom":20.656},{"_mousePosition":[779,405],"_rootPartCFrame":[772.047,222.7,47.04,0.032,0,0.999,0,1,0,-0.999,0,0.032],"_humanoidState":8,"_cameraCFrame":[777.575,244.099,47.418,0.068,-0.961,0.268,0,0.268,0.963,-0.998,-0.066,0.018],"_shiftlockState":false,"_pose":"Running","_animationQueue":[],"_animationSpeed":1.066,"_zoom":20.656},{"_mousePosition":[779,405],"_rootPartCFrame":[771.781,223.573,47.025,0.036,0,0.999,0,1,0,-0.999,0,0.036],"_humanoidState":3,"_cameraCFrame":[777.154,245.014,47.392,0.068,-0.963,0.26,0,0.261,0.965,-0.998,-0.066,0.018],"_shiftlockState":false,"_pose":"Jumping","_animationQueue":[["walk",0.1],["jump",0.1]],"_animationSpeed":1,"_zoom":20.656},{"_mousePosition":[779,405],"_rootPartCFrame":[771.515,224.395,47.007,0.04,0,0.999,0,1,0,-0.999,0,0.04],"_humanoidState":5,"_cameraCFrame":[776.694,245.888,47.361,0.068,-0.966,0.251,0,0.251,0.968,-0.998,-0.066,0.017],"_shiftlockState":false,"_pose":"FreeFall","_animationQueue":[["jump",0.1]],"_animationSpeed":1,"_zoom":20.656},{"_mousePosition":[779,405],"_rootPartCFrame":[771.248,225.162,46.989,0.044,0,0.999,0,1,0,-0.999,0,0.044],"_humanoidState":5,"_cameraCFrame":[776.272,246.695,47.332,0.068,-0.968,0.243,0,0.244,0.97,-0.998,-0.066,0.017],"_shiftlockState":false,"_pose":"FreeFall","_animationQueue":[],"_animationSpeed":1,"_zoom":20.656},{"_mousePosition":[779,405],"_rootPartCFrame":[771.049,225.702,46.975,0.047,0,0.999,0,1,0,-0.999,0,0.047],"_humanoidState":5,"_cameraCFrame":[775.917,247.274,47.308,0.068,-0.969,0.236,0,0.236,0.972,-0.998,-0.066,0.016],"_shiftlockState":false,"_pose":"FreeFall","_animationQueue":[],"_animationSpeed":1,"_zoom":20.656},{"_mousePosition":[779,405],"_rootPartCFrame":[770.716,226.534,46.953,0.05,0,0.999,0,1,0,-0.999,0,0.05],"_humanoidState":5,"_cameraCFrame":[775.467,248.134,47.277,0.068,-0.971,0.23,0,0.231,0.973,-0.998,-0.066,0.016],"_shiftlockState":false,"_pose":"FreeFall","_animationQueue":[],"_animationSpeed":1,"_zoom":20.656},{"_mousePosition":[779,405],"_rootPartCFrame":[770.517,226.992,46.939,0.052,0,0.999,0,1,0,-0.999,0,0.052],"_humanoidState":5,"_cameraCFrame":[775.111,248.628,47.253,0.068,-0.973,0.222,0,0.223,0.975,-0.998,-0.066,0.015],"_shiftlockState":false,"_pose":"FreeFall","_animationQueue":[],"_animationSpeed":1,"_zoom":20.656},{"_mousePosition":[779,405],"_rootPartCFrame":[770.184,227.687,46.916,0.055,0,0.998,0,1,0,-0.998,0,0.055],"_humanoidState":5,"_cameraCFrame":[774.621,249.359,47.22,0.068,-0.974,0.215,0,0.215,0.977,-0.998,-0.067,0.015],"_shiftlockState":false,"_pose":"FreeFall","_animationQueue":[],"_animationSpeed":1,"_zoom":20.656},{"_mousePosition":[779,405],"_rootPartCFrame":[769.984,228.064,46.903,0.057,0,0.998,0,1,0,-0.998,0,0.057],"_humanoidState":5,"_cameraCFrame":[774.266,249.769,47.174,0.063,-0.976,0.207,0,0.208,0.978,-0.998,-0.062,0.013],"_shiftlockState":false,"_pose":"FreeFall","_animationQueue":[],"_animationSpeed":1,"_zoom":20.656},{"_mousePosition":[779,405],"_rootPartCFrame":[769.652,228.623,46.88,0.059,0,0.998,0,1,0,-0.998,0,0.059],"_humanoidState":5,"_cameraCFrame":[773.778,250.361,47.12,0.058,-0.978,0.2,0,0.2,0.98,-0.998,-0.057,0.012],"_shiftlockState":false,"_pose":"FreeFall","_animationQueue":[],"_animationSpeed":1,"_zoom":20.656},{"_mousePosition":[779,405],"_rootPartCFrame":[769.452,228.918,46.867,0.059,0,0.998,0,1,0,-0.998,0,0.059],"_humanoidState":5,"_cameraCFrame":[773.343,250.703,47.064,0.05,-0.981,0.188,0,0.189,0.982,-0.999,-0.05,0.01],"_shiftlockState":false,"_pose":"FreeFall","_animationQueue":[],"_animationSpeed":1,"_zoom":20.656},{"_mousePosition":[779,405],"_rootPartCFrame":[769.12,229.34,46.848,0.059,0,0.998,0,1,0,-0.998,0,0.059],"_humanoidState":5,"_cameraCFrame":[772.854,251.155,47.008,0.043,-0.983,0.181,0,0.181,0.983,-0.999,-0.042,0.008],"_shiftlockState":false,"_pose":"FreeFall","_animationQueue":[],"_animationSpeed":1,"_zoom":20.656},{"_mousePosition":[779,405],"_rootPartCFrame":[768.853,229.617,46.834,0.059,0,0.998,0,1,0,-0.998,0,0.059],"_humanoidState":5,"_cameraCFrame":[772.469,251.454,46.971,0.038,-0.984,0.175,0,0.175,0.985,-0.999,-0.037,0.007],"_shiftlockState":false,"_pose":"FreeFall","_animationQueue":[],"_animationSpeed":1,"_zoom":20.656},{"_mousePosition":[779,405],"_rootPartCFrame":[768.587,229.84,46.822,0.057,0,0.998,0,1,0,-0.998,0,0.057],"_humanoidState":5,"_cameraCFrame":[772.171,251.682,46.949,0.035,-0.984,0.174,0,0.174,0.985,-0.999,-0.035,0.006],"_shiftlockState":false,"_pose":"FreeFall","_animationQueue":[],"_animationSpeed":1,"_zoom":20.656},{"_mousePosition":[779,405],"_rootPartCFrame":[768.32,230.008,46.812,0.054,0,0.999,0,1,0,-0.999,0,0.054],"_humanoidState":5,"_cameraCFrame":[771.905,251.85,46.929,0.033,-0.984,0.174,0,0.174,0.985,-0.999,-0.032,0.006],"_shiftlockState":false,"_pose":"FreeFall","_animationQueue":[],"_animationSpeed":1,"_zoom":20.656},{"_mousePosition":[779,405],"_rootPartCFrame":[768.054,230.122,46.802,0.052,0,0.999,0,1,0,-0.999,0,0.052],"_humanoidState":5,"_cameraCFrame":[771.639,251.964,46.911,0.03,-0.984,0.174,0,0.174,0.985,-1,-0.03,0.005],"_shiftlockState":false,"_pose":"FreeFall","_animationQueue":[],"_animationSpeed":1,"_zoom":20.656},{"_mousePosition":[779,405],"_rootPartCFrame":[767.787,230.181,46.793,0.049,0,0.999,0,1,0,-0.999,0,0.049],"_humanoidState":5,"_cameraCFrame":[771.373,252.023,46.893,0.028,-0.984,0.174,0,0.174,0.985,-1,-0.027,0.005],"_shiftlockState":false,"_pose":"FreeFall","_animationQueue":[],"_animationSpeed":1,"_zoom":20.656},{"_mousePosition":[779,405],"_rootPartCFrame":[767.521,230.185,46.785,0.047,0,0.999,0,1,0,-0.999,0,0.047],"_humanoidState":5,"_cameraCFrame":[771.107,252.027,46.858,0.02,-0.985,0.174,0,0.174,0.985,-1,-0.02,0.003],"_shiftlockState":false,"_pose":"FreeFall","_animationQueue":[],"_animationSpeed":1,"_zoom":20.656},{"_mousePosition":[779,405],"_rootPartCFrame":[767.254,230.135,46.778,0.044,0,0.999,0,1,0,-0.999,0,0.044],"_humanoidState":5,"_cameraCFrame":[770.841,251.977,46.823,0.013,-0.985,0.174,0,0.174,0.985,-1,-0.012,0.002],"_shiftlockState":false,"_pose":"FreeFall","_animationQueue":[["fall",0.3]],"_animationSpeed":1,"_zoom":20.656},{"_mousePosition":[779,405],"_rootPartCFrame":[766.987,230.031,46.772,0.041,0,0.999,0,1,0,-0.999,0,0.041],"_humanoidState":5,"_cameraCFrame":[770.574,251.873,46.781,0.002,-0.985,0.174,0,0.174,0.985,-1,-0.002,0],"_shiftlockState":false,"_pose":"FreeFall","_animationQueue":[],"_animationSpeed":1,"_zoom":20.656},{"_mousePosition":[779,405],"_rootPartCFrame":[766.721,229.872,46.769,0.038,0,0.999,0,1,0,-0.999,0,0.038],"_humanoidState":5,"_cameraCFrame":[770.308,251.714,46.741,-0.008,-0.985,0.174,0,0.174,0.985,-1,0.008,-0.001],"_shiftlockState":false,"_pose":"FreeFall","_animationQueue":[],"_animationSpeed":1,"_zoom":20.656},{"_mousePosition":[779,405],"_rootPartCFrame":[766.454,229.658,46.767,0.033,0,0.999,0,1,0,-0.999,0,0.033],"_humanoidState":5,"_cameraCFrame":[770.041,251.5,46.713,-0.015,-0.985,0.174,0,0.174,0.985,-1,0.015,-0.003],"_shiftlockState":false,"_pose":"FreeFall","_animationQueue":[],"_animationSpeed":1,"_zoom":20.656},{"_mousePosition":[779,405],"_rootPartCFrame":[766.188,229.39,46.769,0.028,0,1,0,1,0,-1,0,0.028],"_humanoidState":5,"_cameraCFrame":[769.774,251.232,46.687,-0.023,-0.985,0.174,0,0.174,0.985,-1,0.023,-0.004],"_shiftlockState":false,"_pose":"FreeFall","_animationQueue":[],"_animationSpeed":1,"_zoom":20.656},{"_mousePosition":[779,405],"_rootPartCFrame":[765.921,229.068,46.773,0.022,0,1,0,1,0,-1,0,0.022],"_humanoidState":5,"_cameraCFrame":[769.506,250.91,46.655,-0.033,-0.984,0.174,0,0.174,0.985,-0.999,0.033,-0.006],"_shiftlockState":false,"_pose":"FreeFall","_animationQueue":[],"_animationSpeed":1,"_zoom":20.656},{"_mousePosition":[779,405],"_rootPartCFrame":[765.721,228.79,46.777,0.018,0,1,0,1,0,-1,0,0.018],"_humanoidState":5,"_cameraCFrame":[769.306,250.632,46.65,-0.036,-0.984,0.174,0,0.174,0.985,-0.999,0.035,-0.006],"_shiftlockState":false,"_pose":"FreeFall","_animationQueue":[],"_animationSpeed":1,"_zoom":20.656},{"_mousePosition":[779,405],"_rootPartCFrame":[765.388,228.259,46.788,0.01,0,1,0,1,0,-1,0,0.01],"_humanoidState":5,"_cameraCFrame":[768.972,250.101,46.651,-0.038,-0.984,0.174,0,0.174,0.985,-0.999,0.037,-0.007],"_shiftlockState":false,"_pose":"FreeFall","_animationQueue":[["fall",0.3]],"_animationSpeed":1,"_zoom":20.656},{"_mousePosition":[779,405],"_rootPartCFrame":[765.121,227.773,46.797,0.003,0,1,0,1,0,-1,0,0.003],"_humanoidState":5,"_cameraCFrame":[768.706,249.615,46.661,-0.038,-0.984,0.174,0,0.174,0.985,-0.999,0.037,-0.007],"_shiftlockState":false,"_pose":"FreeFall","_animationQueue":[],"_animationSpeed":1,"_zoom":20.656},{"_mousePosition":[779,405],"_rootPartCFrame":[764.855,227.233,46.807,-0.002,0,1,0,1,0,-1,0,-0.002],"_humanoidState":5,"_cameraCFrame":[768.439,249.075,46.671,-0.038,-0.984,0.174,0,0.174,0.985,-0.999,0.037,-0.007],"_shiftlockState":false,"_pose":"FreeFall","_animationQueue":[],"_animationSpeed":1,"_zoom":20.656},{"_mousePosition":[779,405],"_rootPartCFrame":[764.655,226.792,46.815,-0.006,0,1,0,1,0,-1,0,-0.006],"_humanoidState":5,"_cameraCFrame":[768.239,248.634,46.678,-0.038,-0.984,0.174,0,0.174,0.985,-0.999,0.037,-0.007],"_shiftlockState":false,"_pose":"FreeFall","_animationQueue":[],"_animationSpeed":1,"_zoom":20.656},{"_mousePosition":[779,405],"_rootPartCFrame":[764.322,225.988,46.827,-0.012,0,1,0,1,0,-1,0,-0.012],"_humanoidState":5,"_cameraCFrame":[767.906,247.831,46.691,-0.038,-0.984,0.174,0,0.174,0.985,-0.999,0.037,-0.007],"_shiftlockState":false,"_pose":"FreeFall","_animationQueue":[],"_animationSpeed":1,"_zoom":20.656},{"_mousePosition":[779,405],"_rootPartCFrame":[764.056,225.284,46.838,-0.015,0,1,0,1,0,-1,0,-0.015],"_humanoidState":5,"_cameraCFrame":[767.64,247.127,46.701,-0.038,-0.984,0.174,0,0.174,0.985,-0.999,0.037,-0.007],"_shiftlockState":false,"_pose":"FreeFall","_animationQueue":[],"_animationSpeed":1,"_zoom":20.656},{"_mousePosition":[779,405],"_rootPartCFrame":[763.789,224.526,46.848,-0.019,0,1,0,1,0,-1,0,-0.019],"_humanoidState":5,"_cameraCFrame":[767.375,246.368,46.748,-0.028,-0.984,0.174,0,0.174,0.985,-1,0.028,-0.005],"_shiftlockState":false,"_pose":"FreeFall","_animationQueue":[],"_animationSpeed":1,"_zoom":20.656},{"_mousePosition":[779,405],"_rootPartCFrame":[763.523,223.713,46.858,-0.021,0,1,0,1,0,-1,0,-0.021],"_humanoidState":5,"_cameraCFrame":[767.11,245.555,46.876,0.005,-0.985,0.174,0,0.174,0.985,-1,-0.005,0.001],"_shiftlockState":false,"_pose":"FreeFall","_animationQueue":[["fall",0.3]],"_animationSpeed":1,"_zoom":20.656},{"_mousePosition":[779,405],"_rootPartCFrame":[763.256,222.845,46.866,-0.023,0,1,0,1,0,-1,0,-0.023],"_humanoidState":5,"_cameraCFrame":[766.875,244.681,47.113,0.068,-0.982,0.175,0,0.176,0.984,-0.998,-0.067,0.012],"_shiftlockState":false,"_pose":"FreeFall","_animationQueue":[],"_animationSpeed":1,"_zoom":20.656},{"_mousePosition":[779,405],"_rootPartCFrame":[762.99,221.923,46.866,-0.021,0,1,0,1,0,-1,0,-0.021],"_humanoidState":5,"_cameraCFrame":[766.575,243.751,47.63,0.208,-0.963,0.174,0,0.177,0.984,-0.978,-0.205,0.037],"_shiftlockState":false,"_pose":"FreeFall","_animationQueue":[],"_animationSpeed":1,"_zoom":20.656},{"_mousePosition":[779,405],"_rootPartCFrame":[762.724,221.945,46.85,-0.011,0,1,0,1,0,-1,0,-0.011],"_humanoidState":7,"_cameraCFrame":[766.237,243.766,48.029,0.318,-0.933,0.17,0,0.179,0.984,-0.948,-0.313,0.057],"_shiftlockState":false,"_pose":"FreeFall","_animationQueue":[["walk",0.1],["fall",0.3],["fall",0.3]],"_animationSpeed":1,"_zoom":20.656},{"_mousePosition":[779,405],"_rootPartCFrame":[762.462,222.238,46.8,0.012,0,1,0,1,0,-1,0,0.012],"_humanoidState":7,"_cameraCFrame":[765.886,244.044,48.413,0.426,-0.889,0.166,0,0.183,0.983,-0.905,-0.419,0.078],"_shiftlockState":false,"_pose":"FreeFall","_animationQueue":[],"_animationSpeed":1,"_zoom":20.656},{"_mousePosition":[779,405],"_rootPartCFrame":[762.39,222.409,46.744,0,0,1,0.006,1,0,-1,0.006,0],"_humanoidState":8,"_cameraCFrame":[765.619,244.215,48.728,0.522,-0.839,0.156,0,0.183,0.983,-0.853,-0.513,0.096],"_shiftlockState":false,"_pose":"Running","_animationQueue":[["walk",0.1],["fall",0.3],["walk",0.1]],"_animationSpeed":1.103,"_zoom":20.656},{"_mousePosition":[779,405],"_rootPartCFrame":[762.389,222.51,46.677,-0.014,0,1,0.008,1,0,-1,0.008,-0.014],"_humanoidState":8,"_cameraCFrame":[765.425,244.316,48.949,0.597,-0.788,0.147,0,0.183,0.983,-0.802,-0.587,0.109],"_shiftlockState":false,"_pose":"Running","_animationQueue":[["walk",0.1]],"_animationSpeed":0.314,"_zoom":20.656},{"_mousePosition":[779,405],"_rootPartCFrame":[762.383,222.573,46.594,-0.022,0,1,0.006,1,0,-1,0.006,-0.022],"_humanoidState":8,"_cameraCFrame":[765.307,244.372,49.07,0.645,-0.751,0.142,0,0.185,0.983,-0.764,-0.634,0.119],"_shiftlockState":false,"_pose":"Running","_animationQueue":[["walk",0.1],["walk",0.1]],"_animationSpeed":0.296,"_zoom":20.656},{"_mousePosition":[779,405],"_rootPartCFrame":[762.379,222.606,46.522,-0.027,0,1,0.005,1,0,-1,0.005,-0.027],"_humanoidState":8,"_cameraCFrame":[765.232,244.405,49.077,0.666,-0.733,0.138,0,0.185,0.983,-0.746,-0.654,0.123],"_shiftlockState":false,"_pose":"Running","_animationQueue":[["walk",0.1]],"_animationSpeed":0.358,"_zoom":20.656},{"_mousePosition":[779,405],"_rootPartCFrame":[762.366,222.644,46.382,-0.035,0.004,0.999,0.004,1,-0.004,-0.999,0.004,-0.035],"_humanoidState":8,"_cameraCFrame":[765.212,244.442,48.948,0.67,-0.73,0.137,0,0.185,0.983,-0.743,-0.658,0.124],"_shiftlockState":false,"_pose":"Running","_animationQueue":[["walk",0.1]],"_animationSpeed":0.411,"_zoom":20.656},{"_mousePosition":[779,405],"_rootPartCFrame":[762.348,222.663,46.255,-0.051,0.003,0.999,0.002,1,-0.002,-0.999,0.002,-0.051],"_humanoidState":8,"_cameraCFrame":[765.192,244.461,48.819,0.67,-0.73,0.137,0,0.185,0.983,-0.743,-0.658,0.124],"_shiftlockState":false,"_pose":"Running","_animationQueue":[["walk",0.1]],"_animationSpeed":0.493,"_zoom":20.656},{"_mousePosition":[779,405],"_rootPartCFrame":[762.316,222.675,46.118,-0.075,0.001,0.997,0.001,1,-0.001,-0.997,0.001,-0.075],"_humanoidState":8,"_cameraCFrame":[765.19,244.474,48.645,0.66,-0.738,0.139,0,0.185,0.983,-0.751,-0.649,0.122],"_shiftlockState":false,"_pose":"Running","_animationQueue":[["walk",0.1]],"_animationSpeed":0.548,"_zoom":20.656},{"_mousePosition":[779,405],"_rootPartCFrame":[762.219,222.685,45.95,-0.053,0.008,0.999,0,1,-0.008,-0.999,0,-0.053],"_humanoidState":8,"_cameraCFrame":[765.154,244.484,48.416,0.645,-0.751,0.142,0,0.185,0.983,-0.764,-0.634,0.119],"_shiftlockState":false,"_pose":"Running","_animationQueue":[["walk",0.1]],"_animationSpeed":0.6,"_zoom":20.656},{"_mousePosition":[779,405],"_rootPartCFrame":[762.026,222.692,45.772,0.032,0.004,0.999,-0.001,1,-0.004,-1,-0.001,0.032],"_humanoidState":8,"_cameraCFrame":[765.023,244.491,48.155,0.623,-0.768,0.145,0,0.185,0.983,-0.782,-0.613,0.115],"_shiftlockState":false,"_pose":"Running","_animationQueue":[["walk",0.1],["walk",0.1]],"_animationSpeed":0.979,"_zoom":20.656},{"_mousePosition":[779,405],"_rootPartCFrame":[761.826,223.576,45.596,0.127,-0.002,0.992,0,1,0.002,-0.992,-0.001,0.127],"_humanoidState":3,"_cameraCFrame":[764.838,245.375,47.948,0.615,-0.775,0.146,0,0.185,0.983,-0.788,-0.605,0.114],"_shiftlockState":false,"_pose":"Jumping","_animationQueue":[["walk",0.1],["jump",0.1]],"_animationSpeed":1,"_zoom":20.656},{"_mousePosition":[779,405],"_rootPartCFrame":[761.676,224.238,45.463,0.199,-0.006,0.98,0,1,0.006,-0.98,-0.001,0.199],"_humanoidState":3,"_cameraCFrame":[764.768,246.037,47.7,0.585,-0.797,0.15,0,0.185,0.983,-0.811,-0.575,0.108],"_shiftlockState":false,"_pose":"Jumping","_animationQueue":[],"_animationSpeed":1,"_zoom":20.656},{"_mousePosition":[779,405],"_rootPartCFrame":[761.477,225.122,45.287,0.292,-0.012,0.956,0.002,1,0.012,-0.957,-0.001,0.292],"_humanoidState":3,"_cameraCFrame":[764.615,246.92,47.443,0.564,-0.811,0.153,0,0.185,0.983,-0.826,-0.555,0.104],"_shiftlockState":false,"_pose":"Jumping","_animationQueue":[],"_animationSpeed":1,"_zoom":20.656},{"_mousePosition":[779,405],"_rootPartCFrame":[761.266,225.971,45.126,0.348,-0.008,0.937,0.002,1,0.007,-0.937,-0.001,0.348],"_humanoidState":5,"_cameraCFrame":[764.46,247.77,47.21,0.545,-0.824,0.155,0,0.185,0.983,-0.838,-0.536,0.101],"_shiftlockState":false,"_pose":"FreeFall","_animationQueue":[["jump",0.1]],"_animationSpeed":1,"_zoom":20.656},{"_mousePosition":[779,405],"_rootPartCFrame":[761.048,226.766,44.975,0.384,-0.002,0.923,0.001,1,0.002,-0.923,0,0.384],"_humanoidState":5,"_cameraCFrame":[764.277,248.565,47.02,0.535,-0.83,0.156,0,0.185,0.983,-0.845,-0.526,0.099],"_shiftlockState":false,"_pose":"FreeFall","_animationQueue":[],"_animationSpeed":1,"_zoom":20.656},{"_mousePosition":[779,405],"_rootPartCFrame":[760.826,227.506,44.828,0.409,0,0.913,0,1,0,-0.913,0,0.409],"_humanoidState":5,"_cameraCFrame":[764.057,249.305,46.874,0.535,-0.83,0.156,0,0.185,0.983,-0.845,-0.526,0.099],"_shiftlockState":false,"_pose":"FreeFall","_animationQueue":[],"_animationSpeed":1,"_zoom":20.656},{"_mousePosition":[779,405],"_rootPartCFrame":[760.545,228.355,44.65,0.432,0,0.902,0,1,0,-0.902,0,0.432],"_humanoidState":5,"_cameraCFrame":[763.777,250.154,46.695,0.535,-0.83,0.156,0,0.185,0.983,-0.845,-0.526,0.099],"_shiftlockState":false,"_pose":"FreeFall","_animationQueue":[],"_animationSpeed":1,"_zoom":20.656},{"_mousePosition":[779,405],"_rootPartCFrame":[760.376,228.823,44.543,0.444,0,0.896,0,1,0,-0.896,0,0.444],"_humanoidState":5,"_cameraCFrame":[763.602,250.622,46.596,0.537,-0.829,0.156,0,0.185,0.983,-0.844,-0.528,0.099],"_shiftlockState":false,"_pose":"FreeFall","_animationQueue":[],"_animationSpeed":1,"_zoom":20.656},{"_mousePosition":[779,405],"_rootPartCFrame":[760.094,229.535,44.365,0.46,0,0.888,0,1,0,-0.888,0,0.46],"_humanoidState":5,"_cameraCFrame":[763.32,251.334,46.418,0.537,-0.829,0.156,0,0.185,0.983,-0.844,-0.528,0.099],"_shiftlockState":false,"_pose":"FreeFall","_animationQueue":[],"_animationSpeed":1,"_zoom":20.656},{"_mousePosition":[779,405],"_rootPartCFrame":[759.925,229.922,44.257,0.469,0,0.883,0,1,0,-0.883,0,0.469],"_humanoidState":5,"_cameraCFrame":[763.152,251.721,46.311,0.537,-0.829,0.156,0,0.185,0.983,-0.844,-0.528,0.099],"_shiftlockState":false,"_pose":"FreeFall","_animationQueue":[],"_animationSpeed":1,"_zoom":20.656},{"_mousePosition":[779,405],"_rootPartCFrame":[759.644,230.498,44.078,0.481,0,0.877,0,1,0,-0.877,0,0.481],"_humanoidState":5,"_cameraCFrame":[762.87,252.297,46.132,0.537,-0.829,0.156,0,0.185,0.983,-0.844,-0.528,0.099],"_shiftlockState":false,"_pose":"FreeFall","_animationQueue":[],"_animationSpeed":1,"_zoom":20.656},{"_mousePosition":[779,405],"_rootPartCFrame":[759.475,230.803,43.971,0.487,0,0.873,0,1,0,-0.873,0,0.487],"_humanoidState":5,"_cameraCFrame":[762.702,252.602,46.024,0.537,-0.829,0.156,0,0.185,0.983,-0.844,-0.528,0.099],"_shiftlockState":false,"_pose":"FreeFall","_animationQueue":[],"_animationSpeed":1,"_zoom":20.656},{"_mousePosition":[779,405],"_rootPartCFrame":[759.194,231.243,43.792,0.496,0,0.868,0,1,0,-0.868,0,0.496],"_humanoidState":5,"_cameraCFrame":[762.421,253.042,45.845,0.537,-0.829,0.156,0,0.185,0.983,-0.844,-0.528,0.099],"_shiftlockState":false,"_pose":"FreeFall","_animationQueue":[],"_animationSpeed":1,"_zoom":20.656},{"_mousePosition":[779,405],"_rootPartCFrame":[758.969,231.534,43.649,0.502,0,0.865,0,1,0,-0.865,0,0.502],"_humanoidState":5,"_cameraCFrame":[762.196,253.333,45.702,0.537,-0.829,0.156,0,0.185,0.983,-0.844,-0.528,0.099],"_shiftlockState":false,"_pose":"FreeFall","_animationQueue":[],"_animationSpeed":1,"_zoom":20.656},{"_mousePosition":[779,405],"_rootPartCFrame":[758.745,231.77,43.506,0.507,0,0.862,0,1,0,-0.862,0,0.507],"_humanoidState":5,"_cameraCFrame":[761.971,253.569,45.559,0.537,-0.829,0.156,0,0.185,0.983,-0.844,-0.528,0.099],"_shiftlockState":false,"_pose":"FreeFall","_animationQueue":[],"_animationSpeed":1,"_zoom":20.656},{"_mousePosition":[779,405],"_rootPartCFrame":[758.52,231.952,43.362,0.511,0,0.86,0,1,0,-0.86,0,0.511],"_humanoidState":5,"_cameraCFrame":[761.746,253.751,45.416,0.537,-0.829,0.156,0,0.185,0.983,-0.844,-0.528,0.099],"_shiftlockState":false,"_pose":"FreeFall","_animationQueue":[],"_animationSpeed":1,"_zoom":20.656},{"_mousePosition":[779,405],"_rootPartCFrame":[758.295,232.079,43.219,0.515,0,0.857,0,1,0,-0.857,0,0.515],"_humanoidState":5,"_cameraCFrame":[761.521,253.878,45.273,0.537,-0.829,0.156,0,0.185,0.983,-0.844,-0.528,0.099],"_shiftlockState":false,"_pose":"FreeFall","_animationQueue":[],"_animationSpeed":1,"_zoom":20.656},{"_mousePosition":[779,405],"_rootPartCFrame":[758.126,232.138,43.112,0.517,0,0.856,0,1,0,-0.856,0,0.517],"_humanoidState":5,"_cameraCFrame":[761.353,253.937,45.165,0.537,-0.829,0.156,0,0.185,0.983,-0.844,-0.528,0.099],"_shiftlockState":false,"_pose":"FreeFall","_animationQueue":[],"_animationSpeed":1,"_zoom":20.656},{"_mousePosition":[779,405],"_rootPartCFrame":[757.901,232.17,42.969,0.52,0,0.854,0,1,0,-0.854,0,0.52],"_humanoidState":5,"_cameraCFrame":[761.128,253.969,45.022,0.537,-0.829,0.156,0,0.185,0.983,-0.844,-0.528,0.099],"_shiftlockState":false,"_pose":"FreeFall","_animationQueue":[],"_animationSpeed":1,"_zoom":20.656},{"_mousePosition":[779,405],"_rootPartCFrame":[757.677,232.147,42.825,0.522,0,0.853,0,1,0,-0.853,0,0.522],"_humanoidState":5,"_cameraCFrame":[760.903,253.946,44.879,0.537,-0.829,0.156,0,0.185,0.983,-0.844,-0.528,0.099],"_shiftlockState":false,"_pose":"FreeFall","_animationQueue":[],"_animationSpeed":1,"_zoom":20.656},{"_mousePosition":[779,405],"_rootPartCFrame":[757.452,232.07,42.682,0.524,0,0.852,0,1,0,-0.852,0,0.524],"_humanoidState":5,"_cameraCFrame":[760.678,253.869,44.736,0.537,-0.829,0.156,0,0.185,0.983,-0.844,-0.528,0.099],"_shiftlockState":false,"_pose":"FreeFall","_animationQueue":[["fall",0.3]],"_animationSpeed":1,"_zoom":20.656},{"_mousePosition":[779,405],"_rootPartCFrame":[757.171,231.897,42.503,0.527,0,0.85,0,1,0,-0.85,0,0.527],"_humanoidState":5,"_cameraCFrame":[760.397,253.696,44.557,0.537,-0.829,0.156,0,0.185,0.983,-0.844,-0.528,0.099],"_shiftlockState":false,"_pose":"FreeFall","_animationQueue":[],"_animationSpeed":1,"_zoom":20.656},{"_mousePosition":[779,405],"_rootPartCFrame":[756.946,231.697,42.36,0.528,0,0.849,0,1,0,-0.849,0,0.528],"_humanoidState":5,"_cameraCFrame":[760.172,253.496,44.414,0.537,-0.829,0.156,0,0.185,0.983,-0.844,-0.528,0.099],"_shiftlockState":false,"_pose":"FreeFall","_animationQueue":[],"_animationSpeed":1,"_zoom":20.656},{"_mousePosition":[779,405],"_rootPartCFrame":[756.716,231.443,42.241,0.467,0,0.884,0,1,0,-0.884,0,0.467],"_humanoidState":5,"_cameraCFrame":[759.943,253.242,44.295,0.537,-0.829,0.156,0,0.185,0.983,-0.844,-0.528,0.099],"_shiftlockState":false,"_pose":"FreeFall","_animationQueue":[],"_animationSpeed":1,"_zoom":20.656},{"_mousePosition":[779,405],"_rootPartCFrame":[756.465,231.134,42.249,0.382,0,0.924,0,1,0,-0.924,0,0.382],"_humanoidState":7,"_cameraCFrame":[759.691,252.933,44.302,0.537,-0.829,0.156,0,0.185,0.983,-0.844,-0.528,0.099],"_shiftlockState":false,"_pose":"FreeFall","_animationQueue":[["walk",0.1],["fall",0.3],["fall",0.3]],"_animationSpeed":1,"_zoom":20.656},{"_mousePosition":[779,405],"_rootPartCFrame":[756.205,230.771,42.305,0.302,0,0.953,0,1,0,-0.953,0,0.302],"_humanoidState":7,"_cameraCFrame":[759.431,252.57,44.359,0.537,-0.829,0.156,0,0.185,0.983,-0.844,-0.528,0.099],"_shiftlockState":false,"_pose":"FreeFall","_animationQueue":[],"_animationSpeed":1,"_zoom":20.656},{"_mousePosition":[779,405],"_rootPartCFrame":[756.02,230.602,42.471,0.156,0,0.988,0,1,0,-0.988,0,0.156],"_humanoidState":8,"_cameraCFrame":[759.208,252.408,44.511,0.539,-0.828,0.154,0,0.183,0.983,-0.842,-0.53,0.099],"_shiftlockState":false,"_pose":"Running","_animationQueue":[["fall",0.3],["walk",0.1],["fall",0.3],["walk",0.1]],"_animationSpeed":1.103,"_zoom":20.656},{"_mousePosition":[779,405],"_rootPartCFrame":[755.876,230.631,42.694,0,0,1,0,1,0,-1,0,0],"_humanoidState":8,"_cameraCFrame":[759.048,252.437,44.759,0.545,-0.824,0.154,0,0.183,0.983,-0.838,-0.536,0.1],"_shiftlockState":false,"_pose":"Running","_animationQueue":[],"_animationSpeed":1.103,"_zoom":20.656},{"_mousePosition":[779,405],"_rootPartCFrame":[755.732,230.66,42.919,-0.135,0,0.991,0,1,0,-0.991,0,-0.135],"_humanoidState":8,"_cameraCFrame":[758.878,252.466,45.023,0.556,-0.817,0.152,0,0.183,0.983,-0.831,-0.547,0.102],"_shiftlockState":false,"_pose":"Running","_animationQueue":[],"_animationSpeed":1.103,"_zoom":20.656},{"_mousePosition":[779,405],"_rootPartCFrame":[755.587,230.678,43.142,-0.249,0,0.969,0,1,0,-0.969,0,-0.249],"_humanoidState":8,"_cameraCFrame":[758.695,252.484,45.302,0.571,-0.807,0.15,0,0.183,0.983,-0.821,-0.561,0.105],"_shiftlockState":false,"_pose":"Running","_animationQueue":[],"_animationSpeed":1.103,"_zoom":20.656},{"_mousePosition":[779,405],"_rootPartCFrame":[755.441,231.541,43.366,-0.358,0,0.934,0,1,0,-0.934,0,-0.358],"_humanoidState":3,"_cameraCFrame":[758.494,253.347,45.604,0.591,-0.793,0.148,0,0.183,0.983,-0.807,-0.581,0.108],"_shiftlockState":false,"_pose":"Jumping","_animationQueue":[["walk",0.1],["jump",0.1]],"_animationSpeed":1,"_zoom":20.656},{"_mousePosition":[779,405],"_rootPartCFrame":[755.328,232.152,43.531,-0.422,0,0.906,0,1,0,-0.906,0,-0.422],"_humanoidState":5,"_cameraCFrame":[758.311,253.959,45.86,0.615,-0.775,0.144,0,0.183,0.983,-0.788,-0.605,0.113],"_shiftlockState":false,"_pose":"FreeFall","_animationQueue":[["jump",0.1]],"_animationSpeed":1,"_zoom":20.656},{"_mousePosition":[779,405],"_rootPartCFrame":[755.132,233.103,43.8,-0.502,0,0.865,0,1,0,-0.865,0,-0.502],"_humanoidState":5,"_cameraCFrame":[758.043,254.91,46.219,0.639,-0.756,0.141,0,0.183,0.983,-0.769,-0.628,0.117],"_shiftlockState":false,"_pose":"FreeFall","_animationQueue":[],"_animationSpeed":1,"_zoom":20.656},{"_mousePosition":[779,405],"_rootPartCFrame":[754.969,233.803,44.011,-0.55,0,0.835,0,1,0,-0.835,0,-0.55],"_humanoidState":5,"_cameraCFrame":[757.812,255.609,46.51,0.66,-0.738,0.138,0,0.183,0.983,-0.751,-0.649,0.121],"_shiftlockState":false,"_pose":"FreeFall","_animationQueue":[],"_animationSpeed":1,"_zoom":20.656},{"_mousePosition":[779,405],"_rootPartCFrame":[754.842,234.291,44.166,-0.578,0,0.816,0,1,0,-0.816,0,-0.578],"_humanoidState":5,"_cameraCFrame":[757.598,256.105,46.702,0.677,-0.724,0.133,0,0.181,0.983,-0.736,-0.666,0.123],"_shiftlockState":false,"_pose":"FreeFall","_animationQueue":[],"_animationSpeed":1,"_zoom":20.656},{"_mousePosition":[779,405],"_rootPartCFrame":[754.623,235.038,44.417,-0.612,0,0.791,0,1,0,-0.791,0,-0.612],"_humanoidState":5,"_cameraCFrame":[757.34,256.852,46.995,0.688,-0.713,0.132,0,0.181,0.983,-0.725,-0.677,0.125],"_shiftlockState":false,"_pose":"FreeFall","_animationQueue":[],"_animationSpeed":1,"_zoom":20.656},{"_mousePosition":[779,405],"_rootPartCFrame":[754.443,235.574,44.614,-0.632,0,0.775,0,1,0,-0.775,0,-0.632],"_humanoidState":5,"_cameraCFrame":[757.16,257.387,47.192,0.688,-0.713,0.132,0,0.181,0.983,-0.725,-0.677,0.125],"_shiftlockState":false,"_pose":"FreeFall","_animationQueue":[],"_animationSpeed":1,"_zoom":20.656},{"_mousePosition":[779,405],"_rootPartCFrame":[754.26,236.055,44.808,-0.646,0,0.763,0,1,0,-0.763,0,-0.646],"_humanoidState":5,"_cameraCFrame":[756.977,257.869,47.385,0.688,-0.713,0.132,0,0.181,0.983,-0.725,-0.677,0.125],"_shiftlockState":false,"_pose":"FreeFall","_animationQueue":[],"_animationSpeed":1,"_zoom":20.656},{"_mousePosition":[779,405],"_rootPartCFrame":[754.122,236.381,44.953,-0.655,0,0.755,0,1,0,-0.755,0,-0.655],"_humanoidState":5,"_cameraCFrame":[756.839,258.194,47.531,0.688,-0.713,0.132,0,0.181,0.983,-0.725,-0.677,0.125],"_shiftlockState":false,"_pose":"FreeFall","_animationQueue":[],"_animationSpeed":1,"_zoom":20.656},{"_mousePosition":[779,405],"_rootPartCFrame":[753.893,236.855,45.195,-0.668,0,0.744,0,1,0,-0.744,0,-0.668],"_humanoidState":5,"_cameraCFrame":[756.568,258.675,47.759,0.692,-0.71,0.13,0,0.179,0.984,-0.722,-0.681,0.124],"_shiftlockState":false,"_pose":"FreeFall","_animationQueue":[],"_animationSpeed":1,"_zoom":20.656},{"_mousePosition":[779,405],"_rootPartCFrame":[753.709,237.172,45.388,-0.676,0,0.737,0,1,0,-0.737,0,-0.676],"_humanoidState":5,"_cameraCFrame":[756.336,259.001,47.945,0.697,-0.705,0.127,0,0.177,0.984,-0.717,-0.686,0.124],"_shiftlockState":false,"_pose":"FreeFall","_animationQueue":[],"_animationSpeed":1,"_zoom":20.656},{"_mousePosition":[779,405],"_rootPartCFrame":[753.525,237.436,45.581,-0.683,0,0.73,0,1,0,-0.73,0,-0.683],"_humanoidState":5,"_cameraCFrame":[756.05,259.278,48.127,0.71,-0.694,0.122,0,0.174,0.985,-0.704,-0.699,0.123],"_shiftlockState":false,"_pose":"FreeFall","_animationQueue":[],"_animationSpeed":1,"_zoom":20.656},{"_mousePosition":[779,405],"_rootPartCFrame":[753.385,237.598,45.724,-0.687,0,0.727,0,1,0,-0.727,0,-0.687],"_humanoidState":5,"_cameraCFrame":[755.839,259.44,48.34,0.729,-0.674,0.119,0,0.174,0.985,-0.684,-0.718,0.127],"_shiftlockState":false,"_pose":"FreeFall","_animationQueue":[],"_animationSpeed":1,"_zoom":20.656},{"_mousePosition":[779,405],"_rootPartCFrame":[753.196,237.766,45.912,-0.69,0,0.724,0,1,0,-0.724,0,-0.69],"_humanoidState":5,"_cameraCFrame":[755.543,259.608,48.626,0.756,-0.644,0.114,0,0.174,0.985,-0.654,-0.745,0.131],"_shiftlockState":false,"_pose":"FreeFall","_animationQueue":[],"_animationSpeed":1,"_zoom":20.656},{"_mousePosition":[779,405],"_rootPartCFrame":[752.954,237.899,46.141,-0.69,0,0.723,0,1,0,-0.723,0,-0.69],"_humanoidState":5,"_cameraCFrame":[755.153,259.741,48.975,0.79,-0.604,0.106,0,0.174,0.985,-0.613,-0.778,0.137],"_shiftlockState":false,"_pose":"FreeFall","_animationQueue":[],"_animationSpeed":1,"_zoom":20.656},{"_mousePosition":[779,405],"_rootPartCFrame":[752.753,237.944,46.317,-0.687,0,0.727,0,1,0,-0.727,0,-0.687],"_humanoidState":5,"_cameraCFrame":[754.769,259.787,49.284,0.827,-0.553,0.098,0,0.174,0.985,-0.562,-0.815,0.144],"_shiftlockState":false,"_pose":"FreeFall","_animationQueue":[["fall",0.3]],"_animationSpeed":1,"_zoom":20.656},{"_mousePosition":[779,405],"_rootPartCFrame":[752.544,237.935,46.482,-0.679,0,0.734,0,1,0,-0.734,0,-0.679],"_humanoidState":5,"_cameraCFrame":[754.352,259.777,49.58,0.864,-0.496,0.088,0,0.174,0.985,-0.504,-0.851,0.15],"_shiftlockState":false,"_pose":"FreeFall","_animationQueue":[],"_animationSpeed":1,"_zoom":20.656},{"_mousePosition":[779,405],"_rootPartCFrame":[752.38,237.893,46.597,-0.67,0,0.743,0,1,0,-0.743,0,-0.67],"_humanoidState":5,"_cameraCFrame":[753.964,259.735,49.815,0.897,-0.435,0.077,0,0.174,0.985,-0.442,-0.884,0.156],"_shiftlockState":false,"_pose":"FreeFall","_animationQueue":[],"_animationSpeed":1,"_zoom":20.656},{"_mousePosition":[779,405],"_rootPartCFrame":[752.094,237.754,46.768,-0.646,0,0.763,0,1,0,-0.763,0,-0.646],"_humanoidState":5,"_cameraCFrame":[753.447,259.596,50.09,0.926,-0.371,0.065,0,0.174,0.985,-0.377,-0.912,0.161],"_shiftlockState":false,"_pose":"FreeFall","_animationQueue":[],"_animationSpeed":1,"_zoom":20.656},{"_mousePosition":[779,405],"_rootPartCFrame":[751.857,237.581,46.889,-0.622,0,0.783,0,1,0,-0.783,0,-0.622],"_humanoidState":5,"_cameraCFrame":[752.823,259.423,50.343,0.963,-0.265,0.047,0,0.174,0.985,-0.269,-0.948,0.167],"_shiftlockState":false,"_pose":"FreeFall","_animationQueue":[],"_animationSpeed":1,"_zoom":20.656},{"_mousePosition":[779,405],"_rootPartCFrame":[751.611,237.354,46.993,-0.593,0,0.805,0,1,0,-0.805,0,-0.593],"_humanoidState":5,"_cameraCFrame":[752.33,259.196,50.507,0.98,-0.197,0.035,0,0.174,0.985,-0.2,-0.965,0.17],"_shiftlockState":false,"_pose":"FreeFall","_animationQueue":[],"_animationSpeed":1,"_zoom":20.656},{"_mousePosition":[779,405],"_rootPartCFrame":[751.422,237.148,47.055,-0.566,0,0.824,0,1,0,-0.824,0,-0.566],"_humanoidState":5,"_cameraCFrame":[751.899,258.99,50.61,0.991,-0.131,0.023,0,0.174,0.985,-0.133,-0.976,0.172],"_shiftlockState":false,"_pose":"FreeFall","_animationQueue":[],"_animationSpeed":1,"_zoom":20.656},{"_mousePosition":[779,405],"_rootPartCFrame":[751.096,236.736,47.127,-0.512,0,0.859,0,1,0,-0.859,0,-0.512],"_humanoidState":5,"_cameraCFrame":[751.339,258.578,50.705,0.998,-0.067,0.012,0,0.174,0.985,-0.068,-0.983,0.173],"_shiftlockState":false,"_pose":"FreeFall","_animationQueue":[["fall",0.3]],"_animationSpeed":1,"_zoom":20.656},{"_mousePosition":[779,405],"_rootPartCFrame":[750.899,236.448,47.157,-0.477,0,0.879,0,1,0,-0.879,0,-0.477],"_humanoidState":5,"_cameraCFrame":[750.924,258.291,50.743,1,-0.007,0.001,0,0.174,0.985,-0.007,-0.985,0.174],"_shiftlockState":false,"_pose":"FreeFall","_animationQueue":[],"_animationSpeed":1,"_zoom":20.656},{"_mousePosition":[779,405],"_rootPartCFrame":[750.633,236.017,47.178,-0.427,0,0.904,0,1,0,-0.904,0,-0.427],"_humanoidState":5,"_cameraCFrame":[750.44,257.859,50.76,0.999,0.053,-0.009,0,0.174,0.985,0.054,-0.983,0.173],"_shiftlockState":false,"_pose":"FreeFall","_animationQueue":[],"_animationSpeed":1,"_zoom":20.656},{"_mousePosition":[779,405],"_rootPartCFrame":[750.463,235.438,47.134,-0.333,0.002,0.943,0.004,1,-0.001,-0.943,0.003,-0.333],"_humanoidState":5,"_cameraCFrame":[750.074,257.281,50.704,0.994,0.108,-0.019,0,0.174,0.985,0.109,-0.979,0.173],"_shiftlockState":false,"_pose":"FreeFall","_animationQueue":[],"_animationSpeed":1,"_zoom":20.656},{"_mousePosition":[779,405],"_rootPartCFrame":[750.444,234.959,47.059,-0.268,0.002,0.963,0.003,1,-0.001,-0.963,0.003,-0.268],"_humanoidState":5,"_cameraCFrame":[749.857,256.802,50.601,0.986,0.162,-0.029,0,0.174,0.985,0.164,-0.971,0.171],"_shiftlockState":false,"_pose":"FreeFall","_animationQueue":[],"_animationSpeed":1,"_zoom":20.656},{"_mousePosition":[779,405],"_rootPartCFrame":[750.386,234.426,46.993,-0.217,0.001,0.976,0.001,1,0,-0.976,0.001,-0.217],"_humanoidState":5,"_cameraCFrame":[749.601,256.268,50.494,0.976,0.216,-0.038,0,0.174,0.985,0.219,-0.961,0.169],"_shiftlockState":false,"_pose":"FreeFall","_animationQueue":[],"_animationSpeed":1,"_zoom":20.656},{"_mousePosition":[779,405],"_rootPartCFrame":[750.391,233.845,46.935,-0.202,0.007,0.979,0,1,-0.007,-0.979,-0.001,-0.202],"_humanoidState":5,"_cameraCFrame":[749.405,255.687,50.379,0.961,0.274,-0.048,0,0.174,0.985,0.278,-0.946,0.167],"_shiftlockState":false,"_pose":"FreeFall","_animationQueue":[["fall",0.3]],"_animationSpeed":1,"_zoom":20.656},{"_mousePosition":[779,405],"_rootPartCFrame":[750.391,233.211,46.916,-0.201,0.003,0.98,0,1,-0.003,-0.98,-0.001,-0.201],"_humanoidState":5,"_cameraCFrame":[749.056,255.053,50.243,0.928,0.368,-0.065,0,0.174,0.985,0.374,-0.914,0.161],"_shiftlockState":false,"_pose":"FreeFall","_animationQueue":[],"_animationSpeed":1,"_zoom":20.656},{"_mousePosition":[779,405],"_rootPartCFrame":[750.391,232.522,46.916,-0.201,0.001,0.98,0,1,-0.001,-0.98,0,-0.201],"_humanoidState":5,"_cameraCFrame":[748.943,254.364,50.197,0.915,0.398,-0.07,0,0.174,0.985,0.404,-0.901,0.159],"_shiftlockState":false,"_pose":"FreeFall","_animationQueue":[],"_animationSpeed":1,"_zoom":20.656},{"_mousePosition":[779,405],"_rootPartCFrame":[750.391,231.779,46.916,-0.201,0,0.98,0,1,0,-0.98,0,-0.201],"_humanoidState":5,"_cameraCFrame":[748.618,253.621,50.034,0.869,0.487,-0.086,0,0.174,0.985,0.494,-0.856,0.151],"_shiftlockState":false,"_pose":"FreeFall","_animationQueue":[],"_animationSpeed":1,"_zoom":20.656},{"_mousePosition":[779,405],"_rootPartCFrame":[750.508,230.981,46.968,-0.421,0,0.907,0,1,0,-0.907,0,-0.421],"_humanoidState":7,"_cameraCFrame":[748.549,252.823,49.973,0.838,0.538,-0.095,0,0.174,0.985,0.546,-0.825,0.145],"_shiftlockState":false,"_pose":"FreeFall","_animationQueue":[["fall",0.3],["fall",0.3]],"_animationSpeed":1,"_zoom":20.656},{"_mou