[{"_mousePosition":[625,298],"_rootPartCFrame":[776.025,222.7,47.142,0.003,0,1,0,1,0,-1,0,0.003],"_humanoidState":8,"_cameraCFrame":[786.82,241.807,46.792,-0.032,-0.852,0.523,0,0.523,0.852,-0.999,0.028,-0.017],"_shiftlockState":false,"_pose":"Standing","_animationQueue":[],"_animationSpeed":1,"_zoom":20.656},{"_mousePosition":[625,298],"_rootPartCFrame":[775.853,222.7,47.146,0.001,0,1,0,1,0,-1,0,0.001],"_humanoidState":8,"_cameraCFrame":[786.473,241.912,46.721,-0.04,-0.857,0.514,0,0.515,0.857,-0.999,0.034,-0.021],"_shiftlockState":false,"_pose":"Standing","_animationQueue":[],"_animationSpeed":1,"_zoom":20.656},{"_mousePosition":[625,298],"_rootPartCFrame":[775.589,222.7,47.155,-0.004,0,1,0,1,0,-1,0,-0.004],"_humanoidState":8,"_cameraCFrame":[786.068,241.994,46.682,-0.045,-0.861,0.507,0,0.508,0.861,-0.999,0.039,-0.023],"_shiftlockState":false,"_pose":"Running","_animationQueue":[["walk",0.1]],"_animationSpeed":1.003,"_zoom":20.656},{"_mousePosition":[625,298],"_rootPartCFrame":[775.322,222.7,47.165,-0.008,0,1,0,1,0,-1,0,-0.008],"_humanoidState":8,"_cameraCFrame":[785.66,242.075,46.646,-0.05,-0.864,0.5,0,0.501,0.865,-0.999,0.043,-0.025],"_shiftlockState":false,"_pose":"Running","_animationQueue":[["walk",0.1]],"_animationSpeed":1.101,"_zoom":20.656},{"_mousePosition":[625,298],"_rootPartCFrame":[775.056,222.7,47.177,-0.013,0,1,0,1,0,-1,0,-0.013],"_humanoidState":8,"_cameraCFrame":[785.323,242.115,46.635,-0.053,-0.866,0.497,0,0.498,0.867,-0.999,0.046,-0.026],"_shiftlockState":false,"_pose":"Running","_animationQueue":[],"_animationSpeed":1.101,"_zoom":20.656},{"_mousePosition":[625,298],"_rootPartCFrame":[774.79,222.7,47.19,-0.018,0,1,0,1,0,-1,0,-0.018],"_humanoidState":8,"_cameraCFrame":[784.985,242.155,46.627,-0.055,-0.868,0.494,0,0.494,0.869,-0.998,0.048,-0.027],"_shiftlockState":false,"_pose":"Running","_animationQueue":[],"_animationSpeed":1.101,"_zoom":20.656},{"_mousePosition":[625,298],"_rootPartCFrame":[774.523,222.7,47.204,-0.023,0,1,0,1,0,-1,0,-0.023],"_humanoidState":8,"_cameraCFrame":[784.719,242.155,46.641,-0.055,-0.868,0.494,0,0.494,0.869,-0.998,0.048,-0.027],"_shiftlockState":false,"_pose":"Running","_animationQueue":[],"_animationSpeed":1.101,"_zoom":20.656},{"_mousePosition":[625,298],"_rootPartCFrame":[774.257,222.7,47.219,-0.027,0,1,0,1,0,-1,0,-0.027],"_humanoidState":8,"_cameraCFrame":[784.453,242.155,46.655,-0.055,-0.868,0.494,0,0.494,0.869,-0.998,0.048,-0.027],"_shiftlockState":false,"_pose":"Running","_animationQueue":[["walk",0.1]],"_animationSpeed":1.101,"_zoom":20.656},{"_mousePosition":[625,298],"_rootPartCFrame":[773.991,222.7,47.234,-0.031,0,1,0,1,0,-1,0,-0.031],"_humanoidState":8,"_cameraCFrame":[784.186,242.155,46.67,-0.055,-0.868,0.494,0,0.494,0.869,-0.998,0.048,-0.027],"_shiftlockState":false,"_pose":"Running","_animationQueue":[],"_animationSpeed":1.101,"_zoom":20.656},{"_mousePosition":[625,298],"_rootPartCFrame":[773.724,222.7,47.248,-0.034,0,0.999,0,1,0,-0.999,0,-0.034],"_humanoidState":8,"_cameraCFrame":[783.92,242.155,46.685,-0.055,-0.868,0.494,0,0.494,0.869,-0.998,0.048,-0.027],"_shiftlockState":false,"_pose":"Running","_animationQueue":[],"_animationSpeed":1.101,"_zoom":20.656},{"_mousePosition":[625,298],"_rootPartCFrame":[773.458,222.7,47.263,-0.037,0,0.999,0,1,0,-0.999,0,-0.037],"_humanoidState":8,"_cameraCFrame":[783.654,242.155,46.699,-0.055,-0.868,0.494,0,0.494,0.869,-0.998,0.048,-0.027],"_shiftlockState":false,"_pose":"Running","_animationQueue":[],"_animationSpeed":1.101,"_zoom":20.656},{"_mousePosition":[625,298],"_rootPartCFrame":[773.192,222.7,47.278,-0.04,0,0.999,0,1,0,-0.999,0,-0.04],"_humanoidState":8,"_cameraCFrame":[783.388,242.155,46.714,-0.055,-0.868,0.494,0,0.494,0.869,-0.998,0.048,-0.027],"_shiftlockState":false,"_pose":"Running","_animationQueue":[],"_animationSpeed":1.101,"_zoom":20.656},{"_mousePosition":[625,298],"_rootPartCFrame":[772.926,222.7,47.292,-0.042,0,0.999,0,1,0,-0.999,0,-0.042],"_humanoidState":8,"_cameraCFrame":[783.121,242.155,46.729,-0.055,-0.868,0.494,0,0.494,0.869,-0.998,0.048,-0.027],"_shiftlockState":false,"_pose":"Running","_animationQueue":[],"_animationSpeed":1.101,"_zoom":20.656},{"_mousePosition":[625,298],"_rootPartCFrame":[772.66,222.7,47.307,-0.043,0,0.999,0,1,0,-0.999,0,-0.043],"_humanoidState":8,"_cameraCFrame":[782.758,242.155,44.996,-0.055,-0.868,0.494,0,0.494,0.869,-0.998,0.048,-0.027],"_shiftlockState":true,"_pose":"Running","_animationQueue":[["walk",0.1]],"_animationSpeed":1.101,"_zoom":20.656},{"_mousePosition":[683,384],"_rootPartCFrame":[772.393,222.7,47.322,-0.056,0,0.998,0,1,0,-0.998,0,-0.056],"_humanoidState":8,"_cameraCFrame":[782.492,242.155,45.011,-0.055,-0.868,0.494,0,0.494,0.869,-0.998,0.048,-0.027],"_shiftlockState":true,"_pose":"Running","_animationQueue":[],"_animationSpeed":1.101,"_zoom":20.656},{"_mousePosition":[683,384],"_rootPartCFrame":[772.06,222.7,47.34,-0.055,0,0.998,0,1,0,-0.998,0,-0.055],"_humanoidState":8,"_cameraCFrame":[782.159,242.155,45.029,-0.055,-0.868,0.494,0,0.494,0.869,-0.998,0.048,-0.027],"_shiftlockState":true,"_pose":"Running","_animationQueue":[],"_animationSpeed":1.101,"_zoom":20.656},{"_mousePosition":[683,384],"_rootPartCFrame":[771.86,222.7,47.351,-0.055,0,0.998,0,1,0,-0.998,0,-0.055],"_humanoidState":8,"_cameraCFrame":[781.959,242.155,45.04,-0.055,-0.868,0.494,0,0.494,0.869,-0.998,0.048,-0.027],"_shiftlockState":true,"_pose":"Running","_animationQueue":[],"_animationSpeed":1.101,"_zoom":20.656},{"_mousePosition":[683,384],"_rootPartCFrame":[771.594,223.573,47.366,-0.055,0,0.998,0,1,0,-0.998,0,-0.055],"_humanoidState":3,"_cameraCFrame":[781.693,243.028,45.055,-0.055,-0.868,0.494,0,0.494,0.869,-0.998,0.048,-0.027],"_shiftlockState":true,"_pose":"Jumping","_animationQueue":[["walk",0.1],["jump",0.1]],"_animationSpeed":1,"_zoom":20.656},{"_mousePosition":[683,384],"_rootPartCFrame":[771.328,224.395,47.381,-0.055,0,0.998,0,1,0,-0.998,0,-0.055],"_humanoidState":5,"_cameraCFrame":[781.508,243.81,45.117,-0.05,-0.866,0.497,0,0.498,0.867,-0.999,0.043,-0.025],"_shiftlockState":true,"_pose":"FreeFall","_animationQueue":[["jump",0.1]],"_animationSpeed":1,"_zoom":20.656},{"_mousePosition":[683,384],"_rootPartCFrame":[771.061,225.162,47.396,-0.051,0,0.999,0,1,0,-0.999,0,-0.051],"_humanoidState":5,"_cameraCFrame":[781.358,244.518,45.179,-0.045,-0.864,0.502,0,0.503,0.864,-0.999,0.039,-0.023],"_shiftlockState":true,"_pose":"FreeFall","_animationQueue":[],"_animationSpeed":1,"_zoom":20.656},{"_mousePosition":[683,384],"_rootPartCFrame":[770.795,225.875,47.409,-0.046,0,0.999,0,1,0,-0.999,0,-0.046],"_humanoidState":5,"_cameraCFrame":[781.241,245.149,45.239,-0.04,-0.86,0.509,0,0.51,0.86,-0.999,0.034,-0.02],"_shiftlockState":true,"_pose":"FreeFall","_animationQueue":[],"_animationSpeed":1,"_zoom":20.656},{"_mousePosition":[683,384],"_rootPartCFrame":[770.529,226.534,47.421,-0.041,0,0.999,0,1,0,-0.999,0,-0.041],"_humanoidState":5,"_cameraCFrame":[781.089,245.746,45.301,-0.035,-0.857,0.514,0,0.515,0.857,-0.999,0.03,-0.018],"_shiftlockState":true,"_pose":"FreeFall","_animationQueue":[],"_animationSpeed":1,"_zoom":20.656},{"_mousePosition":[683,384],"_rootPartCFrame":[770.262,227.138,47.432,-0.036,0,0.999,0,1,0,-0.999,0,-0.036],"_humanoidState":5,"_cameraCFrame":[780.971,246.266,45.361,-0.03,-0.853,0.521,0,0.521,0.853,-1,0.026,-0.016],"_shiftlockState":true,"_pose":"FreeFall","_animationQueue":[],"_animationSpeed":1,"_zoom":20.656},{"_mousePosition":[683,384],"_rootPartCFrame":[769.929,227.816,47.444,-0.031,0,1,0,1,0,-1,0,-0.031],"_humanoidState":5,"_cameraCFrame":[780.903,246.796,45.504,-0.017,-0.846,0.533,0,0.533,0.846,-1,0.015,-0.009],"_shiftlockState":true,"_pose":"FreeFall","_animationQueue":[],"_animationSpeed":1,"_zoom":20.656},{"_mousePosition":[683,384],"_rootPartCFrame":[769.662,228.298,47.452,-0.019,0,1,0,1,0,-1,0,-0.019],"_humanoidState":5,"_cameraCFrame":[780.782,247.191,45.566,-0.012,-0.842,0.539,0,0.539,0.842,-1,0.01,-0.007],"_shiftlockState":true,"_pose":"FreeFall","_animationQueue":[],"_animationSpeed":1,"_zoom":20.656},{"_mousePosition":[683,384],"_rootPartCFrame":[769.396,228.725,47.457,-0.013,0,1,0,1,0,-1,0,-0.013],"_humanoidState":5,"_cameraCFrame":[780.626,247.553,45.627,-0.007,-0.839,0.544,0,0.544,0.839,-1,0.006,-0.004],"_shiftlockState":true,"_pose":"FreeFall","_animationQueue":[],"_animationSpeed":1,"_zoom":20.656},{"_mousePosition":[683,384],"_rootPartCFrame":[769.129,229.097,47.461,-0.008,0,1,0,1,0,-1,0,-0.008],"_humanoidState":5,"_cameraCFrame":[780.393,247.903,45.63,-0.007,-0.838,0.546,0,0.546,0.838,-1,0.006,-0.004],"_shiftlockState":true,"_pose":"FreeFall","_animationQueue":[],"_animationSpeed":1,"_zoom":20.656},{"_mousePosition":[683,384],"_rootPartCFrame":[768.929,229.34,47.462,-0.007,0,1,0,1,0,-1,0,-0.007],"_humanoidState":5,"_cameraCFrame":[780.193,248.147,45.632,-0.007,-0.838,0.546,0,0.546,0.838,-1,0.006,-0.004],"_shiftlockState":true,"_pose":"FreeFall","_animationQueue":[],"_animationSpeed":1,"_zoom":20.656},{"_mousePosition":[683,384],"_rootPartCFrame":[768.663,229.617,47.464,-0.007,0,1,0,1,0,-1,0,-0.007],"_humanoidState":5,"_cameraCFrame":[779.96,248.402,45.634,-0.007,-0.837,0.548,0,0.548,0.837,-1,0.006,-0.004],"_shiftlockState":true,"_pose":"FreeFall","_animationQueue":[],"_animationSpeed":1,"_zoom":20.656},{"_mousePosition":[683,384],"_rootPartCFrame":[768.396,229.84,47.466,-0.007,0,1,0,1,0,-1,0,-0.007],"_humanoidState":5,"_cameraCFrame":[779.732,248.602,45.664,-0.005,-0.836,0.549,0,0.549,0.836,-1,0.004,-0.003],"_shiftlockState":true,"_pose":"FreeFall","_animationQueue":[],"_animationSpeed":1,"_zoom":20.656},{"_mousePosition":[683,384],"_rootPartCFrame":[768.063,230.042,47.469,-0.005,0,1,0,1,0,-1,0,-0.005],"_humanoidState":5,"_cameraCFrame":[779.466,248.759,45.666,-0.005,-0.834,0.552,0,0.552,0.834,-1,0.004,-0.003],"_shiftlockState":true,"_pose":"FreeFall","_animationQueue":[],"_animationSpeed":1,"_zoom":20.656},{"_mousePosition":[683,384],"_rootPartCFrame":[767.796,230.141,47.47,-0.005,0,1,0,1,0,-1,0,-0.005],"_humanoidState":5,"_cameraCFrame":[779.271,248.815,45.696,-0.002,-0.831,0.556,0,0.556,0.831,-1,0.002,-0.001],"_shiftlockState":true,"_pose":"FreeFall","_animationQueue":[["fall",0.3]],"_animationSpeed":1,"_zoom":20.656},{"_mousePosition":[683,384],"_rootPartCFrame":[767.596,230.181,47.471,-0.002,0,1,0,1,0,-1,0,-0.002],"_humanoidState":5,"_cameraCFrame":[779.109,248.832,45.726,0,-0.83,0.557,0,0.557,0.83,-1,0,0],"_shiftlockState":true,"_pose":"FreeFall","_animationQueue":[],"_animationSpeed":1,"_zoom":20.656},{"_mousePosition":[683,384],"_rootPartCFrame":[767.263,230.178,47.472,0,0,1,0,1,0,-1,0,0],"_humanoidState":5,"_cameraCFrame":[778.809,248.806,45.727,0,-0.829,0.559,0,0.559,0.829,-1,0,0],"_shiftlockState":true,"_pose":"FreeFall","_animationQueue":[],"_animationSpeed":1,"_zoom":20.656},{"_mousePosition":[683,384],"_rootPartCFrame":[766.996,230.114,47.472,0,0,1,0,1,0,-1,0,0],"_humanoidState":5,"_cameraCFrame":[778.542,248.743,45.727,0,-0.829,0.559,0,0.559,0.829,-1,0,0],"_shiftlockState":true,"_pose":"FreeFall","_animationQueue":[],"_animationSpeed":1,"_zoom":20.656},{"_mousePosition":[683,384],"_rootPartCFrame":[766.73,229.996,47.472,0,0,1,0,1,0,-1,0,0],"_humanoidState":5,"_cameraCFrame":[778.276,248.624,45.727,0,-0.829,0.559,0,0.559,0.829,-1,0,0],"_shiftlockState":true,"_pose":"FreeFall","_animationQueue":[],"_animationSpeed":1,"_zoom":20.656},{"_mousePosition":[683,384],"_rootPartCFrame":[766.53,229.872,47.472,0,0,1,0,1,0,-1,0,0],"_humanoidState":5,"_cameraCFrame":[778.076,248.5,45.727,0,-0.829,0.559,0,0.559,0.829,-1,0,0],"_shiftlockState":true,"_pose":"FreeFall","_animationQueue":[],"_animationSpeed":1,"_zoom":20.656},{"_mousePosition":[683,384],"_rootPartCFrame":[766.263,229.658,47.471,0,0,1,0,1,0,-1,0,0],"_humanoidState":5,"_cameraCFrame":[777.847,248.264,45.756,0.003,-0.828,0.561,0,0.561,0.828,-1,-0.002,0.002],"_shiftlockState":true,"_pose":"FreeFall","_animationQueue":[],"_animationSpeed":1,"_zoom":20.656},{"_mousePosition":[683,384],"_rootPartCFrame":[765.93,229.315,47.471,0.003,0,1,0,1,0,-1,0,0.003],"_humanoidState":5,"_cameraCFrame":[777.547,247.898,45.756,0.003,-0.827,0.562,0,0.562,0.827,-1,-0.002,0.002],"_shiftlockState":true,"_pose":"FreeFall","_animationQueue":[["fall",0.3]],"_animationSpeed":1,"_zoom":20.656},{"_mousePosition":[683,384],"_rootPartCFrame":[765.663,228.979,47.471,0.003,0,1,0,1,0,-1,0,0.003],"_humanoidState":5,"_cameraCFrame":[777.318,247.539,45.785,0.006,-0.826,0.564,0,0.564,0.826,-1,-0.005,0.003],"_shiftlockState":true,"_pose":"FreeFall","_animationQueue":[],"_animationSpeed":1,"_zoom":20.656},{"_mousePosition":[683,384],"_rootPartCFrame":[765.464,228.691,47.47,0.005,0,1,0,1,0,-1,0,0.005],"_humanoidState":5,"_cameraCFrame":[777.122,247.251,45.814,0.008,-0.826,0.564,0,0.564,0.826,-1,-0.007,0.005],"_shiftlockState":true,"_pose":"FreeFall","_animationQueue":[],"_animationSpeed":1,"_zoom":20.656},{"_mousePosition":[683,384],"_rootPartCFrame":[765.13,228.143,47.468,0.008,0,1,0,1,0,-1,0,0.008],"_humanoidState":5,"_cameraCFrame":[776.83,246.681,45.871,0.013,-0.825,0.565,0,0.565,0.825,-1,-0.011,0.007],"_shiftlockState":true,"_pose":"FreeFall","_animationQueue":[],"_animationSpeed":1,"_zoom":20.656},{"_mousePosition":[683,384],"_rootPartCFrame":[764.864,227.643,47.466,0.013,0,1,0,1,0,-1,0,0.013],"_humanoidState":5,"_cameraCFrame":[776.601,246.158,45.899,0.016,-0.824,0.567,0,0.567,0.824,-1,-0.013,0.009],"_shiftlockState":true,"_pose":"FreeFall","_animationQueue":[],"_animationSpeed":1,"_zoom":20.656},{"_mousePosition":[683,384],"_rootPartCFrame":[764.664,227.233,47.464,0.015,0,1,0,1,0,-1,0,0.015],"_humanoidState":5,"_cameraCFrame":[776.442,245.725,45.957,0.021,-0.822,0.568,0,0.569,0.823,-1,-0.017,0.012],"_shiftlockState":true,"_pose":"FreeFall","_animationQueue":[],"_animationSpeed":1,"_zoom":20.656},{"_mousePosition":[683,384],"_rootPartCFrame":[764.397,226.638,47.46,0.02,0,1,0,1,0,-1,0,0.02],"_humanoidState":5,"_cameraCFrame":[776.216,245.107,46.014,0.026,-0.821,0.57,0,0.57,0.822,-1,-0.021,0.015],"_shiftlockState":true,"_pose":"FreeFall","_animationQueue":[],"_animationSpeed":1,"_zoom":20.656},{"_mousePosition":[683,384],"_rootPartCFrame":[764.064,225.817,47.453,0.025,0,1,0,1,0,-1,0,0.025],"_humanoidState":5,"_cameraCFrame":[775.959,244.241,46.099,0.033,-0.819,0.573,0,0.573,0.819,-0.999,-0.027,0.019],"_shiftlockState":true,"_pose":"FreeFall","_animationQueue":[["fall",0.3]],"_animationSpeed":1,"_zoom":20.656},{"_mousePosition":[683,384],"_rootPartCFrame":[763.864,225.284,47.448,0.033,0,0.999,0,1,0,-0.999,0,0.033],"_humanoidState":5,"_cameraCFrame":[775.805,243.685,46.216,0.043,-0.817,0.574,0,0.575,0.818,-0.999,-0.036,0.025],"_shiftlockState":true,"_pose":"FreeFall","_animationQueue":[],"_animationSpeed":1,"_zoom":20.656},{"_mousePosition":[683,384],"_rootPartCFrame":[763.597,224.526,47.439,0.042,0,0.999,0,1,0,-0.999,0,0.042],"_humanoidState":5,"_cameraCFrame":[775.553,242.926,46.358,0.056,-0.817,0.574,0,0.575,0.818,-0.998,-0.046,0.032],"_shiftlockState":true,"_pose":"FreeFall","_animationQueue":[],"_animationSpeed":1,"_zoom":20.656},{"_mousePosition":[683,384],"_rootPartCFrame":[763.264,223.501,47.425,0.054,0,0.999,0,1,0,-0.999,0,0.054],"_humanoidState":5,"_cameraCFrame":[775.223,241.901,46.375,0.059,-0.817,0.574,0,0.575,0.818,-0.998,-0.048,0.034],"_shiftlockState":true,"_pose":"FreeFall","_animationQueue":[],"_animationSpeed":1,"_zoom":20.656},{"_mousePosition":[683,384],"_rootPartCFrame":[763.065,222.845,47.415,0.058,0,0.998,0,1,0,-0.998,0,0.058],"_humanoidState":7,"_cameraCFrame":[775.026,241.246,46.394,0.061,-0.817,0.574,0,0.575,0.818,-0.998,-0.05,0.035],"_shiftlockState":true,"_pose":"FreeFall","_animationQueue":[["walk",0.1],["fall",0.3],["fall",0.3]],"_animationSpeed":1,"_zoom":20.656},{"_mousePosition":[683,384],"_rootPartCFrame":[762.798,222.433,47.399,0.061,0,0.998,0,1,0,-0.998,0,0.061],"_humanoidState":7,"_cameraCFrame":[774.762,240.833,46.409,0.064,-0.817,0.574,0,0.575,0.818,-0.998,-0.052,0.037],"_shiftlockState":true,"_pose":"FreeFall","_animationQueue":[],"_animationSpeed":1,"_zoom":20.656},{"_mousePosition":[683,384],"_rootPartCFrame":[762.466,222.531,47.379,0.064,0,0.998,0,1,0,-0.998,0,0.064],"_humanoidState":8,"_cameraCFrame":[774.364,240.977,46.384,0.064,-0.819,0.571,0,0.572,0.82,-0.998,-0.052,0.036],"_shiftlockState":true,"_pose":"Running","_animationQueue":[["fall",0.3],["walk",0.1],["fall",0.3],["walk",0.1]],"_animationSpeed":1.103,"_zoom":20.656},{"_mousePosition":[683,384],"_rootPartCFrame":[762.266,223.19,47.367,0.064,0,0.998,0,1,0,-0.998,0,0.064],"_humanoidState":3,"_cameraCFrame":[774.098,241.682,46.368,0.064,-0.821,0.567,0,0.569,0.823,-0.998,-0.052,0.036],"_shiftlockState":true,"_pose":"Jumping","_animationQueue":[["walk",0.1],["jump",0.1]],"_animationSpeed":1,"_zoom":20.656},{"_mousePosition":[683,384],"_rootPartCFrame":[762,224.026,47.35,0.064,0,0.998,0,1,0,-0.998,0,0.064],"_humanoidState":5,"_cameraCFrame":[773.73,242.586,46.315,0.061,-0.824,0.563,0,0.564,0.826,-0.998,-0.051,0.034],"_shiftlockState":true,"_pose":"FreeFall","_animationQueue":[["jump",0.1]],"_animationSpeed":1,"_zoom":20.656},{"_mousePosition":[683,384],"_rootPartCFrame":[761.667,224.994,47.329,0.061,0,0.998,0,1,0,-0.998,0,0.061],"_humanoidState":5,"_cameraCFrame":[773.256,243.645,46.198,0.054,-0.829,0.556,0,0.557,0.83,-0.999,-0.044,0.03],"_shiftlockState":true,"_pose":"FreeFall","_animationQueue":[],"_animationSpeed":1,"_zoom":20.656},{"_mousePosition":[683,384],"_rootPartCFrame":[761.401,225.707,47.312,0.054,0,0.999,0,1,0,-0.999,0,0.054],"_humanoidState":5,"_cameraCFrame":[772.844,244.447,46.058,0.043,-0.834,0.55,0,0.551,0.835,-0.999,-0.036,0.024],"_shiftlockState":true,"_pose":"FreeFall","_animationQueue":[],"_animationSpeed":1,"_zoom":20.656},{"_mousePosition":[683,384],"_rootPartCFrame":[761.135,226.365,47.298,0.045,0,0.999,0,1,0,-0.999,0,0.045],"_humanoidState":5,"_cameraCFrame":[772.393,245.215,45.894,0.031,-0.84,0.542,0,0.543,0.84,-1,-0.026,0.017],"_shiftlockState":true,"_pose":"FreeFall","_animationQueue":[],"_animationSpeed":1,"_zoom":20.656},{"_mousePosition":[683,384],"_rootPartCFrame":[760.869,226.969,47.286,0.032,0,0.999,0,1,0,-0.999,0,0.032],"_humanoidState":5,"_cameraCFrame":[771.934,245.928,45.708,0.016,-0.845,0.534,0,0.534,0.845,-1,-0.013,0.008],"_shiftlockState":true,"_pose":"FreeFall","_animationQueue":[],"_animationSpeed":1,"_zoom":20.656},{"_mousePosition":[683,384],"_rootPartCFrame":[760.602,227.519,47.277,0.018,0,1,0,1,0,-1,0,0.018],"_humanoidState":5,"_cameraCFrame":[771.39,246.626,45.45,-0.007,-0.852,0.523,0,0.523,0.852,-1,0.006,-0.004],"_shiftlockState":true,"_pose":"FreeFall","_animationQueue":[],"_animationSpeed":1,"_zoom":20.656},{"_mousePosition":[683,384],"_rootPartCFrame":[760.335,228.014,47.272,-0.004,0,1,0,1,0,-1,0,-0.004],"_humanoidState":5,"_cameraCFrame":[771.001,247.184,45.338,-0.017,-0.855,0.518,0,0.518,0.855,-1,0.015,-0.009],"_shiftlockState":true,"_pose":"FreeFall","_animationQueue":[],"_animationSpeed":1,"_zoom":20.656},{"_mousePosition":[683,384],"_rootPartCFrame":[760.135,228.349,47.273,-0.016,0,1,0,1,0,-1,0,-0.016],"_humanoidState":5,"_cameraCFrame":[770.501,247.664,45.053,-0.045,-0.862,0.506,0,0.506,0.862,-0.999,0.039,-0.023],"_shiftlockState":true,"_pose":"FreeFall","_animationQueue":[],"_animationSpeed":1,"_zoom":20.656},{"_mousePosition":[683,384],"_rootPartCFrame":[759.802,228.84,47.278,-0.041,0,0.999,0,1,0,-0.999,0,-0.041],"_humanoidState":5,"_cameraCFrame":[769.994,248.236,44.91,-0.06,-0.865,0.499,0,0.499,0.866,-0.998,0.052,-0.03],"_shiftlockState":true,"_pose":"FreeFall","_animationQueue":[],"_animationSpeed":1,"_zoom":20.656},{"_mousePosition":[683,384],"_rootPartCFrame":[759.536,229.172,47.289,-0.058,0,0.998,0,1,0,-0.998,0,-0.058],"_humanoidState":5,"_cameraCFrame":[769.627,248.607,44.797,-0.073,-0.866,0.495,0,0.496,0.868,-0.997,0.063,-0.036],"_shiftlockState":true,"_pose":"FreeFall","_animationQueue":[],"_animationSpeed":1,"_zoom":20.656},{"_mousePosition":[683,384],"_rootPartCFrame":[759.27,229.449,47.304,-0.071,0,0.997,0,1,0,-0.997,0,-0.071],"_humanoidState":5,"_cameraCFrame":[769.272,248.924,44.741,-0.08,-0.867,0.491,0,0.493,0.87,-0.997,0.07,-0.04],"_shiftlockState":true,"_pose":"FreeFall","_animationQueue":[],"_animationSpeed":1,"_zoom":20.656},{"_mousePosition":[683,384],"_rootPartCFrame":[759.004,229.671,47.323,-0.079,0,0.997,0,1,0,-0.997,0,-0.079],"_humanoidState":5,"_cameraCFrame":[768.923,249.186,44.716,-0.085,-0.869,0.487,0,0.489,0.872,-0.996,0.075,-0.042],"_shiftlockState":true,"_pose":"FreeFall","_animationQueue":[],"_animationSpeed":1,"_zoom":20.656},{"_mousePosition":[683,384],"_rootPartCFrame":[758.804,229.803,47.339,-0.085,0,0.996,0,1,0,-0.996,0,-0.085],"_humanoidState":5,"_cameraCFrame":[768.682,249.337,44.709,-0.088,-0.87,0.486,0,0.488,0.873,-0.996,0.077,-0.043],"_shiftlockState":true,"_pose":"FreeFall","_animationQueue":[],"_animationSpeed":1,"_zoom":20.656},{"_mousePosition":[683,384],"_rootPartCFrame":[758.539,229.93,47.362,-0.088,0,0.996,0,1,0,-0.996,0,-0.088],"_humanoidState":5,"_cameraCFrame":[768.375,249.484,44.71,-0.091,-0.87,0.484,0,0.486,0.874,-0.996,0.079,-0.044],"_shiftlockState":true,"_pose":"FreeFall","_animationQueue":[],"_animationSpeed":1,"_zoom":20.656},{"_mousePosition":[683,384],"_rootPartCFrame":[758.207,230.012,47.391,-0.09,0,0.996,0,1,0,-0.996,0,-0.09],"_humanoidState":5,"_cameraCFrame":[767.952,249.605,44.672,-0.098,-0.872,0.48,0,0.482,0.876,-0.995,0.086,-0.047],"_shiftlockState":true,"_pose":"FreeFall","_animationQueue":[],"_animationSpeed":1,"_zoom":20.656},{"_mousePosition":[683,384],"_rootPartCFrame":[758.007,230.02,47.409,-0.098,0,0.995,0,1,0,-0.995,0,-0.098],"_humanoidState":5,"_cameraCFrame":[767.655,249.652,44.599,-0.108,-0.873,0.476,0,0.479,0.878,-0.994,0.095,-0.052],"_shiftlockState":true,"_pose":"FreeFall","_animationQueue":[],"_animationSpeed":1,"_zoom":20.656},{"_mousePosition":[683,384],"_rootPartCFrame":[757.742,229.984,47.435,-0.107,0,0.994,0,1,0,-0.994,0,-0.107],"_humanoidState":5,"_cameraCFrame":[767.305,249.654,44.584,-0.113,-0.874,0.473,0,0.476,0.88,-0.994,0.1,-0.054],"_shiftlockState":true,"_pose":"FreeFall","_animationQueue":[],"_animationSpeed":1,"_zoom":20.656},{"_mousePosition":[683,384],"_rootPartCFrame":[757.477,229.893,47.463,-0.112,0,0.994,0,1,0,-0.994,0,-0.112],"_humanoidState":5,"_cameraCFrame":[766.947,249.602,44.548,-0.121,-0.875,0.469,0,0.472,0.882,-0.993,0.106,-0.057],"_shiftlockState":true,"_pose":"FreeFall","_animationQueue":[],"_animationSpeed":1,"_zoom":20.656},{"_mousePosition":[683,384],"_rootPartCFrame":[757.146,229.703,47.501,-0.12,0,0.993,0,1,0,-0.993,0,-0.12],"_humanoidState":5,"_cameraCFrame":[766.508,249.449,44.476,-0.133,-0.875,0.465,0,0.469,0.883,-0.991,0.118,-0.062],"_shiftlockState":true,"_pose":"FreeFall","_animationQueue":[["fall",0.3]],"_animationSpeed":1,"_zoom":20.656},{"_mousePosition":[683,384],"_rootPartCFrame":[756.881,229.49,47.533,-0.132,0,0.991,0,1,0,-0.991,0,-0.132],"_humanoidState":5,"_cameraCFrame":[766.193,249.255,44.465,-0.138,-0.876,0.463,0,0.467,0.884,-0.99,0.122,-0.065],"_shiftlockState":true,"_pose":"FreeFall","_animationQueue":[],"_animationSpeed":1,"_zoom":20.656},{"_mousePosition":[683,384],"_rootPartCFrame":[756.617,229.222,47.568,-0.137,0,0.991,0,1,0,-0.991,0,-0.137],"_humanoidState":5,"_cameraCFrame":[765.834,249.024,44.44,-0.146,-0.877,0.459,0,0.464,0.886,-0.989,0.129,-0.068],"_shiftlockState":true,"_pose":"FreeFall","_animationQueue":[],"_animationSpeed":1,"_zoom":20.656},{"_mousePosition":[683,384],"_rootPartCFrame":[756.419,228.985,47.595,-0.145,0,0.989,0,1,0,-0.989,0,-0.145],"_humanoidState":5,"_cameraCFrame":[765.667,248.787,44.561,-0.136,-0.878,0.459,0,0.464,0.886,-0.991,0.12,-0.063],"_shiftlockState":true,"_pose":"FreeFall","_animationQueue":[],"_animationSpeed":1,"_zoom":20.656},{"_mousePosition":[683,384],"_rootPartCFrame":[756.155,228.621,47.634,-0.136,0,0.991,0,1,0,-0.991,0,-0.136],"_humanoidState":5,"_cameraCFrame":[765.876,248.311,45.542,-0.035,-0.88,0.474,0,0.474,0.881,-0.999,0.031,-0.017],"_shiftlockState":true,"_pose":"FreeFall","_animationQueue":[],"_animationSpeed":1,"_zoom":20.656},{"_mousePosition":[683,384],"_rootPartCFrame":[756.052,228.232,47.678,0.011,0.017,1,0.006,1,-0.017,-1,0.006,0.011],"_humanoidState":5,"_cameraCFrame":[766.495,247.648,48.176,0.214,-0.847,0.486,0,0.498,0.867,-0.977,-0.186,0.106],"_shiftlockState":true,"_pose":"FreeFall","_animationQueue":[],"_animationSpeed":1,"_zoom":20.656},{"_mousePosition":[683,384],"_rootPartCFrame":[756.198,228.587,47.695,0.169,0.011,0.986,0.003,1,-0.011,-0.986,0.004,0.169],"_humanoidState":7,"_cameraCFrame":[766.118,247.61,52.662,0.583,-0.689,0.43,0,0.529,0.848,-0.812,-0.495,0.309],"_shiftlockState":true,"_pose":"FreeFall","_animationQueue":[["walk",0.1],["fall",0.3],["fall",0.3]],"_animationSpeed":1,"_zoom":20.656},{"_mousePosition":[683,384],"_rootPartCFrame":[756.476,229.098,47.663,0.521,-0.001,0.853,0.008,1,-0.004,-0.853,0.009,0.521],"_humanoidState":7,"_cameraCFrame":[763.915,247.726,56.676,0.858,-0.427,0.288,0,0.559,0.829,-0.514,-0.711,0.479],"_shiftlockState":true,"_pose":"FreeFall","_animationQueue":[["fall",0.3]],"_animationSpeed":1,"_zoom":20.656},{"_mousePosition":[683,384],"_rootPartCFrame":[756.643,230.772,47.634,0.838,0.005,0.545,0.002,1,-0.011,-0.545,0.01,0.838],"_humanoidState":3,"_cameraCFrame":[762.107,249.102,58.451,0.948,-0.258,0.184,0,0.58,0.815,-0.317,-0.773,0.55],"_shiftlockState":true,"_pose":"Jumping","_animationQueue":[["fall",0.3],["jump",0.1]],"_animationSpeed":1,"_zoom":20.656},{"_mousePosition":[683,384],"_rootPartCFrame":[756.642,233.272,47.572,0.937,0.001,0.349,0.001,1,-0.006,-0.349,0.006,0.937],"_humanoidState":5,"_cameraCFrame":[761.846,251.485,58.687,0.957,-0.235,0.171,0,0.588,0.809,-0.291,-0.774,0.562],"_shiftlockState":true,"_pose":"FreeFall","_animationQueue":[["jump",0.1]],"_animationSpeed":1,"_zoom":20.656},{"_mousePosition":[683,384],"_rootPartCFrame":[756.635,236.397,47.447,0.953,-0.001,0.302,0.001,1,0,-0.302,0,0.953],"_humanoidState":5,"_cameraCFrame":[763.679,254.539,57.604,0.894,-0.361,0.265,0,0.592,0.806,-0.448,-0.72,0.53],"_shiftlockState":true,"_pose":"FreeFall","_animationQueue":[],"_animationSpeed":1,"_zoom":20.656},{"_mousePosition":[683,384],"_rootPartCFrame":[756.652,238.897,47.356,0.894,0,0.448,0,1,0,-0.448,0,0.894],"_humanoidState":5,"_cameraCFrame":[766.378,256.991,55.085,0.726,-0.552,0.409,0,0.596,0.803,-0.687,-0.583,0.432],"_shiftlockState":true,"_pose":"FreeFall","_animationQueue":[],"_animationSpeed":1,"_zoom":20.656},{"_mousePosition":[683,384],"_rootPartCFrame":[756.654,240.772,47.313,0.726,0,0.687,0,1,0,-0.687,0,0.726],"_humanoidState":5,"_cameraCFrame":[768.27,258.866,51.721,0.483,-0.703,0.521,0,0.596,0.803,-0.876,-0.388,0.288],"_shiftlockState":true,"_pose":"FreeFall","_animationQueue":[],"_animationSpeed":1,"_zoom":20.656},{"_mousePosition":[683,384],"_rootPartCFrame":[756.656,243.272,47.291,0.483,0,0.876,0,1,0,-0.876,0,0.483],"_humanoidState":5,"_cameraCFrame":[768.983,261.438,47.194,0.134,-0.8,0.585,0,0.591,0.807,-0.991,-0.108,0.079],"_shiftlockState":true,"_pose":"FreeFall","_animationQueue":[],"_animationSpeed":1,"_zoom":20.656},{"_mousePosition":[683,384],"_rootPartCFrame":[756.656,246.397,47.29,0.134,0,0.991,0,1,0,-0.991,0,0.134],"_humanoidState":5,"_cameraCFrame":[768.835,264.61,45.853,0.026,-0.809,0.587,0,0.588,0.809,-1,-0.021,0.015],"_shiftlockState":true,"_pose":"FreeFall","_animationQueue":[],"_animationSpeed":1,"_zoom":20.656},{"_mousePosition":[683,384],"_rootPartCFrame":[756.656,248.897,47.29,0.026,0,1,0,1,0,-1,0,0.026],"_humanoidState":5,"_cameraCFrame":[768.835,267.11,45.853,0.026,-0.809,0.587,0,0.588,0.809,-1,-0.021,0.015],"_shiftlockState":true,"_pose":"FreeFall","_animationQueue":[],"_animationSpeed":1,"_zoom":20.656},{"_mousePosition":[683,384],"_rootPartCFrame":[756.656,251.363,47.29,0.026,0,1,0,1,0,-1,0,0.026],"_humanoidState":5,"_cameraCFrame":[768.767,269.6,45.576,0.003,-0.81,0.586,0,0.586,0.81,-1,-0.002,0.002],"_shiftlockState":true,"_pose":"FreeFall","_animationQueue":[],"_animationSpeed":1,"_zoom":20.656},{"_mousePosition":[683,384],"_rootPartCFrame":[756.656,253.774,47.29,0.003,0,1,0,1,0,-1,0,0.003],"_humanoidState":5,"_cameraCFrame":[768.824,271.987,45.76,0.018,-0.809,0.588,0,0.588,0.809,-1,-0.015,0.011],"_shiftlockState":true,"_pose":"FreeFall","_animationQueue":[],"_animationSpeed":1,"_zoom":20.656},{"_mousePosition":[683,384],"_rootPartCFrame":[756.656,255.547,47.29,0.018,0,1,0,1,0,-1,0,0.018],"_humanoidState":5,"_cameraCFrame":[768.824,273.76,45.76,0.018,-0.809,0.588,0,0.588,0.809,-1,-0.015,0.011],"_shiftlockState":true,"_pose":"FreeFall","_animationQueue":[],"_animationSpeed":1,"_zoom":20.656},{"_mousePosition":[683,384],"_rootPartCFrame":[756.618,258.434,47.289,0.018,0,1,0,1,0,-1,0,0.018],"_humanoidState":5,"_cameraCFrame":[768.787,276.647,45.76,0.018,-0.809,0.588,0,0.588,0.809,-1,-0.015,0.011],"_shiftlockState":true,"_pose":"FreeFall","_animationQueue":[],"_animationSpeed":1,"_zoom":20.656},{"_mousePosition":[683,384],"_rootPartCFrame":[756.566,260.125,47.288,0.018,0,1,0,1,0,-1,0,0.018],"_humanoidState":5,"_cameraCFrame":[768.735,278.338,45.759,0.018,-0.809,0.588,0,0.588,0.809,-1,-0.015,0.011],"_shiftlockState":true,"_pose":"FreeFall","_animationQueue":[],"_animationSpeed":1,"_zoom":20.656},{"_mousePosition":[683,384],"_rootPartCFrame":[756.43,262.875,47.285,0.018,0,1,0,1,0,-1,0,0.018],"_humanoidState":5,"_cameraCFrame":[768.598,281.088,45.756,0.018,-0.809,0.588,0,0.588,0.809,-1,-0.015,0.011],"_shiftlockState":true,"_pose":"FreeFall","_animationQueue":[],"_animationSpeed":1,"_zoom":20.656},{"_mousePosition":[683,384],"_rootPartCFrame":[756.318,264.484,47.283,0.018,0,1,0,1,0,-1,0,0.018],"_humanoidState":5,"_cameraCFrame":[768.486,282.698,45.754,0.018,-0.809,0.588,0,0.588,0.809,-1,-0.015,0.011],"_shiftlockState":true,"_pose":"FreeFall","_animationQueue":[],"_animationSpeed":1,"_zoom":20.656},{"_mousePosition":[683,384],"_rootPartCFrame":[756.134,266.583,47.28,0.018,0,1,0,1,0,-1,0,0.018],"_humanoidState":5,"_cameraCFrame":[768.31,284.796,45.812,0.023,-0.809,0.587,0,0.588,0.809,-1,-0.019,0.014],"_shiftlockState":true,"_pose":"FreeFall","_animationQueue":[],"_animationSpeed":1,"_zoom":20.656},{"_mousePosition":[683,384],"_rootPartCFrame":[755.849,269.128,47.275,0.023,0,1,0,1,0,-1,0,0.023],"_humanoidState":5,"_cameraCFrame":[768.028,287.342,45.838,0.026,-0.809,0.587,0,0.588,0.809,-1,-0.021,0.015],"_shiftlockState":true,"_pose":"FreeFall","_animationQueue":[],"_animationSpeed":1,"_zoom":20.656},{"_mousePosition":[683,384],"_rootPartCFrame":[755.586,271.104,47.269,0.025,0,1,0,1,0,-1,0,0.025],"_humanoidState":5,"_cameraCFrame":[767.733,289.341,45.831,0.026,-0.81,0.586,0,0.586,0.81,-1,-0.021,0.015],"_shiftlockState":true,"_pose":"FreeFall","_animationQueue":[],"_animationSpeed":1,"_zoom":20.656},{"_mousePosition":[683,384],"_rootPartCFrame":[755.386,272.55,47.264,0.026,0,1,0,1,0,-1,0,0.026],"_humanoidState":5,"_cameraCFrame":[767.533,290.786,45.826,0.026,-0.81,0.586,0,0.586,0.81,-1,-0.021,0.015],"_shiftlockState":true,"_pose":"FreeFall","_animationQueue":[],"_animationSpeed":1,"_zoom":20.656},{"_mousePosition":[683,384],"_rootPartCFrame":[755.119,274.43,47.257,0.026,0,1,0,1,0,-1,0,0.026],"_humanoidState":5,"_cameraCFrame":[767.193,292.714,45.757,0.021,-0.812,0.583,0,0.583,0.813,-1,-0.017,0.012],"_shiftlockState":true,"_pose":"FreeFall","_animationQueue":[],"_animationSpeed":1,"_zoom":20.656},{"_mousePosition":[683,384],"_rootPartCFrame":[754.853,276.255,47.25,0.021,0,1,0,1,0,-1,0,0.021],"_humanoidState":5,"_cameraCFrame":[766.882,294.563,45.658,0.013,-0.814,0.581,0,0.581,0.814,-1,-0.011,0.008],"_shiftlockState":true,"_pose":"FreeFall","_animationQueue":[["fall",0.3]],"_animationSpeed":1,"_zoom":20.656},{"_mousePosition":[683,384],"_rootPartCFrame":[754.586,278.026,47.245,0.014,0,1,0,1,0,-1,0,0.014],"_humanoidState":5,"_cameraCFrame":[766.538,296.38,45.56,0.006,-0.816,0.578,0,0.578,0.816,-1,-0.004,0.003],"_shiftlockState":true,"_pose":"FreeFall","_animationQueue":[],"_animationSpeed":1,"_zoom":20.656},{"_mousePosition":[683,384],"_rootPartCFrame":[754.319,279.743,47.241,0.007,0,1,0,1,0,-1,0,0.007],"_humanoidState":5,"_cameraCFrame":[766.122,298.189,45.436,-0.005,-0.82,0.572,0,0.572,0.82,-1,0.004,-0.003],"_shiftlockState":true,"_pose":"FreeFall","_animationQueue":[],"_animationSpeed":1,"_zoom":20.656},{"_mousePosition":[683,384],"_rootPartCFrame":[754.053,281.405,47.239,-0.003,0,1,0,1,0,-1,0,-0.003],"_humanoidState":5,"_cameraCFrame":[765.737,299.92,45.317,-0.015,-0.824,0.567,0,0.567,0.824,-1,0.012,-0.008],"_shiftlockState":true,"_pose":"FreeFall","_animationQueue":[],"_animationSpeed":1,"_zoom":20.656},{"_mousePosition":[683,384],"_rootPartCFrame":[753.786,283.013,47.24,-0.013,0,1,0,1,0,-1,0,-0.013],"_humanoidState":5,"_cameraCFrame":[765.351,301.596,45.202,-0.025,-0.827,0.562,0,0.562,0.827,-1,0.021,-0.014],"_shiftlockState":true,"_pose":"FreeFall","_animationQueue":[],"_animationSpeed":1,"_zoom":20.656},{"_mousePosition":[683,384],"_rootPartCFrame":[753.52,284.566,47.243,-0.024,0,1,0,1,0,-1,0,-0.024],"_humanoidState":5,"_cameraCFrame":[765.002,303.194,45.12,-0.032,-0.829,0.559,0,0.559,0.829,-0.999,0.027,-0.018],"_shiftlockState":true,"_pose":"FreeFall","_animationQueue":[],"_animationSpeed":1,"_zoom":20.656},{"_mousePosition":[683,384],"_rootPartCFrame":[753.186,286.43,47.251,-0.031,0,1,0,1,0,-1,0,-0.031],"_humanoidState":5,"_cameraCFrame":[764.591,305.104,45.072,-0.038,-0.831,0.555,0,0.556,0.831,-0.999,0.031,-0.021],"_shiftlockState":true,"_pose":"FreeFall","_animationQueue":[["fall",0.3]],"_animationSpeed":1,"_zoom":20.656},{"_mousePosition":[683,384],"_rootPartCFrame":[752.92,287.861,47.26,-0.037,0,0.999,0,1,0,-0.999,0,-0.037],"_humanoidState":5,"_cameraCFrame":[764.246,306.579,45.025,-0.043,-0.833,0.552,0,0.552,0.834,-0.999,0.035,-0.024],"_shiftlockState":true,"_pose":"FreeFall","_animationQueue":[],"_animationSpeed":1,"_zoom":20.656},{"_mousePosition":[683,384],"_rootPartCFrame":[752.653,289.237,47.269,-0.042,0,0.999,0,1,0,-0.999,0,-0.042],"_humanoidState":5,"_cameraCFrame":[763.906,307.999,45.01,-0.045,-0.835,0.549,0,0.549,0.836,-0.999,0.038,-0.025],"_shiftlockState":true,"_pose":"FreeFall","_animationQueue":[],"_animationSpeed":1,"_zoom":20.656},{"_mousePosition":[683,384],"_rootPartCFrame":[752.453,290.233,47.278,-0.045,0,0.999,0,1,0,-0.999,0,-0.045],"_humanoidState":5,"_cameraCFrame":[763.628,309.039,44.964,-0.05,-0.837,0.545,0,0.546,0.838,-0.999,0.042,-0.027],"_shiftlockState":true,"_pose":"FreeFall","_animationQueue":[],"_animationSpeed":1,"_zoom":20.656},{"_mousePosition":[683,384],"_rootPartCFrame":[752.12,291.825,47.293,-0.049,0,0.999,0,1,0,-0.999,0,-0.049],"_humanoidState":5,"_cameraCFrame":[763.295,310.631,44.979,-0.05,-0.837,0.545,0,0.546,0.838,-0.999,0.042,-0.027],"_shiftlockState":true,"_pose":"FreeFall","_animationQueue":[],"_animationSpeed":1,"_zoom":20.656},{"_mousePosition":[683,384],"_rootPartCFrame":[751.921,292.739,47.302,-0.05,0,0.999,0,1,0,-0.999,0,-0.05],"_humanoidState":5,"_cameraCFrame":[763.095,311.546,44.989,-0.05,-0.837,0.545,0,0.546,0.838,-0.999,0.042,-0.027],"_shiftlockState":true,"_pose":"FreeFall","_animationQueue":[],"_animationSpeed":1,"_zoom":20.656},{"_mousePosition":[683,384],"_rootPartCFrame":[751.588,294.195,47.319,-0.05,0,0.999,0,1,0,-0.999,0,-0.05],"_humanoidState":5,"_cameraCFrame":[762.762,313.002,45.006,-0.05,-0.837,0.545,0,0.546,0.838,-0.999,0.042,-0.027],"_shiftlockState":true,"_pose":"FreeFall","_animationQueue":[],"_animationSpeed":1,"_zoom":20.656},{"_mousePosition":[683,384],"_rootPartCFrame":[751.388,295.028,47.329,-0.05,0,0.999,0,1,0,-0.999,0,-0.05],"_humanoidState":5,"_cameraCFrame":[762.562,313.834,45.016,-0.05,-0.837,0.545,0,0.546,0.838,-0.999,0.042,-0.027],"_shiftlockState":true,"_pose":"FreeFall","_animationQueue":[["fall",0.3]],"_animationSpeed":1,"_zoom":20.656},{"_mousePosition":[683,384],"_rootPartCFrame":[751.122,296.091,47.342,-0.05,0,0.999,0,1,0,-0.999,0,-0.05],"_humanoidState":5,"_cameraCFrame":[762.296,314.897,45.029,-0.05,-0.837,0.545,0,0.546,0.838,-0.999,0.042,-0.027],"_shiftlockState":true,"_pose":"FreeFall","_animationQueue":[],"_animationSpeed":1,"_zoom":20.656},{"_mousePosition":[683,384],"_rootPartCFrame":[750.855,297.099,47.356,-0.05,0,0.999,0,1,0,-0.999,0,-0.05],"_humanoidState":5,"_cameraCFrame":[762.03,315.905,45.043,-0.05,-0.837,0.545,0,0.546,0.838,-0.999,0.042,-0.027],"_shiftlockState":true,"_pose":"FreeFall","_animationQueue":[],"_animationSpeed":1,"_zoom":20.656},{"_mousePosition":[683,384],"_rootPartCFrame":[750.589,298.052,47.369,-0.05,0,0.999,0,1,0,-0.999,0,-0.05],"_humanoidState":5,"_cameraCFrame":[761.851,316.859,46.804,-0.05,-0.837,0.545,0,0.546,0.838,-0.999,0.042,-0.027],"_shiftlockState":false,"_pose":"FreeFall","_animationQueue":[],"_animationSpeed":1,"_zoom":20.656},{"_mousePosition":[683,384],"_rootPartCFrame":[750.256,299.168,47.386,-0.05,0,0.999,0,1,0,-0.999,0,-0.05],"_humanoidState":5,"_cameraCFrame":[761.518,317.974,46.82,-0.05,-0.837,0.545,0,0.546,0.838,-0.999,0.042,-0.027],"_shiftlockState":false,"_pose":"FreeFall","_animationQueue":[],"_animationSpeed":1,"_zoom":20.656},{"_mousePosition":[683,384],"_rootPartCFrame":[749.99,299.999,47.399,-0.05,0,0.999,0,1,0,-0.999,0,-0.05],"_humanoidState":5,"_cameraCFrame":[761.218,318.827,46.836,-0.05,-0.838,0.544,0,0.544,0.839,-0.999,0.042,-0.027],"_shiftlockState":false,"_pose":"FreeFall","_animationQueue":[],"_animationSpeed":1,"_zoom":20.656},{"_mousePosition":[683,384],"_rootPartCFrame":[749.79,300.586,47.409,-0.05,0,0.999,0,1,0,-0.999,0,-0.05],"_humanoidState":5,"_cameraCFrame":[761.018,319.414,46.846,-0.05,-0.838,0.544,0,0.544,0.839,-0.999,0.042,-0.027],"_shiftlockState":false,"_pose":"FreeFall","_animationQueue":[["fall",0.3]],"_animationSpeed":1,"_zoom":20.656},{"_mousePosition":[683,384],"_rootPartCFrame":[749.523,301.322,47.423,-0.05,0,0.999,0,1,0,-0.999,0,-0.05],"_humanoidState":5,"_cameraCFrame":[760.752,320.15,46.859,-0.05,-0.838,0.544,0,0.544,0.839,-0.999,0.042,-0.027],"_shiftlockState":false,"_pose":"FreeFall","_animationQueue":[],"_animationSpeed":1,"_zoom":20.656},{"_mousePosition":[683,384],"_rootPartCFrame":[749.257,302.003,47.436,-0.05,0,0.999,0,1,0,-0.999,0,-0.05],"_humanoidState":5,"_cameraCFrame":[760.486,320.831,46.872,-0.05,-0.838,0.544,0,0.544,0.839,-0.999,0.042,-0.027],"_shiftlockState":false,"_pose":"FreeFall","_animationQueue":[],"_animationSpeed":1,"_zoom":20.656},{"_mousePosition":[683,384],"_rootPartCFrame":[748.991,302.629,47.449,-0.05,0,0.999,0,1,0,-0.999,0,-0.05],"_humanoidState":5,"_cameraCFrame":[760.219,321.457,46.886,-0.05,-0.838,0.544,0,0.544,0.839,-0.999,0.042,-0.027],"_shiftlockState":false,"_pose":"FreeFall","_animationQueue":[],"_animationSpeed":1,"_zoom":20.656},{"_mousePosition":[683,384],"_rootPartCFrame":[748.724,303.201,47.463,-0.05,0,0.999,0,1,0,-0.999,0,-0.05],"_humanoidState":5,"_cameraCFrame":[759.953,322.03,46.899,-0.05,-0.838,0.544,0,0.544,0.839,-0.999,0.042,-0.027],"_shiftlockState":false,"_pose":"FreeFall","_animationQueue":[],"_animationSpeed":1,"_zoom":20.656},{"_mousePosition":[683,384],"_rootPartCFrame":[748.458,303.719,47.476,-0.05,0,0.999,0,1,0,-0.999,0,-0.05],"_humanoidState":5,"_cameraCFrame":[759.687,322.547,46.912,-0.05,-0.838,0.544,0,0.544,0.839,-0.999,0.042,-0.027],"_shiftlockState":false,"_pose":"FreeFall","_animationQueue":[],"_animationSpeed":1,"_zoom":20.656},{"_mousePosition":[683,384],"_rootPartCFrame":[748.192,304.182,47.49,-0.05,0,0.999,0,1,0,-0.999,0,-0.05],"_humanoidState":5,"_cameraCFrame":[759.386,323.032,46.927,-0.05,-0.839,0.542,0,0.543,0.84,-0.999,0.042,-0.027],"_shiftlockState":false,"_pose":"FreeFall","_animationQueue":[],"_animationSpeed":1,"_zoom":20.656},{"_mousePosition":[683,384],"_rootPartCFrame":[747.925,304.59,47.503,-0.05,0,0.999,0,1,0,-0.999,0,-0.05],"_humanoidState":5,"_cameraCFrame":[759.12,323.441,46.941,-0.05,-0.839,0.542,0,0.543,0.84,-0.999,0.042,-0.027],"_shiftlockState":false,"_pose":"FreeFall","_animationQueue":[["fall",0.3]],"_animationSpeed":1,"_zoom":20.656},{"_mousePosition":[683,384],"_rootPartCFrame":[747.659,304.944,47.516,-0.05,0,0.999,0,1,0,-0.999,0,-0.05],"_huma