[{"_mousePosition":[733,366],"_rootPartCFrame":[776.033,222.7,47.142,-0.001,0,1,0,1,0,-1,0,-0.001],"_humanoidState":8,"_cameraCFrame":[786.715,241.764,45.125,-0.186,-0.836,0.517,0,0.526,0.85,-0.983,0.158,-0.098],"_shiftlockState":false,"_pose":"Standing","_animationQueue":[],"_animationSpeed":1,"_zoom":20.656},{"_mousePosition":[733,366],"_rootPartCFrame":[775.791,222.7,47.189,-0.028,0,1,0,1,0,-1,0,-0.028],"_humanoidState":8,"_cameraCFrame":[786.348,241.848,45.251,-0.181,-0.84,0.511,0,0.52,0.854,-0.984,0.154,-0.094],"_shiftlockState":false,"_pose":"Standing","_animationQueue":[],"_animationSpeed":1,"_zoom":20.656},{"_mousePosition":[733,366],"_rootPartCFrame":[775.53,222.7,47.239,-0.049,0,0.999,0,1,0,-0.999,0,-0.049],"_humanoidState":8,"_cameraCFrame":[785.956,241.931,45.352,-0.178,-0.845,0.505,0,0.513,0.858,-0.984,0.153,-0.091],"_shiftlockState":false,"_pose":"Running","_animationQueue":[["walk",0.1]],"_animationSpeed":1.066,"_zoom":20.656},{"_mousePosition":[733,366],"_rootPartCFrame":[775.268,222.7,47.287,-0.067,0,0.998,0,1,0,-0.998,0,-0.067],"_humanoidState":8,"_cameraCFrame":[785.562,242.013,45.451,-0.176,-0.849,0.498,0,0.506,0.862,-0.984,0.151,-0.089],"_shiftlockState":false,"_pose":"Running","_animationQueue":[],"_animationSpeed":1.066,"_zoom":20.656},{"_mousePosition":[733,366],"_rootPartCFrame":[775.005,222.7,47.335,-0.082,0,0.997,0,1,0,-0.997,0,-0.082],"_humanoidState":8,"_cameraCFrame":[785.137,242.114,45.58,-0.171,-0.855,0.491,0,0.498,0.867,-0.985,0.148,-0.085],"_shiftlockState":false,"_pose":"Running","_animationQueue":[],"_animationSpeed":1.066,"_zoom":20.656},{"_mousePosition":[733,366],"_rootPartCFrame":[774.611,222.7,47.405,-0.101,0,0.995,0,1,0,-0.995,0,-0.101],"_humanoidState":8,"_cameraCFrame":[784.545,242.233,45.737,-0.166,-0.861,0.481,0,0.488,0.873,-0.986,0.145,-0.081],"_shiftlockState":false,"_pose":"Running","_animationQueue":[],"_animationSpeed":1.066,"_zoom":20.656},{"_mousePosition":[733,366],"_rootPartCFrame":[774.48,222.7,47.428,-0.106,0,0.994,0,1,0,-0.994,0,-0.106],"_humanoidState":8,"_cameraCFrame":[784.178,242.369,45.849,-0.161,-0.868,0.47,0,0.476,0.88,-0.987,0.141,-0.076],"_shiftlockState":false,"_pose":"Running","_animationQueue":[],"_animationSpeed":1.066,"_zoom":20.656},{"_mousePosition":[733,366],"_rootPartCFrame":[774.217,222.7,47.472,-0.114,0,0.993,0,1,0,-0.993,0,-0.114],"_humanoidState":8,"_cameraCFrame":[783.748,242.464,45.97,-0.156,-0.873,0.461,0,0.467,0.884,-0.988,0.138,-0.073],"_shiftlockState":false,"_pose":"Running","_animationQueue":[],"_animationSpeed":1.066,"_zoom":20.656},{"_mousePosition":[733,366],"_rootPartCFrame":[773.954,222.7,47.515,-0.121,0,0.993,0,1,0,-0.993,0,-0.121],"_humanoidState":8,"_cameraCFrame":[783.209,242.612,46.105,-0.151,-0.881,0.448,0,0.453,0.891,-0.989,0.134,-0.068],"_shiftlockState":false,"_pose":"Running","_animationQueue":[],"_animationSpeed":1.066,"_zoom":20.656},{"_mousePosition":[733,366],"_rootPartCFrame":[773.691,222.7,47.557,-0.126,0,0.992,0,1,0,-0.992,0,-0.126],"_humanoidState":8,"_cameraCFrame":[782.772,242.702,46.196,-0.148,-0.886,0.44,0,0.445,0.896,-0.989,0.133,-0.066],"_shiftlockState":false,"_pose":"Running","_animationQueue":[["walk",0.1]],"_animationSpeed":1.066,"_zoom":20.656},{"_mousePosition":[733,366],"_rootPartCFrame":[773.427,222.7,47.597,-0.129,0,0.992,0,1,0,-0.992,0,-0.129],"_humanoidState":8,"_cameraCFrame":[782.333,242.791,46.286,-0.146,-0.89,0.431,0,0.436,0.9,-0.989,0.131,-0.063],"_shiftlockState":false,"_pose":"Running","_animationQueue":[],"_animationSpeed":1.066,"_zoom":20.656},{"_mousePosition":[733,366],"_rootPartCFrame":[773.163,222.7,47.636,-0.132,0,0.991,0,1,0,-0.991,0,-0.132],"_humanoidState":8,"_cameraCFrame":[781.893,242.878,46.374,-0.143,-0.895,0.423,0,0.427,0.904,-0.99,0.129,-0.061],"_shiftlockState":false,"_pose":"Running","_animationQueue":[],"_animationSpeed":1.066,"_zoom":20.656},{"_mousePosition":[733,366],"_rootPartCFrame":[772.899,222.7,47.675,-0.134,0,0.991,0,1,0,-0.991,0,-0.134],"_humanoidState":8,"_cameraCFrame":[781.484,242.946,46.434,-0.143,-0.898,0.416,0,0.42,0.908,-0.99,0.13,-0.06],"_shiftlockState":false,"_pose":"Running","_animationQueue":[],"_animationSpeed":1.066,"_zoom":20.656},{"_mousePosition":[733,366],"_rootPartCFrame":[772.636,222.7,47.714,-0.135,0,0.991,0,1,0,-0.991,0,-0.135],"_humanoidState":8,"_cameraCFrame":[781.079,243.013,46.514,-0.141,-0.902,0.409,0,0.413,0.911,-0.99,0.128,-0.058],"_shiftlockState":false,"_pose":"Running","_animationQueue":[],"_animationSpeed":1.066,"_zoom":20.656},{"_mousePosition":[733,366],"_rootPartCFrame":[772.372,222.7,47.752,-0.136,0,0.991,0,1,0,-0.991,0,-0.136],"_humanoidState":8,"_cameraCFrame":[780.745,243.046,46.584,-0.138,-0.904,0.405,0,0.409,0.912,-0.99,0.126,-0.057],"_shiftlockState":false,"_pose":"Running","_animationQueue":[],"_animationSpeed":1.066,"_zoom":20.656},{"_mousePosition":[733,366],"_rootPartCFrame":[772.108,222.7,47.789,-0.137,0,0.991,0,1,0,-0.991,0,-0.137],"_humanoidState":8,"_cameraCFrame":[780.408,243.079,46.632,-0.138,-0.905,0.402,0,0.406,0.914,-0.99,0.126,-0.056],"_shiftlockState":false,"_pose":"Running","_animationQueue":[],"_animationSpeed":1.066,"_zoom":20.656},{"_mousePosition":[733,366],"_rootPartCFrame":[771.844,222.7,47.826,-0.137,0,0.991,0,1,0,-0.991,0,-0.137],"_humanoidState":8,"_cameraCFrame":[780.071,243.111,46.679,-0.138,-0.907,0.398,0,0.402,0.916,-0.99,0.126,-0.056],"_shiftlockState":false,"_pose":"Running","_animationQueue":[["walk",0.1]],"_animationSpeed":1.066,"_zoom":20.656},{"_mousePosition":[733,366],"_rootPartCFrame":[771.579,222.7,47.863,-0.137,0,0.991,0,1,0,-0.991,0,-0.137],"_humanoidState":8,"_cameraCFrame":[779.734,243.144,46.726,-0.138,-0.908,0.395,0,0.399,0.917,-0.99,0.127,-0.055],"_shiftlockState":false,"_pose":"Running","_animationQueue":[],"_animationSpeed":1.066,"_zoom":20.656},{"_mousePosition":[733,366],"_rootPartCFrame":[771.315,222.7,47.9,-0.137,0,0.991,0,1,0,-0.991,0,-0.137],"_humanoidState":8,"_cameraCFrame":[779.363,243.192,46.798,-0.136,-0.911,0.39,0,0.393,0.919,-0.991,0.125,-0.053],"_shiftlockState":false,"_pose":"Running","_animationQueue":[],"_animationSpeed":1.066,"_zoom":20.656},{"_mousePosition":[733,366],"_rootPartCFrame":[771.051,222.7,47.937,-0.137,0,0.991,0,1,0,-0.991,0,-0.137],"_humanoidState":8,"_cameraCFrame":[778.957,243.254,46.895,-0.131,-0.915,0.383,0,0.386,0.922,-0.991,0.12,-0.05],"_shiftlockState":false,"_pose":"Running","_animationQueue":[],"_animationSpeed":1.066,"_zoom":20.656},{"_mousePosition":[733,366],"_rootPartCFrame":[770.787,222.7,47.973,-0.137,0,0.991,0,1,0,-0.991,0,-0.137],"_humanoidState":8,"_cameraCFrame":[778.656,243.27,46.936,-0.131,-0.915,0.381,0,0.384,0.923,-0.991,0.121,-0.05],"_shiftlockState":false,"_pose":"Running","_animationQueue":[],"_animationSpeed":1.066,"_zoom":20.656},{"_mousePosition":[733,366],"_rootPartCFrame":[770.522,222.7,48.008,-0.136,0,0.991,0,1,0,-0.991,0,-0.136],"_humanoidState":8,"_cameraCFrame":[778.318,243.301,46.981,-0.131,-0.917,0.377,0,0.381,0.925,-0.991,0.121,-0.05],"_shiftlockState":false,"_pose":"Running","_animationQueue":[],"_animationSpeed":1.066,"_zoom":20.656},{"_mousePosition":[733,366],"_rootPartCFrame":[770.258,222.7,48.043,-0.136,0,0.991,0,1,0,-0.991,0,-0.136],"_humanoidState":8,"_cameraCFrame":[777.985,243.331,47.065,-0.126,-0.919,0.374,0,0.377,0.926,-0.992,0.116,-0.047],"_shiftlockState":false,"_pose":"Running","_animationQueue":[["walk",0.1]],"_animationSpeed":1.066,"_zoom":20.656},{"_mousePosition":[733,366],"_rootPartCFrame":[769.994,222.666,48.077,-0.135,0,0.991,0,1,0,-0.991,0,-0.135],"_humanoidState":8,"_cameraCFrame":[777.72,243.297,47.099,-0.126,-0.919,0.374,0,0.377,0.926,-0.992,0.116,-0.047],"_shiftlockState":false,"_pose":"Running","_animationQueue":[],"_animationSpeed":1.066,"_zoom":20.656},{"_mousePosition":[733,366],"_rootPartCFrame":[769.663,223.736,48.121,-0.134,0,0.991,0,1,0,-0.991,0,-0.134],"_humanoidState":3,"_cameraCFrame":[777.39,244.367,47.143,-0.126,-0.919,0.374,0,0.377,0.926,-0.992,0.116,-0.047],"_shiftlockState":false,"_pose":"Jumping","_animationQueue":[["walk",0.1],["jump",0.1]],"_animationSpeed":1,"_zoom":20.656},{"_mousePosition":[733,366],"_rootPartCFrame":[769.465,224.337,48.146,-0.133,0,0.991,0,1,0,-0.991,0,-0.133],"_humanoidState":5,"_cameraCFrame":[777.191,244.968,47.168,-0.126,-0.919,0.374,0,0.377,0.926,-0.992,0.116,-0.047],"_shiftlockState":false,"_pose":"FreeFall","_animationQueue":[["jump",0.1]],"_animationSpeed":1,"_zoom":20.656},{"_mousePosition":[733,366],"_rootPartCFrame":[769.2,225.091,48.18,-0.132,0,0.991,0,1,0,-0.991,0,-0.132],"_humanoidState":5,"_cameraCFrame":[776.927,245.722,47.202,-0.126,-0.919,0.374,0,0.377,0.926,-0.992,0.116,-0.047],"_shiftlockState":false,"_pose":"FreeFall","_animationQueue":[],"_animationSpeed":1,"_zoom":20.656},{"_mousePosition":[733,366],"_rootPartCFrame":[768.935,225.79,48.213,-0.131,0,0.991,0,1,0,-0.991,0,-0.131],"_humanoidState":5,"_cameraCFrame":[776.662,246.422,47.235,-0.126,-0.919,0.374,0,0.377,0.926,-0.992,0.116,-0.047],"_shiftlockState":false,"_pose":"FreeFall","_animationQueue":[],"_animationSpeed":1,"_zoom":20.656},{"_mousePosition":[733,366],"_rootPartCFrame":[768.671,226.435,48.247,-0.13,0,0.991,0,1,0,-0.991,0,-0.13],"_humanoidState":5,"_cameraCFrame":[776.361,247.082,47.273,-0.126,-0.92,0.372,0,0.375,0.927,-0.992,0.116,-0.047],"_shiftlockState":false,"_pose":"FreeFall","_animationQueue":[],"_animationSpeed":1,"_zoom":20.656},{"_mousePosition":[733,366],"_rootPartCFrame":[768.34,227.165,48.289,-0.13,0,0.992,0,1,0,-0.992,0,-0.13],"_humanoidState":5,"_cameraCFrame":[776.03,247.811,47.315,-0.126,-0.92,0.372,0,0.375,0.927,-0.992,0.116,-0.047],"_shiftlockState":false,"_pose":"FreeFall","_animationQueue":[],"_animationSpeed":1,"_zoom":20.656},{"_mousePosition":[733,366],"_rootPartCFrame":[768.141,227.561,48.314,-0.129,0,0.992,0,1,0,-0.992,0,-0.129],"_humanoidState":5,"_cameraCFrame":[775.794,248.223,47.345,-0.126,-0.92,0.37,0,0.373,0.928,-0.992,0.116,-0.047],"_shiftlockState":false,"_pose":"FreeFall","_animationQueue":[],"_animationSpeed":1,"_zoom":20.656},{"_mousePosition":[733,366],"_rootPartCFrame":[767.877,228.043,48.347,-0.129,0,0.992,0,1,0,-0.992,0,-0.129],"_humanoidState":5,"_cameraCFrame":[775.53,248.704,47.379,-0.126,-0.92,0.37,0,0.373,0.928,-0.992,0.116,-0.047],"_shiftlockState":false,"_pose":"FreeFall","_animationQueue":[],"_animationSpeed":1,"_zoom":20.656},{"_mousePosition":[733,366],"_rootPartCFrame":[767.612,228.47,48.381,-0.128,0,0.992,0,1,0,-0.992,0,-0.128],"_humanoidState":5,"_cameraCFrame":[775.228,249.146,47.417,-0.126,-0.921,0.369,0,0.372,0.928,-0.992,0.117,-0.047],"_shiftlockState":false,"_pose":"FreeFall","_animationQueue":[],"_animationSpeed":1,"_zoom":20.656},{"_mousePosition":[733,366],"_rootPartCFrame":[767.348,228.842,48.414,-0.128,0,0.992,0,1,0,-0.992,0,-0.128],"_humanoidState":5,"_cameraCFrame":[774.926,249.534,47.455,-0.126,-0.922,0.367,0,0.37,0.929,-0.992,0.117,-0.046],"_shiftlockState":false,"_pose":"FreeFall","_animationQueue":[],"_animationSpeed":1,"_zoom":20.656},{"_mousePosition":[733,366],"_rootPartCFrame":[767.083,229.16,48.448,-0.128,0,0.992,0,1,0,-0.992,0,-0.128],"_humanoidState":5,"_cameraCFrame":[774.624,249.866,47.493,-0.126,-0.922,0.365,0,0.368,0.93,-0.992,0.117,-0.046],"_shiftlockState":false,"_pose":"FreeFall","_animationQueue":[],"_animationSpeed":1,"_zoom":20.656},{"_mousePosition":[733,366],"_rootPartCFrame":[766.752,229.481,48.49,-0.127,0,0.992,0,1,0,-0.992,0,-0.127],"_humanoidState":5,"_cameraCFrame":[774.256,250.202,47.54,-0.126,-0.923,0.363,0,0.366,0.931,-0.992,0.117,-0.046],"_shiftlockState":false,"_pose":"FreeFall","_animationQueue":[],"_animationSpeed":1,"_zoom":20.656},{"_mousePosition":[733,366],"_rootPartCFrame":[766.554,229.632,48.515,-0.127,0,0.992,0,1,0,-0.992,0,-0.127],"_humanoidState":5,"_cameraCFrame":[774.021,250.368,47.57,-0.126,-0.924,0.362,0,0.364,0.931,-0.992,0.117,-0.046],"_shiftlockState":false,"_pose":"FreeFall","_animationQueue":[],"_animationSpeed":1,"_zoom":20.656},{"_mousePosition":[733,366],"_rootPartCFrame":[766.289,229.787,48.548,-0.127,0,0.992,0,1,0,-0.992,0,-0.127],"_humanoidState":5,"_cameraCFrame":[773.719,250.537,47.608,-0.126,-0.925,0.36,0,0.363,0.932,-0.992,0.117,-0.046],"_shiftlockState":false,"_pose":"FreeFall","_animationQueue":[],"_animationSpeed":1,"_zoom":20.656},{"_mousePosition":[733,366],"_rootPartCFrame":[765.958,229.903,48.59,-0.127,0,0.992,0,1,0,-0.992,0,-0.127],"_humanoidState":5,"_cameraCFrame":[773.388,250.653,47.65,-0.126,-0.925,0.36,0,0.363,0.932,-0.992,0.117,-0.046],"_shiftlockState":false,"_pose":"FreeFall","_animationQueue":[],"_animationSpeed":1,"_zoom":20.656},{"_mousePosition":[733,366],"_rootPartCFrame":[765.76,229.932,48.615,-0.126,0,0.992,0,1,0,-0.992,0,-0.126],"_humanoidState":5,"_cameraCFrame":[773.19,250.682,47.675,-0.126,-0.925,0.36,0,0.363,0.932,-0.992,0.117,-0.046],"_shiftlockState":false,"_pose":"FreeFall","_animationQueue":[],"_animationSpeed":1,"_zoom":20.656},{"_mousePosition":[733,366],"_rootPartCFrame":[765.495,229.923,48.649,-0.126,0,0.992,0,1,0,-0.992,0,-0.126],"_humanoidState":5,"_cameraCFrame":[772.925,250.673,47.708,-0.126,-0.925,0.36,0,0.363,0.932,-0.992,0.117,-0.046],"_shiftlockState":false,"_pose":"FreeFall","_animationQueue":[],"_animationSpeed":1,"_zoom":20.656},{"_mousePosition":[733,366],"_rootPartCFrame":[765.164,229.835,48.691,-0.126,0,0.992,0,1,0,-0.992,0,-0.126],"_humanoidState":5,"_cameraCFrame":[772.594,250.585,47.75,-0.126,-0.925,0.36,0,0.363,0.932,-0.992,0.117,-0.046],"_shiftlockState":false,"_pose":"FreeFall","_animationQueue":[],"_animationSpeed":1,"_zoom":20.656},{"_mousePosition":[733,366],"_rootPartCFrame":[764.9,229.703,48.724,-0.126,0,0.992,0,1,0,-0.992,0,-0.126],"_humanoidState":5,"_cameraCFrame":[772.329,250.454,47.784,-0.126,-0.925,0.36,0,0.363,0.932,-0.992,0.117,-0.046],"_shiftlockState":false,"_pose":"FreeFall","_animationQueue":[["fall",0.3]],"_animationSpeed":1,"_zoom":20.656},{"_mousePosition":[733,366],"_rootPartCFrame":[764.701,229.568,48.749,-0.126,0,0.992,0,1,0,-0.992,0,-0.126],"_humanoidState":5,"_cameraCFrame":[772.094,250.334,47.813,-0.126,-0.925,0.358,0,0.361,0.933,-0.992,0.117,-0.045],"_shiftlockState":false,"_pose":"FreeFall","_animationQueue":[],"_animationSpeed":1,"_zoom":20.656},{"_mousePosition":[733,366],"_rootPartCFrame":[764.436,229.341,48.783,-0.126,0,0.992,0,1,0,-0.992,0,-0.126],"_humanoidState":5,"_cameraCFrame":[771.797,250.121,47.889,-0.121,-0.927,0.356,0,0.359,0.933,-0.993,0.113,-0.043],"_shiftlockState":false,"_pose":"FreeFall","_animationQueue":[],"_animationSpeed":1,"_zoom":20.656},{"_mousePosition":[733,366],"_rootPartCFrame":[764.172,229.06,48.816,-0.126,0,0.992,0,1,0,-0.992,0,-0.126],"_humanoidState":5,"_cameraCFrame":[771.499,249.854,47.964,-0.116,-0.928,0.355,0,0.357,0.934,-0.993,0.108,-0.041],"_shiftlockState":false,"_pose":"FreeFall","_animationQueue":[],"_animationSpeed":1,"_zoom":20.656},{"_mousePosition":[733,366],"_rootPartCFrame":[763.907,228.724,48.849,-0.125,0,0.992,0,1,0,-0.992,0,-0.125],"_humanoidState":5,"_cameraCFrame":[771.203,249.532,48.056,-0.108,-0.929,0.353,0,0.355,0.935,-0.994,0.101,-0.038],"_shiftlockState":false,"_pose":"FreeFall","_animationQueue":[],"_animationSpeed":1,"_zoom":20.656},{"_mousePosition":[733,366],"_rootPartCFrame":[763.642,228.333,48.88,-0.124,0,0.992,0,1,0,-0.992,0,-0.124],"_humanoidState":5,"_cameraCFrame":[770.869,249.17,48.15,-0.1,-0.931,0.35,0,0.352,0.936,-0.995,0.094,-0.035],"_shiftlockState":false,"_pose":"FreeFall","_animationQueue":[],"_animationSpeed":1,"_zoom":20.656},{"_mousePosition":[733,366],"_rootPartCFrame":[763.377,227.888,48.909,-0.122,0,0.992,0,1,0,-0.992,0,-0.122],"_humanoidState":5,"_cameraCFrame":[770.541,248.753,48.313,-0.083,-0.934,0.347,0,0.348,0.937,-0.997,0.078,-0.029],"_shiftlockState":false,"_pose":"FreeFall","_animationQueue":[],"_animationSpeed":1,"_zoom":20.656},{"_mousePosition":[733,366],"_rootPartCFrame":[763.112,227.388,48.936,-0.12,0,0.993,0,1,0,-0.993,0,-0.12],"_humanoidState":5,"_cameraCFrame":[770.212,248.281,48.508,-0.06,-0.937,0.344,0,0.344,0.939,-0.998,0.056,-0.021],"_shiftlockState":false,"_pose":"FreeFall","_animationQueue":[["fall",0.3]],"_animationSpeed":1,"_zoom":20.656},{"_mousePosition":[733,366],"_rootPartCFrame":[762.846,226.834,48.958,-0.115,0,0.993,0,1,0,-0.993,0,-0.115],"_humanoidState":5,"_cameraCFrame":[769.88,247.755,48.731,-0.032,-0.94,0.341,0,0.341,0.94,-0.999,0.03,-0.011],"_shiftlockState":false,"_pose":"FreeFall","_animationQueue":[],"_animationSpeed":1,"_zoom":20.656},{"_mousePosition":[733,366],"_rootPartCFrame":[762.58,226.226,48.975,-0.109,0,0.994,0,1,0,-0.994,0,-0.109],"_humanoidState":5,"_cameraCFrame":[769.541,247.173,48.962,-0.002,-0.941,0.337,0,0.337,0.942,-1,0.002,-0.001],"_shiftlockState":false,"_pose":"FreeFall","_animationQueue":[],"_animationSpeed":1,"_zoom":20.656},{"_mousePosition":[733,366],"_rootPartCFrame":[762.314,225.563,48.985,-0.1,0,0.995,0,1,0,-0.995,0,-0.1],"_humanoidState":5,"_cameraCFrame":[769.157,246.551,49.215,0.034,-0.943,0.331,0,0.332,0.943,-0.999,-0.032,0.011],"_shiftlockState":false,"_pose":"FreeFall","_animationQueue":[],"_animationSpeed":1,"_zoom":20.656},{"_mousePosition":[733,366],"_rootPartCFrame":[762.047,224.845,48.987,-0.088,0,0.996,0,1,0,-0.996,0,-0.088],"_humanoidState":7,"_cameraCFrame":[768.8,245.859,49.488,0.074,-0.942,0.327,0,0.328,0.945,-0.997,-0.07,0.024],"_shiftlockState":false,"_pose":"FreeFall","_animationQueue":[["walk",0.1],["fall",0.3],["fall",0.3]],"_animationSpeed":1,"_zoom":20.656},{"_mousePosition":[733,366],"_rootPartCFrame":[761.78,224.513,48.971,-0.072,0,0.997,0,1,0,-0.997,0,-0.072],"_humanoidState":7,"_cameraCFrame":[768.432,245.553,49.736,0.114,-0.94,0.322,0,0.324,0.946,-0.993,-0.108,0.037],"_shiftlockState":false,"_pose":"FreeFall","_animationQueue":[],"_animationSpeed":1,"_zoom":20.656},{"_mousePosition":[733,366],"_rootPartCFrame":[761.448,224.615,48.948,-0.049,0,0.999,0,1,0,-0.999,0,-0.049],"_humanoidState":8,"_cameraCFrame":[767.963,245.682,50.119,0.177,-0.932,0.315,0,0.32,0.947,-0.984,-0.168,0.057],"_shiftlockState":false,"_pose":"Running","_animationQueue":[["fall",0.3],["walk",0.1],["fall",0.3],["walk",0.1]],"_animationSpeed":1.103,"_zoom":20.656},{"_mousePosition":[733,366],"_rootPartCFrame":[761.117,224.699,48.912,-0.022,0,1,0,1,0,-1,0,-0.022],"_humanoidState":8,"_cameraCFrame":[767.569,245.779,50.206,0.197,-0.929,0.312,0,0.319,0.948,-0.98,-0.186,0.063],"_shiftlockState":false,"_pose":"Running","_animationQueue":[],"_animationSpeed":1.103,"_zoom":20.656},{"_mousePosition":[733,366],"_rootPartCFrame":[760.919,224.728,48.879,-0.004,0,1,0,1,0,-1,0,-0.004],"_humanoidState":8,"_cameraCFrame":[767.257,245.82,50.505,0.249,-0.919,0.307,0,0.317,0.949,-0.969,-0.236,0.079],"_shiftlockState":false,"_pose":"Running","_animationQueue":[],"_animationSpeed":1.103,"_zoom":20.656},{"_mousePosition":[733,366],"_rootPartCFrame":[760.592,224.754,48.814,0.029,0,1,0,1,0,-1,0,0.029],"_humanoidState":8,"_cameraCFrame":[766.854,245.859,50.574,0.271,-0.914,0.303,0,0.315,0.949,-0.963,-0.257,0.085],"_shiftlockState":false,"_pose":"Running","_animationQueue":[],"_animationSpeed":1.103,"_zoom":20.656},{"_mousePosition":[733,366],"_rootPartCFrame":[760.398,224.763,48.766,0.051,0,0.999,0,1,0,-0.999,0,0.051],"_humanoidState":8,"_cameraCFrame":[766.647,245.868,50.574,0.278,-0.912,0.303,0,0.315,0.949,-0.961,-0.264,0.087],"_shiftlockState":false,"_pose":"Running","_animationQueue":[],"_animationSpeed":1.103,"_zoom":20.656},{"_mousePosition":[733,366],"_rootPartCFrame":[760.141,224.77,48.695,0.08,0,0.997,0,1,0,-0.997,0,0.08],"_humanoidState":8,"_cameraCFrame":[766.39,245.875,50.502,0.278,-0.912,0.303,0,0.315,0.949,-0.961,-0.264,0.087],"_shiftlockState":false,"_pose":"Running","_animationQueue":[],"_animationSpeed":1.103,"_zoom":20.656},{"_mousePosition":[733,366],"_rootPartCFrame":[759.884,224.741,48.623,0.11,0,0.994,0,1,0,-0.994,0,0.11],"_humanoidState":8,"_cameraCFrame":[766.133,245.846,50.43,0.278,-0.912,0.303,0,0.315,0.949,-0.961,-0.264,0.087],"_shiftlockState":false,"_pose":"Running","_animationQueue":[],"_animationSpeed":1.103,"_zoom":20.656},{"_mousePosition":[733,366],"_rootPartCFrame":[759.563,224.628,48.533,0.147,0,0.989,0,1,0,-0.989,0,0.147],"_humanoidState":8,"_cameraCFrame":[765.766,245.746,50.361,0.283,-0.911,0.3,0,0.313,0.95,-0.959,-0.268,0.088],"_shiftlockState":false,"_pose":"Running","_animationQueue":[["walk",0.1]],"_animationSpeed":1.103,"_zoom":20.656},{"_mousePosition":[733,366],"_rootPartCFrame":[759.371,224.52,48.479,0.169,0,0.986,0,1,0,-0.986,0,0.169],"_humanoidState":8,"_cameraCFrame":[765.532,245.65,50.312,0.285,-0.911,0.298,0,0.311,0.95,-0.958,-0.271,0.089],"_shiftlockState":false,"_pose":"Running","_animationQueue":[],"_animationSpeed":1.103,"_zoom":20.656},{"_mousePosition":[733,366],"_rootPartCFrame":[759.049,225.59,48.389,0.205,0,0.979,0,1,0,-0.979,0,0.205],"_humanoidState":3,"_cameraCFrame":[765.174,246.733,50.21,0.285,-0.911,0.297,0,0.309,0.951,-0.958,-0.271,0.088],"_shiftlockState":false,"_pose":"Jumping","_animationQueue":[["walk",0.1],["jump",0.1]],"_animationSpeed":1,"_zoom":20.656},{"_mousePosition":[733,366],"_rootPartCFrame":[758.794,226.385,48.313,0.222,0,0.975,0,1,0,-0.975,0,0.222],"_humanoidState":5,"_cameraCFrame":[764.928,247.528,50.104,0.28,-0.913,0.297,0,0.309,0.951,-0.96,-0.267,0.087],"_shiftlockState":false,"_pose":"FreeFall","_animationQueue":[["jump",0.1]],"_animationSpeed":1,"_zoom":20.656},{"_mousePosition":[733,366],"_rootPartCFrame":[758.538,227.125,48.237,0.231,0,0.973,0,1,0,-0.973,0,0.231],"_humanoidState":5,"_cameraCFrame":[764.644,248.28,49.986,0.275,-0.915,0.296,0,0.307,0.952,-0.961,-0.262,0.085],"_shiftlockState":false,"_pose":"FreeFall","_animationQueue":[],"_animationSpeed":1,"_zoom":20.656},{"_mousePosition":[733,366],"_rootPartCFrame":[758.346,227.644,48.181,0.237,0,0.972,0,1,0,-0.972,0,0.237],"_humanoidState":5,"_cameraCFrame":[764.457,248.8,49.915,0.273,-0.915,0.296,0,0.307,0.952,-0.962,-0.26,0.084],"_shiftlockState":false,"_pose":"FreeFall","_animationQueue":[],"_animationSpeed":1,"_zoom":20.656},{"_mousePosition":[733,366],"_rootPartCFrame":[758.09,228.289,48.107,0.243,0,0.97,0,1,0,-0.97,0,0.243],"_humanoidState":5,"_cameraCFrame":[764.2,249.445,49.841,0.273,-0.915,0.296,0,0.307,0.952,-0.962,-0.26,0.084],"_shiftlockState":false,"_pose":"FreeFall","_animationQueue":[],"_animationSpeed":1,"_zoom":20.656},{"_mousePosition":[733,366],"_rootPartCFrame":[757.833,228.88,48.034,0.247,0,0.969,0,1,0,-0.969,0,0.247],"_humanoidState":5,"_cameraCFrame":[763.944,250.035,49.768,0.273,-0.915,0.296,0,0.307,0.952,-0.962,-0.26,0.084],"_shiftlockState":false,"_pose":"FreeFall","_animationQueue":[],"_animationSpeed":1,"_zoom":20.656},{"_mousePosition":[733,366],"_rootPartCFrame":[757.577,229.416,47.962,0.251,0,0.968,0,1,0,-0.968,0,0.251],"_humanoidState":5,"_cameraCFrame":[763.687,250.571,49.695,0.273,-0.915,0.296,0,0.307,0.952,-0.962,-0.26,0.084],"_shiftlockState":false,"_pose":"FreeFall","_animationQueue":[],"_animationSpeed":1,"_zoom":20.656},{"_mousePosition":[733,366],"_rootPartCFrame":[757.32,229.897,47.889,0.254,0,0.967,0,1,0,-0.967,0,0.254],"_humanoidState":5,"_cameraCFrame":[763.431,251.052,49.623,0.273,-0.915,0.296,0,0.307,0.952,-0.962,-0.26,0.084],"_shiftlockState":false,"_pose":"FreeFall","_animationQueue":[],"_animationSpeed":1,"_zoom":20.656},{"_mousePosition":[733,366],"_rootPartCFrame":[757.064,230.324,47.816,0.257,0,0.966,0,1,0,-0.966,0,0.257],"_humanoidState":5,"_cameraCFrame":[763.174,251.479,49.55,0.273,-0.915,0.296,0,0.307,0.952,-0.962,-0.26,0.084],"_shiftlockState":false,"_pose":"FreeFall","_animationQueue":[],"_animationSpeed":1,"_zoom":20.656},{"_mousePosition":[733,366],"_rootPartCFrame":[756.807,230.696,47.743,0.259,0,0.966,0,1,0,-0.966,0,0.259],"_humanoidState":5,"_cameraCFrame":[762.917,251.852,49.477,0.273,-0.915,0.296,0,0.307,0.952,-0.962,-0.26,0.084],"_shiftlockState":false,"_pose":"FreeFall","_animationQueue":[],"_animationSpeed":1,"_zoom":20.656},{"_mousePosition":[733,366],"_rootPartCFrame":[756.55,231.014,47.67,0.261,0,0.965,0,1,0,-0.965,0,0.261],"_humanoidState":5,"_cameraCFrame":[762.661,252.169,49.404,0.273,-0.915,0.296,0,0.307,0.952,-0.962,-0.26,0.084],"_shiftlockState":false,"_pose":"FreeFall","_animationQueue":[],"_animationSpeed":1,"_zoom":20.656},{"_mousePosition":[733,366],"_rootPartCFrame":[756.294,231.278,47.598,0.263,0,0.965,0,1,0,-0.965,0,0.263],"_humanoidState":5,"_cameraCFrame":[762.372,252.445,49.306,0.271,-0.917,0.294,0,0.306,0.952,-0.963,-0.258,0.083],"_shiftlockState":false,"_pose":"FreeFall","_animationQueue":[],"_animationSpeed":1,"_zoom":20.656},{"_mousePosition":[733,366],"_rootPartCFrame":[756.037,231.487,47.525,0.264,0,0.964,0,1,0,-0.964,0,0.264],"_humanoidState":5,"_cameraCFrame":[762.12,252.654,49.217,0.268,-0.917,0.294,0,0.306,0.952,-0.963,-0.255,0.082],"_shiftlockState":false,"_pose":"FreeFall","_animationQueue":[],"_animationSpeed":1,"_zoom":20.656},{"_mousePosition":[733,366],"_rootPartCFrame":[755.781,231.641,47.453,0.265,0,0.964,0,1,0,-0.964,0,0.265],"_humanoidState":5,"_cameraCFrame":[761.83,252.821,49.12,0.266,-0.919,0.293,0,0.304,0.953,-0.964,-0.253,0.081],"_shiftlockState":false,"_pose":"FreeFall","_animationQueue":[],"_animationSpeed":1,"_zoom":20.656},{"_mousePosition":[733,366],"_rootPartCFrame":[755.46,231.757,47.363,0.266,0,0.964,0,1,0,-0.964,0,0.266],"_humanoidState":5,"_cameraCFrame":[761.485,252.949,48.974,0.258,-0.921,0.292,0,0.302,0.953,-0.966,-0.246,0.078],"_shiftlockState":false,"_pose":"FreeFall","_animationQueue":[],"_animationSpeed":1,"_zoom":20.656},{"_mousePosition":[733,366],"_rootPartCFrame":[755.267,231.786,47.31,0.266,0,0.964,0,1,0,-0.964,0,0.266],"_humanoidState":5,"_cameraCFrame":[761.233,253.002,48.841,0.249,-0.925,0.289,0,0.298,0.954,-0.969,-0.237,0.074],"_shiftlockState":false,"_pose":"FreeFall","_animationQueue":[],"_animationSpeed":1,"_zoom":20.656},{"_mousePosition":[733,366],"_rootPartCFrame":[754.945,231.766,47.223,0.265,0,0.964,0,1,0,-0.964,0,0.265],"_humanoidState":5,"_cameraCFrame":[760.927,252.982,48.694,0.239,-0.927,0.29,0,0.298,0.954,-0.971,-0.228,0.071],"_shiftlockState":false,"_pose":"FreeFall","_animationQueue":[],"_animationSpeed":1,"_zoom":20.656},{"_mousePosition":[733,366],"_rootPartCFrame":[754.751,231.713,47.173,0.264,0,0.965,0,1,0,-0.965,0,0.264],"_humanoidState":5,"_cameraCFrame":[760.748,252.93,48.583,0.229,-0.929,0.29,0,0.298,0.954,-0.973,-0.218,0.068],"_shiftlockState":false,"_pose":"FreeFall","_animationQueue":[],"_animationSpeed":1,"_zoom":20.656},{"_mousePosition":[733,366],"_rootPartCFrame":[754.427,231.557,47.093,0.26,0,0.966,0,1,0,-0.966,0,0.26],"_humanoidState":5,"_cameraCFrame":[760.4,252.785,48.434,0.219,-0.932,0.289,0,0.296,0.955,-0.976,-0.209,0.065],"_shiftlockState":false,"_pose":"FreeFall","_animationQueue":[["fall",0.3]],"_animationSpeed":1,"_zoom":20.656},{"_mousePosition":[733,366],"_rootPartCFrame":[754.233,231.423,47.047,0.257,0,0.966,0,1,0,-0.966,0,0.257],"_humanoidState":5,"_cameraCFrame":[760.219,252.651,48.327,0.209,-0.934,0.29,0,0.296,0.955,-0.978,-0.2,0.062],"_shiftlockState":false,"_pose":"FreeFall","_animationQueue":[],"_animationSpeed":1,"_zoom":20.656},{"_mousePosition":[733,366],"_rootPartCFrame":[753.973,231.196,46.988,0.252,0,0.968,0,1,0,-0.968,0,0.252],"_humanoidState":5,"_cameraCFrame":[759.978,252.424,48.178,0.194,-0.937,0.291,0,0.296,0.955,-0.981,-0.186,0.058],"_shiftlockState":false,"_pose":"FreeFall","_animationQueue":[],"_animationSpeed":1,"_zoom":20.656},{"_mousePosition":[733,366],"_rootPartCFrame":[753.712,230.914,46.932,0.247,0,0.969,0,1,0,-0.969,0,0.247],"_humanoidState":5,"_cameraCFrame":[759.661,252.166,48.001,0.177,-0.941,0.288,0,0.293,0.956,-0.984,-0.169,0.052],"_shiftlockState":false,"_pose":"FreeFall","_animationQueue":[],"_animationSpeed":1,"_zoom":20.656},{"_mousePosition":[733,366],"_rootPartCFrame":[753.451,230.578,46.88,0.24,0,0.971,0,1,0,-0.971,0,0.24],"_humanoidState":5,"_cameraCFrame":[759.385,251.842,47.807,0.154,-0.945,0.287,0,0.291,0.957,-0.988,-0.148,0.045],"_shiftlockState":false,"_pose":"FreeFall","_animationQueue":[],"_animationSpeed":1,"_zoom":20.656},{"_mousePosition":[733,366],"_rootPartCFrame":[753.188,230.187,46.832,0.232,0,0.973,0,1,0,-0.973,0,0.232],"_humanoidState":5,"_cameraCFrame":[759.067,251.474,47.599,0.129,-0.95,0.285,0,0.287,0.958,-0.992,-0.124,0.037],"_shiftlockState":false,"_pose":"FreeFall","_animationQueue":[],"_animationSpeed":1,"_zoom":20.656},{"_mousePosition":[733,366],"_rootPartCFrame":[752.925,229.742,46.79,0.223,0,0.975,0,1,0,-0.975,0,0.223],"_humanoidState":5,"_cameraCFrame":[758.745,251.052,47.4,0.104,-0.954,0.282,0,0.283,0.959,-0.995,-0.1,0.03],"_shiftlockState":false,"_pose":"FreeFall","_animationQueue":[],"_animationSpeed":1,"_zoom":20.656},{"_mousePosition":[733,366],"_rootPartCFrame":[752.661,229.243,46.754,0.211,0,0.977,0,1,0,-0.977,0,0.211],"_humanoidState":5,"_cameraCFrame":[758.417,250.575,47.211,0.079,-0.957,0.279,0,0.28,0.96,-0.997,-0.076,0.022],"_shiftlockState":false,"_pose":"FreeFall","_animationQueue":[["fall",0.3]],"_animationSpeed":1,"_zoom":20.656},{"_mousePosition":[733,366],"_rootPartCFrame":[752.396,228.689,46.726,0.198,0,0.98,0,1,0,-0.98,0,0.198],"_humanoidState":5,"_cameraCFrame":[758.085,250.043,47.017,0.051,-0.96,0.275,0,0.276,0.961,-0.999,-0.049,0.014],"_shiftlockState":false,"_pose":"FreeFall","_animationQueue":[],"_animationSpeed":1,"_zoom":20.656},{"_mousePosition":[733,366],"_rootPartCFrame":[752.13,228.08,46.704,0.182,0,0.983,0,1,0,-0.983,0,0.182],"_humanoidState":5,"_cameraCFrame":[757.787,249.446,46.822,0.021,-0.962,0.274,0,0.274,0.962,-1,-0.02,0.006],"_shiftlockState":false,"_pose":"FreeFall","_animationQueue":[],"_animationSpeed":1,"_zoom":20.656},{"_mousePosition":[733,366],"_rootPartCFrame":[751.797,227.33,46.685,0.161,0,0.987,0,1,0,-0.987,0,0.161],"_humanoidState":7,"_cameraCFrame":[757.455,248.696,46.761,0.013,-0.962,0.274,0,0.274,0.962,-1,-0.013,0.004],"_shiftlockState":false,"_pose":"FreeFall","_animationQueue":[["walk",0.1],["fall",0.3],["fall",0.3]],"_animationSpeed":1,"_zoom":20.656},{"_mousePosition":[733,366],"_rootPartCFrame":[751.597,227.294,46.68,0.148,0,0.989,0,1,0,-0.989,0,0.148],"_humanoidState":7,"_cameraCFrame":[757.216,248.671,46.627,-0.009,-0.962,0.272,0,0.272,0.962,-1,0.009,-0.003],"_shiftlockState":false,"_pose":"FreeFall","_animationQueue":[],"_animationSpeed":1,"_zoom":20.656},{"_mousePosition":[733,366],"_rootPartCFrame":[751.355,227.294,46.675,0.142,0,0.99,0,1,0,-0.99,0,0.142],"_humanoidState":8,"_cameraCFrame":[756.974,248.671,46.564,-0.02,-0.962,0.272,0,0.272,0.962,-1,0.019,-0.005],"_shiftlockState":false,"_pose":"Running","_animationQueue":[["walk",0.1],["fall",0.3],["walk",0.1]],"_animationSpeed":1.103,"_zoom":20.656},{"_mousePosition":[733,366],"_rootPartCFrame":[751.153,227.239,46.67,0.141,0,0.99,0,1,0,-0.99,0,0.141],"_humanoidState":8,"_cameraCFrame":[756.771,248.616,46.517,-0.027,-0.962,0.272,0,0.272,0.962,-1,0.026,-0.007],"_shiftlockState":false,"_pose":"Running","_animationQueue":[["walk",0.1],["walk",0.1]],"_animationSpeed":0.939,"_zoom":20.656},{"_mousePosition":[733,366],"_rootPartCFrame":[750.966,228.112,46.666,0.141,0,0.99,0,1,0,-0.99,0,0.141],"_humanoidState":3,"_cameraCFrame":[756.583,249.489,46.485,-0.032,-0.962,0.272,0,0.272,0.962,-0.999,0.031,-0.009],"_shiftlockState":false,"_pose":"Jumping","_animationQueue":[["walk",0.1],["jump",0.1]],"_animationSpeed":1,"_zoom":20.656},{"_mousePosition":[733,366],"_rootPartCFrame":[750.754,228.934,46.665,0.126,0,0.992,0,1,0,-0.992,0,0.126],"_humanoidState":5,"_cameraCFrame":[756.37,250.311,46.455,-0.037,-0.962,0.272,0,0.272,0.962,-0.999,0.036,-0.01],"_shiftlockState":false,"_pose":"FreeFall","_animationQueue":[["jump",0.1]],"_animationSpeed":1,"_zoom":20.656},{"_mousePosition":[733,366],"_rootPartCFrame":[750.438,229.885,46.673,0.1,0,0.995,0,1,0,-0.995,0,0.1],"_humanoidState":5,"_cameraCFrame":[756.053,251.262,46.449,-0.04,-0.962,0.272,0,0.272,0.962,-0.999,0.038,-0.011],"_shiftlockState":false,"_pose":"FreeFall","_animationQueue":[],"_animationSpeed":1,"_zoom":20.656},{"_mousePosition":[733,366],"_rootPartCFrame":[750.238,230.415,46.68,0.085,0,0.996,0,1,0,-0.996,0,0.085],"_humanoidState":5,"_cameraCFrame":[755.853,251.792,46.456,-0.04,-0.962,0.272,0,0.272,0.962,-0.999,0.038,-0.011],"_shiftlockState":false,"_pose":"FreeFall","_animationQueue":[],"_animationSpeed":1,"_zoom":20.656},{"_mousePosition":[733,366],"_rootPartCFrame":[749.972,231.073,46.691,0.068,0,0.998,0,1,0,-0.998,0,0.068],"_humanoidState":5,"_cameraCFrame":[755.587,252.45,46.467,-0.04,-0.962,0.272,0,0.272,0.962,-0.999,0.038,-0.011],"_shiftlockState":false,"_pose":"FreeFall","_animationQueue":[],"_animationSpeed":1,"_zoom":20.656},{"_mousePosition":[733,366],"_rootPartCFrame":[749.705,231.677,46.701,0.053,0,0.999,0,1,0,-0.999,0,0.053],"_humanoidState":5,"_cameraCFrame":[755.321,253.054,46.477,-0.04,-0.962,0.272,0,0.272,0.962,-0.999,0.038,-0.011],"_shiftlockState":false,"_pose":"FreeFall","_animationQueue":[],"_animationSpeed":1,"_zoom":20.656},{"_mousePosition":[733,366],"_rootPartCFrame":[749.439,232.227,46.712,0.04,0,0.999,0,1,0,-0.999,0,0.04],"_humanoidState":5,"_cameraCFrame":[755.054,253.604,46.488,-0.04,-0.962,0.272,0,0.272,0.962,-0.999,0.038,-0.011],"_shiftlockState":false,"_pose":"FreeFall","_animationQueue":[],"_animationSpeed":1,"_zoom":20.656},{"_mousePosition":[733,366],"_rootPartCFrame":[749.173,232.722,46.723,0.029,0,1,0,1,0,-1,0,0.029],"_humanoidState":5,"_cameraCFrame":[754.788,254.099,46.499,-0.04,-0.962,0.272,0,0.272,0.962,-0.999,0.038,-0.011],"_shiftlockState":false,"_pose":"FreeFall","_animationQueue":[],"_animationSpeed":1,"_zoom":20.656},{"_mousePosition":[733,366],"_rootPartCFrame":[748.906,233.162,46.733,0.019,0,1,0,1,0,-1,0,0.019],"_humanoidState":5,"_cameraCFrame":[754.522,254.539,46.509,-0.04,-0.962,0.272,0,0.272,0.962,-0.999,0.038,-0.011],"_shiftlockState":false,"_pose":"FreeFall","_animationQueue":[],"_animationSpeed":1,"_zoom":20.656},{"_mousePosition":[733,366],"_rootPartCFrame":[748.64,233.548,46.744,0.011,0,1,0,1,0,-1,0,0.011],"_humanoidState":5,"_cameraCFrame":[754.255,254.925,46.52,-0.04,-0.962,0.272,0,0.272,0.962,-0.999,0.038,-0.011],"_shiftlockState":false,"_pose":"FreeFall","_animationQueue":[],"_animationSpeed":1,"_zoom":20.656},{"_mousePosition":[733,366],"_rootPartCFrame":[748.373,233.88,46.755,0.004,0,1,0,1,0,-1,0,0.004],"_humanoidState":5,"_cameraCFrame":[753.989,255.257,46.531,-0.04,-0.962,0.272,0,0.272,0.962,-0.999,0.038,-0.011],"_shiftlockState":false,"_pose":"FreeFall","_animationQueue":[],"_animationSpeed":1,"_zoom":20.656},{"_mousePosition":[733,366],"_rootPartCFrame":[748.107,234.157,46.765,-0.003,0,1,0,1,0,-1,0,-0.003],"_humanoidState":5,"_cameraCFrame":[753.723,255.534,46.555,-0.037,-0.962,0.272,0,0.272,0.962,-0.999,0.036,-0.01],"_shiftlockState":false,"_pose":"FreeFall","_animationQueue":[],"_animationSpeed":1,"_zoom":20.656},{"_mousePosition":[733,366],"_rootPartCFrame":[747.841,234.379,46.776,-0.008,0,1,0,1,0,-1,0,-0.008],"_humanoidState":5,"_cameraCFrame":[753.535,255.734,46.606,-0.03,-0.961,0.276,0,0.276,0.961,-1,0.029,-0.008],"_shiftlockState":false,"_pose":"FreeFall","_animationQueue":[],"_animationSpeed":1,"_zoom":20.656},{"_mousePosition":[733,366],"_rootPartCFrame":[747.574,234.547,46.786,-0.012,0,1,0,1,0,-1,0,-0.012],"_humanoidState":5,"_cameraCFrame":[753.309,255.891,46.673,-0.02,-0.96,0.278,0,0.278,0.961,-1,0.019,-0.005],"_shiftlockState":false,"_pose":"FreeFall","_animationQueue":[],"_animationSpeed":1,"_zoom":20.656},{"_mousePosition":[733,366],"_rootPartCFrame":[747.241,234.681,46.796,-0.016,0,1,0,1,0,-1,0,-0.016],"_humanoidState":5,"_cameraCFrame":[753.054,256.002,46.741,-0.009,-0.96,0.281,0,0.281,0.96,-1,0.009,-0.003],"_shiftlockState":false,"_pose":"FreeFall","_animationQueue":[],"_animationSpeed":1,"_zoom":20.656},{"_mousePosition":[733,366],"_rootPartCFrame":[747.041,234.72,46.8,-0.017,0,1,0,1,0,-1,0,-0.017],"_humanoidState":5,"_cameraCFrame":[752.893,256.03,46.804,0.001,-0.959,0.283,0,0.283,0.959,-1,-0.001,0],"_shiftlockState":false,"_pose":"FreeFall","_animationQueue":[],"_animationSpeed":1,"_zoom":20.656},{"_mousePosition":[733,366],"_rootPartCFrame":[746.775,234.725,46.803,-0.016,0,1,0,1,0,-1,0,-0.016],"_humanoidState":5,"_cameraCFrame":[752.664,256.023,46.882,0.013,-0.958,0.285,0,0.285,0.958,-1,-0.013,0.004],"_shiftlockState":false,"_pose":"FreeFall","_animationQueue":[],"_animationSpeed":1,"_zoom":20.656},{"_mousePosition":[733,366],"_rootPartCFrame":[746.508,234.675,46.804,-0.014,0,1,0,1,0,-1,0,-0.014],"_humanoidState":5,"_cameraCFrame":[752.435,255.961,46.942,0.023,-0.958,0.287,0,0.287,0.958,-1,-0.022,0.007],"_shiftlockState":false,"_pose":"FreeFall","_animationQueue":[],"_animationSpeed":1,"_zoom":20.656},{"_mousePosition":[733,366],"_rootPartCFrame":[746.241,234.57,46.801,-0.011,0,1,0,1,0,-1,0,-0.011],"_humanoidState":5,"_cameraCFrame":[752.206,255.845,47.001,0.034,-0.957,0.289,0,0.289,0.957,-0.999,-0.032,0.01],"_shiftlockState":false,"_pose":"FreeFall","_animationQueue":[["fall",0.3]],"_animationSpeed":1,"_zoom":20.656},{"_mousePosition":[733,366],"_rootPartCFrame":[745.975,234.411,46.795,-0.007,0,1,0,1,0,-1,0,-0.007],"_humanoidState":5,"_cameraCFrame":[751.975,255.675,47.057,0.044,-0.956,0.29,0,0.291,0.957,-0.999,-0.042,0.013],"_shiftlockState":false,"_pose":"FreeFall","_animationQueue":[],"_animationSpeed":1,"_zoom":20.656},{"_mousePosition":[733,366],"_rootPartCFrame":[745.708,234.198,46.786,-0.002,0,1,0,1,0,-1,0,-0.002],"_humanoidState":5,"_cameraCFrame":[751.705,255.461,47.124,0.056,-0.955,0.29,0,0.291,0.957,-0.998,-0.054,0.016],"_shiftlockState":false,"_pose":"FreeFall","_animationQueue":[],"_animationSpeed":1,"_zoom":20.656},{"_mousePosition":[733,366],"_rootPartCFrame":[745.442,233.93,46.775,0.004,0,1,0,1,0,-1,0,0.004],"_humanoidState":5,"_cameraCFrame":[751.466,255.181,47.268,0.082,-0.953,0.292,0,0.293,0.956,-0.997,-0.078,0.024],"_shiftlockState":false,"_pose":"FreeFall","_animationQueue":[],"_animationSpeed":1,"_zoom":20.656},{"_mousePosition":[733,366],"_rootPartCFrame":[745.109,233.518,46.757,0.012,0,1,0,1,0,-1,0,0.012],"_humanoidState":5,"_cameraCFrame":[751.162,254.758,47.36,0.099,-0.951,0.293,0,0.294,0.956,-0.995,-0.095,0.029],"_shiftlockState":false,"_pose":"FreeFall","_animationQueue":[],"_animationSpeed":1,"_zoom":20.656},{"_mousePosition":[733,366],"_rootPartCFrame":[744.909,233.23,46.741,0.019,0,1,0,1,0,-1,0,0.019],"_humanoidState":5,"_cameraCFrame":[750.989,254.458,47.456,0.117,-0.949,0.294,0,0.296,0.955,-0.993,-0.112,0.035],"_shiftlockState":false,"_pose":"FreeFall","_animationQueue":[],"_animationSpeed":1,"_zoom":20.656},{"_mousePosition":[733,366],"_rootPartCFrame":[744.644,232.799,46.716,0.029,0,1,0,1,0,-1,0,0.029],"_humanoidState":5,"_cameraCFrame":[750.712,254.027,47.523,0.132,-0.947,0.294,0,0.296,0.955,-0.991,-0.126,0.039],"_shiftlockState":false,"_pose":"FreeFall","_animationQueue":[],"_animationSpeed":1,"_zoom":20.656},{"_mousePosition":[733,366],"_rootPartCFrame":[744.379,232.313,46.685,0.04,0,0.999,0,1,0,-0.999,0,0.04],"_humanoidState":5,"_cameraCFrame":[750.472,253.529,47.59,0.147,-0.944,0.295,0,0.298,0.954,-0.989,-0.14,0.044],"_shiftlockState":false,"_pose":"FreeFall","_animationQueue":[["fall",0.3]],"_animationSpeed":1,"_zoom":20.656},{"_mousePosition":[733,366],"_rootPartCFrame":[744.048,231.629,46.642,0.055,0,0.998,0,1,0,-0.998,0,0.055],"_humanoidState":5,"_cameraCFrame":[750.132,252.845,47.608,0.157,-0.943,0.295,0,0.298,0.954,-0.988,-0.15,0.047],"_shiftlockState":false,"_pose":"FreeFall","_animationQueue":[],"_animationSpeed":1,"_zoom":20.656},{"_mousePosition":[733,366],"_rootPartCFrame":[743.851,231.177,46.613,0.064,0,0.998,0,1,0,-0.998,0,0.064],"_humanoidState":5,"_cameraCFrame":[749.927,252.393,47.626,0.164,-0.942,0.294,0,0.298,0.954,-0.986,-0.157,0.049],"_shiftlockState":false,"_pose":"FreeFall","_animationQueue":[],"_animationSpeed":1,"_zoom":20.656},{"_mousePosition":[733,366],"_rootPartCFrame":[743.587,230.528,46.572,0.077,0,0.997,0,1,0,-0.997,0,0.077],"_humanoidState":5,"_cameraCFrame":[749.663,251.744,47.584,0.164,-0.942,0.294,0,0.298,0.954,-0.986,-0.157,