[{"_mousePosition":[783,393],"_rootPartCFrame":[776.028,222.7,47.142,0,0,1,0,1,0,-1,0,0],"_humanoidState":8,"_cameraCFrame":[776.648,244.542,43.609,-0.985,-0.17,0.03,0,0.174,0.985,-0.173,0.97,-0.171],"_shiftlockState":false,"_pose":"Standing","_animationQueue":[],"_animationSpeed":1,"_zoom":20.656},{"_mousePosition":[783,393],"_rootPartCFrame":[775.785,222.7,47.097,0.026,0,1,0,1,0,-1,0,0.026],"_humanoidState":8,"_cameraCFrame":[776.387,244.542,43.561,-0.986,-0.165,0.029,0,0.174,0.985,-0.168,0.971,-0.171],"_shiftlockState":false,"_pose":"Standing","_animationQueue":[],"_animationSpeed":1,"_zoom":20.656},{"_mousePosition":[783,393],"_rootPartCFrame":[775.523,222.7,47.051,0.046,0,0.999,0,1,0,-0.999,0,0.046],"_humanoidState":8,"_cameraCFrame":[776.125,244.542,43.515,-0.986,-0.165,0.029,0,0.174,0.985,-0.168,0.971,-0.171],"_shiftlockState":false,"_pose":"Running","_animationQueue":[["walk",0.1]],"_animationSpeed":1.066,"_zoom":20.656},{"_mousePosition":[783,393],"_rootPartCFrame":[775.26,222.7,47.006,0.062,0,0.998,0,1,0,-0.998,0,0.062],"_humanoidState":8,"_cameraCFrame":[775.862,244.542,43.47,-0.986,-0.165,0.029,0,0.174,0.985,-0.168,0.971,-0.171],"_shiftlockState":false,"_pose":"Running","_animationQueue":[],"_animationSpeed":1.066,"_zoom":20.656},{"_mousePosition":[783,393],"_rootPartCFrame":[774.998,222.7,46.961,0.077,0,0.997,0,1,0,-0.997,0,0.077],"_humanoidState":8,"_cameraCFrame":[775.6,244.542,43.425,-0.986,-0.165,0.029,0,0.174,0.985,-0.168,0.971,-0.171],"_shiftlockState":false,"_pose":"Running","_animationQueue":[],"_animationSpeed":1.066,"_zoom":20.656},{"_mousePosition":[783,393],"_rootPartCFrame":[774.735,222.7,46.917,0.089,0,0.996,0,1,0,-0.996,0,0.089],"_humanoidState":8,"_cameraCFrame":[775.328,244.542,43.379,-0.986,-0.163,0.029,0,0.174,0.985,-0.165,0.971,-0.171],"_shiftlockState":false,"_pose":"Running","_animationQueue":[["walk",0.1]],"_animationSpeed":1.066,"_zoom":20.656},{"_mousePosition":[783,393],"_rootPartCFrame":[774.472,222.7,46.872,0.1,0,0.995,0,1,0,-0.995,0,0.1],"_humanoidState":8,"_cameraCFrame":[775.047,244.542,43.332,-0.987,-0.158,0.028,0,0.174,0.985,-0.16,0.972,-0.171],"_shiftlockState":false,"_pose":"Running","_animationQueue":[],"_animationSpeed":1.066,"_zoom":20.656},{"_mousePosition":[783,393],"_rootPartCFrame":[774.209,222.7,46.828,0.109,0,0.994,0,1,0,-0.994,0,0.109],"_humanoidState":8,"_cameraCFrame":[774.784,244.542,43.287,-0.987,-0.158,0.028,0,0.174,0.985,-0.16,0.972,-0.171],"_shiftlockState":false,"_pose":"Running","_animationQueue":[],"_animationSpeed":1.066,"_zoom":20.656},{"_mousePosition":[783,393],"_rootPartCFrame":[773.946,222.7,46.785,0.116,0,0.993,0,1,0,-0.993,0,0.116],"_humanoidState":8,"_cameraCFrame":[774.512,244.542,43.243,-0.987,-0.155,0.027,0,0.174,0.985,-0.158,0.972,-0.171],"_shiftlockState":false,"_pose":"Running","_animationQueue":[],"_animationSpeed":1.066,"_zoom":20.656},{"_mousePosition":[783,393],"_rootPartCFrame":[773.682,222.7,46.742,0.122,0,0.993,0,1,0,-0.993,0,0.122],"_humanoidState":8,"_cameraCFrame":[774.24,244.542,43.199,-0.988,-0.153,0.027,0,0.174,0.985,-0.155,0.973,-0.172],"_shiftlockState":false,"_pose":"Running","_animationQueue":[],"_animationSpeed":1.066,"_zoom":20.656},{"_mousePosition":[783,393],"_rootPartCFrame":[773.419,222.7,46.7,0.127,0,0.992,0,1,0,-0.992,0,0.127],"_humanoidState":8,"_cameraCFrame":[773.967,244.542,43.155,-0.988,-0.151,0.027,0,0.174,0.985,-0.153,0.973,-0.172],"_shiftlockState":false,"_pose":"Running","_animationQueue":[],"_animationSpeed":1.066,"_zoom":20.656},{"_mousePosition":[783,393],"_rootPartCFrame":[773.156,222.7,46.659,0.131,0,0.991,0,1,0,-0.991,0,0.131],"_humanoidState":8,"_cameraCFrame":[773.677,244.542,43.11,-0.989,-0.143,0.025,0,0.174,0.985,-0.145,0.974,-0.172],"_shiftlockState":false,"_pose":"Running","_animationQueue":[["walk",0.1]],"_animationSpeed":1.066,"_zoom":20.656},{"_mousePosition":[783,393],"_rootPartCFrame":[772.892,222.7,46.618,0.134,0,0.991,0,1,0,-0.991,0,0.134],"_humanoidState":8,"_cameraCFrame":[773.395,244.542,43.066,-0.99,-0.138,0.024,0,0.174,0.985,-0.14,0.975,-0.172],"_shiftlockState":false,"_pose":"Running","_animationQueue":[],"_animationSpeed":1.066,"_zoom":20.656},{"_mousePosition":[783,393],"_rootPartCFrame":[772.628,222.7,46.579,0.135,0,0.991,0,1,0,-0.991,0,0.135],"_humanoidState":8,"_cameraCFrame":[773.114,244.542,43.025,-0.991,-0.133,0.023,0,0.174,0.985,-0.135,0.976,-0.172],"_shiftlockState":false,"_pose":"Running","_animationQueue":[],"_animationSpeed":1.066,"_zoom":20.656},{"_mousePosition":[783,393],"_rootPartCFrame":[772.364,222.7,46.541,0.136,0,0.991,0,1,0,-0.991,0,0.136],"_humanoidState":8,"_cameraCFrame":[772.832,244.542,42.985,-0.991,-0.128,0.023,0,0.174,0.985,-0.13,0.976,-0.172],"_shiftlockState":false,"_pose":"Running","_animationQueue":[],"_animationSpeed":1.066,"_zoom":20.656},{"_mousePosition":[783,393],"_rootPartCFrame":[772.1,222.7,46.505,0.136,0,0.991,0,1,0,-0.991,0,0.136],"_humanoidState":8,"_cameraCFrame":[772.54,244.542,42.945,-0.992,-0.121,0.021,0,0.174,0.985,-0.123,0.977,-0.172],"_shiftlockState":false,"_pose":"Running","_animationQueue":[],"_animationSpeed":1.066,"_zoom":20.656},{"_mousePosition":[783,393],"_rootPartCFrame":[771.836,222.7,46.47,0.135,0,0.991,0,1,0,-0.991,0,0.135],"_humanoidState":8,"_cameraCFrame":[772.24,244.542,42.906,-0.994,-0.111,0.02,0,0.174,0.985,-0.113,0.979,-0.173],"_shiftlockState":false,"_pose":"Running","_animationQueue":[],"_animationSpeed":1.066,"_zoom":20.656},{"_mousePosition":[783,393],"_rootPartCFrame":[771.571,222.7,46.437,0.134,0,0.991,0,1,0,-0.991,0,0.134],"_humanoidState":8,"_cameraCFrame":[771.939,244.542,42.869,-0.995,-0.101,0.018,0,0.174,0.985,-0.103,0.98,-0.173],"_shiftlockState":false,"_pose":"Running","_animationQueue":[["walk",0.1]],"_animationSpeed":1.066,"_zoom":20.656},{"_mousePosition":[783,393],"_rootPartCFrame":[771.306,222.7,46.407,0.131,0,0.991,0,1,0,-0.991,0,0.131],"_humanoidState":8,"_cameraCFrame":[771.638,244.542,42.836,-0.996,-0.091,0.016,0,0.174,0.985,-0.093,0.981,-0.173],"_shiftlockState":false,"_pose":"Running","_animationQueue":[],"_animationSpeed":1.066,"_zoom":20.656},{"_mousePosition":[783,393],"_rootPartCFrame":[771.041,222.7,46.38,0.127,0,0.992,0,1,0,-0.992,0,0.127],"_humanoidState":8,"_cameraCFrame":[771.355,244.542,42.806,-0.996,-0.086,0.015,0,0.174,0.985,-0.088,0.981,-0.173],"_shiftlockState":false,"_pose":"Running","_animationQueue":[],"_animationSpeed":1.066,"_zoom":20.656},{"_mousePosition":[783,393],"_rootPartCFrame":[770.775,222.7,46.355,0.123,0,0.992,0,1,0,-0.992,0,0.123],"_humanoidState":8,"_cameraCFrame":[771.089,244.542,42.781,-0.996,-0.086,0.015,0,0.174,0.985,-0.088,0.981,-0.173],"_shiftlockState":false,"_pose":"Running","_animationQueue":[],"_animationSpeed":1.066,"_zoom":20.656},{"_mousePosition":[783,393],"_rootPartCFrame":[770.51,222.7,46.331,0.118,0,0.993,0,1,0,-0.993,0,0.118],"_humanoidState":8,"_cameraCFrame":[770.824,244.542,42.758,-0.996,-0.086,0.015,0,0.174,0.985,-0.088,0.981,-0.173],"_shiftlockState":false,"_pose":"Running","_animationQueue":[],"_animationSpeed":1.066,"_zoom":20.656},{"_mousePosition":[783,393],"_rootPartCFrame":[770.244,222.666,46.308,0.113,0,0.994,0,1,0,-0.994,0,0.113],"_humanoidState":8,"_cameraCFrame":[770.558,244.508,42.735,-0.996,-0.086,0.015,0,0.174,0.985,-0.088,0.981,-0.173],"_shiftlockState":false,"_pose":"Running","_animationQueue":[],"_animationSpeed":1.066,"_zoom":20.656},{"_mousePosition":[783,393],"_rootPartCFrame":[769.978,223.528,46.284,0.109,0,0.994,0,1,0,-0.994,0,0.109],"_humanoidState":3,"_cameraCFrame":[768.549,245.371,42.558,-0.996,-0.086,0.015,0,0.174,0.985,-0.088,0.981,-0.173],"_shiftlockState":true,"_pose":"Jumping","_animationQueue":[["walk",0.1],["walk",0.1],["jump",0.1]],"_animationSpeed":1,"_zoom":20.656},{"_mousePosition":[683,384],"_rootPartCFrame":[769.713,224.337,46.261,-0.984,0,0.177,0,1,0,-0.177,0,-0.984],"_humanoidState":5,"_cameraCFrame":[768.284,246.179,42.535,-0.996,-0.086,0.015,0,0.174,0.985,-0.088,0.981,-0.173],"_shiftlockState":true,"_pose":"FreeFall","_animationQueue":[["jump",0.1]],"_animationSpeed":1,"_zoom":20.656},{"_mousePosition":[683,384],"_rootPartCFrame":[769.447,225.091,46.238,-0.977,0,0.214,0,1,0,-0.214,0,-0.977],"_humanoidState":5,"_cameraCFrame":[768.018,246.933,42.511,-0.996,-0.086,0.015,0,0.174,0.985,-0.088,0.981,-0.173],"_shiftlockState":true,"_pose":"FreeFall","_animationQueue":[],"_animationSpeed":1,"_zoom":20.656},{"_mousePosition":[683,384],"_rootPartCFrame":[769.182,225.79,46.214,-0.976,0,0.219,0,1,0,-0.219,0,-0.976],"_humanoidState":5,"_cameraCFrame":[767.752,247.632,42.488,-0.996,-0.086,0.015,0,0.174,0.985,-0.088,0.981,-0.173],"_shiftlockState":true,"_pose":"FreeFall","_animationQueue":[],"_animationSpeed":1,"_zoom":20.656},{"_mousePosition":[683,384],"_rootPartCFrame":[768.916,226.435,46.191,-0.976,0,0.219,0,1,0,-0.219,0,-0.976],"_humanoidState":5,"_cameraCFrame":[767.487,248.277,42.465,-0.996,-0.086,0.015,0,0.174,0.985,-0.088,0.981,-0.173],"_shiftlockState":true,"_pose":"FreeFall","_animationQueue":[],"_animationSpeed":1,"_zoom":20.656},{"_mousePosition":[683,384],"_rootPartCFrame":[768.65,227.025,46.168,-0.976,0,0.219,0,1,0,-0.219,0,-0.976],"_humanoidState":5,"_cameraCFrame":[767.221,248.868,42.441,-0.996,-0.086,0.015,0,0.174,0.985,-0.088,0.981,-0.173],"_shiftlockState":true,"_pose":"FreeFall","_animationQueue":[],"_animationSpeed":1,"_zoom":20.656},{"_mousePosition":[683,384],"_rootPartCFrame":[768.385,227.561,46.144,-0.976,0,0.219,0,1,0,-0.219,0,-0.976],"_humanoidState":5,"_cameraCFrame":[766.955,249.404,42.418,-0.996,-0.086,0.015,0,0.174,0.985,-0.088,0.981,-0.173],"_shiftlockState":true,"_pose":"FreeFall","_animationQueue":[],"_animationSpeed":1,"_zoom":20.656},{"_mousePosition":[683,384],"_rootPartCFrame":[768.119,228.043,46.121,-0.976,0,0.219,0,1,0,-0.219,0,-0.976],"_humanoidState":5,"_cameraCFrame":[766.69,249.885,42.395,-0.996,-0.086,0.015,0,0.174,0.985,-0.088,0.981,-0.173],"_shiftlockState":true,"_pose":"FreeFall","_animationQueue":[],"_animationSpeed":1,"_zoom":20.656},{"_mousePosition":[683,384],"_rootPartCFrame":[767.853,228.47,46.098,-0.976,0,0.219,0,1,0,-0.219,0,-0.976],"_humanoidState":5,"_cameraCFrame":[766.424,250.312,42.371,-0.996,-0.086,0.015,0,0.174,0.985,-0.088,0.981,-0.173],"_shiftlockState":true,"_pose":"FreeFall","_animationQueue":[],"_animationSpeed":1,"_zoom":20.656},{"_mousePosition":[683,384],"_rootPartCFrame":[767.588,228.842,46.074,-0.976,0,0.219,0,1,0,-0.219,0,-0.976],"_humanoidState":5,"_cameraCFrame":[766.159,250.684,42.348,-0.996,-0.086,0.015,0,0.174,0.985,-0.088,0.981,-0.173],"_shiftlockState":true,"_pose":"FreeFall","_animationQueue":[],"_animationSpeed":1,"_zoom":20.656},{"_mousePosition":[683,384],"_rootPartCFrame":[767.322,229.16,46.051,-0.976,0,0.219,0,1,0,-0.219,0,-0.976],"_humanoidState":5,"_cameraCFrame":[765.893,251.002,42.325,-0.996,-0.086,0.015,0,0.174,0.985,-0.088,0.981,-0.173],"_shiftlockState":true,"_pose":"FreeFall","_animationQueue":[],"_animationSpeed":1,"_zoom":20.656},{"_mousePosition":[683,384],"_rootPartCFrame":[767.057,229.423,46.028,-0.976,0,0.219,0,1,0,-0.219,0,-0.976],"_humanoidState":5,"_cameraCFrame":[765.627,251.266,42.301,-0.996,-0.086,0.015,0,0.174,0.985,-0.088,0.981,-0.173],"_shiftlockState":true,"_pose":"FreeFall","_animationQueue":[],"_animationSpeed":1,"_zoom":20.656},{"_mousePosition":[683,384],"_rootPartCFrame":[766.791,229.632,46.004,-0.976,0,0.219,0,1,0,-0.219,0,-0.976],"_humanoidState":5,"_cameraCFrame":[765.362,251.474,42.278,-0.996,-0.086,0.015,0,0.174,0.985,-0.088,0.981,-0.173],"_shiftlockState":true,"_pose":"FreeFall","_animationQueue":[],"_animationSpeed":1,"_zoom":20.656},{"_mousePosition":[683,384],"_rootPartCFrame":[766.525,229.787,45.981,-0.976,0,0.219,0,1,0,-0.219,0,-0.976],"_humanoidState":5,"_cameraCFrame":[765.096,251.629,42.255,-0.996,-0.086,0.015,0,0.174,0.985,-0.088,0.981,-0.173],"_shiftlockState":true,"_pose":"FreeFall","_animationQueue":[],"_animationSpeed":1,"_zoom":20.656},{"_mousePosition":[683,384],"_rootPartCFrame":[766.26,229.887,45.958,-0.976,0,0.219,0,1,0,-0.219,0,-0.976],"_humanoidState":5,"_cameraCFrame":[764.83,251.729,42.231,-0.996,-0.086,0.015,0,0.174,0.985,-0.088,0.981,-0.173],"_shiftlockState":true,"_pose":"FreeFall","_animationQueue":[],"_animationSpeed":1,"_zoom":20.656},{"_mousePosition":[683,384],"_rootPartCFrame":[765.994,229.932,45.934,-0.976,0,0.219,0,1,0,-0.219,0,-0.976],"_humanoidState":5,"_cameraCFrame":[764.574,251.774,42.204,-0.996,-0.089,0.016,0,0.174,0.985,-0.09,0.981,-0.173],"_shiftlockState":true,"_pose":"FreeFall","_animationQueue":[],"_animationSpeed":1,"_zoom":20.656},{"_mousePosition":[683,384],"_rootPartCFrame":[765.728,229.923,45.911,-0.975,0,0.222,0,1,0,-0.222,0,-0.975],"_humanoidState":5,"_cameraCFrame":[764.346,251.765,42.167,-0.995,-0.099,0.017,0,0.174,0.985,-0.1,0.98,-0.173],"_shiftlockState":true,"_pose":"FreeFall","_animationQueue":[],"_animationSpeed":1,"_zoom":20.656},{"_mousePosition":[683,384],"_rootPartCFrame":[765.463,229.859,45.887,-0.973,0,0.231,0,1,0,-0.231,0,-0.973],"_humanoidState":5,"_cameraCFrame":[764.119,251.701,42.129,-0.994,-0.109,0.019,0,0.174,0.985,-0.11,0.979,-0.173],"_shiftlockState":true,"_pose":"FreeFall","_animationQueue":[],"_animationSpeed":1,"_zoom":20.656},{"_mousePosition":[683,384],"_rootPartCFrame":[765.197,229.741,45.861,-0.97,0,0.241,0,1,0,-0.241,0,-0.97],"_humanoidState":5,"_cameraCFrame":[763.891,251.583,42.089,-0.993,-0.118,0.021,0,0.174,0.985,-0.12,0.978,-0.172],"_shiftlockState":true,"_pose":"FreeFall","_animationQueue":[],"_animationSpeed":1,"_zoom":20.656},{"_mousePosition":[683,384],"_rootPartCFrame":[764.932,229.568,45.832,-0.968,0,0.251,0,1,0,-0.251,0,-0.968],"_humanoidState":5,"_cameraCFrame":[763.665,251.411,42.047,-0.991,-0.128,0.023,0,0.174,0.985,-0.13,0.976,-0.172],"_shiftlockState":true,"_pose":"FreeFall","_animationQueue":[],"_animationSpeed":1,"_zoom":20.656},{"_mousePosition":[683,384],"_rootPartCFrame":[764.668,229.341,45.8,-0.965,0,0.261,0,1,0,-0.261,0,-0.965],"_humanoidState":5,"_cameraCFrame":[763.428,250.769,42.075,-0.99,-0.138,0.024,0,0.174,0.985,-0.14,0.975,-0.172],"_shiftlockState":true,"_pose":"FreeFall","_animationQueue":[["fall",0.3]],"_animationSpeed":1,"_zoom":16.125},{"_mousePosition":[683,384],"_rootPartCFrame":[764.403,229.06,45.766,-0.963,0,0.271,0,1,0,-0.271,0,-0.963],"_humanoidState":5,"_cameraCFrame":[763.155,249.787,42.16,-0.99,-0.141,0.025,0,0.174,0.985,-0.143,0.975,-0.172],"_shiftlockState":true,"_pose":"FreeFall","_animationQueue":[],"_animationSpeed":1,"_zoom":16.125},{"_mousePosition":[683,384],"_rootPartCFrame":[764.139,228.724,45.729,-0.962,0,0.273,0,1,0,-0.273,0,-0.962],"_humanoidState":5,"_cameraCFrame":[762.891,248.724,42.244,-0.989,-0.146,0.026,0,0.174,0.985,-0.148,0.974,-0.172],"_shiftlockState":true,"_pose":"FreeFall","_animationQueue":[],"_animationSpeed":1,"_zoom":16.125},{"_mousePosition":[683,384],"_rootPartCFrame":[763.875,228.333,45.691,-0.961,0,0.278,0,1,0,-0.278,0,-0.961],"_humanoidState":5,"_cameraCFrame":[762.643,247.656,42.311,-0.987,-0.155,0.027,0,0.174,0.985,-0.158,0.972,-0.171],"_shiftlockState":true,"_pose":"FreeFall","_animationQueue":[],"_animationSpeed":1,"_zoom":16.125},{"_mousePosition":[683,384],"_rootPartCFrame":[763.611,227.888,45.651,-0.958,0,0.288,0,1,0,-0.288,0,-0.958],"_humanoidState":5,"_cameraCFrame":[762.423,246.669,42.345,-0.985,-0.173,0.03,0,0.174,0.985,-0.175,0.97,-0.171],"_shiftlockState":true,"_pose":"FreeFall","_animationQueue":[],"_animationSpeed":1,"_zoom":16.125},{"_mousePosition":[683,384],"_rootPartCFrame":[763.348,227.388,45.61,-0.952,0,0.305,0,1,0,-0.305,0,-0.952],"_humanoidState":5,"_cameraCFrame":[762.254,245.759,42.337,-0.978,-0.204,0.036,0,0.174,0.985,-0.208,0.963,-0.17],"_shiftlockState":true,"_pose":"FreeFall","_animationQueue":[],"_animationSpeed":1,"_zoom":16.125},{"_mousePosition":[683,384],"_rootPartCFrame":[763.085,226.834,45.564,-0.942,0,0.336,0,1,0,-0.336,0,-0.942],"_humanoidState":5,"_cameraCFrame":[762.12,244.903,42.298,-0.968,-0.246,0.043,0,0.174,0.985,-0.249,0.954,-0.168],"_shiftlockState":true,"_pose":"FreeFall","_animationQueue":[["fall",0.3]],"_animationSpeed":1,"_zoom":16.125},{"_mousePosition":[683,384],"_rootPartCFrame":[762.759,226.065,45.496,-0.914,0,0.407,0,1,0,-0.407,0,-0.914],"_humanoidState":5,"_cameraCFrame":[761.932,243.929,42.224,-0.956,-0.289,0.051,0,0.174,0.985,-0.293,0.941,-0.166],"_shiftlockState":true,"_pose":"FreeFall","_animationQueue":[],"_animationSpeed":1,"_zoom":16.125},{"_mousePosition":[683,384],"_rootPartCFrame":[762.565,225.563,45.448,-0.922,0,0.387,0,1,0,-0.387,0,-0.922],"_humanoidState":5,"_cameraCFrame":[761.887,243.272,42.165,-0.941,-0.334,0.059,0,0.174,0.985,-0.339,0.927,-0.163],"_shiftlockState":true,"_pose":"FreeFall","_animationQueue":[],"_animationSpeed":1,"_zoom":16.125},{"_mousePosition":[683,384],"_rootPartCFrame":[762.309,224.845,45.371,-0.887,0,0.461,0,1,0,-0.461,0,-0.887],"_humanoidState":5,"_cameraCFrame":[761.775,242.452,42.078,-0.924,-0.376,0.066,0,0.174,0.985,-0.381,0.91,-0.161],"_shiftlockState":true,"_pose":"FreeFall","_animationQueue":[],"_animationSpeed":1,"_zoom":16.125},{"_mousePosition":[683,384],"_rootPartCFrame":[762.058,224.073,45.283,-0.866,0,0.501,0,1,0,-0.501,0,-0.866],"_humanoidState":5,"_cameraCFrame":[761.685,241.602,41.979,-0.904,-0.421,0.074,0,0.174,0.985,-0.428,0.89,-0.157],"_shiftlockState":true,"_pose":"FreeFall","_animationQueue":[],"_animationSpeed":1,"_zoom":16.125},{"_mousePosition":[683,384],"_rootPartCFrame":[761.811,223.246,45.183,-0.839,0,0.544,0,1,0,-0.544,0,-0.839],"_humanoidState":5,"_cameraCFrame":[761.476,240.73,41.882,-0.898,-0.432,0.076,0,0.174,0.985,-0.439,0.885,-0.156],"_shiftlockState":true,"_pose":"FreeFall","_animationQueue":[],"_animationSpeed":1,"_zoom":16.125},{"_mousePosition":[683,384],"_rootPartCFrame":[761.569,222.476,45.07,-0.882,0,0.471,0,1,0,-0.471,0,-0.882],"_humanoidState":7,"_cameraCFrame":[761.315,239.925,41.768,-0.887,-0.455,0.08,0,0.174,0.985,-0.462,0.874,-0.154],"_shiftlockState":true,"_pose":"FreeFall","_animationQueue":[["walk",0.1],["fall",0.3],["fall",0.3]],"_animationSpeed":1,"_zoom":16.125},{"_mousePosition":[683,384],"_rootPartCFrame":[761.329,222.439,44.954,-0.886,0,0.464,0,1,0,-0.464,0,-0.886],"_humanoidState":7,"_cameraCFrame":[761.107,239.865,41.652,-0.882,-0.464,0.082,0,0.174,0.985,-0.471,0.869,-0.153],"_shiftlockState":true,"_pose":"FreeFall","_animationQueue":[["fall",0.3]],"_animationSpeed":1,"_zoom":16.125},{"_mousePosition":[683,384],"_rootPartCFrame":[761.033,222.56,44.801,-0.882,0,0.471,0,1,0,-0.471,0,-0.882],"_humanoidState":8,"_cameraCFrame":[760.843,239.97,41.5,-0.878,-0.472,0.083,0,0.174,0.985,-0.48,0.864,-0.152],"_shiftlockState":true,"_pose":"Running","_animationQueue":[["walk",0.1],["fall",0.3],["walk",0.1]],"_animationSpeed":1.103,"_zoom":16.125},{"_mousePosition":[683,384],"_rootPartCFrame":[760.797,222.623,44.675,-0.878,0,0.48,0,1,0,-0.48,0,-0.878],"_humanoidState":8,"_cameraCFrame":[760.631,240.023,41.375,-0.874,-0.479,0.084,0,0.174,0.985,-0.486,0.861,-0.152],"_shiftlockState":true,"_pose":"Running","_animationQueue":[],"_animationSpeed":1.103,"_zoom":16.125},{"_mousePosition":[683,384],"_rootPartCFrame":[760.563,222.658,44.548,-0.874,0,0.486,0,1,0,-0.486,0,-0.874],"_humanoidState":8,"_cameraCFrame":[760.405,240.05,41.248,-0.873,-0.481,0.085,0,0.174,0.985,-0.488,0.859,-0.152],"_shiftlockState":true,"_pose":"Running","_animationQueue":[],"_animationSpeed":1.103,"_zoom":16.125},{"_mousePosition":[683,384],"_rootPartCFrame":[760.33,222.677,44.419,-0.873,0,0.488,0,1,0,-0.488,0,-0.873],"_humanoidState":8,"_cameraCFrame":[760.171,240.065,41.119,-0.873,-0.481,0.085,0,0.174,0.985,-0.488,0.859,-0.152],"_shiftlockState":true,"_pose":"Running","_animationQueue":[],"_animationSpeed":1.103,"_zoom":16.125},{"_mousePosition":[683,384],"_rootPartCFrame":[760.097,222.687,44.288,-0.873,0,0.488,0,1,0,-0.488,0,-0.873],"_humanoidState":8,"_cameraCFrame":[759.938,240.073,40.989,-0.873,-0.481,0.085,0,0.174,0.985,-0.488,0.859,-0.152],"_shiftlockState":true,"_pose":"Running","_animationQueue":[],"_animationSpeed":1.103,"_zoom":16.125},{"_mousePosition":[683,384],"_rootPartCFrame":[759.865,222.693,44.158,-0.873,0,0.488,0,1,0,-0.488,0,-0.873],"_humanoidState":8,"_cameraCFrame":[759.705,240.076,40.859,-0.873,-0.481,0.085,0,0.174,0.985,-0.488,0.859,-0.152],"_shiftlockState":true,"_pose":"Running","_animationQueue":[["walk",0.1]],"_animationSpeed":1.103,"_zoom":16.125},{"_mousePosition":[683,384],"_rootPartCFrame":[759.632,222.696,44.028,-0.873,0,0.488,0,1,0,-0.488,0,-0.873],"_humanoidState":8,"_cameraCFrame":[759.448,240.078,40.731,-0.876,-0.474,0.084,0,0.174,0.985,-0.482,0.863,-0.152],"_shiftlockState":true,"_pose":"Running","_animationQueue":[],"_animationSpeed":1.103,"_zoom":16.125},{"_mousePosition":[683,384],"_rootPartCFrame":[759.399,222.698,43.898,-0.876,0,0.482,0,1,0,-0.482,0,-0.876],"_humanoidState":8,"_cameraCFrame":[759.156,240.079,40.604,-0.885,-0.459,0.081,0,0.174,0.985,-0.466,0.871,-0.154],"_shiftlockState":true,"_pose":"Running","_animationQueue":[],"_animationSpeed":1.103,"_zoom":16.125},{"_mousePosition":[683,384],"_rootPartCFrame":[759.166,222.699,43.769,-0.885,0,0.466,0,1,0,-0.466,0,-0.885],"_humanoidState":8,"_cameraCFrame":[758.79,240.079,40.488,-0.903,-0.423,0.075,0,0.174,0.985,-0.43,0.889,-0.157],"_shiftlockState":true,"_pose":"Running","_animationQueue":[],"_animationSpeed":1.103,"_zoom":16.125},{"_mousePosition":[683,384],"_rootPartCFrame":[758.93,222.699,43.644,-0.903,0,0.43,0,1,0,-0.43,0,-0.903],"_humanoidState":8,"_cameraCFrame":[758.496,240.08,40.371,-0.91,-0.408,0.072,0,0.174,0.985,-0.414,0.896,-0.158],"_shiftlockState":true,"_pose":"Running","_animationQueue":[],"_animationSpeed":1.103,"_zoom":16.125},{"_mousePosition":[683,384],"_rootPartCFrame":[758.69,222.699,43.528,-0.91,0,0.414,0,1,0,-0.414,0,-0.91],"_humanoidState":8,"_cameraCFrame":[758.042,240.08,40.29,-0.936,-0.348,0.061,0,0.174,0.985,-0.353,0.921,-0.162],"_shiftlockState":true,"_pose":"Running","_animationQueue":[],"_animationSpeed":1.103,"_zoom":16.125},{"_mousePosition":[683,384],"_rootPartCFrame":[758.448,222.699,43.417,-0.936,0,0.353,0,1,0,-0.353,0,-0.936],"_humanoidState":8,"_cameraCFrame":[757.661,240.08,40.21,-0.95,-0.308,0.054,0,0.174,0.985,-0.313,0.935,-0.165],"_shiftlockState":true,"_pose":"Running","_animationQueue":[],"_animationSpeed":1.103,"_zoom":16.125},{"_mousePosition":[683,384],"_rootPartCFrame":[758.205,222.665,43.306,-0.95,0,0.313,0,1,0,-0.313,0,-0.95],"_humanoidState":8,"_cameraCFrame":[757.297,240.045,40.132,-0.961,-0.272,0.048,0,0.174,0.985,-0.276,0.946,-0.167],"_shiftlockState":true,"_pose":"Running","_animationQueue":[["walk",0.1]],"_animationSpeed":1.103,"_zoom":16.125},{"_mousePosition":[683,384],"_rootPartCFrame":[757.962,222.577,43.196,-0.961,0,0.276,0,1,0,-0.276,0,-0.961],"_humanoidState":8,"_cameraCFrame":[756.95,239.957,40.053,-0.97,-0.241,0.042,0,0.174,0.985,-0.245,0.955,-0.168],"_shiftlockState":true,"_pose":"Running","_animationQueue":[],"_animationSpeed":1.103,"_zoom":16.125},{"_mousePosition":[683,384],"_rootPartCFrame":[757.72,223.44,43.086,-0.97,0,0.245,0,1,0,-0.245,0,-0.97],"_humanoidState":3,"_cameraCFrame":[756.628,240.82,39.969,-0.976,-0.217,0.038,0,0.174,0.985,-0.22,0.961,-0.169],"_shiftlockState":true,"_pose":"Jumping","_animationQueue":[["walk",0.1],["jump",0.1]],"_animationSpeed":1,"_zoom":16.125},{"_mousePosition":[683,384],"_rootPartCFrame":[757.469,224.248,42.999,-0.951,0,0.309,0,1,0,-0.309,0,-0.951],"_humanoidState":5,"_cameraCFrame":[756.299,241.628,39.911,-0.981,-0.192,0.034,0,0.174,0.985,-0.195,0.966,-0.17],"_shiftlockState":true,"_pose":"FreeFall","_animationQueue":[["jump",0.1]],"_animationSpeed":1,"_zoom":16.125},{"_mousePosition":[683,384],"_rootPartCFrame":[757.209,225.002,42.938,-0.948,0,0.319,0,1,0,-0.319,0,-0.948],"_humanoidState":5,"_cameraCFrame":[755.954,242.382,39.884,-0.986,-0.165,0.029,0,0.174,0.985,-0.168,0.971,-0.171],"_shiftlockState":true,"_pose":"FreeFall","_animationQueue":[],"_animationSpeed":1,"_zoom":16.125},{"_mousePosition":[683,384],"_rootPartCFrame":[756.948,225.702,42.885,-0.955,0,0.297,0,1,0,-0.297,0,-0.955],"_humanoidState":5,"_cameraCFrame":[755.6,243.081,39.87,-0.99,-0.136,0.024,0,0.174,0.985,-0.138,0.975,-0.172],"_shiftlockState":true,"_pose":"FreeFall","_animationQueue":[],"_animationSpeed":1,"_zoom":16.125},{"_mousePosition":[683,384],"_rootPartCFrame":[756.685,226.347,42.839,-0.963,0,0.268,0,1,0,-0.268,0,-0.963],"_humanoidState":5,"_cameraCFrame":[755.232,243.726,39.874,-0.995,-0.101,0.018,0,0.174,0.985,-0.103,0.98,-0.173],"_shiftlockState":true,"_pose":"FreeFall","_animationQueue":[],"_animationSpeed":1,"_zoom":16.125},{"_mousePosition":[683,384],"_rootPartCFrame":[756.421,226.937,42.801,-0.972,0,0.234,0,1,0,-0.234,0,-0.972],"_humanoidState":5,"_cameraCFrame":[754.856,244.317,39.893,-0.998,-0.064,0.011,0,0.174,0.985,-0.065,0.983,-0.173],"_shiftlockState":true,"_pose":"FreeFall","_animationQueue":[],"_animationSpeed":1,"_zoom":16.125},{"_mousePosition":[683,384],"_rootPartCFrame":[756.156,227.473,42.772,-0.98,0,0.197,0,1,0,-0.197,0,-0.98],"_humanoidState":5,"_cameraCFrame":[754.439,244.853,39.952,-1,-0.012,0.002,0,0.174,0.985,-0.012,0.985,-0.174],"_shiftlockState":true,"_pose":"FreeFall","_animationQueue":[],"_animationSpeed":1,"_zoom":16.125},{"_mousePosition":[683,384],"_rootPartCFrame":[755.89,227.954,42.754,-0.99,0,0.144,0,1,0,-0.144,0,-0.99],"_humanoidState":5,"_cameraCFrame":[754.123,245.334,39.964,-1,0.006,-0.001,0,0.174,0.985,0.006,0.985,-0.174],"_shiftlockState":true,"_pose":"FreeFall","_animationQueue":[],"_animationSpeed":1,"_zoom":16.125},{"_mousePosition":[683,384],"_rootPartCFrame":[755.623,228.381,42.748,-0.992,0,0.127,0,1,0,-0.127,0,-0.992],"_humanoidState":5,"_cameraCFrame":[753.718,245.761,40.052,-0.998,0.056,-0.01,0,0.174,0.985,0.057,0.983,-0.173],"_shiftlockState":true,"_pose":"FreeFall","_animationQueue":[],"_animationSpeed":1,"_zoom":16.125},{"_mousePosition":[683,384],"_rootPartCFrame":[755.357,228.753,42.749,-0.997,0,0.077,0,1,0,-0.077,0,-0.997],"_humanoidState":5,"_cameraCFrame":[753.364,246.133,40.117,-0.996,0.088,-0.016,0,0.174,0.985,0.089,0.981,-0.173],"_shiftlockState":true,"_pose":"FreeFall","_animationQueue":[],"_animationSpeed":1,"_zoom":16.125},{"_mousePosition":[683,384],"_rootPartCFrame":[755.091,229.071,42.762,-0.999,0,0.044,0,1,0,-0.044,0,-0.999],"_humanoidState":5,"_cameraCFrame":[753.012,246.451,40.197,-0.993,0.12,-0.021,0,0.174,0.985,0.122,0.977,-0.172],"_shiftlockState":true,"_pose":"FreeFall","_animationQueue":[],"_animationSpeed":1,"_zoom":16.125},{"_mousePosition":[683,384],"_rootPartCFrame":[754.825,229.335,42.785,-1,0,0.011,0,1,0,-0.011,0,-1],"_humanoidState":5,"_cameraCFrame":[752.656,246.715,40.295,-0.988,0.155,-0.027,0,0.174,0.985,0.157,0.973,-0.171],"_shiftlockState":true,"_pose":"FreeFall","_animationQueue":[],"_animationSpeed":1,"_zoom":16.125},{"_mousePosition":[683,384],"_rootPartCFrame":[754.56,229.544,42.816,-1,0,-0.025,0,1,0,0.025,0,-1],"_humanoidState":5,"_cameraCFrame":[752.305,246.923,40.404,-0.981,0.189,-0.033,0,0.174,0.985,0.192,0.966,-0.17],"_shiftlockState":true,"_pose":"FreeFall","_animationQueue":[],"_animationSpeed":1,"_zoom":16.125},{"_mousePosition":[683,384],"_rootPartCFrame":[754.296,229.698,42.857,-0.998,0,-0.06,0,1,0,0.06,0,-0.998],"_humanoidState":5,"_cameraCFrame":[751.963,247.078,40.52,-0.975,0.221,-0.039,0,0.174,0.985,0.224,0.96,-0.169],"_shiftlockState":true,"_pose":"FreeFall","_animationQueue":[],"_animationSpeed":1,"_zoom":16.125},{"_mousePosition":[683,384],"_rootPartCFrame":[754.036,229.787,42.886,-0.996,0.001,-0.093,0.001,1,-0.009,0.093,-0.009,-0.996],"_humanoidState":5,"_cameraCFrame":[751.628,247.167,40.614,-0.967,0.252,-0.044,0,0.174,0.985,0.256,0.952,-0.168],"_shiftlockState":true,"_pose":"FreeFall","_animationQueue":[],"_animationSpeed":1,"_zoom":16.125},{"_mousePosition":[683,384],"_rootPartCFrame":[753.782,229.797,42.886,-0.991,0.004,-0.131,0.007,1,-0.02,0.13,-0.021,-0.991],"_humanoidState":5,"_cameraCFrame":[751.312,247.177,40.671,-0.958,0.281,-0.05,0,0.174,0.985,0.285,0.944,-0.166],"_shiftlockState":true,"_pose":"FreeFall","_animationQueue":[],"_animationSpeed":1,"_zoom":16.125},{"_mousePosition":[683,384],"_rootPartCFrame":[753.524,229.753,42.932,-0.988,0,-0.156,0.002,1,-0.009,0.156,-0.009,-0.988],"_humanoidState":5,"_cameraCFrame":[750.977,247.132,40.817,-0.948,0.312,-0.055,0,0.174,0.985,0.317,0.934,-0.165],"_shiftlockState":true,"_pose":"FreeFall","_animationQueue":[],"_animationSpeed":1,"_zoom":16.125},{"_mousePosition":[683,384],"_rootPartCFrame":[753.268,229.654,43.007,-0.982,-0.001,-0.188,-0.001,1,-0.002,0.188,-0.002,-0.982],"_humanoidState":5,"_cameraCFrame":[750.652,247.033,40.987,-0.938,0.343,-0.06,0,0.174,0.985,0.348,0.923,-0.163],"_shiftlockState":true,"_pose":"FreeFall","_animationQueue":[],"_animationSpeed":1,"_zoom":16.125},{"_mousePosition":[683,384],"_rootPartCFrame":[753.015,229.5,43.09,-0.975,-0.001,-0.22,-0.001,1,0,0.22,0,-0.975],"_humanoidState":5,"_cameraCFrame":[750.334,246.88,41.161,-0.926,0.373,-0.066,0,0.174,0.985,0.378,0.912,-0.161],"_shiftlockState":true,"_pose":"FreeFall","_animationQueue":[["fall",0.3]],"_animationSpeed":1,"_zoom":16.125},{"_mousePosition":[683,384],"_rootPartCFrame":[752.764,229.292,43.182,-0.968,0,-0.252,0,1,0,0.252,0,-0.968],"_humanoidState":5,"_cameraCFrame":[750.023,246.672,41.342,-0.913,0.402,-0.071,0,0.174,0.985,0.409,0.899,-0.158],"_shiftlockState":true,"_pose":"FreeFall","_animationQueue":[],"_animationSpeed":1,"_zoom":16.125},{"_mousePosition":[683,384],"_rootPartCFrame":[752.517,229.03,43.281,-0.959,0,-0.284,0,1,0,0.284,0,-0.959],"_humanoidState":5,"_cameraCFrame":[749.686,246.409,41.582,-0.891,0.447,-0.079,0,0.174,0.985,0.454,0.877,-0.155],"_shiftlockState":true,"_pose":"FreeFall","_animationQueue":[],"_animationSpeed":1,"_zoom":16.125},{"_mousePosition":[683,384],"_rootPartCFrame":[752.273,228.713,43.389,-0.943,0,-0.332,0,1,0,0.332,0,-0.943],"_humanoidState":5,"_cameraCFrame":[749.388,246.092,41.784,-0.875,0.476,-0.084,0,0.174,0.985,0.483,0.862,-0.152],"_shiftlockState":true,"_pose":"FreeFall","_animationQueue":[],"_animationSpeed":1,"_zoom":16.125},{"_mousePosition":[683,384],"_rootPartCFrame":[752.035,228.341,43.508,-0.932,0,-0.363,0,1,0,0.363,0,-0.932],"_humanoidState":5,"_cameraCFrame":[749.11,245.721,41.977,-0.863,0.498,-0.088,0,0.174,0.985,0.505,0.85,-0.15],"_shiftlockState":true,"_pose":"FreeFall","_animationQueue":[],"_animationSpeed":1,"_zoom":16.125},{"_mousePosition":[683,384],"_rootPartCFrame":[751.801,227.915,43.636,-0.922,0,-0.386,0,1,0,0.386,0,-0.922],"_humanoidState":5,"_cameraCFrame":[748.853,245.295,42.149,-0.855,0.511,-0.09,0,0.174,0.985,0.518,0.842,-0.148],"_shiftlockState":true,"_pose":"FreeFall","_animationQueue":[],"_animationSpeed":1,"_zoom":16.125},{"_mousePosition":[683,384],"_rootPartCFrame":[751.57,227.435,43.77,-0.916,0,-0.4,0,1,0,0.4,0,-0.916],"_humanoidState":5,"_cameraCFrame":[748.622,244.814,42.283,-0.855,0.511,-0.09,0,0.174,0.985,0.518,0.842,-0.148],"_shiftlockState":true,"_pose":"FreeFall","_animationQueue":[],"_animationSpeed":1,"_zoom":16.125},{"_mousePosition":[683,384],"_rootPartCFrame":[751.342,226.9,43.908,-0.916,0,-0.4,0,1,0,0.4,0,-0.916],"_humanoidState":5,"_cameraCFrame":[748.394,244.279,42.421,-0.855,0.511,-0.09,0,0.174,0.985,0.518,0.842,-0.148],"_shiftlockState":true,"_pose":"FreeFall","_animationQueue":[["fall",0.3]],"_animationSpeed":1,"_zoom":16.125},{"_mousePosition":[683,384],"_rootPartCFrame":[751.114,226.31,44.046,-0.916,0,-0.4,0,1,0,0.4,0,-0.916],"_humanoidState":5,"_cameraCFrame":[748.162,243.69,42.566,-0.854,0.513,-0.09,0,0.174,0.985,0.521,0.841,-0.148],"_shiftlockState":true,"_pose":"FreeFall","_animationQueue":[],"_animationSpeed":1,"_zoom":16.125},{"_mousePosition":[683,384],"_rootPartCFrame":[750.886,225.666,44.184,-0.915,0,-0.403,0,1,0,0.403,0,-0.915],"_humanoidState":5,"_cameraCFrame":[747.938,243.046,42.697,-0.855,0.511,-0.09,0,0.174,0.985,0.518,0.842,-0.148],"_shiftlockState":true,"_pose":"FreeFall","_animationQueue":[],"_animationSpeed":1,"_zoom":16.125},{"_mousePosition":[683,384],"_rootPartCFrame":[750.658,224.968,44.323,-0.916,0,-0.4,0,1,0,0.4,0,-0.916],"_humanoidState":5,"_cameraCFrame":[747.733,242.347,42.791,-0.863,0.498,-0.088,0,0.174,0.985,0.505,0.85,-0.15],"_shiftlockState":true,"_pose":"FreeFall","_animationQueue":[],"_animationSpeed":1,"_zoom":16.125},{"_mousePosition":[683,384],"_rootPartCFrame":[750.43,224.215,44.461,-0.922,0,-0.386,0,1,0,0.386,0,-0.922],"_humanoidState":5,"_cameraCFrame":[747.557,241.594,42.834,-0.879,0.47,-0.083,0,0.174,0.985,0.477,0.866,-0.153],"_shiftlockState":true,"_pose":"FreeFall","_animationQueue":[],"_animationSpeed":1,"_zoom":16.125},{"_mousePosition":[683,384],"_rootPartCFrame":[750.2,223.407,44.597,-0.935,0,-0.356,0,1,0,0.356,0,-0.935],"_humanoidState":5,"_cameraCFrame":[747.44,240.787,42.784,-0.908,0.412,-0.073,0,0.174,0.985,0.418,0.895,-0.158],"_shiftlockState":true,"_pose":"FreeFall","_animationQueue":[],"_animationSpeed":1,"_zoom":16.125},{"_mousePosition":[683,384],"_rootPartCFrame":[749.967,222.545,44.725,-0.925,0,-0.38,0,1,0,0.38,0,-0.925],"_humanoidState":7,"_cameraCFrame":[747.302,239.925,42.775,-0.928,0.366,-0.064,0,0.174,0.985,0.371,0.914,-0.161],"_shiftlockState":true,"_pose":"FreeFall","_animationQueue":[["fall",0.3],["walk",0.1],["fall",0.3],["fall",0.3]],"_animationSpeed":1,"_zoom":16.125},{"_mousePosition":[683,384],"_rootPartCFrame":[749.725,222.39,44.839,-0.93,0,-0.367,0,1,0,0.367,0,-0.93],"_humanoidState":7,"_cameraCFrame":[747.168,239.77,42.75,-0.947,0.317,-0.056,0,0.174,0.985,0.322,0.932,-0.164],"_shiftlockState":true,"_pose":"FreeFall","_animationQueue":[],"_animationSpeed":1,"_zoom":16.125},{"_mousePosition":[683,384],"_rootPartCFrame":[749.417,222.526,44.964,-0.947,0,-0.321,0,1,0,0.321,0,-0.947],"_humanoidState":8,"_cameraCFrame":[746.962,239.906,42.755,-0.961,0.272,-0.048,0,0.174,0.985,0.276,0.947,-0.167],"_shiftlockState":true,"_pose":"Running","_animationQueue":[["walk",0.1],["fall",0.3],["walk",0.1]],"_animationSpeed":1.103,"_zoom":16.125},{"_mousePosition":[683,384],"_rootPartCFrame":[749.165,222.604,45.052,-0.961,0,-0.276,0,1,0,0.276,0,-0.961],"_humanoidState":8,"_cameraCFrame":[746.802,239.983,42.745,-0.972,0.233,-0.041,0,0.174,0.985,0.237,0.957,-0.169],"_shiftlockState":true,"_pose":"Running","_animationQueue":[],"_animationSpeed":1.103,"_zoom":16.125},{"_mousePosition":[683,384],"_rootPartCFrame":[748.909,222.647,45.127,-0.972,0,-0.237,0,1,0,0.237,0,-0.972],"_humanoidState":8,"_cameraCFrame":[746.623,240.027,42.744,-0.979,0.201,-0.036,0,0.174,0.985,0.204,0.964,-0.17],"_shiftlockState":true,"_pose":"Running","_animationQueue":[],"_animationSpeed":1.103,"_zoom":16.125},{"_mousePosition":[683,384],"_rootPartCFrame":[748.65,222.671,45.192,-0.979,0,-0.204,0,1,0,0.204,0,-0.979],"_humanoidState":8,"_cameraCFrame":[746.432,240.051,42.746,-0.984,0.174,-0.031,0,0.174,0.985,0.177,0.969,-0.171],"_shiftlockState":true,"_pose":"Running","_animationQueue":[],"_animationSpeed":1.103,"_zoom":16.125},{"_mousePosition":[683,384],"_rootPartCFrame":[748.39,222.684,45.248,-0.984,0,-0.177,0,1,0,0.177,0,-0.984],"_humanoidState":8,"_cameraCFrame":[746.221,240.064,42.757,-0.988,0.155,-0.027,0,0.174,0.985,0.157,0.973,-0.171],"_shiftlockState":true,"_pose":"Running","_animationQueue":[],"_animationSpeed":1.103,"_zoom":16.125},{"_mousePosition":[683,384],"_rootPartCFrame":[748.127,222.691,45.296,-0.988,0,-0.157,0,1,0,0.157,0,-0.988],"_humanoidState":8,"_cameraCFrame":[746.023,240.071,42.752,-0.991,0.13,-0.023,0,0.174,0.985,0.132,0.976,-0.172],"_shiftlockState":true,"_pose":"Running","_animationQueue":[["walk",0.1]],"_animationSpeed":1.103,"_zoom":16.125},{"_mousePosition":[683,384],"_rootPartCFrame":[747.864,222.695,45.339,-0.991,0,-0.132,0,1,0,0.132,0,-0.991],"_humanoidState":8,"_cameraCFrame":[745.825,240.075,42.742,-0.994,0.105,-0.019,0,0.174,0.985,0.107,0.979,-0.173],"_shiftlockState":true,"_pose":"Running","_animationQueue":[],"_animationSpeed":1.103,"_zoom":16.125},{"_mousePosition":[683,384],"_rootPartCFrame":[747.6,222.697,45.375,-0.994,0,-0.107,0,1,0,0.107,0,-0.994],"_humanoidState":8,"_cameraCFrame":[745.64,240.077,42.717,-0.997,0.076,-0.013,0,0.174,0.985,0.077,0.982,-0.173],"_shiftlockState":true,"_pose":"Running","_animationQueue":[],"_animationSpeed":1.103,"_zoom":16.125},{"_mousePosition":[683,384],"_rootPartCFrame":[747.335,222.698,45.404,-0.997,0,-0.077,0,1,0,0.077,0,-0.997],"_humanoidState":8,"_cameraCFrame":[745.45,240.078,42.693,-0.999,0.048,-0.009,0,0.174,0.985,0.049,0.984,-0.173],"_shiftlockState":true,"_pose":"Running","_animationQueue":[],"_animationSpeed":1.103,"_zoom":16.125},{"_mousePosition":[683,384],"_rootPartCFrame":[747.069,222.699,45.426,-0.999,0,-0.049,0,1,0,0.049,0,-0.999],"_humanoidState":8,"_cameraCFrame":[745.288,240.079,42.646,-1,0.011,-0.002,0,0.174,0.985,0.011,0.985,-0.174],"_shiftlockState":true,"_pose":"Running","_animationQueue":[],"_animationSpeed":1.103,"_zoom":16.125},{"_mousePosition":[683,384],"_rootPartCFrame":[746.803,222.699,45.44,-1,0,-0.011,0,1,0,0.011,0,-1],"_humanoidState":8,"_cameraCFrame":[745.05,240.079,42.642,-1,0.001,0,0,0.174,0.985,0.001,0.985,-0.174],"_shiftlockState":true,"_pose":"Running","_animationQueue":[],"_animationSpeed":1.103,"_zoom":16.125},{"_mousePosition":[683,384],"_rootPartCFrame":[746.536,222.699,45.445,-1,0,-0.001,0,1,0,0.001,0,-1],"_humanoidState":8,"_cameraCFrame":[744.826,240.079,42.62,-1,-0.014,0.002,0,0.174,0.985,-0.014,0.985,-0.174],"_shiftlockState":true,"_pose":"Running","_animationQueue":[["walk",0.1]],"_animationSpeed":1.103,"_zoom":16.125},{"_mousePosition":[683,384],"_rootPartCFrame":[746.27,222.699,45.445,-1,0,0.014,0,1,0,-0.014,0,-1],"_humanoidState":8,"_cameraCFrame":[744.56,240.079,42.621,-1,-0.014,0.002,0,0.174,0.985,-0.014,0.985,-0.174],"_shiftlockState":true,"_pose":"Running","_animationQueue":[],"_animationSpeed":1.103,"_zoom":16.125},{"_mousePosition":[683,384],"_rootPartCFrame":[746.003,222.7,45.442,-1,0,0.014,0,1,0,-0.014,0,-1],"_humanoidState":8,"_cameraCFrame":[744.293,240.079,42.618,-1,-0.014,0.002,0,0.174,0.985,-0.014,0.985,-0.174],"_shiftlockState":true,"_pose":"Running","_animationQueue":[],"_animationSpeed":1.103,"_zoom":16.125},{"_mousePosition":[683,384],"_rootPartCFrame":[745.736,222.7,45.438,-1,0,0.014,0,1,0,-0.014,0,-1],"_humanoidState":8,"_cameraCFrame":[744.026,240.079,42.614,-1,-0.014,0.002,0,0.174,0.985,-0.014,0.985,-0.174],"_shiftlockState":true,"_pose":"Running","_animationQueue":[],"_animationSpeed":1.103,"_zoom":16.125},{"_mousePosition":[683,384],"_rootPartCFrame":[745.47,222.7,45.435,-1,0,0.014,0,1,0,-0.014,0,-1],"_humanoidState":8,"_cameraCFrame":[743.76,240.079,42.61,-1,-0.014,0.002,0,0.174,0.985,-0.014,0.985,-0.174],"_shiftlockState":true,"_pose":"Running","_animationQueue":[],"_animationSpeed":1.103,"_zoom":16.125},{"_mousePosition":[683,384],"_rootPartCFrame":[745.136,222.7,45.43,-1,0,0.014,0,1,0,-0.014,0,-1],"_humanoidState":8,"_cameraCFrame":[743.427,240.079,42.605,-1,-0.014,0.002,0,0.174,0.985,-0.014,0.985,-0.174],"_shiftlockState":true,"_pose":"Running","_animationQueue":[],"_animationSpeed":1.103,"_zoom":16.125},{"_mousePosition":[683,384],"_rootPartCFrame":[744.87,222.7,45.426,-1,0,0.014,0,1,0,-0.014,0,-1],"_humanoidState":8,"_cameraCFrame":[743.167,240.079,42.597,-1,-0.017,0.003,0,0.174,0.985,-0.017,0.985,-0.174],"_shiftlockState":true,"_pose":"Running","_animationQueue":[],"_animationSpeed":1.103,"_zoom":16.125},{"_mousePosition":[683,384],"_rootPartCFrame":[744.603,222.7,45.422,-1,0,0.017,0,1,0,-0.017,0,-1],"_humanoidState":8,"_cameraCFrame":[742.901,240.079,42.593,-1,-0.017,0.003,0,0.174,0.985,-0.017,0.985,-0.174],"_shiftlockState":true,"_pose":"Running","_animationQueue":[["walk",0.1]],"_animationSpeed":1.103,"_zoom":16.125},{"_mousePosition":[683,384],"_rootPartCFrame":[744.337,222.7,45.418,-1,0,0.017,0,1,0,-0.017,0,-1],"_humanoidState":8,"_cameraCFrame":[742.634,240.079,42.589,-1,-0.017,0.003,0,0.174,0.985,-0.017,0.985,-0.174],"_shiftlockState":true,"_pose":"Running","_animationQueue":[],"_animationSpeed":1.103,"_zoom":16.125},{"_mousePosition"