[{"_mousePosition":[764,313],"_rootPartCFrame":[776.026,222.7,47.142,0.001,0,1,0,1,0,-1,0,0.001],"_humanoidState":8,"_cameraCFrame":[775.673,240.134,41.716,-0.998,0.061,-0.021,0,0.323,0.946,0.065,0.944,-0.322],"_shiftlockState":false,"_pose":"Standing","_animationQueue":[],"_animationSpeed":1,"_zoom":16.125},{"_mousePosition":[764,313],"_rootPartCFrame":[775.78,222.7,47.156,-0.007,0,1,0,1,0,-1,0,-0.007],"_humanoidState":8,"_cameraCFrame":[775.422,239.997,42.052,-0.998,0.067,-0.022,0,0.308,0.951,0.07,0.949,-0.307],"_shiftlockState":false,"_pose":"Standing","_animationQueue":[],"_animationSpeed":1,"_zoom":16.125},{"_mousePosition":[764,313],"_rootPartCFrame":[775.514,222.7,47.174,-0.015,0,1,0,1,0,-1,0,-0.015],"_humanoidState":8,"_cameraCFrame":[775.163,239.914,42.332,-0.997,0.069,-0.021,0,0.295,0.955,0.072,0.953,-0.294],"_shiftlockState":false,"_pose":"Running","_animationQueue":[["walk",0.1]],"_animationSpeed":1.066,"_zoom":16.125},{"_mousePosition":[764,313],"_rootPartCFrame":[775.248,222.7,47.192,-0.022,0,1,0,1,0,-1,0,-0.022],"_humanoidState":8,"_cameraCFrame":[774.912,239.871,42.563,-0.997,0.069,-0.021,0,0.284,0.959,0.072,0.956,-0.283],"_shiftlockState":false,"_pose":"Running","_animationQueue":[],"_animationSpeed":1.066,"_zoom":16.125},{"_mousePosition":[764,313],"_rootPartCFrame":[774.982,222.7,47.211,-0.029,0,1,0,1,0,-1,0,-0.029],"_humanoidState":8,"_cameraCFrame":[774.659,239.845,42.755,-0.997,0.07,-0.02,0,0.275,0.962,0.072,0.959,-0.274],"_shiftlockState":false,"_pose":"Running","_animationQueue":[],"_animationSpeed":1.066,"_zoom":16.125},{"_mousePosition":[764,313],"_rootPartCFrame":[774.716,222.7,47.231,-0.035,0,0.999,0,1,0,-0.999,0,-0.035],"_humanoidState":8,"_cameraCFrame":[774.405,239.837,42.94,-0.997,0.07,-0.019,0,0.265,0.964,0.072,0.962,-0.265],"_shiftlockState":false,"_pose":"Running","_animationQueue":[],"_animationSpeed":1.066,"_zoom":16.125},{"_mousePosition":[764,313],"_rootPartCFrame":[774.45,222.7,47.25,-0.04,0,0.999,0,1,0,-0.999,0,-0.04],"_humanoidState":8,"_cameraCFrame":[774.144,239.825,43.028,-0.997,0.07,-0.019,0,0.261,0.965,0.072,0.963,-0.261],"_shiftlockState":false,"_pose":"Running","_animationQueue":[],"_animationSpeed":1.066,"_zoom":16.125},{"_mousePosition":[764,313],"_rootPartCFrame":[774.184,222.7,47.269,-0.044,0,0.999,0,1,0,-0.999,0,-0.044],"_humanoidState":8,"_cameraCFrame":[773.885,239.829,43.144,-0.997,0.07,-0.019,0,0.256,0.967,0.072,0.964,-0.255],"_shiftlockState":false,"_pose":"Running","_animationQueue":[["walk",0.1]],"_animationSpeed":1.066,"_zoom":16.125},{"_mousePosition":[764,313],"_rootPartCFrame":[773.918,222.7,47.289,-0.048,0,0.999,0,1,0,-0.999,0,-0.048],"_humanoidState":8,"_cameraCFrame":[773.628,239.847,43.289,-0.997,0.07,-0.018,0,0.248,0.969,0.072,0.966,-0.248],"_shiftlockState":false,"_pose":"Running","_animationQueue":[],"_animationSpeed":1.066,"_zoom":16.125},{"_mousePosition":[764,313],"_rootPartCFrame":[773.785,222.7,47.298,-0.05,0,0.999,0,1,0,-0.999,0,-0.05],"_humanoidState":8,"_cameraCFrame":[773.504,239.868,43.422,-0.997,0.07,-0.017,0,0.241,0.971,0.072,0.968,-0.24],"_shiftlockState":false,"_pose":"Running","_animationQueue":[],"_animationSpeed":1.066,"_zoom":16.125},{"_mousePosition":[764,313],"_rootPartCFrame":[773.386,222.7,47.327,-0.054,0,0.999,0,1,0,-0.999,0,-0.054],"_humanoidState":8,"_cameraCFrame":[773.133,239.892,43.573,-0.998,0.066,-0.016,0,0.233,0.972,0.067,0.97,-0.233],"_shiftlockState":false,"_pose":"Running","_animationQueue":[],"_animationSpeed":1.066,"_zoom":16.125},{"_mousePosition":[764,313],"_rootPartCFrame":[773.12,222.7,47.347,-0.057,0,0.998,0,1,0,-0.998,0,-0.057],"_humanoidState":8,"_cameraCFrame":[772.891,239.909,43.684,-0.998,0.061,-0.014,0,0.227,0.974,0.062,0.972,-0.227],"_shiftlockState":false,"_pose":"Running","_animationQueue":[],"_animationSpeed":1.066,"_zoom":16.125},{"_mousePosition":[764,313],"_rootPartCFrame":[772.854,222.7,47.365,-0.058,0,0.998,0,1,0,-0.998,0,-0.058],"_humanoidState":8,"_cameraCFrame":[772.649,239.928,43.793,-0.998,0.056,-0.013,0,0.222,0.975,0.057,0.973,-0.221],"_shiftlockState":false,"_pose":"Running","_animationQueue":[],"_animationSpeed":1.066,"_zoom":16.125},{"_mousePosition":[764,313],"_rootPartCFrame":[772.588,222.7,47.381,-0.059,0,0.998,0,1,0,-0.998,0,-0.059],"_humanoidState":8,"_cameraCFrame":[772.413,239.94,43.87,-0.999,0.049,-0.011,0,0.218,0.976,0.05,0.975,-0.218],"_shiftlockState":false,"_pose":"Running","_animationQueue":[],"_animationSpeed":1.066,"_zoom":16.125},{"_mousePosition":[764,313],"_rootPartCFrame":[772.322,222.7,47.397,-0.059,0,0.998,0,1,0,-0.998,0,-0.059],"_humanoidState":8,"_cameraCFrame":[772.186,239.959,43.976,-0.999,0.039,-0.008,0,0.212,0.977,0.04,0.976,-0.212],"_shiftlockState":false,"_pose":"Running","_animationQueue":[["walk",0.1]],"_animationSpeed":1.066,"_zoom":16.125},{"_mousePosition":[764,313],"_rootPartCFrame":[772.055,222.7,47.41,-0.058,0,0.998,0,1,0,-0.998,0,-0.058],"_humanoidState":8,"_cameraCFrame":[771.974,239.978,44.08,-1,0.024,-0.005,0,0.207,0.978,0.024,0.978,-0.206],"_shiftlockState":false,"_pose":"Running","_animationQueue":[],"_animationSpeed":1.066,"_zoom":16.125},{"_mousePosition":[764,313],"_rootPartCFrame":[771.789,223.573,47.423,-0.057,0,0.998,0,1,0,-0.998,0,-0.057],"_humanoidState":3,"_cameraCFrame":[771.734,240.857,44.124,-1,0.016,-0.003,0,0.205,0.979,0.017,0.979,-0.205],"_shiftlockState":false,"_pose":"Jumping","_animationQueue":[["walk",0.1],["jump",0.1]],"_animationSpeed":1,"_zoom":16.125},{"_mousePosition":[764,313],"_rootPartCFrame":[771.523,224.395,47.431,-0.053,0,0.999,0,1,0,-0.999,0,-0.053],"_humanoidState":5,"_cameraCFrame":[769.825,241.686,44.134,-1,-0.016,0.003,0,0.203,0.979,-0.016,0.979,-0.203],"_shiftlockState":true,"_pose":"FreeFall","_animationQueue":[["jump",0.1]],"_animationSpeed":1,"_zoom":16.125},{"_mousePosition":[683,384],"_rootPartCFrame":[771.256,225.162,47.436,-0.994,0,0.109,0,1,0,-0.109,0,-0.994],"_humanoidState":5,"_cameraCFrame":[769.559,242.453,44.139,-1,-0.016,0.003,0,0.203,0.979,-0.016,0.979,-0.203],"_shiftlockState":true,"_pose":"FreeFall","_animationQueue":[],"_animationSpeed":1,"_zoom":16.125},{"_mousePosition":[683,384],"_rootPartCFrame":[770.989,225.875,47.433,-0.99,0,0.144,0,1,0,-0.144,0,-0.99],"_humanoidState":5,"_cameraCFrame":[769.401,243.166,44.082,-0.999,-0.048,0.01,0,0.203,0.979,-0.049,0.978,-0.202],"_shiftlockState":true,"_pose":"FreeFall","_animationQueue":[],"_animationSpeed":1,"_zoom":16.125},{"_mousePosition":[683,384],"_rootPartCFrame":[770.723,226.534,47.429,-0.984,0,0.181,0,1,0,-0.181,0,-0.984],"_humanoidState":5,"_cameraCFrame":[769.235,243.831,44.062,-0.997,-0.078,0.016,0,0.201,0.98,-0.079,0.977,-0.2],"_shiftlockState":true,"_pose":"FreeFall","_animationQueue":[],"_animationSpeed":1,"_zoom":16.125},{"_mousePosition":[683,384],"_rootPartCFrame":[770.456,227.138,47.417,-0.977,0,0.211,0,1,0,-0.211,0,-0.977],"_humanoidState":5,"_cameraCFrame":[769.065,244.447,44.068,-0.994,-0.107,0.022,0,0.197,0.98,-0.109,0.975,-0.196],"_shiftlockState":true,"_pose":"FreeFall","_animationQueue":[],"_animationSpeed":1,"_zoom":16.125},{"_mousePosition":[683,384],"_rootPartCFrame":[770.19,227.687,47.397,-0.971,0,0.241,0,1,0,-0.241,0,-0.971],"_humanoidState":5,"_cameraCFrame":[768.884,245.009,44.071,-0.991,-0.135,0.026,0,0.193,0.981,-0.137,0.972,-0.191],"_shiftlockState":true,"_pose":"FreeFall","_animationQueue":[],"_animationSpeed":1,"_zoom":16.125},{"_mousePosition":[683,384],"_rootPartCFrame":[769.925,228.182,47.369,-0.964,0,0.268,0,1,0,-0.268,0,-0.964],"_humanoidState":5,"_cameraCFrame":[768.69,245.51,44.045,-0.987,-0.157,0.031,0,0.191,0.982,-0.16,0.969,-0.189],"_shiftlockState":true,"_pose":"FreeFall","_animationQueue":[],"_animationSpeed":1,"_zoom":16.125},{"_mousePosition":[683,384],"_rootPartCFrame":[769.661,228.623,47.333,-0.957,0,0.289,0,1,0,-0.289,0,-0.957],"_humanoidState":5,"_cameraCFrame":[768.488,245.956,44.015,-0.984,-0.176,0.034,0,0.189,0.982,-0.18,0.966,-0.186],"_shiftlockState":true,"_pose":"FreeFall","_animationQueue":[],"_animationSpeed":1,"_zoom":16.125},{"_mousePosition":[683,384],"_rootPartCFrame":[769.398,229.009,47.292,-0.951,0,0.309,0,1,0,-0.309,0,-0.951],"_humanoidState":5,"_cameraCFrame":[768.286,246.348,43.981,-0.98,-0.196,0.037,0,0.187,0.982,-0.199,0.963,-0.184],"_shiftlockState":true,"_pose":"FreeFall","_animationQueue":[],"_animationSpeed":1,"_zoom":16.125},{"_mousePosition":[683,384],"_rootPartCFrame":[769.135,229.34,47.245,-0.945,0,0.328,0,1,0,-0.328,0,-0.945],"_humanoidState":5,"_cameraCFrame":[768.084,246.686,43.942,-0.976,-0.215,0.041,0,0.186,0.983,-0.219,0.959,-0.181],"_shiftlockState":true,"_pose":"FreeFall","_animationQueue":[],"_animationSpeed":1,"_zoom":16.125},{"_mousePosition":[683,384],"_rootPartCFrame":[768.874,229.617,47.192,-0.938,0,0.347,0,1,0,-0.347,0,-0.938],"_humanoidState":5,"_cameraCFrame":[767.89,246.968,43.897,-0.97,-0.237,0.044,0,0.184,0.983,-0.241,0.954,-0.178],"_shiftlockState":true,"_pose":"FreeFall","_animationQueue":[],"_animationSpeed":1,"_zoom":16.125},{"_mousePosition":[683,384],"_rootPartCFrame":[768.613,229.84,47.135,-0.93,0,0.368,0,1,0,-0.368,0,-0.93],"_humanoidState":5,"_cameraCFrame":[767.689,247.202,43.877,-0.965,-0.259,0.047,0,0.18,0.984,-0.263,0.949,-0.173],"_shiftlockState":true,"_pose":"FreeFall","_animationQueue":[],"_animationSpeed":1,"_zoom":16.125},{"_mousePosition":[683,384],"_rootPartCFrame":[768.354,230.008,47.071,-0.921,0,0.389,0,1,0,-0.389,0,-0.921],"_humanoidState":5,"_cameraCFrame":[767.536,247.381,43.84,-0.954,-0.295,0.053,0,0.176,0.984,-0.3,0.939,-0.168],"_shiftlockState":true,"_pose":"FreeFall","_animationQueue":[],"_animationSpeed":1,"_zoom":16.125},{"_mousePosition":[683,384],"_rootPartCFrame":[768.097,230.122,47.002,-0.906,0,0.424,0,1,0,-0.424,0,-0.906],"_humanoidState":5,"_cameraCFrame":[767.34,247.502,43.788,-0.947,-0.317,0.056,0,0.174,0.985,-0.322,0.933,-0.164],"_shiftlockState":true,"_pose":"FreeFall","_animationQueue":[],"_animationSpeed":1,"_zoom":16.125},{"_mousePosition":[683,384],"_rootPartCFrame":[767.842,230.181,46.923,-0.896,0,0.445,0,1,0,-0.445,0,-0.896],"_humanoidState":5,"_cameraCFrame":[767.151,247.561,43.694,-0.94,-0.335,0.059,0,0.174,0.985,-0.341,0.926,-0.163],"_shiftlockState":true,"_pose":"FreeFall","_animationQueue":[],"_animationSpeed":1,"_zoom":16.125},{"_mousePosition":[683,384],"_rootPartCFrame":[767.589,230.185,46.838,-0.887,0,0.463,0,1,0,-0.463,0,-0.887],"_humanoidState":5,"_cameraCFrame":[766.939,247.565,43.601,-0.936,-0.347,0.061,0,0.174,0.985,-0.353,0.922,-0.163],"_shiftlockState":true,"_pose":"FreeFall","_animationQueue":[],"_animationSpeed":1,"_zoom":16.125},{"_mousePosition":[683,384],"_rootPartCFrame":[767.338,230.135,46.748,-0.881,0,0.474,0,1,0,-0.474,0,-0.881],"_humanoidState":5,"_cameraCFrame":[766.696,247.515,43.509,-0.935,-0.349,0.062,0,0.174,0.985,-0.355,0.921,-0.162],"_shiftlockState":true,"_pose":"FreeFall","_animationQueue":[],"_animationSpeed":1,"_zoom":16.125},{"_mousePosition":[683,384],"_rootPartCFrame":[767.089,230.031,46.655,-0.879,0,0.476,0,1,0,-0.476,0,-0.879],"_humanoidState":5,"_cameraCFrame":[766.446,247.411,43.416,-0.935,-0.349,0.062,0,0.174,0.985,-0.355,0.921,-0.162],"_shiftlockState":true,"_pose":"FreeFall","_animationQueue":[["fall",0.3]],"_animationSpeed":1,"_zoom":16.125},{"_mousePosition":[683,384],"_rootPartCFrame":[766.839,229.872,46.56,-0.879,0,0.476,0,1,0,-0.476,0,-0.879],"_humanoidState":5,"_cameraCFrame":[766.197,247.252,43.321,-0.935,-0.349,0.062,0,0.174,0.985,-0.355,0.921,-0.162],"_shiftlockState":true,"_pose":"FreeFall","_animationQueue":[],"_animationSpeed":1,"_zoom":16.125},{"_mousePosition":[683,384],"_rootPartCFrame":[766.652,229.717,46.489,-0.895,0,0.446,0,1,0,-0.446,0,-0.895],"_humanoidState":5,"_cameraCFrame":[766.01,247.097,43.25,-0.935,-0.349,0.062,0,0.174,0.985,-0.355,0.921,-0.162],"_shiftlockState":true,"_pose":"FreeFall","_animationQueue":[],"_animationSpeed":1,"_zoom":16.125},{"_mousePosition":[683,384],"_rootPartCFrame":[766.341,229.39,46.371,-0.863,0,0.505,0,1,0,-0.505,0,-0.863],"_humanoidState":5,"_cameraCFrame":[765.707,246.77,43.13,-0.934,-0.352,0.062,0,0.174,0.985,-0.357,0.92,-0.162],"_shiftlockState":true,"_pose":"FreeFall","_animationQueue":[],"_animationSpeed":1,"_zoom":16.125},{"_mousePosition":[683,384],"_rootPartCFrame":[766.091,229.068,46.276,-0.878,0,0.478,0,1,0,-0.478,0,-0.878],"_humanoidState":5,"_cameraCFrame":[765.482,246.448,43.031,-0.931,-0.359,0.063,0,0.174,0.985,-0.364,0.917,-0.162],"_shiftlockState":true,"_pose":"FreeFall","_animationQueue":[],"_animationSpeed":1,"_zoom":16.125},{"_mousePosition":[683,384],"_rootPartCFrame":[765.842,228.691,46.181,-0.875,0,0.485,0,1,0,-0.485,0,-0.875],"_humanoidState":5,"_cameraCFrame":[765.29,246.071,42.926,-0.925,-0.375,0.066,0,0.174,0.985,-0.381,0.911,-0.161],"_shiftlockState":true,"_pose":"FreeFall","_animationQueue":[],"_animationSpeed":1,"_zoom":16.125},{"_mousePosition":[683,384],"_rootPartCFrame":[765.594,228.259,46.084,-0.866,0,0.5,0,1,0,-0.5,0,-0.866],"_humanoidState":5,"_cameraCFrame":[765.133,245.639,42.815,-0.914,-0.4,0.071,0,0.174,0.985,-0.406,0.9,-0.159],"_shiftlockState":true,"_pose":"FreeFall","_animationQueue":[["fall",0.3]],"_animationSpeed":1,"_zoom":16.125},{"_mousePosition":[683,384],"_rootPartCFrame":[765.347,227.773,45.983,-0.852,0,0.524,0,1,0,-0.524,0,-0.852],"_humanoidState":5,"_cameraCFrame":[765.019,245.153,42.698,-0.897,-0.436,0.077,0,0.174,0.985,-0.443,0.883,-0.156],"_shiftlockState":true,"_pose":"FreeFall","_animationQueue":[],"_animationSpeed":1,"_zoom":16.125},{"_mousePosition":[683,384],"_rootPartCFrame":[765.103,227.233,45.876,-0.83,0,0.558,0,1,0,-0.558,0,-0.83],"_humanoidState":5,"_cameraCFrame":[764.95,244.613,42.578,-0.872,-0.483,0.085,0,0.174,0.985,-0.49,0.858,-0.151],"_shiftlockState":true,"_pose":"FreeFall","_animationQueue":[],"_animationSpeed":1,"_zoom":16.125},{"_mousePosition":[683,384],"_rootPartCFrame":[764.863,226.638,45.759,-0.799,0,0.601,0,1,0,-0.601,0,-0.799],"_humanoidState":5,"_cameraCFrame":[764.894,244.018,42.457,-0.843,-0.53,0.093,0,0.174,0.985,-0.538,0.83,-0.146],"_shiftlockState":true,"_pose":"FreeFall","_animationQueue":[],"_animationSpeed":1,"_zoom":16.125},{"_mousePosition":[683,384],"_rootPartCFrame":[764.63,225.988,45.63,-0.764,0,0.645,0,1,0,-0.645,0,-0.764],"_humanoidState":5,"_cameraCFrame":[764.844,243.368,42.335,-0.812,-0.575,0.101,0,0.174,0.985,-0.584,0.8,-0.141],"_shiftlockState":true,"_pose":"FreeFall","_animationQueue":[],"_animationSpeed":1,"_zoom":16.125},{"_mousePosition":[683,384],"_rootPartCFrame":[764.409,225.284,45.492,-0.787,0,0.617,0,1,0,-0.617,0,-0.787],"_humanoidState":7,"_cameraCFrame":[764.764,242.664,42.209,-0.786,-0.609,0.107,0,0.174,0.985,-0.618,0.774,-0.136],"_shiftlockState":true,"_pose":"FreeFall","_animationQueue":[["walk",0.1],["fall",0.3],["fall",0.3]],"_animationSpeed":1,"_zoom":16.125},{"_mousePosition":[683,384],"_rootPartCFrame":[764.196,224.777,45.342,-0.783,0,0.622,0,1,0,-0.622,0,-0.783],"_humanoidState":7,"_cameraCFrame":[764.593,242.157,42.064,-0.778,-0.619,0.109,0,0.174,0.985,-0.628,0.766,-0.135],"_shiftlockState":true,"_pose":"FreeFall","_animationQueue":[["fall",0.3]],"_animationSpeed":1,"_zoom":16.125},{"_mousePosition":[683,384],"_rootPartCFrame":[763.939,224.837,45.141,-0.778,0,0.628,0,1,0,-0.628,0,-0.778],"_humanoidState":8,"_cameraCFrame":[764.361,242.217,41.866,-0.773,-0.624,0.11,0,0.174,0.985,-0.634,0.762,-0.134],"_shiftlockState":true,"_pose":"Running","_animationQueue":[["walk",0.1],["fall",0.3],["walk",0.1]],"_animationSpeed":1.078,"_zoom":16.125},{"_mousePosition":[683,384],"_rootPartCFrame":[763.735,224.873,44.978,-0.773,0,0.634,0,1,0,-0.634,0,-0.773],"_humanoidState":8,"_cameraCFrame":[764.149,242.253,41.702,-0.775,-0.622,0.11,0,0.174,0.985,-0.632,0.763,-0.135],"_shiftlockState":true,"_pose":"Running","_animationQueue":[],"_animationSpeed":1.078,"_zoom":16.125},{"_mousePosition":[683,384],"_rootPartCFrame":[763.533,224.856,44.812,-0.775,0,0.632,0,1,0,-0.632,0,-0.775],"_humanoidState":8,"_cameraCFrame":[763.88,242.236,41.529,-0.788,-0.607,0.107,0,0.174,0.985,-0.616,0.776,-0.137],"_shiftlockState":true,"_pose":"Running","_animationQueue":[],"_animationSpeed":1.078,"_zoom":16.125},{"_mousePosition":[683,384],"_rootPartCFrame":[763.331,224.785,44.647,-0.788,0,0.616,0,1,0,-0.616,0,-0.788],"_humanoidState":8,"_cameraCFrame":[763.595,242.165,41.356,-0.803,-0.587,0.104,0,0.174,0.985,-0.596,0.791,-0.139],"_shiftlockState":true,"_pose":"Running","_animationQueue":[],"_animationSpeed":1.078,"_zoom":16.125},{"_mousePosition":[683,384],"_rootPartCFrame":[763.126,224.675,44.486,-0.803,0,0.596,0,1,0,-0.596,0,-0.803],"_humanoidState":8,"_cameraCFrame":[763.256,242.055,41.186,-0.826,-0.555,0.098,0,0.174,0.985,-0.563,0.814,-0.143],"_shiftlockState":true,"_pose":"Running","_animationQueue":[],"_animationSpeed":1.078,"_zoom":16.125},{"_mousePosition":[683,384],"_rootPartCFrame":[762.917,224.657,44.33,-0.826,0,0.563,0,1,0,-0.563,0,-0.826],"_humanoidState":8,"_cameraCFrame":[762.989,242.037,41.028,-0.836,-0.54,0.095,0,0.174,0.985,-0.548,0.824,-0.145],"_shiftlockState":true,"_pose":"Running","_animationQueue":[["walk",0.1]],"_animationSpeed":1.078,"_zoom":16.125},{"_mousePosition":[683,384],"_rootPartCFrame":[762.703,224.62,44.182,-0.836,0,0.548,0,1,0,-0.548,0,-0.836],"_humanoidState":8,"_cameraCFrame":[762.574,242,40.882,-0.868,-0.489,0.086,0,0.174,0.985,-0.497,0.855,-0.151],"_shiftlockState":true,"_pose":"Running","_animationQueue":[],"_animationSpeed":1.078,"_zoom":16.125},{"_mousePosition":[683,384],"_rootPartCFrame":[762.488,225.493,44.035,-0.868,0,0.497,0,1,0,-0.497,0,-0.868],"_humanoidState":3,"_cameraCFrame":[762.209,242.873,40.745,-0.89,-0.45,0.079,0,0.174,0.985,-0.457,0.876,-0.154],"_shiftlockState":true,"_pose":"Jumping","_animationQueue":[["walk",0.1],["jump",0.1]],"_animationSpeed":1,"_zoom":16.125},{"_mousePosition":[683,384],"_rootPartCFrame":[762.26,226.315,43.899,-0.844,0,0.536,0,1,0,-0.536,0,-0.844],"_humanoidState":5,"_cameraCFrame":[761.815,243.695,40.628,-0.912,-0.405,0.071,0,0.174,0.985,-0.411,0.898,-0.158],"_shiftlockState":true,"_pose":"FreeFall","_animationQueue":[["jump",0.1]],"_animationSpeed":1,"_zoom":16.125},{"_mousePosition":[683,384],"_rootPartCFrame":[762.024,227.082,43.776,-0.851,0,0.524,0,1,0,-0.524,0,-0.851],"_humanoidState":5,"_cameraCFrame":[761.414,244.462,40.531,-0.931,-0.359,0.063,0,0.174,0.985,-0.364,0.917,-0.162],"_shiftlockState":true,"_pose":"FreeFall","_animationQueue":[],"_animationSpeed":1,"_zoom":16.125},{"_mousePosition":[683,384],"_rootPartCFrame":[761.781,227.795,43.665,-0.875,0,0.484,0,1,0,-0.484,0,-0.875],"_humanoidState":5,"_cameraCFrame":[760.992,245.175,40.458,-0.95,-0.307,0.054,0,0.174,0.985,-0.312,0.936,-0.165],"_shiftlockState":true,"_pose":"FreeFall","_animationQueue":[],"_animationSpeed":1,"_zoom":16.125},{"_mousePosition":[683,384],"_rootPartCFrame":[761.534,228.454,43.566,-0.9,0,0.435,0,1,0,-0.435,0,-0.9],"_humanoidState":5,"_cameraCFrame":[760.567,245.834,40.408,-0.966,-0.255,0.045,0,0.174,0.985,-0.259,0.951,-0.168],"_shiftlockState":true,"_pose":"FreeFall","_animationQueue":[],"_animationSpeed":1,"_zoom":16.125},{"_mousePosition":[683,384],"_rootPartCFrame":[761.281,229.058,43.48,-0.923,0,0.385,0,1,0,-0.385,0,-0.923],"_humanoidState":5,"_cameraCFrame":[760.125,246.438,40.387,-0.98,-0.196,0.035,0,0.174,0.985,-0.199,0.965,-0.17],"_shiftlockState":true,"_pose":"FreeFall","_animationQueue":[],"_animationSpeed":1,"_zoom":16.125},{"_mousePosition":[683,384],"_rootPartCFrame":[761.024,229.607,43.409,-0.945,0,0.328,0,1,0,-0.328,0,-0.945],"_humanoidState":5,"_cameraCFrame":[759.69,246.987,40.389,-0.99,-0.14,0.025,0,0.174,0.985,-0.142,0.975,-0.172],"_shiftlockState":true,"_pose":"FreeFall","_animationQueue":[],"_animationSpeed":1,"_zoom":16.125},{"_mousePosition":[683,384],"_rootPartCFrame":[760.764,230.102,43.354,-0.962,0,0.272,0,1,0,-0.272,0,-0.962],"_humanoidState":5,"_cameraCFrame":[759.234,247.482,40.427,-0.997,-0.076,0.013,0,0.174,0.985,-0.077,0.982,-0.173],"_shiftlockState":true,"_pose":"FreeFall","_animationQueue":[],"_animationSpeed":1,"_zoom":16.125},{"_mousePosition":[683,384],"_rootPartCFrame":[760.5,230.543,43.313,-0.978,0,0.209,0,1,0,-0.209,0,-0.978],"_humanoidState":5,"_cameraCFrame":[758.788,247.923,40.49,-1,-0.013,0.002,0,0.174,0.985,-0.014,0.985,-0.174],"_shiftlockState":true,"_pose":"FreeFall","_animationQueue":[],"_animationSpeed":1,"_zoom":16.125},{"_mousePosition":[683,384],"_rootPartCFrame":[760.234,230.929,43.29,-0.989,0,0.146,0,1,0,-0.146,0,-0.989],"_humanoidState":5,"_cameraCFrame":[758.341,248.309,40.585,-0.999,0.051,-0.009,0,0.174,0.985,0.052,0.983,-0.173],"_shiftlockState":true,"_pose":"FreeFall","_animationQueue":[],"_animationSpeed":1,"_zoom":16.125},{"_mousePosition":[683,384],"_rootPartCFrame":[759.968,231.26,43.283,-0.997,0,0.081,0,1,0,-0.081,0,-0.997],"_humanoidState":5,"_cameraCFrame":[757.907,248.64,40.704,-0.993,0.114,-0.02,0,0.174,0.985,0.115,0.978,-0.172],"_shiftlockState":true,"_pose":"FreeFall","_animationQueue":[],"_animationSpeed":1,"_zoom":16.125},{"_mousePosition":[683,384],"_rootPartCFrame":[759.701,231.537,43.294,-1,0,0.018,0,1,0,-0.018,0,-1],"_humanoidState":5,"_cameraCFrame":[757.42,248.917,40.907,-0.979,0.2,-0.035,0,0.174,0.985,0.203,0.964,-0.17],"_shiftlockState":true,"_pose":"FreeFall","_animationQueue":[],"_animationSpeed":1,"_zoom":16.125},{"_mousePosition":[683,384],"_rootPartCFrame":[759.436,231.76,43.322,-0.997,0,-0.071,0,1,0,0.071,0,-0.997],"_humanoidState":5,"_cameraCFrame":[757.037,249.14,41.053,-0.968,0.248,-0.044,0,0.174,0.985,0.252,0.953,-0.168],"_shiftlockState":true,"_pose":"FreeFall","_animationQueue":[],"_animationSpeed":1,"_zoom":16.125},{"_mousePosition":[683,384],"_rootPartCFrame":[759.174,231.928,43.371,-0.993,0,-0.121,0,1,0,0.121,0,-0.993],"_humanoidState":5,"_cameraCFrame":[756.685,249.308,41.201,-0.957,0.287,-0.051,0,0.174,0.985,0.291,0.942,-0.166],"_shiftlockState":true,"_pose":"FreeFall","_animationQueue":[],"_animationSpeed":1,"_zoom":16.125},{"_mousePosition":[683,384],"_rootPartCFrame":[758.916,232.041,43.436,-0.987,0,-0.161,0,1,0,0.161,0,-0.987],"_humanoidState":5,"_cameraCFrame":[756.362,249.421,41.342,-0.947,0.315,-0.056,0,0.174,0.985,0.32,0.933,-0.165],"_shiftlockState":true,"_pose":"FreeFall","_animationQueue":[],"_animationSpeed":1,"_zoom":16.125},{"_mousePosition":[683,384],"_rootPartCFrame":[758.66,232.1,43.512,-0.982,0,-0.191,0,1,0,0.191,0,-0.982],"_humanoidState":5,"_cameraCFrame":[756.085,249.48,41.444,-0.944,0.324,-0.057,0,0.174,0.985,0.329,0.93,-0.164],"_shiftlockState":true,"_pose":"FreeFall","_animationQueue":[],"_animationSpeed":1,"_zoom":16.125},{"_mousePosition":[683,384],"_rootPartCFrame":[758.421,232.105,43.608,-0.976,0,-0.219,0,1,0,0.219,0,-0.976],"_humanoidState":5,"_cameraCFrame":[755.846,249.485,41.541,-0.944,0.324,-0.057,0,0.174,0.985,0.329,0.93,-0.164],"_shiftlockState":true,"_pose":"FreeFall","_animationQueue":[],"_animationSpeed":1,"_zoom":16.125},{"_mousePosition":[683,384],"_rootPartCFrame":[758.208,232.055,43.735,-0.974,0,-0.228,0,1,0,0.228,0,-0.974],"_humanoidState":5,"_cameraCFrame":[755.628,249.435,41.674,-0.943,0.327,-0.058,0,0.174,0.985,0.332,0.929,-0.164],"_shiftlockState":true,"_pose":"FreeFall","_animationQueue":[],"_animationSpeed":1,"_zoom":16.125},{"_mousePosition":[683,384],"_rootPartCFrame":[758.02,231.951,43.891,-0.973,0,-0.231,0,1,0,0.231,0,-0.973],"_humanoidState":5,"_cameraCFrame":[755.482,249.331,41.779,-0.95,0.308,-0.054,0,0.174,0.985,0.313,0.935,-0.165],"_shiftlockState":true,"_pose":"FreeFall","_animationQueue":[],"_animationSpeed":1,"_zoom":16.125},{"_mousePosition":[683,384],"_rootPartCFrame":[757.859,231.792,44.078,-0.977,0,-0.213,0,1,0,0.213,0,-0.977],"_humanoidState":5,"_cameraCFrame":[755.414,249.172,41.858,-0.962,0.267,-0.047,0,0.174,0.985,0.272,0.948,-0.167],"_shiftlockState":true,"_pose":"FreeFall","_animationQueue":[["fall",0.3]],"_animationSpeed":1,"_zoom":16.125},{"_mousePosition":[683,384],"_rootPartCFrame":[757.722,231.578,44.296,-0.985,0,-0.174,0,1,0,0.174,0,-0.985],"_humanoidState":5,"_cameraCFrame":[755.423,248.958,41.926,-0.978,0.207,-0.036,0,0.174,0.985,0.21,0.963,-0.17],"_shiftlockState":true,"_pose":"FreeFall","_animationQueue":[],"_animationSpeed":1,"_zoom":16.125},{"_mousePosition":[683,384],"_rootPartCFrame":[757.62,231.31,44.528,-0.983,0,-0.186,0,1,0,0.186,0,-0.983],"_humanoidState":5,"_cameraCFrame":[755.522,248.685,41.944,-0.992,0.126,-0.022,0,0.176,0.984,0.128,0.976,-0.174],"_shiftlockState":true,"_pose":"FreeFall","_animationQueue":[],"_animationSpeed":1,"_zoom":16.125},{"_mousePosition":[683,384],"_rootPartCFrame":[757.556,230.988,44.767,-0.991,0,-0.134,0,1,0,0.134,0,-0.991],"_humanoidState":5,"_cameraCFrame":[755.723,248.362,41.989,-1,0.029,-0.005,0,0.176,0.984,0.029,0.984,-0.175],"_shiftlockState":true,"_pose":"FreeFall","_animationQueue":[],"_animationSpeed":1,"_zoom":16.125},{"_mousePosition":[683,384],"_rootPartCFrame":[757.531,230.611,45.015,-0.999,0,-0.041,0,1,0,0.041,0,-0.999],"_humanoidState":5,"_cameraCFrame":[756.186,247.985,41.971,-0.991,-0.135,0.024,0,0.176,0.984,-0.137,0.975,-0.174],"_shiftlockState":true,"_pose":"FreeFall","_animationQueue":[],"_animationSpeed":1,"_zoom":16.125},{"_mousePosition":[683,384],"_rootPartCFrame":[757.535,230.179,45.279,-0.993,0,0.118,0,1,0,-0.118,0,-0.993],"_humanoidState":5,"_cameraCFrame":[756.56,247.554,42.096,-0.967,-0.25,0.045,0,0.176,0.984,-0.254,0.952,-0.17],"_shiftlockState":true,"_pose":"FreeFall","_animationQueue":[],"_animationSpeed":1,"_zoom":16.125},{"_mousePosition":[683,384],"_rootPartCFrame":[757.518,229.693,45.544,-0.972,0,0.237,0,1,0,-0.237,0,-0.972],"_humanoidState":5,"_cameraCFrame":[756.908,247.073,42.299,-0.931,-0.359,0.063,0,0.174,0.985,-0.364,0.917,-0.162],"_shiftlockState":true,"_pose":"FreeFall","_animationQueue":[["fall",0.3]],"_animationSpeed":1,"_zoom":16.125},{"_mousePosition":[683,384],"_rootPartCFrame":[757.464,229.153,45.804,-0.937,0,0.35,0,1,0,-0.35,0,-0.937],"_humanoidState":5,"_cameraCFrame":[757.227,246.533,42.511,-0.884,-0.461,0.081,0,0.174,0.985,-0.468,0.87,-0.153],"_shiftlockState":true,"_pose":"FreeFall","_animationQueue":[],"_animationSpeed":1,"_zoom":16.125},{"_mousePosition":[683,384],"_rootPartCFrame":[757.377,228.558,46.056,-0.891,0,0.454,0,1,0,-0.454,0,-0.891],"_humanoidState":5,"_cameraCFrame":[757.524,245.938,42.757,-0.824,-0.559,0.099,0,0.174,0.985,-0.567,0.811,-0.143],"_shiftlockState":true,"_pose":"FreeFall","_animationQueue":[],"_animationSpeed":1,"_zoom":16.125},{"_mousePosition":[683,384],"_rootPartCFrame":[757.262,227.908,46.296,-0.832,0,0.555,0,1,0,-0.555,0,-0.832],"_humanoidState":5,"_cameraCFrame":[757.783,245.288,43.035,-0.754,-0.647,0.114,0,0.174,0.985,-0.657,0.742,-0.131],"_shiftlockState":true,"_pose":"FreeFall","_animationQueue":[],"_animationSpeed":1,"_zoom":16.125},{"_mousePosition":[683,384],"_rootPartCFrame":[757.12,227.204,46.521,-0.764,0,0.646,0,1,0,-0.646,0,-0.764],"_humanoidState":5,"_cameraCFrame":[758.008,244.584,43.341,-0.674,-0.727,0.128,0,0.174,0.985,-0.739,0.664,-0.117],"_shiftlockState":true,"_pose":"FreeFall","_animationQueue":[],"_animationSpeed":1,"_zoom":16.125},{"_mousePosition":[683,384],"_rootPartCFrame":[756.952,226.446,46.728,-0.685,0,0.728,0,1,0,-0.728,0,-0.685],"_humanoidState":5,"_cameraCFrame":[758.196,243.826,43.669,-0.586,-0.798,0.141,0,0.174,0.985,-0.81,0.577,-0.102],"_shiftlockState":true,"_pose":"FreeFall","_animationQueue":[],"_animationSpeed":1,"_zoom":16.125},{"_mousePosition":[683,384],"_rootPartCFrame":[756.763,225.633,46.915,-0.598,0,0.801,0,1,0,-0.801,0,-0.598],"_humanoidState":5,"_cameraCFrame":[758.339,243.013,44.013,-0.492,-0.857,0.151,0,0.174,0.985,-0.87,0.485,-0.085],"_shiftlockState":true,"_pose":"FreeFall","_animationQueue":[],"_animationSpeed":1,"_zoom":16.125},{"_mousePosition":[683,384],"_rootPartCFrame":[756.553,224.765,47.079,-0.505,0,0.863,0,1,0,-0.863,0,-0.505],"_humanoidState":5,"_cameraCFrame":[758.428,242.145,44.361,-0.397,-0.904,0.159,0,0.174,0.985,-0.918,0.391,-0.069],"_shiftlockState":true,"_pose":"FreeFall","_animationQueue":[["fall",0.3]],"_animationSpeed":1,"_zoom":16.125},{"_mousePosition":[683,384],"_rootPartCFrame":[756.326,223.843,47.218,-0.41,0,0.912,0,1,0,-0.912,0,-0.41],"_humanoidState":5,"_cameraCFrame":[758.585,241.223,44.809,-0.256,-0.952,0.168,0,0.174,0.985,-0.967,0.252,-0.044],"_shiftlockState":true,"_pose":"FreeFall","_animationQueue":[],"_animationSpeed":1,"_zoom":16.125},{"_mousePosition":[683,384],"_rootPartCFrame":[756.089,222.867,47.325,-0.253,0,0.967,0,1,0,-0.967,0,-0.253],"_humanoidState":7,"_cameraCFrame":[758.552,240.247,45.126,-0.17,-0.971,0.171,0,0.174,0.985,-0.986,0.167,-0.029],"_shiftlockState":true,"_pose":"FreeFall","_animationQueue":[["walk",0.1],["fall",0.3],["fall",0.3]],"_animationSpeed":1,"_zoom":16.125},{"_mousePosition":[683,384],"_rootPartCFrame":[755.842,222.681,47.397,-0.167,0,0.986,0,1,0,-0.986,0,-0.167],"_humanoidState":7,"_cameraCFrame":[758.459,240.061,45.384,-0.097,-0.98,0.173,0,0.174,0.985,-0.995,0.095,-0.017],"_shiftlockState":true,"_pose":"FreeFall","_animationQueue":[],"_animationSpeed":1,"_zoom":16.125},{"_mousePosition":[683,384],"_rootPartCFrame":[755.525,222.703,47.455,-0.097,0,0.995,0,1,0,-0.995,0,-0.097],"_humanoidState":8,"_cameraCFrame":[758.286,240.077,45.596,-0.039,-0.984,0.175,0,0.176,0.984,-0.999,0.038,-0.007],"_shiftlockState":true,"_pose":"Running","_animationQueue":[["walk",0.1],["fall",0.3],["walk",0.1]],"_animationSpeed":1.068,"_zoom":16.125},{"_mousePosition":[683,384],"_rootPartCFrame":[755.269,222.685,47.482,-0.039,0,0.999,0,1,0,-0.999,0,-0.039],"_humanoidState":8,"_cameraCFrame":[758.2,240.043,45.745,0.004,-0.983,0.181,0,0.181,0.983,-1,-0.004,0.001],"_shiftlockState":true,"_pose":"Running","_animationQueue":[],"_animationSpeed":1.068,"_zoom":16.125},{"_mousePosition":[683,384],"_rootPartCFrame":[755.011,222.612,47.495,0.004,0,1,0,1,0,-1,0,0.004],"_humanoidState":8,"_cameraCFrame":[758.051,239.959,45.841,0.032,-0.982,0.185,0,0.185,0.983,-0.999,-0.031,0.006],"_shiftlockState":true,"_pose":"Running","_animationQueue":[["walk",0.1]],"_animationSpeed":1.068,"_zoom":16.125},{"_mousePosition":[683,384],"_rootPartCFrame":[754.754,222.499,47.495,0.032,0,0.999,0,1,0,-0.999,0,0.032],"_humanoidState":8,"_cameraCFrame":[757.854,239.839,45.897,0.05,-0.981,0.187,0,0.187,0.982,-0.999,-0.049,0.009],"_shiftlockState":true,"_pose":"Running","_animationQueue":[],"_animationSpeed":1.068,"_zoom":16.125},{"_mousePosition":[683,384],"_rootPartCFrame":[754.496,222.427,47.488,0.05,0,0.999,0,1,0,-0.999,0,0.05],"_humanoidState":8,"_cameraCFrame":[757.643,239.761,45.923,0.06,-0.98,0.189,0,0.189,0.982,-0.998,-0.059,0.011],"_shiftlockState":true,"_pose":"Running","_animationQueue":[],"_animationSpeed":1.068,"_zoom":16.125},{"_mousePosition":[683,384],"_rootPartCFrame":[754.239,222.418,47.476,0.06,0,0.998,0,1,0,-0.998,0,0.06],"_humanoidState":8,"_cameraCFrame":[757.424,239.747,45.929,0.065,-0.98,0.19,0,0.191,0.982,-0.998,-0.064,0.012],"_shiftlockState":true,"_pose":"Running","_animationQueue":[],"_animationSpeed":1.068,"_zoom":16.125},{"_mousePosition":[683,384],"_rootPartCFrame":[753.982,222.386,47.461,0.065,0,0.998,0,1,0,-0.998,0,0.065],"_humanoidState":8,"_cameraCFrame":[757.209,239.709,45.941,0.072,-0.979,0.192,0,0.193,0.981,-0.997,-0.071,0.014],"_shiftlockState":true,"_pose":"Running","_animationQueue":[],"_animationSpeed":1.068,"_zoom":16.125},{"_mousePosition":[683,384],"_rootPartCFrame":[753.789,222.355,47.448,0.072,0,0.997,0,1,0,-0.997,0,0.072],"_humanoidState":8,"_cameraCFrame":[757.093,239.665,45.966,0.083,-0.977,0.196,0,0.197,0.98,-0.997,-0.081,0.016],"_shiftlockState":true,"_pose":"Running","_animationQueue":[],"_animationSpeed":1.068,"_zoom":16.125},{"_mousePosition":[683,384],"_rootPartCFrame":[753.468,222.235,47.425,0.083,0,0.997,0,1,0,-0.997,0,0.083],"_humanoidState":8,"_cameraCFrame":[756.848,239.533,45.982,0.093,-0.975,0.2,0,0.2,0.98,-0.996,-0.091,0.019],"_shiftlockState":true,"_pose":"Running","_animationQueue":[],"_animationSpeed":1.068,"_zoom":16.125},{"_mousePosition":[683,384],"_rootPartCFrame":[753.211,222.173,47.405,0.093,0,0.996,0,1,0,-0.996,0,0.093],"_humanoidState":8,"_cameraCFrame":[756.678,239.458,46.028,0.11,-0.973,0.203,0,0.204,0.979,-0.994,-0.108,0.023],"_shiftlockState":true,"_pose":"Running","_animationQueue":[["walk",0.1]],"_animationSpeed":1.068,"_zoom":16.125},{"_mousePosition":[683,384],"_rootPartCFrame":[752.954,223.046,47.383,0.11,0,0.994,0,1,0,-0.994,0,0.11],"_humanoidState":3,"_cameraCFrame":[756.492,240.318,46.041,0.118,-0.971,0.207,0,0.208,0.978,-0.993,-0.115,0.025],"_shiftlockState":true,"_pose":"Jumping","_animationQueue":[["walk",0.1],["jump",0.1]],"_animationSpeed":1,"_zoom":16.125},{"_mousePosition":[683,384],"_rootPartCFrame":[752.69,223.868,47.355,0.117,0,0.993,0,1,0,-0.993,0,0.117],"_humanoidState":5,"_cameraCFrame":[756.288,241.134,46.098,0.14,-0.968,0.208,0,0.21,0.978,-0.99,-0.137,0.029],"_shiftlockState":true,"_pose":"FreeFall","_animationQueue":[["jump",0.1]],"_animationSpeed":1,"_zoom":16.125},{"_mousePosition":[683,384],"_rootPartCFrame":[752.425,224.636,47.324,0.138,0,0.99,0,1,0,-0.99,0,0.138],"_humanoidState":5,"_cameraCFrame":[756.1,241.888,46.122,0.153,-0.965,0.211,0,0.214,0.977,-0.988,-0.149,0.033],"_shiftlockState":true,"_pose":"FreeFall","_animationQueue":[],"_animationSpeed":1,"_zoom":16.125},{"_mousePosition":[683,384],"_rootPartCFrame":[752.161,225.349,47.287,0.151,0,0.989,0,1,0,-0.989,0,0.151],"_humanoidState":5,"_cameraCFrame":[755.875,242.594,46.118,0.16,-0.964,0.213,0,0.216,0.976,-0.987,-0.157,0.035],"_shiftlockState":true,"_pose":"FreeFall","_animationQueue":[],"_animationSpeed":1,"_zoom":16.125},{"_mousePosition":[683,384],"_rootPartCFrame":[751.898,226.007,47.247,0.159,0,0.987,0,1,0,-0.987,0,0.159],"_humanoidState":5,"_cameraCFrame":[755.611,243.253,46.078,0.16,-0.964,0.213,0,0.216,0.976,-0.987,-0.157,0.035],"_shiftlockState":true,"_pose":"FreeFall","_animationQueue":[],"_animationSpeed":1,"_zoom":16.125},{"_mousePosition":[683,384],"_rootPartCFrame":[751.7,226.465,47.215,0.16,0,0.987,0,1,0,-0.987,0,0.16],"_humanoidState":5,"_cameraCFrame":[755.447,243.704,46.06,0.163,-0.963,0.215,0,0.218,0.976,-0.987,-0.159,0.035],"_shiftlockState":true,"_pose":"FreeFall","_animationQueue":[],"_animationSpeed":1,"_zoom":16.125},{"_mousePosition":[683,384],"_rootPartCFrame":[751.437,227.029,47.173,0.163,0,0.987,0,1,0,-0.987,0,0.163],"_humanoidState":5,"_cameraCFrame":[755.184,244.267,46.018,0.163,-0.963,0.215,0,0.218,0.976,-0.987,-0.159,0.035],"_shiftlockState":true,"_pose":"FreeFall","_animationQueue":[],"_animationSpeed":1,"_zoom":16.125},{"_mousePosition":[683,384],"_rootPartCFrame":[751.174,227.537,47.129,0.163,0,0.987,0,1,0,-0.987,0,0.163],"_humanoidState":5,"_cameraCFrame":[754.921,244.776,45.974,0.163,-0.963,0.215,0,0.218,0.976,-0.987,-0.159,0.035],"_shiftlockState":true,"_pose":"FreeFall","_animationQueue":[],"_animationSpeed":1,"_zoom":16.125},{"_mousePosition":[683,384],"_rootPartCFrame":[750.911,227.991,47.086,0.163,0,0.987,0,1,0,-0.987,0,0.163],"_humanoidState":5,"_cameraCFrame":[754.652,245.23,45.912,0.158,-0.964,0.215,0,0.218,0.976,-0.987,-0.154,0.034],"_shiftlockState":true,"_pose":"FreeFall","_animationQueue":[],"_animationSpeed":1,"_zoom":16.125},{"_mousePosition":[683,384],"_rootPartCFrame":[750.647,228.391,47.042,0.158,0,0.987,0,1,0,-0.987,0,0.158],"_humanoidState":5,"_cameraCFrame":[754.376,245.63,45.831,0.148,-0.965,0.215,0,0.218,0.976,-0.989,-0.144,0.032],"_shiftlockState":true,"_pose":"FreeFall","_animationQueue":[],"_animationSpeed":1,"_zoom":16.125},{"_mousePosition":[683,384],"_rootPartCFrame":[750.384,228.736,47,0.149,0,0.989,0,1,0,-0.989,0,0.149],"_humanoidState":5,"_cameraCFrame":[754.091,245.975,45.722,0.13,-0.968,0.216,0,0.218,0.976,-0.991,-0.127,0.028],"_shiftlockState":true,"_pose":"FreeFall","_animationQueue":[],"_animationSpeed":1,"_zoom":16.125},{"_mousePosition":[683,384],"_rootPartCFrame":[750.055,229.091,46.95,0.133,0,0.991,0,1,0,-0.991,0,0.133],"_humanoidState":5,"_cameraCFrame":[753.676,246.336,45.521,0.09,-0.972,0.215,0,0.216,0.976,-0.996,-0.088,0.019],"_shiftlockState":true,"_pose":"FreeFall","_animationQueue":[],"_animationSpeed":1,"_zoom":16.125},{"_mousePosition":[683,384],"_rootPartCFrame":[749.79,229.313,46.915,0.095,0,0.996,0,1,0,-0.996,0,0.095],"_humanoidState":5,"_cameraCFrame":[753.359,246.559,45.358,0.055,-0.975,0.215,0,0.216,0.976,-0.998,-0.054,0.012],"_shiftlockState":true,"_pose":"FreeFall","_animationQueue":[],"_animationSpeed":1,"_zoom":16.125},{"_mousePosition":[683,384],"_rootPartCFrame":[749.525,229.481,46.889,0.06,0,0.998,0,1,0,-0.998,0,0.06],"_humanoidState":5,"_cameraCFrame":[752.979,246.74,45.215,0.022,-0.977,0.212,0,0.212,0.977,-1,-0.021,0.005],"_shiftlockState":true,"_pose":"FreeFall","_animationQueue":[],"_animationSpeed":1,"_zoom":16.125},{"_mousePosition":[683,384],"_rootPartCFrame":[749.259,229.595,46.873,0.026,0,1,0,1,0,-1,0,0.026],"_humanoidState":5,"_cameraCFrame":[752.612,246.867,45.12,-0.001,-0.978,0.208,0,0.208,0.978,-1,0.001,0],"_shiftlockState":true,"_pose":"FreeFall","_animationQueue":[],"_animationSpeed":1,"_zoom":16.125},{"_mousePosition":[683,384],"_rootPartCFrame":[748.992,229.654,46.866,0.003,0,1,0,1,0,-1,0,0.003],"_humanoidState":5,"_cameraCFrame":[752.332,246.926,45.088,-0.008,-0.978,0.208,0,0.208,0.978,-1,0.008,-0.002],"_shiftlockState":true,"_pose":"FreeFall","_animationQueue":[],"_animationSpeed":1,"_zoom":16.125},{"_mousePosition":[683,384],"_rootPartCFrame":[748.725,229.659,46.865,-0.007,0,1,0,1,0,-1,0,-0.007],"_humanoidState":5,"_cameraCFrame":[752.066,246.931,45.087,-0.008,-0.978,0.208,0,0.208,0.978,-1,0.008,-0.002],"_shiftlockState":true,"_pose":"FreeFall","_animationQueue":[],"_animationSpeed":1,"_zoom":16.125},{"_mousePosition":[683,384],"_rootPartCFrame":[748.459,229.609,46.867,-0.008,0,1,0,1,0,-1,0,-0.008],"_humanoidState":5,"_cameraCFrame":[751.759,246.887,45.073,-0.014,-0.978,0.206,0,0.206,0.979,-1,0.013,-0.003],"_shiftlockState":true,"_pose":"FreeFall","_animationQueue":[],"_animationSpeed":1,"_zoom":16.125},{"_mousePosition":[683,384],"_rootPartCFrame":[748.192,229.504,46.87,-0.013,0,1,0,1,0,-1,0,-0.013],"_humanoidState":5,"_cameraCFrame":[751.493,246.783,45.075,-0.014,-0.978,0.206,0,0.206,0.979,-1,0.013,-0.003],"_shiftlockState":true,"_pose":"FreeFall","_animationQueue":[],"_animationSpeed":1,"_zoom":16.125},{"_mousePosition":[683,384],"_rootPartCFrame":[747.926,229.345,46.873,-0.013,0,1,0,1,0,-1,0,-0.013],"_humanoidState":5,"_cameraCFrame":[751.226,246.624,45.078,-0.014,-0.978,0.206,0,0.206,0.979,-1,0.013,-0.003],"_shiftlockState":true,"_pose":"FreeFall","_animationQueue":[["fall",0.3]],"_animationSpeed":1,"_zoom":16.125},{"_mousePosition":[683,384],"_rootPartCFrame":[747.726,229.19,46.876,-0.013,0,1,0,1,0,-1,0,-0.013],"_humanoidState":5,"_cameraCFrame":[751.026,246.469,45.081,-0.014,-0.978,0.206,0,0.206,0.979,-1,0.013,-0.003],"_shiftlockState":true,"_pose":"FreeFall","_animationQueue":[],"_animationSpeed":1,"_zoom":16.125},{"_mousePosition":[683,384],"_rootPartCFrame":[747.392,228.864,46.88,-0.013,0,1,0,1,0,-1,0,-0.013],"_humanoidState":5,"_cameraCFrame":[750.667,246.149,45.094,-0.011,-0.979,0.204,0,0.204,0.979,-1,0.011,-0.002],"_shiftlockState":true,"_pose":"FreeFall","_animationQueue":[],"_animationSpeed":1,"_zoom":16.125},{"_mousePosition":[683,384],"_rootPartCFrame":[747.126,228.541,46.884,-0.011,0,1,0,1,0,-1,0,-0.011],"_humanoidState":5,"_cameraCFrame":[750.405,245.826,45.106,-0.008,-0.979,0.204,0,0.204,0.979,-1,0.008,-0.002],"_shiftlockState":true,"_pose":"FreeFall","_animationQueue":[],"_animationSpeed":1,"_zoom":16.125},{"_mousePosition":[683,384],"_rootPartCFrame":[746.859,228.164,46.887,-0.009,0,1,0,1,0,-1,0,-0.009],"_humanoidState":5,"_cameraCFrame":[750.121,245.456,45.134,-0.001,-0.979,0.202,0,0.202,0.979,-1,0.001,0],"_shiftlockState":true,"_pose":"FreeFall","_animationQueue":[],"_animationSpeed":1,"_zoom":16.125},{"_mousePosition":[683,384],"_rootPartCFrame":[746.634,228.152,46.889,-0.001,0,1,0,1,0,-1,0,-0.001],"_humanoidState":7,"_cameraCFrame":[749.869,245.45,45.144,0.002,-0.98,0.2,0,0.2,0.98,-1,-0.002,0],"_shiftlockState