[{"_mousePosition":[948,477],"_rootPartCFrame":[776.028,222.7,47.142,0,0,1,0,1,0,-1,0,0],"_humanoidState":8,"_cameraCFrame":[785.32,237.375,46.878,-0.028,-0.817,0.576,0,0.577,0.817,-1,0.023,-0.016],"_shiftlockState":false,"_pose":"Standing","_animationQueue":[],"_animationSpeed":1,"_zoom":16.125},{"_mousePosition":[948,477],"_rootPartCFrame":[775.781,222.7,47.149,-0.004,0,1,0,1,0,-1,0,-0.004],"_humanoidState":8,"_cameraCFrame":[784.97,237.447,46.864,-0.031,-0.821,0.57,0,0.57,0.822,-1,0.025,-0.018],"_shiftlockState":false,"_pose":"Standing","_animationQueue":[],"_animationSpeed":1,"_zoom":16.125},{"_mousePosition":[948,477],"_rootPartCFrame":[775.648,222.7,47.152,-0.005,0,1,0,1,0,-1,0,-0.005],"_humanoidState":8,"_cameraCFrame":[784.785,237.483,46.846,-0.033,-0.823,0.567,0,0.567,0.824,-0.999,0.028,-0.019],"_shiftlockState":false,"_pose":"Running","_animationQueue":[["walk",0.1]],"_animationSpeed":1.066,"_zoom":16.125},{"_mousePosition":[948,477],"_rootPartCFrame":[775.382,222.7,47.161,-0.009,0,1,0,1,0,-1,0,-0.009],"_humanoidState":8,"_cameraCFrame":[784.337,237.606,46.861,-0.033,-0.831,0.555,0,0.556,0.831,-0.999,0.028,-0.019],"_shiftlockState":false,"_pose":"Running","_animationQueue":[],"_animationSpeed":1.066,"_zoom":16.125},{"_mousePosition":[948,477],"_rootPartCFrame":[775.116,222.7,47.17,-0.012,0,1,0,1,0,-1,0,-0.012],"_humanoidState":8,"_cameraCFrame":[783.939,237.693,46.874,-0.033,-0.836,0.547,0,0.548,0.837,-0.999,0.028,-0.018],"_shiftlockState":false,"_pose":"Running","_animationQueue":[],"_animationSpeed":1.066,"_zoom":16.125},{"_mousePosition":[948,477],"_rootPartCFrame":[774.849,222.7,47.178,-0.015,0,1,0,1,0,-1,0,-0.015],"_humanoidState":8,"_cameraCFrame":[783.514,237.795,46.866,-0.036,-0.843,0.537,0,0.538,0.843,-0.999,0.03,-0.019],"_shiftlockState":false,"_pose":"Running","_animationQueue":[],"_animationSpeed":1.066,"_zoom":16.125},{"_mousePosition":[948,477],"_rootPartCFrame":[774.583,222.7,47.187,-0.017,0,1,0,1,0,-1,0,-0.017],"_humanoidState":8,"_cameraCFrame":[783.088,237.896,46.881,-0.036,-0.849,0.527,0,0.528,0.849,-0.999,0.031,-0.019],"_shiftlockState":false,"_pose":"Running","_animationQueue":[["walk",0.1]],"_animationSpeed":1.066,"_zoom":16.125},{"_mousePosition":[948,477],"_rootPartCFrame":[774.183,222.7,47.202,-0.021,0,1,0,1,0,-1,0,-0.021],"_humanoidState":8,"_cameraCFrame":[782.527,237.994,46.88,-0.039,-0.855,0.517,0,0.518,0.855,-0.999,0.033,-0.02],"_shiftlockState":false,"_pose":"Running","_animationQueue":[],"_animationSpeed":1.066,"_zoom":16.125},{"_mousePosition":[948,477],"_rootPartCFrame":[774.05,222.7,47.207,-0.022,0,1,0,1,0,-1,0,-0.022],"_humanoidState":8,"_cameraCFrame":[782.204,238.107,46.871,-0.041,-0.862,0.506,0,0.506,0.862,-0.999,0.035,-0.021],"_shiftlockState":false,"_pose":"Running","_animationQueue":[],"_animationSpeed":1.066,"_zoom":16.125},{"_mousePosition":[948,477],"_rootPartCFrame":[773.65,222.7,47.222,-0.025,0,1,0,1,0,-1,0,-0.025],"_humanoidState":8,"_cameraCFrame":[781.64,238.201,46.873,-0.044,-0.868,0.496,0,0.496,0.868,-0.999,0.038,-0.022],"_shiftlockState":false,"_pose":"Running","_animationQueue":[],"_animationSpeed":1.066,"_zoom":16.125},{"_mousePosition":[948,477],"_rootPartCFrame":[773.517,222.7,47.227,-0.026,0,1,0,1,0,-1,0,-0.026],"_humanoidState":8,"_cameraCFrame":[781.369,238.279,46.865,-0.046,-0.872,0.487,0,0.488,0.873,-0.999,0.04,-0.022],"_shiftlockState":false,"_pose":"Running","_animationQueue":[],"_animationSpeed":1.066,"_zoom":16.125},{"_mousePosition":[948,477],"_rootPartCFrame":[773.117,222.7,47.245,-0.03,0,1,0,1,0,-1,0,-0.03],"_humanoidState":8,"_cameraCFrame":[780.804,238.37,46.87,-0.049,-0.878,0.477,0,0.477,0.879,-0.999,0.043,-0.023],"_shiftlockState":false,"_pose":"Running","_animationQueue":[],"_animationSpeed":1.066,"_zoom":16.125},{"_mousePosition":[948,477],"_rootPartCFrame":[772.984,222.7,47.251,-0.031,0,1,0,1,0,-1,0,-0.031],"_humanoidState":8,"_cameraCFrame":[780.559,238.429,46.863,-0.051,-0.881,0.47,0,0.47,0.882,-0.999,0.045,-0.024],"_shiftlockState":false,"_pose":"Running","_animationQueue":[],"_animationSpeed":1.066,"_zoom":16.125},{"_mousePosition":[948,477],"_rootPartCFrame":[772.718,222.7,47.264,-0.033,0,0.999,0,1,0,-0.999,0,-0.033],"_humanoidState":8,"_cameraCFrame":[780.068,238.546,46.85,-0.056,-0.888,0.456,0,0.457,0.89,-0.998,0.05,-0.026],"_shiftlockState":false,"_pose":"Running","_animationQueue":[["walk",0.1]],"_animationSpeed":1.066,"_zoom":16.125},{"_mousePosition":[948,477],"_rootPartCFrame":[772.451,222.7,47.277,-0.036,0,0.999,0,1,0,-0.999,0,-0.036],"_humanoidState":8,"_cameraCFrame":[779.718,238.589,46.868,-0.056,-0.891,0.451,0,0.451,0.892,-0.998,0.05,-0.025],"_shiftlockState":false,"_pose":"Running","_animationQueue":[],"_animationSpeed":1.066,"_zoom":16.125},{"_mousePosition":[948,477],"_rootPartCFrame":[772.185,222.7,47.292,-0.038,0,0.999,0,1,0,-0.999,0,-0.038],"_humanoidState":8,"_cameraCFrame":[779.224,238.7,46.842,-0.064,-0.897,0.437,0,0.437,0.899,-0.998,0.057,-0.028],"_shiftlockState":false,"_pose":"Running","_animationQueue":[],"_animationSpeed":1.066,"_zoom":16.125},{"_mousePosition":[948,477],"_rootPartCFrame":[771.919,222.7,47.307,-0.041,0,0.999,0,1,0,-0.999,0,-0.041],"_humanoidState":8,"_cameraCFrame":[778.814,238.768,46.831,-0.069,-0.901,0.428,0,0.429,0.903,-0.998,0.062,-0.03],"_shiftlockState":false,"_pose":"Running","_animationQueue":[],"_animationSpeed":1.066,"_zoom":16.125},{"_mousePosition":[948,477],"_rootPartCFrame":[771.52,222.7,47.333,-0.045,0,0.999,0,1,0,-0.999,0,-0.045],"_humanoidState":8,"_cameraCFrame":[778.3,238.822,46.847,-0.071,-0.904,0.42,0,0.422,0.907,-0.997,0.065,-0.03],"_shiftlockState":false,"_pose":"Running","_animationQueue":[],"_animationSpeed":1.066,"_zoom":16.125},{"_mousePosition":[948,477],"_rootPartCFrame":[771.387,222.7,47.342,-0.047,0,0.999,0,1,0,-0.999,0,-0.047],"_humanoidState":8,"_cameraCFrame":[778.022,238.887,46.833,-0.076,-0.908,0.412,0,0.413,0.911,-0.997,0.07,-0.032],"_shiftlockState":false,"_pose":"Running","_animationQueue":[],"_animationSpeed":1.066,"_zoom":16.125},{"_mousePosition":[948,477],"_rootPartCFrame":[770.988,222.7,47.37,-0.052,0,0.999,0,1,0,-0.999,0,-0.052],"_humanoidState":8,"_cameraCFrame":[777.508,238.939,46.854,-0.079,-0.911,0.404,0,0.406,0.914,-0.997,0.072,-0.032],"_shiftlockState":false,"_pose":"Running","_animationQueue":[["walk",0.1]],"_animationSpeed":1.066,"_zoom":16.125},{"_mousePosition":[948,477],"_rootPartCFrame":[770.855,222.7,47.38,-0.053,0,0.999,0,1,0,-0.999,0,-0.053],"_humanoidState":8,"_cameraCFrame":[777.259,238.989,46.857,-0.081,-0.914,0.397,0,0.398,0.917,-0.997,0.075,-0.032],"_shiftlockState":false,"_pose":"Running","_animationQueue":[],"_animationSpeed":1.066,"_zoom":16.125},{"_mousePosition":[948,477],"_rootPartCFrame":[770.589,222.7,47.401,-0.057,0,0.998,0,1,0,-0.998,0,-0.057],"_humanoidState":8,"_cameraCFrame":[776.876,239.039,46.871,-0.084,-0.917,0.39,0,0.391,0.92,-0.996,0.077,-0.033],"_shiftlockState":false,"_pose":"Running","_animationQueue":[],"_animationSpeed":1.066,"_zoom":16.125},{"_mousePosition":[948,477],"_rootPartCFrame":[770.323,222.7,47.423,-0.06,0,0.998,0,1,0,-0.998,0,-0.06],"_humanoidState":8,"_cameraCFrame":[776.494,239.088,46.887,-0.087,-0.92,0.383,0,0.384,0.923,-0.996,0.08,-0.033],"_shiftlockState":false,"_pose":"Running","_animationQueue":[],"_animationSpeed":1.066,"_zoom":16.125},{"_mousePosition":[948,477],"_rootPartCFrame":[769.991,223.77,47.45,-0.064,0,0.998,0,1,0,-0.998,0,-0.064],"_humanoidState":3,"_cameraCFrame":[776.104,240.182,46.919,-0.087,-0.921,0.379,0,0.381,0.925,-0.996,0.08,-0.033],"_shiftlockState":false,"_pose":"Jumping","_animationQueue":[["walk",0.1],["jump",0.1]],"_animationSpeed":1,"_zoom":16.125},{"_mousePosition":[948,477],"_rootPartCFrame":[769.792,224.371,47.467,-0.067,0,0.998,0,1,0,-0.998,0,-0.067],"_humanoidState":5,"_cameraCFrame":[775.876,240.795,46.939,-0.087,-0.922,0.377,0,0.379,0.926,-0.996,0.08,-0.033],"_shiftlockState":false,"_pose":"FreeFall","_animationQueue":[["jump",0.1]],"_animationSpeed":1,"_zoom":16.125},{"_mousePosition":[948,477],"_rootPartCFrame":[769.526,225.125,47.49,-0.069,0,0.998,0,1,0,-0.998,0,-0.069],"_humanoidState":5,"_cameraCFrame":[775.61,241.549,46.962,-0.087,-0.922,0.377,0,0.379,0.926,-0.996,0.08,-0.033],"_shiftlockState":false,"_pose":"FreeFall","_animationQueue":[],"_animationSpeed":1,"_zoom":16.125},{"_mousePosition":[948,477],"_rootPartCFrame":[769.26,225.824,47.513,-0.072,0,0.997,0,1,0,-0.997,0,-0.072],"_humanoidState":5,"_cameraCFrame":[775.344,242.248,46.985,-0.087,-0.922,0.377,0,0.379,0.926,-0.996,0.08,-0.033],"_shiftlockState":false,"_pose":"FreeFall","_animationQueue":[],"_animationSpeed":1,"_zoom":16.125},{"_mousePosition":[948,477],"_rootPartCFrame":[768.995,226.469,47.536,-0.074,0,0.997,0,1,0,-0.997,0,-0.074],"_humanoidState":5,"_cameraCFrame":[775.079,242.893,47.008,-0.087,-0.922,0.377,0,0.379,0.926,-0.996,0.08,-0.033],"_shiftlockState":false,"_pose":"FreeFall","_animationQueue":[],"_animationSpeed":1,"_zoom":16.125},{"_mousePosition":[948,477],"_rootPartCFrame":[768.729,227.06,47.56,-0.076,0,0.997,0,1,0,-0.997,0,-0.076],"_humanoidState":5,"_cameraCFrame":[774.813,243.483,47.031,-0.087,-0.922,0.377,0,0.379,0.926,-0.996,0.08,-0.033],"_shiftlockState":false,"_pose":"FreeFall","_animationQueue":[],"_animationSpeed":1,"_zoom":16.125},{"_mousePosition":[948,477],"_rootPartCFrame":[768.463,227.595,47.583,-0.077,0,0.997,0,1,0,-0.997,0,-0.077],"_humanoidState":5,"_cameraCFrame":[774.547,244.019,47.054,-0.087,-0.922,0.377,0,0.379,0.926,-0.996,0.08,-0.033],"_shiftlockState":false,"_pose":"FreeFall","_animationQueue":[],"_animationSpeed":1,"_zoom":16.125},{"_mousePosition":[948,477],"_rootPartCFrame":[768.131,228.189,47.611,-0.079,0,0.997,0,1,0,-0.997,0,-0.079],"_humanoidState":5,"_cameraCFrame":[774.185,244.624,47.07,-0.089,-0.923,0.375,0,0.377,0.926,-0.996,0.082,-0.034],"_shiftlockState":false,"_pose":"FreeFall","_animationQueue":[],"_animationSpeed":1,"_zoom":16.125},{"_mousePosition":[948,477],"_rootPartCFrame":[767.932,228.504,47.629,-0.08,0,0.997,0,1,0,-0.997,0,-0.08],"_humanoidState":5,"_cameraCFrame":[773.928,244.963,47.093,-0.089,-0.924,0.372,0,0.373,0.928,-0.996,0.083,-0.033],"_shiftlockState":false,"_pose":"FreeFall","_animationQueue":[],"_animationSpeed":1,"_zoom":16.125},{"_mousePosition":[948,477],"_rootPartCFrame":[767.6,228.961,47.658,-0.081,0,0.997,0,1,0,-0.997,0,-0.081],"_humanoidState":5,"_cameraCFrame":[773.596,245.42,47.122,-0.089,-0.924,0.372,0,0.373,0.928,-0.996,0.083,-0.033],"_shiftlockState":false,"_pose":"FreeFall","_animationQueue":[],"_animationSpeed":1,"_zoom":16.125},{"_mousePosition":[948,477],"_rootPartCFrame":[767.335,229.265,47.682,-0.082,0,0.997,0,1,0,-0.997,0,-0.082],"_humanoidState":5,"_cameraCFrame":[773.272,245.748,47.151,-0.089,-0.925,0.368,0,0.37,0.929,-0.996,0.083,-0.033],"_shiftlockState":false,"_pose":"FreeFall","_animationQueue":[],"_animationSpeed":1,"_zoom":16.125},{"_mousePosition":[948,477],"_rootPartCFrame":[767.135,229.457,47.7,-0.083,0,0.997,0,1,0,-0.997,0,-0.083],"_humanoidState":5,"_cameraCFrame":[773.042,245.952,47.157,-0.092,-0.926,0.366,0,0.368,0.93,-0.996,0.085,-0.034],"_shiftlockState":false,"_pose":"FreeFall","_animationQueue":[],"_animationSpeed":1,"_zoom":16.125},{"_mousePosition":[948,477],"_rootPartCFrame":[766.87,229.666,47.724,-0.084,0,0.996,0,1,0,-0.996,0,-0.084],"_humanoidState":5,"_cameraCFrame":[772.748,246.172,47.183,-0.092,-0.927,0.365,0,0.366,0.931,-0.996,0.085,-0.034],"_shiftlockState":false,"_pose":"FreeFall","_animationQueue":[],"_animationSpeed":1,"_zoom":16.125},{"_mousePosition":[948,477],"_rootPartCFrame":[766.538,229.851,47.754,-0.085,0,0.996,0,1,0,-0.996,0,-0.085],"_humanoidState":5,"_cameraCFrame":[772.385,246.368,47.201,-0.094,-0.927,0.363,0,0.364,0.931,-0.996,0.088,-0.034],"_shiftlockState":false,"_pose":"FreeFall","_animationQueue":[],"_animationSpeed":1,"_zoom":16.125},{"_mousePosition":[948,477],"_rootPartCFrame":[766.272,229.937,47.778,-0.086,0,0.996,0,1,0,-0.996,0,-0.086],"_humanoidState":5,"_cameraCFrame":[772.031,246.488,47.219,-0.097,-0.929,0.357,0,0.359,0.933,-0.995,0.09,-0.035],"_shiftlockState":false,"_pose":"FreeFall","_animationQueue":[],"_animationSpeed":1,"_zoom":16.125},{"_mousePosition":[948,477],"_rootPartCFrame":[766.007,229.969,47.803,-0.087,0,0.996,0,1,0,-0.996,0,-0.087],"_humanoidState":5,"_cameraCFrame":[771.736,246.531,47.247,-0.097,-0.93,0.355,0,0.357,0.934,-0.995,0.09,-0.034],"_shiftlockState":false,"_pose":"FreeFall","_animationQueue":[["fall",0.3]],"_animationSpeed":1,"_zoom":16.125},{"_mousePosition":[948,477],"_rootPartCFrame":[765.808,229.957,47.823,-0.088,0,0.996,0,1,0,-0.996,0,-0.088],"_humanoidState":5,"_cameraCFrame":[771.448,246.553,47.261,-0.099,-0.932,0.35,0,0.352,0.936,-0.995,0.093,-0.035],"_shiftlockState":false,"_pose":"FreeFall","_animationQueue":[],"_animationSpeed":1,"_zoom":16.125},{"_mousePosition":[948,477],"_rootPartCFrame":[765.542,229.893,47.848,-0.089,0,0.996,0,1,0,-0.996,0,-0.089],"_humanoidState":5,"_cameraCFrame":[771.181,246.489,47.272,-0.102,-0.931,0.35,0,0.352,0.936,-0.995,0.095,-0.036],"_shiftlockState":false,"_pose":"FreeFall","_animationQueue":[],"_animationSpeed":1,"_zoom":16.125},{"_mousePosition":[948,477],"_rootPartCFrame":[765.277,229.775,47.875,-0.09,0,0.996,0,1,0,-0.996,0,-0.09],"_humanoidState":5,"_cameraCFrame":[770.916,246.371,47.299,-0.102,-0.931,0.35,0,0.352,0.936,-0.995,0.095,-0.036],"_shiftlockState":false,"_pose":"FreeFall","_animationQueue":[],"_animationSpeed":1,"_zoom":16.125},{"_mousePosition":[948,477],"_rootPartCFrame":[765.011,229.603,47.902,-0.092,0,0.996,0,1,0,-0.996,0,-0.092],"_humanoidState":5,"_cameraCFrame":[770.65,246.199,47.326,-0.102,-0.931,0.35,0,0.352,0.936,-0.995,0.095,-0.036],"_shiftlockState":false,"_pose":"FreeFall","_animationQueue":[],"_animationSpeed":1,"_zoom":16.125},{"_mousePosition":[948,477],"_rootPartCFrame":[764.746,229.375,47.929,-0.093,0,0.996,0,1,0,-0.996,0,-0.093],"_humanoidState":5,"_cameraCFrame":[770.385,245.971,47.353,-0.102,-0.931,0.35,0,0.352,0.936,-0.995,0.095,-0.036],"_shiftlockState":false,"_pose":"FreeFall","_animationQueue":[],"_animationSpeed":1,"_zoom":16.125},{"_mousePosition":[948,477],"_rootPartCFrame":[764.481,229.094,47.956,-0.094,0,0.996,0,1,0,-0.996,0,-0.094],"_humanoidState":5,"_cameraCFrame":[770.09,245.701,47.383,-0.102,-0.932,0.348,0,0.35,0.937,-0.995,0.095,-0.036],"_shiftlockState":false,"_pose":"FreeFall","_animationQueue":[],"_animationSpeed":1,"_zoom":16.125},{"_mousePosition":[948,477],"_rootPartCFrame":[764.215,228.758,47.983,-0.095,0,0.995,0,1,0,-0.995,0,-0.095],"_humanoidState":5,"_cameraCFrame":[769.765,245.387,47.402,-0.104,-0.933,0.344,0,0.346,0.938,-0.995,0.098,-0.036],"_shiftlockState":false,"_pose":"FreeFall","_animationQueue":[["fall",0.3]],"_animationSpeed":1,"_zoom":16.125},{"_mousePosition":[948,477],"_rootPartCFrame":[763.95,228.367,48.01,-0.096,0,0.995,0,1,0,-0.995,0,-0.096],"_humanoidState":5,"_cameraCFrame":[769.438,245.018,47.407,-0.109,-0.934,0.34,0,0.342,0.94,-0.994,0.103,-0.037],"_shiftlockState":false,"_pose":"FreeFall","_animationQueue":[],"_animationSpeed":1,"_zoom":16.125},{"_mousePosition":[948,477],"_rootPartCFrame":[763.618,227.802,48.045,-0.098,0,0.995,0,1,0,-0.995,0,-0.098],"_humanoidState":5,"_cameraCFrame":[769.015,244.485,47.424,-0.114,-0.935,0.335,0,0.337,0.942,-0.993,0.108,-0.038],"_shiftlockState":false,"_pose":"FreeFall","_animationQueue":[],"_animationSpeed":1,"_zoom":16.125},{"_mousePosition":[948,477],"_rootPartCFrame":[763.353,227.289,48.074,-0.099,0,0.995,0,1,0,-0.995,0,-0.099],"_humanoidState":5,"_cameraCFrame":[768.658,244.003,47.437,-0.119,-0.937,0.329,0,0.331,0.944,-0.993,0.113,-0.04],"_shiftlockState":false,"_pose":"FreeFall","_animationQueue":[],"_animationSpeed":1,"_zoom":16.125},{"_mousePosition":[948,477],"_rootPartCFrame":[763.088,226.721,48.104,-0.101,0,0.995,0,1,0,-0.995,0,-0.101],"_humanoidState":5,"_cameraCFrame":[768.3,243.466,47.438,-0.127,-0.938,0.323,0,0.326,0.945,-0.992,0.12,-0.041],"_shiftlockState":false,"_pose":"FreeFall","_animationQueue":[],"_animationSpeed":1,"_zoom":16.125},{"_mousePosition":[948,477],"_rootPartCFrame":[762.824,226.099,48.136,-0.103,0,0.995,0,1,0,-0.995,0,-0.103],"_humanoidState":5,"_cameraCFrame":[767.973,242.864,47.451,-0.132,-0.938,0.319,0,0.322,0.947,-0.991,0.125,-0.042],"_shiftlockState":false,"_pose":"FreeFall","_animationQueue":[],"_animationSpeed":1,"_zoom":16.125},{"_mousePosition":[948,477],"_rootPartCFrame":[762.559,225.422,48.169,-0.106,0,0.994,0,1,0,-0.994,0,-0.106],"_humanoidState":5,"_cameraCFrame":[767.616,242.218,47.471,-0.137,-0.94,0.314,0,0.317,0.949,-0.991,0.13,-0.043],"_shiftlockState":false,"_pose":"FreeFall","_animationQueue":[["fall",0.3]],"_animationSpeed":1,"_zoom":16.125},{"_mousePosition":[948,477],"_rootPartCFrame":[762.361,224.879,48.195,-0.109,0,0.994,0,1,0,-0.994,0,-0.109],"_humanoidState":5,"_cameraCFrame":[767.416,241.674,47.484,-0.139,-0.939,0.314,0,0.317,0.949,-0.99,0.132,-0.044],"_shiftlockState":false,"_pose":"FreeFall","_animationQueue":[],"_animationSpeed":1,"_zoom":16.125},{"_mousePosition":[948,477],"_rootPartCFrame":[762.097,224.107,48.232,-0.112,0,0.994,0,1,0,-0.994,0,-0.112],"_humanoidState":5,"_cameraCFrame":[767.152,240.902,47.52,-0.139,-0.939,0.314,0,0.317,0.949,-0.99,0.132,-0.044],"_shiftlockState":false,"_pose":"FreeFall","_animationQueue":[],"_animationSpeed":1,"_zoom":16.125},{"_mousePosition":[948,477],"_rootPartCFrame":[761.832,223.28,48.269,-0.116,0,0.993,0,1,0,-0.993,0,-0.116],"_humanoidState":5,"_cameraCFrame":[766.888,240.076,47.557,-0.139,-0.939,0.314,0,0.317,0.949,-0.99,0.132,-0.044],"_shiftlockState":false,"_pose":"FreeFall","_animationQueue":[],"_animationSpeed":1,"_zoom":16.125},{"_mousePosition":[948,477],"_rootPartCFrame":[761.568,222.508,48.306,-0.119,0,0.993,0,1,0,-0.993,0,-0.119],"_humanoidState":7,"_cameraCFrame":[766.591,239.314,47.573,-0.144,-0.939,0.311,0,0.315,0.949,-0.99,0.137,-0.045],"_shiftlockState":false,"_pose":"FreeFall","_animationQueue":[["walk",0.1],["fall",0.3],["fall",0.3]],"_animationSpeed":1,"_zoom":16.125},{"_mousePosition":[948,477],"_rootPartCFrame":[761.304,222.46,48.343,-0.122,0,0.993,0,1,0,-0.993,0,-0.122],"_humanoidState":7,"_cameraCFrame":[766.264,239.285,47.594,-0.149,-0.94,0.308,0,0.311,0.95,-0.989,0.142,-0.046],"_shiftlockState":false,"_pose":"FreeFall","_animationQueue":[],"_animationSpeed":1,"_zoom":16.125},{"_mousePosition":[948,477],"_rootPartCFrame":[761.04,222.549,48.381,-0.125,0,0.992,0,1,0,-0.992,0,-0.125],"_humanoidState":8,"_cameraCFrame":[765.964,239.384,47.599,-0.157,-0.939,0.305,0,0.309,0.951,-0.988,0.149,-0.049],"_shiftlockState":false,"_pose":"Running","_animationQueue":[["walk",0.1],["fall",0.3],["walk",0.1]],"_animationSpeed":1.103,"_zoom":16.125},{"_mousePosition":[948,477],"_rootPartCFrame":[760.645,222.637,48.441,-0.13,0,0.992,0,1,0,-0.992,0,-0.13],"_humanoidState":8,"_cameraCFrame":[765.502,239.492,47.619,-0.167,-0.939,0.301,0,0.306,0.952,-0.986,0.159,-0.051],"_shiftlockState":false,"_pose":"Running","_animationQueue":[["walk",0.1]],"_animationSpeed":1.103,"_zoom":16.125},{"_mousePosition":[948,477],"_rootPartCFrame":[760.513,222.654,48.462,-0.132,0,0.991,0,1,0,-0.991,0,-0.132],"_humanoidState":8,"_cameraCFrame":[765.275,239.537,47.619,-0.174,-0.939,0.295,0,0.3,0.954,-0.985,0.166,-0.052],"_shiftlockState":false,"_pose":"Running","_animationQueue":[],"_animationSpeed":1.103,"_zoom":16.125},{"_mousePosition":[948,477],"_rootPartCFrame":[760.25,222.675,48.506,-0.136,0,0.991,0,1,0,-0.991,0,-0.136],"_humanoidState":8,"_cameraCFrame":[764.945,239.576,47.626,-0.184,-0.939,0.291,0,0.296,0.955,-0.983,0.176,-0.055],"_shiftlockState":false,"_pose":"Running","_animationQueue":[],"_animationSpeed":1.103,"_zoom":16.125},{"_mousePosition":[948,477],"_rootPartCFrame":[759.987,222.686,48.552,-0.141,0,0.99,0,1,0,-0.99,0,-0.141],"_humanoidState":8,"_cameraCFrame":[764.548,239.625,47.613,-0.202,-0.938,0.283,0,0.289,0.957,-0.979,0.193,-0.058],"_shiftlockState":false,"_pose":"Running","_animationQueue":[],"_animationSpeed":1.103,"_zoom":16.125},{"_mousePosition":[948,477],"_rootPartCFrame":[759.594,222.694,48.626,-0.15,0,0.989,0,1,0,-0.989,0,-0.15],"_humanoidState":8,"_cameraCFrame":[764.121,239.642,47.67,-0.207,-0.937,0.281,0,0.287,0.958,-0.978,0.198,-0.059],"_shiftlockState":false,"_pose":"Running","_animationQueue":[],"_animationSpeed":1.103,"_zoom":16.125},{"_mousePosition":[948,477],"_rootPartCFrame":[759.464,222.696,48.652,-0.153,0,0.988,0,1,0,-0.988,0,-0.153],"_humanoidState":8,"_cameraCFrame":[763.82,239.687,47.628,-0.229,-0.935,0.27,0,0.278,0.961,-0.973,0.22,-0.064],"_shiftlockState":false,"_pose":"Running","_animationQueue":[],"_animationSpeed":1.103,"_zoom":16.125},{"_mousePosition":[948,477],"_rootPartCFrame":[759.203,222.698,48.707,-0.16,0,0.987,0,1,0,-0.987,0,-0.16],"_humanoidState":8,"_cameraCFrame":[763.485,239.706,47.632,-0.244,-0.933,0.266,0,0.274,0.962,-0.97,0.234,-0.067],"_shiftlockState":false,"_pose":"Running","_animationQueue":[],"_animationSpeed":1.103,"_zoom":16.125},{"_mousePosition":[948,477],"_rootPartCFrame":[758.813,222.699,48.798,-0.174,0,0.985,0,1,0,-0.985,0,-0.174],"_humanoidState":8,"_cameraCFrame":[763.014,239.725,47.652,-0.263,-0.929,0.261,0,0.27,0.963,-0.965,0.253,-0.071],"_shiftlockState":false,"_pose":"Running","_animationQueue":[["walk",0.1]],"_animationSpeed":1.103,"_zoom":16.125},{"_mousePosition":[948,477],"_rootPartCFrame":[758.684,222.699,48.831,-0.179,0,0.984,0,1,0,-0.984,0,-0.179],"_humanoidState":8,"_cameraCFrame":[762.806,239.742,47.627,-0.28,-0.925,0.256,0,0.266,0.964,-0.96,0.27,-0.075],"_shiftlockState":false,"_pose":"Running","_animationQueue":[],"_animationSpeed":1.103,"_zoom":16.125},{"_mousePosition":[948,477],"_rootPartCFrame":[758.298,222.699,48.935,-0.195,0,0.981,0,1,0,-0.981,0,-0.195],"_humanoidState":8,"_cameraCFrame":[762.343,239.759,47.687,-0.295,-0.922,0.251,0,0.263,0.965,-0.956,0.284,-0.077],"_shiftlockState":false,"_pose":"Running","_animationQueue":[],"_animationSpeed":1.103,"_zoom":16.125},{"_mousePosition":[948,477],"_rootPartCFrame":[758.042,222.7,49.01,-0.207,0,0.978,0,1,0,-0.978,0,-0.207],"_humanoidState":8,"_cameraCFrame":[762.045,239.767,47.73,-0.304,-0.92,0.248,0,0.261,0.965,-0.953,0.294,-0.079],"_shiftlockState":false,"_pose":"Running","_animationQueue":[],"_animationSpeed":1.103,"_zoom":16.125},{"_mousePosition":[948,477],"_rootPartCFrame":[757.787,222.7,49.088,-0.219,0,0.976,0,1,0,-0.976,0,-0.219],"_humanoidState":8,"_cameraCFrame":[761.784,239.767,47.788,-0.309,-0.918,0.248,0,0.261,0.965,-0.951,0.299,-0.081],"_shiftlockState":false,"_pose":"Running","_animationQueue":[],"_animationSpeed":1.103,"_zoom":16.125},{"_mousePosition":[948,477],"_rootPartCFrame":[757.533,222.7,49.169,-0.23,0,0.973,0,1,0,-0.973,0,-0.23],"_humanoidState":8,"_cameraCFrame":[761.494,239.775,47.858,-0.314,-0.917,0.246,0,0.259,0.966,-0.949,0.303,-0.081],"_shiftlockState":false,"_pose":"Running","_animationQueue":[],"_animationSpeed":1.103,"_zoom":16.125},{"_mousePosition":[948,477],"_rootPartCFrame":[757.406,222.7,49.21,-0.236,0,0.972,0,1,0,-0.972,0,-0.236],"_humanoidState":8,"_cameraCFrame":[761.364,239.775,47.89,-0.316,-0.916,0.245,0,0.259,0.966,-0.949,0.306,-0.082],"_shiftlockState":false,"_pose":"Running","_animationQueue":[],"_animationSpeed":1.103,"_zoom":16.125},{"_mousePosition":[948,477],"_rootPartCFrame":[757.153,222.7,49.294,-0.246,0,0.969,0,1,0,-0.969,0,-0.246],"_humanoidState":8,"_cameraCFrame":[761.079,239.784,47.973,-0.319,-0.916,0.243,0,0.257,0.966,-0.948,0.308,-0.082],"_shiftlockState":false,"_pose":"Running","_animationQueue":[["walk",0.1]],"_animationSpeed":1.103,"_zoom":16.125},{"_mousePosition":[948,477],"_rootPartCFrame":[756.9,222.7,49.378,-0.256,0,0.967,0,1,0,-0.967,0,-0.256],"_humanoidState":8,"_cameraCFrame":[760.826,239.784,48.057,-0.319,-0.916,0.243,0,0.257,0.966,-0.948,0.308,-0.082],"_shiftlockState":false,"_pose":"Running","_animationQueue":[],"_animationSpeed":1.103,"_zoom":16.125},{"_mousePosition":[948,477],"_rootPartCFrame":[756.647,222.7,49.463,-0.264,0,0.964,0,1,0,-0.964,0,-0.264],"_humanoidState":8,"_cameraCFrame":[760.573,239.784,48.142,-0.319,-0.916,0.243,0,0.257,0.966,-0.948,0.308,-0.082],"_shiftlockState":false,"_pose":"Running","_animationQueue":[],"_animationSpeed":1.103,"_zoom":16.125},{"_mousePosition":[948,477],"_rootPartCFrame":[756.394,222.7,49.548,-0.272,0,0.962,0,1,0,-0.962,0,-0.272],"_humanoidState":8,"_cameraCFrame":[760.32,239.784,48.227,-0.319,-0.916,0.243,0,0.257,0.966,-0.948,0.308,-0.082],"_shiftlockState":false,"_pose":"Running","_animationQueue":[],"_animationSpeed":1.103,"_zoom":16.125},{"_mousePosition":[948,477],"_rootPartCFrame":[756.141,222.7,49.633,-0.278,0,0.961,0,1,0,-0.961,0,-0.278],"_humanoidState":8,"_cameraCFrame":[760.067,239.784,48.312,-0.319,-0.916,0.243,0,0.257,0.966,-0.948,0.308,-0.082],"_shiftlockState":false,"_pose":"Running","_animationQueue":[],"_animationSpeed":1.103,"_zoom":16.125},{"_mousePosition":[948,477],"_rootPartCFrame":[755.889,222.7,49.718,-0.284,0,0.959,0,1,0,-0.959,0,-0.284],"_humanoidState":8,"_cameraCFrame":[759.815,239.784,48.397,-0.319,-0.916,0.243,0,0.257,0.966,-0.948,0.308,-0.082],"_shiftlockState":false,"_pose":"Running","_animationQueue":[],"_animationSpeed":1.103,"_zoom":16.125},{"_mousePosition":[948,477],"_rootPartCFrame":[755.636,222.7,49.803,-0.288,0,0.957,0,1,0,-0.957,0,-0.288],"_humanoidState":8,"_cameraCFrame":[759.562,239.784,48.482,-0.319,-0.916,0.243,0,0.257,0.966,-0.948,0.308,-0.082],"_shiftlockState":false,"_pose":"Running","_animationQueue":[],"_animationSpeed":1.103,"_zoom":16.125},{"_mousePosition":[948,477],"_rootPartCFrame":[755.383,222.7,49.888,-0.293,0,0.956,0,1,0,-0.956,0,-0.293],"_humanoidState":8,"_cameraCFrame":[759.309,239.784,48.567,-0.319,-0.916,0.243,0,0.257,0.966,-0.948,0.308,-0.082],"_shiftlockState":false,"_pose":"Running","_animationQueue":[["walk",0.1]],"_animationSpeed":1.103,"_zoom":16.125},{"_mousePosition":[948,477],"_rootPartCFrame":[755.067,223.783,49.994,-0.298,0,0.955,0,1,0,-0.955,0,-0.298],"_humanoidState":3,"_cameraCFrame":[758.993,240.867,48.674,-0.319,-0.916,0.243,0,0.257,0.966,-0.948,0.308,-0.082],"_shiftlockState":false,"_pose":"Jumping","_animationQueue":[["walk",0.1],["jump",0.1]],"_animationSpeed":1,"_zoom":16.125},{"_mousePosition":[948,477],"_rootPartCFrame":[754.815,224.592,50.08,-0.301,0,0.954,0,1,0,-0.954,0,-0.301],"_humanoidState":5,"_cameraCFrame":[758.741,241.676,48.759,-0.319,-0.916,0.243,0,0.257,0.966,-0.948,0.308,-0.082],"_shiftlockState":false,"_pose":"FreeFall","_animationQueue":[["jump",0.1]],"_animationSpeed":1,"_zoom":16.125},{"_mousePosition":[948,477],"_rootPartCFrame":[754.625,225.162,50.143,-0.303,0,0.953,0,1,0,-0.953,0,-0.303],"_humanoidState":5,"_cameraCFrame":[758.551,242.246,48.822,-0.319,-0.916,0.243,0,0.257,0.966,-0.948,0.308,-0.082],"_shiftlockState":false,"_pose":"FreeFall","_animationQueue":[],"_animationSpeed":1,"_zoom":16.125},{"_mousePosition":[948,477],"_rootPartCFrame":[754.372,225.875,50.228,-0.305,0,0.952,0,1,0,-0.952,0,-0.305],"_humanoidState":5,"_cameraCFrame":[758.299,242.959,48.907,-0.319,-0.916,0.243,0,0.257,0.966,-0.948,0.308,-0.082],"_shiftlockState":false,"_pose":"FreeFall","_animationQueue":[],"_animationSpeed":1,"_zoom":16.125},{"_mousePosition":[948,477],"_rootPartCFrame":[754.057,226.69,50.335,-0.308,0,0.952,0,1,0,-0.952,0,-0.308],"_humanoidState":5,"_cameraCFrame":[757.983,243.774,49.014,-0.319,-0.916,0.243,0,0.257,0.966,-0.948,0.308,-0.082],"_shiftlockState":false,"_pose":"FreeFall","_animationQueue":[],"_animationSpeed":1,"_zoom":16.125},{"_mousePosition":[948,477],"_rootPartCFrame":[753.867,227.138,50.398,-0.309,0,0.951,0,1,0,-0.951,0,-0.309],"_humanoidState":5,"_cameraCFrame":[757.793,244.222,49.078,-0.319,-0.916,0.243,0,0.257,0.966,-0.948,0.308,-0.082],"_shiftlockState":false,"_pose":"FreeFall","_animationQueue":[],"_animationSpeed":1,"_zoom":16.125},{"_mousePosition":[948,477],"_rootPartCFrame":[753.614,227.687,50.483,-0.31,0,0.951,0,1,0,-0.951,0,-0.31],"_humanoidState":5,"_cameraCFrame":[757.541,244.771,49.163,-0.319,-0.916,0.243,0,0.257,0.966,-0.948,0.308,-0.082],"_shiftlockState":false,"_pose":"FreeFall","_animationQueue":[],"_animationSpeed":1,"_zoom":16.125},{"_mousePosition":[948,477],"_rootPartCFrame":[753.362,228.182,50.568,-0.311,0,0.95,0,1,0,-0.95,0,-0.311],"_humanoidState":5,"_cameraCFrame":[757.288,245.266,49.248,-0.319,-0.916,0.243,0,0.257,0.966,-0.948,0.308,-0.082],"_shiftlockState":false,"_pose":"FreeFall","_animationQueue":[],"_animationSpeed":1,"_zoom":16.125},{"_mousePosition":[948,477],"_rootPartCFrame":[753.046,228.725,50.675,-0.313,0,0.95,0,1,0,-0.95,0,-0.313],"_humanoidState":5,"_cameraCFrame":[756.972,245.808,49.354,-0.319,-0.916,0.243,0,0.257,0.966,-0.948,0.308,-0.082],"_shiftlockState":false,"_pose":"FreeFall","_animationQueue":[],"_animationSpeed":1,"_zoom":16.125},{"_mousePosition":[948,477],"_rootPartCFrame":[752.856,229.009,50.739,-0.313,0,0.95,0,1,0,-0.95,0,-0.313],"_humanoidState":5,"_cameraCFrame":[756.782,246.093,49.418,-0.319,-0.916,0.243,0,0.257,0.966,-0.948,0.308,-0.082],"_shiftlockState":false,"_pose":"FreeFall","_animationQueue":[],"_animationSpeed":1,"_zoom":16.125},{"_mousePosition":[948,477],"_rootPartCFrame":[752.604,229.34,50.824,-0.314,0,0.949,0,1,0,-0.949,0,-0.314],"_humanoidState":5,"_cameraCFrame":[756.53,246.424,49.503,-0.319,-0.916,0.243,0,0.257,0.966,-0.948,0.308,-0.082],"_shiftlockState":false,"_pose":"FreeFall","_animationQueue":[],"_animationSpeed":1,"_zoom":16.125},{"_mousePosition":[948,477],"_rootPartCFrame":[752.288,229.678,50.93,-0.315,0,0.949,0,1,0,-0.949,0,-0.315],"_humanoidState":5,"_cameraCFrame":[756.185,246.77,49.619,-0.319,-0.916,0.242,0,0.255,0.967,-0.948,0.308,-0.081],"_shiftlockState":false,"_pose":"FreeFall","_animationQueue":[],"_animationSpeed":1,"_zoom":16.125},{"_mousePosition":[948,477],"_rootPartCFrame":[752.098,229.84,50.994,-0.315,0,0.949,0,1,0,-0.949,0,-0.315],"_humanoidState":5,"_cameraCFrame":[755.996,246.932,49.682,-0.319,-0.916,0.242,0,0.255,0.967,-0.948,0.308,-0.081],"_shiftlockState":false,"_pose":"FreeFall","_animationQueue":[],"_animationSpeed":1,"_zoom":16.125},{"_mousePosition":[948,477],"_rootPartCFrame":[751.846,230.008,51.079,-0.316,0,0.949,0,1,0,-0.949,0,-0.316],"_humanoidState":5,"_cameraCFrame":[755.746,247.1,49.777,-0.316,-0.917,0.242,0,0.255,0.967,-0.949,0.306,-0.081],"_shiftlockState":false,"_pose":"FreeFall","_animationQueue":[],"_animationSpeed":1,"_zoom":16.125},{"_mousePosition":[948,477],"_rootPartCFrame":[751.53,230.141,51.185,-0.316,0,0.949,0,1,0,-0.949,0,-0.316],"_humanoidState":5,"_cameraCFrame":[755.434,247.233,49.894,-0.314,-0.918,0.242,0,0.255,0.967,-0.949,0.304,-0.08],"_shiftlockState":false,"_pose":"FreeFall","_animationQueue":[],"_animationSpeed":1,"_zoom":16.125},{"_mousePosition":[948,477],"_rootPartCFrame":[751.277,230.187,51.27,-0.317,0,0.949,0,1,0,-0.949,0,-0.317],"_humanoidState":5,"_cameraCFrame":[755.184,247.279,49.988,-0.312,-0.919,0.242,0,0.255,0.967,-0.95,0.301,-0.079],"_shiftlockState":false,"_pose":"FreeFall","_animationQueue":[],"_animationSpeed":1,"_zoom":16.125},{"_mousePosition":[948,477],"_rootPartCFrame":[751.087,230.185,51.332,-0.316,0,0.949,0,1,0,-0.949,0,-0.316],"_humanoidState":5,"_cameraCFrame":[754.997,247.277,50.061,-0.309,-0.92,0.243,0,0.255,0.967,-0.951,0.299,-0.079],"_shiftlockState":false,"_pose":"FreeFall","_animationQueue":[],"_animationSpeed":1,"_zoom":16.125},{"_mousePosition":[948,477],"_rootPartCFrame":[750.834,230.135,51.416,-0.316,0,0.949,0,1,0,-0.949,0,-0.316],"_humanoidState":5,"_cameraCFrame":[754.747,247.227,50.154,-0.307,-0.92,0.243,0,0.255,0.967,-0.952,0.297,-0.078],"_shiftlockState":false,"_pose":"FreeFall","_animationQueue":[],"_animationSpeed":1,"_zoom":16.125},{"_mousePosition":[948,477],"_rootPartCFrame":[750.58,230.031,51.498,-0.315,0,0.949,0,1,0,-0.949,0,-0.315],"_humanoidState":5,"_cameraCFrame":[754.494,247.123,50.236,-0.307,-0.92,0.243,0,0.255,0.967,-0.952,0.297,-0.078],"_shiftlockState":false,"_pose":"FreeFall","_animationQueue":[["fall",0.3]],"_animationSpeed":1,"_zoom":16.125},{"_mousePosition":[948,477],"_rootPartCFrame":[750.326,229.872,51.58,-0.314,0,0.949,0,1,0,-0.949,0,-0.314],"_humanoidState":5,"_cameraCFrame":[754.24,246.964,50.318,-0.307,-0.92,0.243,0,0.255,0.967,-0.952,0.297,-0.078],"_shiftlockState":false,"_pose":"FreeFall","_animationQueue":[],"_animationSpeed":1,"_zoom":16.125},{"_mousePosition":[948,477],"_rootPartCFrame":[750.072,229.658,51.662,-0.313,0,0.95,0,1,0,-0.95,0,-0.313],"_humanoidState":5,"_cameraCFrame":[753.986,246.75,50.4,-0.307,-0.92,0.243,0,0.255,0.967,-0.952,0.297,-0.078],"_shiftlockState":false,"_pose":"FreeFall","_animationQueue":[],"_animationSpeed":1,"_zoom":16.125},{"_mousePosition":[948,477],"_rootPartCFrame":[749.818,229.39,51.744,-0.312,0,0.95,0,1,0,-0.95,0,-0.312],"_humanoidState":5,"_cameraCFrame":[753.735,246.482,50.492,-0.304,-0.921,0.243,0,0.255,0.967,-0.953,0.294,-0.078],"_shiftlockState":false,"_pose":"FreeFall","_animationQueue":[],"_animationSpeed":1,"_zoom":16.125},{"_mousePosition":[948,477],"_rootPartCFrame":[749.564,229.068,51.826,-0.311,0,0.95,0,1,0,-0.95,0,-0.311],"_humanoidState":5,"_cameraCFrame":[753.481,246.16,50.574,-0.304,-0.921,0.243,0,0.255,0.967,-0.953,0.294,-0.078],"_shiftlockState":false,"_pose":"FreeFall","_animationQueue":[],"_animationSpeed":1,"_zoom":16.125},{"_mousePosition":[948,477],"_rootPartCFrame":[749.247,228.588,51.927,-0.31,0,0.951,0,1,0,-0.951,0,-0.31],"_humanoidState":5,"_cameraCFrame":[753.167,245.68,50.685,-0.302,-0.922,0.243,0,0.255,0.967,-0.953,0.292,-0.077],"_shiftlockState":false,"_pose":"FreeFall","_animationQueue":[],"_animationSpeed":1,"_zoom":16.125},{"_mousePosition":[948,477],"_rootPartCFrame":[749.057,228.259,51.988,-0.31,0,0.951,0,1,0,-0.951,0,-0.31],"_humanoidState":5,"_cameraCFrame":[752.983,245.351,50.766,-0.297,-0.923,0.243,0,0.255,0.967,-0.955,0.287,-0.076],"_shiftlockState":false,"_pose":"FreeFall","_animationQueue":[],"_animationSpeed":1,"_zoom":16.125},{"_mousePosition":[948,477],"_rootPartCFrame":[748.802,227.773,52.069,-0.309,0,0.951,0,1,0,-0.951,0,-0.309],"_humanoidState":5,"_cameraCFrame":[752.735,244.865,50.867,-0.292,-0.925,0.244,0,0.255,0.967,-0.956,0.283,-0.075],"_shiftlockState":false,"_pose":"FreeFall","_animationQueue":[["fall",0.3]],"_animationSpeed":1,"_zoom":16.125},{"_mousePosition":[948,477],"_rootPartCFrame":[748.548,227.233,52.148,-0.307,0,0.952,0,1,0,-0.952,0,-0.307],"_humanoidState":5,"_cameraCFrame":[752.486,244.325,50.966,-0.288,-0.926,0.244,0,0.255,0.967,-0.958,0.278,-0.073],"_shiftlockState":false,"_pose":"FreeFall","_animationQueue":[],"_animationSpeed":1,"_zoom":16.125},{"_mousePosition":[948,477],"_rootPartCFrame":[748.293,226.638,52.226,-0.306,0,0.952,0,1,0,-0.952,0,-0.306],"_humanoidState":5,"_cameraCFrame":[752.246,243.73,51.094,-0.275,-0.93,0.245,0,0.255,0.967,-0.961,0.266,-0.07],"_shiftlockState":false,"_pose":"FreeFall","_animationQueue":[],"_animationSpeed":1,"_zoom":16.125},{"_mousePosition":[948,477],"_rootPartCFrame":[748.038,225.988,52.303,-0.303,0,0.953,0,1,0,-0.953,0,-0.303],"_humanoidState":5,"_cameraCFrame":[752.01,243.08,51.241,-0.258,-0.934,0.246,0,0.255,0.967,-0.966,0.25,-0.066],"_shiftlockState":false,"_pose":"FreeFall","_animationQueue":[],"_animationSpeed":1,"_zoom":16.125},{"_mousePosition":[948,477],"_rootPartCFrame":[747.781,225.284,52.377,-0.3,0,0.954,0,1,0,-0.954,0,-0.3],"_humanoidState":5,"_cameraCFrame":[751.779,242.376,51.416,-0.234,-0.94,0.248,0,0.255,0.967,-0.972,0.226,-0.06],"_shiftlockState":false,"_pose":"FreeFall","_animationQueue":[],"_animationSpeed":1,"_zoom":16.125},{"_mousePosition":[948,477],"_rootPartCFrame":[747.524,224.526,52.447,-0.295,0,0.955,0,1,0,-0.955,0,-0.295],"_humanoidState":5,"_cameraCFrame":[751.554,241.618,51.628,-0.199,-0.948,0.25,0,0.255,0.967,-0.98,0.193,-0.051],"_shiftlockState":false,"_pose":"FreeFall","_animationQueue":[],"_animationSpeed":1,"_zoom":16.125},{"_mousePosition":[948,477],"_rootPartCFrame":[747.265,223.713,52.51,-0.288,0,0.958,0,1,0,-0.958,0,-0.288],"_humanoidState":5,"_cameraCFrame":[751.335,240.805,51.927,-0.142,-0.957,0.252,0,0.255,0.967,-0.99,0.137,-0.036],"_shiftlockState":false,"_pose":"FreeFall","_animationQueue":[],"_animationSpeed":1,"_zoom":16.125},{"_mousePosition":[948,477],"_rootPartCFrame":[747.004,222.845,52.564,-0.277,0,0.961,0,1,0,-0.961,0,-0.277],"_humanoidState":5,"_cameraCFrame":[751.095,239.937,52.146,-0.102,-0.962,0.254,0,0.255,0.967,-0.995,0.098,-0.026],"_shiftlockState":false,"_pose":"FreeFall","_animationQueue":[],"_animationSpeed":1,"_zoom":16.125},{"_mousePosition":[948,477],"_rootPartCFrame":[746.74,221.923,52.605,-0.262,0,0.965,0,1,0,-0.965,0,-0.262],"_humanoidState":5,"_cameraCFrame":[750.845,239.015,52.352,-0.061,-0.965,0.255,0,0.255,0.967,-0.998,0.059,-0.016],"_shiftlockState":false,"_pose":"FreeFall","_animationQueue":[["fall",0.3]],"_animationSpeed":1,"_zoom":16.125},{"_mousePosition":[948,477],"_rootPartCFrame":[746.475,220.947,52.633,-0.242,0,0.97,0,1,0,-0.97,0,-0.242],"_humanoidState":5,"_cameraCFrame":[750.586,238.039,52.537,-0.023,-0.967,0.255,0,0.255,0.967,-1,0.023,-0.006],"_shiftlockState":false,"_pose":"FreeFall","_animationQueue":[],"_animationSpeed":1,"_zoom":16.125},{"_mousePosition":[948,477],"_rootPartCFrame":[746.209,219.916,52.651,-0.219,0,0.976,0,1,0,-0.976,0,-0.219],"_humanoidState":5,"_cameraCFrame":[750.321,237.008,52.711,0.015,-0.967,0.255,0,0.255,0.967,-1,-0.014,0.004],"_shiftlockState":false,"_pose":"FreeFall","_animationQueue":[],"_animationSpeed":1,"_zoom":16.125},{"_mousePosition":[948,477],"_rootPartCFrame":[745.876,218.551,52.661,-0.188,0,0.982,0,1,0,-0.982,0,-0.188],"_humanoidState":5,"_cameraCFrame":[749.983,235.643,52.866,0.05,-0.966,0.255,0,0.255,0.967,-0.999,-0.048,0.013],"_shiftlockState":false,"_pose":"FreeFall","_animationQueue":[],"_animationSpeed":1,"_zoom":16.125},{"_mousePosition":[948,477],"_rootPartCFrame":[745.676,218.329,52.659,-0.168,0,0.986,0,1,0,-0.986,0,-0.168],"_humanoidState":7,"_cameraCFrame":[749.772,235.421,53.02,0.088,-0.963,0.254,0,0.255,0.967,-0.996,-0.085,0.022],"_shiftlockState":false,"_pose":"FreeFall","_animationQueue":[["walk",0.1],["fall",0.3],["fall",0.3]],"_animationSpeed":1,"_zoom":16.125},{"_mousePosition":[948,477],"_rootPartCFrame":[745.343,218.46,52.644,-0.133,0,0.991,0,1,0,-0.991,0,-0.133],"_humanoidState":7,"_cameraCFrame":[749.425,235.551,53.14,0.121,-0.96,0.253,0,0.255,0.967,-0.993,-0.117,0.031],"_shiftlockState":false,"_pose":"FreeFall","_animationQueue":[],"_animationSpeed":1,"_zoom":16.125},{"_mousePosition":[948,477],"_rootPartCFrame":[745.144,218.541,52.628,-0.111,0,0.994,0,1,0,-0.994,0,-0.111],"_humanoidState":7,"_cameraCFrame":[749.207,235.632,53.258,0.153,-0.956,0.252,0,0.255,0.967,-0.988,-0.148,0.039],"_shiftlockState":false,"_pose":"FreeFall","_animationQueue":[],"_animationSpeed":1,"_zoom":16.125},{"_mousePosition":[948,477],"_rootPartCFrame":[744.747,218.634,52.581,-0.065,0,0.998,0,1,0,-0.998,0,-0.065],"_humanoidState":8,"_cameraCFrame":[748.789,235.726,53.334,0.183,-0.951,0.251,0,0.255,0.967,-0.983,-0.177,0.047],"_shiftlockState":false,"_pose":"Running","_animationQueue":[["fall",0.3],["walk",0.1],["fall",0.3],["walk",0.1]],"_animationSpeed":1.103,"_zoom":16.125},{"_mousePosition":[948,477],"_rootPartCFrame":[744.483,218.664,52.541,-0.036,0,0.999,0,1,0,-0.999,0,-0.036],"_humanoidState":8,"_cameraCFrame":[748.501,235.756,53.416,0.213,-0.945,0.249,0,0.255,0.967,-0.977,-0.206,0.054],"_shiftlockState":false,"_pose":"Running","_animationQueue":[],"_animationSpeed":1.103,"_zoom":16.125},{"_mousePosition":[948,477],"_rootPartCFrame":[744.352,218.674,52.517,-0.021,0,1,0,1,0,-1,0,-0.021],"_humanoidState":8,"_cameraCFrame":[748.344,235.765,53.504,0.24,-0.939,0.248,0,0.255,0.967,-0.971,-0.232,0.061],"_shiftlockState":false,"_pose":"Running","_animationQueue":[],"_animationSpeed":1.103,"_zoom":16.125},{"_mousePosition":[948,477],"_rootPartCFrame":[744.091,218.686,52.461,0.01,0,1,0,1,0,-1,0,0.01],"_humanoidState":8,"_cameraCFrame":[748.016,235.786,53.58,0.274,-0.93,0.243,0,0.253,0.967,-0.962,-0.265,0.069],"_shiftlockState":false,"_pose":"Running","_animation