[{"_mousePosition":[736,388],"_rootPartCFrame":[776.023,222.7,47.142,0.003,0,1,0,1,0,-1,0,0.003],"_humanoidState":8,"_cameraCFrame":[784.075,238.12,45.953,-0.146,-0.854,0.499,0,0.505,0.863,-0.989,0.126,-0.074],"_shiftlockState":false,"_pose":"Standing","_animationQueue":[],"_animationSpeed":1,"_zoom":16.125},{"_mousePosition":[736,388],"_rootPartCFrame":[775.853,222.7,47.167,-0.012,0,1,0,1,0,-1,0,-0.012],"_humanoidState":8,"_cameraCFrame":[783.878,238.136,45.982,-0.146,-0.855,0.498,0,0.503,0.864,-0.989,0.126,-0.074],"_shiftlockState":false,"_pose":"Standing","_animationQueue":[],"_animationSpeed":1,"_zoom":16.125},{"_mousePosition":[736,388],"_rootPartCFrame":[775.592,222.7,47.206,-0.03,0,1,0,1,0,-1,0,-0.03],"_humanoidState":8,"_cameraCFrame":[783.589,238.151,46.025,-0.146,-0.856,0.496,0,0.501,0.865,-0.989,0.126,-0.073],"_shiftlockState":false,"_pose":"Running","_animationQueue":[["walk",0.1]],"_animationSpeed":1.003,"_zoom":16.125},{"_mousePosition":[736,388],"_rootPartCFrame":[775.328,222.7,47.245,-0.046,0,0.999,0,1,0,-0.999,0,-0.046],"_humanoidState":8,"_cameraCFrame":[783.299,238.167,46.067,-0.146,-0.857,0.494,0,0.5,0.866,-0.989,0.127,-0.073],"_shiftlockState":false,"_pose":"Running","_animationQueue":[["walk",0.1]],"_animationSpeed":1.101,"_zoom":16.125},{"_mousePosition":[736,388],"_rootPartCFrame":[775.064,222.7,47.284,-0.059,0,0.998,0,1,0,-0.998,0,-0.059],"_humanoidState":8,"_cameraCFrame":[783.011,238.183,46.131,-0.144,-0.858,0.493,0,0.498,0.867,-0.99,0.125,-0.072],"_shiftlockState":false,"_pose":"Running","_animationQueue":[],"_animationSpeed":1.101,"_zoom":16.125},{"_mousePosition":[736,388],"_rootPartCFrame":[774.8,222.7,47.323,-0.071,0,0.997,0,1,0,-0.997,0,-0.071],"_humanoidState":8,"_cameraCFrame":[782.672,238.23,46.221,-0.139,-0.862,0.488,0,0.493,0.87,-0.99,0.121,-0.068],"_shiftlockState":false,"_pose":"Running","_animationQueue":[],"_animationSpeed":1.101,"_zoom":16.125},{"_mousePosition":[736,388],"_rootPartCFrame":[774.536,222.7,47.361,-0.081,0,0.997,0,1,0,-0.997,0,-0.081],"_humanoidState":8,"_cameraCFrame":[782.411,238.23,46.279,-0.136,-0.862,0.488,0,0.493,0.87,-0.991,0.118,-0.067],"_shiftlockState":false,"_pose":"Running","_animationQueue":[["walk",0.1]],"_animationSpeed":1.101,"_zoom":16.125},{"_mousePosition":[736,388],"_rootPartCFrame":[774.272,222.7,47.398,-0.089,0,0.996,0,1,0,-0.996,0,-0.089],"_humanoidState":8,"_cameraCFrame":[782.125,238.245,46.36,-0.131,-0.864,0.487,0,0.491,0.871,-0.991,0.114,-0.064],"_shiftlockState":false,"_pose":"Running","_animationQueue":[],"_animationSpeed":1.101,"_zoom":16.125},{"_mousePosition":[736,388],"_rootPartCFrame":[774.008,222.7,47.435,-0.095,0,0.995,0,1,0,-0.995,0,-0.095],"_humanoidState":8,"_cameraCFrame":[781.812,238.276,46.443,-0.126,-0.866,0.484,0,0.488,0.873,-0.992,0.11,-0.062],"_shiftlockState":false,"_pose":"Running","_animationQueue":[],"_animationSpeed":1.101,"_zoom":16.125},{"_mousePosition":[736,388],"_rootPartCFrame":[773.612,222.7,47.487,-0.103,0,0.995,0,1,0,-0.995,0,-0.103],"_humanoidState":8,"_cameraCFrame":[781.395,238.291,46.558,-0.119,-0.868,0.483,0,0.486,0.874,-0.993,0.104,-0.058],"_shiftlockState":false,"_pose":"Running","_animationQueue":[],"_animationSpeed":1.101,"_zoom":16.125},{"_mousePosition":[736,388],"_rootPartCFrame":[773.479,222.7,47.504,-0.104,0,0.995,0,1,0,-0.995,0,-0.104],"_humanoidState":8,"_cameraCFrame":[781.219,238.322,46.679,-0.106,-0.871,0.48,0,0.483,0.876,-0.994,0.093,-0.051],"_shiftlockState":false,"_pose":"Running","_animationQueue":[],"_animationSpeed":1.101,"_zoom":16.125},{"_mousePosition":[736,388],"_rootPartCFrame":[773.214,222.7,47.536,-0.106,0,0.994,0,1,0,-0.994,0,-0.106],"_humanoidState":8,"_cameraCFrame":[780.911,238.352,46.834,-0.091,-0.874,0.477,0,0.479,0.878,-0.996,0.08,-0.044],"_shiftlockState":false,"_pose":"Running","_animationQueue":[],"_animationSpeed":1.101,"_zoom":16.125},{"_mousePosition":[736,388],"_rootPartCFrame":[772.949,222.7,47.565,-0.107,0,0.994,0,1,0,-0.994,0,-0.107],"_humanoidState":8,"_cameraCFrame":[780.576,238.397,47.024,-0.071,-0.878,0.473,0,0.474,0.88,-0.997,0.062,-0.034],"_shiftlockState":false,"_pose":"Running","_animationQueue":[],"_animationSpeed":1.101,"_zoom":16.125},{"_mousePosition":[736,388],"_rootPartCFrame":[772.684,222.7,47.589,-0.105,0,0.995,0,1,0,-0.995,0,-0.105],"_humanoidState":8,"_cameraCFrame":[780.236,238.441,47.188,-0.053,-0.882,0.468,0,0.469,0.883,-0.999,0.047,-0.025],"_shiftlockState":false,"_pose":"Running","_animationQueue":[["walk",0.1]],"_animationSpeed":1.101,"_zoom":16.125},{"_mousePosition":[736,388],"_rootPartCFrame":[772.418,222.7,47.608,-0.1,0,0.995,0,1,0,-0.995,0,-0.1],"_humanoidState":8,"_cameraCFrame":[779.921,238.471,47.362,-0.033,-0.885,0.465,0,0.466,0.885,-0.999,0.029,-0.015],"_shiftlockState":false,"_pose":"Running","_animationQueue":[],"_animationSpeed":1.101,"_zoom":16.125},{"_mousePosition":[736,388],"_rootPartCFrame":[772.018,222.7,47.63,-0.091,0,0.996,0,1,0,-0.996,0,-0.091],"_humanoidState":8,"_cameraCFrame":[779.414,238.529,47.537,-0.013,-0.889,0.459,0,0.459,0.889,-1,0.011,-0.006],"_shiftlockState":false,"_pose":"Running","_animationQueue":[],"_animationSpeed":1.101,"_zoom":16.125},{"_mousePosition":[736,388],"_rootPartCFrame":[771.885,222.7,47.635,-0.087,0,0.996,0,1,0,-0.996,0,-0.087],"_humanoidState":8,"_cameraCFrame":[779.197,238.572,47.654,0.003,-0.891,0.453,0,0.453,0.891,-1,-0.002,0.001],"_shiftlockState":false,"_pose":"Running","_animationQueue":[],"_animationSpeed":1.101,"_zoom":16.125},{"_mousePosition":[736,388],"_rootPartCFrame":[771.619,222.7,47.639,-0.078,0,0.997,0,1,0,-0.997,0,-0.078],"_humanoidState":8,"_cameraCFrame":[778.816,238.628,47.803,0.023,-0.895,0.446,0,0.446,0.895,-1,-0.02,0.01],"_shiftlockState":false,"_pose":"Running","_animationQueue":[],"_animationSpeed":1.101,"_zoom":16.125},{"_mousePosition":[736,388],"_rootPartCFrame":[771.219,222.7,47.638,-0.062,0,0.998,0,1,0,-0.998,0,-0.062],"_humanoidState":8,"_cameraCFrame":[778.387,238.642,47.838,0.028,-0.895,0.445,0,0.445,0.896,-1,-0.025,0.012],"_shiftlockState":false,"_pose":"Running","_animationQueue":[],"_animationSpeed":1.101,"_zoom":16.125},{"_mousePosition":[736,388],"_rootPartCFrame":[770.952,222.7,47.632,-0.05,0,0.999,0,1,0,-0.999,0,-0.05],"_humanoidState":8,"_cameraCFrame":[778.033,238.684,47.92,0.041,-0.898,0.439,0,0.44,0.898,-0.999,-0.036,0.018],"_shiftlockState":false,"_pose":"Running","_animationQueue":[["walk",0.1]],"_animationSpeed":1.101,"_zoom":16.125},{"_mousePosition":[736,388],"_rootPartCFrame":[770.819,222.7,47.629,-0.045,0,0.999,0,1,0,-0.999,0,-0.045],"_humanoidState":8,"_cameraCFrame":[777.842,238.711,47.95,0.046,-0.899,0.436,0,0.436,0.9,-0.999,-0.041,0.02],"_shiftlockState":false,"_pose":"Running","_animationQueue":[],"_animationSpeed":1.101,"_zoom":16.125},{"_mousePosition":[736,388],"_rootPartCFrame":[770.552,222.7,47.618,-0.034,0,0.999,0,1,0,-0.999,0,-0.034],"_humanoidState":8,"_cameraCFrame":[777.546,238.725,47.955,0.048,-0.9,0.434,0,0.434,0.901,-0.999,-0.043,0.021],"_shiftlockState":false,"_pose":"Running","_animationQueue":[],"_animationSpeed":1.101,"_zoom":16.125},{"_mousePosition":[736,388],"_rootPartCFrame":[770.286,222.666,47.607,-0.022,0,1,0,1,0,-1,0,-0.022],"_humanoidState":8,"_cameraCFrame":[777.25,238.705,47.978,0.053,-0.9,0.432,0,0.432,0.902,-0.999,-0.048,0.023],"_shiftlockState":false,"_pose":"Running","_animationQueue":[],"_animationSpeed":1.101,"_zoom":16.125},{"_mousePosition":[736,388],"_rootPartCFrame":[770.02,222.577,47.597,-0.011,0,1,0,1,0,-1,0,-0.011],"_humanoidState":8,"_cameraCFrame":[776.925,238.643,48,0.058,-0.902,0.428,0,0.429,0.903,-0.998,-0.053,0.025],"_shiftlockState":false,"_pose":"Running","_animationQueue":[],"_animationSpeed":1.101,"_zoom":16.125},{"_mousePosition":[736,388],"_rootPartCFrame":[769.753,223.44,47.586,0,0,1,0,1,0,-1,0,0],"_humanoidState":3,"_cameraCFrame":[776.659,239.506,47.989,0.058,-0.902,0.428,0,0.429,0.903,-0.998,-0.053,0.025],"_shiftlockState":false,"_pose":"Jumping","_animationQueue":[["walk",0.1],["jump",0.1]],"_animationSpeed":1,"_zoom":16.125},{"_mousePosition":[736,388],"_rootPartCFrame":[769.487,224.248,47.571,0.009,0,1,0,1,0,-1,0,0.009],"_humanoidState":5,"_cameraCFrame":[776.392,240.314,47.974,0.058,-0.902,0.428,0,0.429,0.903,-0.998,-0.053,0.025],"_shiftlockState":false,"_pose":"FreeFall","_animationQueue":[["jump",0.1]],"_animationSpeed":1,"_zoom":16.125},{"_mousePosition":[736,388],"_rootPartCFrame":[769.221,225.002,47.555,0.016,0,1,0,1,0,-1,0,0.016],"_humanoidState":5,"_cameraCFrame":[776.126,241.068,47.958,0.058,-0.902,0.428,0,0.429,0.903,-0.998,-0.053,0.025],"_shiftlockState":false,"_pose":"FreeFall","_animationQueue":[],"_animationSpeed":1,"_zoom":16.125},{"_mousePosition":[736,388],"_rootPartCFrame":[768.955,225.702,47.54,0.022,0,1,0,1,0,-1,0,0.022],"_humanoidState":5,"_cameraCFrame":[775.86,241.768,47.943,0.058,-0.902,0.428,0,0.429,0.903,-0.998,-0.053,0.025],"_shiftlockState":false,"_pose":"FreeFall","_animationQueue":[],"_animationSpeed":1,"_zoom":16.125},{"_mousePosition":[736,388],"_rootPartCFrame":[768.689,226.347,47.524,0.027,0,1,0,1,0,-1,0,0.027],"_humanoidState":5,"_cameraCFrame":[775.565,242.426,47.943,0.061,-0.902,0.426,0,0.427,0.904,-0.998,-0.055,0.026],"_shiftlockState":false,"_pose":"FreeFall","_animationQueue":[],"_animationSpeed":1,"_zoom":16.125},{"_mousePosition":[736,388],"_rootPartCFrame":[768.422,226.937,47.509,0.032,0,0.999,0,1,0,-0.999,0,0.032],"_humanoidState":5,"_cameraCFrame":[775.242,243.043,47.924,0.061,-0.904,0.423,0,0.424,0.906,-0.998,-0.055,0.026],"_shiftlockState":false,"_pose":"FreeFall","_animationQueue":[],"_animationSpeed":1,"_zoom":16.125},{"_mousePosition":[736,388],"_rootPartCFrame":[768.156,227.473,47.493,0.036,0,0.999,0,1,0,-0.999,0,0.036],"_humanoidState":5,"_cameraCFrame":[774.919,243.606,47.905,0.061,-0.906,0.419,0,0.42,0.907,-0.998,-0.055,0.026],"_shiftlockState":false,"_pose":"FreeFall","_animationQueue":[],"_animationSpeed":1,"_zoom":16.125},{"_mousePosition":[736,388],"_rootPartCFrame":[767.89,227.954,47.476,0.039,0,0.999,0,1,0,-0.999,0,0.039],"_humanoidState":5,"_cameraCFrame":[774.567,244.126,47.883,0.061,-0.908,0.414,0,0.415,0.91,-0.998,-0.055,0.025],"_shiftlockState":false,"_pose":"FreeFall","_animationQueue":[],"_animationSpeed":1,"_zoom":16.125},{"_mousePosition":[736,388],"_rootPartCFrame":[767.624,228.381,47.46,0.042,0,0.999,0,1,0,-0.999,0,0.042],"_humanoidState":5,"_cameraCFrame":[774.244,244.579,47.863,0.061,-0.91,0.411,0,0.411,0.912,-0.998,-0.055,0.025],"_shiftlockState":false,"_pose":"FreeFall","_animationQueue":[],"_animationSpeed":1,"_zoom":16.125},{"_mousePosition":[736,388],"_rootPartCFrame":[767.358,228.753,47.444,0.045,0,0.999,0,1,0,-0.999,0,0.045],"_humanoidState":5,"_cameraCFrame":[773.921,244.977,47.844,0.061,-0.911,0.407,0,0.408,0.913,-0.998,-0.056,0.025],"_shiftlockState":false,"_pose":"FreeFall","_animationQueue":[],"_animationSpeed":1,"_zoom":16.125},{"_mousePosition":[736,388],"_rootPartCFrame":[767.092,229.071,47.428,0.047,0,0.999,0,1,0,-0.999,0,0.047],"_humanoidState":5,"_cameraCFrame":[773.597,245.321,47.824,0.061,-0.913,0.403,0,0.404,0.915,-0.998,-0.056,0.025],"_shiftlockState":false,"_pose":"FreeFall","_animationQueue":[],"_animationSpeed":1,"_zoom":16.125},{"_mousePosition":[736,388],"_rootPartCFrame":[766.759,229.392,47.407,0.05,0,0.999,0,1,0,-0.999,0,0.05],"_humanoidState":5,"_cameraCFrame":[773.207,245.667,47.8,0.061,-0.915,0.4,0,0.401,0.916,-0.998,-0.056,0.024],"_shiftlockState":false,"_pose":"FreeFall","_animationQueue":[],"_animationSpeed":1,"_zoom":16.125},{"_mousePosition":[736,388],"_rootPartCFrame":[766.56,229.544,47.395,0.051,0,0.999,0,1,0,-0.999,0,0.051],"_humanoidState":5,"_cameraCFrame":[772.95,245.843,47.785,0.061,-0.916,0.396,0,0.397,0.918,-0.998,-0.056,0.024],"_shiftlockState":false,"_pose":"FreeFall","_animationQueue":[],"_animationSpeed":1,"_zoom":16.125},{"_mousePosition":[736,388],"_rootPartCFrame":[766.294,229.698,47.379,0.052,0,0.999,0,1,0,-0.999,0,0.052],"_humanoidState":5,"_cameraCFrame":[772.655,246.01,47.767,0.061,-0.917,0.395,0,0.395,0.919,-0.998,-0.056,0.024],"_shiftlockState":false,"_pose":"FreeFall","_animationQueue":[],"_animationSpeed":1,"_zoom":16.125},{"_mousePosition":[736,388],"_rootPartCFrame":[766.027,229.798,47.363,0.053,0,0.999,0,1,0,-0.999,0,0.053],"_humanoidState":5,"_cameraCFrame":[772.331,246.135,47.747,0.061,-0.918,0.391,0,0.392,0.92,-0.998,-0.056,0.024],"_shiftlockState":false,"_pose":"FreeFall","_animationQueue":[],"_animationSpeed":1,"_zoom":16.125},{"_mousePosition":[736,388],"_rootPartCFrame":[765.695,229.846,47.343,0.055,0,0.999,0,1,0,-0.999,0,0.055],"_humanoidState":5,"_cameraCFrame":[771.941,246.208,47.723,0.061,-0.92,0.387,0,0.388,0.922,-0.998,-0.056,0.024],"_shiftlockState":false,"_pose":"FreeFall","_animationQueue":[["fall",0.3]],"_animationSpeed":1,"_zoom":16.125},{"_mousePosition":[736,388],"_rootPartCFrame":[765.495,229.834,47.33,0.055,0,0.998,0,1,0,-0.998,0,0.055],"_humanoidState":5,"_cameraCFrame":[771.683,246.22,47.707,0.061,-0.921,0.384,0,0.384,0.923,-0.998,-0.056,0.023],"_shiftlockState":false,"_pose":"FreeFall","_animationQueue":[],"_animationSpeed":1,"_zoom":16.125},{"_mousePosition":[736,388],"_rootPartCFrame":[765.229,229.771,47.314,0.056,0,0.998,0,1,0,-0.998,0,0.056],"_humanoidState":5,"_cameraCFrame":[771.359,246.18,47.688,0.061,-0.923,0.38,0,0.381,0.925,-0.998,-0.056,0.023],"_shiftlockState":false,"_pose":"FreeFall","_animationQueue":[],"_animationSpeed":1,"_zoom":16.125},{"_mousePosition":[736,388],"_rootPartCFrame":[764.963,229.653,47.298,0.057,0,0.998,0,1,0,-0.998,0,0.057],"_humanoidState":5,"_cameraCFrame":[771.035,246.086,47.668,0.061,-0.924,0.377,0,0.377,0.926,-0.998,-0.056,0.023],"_shiftlockState":false,"_pose":"FreeFall","_animationQueue":[],"_animationSpeed":1,"_zoom":16.125},{"_mousePosition":[736,388],"_rootPartCFrame":[764.697,229.48,47.282,0.057,0,0.998,0,1,0,-0.998,0,0.057],"_humanoidState":5,"_cameraCFrame":[770.683,245.949,47.631,0.058,-0.927,0.371,0,0.372,0.928,-0.998,-0.054,0.022],"_shiftlockState":false,"_pose":"FreeFall","_animationQueue":[],"_animationSpeed":1,"_zoom":16.125},{"_mousePosition":[736,388],"_rootPartCFrame":[764.431,229.253,47.266,0.058,0,0.998,0,1,0,-0.998,0,0.058],"_humanoidState":5,"_cameraCFrame":[770.359,245.745,47.597,0.056,-0.928,0.368,0,0.368,0.93,-0.998,-0.052,0.021],"_shiftlockState":false,"_pose":"FreeFall","_animationQueue":[],"_animationSpeed":1,"_zoom":16.125},{"_mousePosition":[736,388],"_rootPartCFrame":[764.165,228.971,47.25,0.058,0,0.998,0,1,0,-0.998,0,0.058],"_humanoidState":5,"_cameraCFrame":[770.008,245.498,47.532,0.048,-0.931,0.362,0,0.363,0.932,-0.999,-0.045,0.017],"_shiftlockState":false,"_pose":"FreeFall","_animationQueue":[],"_animationSpeed":1,"_zoom":16.125},{"_mousePosition":[736,388],"_rootPartCFrame":[763.832,228.543,47.231,0.058,0,0.998,0,1,0,-0.998,0,0.058],"_humanoidState":5,"_cameraCFrame":[769.589,245.103,47.45,0.038,-0.933,0.357,0,0.357,0.934,-0.999,-0.036,0.014],"_shiftlockState":false,"_pose":"FreeFall","_animationQueue":[["fall",0.3]],"_animationSpeed":1,"_zoom":16.125},{"_mousePosition":[736,388],"_rootPartCFrame":[763.632,228.245,47.221,0.057,0,0.998,0,1,0,-0.998,0,0.057],"_humanoidState":5,"_cameraCFrame":[769.275,244.849,47.35,0.023,-0.936,0.35,0,0.35,0.937,-1,-0.021,0.008],"_shiftlockState":false,"_pose":"FreeFall","_animationQueue":[],"_animationSpeed":1,"_zoom":16.125},{"_mousePosition":[736,388],"_rootPartCFrame":[763.366,227.799,47.211,0.055,0,0.998,0,1,0,-0.998,0,0.055],"_humanoidState":5,"_cameraCFrame":[768.892,244.448,47.239,0.005,-0.939,0.343,0,0.343,0.939,-1,-0.005,0.002],"_shiftlockState":false,"_pose":"FreeFall","_animationQueue":[],"_animationSpeed":1,"_zoom":16.125},{"_mousePosition":[736,388],"_rootPartCFrame":[763.099,227.3,47.204,0.051,0,0.999,0,1,0,-0.999,0,0.051],"_humanoidState":5,"_cameraCFrame":[768.506,243.991,47.109,-0.018,-0.942,0.335,0,0.335,0.942,-1,0.017,-0.006],"_shiftlockState":false,"_pose":"FreeFall","_animationQueue":[],"_animationSpeed":1,"_zoom":16.125},{"_mousePosition":[736,388],"_rootPartCFrame":[762.766,226.599,47.202,0.044,0,0.999,0,1,0,-0.999,0,0.044],"_humanoidState":5,"_cameraCFrame":[768.051,243.331,46.988,-0.04,-0.944,0.328,0,0.328,0.945,-0.999,0.038,-0.013],"_shiftlockState":false,"_pose":"FreeFall","_animationQueue":[],"_animationSpeed":1,"_zoom":16.125},{"_mousePosition":[736,388],"_rootPartCFrame":[762.566,226.137,47.204,0.039,0,0.999,0,1,0,-0.999,0,0.039],"_humanoidState":7,"_cameraCFrame":[767.725,242.911,46.865,-0.066,-0.945,0.32,0,0.321,0.947,-0.998,0.062,-0.021],"_shiftlockState":false,"_pose":"FreeFall","_animationQueue":[["walk",0.1],["fall",0.3],["fall",0.3]],"_animationSpeed":1,"_zoom":16.125},{"_mousePosition":[736,388],"_rootPartCFrame":[762.299,225.557,47.214,0.029,0,1,0,1,0,-1,0,0.029],"_humanoidState":7,"_cameraCFrame":[767.36,242.36,46.752,-0.091,-0.945,0.314,0,0.315,0.949,-0.996,0.086,-0.029],"_shiftlockState":false,"_pose":"FreeFall","_animationQueue":[],"_animationSpeed":1,"_zoom":16.125},{"_mousePosition":[736,388],"_rootPartCFrame":[762.033,225.52,47.231,0.017,0,1,0,1,0,-1,0,0.017],"_humanoidState":7,"_cameraCFrame":[767.024,242.343,46.673,-0.111,-0.944,0.309,0,0.311,0.95,-0.994,0.105,-0.035],"_shiftlockState":false,"_pose":"FreeFall","_animationQueue":[["fall",0.3]],"_animationSpeed":1,"_zoom":16.125},{"_mousePosition":[736,388],"_rootPartCFrame":[761.768,225.586,47.254,0.003,0,1,0,1,0,-1,0,0.003],"_humanoidState":8,"_cameraCFrame":[766.69,242.429,46.628,-0.126,-0.944,0.305,0,0.308,0.951,-0.992,0.12,-0.039],"_shiftlockState":false,"_pose":"Running","_animationQueue":[["walk",0.1],["fall",0.3],["walk",0.1]],"_animationSpeed":1.103,"_zoom":16.125},{"_mousePosition":[736,388],"_rootPartCFrame":[761.503,225.636,47.283,-0.012,0,1,0,1,0,-1,0,-0.012],"_humanoidState":8,"_cameraCFrame":[766.32,242.508,46.559,-0.149,-0.943,0.299,0,0.302,0.953,-0.989,0.142,-0.045],"_shiftlockState":false,"_pose":"Running","_animationQueue":[],"_animationSpeed":1.103,"_zoom":16.125},{"_mousePosition":[736,388],"_rootPartCFrame":[761.238,225.665,47.316,-0.027,0,1,0,1,0,-1,0,-0.027],"_humanoidState":8,"_cameraCFrame":[765.985,242.555,46.529,-0.164,-0.942,0.294,0,0.298,0.954,-0.987,0.156,-0.049],"_shiftlockState":false,"_pose":"Running","_animationQueue":[],"_animationSpeed":1.103,"_zoom":16.125},{"_mousePosition":[736,388],"_rootPartCFrame":[760.974,225.681,47.355,-0.043,0,0.999,0,1,0,-0.999,0,-0.043],"_humanoidState":8,"_cameraCFrame":[765.682,242.581,46.513,-0.176,-0.94,0.292,0,0.297,0.955,-0.984,0.168,-0.052],"_shiftlockState":false,"_pose":"Running","_animationQueue":[],"_animationSpeed":1.103,"_zoom":16.125},{"_mousePosition":[736,388],"_rootPartCFrame":[760.711,225.69,47.399,-0.059,0,0.998,0,1,0,-0.998,0,-0.059],"_humanoidState":8,"_cameraCFrame":[765.348,242.608,46.508,-0.189,-0.939,0.288,0,0.293,0.956,-0.982,0.18,-0.055],"_shiftlockState":false,"_pose":"Running","_animationQueue":[],"_animationSpeed":1.103,"_zoom":16.125},{"_mousePosition":[736,388],"_rootPartCFrame":[760.449,225.694,47.445,-0.075,0,0.997,0,1,0,-0.997,0,-0.075],"_humanoidState":8,"_cameraCFrame":[765.018,242.631,46.52,-0.198,-0.938,0.283,0,0.289,0.957,-0.98,0.19,-0.057],"_shiftlockState":false,"_pose":"Running","_animationQueue":[["walk",0.1]],"_animationSpeed":1.103,"_zoom":16.125},{"_mousePosition":[736,388],"_rootPartCFrame":[760.187,225.697,47.495,-0.09,0,0.996,0,1,0,-0.996,0,-0.09],"_humanoidState":8,"_cameraCFrame":[764.687,242.651,46.536,-0.208,-0.937,0.279,0,0.285,0.958,-0.978,0.2,-0.059],"_shiftlockState":false,"_pose":"Running","_animationQueue":[],"_animationSpeed":1.103,"_zoom":16.125},{"_mousePosition":[736,388],"_rootPartCFrame":[759.925,225.698,47.548,-0.105,0,0.994,0,1,0,-0.994,0,-0.105],"_humanoidState":8,"_cameraCFrame":[764.36,242.67,46.568,-0.216,-0.937,0.275,0,0.282,0.96,-0.976,0.207,-0.061],"_shiftlockState":false,"_pose":"Running","_animationQueue":[],"_animationSpeed":1.103,"_zoom":16.125},{"_mousePosition":[736,388],"_rootPartCFrame":[759.664,225.699,47.604,-0.119,0,0.993,0,1,0,-0.993,0,-0.119],"_humanoidState":8,"_cameraCFrame":[764.006,242.697,46.621,-0.221,-0.937,0.269,0,0.276,0.961,-0.975,0.212,-0.061],"_shiftlockState":false,"_pose":"Running","_animationQueue":[],"_animationSpeed":1.103,"_zoom":16.125},{"_mousePosition":[736,388],"_rootPartCFrame":[759.404,225.699,47.661,-0.132,0,0.991,0,1,0,-0.991,0,-0.132],"_humanoidState":8,"_cameraCFrame":[763.679,242.715,46.659,-0.228,-0.937,0.265,0,0.272,0.962,-0.974,0.22,-0.062],"_shiftlockState":false,"_pose":"Running","_animationQueue":[],"_animationSpeed":1.103,"_zoom":16.125},{"_mousePosition":[736,388],"_rootPartCFrame":[759.144,225.7,47.72,-0.144,0,0.99,0,1,0,-0.99,0,-0.144],"_humanoidState":8,"_cameraCFrame":[763.323,242.741,46.707,-0.236,-0.937,0.259,0,0.267,0.964,-0.972,0.227,-0.063],"_shiftlockState":false,"_pose":"Running","_animationQueue":[],"_animationSpeed":1.103,"_zoom":16.125},{"_mousePosition":[736,388],"_rootPartCFrame":[758.884,225.7,47.78,-0.155,0,0.988,0,1,0,-0.988,0,-0.155],"_humanoidState":8,"_cameraCFrame":[762.996,242.757,46.751,-0.243,-0.936,0.255,0,0.263,0.965,-0.97,0.234,-0.064],"_shiftlockState":false,"_pose":"Running","_animationQueue":[["walk",0.1]],"_animationSpeed":1.103,"_zoom":16.125},{"_mousePosition":[736,388],"_rootPartCFrame":[758.625,225.7,47.843,-0.166,0,0.986,0,1,0,-0.986,0,-0.166],"_humanoidState":8,"_cameraCFrame":[762.641,242.782,46.805,-0.25,-0.936,0.249,0,0.257,0.966,-0.968,0.242,-0.064],"_shiftlockState":false,"_pose":"Running","_animationQueue":[],"_animationSpeed":1.103,"_zoom":16.125},{"_mousePosition":[736,388],"_rootPartCFrame":[758.366,225.684,47.908,-0.176,0,0.984,0,1,0,-0.984,0,-0.176],"_humanoidState":8,"_cameraCFrame":[762.254,242.798,46.86,-0.26,-0.935,0.241,0,0.25,0.968,-0.966,0.252,-0.065],"_shiftlockState":false,"_pose":"Running","_animationQueue":[],"_animationSpeed":1.103,"_zoom":16.125},{"_mousePosition":[736,388],"_rootPartCFrame":[758.043,226.754,47.989,-0.189,0,0.982,0,1,0,-0.982,0,-0.189],"_humanoidState":3,"_cameraCFrame":[761.869,243.884,46.948,-0.263,-0.935,0.237,0,0.246,0.969,-0.965,0.254,-0.065],"_shiftlockState":false,"_pose":"Jumping","_animationQueue":[["walk",0.1],["jump",0.1]],"_animationSpeed":1,"_zoom":16.125},{"_mousePosition":[736,388],"_rootPartCFrame":[757.849,227.355,48.04,-0.197,0,0.98,0,1,0,-0.98,0,-0.197],"_humanoidState":5,"_cameraCFrame":[761.644,244.493,46.997,-0.265,-0.935,0.235,0,0.244,0.97,-0.964,0.257,-0.065],"_shiftlockState":false,"_pose":"FreeFall","_animationQueue":[["jump",0.1]],"_animationSpeed":1,"_zoom":16.125},{"_mousePosition":[736,388],"_rootPartCFrame":[757.592,228.109,48.11,-0.206,0,0.979,0,1,0,-0.979,0,-0.206],"_humanoidState":5,"_cameraCFrame":[761.357,245.254,47.075,-0.265,-0.936,0.234,0,0.242,0.97,-0.964,0.257,-0.064],"_shiftlockState":false,"_pose":"FreeFall","_animationQueue":[],"_animationSpeed":1,"_zoom":16.125},{"_mousePosition":[736,388],"_rootPartCFrame":[757.335,228.809,48.18,-0.214,0,0.977,0,1,0,-0.977,0,-0.214],"_humanoidState":5,"_cameraCFrame":[761.1,245.954,47.146,-0.265,-0.936,0.234,0,0.242,0.97,-0.964,0.257,-0.064],"_shiftlockState":false,"_pose":"FreeFall","_animationQueue":[],"_animationSpeed":1,"_zoom":16.125},{"_mousePosition":[736,388],"_rootPartCFrame":[757.078,229.454,48.251,-0.221,0,0.975,0,1,0,-0.975,0,-0.221],"_humanoidState":5,"_cameraCFrame":[760.843,246.599,47.216,-0.265,-0.936,0.234,0,0.242,0.97,-0.964,0.257,-0.064],"_shiftlockState":false,"_pose":"FreeFall","_animationQueue":[],"_animationSpeed":1,"_zoom":16.125},{"_mousePosition":[736,388],"_rootPartCFrame":[756.821,230.044,48.322,-0.227,0,0.974,0,1,0,-0.974,0,-0.227],"_humanoidState":5,"_cameraCFrame":[760.586,247.189,47.287,-0.265,-0.936,0.234,0,0.242,0.97,-0.964,0.257,-0.064],"_shiftlockState":false,"_pose":"FreeFall","_animationQueue":[],"_animationSpeed":1,"_zoom":16.125},{"_mousePosition":[736,388],"_rootPartCFrame":[756.564,230.58,48.392,-0.233,0,0.973,0,1,0,-0.973,0,-0.233],"_humanoidState":5,"_cameraCFrame":[760.329,247.725,47.358,-0.265,-0.936,0.234,0,0.242,0.97,-0.964,0.257,-0.064],"_shiftlockState":false,"_pose":"FreeFall","_animationQueue":[],"_animationSpeed":1,"_zoom":16.125},{"_mousePosition":[736,388],"_rootPartCFrame":[756.307,231.061,48.463,-0.237,0,0.971,0,1,0,-0.971,0,-0.237],"_humanoidState":5,"_cameraCFrame":[760.072,248.206,47.428,-0.265,-0.936,0.234,0,0.242,0.97,-0.964,0.257,-0.064],"_shiftlockState":false,"_pose":"FreeFall","_animationQueue":[],"_animationSpeed":1,"_zoom":16.125},{"_mousePosition":[736,388],"_rootPartCFrame":[756.05,231.488,48.534,-0.241,0,0.97,0,1,0,-0.97,0,-0.241],"_humanoidState":5,"_cameraCFrame":[759.815,248.633,47.499,-0.265,-0.936,0.234,0,0.242,0.97,-0.964,0.257,-0.064],"_shiftlockState":false,"_pose":"FreeFall","_animationQueue":[],"_animationSpeed":1,"_zoom":16.125},{"_mousePosition":[736,388],"_rootPartCFrame":[755.792,231.861,48.604,-0.245,0,0.97,0,1,0,-0.97,0,-0.245],"_humanoidState":5,"_cameraCFrame":[759.558,249.006,47.57,-0.265,-0.936,0.234,0,0.242,0.97,-0.964,0.257,-0.064],"_shiftlockState":false,"_pose":"FreeFall","_animationQueue":[],"_animationSpeed":1,"_zoom":16.125},{"_mousePosition":[736,388],"_rootPartCFrame":[755.535,232.178,48.675,-0.247,0,0.969,0,1,0,-0.969,0,-0.247],"_humanoidState":5,"_cameraCFrame":[759.271,249.331,47.648,-0.265,-0.936,0.232,0,0.24,0.971,-0.964,0.257,-0.064],"_shiftlockState":false,"_pose":"FreeFall","_animationQueue":[],"_animationSpeed":1,"_zoom":16.125},{"_mousePosition":[736,388],"_rootPartCFrame":[755.278,232.442,48.746,-0.25,0,0.968,0,1,0,-0.968,0,-0.25],"_humanoidState":5,"_cameraCFrame":[759.014,249.595,47.719,-0.265,-0.936,0.232,0,0.24,0.971,-0.964,0.257,-0.064],"_shiftlockState":false,"_pose":"FreeFall","_animationQueue":[],"_animationSpeed":1,"_zoom":16.125},{"_mousePosition":[736,388],"_rootPartCFrame":[755.021,232.651,48.816,-0.252,0,0.968,0,1,0,-0.968,0,-0.252],"_humanoidState":5,"_cameraCFrame":[758.728,249.811,47.798,-0.265,-0.936,0.23,0,0.238,0.971,-0.964,0.257,-0.063],"_shiftlockState":false,"_pose":"FreeFall","_animationQueue":[],"_animationSpeed":1,"_zoom":16.125},{"_mousePosition":[736,388],"_rootPartCFrame":[754.764,232.805,48.887,-0.254,0,0.967,0,1,0,-0.967,0,-0.254],"_humanoidState":5,"_cameraCFrame":[758.471,249.965,47.868,-0.265,-0.936,0.23,0,0.238,0.971,-0.964,0.257,-0.063],"_shiftlockState":false,"_pose":"FreeFall","_animationQueue":[],"_animationSpeed":1,"_zoom":16.125},{"_mousePosition":[736,388],"_rootPartCFrame":[754.507,232.905,48.957,-0.255,0,0.967,0,1,0,-0.967,0,-0.255],"_humanoidState":5,"_cameraCFrame":[758.184,250.073,47.947,-0.265,-0.937,0.228,0,0.236,0.972,-0.964,0.257,-0.063],"_shiftlockState":false,"_pose":"FreeFall","_animationQueue":[],"_animationSpeed":1,"_zoom":16.125},{"_mousePosition":[736,388],"_rootPartCFrame":[754.25,232.95,49.028,-0.257,0,0.966,0,1,0,-0.966,0,-0.257],"_humanoidState":5,"_cameraCFrame":[757.898,250.125,48.026,-0.265,-0.937,0.226,0,0.235,0.972,-0.964,0.258,-0.062],"_shiftlockState":false,"_pose":"FreeFall","_animationQueue":[],"_animationSpeed":1,"_zoom":16.125},{"_mousePosition":[736,388],"_rootPartCFrame":[753.993,232.941,49.099,-0.258,0,0.966,0,1,0,-0.966,0,-0.258],"_humanoidState":5,"_cameraCFrame":[757.613,250.124,48.114,-0.263,-0.938,0.225,0,0.233,0.973,-0.965,0.255,-0.061],"_shiftlockState":false,"_pose":"FreeFall","_animationQueue":[],"_animationSpeed":1,"_zoom":16.125},{"_mousePosition":[736,388],"_rootPartCFrame":[753.736,232.878,49.169,-0.259,0,0.966,0,1,0,-0.966,0,-0.259],"_humanoidState":5,"_cameraCFrame":[757.329,250.067,48.202,-0.26,-0.94,0.223,0,0.231,0.973,-0.966,0.253,-0.06],"_shiftlockState":false,"_pose":"FreeFall","_animationQueue":[["fall",0.3]],"_animationSpeed":1,"_zoom":16.125},{"_mousePosition":[736,388],"_rootPartCFrame":[753.479,232.76,49.24,-0.26,0,0.966,0,1,0,-0.966,0,-0.26],"_humanoidState":5,"_cameraCFrame":[757.045,249.957,48.289,-0.258,-0.941,0.221,0,0.229,0.973,-0.966,0.251,-0.059],"_shiftlockState":false,"_pose":"FreeFall","_animationQueue":[],"_animationSpeed":1,"_zoom":16.125},{"_mousePosition":[736,388],"_rootPartCFrame":[753.221,232.587,49.309,-0.26,0,0.966,0,1,0,-0.966,0,-0.26],"_humanoidState":5,"_cameraCFrame":[756.763,249.791,48.384,-0.253,-0.942,0.22,0,0.227,0.974,-0.968,0.246,-0.057],"_shiftlockState":false,"_pose":"FreeFall","_animationQueue":[],"_animationSpeed":1,"_zoom":16.125},{"_mousePosition":[736,388],"_rootPartCFrame":[752.963,232.36,49.378,-0.26,0,0.966,0,1,0,-0.966,0,-0.26],"_humanoidState":5,"_cameraCFrame":[756.48,249.571,48.478,-0.248,-0.944,0.218,0,0.225,0.974,-0.969,0.241,-0.056],"_shiftlockState":false,"_pose":"FreeFall","_animationQueue":[],"_animationSpeed":1,"_zoom":16.125},{"_mousePosition":[736,388],"_rootPartCFrame":[752.705,232.078,49.445,-0.259,0,0.966,0,1,0,-0.966,0,-0.259],"_humanoidState":5,"_cameraCFrame":[756.201,249.297,48.589,-0.238,-0.947,0.217,0,0.223,0.975,-0.971,0.232,-0.053],"_shiftlockState":false,"_pose":"FreeFall","_animationQueue":[],"_animationSpeed":1,"_zoom":16.125},{"_mousePosition":[736,388],"_rootPartCFrame":[752.447,231.742,49.512,-0.258,0,0.966,0,1,0,-0.966,0,-0.258],"_humanoidState":5,"_cameraCFrame":[755.928,248.967,48.724,-0.221,-0.951,0.216,0,0.221,0.975,-0.975,0.215,-0.049],"_shiftlockState":false,"_pose":"FreeFall","_animationQueue":[],"_animationSpeed":1,"_zoom":16.125},{"_mousePosition":[736,388],"_rootPartCFrame":[752.188,231.352,49.576,-0.255,0,0.967,0,1,0,-0.967,0,-0.255],"_humanoidState":5,"_cameraCFrame":[755.671,248.584,48.952,-0.176,-0.96,0.216,0,0.219,0.976,-0.984,0.172,-0.039],"_shiftlockState":false,"_pose":"FreeFall","_animationQueue":[],"_animationSpeed":1,"_zoom":16.125},{"_mousePosition":[736,388],"_rootPartCFrame":[751.928,230.907,49.635,-0.251,0,0.968,0,1,0,-0.968,0,-0.251],"_humanoidState":5,"_cameraCFrame":[755.406,248.145,49.184,-0.129,-0.968,0.216,0,0.218,0.976,-0.992,0.126,-0.028],"_shiftlockState":false,"_pose":"FreeFall","_animationQueue":[["fall",0.3]],"_animationSpeed":1,"_zoom":16.125},{"_mousePosition":[736,388],"_rootPartCFrame":[751.666,230.407,49.684,-0.243,0,0.97,0,1,0,-0.97,0,-0.243],"_humanoidState":5,"_cameraCFrame":[755.132,247.653,49.412,-0.078,-0.973,0.215,0,0.216,0.976,-0.997,0.076,-0.017],"_shiftlockState":false,"_pose":"FreeFall","_animationQueue":[],"_animationSpeed":1,"_zoom":16.125},{"_mousePosition":[736,388],"_rootPartCFrame":[751.402,229.853,49.72,-0.23,0,0.973,0,1,0,-0.973,0,-0.23],"_humanoidState":5,"_cameraCFrame":[754.878,247.099,49.65,-0.02,-0.976,0.216,0,0.216,0.976,-1,0.02,-0.004],"_shiftlockState":false,"_pose":"FreeFall","_animationQueue":[],"_animationSpeed":1,"_zoom":16.125},{"_mousePosition":[736,388],"_rootPartCFrame":[751.136,229.244,49.743,-0.212,0,0.977,0,1,0,-0.977,0,-0.212],"_humanoidState":5,"_cameraCFrame":[754.579,246.497,49.883,0.041,-0.976,0.214,0,0.214,0.977,-0.999,-0.04,0.009],"_shiftlockState":false,"_pose":"FreeFall","_animationQueue":[],"_animationSpeed":1,"_zoom":16.125},{"_mousePosition":[736,388],"_rootPartCFrame":[750.87,228.581,49.751,-0.188,0,0.982,0,1,0,-0.982,0,-0.188],"_humanoidState":5,"_cameraCFrame":[754.299,245.834,50.09,0.099,-0.972,0.213,0,0.214,0.977,-0.995,-0.096,0.021],"_shiftlockState":false,"_pose":"FreeFall","_animationQueue":[],"_animationSpeed":1,"_zoom":16.125},{"_mousePosition":[736,388],"_rootPartCFrame":[750.603,227.863,49.742,-0.16,0,0.987,0,1,0,-0.987,0,-0.16],"_humanoidState":5,"_cameraCFrame":[753.976,245.123,50.276,0.156,-0.965,0.209,0,0.212,0.977,-0.988,-0.153,0.033],"_shiftlockState":false,"_pose":"FreeFall","_animationQueue":[],"_animationSpeed":1,"_zoom":16.125},{"_mousePosition":[736,388],"_rootPartCFrame":[750.338,227.091,49.718,-0.127,0,0.992,0,1,0,-0.992,0,-0.127],"_humanoidState":5,"_cameraCFrame":[753.672,244.351,50.456,0.216,-0.954,0.207,0,0.212,0.977,-0.976,-0.211,0.046],"_shiftlockState":false,"_pose":"FreeFall","_animationQueue":[],"_animationSpeed":1,"_zoom":16.125},{"_mousePosition":[736,388],"_rootPartCFrame":[750.074,226.265,49.679,-0.09,0,0.996,0,1,0,-0.996,0,-0.09],"_humanoidState":5,"_cameraCFrame":[753.355,243.524,50.626,0.277,-0.939,0.203,0,0.212,0.977,-0.961,-0.271,0.059],"_shiftlockState":false,"_pose":"FreeFall","_animationQueue":[["fall",0.3]],"_animationSpeed":1,"_zoom":16.125},{"_mousePosition":[736,388],"_rootPartCFrame":[749.842,226.14,49.63,-0.051,0,0.999,0,1,0,-0.999,0,-0.051],"_humanoidState":7,"_cameraCFrame":[753.053,243.399,50.791,0.34,-0.919,0.199,0,0.212,0.977,-0.94,-0.332,0.072],"_shiftlockState":false,"_pose":"FreeFall","_animationQueue":[["walk",0.1],["fall",0.3],["fall",0.3]],"_animationSpeed":1,"_zoom":16.125},{"_mousePosition":[736,388],"_rootPartCFrame":[749.591,226.138,49.56,-0.008,0,1,0,1,0,-1,0,-0.008],"_humanoidState":7,"_cameraCFrame":[752.667,243.41,50.897,0.399,-0.897,0.191,0,0.208,0.978,-0.917,-0.39,0.083],"_shiftlockState":false,"_pose":"FreeFall","_animationQueue":[],"_animationSpeed":1,"_zoom":16.125},{"_mousePosition":[736,388],"_rootPartCFrame":[749.344,226.034,49.473,0.039,0,0.999,0,1,0,-0.999,0,0.039],"_humanoidState":8,"_cameraCFrame":[752.282,243.319,50.959,0.451,-0.874,0.182,0,0.204,0.979,-0.892,-0.442,0.092],"_shiftlockState":false,"_pose":"Running","_animationQueue":[["walk",0.1],["fall",0.3],["walk",0.1]],"_animationSpeed":1.092,"_zoom":16.125},{"_mousePosition":[736,388],"_rootPartCFrame":[749.126,225.865,49.38,0.088,0,0.996,0,1,0,-0.996,0,0.088],"_humanoidState":8,"_cameraCFrame":[751.947,243.15,51.077,0.516,-0.839,0.175,0,0.204,0.979,-0.857,-0.505,0.105],"_shiftlockState":false,"_pose":"Running","_animationQueue":[],"_animationSpeed":1.092,"_zoom":16.125},{"_mousePosition":[736,388],"_rootPartCFrame":[748.907,225.641,49.271,0.138,0,0.99,0,1,0,-0.99,0,0.138],"_humanoidState":8,"_cameraCFrame":[751.671,242.926,51.06,0.543,-0.822,0.171,0,0.204,0.979,-0.839,-0.532,0.111],"_shiftlockState":false,"_pose":"Running","_animationQueue":[["walk",0.1]],"_animationSpeed":0.973,"_zoom":16.125},{"_mousePosition":[736,388],"_rootPartCFrame":[748.714,225.363,49.156,0.191,0,0.982,0,1,0,-0.982,0,0.191],"_humanoidState":8,"_cameraCFrame":[751.436,242.648,51.008,0.562,-0.809,0.169,0,0.204,0.979,-0.827,-0.551,0.115],"_shiftlockState":false,"_pose":"Running","_animationQueue":[["walk",0.1]],"_animationSpeed":0.973,"_zoom":16.125},{"_mousePosition":[736,388],"_rootPartCFrame":[748.555,225.03,49.054,0.241,0,0.971,0,1,0,-0.971,0,0.241],"_humanoidState":8,"_cameraCFrame":[751.253,242.315,50.94,0.573,-0.802,0.167,0,0.204,0.979,-0.82,-0.561,0.117],"_shiftlockState":false,"_pose":"Running","_animationQueue":[["walk",0.1]],"_animationSpeed":0.922,"_zoom":16.125},{"_mousePosition":[736,388],"_rootPartCFrame":[748.384,224.643,48.938,0.287,0,0.958,0,1,0,-0.958,0,0.287],"_humanoidState":8,"_cameraCFrame":[751.064,241.928,50.851,0.581,-0.797,0.166,0,0.204,0.979,-0.814,-0.569,0.119],"_shiftlockState":false,"_pose":"Running","_animationQueue":[["walk",0.1]],"_animationSpeed":0.774,"_zoom":16.125},{"_mousePosition":[736,388],"_rootPartCFrame":[748.276,224.201,48.863,0.328,0,0.945,0,1,0,-0.945,0,0.328],"_humanoidState":8,"_cameraCFrame":[750.966,241.48,50.814,0.587,-0.792,0.167,0,0.206,0.979,-0.809,-0.575,0.121],"_shiftlockState":false,"_pose":"Running","_animationQueue":[["walk",0.1]],"_animationSpeed":0.858,"_zoom":16.125},{"_mousePosition":[736,388],"_rootPartCFrame":[748.146,225.285,48.772,0.378,0,0.926,0,1,0,-0.926,0,0.378],"_humanoidState":3,"_cameraCFrame":[750.84,242.557,50.769,0.595,-0.786,0.167,0,0.208,0.978,-0.803,-0.582,0.124],"_shiftlockState":false,"_pose":"Jumping","_animationQueue":[["walk",0.1],["jump",0.1]],"_animationSpeed":1,"_zoom":16.125},{"_mousePosition":[736,388],"_rootPartCFrame":[748.056,225.896,48.708,0.402,0,0.915,0,1,0,-0.915,0,0.402],"_humanoidState":5,"_cameraCFrame":[750.749,243.162,50.758,0.606,-0.778,0.167,0,0.21,0.978,-0.796,-0.592,0.127],"_shiftlockState":false,"_pose":"FreeFall","_animationQueue":[["jump",0.1]],"_animationSpeed":1,"_zoom":16.125},{"_mousePosition":[736,388],"_rootPartCFrame":[747.908,226.664,48.602,0.431,0,0.902,0,1,0,-0.902,0,0.431],"_humanoidState":5,"_cameraCFrame":[750.584,243.923,50.725,0.622,-0.766,0.166,0,0.212,0.977,-0.783,-0.607,0.132],"_shiftlockState":false,"_pose":"FreeFall","_animationQueue":[],"_animationSpeed":1,"_zoom":16.125},{"_mousePosition":[736,388],"_rootPartCFrame":[747.731,227.377,48.471,0.456,0,0.89,0,1,0,-0.89,0,0.456],"_humanoidState":5,"_cameraCFrame":[750.404,244.622,50.693,0.639,-0.751,0.166,0,0.216,0.976,-0.769,-0.624,0.138],"_shiftlockState":false,"_pose":"FreeFall","_animationQueue":[],"_animationSpeed":1,"_zoom":16.125},{"_mousePosition":[736,388],"_rootPartCFrame":[747.528,228.035,48.313,0.48,0,0.877,0,1,0,-0.877,0,0.48],"_humanoidState":5,"_cameraCFrame":[750.156,245.274,50.636,0.662,-0.731,0.163,0,0.218,0.976,-0.749,-0.646,0.144],"_shiftlockState":false,"_pose":"FreeFall","_animationQueue":[],"_animationSpeed":1,"_zoom":16.125},{"_mousePosition":[736,388],"_rootPartCFrame":[747.322,228.639,48.143,0.502,0,0.865,0,1,0,-0.865,0,0.502],"_humanoidState":5,"_cameraCFrame":[749.929,245.864,50.58,0.683,-0.712,0.162,0,0.221,0.975,-0.731,-0.666,0.151],"_shiftlockState":false,"_pose":"FreeFall","_animationQueue":[],"_animationSpeed":1,"_zoom":16.125},{"_mousePosition":[736,388],"_rootPartCFrame":[747.122,229.189,47.967,0.525,0,0.851,0,1,0,-0.851,0,0.525],"_humanoidState":5,"_cameraCFrame":[749.688,246.407,50.491,0.701,-0.695,0.159,0,0.223,0.975,-0.713,-0.683,0.157],"_shiftlockState":false,"_pose":"FreeFall","_animationQueue":[],"_animationSpeed":1,"_zoom":16.125},{"_mousePosition":[736,388],"_rootPartCFrame":[746.926,229.684,47.786,0.547,0,0.837,0,1,0,-0.837,0,0.547],"_humanoidState":5,"_cameraCFrame":[749.47,246.888,50.418,0.719,-0.677,0.158,0,0.227,0.974,-0.695,-0.7,0.163],"_shiftlockState":false,"_pose":"FreeFall","_animationQueue":[],"_animationSpeed":1,"_zoom":16.125},{"_mousePosition":[736,388],"_rootPartCFrame":[746.735,230.124,47.6,0.569,0,0.822,0,1,0,-0.822,0,0.569],"_humanoidState":5,"_cameraCFrame":[749.274,247.321,50.279,0.726,-0.669,0.157,0,0.229,0.973,-0.688,-0.707,0.166],"_shiftlockState":false,"_pose":"FreeFall","_animationQueue":[],"_animationSpeed":1,"_zoom":16.125},{"_mousePosition":[736,388],"_rootPartCFrame":[746.549,230.51,47.409,0.59,0,0.807,0,1,0,-0.807,0,0.59],"_humanoidState":5,"_cameraCFrame":[749.067,247.707,50.108,0.731,-0.664,0.156,0,0.229,0.973,-0.682,-0.712,0.167],"_shiftlockState":false,"_pose":"FreeFall","_animationQueue":[],"_animationSpeed":1,"_zoom":16.125},{"_mousePosition":[736,388],"_rootPartCFrame":[746.366,230.842,47.216,0.61,0,0.792,0,1,0,-0.792,0,0.61],"_humanoidState":5,"_cameraCFrame":[748.891,248.031,49.95,0.735,-0.66,0.157,0,0.231,0.973,-0.678,-0.715,0.17],"_shiftlockState":false,"_pose":"FreeFall","_animationQueue":[],"_animationSpeed":1,"_zoom":16.125},{"_mousePosition":[736,388],"_rootPartCFrame":[746.184,231.119,47.021,0.628,0,0.778,0,1,0,-0.778,0,0.628],"_humanoidState":5,"_cameraCFrame":[748.708,248.308,49.755,0.735,-0.66,0.157,0,0.231,0.973,-0.678,-0.715,0.17],"_shiftlockState":false,"_pose":"FreeFall","_animationQueue":[],"_animationSpeed":1,"_zoom":16.125},{"_mousePosition":[736,388],"_rootPartCFrame":[746.002,231.341,46.825,0.644,0,0.765,0,1,0,-0.765,0,0.644],"_humanoidState":5,"_cameraCFrame":[748.527,248.531,49.559,0.735,-0.66,0.157,0,0.231,0.973,-0.678,-0.715,0.17],"_shiftlockState":false,"_pose":"FreeFall","_animationQueue":[],"_animationSpeed":1,"_zoom":16.125},{"_mousePosition":[736,388],"_rootPartCFrame":[745.822,231.509,46.629,0.657,0,0.754,0,1,0,-0.754,0,0.657],"_humanoidState":5,"_cameraCFrame":[748.346,248.699,49.363,0.735,-0.66,0.157,0,0.231,0.973,-0.678,-0.715,0.17],"_shiftlockState":false,"_pose":"FreeFall","_animationQueue":[],"_animationSpeed":1,"_zoom":16.125},{"_mousePosition":[736,388],"_rootPartCFrame":[745.641,231.623,46.433,0.669,0,0.744,0,1,0,-0.744,0,0.669],"_humanoidState":5,"_cameraCFrame":[748.166,248.812,49.167,0.735,-0.66,0.157,0,0.231,0.973,-0.678,-0.715,0.17],"_shiftlockState":false,"_pose":"FreeFall","_animationQueue":[],"_animationSpeed":1,"_zoom":16.125},{"_mousePosition":[736,388],"_rootPartCFrame":[745.414,231.688,46.