[{"_mousePosition":[770,423],"_rootPartCFrame":[776.035,222.7,47.142,-0.002,0,1,0,1,0,-1,0,-0.002],"_humanoidState":8,"_cameraCFrame":[783.11,238.558,49.09,0.265,-0.859,0.439,0,0.455,0.89,-0.964,-0.236,0.121],"_shiftlockState":false,"_pose":"Standing","_animationQueue":[],"_animationSpeed":1,"_zoom":16.125},{"_mousePosition":[770,423],"_rootPartCFrame":[775.742,222.7,47.064,0.042,0,0.999,0,1,0,-0.999,0,0.042],"_humanoidState":8,"_cameraCFrame":[782.677,238.629,48.992,0.268,-0.862,0.43,0,0.446,0.895,-0.963,-0.24,0.12],"_shiftlockState":false,"_pose":"Standing","_animationQueue":[],"_animationSpeed":1,"_zoom":16.125},{"_mousePosition":[770,423],"_rootPartCFrame":[775.614,222.7,47.029,0.057,0,0.998,0,1,0,-0.998,0,0.057],"_humanoidState":8,"_cameraCFrame":[782.381,238.712,48.928,0.27,-0.867,0.42,0,0.436,0.9,-0.963,-0.243,0.118],"_shiftlockState":false,"_pose":"Running","_animationQueue":[["walk",0.1]],"_animationSpeed":1.089,"_zoom":16.125},{"_mousePosition":[770,423],"_rootPartCFrame":[775.357,222.7,46.958,0.086,0,0.996,0,1,0,-0.996,0,0.086],"_humanoidState":8,"_cameraCFrame":[781.96,238.793,48.811,0.27,-0.871,0.41,0,0.425,0.905,-0.963,-0.245,0.115],"_shiftlockState":false,"_pose":"Running","_animationQueue":[["walk",0.1]],"_animationSpeed":1.089,"_zoom":16.125},{"_mousePosition":[770,423],"_rootPartCFrame":[775.1,222.7,46.886,0.111,0,0.994,0,1,0,-0.994,0,0.111],"_humanoidState":8,"_cameraCFrame":[781.539,238.872,48.693,0.27,-0.876,0.399,0,0.415,0.91,-0.963,-0.246,0.112],"_shiftlockState":false,"_pose":"Running","_animationQueue":[],"_animationSpeed":1.089,"_zoom":16.125},{"_mousePosition":[770,423],"_rootPartCFrame":[774.843,222.7,46.813,0.133,0,0.991,0,1,0,-0.991,0,0.133],"_humanoidState":8,"_cameraCFrame":[781.117,238.95,48.574,0.27,-0.881,0.389,0,0.404,0.915,-0.963,-0.247,0.109],"_shiftlockState":false,"_pose":"Running","_animationQueue":[],"_animationSpeed":1.089,"_zoom":16.125},{"_mousePosition":[770,423],"_rootPartCFrame":[774.586,222.7,46.741,0.152,0,0.988,0,1,0,-0.988,0,0.152],"_humanoidState":8,"_cameraCFrame":[780.674,239.037,48.417,0.265,-0.887,0.378,0,0.392,0.92,-0.964,-0.244,0.104],"_shiftlockState":false,"_pose":"Running","_animationQueue":[],"_animationSpeed":1.089,"_zoom":16.125},{"_mousePosition":[770,423],"_rootPartCFrame":[774.33,222.7,46.669,0.168,0,0.986,0,1,0,-0.986,0,0.168],"_humanoidState":8,"_cameraCFrame":[780.234,239.122,48.246,0.258,-0.894,0.366,0,0.379,0.925,-0.966,-0.239,0.098],"_shiftlockState":false,"_pose":"Running","_animationQueue":[],"_animationSpeed":1.089,"_zoom":16.125},{"_mousePosition":[770,423],"_rootPartCFrame":[773.944,222.7,46.563,0.188,0,0.982,0,1,0,-0.982,0,0.188],"_humanoidState":8,"_cameraCFrame":[779.67,239.204,48.015,0.246,-0.902,0.355,0,0.366,0.93,-0.969,-0.229,0.09],"_shiftlockState":false,"_pose":"Running","_animationQueue":[],"_animationSpeed":1.089,"_zoom":16.125},{"_mousePosition":[770,423],"_rootPartCFrame":[773.815,222.7,46.529,0.193,0,0.981,0,1,0,-0.981,0,0.193],"_humanoidState":8,"_cameraCFrame":[779.363,239.283,47.846,0.231,-0.91,0.344,0,0.354,0.935,-0.973,-0.216,0.082],"_shiftlockState":false,"_pose":"Running","_animationQueue":[],"_animationSpeed":1.089,"_zoom":16.125},{"_mousePosition":[770,423],"_rootPartCFrame":[773.557,222.7,46.463,0.2,0,0.98,0,1,0,-0.98,0,0.2],"_humanoidState":8,"_cameraCFrame":[778.957,239.349,47.63,0.211,-0.918,0.335,0,0.343,0.939,-0.977,-0.198,0.072],"_shiftlockState":false,"_pose":"Running","_animationQueue":[["walk",0.1]],"_animationSpeed":1.089,"_zoom":16.125},{"_mousePosition":[770,423],"_rootPartCFrame":[773.298,222.7,46.401,0.205,0,0.979,0,1,0,-0.979,0,0.205],"_humanoidState":8,"_cameraCFrame":[778.551,239.412,47.398,0.186,-0.927,0.326,0,0.332,0.943,-0.982,-0.176,0.062],"_shiftlockState":false,"_pose":"Running","_animationQueue":[],"_animationSpeed":1.089,"_zoom":16.125},{"_mousePosition":[770,423],"_rootPartCFrame":[773.037,222.7,46.344,0.206,0,0.979,0,1,0,-0.979,0,0.206],"_humanoidState":8,"_cameraCFrame":[778.138,239.474,47.179,0.162,-0.935,0.316,0,0.321,0.947,-0.987,-0.153,0.052],"_shiftlockState":false,"_pose":"Running","_animationQueue":[],"_animationSpeed":1.089,"_zoom":16.125},{"_mousePosition":[770,423],"_rootPartCFrame":[772.775,222.7,46.294,0.204,0,0.979,0,1,0,-0.979,0,0.204],"_humanoidState":8,"_cameraCFrame":[777.724,239.533,46.938,0.129,-0.943,0.307,0,0.309,0.951,-0.992,-0.123,0.04],"_shiftlockState":false,"_pose":"Running","_animationQueue":[],"_animationSpeed":1.089,"_zoom":16.125},{"_mousePosition":[770,423],"_rootPartCFrame":[772.512,222.7,46.25,0.198,0,0.98,0,1,0,-0.98,0,0.198],"_humanoidState":8,"_cameraCFrame":[777.382,239.562,46.796,0.111,-0.947,0.302,0,0.304,0.953,-0.994,-0.106,0.034],"_shiftlockState":false,"_pose":"Running","_animationQueue":[],"_animationSpeed":1.089,"_zoom":16.125},{"_mousePosition":[770,423],"_rootPartCFrame":[772.248,222.7,46.215,0.189,0,0.982,0,1,0,-0.982,0,0.189],"_humanoidState":8,"_cameraCFrame":[777.066,239.581,46.681,0.096,-0.949,0.299,0,0.3,0.954,-0.995,-0.092,0.029],"_shiftlockState":false,"_pose":"Running","_animationQueue":[],"_animationSpeed":1.089,"_zoom":16.125},{"_mousePosition":[770,423],"_rootPartCFrame":[771.983,222.7,46.185,0.179,0,0.984,0,1,0,-0.984,0,0.179],"_humanoidState":8,"_cameraCFrame":[776.746,239.6,46.597,0.086,-0.951,0.295,0,0.296,0.955,-0.996,-0.082,0.026],"_shiftlockState":false,"_pose":"Running","_animationQueue":[["walk",0.1]],"_animationSpeed":1.089,"_zoom":16.125},{"_mousePosition":[770,423],"_rootPartCFrame":[771.717,222.7,46.159,0.168,0,0.986,0,1,0,-0.986,0,0.168],"_humanoidState":8,"_cameraCFrame":[776.424,239.618,46.518,0.076,-0.953,0.292,0,0.293,0.956,-0.997,-0.073,0.022],"_shiftlockState":false,"_pose":"Running","_animationQueue":[],"_animationSpeed":1.089,"_zoom":16.125},{"_mousePosition":[770,423],"_rootPartCFrame":[771.452,222.7,46.136,0.157,0,0.988,0,1,0,-0.988,0,0.157],"_humanoidState":8,"_cameraCFrame":[776.102,239.636,46.444,0.066,-0.955,0.288,0,0.289,0.957,-0.998,-0.063,0.019],"_shiftlockState":false,"_pose":"Running","_animationQueue":[],"_animationSpeed":1.089,"_zoom":16.125},{"_mousePosition":[770,423],"_rootPartCFrame":[771.186,222.7,46.115,0.147,0,0.989,0,1,0,-0.989,0,0.147],"_humanoidState":8,"_cameraCFrame":[775.808,239.645,46.386,0.058,-0.956,0.287,0,0.287,0.958,-0.998,-0.056,0.017],"_shiftlockState":false,"_pose":"Running","_animationQueue":[],"_animationSpeed":1.089,"_zoom":16.125},{"_mousePosition":[770,423],"_rootPartCFrame":[770.92,222.7,46.097,0.136,0,0.991,0,1,0,-0.991,0,0.136],"_humanoidState":8,"_cameraCFrame":[775.514,239.654,46.332,0.051,-0.957,0.285,0,0.285,0.958,-0.999,-0.049,0.015],"_shiftlockState":false,"_pose":"Running","_animationQueue":[],"_animationSpeed":1.089,"_zoom":16.125},{"_mousePosition":[770,423],"_rootPartCFrame":[770.654,222.7,46.082,0.126,0,0.992,0,1,0,-0.992,0,0.126],"_humanoidState":8,"_cameraCFrame":[775.219,239.663,46.291,0.046,-0.958,0.283,0,0.283,0.959,-0.999,-0.044,0.013],"_shiftlockState":false,"_pose":"Running","_animationQueue":[],"_animationSpeed":1.089,"_zoom":16.125},{"_mousePosition":[770,423],"_rootPartCFrame":[770.387,222.7,46.068,0.116,0,0.993,0,1,0,-0.993,0,0.116],"_humanoidState":8,"_cameraCFrame":[774.924,239.672,46.253,0.041,-0.959,0.281,0,0.282,0.96,-0.999,-0.039,0.011],"_shiftlockState":false,"_pose":"Running","_animationQueue":[],"_animationSpeed":1.089,"_zoom":16.125},{"_mousePosition":[770,423],"_rootPartCFrame":[770.121,223.563,46.054,0.106,0,0.994,0,1,0,-0.994,0,0.106],"_humanoidState":3,"_cameraCFrame":[774.657,240.535,46.239,0.041,-0.959,0.281,0,0.282,0.96,-0.999,-0.039,0.011],"_shiftlockState":false,"_pose":"Jumping","_animationQueue":[["walk",0.1],["walk",0.1],["jump",0.1]],"_animationSpeed":1,"_zoom":16.125},{"_mousePosition":[770,423],"_rootPartCFrame":[769.854,224.371,46.043,0.097,0,0.995,0,1,0,-0.995,0,0.097],"_humanoidState":5,"_cameraCFrame":[774.391,241.344,46.217,0.038,-0.959,0.281,0,0.282,0.96,-0.999,-0.037,0.011],"_shiftlockState":false,"_pose":"FreeFall","_animationQueue":[["jump",0.1]],"_animationSpeed":1,"_zoom":16.125},{"_mousePosition":[770,423],"_rootPartCFrame":[769.588,225.125,46.032,0.089,0,0.996,0,1,0,-0.996,0,0.089],"_humanoidState":5,"_cameraCFrame":[774.125,242.097,46.194,0.036,-0.959,0.281,0,0.282,0.96,-0.999,-0.034,0.01],"_shiftlockState":false,"_pose":"FreeFall","_animationQueue":[],"_animationSpeed":1,"_zoom":16.125},{"_mousePosition":[770,423],"_rootPartCFrame":[769.322,225.824,46.022,0.082,0,0.997,0,1,0,-0.997,0,0.082],"_humanoidState":5,"_cameraCFrame":[773.859,242.797,46.184,0.036,-0.959,0.281,0,0.282,0.96,-0.999,-0.034,0.01],"_shiftlockState":false,"_pose":"FreeFall","_animationQueue":[],"_animationSpeed":1,"_zoom":16.125},{"_mousePosition":[770,423],"_rootPartCFrame":[769.055,226.469,46.012,0.075,0,0.997,0,1,0,-0.997,0,0.075],"_humanoidState":5,"_cameraCFrame":[773.593,243.442,46.163,0.033,-0.959,0.281,0,0.282,0.96,-0.999,-0.032,0.009],"_shiftlockState":false,"_pose":"FreeFall","_animationQueue":[],"_animationSpeed":1,"_zoom":16.125},{"_mousePosition":[770,423],"_rootPartCFrame":[768.789,227.06,46.003,0.07,0,0.998,0,1,0,-0.998,0,0.07],"_humanoidState":5,"_cameraCFrame":[773.326,244.032,46.153,0.033,-0.959,0.281,0,0.282,0.96,-0.999,-0.032,0.009],"_shiftlockState":false,"_pose":"FreeFall","_animationQueue":[],"_animationSpeed":1,"_zoom":16.125},{"_mousePosition":[770,423],"_rootPartCFrame":[768.522,227.595,45.994,0.065,0,0.998,0,1,0,-0.998,0,0.065],"_humanoidState":5,"_cameraCFrame":[773.06,244.568,46.144,0.033,-0.959,0.281,0,0.282,0.96,-0.999,-0.032,0.009],"_shiftlockState":false,"_pose":"FreeFall","_animationQueue":[],"_animationSpeed":1,"_zoom":16.125},{"_mousePosition":[770,423],"_rootPartCFrame":[768.255,228.077,45.985,0.06,0,0.998,0,1,0,-0.998,0,0.06],"_humanoidState":5,"_cameraCFrame":[772.793,245.049,46.136,0.033,-0.959,0.281,0,0.282,0.96,-0.999,-0.032,0.009],"_shiftlockState":false,"_pose":"FreeFall","_animationQueue":[],"_animationSpeed":1,"_zoom":16.125},{"_mousePosition":[770,423],"_rootPartCFrame":[767.989,228.504,45.976,0.057,0,0.998,0,1,0,-0.998,0,0.057],"_humanoidState":5,"_cameraCFrame":[772.526,245.476,46.127,0.033,-0.959,0.281,0,0.282,0.96,-0.999,-0.032,0.009],"_shiftlockState":false,"_pose":"FreeFall","_animationQueue":[],"_animationSpeed":1,"_zoom":16.125},{"_mousePosition":[770,423],"_rootPartCFrame":[767.722,228.876,45.967,0.053,0,0.999,0,1,0,-0.999,0,0.053],"_humanoidState":5,"_cameraCFrame":[772.26,245.849,46.118,0.033,-0.959,0.281,0,0.282,0.96,-0.999,-0.032,0.009],"_shiftlockState":false,"_pose":"FreeFall","_animationQueue":[],"_animationSpeed":1,"_zoom":16.125},{"_mousePosition":[770,423],"_rootPartCFrame":[767.522,229.12,45.96,0.051,0,0.999,0,1,0,-0.999,0,0.051],"_humanoidState":5,"_cameraCFrame":[772.06,246.092,46.111,0.033,-0.959,0.281,0,0.282,0.96,-0.999,-0.032,0.009],"_shiftlockState":false,"_pose":"FreeFall","_animationQueue":[],"_animationSpeed":1,"_zoom":16.125},{"_mousePosition":[770,423],"_rootPartCFrame":[767.189,229.457,45.949,0.048,0,0.999,0,1,0,-0.999,0,0.048],"_humanoidState":5,"_cameraCFrame":[771.697,246.439,46.088,0.031,-0.96,0.28,0,0.28,0.96,-1,-0.029,0.009],"_shiftlockState":false,"_pose":"FreeFall","_animationQueue":[],"_animationSpeed":1,"_zoom":16.125},{"_mousePosition":[770,423],"_rootPartCFrame":[766.922,229.666,45.941,0.046,0,0.999,0,1,0,-0.999,0,0.046],"_humanoidState":5,"_cameraCFrame":[771.431,246.648,46.056,0.026,-0.96,0.28,0,0.28,0.96,-1,-0.025,0.007],"_shiftlockState":false,"_pose":"FreeFall","_animationQueue":[],"_animationSpeed":1,"_zoom":16.125},{"_mousePosition":[770,423],"_rootPartCFrame":[766.656,229.821,45.932,0.044,0,0.999,0,1,0,-0.999,0,0.044],"_humanoidState":5,"_cameraCFrame":[771.135,246.811,46.024,0.021,-0.96,0.278,0,0.278,0.961,-1,-0.02,0.006],"_shiftlockState":false,"_pose":"FreeFall","_animationQueue":[],"_animationSpeed":1,"_zoom":16.125},{"_mousePosition":[770,423],"_rootPartCFrame":[766.389,229.921,45.925,0.042,0,0.999,0,1,0,-0.999,0,0.042],"_humanoidState":5,"_cameraCFrame":[770.808,246.928,45.96,0.008,-0.962,0.274,0,0.274,0.962,-1,-0.008,0.002],"_shiftlockState":false,"_pose":"FreeFall","_animationQueue":[],"_animationSpeed":1,"_zoom":16.125},{"_mousePosition":[770,423],"_rootPartCFrame":[766.056,229.969,45.918,0.038,0,0.999,0,1,0,-0.999,0,0.038],"_humanoidState":5,"_cameraCFrame":[770.445,246.985,45.908,-0.002,-0.962,0.272,0,0.272,0.962,-1,0.002,-0.001],"_shiftlockState":false,"_pose":"FreeFall","_animationQueue":[],"_animationSpeed":1,"_zoom":16.125},{"_mousePosition":[770,423],"_rootPartCFrame":[765.789,229.946,45.916,0.035,0,0.999,0,1,0,-0.999,0,0.035],"_humanoidState":5,"_cameraCFrame":[770.178,246.962,45.861,-0.012,-0.962,0.272,0,0.272,0.962,-1,0.012,-0.003],"_shiftlockState":false,"_pose":"FreeFall","_animationQueue":[],"_animationSpeed":1,"_zoom":16.125},{"_mousePosition":[770,423],"_rootPartCFrame":[765.523,229.869,45.916,0.03,0,1,0,1,0,-1,0,0.03],"_humanoidState":5,"_cameraCFrame":[769.881,246.894,45.829,-0.02,-0.963,0.27,0,0.27,0.963,-1,0.019,-0.005],"_shiftlockState":false,"_pose":"FreeFall","_animationQueue":[],"_animationSpeed":1,"_zoom":16.125},{"_mousePosition":[770,423],"_rootPartCFrame":[765.323,229.775,45.918,0.026,0,1,0,1,0,-1,0,0.026],"_humanoidState":5,"_cameraCFrame":[769.68,246.8,45.787,-0.03,-0.962,0.27,0,0.27,0.963,-1,0.029,-0.008],"_shiftlockState":false,"_pose":"FreeFall","_animationQueue":[],"_animationSpeed":1,"_zoom":16.125},{"_mousePosition":[770,423],"_rootPartCFrame":[764.99,229.551,45.924,0.019,0,1,0,1,0,-1,0,0.019],"_humanoidState":5,"_cameraCFrame":[769.315,246.584,45.75,-0.04,-0.963,0.268,0,0.268,0.963,-0.999,0.039,-0.011],"_shiftlockState":false,"_pose":"FreeFall","_animationQueue":[["fall",0.3]],"_animationSpeed":1,"_zoom":16.125},{"_mousePosition":[770,423],"_rootPartCFrame":[764.79,229.375,45.93,0.014,0,1,0,1,0,-1,0,0.014],"_humanoidState":5,"_cameraCFrame":[769.083,246.417,45.725,-0.048,-0.963,0.266,0,0.267,0.964,-0.999,0.046,-0.013],"_shiftlockState":false,"_pose":"FreeFall","_animationQueue":[],"_animationSpeed":1,"_zoom":16.125},{"_mousePosition":[770,423],"_rootPartCFrame":[764.523,229.094,45.94,0.007,0,1,0,1,0,-1,0,0.007],"_humanoidState":5,"_cameraCFrame":[768.815,246.135,45.702,-0.055,-0.962,0.266,0,0.267,0.964,-0.998,0.053,-0.015],"_shiftlockState":false,"_pose":"FreeFall","_animationQueue":[],"_animationSpeed":1,"_zoom":16.125},{"_mousePosition":[770,423],"_rootPartCFrame":[764.257,228.758,45.952,0,0,1,0,1,0,-1,0,0],"_humanoidState":5,"_cameraCFrame":[768.516,245.808,45.684,-0.063,-0.962,0.264,0,0.265,0.964,-0.998,0.061,-0.017],"_shiftlockState":false,"_pose":"FreeFall","_animationQueue":[],"_animationSpeed":1,"_zoom":16.125},{"_mousePosition":[770,423],"_rootPartCFrame":[763.99,228.367,45.967,-0.008,0,1,0,1,0,-1,0,-0.008],"_humanoidState":5,"_cameraCFrame":[768.25,245.417,45.698,-0.063,-0.962,0.264,0,0.265,0.964,-0.998,0.061,-0.017],"_shiftlockState":false,"_pose":"FreeFall","_animationQueue":[],"_animationSpeed":1,"_zoom":16.125},{"_mousePosition":[770,423],"_rootPartCFrame":[763.724,227.922,45.983,-0.015,0,1,0,1,0,-1,0,-0.015],"_humanoidState":5,"_cameraCFrame":[767.984,244.972,45.715,-0.063,-0.962,0.264,0,0.265,0.964,-0.998,0.061,-0.017],"_shiftlockState":false,"_pose":"FreeFall","_animationQueue":[],"_animationSpeed":1,"_zoom":16.125},{"_mousePosition":[770,423],"_rootPartCFrame":[763.458,227.422,46,-0.022,0,1,0,1,0,-1,0,-0.022],"_humanoidState":5,"_cameraCFrame":[767.718,244.472,45.732,-0.063,-0.962,0.264,0,0.265,0.964,-0.998,0.061,-0.017],"_shiftlockState":false,"_pose":"FreeFall","_animationQueue":[],"_animationSpeed":1,"_zoom":16.125},{"_mousePosition":[770,423],"_rootPartCFrame":[763.192,226.868,46.017,-0.028,0,1,0,1,0,-1,0,-0.028],"_humanoidState":5,"_cameraCFrame":[767.452,243.918,45.748,-0.063,-0.962,0.264,0,0.265,0.964,-0.998,0.061,-0.017],"_shiftlockState":false,"_pose":"FreeFall","_animationQueue":[["fall",0.3]],"_animationSpeed":1,"_zoom":16.125},{"_mousePosition":[770,423],"_rootPartCFrame":[762.926,226.26,46.034,-0.033,0,0.999,0,1,0,-0.999,0,-0.033],"_humanoidState":5,"_cameraCFrame":[767.186,243.31,45.765,-0.063,-0.962,0.264,0,0.265,0.964,-0.998,0.061,-0.017],"_shiftlockState":false,"_pose":"FreeFall","_animationQueue":[],"_animationSpeed":1,"_zoom":16.125},{"_mousePosition":[770,423],"_rootPartCFrame":[762.66,225.597,46.051,-0.037,0,0.999,0,1,0,-0.999,0,-0.037],"_humanoidState":5,"_cameraCFrame":[766.919,242.647,45.782,-0.063,-0.962,0.264,0,0.265,0.964,-0.998,0.061,-0.017],"_shiftlockState":false,"_pose":"FreeFall","_animationQueue":[],"_animationSpeed":1,"_zoom":16.125},{"_mousePosition":[770,423],"_rootPartCFrame":[762.394,224.879,46.067,-0.04,0,0.999,0,1,0,-0.999,0,-0.04],"_humanoidState":5,"_cameraCFrame":[766.653,241.929,45.799,-0.063,-0.962,0.264,0,0.265,0.964,-0.998,0.061,-0.017],"_shiftlockState":false,"_pose":"FreeFall","_animationQueue":[],"_animationSpeed":1,"_zoom":16.125},{"_mousePosition":[770,423],"_rootPartCFrame":[762.128,224.107,46.084,-0.044,0,0.999,0,1,0,-0.999,0,-0.044],"_humanoidState":5,"_cameraCFrame":[766.388,241.157,45.826,-0.06,-0.963,0.264,0,0.265,0.964,-0.998,0.058,-0.016],"_shiftlockState":false,"_pose":"FreeFall","_animationQueue":[],"_animationSpeed":1,"_zoom":16.125},{"_mousePosition":[770,423],"_rootPartCFrame":[761.862,223.28,46.101,-0.046,0,0.999,0,1,0,-0.999,0,-0.046],"_humanoidState":5,"_cameraCFrame":[766.125,240.33,45.897,-0.048,-0.963,0.264,0,0.265,0.964,-0.999,0.046,-0.013],"_shiftlockState":false,"_pose":"FreeFall","_animationQueue":[],"_animationSpeed":1,"_zoom":16.125},{"_mousePosition":[770,423],"_rootPartCFrame":[761.595,222.399,46.117,-0.048,0,0.999,0,1,0,-0.999,0,-0.048],"_humanoidState":7,"_cameraCFrame":[765.892,239.441,45.988,-0.03,-0.963,0.266,0,0.267,0.964,-1,0.029,-0.008],"_shiftlockState":false,"_pose":"FreeFall","_animationQueue":[["fall",0.3],["walk",0.1],["fall",0.3],["fall",0.3]],"_animationSpeed":1,"_zoom":16.125},{"_mousePosition":[770,423],"_rootPartCFrame":[761.329,222.249,46.13,-0.049,0,0.999,0,1,0,-0.999,0,-0.049],"_humanoidState":7,"_cameraCFrame":[765.657,239.282,46.088,-0.01,-0.963,0.268,0,0.268,0.963,-1,0.009,-0.003],"_shiftlockState":false,"_pose":"FreeFall","_animationQueue":[],"_animationSpeed":1,"_zoom":16.125},{"_mousePosition":[770,423],"_rootPartCFrame":[761.063,222.367,46.139,-0.047,0,0.999,0,1,0,-0.999,0,-0.047],"_humanoidState":8,"_cameraCFrame":[765.421,239.392,46.207,0.015,-0.963,0.27,0,0.27,0.963,-1,-0.015,0.004],"_shiftlockState":false,"_pose":"Running","_animationQueue":[["walk",0.1],["fall",0.3],["walk",0.1]],"_animationSpeed":1.103,"_zoom":16.125},{"_mousePosition":[770,423],"_rootPartCFrame":[760.796,222.462,46.142,-0.043,0,0.999,0,1,0,-0.999,0,-0.043],"_humanoidState":8,"_cameraCFrame":[765.151,239.487,46.331,0.043,-0.962,0.27,0,0.27,0.963,-0.999,-0.042,0.012],"_shiftlockState":false,"_pose":"Running","_animationQueue":[],"_animationSpeed":1.103,"_zoom":16.125},{"_mousePosition":[770,423],"_rootPartCFrame":[760.463,223.546,46.146,-0.037,0,0.999,0,1,0,-0.999,0,-0.037],"_humanoidState":3,"_cameraCFrame":[764.816,240.571,46.357,0.048,-0.962,0.27,0,0.27,0.963,-0.999,-0.047,0.013],"_shiftlockState":false,"_pose":"Jumping","_animationQueue":[["walk",0.1],["jump",0.1]],"_animationSpeed":1,"_zoom":16.125},{"_mousePosition":[770,423],"_rootPartCFrame":[760.263,224.157,46.139,-0.031,0,1,0,1,0,-1,0,-0.031],"_humanoidState":5,"_cameraCFrame":[764.614,241.182,46.394,0.058,-0.961,0.27,0,0.27,0.963,-0.998,-0.056,0.016],"_shiftlockState":false,"_pose":"FreeFall","_animationQueue":[["jump",0.1]],"_animationSpeed":1,"_zoom":16.125},{"_mousePosition":[770,423],"_rootPartCFrame":[759.996,224.925,46.127,-0.021,0,1,0,1,0,-1,0,-0.021],"_humanoidState":5,"_cameraCFrame":[764.348,241.95,46.382,0.058,-0.961,0.27,0,0.27,0.963,-0.998,-0.056,0.016],"_shiftlockState":false,"_pose":"FreeFall","_animationQueue":[],"_animationSpeed":1,"_zoom":16.125},{"_mousePosition":[770,423],"_rootPartCFrame":[759.73,225.638,46.111,-0.01,0,1,0,1,0,-1,0,-0.01],"_humanoidState":5,"_cameraCFrame":[764.082,242.663,46.366,0.058,-0.961,0.27,0,0.27,0.963,-0.998,-0.056,0.016],"_shiftlockState":false,"_pose":"FreeFall","_animationQueue":[],"_animationSpeed":1,"_zoom":16.125},{"_mousePosition":[770,423],"_rootPartCFrame":[759.464,226.296,46.096,-0.001,0,1,0,1,0,-1,0,-0.001],"_humanoidState":5,"_cameraCFrame":[763.816,243.321,46.351,0.058,-0.961,0.27,0,0.27,0.963,-0.998,-0.056,0.016],"_shiftlockState":false,"_pose":"FreeFall","_animationQueue":[],"_animationSpeed":1,"_zoom":16.125},{"_mousePosition":[770,423],"_rootPartCFrame":[759.198,226.9,46.08,0.008,0,1,0,1,0,-1,0,0.008],"_humanoidState":5,"_cameraCFrame":[763.549,243.925,46.335,0.058,-0.961,0.27,0,0.27,0.963,-0.998,-0.056,0.016],"_shiftlockState":false,"_pose":"FreeFall","_animationQueue":[],"_animationSpeed":1,"_zoom":16.125},{"_mousePosition":[770,423],"_rootPartCFrame":[758.932,227.45,46.065,0.015,0,1,0,1,0,-1,0,0.015],"_humanoidState":5,"_cameraCFrame":[763.283,244.475,46.32,0.058,-0.961,0.27,0,0.27,0.963,-0.998,-0.056,0.016],"_shiftlockState":false,"_pose":"FreeFall","_animationQueue":[],"_animationSpeed":1,"_zoom":16.125},{"_mousePosition":[770,423],"_rootPartCFrame":[758.666,227.945,46.049,0.021,0,1,0,1,0,-1,0,0.021],"_humanoidState":5,"_cameraCFrame":[763.017,244.97,46.304,0.058,-0.961,0.27,0,0.27,0.963,-0.998,-0.056,0.016],"_shiftlockState":false,"_pose":"FreeFall","_animationQueue":[],"_animationSpeed":1,"_zoom":16.125},{"_mousePosition":[770,423],"_rootPartCFrame":[758.4,228.385,46.033,0.026,0,1,0,1,0,-1,0,0.026],"_humanoidState":5,"_cameraCFrame":[762.751,245.41,46.288,0.058,-0.961,0.27,0,0.27,0.963,-0.998,-0.056,0.016],"_shiftlockState":false,"_pose":"FreeFall","_animationQueue":[],"_animationSpeed":1,"_zoom":16.125},{"_mousePosition":[770,423],"_rootPartCFrame":[758.134,228.771,46.018,0.031,0,1,0,1,0,-1,0,0.031],"_humanoidState":5,"_cameraCFrame":[762.485,245.796,46.273,0.058,-0.961,0.27,0,0.27,0.963,-0.998,-0.056,0.016],"_shiftlockState":false,"_pose":"FreeFall","_animationQueue":[],"_animationSpeed":1,"_zoom":16.125},{"_mousePosition":[770,423],"_rootPartCFrame":[757.867,229.103,46.002,0.035,0,0.999,0,1,0,-0.999,0,0.035],"_humanoidState":5,"_cameraCFrame":[762.219,246.128,46.257,0.058,-0.961,0.27,0,0.27,0.963,-0.998,-0.056,0.016],"_shiftlockState":false,"_pose":"FreeFall","_animationQueue":[],"_animationSpeed":1,"_zoom":16.125},{"_mousePosition":[770,423],"_rootPartCFrame":[757.601,229.38,45.987,0.038,0,0.999,0,1,0,-0.999,0,0.038],"_humanoidState":5,"_cameraCFrame":[761.953,246.405,46.242,0.058,-0.961,0.27,0,0.27,0.963,-0.998,-0.056,0.016],"_shiftlockState":false,"_pose":"FreeFall","_animationQueue":[],"_animationSpeed":1,"_zoom":16.125},{"_mousePosition":[770,423],"_rootPartCFrame":[757.335,229.603,45.971,0.041,0,0.999,0,1,0,-0.999,0,0.041],"_humanoidState":5,"_cameraCFrame":[761.687,246.627,46.226,0.058,-0.961,0.27,0,0.27,0.963,-0.998,-0.056,0.016],"_shiftlockState":false,"_pose":"FreeFall","_animationQueue":[],"_animationSpeed":1,"_zoom":16.125},{"_mousePosition":[770,423],"_rootPartCFrame":[757.069,229.771,45.955,0.043,0,0.999,0,1,0,-0.999,0,0.043],"_humanoidState":5,"_cameraCFrame":[761.421,246.795,46.21,0.058,-0.961,0.27,0,0.27,0.963,-0.998,-0.056,0.016],"_shiftlockState":false,"_pose":"FreeFall","_animationQueue":[],"_animationSpeed":1,"_zoom":16.125},{"_mousePosition":[770,423],"_rootPartCFrame":[756.803,229.884,45.94,0.046,0,0.999,0,1,0,-0.999,0,0.046],"_humanoidState":5,"_cameraCFrame":[761.154,246.909,46.195,0.058,-0.961,0.27,0,0.27,0.963,-0.998,-0.056,0.016],"_shiftlockState":false,"_pose":"FreeFall","_animationQueue":[],"_animationSpeed":1,"_zoom":16.125},{"_mousePosition":[770,423],"_rootPartCFrame":[756.537,229.943,45.924,0.047,0,0.999,0,1,0,-0.999,0,0.047],"_humanoidState":5,"_cameraCFrame":[760.888,246.968,46.179,0.058,-0.961,0.27,0,0.27,0.963,-0.998,-0.056,0.016],"_shiftlockState":false,"_pose":"FreeFall","_animationQueue":[],"_animationSpeed":1,"_zoom":16.125},{"_mousePosition":[770,423],"_rootPartCFrame":[756.271,229.948,45.909,0.049,0,0.999,0,1,0,-0.999,0,0.049],"_humanoidState":5,"_cameraCFrame":[760.622,246.972,46.164,0.058,-0.961,0.27,0,0.27,0.963,-0.998,-0.056,0.016],"_shiftlockState":false,"_pose":"FreeFall","_animationQueue":[],"_animationSpeed":1,"_zoom":16.125},{"_mousePosition":[770,423],"_rootPartCFrame":[756.005,229.898,45.893,0.05,0,0.999,0,1,0,-0.999,0,0.05],"_humanoidState":5,"_cameraCFrame":[760.356,246.922,46.148,0.058,-0.961,0.27,0,0.27,0.963,-0.998,-0.056,0.016],"_shiftlockState":false,"_pose":"FreeFall","_animationQueue":[["fall",0.3]],"_animationSpeed":1,"_zoom":16.125},{"_mousePosition":[770,423],"_rootPartCFrame":[755.739,229.793,45.877,0.051,0,0.999,0,1,0,-0.999,0,0.051],"_humanoidState":5,"_cameraCFrame":[760.09,246.818,46.132,0.058,-0.961,0.27,0,0.27,0.963,-0.998,-0.056,0.016],"_shiftlockState":false,"_pose":"FreeFall","_animationQueue":[],"_animationSpeed":1,"_zoom":16.125},{"_mousePosition":[770,423],"_rootPartCFrame":[755.472,229.634,45.862,0.052,0,0.999,0,1,0,-0.999,0,0.052],"_humanoidState":5,"_cameraCFrame":[759.824,246.659,46.117,0.058,-0.961,0.27,0,0.27,0.963,-0.998,-0.056,0.016],"_shiftlockState":false,"_pose":"FreeFall","_animationQueue":[],"_animationSpeed":1,"_zoom":16.125},{"_mousePosition":[770,423],"_rootPartCFrame":[755.206,229.421,45.846,0.053,0,0.999,0,1,0,-0.999,0,0.053],"_humanoidState":5,"_cameraCFrame":[759.557,246.445,46.112,0.061,-0.961,0.27,0,0.27,0.963,-0.998,-0.059,0.016],"_shiftlockState":false,"_pose":"FreeFall","_animationQueue":[],"_animationSpeed":1,"_zoom":16.125},{"_mousePosition":[770,423],"_rootPartCFrame":[754.94,229.153,45.831,0.054,0,0.999,0,1,0,-0.999,0,0.054],"_humanoidState":5,"_cameraCFrame":[759.291,246.177,46.097,0.061,-0.961,0.27,0,0.27,0.963,-0.998,-0.059,0.016],"_shiftlockState":false,"_pose":"FreeFall","_animationQueue":[],"_animationSpeed":1,"_zoom":16.125},{"_mousePosition":[770,423],"_rootPartCFrame":[754.674,228.83,45.815,0.055,0,0.998,0,1,0,-0.998,0,0.055],"_humanoidState":5,"_cameraCFrame":[759.025,245.855,46.08,0.061,-0.961,0.27,0,0.27,0.963,-0.998,-0.059,0.016],"_shiftlockState":false,"_pose":"FreeFall","_animationQueue":[],"_animationSpeed":1,"_zoom":16.125},{"_mousePosition":[770,423],"_rootPartCFrame":[754.408,228.453,45.798,0.056,0,0.998,0,1,0,-0.998,0,0.056],"_humanoidState":5,"_cameraCFrame":[758.759,245.478,46.064,0.061,-0.961,0.27,0,0.27,0.963,-0.998,-0.059,0.016],"_shiftlockState":false,"_pose":"FreeFall","_animationQueue":[["fall",0.3]],"_animationSpeed":1,"_zoom":16.125},{"_mousePosition":[770,423],"_rootPartCFrame":[754.142,228.022,45.782,0.056,0,0.998,0,1,0,-0.998,0,0.056],"_humanoidState":5,"_cameraCFrame":[758.493,245.046,46.048,0.061,-0.961,0.27,0,0.27,0.963,-0.998,-0.059,0.016],"_shiftlockState":false,"_pose":"FreeFall","_animationQueue":[],"_animationSpeed":1,"_zoom":16.125},{"_mousePosition":[770,423],"_rootPartCFrame":[753.876,227.536,45.766,0.057,0,0.998,0,1,0,-0.998,0,0.057],"_humanoidState":5,"_cameraCFrame":[758.227,244.56,46.021,0.058,-0.961,0.27,0,0.27,0.963,-0.998,-0.056,0.016],"_shiftlockState":false,"_pose":"FreeFall","_animationQueue":[],"_animationSpeed":1,"_zoom":16.125},{"_mousePosition":[770,423],"_rootPartCFrame":[753.61,226.995,45.749,0.058,0,0.998,0,1,0,-0.998,0,0.058],"_humanoidState":5,"_cameraCFrame":[757.932,244.028,45.992,0.056,-0.962,0.268,0,0.268,0.963,-0.998,-0.054,0.015],"_shiftlockState":false,"_pose":"FreeFall","_animationQueue":[],"_animationSpeed":1,"_zoom":16.125},{"_mousePosition":[770,423],"_rootPartCFrame":[753.344,226.4,45.734,0.058,0,0.998,0,1,0,-0.998,0,0.058],"_humanoidState":5,"_cameraCFrame":[757.637,243.442,45.942,0.048,-0.963,0.266,0,0.267,0.964,-0.999,-0.047,0.013],"_shiftlockState":false,"_pose":"FreeFall","_animationQueue":[],"_animationSpeed":1,"_zoom":16.125},{"_mousePosition":[770,423],"_rootPartCFrame":[753.077,225.751,45.719,0.058,0,0.998,0,1,0,-0.998,0,0.058],"_humanoidState":5,"_cameraCFrame":[757.341,242.801,45.904,0.043,-0.963,0.264,0,0.265,0.964,-0.999,-0.042,0.011],"_shiftlockState":false,"_pose":"FreeFall","_animationQueue":[],"_animationSpeed":1,"_zoom":16.125},{"_mousePosition":[770,423],"_rootPartCFrame":[752.811,225.047,45.706,0.057,0,0.998,0,1,0,-0.998,0,0.057],"_humanoidState":5,"_cameraCFrame":[757.046,242.105,45.857,0.036,-0.964,0.263,0,0.263,0.965,-0.999,-0.034,0.009],"_shiftlockState":false,"_pose":"FreeFall","_animationQueue":[["fall",0.3]],"_animationSpeed":1,"_zoom":16.125},{"_mousePosition":[770,423],"_rootPartCFrame":[752.545,224.288,45.694,0.055,0,0.998,0,1,0,-0.998,0,0.055],"_humanoidState":5,"_cameraCFrame":[756.78,241.347,45.824,0.031,-0.964,0.263,0,0.263,0.965,-1,-0.03,0.008],"_shiftlockState":false,"_pose":"FreeFall","_animationQueue":[],"_animationSpeed":1,"_zoom":16.125},{"_mousePosition":[770,423],"_rootPartCFrame":[752.278,223.475,45.684,0.053,0,0.999,0,1,0,-0.999,0,0.053],"_humanoidState":5,"_cameraCFrame":[756.484,240.542,45.802,0.028,-0.965,0.261,0,0.261,0.965,-1,-0.027,0.007],"_shiftlockState":false,"_pose":"FreeFall","_animationQueue":[],"_animationSpeed":1,"_zoom":16.125},{"_mousePosition":[770,423],"_rootPartCFrame":[752.011,222.608,45.676,0.05,0,0.999,0,1,0,-0.999,0,0.05],"_humanoidState":7,"_cameraCFrame":[756.217,239.674,45.783,0.026,-0.965,0.261,0,0.261,0.965,-1,-0.025,0.007],"_shiftlockState":false,"_pose":"FreeFall","_animationQueue":[["walk",0.1],["fall",0.3],["fall",0.3]],"_animationSpeed":1,"_zoom":16.125},{"_mousePosition":[770,423],"_rootPartCFrame":[751.745,222.462,45.668,0.047,0,0.999,0,1,0,-0.999,0,0.047],"_humanoidState":7,"_cameraCFrame":[755.921,239.537,45.764,0.023,-0.966,0.259,0,0.259,0.966,-1,-0.022,0.006],"_shiftlockState":false,"_pose":"FreeFall","_animationQueue":[],"_animationSpeed":1,"_zoom":16.125},{"_mousePosition":[770,423],"_rootPartCFrame":[751.478,222.498,45.661,0.044,0,0.999,0,1,0,-0.999,0,0.044],"_humanoidState":8,"_cameraCFrame":[755.594,239.589,45.725,0.015,-0.967,0.255,0,0.255,0.967,-1,-0.015,0.004],"_shiftlockState":false,"_pose":"Running","_animationQueue":[["walk",0.1],["fall",0.3],["walk",0.1]],"_animationSpeed":1.103,"_zoom":16.125},{"_mousePosition":[770,423],"_rootPartCFrame":[751.212,222.535,45.655,0.041,0,0.999,0,1,0,-0.999,0,0.041],"_humanoidState":8,"_cameraCFrame":[755.297,239.634,45.708,0.013,-0.967,0.253,0,0.253,0.967,-1,-0.013,0.003],"_shiftlockState":false,"_pose":"Running","_animationQueue":[],"_animationSpeed":1.103,"_zoom":16.125},{"_mousePosition":[770,423],"_rootPartCFrame":[750.945,222.558,45.651,0.038,0,0.999,0,1,0,-0.999,0,0.038],"_humanoidState":8,"_cameraCFrame":[755.031,239.656,45.704,0.013,-0.967,0.253,0,0.253,0.967,-1,-0.013,0.003],"_shiftlockState":false,"_pose":"Running","_animationQueue":[["walk",0.1]],"_animationSpeed":1.103,"_zoom":16.125},{"_mousePosition":[770,423],"_rootPartCFrame":[750.678,222.57,45.647,0.035,0,0.999,0,1,0,-0.999,0,0.035],"_humanoidState":8,"_cameraCFrame":[754.764,239.669,45.7,0.013,-0.967,0.253,0,0.253,0.967,-1,-0.013,0.003],"_shiftlockState":false,"_pose":"Running","_animationQueue":[],"_animationSpeed":1.103,"_zoom":16.125},{"_mousePosition":[770,423],"_rootPartCFrame":[750.412,222.577,45.644,0.032,0,0.999,0,1,0,-0.999,0,0.032],"_humanoidState":8,"_cameraCFrame":[754.497,239.676,45.697,0.013,-0.967,0.253,0,0.253,0.967,-1,-0.013,0.003],"_shiftlockState":false,"_pose":"Running","_animationQueue":[],"_animationSpeed":1.103,"_zoom":16.125},{"_mousePosition":[770,423],"_rootPartCFrame":[750.145,222.581,45.64,0.029,0,1,0,1,0,-1,0,0.029],"_humanoidState":8,"_cameraCFrame":[754.231,239.679,45.693,0.013,-0.967,0.253,0,0.253,0.967,-1,-0.013,0.003],"_shiftlockState":false,"_pose":"Running","_animationQueue":[],"_animationSpeed":1.103,"_zoom":16.125},{"_mousePosition":[770,423],"_rootPartCFrame":[749.879,222.583,45.637,0.027,0,1,0,1,0,-1,0,0.027],"_humanoidState":8,"_cameraCFrame":[753.964,239.681,45.69,0.013,-0.967,0.253,0,0.253,0.967,-1,-0.013,0.003],"_shiftlockState":false,"_pose":"Running","_animationQueue":[],"_animationSpeed":1.103,"_zoom":16.125},{"_mousePosition":[770,423],"_rootPartCFrame":[749.612,222.584,45.633,0.025,0,1,0,1,0,-1,0,0.025],"_humanoidState":8,"_cameraCFrame":[753.698,239.682,45.686,0.013,-0.967,0.253,0,0.253,0.967,-1,-0.013,0.003],"_shiftlockState":false,"_pose":"Running","_animationQueue":[],"_animationSpeed":1.103,"_zoom":16.125},{"_mousePosition":[770,423],"_rootPartCFrame":[749.345,222.584,45.63,0.023,0,1,0,1,0,-1,0,0.023],"_humanoidState":8,"_cameraCFrame":[753.431,239.683,45.683,0.013,-0.967,0.253,0,0.253,0.967,-1,-0.013,0.003],"_shiftlockState":false,"_pose":"Running","_animationQueue":[["walk",0.1]],"_animationSpeed":1.103,"_zoom":16.125},{"_mousePosition":[770,423],"_rootPartCFrame":[749.079,222.584,45.626,0.022,0,1,0,1,0,-1,0,0.022],"_humanoidState":8,"_cameraCFrame":[753.164,239.683,45.679,0.013,-0.967,0.253,0,0.253,0.967,-1,-0.013,0.003],"_shiftlockState":false,"_pose":"Running","_animationQueue":[],"_animationSpeed":1.103,"_zoom":16.125},{"_mousePosition":[770,423],"_rootPartCFrame":[748.812,223.447,45.623,0.021,0,1,0,1,0,-1,0,0.021],"_humanoidState":3,"_cameraCFrame":[752.898,240.546,45.676,0.013,-0.967,0.253,0,0.253,0.967,-1,-0.013,0.003],"_shiftlockState":false,"_pose":"Jumping","_animationQueue":[["walk",0.1],["jump",0.1]],"_animationSpeed":1,"_zoom":16.125},{"_mousePosition":[770,423],"_rootPartCFrame":[748.546,224.256,45.619,0.02,0,1,0,1,0,-1,0,0.02],"_humanoidState":5,"_cameraCFrame":[752.631,241.354,45.672,0.013,-0.967,0.253,0,0.253,0.967,-1,-0.013,0.003],"_shiftlockState":false,"_pose":"FreeFall","_animationQueue":[["jump",0.1]],"_animationSpeed":1,"_zoom":16.125},{"_mousePosition":[770,423],"_rootPartCFrame":[748.279,225.01,45.616,0.019,0,1,0,1,0,-1,0,0.019],"_humanoidState":5,"_cameraCFrame":[752.365,242.108,45.669,0.013,-0.967,0.253,0,0.253,0.967,-1,-0.013,0.003],"_shiftlockState":false,"_pose":"FreeFall","_animationQueue":[],"_animationSpeed":1,"_zoom":16.125},{"_mousePosition":[770,423],"_rootPartCFrame":[748.012,225.709,45.612,0.018,0,1,0,1,0,-1,0,0.018],"_humanoidState":5,"_cameraCFrame":[752.098,242.808,45.665,0.013,-0.967,0.253,0,0.253,0.967,-1,-0.013,0.003],"_shiftlockState":false,"_pose":"FreeFall","_animationQueue":[],"_animationSpeed":1,"_zoom":16.125},{"_mousePosition":[770,423],"_rootPartCFrame":[747.746,226.354,45.609,0.017,0,1,0,1,0,-1,0,0.017],"_humanoidState":5,"_cameraCFrame":[751.831,243.453,45.662,0.013,-0.967,0.253,0,0.253,0.967,-1,-0.013,0.003],"_shiftlockState":false,"_pose":"FreeFall","_animationQueue":[],"_animationSpeed":1,"_zoom":16.125},{"_mousePosition":[770,423],"_rootPartCFrame":[747.479,226.944,45.606,0.017,0,1,0,1,0,-1,0,0.017],"_humanoidState":5,"_cameraCFrame":[751.565,244.043,45.658,0.013,-0.967,0.253,0,0.253,0.967,-1,-0.013,0.003],"_shiftlockState":false,"_pose":"FreeFall","_animationQueue":[],"_animationSpeed":1,"_zoom":16.125},{"_mousePosition":[770,423],"_rootPartCFrame":[747.213,227.48,45.602,0.016,0,1,0,1,0,-1,0,0.016],"_humanoidState":5,"_cameraCFrame":[751.268,244.587,45.655,0.013,-0.968,0.251,0,0.252,0.968,-1,-0.013,0.003],"_shiftlockState":false,"_pose":"FreeFall","_animationQueue":[],"_animationSpeed":1,"_zoom":16.125},{"_mousePosition":[770,423],"_rootPartCFrame":[746.946,227.962,45.599,0.016,0,1,0,1,0,-1,0,0.016],"_humanoidState":5,"_cameraCFrame":[751.001,245.068,45.651,0.013,-0.968,0.251,0,0.252,0.968,-1,-0.013,0.003],"_shiftlockState":false,"_pose":"FreeFall","_animationQueue":[],"_animationSpeed":1,"_zoom":16.125},{"_mousePosition":[770,423],"_rootPartCFrame":[746.679,228.388,45.595,0.015,0,1,0,1,0,-1,0,0.015],"_humanoidState":5,"_cameraCFrame":[750.735,245.495,45.648,0.013,-0.968,0.251,0,0.252,0.968,-1,-0.013,0.003],"_shiftlockState":false,"_pose":"FreeFall","_animationQueue":[],"_animationSpeed":1,"_zoom":16.125},{"_mousePosition":[770,423],"_rootPartCFrame":[746.413,228.761,45.592,0.015,0,1,0,1,0,-1,0,0.015],"_humanoidState":5,"_cameraCFrame":[750.468,245.868,45.644,0.013,-0.968,0.251,0,0.252,0.968,-1,-0.013,0.003],"_shiftlockState":false,"_pose":"FreeFall","_animationQueue":[],"_animationSpeed":1,"_zoom":16.125},{"_mousePosition":[770,423],"_rootPartCFrame":[746.146,229.079,45.588,0.015,0,1,0,1,0,-1,0,0.015],"_humanoidState":5,"_cameraCFrame":[750.201,246.185,45.641,0.013,-0.968,0.251,0,0.252,0.968,-1,-0.013,0.003],"_shiftlockState":false,"_pose":"FreeFall","_animationQueue":[],"_animationSpeed":1,"_zoom":16.125},{"_mousePosition":[770,423],"_rootPartCFrame":[745.88,229.342,45.585,0.014,0,1,0,1,0,-1,0,0.014],"_humanoidState":5,"_cameraCFrame":[749.935,246.449,45.637,0.013,-0.968,0.251,0,0.252,0.968,-1,-0.013,0.003],"_shiftlockState":false,"_pose":"FreeFall","_animationQueue":[],"_animationSpeed":1,"_zoom":16.125},{"_mousePosition":[770,423],"_rootPartCFrame":[745.613,229.551,45.581,0.014,0,1,0,1,0,-1,0,0.014],"_humanoidState":5,"_cameraCFrame":[749.668,246.658,45.634,0.013,-0.968,0.251,0,0.252,0.968,-1,-0.013,0.003],"_shiftlockState":false,"_pose":"FreeFall","_animationQueue":[],"_animationSpeed":1,"_zoom":16.125},{"_mousePosition":[770,423],"_rootPartCFrame":[745.346,229.705,45.578,0.014,0,1,0,1,0,-1,0,0.014],"_humanoidState":5,"_cameraCFrame":[749.402,246.812,45.63,0.013,-0.968,0.251,0,0.252,0.968,-1,-0.013,0.003],"_shiftlockState":false,"_pose":"FreeFall","_animationQueue":[],"_animationSpeed":1,"_zoom":16.125},{"_mousePosition":[770,423],"_rootPartCFrame":[745.08,229.805,45.574,0.014,0,1,0,1,0,-1,0,0.014],"_humanoidState":5,"_cameraCFrame":[749.135,246.912,45.627,0.013,-0.968,0.251,0,0.252,0.968,-1,-0.013,0.003],"_shiftlockState":false,"_pose":"FreeFall","_animationQueue":[],"_animationSpeed":1,"_zoom":16.125},{"_mousePosition":[770,423],"_rootPartCFrame":[744.813,229.851,45.571,0.014,0,1,0,1,0,-1,0,0.014],"_humanoidState":5,"_cameraCFrame":[748.868,246.957,45.623,0.013,-0.968,0.251,0,0.252,0.968,-1,-0.013,0.003],"_shiftlockState":false,"_pose":"FreeFall","_animationQueue":[],"_animationSpeed":1,"_zoom":16.125},{"_mousePosition":[770,423],"_rootPartCFrame":[744.547,229.842,45.567,0.014,0,1,0,1,0,-1,0,0.014],"_humanoidState":5,"_cameraCFrame":[748.602,246.948,45.62,0.013,-0.968,0.251,0,0.252,0.968,-1,-0.013,0.003],"_shiftlockState":false,"_pose":"FreeFall","_animationQueue":[],"_animationSpeed":1,"_zoom":16.125},{"_mousePosition":[770,423],"_rootPartCFrame":[744.28,229.778,45.564,0.014,0,1,0,1,0,-1,0,0.014],"_humanoidState":5,"_cameraCFrame":[748.335,246.885,45.617,0.013,-0.968,0.251,0,0.252,0.968,-1,-0.013,0.003],"_shiftlockState":false,"_pose":"FreeFall","_animationQueue":[["fall",0.3]],"_animationSpeed":1,"_zoom":16.125},{"_mousePosition":[770,423],"_rootPartCFrame":[744.013,229.66,45.56,0.013,0,1,0,1,0,-1,0,0.013],"_humanoidState":5,"_cameraCFrame":[748.069,246.767,45.613,0.013,-0.968,0.251,0,0.252,0.968,-1,-0.013,0.003],"_shiftlockState":false,"_pose":"FreeFall","_animationQueue":[],"_animationSpeed":1,"_zoom":16.125},{"_mousePosition":[770,423],"_rootPartCFrame":[743.747,229.487,45.557,0.013,0,1,0,1,0,-1,0,0.013],"_humanoidState":5,"_cameraCFrame":[747.802,246.594,45.61,0.013,-0.968,0.251,0,0.252,0.968,-1,-0.013,0.003],"_shiftlockState":false,"_pose":"FreeFall","_animationQueue":[],"_animationSpeed":1,"_zoom":16.125},{"_mousePosition":[770,423],"_rootPartCFrame":[743.48,229.26,45.554,0.013,0,1,0,1,0,-1,0,0.013],"_humanoidState":5,"_cameraCFrame":[747.535,246.367,45.606,0.013,-0.968,0.251,0,0.252,0.968,-1,-0.013,0.003],"_shiftlockState":false,"_pose":"FreeFall","_animationQueue":[],"_animationSpeed":1,"_zoom":16.125},{"_mousePosition":[770,423],"_rootPartCFrame":[743.214,228.979,45.55,0.013,0,1,0,1,0,-1,0,0.013],"_humanoidState":5,"_cameraCFrame":[747.269,246.085,45.603,0.013,-0.968,0.251,0,0.252,0.968,-1,-0.013,0.003],"_shiftlockState":false,"_pose":"FreeFall","_animationQueue":[],"_animationSpeed":1,"_zoom":16.125},{"_mousePosition":[770,423],"_rootPartCFrame":[742.947,228.643,45.547,0.013,0,1,0,1,0,-1,0,0.013],"_humanoidState":5,"_cameraCFrame":[747.002,245.749,45.599,0.013,-0.968,0.251,0,0.252,0.968,-1,-0.013,0.003],"_shiftlockState":false,"_pose":"FreeFall","_animationQueue":[],"_animationSpeed":1,"_zoom":16.125},{"_mousePosition":[770,423],"_rootPartCFrame":[742.68,228.252,45.5