[{"_mousePosition":[772,410],"_rootPartCFrame":[776.026,222.7,47.142,0.001,0,1,0,1,0,-1,0,0.001],"_humanoidState":8,"_cameraCFrame":[782.245,239.074,47.41,0.043,-0.922,0.386,0,0.386,0.922,-0.999,-0.04,0.017],"_shiftlockState":false,"_pose":"Standing","_animationQueue":[],"_animationSpeed":1,"_zoom":16.125},{"_mousePosition":[772,410],"_rootPartCFrame":[775.854,222.7,47.135,0.005,0,1,0,1,0,-1,0,0.005],"_humanoidState":8,"_cameraCFrame":[781.928,239.134,47.412,0.046,-0.925,0.377,0,0.377,0.926,-0.999,-0.042,0.017],"_shiftlockState":false,"_pose":"Standing","_animationQueue":[],"_animationSpeed":1,"_zoom":16.125},{"_mousePosition":[772,410],"_rootPartCFrame":[775.589,222.7,47.124,0.01,0,1,0,1,0,-1,0,0.01],"_humanoidState":8,"_cameraCFrame":[781.517,239.193,47.409,0.048,-0.929,0.368,0,0.368,0.93,-0.999,-0.045,0.018],"_shiftlockState":false,"_pose":"Running","_animationQueue":[["walk",0.1]],"_animationSpeed":1.003,"_zoom":16.125},{"_mousePosition":[772,410],"_rootPartCFrame":[775.323,222.7,47.111,0.015,0,1,0,1,0,-1,0,0.015],"_humanoidState":8,"_cameraCFrame":[781.074,239.261,47.417,0.053,-0.933,0.357,0,0.357,0.934,-0.999,-0.05,0.019],"_shiftlockState":false,"_pose":"Running","_animationQueue":[["walk",0.1]],"_animationSpeed":1.101,"_zoom":16.125},{"_mousePosition":[772,410],"_rootPartCFrame":[775.057,222.7,47.099,0.02,0,1,0,1,0,-1,0,0.02],"_humanoidState":8,"_cameraCFrame":[780.599,239.338,47.436,0.061,-0.937,0.344,0,0.344,0.939,-0.998,-0.057,0.021],"_shiftlockState":false,"_pose":"Running","_animationQueue":[["walk",0.1]],"_animationSpeed":1.101,"_zoom":16.125},{"_mousePosition":[772,410],"_rootPartCFrame":[774.79,222.7,47.085,0.024,0,1,0,1,0,-1,0,0.024],"_humanoidState":8,"_cameraCFrame":[780.184,239.392,47.44,0.066,-0.94,0.334,0,0.335,0.942,-0.998,-0.062,0.022],"_shiftlockState":false,"_pose":"Running","_animationQueue":[],"_animationSpeed":1.101,"_zoom":16.125},{"_mousePosition":[772,410],"_rootPartCFrame":[774.524,222.7,47.069,0.029,0,1,0,1,0,-1,0,0.029],"_humanoidState":8,"_cameraCFrame":[779.797,239.433,47.443,0.071,-0.942,0.327,0,0.328,0.945,-0.997,-0.067,0.023],"_shiftlockState":false,"_pose":"Running","_animationQueue":[],"_animationSpeed":1.101,"_zoom":16.125},{"_mousePosition":[772,410],"_rootPartCFrame":[774.258,222.7,47.051,0.034,0,0.999,0,1,0,-0.999,0,0.034],"_humanoidState":8,"_cameraCFrame":[779.411,239.474,47.443,0.076,-0.945,0.32,0,0.32,0.947,-0.997,-0.072,0.024],"_shiftlockState":false,"_pose":"Running","_animationQueue":[],"_animationSpeed":1.101,"_zoom":16.125},{"_mousePosition":[772,410],"_rootPartCFrame":[773.992,222.7,47.032,0.039,0,0.999,0,1,0,-0.999,0,0.039],"_humanoidState":8,"_cameraCFrame":[779.024,239.514,47.441,0.081,-0.947,0.312,0,0.313,0.95,-0.997,-0.077,0.025],"_shiftlockState":false,"_pose":"Running","_animationQueue":[],"_animationSpeed":1.101,"_zoom":16.125},{"_mousePosition":[772,410],"_rootPartCFrame":[773.726,222.7,47.012,0.044,0,0.999,0,1,0,-0.999,0,0.044],"_humanoidState":8,"_cameraCFrame":[778.667,239.543,47.438,0.086,-0.948,0.306,0,0.308,0.952,-0.996,-0.082,0.026],"_shiftlockState":false,"_pose":"Running","_animationQueue":[],"_animationSpeed":1.101,"_zoom":16.125},{"_mousePosition":[772,410],"_rootPartCFrame":[773.461,222.7,46.991,0.049,0,0.999,0,1,0,-0.999,0,0.049],"_humanoidState":8,"_cameraCFrame":[778.279,239.581,47.431,0.091,-0.95,0.299,0,0.3,0.954,-0.996,-0.087,0.027],"_shiftlockState":false,"_pose":"Running","_animationQueue":[["walk",0.1]],"_animationSpeed":1.101,"_zoom":16.125},{"_mousePosition":[772,410],"_rootPartCFrame":[773.195,222.7,46.968,0.054,0,0.999,0,1,0,-0.999,0,0.054],"_humanoidState":8,"_cameraCFrame":[777.891,239.619,47.433,0.099,-0.952,0.291,0,0.293,0.956,-0.995,-0.094,0.029],"_shiftlockState":false,"_pose":"Running","_animationQueue":[],"_animationSpeed":1.101,"_zoom":16.125},{"_mousePosition":[772,410],"_rootPartCFrame":[772.929,222.7,46.944,0.059,0,0.998,0,1,0,-0.998,0,0.059],"_humanoidState":8,"_cameraCFrame":[777.502,239.655,47.432,0.106,-0.953,0.284,0,0.285,0.958,-0.994,-0.102,0.03],"_shiftlockState":false,"_pose":"Running","_animationQueue":[],"_animationSpeed":1.101,"_zoom":16.125},{"_mousePosition":[772,410],"_rootPartCFrame":[772.664,222.7,46.918,0.064,0,0.998,0,1,0,-0.998,0,0.064],"_humanoidState":8,"_cameraCFrame":[777.143,239.682,47.43,0.114,-0.954,0.278,0,0.28,0.96,-0.994,-0.109,0.032],"_shiftlockState":false,"_pose":"Running","_animationQueue":[],"_animationSpeed":1.101,"_zoom":16.125},{"_mousePosition":[772,410],"_rootPartCFrame":[772.399,222.7,46.89,0.069,0,0.998,0,1,0,-0.998,0,0.069],"_humanoidState":8,"_cameraCFrame":[776.755,239.716,47.41,0.119,-0.955,0.27,0,0.272,0.962,-0.993,-0.114,0.032],"_shiftlockState":false,"_pose":"Running","_animationQueue":[],"_animationSpeed":1.101,"_zoom":16.125},{"_mousePosition":[772,410],"_rootPartCFrame":[772.134,222.7,46.86,0.075,0,0.997,0,1,0,-0.997,0,0.075],"_humanoidState":8,"_cameraCFrame":[776.367,239.75,47.387,0.124,-0.957,0.263,0,0.265,0.964,-0.992,-0.119,0.033],"_shiftlockState":false,"_pose":"Running","_animationQueue":[],"_animationSpeed":1.101,"_zoom":16.125},{"_mousePosition":[772,410],"_rootPartCFrame":[771.869,222.7,46.828,0.081,0,0.997,0,1,0,-0.997,0,0.081],"_humanoidState":8,"_cameraCFrame":[775.947,239.791,47.378,0.134,-0.958,0.253,0,0.255,0.967,-0.991,-0.129,0.034],"_shiftlockState":false,"_pose":"Running","_animationQueue":[["walk",0.1]],"_animationSpeed":1.101,"_zoom":16.125},{"_mousePosition":[772,410],"_rootPartCFrame":[771.604,222.7,46.795,0.087,0,0.996,0,1,0,-0.996,0,0.087],"_humanoidState":8,"_cameraCFrame":[775.65,239.799,47.352,0.136,-0.958,0.251,0,0.253,0.967,-0.991,-0.132,0.035],"_shiftlockState":false,"_pose":"Running","_animationQueue":[],"_animationSpeed":1.101,"_zoom":16.125},{"_mousePosition":[772,410],"_rootPartCFrame":[771.34,222.7,46.76,0.093,0,0.996,0,1,0,-0.996,0,0.093],"_humanoidState":8,"_cameraCFrame":[775.355,239.807,47.322,0.139,-0.959,0.249,0,0.251,0.968,-0.99,-0.134,0.035],"_shiftlockState":false,"_pose":"Running","_animationQueue":[],"_animationSpeed":1.101,"_zoom":16.125},{"_mousePosition":[772,410],"_rootPartCFrame":[771.076,222.7,46.723,0.099,0,0.995,0,1,0,-0.995,0,0.099],"_humanoidState":8,"_cameraCFrame":[775.059,239.815,47.292,0.141,-0.959,0.247,0,0.25,0.968,-0.99,-0.137,0.035],"_shiftlockState":false,"_pose":"Running","_animationQueue":[],"_animationSpeed":1.101,"_zoom":16.125},{"_mousePosition":[772,410],"_rootPartCFrame":[770.812,222.7,46.686,0.104,0,0.995,0,1,0,-0.995,0,0.104],"_humanoidState":8,"_cameraCFrame":[774.763,239.822,47.26,0.144,-0.959,0.245,0,0.248,0.969,-0.99,-0.139,0.036],"_shiftlockState":false,"_pose":"Running","_animationQueue":[],"_animationSpeed":1.101,"_zoom":16.125},{"_mousePosition":[772,410],"_rootPartCFrame":[770.548,222.7,46.649,0.109,0,0.994,0,1,0,-0.994,0,0.109],"_humanoidState":8,"_cameraCFrame":[774.468,239.83,47.228,0.146,-0.959,0.243,0,0.246,0.969,-0.989,-0.142,0.036],"_shiftlockState":false,"_pose":"Running","_animationQueue":[],"_animationSpeed":1.101,"_zoom":16.125},{"_mousePosition":[772,410],"_rootPartCFrame":[770.284,222.7,46.611,0.114,0,0.993,0,1,0,-0.993,0,0.114],"_humanoidState":8,"_cameraCFrame":[774.172,239.838,47.196,0.149,-0.959,0.241,0,0.244,0.97,-0.989,-0.144,0.036],"_shiftlockState":false,"_pose":"Running","_animationQueue":[],"_animationSpeed":1.101,"_zoom":16.125},{"_mousePosition":[772,410],"_rootPartCFrame":[770.02,222.666,46.572,0.118,0,0.993,0,1,0,-0.993,0,0.118],"_humanoidState":8,"_cameraCFrame":[773.875,239.811,47.172,0.154,-0.959,0.239,0,0.242,0.97,-0.988,-0.149,0.037],"_shiftlockState":false,"_pose":"Running","_animationQueue":[["walk",0.1]],"_animationSpeed":1.101,"_zoom":16.125},{"_mousePosition":[772,410],"_rootPartCFrame":[769.756,223.528,46.534,0.123,0,0.992,0,1,0,-0.992,0,0.123],"_humanoidState":3,"_cameraCFrame":[773.608,240.674,47.153,0.159,-0.958,0.239,0,0.242,0.97,-0.987,-0.154,0.038],"_shiftlockState":false,"_pose":"Jumping","_animationQueue":[["walk",0.1],["jump",0.1]],"_animationSpeed":1,"_zoom":16.125},{"_mousePosition":[772,410],"_rootPartCFrame":[769.492,224.337,46.493,0.127,0,0.992,0,1,0,-0.992,0,0.127],"_humanoidState":5,"_cameraCFrame":[773.311,241.49,47.127,0.164,-0.958,0.237,0,0.24,0.971,-0.987,-0.159,0.039],"_shiftlockState":false,"_pose":"FreeFall","_animationQueue":[["jump",0.1]],"_animationSpeed":1,"_zoom":16.125},{"_mousePosition":[772,410],"_rootPartCFrame":[769.229,225.091,46.451,0.132,0,0.991,0,1,0,-0.991,0,0.132],"_humanoidState":5,"_cameraCFrame":[773.015,242.252,47.099,0.169,-0.957,0.235,0,0.238,0.971,-0.986,-0.164,0.04],"_shiftlockState":false,"_pose":"FreeFall","_animationQueue":[],"_animationSpeed":1,"_zoom":16.125},{"_mousePosition":[772,410],"_rootPartCFrame":[768.966,225.79,46.408,0.136,0,0.991,0,1,0,-0.991,0,0.136],"_humanoidState":5,"_cameraCFrame":[772.748,242.951,47.075,0.174,-0.956,0.235,0,0.238,0.971,-0.985,-0.169,0.041],"_shiftlockState":false,"_pose":"FreeFall","_animationQueue":[],"_animationSpeed":1,"_zoom":16.125},{"_mousePosition":[772,410],"_rootPartCFrame":[768.703,226.435,46.363,0.14,0,0.99,0,1,0,-0.99,0,0.14],"_humanoidState":5,"_cameraCFrame":[772.482,243.596,47.049,0.179,-0.956,0.234,0,0.238,0.971,-0.984,-0.174,0.043],"_shiftlockState":false,"_pose":"FreeFall","_animationQueue":[],"_animationSpeed":1,"_zoom":16.125},{"_mousePosition":[772,410],"_rootPartCFrame":[768.44,227.025,46.317,0.145,0,0.989,0,1,0,-0.989,0,0.145],"_humanoidState":5,"_cameraCFrame":[772.217,244.186,47.013,0.181,-0.955,0.234,0,0.238,0.971,-0.983,-0.176,0.043],"_shiftlockState":false,"_pose":"FreeFall","_animationQueue":[],"_animationSpeed":1,"_zoom":16.125},{"_mousePosition":[772,410],"_rootPartCFrame":[768.244,227.432,46.281,0.148,0,0.989,0,1,0,-0.989,0,0.148],"_humanoidState":5,"_cameraCFrame":[772.02,244.593,46.977,0.181,-0.955,0.234,0,0.238,0.971,-0.983,-0.176,0.043],"_shiftlockState":false,"_pose":"FreeFall","_animationQueue":[],"_animationSpeed":1,"_zoom":16.125},{"_mousePosition":[772,410],"_rootPartCFrame":[767.981,227.928,46.233,0.152,0,0.988,0,1,0,-0.988,0,0.152],"_humanoidState":5,"_cameraCFrame":[771.758,245.089,46.929,0.181,-0.955,0.234,0,0.238,0.971,-0.983,-0.176,0.043],"_shiftlockState":false,"_pose":"FreeFall","_animationQueue":[],"_animationSpeed":1,"_zoom":16.125},{"_mousePosition":[772,410],"_rootPartCFrame":[767.719,228.368,46.185,0.156,0,0.988,0,1,0,-0.988,0,0.156],"_humanoidState":5,"_cameraCFrame":[771.496,245.529,46.881,0.181,-0.955,0.234,0,0.238,0.971,-0.983,-0.176,0.043],"_shiftlockState":false,"_pose":"FreeFall","_animationQueue":[],"_animationSpeed":1,"_zoom":16.125},{"_mousePosition":[772,410],"_rootPartCFrame":[767.457,228.754,46.136,0.16,0,0.987,0,1,0,-0.987,0,0.16],"_humanoidState":5,"_cameraCFrame":[771.234,245.915,46.832,0.181,-0.955,0.234,0,0.238,0.971,-0.983,-0.176,0.043],"_shiftlockState":false,"_pose":"FreeFall","_animationQueue":[],"_animationSpeed":1,"_zoom":16.125},{"_mousePosition":[772,410],"_rootPartCFrame":[767.129,229.16,46.076,0.164,0,0.987,0,1,0,-0.987,0,0.164],"_humanoidState":5,"_cameraCFrame":[770.906,246.321,46.772,0.181,-0.955,0.234,0,0.238,0.971,-0.983,-0.176,0.043],"_shiftlockState":false,"_pose":"FreeFall","_animationQueue":[],"_animationSpeed":1,"_zoom":16.125},{"_mousePosition":[772,410],"_rootPartCFrame":[766.867,229.423,46.028,0.166,0,0.986,0,1,0,-0.986,0,0.166],"_humanoidState":5,"_cameraCFrame":[770.612,246.592,46.728,0.184,-0.955,0.232,0,0.236,0.972,-0.983,-0.178,0.043],"_shiftlockState":false,"_pose":"FreeFall","_animationQueue":[],"_animationSpeed":1,"_zoom":16.125},{"_mousePosition":[772,410],"_rootPartCFrame":[766.605,229.632,45.979,0.168,0,0.986,0,1,0,-0.986,0,0.168],"_humanoidState":5,"_cameraCFrame":[770.35,246.801,46.679,0.184,-0.955,0.232,0,0.236,0.972,-0.983,-0.178,0.043],"_shiftlockState":false,"_pose":"FreeFall","_animationQueue":[],"_animationSpeed":1,"_zoom":16.125},{"_mousePosition":[772,410],"_rootPartCFrame":[766.343,229.787,45.93,0.17,0,0.985,0,1,0,-0.985,0,0.17],"_humanoidState":5,"_cameraCFrame":[770.088,246.955,46.63,0.184,-0.955,0.232,0,0.236,0.972,-0.983,-0.178,0.043],"_shiftlockState":false,"_pose":"FreeFall","_animationQueue":[],"_animationSpeed":1,"_zoom":16.125},{"_mousePosition":[772,410],"_rootPartCFrame":[766.08,229.887,45.881,0.172,0,0.985,0,1,0,-0.985,0,0.172],"_humanoidState":5,"_cameraCFrame":[769.826,247.055,46.581,0.184,-0.955,0.232,0,0.236,0.972,-0.983,-0.178,0.043],"_shiftlockState":false,"_pose":"FreeFall","_animationQueue":[],"_animationSpeed":1,"_zoom":16.125},{"_mousePosition":[772,410],"_rootPartCFrame":[765.818,229.932,45.832,0.174,0,0.985,0,1,0,-0.985,0,0.174],"_humanoidState":5,"_cameraCFrame":[769.563,247.1,46.532,0.184,-0.955,0.232,0,0.236,0.972,-0.983,-0.178,0.043],"_shiftlockState":false,"_pose":"FreeFall","_animationQueue":[],"_animationSpeed":1,"_zoom":16.125},{"_mousePosition":[772,410],"_rootPartCFrame":[765.556,229.923,45.783,0.175,0,0.985,0,1,0,-0.985,0,0.175],"_humanoidState":5,"_cameraCFrame":[769.301,247.091,46.483,0.184,-0.955,0.232,0,0.236,0.972,-0.983,-0.178,0.043],"_shiftlockState":false,"_pose":"FreeFall","_animationQueue":[],"_animationSpeed":1,"_zoom":16.125},{"_mousePosition":[772,410],"_rootPartCFrame":[765.294,229.859,45.735,0.176,0,0.984,0,1,0,-0.984,0,0.176],"_humanoidState":5,"_cameraCFrame":[769.039,247.028,46.434,0.184,-0.955,0.232,0,0.236,0.972,-0.983,-0.178,0.043],"_shiftlockState":false,"_pose":"FreeFall","_animationQueue":[],"_animationSpeed":1,"_zoom":16.125},{"_mousePosition":[772,410],"_rootPartCFrame":[765.031,229.741,45.686,0.177,0,0.984,0,1,0,-0.984,0,0.177],"_humanoidState":5,"_cameraCFrame":[768.773,246.91,46.404,0.189,-0.954,0.232,0,0.236,0.972,-0.982,-0.183,0.045],"_shiftlockState":false,"_pose":"FreeFall","_animationQueue":[["fall",0.3]],"_animationSpeed":1,"_zoom":16.125},{"_mousePosition":[772,410],"_rootPartCFrame":[764.769,229.568,45.637,0.178,0,0.984,0,1,0,-0.984,0,0.178],"_humanoidState":5,"_cameraCFrame":[768.507,246.737,46.374,0.194,-0.953,0.232,0,0.236,0.972,-0.981,-0.188,0.046],"_shiftlockState":false,"_pose":"FreeFall","_animationQueue":[],"_animationSpeed":1,"_zoom":16.125},{"_mousePosition":[772,410],"_rootPartCFrame":[764.507,229.341,45.586,0.18,0,0.984,0,1,0,-0.984,0,0.18],"_humanoidState":5,"_cameraCFrame":[768.238,246.51,46.362,0.204,-0.951,0.231,0,0.236,0.972,-0.979,-0.198,0.048],"_shiftlockState":false,"_pose":"FreeFall","_animationQueue":[],"_animationSpeed":1,"_zoom":16.125},{"_mousePosition":[772,410],"_rootPartCFrame":[764.246,229.06,45.535,0.181,0,0.983,0,1,0,-0.983,0,0.181],"_humanoidState":5,"_cameraCFrame":[767.961,246.228,46.376,0.221,-0.948,0.23,0,0.236,0.972,-0.975,-0.215,0.052],"_shiftlockState":false,"_pose":"FreeFall","_animationQueue":[],"_animationSpeed":1,"_zoom":16.125},{"_mousePosition":[772,410],"_rootPartCFrame":[763.984,228.724,45.481,0.184,0,0.983,0,1,0,-0.983,0,0.184],"_humanoidState":5,"_cameraCFrame":[767.68,245.892,46.407,0.243,-0.943,0.229,0,0.236,0.972,-0.97,-0.236,0.057],"_shiftlockState":false,"_pose":"FreeFall","_animationQueue":[],"_animationSpeed":1,"_zoom":16.125},{"_mousePosition":[772,410],"_rootPartCFrame":[763.724,228.333,45.423,0.188,0,0.982,0,1,0,-0.982,0,0.188],"_humanoidState":5,"_cameraCFrame":[767.395,245.502,46.442,0.267,-0.936,0.228,0,0.236,0.972,-0.964,-0.26,0.063],"_shiftlockState":false,"_pose":"FreeFall","_animationQueue":[],"_animationSpeed":1,"_zoom":16.125},{"_mousePosition":[772,410],"_rootPartCFrame":[763.53,228.004,45.375,0.193,0,0.981,0,1,0,-0.981,0,0.193],"_humanoidState":5,"_cameraCFrame":[767.198,245.165,46.514,0.297,-0.928,0.227,0,0.238,0.971,-0.955,-0.288,0.071],"_shiftlockState":false,"_pose":"FreeFall","_animationQueue":[],"_animationSpeed":1,"_zoom":16.125},{"_mousePosition":[772,410],"_rootPartCFrame":[763.208,227.388,45.287,0.204,0,0.979,0,1,0,-0.979,0,0.204],"_humanoidState":5,"_cameraCFrame":[766.901,244.534,46.548,0.323,-0.918,0.229,0,0.242,0.97,-0.946,-0.313,0.078],"_shiftlockState":false,"_pose":"FreeFall","_animationQueue":[["fall",0.3]],"_animationSpeed":1,"_zoom":16.125},{"_mousePosition":[772,410],"_rootPartCFrame":[762.953,226.834,45.209,0.216,0,0.976,0,1,0,-0.976,0,0.216],"_humanoidState":5,"_cameraCFrame":[766.634,243.973,46.592,0.352,-0.908,0.228,0,0.244,0.97,-0.936,-0.341,0.086],"_shiftlockState":false,"_pose":"FreeFall","_animationQueue":[],"_animationSpeed":1,"_zoom":16.125},{"_mousePosition":[772,410],"_rootPartCFrame":[762.701,226.226,45.124,0.23,0,0.973,0,1,0,-0.973,0,0.23],"_humanoidState":5,"_cameraCFrame":[766.366,243.356,46.629,0.38,-0.897,0.227,0,0.246,0.969,-0.925,-0.368,0.093],"_shiftlockState":false,"_pose":"FreeFall","_animationQueue":[],"_animationSpeed":1,"_zoom":16.125},{"_mousePosition":[772,410],"_rootPartCFrame":[762.451,225.563,45.031,0.246,0,0.969,0,1,0,-0.969,0,0.246],"_humanoidState":5,"_cameraCFrame":[766.099,242.678,46.728,0.422,-0.878,0.226,0,0.25,0.968,-0.907,-0.408,0.105],"_shiftlockState":false,"_pose":"FreeFall","_animationQueue":[],"_animationSpeed":1,"_zoom":16.125},{"_mousePosition":[772,410],"_rootPartCFrame":[762.204,224.845,44.931,0.263,0,0.965,0,1,0,-0.965,0,0.263],"_humanoidState":5,"_cameraCFrame":[765.789,241.96,46.756,0.454,-0.863,0.222,0,0.25,0.968,-0.891,-0.439,0.113],"_shiftlockState":false,"_pose":"FreeFall","_animationQueue":[],"_animationSpeed":1,"_zoom":16.125},{"_mousePosition":[772,410],"_rootPartCFrame":[761.961,224.073,44.82,0.284,0,0.959,0,1,0,-0.959,0,0.284],"_humanoidState":5,"_cameraCFrame":[765.465,241.188,46.798,0.491,-0.843,0.217,0,0.25,0.968,-0.871,-0.476,0.123],"_shiftlockState":false,"_pose":"FreeFall","_animationQueue":[],"_animationSpeed":1,"_zoom":16.125},{"_mousePosition":[772,410],"_rootPartCFrame":[761.723,223.246,44.701,0.306,0,0.952,0,1,0,-0.952,0,0.306],"_humanoidState":5,"_cameraCFrame":[765.128,240.361,46.844,0.533,-0.82,0.211,0,0.25,0.968,-0.846,-0.516,0.133],"_shiftlockState":false,"_pose":"FreeFall","_animationQueue":[["fall",0.3]],"_animationSpeed":1,"_zoom":16.125},{"_mousePosition":[772,410],"_rootPartCFrame":[761.49,222.365,44.571,0.331,0,0.944,0,1,0,-0.944,0,0.331],"_humanoidState":5,"_cameraCFrame":[764.776,239.48,46.892,0.577,-0.791,0.204,0,0.25,0.968,-0.817,-0.559,0.144],"_shiftlockState":false,"_pose":"FreeFall","_animationQueue":[],"_animationSpeed":1,"_zoom":16.125},{"_mousePosition":[772,410],"_rootPartCFrame":[761.32,222.237,44.466,0.351,0,0.936,0,1,0,-0.936,0,0.351],"_humanoidState":7,"_cameraCFrame":[764.478,239.352,46.959,0.62,-0.76,0.196,0,0.25,0.968,-0.785,-0.6,0.155],"_shiftlockState":false,"_pose":"FreeFall","_animationQueue":[["walk",0.1],["fall",0.3],["fall",0.3]],"_animationSpeed":1,"_zoom":16.125},{"_mousePosition":[772,410],"_rootPartCFrame":[761.046,222.23,44.276,0.389,0,0.921,0,1,0,-0.921,0,0.389],"_humanoidState":7,"_cameraCFrame":[764.074,239.345,46.925,0.658,-0.729,0.188,0,0.25,0.968,-0.753,-0.638,0.164],"_shiftlockState":false,"_pose":"FreeFall","_animationQueue":[],"_animationSpeed":1,"_zoom":16.125},{"_mousePosition":[772,410],"_rootPartCFrame":[760.836,222.126,44.112,0.422,0,0.907,0,1,0,-0.907,0,0.422],"_humanoidState":8,"_cameraCFrame":[763.733,239.241,46.904,0.694,-0.697,0.18,0,0.25,0.968,-0.72,-0.672,0.173],"_shiftlockState":false,"_pose":"Running","_animationQueue":[["walk",0.1],["fall",0.3],["walk",0.1]],"_animationSpeed":1.103,"_zoom":16.125},{"_mousePosition":[772,410],"_rootPartCFrame":[760.634,221.957,43.937,0.455,0,0.89,0,1,0,-0.89,0,0.455],"_humanoidState":8,"_cameraCFrame":[763.416,239.072,46.844,0.722,-0.67,0.173,0,0.25,0.968,-0.691,-0.7,0.18],"_shiftlockState":false,"_pose":"Running","_animationQueue":[],"_animationSpeed":1.103,"_zoom":16.125},{"_mousePosition":[772,410],"_rootPartCFrame":[760.441,221.733,43.753,0.49,0,0.872,0,1,0,-0.872,0,0.49],"_humanoidState":8,"_cameraCFrame":[763.111,238.848,46.763,0.748,-0.643,0.166,0,0.25,0.968,-0.664,-0.724,0.187],"_shiftlockState":false,"_pose":"Running","_animationQueue":[["walk",0.1]],"_animationSpeed":1.103,"_zoom":16.125},{"_mousePosition":[772,410],"_rootPartCFrame":[760.256,221.455,43.561,0.524,0,0.852,0,1,0,-0.852,0,0.524],"_humanoidState":8,"_cameraCFrame":[762.845,238.562,46.681,0.77,-0.618,0.161,0,0.251,0.968,-0.639,-0.745,0.193],"_shiftlockState":false,"_pose":"Running","_animationQueue":[],"_animationSpeed":1.103,"_zoom":16.125},{"_mousePosition":[772,410],"_rootPartCFrame":[760.079,221.448,43.362,0.557,0,0.831,0,1,0,-0.831,0,0.557],"_humanoidState":8,"_cameraCFrame":[762.598,238.547,46.577,0.787,-0.597,0.156,0,0.253,0.967,-0.617,-0.761,0.199],"_shiftlockState":false,"_pose":"Running","_animationQueue":[],"_animationSpeed":1.103,"_zoom":16.125},{"_mousePosition":[772,410],"_rootPartCFrame":[759.908,221.487,43.157,0.588,0,0.809,0,1,0,-0.809,0,0.588],"_humanoidState":8,"_cameraCFrame":[762.348,238.571,46.508,0.808,-0.569,0.151,0,0.257,0.966,-0.589,-0.781,0.208],"_shiftlockState":false,"_pose":"Running","_animationQueue":[],"_animationSpeed":1.103,"_zoom":16.125},{"_mousePosition":[772,410],"_rootPartCFrame":[759.737,222.36,42.952,0.619,0,0.786,0,1,0,-0.786,0,0.619],"_humanoidState":3,"_cameraCFrame":[762.144,239.427,46.402,0.82,-0.552,0.149,0,0.261,0.965,-0.572,-0.792,0.214],"_shiftlockState":false,"_pose":"Jumping","_animationQueue":[["walk",0.1],["jump",0.1]],"_animationSpeed":1,"_zoom":16.125},{"_mousePosition":[772,410],"_rootPartCFrame":[759.578,223.183,42.738,0.647,0,0.762,0,1,0,-0.762,0,0.647],"_humanoidState":5,"_cameraCFrame":[761.931,240.241,46.261,0.832,-0.536,0.146,0,0.263,0.965,-0.555,-0.802,0.218],"_shiftlockState":false,"_pose":"FreeFall","_animationQueue":[["jump",0.1]],"_animationSpeed":1,"_zoom":16.125},{"_mousePosition":[772,410],"_rootPartCFrame":[759.425,223.95,42.52,0.674,0,0.739,0,1,0,-0.739,0,0.674],"_humanoidState":5,"_cameraCFrame":[761.722,241,46.115,0.843,-0.519,0.142,0,0.265,0.964,-0.538,-0.813,0.223],"_shiftlockState":false,"_pose":"FreeFall","_animationQueue":[],"_animationSpeed":1,"_zoom":16.125},{"_mousePosition":[772,410],"_rootPartCFrame":[759.276,224.663,42.299,0.698,0,0.716,0,1,0,-0.716,0,0.698],"_humanoidState":5,"_cameraCFrame":[761.516,241.705,45.966,0.853,-0.502,0.139,0,0.266,0.964,-0.521,-0.823,0.227],"_shiftlockState":false,"_pose":"FreeFall","_animationQueue":[],"_animationSpeed":1,"_zoom":16.125},{"_mousePosition":[772,410],"_rootPartCFrame":[759.132,225.322,42.075,0.72,0,0.694,0,1,0,-0.694,0,0.72],"_humanoidState":5,"_cameraCFrame":[761.331,242.355,45.801,0.861,-0.49,0.136,0,0.268,0.963,-0.508,-0.83,0.231],"_shiftlockState":false,"_pose":"FreeFall","_animationQueue":[],"_animationSpeed":1,"_zoom":16.125},{"_mousePosition":[772,410],"_rootPartCFrame":[758.992,225.926,41.848,0.74,0,0.672,0,1,0,-0.672,0,0.74],"_humanoidState":5,"_cameraCFrame":[761.154,242.959,45.596,0.866,-0.481,0.134,0,0.268,0.963,-0.5,-0.835,0.232],"_shiftlockState":false,"_pose":"FreeFall","_animationQueue":[],"_animationSpeed":1,"_zoom":16.125},{"_mousePosition":[772,410],"_rootPartCFrame":[758.856,226.475,41.618,0.759,0,0.652,0,1,0,-0.652,0,0.759],"_humanoidState":5,"_cameraCFrame":[761.004,243.5,45.409,0.87,-0.475,0.133,0,0.27,0.963,-0.493,-0.838,0.235],"_shiftlockState":false,"_pose":"FreeFall","_animationQueue":[],"_animationSpeed":1,"_zoom":16.125},{"_mousePosition":[772,410],"_rootPartCFrame":[758.723,226.97,41.387,0.775,0,0.632,0,1,0,-0.632,0,0.775],"_humanoidState":5,"_cameraCFrame":[760.866,243.987,45.216,0.873,-0.47,0.133,0,0.272,0.962,-0.489,-0.84,0.237],"_shiftlockState":false,"_pose":"FreeFall","_animationQueue":[],"_animationSpeed":1,"_zoom":16.125},{"_mousePosition":[772,410],"_rootPartCFrame":[758.591,227.411,41.156,0.79,0,0.614,0,1,0,-0.614,0,0.79],"_humanoidState":5,"_cameraCFrame":[760.725,244.427,44.989,0.874,-0.468,0.132,0,0.272,0.962,-0.486,-0.841,0.238],"_shiftlockState":false,"_pose":"FreeFall","_animationQueue":[],"_animationSpeed":1,"_zoom":16.125},{"_mousePosition":[772,410],"_rootPartCFrame":[758.461,227.797,40.923,0.802,0,0.597,0,1,0,-0.597,0,0.802],"_humanoidState":5,"_cameraCFrame":[760.575,244.813,44.767,0.876,-0.464,0.131,0,0.272,0.962,-0.482,-0.843,0.238],"_shiftlockState":false,"_pose":"FreeFall","_animationQueue":[],"_animationSpeed":1,"_zoom":16.125},{"_mousePosition":[772,410],"_rootPartCFrame":[758.331,228.128,40.69,0.813,0,0.582,0,1,0,-0.582,0,0.813],"_humanoidState":5,"_cameraCFrame":[760.445,245.145,44.534,0.876,-0.464,0.131,0,0.272,0.962,-0.482,-0.843,0.238],"_shiftlockState":false,"_pose":"FreeFall","_animationQueue":[],"_animationSpeed":1,"_zoom":16.125},{"_mousePosition":[772,410],"_rootPartCFrame":[758.202,228.405,40.456,0.823,0,0.569,0,1,0,-0.569,0,0.823],"_humanoidState":5,"_cameraCFrame":[760.321,245.413,44.333,0.877,-0.461,0.131,0,0.274,0.962,-0.48,-0.844,0.24],"_shiftlockState":false,"_pose":"FreeFall","_animationQueue":[],"_animationSpeed":1,"_zoom":16.125},{"_mousePosition":[772,410],"_rootPartCFrame":[758.074,228.628,40.223,0.831,0,0.557,0,1,0,-0.557,0,0.831],"_humanoidState":5,"_cameraCFrame":[760.193,245.636,44.099,0.877,-0.461,0.131,0,0.274,0.962,-0.48,-0.844,0.24],"_shiftlockState":false,"_pose":"FreeFall","_animationQueue":[],"_animationSpeed":1,"_zoom":16.125},{"_mousePosition":[772,410],"_rootPartCFrame":[757.978,228.759,40.047,0.836,0,0.549,0,1,0,-0.549,0,0.836],"_humanoidState":5,"_cameraCFrame":[760.097,245.767,43.924,0.877,-0.461,0.131,0,0.274,0.962,-0.48,-0.844,0.24],"_shiftlockState":false,"_pose":"FreeFall","_animationQueue":[],"_animationSpeed":1,"_zoom":16.125},{"_mousePosition":[772,410],"_rootPartCFrame":[757.818,228.909,39.755,0.843,0,0.537,0,1,0,-0.537,0,0.843],"_humanoidState":5,"_cameraCFrame":[759.937,245.917,43.631,0.877,-0.461,0.131,0,0.274,0.962,-0.48,-0.844,0.24],"_shiftlockState":false,"_pose":"FreeFall","_animationQueue":[],"_animationSpeed":1,"_zoom":16.125},{"_mousePosition":[772,410],"_rootPartCFrame":[757.69,228.968,39.521,0.849,0,0.529,0,1,0,-0.529,0,0.849],"_humanoidState":5,"_cameraCFrame":[759.809,245.976,43.397,0.877,-0.461,0.131,0,0.274,0.962,-0.48,-0.844,0.24],"_shiftlockState":false,"_pose":"FreeFall","_animationQueue":[],"_animationSpeed":1,"_zoom":16.125},{"_mousePosition":[772,410],"_rootPartCFrame":[757.562,228.973,39.287,0.853,0,0.522,0,1,0,-0.522,0,0.853],"_humanoidState":5,"_cameraCFrame":[759.681,245.981,43.163,0.877,-0.461,0.131,0,0.274,0.962,-0.48,-0.844,0.24],"_shiftlockState":false,"_pose":"FreeFall","_animationQueue":[["fall",0.3]],"_animationSpeed":1,"_zoom":16.125},{"_mousePosition":[772,410],"_rootPartCFrame":[757.434,228.923,39.053,0.856,0,0.516,0,1,0,-0.516,0,0.856],"_humanoidState":5,"_cameraCFrame":[759.592,245.931,42.907,0.873,-0.47,0.134,0,0.274,0.962,-0.489,-0.839,0.239],"_shiftlockState":false,"_pose":"FreeFall","_animationQueue":[],"_animationSpeed":1,"_zoom":16.125},{"_mousePosition":[772,410],"_rootPartCFrame":[757.306,228.818,38.819,0.859,0,0.511,0,1,0,-0.511,0,0.859],"_humanoidState":5,"_cameraCFrame":[759.513,245.826,42.646,0.866,-0.48,0.137,0,0.274,0.962,-0.5,-0.833,0.237],"_shiftlockState":false,"_pose":"FreeFall","_animationQueue":[],"_animationSpeed":1,"_zoom":16.125},{"_mousePosition":[772,410],"_rootPartCFrame":[757.176,228.659,38.586,0.862,0,0.508,0,1,0,-0.508,0,0.862],"_humanoidState":5,"_cameraCFrame":[759.45,245.667,42.373,0.857,-0.495,0.141,0,0.274,0.962,-0.515,-0.825,0.235],"_shiftlockState":false,"_pose":"FreeFall","_animationQueue":[],"_animationSpeed":1,"_zoom":16.125},{"_mousePosition":[772,410],"_rootPartCFrame":[757.043,228.446,38.355,0.863,0,0.506,0,1,0,-0.506,0,0.863],"_humanoidState":5,"_cameraCFrame":[759.413,245.454,42.083,0.844,-0.516,0.147,0,0.274,0.962,-0.536,-0.812,0.231],"_shiftlockState":false,"_pose":"FreeFall","_animationQueue":[],"_animationSpeed":1,"_zoom":16.125},{"_mousePosition":[772,410],"_rootPartCFrame":[756.907,228.178,38.126,0.862,0,0.506,0,1,0,-0.506,0,0.862],"_humanoidState":5,"_cameraCFrame":[759.37,245.186,41.793,0.83,-0.536,0.153,0,0.274,0.962,-0.558,-0.798,0.227],"_shiftlockState":false,"_pose":"FreeFall","_animationQueue":[],"_animationSpeed":1,"_zoom":16.125},{"_mousePosition":[772,410],"_rootPartCFrame":[756.765,227.855,37.9,0.861,0,0.509,0,1,0,-0.509,0,0.861],"_humanoidState":5,"_cameraCFrame":[759.32,244.864,41.504,0.816,-0.556,0.158,0,0.274,0.962,-0.578,-0.785,0.223],"_shiftlockState":false,"_pose":"FreeFall","_animationQueue":[["fall",0.3]],"_animationSpeed":1,"_zoom":16.125},{"_mousePosition":[772,410],"_rootPartCFrame":[756.617,227.478,37.678,0.857,0,0.515,0,1,0,-0.515,0,0.857],"_humanoidState":5,"_cameraCFrame":[759.28,244.487,41.203,0.798,-0.58,0.165,0,0.274,0.962,-0.603,-0.767,0.219],"_shiftlockState":false,"_pose":"FreeFall","_animationQueue":[],"_animationSpeed":1,"_zoom":16.125},{"_mousePosition":[772,410],"_rootPartCFrame":[756.463,227.42,37.46,0.852,0,0.523,0,1,0,-0.523,0,0.852],"_humanoidState":7,"_cameraCFrame":[759.18,244.428,40.944,0.789,-0.591,0.168,0,0.274,0.962,-0.615,-0.758,0.216],"_shiftlockState":false,"_pose":"FreeFall","_animationQueue":[["walk",0.1],["fall",0.3],["fall",0.3]],"_animationSpeed":1,"_zoom":16.125},{"_mousePosition":[772,410],"_rootPartCFrame":[756.304,227.419,37.247,0.846,0,0.533,0,1,0,-0.533,0,0.846],"_humanoidState":7,"_cameraCFrame":[759.055,244.427,40.703,0.782,-0.599,0.171,0,0.274,0.962,-0.623,-0.752,0.214],"_shiftlockState":false,"_pose":"FreeFall","_animationQueue":[],"_animationSpeed":1,"_zoom":16.125},{"_mousePosition":[772,410],"_rootPartCFrame":[756.14,227.315,37.036,0.839,0,0.544,0,1,0,-0.544,0,0.839],"_humanoidState":8,"_cameraCFrame":[758.918,244.323,40.471,0.778,-0.605,0.172,0,0.274,0.962,-0.629,-0.748,0.213],"_shiftlockState":false,"_pose":"Running","_animationQueue":[["walk",0.1],["fall",0.3],["walk",0.1]],"_animationSpeed":1.103,"_zoom":16.125},{"_mousePosition":[772,410],"_rootPartCFrame":[755.974,227.146,36.827,0.832,0,0.555,0,1,0,-0.555,0,0.832],"_humanoidState":8,"_cameraCFrame":[758.778,244.154,40.241,0.773,-0.61,0.174,0,0.274,0.962,-0.635,-0.743,0.212],"_shiftlockState":false,"_pose":"Running","_animationQueue":[],"_animationSpeed":1.103,"_zoom":16.125},{"_mousePosition":[772,410],"_rootPartCFrame":[755.807,226.922,36.62,0.825,0,0.565,0,1,0,-0.565,0,0.825],"_humanoidState":8,"_cameraCFrame":[758.628,243.93,40.019,0.77,-0.614,0.175,0,0.274,0.962,-0.639,-0.74,0.211],"_shiftlockState":false,"_pose":"Running","_animationQueue":[["walk",0.1]],"_animationSpeed":1.103,"_zoom":16.125},{"_mousePosition":[772,410],"_rootPartCFrame":[755.637,226.644,36.414,0.818,0,0.575,0,1,0,-0.575,0,0.818],"_humanoidState":8,"_cameraCFrame":[758.476,243.652,39.799,0.766,-0.618,0.176,0,0.274,0.962,-0.642,-0.737,0.21],"_shiftlockState":false,"_pose":"Running","_animationQueue":[],"_animationSpeed":1.103,"_zoom":16.125},{"_mousePosition":[772,410],"_rootPartCFrame":[755.467,226.448,36.208,0.812,0,0.583,0,1,0,-0.583,0,0.812],"_humanoidState":8,"_cameraCFrame":[758.305,243.456,39.594,0.766,-0.618,0.176,0,0.274,0.962,-0.642,-0.737,0.21],"_shiftlockState":false,"_pose":"Running","_animationQueue":[],"_animationSpeed":1.103,"_zoom":16.125},{"_mousePosition":[772,410],"_rootPartCFrame":[755.296,226.472,36.004,0.806,0,0.592,0,1,0,-0.592,0,0.806],"_humanoidState":8,"_cameraCFrame":[758.134,243.48,39.389,0.766,-0.618,0.176,0,0.274,0.962,-0.642,-0.737,0.21],"_shiftlockState":false,"_pose":"Running","_animationQueue":[],"_animationSpeed":1.103,"_zoom":16.125},{"_mousePosition":[772,410],"_rootPartCFrame":[755.125,226.505,35.8,0.801,0,0.599,0,1,0,-0.599,0,0.801],"_humanoidState":8,"_cameraCFrame":[757.971,243.513,39.178,0.765,-0.62,0.177,0,0.274,0.962,-0.644,-0.735,0.209],"_shiftlockState":false,"_pose":"Running","_animationQueue":[],"_animationSpeed":1.103,"_zoom":16.125},{"_mousePosition":[772,410],"_rootPartCFrame":[754.953,226.526,35.595,0.796,0,0.605,0,1,0,-0.605,0,0.796],"_humanoidState":8,"_cameraCFrame":[757.8,243.534,38.973,0.765,-0.62,0.177,0,0.274,0.962,-0.644,-0.735,0.209],"_shiftlockState":false,"_pose":"Running","_animationQueue":[],"_animationSpeed":1.103,"_zoom":16.125},{"_mousePosition":[772,410],"_rootPartCFrame":[754.782,226.538,35.391,0.792,0,0.61,0,1,0,-0.61,0,0.792],"_humanoidState":8,"_cameraCFrame":[757.628,243.546,38.769,0.765,-0.62,0.177,0,0.274,0.962,-0.644,-0.735,0.209],"_shiftlockState":false,"_pose":"Running","_animationQueue":[],"_animationSpeed":1.103,"_zoom":16.125},{"_mousePosition":[772,410],"_rootPartCFrame":[754.61,226.544,35.187,0.789,0,0.615,0,1,0,-0.615,0,0.789],"_humanoidState":8,"_cameraCFrame":[757.456,243.552,38.566,0.765,-0.62,0.177,0,0.274,0.962,-0.644,-0.735,0.209],"_shiftlockState":false,"_pose":"Running","_animationQueue":[["walk",0.1]],"_animationSpeed":1.103,"_zoom":16.125},{"_mousePosition":[772,410],"_rootPartCFrame":[754.438,226.548,34.983,0.785,0,0.619,0,1,0,-0.619,0,0.785],"_humanoidState":8,"_cameraCFrame":[757.285,243.556,38.362,0.765,-0.62,0.177,0,0.274,0.962,-0.644,-0.735,0.209],"_shiftlockState":false,"_pose":"Running","_animationQueue":[],"_animationSpeed":1.103,"_zoom":16.125},{"_mousePosition":[772,410],"_rootPartCFrame":[754.266,226.55,34.78,0.783,0,0.622,0,1,0,-0.622,0,0.783],"_humanoidState":8,"_cameraCFrame":[757.113,243.558,38.158,0.765,-0.62,0.177,0,0.274,0.962,-0.644,-0.735,0.209],"_shiftlockState":false,"_pose":"Running","_animationQueue":[],"_animationSpeed":1.103,"_zoom":16.125},{"_mousePosition":[772,410],"_rootPartCFrame":[754.094,226.55,34.576,0.78,0,0.625,0,1,0,-0.625,0,0.78],"_humanoidState":8,"_cameraCFrame":[756.941,243.559,37.954,0.765,-0.62,0.177,0,0.274,0.962,-0.644,-0.735,0.209],"_shiftlockState":false,"_pose":"Running","_animationQueue":[],"_animationSpeed":1.103,"_zoom":16.125},{"_mousePosition":[772,410],"_rootPartCFrame":[753.922,226.551,34.372,0.778,0,0.628,0,1,0,-0.628,0,0.778],"_humanoidState":8,"_cameraCFrame":[756.769,243.559,37.75,0.765,-0.62,0.177,0,0.274,0.962,-0.644,-0.735,0.209],"_shiftlockState":false,"_pose":"Running","_animationQueue":[],"_animationSpeed":1.103,"_zoom":16.125},{"_mousePosition":[772,410],"_rootPartCFrame":[753.75,226.551,34.168,0.776,0,0.63,0,1,0,-0.63,0,0.776],"_humanoidState":8,"_cameraCFrame":[756.606,243.559,37.539,0.763,-0.622,0.177,0,0.274,0.962,-0.646,-0.734,0.209],"_shiftlockState":false,"_pose":"Running","_animationQueue":[],"_animationSpeed":1.103,"_zoom":16.125},{"_mousePosition":[772,410],"_rootPartCFrame":[753.579,226.536,33.964,0.775,0,0.632,0,1,0,-0.632,0,0.775],"_humanoidState":8,"_cameraCFrame":[756.434,243.544,37.335,0.763,-0.622,0.177,0,0.274,0.962,-0.646,-0.734,0.209],"_shiftlockState":false,"_pose":"Running","_animationQueue":[["walk",0.1]],"_animationSpeed":1.103,"_zoom":16.125},{"_mousePosition":[772,410],"_rootPartCFrame":[753.406,226.54,33.76,0.773,0,0.634,0,1,0,-0.634,0,0.773],"_humanoidState":8,"_cameraCFrame":[756.261,243.548,37.131,0.763,-0.622,0.177,0,0.274,0.962,-0.646,-0.734,0.209],"_shiftlockState":false,"_pose":"Running","_animationQueue":[],"_animationSpeed":1.103,"_zoom":16.125},{"_mousePosition":[772,410],"_rootPartCFrame":[753.234,227.413,33.557,0.772,0,0.636,0,1,0,-0.636,0,0.772],"_humanoidState":3,"_cameraCFrame":[756.089,244.421,36.928,0.763,-0.622,0.177,0,0.274,0.962,-0.646,-0.734,0.209],"_shiftlockState":false,"_pose":"Jumping","_animationQueue":[["walk",0.1],["jump",0.1]],"_animationSpeed":1,"_zoom":16.125},{"_mousePosition":[772,410],"_rootPartCFrame":[753.062,228.235,33.353,0.77,0,0.637,0,1,0,-0.637,0,0.77],"_humanoidState":5,"_cameraCFrame":[755.917,245.243,36.724,0.763,-0.622,0.177,0,0.274,0.962,-0.646,-0.734,0.209],"_shiftlockState":false,"_pose":"FreeFall","_animationQueue":[["jump",0.1]],"_animationSpeed":1,"_zoom":16.125},{"_mousePosition":[772,410],"_rootPartCFrame":[752.889,229.003,33.15,0.769,0,0.639,0,1,0,-0.639,0,0.769],"_humanoidState":5,"_cameraCFrame":[755.744,246.011,36.521,0.763,-0.622,0.177,0,0.274,0.962,-0.646,-0.734,0.209],"_shiftlockState":false,"_pose":"FreeFall","_animationQueue":[],"_animationSpeed":1,"_zoom":16.125},{"_mousePosition":[772,410],"_rootPartCFrame":[752.717,229.716,32.946,0.769,0,0.64,0,1,0,-0.64,0,0.769],"_humanoidState":5,"_cameraCFrame":[755.572,246.724,36.317,0.763,-0.622,0.177,0,0.274,0.962,-0.646,-0.734,0.209],"_shiftlockState":false,"_pose":"FreeFall","_animationQueue":[],"_animationSpeed":1,"_zoom":16.125},{"_mousePosition":[772,410],"_rootPartCFrame":[752.544,230.374,32.743,0.768,0,0.641,0,1,0,-0.641,0,0.768],"_humanoidState":5,"_cameraCFrame":[755.38,247.391,36.091,0.763,-0.622,0.176,0,0.272,0.962,-0.646,-0.734,0.208],"_shiftlockState":false,"_pose":"FreeFall","_animationQueue":[],"_animationSpeed":1,"_zoom":16.125},{"_mousePosition":[772,410],"_rootPartCFrame":[752.372,230.978,32.539,0.767,0,0.642,0,1,0,-0.642,0,0.767],"_humanoidState":5,"_cameraCFrame":[755.216,247.995,35.88,0.761,-0.624,0.176,0,0.272,0.962,-0.648,-0.733,0.207],"_shiftlockState":false,"_pose":"FreeFall","_animationQueue":[],"_animationSpeed":1,"_zoom":16.125},{"_mousePosition":[772,410],"_rootPartCFrame":[752.2,231.528,32.336,0.767,0,0.642,0,1,0,-0.642,0,0.767],"_humanoidState":5,"_cameraCFrame":[755.033,248.553,35.646,0.76,-0.626,0.176,0,0.27,0.963,-0.65,-0.732,0.205],"_shiftlockState":false,"_pose":"FreeFall","_animationQueue":[],"_animationSpeed":1,"_zoom":16.125},{"_mousePosition":[772,410],"_rootPartCFrame":[752.027,232.023,32.133,0.766,0,0.643,0,1,0,-0.643,0,0.766],"_humanoidState":5,"_cameraCFrame":[754.848,249.057,35.413,0.758,-0.628,0.175,0,0.268,0.963,-0.652,-0.73,0.203],"_shiftlockState":false,"_pose":"FreeFall","_animationQueue":[],"_animationSpeed":1,"_zoom":16.125},{"_mousePosition":[772,410],"_rootPartCFrame":[751.854,232.464,31.93,0.765,0,0.644,0,1,0,-0.644,0,0.765],"_humanoidState":5,"_cameraCFrame":[754.672,249.506,35.173,0.755,-0.632,0.175,0,0.266,0.964,-0.656,-0.728,0.201],"_shiftlockState":false,"_pose":"FreeFall","_animationQueue":[],"_animationSpeed":1,"_zoom":16.125},{"_mousePosition":[772,410],"_rootPartCFrame":[751.68,232.85,31.728,0.764,0,0.645,0,1,0,-0.645,0,0.764],"_humanoidState":5,"_cameraCFrame":[754.486,249.9,34.941,0.753,-0.634,0.174,0,0.265,0.964,-0.658,-0.726,0.199],"_shiftlockState":false,"_pose":"FreeFall","_animationQueue":[],"_animationSpeed":1,"_zoom":16.125},{"_mousePosition":[772,410],"_rootPartCFrame":[751.505,233.181,31.526,0.763,0,0.646,0,1,0,-0.646,0,0.763],"_humanoidState":5,"_cameraCFrame":[754.328,250.231,34.725,0.75,-0.638,0.175,0,0.265,0.964,-0.662,-0.723,0.198],"_shiftlockState":false,"_pose":"FreeFall","_animationQueue":[],"_animationSpeed":1,"_zoom":16.125},{"_mousePosition":[772,410],"_rootPartCFrame":[751.33,233.458,31.326,0.762,0,0.648,0,1,0,-0.648,0,0.762],"_humanoidState":5,"_cameraCFrame":[754.149,250.517,34.488,0.746,-0.642,0.175,0,0.263,0.965,-0.665,-0.72,0.196],"_shiftlockState":false,"_pose":"FreeFall","_animationQueue":[],"_animationSpeed":1,"_zoom":16.125},{"_mousePosition":[772,410],"_rootPartCFrame":[751.154,233.681,31.125,0.76,0,0.65,0,1,0,-0.65,0,0.76],"_humanoidState":5,"_cameraCFrame":[753.968,250.748,34.251,0.743,-0.646,0.175,0,0.261,0.965,-0.669,-0.717,0.194],"_shiftlockState":false,"_pose":"FreeFall","_animationQueue":[],"_animationSpeed":1,"_zoom":16.125},{"_mousePosition":[772,410],"_rootPartCFrame":[750.976,233.849,30.926,0.759,0,0.652,0,1,0,-0.652,0,0.759],"_humanoidState":5,"_cameraCFrame":[753.778,250.924,34.022,0.741,-0.648,0.174,0,0.259,0.966,-0.671,-0.716,0.192],"_shiftlockState":false,"_pose":"FreeFall","_animationQueue":[],"_animationSpeed":1,"_zoom":16.125},{"_mousePosition":[772,410],"_rootPartCFrame":[750.798,233.962,30.728,0.757,0,0.654,0,1,0,-0.654,0,0.757],"_humanoidState":5,"_cameraCFrame":[753.608,251.037,33.816,0.74,-0.65,0.174,0,0.259,0.966,-0.673,-0.714,0.192],"_shiftlockState":false,"_pose":"FreeFall","_animationQueue":[],"_animationSpeed":1,"_zoom":16.125},{"_mousePosition":[772,410],"_rootPartCFrame":[750.619,234.021,30.53,0.755,0,0.656,0,1,0,-0.656,0,0.755],"_humanoidState":5,"_cameraCFrame":[753.444,251.096,33.604,0.736,-0.654,0.175,0,0.259,0.966,-0.677,-0.711,0.191],"_shiftlockState":false,"_pose":"FreeFall","_animationQueue":[],"_animationSpeed":1,"_zoom":16.125},{"_mousePosition":[772,410],"_rootPartCFrame":[750.44,234.026,30.333,0.753,0,0.658,0,1,0,-0.658,0,0.753],"_humanoidState":5,"_cameraCFrame":[753.268,251.109,33.363,0.731,-0.659,0.175,0,0.257,0.96