[{"_mousePosition":[771,360],"_rootPartCFrame":[776.027,222.7,47.142,0,0,1,0,1,0,-1,0,0],"_humanoidState":8,"_cameraCFrame":[787.376,235.577,48.477,0.117,-0.701,0.704,0,0.709,0.706,-0.993,-0.082,0.083],"_shiftlockState":false,"_pose":"Standing","_animationQueue":[],"_animationSpeed":1,"_zoom":16.125},{"_mousePosition":[771,360],"_rootPartCFrame":[775.856,222.7,47.123,0.012,0,1,0,1,0,-1,0,0.012],"_humanoidState":8,"_cameraCFrame":[787.202,235.577,48.486,0.119,-0.701,0.704,0,0.709,0.706,-0.993,-0.084,0.085],"_shiftlockState":false,"_pose":"Standing","_animationQueue":[],"_animationSpeed":1,"_zoom":16.125},{"_mousePosition":[771,360],"_rootPartCFrame":[775.593,222.7,47.092,0.026,0,1,0,1,0,-1,0,0.026],"_humanoidState":8,"_cameraCFrame":[786.91,235.599,48.51,0.124,-0.701,0.702,0,0.707,0.707,-0.992,-0.088,0.088],"_shiftlockState":false,"_pose":"Running","_animationQueue":[["walk",0.1]],"_animationSpeed":1.003,"_zoom":16.125},{"_mousePosition":[771,360],"_rootPartCFrame":[775.329,222.7,47.06,0.038,0,0.999,0,1,0,-0.999,0,0.038],"_humanoidState":8,"_cameraCFrame":[786.575,235.665,48.498,0.127,-0.705,0.697,0,0.703,0.711,-0.992,-0.09,0.089],"_shiftlockState":false,"_pose":"Running","_animationQueue":[["walk",0.1]],"_animationSpeed":1.101,"_zoom":16.125},{"_mousePosition":[771,360],"_rootPartCFrame":[775.064,222.7,47.027,0.05,0,0.999,0,1,0,-0.999,0,0.05],"_humanoidState":8,"_cameraCFrame":[786.192,235.775,48.507,0.132,-0.712,0.69,0,0.696,0.718,-0.991,-0.095,0.092],"_shiftlockState":false,"_pose":"Running","_animationQueue":[],"_animationSpeed":1.101,"_zoom":16.125},{"_mousePosition":[771,360],"_rootPartCFrame":[774.8,222.7,46.993,0.06,0,0.998,0,1,0,-0.998,0,0.06],"_humanoidState":8,"_cameraCFrame":[785.762,235.927,48.508,0.137,-0.72,0.68,0,0.686,0.727,-0.991,-0.1,0.094],"_shiftlockState":false,"_pose":"Running","_animationQueue":[],"_animationSpeed":1.101,"_zoom":16.125},{"_mousePosition":[771,360],"_rootPartCFrame":[774.535,222.7,46.958,0.07,0,0.998,0,1,0,-0.998,0,0.07],"_humanoidState":8,"_cameraCFrame":[785.181,236.204,48.567,0.149,-0.736,0.66,0,0.668,0.744,-0.989,-0.111,0.1],"_shiftlockState":false,"_pose":"Running","_animationQueue":[["walk",0.1]],"_animationSpeed":1.101,"_zoom":16.125},{"_mousePosition":[771,360],"_rootPartCFrame":[774.271,222.7,46.922,0.079,0,0.997,0,1,0,-0.997,0,0.079],"_humanoidState":8,"_cameraCFrame":[784.671,236.411,48.574,0.157,-0.748,0.645,0,0.653,0.757,-0.988,-0.119,0.102],"_shiftlockState":false,"_pose":"Running","_animationQueue":[],"_animationSpeed":1.101,"_zoom":16.125},{"_mousePosition":[771,360],"_rootPartCFrame":[774.007,222.7,46.882,0.088,0,0.996,0,1,0,-0.996,0,0.088],"_humanoidState":8,"_cameraCFrame":[784.153,236.614,48.6,0.167,-0.759,0.629,0,0.638,0.77,-0.986,-0.128,0.106],"_shiftlockState":false,"_pose":"Running","_animationQueue":[],"_animationSpeed":1.101,"_zoom":16.125},{"_mousePosition":[771,360],"_rootPartCFrame":[773.744,222.7,46.841,0.098,0,0.995,0,1,0,-0.995,0,0.098],"_humanoidState":8,"_cameraCFrame":[783.584,236.851,48.609,0.177,-0.772,0.61,0,0.62,0.785,-0.984,-0.139,0.11],"_shiftlockState":false,"_pose":"Running","_animationQueue":[],"_animationSpeed":1.101,"_zoom":16.125},{"_mousePosition":[771,360],"_rootPartCFrame":[773.481,222.7,46.796,0.107,0,0.994,0,1,0,-0.994,0,0.107],"_humanoidState":8,"_cameraCFrame":[783.014,237.082,48.584,0.184,-0.785,0.591,0,0.601,0.799,-0.983,-0.147,0.111],"_shiftlockState":false,"_pose":"Running","_animationQueue":[],"_animationSpeed":1.101,"_zoom":16.125},{"_mousePosition":[771,360],"_rootPartCFrame":[773.218,222.7,46.749,0.116,0,0.993,0,1,0,-0.993,0,0.116],"_humanoidState":8,"_cameraCFrame":[782.434,237.305,48.574,0.194,-0.797,0.572,0,0.583,0.813,-0.981,-0.158,0.113],"_shiftlockState":false,"_pose":"Running","_animationQueue":[],"_animationSpeed":1.101,"_zoom":16.125},{"_mousePosition":[771,360],"_rootPartCFrame":[772.956,222.7,46.7,0.125,0,0.992,0,1,0,-0.992,0,0.125],"_humanoidState":8,"_cameraCFrame":[781.805,237.556,48.523,0.202,-0.811,0.549,0,0.56,0.828,-0.979,-0.167,0.113],"_shiftlockState":false,"_pose":"Running","_animationQueue":[],"_animationSpeed":1.101,"_zoom":16.125},{"_mousePosition":[771,360],"_rootPartCFrame":[772.695,222.7,46.649,0.135,0,0.991,0,1,0,-0.991,0,0.135],"_humanoidState":8,"_cameraCFrame":[781.174,237.798,48.44,0.207,-0.825,0.526,0,0.537,0.843,-0.978,-0.174,0.111],"_shiftlockState":false,"_pose":"Running","_animationQueue":[["walk",0.1]],"_animationSpeed":1.101,"_zoom":16.125},{"_mousePosition":[771,360],"_rootPartCFrame":[772.433,222.7,46.595,0.144,0,0.99,0,1,0,-0.99,0,0.144],"_humanoidState":8,"_cameraCFrame":[780.542,238.029,48.329,0.209,-0.839,0.503,0,0.514,0.858,-0.978,-0.179,0.108],"_shiftlockState":false,"_pose":"Running","_animationQueue":[],"_animationSpeed":1.101,"_zoom":16.125},{"_mousePosition":[771,360],"_rootPartCFrame":[772.172,222.7,46.54,0.152,0,0.988,0,1,0,-0.988,0,0.152],"_humanoidState":8,"_cameraCFrame":[779.936,238.235,48.201,0.209,-0.851,0.481,0,0.492,0.87,-0.978,-0.182,0.103],"_shiftlockState":false,"_pose":"Running","_animationQueue":[],"_animationSpeed":1.101,"_zoom":16.125},{"_mousePosition":[771,360],"_rootPartCFrame":[771.912,222.7,46.484,0.16,0,0.987,0,1,0,-0.987,0,0.16],"_humanoidState":8,"_cameraCFrame":[779.298,238.446,48.064,0.209,-0.864,0.458,0,0.468,0.884,-0.978,-0.185,0.098],"_shiftlockState":false,"_pose":"Running","_animationQueue":[],"_animationSpeed":1.101,"_zoom":16.125},{"_mousePosition":[771,360],"_rootPartCFrame":[771.651,222.7,46.429,0.166,0,0.986,0,1,0,-0.986,0,0.166],"_humanoidState":8,"_cameraCFrame":[778.71,238.619,47.938,0.209,-0.874,0.438,0,0.448,0.894,-0.978,-0.187,0.094],"_shiftlockState":false,"_pose":"Running","_animationQueue":[],"_animationSpeed":1.101,"_zoom":16.125},{"_mousePosition":[771,360],"_rootPartCFrame":[771.39,222.7,46.373,0.172,0,0.985,0,1,0,-0.985,0,0.172],"_humanoidState":8,"_cameraCFrame":[777.95,238.863,47.776,0.209,-0.889,0.407,0,0.416,0.909,-0.978,-0.19,0.087],"_shiftlockState":false,"_pose":"Running","_animationQueue":[],"_animationSpeed":1.101,"_zoom":16.125},{"_mousePosition":[771,360],"_rootPartCFrame":[771.13,222.7,46.317,0.177,0,0.984,0,1,0,-0.984,0,0.177],"_humanoidState":8,"_cameraCFrame":[777.437,238.979,47.666,0.209,-0.896,0.391,0,0.4,0.917,-0.978,-0.192,0.084],"_shiftlockState":false,"_pose":"Running","_animationQueue":[["walk",0.1]],"_animationSpeed":1.101,"_zoom":16.125},{"_mousePosition":[771,360],"_rootPartCFrame":[770.869,222.7,46.261,0.182,0,0.983,0,1,0,-0.983,0,0.182],"_humanoidState":8,"_cameraCFrame":[776.95,239.077,47.562,0.209,-0.902,0.377,0,0.386,0.923,-0.978,-0.193,0.081],"_shiftlockState":false,"_pose":"Running","_animationQueue":[],"_animationSpeed":1.101,"_zoom":16.125},{"_mousePosition":[771,360],"_rootPartCFrame":[770.608,222.7,46.206,0.185,0,0.983,0,1,0,-0.983,0,0.185],"_humanoidState":8,"_cameraCFrame":[776.519,239.149,47.47,0.209,-0.907,0.367,0,0.375,0.927,-0.978,-0.194,0.078],"_shiftlockState":false,"_pose":"Running","_animationQueue":[],"_animationSpeed":1.101,"_zoom":16.125},{"_mousePosition":[771,360],"_rootPartCFrame":[770.347,222.7,46.15,0.189,0,0.982,0,1,0,-0.982,0,0.189],"_humanoidState":8,"_cameraCFrame":[776.258,239.149,47.414,0.209,-0.907,0.367,0,0.375,0.927,-0.978,-0.194,0.078],"_shiftlockState":false,"_pose":"Running","_animationQueue":[],"_animationSpeed":1.101,"_zoom":16.125},{"_mousePosition":[771,360],"_rootPartCFrame":[770.087,223.563,46.094,0.192,0,0.981,0,1,0,-0.981,0,0.192],"_humanoidState":3,"_cameraCFrame":[775.997,240.012,47.358,0.209,-0.907,0.367,0,0.375,0.927,-0.978,-0.194,0.078],"_shiftlockState":false,"_pose":"Jumping","_animationQueue":[["walk",0.1],["jump",0.1]],"_animationSpeed":1,"_zoom":16.125},{"_mousePosition":[771,360],"_rootPartCFrame":[769.891,224.174,46.052,0.194,0,0.981,0,1,0,-0.981,0,0.194],"_humanoidState":5,"_cameraCFrame":[775.741,240.647,47.319,0.212,-0.908,0.363,0,0.371,0.929,-0.977,-0.196,0.079],"_shiftlockState":false,"_pose":"FreeFall","_animationQueue":[["jump",0.1]],"_animationSpeed":1,"_zoom":16.125},{"_mousePosition":[771,360],"_rootPartCFrame":[769.565,225.125,45.983,0.196,0,0.981,0,1,0,-0.981,0,0.196],"_humanoidState":5,"_cameraCFrame":[775.409,241.598,47.279,0.217,-0.907,0.362,0,0.371,0.929,-0.976,-0.201,0.08],"_shiftlockState":false,"_pose":"FreeFall","_animationQueue":[],"_animationSpeed":1,"_zoom":16.125},{"_mousePosition":[771,360],"_rootPartCFrame":[769.304,225.824,45.926,0.198,0,0.98,0,1,0,-0.98,0,0.198],"_humanoidState":5,"_cameraCFrame":[775.148,242.297,47.223,0.217,-0.907,0.362,0,0.371,0.929,-0.976,-0.201,0.08],"_shiftlockState":false,"_pose":"FreeFall","_animationQueue":[],"_animationSpeed":1,"_zoom":16.125},{"_mousePosition":[771,360],"_rootPartCFrame":[769.109,226.313,45.883,0.2,0,0.98,0,1,0,-0.98,0,0.2],"_humanoidState":5,"_cameraCFrame":[774.953,242.786,47.179,0.217,-0.907,0.362,0,0.371,0.929,-0.976,-0.201,0.08],"_shiftlockState":false,"_pose":"FreeFall","_animationQueue":[],"_animationSpeed":1,"_zoom":16.125},{"_mousePosition":[771,360],"_rootPartCFrame":[768.849,226.917,45.825,0.202,0,0.979,0,1,0,-0.979,0,0.202],"_humanoidState":5,"_cameraCFrame":[774.693,243.39,47.122,0.217,-0.907,0.362,0,0.371,0.929,-0.976,-0.201,0.08],"_shiftlockState":false,"_pose":"FreeFall","_animationQueue":[],"_animationSpeed":1,"_zoom":16.125},{"_mousePosition":[771,360],"_rootPartCFrame":[768.523,227.595,45.753,0.205,0,0.979,0,1,0,-0.979,0,0.205],"_humanoidState":5,"_cameraCFrame":[774.367,244.068,47.049,0.217,-0.907,0.362,0,0.371,0.929,-0.976,-0.201,0.08],"_shiftlockState":false,"_pose":"FreeFall","_animationQueue":[],"_animationSpeed":1,"_zoom":16.125},{"_mousePosition":[771,360],"_rootPartCFrame":[768.263,228.077,45.695,0.207,0,0.978,0,1,0,-0.978,0,0.207],"_humanoidState":5,"_cameraCFrame":[774.107,244.55,46.992,0.217,-0.907,0.362,0,0.371,0.929,-0.976,-0.201,0.08],"_shiftlockState":false,"_pose":"FreeFall","_animationQueue":[],"_animationSpeed":1,"_zoom":16.125},{"_mousePosition":[771,360],"_rootPartCFrame":[768.003,228.504,45.638,0.208,0,0.978,0,1,0,-0.978,0,0.208],"_humanoidState":5,"_cameraCFrame":[773.847,244.976,46.934,0.217,-0.907,0.362,0,0.371,0.929,-0.976,-0.201,0.08],"_shiftlockState":false,"_pose":"FreeFall","_animationQueue":[],"_animationSpeed":1,"_zoom":16.125},{"_mousePosition":[771,360],"_rootPartCFrame":[767.743,228.876,45.58,0.209,0,0.978,0,1,0,-0.978,0,0.209],"_humanoidState":5,"_cameraCFrame":[773.587,245.349,46.876,0.217,-0.907,0.362,0,0.371,0.929,-0.976,-0.201,0.08],"_shiftlockState":false,"_pose":"FreeFall","_animationQueue":[],"_animationSpeed":1,"_zoom":16.125},{"_mousePosition":[771,360],"_rootPartCFrame":[767.547,229.12,45.537,0.21,0,0.978,0,1,0,-0.978,0,0.21],"_humanoidState":5,"_cameraCFrame":[773.391,245.592,46.833,0.217,-0.907,0.362,0,0.371,0.929,-0.976,-0.201,0.08],"_shiftlockState":false,"_pose":"FreeFall","_animationQueue":[],"_animationSpeed":1,"_zoom":16.125},{"_mousePosition":[771,360],"_rootPartCFrame":[767.222,229.457,45.464,0.211,0,0.977,0,1,0,-0.977,0,0.211],"_humanoidState":5,"_cameraCFrame":[773.066,245.93,46.761,0.217,-0.907,0.362,0,0.371,0.929,-0.976,-0.201,0.08],"_shiftlockState":false,"_pose":"FreeFall","_animationQueue":[],"_animationSpeed":1,"_zoom":16.125},{"_mousePosition":[771,360],"_rootPartCFrame":[766.962,229.666,45.407,0.212,0,0.977,0,1,0,-0.977,0,0.212],"_humanoidState":5,"_cameraCFrame":[772.806,246.139,46.703,0.217,-0.907,0.362,0,0.371,0.929,-0.976,-0.201,0.08],"_shiftlockState":false,"_pose":"FreeFall","_animationQueue":[],"_animationSpeed":1,"_zoom":16.125},{"_mousePosition":[771,360],"_rootPartCFrame":[766.702,229.821,45.349,0.213,0,0.977,0,1,0,-0.977,0,0.213],"_humanoidState":5,"_cameraCFrame":[772.925,246.293,44.937,0.217,-0.907,0.362,0,0.371,0.929,-0.976,-0.201,0.08],"_shiftlockState":true,"_pose":"FreeFall","_animationQueue":[],"_animationSpeed":1,"_zoom":16.125},{"_mousePosition":[683,384],"_rootPartCFrame":[766.441,229.921,45.291,0.217,0,0.976,0,1,0,-0.976,0,0.217],"_humanoidState":5,"_cameraCFrame":[772.664,246.393,44.879,0.217,-0.907,0.362,0,0.371,0.929,-0.976,-0.201,0.08],"_shiftlockState":true,"_pose":"FreeFall","_animationQueue":[],"_animationSpeed":1,"_zoom":16.125},{"_mousePosition":[683,384],"_rootPartCFrame":[766.181,229.966,45.233,0.217,0,0.976,0,1,0,-0.976,0,0.217],"_humanoidState":5,"_cameraCFrame":[772.404,246.439,44.821,0.217,-0.907,0.362,0,0.371,0.929,-0.976,-0.201,0.08],"_shiftlockState":true,"_pose":"FreeFall","_animationQueue":[],"_animationSpeed":1,"_zoom":16.125},{"_mousePosition":[683,384],"_rootPartCFrame":[765.986,229.964,45.19,0.217,0,0.976,0,1,0,-0.976,0,0.217],"_humanoidState":5,"_cameraCFrame":[772.211,246.437,44.809,0.221,-0.905,0.362,0,0.371,0.929,-0.975,-0.206,0.082],"_shiftlockState":true,"_pose":"FreeFall","_animationQueue":[],"_animationSpeed":1,"_zoom":16.125},{"_mousePosition":[683,384],"_rootPartCFrame":[765.661,229.893,45.118,0.221,0,0.975,0,1,0,-0.975,0,0.221],"_humanoidState":5,"_cameraCFrame":[771.887,246.366,44.753,0.224,-0.905,0.362,0,0.371,0.929,-0.975,-0.208,0.083],"_shiftlockState":true,"_pose":"FreeFall","_animationQueue":[["fall",0.3]],"_animationSpeed":1,"_zoom":16.125},{"_mousePosition":[683,384],"_rootPartCFrame":[765.401,229.775,45.059,0.224,0,0.975,0,1,0,-0.975,0,0.224],"_humanoidState":5,"_cameraCFrame":[771.626,246.248,44.694,0.224,-0.905,0.362,0,0.371,0.929,-0.975,-0.208,0.083],"_shiftlockState":true,"_pose":"FreeFall","_animationQueue":[],"_animationSpeed":1,"_zoom":16.125},{"_mousePosition":[683,384],"_rootPartCFrame":[765.206,229.651,45.014,0.224,0,0.975,0,1,0,-0.975,0,0.224],"_humanoidState":5,"_cameraCFrame":[771.431,246.124,44.649,0.224,-0.905,0.362,0,0.371,0.929,-0.975,-0.208,0.083],"_shiftlockState":true,"_pose":"FreeFall","_animationQueue":[],"_animationSpeed":1,"_zoom":16.125},{"_mousePosition":[683,384],"_rootPartCFrame":[764.946,229.437,44.955,0.224,0,0.975,0,1,0,-0.975,0,0.224],"_humanoidState":5,"_cameraCFrame":[771.171,245.91,44.59,0.224,-0.905,0.362,0,0.371,0.929,-0.975,-0.208,0.083],"_shiftlockState":true,"_pose":"FreeFall","_animationQueue":[],"_animationSpeed":1,"_zoom":16.125},{"_mousePosition":[683,384],"_rootPartCFrame":[764.621,229.094,44.88,0.224,0,0.975,0,1,0,-0.975,0,0.224],"_humanoidState":5,"_cameraCFrame":[770.79,245.59,44.518,0.226,-0.906,0.358,0,0.368,0.93,-0.974,-0.211,0.083],"_shiftlockState":true,"_pose":"FreeFall","_animationQueue":[],"_animationSpeed":1,"_zoom":16.125},{"_mousePosition":[683,384],"_rootPartCFrame":[764.361,228.758,44.82,0.226,0,0.974,0,1,0,-0.974,0,0.226],"_humanoidState":5,"_cameraCFrame":[770.474,245.277,44.445,0.226,-0.907,0.355,0,0.364,0.931,-0.974,-0.211,0.082],"_shiftlockState":true,"_pose":"FreeFall","_animationQueue":[],"_animationSpeed":1,"_zoom":16.125},{"_mousePosition":[683,384],"_rootPartCFrame":[764.101,228.367,44.76,0.226,0,0.974,0,1,0,-0.974,0,0.226],"_humanoidState":5,"_cameraCFrame":[770.185,244.897,44.378,0.226,-0.908,0.353,0,0.362,0.932,-0.974,-0.211,0.082],"_shiftlockState":true,"_pose":"FreeFall","_animationQueue":[["fall",0.3]],"_animationSpeed":1,"_zoom":16.125},{"_mousePosition":[683,384],"_rootPartCFrame":[763.841,227.922,44.7,0.226,0,0.974,0,1,0,-0.974,0,0.226],"_humanoidState":5,"_cameraCFrame":[769.866,244.475,44.274,0.221,-0.91,0.35,0,0.359,0.934,-0.975,-0.207,0.079],"_shiftlockState":true,"_pose":"FreeFall","_animationQueue":[],"_animationSpeed":1,"_zoom":16.125},{"_mousePosition":[683,384],"_rootPartCFrame":[763.646,227.552,44.654,0.222,0,0.975,0,1,0,-0.975,0,0.222],"_humanoidState":5,"_cameraCFrame":[769.578,244.139,44.119,0.207,-0.915,0.345,0,0.353,0.936,-0.978,-0.193,0.073],"_shiftlockState":true,"_pose":"FreeFall","_animationQueue":[],"_animationSpeed":1,"_zoom":16.125},{"_mousePosition":[683,384],"_rootPartCFrame":[763.321,226.868,44.58,0.209,0,0.978,0,1,0,-0.978,0,0.209],"_humanoidState":5,"_cameraCFrame":[769.143,243.488,43.82,0.172,-0.924,0.342,0,0.348,0.938,-0.985,-0.161,0.06],"_shiftlockState":true,"_pose":"FreeFall","_animationQueue":[],"_animationSpeed":1,"_zoom":16.125},{"_mousePosition":[683,384],"_rootPartCFrame":[763.06,226.26,44.525,0.176,0,0.984,0,1,0,-0.984,0,0.176],"_humanoidState":5,"_cameraCFrame":[768.735,242.912,43.388,0.109,-0.934,0.34,0,0.342,0.94,-0.994,-0.103,0.037],"_shiftlockState":true,"_pose":"FreeFall","_animationQueue":[],"_animationSpeed":1,"_zoom":16.125},{"_mousePosition":[683,384],"_rootPartCFrame":[762.798,225.597,44.477,0.116,0,0.993,0,1,0,-0.993,0,0.116],"_humanoidState":5,"_cameraCFrame":[768.257,242.281,42.827,0.018,-0.941,0.337,0,0.337,0.942,-1,-0.017,0.006],"_shiftlockState":true,"_pose":"FreeFall","_animationQueue":[],"_animationSpeed":1,"_zoom":16.125},{"_mousePosition":[683,384],"_rootPartCFrame":[762.533,224.879,44.445,0.029,0,1,0,1,0,-1,0,0.029],"_humanoidState":5,"_cameraCFrame":[767.71,241.584,42.191,-0.095,-0.939,0.331,0,0.333,0.943,-0.995,0.09,-0.032],"_shiftlockState":true,"_pose":"FreeFall","_animationQueue":[["fall",0.3]],"_animationSpeed":1,"_zoom":16.125},{"_mousePosition":[683,384],"_rootPartCFrame":[762.267,224.107,44.435,-0.081,0,0.997,0,1,0,-0.997,0,-0.081],"_humanoidState":5,"_cameraCFrame":[766.848,240.822,41.183,-0.296,-0.901,0.316,0,0.331,0.944,-0.955,0.279,-0.098],"_shiftlockState":true,"_pose":"FreeFall","_animationQueue":[],"_animationSpeed":1,"_zoom":16.125},{"_mousePosition":[683,384],"_rootPartCFrame":[762.009,223.28,44.406,-0.203,0,0.979,0,1,0,-0.979,0,-0.203],"_humanoidState":5,"_cameraCFrame":[766.105,239.996,40.56,-0.423,-0.855,0.3,0,0.331,0.944,-0.906,0.4,-0.14],"_shiftlockState":true,"_pose":"FreeFall","_animationQueue":[],"_animationSpeed":1,"_zoom":16.125},{"_mousePosition":[683,384],"_rootPartCFrame":[761.771,222.508,44.294,-0.4,0,0.917,0,1,0,-0.917,0,-0.4],"_humanoidState":7,"_cameraCFrame":[765.271,239.224,39.899,-0.549,-0.789,0.277,0,0.331,0.944,-0.836,0.518,-0.182],"_shiftlockState":true,"_pose":"FreeFall","_animationQueue":[["walk",0.1],["fall",0.3],["fall",0.3]],"_animationSpeed":1,"_zoom":16.125},{"_mousePosition":[683,384],"_rootPartCFrame":[761.522,222.46,44.198,-0.556,0,0.831,0,1,0,-0.831,0,-0.556],"_humanoidState":7,"_cameraCFrame":[764.44,239.176,39.397,-0.65,-0.717,0.252,0,0.331,0.944,-0.76,0.614,-0.215],"_shiftlockState":true,"_pose":"FreeFall","_animationQueue":[],"_animationSpeed":1,"_zoom":16.125},{"_mousePosition":[683,384],"_rootPartCFrame":[761.328,222.527,44.152,-0.655,0,0.755,0,1,0,-0.755,0,-0.655],"_humanoidState":7,"_cameraCFrame":[763.694,239.242,39.056,-0.731,-0.644,0.226,0,0.331,0.944,-0.683,0.689,-0.242],"_shiftlockState":true,"_pose":"FreeFall","_animationQueue":[],"_animationSpeed":1,"_zoom":16.125},{"_mousePosition":[683,384],"_rootPartCFrame":[761.088,222.614,43.937,-0.737,0,0.676,0,1,0,-0.676,0,-0.737],"_humanoidState":8,"_cameraCFrame":[762.981,239.329,38.647,-0.79,-0.579,0.203,0,0.331,0.944,-0.613,0.745,-0.261],"_shiftlockState":true,"_pose":"Running","_animationQueue":[["fall",0.3],["walk",0.1],["fall",0.3],["walk",0.1]],"_animationSpeed":1.103,"_zoom":16.125},{"_mousePosition":[683,384],"_rootPartCFrame":[760.895,222.653,43.753,-0.79,0,0.613,0,1,0,-0.613,0,-0.79],"_humanoidState":8,"_cameraCFrame":[762.409,239.369,38.343,-0.831,-0.525,0.184,0,0.331,0.944,-0.556,0.784,-0.275],"_shiftlockState":true,"_pose":"Running","_animationQueue":[],"_animationSpeed":1.103,"_zoom":16.125},{"_mousePosition":[683,384],"_rootPartCFrame":[760.686,222.675,43.588,-0.831,0,0.556,0,1,0,-0.556,0,-0.831],"_humanoidState":8,"_cameraCFrame":[761.924,239.39,38.108,-0.858,-0.484,0.17,0,0.331,0.944,-0.513,0.81,-0.284],"_shiftlockState":true,"_pose":"Running","_animationQueue":[],"_animationSpeed":1.103,"_zoom":16.125},{"_mousePosition":[683,384],"_rootPartCFrame":[760.465,222.686,43.439,-0.858,0,0.513,0,1,0,-0.513,0,-0.858],"_humanoidState":8,"_cameraCFrame":[761.48,239.412,37.942,-0.877,-0.453,0.158,0,0.329,0.944,-0.48,0.828,-0.289],"_shiftlockState":true,"_pose":"Running","_animationQueue":[],"_animationSpeed":1.103,"_zoom":16.125},{"_mousePosition":[683,384],"_rootPartCFrame":[760.237,222.692,43.301,-0.877,0,0.48,0,1,0,-0.48,0,-0.877],"_humanoidState":8,"_cameraCFrame":[761.085,239.439,37.833,-0.889,-0.433,0.149,0,0.326,0.946,-0.458,0.841,-0.289],"_shiftlockState":true,"_pose":"Running","_animationQueue":[],"_animationSpeed":1.103,"_zoom":16.125},{"_mousePosition":[683,384],"_rootPartCFrame":[760.003,222.696,43.172,-0.889,0,0.458,0,1,0,-0.458,0,-0.889],"_humanoidState":8,"_cameraCFrame":[760.7,239.452,37.711,-0.9,-0.412,0.141,0,0.324,0.946,-0.435,0.852,-0.291],"_shiftlockState":true,"_pose":"Running","_animationQueue":[],"_animationSpeed":1.103,"_zoom":16.125},{"_mousePosition":[683,384],"_rootPartCFrame":[759.707,222.698,43.019,-0.9,0,0.435,0,1,0,-0.435,0,-0.9],"_humanoidState":8,"_cameraCFrame":[760.176,239.495,37.646,-0.914,-0.385,0.128,0,0.316,0.949,-0.405,0.867,-0.289],"_shiftlockState":true,"_pose":"Running","_animationQueue":[],"_animationSpeed":1.103,"_zoom":16.125},{"_mousePosition":[683,384],"_rootPartCFrame":[759.468,222.699,42.902,-0.914,0,0.405,0,1,0,-0.405,0,-0.914],"_humanoidState":8,"_cameraCFrame":[759.701,239.535,37.627,-0.928,-0.355,0.115,0,0.309,0.951,-0.373,0.883,-0.287],"_shiftlockState":true,"_pose":"Running","_animationQueue":[["walk",0.1]],"_animationSpeed":1.103,"_zoom":16.125},{"_mousePosition":[683,384],"_rootPartCFrame":[759.224,222.699,42.792,-0.928,0,0.373,0,1,0,-0.373,0,-0.928],"_humanoidState":8,"_cameraCFrame":[759.064,239.583,37.656,-0.95,-0.297,0.093,0,0.3,0.954,-0.311,0.907,-0.285],"_shiftlockState":true,"_pose":"Running","_animationQueue":[],"_animationSpeed":1.103,"_zoom":16.125},{"_mousePosition":[683,384],"_rootPartCFrame":[758.978,222.699,42.692,-0.95,0,0.311,0,1,0,-0.311,0,-0.95],"_humanoidState":8,"_cameraCFrame":[758.58,239.602,37.625,-0.963,-0.258,0.08,0,0.296,0.955,-0.27,0.92,-0.285],"_shiftlockState":true,"_pose":"Running","_animationQueue":[],"_animationSpeed":1.103,"_zoom":16.125},{"_mousePosition":[683,384],"_rootPartCFrame":[758.725,222.7,42.606,-0.963,0,0.27,0,1,0,-0.27,0,-0.963],"_humanoidState":8,"_cameraCFrame":[758.141,239.612,37.586,-0.972,-0.225,0.069,0,0.294,0.956,-0.236,0.929,-0.286],"_shiftlockState":true,"_pose":"Running","_animationQueue":[],"_animationSpeed":1.103,"_zoom":16.125},{"_mousePosition":[683,384],"_rootPartCFrame":[758.533,222.7,42.551,-0.972,0,0.236,0,1,0,-0.236,0,-0.972],"_humanoidState":8,"_cameraCFrame":[757.841,239.621,37.572,-0.976,-0.206,0.063,0,0.292,0.956,-0.216,0.934,-0.285],"_shiftlockState":true,"_pose":"Running","_animationQueue":[],"_animationSpeed":1.103,"_zoom":16.125},{"_mousePosition":[683,384],"_rootPartCFrame":[758.209,222.7,42.471,-0.976,0,0.216,0,1,0,-0.216,0,-0.976],"_humanoidState":8,"_cameraCFrame":[757.517,239.621,37.492,-0.976,-0.206,0.063,0,0.292,0.956,-0.216,0.934,-0.285],"_shiftlockState":true,"_pose":"Running","_animationQueue":[],"_animationSpeed":1.103,"_zoom":16.125},{"_mousePosition":[683,384],"_rootPartCFrame":[758.014,222.7,42.427,-0.976,0,0.216,0,1,0,-0.216,0,-0.976],"_humanoidState":8,"_cameraCFrame":[757.322,239.621,37.448,-0.976,-0.206,0.063,0,0.292,0.956,-0.216,0.934,-0.285],"_shiftlockState":true,"_pose":"Running","_animationQueue":[],"_animationSpeed":1.103,"_zoom":16.125},{"_mousePosition":[683,384],"_rootPartCFrame":[757.689,222.7,42.355,-0.976,0,0.216,0,1,0,-0.216,0,-0.976],"_humanoidState":8,"_cameraCFrame":[756.997,239.621,37.376,-0.976,-0.206,0.063,0,0.292,0.956,-0.216,0.934,-0.285],"_shiftlockState":true,"_pose":"Running","_animationQueue":[["walk",0.1]],"_animationSpeed":1.103,"_zoom":16.125},{"_mousePosition":[683,384],"_rootPartCFrame":[757.428,222.7,42.297,-0.976,0,0.216,0,1,0,-0.216,0,-0.976],"_humanoidState":8,"_cameraCFrame":[756.736,239.621,37.319,-0.976,-0.206,0.063,0,0.292,0.956,-0.216,0.934,-0.285],"_shiftlockState":true,"_pose":"Running","_animationQueue":[],"_animationSpeed":1.103,"_zoom":16.125},{"_mousePosition":[683,384],"_rootPartCFrame":[757.168,222.7,42.24,-0.976,0,0.216,0,1,0,-0.216,0,-0.976],"_humanoidState":8,"_cameraCFrame":[756.476,239.621,37.261,-0.976,-0.206,0.063,0,0.292,0.956,-0.216,0.934,-0.285],"_shiftlockState":true,"_pose":"Running","_animationQueue":[],"_animationSpeed":1.103,"_zoom":16.125},{"_mousePosition":[683,384],"_rootPartCFrame":[756.972,222.7,42.197,-0.976,0,0.216,0,1,0,-0.216,0,-0.976],"_humanoidState":8,"_cameraCFrame":[756.249,239.63,37.251,-0.978,-0.202,0.061,0,0.29,0.957,-0.211,0.935,-0.284],"_shiftlockState":true,"_pose":"Running","_animationQueue":[],"_animationSpeed":1.103,"_zoom":16.125},{"_mousePosition":[683,384],"_rootPartCFrame":[756.647,222.7,42.125,-0.978,0,0.211,0,1,0,-0.211,0,-0.978],"_humanoidState":8,"_cameraCFrame":[755.948,239.648,37.233,-0.976,-0.209,0.063,0,0.287,0.958,-0.218,0.935,-0.28],"_shiftlockState":true,"_pose":"Running","_animationQueue":[],"_animationSpeed":1.103,"_zoom":16.125},{"_mousePosition":[683,384],"_rootPartCFrame":[756.386,222.7,42.068,-0.976,0,0.218,0,1,0,-0.218,0,-0.976],"_humanoidState":8,"_cameraCFrame":[755.717,239.657,37.2,-0.974,-0.216,0.064,0,0.285,0.959,-0.226,0.934,-0.277],"_shiftlockState":true,"_pose":"Running","_animationQueue":[],"_animationSpeed":1.103,"_zoom":16.125},{"_mousePosition":[683,384],"_rootPartCFrame":[756.191,222.7,42.025,-0.974,0,0.226,0,1,0,-0.226,0,-0.974],"_humanoidState":8,"_cameraCFrame":[755.606,239.675,37.203,-0.969,-0.235,0.069,0,0.281,0.96,-0.245,0.93,-0.272],"_shiftlockState":true,"_pose":"Running","_animationQueue":[],"_animationSpeed":1.103,"_zoom":16.125},{"_mousePosition":[683,384],"_rootPartCFrame":[755.866,222.7,41.95,-0.969,0,0.245,0,1,0,-0.245,0,-0.969],"_humanoidState":8,"_cameraCFrame":[755.423,239.692,37.169,-0.961,-0.266,0.077,0,0.277,0.961,-0.277,0.923,-0.266],"_shiftlockState":true,"_pose":"Running","_animationQueue":[["walk",0.1]],"_animationSpeed":1.103,"_zoom":16.125},{"_mousePosition":[683,384],"_rootPartCFrame":[755.607,222.7,41.885,-0.961,0,0.277,0,1,0,-0.277,0,-0.961],"_humanoidState":8,"_cameraCFrame":[755.277,239.701,37.123,-0.954,-0.29,0.083,0,0.275,0.961,-0.301,0.917,-0.263],"_shiftlockState":true,"_pose":"Running","_animationQueue":[],"_animationSpeed":1.103,"_zoom":16.125},{"_mousePosition":[683,384],"_rootPartCFrame":[755.351,222.7,41.812,-0.954,0,0.301,0,1,0,-0.301,0,-0.954],"_humanoidState":8,"_cameraCFrame":[755.131,239.71,37.072,-0.946,-0.313,0.089,0,0.274,0.962,-0.325,0.91,-0.259],"_shiftlockState":true,"_pose":"Running","_animationQueue":[],"_animationSpeed":1.103,"_zoom":16.125},{"_mousePosition":[683,384],"_rootPartCFrame":[755.033,222.7,41.712,-0.946,0,0.325,0,1,0,-0.325,0,-0.946],"_humanoidState":8,"_cameraCFrame":[754.912,239.727,37.025,-0.937,-0.336,0.094,0,0.27,0.963,-0.349,0.902,-0.253],"_shiftlockState":true,"_pose":"Running","_animationQueue":[],"_animationSpeed":1.103,"_zoom":16.125},{"_mousePosition":[683,384],"_rootPartCFrame":[754.78,222.7,41.627,-0.937,0,0.349,0,1,0,-0.349,0,-0.937],"_humanoidState":8,"_cameraCFrame":[754.779,239.744,36.994,-0.926,-0.364,0.1,0,0.266,0.964,-0.377,0.893,-0.246],"_shiftlockState":true,"_pose":"Running","_animationQueue":[],"_animationSpeed":1.103,"_zoom":16.125},{"_mousePosition":[683,384],"_rootPartCFrame":[754.593,222.7,41.558,-0.926,0,0.377,0,1,0,-0.377,0,-0.926],"_humanoidState":8,"_cameraCFrame":[754.683,239.768,37.01,-0.915,-0.389,0.105,0,0.26,0.966,-0.403,0.884,-0.238],"_shiftlockState":true,"_pose":"Running","_animationQueue":[],"_animationSpeed":1.103,"_zoom":16.125},{"_mousePosition":[683,384],"_rootPartCFrame":[754.283,222.7,41.433,-0.915,0,0.403,0,1,0,-0.403,0,-0.915],"_humanoidState":8,"_cameraCFrame":[754.451,239.793,36.971,-0.905,-0.412,0.109,0,0.255,0.967,-0.426,0.875,-0.23],"_shiftlockState":true,"_pose":"Running","_animationQueue":[],"_animationSpeed":1.103,"_zoom":16.125},{"_mousePosition":[683,384],"_rootPartCFrame":[754.039,222.7,41.327,-0.905,0,0.426,0,1,0,-0.426,0,-0.905],"_humanoidState":8,"_cameraCFrame":[754.267,239.816,36.952,-0.895,-0.433,0.111,0,0.249,0.968,-0.447,0.867,-0.223],"_shiftlockState":true,"_pose":"Running","_animationQueue":[["walk",0.1]],"_animationSpeed":1.103,"_zoom":16.125},{"_mousePosition":[683,384],"_rootPartCFrame":[753.858,222.7,41.242,-0.895,0,0.447,0,1,0,-0.447,0,-0.895],"_humanoidState":8,"_cameraCFrame":[754.113,239.832,36.925,-0.889,-0.444,0.112,0,0.245,0.969,-0.458,0.862,-0.218],"_shiftlockState":true,"_pose":"Running","_animationQueue":[],"_animationSpeed":1.103,"_zoom":16.125},{"_mousePosition":[683,384],"_rootPartCFrame":[753.559,222.7,41.094,-0.889,0,0.458,0,1,0,-0.458,0,-0.889],"_humanoidState":8,"_cameraCFrame":[753.836,239.832,36.778,-0.887,-0.448,0.113,0,0.245,0.969,-0.462,0.86,-0.217],"_shiftlockState":true,"_pose":"Running","_animationQueue":[],"_animationSpeed":1.103,"_zoom":16.125},{"_mousePosition":[683,384],"_rootPartCFrame":[753.322,222.7,40.973,-0.887,0,0.462,0,1,0,-0.462,0,-0.887],"_humanoidState":8,"_cameraCFrame":[753.599,239.832,36.656,-0.887,-0.448,0.113,0,0.245,0.969,-0.462,0.86,-0.217],"_shiftlockState":true,"_pose":"Running","_animationQueue":[],"_animationSpeed":1.103,"_zoom":16.125},{"_mousePosition":[683,384],"_rootPartCFrame":[753.144,222.7,40.88,-0.887,0,0.462,0,1,0,-0.462,0,-0.887],"_humanoidState":8,"_cameraCFrame":[753.418,239.84,36.592,-0.886,-0.451,0.113,0,0.243,0.97,-0.465,0.859,-0.216],"_shiftlockState":true,"_pose":"Running","_animationQueue":[],"_animationSpeed":1.103,"_zoom":16.125},{"_mousePosition":[683,384],"_rootPartCFrame":[752.849,222.7,40.726,-0.886,0,0.465,0,1,0,-0.465,0,-0.886],"_humanoidState":8,"_cameraCFrame":[753.098,239.847,36.464,-0.887,-0.449,0.112,0,0.242,0.97,-0.462,0.86,-0.214],"_shiftlockState":true,"_pose":"Running","_animationQueue":[],"_animationSpeed":1.103,"_zoom":16.125},{"_mousePosition":[683,384],"_rootPartCFrame":[752.612,222.7,40.602,-0.887,0,0.462,0,1,0,-0.462,0,-0.887],"_humanoidState":8,"_cameraCFrame":[752.78,239.862,36.392,-0.892,-0.438,0.107,0,0.238,0.971,-0.451,0.867,-0.212],"_shiftlockState":true,"_pose":"Running","_animationQueue":[],"_animationSpeed":1.103,"_zoom":16.125},{"_mousePosition":[683,384],"_rootPartCFrame":[752.435,222.7,40.51,-0.892,0,0.451,0,1,0,-0.451,0,-0.892],"_humanoidState":8,"_cameraCFrame":[752.478,239.885,36.379,-0.901,-0.421,0.1,0,0.232,0.973,-0.433,0.877,-0.209],"_shiftlockState":true,"_pose":"Running","_animationQueue":[["walk",0.1]],"_animationSpeed":1.103,"_zoom":16.125},{"_mousePosition":[683,384],"_rootPartCFrame":[752.138,222.7,40.359,-0.901,0,0.433,0,1,0,-0.433,0,-0.901],"_humanoidState":8,"_cameraCFrame":[752.041,239.899,36.285,-0.913,-0.397,0.093,0,0.228,0.974,-0.408,0.889,-0.208],"_shiftlockState":true,"_pose":"Running","_animationQueue":[],"_animationSpeed":1.103,"_zoom":16.125},{"_mousePosition":[683,384],"_rootPartCFrame":[751.9,223.563,40.239,-0.913,0,0.408,0,1,0,-0.408,0,-0.913],"_humanoidState":3,"_cameraCFrame":[751.634,240.783,36.255,-0.926,-0.368,0.084,0,0.223,0.975,-0.377,0.903,-0.206],"_shiftlockState":true,"_pose":"Jumping","_animationQueue":[["walk",0.1],["jump",0.1]],"_animationSpeed":1,"_zoom":16.125},{"_mousePosition":[683,384],"_rootPartCFrame":[751.657,224.371,40.128,-0.887,0,0.461,0,1,0,-0.461,0,-0.887],"_humanoidState":5,"_cameraCFrame":[751.229,241.605,36.214,-0.939,-0.336,0.075,0,0.219,0.976,-0.344,0.916,-0.205],"_shiftlockState":true,"_pose":"FreeFall","_animationQueue":[["jump",0.1]],"_animationSpeed":1,"_zoom":16.125},{"_mousePosition":[683,384],"_rootPartCFrame":[751.411,225.125,40.026,-0.887,0,0.462,0,1,0,-0.462,0,-0.887],"_humanoidState":5,"_cameraCFrame":[750.806,242.373,36.191,-0.952,-0.299,0.066,0,0.215,0.977,-0.306,0.93,-0.205],"_shiftlockState":true,"_pose":"FreeFall","_animationQueue":[],"_animationSpeed":1,"_zoom":16.125},{"_mousePosition":[683,384],"_rootPartCFrame":[751.161,225.824,39.933,-0.903,0,0.429,0,1,0,-0.429,0,-0.903],"_humanoidState":5,"_cameraCFrame":[750.385,243.086,36.185,-0.964,-0.261,0.056,0,0.211,0.977,-0.267,0.942,-0.203],"_shiftlockState":true,"_pose":"FreeFall","_animationQueue":[],"_animationSpeed":1,"_zoom":16.125},{"_mousePosition":[683,384],"_rootPartCFrame":[750.908,226.469,39.85,-0.92,0,0.393,0,1,0,-0.393,0,-0.92],"_humanoidState":5,"_cameraCFrame":[749.967,243.744,36.196,-0.974,-0.223,0.047,0,0.207,0.978,-0.228,0.952,-0.202],"_shiftlockState":true,"_pose":"FreeFall","_animationQueue":[],"_animationSpeed":1,"_zoom":16.125},{"_mousePosition":[683,384],"_rootPartCFrame":[750.651,227.06,39.777,-0.935,0,0.355,0,1,0,-0.355,0,-0.935],"_humanoidState":5,"_cameraCFrame":[749.551,244.347,36.224,-0.982,-0.185,0.038,0,0.204,0.979,-0.189,0.962,-0.2],"_shiftlockState":true,"_pose":"FreeFall","_animationQueue":[],"_animationSpeed":1,"_zoom":16.125},{"_mousePosition":[683,384],"_rootPartCFrame":[750.392,227.595,39.715,-0.948,0,0.317,0,1,0,-0.317,0,-0.948],"_humanoidState":5,"_cameraCFrame":[749.079,244.896,36.293,-0.991,-0.128,0.026,0,0.2,0.98,-0.131,0.971,-0.198],"_shiftlockState":true,"_pose":"FreeFall","_animationQueue":[],"_animationSpeed":1,"_zoom":16.125},{"_mousePosition":[683,384],"_rootPartCFrame":[750.13,228.077,39.663,-0.965,0,0.262,0,1,0,-0.262,0,-0.965],"_humanoidState":5,"_cameraCFrame":[748.658,245.389,36.366,-0.996,-0.084,0.017,0,0.196,0.981,-0.086,0.977,-0.195],"_shiftlockState":true,"_pose":"FreeFall","_animationQueue":[],"_animationSpeed":1,"_zoom":16.125},{"_mousePosition":[683,384],"_rootPartCFrame":[749.867,228.504,39.626,-0.976,0,0.217,0,1,0,-0.217,0,-0.976],"_humanoidState":5,"_cameraCFrame":[748.228,245.822,36.438,-0.999,-0.035,0.007,0,0.194,0.981,-0.035,0.98,-0.194],"_shiftlockState":true,"_pose":"FreeFall","_animationQueue":[],"_animationSpeed":1,"_zoom":16.125},{"_mousePosition":[683,384],"_rootPartCFrame":[749.601,228.876,39.601,-0.986,0,0.168,0,1,0,-0.168,0,-0.986],"_humanoidState":5,"_cameraCFrame":[747.796,246.195,36.505,-1,0.018,-0.003,0,0.194,0.981,0.018,0.981,-0.194],"_shiftlockState":true,"_pose":"FreeFall","_animationQueue":[],"_animationSpeed":1,"_zoom":16.125},{"_mousePosition":[683,384],"_rootPartCFrame":[749.335,229.194,39.59,-0.993,0,0.115,0,1,0,-0.115,0,-0.993],"_humanoidState":5,"_cameraCFrame":[747.36,246.513,36.599,-0.997,0.072,-0.014,0,0.194,0.981,0.073,0.978,-0.193],"_shiftlockState":true,"_pose":"FreeFall","_animationQueue":[],"_animationSpeed":1,"_zoom":16.125},{"_mousePosition":[683,384],"_rootPartCFrame":[749.068,229.457,39.592,-0.998,0,0.06,0,1,0,-0.06,0,-0.998],"_humanoidState":5,"_cameraCFrame":[746.918,246.758,36.624,-0.992,0.126,-0.026,0,0.2,0.98,0.129,0.972,-0.198],"_shiftlockState":true,"_pose":"FreeFall","_animationQueue":[],"_animationSpeed":1,"_zoom":16.125},{"_mousePosition":[683,384],"_rootPartCFrame":[748.802,229.666,39.61,-1,0,0.004,0,1,0,-0.004,0,-1],"_humanoidState":5,"_cameraCFrame":[746.493,246.954,36.694,-0.984,0.175,-0.036,0,0.204,0.979,0.179,0.963,-0.2],"_shiftlockState":true,"_pose":"FreeFall","_animationQueue":[],"_animationSpeed":1,"_zoom":16.125},{"_mousePosition":[683,384],"_rootPartCFrame":[748.538,229.821,39.642,-0.999,0,-0.047,0,1,0,0.047,0,-0.999],"_humanoidState":5,"_cameraCFrame":[746.084,247.102,36.81,-0.974,0.221,-0.046,0,0.205,0.979,0.226,0.953,-0.2],"_shiftlockState":true,"_pose":"FreeFall","_animationQueue":[],"_animationSpeed":1,"_zoom":16.125},{"_mousePosition":[683,384],"_rootPartCFrame":[748.275,229.921,39.687,-0.996,0,-0.094,0,1,0,0.094,0,-0.996],"_humanoidState":5,"_cameraCFrame":[745.701,247.195,36.928,-0.964,0.259,-0.055,0,0.207,0.978,0.265,0.943,-0.2],"_shiftlockState":true,"_pose":"FreeFall","_animationQueue":[],"_animationSpeed":1,"_zoom":16.125},{"_mousePosition":[683,384],"_rootPartCFrame":[748.015,229.966,39.746,-0.991,0,-0.135,0,1,0,0.135,0,-0.991],"_humanoidState":5,"_cameraCFrame":[745.338,247.241,37.086,-0.953,0.295,-0.063,0,0.207,0.978,0.302,0.933,-0.198],"_shiftlockState":true,"_pose":"FreeFall","_animationQueue":[],"_animationSpeed":1,"_zoom":16.125},{"_mousePosition":[683,384],"_rootPartCFrame":[747.757,229.957,39.815,-0.985,0,-0.172,0,1,0,0.172,0,-0.985],"_humanoidState":5,"_cameraCFrame":[745.001,247.231,37.238,-0.944,0.323,-0.069,0,0.207,0.978,0.33,0.923,-0.196],"_shiftlockState":true,"_pose":"FreeFall","_animationQueue":[],"_animationSpeed":1,"_zoom":16.125},{"_mousePosition":[683,384],"_rootPartCFrame":[747.502,229.893,39.894,-0.979,0,-0.202,0,1,0,0.202,0,-0.979],"_humanoidState":5,"_cameraCFrame":[744.638,247.168,37.437,-0.929,0.363,-0.077,0,0.207,0.978,0.371,0.909,-0.193],"_shiftlockState":true,"_pose":"FreeFall","_animationQueue":[["fall",0.3]],"_animationSpeed":1,"_zoom":16.125},{"_mousePosition":[683,384],"_rootPartCFrame":[747.25,229.775,39.981,-0.97,0,-0.244,0,1,0,0.244,0,-0.97],"_humanoidState":5,"_cameraCFrame":[744.331,247.056,37.633,-0.918,0.388,-0.081,0,0.205,0.979,0.396,0.898,-0.189],"_shiftlockState":true,"_pose":"FreeFall","_animationQueue":[],"_animationSpeed":1,"_zoom":16.125},{"_mousePosition":[683,384],"_rootPartCFrame":[747.002,229.603,40.078,-0.963,0,-0.271,0,1,0,0.271,0,-0.963],"_humanoidState":5,"_cameraCFrame":[744.037,246.89,37.833,-0.908,0.411,-0.085,0,0.204,0.979,0.42,0.889,-0.185],"_shiftlockState":true,"_pose":"FreeFall","_animationQueue":[],"_animationSpeed":1,"_zoom":16.125},{"_mousePosition":[683,384],"_rootPartCFrame":[746.757,229.375,40.183,-0.955,0,-0.295,0,1,0,0.295,0,-0.955],"_humanoidState":5,"_cameraCFrame":[743.76,246.669,38.026,-0.899,0.429,-0.088,0,0.202,0.979,0.438,0.881,-0.181],"_shiftlockState":true,"_pose":"FreeFall","_animationQueue":[],"_animationSpeed":1,"_zoom":16.125},{"_mousePosition":[683,384],"_rootPartCFrame":[746.514,229.094,40.294,-0.949,0,-0.314,0,1,0,0.314,0,-0.949],"_humanoidState":5,"_cameraCFrame":[743.494,246.394,38.218,-0.891,0.445,-0.091,0,0.2,0.98,0.454,0.873,-0.178],"_shiftlockState":true,"_pose":"FreeFall","_animationQueue":[],"_animationSpeed":1,"_zoom":16.125},{"_mousePosition":[683,384],"_rootPartCFrame":[746.274,228.758,40.41,-0.944,0,-0.331,0,1,0,0.331,0,-0.944],"_humanoidState":5,"_cameraCFrame":[743.237,246.064,38.407,-0.884,0.458,-0.092,0,0.198,0.98,0.467,0.867,-0.175],"_shiftlockState":true,"_pose":"FreeFall","_animationQueue":[],"_animationSpeed":1,"_zoom":16.125},{"_mousePosition":[683,384],"_rootPartCFrame":[746.036,228.367,40.53,-0.938,0,-0.346,0,1,0,0.346,0,-0.938],"_humanoidState":5,"_cameraCFrame":[742.969,245.674,38.574,-0.877,0.471,-0.095,0,0.198,0.98,0.481,0.86,-0.173],"_shiftlockState":true,"_pose":"FreeFall","_animationQueue":[],"_animationSpeed":1,"_zoom":16.125},{"_mousePosition":[683,384],"_rootPartCFrame":[745.8,227.922,40.654,-0.933,0,-0.36,0,1,0,0.36,0,-0.933],"_humanoidState":5,"_cameraCFrame":[742.718,245.228,38.721,-0.873,0.478,-0.096,0,0.198,0.98,0.487,0.856,-0.173],"_shiftlockState":true,"_pose":"FreeFall","_animationQueue":[["fall",0.3]],"_animationSpeed":1,"_zoom":16.125},{"_mousePosition":[683,384],"_rootPartCFrame":[745.566,227.422,40.782,-0.93,0,-0.367,0,1,0,0.367,0,-0.93],"_humanoidState":5,"_cameraCFrame":[742.484,244.729,38.849,-0.873,0.478,-0.096,0,0.198,0.98,0.487,0.856,-0.173],"_shiftlockState":true,"_pose":"FreeFall","_animationQueue":[],"_animationSpeed":1,"_zoom":16.125},{"_mousePosition":[683,384],"_rootPartCFrame":[745.317,226.874,40.879,-0.925,-0.002,-0.379,-0.001,1,-0.002,0.379,-0.001,-0.925],"_humanoidState":5,"_cameraCFrame":[742.232,244.18,38.944,-0.873,0.478,-0.096,0,0.198,0.98,0.487,0.856,-0.173],"_shiftlockState":true,"_pose":"FreeFall","_animationQueue":[],"_animationSpeed":1,"_zoom":16.125},{"_mousePosition":[683,384],"_rootPartCFrame":[745.042,226.286,40.929,-0.924,-0.003,-0.382,-0.002,1,-0.003,0.382,-0.002,-0.924],"_humanoidState":5,"_cameraCFrame":[741.957,243.593,38.993,-0.873,0.478,-0.096,0,0.198,0.98,0.487,0.856,-0.173],"_shiftlockState":true,"_pose":"FreeFall","_animationQueue":[],"_animationSpeed":1,"_zoom":16.125},{"_mousePosition":[683,384],"_rootPartCFrame":[744.787,225.645,41.014,-0.93,-0.001,-0.369,-0.001,1,-0.001,0.369,0,-0.93],"_humanoidState":5,"_cameraCFrame":[741.728,242.957,39.092,-0.876,0.473,-0.095,0,0.196,0.981,0.483,0.859,-0.172],"_shiftlockState":true,"_pose":"FreeFall","_animationQueue":[],"_animationSpeed":1,"_zoom":16.125},{"_mousePosition":[683,384],"_rootPartCFrame":[744.548,224.949,41.133,-0.932,0,-0.362,0,1,0,0.362,0,-0.932],"_humanoidState":5,"_cameraCFrame":[741.515