[{"_mousePosition":[1191,366],"_rootPartCFrame":[776.024,222.973,47.142,0.004,0.004,1,0,1,-0.004,-1,0,0.004],"_humanoidState":8,"_cameraCFrame":[785.979,232.836,46.609,-0.054,-0.642,0.765,0,0.766,0.643,-0.999,0.034,-0.041],"_shiftlockState":false,"_pose":"Standing","_animationQueue":[],"_animationSpeed":1,"_zoom":13.008},{"_mousePosition":[1174,365],"_rootPartCFrame":[775.777,222.845,47.155,-0.004,0.001,1,0,1,-0.001,-1,0,-0.004],"_humanoidState":8,"_cameraCFrame":[785.727,232.708,46.622,-0.054,-0.642,0.765,0,0.766,0.643,-0.999,0.034,-0.041],"_shiftlockState":false,"_pose":"Standing","_animationQueue":[],"_animationSpeed":1,"_zoom":13.008},{"_mousePosition":[1116,358],"_rootPartCFrame":[775.512,222.677,47.169,-0.011,0,1,0,1,0,-1,0,-0.011],"_humanoidState":8,"_cameraCFrame":[785.461,232.54,46.636,-0.054,-0.642,0.765,0,0.766,0.643,-0.999,0.034,-0.041],"_shiftlockState":false,"_pose":"Running","_animationQueue":[["walk",0.1]],"_animationSpeed":1.065,"_zoom":13.008},{"_mousePosition":[1090,355],"_rootPartCFrame":[775.246,222.655,47.184,-0.017,0,1,0,1,0,-1,0,-0.017],"_humanoidState":8,"_cameraCFrame":[785.195,232.517,46.65,-0.054,-0.642,0.765,0,0.766,0.643,-0.999,0.034,-0.041],"_shiftlockState":false,"_pose":"Running","_animationQueue":[],"_animationSpeed":1.065,"_zoom":13.008},{"_mousePosition":[1032,349],"_rootPartCFrame":[774.979,222.67,47.198,-0.022,0,1,0,1,0,-1,0,-0.022],"_humanoidState":8,"_cameraCFrame":[784.929,232.533,46.665,-0.054,-0.642,0.765,0,0.766,0.643,-0.999,0.034,-0.041],"_shiftlockState":false,"_pose":"Running","_animationQueue":[],"_animationSpeed":1.065,"_zoom":13.008},{"_mousePosition":[1010,347],"_rootPartCFrame":[774.713,222.683,47.212,-0.026,0,1,0,1,0,-1,0,-0.026],"_humanoidState":8,"_cameraCFrame":[784.663,232.546,46.679,-0.054,-0.642,0.765,0,0.766,0.643,-0.999,0.034,-0.041],"_shiftlockState":false,"_pose":"Running","_animationQueue":[],"_animationSpeed":1.065,"_zoom":13.008},{"_mousePosition":[973,345],"_rootPartCFrame":[774.447,222.691,47.227,-0.03,0,1,0,1,0,-1,0,-0.03],"_humanoidState":8,"_cameraCFrame":[784.396,232.553,46.693,-0.054,-0.642,0.765,0,0.766,0.643,-0.999,0.034,-0.041],"_shiftlockState":false,"_pose":"Running","_animationQueue":[["walk",0.1]],"_animationSpeed":1.065,"_zoom":13.008},{"_mousePosition":[948,345],"_rootPartCFrame":[774.181,222.695,47.241,-0.033,0,0.999,0,1,0,-0.999,0,-0.033],"_humanoidState":8,"_cameraCFrame":[784.13,232.557,46.708,-0.054,-0.642,0.765,0,0.766,0.643,-0.999,0.034,-0.041],"_shiftlockState":false,"_pose":"Running","_animationQueue":[],"_animationSpeed":1.065,"_zoom":13.008},{"_mousePosition":[931,345],"_rootPartCFrame":[773.914,222.697,47.255,-0.036,0,0.999,0,1,0,-0.999,0,-0.036],"_humanoidState":8,"_cameraCFrame":[783.864,232.56,46.722,-0.054,-0.642,0.765,0,0.766,0.643,-0.999,0.034,-0.041],"_shiftlockState":false,"_pose":"Running","_animationQueue":[],"_animationSpeed":1.065,"_zoom":13.008},{"_mousePosition":[916,345],"_rootPartCFrame":[773.648,222.698,47.269,-0.038,0,0.999,0,1,0,-0.999,0,-0.038],"_humanoidState":8,"_cameraCFrame":[783.598,232.561,46.736,-0.054,-0.642,0.765,0,0.766,0.643,-0.999,0.034,-0.041],"_shiftlockState":false,"_pose":"Running","_animationQueue":[],"_animationSpeed":1.065,"_zoom":13.008},{"_mousePosition":[885,345],"_rootPartCFrame":[773.382,222.699,47.284,-0.04,0,0.999,0,1,0,-0.999,0,-0.04],"_humanoidState":8,"_cameraCFrame":[783.331,232.562,46.75,-0.054,-0.642,0.765,0,0.766,0.643,-0.999,0.034,-0.041],"_shiftlockState":false,"_pose":"Running","_animationQueue":[],"_animationSpeed":1.065,"_zoom":13.008},{"_mousePosition":[871,345],"_rootPartCFrame":[773.116,222.699,47.298,-0.042,0,0.999,0,1,0,-0.999,0,-0.042],"_humanoidState":8,"_cameraCFrame":[783.065,232.562,46.765,-0.054,-0.642,0.765,0,0.766,0.643,-0.999,0.034,-0.041],"_shiftlockState":false,"_pose":"Running","_animationQueue":[],"_animationSpeed":1.065,"_zoom":13.008},{"_mousePosition":[841,345],"_rootPartCFrame":[772.85,222.699,47.312,-0.044,0,0.999,0,1,0,-0.999,0,-0.044],"_humanoidState":8,"_cameraCFrame":[782.799,232.562,46.779,-0.054,-0.642,0.765,0,0.766,0.643,-0.999,0.034,-0.041],"_shiftlockState":false,"_pose":"Running","_animationQueue":[["walk",0.1]],"_animationSpeed":1.065,"_zoom":13.008},{"_mousePosition":[825,351],"_rootPartCFrame":[772.583,222.7,47.326,-0.045,0,0.999,0,1,0,-0.999,0,-0.045],"_humanoidState":8,"_cameraCFrame":[782.533,232.562,46.793,-0.054,-0.642,0.765,0,0.766,0.643,-0.999,0.034,-0.041],"_shiftlockState":false,"_pose":"Running","_animationQueue":[],"_animationSpeed":1.065,"_zoom":13.008},{"_mousePosition":[821,360],"_rootPartCFrame":[772.317,222.7,47.341,-0.046,0,0.999,0,1,0,-0.999,0,-0.046],"_humanoidState":8,"_cameraCFrame":[782.266,232.562,46.808,-0.054,-0.642,0.765,0,0.766,0.643,-0.999,0.034,-0.041],"_shiftlockState":false,"_pose":"Running","_animationQueue":[],"_animationSpeed":1.065,"_zoom":13.008},{"_mousePosition":[821,369],"_rootPartCFrame":[772.051,222.7,47.355,-0.047,0,0.999,0,1,0,-0.999,0,-0.047],"_humanoidState":8,"_cameraCFrame":[782,232.562,46.822,-0.054,-0.642,0.765,0,0.766,0.643,-0.999,0.034,-0.041],"_shiftlockState":false,"_pose":"Running","_animationQueue":[],"_animationSpeed":1.065,"_zoom":13.008},{"_mousePosition":[821,369],"_rootPartCFrame":[771.785,222.7,47.369,-0.048,0,0.999,0,1,0,-0.999,0,-0.048],"_humanoidState":8,"_cameraCFrame":[781.541,232.793,46.949,-0.043,-0.66,0.75,0,0.751,0.661,-0.999,0.028,-0.032],"_shiftlockState":false,"_pose":"Running","_animationQueue":[],"_animationSpeed":1.065,"_zoom":13.008},{"_mousePosition":[821,369],"_rootPartCFrame":[771.518,222.7,47.384,-0.049,0,0.999,0,1,0,-0.999,0,-0.049],"_humanoidState":8,"_cameraCFrame":[781.09,233.004,47.081,-0.032,-0.676,0.736,0,0.736,0.677,-1,0.021,-0.023],"_shiftlockState":false,"_pose":"Running","_animationQueue":[],"_animationSpeed":1.065,"_zoom":13.008},{"_mousePosition":[821,369],"_rootPartCFrame":[771.252,223.573,47.398,-0.049,0,0.999,0,1,0,-0.999,0,-0.049],"_humanoidState":3,"_cameraCFrame":[780.639,234.075,47.21,-0.02,-0.692,0.722,0,0.722,0.692,-1,0.014,-0.014],"_shiftlockState":false,"_pose":"Jumping","_animationQueue":[["walk",0.1],["walk",0.1],["jump",0.1]],"_animationSpeed":1,"_zoom":13.008},{"_mousePosition":[821,369],"_rootPartCFrame":[770.985,224.395,47.407,-0.048,0,0.999,0,1,0,-0.999,0,-0.048],"_humanoidState":5,"_cameraCFrame":[780.147,235.129,47.329,-0.009,-0.71,0.704,0,0.704,0.71,-1,0.006,-0.006],"_shiftlockState":false,"_pose":"FreeFall","_animationQueue":[["jump",0.1]],"_animationSpeed":1,"_zoom":13.008},{"_mousePosition":[821,369],"_rootPartCFrame":[770.719,225.162,47.413,-0.045,0,0.999,0,1,0,-0.999,0,-0.045],"_humanoidState":5,"_cameraCFrame":[779.692,236.08,47.412,0,-0.724,0.69,0,0.69,0.724,-1,0,0],"_shiftlockState":false,"_pose":"FreeFall","_animationQueue":[],"_animationSpeed":1,"_zoom":13.008},{"_mousePosition":[821,369],"_rootPartCFrame":[770.452,225.875,47.416,-0.04,0,0.999,0,1,0,-0.999,0,-0.04],"_humanoidState":5,"_cameraCFrame":[779.241,236.965,47.488,0.008,-0.737,0.676,0,0.676,0.737,-1,-0.006,0.006],"_shiftlockState":false,"_pose":"FreeFall","_animationQueue":[],"_animationSpeed":1,"_zoom":13.008},{"_mousePosition":[821,369],"_rootPartCFrame":[770.186,226.534,47.416,-0.035,0,0.999,0,1,0,-0.999,0,-0.035],"_humanoidState":5,"_cameraCFrame":[778.85,237.736,47.524,0.012,-0.746,0.666,0,0.666,0.746,-1,-0.009,0.008],"_shiftlockState":false,"_pose":"FreeFall","_animationQueue":[],"_animationSpeed":1,"_zoom":13.008},{"_mousePosition":[821,369],"_rootPartCFrame":[769.919,227.138,47.414,-0.03,0,1,0,1,0,-1,0,-0.03],"_humanoidState":5,"_cameraCFrame":[778.52,238.395,47.548,0.016,-0.75,0.661,0,0.661,0.75,-1,-0.012,0.01],"_shiftlockState":false,"_pose":"FreeFall","_animationQueue":[],"_animationSpeed":1,"_zoom":13.008},{"_mousePosition":[821,369],"_rootPartCFrame":[769.652,227.687,47.411,-0.024,0,1,0,1,0,-1,0,-0.024],"_humanoidState":5,"_cameraCFrame":[778.214,238.98,47.562,0.018,-0.753,0.658,0,0.658,0.753,-1,-0.013,0.012],"_shiftlockState":false,"_pose":"FreeFall","_animationQueue":[],"_animationSpeed":1,"_zoom":13.008},{"_mousePosition":[821,369],"_rootPartCFrame":[769.453,228.064,47.408,-0.02,0,1,0,1,0,-1,0,-0.02],"_humanoidState":5,"_cameraCFrame":[777.982,239.383,47.577,0.02,-0.755,0.656,0,0.656,0.755,-1,-0.015,0.013],"_shiftlockState":false,"_pose":"FreeFall","_animationQueue":[],"_animationSpeed":1,"_zoom":13.008},{"_mousePosition":[821,369],"_rootPartCFrame":[769.119,228.623,47.402,-0.014,0,1,0,1,0,-1,0,-0.014],"_humanoidState":5,"_cameraCFrame":[777.609,239.977,47.579,0.021,-0.757,0.653,0,0.653,0.758,-1,-0.016,0.014],"_shiftlockState":false,"_pose":"FreeFall","_animationQueue":[],"_animationSpeed":1,"_zoom":13.008},{"_mousePosition":[821,369],"_rootPartCFrame":[768.853,229.009,47.397,-0.009,0,1,0,1,0,-1,0,-0.009],"_humanoidState":5,"_cameraCFrame":[777.318,240.383,47.591,0.023,-0.759,0.651,0,0.651,0.759,-1,-0.017,0.015],"_shiftlockState":false,"_pose":"FreeFall","_animationQueue":[],"_animationSpeed":1,"_zoom":13.008},{"_mousePosition":[821,369],"_rootPartCFrame":[768.586,229.34,47.392,-0.005,0,1,0,1,0,-1,0,-0.005],"_humanoidState":5,"_cameraCFrame":[777.035,240.729,47.603,0.025,-0.76,0.65,0,0.65,0.76,-1,-0.019,0.016],"_shiftlockState":false,"_pose":"FreeFall","_animationQueue":[],"_animationSpeed":1,"_zoom":13.008},{"_mousePosition":[821,369],"_rootPartCFrame":[768.319,229.617,47.386,-0.001,0,1,0,1,0,-1,0,-0.001],"_humanoidState":5,"_cameraCFrame":[776.76,241.012,47.605,0.026,-0.76,0.649,0,0.649,0.761,-1,-0.02,0.017],"_shiftlockState":false,"_pose":"FreeFall","_animationQueue":[],"_animationSpeed":1,"_zoom":13.008},{"_mousePosition":[821,369],"_rootPartCFrame":[768.053,229.84,47.379,0.003,0,1,0,1,0,-1,0,0.003],"_humanoidState":5,"_cameraCFrame":[776.486,241.242,47.599,0.026,-0.761,0.648,0,0.649,0.761,-1,-0.02,0.017],"_shiftlockState":false,"_pose":"FreeFall","_animationQueue":[],"_animationSpeed":1,"_zoom":13.008},{"_mousePosition":[821,369],"_rootPartCFrame":[767.853,229.971,47.374,0.005,0,1,0,1,0,-1,0,0.005],"_humanoidState":5,"_cameraCFrame":[776.278,241.38,47.602,0.027,-0.761,0.648,0,0.648,0.762,-1,-0.021,0.018],"_shiftlockState":false,"_pose":"FreeFall","_animationQueue":[],"_animationSpeed":1,"_zoom":13.008},{"_mousePosition":[821,369],"_rootPartCFrame":[767.52,230.122,47.365,0.009,0,1,0,1,0,-1,0,0.009],"_humanoidState":5,"_cameraCFrame":[775.928,241.544,47.593,0.027,-0.762,0.646,0,0.647,0.763,-1,-0.021,0.018],"_shiftlockState":false,"_pose":"FreeFall","_animationQueue":[],"_animationSpeed":1,"_zoom":13.008},{"_mousePosition":[821,369],"_rootPartCFrame":[767.253,230.181,47.358,0.011,0,1,0,1,0,-1,0,0.011],"_humanoidState":5,"_cameraCFrame":[775.575,241.677,47.531,0.021,-0.768,0.64,0,0.64,0.768,-1,-0.016,0.013],"_shiftlockState":false,"_pose":"FreeFall","_animationQueue":[],"_animationSpeed":1,"_zoom":13.008},{"_mousePosition":[821,369],"_rootPartCFrame":[766.986,230.185,47.351,0.013,0,1,0,1,0,-1,0,0.013],"_humanoidState":5,"_cameraCFrame":[775.107,241.847,47.299,-0.006,-0.781,0.624,0,0.624,0.781,-1,0.005,-0.004],"_shiftlockState":false,"_pose":"FreeFall","_animationQueue":[],"_animationSpeed":1,"_zoom":13.008},{"_mousePosition":[821,369],"_rootPartCFrame":[766.72,230.135,47.345,0.015,0,1,0,1,0,-1,0,0.015],"_humanoidState":5,"_cameraCFrame":[774.259,242.122,45.011,-0.077,-0.804,0.59,0,0.592,0.806,-0.997,0.062,-0.045],"_shiftlockState":true,"_pose":"FreeFall","_animationQueue":[],"_animationSpeed":1,"_zoom":13.008},{"_mousePosition":[683,384],"_rootPartCFrame":[766.387,229.996,47.346,-0.068,0,0.998,0,1,0,-0.998,0,-0.068],"_humanoidState":5,"_cameraCFrame":[773.926,241.983,45.012,-0.077,-0.804,0.59,0,0.592,0.806,-0.997,0.062,-0.045],"_shiftlockState":true,"_pose":"FreeFall","_animationQueue":[],"_animationSpeed":1,"_zoom":13.008},{"_mousePosition":[683,384],"_rootPartCFrame":[766.187,229.872,47.358,-0.074,0,0.997,0,1,0,-0.997,0,-0.074],"_humanoidState":5,"_cameraCFrame":[772.225,242.472,43.81,-0.275,-0.82,0.501,0,0.521,0.853,-0.961,0.235,-0.143],"_shiftlockState":true,"_pose":"FreeFall","_animationQueue":[["fall",0.3]],"_animationSpeed":1,"_zoom":13.008},{"_mousePosition":[683,384],"_rootPartCFrame":[765.929,229.658,47.353,-0.186,0,0.983,0,1,0,-0.983,0,-0.186],"_humanoidState":5,"_cameraCFrame":[770.517,242.678,43.05,-0.454,-0.789,0.414,0,0.465,0.886,-0.891,0.402,-0.211],"_shiftlockState":true,"_pose":"FreeFall","_animationQueue":[],"_animationSpeed":1,"_zoom":13.008},{"_mousePosition":[683,384],"_rootPartCFrame":[765.68,229.39,47.311,-0.338,0,0.941,0,1,0,-0.941,0,-0.338],"_humanoidState":5,"_cameraCFrame":[768.512,242.796,42.568,-0.652,-0.694,0.305,0,0.403,0.915,-0.758,0.597,-0.263],"_shiftlockState":true,"_pose":"FreeFall","_animationQueue":[],"_animationSpeed":1,"_zoom":13.008},{"_mousePosition":[683,384],"_rootPartCFrame":[765.428,229.068,47.234,-0.547,0,0.837,0,1,0,-0.837,0,-0.547],"_humanoidState":5,"_cameraCFrame":[767.243,242.621,42.366,-0.765,-0.597,0.242,0,0.376,0.927,-0.645,0.708,-0.287],"_shiftlockState":true,"_pose":"FreeFall","_animationQueue":[],"_animationSpeed":1,"_zoom":13.008},{"_mousePosition":[683,384],"_rootPartCFrame":[765.104,228.588,47.169,-0.652,0,0.758,0,1,0,-0.758,0,-0.652],"_humanoidState":5,"_cameraCFrame":[766.132,242.207,42.235,-0.847,-0.495,0.193,0,0.363,0.932,-0.531,0.789,-0.308],"_shiftlockState":true,"_pose":"FreeFall","_animationQueue":[],"_animationSpeed":1,"_zoom":13.008},{"_mousePosition":[683,384],"_rootPartCFrame":[764.906,228.259,47.159,-0.794,0,0.608,0,1,0,-0.608,0,-0.794],"_humanoidState":5,"_cameraCFrame":[765.383,241.886,42.161,-0.9,-0.407,0.158,0,0.362,0.932,-0.436,0.839,-0.326],"_shiftlockState":true,"_pose":"FreeFall","_animationQueue":[],"_animationSpeed":1,"_zoom":13.008},{"_mousePosition":[683,384],"_rootPartCFrame":[764.648,227.773,47.132,-0.836,0,0.549,0,1,0,-0.549,0,-0.836],"_humanoidState":5,"_cameraCFrame":[764.772,241.35,41.993,-0.932,-0.337,0.135,0,0.372,0.928,-0.363,0.865,-0.346],"_shiftlockState":true,"_pose":"FreeFall","_animationQueue":[["fall",0.3]],"_animationSpeed":1,"_zoom":13.008},{"_mousePosition":[683,384],"_rootPartCFrame":[764.398,227.233,47.066,-0.875,0,0.483,0,1,0,-0.483,0,-0.875],"_humanoidState":5,"_cameraCFrame":[764.364,240.738,41.761,-0.946,-0.299,0.125,0,0.385,0.923,-0.324,0.873,-0.364],"_shiftlockState":true,"_pose":"FreeFall","_animationQueue":[],"_animationSpeed":1,"_zoom":13.008},{"_mousePosition":[683,384],"_rootPartCFrame":[764.15,226.638,46.972,-0.895,0,0.447,0,1,0,-0.447,0,-0.895],"_humanoidState":5,"_cameraCFrame":[764.083,240.082,41.53,-0.951,-0.285,0.123,0,0.396,0.918,-0.31,0.873,-0.377],"_shiftlockState":true,"_pose":"FreeFall","_animationQueue":[],"_animationSpeed":1,"_zoom":13.008},{"_mousePosition":[683,384],"_rootPartCFrame":[763.898,225.988,46.884,-0.901,0,0.433,0,1,0,-0.433,0,-0.901],"_humanoidState":5,"_cameraCFrame":[763.831,239.432,41.443,-0.951,-0.285,0.123,0,0.396,0.918,-0.31,0.873,-0.377],"_shiftlockState":true,"_pose":"FreeFall","_animationQueue":[],"_animationSpeed":1,"_zoom":13.008},{"_mousePosition":[683,384],"_rootPartCFrame":[763.645,225.284,46.801,-0.901,0,0.433,0,1,0,-0.433,0,-0.901],"_humanoidState":5,"_cameraCFrame":[763.578,238.728,41.359,-0.951,-0.285,0.123,0,0.396,0.918,-0.31,0.873,-0.377],"_shiftlockState":true,"_pose":"FreeFall","_animationQueue":[],"_animationSpeed":1,"_zoom":13.008},{"_mousePosition":[683,384],"_rootPartCFrame":[763.392,224.526,46.718,-0.901,0,0.433,0,1,0,-0.433,0,-0.901],"_humanoidState":5,"_cameraCFrame":[763.325,237.97,41.277,-0.951,-0.285,0.123,0,0.396,0.918,-0.31,0.873,-0.377],"_shiftlockState":true,"_pose":"FreeFall","_animationQueue":[],"_animationSpeed":1,"_zoom":13.008},{"_mousePosition":[683,384],"_rootPartCFrame":[763.138,223.713,46.635,-0.901,0,0.433,0,1,0,-0.433,0,-0.901],"_humanoidState":5,"_cameraCFrame":[763.071,237.157,41.194,-0.951,-0.285,0.123,0,0.396,0.918,-0.31,0.873,-0.377],"_shiftlockState":true,"_pose":"FreeFall","_animationQueue":[],"_animationSpeed":1,"_zoom":13.008},{"_mousePosition":[683,384],"_rootPartCFrame":[762.885,222.845,46.553,-0.939,0,0.343,0,1,0,-0.343,0,-0.939],"_humanoidState":7,"_cameraCFrame":[762.818,236.289,41.111,-0.951,-0.285,0.123,0,0.396,0.918,-0.31,0.873,-0.377],"_shiftlockState":true,"_pose":"FreeFall","_animationQueue":[["fall",0.3],["walk",0.1],["fall",0.3],["fall",0.3]],"_animationSpeed":1,"_zoom":13.008},{"_mousePosition":[683,384],"_rootPartCFrame":[762.632,222.439,46.47,-0.95,0,0.312,0,1,0,-0.312,0,-0.95],"_humanoidState":7,"_cameraCFrame":[762.564,235.883,41.029,-0.951,-0.285,0.123,0,0.396,0.918,-0.31,0.873,-0.377],"_shiftlockState":true,"_pose":"FreeFall","_animationQueue":[],"_animationSpeed":1,"_zoom":13.008},{"_mousePosition":[683,384],"_rootPartCFrame":[762.315,222.551,46.367,-0.951,0,0.31,0,1,0,-0.31,0,-0.951],"_humanoidState":8,"_cameraCFrame":[762.247,235.995,40.925,-0.951,-0.285,0.123,0,0.396,0.918,-0.31,0.873,-0.377],"_shiftlockState":true,"_pose":"Running","_animationQueue":[["walk",0.1],["fall",0.3],["walk",0.1]],"_animationSpeed":1.103,"_zoom":13.008},{"_mousePosition":[683,384],"_rootPartCFrame":[762.061,222.631,46.284,-0.951,0,0.31,0,1,0,-0.31,0,-0.951],"_humanoidState":8,"_cameraCFrame":[761.994,236.075,40.843,-0.951,-0.285,0.123,0,0.396,0.918,-0.31,0.873,-0.377],"_shiftlockState":true,"_pose":"Running","_animationQueue":[],"_animationSpeed":1.103,"_zoom":13.008},{"_mousePosition":[683,384],"_rootPartCFrame":[761.808,222.679,46.201,-0.951,0,0.31,0,1,0,-0.31,0,-0.951],"_humanoidState":8,"_cameraCFrame":[761.741,236.123,40.76,-0.951,-0.285,0.123,0,0.396,0.918,-0.31,0.873,-0.377],"_shiftlockState":true,"_pose":"Running","_animationQueue":[],"_animationSpeed":1.103,"_zoom":13.008},{"_mousePosition":[683,384],"_rootPartCFrame":[761.618,222.7,46.139,-0.951,0,0.31,0,1,0,-0.31,0,-0.951],"_humanoidState":8,"_cameraCFrame":[761.551,236.144,40.698,-0.951,-0.285,0.123,0,0.396,0.918,-0.31,0.873,-0.377],"_shiftlockState":true,"_pose":"Running","_animationQueue":[],"_animationSpeed":1.103,"_zoom":13.008},{"_mousePosition":[683,384],"_rootPartCFrame":[761.301,222.721,46.036,-0.951,0,0.31,0,1,0,-0.31,0,-0.951],"_humanoidState":8,"_cameraCFrame":[761.234,236.165,40.595,-0.951,-0.285,0.123,0,0.396,0.918,-0.31,0.873,-0.377],"_shiftlockState":true,"_pose":"Running","_animationQueue":[],"_animationSpeed":1.103,"_zoom":13.008},{"_mousePosition":[683,384],"_rootPartCFrame":[761.048,222.729,45.954,-0.951,0,0.31,0,1,0,-0.31,0,-0.951],"_humanoidState":8,"_cameraCFrame":[760.98,236.173,40.512,-0.951,-0.285,0.123,0,0.396,0.918,-0.31,0.873,-0.377],"_shiftlockState":true,"_pose":"Running","_animationQueue":[["walk",0.1]],"_animationSpeed":1.103,"_zoom":13.008},{"_mousePosition":[683,384],"_rootPartCFrame":[760.857,222.733,45.892,-0.951,0,0.31,0,1,0,-0.31,0,-0.951],"_humanoidState":8,"_cameraCFrame":[760.79,236.177,40.45,-0.951,-0.285,0.123,0,0.396,0.918,-0.31,0.873,-0.377],"_shiftlockState":true,"_pose":"Running","_animationQueue":[],"_animationSpeed":1.103,"_zoom":13.008},{"_mousePosition":[683,384],"_rootPartCFrame":[760.541,222.737,45.788,-0.951,0,0.31,0,1,0,-0.31,0,-0.951],"_humanoidState":8,"_cameraCFrame":[760.334,236.193,40.378,-0.958,-0.264,0.113,0,0.394,0.919,-0.287,0.881,-0.377],"_shiftlockState":true,"_pose":"Running","_animationQueue":[],"_animationSpeed":1.103,"_zoom":13.008},{"_mousePosition":[683,384],"_rootPartCFrame":[760.287,223.61,45.706,-0.958,0,0.287,0,1,0,-0.287,0,-0.958],"_humanoidState":3,"_cameraCFrame":[759.835,237.119,40.429,-0.969,-0.229,0.096,0,0.384,0.923,-0.249,0.894,-0.372],"_shiftlockState":true,"_pose":"Jumping","_animationQueue":[["walk",0.1],["jump",0.1]],"_animationSpeed":1,"_zoom":13.008},{"_mousePosition":[683,384],"_rootPartCFrame":[760.032,224.432,45.628,-0.942,0,0.337,0,1,0,-0.337,0,-0.942],"_humanoidState":5,"_cameraCFrame":[759.482,237.985,40.462,-0.972,-0.218,0.088,0,0.376,0.927,-0.235,0.901,-0.365],"_shiftlockState":true,"_pose":"FreeFall","_animationQueue":[["jump",0.1]],"_animationSpeed":1,"_zoom":13.008},{"_mousePosition":[683,384],"_rootPartCFrame":[759.774,225.199,45.56,-0.934,0,0.358,0,1,0,-0.358,0,-0.934],"_humanoidState":5,"_cameraCFrame":[759.183,238.796,40.5,-0.973,-0.216,0.085,0,0.368,0.93,-0.232,0.904,-0.358],"_shiftlockState":true,"_pose":"FreeFall","_animationQueue":[],"_animationSpeed":1,"_zoom":13.008},{"_mousePosition":[683,384],"_rootPartCFrame":[759.515,225.912,45.497,-0.933,0,0.359,0,1,0,-0.359,0,-0.933],"_humanoidState":5,"_cameraCFrame":[758.847,239.569,40.595,-0.975,-0.209,0.08,0,0.356,0.935,-0.224,0.911,-0.347],"_shiftlockState":true,"_pose":"FreeFall","_animationQueue":[],"_animationSpeed":1,"_zoom":13.008},{"_mousePosition":[683,384],"_rootPartCFrame":[759.256,226.571,45.435,-0.936,0,0.352,0,1,0,-0.352,0,-0.936],"_humanoidState":5,"_cameraCFrame":[758.516,240.265,40.636,-0.977,-0.201,0.074,0,0.348,0.937,-0.214,0.916,-0.34],"_shiftlockState":true,"_pose":"FreeFall","_animationQueue":[],"_animationSpeed":1,"_zoom":13.008},{"_mousePosition":[683,384],"_rootPartCFrame":[758.996,227.175,45.375,-0.94,0,0.342,0,1,0,-0.342,0,-0.94],"_humanoidState":5,"_cameraCFrame":[758.177,240.894,40.654,-0.98,-0.188,0.069,0,0.343,0.939,-0.201,0.92,-0.336],"_shiftlockState":true,"_pose":"FreeFall","_animationQueue":[],"_animationSpeed":1,"_zoom":13.008},{"_mousePosition":[683,384],"_rootPartCFrame":[758.736,227.724,45.317,-0.944,0,0.329,0,1,0,-0.329,0,-0.944],"_humanoidState":5,"_cameraCFrame":[757.823,241.472,40.688,-0.983,-0.173,0.062,0,0.337,0.942,-0.184,0.925,-0.331],"_shiftlockState":true,"_pose":"FreeFall","_animationQueue":[],"_animationSpeed":1,"_zoom":13.008},{"_mousePosition":[683,384],"_rootPartCFrame":[758.475,228.219,45.263,-0.95,0,0.313,0,1,0,-0.313,0,-0.95],"_humanoidState":5,"_cameraCFrame":[757.423,242.006,40.767,-0.987,-0.15,0.052,0,0.328,0.945,-0.158,0.933,-0.324],"_shiftlockState":true,"_pose":"FreeFall","_animationQueue":[],"_animationSpeed":1,"_zoom":13.008},{"_mousePosition":[683,384],"_rootPartCFrame":[758.213,228.66,45.214,-0.958,0,0.288,0,1,0,-0.288,0,-0.958],"_humanoidState":5,"_cameraCFrame":[757.026,242.48,40.846,-0.991,-0.124,0.042,0,0.321,0.947,-0.131,0.939,-0.318],"_shiftlockState":true,"_pose":"FreeFall","_animationQueue":[],"_animationSpeed":1,"_zoom":13.008},{"_mousePosition":[683,384],"_rootPartCFrame":[757.95,229.046,45.17,-0.965,0,0.262,0,1,0,-0.262,0,-0.965],"_humanoidState":5,"_cameraCFrame":[756.645,242.893,40.913,-0.994,-0.101,0.034,0,0.315,0.949,-0.106,0.944,-0.313],"_shiftlockState":true,"_pose":"FreeFall","_animationQueue":[],"_animationSpeed":1,"_zoom":13.008},{"_mousePosition":[683,384],"_rootPartCFrame":[757.685,229.377,45.134,-0.971,0,0.238,0,1,0,-0.238,0,-0.971],"_humanoidState":5,"_cameraCFrame":[756.254,243.254,41.005,-0.997,-0.075,0.024,0,0.308,0.951,-0.078,0.949,-0.307],"_shiftlockState":true,"_pose":"FreeFall","_animationQueue":[],"_animationSpeed":1,"_zoom":13.008},{"_mousePosition":[683,384],"_rootPartCFrame":[757.42,229.654,45.105,-0.978,0,0.21,0,1,0,-0.21,0,-0.978],"_humanoidState":5,"_cameraCFrame":[755.865,243.556,41.099,-0.999,-0.047,0.015,0,0.302,0.953,-0.049,0.952,-0.301],"_shiftlockState":true,"_pose":"FreeFall","_animationQueue":[],"_animationSpeed":1,"_zoom":13.008},{"_mousePosition":[683,384],"_rootPartCFrame":[757.154,229.877,45.083,-0.983,0,0.181,0,1,0,-0.181,0,-0.983],"_humanoidState":5,"_cameraCFrame":[755.497,243.801,41.188,-1,-0.023,0.007,0,0.296,0.955,-0.024,0.955,-0.296],"_shiftlockState":true,"_pose":"FreeFall","_animationQueue":[],"_animationSpeed":1,"_zoom":13.008},{"_mousePosition":[683,384],"_rootPartCFrame":[756.888,230.045,45.069,-0.988,0,0.157,0,1,0,-0.157,0,-0.988],"_humanoidState":5,"_cameraCFrame":[755.138,243.984,41.264,-1,0,0,0,0.292,0.956,0,0.956,-0.292],"_shiftlockState":true,"_pose":"FreeFall","_animationQueue":[],"_animationSpeed":1,"_zoom":13.008},{"_mousePosition":[683,384],"_rootPartCFrame":[756.622,230.159,45.061,-0.991,0,0.133,0,1,0,-0.133,0,-0.991],"_humanoidState":5,"_cameraCFrame":[754.797,244.11,41.333,-1,0.019,-0.006,0,0.289,0.957,0.02,0.957,-0.289],"_shiftlockState":true,"_pose":"FreeFall","_animationQueue":[],"_animationSpeed":1,"_zoom":13.008},{"_mousePosition":[683,384],"_rootPartCFrame":[756.422,230.208,45.06,-0.997,0,0.08,0,1,0,-0.08,0,-0.997],"_humanoidState":5,"_cameraCFrame":[754.517,244.177,41.433,-0.999,0.04,-0.012,0,0.285,0.959,0.042,0.958,-0.284],"_shiftlockState":true,"_pose":"FreeFall","_animationQueue":[],"_animationSpeed":1,"_zoom":13.008},{"_mousePosition":[683,384],"_rootPartCFrame":[756.088,230.222,45.066,-0.992,0,0.124,0,1,0,-0.124,0,-0.992],"_humanoidState":5,"_cameraCFrame":[754.109,244.209,41.542,-0.998,0.061,-0.018,0,0.28,0.96,0.064,0.958,-0.28],"_shiftlockState":true,"_pose":"FreeFall","_animationQueue":[],"_animationSpeed":1,"_zoom":13.008},{"_mousePosition":[683,384],"_rootPartCFrame":[755.822,230.172,45.077,-0.998,0,0.069,0,1,0,-0.069,0,-0.998],"_humanoidState":5,"_cameraCFrame":[753.773,244.174,41.645,-0.996,0.082,-0.023,0,0.276,0.961,0.085,0.958,-0.275],"_shiftlockState":true,"_pose":"FreeFall","_animationQueue":[["fall",0.3]],"_animationSpeed":1,"_zoom":13.008},{"_mousePosition":[683,384],"_rootPartCFrame":[755.622,230.099,45.088,-1,0,0.015,0,1,0,-0.015,0,-1],"_humanoidState":5,"_cameraCFrame":[753.522,244.115,41.742,-0.995,0.098,-0.028,0,0.272,0.962,0.102,0.957,-0.271],"_shiftlockState":true,"_pose":"FreeFall","_animationQueue":[],"_animationSpeed":1,"_zoom":13.008},{"_mousePosition":[683,384],"_rootPartCFrame":[755.29,229.909,45.116,-0.998,0,0.065,0,1,0,-0.065,0,-0.998],"_humanoidState":5,"_cameraCFrame":[753.153,243.931,41.814,-0.994,0.109,-0.031,0,0.271,0.963,0.113,0.956,-0.269],"_shiftlockState":true,"_pose":"FreeFall","_animationQueue":[],"_animationSpeed":1,"_zoom":13.008},{"_mousePosition":[683,384],"_rootPartCFrame":[755.025,229.695,45.142,-1,0,0.02,0,1,0,-0.02,0,-1],"_humanoidState":5,"_cameraCFrame":[752.875,243.72,41.859,-0.993,0.113,-0.032,0,0.27,0.963,0.117,0.956,-0.268],"_shiftlockState":true,"_pose":"FreeFall","_animationQueue":[],"_animationSpeed":1,"_zoom":13.008},{"_mousePosition":[683,384],"_rootPartCFrame":[754.76,229.427,45.172,-1,0,0.016,0,1,0,-0.016,0,-1],"_humanoidState":5,"_cameraCFrame":[752.611,243.455,41.899,-0.993,0.113,-0.032,0,0.269,0.963,0.117,0.956,-0.267],"_shiftlockState":true,"_pose":"FreeFall","_animationQueue":[],"_animationSpeed":1,"_zoom":13.008},{"_mousePosition":[683,384],"_rootPartCFrame":[754.429,229.016,45.211,-0.999,0,0.049,0,1,0,-0.049,0,-0.999],"_humanoidState":5,"_cameraCFrame":[752.28,243.043,41.938,-0.993,0.113,-0.032,0,0.269,0.963,0.117,0.956,-0.267],"_shiftlockState":true,"_pose":"FreeFall","_animationQueue":[],"_animationSpeed":1,"_zoom":13.008},{"_mousePosition":[683,384],"_rootPartCFrame":[754.23,228.728,45.234,-1,0,-0.017,0,1,0,0.017,0,-1],"_humanoidState":5,"_cameraCFrame":[752.082,242.755,41.961,-0.993,0.113,-0.032,0,0.269,0.963,0.117,0.956,-0.267],"_shiftlockState":true,"_pose":"FreeFall","_animationQueue":[],"_animationSpeed":1,"_zoom":13.008},{"_mousePosition":[683,384],"_rootPartCFrame":[753.965,228.296,45.266,-1,0,0.016,0,1,0,-0.016,0,-1],"_humanoidState":5,"_cameraCFrame":[751.824,242.102,42.054,-0.993,0.113,-0.032,0,0.269,0.963,0.117,0.956,-0.267],"_shiftlockState":true,"_pose":"FreeFall","_animationQueue":[["fall",0.3]],"_animationSpeed":1,"_zoom":10.006},{"_mousePosition":[683,384],"_rootPartCFrame":[753.7,227.81,45.297,-1,0,0.016,0,1,0,-0.016,0,-1],"_humanoidState":5,"_cameraCFrame":[751.575,241.142,42.217,-0.993,0.113,-0.032,0,0.269,0.963,0.117,0.956,-0.267],"_shiftlockState":true,"_pose":"FreeFall","_animationQueue":[],"_animationSpeed":1,"_zoom":10.006},{"_mousePosition":[683,384],"_rootPartCFrame":[753.435,227.27,45.328,-1,0,0.016,0,1,0,-0.016,0,-1],"_humanoidState":5,"_cameraCFrame":[751.326,240.109,42.384,-0.993,0.113,-0.032,0,0.269,0.963,0.117,0.956,-0.267],"_shiftlockState":true,"_pose":"FreeFall","_animationQueue":[],"_animationSpeed":1,"_zoom":10.006},{"_mousePosition":[683,384],"_rootPartCFrame":[753.17,226.675,45.359,-1,0,0.016,0,1,0,-0.016,0,-1],"_humanoidState":5,"_cameraCFrame":[751.075,239.075,42.538,-0.993,0.113,-0.032,0,0.269,0.963,0.117,0.956,-0.267],"_shiftlockState":true,"_pose":"FreeFall","_animationQueue":[],"_animationSpeed":1,"_zoom":10.006},{"_mousePosition":[683,384],"_rootPartCFrame":[752.906,226.025,45.39,-1,0,0.016,0,1,0,-0.016,0,-1],"_humanoidState":5,"_cameraCFrame":[750.821,238.071,42.658,-0.993,0.113,-0.032,0,0.27,0.963,0.117,0.956,-0.268],"_shiftlockState":true,"_pose":"FreeFall","_animationQueue":[],"_animationSpeed":1,"_zoom":10.006},{"_mousePosition":[683,384],"_rootPartCFrame":[752.641,225.321,45.422,-1,0,0.016,0,1,0,-0.016,0,-1],"_humanoidState":5,"_cameraCFrame":[750.569,237.125,42.744,-0.993,0.111,-0.031,0,0.271,0.963,0.115,0.956,-0.269],"_shiftlockState":true,"_pose":"FreeFall","_animationQueue":[],"_animationSpeed":1,"_zoom":10.006},{"_mousePosition":[683,384],"_rootPartCFrame":[752.376,224.563,45.453,-1,0,0.018,0,1,0,-0.018,0,-1],"_humanoidState":5,"_cameraCFrame":[750.325,236.158,42.803,-0.994,0.105,-0.03,0,0.272,0.962,0.109,0.956,-0.271],"_shiftlockState":true,"_pose":"FreeFall","_animationQueue":[],"_animationSpeed":1,"_zoom":10.006},{"_mousePosition":[683,384],"_rootPartCFrame":[752.111,223.75,45.484,-1,0,0.024,0,1,0,-0.024,0,-1],"_humanoidState":5,"_cameraCFrame":[750.091,235.195,42.837,-0.995,0.095,-0.027,0,0.274,0.962,0.098,0.957,-0.273],"_shiftlockState":true,"_pose":"FreeFall","_animationQueue":[["fall",0.3]],"_animationSpeed":1,"_zoom":10.006},{"_mousePosition":[683,384],"_rootPartCFrame":[751.846,222.882,45.513,-0.999,0,0.035,0,1,0,-0.035,0,-0.999],"_humanoidState":5,"_cameraCFrame":[749.858,234.223,42.865,-0.996,0.084,-0.024,0,0.275,0.962,0.087,0.958,-0.274],"_shiftlockState":true,"_pose":"FreeFall","_animationQueue":[],"_animationSpeed":1,"_zoom":10.006},{"_mousePosition":[683,384],"_rootPartCFrame":[751.58,221.96,45.54,-0.999,0,0.046,0,1,0,-0.046,0,-0.999],"_humanoidState":5,"_cameraCFrame":[749.619,233.233,42.892,-0.997,0.075,-0.021,0,0.275,0.962,0.078,0.959,-0.274],"_shiftlockState":true,"_pose":"FreeFall","_animationQueue":[],"_animationSpeed":1,"_zoom":10.006},{"_mousePosition":[683,384],"_rootPartCFrame":[751.315,220.984,45.563,-0.998,0,0.056,0,1,0,-0.056,0,-0.998],"_humanoidState":5,"_cameraCFrame":[749.388,232.205,42.906,-0.998,0.063,-0.018,0,0.275,0.962,0.065,0.959,-0.274],"_shiftlockState":true,"_pose":"FreeFall","_animationQueue":[],"_animationSpeed":1,"_zoom":10.006},{"_mousePosition":[683,384],"_rootPartCFrame":[751.049,220.302,45.584,-1,0,-0.029,0,1,0,0.029,0,-1],"_humanoidState":7,"_cameraCFrame":[749.17,231.491,42.902,-0.999,0.045,-0.013,0,0.275,0.962,0.047,0.96,-0.274],"_shiftlockState":true,"_pose":"FreeFall","_animationQueue":[["walk",0.1],["fall",0.3],["fall",0.3]],"_animationSpeed":1,"_zoom":10.006},{"_mousePosition":[683,384],"_rootPartCFrame":[750.783,220.389,45.602,-0.999,0,-0.045,0,1,0,0.045,0,-0.999],"_humanoidState":7,"_cameraCFrame":[748.961,231.557,42.887,-1,0.025,-0.007,0,0.275,0.962,0.026,0.961,-0.275],"_shiftlockState":true,"_pose":"FreeFall","_animationQueue":[],"_animationSpeed":1,"_zoom":10.006},{"_mousePosition":[683,384],"_rootPartCFrame":[750.45,220.558,45.618,-1,0,-0.026,0,1,0,0.026,0,-1],"_humanoidState":8,"_cameraCFrame":[748.694,231.712,42.873,-1,0.002,-0.001,0,0.274,0.962,0.002,0.962,-0.274],"_shiftlockState":true,"_pose":"Running","_animationQueue":[["fall",0.3],["walk",0.1],["fall",0.3],["walk",0.1]],"_animationSpeed":1.103,"_zoom":10.006},{"_mousePosition":[683,384],"_rootPartCFrame":[750.183,220.639,45.626,-1,0,-0.002,0,1,0,0.002,0,-1],"_humanoidState":8,"_cameraCFrame":[748.496,231.787,42.856,-1,-0.022,0.006,0,0.272,0.962,-0.023,0.962,-0.272],"_shiftlockState":true,"_pose":"Running","_animationQueue":[],"_animationSpeed":1.103,"_zoom":10.006},{"_mousePosition":[683,384],"_rootPartCFrame":[749.917,220.683,45.628,-1,0,0.023,0,1,0,-0.023,0,-1],"_humanoidState":8,"_cameraCFrame":[748.298,231.833,42.849,-0.999,-0.046,0.013,0,0.269,0.963,-0.048,0.962,-0.269],"_shiftlockState":true,"_pose":"Running","_animationQueue":[],"_animationSpeed":1.103,"_zoom":10.006},{"_mousePosition":[683,384],"_rootPartCFrame":[749.65,220.707,45.623,-0.999,0,0.048,0,1,0,-0.048,0,-0.999],"_humanoidState":8,"_cameraCFrame":[748.113,231.866,42.844,-0.997,-0.076,0.021,0,0.265,0.964,-0.078,0.961,-0.264],"_shiftlockState":true,"_pose":"Running","_animationQueue":[],"_animationSpeed":1.103,"_zoom":10.006},{"_mousePosition":[683,384],"_rootPartCFrame":[749.384,220.72,45.611,-0.997,0,0.078,0,1,0,-0.078,0,-0.997],"_humanoidState":8,"_cameraCFrame":[747.946,231.884,42.809,-0.993,-0.111,0.03,0,0.261,0.965,-0.115,0.959,-0.26],"_shiftlockState":true,"_pose":"Running","_animationQueue":[],"_animationSpeed":1.103,"_zoom":10.006},{"_mousePosition":[683,384],"_rootPartCFrame":[749.118,220.727,45.591,-0.993,0,0.115,0,1,0,-0.115,0,-0.993],"_humanoidState":8,"_cameraCFrame":[747.806,231.901,42.772,-0.987,-0.156,0.041,0,0.257,0.966,-0.161,0.954,-0.253],"_shiftlockState":true,"_pose":"Running","_animationQueue":[],"_animationSpeed":1.103,"_zoom":10.006},{"_mousePosition":[683,384],"_rootPartCFrame":[748.853,220.73,45.562,-0.987,0,0.161,0,1,0,-0.161,0,-0.987],"_humanoidState":8,"_cameraCFrame":[747.655,231.913,42.727,-0.979,-0.197,0.052,0,0.253,0.967,-0.204,0.947,-0.248],"_shiftlockState":true,"_pose":"Running","_animationQueue":[["walk",0.1]],"_animationSpeed":1.103,"_zoom":10.006},{"_mousePosition":[683,384],"_rootPartCFrame":[748.589,220.731,45.521,-0.979,0,0.204,0,1,0,-0.204,0,-0.979],"_humanoidState":8,"_cameraCFrame":[747.487,231.924,42.682,-0.971,-0.232,0.06,0,0.249,0.969,-0.239,0.94,-0.242],"_shiftlockState":true,"_pose":"Running","_animationQueue":[],"_animationSpeed":1.103,"_zoom":10.006},{"_mousePosition":[683,384],"_rootPartCFrame":[748.328,220.725,45.468,-0.971,0,0.239,0,1,0,-0.239,0,-0.971],"_humanoidState":8,"_cameraCFrame":[747.331,231.933,42.645,-0.96,-0.272,0.068,0,0.243,0.97,-0.281,0.931,-0.233],"_shiftlockState":true,"_pose":"Running","_animationQueue":[],"_animationSpeed":1.103,"_zoom":10.006},{"_mousePosition":[683,384],"_rootPartCFrame":[748.068,220.718,45.406,-0.96,0,0.281,0,1,0,-0.281,0,-0.96],"_humanoidState":8,"_cameraCFrame":[747.165,231.945,42.618,-0.947,-0.312,0.075,0,0.235,0.972,-0.321,0.921,-0.223],"_shiftlockState":true,"_pose":"Running","_animationQueue":[],"_animationSpeed":1.103,"_zoom":10.006},{"_mousePosition":[683,384],"_rootPartCFrame":[747.812,220.711,45.333,-0.947,0,0.321,0,1,0,-0.321,0,-0.947],"_humanoidState":8,"_cameraCFrame":[746.992,231.957,42.584,-0.934,-0.349,0.081,0,0.227,0.974,-0.358,0.909,-0.212],"_shiftlockState":true,"_pose":"Running","_animationQueue":[],"_animationSpeed":1.103,"_zoom":10.006},{"_mousePosition":[683,384],"_rootPartCFrame":[747.559,220.711,45.249,-0.934,0,0.358,0,1,0,-0.358,0,-0.934],"_humanoidState":8,"_cameraCFrame":[746.812,231.975,42.544,-0.919,-0.384,0.086,0,0.219,0.976,-0.393,0.897,-0.202],"_shiftlockState":true,"_pose":"Running","_animationQueue":[],"_animationSpeed":1.103,"_zoom":10.006},{"_mousePosition":[683,384],"_rootPartCFrame":[747.309,220.705,45.155,-0.919,0,0.393,0,1,0,-0.393,0,-0.919],"_humanoidState":8,"_cameraCFrame":[746.625,231.981,42.478,-0.907,-0.412,0.09,0,0.214,0.977,-0.422,0.886,-0.194],"_shiftlockState":true,"_pose":"Running","_animationQueue":[],"_animationSpeed":1.103,"_zoom":10.006},{"_mousePosition":[683,384],"_rootPartCFrame":[747.064,220.709,45.051,-0.907,0,0.422,0,1,0,-0.422,0,-0.907],"_humanoidState":8,"_cameraCFrame":[746.396,231.993,42.401,-0.901,-0.424,0.091,0,0.21,0.978,-0.433,0.881,-0.189],"_shiftlockState":true,"_pose":"Running","_animationQueue":[["walk",0.1]],"_animationSpeed":1.103,"_zoom":10.006},{"_mousePosition":[683,384],"_rootPartCFrame":[746.821,220.706,44.94,-0.901,0,0.433,0,1,0,-0.433,0,-0.901],"_humanoidState":8,"_cameraCFrame":[746.15,231.991,42.297,-0.901,-0.424,0.091,0,0.209,0.978,-0.433,0.881,-0.188],"_shiftlockState":true,"_pose":"Running","_animationQueue":[],"_animationSpeed":1.103,"_zoom":10.006},{"_mousePosition":[683,384],"_rootPartCFrame":[746.579,221.579,44.828,-0.901,0,0.433,0,1,0,-0.433,0,-0.901],"_humanoidState":3,"_cameraCFrame":[745.878,232.871,42.218,-0.904,-0.418,0.088,0,0.206,0.979,-0.428,0.885,-0.186],"_shiftlockState":true,"_pose":"Jumping","_animationQueue":[["walk",0.1],["jump",0.1]],"_animationSpeed":1,"_zoom":10.006},{"_mousePosition":[683,384],"_rootPartCFrame":[746.339,222.401,44.713,-0.861,0,0.509,0,1,0,-0.509,0,-0.861],"_humanoidState":5,"_cameraCFrame":[745.567,233.708,42.179,-0.911,-0.405,0.082,0,0.199,0.98,-0.413,0.892,-0.181],"_shiftlockState":true,"_pose":"FreeFall","_animationQueue":[["jump",0.1]],"_animationSpeed":1,"_zoom":10.006},{"_mousePosition":[683,384],"_rootPartCFrame":[746.098,223.168,44.598,-0.85,0,0.527,0,1,0,-0.527,0,-0.85],"_humanoidState":5,"_cameraCFrame":[745.255,234.491,42.149,-0.917,-0.392,0.076,0,0.191,0.982,-0.399,0.9,-0.175],"_shiftlockState":true,"_pose":"FreeFall","_animationQueue":[],"_animationSpeed":1,"_zoom":10.006},{"_mousePosition":[683,384],"_rootPartCFrame":[745.855,223.881,44.488,-0.856,0,0.517,0,1,0,-0.517,0,-0.856],"_humanoidState":5,"_cameraCFrame":[744.968,235.213,42.091,-0.921,-0.383,0.072,0,0.186,0.983,-0.389,0.905,-0.171],"_shiftlockState":true,"_pose":"FreeFall","_animationQueue":[],"_animationSpeed":1,"_zoom":10.006},{"_mousePosition":[683,384],"_rootPartCFrame":[745.611,224.54,44.381,-0.861,0,0.508,0,1,0,-0.508,0,-0.861],"_humanoidState":5,"_cameraCFrame":[744.705,235.876,42.01,-0.923,-0.379,0.071,0,0.184,0.983,-0.385,0.907,-0.169],"_shiftlockState":true,"_pose":"FreeFall","_animationQueue":[],"_animationSpeed":1,"_zoom":10.006},{"_mousePosition":[683,384],"_rootPartCFrame":[745.366,225.144,44.276,-0.863,0,0.505,0,1,0,-0.505,0,-0.863],"_humanoidState":5,"_cameraCFrame":[744.443,236.483,41.924,-0.924,-0.375,0.069,0,0.182,0.983,-0.382,0.909,-0.168],"_shiftlockState":true,"_pose":"FreeFall","_animationQueue":[],"_animationSpeed":1,"_zoom":10.006},{"_mousePosition":[683,384],"_rootPartCFrame":[745.12,225.693,44.173,-0.865,0,0.501,0,1,0,-0.501,0,-0.865],"_humanoidState":5,"_cameraCFrame":[744.184,237.035,41.839,-0.926,-0.372,0.068,0,0.181,0.984,-0.379,0.91,-0.167],"_shiftlockState":true,"_pose":"FreeFall","_animationQueue":[],"_animationSpeed":1,"_zoom":10.006},{"_mousePosition":[683,384],"_rootPartCFrame":[744.873,226.188,44.072,-0.867,0,0.498,0,1,0,-0.498,0,-0.867],"_humanoidState":5,"_cameraCFrame":[743.919,237.533,41.757,-0.927,-0.368,0.067,0,0.179,0.984,-0.374,0.913,-0.166],"_shiftlockState":true,"_pose":"FreeFall","_animationQueue":[],"_animationSpeed":1,"_zoom":10.006},{"_mousePosition":[683,384],"_rootPartCFrame":[744.626,226.629,43.97,-0.87,0,0.494,0,1,0,-0.494,0,-0.87],"_humanoidState":5,"_cameraCFrame":[743.652,237.977,41.676,-0.93,-0.362,0.065,0,0.177,0.984,-0.368,0.915,-0.165],"_shiftlockState":true,"_pose":"FreeFall","_animationQueue":[],"_animationSpeed":1,"_zoom":10.006},{"_mousePosition":[683,384],"_rootPartCFrame":[744.379,227.015,43.871,-0.873,0,0.488,0,1,0,-0.488,0,-0.873],"_humanoidState":5,"_cameraCFrame":[743.375,238.366,41.602,-0.934,-0.353,0.063,0,0.176,0.984,-0.358,0.919,-0.164],"_shiftlockState":true,"_pose":"FreeFall","_animationQueue":[],"_animationSpeed":1,"_zoom":10.006},{"_mousePosition":[683,384],"_rootPartCFrame":[744.131,227.346,43.772,-0.878,0,0.479,0,1,0,-0.479,0,-0.878],"_humanoidState":5,"_cameraCFrame":[743.089,238.7,41.533,-0.939,-0.339,0.06,0,0.174,0.985,-0.345,0.924,-0.163],"_shiftlockState":true,"_pose":"FreeFall","_animationQueue":[],"_animationSpeed":1,"_zoom":10.006},{"_mousePosition":[683,384],"_rootPartCFrame":[743.884,227.623,43.699,-0.893,0,0.45,0,1,0,-0.45,0,-0.893],"_humanoidState":5,"_cameraCFrame":[742.802,238.978,41.483,-0.944,-0.324,0.057,0,0.174,0.985,-0.329,0.93,-0.164],"_shiftlockState":true,"_pose":"FreeFall","_animationQueue":[],"_animationSpeed":1,"_zoom":10.006},{"_mousePosition":[683,384],"_rootPartCFrame":[743.638,227.846,43.665,-0.904,0,0.428,0,1,0,-0.428,0,-0.904],"_humanoidState":5,"_cameraCFrame":[742.517,239.2,41.468,-0.95,-0.307,0.054,0,0.174,0.985,-0.312,0.936,-0.165],"_shiftlockState":true,"_pose":"Fr