[{"_mousePosition":[609,470],"_rootPartCFrame":[776.025,222.7,47.142,0.001,0,1,0,1,0,-1,0,0.001],"_humanoidState":8,"_cameraCFrame":[776.017,236.507,49.33,1,0.004,-0.001,0,0.175,0.985,0.004,-0.985,0.175],"_shiftlockState":false,"_pose":"Standing","_animationQueue":[],"_animationSpeed":1,"_zoom":12.5},{"_mousePosition":[609,470],"_rootPartCFrame":[775.853,222.695,47.144,0,0,1,0,1,0,-1,0,0],"_humanoidState":8,"_cameraCFrame":[775.823,236.502,49.332,1,0.014,-0.002,0,0.175,0.985,0.014,-0.984,0.175],"_shiftlockState":false,"_pose":"Standing","_animationQueue":[],"_animationSpeed":1,"_zoom":12.5},{"_mousePosition":[609,470],"_rootPartCFrame":[775.589,222.696,47.143,0,0,1,0,1,0,-1,0,0],"_humanoidState":8,"_cameraCFrame":[775.548,236.506,49.314,1,0.019,-0.003,0,0.174,0.985,0.019,-0.985,0.174],"_shiftlockState":false,"_pose":"Running","_animationQueue":[["walk",0.1]],"_animationSpeed":1.003,"_zoom":12.5},{"_mousePosition":[609,470],"_rootPartCFrame":[775.322,222.698,47.14,0.002,0,1,0,1,0,-1,0,0.002],"_humanoidState":8,"_cameraCFrame":[775.27,236.508,49.31,1,0.024,-0.004,0,0.174,0.985,0.024,-0.985,0.174],"_shiftlockState":false,"_pose":"Running","_animationQueue":[["walk",0.1]],"_animationSpeed":1.101,"_zoom":12.5},{"_mousePosition":[609,470],"_rootPartCFrame":[775.055,222.699,47.135,0.004,0,1,0,1,0,-1,0,0.004],"_humanoidState":8,"_cameraCFrame":[775.003,236.509,49.305,1,0.024,-0.004,0,0.174,0.985,0.024,-0.985,0.174],"_shiftlockState":false,"_pose":"Running","_animationQueue":[],"_animationSpeed":1.101,"_zoom":12.5},{"_mousePosition":[609,470],"_rootPartCFrame":[774.789,222.699,47.129,0.007,0,1,0,1,0,-1,0,0.007],"_humanoidState":8,"_cameraCFrame":[774.726,236.509,49.298,1,0.029,-0.005,0,0.174,0.985,0.029,-0.984,0.174],"_shiftlockState":false,"_pose":"Running","_animationQueue":[],"_animationSpeed":1.101,"_zoom":12.5},{"_mousePosition":[609,470],"_rootPartCFrame":[774.522,222.699,47.122,0.009,0,1,0,1,0,-1,0,0.009],"_humanoidState":8,"_cameraCFrame":[774.448,236.509,49.292,0.999,0.034,-0.006,0,0.174,0.985,0.034,-0.984,0.174],"_shiftlockState":false,"_pose":"Running","_animationQueue":[["walk",0.1]],"_animationSpeed":1.101,"_zoom":12.5},{"_mousePosition":[609,470],"_rootPartCFrame":[774.255,222.699,47.115,0.012,0,1,0,1,0,-1,0,0.012],"_humanoidState":8,"_cameraCFrame":[774.165,236.51,49.283,0.999,0.041,-0.007,0,0.174,0.985,0.042,-0.984,0.173],"_shiftlockState":false,"_pose":"Running","_animationQueue":[],"_animationSpeed":1.101,"_zoom":12.5},{"_mousePosition":[609,470],"_rootPartCFrame":[773.989,222.7,47.106,0.015,0,1,0,1,0,-1,0,0.015],"_humanoidState":8,"_cameraCFrame":[773.899,236.51,49.274,0.999,0.041,-0.007,0,0.174,0.985,0.042,-0.984,0.173],"_shiftlockState":false,"_pose":"Running","_animationQueue":[],"_animationSpeed":1.101,"_zoom":12.5},{"_mousePosition":[609,470],"_rootPartCFrame":[773.723,222.7,47.095,0.018,0,1,0,1,0,-1,0,0.018],"_humanoidState":8,"_cameraCFrame":[773.632,236.51,49.263,0.999,0.041,-0.007,0,0.174,0.985,0.042,-0.984,0.173],"_shiftlockState":false,"_pose":"Running","_animationQueue":[],"_animationSpeed":1.101,"_zoom":12.5},{"_mousePosition":[609,470],"_rootPartCFrame":[773.456,222.7,47.084,0.021,0,1,0,1,0,-1,0,0.021],"_humanoidState":8,"_cameraCFrame":[773.366,236.51,49.252,0.999,0.041,-0.007,0,0.174,0.985,0.042,-0.984,0.173],"_shiftlockState":false,"_pose":"Running","_animationQueue":[],"_animationSpeed":1.101,"_zoom":12.5},{"_mousePosition":[609,470],"_rootPartCFrame":[773.19,222.7,47.073,0.024,0,1,0,1,0,-1,0,0.024],"_humanoidState":8,"_cameraCFrame":[773.099,236.51,49.241,0.999,0.041,-0.007,0,0.174,0.985,0.042,-0.984,0.173],"_shiftlockState":false,"_pose":"Running","_animationQueue":[],"_animationSpeed":1.101,"_zoom":12.5},{"_mousePosition":[609,470],"_rootPartCFrame":[772.923,222.7,47.061,0.026,0,1,0,1,0,-1,0,0.026],"_humanoidState":8,"_cameraCFrame":[772.833,236.51,49.23,0.999,0.041,-0.007,0,0.174,0.985,0.042,-0.984,0.173],"_shiftlockState":false,"_pose":"Running","_animationQueue":[["walk",0.1]],"_animationSpeed":1.101,"_zoom":12.5},{"_mousePosition":[609,470],"_rootPartCFrame":[772.657,222.7,47.05,0.028,0,1,0,1,0,-1,0,0.028],"_humanoidState":8,"_cameraCFrame":[772.566,236.51,49.219,0.999,0.041,-0.007,0,0.174,0.985,0.042,-0.984,0.173],"_shiftlockState":false,"_pose":"Running","_animationQueue":[],"_animationSpeed":1.101,"_zoom":12.5},{"_mousePosition":[609,470],"_rootPartCFrame":[772.39,222.7,47.039,0.03,0,1,0,1,0,-1,0,0.03],"_humanoidState":8,"_cameraCFrame":[772.3,236.51,49.208,0.999,0.041,-0.007,0,0.174,0.985,0.042,-0.984,0.173],"_shiftlockState":false,"_pose":"Running","_animationQueue":[],"_animationSpeed":1.101,"_zoom":12.5},{"_mousePosition":[609,470],"_rootPartCFrame":[772.124,222.7,47.028,0.032,0,0.999,0,1,0,-0.999,0,0.032],"_humanoidState":8,"_cameraCFrame":[772.033,236.51,49.197,0.999,0.041,-0.007,0,0.174,0.985,0.042,-0.984,0.173],"_shiftlockState":false,"_pose":"Running","_animationQueue":[],"_animationSpeed":1.101,"_zoom":12.5},{"_mousePosition":[609,470],"_rootPartCFrame":[771.857,222.7,47.017,0.033,0,0.999,0,1,0,-0.999,0,0.033],"_humanoidState":8,"_cameraCFrame":[771.767,236.51,49.186,0.999,0.041,-0.007,0,0.174,0.985,0.042,-0.984,0.173],"_shiftlockState":false,"_pose":"Running","_animationQueue":[],"_animationSpeed":1.101,"_zoom":12.5},{"_mousePosition":[609,470],"_rootPartCFrame":[771.591,222.7,47.006,0.034,0,0.999,0,1,0,-0.999,0,0.034],"_humanoidState":8,"_cameraCFrame":[771.5,236.51,49.175,0.999,0.041,-0.007,0,0.174,0.985,0.042,-0.984,0.173],"_shiftlockState":false,"_pose":"Running","_animationQueue":[],"_animationSpeed":1.101,"_zoom":12.5},{"_mousePosition":[609,470],"_rootPartCFrame":[771.324,222.684,46.995,0.035,0,0.999,0,1,0,-0.999,0,0.035],"_humanoidState":8,"_cameraCFrame":[771.234,236.494,49.164,0.999,0.041,-0.007,0,0.174,0.985,0.042,-0.984,0.173],"_shiftlockState":false,"_pose":"Running","_animationQueue":[],"_animationSpeed":1.101,"_zoom":12.5},{"_mousePosition":[609,470],"_rootPartCFrame":[771.058,222.689,46.984,0.036,0,0.999,0,1,0,-0.999,0,0.036],"_humanoidState":8,"_cameraCFrame":[770.967,236.499,49.152,0.999,0.041,-0.007,0,0.174,0.985,0.042,-0.984,0.173],"_shiftlockState":false,"_pose":"Running","_animationQueue":[["walk",0.1]],"_animationSpeed":1.101,"_zoom":12.5},{"_mousePosition":[609,470],"_rootPartCFrame":[770.791,222.693,46.973,0.037,0,0.999,0,1,0,-0.999,0,0.037],"_humanoidState":8,"_cameraCFrame":[770.754,229.286,47.87,0.999,0.041,-0.007,0,0.174,0.985,0.042,-0.984,0.173],"_shiftlockState":false,"_pose":"Running","_animationQueue":[],"_animationSpeed":1.101,"_zoom":12.5},{"_mousePosition":[609,470],"_rootPartCFrame":[770.525,222.696,46.962,0.038,0,0.999,0,1,0,-0.999,0,0.038],"_humanoidState":8,"_cameraCFrame":[770.487,229.286,47.858,0.999,0.041,-0.007,0,0.174,0.985,0.042,-0.984,0.173],"_shiftlockState":false,"_pose":"Running","_animationQueue":[],"_animationSpeed":1.101,"_zoom":12.5},{"_mousePosition":[609,470],"_rootPartCFrame":[770.258,222.698,46.95,0.038,0,0.999,0,1,0,-0.999,0,0.038],"_humanoidState":8,"_cameraCFrame":[770.235,229.286,47.847,1,0.026,-0.005,0,0.174,0.985,0.026,-0.984,0.174],"_shiftlockState":false,"_pose":"Running","_animationQueue":[],"_animationSpeed":1.101,"_zoom":12.5},{"_mousePosition":[609,470],"_rootPartCFrame":[769.992,222.698,46.939,0.039,0,0.999,0,1,0,-0.999,0,0.039],"_humanoidState":8,"_cameraCFrame":[769.995,229.286,47.836,1,-0.004,0.001,0,0.174,0.985,-0.004,-0.985,0.174],"_shiftlockState":false,"_pose":"Running","_animationQueue":[],"_animationSpeed":1.101,"_zoom":12.5},{"_mousePosition":[609,470],"_rootPartCFrame":[769.725,222.699,46.932,0.037,0,0.999,0,1,0,-0.999,0,0.037],"_humanoidState":8,"_cameraCFrame":[769.756,229.286,47.828,0.999,-0.034,0.006,0,0.174,0.985,-0.034,-0.984,0.174],"_shiftlockState":false,"_pose":"Running","_animationQueue":[],"_animationSpeed":1.101,"_zoom":12.5},{"_mousePosition":[609,470],"_rootPartCFrame":[769.459,222.699,46.932,0.032,0,0.999,0,1,0,-0.999,0,0.032],"_humanoidState":8,"_cameraCFrame":[769.528,229.286,47.827,0.997,-0.076,0.013,0,0.174,0.985,-0.077,-0.982,0.173],"_shiftlockState":false,"_pose":"Running","_animationQueue":[["walk",0.1]],"_animationSpeed":1.101,"_zoom":12.5},{"_mousePosition":[609,470],"_rootPartCFrame":[769.192,222.699,46.941,0.024,0,1,0,1,0,-1,0,0.024],"_humanoidState":8,"_cameraCFrame":[769.352,229.285,47.854,0.985,-0.17,0.031,0,0.179,0.984,-0.173,-0.969,0.177],"_shiftlockState":false,"_pose":"Running","_animationQueue":[],"_animationSpeed":1.101,"_zoom":12.5},{"_mousePosition":[609,470],"_rootPartCFrame":[768.926,222.699,46.96,0.011,0,1,0,1,0,-1,0,0.011],"_humanoidState":8,"_cameraCFrame":[769.179,229.285,47.885,0.965,-0.259,0.049,0,0.185,0.983,-0.264,-0.948,0.179],"_shiftlockState":false,"_pose":"Running","_animationQueue":[],"_animationSpeed":1.101,"_zoom":12.5},{"_mousePosition":[609,470],"_rootPartCFrame":[768.663,222.699,47.004,-0.013,0,1,0,1,0,-1,0,-0.013],"_humanoidState":8,"_cameraCFrame":[769.039,229.284,47.941,0.928,-0.365,0.072,0,0.195,0.981,-0.372,-0.911,0.181],"_shiftlockState":false,"_pose":"Running","_animationQueue":[],"_animationSpeed":1.101,"_zoom":12.5},{"_mousePosition":[609,470],"_rootPartCFrame":[768.406,222.699,47.073,-0.046,0,0.999,0,1,0,-0.999,0,-0.046],"_humanoidState":8,"_cameraCFrame":[768.919,229.283,48.001,0.875,-0.474,0.099,0,0.204,0.979,-0.484,-0.857,0.179],"_shiftlockState":false,"_pose":"Running","_animationQueue":[],"_animationSpeed":1.101,"_zoom":12.5},{"_mousePosition":[609,470],"_rootPartCFrame":[768.158,222.699,47.009,0.005,0,1,0,1,0,-1,0,0.005],"_humanoidState":8,"_cameraCFrame":[768.823,229.282,47.913,0.806,-0.578,0.128,0,0.216,0.976,-0.592,-0.787,0.174],"_shiftlockState":false,"_pose":"Running","_animationQueue":[],"_animationSpeed":1.101,"_zoom":12.5},{"_mousePosition":[609,470],"_rootPartCFrame":[767.902,222.699,46.933,0.044,0,0.999,0,1,0,-0.999,0,0.044],"_humanoidState":8,"_cameraCFrame":[768.715,229.281,47.796,0.728,-0.668,0.156,0,0.227,0.974,-0.686,-0.709,0.165],"_shiftlockState":false,"_pose":"Running","_animationQueue":[["walk",0.1]],"_animationSpeed":1.101,"_zoom":12.5},{"_mousePosition":[609,470],"_rootPartCFrame":[767.639,222.699,46.891,0.06,0,0.998,0,1,0,-0.998,0,0.06],"_humanoidState":8,"_cameraCFrame":[768.57,229.28,47.689,0.651,-0.738,0.178,0,0.235,0.972,-0.759,-0.633,0.153],"_shiftlockState":false,"_pose":"Running","_animationQueue":[],"_animationSpeed":1.101,"_zoom":12.5},{"_mousePosition":[609,470],"_rootPartCFrame":[767.373,222.699,46.88,0.058,0,0.998,0,1,0,-0.998,0,0.058],"_humanoidState":8,"_cameraCFrame":[768.392,229.28,47.6,0.577,-0.793,0.195,0,0.238,0.971,-0.817,-0.561,0.138],"_shiftlockState":false,"_pose":"Running","_animationQueue":[],"_animationSpeed":1.101,"_zoom":12.5},{"_mousePosition":[609,470],"_rootPartCFrame":[767.155,222.699,46.746,0.136,0,0.991,0,1,0,-0.991,0,0.136],"_humanoidState":8,"_cameraCFrame":[768.239,229.28,47.384,0.507,-0.837,0.207,0,0.24,0.971,-0.862,-0.492,0.122],"_shiftlockState":false,"_pose":"Running","_animationQueue":[],"_animationSpeed":1.101,"_zoom":12.5},{"_mousePosition":[609,470],"_rootPartCFrame":[766.938,222.699,46.591,0.201,0,0.98,0,1,0,-0.98,0,0.201],"_humanoidState":8,"_cameraCFrame":[768.102,229.279,47.147,0.431,-0.875,0.222,0,0.246,0.969,-0.902,-0.418,0.106],"_shiftlockState":false,"_pose":"Running","_animationQueue":[],"_animationSpeed":1.101,"_zoom":12.5},{"_mousePosition":[609,470],"_rootPartCFrame":[766.71,222.699,46.454,0.245,0,0.969,0,1,0,-0.969,0,0.245],"_humanoidState":8,"_cameraCFrame":[767.958,229.278,46.917,0.347,-0.907,0.238,0,0.254,0.967,-0.938,-0.336,0.088],"_shiftlockState":false,"_pose":"Running","_animationQueue":[],"_animationSpeed":1.101,"_zoom":12.5},{"_mousePosition":[609,470],"_rootPartCFrame":[766.47,222.699,46.338,0.273,0,0.962,0,1,0,-0.962,0,0.273],"_humanoidState":8,"_cameraCFrame":[767.774,229.278,46.697,0.265,-0.932,0.248,0,0.257,0.966,-0.964,-0.256,0.068],"_shiftlockState":false,"_pose":"Running","_animationQueue":[["walk",0.1]],"_animationSpeed":1.101,"_zoom":12.5},{"_mousePosition":[609,470],"_rootPartCFrame":[766.221,222.699,46.243,0.284,0,0.959,0,1,0,-0.959,0,0.284],"_humanoidState":8,"_cameraCFrame":[767.565,229.278,46.467,0.164,-0.953,0.256,0,0.259,0.966,-0.986,-0.159,0.043],"_shiftlockState":false,"_pose":"Running","_animationQueue":[],"_animationSpeed":1.101,"_zoom":12.5},{"_mousePosition":[609,470],"_rootPartCFrame":[765.964,222.699,46.171,0.283,0,0.959,0,1,0,-0.959,0,0.283],"_humanoidState":8,"_cameraCFrame":[767.317,229.278,46.333,0.119,-0.959,0.257,0,0.259,0.966,-0.993,-0.115,0.031],"_shiftlockState":false,"_pose":"Running","_animationQueue":[],"_animationSpeed":1.101,"_zoom":12.5},{"_mousePosition":[609,470],"_rootPartCFrame":[765.701,222.699,46.125,0.269,0,0.963,0,1,0,-0.963,0,0.269],"_humanoidState":8,"_cameraCFrame":[767.059,229.278,46.246,0.089,-0.962,0.258,0,0.259,0.966,-0.996,-0.086,0.023],"_shiftlockState":false,"_pose":"Running","_animationQueue":[],"_animationSpeed":1.101,"_zoom":12.5},{"_mousePosition":[609,470],"_rootPartCFrame":[765.437,222.699,46.092,0.249,0,0.968,0,1,0,-0.968,0,0.249],"_humanoidState":8,"_cameraCFrame":[766.797,229.278,46.185,0.069,-0.964,0.259,0,0.259,0.966,-0.998,-0.066,0.018],"_shiftlockState":false,"_pose":"Running","_animationQueue":[],"_animationSpeed":1.101,"_zoom":12.5},{"_mousePosition":[609,470],"_rootPartCFrame":[765.171,222.699,46.067,0.228,0,0.974,0,1,0,-0.974,0,0.228],"_humanoidState":8,"_cameraCFrame":[766.533,229.278,46.137,0.051,-0.965,0.259,0,0.259,0.966,-0.999,-0.049,0.013],"_shiftlockState":false,"_pose":"Running","_animationQueue":[],"_animationSpeed":1.101,"_zoom":12.5},{"_mousePosition":[609,470],"_rootPartCFrame":[764.906,222.665,46.044,0.207,0,0.978,0,1,0,-0.978,0,0.207],"_humanoidState":8,"_cameraCFrame":[766.277,229.278,46.096,0.038,-0.965,0.259,0,0.259,0.966,-0.999,-0.037,0.01],"_shiftlockState":false,"_pose":"Running","_animationQueue":[],"_animationSpeed":1.101,"_zoom":12.5},{"_mousePosition":[609,470],"_rootPartCFrame":[764.64,223.538,46.02,0.186,0,0.983,0,1,0,-0.983,0,0.186],"_humanoidState":3,"_cameraCFrame":[765.939,229.881,46.07,0.038,-0.965,0.259,0,0.259,0.966,-0.999,-0.037,0.01],"_shiftlockState":false,"_pose":"Jumping","_animationQueue":[["walk",0.1],["walk",0.1],["jump",0.1]],"_animationSpeed":1,"_zoom":12.5},{"_mousePosition":[609,470],"_rootPartCFrame":[764.374,224.36,46.008,0.166,0,0.986,0,1,0,-0.986,0,0.166],"_humanoidState":5,"_cameraCFrame":[765.82,231.254,46.063,0.038,-0.965,0.259,0,0.259,0.966,-0.999,-0.037,0.01],"_shiftlockState":false,"_pose":"FreeFall","_animationQueue":[["jump",0.1]],"_animationSpeed":1,"_zoom":12.5},{"_mousePosition":[609,470],"_rootPartCFrame":[764.107,225.128,45.998,0.148,0,0.989,0,1,0,-0.989,0,0.148],"_humanoidState":5,"_cameraCFrame":[765.891,233.279,46.057,0.033,-0.965,0.259,0,0.259,0.966,-0.999,-0.032,0.009],"_shiftlockState":false,"_pose":"FreeFall","_animationQueue":[],"_animationSpeed":1,"_zoom":12.5},{"_mousePosition":[609,470],"_rootPartCFrame":[763.841,225.841,45.987,0.133,0,0.991,0,1,0,-0.991,0,0.133],"_humanoidState":5,"_cameraCFrame":[765.94,235.165,46.041,0.026,-0.965,0.259,0,0.259,0.966,-1,-0.025,0.007],"_shiftlockState":false,"_pose":"FreeFall","_animationQueue":[],"_animationSpeed":1,"_zoom":12.5},{"_mousePosition":[609,470],"_rootPartCFrame":[763.574,226.499,45.978,0.119,0,0.993,0,1,0,-0.993,0,0.119],"_humanoidState":5,"_cameraCFrame":[765.752,236.113,46.012,0.016,-0.966,0.259,0,0.259,0.966,-1,-0.015,0.004],"_shiftlockState":false,"_pose":"FreeFall","_animationQueue":[],"_animationSpeed":1,"_zoom":12.5},{"_mousePosition":[609,470],"_rootPartCFrame":[763.308,227.103,45.971,0.106,0,0.994,0,1,0,-0.994,0,0.106],"_humanoidState":5,"_cameraCFrame":[765.669,237.402,45.972,0,-0.966,0.259,0,0.259,0.966,-1,0,0],"_shiftlockState":false,"_pose":"FreeFall","_animationQueue":[],"_animationSpeed":1,"_zoom":12.5},{"_mousePosition":[609,470],"_rootPartCFrame":[763.041,227.653,45.967,0.094,0,0.996,0,1,0,-0.996,0,0.094],"_humanoidState":5,"_cameraCFrame":[765.6,238.688,45.922,-0.017,-0.966,0.259,0,0.259,0.966,-1,0.017,-0.004],"_shiftlockState":false,"_pose":"FreeFall","_animationQueue":[],"_animationSpeed":1,"_zoom":12.5},{"_mousePosition":[609,470],"_rootPartCFrame":[762.775,228.148,45.966,0.082,0,0.997,0,1,0,-0.997,0,0.082],"_humanoidState":5,"_cameraCFrame":[765.528,239.83,45.897,-0.025,-0.965,0.261,0,0.261,0.965,-1,0.024,-0.007],"_shiftlockState":false,"_pose":"FreeFall","_animationQueue":[],"_animationSpeed":1,"_zoom":12.5},{"_mousePosition":[609,470],"_rootPartCFrame":[762.508,228.588,45.97,0.069,0,0.998,0,1,0,-0.998,0,0.069],"_humanoidState":5,"_cameraCFrame":[765.437,240.755,45.889,-0.027,-0.964,0.265,0,0.265,0.964,-1,0.026,-0.007],"_shiftlockState":false,"_pose":"FreeFall","_animationQueue":[],"_animationSpeed":1,"_zoom":12.5},{"_mousePosition":[609,470],"_rootPartCFrame":[762.241,228.975,45.976,0.056,0,0.998,0,1,0,-0.998,0,0.056],"_humanoidState":5,"_cameraCFrame":[765.303,241.54,45.892,-0.027,-0.963,0.267,0,0.267,0.964,-1,0.026,-0.007],"_shiftlockState":false,"_pose":"FreeFall","_animationQueue":[],"_animationSpeed":1,"_zoom":12.5},{"_mousePosition":[609,470],"_rootPartCFrame":[761.975,229.306,45.983,0.045,0,0.999,0,1,0,-0.999,0,0.045],"_humanoidState":5,"_cameraCFrame":[765.115,242.154,45.897,-0.027,-0.963,0.267,0,0.267,0.964,-1,0.026,-0.007],"_shiftlockState":false,"_pose":"FreeFall","_animationQueue":[],"_animationSpeed":1,"_zoom":12.5},{"_mousePosition":[609,470],"_rootPartCFrame":[761.708,229.583,45.991,0.034,0,0.999,0,1,0,-0.999,0,0.034],"_humanoidState":5,"_cameraCFrame":[764.911,242.661,45.903,-0.027,-0.963,0.267,0,0.267,0.964,-1,0.026,-0.007],"_shiftlockState":false,"_pose":"FreeFall","_animationQueue":[],"_animationSpeed":1,"_zoom":12.5},{"_mousePosition":[609,470],"_rootPartCFrame":[761.442,229.806,45.998,0.026,0,1,0,1,0,-1,0,0.026],"_humanoidState":5,"_cameraCFrame":[764.684,243.026,45.909,-0.027,-0.963,0.267,0,0.267,0.964,-1,0.026,-0.007],"_shiftlockState":false,"_pose":"FreeFall","_animationQueue":[],"_animationSpeed":1,"_zoom":12.5},{"_mousePosition":[609,470],"_rootPartCFrame":[761.175,229.974,46.005,0.018,0,1,0,1,0,-1,0,0.018],"_humanoidState":5,"_cameraCFrame":[764.446,243.295,45.916,-0.027,-0.963,0.267,0,0.267,0.964,-1,0.026,-0.007],"_shiftlockState":false,"_pose":"FreeFall","_animationQueue":[],"_animationSpeed":1,"_zoom":12.5},{"_mousePosition":[609,470],"_rootPartCFrame":[760.908,230.087,46.013,0.012,0,1,0,1,0,-1,0,0.012],"_humanoidState":5,"_cameraCFrame":[764.2,243.483,45.922,-0.027,-0.963,0.267,0,0.267,0.964,-1,0.026,-0.007],"_shiftlockState":false,"_pose":"FreeFall","_animationQueue":[],"_animationSpeed":1,"_zoom":12.5},{"_mousePosition":[609,470],"_rootPartCFrame":[760.642,230.146,46.02,0.006,0,1,0,1,0,-1,0,0.006],"_humanoidState":5,"_cameraCFrame":[763.948,243.595,45.929,-0.027,-0.963,0.267,0,0.267,0.964,-1,0.026,-0.007],"_shiftlockState":false,"_pose":"FreeFall","_animationQueue":[],"_animationSpeed":1,"_zoom":12.5},{"_mousePosition":[609,470],"_rootPartCFrame":[760.375,230.151,46.027,0.001,0,1,0,1,0,-1,0,0.001],"_humanoidState":5,"_cameraCFrame":[763.689,243.629,45.936,-0.027,-0.963,0.267,0,0.267,0.964,-1,0.026,-0.007],"_shiftlockState":false,"_pose":"FreeFall","_animationQueue":[],"_animationSpeed":1,"_zoom":12.5},{"_mousePosition":[609,470],"_rootPartCFrame":[760.109,230.101,46.035,-0.003,0,1,0,1,0,-1,0,-0.003],"_humanoidState":5,"_cameraCFrame":[763.429,243.602,45.943,-0.027,-0.963,0.267,0,0.267,0.964,-1,0.026,-0.007],"_shiftlockState":false,"_pose":"FreeFall","_animationQueue":[],"_animationSpeed":1,"_zoom":12.5},{"_mousePosition":[609,470],"_rootPartCFrame":[759.842,229.996,46.042,-0.006,0,1,0,1,0,-1,0,-0.006],"_humanoidState":5,"_cameraCFrame":[763.167,243.513,45.951,-0.027,-0.963,0.267,0,0.267,0.964,-1,0.026,-0.007],"_shiftlockState":false,"_pose":"FreeFall","_animationQueue":[],"_animationSpeed":1,"_zoom":12.5},{"_mousePosition":[609,470],"_rootPartCFrame":[759.575,229.837,46.049,-0.009,0,1,0,1,0,-1,0,-0.009],"_humanoidState":5,"_cameraCFrame":[762.926,243.358,45.949,-0.03,-0.963,0.269,0,0.269,0.963,-1,0.029,-0.008],"_shiftlockState":false,"_pose":"FreeFall","_animationQueue":[],"_animationSpeed":1,"_zoom":12.5},{"_mousePosition":[609,470],"_rootPartCFrame":[759.309,229.624,46.057,-0.012,0,1,0,1,0,-1,0,-0.012],"_humanoidState":5,"_cameraCFrame":[762.685,243.145,45.947,-0.033,-0.962,0.27,0,0.271,0.963,-0.999,0.031,-0.009],"_shiftlockState":false,"_pose":"FreeFall","_animationQueue":[["fall",0.3]],"_animationSpeed":1,"_zoom":12.5},{"_mousePosition":[609,470],"_rootPartCFrame":[759.042,229.356,46.065,-0.014,0,1,0,1,0,-1,0,-0.014],"_humanoidState":5,"_cameraCFrame":[762.419,242.881,45.946,-0.035,-0.962,0.27,0,0.271,0.963,-0.999,0.034,-0.009],"_shiftlockState":false,"_pose":"FreeFall","_animationQueue":[],"_animationSpeed":1,"_zoom":12.5},{"_mousePosition":[609,470],"_rootPartCFrame":[758.776,229.033,46.073,-0.017,0,1,0,1,0,-1,0,-0.017],"_humanoidState":5,"_cameraCFrame":[762.152,242.562,45.929,-0.043,-0.962,0.27,0,0.271,0.963,-0.999,0.041,-0.012],"_shiftlockState":false,"_pose":"FreeFall","_animationQueue":[],"_animationSpeed":1,"_zoom":12.5},{"_mousePosition":[609,470],"_rootPartCFrame":[758.509,228.656,46.082,-0.019,0,1,0,1,0,-1,0,-0.019],"_humanoidState":5,"_cameraCFrame":[761.883,242.187,45.87,-0.063,-0.961,0.27,0,0.271,0.963,-0.998,0.061,-0.017],"_shiftlockState":false,"_pose":"FreeFall","_animationQueue":[],"_animationSpeed":1,"_zoom":12.5},{"_mousePosition":[609,470],"_rootPartCFrame":[758.243,228.225,46.093,-0.022,0,1,0,1,0,-1,0,-0.022],"_humanoidState":5,"_cameraCFrame":[761.636,241.75,45.819,-0.081,-0.959,0.271,0,0.272,0.962,-0.997,0.077,-0.022],"_shiftlockState":false,"_pose":"FreeFall","_animationQueue":[],"_animationSpeed":1,"_zoom":12.5},{"_mousePosition":[609,470],"_rootPartCFrame":[757.976,227.739,46.109,-0.027,0,1,0,1,0,-1,0,-0.027],"_humanoidState":5,"_cameraCFrame":[761.389,241.258,45.79,-0.093,-0.957,0.273,0,0.274,0.962,-0.996,0.09,-0.026],"_shiftlockState":false,"_pose":"FreeFall","_animationQueue":[],"_animationSpeed":1,"_zoom":12.5},{"_mousePosition":[609,470],"_rootPartCFrame":[757.711,227.198,46.13,-0.033,0,0.999,0,1,0,-0.999,0,-0.033],"_humanoidState":5,"_cameraCFrame":[761.142,240.711,45.757,-0.108,-0.955,0.275,0,0.276,0.961,-0.994,0.104,-0.03],"_shiftlockState":false,"_pose":"FreeFall","_animationQueue":[],"_animationSpeed":1,"_zoom":12.5},{"_mousePosition":[609,470],"_rootPartCFrame":[757.507,226.617,46.165,0.011,0,1,0.006,1,0,-1,0.006,0.011],"_humanoidState":5,"_cameraCFrame":[760.975,240.117,45.716,-0.131,-0.952,0.277,0,0.28,0.96,-0.991,0.126,-0.037],"_shiftlockState":false,"_pose":"FreeFall","_animationQueue":[["fall",0.3]],"_animationSpeed":1,"_zoom":12.5},{"_mousePosition":[609,470],"_rootPartCFrame":[757.552,226.043,46.186,0.015,0.031,0.999,0.005,1,-0.031,-1,0.005,0.015],"_humanoidState":5,"_cameraCFrame":[761.098,239.529,45.623,-0.161,-0.946,0.28,0,0.284,0.959,-0.987,0.154,-0.046],"_shiftlockState":false,"_pose":"FreeFall","_animationQueue":[],"_animationSpeed":1,"_zoom":12.5},{"_mousePosition":[609,470],"_rootPartCFrame":[757.539,225.415,46.211,-0.001,0.015,1,0.002,1,-0.015,-1,0.002,-0.001],"_humanoidState":5,"_cameraCFrame":[761.088,238.888,45.537,-0.188,-0.941,0.282,0,0.287,0.958,-0.982,0.18,-0.054],"_shiftlockState":false,"_pose":"FreeFall","_animationQueue":[],"_animationSpeed":1,"_zoom":12.5},{"_mousePosition":[609,470],"_rootPartCFrame":[757.488,224.733,46.238,-0.021,0.003,1,0,1,-0.003,-1,0,-0.021],"_humanoidState":5,"_cameraCFrame":[761.032,238.199,45.504,-0.203,-0.937,0.283,0,0.289,0.957,-0.979,0.195,-0.059],"_shiftlockState":false,"_pose":"FreeFall","_animationQueue":[],"_animationSpeed":1,"_zoom":12.5},{"_mousePosition":[609,470],"_rootPartCFrame":[757.479,224,46.264,-0.047,0.011,0.999,0,1,-0.011,-0.999,-0.001,-0.047],"_humanoidState":5,"_cameraCFrame":[761.036,237.465,45.529,-0.203,-0.937,0.283,0,0.289,0.957,-0.979,0.195,-0.059],"_shiftlockState":false,"_pose":"FreeFall","_animationQueue":[],"_animationSpeed":1,"_zoom":12.5},{"_mousePosition":[609,470],"_rootPartCFrame":[757.461,223.214,46.32,-0.066,0.008,0.998,0,1,-0.008,-0.998,0,-0.066],"_humanoidState":5,"_cameraCFrame":[761.013,236.68,45.585,-0.203,-0.937,0.283,0,0.289,0.957,-0.979,0.195,-0.059],"_shiftlockState":false,"_pose":"FreeFall","_animationQueue":[],"_animationSpeed":1,"_zoom":12.5},{"_mousePosition":[609,470],"_rootPartCFrame":[757.402,222.374,46.375,-0.085,0.003,0.996,0,1,-0.003,-0.996,0,-0.085],"_humanoidState":5,"_cameraCFrame":[760.946,235.84,45.64,-0.203,-0.937,0.283,0,0.289,0.957,-0.979,0.195,-0.059],"_shiftlockState":false,"_pose":"FreeFall","_animationQueue":[],"_animationSpeed":1,"_zoom":12.5},{"_mousePosition":[609,470],"_rootPartCFrame":[757.304,221.479,46.43,-0.102,0,0.995,0,1,0,-0.995,0,-0.102],"_humanoidState":5,"_cameraCFrame":[760.844,234.945,45.696,-0.203,-0.937,0.283,0,0.289,0.957,-0.979,0.195,-0.059],"_shiftlockState":false,"_pose":"FreeFall","_animationQueue":[["fall",0.3]],"_animationSpeed":1,"_zoom":12.5},{"_mousePosition":[609,470],"_rootPartCFrame":[757.167,220.53,46.485,-0.116,0,0.993,0,1,0,-0.993,0,-0.116],"_humanoidState":5,"_cameraCFrame":[760.728,233.989,45.737,-0.206,-0.936,0.285,0,0.291,0.957,-0.979,0.197,-0.06],"_shiftlockState":false,"_pose":"FreeFall","_animationQueue":[],"_animationSpeed":1,"_zoom":12.5},{"_mousePosition":[609,470],"_rootPartCFrame":[756.929,219.526,46.539,-0.128,0,0.992,0,1,0,-0.992,0,-0.128],"_humanoidState":7,"_cameraCFrame":[760.516,232.978,45.804,-0.201,-0.937,0.287,0,0.293,0.956,-0.98,0.192,-0.059],"_shiftlockState":false,"_pose":"FreeFall","_animationQueue":[["walk",0.1],["fall",0.3],["fall",0.3]],"_animationSpeed":1,"_zoom":12.5},{"_mousePosition":[609,470],"_rootPartCFrame":[756.668,219.345,46.594,-0.139,0,0.99,0,1,0,-0.99,0,-0.139],"_humanoidState":7,"_cameraCFrame":[760.284,232.789,45.882,-0.193,-0.938,0.289,0,0.295,0.956,-0.981,0.185,-0.057],"_shiftlockState":false,"_pose":"FreeFall","_animationQueue":[],"_animationSpeed":1,"_zoom":12.5},{"_mousePosition":[609,470],"_rootPartCFrame":[756.407,219.467,46.648,-0.148,0,0.989,0,1,0,-0.989,0,-0.148],"_humanoidState":8,"_cameraCFrame":[760.028,232.912,45.963,-0.186,-0.939,0.29,0,0.295,0.956,-0.983,0.178,-0.055],"_shiftlockState":false,"_pose":"Running","_animationQueue":[["walk",0.1],["fall",0.3],["walk",0.1]],"_animationSpeed":1.103,"_zoom":12.5},{"_mousePosition":[609,470],"_rootPartCFrame":[756.146,219.568,46.699,-0.155,0,0.988,0,1,0,-0.988,0,-0.155],"_humanoidState":8,"_cameraCFrame":[759.793,233.006,46.029,-0.181,-0.939,0.292,0,0.297,0.955,-0.984,0.173,-0.054],"_shiftlockState":false,"_pose":"Running","_animationQueue":[],"_animationSpeed":1.103,"_zoom":12.5},{"_mousePosition":[609,470],"_rootPartCFrame":[755.884,219.627,46.749,-0.16,0,0.987,0,1,0,-0.987,0,-0.16],"_humanoidState":8,"_cameraCFrame":[759.536,233.065,46.106,-0.173,-0.941,0.292,0,0.297,0.955,-0.985,0.166,-0.051],"_shiftlockState":false,"_pose":"Running","_animationQueue":[["walk",0.1]],"_animationSpeed":1.103,"_zoom":12.5},{"_mousePosition":[609,470],"_rootPartCFrame":[755.621,219.66,46.798,-0.163,0,0.987,0,1,0,-0.987,0,-0.163],"_humanoidState":8,"_cameraCFrame":[759.28,233.097,46.192,-0.163,-0.942,0.293,0,0.297,0.955,-0.987,0.156,-0.048],"_shiftlockState":false,"_pose":"Running","_animationQueue":[],"_animationSpeed":1.103,"_zoom":12.5},{"_mousePosition":[609,470],"_rootPartCFrame":[755.359,219.678,46.844,-0.165,0,0.986,0,1,0,-0.986,0,-0.165],"_humanoidState":8,"_cameraCFrame":[758.976,233.129,46.273,-0.156,-0.944,0.289,0,0.293,0.956,-0.988,0.149,-0.046],"_shiftlockState":false,"_pose":"Running","_animationQueue":[],"_animationSpeed":1.103,"_zoom":12.5},{"_mousePosition":[609,470],"_rootPartCFrame":[755.096,219.688,46.888,-0.165,0,0.986,0,1,0,-0.986,0,-0.165],"_humanoidState":8,"_cameraCFrame":[758.693,233.146,46.339,-0.151,-0.946,0.288,0,0.291,0.957,-0.989,0.144,-0.044],"_shiftlockState":false,"_pose":"Running","_animationQueue":[],"_animationSpeed":1.103,"_zoom":12.5},{"_mousePosition":[609,470],"_rootPartCFrame":[754.832,219.693,46.93,-0.164,0,0.986,0,1,0,-0.986,0,-0.164],"_humanoidState":8,"_cameraCFrame":[758.429,233.152,46.381,-0.151,-0.946,0.288,0,0.291,0.957,-0.989,0.144,-0.044],"_shiftlockState":false,"_pose":"Running","_animationQueue":[],"_animationSpeed":1.103,"_zoom":12.5},{"_mousePosition":[609,470],"_rootPartCFrame":[754.569,219.696,46.971,-0.163,0,0.987,0,1,0,-0.987,0,-0.163],"_humanoidState":8,"_cameraCFrame":[758.144,233.162,46.434,-0.148,-0.947,0.286,0,0.289,0.957,-0.989,0.142,-0.043],"_shiftlockState":false,"_pose":"Running","_animationQueue":[],"_animationSpeed":1.103,"_zoom":12.5},{"_mousePosition":[609,470],"_rootPartCFrame":[754.305,219.697,47.011,-0.161,0,0.987,0,1,0,-0.987,0,-0.161],"_humanoidState":8,"_cameraCFrame":[757.837,233.177,46.499,-0.143,-0.948,0.283,0,0.285,0.958,-0.99,0.137,-0.041],"_shiftlockState":false,"_pose":"Running","_animationQueue":[],"_animationSpeed":1.103,"_zoom":12.5},{"_mousePosition":[609,470],"_rootPartCFrame":[754.042,219.698,47.05,-0.159,0,0.987,0,1,0,-0.987,0,-0.159],"_humanoidState":8,"_cameraCFrame":[757.529,233.192,46.563,-0.138,-0.95,0.279,0,0.282,0.959,-0.99,0.133,-0.039],"_shiftlockState":false,"_pose":"Running","_animationQueue":[["walk",0.1]],"_animationSpeed":1.103,"_zoom":12.5},{"_mousePosition":[609,470],"_rootPartCFrame":[753.778,219.699,47.089,-0.157,0,0.988,0,1,0,-0.988,0,-0.157],"_humanoidState":8,"_cameraCFrame":[757.223,233.206,46.634,-0.131,-0.952,0.276,0,0.278,0.961,-0.991,0.126,-0.036],"_shiftlockState":false,"_pose":"Running","_animationQueue":[],"_animationSpeed":1.103,"_zoom":12.5},{"_mousePosition":[609,470],"_rootPartCFrame":[753.513,219.699,47.126,-0.155,0,0.988,0,1,0,-0.988,0,-0.155],"_humanoidState":8,"_cameraCFrame":[754.929,226.277,46.95,-0.123,-0.955,0.268,0,0.271,0.963,-0.992,0.119,-0.033],"_shiftlockState":false,"_pose":"Running","_animationQueue":[],"_animationSpeed":1.103,"_zoom":12.5},{"_mousePosition":[609,470],"_rootPartCFrame":[753.249,219.699,47.161,-0.152,0,0.988,0,1,0,-0.988,0,-0.152],"_humanoidState":8,"_cameraCFrame":[754.646,226.277,47.002,-0.113,-0.958,0.265,0,0.267,0.964,-0.994,0.109,-0.03],"_shiftlockState":false,"_pose":"Running","_animationQueue":[],"_animationSpeed":1.103,"_zoom":12.5},{"_mousePosition":[609,470],"_rootPartCFrame":[752.984,219.699,47.194,-0.148,0,0.989,0,1,0,-0.989,0,-0.148],"_humanoidState":8,"_cameraCFrame":[754.35,226.278,47.049,-0.106,-0.96,0.26,0,0.261,0.965,-0.994,0.102,-0.028],"_shiftlockState":false,"_pose":"Running","_animationQueue":[],"_animationSpeed":1.103,"_zoom":12.5},{"_mousePosition":[609,470],"_rootPartCFrame":[752.72,219.699,47.225,-0.144,0,0.99,0,1,0,-0.99,0,-0.144],"_humanoidState":8,"_cameraCFrame":[754.065,226.278,47.089,-0.101,-0.961,0.256,0,0.257,0.966,-0.995,0.097,-0.026],"_shiftlockState":false,"_pose":"Running","_animationQueue":[],"_animationSpeed":1.103,"_zoom":12.5},{"_mousePosition":[609,470],"_rootPartCFrame":[752.454,219.699,47.253,-0.139,0,0.99,0,1,0,-0.99,0,-0.139],"_humanoidState":8,"_cameraCFrame":[753.78,226.278,47.126,-0.096,-0.963,0.252,0,0.254,0.967,-0.995,0.093,-0.024],"_shiftlockState":false,"_pose":"Running","_animationQueue":[],"_animationSpeed":1.103,"_zoom":12.5},{"_mousePosition":[609,470],"_rootPartCFrame":[752.189,219.699,47.28,-0.134,0,0.991,0,1,0,-0.991,0,-0.134],"_humanoidState":8,"_cameraCFrame":[753.484,226.279,47.166,-0.088,-0.965,0.247,0,0.248,0.969,-0.996,0.085,-0.022],"_shiftlockState":false,"_pose":"Running","_animationQueue":[["walk",0.1]],"_animationSpeed":1.103,"_zoom":12.5},{"_mousePosition":[609,470],"_rootPartCFrame":[751.791,219.699,47.319,-0.126,0,0.992,0,1,0,-0.992,0,-0.126],"_humanoidState":8,"_cameraCFrame":[753.066,226.279,47.213,-0.083,-0.966,0.243,0,0.244,0.97,-0.997,0.081,-0.02],"_shiftlockState":false,"_pose":"Running","_animationQueue":[],"_animationSpeed":1.103,"_zoom":12.5},{"_mousePosition":[609,470],"_rootPartCFrame":[751.658,219.699,47.331,-0.124,0,0.992,0,1,0,-0.992,0,-0.124],"_humanoidState":8,"_cameraCFrame":[752.77,226.28,45.491,-0.075,-0.968,0.238,0,0.238,0.971,-0.997,0.073,-0.018],"_shiftlockState":true,"_pose":"Running","_animationQueue":[],"_animationSpeed":1.103,"_zoom":12.5},{"_mousePosition":[683,384],"_rootPartCFrame":[751.393,219.699,47.353,-0.075,0,0.997,0,1,0,-0.997,0,-0.075],"_humanoidState":8,"_cameraCFrame":[752.504,226.28,45.514,-0.075,-0.968,0.238,0,0.238,0.971,-0.997,0.073,-0.018],"_shiftlockState":true,"_pose":"Running","_animationQueue":[],"_animationSpeed":1.103,"_zoom":12.5},{"_mousePosition":[683,384],"_rootPartCFrame":[751.127,219.665,47.375,-0.075,0,0.997,0,1,0,-0.997,0,-0.075],"_humanoidState":8,"_cameraCFrame":[752.24,226.28,45.545,-0.068,-0.97,0.234,0,0.235,0.972,-0.998,0.066,-0.016],"_shiftlockState":true,"_pose":"Running","_animationQueue":[],"_animationSpeed":1.103,"_zoom":12.5},{"_mousePosition":[683,384],"_rootPartCFrame":[750.861,219.577,47.397,-0.068,0,0.998,0,1,0,-0.998,0,-0.068],"_humanoidState":8,"_cameraCFrame":[752.004,226.313,45.565,-0.068,-0.97,0.234,0,0.235,0.972,-0.998,0.066,-0.016],"_shiftlockState":true,"_pose":"Running","_animationQueue":[],"_animationSpeed":1.103,"_zoom":12.5},{"_mousePosition":[683,384],"_rootPartCFrame":[750.596,220.45,47.419,-0.068,0,0.998,0,1,0,-0.998,0,-0.068],"_humanoidState":3,"_cameraCFrame":[751.887,227.834,45.581,-0.065,-0.97,0.232,0,0.233,0.973,-0.998,0.064,-0.015],"_shiftlockState":true,"_pose":"Jumping","_animationQueue":[["walk",0.1],["walk",0.1],["jump",0.1]],"_animationSpeed":1,"_zoom":12.5},{"_mousePosition":[683,384],"_rootPartCFrame":[750.33,221.272,47.438,-0.066,0,0.998,0,1,0,-0.998,0,-0.066],"_humanoidState":5,"_cameraCFrame":[751.863,229.671,45.584,-0.065,-0.97,0.232,0,0.233,0.973,-0.998,0.064,-0.015],"_shiftlockState":true,"_pose":"FreeFall","_animationQueue":[["jump",0.1]],"_animationSpeed":1,"_zoom":12.5},{"_mousePosition":[683,384],"_rootPartCFrame":[750.063,222.039,47.456,-0.065,0,0.998,0,1,0,-0.998,0,-0.065],"_humanoidState":5,"_cameraCFrame":[751.883,231.637,45.583,-0.065,-0.97,0.232,0,0.233,0.973,-0.998,0.064,-0.015],"_shiftlockState":true,"_pose":"FreeFall","_animationQueue":[],"_animationSpeed":1,"_zoom":12.5},{"_mousePosition":[683,384],"_rootPartCFrame":[749.797,222.752,47.473,-0.065,0,0.998,0,1,0,-0.998,0,-0.065],"_humanoidState":5,"_cameraCFrame":[751.855,233.404,45.59,-0.063,-0.971,0.23,0,0.231,0.973,-0.998,0.061,-0.015],"_shiftlockState":true,"_pose":"FreeFall","_animationQueue":[],"_animationSpeed":1,"_zoom":12.5},{"_mousePosition":[683,384],"_rootPartCFrame":[749.531,223.411,47.49,-0.063,0,0.998,0,1,0,-0.998,0,-0.063],"_humanoidState":5,"_cameraCFrame":[751.788,234.902,45.595,-0.063,-0.971,0.23,0,0.231,0.973,-0.998,0.061,-0.015],"_shiftlockState":true,"_pose":"FreeFall","_animationQueue":[],"_animationSpeed":1,"_zoom":12.5},{"_mousePosition":[683,384],"_rootPartCFrame":[749.265,224.015,47.507,-0.063,0,0.998,0,1,0,-0.998,0,-0.063],"_humanoidState":5,"_cameraCFrame":[751.665,236.111,45.603,-0.063,-0.971,0.23,0,0.231,0.973,-0.998,0.061,-0.015],"_shiftlockState":true,"_pose":"FreeFall","_animationQueue":[],"_animationSpeed":1,"_zoom":12.5},{"_mousePosition":[683,384],"_rootPartCFrame":[748.999,224.564,47.524,-0.063,0,0.998,0,1,0,-0.998,0,-0.063],"_humanoidState":5,"_cameraCFrame":[751.511,237.136,45.612,-0.063,-0.971,0.23,0,0.231,0.973,-0.998,0.061,-0.015],"_shiftlockState":true,"_pose":"FreeFall","_animationQueue":[],"_animationSpeed":1,"_zoom":12.5},{"_mousePosition":[683,384],"_rootPartCFrame":[748.733,225.059,47.541,-0.063,0,0.998,0,1,0,-0.998,0,-0.063],"_humanoidState":5,"_cameraCFrame":[751.304,237.96,45.632,-0.06,-0.972,0.229,0,0.229,0.973,-0.998,0.059,-0.014],"_shiftlockState":true,"_pose":"FreeFall","_animationQueue":[],"_animationSpeed":1,"_zoom":12.5},{"_mousePosition":[683,384],"_rootPartCFrame":[748.467,225.5,47.558,-0.061,0,0.998,0,1,0,-0.998,0,-0.061],"_humanoidState":5,"_cameraCFrame":[751.101,238.646,45.652,-0.058,-0.972,0.229,0,0.229,0.973,-0.998,0.056,-0.013],"_shiftlockState":true,"_pose":"FreeFall","_animationQueue":[],"_animationSpeed":1,"_zoom":12.5},{"_mousePosition":[683,384],"_rootPartCFrame":[748.201,225.886,47.574,-0.058,0,0.998,0,1,0,-0.998,0,-0.058],"_humanoidState":5,"_cameraCFrame":[750.851,239.207,45.667,-0.058,-0.972,0.227,0,0.227,0.974,-0.998,0.056,-0.013],"_shiftlockState":true,"_pose":"FreeFall","_animationQueue":[],"_animationSpeed":1,"_zoom":12.5},{"_mousePosition":[683,384],"_rootPartCFrame":[747.935,226.217,47.589,-0.058,0,0.998,0,1,0,-0.998,0,-0.058],"_humanoidState":5,"_cameraCFrame":[750.588,239.654,45.683,-0.058,-0.973,0.225,0,0.225,0.974,-0.998,0.056,-0.013],"_shiftlockState":true,"_pose":"FreeFall","_animationQueue":[],"_animationSpeed":1,"_zoom":12.5},{"_mousePosition":[683,384],"_rootPartCFrame":[747.668,226.494,47.605,-0.058,0,0.998,0,1,0,-0.998,0,-0.058],"_humanoidState":5,"_cameraCFrame":[750.317,240.017,45.698,-0.058,-0.973,0.223,0,0.223,0.975,-0.998,0.056,-0.013],"_shiftlockState":true,"_pose":"FreeFall","_animationQueue":[],"_animationSpeed":1,"_zoom":12.5},{"_mousePosition":[683,384],"_rootPartCFrame":[747.402,226.717,47.62,-0.058,0,0.998,0,1,0,-0.998,0,-0.058],"_humanoidState":5,"_cameraCFrame":[750.04,240.302,45.714,-0.058,-0.974,0.221,0,0.221,0.975,-0.998,0.056,-0.013],"_shiftlockState":true,"_pose":"FreeFall","_animationQueue":[],"_animationSpeed":1,"_zoom":12.5},{"_mousePosition":[683,384],"_rootPartCFrame":[747.136,226.885,47.636,-0.058,0,0.998,0,1,0,-0.998,0,-0.058],"_humanoidState":5,"_cameraCFrame":[749.782,240.502,45.729,-0.058,-0.974,0.221,0,0.221,0.975,-0.998,0.056,-0.013],"_shiftlockState":true,"_pose":"FreeFall","_animationQueue":[],"_animationSpeed":1,"_zoom":12.5},{"_mousePosition":[683,384],"_rootPartCFrame":[746.87,226.999,47.651,-0.058,0,0.998,0,1,0,-0.998,0,-0.058],"_humanoidState":5,"_cameraCFrame":[749.521,240.641,45.745,-0.058,-0.974,0.221,0,0.221,0.975,-0.998,0.056,-0.013],"_shiftlockState":true,"_pose":"FreeFall","_animationQueue":[],"_animationSpeed":1,"_zoom":12.5},{"_mousePosition":[683,384],"_rootPartCFrame":[746.604,227.058,47.666,-0.058,0,0.998,0,1,0,-0.998,0,-0.058],"_humanoidState":5,"_cameraCFrame":[749.235,240.721,45.761,-0.058,-0.974,0.219,0,0.219,0.976,-0.998,0.056,-0.013],"_shiftlockState":true,"_pose":"FreeFall","_animationQueue":[],"_animationSpeed":1,"_zoom":12.5},{"_mousePosition":[683,384],"_rootPartCFrame":[746.338,227.062,47.682,-0.058,0,0.998,0,1,0,-0.998,0,-0.058],"_humanoidState":5,"_cameraCFrame":[748.971,240.736,45.776,-0.058,-0.974,0.219,0,0.219,0.976,-0.998,0.056,-0.013],"_shiftlockState":true,"_pose":"FreeFall","_animationQueue":[],"_animationSpeed":1,"_zoom":12.5},{"_mousePosition":[683,384],"_rootPartCFrame":[746.072,227.012,47.697,-0.058,0,0.998,0,1,0,-0.998,0,-0.058],"_humanoidState":5,"_cameraCFrame":[748.669,240.704,45.808,-0.053,-0.975,0.215,0,0.216,0.976,-0.999,0.052,-0.011],"_shiftlockState":true,"_pose":"FreeFall","_animationQueue":[],"_animationSpeed":1,"_zoom":12.5},{"_mousePosition":[683,384],"_rootPartCFrame":[745.806,226.908,47.713,-0.053,0,0.999,0,1,0,-0.999,0,-0.053],"_humanoidState":5,"_cameraCFrame":[748.39,240.61,45.837,-0.048,-0.976,0.214,0,0.214,0.977,-0.999,0.047,-0.01],"_shiftlockState":true,"_pose":"FreeFall","_animationQueue":[],"_animationSpeed":1,"_zoom":12.5},{"_mousePosition":[683,384],"_rootPartCFrame":[745.539,226.749,47.727,-0.048,0,0.999,0,1,0,-0.999,0,-0.048],"_humanoidState":5,"_cameraCFrame":[748.105,240.459,45.859,-0.045,-0.976,0.212,0,0.212,0.977,-0.999,0.044,-0.01],"_shiftlockState":true,"_pose":"FreeFall","_animationQueue":[],"_animationSpeed":1,"_zoom":12.5},{"_mousePosition":[683,384],"_rootPartCFrame":[745.273,226.535,47.74,-0.046,0,0.999,0,1,0,-0.999,0,-0.046],"_humanoidState":5,"_cameraCFrame":[747.839,240.248,45.872,-0.045,-0.976,0.212,0,0.212,0.977,-0.999,0.044,-0.01],"_shiftlockState":true,"_pose":"FreeFall","_animationQueue":[["fall",0.3]],"_animationSpeed":1,"_zoom":12.5},{"_mousePosition":[683,384],"_rootPartCFrame":[745.007,226.267,47.752,-0.045,0,0.999,0,1,0,-0.999,0,-0.045],"_humanoidState":5,"_cameraCFrame":[747.573,239.981,45.884,-0.045,-0.