[{"_mousePosition":[608,289],"_rootPartCFrame":[776.031,222.7,47.142,-0.001,0,1,0,1,0,-1,0,-0.001],"_humanoidState":8,"_cameraCFrame":[776.448,240.096,44.371,-0.989,-0.147,0.026,0,0.174,0.985,-0.149,0.974,-0.172],"_shiftlockState":false,"_pose":"Standing","_animationQueue":[],"_animationSpeed":1,"_zoom":16.125},{"_mousePosition":[608,289],"_rootPartCFrame":[775.861,222.7,47.119,0.013,0,1,0,1,0,-1,0,0.013],"_humanoidState":8,"_cameraCFrame":[776.306,240.09,44.353,-0.987,-0.156,0.028,0,0.174,0.985,-0.159,0.972,-0.171],"_shiftlockState":false,"_pose":"Standing","_animationQueue":[],"_animationSpeed":1,"_zoom":16.125},{"_mousePosition":[608,289],"_rootPartCFrame":[775.599,222.7,47.08,0.031,0,1,0,1,0,-1,0,0.031],"_humanoidState":8,"_cameraCFrame":[776.072,240.087,44.319,-0.986,-0.166,0.029,0,0.174,0.985,-0.169,0.971,-0.171],"_shiftlockState":false,"_pose":"Running","_animationQueue":[["walk",0.1]],"_animationSpeed":1.003,"_zoom":16.125},{"_mousePosition":[608,289],"_rootPartCFrame":[775.336,222.7,47.038,0.048,0,0.999,0,1,0,-0.999,0,0.048],"_humanoidState":8,"_cameraCFrame":[775.829,240.084,44.281,-0.984,-0.174,0.031,0,0.174,0.985,-0.176,0.969,-0.171],"_shiftlockState":false,"_pose":"Running","_animationQueue":[["walk",0.1]],"_animationSpeed":1.101,"_zoom":16.125},{"_mousePosition":[608,289],"_rootPartCFrame":[775.073,222.7,46.993,0.064,0,0.998,0,1,0,-0.998,0,0.064],"_humanoidState":8,"_cameraCFrame":[775.594,240.083,44.242,-0.983,-0.183,0.032,0,0.174,0.985,-0.186,0.968,-0.171],"_shiftlockState":false,"_pose":"Running","_animationQueue":[],"_animationSpeed":1.101,"_zoom":16.125},{"_mousePosition":[608,289],"_rootPartCFrame":[774.81,222.7,46.947,0.079,0,0.997,0,1,0,-0.997,0,0.079],"_humanoidState":8,"_cameraCFrame":[775.367,240.082,44.202,-0.98,-0.196,0.034,0,0.174,0.985,-0.199,0.965,-0.17],"_shiftlockState":false,"_pose":"Running","_animationQueue":[],"_animationSpeed":1.101,"_zoom":16.125},{"_mousePosition":[608,289],"_rootPartCFrame":[774.548,222.7,46.897,0.094,0,0.996,0,1,0,-0.996,0,0.094],"_humanoidState":8,"_cameraCFrame":[775.16,240.081,44.164,-0.976,-0.215,0.038,0,0.174,0.985,-0.218,0.961,-0.169],"_shiftlockState":false,"_pose":"Running","_animationQueue":[["walk",0.1]],"_animationSpeed":1.101,"_zoom":16.125},{"_mousePosition":[608,289],"_rootPartCFrame":[774.287,222.7,46.844,0.108,0,0.994,0,1,0,-0.994,0,0.108],"_humanoidState":8,"_cameraCFrame":[774.954,240.08,44.125,-0.971,-0.235,0.041,0,0.174,0.985,-0.238,0.956,-0.169],"_shiftlockState":false,"_pose":"Running","_animationQueue":[],"_animationSpeed":1.101,"_zoom":16.125},{"_mousePosition":[608,289],"_rootPartCFrame":[774.026,222.7,46.787,0.123,0,0.992,0,1,0,-0.992,0,0.123],"_humanoidState":8,"_cameraCFrame":[774.748,240.08,44.081,-0.966,-0.254,0.045,0,0.174,0.985,-0.258,0.952,-0.168],"_shiftlockState":false,"_pose":"Running","_animationQueue":[],"_animationSpeed":1.101,"_zoom":16.125},{"_mousePosition":[608,289],"_rootPartCFrame":[773.767,222.7,46.724,0.138,0,0.99,0,1,0,-0.99,0,0.138],"_humanoidState":8,"_cameraCFrame":[774.544,240.08,44.033,-0.961,-0.273,0.048,0,0.174,0.985,-0.277,0.946,-0.167],"_shiftlockState":false,"_pose":"Running","_animationQueue":[],"_animationSpeed":1.101,"_zoom":16.125},{"_mousePosition":[608,289],"_rootPartCFrame":[773.51,222.7,46.655,0.154,0,0.988,0,1,0,-0.988,0,0.154],"_humanoidState":8,"_cameraCFrame":[774.34,240.08,43.981,-0.955,-0.292,0.052,0,0.174,0.985,-0.297,0.94,-0.166],"_shiftlockState":false,"_pose":"Running","_animationQueue":[],"_animationSpeed":1.101,"_zoom":16.125},{"_mousePosition":[608,289],"_rootPartCFrame":[773.253,222.7,46.582,0.171,0,0.985,0,1,0,-0.985,0,0.171],"_humanoidState":8,"_cameraCFrame":[774.145,240.08,43.927,-0.948,-0.313,0.055,0,0.174,0.985,-0.318,0.934,-0.165],"_shiftlockState":false,"_pose":"Running","_animationQueue":[],"_animationSpeed":1.101,"_zoom":16.125},{"_mousePosition":[608,289],"_rootPartCFrame":[772.999,222.7,46.503,0.188,0,0.982,0,1,0,-0.982,0,0.188],"_humanoidState":8,"_cameraCFrame":[773.923,240.08,43.86,-0.944,-0.325,0.057,0,0.174,0.985,-0.33,0.93,-0.164],"_shiftlockState":false,"_pose":"Running","_animationQueue":[["walk",0.1]],"_animationSpeed":1.101,"_zoom":16.125},{"_mousePosition":[608,289],"_rootPartCFrame":[772.746,222.7,46.419,0.205,0,0.979,0,1,0,-0.979,0,0.205],"_humanoidState":8,"_cameraCFrame":[773.697,240.08,43.785,-0.94,-0.335,0.059,0,0.174,0.985,-0.34,0.926,-0.163],"_shiftlockState":false,"_pose":"Running","_animationQueue":[],"_animationSpeed":1.101,"_zoom":16.125},{"_mousePosition":[608,289],"_rootPartCFrame":[772.494,222.7,46.331,0.222,0,0.975,0,1,0,-0.975,0,0.222],"_humanoidState":8,"_cameraCFrame":[773.465,240.08,43.705,-0.938,-0.342,0.06,0,0.174,0.985,-0.347,0.924,-0.163],"_shiftlockState":false,"_pose":"Running","_animationQueue":[],"_animationSpeed":1.101,"_zoom":16.125},{"_mousePosition":[608,289],"_rootPartCFrame":[772.243,222.7,46.24,0.238,0,0.971,0,1,0,-0.971,0,0.238],"_humanoidState":8,"_cameraCFrame":[773.214,240.08,43.614,-0.938,-0.342,0.06,0,0.174,0.985,-0.347,0.924,-0.163],"_shiftlockState":false,"_pose":"Running","_animationQueue":[],"_animationSpeed":1.101,"_zoom":16.125},{"_mousePosition":[608,289],"_rootPartCFrame":[771.993,222.7,46.148,0.253,0,0.967,0,1,0,-0.967,0,0.253],"_humanoidState":8,"_cameraCFrame":[772.971,240.08,43.524,-0.937,-0.344,0.061,0,0.174,0.985,-0.349,0.923,-0.163],"_shiftlockState":false,"_pose":"Running","_animationQueue":[],"_animationSpeed":1.101,"_zoom":16.125},{"_mousePosition":[608,289],"_rootPartCFrame":[771.743,222.7,46.055,0.266,0,0.964,0,1,0,-0.964,0,0.266],"_humanoidState":8,"_cameraCFrame":[772.721,240.08,43.432,-0.937,-0.344,0.061,0,0.174,0.985,-0.349,0.923,-0.163],"_shiftlockState":false,"_pose":"Running","_animationQueue":[],"_animationSpeed":1.101,"_zoom":16.125},{"_mousePosition":[608,289],"_rootPartCFrame":[771.493,222.7,45.962,0.277,0,0.961,0,1,0,-0.961,0,0.277],"_humanoidState":8,"_cameraCFrame":[772.471,240.08,43.339,-0.937,-0.344,0.061,0,0.174,0.985,-0.349,0.923,-0.163],"_shiftlockState":false,"_pose":"Running","_animationQueue":[["walk",0.1]],"_animationSpeed":1.101,"_zoom":16.125},{"_mousePosition":[608,289],"_rootPartCFrame":[771.243,222.7,45.869,0.287,0,0.958,0,1,0,-0.958,0,0.287],"_humanoidState":8,"_cameraCFrame":[772.221,240.08,43.246,-0.937,-0.344,0.061,0,0.174,0.985,-0.349,0.923,-0.163],"_shiftlockState":false,"_pose":"Running","_animationQueue":[],"_animationSpeed":1.101,"_zoom":16.125},{"_mousePosition":[608,289],"_rootPartCFrame":[770.993,222.7,45.776,0.296,0,0.955,0,1,0,-0.955,0,0.296],"_humanoidState":8,"_cameraCFrame":[771.965,240.08,43.15,-0.938,-0.342,0.06,0,0.174,0.985,-0.347,0.924,-0.163],"_shiftlockState":false,"_pose":"Running","_animationQueue":[],"_animationSpeed":1.101,"_zoom":16.125},{"_mousePosition":[608,289],"_rootPartCFrame":[770.743,222.7,45.683,0.303,0,0.953,0,1,0,-0.953,0,0.303],"_humanoidState":8,"_cameraCFrame":[771.688,240.08,43.047,-0.941,-0.332,0.059,0,0.174,0.985,-0.337,0.927,-0.163],"_shiftlockState":false,"_pose":"Running","_animationQueue":[],"_animationSpeed":1.101,"_zoom":16.125},{"_mousePosition":[608,289],"_rootPartCFrame":[770.493,222.7,45.59,0.309,0,0.951,0,1,0,-0.951,0,0.309],"_humanoidState":8,"_cameraCFrame":[771.411,240.08,42.945,-0.945,-0.323,0.057,0,0.174,0.985,-0.328,0.93,-0.164],"_shiftlockState":false,"_pose":"Running","_animationQueue":[],"_animationSpeed":1.101,"_zoom":16.125},{"_mousePosition":[608,289],"_rootPartCFrame":[770.242,222.7,45.5,0.313,0,0.95,0,1,0,-0.95,0,0.313],"_humanoidState":8,"_cameraCFrame":[769.418,240.08,42.303,-0.953,-0.297,0.052,0,0.174,0.985,-0.301,0.939,-0.166],"_shiftlockState":true,"_pose":"Running","_animationQueue":[],"_animationSpeed":1.101,"_zoom":16.125},{"_mousePosition":[683,384],"_rootPartCFrame":[769.927,222.7,45.39,-0.978,0,0.209,0,1,0,-0.209,0,-0.978],"_humanoidState":8,"_cameraCFrame":[769.103,240.08,42.193,-0.953,-0.297,0.052,0,0.174,0.985,-0.301,0.939,-0.166],"_shiftlockState":true,"_pose":"Running","_animationQueue":[],"_animationSpeed":1.101,"_zoom":16.125},{"_mousePosition":[683,384],"_rootPartCFrame":[769.675,223.563,45.303,-0.978,0,0.207,0,1,0,-0.207,0,-0.978],"_humanoidState":3,"_cameraCFrame":[768.778,240.943,42.125,-0.96,-0.275,0.049,0,0.174,0.985,-0.28,0.946,-0.167],"_shiftlockState":true,"_pose":"Jumping","_animationQueue":[["walk",0.1],["walk",0.1],["jump",0.1]],"_animationSpeed":1,"_zoom":16.125},{"_mousePosition":[683,384],"_rootPartCFrame":[769.421,224.371,45.222,-0.941,0,0.338,0,1,0,-0.338,0,-0.941],"_humanoidState":5,"_cameraCFrame":[768.46,241.751,42.063,-0.966,-0.256,0.045,0,0.174,0.985,-0.26,0.951,-0.168],"_shiftlockState":true,"_pose":"FreeFall","_animationQueue":[["jump",0.1]],"_animationSpeed":1,"_zoom":16.125},{"_mousePosition":[683,384],"_rootPartCFrame":[769.166,225.125,45.146,-0.926,0,0.379,0,1,0,-0.379,0,-0.926],"_humanoidState":5,"_cameraCFrame":[768.157,242.505,42.002,-0.969,-0.242,0.043,0,0.174,0.985,-0.246,0.955,-0.168],"_shiftlockState":true,"_pose":"FreeFall","_animationQueue":[],"_animationSpeed":1,"_zoom":16.125},{"_mousePosition":[683,384],"_rootPartCFrame":[768.908,225.824,45.076,-0.929,0,0.371,0,1,0,-0.371,0,-0.929],"_humanoidState":5,"_cameraCFrame":[767.876,243.204,41.94,-0.971,-0.235,0.041,0,0.174,0.985,-0.238,0.956,-0.169],"_shiftlockState":true,"_pose":"FreeFall","_animationQueue":[],"_animationSpeed":1,"_zoom":16.125},{"_mousePosition":[683,384],"_rootPartCFrame":[768.715,226.313,45.026,-0.943,0,0.334,0,1,0,-0.334,0,-0.943],"_humanoidState":5,"_cameraCFrame":[767.682,243.693,41.89,-0.971,-0.235,0.041,0,0.174,0.985,-0.238,0.956,-0.169],"_shiftlockState":true,"_pose":"FreeFall","_animationQueue":[],"_animationSpeed":1,"_zoom":16.125},{"_mousePosition":[683,384],"_rootPartCFrame":[768.391,227.06,44.947,-0.918,0,0.396,0,1,0,-0.396,0,-0.918],"_humanoidState":5,"_cameraCFrame":[767.358,244.44,41.81,-0.971,-0.235,0.041,0,0.174,0.985,-0.238,0.956,-0.169],"_shiftlockState":true,"_pose":"FreeFall","_animationQueue":[],"_animationSpeed":1,"_zoom":16.125},{"_mousePosition":[683,384],"_rootPartCFrame":[768.132,227.595,44.883,-0.931,0,0.365,0,1,0,-0.365,0,-0.931],"_humanoidState":5,"_cameraCFrame":[767.099,244.975,41.747,-0.971,-0.235,0.041,0,0.174,0.985,-0.238,0.956,-0.169],"_shiftlockState":true,"_pose":"FreeFall","_animationQueue":[],"_animationSpeed":1,"_zoom":16.125},{"_mousePosition":[683,384],"_rootPartCFrame":[767.938,227.962,44.835,-0.943,0,0.334,0,1,0,-0.334,0,-0.943],"_humanoidState":5,"_cameraCFrame":[766.905,245.342,41.699,-0.971,-0.235,0.041,0,0.174,0.985,-0.238,0.956,-0.169],"_shiftlockState":true,"_pose":"FreeFall","_animationQueue":[],"_animationSpeed":1,"_zoom":16.125},{"_mousePosition":[683,384],"_rootPartCFrame":[767.614,228.504,44.756,-0.918,0,0.396,0,1,0,-0.396,0,-0.918],"_humanoidState":5,"_cameraCFrame":[766.581,245.884,41.62,-0.971,-0.235,0.041,0,0.174,0.985,-0.238,0.956,-0.169],"_shiftlockState":true,"_pose":"FreeFall","_animationQueue":[],"_animationSpeed":1,"_zoom":16.125},{"_mousePosition":[683,384],"_rootPartCFrame":[767.355,228.876,44.693,-0.931,0,0.365,0,1,0,-0.365,0,-0.931],"_humanoidState":5,"_cameraCFrame":[766.322,246.256,41.556,-0.971,-0.235,0.041,0,0.174,0.985,-0.238,0.956,-0.169],"_shiftlockState":true,"_pose":"FreeFall","_animationQueue":[],"_animationSpeed":1,"_zoom":16.125},{"_mousePosition":[683,384],"_rootPartCFrame":[767.161,229.12,44.645,-0.943,0,0.334,0,1,0,-0.334,0,-0.943],"_humanoidState":5,"_cameraCFrame":[766.128,246.5,41.509,-0.971,-0.235,0.041,0,0.174,0.985,-0.238,0.956,-0.169],"_shiftlockState":true,"_pose":"FreeFall","_animationQueue":[],"_animationSpeed":1,"_zoom":16.125},{"_mousePosition":[683,384],"_rootPartCFrame":[766.837,229.457,44.566,-0.918,0,0.396,0,1,0,-0.396,0,-0.918],"_humanoidState":5,"_cameraCFrame":[765.804,246.837,41.429,-0.971,-0.235,0.041,0,0.174,0.985,-0.238,0.956,-0.169],"_shiftlockState":true,"_pose":"FreeFall","_animationQueue":[],"_animationSpeed":1,"_zoom":16.125},{"_mousePosition":[683,384],"_rootPartCFrame":[766.578,229.666,44.502,-0.931,0,0.365,0,1,0,-0.365,0,-0.931],"_humanoidState":5,"_cameraCFrame":[765.545,247.046,41.366,-0.971,-0.235,0.041,0,0.174,0.985,-0.238,0.956,-0.169],"_shiftlockState":true,"_pose":"FreeFall","_animationQueue":[],"_animationSpeed":1,"_zoom":16.125},{"_mousePosition":[683,384],"_rootPartCFrame":[766.383,229.787,44.454,-0.943,0,0.334,0,1,0,-0.334,0,-0.943],"_humanoidState":5,"_cameraCFrame":[765.351,247.167,41.318,-0.971,-0.235,0.041,0,0.174,0.985,-0.238,0.956,-0.169],"_shiftlockState":true,"_pose":"FreeFall","_animationQueue":[],"_animationSpeed":1,"_zoom":16.125},{"_mousePosition":[683,384],"_rootPartCFrame":[766.06,229.921,44.375,-0.918,0,0.396,0,1,0,-0.396,0,-0.918],"_humanoidState":5,"_cameraCFrame":[765.027,247.301,41.239,-0.971,-0.235,0.041,0,0.174,0.985,-0.238,0.956,-0.169],"_shiftlockState":true,"_pose":"FreeFall","_animationQueue":[],"_animationSpeed":1,"_zoom":16.125},{"_mousePosition":[683,384],"_rootPartCFrame":[765.801,229.966,44.311,-0.931,0,0.365,0,1,0,-0.365,0,-0.931],"_humanoidState":5,"_cameraCFrame":[764.768,247.346,41.175,-0.971,-0.235,0.041,0,0.174,0.985,-0.238,0.956,-0.169],"_shiftlockState":true,"_pose":"FreeFall","_animationQueue":[],"_animationSpeed":1,"_zoom":16.125},{"_mousePosition":[683,384],"_rootPartCFrame":[765.542,229.957,44.248,-0.931,0,0.365,0,1,0,-0.365,0,-0.931],"_humanoidState":5,"_cameraCFrame":[764.509,247.337,41.112,-0.971,-0.235,0.041,0,0.174,0.985,-0.238,0.956,-0.169],"_shiftlockState":true,"_pose":"FreeFall","_animationQueue":[],"_animationSpeed":1,"_zoom":16.125},{"_mousePosition":[683,384],"_rootPartCFrame":[765.283,229.893,44.184,-0.931,0,0.365,0,1,0,-0.365,0,-0.931],"_humanoidState":5,"_cameraCFrame":[764.25,247.273,41.048,-0.971,-0.235,0.041,0,0.174,0.985,-0.238,0.956,-0.169],"_shiftlockState":true,"_pose":"FreeFall","_animationQueue":[],"_animationSpeed":1,"_zoom":16.125},{"_mousePosition":[683,384],"_rootPartCFrame":[765.023,229.775,44.121,-0.931,0,0.365,0,1,0,-0.365,0,-0.931],"_humanoidState":5,"_cameraCFrame":[763.991,247.155,40.985,-0.971,-0.235,0.041,0,0.174,0.985,-0.238,0.956,-0.169],"_shiftlockState":true,"_pose":"FreeFall","_animationQueue":[],"_animationSpeed":1,"_zoom":16.125},{"_mousePosition":[683,384],"_rootPartCFrame":[764.829,229.651,44.073,-0.943,0,0.334,0,1,0,-0.334,0,-0.943],"_humanoidState":5,"_cameraCFrame":[763.788,247.031,40.94,-0.972,-0.232,0.041,0,0.174,0.985,-0.236,0.957,-0.169],"_shiftlockState":true,"_pose":"FreeFall","_animationQueue":[],"_animationSpeed":1,"_zoom":16.125},{"_mousePosition":[683,384],"_rootPartCFrame":[764.505,229.375,43.994,-0.919,0,0.394,0,1,0,-0.394,0,-0.919],"_humanoidState":5,"_cameraCFrame":[763.465,246.755,40.86,-0.972,-0.232,0.041,0,0.174,0.985,-0.236,0.957,-0.169],"_shiftlockState":true,"_pose":"FreeFall","_animationQueue":[["fall",0.3]],"_animationSpeed":1,"_zoom":16.125},{"_mousePosition":[683,384],"_rootPartCFrame":[764.246,229.094,43.931,-0.932,0,0.363,0,1,0,-0.363,0,-0.932],"_humanoidState":5,"_cameraCFrame":[763.206,246.474,40.797,-0.972,-0.232,0.041,0,0.174,0.985,-0.236,0.957,-0.169],"_shiftlockState":true,"_pose":"FreeFall","_animationQueue":[],"_animationSpeed":1,"_zoom":16.125},{"_mousePosition":[683,384],"_rootPartCFrame":[764.052,228.847,43.884,-0.943,0,0.331,0,1,0,-0.331,0,-0.943],"_humanoidState":5,"_cameraCFrame":[763.003,246.227,40.753,-0.972,-0.23,0.04,0,0.174,0.985,-0.233,0.958,-0.169],"_shiftlockState":true,"_pose":"FreeFall","_animationQueue":[],"_animationSpeed":1,"_zoom":16.125},{"_mousePosition":[683,384],"_rootPartCFrame":[763.728,228.367,43.805,-0.92,0,0.391,0,1,0,-0.391,0,-0.92],"_humanoidState":5,"_cameraCFrame":[762.68,245.747,40.674,-0.972,-0.23,0.04,0,0.174,0.985,-0.233,0.958,-0.169],"_shiftlockState":true,"_pose":"FreeFall","_animationQueue":[],"_animationSpeed":1,"_zoom":16.125},{"_mousePosition":[683,384],"_rootPartCFrame":[763.469,227.922,43.743,-0.933,0,0.36,0,1,0,-0.36,0,-0.933],"_humanoidState":5,"_cameraCFrame":[762.412,245.302,40.615,-0.973,-0.227,0.04,0,0.174,0.985,-0.231,0.958,-0.169],"_shiftlockState":true,"_pose":"FreeFall","_animationQueue":[],"_animationSpeed":1,"_zoom":16.125},{"_mousePosition":[683,384],"_rootPartCFrame":[763.21,227.422,43.681,-0.934,0,0.358,0,1,0,-0.358,0,-0.934],"_humanoidState":5,"_cameraCFrame":[762.145,244.802,40.555,-0.974,-0.225,0.04,0,0.174,0.985,-0.228,0.959,-0.169],"_shiftlockState":true,"_pose":"FreeFall","_animationQueue":[],"_animationSpeed":1,"_zoom":16.125},{"_mousePosition":[683,384],"_rootPartCFrame":[762.95,226.868,43.619,-0.935,0,0.356,0,1,0,-0.356,0,-0.935],"_humanoidState":5,"_cameraCFrame":[761.87,244.248,40.499,-0.975,-0.22,0.039,0,0.174,0.985,-0.223,0.96,-0.169],"_shiftlockState":true,"_pose":"FreeFall","_animationQueue":[["fall",0.3]],"_animationSpeed":1,"_zoom":16.125},{"_mousePosition":[683,384],"_rootPartCFrame":[762.691,226.26,43.558,-0.936,0,0.351,0,1,0,-0.351,0,-0.936],"_humanoidState":5,"_cameraCFrame":[761.602,243.64,40.441,-0.975,-0.218,0.038,0,0.174,0.985,-0.221,0.96,-0.169],"_shiftlockState":true,"_pose":"FreeFall","_animationQueue":[],"_animationSpeed":1,"_zoom":16.125},{"_mousePosition":[683,384],"_rootPartCFrame":[762.431,225.597,43.498,-0.937,0,0.349,0,1,0,-0.349,0,-0.937],"_humanoidState":5,"_cameraCFrame":[761.327,242.977,40.387,-0.976,-0.213,0.038,0,0.174,0.985,-0.216,0.962,-0.17],"_shiftlockState":true,"_pose":"FreeFall","_animationQueue":[],"_animationSpeed":1,"_zoom":16.125},{"_mousePosition":[683,384],"_rootPartCFrame":[762.171,224.879,43.439,-0.939,0,0.344,0,1,0,-0.344,0,-0.939],"_humanoidState":5,"_cameraCFrame":[761.051,242.259,40.333,-0.977,-0.208,0.037,0,0.174,0.985,-0.211,0.963,-0.17],"_shiftlockState":true,"_pose":"FreeFall","_animationQueue":[],"_animationSpeed":1,"_zoom":16.125},{"_mousePosition":[683,384],"_rootPartCFrame":[761.911,224.107,43.382,-0.941,0,0.339,0,1,0,-0.339,0,-0.941],"_humanoidState":5,"_cameraCFrame":[760.767,241.487,40.284,-0.979,-0.2,0.035,0,0.174,0.985,-0.204,0.964,-0.17],"_shiftlockState":true,"_pose":"FreeFall","_animationQueue":[],"_animationSpeed":1,"_zoom":16.125},{"_mousePosition":[683,384],"_rootPartCFrame":[761.65,223.28,43.325,-0.943,0,0.332,0,1,0,-0.332,0,-0.943],"_humanoidState":5,"_cameraCFrame":[760.491,240.66,40.233,-0.98,-0.196,0.034,0,0.174,0.985,-0.199,0.965,-0.17],"_shiftlockState":true,"_pose":"FreeFall","_animationQueue":[],"_animationSpeed":1,"_zoom":16.125},{"_mousePosition":[683,384],"_rootPartCFrame":[761.389,222.507,43.271,-0.973,0,0.233,0,1,0,-0.233,0,-0.973],"_humanoidState":7,"_cameraCFrame":[760.23,239.887,40.179,-0.98,-0.196,0.034,0,0.174,0.985,-0.199,0.965,-0.17],"_shiftlockState":true,"_pose":"FreeFall","_animationQueue":[["fall",0.3],["walk",0.1],["fall",0.3],["fall",0.3]],"_animationSpeed":1,"_zoom":16.125},{"_mousePosition":[683,384],"_rootPartCFrame":[761.128,222.453,43.217,-0.98,0,0.201,0,1,0,-0.201,0,-0.98],"_humanoidState":7,"_cameraCFrame":[759.969,239.833,40.126,-0.98,-0.196,0.034,0,0.174,0.985,-0.199,0.965,-0.17],"_shiftlockState":true,"_pose":"FreeFall","_animationQueue":[],"_animationSpeed":1,"_zoom":16.125},{"_mousePosition":[683,384],"_rootPartCFrame":[760.932,222.516,43.178,-0.98,0,0.199,0,1,0,-0.199,0,-0.98],"_humanoidState":7,"_cameraCFrame":[759.765,239.896,40.089,-0.981,-0.193,0.034,0,0.174,0.985,-0.196,0.966,-0.17],"_shiftlockState":true,"_pose":"FreeFall","_animationQueue":[],"_animationSpeed":1,"_zoom":16.125},{"_mousePosition":[683,384],"_rootPartCFrame":[760.605,222.599,43.111,-0.981,0,0.196,0,1,0,-0.196,0,-0.981],"_humanoidState":8,"_cameraCFrame":[759.438,239.979,40.023,-0.981,-0.193,0.034,0,0.174,0.985,-0.196,0.966,-0.17],"_shiftlockState":true,"_pose":"Running","_animationQueue":[["walk",0.1],["fall",0.3],["walk",0.1]],"_animationSpeed":1.103,"_zoom":16.125},{"_mousePosition":[683,384],"_rootPartCFrame":[760.344,222.636,43.059,-0.981,0,0.196,0,1,0,-0.196,0,-0.981],"_humanoidState":8,"_cameraCFrame":[759.177,240.016,39.97,-0.981,-0.193,0.034,0,0.174,0.985,-0.196,0.966,-0.17],"_shiftlockState":true,"_pose":"Running","_animationQueue":[],"_animationSpeed":1.103,"_zoom":16.125},{"_mousePosition":[683,384],"_rootPartCFrame":[760.082,222.657,43.007,-0.981,0,0.196,0,1,0,-0.196,0,-0.981],"_humanoidState":8,"_cameraCFrame":[758.915,240.037,39.918,-0.981,-0.193,0.034,0,0.174,0.985,-0.196,0.966,-0.17],"_shiftlockState":true,"_pose":"Running","_animationQueue":[],"_animationSpeed":1.103,"_zoom":16.125},{"_mousePosition":[683,384],"_rootPartCFrame":[759.821,222.668,42.955,-0.981,0,0.196,0,1,0,-0.196,0,-0.981],"_humanoidState":8,"_cameraCFrame":[758.654,240.048,39.866,-0.981,-0.193,0.034,0,0.174,0.985,-0.196,0.966,-0.17],"_shiftlockState":true,"_pose":"Running","_animationQueue":[],"_animationSpeed":1.103,"_zoom":16.125},{"_mousePosition":[683,384],"_rootPartCFrame":[759.559,222.674,42.902,-0.981,0,0.196,0,1,0,-0.196,0,-0.981],"_humanoidState":8,"_cameraCFrame":[758.4,240.054,39.81,-0.98,-0.196,0.034,0,0.174,0.985,-0.199,0.965,-0.17],"_shiftlockState":true,"_pose":"Running","_animationQueue":[["walk",0.1]],"_animationSpeed":1.103,"_zoom":16.125},{"_mousePosition":[683,384],"_rootPartCFrame":[759.298,222.677,42.85,-0.98,0,0.199,0,1,0,-0.199,0,-0.98],"_humanoidState":8,"_cameraCFrame":[758.194,240.057,39.738,-0.976,-0.213,0.038,0,0.174,0.985,-0.216,0.962,-0.17],"_shiftlockState":true,"_pose":"Running","_animationQueue":[],"_animationSpeed":1.103,"_zoom":16.125},{"_mousePosition":[683,384],"_rootPartCFrame":[758.971,222.679,42.784,-0.976,0,0.216,0,1,0,-0.216,0,-0.976],"_humanoidState":8,"_cameraCFrame":[757.97,240.059,39.637,-0.969,-0.244,0.043,0,0.174,0.985,-0.248,0.954,-0.168],"_shiftlockState":true,"_pose":"Running","_animationQueue":[],"_animationSpeed":1.103,"_zoom":16.125},{"_mousePosition":[683,384],"_rootPartCFrame":[758.775,222.68,42.741,-0.969,0,0.248,0,1,0,-0.248,0,-0.969],"_humanoidState":8,"_cameraCFrame":[757.911,240.06,39.555,-0.957,-0.285,0.05,0,0.174,0.985,-0.289,0.943,-0.166],"_shiftlockState":true,"_pose":"Running","_animationQueue":[],"_animationSpeed":1.103,"_zoom":16.125},{"_mousePosition":[683,384],"_rootPartCFrame":[758.517,222.681,42.676,-0.957,0,0.289,0,1,0,-0.289,0,-0.957],"_humanoidState":8,"_cameraCFrame":[757.814,240.061,39.45,-0.941,-0.332,0.059,0,0.174,0.985,-0.337,0.927,-0.163],"_shiftlockState":true,"_pose":"Running","_animationQueue":[],"_animationSpeed":1.103,"_zoom":16.125},{"_mousePosition":[683,384],"_rootPartCFrame":[758.197,222.681,42.582,-0.941,0,0.337,0,1,0,-0.337,0,-0.941],"_humanoidState":8,"_cameraCFrame":[757.651,240.061,39.325,-0.924,-0.377,0.066,0,0.174,0.985,-0.382,0.91,-0.16],"_shiftlockState":true,"_pose":"Running","_animationQueue":[],"_animationSpeed":1.103,"_zoom":16.125},{"_mousePosition":[683,384],"_rootPartCFrame":[758.008,222.681,42.516,-0.924,0,0.382,0,1,0,-0.382,0,-0.924],"_humanoidState":8,"_cameraCFrame":[757.594,240.061,39.24,-0.908,-0.413,0.073,0,0.174,0.985,-0.419,0.894,-0.158],"_shiftlockState":true,"_pose":"Running","_animationQueue":[],"_animationSpeed":1.103,"_zoom":16.125},{"_mousePosition":[683,384],"_rootPartCFrame":[757.7,222.681,42.39,-0.908,0,0.419,0,1,0,-0.419,0,-0.908],"_humanoidState":8,"_cameraCFrame":[757.343,240.061,39.108,-0.9,-0.429,0.076,0,0.174,0.985,-0.435,0.887,-0.156],"_shiftlockState":true,"_pose":"Running","_animationQueue":[["walk",0.1]],"_animationSpeed":1.103,"_zoom":16.125},{"_mousePosition":[683,384],"_rootPartCFrame":[757.457,222.681,42.28,-0.9,0,0.435,0,1,0,-0.435,0,-0.9],"_humanoidState":8,"_cameraCFrame":[757.109,240.061,38.996,-0.899,-0.431,0.076,0,0.174,0.985,-0.438,0.885,-0.156],"_shiftlockState":true,"_pose":"Running","_animationQueue":[],"_animationSpeed":1.103,"_zoom":16.125},{"_mousePosition":[683,384],"_rootPartCFrame":[757.216,222.681,42.165,-0.899,0,0.438,0,1,0,-0.438,0,-0.899],"_humanoidState":8,"_cameraCFrame":[756.819,240.061,38.887,-0.906,-0.418,0.074,0,0.174,0.985,-0.424,0.892,-0.157],"_shiftlockState":true,"_pose":"Running","_animationQueue":[],"_animationSpeed":1.103,"_zoom":16.125},{"_mousePosition":[683,384],"_rootPartCFrame":[756.977,222.681,42.048,-0.906,0,0.424,0,1,0,-0.424,0,-0.906],"_humanoidState":8,"_cameraCFrame":[756.504,240.061,38.78,-0.915,-0.397,0.07,0,0.174,0.985,-0.403,0.901,-0.159],"_shiftlockState":true,"_pose":"Running","_animationQueue":[],"_animationSpeed":1.103,"_zoom":16.125},{"_mousePosition":[683,384],"_rootPartCFrame":[756.735,222.681,41.934,-0.915,0,0.403,0,1,0,-0.403,0,-0.915],"_humanoidState":8,"_cameraCFrame":[756.189,240.061,38.678,-0.924,-0.377,0.066,0,0.174,0.985,-0.382,0.91,-0.16],"_shiftlockState":true,"_pose":"Running","_animationQueue":[],"_animationSpeed":1.103,"_zoom":16.125},{"_mousePosition":[683,384],"_rootPartCFrame":[756.494,223.544,41.821,-0.924,0,0.382,0,1,0,-0.382,0,-0.924],"_humanoidState":3,"_cameraCFrame":[755.857,240.924,38.581,-0.934,-0.351,0.062,0,0.174,0.985,-0.356,0.92,-0.162],"_shiftlockState":true,"_pose":"Jumping","_animationQueue":[["walk",0.1],["jump",0.1]],"_animationSpeed":1,"_zoom":16.125},{"_mousePosition":[683,384],"_rootPartCFrame":[756.248,224.352,41.718,-0.898,0,0.441,0,1,0,-0.441,0,-0.898],"_humanoidState":5,"_cameraCFrame":[755.529,241.732,38.495,-0.943,-0.328,0.058,0,0.174,0.985,-0.333,0.929,-0.164],"_shiftlockState":true,"_pose":"FreeFall","_animationQueue":[["jump",0.1]],"_animationSpeed":1,"_zoom":16.125},{"_mousePosition":[683,384],"_rootPartCFrame":[756,225.106,41.622,-0.893,0,0.451,0,1,0,-0.451,0,-0.893],"_humanoidState":5,"_cameraCFrame":[755.216,242.486,38.414,-0.95,-0.309,0.054,0,0.174,0.985,-0.314,0.935,-0.165],"_shiftlockState":true,"_pose":"FreeFall","_animationQueue":[],"_animationSpeed":1,"_zoom":16.125},{"_mousePosition":[683,384],"_rootPartCFrame":[755.748,225.806,41.532,-0.9,0,0.436,0,1,0,-0.436,0,-0.9],"_humanoidState":5,"_cameraCFrame":[754.916,243.186,38.337,-0.954,-0.295,0.052,0,0.174,0.985,-0.299,0.94,-0.166],"_shiftlockState":true,"_pose":"FreeFall","_animationQueue":[],"_animationSpeed":1,"_zoom":16.125},{"_mousePosition":[683,384],"_rootPartCFrame":[755.559,226.294,41.468,-0.92,0,0.393,0,1,0,-0.393,0,-0.92],"_humanoidState":5,"_cameraCFrame":[754.678,243.674,38.286,-0.959,-0.28,0.049,0,0.174,0.985,-0.285,0.944,-0.166],"_shiftlockState":true,"_pose":"FreeFall","_animationQueue":[],"_animationSpeed":1,"_zoom":16.125},{"_mousePosition":[683,384],"_rootPartCFrame":[755.241,227.041,41.368,-0.898,0,0.44,0,1,0,-0.44,0,-0.898],"_humanoidState":5,"_cameraCFrame":[754.296,244.421,38.204,-0.964,-0.261,0.046,0,0.174,0.985,-0.265,0.95,-0.167],"_shiftlockState":true,"_pose":"FreeFall","_animationQueue":[],"_animationSpeed":1,"_zoom":16.125},{"_mousePosition":[683,384],"_rootPartCFrame":[754.985,227.577,41.292,-0.92,0,0.391,0,1,0,-0.391,0,-0.92],"_humanoidState":5,"_cameraCFrame":[753.969,244.957,38.15,-0.97,-0.239,0.042,0,0.174,0.985,-0.243,0.955,-0.168],"_shiftlockState":true,"_pose":"FreeFall","_animationQueue":[],"_animationSpeed":1,"_zoom":16.125},{"_mousePosition":[683,384],"_rootPartCFrame":[754.729,228.058,41.22,-0.929,0,0.37,0,1,0,-0.37,0,-0.929],"_humanoidState":5,"_cameraCFrame":[753.632,245.438,38.105,-0.976,-0.215,0.038,0,0.174,0.985,-0.218,0.961,-0.169],"_shiftlockState":true,"_pose":"FreeFall","_animationQueue":[],"_animationSpeed":1,"_zoom":16.125},{"_mousePosition":[683,384],"_rootPartCFrame":[754.47,228.485,41.154,-0.938,0,0.346,0,1,0,-0.346,0,-0.938],"_humanoidState":5,"_cameraCFrame":[753.249,245.865,38.087,-0.984,-0.176,0.031,0,0.174,0.985,-0.179,0.969,-0.171],"_shiftlockState":true,"_pose":"FreeFall","_animationQueue":[],"_animationSpeed":1,"_zoom":16.125},{"_mousePosition":[683,384],"_rootPartCFrame":[754.21,228.858,41.095,-0.951,0,0.308,0,1,0,-0.308,0,-0.951],"_humanoidState":5,"_cameraCFrame":[752.904,246.238,38.063,-0.988,-0.149,0.026,0,0.174,0.985,-0.151,0.973,-0.172],"_shiftlockState":true,"_pose":"FreeFall","_animationQueue":[],"_animationSpeed":1,"_zoom":16.125},{"_mousePosition":[683,384],"_rootPartCFrame":[753.948,229.175,41.046,-0.96,0,0.281,0,1,0,-0.281,0,-0.96],"_humanoidState":5,"_cameraCFrame":[752.558,246.555,38.051,-0.992,-0.122,0.021,0,0.174,0.985,-0.124,0.977,-0.172],"_shiftlockState":true,"_pose":"FreeFall","_animationQueue":[],"_animationSpeed":1,"_zoom":16.125},{"_mousePosition":[683,384],"_rootPartCFrame":[753.685,229.439,41.005,-0.967,0,0.254,0,1,0,-0.254,0,-0.967],"_humanoidState":5,"_cameraCFrame":[752.204,246.819,38.053,-0.996,-0.092,0.016,0,0.174,0.985,-0.094,0.98,-0.173],"_shiftlockState":true,"_pose":"FreeFall","_animationQueue":[],"_animationSpeed":1,"_zoom":16.125},{"_mousePosition":[683,384],"_rootPartCFrame":[753.42,229.648,40.97,-0.974,0,0.225,0,1,0,-0.225,0,-0.974],"_humanoidState":5,"_cameraCFrame":[751.844,247.028,38.069,-0.998,-0.06,0.011,0,0.174,0.985,-0.061,0.983,-0.173],"_shiftlockState":true,"_pose":"FreeFall","_animationQueue":[],"_animationSpeed":1,"_zoom":16.125},{"_mousePosition":[683,384],"_rootPartCFrame":[753.221,229.769,40.951,-0.987,0,0.16,0,1,0,-0.16,0,-0.987],"_humanoidState":5,"_cameraCFrame":[751.564,247.149,38.094,-0.999,-0.032,0.006,0,0.174,0.985,-0.033,0.984,-0.174],"_shiftlockState":true,"_pose":"FreeFall","_animationQueue":[],"_animationSpeed":1,"_zoom":16.125},{"_mousePosition":[683,384],"_rootPartCFrame":[752.889,229.902,40.929,-0.98,0,0.198,0,1,0,-0.198,0,-0.98],"_humanoidState":5,"_cameraCFrame":[751.167,247.282,38.111,-1,-0.01,0.002,0,0.174,0.985,-0.01,0.985,-0.174],"_shiftlockState":true,"_pose":"FreeFall","_animationQueue":[],"_animationSpeed":1,"_zoom":16.125},{"_mousePosition":[683,384],"_rootPartCFrame":[752.689,229.941,40.921,-0.994,0,0.11,0,1,0,-0.11,0,-0.994],"_humanoidState":5,"_cameraCFrame":[750.897,247.321,38.148,-1,0.015,-0.003,0,0.174,0.985,0.015,0.985,-0.174],"_shiftlockState":true,"_pose":"FreeFall","_animationQueue":[],"_animationSpeed":1,"_zoom":16.125},{"_mousePosition":[683,384],"_rootPartCFrame":[752.356,229.938,40.917,-0.989,0,0.151,0,1,0,-0.151,0,-0.989],"_humanoidState":5,"_cameraCFrame":[750.48,247.318,38.199,-0.999,0.045,-0.008,0,0.174,0.985,0.046,0.984,-0.173],"_shiftlockState":true,"_pose":"FreeFall","_animationQueue":[["fall",0.3]],"_animationSpeed":1,"_zoom":16.125},{"_mousePosition":[683,384],"_rootPartCFrame":[752.089,229.875,40.92,-0.996,0,0.088,0,1,0,-0.088,0,-0.996],"_humanoidState":5,"_cameraCFrame":[750.118,247.255,38.271,-0.997,0.08,-0.014,0,0.174,0.985,0.081,0.982,-0.173],"_shiftlockState":true,"_pose":"FreeFall","_animationQueue":[],"_animationSpeed":1,"_zoom":16.125},{"_mousePosition":[683,384],"_rootPartCFrame":[751.823,229.757,40.931,-0.999,0,0.052,0,1,0,-0.052,0,-0.999],"_humanoidState":5,"_cameraCFrame":[749.759,247.137,38.353,-0.993,0.114,-0.02,0,0.174,0.985,0.116,0.978,-0.172],"_shiftlockState":true,"_pose":"FreeFall","_animationQueue":[],"_animationSpeed":1,"_zoom":16.125},{"_mousePosition":[683,384],"_rootPartCFrame":[751.557,229.584,40.951,-1,0,0.017,0,1,0,-0.017,0,-1],"_humanoidState":5,"_cameraCFrame":[749.353,246.964,38.492,-0.985,0.169,-0.03,0,0.174,0.985,0.171,0.97,-0.171],"_shiftlockState":true,"_pose":"FreeFall","_animationQueue":[],"_animationSpeed":1,"_zoom":16.125},{"_mousePosition":[683,384],"_rootPartCFrame":[751.292,229.357,40.981,-0.999,0,-0.039,0,1,0,0.039,0,-0.999],"_humanoidState":5,"_cameraCFrame":[748.978,246.737,38.624,-0.976,0.213,-0.037,0,0.174,0.985,0.216,0.962,-0.17],"_shiftlockState":true,"_pose":"FreeFall","_animationQueue":[],"_animationSpeed":1,"_zoom":16.125},{"_mousePosition":[683,384],"_rootPartCFrame":[751.029,229.075,41.024,-0.996,0,-0.084,0,1,0,0.084,0,-0.996],"_humanoidState":5,"_cameraCFrame":[748.599,246.455,38.788,-0.964,0.261,-0.046,0,0.174,0.985,0.265,0.95,-0.167],"_shiftlockState":true,"_pose":"FreeFall","_animationQueue":[],"_animationSpeed":1,"_zoom":16.125},{"_mousePosition":[683,384],"_rootPartCFrame":[750.768,228.739,41.08,-0.991,0,-0.135,0,1,0,0.135,0,-0.991],"_humanoidState":5,"_cameraCFrame":[748.223,246.119,38.976,-0.949,0.311,-0.055,0,0.174,0.985,0.316,0.934,-0.165],"_shiftlockState":true,"_pose":"FreeFall","_animationQueue":[],"_animationSpeed":1,"_zoom":16.125},{"_mousePosition":[683,384],"_rootPartCFrame":[750.51,228.349,41.149,-0.982,0,-0.187,0,1,0,0.187,0,-0.982],"_humanoidState":5,"_cameraCFrame":[747.852,245.729,39.19,-0.93,0.363,-0.064,0,0.174,0.985,0.368,0.916,-0.161],"_shiftlockState":true,"_pose":"FreeFall","_animationQueue":[["fall",0.3]],"_animationSpeed":1,"_zoom":16.125},{"_mousePosition":[683,384],"_rootPartCFrame":[750.257,227.903,41.231,-0.97,0,-0.241,0,1,0,0.241,0,-0.97],"_humanoidState":5,"_cameraCFrame":[747.508,245.283,39.402,-0.911,0.406,-0.072,0,0.174,0.985,0.412,0.897,-0.158],"_shiftlockState":true,"_pose":"FreeFall","_animationQueue":[],"_animationSpeed":1,"_zoom":16.125},{"_mousePosition":[683,384],"_rootPartCFrame":[750.008,227.404,41.327,-0.958,0,-0.288,0,1,0,0.288,0,-0.958],"_humanoidState":5,"_cameraCFrame":[747.183,244.784,39.618,-0.892,0.444,-0.078,0,0.174,0.985,0.451,0.879,-0.155],"_shiftlockState":true,"_pose":"FreeFall","_animationQueue":[],"_animationSpeed":1,"_zoom":16.125},{"_mousePosition":[683,384],"_rootPartCFrame":[749.764,226.85,41.435,-0.944,0,-0.329,0,1,0,0.329,0,-0.944],"_humanoidState":5,"_cameraCFrame":[746.88,244.23,39.827,-0.876,0.475,-0.084,0,0.174,0.985,0.483,0.863,-0.152],"_shiftlockState":true,"_pose":"FreeFall","_animationQueue":[],"_animationSpeed":1,"_zoom":16.125},{"_mousePosition":[683,384],"_rootPartCFrame":[749.526,226.241,41.554,-0.932,0,-0.362,0,1,0,0.362,0,-0.932],"_humanoidState":5,"_cameraCFrame":[746.598,243.621,40.027,-0.862,0.499,-0.088,0,0.174,0.985,0.507,0.849,-0.15],"_shiftlockState":true,"_pose":"FreeFall","_animationQueue":[],"_animationSpeed":1,"_zoom":16.125},{"_mousePosition":[683,384],"_rootPartCFrame":[749.291,225.578,41.681,-0.922,0,-0.388,0,1,0,0.388,0,-0.922],"_humanoidState":5,"_cameraCFrame":[746.33,242.958,40.221,-0.85,0.518,-0.091,0,0.174,0.985,0.526,0.837,-0.148],"_shiftlockState":true,"_pose":"FreeFall","_animationQueue":[],"_animationSpeed":1,"_zoom":16.125},{"_mousePosition":[683,384],"_rootPartCFrame":[749.061,224.86,41.815,-0.913,0,-0.409,0,1,0,0.409,0,-0.913],"_humanoidState":5,"_cameraCFrame":[746.088,242.24,40.378,-0.846,0.525,-0.093,0,0.174,0.985,0.533,0.833,-0.147],"_shiftlockState":true,"_pose":"FreeFall","_animationQueue":[["fall",0.3]],"_animationSpeed":1,"_zoom":16.125},{"_mousePosition":[683,384],"_rootPartCFrame":[748.834,224.088,41.955,-0.91,0,-0.416,0,1,0,0.416,0,-0.91],"_humanoidState":5,"_cameraCFrame":[745.857,241.468,40.525,-0.845,0.527,-0.093,0,0.174,0.985,0.535,0.832,-0.147],"_shiftlockState":true,"_pose":"FreeFall","_animationQueue":[],"_animationSpeed":1,"_zoom":16.125},{"_mousePosition":[683,384],"_rootPartCFrame":[748.664,223.473,42.061,-0.894,0,-0.448,0,1,0,0.448,0,-0.894],"_humanoidState":5,"_cameraCFrame":[745.752,240.854,40.505,-0.867,0.49,-0.086,0,0.174,0.985,0.498,0.854,-0.151],"_shiftlockState":true,"_pose":"FreeFall","_animationQueue":[],"_animationSpeed":1,"_zoom":16.125},{"_mousePosition":[683,384],"_rootPartCFrame":[748.383,222.49,42.239,-0.888,0,-0.46,0,1,0,0.46,0,-0.888],"_humanoidState":7,"_cameraCFrame":[745.527,239.87,40.581,-0.884,0.46,-0.081,0,0.174,0.985,0.467,0.871,-0.154],"_shiftlockState":true,"_pose":"FreeFall","_animationQueue":[["walk",0.1],["fall",0.3],["fall",0.3]],"_animationSpeed":1,"_zoom":16.125},{"_mousePosition":[683,384],"_rootPartCFrame":[748.21,222.426,42.34,-0.885,0,-0.465,0,1,0,0.465,0,-0.885],"_humanoidState":7,"_cameraCFrame":[745.692,239.806,40.204,-0.953,0.299,-0.053,0,0.174,0.985,0.304,0.938,-0.165],"_shiftlockState":true,"_pose":"FreeFall","_animationQueue":[],"_animationSpeed":1,"_zoom":16.125},{"_mousePosition":[683,384],"_rootPartCFrame":[747.916,222.534,42.497,-0.956,0,-0.292,0,1,0,0.292,0,-0.956],"_humanoidState":8,"_cameraCFrame":[745.826,239.914,39.94,-0.992,0.124,-0.022,0,0.174,0.985,0.126,0.977,-0.172],"_shiftlockState":true,"_pose":"Running","_animationQueue":[["walk",0.1],["fall",0.3],["walk",0.1]],"_animationSpeed":1.103,"_zoom":16.125},{"_mousePosition":[683,384],"_rootPartCFrame":[747.601,222.611,42.605,-0.994,0,-0.112,0,1,0,0.112,0,-0.994],"_humanoidState":8,"_cameraCFrame":[746.12,239.991,39.654,-0.996,-0.092,0.016,0,0.174,0.985,-0.094,0.98,-0.173],"_shiftlockState":true,"_pose":"Running","_animationQueue":[],"_animationSpeed":1.103,"_zoom":16.125},{"_mousePosition":[683,384],"_rootPartCFrame":[747.404,222.636,42.637,-0.995,0,0.103,0,1,0,-0.103,0,-0.995],"_humanoidState":8,"_cameraCFrame":[746.628,240.016,39.427,-0.949,-0.311,0.055,0,0.174,0.985,-0.316,0.934,-0.165],"_shiftlockState":true,"_pose":"Running","_animationQueue":[["walk",0.1]],"_animationSpeed":1.103,"_zoom":16.125},{"_mousePosition":[683,384],"_rootPartCFrame":[747.072,222.66,42.615,-0.943,0,0.333,0,1,0,-0.333,0,-0.943],"_humanoidState":8,"_cameraCFrame":[746.983,240.04,39.314,-0.862,-0.499,0.088,0,0.174,0.985,-0.507,0.849,-0.15],"_shiftlockState":true,"_pose":"Running","_animationQueue":[],"_animationSpeed":1.103,"_zoom":16.125},{"_mousePosition":[683,384],"_rootPartCFrame":[746.818,222.67,42.539,-0.855,0,0.518,0,1,0,-0.518,0,-0.855],"_humanoidState":8,"_cameraCFrame":[747.262,240.05,39.267,-0.769,-0.629,0.111,0,0.174,0.985,-0.639,0.757,-0.134],"_shiftlockState":true,"_pose":"Running","_animationQueue":[],"_animationSpeed":1.103,"_zoom":16.125},{"_mousePosition":[683,384],"_rootPartCFrame":[746.642,222.674,42.445,-0.764,0,0.646,0,1,0,-0.646,0,-0.764],"_humanoidState":8,"_cameraCFrame":[747.493,240.048,39.228,-0.688,-0.715,0.127,0,0.176,0.984,-0.726,0.677,-0.121],"_shiftlockState":true,"_pose":"Running","_animationQueue":[],"_animationSpeed":1.103,"_zoom":16.125},{"_mousePosition":[683,384],"_rootPartCFrame":[746.433,222.677,42.281,-0.682,0,0.732,0,1,0,-0.732,0,-0.682],"_humanoidState":8,"_cameraCFrame":[747.55,240.041,39.089,-0.637,-0.759,0.138,0,0.179,0.984,-0.771,0.626,-0.114],"_shiftlockState":true,"_pose":"Running","_animationQueue":[],"_animationSpeed":1.103,"_zoom":16.125},{"_mousePosition":[683,384],"_rootPartCFrame":[746.2,222.679,42.042,-0.635,0,0.773,0,1,0,-0.773,0,-0.635],"_humanoidState":8,"_cameraCFrame":[747.438,240.031,38.839,-0.619,-0.772,0.144,0,0.183,0.983,-0.786,0.608,-0.113],"_shiftlockState":true,"_pose":"Running","_animationQueue":[],"_animationSpeed":1.103,"_zoom":16.125},{"_mousePosition":[683,384],"_rootPartCFrame":[746.029,222.68,41.838,-0.619,0,0.786,0,1,0,-0.786,0,-0.619],"_humanoidState":8,"_cameraCFrame":[747.299,240.026,38.619,-0.617,-0.773,0.146,0,0.185,0.983,-0.787,0.606,-0.114],"_shiftlockState":true,"_pose":"Running","_animationQueue":[["walk",0.1]],"_animationSpeed":1.103,"_zoom":16.125},{"_mousePosition":[683,384],"_rootPartCFrame":[745.863,222.681,41.629,-0.617,0,0.787,0,1,0,-0.787,0,-0.617],"_humanoidState":8,"_cameraCFrame":[747.109,240.027,38.401,-0.623,-0.769,0.145,0,0.185,0.983,-0.782,0.612,-0.115],"_shiftlockState":true,"_pose":"Running","_animationQueue":[],"_animationSpeed":1.103,"_zoom":16.125},{"_mousePosition":[683,384],"_rootPartCFrame":[745.698,222.647,41.42,-0.623,0,0.782,0,1,0,-0.782,0,-0.623],"_humanoidState":8,"_cameraCFrame":[746.729,239.993,38.116,-0.673,-0.727,0.137,0,0.185,0.983,-0.74,0.661,-0.125],"_shiftlockState":true,"_pose":"Running","_animationQueue":[],"_animationSpeed":1.103,"_zoom":16.125},{"_mousePosition":[683,384],"_rootPartCFrame":[745.533,222.559,41.211,-0.673,0,0.74,0,1,0,-0.74,0,-0.673],"_humanoidState":8,"_cameraCFrame":[746.293,239.905,37.834,-0.731,-0.671,0.126,0,0.185,0.983,-0.683,0.718,-0.135],"_shiftlockState":true,"_pose":"Running","_animationQueue":[],"_animationSpeed":1.103,"_zoom":16.125},{"_mousePosition":[683,384],"_rootPartCFrame":[745.368,223.422,41.001,-0.731,0,0.683,0,1,0,-0.683,0,-0.731],"_humanoidState":3,"_cameraCFrame":[745.826,240.768,37.571,-0.788,-0.605,0.114,0,0.185,0.983,-0.616,0.774,-0.146],"_shiftlockState":true,"_pose":"Jumping","_animationQueue":[["walk",0.1],["jump",0.1]],"_animationSpeed":1,"_zoom":16.125},{"_mousePosition":[683,384],"_rootPartCFrame":[745.185,224.23,40.808,-0.728,0,0.685,0,1,0,-0.685,0,-0.728],"_humanoidState":5,"_cameraCFrame":[745.356,241.576,37.351,-0.837,-0.538,0.101,0,0.185,0.983,-0.548,0.822,-0.155],"_shiftlockState":true,"_pose":"FreeFall","_animationQueue"