[{"_mousePosition":[440,434],"_rootPartCFrame":[776.028,222.7,47.142,0,0,1,0,1,0,-1,0,0],"_humanoidState":8,"_cameraCFrame":[783.634,238.418,47.074,-0.009,-0.882,0.472,0,0.472,0.882,-1,0.008,-0.004],"_shiftlockState":false,"_pose":"Standing","_animationQueue":[],"_animationSpeed":1,"_zoom":16.125},{"_mousePosition":[440,434],"_rootPartCFrame":[775.781,222.7,47.147,-0.003,0,1,0,1,0,-1,0,-0.003],"_humanoidState":8,"_cameraCFrame":[783.332,238.447,47.117,-0.004,-0.884,0.468,0,0.468,0.884,-1,0.003,-0.002],"_shiftlockState":false,"_pose":"Standing","_animationQueue":[],"_animationSpeed":1,"_zoom":16.125},{"_mousePosition":[440,434],"_rootPartCFrame":[775.515,222.7,47.15,-0.004,0,1,0,1,0,-1,0,-0.004],"_humanoidState":8,"_cameraCFrame":[783.039,238.462,47.139,-0.001,-0.884,0.467,0,0.467,0.884,-1,0.001,-0.001],"_shiftlockState":false,"_pose":"Running","_animationQueue":[["walk",0.1]],"_animationSpeed":1.066,"_zoom":16.125},{"_mousePosition":[440,434],"_rootPartCFrame":[775.249,222.7,47.151,-0.004,0,1,0,1,0,-1,0,-0.004],"_humanoidState":8,"_cameraCFrame":[782.772,238.462,47.14,-0.001,-0.884,0.467,0,0.467,0.884,-1,0.001,-0.001],"_shiftlockState":false,"_pose":"Running","_animationQueue":[],"_animationSpeed":1.066,"_zoom":16.125},{"_mousePosition":[440,434],"_rootPartCFrame":[774.982,222.7,47.151,-0.004,0,1,0,1,0,-1,0,-0.004],"_humanoidState":8,"_cameraCFrame":[782.45,238.491,47.179,0.004,-0.886,0.463,0,0.463,0.886,-1,-0.003,0.002],"_shiftlockState":false,"_pose":"Running","_animationQueue":[],"_animationSpeed":1.066,"_zoom":16.125},{"_mousePosition":[440,434],"_rootPartCFrame":[774.715,222.7,47.152,-0.003,0,1,0,1,0,-1,0,-0.003],"_humanoidState":8,"_cameraCFrame":[782.183,238.491,47.179,0.004,-0.886,0.463,0,0.463,0.886,-1,-0.003,0.002],"_shiftlockState":false,"_pose":"Running","_animationQueue":[["walk",0.1]],"_animationSpeed":1.066,"_zoom":16.125},{"_mousePosition":[440,434],"_rootPartCFrame":[774.448,222.7,47.151,-0.002,0,1,0,1,0,-1,0,-0.002],"_humanoidState":8,"_cameraCFrame":[781.888,238.506,47.178,0.004,-0.887,0.461,0,0.461,0.887,-1,-0.003,0.002],"_shiftlockState":false,"_pose":"Running","_animationQueue":[],"_animationSpeed":1.066,"_zoom":16.125},{"_mousePosition":[440,434],"_rootPartCFrame":[774.182,222.7,47.15,-0.002,0,1,0,1,0,-1,0,-0.002],"_humanoidState":8,"_cameraCFrame":[781.622,238.506,47.177,0.004,-0.887,0.461,0,0.461,0.887,-1,-0.003,0.002],"_shiftlockState":false,"_pose":"Running","_animationQueue":[],"_animationSpeed":1.066,"_zoom":16.125},{"_mousePosition":[440,434],"_rootPartCFrame":[773.915,222.7,47.149,-0.001,0,1,0,1,0,-1,0,-0.001],"_humanoidState":8,"_cameraCFrame":[781.355,238.506,47.176,0.004,-0.887,0.461,0,0.461,0.887,-1,-0.003,0.002],"_shiftlockState":false,"_pose":"Running","_animationQueue":[],"_animationSpeed":1.066,"_zoom":16.125},{"_mousePosition":[440,434],"_rootPartCFrame":[773.648,222.7,47.148,0,0,1,0,1,0,-1,0,0],"_humanoidState":8,"_cameraCFrame":[781.088,238.506,47.175,0.004,-0.887,0.461,0,0.461,0.887,-1,-0.003,0.002],"_shiftlockState":false,"_pose":"Running","_animationQueue":[],"_animationSpeed":1.066,"_zoom":16.125},{"_mousePosition":[440,434],"_rootPartCFrame":[773.381,222.7,47.147,0,0,1,0,1,0,-1,0,0],"_humanoidState":8,"_cameraCFrame":[780.822,238.506,47.174,0.004,-0.887,0.461,0,0.461,0.887,-1,-0.003,0.002],"_shiftlockState":false,"_pose":"Running","_animationQueue":[],"_animationSpeed":1.066,"_zoom":16.125},{"_mousePosition":[440,434],"_rootPartCFrame":[773.115,222.7,47.146,0.001,0,1,0,1,0,-1,0,0.001],"_humanoidState":8,"_cameraCFrame":[780.555,238.506,47.173,0.004,-0.887,0.461,0,0.461,0.887,-1,-0.003,0.002],"_shiftlockState":false,"_pose":"Running","_animationQueue":[["walk",0.1]],"_animationSpeed":1.066,"_zoom":16.125},{"_mousePosition":[440,434],"_rootPartCFrame":[772.848,222.7,47.145,0.001,0,1,0,1,0,-1,0,0.001],"_humanoidState":8,"_cameraCFrame":[780.26,238.52,47.172,0.004,-0.888,0.46,0,0.46,0.888,-1,-0.003,0.002],"_shiftlockState":false,"_pose":"Running","_animationQueue":[],"_animationSpeed":1.066,"_zoom":16.125},{"_mousePosition":[440,434],"_rootPartCFrame":[772.581,222.7,47.144,0.001,0,1,0,1,0,-1,0,0.001],"_humanoidState":8,"_cameraCFrame":[779.966,238.534,47.171,0.004,-0.889,0.458,0,0.458,0.889,-1,-0.003,0.002],"_shiftlockState":false,"_pose":"Running","_animationQueue":[],"_animationSpeed":1.066,"_zoom":16.125},{"_mousePosition":[440,434],"_rootPartCFrame":[772.315,222.7,47.143,0.002,0,1,0,1,0,-1,0,0.002],"_humanoidState":8,"_cameraCFrame":[779.643,238.563,47.17,0.004,-0.891,0.454,0,0.454,0.891,-1,-0.003,0.002],"_shiftlockState":false,"_pose":"Running","_animationQueue":[],"_animationSpeed":1.066,"_zoom":16.125},{"_mousePosition":[440,434],"_rootPartCFrame":[772.048,222.7,47.142,0.002,0,1,0,1,0,-1,0,0.002],"_humanoidState":8,"_cameraCFrame":[779.348,238.577,47.15,0.001,-0.892,0.453,0,0.453,0.892,-1,-0.001,0.001],"_shiftlockState":false,"_pose":"Running","_animationQueue":[],"_animationSpeed":1.066,"_zoom":16.125},{"_mousePosition":[440,434],"_rootPartCFrame":[771.781,222.7,47.141,0.002,0,1,0,1,0,-1,0,0.002],"_humanoidState":8,"_cameraCFrame":[779.082,238.577,47.149,0.001,-0.892,0.453,0,0.453,0.892,-1,-0.001,0.001],"_shiftlockState":false,"_pose":"Running","_animationQueue":[],"_animationSpeed":1.066,"_zoom":16.125},{"_mousePosition":[440,434],"_rootPartCFrame":[771.514,222.7,47.141,0.002,0,1,0,1,0,-1,0,0.002],"_humanoidState":8,"_cameraCFrame":[778.815,238.577,47.149,0.001,-0.892,0.453,0,0.453,0.892,-1,-0.001,0.001],"_shiftlockState":false,"_pose":"Running","_animationQueue":[],"_animationSpeed":1.066,"_zoom":16.125},{"_mousePosition":[440,434],"_rootPartCFrame":[771.248,223.573,47.14,0.002,0,1,0,1,0,-1,0,0.002],"_humanoidState":3,"_cameraCFrame":[778.548,239.451,47.149,0.001,-0.892,0.453,0,0.453,0.892,-1,-0.001,0.001],"_shiftlockState":false,"_pose":"Jumping","_animationQueue":[["walk",0.1],["walk",0.1],["jump",0.1]],"_animationSpeed":1,"_zoom":16.125},{"_mousePosition":[440,434],"_rootPartCFrame":[771.048,224.194,47.14,0.002,0,1,0,1,0,-1,0,0.002],"_humanoidState":5,"_cameraCFrame":[778.348,240.072,47.148,0.001,-0.892,0.453,0,0.453,0.892,-1,-0.001,0.001],"_shiftlockState":false,"_pose":"FreeFall","_animationQueue":[["jump",0.1]],"_animationSpeed":1,"_zoom":16.125},{"_mousePosition":[440,434],"_rootPartCFrame":[770.781,224.976,47.14,0.002,0,1,0,1,0,-1,0,0.002],"_humanoidState":5,"_cameraCFrame":[778.082,240.853,47.148,0.001,-0.892,0.453,0,0.453,0.892,-1,-0.001,0.001],"_shiftlockState":false,"_pose":"FreeFall","_animationQueue":[],"_animationSpeed":1,"_zoom":16.125},{"_mousePosition":[440,434],"_rootPartCFrame":[770.515,225.702,47.14,0.002,0,1,0,1,0,-1,0,0.002],"_humanoidState":5,"_cameraCFrame":[777.815,241.58,47.148,0.001,-0.892,0.453,0,0.453,0.892,-1,-0.001,0.001],"_shiftlockState":false,"_pose":"FreeFall","_animationQueue":[],"_animationSpeed":1,"_zoom":16.125},{"_mousePosition":[440,434],"_rootPartCFrame":[770.248,226.374,47.139,0.002,0,1,0,1,0,-1,0,0.002],"_humanoidState":5,"_cameraCFrame":[777.549,242.252,47.147,0.001,-0.892,0.453,0,0.453,0.892,-1,-0.001,0.001],"_shiftlockState":false,"_pose":"FreeFall","_animationQueue":[],"_animationSpeed":1,"_zoom":16.125},{"_mousePosition":[440,434],"_rootPartCFrame":[769.981,226.992,47.139,0.002,0,1,0,1,0,-1,0,0.002],"_humanoidState":5,"_cameraCFrame":[777.282,242.87,47.147,0.001,-0.892,0.453,0,0.453,0.892,-1,-0.001,0.001],"_shiftlockState":false,"_pose":"FreeFall","_animationQueue":[],"_animationSpeed":1,"_zoom":16.125},{"_mousePosition":[440,434],"_rootPartCFrame":[769.715,227.555,47.139,0.001,0,1,0,1,0,-1,0,0.001],"_humanoidState":5,"_cameraCFrame":[777.015,243.433,47.147,0.001,-0.892,0.453,0,0.453,0.892,-1,-0.001,0.001],"_shiftlockState":false,"_pose":"FreeFall","_animationQueue":[],"_animationSpeed":1,"_zoom":16.125},{"_mousePosition":[440,434],"_rootPartCFrame":[769.448,228.064,47.138,0.001,0,1,0,1,0,-1,0,0.001],"_humanoidState":5,"_cameraCFrame":[776.749,243.941,47.146,0.001,-0.892,0.453,0,0.453,0.892,-1,-0.001,0.001],"_shiftlockState":false,"_pose":"FreeFall","_animationQueue":[],"_animationSpeed":1,"_zoom":16.125},{"_mousePosition":[440,434],"_rootPartCFrame":[769.182,228.518,47.138,0.001,0,1,0,1,0,-1,0,0.001],"_humanoidState":5,"_cameraCFrame":[776.482,244.396,47.146,0.001,-0.892,0.453,0,0.453,0.892,-1,-0.001,0.001],"_shiftlockState":false,"_pose":"FreeFall","_animationQueue":[],"_animationSpeed":1,"_zoom":16.125},{"_mousePosition":[440,434],"_rootPartCFrame":[768.915,228.918,47.138,0.001,0,1,0,1,0,-1,0,0.001],"_humanoidState":5,"_cameraCFrame":[776.216,244.795,47.146,0.001,-0.892,0.453,0,0.453,0.892,-1,-0.001,0.001],"_shiftlockState":false,"_pose":"FreeFall","_animationQueue":[],"_animationSpeed":1,"_zoom":16.125},{"_mousePosition":[440,434],"_rootPartCFrame":[768.648,229.263,47.137,0.001,0,1,0,1,0,-1,0,0.001],"_humanoidState":5,"_cameraCFrame":[775.949,245.14,47.146,0.001,-0.892,0.453,0,0.453,0.892,-1,-0.001,0.001],"_shiftlockState":false,"_pose":"FreeFall","_animationQueue":[],"_animationSpeed":1,"_zoom":16.125},{"_mousePosition":[440,434],"_rootPartCFrame":[768.382,229.553,47.137,0.001,0,1,0,1,0,-1,0,0.001],"_humanoidState":5,"_cameraCFrame":[775.682,245.431,47.145,0.001,-0.892,0.453,0,0.453,0.892,-1,-0.001,0.001],"_shiftlockState":false,"_pose":"FreeFall","_animationQueue":[],"_animationSpeed":1,"_zoom":16.125},{"_mousePosition":[440,434],"_rootPartCFrame":[768.115,229.789,47.137,0.001,0,1,0,1,0,-1,0,0.001],"_humanoidState":5,"_cameraCFrame":[775.416,245.667,47.145,0.001,-0.892,0.453,0,0.453,0.892,-1,-0.001,0.001],"_shiftlockState":false,"_pose":"FreeFall","_animationQueue":[],"_animationSpeed":1,"_zoom":16.125},{"_mousePosition":[440,434],"_rootPartCFrame":[767.849,229.971,47.136,0.001,0,1,0,1,0,-1,0,0.001],"_humanoidState":5,"_cameraCFrame":[775.149,245.849,47.145,0.001,-0.892,0.453,0,0.453,0.892,-1,-0.001,0.001],"_shiftlockState":false,"_pose":"FreeFall","_animationQueue":[],"_animationSpeed":1,"_zoom":16.125},{"_mousePosition":[440,434],"_rootPartCFrame":[767.515,230.122,47.136,0.001,0,1,0,1,0,-1,0,0.001],"_humanoidState":5,"_cameraCFrame":[774.816,245.999,47.144,0.001,-0.892,0.453,0,0.453,0.892,-1,-0.001,0.001],"_shiftlockState":false,"_pose":"FreeFall","_animationQueue":[],"_animationSpeed":1,"_zoom":16.125},{"_mousePosition":[440,434],"_rootPartCFrame":[767.315,230.171,47.136,0.001,0,1,0,1,0,-1,0,0.001],"_humanoidState":5,"_cameraCFrame":[774.616,246.049,47.144,0.001,-0.892,0.453,0,0.453,0.892,-1,-0.001,0.001],"_shiftlockState":false,"_pose":"FreeFall","_animationQueue":[],"_animationSpeed":1,"_zoom":16.125},{"_mousePosition":[440,434],"_rootPartCFrame":[767.049,230.189,47.136,0.001,0,1,0,1,0,-1,0,0.001],"_humanoidState":5,"_cameraCFrame":[774.349,246.067,47.144,0.001,-0.892,0.453,0,0.453,0.892,-1,-0.001,0.001],"_shiftlockState":false,"_pose":"FreeFall","_animationQueue":[],"_animationSpeed":1,"_zoom":16.125},{"_mousePosition":[440,434],"_rootPartCFrame":[766.716,230.135,47.135,0.001,0,1,0,1,0,-1,0,0.001],"_humanoidState":5,"_cameraCFrame":[774.016,246.013,47.143,0.001,-0.892,0.453,0,0.453,0.892,-1,-0.001,0.001],"_shiftlockState":false,"_pose":"FreeFall","_animationQueue":[],"_animationSpeed":1,"_zoom":16.125},{"_mousePosition":[440,434],"_rootPartCFrame":[766.516,230.062,47.135,0.001,0,1,0,1,0,-1,0,0.001],"_humanoidState":5,"_cameraCFrame":[773.816,245.94,47.143,0.001,-0.892,0.453,0,0.453,0.892,-1,-0.001,0.001],"_shiftlockState":false,"_pose":"FreeFall","_animationQueue":[],"_animationSpeed":1,"_zoom":16.125},{"_mousePosition":[440,434],"_rootPartCFrame":[766.249,229.917,47.135,0.001,0,1,0,1,0,-1,0,0.001],"_humanoidState":5,"_cameraCFrame":[773.521,245.808,47.124,-0.001,-0.893,0.451,0,0.451,0.893,-1,0.001,-0.001],"_shiftlockState":false,"_pose":"FreeFall","_animationQueue":[],"_animationSpeed":1,"_zoom":16.125},{"_mousePosition":[440,434],"_rootPartCFrame":[765.916,229.658,47.134,0.001,0,1,0,1,0,-1,0,0.001],"_humanoidState":5,"_cameraCFrame":[773.188,245.55,47.124,-0.001,-0.893,0.451,0,0.451,0.893,-1,0.001,-0.001],"_shiftlockState":false,"_pose":"FreeFall","_animationQueue":[],"_animationSpeed":1,"_zoom":16.125},{"_mousePosition":[440,434],"_rootPartCFrame":[765.716,229.462,47.134,0.001,0,1,0,1,0,-1,0,0.001],"_humanoidState":5,"_cameraCFrame":[772.988,245.354,47.124,-0.001,-0.893,0.451,0,0.451,0.893,-1,0.001,-0.001],"_shiftlockState":false,"_pose":"FreeFall","_animationQueue":[["fall",0.3]],"_animationSpeed":1,"_zoom":16.125},{"_mousePosition":[440,434],"_rootPartCFrame":[765.449,229.153,47.135,0.001,0,1,0,1,0,-1,0,0.001],"_humanoidState":5,"_cameraCFrame":[772.722,245.045,47.125,-0.001,-0.893,0.451,0,0.451,0.893,-1,0.001,-0.001],"_shiftlockState":false,"_pose":"FreeFall","_animationQueue":[],"_animationSpeed":1,"_zoom":16.125},{"_mousePosition":[440,434],"_rootPartCFrame":[765.183,228.79,47.135,0,0,1,0,1,0,-1,0,0],"_humanoidState":5,"_cameraCFrame":[772.427,244.696,47.107,-0.004,-0.893,0.449,0,0.449,0.893,-1,0.004,-0.002],"_shiftlockState":false,"_pose":"FreeFall","_animationQueue":[],"_animationSpeed":1,"_zoom":16.125},{"_mousePosition":[440,434],"_rootPartCFrame":[764.916,228.372,47.136,0,0,1,0,1,0,-1,0,0],"_humanoidState":5,"_cameraCFrame":[772.132,244.292,47.089,-0.006,-0.894,0.448,0,0.448,0.894,-1,0.006,-0.003],"_shiftlockState":false,"_pose":"FreeFall","_animationQueue":[],"_animationSpeed":1,"_zoom":16.125},{"_mousePosition":[440,434],"_rootPartCFrame":[764.649,227.9,47.137,0,0,1,0,1,0,-1,0,0],"_humanoidState":5,"_cameraCFrame":[771.837,243.834,47.072,-0.009,-0.895,0.446,0,0.446,0.895,-1,0.008,-0.004],"_shiftlockState":false,"_pose":"FreeFall","_animationQueue":[],"_animationSpeed":1,"_zoom":16.125},{"_mousePosition":[440,434],"_rootPartCFrame":[764.383,227.373,47.138,-0.001,0,1,0,1,0,-1,0,-0.001],"_humanoidState":5,"_cameraCFrame":[771.542,243.321,47.056,-0.012,-0.896,0.444,0,0.444,0.896,-1,0.01,-0.005],"_shiftlockState":false,"_pose":"FreeFall","_animationQueue":[],"_animationSpeed":1,"_zoom":16.125},{"_mousePosition":[440,434],"_rootPartCFrame":[764.05,226.638,47.141,-0.002,0,1,0,1,0,-1,0,-0.002],"_humanoidState":5,"_cameraCFrame":[771.181,242.6,47.059,-0.012,-0.897,0.442,0,0.442,0.897,-1,0.01,-0.005],"_shiftlockState":false,"_pose":"FreeFall","_animationQueue":[["fall",0.3]],"_animationSpeed":1,"_zoom":16.125},{"_mousePosition":[440,434],"_rootPartCFrame":[763.85,226.156,47.143,-0.003,0,1,0,1,0,-1,0,-0.003],"_humanoidState":5,"_cameraCFrame":[770.953,242.132,47.043,-0.014,-0.898,0.44,0,0.441,0.898,-1,0.013,-0.006],"_shiftlockState":false,"_pose":"FreeFall","_animationQueue":[],"_animationSpeed":1,"_zoom":16.125},{"_mousePosition":[440,434],"_rootPartCFrame":[763.583,225.465,47.146,-0.004,0,1,0,1,0,-1,0,-0.004],"_humanoidState":5,"_cameraCFrame":[770.686,241.441,47.046,-0.014,-0.898,0.44,0,0.441,0.898,-1,0.013,-0.006],"_shiftlockState":false,"_pose":"FreeFall","_animationQueue":[],"_animationSpeed":1,"_zoom":16.125},{"_mousePosition":[440,434],"_rootPartCFrame":[763.316,224.721,47.15,-0.006,0,1,0,1,0,-1,0,-0.006],"_humanoidState":5,"_cameraCFrame":[770.419,240.697,47.05,-0.014,-0.898,0.44,0,0.441,0.898,-1,0.013,-0.006],"_shiftlockState":false,"_pose":"FreeFall","_animationQueue":[],"_animationSpeed":1,"_zoom":16.125},{"_mousePosition":[440,434],"_rootPartCFrame":[763.05,223.921,47.154,-0.007,0,1,0,1,0,-1,0,-0.007],"_humanoidState":5,"_cameraCFrame":[770.153,239.897,47.054,-0.014,-0.898,0.44,0,0.441,0.898,-1,0.013,-0.006],"_shiftlockState":false,"_pose":"FreeFall","_animationQueue":[],"_animationSpeed":1,"_zoom":16.125},{"_mousePosition":[440,434],"_rootPartCFrame":[762.783,223.067,47.157,-0.008,0,1,0,1,0,-1,0,-0.008],"_humanoidState":5,"_cameraCFrame":[769.886,239.043,47.058,-0.014,-0.898,0.44,0,0.441,0.898,-1,0.013,-0.006],"_shiftlockState":false,"_pose":"FreeFall","_animationQueue":[],"_animationSpeed":1,"_zoom":16.125},{"_mousePosition":[440,434],"_rootPartCFrame":[762.517,222.159,47.161,-0.009,0,1,0,1,0,-1,0,-0.009],"_humanoidState":5,"_cameraCFrame":[769.62,238.135,47.061,-0.014,-0.898,0.44,0,0.441,0.898,-1,0.013,-0.006],"_shiftlockState":false,"_pose":"FreeFall","_animationQueue":[],"_animationSpeed":1,"_zoom":16.125},{"_mousePosition":[440,434],"_rootPartCFrame":[762.25,221.196,47.294,-0.009,0,1,0,1,0,-1,0,-0.009],"_humanoidState":7,"_cameraCFrame":[769.353,237.172,47.194,-0.014,-0.898,0.44,0,0.441,0.898,-1,0.013,-0.006],"_shiftlockState":false,"_pose":"FreeFall","_animationQueue":[["fall",0.3],["walk",0.1],["fall",0.3],["fall",0.3]],"_animationSpeed":1,"_zoom":16.125},{"_mousePosition":[440,434],"_rootPartCFrame":[761.983,220.972,47.581,-0.01,0,1,0,1,0,-1,0,-0.01],"_humanoidState":7,"_cameraCFrame":[769.086,236.948,47.481,-0.014,-0.898,0.44,0,0.441,0.898,-1,0.013,-0.006],"_shiftlockState":false,"_pose":"FreeFall","_animationQueue":[],"_animationSpeed":1,"_zoom":16.125},{"_mousePosition":[440,434],"_rootPartCFrame":[761.65,221.064,47.96,-0.011,0,1,0,1,0,-1,0,-0.011],"_humanoidState":8,"_cameraCFrame":[768.753,237.04,47.86,-0.014,-0.898,0.44,0,0.441,0.898,-1,0.013,-0.006],"_shiftlockState":false,"_pose":"Running","_animationQueue":[["walk",0.1],["fall",0.3],["walk",0.1]],"_animationSpeed":1.103,"_zoom":16.125},{"_mousePosition":[440,434],"_rootPartCFrame":[761.384,221.124,48.264,-0.011,0,1,0,1,0,-1,0,-0.011],"_humanoidState":8,"_cameraCFrame":[768.487,237.1,48.164,-0.014,-0.898,0.44,0,0.441,0.898,-1,0.013,-0.006],"_shiftlockState":false,"_pose":"Running","_animationQueue":[],"_animationSpeed":1.103,"_zoom":16.125},{"_mousePosition":[440,434],"_rootPartCFrame":[761.05,222.208,48.644,-0.012,0,1,0,1,0,-1,0,-0.012],"_humanoidState":3,"_cameraCFrame":[768.153,238.184,48.544,-0.014,-0.898,0.44,0,0.441,0.898,-1,0.013,-0.006],"_shiftlockState":false,"_pose":"Jumping","_animationQueue":[["walk",0.1],["jump",0.1]],"_animationSpeed":1,"_zoom":16.125},{"_mousePosition":[440,434],"_rootPartCFrame":[760.85,222.819,48.857,-0.012,0,1,0,1,0,-1,0,-0.012],"_humanoidState":5,"_cameraCFrame":[767.953,238.795,48.757,-0.014,-0.898,0.44,0,0.441,0.898,-1,0.013,-0.006],"_shiftlockState":false,"_pose":"FreeFall","_animationQueue":[["jump",0.1]],"_animationSpeed":1,"_zoom":16.125},{"_mousePosition":[440,434],"_rootPartCFrame":[760.584,223.587,49.106,-0.012,0,1,0,1,0,-1,0,-0.012],"_humanoidState":5,"_cameraCFrame":[767.687,239.563,49.006,-0.014,-0.898,0.44,0,0.441,0.898,-1,0.013,-0.006],"_shiftlockState":false,"_pose":"FreeFall","_animationQueue":[],"_animationSpeed":1,"_zoom":16.125},{"_mousePosition":[440,434],"_rootPartCFrame":[760.317,224.3,49.315,-0.013,0,1,0,1,0,-1,0,-0.013],"_humanoidState":5,"_cameraCFrame":[767.42,240.276,49.215,-0.014,-0.898,0.44,0,0.441,0.898,-1,0.013,-0.006],"_shiftlockState":false,"_pose":"FreeFall","_animationQueue":[],"_animationSpeed":1,"_zoom":16.125},{"_mousePosition":[440,434],"_rootPartCFrame":[760.051,224.958,49.485,-0.013,0,1,0,1,0,-1,0,-0.013],"_humanoidState":5,"_cameraCFrame":[767.154,240.934,49.385,-0.014,-0.898,0.44,0,0.441,0.898,-1,0.013,-0.006],"_shiftlockState":false,"_pose":"FreeFall","_animationQueue":[],"_animationSpeed":1,"_zoom":16.125},{"_mousePosition":[440,434],"_rootPartCFrame":[759.784,225.562,49.615,-0.013,0,1,0,1,0,-1,0,-0.013],"_humanoidState":5,"_cameraCFrame":[766.887,241.538,49.515,-0.014,-0.898,0.44,0,0.441,0.898,-1,0.013,-0.006],"_shiftlockState":false,"_pose":"FreeFall","_animationQueue":[],"_animationSpeed":1,"_zoom":16.125},{"_mousePosition":[440,434],"_rootPartCFrame":[759.517,226.112,49.705,-0.013,0,1,0,1,0,-1,0,-0.013],"_humanoidState":5,"_cameraCFrame":[766.62,242.088,49.605,-0.014,-0.898,0.44,0,0.441,0.898,-1,0.013,-0.006],"_shiftlockState":false,"_pose":"FreeFall","_animationQueue":[],"_animationSpeed":1,"_zoom":16.125},{"_mousePosition":[440,434],"_rootPartCFrame":[759.251,226.607,49.756,-0.013,0,1,0,1,0,-1,0,-0.013],"_humanoidState":5,"_cameraCFrame":[766.354,242.583,49.656,-0.014,-0.898,0.44,0,0.441,0.898,-1,0.013,-0.006],"_shiftlockState":false,"_pose":"FreeFall","_animationQueue":[],"_animationSpeed":1,"_zoom":16.125},{"_mousePosition":[440,434],"_rootPartCFrame":[758.984,227.047,49.769,-0.013,0,1,0,1,0,-1,0,-0.013],"_humanoidState":5,"_cameraCFrame":[766.087,243.023,49.669,-0.014,-0.898,0.44,0,0.441,0.898,-1,0.013,-0.006],"_shiftlockState":false,"_pose":"FreeFall","_animationQueue":[],"_animationSpeed":1,"_zoom":16.125},{"_mousePosition":[440,434],"_rootPartCFrame":[758.718,227.433,49.773,-0.013,0,1,0,1,0,-1,0,-0.013],"_humanoidState":5,"_cameraCFrame":[765.82,243.409,49.673,-0.014,-0.898,0.44,0,0.441,0.898,-1,0.013,-0.006],"_shiftlockState":false,"_pose":"FreeFall","_animationQueue":[],"_animationSpeed":1,"_zoom":16.125},{"_mousePosition":[440,434],"_rootPartCFrame":[758.451,227.765,49.777,-0.014,0,1,0,1,0,-1,0,-0.014],"_humanoidState":5,"_cameraCFrame":[765.554,243.741,49.677,-0.014,-0.898,0.44,0,0.441,0.898,-1,0.013,-0.006],"_shiftlockState":false,"_pose":"FreeFall","_animationQueue":[],"_animationSpeed":1,"_zoom":16.125},{"_mousePosition":[440,434],"_rootPartCFrame":[758.184,228.042,49.781,-0.014,0,1,0,1,0,-1,0,-0.014],"_humanoidState":5,"_cameraCFrame":[765.287,244.018,49.681,-0.014,-0.898,0.44,0,0.441,0.898,-1,0.013,-0.006],"_shiftlockState":false,"_pose":"FreeFall","_animationQueue":[],"_animationSpeed":1,"_zoom":16.125},{"_mousePosition":[440,434],"_rootPartCFrame":[757.918,228.265,49.785,-0.014,0,1,0,1,0,-1,0,-0.014],"_humanoidState":5,"_cameraCFrame":[765.021,244.24,49.685,-0.014,-0.898,0.44,0,0.441,0.898,-1,0.013,-0.006],"_shiftlockState":false,"_pose":"FreeFall","_animationQueue":[],"_animationSpeed":1,"_zoom":16.125},{"_mousePosition":[440,434],"_rootPartCFrame":[757.651,228.433,49.788,-0.014,0,1,0,1,0,-1,0,-0.014],"_humanoidState":5,"_cameraCFrame":[764.754,244.409,49.688,-0.014,-0.898,0.44,0,0.441,0.898,-1,0.013,-0.006],"_shiftlockState":false,"_pose":"FreeFall","_animationQueue":[],"_animationSpeed":1,"_zoom":16.125},{"_mousePosition":[440,434],"_rootPartCFrame":[757.385,228.546,49.792,-0.014,0,1,0,1,0,-1,0,-0.014],"_humanoidState":5,"_cameraCFrame":[764.487,244.522,49.692,-0.014,-0.898,0.44,0,0.441,0.898,-1,0.013,-0.006],"_shiftlockState":false,"_pose":"FreeFall","_animationQueue":[],"_animationSpeed":1,"_zoom":16.125},{"_mousePosition":[440,434],"_rootPartCFrame":[757.118,228.605,49.796,-0.014,0,1,0,1,0,-1,0,-0.014],"_humanoidState":5,"_cameraCFrame":[764.221,244.581,49.696,-0.014,-0.898,0.44,0,0.441,0.898,-1,0.013,-0.006],"_shiftlockState":false,"_pose":"FreeFall","_animationQueue":[],"_animationSpeed":1,"_zoom":16.125},{"_mousePosition":[440,434],"_rootPartCFrame":[756.851,228.61,49.8,-0.014,0,1,0,1,0,-1,0,-0.014],"_humanoidState":5,"_cameraCFrame":[763.954,244.586,49.7,-0.014,-0.898,0.44,0,0.441,0.898,-1,0.013,-0.006],"_shiftlockState":false,"_pose":"FreeFall","_animationQueue":[["fall",0.3]],"_animationSpeed":1,"_zoom":16.125},{"_mousePosition":[440,434],"_rootPartCFrame":[756.585,228.56,49.803,-0.014,0,1,0,1,0,-1,0,-0.014],"_humanoidState":5,"_cameraCFrame":[763.688,244.536,49.703,-0.014,-0.898,0.44,0,0.441,0.898,-1,0.013,-0.006],"_shiftlockState":false,"_pose":"FreeFall","_animationQueue":[],"_animationSpeed":1,"_zoom":16.125},{"_mousePosition":[440,434],"_rootPartCFrame":[756.318,228.455,49.807,-0.014,0,1,0,1,0,-1,0,-0.014],"_humanoidState":5,"_cameraCFrame":[763.421,244.431,49.707,-0.014,-0.898,0.44,0,0.441,0.898,-1,0.013,-0.006],"_shiftlockState":false,"_pose":"FreeFall","_animationQueue":[],"_animationSpeed":1,"_zoom":16.125},{"_mousePosition":[440,434],"_rootPartCFrame":[756.052,228.296,49.811,-0.014,0,1,0,1,0,-1,0,-0.014],"_humanoidState":5,"_cameraCFrame":[763.154,244.272,49.711,-0.014,-0.898,0.44,0,0.441,0.898,-1,0.013,-0.006],"_shiftlockState":false,"_pose":"FreeFall","_animationQueue":[],"_animationSpeed":1,"_zoom":16.125},{"_mousePosition":[440,434],"_rootPartCFrame":[755.785,228.083,49.815,-0.014,0,1,0,1,0,-1,0,-0.014],"_humanoidState":5,"_cameraCFrame":[762.888,244.059,49.715,-0.014,-0.898,0.44,0,0.441,0.898,-1,0.013,-0.006],"_shiftlockState":false,"_pose":"FreeFall","_animationQueue":[],"_animationSpeed":1,"_zoom":16.125},{"_mousePosition":[440,434],"_rootPartCFrame":[755.518,227.815,49.818,-0.014,0,1,0,1,0,-1,0,-0.014],"_humanoidState":5,"_cameraCFrame":[762.621,243.791,49.719,-0.014,-0.898,0.44,0,0.441,0.898,-1,0.013,-0.006],"_shiftlockState":false,"_pose":"FreeFall","_animationQueue":[],"_animationSpeed":1,"_zoom":16.125},{"_mousePosition":[440,434],"_rootPartCFrame":[755.252,227.492,49.822,-0.014,0,1,0,1,0,-1,0,-0.014],"_humanoidState":5,"_cameraCFrame":[762.355,243.468,49.722,-0.014,-0.898,0.44,0,0.441,0.898,-1,0.013,-0.006],"_shiftlockState":false,"_pose":"FreeFall","_animationQueue":[],"_animationSpeed":1,"_zoom":16.125},{"_mousePosition":[440,434],"_rootPartCFrame":[754.985,227.115,49.826,-0.014,0,1,0,1,0,-1,0,-0.014],"_humanoidState":5,"_cameraCFrame":[762.088,243.091,49.726,-0.014,-0.898,0.44,0,0.441,0.898,-1,0.013,-0.006],"_shiftlockState":false,"_pose":"FreeFall","_animationQueue":[["fall",0.3]],"_animationSpeed":1,"_zoom":16.125},{"_mousePosition":[440,434],"_rootPartCFrame":[754.719,226.684,49.701,-0.014,0,1,0,1,0,-1,0,-0.014],"_humanoidState":7,"_cameraCFrame":[761.821,242.66,49.601,-0.014,-0.898,0.44,0,0.441,0.898,-1,0.013,-0.006],"_shiftlockState":false,"_pose":"FreeFall","_animationQueue":[["walk",0.1],["fall",0.3],["fall",0.3]],"_animationSpeed":1,"_zoom":16.125},{"_mousePosition":[440,434],"_rootPartCFrame":[754.452,226.198,49.421,-0.014,0,1,0,1,0,-1,0,-0.014],"_humanoidState":7,"_cameraCFrame":[761.555,242.174,49.321,-0.014,-0.898,0.44,0,0.441,0.898,-1,0.013,-0.006],"_shiftlockState":false,"_pose":"FreeFall","_animationQueue":[],"_animationSpeed":1,"_zoom":16.125},{"_mousePosition":[440,434],"_rootPartCFrame":[754.119,226.108,49.051,-0.014,0,1,0,1,0,-1,0,-0.014],"_humanoidState":8,"_cameraCFrame":[761.222,242.084,48.951,-0.014,-0.898,0.44,0,0.441,0.898,-1,0.013,-0.006],"_shiftlockState":false,"_pose":"Running","_animationQueue":[["walk",0.1],["fall",0.3],["walk",0.1]],"_animationSpeed":1.104,"_zoom":16.125},{"_mousePosition":[440,434],"_rootPartCFrame":[753.852,226.142,48.755,-0.014,0,1,0,1,0,-1,0,-0.014],"_humanoidState":8,"_cameraCFrame":[760.955,242.118,48.655,-0.014,-0.898,0.44,0,0.441,0.898,-1,0.013,-0.006],"_shiftlockState":false,"_pose":"Running","_animationQueue":[],"_animationSpeed":1.104,"_zoom":16.125},{"_mousePosition":[440,434],"_rootPartCFrame":[753.585,226.167,48.459,-0.014,0,1,0,1,0,-1,0,-0.014],"_humanoidState":8,"_cameraCFrame":[760.688,242.143,48.359,-0.014,-0.898,0.44,0,0.441,0.898,-1,0.013,-0.006],"_shiftlockState":false,"_pose":"Running","_animationQueue":[],"_animationSpeed":1.104,"_zoom":16.125},{"_mousePosition":[440,434],"_rootPartCFrame":[753.319,226.182,48.163,-0.014,0,1,0,1,0,-1,0,-0.014],"_humanoidState":8,"_cameraCFrame":[760.422,242.158,48.063,-0.014,-0.898,0.44,0,0.441,0.898,-1,0.013,-0.006],"_shiftlockState":false,"_pose":"Running","_animationQueue":[],"_animationSpeed":1.104,"_zoom":16.125},{"_mousePosition":[440,434],"_rootPartCFrame":[753.052,226.19,47.866,-0.014,0,1,0,1,0,-1,0,-0.014],"_humanoidState":8,"_cameraCFrame":[760.155,242.166,47.766,-0.014,-0.898,0.44,0,0.441,0.898,-1,0.013,-0.006],"_shiftlockState":false,"_pose":"Running","_animationQueue":[["walk",0.1]],"_animationSpeed":1.104,"_zoom":16.125},{"_mousePosition":[440,434],"_rootPartCFrame":[752.786,226.195,47.57,-0.014,0,1,0,1,0,-1,0,-0.014],"_humanoidState":8,"_cameraCFrame":[759.889,242.171,47.47,-0.014,-0.898,0.44,0,0.441,0.898,-1,0.013,-0.006],"_shiftlockState":false,"_pose":"Running","_animationQueue":[],"_animationSpeed":1.104,"_zoom":16.125},{"_mousePosition":[440,434],"_rootPartCFrame":[752.519,226.197,47.274,-0.014,0,1,0,1,0,-1,0,-0.014],"_humanoidState":8,"_cameraCFrame":[759.594,242.187,47.174,-0.014,-0.899,0.439,0,0.439,0.899,-1,0.013,-0.006],"_shiftlockState":false,"_pose":"Running","_animationQueue":[],"_animationSpeed":1.104,"_zoom":16.125},{"_mousePosition":[440,434],"_rootPartCFrame":[752.252,226.198,46.978,-0.014,0,1,0,1,0,-1,0,-0.014],"_humanoidState":8,"_cameraCFrame":[759.327,242.188,46.878,-0.014,-0.899,0.439,0,0.439,0.899,-1,0.013,-0.006],"_shiftlockState":false,"_pose":"Running","_animationQueue":[],"_animationSpeed":1.104,"_zoom":16.125},{"_mousePosition":[440,434],"_rootPartCFrame":[751.986,226.199,46.681,-0.014,0,1,0,1,0,-1,0,-0.014],"_humanoidState":8,"_cameraCFrame":[759.061,242.189,46.582,-0.014,-0.899,0.439,0,0.439,0.899,-1,0.013,-0.006],"_shiftlockState":false,"_pose":"Running","_animationQueue":[],"_animationSpeed":1.104,"_zoom":16.125},{"_mousePosition":[440,434],"_rootPartCFrame":[751.719,226.199,46.385,-0.014,0,1,0,1,0,-1,0,-0.014],"_humanoidState":8,"_cameraCFrame":[758.794,242.189,46.286,-0.014,-0.899,0.439,0,0.439,0.899,-1,0.013,-0.006],"_shiftlockState":false,"_pose":"Running","_animationQueue":[],"_animationSpeed":1.104,"_zoom":16.125},{"_mousePosition":[440,434],"_rootPartCFrame":[751.453,226.199,46.089,-0.014,0,1,0,1,0,-1,0,-0.014],"_humanoidState":8,"_cameraCFrame":[758.527,242.189,45.989,-0.014,-0.899,0.439,0,0.439,0.899,-1,0.013,-0.006],"_shiftlockState":false,"_pose":"Running","_animationQueue":[],"_animationSpeed":1.104,"_zoom":16.125},{"_mousePosition":[440,434],"_rootPartCFrame":[751.119,227.27,45.718,-0.014,0,1,0,1,0,-1,0,-0.014],"_humanoidState":3,"_cameraCFrame":[758.194,243.259,45.619,-0.014,-0.899,0.439,0,0.439,0.899,-1,0.013,-0.006],"_shiftlockState":false,"_pose":"Jumping","_animationQueue":[["walk",0.1],["walk",0.1],["jump",0.1]],"_animationSpeed":1,"_zoom":16.125},{"_mousePosition":[440,434],"_rootPartCFrame":[750.919,227.871,45.511,-0.014,0,1,0,1,0,-1,0,-0.014],"_humanoidState":5,"_cameraCFrame":[757.994,243.86,45.412,-0.014,-0.899,0.439,0,0.439,0.899,-1,0.013,-0.006],"_shiftlockState":false,"_pose":"FreeFall","_animationQueue":[["jump",0.1]],"_animationSpeed":1,"_zoom":16.125},{"_mousePosition":[440,434],"_rootPartCFrame":[750.653,228.625,45.27,-0.014,0,1,0,1,0,-1,0,-0.014],"_humanoidState":5,"_cameraCFrame":[757.728,244.614,45.17,-0.014,-0.899,0.439,0,0.439,0.899,-1,0.013,-0.006],"_shiftlockState":false,"_pose":"FreeFall","_animationQueue":[],"_animationSpeed":1,"_zoom":16.125},{"_mousePosition":[440,434],"_rootPartCFrame":[750.386,229.324,45.068,-0.014,0,1,0,1,0,-1,0,-0.014],"_humanoidState":5,"_cameraCFrame":[757.461,245.314,44.968,-0.014,-0.899,0.439,0,0.439,0.899,-1,0.013,-0.006],"_shiftlockState":false,"_pose":"FreeFall","_animationQueue":[],"_animationSpeed":1,"_zoom":16.125},{"_mousePosition":[440,434],"_rootPartCFrame":[750.12,229.969,44.905,-0.014,0,1,0,1,0,-1,0,-0.014],"_humanoidState":5,"_cameraCFrame":[757.194,245.959,44.806,-0.014,-0.899,0.439,0,0.439,0.899,-1,0.013,-0.006],"_shiftlockState":false,"_pose":"FreeFall","_animationQueue":[],"_animationSpeed":1,"_zoom":16.125},{"_mousePosition":[440,434],"_rootPartCFrame":[749.853,230.559,44.783,-0.014,0,1,0,1,0,-1,0,-0.014],"_humanoidState":5,"_cameraCFrame":[756.928,246.549,44.683,-0.014,-0.899,0.439,0,0.439,0.899,-1,0.013,-0.006],"_shiftlockState":false,"_pose":"FreeFall","_animationQueue":[],"_animationSpeed":1,"_zoom":16.125},{"_mousePosition":[440,434],"_rootPartCFrame":[749.586,231.095,44.7,-0.014,0,1,0,1,0,-1,0,-0.014],"_humanoidState":5,"_cameraCFrame":[756.661,247.085,44.601,-0.014,-0.899,0.439,0,0.439,0.899,-1,0.013,-0.006],"_shiftlockState":false,"_pose":"FreeFall","_animationQueue":[],"_animationSpeed":1,"_zoom":16.125},{"_mousePosition":[440,434],"_rootPartCFrame":[749.32,231.577,44.657,-0.014,0,1,0,1,0,-1,0,-0.014],"_humanoidState":5,"_cameraCFrame":[756.395,247.566,44.558,-0.014,-0.899,0.439,0,0.439,0.899,-1,0.013,-0.006],"_shiftlockState":false,"_pose":"FreeFall","_animationQueue":[],"_animationSpeed":1,"_zoom":16.125},{"_mousePosition":[440,434],"_rootPartCFrame":[749.053,232.003,44.651,-0.014,0,1,0,1,0,-1,0,-0.014],"_humanoidState":5,"_cameraCFrame":[756.128,247.993,44.551,-0.014,-0.899,0.439,0,0.439,0.899,-1,0.013,-0.006],"_shiftlockState":false,"_pose":"FreeFall","_animationQueue":[],"_animationSpeed":1,"_zoom":16.125},{"_mousePosition":[440,434],"_rootPartCFrame":[748.787,232.376,44.654,-0.014,0,1,0,1,0,-1,0,-0.014],"_humanoidState":5,"_cameraCFrame":[755.861,248.366,44.537,-0.017,-0.898,0.439,0,0.439,0.899,-1,0.015,-0.007],"_shiftlockState":false,"_pose":"FreeFall","_animationQueue":[],"_animationSpeed":1,"_zoom":16.125},{"_mousePosition":[440,434],"_rootPartCFrame":[748.453,232.765,44.659,-0.014,0,1,0,1,0,-1,0,-0.014],"_humanoidState":5,"_cameraCFrame":[755.528,248.754,44.542,-0.017,-0.898,0.439,0,0.439,0.899,-1,0.015,-0.007],"_shiftlockState":false,"_pose":"FreeFall","_animationQueue":[],"_animationSpeed":1,"_zoom":16.125},{"_mousePosition":[440,434],"_rootPartCFrame":[748.253,232.957,44.662,-0.014,0,1,0,1,0,-1,0,-0.014],"_humanoidState":5,"_cameraCFrame":[755.328,248.947,44.545,-0.017,-0.898,0.439,0,0.439,0.899,-1,0.015,-0.007],"_shiftlockState":false,"_pose":"FreeFall","_animationQueue":[],"_animationSpeed":1,"_zoom":16.125},{"_mousePosition":[440,434],"_rootPartCFrame":[747.92,233.21,44.668,-0.015,0,1,0,1,0,-1,0,-0.015],"_humanoidState":5,"_cameraCFrame":[754.995,249.2,44.55,-0.017,-0.898,0.439,0,0.439,0.899,-1,0.015,-0.007],"_shiftlockState":false,"_pose":"FreeFall","_animationQueue":[],"_animationSpeed":1,"_zoom":16.125},{"_mousePosition":[440,434],"_rootPartCFrame":[747.72,233.32,44.671,-0.015,0,1,0,1,0,-1,0,-0.015],"_humanoidState":5,"_cameraCFrame":[754.795,249.31,44.554,-0.017,-0.898,0.439,0,0.439,0.899,-1,0.015,-0.007],"_shiftlockState":false,"_pose":"FreeFall","_animationQueue":[],"_animationSpeed":1,"_zoom":16.125},{"_mousePosition":[440,434],"_rootPartCFrame":[747.454,233.42,44.676,-0.015,0,1,0,1,0,-1,0,-0.015],"_humanoidState":5,"_cameraCFrame":[754.528,249.41,44.558,-0.017,-0.898,0.439,0,0.439,0.899,-1,0.015,-0.007],"_shiftlockState":false,"_pose":"FreeFall","_animationQueue":[],"_animationSpeed":1,"_zoom":16.125},{"_mousePosition":[440,434],"_rootPartCFrame":[747.187,233.466,44.68,-0.015,0,1,0,1,0,-1,0,-0.015],"_humanoidState":5,"_cameraCFrame":[754.261,249.456,44.563,-0.017,-0.898,0.439,0,0.439,0.899,-1,0.015,-0.007],"_shiftlockState":false,"_pose":"FreeFall","_animationQueue":[],"_animationSpeed":1,"_zoom":16.125},{"_mousePosition":[440,434],"_rootPartCFrame":[746.92,233.457,44.684,-0.015,0,1,0,1,0,-1,0,-0.015],"_humanoidState":5,"_cameraCFrame":[753.995,249.446,44.567,-0.017,-0.898,0.439,0,0.439,0.899,-1,0.015,-0.007],"_shiftlockState":false,"_pose":"FreeFall","_animationQueue":[],"_animationSpeed":1,"_zoom":16.125},{"_mousePosition":[440,434],"_rootPartCFrame":[746.654,233.393,44.689,-0.016,0,1,0,1,0,-1,0,-0.016],"_humanoidState":5,"_cameraCFrame":[753.728,249.383,44.572,-0.017,-0.898,0.439,0,0.439,0.899,-1,0.015,-0.007],"_shiftlockState":false,"_pose":"FreeFall","_animationQueue":[],"_animationSpeed":1,"_zoom":16.125},{"_mousePosition":[440,434],"_rootPartCFrame":[746.387,233.275,44.693,-0.016,0,1,0,1,0,-1,0,-0.016],"_humanoidState":5,"_cameraCFrame":[753.462,249.265,44.576,-0.017,-0.898,0.439,0,0.439,0.899,-1,0.015,-0.007],"_shiftlockState":false,"_pose":"FreeFall","_animationQueue":[],"_animationSpeed":1,"_zoom":16.125},{"_mousePosition":[440,434],"_rootPartCFrame":[746.121,233.102,44.698,-0.016,0,1,0,1,0,-1,0,-0.016],"_humanoidState":5,"_cameraCFrame":[753.195,249.092,44.58,-0.017,-0.898,0.439,0,0.439,0.899,-1,0.015,-0.007],"_shiftlockState":false,"_pose":"FreeFall","_animationQueue":[],"_animationSpeed":1,"_zoom":16.125},{"_mousePosition":[440,434],"_rootPartCFrame":[745.854,232.875,44.702,-0.016,0,1,0,1,0,-1,0,-0.016],"_humanoidState":5,"_cameraCFrame":[752.928,248.865,44.585,-0.017,-0.898,0.439,0,0.439,0.899,-1,0.015,-0.007],"_shiftlockState":false,"_pose":"FreeFall","_animationQueue":[],"_animationSpeed":1,"_zoom":16.125},{"_mousePosition":[440,434],"_rootPartCFrame":[745.521,232.515,44.708,-0.016,0,1,0,1,0,-1,0,-0.016],"_humanoidState":5,"_cameraCFrame":[752.595,248.504,44.59,-0.017,-0.898,0.439,0,0.439,0.899,-1,0.015,-0.007],"_shiftlockState":false,"_pose":"FreeFall","_animationQueue":[["fall",0.3]],"_animationSpeed":1,"_zoom":16.125},{"_mousePosition":[440,434],"_rootPartCFrame":[745.321,232.258,44.711,-0.016,0,1,0,1,0,-1,0,-0.016],"_humanoidState":5,"_cameraCFrame":[752.395,248.247,44.594,-0.017,-0.898,0.439,0,0.439,0.899,-1,0.015,-0.007],"_shiftlockState":false,"_pose":"FreeFall","_animationQueue":[],"_animationSpeed":1,"_zoom":16.125},{"_mousePosition":[440,434],"_rootPartCFrame":[745.054,231.867,44.844,-0.016,0,1,0,1,0,-1,0,-0.016],"_humanoidState":7,"_cameraCFrame":[752.129,247.857,44.727,-0.017,-0.898,0.439,0,0.439,0.899,-1,0.015,-0.007],"_shiftlockState":false,"_pose":"FreeFall","_animationQueue":[["walk",0.1],["fall",0.3],["fall",0.3]],"_animationSpeed":1,"_zoom":16.125},{"_mousePosition":[440,434],"_rootPartCFrame":[744.788,231.422,45.132,-0.016,0,1,0,1,0,-1,0,-0.016],"_humanoidState":7,"_cameraCFrame":[751.862,247.412,45.015,-0.017,-0.898,0.439,0,0.439,0.899,-1,0.015,-0.007],"_shiftlockState":false,"_pose":"FreeFall","_animationQueue":[],"_animationSpeed":1,"_zoom":16.125},{"_mousePosition":[440,434],"_rootPartCFrame":[744.454,230.999,45.512,-0.016,0,1,0,1,0,-1,0,-0.016],"_humanoidState":8,"_cameraCFrame":[751.529,246.988,45.395,-0.017,-0.898,0.439,0,0.439,0.899,-1,0.015,-0.007],"_shiftlockState":false,"_pose":"Running","_animationQueue":[["walk",0.1],["fall",0.3],["walk",0.1]],"_animationSpeed":1.103,"_zoom":16.125},{"_mousePosition":[440,434],"_rootPartCFrame":[744.188,231.051,45.817,-0.016,0,1,0,1,0,-1,0,-0.016],"_humanoidState":8,"_cameraCFrame":[751.262,247.041,45.699,-0.017,-0.898,0.439,0,0.439,0.899,-1,0.015,-0.007],"_shiftlockState":false,"_pose":"Running","_animationQueue":[],"_animationSpeed":1.103,"_zoom":16.125},{"_mousePosition":[440,434],"_rootPartCFrame":[743.921,231.113,46.121,-0.016,0,1,0,1,0,-1,0,-0.016],"_humanoidState":8,"_cameraCFrame":[750.967,247.117,45.986,-0.019,-0.899,0.437,0,0.437,0.899,-1,0.017,-0.008],"_shiftlockState":false,"_pose":"Running","_animationQueue":[],"_animationSpeed":1.103,"_zoom":16.125},{"_mousePosition":[440,434],"_rootPartCFrame":[743.655,231.152,46.426,-0.016,0,1,0,1,0,-1,0,-0.016],"_humanoidState":8,"_cameraCFrame":[750.672,247.169,46.274,-0.022,-0.9,0.435,0,0.435,0.9,-1,0.019,-0.009],"_shiftlockState":false,"_pose":"Running","_animationQueue":[["walk",0.1]],"_animationSpeed":1.103,"_zoom":16.125},{"_mousePosition":[440,434],"_rootPartCFrame":[743.388,231.174,46.731,-0.017,0,1,0,1,0,-1,0,-0.017],"_humanoidState":8,"_cameraCFrame":[750.405,247.191,46.561,-0.024,-0.9,0.435,0,0.435,0.9,-1,0.022,-0.011],"_shiftlockState":false,"_pose":"Running","_animationQueue":[],"_animationSpeed":1.103,"_zoom":16.125},{"_mousePosition":[440,434],"_rootPartCFrame":[743.121,231.186,47.036,-0.017,0,1,0,1,0,-1,0,-0.017],"_humanoidState":8,"_cameraCFrame":[750.109,247.217,46.832,-0.029,-0.901,0.433,0,0.434,0.901,-1,0.026,-0.013],"_shiftlockState":false,"_pose":"Running","_animationQueue":[],"_animationSpeed":1.103,"_zoom":16.125},{"_mousePosition":[440,434],"_rootPartCFrame":[742.855,231.192,47.343,-0.018,0,1,0,1,0,-1,0,-0.018],"_humanoidState":8,"_cameraCFrame":[749.84,247.223,47.068,-0.039,-0.9,0.433,0,0.434,0.901,-0.999,0.035,-0.017],"_shiftlockState":false,"_pose":"Running","_animationQueue":[],"_animationSpeed":1.103,"_zoom":16.125},{"_mousePosition":[440,434],"_rootPartCFrame":[742.588,231.196,47.65,-0.02,0,1,0,1,0,-1,0,-0.02],"_humanoidState":8,"_cameraCFrame":[749.568,247.226,47.269,-0.055,-0.9,0.433,0,0.434,0.901,-0.999,0.049,-0.024],"_shiftlockState":false,"_pose":"Running","_animationQueue":[],"_animationSpeed":1.103,"_zoom":16.125},{"_mousePosition":[440,434],"_rootPartCFrame":[742.322,231.197,47.961,-0.022,0,1,0,1,0,-1,0,-0.022],"_humanoidState":8,"_cameraCFrame":[749.294,247.228,47.456,-0.072,-0.899,0.432,0,0.434,0.901,-0.997,0.065,-0.031],"_shiftlockState":false,"_pose":"Running","_animationQueue":[],"_animationSpeed":1.103,"_zoom":16.125},{"_mousePosition":[440,434],"_rootPartCFrame":[742.055,231.198,48.275,-0.026,0,1,0,1,0,-1,0,-0.026],"_humanoidState":8,"_cameraCFrame":[749.022,247.229,47.7,-0.082,-0.898,0.432,0,0.434,0.901,-0.997,0.074,-0.036],"_shiftlockState":false,"_pose":"Running","_animationQueue":[["walk",0.1]],"_animationSpeed":1.103,"_zoom":16.125},{"_mouseP