[{"_mousePosition":[1147,360],"_rootPartCFrame":[776.024,222.956,47.142,0.002,0.004,1,0,1,-0.004,-1,0,0.002],"_humanoidState":8,"_cameraCFrame":[775.743,235.238,40.744,-0.999,0.038,-0.023,0,0.511,0.86,0.045,0.859,-0.51],"_shiftlockState":false,"_pose":"Standing","_animationQueue":[],"_animationSpeed":1,"_zoom":12.541},{"_mousePosition":[1140,360],"_rootPartCFrame":[775.493,222.709,47.166,-0.01,0,1,0,1,0,-1,0,-0.01],"_humanoidState":8,"_cameraCFrame":[775.206,234.992,40.768,-0.999,0.038,-0.023,0,0.511,0.86,0.045,0.859,-0.51],"_shiftlockState":false,"_pose":"Running","_animationQueue":[["walk",0.1]],"_animationSpeed":1.003,"_zoom":12.541},{"_mousePosition":[1131,360],"_rootPartCFrame":[775.36,222.614,47.172,-0.013,0,1,0,1,0,-1,0,-0.013],"_humanoidState":8,"_cameraCFrame":[775.073,234.896,40.774,-0.999,0.038,-0.023,0,0.511,0.86,0.045,0.859,-0.51],"_shiftlockState":false,"_pose":"Running","_animationQueue":[["walk",0.1]],"_animationSpeed":1.102,"_zoom":12.541},{"_mousePosition":[1115,362],"_rootPartCFrame":[775.227,222.603,47.178,-0.015,0,1,0,1,0,-1,0,-0.015],"_humanoidState":8,"_cameraCFrame":[774.94,234.886,40.78,-0.999,0.038,-0.023,0,0.511,0.86,0.045,0.859,-0.51],"_shiftlockState":false,"_pose":"Running","_animationQueue":[],"_animationSpeed":1.102,"_zoom":12.541},{"_mousePosition":[1054,369],"_rootPartCFrame":[774.827,222.649,47.196,-0.021,0,1,0,1,0,-1,0,-0.021],"_humanoidState":8,"_cameraCFrame":[774.541,234.931,40.798,-0.999,0.038,-0.023,0,0.511,0.86,0.045,0.859,-0.51],"_shiftlockState":false,"_pose":"Running","_animationQueue":[["walk",0.1]],"_animationSpeed":1.102,"_zoom":12.541},{"_mousePosition":[992,364],"_rootPartCFrame":[774.694,222.661,47.202,-0.023,0,1,0,1,0,-1,0,-0.023],"_humanoidState":8,"_cameraCFrame":[774.407,234.944,40.804,-0.999,0.038,-0.023,0,0.511,0.86,0.045,0.859,-0.51],"_shiftlockState":false,"_pose":"Running","_animationQueue":[],"_animationSpeed":1.102,"_zoom":12.541},{"_mousePosition":[948,357],"_rootPartCFrame":[774.294,222.684,47.22,-0.027,0,1,0,1,0,-1,0,-0.027],"_humanoidState":8,"_cameraCFrame":[774.008,234.967,40.822,-0.999,0.038,-0.023,0,0.511,0.86,0.045,0.859,-0.51],"_shiftlockState":false,"_pose":"Running","_animationQueue":[],"_animationSpeed":1.102,"_zoom":12.541},{"_mousePosition":[887,347],"_rootPartCFrame":[774.161,222.688,47.226,-0.028,0,1,0,1,0,-1,0,-0.028],"_humanoidState":8,"_cameraCFrame":[773.875,234.971,40.828,-0.999,0.038,-0.023,0,0.511,0.86,0.045,0.859,-0.51],"_shiftlockState":false,"_pose":"Running","_animationQueue":[],"_animationSpeed":1.102,"_zoom":12.541},{"_mousePosition":[873,345],"_rootPartCFrame":[773.895,222.694,47.238,-0.03,0,1,0,1,0,-1,0,-0.03],"_humanoidState":8,"_cameraCFrame":[773.608,234.976,40.84,-0.999,0.038,-0.023,0,0.511,0.86,0.045,0.859,-0.51],"_shiftlockState":false,"_pose":"Running","_animationQueue":[],"_animationSpeed":1.102,"_zoom":12.541},{"_mousePosition":[873,345],"_rootPartCFrame":[773.629,222.696,47.25,-0.032,0,0.999,0,1,0,-0.999,0,-0.032],"_humanoidState":8,"_cameraCFrame":[773.342,234.979,40.852,-0.999,0.038,-0.023,0,0.511,0.86,0.045,0.859,-0.51],"_shiftlockState":false,"_pose":"Running","_animationQueue":[],"_animationSpeed":1.102,"_zoom":12.541},{"_mousePosition":[871,344],"_rootPartCFrame":[773.362,222.698,47.262,-0.034,0,0.999,0,1,0,-0.999,0,-0.034],"_humanoidState":8,"_cameraCFrame":[773.076,234.98,40.863,-0.999,0.038,-0.023,0,0.511,0.86,0.045,0.859,-0.51],"_shiftlockState":false,"_pose":"Running","_animationQueue":[],"_animationSpeed":1.102,"_zoom":12.541},{"_mousePosition":[871,344],"_rootPartCFrame":[773.096,222.699,47.274,-0.036,0,0.999,0,1,0,-0.999,0,-0.036],"_humanoidState":8,"_cameraCFrame":[772.997,234.981,40.87,-1,0.013,-0.008,0,0.511,0.86,0.015,0.86,-0.511],"_shiftlockState":false,"_pose":"Running","_animationQueue":[["walk",0.1]],"_animationSpeed":1.102,"_zoom":12.541},{"_mousePosition":[871,344],"_rootPartCFrame":[772.696,222.699,47.291,-0.037,0,0.999,0,1,0,-0.999,0,-0.037],"_humanoidState":8,"_cameraCFrame":[772.791,235.002,40.922,-1,-0.013,0.008,0,0.508,0.861,-0.015,0.861,-0.508],"_shiftlockState":false,"_pose":"Running","_animationQueue":[],"_animationSpeed":1.102,"_zoom":12.541},{"_mousePosition":[871,344],"_rootPartCFrame":[772.563,222.699,47.294,-0.036,0,0.999,0,1,0,-0.999,0,-0.036],"_humanoidState":8,"_cameraCFrame":[772.842,235.033,40.983,-0.999,-0.038,0.022,0,0.504,0.864,-0.044,0.863,-0.503],"_shiftlockState":false,"_pose":"Running","_animationQueue":[],"_animationSpeed":1.102,"_zoom":12.541},{"_mousePosition":[871,344],"_rootPartCFrame":[772.296,222.7,47.291,-0.03,0,1,0,1,0,-1,0,-0.03],"_humanoidState":8,"_cameraCFrame":[772.699,235.053,41.021,-0.998,-0.055,0.032,0,0.501,0.865,-0.064,0.864,-0.5],"_shiftlockState":false,"_pose":"Running","_animationQueue":[],"_animationSpeed":1.102,"_zoom":12.541},{"_mousePosition":[871,344],"_rootPartCFrame":[771.897,222.7,47.274,-0.015,0,1,0,1,0,-1,0,-0.015],"_humanoidState":8,"_cameraCFrame":[772.331,235.064,41.024,-0.998,-0.06,0.035,0,0.5,0.866,-0.069,0.864,-0.498],"_shiftlockState":false,"_pose":"Running","_animationQueue":[],"_animationSpeed":1.102,"_zoom":12.541},{"_mousePosition":[871,344],"_rootPartCFrame":[771.764,222.7,47.266,-0.01,0,1,0,1,0,-1,0,-0.01],"_humanoidState":8,"_cameraCFrame":[772.197,235.069,41.024,-0.998,-0.06,0.035,0,0.499,0.867,-0.069,0.865,-0.498],"_shiftlockState":false,"_pose":"Running","_animationQueue":[],"_animationSpeed":1.102,"_zoom":12.541},{"_mousePosition":[871,344],"_rootPartCFrame":[771.365,222.7,47.238,0.006,0,1,0,1,0,-1,0,0.006],"_humanoidState":8,"_cameraCFrame":[771.798,235.069,40.997,-0.998,-0.06,0.035,0,0.499,0.867,-0.069,0.865,-0.498],"_shiftlockState":false,"_pose":"Running","_animationQueue":[["walk",0.1]],"_animationSpeed":1.102,"_zoom":12.541},{"_mousePosition":[871,344],"_rootPartCFrame":[771.232,222.7,47.229,0.01,0,1,0,1,0,-1,0,0.01],"_humanoidState":8,"_cameraCFrame":[771.669,235.094,41.032,-0.998,-0.061,0.035,0,0.495,0.869,-0.07,0.867,-0.494],"_shiftlockState":false,"_pose":"Running","_animationQueue":[],"_animationSpeed":1.102,"_zoom":12.541},{"_mousePosition":[871,344],"_rootPartCFrame":[770.966,222.7,47.21,0.018,0,1,0,1,0,-1,0,0.018],"_humanoidState":8,"_cameraCFrame":[771.429,235.139,41.095,-0.997,-0.066,0.037,0,0.489,0.872,-0.076,0.87,-0.488],"_shiftlockState":false,"_pose":"Running","_animationQueue":[],"_animationSpeed":1.102,"_zoom":12.541},{"_mousePosition":[871,344],"_rootPartCFrame":[770.7,222.7,47.192,0.025,0,1,0,1,0,-1,0,0.025],"_humanoidState":8,"_cameraCFrame":[771.209,235.178,41.151,-0.996,-0.073,0.041,0,0.483,0.875,-0.084,0.872,-0.482],"_shiftlockState":false,"_pose":"Running","_animationQueue":[],"_animationSpeed":1.102,"_zoom":12.541},{"_mousePosition":[871,344],"_rootPartCFrame":[770.434,222.7,47.172,0.032,0,0.999,0,1,0,-0.999,0,0.032],"_humanoidState":8,"_cameraCFrame":[770.995,235.207,41.189,-0.996,-0.082,0.045,0,0.479,0.878,-0.093,0.874,-0.477],"_shiftlockState":false,"_pose":"Running","_animationQueue":[],"_animationSpeed":1.102,"_zoom":12.541},{"_mousePosition":[871,344],"_rootPartCFrame":[770.035,222.7,47.138,0.042,0,0.999,0,1,0,-0.999,0,0.042],"_humanoidState":8,"_cameraCFrame":[770.619,235.217,41.175,-0.995,-0.086,0.047,0,0.478,0.878,-0.097,0.874,-0.475],"_shiftlockState":false,"_pose":"Running","_animationQueue":[],"_animationSpeed":1.102,"_zoom":12.541},{"_mousePosition":[871,344],"_rootPartCFrame":[769.903,222.686,47.126,0.046,0,0.999,0,1,0,-0.999,0,0.046],"_humanoidState":8,"_cameraCFrame":[770.493,235.203,41.164,-0.995,-0.087,0.047,0,0.478,0.878,-0.099,0.874,-0.475],"_shiftlockState":false,"_pose":"Running","_animationQueue":[],"_animationSpeed":1.102,"_zoom":12.541},{"_mousePosition":[871,344],"_rootPartCFrame":[769.505,222.689,47.087,0.056,0,0.998,0,1,0,-0.998,0,0.056],"_humanoidState":8,"_cameraCFrame":[770.095,235.206,41.125,-0.995,-0.087,0.047,0,0.478,0.878,-0.099,0.874,-0.475],"_shiftlockState":false,"_pose":"Running","_animationQueue":[["walk",0.1]],"_animationSpeed":1.102,"_zoom":12.541},{"_mousePosition":[871,344],"_rootPartCFrame":[769.372,222.691,47.074,0.059,0,0.998,0,1,0,-0.998,0,0.059],"_humanoidState":8,"_cameraCFrame":[769.962,235.209,41.112,-0.995,-0.087,0.047,0,0.478,0.878,-0.099,0.874,-0.475],"_shiftlockState":false,"_pose":"Running","_animationQueue":[],"_animationSpeed":1.102,"_zoom":12.541},{"_mousePosition":[871,344],"_rootPartCFrame":[769.106,222.695,47.048,0.064,0,0.998,0,1,0,-0.998,0,0.064],"_humanoidState":8,"_cameraCFrame":[769.697,235.212,41.085,-0.995,-0.087,0.047,0,0.478,0.878,-0.099,0.874,-0.475],"_shiftlockState":false,"_pose":"Running","_animationQueue":[],"_animationSpeed":1.102,"_zoom":12.541},{"_mousePosition":[871,344],"_rootPartCFrame":[768.841,222.697,47.021,0.069,0,0.998,0,1,0,-0.998,0,0.069],"_humanoidState":8,"_cameraCFrame":[769.431,235.214,41.059,-0.995,-0.087,0.047,0,0.478,0.878,-0.099,0.874,-0.475],"_shiftlockState":false,"_pose":"Running","_animationQueue":[],"_animationSpeed":1.102,"_zoom":12.541},{"_mousePosition":[871,344],"_rootPartCFrame":[768.576,222.698,46.995,0.073,0,0.997,0,1,0,-0.997,0,0.073],"_humanoidState":8,"_cameraCFrame":[769.166,235.215,41.033,-0.995,-0.087,0.047,0,0.478,0.878,-0.099,0.874,-0.475],"_shiftlockState":false,"_pose":"Running","_animationQueue":[],"_animationSpeed":1.102,"_zoom":12.541},{"_mousePosition":[871,344],"_rootPartCFrame":[768.31,222.699,46.969,0.076,0,0.997,0,1,0,-0.997,0,0.076],"_humanoidState":8,"_cameraCFrame":[768.901,235.216,41.007,-0.995,-0.087,0.047,0,0.478,0.878,-0.099,0.874,-0.475],"_shiftlockState":false,"_pose":"Running","_animationQueue":[],"_animationSpeed":1.102,"_zoom":12.541},{"_mousePosition":[871,344],"_rootPartCFrame":[768.045,222.699,46.942,0.079,0,0.997,0,1,0,-0.997,0,0.079],"_humanoidState":8,"_cameraCFrame":[768.635,235.216,40.98,-0.995,-0.087,0.047,0,0.478,0.878,-0.099,0.874,-0.475],"_shiftlockState":false,"_pose":"Running","_animationQueue":[],"_animationSpeed":1.102,"_zoom":12.541},{"_mousePosition":[871,344],"_rootPartCFrame":[767.78,222.699,46.916,0.082,0,0.997,0,1,0,-0.997,0,0.082],"_humanoidState":8,"_cameraCFrame":[768.37,235.217,40.954,-0.995,-0.087,0.047,0,0.478,0.878,-0.099,0.874,-0.475],"_shiftlockState":false,"_pose":"Running","_animationQueue":[["walk",0.1]],"_animationSpeed":1.102,"_zoom":12.541},{"_mousePosition":[871,344],"_rootPartCFrame":[767.514,222.699,46.89,0.084,0,0.996,0,1,0,-0.996,0,0.084],"_humanoidState":8,"_cameraCFrame":[768.104,235.217,40.928,-0.995,-0.087,0.047,0,0.478,0.878,-0.099,0.874,-0.475],"_shiftlockState":false,"_pose":"Running","_animationQueue":[],"_animationSpeed":1.102,"_zoom":12.541},{"_mousePosition":[871,344],"_rootPartCFrame":[767.249,222.7,46.864,0.086,0,0.996,0,1,0,-0.996,0,0.086],"_humanoidState":8,"_cameraCFrame":[767.839,235.217,40.901,-0.995,-0.087,0.047,0,0.478,0.878,-0.099,0.874,-0.475],"_shiftlockState":false,"_pose":"Running","_animationQueue":[],"_animationSpeed":1.102,"_zoom":12.541},{"_mousePosition":[871,344],"_rootPartCFrame":[766.983,222.7,46.837,0.088,0,0.996,0,1,0,-0.996,0,0.088],"_humanoidState":8,"_cameraCFrame":[767.574,235.217,40.875,-0.995,-0.087,0.047,0,0.478,0.878,-0.099,0.874,-0.475],"_shiftlockState":false,"_pose":"Running","_animationQueue":[],"_animationSpeed":1.102,"_zoom":12.541},{"_mousePosition":[871,344],"_rootPartCFrame":[766.718,222.7,46.811,0.089,0,0.996,0,1,0,-0.996,0,0.089],"_humanoidState":8,"_cameraCFrame":[767.308,235.217,40.849,-0.995,-0.087,0.047,0,0.478,0.878,-0.099,0.874,-0.475],"_shiftlockState":false,"_pose":"Running","_animationQueue":[],"_animationSpeed":1.102,"_zoom":12.541},{"_mousePosition":[871,344],"_rootPartCFrame":[766.32,222.7,46.772,0.091,0,0.996,0,1,0,-0.996,0,0.091],"_humanoidState":8,"_cameraCFrame":[766.895,235.231,40.835,-0.995,-0.085,0.046,0,0.476,0.88,-0.096,0.876,-0.473],"_shiftlockState":false,"_pose":"Running","_animationQueue":[],"_animationSpeed":1.102,"_zoom":12.541},{"_mousePosition":[871,344],"_rootPartCFrame":[766.187,222.7,46.759,0.092,0,0.996,0,1,0,-0.996,0,0.092],"_humanoidState":8,"_cameraCFrame":[766.755,235.241,40.839,-0.995,-0.084,0.045,0,0.474,0.88,-0.095,0.876,-0.472],"_shiftlockState":false,"_pose":"Running","_animationQueue":[],"_animationSpeed":1.102,"_zoom":12.541},{"_mousePosition":[871,344],"_rootPartCFrame":[765.922,222.7,46.733,0.092,0,0.996,0,1,0,-0.996,0,0.092],"_humanoidState":8,"_cameraCFrame":[766.489,235.241,40.813,-0.995,-0.084,0.045,0,0.474,0.88,-0.095,0.876,-0.472],"_shiftlockState":false,"_pose":"Running","_animationQueue":[["walk",0.1]],"_animationSpeed":1.102,"_zoom":12.541},{"_mousePosition":[871,344],"_rootPartCFrame":[765.656,222.7,46.707,0.093,0,0.996,0,1,0,-0.996,0,0.093],"_humanoidState":8,"_cameraCFrame":[766.224,235.241,40.788,-0.995,-0.084,0.045,0,0.474,0.88,-0.095,0.876,-0.472],"_shiftlockState":false,"_pose":"Running","_animationQueue":[],"_animationSpeed":1.102,"_zoom":12.541},{"_mousePosition":[871,344],"_rootPartCFrame":[765.391,222.7,46.682,0.093,0,0.996,0,1,0,-0.996,0,0.093],"_humanoidState":8,"_cameraCFrame":[765.958,235.241,40.762,-0.995,-0.084,0.045,0,0.474,0.88,-0.095,0.876,-0.472],"_shiftlockState":false,"_pose":"Running","_animationQueue":[],"_animationSpeed":1.102,"_zoom":12.541},{"_mousePosition":[871,344],"_rootPartCFrame":[765.125,222.7,46.656,0.093,0,0.996,0,1,0,-0.996,0,0.093],"_humanoidState":8,"_cameraCFrame":[765.685,235.25,40.754,-0.996,-0.083,0.045,0,0.473,0.881,-0.094,0.877,-0.471],"_shiftlockState":false,"_pose":"Running","_animationQueue":[],"_animationSpeed":1.102,"_zoom":12.541},{"_mousePosition":[871,344],"_rootPartCFrame":[764.86,222.7,46.631,0.094,0,0.996,0,1,0,-0.996,0,0.094],"_humanoidState":8,"_cameraCFrame":[765.378,235.279,40.778,-0.996,-0.078,0.041,0,0.469,0.883,-0.088,0.88,-0.467],"_shiftlockState":false,"_pose":"Running","_animationQueue":[],"_animationSpeed":1.102,"_zoom":12.541},{"_mousePosition":[871,344],"_rootPartCFrame":[764.594,222.7,46.606,0.094,0,0.996,0,1,0,-0.996,0,0.094],"_humanoidState":8,"_cameraCFrame":[765.081,235.317,40.822,-0.996,-0.074,0.039,0,0.463,0.886,-0.084,0.883,-0.461],"_shiftlockState":false,"_pose":"Running","_animationQueue":[],"_animationSpeed":1.102,"_zoom":12.541},{"_mousePosition":[871,344],"_rootPartCFrame":[764.329,222.7,46.582,0.093,0,0.996,0,1,0,-0.996,0,0.093],"_humanoidState":8,"_cameraCFrame":[764.82,235.598,40.675,-0.997,-0.074,0.038,0,0.461,0.887,-0.083,0.884,-0.46],"_shiftlockState":false,"_pose":"Running","_animationQueue":[],"_animationSpeed":1.102,"_zoom":16.176},{"_mousePosition":[871,344],"_rootPartCFrame":[763.93,222.7,46.549,0.091,0,0.996,0,1,0,-0.996,0,0.091],"_humanoidState":8,"_cameraCFrame":[764.434,236.075,40.418,-0.997,-0.073,0.038,0,0.46,0.888,-0.082,0.885,-0.458],"_shiftlockState":false,"_pose":"Running","_animationQueue":[["walk",0.1]],"_animationSpeed":1.102,"_zoom":16.176},{"_mousePosition":[871,344],"_rootPartCFrame":[763.797,222.7,46.537,0.091,0,0.996,0,1,0,-0.996,0,0.091],"_humanoidState":8,"_cameraCFrame":[764.3,236.662,40.166,-0.997,-0.07,0.036,0,0.456,0.89,-0.079,0.887,-0.455],"_shiftlockState":false,"_pose":"Running","_animationQueue":[],"_animationSpeed":1.102,"_zoom":16.176},{"_mousePosition":[871,344],"_rootPartCFrame":[763.531,222.7,46.516,0.09,0,0.996,0,1,0,-0.996,0,0.09],"_humanoidState":8,"_cameraCFrame":[764.069,237.571,39.706,-0.997,-0.07,0.036,0,0.455,0.891,-0.079,0.888,-0.454],"_shiftlockState":false,"_pose":"Running","_animationQueue":[],"_animationSpeed":1.102,"_zoom":20.72},{"_mousePosition":[871,344],"_rootPartCFrame":[763.133,222.7,46.484,0.087,0,0.996,0,1,0,-0.996,0,0.087],"_humanoidState":8,"_cameraCFrame":[763.699,238.609,39.218,-0.997,-0.069,0.035,0,0.451,0.892,-0.078,0.89,-0.45],"_shiftlockState":false,"_pose":"Running","_animationQueue":[],"_animationSpeed":1.102,"_zoom":20.72},{"_mousePosition":[871,344],"_rootPartCFrame":[763,222.7,46.474,0.087,0,0.996,0,1,0,-0.996,0,0.087],"_humanoidState":8,"_cameraCFrame":[763.604,239.982,38.61,-0.997,-0.069,0.034,0,0.447,0.895,-0.077,0.892,-0.446],"_shiftlockState":false,"_pose":"Running","_animationQueue":[],"_animationSpeed":1.102,"_zoom":26.4},{"_mousePosition":[871,344],"_rootPartCFrame":[762.734,222.7,46.453,0.086,0,0.996,0,1,0,-0.996,0,0.086],"_humanoidState":8,"_cameraCFrame":[763.406,241.757,37.705,-0.997,-0.069,0.034,0,0.447,0.895,-0.077,0.892,-0.446],"_shiftlockState":false,"_pose":"Running","_animationQueue":[],"_animationSpeed":1.102,"_zoom":26.4},{"_mousePosition":[871,344],"_rootPartCFrame":[762.468,222.7,46.432,0.084,0,0.996,0,1,0,-0.996,0,0.084],"_humanoidState":8,"_cameraCFrame":[763.194,243.324,36.981,-0.997,-0.069,0.034,0,0.444,0.896,-0.077,0.893,-0.443],"_shiftlockState":false,"_pose":"Running","_animationQueue":[],"_animationSpeed":1.102,"_zoom":26.4},{"_mousePosition":[871,344],"_rootPartCFrame":[762.069,222.7,46.402,0.083,0,0.997,0,1,0,-0.997,0,0.083],"_humanoidState":8,"_cameraCFrame":[762.839,244.519,36.38,-0.997,-0.069,0.034,0,0.443,0.896,-0.077,0.894,-0.442],"_shiftlockState":false,"_pose":"Running","_animationQueue":[["walk",0.1]],"_animationSpeed":1.102,"_zoom":26.4},{"_mousePosition":[871,344],"_rootPartCFrame":[761.936,222.7,46.391,0.082,0,0.997,0,1,0,-0.997,0,0.082],"_humanoidState":8,"_cameraCFrame":[762.73,245.512,35.922,-0.997,-0.068,0.033,0,0.442,0.897,-0.076,0.894,-0.441],"_shiftlockState":false,"_pose":"Running","_animationQueue":[],"_animationSpeed":1.102,"_zoom":26.4},{"_mousePosition":[871,344],"_rootPartCFrame":[761.537,222.7,46.361,0.081,0,0.997,0,1,0,-0.997,0,0.081],"_humanoidState":8,"_cameraCFrame":[762.354,246.258,35.59,-0.997,-0.068,0.033,0,0.44,0.898,-0.076,0.896,-0.439],"_shiftlockState":false,"_pose":"Running","_animationQueue":[],"_animationSpeed":1.102,"_zoom":26.4},{"_mousePosition":[871,344],"_rootPartCFrame":[761.405,222.7,46.351,0.081,0,0.997,0,1,0,-0.997,0,0.081],"_humanoidState":8,"_cameraCFrame":[762.221,246.794,35.43,-0.997,-0.067,0.033,0,0.436,0.9,-0.075,0.897,-0.435],"_shiftlockState":false,"_pose":"Running","_animationQueue":[],"_animationSpeed":1.102,"_zoom":26.4},{"_mousePosition":[871,344],"_rootPartCFrame":[761.006,222.7,46.321,0.08,0,0.997,0,1,0,-0.997,0,0.08],"_humanoidState":8,"_cameraCFrame":[761.815,247.201,35.339,-0.997,-0.066,0.032,0,0.432,0.902,-0.073,0.9,-0.431],"_shiftlockState":false,"_pose":"Running","_animationQueue":[],"_animationSpeed":1.102,"_zoom":26.4},{"_mousePosition":[871,344],"_rootPartCFrame":[760.873,222.7,46.311,0.079,0,0.997,0,1,0,-0.997,0,0.079],"_humanoidState":8,"_cameraCFrame":[761.658,247.513,35.339,-0.997,-0.065,0.03,0,0.427,0.904,-0.071,0.902,-0.426],"_shiftlockState":false,"_pose":"Running","_animationQueue":[],"_animationSpeed":1.102,"_zoom":26.4},{"_mousePosition":[871,344],"_rootPartCFrame":[760.474,222.7,46.281,0.078,0,0.997,0,1,0,-0.997,0,0.078],"_humanoidState":8,"_cameraCFrame":[761.231,247.786,35.388,-0.998,-0.063,0.029,0,0.42,0.907,-0.069,0.905,-0.419],"_shiftlockState":false,"_pose":"Running","_animationQueue":[],"_animationSpeed":1.102,"_zoom":26.4},{"_mousePosition":[871,344],"_rootPartCFrame":[760.341,222.7,46.272,0.078,0,0.997,0,1,0,-0.997,0,0.078],"_humanoidState":8,"_cameraCFrame":[761.054,247.991,35.513,-0.998,-0.06,0.027,0,0.413,0.911,-0.066,0.909,-0.412],"_shiftlockState":false,"_pose":"Running","_animationQueue":[["walk",0.1]],"_animationSpeed":1.102,"_zoom":26.4},{"_mousePosition":[871,344],"_rootPartCFrame":[759.942,222.7,46.244,0.076,0,0.997,0,1,0,-0.997,0,0.076],"_humanoidState":8,"_cameraCFrame":[760.615,248.133,35.581,-0.998,-0.058,0.026,0,0.408,0.913,-0.063,0.911,-0.407],"_shiftlockState":false,"_pose":"Running","_animationQueue":[],"_animationSpeed":1.102,"_zoom":26.4},{"_mousePosition":[871,344],"_rootPartCFrame":[759.809,222.7,46.235,0.076,0,0.997,0,1,0,-0.997,0,0.076],"_humanoidState":8,"_cameraCFrame":[760.406,248.281,35.734,-0.998,-0.052,0.023,0,0.4,0.916,-0.057,0.915,-0.4],"_shiftlockState":false,"_pose":"Running","_animationQueue":[],"_animationSpeed":1.102,"_zoom":26.4},{"_mousePosition":[871,344],"_rootPartCFrame":[759.41,222.7,46.21,0.073,0,0.997,0,1,0,-0.997,0,0.073],"_humanoidState":8,"_cameraCFrame":[759.934,248.386,35.844,-0.999,-0.046,0.02,0,0.394,0.919,-0.051,0.918,-0.394],"_shiftlockState":false,"_pose":"Running","_animationQueue":[],"_animationSpeed":1.102,"_zoom":26.4},{"_mousePosition":[871,344],"_rootPartCFrame":[759.276,222.7,46.202,0.072,0,0.997,0,1,0,-0.997,0,0.072],"_humanoidState":8,"_cameraCFrame":[759.741,248.469,35.96,-0.999,-0.042,0.018,0,0.389,0.921,-0.045,0.92,-0.389],"_shiftlockState":false,"_pose":"Running","_animationQueue":[],"_animationSpeed":1.102,"_zoom":26.4},{"_mousePosition":[871,344],"_rootPartCFrame":[758.877,222.7,46.182,0.068,0,0.998,0,1,0,-0.998,0,0.068],"_humanoidState":8,"_cameraCFrame":[759.295,248.519,36.009,-0.999,-0.038,0.016,0,0.386,0.922,-0.041,0.922,-0.386],"_shiftlockState":false,"_pose":"Running","_animationQueue":[],"_animationSpeed":1.102,"_zoom":26.4},{"_mousePosition":[871,344],"_rootPartCFrame":[758.611,222.7,46.169,0.065,0,0.998,0,1,0,-0.998,0,0.065],"_humanoidState":8,"_cameraCFrame":[758.994,248.563,36.069,-0.999,-0.035,0.015,0,0.383,0.924,-0.038,0.923,-0.383],"_shiftlockState":false,"_pose":"Running","_animationQueue":[["walk",0.1]],"_animationSpeed":1.102,"_zoom":26.4},{"_mousePosition":[871,344],"_rootPartCFrame":[758.477,222.7,46.164,0.063,0,0.998,0,1,0,-0.998,0,0.063],"_humanoidState":8,"_cameraCFrame":[758.838,248.595,36.118,-0.999,-0.033,0.014,0,0.381,0.925,-0.036,0.924,-0.381],"_shiftlockState":false,"_pose":"Running","_animationQueue":[],"_animationSpeed":1.102,"_zoom":26.4},{"_mousePosition":[871,344],"_rootPartCFrame":[758.211,222.7,46.154,0.06,0,0.998,0,1,0,-0.998,0,0.06],"_humanoidState":8,"_cameraCFrame":[758.506,248.632,36.183,-1,-0.027,0.011,0,0.378,0.926,-0.03,0.925,-0.378],"_shiftlockState":false,"_pose":"Running","_animationQueue":[],"_animationSpeed":1.102,"_zoom":26.4},{"_mousePosition":[871,344],"_rootPartCFrame":[757.811,222.7,46.139,0.055,0,0.998,0,1,0,-0.998,0,0.055],"_humanoidState":8,"_cameraCFrame":[758.041,248.683,36.284,-1,-0.022,0.009,0,0.374,0.928,-0.023,0.927,-0.373],"_shiftlockState":false,"_pose":"Running","_animationQueue":[],"_animationSpeed":1.102,"_zoom":26.4},{"_mousePosition":[871,344],"_rootPartCFrame":[757.678,222.7,46.135,0.053,0,0.999,0,1,0,-0.999,0,0.053],"_humanoidState":8,"_cameraCFrame":[757.823,248.748,36.435,-1,-0.014,0.005,0,0.368,0.93,-0.015,0.93,-0.367],"_shiftlockState":false,"_pose":"Running","_animationQueue":[],"_animationSpeed":1.102,"_zoom":26.4},{"_mousePosition":[871,344],"_rootPartCFrame":[757.278,222.7,46.126,0.047,0,0.999,0,1,0,-0.999,0,0.047],"_humanoidState":8,"_cameraCFrame":[757.361,248.789,36.524,-1,-0.008,0.003,0,0.364,0.931,-0.009,0.931,-0.364],"_shiftlockState":false,"_pose":"Running","_animationQueue":[],"_animationSpeed":1.102,"_zoom":26.4},{"_mousePosition":[871,344],"_rootPartCFrame":[757.145,222.7,46.124,0.045,0,0.999,0,1,0,-0.999,0,0.045],"_humanoidState":8,"_cameraCFrame":[757.157,248.828,36.62,-1,-0.001,0,0,0.36,0.933,-0.001,0.933,-0.36],"_shiftlockState":false,"_pose":"Running","_animationQueue":[],"_animationSpeed":1.102,"_zoom":26.4},{"_mousePosition":[871,344],"_rootPartCFrame":[756.745,222.7,46.12,0.038,0,0.999,0,1,0,-0.999,0,0.038],"_humanoidState":8,"_cameraCFrame":[756.687,249.419,36.482,-1,0.006,-0.002,0,0.357,0.934,0.006,0.934,-0.357],"_shiftlockState":false,"_pose":"Running","_animationQueue":[["walk",0.1]],"_animationSpeed":1.102,"_zoom":33.5},{"_mousePosition":[871,344],"_rootPartCFrame":[756.478,222.7,46.119,0.033,0,0.999,0,1,0,-0.999,0,0.033],"_humanoidState":8,"_cameraCFrame":[756.356,250.558,36.168,-1,0.012,-0.004,0,0.353,0.936,0.012,0.935,-0.353],"_shiftlockState":false,"_pose":"Running","_animationQueue":[],"_animationSpeed":1.102,"_zoom":33.5},{"_mousePosition":[871,344],"_rootPartCFrame":[756.211,222.7,46.121,0.028,0,1,0,1,0,-1,0,0.028],"_humanoidState":8,"_cameraCFrame":[756.042,251.671,35.851,-1,0.015,-0.006,0,0.35,0.937,0.016,0.937,-0.35],"_shiftlockState":false,"_pose":"Running","_animationQueue":[],"_animationSpeed":1.102,"_zoom":33.5},{"_mousePosition":[871,344],"_rootPartCFrame":[756.078,222.7,46.122,0.025,0,1,0,1,0,-1,0,0.025],"_humanoidState":8,"_cameraCFrame":[755.849,252.723,35.591,-1,0.02,-0.008,0,0.346,0.938,0.022,0.938,-0.346],"_shiftlockState":false,"_pose":"Running","_animationQueue":[],"_animationSpeed":1.102,"_zoom":33.5},{"_mousePosition":[871,344],"_rootPartCFrame":[755.678,222.7,46.129,0.017,0,1,0,1,0,-1,0,0.017],"_humanoidState":8,"_cameraCFrame":[755.422,253.567,35.394,-1,0.022,-0.008,0,0.343,0.939,0.024,0.939,-0.343],"_shiftlockState":false,"_pose":"Running","_animationQueue":[],"_animationSpeed":1.102,"_zoom":33.5},{"_mousePosition":[871,344],"_rootPartCFrame":[755.545,222.7,46.132,0.014,0,1,0,1,0,-1,0,0.014],"_humanoidState":8,"_cameraCFrame":[755.274,254.169,35.232,-1,0.023,-0.009,0,0.342,0.94,0.025,0.939,-0.342],"_shiftlockState":false,"_pose":"Running","_animationQueue":[],"_animationSpeed":1.102,"_zoom":33.5},{"_mousePosition":[871,344],"_rootPartCFrame":[755.145,222.7,46.141,0.007,0,1,0,1,0,-1,0,0.007],"_humanoidState":8,"_cameraCFrame":[754.859,254.66,35.091,-1,0.024,-0.009,0,0.341,0.94,0.026,0.94,-0.341],"_shiftlockState":false,"_pose":"Running","_animationQueue":[],"_animationSpeed":1.102,"_zoom":33.5},{"_mousePosition":[871,344],"_rootPartCFrame":[754.878,222.7,46.148,0.002,0,1,0,1,0,-1,0,0.002],"_humanoidState":8,"_cameraCFrame":[754.59,254.975,35.011,-1,0.024,-0.009,0,0.34,0.94,0.026,0.94,-0.34],"_shiftlockState":false,"_pose":"Running","_animationQueue":[["walk",0.1]],"_animationSpeed":1.102,"_zoom":33.5},{"_mousePosition":[871,344],"_rootPartCFrame":[754.612,222.7,46.155,-0.001,0,1,0,1,0,-1,0,-0.001],"_humanoidState":8,"_cameraCFrame":[754.321,255.196,34.939,-1,0.024,-0.009,0,0.34,0.94,0.026,0.94,-0.34],"_shiftlockState":false,"_pose":"Running","_animationQueue":[],"_animationSpeed":1.102,"_zoom":33.5},{"_mousePosition":[871,344],"_rootPartCFrame":[754.479,222.7,46.158,-0.003,0,1,0,1,0,-1,0,-0.003],"_humanoidState":8,"_cameraCFrame":[754.186,255.359,34.883,-1,0.024,-0.009,0,0.34,0.94,0.026,0.94,-0.34],"_shiftlockState":false,"_pose":"Running","_animationQueue":[],"_animationSpeed":1.102,"_zoom":33.5},{"_mousePosition":[871,344],"_rootPartCFrame":[754.212,222.7,46.165,-0.006,0,1,0,1,0,-1,0,-0.006],"_humanoidState":8,"_cameraCFrame":[753.921,255.493,34.927,-1,0.024,-0.009,0,0.338,0.941,0.026,0.941,-0.338],"_shiftlockState":false,"_pose":"Running","_animationQueue":[],"_animationSpeed":1.102,"_zoom":33.5},{"_mousePosition":[871,344],"_rootPartCFrame":[753.679,222.7,46.179,-0.011,0,1,0,1,0,-1,0,-0.011],"_humanoidState":8,"_cameraCFrame":[753.437,255.617,35.038,-1,0.02,-0.007,0,0.334,0.942,0.022,0.942,-0.334],"_shiftlockState":false,"_pose":"Running","_animationQueue":[],"_animationSpeed":1.102,"_zoom":33.5},{"_mousePosition":[871,344],"_rootPartCFrame":[753.679,222.7,46.179,-0.011,0,1,0,1,0,-1,0,-0.011],"_humanoidState":8,"_cameraCFrame":[753.52,255.714,35.145,-1,0.014,-0.005,0,0.33,0.944,0.014,0.944,-0.33],"_shiftlockState":false,"_pose":"Running","_animationQueue":[],"_animationSpeed":1.102,"_zoom":33.5},{"_mousePosition":[871,344],"_rootPartCFrame":[753.279,222.7,46.188,-0.014,0,1,0,1,0,-1,0,-0.014],"_humanoidState":8,"_cameraCFrame":[753.167,255.776,35.217,-1,0.01,-0.003,0,0.328,0.945,0.01,0.945,-0.328],"_shiftlockState":false,"_pose":"Running","_animationQueue":[],"_animationSpeed":1.102,"_zoom":33.5},{"_mousePosition":[871,344],"_rootPartCFrame":[753.146,222.7,46.19,-0.014,0,1,0,1,0,-1,0,-0.014],"_humanoidState":8,"_cameraCFrame":[753.045,255.799,35.211,-1,0.009,-0.003,0,0.328,0.945,0.009,0.945,-0.328],"_shiftlockState":false,"_pose":"Running","_animationQueue":[["walk",0.1]],"_animationSpeed":1.102,"_zoom":33.5},{"_mousePosition":[871,344],"_rootPartCFrame":[752.879,222.7,46.193,-0.013,0,1,0,1,0,-1,0,-0.013],"_humanoidState":8,"_cameraCFrame":[752.778,255.814,35.209,-1,0.009,-0.003,0,0.328,0.945,0.009,0.945,-0.328],"_shiftlockState":false,"_pose":"Running","_animationQueue":[],"_animationSpeed":1.102,"_zoom":33.5},{"_mousePosition":[871,344],"_rootPartCFrame":[752.612,222.7,46.195,-0.013,0,1,0,1,0,-1,0,-0.013],"_humanoidState":8,"_cameraCFrame":[752.512,255.825,35.207,-1,0.009,-0.003,0,0.328,0.945,0.009,0.945,-0.328],"_shiftlockState":false,"_pose":"Running","_animationQueue":[],"_animationSpeed":1.102,"_zoom":33.5},{"_mousePosition":[871,344],"_rootPartCFrame":[752.346,222.7,46.197,-0.012,0,1,0,1,0,-1,0,-0.012],"_humanoidState":8,"_cameraCFrame":[752.245,255.831,35.208,-1,0.009,-0.003,0,0.328,0.945,0.009,0.945,-0.328],"_shiftlockState":false,"_pose":"Running","_animationQueue":[],"_animationSpeed":1.102,"_zoom":33.5},{"_mousePosition":[871,344],"_rootPartCFrame":[752.079,222.7,46.2,-0.012,0,1,0,1,0,-1,0,-0.012],"_humanoidState":8,"_cameraCFrame":[751.978,255.836,35.208,-1,0.009,-0.003,0,0.328,0.945,0.009,0.945,-0.328],"_shiftlockState":false,"_pose":"Running","_animationQueue":[],"_animationSpeed":1.102,"_zoom":33.5},{"_mousePosition":[871,344],"_rootPartCFrame":[751.813,222.7,46.202,-0.012,0,1,0,1,0,-1,0,-0.012],"_humanoidState":8,"_cameraCFrame":[751.712,255.839,35.21,-1,0.009,-0.003,0,0.328,0.945,0.009,0.945,-0.328],"_shiftlockState":false,"_pose":"Running","_animationQueue":[],"_animationSpeed":1.102,"_zoom":33.5},{"_mousePosition":[871,344],"_rootPartCFrame":[751.546,222.7,46.205,-0.011,0,1,0,1,0,-1,0,-0.011],"_humanoidState":8,"_cameraCFrame":[751.434,255.858,35.263,-1,0.01,-0.003,0,0.327,0.945,0.01,0.945,-0.327],"_shiftlockState":false,"_pose":"Running","_animationQueue":[],"_animationSpeed":1.102,"_zoom":33.5},{"_mousePosition":[871,344],"_rootPartCFrame":[751.279,222.7,46.207,-0.011,0,1,0,1,0,-1,0,-0.011],"_humanoidState":8,"_cameraCFrame":[751.123,255.886,35.342,-1,0.014,-0.005,0,0.324,0.946,0.014,0.946,-0.324],"_shiftlockState":false,"_pose":"Running","_animationQueue":[["walk",0.1]],"_animationSpeed":1.102,"_zoom":33.5},{"_mousePosition":[871,344],"_rootPartCFrame":[751.013,222.7,46.21,-0.011,0,1,0,1,0,-1,0,-0.011],"_humanoidState":8,"_cameraCFrame":[750.846,255.904,35.396,-1,0.015,-0.005,0,0.323,0.946,0.015,0.946,-0.323],"_shiftlockState":false,"_pose":"Running","_animationQueue":[],"_animationSpeed":1.102,"_zoom":33.5},{"_mousePosition":[871,344],"_rootPartCFrame":[750.746,222.7,46.214,-0.011,0,1,0,1,0,-1,0,-0.011],"_humanoidState":8,"_cameraCFrame":[750.557,255.922,35.451,-1,0.017,-0.006,0,0.321,0.947,0.018,0.947,-0.321],"_shiftlockState":false,"_pose":"Running","_animationQueue":[],"_animationSpeed":1.102,"_zoom":33.5},{"_mousePosition":[871,344],"_rootPartCFrame":[750.346,222.7,46.22,-0.012,0,1,0,1,0,-1,0,-0.012],"_humanoidState":8,"_cameraCFrame":[750.147,255.931,35.482,-1,0.018,-0.006,0,0.321,0.947,0.019,0.947,-0.321],"_shiftlockState":false,"_pose":"Running","_animationQueue":[],"_animationSpeed":1.102,"_zoom":33.5},{"_mousePosition":[871,344],"_rootPartCFrame":[750.213,222.7,46.222,-0.012,0,1,0,1,0,-1,0,-0.012],"_humanoidState":8,"_cameraCFrame":[750.003,255.949,35.536,-1,0.019,-0.006,0,0.319,0.948,0.02,0.948,-0.319],"_shiftlockState":false,"_pose":"Running","_animationQueue":[],"_animationSpeed":1.102,"_zoom":33.5},{"_mousePosition":[871,344],"_rootPartCFrame":[749.946,222.7,46.227,-0.013,0,1,0,1,0,-1,0,-0.013],"_humanoidState":8,"_cameraCFrame":[749.726,255.958,35.567,-1,0.02,-0.007,0,0.318,0.948,0.021,0.948,-0.318],"_shiftlockState":false,"_pose":"Running","_animationQueue":[],"_animationSpeed":1.102,"_zoom":33.5},{"_mousePosition":[871,344],"_rootPartCFrame":[749.68,222.7,46.232,-0.014,0,1,0,1,0,-1,0,-0.014],"_humanoidState":8,"_cameraCFrame":[749.449,255.975,35.623,-1,0.021,-0.007,0,0.317,0.949,0.022,0.948,-0.317],"_shiftlockState":false,"_pose":"Running","_animationQueue":[["walk",0.1]],"_animationSpeed":1.102,"_zoom":33.5},{"_mousePosition":[871,344],"_rootPartCFrame":[749.413,222.7,46.238,-0.015,0,1,0,1,0,-1,0,-0.015],"_humanoidState":8,"_cameraCFrame":[749.173,256,35.706,-1,0.022,-0.007,0,0.314,0.949,0.023,0.949,-0.314],"_shiftlockState":false,"_pose":"Running","_animationQueue":[],"_animationSpeed":1.102,"_zoom":33.5},{"_mousePosition":[871,344],"_rootPartCFrame":[749.146,222.7,46.244,-0.016,0,1,0,1,0,-1,0,-0.016],"_humanoidState":8,"_cameraCFrame":[748.887,256.034,35.815,-1,0.024,-0.008,0,0.311,0.95,0.025,0.95,-0.311],"_shiftlockState":false,"_pose":"Running","_animationQueue":[],"_animationSpeed":1.102,"_zoom":33.5},{"_mousePosition":[871,344],"_rootPartCFrame":[748.747,222.7,46.253,-0.017,0,1,0,1,0,-1,0,-0.017],"_humanoidState":8,"_cameraCFrame":[748.485,255.578,36.169,-1,0.025,-0.008,0,0.306,0.952,0.026,0.952,-0.306],"_shiftlockState":false,"_pose":"Running","_animationQueue":[],"_animationSpeed":1.102,"_zoom":26.4},{"_mousePosition":[871,344],"_rootPartCFrame":[748.613,222.7,46.256,-0.018,0,1,0,1,0,-1,0,-0.018],"_humanoidState":8,"_cameraCFrame":[748.353,254.497,36.601,-1,0.026,-0.008,0,0.304,0.953,0.027,0.952,-0.304],"_shiftlockState":false,"_pose":"Running","_animationQueue":[],"_animationSpeed":1.102,"_zoom":26.4},{"_mousePosition":[871,344],"_rootPartCFrame":[748.213,222.7,46.266,-0.019,0,1,0,1,0,-1,0,-0.019],"_humanoidState":8,"_cameraCFrame":[747.963,253.398,36.988,-1,0.026,-0.008,0,0.303,0.953,0.027,0.953,-0.303],"_shiftlockState":false,"_pose":"Running","_animationQueue":[],"_animationSpeed":1.102,"_zoom":26.4},{"_mousePosition":[871,344],"_rootPartCFrame":[748.08,222.7,46.27,-0.02,0,1,0,1,0,-1,0,-0.02],"_humanoidState":8,"_cameraCFrame":[747.845,251.816,37.543,-1,0.026,-0.008,0,0.301,0.953,0.027,0.953,-0.301],"_shiftlockState":false,"_pose":"Running","_animationQueue":[],"_animationSpeed":1.102,"_zoom":20.72},{"_mousePosition":[871,344],"_rootPartCFrame":[747.68,222.7,46.281,-0.021,0,1,0,1,0,-1,0,-0.021],"_humanoidState":8,"_cameraCFrame":[747.459,250.186,38.069,-1,0.026,-0.008,0,0.301,0.953,0.027,0.953,-0.301],"_shiftlockState":false,"_pose":"Running","_animationQueue":[["walk",0.1]],"_animationSpeed":1.102,"_zoom":20.72},{"_mousePosition":[871,344],"_rootPartCFrame":[747.547,222.7,46.284,-0.022,0,1,0,1,0,-1,0,-0.022],"_humanoidState":8,"_cameraCFrame":[747.338,248.702,38.541,-1,0.026,-0.008,0,0.301,0.953,0.027,0.953,-0.301],"_shiftlockState":false,"_pose":"Running","_animationQueue":[],"_animationSpeed":1.102,"_zoom":20.72},{"_mousePosition":[871,344],"_rootPartCFrame":[747.28,222.7,46.291,-0.022,0,1,0,1,0,-1,0,-0.022],"_humanoidState":8,"_cameraCFrame":[747.082,247.473,38.937,-1,0.026,-0.008,0,0.301,0.953,0.027,0.953,-0.301],"_shiftlockState":false,"_pose":"Running","_animationQueue":[],"_animationSpeed":1.102,"_zoom":20.72},{"_mousePosition":[871,344],"_rootPartCFrame":[747.014,222.7,46.299,-0.023,0,1,0,1,0,-1,0,-0.023],"_humanoidState":8,"_cameraCFrame":[746.826,246.424,39.335,-1,0.026,-0.008,0,0.299,0.954,0.027,0.954,-0.299],"_shiftlockState":false,"_pose":"Running","_animationQueue":[],"_animationSpeed":1.102,"_zoom":20.72},{"_mousePosition":[871,344],"_rootPartCFrame":[746.614,222.7,46.309,-0.024,0,1,0,1,0,-1,0,-0.024],"_humanoidState":8,"_cameraCFrame":[746.434,245.708,39.646,-1,0.026,-0.008,0,0.296,0.955,0.027,0.955,-0.296],"_shiftlockState":false,"_pose":"Running","_animationQueue":[],"_animationSpeed":1.102,"_zoom":20.72},{"_mousePosition":[871,344],"_rootPartCFrame":[746.347,222.7,46.317,-0.024,0,1,0,1,0,-1,0,-0.024],"_humanoidState":8,"_cameraCFrame":[746.173,245.19,39.869,-1,0.026,-0.008,0,0.294,0.956,0.027,0.956,-0.294],"_shiftlockState":false,"_pose":"Running","_animationQueue":[],"_animationSpeed":1.102,"_zoom":20.72},{"_mousePosition":[871,344],"_rootPartCFrame":[746.214,222.7,46.32,-0.024,0,1,0,1,0,-1,0,-0.024],"_humanoidState":8,"_cameraCFrame":[746.044,244.829,40.038,-1,0.026,-0.008,0,0.291,0.957,0.027,0.956,-0.291],"_shiftlockState":false,"_pose":"Running","_animationQueue":[],"_animationSpeed":1.102,"_zoom":20.72},{"_mousePosition":[871,344],"_rootPartCFrame":[745.814,222.7,46.331,-0.025,0,1,0,1,0,-1,0,-0.025],"_humanoidState":8,"_cameraCFrame":[745.647,244.585,40.141,-1,0.026,-0.008,0,0.291,0.957,0.027,0.956,-0.291],"_shiftlockState":false,"_pose":"Running","_animationQueue":[["walk",0.1]],"_animationSpeed":1.102,"_zoom":20.72},{"_mousePosition":[871,344],"_rootPartCFrame":[745.681,222.7,46.335,-0.025,0,1,0,1,0,-1,0,-0.025],"_humanoidState":8,"_cameraCFrame":[745.516,244.411,40.233,-1,0.026,-0.008,0,0.289,0.957,0.027,0.957,-0.289],"_shiftlockState":false,"_pose":"Running","_animationQueue":[],"_animationSpeed":1.102,"_zoom":20.72},{"_mousePosition":[871,344],"_rootPartCFrame":[745.414,222.7,46.342,-0.025,0,1,0,1,0,-1,0,-0.025],"_humanoidState":8,"_cameraCFrame":[745.251,244.297,40.292,-1,0.026,-0.008,0,0.288,0.958,0.027,0.957,-0.288],"_shiftlockState":false,"_pose":"Running","_animationQueue":[],"_animationSpeed":1.102,"_zoom":20.72},{"_mousePosition":[871,344],"_rootPartCFrame":[745.147,222.7,46.349,-0.026,0,1,0,1,0,-1,0,-0.026],"_humanoidState":8,"_cameraCFrame":[744.986,244.225,40.374,-1,0.026,-0.008,0,0.286,0.958,0.027,0.958,-0.286],"_shiftlockState":false,"_pose":"Running","_animationQueue":[],"_animationSpeed":1.102,"_zoom":20.72},{"_mousePosition":[871,344],"_rootPartCFrame":[744.881,222.7,46.356,-0.026,0,1,0,1,0,-1,0,-0.026],"_humanoidState":8,"_cameraCFrame":[744.715,244.18,40.43,-1,0.027,-0.008,0,0.284,0.959,0.028,0.958,-0.284],"_shiftlockState":false,"_pose":"Running","_animationQueue":[],"_animationSpeed":1.102,"_zoom":20.72},{"_mousePosition":[871,344],"_rootPartCFrame":[744.614,222.7,46.363,-0.026,0,1,0,1,0,-1,0,-0.026],"_humanoidState":8,"_cameraCFrame":[744.451,244.162,40.53,-1,0.027,-0.008,0,0.281,0.96,0.028,0.959,-0.28],"_shiftlockState":false,"_pose":"Running","_animationQueue":[],"_animationSpeed":1.102,"_zoom":20.72},{"_mousePosition":[871,344],"_rootPartCFrame":[744.214,222.7,46.375,-0.026,0,1,0,1,0,-1,0,-0.026],"_humanoidState":8,"_cameraCFrame":[744.059,244.156,40.612,-1,0.026,-0.007,0,0.277,0.961,0.027,0.96,-0.277],"_shiftlockState":false,"_pose":"Running","_animationQueue":[],"_animationSpeed":1.102,"_zoom":20.72},{"_mousePosition":[871,344],"_rootPartCFrame":[743.948,222.7,46.382,-0.027,0,1,0,1,0,-1,0,-0.027],"_humanoidState":8,"_cameraCFrame":[743.812,244.163,40.705,-1,0.023,-0.007,0,0.274,0.962,0.024,0.962,-0.274],"_shiftlockState":false,"_pose":"Running","_animationQueue":[["walk",0.1]],"_animationSpeed":1.102,"_zoom":20.72},{"_mousePosition":[871,344],"_rootPartCFrame":[743.814,222.7,46.386,-0.027,0,1,0,1,0,-1,0,-0.027],"_humanoidState":8,"_cameraCFrame":[743.722,244.174,40.791,-1,0.016,-0.004,0,0.27,0.963,0.016,0.963,-0.27],"_shiftlockState":false,"_pose":"Running","_animationQueue":[],"_animationSpeed":1.102,"_zoom":20.72},{"_mousePosition":[871,344],"_rootPartCFrame":[743.415,222.7,46.395,-0.026,0,1,0,1,0,-1,0,-0.026],"_humanoidState":8,"_cameraCFrame":[743.364,244.193,40.899,-1,0.009,-0.002,0,0.265,0.964,0.009,0.964,-0.265],"_shiftlockState":false,"_pose":"Running","_animationQueue":[],"_animationSpeed":1.102,"_zoom":20.72},{"_mousePosition":[871,344],"_rootPartCFrame":[743.148,222.7,46.4,-0.025,0,1,0,1,0,-1,0,-0.025],"_humanoidState":8,"_cameraCFrame":[743.144,244.219,41.018,-1,0.001,0,0,0.26,0.966,0.001,0.966,-0.26],"_shiftlockState":false,"_pose":"Running","_animationQueue":[],"_animationSpeed":1.102,"_zoom":20.72},{"_mousePosition":[871,344],"_rootPartCFrame":[743.015,222.7,46.401,-0.024,0,1,0,1,0,-1,0,-0.024],"_humanoidState":8,"_cameraCFrame":[743.061,244.655,40.99,-1,-0.008,0.002,0,0.256,0.967,-0.009,0.967,-0.256],"_shiftlockState":false,"_pose":"Running","_animationQueue":[],"_animationSpeed":1.102,"_zoom":26.4},{"_mousePosition":[871,344],"_rootPartCFrame":[742.615,222.7,46.402,-0.019,0,1,0,1,0,-1,0,-0.019],"_humanoidState":8,"_cameraCFrame":[742.726,245.516,40.856,-1,-0.02,0.005,0,0.252,0.968,-0.02,0.968,-0.252],"_shiftlockState":false,"_pose":"Running","_animationQueue":[],"_animationSpeed":1.102,"_zoom":26.4},{"_mousePosition":[871,344],"_rootPartCFrame":[742.481,222.7,46.401,-0.018,0,1,0,1,0,-1,0,-0.018],"_humanoidState":8,"_cameraCFrame":[742.684,246.565,40.757,-0.999,-0.035,0.009,0,0.245,0.97,-0.036,0.969,-0.245],"_shiftlockState":false,"_pose":"Running","_animationQueue":[],"_animationSpeed":1.102,"_zoom":26.4},