[{"_mousePosition":[471,434],"_rootPartCFrame":[776.024,222.7,47.142,0.004,0,1,0,1,0,-1,0,0.004],"_humanoidState":8,"_cameraCFrame":[775.494,250.12,51.682,0.993,0.114,-0.02,0,0.174,0.985,0.116,-0.978,0.172],"_shiftlockState":false,"_pose":"Standing","_animationQueue":[],"_animationSpeed":1,"_zoom":26.32},{"_mousePosition":[471,434],"_rootPartCFrame":[775.723,222.7,47.109,0.021,0,1,0,1,0,-1,0,0.021],"_humanoidState":8,"_cameraCFrame":[775.158,250.12,51.644,0.992,0.122,-0.021,0,0.174,0.985,0.124,-0.977,0.172],"_shiftlockState":false,"_pose":"Standing","_animationQueue":[],"_animationSpeed":1,"_zoom":26.32},{"_mousePosition":[471,434],"_rootPartCFrame":[775.59,222.7,47.093,0.028,0,1,0,1,0,-1,0,0.028],"_humanoidState":8,"_cameraCFrame":[774.991,250.12,51.624,0.991,0.129,-0.023,0,0.174,0.985,0.131,-0.976,0.172],"_shiftlockState":false,"_pose":"Running","_animationQueue":[["walk",0.1]],"_animationSpeed":1.089,"_zoom":26.32},{"_mousePosition":[471,434],"_rootPartCFrame":[775.326,222.7,47.061,0.041,0,0.999,0,1,0,-0.999,0,0.041],"_humanoidState":8,"_cameraCFrame":[774.703,250.12,51.588,0.991,0.134,-0.024,0,0.174,0.985,0.136,-0.976,0.172],"_shiftlockState":false,"_pose":"Running","_animationQueue":[],"_animationSpeed":1.089,"_zoom":26.32},{"_mousePosition":[471,434],"_rootPartCFrame":[774.929,222.7,47.008,0.059,0,0.998,0,1,0,-0.998,0,0.059],"_humanoidState":8,"_cameraCFrame":[774.272,250.12,51.531,0.99,0.141,-0.025,0,0.174,0.985,0.144,-0.975,0.172],"_shiftlockState":false,"_pose":"Running","_animationQueue":[["walk",0.1]],"_animationSpeed":1.089,"_zoom":26.32},{"_mousePosition":[471,434],"_rootPartCFrame":[774.665,222.7,46.972,0.069,0,0.998,0,1,0,-0.998,0,0.069],"_humanoidState":8,"_cameraCFrame":[773.94,250.12,51.485,0.987,0.156,-0.028,0,0.174,0.985,0.159,-0.972,0.171],"_shiftlockState":false,"_pose":"Running","_animationQueue":[],"_animationSpeed":1.089,"_zoom":26.32},{"_mousePosition":[471,434],"_rootPartCFrame":[774.401,222.7,46.934,0.079,0,0.997,0,1,0,-0.997,0,0.079],"_humanoidState":8,"_cameraCFrame":[773.653,250.12,51.443,0.987,0.161,-0.028,0,0.174,0.985,0.164,-0.972,0.171],"_shiftlockState":false,"_pose":"Running","_animationQueue":[],"_animationSpeed":1.089,"_zoom":26.32},{"_mousePosition":[471,434],"_rootPartCFrame":[774.269,222.7,46.913,0.085,0,0.996,0,1,0,-0.996,0,0.085],"_humanoidState":8,"_cameraCFrame":[775.114,250.12,51.734,0.982,0.188,-0.033,0,0.174,0.985,0.191,-0.967,0.17],"_shiftlockState":true,"_pose":"Running","_animationQueue":[],"_animationSpeed":1.089,"_zoom":26.32},{"_mousePosition":[683,384],"_rootPartCFrame":[773.875,222.7,46.848,0.939,0,-0.343,0,1,0,0.343,0,0.939],"_humanoidState":8,"_cameraCFrame":[774.719,250.12,51.668,0.982,0.188,-0.033,0,0.174,0.985,0.191,-0.967,0.17],"_shiftlockState":true,"_pose":"Running","_animationQueue":[],"_animationSpeed":1.089,"_zoom":26.32},{"_mousePosition":[683,384],"_rootPartCFrame":[773.613,222.7,46.798,0.976,0,-0.218,0,1,0,0.218,0,0.976],"_humanoidState":8,"_cameraCFrame":[774.408,250.12,51.627,0.98,0.198,-0.035,0,0.174,0.985,0.201,-0.965,0.17],"_shiftlockState":true,"_pose":"Running","_animationQueue":[],"_animationSpeed":1.089,"_zoom":26.32},{"_mousePosition":[683,384],"_rootPartCFrame":[773.417,222.7,46.76,0.979,0,-0.202,0,1,0,0.202,0,0.979],"_humanoidState":8,"_cameraCFrame":[774.188,250.12,51.592,0.979,0.203,-0.036,0,0.174,0.985,0.206,-0.964,0.17],"_shiftlockState":true,"_pose":"Running","_animationQueue":[],"_animationSpeed":1.089,"_zoom":26.32},{"_mousePosition":[683,384],"_rootPartCFrame":[773.09,222.7,46.693,0.979,0,-0.206,0,1,0,0.206,0,0.979],"_humanoidState":8,"_cameraCFrame":[773.837,250.12,51.53,0.978,0.208,-0.037,0,0.174,0.985,0.211,-0.963,0.17],"_shiftlockState":true,"_pose":"Running","_animationQueue":[["walk",0.1]],"_animationSpeed":1.089,"_zoom":26.32},{"_mousePosition":[683,384],"_rootPartCFrame":[772.894,222.7,46.652,0.978,0,-0.211,0,1,0,0.211,0,0.978],"_humanoidState":8,"_cameraCFrame":[773.604,250.12,51.494,0.976,0.215,-0.038,0,0.174,0.985,0.218,-0.961,0.169],"_shiftlockState":true,"_pose":"Running","_animationQueue":[],"_animationSpeed":1.089,"_zoom":26.32},{"_mousePosition":[683,384],"_rootPartCFrame":[772.633,222.7,46.596,0.976,0,-0.218,0,1,0,0.218,0,0.976],"_humanoidState":8,"_cameraCFrame":[773.319,250.12,51.442,0.975,0.22,-0.039,0,0.174,0.985,0.223,-0.96,0.169],"_shiftlockState":true,"_pose":"Running","_animationQueue":[],"_animationSpeed":1.089,"_zoom":26.32},{"_mousePosition":[683,384],"_rootPartCFrame":[772.373,222.7,46.538,0.975,0,-0.223,0,1,0,0.223,0,0.975],"_humanoidState":8,"_cameraCFrame":[773.022,250.12,51.389,0.973,0.227,-0.04,0,0.174,0.985,0.231,-0.958,0.169],"_shiftlockState":true,"_pose":"Running","_animationQueue":[],"_animationSpeed":1.089,"_zoom":26.32},{"_mousePosition":[683,384],"_rootPartCFrame":[772.048,222.7,46.464,0.973,0,-0.231,0,1,0,0.231,0,0.973],"_humanoidState":8,"_cameraCFrame":[772.66,250.12,51.319,0.971,0.234,-0.041,0,0.174,0.985,0.238,-0.957,0.169],"_shiftlockState":true,"_pose":"Running","_animationQueue":[],"_animationSpeed":1.089,"_zoom":26.32},{"_mousePosition":[683,384],"_rootPartCFrame":[771.789,222.7,46.403,0.971,0,-0.238,0,1,0,0.238,0,0.971],"_humanoidState":8,"_cameraCFrame":[772.351,250.12,51.264,0.969,0.244,-0.043,0,0.174,0.985,0.248,-0.954,0.168],"_shiftlockState":true,"_pose":"Running","_animationQueue":[],"_animationSpeed":1.089,"_zoom":26.32},{"_mousePosition":[683,384],"_rootPartCFrame":[771.529,222.7,46.339,0.969,0,-0.248,0,1,0,0.248,0,0.969],"_humanoidState":8,"_cameraCFrame":[772.03,250.12,51.208,0.966,0.256,-0.045,0,0.174,0.985,0.26,-0.951,0.168],"_shiftlockState":true,"_pose":"Running","_animationQueue":[],"_animationSpeed":1.089,"_zoom":26.32},{"_mousePosition":[683,384],"_rootPartCFrame":[771.271,222.7,46.274,0.966,0,-0.26,0,1,0,0.26,0,0.966],"_humanoidState":8,"_cameraCFrame":[771.698,250.12,51.149,0.962,0.271,-0.048,0,0.174,0.985,0.275,-0.947,0.167],"_shiftlockState":true,"_pose":"Running","_animationQueue":[["walk",0.1]],"_animationSpeed":1.089,"_zoom":26.32},{"_mousePosition":[683,384],"_rootPartCFrame":[771.013,222.7,46.205,0.962,0,-0.275,0,1,0,0.275,0,0.962],"_humanoidState":8,"_cameraCFrame":[771.416,250.12,51.082,0.96,0.275,-0.049,0,0.174,0.985,0.28,-0.946,0.167],"_shiftlockState":true,"_pose":"Running","_animationQueue":[],"_animationSpeed":1.089,"_zoom":26.32},{"_mousePosition":[683,384],"_rootPartCFrame":[770.757,222.7,46.132,0.96,0,-0.28,0,1,0,0.28,0,0.96],"_humanoidState":8,"_cameraCFrame":[771.135,250.12,51.012,0.959,0.28,-0.049,0,0.174,0.985,0.284,-0.944,0.166],"_shiftlockState":true,"_pose":"Running","_animationQueue":[],"_animationSpeed":1.089,"_zoom":26.32},{"_mousePosition":[683,384],"_rootPartCFrame":[770.501,222.7,46.058,0.959,0,-0.284,0,1,0,0.284,0,0.959],"_humanoidState":8,"_cameraCFrame":[770.854,250.12,50.939,0.957,0.285,-0.05,0,0.174,0.985,0.289,-0.943,0.166],"_shiftlockState":true,"_pose":"Running","_animationQueue":[],"_animationSpeed":1.089,"_zoom":26.32},{"_mousePosition":[683,384],"_rootPartCFrame":[770.309,222.7,46.001,0.957,0,-0.289,0,1,0,0.289,0,0.957],"_humanoidState":8,"_cameraCFrame":[770.637,250.12,50.884,0.956,0.29,-0.051,0,0.174,0.985,0.294,-0.941,0.166],"_shiftlockState":true,"_pose":"Running","_animationQueue":[],"_animationSpeed":1.089,"_zoom":26.32},{"_mousePosition":[683,384],"_rootPartCFrame":[770.054,222.7,45.924,0.956,0,-0.294,0,1,0,0.294,0,0.956],"_humanoidState":8,"_cameraCFrame":[770.357,250.12,50.809,0.954,0.294,-0.052,0,0.174,0.985,0.299,-0.94,0.166],"_shiftlockState":true,"_pose":"Running","_animationQueue":[],"_animationSpeed":1.089,"_zoom":26.32},{"_mousePosition":[683,384],"_rootPartCFrame":[769.798,222.666,45.847,0.954,0,-0.299,0,1,0,0.299,0,0.954],"_humanoidState":8,"_cameraCFrame":[770.065,250.086,50.734,0.952,0.302,-0.053,0,0.174,0.985,0.306,-0.938,0.165],"_shiftlockState":true,"_pose":"Running","_animationQueue":[],"_animationSpeed":1.089,"_zoom":26.32},{"_mousePosition":[683,384],"_rootPartCFrame":[769.543,222.577,45.77,0.952,0,-0.306,0,1,0,0.306,0,0.952],"_humanoidState":8,"_cameraCFrame":[769.772,249.997,50.658,0.95,0.309,-0.054,0,0.174,0.985,0.313,-0.935,0.165],"_shiftlockState":true,"_pose":"Running","_animationQueue":[["walk",0.1]],"_animationSpeed":1.089,"_zoom":26.32},{"_mousePosition":[683,384],"_rootPartCFrame":[769.224,222.39,45.673,0.95,0,-0.313,0,1,0,0.313,0,0.95],"_humanoidState":8,"_cameraCFrame":[769.391,249.81,50.565,0.946,0.32,-0.057,0,0.174,0.985,0.325,-0.931,0.164],"_shiftlockState":true,"_pose":"Running","_animationQueue":[],"_animationSpeed":1.089,"_zoom":26.32},{"_mousePosition":[683,384],"_rootPartCFrame":[768.968,222.178,45.596,0.946,0,-0.325,0,1,0,0.325,0,0.946],"_humanoidState":8,"_cameraCFrame":[769.062,249.599,50.489,0.941,0.335,-0.059,0,0.174,0.985,0.34,-0.926,0.163],"_shiftlockState":true,"_pose":"Running","_animationQueue":[],"_animationSpeed":1.089,"_zoom":26.32},{"_mousePosition":[683,384],"_rootPartCFrame":[768.654,222.924,45.499,0.941,0,-0.339,0,1,0,0.339,0,0.941],"_humanoidState":8,"_cameraCFrame":[768.723,250.344,50.392,0.939,0.339,-0.06,0,0.174,0.985,0.344,-0.925,0.163],"_shiftlockState":true,"_pose":"Running","_animationQueue":[],"_animationSpeed":1.089,"_zoom":26.32},{"_mousePosition":[683,384],"_rootPartCFrame":[768.403,223.797,45.412,0.939,0,-0.344,0,1,0,0.344,0,0.939],"_humanoidState":3,"_cameraCFrame":[768.471,251.217,50.305,0.939,0.339,-0.06,0,0.174,0.985,0.344,-0.925,0.163],"_shiftlockState":true,"_pose":"Jumping","_animationQueue":[["walk",0.1],["jump",0.1]],"_animationSpeed":1,"_zoom":26.32},{"_mousePosition":[683,384],"_rootPartCFrame":[768.152,224.619,45.321,0.966,0,-0.257,0,1,0,0.257,0,0.966],"_humanoidState":5,"_cameraCFrame":[768.22,252.039,50.214,0.939,0.339,-0.06,0,0.174,0.985,0.344,-0.925,0.163],"_shiftlockState":true,"_pose":"FreeFall","_animationQueue":[["jump",0.1]],"_animationSpeed":1,"_zoom":26.32},{"_mousePosition":[683,384],"_rootPartCFrame":[767.902,225.386,45.229,0.975,0,-0.221,0,1,0,0.221,0,0.975],"_humanoidState":5,"_cameraCFrame":[767.97,252.806,50.123,0.939,0.339,-0.06,0,0.174,0.985,0.344,-0.925,0.163],"_shiftlockState":true,"_pose":"FreeFall","_animationQueue":[],"_animationSpeed":1,"_zoom":26.32},{"_mousePosition":[683,384],"_rootPartCFrame":[767.714,225.926,45.161,0.968,0,-0.25,0,1,0,0.25,0,0.968],"_humanoidState":5,"_cameraCFrame":[767.758,253.346,50.054,0.937,0.344,-0.061,0,0.174,0.985,0.349,-0.923,0.163],"_shiftlockState":true,"_pose":"FreeFall","_animationQueue":[],"_animationSpeed":1,"_zoom":26.32},{"_mousePosition":[683,384],"_rootPartCFrame":[767.401,226.758,45.046,0.982,0,-0.189,0,1,0,0.189,0,0.982],"_humanoidState":5,"_cameraCFrame":[767.445,254.178,49.94,0.937,0.344,-0.061,0,0.174,0.985,0.349,-0.923,0.163],"_shiftlockState":true,"_pose":"FreeFall","_animationQueue":[],"_animationSpeed":1,"_zoom":26.32},{"_mousePosition":[683,384],"_rootPartCFrame":[767.214,227.216,44.976,0.967,0,-0.254,0,1,0,0.254,0,0.967],"_humanoidState":5,"_cameraCFrame":[767.245,254.636,49.87,0.936,0.346,-0.061,0,0.174,0.985,0.352,-0.922,0.163],"_shiftlockState":true,"_pose":"FreeFall","_animationQueue":[],"_animationSpeed":1,"_zoom":26.32},{"_mousePosition":[683,384],"_rootPartCFrame":[766.902,227.911,44.86,0.981,0,-0.192,0,1,0,0.192,0,0.981],"_humanoidState":5,"_cameraCFrame":[766.92,255.332,49.754,0.935,0.349,-0.061,0,0.174,0.985,0.354,-0.921,0.162],"_shiftlockState":true,"_pose":"FreeFall","_animationQueue":[],"_animationSpeed":1,"_zoom":26.32},{"_mousePosition":[683,384],"_rootPartCFrame":[766.652,228.406,44.766,0.974,0,-0.227,0,1,0,0.227,0,0.974],"_humanoidState":5,"_cameraCFrame":[766.658,255.827,49.66,0.934,0.351,-0.062,0,0.174,0.985,0.356,-0.92,0.162],"_shiftlockState":true,"_pose":"FreeFall","_animationQueue":[],"_animationSpeed":1,"_zoom":26.32},{"_mousePosition":[683,384],"_rootPartCFrame":[766.465,228.742,44.695,0.965,0,-0.261,0,1,0,0.261,0,0.965],"_humanoidState":5,"_cameraCFrame":[766.459,256.162,49.589,0.933,0.353,-0.062,0,0.174,0.985,0.359,-0.919,0.162],"_shiftlockState":true,"_pose":"FreeFall","_animationQueue":[],"_animationSpeed":1,"_zoom":26.32},{"_mousePosition":[683,384],"_rootPartCFrame":[766.215,229.142,44.6,0.973,0,-0.232,0,1,0,0.232,0,0.973],"_humanoidState":5,"_cameraCFrame":[766.21,256.562,49.494,0.933,0.353,-0.062,0,0.174,0.985,0.359,-0.919,0.162],"_shiftlockState":true,"_pose":"FreeFall","_animationQueue":[],"_animationSpeed":1,"_zoom":26.32},{"_mousePosition":[683,384],"_rootPartCFrame":[765.966,229.487,44.505,0.973,0,-0.232,0,1,0,0.232,0,0.973],"_humanoidState":5,"_cameraCFrame":[765.948,256.907,49.399,0.933,0.356,-0.063,0,0.174,0.985,0.361,-0.918,0.162],"_shiftlockState":true,"_pose":"FreeFall","_animationQueue":[],"_animationSpeed":1,"_zoom":26.32},{"_mousePosition":[683,384],"_rootPartCFrame":[765.717,229.777,44.409,0.972,0,-0.234,0,1,0,0.234,0,0.972],"_humanoidState":5,"_cameraCFrame":[765.674,257.198,49.303,0.931,0.36,-0.064,0,0.174,0.985,0.366,-0.917,0.162],"_shiftlockState":true,"_pose":"FreeFall","_animationQueue":[],"_animationSpeed":1,"_zoom":26.32},{"_mousePosition":[683,384],"_rootPartCFrame":[765.469,230.014,44.313,0.971,0,-0.239,0,1,0,0.239,0,0.971],"_humanoidState":5,"_cameraCFrame":[765.388,257.434,49.206,0.928,0.367,-0.065,0,0.174,0.985,0.373,-0.914,0.161],"_shiftlockState":true,"_pose":"FreeFall","_animationQueue":[],"_animationSpeed":1,"_zoom":26.32},{"_mousePosition":[683,384],"_rootPartCFrame":[765.158,230.232,44.191,0.977,0,-0.214,0,1,0,0.214,0,0.977],"_humanoidState":5,"_cameraCFrame":[765.016,257.652,49.083,0.923,0.379,-0.067,0,0.174,0.985,0.385,-0.909,0.16],"_shiftlockState":true,"_pose":"FreeFall","_animationQueue":[],"_animationSpeed":1,"_zoom":26.32},{"_mousePosition":[683,384],"_rootPartCFrame":[764.911,230.346,44.092,0.966,0,-0.258,0,1,0,0.258,0,0.966],"_humanoidState":5,"_cameraCFrame":[764.682,257.766,48.981,0.916,0.395,-0.07,0,0.174,0.985,0.401,-0.902,0.159],"_shiftlockState":true,"_pose":"FreeFall","_animationQueue":[],"_animationSpeed":1,"_zoom":26.32},{"_mousePosition":[683,384],"_rootPartCFrame":[764.664,230.405,43.99,0.961,0,-0.276,0,1,0,0.276,0,0.961],"_humanoidState":5,"_cameraCFrame":[764.374,257.825,48.875,0.911,0.406,-0.072,0,0.174,0.985,0.412,-0.897,0.158],"_shiftlockState":true,"_pose":"FreeFall","_animationQueue":[["fall",0.3]],"_animationSpeed":1,"_zoom":26.32},{"_mousePosition":[683,384],"_rootPartCFrame":[764.42,230.409,43.884,0.958,0,-0.288,0,1,0,0.288,0,0.958],"_humanoidState":5,"_cameraCFrame":[764.104,257.829,48.768,0.909,0.411,-0.072,0,0.174,0.985,0.417,-0.895,0.158],"_shiftlockState":true,"_pose":"FreeFall","_animationQueue":[],"_animationSpeed":1,"_zoom":26.32},{"_mousePosition":[683,384],"_rootPartCFrame":[764.237,230.377,43.802,0.946,0,-0.324,0,1,0,0.324,0,0.946],"_humanoidState":5,"_cameraCFrame":[763.91,257.797,48.685,0.908,0.413,-0.073,0,0.174,0.985,0.419,-0.894,0.158],"_shiftlockState":true,"_pose":"FreeFall","_animationQueue":[],"_animationSpeed":1,"_zoom":26.32},{"_mousePosition":[683,384],"_rootPartCFrame":[763.934,230.255,43.663,0.965,0,-0.263,0,1,0,0.263,0,0.965],"_humanoidState":5,"_cameraCFrame":[763.594,257.675,48.545,0.907,0.415,-0.073,0,0.174,0.985,0.422,-0.893,0.157],"_shiftlockState":true,"_pose":"FreeFall","_animationQueue":[],"_animationSpeed":1,"_zoom":26.32},{"_mousePosition":[683,384],"_rootPartCFrame":[763.753,230.141,43.579,0.944,0,-0.329,0,1,0,0.329,0,0.944],"_humanoidState":5,"_cameraCFrame":[763.388,257.561,48.46,0.905,0.42,-0.074,0,0.174,0.985,0.426,-0.891,0.157],"_shiftlockState":true,"_pose":"FreeFall","_animationQueue":[],"_animationSpeed":1,"_zoom":26.32},{"_mousePosition":[683,384],"_rootPartCFrame":[763.511,229.941,43.467,0.953,0,-0.302,0,1,0,0.302,0,0.953],"_humanoidState":5,"_cameraCFrame":[763.121,257.361,48.345,0.902,0.424,-0.075,0,0.174,0.985,0.431,-0.889,0.157],"_shiftlockState":true,"_pose":"FreeFall","_animationQueue":[],"_animationSpeed":1,"_zoom":26.32},{"_mousePosition":[683,384],"_rootPartCFrame":[763.209,229.614,43.325,0.961,0,-0.275,0,1,0,0.275,0,0.961],"_humanoidState":5,"_cameraCFrame":[762.795,257.034,48.201,0.9,0.429,-0.076,0,0.174,0.985,0.435,-0.887,0.156],"_shiftlockState":true,"_pose":"FreeFall","_animationQueue":[],"_animationSpeed":1,"_zoom":26.32},{"_mousePosition":[683,384],"_rootPartCFrame":[762.968,229.292,43.21,0.95,0,-0.312,0,1,0,0.312,0,0.95],"_humanoidState":5,"_cameraCFrame":[762.517,256.712,48.083,0.897,0.435,-0.077,0,0.174,0.985,0.442,-0.883,0.156],"_shiftlockState":true,"_pose":"FreeFall","_animationQueue":[["fall",0.3]],"_animationSpeed":1,"_zoom":26.32},{"_mousePosition":[683,384],"_rootPartCFrame":[762.728,228.915,43.094,0.948,0,-0.319,0,1,0,0.319,0,0.948],"_humanoidState":5,"_cameraCFrame":[762.252,256.335,47.965,0.895,0.44,-0.078,0,0.174,0.985,0.447,-0.881,0.155],"_shiftlockState":true,"_pose":"FreeFall","_animationQueue":[],"_animationSpeed":1,"_zoom":26.32},{"_mousePosition":[683,384],"_rootPartCFrame":[762.489,228.483,42.977,0.946,0,-0.324,0,1,0,0.324,0,0.946],"_humanoidState":5,"_cameraCFrame":[762.001,255.903,47.846,0.894,0.442,-0.078,0,0.174,0.985,0.449,-0.88,0.155],"_shiftlockState":true,"_pose":"FreeFall","_animationQueue":[],"_animationSpeed":1,"_zoom":26.32},{"_mousePosition":[683,384],"_rootPartCFrame":[762.25,227.997,42.858,0.945,0,-0.326,0,1,0,0.326,0,0.945],"_humanoidState":5,"_cameraCFrame":[761.762,255.417,47.727,0.894,0.442,-0.078,0,0.174,0.985,0.449,-0.88,0.155],"_shiftlockState":true,"_pose":"FreeFall","_animationQueue":[],"_animationSpeed":1,"_zoom":26.32},{"_mousePosition":[683,384],"_rootPartCFrame":[762.072,227.597,42.768,0.934,0,-0.358,0,1,0,0.358,0,0.934],"_humanoidState":5,"_cameraCFrame":[761.583,255.017,47.638,0.894,0.442,-0.078,0,0.174,0.985,0.449,-0.88,0.155],"_shiftlockState":true,"_pose":"FreeFall","_animationQueue":[],"_animationSpeed":1,"_zoom":26.32},{"_mousePosition":[683,384],"_rootPartCFrame":[761.774,226.862,42.618,0.956,0,-0.295,0,1,0,0.295,0,0.956],"_humanoidState":5,"_cameraCFrame":[761.286,254.282,47.488,0.894,0.442,-0.078,0,0.174,0.985,0.449,-0.88,0.155],"_shiftlockState":true,"_pose":"FreeFall","_animationQueue":[],"_animationSpeed":1,"_zoom":26.32},{"_mousePosition":[683,384],"_rootPartCFrame":[761.548,226.771,42.505,0.908,0,-0.419,0,1,0,0.419,0,0.908],"_humanoidState":7,"_cameraCFrame":[761.06,254.192,47.375,0.894,0.442,-0.078,0,0.174,0.985,0.449,-0.88,0.155],"_shiftlockState":true,"_pose":"FreeFall","_animationQueue":[["walk",0.1],["fall",0.3],["fall",0.3]],"_animationSpeed":1,"_zoom":26.32},{"_mousePosition":[683,384],"_rootPartCFrame":[761.375,226.77,42.418,0.894,0,-0.448,0,1,0,0.448,0,0.894],"_humanoidState":7,"_cameraCFrame":[760.912,254.19,47.29,0.896,0.438,-0.077,0,0.174,0.985,0.444,-0.882,0.156],"_shiftlockState":true,"_pose":"FreeFall","_animationQueue":[["fall",0.3]],"_animationSpeed":1,"_zoom":26.32},{"_mousePosition":[683,384],"_rootPartCFrame":[761.026,226.588,42.243,0.896,0,-0.444,0,1,0,0.444,0,0.896],"_humanoidState":8,"_cameraCFrame":[760.587,254.008,47.117,0.898,0.433,-0.076,0,0.174,0.985,0.44,-0.884,0.156],"_shiftlockState":true,"_pose":"Running","_animationQueue":[["walk",0.1],["fall",0.3],["walk",0.1]],"_animationSpeed":1.076,"_zoom":26.32},{"_mousePosition":[683,384],"_rootPartCFrame":[760.793,227.451,42.126,0.898,0,-0.44,0,1,0,0.44,0,0.898],"_humanoidState":3,"_cameraCFrame":[760.392,254.871,47.003,0.901,0.426,-0.075,0,0.174,0.985,0.433,-0.888,0.157],"_shiftlockState":true,"_pose":"Jumping","_animationQueue":[["walk",0.1],["jump",0.1]],"_animationSpeed":1,"_zoom":26.32},{"_mousePosition":[683,384],"_rootPartCFrame":[760.555,228.259,42.009,0.937,0,-0.348,0,1,0,0.348,0,0.937],"_humanoidState":5,"_cameraCFrame":[760.178,255.679,46.888,0.904,0.422,-0.074,0,0.174,0.985,0.428,-0.89,0.157],"_shiftlockState":true,"_pose":"FreeFall","_animationQueue":[["jump",0.1]],"_animationSpeed":1,"_zoom":26.32},{"_mousePosition":[683,384],"_rootPartCFrame":[760.315,229.013,41.893,0.951,0,-0.309,0,1,0,0.309,0,0.951],"_humanoidState":5,"_cameraCFrame":[759.962,256.433,46.774,0.906,0.417,-0.074,0,0.174,0.985,0.424,-0.892,0.157],"_shiftlockState":true,"_pose":"FreeFall","_animationQueue":[],"_animationSpeed":1,"_zoom":26.32},{"_mousePosition":[683,384],"_rootPartCFrame":[760.074,229.712,41.778,0.954,0,-0.3,0,1,0,0.3,0,0.954],"_humanoidState":5,"_cameraCFrame":[759.746,257.132,46.661,0.908,0.413,-0.073,0,0.174,0.985,0.419,-0.894,0.158],"_shiftlockState":true,"_pose":"FreeFall","_animationQueue":[],"_animationSpeed":1,"_zoom":26.32},{"_mousePosition":[683,384],"_rootPartCFrame":[759.832,230.357,41.665,0.955,0,-0.295,0,1,0,0.295,0,0.955],"_humanoidState":5,"_cameraCFrame":[759.554,257.777,46.551,0.912,0.404,-0.071,0,0.174,0.985,0.41,-0.898,0.158],"_shiftlockState":true,"_pose":"FreeFall","_animationQueue":[],"_animationSpeed":1,"_zoom":26.32},{"_mousePosition":[683,384],"_rootPartCFrame":[759.651,230.805,41.581,0.948,0,-0.317,0,1,0,0.317,0,0.948],"_humanoidState":5,"_cameraCFrame":[759.41,258.225,46.469,0.915,0.397,-0.07,0,0.174,0.985,0.403,-0.901,0.159],"_shiftlockState":true,"_pose":"FreeFall","_animationQueue":[],"_animationSpeed":1,"_zoom":26.32},{"_mousePosition":[683,384],"_rootPartCFrame":[759.347,231.484,41.444,0.969,0,-0.246,0,1,0,0.246,0,0.969],"_humanoidState":5,"_cameraCFrame":[759.168,258.904,46.335,0.92,0.386,-0.068,0,0.174,0.985,0.392,-0.906,0.16],"_shiftlockState":true,"_pose":"FreeFall","_animationQueue":[],"_animationSpeed":1,"_zoom":26.32},{"_mousePosition":[683,384],"_rootPartCFrame":[759.164,231.85,41.363,0.955,0,-0.298,0,1,0,0.298,0,0.955],"_humanoidState":5,"_cameraCFrame":[758.997,259.27,46.254,0.921,0.383,-0.068,0,0.174,0.985,0.389,-0.907,0.16],"_shiftlockState":true,"_pose":"FreeFall","_animationQueue":[],"_animationSpeed":1,"_zoom":26.32},{"_mousePosition":[683,384],"_rootPartCFrame":[758.858,232.392,41.232,0.973,0,-0.231,0,1,0,0.231,0,0.973],"_humanoidState":5,"_cameraCFrame":[758.703,259.812,46.124,0.922,0.381,-0.067,0,0.174,0.985,0.387,-0.908,0.16],"_shiftlockState":true,"_pose":"FreeFall","_animationQueue":[],"_animationSpeed":1,"_zoom":26.32},{"_mousePosition":[683,384],"_rootPartCFrame":[758.612,232.764,41.128,0.965,0,-0.261,0,1,0,0.261,0,0.965],"_humanoidState":5,"_cameraCFrame":[758.47,260.184,46.02,0.923,0.379,-0.067,0,0.174,0.985,0.385,-0.909,0.16],"_shiftlockState":true,"_pose":"FreeFall","_animationQueue":[],"_animationSpeed":1,"_zoom":26.32},{"_mousePosition":[683,384],"_rootPartCFrame":[758.366,233.082,41.025,0.966,0,-0.258,0,1,0,0.258,0,0.966],"_humanoidState":5,"_cameraCFrame":[758.249,260.502,45.918,0.925,0.374,-0.066,0,0.174,0.985,0.38,-0.911,0.161],"_shiftlockState":true,"_pose":"FreeFall","_animationQueue":[],"_animationSpeed":1,"_zoom":26.32},{"_mousePosition":[683,384],"_rootPartCFrame":[758.12,233.345,40.922,0.967,0,-0.254,0,1,0,0.254,0,0.967],"_humanoidState":5,"_cameraCFrame":[758.028,260.766,45.816,0.927,0.369,-0.065,0,0.174,0.985,0.375,-0.913,0.161],"_shiftlockState":true,"_pose":"FreeFall","_animationQueue":[],"_animationSpeed":1,"_zoom":26.32},{"_mousePosition":[683,384],"_rootPartCFrame":[757.874,233.554,40.821,0.969,0,-0.249,0,1,0,0.249,0,0.969],"_humanoidState":5,"_cameraCFrame":[757.818,260.975,45.715,0.93,0.363,-0.064,0,0.174,0.985,0.368,-0.916,0.161],"_shiftlockState":true,"_pose":"FreeFall","_animationQueue":[],"_animationSpeed":1,"_zoom":26.32},{"_mousePosition":[683,384],"_rootPartCFrame":[757.688,233.675,40.746,0.962,0,-0.274,0,1,0,0.274,0,0.962],"_humanoidState":5,"_cameraCFrame":[757.682,261.095,45.64,0.933,0.353,-0.062,0,0.174,0.985,0.359,-0.919,0.162],"_shiftlockState":true,"_pose":"FreeFall","_animationQueue":[],"_animationSpeed":1,"_zoom":26.32},{"_mousePosition":[683,384],"_rootPartCFrame":[757.441,233.789,40.647,0.973,0,-0.232,0,1,0,0.232,0,0.973],"_humanoidState":5,"_cameraCFrame":[757.509,261.209,45.541,0.939,0.339,-0.06,0,0.174,0.985,0.344,-0.925,0.163],"_shiftlockState":true,"_pose":"FreeFall","_animationQueue":[],"_animationSpeed":1,"_zoom":26.32},{"_mousePosition":[683,384],"_rootPartCFrame":[757.13,233.854,40.527,0.983,0,-0.184,0,1,0,0.184,0,0.983],"_humanoidState":5,"_cameraCFrame":[757.272,261.274,45.419,0.944,0.325,-0.057,0,0.174,0.985,0.33,-0.93,0.164],"_shiftlockState":true,"_pose":"FreeFall","_animationQueue":[],"_animationSpeed":1,"_zoom":26.32},{"_mousePosition":[683,384],"_rootPartCFrame":[756.942,233.852,40.458,0.972,0,-0.234,0,1,0,0.234,0,0.972],"_humanoidState":5,"_cameraCFrame":[757.196,261.272,45.345,0.951,0.304,-0.054,0,0.174,0.985,0.309,-0.937,0.165],"_shiftlockState":true,"_pose":"FreeFall","_animationQueue":[],"_animationSpeed":1,"_zoom":26.32},{"_mousePosition":[683,384],"_rootPartCFrame":[756.628,233.781,40.347,0.989,0,-0.147,0,1,0,0.147,0,0.989],"_humanoidState":5,"_cameraCFrame":[757.03,261.202,45.225,0.96,0.275,-0.049,0,0.174,0.985,0.28,-0.946,0.167],"_shiftlockState":true,"_pose":"FreeFall","_animationQueue":[],"_animationSpeed":1,"_zoom":26.32},{"_mousePosition":[683,384],"_rootPartCFrame":[756.374,233.663,40.264,0.989,0,-0.15,0,1,0,0.15,0,0.989],"_humanoidState":5,"_cameraCFrame":[756.986,261.083,45.12,0.971,0.234,-0.041,0,0.174,0.985,0.238,-0.957,0.169],"_shiftlockState":true,"_pose":"FreeFall","_animationQueue":[["fall",0.3]],"_animationSpeed":1,"_zoom":26.32},{"_mousePosition":[683,384],"_rootPartCFrame":[756.183,233.539,40.207,0.99,0,-0.14,0,1,0,0.14,0,0.99],"_humanoidState":5,"_cameraCFrame":[756.868,260.959,45.053,0.975,0.22,-0.039,0,0.174,0.985,0.223,-0.96,0.169],"_shiftlockState":true,"_pose":"FreeFall","_animationQueue":[],"_animationSpeed":1,"_zoom":26.32},{"_mousePosition":[683,384],"_rootPartCFrame":[755.859,233.264,40.126,0.998,0,-0.059,0,1,0,0.059,0,0.998],"_humanoidState":5,"_cameraCFrame":[756.581,260.684,44.966,0.976,0.213,-0.037,0,0.174,0.985,0.216,-0.962,0.17],"_shiftlockState":true,"_pose":"FreeFall","_animationQueue":[],"_animationSpeed":1,"_zoom":26.32},{"_mousePosition":[683,384],"_rootPartCFrame":[755.599,232.982,40.066,0.996,0,-0.084,0,1,0,0.084,0,0.996],"_humanoidState":5,"_cameraCFrame":[756.346,260.402,44.903,0.978,0.208,-0.037,0,0.174,0.985,0.211,-0.963,0.17],"_shiftlockState":true,"_pose":"FreeFall","_animationQueue":[],"_animationSpeed":1,"_zoom":26.32},{"_mousePosition":[683,384],"_rootPartCFrame":[755.339,232.646,40.008,0.997,0,-0.079,0,1,0,0.079,0,0.997],"_humanoidState":5,"_cameraCFrame":[756.123,260.066,44.839,0.979,0.2,-0.035,0,0.174,0.985,0.203,-0.964,0.17],"_shiftlockState":true,"_pose":"FreeFall","_animationQueue":[],"_animationSpeed":1,"_zoom":26.32},{"_mousePosition":[683,384],"_rootPartCFrame":[755.144,232.358,39.966,0.994,0,-0.105,0,1,0,0.105,0,0.994],"_humanoidState":5,"_cameraCFrame":[755.988,259.778,44.786,0.982,0.188,-0.033,0,0.174,0.985,0.191,-0.967,0.17],"_shiftlockState":true,"_pose":"FreeFall","_animationQueue":[],"_animationSpeed":1,"_zoom":26.32},{"_mousePosition":[683,384],"_rootPartCFrame":[754.818,231.81,39.897,1,0,-0.026,0,1,0,0.026,0,1],"_humanoidState":5,"_cameraCFrame":[755.771,259.23,44.698,0.986,0.166,-0.029,0,0.174,0.985,0.169,-0.971,0.171],"_shiftlockState":true,"_pose":"FreeFall","_animationQueue":[["fall",0.3]],"_animationSpeed":1,"_zoom":26.32},{"_mousePosition":[683,384],"_rootPartCFrame":[754.556,231.311,39.846,0.999,0,-0.036,0,1,0,0.036,0,0.999],"_humanoidState":5,"_cameraCFrame":[755.655,258.731,44.615,0.99,0.137,-0.024,0,0.174,0.985,0.139,-0.975,0.172],"_shiftlockState":true,"_pose":"FreeFall","_animationQueue":[],"_animationSpeed":1,"_zoom":26.32},{"_mousePosition":[683,384],"_rootPartCFrame":[754.293,230.756,39.8,1,0,-0.006,0,1,0,0.006,0,1],"_humanoidState":5,"_cameraCFrame":[755.561,258.177,44.527,0.995,0.102,-0.018,0,0.174,0.985,0.104,-0.98,0.173],"_shiftlockState":true,"_pose":"FreeFall","_animationQueue":[],"_animationSpeed":1,"_zoom":26.32},{"_mousePosition":[683,384],"_rootPartCFrame":[754.029,230.148,39.762,1,0,0.03,0,1,0,-0.03,0,1],"_humanoidState":5,"_cameraCFrame":[755.452,257.568,44.445,0.997,0.07,-0.012,0,0.174,0.985,0.071,-0.982,0.173],"_shiftlockState":true,"_pose":"FreeFall","_animationQueue":[],"_animationSpeed":1,"_zoom":26.32},{"_mousePosition":[683,384],"_rootPartCFrame":[753.845,229.802,39.736,0.999,0.043,-0.031,-0.043,0.999,0.005,0.031,-0.004,1],"_humanoidState":7,"_cameraCFrame":[755.509,257.221,44.355,0.999,0.032,-0.006,0,0.174,0.985,0.033,-0.984,0.174],"_shiftlockState":true,"_pose":"FreeFall","_animationQueue":[["walk",0.1],["fall",0.3],["fall",0.3]],"_animationSpeed":1,"_zoom":26.32},{"_mousePosition":[683,384],"_rootPartCFrame":[753.735,230.005,39.722,0.997,0.071,-0.025,-0.071,0.997,0.008,0.026,-0.006,1],"_humanoidState":7,"_cameraCFrame":[755.511,257.421,44.313,1,0.017,-0.003,0,0.174,0.985,0.018,-0.985,0.174],"_shiftlockState":true,"_pose":"FreeFall","_animationQueue":[],"_animationSpeed":1,"_zoom":26.32},{"_mousePosition":[683,384],"_rootPartCFrame":[753.54,230.122,39.715,1,0.01,-0.017,-0.01,1,0.001,0.017,-0.001,1],"_humanoidState":7,"_cameraCFrame":[755.259,257.542,44.301,1,0.01,-0.002,0,0.174,0.985,0.01,-0.985,0.174],"_shiftlockState":true,"_pose":"FreeFall","_animationQueue":[],"_animationSpeed":1,"_zoom":26.32},{"_mousePosition":[683,384],"_rootPartCFrame":[753.282,230.152,39.708,1,-0.012,-0.01,0.012,1,-0.001,0.01,0.001,1],"_humanoidState":8,"_cameraCFrame":[755.05,257.572,44.267,1,-0.008,0.001,0,0.174,0.985,-0.008,-0.985,0.174],"_shiftlockState":true,"_pose":"Running","_animationQueue":[["fall",0.3],["walk",0.1],["fall",0.3],["walk",0.1]],"_animationSpeed":1.099,"_zoom":26.32},{"_mousePosition":[683,384],"_rootPartCFrame":[752.961,231.256,39.701,1,-0.014,0.008,0.014,1,-0.001,-0.008,0.002,1],"_humanoidState":3,"_cameraCFrame":[754.771,258.676,44.242,1,-0.018,0.003,0,0.174,0.985,-0.018,-0.985,0.174],"_shiftlockState":true,"_pose":"Jumping","_animationQueue":[["walk",0.1],["jump",0.1]],"_animationSpeed":1,"_zoom":26.32},{"_mousePosition":[683,384],"_rootPartCFrame":[752.703,232.139,39.696,1,-0.016,0.018,0.016,1,-0.002,-0.018,0.002,1],"_humanoidState":3,"_cameraCFrame":[754.556,259.559,44.219,1,-0.027,0.005,0,0.174,0.985,-0.028,-0.984,0.174],"_shiftlockState":true,"_pose":"Jumping","_animationQueue":[],"_animationSpeed":1,"_zoom":26.32},{"_mousePosition":[683,384],"_rootPartCFrame":[752.51,232.802,39.692,0.999,-0.018,0.028,0.018,1,-0.002,-0.028,0.002,1],"_humanoidState":3,"_cameraCFrame":[754.418,260.222,44.191,0.999,-0.04,0.007,0,0.174,0.985,-0.041,-0.984,0.174],"_shiftlockState":true,"_pose":"Jumping","_animationQueue":[],"_animationSpeed":1,"_zoom":26.32},{"_mousePosition":[683,384],"_rootPartCFrame":[752.253,233.685,39.686,0.999,-0.019,0.041,0.02,1,-0.002,-0.041,0.003,0.999],"_humanoidState":3,"_cameraCFrame":[754.214,261.105,44.161,0.999,-0.052,0.009,0,0.174,0.985,-0.053,-0.983,0.173],"_shiftlockState":true,"_pose":"Jumping","_animationQueue":[],"_animationSpeed":1,"_zoom":26.32},{"_mousePosition":[683,384],"_rootPartCFrame":[751.931,234.789,39.679,0.998,-0.022,0.053,0.022,1,-0.002,-0.053,0.003,0.999],"_humanoidState":3,"_cameraCFrame":[753.923,262.209,44.14,0.998,-0.06,0.011,0,0.174,0.985,-0.061,-0.983,0.173],"_shiftlockState":true,"_pose":"Jumping","_animationQueue":[],"_animationSpeed":1,"_zoom":26.32},{"_mousePosition":[683,384],"_rootPartCFrame":[751.735,235.431,39.685,0.992,-0.014,0.123,0.015,1,-0.001,-0.123,0.002,0.992],"_humanoidState":5,"_cameraCFrame":[753.738,262.851,44.144,0.998,-0.06,0.011,0,0.174,0.985,-0.061,-0.983,0.173],"_shiftlockState":true,"_pose":"FreeFall","_animationQueue":[["jump",0.1]],"_animationSpeed":1,"_zoom":26.32},{"_mousePosition":[683,384],"_rootPartCFrame":[751.406,236.433,39.704,0.976,-0.003,0.217,0.003,1,0.001,-0.217,0,0.976],"_humanoidState":5,"_cameraCFrame":[753.426,263.854,44.16,0.998,-0.06,0.011,0,0.174,0.985,-0.061,-0.983,0.173],"_shiftlockState":true,"_pose":"FreeFall","_animationQueue":[],"_animationSpeed":1,"_zoom":26.32},{"_mousePosition":[683,384],"_rootPartCFrame":[751.141,237.174,39.721,0.981,0,0.192,0,1,0,-0.192,0,0.981],"_humanoidState":5,"_cameraCFrame":[753.165,264.594,44.176,0.998,-0.06,0.011,0,0.174,0.985,-0.061,-0.983,0.173],"_shiftlockState":true,"_pose":"FreeFall","_animationQueue":[],"_animationSpeed":1,"_zoom":26.32},{"_mousePosition":[683,384],"_rootPartCFrame":[750.875,237.86,39.737,0.981,0,0.193,0,1,0,-0.193,0,0.981],"_humanoidState":5,"_cameraCFrame":[752.9,265.28,44.192,0.998,-0.06,0.011,0,0.174,0.985,-0.061,-0.983,0.173],"_shiftlockState":true,"_pose":"FreeFall","_animationQueue":[],"_animationSpeed":1,"_zoom":26.32},{"_mousePosition":[683,384],"_rootPartCFrame":[750.675,238.338,39.749,0.987,0,0.16,0,1,0,-0.16,0,0.987],"_humanoidState":5,"_cameraCFrame":[752.7,265.758,44.205,0.998,-0.06,0.011,0,0.174,0.985,-0.061,-0.983,0.173],"_shiftlockState":true,"_pose":"FreeFall","_animationQueue":[],"_animationSpeed":1,"_zoom":26.32},{"_mousePosition":[683,384],"_rootPartCFrame":[750.342,239.068,39.769,0.974,0,0.225,0,1,0,-0.225,0,0.974],"_humanoidState":5,"_cameraCFrame":[752.367,266.488,44.225,0.998,-0.06,0.011,0,0.174,0.985,-0.061,-0.983,0.173],"_shiftlockState":true,"_pose":"FreeFall","_animationQueue":[],"_animationSpeed":1,"_zoom":26.32},{"_mousePosition":[683,384],"_rootPartCFrame":[750.143,239.464,39.782,0.987,0,0.16,0,1,0,-0.16,0,0.987],"_humanoidState":5,"_cameraCFrame":[752.167,266.885,44.237,0.998,-0.06,0.011,0,0.174,0.985,-0.061,-0.983,0.173],"_shiftlockState":true,"_pose":"FreeFall","_animationQueue":[],"_animationSpeed":1,"_zoom":26.32},{"_mousePosition":[683,384],"_rootPartCFrame":[749.81,240.058,39.802,0.974,0,0.225,0,1,0,-0.225,0,0.974],"_humanoidState":5,"_cameraCFrame":[751.835,267.478,44.257,0.998,-0.06,0.011,0,0.174,0.985,-0.061,-0.983,0.173],"_shiftlockState":true,"_pose":"FreeFall","_animationQueue":[],"_animationSpeed":1,"_zoom":26.32},{"_mousePosition":[683,384],"_rootPartCFrame":[749.544,240.471,39.818,0.981,0,0.193,0,1,0,-0.193,0,0.981],"_humanoidState":5,"_cameraCFrame":[751.569,267.891,44.274,0.998,-0.06,0.011,0,0.174,0.985,-0.061,-0.983,0.173],"_shiftlockState":true,"_pose":"FreeFall","_animationQueue":[],"_animationSpeed":1,"_zoom":26.32},{"_mousePosition":[683,384],"_rootPartCFrame":[749.344,240.745,39.83,0.987,0,0.16,0,1,0,-0.16,0,0.987],"_humanoidState":5,"_cameraCFrame":[751.369,268.165,44.286,0.998,-0.06,0.011,0,0.174,0.985,-0.061,-0.983,0.173],"_shiftlockState":true,"_pose":"FreeFall","_animationQueue":[],"_animationSpeed":1,"_zoom":26.32},{"_mousePosition":[683,384],"_rootPartCFrame":[749.078,241.063,39.846,0.981,0,0.193,0,1,0,-0.193,0,0.981],"_humanoidState":5,"_cameraCFrame":[751.103,268.483,44.302,0.998,-0.06,0.011,0,0.174,0.985,-0.061,-0.983,0.173],"_shiftlockState":true,"_pose":"FreeFall","_animationQueue":[],"_animationSpeed":1,"_zoom":26.32},{"_mousePosition":[683,384],"_rootPartCFrame":[748.746,241.384,39.867,0.974,0,0.225,0,1,0,-0.225,0,0.974],"_humanoidState":5,"_cameraCFrame":[750.77,268.804,44.322,0.998,-0.06,0.011,0,0.174,0.985,-0.061,-0.983,0.173],"_shiftlockState":true,"_pose":"FreeFall","_animationQueue":[],"_animationSpeed":1,"_zoom":26.32},{"_mousePosition":[683,384],"_rootPartCFrame":[748.546,241.535,39.879,0.987,0,0.16,0,1,0,-0.16,0,0.987],"_humanoidState":5,"_cameraCFrame":[750.571,268.956,44.334,0.998,-0.06,0.011,0,0.174,0.985,-0.061,-0.983,0.173],"_shiftlockState":true,"_pose":"FreeFall","_animationQueue":[],"_animationSpeed":1,"_zoom":26.32},{"_mousePosition":[683,384],"_rootPartCFrame":[748.28,241.69,39.895,0.981,0,0.193,0,1,0,-0.193,0,0.981],"_humanoidState":5,"_cameraCFrame":[750.305,269.11,44.351,0.998,-0.06,0.011,0,0.174,0.985,-0.061,-0.983,0.173],"_shiftlockState":true,"_pose":"FreeFall","_animationQueue":[],"_animationSpeed":1,"_zoom":26.32},{"_mousePosition":[683,384],"_rootPartCFrame":[748.014,241.79,39.911,0.981,0,0.193,0,1,0,-0.193,0,0.981],"_humanoidState":5,"_cameraCFrame":[750.038,269.21,44.367,0.998,-0.06,0.011,0,0.174,0.985,-0.061,-0.983,0.173],"_shiftlockState":true,"_pose":"FreeFall","_animationQueue":[],"_animationSpeed":1,"_zoom":26.32},{"_mousePosition":[683,384],"_rootPartCFrame":[747.748,241.835,39.927,0.981,0,0.193,0,1,0,-0.193,0,0.981],"_humanoidState":5,"_cameraCFrame":[749.772,269.255,44.383,0.998,-0.06,0.011,0,0.174,0.985,-0.061,-0.983,0.173],"_shiftlockState":true,"_pose":"FreeFall","_animationQueue":[],"_animationSpeed":1,"_zoom":26.32},{"_mousePosition":[683,384],"_rootPartCFrame":[747.482,241.826,39.944,0.981,0,0.193,0,1,0,-0.193,0,0.981],"_humanoidState":5,"_cameraCFrame":[749.506,269.246,44.399,0.998,-0.06,0.011,0,0.174,0.985,-0.061,-0.983,0.173],"_shiftlockState":true,"_pose":"FreeFall","_animationQueue":[],"_animationSpeed":1,"_zoom":26.32},{"_mousePosition":[683,384],"_rootPartCFrame":[747.149,241.738,39.964,0.974,0,0.225,0,1,0,-0.225,0,0.974],"_humanoidState":5,"_cameraCFrame":[749.174,269.158,44.419,0.998,-0.06,0.011,0,0.174,0.985,-0.061,-0.983,0.173],"_shiftlockState":true,"_pose":"FreeFall","_animationQueue":[],"_animationSpeed":1,"_zoom":26.32},{"_mousePosition":[683,384],"_rootPartCFrame":[746.949,241.644,39.976,0.987,0,0.16,0,1,0,-0.16,0,0.987],"_humanoidState":5,"_cameraCFrame":[748.985,269.064,44.426,0.998,-0.062,0.011,0,0.174,0.985,-0.063,-0.983,0.173],"_shiftlockState":true,"_pose":"FreeFall","_animationQueue":[],"_animationSpeed":1,"_zoom":26.32},{"_mousePosition":[683,384],"_rootPartCFrame":[746.683,241.472,39.992,0.981,0,0.195,0,1,0,-0.195,0,0.981],"_humanoidState":5,"_cameraCFrame":[748.764,268.892,44.422,0.997,-0.072,0.013,0,0.174,0.985,-0.073,-0.982,0.173],"_shiftlockState":true,"_pose":"FreeFall","_animationQueue":[],"_animationSpeed":1,"_zoom":26.32},{"_mousePosition":[683,384],"_rootPartCFrame":[746.417,241.245,40.009,0.979,0,0.205,0,1,0,-0.205,0,0.979],"_humanoidState":5,"_cameraCFrame":[748.565,268.665,44.407,0.996,-0.087,0.015,0,0.174,0.985,-0.089,-0.981,0.173],"_shiftlockState":true,"_pose":"FreeFall","_animationQueue":[],"_animationSpeed":1,"_zoom":26.32},{"_mousePosition":[683,384],"_rootPartCFrame":[746.151,240.963,40.028,0.975,0,0.22,0,1,0,-0.22,0,0.975],"_humanoidState":5,"_cameraCFrame":[748.366,268.383,44.393,0.995,-0.102,0.018,0,0.174,0.985,-0.104,-0.98,0.173],"_shiftlockState":true,"_pose":"FreeFall","_animationQueue":[["fall",0.3]],"_animationSpeed":1,"_zoom":26.32},{"_mousePosition":[683,384],"_rootPartCFrame":[745.819,240.534,40.057,0.964,0,0.267,0,1,0,-0.267,0,0.964],"_humanoidState":5,"_cameraCFrame":[748.143,267.955,44.364,0.992,-0.127,0.022,0,0.174,0.985,-0.129,-0.977,0.172],"_shiftlockState":true,"_pose":"FreeFall","_animationQueue":[],"_animationSpeed":1,"_zoom":26.32},{"_mousePosition":[683,384],"_rootPartCFrame":[745.554,240.13,40.084,0.966,0,0.259,0,1,0,-0.259,0,0.966],"_humanoidState":5,"_cameraCFrame":[748.04,267.55,44.3,0.986,-0.164,0.029,0,0.174,0.985,-0.166,-0.971,0.171],"_shiftlockState":true,"_pose":"FreeFall","_animationQueue":[],"_animationSpeed":1,"_zoom":26.32},{"_mousePosition":[683,384],"_rootPartCFrame":[745.289,239.671,40.117,0.955,0,0.296,0,1,0,-0.296,0,0.955],"_humanoidState":5,"_cameraCFrame":[747.944,267.092,44.229,0.979,-0.203,0.036,0,0.174,0.985,-0.206,-0.964,0.17],"_shiftlockState":true,"_pose":"FreeFall","_animationQueue":[],"_animationSpeed":1,"_zoom":26.32},{"_mousePosition":[683,384],"_rootPartCFrame":[745.092,239.292,40.149,0.953,0,0.303,0,1,0,-0.303,0,0.953],"_humanoidState":5,"_cameraCFrame":[747.931,266.712,44.136,0.968,-0.247,0.043,0,0.174,0.985,-0.25,-0.953,0.168],"_shiftlockState":true,"_pose":"FreeFall","_animationQueue":[],"_animationSpeed":1,"_zoom":26.32},{"_mousePosition":[683,384],"_rootPartCFrame":[744.766,238.591,40.216,0.913,0,0.408,0,1,0,-0.408,0,0.913],"_humanoidState":5,"_cameraCFrame":[747.773,266.011,44.077,0.956,-0.287,0.051,0,0.174,0.985,-0.292,-0.942,0.166],"_shiftlockState":true,"_pose":"FreeFall","_animationQueue":[],"_animationSpeed":1,"_zoom":26.32},{"_mousePosition":[683,384],"_rootPartCFrame":[744.572,238.129,40.265,0.923,0,0.386,0,1,0,-0.386,0,0.923],"_humanoidState":5,"_cameraCFrame":[747.724,265.549,44.008,0.945,-0.323,0.057,0,0.174,0.985,-0.328,-0.93,0.164],"_shiftlockState":true,"_pose":"FreeFall","_animationQueue":[],"_animationSpeed":1,"_zoom":26.32},{"_mousePosition":[683,384],"_rootPartCFrame":[744.252,237.292,40.36,0.877,0,0.48,0,1,0,-0.48,0,0.877],"_humanoidState":5,"_cameraCFrame":[747.535,264.712,