[{"_mousePosition":[683,380],"_rootPartCFrame":[776.034,222.7,47.142,-0.001,0,1,0,1,0,-1,0,-0.001],"_humanoidState":8,"_cameraCFrame":[783.114,249.469,49.169,0.275,-0.923,0.269,0,0.28,0.96,-0.961,-0.264,0.077],"_shiftlockState":false,"_pose":"Standing","_animationQueue":[],"_animationSpeed":1,"_zoom":26.32},{"_mousePosition":[683,380],"_rootPartCFrame":[775.742,222.695,47.059,0.045,0,0.999,0,1,0,-0.999,0,0.045],"_humanoidState":8,"_cameraCFrame":[782.823,249.464,49.085,0.275,-0.923,0.269,0,0.28,0.96,-0.961,-0.264,0.077],"_shiftlockState":false,"_pose":"Standing","_animationQueue":[],"_animationSpeed":1,"_zoom":26.32},{"_mousePosition":[683,380],"_rootPartCFrame":[775.615,222.696,47.022,0.061,0,0.998,0,1,0,-0.998,0,0.061],"_humanoidState":8,"_cameraCFrame":[782.695,249.465,49.049,0.275,-0.923,0.269,0,0.28,0.96,-0.961,-0.264,0.077],"_shiftlockState":false,"_pose":"Running","_animationQueue":[["walk",0.1]],"_animationSpeed":1.089,"_zoom":26.32},{"_mousePosition":[683,380],"_rootPartCFrame":[775.358,222.698,46.949,0.09,0,0.996,0,1,0,-0.996,0,0.09],"_humanoidState":8,"_cameraCFrame":[782.439,249.466,48.975,0.275,-0.923,0.269,0,0.28,0.96,-0.961,-0.264,0.077],"_shiftlockState":false,"_pose":"Running","_animationQueue":[["walk",0.1]],"_animationSpeed":1.089,"_zoom":26.32},{"_mousePosition":[683,380],"_rootPartCFrame":[775.102,222.699,46.875,0.116,0,0.993,0,1,0,-0.993,0,0.116],"_humanoidState":8,"_cameraCFrame":[782.182,249.467,48.902,0.275,-0.923,0.269,0,0.28,0.96,-0.961,-0.264,0.077],"_shiftlockState":false,"_pose":"Running","_animationQueue":[],"_animationSpeed":1.089,"_zoom":26.32},{"_mousePosition":[683,380],"_rootPartCFrame":[774.845,222.699,46.802,0.138,0,0.99,0,1,0,-0.99,0,0.138],"_humanoidState":8,"_cameraCFrame":[781.926,249.468,48.828,0.275,-0.923,0.269,0,0.28,0.96,-0.961,-0.264,0.077],"_shiftlockState":false,"_pose":"Running","_animationQueue":[],"_animationSpeed":1.089,"_zoom":26.32},{"_mousePosition":[683,380],"_rootPartCFrame":[774.589,222.699,46.728,0.156,0,0.988,0,1,0,-0.988,0,0.156],"_humanoidState":8,"_cameraCFrame":[781.67,249.468,48.755,0.275,-0.923,0.269,0,0.28,0.96,-0.961,-0.264,0.077],"_shiftlockState":false,"_pose":"Running","_animationQueue":[],"_animationSpeed":1.089,"_zoom":26.32},{"_mousePosition":[682,379],"_rootPartCFrame":[774.333,222.699,46.655,0.173,0,0.985,0,1,0,-0.985,0,0.173],"_humanoidState":8,"_cameraCFrame":[781.413,249.468,48.682,0.275,-0.923,0.269,0,0.28,0.96,-0.961,-0.264,0.077],"_shiftlockState":false,"_pose":"Running","_animationQueue":[],"_animationSpeed":1.089,"_zoom":26.32},{"_mousePosition":[682,379],"_rootPartCFrame":[774.076,222.7,46.582,0.187,0,0.982,0,1,0,-0.982,0,0.187],"_humanoidState":8,"_cameraCFrame":[781.157,249.468,48.608,0.275,-0.923,0.269,0,0.28,0.96,-0.961,-0.264,0.077],"_shiftlockState":false,"_pose":"Running","_animationQueue":[],"_animationSpeed":1.089,"_zoom":26.32},{"_mousePosition":[682,380],"_rootPartCFrame":[773.82,222.7,46.508,0.199,0,0.98,0,1,0,-0.98,0,0.199],"_humanoidState":8,"_cameraCFrame":[780.901,249.468,48.535,0.275,-0.923,0.269,0,0.28,0.96,-0.961,-0.264,0.077],"_shiftlockState":false,"_pose":"Running","_animationQueue":[["walk",0.1]],"_animationSpeed":1.089,"_zoom":26.32},{"_mousePosition":[683,381],"_rootPartCFrame":[773.564,222.7,46.435,0.209,0,0.978,0,1,0,-0.978,0,0.209],"_humanoidState":8,"_cameraCFrame":[780.644,249.468,48.462,0.275,-0.923,0.269,0,0.28,0.96,-0.961,-0.264,0.077],"_shiftlockState":false,"_pose":"Running","_animationQueue":[],"_animationSpeed":1.089,"_zoom":26.32},{"_mousePosition":[683,381],"_rootPartCFrame":[773.307,222.7,46.361,0.218,0,0.976,0,1,0,-0.976,0,0.218],"_humanoidState":8,"_cameraCFrame":[780.388,249.468,48.388,0.275,-0.923,0.269,0,0.28,0.96,-0.961,-0.264,0.077],"_shiftlockState":false,"_pose":"Running","_animationQueue":[],"_animationSpeed":1.089,"_zoom":26.32},{"_mousePosition":[683,381],"_rootPartCFrame":[773.051,222.7,46.288,0.226,0,0.974,0,1,0,-0.974,0,0.226],"_humanoidState":8,"_cameraCFrame":[780.126,249.468,48.333,0.278,-0.922,0.269,0,0.28,0.96,-0.961,-0.267,0.078],"_shiftlockState":false,"_pose":"Running","_animationQueue":[],"_animationSpeed":1.089,"_zoom":26.32},{"_mousePosition":[683,381],"_rootPartCFrame":[772.795,222.7,46.215,0.233,0,0.973,0,1,0,-0.973,0,0.233],"_humanoidState":8,"_cameraCFrame":[779.77,249.497,48.25,0.28,-0.923,0.265,0,0.276,0.961,-0.96,-0.269,0.077],"_shiftlockState":false,"_pose":"Running","_animationQueue":[],"_animationSpeed":1.089,"_zoom":26.32},{"_mousePosition":[683,381],"_rootPartCFrame":[772.538,222.7,46.141,0.239,0,0.971,0,1,0,-0.971,0,0.239],"_humanoidState":8,"_cameraCFrame":[779.409,249.525,48.183,0.285,-0.922,0.261,0,0.272,0.962,-0.959,-0.274,0.078],"_shiftlockState":false,"_pose":"Running","_animationQueue":[],"_animationSpeed":1.089,"_zoom":26.32},{"_mousePosition":[683,381],"_rootPartCFrame":[772.282,222.7,46.066,0.244,0,0.97,0,1,0,-0.97,0,0.244],"_humanoidState":8,"_cameraCFrame":[779.043,249.553,48.131,0.292,-0.921,0.257,0,0.269,0.963,-0.956,-0.281,0.078],"_shiftlockState":false,"_pose":"Running","_animationQueue":[["walk",0.1]],"_animationSpeed":1.089,"_zoom":26.32},{"_mousePosition":[683,381],"_rootPartCFrame":[772.027,222.7,45.99,0.25,0,0.968,0,1,0,-0.968,0,0.25],"_humanoidState":8,"_cameraCFrame":[778.73,249.566,48.075,0.297,-0.92,0.255,0,0.267,0.964,-0.955,-0.286,0.079],"_shiftlockState":false,"_pose":"Running","_animationQueue":[],"_animationSpeed":1.089,"_zoom":26.32},{"_mousePosition":[683,381],"_rootPartCFrame":[771.772,222.7,45.912,0.255,0,0.967,0,1,0,-0.967,0,0.255],"_humanoidState":8,"_cameraCFrame":[778.417,249.58,48.016,0.302,-0.919,0.252,0,0.265,0.964,-0.953,-0.291,0.08],"_shiftlockState":false,"_pose":"Running","_animationQueue":[],"_animationSpeed":1.089,"_zoom":26.32},{"_mousePosition":[683,381],"_rootPartCFrame":[771.517,222.7,45.833,0.261,0,0.965,0,1,0,-0.965,0,0.261],"_humanoidState":8,"_cameraCFrame":[778.104,249.594,47.956,0.307,-0.918,0.25,0,0.263,0.965,-0.952,-0.296,0.081],"_shiftlockState":false,"_pose":"Running","_animationQueue":[],"_animationSpeed":1.089,"_zoom":26.32},{"_mousePosition":[683,381],"_rootPartCFrame":[771.263,222.7,45.753,0.266,0,0.964,0,1,0,-0.964,0,0.266],"_humanoidState":8,"_cameraCFrame":[777.787,249.607,47.91,0.314,-0.917,0.248,0,0.261,0.965,-0.949,-0.303,0.082],"_shiftlockState":false,"_pose":"Running","_animationQueue":[],"_animationSpeed":1.089,"_zoom":26.32},{"_mousePosition":[683,381],"_rootPartCFrame":[771.009,222.7,45.671,0.272,0,0.962,0,1,0,-0.962,0,0.272],"_humanoidState":8,"_cameraCFrame":[777.522,249.607,47.861,0.319,-0.915,0.247,0,0.261,0.965,-0.948,-0.308,0.083],"_shiftlockState":false,"_pose":"Running","_animationQueue":[],"_animationSpeed":1.089,"_zoom":26.32},{"_mousePosition":[683,381],"_rootPartCFrame":[770.756,222.7,45.588,0.277,0,0.961,0,1,0,-0.961,0,0.277],"_humanoidState":8,"_cameraCFrame":[777.216,249.62,47.778,0.321,-0.915,0.245,0,0.259,0.966,-0.947,-0.31,0.083],"_shiftlockState":false,"_pose":"Running","_animationQueue":[],"_animationSpeed":1.089,"_zoom":26.32},{"_mousePosition":[683,381],"_rootPartCFrame":[770.503,222.7,45.503,0.283,0,0.959,0,1,0,-0.959,0,0.283],"_humanoidState":8,"_cameraCFrame":[776.952,249.62,47.726,0.326,-0.913,0.245,0,0.259,0.966,-0.945,-0.315,0.084],"_shiftlockState":false,"_pose":"Running","_animationQueue":[["walk",0.1]],"_animationSpeed":1.089,"_zoom":26.32},{"_mousePosition":[683,381],"_rootPartCFrame":[770.25,222.7,45.417,0.288,0,0.958,0,1,0,-0.958,0,0.288],"_humanoidState":8,"_cameraCFrame":[776.688,249.62,47.673,0.331,-0.912,0.245,0,0.259,0.966,-0.944,-0.319,0.086],"_shiftlockState":false,"_pose":"Running","_animationQueue":[],"_animationSpeed":1.089,"_zoom":26.32},{"_mousePosition":[683,381],"_rootPartCFrame":[769.998,223.563,45.332,0.293,0,0.956,0,1,0,-0.956,0,0.293],"_humanoidState":3,"_cameraCFrame":[776.436,250.483,47.587,0.331,-0.912,0.245,0,0.259,0.966,-0.944,-0.319,0.086],"_shiftlockState":false,"_pose":"Jumping","_animationQueue":[["walk",0.1],["jump",0.1]],"_animationSpeed":1,"_zoom":26.32},{"_mousePosition":[683,381],"_rootPartCFrame":[769.746,224.371,45.244,0.298,0,0.954,0,1,0,-0.954,0,0.298],"_humanoidState":5,"_cameraCFrame":[776.137,251.305,47.483,0.331,-0.912,0.243,0,0.257,0.966,-0.944,-0.32,0.085],"_shiftlockState":false,"_pose":"FreeFall","_animationQueue":[["jump",0.1]],"_animationSpeed":1,"_zoom":26.32},{"_mousePosition":[683,381],"_rootPartCFrame":[769.495,225.125,45.156,0.303,0,0.953,0,1,0,-0.953,0,0.303],"_humanoidState":5,"_cameraCFrame":[775.88,252.059,47.411,0.333,-0.911,0.243,0,0.257,0.966,-0.943,-0.322,0.086],"_shiftlockState":false,"_pose":"FreeFall","_animationQueue":[],"_animationSpeed":1,"_zoom":26.32},{"_mousePosition":[683,381],"_rootPartCFrame":[769.18,225.991,45.045,0.308,0,0.951,0,1,0,-0.951,0,0.308],"_humanoidState":5,"_cameraCFrame":[775.565,252.924,47.301,0.333,-0.911,0.243,0,0.257,0.966,-0.943,-0.322,0.086],"_shiftlockState":false,"_pose":"FreeFall","_animationQueue":[],"_animationSpeed":1,"_zoom":26.32},{"_mousePosition":[683,381],"_rootPartCFrame":[768.991,226.469,44.979,0.31,0,0.951,0,1,0,-0.951,0,0.31],"_humanoidState":5,"_cameraCFrame":[775.377,253.403,47.234,0.333,-0.911,0.243,0,0.257,0.966,-0.943,-0.322,0.086],"_shiftlockState":false,"_pose":"FreeFall","_animationQueue":[],"_animationSpeed":1,"_zoom":26.32},{"_mousePosition":[683,381],"_rootPartCFrame":[768.74,227.06,44.89,0.314,0,0.95,0,1,0,-0.95,0,0.314],"_humanoidState":5,"_cameraCFrame":[775.125,253.993,47.146,0.333,-0.911,0.243,0,0.257,0.966,-0.943,-0.322,0.086],"_shiftlockState":false,"_pose":"FreeFall","_animationQueue":[],"_animationSpeed":1,"_zoom":26.32},{"_mousePosition":[683,381],"_rootPartCFrame":[768.488,227.595,44.801,0.316,0,0.949,0,1,0,-0.949,0,0.316],"_humanoidState":5,"_cameraCFrame":[774.891,254.529,47.008,0.326,-0.914,0.243,0,0.257,0.966,-0.945,-0.315,0.084],"_shiftlockState":false,"_pose":"FreeFall","_animationQueue":[],"_animationSpeed":1,"_zoom":26.32},{"_mousePosition":[683,381],"_rootPartCFrame":[768.237,228.077,44.713,0.319,0,0.948,0,1,0,-0.948,0,0.319],"_humanoidState":5,"_cameraCFrame":[774.661,255.011,46.854,0.316,-0.917,0.244,0,0.257,0.966,-0.949,-0.306,0.081],"_shiftlockState":false,"_pose":"FreeFall","_animationQueue":[],"_animationSpeed":1,"_zoom":26.32},{"_mousePosition":[683,381],"_rootPartCFrame":[767.985,228.504,44.625,0.32,0,0.947,0,1,0,-0.947,0,0.32],"_humanoidState":5,"_cameraCFrame":[774.441,255.438,46.669,0.302,-0.921,0.245,0,0.257,0.966,-0.953,-0.292,0.078],"_shiftlockState":false,"_pose":"FreeFall","_animationQueue":[],"_animationSpeed":1,"_zoom":26.32},{"_mousePosition":[683,381],"_rootPartCFrame":[767.732,228.876,44.541,0.32,0,0.947,0,1,0,-0.947,0,0.32],"_humanoidState":5,"_cameraCFrame":[774.156,255.823,46.521,0.295,-0.924,0.244,0,0.255,0.967,-0.956,-0.285,0.075],"_shiftlockState":false,"_pose":"FreeFall","_animationQueue":[],"_animationSpeed":1,"_zoom":26.32},{"_mousePosition":[683,381],"_rootPartCFrame":[767.478,229.194,44.46,0.318,0,0.948,0,1,0,-0.948,0,0.318],"_humanoidState":5,"_cameraCFrame":[773.902,256.141,46.44,0.295,-0.924,0.244,0,0.255,0.967,-0.956,-0.285,0.075],"_shiftlockState":false,"_pose":"FreeFall","_animationQueue":[],"_animationSpeed":1,"_zoom":26.32},{"_mousePosition":[683,381],"_rootPartCFrame":[767.223,229.457,44.381,0.315,0,0.949,0,1,0,-0.949,0,0.315],"_humanoidState":5,"_cameraCFrame":[773.647,256.404,46.361,0.295,-0.924,0.244,0,0.255,0.967,-0.956,-0.285,0.075],"_shiftlockState":false,"_pose":"FreeFall","_animationQueue":[],"_animationSpeed":1,"_zoom":26.32},{"_mousePosition":[683,381],"_rootPartCFrame":[766.968,229.666,44.302,0.313,0,0.95,0,1,0,-0.95,0,0.313],"_humanoidState":5,"_cameraCFrame":[773.392,256.613,46.283,0.295,-0.924,0.244,0,0.255,0.967,-0.956,-0.285,0.075],"_shiftlockState":false,"_pose":"FreeFall","_animationQueue":[],"_animationSpeed":1,"_zoom":26.32},{"_mousePosition":[683,381],"_rootPartCFrame":[766.713,229.821,44.224,0.31,0,0.951,0,1,0,-0.951,0,0.31],"_humanoidState":5,"_cameraCFrame":[773.138,256.768,46.204,0.295,-0.924,0.244,0,0.255,0.967,-0.956,-0.285,0.075],"_shiftlockState":false,"_pose":"FreeFall","_animationQueue":[],"_animationSpeed":1,"_zoom":26.32},{"_mousePosition":[683,381],"_rootPartCFrame":[766.459,229.921,44.145,0.308,0,0.951,0,1,0,-0.951,0,0.308],"_humanoidState":5,"_cameraCFrame":[772.883,256.868,46.125,0.295,-0.924,0.244,0,0.255,0.967,-0.956,-0.285,0.075],"_shiftlockState":false,"_pose":"FreeFall","_animationQueue":[],"_animationSpeed":1,"_zoom":26.32},{"_mousePosition":[683,381],"_rootPartCFrame":[766.204,229.966,44.066,0.306,0,0.952,0,1,0,-0.952,0,0.306],"_humanoidState":5,"_cameraCFrame":[772.628,256.913,46.047,0.295,-0.924,0.244,0,0.255,0.967,-0.956,-0.285,0.075],"_shiftlockState":false,"_pose":"FreeFall","_animationQueue":[],"_animationSpeed":1,"_zoom":26.32},{"_mousePosition":[683,381],"_rootPartCFrame":[765.949,229.957,43.988,0.304,0,0.953,0,1,0,-0.953,0,0.304],"_humanoidState":5,"_cameraCFrame":[772.373,256.904,45.968,0.295,-0.924,0.244,0,0.255,0.967,-0.956,-0.285,0.075],"_shiftlockState":false,"_pose":"FreeFall","_animationQueue":[],"_animationSpeed":1,"_zoom":26.32},{"_mousePosition":[683,381],"_rootPartCFrame":[765.694,229.893,43.909,0.303,0,0.953,0,1,0,-0.953,0,0.303],"_humanoidState":5,"_cameraCFrame":[772.118,256.84,45.89,0.295,-0.924,0.244,0,0.255,0.967,-0.956,-0.285,0.075],"_shiftlockState":false,"_pose":"FreeFall","_animationQueue":[["fall",0.3]],"_animationSpeed":1,"_zoom":26.32},{"_mousePosition":[683,381],"_rootPartCFrame":[765.439,229.775,43.831,0.302,0,0.953,0,1,0,-0.953,0,0.302],"_humanoidState":5,"_cameraCFrame":[771.863,256.722,45.811,0.295,-0.924,0.244,0,0.255,0.967,-0.956,-0.285,0.075],"_shiftlockState":false,"_pose":"FreeFall","_animationQueue":[],"_animationSpeed":1,"_zoom":26.32},{"_mousePosition":[683,381],"_rootPartCFrame":[765.184,229.603,43.752,0.301,0,0.954,0,1,0,-0.954,0,0.301],"_humanoidState":5,"_cameraCFrame":[771.571,256.563,45.686,0.29,-0.926,0.243,0,0.254,0.967,-0.957,-0.28,0.073],"_shiftlockState":false,"_pose":"FreeFall","_animationQueue":[],"_animationSpeed":1,"_zoom":26.32},{"_mousePosition":[683,381],"_rootPartCFrame":[764.929,229.375,43.674,0.3,0,0.954,0,1,0,-0.954,0,0.3],"_humanoidState":5,"_cameraCFrame":[771.278,256.349,45.561,0.285,-0.928,0.241,0,0.252,0.968,-0.959,-0.276,0.072],"_shiftlockState":false,"_pose":"FreeFall","_animationQueue":[],"_animationSpeed":1,"_zoom":26.32},{"_mousePosition":[683,381],"_rootPartCFrame":[764.674,229.094,43.596,0.299,0,0.954,0,1,0,-0.954,0,0.299],"_humanoidState":5,"_cameraCFrame":[771.028,256.067,45.467,0.282,-0.928,0.241,0,0.252,0.968,-0.959,-0.273,0.071],"_shiftlockState":false,"_pose":"FreeFall","_animationQueue":[],"_animationSpeed":1,"_zoom":26.32},{"_mousePosition":[683,381],"_rootPartCFrame":[764.419,228.758,43.52,0.297,0,0.955,0,1,0,-0.955,0,0.297],"_humanoidState":5,"_cameraCFrame":[770.777,255.731,45.375,0.28,-0.929,0.242,0,0.252,0.968,-0.96,-0.271,0.07],"_shiftlockState":false,"_pose":"FreeFall","_animationQueue":[],"_animationSpeed":1,"_zoom":26.32},{"_mousePosition":[683,381],"_rootPartCFrame":[764.163,228.367,43.445,0.295,0,0.955,0,1,0,-0.955,0,0.295],"_humanoidState":5,"_cameraCFrame":[770.53,255.34,45.267,0.275,-0.93,0.242,0,0.252,0.968,-0.961,-0.266,0.069],"_shiftlockState":false,"_pose":"FreeFall","_animationQueue":[["fall",0.3]],"_animationSpeed":1,"_zoom":26.32},{"_mousePosition":[683,381],"_rootPartCFrame":[763.907,227.922,43.37,0.293,0,0.956,0,1,0,-0.956,0,0.293],"_humanoidState":5,"_cameraCFrame":[770.292,254.895,45.128,0.265,-0.933,0.243,0,0.252,0.968,-0.964,-0.257,0.067],"_shiftlockState":false,"_pose":"FreeFall","_animationQueue":[],"_animationSpeed":1,"_zoom":26.32},{"_mousePosition":[683,381],"_rootPartCFrame":[763.65,227.422,43.296,0.291,0,0.957,0,1,0,-0.957,0,0.291],"_humanoidState":5,"_cameraCFrame":[770.058,254.395,44.973,0.253,-0.936,0.243,0,0.252,0.968,-0.967,-0.245,0.064],"_shiftlockState":false,"_pose":"FreeFall","_animationQueue":[],"_animationSpeed":1,"_zoom":26.32},{"_mousePosition":[683,381],"_rootPartCFrame":[763.393,226.868,43.225,0.288,0,0.958,0,1,0,-0.958,0,0.288],"_humanoidState":5,"_cameraCFrame":[769.845,253.841,44.723,0.226,-0.943,0.245,0,0.252,0.968,-0.974,-0.219,0.057],"_shiftlockState":false,"_pose":"FreeFall","_animationQueue":[],"_animationSpeed":1,"_zoom":26.32},{"_mousePosition":[683,381],"_rootPartCFrame":[763.14,226.26,43.179,0.214,0,0.977,0,1,0,-0.977,0,0.214],"_humanoidState":5,"_cameraCFrame":[769.63,253.233,44.497,0.199,-0.948,0.247,0,0.252,0.968,-0.98,-0.193,0.05],"_shiftlockState":false,"_pose":"FreeFall","_animationQueue":[],"_animationSpeed":1,"_zoom":26.32},{"_mousePosition":[683,381],"_rootPartCFrame":[762.898,225.597,43.276,0.114,0,0.993,0,1,0,-0.993,0,0.114],"_humanoidState":7,"_cameraCFrame":[769.434,252.57,44.346,0.162,-0.955,0.248,0,0.252,0.968,-0.987,-0.156,0.041],"_shiftlockState":false,"_pose":"FreeFall","_animationQueue":[["walk",0.1],["fall",0.3],["fall",0.3]],"_animationSpeed":1,"_zoom":26.32},{"_mousePosition":[683,381],"_rootPartCFrame":[762.674,224.974,43.535,0.018,0,1,0,1,0,-1,0,0.018],"_humanoidState":7,"_cameraCFrame":[769.252,251.947,44.307,0.117,-0.961,0.25,0,0.252,0.968,-0.993,-0.113,0.029],"_shiftlockState":false,"_pose":"FreeFall","_animationQueue":[["fall",0.3]],"_animationSpeed":1,"_zoom":26.32},{"_mousePosition":[683,381],"_rootPartCFrame":[762.563,224.98,43.887,-0.147,0,0.989,0,1,0,-0.989,0,-0.147],"_humanoidState":8,"_cameraCFrame":[769.218,251.94,44.379,0.074,-0.965,0.253,0,0.254,0.967,-0.997,-0.071,0.019],"_shiftlockState":false,"_pose":"Running","_animationQueue":[["walk",0.1],["fall",0.3],["walk",0.1]],"_animationSpeed":1.098,"_zoom":26.32},{"_mousePosition":[683,381],"_rootPartCFrame":[762.501,225.853,44.271,-0.326,0,0.945,0,1,0,-0.945,0,-0.326],"_humanoidState":3,"_cameraCFrame":[769.169,252.813,44.543,0.041,-0.967,0.253,0,0.254,0.967,-0.999,-0.04,0.01],"_shiftlockState":false,"_pose":"Jumping","_animationQueue":[["walk",0.1],["jump",0.1]],"_animationSpeed":1,"_zoom":26.32},{"_mousePosition":[683,381],"_rootPartCFrame":[762.448,226.675,44.631,-0.463,0,0.887,0,1,0,-0.887,0,-0.463],"_humanoidState":5,"_cameraCFrame":[769.119,253.635,44.752,0.018,-0.967,0.253,0,0.254,0.967,-1,-0.018,0.005],"_shiftlockState":false,"_pose":"FreeFall","_animationQueue":[["jump",0.1]],"_animationSpeed":1,"_zoom":26.32},{"_mousePosition":[683,381],"_rootPartCFrame":[762.41,227.443,44.955,-0.578,0,0.816,0,1,0,-0.816,0,-0.578],"_humanoidState":5,"_cameraCFrame":[769.132,254.39,44.975,0.003,-0.967,0.255,0,0.255,0.967,-1,-0.003,0.001],"_shiftlockState":false,"_pose":"FreeFall","_animationQueue":[],"_animationSpeed":1,"_zoom":26.32},{"_mousePosition":[683,381],"_rootPartCFrame":[762.391,228.156,45.245,-0.677,0,0.736,0,1,0,-0.736,0,-0.677],"_humanoidState":5,"_cameraCFrame":[769.162,255.09,45.145,-0.015,-0.966,0.257,0,0.257,0.966,-1,0.014,-0.004],"_shiftlockState":false,"_pose":"FreeFall","_animationQueue":[],"_animationSpeed":1,"_zoom":26.32},{"_mousePosition":[683,381],"_rootPartCFrame":[762.388,228.814,45.513,-0.757,0,0.654,0,1,0,-0.654,0,-0.757],"_humanoidState":5,"_cameraCFrame":[769.206,255.735,45.274,-0.035,-0.965,0.259,0,0.259,0.966,-0.999,0.034,-0.009],"_shiftlockState":false,"_pose":"FreeFall","_animationQueue":[],"_animationSpeed":1,"_zoom":26.32},{"_mousePosition":[683,381],"_rootPartCFrame":[762.392,229.419,45.779,-0.819,0,0.574,0,1,0,-0.574,0,-0.819],"_humanoidState":5,"_cameraCFrame":[769.253,256.326,45.417,-0.053,-0.964,0.261,0,0.261,0.965,-0.999,0.051,-0.014],"_shiftlockState":false,"_pose":"FreeFall","_animationQueue":[],"_animationSpeed":1,"_zoom":26.32},{"_mousePosition":[683,381],"_rootPartCFrame":[762.4,229.968,46.046,-0.867,0,0.498,0,1,0,-0.498,0,-0.867],"_humanoidState":5,"_cameraCFrame":[769.306,256.862,45.594,-0.065,-0.963,0.262,0,0.263,0.965,-0.998,0.063,-0.017],"_shiftlockState":false,"_pose":"FreeFall","_animationQueue":[],"_animationSpeed":1,"_zoom":26.32},{"_mousePosition":[683,381],"_rootPartCFrame":[762.414,230.463,46.312,-0.904,0,0.427,0,1,0,-0.427,0,-0.904],"_humanoidState":5,"_cameraCFrame":[769.314,257.357,45.79,-0.075,-0.962,0.262,0,0.263,0.965,-0.997,0.073,-0.02],"_shiftlockState":false,"_pose":"FreeFall","_animationQueue":[],"_animationSpeed":1,"_zoom":26.32},{"_mousePosition":[683,381],"_rootPartCFrame":[762.431,230.904,46.578,-0.932,0,0.362,0,1,0,-0.362,0,-0.932],"_humanoidState":5,"_cameraCFrame":[769.367,257.784,45.894,-0.098,-0.96,0.264,0,0.265,0.964,-0.995,0.095,-0.026],"_shiftlockState":false,"_pose":"FreeFall","_animationQueue":[],"_animationSpeed":1,"_zoom":26.32},{"_mousePosition":[683,381],"_rootPartCFrame":[762.45,231.29,46.844,-0.953,0,0.303,0,1,0,-0.303,0,-0.953],"_humanoidState":5,"_cameraCFrame":[769.425,258.156,46.05,-0.113,-0.958,0.265,0,0.267,0.964,-0.994,0.109,-0.03],"_shiftlockState":false,"_pose":"FreeFall","_animationQueue":[],"_animationSpeed":1,"_zoom":26.32},{"_mousePosition":[683,381],"_rootPartCFrame":[762.476,231.621,47.11,-0.968,0,0.249,0,1,0,-0.249,0,-0.968],"_humanoidState":5,"_cameraCFrame":[769.442,258.488,46.244,-0.123,-0.956,0.265,0,0.267,0.964,-0.992,0.119,-0.033],"_shiftlockState":false,"_pose":"FreeFall","_animationQueue":[],"_animationSpeed":1,"_zoom":26.32},{"_mousePosition":[683,381],"_rootPartCFrame":[762.505,231.898,47.375,-0.98,0,0.2,0,1,0,-0.2,0,-0.98],"_humanoidState":5,"_cameraCFrame":[769.464,258.765,46.457,-0.131,-0.955,0.264,0,0.267,0.964,-0.991,0.126,-0.035],"_shiftlockState":false,"_pose":"FreeFall","_animationQueue":[],"_animationSpeed":1,"_zoom":26.32},{"_mousePosition":[683,381],"_rootPartCFrame":[762.538,232.121,47.64,-0.988,0,0.156,0,1,0,-0.156,0,-0.988],"_humanoidState":5,"_cameraCFrame":[769.494,258.987,46.704,-0.133,-0.955,0.264,0,0.267,0.964,-0.991,0.128,-0.036],"_shiftlockState":false,"_pose":"FreeFall","_animationQueue":[],"_animationSpeed":1,"_zoom":26.32},{"_mousePosition":[683,381],"_rootPartCFrame":[762.572,232.289,47.904,-0.993,0,0.116,0,1,0,-0.116,0,-0.993],"_humanoidState":5,"_cameraCFrame":[769.529,259.155,46.968,-0.133,-0.955,0.264,0,0.267,0.964,-0.991,0.128,-0.036],"_shiftlockState":false,"_pose":"FreeFall","_animationQueue":[],"_animationSpeed":1,"_zoom":26.32},{"_mousePosition":[683,381],"_rootPartCFrame":[762.608,232.402,48.168,-0.997,0,0.081,0,1,0,-0.081,0,-0.997],"_humanoidState":5,"_cameraCFrame":[769.564,259.269,47.232,-0.133,-0.955,0.264,0,0.267,0.964,-0.991,0.128,-0.036],"_shiftlockState":false,"_pose":"FreeFall","_animationQueue":[],"_animationSpeed":1,"_zoom":26.32},{"_mousePosition":[683,381],"_rootPartCFrame":[762.643,232.461,48.433,-0.999,0,0.051,0,1,0,-0.051,0,-0.999],"_humanoidState":5,"_cameraCFrame":[769.6,259.328,47.497,-0.133,-0.955,0.264,0,0.267,0.964,-0.991,0.128,-0.036],"_shiftlockState":false,"_pose":"FreeFall","_animationQueue":[],"_animationSpeed":1,"_zoom":26.32},{"_mousePosition":[683,381],"_rootPartCFrame":[762.679,232.466,48.697,-1,0,0.025,0,1,0,-0.025,0,-1],"_humanoidState":5,"_cameraCFrame":[769.636,259.332,47.761,-0.133,-0.955,0.264,0,0.267,0.964,-0.991,0.128,-0.036],"_shiftlockState":false,"_pose":"FreeFall","_animationQueue":[],"_animationSpeed":1,"_zoom":26.32},{"_mousePosition":[683,381],"_rootPartCFrame":[762.715,232.998,48.86,-1,0,0.002,0,1,0,-0.002,0,-1],"_humanoidState":7,"_cameraCFrame":[769.671,259.865,47.924,-0.133,-0.955,0.264,0,0.267,0.964,-0.991,0.128,-0.036],"_shiftlockState":false,"_pose":"FreeFall","_animationQueue":[["walk",0.1]],"_animationSpeed":1.652,"_zoom":26.32},{"_mousePosition":[683,381],"_rootPartCFrame":[762.75,233.513,48.991,-1,0,-0.017,0,1,0,0.017,0,-1],"_humanoidState":7,"_cameraCFrame":[769.707,260.38,48.056,-0.133,-0.955,0.264,0,0.267,0.964,-0.991,0.128,-0.036],"_shiftlockState":false,"_pose":"FreeFall","_animationQueue":[],"_animationSpeed":1.652,"_zoom":26.32},{"_mousePosition":[683,381],"_rootPartCFrame":[762.786,233.827,49.122,-0.999,0,-0.033,0,1,0,0.033,0,-0.999],"_humanoidState":8,"_cameraCFrame":[769.747,260.694,48.222,-0.128,-0.956,0.264,0,0.267,0.964,-0.992,0.124,-0.034],"_shiftlockState":false,"_pose":"Running","_animationQueue":[["fall",0.3],["walk",0.1],["fall",0.3],["walk",0.1]],"_animationSpeed":1.104,"_zoom":26.32},{"_mousePosition":[683,381],"_rootPartCFrame":[762.821,234.009,49.253,-0.999,0,-0.047,0,1,0,0.047,0,-0.999],"_humanoidState":8,"_cameraCFrame":[769.803,260.876,48.529,-0.103,-0.959,0.265,0,0.267,0.964,-0.995,0.099,-0.028],"_shiftlockState":false,"_pose":"Running","_animationQueue":[],"_animationSpeed":1.104,"_zoom":26.32},{"_mousePosition":[683,381],"_rootPartCFrame":[762.856,234.107,49.384,-0.998,0,-0.059,0,1,0,0.059,0,-0.998],"_humanoidState":8,"_cameraCFrame":[769.852,260.973,48.819,-0.08,-0.961,0.266,0,0.267,0.964,-0.997,0.078,-0.021],"_shiftlockState":false,"_pose":"Running","_animationQueue":[],"_animationSpeed":1.104,"_zoom":26.32},{"_mousePosition":[683,381],"_rootPartCFrame":[762.884,234.159,49.516,-0.998,0,-0.066,0,1,0,0.066,0,-0.998],"_humanoidState":8,"_cameraCFrame":[769.895,261.026,49.164,-0.05,-0.963,0.266,0,0.267,0.964,-0.999,0.048,-0.013],"_shiftlockState":false,"_pose":"Running","_animationQueue":[],"_animationSpeed":1.104,"_zoom":26.32},{"_mousePosition":[683,379],"_rootPartCFrame":[762.907,234.188,49.649,-0.998,0,-0.07,0,1,0,0.07,0,-0.998],"_humanoidState":8,"_cameraCFrame":[769.883,261.067,49.685,0.005,-0.964,0.265,0,0.265,0.964,-1,-0.005,0.001],"_shiftlockState":false,"_pose":"Running","_animationQueue":[["walk",0.1]],"_animationSpeed":1.104,"_zoom":26.32},{"_mousePosition":[683,379],"_rootPartCFrame":[762.912,234.203,49.782,-0.998,0,-0.064,0,1,0,0.064,0,-0.998],"_humanoidState":8,"_cameraCFrame":[769.887,261.082,49.871,0.013,-0.964,0.265,0,0.265,0.964,-1,-0.012,0.003],"_shiftlockState":false,"_pose":"Running","_animationQueue":[],"_animationSpeed":1.104,"_zoom":26.32},{"_mousePosition":[683,379],"_rootPartCFrame":[762.911,234.212,49.916,-0.998,0,-0.055,0,1,0,0.055,0,-0.998],"_humanoidState":8,"_cameraCFrame":[769.835,261.104,50.074,0.023,-0.964,0.263,0,0.263,0.965,-1,-0.022,0.006],"_shiftlockState":false,"_pose":"Running","_animationQueue":[["walk",0.1]],"_animationSpeed":1.104,"_zoom":26.32},{"_mousePosition":[683,379],"_rootPartCFrame":[762.907,234.217,50.049,-0.999,0,-0.046,0,1,0,0.046,0,-0.999],"_humanoidState":8,"_cameraCFrame":[769.781,261.122,50.258,0.03,-0.965,0.261,0,0.261,0.965,-1,-0.029,0.008],"_shiftlockState":false,"_pose":"Running","_animationQueue":[],"_animationSpeed":1.104,"_zoom":26.32},{"_mousePosition":[683,379],"_rootPartCFrame":[762.901,234.219,50.182,-0.999,0,-0.037,0,1,0,0.037,0,-0.999],"_humanoidState":8,"_cameraCFrame":[769.774,261.125,50.426,0.036,-0.965,0.261,0,0.261,0.965,-0.999,-0.034,0.009],"_shiftlockState":false,"_pose":"Running","_animationQueue":[],"_animationSpeed":1.104,"_zoom":26.32},{"_mousePosition":[683,379],"_rootPartCFrame":[762.889,234.221,50.382,-1,0,-0.024,0,1,0,0.024,0,-1],"_humanoidState":8,"_cameraCFrame":[769.762,261.127,50.644,0.038,-0.965,0.261,0,0.261,0.965,-0.999,-0.037,0.01],"_shiftlockState":false,"_pose":"Running","_animationQueue":[],"_animationSpeed":1.104,"_zoom":26.32},{"_mousePosition":[683,379],"_rootPartCFrame":[762.885,234.221,50.449,-1,0,-0.02,0,1,0,0.02,0,-1],"_humanoidState":8,"_cameraCFrame":[769.757,261.127,50.71,0.038,-0.965,0.261,0,0.261,0.965,-0.999,-0.037,0.01],"_shiftlockState":false,"_pose":"Running","_animationQueue":[],"_animationSpeed":1.104,"_zoom":26.32},{"_mousePosition":[683,379],"_rootPartCFrame":[762.875,234.222,50.582,-1,0,-0.012,0,1,0,0.012,0,-1],"_humanoidState":8,"_cameraCFrame":[769.747,261.128,50.843,0.038,-0.965,0.261,0,0.261,0.965,-0.999,-0.037,0.01],"_shiftlockState":false,"_pose":"Running","_animationQueue":[],"_animationSpeed":1.104,"_zoom":26.32},{"_mousePosition":[683,379],"_rootPartCFrame":[762.87,234.222,50.56,-1,0,-0.011,0,1,0,0.011,0,-1],"_humanoidState":8,"_cameraCFrame":[769.743,261.128,50.822,0.038,-0.965,0.261,0,0.261,0.965,-0.999,-0.037,0.01],"_shiftlockState":false,"_pose":"Running","_animationQueue":[],"_animationSpeed":1.104,"_zoom":26.32},{"_mousePosition":[683,379],"_rootPartCFrame":[762.868,235.095,50.488,-1,0,-0.011,0,1,0,0.011,0,-1],"_humanoidState":3,"_cameraCFrame":[769.74,262.001,50.767,0.041,-0.964,0.261,0,0.261,0.965,-0.999,-0.039,0.011],"_shiftlockState":false,"_pose":"Jumping","_animationQueue":[["walk",0.1],["walk",0.1],["jump",0.1]],"_animationSpeed":1,"_zoom":26.32},{"_mousePosition":[683,379],"_rootPartCFrame":[762.867,235.917,50.44,-1,0,-0.011,0,1,0,0.011,0,-1],"_humanoidState":5,"_cameraCFrame":[769.738,262.823,50.719,0.041,-0.964,0.261,0,0.261,0.965,-0.999,-0.039,0.011],"_shiftlockState":false,"_pose":"FreeFall","_animationQueue":[["jump",0.1]],"_animationSpeed":1,"_zoom":26.32},{"_mousePosition":[683,379],"_rootPartCFrame":[762.867,236.685,50.382,-0.995,0,-0.103,0,1,0,0.103,0,-0.995],"_humanoidState":5,"_cameraCFrame":[769.738,263.59,50.661,0.041,-0.964,0.261,0,0.261,0.965,-0.999,-0.039,0.011],"_shiftlockState":false,"_pose":"FreeFall","_animationQueue":[],"_animationSpeed":1,"_zoom":26.32},{"_mousePosition":[683,379],"_rootPartCFrame":[762.87,237.567,50.254,-0.965,0,-0.261,0,1,0,0.261,0,-0.965],"_humanoidState":5,"_cameraCFrame":[769.742,264.473,50.533,0.041,-0.964,0.261,0,0.261,0.965,-0.999,-0.039,0.011],"_shiftlockState":false,"_pose":"FreeFall","_animationQueue":[],"_animationSpeed":1,"_zoom":26.32},{"_mousePosition":[683,379],"_rootPartCFrame":[762.873,238.056,50.147,-0.934,0,-0.356,0,1,0,0.356,0,-0.934],"_humanoidState":5,"_cameraCFrame":[769.744,264.962,50.444,0.043,-0.964,0.261,0,0.261,0.965,-0.999,-0.042,0.011],"_shiftlockState":false,"_pose":"FreeFall","_animationQueue":[],"_animationSpeed":1,"_zoom":26.32},{"_mousePosition":[683,379],"_rootPartCFrame":[762.88,238.66,49.97,-0.879,0,-0.477,0,1,0,0.477,0,-0.879],"_humanoidState":5,"_cameraCFrame":[769.748,265.566,50.319,0.051,-0.964,0.261,0,0.261,0.965,-0.999,-0.049,0.013],"_shiftlockState":false,"_pose":"FreeFall","_animationQueue":[],"_animationSpeed":1,"_zoom":26.32},{"_mousePosition":[683,379],"_rootPartCFrame":[762.888,239.21,49.754,-0.808,0,-0.59,0,1,0,0.59,0,-0.808],"_humanoidState":5,"_cameraCFrame":[769.756,266.115,50.12,0.053,-0.964,0.261,0,0.261,0.965,-0.999,-0.051,0.014],"_shiftlockState":false,"_pose":"FreeFall","_animationQueue":[],"_animationSpeed":1,"_zoom":26.32},{"_mousePosition":[683,379],"_rootPartCFrame":[762.9,239.705,49.5,-0.722,0,-0.692,0,1,0,0.692,0,-0.722],"_humanoidState":5,"_cameraCFrame":[769.768,266.61,49.866,0.053,-0.964,0.261,0,0.261,0.965,-0.999,-0.051,0.014],"_shiftlockState":false,"_pose":"FreeFall","_animationQueue":[],"_animationSpeed":1,"_zoom":26.32},{"_mousePosition":[683,379],"_rootPartCFrame":[762.914,240.145,49.234,-0.624,0,-0.781,0,1,0,0.781,0,-0.624],"_humanoidState":5,"_cameraCFrame":[769.782,267.051,49.6,0.053,-0.964,0.261,0,0.261,0.965,-0.999,-0.051,0.014],"_shiftlockState":false,"_pose":"FreeFall","_animationQueue":[],"_animationSpeed":1,"_zoom":26.32},{"_mousePosition":[683,379],"_rootPartCFrame":[762.928,240.531,48.967,-0.515,0,-0.857,0,1,0,0.857,0,-0.515],"_humanoidState":5,"_cameraCFrame":[769.796,267.437,49.333,0.053,-0.964,0.261,0,0.261,0.965,-0.999,-0.051,0.014],"_shiftlockState":false,"_pose":"FreeFall","_animationQueue":[],"_animationSpeed":1,"_zoom":26.32},{"_mousePosition":[683,379],"_rootPartCFrame":[762.943,240.863,48.701,-0.396,0,-0.918,0,1,0,0.918,0,-0.396],"_humanoidState":5,"_cameraCFrame":[769.81,267.769,49.067,0.053,-0.964,0.261,0,0.261,0.965,-0.999,-0.051,0.014],"_shiftlockState":false,"_pose":"FreeFall","_animationQueue":[],"_animationSpeed":1,"_zoom":26.32},{"_mousePosition":[683,379],"_rootPartCFrame":[762.957,241.14,48.435,-0.271,0,-0.963,0,1,0,0.963,0,-0.271],"_humanoidState":5,"_cameraCFrame":[769.824,268.046,48.801,0.053,-0.964,0.261,0,0.261,0.965,-0.999,-0.051,0.014],"_shiftlockState":false,"_pose":"FreeFall","_animationQueue":[],"_animationSpeed":1,"_zoom":26.32},{"_mousePosition":[683,379],"_rootPartCFrame":[762.971,241.362,48.169,-0.14,0,-0.99,0,1,0,0.99,0,-0.14],"_humanoidState":5,"_cameraCFrame":[769.838,268.268,48.535,0.053,-0.964,0.261,0,0.261,0.965,-0.999,-0.051,0.014],"_shiftlockState":false,"_pose":"FreeFall","_animationQueue":[],"_animationSpeed":1,"_zoom":26.32},{"_mousePosition":[683,379],"_rootPartCFrame":[762.985,241.53,47.902,-0.007,0,-1,0,1,0,1,0,-0.007],"_humanoidState":5,"_cameraCFrame":[769.853,268.436,48.268,0.053,-0.964,0.261,0,0.261,0.965,-0.999,-0.051,0.014],"_shiftlockState":false,"_pose":"FreeFall","_animationQueue":[],"_animationSpeed":1,"_zoom":26.32},{"_mousePosition":[683,379],"_rootPartCFrame":[762.999,241.644,47.636,0.125,0,-0.992,0,1,0,0.992,0,0.125],"_humanoidState":5,"_cameraCFrame":[769.867,268.55,48.002,0.053,-0.964,0.261,0,0.261,0.965,-0.999,-0.051,0.014],"_shiftlockState":false,"_pose":"FreeFall","_animationQueue":[],"_animationSpeed":1,"_zoom":26.32},{"_mousePosition":[683,379],"_rootPartCFrame":[763.013,241.703,47.37,0.256,0,-0.967,0,1,0,0.967,0,0.256],"_humanoidState":5,"_cameraCFrame":[769.881,268.609,47.736,0.053,-0.964,0.261,0,0.261,0.965,-0.999,-0.051,0.014],"_shiftlockState":false,"_pose":"FreeFall","_animationQueue":[],"_animationSpeed":1,"_zoom":26.32},{"_mousePosition":[683,379],"_rootPartCFrame":[763.028,241.708,47.104,0.382,0,-0.924,0,1,0,0.924,0,0.382],"_humanoidState":5,"_cameraCFrame":[769.895,268.613,47.47,0.053,-0.964,0.261,0,0.261,0.965,-0.999,-0.051,0.014],"_shiftlockState":false,"_pose":"FreeFall","_animationQueue":[],"_animationSpeed":1,"_zoom":26.32},{"_mousePosition":[683,379],"_rootPartCFrame":[763.042,242.166,46.938,0.512,0,-0.859,0,1,0,0.859,0,0.512],"_humanoidState":7,"_cameraCFrame":[769.909,269.072,47.304,0.053,-0.964,0.261,0,0.261,0.965,-0.999,-0.051,0.014],"_shiftlockState":false,"_pose":"FreeFall","_animationQueue":[["walk",0.1]],"_animationSpeed":1.655,"_zoom":26.32},{"_mousePosition":[683,379],"_rootPartCFrame":[763.056,242.611,46.805,0.623,0,-0.782,0,1,0,0.782,0,0.623],"_humanoidState":7,"_cameraCFrame":[769.923,269.516,47.171,0.053,-0.964,0.261,0,0.261,0.965,-0.999,-0.051,0.014],"_shiftlockState":false,"_pose":"FreeFall","_animationQueue":[],"_animationSpeed":1.655,"_zoom":26.32},{"_mousePosition":[683,379],"_rootPartCFrame":[763.07,242.882,46.672,0.711,0,-0.703,0,1,0,0.703,0,0.711],"_humanoidState":8,"_cameraCFrame":[769.938,269.787,47.038,0.053,-0.964,0.261,0,0.261,0.965,-0.999,-0.051,0.014],"_shiftlockState":false,"_pose":"Running","_animationQueue":[["walk",0.1],["walk",0.1]],"_animationSpeed":1.104,"_zoom":26.32},{"_mousePosition":[683,379],"_rootPartCFrame":[763.084,243.039,46.539,0.779,0,-0.627,0,1,0,0.627,0,0.779],"_humanoidState":8,"_cameraCFrame":[769.953,269.944,46.888,0.051,-0.964,0.261,0,0.261,0.965,-0.999,-0.049,0.013],"_shiftlockState":false,"_pose":"Running","_animationQueue":[],"_animationSpeed":1.104,"_zoom":26.32},{"_mousePosition":[683,379],"_rootPartCFrame":[763.098,243.123,46.406,0.831,0,-0.556,0,1,0,0.556,0,0.831],"_humanoidState":8,"_cameraCFrame":[769.92,270.042,46.7,0.043,-0.965,0.259,0,0.259,0.966,-0.999,-0.042,0.011],"_shiftlockState":false,"_pose":"Running","_animationQueue":[["walk",0.1]],"_animationSpeed":1.104,"_zoom":26.32},{"_mousePosition":[683,379],"_rootPartCFrame":[763.112,243.168,46.273,0.871,0,-0.492,0,1,0,0.492,0,0.871],"_humanoidState":8,"_cameraCFrame":[769.935,270.087,46.516,0.036,-0.965,0.259,0,0.259,0.966,-0.999,-0.034,0.009],"_shiftlockState":false,"_pose":"Running","_animationQueue":[],"_animationSpeed":1.104,"_zoom":26.32},{"_mousePosition":[683,379],"_rootPartCFrame":[763.124,243.193,46.14,0.901,0,-0.433,0,1,0,0.433,0,0.901],"_humanoidState":8,"_cameraCFrame":[769.899,270.125,46.346,0.03,-0.966,0.257,0,0.258,0.966,-1,-0.029,0.008],"_shiftlockState":false,"_pose":"Running","_animationQueue":[],"_animationSpeed":1.104,"_zoom":26.32},{"_mousePosition":[683,379],"_rootPartCFrame":[763.134,243.206,46.007,0.925,0,-0.38,0,1,0,0.38,0,0.925],"_humanoidState":8,"_cameraCFrame":[769.86,270.152,46.178,0.025,-0.966,0.256,0,0.256,0.967,-1,-0.025,0.006],"_shiftlockState":false,"_pose":"Running","_animationQueue":[],"_animationSpeed":1.104,"_zoom":26.32},{"_mousePosition":[683,379],"_rootPartCFrame":[763.027,243.214,45.917,0.964,0,-0.264,0,1,0,0.264,0,0.964],"_humanoidState":8,"_cameraCFrame":[769.754,270.159,46.054,0.02,-0.967,0.256,0,0.256,0.967,-1,-0.02,0.005],"_shiftlockState":false,"_pose":"Running","_animationQueue":[],"_animationSpeed":1.104,"_zoom":26.32},{"_mousePosition":[683,379],"_rootPartCFrame":[762.846,243.218,45.856,0.992,0,-0.129,0,1,0,0.129,0,0.992],"_humanoidState":8,"_cameraCFrame":[769.525,270.176,45.941,0.013,-0.967,0.254,0,0.254,0.967,-1,-0.012,0.003],"_shiftlockState":false,"_pose":"Running","_animationQueue":[],"_animationSpeed":1.104,"_zoom":26.32},{"_mousePosition":[683,379],"_rootPartCFrame":[762.662,243.22,45.797,1,0,-0.004,0,1,0,0.004,0,1],"_humanoidState":8,"_cameraCFrame":[769.34,270.178,45.882,0.013,-0.967,0.254,0,0.254,0.967,-1,-0.012,0.003],"_shiftlockState":false,"_pose":"Running","_animationQueue":[],"_animationSpeed":1.104,"_zoom":26.32},{"_mousePosition":[683,379],"_rootPartCFrame":[762.428,243.221,45.852,0.984,0,0.176,0,1,0,-0.176,0,0.984],"_humanoidState":8,"_cameraCFrame":[769.057,270.192,45.903,0.008,-0.968,0.252,0,0.252,0.968,-1,-0.007,0.002],"_shiftlockState":false,"_pose":"Running","_animationQueue":[["walk",0.1]],"_animationSpeed":1.104,"_zoom":26.32},{"_mousePosition":[683,379],"_rootPartCFrame":[762.162,243.222,45.979,0.934,0,0.357,0,1,0,-0.357,0,0.934],"_humanoidState":8,"_cameraCFrame":[768.742,270.206,46.013,0.005,-0.968,0.25,0,0.25,0.968,-1,-0.005,0.001],"_shiftlockState":false,"_pose":"Running","_animationQueue":[],"_animationSpeed":1.104,"_zoom":26.32},{"_mousePosition":[683,379],"_rootPartCFrame":[761.896,243.222,46.11,0.861,0,0.508,0,1,0,-0.508,0,0.861],"_humanoidState":8,"_cameraCFrame":[768.475,270.206,46.127,0.003,-0.968,0.25,0,0.25,0.968,-1,-0.003,0.001],"_shiftlockState":false,"_pose":"Running","_animationQueue":[],"_animationSpeed":1.104,"_zoom":26.32},{"_mousePosition":[683,379],"_rootPartCFrame":[761.629,243.222,46.242,0.779,0,0.628,0,1,0,-0.628,0,0.779],"_humanoidState":8,"_cameraCFrame":[768.209,270.206,46.259,0.003,-0.968,0.25,0,0.25,0.968,-1,-0.003,0.001],"_shiftlockState":false,"_pose":"Running","_animationQueue":[],"_animationSpeed":1.104,"_zoom":26.32},{"_mousePosition":[683,379],"_rootPartCFrame":[761.362,243.222,46.374,0.694,0,0.72,0,1,0,-0.72,0,0.694],"_humanoidState":8,"_cameraCFrame":[767.942,270.207,46.392,0.003,-0.968,0.25,0,0.25,0.968,-1,-0.003,0.001],"_shiftlockState":false,"_pose":"Running","_animationQueue":[],"_animationSpeed":1.104,"_zoom":26.32},{"_mousePosition":[683,379],"_rootPartCFrame":[761.096,243.222,46.507,0.612,0,0.79,0,1,0,-0.79,0,0.612],"_humanoidState":8,"_cameraCFrame":[767.676,270.207,46.524,0.003,-0.968,0.25,0,0.25,0.968,-1,-0.003,0.001],"_shiftlockState":false,"_pose":"Running","_animationQueue":[],"_animationSpeed":1.104,"_zoom":26.32},{"_mousePosition":[683,379],"_rootPartCFrame":[760.829,243.222,46.64,0.537,0,0.844,0,1,0,-0.844,0,0.537],"_humanoidState":8,"_cameraCFrame":[767.409,270.207,46.657,0.003,-0.968,0.25,0,0.25,0.968,-1,-0.003,0.001],"_shiftlockState":false,"_pose":"Running","_animationQueue":[],"_animationSpeed":1.104,"_zoom":26.32},{"_mousePosition":[683,379],"_rootPartCFrame":[760.563,243.222,46.772,0.471,0,0.882,0,1,0,-0.882,0,0.471],"_humanoidState":8,"_cameraCFrame":[767.142,270.207,46.79,0.003,-0.968,0.25,0,0.25,0.968,-1,-0.003,0.001],"_shiftlockState":false,"_pose":"Running","_animationQueue":[["walk",0.1]],"_animationSpeed":1.104,"_zoom":26.32},{"_mousePosition":[683,379],"_rootPartCFrame":[760.296,243.222,46.905,0.411,0,0.911,0,1,0,-0.911,0,0.411],"_humanoidState":8,"_cameraCFrame":[766.875,270.207,46.955,0.008,-0.968,0.25,0,0.25,0.968,-1,-0.007,0.002],"_shiftlockState":false,"_pose":"Running","_animationQueue":[],"_animationSpeed":1.104,"_zoom":26.32},{"_mousePosition":[683,379],"_rootPartCFrame":[760.029,243.222,47.037,0.359,0,0.933,0,1,0,-0.933,0,0.359],"_humanoidState":8,"_cameraCFrame":[766.608,270.207,47.105,0.01,-0.968,0.25,0,0.25,0.968,-1,-0.01,0.003],"_shiftlockState":false,"_pose":"Run