[{"_mousePosition":[1145,353],"_rootPartCFrame":[776.028,222.95,47.142,0,0,1,0,1,0,-1,0,0],"_humanoidState":8,"_cameraCFrame":[782.634,231.461,47.075,-0.01,-0.728,0.686,0,0.686,0.728,-1,0.007,-0.007],"_shiftlockState":false,"_pose":"Standing","_animationQueue":[],"_animationSpeed":1,"_zoom":9.633},{"_mousePosition":[1115,343],"_rootPartCFrame":[775.856,222.865,47.144,-0.001,0,1,0,1,0,-1,0,-0.001],"_humanoidState":8,"_cameraCFrame":[782.462,231.376,47.076,-0.01,-0.728,0.686,0,0.686,0.728,-1,0.007,-0.007],"_shiftlockState":false,"_pose":"Standing","_animationQueue":[],"_animationSpeed":1,"_zoom":9.633},{"_mousePosition":[1082,333],"_rootPartCFrame":[775.592,222.719,47.146,-0.002,0,1,0,1,0,-1,0,-0.002],"_humanoidState":8,"_cameraCFrame":[782.198,231.23,47.079,-0.01,-0.728,0.686,0,0.686,0.728,-1,0.007,-0.007],"_shiftlockState":false,"_pose":"Running","_animationQueue":[["walk",0.1]],"_animationSpeed":1.003,"_zoom":9.633},{"_mousePosition":[1064,329],"_rootPartCFrame":[775.458,222.626,47.148,-0.003,0,1,0,1,0,-1,0,-0.003],"_humanoidState":8,"_cameraCFrame":[782.064,231.137,47.08,-0.01,-0.728,0.686,0,0.686,0.728,-1,0.007,-0.007],"_shiftlockState":false,"_pose":"Running","_animationQueue":[["walk",0.1]],"_animationSpeed":1.101,"_zoom":9.633},{"_mousePosition":[1026,322],"_rootPartCFrame":[775.192,222.625,47.151,-0.004,0,1,0,1,0,-1,0,-0.004],"_humanoidState":8,"_cameraCFrame":[781.798,231.136,47.083,-0.01,-0.728,0.686,0,0.686,0.728,-1,0.007,-0.007],"_shiftlockState":false,"_pose":"Running","_animationQueue":[],"_animationSpeed":1.101,"_zoom":9.633},{"_mousePosition":[997,320],"_rootPartCFrame":[774.925,222.654,47.153,-0.005,0,1,0,1,0,-1,0,-0.005],"_humanoidState":8,"_cameraCFrame":[781.531,231.165,47.086,-0.01,-0.728,0.686,0,0.686,0.728,-1,0.007,-0.007],"_shiftlockState":false,"_pose":"Running","_animationQueue":[],"_animationSpeed":1.101,"_zoom":9.633},{"_mousePosition":[983,319],"_rootPartCFrame":[774.525,222.681,47.157,-0.006,0,1,0,1,0,-1,0,-0.006],"_humanoidState":8,"_cameraCFrame":[781.131,231.192,47.09,-0.01,-0.728,0.686,0,0.686,0.728,-1,0.007,-0.007],"_shiftlockState":false,"_pose":"Running","_animationQueue":[],"_animationSpeed":1.101,"_zoom":9.633},{"_mousePosition":[951,320],"_rootPartCFrame":[774.392,222.686,47.159,-0.006,0,1,0,1,0,-1,0,-0.006],"_humanoidState":8,"_cameraCFrame":[780.998,231.197,47.091,-0.01,-0.728,0.686,0,0.686,0.728,-1,0.007,-0.007],"_shiftlockState":false,"_pose":"Running","_animationQueue":[],"_animationSpeed":1.101,"_zoom":9.633},{"_mousePosition":[932,324],"_rootPartCFrame":[774.125,222.692,47.161,-0.007,0,1,0,1,0,-1,0,-0.007],"_humanoidState":8,"_cameraCFrame":[780.731,231.203,47.094,-0.01,-0.728,0.686,0,0.686,0.728,-1,0.007,-0.007],"_shiftlockState":false,"_pose":"Running","_animationQueue":[],"_animationSpeed":1.101,"_zoom":9.633},{"_mousePosition":[925,327],"_rootPartCFrame":[773.859,222.696,47.164,-0.007,0,1,0,1,0,-1,0,-0.007],"_humanoidState":8,"_cameraCFrame":[780.465,231.206,47.097,-0.01,-0.728,0.686,0,0.686,0.728,-1,0.007,-0.007],"_shiftlockState":false,"_pose":"Running","_animationQueue":[["walk",0.1]],"_animationSpeed":1.101,"_zoom":9.633},{"_mousePosition":[916,334],"_rootPartCFrame":[773.592,222.698,47.167,-0.008,0,1,0,1,0,-1,0,-0.008],"_humanoidState":8,"_cameraCFrame":[780.198,231.208,47.099,-0.01,-0.728,0.686,0,0.686,0.728,-1,0.007,-0.007],"_shiftlockState":false,"_pose":"Running","_animationQueue":[],"_animationSpeed":1.101,"_zoom":9.633},{"_mousePosition":[913,339],"_rootPartCFrame":[773.325,222.699,47.17,-0.008,0,1,0,1,0,-1,0,-0.008],"_humanoidState":8,"_cameraCFrame":[779.932,231.209,47.102,-0.01,-0.728,0.686,0,0.686,0.728,-1,0.007,-0.007],"_shiftlockState":false,"_pose":"Running","_animationQueue":[],"_animationSpeed":1.101,"_zoom":9.633},{"_mousePosition":[913,339],"_rootPartCFrame":[773.059,222.699,47.172,-0.008,0,1,0,1,0,-1,0,-0.008],"_humanoidState":8,"_cameraCFrame":[779.574,231.294,47.106,-0.01,-0.737,0.676,0,0.676,0.737,-1,0.008,-0.007],"_shiftlockState":false,"_pose":"Running","_animationQueue":[],"_animationSpeed":1.101,"_zoom":9.633},{"_mousePosition":[913,339],"_rootPartCFrame":[772.792,222.699,47.175,-0.008,0,1,0,1,0,-1,0,-0.008],"_humanoidState":8,"_cameraCFrame":[779.175,231.414,47.15,-0.004,-0.749,0.663,0,0.663,0.749,-1,0.003,-0.003],"_shiftlockState":false,"_pose":"Running","_animationQueue":[],"_animationSpeed":1.101,"_zoom":9.633},{"_mousePosition":[913,339],"_rootPartCFrame":[772.526,222.699,47.178,-0.009,0,1,0,1,0,-1,0,-0.009],"_humanoidState":8,"_cameraCFrame":[778.726,231.572,47.212,0.006,-0.765,0.644,0,0.644,0.765,-1,-0.004,0.004],"_shiftlockState":false,"_pose":"Running","_animationQueue":[],"_animationSpeed":1.101,"_zoom":9.633},{"_mousePosition":[913,339],"_rootPartCFrame":[772.259,222.7,47.179,-0.008,0,1,0,1,0,-1,0,-0.008],"_humanoidState":8,"_cameraCFrame":[778.224,231.763,47.281,0.017,-0.785,0.619,0,0.619,0.785,-1,-0.013,0.011],"_shiftlockState":false,"_pose":"Running","_animationQueue":[],"_animationSpeed":1.101,"_zoom":9.633},{"_mousePosition":[913,339],"_rootPartCFrame":[771.992,222.7,47.178,-0.006,0,1,0,1,0,-1,0,-0.006],"_humanoidState":8,"_cameraCFrame":[777.728,231.938,47.329,0.026,-0.803,0.595,0,0.596,0.803,-1,-0.021,0.016],"_shiftlockState":false,"_pose":"Running","_animationQueue":[["walk",0.1]],"_animationSpeed":1.101,"_zoom":9.633},{"_mousePosition":[913,339],"_rootPartCFrame":[771.726,222.7,47.173,-0.003,0,1,0,1,0,-1,0,-0.003],"_humanoidState":8,"_cameraCFrame":[777.214,232.114,47.359,0.034,-0.821,0.57,0,0.57,0.822,-0.999,-0.028,0.019],"_shiftlockState":false,"_pose":"Running","_animationQueue":[],"_animationSpeed":1.101,"_zoom":9.633},{"_mousePosition":[913,339],"_rootPartCFrame":[771.459,222.7,47.167,0,0,1,0,1,0,-1,0,0],"_humanoidState":8,"_cameraCFrame":[776.675,232.296,47.37,0.039,-0.84,0.541,0,0.542,0.84,-0.999,-0.033,0.021],"_shiftlockState":false,"_pose":"Running","_animationQueue":[],"_animationSpeed":1.101,"_zoom":9.633},{"_mousePosition":[913,339],"_rootPartCFrame":[771.193,222.7,47.158,0.005,0,1,0,1,0,-1,0,0.005],"_humanoidState":8,"_cameraCFrame":[776.144,232.46,47.377,0.044,-0.857,0.514,0,0.515,0.857,-0.999,-0.038,0.023],"_shiftlockState":false,"_pose":"Running","_animationQueue":[],"_animationSpeed":1.101,"_zoom":9.633},{"_mousePosition":[913,339],"_rootPartCFrame":[770.926,222.7,47.147,0.009,0,1,0,1,0,-1,0,0.009],"_humanoidState":8,"_cameraCFrame":[775.614,232.612,47.394,0.053,-0.872,0.487,0,0.487,0.873,-0.999,-0.046,0.026],"_shiftlockState":false,"_pose":"Running","_animationQueue":[],"_animationSpeed":1.101,"_zoom":9.633},{"_mousePosition":[913,339],"_rootPartCFrame":[770.66,222.7,47.136,0.014,0,1,0,1,0,-1,0,0.014],"_humanoidState":8,"_cameraCFrame":[775.044,232.773,47.413,0.063,-0.888,0.455,0,0.456,0.89,-0.998,-0.056,0.029],"_shiftlockState":false,"_pose":"Running","_animationQueue":[],"_animationSpeed":1.101,"_zoom":9.633},{"_mousePosition":[913,339],"_rootPartCFrame":[770.393,222.7,47.122,0.019,0,1,0,1,0,-1,0,0.019],"_humanoidState":8,"_cameraCFrame":[774.518,232.9,47.413,0.07,-0.901,0.428,0,0.429,0.903,-0.998,-0.064,0.03],"_shiftlockState":false,"_pose":"Running","_animationQueue":[["walk",0.1]],"_animationSpeed":1.101,"_zoom":9.633},{"_mousePosition":[913,339],"_rootPartCFrame":[770.06,223.77,47.104,0.026,0,1,0,1,0,-1,0,0.026],"_humanoidState":3,"_cameraCFrame":[774.009,234.052,47.383,0.07,-0.909,0.41,0,0.411,0.912,-0.998,-0.064,0.029],"_shiftlockState":false,"_pose":"Jumping","_animationQueue":[["walk",0.1],["jump",0.1]],"_animationSpeed":1,"_zoom":9.633},{"_mousePosition":[913,339],"_rootPartCFrame":[769.861,224.371,47.091,0.03,0,1,0,1,0,-1,0,0.03],"_humanoidState":5,"_cameraCFrame":[773.605,234.743,47.343,0.067,-0.919,0.389,0,0.39,0.921,-0.998,-0.062,0.026],"_shiftlockState":false,"_pose":"FreeFall","_animationQueue":[["jump",0.1]],"_animationSpeed":1,"_zoom":9.633},{"_mousePosition":[913,339],"_rootPartCFrame":[769.595,225.125,47.072,0.035,0,0.999,0,1,0,-0.999,0,0.035],"_humanoidState":5,"_cameraCFrame":[773.103,235.594,47.287,0.061,-0.929,0.364,0,0.365,0.931,-0.998,-0.057,0.022],"_shiftlockState":false,"_pose":"FreeFall","_animationQueue":[],"_animationSpeed":1,"_zoom":9.633},{"_mousePosition":[913,339],"_rootPartCFrame":[769.329,225.824,47.054,0.04,0,0.999,0,1,0,-0.999,0,0.04],"_humanoidState":5,"_cameraCFrame":[772.599,236.383,47.23,0.054,-0.939,0.34,0,0.34,0.94,-0.999,-0.05,0.018],"_shiftlockState":false,"_pose":"FreeFall","_animationQueue":[],"_animationSpeed":1,"_zoom":9.633},{"_mousePosition":[913,339],"_rootPartCFrame":[769.062,226.469,47.038,0.043,0,0.999,0,1,0,-0.999,0,0.043],"_humanoidState":5,"_cameraCFrame":[772.129,237.1,47.18,0.046,-0.947,0.318,0,0.319,0.948,-0.999,-0.044,0.015],"_shiftlockState":false,"_pose":"FreeFall","_animationQueue":[],"_animationSpeed":1,"_zoom":9.633},{"_mousePosition":[913,339],"_rootPartCFrame":[768.796,227.06,47.023,0.045,0,0.999,0,1,0,-0.999,0,0.045],"_humanoidState":5,"_cameraCFrame":[771.701,237.743,47.143,0.041,-0.953,0.302,0,0.302,0.953,-0.999,-0.039,0.012],"_shiftlockState":false,"_pose":"FreeFall","_animationQueue":[],"_animationSpeed":1,"_zoom":9.633},{"_mousePosition":[913,339],"_rootPartCFrame":[768.53,227.595,47.01,0.046,0,0.999,0,1,0,-0.999,0,0.046],"_humanoidState":5,"_cameraCFrame":[771.287,238.325,47.115,0.038,-0.957,0.286,0,0.286,0.958,-0.999,-0.036,0.011],"_shiftlockState":false,"_pose":"FreeFall","_animationQueue":[],"_animationSpeed":1,"_zoom":9.633},{"_mousePosition":[913,339],"_rootPartCFrame":[768.263,228.077,46.999,0.045,0,0.999,0,1,0,-0.999,0,0.045],"_humanoidState":5,"_cameraCFrame":[770.872,238.85,47.087,0.034,-0.962,0.271,0,0.271,0.963,-0.999,-0.033,0.009],"_shiftlockState":false,"_pose":"FreeFall","_animationQueue":[],"_animationSpeed":1,"_zoom":9.633},{"_mousePosition":[913,339],"_rootPartCFrame":[767.997,228.504,46.989,0.045,0,0.999,0,1,0,-0.999,0,0.045],"_humanoidState":5,"_cameraCFrame":[770.508,239.303,47.069,0.032,-0.965,0.261,0,0.261,0.965,-0.999,-0.031,0.008],"_shiftlockState":false,"_pose":"FreeFall","_animationQueue":[],"_animationSpeed":1,"_zoom":9.633},{"_mousePosition":[913,339],"_rootPartCFrame":[767.73,228.876,46.98,0.043,0,0.999,0,1,0,-0.999,0,0.043],"_humanoidState":5,"_cameraCFrame":[770.167,239.696,47.049,0.029,-0.967,0.253,0,0.253,0.967,-1,-0.028,0.007],"_shiftlockState":false,"_pose":"FreeFall","_animationQueue":[],"_animationSpeed":1,"_zoom":9.633},{"_mousePosition":[913,339],"_rootPartCFrame":[767.464,229.194,46.971,0.042,0,0.999,0,1,0,-0.999,0,0.042],"_humanoidState":5,"_cameraCFrame":[769.833,240.031,47.029,0.024,-0.969,0.246,0,0.246,0.969,-1,-0.024,0.006],"_shiftlockState":false,"_pose":"FreeFall","_animationQueue":[],"_animationSpeed":1,"_zoom":9.633},{"_mousePosition":[913,339],"_rootPartCFrame":[767.197,229.457,46.964,0.04,0,0.999,0,1,0,-0.999,0,0.04],"_humanoidState":5,"_cameraCFrame":[769.521,240.306,47.013,0.021,-0.97,0.241,0,0.241,0.97,-1,-0.021,0.005],"_shiftlockState":false,"_pose":"FreeFall","_animationQueue":[],"_animationSpeed":1,"_zoom":9.633},{"_mousePosition":[913,339],"_rootPartCFrame":[766.931,229.666,46.957,0.038,0,0.999,0,1,0,-0.999,0,0.038],"_humanoidState":5,"_cameraCFrame":[769.217,240.524,46.998,0.018,-0.971,0.237,0,0.237,0.971,-1,-0.018,0.004],"_shiftlockState":false,"_pose":"FreeFall","_animationQueue":[],"_animationSpeed":1,"_zoom":9.633},{"_mousePosition":[913,339],"_rootPartCFrame":[766.664,229.821,46.951,0.036,0,0.999,0,1,0,-0.999,0,0.036],"_humanoidState":5,"_cameraCFrame":[768.92,240.686,46.987,0.016,-0.972,0.234,0,0.234,0.972,-1,-0.016,0.004],"_shiftlockState":false,"_pose":"FreeFall","_animationQueue":[],"_animationSpeed":1,"_zoom":9.633},{"_mousePosition":[913,339],"_rootPartCFrame":[766.331,229.937,46.945,0.033,0,0.999,0,1,0,-0.999,0,0.033],"_humanoidState":5,"_cameraCFrame":[768.564,240.807,46.978,0.015,-0.973,0.232,0,0.232,0.973,-1,-0.015,0.003],"_shiftlockState":false,"_pose":"FreeFall","_animationQueue":[],"_animationSpeed":1,"_zoom":9.633},{"_mousePosition":[913,339],"_rootPartCFrame":[766.131,229.966,46.942,0.031,0,1,0,1,0,-1,0,0.031],"_humanoidState":5,"_cameraCFrame":[768.357,240.838,46.973,0.014,-0.973,0.231,0,0.231,0.973,-1,-0.014,0.003],"_shiftlockState":false,"_pose":"FreeFall","_animationQueue":[],"_animationSpeed":1,"_zoom":9.633},{"_mousePosition":[913,339],"_rootPartCFrame":[765.864,229.957,46.938,0.029,0,1,0,1,0,-1,0,0.029],"_humanoidState":5,"_cameraCFrame":[768.083,240.831,46.966,0.013,-0.973,0.23,0,0.23,0.973,-1,-0.012,0.003],"_shiftlockState":false,"_pose":"FreeFall","_animationQueue":[],"_animationSpeed":1,"_zoom":9.633},{"_mousePosition":[913,339],"_rootPartCFrame":[765.598,229.893,46.934,0.027,0,1,0,1,0,-1,0,0.027],"_humanoidState":5,"_cameraCFrame":[767.839,240.767,45.213,0.013,-0.973,0.23,0,0.23,0.973,-1,-0.012,0.003],"_shiftlockState":true,"_pose":"FreeFall","_animationQueue":[],"_animationSpeed":1,"_zoom":9.633},{"_mousePosition":[683,384],"_rootPartCFrame":[765.331,229.775,46.931,0.012,0,1,0,1,0,-1,0,0.012],"_humanoidState":5,"_cameraCFrame":[767.572,240.649,45.209,0.013,-0.973,0.23,0,0.23,0.973,-1,-0.012,0.003],"_shiftlockState":true,"_pose":"FreeFall","_animationQueue":[],"_animationSpeed":1,"_zoom":9.633},{"_mousePosition":[683,384],"_rootPartCFrame":[765.064,229.603,46.927,0.013,0,1,0,1,0,-1,0,0.013],"_humanoidState":5,"_cameraCFrame":[767.305,240.477,45.206,0.013,-0.973,0.23,0,0.23,0.973,-1,-0.012,0.003],"_shiftlockState":true,"_pose":"FreeFall","_animationQueue":[],"_animationSpeed":1,"_zoom":9.633},{"_mousePosition":[683,384],"_rootPartCFrame":[764.798,229.375,46.924,0.013,0,1,0,1,0,-1,0,0.013],"_humanoidState":5,"_cameraCFrame":[767.039,240.249,45.202,0.013,-0.973,0.23,0,0.23,0.973,-1,-0.012,0.003],"_shiftlockState":true,"_pose":"FreeFall","_animationQueue":[],"_animationSpeed":1,"_zoom":9.633},{"_mousePosition":[683,384],"_rootPartCFrame":[764.531,229.094,46.92,0.013,0,1,0,1,0,-1,0,0.013],"_humanoidState":5,"_cameraCFrame":[766.772,239.968,45.199,0.013,-0.973,0.23,0,0.23,0.973,-1,-0.012,0.003],"_shiftlockState":true,"_pose":"FreeFall","_animationQueue":[["fall",0.3]],"_animationSpeed":1,"_zoom":9.633},{"_mousePosition":[683,384],"_rootPartCFrame":[764.265,228.758,46.917,0.013,0,1,0,1,0,-1,0,0.013],"_humanoidState":5,"_cameraCFrame":[766.506,239.632,45.195,0.013,-0.973,0.23,0,0.23,0.973,-1,-0.012,0.003],"_shiftlockState":true,"_pose":"FreeFall","_animationQueue":[],"_animationSpeed":1,"_zoom":9.633},{"_mousePosition":[683,384],"_rootPartCFrame":[763.998,228.367,46.913,0.013,0,1,0,1,0,-1,0,0.013],"_humanoidState":5,"_cameraCFrame":[766.239,239.241,45.192,0.013,-0.973,0.23,0,0.23,0.973,-1,-0.012,0.003],"_shiftlockState":true,"_pose":"FreeFall","_animationQueue":[],"_animationSpeed":1,"_zoom":9.633},{"_mousePosition":[683,384],"_rootPartCFrame":[763.731,227.922,46.91,0.013,0,1,0,1,0,-1,0,0.013],"_humanoidState":5,"_cameraCFrame":[765.972,238.796,45.189,0.013,-0.973,0.23,0,0.23,0.973,-1,-0.012,0.003],"_shiftlockState":true,"_pose":"FreeFall","_animationQueue":[],"_animationSpeed":1,"_zoom":9.633},{"_mousePosition":[683,384],"_rootPartCFrame":[763.465,227.422,46.907,0.013,0,1,0,1,0,-1,0,0.013],"_humanoidState":5,"_cameraCFrame":[765.706,238.296,45.185,0.013,-0.973,0.23,0,0.23,0.973,-1,-0.012,0.003],"_shiftlockState":true,"_pose":"FreeFall","_animationQueue":[],"_animationSpeed":1,"_zoom":9.633},{"_mousePosition":[683,384],"_rootPartCFrame":[763.198,226.868,46.903,0.013,0,1,0,1,0,-1,0,0.013],"_humanoidState":5,"_cameraCFrame":[765.439,237.742,45.182,0.013,-0.973,0.23,0,0.23,0.973,-1,-0.012,0.003],"_shiftlockState":true,"_pose":"FreeFall","_animationQueue":[],"_animationSpeed":1,"_zoom":9.633},{"_mousePosition":[683,384],"_rootPartCFrame":[762.932,226.26,46.9,0.013,0,1,0,1,0,-1,0,0.013],"_humanoidState":5,"_cameraCFrame":[765.173,237.134,45.178,0.013,-0.973,0.23,0,0.23,0.973,-1,-0.012,0.003],"_shiftlockState":true,"_pose":"FreeFall","_animationQueue":[["fall",0.3]],"_animationSpeed":1,"_zoom":9.633},{"_mousePosition":[683,384],"_rootPartCFrame":[762.665,225.597,46.896,0.013,0,1,0,1,0,-1,0,0.013],"_humanoidState":7,"_cameraCFrame":[764.906,236.471,45.175,0.013,-0.973,0.23,0,0.23,0.973,-1,-0.012,0.003],"_shiftlockState":true,"_pose":"FreeFall","_animationQueue":[["walk",0.1],["fall",0.3],["fall",0.3]],"_animationSpeed":1,"_zoom":9.633},{"_mousePosition":[683,384],"_rootPartCFrame":[762.398,225.275,46.893,0.013,0,1,0,1,0,-1,0,0.013],"_humanoidState":7,"_cameraCFrame":[764.632,236.158,45.211,0.031,-0.974,0.226,0,0.226,0.974,-1,-0.03,0.007],"_shiftlockState":true,"_pose":"FreeFall","_animationQueue":[],"_animationSpeed":1,"_zoom":9.633},{"_mousePosition":[683,384],"_rootPartCFrame":[761.998,225.36,46.888,0.031,0,1,0,1,0,-1,0,0.031],"_humanoidState":8,"_cameraCFrame":[764.228,236.267,45.339,0.093,-0.972,0.214,0,0.215,0.977,-0.996,-0.091,0.02],"_shiftlockState":true,"_pose":"Running","_animationQueue":[["walk",0.1],["fall",0.3],["walk",0.1]],"_animationSpeed":1.103,"_zoom":9.633},{"_mousePosition":[683,384],"_rootPartCFrame":[761.799,225.4,46.882,0.093,0,0.996,0,1,0,-0.996,0,0.093],"_humanoidState":8,"_cameraCFrame":[764.049,236.339,45.58,0.212,-0.958,0.195,0,0.2,0.98,-0.977,-0.208,0.042],"_shiftlockState":true,"_pose":"Running","_animationQueue":[],"_animationSpeed":1.103,"_zoom":9.633},{"_mousePosition":[683,384],"_rootPartCFrame":[761.533,225.433,46.86,0.218,0,0.976,0,1,0,-0.976,0,0.218],"_humanoidState":8,"_cameraCFrame":[763.753,236.41,45.807,0.343,-0.924,0.168,0,0.179,0.984,-0.939,-0.337,0.061],"_shiftlockState":true,"_pose":"Running","_animationQueue":[],"_animationSpeed":1.103,"_zoom":9.633},{"_mousePosition":[683,384],"_rootPartCFrame":[761.272,225.451,46.808,0.351,0,0.937,0,1,0,-0.937,0,0.351],"_humanoidState":8,"_cameraCFrame":[763.531,236.437,45.94,0.427,-0.891,0.157,0,0.174,0.985,-0.904,-0.42,0.074],"_shiftlockState":true,"_pose":"Running","_animationQueue":[["walk",0.1]],"_animationSpeed":1.103,"_zoom":9.633},{"_mousePosition":[683,384],"_rootPartCFrame":[761.02,225.461,46.722,0.429,0,0.903,0,1,0,-0.903,0,0.429],"_humanoidState":8,"_cameraCFrame":[763.304,236.447,45.92,0.453,-0.878,0.155,0,0.174,0.985,-0.891,-0.446,0.079],"_shiftlockState":true,"_pose":"Running","_animationQueue":[],"_animationSpeed":1.103,"_zoom":9.633},{"_mousePosition":[683,384],"_rootPartCFrame":[760.777,225.466,46.611,0.454,0,0.891,0,1,0,-0.891,0,0.454],"_humanoidState":8,"_cameraCFrame":[763.047,236.453,45.769,0.437,-0.886,0.156,0,0.174,0.985,-0.899,-0.431,0.076],"_shiftlockState":true,"_pose":"Running","_animationQueue":[],"_animationSpeed":1.103,"_zoom":9.633},{"_mousePosition":[683,384],"_rootPartCFrame":[760.476,225.42,46.469,0.437,0,0.899,0,1,0,-0.899,0,0.437],"_humanoidState":8,"_cameraCFrame":[762.698,236.407,45.509,0.39,-0.907,0.16,0,0.174,0.985,-0.921,-0.384,0.068],"_shiftlockState":true,"_pose":"Running","_animationQueue":[],"_animationSpeed":1.103,"_zoom":9.633},{"_mousePosition":[683,384],"_rootPartCFrame":[760.295,225.352,46.384,0.39,0,0.921,0,1,0,-0.921,0,0.39],"_humanoidState":8,"_cameraCFrame":[762.428,236.338,45.239,0.31,-0.936,0.165,0,0.174,0.985,-0.951,-0.306,0.054],"_shiftlockState":true,"_pose":"Running","_animationQueue":[],"_animationSpeed":1.103,"_zoom":9.633},{"_mousePosition":[683,384],"_rootPartCFrame":[760.053,226.225,46.27,0.31,0,0.951,0,1,0,-0.951,0,0.31],"_humanoidState":3,"_cameraCFrame":[762.125,237.206,44.977,0.239,-0.956,0.172,0,0.177,0.984,-0.971,-0.235,0.042],"_shiftlockState":true,"_pose":"Jumping","_animationQueue":[["walk",0.1],["jump",0.1]],"_animationSpeed":1,"_zoom":9.633},{"_mousePosition":[683,384],"_rootPartCFrame":[759.804,227.047,46.177,0.245,0,0.969,0,1,0,-0.969,0,0.245],"_humanoidState":5,"_cameraCFrame":[761.849,238.013,44.737,0.161,-0.97,0.183,0,0.186,0.983,-0.987,-0.158,0.03],"_shiftlockState":true,"_pose":"FreeFall","_animationQueue":[["jump",0.1]],"_animationSpeed":1,"_zoom":9.633},{"_mousePosition":[683,384],"_rootPartCFrame":[759.546,227.814,46.109,0.171,0,0.985,0,1,0,-0.985,0,0.171],"_humanoidState":5,"_cameraCFrame":[761.598,238.762,44.565,0.105,-0.975,0.194,0,0.195,0.981,-0.994,-0.103,0.02],"_shiftlockState":true,"_pose":"FreeFall","_animationQueue":[],"_animationSpeed":1,"_zoom":9.633},{"_mousePosition":[683,384],"_rootPartCFrame":[759.284,228.527,46.061,0.113,0,0.994,0,1,0,-0.994,0,0.113],"_humanoidState":5,"_cameraCFrame":[761.331,239.465,44.447,0.068,-0.977,0.2,0,0.201,0.98,-0.998,-0.067,0.014],"_shiftlockState":true,"_pose":"FreeFall","_animationQueue":[],"_animationSpeed":1,"_zoom":9.633},{"_mousePosition":[683,384],"_rootPartCFrame":[759.019,229.186,46.031,0.074,0,0.997,0,1,0,-0.997,0,0.074],"_humanoidState":5,"_cameraCFrame":[761.049,240.12,44.377,0.048,-0.978,0.202,0,0.202,0.979,-0.999,-0.047,0.01],"_shiftlockState":true,"_pose":"FreeFall","_animationQueue":[],"_animationSpeed":1,"_zoom":9.633},{"_mousePosition":[683,384],"_rootPartCFrame":[758.753,229.79,46.011,0.052,0,0.999,0,1,0,-0.999,0,0.052],"_humanoidState":5,"_cameraCFrame":[760.768,240.723,44.33,0.035,-0.979,0.203,0,0.203,0.979,-0.999,-0.034,0.007],"_shiftlockState":true,"_pose":"FreeFall","_animationQueue":[],"_animationSpeed":1,"_zoom":9.633},{"_mousePosition":[683,384],"_rootPartCFrame":[758.487,230.34,45.998,0.037,0,0.999,0,1,0,-0.999,0,0.037],"_humanoidState":5,"_cameraCFrame":[760.479,241.272,44.289,0.021,-0.979,0.203,0,0.203,0.979,-1,-0.021,0.004],"_shiftlockState":true,"_pose":"FreeFall","_animationQueue":[],"_animationSpeed":1,"_zoom":9.633},{"_mousePosition":[683,384],"_rootPartCFrame":[758.22,230.835,45.988,0.023,0,1,0,1,0,-1,0,0.023],"_humanoidState":5,"_cameraCFrame":[760.191,241.766,44.247,0.004,-0.979,0.204,0,0.204,0.979,-1,-0.004,0.001],"_shiftlockState":true,"_pose":"FreeFall","_animationQueue":[],"_animationSpeed":1,"_zoom":9.633},{"_mousePosition":[683,384],"_rootPartCFrame":[757.954,231.275,45.982,0.007,0,1,0,1,0,-1,0,0.007],"_humanoidState":5,"_cameraCFrame":[759.91,242.203,44.207,-0.012,-0.979,0.205,0,0.205,0.979,-1,0.012,-0.003],"_shiftlockState":true,"_pose":"FreeFall","_animationQueue":[],"_animationSpeed":1,"_zoom":9.633},{"_mousePosition":[683,384],"_rootPartCFrame":[757.687,231.661,45.98,-0.01,0,1,0,1,0,-1,0,-0.01],"_humanoidState":5,"_cameraCFrame":[759.638,242.584,44.174,-0.028,-0.978,0.208,0,0.208,0.978,-1,0.027,-0.006],"_shiftlockState":true,"_pose":"FreeFall","_animationQueue":[],"_animationSpeed":1,"_zoom":9.633},{"_mousePosition":[683,384],"_rootPartCFrame":[757.354,232.067,45.983,-0.025,0,1,0,1,0,-1,0,-0.025],"_humanoidState":5,"_cameraCFrame":[759.318,242.983,44.158,-0.037,-0.977,0.211,0,0.211,0.978,-0.999,0.037,-0.008],"_shiftlockState":true,"_pose":"FreeFall","_animationQueue":[],"_animationSpeed":1,"_zoom":9.633},{"_mousePosition":[683,384],"_rootPartCFrame":[757.154,232.27,45.988,-0.036,0,0.999,0,1,0,-0.999,0,-0.036],"_humanoidState":5,"_cameraCFrame":[759.126,243.183,44.155,-0.042,-0.976,0.212,0,0.212,0.977,-0.999,0.041,-0.009],"_shiftlockState":true,"_pose":"FreeFall","_animationQueue":[],"_animationSpeed":1,"_zoom":9.633},{"_mousePosition":[683,384],"_rootPartCFrame":[756.887,232.492,45.998,-0.041,0,0.999,0,1,0,-0.999,0,-0.041],"_humanoidState":5,"_cameraCFrame":[758.872,243.402,44.161,-0.043,-0.976,0.214,0,0.214,0.977,-0.999,0.042,-0.009],"_shiftlockState":true,"_pose":"FreeFall","_animationQueue":[],"_animationSpeed":1,"_zoom":9.633},{"_mousePosition":[683,384],"_rootPartCFrame":[756.621,232.66,46.009,-0.042,0,0.999,0,1,0,-0.999,0,-0.042],"_humanoidState":5,"_cameraCFrame":[758.621,243.567,44.172,-0.043,-0.976,0.215,0,0.216,0.976,-0.999,0.042,-0.009],"_shiftlockState":true,"_pose":"FreeFall","_animationQueue":[],"_animationSpeed":1,"_zoom":9.633},{"_mousePosition":[683,384],"_rootPartCFrame":[756.355,232.774,46.02,-0.043,0,0.999,0,1,0,-0.999,0,-0.043],"_humanoidState":5,"_cameraCFrame":[758.419,243.665,44.176,-0.045,-0.974,0.222,0,0.223,0.975,-0.999,0.044,-0.01],"_shiftlockState":true,"_pose":"FreeFall","_animationQueue":[],"_animationSpeed":1,"_zoom":9.633},{"_mousePosition":[683,384],"_rootPartCFrame":[756.088,232.833,46.031,-0.045,0,0.999,0,1,0,-0.999,0,-0.045],"_humanoidState":5,"_cameraCFrame":[758.228,243.706,44.184,-0.045,-0.972,0.23,0,0.23,0.973,-0.999,0.044,-0.01],"_shiftlockState":true,"_pose":"FreeFall","_animationQueue":[["fall",0.3]],"_animationSpeed":1,"_zoom":9.633},{"_mousePosition":[683,384],"_rootPartCFrame":[755.822,232.837,46.043,-0.045,0,0.999,0,1,0,-0.999,0,-0.045],"_humanoidState":5,"_cameraCFrame":[757.969,243.709,44.195,-0.045,-0.972,0.231,0,0.231,0.973,-0.999,0.044,-0.01],"_shiftlockState":true,"_pose":"FreeFall","_animationQueue":[],"_animationSpeed":1,"_zoom":9.633},{"_mousePosition":[683,384],"_rootPartCFrame":[755.556,232.787,46.055,-0.045,0,0.999,0,1,0,-0.999,0,-0.045],"_humanoidState":5,"_cameraCFrame":[757.703,243.659,44.207,-0.045,-0.972,0.231,0,0.231,0.973,-0.999,0.044,-0.01],"_shiftlockState":true,"_pose":"FreeFall","_animationQueue":[],"_animationSpeed":1,"_zoom":9.633},{"_mousePosition":[683,384],"_rootPartCFrame":[755.289,232.683,46.067,-0.045,0,0.999,0,1,0,-0.999,0,-0.045],"_humanoidState":5,"_cameraCFrame":[757.437,243.555,44.219,-0.045,-0.972,0.231,0,0.231,0.973,-0.999,0.044,-0.01],"_shiftlockState":true,"_pose":"FreeFall","_animationQueue":[],"_animationSpeed":1,"_zoom":9.633},{"_mousePosition":[683,384],"_rootPartCFrame":[755.023,232.524,46.079,-0.045,0,0.999,0,1,0,-0.999,0,-0.045],"_humanoidState":5,"_cameraCFrame":[757.17,243.396,44.231,-0.045,-0.972,0.231,0,0.231,0.973,-0.999,0.044,-0.01],"_shiftlockState":true,"_pose":"FreeFall","_animationQueue":[],"_animationSpeed":1,"_zoom":9.633},{"_mousePosition":[683,384],"_rootPartCFrame":[754.756,232.31,46.091,-0.045,0,0.999,0,1,0,-0.999,0,-0.045],"_humanoidState":5,"_cameraCFrame":[756.904,243.182,44.243,-0.045,-0.972,0.231,0,0.231,0.973,-0.999,0.044,-0.01],"_shiftlockState":true,"_pose":"FreeFall","_animationQueue":[],"_animationSpeed":1,"_zoom":9.633},{"_mousePosition":[683,384],"_rootPartCFrame":[754.49,232.042,46.103,-0.045,0,0.999,0,1,0,-0.999,0,-0.045],"_humanoidState":5,"_cameraCFrame":[756.638,242.914,44.255,-0.045,-0.972,0.231,0,0.231,0.973,-0.999,0.044,-0.01],"_shiftlockState":true,"_pose":"FreeFall","_animationQueue":[],"_animationSpeed":1,"_zoom":9.633},{"_mousePosition":[683,384],"_rootPartCFrame":[754.224,231.72,46.115,-0.045,0,0.999,0,1,0,-0.999,0,-0.045],"_humanoidState":5,"_cameraCFrame":[756.371,242.592,44.267,-0.045,-0.972,0.231,0,0.231,0.973,-0.999,0.044,-0.01],"_shiftlockState":true,"_pose":"FreeFall","_animationQueue":[["fall",0.3]],"_animationSpeed":1,"_zoom":9.633},{"_mousePosition":[683,384],"_rootPartCFrame":[753.957,231.343,46.127,-0.045,0,0.999,0,1,0,-0.999,0,-0.045],"_humanoidState":5,"_cameraCFrame":[756.105,242.215,44.279,-0.045,-0.972,0.231,0,0.231,0.973,-0.999,0.044,-0.01],"_shiftlockState":true,"_pose":"FreeFall","_animationQueue":[],"_animationSpeed":1,"_zoom":9.633},{"_mousePosition":[683,384],"_rootPartCFrame":[753.691,230.911,46.139,-0.045,0,0.999,0,1,0,-0.999,0,-0.045],"_humanoidState":5,"_cameraCFrame":[755.838,241.783,44.291,-0.045,-0.972,0.231,0,0.231,0.973,-0.999,0.044,-0.01],"_shiftlockState":true,"_pose":"FreeFall","_animationQueue":[],"_animationSpeed":1,"_zoom":9.633},{"_mousePosition":[683,384],"_rootPartCFrame":[753.358,230.295,46.154,-0.045,0,0.999,0,1,0,-0.999,0,-0.045],"_humanoidState":5,"_cameraCFrame":[755.704,241.147,44.451,0.02,-0.971,0.24,0,0.24,0.971,-1,-0.02,0.005],"_shiftlockState":true,"_pose":"FreeFall","_animationQueue":[],"_animationSpeed":1,"_zoom":9.633},{"_mousePosition":[683,384],"_rootPartCFrame":[753.158,229.885,46.163,0.016,0,1,0,1,0,-1,0,0.016],"_humanoidState":5,"_cameraCFrame":[756.092,240.686,45.304,0.319,-0.915,0.247,0,0.26,0.966,-0.948,-0.308,0.083],"_shiftlockState":true,"_pose":"FreeFall","_animationQueue":[],"_animationSpeed":1,"_zoom":9.633},{"_mousePosition":[683,384],"_rootPartCFrame":[753.168,229.351,46.147,0.196,0.003,0.981,-0.009,1,-0.001,-0.981,-0.009,0.196],"_humanoidState":5,"_cameraCFrame":[756.063,240.193,46.612,0.72,-0.673,0.169,0,0.244,0.97,-0.693,-0.699,0.176],"_shiftlockState":true,"_pose":"FreeFall","_animationQueue":[],"_animationSpeed":1,"_zoom":9.633},{"_mousePosition":[683,384],"_rootPartCFrame":[753.437,229.745,46.097,0.694,0.01,0.72,-0.003,1,-0.011,-0.72,0.005,0.694],"_humanoidState":7,"_cameraCFrame":[756.051,240.635,47.074,0.862,-0.494,0.113,0,0.223,0.975,-0.507,-0.84,0.193],"_shiftlockState":true,"_pose":"FreeFall","_animationQueue":[["fall",0.3],["fall",0.3],["fall",0.3]],"_animationSpeed":1,"_zoom":9.633},{"_mousePosition":[683,384],"_rootPartCFrame":[753.602,229.632,46.062,0.863,-0.036,0.504,0.039,0.999,0.005,-0.504,0.015,0.864],"_humanoidState":7,"_cameraCFrame":[755.922,240.617,46.56,0.844,-0.527,0.093,0,0.174,0.985,-0.536,-0.832,0.147],"_shiftlockState":true,"_pose":"FreeFall","_animationQueue":[],"_animationSpeed":1,"_zoom":9.633},{"_mousePosition":[683,384],"_rootPartCFrame":[753.755,229.433,46.015,0.848,-0.019,0.53,0.019,1,0.005,-0.53,0.005,0.848],"_humanoidState":8,"_cameraCFrame":[756.147,240.42,45.984,0.712,-0.692,0.122,0,0.174,0.985,-0.702,-0.701,0.124],"_shiftlockState":true,"_pose":"Running","_animationQueue":[["walk",0.1],["fall",0.3],["walk",0.1]],"_animationSpeed":0.705,"_zoom":9.633},{"_mousePosition":[683,384],"_rootPartCFrame":[753.896,230.317,45.972,0.714,0.01,0.701,-0.008,1,-0.006,-0.701,-0.002,0.714],"_humanoidState":3,"_cameraCFrame":[756.284,241.303,45.49,0.572,-0.808,0.142,0,0.174,0.985,-0.82,-0.563,0.099],"_shiftlockState":true,"_pose":"Jumping","_animationQueue":[["walk",0.1],["jump",0.1]],"_animationSpeed":1,"_zoom":9.633},{"_mousePosition":[683,384],"_rootPartCFrame":[754.007,231.166,45.922,0.586,0.011,0.81,-0.01,1,-0.006,-0.81,-0.004,0.586],"_humanoidState":5,"_cameraCFrame":[756.424,242.137,45.291,0.505,-0.849,0.157,0,0.182,0.983,-0.863,-0.496,0.092],"_shiftlockState":true,"_pose":"FreeFall","_animationQueue":[["jump",0.1]],"_animationSpeed":1,"_zoom":9.633},{"_mousePosition":[683,384],"_rootPartCFrame":[754.079,231.961,45.859,0.517,0.004,0.856,-0.004,1,-0.002,-0.856,-0.002,0.517],"_humanoidState":5,"_cameraCFrame":[756.543,242.91,45.132,0.449,-0.877,0.174,0,0.194,0.981,-0.894,-0.44,0.087],"_shiftlockState":true,"_pose":"FreeFall","_animationQueue":[],"_animationSpeed":1,"_zoom":9.633},{"_mousePosition":[683,384],"_rootPartCFrame":[754.114,232.701,45.787,0.457,0.001,0.889,-0.001,1,0,-0.889,-0.001,0.457],"_humanoidState":5,"_cameraCFrame":[756.635,243.627,44.979,0.401,-0.896,0.189,0,0.206,0.979,-0.916,-0.393,0.083],"_shiftlockState":true,"_pose":"FreeFall","_animationQueue":[],"_animationSpeed":1,"_zoom":9.633},{"_mousePosition":[683,384],"_rootPartCFrame":[754.11,233.387,45.706,0.408,0,0.913,0,1,0,-0.913,0,0.408],"_humanoidState":5,"_cameraCFrame":[756.688,244.293,44.855,0.372,-0.906,0.2,0,0.216,0.976,-0.928,-0.364,0.08],"_shiftlockState":true,"_pose":"FreeFall","_animationQueue":[],"_animationSpeed":1,"_zoom":9.633},{"_mousePosition":[683,384],"_rootPartCFrame":[754.067,234.018,45.62,0.377,0,0.926,0,1,0,-0.926,0,0.377],"_humanoidState":5,"_cameraCFrame":[756.7,244.906,44.731,0.348,-0.914,0.21,0,0.224,0.975,-0.938,-0.339,0.078],"_shiftlockState":true,"_pose":"FreeFall","_animationQueue":[],"_animationSpeed":1,"_zoom":9.633},{"_mousePosition":[683,384],"_rootPartCFrame":[753.984,234.595,45.531,0.351,0,0.936,0,1,0,-0.936,0,0.351],"_humanoidState":5,"_cameraCFrame":[756.668,245.461,44.569,0.311,-0.924,0.222,0,0.234,0.972,-0.95,-0.303,0.073],"_shiftlockState":true,"_pose":"FreeFall","_animationQueue":[],"_animationSpeed":1,"_zoom":9.633},{"_mousePosition":[683,384],"_rootPartCFrame":[753.862,235.117,45.441,0.316,0,0.949,0,1,0,-0.949,0,0.316],"_humanoidState":5,"_cameraCFrame":[756.565,245.967,44.377,0.268,-0.935,0.232,0,0.241,0.971,-0.963,-0.26,0.065],"_shiftlockState":true,"_pose":"FreeFall","_animationQueue":[],"_animationSpeed":1,"_zoom":9.633},{"_mousePosition":[683,384],"_rootPartCFrame":[753.654,235.693,45.33,0.275,0,0.961,0,1,0,-0.961,0,0.275],"_humanoidState":5,"_cameraCFrame":[756.307,246.539,44.118,0.213,-0.948,0.237,0,0.242,0.97,-0.977,-0.207,0.052],"_shiftlockState":true,"_pose":"FreeFall","_animationQueue":[],"_animationSpeed":1,"_zoom":9.633},{"_mousePosition":[683,384],"_rootPartCFrame":[753.499,235.998,45.268,0.218,0,0.976,0,1,0,-0.976,0,0.218],"_humanoidState":5,"_cameraCFrame":[756.007,246.85,43.814,0.122,-0.963,0.238,0,0.24,0.971,-0.992,-0.119,0.029],"_shiftlockState":true,"_pose":"FreeFall","_animationQueue":[],"_animationSpeed":1,"_zoom":9.633},{"_mousePosition":[683,384],"_rootPartCFrame":[753.261,236.357,45.199,0.133,0,0.991,0,1,0,-0.991,0,0.133],"_humanoidState":5,"_cameraCFrame":[755.582,247.207,43.452,0.001,-0.971,0.241,0,0.241,0.971,-1,-0.001,0],"_shiftlockState":true,"_pose":"FreeFall","_animationQueue":[],"_animationSpeed":1,"_zoom":9.633},{"_mousePosition":[683,384],"_rootPartCFrame":[753.001,236.661,45.156,0.016,0,1,0,1,0,-1,0,0.016],"_humanoidState":5,"_cameraCFrame":[755.097,247.484,43.025,-0.168,-0.954,0.248,0,0.252,0.968,-0.986,0.162,-0.042],"_shiftlockState":true,"_pose":"FreeFall","_animationQueue":[],"_animationSpeed":1,"_zoom":9.633},{"_mousePosition":[683,384],"_rootPartCFrame":[752.931,236.844,45.133,-0.076,-0.033,0.997,-0.01,0.999,0.032,-0.997,-0.007,-0.076],"_humanoidState":12,"_cameraCFrame":[754.645,247.638,42.602,-0.347,-0.905,0.246,0,0.263,0.965,-0.938,0.335,-0.091],"_shiftlockState":true,"_pose":"Climbing","_animationQueue":[["walk",0.1],["climb",0.1]],"_animationSpeed":1.419,"_zoom":9.633},{"_mousePosition":[683,384],"_rootPartCFrame":[752.923,237.077,45.13,-0.337,-0.005,0.942,-0.001,1,0.005,-0.942,0.001,-0.337],"_humanoidState":12,"_cameraCFrame":[754.245,247.866,42.337,-0.502,-0.834,0.229,0,0.265,0.964,-0.865,0.484,-0.133],"_shiftlockState":true,"_pose":"Climbing","_animationQueue":[["climb",0.1]],"_animationSpeed":0.932,"_zoom":9.633},{"_mousePosition":[683,384],"_rootPartCFrame":[752.837,237.499,45.092,-0.507,0.001,0.862,0.001,1,-0.001,-0.862,0,-0.507],"_humanoidState":8,"_cameraCFrame":[753.607,248.307,42.153,-0.645,-0.738,0.197,0,0.258,0.966,-0.764,0.623,-0.166],"_shiftlockState":true,"_pose":"Standing","_animationQueue":[["climb",0.1],["walk",0.1],["idle",0.1]],"_animationSpeed":1,"_zoom":9.633},{"_mousePosition":[683,384],"_rootPartCFrame":[752.538,238.111,45.007,-0.656,0.001,0.755,0.001,1,-0.001,-0.755,0,-0.656],"_humanoidState":8,"_cameraCFrame":[752.755,248.932,42.019,-0.768,-0.62,0.162,0,0.252,0.968,-0.641,0.743,-0.194],"_shiftlockState":true,"_pose":"Running","_animationQueue":[["walk",0.1]],"_animationSpeed":0.661,"_zoom":9.633},{"_mousePosition":[683,384],"_rootPartCFrame":[752.385,238.331,44.893,-0.773,0,0.635,0,1,0,-0.635,0,-0.773],"_humanoidState":8,"_cameraCFrame":[752.172,249.154,41.911,-0.85,-0.509,0.132,0,0.252,0.968,-0.526,0.823,-0.214],"_shiftlockState":true,"_pose":"Running","_animationQueue":[["walk",0.1]],"_animationSpeed":1.099,"_zoom":9.633},{"_mousePosition":[683,384],"_rootPartCFrame":[752.183,238.508,44.72,-0.855,0,0.518,0,1,0,-0.518,0,-0.855],"_humanoidState":8,"_cameraCFrame":[751.681,249.333,41.779,-0.897,-0.428,0.111,0,0.251,0.968,-0.442,0.868,-0.225],"_shiftlockState":true,"_pose":"Running","_animationQueue":[["walk",0.1]],"_animationSpeed":1.099,"_zoom":9.633},{"_mousePosition":[683,384],"_rootPartCFrame":[751.96,238.606,44.575,-0.898,0,0.44,0,1,0,-0.44,0,-0.898],"_humanoidState":8,"_cameraCFrame":[751.26,249.444,41.719,-0.922,-0.375,0.095,0,0.245,0.969,-0.387,0.894,-0.226],"_shiftlockState":true,"_pose":"Running","_animationQueue":[],"_animationSpeed":1.099,"_zoom":9.633},{"_mousePosition":[683,384],"_rootPartCFrame":[751.722,238.659,44.454,-0.922,0,0.387,0,1,0,-0.387,0,-0.922],"_humanoidState":8,"_cameraCFrame":[750.911,249.509,41.665,-0.935,-0.345,0.086,0,0.241,0.971,-0.356,0.907,-0.225],"_shiftlockState":true,"_pose":"Running","_animationQueue":[],"_animationSpeed":1.099,"_zoom":9.633},{"_mousePosition":[683,384],"_rootPartCFrame":[751.477,238.688,44.349,-0.935,0,0.356,0,1,0,-0.356,0,-0.935],"_humanoidState":8,"_cameraCFrame":[750.61,249.545,41.602,-0.94,-0.33,0.081,0,0.238,0.971,-0.34,0.914,-0.223],"_shiftlockState":true,"_pose":"Running","_animationQueue":[],"_animationSpeed":1.099,"_zoom":9.633},{"_mousePosition":[683,384],"_rootPartCFrame":[751.229,238.704,44.253,-0.94,0,0.34,0,1,0,-0.34,0,-0.94],"_humanoidState":8,"_cameraCFrame":[750.328,249.566,41.535,-0.944,-0.322,0.078,0,0.235,0.972,-0.331,0.917,-0.222],"_shiftlockState":true,"_pose":"Running","_animationQueue":[],"_animationSpeed":1.099,"_zoom":9.633},{"_mousePosition":[683,384],"_rootPartCFrame":[750.978,238.712,44.161,-0.944,0,0.331,0,1,0,-0.331,0,-0.944],"_humanoidState":8,"_cameraCFrame":[750.066,249.577,41.454,-0.945,-0.319,0.077,0,0.234,0.972,-0.328,0.918,-0.221],"_shiftlockState":true,"_pose":"Running","_animationQueue":[],"_animationSpeed":1.099,"_zoom":9.633},{"_mousePosition":[683,384],"_rootPartCFrame":[750.727,238.717,44.073,-0.945,0,0.328,0,1,0,-0.328,0,-0.945],"_humanoidState":8,"_cameraCFrame":[749.815,249.581,41.365,-0.945,-0.319,0.077,0,0.234,0.972,-0.328,0.918,-0.221],"_shiftlockState":true,"_pose":"Running","_animationQueue":[["walk",0.1]],"_animationSpeed":1.099,"_zoom":9.633},{"_mousePosition":[683,384],"_rootPartCFrame":[750.475,238.719,43.985,-0.945,0,0.328,0,1,0,-0.328,0,-0.945],"_humanoidState":8,"_cameraCFrame":[749.56,249.586,41.285,-0.945,-0.319,0.077,0,0.234,0.972,-0.328,0.918,-0.221],"_shiftlockState":true,"_pose":"Running","_animationQueue":[],"_animationSpeed":1.099,"_zoom":9.633},{"_mousePosition":[683,384],"_rootPartCFrame":[750.223,238.687,43.898,-0.945,0,0.328,0,1,0,-0.328,0,-0.945],"_humanoidState":8,"_cameraCFrame":[749.295,249.557,41.215,-0.946,-0.316,0.075,0,0.232,0.973,-0.325,0.92,-0.219],"_shiftlockState":true,"_pose":"Running","_animationQueue":[],"_animationSpeed":1.099,"_zoom":9.633},{"_mousePosition":[683,384],"_rootPartCFrame":[749.971,238.601,43.81,-0.946,0,0.325,0,1,0,-0.325,0,-0.946],"_humanoidState":8,"_cameraCFrame":[749.019,249.478,41.161,-0.947,-0.312,0.073,0,0.229,0.973,-0.32,0.922,-0.217],"_shiftlockState":true,"_pose":"Running","_animationQueue":[],"_animationSpeed":1.099,"_zoom":9.633},{"_mousePosition":[683,384],"_rootPartCFrame":[749.719,238.46,43.723,-0.947,0,0.32,0,1,0,-0.32,0,-0.947],"_humanoidState":8,"_cameraCFrame":[748.741,249.342,41.102,-0.95,-0.305,0.071,0,0.227,0.974,-0.313,0.925,-0.215],"_shiftlockState":true,"_pose":"Running","_animationQueue":[],"_animationSpeed":1.099,"_zoom":9.633},{"_mousePosition":[683,384],"_rootPartCFrame":[749.466,238.503,43.638,-0.95,0,0.313,0,1,0,-0.313,0,-0.95],"_humanoidState":8,"_cameraCFrame":[748.465,249.391,41.045,-0.952,-0.299,0.069,0,0.224,0.975,-0.307,0.927,-0.213],"_shiftlockState":true,"_pose":"Running","_animationQueue":[],"_animationSpeed":1.099,"_zoom":9.633},{"_mousePosition":[683,384],"_rootPartCFrame":[749.213,238.591,43.554,-0.952,0,0.307,0,1,0,-0.307,0,-0.952],"_humanoidState":8,"_cameraCFrame":[748.201,249.48,40.971,-0.953,-0.297,0.068,0,0.223,0.975,-0.304,0.928,-0.213],"_shiftlockState":true,"_pose":"Running","_animationQueue":[],"_animationSpeed":1.099,"_zoom":9.633},{"_mousePosition":[683,384],"_rootPartCFrame":[748.959,238.648,43.472,-0.953,0,0.304,0,1,0,-0.304,0,-0.953],"_humanoidState":8,"_cameraCFrame":[747.935,249.541,40.907,-0.954,-0.294,0.067,0,0.222,0.975,-0.301,0.93,-0.212],"_shiftlockState":true,"_pose":"Running","_animationQueue":[["walk",0.1]],"_animationSpeed":1.099,"_zoom":9.633},{"_mousePosition":[683,384],"_rootPartCFrame":[748.705,238.682,43.391,-0.954,0,0.301,0,1,0,-0.301,0,-0.954],"_humanoidState":8,"_cameraCFrame":[747.658,249.58,40.854,-0.955,-0.288,0.065,0,0.219,0.976,-0.295,0.932,-0.21],"_shiftlockState":true,"_pose":"Running","_animationQueue":[],"_animationSpeed":1.099,"_zoom":9.633},{"_mousePosition":[683,384],"_rootPartCFrame":[748.451,238.701,43.31,-0.955,0,0.295,0,1,0,-0.295,0,-0.955],"_humanoidState":8,"_cameraCFrame":[747.383,249.602,40.794,-0.957,-0.282,0.063,0,0.218,0.976,-0.289,0.934,-0.209],"_shiftlockState":true,"_pose":"Running","_animationQueue":[],"_animationSpeed":1.099,"_zoom":9.633},{"_mousePosition":[683,384],"_rootPartCFrame":[748.196,238.711,43.231,-0.957,0,0.289,0,1