[{"_mousePosition":[728,441],"_rootPartCFrame":[776.029,222.7,47.142,0.002,0,1,0,1,0,-1,0,0.002],"_humanoidState":8,"_cameraCFrame":[783.463,249.354,44.964,-0.281,-0.917,0.282,0,0.294,0.956,-0.96,0.269,-0.083],"_shiftlockState":false,"_pose":"Standing","_animationQueue":[],"_animationSpeed":1,"_zoom":26.32},{"_mousePosition":[728,441],"_rootPartCFrame":[775.864,222.695,47.191,-0.027,0,1,0,1,0,-1,0,-0.027],"_humanoidState":8,"_cameraCFrame":[783.263,249.364,45.063,-0.276,-0.919,0.281,0,0.292,0.956,-0.961,0.264,-0.081],"_shiftlockState":false,"_pose":"Standing","_animationQueue":[["idle",0]],"_animationSpeed":1,"_zoom":26.32},{"_mousePosition":[728,441],"_rootPartCFrame":[775.61,222.696,47.265,-0.061,0,0.998,0,1,0,-0.998,0,-0.061],"_humanoidState":8,"_cameraCFrame":[782.919,249.395,45.184,-0.274,-0.921,0.278,0,0.289,0.957,-0.962,0.262,-0.079],"_shiftlockState":false,"_pose":"Running","_animationQueue":[["walk",0.1]],"_animationSpeed":1.003,"_zoom":26.32},{"_mousePosition":[728,441],"_rootPartCFrame":[775.354,222.698,47.339,-0.091,0,0.996,0,1,0,-0.996,0,-0.091],"_humanoidState":8,"_cameraCFrame":[782.579,249.426,45.321,-0.269,-0.923,0.275,0,0.285,0.959,-0.963,0.258,-0.077],"_shiftlockState":false,"_pose":"Running","_animationQueue":[["walk",0.1]],"_animationSpeed":1.101,"_zoom":26.32},{"_mousePosition":[728,441],"_rootPartCFrame":[775.098,222.699,47.412,-0.116,0,0.993,0,1,0,-0.993,0,-0.116],"_humanoidState":8,"_cameraCFrame":[782.2,249.47,45.505,-0.259,-0.927,0.27,0,0.279,0.96,-0.966,0.249,-0.072],"_shiftlockState":false,"_pose":"Running","_animationQueue":[],"_animationSpeed":1.101,"_zoom":26.32},{"_mousePosition":[728,441],"_rootPartCFrame":[774.841,222.699,47.484,-0.137,0,0.991,0,1,0,-0.991,0,-0.137],"_humanoidState":8,"_cameraCFrame":[781.819,249.513,45.686,-0.249,-0.931,0.265,0,0.274,0.962,-0.968,0.24,-0.068],"_shiftlockState":false,"_pose":"Running","_animationQueue":[],"_animationSpeed":1.101,"_zoom":26.32},{"_mousePosition":[728,441],"_rootPartCFrame":[774.583,222.699,47.553,-0.154,0,0.988,0,1,0,-0.988,0,-0.154],"_humanoidState":8,"_cameraCFrame":[781.392,249.569,45.891,-0.237,-0.936,0.259,0,0.266,0.964,-0.971,0.229,-0.063],"_shiftlockState":false,"_pose":"Running","_animationQueue":[],"_animationSpeed":1.101,"_zoom":26.32},{"_mousePosition":[728,441],"_rootPartCFrame":[774.325,222.699,47.62,-0.167,0,0.986,0,1,0,-0.986,0,-0.167],"_humanoidState":8,"_cameraCFrame":[781.009,249.61,46.077,-0.225,-0.941,0.254,0,0.261,0.965,-0.974,0.217,-0.059],"_shiftlockState":false,"_pose":"Running","_animationQueue":[],"_animationSpeed":1.101,"_zoom":26.32},{"_mousePosition":[728,441],"_rootPartCFrame":[774.066,222.7,47.684,-0.177,0,0.984,0,1,0,-0.984,0,-0.177],"_humanoidState":8,"_cameraCFrame":[780.662,249.636,46.196,-0.22,-0.943,0.251,0,0.257,0.966,-0.976,0.213,-0.057],"_shiftlockState":false,"_pose":"Running","_animationQueue":[["walk",0.1]],"_animationSpeed":1.101,"_zoom":26.32},{"_mousePosition":[729,441],"_rootPartCFrame":[773.806,222.7,47.744,-0.184,0,0.983,0,1,0,-0.983,0,-0.184],"_humanoidState":8,"_cameraCFrame":[779.897,249.174,44.576,-0.22,-0.943,0.251,0,0.257,0.966,-0.976,0.213,-0.057],"_shiftlockState":true,"_pose":"Running","_animationQueue":[],"_animationSpeed":1.101,"_zoom":20.656},{"_mousePosition":[683,384],"_rootPartCFrame":[773.546,222.7,47.803,-0.221,0,0.975,0,1,0,-0.975,0,-0.221],"_humanoidState":8,"_cameraCFrame":[779.431,248.381,44.682,-0.22,-0.943,0.251,0,0.257,0.966,-0.976,0.213,-0.057],"_shiftlockState":true,"_pose":"Running","_animationQueue":[],"_animationSpeed":1.101,"_zoom":20.656},{"_mousePosition":[683,384],"_rootPartCFrame":[773.286,222.7,47.861,-0.22,0,0.976,0,1,0,-0.976,0,-0.22],"_humanoidState":8,"_cameraCFrame":[778.86,247.335,44.826,-0.217,-0.944,0.249,0,0.255,0.967,-0.976,0.21,-0.055],"_shiftlockState":true,"_pose":"Running","_animationQueue":[],"_animationSpeed":1.101,"_zoom":20.656},{"_mousePosition":[683,384],"_rootPartCFrame":[773.026,222.7,47.92,-0.217,0,0.976,0,1,0,-0.976,0,-0.217],"_humanoidState":8,"_cameraCFrame":[778.311,246.534,44.964,-0.215,-0.945,0.245,0,0.251,0.968,-0.977,0.208,-0.054],"_shiftlockState":true,"_pose":"Running","_animationQueue":[],"_animationSpeed":1.101,"_zoom":20.656},{"_mousePosition":[683,384],"_rootPartCFrame":[772.766,222.7,47.978,-0.215,0,0.977,0,1,0,-0.977,0,-0.215],"_humanoidState":8,"_cameraCFrame":[777.809,245.929,45.076,-0.215,-0.946,0.242,0,0.247,0.969,-0.977,0.208,-0.053],"_shiftlockState":true,"_pose":"Running","_animationQueue":[],"_animationSpeed":1.101,"_zoom":20.656},{"_mousePosition":[683,384],"_rootPartCFrame":[772.505,222.7,48.035,-0.215,0,0.977,0,1,0,-0.977,0,-0.215],"_humanoidState":8,"_cameraCFrame":[777.216,245.075,45.22,-0.213,-0.948,0.236,0,0.242,0.97,-0.977,0.206,-0.051],"_shiftlockState":true,"_pose":"Running","_animationQueue":[],"_animationSpeed":1.101,"_zoom":16.125},{"_mousePosition":[683,384],"_rootPartCFrame":[772.245,222.7,48.093,-0.213,0,0.977,0,1,0,-0.977,0,-0.213],"_humanoidState":8,"_cameraCFrame":[776.686,243.966,45.336,-0.213,-0.948,0.236,0,0.242,0.97,-0.977,0.206,-0.051],"_shiftlockState":true,"_pose":"Running","_animationQueue":[["walk",0.1]],"_animationSpeed":1.101,"_zoom":16.125},{"_mousePosition":[683,384],"_rootPartCFrame":[771.984,222.7,48.149,-0.213,0,0.977,0,1,0,-0.977,0,-0.213],"_humanoidState":8,"_cameraCFrame":[776.152,243.002,45.452,-0.213,-0.949,0.234,0,0.24,0.971,-0.977,0.206,-0.051],"_shiftlockState":true,"_pose":"Running","_animationQueue":[],"_animationSpeed":1.101,"_zoom":16.125},{"_mousePosition":[683,384],"_rootPartCFrame":[771.724,222.7,48.206,-0.213,0,0.977,0,1,0,-0.977,0,-0.213],"_humanoidState":8,"_cameraCFrame":[775.657,242.152,45.571,-0.21,-0.95,0.233,0,0.238,0.971,-0.978,0.204,-0.05],"_shiftlockState":true,"_pose":"Running","_animationQueue":[],"_animationSpeed":1.101,"_zoom":16.125},{"_mousePosition":[683,384],"_rootPartCFrame":[771.398,223.783,48.277,-0.21,0,0.978,0,1,0,-0.978,0,-0.21],"_humanoidState":3,"_cameraCFrame":[775.162,242.65,45.689,-0.208,-0.951,0.231,0,0.236,0.972,-0.978,0.202,-0.049],"_shiftlockState":true,"_pose":"Jumping","_animationQueue":[["walk",0.1],["jump",0.1]],"_animationSpeed":1,"_zoom":16.125},{"_mousePosition":[683,384],"_rootPartCFrame":[771.203,224.395,48.319,-0.208,0,0.978,0,1,0,-0.978,0,-0.208],"_humanoidState":5,"_cameraCFrame":[774.846,242.754,45.757,-0.208,-0.951,0.231,0,0.236,0.972,-0.978,0.202,-0.049],"_shiftlockState":true,"_pose":"FreeFall","_animationQueue":[["jump",0.1]],"_animationSpeed":1,"_zoom":16.125},{"_mousePosition":[683,384],"_rootPartCFrame":[770.942,225.162,48.374,-0.208,0,0.978,0,1,0,-0.978,0,-0.208],"_humanoidState":5,"_cameraCFrame":[774.509,243.173,45.839,-0.205,-0.951,0.231,0,0.236,0.972,-0.979,0.199,-0.048],"_shiftlockState":true,"_pose":"FreeFall","_animationQueue":[],"_animationSpeed":1,"_zoom":16.125},{"_mousePosition":[683,384],"_rootPartCFrame":[770.681,225.875,48.43,-0.205,0,0.979,0,1,0,-0.979,0,-0.205],"_humanoidState":5,"_cameraCFrame":[774.164,243.615,45.932,-0.2,-0.953,0.229,0,0.234,0.972,-0.98,0.195,-0.047],"_shiftlockState":true,"_pose":"FreeFall","_animationQueue":[],"_animationSpeed":1,"_zoom":16.125},{"_mousePosition":[683,384],"_rootPartCFrame":[770.355,226.69,48.498,-0.201,0,0.98,0,1,0,-0.98,0,-0.201],"_humanoidState":5,"_cameraCFrame":[773.793,244.273,46.049,-0.19,-0.955,0.228,0,0.232,0.973,-0.982,0.185,-0.044],"_shiftlockState":true,"_pose":"FreeFall","_animationQueue":[],"_animationSpeed":1,"_zoom":16.125},{"_mousePosition":[683,384],"_rootPartCFrame":[770.159,227.138,48.539,-0.191,0,0.982,0,1,0,-0.982,0,-0.191],"_humanoidState":5,"_cameraCFrame":[773.567,244.598,46.144,-0.178,-0.958,0.227,0,0.23,0.973,-0.984,0.173,-0.041],"_shiftlockState":true,"_pose":"FreeFall","_animationQueue":[],"_animationSpeed":1,"_zoom":16.125},{"_mousePosition":[683,384],"_rootPartCFrame":[769.897,227.687,48.59,-0.179,0,0.984,0,1,0,-0.984,0,-0.179],"_humanoidState":5,"_cameraCFrame":[773.307,245.054,46.234,-0.168,-0.959,0.227,0,0.23,0.973,-0.986,0.163,-0.039],"_shiftlockState":true,"_pose":"FreeFall","_animationQueue":[],"_animationSpeed":1,"_zoom":16.125},{"_mousePosition":[683,384],"_rootPartCFrame":[769.635,228.182,48.638,-0.169,0,0.986,0,1,0,-0.986,0,-0.169],"_humanoidState":5,"_cameraCFrame":[773.039,245.496,46.293,-0.165,-0.96,0.227,0,0.23,0.973,-0.986,0.161,-0.038],"_shiftlockState":true,"_pose":"FreeFall","_animationQueue":[],"_animationSpeed":1,"_zoom":16.125},{"_mousePosition":[683,384],"_rootPartCFrame":[769.372,228.623,48.683,-0.166,0,0.986,0,1,0,-0.986,0,-0.166],"_humanoidState":5,"_cameraCFrame":[772.766,245.895,46.339,-0.165,-0.96,0.227,0,0.23,0.973,-0.986,0.161,-0.038],"_shiftlockState":true,"_pose":"FreeFall","_animationQueue":[],"_animationSpeed":1,"_zoom":16.125},{"_mousePosition":[683,384],"_rootPartCFrame":[769.109,229.009,48.727,-0.165,0,0.986,0,1,0,-0.986,0,-0.165],"_humanoidState":5,"_cameraCFrame":[772.514,246.253,46.41,-0.158,-0.961,0.228,0,0.23,0.973,-0.987,0.154,-0.036],"_shiftlockState":true,"_pose":"FreeFall","_animationQueue":[],"_animationSpeed":1,"_zoom":16.125},{"_mousePosition":[683,384],"_rootPartCFrame":[768.846,229.34,48.771,-0.159,0,0.987,0,1,0,-0.987,0,-0.159],"_humanoidState":5,"_cameraCFrame":[772.24,246.574,46.494,-0.148,-0.963,0.226,0,0.229,0.974,-0.989,0.144,-0.034],"_shiftlockState":true,"_pose":"FreeFall","_animationQueue":[],"_animationSpeed":1,"_zoom":16.125},{"_mousePosition":[683,384],"_rootPartCFrame":[768.583,229.617,48.813,-0.149,0,0.989,0,1,0,-0.989,0,-0.149],"_humanoidState":5,"_cameraCFrame":[771.984,246.846,46.601,-0.13,-0.966,0.225,0,0.227,0.974,-0.991,0.127,-0.03],"_shiftlockState":true,"_pose":"FreeFall","_animationQueue":[],"_animationSpeed":1,"_zoom":16.125},{"_mousePosition":[683,384],"_rootPartCFrame":[768.319,229.84,48.853,-0.132,0,0.991,0,1,0,-0.991,0,-0.132],"_humanoidState":5,"_cameraCFrame":[771.778,247.06,46.737,-0.103,-0.969,0.225,0,0.227,0.974,-0.995,0.1,-0.023],"_shiftlockState":true,"_pose":"FreeFall","_animationQueue":[],"_animationSpeed":1,"_zoom":16.125},{"_mousePosition":[683,384],"_rootPartCFrame":[767.989,230.042,48.897,-0.107,0,0.994,0,1,0,-0.994,0,-0.107],"_humanoidState":5,"_cameraCFrame":[771.473,247.271,46.936,-0.06,-0.973,0.222,0,0.223,0.975,-0.998,0.058,-0.013],"_shiftlockState":true,"_pose":"FreeFall","_animationQueue":[],"_animationSpeed":1,"_zoom":16.125},{"_mousePosition":[683,384],"_rootPartCFrame":[767.79,230.122,48.919,-0.063,0,0.998,0,1,0,-0.998,0,-0.063],"_humanoidState":5,"_cameraCFrame":[771.334,247.361,47.19,0.006,-0.976,0.219,0,0.219,0.976,-1,-0.006,0.001],"_shiftlockState":true,"_pose":"FreeFall","_animationQueue":[],"_animationSpeed":1,"_zoom":16.125},{"_mousePosition":[683,384],"_rootPartCFrame":[767.524,230.181,48.937,-0.002,0,1,0,1,0,-1,0,-0.002],"_humanoidState":5,"_cameraCFrame":[771.172,247.425,47.516,0.092,-0.972,0.216,0,0.217,0.976,-0.996,-0.09,0.02],"_shiftlockState":true,"_pose":"FreeFall","_animationQueue":[],"_animationSpeed":1,"_zoom":16.125},{"_mousePosition":[683,384],"_rootPartCFrame":[767.257,230.185,48.938,0.081,0,0.997,0,1,0,-0.997,0,0.081],"_humanoidState":5,"_cameraCFrame":[771.027,247.428,47.884,0.19,-0.958,0.213,0,0.217,0.976,-0.982,-0.185,0.041],"_shiftlockState":true,"_pose":"FreeFall","_animationQueue":[],"_animationSpeed":1,"_zoom":16.125},{"_mousePosition":[683,384],"_rootPartCFrame":[767.016,230.359,48.937,0.186,0,0.983,0,1,0,-0.983,0,0.186],"_humanoidState":12,"_cameraCFrame":[770.868,247.601,48.239,0.281,-0.937,0.208,0,0.217,0.976,-0.96,-0.274,0.061],"_shiftlockState":true,"_pose":"Climbing","_animationQueue":[["walk",0.1],["climb",0.1]],"_animationSpeed":-0.08,"_zoom":16.125},{"_mousePosition":[683,384],"_rootPartCFrame":[766.99,230.529,48.952,0.311,-0.021,0.95,-0.001,1,0.023,-0.95,-0.008,0.311],"_humanoidState":12,"_cameraCFrame":[770.861,247.77,48.635,0.376,-0.904,0.201,0,0.217,0.976,-0.927,-0.367,0.082],"_shiftlockState":true,"_pose":"Climbing","_animationQueue":[["climb",0.1]],"_animationSpeed":0.913,"_zoom":16.125},{"_mousePosition":[683,384],"_rootPartCFrame":[767.014,231.336,48.799,0.412,-0.021,0.911,-0.005,1,0.025,-0.911,-0.015,0.412],"_humanoidState":8,"_cameraCFrame":[770.89,248.576,48.541,0.392,-0.898,0.2,0,0.217,0.976,-0.92,-0.383,0.085],"_shiftlockState":true,"_pose":"Running","_animationQueue":[["walk",0.1],["climb",0.1],["walk",0.1],["walk",0.1]],"_animationSpeed":0.077,"_zoom":16.125},{"_mousePosition":[683,384],"_rootPartCFrame":[767.065,231.631,48.696,0.408,-0.006,0.913,-0.003,1,0.007,-0.913,-0.006,0.408],"_humanoidState":8,"_cameraCFrame":[770.965,248.871,48.472,0.397,-0.896,0.199,0,0.217,0.976,-0.918,-0.388,0.086],"_shiftlockState":true,"_pose":"Running","_animationQueue":[["walk",0.1]],"_animationSpeed":0.601,"_zoom":16.125},{"_mousePosition":[683,384],"_rootPartCFrame":[767.197,231.933,48.42,0.398,0.003,0.917,0,1,-0.003,-0.917,0.001,0.398],"_humanoidState":8,"_cameraCFrame":[771.1,249.173,48.068,0.364,-0.909,0.202,0,0.217,0.976,-0.931,-0.356,0.079],"_shiftlockState":true,"_pose":"Running","_animationQueue":[["walk",0.1]],"_animationSpeed":0.735,"_zoom":16.125},{"_mousePosition":[683,384],"_rootPartCFrame":[767.277,232.037,48.237,0.364,0,0.931,0,1,0,-0.931,0,0.364],"_humanoidState":8,"_cameraCFrame":[771.077,249.291,47.561,0.29,-0.935,0.204,0,0.213,0.977,-0.957,-0.284,0.062],"_shiftlockState":true,"_pose":"Running","_animationQueue":[["walk",0.1]],"_animationSpeed":1.096,"_zoom":16.125},{"_mousePosition":[683,384],"_rootPartCFrame":[767.409,233.141,47.931,0.29,-0.003,0.957,0,1,0.003,-0.957,-0.001,0.29],"_humanoidState":3,"_cameraCFrame":[771.029,250.415,46.865,0.195,-0.96,0.204,0,0.208,0.978,-0.981,-0.19,0.04],"_shiftlockState":true,"_pose":"Jumping","_animationQueue":[["walk",0.1],["jump",0.1]],"_animationSpeed":1,"_zoom":16.125},{"_mousePosition":[683,384],"_rootPartCFrame":[767.477,233.784,47.743,0.255,-0.003,0.967,0,1,0.003,-0.967,-0.001,0.255],"_humanoidState":5,"_cameraCFrame":[770.882,251.076,46.316,0.097,-0.975,0.201,0,0.202,0.979,-0.995,-0.095,0.02],"_shiftlockState":true,"_pose":"FreeFall","_animationQueue":[["jump",0.1]],"_animationSpeed":1,"_zoom":16.125},{"_mousePosition":[683,384],"_rootPartCFrame":[767.551,234.785,47.419,0.252,-0.001,0.968,0,1,0.001,-0.968,0,0.252],"_humanoidState":5,"_cameraCFrame":[770.71,252.097,45.664,-0.002,-0.981,0.196,0,0.196,0.981,-1,0.002,0],"_shiftlockState":true,"_pose":"FreeFall","_animationQueue":[],"_animationSpeed":1,"_zoom":16.125},{"_mousePosition":[683,384],"_rootPartCFrame":[767.577,235.346,47.221,0.098,0,0.995,0,1,0,-0.995,0,0.098],"_humanoidState":5,"_cameraCFrame":[770.503,252.67,45.192,-0.093,-0.977,0.192,0,0.192,0.981,-0.996,0.091,-0.018],"_shiftlockState":true,"_pose":"FreeFall","_animationQueue":[],"_animationSpeed":1,"_zoom":16.125},{"_mousePosition":[683,384],"_rootPartCFrame":[767.585,236.045,46.955,0.04,0,0.999,0,1,0,-0.999,0,0.04],"_humanoidState":5,"_cameraCFrame":[770.313,253.375,44.707,-0.17,-0.967,0.188,0,0.19,0.982,-0.985,0.167,-0.032],"_shiftlockState":true,"_pose":"FreeFall","_animationQueue":[],"_animationSpeed":1,"_zoom":16.125},{"_mousePosition":[683,384],"_rootPartCFrame":[767.566,236.69,46.689,-0.038,0,0.999,0,1,0,-0.999,0,-0.038],"_humanoidState":5,"_cameraCFrame":[770.092,254.026,44.255,-0.242,-0.953,0.183,0,0.189,0.982,-0.97,0.238,-0.046],"_shiftlockState":true,"_pose":"FreeFall","_animationQueue":[],"_animationSpeed":1,"_zoom":16.125},{"_mousePosition":[683,384],"_rootPartCFrame":[767.526,237.28,46.425,-0.111,0,0.994,0,1,0,-0.994,0,-0.111],"_humanoidState":5,"_cameraCFrame":[769.82,254.628,43.844,-0.308,-0.935,0.176,0,0.185,0.983,-0.951,0.303,-0.057],"_shiftlockState":true,"_pose":"FreeFall","_animationQueue":[],"_animationSpeed":1,"_zoom":16.125},{"_mousePosition":[683,384],"_rootPartCFrame":[767.465,237.816,46.166,-0.179,0,0.984,0,1,0,-0.984,0,-0.179],"_humanoidState":5,"_cameraCFrame":[769.528,255.175,43.462,-0.37,-0.914,0.168,0,0.181,0.984,-0.929,0.364,-0.067],"_shiftlockState":true,"_pose":"FreeFall","_animationQueue":[],"_animationSpeed":1,"_zoom":16.125},{"_mousePosition":[683,384],"_rootPartCFrame":[767.386,238.298,45.911,-0.243,0,0.97,0,1,0,-0.97,0,-0.243],"_humanoidState":5,"_cameraCFrame":[769.288,255.657,43.092,-0.423,-0.891,0.164,0,0.181,0.984,-0.906,0.416,-0.077],"_shiftlockState":true,"_pose":"FreeFall","_animationQueue":[],"_animationSpeed":1,"_zoom":16.125},{"_mousePosition":[683,384],"_rootPartCFrame":[767.291,238.725,45.662,-0.299,0,0.954,0,1,0,-0.954,0,-0.299],"_humanoidState":5,"_cameraCFrame":[768.978,256.095,42.771,-0.473,-0.867,0.156,0,0.177,0.984,-0.881,0.465,-0.084],"_shiftlockState":true,"_pose":"FreeFall","_animationQueue":[],"_animationSpeed":1,"_zoom":16.125},{"_mousePosition":[683,384],"_rootPartCFrame":[767.18,239.097,45.42,-0.352,0,0.936,0,1,0,-0.936,0,-0.352],"_humanoidState":5,"_cameraCFrame":[768.582,256.477,42.431,-0.543,-0.827,0.146,0,0.174,0.985,-0.84,0.534,-0.094],"_shiftlockState":true,"_pose":"FreeFall","_animationQueue":[],"_animationSpeed":1,"_zoom":16.125},{"_mousePosition":[683,384],"_rootPartCFrame":[767.056,239.415,45.184,-0.426,0,0.905,0,1,0,-0.905,0,-0.426],"_humanoidState":5,"_cameraCFrame":[768.282,256.795,42.118,-0.591,-0.795,0.14,0,0.174,0.985,-0.807,0.582,-0.103],"_shiftlockState":true,"_pose":"FreeFall","_animationQueue":[],"_animationSpeed":1,"_zoom":16.125},{"_mousePosition":[683,384],"_rootPartCFrame":[766.915,239.678,44.958,-0.478,0,0.878,0,1,0,-0.878,0,-0.478],"_humanoidState":5,"_cameraCFrame":[767.937,257.058,41.818,-0.642,-0.755,0.133,0,0.174,0.985,-0.766,0.633,-0.112],"_shiftlockState":true,"_pose":"FreeFall","_animationQueue":[],"_animationSpeed":1,"_zoom":16.125},{"_mousePosition":[683,384],"_rootPartCFrame":[766.76,239.887,44.741,-0.535,0,0.845,0,1,0,-0.845,0,-0.535],"_humanoidState":5,"_cameraCFrame":[767.557,257.267,41.537,-0.695,-0.708,0.125,0,0.174,0.985,-0.719,0.684,-0.121],"_shiftlockState":true,"_pose":"FreeFall","_animationQueue":[],"_animationSpeed":1,"_zoom":16.125},{"_mousePosition":[683,384],"_rootPartCFrame":[766.591,240.042,44.535,-0.593,0,0.805,0,1,0,-0.805,0,-0.593],"_humanoidState":5,"_cameraCFrame":[767.159,257.422,41.282,-0.744,-0.658,0.116,0,0.174,0.985,-0.668,0.733,-0.129],"_shiftlockState":true,"_pose":"FreeFall","_animationQueue":[],"_animationSpeed":1,"_zoom":16.125},{"_mousePosition":[683,384],"_rootPartCFrame":[766.408,240.142,44.34,-0.649,0,0.761,0,1,0,-0.761,0,-0.649],"_humanoidState":5,"_cameraCFrame":[766.747,257.516,41.03,-0.793,-0.6,0.107,0,0.176,0.984,-0.61,0.78,-0.139],"_shiftlockState":true,"_pose":"FreeFall","_animationQueue":[["fall",0.3]],"_animationSpeed":1,"_zoom":16.125},{"_mousePosition":[683,384],"_rootPartCFrame":[766.164,240.19,44.135,-0.693,0,0.721,0,1,0,-0.721,0,-0.693],"_humanoidState":5,"_cameraCFrame":[766.31,257.547,40.731,-0.835,-0.541,0.1,0,0.181,0.983,-0.55,0.821,-0.151],"_shiftlockState":true,"_pose":"FreeFall","_animationQueue":[],"_animationSpeed":1,"_zoom":16.125},{"_mousePosition":[683,384],"_rootPartCFrame":[766.006,240.178,44.04,-0.785,0,0.62,0,1,0,-0.62,0,-0.785],"_humanoidState":5,"_cameraCFrame":[765.95,257.524,40.58,-0.871,-0.483,0.091,0,0.185,0.983,-0.492,0.856,-0.161],"_shiftlockState":true,"_pose":"FreeFall","_animationQueue":[],"_animationSpeed":1,"_zoom":16.125},{"_mousePosition":[683,384],"_rootPartCFrame":[765.787,240.114,43.946,-0.809,0,0.587,0,1,0,-0.587,0,-0.809],"_humanoidState":5,"_cameraCFrame":[765.539,257.449,40.441,-0.9,-0.428,0.082,0,0.189,0.982,-0.436,0.884,-0.17],"_shiftlockState":true,"_pose":"FreeFall","_animationQueue":[],"_animationSpeed":1,"_zoom":16.125},{"_mousePosition":[683,384],"_rootPartCFrame":[765.499,239.958,43.883,-0.83,0,0.558,0,1,0,-0.558,0,-0.83],"_humanoidState":5,"_cameraCFrame":[765.077,257.286,40.367,-0.922,-0.38,0.074,0,0.191,0.982,-0.387,0.905,-0.176],"_shiftlockState":true,"_pose":"FreeFall","_animationQueue":[],"_animationSpeed":1,"_zoom":16.125},{"_mousePosition":[683,384],"_rootPartCFrame":[765.33,239.824,43.873,-0.908,0,0.419,0,1,0,-0.419,0,-0.908],"_humanoidState":5,"_cameraCFrame":[764.766,257.152,40.378,-0.937,-0.343,0.067,0,0.191,0.982,-0.349,0.92,-0.179],"_shiftlockState":true,"_pose":"FreeFall","_animationQueue":[],"_animationSpeed":1,"_zoom":16.125},{"_mousePosition":[683,384],"_rootPartCFrame":[765.118,239.596,43.892,-0.933,0,0.361,0,1,0,-0.361,0,-0.933],"_humanoidState":5,"_cameraCFrame":[764.483,256.925,40.409,-0.944,-0.324,0.063,0,0.191,0.982,-0.33,0.926,-0.18],"_shiftlockState":true,"_pose":"FreeFall","_animationQueue":[["fall",0.3]],"_animationSpeed":1,"_zoom":16.125},{"_mousePosition":[683,384],"_rootPartCFrame":[764.893,239.236,43.953,-0.97,0,0.243,0,1,0,-0.243,0,-0.97],"_humanoidState":5,"_cameraCFrame":[763.527,245.307,42.543,-0.946,-0.32,0.062,0,0.191,0.982,-0.326,0.928,-0.18],"_shiftlockState":true,"_pose":"FreeFall","_animationQueue":[],"_animationSpeed":1,"_zoom":16.125},{"_mousePosition":[683,384],"_rootPartCFrame":[764.782,238.979,44.006,-0.967,0,0.253,0,1,0,-0.253,0,-0.967],"_humanoidState":5,"_cameraCFrame":[763.445,245.307,42.544,-0.942,-0.329,0.063,0,0.189,0.982,-0.335,0.925,-0.178],"_shiftlockState":true,"_pose":"FreeFall","_animationQueue":[],"_animationSpeed":1,"_zoom":16.125},{"_mousePosition":[683,384],"_rootPartCFrame":[764.668,238.588,44.083,-0.976,0,0.216,0,1,0,-0.216,0,-0.976],"_humanoidState":5,"_cameraCFrame":[763.388,245.308,42.537,-0.933,-0.353,0.066,0,0.185,0.983,-0.359,0.917,-0.173],"_shiftlockState":true,"_pose":"FreeFall","_animationQueue":[],"_animationSpeed":1,"_zoom":16.125},{"_mousePosition":[683,384],"_rootPartCFrame":[764.594,238.143,44.16,-0.973,0,0.233,0,1,0,-0.233,0,-0.973],"_humanoidState":5,"_cameraCFrame":[763.401,245.308,42.5,-0.919,-0.387,0.072,0,0.183,0.983,-0.394,0.904,-0.168],"_shiftlockState":true,"_pose":"FreeFall","_animationQueue":[],"_animationSpeed":1,"_zoom":16.125},{"_mousePosition":[683,384],"_rootPartCFrame":[764.663,237.643,44.246,-0.932,0,0.363,0,1,0,-0.363,0,-0.932],"_humanoidState":7,"_cameraCFrame":[763.564,245.308,42.472,-0.905,-0.419,0.077,0,0.181,0.983,-0.426,0.89,-0.164],"_shiftlockState":true,"_pose":"FreeFall","_animationQueue":[["walk",0.1],["fall",0.3],["fall",0.3]],"_animationSpeed":1,"_zoom":16.125},{"_mousePosition":[683,384],"_rootPartCFrame":[764.889,237.089,44.348,-0.905,0,0.425,0,1,0,-0.425,0,-0.905],"_humanoidState":7,"_cameraCFrame":[763.89,245.308,42.46,-0.89,-0.449,0.082,0,0.179,0.984,-0.456,0.876,-0.16],"_shiftlockState":true,"_pose":"FreeFall","_animationQueue":[],"_animationSpeed":1,"_zoom":16.125},{"_mousePosition":[683,384],"_rootPartCFrame":[765.13,237.038,44.461,-0.89,0,0.456,0,1,0,-0.456,0,-0.89],"_humanoidState":8,"_cameraCFrame":[764.169,245.308,42.547,-0.882,-0.464,0.085,0,0.179,0.984,-0.472,0.868,-0.158],"_shiftlockState":true,"_pose":"Running","_animationQueue":[["fall",0.3],["walk",0.1],["fall",0.3],["walk",0.1]],"_animationSpeed":1.093,"_zoom":16.125},{"_mousePosition":[683,384],"_rootPartCFrame":[765.368,237.104,44.581,-0.882,0,0.472,0,1,0,-0.472,0,-0.882],"_humanoidState":8,"_cameraCFrame":[764.431,245.308,42.663,-0.875,-0.477,0.087,0,0.179,0.984,-0.485,0.86,-0.157],"_shiftlockState":true,"_pose":"Running","_animationQueue":[],"_animationSpeed":1.093,"_zoom":16.125},{"_mousePosition":[683,384],"_rootPartCFrame":[765.604,237.155,44.706,-0.875,0,0.485,0,1,0,-0.485,0,-0.875],"_humanoidState":8,"_cameraCFrame":[764.705,245.308,42.776,-0.863,-0.497,0.091,0,0.179,0.984,-0.505,0.849,-0.155],"_shiftlockState":true,"_pose":"Running","_animationQueue":[],"_animationSpeed":1.093,"_zoom":16.125},{"_mousePosition":[683,384],"_rootPartCFrame":[765.837,237.185,44.835,-0.863,0,0.505,0,1,0,-0.505,0,-0.863],"_humanoidState":8,"_cameraCFrame":[765,245.308,42.897,-0.842,-0.531,0.095,0,0.176,0.984,-0.539,0.829,-0.148],"_shiftlockState":true,"_pose":"Running","_animationQueue":[],"_animationSpeed":1.093,"_zoom":16.125},{"_mousePosition":[683,384],"_rootPartCFrame":[766.068,237.202,44.969,-0.842,0,0.539,0,1,0,-0.539,0,-0.842],"_humanoidState":8,"_cameraCFrame":[765.341,245.309,42.996,-0.808,-0.58,0.102,0,0.174,0.985,-0.589,0.796,-0.14],"_shiftlockState":true,"_pose":"Running","_animationQueue":[],"_animationSpeed":1.093,"_zoom":16.125},{"_mousePosition":[683,384],"_rootPartCFrame":[766.245,238.074,44.925,-0.833,0,0.553,0,1,0,-0.553,0,-0.833],"_humanoidState":3,"_cameraCFrame":[765.585,245.309,43.015,-0.756,-0.645,0.114,0,0.174,0.985,-0.655,0.744,-0.131],"_shiftlockState":true,"_pose":"Jumping","_animationQueue":[["walk",0.1],["jump",0.1]],"_animationSpeed":1,"_zoom":16.125},{"_mousePosition":[683,384],"_rootPartCFrame":[766.426,238.896,44.905,-0.821,0,0.571,0,1,0,-0.571,0,-0.821],"_humanoidState":5,"_cameraCFrame":[765.928,245.309,43.017,-0.658,-0.742,0.131,0,0.174,0.985,-0.753,0.648,-0.114],"_shiftlockState":true,"_pose":"FreeFall","_animationQueue":[["jump",0.1]],"_animationSpeed":1,"_zoom":16.125},{"_mousePosition":[683,384],"_rootPartCFrame":[766.613,239.664,44.924,-0.75,0,0.662,0,1,0,-0.662,0,-0.75],"_humanoidState":5,"_cameraCFrame":[766.174,245.309,43.08,-0.589,-0.796,0.14,0,0.174,0.985,-0.808,0.58,-0.102],"_shiftlockState":true,"_pose":"FreeFall","_animationQueue":[],"_animationSpeed":1,"_zoom":16.125},{"_mousePosition":[683,384],"_rootPartCFrame":[766.799,240.377,44.984,-0.69,0,0.723,0,1,0,-0.723,0,-0.69],"_humanoidState":5,"_cameraCFrame":[766.403,245.309,43.175,-0.521,-0.84,0.148,0,0.174,0.985,-0.853,0.513,-0.091],"_shiftlockState":true,"_pose":"FreeFall","_animationQueue":[],"_animationSpeed":1,"_zoom":16.125},{"_mousePosition":[683,384],"_rootPartCFrame":[766.979,241.035,45.082,-0.63,0,0.777,0,1,0,-0.777,0,-0.63],"_humanoidState":5,"_cameraCFrame":[766.618,245.309,43.301,-0.455,-0.877,0.155,0,0.174,0.985,-0.891,0.448,-0.079],"_shiftlockState":true,"_pose":"FreeFall","_animationQueue":[],"_animationSpeed":1,"_zoom":16.125},{"_mousePosition":[683,384],"_rootPartCFrame":[767.148,241.639,45.218,-0.569,0,0.822,0,1,0,-0.822,0,-0.569],"_humanoidState":5,"_cameraCFrame":[767.074,246.805,43.354,-0.384,-0.909,0.16,0,0.174,0.985,-0.923,0.378,-0.067],"_shiftlockState":true,"_pose":"FreeFall","_animationQueue":[],"_animationSpeed":1,"_zoom":16.125},{"_mousePosition":[683,384],"_rootPartCFrame":[767.302,242.189,45.391,-0.503,0,0.864,0,1,0,-0.864,0,-0.503],"_humanoidState":5,"_cameraCFrame":[767.718,249.466,43.41,-0.315,-0.935,0.165,0,0.174,0.985,-0.949,0.31,-0.055],"_shiftlockState":true,"_pose":"FreeFall","_animationQueue":[],"_animationSpeed":1,"_zoom":16.125},{"_mousePosition":[683,384],"_rootPartCFrame":[767.434,242.684,45.597,-0.438,0,0.899,0,1,0,-0.899,0,-0.438],"_humanoidState":5,"_cameraCFrame":[768.395,252.367,43.543,-0.249,-0.954,0.168,0,0.174,0.985,-0.968,0.246,-0.043],"_shiftlockState":true,"_pose":"FreeFall","_animationQueue":[],"_animationSpeed":1,"_zoom":16.125},{"_mousePosition":[683,384],"_rootPartCFrame":[767.561,243.226,45.895,-0.407,0,0.914,0,1,0,-0.914,0,-0.407],"_humanoidState":5,"_cameraCFrame":[768.962,254.684,43.849,-0.185,-0.968,0.171,0,0.174,0.985,-0.983,0.182,-0.032],"_shiftlockState":true,"_pose":"FreeFall","_animationQueue":[],"_animationSpeed":1,"_zoom":16.125},{"_mousePosition":[683,384],"_rootPartCFrame":[767.615,243.511,46.086,-0.282,0,0.959,0,1,0,-0.959,0,-0.282],"_humanoidState":5,"_cameraCFrame":[769.445,256.607,44.112,-0.115,-0.978,0.172,0,0.174,0.985,-0.993,0.113,-0.02],"_shiftlockState":true,"_pose":"FreeFall","_animationQueue":[],"_animationSpeed":1,"_zoom":16.125},{"_mousePosition":[683,384],"_rootPartCFrame":[767.668,243.842,46.348,-0.246,0,0.969,0,1,0,-0.969,0,-0.246],"_humanoidState":5,"_cameraCFrame":[769.876,258.189,44.526,-0.032,-0.984,0.174,0,0.174,0.985,-0.999,0.031,-0.006],"_shiftlockState":true,"_pose":"FreeFall","_animationQueue":[],"_animationSpeed":1,"_zoom":16.125},{"_mousePosition":[683,384],"_rootPartCFrame":[767.703,244.119,46.612,-0.164,0,0.986,0,1,0,-0.986,0,-0.164],"_humanoidState":5,"_cameraCFrame":[770.225,259.34,45.014,0.062,-0.983,0.173,0,0.174,0.985,-0.998,-0.061,0.011],"_shiftlockState":true,"_pose":"FreeFall","_animationQueue":[],"_animationSpeed":1,"_zoom":16.125},{"_mousePosition":[683,384],"_rootPartCFrame":[767.716,244.342,46.878,-0.072,0,0.997,0,1,0,-0.997,0,-0.072],"_humanoidState":5,"_cameraCFrame":[770.633,260.126,45.72,0.212,-0.961,0.175,0,0.179,0.984,-0.977,-0.208,0.038],"_shiftlockState":true,"_pose":"FreeFall","_animationQueue":[],"_animationSpeed":1,"_zoom":16.125},{"_mousePosition":[683,384],"_rootPartCFrame":[767.702,244.543,47.211,0.047,0,0.999,0,1,0,-0.999,0,0.047],"_humanoidState":5,"_cameraCFrame":[770.791,260.312,46.348,0.3,-0.937,0.177,0,0.185,0.983,-0.954,-0.295,0.056],"_shiftlockState":true,"_pose":"FreeFall","_animationQueue":[],"_animationSpeed":1,"_zoom":16.125},{"_mousePosition":[683,384],"_rootPartCFrame":[767.675,244.623,47.408,0.203,0,0.979,0,1,0,-0.979,0,0.203],"_humanoidState":5,"_cameraCFrame":[770.895,260.376,46.797,0.367,-0.913,0.178,0,0.191,0.982,-0.93,-0.36,0.07],"_shiftlockState":true,"_pose":"FreeFall","_animationQueue":[],"_animationSpeed":1,"_zoom":16.125},{"_mousePosition":[683,384],"_rootPartCFrame":[767.607,244.682,47.665,0.24,0,0.971,0,1,0,-0.971,0,0.24],"_humanoidState":5,"_cameraCFrame":[770.906,260.424,47.249,0.416,-0.892,0.177,0,0.195,0.981,-0.91,-0.408,0.081],"_shiftlockState":true,"_pose":"FreeFall","_animationQueue":[["fall",0.3]],"_animationSpeed":1,"_zoom":16.125},{"_mousePosition":[683,384],"_rootPartCFrame":[767.513,244.687,47.915,0.291,0,0.957,0,1,0,-0.957,0,0.291],"_humanoidState":5,"_cameraCFrame":[770.85,260.423,47.628,0.448,-0.877,0.176,0,0.197,0.98,-0.894,-0.439,0.088],"_shiftlockState":true,"_pose":"FreeFall","_animationQueue":[],"_animationSpeed":1,"_zoom":16.125},{"_mousePosition":[683,384],"_rootPartCFrame":[767.404,244.637,48.158,0.325,0,0.946,0,1,0,-0.946,0,0.325],"_humanoidState":5,"_cameraCFrame":[770.769,260.368,47.926,0.459,-0.871,0.176,0,0.199,0.98,-0.889,-0.45,0.091],"_shiftlockState":true,"_pose":"FreeFall","_animationQueue":[],"_animationSpeed":1,"_zoom":16.125},{"_mousePosition":[683,384],"_rootPartCFrame":[767.286,244.532,48.397,0.337,0,0.942,0,1,0,-0.942,0,0.337],"_humanoidState":5,"_cameraCFrame":[770.652,260.263,48.182,0.463,-0.869,0.176,0,0.199,0.98,-0.886,-0.454,0.092],"_shiftlockState":true,"_pose":"FreeFall","_animationQueue":[],"_animationSpeed":1,"_zoom":16.125},{"_mousePosition":[683,384],"_rootPartCFrame":[767.165,244.373,48.635,0.432,0,0.902,0,1,0,-0.902,0,0.432],"_humanoidState":7,"_cameraCFrame":[770.531,260.104,48.428,0.466,-0.867,0.176,0,0.199,0.98,-0.885,-0.456,0.092],"_shiftlockState":true,"_pose":"FreeFall","_animationQueue":[["walk",0.1],["fall",0.3],["fall",0.3]],"_animationSpeed":1,"_zoom":16.125},{"_mousePosition":[683,384],"_rootPartCFrame":[767.041,244.189,48.871,0.464,0,0.886,0,1,0,-0.886,0,0.464],"_humanoidState":7,"_cameraCFrame":[770.386,259.925,48.711,0.481,-0.86,0.172,0,0.197,0.98,-0.877,-0.472,0.095],"_shiftlockState":true,"_pose":"FreeFall","_animationQueue":[],"_animationSpeed":1,"_zoom":16.125},{"_mousePosition":[683,384],"_rootPartCFrame":[766.917,244.175,49.107,0.481,0,0.877,0,1,0,-0.877,0,0.481],"_humanoidState":8,"_cameraCFrame":[770.217,259.922,49.012,0.505,-0.847,0.166,0,0.193,0.981,-0.863,-0.496,0.097],"_shiftlockState":true,"_pose":"Running","_animationQueue":[["walk",0.1],["fall",0.3],["walk",0.1]],"_animationSpeed":1.103,"_zoom":16.125},{"_mousePosition":[683,384],"_rootPartCFrame":[766.789,244.193,49.341,0.505,0,0.863,0,1,0,-0.863,0,0.505],"_humanoidState":8,"_cameraCFrame":[770.044,259.951,49.341,0.538,-0.828,0.159,0,0.189,0.982,-0.843,-0.528,0.102],"_shiftlockState":true,"_pose":"Running","_animationQueue":[["walk",0.1]],"_animationSpeed":1.103,"_zoom":16.125},{"_mousePosition":[683,384],"_rootPartCFrame":[766.655,244.206,49.571,0.538,0,0.843,0,1,0,-0.843,0,0.538],"_humanoidState":8,"_cameraCFrame":[769.884,259.97,49.688,0.571,-0.806,0.154,0,0.187,0.982,-0.821,-0.561,0.107],"_shiftlockState":true,"_pose":"Running","_animationQueue":[],"_animationSpeed":1.103,"_zoom":16.125},{"_mousePosition":[683,384],"_rootPartCFrame":[766.512,244.213,49.797,0.571,0,0.821,0,1,0,-0.821,0,0.571],"_humanoidState":8,"_cameraCFrame":[769.733,259.977,50.052,0.606,-0.781,0.149,0,0.187,0.982,-0.795,-0.596,0.113],"_shiftlockState":true,"_pose":"Running","_animationQueue":[],"_animationSpeed":1.103,"_zoom":16.125},{"_mousePosition":[683,384],"_rootPartCFrame":[766.361,244.217,50.016,0.606,0,0.795,0,1,0,-0.795,0,0.606],"_humanoidState":8,"_cameraCFrame":[769.582,259.981,50.271,0.606,-0.781,0.149,0,0.187,0.982,-0.795,-0.596,0.113],"_shiftlockState":true,"_pose":"Running","_animationQueue":[],"_animationSpeed":1.103,"_zoom":16.125},{"_mousePosition":[683,384],"_rootPartCFrame":[766.2,244.22,50.229,0.606,0,0.795,0,1,0,-0.795,0,0.606],"_humanoidState":8,"_cameraCFrame":[769.419,259.983,50.5,0.61,-0.778,0.148,0,0.187,0.982,-0.792,-0.599,0.114],"_shiftlockState":true,"_pose":"Running","_animationQueue":[],"_animationSpeed":1.103,"_zoom":16.125},{"_mousePosition":[683,384],"_rootPartCFrame":[766.132,244.221,50.318,0.61,0,0.792,0,1,0,-0.792,0,0.61],"_humanoidState":8,"_cameraCFrame":[769.357,259.985,50.508,0.59,-0.793,0.151,0,0.187,0.982,-0.807,-0.58,0.11],"_shiftlockState":true,"_pose":"Running","_animationQueue":[],"_animationSpeed":1.103,"_zoom":16.125},{"_mousePosition":[683,384],"_rootPartCFrame":[766.189,244.222,50.244,0.59,0,0.807,0,1,0,-0.807,0,0.59],"_humanoidState":8,"_cameraCFrame":[769.42,259.985,50.278,0.551,-0.82,0.156,0,0.187,0.982,-0.835,-0.541,0.103],"_shiftlockState":true,"_pose":"Running","_animationQueue":[["walk",0.1],["walk",0.1]],"_animationSpeed":0.251,"_zoom":16.125},{"_mousePosition":[683,384],"_rootPartCFrame":[766.338,244.222,50.041,0.551,0,0.835,0,1,0,-0.835,0,0.551],"_humanoidState":8,"_cameraCFrame":[769.566,259.986,49.887,0.501,-0.85,0.162,0,0.187,0.982,-0.865,-0.492,0.094],"_shiftlockState":true,"_pose":"Running","_animationQueue":[["walk",0.1]],"_animationSpeed":0.601,"_zoom":16.125},{"_mousePosition":[683,384],"_rootPartCFrame":[766.486,244.222,49.819,0.501,0,0.865,0,1,0,-0.865,0,0.501],"_humanoidState":8,"_cameraCFrame":[769.695,259.986,49.445,0.441,-0.882,0.168,0,0.187,0.982,-0.898,-0.433,0.082],"_shiftlockState":true,"_pose":"Running","_animationQueue":[["walk",0.1]],"_animationSpeed":1.088,"_zoom":16.125},{"_mousePosition":[683,384],"_rootPartCFrame":[766.669,244.222,49.538,0.421,-0.012,0.907,0.054,0.998,-0.012,-0.906,0.054,0.421],"_humanoidState":8,"_cameraCFrame":[769.802,259.989,49.017,0.378,-0.91,0.171,0,0.185,0.983,-0.926,-0.372,0.07],"_shiftlockState":true,"_pose":"Running","_animationQueue":[],"_animationSpeed":1.088,"_zoom":16.125},{"_mousePosition":[683,384],"_rootPartCFrame":[766.795,244.22,49.4,0.376,-0.005,0.927,0.055,0.998,-0.017,-0.925,0.057,0.376],"_humanoidState":8,"_cameraCFrame":[769.842,259.997,48.668,0.319,-0.932,0.172,0,0.181,0.983,-0.948,-0.314,0.058],"_shiftlockState":true,"_pose":"Running","_animationQueue":[["walk",0.1]],"_animationSpeed":0.584,"_zoom":16.125},{"_mousePosition":[683,384],"_rootPartCFrame":[766.955,245.104,49.177,0.324,0.012,0.946,0.023,1,-0.02,-0.946,0.029,0.323],"_humanoidState":3,"_cameraCFrame":[769.922,260.893,48.219,0.266,-0.949,0.171,0,0.177,0.984,-0.964,-0.262,0.047],"_shiftlockState":true,"_pose":"Jumping","_animationQueue":[["walk",0.1],["jump",0.1]],"_animationSpeed":1,"_zoom":16.125},{"_mousePosition":[683,384],"_rootPartCFrame":[767.087,245.987,48.945,0.269,0.027,0.963,-0.008,1,-0.026,-0.963,0,0.269],"_humanoidState":3,"_cameraCFrame":[769.968,261.786,47.783,0.217,-0.961,0.17,0,0.174,0.985,-0.976,-0.214,0.038],"_shiftlockState":true,"_pose":"Jumping","_animationQueue":[],"_animationSpeed":1,"_zoom":16.125},{"_mousePosition":[683,384],"_rootPartCFrame":[767.211,246.87,48.711,0.219,0.041,0.975,-0.039,0.999,-0.033,-0.975,-0.03,0.22],"_humanoidState":3,"_cameraCFrame":[770.057,262.668,47.376,0.172,-0.97,0.171,0,0.174,0.985,-0.985,-0.17,0.03],"_shiftlockState":true,"_pose":"Jumping","_animationQueue":[],"_animationSpeed":1,"_zoom":16.125},{"_mousePosition":[683,384],"_rootPartCFrame":[767.305,247.72,48.476,0.262,0.023,0.965,-0.028,0.999,-0.016,-0.965,-0.023,0.262],"_humanoidState":5,"_cameraCFrame":[770.06,263.519,47.019,0.125,-0.977,0.172,0,0.174,0.985,-0.992,-0.123,0.022],"_shiftlockState":true,"_pose":"FreeFall","_animationQueue":[["jump",0.1]],"_animationSpeed":1,"_zoom":16.125},{"_mousePosition":[683,384],"_rootPartCFrame":[767.365,248.515,48.225,0.251,0.005,0.968,-0.01,1,-0.002,-0.968,-0.009,0.251],"_humanoidState":5,"_cameraCFrame":[769.959,264.315,46.561,0.039,-0.984,0.174,0,0.174,0.985,-0.999,-0.038,0.007],"_shiftlockState":true,"_pose":"FreeFall","_animationQueue":[],"_animationSpeed":1,"_zoom":16.125},{"_mousePosition":[683,384],"_rootPartCFrame":[767.4,249.256,47.964,0.171,-0.001,0.985,-0.002,1,0.001,-0.985,-0.002,0.171],"_humanoidState":5,"_cameraCFrame":[769.876,265.056,46.15,-0.024,-0.985,0.174,0,0.174,0.985,-1,0.024,-0.004],"_shiftlockState":true,"_pose":"FreeFall","_animationQueue":[],"_animationSpeed":1,"_zoom":16.125},{"_mousePosition":[683,384],"_rootPartCFrame":[767.416,249.942,47.698,0.109,-0.001,0.994,0,1,0.001,-0.994,0,0.109],"_humanoidState":5,"_cameraCFrame":[769.758,265.742,45.717,-0.095,-0.98,0.173,0,0.174,0.985,-0.995,0.094,-0.017],"_shiftlockState":true,"_pose":"FreeFall","_animationQueue":[],"_animationSpeed":1,"_zoom":16.125},{"_mousePosition":[683,384],"_rootPartCFrame":[767.412,250.574,47.432,0.038,0,0.999,0,1,0,-0.999,0,0.038],"_humanoidState":5,"_cameraCFrame":[769.598,266.373,45.279,-0.17,-0.97,0.171,0,0.174,0.985,-0.985,0.168,-0.03],"_shiftlockState":true,"_pose":"FreeFall","_animationQueue":[],"_animationSpeed":1,"_zoom":16.125},{"_mousePosition":[683,384],"_rootPartCFrame":[767.391,251.151,47.166,-0.038,0,0.999,0,1,0,-0.999,0,-0.038],"_humanoidState":5,"_cameraCFrame":[769.407,266.95,44.853,-0.245,-0.955,0.168,0,0.174,0.985,-0.97,0.241,-0.042],"_shiftlockState":true,"_pose":"FreeFall","_animationQueue":[],"_animationSpeed":1,"_zoom":16.125},{"_mousePosition":[683,384],"_rootPartCFrame":[767.349,251.674,46.903,-0.114,0,0.994,0,1,0,-0.994,0,-0.114],"_humanoidState":5,"_cameraCFrame":[769.197,267.473,44.452,-0.313,-0.935,0.165,0,0.174,0.985,-0.95,0.308,-0.054],"_shiftlockState":true,"_pose":"FreeFall","_animationQueue":[],"_animationSpeed":1,"_zoom":16.125},{"_mousePosition":[683,384],"_rootPartCFrame":[767.386,252.142,46.652,-0.182,0,0.983,0,1,0,-0.983,0,-0.182],"_humanoidState":5,"_cameraCFrame":[769.076,267.941,44.09,-0.372,-0.914,0.161,0,0.174,0.985,-0.928,0.366,-0.065],"_shiftlockState":true,"_pose":"FreeFall","_animationQueue":[],"_animationSpeed":1,"_zoom":16.125},{"_mousePosition":[683,384],"_rootPartCFrame":[767.417,252.555,46.403,-0.244,0,0.97,0,1,0,-0.97,0,-0.244],"_humanoidState":5,"_cameraCFrame":[768.967,268.355,43.754,-0.421,-0.893,0.158,0,0.174,0.985,-0.907,0.414,-0.073],"_shiftlockState":true,"_pose":"FreeFall","_animationQueue":[],"_animationSpeed":1,"_zoom":16.125},{"_mousePosition":[683,384],"_rootPartCFrame":[767.376,252.914,46.162,-0.297,0,0.955,0,1,0,-0.955,0,-0.297],"_humanoidState":5,"_cameraCFrame":[768.798,268.714,43.441,-0.464,-0.872,0.154,0,0.174,0.985,-0.886,0.457,-0.081],"_shiftlockState":true,"_pose":"FreeFall","_animationQueue":[],"_animationSpeed":1,"_zoom":16.125},{"_mousePosition":[683,384],"_rootPartCFrame":[767.297,253.219,45.919,-0.342,0,0.94,0,1,0,-0.94,0,-0.342],"_humanoidState":5,"_cameraCFrame":[768.579,269.019,43.131,-0.508,-0.848,0.15,0,0.174,0.985,-0.861,0.5,-0.088],"_shiftlockState":true,"_pose":"FreeFall","_animationQueue":[],"_animationSpeed":1,"_zoom":16.125},{"_mousePosition":[683,384],"_rootPartCFrame":[767.181,253.469,45.681,-0.389,0,0.921,0,1,0,-0.921,0,-0.389],"_humanoidState":5,"_cameraCFrame":[768.299,269.269,42.823,-0.557,-0.818,0.144,0,0.174,0.985,-0.83,0.549,-0.097],"_shiftlockState":true,"_pose":"FreeFall","_animationQueue":[],"_animationSpeed":1,"_zoom":16.125},{"_mousePosition":[683,384],"_rootPartCFrame":[767.048,253.665,45.451,-0.442,0,0.897,0,1,0,-0.897,0,-0.442],"_humanoidState":5,"_cameraCFrame":[767.968,269.464,42.523,-0.613,-0.778,0.137,0,0.174,0.985,-0.79,0.603,-0.106],"_shiftlockState":true,"_pose"