[{"_mousePosition":[705,400],"_rootPartCFrame":[776.028,222.7,47.142,0,0,1,0,1,0,-1,0,0],"_humanoidState":8,"_cameraCFrame":[782.541,238.364,51.26,0.534,-0.742,0.404,0,0.478,0.878,-0.845,-0.469,0.255],"_shiftlockState":false,"_pose":"Standing","_animationQueue":[["idle",0]],"_animationSpeed":1,"_zoom":16.125},{"_mousePosition":[705,400],"_rootPartCFrame":[775.883,222.7,47.051,0.056,0,0.998,0,1,0,-0.998,0,0.056],"_humanoidState":8,"_cameraCFrame":[782.326,238.409,51.124,0.534,-0.745,0.4,0,0.473,0.881,-0.845,-0.471,0.253],"_shiftlockState":false,"_pose":"Standing","_animationQueue":[],"_animationSpeed":1,"_zoom":16.125},{"_mousePosition":[705,400],"_rootPartCFrame":[775.659,222.7,46.909,0.123,0,0.992,0,1,0,-0.992,0,0.123],"_humanoidState":8,"_cameraCFrame":[782.008,238.468,50.924,0.534,-0.748,0.394,0,0.466,0.885,-0.845,-0.473,0.249],"_shiftlockState":false,"_pose":"Running","_animationQueue":[["walk",0.1]],"_animationSpeed":1.003,"_zoom":16.125},{"_mousePosition":[705,400],"_rootPartCFrame":[775.433,222.7,46.767,0.182,0,0.983,0,1,0,-0.983,0,0.182],"_humanoidState":8,"_cameraCFrame":[781.647,238.569,50.63,0.528,-0.757,0.385,0,0.454,0.891,-0.849,-0.47,0.24],"_shiftlockState":false,"_pose":"Running","_animationQueue":[["walk",0.1]],"_animationSpeed":1.101,"_zoom":16.125},{"_mousePosition":[705,400],"_rootPartCFrame":[775.208,222.7,46.624,0.233,0,0.973,0,1,0,-0.973,0,0.233],"_humanoidState":8,"_cameraCFrame":[781.307,238.654,50.352,0.521,-0.765,0.378,0,0.443,0.896,-0.853,-0.467,0.231],"_shiftlockState":false,"_pose":"Running","_animationQueue":[],"_animationSpeed":1.101,"_zoom":16.125},{"_mousePosition":[705,400],"_rootPartCFrame":[774.982,222.7,46.483,0.275,0,0.962,0,1,0,-0.962,0,0.275],"_humanoidState":8,"_cameraCFrame":[781.012,238.709,50.106,0.515,-0.771,0.374,0,0.436,0.9,-0.857,-0.463,0.225],"_shiftlockState":false,"_pose":"Running","_animationQueue":[],"_animationSpeed":1.101,"_zoom":16.125},{"_mousePosition":[705,400],"_rootPartCFrame":[774.754,222.7,46.344,0.31,0,0.951,0,1,0,-0.951,0,0.31],"_humanoidState":8,"_cameraCFrame":[780.724,238.763,49.849,0.506,-0.779,0.37,0,0.429,0.903,-0.862,-0.457,0.217],"_shiftlockState":false,"_pose":"Running","_animationQueue":[],"_animationSpeed":1.101,"_zoom":16.125},{"_mousePosition":[705,400],"_rootPartCFrame":[774.526,222.7,46.207,0.339,0,0.941,0,1,0,-0.941,0,0.339],"_humanoidState":8,"_cameraCFrame":[780.448,238.804,49.623,0.5,-0.784,0.367,0,0.424,0.906,-0.866,-0.453,0.212],"_shiftlockState":false,"_pose":"Running","_animationQueue":[],"_animationSpeed":1.101,"_zoom":16.125},{"_mousePosition":[705,400],"_rootPartCFrame":[774.296,222.7,46.071,0.363,0,0.932,0,1,0,-0.932,0,0.363],"_humanoidState":8,"_cameraCFrame":[780.153,238.856,49.372,0.491,-0.792,0.363,0,0.417,0.909,-0.871,-0.446,0.205],"_shiftlockState":false,"_pose":"Running","_animationQueue":[["walk",0.1]],"_animationSpeed":1.101,"_zoom":16.125},{"_mousePosition":[705,400],"_rootPartCFrame":[774.065,222.7,45.938,0.382,0,0.924,0,1,0,-0.924,0,0.382],"_humanoidState":8,"_cameraCFrame":[779.921,238.882,49.122,0.478,-0.8,0.363,0,0.413,0.911,-0.879,-0.435,0.197],"_shiftlockState":false,"_pose":"Running","_animationQueue":[],"_animationSpeed":1.101,"_zoom":16.125},{"_mousePosition":[705,400],"_rootPartCFrame":[773.833,222.7,45.807,0.397,0,0.918,0,1,0,-0.918,0,0.397],"_humanoidState":8,"_cameraCFrame":[779.694,238.908,48.86,0.462,-0.809,0.363,0,0.41,0.912,-0.887,-0.421,0.189],"_shiftlockState":false,"_pose":"Running","_animationQueue":[],"_animationSpeed":1.101,"_zoom":16.125},{"_mousePosition":[705,400],"_rootPartCFrame":[773.599,222.7,45.679,0.408,0,0.913,0,1,0,-0.913,0,0.408],"_humanoidState":8,"_cameraCFrame":[779.487,238.921,48.615,0.446,-0.817,0.365,0,0.408,0.913,-0.895,-0.407,0.182],"_shiftlockState":false,"_pose":"Running","_animationQueue":[],"_animationSpeed":1.101,"_zoom":16.125},{"_mousePosition":[705,400],"_rootPartCFrame":[773.362,222.7,45.556,0.416,0,0.909,0,1,0,-0.909,0,0.416],"_humanoidState":8,"_cameraCFrame":[779.287,238.921,48.417,0.435,-0.822,0.367,0,0.408,0.913,-0.9,-0.397,0.177],"_shiftlockState":false,"_pose":"Running","_animationQueue":[],"_animationSpeed":1.101,"_zoom":16.125},{"_mousePosition":[705,400],"_rootPartCFrame":[773.124,222.7,45.436,0.42,0,0.907,0,1,0,-0.907,0,0.42],"_humanoidState":8,"_cameraCFrame":[779.049,238.921,48.298,0.435,-0.822,0.367,0,0.408,0.913,-0.9,-0.397,0.177],"_shiftlockState":false,"_pose":"Running","_animationQueue":[],"_animationSpeed":1.101,"_zoom":16.125},{"_mousePosition":[705,400],"_rootPartCFrame":[772.884,222.7,45.32,0.423,0,0.906,0,1,0,-0.906,0,0.423],"_humanoidState":8,"_cameraCFrame":[778.809,238.921,48.181,0.435,-0.822,0.367,0,0.408,0.913,-0.9,-0.397,0.177],"_shiftlockState":false,"_pose":"Running","_animationQueue":[],"_animationSpeed":1.101,"_zoom":16.125},{"_mousePosition":[705,400],"_rootPartCFrame":[772.644,222.7,45.204,0.424,0,0.906,0,1,0,-0.906,0,0.424],"_humanoidState":8,"_cameraCFrame":[778.576,238.921,48.05,0.433,-0.823,0.368,0,0.408,0.913,-0.902,-0.395,0.177],"_shiftlockState":false,"_pose":"Running","_animationQueue":[["walk",0.1]],"_animationSpeed":1.101,"_zoom":16.125},{"_mousePosition":[705,400],"_rootPartCFrame":[772.404,222.7,45.088,0.426,0,0.905,0,1,0,-0.905,0,0.426],"_humanoidState":8,"_cameraCFrame":[778.31,238.934,47.922,0.433,-0.824,0.366,0,0.406,0.914,-0.902,-0.395,0.176],"_shiftlockState":false,"_pose":"Running","_animationQueue":[],"_animationSpeed":1.101,"_zoom":16.125},{"_mousePosition":[705,400],"_rootPartCFrame":[772.163,222.7,44.973,0.427,0,0.904,0,1,0,-0.904,0,0.427],"_humanoidState":8,"_cameraCFrame":[778.07,238.934,47.807,0.433,-0.824,0.366,0,0.406,0.914,-0.902,-0.395,0.176],"_shiftlockState":false,"_pose":"Running","_animationQueue":[],"_animationSpeed":1.101,"_zoom":16.125},{"_mousePosition":[705,400],"_rootPartCFrame":[771.923,222.7,44.857,0.427,0,0.904,0,1,0,-0.904,0,0.427],"_humanoidState":8,"_cameraCFrame":[777.836,238.934,47.676,0.43,-0.825,0.367,0,0.406,0.914,-0.903,-0.393,0.175],"_shiftlockState":false,"_pose":"Running","_animationQueue":[],"_animationSpeed":1.101,"_zoom":16.125},{"_mousePosition":[705,400],"_rootPartCFrame":[771.682,222.7,44.742,0.428,0,0.904,0,1,0,-0.904,0,0.428],"_humanoidState":8,"_cameraCFrame":[777.596,238.934,47.561,0.43,-0.825,0.367,0,0.406,0.914,-0.903,-0.393,0.175],"_shiftlockState":false,"_pose":"Running","_animationQueue":[],"_animationSpeed":1.101,"_zoom":16.125},{"_mousePosition":[705,400],"_rootPartCFrame":[771.442,222.7,44.627,0.428,0,0.904,0,1,0,-0.904,0,0.428],"_humanoidState":8,"_cameraCFrame":[777.355,238.934,47.446,0.43,-0.825,0.367,0,0.406,0.914,-0.903,-0.393,0.175],"_shiftlockState":false,"_pose":"Running","_animationQueue":[],"_animationSpeed":1.101,"_zoom":16.125},{"_mousePosition":[705,400],"_rootPartCFrame":[771.201,222.7,44.512,0.429,0,0.903,0,1,0,-0.903,0,0.429],"_humanoidState":8,"_cameraCFrame":[777.095,238.947,47.304,0.428,-0.827,0.366,0,0.404,0.915,-0.904,-0.391,0.173],"_shiftlockState":false,"_pose":"Running","_animationQueue":[["walk",0.1]],"_animationSpeed":1.101,"_zoom":16.125},{"_mousePosition":[705,400],"_rootPartCFrame":[770.96,222.7,44.398,0.429,0,0.903,0,1,0,-0.903,0,0.429],"_humanoidState":8,"_cameraCFrame":[776.855,238.947,47.189,0.428,-0.827,0.366,0,0.404,0.915,-0.904,-0.391,0.173],"_shiftlockState":false,"_pose":"Running","_animationQueue":[],"_animationSpeed":1.101,"_zoom":16.125},{"_mousePosition":[705,400],"_rootPartCFrame":[770.719,223.563,44.283,0.429,0,0.903,0,1,0,-0.903,0,0.429],"_humanoidState":3,"_cameraCFrame":[776.614,239.81,47.075,0.428,-0.827,0.366,0,0.404,0.915,-0.904,-0.391,0.173],"_shiftlockState":false,"_pose":"Jumping","_animationQueue":[["walk",0.1],["jump",0.1]],"_animationSpeed":1,"_zoom":16.125},{"_mousePosition":[705,400],"_rootPartCFrame":[770.539,224.174,44.197,0.429,0,0.903,0,1,0,-0.903,0,0.429],"_humanoidState":5,"_cameraCFrame":[776.433,240.421,46.989,0.428,-0.827,0.366,0,0.404,0.915,-0.904,-0.391,0.173],"_shiftlockState":false,"_pose":"FreeFall","_animationQueue":[["jump",0.1]],"_animationSpeed":1,"_zoom":16.125},{"_mousePosition":[705,400],"_rootPartCFrame":[770.238,225.125,44.055,0.429,0,0.903,0,1,0,-0.903,0,0.429],"_humanoidState":5,"_cameraCFrame":[776.132,241.372,46.846,0.428,-0.827,0.366,0,0.404,0.915,-0.904,-0.391,0.173],"_shiftlockState":false,"_pose":"FreeFall","_animationQueue":[],"_animationSpeed":1,"_zoom":16.125},{"_mousePosition":[705,400],"_rootPartCFrame":[770.057,225.654,43.969,0.429,0,0.903,0,1,0,-0.903,0,0.429],"_humanoidState":5,"_cameraCFrame":[775.951,241.902,46.761,0.428,-0.827,0.366,0,0.404,0.915,-0.904,-0.391,0.173],"_shiftlockState":false,"_pose":"FreeFall","_animationQueue":[],"_animationSpeed":1,"_zoom":16.125},{"_mousePosition":[705,400],"_rootPartCFrame":[769.756,226.469,43.826,0.429,0,0.903,0,1,0,-0.903,0,0.429],"_humanoidState":5,"_cameraCFrame":[775.65,242.716,46.618,0.428,-0.827,0.366,0,0.404,0.915,-0.904,-0.391,0.173],"_shiftlockState":false,"_pose":"FreeFall","_animationQueue":[],"_animationSpeed":1,"_zoom":16.125},{"_mousePosition":[705,400],"_rootPartCFrame":[769.515,227.06,43.712,0.429,0,0.903,0,1,0,-0.903,0,0.429],"_humanoidState":5,"_cameraCFrame":[775.409,243.307,46.504,0.428,-0.827,0.366,0,0.404,0.915,-0.904,-0.391,0.173],"_shiftlockState":false,"_pose":"FreeFall","_animationQueue":[],"_animationSpeed":1,"_zoom":16.125},{"_mousePosition":[705,400],"_rootPartCFrame":[769.274,227.595,43.598,0.429,0,0.904,0,1,0,-0.904,0,0.429],"_humanoidState":5,"_cameraCFrame":[775.168,243.842,46.39,0.428,-0.827,0.366,0,0.404,0.915,-0.904,-0.391,0.173],"_shiftlockState":false,"_pose":"FreeFall","_animationQueue":[],"_animationSpeed":1,"_zoom":16.125},{"_mousePosition":[705,400],"_rootPartCFrame":[769.033,228.077,43.484,0.428,0,0.904,0,1,0,-0.904,0,0.428],"_humanoidState":5,"_cameraCFrame":[774.927,244.324,46.276,0.428,-0.827,0.366,0,0.404,0.915,-0.904,-0.391,0.173],"_shiftlockState":false,"_pose":"FreeFall","_animationQueue":[],"_animationSpeed":1,"_zoom":16.125},{"_mousePosition":[705,400],"_rootPartCFrame":[768.792,228.504,43.37,0.428,0,0.904,0,1,0,-0.904,0,0.428],"_humanoidState":5,"_cameraCFrame":[774.686,244.751,46.161,0.428,-0.827,0.366,0,0.404,0.915,-0.904,-0.391,0.173],"_shiftlockState":false,"_pose":"FreeFall","_animationQueue":[],"_animationSpeed":1,"_zoom":16.125},{"_mousePosition":[705,400],"_rootPartCFrame":[768.551,228.876,43.256,0.428,0,0.904,0,1,0,-0.904,0,0.428],"_humanoidState":5,"_cameraCFrame":[774.445,245.123,46.047,0.428,-0.827,0.366,0,0.404,0.915,-0.904,-0.391,0.173],"_shiftlockState":false,"_pose":"FreeFall","_animationQueue":[],"_animationSpeed":1,"_zoom":16.125},{"_mousePosition":[705,400],"_rootPartCFrame":[768.25,229.265,43.113,0.428,0,0.904,0,1,0,-0.904,0,0.428],"_humanoidState":5,"_cameraCFrame":[774.144,245.512,45.905,0.428,-0.827,0.366,0,0.404,0.915,-0.904,-0.391,0.173],"_shiftlockState":false,"_pose":"FreeFall","_animationQueue":[],"_animationSpeed":1,"_zoom":16.125},{"_mousePosition":[705,400],"_rootPartCFrame":[767.707,229.75,42.856,0.428,0,0.904,0,1,0,-0.904,0,0.428],"_humanoidState":5,"_cameraCFrame":[773.595,245.997,45.663,0.43,-0.826,0.365,0,0.404,0.915,-0.903,-0.394,0.174],"_shiftlockState":false,"_pose":"FreeFall","_animationQueue":[],"_animationSpeed":1,"_zoom":16.125},{"_mousePosition":[705,400],"_rootPartCFrame":[767.406,229.901,42.713,0.428,0,0.904,0,1,0,-0.904,0,0.428],"_humanoidState":5,"_cameraCFrame":[773.246,246.16,45.552,0.437,-0.823,0.362,0,0.403,0.915,-0.899,-0.4,0.176],"_shiftlockState":false,"_pose":"FreeFall","_animationQueue":[],"_animationSpeed":1,"_zoom":16.125},{"_mousePosition":[705,400],"_rootPartCFrame":[767.045,229.969,42.541,0.429,0,0.904,0,1,0,-0.904,0,0.429],"_humanoidState":5,"_cameraCFrame":[772.885,246.229,45.38,0.437,-0.823,0.362,0,0.403,0.915,-0.899,-0.4,0.176],"_shiftlockState":false,"_pose":"FreeFall","_animationQueue":[],"_animationSpeed":1,"_zoom":16.125},{"_mousePosition":[705,400],"_rootPartCFrame":[766.745,229.932,42.396,0.43,0,0.903,0,1,0,-0.903,0,0.43],"_humanoidState":5,"_cameraCFrame":[772.585,246.192,45.235,0.437,-0.823,0.362,0,0.403,0.915,-0.899,-0.4,0.176],"_shiftlockState":false,"_pose":"FreeFall","_animationQueue":[],"_animationSpeed":1,"_zoom":16.125},{"_mousePosition":[705,400],"_rootPartCFrame":[766.565,229.869,42.309,0.43,0,0.903,0,1,0,-0.903,0,0.43],"_humanoidState":5,"_cameraCFrame":[772.405,246.129,45.147,0.437,-0.823,0.362,0,0.403,0.915,-0.899,-0.4,0.176],"_shiftlockState":false,"_pose":"FreeFall","_animationQueue":[],"_animationSpeed":1,"_zoom":16.125},{"_mousePosition":[705,400],"_rootPartCFrame":[766.326,229.737,42.192,0.431,0,0.902,0,1,0,-0.902,0,0.431],"_humanoidState":5,"_cameraCFrame":[772.187,245.997,44.986,0.43,-0.826,0.364,0,0.403,0.915,-0.903,-0.394,0.173],"_shiftlockState":false,"_pose":"FreeFall","_animationQueue":[],"_animationSpeed":1,"_zoom":16.125},{"_mousePosition":[705,400],"_rootPartCFrame":[766.146,229.603,42.105,0.432,0,0.902,0,1,0,-0.902,0,0.432],"_humanoidState":5,"_cameraCFrame":[772.056,245.862,44.795,0.414,-0.833,0.367,0,0.403,0.915,-0.91,-0.379,0.167],"_shiftlockState":false,"_pose":"FreeFall","_animationQueue":[],"_animationSpeed":1,"_zoom":16.125},{"_mousePosition":[705,400],"_rootPartCFrame":[765.905,229.375,41.989,0.432,0,0.902,0,1,0,-0.902,0,0.432],"_humanoidState":5,"_cameraCFrame":[771.914,245.623,44.525,0.389,-0.843,0.373,0,0.404,0.915,-0.921,-0.356,0.157],"_shiftlockState":false,"_pose":"FreeFall","_animationQueue":[],"_animationSpeed":1,"_zoom":16.125},{"_mousePosition":[705,400],"_rootPartCFrame":[765.663,229.094,41.878,0.43,0,0.903,0,1,0,-0.903,0,0.43],"_humanoidState":5,"_cameraCFrame":[771.823,245.315,44.189,0.351,-0.855,0.382,0,0.408,0.913,-0.936,-0.321,0.143],"_shiftlockState":false,"_pose":"FreeFall","_animationQueue":[],"_animationSpeed":1,"_zoom":16.125},{"_mousePosition":[705,400],"_rootPartCFrame":[765.417,228.758,41.774,0.426,0,0.905,0,1,0,-0.905,0,0.426],"_humanoidState":5,"_cameraCFrame":[771.737,244.954,43.803,0.306,-0.868,0.392,0,0.412,0.911,-0.952,-0.279,0.126],"_shiftlockState":false,"_pose":"FreeFall","_animationQueue":[["fall",0.3]],"_animationSpeed":1,"_zoom":16.125},{"_mousePosition":[705,400],"_rootPartCFrame":[765.168,228.367,41.679,0.418,0,0.909,0,1,0,-0.909,0,0.418],"_humanoidState":5,"_cameraCFrame":[771.65,244.537,43.351,0.25,-0.881,0.402,0,0.415,0.91,-0.968,-0.227,0.104],"_shiftlockState":false,"_pose":"FreeFall","_animationQueue":[],"_animationSpeed":1,"_zoom":16.125},{"_mousePosition":[705,400],"_rootPartCFrame":[764.915,227.922,41.595,0.405,0,0.914,0,1,0,-0.914,0,0.405],"_humanoidState":5,"_cameraCFrame":[771.487,244.092,42.871,0.191,-0.893,0.408,0,0.415,0.91,-0.982,-0.173,0.079],"_shiftlockState":false,"_pose":"FreeFall","_animationQueue":[],"_animationSpeed":1,"_zoom":16.125},{"_mousePosition":[705,400],"_rootPartCFrame":[764.658,227.422,41.526,0.386,0,0.922,0,1,0,-0.922,0,0.386],"_humanoidState":5,"_cameraCFrame":[771.294,243.592,42.401,0.131,-0.902,0.412,0,0.415,0.91,-0.991,-0.119,0.054],"_shiftlockState":false,"_pose":"FreeFall","_animationQueue":[],"_animationSpeed":1,"_zoom":16.125},{"_mousePosition":[705,400],"_rootPartCFrame":[764.396,226.868,41.473,0.363,0,0.932,0,1,0,-0.932,0,0.363],"_humanoidState":5,"_cameraCFrame":[771.089,243.038,41.639,0.025,-0.909,0.415,0,0.415,0.91,-1,-0.023,0.01],"_shiftlockState":false,"_pose":"FreeFall","_animationQueue":[],"_animationSpeed":1,"_zoom":16.125},{"_mousePosition":[705,400],"_rootPartCFrame":[764.133,226.26,41.436,0.334,0,0.942,0,1,0,-0.942,0,0.334],"_humanoidState":5,"_cameraCFrame":[770.826,242.43,41.347,-0.013,-0.91,0.415,0,0.415,0.91,-1,0.012,-0.005],"_shiftlockState":false,"_pose":"FreeFall","_animationQueue":[],"_animationSpeed":1,"_zoom":16.125},{"_mousePosition":[705,400],"_rootPartCFrame":[763.867,225.597,41.421,0.298,0,0.955,0,1,0,-0.955,0,0.298],"_humanoidState":5,"_cameraCFrame":[770.513,241.766,40.623,-0.119,-0.903,0.412,0,0.415,0.91,-0.993,0.108,-0.049],"_shiftlockState":false,"_pose":"FreeFall","_animationQueue":[],"_animationSpeed":1,"_zoom":16.125},{"_mousePosition":[705,400],"_rootPartCFrame":[763.623,225.496,41.423,0.258,0,0.966,0,1,0,-0.966,0,0.258],"_humanoidState":7,"_cameraCFrame":[770.234,241.653,40.201,-0.182,-0.894,0.41,0,0.417,0.909,-0.983,0.165,-0.076],"_shiftlockState":false,"_pose":"FreeFall","_animationQueue":[["fall",0.3],["walk",0.1],["fall",0.3],["fall",0.3]],"_animationSpeed":1,"_zoom":16.125},{"_mousePosition":[705,400],"_rootPartCFrame":[763.372,225.494,41.449,0.211,0,0.977,0,1,0,-0.977,0,0.211],"_humanoidState":7,"_cameraCFrame":[769.968,241.625,39.881,-0.231,-0.883,0.409,0,0.42,0.907,-0.973,0.21,-0.097],"_shiftlockState":false,"_pose":"FreeFall","_animationQueue":[],"_animationSpeed":1,"_zoom":16.125},{"_mousePosition":[705,400],"_rootPartCFrame":[763.112,225.39,41.495,0.16,0,0.987,0,1,0,-0.987,0,0.16],"_humanoidState":8,"_cameraCFrame":[769.652,241.507,39.603,-0.278,-0.871,0.406,0,0.422,0.906,-0.961,0.252,-0.117],"_shiftlockState":false,"_pose":"Running","_animationQueue":[["walk",0.1],["fall",0.3],["walk",0.1]],"_animationSpeed":1.058,"_zoom":16.125},{"_mousePosition":[705,400],"_rootPartCFrame":[762.852,226.263,41.542,0.108,0,0.994,0,1,0,-0.994,0,0.108],"_humanoidState":3,"_cameraCFrame":[769.315,242.367,39.313,-0.326,-0.856,0.401,0,0.424,0.906,-0.945,0.295,-0.138],"_shiftlockState":false,"_pose":"Jumping","_animationQueue":[["walk",0.1],["jump",0.1]],"_animationSpeed":1,"_zoom":16.125},{"_mousePosition":[705,400],"_rootPartCFrame":[762.595,227.085,41.61,0.056,0,0.998,0,1,0,-0.998,0,0.056],"_humanoidState":5,"_cameraCFrame":[769.029,243.149,39.057,-0.369,-0.84,0.399,0,0.429,0.903,-0.93,0.333,-0.158],"_shiftlockState":false,"_pose":"FreeFall","_animationQueue":[["jump",0.1]],"_animationSpeed":1,"_zoom":16.125},{"_mousePosition":[705,400],"_rootPartCFrame":[762.342,227.853,41.695,0.004,0,1,0,1,0,-1,0,0.004],"_humanoidState":5,"_cameraCFrame":[768.727,243.889,38.877,-0.404,-0.825,0.396,0,0.433,0.901,-0.915,0.364,-0.175],"_shiftlockState":false,"_pose":"FreeFall","_animationQueue":[],"_animationSpeed":1,"_zoom":16.125},{"_mousePosition":[705,400],"_rootPartCFrame":[762.093,228.566,41.791,-0.047,0,0.999,0,1,0,-0.999,0,-0.047],"_humanoidState":5,"_cameraCFrame":[768.423,244.589,38.785,-0.429,-0.814,0.393,0,0.435,0.901,-0.903,0.386,-0.186],"_shiftlockState":false,"_pose":"FreeFall","_animationQueue":[],"_animationSpeed":1,"_zoom":16.125},{"_mousePosition":[705,400],"_rootPartCFrame":[761.849,229.224,41.898,-0.096,0,0.995,0,1,0,-0.995,0,-0.096],"_humanoidState":5,"_cameraCFrame":[768.132,245.247,38.795,-0.443,-0.808,0.39,0,0.435,0.901,-0.897,0.399,-0.192],"_shiftlockState":false,"_pose":"FreeFall","_animationQueue":[],"_animationSpeed":1,"_zoom":16.125},{"_mousePosition":[705,400],"_rootPartCFrame":[761.547,229.971,42.04,-0.155,0,0.988,0,1,0,-0.988,0,-0.155],"_humanoidState":5,"_cameraCFrame":[767.814,245.994,38.906,-0.447,-0.806,0.389,0,0.435,0.901,-0.894,0.403,-0.194],"_shiftlockState":false,"_pose":"FreeFall","_animationQueue":[],"_animationSpeed":1,"_zoom":16.125},{"_mousePosition":[705,400],"_rootPartCFrame":[761.368,230.378,42.128,-0.186,0,0.982,0,1,0,-0.982,0,-0.186],"_humanoidState":5,"_cameraCFrame":[767.635,246.401,38.994,-0.447,-0.806,0.389,0,0.435,0.901,-0.894,0.403,-0.194],"_shiftlockState":false,"_pose":"FreeFall","_animationQueue":[],"_animationSpeed":1,"_zoom":16.125},{"_mousePosition":[705,400],"_rootPartCFrame":[761.129,230.873,42.247,-0.224,0,0.975,0,1,0,-0.975,0,-0.224],"_humanoidState":5,"_cameraCFrame":[767.396,246.896,39.113,-0.447,-0.806,0.389,0,0.435,0.901,-0.894,0.403,-0.194],"_shiftlockState":false,"_pose":"FreeFall","_animationQueue":[],"_animationSpeed":1,"_zoom":16.125},{"_mousePosition":[705,400],"_rootPartCFrame":[760.891,231.313,42.366,-0.256,0,0.967,0,1,0,-0.967,0,-0.256],"_humanoidState":5,"_cameraCFrame":[767.158,247.336,39.232,-0.447,-0.806,0.389,0,0.435,0.901,-0.894,0.403,-0.194],"_shiftlockState":false,"_pose":"FreeFall","_animationQueue":[],"_animationSpeed":1,"_zoom":16.125},{"_mousePosition":[705,400],"_rootPartCFrame":[760.652,231.699,42.485,-0.284,0,0.959,0,1,0,-0.959,0,-0.284],"_humanoidState":5,"_cameraCFrame":[766.919,247.722,39.351,-0.447,-0.806,0.389,0,0.435,0.901,-0.894,0.403,-0.194],"_shiftlockState":false,"_pose":"FreeFall","_animationQueue":[],"_animationSpeed":1,"_zoom":16.125},{"_mousePosition":[705,400],"_rootPartCFrame":[760.414,232.031,42.604,-0.308,0,0.951,0,1,0,-0.951,0,-0.308],"_humanoidState":5,"_cameraCFrame":[766.681,248.054,39.471,-0.447,-0.806,0.389,0,0.435,0.901,-0.894,0.403,-0.194],"_shiftlockState":false,"_pose":"FreeFall","_animationQueue":[],"_animationSpeed":1,"_zoom":16.125},{"_mousePosition":[705,400],"_rootPartCFrame":[760.175,232.308,42.724,-0.328,0,0.945,0,1,0,-0.945,0,-0.328],"_humanoidState":5,"_cameraCFrame":[766.442,248.331,39.59,-0.447,-0.806,0.389,0,0.435,0.901,-0.894,0.403,-0.194],"_shiftlockState":false,"_pose":"FreeFall","_animationQueue":[],"_animationSpeed":1,"_zoom":16.125},{"_mousePosition":[705,400],"_rootPartCFrame":[759.936,232.531,42.843,-0.345,0,0.939,0,1,0,-0.939,0,-0.345],"_humanoidState":5,"_cameraCFrame":[766.204,248.554,39.709,-0.447,-0.806,0.389,0,0.435,0.901,-0.894,0.403,-0.194],"_shiftlockState":false,"_pose":"FreeFall","_animationQueue":[],"_animationSpeed":1,"_zoom":16.125},{"_mousePosition":[705,400],"_rootPartCFrame":[759.698,232.699,42.962,-0.36,0,0.933,0,1,0,-0.933,0,-0.36],"_humanoidState":5,"_cameraCFrame":[765.965,248.722,39.828,-0.447,-0.806,0.389,0,0.435,0.901,-0.894,0.403,-0.194],"_shiftlockState":false,"_pose":"FreeFall","_animationQueue":[],"_animationSpeed":1,"_zoom":16.125},{"_mousePosition":[705,400],"_rootPartCFrame":[759.459,232.812,43.081,-0.372,0,0.928,0,1,0,-0.928,0,-0.372],"_humanoidState":5,"_cameraCFrame":[765.727,248.835,39.948,-0.447,-0.806,0.389,0,0.435,0.901,-0.894,0.403,-0.194],"_shiftlockState":false,"_pose":"FreeFall","_animationQueue":[],"_animationSpeed":1,"_zoom":16.125},{"_mousePosition":[705,400],"_rootPartCFrame":[759.221,232.871,43.201,-0.383,0,0.924,0,1,0,-0.924,0,-0.383],"_humanoidState":5,"_cameraCFrame":[765.488,248.894,40.067,-0.447,-0.806,0.389,0,0.435,0.901,-0.894,0.403,-0.194],"_shiftlockState":false,"_pose":"FreeFall","_animationQueue":[],"_animationSpeed":1,"_zoom":16.125},{"_mousePosition":[705,400],"_rootPartCFrame":[758.982,232.876,43.32,-0.392,0,0.92,0,1,0,-0.92,0,-0.392],"_humanoidState":5,"_cameraCFrame":[765.25,248.899,40.186,-0.447,-0.806,0.389,0,0.435,0.901,-0.894,0.403,-0.194],"_shiftlockState":false,"_pose":"FreeFall","_animationQueue":[],"_animationSpeed":1,"_zoom":16.125},{"_mousePosition":[705,400],"_rootPartCFrame":[758.744,232.826,43.439,-0.4,0,0.916,0,1,0,-0.916,0,-0.4],"_humanoidState":5,"_cameraCFrame":[765.003,248.849,40.29,-0.45,-0.805,0.388,0,0.435,0.901,-0.893,0.405,-0.195],"_shiftlockState":false,"_pose":"FreeFall","_animationQueue":[["fall",0.3]],"_animationSpeed":1,"_zoom":16.125},{"_mousePosition":[705,400],"_rootPartCFrame":[758.505,232.721,43.559,-0.407,0,0.914,0,1,0,-0.914,0,-0.407],"_humanoidState":5,"_cameraCFrame":[764.765,248.744,40.409,-0.45,-0.805,0.388,0,0.435,0.901,-0.893,0.405,-0.195],"_shiftlockState":false,"_pose":"FreeFall","_animationQueue":[],"_animationSpeed":1,"_zoom":16.125},{"_mousePosition":[705,400],"_rootPartCFrame":[758.267,232.562,43.678,-0.413,0,0.911,0,1,0,-0.911,0,-0.413],"_humanoidState":5,"_cameraCFrame":[764.51,248.585,40.497,-0.454,-0.802,0.387,0,0.435,0.901,-0.891,0.409,-0.197],"_shiftlockState":false,"_pose":"FreeFall","_animationQueue":[],"_animationSpeed":1,"_zoom":16.125},{"_mousePosition":[705,400],"_rootPartCFrame":[758.029,232.349,43.798,-0.418,0,0.908,0,1,0,-0.908,0,-0.418],"_humanoidState":5,"_cameraCFrame":[764.223,248.372,40.522,-0.468,-0.796,0.384,0,0.435,0.901,-0.884,0.421,-0.203],"_shiftlockState":false,"_pose":"FreeFall","_animationQueue":[],"_animationSpeed":1,"_zoom":16.125},{"_mousePosition":[705,400],"_rootPartCFrame":[757.791,232.081,43.919,-0.423,0,0.906,0,1,0,-0.906,0,-0.423],"_humanoidState":5,"_cameraCFrame":[763.96,248.104,40.596,-0.474,-0.793,0.383,0,0.435,0.901,-0.88,0.427,-0.206],"_shiftlockState":false,"_pose":"FreeFall","_animationQueue":[],"_animationSpeed":1,"_zoom":16.125},{"_mousePosition":[705,400],"_rootPartCFrame":[757.555,231.758,44.043,-0.429,0,0.904,0,1,0,-0.904,0,-0.429],"_humanoidState":5,"_cameraCFrame":[763.724,247.781,40.72,-0.474,-0.793,0.383,0,0.435,0.901,-0.88,0.427,-0.206],"_shiftlockState":false,"_pose":"FreeFall","_animationQueue":[],"_animationSpeed":1,"_zoom":16.125},{"_mousePosition":[705,400],"_rootPartCFrame":[757.379,231.481,44.138,-0.433,0,0.901,0,1,0,-0.901,0,-0.433],"_humanoidState":5,"_cameraCFrame":[763.548,247.504,40.815,-0.474,-0.793,0.383,0,0.435,0.901,-0.88,0.427,-0.206],"_shiftlockState":false,"_pose":"FreeFall","_animationQueue":[],"_animationSpeed":1,"_zoom":16.125},{"_mousePosition":[705,400],"_rootPartCFrame":[757.085,230.95,44.296,-0.44,0,0.898,0,1,0,-0.898,0,-0.44],"_humanoidState":5,"_cameraCFrame":[763.254,246.973,40.973,-0.474,-0.793,0.383,0,0.435,0.901,-0.88,0.427,-0.206],"_shiftlockState":false,"_pose":"FreeFall","_animationQueue":[["fall",0.3]],"_animationSpeed":1,"_zoom":16.125},{"_mousePosition":[705,400],"_rootPartCFrame":[756.85,230.464,44.422,-0.445,0,0.896,0,1,0,-0.896,0,-0.445],"_humanoidState":5,"_cameraCFrame":[763.053,246.487,41.162,-0.465,-0.797,0.385,0,0.435,0.901,-0.885,0.419,-0.202],"_shiftlockState":false,"_pose":"FreeFall","_animationQueue":[],"_animationSpeed":1,"_zoom":16.125},{"_mousePosition":[705,400],"_rootPartCFrame":[756.616,229.923,44.549,-0.449,0,0.893,0,1,0,-0.893,0,-0.449],"_humanoidState":5,"_cameraCFrame":[762.863,245.974,41.503,-0.438,-0.811,0.387,0,0.431,0.902,-0.899,0.395,-0.189],"_shiftlockState":false,"_pose":"FreeFall","_animationQueue":[],"_animationSpeed":1,"_zoom":16.125},{"_mousePosition":[705,400],"_rootPartCFrame":[756.38,229.328,44.673,-0.452,0,0.892,0,1,0,-0.892,0,-0.452],"_humanoidState":5,"_cameraCFrame":[762.735,245.405,42.002,-0.387,-0.833,0.394,0,0.428,0.904,-0.922,0.35,-0.166],"_shiftlockState":false,"_pose":"FreeFall","_animationQueue":[],"_animationSpeed":1,"_zoom":16.125},{"_mousePosition":[705,400],"_rootPartCFrame":[756.14,228.679,44.791,-0.451,0,0.892,0,1,0,-0.892,0,-0.451],"_humanoidState":5,"_cameraCFrame":[762.61,244.796,42.669,-0.312,-0.861,0.401,0,0.422,0.906,-0.95,0.282,-0.132],"_shiftlockState":false,"_pose":"FreeFall","_animationQueue":[],"_animationSpeed":1,"_zoom":16.125},{"_mousePosition":[705,400],"_rootPartCFrame":[755.896,227.975,44.896,-0.445,0,0.895,0,1,0,-0.895,0,-0.445],"_humanoidState":5,"_cameraCFrame":[762.442,244.145,43.497,-0.209,-0.89,0.406,0,0.415,0.91,-0.978,0.19,-0.087],"_shiftlockState":false,"_pose":"FreeFall","_animationQueue":[],"_animationSpeed":1,"_zoom":16.125},{"_mousePosition":[705,400],"_rootPartCFrame":[755.644,227.216,44.984,-0.431,0,0.902,0,1,0,-0.902,0,-0.431],"_humanoidState":5,"_cameraCFrame":[762.196,243.438,44.382,-0.092,-0.909,0.406,0,0.408,0.913,-0.996,0.084,-0.037],"_shiftlockState":false,"_pose":"FreeFall","_animationQueue":[],"_animationSpeed":1,"_zoom":16.125},{"_mousePosition":[705,400],"_rootPartCFrame":[755.385,226.403,45.048,-0.406,0,0.914,0,1,0,-0.914,0,-0.406],"_humanoidState":5,"_cameraCFrame":[761.844,242.676,45.322,0.042,-0.915,0.401,0,0.401,0.916,-0.999,-0.039,0.017],"_shiftlockState":false,"_pose":"FreeFall","_animationQueue":[["fall",0.3]],"_animationSpeed":1,"_zoom":16.125},{"_mousePosition":[705,400],"_rootPartCFrame":[755.121,225.536,45.083,-0.37,0,0.929,0,1,0,-0.929,0,-0.37],"_humanoidState":5,"_cameraCFrame":[761.185,241.895,46.647,0.25,-0.892,0.376,0,0.388,0.922,-0.968,-0.23,0.097],"_shiftlockState":false,"_pose":"FreeFall","_animationQueue":[],"_animationSpeed":1,"_zoom":16.125},{"_mousePosition":[705,400],"_rootPartCFrame":[754.855,224.614,45.085,-0.321,0,0.947,0,1,0,-0.947,0,-0.321],"_humanoidState":5,"_cameraCFrame":[760.61,241.01,47.327,0.363,-0.861,0.357,0,0.383,0.924,-0.932,-0.335,0.139],"_shiftlockState":false,"_pose":"FreeFall","_animationQueue":[],"_animationSpeed":1,"_zoom":16.125},{"_mousePosition":[705,400],"_rootPartCFrame":[754.6,224.475,45.028,-0.254,0,0.967,0,1,0,-0.967,0,-0.254],"_humanoidState":7,"_cameraCFrame":[760.086,240.883,47.799,0.451,-0.825,0.34,0,0.381,0.924,-0.893,-0.417,0.172],"_shiftlockState":false,"_pose":"FreeFall","_animationQueue":[["walk",0.1],["fall",0.3],["fall",0.3]],"_animationSpeed":1,"_zoom":16.125},{"_mousePosition":[705,400],"_rootPartCFrame":[754.351,224.473,44.936,-0.175,0,0.985,0,1,0,-0.985,0,-0.175],"_humanoidState":7,"_cameraCFrame":[759.587,240.88,48.155,0.524,-0.788,0.325,0,0.381,0.924,-0.852,-0.484,0.2],"_shiftlockState":false,"_pose":"FreeFall","_animationQueue":[],"_animationSpeed":1,"_zoom":16.125},{"_mousePosition":[705,400],"_rootPartCFrame":[754.112,224.369,44.82,-0.091,0,0.996,0,1,0,-0.996,0,-0.091],"_humanoidState":8,"_cameraCFrame":[759.08,240.776,48.439,0.589,-0.747,0.308,0,0.381,0.924,-0.808,-0.544,0.224],"_shiftlockState":false,"_pose":"Running","_animationQueue":[["walk",0.1],["fall",0.3],["walk",0.1]],"_animationSpeed":1.1,"_zoom":16.125},{"_mousePosition":[705,400],"_rootPartCFrame":[753.874,225.232,44.7,-0.006,0,1,0,1,0,-1,0,-0.006],"_humanoidState":3,"_cameraCFrame":[758.607,241.615,48.711,0.646,-0.704,0.294,0,0.385,0.923,-0.763,-0.597,0.249],"_shiftlockState":false,"_pose":"Jumping","_animationQueue":[["walk",0.1],["jump",0.1]],"_animationSpeed":1,"_zoom":16.125},{"_mousePosition":[705,400],"_rootPartCFrame":[753.648,226.04,44.559,0.079,0,0.997,0,1,0,-0.997,0,0.079],"_humanoidState":5,"_cameraCFrame":[758.151,242.411,48.871,0.692,-0.666,0.279,0,0.387,0.922,-0.722,-0.638,0.267],"_shiftlockState":false,"_pose":"FreeFall","_animationQueue":[["jump",0.1]],"_animationSpeed":1,"_zoom":16.125},{"_mousePosition":[705,400],"_rootPartCFrame":[753.441,226.794,44.392,0.162,0,0.987,0,1,0,-0.987,0,0.162],"_humanoidState":5,"_cameraCFrame":[757.774,243.153,48.913,0.722,-0.638,0.269,0,0.388,0.922,-0.692,-0.665,0.28],"_shiftlockState":false,"_pose":"FreeFall","_animationQueue":[],"_animationSpeed":1,"_zoom":16.125},{"_mousePosition":[705,400],"_rootPartCFrame":[753.247,227.493,44.209,0.242,0,0.97,0,1,0,-0.97,0,0.242],"_humanoidState":5,"_cameraCFrame":[757.507,243.84,48.839,0.736,-0.623,0.264,0,0.39,0.921,-0.677,-0.678,0.287],"_shiftlockState":false,"_pose":"FreeFall","_animationQueue":[],"_animationSpeed":1,"_zoom":16.125},{"_mousePosition":[705,400],"_rootPartCFrame":[753.061,228.138,44.018,0.315,0,0.949,0,1,0,-0.949,0,0.315],"_humanoidState":5,"_cameraCFrame":[757.321,244.485,48.648,0.736,-0.623,0.264,0,0.39,0.921,-0.677,-0.678,0.287],"_shiftlockState":false,"_pose":"FreeFall","_animationQueue":[],"_animationSpeed":1,"_zoom":16.125},{"_mousePosition":[705,400],"_rootPartCFrame":[752.88,228.729,43.822,0.381,0,0.925,0,1,0,-0.925,0,0.381],"_humanoidState":5,"_cameraCFrame":[757.117,245.076,48.474,0.739,-0.62,0.263,0,0.39,0.921,-0.673,-0.681,0.288],"_shiftlockState":false,"_pose":"FreeFall","_animationQueue":[],"_animationSpeed":1,"_zoom":16.125},{"_mousePosition":[705,400],"_rootPartCFrame":[752.699,229.264,43.626,0.437,0,0.9,0,1,0,-0.9,0,0.437],"_humanoidState":5,"_cameraCFrame":[756.936,245.611,48.277,0.739,-0.62,0.263,0,0.39,0.921,-0.673,-0.681,0.288],"_shiftlockState":false,"_pose":"FreeFall","_animationQueue":[],"_animationSpeed":1,"_zoom":16.125},{"_mousePosition":[705,400],"_rootPartCFrame":[752.565,229.631,43.478,0.473,0,0.881,0,1,0,-0.881,0,0.473],"_humanoidState":5,"_cameraCFrame":[756.801,245.978,48.13,0.739,-0.62,0.263,0,0.39,0.921,-0.673,-0.681,0.288],"_shiftlockState":false,"_pose":"FreeFall","_animationQueue":[],"_animationSpeed":1,"_zoom":16.125},{"_mousePosition":[705,400],"_rootPartCFrame":[752.34,230.173,43.232,0.524,0,0.852,0,1,0,-0.852,0,0.524],"_humanoidState":5,"_cameraCFrame":[756.577,246.52,47.883,0.739,-0.62,0.263,0,0.39,0.921,-0.673,-0.681,0.288],"_shiftlockState":false,"_pose":"FreeFall","_animationQueue":[],"_animationSpeed":1,"_zoom":16.125},{"_mousePosition":[705,400],"_rootPartCFrame":[752.161,230.545,43.035,0.557,0,0.83,0,1,0,-0.83,0,0.557],"_humanoidState":5,"_cameraCFrame":[756.397,246.892,47.686,0.739,-0.62,0.263,0,0.39,0.921,-0.673,-0.681,0.288],"_shiftlockState":false,"_pose":"FreeFall","_animationQueue":[],"_animationSpeed":1,"_zoom":16.125},{"_mousePosition":[705,400],"_rootPartCFrame":[751.981,230.863,42.838,0.585,0,0.811,0,1,0,-0.811,0,0.585],"_humanoidState":5,"_cameraCFrame":[756.218,247.21,47.489,0.739,-0.62,0.263,0,0.39,0.921,-0.673,-0.681,0.288],"_shiftlockState":false,"_pose":"FreeFall","_animationQueue":[],"_animationSpeed":1,"_zoom":16.125},{"_mousePosition":[705,400],"_rootPartCFrame":[751.802,231.126,42.64,0.609,0,0.793,0,1,0,-0.793,0,0.609],"_humanoidState":5,"_cameraCFrame":[756.038,247.473,47.292,0.739,-0.62,0.263,0,0.39,0.921,-0.673,-0.681,0.288],"_shiftlockState":false,"_pose":"FreeFall","_animationQueue":[],"_animationSpeed":1,"_zoom":16.125},{"_mousePosition":[705,400],"_rootPartCFrame":[751.622,231.335,42.443,0.628,0,0.778,0,1,0,-0.778,0,0.628],"_humanoidState":5,"_cameraCFrame":[755.859,247.682,47.095,0.739,-0.62,0.263,0,0.39,0.921,-0.673,-0.681,0.288],"_shiftlockState":false,"_pose":"FreeFall","_animationQueue":[],"_animationSpeed":1,"_zoom":16.125},{"_mousePosition":[705,400],"_rootPartCFrame":[751.443,231.49,42.246,0.645,0,0.764,0,1,0,-0.764,0,0.645],"_humanoidState":5,"_cameraCFrame":[755.679,247.837,46.898,0.739,-0.62,0.263,0,0.39,0.921,-0.673,-0.681,0.288],"_shiftlockState":false,"_pose":"FreeFall","_animationQueue":[],"_animationSpeed":1,"_zoom":16.125},{"_mousePosition":[705,400],"_rootPartCFrame":[751.263,231.59,42.049,0.659,0,0.752,0,1,0,-0.752,0,0.659],"_humanoidState":5,"_cameraCFrame":[755.5,247.937,46.7,0.739,-0.62,0.263,0,0.39,0.921,-0.673,-0.681,0.288],"_shiftlockState":false,"_pose":"FreeFall","_animationQueue":[],"_animationSpeed":1,"_zoom":16.125},{"_mousePosition":[705,400],"_rootPartCFrame":[751.084,231.635,41.852,0.671,0,0.742,0,1,0,-0.742,0,0.671],"_humanoidState":5,"_cameraCFrame":[755.328,247.97,46.535,0.741,-0.618,0.263,0,0.392,0.92,-0.671,-0.682,0.29],"_shiftlockState":false,"_pose":"FreeFall","_animationQueue":[],"_animationSpeed":1,"_zoom":16.125},{"_mousePosition":[705,400],"_rootPartCFrame":[750.904,231.626,41.655,0.681,0,0.732,0,1,0,-0.732,0,0.681],"_humanoidState":5,"_cameraCFrame":[755.149,247.961,46.338,0.741,-0.618,0.263,0,0.392,0.92,-0.671,-0.682,0.29],"_shiftlockState":false,"_pose":"FreeFall","_animationQueue":[],"_animationSpeed":1,"_zoom":16.125},{"_mousePosition":[705,400],"_rootPartCFrame":[750.725,231.562,41.457,0.69,0,0.724,0,1,0,-0.724,0,0.69],"_humanoidState":5,"_cameraCFrame":[755.028,247.897,46.087,0.732,-0.626,0.267,0,0.392,0.92,-0.681,-0.674,0.287],"_shiftlockState":false,"_pose":"FreeFall","_animationQueue":[],"_animationSpeed":1,"_zoom":16.125},{"_mousePosition":[705,400],"_rootPartCFrame":[750.546,231.444,41.26,0.697,0,0.717,0,1,0,-0.717,0,0.697],"_humanoidState":5,"_cameraCFrame":[754.908,247.779,45.834,0.724,-0.635,0.27,0,0.392,0.92,-0.69,-0.666,0.284],"_shiftlockState":false,"_pose":"FreeFall","_animationQueue":[],"_animationSpeed":1,"_zoom":16.125},{"_mousePosition":[705,400],"_rootPartCFrame":[750.411,231.32,41.113,0.701,0,0.713,0,1,0,-0.713,0,0.701],"_humanoidState":5,"_cameraCFrame":[754.92,247.655,45.541,0.701,-0.656,0.28,0,0.392,0.92,-0.713,-0.645,0.275],"_shiftlockState":false,"_pose":"FreeFall","_animationQueue":[],"_animationSpeed":1,"_zoom":16.125},{"_mousePosition":[705,400],"_rootPartCFrame":[750.181,231.045,40.871,0.706,0,0.708,0,1,0,-0.708,0,0.706],"_humanoidState":5,"_cameraCFrame":[754.941,247.367,45.073,0.662,-0.689,0.295,0,0.394,0.919,-0.75,-0.608,0.261],"_shiftlockState":false,"_pose":"FreeFall","_animationQueue":[],"_animationSpeed":1,"_zoom":16.125},{"_mousePosition":[705,400],"_rootPartCFrame":[749.992,230.763,40.683,0.706,0,0.708,0,1,0,-0.708,0,0.706],"_humanoidState":5,"_cameraCFrame":[754.846,247.085,44.776,0.645,-0.703,0.301,0,0.394,0.919,-0.765,-0.592,0.254],"_shiftlockState":false,"_pose":"FreeFall","_animationQueue":[["fall",0.3]],"_animationSpeed":1,"_zoom":16.125},{"_mousePosition":[705,400],"_rootPartCFrame":[749.793,230.427,40.505,0.702,0,0.712,0,1,0,-0.712,0,0.702],"_humanoidState":5,"_cameraCFrame":[754.699,246.749,44.536,0.635,-0.71,0.304,0,0.394,0.919,-0.773,-0.584,0.25],"_shiftlockState":false,"_pose":"FreeFall","_animationQueue":[],"_animationSpeed":1,"_zoom":16.125},{"_mousePosition":[705,400],"_rootPartCFrame":[749.59,230.036,40.333,0.696,0,0.718,0,1,0,-0.718,0,0.696],"_humanoidState":5,"_cameraCFrame":[754.536,246.359,44.314,0.627,-0.716,0.307,0,0.394,0.919,-0.779,-0.576,0.247],"_shiftlockState":false,"_pose":"FreeFall","_animationQueue":[],"_animationSpeed":1,"_zoom":16.125},{"_mousePosition":[705,400],"_rootPartCFrame":[749.384,229.591,40.163,0.688,0,0.726,0,1,0,-0.726,0,0.688],"_humanoidState":5,"_cameraCFrame":[754.37,245.913,44.094,0.619,-0.722,0.309,0,0.394,0.919,-0.785,-0.569,0.244],"_shiftlockState":false,"_pose":"FreeFall","_animationQueue":[],"_animationSpeed":1,"_zoom":16.125},{"_mousePosition":[705,400],"_rootPartCFrame":[749.177,229.092,39.996,0.68,0,0.733,0,1,0,-0.733,0,0.68],"_humanoidState":5,"_cameraCFrame":[754.222,245.414,43.85,0.607,-0.73,0.313,0,0.394,0.919,-0.795,-0.558,0.239],"_shiftlockState":false,"_pose":"FreeFall","_animationQueue":[],"_animationSpeed":1,"_zoom":16.125},{"_mousePosition":[705,400],"_rootPartCFrame":[748.967,228.537,39.83,0.672,0,0.74,0,1,0,-0.74,0,0.672],"_humanoidState":5,"_cameraCFrame":[754.099,244.86,43.569,0.589,-0.743,0.318,0,0.394,0.919,-0.808,-0.541,0.232],"_shiftlockState":false,"_pose":"FreeFall","_animationQueue":[],"_animationSpeed":1,"_zoom":16.125},{"_mousePosition":[705,400],"_rootPartCFrame":[748.756,227.929,39.668,0.664,0,0.748,0,1,0,-0.748,0,0.664],"_humanoidState":5,"_cameraCFrame":[754.014,244.239,43.278,0.566,-0.757,0.326,0,0.396,0.918,-0.824,-0.52,0.224],"_shiftlockState":false,"_pose":"FreeFall","_animationQueue":[["fall",0.3]],"_animationSpeed":1,"_zoom":16.125},{"_mousePosition":[705,400],"_rootPartCFrame":[748.61,227.839,39.56,0.657,0,0.754,0,1,0,-0.754,0,0.657],"_humanoidState":7,"_cameraCFrame":[754.043,244.137,42.957,0.53,-0.778,0.337,0,0.397,0.918,-0.848,-0.486,0.211],"_shiftlockState":false,"_pose":"FreeFall","_animationQueue":[["walk",0.1],["fall",0.3],["fall",0.3]],"_animationSpeed":1,"_zoom":16.125},{"_mousePosition":[705,400],"_rootPartCFrame":[748.376,227.834,39.399,0.643,0,0.766,0,1,0,-0.766,0,0.643],"_humanoidState":7,"_cameraCFrame":[754.032,244.107,42.53,0.484,-0.802,0.351,0,0.401,0.916,-0.875,-0.444,0.194],"_shiftlockState":false,"_pose":"FreeFall","_animationQueue":[],"_animationSpeed":1,"_zoom":16.125},{"_mousePosition":[705,400],"_rootPartCFrame":[748.169,227.731,39.267,0.629,0,0.777,0,1,0,-0.777,0,0.629],"_humanoidState":8,"_cameraCFrame":[754.07,243.978,42.044,0.426,-0.828,0.366,0,0.404,0.915,-0.905,-0.389,0.172],"_shiftlockState":false,"_pose":"Running","_animationQueue":[["walk",0.1],["fall",0.3],["walk",0.1]],"_animationSpeed":0.935,"_zoom":16.125},{"_mousePosition":[705,400],"_rootPartCFrame":[747.942,227.561,39.141,0.611,0,0.791,0,1,0,-0.791,0,0.611],"_humanoidState":8,"_cameraCFrame":[754.154,243.783,41.31,0.33,-0.862,0.385,0,0.408,0.913,-0.944,-0.301,0.135],"_shiftlockState":false,"_pose":"Running","_animationQueue":[["walk",0.1]],"_animationSpeed":1.03,"_zoom":16.125},{"_mousePosition":[705,400],"_rootPartCFrame":[747.657,228.645,38.983,0.588,0,0.809,0,1,0,-0.809,0,0.588],"_humanoidState":3,"_cameraCFrame":[754.026,244.854,40.747,0.267,-0.879,0.395,0,0.41,0.912,-0.964,-0.244,0.109],"_shiftlockState":false,"_pose":"Jumping","_animationQueue":[["walk",0.1],["jump",0.1]],"_animationSpeed":1,"_zoom":16.125},{"_mousePosition":[705,400],"_rootPartCFrame":[747.417,229.453,38.877,0.56,0,0.828,0,1,0,-0.828,0,0.56],"_humanoidState":5,"_cameraCFrame":[753.915,245.649,40.225,0.203,-0.892,0.403,0,0.412,0.911,-0.979,-0.185,0.084],"_shiftlockState":false,"_pose":"FreeFall","_animationQueue":[["jump",0.1]],"_animationSpeed":1,"_zoom":16.125},{"_mousePosition":[705,400],