[{"_mousePosition":[683,400],"_rootPartCFrame":[776.028,222.7,47.142,0,0,1,0,1,0,-1,0,0],"_humanoidState":8,"_cameraCFrame":[776.031,239.926,43.578,-1,-0.001,0,0,0.221,0.975,-0.001,0.975,-0.221],"_shiftlockState":false,"_pose":"Standing","_animationQueue":[],"_animationSpeed":1,"_zoom":16.125},{"_mousePosition":[683,400],"_rootPartCFrame":[775.781,222.7,47.142,0,0,1,0,1,0,-1,0,0],"_humanoidState":8,"_cameraCFrame":[775.793,239.933,43.609,-1,-0.003,0.001,0,0.219,0.976,-0.004,0.976,-0.219],"_shiftlockState":false,"_pose":"Standing","_animationQueue":[],"_animationSpeed":1,"_zoom":16.125},{"_mousePosition":[683,400],"_rootPartCFrame":[775.515,222.7,47.142,0,0,1,0,1,0,-1,0,0],"_humanoidState":8,"_cameraCFrame":[775.527,239.94,43.639,-1,-0.003,0.001,0,0.217,0.976,-0.004,0.976,-0.217],"_shiftlockState":false,"_pose":"Running","_animationQueue":[["walk",0.1]],"_animationSpeed":1.066,"_zoom":16.125},{"_mousePosition":[683,400],"_rootPartCFrame":[775.249,222.7,47.141,0.001,0,1,0,1,0,-1,0,0.001],"_humanoidState":8,"_cameraCFrame":[775.261,239.94,43.638,-1,-0.003,0.001,0,0.217,0.976,-0.004,0.976,-0.217],"_shiftlockState":false,"_pose":"Running","_animationQueue":[],"_animationSpeed":1.066,"_zoom":16.125},{"_mousePosition":[683,400],"_rootPartCFrame":[774.982,222.7,47.14,0.001,0,1,0,1,0,-1,0,0.001],"_humanoidState":8,"_cameraCFrame":[774.994,239.94,43.637,-1,-0.003,0.001,0,0.217,0.976,-0.004,0.976,-0.217],"_shiftlockState":false,"_pose":"Running","_animationQueue":[],"_animationSpeed":1.066,"_zoom":16.125},{"_mousePosition":[683,400],"_rootPartCFrame":[774.715,222.7,47.139,0.001,0,1,0,1,0,-1,0,0.001],"_humanoidState":8,"_cameraCFrame":[774.727,239.94,43.636,-1,-0.003,0.001,0,0.217,0.976,-0.004,0.976,-0.217],"_shiftlockState":false,"_pose":"Running","_animationQueue":[],"_animationSpeed":1.066,"_zoom":16.125},{"_mousePosition":[683,400],"_rootPartCFrame":[774.448,222.7,47.138,0.002,0,1,0,1,0,-1,0,0.002],"_humanoidState":8,"_cameraCFrame":[774.469,239.946,43.666,-1,-0.006,0.001,0,0.215,0.977,-0.006,0.977,-0.215],"_shiftlockState":false,"_pose":"Running","_animationQueue":[["walk",0.1]],"_animationSpeed":1.066,"_zoom":16.125},{"_mousePosition":[683,400],"_rootPartCFrame":[774.182,222.7,47.137,0.002,0,1,0,1,0,-1,0,0.002],"_humanoidState":8,"_cameraCFrame":[774.211,239.946,43.665,-1,-0.008,0.002,0,0.215,0.977,-0.009,0.977,-0.215],"_shiftlockState":false,"_pose":"Running","_animationQueue":[],"_animationSpeed":1.066,"_zoom":16.125},{"_mousePosition":[683,400],"_rootPartCFrame":[773.915,222.7,47.136,0.002,0,1,0,1,0,-1,0,0.002],"_humanoidState":8,"_cameraCFrame":[773.962,239.953,43.694,-1,-0.013,0.003,0,0.213,0.977,-0.014,0.977,-0.213],"_shiftlockState":false,"_pose":"Running","_animationQueue":[],"_animationSpeed":1.066,"_zoom":16.125},{"_mousePosition":[683,400],"_rootPartCFrame":[773.648,222.7,47.133,0.003,0,1,0,1,0,-1,0,0.003],"_humanoidState":8,"_cameraCFrame":[773.704,239.96,43.723,-1,-0.016,0.003,0,0.212,0.977,-0.016,0.977,-0.211],"_shiftlockState":false,"_pose":"Running","_animationQueue":[],"_animationSpeed":1.066,"_zoom":16.125},{"_mousePosition":[683,400],"_rootPartCFrame":[773.382,222.7,47.13,0.005,0,1,0,1,0,-1,0,0.005],"_humanoidState":8,"_cameraCFrame":[773.446,239.96,43.72,-1,-0.018,0.004,0,0.212,0.977,-0.019,0.977,-0.211],"_shiftlockState":false,"_pose":"Running","_animationQueue":[],"_animationSpeed":1.066,"_zoom":16.125},{"_mousePosition":[683,400],"_rootPartCFrame":[773.115,222.7,47.126,0.006,0,1,0,1,0,-1,0,0.006],"_humanoidState":8,"_cameraCFrame":[773.179,239.96,43.715,-1,-0.018,0.004,0,0.212,0.977,-0.019,0.977,-0.211],"_shiftlockState":false,"_pose":"Running","_animationQueue":[],"_animationSpeed":1.066,"_zoom":16.125},{"_mousePosition":[683,400],"_rootPartCFrame":[772.849,222.7,47.121,0.008,0,1,0,1,0,-1,0,0.008],"_humanoidState":8,"_cameraCFrame":[772.912,239.96,43.71,-1,-0.018,0.004,0,0.212,0.977,-0.019,0.977,-0.211],"_shiftlockState":false,"_pose":"Running","_animationQueue":[],"_animationSpeed":1.066,"_zoom":16.125},{"_mousePosition":[683,400],"_rootPartCFrame":[772.582,222.7,47.116,0.009,0,1,0,1,0,-1,0,0.009],"_humanoidState":8,"_cameraCFrame":[772.646,239.96,43.705,-1,-0.018,0.004,0,0.212,0.977,-0.019,0.977,-0.211],"_shiftlockState":false,"_pose":"Running","_animationQueue":[["walk",0.1]],"_animationSpeed":1.066,"_zoom":16.125},{"_mousePosition":[683,400],"_rootPartCFrame":[772.315,222.7,47.111,0.011,0,1,0,1,0,-1,0,0.011],"_humanoidState":8,"_cameraCFrame":[772.379,239.96,43.701,-1,-0.018,0.004,0,0.212,0.977,-0.019,0.977,-0.211],"_shiftlockState":false,"_pose":"Running","_animationQueue":[],"_animationSpeed":1.066,"_zoom":16.125},{"_mousePosition":[683,400],"_rootPartCFrame":[772.049,222.7,47.106,0.012,0,1,0,1,0,-1,0,0.012],"_humanoidState":8,"_cameraCFrame":[772.113,239.96,43.696,-1,-0.018,0.004,0,0.212,0.977,-0.019,0.977,-0.211],"_shiftlockState":false,"_pose":"Running","_animationQueue":[],"_animationSpeed":1.066,"_zoom":16.125},{"_mousePosition":[683,400],"_rootPartCFrame":[771.782,222.7,47.101,0.013,0,1,0,1,0,-1,0,0.013],"_humanoidState":8,"_cameraCFrame":[771.846,239.96,43.691,-1,-0.018,0.004,0,0.212,0.977,-0.019,0.977,-0.211],"_shiftlockState":false,"_pose":"Running","_animationQueue":[],"_animationSpeed":1.066,"_zoom":16.125},{"_mousePosition":[683,400],"_rootPartCFrame":[771.516,222.7,47.096,0.013,0,1,0,1,0,-1,0,0.013],"_humanoidState":8,"_cameraCFrame":[771.579,239.96,43.686,-1,-0.018,0.004,0,0.212,0.977,-0.019,0.977,-0.211],"_shiftlockState":false,"_pose":"Running","_animationQueue":[],"_animationSpeed":1.066,"_zoom":16.125},{"_mousePosition":[683,400],"_rootPartCFrame":[771.249,222.7,47.091,0.014,0,1,0,1,0,-1,0,0.014],"_humanoidState":8,"_cameraCFrame":[771.313,239.96,43.681,-1,-0.018,0.004,0,0.212,0.977,-0.019,0.977,-0.211],"_shiftlockState":false,"_pose":"Running","_animationQueue":[],"_animationSpeed":1.066,"_zoom":16.125},{"_mousePosition":[683,400],"_rootPartCFrame":[770.982,222.7,47.086,0.015,0,1,0,1,0,-1,0,0.015],"_humanoidState":8,"_cameraCFrame":[771.046,239.96,43.676,-1,-0.018,0.004,0,0.212,0.977,-0.019,0.977,-0.211],"_shiftlockState":false,"_pose":"Running","_animationQueue":[["walk",0.1]],"_animationSpeed":1.066,"_zoom":16.125},{"_mousePosition":[683,400],"_rootPartCFrame":[770.716,222.7,47.081,0.015,0,1,0,1,0,-1,0,0.015],"_humanoidState":8,"_cameraCFrame":[769.03,239.96,43.638,-1,-0.018,0.004,0,0.212,0.977,-0.019,0.977,-0.211],"_shiftlockState":true,"_pose":"Running","_animationQueue":[],"_animationSpeed":1.066,"_zoom":16.125},{"_mousePosition":[683,384],"_rootPartCFrame":[770.383,222.7,47.075,-0.997,0,-0.078,0,1,0,0.078,0,-0.997],"_humanoidState":8,"_cameraCFrame":[768.697,239.96,43.632,-1,-0.018,0.004,0,0.212,0.977,-0.019,0.977,-0.211],"_shiftlockState":true,"_pose":"Running","_animationQueue":[],"_animationSpeed":1.066,"_zoom":16.125},{"_mousePosition":[683,384],"_rootPartCFrame":[770.116,222.7,47.07,-1,0,-0.011,0,1,0,0.011,0,-1],"_humanoidState":8,"_cameraCFrame":[768.43,239.96,43.627,-1,-0.018,0.004,0,0.212,0.977,-0.019,0.977,-0.211],"_shiftlockState":true,"_pose":"Running","_animationQueue":[],"_animationSpeed":1.066,"_zoom":16.125},{"_mousePosition":[683,384],"_rootPartCFrame":[769.849,223.563,47.065,-1,0,0.007,0,1,0,-0.007,0,-1],"_humanoidState":3,"_cameraCFrame":[768.163,240.823,43.622,-1,-0.018,0.004,0,0.212,0.977,-0.019,0.977,-0.211],"_shiftlockState":true,"_pose":"Jumping","_animationQueue":[["walk",0.1],["jump",0.1]],"_animationSpeed":1,"_zoom":16.125},{"_mousePosition":[683,384],"_rootPartCFrame":[769.649,224.174,47.061,-0.997,0,0.078,0,1,0,-0.078,0,-0.997],"_humanoidState":5,"_cameraCFrame":[767.964,241.434,43.618,-1,-0.018,0.004,0,0.212,0.977,-0.019,0.977,-0.211],"_shiftlockState":true,"_pose":"FreeFall","_animationQueue":[["jump",0.1]],"_animationSpeed":1,"_zoom":16.125},{"_mousePosition":[683,384],"_rootPartCFrame":[769.383,224.941,47.056,-0.99,0,0.143,0,1,0,-0.143,0,-0.99],"_humanoidState":5,"_cameraCFrame":[767.696,242.208,43.644,-1,-0.018,0.004,0,0.21,0.978,-0.019,0.978,-0.21],"_shiftlockState":true,"_pose":"FreeFall","_animationQueue":[],"_animationSpeed":1,"_zoom":16.125},{"_mousePosition":[683,384],"_rootPartCFrame":[769.05,225.824,47.05,-0.983,0,0.183,0,1,0,-0.183,0,-0.983],"_humanoidState":5,"_cameraCFrame":[767.371,243.098,43.664,-1,-0.021,0.004,0,0.208,0.978,-0.021,0.978,-0.208],"_shiftlockState":true,"_pose":"FreeFall","_animationQueue":[],"_animationSpeed":1,"_zoom":16.125},{"_mousePosition":[683,384],"_rootPartCFrame":[768.783,226.469,47.045,-0.988,0,0.154,0,1,0,-0.154,0,-0.988],"_humanoidState":5,"_cameraCFrame":[767.104,243.749,43.69,-1,-0.021,0.004,0,0.206,0.979,-0.021,0.978,-0.206],"_shiftlockState":true,"_pose":"FreeFall","_animationQueue":[],"_animationSpeed":1,"_zoom":16.125},{"_mousePosition":[683,384],"_rootPartCFrame":[768.516,227.06,47.039,-0.988,0,0.154,0,1,0,-0.154,0,-0.988],"_humanoidState":5,"_cameraCFrame":[766.837,244.339,43.684,-1,-0.021,0.004,0,0.206,0.979,-0.021,0.978,-0.206],"_shiftlockState":true,"_pose":"FreeFall","_animationQueue":[],"_animationSpeed":1,"_zoom":16.125},{"_mousePosition":[683,384],"_rootPartCFrame":[768.316,227.467,47.035,-0.993,0,0.121,0,1,0,-0.121,0,-0.993],"_humanoidState":5,"_cameraCFrame":[766.637,244.746,43.68,-1,-0.021,0.004,0,0.206,0.979,-0.021,0.978,-0.206],"_shiftlockState":true,"_pose":"FreeFall","_animationQueue":[],"_animationSpeed":1,"_zoom":16.125},{"_mousePosition":[683,384],"_rootPartCFrame":[768.05,227.962,47.029,-0.988,0,0.154,0,1,0,-0.154,0,-0.988],"_humanoidState":5,"_cameraCFrame":[766.369,245.254,43.736,-1,-0.021,0.004,0,0.202,0.979,-0.021,0.979,-0.202],"_shiftlockState":true,"_pose":"FreeFall","_animationQueue":[],"_animationSpeed":1,"_zoom":16.125},{"_mousePosition":[683,384],"_rootPartCFrame":[767.783,228.402,47.024,-0.988,0,0.154,0,1,0,-0.154,0,-0.988],"_humanoidState":5,"_cameraCFrame":[766.102,245.701,43.761,-1,-0.021,0.004,0,0.2,0.98,-0.021,0.98,-0.2],"_shiftlockState":true,"_pose":"FreeFall","_animationQueue":[],"_animationSpeed":1,"_zoom":16.125},{"_mousePosition":[683,384],"_rootPartCFrame":[767.45,228.876,47.016,-0.982,0,0.187,0,1,0,-0.187,0,-0.982],"_humanoidState":5,"_cameraCFrame":[765.768,246.181,43.785,-1,-0.021,0.004,0,0.198,0.98,-0.021,0.98,-0.198],"_shiftlockState":true,"_pose":"FreeFall","_animationQueue":[],"_animationSpeed":1,"_zoom":16.125},{"_mousePosition":[683,384],"_rootPartCFrame":[767.183,229.194,47.011,-0.988,0,0.154,0,1,0,-0.154,0,-0.988],"_humanoidState":5,"_cameraCFrame":[765.501,246.505,43.81,-1,-0.021,0.004,0,0.196,0.981,-0.021,0.98,-0.196],"_shiftlockState":true,"_pose":"FreeFall","_animationQueue":[],"_animationSpeed":1,"_zoom":16.125},{"_mousePosition":[683,384],"_rootPartCFrame":[766.917,229.457,47.005,-0.988,0,0.154,0,1,0,-0.154,0,-0.988],"_humanoidState":5,"_cameraCFrame":[765.234,246.775,43.835,-1,-0.021,0.004,0,0.194,0.981,-0.021,0.981,-0.194],"_shiftlockState":true,"_pose":"FreeFall","_animationQueue":[],"_animationSpeed":1,"_zoom":16.125},{"_mousePosition":[683,384],"_rootPartCFrame":[766.65,229.666,47,-0.988,0,0.154,0,1,0,-0.154,0,-0.988],"_humanoidState":5,"_cameraCFrame":[764.966,246.99,43.86,-1,-0.021,0.004,0,0.192,0.981,-0.021,0.981,-0.192],"_shiftlockState":true,"_pose":"FreeFall","_animationQueue":[],"_animationSpeed":1,"_zoom":16.125},{"_mousePosition":[683,384],"_rootPartCFrame":[766.384,229.821,46.994,-0.988,0,0.154,0,1,0,-0.154,0,-0.988],"_humanoidState":5,"_cameraCFrame":[764.7,247.144,43.854,-1,-0.021,0.004,0,0.192,0.981,-0.021,0.981,-0.192],"_shiftlockState":true,"_pose":"FreeFall","_animationQueue":[],"_animationSpeed":1,"_zoom":16.125},{"_mousePosition":[683,384],"_rootPartCFrame":[766.184,229.901,46.99,-0.993,0,0.121,0,1,0,-0.121,0,-0.993],"_humanoidState":5,"_cameraCFrame":[764.5,247.224,43.85,-1,-0.021,0.004,0,0.192,0.981,-0.021,0.981,-0.192],"_shiftlockState":true,"_pose":"FreeFall","_animationQueue":[],"_animationSpeed":1,"_zoom":16.125},{"_mousePosition":[683,384],"_rootPartCFrame":[765.917,229.96,46.984,-0.988,0,0.154,0,1,0,-0.154,0,-0.988],"_humanoidState":5,"_cameraCFrame":[764.233,247.283,43.844,-1,-0.021,0.004,0,0.192,0.981,-0.021,0.981,-0.192],"_shiftlockState":true,"_pose":"FreeFall","_animationQueue":[["fall",0.3]],"_animationSpeed":1,"_zoom":16.125},{"_mousePosition":[683,384],"_rootPartCFrame":[765.65,229.964,46.978,-0.988,0,0.154,0,1,0,-0.154,0,-0.988],"_humanoidState":5,"_cameraCFrame":[763.967,247.288,43.839,-1,-0.021,0.004,0,0.192,0.981,-0.021,0.981,-0.192],"_shiftlockState":true,"_pose":"FreeFall","_animationQueue":[],"_animationSpeed":1,"_zoom":16.125},{"_mousePosition":[683,384],"_rootPartCFrame":[765.384,229.914,46.973,-0.988,0,0.154,0,1,0,-0.154,0,-0.988],"_humanoidState":5,"_cameraCFrame":[763.7,247.238,43.833,-1,-0.021,0.004,0,0.192,0.981,-0.021,0.981,-0.192],"_shiftlockState":true,"_pose":"FreeFall","_animationQueue":[],"_animationSpeed":1,"_zoom":16.125},{"_mousePosition":[683,384],"_rootPartCFrame":[765.117,229.81,46.967,-0.988,0,0.154,0,1,0,-0.154,0,-0.988],"_humanoidState":5,"_cameraCFrame":[763.433,247.139,43.858,-1,-0.021,0.004,0,0.191,0.982,-0.021,0.981,-0.19],"_shiftlockState":true,"_pose":"FreeFall","_animationQueue":[],"_animationSpeed":1,"_zoom":16.125},{"_mousePosition":[683,384],"_rootPartCFrame":[764.784,229.603,46.96,-0.982,0,0.187,0,1,0,-0.187,0,-0.982],"_humanoidState":5,"_cameraCFrame":[763.099,246.938,43.882,-1,-0.021,0.004,0,0.189,0.982,-0.021,0.982,-0.189],"_shiftlockState":true,"_pose":"FreeFall","_animationQueue":[],"_animationSpeed":1,"_zoom":16.125},{"_mousePosition":[683,384],"_rootPartCFrame":[764.517,229.375,46.954,-0.988,0,0.154,0,1,0,-0.154,0,-0.988],"_humanoidState":5,"_cameraCFrame":[762.825,246.711,43.881,-1,-0.018,0.004,0,0.189,0.982,-0.019,0.982,-0.189],"_shiftlockState":true,"_pose":"FreeFall","_animationQueue":[],"_animationSpeed":1,"_zoom":16.125},{"_mousePosition":[683,384],"_rootPartCFrame":[764.317,229.169,46.95,-0.993,0,0.118,0,1,0,-0.118,0,-0.993],"_humanoidState":5,"_cameraCFrame":[762.624,246.511,43.907,-1,-0.018,0.003,0,0.187,0.982,-0.019,0.982,-0.187],"_shiftlockState":true,"_pose":"FreeFall","_animationQueue":[],"_animationSpeed":1,"_zoom":16.125},{"_mousePosition":[683,384],"_rootPartCFrame":[763.984,228.758,46.944,-0.983,0,0.184,0,1,0,-0.184,0,-0.983],"_humanoidState":5,"_cameraCFrame":[762.283,246.105,43.936,-1,-0.016,0.003,0,0.185,0.983,-0.016,0.983,-0.185],"_shiftlockState":true,"_pose":"FreeFall","_animationQueue":[["fall",0.3]],"_animationSpeed":1,"_zoom":16.125},{"_mousePosition":[683,384],"_rootPartCFrame":[763.718,228.367,46.939,-0.989,0,0.149,0,1,0,-0.149,0,-0.989],"_humanoidState":5,"_cameraCFrame":[762.016,245.714,43.931,-1,-0.016,0.003,0,0.185,0.983,-0.016,0.983,-0.185],"_shiftlockState":true,"_pose":"FreeFall","_animationQueue":[],"_animationSpeed":1,"_zoom":16.125},{"_mousePosition":[683,384],"_rootPartCFrame":[763.518,228.038,46.935,-0.993,0,0.116,0,1,0,-0.116,0,-0.993],"_humanoidState":5,"_cameraCFrame":[761.816,245.386,43.928,-1,-0.016,0.003,0,0.185,0.983,-0.016,0.983,-0.185],"_shiftlockState":true,"_pose":"FreeFall","_animationQueue":[],"_animationSpeed":1,"_zoom":16.125},{"_mousePosition":[683,384],"_rootPartCFrame":[763.251,227.552,46.931,-0.989,0,0.149,0,1,0,-0.149,0,-0.989],"_humanoidState":5,"_cameraCFrame":[761.549,244.906,43.954,-1,-0.016,0.003,0,0.183,0.983,-0.016,0.983,-0.183],"_shiftlockState":true,"_pose":"FreeFall","_animationQueue":[],"_animationSpeed":1,"_zoom":16.125},{"_mousePosition":[683,384],"_rootPartCFrame":[762.984,227.012,46.927,-0.989,0,0.149,0,1,0,-0.149,0,-0.989],"_humanoidState":5,"_cameraCFrame":[761.275,244.365,43.954,-1,-0.013,0.002,0,0.183,0.983,-0.014,0.983,-0.183],"_shiftlockState":true,"_pose":"FreeFall","_animationQueue":[],"_animationSpeed":1,"_zoom":16.125},{"_mousePosition":[683,384],"_rootPartCFrame":[762.718,226.417,46.922,-0.989,0,0.146,0,1,0,-0.146,0,-0.989],"_humanoidState":5,"_cameraCFrame":[761.008,243.776,43.981,-1,-0.013,0.002,0,0.181,0.983,-0.014,0.983,-0.181],"_shiftlockState":true,"_pose":"FreeFall","_animationQueue":[],"_animationSpeed":1,"_zoom":16.125},{"_mousePosition":[683,384],"_rootPartCFrame":[762.385,225.597,46.918,-0.984,0,0.179,0,1,0,-0.179,0,-0.984],"_humanoidState":5,"_cameraCFrame":[760.674,242.955,43.976,-1,-0.013,0.002,0,0.181,0.983,-0.014,0.983,-0.181],"_shiftlockState":true,"_pose":"FreeFall","_animationQueue":[["fall",0.3]],"_animationSpeed":1,"_zoom":16.125},{"_mousePosition":[683,384],"_rootPartCFrame":[762.185,225.064,46.915,-0.994,0,0.113,0,1,0,-0.113,0,-0.994],"_humanoidState":5,"_cameraCFrame":[760.474,242.428,44.004,-1,-0.013,0.002,0,0.179,0.984,-0.014,0.984,-0.179],"_shiftlockState":true,"_pose":"FreeFall","_animationQueue":[],"_animationSpeed":1,"_zoom":16.125},{"_mousePosition":[683,384],"_rootPartCFrame":[761.918,224.305,46.911,-0.989,0,0.146,0,1,0,-0.146,0,-0.989],"_humanoidState":5,"_cameraCFrame":[760.2,241.675,44.036,-1,-0.011,0.002,0,0.177,0.984,-0.011,0.984,-0.177],"_shiftlockState":true,"_pose":"FreeFall","_animationQueue":[],"_animationSpeed":1,"_zoom":16.125},{"_mousePosition":[683,384],"_rootPartCFrame":[761.585,223.28,46.907,-0.984,0,0.177,0,1,0,-0.177,0,-0.984],"_humanoidState":5,"_cameraCFrame":[759.867,240.65,44.032,-1,-0.011,0.002,0,0.177,0.984,-0.011,0.984,-0.177],"_shiftlockState":true,"_pose":"FreeFall","_animationQueue":[],"_animationSpeed":1,"_zoom":16.125},{"_mousePosition":[683,384],"_rootPartCFrame":[761.318,222.508,46.904,-0.999,0,0.045,0,1,0,-0.045,0,-0.999],"_humanoidState":7,"_cameraCFrame":[759.6,239.878,44.028,-1,-0.011,0.002,0,0.177,0.984,-0.011,0.984,-0.177],"_shiftlockState":true,"_pose":"FreeFall","_animationQueue":[["walk",0.1],["fall",0.3],["fall",0.3]],"_animationSpeed":1,"_zoom":16.125},{"_mousePosition":[683,384],"_rootPartCFrame":[761.118,222.444,46.902,-1,0,0.013,0,1,0,-0.013,0,-1],"_humanoidState":7,"_cameraCFrame":[759.4,239.82,44.057,-1,-0.011,0.002,0,0.175,0.985,-0.011,0.984,-0.175],"_shiftlockState":true,"_pose":"FreeFall","_animationQueue":[],"_animationSpeed":1,"_zoom":16.125},{"_mousePosition":[683,384],"_rootPartCFrame":[760.852,222.527,46.899,-1,0,0.011,0,1,0,-0.011,0,-1],"_humanoidState":7,"_cameraCFrame":[759.133,239.902,44.054,-1,-0.011,0.002,0,0.175,0.985,-0.011,0.984,-0.175],"_shiftlockState":true,"_pose":"FreeFall","_animationQueue":[],"_animationSpeed":1,"_zoom":16.125},{"_mousePosition":[683,384],"_rootPartCFrame":[760.518,222.614,46.895,-1,0,0.011,0,1,0,-0.011,0,-1],"_humanoidState":8,"_cameraCFrame":[758.8,239.99,44.05,-1,-0.011,0.002,0,0.175,0.985,-0.011,0.984,-0.175],"_shiftlockState":true,"_pose":"Running","_animationQueue":[["fall",0.3],["walk",0.1],["fall",0.3],["walk",0.1]],"_animationSpeed":1.103,"_zoom":16.125},{"_mousePosition":[683,384],"_rootPartCFrame":[760.252,222.653,46.892,-1,0,0.011,0,1,0,-0.011,0,-1],"_humanoidState":8,"_cameraCFrame":[758.526,240.029,44.052,-1,-0.008,0.002,0,0.175,0.985,-0.009,0.984,-0.175],"_shiftlockState":true,"_pose":"Running","_animationQueue":[],"_animationSpeed":1.103,"_zoom":16.125},{"_mousePosition":[683,384],"_rootPartCFrame":[759.918,222.678,46.888,-1,0,0.009,0,1,0,-0.009,0,-1],"_humanoidState":8,"_cameraCFrame":[758.193,240.059,44.073,-1,-0.008,0.001,0,0.174,0.985,-0.009,0.985,-0.174],"_shiftlockState":true,"_pose":"Running","_animationQueue":[],"_animationSpeed":1.103,"_zoom":16.125},{"_mousePosition":[683,384],"_rootPartCFrame":[759.652,222.688,46.886,-1,0,0.009,0,1,0,-0.009,0,-1],"_humanoidState":8,"_cameraCFrame":[757.926,240.068,44.071,-1,-0.008,0.001,0,0.174,0.985,-0.009,0.985,-0.174],"_shiftlockState":true,"_pose":"Running","_animationQueue":[],"_animationSpeed":1.103,"_zoom":16.125},{"_mousePosition":[683,384],"_rootPartCFrame":[759.452,222.692,46.884,-1,0,0.009,0,1,0,-0.009,0,-1],"_humanoidState":8,"_cameraCFrame":[757.726,240.072,44.069,-1,-0.008,0.001,0,0.174,0.985,-0.009,0.985,-0.174],"_shiftlockState":true,"_pose":"Running","_animationQueue":[],"_animationSpeed":1.103,"_zoom":16.125},{"_mousePosition":[683,384],"_rootPartCFrame":[759.185,222.696,46.882,-1,0,0.009,0,1,0,-0.009,0,-1],"_humanoidState":8,"_cameraCFrame":[757.459,240.076,44.067,-1,-0.008,0.001,0,0.174,0.985,-0.009,0.985,-0.174],"_shiftlockState":true,"_pose":"Running","_animationQueue":[],"_animationSpeed":1.103,"_zoom":16.125},{"_mousePosition":[683,384],"_rootPartCFrame":[758.852,222.698,46.879,-1,0,0.009,0,1,0,-0.009,0,-1],"_humanoidState":8,"_cameraCFrame":[757.126,240.078,44.064,-1,-0.008,0.001,0,0.174,0.985,-0.009,0.985,-0.174],"_shiftlockState":true,"_pose":"Running","_animationQueue":[["walk",0.1]],"_animationSpeed":1.103,"_zoom":16.125},{"_mousePosition":[683,384],"_rootPartCFrame":[758.652,222.699,46.877,-1,0,0.009,0,1,0,-0.009,0,-1],"_humanoidState":8,"_cameraCFrame":[756.926,240.079,44.062,-1,-0.008,0.001,0,0.174,0.985,-0.009,0.985,-0.174],"_shiftlockState":true,"_pose":"Running","_animationQueue":[],"_animationSpeed":1.103,"_zoom":16.125},{"_mousePosition":[683,384],"_rootPartCFrame":[758.319,222.699,46.874,-1,0,0.009,0,1,0,-0.009,0,-1],"_humanoidState":8,"_cameraCFrame":[756.593,240.079,44.059,-1,-0.008,0.001,0,0.174,0.985,-0.009,0.985,-0.174],"_shiftlockState":true,"_pose":"Running","_animationQueue":[],"_animationSpeed":1.103,"_zoom":16.125},{"_mousePosition":[683,384],"_rootPartCFrame":[758.052,222.699,46.872,-1,0,0.009,0,1,0,-0.009,0,-1],"_humanoidState":8,"_cameraCFrame":[756.326,240.079,44.057,-1,-0.008,0.001,0,0.174,0.985,-0.009,0.985,-0.174],"_shiftlockState":true,"_pose":"Running","_animationQueue":[],"_animationSpeed":1.103,"_zoom":16.125},{"_mousePosition":[683,384],"_rootPartCFrame":[757.852,222.699,46.87,-1,0,0.009,0,1,0,-0.009,0,-1],"_humanoidState":8,"_cameraCFrame":[756.126,240.079,44.055,-1,-0.008,0.001,0,0.174,0.985,-0.009,0.985,-0.174],"_shiftlockState":true,"_pose":"Running","_animationQueue":[],"_animationSpeed":1.103,"_zoom":16.125},{"_mousePosition":[683,384],"_rootPartCFrame":[757.519,222.7,46.868,-1,0,0.009,0,1,0,-0.009,0,-1],"_humanoidState":8,"_cameraCFrame":[755.793,240.08,44.053,-1,-0.008,0.001,0,0.174,0.985,-0.009,0.985,-0.174],"_shiftlockState":true,"_pose":"Running","_animationQueue":[],"_animationSpeed":1.103,"_zoom":16.125},{"_mousePosition":[683,384],"_rootPartCFrame":[757.252,222.7,46.865,-1,0,0.009,0,1,0,-0.009,0,-1],"_humanoidState":8,"_cameraCFrame":[755.526,240.08,44.05,-1,-0.008,0.001,0,0.174,0.985,-0.009,0.985,-0.174],"_shiftlockState":true,"_pose":"Running","_animationQueue":[],"_animationSpeed":1.103,"_zoom":16.125},{"_mousePosition":[683,384],"_rootPartCFrame":[757.052,222.7,46.864,-1,0,0.009,0,1,0,-0.009,0,-1],"_humanoidState":8,"_cameraCFrame":[755.327,240.08,44.049,-1,-0.008,0.001,0,0.174,0.985,-0.009,0.985,-0.174],"_shiftlockState":true,"_pose":"Running","_animationQueue":[["walk",0.1]],"_animationSpeed":1.103,"_zoom":16.125},{"_mousePosition":[683,384],"_rootPartCFrame":[756.719,222.7,46.861,-1,0,0.009,0,1,0,-0.009,0,-1],"_humanoidState":8,"_cameraCFrame":[756.743,240.08,44.061,-1,-0.008,0.001,0,0.174,0.985,-0.009,0.985,-0.174],"_shiftlockState":false,"_pose":"Running","_animationQueue":[],"_animationSpeed":1.103,"_zoom":16.125},{"_mousePosition":[683,384],"_rootPartCFrame":[756.453,222.666,46.858,-1,0,0.009,0,1,0,-0.009,0,-1],"_humanoidState":8,"_cameraCFrame":[756.477,240.046,44.058,-1,-0.008,0.001,0,0.174,0.985,-0.009,0.985,-0.174],"_shiftlockState":false,"_pose":"Running","_animationQueue":[],"_animationSpeed":1.103,"_zoom":16.125},{"_mousePosition":[683,384],"_rootPartCFrame":[756.253,222.604,46.857,-1,0,0.009,0,1,0,-0.009,0,-1],"_humanoidState":8,"_cameraCFrame":[756.277,239.984,44.057,-1,-0.008,0.001,0,0.174,0.985,-0.009,0.985,-0.174],"_shiftlockState":false,"_pose":"Running","_animationQueue":[],"_animationSpeed":1.103,"_zoom":16.125},{"_mousePosition":[683,384],"_rootPartCFrame":[755.986,222.475,46.854,-1,0,0.009,0,1,0,-0.009,0,-1],"_humanoidState":8,"_cameraCFrame":[756.01,239.855,44.054,-1,-0.008,0.001,0,0.174,0.985,-0.009,0.985,-0.174],"_shiftlockState":false,"_pose":"Running","_animationQueue":[],"_animationSpeed":1.103,"_zoom":16.125},{"_mousePosition":[683,384],"_rootPartCFrame":[755.653,223.545,46.852,-1,0,0.009,0,1,0,-0.009,0,-1],"_humanoidState":3,"_cameraCFrame":[755.677,240.925,44.052,-1,-0.008,0.001,0,0.174,0.985,-0.009,0.985,-0.174],"_shiftlockState":false,"_pose":"Jumping","_animationQueue":[["walk",0.1],["jump",0.1]],"_animationSpeed":1,"_zoom":16.125},{"_mousePosition":[683,384],"_rootPartCFrame":[755.453,224.146,46.85,-0.997,0,0.071,0,1,0,-0.071,0,-0.997],"_humanoidState":5,"_cameraCFrame":[755.477,241.526,44.05,-1,-0.008,0.001,0,0.174,0.985,-0.009,0.985,-0.174],"_shiftlockState":false,"_pose":"FreeFall","_animationQueue":[["jump",0.1]],"_animationSpeed":1,"_zoom":16.125},{"_mousePosition":[683,384],"_rootPartCFrame":[755.12,225.08,46.847,-0.974,0,0.227,0,1,0,-0.227,0,-0.974],"_humanoidState":5,"_cameraCFrame":[755.144,242.46,44.047,-1,-0.008,0.001,0,0.174,0.985,-0.009,0.985,-0.174],"_shiftlockState":false,"_pose":"FreeFall","_animationQueue":[],"_animationSpeed":1,"_zoom":16.125},{"_mousePosition":[683,384],"_rootPartCFrame":[754.853,225.766,46.845,-0.935,0,0.354,0,1,0,-0.354,0,-0.935],"_humanoidState":5,"_cameraCFrame":[754.877,243.146,44.045,-1,-0.008,0.001,0,0.174,0.985,-0.009,0.985,-0.174],"_shiftlockState":false,"_pose":"FreeFall","_animationQueue":[],"_animationSpeed":1,"_zoom":16.125},{"_mousePosition":[683,384],"_rootPartCFrame":[754.653,226.244,46.843,-0.895,0,0.445,0,1,0,-0.445,0,-0.895],"_humanoidState":5,"_cameraCFrame":[754.677,243.624,44.043,-1,-0.008,0.001,0,0.174,0.985,-0.009,0.985,-0.174],"_shiftlockState":false,"_pose":"FreeFall","_animationQueue":[],"_animationSpeed":1,"_zoom":16.125},{"_mousePosition":[683,384],"_rootPartCFrame":[754.386,226.835,46.841,-0.828,0,0.56,0,1,0,-0.56,0,-0.828],"_humanoidState":5,"_cameraCFrame":[754.41,244.215,44.041,-1,-0.008,0.001,0,0.174,0.985,-0.009,0.985,-0.174],"_shiftlockState":false,"_pose":"FreeFall","_animationQueue":[],"_animationSpeed":1,"_zoom":16.125},{"_mousePosition":[683,384],"_rootPartCFrame":[754.12,227.371,46.838,-0.747,0,0.664,0,1,0,-0.664,0,-0.747],"_humanoidState":5,"_cameraCFrame":[754.144,244.751,44.038,-1,-0.008,0.001,0,0.174,0.985,-0.009,0.985,-0.174],"_shiftlockState":false,"_pose":"FreeFall","_animationQueue":[],"_animationSpeed":1,"_zoom":16.125},{"_mousePosition":[683,384],"_rootPartCFrame":[753.787,227.964,46.835,-0.641,0,0.767,0,1,0,-0.767,0,-0.641],"_humanoidState":5,"_cameraCFrame":[753.811,245.344,44.036,-1,-0.008,0.001,0,0.174,0.985,-0.009,0.985,-0.174],"_shiftlockState":false,"_pose":"FreeFall","_animationQueue":[],"_animationSpeed":1,"_zoom":16.125},{"_mousePosition":[683,384],"_rootPartCFrame":[753.587,228.279,46.834,-0.581,0,0.814,0,1,0,-0.814,0,-0.581],"_humanoidState":5,"_cameraCFrame":[753.611,245.659,44.034,-1,-0.008,0.001,0,0.174,0.985,-0.009,0.985,-0.174],"_shiftlockState":false,"_pose":"FreeFall","_animationQueue":[],"_animationSpeed":1,"_zoom":16.125},{"_mousePosition":[683,384],"_rootPartCFrame":[753.253,228.736,46.831,-0.489,0,0.872,0,1,0,-0.872,0,-0.489],"_humanoidState":5,"_cameraCFrame":[753.277,246.116,44.031,-1,-0.008,0.001,0,0.174,0.985,-0.009,0.985,-0.174],"_shiftlockState":false,"_pose":"FreeFall","_animationQueue":[],"_animationSpeed":1,"_zoom":16.125},{"_mousePosition":[683,384],"_rootPartCFrame":[753.053,228.969,46.829,-0.439,0,0.899,0,1,0,-0.899,0,-0.439],"_humanoidState":5,"_cameraCFrame":[753.077,246.349,44.029,-1,-0.008,0.001,0,0.174,0.985,-0.009,0.985,-0.174],"_shiftlockState":false,"_pose":"FreeFall","_animationQueue":[],"_animationSpeed":1,"_zoom":16.125},{"_mousePosition":[683,384],"_rootPartCFrame":[752.787,229.233,46.827,-0.38,0,0.925,0,1,0,-0.925,0,-0.38],"_humanoidState":5,"_cameraCFrame":[752.811,246.613,44.027,-1,-0.008,0.001,0,0.174,0.985,-0.009,0.985,-0.174],"_shiftlockState":false,"_pose":"FreeFall","_animationQueue":[],"_animationSpeed":1,"_zoom":16.125},{"_mousePosition":[683,384],"_rootPartCFrame":[752.454,229.485,46.824,-0.314,0,0.949,0,1,0,-0.949,0,-0.314],"_humanoidState":5,"_cameraCFrame":[752.478,246.865,44.024,-1,-0.008,0.001,0,0.174,0.985,-0.009,0.985,-0.174],"_shiftlockState":false,"_pose":"FreeFall","_animationQueue":[],"_animationSpeed":1,"_zoom":16.125},{"_mousePosition":[683,384],"_rootPartCFrame":[752.254,229.596,46.822,-0.28,0,0.96,0,1,0,-0.96,0,-0.28],"_humanoidState":5,"_cameraCFrame":[752.278,246.976,44.022,-1,-0.008,0.001,0,0.174,0.985,-0.009,0.985,-0.174],"_shiftlockState":false,"_pose":"FreeFall","_animationQueue":[],"_animationSpeed":1,"_zoom":16.125},{"_mousePosition":[683,384],"_rootPartCFrame":[751.987,229.696,46.82,-0.241,0,0.971,0,1,0,-0.971,0,-0.241],"_humanoidState":5,"_cameraCFrame":[752.011,247.076,44.02,-1,-0.008,0.001,0,0.174,0.985,-0.009,0.985,-0.174],"_shiftlockState":false,"_pose":"FreeFall","_animationQueue":[],"_animationSpeed":1,"_zoom":16.125},{"_mousePosition":[683,384],"_rootPartCFrame":[751.72,229.741,46.818,-0.206,0,0.979,0,1,0,-0.979,0,-0.206],"_humanoidState":5,"_cameraCFrame":[751.744,247.121,44.018,-1,-0.008,0.001,0,0.174,0.985,-0.009,0.985,-0.174],"_shiftlockState":false,"_pose":"FreeFall","_animationQueue":[],"_animationSpeed":1,"_zoom":16.125},{"_mousePosition":[683,384],"_rootPartCFrame":[751.454,229.732,46.815,-0.176,0,0.984,0,1,0,-0.984,0,-0.176],"_humanoidState":5,"_cameraCFrame":[751.478,247.112,44.015,-1,-0.008,0.001,0,0.174,0.985,-0.009,0.985,-0.174],"_shiftlockState":false,"_pose":"FreeFall","_animationQueue":[],"_animationSpeed":1,"_zoom":16.125},{"_mousePosition":[683,384],"_rootPartCFrame":[751.187,229.668,46.813,-0.15,0,0.989,0,1,0,-0.989,0,-0.15],"_humanoidState":5,"_cameraCFrame":[751.211,247.048,44.013,-1,-0.008,0.001,0,0.174,0.985,-0.009,0.985,-0.174],"_shiftlockState":false,"_pose":"FreeFall","_animationQueue":[],"_animationSpeed":1,"_zoom":16.125},{"_mousePosition":[683,384],"_rootPartCFrame":[750.921,229.55,46.811,-0.128,0,0.992,0,1,0,-0.992,0,-0.128],"_humanoidState":5,"_cameraCFrame":[750.945,246.93,44.011,-1,-0.008,0.001,0,0.174,0.985,-0.009,0.985,-0.174],"_shiftlockState":false,"_pose":"FreeFall","_animationQueue":[],"_animationSpeed":1,"_zoom":16.125},{"_mousePosition":[683,384],"_rootPartCFrame":[750.654,229.378,46.809,-0.109,0,0.994,0,1,0,-0.994,0,-0.109],"_humanoidState":5,"_cameraCFrame":[750.678,246.758,44.009,-1,-0.008,0.001,0,0.174,0.985,-0.009,0.985,-0.174],"_shiftlockState":false,"_pose":"FreeFall","_animationQueue":[],"_animationSpeed":1,"_zoom":16.125},{"_mousePosition":[683,384],"_rootPartCFrame":[750.387,229.151,46.806,-0.092,0,0.996,0,1,0,-0.996,0,-0.092],"_humanoidState":5,"_cameraCFrame":[750.411,246.531,44.006,-1,-0.008,0.001,0,0.174,0.985,-0.009,0.985,-0.174],"_shiftlockState":false,"_pose":"FreeFall","_animationQueue":[],"_animationSpeed":1,"_zoom":16.125},{"_mousePosition":[683,384],"_rootPartCFrame":[750.054,228.79,46.803,-0.075,0,0.997,0,1,0,-0.997,0,-0.075],"_humanoidState":5,"_cameraCFrame":[748.328,246.17,43.988,-1,-0.008,0.001,0,0.174,0.985,-0.009,0.985,-0.174],"_shiftlockState":true,"_pose":"FreeFall","_animationQueue":[["fall",0.3]],"_animationSpeed":1,"_zoom":16.125},{"_mousePosition":[683,384],"_rootPartCFrame":[749.788,228.44,46.801,-0.995,0,0.105,0,1,0,-0.105,0,-0.995],"_humanoidState":5,"_cameraCFrame":[748.062,245.82,43.986,-1,-0.008,0.001,0,0.174,0.985,-0.009,0.985,-0.174],"_shiftlockState":true,"_pose":"FreeFall","_animationQueue":[],"_animationSpeed":1,"_zoom":16.125},{"_mousePosition":[683,384],"_rootPartCFrame":[749.588,228.142,46.799,-0.995,0,0.104,0,1,0,-0.104,0,-0.995],"_humanoidState":5,"_cameraCFrame":[747.862,245.522,43.984,-1,-0.008,0.001,0,0.174,0.985,-0.009,0.985,-0.174],"_shiftlockState":true,"_pose":"FreeFall","_animationQueue":[],"_animationSpeed":1,"_zoom":16.125},{"_mousePosition":[683,384],"_rootPartCFrame":[749.254,227.577,46.797,-0.985,0,0.173,0,1,0,-0.173,0,-0.985],"_humanoidState":5,"_cameraCFrame":[747.528,244.957,43.982,-1,-0.008,0.001,0,0.174,0.985,-0.009,0.985,-0.174],"_shiftlockState":true,"_pose":"FreeFall","_animationQueue":[],"_animationSpeed":1,"_zoom":16.125},{"_mousePosition":[683,384],"_rootPartCFrame":[749.054,227.198,46.795,-0.994,0,0.108,0,1,0,-0.108,0,-0.994],"_humanoidState":5,"_cameraCFrame":[747.328,244.578,43.98,-1,-0.008,0.001,0,0.174,0.985,-0.009,0.985,-0.174],"_shiftlockState":true,"_pose":"FreeFall","_animationQueue":[],"_animationSpeed":1,"_zoom":16.125},{"_mousePosition":[683,384],"_rootPartCFrame":[748.788,226.644,46.793,-0.99,0,0.141,0,1,0,-0.141,0,-0.99],"_humanoidState":5,"_cameraCFrame":[747.062,244.024,43.978,-1,-0.008,0.001,0,0.174,0.985,-0.009,0.985,-0.174],"_shiftlockState":true,"_pose":"FreeFall","_animationQueue":[],"_animationSpeed":1,"_zoom":16.125},{"_mousePosition":[683,384],"_rootPartCFrame":[748.455,225.874,46.79,-0.985,0,0.174,0,1,0,-0.174,0,-0.985],"_humanoidState":5,"_cameraCFrame":[746.729,243.254,43.975,-1,-0.008,0.001,0,0.174,0.985,-0.009,0.985,-0.174],"_shiftlockState":true,"_pose":"FreeFall","_animationQueue":[["fall",0.3]],"_animationSpeed":1,"_zoom":16.125},{"_mousePosition":[683,384],"_rootPartCFrame":[748.255,225.372,46.788,-0.994,0,0.108,0,1,0,-0.108,0,-0.994],"_humanoidState":5,"_cameraCFrame":[746.529,242.752,43.973,-1,-0.008,0.001,0,0.174,0.985,-0.009,0.985,-0.174],"_shiftlockState":true,"_pose":"FreeFall","_animationQueue":[],"_animationSpeed":1,"_zoom":16.125},{"_mousePosition":[683,384],"_rootPartCFrame":[747.988,224.654,46.786,-0.99,0,0.141,0,1,0,-0.141,0,-0.99],"_humanoidState":5,"_cameraCFrame":[746.262,242.034,43.971,-1,-0.008,0.001,0,0.174,0.985,-0.009,0.985,-0.174],"_shiftlockState":true,"_pose":"FreeFall","_animationQueue":[],"_animationSpeed":1,"_zoom":16.125},{"_mousePosition":[683,384],"_rootPartCFrame":[747.655,223.681,46.783,-0.985,0,0.174,0,1,0,-0.174,0,-0.985],"_humanoidState":5,"_cameraCFrame":[745.929,241.061,43.968,-1,-0.008,0.001,0,0.174,0.985,-0.009,0.985,-0.174],"_shiftlockState":true,"_pose":"FreeFall","_animationQueue":[],"_animationSpeed":1,"_zoom":16.125},{"_mousePosition":[683,384],"_rootPartCFrame":[747.388,222.84,46.781,-0.99,0,0.141,0,1,0,-0.141,0,-0.99],"_humanoidState":5,"_cameraCFrame":[745.662,240.22,43.966,-1,-0.008,0.001,0,0.174,0.985,-0.009,0.985,-0.174],"_shiftlockState":true,"_pose":"FreeFall","_animationQueue":[],"_animationSpeed":1,"_zoom":16.125},{"_mousePosition":[683,384],"_rootPartCFrame":[747.188,222.174,46.779,-0.994,0,0.108,0,1,0,-0.108,0,-0.994],"_humanoidState":5,"_cameraCFrame":[745.462,239.554,43.964,-1,-0.008,0.001,0,0.174,0.985,-0.009,0.985,-0.174],"_shiftlockState":true,"_pose":"FreeFall","_animationQueue":[],"_animationSpeed":1,"_zoom":16.125},{"_mousePosition":[683,384],"_rootPartCFrame":[746.855,222.182,46.776,-0.999,0,0.052,0,1,0,-0.052,0,-0.999],"_humanoidState":7,"_cameraCFrame":[745.129,239.562,43.961,-1,-0.008,0.001,0,0.174,0.985,-0.009,0.985,-0.174],"_shiftlockState":true,"_pose":"FreeFall","_animationQueue":[["walk",0.1],["fall",0.3],["fall",0.3]],"_animationSpeed":1,"_zoom":16.125},{"_mousePosition":[683,384],"_rootPartCFrame":[746.655,222.343,46.774,-1,0,0.011,0,1,0,-0.011,0,-1],"_humanoidState":7,"_cameraCFrame":[744.929,239.723,43.959,-1,-0.008,0.001,0,0.174,0.985,-0.009,0.985,-0.174],"_shiftlockState":true,"_pose":"FreeFall","_animationQueue":[["fall",0.3]],"_animationSpeed":1,"_zoom":16.125},{"_mousePosition":[683,384],"_rootPartCFrame":[746.322,222.526,46.771,-1,0,0.009,0,1,0,-0.009,0,-1],"_humanoidState":8,"_cameraCFrame":[744.596,239.906,43.956,-1,-0.008,0.001,0,0.174,0.985,-0.009,0.985,-0.174],"_shiftlockState":true,"_pose":"Running","_animationQueue":[["walk",0.1],["fall",0.3],["walk",0.1]],"_animationSpeed":1.103,"_zoom":16.125},{"_mousePosition":[683,384],"_rootPartCFrame":[746.055,222.607,46.769,-1,0,0.009,0,1,0,-0.009,0,-1],"_humanoidState":8,"_cameraCFrame":[744.329,239.987,43.954,-1,-0.008,0.001,0,0.174,0.985,-0.009,0.985,-0.174],"_shiftlockState":true,"_pose":"Running","_animationQueue":[],"_animationSpeed":1.103,"_zoom":16.125},{"_mousePosition":[683,384],"_rootPartCFrame":[745.789,222.649,46.767,-1,0,0.009,0,1,0,-0.009,0,-1],"_humanoidState":8,"_cameraCFrame":[744.063,240.029,43.952,-1,-0.008,0.001,0,0.174,0.985,-0.009,0.985,-0.174],"_shiftlockState":true,"_pose":"Running","_animationQueue":[],"_animationSpeed":1.103,"_zoom":16.125},{"_mousePosition":[683,384],"_rootPartCFrame":[745.522,222.672,46.765,-1,0,0.009,0,1,0,-0.009,0,-1],"_humanoidState":8,"_cameraCFrame":[743.796,240.052,43.95,-1,-0.008,0.001,0,0.174,0.985,-0.009,0.985,-0.174],"_shiftlockState":true,"_pose":"Running","_animationQueue":[],"_animationSpeed":1.103,"_zoom":16.125},{"_mousePosition":[683,384],"_rootPartCFrame":[745.189,222.687,46.762,-1,0,0.009,0,1,0,-0.009,0,-1],"_humanoidState":8,"_cameraCFrame":[743.463,240.067,43.947,-1,-0.008,0.001,0,0.174,0.985,-0.009,0.985,-0.174],"_shiftlockState":true,"_pose":"Running","_animationQueue":[],"_animationSpeed":1.103,"_zoom":16.125},{"_mousePosition":[683,384],"_rootPartCFrame":[744.989,222.692,46.76,-1,0,0.009,0,1,0,-0.009,0,-1],"_humanoidState":8,"_cameraCFrame":[743.263,240.072,43.945,-1,-0.008,0.001,0,0.174,0.985,-0.009,0.985,-0.174],"_shiftlockState":true,"_pose":"Running","_animationQueue":[],"_animationSpeed":1.103,"_zoom":16.125},{"_mousePosition":[683,384],"_rootPartCFrame":[744.722,222.695,46.758,-1,0,0.009,0,1,0,-0.009,0,-1],"_humanoidState":8,"_cameraCFrame":[742.996,240.075,43.943,-1,-0.008,0.001,0,0.174,0.985,-0.009,0.985,-0.174],"_shiftlockState":true,"_pose":"Running","_animationQueue":[["walk",0.1]],"_animationSpeed":1.103,"_zoom":16.125},{"_mousePosition":[683,384],"_rootPartCFrame":[744.456,222.697,46.755,-1,0,0.009,0,1,0,-0.009,0,-1],"_humanoidState":8,"_cameraCFrame":[742.73,240.077,43.94,-1,-0.008,0.001,0,0.174,0.985,-0.009,0.985,-0.174],"_shiftlockState":true,"_pose":"Running","_animationQueue":[],"_animationSpeed":1.103,"_zoom":16.125},{"_mousePosition":[683,384],"_rootPartCFrame":[744.122,222.699,46.753,-1,0,0.009,0,1,0,-0.009,0,-1],"_humanoidState":8,"_cameraCFrame":[742.396,240.079,43.938,-1,-0.008,0.001,0,0.174,0.985,-0.009,0.985,-0.174],"_shiftlockState":true,"_pose":"Running","_animationQueue":[],"_animationSpeed":1.103,"_zoom":16.125},{"_mousePosition":[683,384],"_rootPartCFrame":[743.856,222.699,46.75,-1,0,0.009,0,1,0,-0.009,0,-1],"_humanoidState":8,"_cameraCFrame":[742.13,240.079,43.935,-1,-0.008,0.001,0,0.174,0.985,-0.009,0.985,-0.174],"_shiftlockState":true,"_pose":"Running","_animationQueue":[],"_animationSpeed":1.103,"_zoom":16.125},{"_mousePosition":[683,384],"_rootPartCFrame":[743.656,222.699,46.749,-1,0,0.009,0,1,0,-0.009,0,-1],"_humanoidState":8,"_cameraCFrame":[741.93,240.079,43.934,-1,-0.008,0.001,0,0.174,0.985,-0.009,0.985,-0.174],"_shiftlockState":true,"_pose":"Running","_animationQueue":[],"_animationSpeed":1.103,"_zoom":16.125},{"_mousePosition":[683,384],"_rootPartCFrame":[743.389,222.699,46.746,-1,0,0.009,0,1,0,-0.009,0,-1],"_humanoidState":8,"_cameraCFrame":[741.663,240.079,43.931,-1,-0.008,0.001,0,0.174,0.985,-0.009,0.985,-0.174],"_shiftlockState":true,"_pose":"Running","_animationQueue":[],"_animationSpeed":1.103,"_zoom":16.125},{"_mousePosition":[683,384],"_rootPartCFrame":[743.123,222.7,46.744,-1,0,0.009,0,1,0,-0.009,0,-1],"_humanoidState":8,"_cameraCFrame":[741.397,240.08,43.929,-1,-0.008,0.001,0,0.174,0.985,-0.009,0.985,-0.174],"_shiftlockState":true,"_pose":"Running","_animationQueue":[["walk",0.1]],"_animationSpeed":1.103,"_zoom":16.125},{"_mousePosition":[683,384],"_rootPartCFrame":[742.789,222.7,46.741,-1,0,0.009,0,1,0,-0.009,0,-1],"_humanoidState":8,"_cameraCFrame":[741.063,240.08,43.926,-1,-0.008,0.001,0,0.174,0.985,-0.009,0.985,-0.174],"_shiftlockState":true,"_pose":"Running","_animationQueue":[],"_animationSpeed":1.103,"_zoom":16.125},{"_mousePosition":[683,384],"_rootPartCFrame":[742.589,222.7,46.739,-1,0,0.009,0,1,0,-0.009,0,-1],"_humanoidState":8,"_cameraCFrame":[740.863,240.08,43.924,-1,-0.008,0.001,0,0.174,0.985,-0.009,0.985,-0.174],"_shiftlockState":true,"_pose":"Running","_animationQueue":[],"_animationSpeed":1.103,"_zoom":16.125},{"_mousePosition":[683,384],"_rootPartCFrame":[742.323,222.7,46.737,-1,0,0.009,0,1,0,-0.009,0,-1],"_humanoidState":8,"_cameraCFrame":[740.597,240.08,43.922,-1,-0.008,0.001,0,0.174,0.985,-0