[{"_mousePosition":[1175,367],"_rootPartCFrame":[776.03,222.951,47.142,0,-0.002,1,0,1,0.002,-1,0,0],"_humanoidState":8,"_cameraCFrame":[795.702,240.287,47.849,0.036,-0.626,0.779,0,0.779,0.627,-0.999,-0.023,0.028],"_shiftlockState":false,"_pose":"Standing","_animationQueue":[],"_animationSpeed":1,"_zoom":25.266},{"_mousePosition":[1102,365],"_rootPartCFrame":[775.859,222.866,47.136,0.004,-0.001,1,0,1,0.001,-1,0,0.004],"_humanoidState":8,"_cameraCFrame":[795.533,240.202,47.843,0.036,-0.626,0.779,0,0.779,0.627,-0.999,-0.023,0.028],"_shiftlockState":false,"_pose":"Standing","_animationQueue":[],"_animationSpeed":1,"_zoom":25.266},{"_mousePosition":[1062,363],"_rootPartCFrame":[775.594,222.72,47.126,0.008,0,1,0,1,0,-1,0,0.008],"_humanoidState":8,"_cameraCFrame":[795.269,240.055,47.834,0.036,-0.626,0.779,0,0.779,0.627,-0.999,-0.023,0.028],"_shiftlockState":false,"_pose":"Running","_animationQueue":[["walk",0.1]],"_animationSpeed":1.002,"_zoom":25.266},{"_mousePosition":[1018,363],"_rootPartCFrame":[775.327,222.611,47.117,0.012,0,1,0,1,0,-1,0,0.012],"_humanoidState":8,"_cameraCFrame":[795.002,239.946,47.824,0.036,-0.626,0.779,0,0.779,0.627,-0.999,-0.023,0.028],"_shiftlockState":false,"_pose":"Running","_animationQueue":[["walk",0.1]],"_animationSpeed":1.102,"_zoom":25.266},{"_mousePosition":[1001,363],"_rootPartCFrame":[775.061,222.636,47.107,0.015,0,1,0,1,0,-1,0,0.015],"_humanoidState":8,"_cameraCFrame":[794.736,239.972,47.814,0.036,-0.626,0.779,0,0.779,0.627,-0.999,-0.023,0.028],"_shiftlockState":false,"_pose":"Running","_animationQueue":[],"_animationSpeed":1.102,"_zoom":25.266},{"_mousePosition":[944,365],"_rootPartCFrame":[774.794,222.663,47.098,0.018,0,1,0,1,0,-1,0,0.018],"_humanoidState":8,"_cameraCFrame":[794.469,239.999,47.805,0.036,-0.626,0.779,0,0.779,0.627,-0.999,-0.023,0.028],"_shiftlockState":false,"_pose":"Running","_animationQueue":[],"_animationSpeed":1.102,"_zoom":25.266},{"_mousePosition":[918,368],"_rootPartCFrame":[774.528,222.68,47.088,0.02,0,1,0,1,0,-1,0,0.02],"_humanoidState":8,"_cameraCFrame":[794.203,240.015,47.795,0.036,-0.626,0.779,0,0.779,0.627,-0.999,-0.023,0.028],"_shiftlockState":false,"_pose":"Running","_animationQueue":[],"_animationSpeed":1.102,"_zoom":25.266},{"_mousePosition":[901,372],"_rootPartCFrame":[774.261,222.689,47.078,0.022,0,1,0,1,0,-1,0,0.022],"_humanoidState":8,"_cameraCFrame":[793.936,240.025,47.786,0.036,-0.626,0.779,0,0.779,0.627,-0.999,-0.023,0.028],"_shiftlockState":false,"_pose":"Running","_animationQueue":[],"_animationSpeed":1.102,"_zoom":25.266},{"_mousePosition":[895,374],"_rootPartCFrame":[773.995,222.694,47.069,0.024,0,1,0,1,0,-1,0,0.024],"_humanoidState":8,"_cameraCFrame":[793.67,240.03,47.776,0.036,-0.626,0.779,0,0.779,0.627,-0.999,-0.023,0.028],"_shiftlockState":false,"_pose":"Running","_animationQueue":[["walk",0.1]],"_animationSpeed":1.102,"_zoom":25.266},{"_mousePosition":[887,383],"_rootPartCFrame":[773.728,222.697,47.059,0.026,0,1,0,1,0,-1,0,0.026],"_humanoidState":8,"_cameraCFrame":[793.403,240.032,47.766,0.036,-0.626,0.779,0,0.779,0.627,-0.999,-0.023,0.028],"_shiftlockState":false,"_pose":"Running","_animationQueue":[],"_animationSpeed":1.102,"_zoom":25.266},{"_mousePosition":[887,383],"_rootPartCFrame":[773.462,222.698,47.05,0.027,0,1,0,1,0,-1,0,0.027],"_humanoidState":8,"_cameraCFrame":[792.971,240.239,47.73,0.035,-0.635,0.772,0,0.773,0.635,-0.999,-0.022,0.027],"_shiftlockState":false,"_pose":"Running","_animationQueue":[],"_animationSpeed":1.102,"_zoom":25.266},{"_mousePosition":[887,383],"_rootPartCFrame":[773.195,222.699,47.04,0.028,0,1,0,1,0,-1,0,0.028],"_humanoidState":8,"_cameraCFrame":[792.443,240.553,47.712,0.035,-0.647,0.762,0,0.762,0.647,-0.999,-0.023,0.027],"_shiftlockState":false,"_pose":"Running","_animationQueue":[],"_animationSpeed":1.102,"_zoom":25.266},{"_mousePosition":[887,383],"_rootPartCFrame":[772.929,222.699,47.031,0.029,0,1,0,1,0,-1,0,0.029],"_humanoidState":8,"_cameraCFrame":[791.72,241.075,47.726,0.037,-0.667,0.744,0,0.744,0.668,-0.999,-0.025,0.028],"_shiftlockState":false,"_pose":"Running","_animationQueue":[],"_animationSpeed":1.102,"_zoom":25.266},{"_mousePosition":[887,383],"_rootPartCFrame":[772.663,222.699,47.021,0.03,0,1,0,1,0,-1,0,0.03],"_humanoidState":8,"_cameraCFrame":[790.795,241.776,47.825,0.044,-0.695,0.718,0,0.718,0.696,-0.999,-0.031,0.032],"_shiftlockState":false,"_pose":"Running","_animationQueue":[],"_animationSpeed":1.102,"_zoom":25.266},{"_mousePosition":[887,383],"_rootPartCFrame":[772.396,222.7,47.012,0.031,0,1,0,1,0,-1,0,0.031],"_humanoidState":8,"_cameraCFrame":[789.564,242.716,47.881,0.051,-0.732,0.679,0,0.68,0.733,-0.999,-0.037,0.034],"_shiftlockState":false,"_pose":"Running","_animationQueue":[],"_animationSpeed":1.102,"_zoom":25.266},{"_mousePosition":[887,383],"_rootPartCFrame":[772.13,222.7,47,0.033,0,0.999,0,1,0,-0.999,0,0.033],"_humanoidState":8,"_cameraCFrame":[788.196,243.683,47.813,0.051,-0.77,0.636,0,0.637,0.771,-0.999,-0.039,0.032],"_shiftlockState":false,"_pose":"Running","_animationQueue":[["walk",0.1]],"_animationSpeed":1.102,"_zoom":25.266},{"_mousePosition":[887,383],"_rootPartCFrame":[771.863,222.7,46.987,0.035,0,0.999,0,1,0,-0.999,0,0.035],"_humanoidState":8,"_cameraCFrame":[786.643,244.679,47.704,0.048,-0.81,0.585,0,0.586,0.811,-0.999,-0.039,0.028],"_shiftlockState":false,"_pose":"Running","_animationQueue":[],"_animationSpeed":1.102,"_zoom":25.266},{"_mousePosition":[887,383],"_rootPartCFrame":[771.597,222.7,46.973,0.037,0,0.999,0,1,0,-0.999,0,0.037],"_humanoidState":8,"_cameraCFrame":[785.099,245.547,47.572,0.044,-0.844,0.534,0,0.535,0.845,-0.999,-0.037,0.024],"_shiftlockState":false,"_pose":"Running","_animationQueue":[],"_animationSpeed":1.102,"_zoom":25.266},{"_mousePosition":[887,383],"_rootPartCFrame":[771.331,222.7,46.96,0.039,0,0.999,0,1,0,-0.999,0,0.039],"_humanoidState":8,"_cameraCFrame":[783.681,246.236,47.469,0.041,-0.871,0.489,0,0.489,0.872,-0.999,-0.036,0.02],"_shiftlockState":false,"_pose":"Running","_animationQueue":[],"_animationSpeed":1.102,"_zoom":25.266},{"_mousePosition":[887,383],"_rootPartCFrame":[771.064,222.7,46.948,0.039,0,0.999,0,1,0,-0.999,0,0.039],"_humanoidState":8,"_cameraCFrame":[782.027,246.96,47.331,0.035,-0.9,0.434,0,0.434,0.901,-0.999,-0.031,0.015],"_shiftlockState":false,"_pose":"Running","_animationQueue":[],"_animationSpeed":1.102,"_zoom":25.266},{"_mousePosition":[887,383],"_rootPartCFrame":[770.798,223.563,46.936,0.04,0,0.999,0,1,0,-0.999,0,0.04],"_humanoidState":3,"_cameraCFrame":[780.631,248.335,47.228,0.03,-0.921,0.389,0,0.389,0.921,-1,-0.027,0.012],"_shiftlockState":false,"_pose":"Jumping","_animationQueue":[["walk",0.1],["jump",0.1]],"_animationSpeed":1,"_zoom":25.266},{"_mousePosition":[887,383],"_rootPartCFrame":[770.531,224.371,46.927,0.04,0,0.999,0,1,0,-0.999,0,0.04],"_humanoidState":5,"_cameraCFrame":[779.133,249.627,47.137,0.024,-0.94,0.34,0,0.341,0.94,-1,-0.023,0.008],"_shiftlockState":false,"_pose":"FreeFall","_animationQueue":[["jump",0.1]],"_animationSpeed":1,"_zoom":25.266},{"_mousePosition":[887,383],"_rootPartCFrame":[770.265,225.125,46.919,0.039,0,0.999,0,1,0,-0.999,0,0.039],"_humanoidState":5,"_cameraCFrame":[777.611,250.799,47.067,0.02,-0.957,0.291,0,0.291,0.957,-1,-0.019,0.006],"_shiftlockState":false,"_pose":"FreeFall","_animationQueue":[],"_animationSpeed":1,"_zoom":25.266},{"_mousePosition":[887,383],"_rootPartCFrame":[769.998,225.824,46.912,0.037,0,0.999,0,1,0,-0.999,0,0.037],"_humanoidState":5,"_cameraCFrame":[776.247,251.805,47.025,0.018,-0.969,0.247,0,0.247,0.969,-1,-0.018,0.004],"_shiftlockState":false,"_pose":"FreeFall","_animationQueue":[],"_animationSpeed":1,"_zoom":25.266},{"_mousePosition":[887,383],"_rootPartCFrame":[769.732,226.469,46.906,0.035,0,0.999,0,1,0,-0.999,0,0.035],"_humanoidState":5,"_cameraCFrame":[775.088,252.661,47.009,0.019,-0.977,0.212,0,0.212,0.977,-1,-0.019,0.004],"_shiftlockState":false,"_pose":"FreeFall","_animationQueue":[],"_animationSpeed":1,"_zoom":25.266},{"_mousePosition":[887,383],"_rootPartCFrame":[769.465,227.06,46.901,0.033,0,0.999,0,1,0,-0.999,0,0.033],"_humanoidState":5,"_cameraCFrame":[773.981,253.418,47.031,0.029,-0.983,0.179,0,0.179,0.984,-1,-0.028,0.005],"_shiftlockState":false,"_pose":"FreeFall","_animationQueue":[],"_animationSpeed":1,"_zoom":25.266},{"_mousePosition":[887,383],"_rootPartCFrame":[769.198,227.595,46.896,0.031,0,1,0,1,0,-1,0,0.031],"_humanoidState":5,"_cameraCFrame":[773.578,253.978,47.155,0.059,-0.983,0.173,0,0.174,0.985,-0.998,-0.058,0.01],"_shiftlockState":false,"_pose":"FreeFall","_animationQueue":[],"_animationSpeed":1,"_zoom":25.266},{"_mousePosition":[887,383],"_rootPartCFrame":[768.932,228.077,46.889,0.03,0,1,0,1,0,-1,0,0.03],"_humanoidState":5,"_cameraCFrame":[773.311,254.459,47.157,0.061,-0.983,0.173,0,0.174,0.985,-0.998,-0.06,0.011],"_shiftlockState":false,"_pose":"FreeFall","_animationQueue":[],"_animationSpeed":1,"_zoom":25.266},{"_mousePosition":[887,383],"_rootPartCFrame":[768.666,228.504,46.875,0.033,0,0.999,0,1,0,-0.999,0,0.033],"_humanoidState":5,"_cameraCFrame":[773.045,254.886,47.142,0.061,-0.983,0.173,0,0.174,0.985,-0.998,-0.06,0.011],"_shiftlockState":false,"_pose":"FreeFall","_animationQueue":[],"_animationSpeed":1,"_zoom":25.266},{"_mousePosition":[887,383],"_rootPartCFrame":[768.399,228.876,46.858,0.036,0,0.999,0,1,0,-0.999,0,0.036],"_humanoidState":5,"_cameraCFrame":[772.779,255.258,47.126,0.061,-0.983,0.173,0,0.174,0.985,-0.998,-0.06,0.011],"_shiftlockState":false,"_pose":"FreeFall","_animationQueue":[],"_animationSpeed":1,"_zoom":25.266},{"_mousePosition":[887,383],"_rootPartCFrame":[768.2,229.12,46.846,0.039,0,0.999,0,1,0,-0.999,0,0.039],"_humanoidState":5,"_cameraCFrame":[772.579,255.502,47.114,0.061,-0.983,0.173,0,0.174,0.985,-0.998,-0.06,0.011],"_shiftlockState":false,"_pose":"FreeFall","_animationQueue":[],"_animationSpeed":1,"_zoom":25.266},{"_mousePosition":[887,383],"_rootPartCFrame":[767.934,229.397,46.83,0.042,0,0.999,0,1,0,-0.999,0,0.042],"_humanoidState":5,"_cameraCFrame":[772.313,255.779,47.098,0.061,-0.983,0.173,0,0.174,0.985,-0.998,-0.06,0.011],"_shiftlockState":false,"_pose":"FreeFall","_animationQueue":[],"_animationSpeed":1,"_zoom":25.266},{"_mousePosition":[887,383],"_rootPartCFrame":[767.601,229.666,46.81,0.045,0,0.999,0,1,0,-0.999,0,0.045],"_humanoidState":5,"_cameraCFrame":[772.087,256.048,45.331,0.061,-0.983,0.173,0,0.174,0.985,-0.998,-0.06,0.011],"_shiftlockState":true,"_pose":"FreeFall","_animationQueue":[],"_animationSpeed":1,"_zoom":25.266},{"_mousePosition":[683,384],"_rootPartCFrame":[767.335,229.821,46.793,0.062,0,0.998,0,1,0,-0.998,0,0.062],"_humanoidState":5,"_cameraCFrame":[771.821,256.203,45.314,0.061,-0.983,0.173,0,0.174,0.985,-0.998,-0.06,0.011],"_shiftlockState":true,"_pose":"FreeFall","_animationQueue":[],"_animationSpeed":1,"_zoom":25.266},{"_mousePosition":[683,384],"_rootPartCFrame":[767.069,229.921,46.777,0.061,0,0.998,0,1,0,-0.998,0,0.061],"_humanoidState":5,"_cameraCFrame":[771.555,256.303,45.298,0.061,-0.983,0.173,0,0.174,0.985,-0.998,-0.06,0.011],"_shiftlockState":true,"_pose":"FreeFall","_animationQueue":[],"_animationSpeed":1,"_zoom":25.266},{"_mousePosition":[683,384],"_rootPartCFrame":[766.803,229.966,46.761,0.061,0,0.998,0,1,0,-0.998,0,0.061],"_humanoidState":5,"_cameraCFrame":[771.289,256.348,45.282,0.061,-0.983,0.173,0,0.174,0.985,-0.998,-0.06,0.011],"_shiftlockState":true,"_pose":"FreeFall","_animationQueue":[],"_animationSpeed":1,"_zoom":25.266},{"_mousePosition":[683,384],"_rootPartCFrame":[766.537,229.957,46.745,0.061,0,0.998,0,1,0,-0.998,0,0.061],"_humanoidState":5,"_cameraCFrame":[771.023,256.339,45.266,0.061,-0.983,0.173,0,0.174,0.985,-0.998,-0.06,0.011],"_shiftlockState":true,"_pose":"FreeFall","_animationQueue":[["fall",0.3]],"_animationSpeed":1,"_zoom":25.266},{"_mousePosition":[683,384],"_rootPartCFrame":[766.271,229.893,46.728,0.061,0,0.998,0,1,0,-0.998,0,0.061],"_humanoidState":5,"_cameraCFrame":[770.757,256.275,45.249,0.061,-0.983,0.173,0,0.174,0.985,-0.998,-0.06,0.011],"_shiftlockState":true,"_pose":"FreeFall","_animationQueue":[],"_animationSpeed":1,"_zoom":25.266},{"_mousePosition":[683,384],"_rootPartCFrame":[766.004,229.775,46.712,0.061,0,0.998,0,1,0,-0.998,0,0.061],"_humanoidState":5,"_cameraCFrame":[770.41,255.702,45.228,0.061,-0.983,0.173,0,0.174,0.985,-0.998,-0.06,0.011],"_shiftlockState":true,"_pose":"FreeFall","_animationQueue":[],"_animationSpeed":1,"_zoom":19.813},{"_mousePosition":[683,384],"_rootPartCFrame":[765.738,229.603,46.696,0.061,0,0.998,0,1,0,-0.998,0,0.061],"_humanoidState":5,"_cameraCFrame":[770.001,254.713,45.203,0.061,-0.983,0.173,0,0.174,0.985,-0.998,-0.06,0.011],"_shiftlockState":true,"_pose":"FreeFall","_animationQueue":[],"_animationSpeed":1,"_zoom":19.813},{"_mousePosition":[683,384],"_rootPartCFrame":[765.539,229.437,46.684,0.061,0,0.998,0,1,0,-0.998,0,0.061],"_humanoidState":5,"_cameraCFrame":[769.637,253.617,45.181,0.061,-0.983,0.173,0,0.174,0.985,-0.998,-0.06,0.011],"_shiftlockState":true,"_pose":"FreeFall","_animationQueue":[],"_animationSpeed":1,"_zoom":19.813},{"_mousePosition":[683,384],"_rootPartCFrame":[765.206,229.094,46.663,0.061,0,0.998,0,1,0,-0.998,0,0.061],"_humanoidState":5,"_cameraCFrame":[769.108,252.091,45.133,0.057,-0.983,0.174,0,0.174,0.985,-0.998,-0.056,0.01],"_shiftlockState":true,"_pose":"FreeFall","_animationQueue":[],"_animationSpeed":1,"_zoom":15.45},{"_mousePosition":[683,384],"_rootPartCFrame":[764.94,228.758,46.647,0.057,0,0.998,0,1,0,-0.998,0,0.057],"_humanoidState":5,"_cameraCFrame":[768.587,250.389,45.072,0.048,-0.984,0.174,0,0.174,0.985,-0.999,-0.048,0.008],"_shiftlockState":true,"_pose":"FreeFall","_animationQueue":[["fall",0.3]],"_animationSpeed":1,"_zoom":15.45},{"_mousePosition":[683,384],"_rootPartCFrame":[764.674,228.367,46.632,0.049,0,0.999,0,1,0,-0.999,0,0.049],"_humanoidState":5,"_cameraCFrame":[768.104,248.827,45.025,0.042,-0.984,0.174,0,0.174,0.985,-0.999,-0.042,0.007],"_shiftlockState":true,"_pose":"FreeFall","_animationQueue":[],"_animationSpeed":1,"_zoom":15.45},{"_mousePosition":[683,384],"_rootPartCFrame":[764.407,227.922,46.618,0.043,0,0.999,0,1,0,-0.999,0,0.043],"_humanoidState":5,"_cameraCFrame":[767.666,247.412,45.004,0.042,-0.984,0.174,0,0.174,0.985,-0.999,-0.042,0.007],"_shiftlockState":true,"_pose":"FreeFall","_animationQueue":[],"_animationSpeed":1,"_zoom":15.45},{"_mousePosition":[683,384],"_rootPartCFrame":[764.208,227.552,46.61,0.042,0,0.999,0,1,0,-0.999,0,0.042],"_humanoidState":5,"_cameraCFrame":[767.31,246.243,44.989,0.042,-0.984,0.173,0,0.174,0.985,-0.999,-0.042,0.007],"_shiftlockState":true,"_pose":"FreeFall","_animationQueue":[],"_animationSpeed":1,"_zoom":15.45},{"_mousePosition":[683,384],"_rootPartCFrame":[763.875,226.868,46.596,0.042,0,0.999,0,1,0,-0.999,0,0.042],"_humanoidState":5,"_cameraCFrame":[766.871,244.965,44.968,0.041,-0.984,0.174,0,0.174,0.985,-0.999,-0.041,0.007],"_shiftlockState":true,"_pose":"FreeFall","_animationQueue":[],"_animationSpeed":1,"_zoom":15.45},{"_mousePosition":[683,384],"_rootPartCFrame":[763.608,226.26,46.584,0.041,0,0.999,0,1,0,-0.999,0,0.041],"_humanoidState":5,"_cameraCFrame":[766.526,243.928,44.947,0.039,-0.984,0.174,0,0.174,0.985,-0.999,-0.038,0.007],"_shiftlockState":true,"_pose":"FreeFall","_animationQueue":[],"_animationSpeed":1,"_zoom":15.45},{"_mousePosition":[683,384],"_rootPartCFrame":[763.342,225.597,46.573,0.039,0,0.999,0,1,0,-0.999,0,0.039],"_humanoidState":5,"_cameraCFrame":[766.205,242.977,44.928,0.037,-0.984,0.174,0,0.174,0.985,-0.999,-0.036,0.006],"_shiftlockState":true,"_pose":"FreeFall","_animationQueue":[],"_animationSpeed":1,"_zoom":15.45},{"_mousePosition":[683,384],"_rootPartCFrame":[763.076,224.879,46.563,0.037,0,0.999,0,1,0,-0.999,0,0.037],"_humanoidState":5,"_cameraCFrame":[765.89,242.045,44.898,0.031,-0.984,0.174,0,0.174,0.985,-1,-0.03,0.005],"_shiftlockState":true,"_pose":"FreeFall","_animationQueue":[["fall",0.3]],"_animationSpeed":1,"_zoom":15.45},{"_mousePosition":[683,384],"_rootPartCFrame":[762.809,224.107,46.553,0.031,0,1,0,1,0,-1,0,0.031],"_humanoidState":5,"_cameraCFrame":[765.58,241.125,44.859,0.02,-0.985,0.174,0,0.174,0.985,-1,-0.02,0.004],"_shiftlockState":true,"_pose":"FreeFall","_animationQueue":[],"_animationSpeed":1,"_zoom":15.45},{"_mousePosition":[683,384],"_rootPartCFrame":[762.543,223.28,46.545,0.021,0,1,0,1,0,-1,0,0.021],"_humanoidState":5,"_cameraCFrame":[765.273,240.203,44.813,0.007,-0.985,0.174,0,0.174,0.985,-1,-0.007,0.001],"_shiftlockState":true,"_pose":"FreeFall","_animationQueue":[],"_animationSpeed":1,"_zoom":15.45},{"_mousePosition":[683,384],"_rootPartCFrame":[762.276,222.399,46.539,0.008,0,1,0,1,0,-1,0,0.008],"_humanoidState":5,"_cameraCFrame":[764.963,239.252,44.759,-0.011,-0.985,0.174,0,0.174,0.985,-1,0.011,-0.002],"_shiftlockState":true,"_pose":"FreeFall","_animationQueue":[],"_animationSpeed":1,"_zoom":15.45},{"_mousePosition":[683,384],"_rootPartCFrame":[762.009,221.464,46.536,-0.009,0,1,0,1,0,-1,0,-0.009],"_humanoidState":5,"_cameraCFrame":[764.653,238.272,44.703,-0.031,-0.984,0.174,0,0.174,0.985,-1,0.031,-0.005],"_shiftlockState":true,"_pose":"FreeFall","_animationQueue":[],"_animationSpeed":1,"_zoom":15.45},{"_mousePosition":[683,384],"_rootPartCFrame":[761.743,220.473,46.539,-0.029,0,1,0,1,0,-1,0,-0.029],"_humanoidState":5,"_cameraCFrame":[764.338,237.249,44.646,-0.054,-0.983,0.173,0,0.174,0.985,-0.999,0.053,-0.009],"_shiftlockState":true,"_pose":"FreeFall","_animationQueue":[],"_animationSpeed":1,"_zoom":15.45},{"_mousePosition":[683,384],"_rootPartCFrame":[761.476,219.429,46.546,-0.051,0,0.999,0,1,0,-0.999,0,-0.051],"_humanoidState":5,"_cameraCFrame":[764.039,236.185,44.615,-0.069,-0.982,0.173,0,0.174,0.985,-0.998,0.068,-0.012],"_shiftlockState":true,"_pose":"FreeFall","_animationQueue":[["fall",0.3]],"_animationSpeed":1,"_zoom":15.45},{"_mousePosition":[683,384],"_rootPartCFrame":[761.276,218.61,46.556,-0.067,0,0.998,0,1,0,-0.998,0,-0.067],"_humanoidState":5,"_cameraCFrame":[763.829,235.352,44.615,-0.073,-0.982,0.173,0,0.174,0.985,-0.997,0.072,-0.013],"_shiftlockState":true,"_pose":"FreeFall","_animationQueue":[],"_animationSpeed":1,"_zoom":15.45},{"_mousePosition":[683,384],"_rootPartCFrame":[760.956,217.176,46.539,0.025,0,1,0,1,0,-1,0,0.025],"_humanoidState":5,"_cameraCFrame":[763.542,233.904,44.609,-0.068,-0.982,0.175,0,0.175,0.985,-0.998,0.067,-0.012],"_shiftlockState":true,"_pose":"FreeFall","_animationQueue":[],"_animationSpeed":1,"_zoom":15.45},{"_mousePosition":[683,384],"_rootPartCFrame":[760.714,215.968,46.482,0.034,0,0.999,0,1,0,-0.999,0,0.034],"_humanoidState":5,"_cameraCFrame":[763.531,232.666,44.689,-0.015,-0.983,0.184,0,0.184,0.983,-1,0.015,-0.003],"_shiftlockState":true,"_pose":"FreeFall","_animationQueue":[],"_animationSpeed":1,"_zoom":15.45},{"_mousePosition":[683,384],"_rootPartCFrame":[760.484,214.705,46.388,0.084,0,0.996,0,1,0,-0.996,0,0.084],"_humanoidState":5,"_cameraCFrame":[763.616,231.369,44.88,0.079,-0.978,0.194,0,0.194,0.981,-0.997,-0.077,0.015],"_shiftlockState":true,"_pose":"FreeFall","_animationQueue":[],"_animationSpeed":1,"_zoom":15.45},{"_mousePosition":[683,384],"_rootPartCFrame":[760.28,213.388,46.266,0.2,0,0.98,0,1,0,-0.98,0,0.2],"_humanoidState":5,"_cameraCFrame":[763.609,230.035,45.065,0.17,-0.966,0.196,0,0.199,0.98,-0.985,-0.167,0.034],"_shiftlockState":true,"_pose":"FreeFall","_animationQueue":[],"_animationSpeed":1,"_zoom":15.45},{"_mousePosition":[683,384],"_rootPartCFrame":[760.197,213.413,46.066,0.209,0,0.978,0,1,0,-0.978,0,0.209],"_humanoidState":7,"_cameraCFrame":[763.633,230.05,45.095,0.235,-0.952,0.196,0,0.201,0.98,-0.972,-0.23,0.047],"_shiftlockState":true,"_pose":"FreeFall","_animationQueue":[["walk",0.1],["fall",0.3],["fall",0.3]],"_animationSpeed":1,"_zoom":15.45},{"_mousePosition":[683,384],"_rootPartCFrame":[760.233,213.821,45.806,0.239,0,0.971,0,1,0,-0.971,0,0.239],"_humanoidState":7,"_cameraCFrame":[763.697,230.455,44.9,0.252,-0.948,0.196,0,0.202,0.979,-0.968,-0.247,0.051],"_shiftlockState":true,"_pose":"FreeFall","_animationQueue":[["fall",0.3]],"_animationSpeed":1,"_zoom":15.45},{"_mousePosition":[683,384],"_rootPartCFrame":[760.293,214.105,45.547,0.252,0,0.968,0,1,0,-0.968,0,0.252],"_humanoidState":8,"_cameraCFrame":[763.738,230.737,44.572,0.233,-0.952,0.197,0,0.202,0.979,-0.973,-0.228,0.047],"_shiftlockState":true,"_pose":"Running","_animationQueue":[["walk",0.1],["fall",0.3],["walk",0.1]],"_animationSpeed":1.101,"_zoom":15.45},{"_mousePosition":[683,384],"_rootPartCFrame":[760.355,214.968,45.287,0.233,0,0.973,0,1,0,-0.973,0,0.233],"_humanoidState":3,"_cameraCFrame":[763.734,231.602,44.135,0.183,-0.963,0.198,0,0.201,0.98,-0.983,-0.179,0.037],"_shiftlockState":true,"_pose":"Jumping","_animationQueue":[["walk",0.1],["jump",0.1]],"_animationSpeed":1,"_zoom":15.45},{"_mousePosition":[683,384],"_rootPartCFrame":[760.417,215.776,45.028,0.272,0,0.962,0,1,0,-0.962,0,0.272],"_humanoidState":5,"_cameraCFrame":[763.677,232.42,43.68,0.127,-0.972,0.197,0,0.198,0.98,-0.992,-0.124,0.025],"_shiftlockState":true,"_pose":"FreeFall","_animationQueue":[["jump",0.1]],"_animationSpeed":1,"_zoom":15.45},{"_mousePosition":[683,384],"_rootPartCFrame":[760.468,216.53,44.766,0.253,0,0.968,0,1,0,-0.968,0,0.253],"_humanoidState":5,"_cameraCFrame":[763.546,233.191,43.201,0.061,-0.979,0.192,0,0.193,0.981,-0.998,-0.06,0.012],"_shiftlockState":true,"_pose":"FreeFall","_animationQueue":[],"_animationSpeed":1,"_zoom":15.45},{"_mousePosition":[683,384],"_rootPartCFrame":[760.493,217.229,44.51,0.179,0,0.984,0,1,0,-0.984,0,0.179],"_humanoidState":5,"_cameraCFrame":[763.424,233.902,42.785,0.009,-0.982,0.189,0,0.189,0.982,-1,-0.009,0.002],"_shiftlockState":true,"_pose":"FreeFall","_animationQueue":[],"_animationSpeed":1,"_zoom":15.45},{"_mousePosition":[683,384],"_rootPartCFrame":[760.479,217.874,44.264,0.121,0,0.993,0,1,0,-0.993,0,0.121],"_humanoidState":5,"_cameraCFrame":[763.23,234.563,42.392,-0.044,-0.982,0.183,0,0.183,0.983,-0.999,0.043,-0.008],"_shiftlockState":true,"_pose":"FreeFall","_animationQueue":[],"_animationSpeed":1,"_zoom":15.45},{"_mousePosition":[683,384],"_rootPartCFrame":[760.428,218.465,44.03,0.068,0,0.998,0,1,0,-0.998,0,0.068],"_humanoidState":5,"_cameraCFrame":[763.014,235.165,42.019,-0.097,-0.979,0.178,0,0.179,0.984,-0.995,0.095,-0.017],"_shiftlockState":true,"_pose":"FreeFall","_animationQueue":[],"_animationSpeed":1,"_zoom":15.45},{"_mousePosition":[683,384],"_rootPartCFrame":[760.346,219.001,43.819,-0.058,0,0.998,0,1,0,-0.998,0,-0.058],"_humanoidState":5,"_cameraCFrame":[762.788,235.71,41.699,-0.143,-0.974,0.174,0,0.176,0.984,-0.99,0.14,-0.025],"_shiftlockState":true,"_pose":"FreeFall","_animationQueue":[],"_animationSpeed":1,"_zoom":15.45},{"_mousePosition":[683,384],"_rootPartCFrame":[760.24,219.482,43.64,-0.133,0,0.991,0,1,0,-0.991,0,-0.133],"_humanoidState":5,"_cameraCFrame":[762.564,236.198,41.435,-0.18,-0.969,0.171,0,0.174,0.985,-0.984,0.177,-0.031],"_shiftlockState":true,"_pose":"FreeFall","_animationQueue":[],"_animationSpeed":1,"_zoom":15.45},{"_mousePosition":[683,384],"_rootPartCFrame":[760.11,219.909,43.492,-0.174,0,0.985,0,1,0,-0.985,0,-0.174],"_humanoidState":5,"_cameraCFrame":[762.364,236.624,41.216,-0.211,-0.963,0.17,0,0.174,0.985,-0.978,0.207,-0.037],"_shiftlockState":true,"_pose":"FreeFall","_animationQueue":[],"_animationSpeed":1,"_zoom":15.45},{"_mousePosition":[683,384],"_rootPartCFrame":[759.957,220.281,43.377,-0.206,0,0.979,0,1,0,-0.979,0,-0.206],"_humanoidState":5,"_cameraCFrame":[762.141,236.997,41.034,-0.24,-0.956,0.169,0,0.174,0.985,-0.971,0.237,-0.042],"_shiftlockState":true,"_pose":"FreeFall","_animationQueue":[],"_animationSpeed":1,"_zoom":15.45},{"_mousePosition":[683,384],"_rootPartCFrame":[759.783,220.599,43.295,-0.236,0,0.972,0,1,0,-0.972,0,-0.236],"_humanoidState":5,"_cameraCFrame":[761.895,237.315,40.887,-0.27,-0.948,0.167,0,0.174,0.985,-0.963,0.266,-0.047],"_shiftlockState":true,"_pose":"FreeFall","_animationQueue":[],"_animationSpeed":1,"_zoom":15.45},{"_mousePosition":[683,384],"_rootPartCFrame":[759.589,220.863,43.248,-0.266,0,0.964,0,1,0,-0.964,0,-0.266],"_humanoidState":5,"_cameraCFrame":[761.608,237.578,40.761,-0.306,-0.938,0.165,0,0.174,0.985,-0.952,0.301,-0.053],"_shiftlockState":true,"_pose":"FreeFall","_animationQueue":[],"_animationSpeed":1,"_zoom":15.45},{"_mousePosition":[683,384],"_rootPartCFrame":[759.376,221.072,43.235,-0.301,0,0.954,0,1,0,-0.954,0,-0.301],"_humanoidState":5,"_cameraCFrame":[761.273,237.787,40.655,-0.351,-0.922,0.163,0,0.174,0.985,-0.936,0.346,-0.061],"_shiftlockState":true,"_pose":"FreeFall","_animationQueue":[],"_animationSpeed":1,"_zoom":15.45},{"_mousePosition":[683,384],"_rootPartCFrame":[759.146,221.226,43.259,-0.346,0,0.938,0,1,0,-0.938,0,-0.346],"_humanoidState":5,"_cameraCFrame":[760.847,237.941,40.544,-0.42,-0.894,0.158,0,0.174,0.985,-0.908,0.413,-0.073],"_shiftlockState":true,"_pose":"FreeFall","_animationQueue":[],"_animationSpeed":1,"_zoom":15.45},{"_mousePosition":[683,384],"_rootPartCFrame":[758.91,221.326,43.272,-0.345,0,0.939,0,1,0,-0.939,0,-0.345],"_humanoidState":5,"_cameraCFrame":[760.35,238.041,40.411,-0.502,-0.851,0.15,0,0.174,0.985,-0.865,0.495,-0.087],"_shiftlockState":true,"_pose":"FreeFall","_animationQueue":[],"_animationSpeed":1,"_zoom":15.45},{"_mousePosition":[683,384],"_rootPartCFrame":[758.63,221.374,43.236,-0.362,0,0.932,0,1,0,-0.932,0,-0.362],"_humanoidState":5,"_cameraCFrame":[759.799,238.087,40.242,-0.583,-0.8,0.142,0,0.174,0.985,-0.812,0.574,-0.102],"_shiftlockState":true,"_pose":"FreeFall","_animationQueue":[],"_animationSpeed":1,"_zoom":15.45},{"_mousePosition":[683,384],"_rootPartCFrame":[758.475,221.362,43.187,-0.5,0,0.866,0,1,0,-0.866,0,-0.5],"_humanoidState":5,"_cameraCFrame":[759.261,238.071,40.05,-0.684,-0.718,0.128,0,0.176,0.984,-0.729,0.674,-0.12],"_shiftlockState":true,"_pose":"FreeFall","_animationQueue":[],"_animationSpeed":1,"_zoom":15.45},{"_mousePosition":[683,384],"_rootPartCFrame":[758.281,221.299,43.09,-0.581,0,0.814,0,1,0,-0.814,0,-0.581],"_humanoidState":5,"_cameraCFrame":[758.617,238.005,39.863,-0.782,-0.614,0.11,0,0.177,0.984,-0.624,0.769,-0.138],"_shiftlockState":true,"_pose":"FreeFall","_animationQueue":[],"_animationSpeed":1,"_zoom":15.45},{"_mousePosition":[683,384],"_rootPartCFrame":[758.093,221.18,42.954,-0.692,0,0.722,0,1,0,-0.722,0,-0.692],"_humanoidState":5,"_cameraCFrame":[759.411,237.885,40.547,-0.877,-0.473,0.085,0,0.178,0.984,-0.48,0.863,-0.156],"_shiftlockState":false,"_pose":"FreeFall","_animationQueue":[["fall",0.3]],"_animationSpeed":1,"_zoom":15.45},{"_mousePosition":[683,384],"_rootPartCFrame":[757.888,221.543,42.79,-0.557,0,0.831,0,1,0,-0.831,0,-0.557],"_humanoidState":7,"_cameraCFrame":[759.205,238.248,40.383,-0.877,-0.473,0.085,0,0.178,0.984,-0.48,0.863,-0.156],"_shiftlockState":false,"_pose":"FreeFall","_animationQueue":[["walk",0.1],["fall",0.3],["fall",0.3]],"_animationSpeed":1,"_zoom":15.45},{"_mousePosition":[683,384],"_rootPartCFrame":[757.679,221.963,42.624,-0.39,0,0.921,0,1,0,-0.921,0,-0.39],"_humanoidState":7,"_cameraCFrame":[758.7,238.659,40.024,-0.931,-0.359,0.066,0,0.181,0.984,-0.366,0.915,-0.168],"_shiftlockState":false,"_pose":"FreeFall","_animationQueue":[],"_animationSpeed":1,"_zoom":15.45},{"_mousePosition":[683,384],"_rootPartCFrame":[757.449,222.207,42.49,-0.259,0,0.966,0,1,0,-0.966,0,-0.259],"_humanoidState":8,"_cameraCFrame":[758.195,238.884,39.697,-0.966,-0.254,0.048,0,0.187,0.982,-0.258,0.949,-0.181],"_shiftlockState":false,"_pose":"Running","_animationQueue":[["walk",0.1],["fall",0.3],["walk",0.1]],"_animationSpeed":1.103,"_zoom":15.45},{"_mousePosition":[683,384],"_rootPartCFrame":[757.301,222.332,42.284,-0.093,0,0.996,0,1,0,-0.996,0,-0.093],"_humanoidState":8,"_cameraCFrame":[757.865,238.991,39.348,-0.982,-0.185,0.037,0,0.193,0.981,-0.189,0.963,-0.19],"_shiftlockState":false,"_pose":"Running","_animationQueue":[],"_animationSpeed":1.103,"_zoom":15.45},{"_mousePosition":[683,384],"_rootPartCFrame":[757.17,222.397,42.052,0.068,0,0.998,0,1,0,-0.998,0,0.068],"_humanoidState":8,"_cameraCFrame":[757.593,239.041,39.019,-0.99,-0.135,0.027,0,0.198,0.98,-0.138,0.971,-0.196],"_shiftlockState":false,"_pose":"Running","_animationQueue":[],"_animationSpeed":1.103,"_zoom":15.45},{"_mousePosition":[683,384],"_rootPartCFrame":[757.023,222.432,41.83,0.198,0,0.98,0,1,0,-0.98,0,0.198],"_humanoidState":8,"_cameraCFrame":[757.349,239.065,38.735,-0.994,-0.103,0.021,0,0.201,0.98,-0.105,0.974,-0.2],"_shiftlockState":false,"_pose":"Running","_animationQueue":[["walk",0.1]],"_animationSpeed":1.103,"_zoom":15.45},{"_mousePosition":[683,384],"_rootPartCFrame":[756.864,222.45,41.616,0.3,0,0.954,0,1,0,-0.954,0,0.3],"_humanoidState":8,"_cameraCFrame":[757.154,239.079,38.493,-0.996,-0.09,0.019,0,0.203,0.979,-0.092,0.975,-0.202],"_shiftlockState":false,"_pose":"Running","_animationQueue":[],"_animationSpeed":1.103,"_zoom":15.45},{"_mousePosition":[683,384],"_rootPartCFrame":[756.697,222.461,41.407,0.38,0,0.925,0,1,0,-0.925,0,0.38],"_humanoidState":8,"_cameraCFrame":[756.98,239.089,38.285,-0.996,-0.088,0.018,0,0.203,0.979,-0.09,0.975,-0.202],"_shiftlockState":false,"_pose":"Running","_animationQueue":[],"_animationSpeed":1.103,"_zoom":15.45},{"_mousePosition":[683,384],"_rootPartCFrame":[756.53,222.434,41.2,0.452,0,0.892,0,1,0,-0.892,0,0.452],"_humanoidState":8,"_cameraCFrame":[756.807,239.061,38.065,-0.996,-0.086,0.018,0,0.204,0.979,-0.088,0.975,-0.203],"_shiftlockState":false,"_pose":"Running","_animationQueue":[],"_animationSpeed":1.103,"_zoom":15.45},{"_mousePosition":[683,384],"_rootPartCFrame":[756.362,222.354,40.993,0.52,0,0.854,0,1,0,-0.854,0,0.52],"_humanoidState":8,"_cameraCFrame":[756.637,238.978,37.845,-0.996,-0.085,0.018,0,0.205,0.979,-0.087,0.975,-0.204],"_shiftlockState":false,"_pose":"Running","_animationQueue":[],"_animationSpeed":1.103,"_zoom":15.45},{"_mousePosition":[683,384],"_rootPartCFrame":[756.194,222.219,40.785,0.585,0,0.811,0,1,0,-0.811,0,0.585],"_humanoidState":8,"_cameraCFrame":[756.464,238.84,37.625,-0.996,-0.083,0.017,0,0.205,0.979,-0.085,0.975,-0.205],"_shiftlockState":false,"_pose":"Running","_animationQueue":[],"_animationSpeed":1.103,"_zoom":15.45},{"_mousePosition":[683,384],"_rootPartCFrame":[756.026,222.029,40.578,0.646,0,0.763,0,1,0,-0.763,0,0.646],"_humanoidState":8,"_cameraCFrame":[756.293,238.65,37.417,-0.996,-0.082,0.017,0,0.205,0.979,-0.084,0.975,-0.205],"_shiftlockState":false,"_pose":"Running","_animationQueue":[],"_animationSpeed":1.103,"_zoom":15.45},{"_mousePosition":[683,384],"_rootPartCFrame":[755.859,222.902,40.371,0.704,0,0.71,0,1,0,-0.71,0,0.704],"_humanoidState":3,"_cameraCFrame":[756.12,239.521,37.197,-0.997,-0.08,0.017,0,0.206,0.979,-0.082,0.975,-0.205],"_shiftlockState":false,"_pose":"Jumping","_animationQueue":[["walk",0.1],["walk",0.1],["jump",0.1]],"_animationSpeed":1,"_zoom":15.45},{"_mousePosition":[683,384],"_rootPartCFrame":[755.715,223.724,40.156,0.774,0,0.633,0,1,0,-0.633,0,0.774],"_humanoidState":5,"_cameraCFrame":[755.97,240.34,36.97,-0.997,-0.078,0.017,0,0.207,0.978,-0.08,0.975,-0.206],"_shiftlockState":false,"_pose":"FreeFall","_animationQueue":[["jump",0.1]],"_animationSpeed":1,"_zoom":15.45},{"_mousePosition":[683,384],"_rootPartCFrame":[755.609,224.492,39.93,0.836,0,0.548,0,1,0,-0.548,0,0.836],"_humanoidState":5,"_cameraCFrame":[755.85,241.1,36.706,-0.997,-0.073,0.016,0,0.209,0.978,-0.075,0.975,-0.209],"_shiftlockState":false,"_pose":"FreeFall","_animationQueue":[],"_animationSpeed":1,"_zoom":15.45},{"_mousePosition":[683,384],"_rootPartCFrame":[755.526,225.205,39.722,0.853,0,0.521,0,1,0,-0.521,0,0.853],"_humanoidState":5,"_cameraCFrame":[755.756,241.805,36.461,-0.998,-0.069,0.015,0,0.212,0.977,-0.07,0.975,-0.211],"_shiftlockState":false,"_pose":"FreeFall","_animationQueue":[],"_animationSpeed":1,"_zoom":15.45},{"_mousePosition":[683,384],"_rootPartCFrame":[755.458,225.863,39.552,0.855,0,0.518,0,1,0,-0.518,0,0.855],"_humanoidState":5,"_cameraCFrame":[755.68,242.458,36.265,-0.998,-0.066,0.014,0,0.213,0.977,-0.067,0.975,-0.213],"_shiftlockState":false,"_pose":"FreeFall","_animationQueue":[],"_animationSpeed":1,"_zoom":15.45},{"_mousePosition":[683,384],"_rootPartCFrame":[755.375,226.467,39.409,0.807,0,0.591,0,1,0,-0.591,0,0.807],"_humanoidState":5,"_cameraCFrame":[755.591,243.057,36.098,-0.998,-0.064,0.014,0,0.215,0.977,-0.065,0.975,-0.214],"_shiftlockState":false,"_pose":"FreeFall","_animationQueue":[],"_animationSpeed":1,"_zoom":15.45},{"_mousePosition":[683,384],"_rootPartCFrame":[755.259,227.017,39.288,0.734,0,0.68,0,1,0,-0.68,0,0.734],"_humanoidState":5,"_cameraCFrame":[755.47,243.601,35.952,-0.998,-0.062,0.014,0,0.216,0.976,-0.063,0.974,-0.216],"_shiftlockState":false,"_pose":"FreeFall","_animationQueue":[],"_animationSpeed":1,"_zoom":15.45},{"_mousePosition":[683,384],"_rootPartCFrame":[755.111,227.512,39.19,0.658,0,0.753,0,1,0,-0.753,0,0.658],"_humanoidState":5,"_cameraCFrame":[755.315,244.094,35.842,-0.998,-0.06,0.013,0,0.217,0.976,-0.061,0.974,-0.217],"_shiftlockState":false,"_pose":"FreeFall","_animationQueue":[],"_animationSpeed":1,"_zoom":15.45},{"_mousePosition":[683,384],"_rootPartCFrame":[754.946,227.953,39.125,0.56,0,0.829,0,1,0,-0.829,0,0.56],"_humanoidState":5,"_cameraCFrame":[755.135,244.526,35.739,-0.998,-0.054,0.012,0,0.219,0.976,-0.056,0.974,-0.219],"_shiftlockState":false,"_pose":"FreeFall","_animationQueue":[],"_animationSpeed":1,"_zoom":15.45},{"_mousePosition":[683,384],"_rootPartCFrame":[754.79,228.339,39.097,0.446,0,0.895,0,1,0,-0.895,0,0.446],"_humanoidState":5,"_cameraCFrame":[754.965,244.915,35.722,-0.999,-0.05,0.011,0,0.219,0.976,-0.052,0.974,-0.218],"_shiftlockState":false,"_pose":"FreeFall","_animationQueue":[],"_animationSpeed":1,"_zoom":15.45},{"_mousePosition":[683,384],"_rootPartCFrame":[754.651,228.67,39.105,0.323,0,0.946,0,1,0,-0.946,0,0.323],"_humanoidState":5,"_cameraCFrame":[753.111,245.26,35.684,-0.998,-0.061,0.013,0,0.215,0.977,-0.062,0.975,-0.214],"_shiftlockState":true,"_pose":"FreeFall","_animationQueue":[],"_animationSpeed":1,"_zoom":15.45},{"_mousePosition":[683,384],"_rootPartCFrame":[754.53,228.947,39.149,-1,0,0.02,0,1,0,-0.02,0,-1],"_humanoidState":5,"_cameraCFrame":[752.989,245.537,35.728,-0.998,-0.061,0.013,0,0.215,0.977,-0.062,0.975,-0.214],"_shiftlockState":true,"_pose":"FreeFall","_animationQueue":[],"_animationSpeed":1,"_zoom":15.45},{"_mousePosition":[683,384],"_rootPartCFrame":[754.425,229.17,39.228,-0.998,0,0.057,0,1,0,-0.057,0,-0.998],"_humanoidState":5,"_cameraCFrame":[752.885,245.759,35.808,-0.998,-0.061,0.013,0,0.215,0.977,-0.062,0.975,-0.214],"_shiftlockState":true,"_pose":"FreeFall","_animationQueue":[],"_animationSpeed":1,"_zoom":15.45},{"_mousePosition":[683,384],"_rootPartCFrame":[754.338,229.338,39.344,-0.998,0,0.061,0,1,0,-0.061,0,-0.998],"_humanoidState":5,"_cameraCFrame":[752.797,245.927,35.923,-0.998,-0.061,0.013,0,0.215,0.977,-0.062,0.975,-0.214],"_shiftlockState":true,"_pose":"FreeFall","_animationQueue":[],"_animationSpeed":1,"_zoom":15.45},{"_mousePosition":[683,384],"_rootPartCFrame":[754.267,229.451,39.495,-0.998,0,0.062,0,1,0,-0.062,0,-0.998],"_humanoidState":5,"_cameraCFrame":[752.726,246.041,36.074,-0.998,-0.061,0.013,0,0.215,0.977,-0.062,0.975,-0.214],"_shiftlockState":true,"_pose":"FreeFall","_animationQueue":[],"_animationSpeed":1,"_zoom":15.45},{"_mousePosition":[683,384],"_rootPartCFrame":[754.213,229.51,39.682,-0.998,0,0.062,0,1,0,-0.062,0,-0.998],"_humanoidState":5,"_cameraCFrame":[752.673,246.1,36.262,-0.998,-0.061,0.013,0,0.215,0.977,-0.062,0.975,-0.214],"_shiftlockState":true,"_pose":"FreeFall","_animationQueue":[],"_animationSpeed":1,"_zoom":15.45},{"_mousePosition":[683,384],"_rootPartCFrame":[754.177,229.515,39.906,-0.998,0,0.062,0,1,0,-0.062,0,-0.998],"_humanoidState":5,"_cameraCFrame":[752.636,246.104,36.485,-0.998,-0.061,0.013,0,0.215,0.977,-0.062,0.975,-0.214],"_shiftlockState":true,"_pose":"FreeFall","_animationQueue":[],"_animationSpeed":1,"_zoom":15.45},{"_mousePosition":[683,384],"_rootPartCFrame":[754.156,229.465,40.162,-0.998,0,0.062,0,1,0,-0.062,0,-0.998],"_humanoidState":5,"_cameraCFrame":[752.615,246.054,36.742,-0.998,-0.061,0.013,0,0.215,0.977,-0.062,0.975,-0.214],"_shiftlockState":true,"_pose":"FreeFall","_animationQueue":[],"_animationSpeed":1,"_zoom":15.45},{"_mousePosition":[683,384],"_rootPartCFrame":[754.143,229.391,40.362,-0.998,0,0.062,0,1,0,-0.062,0,-0.998],"_humanoidState":5,"_cameraCFrame":[752.602,245.981,36.941,-0.998,-0.061,0.013,0,0.215,0.977,-0.062,0.975,-0.214],"_shiftlockState":true,"_pose":"FreeFall","_animationQueue":[],"_animationSpeed":1,"_zoom":15.45},{"_mousePosition":[683,384],"_rootPartCFrame":[754.122,229.201,40.694,-0.998,0,0.062,0,1,0,-0.062,0,-0.998],"_humanoidState":5,"_cameraCFrame":[752.585,245.78,37.225,-0.998,-0.061,0.014,0,0.218,0.976,-0.062,0.974,-0.218],"_shiftlockState":true,"_pose":"FreeFall","_animationQueue":[],"_animationSpeed":1,"_zoom":15.45},{"_mousePosition":[683,384],"_rootPartCFrame":[754.106,228.988,40.96,-0.998,0,0.062,0,1,0,-0.062,0,-0.998],"_humanoidState":5,"_cameraCFrame":[752.748,245.559,37.382,-0.994,-0.109,0.025,0,0.22,0.975,-0.112,0.969,-0.219],"_shiftlockState":true,"_pose":"FreeFall","_animationQueue":[["fall",0.3]],"_animationSpeed":1,"_zoom":15.45},{"_mousePosition":[683,384],"_rootPartCFrame":[754.089,228.72,41.227,-0.994,0,0.108,0,1,0,-0.108,0,-0.994],"_humanoidState":5,"_cameraCFrame":[753.128,245.325,37.667,-0.974,-0.224,0.048,0,0.21,0.978,-0.229,0.952,-0.204],"_shiftlockState":true,"_pose":"FreeFall","_animationQueue":[],"_animationSpeed":1,"_zoom":15.45},{"_mousePosition":[683,384],"_rootPartCFrame":[754.08,228.882,41.37,-0.974,0,0.227,0,1,0,-0.227,0,-0.974],"_humanoidState":12,"_cameraCFrame":[753.401,245.491,37.757,-0.952,-0.299,0.064,0,0.209,0.978,-0.305,0.931,-0.199],"_shiftlockState":true,"_pose":"Climbing","_animationQueue":[["walk",0.1],["fall",0.3],["climb",0.1],["climb",0]],"_animationSpeed":-1.442,"_zoom":15.45},{"_mousePosition":[683,384],"_rootPartCFrame":[753.999,229.291,41.429,-0.952,0,0.305,0,1,0,-0.305,0,-0.952],"_humanoidState":8,"_cameraCFrame":[753.588,245.892,37.743,-0.928,-0.363,0.079,0,0.212,0.977,-0.371,0.907,-0.196],"_shiftlockState":true,"_pose":"Running","_animationQueue":[["walk",0.1],["climb",0.1],["walk",0.1],["walk",0.1]],"_animationSpeed":0.094,"_zoom":15.45},{"_mousePosition":[683,384],"_rootPartCFrame":[753.792,229.79,41.419,-0.928,0,0.371,0,1,0,-0.371,0,-0.928],"_humanoidState":8,"_cameraCFrame":[753.579,246.39,37.716,-0.907,-0.411,0.089,0,0.212,0.977,-0.42,0.887,-0.192],"_shiftlockState":true,"_pose":"Running","_animationQueue":[["walk",0.1]],"_animationSpeed":0.693,"_zoom":15.45},{"_mousePosition":[683,384],"_rootPartCFrame":[753.545,230.095,41.325,-0.907,0,0.42,0,1,0,-0.42,0,-0.907],"_humanoidState":8,"_cameraCFrame":[753.519,246.705,37.659,-0.882,-0.461,0.098,0,0.208,0.978,-0.471,0.863,-0.184],"_shiftlockState":true,"_pose":"Running","_animationQueue":[["walk",0.1]],"_animationSpeed":1.037,"_zoom":15.45},{"_mousePosition":[683,384],"_rootPartCFrame":[753.303,230.266,41.215,-0.882,0,0.471,0,1,0,-0.471,0,-0.882],"_humanoidState":8,"_cameraCFrame":[753.507,246.897,37.641,-0.843,-0.527,0.109,0,0.202,0.979,-0.538,0.826,-0.17],"_shiftlockState":true,"_pose":"Running","_animationQueue":[["walk",0.1]],"_animationSpeed":1.102,"_zoom":15.45},{"_mousePosition":[683,384],"_rootPartCFrame":[753.066,230.36,41.091,-0.843,0,0.538,0,1,0,-0.538,0,-0.843],"_humanoidState":8,"_cameraCFrame":[753.43,247.025,37.679,-0.801,-0.587,0.114,0,0.191,0.982,-0.598,0.787,-0.153],"_shiftlockState":true,"_pose":"Running","_animationQueue":[["walk",0.1]],"_animationSpeed":1.102,"_zoom":15.45},{"_mousePosition":[683,384],"_rootPartCFrame":[752.84,230.411,40.951,-0.801,0,0.598,0,1,0,-0.598,0,-0.801],"_humanoidState":8,"_cameraCFrame":[753.218,247.109,37.687,-0.78,-0.616,0.113,0,0.18,0.984,-0.626,0.767,-0.14],"_shiftlockState":true,"_pose":"Running","_animationQueue":[],"_animationSpeed":1.102,"_zoom":15.45},{"_mousePosition":[683,384],"_rootPartCFrame":[752.615,231.274,40.808,-0.78,0,0.626,0,1,0,-0.626,0,-0.78],"_humanoidState":3,"_cameraCFrame":[752.888,247.99,37.616,-0.788,-0.606,0.107,0,0.174,0.985,-0.616,0.776,-0.137],"_sh