[{"_mousePosition":[1156,365],"_rootPartCFrame":[776.031,222.984,47.142,0.001,-0.003,1,0,1,0.003,-1,0,0.001],"_humanoidState":8,"_cameraCFrame":[781.801,228.935,47.624,0.083,-0.607,0.79,0,0.793,0.609,-0.997,-0.051,0.066],"_shiftlockState":false,"_pose":"Standing","_animationQueue":[],"_animationSpeed":1,"_zoom":7.307},{"_mousePosition":[1113,365],"_rootPartCFrame":[775.981,222.947,47.138,0.004,-0.002,1,0,1,0.002,-1,0,0.004],"_humanoidState":8,"_cameraCFrame":[781.752,228.899,47.62,0.083,-0.607,0.79,0,0.793,0.609,-0.997,-0.051,0.066],"_shiftlockState":false,"_pose":"Standing","_animationQueue":[],"_animationSpeed":1,"_zoom":7.307},{"_mousePosition":[1081,365],"_rootPartCFrame":[775.729,222.818,47.117,0.014,0,1,0,1,0,-1,0,0.014],"_humanoidState":8,"_cameraCFrame":[781.503,228.769,47.599,0.083,-0.607,0.79,0,0.793,0.609,-0.997,-0.051,0.066],"_shiftlockState":false,"_pose":"Running","_animationQueue":[["walk",0.1]],"_animationSpeed":0.555,"_zoom":7.307},{"_mousePosition":[1018,367],"_rootPartCFrame":[775.463,222.634,47.095,0.024,0,1,0,1,0,-1,0,0.024],"_humanoidState":8,"_cameraCFrame":[781.238,228.586,47.577,0.083,-0.607,0.79,0,0.793,0.609,-0.997,-0.051,0.066],"_shiftlockState":false,"_pose":"Running","_animationQueue":[["walk",0.1]],"_animationSpeed":1.09,"_zoom":7.307},{"_mousePosition":[973,368],"_rootPartCFrame":[775.198,222.63,47.072,0.032,0,0.999,0,1,0,-0.999,0,0.032],"_humanoidState":8,"_cameraCFrame":[780.972,228.581,47.555,0.083,-0.607,0.79,0,0.793,0.609,-0.997,-0.051,0.066],"_shiftlockState":false,"_pose":"Running","_animationQueue":[["walk",0.1]],"_animationSpeed":1.09,"_zoom":7.307},{"_mousePosition":[948,369],"_rootPartCFrame":[774.799,222.667,47.039,0.042,0,0.999,0,1,0,-0.999,0,0.042],"_humanoidState":8,"_cameraCFrame":[780.573,228.619,47.521,0.083,-0.607,0.79,0,0.793,0.609,-0.997,-0.051,0.066],"_shiftlockState":false,"_pose":"Running","_animationQueue":[],"_animationSpeed":1.09,"_zoom":7.307},{"_mousePosition":[893,373],"_rootPartCFrame":[774.666,222.676,47.028,0.045,0,0.999,0,1,0,-0.999,0,0.045],"_humanoidState":8,"_cameraCFrame":[780.44,228.627,47.51,0.083,-0.607,0.79,0,0.793,0.609,-0.997,-0.051,0.066],"_shiftlockState":false,"_pose":"Running","_animationQueue":[],"_animationSpeed":1.09,"_zoom":7.307},{"_mousePosition":[872,379],"_rootPartCFrame":[774.4,222.687,47.006,0.05,0,0.999,0,1,0,-0.999,0,0.05],"_humanoidState":8,"_cameraCFrame":[780.175,228.638,47.488,0.083,-0.607,0.79,0,0.793,0.609,-0.997,-0.051,0.066],"_shiftlockState":false,"_pose":"Running","_animationQueue":[],"_animationSpeed":1.09,"_zoom":7.307},{"_mousePosition":[847,400],"_rootPartCFrame":[774.135,222.693,46.984,0.055,0,0.999,0,1,0,-0.999,0,0.055],"_humanoidState":8,"_cameraCFrame":[779.909,228.644,47.466,0.083,-0.607,0.79,0,0.793,0.609,-0.997,-0.051,0.066],"_shiftlockState":false,"_pose":"Running","_animationQueue":[],"_animationSpeed":1.09,"_zoom":7.307},{"_mousePosition":[847,400],"_rootPartCFrame":[773.869,222.696,46.961,0.058,0,0.998,0,1,0,-0.998,0,0.058],"_humanoidState":8,"_cameraCFrame":[779.554,228.763,47.418,0.08,-0.623,0.778,0,0.781,0.625,-0.997,-0.05,0.063],"_shiftlockState":false,"_pose":"Running","_animationQueue":[],"_animationSpeed":1.09,"_zoom":7.307},{"_mousePosition":[847,400],"_rootPartCFrame":[773.603,222.698,46.939,0.062,0,0.998,0,1,0,-0.998,0,0.062],"_humanoidState":8,"_cameraCFrame":[779.165,228.902,47.515,0.103,-0.64,0.761,0,0.765,0.644,-0.995,-0.066,0.079],"_shiftlockState":false,"_pose":"Running","_animationQueue":[["walk",0.1]],"_animationSpeed":1.09,"_zoom":7.307},{"_mousePosition":[847,400],"_rootPartCFrame":[773.337,222.699,46.918,0.064,0,0.998,0,1,0,-0.998,0,0.064],"_humanoidState":8,"_cameraCFrame":[778.708,229.08,47.76,0.155,-0.66,0.735,0,0.744,0.668,-0.988,-0.104,0.115],"_shiftlockState":false,"_pose":"Running","_animationQueue":[],"_animationSpeed":1.09,"_zoom":7.307},{"_mousePosition":[847,400],"_rootPartCFrame":[773.072,222.699,46.891,0.069,0,0.998,0,1,0,-0.998,0,0.069],"_humanoidState":8,"_cameraCFrame":[778.181,229.279,48.109,0.232,-0.676,0.699,0,0.719,0.695,-0.973,-0.161,0.167],"_shiftlockState":false,"_pose":"Running","_animationQueue":[],"_animationSpeed":1.09,"_zoom":7.307},{"_mousePosition":[847,400],"_rootPartCFrame":[772.808,222.699,46.851,0.08,0,0.997,0,1,0,-0.997,0,0.08],"_humanoidState":8,"_cameraCFrame":[777.546,229.511,48.504,0.329,-0.686,0.648,0,0.687,0.727,-0.944,-0.24,0.226],"_shiftlockState":false,"_pose":"Running","_animationQueue":[],"_animationSpeed":1.09,"_zoom":7.307},{"_mousePosition":[847,400],"_rootPartCFrame":[772.549,222.699,46.79,0.1,0,0.995,0,1,0,-0.995,0,0.1],"_humanoidState":8,"_cameraCFrame":[776.875,229.74,48.785,0.419,-0.689,0.592,0,0.652,0.758,-0.908,-0.318,0.273],"_shiftlockState":false,"_pose":"Running","_animationQueue":[],"_animationSpeed":1.09,"_zoom":7.307},{"_mousePosition":[847,400],"_rootPartCFrame":[772.296,222.7,46.705,0.13,0,0.992,0,1,0,-0.992,0,0.13],"_humanoidState":8,"_cameraCFrame":[776.285,229.917,48.895,0.481,-0.686,0.546,0,0.623,0.782,-0.877,-0.377,0.3],"_shiftlockState":false,"_pose":"Running","_animationQueue":[],"_animationSpeed":1.09,"_zoom":7.307},{"_mousePosition":[847,400],"_rootPartCFrame":[772.053,222.7,46.595,0.169,0,0.986,0,1,0,-0.986,0,0.169],"_humanoidState":8,"_cameraCFrame":[775.671,230.103,48.931,0.543,-0.679,0.495,0,0.589,0.808,-0.84,-0.438,0.32],"_shiftlockState":false,"_pose":"Running","_animationQueue":[],"_animationSpeed":1.09,"_zoom":7.307},{"_mousePosition":[847,400],"_rootPartCFrame":[771.819,222.7,46.468,0.212,0,0.977,0,1,0,-0.977,0,0.212],"_humanoidState":8,"_cameraCFrame":[775.14,230.252,48.863,0.585,-0.672,0.455,0,0.56,0.828,-0.811,-0.484,0.328],"_shiftlockState":false,"_pose":"Running","_animationQueue":[["walk",0.1]],"_animationSpeed":1.09,"_zoom":7.307},{"_mousePosition":[847,400],"_rootPartCFrame":[771.594,222.7,46.325,0.258,0,0.966,0,1,0,-0.966,0,0.258],"_humanoidState":8,"_cameraCFrame":[774.708,230.362,48.717,0.609,-0.669,0.426,0,0.537,0.843,-0.793,-0.514,0.327],"_shiftlockState":false,"_pose":"Running","_animationQueue":[],"_animationSpeed":1.09,"_zoom":7.307},{"_mousePosition":[847,400],"_rootPartCFrame":[771.377,222.7,46.169,0.305,0,0.952,0,1,0,-0.952,0,0.305],"_humanoidState":8,"_cameraCFrame":[774.361,230.449,48.502,0.616,-0.674,0.408,0,0.518,0.855,-0.788,-0.527,0.319],"_shiftlockState":false,"_pose":"Running","_animationQueue":[],"_animationSpeed":1.09,"_zoom":7.307},{"_mousePosition":[847,400],"_rootPartCFrame":[771.165,222.7,46.008,0.348,0,0.937,0,1,0,-0.937,0,0.348],"_humanoidState":8,"_cameraCFrame":[774.056,230.536,48.219,0.608,-0.689,0.396,0,0.498,0.867,-0.794,-0.527,0.303],"_shiftlockState":false,"_pose":"Running","_animationQueue":[],"_animationSpeed":1.09,"_zoom":7.307},{"_mousePosition":[847,400],"_rootPartCFrame":[770.955,222.7,45.843,0.387,0,0.922,0,1,0,-0.922,0,0.387],"_humanoidState":8,"_cameraCFrame":[773.747,230.647,47.852,0.584,-0.716,0.382,0,0.471,0.882,-0.812,-0.515,0.275],"_shiftlockState":false,"_pose":"Running","_animationQueue":[],"_animationSpeed":1.09,"_zoom":7.307},{"_mousePosition":[847,400],"_rootPartCFrame":[770.743,222.7,45.681,0.419,0,0.908,0,1,0,-0.908,0,0.419],"_humanoidState":8,"_cameraCFrame":[773.358,230.801,47.409,0.551,-0.754,0.358,0,0.429,0.903,-0.834,-0.498,0.236],"_shiftlockState":false,"_pose":"Running","_animationQueue":[],"_animationSpeed":1.09,"_zoom":7.307},{"_mousePosition":[847,400],"_rootPartCFrame":[770.527,222.7,45.525,0.443,0,0.897,0,1,0,-0.897,0,0.443],"_humanoidState":8,"_cameraCFrame":[772.885,230.971,46.931,0.512,-0.796,0.323,0,0.376,0.927,-0.859,-0.475,0.192],"_shiftlockState":false,"_pose":"Running","_animationQueue":[],"_animationSpeed":1.09,"_zoom":7.307},{"_mousePosition":[847,400],"_rootPartCFrame":[770.305,222.7,45.377,0.458,0,0.889,0,1,0,-0.889,0,0.458],"_humanoidState":8,"_cameraCFrame":[772.447,231.086,46.551,0.48,-0.827,0.293,0,0.334,0.942,-0.877,-0.453,0.161],"_shiftlockState":false,"_pose":"Running","_animationQueue":[["walk",0.1]],"_animationSpeed":1.09,"_zoom":7.307},{"_mousePosition":[847,400],"_rootPartCFrame":[770.083,222.666,45.23,0.473,0,0.881,0,1,0,-0.881,0,0.473],"_humanoidState":8,"_cameraCFrame":[772.184,231.07,46.375,0.479,-0.83,0.287,0,0.327,0.945,-0.878,-0.452,0.157],"_shiftlockState":false,"_pose":"Running","_animationQueue":[],"_animationSpeed":1.09,"_zoom":7.307},{"_mousePosition":[847,400],"_rootPartCFrame":[769.916,222.604,45.12,0.484,0,0.875,0,1,0,-0.875,0,0.484],"_humanoidState":8,"_cameraCFrame":[772.017,231.009,46.265,0.479,-0.83,0.287,0,0.327,0.945,-0.878,-0.452,0.157],"_shiftlockState":false,"_pose":"Running","_animationQueue":[],"_animationSpeed":1.09,"_zoom":7.307},{"_mousePosition":[847,400],"_rootPartCFrame":[769.638,223.674,44.936,0.502,0,0.865,0,1,0,-0.865,0,0.502],"_humanoidState":3,"_cameraCFrame":[771.739,232.079,46.081,0.479,-0.83,0.287,0,0.327,0.945,-0.878,-0.452,0.157],"_shiftlockState":false,"_pose":"Jumping","_animationQueue":[["walk",0.1],["jump",0.1]],"_animationSpeed":1,"_zoom":7.307},{"_mousePosition":[847,400],"_rootPartCFrame":[769.407,224.469,44.804,0.505,0,0.863,0,1,0,-0.863,0,0.505],"_humanoidState":5,"_cameraCFrame":[771.507,232.873,45.949,0.479,-0.83,0.287,0,0.327,0.945,-0.878,-0.452,0.157],"_shiftlockState":false,"_pose":"FreeFall","_animationQueue":[["jump",0.1]],"_animationSpeed":1,"_zoom":7.307},{"_mousePosition":[853,432],"_rootPartCFrame":[769.231,225.029,44.709,0.503,0,0.864,0,1,0,-0.864,0,0.503],"_humanoidState":5,"_cameraCFrame":[771.388,233.619,45.884,0.479,-0.83,0.287,0,0.327,0.945,-0.878,-0.452,0.157],"_shiftlockState":false,"_pose":"FreeFall","_animationQueue":[],"_animationSpeed":1,"_zoom":9.634},{"_mousePosition":[853,432],"_rootPartCFrame":[768.938,225.895,44.549,0.499,0,0.867,0,1,0,-0.867,0,0.499],"_humanoidState":5,"_cameraCFrame":[771.199,234.826,45.781,0.479,-0.83,0.287,0,0.327,0.945,-0.878,-0.452,0.157],"_shiftlockState":false,"_pose":"FreeFall","_animationQueue":[],"_animationSpeed":1,"_zoom":9.634},{"_mousePosition":[853,432],"_rootPartCFrame":[768.704,226.526,44.421,0.496,0,0.868,0,1,0,-0.868,0,0.496],"_humanoidState":5,"_cameraCFrame":[771.081,235.838,45.717,0.479,-0.83,0.287,0,0.327,0.945,-0.878,-0.452,0.157],"_shiftlockState":false,"_pose":"FreeFall","_animationQueue":[],"_animationSpeed":1,"_zoom":9.634},{"_mousePosition":[853,432],"_rootPartCFrame":[768.47,227.103,44.294,0.494,0,0.87,0,1,0,-0.87,0,0.494],"_humanoidState":5,"_cameraCFrame":[770.948,236.749,45.645,0.479,-0.83,0.287,0,0.327,0.945,-0.878,-0.452,0.157],"_shiftlockState":false,"_pose":"FreeFall","_animationQueue":[],"_animationSpeed":1,"_zoom":9.634},{"_mousePosition":[853,432],"_rootPartCFrame":[768.236,227.626,44.166,0.491,0,0.871,0,1,0,-0.871,0,0.491],"_humanoidState":5,"_cameraCFrame":[770.791,237.524,45.559,0.479,-0.83,0.287,0,0.327,0.945,-0.878,-0.452,0.157],"_shiftlockState":false,"_pose":"FreeFall","_animationQueue":[],"_animationSpeed":1,"_zoom":9.634},{"_mousePosition":[853,432],"_rootPartCFrame":[768.06,227.981,44.07,0.49,0,0.872,0,1,0,-0.872,0,0.49],"_humanoidState":5,"_cameraCFrame":[770.678,238.086,45.497,0.479,-0.83,0.287,0,0.327,0.945,-0.878,-0.452,0.157],"_shiftlockState":false,"_pose":"FreeFall","_animationQueue":[],"_animationSpeed":1,"_zoom":9.634},{"_mousePosition":[853,432],"_rootPartCFrame":[767.826,228.408,43.943,0.488,0,0.873,0,1,0,-0.873,0,0.488],"_humanoidState":5,"_cameraCFrame":[770.488,238.657,45.394,0.479,-0.83,0.287,0,0.327,0.945,-0.878,-0.452,0.157],"_shiftlockState":false,"_pose":"FreeFall","_animationQueue":[],"_animationSpeed":1,"_zoom":9.634},{"_mousePosition":[853,432],"_rootPartCFrame":[767.592,228.781,43.815,0.487,0,0.873,0,1,0,-0.873,0,0.487],"_humanoidState":5,"_cameraCFrame":[770.287,239.14,45.284,0.479,-0.83,0.287,0,0.327,0.945,-0.878,-0.452,0.157],"_shiftlockState":false,"_pose":"FreeFall","_animationQueue":[],"_animationSpeed":1,"_zoom":9.634},{"_mousePosition":[853,432],"_rootPartCFrame":[767.358,229.099,43.687,0.486,0,0.874,0,1,0,-0.874,0,0.486],"_humanoidState":5,"_cameraCFrame":[770.077,239.535,45.17,0.479,-0.83,0.287,0,0.327,0.945,-0.878,-0.452,0.157],"_shiftlockState":false,"_pose":"FreeFall","_animationQueue":[],"_animationSpeed":1,"_zoom":9.634},{"_mousePosition":[847,400],"_rootPartCFrame":[767.124,229.362,43.56,0.485,0,0.875,0,1,0,-0.875,0,0.485],"_humanoidState":5,"_cameraCFrame":[770.075,239.799,44.962,0.429,-0.848,0.31,0,0.343,0.939,-0.903,-0.403,0.147],"_shiftlockState":false,"_pose":"FreeFall","_animationQueue":[],"_animationSpeed":1,"_zoom":9.634},{"_mousePosition":[847,400],"_rootPartCFrame":[766.831,229.615,43.4,0.484,0,0.875,0,1,0,-0.875,0,0.484],"_humanoidState":5,"_cameraCFrame":[769.867,240.086,44.641,0.378,-0.869,0.318,0,0.343,0.939,-0.926,-0.355,0.13],"_shiftlockState":false,"_pose":"FreeFall","_animationQueue":[],"_animationSpeed":1,"_zoom":9.634},{"_mousePosition":[847,400],"_rootPartCFrame":[766.591,229.755,43.284,0.479,0,0.878,0,1,0,-0.878,0,0.479],"_humanoidState":5,"_cameraCFrame":[770.059,240.314,42.454,0.275,-0.91,0.312,0,0.324,0.946,-0.962,-0.26,0.089],"_shiftlockState":true,"_pose":"FreeFall","_animationQueue":[],"_animationSpeed":1,"_zoom":9.634},{"_mousePosition":[683,384],"_rootPartCFrame":[766.345,229.842,43.181,0.282,0,0.959,0,1,0,-0.959,0,0.282],"_humanoidState":5,"_cameraCFrame":[769.819,240.419,42.353,0.275,-0.91,0.312,0,0.324,0.946,-0.962,-0.26,0.089],"_shiftlockState":true,"_pose":"FreeFall","_animationQueue":[],"_animationSpeed":1,"_zoom":9.634},{"_mousePosition":[683,384],"_rootPartCFrame":[766.156,229.871,43.118,0.278,0,0.961,0,1,0,-0.961,0,0.278],"_humanoidState":5,"_cameraCFrame":[769.193,240.537,41.655,0.097,-0.95,0.298,0,0.3,0.954,-0.995,-0.092,0.029],"_shiftlockState":true,"_pose":"FreeFall","_animationQueue":[],"_animationSpeed":1,"_zoom":9.634},{"_mousePosition":[683,384],"_rootPartCFrame":[765.835,229.851,43.026,0.12,0,0.993,0,1,0,-0.993,0,0.12],"_humanoidState":5,"_cameraCFrame":[768.343,240.586,41.033,-0.093,-0.956,0.278,0,0.279,0.96,-0.996,0.09,-0.026],"_shiftlockState":true,"_pose":"FreeFall","_animationQueue":[],"_animationSpeed":1,"_zoom":9.634},{"_mousePosition":[683,384],"_rootPartCFrame":[765.574,229.773,42.977,-0.069,0,0.998,0,1,0,-0.998,0,-0.069],"_humanoidState":5,"_cameraCFrame":[767.536,240.546,40.562,-0.287,-0.923,0.256,0,0.267,0.964,-0.958,0.277,-0.077],"_shiftlockState":true,"_pose":"FreeFall","_animationQueue":[["fall",0.3]],"_animationSpeed":1,"_zoom":9.634},{"_mousePosition":[683,384],"_rootPartCFrame":[765.32,229.642,42.92,-0.192,0,0.981,0,1,0,-0.981,0,-0.192],"_humanoidState":5,"_cameraCFrame":[766.782,240.449,40.277,-0.433,-0.872,0.231,0,0.256,0.967,-0.901,0.418,-0.111],"_shiftlockState":true,"_pose":"FreeFall","_animationQueue":[],"_animationSpeed":1,"_zoom":9.634},{"_mousePosition":[683,384],"_rootPartCFrame":[765.078,229.456,42.825,-0.319,0,0.948,0,1,0,-0.948,0,-0.319],"_humanoidState":5,"_cameraCFrame":[766.153,240.29,40.087,-0.531,-0.822,0.208,0,0.246,0.969,-0.847,0.515,-0.13],"_shiftlockState":true,"_pose":"FreeFall","_animationQueue":[],"_animationSpeed":1,"_zoom":9.634},{"_mousePosition":[683,384],"_rootPartCFrame":[764.829,229.215,42.732,-0.425,0,0.905,0,1,0,-0.905,0,-0.425],"_humanoidState":5,"_cameraCFrame":[765.63,240.062,39.939,-0.602,-0.775,0.192,0,0.241,0.971,-0.799,0.584,-0.145],"_shiftlockState":true,"_pose":"FreeFall","_animationQueue":[],"_animationSpeed":1,"_zoom":9.634},{"_mousePosition":[683,384],"_rootPartCFrame":[764.594,228.92,42.624,-0.494,0,0.87,0,1,0,-0.87,0,-0.494],"_humanoidState":5,"_cameraCFrame":[765.244,239.775,39.816,-0.637,-0.749,0.183,0,0.238,0.971,-0.771,0.619,-0.151],"_shiftlockState":true,"_pose":"FreeFall","_animationQueue":[],"_animationSpeed":1,"_zoom":9.634},{"_mousePosition":[683,384],"_rootPartCFrame":[764.382,228.57,42.483,-0.529,0,0.848,0,1,0,-0.848,0,-0.529],"_humanoidState":5,"_cameraCFrame":[764.991,239.432,39.685,-0.643,-0.744,0.18,0,0.235,0.972,-0.766,0.625,-0.151],"_shiftlockState":true,"_pose":"FreeFall","_animationQueue":[],"_animationSpeed":1,"_zoom":9.634},{"_mousePosition":[683,384],"_rootPartCFrame":[764.192,228.166,42.31,-0.536,0,0.844,0,1,0,-0.844,0,-0.536],"_humanoidState":5,"_cameraCFrame":[764.801,239.028,39.511,-0.643,-0.744,0.18,0,0.235,0.972,-0.766,0.625,-0.151],"_shiftlockState":true,"_pose":"FreeFall","_animationQueue":[],"_animationSpeed":1,"_zoom":9.634},{"_mousePosition":[683,384],"_rootPartCFrame":[764.018,227.707,42.11,-0.536,0,0.844,0,1,0,-0.844,0,-0.536],"_humanoidState":5,"_cameraCFrame":[764.628,238.569,39.311,-0.643,-0.744,0.18,0,0.235,0.972,-0.766,0.625,-0.151],"_shiftlockState":true,"_pose":"FreeFall","_animationQueue":[["fall",0.3]],"_animationSpeed":1,"_zoom":9.634},{"_mousePosition":[683,384],"_rootPartCFrame":[763.889,227.327,41.957,-0.564,0,0.826,0,1,0,-0.826,0,-0.564],"_humanoidState":5,"_cameraCFrame":[764.548,238.452,39.117,-0.643,-0.744,0.18,0,0.235,0.972,-0.766,0.625,-0.151],"_shiftlockState":true,"_pose":"FreeFall","_animationQueue":[],"_animationSpeed":1,"_zoom":12.542},{"_mousePosition":[683,384],"_rootPartCFrame":[763.674,226.626,41.701,-0.508,0,0.862,0,1,0,-0.862,0,-0.508],"_humanoidState":5,"_cameraCFrame":[764.353,238.236,38.812,-0.651,-0.738,0.175,0,0.231,0.973,-0.759,0.634,-0.15],"_shiftlockState":true,"_pose":"FreeFall","_animationQueue":[],"_animationSpeed":1,"_zoom":12.542},{"_mousePosition":[683,384],"_rootPartCFrame":[763.503,226.539,41.497,-0.626,0,0.78,0,1,0,-0.78,0,-0.626],"_humanoidState":7,"_cameraCFrame":[764.13,238.625,38.563,-0.673,-0.721,0.166,0,0.224,0.974,-0.74,0.655,-0.151],"_shiftlockState":true,"_pose":"FreeFall","_animationQueue":[["walk",0.1],["fall",0.3],["fall",0.3]],"_animationSpeed":1,"_zoom":12.542},{"_mousePosition":[683,384],"_rootPartCFrame":[763.33,226.538,41.295,-0.671,0,0.741,0,1,0,-0.741,0,-0.671],"_humanoidState":7,"_cameraCFrame":[763.786,239.053,38.355,-0.709,-0.689,0.151,0,0.213,0.977,-0.705,0.693,-0.151],"_shiftlockState":true,"_pose":"FreeFall","_animationQueue":[],"_animationSpeed":1,"_zoom":12.542},{"_mousePosition":[683,384],"_rootPartCFrame":[763.196,226.538,41.146,-0.759,0,0.651,0,1,0,-0.651,0,-0.759],"_humanoidState":7,"_cameraCFrame":[763.478,240.334,38.13,-0.759,-0.638,0.128,0,0.197,0.98,-0.651,0.744,-0.15],"_shiftlockState":true,"_pose":"FreeFall","_animationQueue":[["fall",0.3]],"_animationSpeed":1,"_zoom":12.542},{"_mousePosition":[683,384],"_rootPartCFrame":[762.997,226.434,40.969,-0.759,0,0.651,0,1,0,-0.651,0,-0.759],"_humanoidState":8,"_cameraCFrame":[763.266,240.234,37.968,-0.759,-0.639,0.127,0,0.196,0.981,-0.651,0.744,-0.148],"_shiftlockState":true,"_pose":"Running","_animationQueue":[["walk",0.1],["fall",0.3],["walk",0.1]],"_animationSpeed":1.103,"_zoom":12.542},{"_mousePosition":[683,384],"_rootPartCFrame":[762.795,226.265,40.795,-0.759,0,0.651,0,1,0,-0.651,0,-0.759],"_humanoidState":8,"_cameraCFrame":[763.051,240.069,37.81,-0.759,-0.639,0.126,0,0.194,0.981,-0.651,0.744,-0.147],"_shiftlockState":true,"_pose":"Running","_animationQueue":[],"_animationSpeed":1.103,"_zoom":12.542},{"_mousePosition":[683,384],"_rootPartCFrame":[762.592,226.041,40.621,-0.759,0,0.651,0,1,0,-0.651,0,-0.759],"_humanoidState":8,"_cameraCFrame":[762.836,239.847,37.643,-0.76,-0.637,0.125,0,0.193,0.981,-0.65,0.746,-0.147],"_shiftlockState":true,"_pose":"Running","_animationQueue":[],"_animationSpeed":1.103,"_zoom":12.542},{"_mousePosition":[683,384],"_rootPartCFrame":[762.339,225.693,40.404,-0.76,0,0.65,0,1,0,-0.65,0,-0.76],"_humanoidState":8,"_cameraCFrame":[762.557,239.503,37.44,-0.763,-0.634,0.124,0,0.192,0.981,-0.646,0.749,-0.146],"_shiftlockState":true,"_pose":"Running","_animationQueue":[],"_animationSpeed":1.103,"_zoom":12.542},{"_mousePosition":[683,384],"_rootPartCFrame":[762.187,225.65,40.274,-0.763,0,0.646,0,1,0,-0.646,0,-0.763],"_humanoidState":8,"_cameraCFrame":[762.368,239.466,37.332,-0.767,-0.63,0.121,0,0.189,0.982,-0.642,0.753,-0.145],"_shiftlockState":true,"_pose":"Running","_animationQueue":[],"_animationSpeed":1.103,"_zoom":12.542},{"_mousePosition":[683,384],"_rootPartCFrame":[761.933,225.656,40.059,-0.77,0,0.638,0,1,0,-0.638,0,-0.77],"_humanoidState":8,"_cameraCFrame":[762.062,239.477,37.137,-0.774,-0.622,0.118,0,0.187,0.982,-0.633,0.761,-0.145],"_shiftlockState":true,"_pose":"Running","_animationQueue":[["walk",0.1]],"_animationSpeed":1.103,"_zoom":12.542},{"_mousePosition":[683,384],"_rootPartCFrame":[761.676,225.665,39.846,-0.774,0,0.633,0,1,0,-0.633,0,-0.774],"_humanoidState":8,"_cameraCFrame":[761.774,239.488,36.931,-0.779,-0.616,0.117,0,0.186,0.983,-0.626,0.766,-0.145],"_shiftlockState":true,"_pose":"Running","_animationQueue":[],"_animationSpeed":1.103,"_zoom":12.542},{"_mousePosition":[683,384],"_rootPartCFrame":[761.47,225.67,39.677,-0.779,0,0.626,0,1,0,-0.626,0,-0.779],"_humanoidState":8,"_cameraCFrame":[761.507,239.498,36.784,-0.789,-0.605,0.113,0,0.184,0.983,-0.615,0.775,-0.145],"_shiftlockState":true,"_pose":"Running","_animationQueue":[],"_animationSpeed":1.103,"_zoom":12.542},{"_mousePosition":[683,384],"_rootPartCFrame":[761.21,225.673,39.468,-0.789,0,0.615,0,1,0,-0.615,0,-0.789],"_humanoidState":8,"_cameraCFrame":[761.178,239.505,36.591,-0.801,-0.589,0.109,0,0.182,0.983,-0.599,0.787,-0.146],"_shiftlockState":true,"_pose":"Running","_animationQueue":[],"_animationSpeed":1.103,"_zoom":12.542},{"_mousePosition":[683,384],"_rootPartCFrame":[761,225.674,39.304,-0.801,0,0.599,0,1,0,-0.599,0,-0.801],"_humanoidState":8,"_cameraCFrame":[760.866,239.511,36.453,-0.818,-0.566,0.103,0,0.18,0.984,-0.575,0.805,-0.147],"_shiftlockState":true,"_pose":"Running","_animationQueue":[["walk",0.1]],"_animationSpeed":1.103,"_zoom":12.542},{"_mousePosition":[683,384],"_rootPartCFrame":[760.787,225.674,39.144,-0.818,0,0.575,0,1,0,-0.575,0,-0.818],"_humanoidState":8,"_cameraCFrame":[760.536,239.519,36.332,-0.837,-0.539,0.097,0,0.177,0.984,-0.548,0.824,-0.148],"_shiftlockState":true,"_pose":"Running","_animationQueue":[],"_animationSpeed":1.103,"_zoom":12.542},{"_mousePosition":[683,384],"_rootPartCFrame":[760.57,225.674,38.989,-0.837,0,0.548,0,1,0,-0.548,0,-0.837],"_humanoidState":8,"_cameraCFrame":[760.153,239.525,36.226,-0.864,-0.496,0.087,0,0.174,0.985,-0.503,0.851,-0.15],"_shiftlockState":true,"_pose":"Running","_animationQueue":[],"_animationSpeed":1.103,"_zoom":12.542},{"_mousePosition":[683,384],"_rootPartCFrame":[760.292,225.674,38.805,-0.864,0,0.503,0,1,0,-0.503,0,-0.864],"_humanoidState":8,"_cameraCFrame":[759.797,239.525,36.056,-0.878,-0.471,0.083,0,0.174,0.985,-0.479,0.865,-0.152],"_shiftlockState":true,"_pose":"Running","_animationQueue":[],"_animationSpeed":1.103,"_zoom":12.542},{"_mousePosition":[683,384],"_rootPartCFrame":[760.177,225.674,38.737,-0.878,0,0.479,0,1,0,-0.479,0,-0.878],"_humanoidState":8,"_cameraCFrame":[759.563,239.525,36.011,-0.898,-0.433,0.076,0,0.174,0.985,-0.439,0.885,-0.156],"_shiftlockState":true,"_pose":"Running","_animationQueue":[],"_animationSpeed":1.103,"_zoom":12.542},{"_mousePosition":[683,384],"_rootPartCFrame":[759.944,225.674,38.608,-0.898,0,0.439,0,1,0,-0.439,0,-0.898],"_humanoidState":8,"_cameraCFrame":[759.207,239.525,35.913,-0.917,-0.393,0.069,0,0.174,0.985,-0.399,0.903,-0.159],"_shiftlockState":true,"_pose":"Running","_animationQueue":[],"_animationSpeed":1.103,"_zoom":12.542},{"_mousePosition":[683,384],"_rootPartCFrame":[759.645,225.674,38.46,-0.917,0,0.399,0,1,0,-0.399,0,-0.917],"_humanoidState":8,"_cameraCFrame":[758.799,239.525,35.797,-0.933,-0.355,0.063,0,0.174,0.985,-0.361,0.918,-0.162],"_shiftlockState":true,"_pose":"Running","_animationQueue":[["walk",0.1]],"_animationSpeed":1.103,"_zoom":12.542},{"_mousePosition":[683,384],"_rootPartCFrame":[759.463,225.674,38.379,-0.933,0,0.361,0,1,0,-0.361,0,-0.933],"_humanoidState":8,"_cameraCFrame":[758.492,239.525,35.759,-0.949,-0.312,0.055,0,0.174,0.985,-0.316,0.934,-0.165],"_shiftlockState":true,"_pose":"Running","_animationQueue":[],"_animationSpeed":1.103,"_zoom":12.542},{"_mousePosition":[683,384],"_rootPartCFrame":[759.215,225.674,38.281,-0.949,0,0.316,0,1,0,-0.316,0,-0.949],"_humanoidState":8,"_cameraCFrame":[758.095,239.525,35.721,-0.965,-0.257,0.045,0,0.174,0.985,-0.261,0.951,-0.168],"_shiftlockState":true,"_pose":"Running","_animationQueue":[],"_animationSpeed":1.103,"_zoom":12.542},{"_mousePosition":[683,384],"_rootPartCFrame":[758.962,225.674,38.195,-0.965,0,0.261,0,1,0,-0.261,0,-0.965],"_humanoidState":8,"_cameraCFrame":[757.676,239.525,35.715,-0.98,-0.194,0.034,0,0.174,0.985,-0.197,0.965,-0.17],"_shiftlockState":true,"_pose":"Running","_animationQueue":[],"_animationSpeed":1.103,"_zoom":12.542},{"_mousePosition":[683,384],"_rootPartCFrame":[758.641,225.674,38.105,-0.98,0,0.197,0,1,0,-0.197,0,-0.98],"_humanoidState":8,"_cameraCFrame":[757.194,239.525,35.715,-0.991,-0.13,0.023,0,0.174,0.985,-0.132,0.976,-0.172],"_shiftlockState":true,"_pose":"Running","_animationQueue":[],"_animationSpeed":1.103,"_zoom":12.542},{"_mousePosition":[683,384],"_rootPartCFrame":[758.446,225.674,38.063,-0.991,0,0.132,0,1,0,-0.132,0,-0.991],"_humanoidState":8,"_cameraCFrame":[756.837,239.525,35.779,-0.998,-0.062,0.011,0,0.174,0.985,-0.063,0.983,-0.173],"_shiftlockState":true,"_pose":"Running","_animationQueue":[],"_animationSpeed":1.103,"_zoom":12.542},{"_mousePosition":[683,384],"_rootPartCFrame":[758.119,226.744,37.997,-0.998,0,0.063,0,1,0,-0.063,0,-0.998],"_humanoidState":3,"_cameraCFrame":[756.379,240.595,35.811,-1,-0.005,0.001,0,0.174,0.985,-0.005,0.985,-0.174],"_shiftlockState":true,"_pose":"Jumping","_animationQueue":[["walk",0.1],["jump",0.1]],"_animationSpeed":1,"_zoom":12.542},{"_mousePosition":[683,384],"_rootPartCFrame":[757.855,227.539,37.966,-0.995,0,0.097,0,1,0,-0.097,0,-0.995],"_humanoidState":5,"_cameraCFrame":[755.975,241.39,35.9,-0.998,0.06,-0.011,0,0.174,0.985,0.061,0.983,-0.173],"_shiftlockState":true,"_pose":"FreeFall","_animationQueue":[["jump",0.1]],"_animationSpeed":1,"_zoom":12.542},{"_mousePosition":[683,384],"_rootPartCFrame":[757.588,228.279,37.962,-0.998,0,0.067,0,1,0,-0.067,0,-0.998],"_humanoidState":5,"_cameraCFrame":[755.573,242.129,36.016,-0.992,0.126,-0.022,0,0.174,0.985,0.128,0.977,-0.173],"_shiftlockState":true,"_pose":"FreeFall","_animationQueue":[],"_animationSpeed":1,"_zoom":12.542},{"_mousePosition":[683,384],"_rootPartCFrame":[757.389,228.798,37.971,-1,0,-0.029,0,1,0,0.029,0,-1],"_humanoidState":5,"_cameraCFrame":[755.238,242.646,36.164,-0.98,0.195,-0.035,0,0.175,0.985,0.198,0.965,-0.172],"_shiftlockState":true,"_pose":"FreeFall","_animationQueue":[],"_animationSpeed":1,"_zoom":12.542},{"_mousePosition":[683,384],"_rootPartCFrame":[757.124,229.443,38.002,-0.998,0,-0.066,0,1,0,0.066,0,-0.998],"_humanoidState":5,"_cameraCFrame":[754.818,243.29,36.383,-0.959,0.28,-0.05,0,0.176,0.984,0.285,0.944,-0.169],"_shiftlockState":true,"_pose":"FreeFall","_animationQueue":[],"_animationSpeed":1,"_zoom":12.542},{"_mousePosition":[683,384],"_rootPartCFrame":[756.862,230.034,38.051,-0.988,0,-0.155,0,1,0,0.155,0,-0.988],"_humanoidState":5,"_cameraCFrame":[754.432,243.883,36.657,-0.93,0.361,-0.064,0,0.174,0.985,0.367,0.916,-0.162],"_shiftlockState":true,"_pose":"FreeFall","_animationQueue":[],"_animationSpeed":1,"_zoom":12.542},{"_mousePosition":[683,384],"_rootPartCFrame":[756.541,230.695,38.14,-0.978,0,-0.207,0,1,0,0.207,0,-0.978],"_humanoidState":5,"_cameraCFrame":[754.002,244.547,36.974,-0.895,0.44,-0.078,0,0.174,0.985,0.447,0.881,-0.155],"_shiftlockState":true,"_pose":"FreeFall","_animationQueue":[],"_animationSpeed":1,"_zoom":12.542},{"_mousePosition":[683,384],"_rootPartCFrame":[756.291,231.163,38.233,-0.946,0,-0.324,0,1,0,0.324,0,-0.946],"_humanoidState":5,"_cameraCFrame":[753.665,245.013,37.256,-0.858,0.506,-0.09,0,0.174,0.985,0.514,0.845,-0.15],"_shiftlockState":true,"_pose":"FreeFall","_animationQueue":[],"_animationSpeed":1,"_zoom":12.542},{"_mousePosition":[683,384],"_rootPartCFrame":[756.11,231.478,38.317,-0.905,0,-0.426,0,1,0,0.426,0,-0.905],"_humanoidState":5,"_cameraCFrame":[753.386,245.321,37.539,-0.81,0.577,-0.104,0,0.178,0.984,0.587,0.797,-0.144],"_shiftlockState":true,"_pose":"FreeFall","_animationQueue":[],"_animationSpeed":1,"_zoom":12.542},{"_mousePosition":[683,384],"_rootPartCFrame":[755.822,231.935,38.484,-0.896,0,-0.444,0,1,0,0.444,0,-0.896],"_humanoidState":5,"_cameraCFrame":[753.003,245.767,37.895,-0.757,0.642,-0.119,0,0.182,0.983,0.653,0.745,-0.138],"_shiftlockState":true,"_pose":"FreeFall","_animationQueue":[],"_animationSpeed":1,"_zoom":12.542},{"_mousePosition":[683,384],"_rootPartCFrame":[755.657,232.168,38.597,-0.819,0,-0.574,0,1,0,0.574,0,-0.819],"_humanoidState":5,"_cameraCFrame":[752.759,245.989,38.183,-0.705,0.696,-0.133,0,0.187,0.982,0.709,0.693,-0.132],"_shiftlockState":true,"_pose":"FreeFall","_animationQueue":[],"_animationSpeed":1,"_zoom":12.542},{"_mousePosition":[683,384],"_rootPartCFrame":[755.401,232.489,38.81,-0.813,0,-0.582,0,1,0,0.582,0,-0.813],"_humanoidState":5,"_cameraCFrame":[752.444,246.3,38.558,-0.656,0.741,-0.144,0,0.191,0.982,0.755,0.644,-0.125],"_shiftlockState":true,"_pose":"FreeFall","_animationQueue":[],"_animationSpeed":1,"_zoom":12.542},{"_mousePosition":[683,384],"_rootPartCFrame":[755.257,232.641,38.949,-0.728,0,-0.685,0,1,0,0.685,0,-0.728],"_humanoidState":5,"_cameraCFrame":[752.25,246.442,38.875,-0.602,0.783,-0.156,0,0.195,0.981,0.799,0.59,-0.117],"_shiftlockState":true,"_pose":"FreeFall","_animationQueue":[],"_animationSpeed":1,"_zoom":12.542},{"_mousePosition":[683,384],"_rootPartCFrame":[755.036,232.825,39.198,-0.726,0,-0.688,0,1,0,0.688,0,-0.726],"_humanoidState":5,"_cameraCFrame":[751.989,246.616,39.292,-0.549,0.819,-0.166,0,0.199,0.98,0.836,0.538,-0.109],"_shiftlockState":true,"_pose":"FreeFall","_animationQueue":[],"_animationSpeed":1,"_zoom":12.542},{"_mousePosition":[683,384],"_rootPartCFrame":[754.873,232.911,39.409,-0.655,0,-0.756,0,1,0,0.756,0,-0.655],"_humanoidState":5,"_cameraCFrame":[751.773,246.686,39.707,-0.48,0.858,-0.18,0,0.205,0.979,0.877,0.47,-0.099],"_shiftlockState":true,"_pose":"FreeFall","_animationQueue":[],"_animationSpeed":1,"_zoom":12.542},{"_mousePosition":[683,384],"_rootPartCFrame":[754.736,232.943,39.627,-0.583,0,-0.813,0,1,0,0.813,0,-0.583],"_humanoidState":5,"_cameraCFrame":[751.597,246.701,40.132,-0.411,0.891,-0.193,0,0.212,0.977,0.912,0.402,-0.087],"_shiftlockState":true,"_pose":"FreeFall","_animationQueue":[],"_animationSpeed":1,"_zoom":12.542},{"_mousePosition":[683,384],"_rootPartCFrame":[754.638,232.92,39.853,-0.514,0,-0.858,0,1,0,0.858,0,-0.514],"_humanoidState":5,"_cameraCFrame":[751.456,246.656,40.569,-0.338,0.918,-0.207,0,0.219,0.976,0.941,0.33,-0.074],"_shiftlockState":true,"_pose":"FreeFall","_animationQueue":[],"_animationSpeed":1,"_zoom":12.542},{"_mousePosition":[683,384],"_rootPartCFrame":[754.591,232.867,40.026,-0.418,0,-0.908,0,1,0,0.908,0,-0.418],"_humanoidState":5,"_cameraCFrame":[751.365,246.579,40.944,-0.268,0.938,-0.22,0,0.228,0.974,0.963,0.261,-0.061],"_shiftlockState":true,"_pose":"FreeFall","_animationQueue":[],"_animationSpeed":1,"_zoom":12.542},{"_mousePosition":[683,384],"_rootPartCFrame":[754.562,232.749,40.259,-0.377,0,-0.926,0,1,0,0.926,0,-0.377],"_humanoidState":5,"_cameraCFrame":[751.312,246.435,41.406,-0.192,0.953,-0.232,0,0.237,0.972,0.981,0.187,-0.045],"_shiftlockState":true,"_pose":"FreeFall","_animationQueue":[],"_animationSpeed":1,"_zoom":12.542},{"_mousePosition":[683,384],"_rootPartCFrame":[754.582,232.525,40.551,-0.331,0,-0.944,0,1,0,0.944,0,-0.331],"_humanoidState":5,"_cameraCFrame":[751.309,246.186,41.877,-0.133,0.961,-0.242,0,0.245,0.97,0.991,0.129,-0.033],"_shiftlockState":true,"_pose":"FreeFall","_animationQueue":[],"_animationSpeed":1,"_zoom":12.542},{"_mousePosition":[683,384],"_rootPartCFrame":[754.624,232.35,40.725,-0.217,0,-0.976,0,1,0,0.976,0,-0.217],"_humanoidState":5,"_cameraCFrame":[751.317,245.973,42.292,-0.056,0.965,-0.256,0,0.256,0.967,0.998,0.054,-0.014],"_shiftlockState":true,"_pose":"FreeFall","_animationQueue":[],"_animationSpeed":1,"_zoom":12.542},{"_mousePosition":[683,384],"_rootPartCFrame":[754.774,231.907,41.06,-0.226,0,-0.974,0,1,0,0.974,0,-0.226],"_humanoidState":5,"_cameraCFrame":[751.435,245.493,42.833,0.007,0.964,-0.267,0,0.267,0.964,1,-0.007,0.002],"_shiftlockState":true,"_pose":"FreeFall","_animationQueue":[["fall",0.3]],"_animationSpeed":1,"_zoom":12.542},{"_mousePosition":[683,384],"_rootPartCFrame":[754.843,231.732,41.167,-0.05,0,-0.999,0,1,0,0.999,0,-0.05],"_humanoidState":5,"_cameraCFrame":[751.495,245.277,43.188,0.079,0.957,-0.278,0,0.279,0.96,0.997,-0.076,0.022],"_shiftlockState":true,"_pose":"FreeFall","_animationQueue":[],"_animationSpeed":1,"_zoom":12.542},{"_mousePosition":[683,384],"_rootPartCFrame":[755.054,231.235,41.415,-0.064,0,-0.998,0,1,0,0.998,0,-0.064],"_humanoidState":5,"_cameraCFrame":[751.705,244.731,43.708,0.154,0.945,-0.288,0,0.292,0.956,0.988,-0.147,0.045],"_shiftlockState":true,"_pose":"FreeFall","_animationQueue":[],"_animationSpeed":1,"_zoom":12.542},{"_mousePosition":[683,384],"_rootPartCFrame":[755.202,230.896,41.549,0.069,0,-0.998,0,1,0,0.998,0,0.069],"_humanoidState":5,"_cameraCFrame":[751.877,244.344,44.112,0.225,0.928,-0.297,0,0.304,0.953,0.974,-0.214,0.068],"_shiftlockState":true,"_pose":"FreeFall","_animationQueue":[],"_animationSpeed":1,"_zoom":12.542},{"_mousePosition":[683,384],"_rootPartCFrame":[755.294,231.024,41.732,0.285,0.02,-0.958,-0.004,1,0.02,0.958,-0.002,0.285],"_humanoidState":12,"_cameraCFrame":[752.023,244.423,44.535,0.285,0.909,-0.303,0,0.316,0.949,0.959,-0.27,0.09],"_shiftlockState":true,"_pose":"Climbing","_animationQueue":[["climb",0]],"_animationSpeed":-2.328,"_zoom":12.542},{"_mousePosition":[683,384],"_rootPartCFrame":[755.272,231.051,41.828,0.28,0.005,-0.96,-0.001,1,0.005,0.96,-0.001,0.28],"_humanoidState":12,"_cameraCFrame":[751.979,244.451,44.633,0.285,0.909,-0.303,0,0.316,0.949,0.959,-0.27,0.09],"_shiftlockState":true,"_pose":"Climbing","_animationQueue":[],"_animationSpeed":-2.328,"_zoom":12.542},{"_mousePosition":[683,384],"_rootPartCFrame":[755.263,231.05,41.881,0.284,-0.001,-0.959,0,1,-0.001,0.959,0,0.284],"_humanoidState":12,"_cameraCFrame":[751.463,244.45,43.01,0.285,0.909,-0.303,0,0.316,0.949,0.959,-0.27,0.09],"_shiftlockState":false,"_pose":"Climbing","_animationQueue":[["climb",0.1]],"_animationSpeed":0,"_zoom":12.542},{"_mousePosition":[683,384],"_rootPartCFrame":[755.262,231.05,41.897,0.284,-0.001,-0.959,0,1,-0.001,0.959,0,0.284],"_humanoidState":12,"_cameraCFrame":[756.456,244.641,38.787,-0.933,-0.346,0.095,0,0.266,0.964,-0.359,0.9,-0.248],"_shiftlockState":false,"_pose":"Climbing","_animationQueue":[],"_animationSpeed":0,"_zoom":12.542},{"_mousePosition":[683,384],"_rootPartCFrame":[755.262,231.05,41.897,0.284,0,-0.959,0,1,0,0.959,0,0.284],"_humanoidState":12,"_cameraCFrame":[756.457,244.641,38.787,-0.933,-0.346,0.095,0,0.266,0.964,-0.359,0.9,-0.248],"_shiftlockState":false,"_pose":"Climbing","_animationQueue":[],"_animationSpeed":0,"_zoom":12.542},{"_mousePosition":[683,384],"_rootPartCFrame":[755.262,231.05,41.897,0.284,0,-0.959,0,1,0,0.959,0,0.284],"_humanoidState":12,"_cameraCFrame":[756.457,244.641,38.787,-0.933,-0.346,0.095,0,0.266,0.964,-0.359,0.9,-0.248],"_shiftlockState":false,"_pose":"Climbing","_animationQueue":[],"_animationSpeed":0,"_zoom":12.542},{"_mousePosition":[683,384],"_rootPartCFrame":[755.262,231.05,41.897,0.284,0,-0.959,0,1,0,0.959,0,0.284],"_humanoidState":12,"_cameraCFrame":[756.457,244.641,38.787,-0.933,-0.346,0.095,0,0.266,0.964,-0.359,0.9,-0.248],"_shiftlockState":false,"_pose":"Climbing","_animationQueue":[],"_animationSpeed":0,"_zoom":12.542},{"_mousePosition":[683,384],"_rootPartCFrame":[755.262,231.05,41.897,0.284,0,-0.959,0,1,0,0.959,0,0.284],"_humanoidState":12,"_cameraCFrame":[756.457,244.641,38.787,-0.933,-0.346,0.095,0,0.266,0.964,-0.359,0.9,-0.248],"_shiftlockState":false,"_pose":"Climbing","_animationQueue":[],"_animationSpeed":0,"_zoom":12.542},{"_mousePosition":[683,384],"_rootPartCFrame":[755.262,231.05,41.897,0.284,0,-0.959,0,1,0,0.959,0,0.284],"_humanoidState":12,"_cameraCFrame":[756.457,244.642,38.787,-0.933,-0.346,0.095,0,0.266,0.964,-0.359,0.9,-0.248],"_shiftlockState":false,"_pose":"Climbing","_animationQueue":[],"_animationSpeed":0,"_zoom":12.542},{"_mousePosition":[683,384],"_rootPartCFrame":[755.262,230.845,41.897,0.284,0,-0.959,0,1,0,0.959,0,0.284],"_humanoidState":12,"_cameraCFrame":[756.457,244.436,38.787,-0.933,-0.346,0.095,0,0.266,0.964,-0.359,0.9,-0.248],"_shiftlockState":false,"_pose":"Climbing","_animationQueue":[],"_animationSpeed":0,"_zoom":12.542},{"_mousePosition":[683,384],"_rootPartCFrame":[755.262,230.705,41.897,0.284,0,-0.959,0,1,0,0.959,0,0.284],"_humanoidState":12,"_cameraCFrame":[756.457,244.296,38.787,-0.933,-0.346,0.095,0,0.266,0.964,-0.359,0.9,-0.248],"_shiftlockState":false,"_pose":"Climbing","_animationQueue":[["climb",0.1]],"_animationSpeed":-0.926,"_zoom":12.542},{"_mousePosition":[683,384],"_rootPartCFrame":[755.262,230.518,41.897,0.284,0,-0.959,0,1,0,0.959,0,0.284],"_humanoidState":12,"_cameraCFrame":[756.457,244.11,38.787,-0.933,-0.346,0.095,0,0.266,0.964,-0.359,0.9,-0.248],"_shiftlockState":false,"_pose":"Climbing","_animationQueue":[],"_animationSpeed":-0.926,"_zoom":12.542},{"_mousePosition":[683,384],"_rootPartCFrame":[755.262,230.331,41.897,0.284,0,-0.959,0,1,0,0.959,0,0.284],"_humanoidState":12,"_cameraCFrame":[754.823,243.923,38.159,-0.933,-0.346,0.095,0,0.266,0.964,-0.359,0.9,-0.248],"_shiftlockState":true,"_pose":"Climbing","_animationQueue":[],"_animationSpeed":-0.926,"_zoom":12.542},{"_mousePosition":[683,384],"_rootPartCFrame":[754.351,230.497,41.961,-0.899,0.032,0.436,0.004,0.998,-0.066,-0.437,-0.057,-0.898],"_humanoidState":8,"_cameraCFrame":[753.96,244.085,38.137,-0.933,-0.346,0.095,0,0.266,0.964,-0.359,0.9,-0.248],"_shiftlockState":true,"_pose":"Standing","_animationQueue":[["climb",0.1],["idle",0.1],["idle",0.1]],"_animationSpeed":1,"_zoom":12.542},{"_mousePosition":[683,384],"_rootPartCFrame":[753.983,230.554,42.255,-0.925,0.005,0.381,-0.003,1,-0.022,-0.381,-0.022,-0.924],"_humanoidState":8,"_cameraCFrame":[753.552,244.145,38.485,-0.933,-0.346,0.095,0,0.266,0.964,-0.359,0.9,-0.248],"_shiftlockState":true,"_pose":"Running","_animationQueue":[["walk",0.1]],"_animationSpeed":1.627,"_zoom":12.542},{"_mousePosition":[683,384],"_rootPartCFrame":[753.778,230.549,42.405,-0.933,-0.001,0.36,-0.002,1,-0.001,-0.36,-0.002,-0.933],"_humanoidState":8,"_cameraCFrame":[753.338,244.141,38.664,-0.933,-0.346,0.095,0,0.266,0.964,-0.359,0.9,-0.248],"_shiftlockState":true,"_pose":"Running","_animationQueue":[["walk",0.1]],"_animationSpeed":1.486,"_zoom":12.542},{"_mousePosition":[683,384],"_rootPartCFrame":[753.518,230.503,42.565,-0.933,-0.001,0.359,0,1,0.004,-0.359,0.003,-0.933],"_humanoidState":8,"_cameraCFrame":[753.078,244.094,38.832,-0.933,-0.346,0.095,0,0.266,0.964,-0.359,0.9,-0.248],"_shiftlockState":true,"_pose":"Running","_animationQueue":[["walk",0.1]],"_animationSpeed":1.355,"_zoom":12.542},{"_mousePosition":[683,384],"_rootPartCFrame":[753.263,231.386,42.709,-0.933,0,0.359,0.001,1,0.003,-0.359,0.003,-0.933],"_humanoidState":3,"_cameraCFrame":[752.824,244.978,38.976,-0.933,-0.346,0.095,0,0.266,0.964,-0.359,0.9,-0.248],"_shiftlockState":true,"_pose":"Jumping","_animationQueue":[["walk",0.1],["jump",0.1]],"_animationSpeed":1,"_zoom":12.542},{"_mousePosition":[683,384],"_rootPartCFrame":[752.993,232.236,42.821,-0.905,0,0.425,0.001,1,0.001,-0.425,0.001,-0.905],"_humanoidState":5,"_cameraCFrame":[752.555,245.827,39.085,-0.933,-0.346,0.095,0,0.266,0.964,-0.359,0.9,-0.248],"_shiftlockState":true,"_pose":"FreeFall","_animationQueue":[["jump",0.1]],"_animationSpeed":1,"_zoom":12.542},{"_mousePosition":[683,384],"_rootPartCFrame":[752.718,233.031,42.915,-0.893,0,0.451,0,1,0,-0.451,0,-0.893],"_humanoidState":5,"_cameraCFrame":[752.261,246.625,39.189,-0.935,-0.342,0.094,0,0.265,0.964,-0.355,0.902,-0.248],"_shiftlockState":true,"_pose":"FreeFall","_animationQueue":[],"_animationSpeed":1,"_zoom":12.542},{"_mousePosition":[683,384],"_rootPartCFrame":[752.374,233.947,43.032,-0.881,0,0.474,0,1,0,-0.474,0,-0.881],"_humanoidState":5,"_cameraCFrame":[751.878,247.544,39.318,-0.938,-0.334,0.091,0,0.264,0.964,-0.346,0.905,