[{"_mousePosition":[1167,362],"_rootPartCFrame":[776.02,222.955,47.142,0.008,0.008,1,0,1,-0.008,-1,0,0.008],"_humanoidState":8,"_cameraCFrame":[784.188,229.579,47.331,0.023,-0.532,0.847,0,0.847,0.532,-1,-0.012,0.02],"_shiftlockState":false,"_pose":"Running","_animationQueue":[["walk",0.1]],"_animationSpeed":1.003,"_zoom":9.634},{"_mousePosition":[1167,363],"_rootPartCFrame":[775.486,222.709,47.13,0.012,0,1,0,1,0,-1,0,0.012],"_humanoidState":8,"_cameraCFrame":[783.641,229.333,47.319,0.023,-0.532,0.847,0,0.847,0.532,-1,-0.012,0.02],"_shiftlockState":false,"_pose":"Running","_animationQueue":[["walk",0.1]],"_animationSpeed":1.101,"_zoom":9.634},{"_mousePosition":[1153,364],"_rootPartCFrame":[775.353,222.614,47.127,0.013,-0.001,1,0,1,0.001,-1,0,0.013],"_humanoidState":8,"_cameraCFrame":[783.508,229.238,47.316,0.023,-0.532,0.847,0,0.847,0.532,-1,-0.012,0.02],"_shiftlockState":false,"_pose":"Running","_animationQueue":[],"_animationSpeed":1.101,"_zoom":9.634},{"_mousePosition":[1137,365],"_rootPartCFrame":[775.087,222.616,47.121,0.014,0,1,0,1,0,-1,0,0.014],"_humanoidState":8,"_cameraCFrame":[783.242,229.24,47.31,0.023,-0.532,0.847,0,0.847,0.532,-1,-0.012,0.02],"_shiftlockState":false,"_pose":"Running","_animationQueue":[],"_animationSpeed":1.101,"_zoom":9.634},{"_mousePosition":[1109,366],"_rootPartCFrame":[774.82,222.649,47.115,0.015,0,1,0,1,0,-1,0,0.015],"_humanoidState":8,"_cameraCFrame":[782.976,229.273,47.304,0.023,-0.532,0.847,0,0.847,0.532,-1,-0.012,0.02],"_shiftlockState":false,"_pose":"Running","_animationQueue":[["walk",0.1]],"_animationSpeed":1.101,"_zoom":9.634},{"_mousePosition":[1071,356],"_rootPartCFrame":[774.553,222.671,47.108,0.016,0,1,0,1,0,-1,0,0.016],"_humanoidState":8,"_cameraCFrame":[782.709,229.295,47.297,0.023,-0.532,0.847,0,0.847,0.532,-1,-0.012,0.02],"_shiftlockState":false,"_pose":"Running","_animationQueue":[],"_animationSpeed":1.101,"_zoom":9.634},{"_mousePosition":[1018,343],"_rootPartCFrame":[774.287,222.684,47.102,0.017,0,1,0,1,0,-1,0,0.017],"_humanoidState":8,"_cameraCFrame":[782.442,229.308,47.291,0.023,-0.532,0.847,0,0.847,0.532,-1,-0.012,0.02],"_shiftlockState":false,"_pose":"Running","_animationQueue":[],"_animationSpeed":1.101,"_zoom":9.634},{"_mousePosition":[975,334],"_rootPartCFrame":[774.02,222.691,47.096,0.018,0,1,0,1,0,-1,0,0.018],"_humanoidState":8,"_cameraCFrame":[782.176,229.315,47.285,0.023,-0.532,0.847,0,0.847,0.532,-1,-0.012,0.02],"_shiftlockState":false,"_pose":"Running","_animationQueue":[],"_animationSpeed":1.101,"_zoom":9.634},{"_mousePosition":[932,328],"_rootPartCFrame":[773.754,222.695,47.09,0.019,0,1,0,1,0,-1,0,0.019],"_humanoidState":8,"_cameraCFrame":[781.909,229.319,47.279,0.023,-0.532,0.847,0,0.847,0.532,-1,-0.012,0.02],"_shiftlockState":false,"_pose":"Running","_animationQueue":[],"_animationSpeed":1.101,"_zoom":9.634},{"_mousePosition":[903,326],"_rootPartCFrame":[773.487,222.697,47.084,0.019,0,1,0,1,0,-1,0,0.019],"_humanoidState":8,"_cameraCFrame":[781.643,229.321,47.273,0.023,-0.532,0.847,0,0.847,0.532,-1,-0.012,0.02],"_shiftlockState":false,"_pose":"Running","_animationQueue":[],"_animationSpeed":1.101,"_zoom":9.634},{"_mousePosition":[882,325],"_rootPartCFrame":[773.22,222.698,47.078,0.02,0,1,0,1,0,-1,0,0.02],"_humanoidState":8,"_cameraCFrame":[781.376,229.322,47.266,0.023,-0.532,0.847,0,0.847,0.532,-1,-0.012,0.02],"_shiftlockState":false,"_pose":"Running","_animationQueue":[["walk",0.1]],"_animationSpeed":1.101,"_zoom":9.634},{"_mousePosition":[869,325],"_rootPartCFrame":[772.954,222.699,47.071,0.02,0,1,0,1,0,-1,0,0.02],"_humanoidState":8,"_cameraCFrame":[781.109,229.323,47.26,0.023,-0.532,0.847,0,0.847,0.532,-1,-0.012,0.02],"_shiftlockState":false,"_pose":"Running","_animationQueue":[],"_animationSpeed":1.101,"_zoom":9.634},{"_mousePosition":[867,325],"_rootPartCFrame":[772.687,222.699,47.065,0.021,0,1,0,1,0,-1,0,0.021],"_humanoidState":8,"_cameraCFrame":[780.843,229.323,47.254,0.023,-0.532,0.847,0,0.847,0.532,-1,-0.012,0.02],"_shiftlockState":false,"_pose":"Running","_animationQueue":[],"_animationSpeed":1.101,"_zoom":9.634},{"_mousePosition":[866,325],"_rootPartCFrame":[772.421,222.699,47.059,0.021,0,1,0,1,0,-1,0,0.021],"_humanoidState":8,"_cameraCFrame":[780.576,229.324,47.248,0.023,-0.532,0.847,0,0.847,0.532,-1,-0.012,0.02],"_shiftlockState":false,"_pose":"Running","_animationQueue":[],"_animationSpeed":1.101,"_zoom":9.634},{"_mousePosition":[864,328],"_rootPartCFrame":[772.154,222.7,47.053,0.021,0,1,0,1,0,-1,0,0.021],"_humanoidState":8,"_cameraCFrame":[780.31,229.324,47.242,0.023,-0.532,0.847,0,0.847,0.532,-1,-0.012,0.02],"_shiftlockState":false,"_pose":"Running","_animationQueue":[],"_animationSpeed":1.101,"_zoom":9.634},{"_mousePosition":[861,333],"_rootPartCFrame":[771.887,222.7,47.047,0.022,0,1,0,1,0,-1,0,0.022],"_humanoidState":8,"_cameraCFrame":[780.043,229.324,47.236,0.023,-0.532,0.847,0,0.847,0.532,-1,-0.012,0.02],"_shiftlockState":false,"_pose":"Running","_animationQueue":[],"_animationSpeed":1.101,"_zoom":9.634},{"_mousePosition":[858,341],"_rootPartCFrame":[771.621,222.7,47.04,0.022,0,1,0,1,0,-1,0,0.022],"_humanoidState":8,"_cameraCFrame":[779.776,229.324,47.229,0.023,-0.532,0.847,0,0.847,0.532,-1,-0.012,0.02],"_shiftlockState":false,"_pose":"Running","_animationQueue":[],"_animationSpeed":1.101,"_zoom":9.634},{"_mousePosition":[858,341],"_rootPartCFrame":[771.354,222.7,47.034,0.022,0,1,0,1,0,-1,0,0.022],"_humanoidState":8,"_cameraCFrame":[779.461,229.402,47.188,0.019,-0.54,0.841,0,0.842,0.54,-1,-0.01,0.016],"_shiftlockState":false,"_pose":"Running","_animationQueue":[["walk",0.1]],"_animationSpeed":1.101,"_zoom":9.634},{"_mousePosition":[858,341],"_rootPartCFrame":[771.088,222.7,47.028,0.022,0,1,0,1,0,-1,0,0.022],"_humanoidState":8,"_cameraCFrame":[779.148,229.474,47.156,0.016,-0.547,0.837,0,0.837,0.548,-1,-0.009,0.013],"_shiftlockState":false,"_pose":"Running","_animationQueue":[],"_animationSpeed":1.101,"_zoom":9.634},{"_mousePosition":[858,341],"_rootPartCFrame":[770.821,222.7,47.023,0.022,0,1,0,1,0,-1,0,0.022],"_humanoidState":8,"_cameraCFrame":[778.8,229.597,47.124,0.013,-0.56,0.828,0,0.828,0.56,-1,-0.007,0.011],"_shiftlockState":false,"_pose":"Running","_animationQueue":[],"_animationSpeed":1.101,"_zoom":9.634},{"_mousePosition":[858,341],"_rootPartCFrame":[770.554,222.7,47.019,0.021,0,1,0,1,0,-1,0,0.021],"_humanoidState":8,"_cameraCFrame":[778.454,229.712,47.119,0.013,-0.572,0.82,0,0.82,0.572,-1,-0.007,0.01],"_shiftlockState":false,"_pose":"Running","_animationQueue":[],"_animationSpeed":1.101,"_zoom":9.634},{"_mousePosition":[858,341],"_rootPartCFrame":[770.288,222.666,47.014,0.02,0,1,0,1,0,-1,0,0.02],"_humanoidState":8,"_cameraCFrame":[778.093,229.811,47.13,0.015,-0.586,0.81,0,0.81,0.586,-1,-0.009,0.012],"_shiftlockState":false,"_pose":"Running","_animationQueue":[],"_animationSpeed":1.101,"_zoom":9.634},{"_mousePosition":[858,341],"_rootPartCFrame":[770.021,222.577,47.01,0.019,0,1,0,1,0,-1,0,0.019],"_humanoidState":8,"_cameraCFrame":[777.729,229.854,47.148,0.018,-0.6,0.8,0,0.8,0.6,-1,-0.011,0.014],"_shiftlockState":false,"_pose":"Running","_animationQueue":[],"_animationSpeed":1.101,"_zoom":9.634},{"_mousePosition":[858,341],"_rootPartCFrame":[769.755,222.434,47.006,0.019,0,1,0,1,0,-1,0,0.019],"_humanoidState":8,"_cameraCFrame":[777.344,229.865,47.15,0.019,-0.616,0.788,0,0.788,0.616,-1,-0.012,0.015],"_shiftlockState":false,"_pose":"Running","_animationQueue":[],"_animationSpeed":1.101,"_zoom":9.634},{"_mousePosition":[858,341],"_rootPartCFrame":[769.488,223.297,47.002,0.018,0,1,0,1,0,-1,0,0.018],"_humanoidState":3,"_cameraCFrame":[776.967,230.868,47.144,0.019,-0.63,0.776,0,0.776,0.63,-1,-0.012,0.015],"_shiftlockState":false,"_pose":"Jumping","_animationQueue":[["walk",0.1],["walk",0.1],["jump",0.1]],"_animationSpeed":1,"_zoom":9.634},{"_mousePosition":[858,341],"_rootPartCFrame":[769.221,224.105,46.997,0.018,0,1,0,1,0,-1,0,0.018],"_humanoidState":5,"_cameraCFrame":[776.596,231.802,47.129,0.018,-0.643,0.766,0,0.766,0.643,-1,-0.012,0.014],"_shiftlockState":false,"_pose":"FreeFall","_animationQueue":[["jump",0.1]],"_animationSpeed":1,"_zoom":9.634},{"_mousePosition":[858,341],"_rootPartCFrame":[768.955,224.859,46.992,0.018,0,1,0,1,0,-1,0,0.018],"_humanoidState":5,"_cameraCFrame":[776.229,232.674,47.107,0.016,-0.655,0.755,0,0.755,0.656,-1,-0.01,0.012],"_shiftlockState":false,"_pose":"FreeFall","_animationQueue":[],"_animationSpeed":1,"_zoom":9.634},{"_mousePosition":[858,341],"_rootPartCFrame":[768.688,225.559,46.987,0.018,0,1,0,1,0,-1,0,0.018],"_humanoidState":5,"_cameraCFrame":[775.865,233.484,47.078,0.013,-0.667,0.745,0,0.745,0.667,-1,-0.008,0.009],"_shiftlockState":false,"_pose":"FreeFall","_animationQueue":[],"_animationSpeed":1,"_zoom":9.634},{"_mousePosition":[858,341],"_rootPartCFrame":[768.488,226.047,46.984,0.018,0,1,0,1,0,-1,0,0.018],"_humanoidState":5,"_cameraCFrame":[775.55,234.099,47.044,0.009,-0.68,0.733,0,0.733,0.68,-1,-0.006,0.006],"_shiftlockState":false,"_pose":"FreeFall","_animationQueue":[],"_animationSpeed":1,"_zoom":9.634},{"_mousePosition":[858,341],"_rootPartCFrame":[768.155,226.794,46.979,0.017,0,1,0,1,0,-1,0,0.017],"_humanoidState":5,"_cameraCFrame":[775.122,234.948,47.017,0.005,-0.691,0.723,0,0.723,0.691,-1,-0.004,0.004],"_shiftlockState":false,"_pose":"FreeFall","_animationQueue":[],"_animationSpeed":1,"_zoom":9.634},{"_mousePosition":[858,341],"_rootPartCFrame":[767.888,227.33,46.977,0.016,0,1,0,1,0,-1,0,0.016],"_humanoidState":5,"_cameraCFrame":[774.758,235.584,46.992,0.002,-0.701,0.713,0,0.713,0.701,-1,-0.002,0.002],"_shiftlockState":false,"_pose":"FreeFall","_animationQueue":[],"_animationSpeed":1,"_zoom":9.634},{"_mousePosition":[858,341],"_rootPartCFrame":[767.622,227.811,46.975,0.015,0,1,0,1,0,-1,0,0.015],"_humanoidState":5,"_cameraCFrame":[774.414,236.142,46.969,-0.001,-0.709,0.705,0,0.705,0.709,-1,0.001,-0.001],"_shiftlockState":false,"_pose":"FreeFall","_animationQueue":[],"_animationSpeed":1,"_zoom":9.634},{"_mousePosition":[858,341],"_rootPartCFrame":[767.355,228.238,46.975,0.013,0,1,0,1,0,-1,0,0.013],"_humanoidState":5,"_cameraCFrame":[774.081,236.635,46.961,-0.002,-0.716,0.698,0,0.698,0.716,-1,0.001,-0.001],"_shiftlockState":false,"_pose":"FreeFall","_animationQueue":[],"_animationSpeed":1,"_zoom":9.634},{"_mousePosition":[858,341],"_rootPartCFrame":[767.089,228.61,46.975,0.011,0,1,0,1,0,-1,0,0.011],"_humanoidState":5,"_cameraCFrame":[773.742,237.077,46.948,-0.004,-0.723,0.691,0,0.691,0.723,-1,0.003,-0.003],"_shiftlockState":false,"_pose":"FreeFall","_animationQueue":[],"_animationSpeed":1,"_zoom":9.634},{"_mousePosition":[858,341],"_rootPartCFrame":[766.889,228.854,46.975,0.01,0,1,0,1,0,-1,0,0.01],"_humanoidState":5,"_cameraCFrame":[773.463,237.395,46.935,-0.006,-0.731,0.682,0,0.682,0.731,-1,0.005,-0.004],"_shiftlockState":false,"_pose":"FreeFall","_animationQueue":[],"_animationSpeed":1,"_zoom":9.634},{"_mousePosition":[858,341],"_rootPartCFrame":[766.555,229.192,46.976,0.008,0,1,0,1,0,-1,0,0.008],"_humanoidState":5,"_cameraCFrame":[773.056,237.802,46.923,-0.008,-0.738,0.675,0,0.675,0.738,-1,0.006,-0.006],"_shiftlockState":false,"_pose":"FreeFall","_animationQueue":[],"_animationSpeed":1,"_zoom":9.634},{"_mousePosition":[858,341],"_rootPartCFrame":[766.289,229.401,46.978,0.006,0,1,0,1,0,-1,0,0.006],"_humanoidState":5,"_cameraCFrame":[772.719,238.073,46.891,-0.013,-0.744,0.668,0,0.668,0.745,-1,0.01,-0.009],"_shiftlockState":false,"_pose":"FreeFall","_animationQueue":[],"_animationSpeed":1,"_zoom":9.634},{"_mousePosition":[858,341],"_rootPartCFrame":[766.022,229.555,46.98,0.004,0,1,0,1,0,-1,0,0.004],"_humanoidState":5,"_cameraCFrame":[772.356,238.284,45.111,-0.019,-0.75,0.661,0,0.661,0.75,-1,0.014,-0.012],"_shiftlockState":true,"_pose":"FreeFall","_animationQueue":[],"_animationSpeed":1,"_zoom":9.634},{"_mousePosition":[683,384],"_rootPartCFrame":[765.756,229.655,46.983,-0.019,0,1,0,1,0,-1,0,-0.019],"_humanoidState":5,"_cameraCFrame":[772.089,238.384,45.114,-0.019,-0.75,0.661,0,0.661,0.75,-1,0.014,-0.012],"_shiftlockState":true,"_pose":"FreeFall","_animationQueue":[],"_animationSpeed":1,"_zoom":9.634},{"_mousePosition":[683,384],"_rootPartCFrame":[765.489,229.7,46.988,-0.019,0,1,0,1,0,-1,0,-0.019],"_humanoidState":5,"_cameraCFrame":[771.764,238.476,45.101,-0.022,-0.755,0.655,0,0.655,0.755,-1,0.017,-0.014],"_shiftlockState":true,"_pose":"FreeFall","_animationQueue":[],"_animationSpeed":1,"_zoom":9.634},{"_mousePosition":[683,384],"_rootPartCFrame":[765.289,229.699,46.992,-0.022,0,1,0,1,0,-1,0,-0.022],"_humanoidState":5,"_cameraCFrame":[771.499,238.525,45.086,-0.025,-0.76,0.649,0,0.649,0.76,-1,0.019,-0.016],"_shiftlockState":true,"_pose":"FreeFall","_animationQueue":[],"_animationSpeed":1,"_zoom":9.634},{"_mousePosition":[683,384],"_rootPartCFrame":[764.956,229.628,46.999,-0.025,0,1,0,1,0,-1,0,-0.025],"_humanoidState":5,"_cameraCFrame":[771.12,238.489,45.081,-0.027,-0.764,0.645,0,0.645,0.764,-1,0.021,-0.017],"_shiftlockState":true,"_pose":"FreeFall","_animationQueue":[],"_animationSpeed":1,"_zoom":9.634},{"_mousePosition":[683,384],"_rootPartCFrame":[764.689,229.509,47.006,-0.027,0,1,0,1,0,-1,0,-0.027],"_humanoidState":5,"_cameraCFrame":[770.842,238.381,45.088,-0.027,-0.765,0.644,0,0.644,0.765,-1,0.021,-0.017],"_shiftlockState":true,"_pose":"FreeFall","_animationQueue":[],"_animationSpeed":1,"_zoom":9.634},{"_mousePosition":[683,384],"_rootPartCFrame":[764.423,229.337,47.013,-0.027,0,1,0,1,0,-1,0,-0.027],"_humanoidState":5,"_cameraCFrame":[770.733,238.396,45.091,-0.027,-0.765,0.644,0,0.644,0.765,-1,0.021,-0.017],"_shiftlockState":true,"_pose":"FreeFall","_animationQueue":[],"_animationSpeed":1,"_zoom":12.542},{"_mousePosition":[683,384],"_rootPartCFrame":[764.156,229.11,47.02,-0.027,0,1,0,1,0,-1,0,-0.027],"_humanoidState":5,"_cameraCFrame":[770.757,238.514,45.09,-0.027,-0.765,0.644,0,0.644,0.765,-1,0.021,-0.017],"_shiftlockState":true,"_pose":"FreeFall","_animationQueue":[["fall",0.3]],"_animationSpeed":1,"_zoom":12.542},{"_mousePosition":[683,384],"_rootPartCFrame":[763.889,228.828,47.027,-0.027,0,1,0,1,0,-1,0,-0.027],"_humanoidState":5,"_cameraCFrame":[770.815,238.618,45.089,-0.027,-0.765,0.644,0,0.644,0.765,-1,0.021,-0.017],"_shiftlockState":true,"_pose":"FreeFall","_animationQueue":[],"_animationSpeed":1,"_zoom":12.542},{"_mousePosition":[683,384],"_rootPartCFrame":[763.623,228.492,47.034,-0.027,0,1,0,1,0,-1,0,-0.027],"_humanoidState":5,"_cameraCFrame":[770.817,238.601,45.089,-0.027,-0.765,0.644,0,0.644,0.765,-1,0.021,-0.017],"_shiftlockState":true,"_pose":"FreeFall","_animationQueue":[],"_animationSpeed":1,"_zoom":12.542},{"_mousePosition":[683,384],"_rootPartCFrame":[763.423,228.204,47.04,-0.027,0,1,0,1,0,-1,0,-0.027],"_humanoidState":5,"_cameraCFrame":[770.86,238.602,45.088,-0.027,-0.765,0.644,0,0.644,0.765,-1,0.021,-0.017],"_shiftlockState":true,"_pose":"FreeFall","_animationQueue":[],"_animationSpeed":1,"_zoom":12.542},{"_mousePosition":[683,384],"_rootPartCFrame":[763.09,227.656,47.049,-0.027,0,1,0,1,0,-1,0,-0.027],"_humanoidState":5,"_cameraCFrame":[770.681,238.238,45.092,-0.027,-0.765,0.644,0,0.644,0.765,-1,0.021,-0.017],"_shiftlockState":true,"_pose":"FreeFall","_animationQueue":[],"_animationSpeed":1,"_zoom":12.542},{"_mousePosition":[683,384],"_rootPartCFrame":[762.89,227.287,47.054,-0.027,0,1,0,1,0,-1,0,-0.027],"_humanoidState":5,"_cameraCFrame":[770.613,238.025,45.094,-0.027,-0.765,0.644,0,0.644,0.765,-1,0.021,-0.017],"_shiftlockState":true,"_pose":"FreeFall","_animationQueue":[],"_animationSpeed":1,"_zoom":12.542},{"_mousePosition":[683,384],"_rootPartCFrame":[762.623,226.746,47.062,-0.027,0,1,0,1,0,-1,0,-0.027],"_humanoidState":5,"_cameraCFrame":[770.44,237.596,45.099,-0.027,-0.765,0.644,0,0.644,0.765,-1,0.021,-0.017],"_shiftlockState":true,"_pose":"FreeFall","_animationQueue":[],"_animationSpeed":1,"_zoom":12.542},{"_mousePosition":[683,384],"_rootPartCFrame":[762.29,225.994,47.071,-0.027,0,1,0,1,0,-1,0,-0.027],"_humanoidState":5,"_cameraCFrame":[770.167,236.915,45.106,-0.027,-0.765,0.644,0,0.644,0.765,-1,0.021,-0.017],"_shiftlockState":true,"_pose":"FreeFall","_animationQueue":[["fall",0.3]],"_animationSpeed":1,"_zoom":12.542},{"_mousePosition":[683,384],"_rootPartCFrame":[762.09,225.502,47.076,-0.027,0,1,0,1,0,-1,0,-0.027],"_humanoidState":5,"_cameraCFrame":[770.019,236.485,45.11,-0.027,-0.765,0.644,0,0.644,0.765,-1,0.021,-0.017],"_shiftlockState":true,"_pose":"FreeFall","_animationQueue":[],"_animationSpeed":1,"_zoom":12.542},{"_mousePosition":[683,384],"_rootPartCFrame":[761.757,224.613,47.085,-0.027,0,1,0,1,0,-1,0,-0.027],"_humanoidState":5,"_cameraCFrame":[769.716,235.632,45.119,-0.027,-0.765,0.644,0,0.644,0.765,-1,0.021,-0.017],"_shiftlockState":true,"_pose":"FreeFall","_animationQueue":[],"_animationSpeed":1,"_zoom":12.542},{"_mousePosition":[683,384],"_rootPartCFrame":[761.534,223.841,46.977,-0.027,0,1,0,1,0,-1,0,-0.027],"_humanoidState":7,"_cameraCFrame":[769.508,234.892,45.01,-0.027,-0.765,0.643,0,0.643,0.766,-1,0.021,-0.017],"_shiftlockState":true,"_pose":"FreeFall","_animationQueue":[["walk",0.1],["fall",0.3],["fall",0.3]],"_animationSpeed":1,"_zoom":12.542},{"_mousePosition":[683,384],"_rootPartCFrame":[761.34,223.288,46.796,-0.027,0,1,0,1,0,-1,0,-0.027],"_humanoidState":7,"_cameraCFrame":[769.307,234.382,44.871,-0.022,-0.768,0.641,0,0.641,0.768,-1,0.017,-0.014],"_shiftlockState":true,"_pose":"FreeFall","_animationQueue":[],"_animationSpeed":1,"_zoom":12.542},{"_mousePosition":[683,384],"_rootPartCFrame":[761.098,223.4,46.567,-0.022,0,1,0,1,0,-1,0,-0.022],"_humanoidState":8,"_cameraCFrame":[769.059,234.532,44.709,-0.013,-0.77,0.638,0,0.638,0.77,-1,0.01,-0.009],"_shiftlockState":true,"_pose":"Running","_animationQueue":[["walk",0.1],["fall",0.3],["walk",0.1]],"_animationSpeed":1.103,"_zoom":12.542},{"_mousePosition":[683,384],"_rootPartCFrame":[760.905,223.49,46.383,-0.013,0,1,0,1,0,-1,0,-0.013],"_humanoidState":8,"_cameraCFrame":[768.868,234.656,44.642,0.001,-0.772,0.636,0,0.636,0.772,-1,-0.001,0.001],"_shiftlockState":true,"_pose":"Running","_animationQueue":[["walk",0.1]],"_animationSpeed":1.103,"_zoom":12.542},{"_mousePosition":[683,384],"_rootPartCFrame":[760.713,223.555,46.197,0.001,0,1,0,1,0,-1,0,0.001],"_humanoidState":8,"_cameraCFrame":[768.669,234.758,44.581,0.017,-0.774,0.633,0,0.633,0.774,-1,-0.013,0.011],"_shiftlockState":true,"_pose":"Running","_animationQueue":[],"_animationSpeed":1.103,"_zoom":12.542},{"_mousePosition":[683,384],"_rootPartCFrame":[760.525,223.597,46.008,0.017,0,1,0,1,0,-1,0,0.017],"_humanoidState":8,"_cameraCFrame":[768.471,234.829,44.492,0.029,-0.776,0.63,0,0.63,0.776,-1,-0.023,0.019],"_shiftlockState":true,"_pose":"Running","_animationQueue":[],"_animationSpeed":1.103,"_zoom":12.542},{"_mousePosition":[683,384],"_rootPartCFrame":[760.339,223.621,45.817,0.029,0,1,0,1,0,-1,0,0.029],"_humanoidState":8,"_cameraCFrame":[768.271,234.88,44.383,0.04,-0.778,0.627,0,0.628,0.778,-0.999,-0.031,0.025],"_shiftlockState":true,"_pose":"Running","_animationQueue":[],"_animationSpeed":1.103,"_zoom":12.542},{"_mousePosition":[683,384],"_rootPartCFrame":[760.201,223.631,45.672,0.04,0,0.999,0,1,0,-0.999,0,0.04],"_humanoidState":8,"_cameraCFrame":[768.121,234.911,44.295,0.047,-0.779,0.625,0,0.626,0.78,-0.999,-0.037,0.03],"_shiftlockState":true,"_pose":"Running","_animationQueue":[],"_animationSpeed":1.103,"_zoom":12.542},{"_mousePosition":[683,384],"_rootPartCFrame":[760.02,223.655,45.476,0.047,0,0.999,0,1,0,-0.999,0,0.047],"_humanoidState":8,"_cameraCFrame":[767.915,234.961,44.13,0.051,-0.781,0.622,0,0.623,0.782,-0.999,-0.04,0.032],"_shiftlockState":true,"_pose":"Running","_animationQueue":[],"_animationSpeed":1.103,"_zoom":12.542},{"_mousePosition":[683,384],"_rootPartCFrame":[759.796,223.678,45.23,0.051,0,0.999,0,1,0,-0.999,0,0.051],"_humanoidState":8,"_cameraCFrame":[767.647,235.022,43.898,0.054,-0.784,0.619,0,0.619,0.785,-0.999,-0.042,0.033],"_shiftlockState":true,"_pose":"Running","_animationQueue":[["walk",0.1]],"_animationSpeed":1.103,"_zoom":12.542},{"_mousePosition":[683,384],"_rootPartCFrame":[759.662,223.668,45.082,0.054,0,0.999,0,1,0,-0.999,0,0.054],"_humanoidState":8,"_cameraCFrame":[767.453,235.062,43.771,0.057,-0.788,0.613,0,0.614,0.789,-0.998,-0.045,0.035],"_shiftlockState":true,"_pose":"Running","_animationQueue":[],"_animationSpeed":1.103,"_zoom":12.542},{"_mousePosition":[683,384],"_rootPartCFrame":[759.439,223.633,44.834,0.057,0,0.998,0,1,0,-0.998,0,0.057],"_humanoidState":8,"_cameraCFrame":[767.17,235.077,43.535,0.059,-0.792,0.608,0,0.609,0.793,-0.998,-0.047,0.036],"_shiftlockState":true,"_pose":"Running","_animationQueue":[],"_animationSpeed":1.103,"_zoom":12.542},{"_mousePosition":[683,384],"_rootPartCFrame":[759.261,223.569,44.635,0.059,0,0.998,0,1,0,-0.998,0,0.059],"_humanoidState":8,"_cameraCFrame":[766.924,235.069,43.356,0.062,-0.796,0.602,0,0.604,0.797,-0.998,-0.049,0.037],"_shiftlockState":true,"_pose":"Running","_animationQueue":[],"_animationSpeed":1.103,"_zoom":12.542},{"_mousePosition":[683,384],"_rootPartCFrame":[759.084,223.45,44.436,0.062,0,0.998,0,1,0,-0.998,0,0.062],"_humanoidState":8,"_cameraCFrame":[766.69,234.993,43.154,0.062,-0.799,0.598,0,0.599,0.801,-0.998,-0.05,0.037],"_shiftlockState":true,"_pose":"Running","_animationQueue":[],"_animationSpeed":1.103,"_zoom":12.542},{"_mousePosition":[683,384],"_rootPartCFrame":[758.951,223.386,44.286,0.062,0,0.998,0,1,0,-0.998,0,0.062],"_humanoidState":8,"_cameraCFrame":[766.492,234.977,42.992,0.061,-0.803,0.593,0,0.594,0.805,-0.998,-0.049,0.036],"_shiftlockState":true,"_pose":"Running","_animationQueue":[],"_animationSpeed":1.103,"_zoom":12.542},{"_mousePosition":[683,384],"_rootPartCFrame":[758.731,223.502,44.036,0.061,0,0.998,0,1,0,-0.998,0,0.061],"_humanoidState":8,"_cameraCFrame":[766.212,235.135,42.723,0.059,-0.807,0.588,0,0.589,0.808,-0.998,-0.047,0.035],"_shiftlockState":true,"_pose":"Running","_animationQueue":[],"_animationSpeed":1.103,"_zoom":12.542},{"_mousePosition":[683,384],"_rootPartCFrame":[758.554,224.375,43.836,0.059,0,0.998,0,1,0,-0.998,0,0.059],"_humanoidState":3,"_cameraCFrame":[765.993,236.037,42.513,0.058,-0.809,0.585,0,0.586,0.81,-0.998,-0.047,0.034],"_shiftlockState":true,"_pose":"Jumping","_animationQueue":[["walk",0.1],["walk",0.1],["jump",0.1]],"_animationSpeed":1,"_zoom":12.542},{"_mousePosition":[683,384],"_rootPartCFrame":[758.377,225.197,43.637,0.13,0,0.992,0,1,0,-0.992,0,0.13],"_humanoidState":5,"_cameraCFrame":[765.773,236.889,42.303,0.057,-0.811,0.582,0,0.583,0.813,-0.998,-0.046,0.033],"_shiftlockState":true,"_pose":"FreeFall","_animationQueue":[["jump",0.1]],"_animationSpeed":1,"_zoom":12.542},{"_mousePosition":[683,384],"_rootPartCFrame":[758.2,225.964,43.437,0.157,0,0.988,0,1,0,-0.988,0,0.157],"_humanoidState":5,"_cameraCFrame":[765.545,237.692,42.094,0.056,-0.814,0.578,0,0.579,0.815,-0.998,-0.045,0.032],"_shiftlockState":true,"_pose":"FreeFall","_animationQueue":[],"_animationSpeed":1,"_zoom":12.542},{"_mousePosition":[683,384],"_rootPartCFrame":[758.022,226.677,43.239,0.159,0,0.987,0,1,0,-0.987,0,0.159],"_humanoidState":5,"_cameraCFrame":[765.332,238.428,41.878,0.054,-0.816,0.575,0,0.576,0.817,-0.999,-0.044,0.031],"_shiftlockState":true,"_pose":"FreeFall","_animationQueue":[],"_animationSpeed":1,"_zoom":12.542},{"_mousePosition":[683,384],"_rootPartCFrame":[757.889,227.176,43.089,0.132,0,0.991,0,1,0,-0.991,0,0.132],"_humanoidState":5,"_cameraCFrame":[765.139,238.968,41.718,0.052,-0.819,0.571,0,0.572,0.821,-0.999,-0.043,0.03],"_shiftlockState":true,"_pose":"FreeFall","_animationQueue":[],"_animationSpeed":1,"_zoom":12.542},{"_mousePosition":[683,384],"_rootPartCFrame":[757.666,227.94,42.841,0.182,0,0.983,0,1,0,-0.983,0,0.182],"_humanoidState":5,"_cameraCFrame":[764.856,239.772,41.452,0.05,-0.823,0.566,0,0.567,0.824,-0.999,-0.041,0.029],"_shiftlockState":true,"_pose":"FreeFall","_animationQueue":[],"_animationSpeed":1,"_zoom":12.542},{"_mousePosition":[683,384],"_rootPartCFrame":[757.488,228.489,42.643,0.155,0,0.988,0,1,0,-0.988,0,0.155],"_humanoidState":5,"_cameraCFrame":[764.616,240.361,41.236,0.048,-0.826,0.562,0,0.562,0.827,-0.999,-0.04,0.027],"_shiftlockState":true,"_pose":"FreeFall","_animationQueue":[],"_animationSpeed":1,"_zoom":12.542},{"_mousePosition":[683,384],"_rootPartCFrame":[757.309,228.984,42.445,0.153,0,0.988,0,1,0,-0.988,0,0.153],"_humanoidState":5,"_cameraCFrame":[764.366,240.901,41.012,0.045,-0.83,0.556,0,0.557,0.831,-0.999,-0.037,0.025],"_shiftlockState":true,"_pose":"FreeFall","_animationQueue":[],"_animationSpeed":1,"_zoom":12.542},{"_mousePosition":[683,384],"_rootPartCFrame":[757.13,229.425,42.248,0.15,0,0.989,0,1,0,-0.989,0,0.15],"_humanoidState":5,"_cameraCFrame":[764.116,241.387,40.797,0.043,-0.833,0.551,0,0.552,0.834,-0.999,-0.036,0.024],"_shiftlockState":true,"_pose":"FreeFall","_animationQueue":[],"_animationSpeed":1,"_zoom":12.542},{"_mousePosition":[683,384],"_rootPartCFrame":[756.95,229.811,42.051,0.148,0,0.989,0,1,0,-0.989,0,0.148],"_humanoidState":5,"_cameraCFrame":[763.874,241.812,40.583,0.041,-0.837,0.546,0,0.547,0.837,-0.999,-0.034,0.022],"_shiftlockState":true,"_pose":"FreeFall","_animationQueue":[],"_animationSpeed":1,"_zoom":12.542},{"_mousePosition":[683,384],"_rootPartCFrame":[756.815,230.065,41.903,0.119,0,0.993,0,1,0,-0.993,0,0.119],"_humanoidState":5,"_cameraCFrame":[763.677,242.104,40.419,0.039,-0.84,0.542,0,0.542,0.84,-0.999,-0.033,0.021],"_shiftlockState":true,"_pose":"FreeFall","_animationQueue":[],"_animationSpeed":1,"_zoom":12.542},{"_mousePosition":[683,384],"_rootPartCFrame":[756.589,230.419,41.658,0.169,0,0.986,0,1,0,-0.986,0,0.169],"_humanoidState":5,"_cameraCFrame":[763.397,242.492,40.157,0.037,-0.842,0.538,0,0.538,0.843,-0.999,-0.031,0.02],"_shiftlockState":true,"_pose":"FreeFall","_animationQueue":[],"_animationSpeed":1,"_zoom":12.542},{"_mousePosition":[683,384],"_rootPartCFrame":[756.454,230.591,41.511,0.115,0,0.993,0,1,0,-0.993,0,0.115],"_humanoidState":5,"_cameraCFrame":[763.181,242.712,39.994,0.035,-0.846,0.532,0,0.532,0.847,-0.999,-0.029,0.018],"_shiftlockState":true,"_pose":"FreeFall","_animationQueue":[],"_animationSpeed":1,"_zoom":12.542},{"_mousePosition":[683,384],"_rootPartCFrame":[756.227,230.81,41.267,0.165,0,0.986,0,1,0,-0.986,0,0.165],"_humanoidState":5,"_cameraCFrame":[762.893,242.968,39.74,0.034,-0.849,0.527,0,0.527,0.85,-0.999,-0.029,0.018],"_shiftlockState":true,"_pose":"FreeFall","_animationQueue":[],"_animationSpeed":1,"_zoom":12.542},{"_mousePosition":[683,384],"_rootPartCFrame":[756.045,230.924,41.072,0.138,0,0.99,0,1,0,-0.99,0,0.138],"_humanoidState":5,"_cameraCFrame":[762.639,243.124,39.529,0.032,-0.853,0.521,0,0.522,0.853,-1,-0.027,0.016],"_shiftlockState":true,"_pose":"FreeFall","_animationQueue":[],"_animationSpeed":1,"_zoom":12.542},{"_mousePosition":[683,384],"_rootPartCFrame":[755.908,230.973,40.926,0.11,0,0.994,0,1,0,-0.994,0,0.11],"_humanoidState":5,"_cameraCFrame":[762.449,243.205,39.375,0.03,-0.855,0.517,0,0.517,0.856,-1,-0.026,0.016],"_shiftlockState":true,"_pose":"FreeFall","_animationQueue":[],"_animationSpeed":1,"_zoom":12.542},{"_mousePosition":[683,384],"_rootPartCFrame":[755.726,230.991,40.731,0.135,0,0.991,0,1,0,-0.991,0,0.135],"_humanoidState":5,"_cameraCFrame":[762.201,243.26,39.158,0.027,-0.858,0.512,0,0.513,0.859,-1,-0.023,0.014],"_shiftlockState":true,"_pose":"FreeFall","_animationQueue":[],"_animationSpeed":1,"_zoom":12.542},{"_mousePosition":[683,384],"_rootPartCFrame":[755.498,230.937,40.489,0.158,0,0.987,0,1,0,-0.987,0,0.158],"_humanoidState":5,"_cameraCFrame":[761.926,243.232,38.9,0.025,-0.86,0.509,0,0.509,0.861,-1,-0.022,0.013],"_shiftlockState":true,"_pose":"FreeFall","_animationQueue":[],"_animationSpeed":1,"_zoom":12.542},{"_mousePosition":[683,384],"_rootPartCFrame":[755.36,230.864,40.343,0.104,0,0.995,0,1,0,-0.995,0,0.104],"_humanoidState":5,"_cameraCFrame":[761.712,243.199,38.727,0.021,-0.864,0.503,0,0.504,0.864,-1,-0.018,0.011],"_shiftlockState":true,"_pose":"FreeFall","_animationQueue":[],"_animationSpeed":1,"_zoom":12.542},{"_mousePosition":[683,384],"_rootPartCFrame":[755.13,230.674,40.102,0.152,0,0.988,0,1,0,-0.988,0,0.152],"_humanoidState":5,"_cameraCFrame":[761.404,243.05,38.451,0.016,-0.867,0.498,0,0.498,0.867,-1,-0.014,0.008],"_shiftlockState":true,"_pose":"FreeFall","_animationQueue":[],"_animationSpeed":1,"_zoom":12.542},{"_mousePosition":[683,384],"_rootPartCFrame":[754.946,230.46,39.909,0.121,0,0.993,0,1,0,-0.993,0,0.121],"_humanoidState":5,"_cameraCFrame":[761.123,242.886,38.224,0.011,-0.871,0.491,0,0.491,0.871,-1,-0.009,0.005],"_shiftlockState":true,"_pose":"FreeFall","_animationQueue":[["fall",0.3]],"_animationSpeed":1,"_zoom":12.542},{"_mousePosition":[683,384],"_rootPartCFrame":[754.761,230.192,39.717,0.116,0,0.993,0,1,0,-0.993,0,0.116],"_humanoidState":5,"_cameraCFrame":[760.858,242.658,38,0.005,-0.874,0.485,0,0.485,0.874,-1,-0.005,0.003],"_shiftlockState":true,"_pose":"FreeFall","_animationQueue":[],"_animationSpeed":1,"_zoom":12.542},{"_mousePosition":[683,384],"_rootPartCFrame":[754.574,229.87,39.527,0.11,0,0.994,0,1,0,-0.994,0,0.11],"_humanoidState":5,"_cameraCFrame":[760.566,242.384,37.752,-0.004,-0.878,0.478,0,0.478,0.878,-1,0.004,-0.002],"_shiftlockState":true,"_pose":"FreeFall","_animationQueue":[],"_animationSpeed":1,"_zoom":12.542},{"_mousePosition":[683,384],"_rootPartCFrame":[754.387,229.493,39.337,0.102,0,0.995,0,1,0,-0.995,0,0.102],"_humanoidState":5,"_cameraCFrame":[760.265,242.055,37.483,-0.018,-0.882,0.471,0,0.471,0.882,-1,0.016,-0.008],"_shiftlockState":true,"_pose":"FreeFall","_animationQueue":[],"_animationSpeed":1,"_zoom":12.542},{"_mousePosition":[683,384],"_rootPartCFrame":[754.245,229.174,39.196,0.062,0,0.998,0,1,0,-0.998,0,0.062],"_humanoidState":5,"_cameraCFrame":[759.954,241.798,37.188,-0.045,-0.886,0.461,0,0.462,0.887,-0.999,0.04,-0.021],"_shiftlockState":true,"_pose":"FreeFall","_animationQueue":[],"_animationSpeed":1,"_zoom":12.542},{"_mousePosition":[683,384],"_rootPartCFrame":[754.054,228.702,39.01,0.063,0,0.998,0,1,0,-0.998,0,0.063],"_humanoidState":5,"_cameraCFrame":[759.587,241.381,36.826,-0.077,-0.889,0.452,0,0.453,0.891,-0.997,0.069,-0.035],"_shiftlockState":true,"_pose":"FreeFall","_animationQueue":[],"_animationSpeed":1,"_zoom":12.542},{"_mousePosition":[683,384],"_rootPartCFrame":[753.857,228.175,38.83,0.031,0,1,0,1,0,-1,0,0.031],"_humanoidState":5,"_cameraCFrame":[759.179,240.918,36.453,-0.115,-0.89,0.44,0,0.443,0.896,-0.993,0.103,-0.051],"_shiftlockState":true,"_pose":"FreeFall","_animationQueue":[],"_animationSpeed":1,"_zoom":12.542},{"_mousePosition":[683,384],"_rootPartCFrame":[753.504,227.122,38.525,0.077,0,0.997,0,1,0,-0.997,0,0.077],"_humanoidState":5,"_cameraCFrame":[758.59,239.927,35.937,-0.158,-0.89,0.428,0,0.433,0.901,-0.987,0.143,-0.069],"_shiftlockState":true,"_pose":"FreeFall","_animationQueue":[["fall",0.3]],"_animationSpeed":1,"_zoom":12.542},{"_mousePosition":[683,384],"_rootPartCFrame":[753.4,226.79,38.441,-0.104,0,0.995,0,1,0,-0.995,0,-0.104],"_humanoidState":5,"_cameraCFrame":[758.269,239.643,35.652,-0.202,-0.887,0.416,0,0.425,0.905,-0.979,0.183,-0.086],"_shiftlockState":true,"_pose":"FreeFall","_animationQueue":[],"_animationSpeed":1,"_zoom":12.542},{"_mousePosition":[683,384],"_rootPartCFrame":[753.185,226.086,38.283,-0.092,0,0.996,0,1,0,-0.996,0,-0.092],"_humanoidState":5,"_cameraCFrame":[757.874,238.969,35.313,-0.241,-0.881,0.408,0,0.42,0.908,-0.97,0.219,-0.101],"_shiftlockState":true,"_pose":"FreeFall","_animationQueue":[],"_animationSpeed":1,"_zoom":12.542},{"_mousePosition":[683,384],"_rootPartCFrame":[752.964,225.328,38.135,-0.133,0,0.991,0,1,0,-0.991,0,-0.133],"_humanoidState":5,"_cameraCFrame":[757.931,238.236,36.556,-0.303,-0.867,0.396,0,0.416,0.91,-0.953,0.276,-0.126],"_shiftlockState":false,"_pose":"FreeFall","_animationQueue":[],"_animationSpeed":1,"_zoom":12.542},{"_mousePosition":[683,384],"_rootPartCFrame":[752.737,224.515,38.013,-0.11,0,0.994,0,1,0,-0.994,0,-0.11],"_humanoidState":5,"_cameraCFrame":[757.704,237.423,36.434,-0.303,-0.867,0.396,0,0.416,0.91,-0.953,0.276,-0.126],"_shiftlockState":false,"_pose":"FreeFall","_animationQueue":[],"_animationSpeed":1,"_zoom":12.542},{"_mousePosition":[683,384],"_rootPartCFrame":[752.492,223.647,38.026,-0.128,0,0.992,0,1,0,-0.992,0,-0.128],"_humanoidState":7,"_cameraCFrame":[757.342,236.58,36.274,-0.34,-0.857,0.387,0,0.411,0.912,-0.941,0.31,-0.14],"_shiftlockState":false,"_pose":"FreeFall","_animationQueue":[["walk",0.1],["fall",0.3],["fall",0.3]],"_animationSpeed":1,"_zoom":12.542},{"_mousePosition":[683,384],"_rootPartCFrame":[752.301,223.457,38.084,-0.145,0,0.989,0,1,0,-0.989,0,-0.145],"_humanoidState":7,"_cameraCFrame":[757.005,236.431,36.206,-0.371,-0.85,0.375,0,0.404,0.915,-0.929,0.339,-0.15],"_shiftlockState":false,"_pose":"FreeFall","_animationQueue":[],"_animationSpeed":1,"_zoom":12.542},{"_mousePosition":[683,384],"_rootPartCFrame":[751.925,223.561,38.219,-0.184,0,0.983,0,1,0,-0.983,0,-0.184],"_humanoidState":8,"_cameraCFrame":[756.505,236.571,36.26,-0.393,-0.844,0.365,0,0.397,0.918,-0.919,0.361,-0.156],"_shiftlockState":false,"_pose":"Running","_animationQueue":[["fall",0.3],["walk",0.1],["fall",0.3],["walk",0.1]],"_animationSpeed":1.102,"_zoom":12.542},{"_mousePosition":[683,384],"_rootPartCFrame":[751.677,223.605,38.317,-0.21,0,0.978,0,1,0,-0.978,0,-0.21],"_humanoidState":8,"_cameraCFrame":[756.107,236.667,36.317,-0.411,-0.84,0.353,0,0.388,0.922,-0.911,0.379,-0.159],"_shiftlockState":false,"_pose":"Running","_animationQueue":[],"_animationSpeed":1.102,"_zoom":12.542},{"_mousePosition":[683,384],"_rootPartCFrame":[751.431,223.6,38.421,-0.235,0,0.972,0,1,0,-0.972,0,-0.235],"_humanoidState":8,"_cameraCFrame":[755.728,236.708,36.4,-0.426,-0.838,0.343,0,0.379,0.926,-0.905,0.394,-0.161],"_shiftlockState":false,"_pose":"Running","_animationQueue":[],"_animationSpeed":1.102,"_zoom":12.542},{"_mousePosition":[683,384],"_rootPartCFrame":[751.188,223.54,38.531,-0.259,0,0.966,0,1,0,-0.966,0,-0.259],"_humanoidState":8,"_cameraCFrame":[755.358,236.698,36.526,-0.433,-0.838,0.332,0,0.369,0.929,-0.901,0.403,-0.16],"_shiftlockState":false,"_pose":"Running","_animationQueue":[],"_animationSpeed":1.102,"_zoom":12.542},{"_mousePosition":[683,384],"_rootPartCFrame":[750.947,223.554,38.644,-0.282,0,0.959,0,1,0,-0.959,0,-0.282],"_humanoidState":8,"_cameraCFrame":[754.998,236.756,36.654,-0.441,-0.837,0.323,0,0.36,0.933,-0.898,0.411,-0.159],"_shiftlockState":false,"_pose":"Running","_animationQueue":[],"_animationSpeed":1.102,"_zoom":12.542},{"_mousePosition":[683,384],"_rootPartCFrame":[750.706,223.565,38.759,-0.303,0,0.953,0,1,0,-0.953,0,-0.303],"_humanoidState":8,"_cameraCFrame":[754.62,236.817,36.791,-0.449,-0.837,0.312,0,0.349,0.937,-0.893,0.421,-0.157],"_shiftlockState":false,"_pose":"Running","_animationQueue":[],"_animationSpeed":1.102,"_zoom":12.542},{"_mousePosition":[683,384],"_rootPartCFrame":[750.587,223.548,38.818,-0.312,0,0.95,0,1,0,-0.95,0,-0.312],"_humanoidState":8,"_cameraCFrame":[754.356,236.849,36.858,-0.461,-0.835,0.301,0,0.339,0.941,-0.887,0.434,-0.156],"_shiftlockState":false,"_pose":"Running","_animationQueue":[],"_animationSpeed":1.102,"_zoom":12.542},{"_mousePosition":[683,384],"_rootPartCFrame":[750.229,223.429,38.997,-0.34,0,0.94,0,1,0,-0.94,0,-0.34],"_humanoidState":8,"_cameraCFrame":[753.839,236.78,37.043,-0.476,-0.831,0.288,0,0.327,0.945,-0.879,0.45,-0.156],"_shiftlockState":false,"_pose":"Running","_animationQueue":[["walk",0.1]],"_animationSpeed":1.102,"_zoom":12.542},{"_mousePosition":[683,384],"_rootPartCFrame":[750.05,223.344,39.087,-0.354,0,0.935,0,1,0,-0.935,0,-0.354],"_humanoidState":8,"_cameraCFrame":[753.496,236.744,37.132,-0.494,-0.825,0.275,0,0.316,0.949,-0.87,0.468,-0.156],"_shiftlockState":false,"_pose":"Running","_animationQueue":[],"_animationSpeed":1.102,"_zoom":12.542},{"_mousePosition":[683,384],"_rootPartCFrame":[749.753,223.134,39.237,-0.377,0,0.926,0,1,0,-0.926,0,-0.377],"_humanoidState":8,"_cameraCFrame":[753.059,236.572,37.273,-0.511,-0.818,0.264,0,0.307,0.952,-0.86,0.486,-0.157],"_shiftlockState":false,"_pose":"Running","_animationQueue":[],"_animationSpeed":1.102,"_zoom":12.542},{"_mousePosition":[683,384],"_rootPartCFrame":[749.514,222.904,39.357,-0.395,0,0.918,0,1,0,-0.918,0,-0.395],"_humanoidState":8,"_cameraCFrame":[752.695,236.376,37.39,-0.526,-0.812,0.254,0,0.298,0.955,-0.851,0.502,-0.157],"_shiftlockState":false,"_pose":"Running","_animationQueue":[],"_animationSpeed":1.102,"_zoom":12.542},{"_mousePosition":[683,384],"_rootPartCFrame":[749.276,223.778,39.476,-0.414,0,0.91,0,1,0,-0.91,0,-0.414],"_humanoidState":3,"_cameraCFrame":[752.35,237.276,37.503,-0.54,-0.805,0.245,0,0.291,0.957,-0.842,0.517,-0.157],"_shiftlockState":false,"_pose":"Jumping","_animationQueue":[["walk",0.1],["jump",0.1]],"_animationSpeed":1,"_zoom":12.542},{"_mousePosition":[683,384],"_rootPartCFrame":[749.047,224.6,39.612,-0.43,0,0.903,0,1,0,-0.903,0,-0.43],"_humanoidState":5,"_cameraCFrame":[752.015,238.124,37.636,-0.554,-0.798,0.237,0,0.284,0.959,-0.832,0.531,-0.158],"_shiftlockState":false,"_pose":"FreeFall","_animationQueue":[["jump",0.1]],"_animationSpeed":1,"_zoom":12.542},{"_mousePosition":[683,384],"_rootPartCFrame":[748.822,225.367,39.755,-0.445,0,0.896,0,1,0,-0.896,0,-0.445],"_humanoidState":5,"_cameraCFrame":[751.691,238.914,37.771,-0.569,-0.79,0.229,0,0.278,0.961,-0.822,0.546,-0.158],"_shiftlockState":false,"_pose":"FreeFall","_animationQueue":[],"_animationSpeed":1,"_zoom":12.542},{"_mousePosition":[683,384],"_rootPartCFrame":[748.599,226.08,39.903,-0.46,0,0.888,0,1,0,-0.888,0,-0.46],"_humanoidState":5,"_cameraCFrame":[751.347,239.655,37.916,-0.586,-0.78,0.219,0,0.27,0.963,-0.81,0.564,-0.158],"_shiftlockState":false,"_pose":"FreeFall","_animationQueue":[],"_animationSpeed":1,"_zoom":12.542},{"_mousePosition":[683,384],"_rootPartCFrame":[748.38,226.739,40.054,-0.475,0,0.88,0,1,0,-0.88,0,-0.475],"_humanoidState":5,"_cameraCFrame":[750.988,240.346,38.075,-0.605,-0.769,0.208,0,0.261,0.965,-0.797,0.584,-0.158],"_shiftlockState":false,"_pose":"FreeFall","_animationQueue":[],"_animationSpeed":1,"_zoom":12.542},{"_mousePosition":[683,384],"_rootPartCFrame":[748.163,227.343,40.209,-0.49,0,0.872,0,1,0,-0.872,0,-0.49],"_humanoidState":5,"_cameraCFrame":[750.621,240.983,38.245,-0.624,-0.756,0.196,0,0.251,0.968,-0.781,0.604,-0.157],"_shiftlockState":false,"_pose":"FreeFall","_animationQueue":[],"_animationSpeed":1,"_zoom":12.542},{"_mousePosition":[683,384],"_rootPartCFrame":[747.95,227.892,40.37,-0.506,0,0.863,0,1,0,-0.863,0,-0.506],"_humanoidState":5,"_cameraCFrame":[750.247,241.568,38.425,-0.646,-0.741,0.183,0,0.24,0.971,-0.763,0.627,-0.155],"_shiftlockState":false,"_pose":"FreeFall","_animationQueue":[],"_animationSpeed":1,"_zoom":12.542},{"_mousePosition":[683,384],"_rootPartCFrame":[747.793,228.269,40.494,-0.518,0,0.855,0,1,0,-0.855,0,-0.518],"_humanoidState":5,"_cameraCFrame":[749.907,241.982,38.579,-0.671,-0.722,0.169,0,0.227,0.974,-0.741,0.654,-0.153],"_shiftlockState":false,"_pose":"FreeFall","_animationQueue":[],"_animationSpeed":1,"_zoom":12.542},{"_mousePosition":[683,384],"_rootPartCFrame":[747.538,228.828,40.708,-0.54,0,0.842,0,1,0,-0.842,0,-0.54],"_humanoidState":5,"_cameraCFrame":[749.529,242.566,38.82,-0.688,-0.708,0.159,0,0.219,0.976,-0.725,0.672,-0.151],"_shiftlockState":false,"_pose":"FreeFall","_animationQueue":[],"_animationSpeed":1,"_zoom":12.542},{"_mousePosition":[683,384],"_rootPartCFrame":[747.34,229.214,40.886,-0.558,0,0.83,0,1,0,-0.83,0,-0.558],"_humanoidState":5,"_cameraCFrame":[749.207,242.976,39.027,-0.706,-0.693,0.149,0,0.21,0.978,-0.709,0.69,-0.148],"_shiftlockState":false,"_pose":"FreeFall","_animationQueue":[],"_animationSpeed":1,"_zoom":12.542},{"_mousePosition":[683,384],"_rootPartCFrame":[747.146,229.545,41.069,-0.576,0,0.817,0,1,0,-0.817,0,-0.576],"_humanoidState":5,"_cameraCFrame":[748.919,243.324,39.228,-0.72,-0.679,0.141,0,0.204,0.979,-0.694,0.705,-0.147],"_shiftlockState":false,"_pose":"FreeFall","_animationQueue":[],"_animationSpeed":1,"_zoom":12.542},{"_mousePosition":[683,384],"_rootPartCFrame":[747.003,229.758,41.21,-0.59,0,0.808,0,1,0,-0.808,0,-0.59],"_humanoidState":5,"_cameraCFrame":[748.699,243.549,39.3