[{"_mousePosition":[855,434],"_rootPartCFrame":[776.034,222.7,47.142,-0.001,0,1,0,1,0,-1,0,-0.001],"_humanoidState":8,"_cameraCFrame":[778.447,238.527,32.459,-0.987,-0.112,0.117,0,0.72,0.694,-0.162,0.684,-0.711],"_shiftlockState":false,"_pose":"Standing","_animationQueue":[],"_animationSpeed":1,"_zoom":20.656},{"_mousePosition":[855,434],"_rootPartCFrame":[775.865,222.695,47.114,0.015,0,1,0,1,0,-1,0,0.015],"_humanoidState":8,"_cameraCFrame":[778.277,238.521,32.431,-0.987,-0.112,0.117,0,0.72,0.694,-0.162,0.684,-0.711],"_shiftlockState":false,"_pose":"Standing","_animationQueue":[],"_animationSpeed":1,"_zoom":20.656},{"_mousePosition":[855,434],"_rootPartCFrame":[775.603,222.696,47.071,0.035,0,0.999,0,1,0,-0.999,0,0.035],"_humanoidState":8,"_cameraCFrame":[778.016,238.523,32.388,-0.987,-0.112,0.117,0,0.72,0.694,-0.162,0.684,-0.711],"_shiftlockState":false,"_pose":"Running","_animationQueue":[["walk",0.1]],"_animationSpeed":1.003,"_zoom":20.656},{"_mousePosition":[855,434],"_rootPartCFrame":[775.34,222.698,47.028,0.052,0,0.999,0,1,0,-0.999,0,0.052],"_humanoidState":8,"_cameraCFrame":[777.749,238.553,32.372,-0.987,-0.113,0.117,0,0.719,0.695,-0.162,0.686,-0.71],"_shiftlockState":false,"_pose":"Running","_animationQueue":[["walk",0.1]],"_animationSpeed":1.101,"_zoom":20.656},{"_mousePosition":[855,434],"_rootPartCFrame":[775.077,222.699,46.985,0.067,0,0.998,0,1,0,-0.998,0,0.067],"_humanoidState":8,"_cameraCFrame":[777.481,238.583,32.357,-0.987,-0.113,0.116,0,0.718,0.696,-0.162,0.687,-0.708],"_shiftlockState":false,"_pose":"Running","_animationQueue":[],"_animationSpeed":1.101,"_zoom":20.656},{"_mousePosition":[855,434],"_rootPartCFrame":[774.814,222.699,46.942,0.08,0,0.997,0,1,0,-0.997,0,0.08],"_humanoidState":8,"_cameraCFrame":[777.213,238.612,32.341,-0.987,-0.113,0.116,0,0.716,0.698,-0.162,0.689,-0.707],"_shiftlockState":false,"_pose":"Running","_animationQueue":[["walk",0.1]],"_animationSpeed":1.101,"_zoom":20.656},{"_mousePosition":[855,434],"_rootPartCFrame":[774.551,222.699,46.898,0.091,0,0.996,0,1,0,-0.996,0,0.091],"_humanoidState":8,"_cameraCFrame":[776.941,238.67,32.353,-0.987,-0.114,0.116,0,0.714,0.701,-0.162,0.691,-0.704],"_shiftlockState":false,"_pose":"Running","_animationQueue":[],"_animationSpeed":1.101,"_zoom":20.656},{"_mousePosition":[855,434],"_rootPartCFrame":[774.287,222.699,46.855,0.101,0,0.995,0,1,0,-0.995,0,0.101],"_humanoidState":8,"_cameraCFrame":[776.668,238.728,32.366,-0.987,-0.114,0.115,0,0.711,0.703,-0.162,0.694,-0.701],"_shiftlockState":false,"_pose":"Running","_animationQueue":[],"_animationSpeed":1.101,"_zoom":20.656},{"_mousePosition":[855,434],"_rootPartCFrame":[774.024,222.7,46.812,0.109,0,0.994,0,1,0,-0.994,0,0.109],"_humanoidState":8,"_cameraCFrame":[776.391,238.813,32.407,-0.987,-0.115,0.115,0,0.707,0.707,-0.162,0.698,-0.697],"_shiftlockState":false,"_pose":"Running","_animationQueue":[],"_animationSpeed":1.101,"_zoom":20.656},{"_mousePosition":[855,434],"_rootPartCFrame":[773.63,222.7,46.747,0.12,0,0.993,0,1,0,-0.993,0,0.12],"_humanoidState":8,"_cameraCFrame":[775.978,238.927,32.455,-0.987,-0.116,0.114,0,0.701,0.713,-0.162,0.704,-0.692],"_shiftlockState":false,"_pose":"Running","_animationQueue":[],"_animationSpeed":1.101,"_zoom":20.656},{"_mousePosition":[855,434],"_rootPartCFrame":[773.498,222.7,46.725,0.123,0,0.992,0,1,0,-0.992,0,0.123],"_humanoidState":8,"_cameraCFrame":[775.756,239.039,32.535,-0.988,-0.113,0.109,0,0.696,0.718,-0.157,0.709,-0.687],"_shiftlockState":false,"_pose":"Running","_animationQueue":[],"_animationSpeed":1.101,"_zoom":20.656},{"_mousePosition":[855,434],"_rootPartCFrame":[773.235,222.7,46.682,0.128,0,0.992,0,1,0,-0.992,0,0.128],"_humanoidState":8,"_cameraCFrame":[775.359,239.206,32.648,-0.989,-0.109,0.103,0,0.687,0.726,-0.15,0.718,-0.679],"_shiftlockState":false,"_pose":"Running","_animationQueue":[],"_animationSpeed":1.101,"_zoom":20.656},{"_mousePosition":[855,434],"_rootPartCFrame":[772.971,222.7,46.64,0.132,0,0.991,0,1,0,-0.991,0,0.132],"_humanoidState":8,"_cameraCFrame":[774.964,239.371,32.765,-0.99,-0.104,0.096,0,0.679,0.734,-0.142,0.727,-0.672],"_shiftlockState":false,"_pose":"Running","_animationQueue":[["walk",0.1]],"_animationSpeed":1.101,"_zoom":20.656},{"_mousePosition":[855,434],"_rootPartCFrame":[772.708,222.7,46.6,0.135,0,0.991,0,1,0,-0.991,0,0.135],"_humanoidState":8,"_cameraCFrame":[772.797,239.561,32.68,-0.991,-0.098,0.088,0,0.669,0.744,-0.132,0.737,-0.663],"_shiftlockState":true,"_pose":"Running","_animationQueue":[],"_animationSpeed":1.101,"_zoom":20.656},{"_mousePosition":[683,384],"_rootPartCFrame":[772.444,222.7,46.562,-0.999,0,0.038,0,1,0,-0.038,0,-0.999],"_humanoidState":8,"_cameraCFrame":[772.534,239.561,32.642,-0.991,-0.098,0.088,0,0.669,0.744,-0.132,0.737,-0.663],"_shiftlockState":true,"_pose":"Running","_animationQueue":[],"_animationSpeed":1.101,"_zoom":20.656},{"_mousePosition":[683,384],"_rootPartCFrame":[772.18,222.7,46.526,-0.992,0,0.122,0,1,0,-0.122,0,-0.992],"_humanoidState":8,"_cameraCFrame":[772.164,239.801,32.876,-0.992,-0.096,0.083,0,0.655,0.755,-0.127,0.749,-0.65],"_shiftlockState":true,"_pose":"Running","_animationQueue":[],"_animationSpeed":1.101,"_zoom":20.656},{"_mousePosition":[683,384],"_rootPartCFrame":[771.915,222.7,46.491,-0.992,0,0.127,0,1,0,-0.127,0,-0.992],"_humanoidState":8,"_cameraCFrame":[771.809,239.958,33.023,-0.993,-0.093,0.079,0,0.647,0.763,-0.122,0.757,-0.642],"_shiftlockState":true,"_pose":"Running","_animationQueue":[],"_animationSpeed":1.101,"_zoom":20.656},{"_mousePosition":[683,384],"_rootPartCFrame":[771.651,222.7,46.457,-0.993,0,0.122,0,1,0,-0.122,0,-0.993],"_humanoidState":8,"_cameraCFrame":[771.525,240.087,33.142,-0.993,-0.094,0.078,0,0.639,0.769,-0.122,0.763,-0.634],"_shiftlockState":true,"_pose":"Running","_animationQueue":[],"_animationSpeed":1.101,"_zoom":20.656},{"_mousePosition":[683,384],"_rootPartCFrame":[771.386,223.573,46.423,-0.993,0,0.122,0,1,0,-0.122,0,-0.993],"_humanoidState":3,"_cameraCFrame":[771.246,241.063,33.231,-0.993,-0.094,0.077,0,0.633,0.774,-0.122,0.768,-0.628],"_shiftlockState":true,"_pose":"Jumping","_animationQueue":[["walk",0.1],["walk",0.1],["jump",0.1]],"_animationSpeed":1,"_zoom":20.656},{"_mousePosition":[683,384],"_rootPartCFrame":[771.122,224.395,46.391,-0.977,0,0.213,0,1,0,-0.213,0,-0.977],"_humanoidState":5,"_cameraCFrame":[770.966,241.986,33.323,-0.993,-0.095,0.077,0,0.627,0.779,-0.122,0.773,-0.622],"_shiftlockState":true,"_pose":"FreeFall","_animationQueue":[["jump",0.1]],"_animationSpeed":1,"_zoom":20.656},{"_mousePosition":[683,384],"_rootPartCFrame":[770.857,225.162,46.358,-0.969,0,0.248,0,1,0,-0.248,0,-0.969],"_humanoidState":5,"_cameraCFrame":[770.722,242.829,33.383,-0.992,-0.098,0.078,0,0.622,0.783,-0.125,0.777,-0.618],"_shiftlockState":true,"_pose":"FreeFall","_animationQueue":[],"_animationSpeed":1,"_zoom":20.656},{"_mousePosition":[683,384],"_rootPartCFrame":[770.592,225.875,46.325,-0.967,0,0.255,0,1,0,-0.255,0,-0.967],"_humanoidState":5,"_cameraCFrame":[770.515,243.592,33.413,-0.992,-0.102,0.08,0,0.619,0.785,-0.13,0.778,-0.614],"_shiftlockState":true,"_pose":"FreeFall","_animationQueue":[],"_animationSpeed":1,"_zoom":20.656},{"_mousePosition":[683,384],"_rootPartCFrame":[770.328,226.534,46.292,-0.966,0,0.26,0,1,0,-0.26,0,-0.966],"_humanoidState":5,"_cameraCFrame":[770.275,244.301,33.442,-0.991,-0.104,0.081,0,0.616,0.788,-0.132,0.781,-0.611],"_shiftlockState":true,"_pose":"FreeFall","_animationQueue":[],"_animationSpeed":1,"_zoom":20.656},{"_mousePosition":[683,384],"_rootPartCFrame":[770.063,227.138,46.258,-0.965,0,0.263,0,1,0,-0.263,0,-0.965],"_humanoidState":5,"_cameraCFrame":[770.071,244.929,33.439,-0.991,-0.108,0.084,0,0.615,0.789,-0.137,0.781,-0.609],"_shiftlockState":true,"_pose":"FreeFall","_animationQueue":[],"_animationSpeed":1,"_zoom":20.656},{"_mousePosition":[683,384],"_rootPartCFrame":[769.733,227.816,46.214,-0.954,0,0.299,0,1,0,-0.299,0,-0.954],"_humanoidState":5,"_cameraCFrame":[769.797,245.657,33.458,-0.99,-0.112,0.087,0,0.612,0.791,-0.142,0.783,-0.605],"_shiftlockState":true,"_pose":"FreeFall","_animationQueue":[],"_animationSpeed":1,"_zoom":20.656},{"_mousePosition":[683,384],"_rootPartCFrame":[769.535,228.182,46.187,-0.971,0,0.24,0,1,0,-0.24,0,-0.971],"_humanoidState":5,"_cameraCFrame":[769.658,246.048,33.463,-0.989,-0.117,0.09,0,0.61,0.792,-0.147,0.784,-0.604],"_shiftlockState":true,"_pose":"FreeFall","_animationQueue":[],"_animationSpeed":1,"_zoom":20.656},{"_mousePosition":[683,384],"_rootPartCFrame":[769.271,228.623,46.149,-0.961,0,0.277,0,1,0,-0.277,0,-0.961],"_humanoidState":5,"_cameraCFrame":[769.394,246.488,33.425,-0.989,-0.117,0.09,0,0.61,0.792,-0.147,0.784,-0.604],"_shiftlockState":true,"_pose":"FreeFall","_animationQueue":[],"_animationSpeed":1,"_zoom":20.656},{"_mousePosition":[683,384],"_rootPartCFrame":[769.007,229.009,46.11,-0.961,0,0.277,0,1,0,-0.277,0,-0.961],"_humanoidState":5,"_cameraCFrame":[769.131,246.874,33.386,-0.989,-0.117,0.09,0,0.61,0.792,-0.147,0.784,-0.604],"_shiftlockState":true,"_pose":"FreeFall","_animationQueue":[],"_animationSpeed":1,"_zoom":20.656},{"_mousePosition":[683,384],"_rootPartCFrame":[768.743,229.34,46.071,-0.961,0,0.277,0,1,0,-0.277,0,-0.961],"_humanoidState":5,"_cameraCFrame":[768.867,247.206,33.347,-0.989,-0.117,0.09,0,0.61,0.792,-0.147,0.784,-0.604],"_shiftlockState":true,"_pose":"FreeFall","_animationQueue":[],"_animationSpeed":1,"_zoom":20.656},{"_mousePosition":[683,384],"_rootPartCFrame":[768.48,229.617,46.032,-0.961,0,0.277,0,1,0,-0.277,0,-0.961],"_humanoidState":5,"_cameraCFrame":[768.603,247.483,33.308,-0.989,-0.117,0.09,0,0.61,0.792,-0.147,0.784,-0.604],"_shiftlockState":true,"_pose":"FreeFall","_animationQueue":[],"_animationSpeed":1,"_zoom":20.656},{"_mousePosition":[683,384],"_rootPartCFrame":[768.216,229.84,45.992,-0.961,0,0.277,0,1,0,-0.277,0,-0.961],"_humanoidState":5,"_cameraCFrame":[768.33,247.754,33.332,-0.989,-0.117,0.089,0,0.607,0.795,-0.147,0.786,-0.6],"_shiftlockState":true,"_pose":"FreeFall","_animationQueue":[],"_animationSpeed":1,"_zoom":20.656},{"_mousePosition":[683,384],"_rootPartCFrame":[767.952,230.008,45.953,-0.961,0,0.277,0,1,0,-0.277,0,-0.961],"_humanoidState":5,"_cameraCFrame":[767.962,247.971,33.356,-0.99,-0.111,0.084,0,0.604,0.797,-0.14,0.789,-0.598],"_shiftlockState":true,"_pose":"FreeFall","_animationQueue":[],"_animationSpeed":1,"_zoom":20.656},{"_mousePosition":[683,384],"_rootPartCFrame":[767.689,230.122,45.914,-0.963,0,0.27,0,1,0,-0.27,0,-0.963],"_humanoidState":5,"_cameraCFrame":[767.526,248.157,33.413,-0.992,-0.102,0.076,0,0.599,0.801,-0.127,0.794,-0.594],"_shiftlockState":true,"_pose":"FreeFall","_animationQueue":[],"_animationSpeed":1,"_zoom":20.656},{"_mousePosition":[683,384],"_rootPartCFrame":[767.359,230.187,45.867,-0.957,0,0.29,0,1,0,-0.29,0,-0.957],"_humanoidState":5,"_cameraCFrame":[766.961,248.319,33.499,-0.994,-0.088,0.065,0,0.593,0.805,-0.11,0.8,-0.589],"_shiftlockState":true,"_pose":"FreeFall","_animationQueue":[],"_animationSpeed":1,"_zoom":20.656},{"_mousePosition":[683,384],"_rootPartCFrame":[767.16,230.185,45.841,-0.978,0,0.208,0,1,0,-0.208,0,-0.978],"_humanoidState":5,"_cameraCFrame":[766.503,248.388,33.581,-0.996,-0.072,0.053,0,0.588,0.809,-0.089,0.805,-0.586],"_shiftlockState":true,"_pose":"FreeFall","_animationQueue":[],"_animationSpeed":1,"_zoom":20.656},{"_mousePosition":[683,384],"_rootPartCFrame":[766.895,230.135,45.811,-0.975,0,0.221,0,1,0,-0.221,0,-0.975],"_humanoidState":5,"_cameraCFrame":[765.86,248.409,33.674,-0.998,-0.048,0.034,0,0.584,0.812,-0.059,0.811,-0.583],"_shiftlockState":true,"_pose":"FreeFall","_animationQueue":[],"_animationSpeed":1,"_zoom":20.656},{"_mousePosition":[683,384],"_rootPartCFrame":[766.63,230.031,45.787,-0.982,0,0.191,0,1,0,-0.191,0,-0.982],"_humanoidState":5,"_cameraCFrame":[765.195,248.351,33.756,-1,-0.021,0.015,0,0.58,0.814,-0.026,0.814,-0.58],"_shiftlockState":true,"_pose":"FreeFall","_animationQueue":[],"_animationSpeed":1,"_zoom":20.656},{"_mousePosition":[683,384],"_rootPartCFrame":[766.364,229.872,45.77,-0.987,0,0.159,0,1,0,-0.159,0,-0.987],"_humanoidState":5,"_cameraCFrame":[764.504,248.262,33.896,-1,0.008,-0.005,0,0.576,0.818,0.009,0.818,-0.576],"_shiftlockState":true,"_pose":"FreeFall","_animationQueue":[["fall",0.3]],"_animationSpeed":1,"_zoom":20.656},{"_mousePosition":[683,384],"_rootPartCFrame":[766.097,229.658,45.761,-0.992,0,0.124,0,1,0,-0.124,0,-0.992],"_humanoidState":5,"_cameraCFrame":[763.679,248.164,34.156,-0.998,0.047,-0.033,0,0.568,0.823,0.057,0.822,-0.567],"_shiftlockState":true,"_pose":"FreeFall","_animationQueue":[],"_animationSpeed":1,"_zoom":20.656},{"_mousePosition":[683,384],"_rootPartCFrame":[765.764,229.315,45.763,-0.994,0,0.109,0,1,0,-0.109,0,-0.994],"_humanoidState":5,"_cameraCFrame":[762.974,247.889,34.342,-0.996,0.074,-0.051,0,0.563,0.827,0.09,0.823,-0.561],"_shiftlockState":true,"_pose":"FreeFall","_animationQueue":[],"_animationSpeed":1,"_zoom":20.656},{"_mousePosition":[683,384],"_rootPartCFrame":[765.564,229.068,45.773,-1,0,0.01,0,1,0,-0.01,0,-1],"_humanoidState":5,"_cameraCFrame":[762.465,247.687,34.5,-0.993,0.098,-0.066,0,0.56,0.829,0.118,0.823,-0.556],"_shiftlockState":true,"_pose":"FreeFall","_animationQueue":[],"_animationSpeed":1,"_zoom":20.656},{"_mousePosition":[683,384],"_rootPartCFrame":[765.298,228.691,45.795,-1,0,0.015,0,1,0,-0.015,0,-1],"_humanoidState":5,"_cameraCFrame":[762.009,247.355,34.646,-0.991,0.112,-0.075,0,0.556,0.831,0.135,0.823,-0.551],"_shiftlockState":true,"_pose":"FreeFall","_animationQueue":[],"_animationSpeed":1,"_zoom":20.656},{"_mousePosition":[683,384],"_rootPartCFrame":[765.034,228.259,45.825,-1,0,-0.002,0,1,0,0.002,0,-1],"_humanoidState":5,"_cameraCFrame":[761.608,246.946,34.751,-0.989,0.123,-0.082,0,0.555,0.832,0.148,0.823,-0.549],"_shiftlockState":true,"_pose":"FreeFall","_animationQueue":[],"_animationSpeed":1,"_zoom":20.656},{"_mousePosition":[683,384],"_rootPartCFrame":[764.703,227.643,45.87,-1,0,0.018,0,1,0,-0.018,0,-1],"_humanoidState":5,"_cameraCFrame":[761.222,246.33,34.813,-0.988,0.127,-0.085,0,0.555,0.832,0.153,0.822,-0.548],"_shiftlockState":true,"_pose":"FreeFall","_animationQueue":[["fall",0.3]],"_animationSpeed":1,"_zoom":20.656},{"_mousePosition":[683,384],"_rootPartCFrame":[764.505,227.233,45.899,-0.999,0,-0.053,0,1,0,0.053,0,-0.999],"_humanoidState":5,"_cameraCFrame":[761.024,245.919,34.842,-0.988,0.127,-0.085,0,0.555,0.832,0.153,0.822,-0.548],"_shiftlockState":true,"_pose":"FreeFall","_animationQueue":[],"_animationSpeed":1,"_zoom":20.656},{"_mousePosition":[683,384],"_rootPartCFrame":[764.242,226.638,45.939,-1,0,-0.02,0,1,0,0.02,0,-1],"_humanoidState":5,"_cameraCFrame":[760.761,245.324,34.883,-0.988,0.127,-0.085,0,0.555,0.832,0.153,0.822,-0.548],"_shiftlockState":true,"_pose":"FreeFall","_animationQueue":[],"_animationSpeed":1,"_zoom":20.656},{"_mousePosition":[683,384],"_rootPartCFrame":[763.978,225.988,45.98,-1,0,-0.02,0,1,0,0.02,0,-1],"_humanoidState":5,"_cameraCFrame":[760.553,244.675,34.906,-0.989,0.123,-0.082,0,0.555,0.832,0.148,0.823,-0.549],"_shiftlockState":true,"_pose":"FreeFall","_animationQueue":[],"_animationSpeed":1,"_zoom":20.656},{"_mousePosition":[683,384],"_rootPartCFrame":[763.715,225.284,46.021,-1,0,-0.015,0,1,0,0.015,0,-1],"_humanoidState":5,"_cameraCFrame":[760.713,243.971,34.825,-0.994,0.092,-0.061,0,0.555,0.832,0.11,0.827,-0.551],"_shiftlockState":true,"_pose":"FreeFall","_animationQueue":[],"_animationSpeed":1,"_zoom":20.656},{"_mousePosition":[683,384],"_rootPartCFrame":[763.385,224.328,46.07,-0.998,0,-0.067,0,1,0,0.067,0,-0.998],"_humanoidState":7,"_cameraCFrame":[761.472,243.014,34.638,-1,0.012,-0.008,0,0.555,0.832,0.014,0.832,-0.555],"_shiftlockState":true,"_pose":"FreeFall","_animationQueue":[["walk",0.1],["fall",0.3],["fall",0.3]],"_animationSpeed":1,"_zoom":20.656},{"_mousePosition":[683,384],"_rootPartCFrame":[763.187,224.174,46.094,-1,0,-0.012,0,1,0,0.012,0,-1],"_humanoidState":7,"_cameraCFrame":[762.903,242.883,34.539,-0.992,-0.106,0.07,0,0.553,0.833,-0.127,0.826,-0.549],"_shiftlockState":true,"_pose":"FreeFall","_animationQueue":[],"_animationSpeed":1,"_zoom":20.656},{"_mousePosition":[683,384],"_rootPartCFrame":[762.92,224.253,46.101,-0.991,0,0.134,0,1,0,-0.134,0,-0.991],"_humanoidState":8,"_cameraCFrame":[765.687,243.094,35.085,-0.921,-0.328,0.212,0,0.543,0.84,-0.39,0.773,-0.5],"_shiftlockState":true,"_pose":"Running","_animationQueue":[["fall",0.3],["walk",0.1],["fall",0.3],["walk",0.1]],"_animationSpeed":1.103,"_zoom":20.656},{"_mousePosition":[683,384],"_rootPartCFrame":[762.589,224.352,45.901,-0.916,0,0.401,0,1,-0.001,-0.401,-0.001,-0.916],"_humanoidState":8,"_cameraCFrame":[766.964,243.258,35.525,-0.85,-0.444,0.284,0,0.538,0.843,-0.527,0.716,-0.458],"_shiftlockState":true,"_pose":"Running","_animationQueue":[],"_animationSpeed":1.103,"_zoom":20.656},{"_mousePosition":[683,384],"_rootPartCFrame":[762.403,224.387,45.775,-0.846,0,0.533,0,1,-0.001,-0.533,-0.001,-0.846],"_humanoidState":8,"_cameraCFrame":[767.733,243.315,35.895,-0.795,-0.511,0.325,0,0.537,0.844,-0.606,0.671,-0.427],"_shiftlockState":true,"_pose":"Running","_animationQueue":[],"_animationSpeed":1.103,"_zoom":20.656},{"_mousePosition":[683,384],"_rootPartCFrame":[762.173,224.415,45.638,-0.793,0,0.609,0,1,0,-0.609,0,-0.793],"_humanoidState":8,"_cameraCFrame":[767.727,243.343,35.883,-0.781,-0.527,0.335,0,0.537,0.844,-0.624,0.659,-0.419],"_shiftlockState":true,"_pose":"Running","_animationQueue":[],"_animationSpeed":1.103,"_zoom":20.656},{"_mousePosition":[683,384],"_rootPartCFrame":[761.959,224.431,45.48,-0.781,0,0.624,0,1,0,-0.624,0,-0.781],"_humanoidState":8,"_cameraCFrame":[767.611,243.359,35.781,-0.775,-0.533,0.339,0,0.537,0.844,-0.632,0.654,-0.416],"_shiftlockState":true,"_pose":"Running","_animationQueue":[],"_animationSpeed":1.103,"_zoom":20.656},{"_mousePosition":[683,384],"_rootPartCFrame":[761.75,224.439,45.314,-0.775,0,0.632,0,1,0,-0.632,0,-0.775],"_humanoidState":8,"_cameraCFrame":[767.279,243.367,35.545,-0.783,-0.525,0.334,0,0.537,0.844,-0.622,0.661,-0.42],"_shiftlockState":true,"_pose":"Running","_animationQueue":[],"_animationSpeed":1.103,"_zoom":20.656},{"_mousePosition":[683,384],"_rootPartCFrame":[761.489,225.51,45.106,-0.783,0,0.622,0,1,0,-0.622,0,-0.783],"_humanoidState":3,"_cameraCFrame":[766.491,244.438,35.057,-0.815,-0.489,0.311,0,0.537,0.844,-0.58,0.687,-0.437],"_shiftlockState":true,"_pose":"Jumping","_animationQueue":[["walk",0.1],["walk",0.1],["jump",0.1]],"_animationSpeed":1,"_zoom":20.656},{"_mousePosition":[683,384],"_rootPartCFrame":[761.333,226.111,44.981,-0.777,0,0.63,0,1,0,-0.63,0,-0.777],"_humanoidState":5,"_cameraCFrame":[765.584,245.039,34.593,-0.855,-0.437,0.278,0,0.537,0.844,-0.518,0.721,-0.459],"_shiftlockState":true,"_pose":"FreeFall","_animationQueue":[["jump",0.1]],"_animationSpeed":1,"_zoom":20.656},{"_mousePosition":[683,384],"_rootPartCFrame":[761.117,226.865,44.825,-0.784,0,0.621,0,1,0,-0.621,0,-0.784],"_humanoidState":5,"_cameraCFrame":[764.541,245.793,34.135,-0.893,-0.38,0.241,0,0.537,0.844,-0.45,0.754,-0.479],"_shiftlockState":true,"_pose":"FreeFall","_animationQueue":[],"_animationSpeed":1,"_zoom":20.656},{"_mousePosition":[683,384],"_rootPartCFrame":[760.891,227.564,44.684,-0.826,0,0.564,0,1,0,-0.564,0,-0.826],"_humanoidState":5,"_cameraCFrame":[763.356,246.492,33.733,-0.929,-0.311,0.198,0,0.537,0.844,-0.369,0.784,-0.499],"_shiftlockState":true,"_pose":"FreeFall","_animationQueue":[],"_animationSpeed":1,"_zoom":20.656},{"_mousePosition":[683,384],"_rootPartCFrame":[760.655,228.209,44.56,-0.872,0,0.489,0,1,0,-0.489,0,-0.872],"_humanoidState":5,"_cameraCFrame":[762.086,247.137,33.426,-0.96,-0.237,0.151,0,0.537,0.844,-0.281,0.81,-0.515],"_shiftlockState":true,"_pose":"FreeFall","_animationQueue":[],"_animationSpeed":1,"_zoom":20.656},{"_mousePosition":[683,384],"_rootPartCFrame":[760.409,228.799,44.456,-0.914,0,0.406,0,1,0,-0.406,0,-0.914],"_humanoidState":5,"_cameraCFrame":[760.821,247.727,33.239,-0.981,-0.162,0.103,0,0.537,0.844,-0.192,0.828,-0.527],"_shiftlockState":true,"_pose":"FreeFall","_animationQueue":[],"_animationSpeed":1,"_zoom":20.656},{"_mousePosition":[683,384],"_rootPartCFrame":[760.155,229.335,44.376,-0.947,0,0.321,0,1,0,-0.321,0,-0.947],"_humanoidState":5,"_cameraCFrame":[759.375,248.263,33.178,-0.996,-0.073,0.047,0,0.537,0.844,-0.087,0.841,-0.535],"_shiftlockState":true,"_pose":"FreeFall","_animationQueue":[],"_animationSpeed":1,"_zoom":20.656},{"_mousePosition":[683,384],"_rootPartCFrame":[759.895,229.817,44.319,-0.976,0,0.218,0,1,0,-0.218,0,-0.976],"_humanoidState":5,"_cameraCFrame":[758.577,248.745,33.171,-0.999,-0.033,0.021,0,0.537,0.844,-0.039,0.843,-0.536],"_shiftlockState":true,"_pose":"FreeFall","_animationQueue":[],"_animationSpeed":1,"_zoom":20.656},{"_mousePosition":[683,384],"_rootPartCFrame":[759.631,230.244,44.287,-0.985,0,0.171,0,1,0,-0.171,0,-0.985],"_humanoidState":5,"_cameraCFrame":[757.919,249.171,33.194,-1,-0.003,0.002,0,0.537,0.844,-0.003,0.844,-0.537],"_shiftlockState":true,"_pose":"FreeFall","_animationQueue":[],"_animationSpeed":1,"_zoom":20.656},{"_mousePosition":[683,384],"_rootPartCFrame":[759.364,230.616,44.275,-0.991,0,0.136,0,1,0,-0.136,0,-0.991],"_humanoidState":5,"_cameraCFrame":[757.289,249.544,33.244,-1,0.025,-0.016,0,0.537,0.844,0.029,0.843,-0.537],"_shiftlockState":true,"_pose":"FreeFall","_animationQueue":[],"_animationSpeed":1,"_zoom":20.656},{"_mousePosition":[683,384],"_rootPartCFrame":[759.098,230.934,44.272,-0.995,0,0.104,0,1,0,-0.104,0,-0.995],"_humanoidState":5,"_cameraCFrame":[756.637,249.905,33.389,-0.998,0.055,-0.035,0,0.533,0.846,0.065,0.844,-0.532],"_shiftlockState":true,"_pose":"FreeFall","_animationQueue":[],"_animationSpeed":1,"_zoom":20.656},{"_mousePosition":[683,384],"_rootPartCFrame":[758.831,231.197,44.279,-0.998,0,0.068,0,1,0,-0.068,0,-0.998],"_humanoidState":5,"_cameraCFrame":[755.993,250.211,33.558,-0.995,0.085,-0.053,0,0.53,0.848,0.1,0.844,-0.528],"_shiftlockState":true,"_pose":"FreeFall","_animationQueue":[],"_animationSpeed":1,"_zoom":20.656},{"_mousePosition":[683,384],"_rootPartCFrame":[758.565,231.406,44.295,-0.999,0,0.033,0,1,0,-0.033,0,-0.999],"_humanoidState":5,"_cameraCFrame":[755.385,250.462,33.741,-0.991,0.113,-0.07,0,0.527,0.85,0.133,0.842,-0.522],"_shiftlockState":true,"_pose":"FreeFall","_animationQueue":[],"_animationSpeed":1,"_zoom":20.656},{"_mousePosition":[683,384],"_rootPartCFrame":[758.3,231.56,44.32,-1,0,0,0,1,0,0,0,-1],"_humanoidState":5,"_cameraCFrame":[754.832,250.638,33.892,-0.987,0.136,-0.084,0,0.525,0.851,0.16,0.84,-0.518],"_shiftlockState":true,"_pose":"FreeFall","_animationQueue":[],"_animationSpeed":1,"_zoom":20.656},{"_mousePosition":[683,384],"_rootPartCFrame":[758.035,231.66,44.354,-1,0,-0.028,0,1,0,0.028,0,-1],"_humanoidState":5,"_cameraCFrame":[754.344,250.78,34.076,-0.983,0.156,-0.095,0,0.522,0.853,0.183,0.839,-0.513],"_shiftlockState":true,"_pose":"FreeFall","_animationQueue":[],"_animationSpeed":1,"_zoom":20.656},{"_mousePosition":[683,384],"_rootPartCFrame":[757.772,231.706,44.396,-0.999,0,-0.051,0,1,0,0.051,0,-0.999],"_humanoidState":5,"_cameraCFrame":[753.836,250.867,34.281,-0.978,0.178,-0.108,0,0.519,0.855,0.208,0.836,-0.507],"_shiftlockState":true,"_pose":"FreeFall","_animationQueue":[],"_animationSpeed":1,"_zoom":20.656},{"_mousePosition":[683,384],"_rootPartCFrame":[757.51,231.697,44.444,-0.997,0,-0.076,0,1,0,0.076,0,-0.997],"_humanoidState":5,"_cameraCFrame":[753.31,250.9,34.509,-0.972,0.201,-0.121,0,0.515,0.857,0.235,0.833,-0.501],"_shiftlockState":true,"_pose":"FreeFall","_animationQueue":[],"_animationSpeed":1,"_zoom":20.656},{"_mousePosition":[683,384],"_rootPartCFrame":[757.248,231.633,44.498,-0.995,0,-0.104,0,1,0,0.104,0,-0.995],"_humanoidState":5,"_cameraCFrame":[752.743,250.878,34.774,-0.964,0.229,-0.136,0,0.512,0.859,0.267,0.828,-0.493],"_shiftlockState":true,"_pose":"FreeFall","_animationQueue":[],"_animationSpeed":1,"_zoom":20.656},{"_mousePosition":[683,384],"_rootPartCFrame":[756.989,231.515,44.56,-0.991,0,-0.136,0,1,0,0.136,0,-0.991],"_humanoidState":5,"_cameraCFrame":[752.03,250.821,35.174,-0.949,0.272,-0.16,0,0.507,0.862,0.315,0.818,-0.481],"_shiftlockState":true,"_pose":"FreeFall","_animationQueue":[],"_animationSpeed":1,"_zoom":20.656},{"_mousePosition":[683,384],"_rootPartCFrame":[756.732,231.342,44.63,-0.983,0,-0.186,0,1,0,0.186,0,-0.983],"_humanoidState":5,"_cameraCFrame":[751.478,250.669,35.445,-0.938,0.299,-0.175,0,0.505,0.863,0.346,0.81,-0.474],"_shiftlockState":true,"_pose":"FreeFall","_animationQueue":[],"_animationSpeed":1,"_zoom":20.656},{"_mousePosition":[683,384],"_rootPartCFrame":[756.478,231.115,44.712,-0.976,0,-0.218,0,1,0,0.218,0,-0.976],"_humanoidState":5,"_cameraCFrame":[750.974,250.482,35.755,-0.927,0.324,-0.188,0,0.502,0.865,0.374,0.802,-0.465],"_shiftlockState":true,"_pose":"FreeFall","_animationQueue":[["fall",0.3]],"_animationSpeed":1,"_zoom":20.656},{"_mousePosition":[683,384],"_rootPartCFrame":[756.227,230.834,44.803,-0.969,0,-0.248,0,1,0,0.248,0,-0.969],"_humanoidState":5,"_cameraCFrame":[750.482,250.241,36.082,-0.915,0.349,-0.201,0,0.498,0.867,0.402,0.794,-0.456],"_shiftlockState":true,"_pose":"FreeFall","_animationQueue":[],"_animationSpeed":1,"_zoom":20.656},{"_mousePosition":[683,384],"_rootPartCFrame":[755.98,230.498,44.901,-0.961,0,-0.277,0,1,0,0.277,0,-0.961],"_humanoidState":5,"_cameraCFrame":[750.003,249.945,36.422,-0.903,0.374,-0.213,0,0.495,0.869,0.43,0.784,-0.447],"_shiftlockState":true,"_pose":"FreeFall","_animationQueue":[],"_animationSpeed":1,"_zoom":20.656},{"_mousePosition":[683,384],"_rootPartCFrame":[755.735,230.107,45.008,-0.952,0,-0.306,0,1,0,0.306,0,-0.952],"_humanoidState":5,"_cameraCFrame":[749.582,249.574,36.698,-0.893,0.392,-0.222,0,0.493,0.87,0.45,0.777,-0.44],"_shiftlockState":true,"_pose":"FreeFall","_animationQueue":[],"_animationSpeed":1,"_zoom":20.656},{"_mousePosition":[683,384],"_rootPartCFrame":[755.494,229.662,45.121,-0.887,0,-0.462,0,1,0,0.462,0,-0.887],"_humanoidState":5,"_cameraCFrame":[749.233,249.151,36.94,-0.886,0.404,-0.228,0,0.491,0.871,0.464,0.771,-0.435],"_shiftlockState":true,"_pose":"FreeFall","_animationQueue":[["fall",0.3],["fall",0]],"_animationSpeed":1,"_zoom":20.656},{"_mousePosition":[683,384],"_rootPartCFrame":[755.257,229.162,45.243,-0.94,0,-0.342,0,1,0,0.342,0,-0.94],"_humanoidState":5,"_cameraCFrame":[748.996,248.651,37.062,-0.886,0.404,-0.228,0,0.491,0.871,0.464,0.771,-0.435],"_shiftlockState":true,"_pose":"FreeFall","_animationQueue":[],"_animationSpeed":1,"_zoom":20.656},{"_mousePosition":[683,384],"_rootPartCFrame":[755.021,228.608,45.367,-0.94,0,-0.342,0,1,0,0.342,0,-0.94],"_humanoidState":5,"_cameraCFrame":[748.759,248.097,37.186,-0.886,0.404,-0.228,0,0.491,0.871,0.464,0.771,-0.435],"_shiftlockState":true,"_pose":"FreeFall","_animationQueue":[],"_animationSpeed":1,"_zoom":20.656},{"_mousePosition":[683,384],"_rootPartCFrame":[754.784,228,45.49,-0.94,0,-0.342,0,1,0,0.342,0,-0.94],"_humanoidState":5,"_cameraCFrame":[748.56,247.508,37.325,-0.887,0.403,-0.226,0,0.49,0.872,0.462,0.773,-0.434],"_shiftlockState":true,"_pose":"FreeFall","_animationQueue":[],"_animationSpeed":1,"_zoom":20.656},{"_mousePosition":[683,384],"_rootPartCFrame":[754.548,227.337,45.614,-0.94,0,-0.34,0,1,0,0.34,0,-0.94],"_humanoidState":5,"_cameraCFrame":[748.448,246.845,37.355,-0.894,0.391,-0.22,0,0.49,0.872,0.448,0.779,-0.438],"_shiftlockState":true,"_pose":"FreeFall","_animationQueue":[["fall",0.3]],"_animationSpeed":1,"_zoom":20.656},{"_mousePosition":[683,384],"_rootPartCFrame":[754.311,226.619,45.737,-0.946,0,-0.326,0,1,0,0.326,0,-0.946],"_humanoidState":5,"_cameraCFrame":[748.465,246.128,37.297,-0.907,0.367,-0.206,0,0.49,0.872,0.421,0.791,-0.444],"_shiftlockState":true,"_pose":"FreeFall","_animationQueue":[],"_animationSpeed":1,"_zoom":20.656},{"_mousePosition":[683,384],"_rootPartCFrame":[754.073,225.847,45.857,-0.955,0,-0.297,0,1,0,0.297,0,-0.955],"_humanoidState":5,"_cameraCFrame":[748.773,245.356,37.064,-0.932,0.316,-0.178,0,0.49,0.872,0.363,0.812,-0.456],"_shiftlockState":true,"_pose":"FreeFall","_animationQueue":[],"_animationSpeed":1,"_zoom":20.656},{"_mousePosition":[683,384],"_rootPartCFrame":[753.832,225.02,45.971,-0.972,0,-0.236,0,1,0,0.236,0,-0.972],"_humanoidState":5,"_cameraCFrame":[749.006,244.529,36.908,-0.95,0.273,-0.153,0,0.49,0.872,0.313,0.828,-0.465],"_shiftlockState":true,"_pose":"FreeFall","_animationQueue":[],"_animationSpeed":1,"_zoom":20.656},{"_mousePosition":[683,384],"_rootPartCFrame":[753.588,224.261,46.033,-0.97,0.004,-0.243,0.004,1,0.001,0.243,0,-0.97],"_humanoidState":7,"_cameraCFrame":[749.303,243.769,36.705,-0.966,0.224,-0.126,0,0.49,0.872,0.257,0.843,-0.473],"_shiftlockState":true,"_pose":"FreeFall","_animationQueue":[["walk",0.1],["fall",0.3],["fall",0.3]],"_animationSpeed":1,"_zoom":20.656},{"_mousePosition":[683,384],"_rootPartCFrame":[753.343,224.22,46.072,-0.978,0.005,-0.207,0.004,1,0.001,0.207,0,-0.978],"_humanoidState":7,"_cameraCFrame":[749.658,243.729,36.492,-0.981,0.17,-0.096,0,0.49,0.872,0.195,0.855,-0.48],"_shiftlockState":true,"_pose":"FreeFall","_animationQueue":[],"_animationSpeed":1,"_zoom":20.656},{"_mousePosition":[683,384],"_rootPartCFrame":[753.095,224.303,46.108,-0.987,0,-0.162,0,1,0.001,0.162,0.001,-0.987],"_humanoidState":8,"_cameraCFrame":[750.011,243.792,36.28,-0.991,0.116,-0.065,0,0.491,0.871,0.133,0.863,-0.487],"_shiftlockState":true,"_pose":"Running","_animationQueue":[["fall",0.3],["walk",0.1],["fall",0.3],["walk",0.1]],"_animationSpeed":1.016,"_zoom":20.656},{"_mousePosition":[683,384],"_rootPartCFrame":[752.836,224.367,46.157,-0.992,-0.001,-0.129,-0.001,1,0,0.129,0,-0.992],"_humanoidState":8,"_cameraCFrame":[750.302,243.856,36.171,-0.997,0.068,-0.038,0,0.491,0.871,0.078,0.868,-0.49],"_shiftlockState":true,"_pose":"Running","_animationQueue":[],"_animationSpeed":1.016,"_zoom":20.656},{"_mousePosition":[683,384],"_rootPartCFrame":[752.574,224.404,46.187,-0.997,0.001,-0.073,0.002,1,-0.008,0.073,-0.008,-0.997],"_humanoidState":8,"_cameraCFrame":[750.552,243.893,36.074,-1,0.024,-0.013,0,0.491,0.871,0.027,0.871,-0.491],"_shiftlockState":true,"_pose":"Running","_animationQueue":[["walk",0.1]],"_animationSpeed":1.099,"_zoom":20.656},{"_mousePosition":[683,384],"_rootPartCFrame":[752.534,224.415,46.197,-1,0.001,-0.028,0.001,1,-0.008,0.028,-0.008,-1],"_humanoidState":8,"_cameraCFrame":[751.051,243.904,35.991,-1,-0.023,0.013,0,0.491,0.871,-0.026,0.871,-0.491],"_shiftlockState":true,"_pose":"Running","_animationQueue":[],"_animationSpeed":1.099,"_zoom":20.656},{"_mousePosition":[683,384],"_rootPartCFrame":[752.513,224.426,46.199,-1,0,0.026,0,1,-0.002,-0.026,-0.002,-1],"_humanoidState":8,"_cameraCFrame":[751.728,243.915,35.924,-0.996,-0.082,0.046,0,0.491,0.871,-0.094,0.867,-0.489],"_shiftlockState":true,"_pose":"Running","_animationQueue":[["walk",0.1]],"_animationSpeed":0.551,"_zoom":20.656},{"_mousePosition":[683,384],"_rootPartCFrame":[752.537,224.426,46.19,-0.996,0.001,0.085,0,1,-0.002,-0.085,-0.002,-0.996],"_humanoidState":8,"_cameraCFrame":[752.665,243.915,35.885,-0.983,-0.159,0.089,0,0.491,0.871,-0.182,0.856,-0.483],"_shiftlockState":true,"_pose":"Running","_animationQueue":[["walk",0.1]],"_animationSpeed":0.303,"_zoom":20.656},{"_mousePosition":[683,384],"_rootPartCFrame":[752.549,224.426,46.139,-0.986,0.001,0.165,0,1,-0.001,-0.165,-0.001,-0.986],"_humanoidState":8,"_cameraCFrame":[753.801,243.955,35.981,-0.957,-0.253,0.142,0,0.488,0.873,-0.29,0.835,-0.467],"_shiftlockState":true,"_pose":"Standing","_animationQueue":[["idle",0.1]],"_animationSpeed":1,"_zoom":20.656},{"_mousePosition":[683,384],"_rootPartCFrame":[752.564,224.421,46.038,-0.965,0.009,0.262,0.01,1,0.005,-0.262,0.007,-0.965],"_humanoidState":8,"_cameraCFrame":[754.97,243.988,36.172,-0.917,-0.349,0.194,0,0.485,0.875,-0.399,0.802,-0.444],"_shiftlockState":true,"_pose":"Running","_animationQueue":[["walk",0.1]],"_animationSpeed":0.071,"_zoom":20.656},{"_mousePosition":[683,384],"_rootPartCFrame":[752.417,224.427,45.899,-0.918,0.006,0.397,0.006,1,0,-0.397,0.003,-0.918],"_humanoidState":8,"_cameraCFrame":[756.261,243.995,36.492,-0.847,-0.465,0.258,0,0.485,0.875,-0.531,0.741,-0.411],"_shiftlockState":true,"_pose":"Running","_animationQueue":[["walk",0.1]],"_animationSpeed":0.155,"_zoom":20.656},{"_mousePosition":[683,384],"_rootPartCFrame":[752.175,224.436,45.744,-0.843,0.001,0.537,0,1,-0.001,-0.537,-0.001,-0.843],"_humanoidState":8,"_cameraCFrame":[756.618,243.965,36.523,-0.813,-0.508,0.284,0,0.488,0.873,-0.582,0.71,-0.397],"_shiftlockState":true,"_pose":"Running","_animationQueue":[["walk",0.1]],"_animationSpeed":0.978,"_zoom":20.656},{"_mousePosition":[683,384],"_rootPartCFrame":[751.947,224.442,45.608,-0.812,0,0.584,-0.001,1,0,-0.584,0,-0.812],"_humanoidState":8,"_cameraCFrame":[756.687,243.951,36.5,-0.795,-0.528,0.297,0,0.49,0.872,-0.606,0.693,-0.39],"_shiftlockState":true,"_pose":"Running","_animationQueue":[["walk",0.1]],"_animationSpeed":1.098,"_zoom":20.656},{"_mousePosition":[683,384],"_rootPartCFrame":[751.737,224.446,45.451,-0.791,0.009,0.612,0.004,1,-0.011,-0.612,-0.006,-0.791],"_humanoidState":8,"_cameraCFrame":[756.559,243.934,36.331,-0.792,-0.531,0.3,0,0.491,0.871,-0.61,0.69,-0.389],"_shiftlockState":true,"_pose":"Running","_animationQueue":[],"_animationSpeed":1.098,"_zoom":20.656},{"_mousePosition":[683,384],"_rootPartCFrame":[751.52,225.329,45.295,-0.789,0.012,0.614,0.005,1,-0.013,-0.614,-0.007,-0.789],"_humanoidState":3,"_cameraCFrame":[756.37,244.818,36.185,-0.791,-0.533,0.301,0,0.491,0.871,-0.612,0.689,-0.389],"_shiftlockState":true,"_pose":"Jumping","_animationQueue":[["walk",0.1],["jump",0.1]],"_animationSpeed":1,"_zoom":20.656},{"_mousePosition":[683,384],"_rootPartCFrame":[751.309,226.178,45.131,-0.73,0.007,0.683,0.002,1,-0.007,-0.684,-0.004,-0.73],"_humanoidState":5,"_cameraCFrame":[755.986,245.647,35.902,-0.803,-0.519,0.294,0,0.493,0.87,-0.596,0.699,-0.396],"_shiftlockState":true,"_pose":"FreeFall","_animationQueue":[["jump",0.1]],"_animationSpeed":1,"_zoom":20.656},{"_mousePosition":[683,384],"_rootPartCFrame":[751.1,226.973,44.964,-0.72,0.001,0.694,0,1,-0.002,-0.694,-0.001,-0.72],"_humanoidState":5,"_cameraCFrame":[755.297,246.442,35.515,-0.832,-0.483,0.274,0,0.493,0.87,-0.555,0.724,-0.41],"_shiftlockState":true,"_pose":"FreeFall","_animationQueue":[],"_animationSpeed":1,"_zoom":20.656},{"_mousePosition":[683,384],"_rootPartCFrame":[750.891,227.713,44.798,-0.751,0,0.66,-0.001,1,0,-0.66,-0.001,-0.751],"_humanoidState":5,"_cameraCFrame":[754.395,247.222,35.146,-0.868,-0.433,0.243,0,0.49,0.872,-0.497,0.757,-0.425],"_shiftlockState":true,"_pose":"FreeFall","_animationQueue":[],"_animationSpeed":1,"_zoom":20.656},{"_mousePosition":[683,384],"_rootPartCFrame":[750.67,228.399,44.649,-0.794,0,0.607,0,1,0,-0.607,0,-0.794],"_humanoidState":5,"_cameraCFrame":[753.402,247.947,34.823,-0.903,-0.375,0.209,0,0.486,0.874,-0.429,0.789,-0.439],"_shiftlockState":true,"_pose":"FreeFall","_animationQueue":[],"_animationSpeed":1,"_zoom":20.656},{"_mousePosition":[683,384],"_rootPartCFrame":[750.44,229.03,44.514,-0.838,0,0.545,0,1,0,-0.545,0,-0.838],"_humanoidState":5,"_cameraCFrame":[752.419,248.617,34.58,-0.932,-0.317,0.175,0,0.483,0.876,-0.362,0.816,-0.45],"_shiftlockState":true,"_pose":"FreeFall","_animationQueue":[],"_animationSpeed":1,"_zoom":20.656},{"_mousePosition":[683,384],"_rootPartCFrame":[750.202,229.607,44.395,-0.876,0,0.483,0,1,0,-0.483,0,-0.876],"_humanoidState":5,"_cameraCFrame":[751.527,249.233,34.424,-0.953,-0.265,0.145,0,0.48,0.878,-0.302,0.836,-0.457],"_shiftlockState":true,"_pose":"FreeFall","_animationQueue":[],"_animationSpeed":1,"_zoom":20.656},{"_mousePosition":[683,384],"_rootPartCFrame":[749.955,230.129,44.295,-0.905,0,0.426,0,1,0,-0.426,0,-0.905],"_humanoidState":5,"_cameraCFrame":[750.605,249.794,34.327,-0.971,-0.21,0.114,0,0.476,0.879,-0.239,0.854,-0.462],"_shiftlockState":true,"_pose":"FreeFall","_animationQueue":[],"_animationSpeed":1,"_zoom":20.656},{"_mousePosition":[683,384],"_rootPartCFrame":[749.701,230.597,44.212,-0.931,0,0.366,0,1,0,-0.366,0,-0.931],"_humanoidState":5,"_cameraCFrame":[749.226,250.319,34.338,-0.992,-0.114,0.061,0,0.471,0.882,-0.13,0.875,-0.467],"_shiftlockState":true,"_pose":"FreeFall","_animationQueue":[],"_animationSpeed":1,"_zoom":20.656},{"_mousePosition":[683,384],"_rootPartCFrame":[749.443,231.01,44.145,-0.966,0,0.26,0,1,0,-0.26,0,-0.966],"_humanoidState":5,"_cameraCFrame":[748.167,250.77,34.413,-0.999,-0.043,0.023,0,0.468,0.884,-0.049,0.883,-0.467],"_shiftlockState":true,"_pose":"FreeFall","_animationQueue":[],"_animationSpeed":1,"_zoom":20.656},{"_mousePosition":[683,384],"_rootPartCFrame":[749.18,231.369,44.102,-0.983,0,0.181,0,1,0,-0.181,0,-0.983],"_humanoidState":5,"_cameraCFrame":[747.17,251.128,34.495,-1,0.024,-0.013,0,0.468,0.884,0.027,0.884,-0.467],"_shiftlockState":true,"_pose":"FreeFall","_animationQueue":[],"_animationSpeed":1,"_zoom":20.656},{"_mousePosition":[683,384],"_rootPartCFrame":[748.915,231.674,44.084,-0.994,0,0.106,0,1,0,-0.106,0,-0.994],"_humanoidState":5,"_cameraCFrame":[746.236,251.47,34.714,-0.995,0.087,-0.045,0,0.464,0.886,0.098,0.882,-0.462],"_shiftlockState":true,"_pose":"FreeFall","_animationQueue":[],"_animationSpeed":1,"_zoom":20.656},{"_mousePosition":[683,384],"_rootPartCFrame":[748.648,231.923,44.087,-0.999,0,0.035,0,1,0,-0.035,0,-0.999],"_humanoidState":5,"_cameraCFrame":[745.348,251.757,34.992,-0.986,0.147,-0.076,0,0.461,0.888,0.165,0.875,-0.454],"_shiftlockState":true,"_pose":"FreeFall","_animationQueue":[],"_animationSpeed":1,"_zoom":20.656},{"_mousePosition":[683,384],"_rootPartCFrame":[748.383,232.119,44.109,-0.999,0,-0.033,0,1,0,0.033,0,-0.999],"_humanoidState":5,"_cameraCFrame":[744.567,251.971,35.257,-0.975,0.198,-0.102,0,0.459,0.888,0.223,0.866,-0.447],"_shiftlockState":true,"_pose":"FreeFall","_animationQueue":[],"_animationSpeed":1,"_zoom":20.656},{"_mousePosition":[683,384],"_rootPartCFrame":[748.119,232.259,44.15,-0.996,0,-0.091,0,1,0,0.091,0,-0.996],"_humanoidState":5,"_cameraCFrame":[743.86,252.112,35.502,-0.962,0.241,-0.125,0,0.459,0.888,0.272,0.855,-0.442],"_shiftlockState":true,"_pose":"FreeFall","_animationQueue":[],"_animationSpeed":1,"_zoom":20.656},{"_mousePosition":[683,384],"_rootPartCFrame":[747.859,232.346,44.207,-0.99,0,-0.141,0,1,0,0.141,0,-0.99],"_humanoidState":5,"_cameraCFrame":[743.211,252.198,35.762,-0.949,0.28,-0.145,0,0.459,0.888,0.315,0.843,-0.436],"_shiftlockState":true,"_pose":"FreeFall","_animationQueue":[["fall",0.3]],"_animationSpeed":1,"_zoom":20.656},{"_mousePosition":[683,384],"_rootPartCFrame":[747.602,232.377,44.277,-0.983,0,-0.186,0,1,0,0.186,0,-0.983],"_humanoidState":5,"_cameraCFrame":[742.553,252.23,36.066,-0.933,0.32,-0.165,0,0.459,0.888,0.36,0.829,-0.428],"_shiftlockState":true,"_pose":"FreeFall","_animationQueue":[],"_animationSpeed":1,"_zoom":20.656},{"_mousePosition":[683,384],"_rootPartCFrame":[747.348,232.355,44.36,-0.972,0,-0.233,0,1,0,0.233,0,-0.972],"_humanoidState":5,"_cameraCFrame":[741.91,252.207,36.4,-0.914,0.36,-0.186,0,0.459,0.888,0.405,0.812,-0.42],"_shiftlockState":true,"_pose":"FreeFall","_animationQueue":[],"_animationSpeed":1,"_zoom":20.656},{"_mousePosition":[683,384],"_rootPartCFrame":[747.099,232.277,44.454,-0.96,0,-0.28,0,1,0,0.28,0,-0.96],"_humanoidState":5,"_cameraCFrame":[741.304,252.13,36.75,-0.895,0.396,-0.205,0,0.459,0.888,0.446,0.795,-0.411],"_shiftlockState":true,"_pose":"FreeFall","_animationQueue":[],"_animationSpeed":1,"_zoom":20.656},{"_mousePosition":[683,384],"_rootPartCFrame":[746.854,232.146,44.56,-0.946,0,-0.323,0,1,0,0.323,0,-0.946],"_humanoidState":5,"_cameraCFrame":[740.734,251.998,37.113,-0.875,0.43,-0.222,0,0.459,0.888,0.484,0.777,-0.402],"_shiftlockState":true,"_pose":"FreeFall","_animationQueue":[],"_animationSpeed":1,"_zoom":20.656},{"_mousePosition":[683,384],"_rootPartCFrame":[746.614,231.96,44.677,-0.932,0,-0.364,0,1,0,0.364,0,-0.932],"_humanoidState":5,"_cameraCFrame":[740.107,251.812,37.566,-0.848,0.471,-0.243,0,0.459,0.888,0.53,0.753,-0.389],"_shiftlockState":true,"_pose":"FreeFall","_animationQueue":[],"_animationSpeed":1,"_zoom":20.656},{"_mousePosition":[683,384],"_rootPartCFrame":[746.38,231.719,44.805,-0.911