[{"_mousePosition":[678,316],"_rootPartCFrame":[776.028,222.7,47.142,0,0,1,0,1,0,-1,0,0],"_humanoidState":8,"_cameraCFrame":[776.321,241.647,36.09,-1,-0.022,0.014,0,0.535,0.845,-0.027,0.844,-0.535],"_shiftlockState":false,"_pose":"Standing","_animationQueue":[],"_animationSpeed":1,"_zoom":20.656},{"_mousePosition":[678,316],"_rootPartCFrame":[775.856,222.7,47.138,0.003,0,1,0,1,0,-1,0,0.003],"_humanoidState":8,"_cameraCFrame":[776.148,241.669,36.119,-1,-0.022,0.014,0,0.534,0.846,-0.027,0.845,-0.533],"_shiftlockState":false,"_pose":"Standing","_animationQueue":[],"_animationSpeed":1,"_zoom":20.656},{"_mousePosition":[678,316],"_rootPartCFrame":[775.591,222.7,47.131,0.006,0,1,0,1,0,-1,0,0.006],"_humanoidState":8,"_cameraCFrame":[775.881,241.733,36.214,-1,-0.023,0.014,0,0.529,0.849,-0.027,0.849,-0.528],"_shiftlockState":false,"_pose":"Running","_animationQueue":[["walk",0.1]],"_animationSpeed":1.003,"_zoom":20.656},{"_mousePosition":[678,316],"_rootPartCFrame":[775.325,222.7,47.124,0.009,0,1,0,1,0,-1,0,0.009],"_humanoidState":8,"_cameraCFrame":[775.639,241.797,36.311,-1,-0.025,0.015,0,0.524,0.852,-0.029,0.852,-0.523],"_shiftlockState":false,"_pose":"Running","_animationQueue":[["walk",0.1]],"_animationSpeed":1.101,"_zoom":20.656},{"_mousePosition":[678,316],"_rootPartCFrame":[775.058,222.7,47.117,0.011,0,1,0,1,0,-1,0,0.011],"_humanoidState":8,"_cameraCFrame":[775.425,241.839,36.374,-0.999,-0.029,0.018,0,0.52,0.854,-0.034,0.853,-0.52],"_shiftlockState":false,"_pose":"Running","_animationQueue":[["walk",0.1]],"_animationSpeed":1.101,"_zoom":20.656},{"_mousePosition":[678,316],"_rootPartCFrame":[774.792,222.7,47.109,0.013,0,1,0,1,0,-1,0,0.013],"_humanoidState":8,"_cameraCFrame":[775.183,241.88,36.436,-0.999,-0.031,0.019,0,0.517,0.856,-0.037,0.855,-0.517],"_shiftlockState":false,"_pose":"Running","_animationQueue":[],"_animationSpeed":1.101,"_zoom":20.656},{"_mousePosition":[678,316],"_rootPartCFrame":[774.525,222.7,47.1,0.016,0,1,0,1,0,-1,0,0.016],"_humanoidState":8,"_cameraCFrame":[774.914,241.922,36.496,-0.999,-0.031,0.019,0,0.514,0.858,-0.037,0.857,-0.513],"_shiftlockState":false,"_pose":"Running","_animationQueue":[],"_animationSpeed":1.101,"_zoom":20.656},{"_mousePosition":[678,316],"_rootPartCFrame":[774.259,222.7,47.09,0.019,0,1,0,1,0,-1,0,0.019],"_humanoidState":8,"_cameraCFrame":[774.698,241.963,36.557,-0.999,-0.036,0.021,0,0.51,0.86,-0.042,0.859,-0.51],"_shiftlockState":false,"_pose":"Running","_animationQueue":[],"_animationSpeed":1.101,"_zoom":20.656},{"_mousePosition":[678,316],"_rootPartCFrame":[773.992,222.7,47.08,0.021,0,1,0,1,0,-1,0,0.021],"_humanoidState":8,"_cameraCFrame":[774.455,242.004,36.618,-0.999,-0.038,0.022,0,0.507,0.862,-0.044,0.861,-0.507],"_shiftlockState":false,"_pose":"Running","_animationQueue":[],"_animationSpeed":1.101,"_zoom":20.656},{"_mousePosition":[678,316],"_rootPartCFrame":[773.726,222.7,47.069,0.024,0,1,0,1,0,-1,0,0.024],"_humanoidState":8,"_cameraCFrame":[774.238,242.045,36.679,-0.999,-0.043,0.025,0,0.504,0.864,-0.049,0.863,-0.503],"_shiftlockState":false,"_pose":"Running","_animationQueue":[],"_animationSpeed":1.101,"_zoom":20.656},{"_mousePosition":[678,316],"_rootPartCFrame":[773.459,222.7,47.058,0.027,0,1,0,1,0,-1,0,0.027],"_humanoidState":8,"_cameraCFrame":[774.021,242.085,36.739,-0.999,-0.047,0.027,0,0.5,0.866,-0.054,0.865,-0.5],"_shiftlockState":false,"_pose":"Running","_animationQueue":[["walk",0.1]],"_animationSpeed":1.101,"_zoom":20.656},{"_mousePosition":[678,316],"_rootPartCFrame":[773.193,222.7,47.045,0.03,0,1,0,1,0,-1,0,0.03],"_humanoidState":8,"_cameraCFrame":[773.8,242.145,36.834,-0.998,-0.052,0.029,0,0.495,0.869,-0.059,0.867,-0.494],"_shiftlockState":false,"_pose":"Running","_animationQueue":[],"_animationSpeed":1.101,"_zoom":20.656},{"_mousePosition":[678,316],"_rootPartCFrame":[772.927,222.7,47.03,0.033,0,0.999,0,1,0,-0.999,0,0.033],"_humanoidState":8,"_cameraCFrame":[773.581,242.185,36.893,-0.998,-0.056,0.032,0,0.492,0.871,-0.064,0.869,-0.491],"_shiftlockState":false,"_pose":"Running","_animationQueue":[],"_animationSpeed":1.101,"_zoom":20.656},{"_mousePosition":[678,316],"_rootPartCFrame":[772.661,222.7,47.015,0.036,0,0.999,0,1,0,-0.999,0,0.036],"_humanoidState":8,"_cameraCFrame":[773.362,242.224,36.95,-0.998,-0.061,0.034,0,0.488,0.873,-0.069,0.871,-0.487],"_shiftlockState":false,"_pose":"Running","_animationQueue":[],"_animationSpeed":1.101,"_zoom":20.656},{"_mousePosition":[678,316],"_rootPartCFrame":[772.394,222.7,46.998,0.04,0,0.999,0,1,0,-0.999,0,0.04],"_humanoidState":8,"_cameraCFrame":[773.116,242.264,37.005,-0.997,-0.063,0.035,0,0.485,0.875,-0.072,0.872,-0.484],"_shiftlockState":false,"_pose":"Running","_animationQueue":[],"_animationSpeed":1.101,"_zoom":20.656},{"_mousePosition":[678,316],"_rootPartCFrame":[772.128,222.7,46.979,0.044,0,0.999,0,1,0,-0.999,0,0.044],"_humanoidState":8,"_cameraCFrame":[772.847,242.283,37.022,-0.997,-0.063,0.035,0,0.483,0.875,-0.072,0.873,-0.482],"_shiftlockState":false,"_pose":"Running","_animationQueue":[],"_animationSpeed":1.101,"_zoom":20.656},{"_mousePosition":[678,316],"_rootPartCFrame":[771.862,222.7,46.96,0.048,0,0.999,0,1,0,-0.999,0,0.048],"_humanoidState":8,"_cameraCFrame":[772.576,242.322,37.073,-0.997,-0.063,0.035,0,0.48,0.877,-0.072,0.875,-0.479],"_shiftlockState":false,"_pose":"Running","_animationQueue":[["walk",0.1]],"_animationSpeed":1.101,"_zoom":20.656},{"_mousePosition":[678,316],"_rootPartCFrame":[771.596,222.7,46.941,0.051,0,0.999,0,1,0,-0.999,0,0.051],"_humanoidState":8,"_cameraCFrame":[772.305,242.36,37.125,-0.997,-0.063,0.034,0,0.476,0.879,-0.072,0.877,-0.475],"_shiftlockState":false,"_pose":"Running","_animationQueue":[],"_animationSpeed":1.101,"_zoom":20.656},{"_mousePosition":[678,316],"_rootPartCFrame":[771.33,222.7,46.922,0.054,0,0.999,0,1,0,-0.999,0,0.054],"_humanoidState":8,"_cameraCFrame":[771.985,242.399,37.173,-0.998,-0.059,0.032,0,0.473,0.881,-0.067,0.879,-0.472],"_shiftlockState":false,"_pose":"Running","_animationQueue":[],"_animationSpeed":1.101,"_zoom":20.656},{"_mousePosition":[678,316],"_rootPartCFrame":[771.064,222.7,46.902,0.056,0,0.998,0,1,0,-0.998,0,0.056],"_humanoidState":8,"_cameraCFrame":[771.616,242.436,37.218,-0.998,-0.05,0.027,0,0.47,0.883,-0.057,0.881,-0.469],"_shiftlockState":false,"_pose":"Running","_animationQueue":[],"_animationSpeed":1.101,"_zoom":20.656},{"_mousePosition":[678,316],"_rootPartCFrame":[770.798,222.7,46.884,0.058,0,0.998,0,1,0,-0.998,0,0.058],"_humanoidState":8,"_cameraCFrame":[771.247,242.493,37.302,-0.999,-0.041,0.022,0,0.464,0.886,-0.047,0.885,-0.464],"_shiftlockState":false,"_pose":"Running","_animationQueue":[],"_animationSpeed":1.101,"_zoom":20.656},{"_mousePosition":[678,316],"_rootPartCFrame":[770.532,222.7,46.869,0.058,0,0.998,0,1,0,-0.998,0,0.058],"_humanoidState":8,"_cameraCFrame":[770.832,242.549,37.388,-1,-0.028,0.015,0,0.459,0.888,-0.032,0.888,-0.459],"_shiftlockState":false,"_pose":"Running","_animationQueue":[],"_animationSpeed":1.101,"_zoom":20.656},{"_mousePosition":[678,316],"_rootPartCFrame":[770.266,223.563,46.854,0.058,0,0.998,0,1,0,-0.998,0,0.058],"_humanoidState":3,"_cameraCFrame":[770.396,243.467,37.476,-1,-0.012,0.006,0,0.454,0.891,-0.014,0.891,-0.454],"_shiftlockState":false,"_pose":"Jumping","_animationQueue":[["walk",0.1],["walk",0.1],["jump",0.1]],"_animationSpeed":1,"_zoom":20.656},{"_mousePosition":[678,316],"_rootPartCFrame":[770.066,224.174,46.847,0.056,0,0.998,0,1,0,-0.998,0,0.056],"_humanoidState":5,"_cameraCFrame":[770.03,244.114,37.54,-1,0.003,-0.002,0,0.451,0.893,0.004,0.893,-0.451],"_shiftlockState":false,"_pose":"FreeFall","_animationQueue":[["jump",0.1]],"_animationSpeed":1,"_zoom":20.656},{"_mousePosition":[678,316],"_rootPartCFrame":[769.733,225.125,46.841,0.05,0,0.999,0,1,0,-0.999,0,0.05],"_humanoidState":5,"_cameraCFrame":[769.392,245.083,37.577,-0.999,0.033,-0.016,0,0.449,0.894,0.037,0.893,-0.449],"_shiftlockState":false,"_pose":"FreeFall","_animationQueue":[],"_animationSpeed":1,"_zoom":20.656},{"_mousePosition":[678,316],"_rootPartCFrame":[769.466,225.824,46.841,0.043,0,0.999,0,1,0,-0.999,0,0.043],"_humanoidState":5,"_cameraCFrame":[769.034,245.801,37.617,-0.999,0.042,-0.021,0,0.447,0.894,0.047,0.894,-0.447],"_shiftlockState":false,"_pose":"FreeFall","_animationQueue":[],"_animationSpeed":1,"_zoom":20.656},{"_mousePosition":[678,316],"_rootPartCFrame":[769.2,226.469,46.85,0.034,0,0.999,0,1,0,-0.999,0,0.034],"_humanoidState":5,"_cameraCFrame":[768.56,246.464,37.673,-0.998,0.062,-0.031,0,0.445,0.895,0.07,0.893,-0.444],"_shiftlockState":false,"_pose":"FreeFall","_animationQueue":[],"_animationSpeed":1,"_zoom":20.656},{"_mousePosition":[678,316],"_rootPartCFrame":[768.933,227.06,46.862,0.023,0,1,0,1,0,-1,0,0.023],"_humanoidState":5,"_cameraCFrame":[768.249,247.072,37.725,-0.997,0.067,-0.033,0,0.444,0.896,0.075,0.894,-0.442],"_shiftlockState":false,"_pose":"FreeFall","_animationQueue":[],"_animationSpeed":1,"_zoom":20.656},{"_mousePosition":[678,316],"_rootPartCFrame":[768.667,227.595,46.88,0.011,0,1,0,1,0,-1,0,0.011],"_humanoidState":5,"_cameraCFrame":[767.989,247.643,37.814,-0.997,0.067,-0.033,0,0.44,0.898,0.075,0.895,-0.439],"_shiftlockState":false,"_pose":"FreeFall","_animationQueue":[],"_animationSpeed":1,"_zoom":20.656},{"_mousePosition":[678,316],"_rootPartCFrame":[768.401,228.077,46.899,0,0,1,0,1,0,-1,0,0],"_humanoidState":5,"_cameraCFrame":[767.728,248.16,37.906,-0.997,0.067,-0.033,0,0.437,0.9,0.075,0.897,-0.435],"_shiftlockState":false,"_pose":"FreeFall","_animationQueue":[],"_animationSpeed":1,"_zoom":20.656},{"_mousePosition":[678,316],"_rootPartCFrame":[768.135,228.504,46.919,-0.011,0,1,0,1,0,-1,0,-0.011],"_humanoidState":5,"_cameraCFrame":[767.468,248.622,37.998,-0.997,0.067,-0.032,0,0.433,0.901,0.075,0.899,-0.432],"_shiftlockState":false,"_pose":"FreeFall","_animationQueue":[],"_animationSpeed":1,"_zoom":20.656},{"_mousePosition":[678,316],"_rootPartCFrame":[767.87,228.876,46.939,-0.02,0,1,0,1,0,-1,0,-0.02],"_humanoidState":5,"_cameraCFrame":[767.227,249.012,38.053,-0.997,0.065,-0.031,0,0.431,0.902,0.072,0.9,-0.43],"_shiftlockState":false,"_pose":"FreeFall","_animationQueue":[],"_animationSpeed":1,"_zoom":20.656},{"_mousePosition":[678,316],"_rootPartCFrame":[767.604,229.194,46.959,-0.027,0,1,0,1,0,-1,0,-0.027],"_humanoidState":5,"_cameraCFrame":[767.009,249.347,38.106,-0.998,0.061,-0.029,0,0.43,0.903,0.067,0.901,-0.429],"_shiftlockState":false,"_pose":"FreeFall","_animationQueue":[],"_animationSpeed":1,"_zoom":20.656},{"_mousePosition":[678,316],"_rootPartCFrame":[767.338,229.457,46.978,-0.034,0,0.999,0,1,0,-0.999,0,-0.034],"_humanoidState":5,"_cameraCFrame":[766.832,249.61,38.12,-0.998,0.051,-0.024,0,0.43,0.903,0.057,0.902,-0.429],"_shiftlockState":false,"_pose":"FreeFall","_animationQueue":[],"_animationSpeed":1,"_zoom":20.656},{"_mousePosition":[678,316],"_rootPartCFrame":[767.138,229.619,46.992,-0.038,0,0.999,0,1,0,-0.999,0,-0.038],"_humanoidState":5,"_cameraCFrame":[766.68,249.79,38.167,-0.999,0.047,-0.022,0,0.428,0.904,0.052,0.903,-0.427],"_shiftlockState":false,"_pose":"FreeFall","_animationQueue":[],"_animationSpeed":1,"_zoom":20.656},{"_mousePosition":[678,316],"_rootPartCFrame":[766.806,229.821,47.011,-0.042,0,0.999,0,1,0,-0.999,0,-0.042],"_humanoidState":5,"_cameraCFrame":[766.438,250.008,38.219,-0.999,0.038,-0.018,0,0.426,0.905,0.042,0.904,-0.426],"_shiftlockState":false,"_pose":"FreeFall","_animationQueue":[],"_animationSpeed":1,"_zoom":20.656},{"_mousePosition":[678,316],"_rootPartCFrame":[766.539,229.921,47.025,-0.043,0,0.999,0,1,0,-0.999,0,-0.043],"_humanoidState":5,"_cameraCFrame":[766.239,250.125,38.267,-0.999,0.031,-0.015,0,0.424,0.906,0.034,0.905,-0.424],"_shiftlockState":false,"_pose":"FreeFall","_animationQueue":[],"_animationSpeed":1,"_zoom":20.656},{"_mousePosition":[678,316],"_rootPartCFrame":[766.273,229.966,47.037,-0.044,0,0.999,0,1,0,-0.999,0,-0.044],"_humanoidState":5,"_cameraCFrame":[766.041,250.188,38.313,-1,0.024,-0.011,0,0.423,0.906,0.027,0.906,-0.422],"_shiftlockState":false,"_pose":"FreeFall","_animationQueue":[],"_animationSpeed":1,"_zoom":20.656},{"_mousePosition":[678,316],"_rootPartCFrame":[766.006,229.957,47.046,-0.043,0,0.999,0,1,0,-0.999,0,-0.043],"_humanoidState":5,"_cameraCFrame":[765.774,250.179,38.322,-1,0.024,-0.011,0,0.423,0.906,0.027,0.906,-0.422],"_shiftlockState":false,"_pose":"FreeFall","_animationQueue":[],"_animationSpeed":1,"_zoom":20.656},{"_mousePosition":[678,316],"_rootPartCFrame":[765.74,229.893,47.054,-0.041,0,0.999,0,1,0,-0.999,0,-0.041],"_humanoidState":5,"_cameraCFrame":[765.507,250.115,38.329,-1,0.024,-0.011,0,0.423,0.906,0.027,0.906,-0.422],"_shiftlockState":false,"_pose":"FreeFall","_animationQueue":[],"_animationSpeed":1,"_zoom":20.656},{"_mousePosition":[678,316],"_rootPartCFrame":[765.54,229.81,47.059,-0.04,0,0.999,0,1,0,-0.999,0,-0.04],"_humanoidState":5,"_cameraCFrame":[765.307,250.031,38.335,-1,0.024,-0.011,0,0.423,0.906,0.027,0.906,-0.422],"_shiftlockState":false,"_pose":"FreeFall","_animationQueue":[],"_animationSpeed":1,"_zoom":20.656},{"_mousePosition":[678,316],"_rootPartCFrame":[765.206,229.603,47.068,-0.037,0,0.999,0,1,0,-0.999,0,-0.037],"_humanoidState":5,"_cameraCFrame":[764.974,249.824,38.344,-1,0.024,-0.011,0,0.423,0.906,0.027,0.906,-0.422],"_shiftlockState":false,"_pose":"FreeFall","_animationQueue":[],"_animationSpeed":1,"_zoom":20.656},{"_mousePosition":[678,316],"_rootPartCFrame":[764.94,229.375,47.075,-0.036,0,0.999,0,1,0,-0.999,0,-0.036],"_humanoidState":5,"_cameraCFrame":[764.708,249.597,38.351,-1,0.024,-0.011,0,0.423,0.906,0.027,0.906,-0.422],"_shiftlockState":false,"_pose":"FreeFall","_animationQueue":[["fall",0.3]],"_animationSpeed":1,"_zoom":20.656},{"_mousePosition":[678,316],"_rootPartCFrame":[764.74,229.169,47.08,-0.035,0,0.999,0,1,0,-0.999,0,-0.035],"_humanoidState":5,"_cameraCFrame":[764.508,249.391,38.356,-1,0.024,-0.011,0,0.423,0.906,0.027,0.906,-0.422],"_shiftlockState":false,"_pose":"FreeFall","_animationQueue":[],"_animationSpeed":1,"_zoom":20.656},{"_mousePosition":[678,316],"_rootPartCFrame":[764.407,228.758,47.089,-0.033,0,0.999,0,1,0,-0.999,0,-0.033],"_humanoidState":5,"_cameraCFrame":[764.174,248.979,38.365,-1,0.024,-0.011,0,0.423,0.906,0.027,0.906,-0.422],"_shiftlockState":false,"_pose":"FreeFall","_animationQueue":[],"_animationSpeed":1,"_zoom":20.656},{"_mousePosition":[678,316],"_rootPartCFrame":[764.14,228.367,47.096,-0.032,0,0.999,0,1,0,-0.999,0,-0.032],"_humanoidState":5,"_cameraCFrame":[763.931,248.606,38.408,-1,0.022,-0.01,0,0.421,0.907,0.024,0.907,-0.421],"_shiftlockState":false,"_pose":"FreeFall","_animationQueue":[],"_animationSpeed":1,"_zoom":20.656},{"_mousePosition":[678,316],"_rootPartCFrame":[763.873,227.922,47.104,-0.032,0,1,0,1,0,-1,0,-0.032],"_humanoidState":5,"_cameraCFrame":[763.643,248.178,38.452,-1,0.024,-0.011,0,0.419,0.908,0.027,0.908,-0.419],"_shiftlockState":false,"_pose":"FreeFall","_animationQueue":[],"_animationSpeed":1,"_zoom":20.656},{"_mousePosition":[678,316],"_rootPartCFrame":[763.607,227.422,47.11,-0.031,0,1,0,1,0,-1,0,-0.031],"_humanoidState":5,"_cameraCFrame":[763.334,247.695,38.496,-0.999,0.029,-0.013,0,0.417,0.909,0.032,0.908,-0.417],"_shiftlockState":false,"_pose":"FreeFall","_animationQueue":[],"_animationSpeed":1,"_zoom":20.656},{"_mousePosition":[678,316],"_rootPartCFrame":[763.34,226.868,47.117,-0.03,0,1,0,1,0,-1,0,-0.03],"_humanoidState":5,"_cameraCFrame":[763.025,247.157,38.542,-0.999,0.033,-0.015,0,0.415,0.91,0.037,0.909,-0.415],"_shiftlockState":false,"_pose":"FreeFall","_animationQueue":[["fall",0.3]],"_animationSpeed":1,"_zoom":20.656},{"_mousePosition":[678,316],"_rootPartCFrame":[763.074,226.26,47.125,-0.03,0,1,0,1,0,-1,0,-0.03],"_humanoidState":5,"_cameraCFrame":[762.717,246.566,38.588,-0.999,0.038,-0.017,0,0.414,0.91,0.042,0.91,-0.413],"_shiftlockState":false,"_pose":"FreeFall","_animationQueue":[],"_animationSpeed":1,"_zoom":20.656},{"_mousePosition":[678,316],"_rootPartCFrame":[762.807,225.597,47.135,-0.031,0,1,0,1,0,-1,0,-0.031],"_humanoidState":5,"_cameraCFrame":[762.43,245.919,38.635,-0.999,0.04,-0.018,0,0.412,0.911,0.044,0.91,-0.411],"_shiftlockState":false,"_pose":"FreeFall","_animationQueue":[],"_animationSpeed":1,"_zoom":20.656},{"_mousePosition":[678,316],"_rootPartCFrame":[762.541,224.879,47.146,-0.032,0,0.999,0,1,0,-0.999,0,-0.032],"_humanoidState":5,"_cameraCFrame":[762.164,245.201,38.646,-0.999,0.04,-0.018,0,0.412,0.911,0.044,0.91,-0.411],"_shiftlockState":false,"_pose":"FreeFall","_animationQueue":[],"_animationSpeed":1,"_zoom":20.656},{"_mousePosition":[678,316],"_rootPartCFrame":[762.274,224.107,47.158,-0.033,0,0.999,0,1,0,-0.999,0,-0.033],"_humanoidState":5,"_cameraCFrame":[761.897,244.429,38.658,-0.999,0.04,-0.018,0,0.412,0.911,0.044,0.91,-0.411],"_shiftlockState":false,"_pose":"FreeFall","_animationQueue":[],"_animationSpeed":1,"_zoom":20.656},{"_mousePosition":[678,316],"_rootPartCFrame":[762.008,223.28,47.169,-0.035,0,0.999,0,1,0,-0.999,0,-0.035],"_humanoidState":7,"_cameraCFrame":[761.633,243.619,38.706,-0.999,0.04,-0.018,0,0.41,0.912,0.044,0.911,-0.41],"_shiftlockState":false,"_pose":"FreeFall","_animationQueue":[["walk",0.1],["fall",0.3],["fall",0.3]],"_animationSpeed":1,"_zoom":20.656},{"_mousePosition":[678,316],"_rootPartCFrame":[761.742,222.696,47.181,-0.036,0,0.999,0,1,0,-0.999,0,-0.036],"_humanoidState":7,"_cameraCFrame":[761.366,243.035,38.718,-0.999,0.04,-0.018,0,0.41,0.912,0.044,0.911,-0.41],"_shiftlockState":false,"_pose":"FreeFall","_animationQueue":[["fall",0.3]],"_animationSpeed":1,"_zoom":20.656},{"_mousePosition":[678,316],"_rootPartCFrame":[761.475,222.77,47.193,-0.037,0,0.999,0,1,0,-0.999,0,-0.037],"_humanoidState":8,"_cameraCFrame":[761.1,243.109,38.73,-0.999,0.04,-0.018,0,0.41,0.912,0.044,0.911,-0.41],"_shiftlockState":false,"_pose":"Running","_animationQueue":[["walk",0.1],["fall",0.3],["walk",0.1]],"_animationSpeed":1.103,"_zoom":20.656},{"_mousePosition":[678,316],"_rootPartCFrame":[761.209,222.883,47.205,-0.038,0,0.999,0,1,0,-0.999,0,-0.038],"_humanoidState":8,"_cameraCFrame":[760.835,243.238,38.779,-0.999,0.04,-0.018,0,0.408,0.913,0.044,0.912,-0.408],"_shiftlockState":false,"_pose":"Running","_animationQueue":[],"_animationSpeed":1.103,"_zoom":20.656},{"_mousePosition":[678,316],"_rootPartCFrame":[760.943,222.954,47.217,-0.039,0,0.999,0,1,0,-0.999,0,-0.039],"_humanoidState":8,"_cameraCFrame":[760.59,243.31,38.789,-0.999,0.038,-0.017,0,0.408,0.913,0.042,0.912,-0.408],"_shiftlockState":false,"_pose":"Running","_animationQueue":[],"_animationSpeed":1.103,"_zoom":20.656},{"_mousePosition":[678,316],"_rootPartCFrame":[760.676,222.995,47.228,-0.04,0,0.999,0,1,0,-0.999,0,-0.04],"_humanoidState":8,"_cameraCFrame":[760.324,243.35,38.801,-0.999,0.038,-0.017,0,0.408,0.913,0.042,0.912,-0.408],"_shiftlockState":false,"_pose":"Running","_animationQueue":[],"_animationSpeed":1.103,"_zoom":20.656},{"_mousePosition":[678,316],"_rootPartCFrame":[760.41,223.017,47.24,-0.04,0,0.999,0,1,0,-0.999,0,-0.04],"_humanoidState":8,"_cameraCFrame":[760.079,243.373,38.812,-0.999,0.036,-0.016,0,0.408,0.913,0.039,0.912,-0.408],"_shiftlockState":false,"_pose":"Running","_animationQueue":[],"_animationSpeed":1.103,"_zoom":20.656},{"_mousePosition":[678,316],"_rootPartCFrame":[760.143,223.029,47.251,-0.041,0,0.999,0,1,0,-0.999,0,-0.041],"_humanoidState":8,"_cameraCFrame":[759.834,243.385,38.822,-0.999,0.034,-0.015,0,0.408,0.913,0.037,0.912,-0.408],"_shiftlockState":false,"_pose":"Running","_animationQueue":[["walk",0.1]],"_animationSpeed":1.103,"_zoom":20.656},{"_mousePosition":[678,316],"_rootPartCFrame":[759.877,223.036,47.261,-0.041,0,0.999,0,1,0,-0.999,0,-0.041],"_humanoidState":8,"_cameraCFrame":[759.59,243.408,38.869,-0.999,0.031,-0.014,0,0.407,0.914,0.034,0.913,-0.406],"_shiftlockState":false,"_pose":"Running","_animationQueue":[],"_animationSpeed":1.103,"_zoom":20.656},{"_mousePosition":[678,316],"_rootPartCFrame":[759.611,223.04,47.271,-0.04,0,0.999,0,1,0,-0.999,0,-0.04],"_humanoidState":8,"_cameraCFrame":[759.323,243.411,38.878,-0.999,0.031,-0.014,0,0.407,0.914,0.034,0.913,-0.406],"_shiftlockState":false,"_pose":"Running","_animationQueue":[],"_animationSpeed":1.103,"_zoom":20.656},{"_mousePosition":[678,316],"_rootPartCFrame":[759.344,223.042,47.281,-0.039,0,0.999,0,1,0,-0.999,0,-0.039],"_humanoidState":8,"_cameraCFrame":[759.057,243.413,38.888,-0.999,0.031,-0.014,0,0.407,0.914,0.034,0.913,-0.406],"_shiftlockState":false,"_pose":"Running","_animationQueue":[],"_animationSpeed":1.103,"_zoom":20.656},{"_mousePosition":[678,316],"_rootPartCFrame":[759.077,223.043,47.29,-0.039,0,0.999,0,1,0,-0.999,0,-0.039],"_humanoidState":8,"_cameraCFrame":[758.79,243.414,38.897,-0.999,0.031,-0.014,0,0.407,0.914,0.034,0.913,-0.406],"_shiftlockState":false,"_pose":"Running","_animationQueue":[],"_animationSpeed":1.103,"_zoom":20.656},{"_mousePosition":[678,316],"_rootPartCFrame":[758.811,223.043,47.299,-0.038,0,0.999,0,1,0,-0.999,0,-0.038],"_humanoidState":8,"_cameraCFrame":[758.523,243.415,38.906,-0.999,0.031,-0.014,0,0.407,0.914,0.034,0.913,-0.406],"_shiftlockState":false,"_pose":"Running","_animationQueue":[],"_animationSpeed":1.103,"_zoom":20.656},{"_mousePosition":[678,316],"_rootPartCFrame":[758.544,223.044,47.308,-0.038,0,0.999,0,1,0,-0.999,0,-0.038],"_humanoidState":8,"_cameraCFrame":[758.257,243.415,38.915,-0.999,0.031,-0.014,0,0.407,0.914,0.034,0.913,-0.406],"_shiftlockState":false,"_pose":"Running","_animationQueue":[],"_animationSpeed":1.103,"_zoom":20.656},{"_mousePosition":[678,316],"_rootPartCFrame":[758.278,223.044,47.317,-0.037,0,0.999,0,1,0,-0.999,0,-0.037],"_humanoidState":8,"_cameraCFrame":[757.99,243.416,38.924,-0.999,0.031,-0.014,0,0.407,0.914,0.034,0.913,-0.406],"_shiftlockState":false,"_pose":"Running","_animationQueue":[["walk",0.1]],"_animationSpeed":1.103,"_zoom":20.656},{"_mousePosition":[678,316],"_rootPartCFrame":[758.011,223.044,47.326,-0.037,0,0.999,0,1,0,-0.999,0,-0.037],"_humanoidState":8,"_cameraCFrame":[757.724,243.416,38.933,-0.999,0.031,-0.014,0,0.407,0.914,0.034,0.913,-0.406],"_shiftlockState":false,"_pose":"Running","_animationQueue":[],"_animationSpeed":1.103,"_zoom":20.656},{"_mousePosition":[678,316],"_rootPartCFrame":[757.744,223.044,47.335,-0.036,0,0.999,0,1,0,-0.999,0,-0.036],"_humanoidState":8,"_cameraCFrame":[757.457,243.416,38.942,-0.999,0.031,-0.014,0,0.407,0.914,0.034,0.913,-0.406],"_shiftlockState":false,"_pose":"Running","_animationQueue":[],"_animationSpeed":1.103,"_zoom":20.656},{"_mousePosition":[678,316],"_rootPartCFrame":[757.478,223.044,47.344,-0.036,0,0.999,0,1,0,-0.999,0,-0.036],"_humanoidState":8,"_cameraCFrame":[757.192,243.432,38.988,-0.999,0.031,-0.014,0,0.405,0.914,0.034,0.914,-0.405],"_shiftlockState":false,"_pose":"Running","_animationQueue":[],"_animationSpeed":1.103,"_zoom":20.656},{"_mousePosition":[678,316],"_rootPartCFrame":[757.213,223.052,47.354,-0.036,0,0.999,0,1,0,-0.999,0,-0.036],"_humanoidState":8,"_cameraCFrame":[756.948,243.44,38.997,-0.999,0.029,-0.013,0,0.405,0.914,0.032,0.914,-0.405],"_shiftlockState":false,"_pose":"Running","_animationQueue":[],"_animationSpeed":1.103,"_zoom":20.656},{"_mousePosition":[678,316],"_rootPartCFrame":[756.947,223.07,47.363,-0.036,0,0.999,0,1,0,-0.999,0,-0.036],"_humanoidState":8,"_cameraCFrame":[756.683,243.458,39.006,-0.999,0.029,-0.013,0,0.405,0.914,0.032,0.914,-0.405],"_shiftlockState":false,"_pose":"Running","_animationQueue":[],"_animationSpeed":1.103,"_zoom":20.656},{"_mousePosition":[678,316],"_rootPartCFrame":[756.686,223.107,47.371,-0.035,0,0.999,0,1,0,-0.999,0,-0.035],"_humanoidState":8,"_cameraCFrame":[756.444,243.511,39.05,-1,0.027,-0.012,0,0.403,0.915,0.029,0.915,-0.403],"_shiftlockState":false,"_pose":"Running","_animationQueue":[],"_animationSpeed":1.103,"_zoom":20.656},{"_mousePosition":[678,316],"_rootPartCFrame":[756.432,223.162,47.379,-0.035,0,0.999,0,1,0,-0.999,0,-0.035],"_humanoidState":8,"_cameraCFrame":[756.19,243.567,39.058,-1,0.027,-0.012,0,0.403,0.915,0.029,0.915,-0.403],"_shiftlockState":false,"_pose":"Running","_animationQueue":[["walk",0.1]],"_animationSpeed":1.103,"_zoom":20.656},{"_mousePosition":[678,316],"_rootPartCFrame":[756.179,223.232,47.386,-0.034,0,0.999,0,1,0,-0.999,0,-0.034],"_humanoidState":8,"_cameraCFrame":[755.936,243.637,39.066,-1,0.027,-0.012,0,0.403,0.915,0.029,0.915,-0.403],"_shiftlockState":false,"_pose":"Running","_animationQueue":[],"_animationSpeed":1.103,"_zoom":20.656},{"_mousePosition":[678,316],"_rootPartCFrame":[755.935,223.321,47.394,-0.033,0,0.999,0,1,0,-0.999,0,-0.033],"_humanoidState":8,"_cameraCFrame":[755.692,243.726,39.073,-1,0.027,-0.012,0,0.403,0.915,0.029,0.915,-0.403],"_shiftlockState":false,"_pose":"Running","_animationQueue":[],"_animationSpeed":1.103,"_zoom":20.656},{"_mousePosition":[678,316],"_rootPartCFrame":[755.702,223.419,47.4,-0.033,0,0.999,0,1,0,-0.999,0,-0.033],"_humanoidState":8,"_cameraCFrame":[755.48,243.823,39.079,-1,0.024,-0.011,0,0.403,0.915,0.027,0.915,-0.403],"_shiftlockState":false,"_pose":"Running","_animationQueue":[["walk",0.1]],"_animationSpeed":1.008,"_zoom":20.656},{"_mousePosition":[678,316],"_rootPartCFrame":[755.471,223.53,47.407,-0.032,0,0.999,0,1,0,-0.999,0,-0.032],"_humanoidState":8,"_cameraCFrame":[755.25,243.934,39.086,-1,0.024,-0.011,0,0.403,0.915,0.027,0.915,-0.403],"_shiftlockState":false,"_pose":"Running","_animationQueue":[["walk",0.1]],"_animationSpeed":0.957,"_zoom":20.656},{"_mousePosition":[678,316],"_rootPartCFrame":[755.24,223.65,47.413,-0.032,0,1,0,1,0,-1,0,-0.032],"_humanoidState":8,"_cameraCFrame":[755.019,244.055,39.092,-1,0.024,-0.011,0,0.403,0.915,0.027,0.915,-0.403],"_shiftlockState":false,"_pose":"Running","_animationQueue":[],"_animationSpeed":0.957,"_zoom":20.656},{"_mousePosition":[678,316],"_rootPartCFrame":[755.009,224.523,47.419,-0.031,0,1,0,1,0,-1,0,-0.031],"_humanoidState":3,"_cameraCFrame":[754.788,244.928,39.098,-1,0.024,-0.011,0,0.403,0.915,0.027,0.915,-0.403],"_shiftlockState":false,"_pose":"Jumping","_animationQueue":[["walk",0.1],["walk",0.1],["jump",0.1]],"_animationSpeed":1,"_zoom":20.656},{"_mousePosition":[678,316],"_rootPartCFrame":[754.755,225.345,47.426,-0.03,0,1,0,1,0,-1,0,-0.03],"_humanoidState":5,"_cameraCFrame":[754.533,245.75,39.105,-1,0.024,-0.011,0,0.403,0.915,0.027,0.915,-0.403],"_shiftlockState":false,"_pose":"FreeFall","_animationQueue":[["jump",0.1]],"_animationSpeed":1,"_zoom":20.656},{"_mousePosition":[678,316],"_rootPartCFrame":[754.555,225.926,47.432,-0.03,0,1,0,1,0,-1,0,-0.03],"_humanoidState":5,"_cameraCFrame":[754.334,246.331,39.11,-1,0.024,-0.011,0,0.403,0.915,0.027,0.915,-0.403],"_shiftlockState":false,"_pose":"FreeFall","_animationQueue":[],"_animationSpeed":1,"_zoom":20.656},{"_mousePosition":[678,316],"_rootPartCFrame":[754.222,226.826,47.44,-0.029,0,1,0,1,0,-1,0,-0.029],"_humanoidState":5,"_cameraCFrame":[754.001,247.23,39.119,-1,0.024,-0.011,0,0.403,0.915,0.027,0.915,-0.403],"_shiftlockState":false,"_pose":"FreeFall","_animationQueue":[],"_animationSpeed":1,"_zoom":20.656},{"_mousePosition":[678,316],"_rootPartCFrame":[753.956,227.485,47.448,-0.029,0,1,0,1,0,-1,0,-0.029],"_humanoidState":5,"_cameraCFrame":[753.734,247.889,39.126,-1,0.024,-0.011,0,0.403,0.915,0.027,0.915,-0.403],"_shiftlockState":false,"_pose":"FreeFall","_animationQueue":[],"_animationSpeed":1,"_zoom":20.656},{"_mousePosition":[678,316],"_rootPartCFrame":[753.756,227.943,47.453,-0.029,0,1,0,1,0,-1,0,-0.029],"_humanoidState":5,"_cameraCFrame":[753.534,248.347,39.132,-1,0.024,-0.011,0,0.403,0.915,0.027,0.915,-0.403],"_shiftlockState":false,"_pose":"FreeFall","_animationQueue":[],"_animationSpeed":1,"_zoom":20.656},{"_mousePosition":[678,316],"_rootPartCFrame":[753.422,228.638,47.462,-0.028,0,1,0,1,0,-1,0,-0.028],"_humanoidState":5,"_cameraCFrame":[753.201,249.043,39.14,-1,0.024,-0.011,0,0.403,0.915,0.027,0.915,-0.403],"_shiftlockState":false,"_pose":"FreeFall","_animationQueue":[],"_animationSpeed":1,"_zoom":20.656},{"_mousePosition":[678,316],"_rootPartCFrame":[753.156,229.133,47.469,-0.028,0,1,0,1,0,-1,0,-0.028],"_humanoidState":5,"_cameraCFrame":[752.934,249.538,39.148,-1,0.024,-0.011,0,0.403,0.915,0.027,0.915,-0.403],"_shiftlockState":false,"_pose":"FreeFall","_animationQueue":[],"_animationSpeed":1,"_zoom":20.656},{"_mousePosition":[678,316],"_rootPartCFrame":[752.956,229.469,47.474,-0.028,0,1,0,1,0,-1,0,-0.028],"_humanoidState":5,"_cameraCFrame":[752.734,249.873,39.153,-1,0.024,-0.011,0,0.403,0.915,0.027,0.915,-0.403],"_shiftlockState":false,"_pose":"FreeFall","_animationQueue":[],"_animationSpeed":1,"_zoom":20.656},{"_mousePosition":[678,316],"_rootPartCFrame":[752.623,229.96,47.483,-0.028,0,1,0,1,0,-1,0,-0.028],"_humanoidState":5,"_cameraCFrame":[752.401,250.364,39.162,-1,0.024,-0.011,0,0.403,0.915,0.027,0.915,-0.403],"_shiftlockState":false,"_pose":"FreeFall","_animationQueue":[],"_animationSpeed":1,"_zoom":20.656},{"_mousePosition":[678,316],"_rootPartCFrame":[752.356,230.291,47.49,-0.028,0,1,0,1,0,-1,0,-0.028],"_humanoidState":5,"_cameraCFrame":[752.134,250.696,39.169,-1,0.024,-0.011,0,0.403,0.915,0.027,0.915,-0.403],"_shiftlockState":false,"_pose":"FreeFall","_animationQueue":[],"_animationSpeed":1,"_zoom":20.656},{"_mousePosition":[678,316],"_rootPartCFrame":[752.156,230.504,47.495,-0.027,0,1,0,1,0,-1,0,-0.027],"_humanoidState":5,"_cameraCFrame":[751.934,250.908,39.174,-1,0.024,-0.011,0,0.403,0.915,0.027,0.915,-0.403],"_shiftlockState":false,"_pose":"FreeFall","_animationQueue":[],"_animationSpeed":1,"_zoom":20.656},{"_mousePosition":[678,316],"_rootPartCFrame":[751.823,230.791,47.504,-0.027,0,1,0,1,0,-1,0,-0.027],"_humanoidState":5,"_cameraCFrame":[751.601,251.195,39.183,-1,0.024,-0.011,0,0.403,0.915,0.027,0.915,-0.403],"_shiftlockState":false,"_pose":"FreeFall","_animationQueue":[],"_animationSpeed":1,"_zoom":20.656},{"_mousePosition":[678,316],"_rootPartCFrame":[751.556,230.959,47.511,-0.027,0,1,0,1,0,-1,0,-0.027],"_humanoidState":5,"_cameraCFrame":[751.356,251.363,39.19,-1,0.022,-0.01,0,0.403,0.915,0.024,0.915,-0.403],"_shiftlockState":false,"_pose":"FreeFall","_animationQueue":[],"_animationSpeed":1,"_zoom":20.656},{"_mousePosition":[678,316],"_rootPartCFrame":[751.615,230.984,47.538,-0.026,0.001,1,0,1,-0.001,-1,0,-0.026],"_humanoidState":5,"_cameraCFrame":[751.457,251.388,39.215,-1,0.017,-0.008,0,0.403,0.915,0.019,0.915,-0.403],"_shiftlockState":false,"_pose":"FreeFall","_animationQueue":[],"_animationSpeed":1,"_zoom":20.656},{"_mousePosition":[678,316],"_rootPartCFrame":[751.623,230.98,47.561,-0.026,0,1,0,1,0,-1,0,-0.026],"_humanoidState":7,"_cameraCFrame":[751.507,251.385,39.238,-1,0.013,-0.006,0,0.403,0.915,0.014,0.915,-0.403],"_shiftlockState":false,"_pose":"FreeFall","_animationQueue":[["walk",0.1]],"_animationSpeed":0.586,"_zoom":20.656},{"_mousePosition":[678,316],"_rootPartCFrame":[751.528,230.98,47.572,-0.002,0,1,0,1,0,-1,0,-0.002],"_humanoidState":7,"_cameraCFrame":[751.412,251.385,39.248,-1,0.013,-0.006,0,0.403,0.915,0.014,0.915,-0.403],"_shiftlockState":false,"_pose":"FreeFall","_animationQueue":[],"_animationSpeed":0.586,"_zoom":20.656},{"_mousePosition":[678,316],"_rootPartCFrame":[751.522,230.979,47.572,0.005,0.001,1,0,1,-0.001,-1,0,0.005],"_humanoidState":7,"_cameraCFrame":[751.428,251.384,39.248,-1,0.01,-0.005,0,0.403,0.915,0.011,0.915,-0.403],"_shiftlockState":false,"_pose":"FreeFall","_animationQueue":[],"_animationSpeed":0.586,"_zoom":20.656},{"_mousePosition":[678,316],"_rootPartCFrame":[751.522,230.979,47.572,0.005,0.001,1,0,1,-0.001,-1,0,0.005],"_humanoidState":8,"_cameraCFrame":[751.428,251.384,39.248,-1,0.01,-0.005,0,0.403,0.915,0.011,0.915,-0.403],"_shiftlockState":false,"_pose":"Running","_animationQueue":[["walk",0.1]],"_animationSpeed":0.027,"_zoom":20.656},{"_mousePosition":[678,316],"_rootPartCFrame":[751.535,231.853,47.572,0.005,0.002,1,0,1,-0.002,-1,0,0.005],"_humanoidState":3,"_cameraCFrame":[751.464,252.257,39.248,-1,0.008,-0.004,0,0.403,0.915,0.009,0.915,-0.403],"_shiftlockState":false,"_pose":"Jumping","_animationQueue":[["idle",0.1],["jump",0.1]],"_animationSpeed":1,"_zoom":20.656},{"_mousePosition":[678,316],"_rootPartCFrame":[751.53,232.67,47.573,-0.002,-0.001,1,0.001,1,0.001,-1,0.001,-0.002],"_humanoidState":5,"_cameraCFrame":[751.497,253.074,39.25,-1,0.004,-0.002,0,0.403,0.915,0.004,0.915,-0.403],"_shiftlockState":false,"_pose":"FreeFall","_animationQueue":[["jump",0.1]],"_animationSpeed":1,"_zoom":20.656},{"_mousePosition":[678,316],"_rootPartCFrame":[751.525,233.421,47.573,0.001,-0.006,1,0,1,0.006,-1,0,0.001],"_humanoidState":5,"_cameraCFrame":[751.505,253.826,39.249,-1,0.001,-0.001,0,0.403,0.915,0.001,0.915,-0.403],"_shiftlockState":false,"_pose":"FreeFall","_animationQueue":[],"_animationSpeed":1,"_zoom":20.656},{"_mousePosition":[678,316],"_rootPartCFrame":[751.495,234.112,47.574,-0.003,-0.006,1,0,1,0.006,-1,0,-0.003],"_humanoidState":5,"_cameraCFrame":[751.497,254.516,39.25,-1,-0.001,0,0,0.403,0.915,-0.001,0.915,-0.403],"_shiftlockState":false,"_pose":"FreeFall","_animationQueue":[],"_animationSpeed":1,"_zoom":20.656},{"_mousePosition":[678,316],"_rootPartCFrame":[751.427,234.748,47.575,-0.003,-0.002,1,0,1,0.002,-1,0,-0.003],"_humanoidState":5,"_cameraCFrame":[751.476,255.153,39.251,-1,-0.006,0.003,0,0.403,0.915,-0.006,0.915,-0.403],"_shiftlockState":false,"_pose":"FreeFall","_animationQueue":[],"_animationSpeed":1,"_zoom":20.656},{"_mousePosition":[678,316],"_rootPartCFrame":[751.318,235.33,47.576,-0.003,0,1,0,1,0,-1,0,-0.003],"_humanoidState":5,"_cameraCFrame":[751.391,255.734,39.252,-1,-0.008,0.004,0,0.403,0.915,-0.009,0.915,-0.403],"_shiftlockState":false,"_pose":"FreeFall","_animationQueue":[],"_animationSpeed":1,"_zoom":20.656},{"_mousePosition":[678,316],"_rootPartCFrame":[751.169,235.857,47.576,-0.002,0,1,0,1,0,-1,0,-0.002],"_humanoidState":5,"_cameraCFrame":[751.285,256.262,39.253,-1,-0.013,0.006,0,0.403,0.915,-0.014,0.915,-0.403],"_shiftlockState":false,"_pose":"FreeFall","_animationQueue":[],"_animationSpeed":1,"_zoom":20.656},{"_mousePosition":[678,316],"_rootPartCFrame":[750.98,236.33,47.575,0,0,1,0,1,0,-1,0,0],"_humanoidState":5,"_cameraCFrame":[751.138,256.734,39.253,-1,-0.017,0.008,0,0.403,0.915,-0.019,0.915,-0.403],"_shiftlockState":false,"_pose":"FreeFall","_animationQueue":[],"_animationSpeed":1,"_zoom":20.656},{"_mousePosition":[678,316],"_rootPartCFrame":[750.752,236.748,47.573,0.001,0,1,0,1,0,-1,0,0.001],"_humanoidState":5,"_cameraCFrame":[750.91,257.136,39.214,-1,-0.017,0.008,0,0.405,0.914,-0.019,0.914,-0.405],"_shiftlockState":false,"_pose":"FreeFall","_animationQueue":[],"_animationSpeed":1,"_zoom":20.656},{"_mousePosition":[678,316],"_rootPartCFrame":[750.491,237.112,47.569,0.004,0,1,0,1,0,-1,0,0.004],"_humanoidState":5,"_cameraCFrame":[750.67,257.5,39.21,-1,-0.02,0.009,0,0.405,0.914,-0.021,0.914,-0.405],"_shiftlockState":false,"_pose":"FreeFall","_animationQueue":[],"_animationSpeed":1,"_zoom":20.656},{"_mousePosition":[678,316],"_rootPartCFrame":[750.529,237.343,47.566,-0.008,-0.058,0.998,0.001,0.998,0.058,-1,0.001,-0.008],"_humanoidState":5,"_cameraCFrame":[750.622,257.713,39.172,-1,-0.02,0.009,0,0.407,0.914,-0.021,0.913,-0.406],"_shiftlockState":false,"_pose":"FreeFall","_animationQueue":[],"_animationSpeed":1,"_zoom":20.656},{"_mousePosition":[678,316],"_rootPartCFrame":[750.528,237.515,47.562,-0.007,-0.027,1,0,1,0.027,-1,0.001,-0.007],"_humanoidState":5,"_cameraCFrame":[750.731,257.886,39.169,-1,-0.027,0.012,0,0.407,0.914,-0.029,0.913,-0.406],"_shiftlockState":false,"_pose":"FreeFall","_animationQueue":[],"_animationSpeed":1,"_zoom":20.656},{"_mousePosition":[678,316],"_rootPartCFrame":[750.467,237.652,47.557,-0.002,-0.004,1,0,1,0.004,-1,0,-0.002],"_humanoidState":5,"_cameraCFrame":[750.748,258.024,39.164,-0.999,-0.031,0.014,0,0.407,0.914,-0.034,0.913,-0.406],"_shiftlockState":false,"_pose":"FreeFall","_animationQueue":[],"_animationSpeed":1,"_zoom":20.656},{"_mousePosition":[678,316],"_rootPartCFrame":[750.397,237.693,47.553,0.001,0,1,0,1,0,-1,0,0.001],"_humanoidState":5,"_cameraCFrame":[750.707,258.049,39.124,-0.999,-0.033,0.015,0,0.408,0.913,-0.037,0.912,-0.408],"_shiftlockState":false,"_pose":"FreeFall","_animationQueue":[],"_animationSpeed":1,"_zoom":20.656},{"_mousePosition":[678,316],"_rootPartCFrame":[750.269,237.701,47.548,0.005,0.001,1,0,1,-0.001,-1,0,0.005],"_humanoidState":5,"_cameraCFrame":[750.666,258.04,39.086,-0.999,-0.043,0.019,0,0.41,0.912,-0.047,0.911,-0.41],"_shiftlockState":false,"_pose":"FreeFall","_animationQueue":[],"_animationSpeed":1,"_zoom":20.656},{"_mousePosition":[678,316],"_rootPartCFrame":[750.155,237.984,47.544,0.009,0,1,0,1,0,-1,0,0.009],"_humanoidState":7,"_cameraCFrame":[750.637,258.323,39.086,-0.998,-0.052,0.023,0,0.41,0.912,-0.057,0.911,-0.409],"_shiftlockState":false,"_pose":"FreeFall","_animationQueue":[["walk",0.1]],"_animationSpeed":0.595,"_zoom":20.656},{"_mousePosition":[678,316],"_rootPartCFrame":[750.047,238.355,47.539,0.014,0,1,0,1,0,-1,0,0.014],"_humanoidState":7,"_cameraCFrame":[750.659,258.677,39.053,-0.997,-0.066,0.03,0,0.412,0.911,-0.072,0.909,-0.411],"_shiftlockState":false,"_pose":"FreeFall","_animationQueue":[],"_animationSpeed":0.595,"_zoom":20.656},{"_mousePosition":[678,316],"_rootPartCFrame":[749.938,238.708,47.533,0.02,0,1,0,1,0,-1,0,0.02],"_humanoidState":8,"_cameraCFrame":[750.704,259.014,39.022,-0.996,-0.082,0.037,0,0.414,0.91,-0.09,0.907,-0.412],"_shiftlockState":false,"_pose":"Running","_animationQueue":[["walk",0.1],["walk",0.1]],"_animationSpeed":0.449,"_zoom":20.656},{"_mousePosition":[678,316],"_rootPartCFrame":[749.819,239.032,47.524,0.026,0,1,0,1,0,-1,0,0.026],"_humanoidState":8,"_cameraCFrame":[750.757,259.338,39.031,-0.994,-0.1,0.045,0,0.414,0.91,-0.11,0.905,-0.411],"_shiftlockState":false,"_pose":"Running","_animationQueue":[],"_animationSpeed":0.449,"_zoom":20.656},{"_mousePosition":[678,316],"_rootPartCFrame":[749.698,239.328,47.514,0.034,0,0.999,0,1,0,-0.999,0,0.034],"_humanoidState":8,"_cameraCFrame":[750.851,259.634,39.047,-0.991,-0.123,0.056,0,0.414,0.91,-0.135,0.902,-0.41],"_shiftlockState":false,"_pose":"Running","_animationQueue":[["walk",0.1]],"_animationSpeed":0.501,"_zoom":20.656},{"_mousePosition":[678,316],"_rootPartCFrame":[749.577,239.612,47.501,0.044,0,0.999,0,1,0,-0.999,0,0.044],"_humanoidState":8,"_cameraCFrame":[750.944,259.917,39.066,-0.987,-0.146,0.066,0,0.414,0.91,-0.16,0.899,-0.408],"_shiftlockState":false,"_pose":"Running","_animationQueue":[],"_animationSpeed":0.501,"_zoom":20.656},{"_mousePosition":[678,316],"_rootPartCFrame":[749.456,239.734,47.485,0.055,0,0.998,0,1,0,-0.998,0,0.055],"_humanoidState":8,"_cameraCFrame":[751.256,260.023,39.094,-0.978,-0.191,0.087,0,0.415,0.91,-0.21,0.889,-0.406],"_shiftlockState":false,"_pose":"Running","_animationQueue":[["walk",0.1]],"_animationSpeed":0.501,"_zoom":20.656},{"_mousePosition":[678,316],"_rootPartCFrame":[749.335,239.856,47.466,0.069,0,0.998,0,1,0,-0.998,0,0.069],"_humanoidState":8,"_cameraCFrame":[751.304,260.145,39.113,-0.973,-0.209,0.095,0,0.415,0.91,-0.229,0.885,-0.404],"_shiftlockState":false,"_pose":"Running","_animationQueue":[],"_animationSpeed":0.501,"_zoom":20.656},{"_mousePosition":[678,316],"_rootPartCFrame":[749.215,240.029,47.441,0.086,0,0.996,0,1,0,-0.996,0,0.086],"_humanoidState":8,"_cameraCFrame":[751.604,260.319,39.199,-0.96,-0.253,0.116,0,0.415,0.91,-0.278,0.874,-0.399],"_shiftlockState":false,"_pose":"Running","_animationQueue":[],"_animationSpeed":0.501,"_zoom":20.656},{"_mousePosition":[678,316],"_rootPartCFrame":[749.094,240.24,47.413,0.105,0,0.994,0,1,0,-0.994,0,0.105],"_humanoidState":8,"_cameraCFrame":[751.629,260.529,39.214,-0.955,-0.269,0.123,0,0.415,0.91,-0.295,0.869,-0.397],"_shiftlockState":false,"_pose":"Running","_animationQueue":[],"_animationSpeed":0.501,"_zoom":20.656},{"_mousePosition":[678,316],"_rootPartCFrame":[748.964,240.46,47.376,0.127,0,0.992,0,1,0,-0.992,0,0.127],"_humanoidState":8,"_cameraCFrame":[751.499,260.749,39.177,-0.955,-0.269,0.123,0,0.415,0.91,-0.295,0.869,-0.397],"_shiftlockState":false,"_pose":"Running","_animationQueue":[],"_animationSpeed":0.501,"_zoom":20.656},{"_mousePosition":[678,316],"_rootPartCFrame":[748.832,240.682,47.336,0.15,0,0.989,0,1,0,-0.989,0,0.15],"_humanoidState":8,"_c