[{"_mousePosition":[727,389],"_rootPartCFrame":[776.028,222.7,47.142,0,0,1,0,1,0,-1,0,0],"_humanoidState":8,"_cameraCFrame":[775.958,244.385,42.759,-1,0.016,-0.003,0,0.212,0.977,0.016,0.977,-0.212],"_shiftlockState":false,"_pose":"Standing","_animationQueue":[],"_animationSpeed":1,"_zoom":20.656},{"_mousePosition":[727,389],"_rootPartCFrame":[775.781,222.7,47.146,-0.002,0,1,0,1,0,-1,0,-0.002],"_humanoidState":8,"_cameraCFrame":[775.701,244.402,42.842,-1,0.018,-0.004,0,0.208,0.978,0.018,0.978,-0.208],"_shiftlockState":false,"_pose":"Standing","_animationQueue":[],"_animationSpeed":1,"_zoom":20.656},{"_mousePosition":[727,389],"_rootPartCFrame":[775.515,222.7,47.151,-0.004,0,1,0,1,0,-1,0,-0.004],"_humanoidState":8,"_cameraCFrame":[775.437,244.419,42.925,-1,0.018,-0.004,0,0.205,0.979,0.018,0.979,-0.205],"_shiftlockState":false,"_pose":"Running","_animationQueue":[["walk",0.1]],"_animationSpeed":1.066,"_zoom":20.656},{"_mousePosition":[727,389],"_rootPartCFrame":[775.249,222.7,47.155,-0.006,0,1,0,1,0,-1,0,-0.006],"_humanoidState":8,"_cameraCFrame":[775.171,244.427,42.969,-1,0.018,-0.004,0,0.203,0.979,0.018,0.979,-0.203],"_shiftlockState":false,"_pose":"Running","_animationQueue":[["walk",0.1]],"_animationSpeed":1.066,"_zoom":20.656},{"_mousePosition":[727,389],"_rootPartCFrame":[774.982,222.7,47.16,-0.008,0,1,0,1,0,-1,0,-0.008],"_humanoidState":8,"_cameraCFrame":[774.906,244.443,43.053,-1,0.018,-0.004,0,0.199,0.98,0.018,0.98,-0.199],"_shiftlockState":false,"_pose":"Running","_animationQueue":[],"_animationSpeed":1.066,"_zoom":20.656},{"_mousePosition":[727,389],"_rootPartCFrame":[774.715,222.7,47.165,-0.009,0,1,0,1,0,-1,0,-0.009],"_humanoidState":8,"_cameraCFrame":[774.64,244.451,43.097,-1,0.018,-0.004,0,0.197,0.98,0.018,0.98,-0.197],"_shiftlockState":false,"_pose":"Running","_animationQueue":[],"_animationSpeed":1.066,"_zoom":20.656},{"_mousePosition":[727,389],"_rootPartCFrame":[774.449,222.7,47.17,-0.01,0,1,0,1,0,-1,0,-0.01],"_humanoidState":8,"_cameraCFrame":[774.374,244.459,43.142,-1,0.018,-0.004,0,0.195,0.981,0.018,0.981,-0.195],"_shiftlockState":false,"_pose":"Running","_animationQueue":[],"_animationSpeed":1.066,"_zoom":20.656},{"_mousePosition":[727,389],"_rootPartCFrame":[774.182,222.7,47.175,-0.012,0,1,0,1,0,-1,0,-0.012],"_humanoidState":8,"_cameraCFrame":[774.139,244.474,43.225,-1,0.011,-0.002,0,0.191,0.982,0.011,0.981,-0.191],"_shiftlockState":false,"_pose":"Running","_animationQueue":[],"_animationSpeed":1.066,"_zoom":20.656},{"_mousePosition":[727,389],"_rootPartCFrame":[773.916,222.7,47.18,-0.012,0,1,0,1,0,-1,0,-0.012],"_humanoidState":8,"_cameraCFrame":[773.893,244.49,43.309,-1,0.006,-0.001,0,0.187,0.982,0.006,0.982,-0.187],"_shiftlockState":false,"_pose":"Running","_animationQueue":[],"_animationSpeed":1.066,"_zoom":20.656},{"_mousePosition":[727,389],"_rootPartCFrame":[773.649,222.7,47.183,-0.012,0,1,0,1,0,-1,0,-0.012],"_humanoidState":8,"_cameraCFrame":[773.656,244.505,43.391,-1,-0.002,0,0,0.184,0.983,-0.002,0.983,-0.184],"_shiftlockState":false,"_pose":"Running","_animationQueue":[],"_animationSpeed":1.066,"_zoom":20.656},{"_mousePosition":[727,389],"_rootPartCFrame":[773.382,222.7,47.185,-0.012,0,1,0,1,0,-1,0,-0.012],"_humanoidState":8,"_cameraCFrame":[773.408,244.505,43.393,-1,-0.007,0.001,0,0.184,0.983,-0.007,0.983,-0.184],"_shiftlockState":false,"_pose":"Running","_animationQueue":[["walk",0.1]],"_animationSpeed":1.066,"_zoom":20.656},{"_mousePosition":[727,389],"_rootPartCFrame":[773.116,222.7,47.185,-0.01,0,1,0,1,0,-1,0,-0.01],"_humanoidState":8,"_cameraCFrame":[773.16,244.519,43.472,-1,-0.012,0.002,0,0.18,0.984,-0.012,0.984,-0.18],"_shiftlockState":false,"_pose":"Running","_animationQueue":[],"_animationSpeed":1.066,"_zoom":20.656},{"_mousePosition":[727,389],"_rootPartCFrame":[772.849,222.7,47.183,-0.008,0,1,0,1,0,-1,0,-0.008],"_humanoidState":8,"_cameraCFrame":[772.902,244.526,43.51,-1,-0.014,0.003,0,0.178,0.984,-0.014,0.984,-0.178],"_shiftlockState":false,"_pose":"Running","_animationQueue":[],"_animationSpeed":1.066,"_zoom":20.656},{"_mousePosition":[727,389],"_rootPartCFrame":[772.582,222.7,47.18,-0.005,0,1,0,1,0,-1,0,-0.005],"_humanoidState":8,"_cameraCFrame":[772.644,244.534,43.547,-1,-0.017,0.003,0,0.176,0.984,-0.017,0.984,-0.176],"_shiftlockState":false,"_pose":"Running","_animationQueue":[],"_animationSpeed":1.066,"_zoom":20.656},{"_mousePosition":[727,389],"_rootPartCFrame":[772.316,222.7,47.176,-0.003,0,1,0,1,0,-1,0,-0.003],"_humanoidState":8,"_cameraCFrame":[772.377,244.534,43.543,-1,-0.017,0.003,0,0.176,0.984,-0.017,0.984,-0.176],"_shiftlockState":false,"_pose":"Running","_animationQueue":[],"_animationSpeed":1.066,"_zoom":20.656},{"_mousePosition":[727,389],"_rootPartCFrame":[772.049,222.7,47.172,0,0,1,0,1,0,-1,0,0],"_humanoidState":8,"_cameraCFrame":[772.111,244.534,43.539,-1,-0.017,0.003,0,0.176,0.984,-0.017,0.984,-0.176],"_shiftlockState":false,"_pose":"Running","_animationQueue":[],"_animationSpeed":1.066,"_zoom":20.656},{"_mousePosition":[727,389],"_rootPartCFrame":[771.783,222.7,47.167,0.002,0,1,0,1,0,-1,0,0.002],"_humanoidState":8,"_cameraCFrame":[771.843,244.541,43.574,-1,-0.017,0.003,0,0.174,0.985,-0.017,0.985,-0.174],"_shiftlockState":false,"_pose":"Running","_animationQueue":[],"_animationSpeed":1.066,"_zoom":20.656},{"_mousePosition":[727,389],"_rootPartCFrame":[771.516,222.7,47.163,0.004,0,1,0,1,0,-1,0,0.004],"_humanoidState":8,"_cameraCFrame":[771.577,244.541,43.569,-1,-0.017,0.003,0,0.174,0.985,-0.017,0.985,-0.174],"_shiftlockState":false,"_pose":"Running","_animationQueue":[["walk",0.1]],"_animationSpeed":1.066,"_zoom":20.656},{"_mousePosition":[727,389],"_rootPartCFrame":[771.249,222.7,47.158,0.006,0,1,0,1,0,-1,0,0.006],"_humanoidState":8,"_cameraCFrame":[771.31,244.542,43.572,-1,-0.017,0.003,0,0.174,0.985,-0.017,0.985,-0.174],"_shiftlockState":false,"_pose":"Running","_animationQueue":[],"_animationSpeed":1.066,"_zoom":20.656},{"_mousePosition":[727,389],"_rootPartCFrame":[770.983,223.573,47.153,0.008,0,1,0,1,0,-1,0,0.008],"_humanoidState":3,"_cameraCFrame":[771.044,245.415,43.567,-1,-0.017,0.003,0,0.174,0.985,-0.017,0.985,-0.174],"_shiftlockState":false,"_pose":"Jumping","_animationQueue":[["walk",0.1],["jump",0.1]],"_animationSpeed":1,"_zoom":20.656},{"_mousePosition":[727,389],"_rootPartCFrame":[770.716,224.395,47.149,0.009,0,1,0,1,0,-1,0,0.009],"_humanoidState":5,"_cameraCFrame":[770.777,246.237,43.563,-1,-0.017,0.003,0,0.174,0.985,-0.017,0.985,-0.174],"_shiftlockState":false,"_pose":"FreeFall","_animationQueue":[["jump",0.1]],"_animationSpeed":1,"_zoom":20.656},{"_mousePosition":[727,389],"_rootPartCFrame":[770.45,225.162,47.144,0.01,0,1,0,1,0,-1,0,0.01],"_humanoidState":5,"_cameraCFrame":[770.51,247.004,43.558,-1,-0.017,0.003,0,0.174,0.985,-0.017,0.985,-0.174],"_shiftlockState":false,"_pose":"FreeFall","_animationQueue":[],"_animationSpeed":1,"_zoom":20.656},{"_mousePosition":[727,389],"_rootPartCFrame":[770.183,225.875,47.14,0.011,0,1,0,1,0,-1,0,0.011],"_humanoidState":5,"_cameraCFrame":[770.244,247.718,43.554,-1,-0.017,0.003,0,0.174,0.985,-0.017,0.985,-0.174],"_shiftlockState":false,"_pose":"FreeFall","_animationQueue":[],"_animationSpeed":1,"_zoom":20.656},{"_mousePosition":[727,389],"_rootPartCFrame":[769.916,226.534,47.135,0.012,0,1,0,1,0,-1,0,0.012],"_humanoidState":5,"_cameraCFrame":[769.977,248.376,43.549,-1,-0.017,0.003,0,0.174,0.985,-0.017,0.985,-0.174],"_shiftlockState":false,"_pose":"FreeFall","_animationQueue":[],"_animationSpeed":1,"_zoom":20.656},{"_mousePosition":[727,389],"_rootPartCFrame":[769.583,227.28,47.13,0.013,0,1,0,1,0,-1,0,0.013],"_humanoidState":5,"_cameraCFrame":[769.644,249.123,43.543,-1,-0.017,0.003,0,0.174,0.985,-0.017,0.985,-0.174],"_shiftlockState":false,"_pose":"FreeFall","_animationQueue":[],"_animationSpeed":1,"_zoom":20.656},{"_mousePosition":[727,389],"_rootPartCFrame":[769.383,227.687,47.126,0.013,0,1,0,1,0,-1,0,0.013],"_humanoidState":5,"_cameraCFrame":[769.444,249.53,43.54,-1,-0.017,0.003,0,0.174,0.985,-0.017,0.985,-0.174],"_shiftlockState":false,"_pose":"FreeFall","_animationQueue":[],"_animationSpeed":1,"_zoom":20.656},{"_mousePosition":[727,389],"_rootPartCFrame":[769.117,228.182,47.122,0.014,0,1,0,1,0,-1,0,0.014],"_humanoidState":5,"_cameraCFrame":[769.177,250.025,43.535,-1,-0.017,0.003,0,0.174,0.985,-0.017,0.985,-0.174],"_shiftlockState":false,"_pose":"FreeFall","_animationQueue":[],"_animationSpeed":1,"_zoom":20.656},{"_mousePosition":[727,389],"_rootPartCFrame":[768.783,228.725,47.116,0.014,0,1,0,1,0,-1,0,0.014],"_humanoidState":5,"_cameraCFrame":[768.844,250.567,43.53,-1,-0.017,0.003,0,0.174,0.985,-0.017,0.985,-0.174],"_shiftlockState":false,"_pose":"FreeFall","_animationQueue":[],"_animationSpeed":1,"_zoom":20.656},{"_mousePosition":[727,389],"_rootPartCFrame":[768.583,229.009,47.113,0.015,0,1,0,1,0,-1,0,0.015],"_humanoidState":5,"_cameraCFrame":[768.644,250.851,43.526,-1,-0.017,0.003,0,0.174,0.985,-0.017,0.985,-0.174],"_shiftlockState":false,"_pose":"FreeFall","_animationQueue":[],"_animationSpeed":1,"_zoom":20.656},{"_mousePosition":[727,389],"_rootPartCFrame":[768.317,229.34,47.108,0.015,0,1,0,1,0,-1,0,0.015],"_humanoidState":5,"_cameraCFrame":[768.387,251.183,43.522,-1,-0.019,0.003,0,0.174,0.985,-0.019,0.985,-0.174],"_shiftlockState":false,"_pose":"FreeFall","_animationQueue":[],"_animationSpeed":1,"_zoom":20.656},{"_mousePosition":[727,389],"_rootPartCFrame":[767.984,229.678,47.103,0.015,0,1,0,1,0,-1,0,0.015],"_humanoidState":5,"_cameraCFrame":[768.062,251.52,43.517,-1,-0.022,0.004,0,0.174,0.985,-0.022,0.985,-0.174],"_shiftlockState":false,"_pose":"FreeFall","_animationQueue":[],"_animationSpeed":1,"_zoom":20.656},{"_mousePosition":[727,389],"_rootPartCFrame":[767.784,229.84,47.099,0.016,0,1,0,1,0,-1,0,0.016],"_humanoidState":5,"_cameraCFrame":[767.881,251.682,43.513,-1,-0.027,0.005,0,0.174,0.985,-0.027,0.984,-0.174],"_shiftlockState":false,"_pose":"FreeFall","_animationQueue":[],"_animationSpeed":1,"_zoom":20.656},{"_mousePosition":[727,389],"_rootPartCFrame":[767.517,230.008,47.093,0.016,0,1,0,1,0,-1,0,0.016],"_humanoidState":5,"_cameraCFrame":[767.641,251.85,43.508,-0.999,-0.034,0.006,0,0.174,0.985,-0.035,0.984,-0.174],"_shiftlockState":false,"_pose":"FreeFall","_animationQueue":[],"_animationSpeed":1,"_zoom":20.656},{"_mousePosition":[727,389],"_rootPartCFrame":[767.184,230.141,47.084,0.018,0,1,0,1,0,-1,0,0.018],"_humanoidState":5,"_cameraCFrame":[767.344,251.984,43.501,-0.999,-0.044,0.008,0,0.174,0.985,-0.045,0.984,-0.173],"_shiftlockState":false,"_pose":"FreeFall","_animationQueue":[],"_animationSpeed":1,"_zoom":20.656},{"_mousePosition":[727,389],"_rootPartCFrame":[766.984,230.181,47.078,0.019,0,1,0,1,0,-1,0,0.019],"_humanoidState":5,"_cameraCFrame":[767.208,252.023,43.498,-0.998,-0.061,0.011,0,0.174,0.985,-0.062,0.983,-0.173],"_shiftlockState":false,"_pose":"FreeFall","_animationQueue":[],"_animationSpeed":1,"_zoom":20.656},{"_mousePosition":[727,389],"_rootPartCFrame":[766.717,230.185,47.066,0.022,0,1,0,1,0,-1,0,0.022],"_humanoidState":5,"_cameraCFrame":[767.05,252.027,43.495,-0.996,-0.091,0.016,0,0.174,0.985,-0.093,0.981,-0.173],"_shiftlockState":false,"_pose":"FreeFall","_animationQueue":[],"_animationSpeed":1,"_zoom":20.656},{"_mousePosition":[727,389],"_rootPartCFrame":[766.451,230.135,47.05,0.027,0,1,0,1,0,-1,0,0.027],"_humanoidState":5,"_cameraCFrame":[766.946,251.977,43.498,-0.99,-0.136,0.024,0,0.174,0.985,-0.138,0.975,-0.172],"_shiftlockState":false,"_pose":"FreeFall","_animationQueue":[],"_animationSpeed":1,"_zoom":20.656},{"_mousePosition":[727,389],"_rootPartCFrame":[766.186,230.031,47.027,0.035,0,0.999,0,1,0,-0.999,0,0.035],"_humanoidState":5,"_cameraCFrame":[766.895,251.873,43.511,-0.98,-0.195,0.034,0,0.174,0.985,-0.198,0.965,-0.17],"_shiftlockState":false,"_pose":"FreeFall","_animationQueue":[["fall",0.3]],"_animationSpeed":1,"_zoom":20.656},{"_mousePosition":[727,389],"_rootPartCFrame":[765.921,229.872,46.992,0.047,0,0.999,0,1,0,-0.999,0,0.047],"_humanoidState":5,"_cameraCFrame":[766.895,251.714,43.54,-0.962,-0.267,0.047,0,0.174,0.985,-0.272,0.948,-0.167],"_shiftlockState":false,"_pose":"FreeFall","_animationQueue":[],"_animationSpeed":1,"_zoom":20.656},{"_mousePosition":[727,389],"_rootPartCFrame":[765.594,229.596,46.928,0.07,0,0.998,0,1,0,-0.998,0,0.07],"_humanoidState":5,"_cameraCFrame":[766.853,251.438,43.57,-0.936,-0.346,0.061,0,0.174,0.985,-0.351,0.922,-0.163],"_shiftlockState":false,"_pose":"FreeFall","_animationQueue":[],"_animationSpeed":1,"_zoom":20.656},{"_mousePosition":[727,389],"_rootPartCFrame":[765.401,229.39,46.878,0.088,0,0.996,0,1,0,-0.996,0,0.088],"_humanoidState":5,"_cameraCFrame":[766.878,251.232,43.609,-0.911,-0.405,0.072,0,0.174,0.985,-0.412,0.897,-0.158],"_shiftlockState":false,"_pose":"FreeFall","_animationQueue":[],"_animationSpeed":1,"_zoom":20.656},{"_mousePosition":[727,389],"_rootPartCFrame":[765.149,229.068,46.789,0.121,0,0.993,0,1,0,-0.993,0,0.121],"_humanoidState":5,"_cameraCFrame":[766.846,250.91,43.629,-0.881,-0.466,0.082,0,0.174,0.985,-0.473,0.868,-0.153],"_shiftlockState":false,"_pose":"FreeFall","_animationQueue":[],"_animationSpeed":1,"_zoom":20.656},{"_mousePosition":[727,389],"_rootPartCFrame":[764.905,228.691,46.683,0.159,0,0.987,0,1,0,-0.987,0,0.159],"_humanoidState":5,"_cameraCFrame":[766.829,250.533,43.655,-0.844,-0.528,0.093,0,0.174,0.985,-0.536,0.831,-0.147],"_shiftlockState":false,"_pose":"FreeFall","_animationQueue":[],"_animationSpeed":1,"_zoom":20.656},{"_mousePosition":[727,389],"_rootPartCFrame":[764.669,228.259,46.56,0.201,0,0.98,0,1,0,-0.98,0,0.201],"_humanoidState":5,"_cameraCFrame":[766.802,250.101,43.676,-0.804,-0.586,0.103,0,0.174,0.985,-0.595,0.792,-0.14],"_shiftlockState":false,"_pose":"FreeFall","_animationQueue":[],"_animationSpeed":1,"_zoom":20.656},{"_mousePosition":[727,389],"_rootPartCFrame":[764.442,227.773,46.42,0.247,0,0.969,0,1,0,-0.969,0,0.247],"_humanoidState":5,"_cameraCFrame":[766.828,249.615,43.742,-0.746,-0.655,0.116,0,0.174,0.985,-0.665,0.735,-0.13],"_shiftlockState":false,"_pose":"FreeFall","_animationQueue":[["fall",0.3]],"_animationSpeed":1,"_zoom":20.656},{"_mousePosition":[727,389],"_rootPartCFrame":[764.171,227.089,46.225,0.308,0,0.951,0,1,0,-0.951,0,0.308],"_humanoidState":5,"_cameraCFrame":[766.704,248.931,43.684,-0.708,-0.695,0.123,0,0.174,0.985,-0.706,0.698,-0.123],"_shiftlockState":false,"_pose":"FreeFall","_animationQueue":[],"_animationSpeed":1,"_zoom":20.656},{"_mousePosition":[727,389],"_rootPartCFrame":[764.019,226.638,46.096,0.346,0,0.938,0,1,0,-0.938,0,0.346],"_humanoidState":5,"_cameraCFrame":[766.67,248.48,43.68,-0.674,-0.728,0.128,0,0.174,0.985,-0.739,0.663,-0.117],"_shiftlockState":false,"_pose":"FreeFall","_animationQueue":[],"_animationSpeed":1,"_zoom":20.656},{"_mousePosition":[727,389],"_rootPartCFrame":[763.828,225.988,45.91,0.399,0,0.917,0,1,0,-0.917,0,0.399],"_humanoidState":5,"_cameraCFrame":[766.575,247.831,43.603,-0.643,-0.754,0.133,0,0.174,0.985,-0.766,0.633,-0.112],"_shiftlockState":false,"_pose":"FreeFall","_animationQueue":[],"_animationSpeed":1,"_zoom":20.656},{"_mousePosition":[727,389],"_rootPartCFrame":[763.647,225.284,45.714,0.45,0,0.893,0,1,0,-0.893,0,0.45],"_humanoidState":5,"_cameraCFrame":[766.479,247.127,43.513,-0.614,-0.778,0.137,0,0.174,0.985,-0.79,0.604,-0.107],"_shiftlockState":false,"_pose":"FreeFall","_animationQueue":[],"_animationSpeed":1,"_zoom":20.656},{"_mousePosition":[727,389],"_rootPartCFrame":[763.474,224.526,45.511,0.498,0,0.867,0,1,0,-0.867,0,0.498],"_humanoidState":5,"_cameraCFrame":[766.367,246.368,43.39,-0.591,-0.794,0.14,0,0.174,0.985,-0.806,0.582,-0.103],"_shiftlockState":false,"_pose":"FreeFall","_animationQueue":[],"_animationSpeed":1,"_zoom":20.656},{"_mousePosition":[727,389],"_rootPartCFrame":[763.31,223.713,45.301,0.543,0,0.84,0,1,0,-0.84,0,0.543],"_humanoidState":5,"_cameraCFrame":[766.234,245.555,43.224,-0.579,-0.803,0.142,0,0.174,0.985,-0.815,0.57,-0.101],"_shiftlockState":false,"_pose":"FreeFall","_animationQueue":[],"_animationSpeed":1,"_zoom":20.656},{"_mousePosition":[727,389],"_rootPartCFrame":[763.112,222.62,45.033,0.594,0,0.805,0,1,0,-0.805,0,0.594],"_humanoidState":5,"_cameraCFrame":[766.047,244.462,42.971,-0.575,-0.806,0.142,0,0.174,0.985,-0.818,0.566,-0.1],"_shiftlockState":false,"_pose":"FreeFall","_animationQueue":[["fall",0.3]],"_animationSpeed":1,"_zoom":20.656},{"_mousePosition":[727,389],"_rootPartCFrame":[762.995,222.227,44.87,0.62,0,0.784,0,1,0,-0.784,0,0.62],"_humanoidState":7,"_cameraCFrame":[764.898,244.069,41.362,-0.581,-0.801,0.141,0,0.174,0.985,-0.814,0.572,-0.101],"_shiftlockState":true,"_pose":"FreeFall","_animationQueue":[["walk",0.1],["fall",0.3],["fall",0.3]],"_animationSpeed":1,"_zoom":20.656},{"_mousePosition":[683,384],"_rootPartCFrame":[762.842,222.281,44.652,-0.618,0,0.786,0,1,0,-0.786,0,-0.618],"_humanoidState":7,"_cameraCFrame":[764.744,244.123,41.144,-0.581,-0.801,0.141,0,0.174,0.985,-0.814,0.572,-0.101],"_shiftlockState":true,"_pose":"FreeFall","_animationQueue":[],"_animationSpeed":1,"_zoom":20.656},{"_mousePosition":[683,384],"_rootPartCFrame":[762.687,222.389,44.435,-0.599,0,0.801,0,1,0,-0.801,0,-0.599],"_humanoidState":7,"_cameraCFrame":[764.455,244.231,40.857,-0.612,-0.779,0.137,0,0.174,0.985,-0.791,0.602,-0.106],"_shiftlockState":true,"_pose":"FreeFall","_animationQueue":[],"_animationSpeed":1,"_zoom":20.656},{"_mousePosition":[683,384],"_rootPartCFrame":[762.493,222.472,44.164,-0.613,0,0.79,0,1,0,-0.79,0,-0.613],"_humanoidState":8,"_cameraCFrame":[764.087,244.314,40.505,-0.649,-0.749,0.132,0,0.174,0.985,-0.761,0.639,-0.113],"_shiftlockState":true,"_pose":"Running","_animationQueue":[["walk",0.1],["fall",0.3],["walk",0.1]],"_animationSpeed":1.103,"_zoom":20.656},{"_mousePosition":[683,384],"_rootPartCFrame":[762.338,223.335,43.947,-0.649,0,0.761,0,1,0,-0.761,0,-0.649],"_humanoidState":3,"_cameraCFrame":[763.641,245.177,40.174,-0.706,-0.697,0.123,0,0.174,0.985,-0.708,0.696,-0.123],"_shiftlockState":true,"_pose":"Jumping","_animationQueue":[["walk",0.1],["jump",0.1]],"_animationSpeed":1,"_zoom":20.656},{"_mousePosition":[683,384],"_rootPartCFrame":[762.126,224.337,43.69,-0.614,0,0.789,0,1,0,-0.789,0,-0.614],"_humanoidState":5,"_cameraCFrame":[763.226,246.179,39.853,-0.743,-0.659,0.116,0,0.174,0.985,-0.669,0.732,-0.129],"_shiftlockState":true,"_pose":"FreeFall","_animationQueue":[["jump",0.1]],"_animationSpeed":1,"_zoom":20.656},{"_mousePosition":[683,384],"_rootPartCFrame":[761.988,224.897,43.546,-0.674,0,0.738,0,1,0,-0.738,0,-0.674],"_humanoidState":5,"_cameraCFrame":[762.853,246.739,39.649,-0.782,-0.613,0.108,0,0.174,0.985,-0.623,0.77,-0.136],"_shiftlockState":true,"_pose":"FreeFall","_animationQueue":[],"_animationSpeed":1,"_zoom":20.656},{"_mousePosition":[683,384],"_rootPartCFrame":[761.791,225.597,43.365,-0.693,0,0.721,0,1,0,-0.721,0,-0.693],"_humanoidState":5,"_cameraCFrame":[762.418,247.439,39.424,-0.819,-0.565,0.1,0,0.174,0.985,-0.574,0.806,-0.142],"_shiftlockState":true,"_pose":"FreeFall","_animationQueue":[],"_animationSpeed":1,"_zoom":20.656},{"_mousePosition":[683,384],"_rootPartCFrame":[761.584,226.242,43.197,-0.735,0,0.678,0,1,0,-0.678,0,-0.735],"_humanoidState":5,"_cameraCFrame":[761.981,248.084,39.226,-0.851,-0.518,0.091,0,0.174,0.985,-0.526,0.838,-0.148],"_shiftlockState":true,"_pose":"FreeFall","_animationQueue":[],"_animationSpeed":1,"_zoom":20.656},{"_mousePosition":[683,384],"_rootPartCFrame":[761.368,226.832,43.042,-0.773,0,0.634,0,1,0,-0.634,0,-0.773],"_humanoidState":5,"_cameraCFrame":[761.533,248.674,39.055,-0.88,-0.468,0.083,0,0.174,0.985,-0.475,0.866,-0.153],"_shiftlockState":true,"_pose":"FreeFall","_animationQueue":[],"_animationSpeed":1,"_zoom":20.656},{"_mousePosition":[683,384],"_rootPartCFrame":[761.142,227.368,42.9,-0.809,0,0.588,0,1,0,-0.588,0,-0.809],"_humanoidState":5,"_cameraCFrame":[761.095,249.21,38.909,-0.904,-0.421,0.074,0,0.174,0.985,-0.428,0.89,-0.157],"_shiftlockState":true,"_pose":"FreeFall","_animationQueue":[],"_animationSpeed":1,"_zoom":20.656},{"_mousePosition":[683,384],"_rootPartCFrame":[760.909,227.849,42.771,-0.839,0,0.544,0,1,0,-0.544,0,-0.839],"_humanoidState":5,"_cameraCFrame":[760.665,249.684,38.752,-0.925,-0.373,0.067,0,0.176,0.984,-0.379,0.911,-0.162],"_shiftlockState":true,"_pose":"FreeFall","_animationQueue":[],"_animationSpeed":1,"_zoom":20.656},{"_mousePosition":[683,384],"_rootPartCFrame":[760.669,228.276,42.655,-0.867,0,0.499,0,1,0,-0.499,0,-0.867],"_humanoidState":5,"_cameraCFrame":[760.24,250.09,38.544,-0.945,-0.322,0.059,0,0.181,0.983,-0.327,0.929,-0.171],"_shiftlockState":true,"_pose":"FreeFall","_animationQueue":[],"_animationSpeed":1,"_zoom":20.656},{"_mousePosition":[683,384],"_rootPartCFrame":[760.423,228.648,42.552,-0.893,0,0.45,0,1,0,-0.45,0,-0.893],"_humanoidState":5,"_cameraCFrame":[759.788,250.432,38.322,-0.963,-0.264,0.051,0,0.189,0.982,-0.269,0.946,-0.182],"_shiftlockState":true,"_pose":"FreeFall","_animationQueue":[],"_animationSpeed":1,"_zoom":20.656},{"_mousePosition":[683,384],"_rootPartCFrame":[760.109,229.037,42.441,-0.905,0,0.425,0,1,0,-0.425,0,-0.905],"_humanoidState":5,"_cameraCFrame":[759.219,250.79,38.109,-0.979,-0.199,0.04,0,0.197,0.98,-0.203,0.96,-0.193],"_shiftlockState":true,"_pose":"FreeFall","_animationQueue":[],"_animationSpeed":1,"_zoom":20.656},{"_mousePosition":[683,384],"_rootPartCFrame":[759.917,229.23,42.385,-0.954,0,0.299,0,1,0,-0.299,0,-0.954],"_humanoidState":5,"_cameraCFrame":[758.607,250.934,37.933,-0.995,-0.098,0.021,0,0.208,0.978,-0.1,0.973,-0.207],"_shiftlockState":true,"_pose":"FreeFall","_animationQueue":[],"_animationSpeed":1,"_zoom":20.656},{"_mousePosition":[683,384],"_rootPartCFrame":[759.656,229.439,42.327,-0.973,0,0.232,0,1,0,-0.232,0,-0.973],"_humanoidState":5,"_cameraCFrame":[758.062,251.108,37.814,-0.999,-0.034,0.007,0,0.216,0.976,-0.035,0.976,-0.216],"_shiftlockState":true,"_pose":"FreeFall","_animationQueue":[],"_animationSpeed":1,"_zoom":20.656},{"_mousePosition":[683,384],"_rootPartCFrame":[759.392,229.593,42.293,-0.986,0,0.167,0,1,0,-0.167,0,-0.986],"_humanoidState":5,"_cameraCFrame":[757.501,251.236,37.777,-1,0.03,-0.007,0,0.221,0.975,0.031,0.975,-0.221],"_shiftlockState":true,"_pose":"FreeFall","_animationQueue":[],"_animationSpeed":1,"_zoom":20.656},{"_mousePosition":[683,384],"_rootPartCFrame":[759.126,229.693,42.28,-0.995,0,0.102,0,1,0,-0.102,0,-0.995],"_humanoidState":5,"_cameraCFrame":[756.903,251.3,37.753,-0.995,0.099,-0.023,0,0.229,0.973,0.102,0.968,-0.228],"_shiftlockState":true,"_pose":"FreeFall","_animationQueue":[],"_animationSpeed":1,"_zoom":20.656},{"_mousePosition":[683,384],"_rootPartCFrame":[758.859,229.738,42.285,-1,0,0.031,0,1,0,-0.031,0,-1],"_humanoidState":5,"_cameraCFrame":[756.295,251.308,37.773,-0.985,0.167,-0.041,0,0.237,0.972,0.172,0.957,-0.233],"_shiftlockState":true,"_pose":"FreeFall","_animationQueue":[],"_animationSpeed":1,"_zoom":20.656},{"_mousePosition":[683,384],"_rootPartCFrame":[758.594,229.729,42.309,-0.999,0,-0.04,0,1,0,0.04,0,-0.999],"_humanoidState":5,"_cameraCFrame":[755.724,251.26,37.808,-0.973,0.224,-0.057,0,0.244,0.97,0.231,0.943,-0.238],"_shiftlockState":true,"_pose":"FreeFall","_animationQueue":[["fall",0.3]],"_animationSpeed":1,"_zoom":20.656},{"_mousePosition":[683,384],"_rootPartCFrame":[758.331,229.666,42.351,-0.995,0,-0.1,0,1,0,0.1,0,-0.995],"_humanoidState":5,"_cameraCFrame":[755.226,251.187,37.964,-0.96,0.272,-0.069,0,0.246,0.969,0.28,0.93,-0.236],"_shiftlockState":true,"_pose":"FreeFall","_animationQueue":[],"_animationSpeed":1,"_zoom":20.656},{"_mousePosition":[683,384],"_rootPartCFrame":[758.071,229.548,42.41,-0.989,0,-0.15,0,1,0,0.15,0,-0.989],"_humanoidState":5,"_cameraCFrame":[754.78,251.069,38.161,-0.947,0.312,-0.079,0,0.246,0.969,0.321,0.918,-0.233],"_shiftlockState":true,"_pose":"FreeFall","_animationQueue":[],"_animationSpeed":1,"_zoom":20.656},{"_mousePosition":[683,384],"_rootPartCFrame":[757.814,229.375,42.483,-0.981,0,-0.193,0,1,0,0.193,0,-0.981],"_humanoidState":5,"_cameraCFrame":[754.333,250.896,38.388,-0.931,0.353,-0.09,0,0.246,0.969,0.364,0.903,-0.229],"_shiftlockState":true,"_pose":"FreeFall","_animationQueue":[],"_animationSpeed":1,"_zoom":20.656},{"_mousePosition":[683,384],"_rootPartCFrame":[757.561,229.148,42.567,-0.971,0,-0.237,0,1,0,0.237,0,-0.971],"_humanoidState":5,"_cameraCFrame":[753.888,250.669,38.644,-0.913,0.396,-0.101,0,0.246,0.969,0.409,0.885,-0.225],"_shiftlockState":true,"_pose":"FreeFall","_animationQueue":[],"_animationSpeed":1,"_zoom":20.656},{"_mousePosition":[683,384],"_rootPartCFrame":[757.312,228.866,42.663,-0.959,0,-0.284,0,1,0,0.284,0,-0.959],"_humanoidState":5,"_cameraCFrame":[753.435,250.387,38.94,-0.89,0.442,-0.112,0,0.246,0.969,0.456,0.862,-0.219],"_shiftlockState":true,"_pose":"FreeFall","_animationQueue":[],"_animationSpeed":1,"_zoom":20.656},{"_mousePosition":[683,384],"_rootPartCFrame":[757.068,228.53,42.77,-0.942,0,-0.334,0,1,0,0.334,0,-0.942],"_humanoidState":5,"_cameraCFrame":[752.972,250.051,39.289,-0.86,0.494,-0.125,0,0.246,0.969,0.51,0.834,-0.212],"_shiftlockState":true,"_pose":"FreeFall","_animationQueue":[],"_animationSpeed":1,"_zoom":20.656},{"_mousePosition":[683,384],"_rootPartCFrame":[756.83,228.14,42.89,-0.92,0,-0.391,0,1,0,0.391,0,-0.92],"_humanoidState":5,"_cameraCFrame":[752.547,249.661,39.642,-0.831,0.54,-0.137,0,0.246,0.969,0.557,0.805,-0.204],"_shiftlockState":true,"_pose":"FreeFall","_animationQueue":[["fall",0.3]],"_animationSpeed":1,"_zoom":20.656},{"_mousePosition":[683,384],"_rootPartCFrame":[756.599,227.694,43.023,-0.897,0,-0.441,0,1,0,0.441,0,-0.897],"_humanoidState":5,"_cameraCFrame":[752.09,249.215,40.099,-0.788,0.597,-0.152,0,0.246,0.969,0.616,0.763,-0.194],"_shiftlockState":true,"_pose":"FreeFall","_animationQueue":[],"_animationSpeed":1,"_zoom":20.656},{"_mousePosition":[683,384],"_rootPartCFrame":[756.321,227.061,43.207,-0.879,0,-0.477,0,1,0,0.477,0,-0.879],"_humanoidState":5,"_cameraCFrame":[751.704,248.582,40.456,-0.764,0.626,-0.159,0,0.246,0.969,0.646,0.74,-0.188],"_shiftlockState":true,"_pose":"FreeFall","_animationQueue":[],"_animationSpeed":1,"_zoom":20.656},{"_mousePosition":[683,384],"_rootPartCFrame":[756.161,226.641,43.327,-0.824,0,-0.566,0,1,0,0.566,0,-0.824],"_humanoidState":5,"_cameraCFrame":[751.476,248.162,40.694,-0.747,0.644,-0.164,0,0.246,0.969,0.665,0.724,-0.184],"_shiftlockState":true,"_pose":"FreeFall","_animationQueue":[],"_animationSpeed":1,"_zoom":20.656},{"_mousePosition":[683,384],"_rootPartCFrame":[755.957,226.032,43.498,-0.829,0,-0.56,0,1,0,0.56,0,-0.829],"_humanoidState":5,"_cameraCFrame":[751.251,247.553,40.9,-0.742,0.65,-0.165,0,0.246,0.969,0.67,0.719,-0.183],"_shiftlockState":true,"_pose":"FreeFall","_animationQueue":[],"_animationSpeed":1,"_zoom":20.656},{"_mousePosition":[683,384],"_rootPartCFrame":[755.707,225.195,43.719,-0.843,0,-0.538,0,1,0,0.538,0,-0.843],"_humanoidState":5,"_cameraCFrame":[751.002,246.716,41.121,-0.742,0.65,-0.165,0,0.246,0.969,0.67,0.719,-0.183],"_shiftlockState":true,"_pose":"FreeFall","_animationQueue":[],"_animationSpeed":1,"_zoom":20.656},{"_mousePosition":[683,384],"_rootPartCFrame":[755.558,224.651,43.853,-0.805,0,-0.593,0,1,0,0.593,0,-0.805],"_humanoidState":5,"_cameraCFrame":[750.86,246.172,41.243,-0.744,0.648,-0.164,0,0.246,0.969,0.668,0.721,-0.183],"_shiftlockState":true,"_pose":"FreeFall","_animationQueue":[["fall",0.3]],"_animationSpeed":1,"_zoom":20.656},{"_mousePosition":[683,384],"_rootPartCFrame":[755.36,223.879,44.031,-0.826,0,-0.564,0,1,0,0.564,0,-0.826],"_humanoidState":5,"_cameraCFrame":[750.729,245.4,41.304,-0.76,0.629,-0.16,0,0.246,0.969,0.649,0.737,-0.187],"_shiftlockState":true,"_pose":"FreeFall","_animationQueue":[],"_animationSpeed":1,"_zoom":20.656},{"_mousePosition":[683,384],"_rootPartCFrame":[755.162,223.053,44.21,-0.84,0,-0.543,0,1,0,0.543,0,-0.84],"_humanoidState":5,"_cameraCFrame":[750.705,244.574,41.206,-0.798,0.584,-0.148,0,0.246,0.969,0.602,0.774,-0.196],"_shiftlockState":true,"_pose":"FreeFall","_animationQueue":[],"_animationSpeed":1,"_zoom":20.656},{"_mousePosition":[683,384],"_rootPartCFrame":[754.96,222.285,44.384,-0.823,0,-0.569,0,1,0,0.569,0,-0.823],"_humanoidState":7,"_cameraCFrame":[750.89,243.835,41.045,-0.855,0.503,-0.125,0,0.24,0.971,0.518,0.83,-0.206],"_shiftlockState":true,"_pose":"FreeFall","_animationQueue":[["walk",0.1],["fall",0.3],["fall",0.3]],"_animationSpeed":1,"_zoom":20.656},{"_mousePosition":[683,384],"_rootPartCFrame":[754.749,222.263,44.546,-0.858,0,-0.514,0,1,0,0.514,0,-0.858],"_humanoidState":7,"_cameraCFrame":[751.246,243.87,40.917,-0.916,0.391,-0.092,0,0.229,0.973,0.402,0.891,-0.21],"_shiftlockState":true,"_pose":"FreeFall","_animationQueue":[],"_animationSpeed":1,"_zoom":20.656},{"_mousePosition":[683,384],"_rootPartCFrame":[754.465,222.397,44.722,-0.919,0,-0.393,0,1,0,0.393,0,-0.919],"_humanoidState":8,"_cameraCFrame":[751.604,244.075,40.93,-0.964,0.26,-0.057,0,0.214,0.977,0.266,0.942,-0.206],"_shiftlockState":true,"_pose":"Running","_animationQueue":[["walk",0.1],["fall",0.3],["walk",0.1]],"_animationSpeed":1.103,"_zoom":20.656},{"_mousePosition":[683,384],"_rootPartCFrame":[754.224,222.466,44.833,-0.966,0,-0.257,0,1,0,0.257,0,-0.966],"_humanoidState":8,"_cameraCFrame":[751.942,244.203,40.96,-0.991,0.129,-0.026,0,0.2,0.98,0.132,0.971,-0.199],"_shiftlockState":true,"_pose":"Running","_animationQueue":[],"_animationSpeed":1.103,"_zoom":20.656},{"_mousePosition":[683,384],"_rootPartCFrame":[753.968,222.504,44.91,-0.992,0,-0.123,0,1,0,0.123,0,-0.992],"_humanoidState":8,"_cameraCFrame":[752.286,244.272,40.898,-1,-0.017,0.003,0,0.193,0.981,-0.017,0.981,-0.193],"_shiftlockState":true,"_pose":"Running","_animationQueue":[["walk",0.1]],"_animationSpeed":1.103,"_zoom":20.656},{"_mousePosition":[683,384],"_rootPartCFrame":[753.647,223.574,44.999,-1,0,0.028,0,1,0,-0.028,0,-1],"_humanoidState":3,"_cameraCFrame":[752.185,245.358,40.979,-0.997,-0.071,0.014,0,0.189,0.982,-0.073,0.979,-0.188],"_shiftlockState":true,"_pose":"Jumping","_animationQueue":[["walk",0.1],["jump",0.1]],"_animationSpeed":1,"_zoom":20.656},{"_mousePosition":[683,384],"_rootPartCFrame":[753.453,224.175,45.038,-0.991,0,0.137,0,1,0,-0.137,0,-0.991],"_humanoidState":5,"_cameraCFrame":[752.095,245.974,41.057,-0.995,-0.099,0.019,0,0.185,0.983,-0.1,0.978,-0.184],"_shiftlockState":true,"_pose":"FreeFall","_animationQueue":[["jump",0.1]],"_animationSpeed":1,"_zoom":20.656},{"_mousePosition":[683,384],"_rootPartCFrame":[753.19,224.929,45.055,-0.975,0,0.224,0,1,0,-0.224,0,-0.975],"_humanoidState":5,"_cameraCFrame":[751.893,246.728,41.055,-0.993,-0.113,0.021,0,0.185,0.983,-0.115,0.976,-0.184],"_shiftlockState":true,"_pose":"FreeFall","_animationQueue":[],"_animationSpeed":1,"_zoom":20.656},{"_mousePosition":[683,384],"_rootPartCFrame":[752.925,225.629,45.037,-0.969,0,0.245,0,1,0,-0.245,0,-0.969],"_humanoidState":5,"_cameraCFrame":[751.664,247.435,41.063,-0.992,-0.123,0.023,0,0.183,0.983,-0.125,0.975,-0.182],"_shiftlockState":true,"_pose":"FreeFall","_animationQueue":[],"_animationSpeed":1,"_zoom":20.656},{"_mousePosition":[683,384],"_rootPartCFrame":[752.66,226.273,45.007,-0.967,0,0.256,0,1,0,-0.256,0,-0.967],"_humanoidState":5,"_cameraCFrame":[751.434,248.087,41.059,-0.991,-0.133,0.025,0,0.181,0.983,-0.135,0.974,-0.18],"_shiftlockState":true,"_pose":"FreeFall","_animationQueue":[],"_animationSpeed":1,"_zoom":20.656},{"_mousePosition":[683,384],"_rootPartCFrame":[752.396,226.864,44.974,-0.964,0,0.266,0,1,0,-0.266,0,-0.964],"_humanoidState":5,"_cameraCFrame":[751.203,248.685,41.053,-0.989,-0.143,0.026,0,0.179,0.984,-0.145,0.973,-0.177],"_shiftlockState":true,"_pose":"FreeFall","_animationQueue":[],"_animationSpeed":1,"_zoom":20.656},{"_mousePosition":[683,384],"_rootPartCFrame":[752.131,227.4,44.938,-0.961,0,0.276,0,1,0,-0.276,0,-0.961],"_humanoidState":5,"_cameraCFrame":[750.953,249.228,41.051,-0.989,-0.148,0.027,0,0.177,0.984,-0.15,0.973,-0.175],"_shiftlockState":true,"_pose":"FreeFall","_animationQueue":[],"_animationSpeed":1,"_zoom":20.656},{"_mousePosition":[683,384],"_rootPartCFrame":[751.867,227.881,44.9,-0.96,0,0.281,0,1,0,-0.281,0,-0.96],"_humanoidState":5,"_cameraCFrame":[750.693,249.716,41.048,-0.988,-0.151,0.027,0,0.176,0.984,-0.153,0.973,-0.174],"_shiftlockState":true,"_pose":"FreeFall","_animationQueue":[],"_animationSpeed":1,"_zoom":20.656},{"_mousePosition":[683,384],"_rootPartCFrame":[751.604,228.308,44.86,-0.959,0,0.283,0,1,0,-0.283,0,-0.959],"_humanoidState":5,"_cameraCFrame":[750.429,250.143,41.008,-0.988,-0.151,0.027,0,0.176,0.984,-0.153,0.973,-0.174],"_shiftlockState":true,"_pose":"FreeFall","_animationQueue":[],"_animationSpeed":1,"_zoom":20.656},{"_mousePosition":[683,384],"_rootPartCFrame":[751.34,228.68,44.819,-0.959,0,0.283,0,1,0,-0.283,0,-0.959],"_humanoidState":5,"_cameraCFrame":[750.166,250.516,40.968,-0.988,-0.151,0.027,0,0.176,0.984,-0.153,0.973,-0.174],"_shiftlockState":true,"_pose":"FreeFall","_animationQueue":[],"_animationSpeed":1,"_zoom":20.656},{"_mousePosition":[683,384],"_rootPartCFrame":[751.077,228.998,44.779,-0.959,0,0.283,0,1,0,-0.283,0,-0.959],"_humanoidState":5,"_cameraCFrame":[751.626,250.841,41.234,-0.988,-0.151,0.027,0,0.174,0.985,-0.153,0.973,-0.172],"_shiftlockState":false,"_pose":"FreeFall","_animationQueue":[],"_animationSpeed":1,"_zoom":20.656},{"_mousePosition":[683,384],"_rootPartCFrame":[750.747,229.319,44.728,-0.899,0,0.438,0,1,0,-0.438,0,-0.899],"_humanoidState":5,"_cameraCFrame":[751.296,251.161,41.183,-0.988,-0.151,0.027,0,0.174,0.985,-0.153,0.973,-0.172],"_shiftlockState":false,"_pose":"FreeFall","_animationQueue":[],"_animationSpeed":1,"_zoom":20.656},{"_mousePosition":[683,384],"_rootPartCFrame":[750.55,229.471,44.697,-0.851,0,0.526,0,1,0,-0.526,0,-0.851],"_humanoidState":5,"_cameraCFrame":[751.072,251.313,41.148,-0.989,-0.143,0.025,0,0.174,0.985,-0.145,0.974,-0.172],"_shiftlockState":false,"_pose":"FreeFall","_animationQueue":[],"_animationSpeed":1,"_zoom":20.656},{"_mousePosition":[683,384],"_rootPartCFrame":[750.221,229.655,44.646,-0.752,0,0.659,0,1,0,-0.659,0,-0.752],"_humanoidState":5,"_cameraCFrame":[750.698,251.497,41.091,-0.991,-0.131,0.023,0,0.174,0.985,-0.133,0.976,-0.172],"_shiftlockState":false,"_pose":"FreeFall","_animationQueue":[],"_animationSpeed":1,"_zoom":20.656},{"_mousePosition":[683,384],"_rootPartCFrame":[750.023,229.725,44.617,-0.682,0,0.731,0,1,0,-0.731,0,-0.682],"_humanoidState":5,"_cameraCFrame":[750.428,251.567,41.053,-0.994,-0.111,0.02,0,0.174,0.985,-0.113,0.979,-0.173],"_shiftlockState":false,"_pose":"FreeFall","_animationQueue":[],"_animationSpeed":1,"_zoom":20.656},{"_mousePosition":[683,384],"_rootPartCFrame":[749.759,229.77,44.581,-0.588,0,0.809,0,1,0,-0.809,0,-0.588],"_humanoidState":5,"_cameraCFrame":[750.082,251.613,41.008,-0.996,-0.089,0.016,0,0.174,0.985,-0.09,0.981,-0.173],"_shiftlockState":false,"_pose":"FreeFall","_animationQueue":[],"_animationSpeed":1,"_zoom":20.656},{"_mousePosition":[683,384],"_rootPartCFrame":[749.494,229.761,44.55,-0.5,0,0.866,0,1,0,-0.866,0,-0.5],"_humanoidState":5,"_cameraCFrame":[749.736,251.603,40.971,-0.998,-0.066,0.012,0,0.174,0.985,-0.067,0.983,-0.173],"_shiftlockState":false,"_pose":"FreeFall","_animationQueue":[],"_animationSpeed":1,"_zoom":20.656},{"_mousePosition":[683,384],"_rootPartCFrame":[749.228,229.698,44.525,-0.422,0,0.907,0,1,0,-0.907,0,-0.422],"_humanoidState":5,"_cameraCFrame":[749.38,251.54,40.941,-0.999,-0.042,0.007,0,0.174,0.985,-0.042,0.984,-0.173],"_shiftlockState":false,"_pose":"FreeFall","_animationQueue":[],"_animationSpeed":1,"_zoom":20.656},{"_mousePosition":[683,384],"_rootPartCFrame":[748.962,229.579,44.506,-0.355,0,0.935,0,1,0,-0.935,0,-0.355],"_humanoidState":5,"_cameraCFrame":[749.032,251.422,40.92,-1,-0.019,0.003,0,0.174,0.985,-0.019,0.985,-0.174],"_shiftlockState":false,"_pose":"FreeFall","_animationQueue":[["fall",0.3]],"_animationSpeed":1,"_zoom":20.656},{"_mousePosition":[683,384],"_rootPartCFrame":[748.696,229.407,44.494,-0.3,0,0.954,0,1,0,-0.954,0,-0.3],"_humanoidState":5,"_cameraCFrame":[748.702,251.249,40.907,-1,-0.002,0,0,0.174,0.985,-0.002,0.985,-0.174],"_shiftlockState":false,"_pose":"FreeFall","_animationQueue":[],"_animationSpeed":1,"_zoom":20.656},{"_mousePosition":[683,384],"_rootPartCFrame":[748.429,229.18,44.487,-0.255,0,0.967,0,1,0,-0.967,0,-0.255],"_humanoidState":5,"_cameraCFrame":[748.372,251.022,40.901,-1,0.016,-0.003,0,0.174,0.985,0.016,0.985,-0.174],"_shiftlockState":false,"_pose":"FreeFall","_animationQueue":[],"_animationSpeed":1,"_zoom":20.656},{"_mousePosition":[683,384],"_rootPartCFrame":[748.163,228.898,44.486,-0.218,0,0.976,0,1,0,-0.976,0,-0.218],"_humanoidState":5,"_cameraCFrame":[748.069,250.74,40.901,-1,0.026,-0.005,0,0.174,0.985,0.026,0.984,-0.174],"_shiftlockState":false,"_pose":"FreeFall","_animationQueue":[],"_animationSpeed":1,"_zoom":20.656},{"_mousePosition":[683,384],"_rootPartCFrame":[747.896,228.562,44.49,-0.189,0,0.982,0,1,0,-0.982,0,-0.189],"_humanoidState":5,"_cameraCFrame":[747.803,250.404,40.904,-1,0.026,-0.005,0,0.174,0.985,0.026,0.984,-0.174],"_shiftlockState":false,"_pose":"FreeFall","_animationQueue":[],"_animationSpeed":1,"_zoom":20.656},{"_mousePosition":[683,384],"_rootPartCFrame":[747.63,228.171,44.496,-0.165,0,0.986,0,1,0,-0.986,0,-0.165],"_humanoidState":5,"_cameraCFrame":[747.536,250.014,40.911,-1,0.026,-0.005,0,0.174,0.985,0.026,0.984,-0.174],"_shiftlockState":false,"_pose":"FreeFall","_animationQueue":[],"_animationSpeed":1,"_zoom":20.656},{"_mousePosition":[683,384],"_rootPartCFrame":[747.363,227.726,44.503,-0.146,0,0.989,0,1,0,-0.989,0,-0.146],"_humanoidState":5,"_cameraCFrame":[747.269,249.569,40.918,-1,0.026,-0.005,0,0.174,0.985,0.026,0.984,-0.174],"_shiftlockState":false,"_pose":"FreeFall","_animationQueue":[],"_animationSpeed":1,"_zoom":20.656},{"_mousePosition":[683,384],"_rootPartCFrame":[747.096,227.227,44.51,-0.129,0,0.992,0,1,0,-0.992,0,-0.129],"_humanoidState":5,"_cameraCFrame":[747.03,249.069,40.924,-1,0.018,-0.003,0,0.174,0.985,0.018,0.985,-0.174],"_shiftlockState":false,"_pose":"FreeFall","_animationQueue":[["fall",0.3]],"_animationSpeed":1,"_zoom":20.656},{"_mousePosition":[683,384],"_rootPartCFrame":[746.83,226.673,44.517,-0.115,0,0.993,0,1,0,-0.993,0,-0.115],"_humanoidState":5,"_cameraCFrame":[746.809,248.515,40.93,-1,0.006,-0.001,0,0.174,0.985,0.006,0.985,-0.174],"_shiftlockState":false,"_pose":"FreeFall","_animationQueue":[],"_animationSpeed":1,"_zoom":20.656},{"_mousePosition":[683,384],"_rootPartCFrame":[746.496,225.903,44.524,-0.098,0,0.995,0,1,0,-0.995,0,-0.098],"_humanoidState":5,"_cameraCFrame":[746.53,247.746,40.937,-1,-0.009,0.002,0,0.174,0.985,-0.009,0.985,-0.174],"_shiftlockState":false,"_pose":"FreeFall","_animationQueue":[],"_animationSpeed":1,"_zoom":20.656},{"_mousePosition":[683,384],"_rootPartCFrame":[746.297,225.401,44.525,-0.089,0,0.996,0,1,0,-0.996,0,-0.089],"_humanoidState":5,"_cameraCFrame":[746.384,247.243,40.94,-1,-0.024,0.004,0,0.174,0.985,-0.025,0.985,-0.174],"_shiftlockState":false,"_pose":"FreeFall","_animationQueue":[],"_animationSpeed":1,"_zoom":20.656},{"_mousePosition":[683,384],"_rootPartCFrame":[746.03,224.683,44.523,-0.076,0,0.997,0,1,0,-0.997,0,-0.076],"_humanoidState":5,"_cameraCFrame":[746.154,246.526,40.939,-0.999,-0.034,0.006,0,0.174,0.985,-0.035,0.984,-0.174],"_shiftlockState":false,"_pose":"FreeFall","_animationQueue":[],"_animationSpeed":1,"_zoom":20.656},{"_mousePosition":[683,384],"_rootPartCFrame":[745.763,223.911,44.518,-0.063,0,0.998,0,1,0,-0.998,0,-0.063],"_humanoidState":5,"_cameraCFrame":[745.924,245.753,40.934,-0.999,-0.044,0.008,0,0.174,0.985,-0.045,0.984,-0.173],"_shiftlockState":false,"_pose":"FreeFall","_animationQueue":[],"_animationSpeed":1,"_zoom":20.656},{"_mousePosition":[683,384],"_rootPartCFrame":[745.497,223.085,44.509,-0.05,0,0.999,0,1,0,-0.999,0,-0.05],"_humanoidState":5,"_cameraCFrame":[745.684,244.927,40.927,-0.999,-0.052,0.009,0,0.174,0.985,-0.052,0.983,-0.173],"_shiftlockState":false,"_pose":"FreeFall","_animationQueue":[["fall",0.3]],"_animationSpeed":1,"_zoom":20.656},{"_mousePosition":[683,384],"_rootPartCFrame":[745.164,222.265,44.494,-0.034,0,0.999,0,1,0,-0.999,0,-0.034],"_humanoidState":7,"_cameraCFrame":[745.388,244.108,40.914,-0.998,-0.06