[{"_mousePosition":[639,401],"_rootPartCFrame":[776.035,222.7,47.142,-0.002,0,1,0,1,0,-1,0,-0.002],"_humanoidState":8,"_cameraCFrame":[776.615,244.377,42.759,-0.991,-0.128,0.028,0,0.214,0.977,-0.131,0.968,-0.212],"_shiftlockState":false,"_pose":"Standing","_animationQueue":[],"_animationSpeed":1,"_zoom":20.656},{"_mousePosition":[639,401],"_rootPartCFrame":[775.791,222.7,47.11,0.017,0,1,0,1,0,-1,0,0.017],"_humanoidState":8,"_cameraCFrame":[776.36,244.394,42.805,-0.991,-0.128,0.028,0,0.21,0.978,-0.131,0.969,-0.208],"_shiftlockState":false,"_pose":"Standing","_animationQueue":[],"_animationSpeed":1,"_zoom":20.656},{"_mousePosition":[639,401],"_rootPartCFrame":[775.527,222.7,47.075,0.032,0,0.999,0,1,0,-0.999,0,0.032],"_humanoidState":8,"_cameraCFrame":[776.102,244.419,42.89,-0.991,-0.133,0.028,0,0.205,0.979,-0.136,0.97,-0.203],"_shiftlockState":false,"_pose":"Running","_animationQueue":[["walk",0.1]],"_animationSpeed":1.066,"_zoom":20.656},{"_mousePosition":[639,401],"_rootPartCFrame":[775.263,222.7,47.04,0.046,0,0.999,0,1,0,-0.999,0,0.046],"_humanoidState":8,"_cameraCFrame":[775.847,244.451,43.016,-0.99,-0.141,0.028,0,0.197,0.98,-0.144,0.97,-0.195],"_shiftlockState":false,"_pose":"Running","_animationQueue":[["walk",0.1]],"_animationSpeed":1.066,"_zoom":20.656},{"_mousePosition":[639,401],"_rootPartCFrame":[774.998,222.7,47.004,0.058,0,0.998,0,1,0,-0.998,0,0.058],"_humanoidState":8,"_cameraCFrame":[775.618,244.482,43.145,-0.987,-0.156,0.03,0,0.189,0.982,-0.159,0.969,-0.187],"_shiftlockState":false,"_pose":"Running","_animationQueue":[],"_animationSpeed":1.066,"_zoom":20.656},{"_mousePosition":[639,401],"_rootPartCFrame":[774.734,222.7,46.966,0.069,0,0.998,0,1,0,-0.998,0,0.069],"_humanoidState":8,"_cameraCFrame":[775.386,244.512,43.272,-0.985,-0.171,0.032,0,0.182,0.983,-0.174,0.968,-0.179],"_shiftlockState":false,"_pose":"Running","_animationQueue":[],"_animationSpeed":1.066,"_zoom":20.656},{"_mousePosition":[639,401],"_rootPartCFrame":[774.471,222.7,46.924,0.081,0,0.997,0,1,0,-0.997,0,0.081],"_humanoidState":8,"_cameraCFrame":[775.156,244.542,43.403,-0.982,-0.188,0.033,0,0.174,0.985,-0.191,0.967,-0.17],"_shiftlockState":false,"_pose":"Running","_animationQueue":[],"_animationSpeed":1.066,"_zoom":20.656},{"_mousePosition":[639,401],"_rootPartCFrame":[774.208,222.7,46.878,0.094,0,0.996,0,1,0,-0.996,0,0.094],"_humanoidState":8,"_cameraCFrame":[774.947,244.542,43.368,-0.979,-0.203,0.036,0,0.174,0.985,-0.206,0.964,-0.17],"_shiftlockState":false,"_pose":"Running","_animationQueue":[],"_animationSpeed":1.066,"_zoom":20.656},{"_mousePosition":[639,401],"_rootPartCFrame":[773.947,222.7,46.827,0.107,0,0.994,0,1,0,-0.994,0,0.107],"_humanoidState":8,"_cameraCFrame":[774.73,244.542,43.327,-0.976,-0.215,0.038,0,0.174,0.985,-0.218,0.961,-0.169],"_shiftlockState":false,"_pose":"Running","_animationQueue":[],"_animationSpeed":1.066,"_zoom":20.656},{"_mousePosition":[639,401],"_rootPartCFrame":[773.686,222.7,46.773,0.12,0,0.993,0,1,0,-0.993,0,0.12],"_humanoidState":8,"_cameraCFrame":[774.504,244.542,43.28,-0.974,-0.225,0.04,0,0.174,0.985,-0.228,0.959,-0.169],"_shiftlockState":false,"_pose":"Running","_animationQueue":[["walk",0.1]],"_animationSpeed":1.066,"_zoom":20.656},{"_mousePosition":[639,401],"_rootPartCFrame":[773.425,222.7,46.715,0.133,0,0.991,0,1,0,-0.991,0,0.133],"_humanoidState":8,"_cameraCFrame":[774.27,244.542,43.229,-0.972,-0.232,0.041,0,0.174,0.985,-0.236,0.957,-0.169],"_shiftlockState":false,"_pose":"Running","_animationQueue":[],"_animationSpeed":1.066,"_zoom":20.656},{"_mousePosition":[639,401],"_rootPartCFrame":[773.166,222.7,46.654,0.146,0,0.989,0,1,0,-0.989,0,0.146],"_humanoidState":8,"_cameraCFrame":[774.019,244.542,43.17,-0.971,-0.234,0.041,0,0.174,0.985,-0.238,0.957,-0.169],"_shiftlockState":false,"_pose":"Running","_animationQueue":[],"_animationSpeed":1.066,"_zoom":20.656},{"_mousePosition":[639,401],"_rootPartCFrame":[772.906,222.7,46.592,0.158,0,0.987,0,1,0,-0.987,0,0.158],"_humanoidState":8,"_cameraCFrame":[773.76,244.542,43.108,-0.971,-0.234,0.041,0,0.174,0.985,-0.238,0.957,-0.169],"_shiftlockState":false,"_pose":"Running","_animationQueue":[],"_animationSpeed":1.066,"_zoom":20.656},{"_mousePosition":[639,401],"_rootPartCFrame":[772.647,222.7,46.528,0.169,0,0.986,0,1,0,-0.986,0,0.169],"_humanoidState":8,"_cameraCFrame":[773.501,244.542,43.044,-0.971,-0.234,0.041,0,0.174,0.985,-0.238,0.957,-0.169],"_shiftlockState":false,"_pose":"Running","_animationQueue":[],"_animationSpeed":1.066,"_zoom":20.656},{"_mousePosition":[639,401],"_rootPartCFrame":[772.388,222.7,46.465,0.178,0,0.984,0,1,0,-0.984,0,0.178],"_humanoidState":8,"_cameraCFrame":[773.242,244.542,42.981,-0.971,-0.234,0.041,0,0.174,0.985,-0.238,0.957,-0.169],"_shiftlockState":false,"_pose":"Running","_animationQueue":[],"_animationSpeed":1.066,"_zoom":20.656},{"_mousePosition":[639,401],"_rootPartCFrame":[772.129,222.7,46.401,0.186,0,0.982,0,1,0,-0.982,0,0.186],"_humanoidState":8,"_cameraCFrame":[772.983,244.542,42.917,-0.971,-0.234,0.041,0,0.174,0.985,-0.238,0.957,-0.169],"_shiftlockState":false,"_pose":"Running","_animationQueue":[["walk",0.1]],"_animationSpeed":1.066,"_zoom":20.656},{"_mousePosition":[639,401],"_rootPartCFrame":[771.87,222.7,46.338,0.193,0,0.981,0,1,0,-0.981,0,0.193],"_humanoidState":8,"_cameraCFrame":[772.724,244.542,42.854,-0.971,-0.234,0.041,0,0.174,0.985,-0.238,0.957,-0.169],"_shiftlockState":false,"_pose":"Running","_animationQueue":[],"_animationSpeed":1.066,"_zoom":20.656},{"_mousePosition":[639,401],"_rootPartCFrame":[771.611,222.7,46.274,0.199,0,0.98,0,1,0,-0.98,0,0.199],"_humanoidState":8,"_cameraCFrame":[772.447,244.542,42.786,-0.972,-0.23,0.04,0,0.174,0.985,-0.233,0.958,-0.169],"_shiftlockState":false,"_pose":"Running","_animationQueue":[],"_animationSpeed":1.066,"_zoom":20.656},{"_mousePosition":[639,401],"_rootPartCFrame":[771.352,222.7,46.211,0.205,0,0.979,0,1,0,-0.979,0,0.205],"_humanoidState":8,"_cameraCFrame":[772.171,244.542,42.719,-0.974,-0.225,0.04,0,0.174,0.985,-0.228,0.959,-0.169],"_shiftlockState":false,"_pose":"Running","_animationQueue":[],"_animationSpeed":1.066,"_zoom":20.656},{"_mousePosition":[639,401],"_rootPartCFrame":[771.093,222.7,46.149,0.209,0,0.978,0,1,0,-0.978,0,0.209],"_humanoidState":8,"_cameraCFrame":[771.885,244.542,42.65,-0.975,-0.217,0.038,0,0.174,0.985,-0.221,0.961,-0.169],"_shiftlockState":false,"_pose":"Running","_animationQueue":[],"_animationSpeed":1.066,"_zoom":20.656},{"_mousePosition":[639,401],"_rootPartCFrame":[770.833,222.7,46.088,0.211,0,0.977,0,1,0,-0.977,0,0.211],"_humanoidState":8,"_cameraCFrame":[771.59,244.542,42.581,-0.978,-0.208,0.037,0,0.174,0.985,-0.211,0.963,-0.17],"_shiftlockState":false,"_pose":"Running","_animationQueue":[],"_animationSpeed":1.066,"_zoom":20.656},{"_mousePosition":[639,401],"_rootPartCFrame":[770.573,222.7,46.029,0.213,0,0.977,0,1,0,-0.977,0,0.213],"_humanoidState":8,"_cameraCFrame":[771.25,244.542,42.506,-0.982,-0.186,0.033,0,0.174,0.985,-0.189,0.967,-0.171],"_shiftlockState":false,"_pose":"Running","_animationQueue":[],"_animationSpeed":1.066,"_zoom":20.656},{"_mousePosition":[639,401],"_rootPartCFrame":[770.313,222.7,45.972,0.213,0,0.977,0,1,0,-0.977,0,0.213],"_humanoidState":8,"_cameraCFrame":[770.917,244.542,42.437,-0.986,-0.166,0.029,0,0.174,0.985,-0.169,0.971,-0.171],"_shiftlockState":false,"_pose":"Running","_animationQueue":[["walk",0.1]],"_animationSpeed":1.066,"_zoom":20.656},{"_mousePosition":[639,401],"_rootPartCFrame":[770.052,222.666,45.916,0.212,0,0.977,0,1,0,-0.977,0,0.212],"_humanoidState":8,"_cameraCFrame":[770.567,244.508,42.366,-0.99,-0.141,0.025,0,0.174,0.985,-0.144,0.975,-0.172],"_shiftlockState":false,"_pose":"Running","_animationQueue":[],"_animationSpeed":1.066,"_zoom":20.656},{"_mousePosition":[639,401],"_rootPartCFrame":[769.791,222.577,45.86,0.212,0,0.977,0,1,0,-0.977,0,0.212],"_humanoidState":8,"_cameraCFrame":[768.498,244.419,42.084,-0.992,-0.122,0.021,0,0.174,0.985,-0.124,0.977,-0.172],"_shiftlockState":true,"_pose":"Running","_animationQueue":[],"_animationSpeed":1.066,"_zoom":20.656},{"_mousePosition":[683,384],"_rootPartCFrame":[769.53,222.434,45.804,-0.992,0,0.123,0,1,0,-0.123,0,-0.992],"_humanoidState":8,"_cameraCFrame":[768.237,244.276,42.028,-0.992,-0.122,0.021,0,0.174,0.985,-0.124,0.977,-0.172],"_shiftlockState":true,"_pose":"Running","_animationQueue":[],"_animationSpeed":1.066,"_zoom":20.656},{"_mousePosition":[683,384],"_rootPartCFrame":[769.27,222.236,45.747,-0.992,0,0.123,0,1,0,-0.123,0,-0.992],"_humanoidState":8,"_cameraCFrame":[767.957,244.079,41.978,-0.993,-0.117,0.021,0,0.174,0.985,-0.119,0.978,-0.172],"_shiftlockState":true,"_pose":"Running","_animationQueue":[],"_animationSpeed":1.066,"_zoom":20.656},{"_mousePosition":[683,384],"_rootPartCFrame":[769.009,223.11,45.691,-0.993,0,0.118,0,1,0,-0.118,0,-0.993],"_humanoidState":3,"_cameraCFrame":[767.687,244.952,41.925,-0.993,-0.114,0.02,0,0.174,0.985,-0.116,0.978,-0.172],"_shiftlockState":true,"_pose":"Jumping","_animationQueue":[["walk",0.1],["jump",0.1]],"_animationSpeed":1,"_zoom":20.656},{"_mousePosition":[683,384],"_rootPartCFrame":[768.745,223.932,45.654,-0.978,0,0.207,0,1,0,-0.207,0,-0.978],"_humanoidState":5,"_cameraCFrame":[767.414,245.774,41.891,-0.994,-0.112,0.02,0,0.174,0.985,-0.114,0.978,-0.173],"_shiftlockState":true,"_pose":"FreeFall","_animationQueue":[["jump",0.1]],"_animationSpeed":1,"_zoom":20.656},{"_mousePosition":[683,384],"_rootPartCFrame":[768.48,224.699,45.622,-0.971,0,0.24,0,1,0,-0.24,0,-0.971],"_humanoidState":5,"_cameraCFrame":[767.149,246.541,41.86,-0.994,-0.112,0.02,0,0.174,0.985,-0.114,0.978,-0.173],"_shiftlockState":true,"_pose":"FreeFall","_animationQueue":[],"_animationSpeed":1,"_zoom":20.656},{"_mousePosition":[683,384],"_rootPartCFrame":[768.215,225.412,45.592,-0.97,0,0.244,0,1,0,-0.244,0,-0.97],"_humanoidState":5,"_cameraCFrame":[766.884,247.254,41.83,-0.994,-0.112,0.02,0,0.174,0.985,-0.114,0.978,-0.173],"_shiftlockState":true,"_pose":"FreeFall","_animationQueue":[],"_animationSpeed":1,"_zoom":20.656},{"_mousePosition":[683,384],"_rootPartCFrame":[767.95,226.071,45.562,-0.97,0,0.244,0,1,0,-0.244,0,-0.97],"_humanoidState":5,"_cameraCFrame":[766.619,247.913,41.8,-0.994,-0.112,0.02,0,0.174,0.985,-0.114,0.978,-0.173],"_shiftlockState":true,"_pose":"FreeFall","_animationQueue":[],"_animationSpeed":1,"_zoom":20.656},{"_mousePosition":[683,384],"_rootPartCFrame":[767.686,226.675,45.532,-0.97,0,0.244,0,1,0,-0.244,0,-0.97],"_humanoidState":5,"_cameraCFrame":[766.354,248.517,41.769,-0.994,-0.112,0.02,0,0.174,0.985,-0.114,0.978,-0.173],"_shiftlockState":true,"_pose":"FreeFall","_animationQueue":[],"_animationSpeed":1,"_zoom":20.656},{"_mousePosition":[683,384],"_rootPartCFrame":[767.421,227.224,45.501,-0.97,0,0.245,0,1,0,-0.245,0,-0.97],"_humanoidState":5,"_cameraCFrame":[766.089,249.066,41.739,-0.994,-0.112,0.02,0,0.174,0.985,-0.114,0.978,-0.173],"_shiftlockState":true,"_pose":"FreeFall","_animationQueue":[],"_animationSpeed":1,"_zoom":20.656},{"_mousePosition":[683,384],"_rootPartCFrame":[767.156,227.719,45.471,-0.97,0,0.245,0,1,0,-0.245,0,-0.97],"_humanoidState":5,"_cameraCFrame":[765.824,249.561,41.709,-0.994,-0.112,0.02,0,0.174,0.985,-0.114,0.978,-0.173],"_shiftlockState":true,"_pose":"FreeFall","_animationQueue":[],"_animationSpeed":1,"_zoom":20.656},{"_mousePosition":[683,384],"_rootPartCFrame":[766.891,228.16,45.441,-0.97,0,0.245,0,1,0,-0.245,0,-0.97],"_humanoidState":5,"_cameraCFrame":[765.559,250.002,41.678,-0.994,-0.112,0.02,0,0.174,0.985,-0.114,0.978,-0.173],"_shiftlockState":true,"_pose":"FreeFall","_animationQueue":[],"_animationSpeed":1,"_zoom":20.656},{"_mousePosition":[683,384],"_rootPartCFrame":[766.626,228.546,45.41,-0.97,0,0.245,0,1,0,-0.245,0,-0.97],"_humanoidState":5,"_cameraCFrame":[765.294,250.388,41.648,-0.994,-0.112,0.02,0,0.174,0.985,-0.114,0.978,-0.173],"_shiftlockState":true,"_pose":"FreeFall","_animationQueue":[],"_animationSpeed":1,"_zoom":20.656},{"_mousePosition":[683,384],"_rootPartCFrame":[766.361,228.877,45.38,-0.97,0,0.245,0,1,0,-0.245,0,-0.97],"_humanoidState":5,"_cameraCFrame":[765.029,250.719,41.618,-0.994,-0.112,0.02,0,0.174,0.985,-0.114,0.978,-0.173],"_shiftlockState":true,"_pose":"FreeFall","_animationQueue":[],"_animationSpeed":1,"_zoom":20.656},{"_mousePosition":[683,384],"_rootPartCFrame":[766.096,229.154,45.35,-0.97,0,0.245,0,1,0,-0.245,0,-0.97],"_humanoidState":5,"_cameraCFrame":[764.765,250.996,41.588,-0.994,-0.112,0.02,0,0.174,0.985,-0.114,0.978,-0.173],"_shiftlockState":true,"_pose":"FreeFall","_animationQueue":[],"_animationSpeed":1,"_zoom":20.656},{"_mousePosition":[683,384],"_rootPartCFrame":[765.765,229.424,45.312,-0.961,0,0.277,0,1,0,-0.277,0,-0.961],"_humanoidState":5,"_cameraCFrame":[764.433,251.266,41.55,-0.994,-0.112,0.02,0,0.174,0.985,-0.114,0.978,-0.173],"_shiftlockState":true,"_pose":"FreeFall","_animationQueue":[],"_animationSpeed":1,"_zoom":20.656},{"_mousePosition":[683,384],"_rootPartCFrame":[765.5,229.578,45.282,-0.97,0,0.245,0,1,0,-0.245,0,-0.97],"_humanoidState":5,"_cameraCFrame":[764.169,251.42,41.519,-0.994,-0.112,0.02,0,0.174,0.985,-0.114,0.978,-0.173],"_shiftlockState":true,"_pose":"FreeFall","_animationQueue":[],"_animationSpeed":1,"_zoom":20.656},{"_mousePosition":[683,384],"_rootPartCFrame":[765.302,229.658,45.259,-0.977,0,0.212,0,1,0,-0.212,0,-0.977],"_humanoidState":5,"_cameraCFrame":[763.97,251.501,41.497,-0.994,-0.112,0.02,0,0.174,0.985,-0.114,0.978,-0.173],"_shiftlockState":true,"_pose":"FreeFall","_animationQueue":[],"_animationSpeed":1,"_zoom":20.656},{"_mousePosition":[683,384],"_rootPartCFrame":[765.037,229.717,45.229,-0.97,0,0.245,0,1,0,-0.245,0,-0.97],"_humanoidState":5,"_cameraCFrame":[763.705,251.56,41.467,-0.994,-0.112,0.02,0,0.174,0.985,-0.114,0.978,-0.173],"_shiftlockState":true,"_pose":"FreeFall","_animationQueue":[["fall",0.3]],"_animationSpeed":1,"_zoom":20.656},{"_mousePosition":[683,384],"_rootPartCFrame":[764.772,229.722,45.199,-0.97,0,0.245,0,1,0,-0.245,0,-0.97],"_humanoidState":5,"_cameraCFrame":[763.44,251.564,41.436,-0.994,-0.112,0.02,0,0.174,0.985,-0.114,0.978,-0.173],"_shiftlockState":true,"_pose":"FreeFall","_animationQueue":[],"_animationSpeed":1,"_zoom":20.656},{"_mousePosition":[683,384],"_rootPartCFrame":[764.507,229.672,45.168,-0.97,0,0.245,0,1,0,-0.245,0,-0.97],"_humanoidState":5,"_cameraCFrame":[763.175,251.514,41.406,-0.994,-0.112,0.02,0,0.174,0.985,-0.114,0.978,-0.173],"_shiftlockState":true,"_pose":"FreeFall","_animationQueue":[],"_animationSpeed":1,"_zoom":20.656},{"_mousePosition":[683,384],"_rootPartCFrame":[764.242,229.567,45.138,-0.97,0,0.245,0,1,0,-0.245,0,-0.97],"_humanoidState":5,"_cameraCFrame":[762.91,251.41,41.376,-0.994,-0.112,0.02,0,0.174,0.985,-0.114,0.978,-0.173],"_shiftlockState":true,"_pose":"FreeFall","_animationQueue":[],"_animationSpeed":1,"_zoom":20.656},{"_mousePosition":[683,384],"_rootPartCFrame":[763.977,229.408,45.108,-0.97,0,0.245,0,1,0,-0.245,0,-0.97],"_humanoidState":5,"_cameraCFrame":[762.655,251.251,41.342,-0.993,-0.114,0.02,0,0.174,0.985,-0.116,0.978,-0.172],"_shiftlockState":true,"_pose":"FreeFall","_animationQueue":[],"_animationSpeed":1,"_zoom":20.656},{"_mousePosition":[683,384],"_rootPartCFrame":[763.712,229.195,45.077,-0.969,0,0.247,0,1,0,-0.247,0,-0.969],"_humanoidState":5,"_cameraCFrame":[762.409,251.037,41.305,-0.993,-0.119,0.021,0,0.174,0.985,-0.121,0.978,-0.172],"_shiftlockState":true,"_pose":"FreeFall","_animationQueue":[],"_animationSpeed":1,"_zoom":20.656},{"_mousePosition":[683,384],"_rootPartCFrame":[763.447,228.927,45.047,-0.968,0,0.252,0,1,0,-0.252,0,-0.968],"_humanoidState":5,"_cameraCFrame":[762.163,250.769,41.268,-0.992,-0.124,0.022,0,0.174,0.985,-0.126,0.977,-0.172],"_shiftlockState":true,"_pose":"FreeFall","_animationQueue":[["fall",0.3]],"_animationSpeed":1,"_zoom":20.656},{"_mousePosition":[683,384],"_rootPartCFrame":[763.183,228.604,45.015,-0.966,0,0.257,0,1,0,-0.257,0,-0.966],"_humanoidState":5,"_cameraCFrame":[761.918,250.447,41.229,-0.991,-0.129,0.023,0,0.174,0.985,-0.131,0.976,-0.172],"_shiftlockState":true,"_pose":"FreeFall","_animationQueue":[],"_animationSpeed":1,"_zoom":20.656},{"_mousePosition":[683,384],"_rootPartCFrame":[762.918,228.228,44.981,-0.965,0,0.262,0,1,0,-0.262,0,-0.965],"_humanoidState":5,"_cameraCFrame":[761.692,250.07,41.183,-0.99,-0.139,0.025,0,0.174,0.985,-0.141,0.975,-0.172],"_shiftlockState":true,"_pose":"FreeFall","_animationQueue":[],"_animationSpeed":1,"_zoom":20.656},{"_mousePosition":[683,384],"_rootPartCFrame":[762.654,227.796,44.946,-0.962,0,0.271,0,1,0,-0.271,0,-0.962],"_humanoidState":5,"_cameraCFrame":[761.466,249.638,41.136,-0.989,-0.149,0.026,0,0.174,0.985,-0.151,0.973,-0.172],"_shiftlockState":true,"_pose":"FreeFall","_animationQueue":[],"_animationSpeed":1,"_zoom":20.656},{"_mousePosition":[683,384],"_rootPartCFrame":[762.39,227.31,44.909,-0.96,0,0.281,0,1,0,-0.281,0,-0.96],"_humanoidState":5,"_cameraCFrame":[761.269,249.152,41.079,-0.986,-0.166,0.029,0,0.174,0.985,-0.169,0.971,-0.171],"_shiftlockState":true,"_pose":"FreeFall","_animationQueue":[],"_animationSpeed":1,"_zoom":20.656},{"_mousePosition":[683,384],"_rootPartCFrame":[762.126,226.77,44.869,-0.955,0,0.298,0,1,0,-0.298,0,-0.955],"_humanoidState":5,"_cameraCFrame":[761.103,248.612,41.012,-0.981,-0.191,0.034,0,0.174,0.985,-0.194,0.966,-0.17],"_shiftlockState":true,"_pose":"FreeFall","_animationQueue":[],"_animationSpeed":1,"_zoom":20.656},{"_mousePosition":[683,384],"_rootPartCFrame":[761.863,226.175,44.825,-0.947,0,0.322,0,1,0,-0.322,0,-0.947],"_humanoidState":5,"_cameraCFrame":[760.938,248.017,40.943,-0.976,-0.215,0.038,0,0.174,0.985,-0.218,0.961,-0.169],"_shiftlockState":true,"_pose":"FreeFall","_animationQueue":[],"_animationSpeed":1,"_zoom":20.656},{"_mousePosition":[683,384],"_rootPartCFrame":[761.601,225.525,44.774,-0.938,0,0.346,0,1,0,-0.346,0,-0.938],"_humanoidState":5,"_cameraCFrame":[760.765,247.367,40.872,-0.971,-0.237,0.042,0,0.174,0.985,-0.24,0.956,-0.169],"_shiftlockState":true,"_pose":"FreeFall","_animationQueue":[["fall",0.3]],"_animationSpeed":1,"_zoom":20.656},{"_mousePosition":[683,384],"_rootPartCFrame":[761.341,224.821,44.717,-0.93,0,0.367,0,1,0,-0.367,0,-0.93],"_humanoidState":5,"_cameraCFrame":[760.564,246.663,40.802,-0.967,-0.251,0.044,0,0.174,0.985,-0.255,0.952,-0.168],"_shiftlockState":true,"_pose":"FreeFall","_animationQueue":[],"_animationSpeed":1,"_zoom":20.656},{"_mousePosition":[683,384],"_rootPartCFrame":[761.082,224.063,44.654,-0.924,0,0.381,0,1,0,-0.381,0,-0.924],"_humanoidState":5,"_cameraCFrame":[760.305,245.905,40.739,-0.967,-0.251,0.044,0,0.174,0.985,-0.255,0.952,-0.168],"_shiftlockState":true,"_pose":"FreeFall","_animationQueue":[],"_animationSpeed":1,"_zoom":20.656},{"_mousePosition":[683,384],"_rootPartCFrame":[760.824,223.25,44.586,-0.924,0,0.381,0,1,0,-0.381,0,-0.924],"_humanoidState":5,"_cameraCFrame":[760.047,245.092,40.672,-0.967,-0.251,0.044,0,0.174,0.985,-0.255,0.952,-0.168],"_shiftlockState":true,"_pose":"FreeFall","_animationQueue":[],"_animationSpeed":1,"_zoom":20.656},{"_mousePosition":[683,384],"_rootPartCFrame":[760.566,222.491,44.518,-0.957,0,0.289,0,1,0,-0.289,0,-0.957],"_humanoidState":7,"_cameraCFrame":[759.789,244.333,40.604,-0.967,-0.251,0.044,0,0.174,0.985,-0.255,0.952,-0.168],"_shiftlockState":true,"_pose":"FreeFall","_animationQueue":[["walk",0.1],["fall",0.3],["fall",0.3]],"_animationSpeed":1,"_zoom":20.656},{"_mousePosition":[683,384],"_rootPartCFrame":[760.308,222.451,44.45,-0.966,0,0.257,0,1,0,-0.257,0,-0.966],"_humanoidState":7,"_cameraCFrame":[759.531,244.293,40.536,-0.967,-0.251,0.044,0,0.174,0.985,-0.255,0.952,-0.168],"_shiftlockState":true,"_pose":"FreeFall","_animationQueue":[],"_animationSpeed":1,"_zoom":20.656},{"_mousePosition":[683,384],"_rootPartCFrame":[759.986,222.566,44.365,-0.967,0,0.255,0,1,0,-0.255,0,-0.967],"_humanoidState":8,"_cameraCFrame":[759.219,244.408,40.449,-0.966,-0.254,0.045,0,0.174,0.985,-0.258,0.952,-0.168],"_shiftlockState":true,"_pose":"Running","_animationQueue":[["walk",0.1],["fall",0.3],["walk",0.1]],"_animationSpeed":1.103,"_zoom":20.656},{"_mousePosition":[683,384],"_rootPartCFrame":[759.728,222.626,44.297,-0.966,0,0.258,0,1,0,-0.258,0,-0.966],"_humanoidState":8,"_cameraCFrame":[758.961,244.468,40.381,-0.966,-0.254,0.045,0,0.174,0.985,-0.258,0.952,-0.168],"_shiftlockState":true,"_pose":"Running","_animationQueue":[["walk",0.1]],"_animationSpeed":1.103,"_zoom":20.656},{"_mousePosition":[683,384],"_rootPartCFrame":[759.47,222.66,44.229,-0.966,0,0.258,0,1,0,-0.258,0,-0.966],"_humanoidState":8,"_cameraCFrame":[758.664,244.502,40.32,-0.969,-0.244,0.043,0,0.174,0.985,-0.248,0.954,-0.168],"_shiftlockState":true,"_pose":"Running","_animationQueue":[],"_animationSpeed":1.103,"_zoom":20.656},{"_mousePosition":[683,384],"_rootPartCFrame":[759.213,222.678,44.16,-0.969,0,0.248,0,1,0,-0.248,0,-0.969],"_humanoidState":8,"_cameraCFrame":[758.347,244.52,40.264,-0.972,-0.23,0.04,0,0.174,0.985,-0.233,0.958,-0.169],"_shiftlockState":true,"_pose":"Running","_animationQueue":[],"_animationSpeed":1.103,"_zoom":20.656},{"_mousePosition":[683,384],"_rootPartCFrame":[758.954,222.688,44.094,-0.972,0,0.233,0,1,0,-0.233,0,-0.972],"_humanoidState":8,"_cameraCFrame":[758.039,244.53,40.209,-0.975,-0.217,0.038,0,0.174,0.985,-0.221,0.961,-0.169],"_shiftlockState":true,"_pose":"Running","_animationQueue":[],"_animationSpeed":1.103,"_zoom":20.656},{"_mousePosition":[683,384],"_rootPartCFrame":[758.695,222.693,44.031,-0.975,0,0.221,0,1,0,-0.221,0,-0.975],"_humanoidState":8,"_cameraCFrame":[757.721,244.535,40.16,-0.979,-0.203,0.036,0,0.174,0.985,-0.206,0.964,-0.17],"_shiftlockState":true,"_pose":"Running","_animationQueue":[],"_animationSpeed":1.103,"_zoom":20.656},{"_mousePosition":[683,384],"_rootPartCFrame":[758.435,222.696,43.971,-0.979,0,0.206,0,1,0,-0.206,0,-0.979],"_humanoidState":8,"_cameraCFrame":[757.403,244.538,40.116,-0.982,-0.188,0.033,0,0.174,0.985,-0.191,0.967,-0.17],"_shiftlockState":true,"_pose":"Running","_animationQueue":[],"_animationSpeed":1.103,"_zoom":20.656},{"_mousePosition":[683,384],"_rootPartCFrame":[758.174,222.698,43.916,-0.982,0,0.191,0,1,0,-0.191,0,-0.982],"_humanoidState":8,"_cameraCFrame":[757.083,244.54,40.077,-0.984,-0.173,0.031,0,0.174,0.985,-0.176,0.969,-0.171],"_shiftlockState":true,"_pose":"Running","_animationQueue":[],"_animationSpeed":1.103,"_zoom":20.656},{"_mousePosition":[683,384],"_rootPartCFrame":[757.913,222.699,43.864,-0.984,0,0.176,0,1,0,-0.176,0,-0.984],"_humanoidState":8,"_cameraCFrame":[756.763,244.541,40.042,-0.987,-0.159,0.028,0,0.174,0.985,-0.161,0.972,-0.171],"_shiftlockState":true,"_pose":"Running","_animationQueue":[["walk",0.1]],"_animationSpeed":1.103,"_zoom":20.656},{"_mousePosition":[683,384],"_rootPartCFrame":[757.65,222.699,43.817,-0.987,0,0.161,0,1,0,-0.161,0,-0.987],"_humanoidState":8,"_cameraCFrame":[756.443,244.541,40.013,-0.989,-0.144,0.025,0,0.174,0.985,-0.146,0.974,-0.172],"_shiftlockState":true,"_pose":"Running","_animationQueue":[],"_animationSpeed":1.103,"_zoom":20.656},{"_mousePosition":[683,384],"_rootPartCFrame":[757.387,222.699,43.773,-0.989,0,0.146,0,1,0,-0.146,0,-0.989],"_humanoidState":8,"_cameraCFrame":[756.132,244.541,39.985,-0.991,-0.132,0.023,0,0.174,0.985,-0.134,0.976,-0.172],"_shiftlockState":true,"_pose":"Running","_animationQueue":[],"_animationSpeed":1.103,"_zoom":20.656},{"_mousePosition":[683,384],"_rootPartCFrame":[757.123,222.699,43.734,-0.991,0,0.134,0,1,0,-0.134,0,-0.991],"_humanoidState":8,"_cameraCFrame":[755.82,244.542,39.961,-0.993,-0.119,0.021,0,0.174,0.985,-0.121,0.978,-0.172],"_shiftlockState":true,"_pose":"Running","_animationQueue":[],"_animationSpeed":1.103,"_zoom":20.656},{"_mousePosition":[683,384],"_rootPartCFrame":[756.859,222.7,43.698,-0.993,0,0.121,0,1,0,-0.121,0,-0.993],"_humanoidState":8,"_cameraCFrame":[755.556,244.542,39.925,-0.993,-0.119,0.021,0,0.174,0.985,-0.121,0.978,-0.172],"_shiftlockState":true,"_pose":"Running","_animationQueue":[],"_animationSpeed":1.103,"_zoom":20.656},{"_mousePosition":[683,384],"_rootPartCFrame":[756.595,222.7,43.665,-0.993,0,0.121,0,1,0,-0.121,0,-0.993],"_humanoidState":8,"_cameraCFrame":[755.282,244.542,39.896,-0.993,-0.117,0.021,0,0.174,0.985,-0.119,0.978,-0.172],"_shiftlockState":true,"_pose":"Running","_animationQueue":[],"_animationSpeed":1.103,"_zoom":20.656},{"_mousePosition":[683,384],"_rootPartCFrame":[756.33,222.7,43.633,-0.993,0,0.119,0,1,0,-0.119,0,-0.993],"_humanoidState":8,"_cameraCFrame":[755.018,244.542,39.864,-0.993,-0.117,0.021,0,0.174,0.985,-0.119,0.978,-0.172],"_shiftlockState":true,"_pose":"Running","_animationQueue":[["walk",0.1]],"_animationSpeed":1.103,"_zoom":20.656},{"_mousePosition":[683,384],"_rootPartCFrame":[756.065,222.7,43.601,-0.993,0,0.119,0,1,0,-0.119,0,-0.993],"_humanoidState":8,"_cameraCFrame":[754.743,244.542,39.835,-0.993,-0.114,0.02,0,0.174,0.985,-0.116,0.978,-0.172],"_shiftlockState":true,"_pose":"Running","_animationQueue":[],"_animationSpeed":1.103,"_zoom":20.656},{"_mousePosition":[683,384],"_rootPartCFrame":[755.734,222.7,43.561,-0.993,0,0.116,0,1,0,-0.116,0,-0.993],"_humanoidState":8,"_cameraCFrame":[754.403,244.542,39.799,-0.994,-0.112,0.02,0,0.174,0.985,-0.114,0.978,-0.173],"_shiftlockState":true,"_pose":"Running","_animationQueue":[],"_animationSpeed":1.103,"_zoom":20.656},{"_mousePosition":[683,384],"_rootPartCFrame":[755.469,222.7,43.53,-0.994,0,0.113,0,1,0,-0.113,0,-0.994],"_humanoidState":8,"_cameraCFrame":[754.128,244.542,39.771,-0.994,-0.109,0.019,0,0.174,0.985,-0.111,0.979,-0.173],"_shiftlockState":true,"_pose":"Running","_animationQueue":[],"_animationSpeed":1.103,"_zoom":20.656},{"_mousePosition":[683,384],"_rootPartCFrame":[755.204,222.7,43.5,-0.994,0,0.111,0,1,0,-0.111,0,-0.994],"_humanoidState":8,"_cameraCFrame":[753.854,244.542,39.744,-0.994,-0.107,0.019,0,0.174,0.985,-0.108,0.979,-0.173],"_shiftlockState":true,"_pose":"Running","_animationQueue":[],"_animationSpeed":1.103,"_zoom":20.656},{"_mousePosition":[683,384],"_rootPartCFrame":[754.939,222.7,43.47,-0.994,0,0.108,0,1,0,-0.108,0,-0.994],"_humanoidState":8,"_cameraCFrame":[753.57,244.542,39.722,-0.995,-0.102,0.018,0,0.174,0.985,-0.103,0.98,-0.173],"_shiftlockState":true,"_pose":"Running","_animationQueue":[],"_animationSpeed":1.103,"_zoom":20.656},{"_mousePosition":[683,384],"_rootPartCFrame":[754.674,222.7,43.441,-0.995,0,0.103,0,1,0,-0.103,0,-0.995],"_humanoidState":8,"_cameraCFrame":[753.295,244.542,39.696,-0.995,-0.099,0.018,0,0.174,0.985,-0.101,0.98,-0.173],"_shiftlockState":true,"_pose":"Running","_animationQueue":[],"_animationSpeed":1.103,"_zoom":20.656},{"_mousePosition":[683,384],"_rootPartCFrame":[754.409,222.7,43.413,-0.995,0,0.101,0,1,0,-0.101,0,-0.995],"_humanoidState":8,"_cameraCFrame":[753.002,244.542,39.679,-0.996,-0.092,0.016,0,0.174,0.985,-0.093,0.981,-0.173],"_shiftlockState":true,"_pose":"Running","_animationQueue":[["walk",0.1]],"_animationSpeed":1.103,"_zoom":20.656},{"_mousePosition":[683,384],"_rootPartCFrame":[754.144,222.7,43.386,-0.996,0,0.093,0,1,0,-0.093,0,-0.996],"_humanoidState":8,"_cameraCFrame":[752.717,244.542,39.659,-0.996,-0.087,0.015,0,0.174,0.985,-0.088,0.981,-0.173],"_shiftlockState":true,"_pose":"Running","_animationQueue":[],"_animationSpeed":1.103,"_zoom":20.656},{"_mousePosition":[683,384],"_rootPartCFrame":[753.878,222.7,43.361,-0.996,0,0.088,0,1,0,-0.088,0,-0.996],"_humanoidState":8,"_cameraCFrame":[752.443,244.542,39.637,-0.996,-0.085,0.015,0,0.174,0.985,-0.086,0.981,-0.173],"_shiftlockState":true,"_pose":"Running","_animationQueue":[],"_animationSpeed":1.103,"_zoom":20.656},{"_mousePosition":[683,384],"_rootPartCFrame":[753.613,222.7,43.337,-0.996,0,0.086,0,1,0,-0.086,0,-0.996],"_humanoidState":8,"_cameraCFrame":[752.168,244.542,39.617,-0.997,-0.082,0.014,0,0.174,0.985,-0.083,0.981,-0.173],"_shiftlockState":true,"_pose":"Running","_animationQueue":[],"_animationSpeed":1.103,"_zoom":20.656},{"_mousePosition":[683,384],"_rootPartCFrame":[753.347,222.7,43.314,-0.997,0,0.083,0,1,0,-0.083,0,-0.997],"_humanoidState":8,"_cameraCFrame":[751.893,244.542,39.598,-0.997,-0.08,0.014,0,0.174,0.985,-0.081,0.982,-0.173],"_shiftlockState":true,"_pose":"Running","_animationQueue":[],"_animationSpeed":1.103,"_zoom":20.656},{"_mousePosition":[683,384],"_rootPartCFrame":[753.081,222.7,43.292,-0.997,0,0.081,0,1,0,-0.081,0,-0.997],"_humanoidState":8,"_cameraCFrame":[753.371,244.542,39.717,-0.997,-0.08,0.014,0,0.174,0.985,-0.081,0.982,-0.173],"_shiftlockState":false,"_pose":"Running","_animationQueue":[],"_animationSpeed":1.103,"_zoom":20.656},{"_mousePosition":[683,384],"_rootPartCFrame":[752.816,222.666,43.27,-0.997,0,0.081,0,1,0,-0.081,0,-0.997],"_humanoidState":8,"_cameraCFrame":[753.106,244.508,39.695,-0.997,-0.08,0.014,0,0.174,0.985,-0.081,0.982,-0.173],"_shiftlockState":false,"_pose":"Running","_animationQueue":[],"_animationSpeed":1.103,"_zoom":20.656},{"_mousePosition":[683,384],"_rootPartCFrame":[752.55,222.577,43.248,-0.997,0,0.081,0,1,0,-0.081,0,-0.997],"_humanoidState":8,"_cameraCFrame":[752.831,244.419,39.672,-0.997,-0.077,0.014,0,0.174,0.985,-0.078,0.982,-0.173],"_shiftlockState":false,"_pose":"Running","_animationQueue":[["walk",0.1]],"_animationSpeed":1.103,"_zoom":20.656},{"_mousePosition":[683,384],"_rootPartCFrame":[752.285,222.434,43.226,-0.997,0,0.081,0,1,0,-0.081,0,-0.997],"_humanoidState":8,"_cameraCFrame":[752.565,244.276,39.65,-0.997,-0.077,0.014,0,0.174,0.985,-0.078,0.982,-0.173],"_shiftlockState":false,"_pose":"Running","_animationQueue":[],"_animationSpeed":1.103,"_zoom":20.656},{"_mousePosition":[683,384],"_rootPartCFrame":[752.019,223.297,43.203,-0.997,0,0.081,0,1,0,-0.081,0,-0.997],"_humanoidState":3,"_cameraCFrame":[752.291,245.139,39.627,-0.997,-0.075,0.013,0,0.174,0.985,-0.076,0.982,-0.173],"_shiftlockState":false,"_pose":"Jumping","_animationQueue":[["walk",0.1],["jump",0.1]],"_animationSpeed":1,"_zoom":20.656},{"_mousePosition":[683,384],"_rootPartCFrame":[751.753,224.105,43.182,-0.985,0,0.172,0,1,0,-0.172,0,-0.985],"_humanoidState":5,"_cameraCFrame":[752.025,245.947,39.606,-0.997,-0.075,0.013,0,0.174,0.985,-0.076,0.982,-0.173],"_shiftlockState":false,"_pose":"FreeFall","_animationQueue":[["jump",0.1]],"_animationSpeed":1,"_zoom":20.656},{"_mousePosition":[683,384],"_rootPartCFrame":[751.487,224.859,43.162,-0.955,0,0.297,0,1,0,-0.297,0,-0.955],"_humanoidState":5,"_cameraCFrame":[751.759,246.701,39.585,-0.997,-0.075,0.013,0,0.174,0.985,-0.076,0.982,-0.173],"_shiftlockState":false,"_pose":"FreeFall","_animationQueue":[],"_animationSpeed":1,"_zoom":20.656},{"_mousePosition":[683,384],"_rootPartCFrame":[751.221,225.559,43.142,-0.907,0,0.421,0,1,0,-0.421,0,-0.907],"_humanoidState":5,"_cameraCFrame":[751.493,247.401,39.565,-0.997,-0.075,0.013,0,0.174,0.985,-0.076,0.982,-0.173],"_shiftlockState":false,"_pose":"FreeFall","_animationQueue":[],"_animationSpeed":1,"_zoom":20.656},{"_mousePosition":[683,384],"_rootPartCFrame":[750.956,226.203,43.122,-0.843,0,0.537,0,1,0,-0.537,0,-0.843],"_humanoidState":5,"_cameraCFrame":[751.227,248.046,39.545,-0.997,-0.075,0.013,0,0.174,0.985,-0.076,0.982,-0.173],"_shiftlockState":false,"_pose":"FreeFall","_animationQueue":[],"_animationSpeed":1,"_zoom":20.656},{"_mousePosition":[683,384],"_rootPartCFrame":[750.69,226.794,43.101,-0.764,0,0.645,0,1,0,-0.645,0,-0.764],"_humanoidState":5,"_cameraCFrame":[750.952,248.636,39.524,-0.997,-0.072,0.013,0,0.174,0.985,-0.073,0.982,-0.173],"_shiftlockState":false,"_pose":"FreeFall","_animationQueue":[],"_animationSpeed":1,"_zoom":20.656},{"_mousePosition":[683,384],"_rootPartCFrame":[750.424,227.33,43.081,-0.676,0,0.737,0,1,0,-0.737,0,-0.676],"_humanoidState":5,"_cameraCFrame":[750.677,249.172,39.503,-0.997,-0.07,0.012,0,0.174,0.985,-0.071,0.982,-0.173],"_shiftlockState":false,"_pose":"FreeFall","_animationQueue":[],"_animationSpeed":1,"_zoom":20.656},{"_mousePosition":[683,384],"_rootPartCFrame":[750.091,227.923,43.057,-0.565,0,0.825,0,1,0,-0.825,0,-0.565],"_humanoidState":5,"_cameraCFrame":[750.345,249.765,39.479,-0.997,-0.07,0.012,0,0.174,0.985,-0.071,0.982,-0.173],"_shiftlockState":false,"_pose":"FreeFall","_animationQueue":[],"_animationSpeed":1,"_zoom":20.656},{"_mousePosition":[683,384],"_rootPartCFrame":[749.892,228.238,43.042,-0.503,0,0.864,0,1,0,-0.864,0,-0.503],"_humanoidState":5,"_cameraCFrame":[750.136,250.08,39.464,-0.998,-0.067,0.012,0,0.174,0.985,-0.068,0.983,-0.173],"_shiftlockState":false,"_pose":"FreeFall","_animationQueue":[],"_animationSpeed":1,"_zoom":20.656},{"_mousePosition":[683,384],"_rootPartCFrame":[749.626,228.61,43.024,-0.429,0,0.903,0,1,0,-0.903,0,-0.429],"_humanoidState":5,"_cameraCFrame":[749.861,250.453,39.444,-0.998,-0.065,0.011,0,0.174,0.985,-0.066,0.983,-0.173],"_shiftlockState":false,"_pose":"FreeFall","_animationQueue":[],"_animationSpeed":1,"_zoom":20.656},{"_mousePosition":[683,384],"_rootPartCFrame":[749.36,228.928,43.005,-0.363,0,0.932,0,1,0,-0.932,0,-0.363],"_humanoidState":5,"_cameraCFrame":[747.849,250.77,39.311,-0.998,-0.065,0.011,0,0.174,0.985,-0.066,0.983,-0.173],"_shiftlockState":true,"_pose":"FreeFall","_animationQueue":[],"_animationSpeed":1,"_zoom":20.656},{"_mousePosition":[683,384],"_rootPartCFrame":[749.094,229.192,42.988,-0.984,0,0.178,0,1,0,-0.178,0,-0.984],"_humanoidState":5,"_cameraCFrame":[747.583,251.034,39.294,-0.998,-0.065,0.011,0,0.174,0.985,-0.066,0.983,-0.173],"_shiftlockState":true,"_pose":"FreeFall","_animationQueue":[],"_animationSpeed":1,"_zoom":20.656},{"_mousePosition":[683,384],"_rootPartCFrame":[748.827,229.401,42.97,-0.981,0,0.195,0,1,0,-0.195,0,-0.981],"_humanoidState":5,"_cameraCFrame":[747.307,251.243,39.28,-0.998,-0.062,0.011,0,0.174,0.985,-0.063,0.983,-0.173],"_shiftlockState":true,"_pose":"FreeFall","_animationQueue":[],"_animationSpeed":1,"_zoom":20.656},{"_mousePosition":[683,384],"_rootPartCFrame":[748.561,229.555,42.953,-0.981,0,0.195,0,1,0,-0.195,0,-0.981],"_humanoidState":5,"_cameraCFrame":[747.041,251.397,39.263,-0.998,-0.062,0.011,0,0.174,0.985,-0.063,0.983,-0.173],"_shiftlockState":true,"_pose":"FreeFall","_animationQueue":[],"_animationSpeed":1,"_zoom":20.656},{"_mousePosition":[683,384],"_rootPartCFrame":[748.295,229.655,42.936,-0.981,0,0.195,0,1,0,-0.195,0,-0.981],"_humanoidState":5,"_cameraCFrame":[746.756,251.497,39.253,-0.998,-0.057,0.01,0,0.174,0.985,-0.058,0.983,-0.173],"_shiftlockState":true,"_pose":"FreeFall","_animationQueue":[],"_animationSpeed":1,"_zoom":20.656},{"_mousePosition":[683,384],"_rootPartCFrame":[748.029,229.7,42.919,-0.982,0,0.19,0,1,0,-0.19,0,-0.982],"_humanoidState":5,"_cameraCFrame":[746.472,251.542,39.244,-0.999,-0.052,0.009,0,0.174,0.985,-0.053,0.983,-0.173],"_shiftlockState":true,"_pose":"FreeFall","_animationQueue":[],"_animationSpeed":1,"_zoom":20.656},{"_mousePosition":[683,384],"_rootPartCFrame":[747.763,229.691,42.903,-0.983,0,0.185,0,1,0,-0.185,0,-0.983],"_humanoidState":5,"_cameraCFrame":[746.206,251.533,39.229,-0.999,-0.052,0.009,0,0.174,0.985,-0.053,0.983,-0.173],"_shiftlockState":true,"_pose":"FreeFall","_animationQueue":[],"_animationSpeed":1,"_zoom":20.656},{"_mousePosition":[683,384],"_rootPartCFrame":[747.497,229.628,42.889,-0.983,0,0.185,0,1,0,-0.185,0,-0.983],"_humanoidState":5,"_cameraCFrame":[745.93,251.47,39.218,-0.999,-0.05,0.009,0,0.174,0.985,-0.05,0.984,-0.173],"_shiftlockState":true,"_pose":"FreeFall","_animationQueue":[],"_animationSpeed":1,"_zoom":20.656},{"_mousePosition":[683,384],"_rootPartCFrame":[747.23,229.509,42.875,-0.983,0,0.183,0,1,0,-0.183,0,-0.983],"_humanoidState":5,"_cameraCFrame":[745.664,251.352,39.204,-0.999,-0.05,0.009,0,0.174,0.985,-0.05,0.984,-0.173],"_shiftlockState":true,"_pose":"FreeFall","_animationQueue":[["fall",0.3]],"_animationSpeed":1,"_zoom":20.656},{"_mousePosition":[683,384],"_rootPartCFrame":[746.964,229.337,42.861,-0.983,0,0.183,0,1,0,-0.183,0,-0.983],"_humanoidState":5,"_cameraCFrame":[745.397,251.179,39.191,-0.999,-0.05,0.009,0,0.174,0.985,-0.05,0.984,-0.173],"_shiftlockState":true,"_pose":"FreeFall","_animationQueue":[],"_animationSpeed":1,"_zoom":20.656},{"_mousePosition":[683,384],"_rootPartCFrame":[746.698,229.11,42.848,-0.983,0,0.183,0,1,0,-0.183,0,-0.983],"_humanoidState":5,"_cameraCFrame":[745.131,250.952,39.177,-0.999,-0.05,0.009,0,0.174,0.985,-0.05,0.984,-0.173],"_shiftlockState":true,"_pose":"FreeFall","_animationQueue":[],"_animationSpeed":1,"_zoom":20.656},{"_mousePosition":[683,384],"_rootPartCFrame":[746.431,228.828,42.834,-0.983,0,0.183,0,1,0,-0.183,0,-0.983],"_humanoidState":5,"_cameraCFrame":[744.864,250.67,39.164,-0.999,-0.05,0.009,0,0.174,0.985,-0.05,0.984,-0.173],"_shiftlockState":true,"_pose":"FreeFall","_animationQueue":[],"_animationSpeed":1,"_zoom":20.656},{"_mousePosition":[683,384],"_rootPartCFrame":[746.165,228.492,42.821,-0.983,0,0.183,0,1,0,-0.183,0,-0.983],"_humanoidState":5,"_cameraCFrame":[744.598,250.334,39.15,-0.999,-0.05,0.009,0,0.174,0.985,-0.05,0.984,-0.173],"_shiftlockState":true,"_pose":"FreeFall","_animationQueue":[],"_animationSpeed":1,"_zoom":20.656},{"_mousePosition":[683,384],"_rootPartCFrame":[745.898,228.101,42.807,-0.983,0,0.183,0,1,0,-0.183,0,-0.983],"_humanoidState":5,"_cameraCFrame":[744.332,249.944,39.137,-0.999,-0.05,0.009,0,0.174,0.985,-0.05,0.984,-0.173],"_shiftlockState":true,"_pose":"FreeFall","_animationQueue":[],"_animationSpeed":1,"_zoom":20.656},{"_mousePosition":[683,384],"_rootPartCFrame":[745.632,227.656,42.794,-0.983,0,0.183,0,1,0,-0.183,0,-0.983],"_humanoidState":5,"_cameraCFrame":[744.065,249.499,39.123,-0.999,-0.05,0.009,0,0.174,0.985,-0.05,0.984,-0.173],"_shiftlockState":true,"_pose":"FreeFall","_animationQueue":[["fall",0.3]],"_animationSpeed":1,"_zoom":20.656},{"_mousePosition":[683,384],"_rootPartCFrame":[745.366,227.157,42.781,-0.983,0,0.183,0,1,0,-0.183,0,-0.983],"_humanoidState":5,"_cameraCFrame":[743.799,248.999,39.11,-0.999,-0.05,0.009,0,0.174,0.985,-0.05,0.984,-0.173],"_shiftlockState":true,"_pose":"FreeFall","_animationQueue":[],"_animationSpeed":1,"_zoom":20.656},{"_mousePosition":[683,384],"_rootPartCFrame":[745.099,226.603,42.767,-0.983,0,0.183,0,1,0,-0.183,0,-0.983],"_humanoidState":5,"_cameraCFrame":[743.533,248.445,39.096,-0.999,-0.05,0.009,0,0.174,0.985,-0.05,0.984,-0.173],"_shiftlockState":true,"_pose":"FreeFall","_animationQueue":[],"_animationSpeed":1,"_zoom":20.656},{"_mousePosition":[683,384],"_rootPartCFrame":[744.833,225.994,42.754,-0.983,0,0.183,0,1,0,-0.183,0,-0.983],"_humanoidState":5,"_cameraCFrame":[743.266,247.836,39.083,-0.999,-0.05,0.009,0,0.174,0.985,-0.05,0.984,-0.173],"_shiftlockState":true,"_pose":"FreeFall","_animationQueue":[],"_animationSpeed":1,"_zoom":20.656},{"_mousePosition":[683,384],"_rootPartCFrame":[744.567,225.331,42.74,-0.983,0,0.183,0,1,0,-0.183,0,-0.983],"_humanoidState":5,"_cameraCFrame":[743,247.173,39.07,-0.999,-0.05,0.009,0,0.174,0.985,-0.05,0.984,-0.173],"_shiftlockState":true,"_pose":"FreeFall","_animationQueue":[],"_animationSpeed":1,"_zoom":20.656},{"_mousePosition":[683,384],"_rootPartCFrame":[744.3,224.613,42.727,-0.983,0,0.183,0,1,0,-0.183,0,-0.983],"_humanoidState":5,"_cameraCFrame":[742.734,246.455,39.056,-0.999,-0.05,0.009,0,0.174,0.985,-0.05,0.984,-0.173],"_shiftlockState":true,"_pose":"FreeFall","_animationQueue":[],"_animationSpeed":1,"_zoom":20.656},{"_mousePosition":[683,384],"_rootPartCFrame":[744.034,223.841,42.713,-0.983,0,0.183,0,1,0,-0.183,0,-0.983],"_humanoidState":5,"_cameraCFrame":[742.467,245.683,39.043,-0.999,-0.05,0.009,0,0.174,0.985,-0.05,0.984,-0.173],"_shiftlockState":true,"_pose":"FreeFall","_animationQueue":[],"_animationSpeed":1,"_zoom":20.656},{"_mousePosition":[683,384],"_rootPartCFrame":[743.701,222.799,42.696,-0.977,0,0.215,0,1,0,-0.215,0,-0.977],"_humanoidState":5,"_cameraCFrame":[742.134,244.642,39.026,-0.999,-0.05,0.009,0,0.174,0.985,-0.05,0.984,-0.173],"_shiftlockState":true,"_pose":"FreeFall","_animationQueue":[["fall",0.3]],"_animationSpeed":1,"_zoom":20.656},{"_mousePosition":[683,384],"_rootPartCFrame":[743.501,222.42,42.686,-0.997,0,0.083,0,1,0,-0.083,0,-0.997],"_humanoidState":7,"_cameraCFrame":[741.935,244.262,39.016,-0.999,-0.05,0.009,0,0.174,0.985,-0.05,0.984,-0.173],"_shiftlockState":true,"_pose":"FreeFall","_animationQueue":[["walk",0.1],["fall",0.3],["fall",0.3]],"_