[{"_mousePosition":[1180,363],"_rootPartCFrame":[776.03,222.952,47.142,0,-0.003,1,0,1,0.003,-1,0,0],"_humanoidState":8,"_cameraCFrame":[790.797,237.565,48.701,0.105,-0.658,0.745,0,0.75,0.662,-0.994,-0.069,0.079],"_shiftlockState":false,"_pose":"Standing","_animationQueue":[],"_animationSpeed":1,"_zoom":19.813},{"_mousePosition":[1173,363],"_rootPartCFrame":[776.03,222.807,47.142,0,0,1,0,1,0,-1,0,0],"_humanoidState":8,"_cameraCFrame":[790.8,237.42,48.701,0.105,-0.658,0.745,0,0.75,0.662,-0.994,-0.069,0.079],"_shiftlockState":false,"_pose":"Standing","_animationQueue":[],"_animationSpeed":1,"_zoom":19.813},{"_mousePosition":[1162,363],"_rootPartCFrame":[776.03,222.664,47.142,0,0,1,0,1,0,-1,0,0],"_humanoidState":8,"_cameraCFrame":[790.801,237.278,48.701,0.105,-0.658,0.745,0,0.75,0.662,-0.994,-0.069,0.079],"_shiftlockState":false,"_pose":"Standing","_animationQueue":[],"_animationSpeed":1,"_zoom":19.813},{"_mousePosition":[1140,361],"_rootPartCFrame":[776.03,222.65,47.142,0,0,1,0,1,0,-1,0,0],"_humanoidState":8,"_cameraCFrame":[790.801,237.264,48.701,0.105,-0.658,0.745,0,0.75,0.662,-0.994,-0.069,0.079],"_shiftlockState":false,"_pose":"Standing","_animationQueue":[],"_animationSpeed":1,"_zoom":19.813},{"_mousePosition":[1056,352],"_rootPartCFrame":[776.03,222.658,47.142,0,0,1,0,1,0,-1,0,0],"_humanoidState":8,"_cameraCFrame":[790.8,237.272,48.701,0.105,-0.658,0.745,0,0.75,0.662,-0.994,-0.069,0.079],"_shiftlockState":false,"_pose":"Standing","_animationQueue":[],"_animationSpeed":1,"_zoom":19.813},{"_mousePosition":[1009,345],"_rootPartCFrame":[776.03,222.678,47.142,0,0,1,0,1,0,-1,0,0],"_humanoidState":8,"_cameraCFrame":[790.8,237.291,48.701,0.105,-0.658,0.745,0,0.75,0.662,-0.994,-0.069,0.079],"_shiftlockState":false,"_pose":"Standing","_animationQueue":[],"_animationSpeed":1,"_zoom":19.813},{"_mousePosition":[890,328],"_rootPartCFrame":[776.047,222.687,46.982,0.153,0,0.988,0,1,0,-0.988,0,0.153],"_humanoidState":8,"_cameraCFrame":[790.817,237.301,48.54,0.105,-0.658,0.745,0,0.75,0.662,-0.994,-0.069,0.079],"_shiftlockState":false,"_pose":"Standing","_animationQueue":[],"_animationSpeed":1,"_zoom":19.813},{"_mousePosition":[849,322],"_rootPartCFrame":[776.075,222.693,46.72,0.348,0,0.938,0,1,0,-0.938,0,0.348],"_humanoidState":8,"_cameraCFrame":[790.845,237.307,48.278,0.105,-0.658,0.745,0,0.75,0.662,-0.994,-0.069,0.079],"_shiftlockState":false,"_pose":"Running","_animationQueue":[["walk",0.1]],"_animationSpeed":1.003,"_zoom":19.813},{"_mousePosition":[760,310],"_rootPartCFrame":[775.965,222.696,46.496,0.45,0,0.893,0,1,0,-0.893,0,0.45],"_humanoidState":8,"_cameraCFrame":[790.735,237.31,48.054,0.105,-0.658,0.745,0,0.75,0.662,-0.994,-0.069,0.079],"_shiftlockState":false,"_pose":"Running","_animationQueue":[["walk",0.1]],"_animationSpeed":1.101,"_zoom":19.813},{"_mousePosition":[736,307],"_rootPartCFrame":[775.84,222.697,46.34,0.495,0,0.869,0,1,0,-0.869,0,0.495],"_humanoidState":8,"_cameraCFrame":[790.611,237.311,47.898,0.105,-0.658,0.745,0,0.75,0.662,-0.994,-0.069,0.079],"_shiftlockState":false,"_pose":"Running","_animationQueue":[["walk",0.1]],"_animationSpeed":1.101,"_zoom":19.813},{"_mousePosition":[701,302],"_rootPartCFrame":[775.673,222.698,46.132,0.541,0,0.841,0,1,0,-0.841,0,0.541],"_humanoidState":8,"_cameraCFrame":[790.443,237.312,47.691,0.105,-0.658,0.745,0,0.75,0.662,-0.994,-0.069,0.079],"_shiftlockState":false,"_pose":"Running","_animationQueue":[],"_animationSpeed":1.101,"_zoom":19.813},{"_mousePosition":[697,302],"_rootPartCFrame":[775.463,222.699,45.873,0.587,0,0.81,0,1,0,-0.81,0,0.587],"_humanoidState":8,"_cameraCFrame":[790.233,237.313,47.432,0.105,-0.658,0.745,0,0.75,0.662,-0.994,-0.069,0.079],"_shiftlockState":false,"_pose":"Running","_animationQueue":[],"_animationSpeed":1.101,"_zoom":19.813},{"_mousePosition":[697,302],"_rootPartCFrame":[775.295,222.699,45.666,0.617,0,0.787,0,1,0,-0.787,0,0.617],"_humanoidState":8,"_cameraCFrame":[790.066,237.313,47.224,0.105,-0.658,0.745,0,0.75,0.662,-0.994,-0.069,0.079],"_shiftlockState":false,"_pose":"Running","_animationQueue":[],"_animationSpeed":1.101,"_zoom":19.813},{"_mousePosition":[696,302],"_rootPartCFrame":[775.17,222.699,45.511,0.636,0,0.772,0,1,0,-0.772,0,0.636],"_humanoidState":8,"_cameraCFrame":[789.94,237.313,47.069,0.105,-0.658,0.745,0,0.75,0.662,-0.994,-0.069,0.079],"_shiftlockState":false,"_pose":"Running","_animationQueue":[],"_animationSpeed":1.101,"_zoom":19.813},{"_mousePosition":[696,302],"_rootPartCFrame":[774.96,222.7,45.251,0.662,0,0.749,0,1,0,-0.749,0,0.662],"_humanoidState":8,"_cameraCFrame":[789.581,237.492,46.701,0.099,-0.668,0.738,0,0.742,0.671,-0.995,-0.066,0.073],"_shiftlockState":false,"_pose":"Running","_animationQueue":[],"_animationSpeed":1.101,"_zoom":19.813},{"_mousePosition":[696,302],"_rootPartCFrame":[774.792,222.7,45.044,0.68,0,0.733,0,1,0,-0.733,0,0.68],"_humanoidState":8,"_cameraCFrame":[789.251,237.68,46.371,0.091,-0.678,0.73,0,0.733,0.68,-0.996,-0.062,0.067],"_shiftlockState":false,"_pose":"Running","_animationQueue":[["walk",0.1]],"_animationSpeed":1.101,"_zoom":19.813},{"_mousePosition":[696,302],"_rootPartCFrame":[774.581,222.7,44.786,0.697,0,0.717,0,1,0,-0.717,0,0.697],"_humanoidState":8,"_cameraCFrame":[788.783,237.97,45.895,0.078,-0.693,0.717,0,0.719,0.695,-0.997,-0.054,0.056],"_shiftlockState":false,"_pose":"Running","_animationQueue":[],"_animationSpeed":1.101,"_zoom":19.813},{"_mousePosition":[696,302],"_rootPartCFrame":[774.411,222.7,44.581,0.707,0,0.707,0,1,0,-0.707,0,0.707],"_humanoidState":8,"_cameraCFrame":[788.304,238.3,45.432,0.061,-0.71,0.701,0,0.703,0.712,-0.998,-0.043,0.043],"_shiftlockState":false,"_pose":"Running","_animationQueue":[],"_animationSpeed":1.101,"_zoom":19.813},{"_mousePosition":[696,302],"_rootPartCFrame":[774.238,222.7,44.378,0.715,0,0.699,0,1,0,-0.699,0,0.715],"_humanoidState":8,"_cameraCFrame":[787.707,238.719,44.934,0.041,-0.732,0.68,0,0.68,0.733,-0.999,-0.03,0.028],"_shiftlockState":false,"_pose":"Running","_animationQueue":[],"_animationSpeed":1.101,"_zoom":19.813},{"_mousePosition":[696,302],"_rootPartCFrame":[774.15,222.7,44.278,0.718,0,0.697,0,1,0,-0.697,0,0.718],"_humanoidState":8,"_cameraCFrame":[787.14,239.157,44.569,0.022,-0.755,0.656,0,0.656,0.755,-1,-0.017,0.015],"_shiftlockState":false,"_pose":"Running","_animationQueue":[],"_animationSpeed":1.101,"_zoom":19.813},{"_mousePosition":[696,302],"_rootPartCFrame":[773.769,222.7,44.222,0.613,0,0.79,0,1,0,-0.79,0,0.613],"_humanoidState":8,"_cameraCFrame":[786.359,239.498,44.346,0.01,-0.772,0.635,0,0.635,0.772,-1,-0.008,0.006],"_shiftlockState":false,"_pose":"Running","_animationQueue":[],"_animationSpeed":1.101,"_zoom":19.813},{"_mousePosition":[696,302],"_rootPartCFrame":[773.502,222.7,44.216,0.542,0,0.84,0,1,0,-0.84,0,0.542],"_humanoidState":8,"_cameraCFrame":[785.694,239.817,44.221,0,-0.788,0.615,0,0.615,0.788,-1,0,0],"_shiftlockState":false,"_pose":"Running","_animationQueue":[],"_animationSpeed":1.101,"_zoom":19.813},{"_mousePosition":[696,302],"_rootPartCFrame":[773.424,222.7,44.214,0.535,0,0.845,0,1,0,-0.845,0,0.535],"_humanoidState":8,"_cameraCFrame":[785.182,240.146,44.071,-0.012,-0.805,0.593,0,0.594,0.805,-1,0.01,-0.007],"_shiftlockState":false,"_pose":"Running","_animationQueue":[["walk",0.1]],"_animationSpeed":1.101,"_zoom":19.813},{"_mousePosition":[696,302],"_rootPartCFrame":[773.422,222.7,44.214,0.535,0,0.845,0,1,0,-0.845,0,0.535],"_humanoidState":8,"_cameraCFrame":[784.776,240.435,43.945,-0.024,-0.819,0.573,0,0.573,0.819,-1,0.019,-0.014],"_shiftlockState":false,"_pose":"Running","_animationQueue":[["walk",0.1]],"_animationSpeed":0.1,"_zoom":19.813},{"_mousePosition":[696,302],"_rootPartCFrame":[773.422,222.7,44.214,0.535,0,0.845,0,1,0,-0.845,0,0.535],"_humanoidState":8,"_cameraCFrame":[784.39,240.696,43.851,-0.033,-0.832,0.554,0,0.554,0.833,-0.999,0.028,-0.018],"_shiftlockState":false,"_pose":"Standing","_animationQueue":[["idle",0.1]],"_animationSpeed":1,"_zoom":19.813},{"_mousePosition":[696,302],"_rootPartCFrame":[773.422,222.7,44.214,0.535,0,0.845,0,1,0,-0.845,0,0.535],"_humanoidState":8,"_cameraCFrame":[784.106,240.879,43.771,-0.041,-0.841,0.539,0,0.54,0.842,-0.999,0.035,-0.022],"_shiftlockState":false,"_pose":"Standing","_animationQueue":[],"_animationSpeed":1,"_zoom":19.813},{"_mousePosition":[696,302],"_rootPartCFrame":[773.422,222.7,44.214,0.535,0,0.845,0,1,0,-0.845,0,0.535],"_humanoidState":8,"_cameraCFrame":[783.887,241.016,43.714,-0.048,-0.848,0.528,0,0.529,0.849,-0.999,0.041,-0.025],"_shiftlockState":false,"_pose":"Standing","_animationQueue":[],"_animationSpeed":1,"_zoom":19.813},{"_mousePosition":[696,302],"_rootPartCFrame":[773.422,222.7,44.214,0.535,0,0.845,0,1,0,-0.845,0,0.535],"_humanoidState":8,"_cameraCFrame":[783.618,241.125,41.932,-0.052,-0.853,0.519,0,0.52,0.854,-0.999,0.044,-0.027],"_shiftlockState":true,"_pose":"Standing","_animationQueue":[],"_animationSpeed":1,"_zoom":19.813},{"_mousePosition":[683,384],"_rootPartCFrame":[773.422,222.7,44.214,-0.109,0,0.994,0,1,0,-0.994,0,-0.109],"_humanoidState":8,"_cameraCFrame":[783.618,241.125,41.932,-0.052,-0.853,0.519,0,0.52,0.854,-0.999,0.044,-0.027],"_shiftlockState":true,"_pose":"Standing","_animationQueue":[],"_animationSpeed":1,"_zoom":19.813},{"_mousePosition":[683,384],"_rootPartCFrame":[773.422,222.7,44.214,-0.065,0,0.998,0,1,0,-0.998,0,-0.065],"_humanoidState":8,"_cameraCFrame":[783.43,241.232,41.899,-0.056,-0.858,0.51,0,0.511,0.86,-0.998,0.048,-0.029],"_shiftlockState":true,"_pose":"Standing","_animationQueue":[],"_animationSpeed":1,"_zoom":19.813},{"_mousePosition":[683,384],"_rootPartCFrame":[773.422,222.7,44.214,-0.058,0,0.998,0,1,0,-0.998,0,-0.058],"_humanoidState":8,"_cameraCFrame":[783.078,241.05,41.888,-0.059,-0.863,0.501,0,0.502,0.865,-0.998,0.051,-0.03],"_shiftlockState":true,"_pose":"Standing","_animationQueue":[],"_animationSpeed":1,"_zoom":15.45},{"_mousePosition":[683,384],"_rootPartCFrame":[773.422,222.7,44.214,-0.059,0,0.998,0,1,0,-0.998,0,-0.059],"_humanoidState":8,"_cameraCFrame":[782.569,240.516,41.889,-0.062,-0.868,0.493,0,0.494,0.869,-0.998,0.054,-0.031],"_shiftlockState":true,"_pose":"Standing","_animationQueue":[],"_animationSpeed":1,"_zoom":15.45},{"_mousePosition":[683,384],"_rootPartCFrame":[773.422,222.7,44.214,-0.062,0,0.998,0,1,0,-0.998,0,-0.062],"_humanoidState":8,"_cameraCFrame":[782.127,239.946,41.907,-0.063,-0.87,0.488,0,0.489,0.872,-0.998,0.055,-0.031],"_shiftlockState":true,"_pose":"Standing","_animationQueue":[],"_animationSpeed":1,"_zoom":15.45},{"_mousePosition":[683,384],"_rootPartCFrame":[773.422,222.7,44.214,-0.063,0,0.998,0,1,0,-0.998,0,-0.063],"_humanoidState":8,"_cameraCFrame":[781.749,239.39,41.922,-0.064,-0.872,0.485,0,0.486,0.874,-0.998,0.056,-0.031],"_shiftlockState":true,"_pose":"Standing","_animationQueue":[],"_animationSpeed":1,"_zoom":15.45},{"_mousePosition":[683,384],"_rootPartCFrame":[773.422,222.7,44.214,-0.064,0,0.998,0,1,0,-0.998,0,-0.064],"_humanoidState":8,"_cameraCFrame":[781.489,238.951,41.939,-0.064,-0.872,0.485,0,0.486,0.874,-0.998,0.056,-0.031],"_shiftlockState":true,"_pose":"Standing","_animationQueue":[],"_animationSpeed":1,"_zoom":15.45},{"_mousePosition":[683,384],"_rootPartCFrame":[773.422,222.7,44.214,-0.064,0,0.998,0,1,0,-0.998,0,-0.064],"_humanoidState":8,"_cameraCFrame":[781.263,238.575,41.945,-0.066,-0.873,0.484,0,0.485,0.874,-0.998,0.057,-0.032],"_shiftlockState":true,"_pose":"Standing","_animationQueue":[],"_animationSpeed":1,"_zoom":15.45},{"_mousePosition":[683,384],"_rootPartCFrame":[773.422,222.7,44.214,-0.066,0,0.998,0,1,0,-0.998,0,-0.066],"_humanoidState":8,"_cameraCFrame":[781.118,238.313,41.955,-0.066,-0.873,0.484,0,0.485,0.874,-0.998,0.057,-0.032],"_shiftlockState":true,"_pose":"Standing","_animationQueue":[],"_animationSpeed":1,"_zoom":15.45},{"_mousePosition":[683,384],"_rootPartCFrame":[773.422,222.7,44.214,-0.066,0,0.998,0,1,0,-0.998,0,-0.066],"_humanoidState":8,"_cameraCFrame":[781.025,238.144,41.961,-0.066,-0.873,0.484,0,0.485,0.874,-0.998,0.057,-0.032],"_shiftlockState":true,"_pose":"Standing","_animationQueue":[],"_animationSpeed":1,"_zoom":15.45},{"_mousePosition":[683,384],"_rootPartCFrame":[773.422,222.7,44.214,-0.066,0,0.998,0,1,0,-0.998,0,-0.066],"_humanoidState":8,"_cameraCFrame":[780.948,238.006,41.966,-0.066,-0.873,0.484,0,0.485,0.874,-0.998,0.057,-0.032],"_shiftlockState":true,"_pose":"Standing","_animationQueue":[],"_animationSpeed":1,"_zoom":15.45},{"_mousePosition":[683,384],"_rootPartCFrame":[773.422,222.7,44.214,-0.066,0,0.998,0,1,0,-0.998,0,-0.066],"_humanoidState":8,"_cameraCFrame":[780.893,237.905,41.97,-0.066,-0.873,0.484,0,0.485,0.874,-0.998,0.057,-0.032],"_shiftlockState":true,"_pose":"Standing","_animationQueue":[],"_animationSpeed":1,"_zoom":15.45},{"_mousePosition":[683,384],"_rootPartCFrame":[773.422,222.7,44.214,-0.066,0,0.998,0,1,0,-0.998,0,-0.066],"_humanoidState":8,"_cameraCFrame":[780.861,237.848,41.972,-0.066,-0.873,0.484,0,0.485,0.874,-0.998,0.057,-0.032],"_shiftlockState":true,"_pose":"Standing","_animationQueue":[],"_animationSpeed":1,"_zoom":15.45},{"_mousePosition":[683,384],"_rootPartCFrame":[773.422,222.7,44.214,-0.066,0,0.998,0,1,0,-0.998,0,-0.066],"_humanoidState":8,"_cameraCFrame":[780.836,237.802,41.974,-0.066,-0.873,0.484,0,0.485,0.874,-0.998,0.057,-0.032],"_shiftlockState":true,"_pose":"Standing","_animationQueue":[],"_animationSpeed":1,"_zoom":15.45},{"_mousePosition":[683,384],"_rootPartCFrame":[773.422,222.7,44.214,-0.066,0,0.998,0,1,0,-0.998,0,-0.066],"_humanoidState":8,"_cameraCFrame":[780.818,237.77,41.975,-0.066,-0.873,0.484,0,0.485,0.874,-0.998,0.057,-0.032],"_shiftlockState":true,"_pose":"Standing","_animationQueue":[],"_animationSpeed":1,"_zoom":15.45},{"_mousePosition":[683,384],"_rootPartCFrame":[773.422,222.7,44.214,-0.066,0,0.998,0,1,0,-0.998,0,-0.066],"_humanoidState":8,"_cameraCFrame":[780.807,237.75,41.975,-0.066,-0.873,0.484,0,0.485,0.874,-0.998,0.057,-0.032],"_shiftlockState":true,"_pose":"Standing","_animationQueue":[],"_animationSpeed":1,"_zoom":15.45},{"_mousePosition":[683,384],"_rootPartCFrame":[773.422,222.7,44.214,-0.066,0,0.998,0,1,0,-0.998,0,-0.066],"_humanoidState":8,"_cameraCFrame":[780.8,237.738,41.976,-0.066,-0.873,0.484,0,0.485,0.874,-0.998,0.057,-0.032],"_shiftlockState":true,"_pose":"Standing","_animationQueue":[],"_animationSpeed":1,"_zoom":15.45},{"_mousePosition":[683,384],"_rootPartCFrame":[773.422,222.7,44.214,-0.066,0,0.998,0,1,0,-0.998,0,-0.066],"_humanoidState":8,"_cameraCFrame":[780.795,237.728,41.976,-0.066,-0.873,0.484,0,0.485,0.874,-0.998,0.057,-0.032],"_shiftlockState":true,"_pose":"Standing","_animationQueue":[],"_animationSpeed":1,"_zoom":15.45},{"_mousePosition":[683,384],"_rootPartCFrame":[773.422,222.7,44.214,-0.066,0,0.998,0,1,0,-0.998,0,-0.066],"_humanoidState":8,"_cameraCFrame":[780.792,237.723,41.976,-0.066,-0.873,0.484,0,0.485,0.874,-0.998,0.057,-0.032],"_shiftlockState":true,"_pose":"Standing","_animationQueue":[],"_animationSpeed":1,"_zoom":15.45},{"_mousePosition":[683,384],"_rootPartCFrame":[773.422,222.7,44.214,-0.066,0,0.998,0,1,0,-0.998,0,-0.066],"_humanoidState":8,"_cameraCFrame":[780.789,237.718,41.977,-0.066,-0.873,0.484,0,0.485,0.874,-0.998,0.057,-0.032],"_shiftlockState":true,"_pose":"Standing","_animationQueue":[],"_animationSpeed":1,"_zoom":15.45},{"_mousePosition":[683,384],"_rootPartCFrame":[773.422,222.7,44.214,-0.066,0,0.998,0,1,0,-0.998,0,-0.066],"_humanoidState":8,"_cameraCFrame":[780.788,237.716,41.977,-0.066,-0.873,0.484,0,0.485,0.874,-0.998,0.057,-0.032],"_shiftlockState":true,"_pose":"Standing","_animationQueue":[],"_animationSpeed":1,"_zoom":15.45},{"_mousePosition":[683,384],"_rootPartCFrame":[773.321,222.7,44.221,-0.066,0,0.998,0,1,0,-0.998,0,-0.066],"_humanoidState":8,"_cameraCFrame":[780.688,237.714,41.991,-0.064,-0.873,0.484,0,0.485,0.874,-0.998,0.056,-0.031],"_shiftlockState":true,"_pose":"Standing","_animationQueue":[],"_animationSpeed":1,"_zoom":15.45},{"_mousePosition":[683,384],"_rootPartCFrame":[772.998,222.7,44.242,-0.064,0,0.998,0,1,0,-0.998,0,-0.064],"_humanoidState":8,"_cameraCFrame":[780.337,237.731,42.03,-0.062,-0.874,0.482,0,0.483,0.876,-0.998,0.055,-0.03],"_shiftlockState":true,"_pose":"Running","_animationQueue":[["walk",0.1]],"_animationSpeed":0.836,"_zoom":15.45},{"_mousePosition":[683,384],"_rootPartCFrame":[772.732,222.7,44.259,-0.062,0,0.998,0,1,0,-0.998,0,-0.062],"_humanoidState":8,"_cameraCFrame":[780.023,237.76,42.073,-0.059,-0.876,0.479,0,0.479,0.878,-0.998,0.052,-0.028],"_shiftlockState":true,"_pose":"Running","_animationQueue":[["walk",0.1]],"_animationSpeed":1.101,"_zoom":15.45},{"_mousePosition":[683,384],"_rootPartCFrame":[772.466,222.7,44.276,-0.059,0,0.998,0,1,0,-0.998,0,-0.059],"_humanoidState":8,"_cameraCFrame":[779.708,237.79,42.116,-0.056,-0.878,0.475,0,0.476,0.88,-0.998,0.049,-0.027],"_shiftlockState":true,"_pose":"Running","_animationQueue":[],"_animationSpeed":1.101,"_zoom":15.45},{"_mousePosition":[683,384],"_rootPartCFrame":[772.266,222.7,44.288,-0.056,0,0.998,0,1,0,-0.998,0,-0.056],"_humanoidState":8,"_cameraCFrame":[779.424,237.842,42.179,-0.05,-0.882,0.469,0,0.469,0.883,-0.999,0.044,-0.023],"_shiftlockState":true,"_pose":"Running","_animationQueue":[],"_animationSpeed":1.101,"_zoom":15.45},{"_mousePosition":[683,384],"_rootPartCFrame":[771.933,222.7,44.307,-0.05,0,0.999,0,1,0,-0.999,0,-0.05],"_humanoidState":8,"_cameraCFrame":[779,237.9,42.269,-0.04,-0.886,0.462,0,0.462,0.887,-0.999,0.036,-0.019],"_shiftlockState":true,"_pose":"Running","_animationQueue":[],"_animationSpeed":1.101,"_zoom":15.45},{"_mousePosition":[683,384],"_rootPartCFrame":[771.734,222.7,44.317,-0.04,0,0.999,0,1,0,-0.999,0,-0.04],"_humanoidState":8,"_cameraCFrame":[778.688,237.969,42.358,-0.03,-0.891,0.454,0,0.454,0.891,-1,0.027,-0.014],"_shiftlockState":true,"_pose":"Running","_animationQueue":[],"_animationSpeed":1.101,"_zoom":15.45},{"_mousePosition":[683,384],"_rootPartCFrame":[771.401,222.7,44.331,-0.03,0,1,0,1,0,-1,0,-0.03],"_humanoidState":8,"_cameraCFrame":[778.237,238.041,42.469,-0.016,-0.896,0.444,0,0.444,0.896,-1,0.015,-0.007],"_shiftlockState":true,"_pose":"Running","_animationQueue":[["walk",0.1]],"_animationSpeed":1.101,"_zoom":15.45},{"_mousePosition":[683,384],"_rootPartCFrame":[771.134,222.7,44.339,-0.016,0,1,0,1,0,-1,0,-0.016],"_humanoidState":8,"_cameraCFrame":[777.842,238.118,42.585,-0.001,-0.901,0.434,0,0.434,0.901,-1,0.001,0],"_shiftlockState":true,"_pose":"Running","_animationQueue":[],"_animationSpeed":1.101,"_zoom":15.45},{"_mousePosition":[683,384],"_rootPartCFrame":[770.867,222.7,44.344,-0.001,0,1,0,1,0,-1,0,-0.001],"_humanoidState":8,"_cameraCFrame":[777.48,238.177,42.7,0.016,-0.905,0.426,0,0.426,0.905,-1,-0.015,0.007],"_shiftlockState":true,"_pose":"Running","_animationQueue":[],"_animationSpeed":1.101,"_zoom":15.45},{"_mousePosition":[683,384],"_rootPartCFrame":[770.668,222.7,44.345,0.016,0,1,0,1,0,-1,0,0.016],"_humanoidState":8,"_cameraCFrame":[777.169,238.24,42.801,0.032,-0.908,0.417,0,0.417,0.909,-0.999,-0.029,0.013],"_shiftlockState":true,"_pose":"Running","_animationQueue":[],"_animationSpeed":1.101,"_zoom":15.45},{"_mousePosition":[683,384],"_rootPartCFrame":[770.268,222.7,44.339,0.032,0,0.999,0,1,0,-0.999,0,0.032],"_humanoidState":8,"_cameraCFrame":[776.665,238.296,42.878,0.045,-0.911,0.409,0,0.409,0.912,-0.999,-0.041,0.019],"_shiftlockState":true,"_pose":"Running","_animationQueue":[],"_animationSpeed":1.101,"_zoom":15.45},{"_mousePosition":[683,384],"_rootPartCFrame":[770.001,223.563,44.335,0.045,0,0.999,0,1,0,-0.999,0,0.045],"_humanoidState":3,"_cameraCFrame":[776.308,239.205,42.922,0.054,-0.914,0.402,0,0.403,0.915,-0.999,-0.049,0.022],"_shiftlockState":true,"_pose":"Jumping","_animationQueue":[["walk",0.1],["jump",0.1]],"_animationSpeed":1,"_zoom":15.45},{"_mousePosition":[683,384],"_rootPartCFrame":[769.801,224.174,44.327,0.053,0,0.999,0,1,0,-0.999,0,0.053],"_humanoidState":5,"_cameraCFrame":[775.99,239.871,42.94,0.059,-0.917,0.394,0,0.395,0.919,-0.998,-0.054,0.023],"_shiftlockState":true,"_pose":"FreeFall","_animationQueue":[["jump",0.1]],"_animationSpeed":1,"_zoom":15.45},{"_mousePosition":[683,384],"_rootPartCFrame":[769.535,224.941,44.313,0.058,0,0.998,0,1,0,-0.998,0,0.058],"_humanoidState":5,"_cameraCFrame":[775.568,240.706,42.935,0.062,-0.921,0.383,0,0.384,0.923,-0.998,-0.057,0.024],"_shiftlockState":true,"_pose":"FreeFall","_animationQueue":[],"_animationSpeed":1,"_zoom":15.45},{"_mousePosition":[683,384],"_rootPartCFrame":[769.202,225.824,44.293,0.062,0,0.998,0,1,0,-0.998,0,0.062],"_humanoidState":5,"_cameraCFrame":[775.109,241.641,42.908,0.062,-0.925,0.375,0,0.376,0.927,-0.998,-0.058,0.023],"_shiftlockState":true,"_pose":"FreeFall","_animationQueue":[],"_animationSpeed":1,"_zoom":15.45},{"_mousePosition":[683,384],"_rootPartCFrame":[769.003,226.313,44.281,0.062,0,0.998,0,1,0,-0.998,0,0.062],"_humanoidState":5,"_cameraCFrame":[774.802,242.172,42.877,0.06,-0.928,0.369,0,0.369,0.929,-0.998,-0.056,0.022],"_shiftlockState":true,"_pose":"FreeFall","_animationQueue":[],"_animationSpeed":1,"_zoom":15.45},{"_mousePosition":[683,384],"_rootPartCFrame":[768.67,227.06,44.26,0.06,0,0.998,0,1,0,-0.998,0,0.06],"_humanoidState":5,"_cameraCFrame":[774.384,242.95,42.833,0.057,-0.93,0.363,0,0.364,0.931,-0.998,-0.053,0.021],"_shiftlockState":true,"_pose":"FreeFall","_animationQueue":[],"_animationSpeed":1,"_zoom":15.45},{"_mousePosition":[683,384],"_rootPartCFrame":[768.47,227.467,44.248,0.057,0,0.998,0,1,0,-0.998,0,0.057],"_humanoidState":5,"_cameraCFrame":[774.124,243.38,42.806,0.055,-0.931,0.36,0,0.36,0.933,-0.998,-0.051,0.02],"_shiftlockState":true,"_pose":"FreeFall","_animationQueue":[],"_animationSpeed":1,"_zoom":15.45},{"_mousePosition":[683,384],"_rootPartCFrame":[768.138,228.077,44.229,0.055,0,0.998,0,1,0,-0.998,0,0.055],"_humanoidState":5,"_cameraCFrame":[773.73,244.012,42.772,0.053,-0.933,0.356,0,0.356,0.934,-0.999,-0.049,0.019],"_shiftlockState":true,"_pose":"FreeFall","_animationQueue":[],"_animationSpeed":1,"_zoom":15.45},{"_mousePosition":[683,384],"_rootPartCFrame":[767.938,228.402,44.218,0.053,0,0.999,0,1,0,-0.999,0,0.053],"_humanoidState":5,"_cameraCFrame":[773.457,244.364,42.746,0.051,-0.935,0.351,0,0.352,0.936,-0.999,-0.047,0.018],"_shiftlockState":true,"_pose":"FreeFall","_animationQueue":[],"_animationSpeed":1,"_zoom":15.45},{"_mousePosition":[683,384],"_rootPartCFrame":[767.605,228.876,44.2,0.051,0,0.999,0,1,0,-0.999,0,0.051],"_humanoidState":5,"_cameraCFrame":[773.066,244.86,42.725,0.051,-0.936,0.348,0,0.348,0.937,-0.999,-0.047,0.018],"_shiftlockState":true,"_pose":"FreeFall","_animationQueue":[],"_animationSpeed":1,"_zoom":15.45},{"_mousePosition":[683,384],"_rootPartCFrame":[767.405,229.12,44.19,0.051,0,0.999,0,1,0,-0.999,0,0.051],"_humanoidState":5,"_cameraCFrame":[772.808,245.125,42.712,0.051,-0.938,0.344,0,0.344,0.939,-0.999,-0.048,0.017],"_shiftlockState":true,"_pose":"FreeFall","_animationQueue":[],"_animationSpeed":1,"_zoom":15.45},{"_mousePosition":[683,384],"_rootPartCFrame":[767.139,229.397,44.177,0.051,0,0.999,0,1,0,-0.999,0,0.051],"_humanoidState":5,"_cameraCFrame":[772.495,245.419,42.696,0.051,-0.939,0.341,0,0.341,0.94,-0.999,-0.048,0.017],"_shiftlockState":true,"_pose":"FreeFall","_animationQueue":[],"_animationSpeed":1,"_zoom":15.45},{"_mousePosition":[683,384],"_rootPartCFrame":[766.806,229.666,44.16,0.051,0,0.999,0,1,0,-0.999,0,0.051],"_humanoidState":5,"_cameraCFrame":[772.14,245.697,42.684,0.052,-0.939,0.339,0,0.34,0.94,-0.999,-0.049,0.018],"_shiftlockState":true,"_pose":"FreeFall","_animationQueue":[],"_animationSpeed":1,"_zoom":15.45},{"_mousePosition":[683,384],"_rootPartCFrame":[766.606,229.787,44.15,0.052,0,0.999,0,1,0,-0.999,0,0.052],"_humanoidState":5,"_cameraCFrame":[771.93,245.822,42.678,0.053,-0.939,0.339,0,0.339,0.941,-0.999,-0.05,0.018],"_shiftlockState":true,"_pose":"FreeFall","_animationQueue":[],"_animationSpeed":1,"_zoom":15.45},{"_mousePosition":[683,384],"_rootPartCFrame":[766.273,229.921,44.132,0.053,0,0.999,0,1,0,-0.999,0,0.053],"_humanoidState":5,"_cameraCFrame":[771.589,245.96,42.672,0.055,-0.94,0.338,0,0.338,0.941,-0.998,-0.052,0.019],"_shiftlockState":true,"_pose":"FreeFall","_animationQueue":[],"_animationSpeed":1,"_zoom":15.45},{"_mousePosition":[683,384],"_rootPartCFrame":[766.007,229.966,44.118,0.055,0,0.999,0,1,0,-0.999,0,0.055],"_humanoidState":5,"_cameraCFrame":[771.314,246.009,42.668,0.057,-0.94,0.337,0,0.338,0.941,-0.998,-0.054,0.019],"_shiftlockState":true,"_pose":"FreeFall","_animationQueue":[],"_animationSpeed":1,"_zoom":15.45},{"_mousePosition":[683,384],"_rootPartCFrame":[765.741,229.957,44.104,0.057,0,0.998,0,1,0,-0.998,0,0.057],"_humanoidState":5,"_cameraCFrame":[771.039,246.005,42.664,0.059,-0.94,0.336,0,0.337,0.942,-0.998,-0.056,0.02],"_shiftlockState":true,"_pose":"FreeFall","_animationQueue":[["fall",0.3]],"_animationSpeed":1,"_zoom":15.45},{"_mousePosition":[683,384],"_rootPartCFrame":[765.541,229.914,44.093,0.059,0,0.998,0,1,0,-0.998,0,0.059],"_humanoidState":5,"_cameraCFrame":[770.832,245.966,42.669,0.062,-0.94,0.335,0,0.336,0.942,-0.998,-0.059,0.021],"_shiftlockState":true,"_pose":"FreeFall","_animationQueue":[],"_animationSpeed":1,"_zoom":15.45},{"_mousePosition":[683,384],"_rootPartCFrame":[765.275,229.81,44.077,0.062,0,0.998,0,1,0,-0.998,0,0.062],"_humanoidState":5,"_cameraCFrame":[770.567,245.862,42.659,0.063,-0.94,0.335,0,0.336,0.942,-0.998,-0.06,0.021],"_shiftlockState":true,"_pose":"FreeFall","_animationQueue":[],"_animationSpeed":1,"_zoom":15.45},{"_mousePosition":[683,384],"_rootPartCFrame":[764.942,229.603,44.056,0.063,0,0.998,0,1,0,-0.998,0,0.063],"_humanoidState":5,"_cameraCFrame":[770.223,245.659,42.637,0.063,-0.94,0.335,0,0.335,0.942,-0.998,-0.06,0.021],"_shiftlockState":true,"_pose":"FreeFall","_animationQueue":[],"_animationSpeed":1,"_zoom":15.45},{"_mousePosition":[683,384],"_rootPartCFrame":[764.742,229.437,44.044,0.063,0,0.998,0,1,0,-0.998,0,0.063],"_humanoidState":5,"_cameraCFrame":[770.001,245.502,42.629,0.064,-0.941,0.333,0,0.334,0.943,-0.998,-0.061,0.021],"_shiftlockState":true,"_pose":"FreeFall","_animationQueue":[],"_animationSpeed":1,"_zoom":15.45},{"_mousePosition":[683,384],"_rootPartCFrame":[764.41,229.094,44.023,0.064,0,0.998,0,1,0,-0.998,0,0.064],"_humanoidState":5,"_cameraCFrame":[769.585,245.187,42.597,0.063,-0.943,0.328,0,0.328,0.945,-0.998,-0.06,0.021],"_shiftlockState":true,"_pose":"FreeFall","_animationQueue":[],"_animationSpeed":1,"_zoom":15.45},{"_mousePosition":[683,384],"_rootPartCFrame":[764.144,228.758,44.006,0.063,0,0.998,0,1,0,-0.998,0,0.063],"_humanoidState":5,"_cameraCFrame":[769.164,244.899,42.524,0.054,-0.946,0.319,0,0.319,0.948,-0.999,-0.051,0.017],"_shiftlockState":true,"_pose":"FreeFall","_animationQueue":[["fall",0.3]],"_animationSpeed":1,"_zoom":15.45},{"_mousePosition":[683,384],"_rootPartCFrame":[763.878,228.367,43.989,0.055,0,0.999,0,1,0,-0.999,0,0.055],"_humanoidState":5,"_cameraCFrame":[768.692,244.564,42.371,0.028,-0.951,0.308,0,0.309,0.951,-1,-0.026,0.009],"_shiftlockState":true,"_pose":"FreeFall","_animationQueue":[],"_animationSpeed":1,"_zoom":15.45},{"_mousePosition":[683,384],"_rootPartCFrame":[763.611,227.922,43.974,0.03,0,1,0,1,0,-1,0,0.03],"_humanoidState":5,"_cameraCFrame":[768.225,244.16,42.163,-0.013,-0.954,0.3,0,0.3,0.954,-1,0.013,-0.004],"_shiftlockState":true,"_pose":"FreeFall","_animationQueue":[],"_animationSpeed":1,"_zoom":15.45},{"_mousePosition":[683,384],"_rootPartCFrame":[763.411,227.552,43.968,-0.01,0,1,0,1,0,-1,0,-0.01],"_humanoidState":5,"_cameraCFrame":[767.757,243.835,41.877,-0.077,-0.954,0.29,0,0.291,0.957,-0.997,0.074,-0.022],"_shiftlockState":true,"_pose":"FreeFall","_animationQueue":[],"_animationSpeed":1,"_zoom":15.45},{"_mousePosition":[683,384],"_rootPartCFrame":[763.145,227.012,43.969,-0.07,0,0.998,0,1,0,-0.998,0,-0.07],"_humanoidState":5,"_cameraCFrame":[767.171,243.334,41.543,-0.16,-0.947,0.279,0,0.282,0.959,-0.987,0.154,-0.045],"_shiftlockState":true,"_pose":"FreeFall","_animationQueue":[],"_animationSpeed":1,"_zoom":15.45},{"_mousePosition":[683,384],"_rootPartCFrame":[762.812,226.26,43.992,-0.147,0,0.989,0,1,0,-0.989,0,-0.147],"_humanoidState":5,"_cameraCFrame":[766.485,242.609,41.203,-0.257,-0.929,0.267,0,0.276,0.961,-0.966,0.247,-0.071],"_shiftlockState":true,"_pose":"FreeFall","_animationQueue":[],"_animationSpeed":1,"_zoom":15.45},{"_mousePosition":[683,384],"_rootPartCFrame":[762.549,225.597,44.03,-0.245,0,0.969,0,1,0,-0.969,0,-0.245],"_humanoidState":5,"_cameraCFrame":[765.746,241.967,40.799,-0.385,-0.888,0.251,0,0.272,0.962,-0.923,0.371,-0.105],"_shiftlockState":true,"_pose":"FreeFall","_animationQueue":[],"_animationSpeed":1,"_zoom":15.45},{"_mousePosition":[683,384],"_rootPartCFrame":[762.29,224.879,44.048,-0.302,0,0.953,0,1,0,-0.953,0,-0.302],"_humanoidState":5,"_cameraCFrame":[765.002,241.256,40.428,-0.506,-0.831,0.233,0,0.27,0.963,-0.863,0.487,-0.137],"_shiftlockState":true,"_pose":"FreeFall","_animationQueue":[["fall",0.3]],"_animationSpeed":1,"_zoom":15.45},{"_mousePosition":[683,384],"_rootPartCFrame":[762.093,224.77,43.989,-0.485,0,0.874,0,1,0,-0.874,0,-0.485],"_humanoidState":7,"_cameraCFrame":[764.317,241.161,40.101,-0.605,-0.767,0.212,0,0.267,0.964,-0.796,0.583,-0.161],"_shiftlockState":true,"_pose":"FreeFall","_animationQueue":[["walk",0.1],["fall",0.3],["fall",0.3]],"_animationSpeed":1,"_zoom":15.45},{"_mousePosition":[683,384],"_rootPartCFrame":[761.955,224.768,43.949,-0.609,0,0.793,0,1,0,-0.793,0,-0.609],"_humanoidState":7,"_cameraCFrame":[763.617,241.201,39.945,-0.69,-0.699,0.186,0,0.257,0.966,-0.723,0.667,-0.177],"_shiftlockState":true,"_pose":"FreeFall","_animationQueue":[],"_animationSpeed":1,"_zoom":15.45},{"_mousePosition":[683,384],"_rootPartCFrame":[761.674,224.768,43.908,-0.698,0,0.716,0,1,0,-0.716,0,-0.698],"_humanoidState":8,"_cameraCFrame":[762.915,241.238,39.891,-0.746,-0.646,0.165,0,0.247,0.969,-0.666,0.722,-0.184],"_shiftlockState":true,"_pose":"Running","_animationQueue":[["walk",0.1],["fall",0.3],["walk",0.1]],"_animationSpeed":0.794,"_zoom":15.45},{"_mousePosition":[683,384],"_rootPartCFrame":[761.485,224.768,43.9,-0.747,0,0.665,0,1,0,-0.665,0,-0.747],"_humanoidState":8,"_cameraCFrame":[762.476,241.266,39.916,-0.775,-0.614,0.152,0,0.24,0.971,-0.632,0.752,-0.186],"_shiftlockState":true,"_pose":"Running","_animationQueue":[],"_animationSpeed":0.794,"_zoom":15.45},{"_mousePosition":[683,384],"_rootPartCFrame":[761.344,224.768,43.906,-0.775,0,0.632,0,1,0,-0.632,0,-0.775],"_humanoidState":8,"_cameraCFrame":[762.165,241.284,39.951,-0.794,-0.59,0.143,0,0.236,0.972,-0.607,0.772,-0.187],"_shiftlockState":true,"_pose":"Running","_animationQueue":[],"_animationSpeed":0.794,"_zoom":15.45},{"_mousePosition":[683,384],"_rootPartCFrame":[761.133,224.768,43.779,-0.794,0,0.607,0,1,0,-0.607,0,-0.794],"_humanoidState":8,"_cameraCFrame":[761.867,241.295,39.851,-0.803,-0.579,0.139,0,0.233,0.973,-0.596,0.781,-0.187],"_shiftlockState":true,"_pose":"Running","_animationQueue":[],"_animationSpeed":0.794,"_zoom":15.45},{"_mousePosition":[683,384],"_rootPartCFrame":[760.967,224.768,43.651,-0.803,0,0.596,0,1,0,-0.596,0,-0.803],"_humanoidState":8,"_cameraCFrame":[761.616,241.307,39.752,-0.812,-0.568,0.134,0,0.229,0.973,-0.584,0.79,-0.186],"_shiftlockState":true,"_pose":"Running","_animationQueue":[["walk",0.1],["walk",0.1]],"_animationSpeed":0.868,"_zoom":15.45},{"_mousePosition":[683,384],"_rootPartCFrame":[760.842,224.786,43.558,-0.812,0,0.584,0,1,0,-0.584,0,-0.812],"_humanoidState":8,"_cameraCFrame":[761.393,241.336,39.688,-0.822,-0.555,0.129,0,0.226,0.974,-0.569,0.801,-0.186],"_shiftlockState":true,"_pose":"Running","_animationQueue":[],"_animationSpeed":0.868,"_zoom":15.45},{"_mousePosition":[683,384],"_rootPartCFrame":[760.674,224.854,43.437,-0.822,0,0.569,0,1,0,-0.569,0,-0.822],"_humanoidState":8,"_cameraCFrame":[761.088,241.421,39.615,-0.836,-0.535,0.122,0,0.222,0.975,-0.548,0.815,-0.185],"_shiftlockState":true,"_pose":"Running","_animationQueue":[],"_animationSpeed":0.868,"_zoom":15.45},{"_mousePosition":[683,384],"_rootPartCFrame":[760.463,225.032,43.289,-0.836,0,0.548,0,1,0,-0.548,0,-0.836],"_humanoidState":8,"_cameraCFrame":[760.796,241.604,39.482,-0.846,-0.52,0.117,0,0.22,0.976,-0.534,0.825,-0.186],"_shiftlockState":true,"_pose":"Running","_animationQueue":[],"_animationSpeed":0.868,"_zoom":15.45},{"_mousePosition":[683,384],"_rootPartCFrame":[760.335,225.157,43.205,-0.846,0,0.534,0,1,0,-0.534,0,-0.846],"_humanoidState":8,"_cameraCFrame":[760.621,241.732,39.404,-0.851,-0.512,0.115,0,0.219,0.976,-0.525,0.831,-0.187],"_shiftlockState":true,"_pose":"Running","_animationQueue":[],"_animationSpeed":0.868,"_zoom":15.45},{"_mousePosition":[683,384],"_rootPartCFrame":[760.163,225.326,43.095,-0.851,0,0.525,0,1,0,-0.525,0,-0.851],"_humanoidState":8,"_cameraCFrame":[760.468,241.898,39.285,-0.85,-0.514,0.116,0,0.22,0.976,-0.527,0.829,-0.187],"_shiftlockState":true,"_pose":"Running","_animationQueue":[],"_animationSpeed":0.868,"_zoom":15.45},{"_mousePosition":[683,384],"_rootPartCFrame":[759.947,225.535,42.962,-0.85,0,0.527,0,1,0,-0.527,0,-0.85],"_humanoidState":8,"_cameraCFrame":[760.345,242.101,39.139,-0.838,-0.531,0.121,0,0.222,0.975,-0.545,0.818,-0.186],"_shiftlockState":true,"_pose":"Running","_animationQueue":[],"_animationSpeed":0.868,"_zoom":15.45},{"_mousePosition":[683,384],"_rootPartCFrame":[759.817,225.665,42.882,-0.838,0,0.545,0,1,0,-0.545,0,-0.838],"_humanoidState":8,"_cameraCFrame":[760.355,242.232,39.075,-0.818,-0.561,0.127,0,0.222,0.975,-0.575,0.798,-0.181],"_shiftlockState":true,"_pose":"Running","_animationQueue":[["walk",0.1]],"_animationSpeed":0.868,"_zoom":15.45},{"_mousePosition":[683,384],"_rootPartCFrame":[759.646,225.846,42.771,-0.818,0,0.575,0,1,0,-0.575,0,-0.818],"_humanoidState":8,"_cameraCFrame":[760.329,242.426,39.043,-0.789,-0.599,0.134,0,0.218,0.976,-0.614,0.77,-0.172],"_shiftlockState":true,"_pose":"Running","_animationQueue":[],"_animationSpeed":0.868,"_zoom":15.45},{"_mousePosition":[683,384],"_rootPartCFrame":[759.434,226.069,42.624,-0.789,0,0.614,0,1,0,-0.614,0,-0.789],"_humanoidState":8,"_cameraCFrame":[760.18,242.668,38.984,-0.77,-0.624,0.135,0,0.212,0.977,-0.639,0.752,-0.163],"_shiftlockState":true,"_pose":"Running","_animationQueue":[],"_animationSpeed":0.868,"_zoom":15.45},{"_mousePosition":[683,384],"_rootPartCFrame":[759.268,226.248,42.497,-0.77,0,0.639,0,1,0,-0.639,0,-0.77],"_humanoidState":8,"_cameraCFrame":[759.989,242.868,38.94,-0.763,-0.633,0.133,0,0.206,0.979,-0.647,0.747,-0.157],"_shiftlockState":true,"_pose":"Running","_animationQueue":[],"_animationSpeed":0.868,"_zoom":15.45},{"_mousePosition":[683,384],"_rootPartCFrame":[759.146,226.358,42.396,-0.763,0,0.647,0,1,0,-0.647,0,-0.763],"_humanoidState":8,"_cameraCFrame":[759.759,243.002,38.927,-0.768,-0.627,0.127,0,0.198,0.98,-0.64,0.753,-0.152],"_shiftlockState":true,"_pose":"Running","_animationQueue":[],"_animationSpeed":0.868,"_zoom":15.45},{"_mousePosition":[683,384],"_rootPartCFrame":[758.903,226.486,42.191,-0.768,0,0.64,0,1,0,-0.64,0,-0.768],"_humanoidState":8,"_cameraCFrame":[759.328,243.155,38.8,-0.789,-0.604,0.117,0,0.19,0.982,-0.615,0.774,-0.15],"_shiftlockState":true,"_pose":"Running","_animationQueue":[],"_animationSpeed":0.868,"_zoom":15.45},{"_mousePosition":[683,384],"_rootPartCFrame":[758.742,226.633,42.054,-0.789,0,0.615,0,1,0,-0.615,0,-0.789],"_humanoidState":8,"_cameraCFrame":[758.915,243.321,38.725,-0.823,-0.559,0.104,0,0.184,0.983,-0.568,0.809,-0.151],"_shiftlockState":true,"_pose":"Running","_animationQueue":[["walk",0.1]],"_animationSpeed":0.868,"_zoom":15.45},{"_mousePosition":[683,384],"_rootPartCFrame":[758.58,226.795,41.917,-0.823,0,0.568,0,1,0,-0.568,0,-0.823],"_humanoidState":8,"_cameraCFrame":[758.377,243.492,38.631,-0.878,-0.471,0.086,0,0.18,0.984,-0.478,0.864,-0.158],"_shiftlockState":true,"_pose":"Running","_animationQueue":[],"_animationSpeed":0.868,"_zoom":15.45},{"_mousePosition":[683,384],"_rootPartCFrame":[758.418,227.658,41.78,-0.878,0,0.478,0,1,0,-0.478,0,-0.878],"_humanoidState":3,"_cameraCFrame":[757.914,244.355,38.527,-0.918,-0.389,0.071,0,0.18,0.984,-0.396,0.903,-0.166],"_shiftlockState":true,"_pose":"Jumping","_animationQueue":[["walk",0.1],["jump",0.1]],"_animationSpeed":1,"_zoom":15.45},{"_mousePosition":[683,384],"_rootPartCFrame":[758.232,228.466,41.646,-0.878,0,0.478,0,1,0,-0.478,0,-0.878],"_humanoidState":5,"_cameraCFrame":[757.366,245.172,38.513,-0.956,-0.29,0.052,0,0.177,0.984,-0.294,0.941,-0.169],"_shiftlockState":true,"_pose":"FreeFall","_animationQueue":[["jump",0.1]],"_animationSpeed":1,"_zoom":15.45},{"_mousePosition":[683,384],"_rootPartCFrame":[758.068,229.037,41.555,-0.923,0,0.384,0,1,0,-0.384,0,-0.923],"_humanoidState":5,"_cameraCFrame":[756.866,245.752,38.586,-0.981,-0.189,0.033,0,0.174,0.985,-0.192,0.967,-0.17],"_shiftlockState":true,"_pose":"FreeFall","_animationQueue":[],"_animationSpeed":1,"_zoom":15.45},{"_mousePosition":[683,384],"_rootPartCFrame":[757.827,229.75,41.458,-0.948,0,0.32,0,1,0,-0.32,0,-0.948],"_humanoidState":5,"_cameraCFrame":[756.33,246.465,38.626,-0.996,-0.09,0.016,0,0.174,0.985,-0.091,0.981,-0.173],"_shiftlockState":true,"_pose":"FreeFall","_animationQueue":[],"_animationSpeed":1,"_zoom":15.45},{"_mousePosition":[683,384],"_rootPartCFrame":[757.504,230.564,41.382,-0.967,0,0.255,0,1,0,-0.255,0,-0.967],"_humanoidState":5,"_cameraCFrame":[755.792,247.28,38.675,-1,-0.014,0.002,0,0.174,0.985,-0.014,0.985,-0.174],"_shiftlockState":true,"_pose":"FreeFall","_animationQueue":[],"_animationSpeed":1,"_zoom":15.45},{"_mousePosition":[683,384],"_rootPartCFrame":[757.24,231.155,41.351,-0.989,0,0.147,0,1,0,-0.147,0,-0.989],"_humanoidState":5,"_cameraCFrame":[755.331,247.871,38.778,-0.998,0.059,-0.01,0,0.174,0.985,0.06,0.983,-0.173],"_shiftlockState":true,"_pose":"FreeFall","_animationQueue":[],"_animationSpeed":1,"_zoom":15.45},{"_mousePosition":[683,384],"_rootPartCFrame":[756.973,231.691,41.342,-0.997,0,0.073,0,1,0,-0.073,0,-0.997],"_humanoidState":5,"_cameraCFrame":[754.902,248.406,38.899,-0.992,0.123,-0.022,0,0.174,0.985,0.125,0.977,-0.172],"_shiftlockState":true,"_pose":"FreeFall","_animationQueue":[],"_animationSpeed":1,"_zoom":15.45},{"_mousePosition":[683,384],"_rootPartCFrame":[756.707,232.172,41.354,-1,0,0.008,0,1,0,-0.008,0,-1],"_humanoidState":5,"_cameraCFrame":[754.498,248.888,39.034,-0.983,0.179,-0.032,0,0.174,0.985,0.182,0.968,-0.171],"_shiftlockState":true,"_pose":"FreeFall","_animationQueue":[],"_animationSpeed":1,"_zoom":15.45},{"_mousePosition":[683,384],"_rootPartCFrame":[756.442,232.599,41.384,-0.999,0,-0.05,0,1,0,0.05,0,-0.999],"_humanoidState":5,"_cameraCFrame":[754.106,249.315,39.193,-0.971,0.234,-0.041,0,0.174,0.985,0.237,0.957,-0.169],"_shiftlockState":true,"_pose":"FreeFall","_animationQueue":[],"_animationSpeed":1,"_zoom":15.45},{"_mousePosition":[683,384],"_rootPartCFrame":[756.179,232.971,41.431,-0.994,0,-0.106,0,1,0,0.106,0,-0.994],"_humanoidState":5,"_cameraCFrame":[753.734,249.687,39.362,-0.958,0.282,-0.05,0,0.174,0.985,0.287,0.943,-0.166],"_shiftlockState":true,"_pose":"FreeFall","_animationQueue":[],"_animationSpeed":1,"_zoom":15.45},{"_mousePosition":[683,384],"_rootPartCFrame":[755.92,233.289,41.492,-0.988,0,-0.157,0,1,0,0.157,0,-0.988],"_humanoidState":5,"_cameraCFrame":[753.365,250.005,39.559,-0.941,0.333,-0.059,0,0.174,0.985,0.338,0.927,-0.163],"_shiftlockState":true,"_pose":"FreeFall","_animationQueue":[],"_animationSpeed":1,"_zoom":15.45},{"_mousePosition":[683,384],"_rootPartCFrame":[755.664,233.553,41.566,-0.978,0,-0.21,0,1,0,0.21,0,-0.978],"_humanoidState":5,"_cameraCFrame":[752.995,250.268,39.795,-0.918,0.39,-0.069,0,0.174,0.985,0.396,0.904,-0.159],"_shiftlockState":true,"_pose":"FreeFall","_animationQueue":[],"_animationSpeed":1,"_zoom":15.45},{"_mousePosition":[683,384],"_rootPartCFrame":[755.412,233.762,41.654,-0.963,0,-0.27,0,1,0,0.27,0,-0.963],"_humanoidState":5,"_cameraCFrame":[752.641,250.477,40.048,-0.893,0.444,-0.078,0,0.174,0.985,0.451,0.879,-0.155],"_shiftlockState":true,"_pose":"FreeFall","_animationQueue":[],"_animationSpeed":1,"_zoom":15.45},{"_mousePosition":[683,384],"_rootPartCFrame":[755.228,233.883,41.731,-0.933,0,-0.36,0,1,0,0.36,0,-0.933],"_humanoidState":5