[{"_mousePosition":[1243,366],"_rootPartCFrame":[776.024,222.976,47.142,0.003,0.003,1,0,1,-0.003,-1,0,0.003],"_humanoidState":8,"_cameraCFrame":[790.965,236.124,47.17,0.002,-0.615,0.789,0,0.789,0.615,-1,-0.001,0.001],"_shiftlockState":false,"_pose":"Standing","_animationQueue":[],"_animationSpeed":1,"_zoom":18.94},{"_mousePosition":[1243,366],"_rootPartCFrame":[776.024,222.782,47.142,0.003,0,1,0,1,0,-1,0,0.003],"_humanoidState":8,"_cameraCFrame":[790.959,235.93,47.17,0.002,-0.615,0.789,0,0.789,0.615,-1,-0.001,0.001],"_shiftlockState":false,"_pose":"Standing","_animationQueue":[],"_animationSpeed":1,"_zoom":18.94},{"_mousePosition":[1243,366],"_rootPartCFrame":[776.024,222.695,47.142,0.003,0,1,0,1,0,-1,0,0.003],"_humanoidState":8,"_cameraCFrame":[790.959,235.843,47.17,0.002,-0.615,0.789,0,0.789,0.615,-1,-0.001,0.001],"_shiftlockState":false,"_pose":"Standing","_animationQueue":[],"_animationSpeed":1,"_zoom":18.94},{"_mousePosition":[1213,364],"_rootPartCFrame":[776.024,222.655,47.142,0.003,0,1,0,1,0,-1,0,0.003],"_humanoidState":8,"_cameraCFrame":[790.959,235.802,47.17,0.002,-0.615,0.789,0,0.789,0.615,-1,-0.001,0.001],"_shiftlockState":false,"_pose":"Standing","_animationQueue":[],"_animationSpeed":1,"_zoom":18.94},{"_mousePosition":[1193,363],"_rootPartCFrame":[776.024,222.665,47.142,0.003,0,1,0,1,0,-1,0,0.003],"_humanoidState":8,"_cameraCFrame":[790.959,235.812,47.17,0.002,-0.615,0.789,0,0.789,0.615,-1,-0.001,0.001],"_shiftlockState":false,"_pose":"Standing","_animationQueue":[],"_animationSpeed":1,"_zoom":18.94},{"_mousePosition":[1074,352],"_rootPartCFrame":[775.863,222.679,47.142,0.003,0,1,0,1,0,-1,0,0.003],"_humanoidState":8,"_cameraCFrame":[790.798,235.827,47.17,0.002,-0.615,0.789,0,0.789,0.615,-1,-0.001,0.001],"_shiftlockState":false,"_pose":"Standing","_animationQueue":[],"_animationSpeed":1,"_zoom":18.94},{"_mousePosition":[1033,348],"_rootPartCFrame":[775.666,222.686,47.142,0.003,0,1,0,1,0,-1,0,0.003],"_humanoidState":8,"_cameraCFrame":[790.601,235.834,47.17,0.002,-0.615,0.789,0,0.789,0.615,-1,-0.001,0.001],"_shiftlockState":false,"_pose":"Running","_animationQueue":[["walk",0.1]],"_animationSpeed":1.003,"_zoom":18.94},{"_mousePosition":[883,339],"_rootPartCFrame":[775.4,222.692,47.141,0.003,0,1,0,1,0,-1,0,0.003],"_humanoidState":8,"_cameraCFrame":[790.335,235.84,47.169,0.002,-0.615,0.789,0,0.789,0.615,-1,-0.001,0.001],"_shiftlockState":false,"_pose":"Running","_animationQueue":[["walk",0.1]],"_animationSpeed":1.098,"_zoom":18.94},{"_mousePosition":[848,338],"_rootPartCFrame":[775.133,222.696,47.141,0.003,0,1,0,1,0,-1,0,0.003],"_humanoidState":8,"_cameraCFrame":[790.068,235.843,47.169,0.002,-0.615,0.789,0,0.789,0.615,-1,-0.001,0.001],"_shiftlockState":false,"_pose":"Running","_animationQueue":[],"_animationSpeed":1.098,"_zoom":18.94},{"_mousePosition":[781,340],"_rootPartCFrame":[774.8,222.698,47.14,0.003,0,1,0,1,0,-1,0,0.003],"_humanoidState":8,"_cameraCFrame":[789.735,235.845,47.168,0.002,-0.615,0.789,0,0.789,0.615,-1,-0.001,0.001],"_shiftlockState":false,"_pose":"Running","_animationQueue":[["walk",0.1]],"_animationSpeed":1.098,"_zoom":18.94},{"_mousePosition":[772,342],"_rootPartCFrame":[774.533,222.699,47.14,0.003,0,1,0,1,0,-1,0,0.003],"_humanoidState":8,"_cameraCFrame":[789.468,235.846,47.168,0.002,-0.615,0.789,0,0.789,0.615,-1,-0.001,0.001],"_shiftlockState":false,"_pose":"Running","_animationQueue":[],"_animationSpeed":1.098,"_zoom":18.94},{"_mousePosition":[772,342],"_rootPartCFrame":[774.267,222.699,47.139,0.002,0,1,0,1,0,-1,0,0.002],"_humanoidState":8,"_cameraCFrame":[789.069,236.015,47.058,-0.005,-0.624,0.782,0,0.782,0.624,-1,0.003,-0.004],"_shiftlockState":false,"_pose":"Running","_animationQueue":[],"_animationSpeed":1.098,"_zoom":18.94},{"_mousePosition":[772,342],"_rootPartCFrame":[774.067,222.699,47.139,0.002,0,1,0,1,0,-1,0,0.002],"_humanoidState":8,"_cameraCFrame":[788.666,236.264,46.983,-0.011,-0.637,0.771,0,0.771,0.637,-1,0.007,-0.008],"_shiftlockState":false,"_pose":"Running","_animationQueue":[],"_animationSpeed":1.098,"_zoom":18.94},{"_mousePosition":[772,342],"_rootPartCFrame":[773.733,222.699,47.14,0.001,0,1,0,1,0,-1,0,0.001],"_humanoidState":8,"_cameraCFrame":[787.976,236.683,46.913,-0.016,-0.659,0.752,0,0.752,0.659,-1,0.01,-0.012],"_shiftlockState":false,"_pose":"Running","_animationQueue":[],"_animationSpeed":1.098,"_zoom":18.94},{"_mousePosition":[772,342],"_rootPartCFrame":[773.467,222.7,47.143,0,0,1,0,1,0,-1,0,0],"_humanoidState":8,"_cameraCFrame":[787.276,237.158,46.822,-0.023,-0.684,0.729,0,0.729,0.684,-1,0.016,-0.017],"_shiftlockState":false,"_pose":"Running","_animationQueue":[],"_animationSpeed":1.098,"_zoom":18.94},{"_mousePosition":[772,342],"_rootPartCFrame":[773.2,222.7,47.147,-0.002,0,1,0,1,0,-1,0,-0.002],"_humanoidState":8,"_cameraCFrame":[786.45,237.726,46.686,-0.035,-0.714,0.7,0,0.7,0.714,-0.999,0.025,-0.024],"_shiftlockState":false,"_pose":"Running","_animationQueue":[["walk",0.1]],"_animationSpeed":1.098,"_zoom":18.94},{"_mousePosition":[772,342],"_rootPartCFrame":[773,222.7,47.151,-0.004,0,1,0,1,0,-1,0,-0.004],"_humanoidState":8,"_cameraCFrame":[785.621,238.31,46.58,-0.045,-0.744,0.666,0,0.667,0.745,-0.999,0.034,-0.03],"_shiftlockState":false,"_pose":"Running","_animationQueue":[],"_animationSpeed":1.098,"_zoom":18.94},{"_mousePosition":[772,342],"_rootPartCFrame":[772.601,222.7,47.165,-0.01,0,1,0,1,0,-1,0,-0.01],"_humanoidState":8,"_cameraCFrame":[784.58,238.857,46.535,-0.053,-0.773,0.632,0,0.633,0.774,-0.999,0.041,-0.033],"_shiftlockState":false,"_pose":"Running","_animationQueue":[],"_animationSpeed":1.098,"_zoom":18.94},{"_mousePosition":[772,342],"_rootPartCFrame":[772.334,222.7,47.177,-0.015,0,1,0,1,0,-1,0,-0.015],"_humanoidState":8,"_cameraCFrame":[783.673,239.356,46.509,-0.059,-0.799,0.599,0,0.6,0.8,-0.998,0.047,-0.035],"_shiftlockState":false,"_pose":"Running","_animationQueue":[],"_animationSpeed":1.098,"_zoom":18.94},{"_mousePosition":[772,342],"_rootPartCFrame":[772.068,222.7,47.191,-0.02,0,1,0,1,0,-1,0,-0.02],"_humanoidState":8,"_cameraCFrame":[782.773,239.81,46.526,-0.062,-0.823,0.565,0,0.566,0.824,-0.998,0.051,-0.035],"_shiftlockState":false,"_pose":"Running","_animationQueue":[],"_animationSpeed":1.098,"_zoom":18.94},{"_mousePosition":[772,342],"_rootPartCFrame":[771.935,222.7,47.198,-0.022,0,1,0,1,0,-1,0,-0.022],"_humanoidState":8,"_cameraCFrame":[781.86,240.318,46.572,-0.063,-0.849,0.524,0,0.525,0.851,-0.998,0.054,-0.033],"_shiftlockState":false,"_pose":"Running","_animationQueue":[],"_animationSpeed":1.098,"_zoom":18.94},{"_mousePosition":[772,342],"_rootPartCFrame":[771.602,223.783,47.218,-0.029,0,1,0,1,0,-1,0,-0.029],"_humanoidState":3,"_cameraCFrame":[781.004,241.714,46.624,-0.063,-0.866,0.496,0,0.497,0.868,-0.998,0.055,-0.031],"_shiftlockState":false,"_pose":"Jumping","_animationQueue":[["walk",0.1],["walk",0.1],["jump",0.1]],"_animationSpeed":1,"_zoom":18.94},{"_mousePosition":[772,342],"_rootPartCFrame":[771.336,224.592,47.234,-0.033,0,0.999,0,1,0,-0.999,0,-0.033],"_humanoidState":5,"_cameraCFrame":[780.125,242.861,46.716,-0.059,-0.884,0.464,0,0.465,0.885,-0.998,0.052,-0.027],"_shiftlockState":false,"_pose":"FreeFall","_animationQueue":[["jump",0.1]],"_animationSpeed":1,"_zoom":18.94},{"_mousePosition":[772,342],"_rootPartCFrame":[771.07,225.346,47.251,-0.038,0,0.999,0,1,0,-0.999,0,-0.038],"_humanoidState":5,"_cameraCFrame":[779.206,243.943,46.78,-0.058,-0.901,0.43,0,0.43,0.903,-0.998,0.052,-0.025],"_shiftlockState":false,"_pose":"FreeFall","_animationQueue":[],"_animationSpeed":1,"_zoom":18.94},{"_mousePosition":[772,342],"_rootPartCFrame":[770.804,226.045,47.267,-0.041,0,0.999,0,1,0,-0.999,0,-0.041],"_humanoidState":5,"_cameraCFrame":[778.298,244.933,46.786,-0.064,-0.916,0.396,0,0.396,0.918,-0.998,0.059,-0.025],"_shiftlockState":false,"_pose":"FreeFall","_animationQueue":[],"_animationSpeed":1,"_zoom":18.94},{"_mousePosition":[772,342],"_rootPartCFrame":[770.538,226.69,47.282,-0.043,0,0.999,0,1,0,-0.999,0,-0.043],"_humanoidState":5,"_cameraCFrame":[777.335,245.861,46.76,-0.077,-0.93,0.359,0,0.36,0.933,-0.997,0.071,-0.028],"_shiftlockState":false,"_pose":"FreeFall","_animationQueue":[],"_animationSpeed":1,"_zoom":18.94},{"_mousePosition":[772,342],"_rootPartCFrame":[770.338,227.138,47.295,-0.045,0,0.999,0,1,0,-0.999,0,-0.045],"_humanoidState":5,"_cameraCFrame":[776.893,246.4,46.791,-0.077,-0.935,0.346,0,0.347,0.938,-0.997,0.072,-0.027],"_shiftlockState":false,"_pose":"FreeFall","_animationQueue":[],"_animationSpeed":1,"_zoom":18.94},{"_mousePosition":[772,342],"_rootPartCFrame":[770.006,227.816,47.32,-0.05,0,0.999,0,1,0,-0.999,0,-0.05],"_humanoidState":5,"_cameraCFrame":[776.56,247.079,46.816,-0.077,-0.935,0.346,0,0.347,0.938,-0.997,0.072,-0.027],"_shiftlockState":false,"_pose":"FreeFall","_animationQueue":[],"_animationSpeed":1,"_zoom":18.94},{"_mousePosition":[772,342],"_rootPartCFrame":[769.806,228.182,47.335,-0.053,0,0.999,0,1,0,-0.999,0,-0.053],"_humanoidState":5,"_cameraCFrame":[776.361,247.445,46.832,-0.077,-0.935,0.346,0,0.347,0.938,-0.997,0.072,-0.027],"_shiftlockState":false,"_pose":"FreeFall","_animationQueue":[],"_animationSpeed":1,"_zoom":18.94},{"_mousePosition":[772,342],"_rootPartCFrame":[769.54,228.623,47.356,-0.056,0,0.998,0,1,0,-0.998,0,-0.056],"_humanoidState":5,"_cameraCFrame":[776.095,247.885,46.852,-0.077,-0.935,0.346,0,0.347,0.938,-0.997,0.072,-0.027],"_shiftlockState":false,"_pose":"FreeFall","_animationQueue":[],"_animationSpeed":1,"_zoom":18.94},{"_mousePosition":[772,342],"_rootPartCFrame":[769.275,229.009,47.376,-0.059,0,0.998,0,1,0,-0.998,0,-0.059],"_humanoidState":5,"_cameraCFrame":[775.829,248.271,46.873,-0.077,-0.935,0.346,0,0.347,0.938,-0.997,0.072,-0.027],"_shiftlockState":false,"_pose":"FreeFall","_animationQueue":[],"_animationSpeed":1,"_zoom":18.94},{"_mousePosition":[772,342],"_rootPartCFrame":[769.009,229.34,47.396,-0.061,0,0.998,0,1,0,-0.998,0,-0.061],"_humanoidState":5,"_cameraCFrame":[775.563,248.603,46.893,-0.077,-0.935,0.346,0,0.347,0.938,-0.997,0.072,-0.027],"_shiftlockState":false,"_pose":"FreeFall","_animationQueue":[],"_animationSpeed":1,"_zoom":18.94},{"_mousePosition":[772,342],"_rootPartCFrame":[768.743,229.617,47.417,-0.064,0,0.998,0,1,0,-0.998,0,-0.064],"_humanoidState":5,"_cameraCFrame":[775.298,248.88,46.913,-0.077,-0.935,0.346,0,0.347,0.938,-0.997,0.072,-0.027],"_shiftlockState":false,"_pose":"FreeFall","_animationQueue":[],"_animationSpeed":1,"_zoom":18.94},{"_mousePosition":[772,342],"_rootPartCFrame":[768.477,229.84,47.437,-0.065,0,0.998,0,1,0,-0.998,0,-0.065],"_humanoidState":5,"_cameraCFrame":[775.032,249.102,46.934,-0.077,-0.935,0.346,0,0.347,0.938,-0.997,0.072,-0.027],"_shiftlockState":false,"_pose":"FreeFall","_animationQueue":[],"_animationSpeed":1,"_zoom":18.94},{"_mousePosition":[772,342],"_rootPartCFrame":[768.211,230.008,47.458,-0.067,0,0.998,0,1,0,-0.998,0,-0.067],"_humanoidState":5,"_cameraCFrame":[774.766,249.27,46.954,-0.077,-0.935,0.346,0,0.347,0.938,-0.997,0.072,-0.027],"_shiftlockState":false,"_pose":"FreeFall","_animationQueue":[],"_animationSpeed":1,"_zoom":18.94},{"_mousePosition":[772,342],"_rootPartCFrame":[767.945,230.122,47.478,-0.068,0,0.998,0,1,0,-0.998,0,-0.068],"_humanoidState":5,"_cameraCFrame":[774.5,249.384,46.975,-0.077,-0.935,0.346,0,0.347,0.938,-0.997,0.072,-0.027],"_shiftlockState":false,"_pose":"FreeFall","_animationQueue":[],"_animationSpeed":1,"_zoom":18.94},{"_mousePosition":[772,342],"_rootPartCFrame":[767.679,230.181,47.499,-0.07,0,0.998,0,1,0,-0.998,0,-0.07],"_humanoidState":5,"_cameraCFrame":[774.231,249.443,46.954,-0.083,-0.935,0.346,0,0.347,0.938,-0.997,0.078,-0.029],"_shiftlockState":false,"_pose":"FreeFall","_animationQueue":[],"_animationSpeed":1,"_zoom":18.94},{"_mousePosition":[772,342],"_rootPartCFrame":[767.347,230.178,47.524,-0.071,0,0.997,0,1,0,-0.997,0,-0.071],"_humanoidState":5,"_cameraCFrame":[773.879,249.445,46.919,-0.092,-0.934,0.345,0,0.346,0.938,-0.996,0.087,-0.032],"_shiftlockState":false,"_pose":"FreeFall","_animationQueue":[],"_animationSpeed":1,"_zoom":18.94},{"_mousePosition":[772,342],"_rootPartCFrame":[767.148,230.135,47.54,-0.072,0,0.997,0,1,0,-0.997,0,-0.072],"_humanoidState":5,"_cameraCFrame":[773.592,249.434,46.923,-0.095,-0.935,0.34,0,0.342,0.94,-0.995,0.09,-0.033],"_shiftlockState":false,"_pose":"FreeFall","_animationQueue":[],"_animationSpeed":1,"_zoom":18.94},{"_mousePosition":[772,342],"_rootPartCFrame":[766.816,229.996,47.571,-0.075,0,0.997,0,1,0,-0.997,0,-0.075],"_humanoidState":5,"_cameraCFrame":[773.123,249.347,47.033,-0.085,-0.939,0.333,0,0.334,0.942,-0.996,0.08,-0.028],"_shiftlockState":false,"_pose":"FreeFall","_animationQueue":[],"_animationSpeed":1,"_zoom":18.94},{"_mousePosition":[772,342],"_rootPartCFrame":[766.617,229.872,47.59,-0.077,0,0.997,0,1,0,-0.997,0,-0.077],"_humanoidState":5,"_cameraCFrame":[772.747,249.288,47.209,-0.062,-0.944,0.324,0,0.324,0.946,-0.998,0.059,-0.02],"_shiftlockState":false,"_pose":"FreeFall","_animationQueue":[],"_animationSpeed":1,"_zoom":18.94},{"_mousePosition":[772,342],"_rootPartCFrame":[766.284,229.596,47.618,-0.079,0,0.997,0,1,0,-0.997,0,-0.079],"_humanoidState":5,"_cameraCFrame":[772.147,249.105,47.371,-0.042,-0.95,0.31,0,0.31,0.951,-0.999,0.04,-0.013],"_shiftlockState":false,"_pose":"FreeFall","_animationQueue":[],"_animationSpeed":1,"_zoom":18.94},{"_mousePosition":[772,342],"_rootPartCFrame":[766.085,229.39,47.632,-0.078,0,0.997,0,1,0,-0.997,0,-0.078],"_humanoidState":5,"_cameraCFrame":[771.658,248.991,47.444,-0.034,-0.955,0.294,0,0.294,0.956,-0.999,0.032,-0.01],"_shiftlockState":false,"_pose":"FreeFall","_animationQueue":[["fall",0.3]],"_animationSpeed":1,"_zoom":18.94},{"_mousePosition":[772,342],"_rootPartCFrame":[765.819,229.068,47.644,-0.074,0,0.997,0,1,0,-0.997,0,-0.074],"_humanoidState":5,"_cameraCFrame":[771.158,248.739,47.475,-0.032,-0.959,0.282,0,0.282,0.959,-0.999,0.03,-0.009],"_shiftlockState":false,"_pose":"FreeFall","_animationQueue":[],"_animationSpeed":1,"_zoom":18.94},{"_mousePosition":[772,342],"_rootPartCFrame":[765.552,228.691,47.653,-0.069,0,0.998,0,1,0,-0.998,0,-0.069],"_humanoidState":5,"_cameraCFrame":[770.642,248.433,47.492,-0.032,-0.963,0.269,0,0.269,0.963,-0.999,0.03,-0.009],"_shiftlockState":false,"_pose":"FreeFall","_animationQueue":[],"_animationSpeed":1,"_zoom":18.94},{"_mousePosition":[772,342],"_rootPartCFrame":[765.219,228.143,47.664,-0.063,0,0.998,0,1,0,-0.998,0,-0.063],"_humanoidState":5,"_cameraCFrame":[770.117,247.938,47.493,-0.035,-0.965,0.259,0,0.259,0.966,-0.999,0.034,-0.009],"_shiftlockState":false,"_pose":"FreeFall","_animationQueue":[],"_animationSpeed":1,"_zoom":18.94},{"_mousePosition":[772,342],"_rootPartCFrame":[764.952,227.643,47.672,-0.058,0,0.998,0,1,0,-0.998,0,-0.058],"_humanoidState":5,"_cameraCFrame":[769.657,247.489,47.484,-0.04,-0.968,0.248,0,0.249,0.969,-0.999,0.039,-0.01],"_shiftlockState":false,"_pose":"FreeFall","_animationQueue":[],"_animationSpeed":1,"_zoom":18.94},{"_mousePosition":[772,342],"_rootPartCFrame":[764.752,227.233,47.679,-0.056,0,0.998,0,1,0,-0.998,0,-0.056],"_humanoidState":5,"_cameraCFrame":[769.233,247.134,47.453,-0.05,-0.97,0.237,0,0.237,0.972,-0.999,0.049,-0.012],"_shiftlockState":false,"_pose":"FreeFall","_animationQueue":[],"_animationSpeed":1,"_zoom":18.94},{"_mousePosition":[772,342],"_rootPartCFrame":[764.419,226.481,47.692,-0.053,0,0.999,0,1,0,-0.999,0,-0.053],"_humanoidState":5,"_cameraCFrame":[768.675,246.434,47.423,-0.063,-0.972,0.225,0,0.225,0.974,-0.998,0.061,-0.014],"_shiftlockState":false,"_pose":"FreeFall","_animationQueue":[["fall",0.3]],"_animationSpeed":1,"_zoom":18.94},{"_mousePosition":[772,342],"_rootPartCFrame":[764.219,225.988,47.702,-0.052,0,0.999,0,1,0,-0.999,0,-0.052],"_humanoidState":5,"_cameraCFrame":[768.232,245.996,47.381,-0.08,-0.974,0.212,0,0.213,0.977,-0.997,0.078,-0.017],"_shiftlockState":false,"_pose":"FreeFall","_animationQueue":[],"_animationSpeed":1,"_zoom":18.94},{"_mousePosition":[772,342],"_rootPartCFrame":[763.887,225.1,47.722,-0.053,0,0.999,0,1,0,-0.999,0,-0.053],"_humanoidState":5,"_cameraCFrame":[767.701,245.148,47.365,-0.093,-0.975,0.201,0,0.202,0.979,-0.996,0.091,-0.019],"_shiftlockState":false,"_pose":"FreeFall","_animationQueue":[],"_animationSpeed":1,"_zoom":18.94},{"_mousePosition":[772,342],"_rootPartCFrame":[763.621,224.328,47.743,-0.056,0,0.998,0,1,0,-0.998,0,-0.056],"_humanoidState":5,"_cameraCFrame":[767.267,244.409,47.355,-0.106,-0.976,0.193,0,0.194,0.981,-0.994,0.104,-0.02],"_shiftlockState":false,"_pose":"FreeFall","_animationQueue":[],"_animationSpeed":1,"_zoom":18.94},{"_mousePosition":[772,342],"_rootPartCFrame":[763.355,223.501,47.767,-0.06,0,0.998,0,1,0,-0.998,0,-0.06],"_humanoidState":5,"_cameraCFrame":[766.893,243.603,47.353,-0.116,-0.976,0.187,0,0.188,0.982,-0.993,0.114,-0.022],"_shiftlockState":false,"_pose":"FreeFall","_animationQueue":[],"_animationSpeed":1,"_zoom":18.94},{"_mousePosition":[772,342],"_rootPartCFrame":[763.156,222.845,47.788,-0.065,0,0.998,0,1,0,-0.998,0,-0.065],"_humanoidState":7,"_cameraCFrame":[766.599,242.965,47.341,-0.129,-0.975,0.182,0,0.183,0.983,-0.992,0.126,-0.024],"_shiftlockState":false,"_pose":"FreeFall","_animationQueue":[["walk",0.1],["fall",0.3],["fall",0.3]],"_animationSpeed":1,"_zoom":18.94},{"_mousePosition":[772,342],"_rootPartCFrame":[762.892,222.214,47.818,-0.071,0,0.997,0,1,0,-0.997,0,-0.071],"_humanoidState":7,"_cameraCFrame":[766.209,242.355,47.342,-0.142,-0.974,0.175,0,0.177,0.984,-0.99,0.14,-0.025],"_shiftlockState":false,"_pose":"FreeFall","_animationQueue":[],"_animationSpeed":1,"_zoom":18.94},{"_mousePosition":[772,342],"_rootPartCFrame":[762.627,222.235,47.852,-0.079,0,0.997,0,1,0,-0.997,0,-0.079],"_humanoidState":7,"_cameraCFrame":[765.878,242.387,47.354,-0.151,-0.973,0.172,0,0.174,0.985,-0.988,0.149,-0.026],"_shiftlockState":false,"_pose":"FreeFall","_animationQueue":[["fall",0.3]],"_animationSpeed":1,"_zoom":18.94},{"_mousePosition":[772,342],"_rootPartCFrame":[762.363,222.319,47.89,-0.087,0,0.996,0,1,0,-0.996,0,-0.087],"_humanoidState":8,"_cameraCFrame":[765.61,242.472,47.364,-0.16,-0.972,0.171,0,0.174,0.985,-0.987,0.157,-0.028],"_shiftlockState":false,"_pose":"Running","_animationQueue":[["walk",0.1],["fall",0.3],["walk",0.1]],"_animationSpeed":1.103,"_zoom":18.94},{"_mousePosition":[772,342],"_rootPartCFrame":[762.099,222.377,47.93,-0.095,0,0.995,0,1,0,-0.995,0,-0.095],"_humanoidState":8,"_cameraCFrame":[765.342,242.53,47.381,-0.167,-0.971,0.171,0,0.174,0.985,-0.986,0.164,-0.029],"_shiftlockState":false,"_pose":"Running","_animationQueue":[],"_animationSpeed":1.103,"_zoom":18.94},{"_mousePosition":[772,342],"_rootPartCFrame":[761.836,222.411,47.972,-0.104,0,0.995,0,1,0,-0.995,0,-0.104],"_humanoidState":8,"_cameraCFrame":[765.074,242.563,47.393,-0.176,-0.969,0.171,0,0.174,0.985,-0.984,0.174,-0.031],"_shiftlockState":false,"_pose":"Running","_animationQueue":[],"_animationSpeed":1.103,"_zoom":18.94},{"_mousePosition":[772,342],"_rootPartCFrame":[761.507,223.481,48.025,-0.115,0,0.993,0,1,0,-0.993,0,-0.115],"_humanoidState":3,"_cameraCFrame":[764.74,243.633,47.419,-0.185,-0.968,0.171,0,0.174,0.985,-0.983,0.182,-0.032],"_shiftlockState":false,"_pose":"Jumping","_animationQueue":[["walk",0.1],["jump",0.1]],"_animationSpeed":1,"_zoom":18.94},{"_mousePosition":[772,342],"_rootPartCFrame":[761.31,224.082,48.06,-0.121,0,0.993,0,1,0,-0.993,0,-0.121],"_humanoidState":5,"_cameraCFrame":[764.537,244.234,47.426,-0.193,-0.966,0.17,0,0.174,0.985,-0.981,0.19,-0.033],"_shiftlockState":false,"_pose":"FreeFall","_animationQueue":[["jump",0.1]],"_animationSpeed":1,"_zoom":18.94},{"_mousePosition":[772,342],"_rootPartCFrame":[760.982,225.016,48.121,-0.132,0,0.991,0,1,0,-0.991,0,-0.132],"_humanoidState":5,"_cameraCFrame":[764.201,245.168,47.447,-0.205,-0.964,0.17,0,0.174,0.985,-0.979,0.202,-0.036],"_shiftlockState":false,"_pose":"FreeFall","_animationQueue":[],"_animationSpeed":1,"_zoom":18.94},{"_mousePosition":[772,342],"_rootPartCFrame":[760.786,225.535,48.159,-0.138,0,0.99,0,1,0,-0.99,0,-0.138],"_humanoidState":5,"_cameraCFrame":[763.995,245.687,47.438,-0.219,-0.961,0.169,0,0.174,0.985,-0.976,0.216,-0.038],"_shiftlockState":false,"_pose":"FreeFall","_animationQueue":[],"_animationSpeed":1,"_zoom":18.94},{"_mousePosition":[772,342],"_rootPartCFrame":[760.46,226.333,48.227,-0.149,0,0.989,0,1,0,-0.989,0,-0.149],"_humanoidState":5,"_cameraCFrame":[763.658,246.485,47.459,-0.234,-0.958,0.169,0,0.174,0.985,-0.972,0.23,-0.041],"_shiftlockState":false,"_pose":"FreeFall","_animationQueue":[],"_animationSpeed":1,"_zoom":18.94},{"_mousePosition":[772,342],"_rootPartCFrame":[760.265,226.77,48.271,-0.156,0,0.988,0,1,0,-0.988,0,-0.156],"_humanoidState":5,"_cameraCFrame":[763.449,246.923,47.449,-0.25,-0.954,0.168,0,0.174,0.985,-0.968,0.246,-0.043],"_shiftlockState":false,"_pose":"FreeFall","_animationQueue":[],"_animationSpeed":1,"_zoom":18.94},{"_mousePosition":[772,342],"_rootPartCFrame":[759.94,227.432,48.348,-0.168,0,0.986,0,1,0,-0.986,0,-0.168],"_humanoidState":5,"_cameraCFrame":[763.114,247.584,47.486,-0.262,-0.95,0.168,0,0.174,0.985,-0.965,0.258,-0.046],"_shiftlockState":false,"_pose":"FreeFall","_animationQueue":[],"_animationSpeed":1,"_zoom":18.94},{"_mousePosition":[772,342],"_rootPartCFrame":[759.747,227.788,48.397,-0.176,0,0.984,0,1,0,-0.984,0,-0.176],"_humanoidState":5,"_cameraCFrame":[762.909,247.94,47.496,-0.274,-0.947,0.167,0,0.174,0.985,-0.962,0.27,-0.048],"_shiftlockState":false,"_pose":"FreeFall","_animationQueue":[],"_animationSpeed":1,"_zoom":18.94},{"_mousePosition":[772,342],"_rootPartCFrame":[759.489,228.215,48.467,-0.188,0,0.982,0,1,0,-0.982,0,-0.188],"_humanoidState":5,"_cameraCFrame":[762.64,248.367,47.522,-0.287,-0.943,0.166,0,0.174,0.985,-0.958,0.283,-0.05],"_shiftlockState":false,"_pose":"FreeFall","_animationQueue":[],"_animationSpeed":1,"_zoom":18.94},{"_mousePosition":[772,342],"_rootPartCFrame":[759.169,228.672,48.558,-0.202,0,0.979,0,1,0,-0.979,0,-0.202],"_humanoidState":5,"_cameraCFrame":[762.309,248.824,47.58,-0.297,-0.94,0.166,0,0.174,0.985,-0.955,0.293,-0.052],"_shiftlockState":false,"_pose":"FreeFall","_animationQueue":[],"_animationSpeed":1,"_zoom":18.94},{"_mousePosition":[772,342],"_rootPartCFrame":[758.977,228.905,48.615,-0.211,0,0.978,0,1,0,-0.978,0,-0.211],"_humanoidState":5,"_cameraCFrame":[762.102,249.057,47.591,-0.311,-0.936,0.165,0,0.174,0.985,-0.95,0.306,-0.054],"_shiftlockState":false,"_pose":"FreeFall","_animationQueue":[],"_animationSpeed":1,"_zoom":18.94},{"_mousePosition":[772,342],"_rootPartCFrame":[758.722,229.168,48.693,-0.222,0,0.975,0,1,0,-0.975,0,-0.222],"_humanoidState":5,"_cameraCFrame":[761.833,249.321,47.627,-0.324,-0.932,0.164,0,0.174,0.985,-0.946,0.319,-0.056],"_shiftlockState":false,"_pose":"FreeFall","_animationQueue":[],"_animationSpeed":1,"_zoom":18.94},{"_mousePosition":[772,342],"_rootPartCFrame":[758.469,229.377,48.776,-0.234,0,0.972,0,1,0,-0.972,0,-0.234],"_humanoidState":5,"_cameraCFrame":[761.566,249.529,47.671,-0.336,-0.928,0.164,0,0.174,0.985,-0.942,0.331,-0.058],"_shiftlockState":false,"_pose":"FreeFall","_animationQueue":[],"_animationSpeed":1,"_zoom":18.94},{"_mousePosition":[772,342],"_rootPartCFrame":[758.153,229.562,48.883,-0.249,0,0.968,0,1,0,-0.968,0,-0.249],"_humanoidState":5,"_cameraCFrame":[761.239,249.714,47.746,-0.346,-0.924,0.163,0,0.174,0.985,-0.938,0.341,-0.06],"_shiftlockState":false,"_pose":"FreeFall","_animationQueue":[],"_animationSpeed":1,"_zoom":18.94},{"_mousePosition":[772,342],"_rootPartCFrame":[757.965,229.631,48.95,-0.258,0,0.966,0,1,0,-0.966,0,-0.258],"_humanoidState":5,"_cameraCFrame":[761.04,249.784,47.784,-0.355,-0.921,0.162,0,0.174,0.985,-0.935,0.349,-0.062],"_shiftlockState":false,"_pose":"FreeFall","_animationQueue":[],"_animationSpeed":1,"_zoom":18.94},{"_mousePosition":[772,342],"_rootPartCFrame":[757.652,229.68,49.065,-0.273,0,0.962,0,1,0,-0.962,0,-0.273],"_humanoidState":5,"_cameraCFrame":[760.673,249.551,47.897,-0.361,-0.919,0.162,0,0.174,0.985,-0.933,0.355,-0.063],"_shiftlockState":false,"_pose":"FreeFall","_animationQueue":[],"_animationSpeed":1,"_zoom":14.752},{"_mousePosition":[772,342],"_rootPartCFrame":[757.465,229.668,49.136,-0.281,0,0.96,0,1,0,-0.96,0,-0.281],"_humanoidState":5,"_cameraCFrame":[760.368,248.875,47.989,-0.367,-0.916,0.162,0,0.174,0.985,-0.93,0.362,-0.064],"_shiftlockState":false,"_pose":"FreeFall","_animationQueue":[["fall",0.3]],"_animationSpeed":1,"_zoom":14.752},{"_mousePosition":[772,342],"_rootPartCFrame":[757.216,229.604,49.231,-0.292,0,0.956,0,1,0,-0.956,0,-0.292],"_humanoidState":5,"_cameraCFrame":[759.986,248.054,48.11,-0.375,-0.913,0.161,0,0.174,0.985,-0.927,0.369,-0.065],"_shiftlockState":false,"_pose":"FreeFall","_animationQueue":[],"_animationSpeed":1,"_zoom":14.752},{"_mousePosition":[772,342],"_rootPartCFrame":[756.968,229.486,49.329,-0.303,0,0.953,0,1,0,-0.953,0,-0.303],"_humanoidState":5,"_cameraCFrame":[759.633,247.344,48.228,-0.382,-0.91,0.16,0,0.174,0.985,-0.924,0.376,-0.066],"_shiftlockState":false,"_pose":"FreeFall","_animationQueue":[],"_animationSpeed":1,"_zoom":14.752},{"_mousePosition":[772,342],"_rootPartCFrame":[756.72,229.313,49.429,-0.312,0,0.95,0,1,0,-0.95,0,-0.312],"_humanoidState":5,"_cameraCFrame":[759.301,246.689,48.343,-0.388,-0.908,0.16,0,0.174,0.985,-0.922,0.382,-0.067],"_shiftlockState":false,"_pose":"FreeFall","_animationQueue":[],"_animationSpeed":1,"_zoom":14.752},{"_mousePosition":[772,342],"_rootPartCFrame":[756.474,229.086,49.53,-0.322,0,0.947,0,1,0,-0.947,0,-0.322],"_humanoidState":5,"_cameraCFrame":[758.988,246.089,48.457,-0.393,-0.906,0.16,0,0.174,0.985,-0.92,0.387,-0.068],"_shiftlockState":false,"_pose":"FreeFall","_animationQueue":[],"_animationSpeed":1,"_zoom":14.752},{"_mousePosition":[772,342],"_rootPartCFrame":[756.228,228.805,49.634,-0.331,0,0.944,0,1,0,-0.944,0,-0.331],"_humanoidState":5,"_cameraCFrame":[758.692,245.512,48.576,-0.394,-0.905,0.16,0,0.174,0.985,-0.919,0.388,-0.068],"_shiftlockState":false,"_pose":"FreeFall","_animationQueue":[],"_animationSpeed":1,"_zoom":14.752},{"_mousePosition":[772,342],"_rootPartCFrame":[755.982,228.469,49.738,-0.339,0,0.941,0,1,0,-0.941,0,-0.339],"_humanoidState":5,"_cameraCFrame":[758.412,244.964,48.695,-0.394,-0.905,0.16,0,0.174,0.985,-0.919,0.388,-0.068],"_shiftlockState":false,"_pose":"FreeFall","_animationQueue":[],"_animationSpeed":1,"_zoom":14.752},{"_mousePosition":[772,342],"_rootPartCFrame":[755.737,228.078,49.843,-0.347,0,0.938,0,1,0,-0.938,0,-0.347],"_humanoidState":5,"_cameraCFrame":[758.143,244.424,48.81,-0.394,-0.905,0.16,0,0.174,0.985,-0.919,0.388,-0.068],"_shiftlockState":false,"_pose":"FreeFall","_animationQueue":[["fall",0.3]],"_animationSpeed":1,"_zoom":14.752},{"_mousePosition":[772,342],"_rootPartCFrame":[755.492,227.633,49.948,-0.354,0,0.935,0,1,0,-0.935,0,-0.354],"_humanoidState":5,"_cameraCFrame":[757.881,243.876,48.923,-0.394,-0.905,0.16,0,0.174,0.985,-0.919,0.388,-0.068],"_shiftlockState":false,"_pose":"FreeFall","_animationQueue":[],"_animationSpeed":1,"_zoom":14.752},{"_mousePosition":[772,342],"_rootPartCFrame":[755.247,227.133,50.054,-0.36,0,0.933,0,1,0,-0.933,0,-0.36],"_humanoidState":5,"_cameraCFrame":[757.624,243.306,49.033,-0.394,-0.905,0.16,0,0.174,0.985,-0.919,0.388,-0.068],"_shiftlockState":false,"_pose":"FreeFall","_animationQueue":[],"_animationSpeed":1,"_zoom":14.752},{"_mousePosition":[772,342],"_rootPartCFrame":[755.002,226.579,50.159,-0.365,0,0.931,0,1,0,-0.931,0,-0.365],"_humanoidState":5,"_cameraCFrame":[757.372,242.708,49.141,-0.394,-0.905,0.16,0,0.174,0.985,-0.919,0.388,-0.068],"_shiftlockState":false,"_pose":"FreeFall","_animationQueue":[],"_animationSpeed":1,"_zoom":14.752},{"_mousePosition":[772,342],"_rootPartCFrame":[754.757,225.971,50.264,-0.369,0,0.93,0,1,0,-0.93,0,-0.369],"_humanoidState":5,"_cameraCFrame":[757.122,242.065,49.249,-0.394,-0.905,0.16,0,0.174,0.985,-0.919,0.388,-0.068],"_shiftlockState":false,"_pose":"FreeFall","_animationQueue":[],"_animationSpeed":1,"_zoom":14.752},{"_mousePosition":[772,342],"_rootPartCFrame":[754.512,225.308,50.369,-0.372,0,0.928,0,1,0,-0.928,0,-0.372],"_humanoidState":5,"_cameraCFrame":[756.898,241.374,49.356,-0.391,-0.906,0.161,0,0.175,0.985,-0.921,0.385,-0.068],"_shiftlockState":false,"_pose":"FreeFall","_animationQueue":[],"_animationSpeed":1,"_zoom":14.752},{"_mousePosition":[772,342],"_rootPartCFrame":[754.205,224.402,50.501,-0.376,0,0.926,0,1,0,-0.926,0,-0.376],"_humanoidState":5,"_cameraCFrame":[756.675,240.441,49.51,-0.372,-0.913,0.167,0,0.18,0.984,-0.928,0.366,-0.067],"_shiftlockState":false,"_pose":"FreeFall","_animationQueue":[["fall",0.3]],"_animationSpeed":1,"_zoom":14.752},{"_mousePosition":[772,342],"_rootPartCFrame":[753.96,223.616,50.605,-0.379,0,0.926,0,1,0,-0.926,0,-0.379],"_humanoidState":5,"_cameraCFrame":[756.553,239.629,49.683,-0.335,-0.926,0.176,0,0.186,0.982,-0.942,0.329,-0.062],"_shiftlockState":false,"_pose":"FreeFall","_animationQueue":[],"_animationSpeed":1,"_zoom":14.752},{"_mousePosition":[772,342],"_rootPartCFrame":[753.774,222.991,50.68,-0.379,0,0.926,0,1,0,-0.926,0,-0.379],"_humanoidState":5,"_cameraCFrame":[756.583,238.966,49.901,-0.267,-0.945,0.19,0,0.197,0.98,-0.964,0.262,-0.053],"_shiftlockState":false,"_pose":"FreeFall","_animationQueue":[],"_animationSpeed":1,"_zoom":14.752},{"_mousePosition":[772,342],"_rootPartCFrame":[753.526,222.867,50.908,-0.375,0,0.927,0,1,0,-0.927,0,-0.375],"_humanoidState":7,"_cameraCFrame":[756.535,238.805,50.324,-0.191,-0.96,0.204,0,0.208,0.978,-0.982,0.187,-0.04],"_shiftlockState":false,"_pose":"FreeFall","_animationQueue":[["walk",0.1],["fall",0.3],["fall",0.3]],"_animationSpeed":1,"_zoom":14.752},{"_mousePosition":[772,342],"_rootPartCFrame":[753.215,222.864,51.327,-0.363,0,0.932,0,1,0,-0.932,0,-0.363],"_humanoidState":7,"_cameraCFrame":[756.412,238.767,50.98,-0.108,-0.97,0.217,0,0.218,0.976,-0.994,0.105,-0.024],"_shiftlockState":false,"_pose":"FreeFall","_animationQueue":[],"_animationSpeed":1,"_zoom":14.752},{"_mousePosition":[772,342],"_rootPartCFrame":[752.829,222.76,51.854,-0.343,0,0.939,0,1,0,-0.939,0,-0.343],"_humanoidState":8,"_cameraCFrame":[756.183,238.629,51.762,-0.027,-0.973,0.227,0,0.227,0.974,-1,0.027,-0.006],"_shiftlockState":false,"_pose":"Running","_animationQueue":[["walk",0.1],["fall",0.3],["walk",0.1]],"_animationSpeed":0.907,"_zoom":14.752},{"_mousePosition":[772,342],"_rootPartCFrame":[752.318,222.486,52.353,-0.298,0,0.954,0,1,0,-0.954,0,-0.298],"_humanoidState":8,"_cameraCFrame":[755.752,238.335,52.464,0.032,-0.972,0.233,0,0.233,0.973,-0.999,-0.031,0.008],"_shiftlockState":false,"_pose":"Running","_animationQueue":[["walk",0.1]],"_animationSpeed":2.733,"_zoom":14.752},{"_mousePosition":[772,342],"_rootPartCFrame":[752.035,222.469,52.437,-0.263,0,0.965,0,1,0,-0.965,0,-0.263],"_humanoidState":8,"_cameraCFrame":[755.51,238.306,52.658,0.064,-0.97,0.236,0,0.236,0.972,-0.998,-0.062,0.015],"_shiftlockState":false,"_pose":"Running","_animationQueue":[["walk",0.1],["walk",0.1]],"_animationSpeed":1.624,"_zoom":14.752},{"_mousePosition":[772,342],"_rootPartCFrame":[751.902,222.469,52.436,-0.244,0,0.97,0,1,0,-0.97,0,-0.244],"_humanoidState":8,"_cameraCFrame":[755.429,238.291,52.72,0.08,-0.968,0.239,0,0.24,0.971,-0.997,-0.078,0.019],"_shiftlockState":false,"_pose":"Running","_animationQueue":[["walk",0.1]],"_animationSpeed":1.138,"_zoom":14.752},{"_mousePosition":[772,342],"_rootPartCFrame":[751.635,222.469,52.42,-0.204,0,0.979,0,1,0,-0.979,0,-0.204],"_humanoidState":8,"_cameraCFrame":[755.185,238.285,52.721,0.085,-0.967,0.241,0,0.241,0.97,-0.996,-0.082,0.02],"_shiftlockState":false,"_pose":"Running","_animationQueue":[],"_animationSpeed":1.138,"_zoom":14.752},{"_mousePosition":[772,342],"_rootPartCFrame":[751.237,222.469,52.388,-0.148,0,0.989,0,1,0,-0.989,0,-0.148],"_humanoidState":8,"_cameraCFrame":[754.808,238.279,52.706,0.089,-0.966,0.242,0,0.243,0.97,-0.996,-0.086,0.022],"_shiftlockState":false,"_pose":"Running","_animationQueue":[],"_animationSpeed":1.138,"_zoom":14.752},{"_mousePosition":[772,342],"_rootPartCFrame":[751.037,222.469,52.372,-0.119,0,0.993,0,1,0,-0.993,0,-0.119],"_humanoidState":8,"_cameraCFrame":[754.651,238.267,52.732,0.099,-0.964,0.245,0,0.246,0.969,-0.995,-0.096,0.024],"_shiftlockState":false,"_pose":"Running","_animationQueue":[],"_animationSpeed":1.138,"_zoom":14.752},{"_mousePosition":[772,342],"_rootPartCFrame":[750.771,222.469,52.351,-0.081,0,0.997,0,1,0,-0.997,0,-0.081],"_humanoidState":8,"_cameraCFrame":[754.424,238.255,52.776,0.116,-0.962,0.248,0,0.249,0.968,-0.993,-0.112,0.029],"_shiftlockState":false,"_pose":"Running","_animationQueue":[],"_animationSpeed":1.138,"_zoom":14.752},{"_mousePosition":[772,342],"_rootPartCFrame":[750.439,223.553,52.324,-0.034,0,0.999,0,1,0,-0.999,0,-0.034],"_humanoidState":3,"_cameraCFrame":[754.106,239.333,52.818,0.133,-0.959,0.249,0,0.251,0.968,-0.991,-0.129,0.033],"_shiftlockState":false,"_pose":"Jumping","_animationQueue":[["walk",0.1],["jump",0.1]],"_animationSpeed":1,"_zoom":14.752},{"_mousePosition":[772,342],"_rootPartCFrame":[750.24,224.164,52.302,-0.014,0,1,0,1,0,-1,0,-0.014],"_humanoidState":5,"_cameraCFrame":[753.919,239.938,52.876,0.154,-0.956,0.249,0,0.252,0.968,-0.988,-0.149,0.039],"_shiftlockState":false,"_pose":"FreeFall","_animationQueue":[["jump",0.1]],"_animationSpeed":1,"_zoom":14.752},{"_mousePosition":[772,342],"_rootPartCFrame":[749.91,225.115,52.258,0.012,0,1,0,1,0,-1,0,0.012],"_humanoidState":5,"_cameraCFrame":[753.593,240.883,52.944,0.183,-0.951,0.25,0,0.254,0.967,-0.983,-0.177,0.046],"_shiftlockState":false,"_pose":"FreeFall","_animationQueue":[],"_animationSpeed":1,"_zoom":14.752},{"_mousePosition":[772,342],"_rootPartCFrame":[749.712,225.644,52.228,0.027,0,1,0,1,0,-1,0,0.027],"_humanoidState":5,"_cameraCFrame":[753.381,241.407,53.092,0.229,-0.941,0.249,0,0.256,0.967,-0.973,-0.222,0.059],"_shiftlockState":false,"_pose":"FreeFall","_animationQueue":[],"_animationSpeed":1,"_zoom":14.752},{"_mousePosition":[772,342],"_rootPartCFrame":[749.45,226.303,52.181,0.047,0,0.999,0,1,0,-0.999,0,0.047],"_humanoidState":5,"_cameraCFrame":[753.13,242.047,53.27,0.284,-0.926,0.25,0,0.26,0.966,-0.959,-0.274,0.074],"_shiftlockState":false,"_pose":"FreeFall","_animationQueue":[],"_animationSpeed":1,"_zoom":14.752},{"_mousePosition":[772,342],"_rootPartCFrame":[749.19,226.907,52.121,0.07,0,0.998,0,1,0,-0.998,0,0.07],"_humanoidState":5,"_cameraCFrame":[752.904,242.626,53.405,0.327,-0.911,0.252,0,0.266,0.964,-0.945,-0.315,0.087],"_shiftlockState":false,"_pose":"FreeFall","_animationQueue":[],"_animationSpeed":1,"_zoom":14.752},{"_mousePosition":[772,342],"_rootPartCFrame":[748.933,227.457,52.048,0.098,0,0.995,0,1,0,-0.995,0,0.098],"_humanoidState":5,"_cameraCFrame":[752.737,243.14,53.457,0.347,-0.902,0.258,0,0.275,0.961,-0.938,-0.334,0.096],"_shiftlockState":false,"_pose":"FreeFall","_animationQueue":[],"_animationSpeed":1,"_zoom":14.752},{"_mousePosition":[772,342],"_rootPartCFrame":[748.681,227.952,51.963,0.128,0,0.992,0,1,0,-0.992,0,0.128],"_humanoidState":5,"_cameraCFrame":[752.567,243.608,53.412,0.349,-0.899,0.263,0,0.281,0.96,-0.937,-0.335,0.098],"_shiftlockState":false,"_pose":"FreeFall","_animationQueue":[],"_animationSpeed":1,"_zoom":14.752},{"_mousePosition":[772,342],"_rootPartCFrame":[748.431,228.392,51.871,0.158,0,0.987,0,1,0,-0.987,0,0.158],"_humanoidState":5,"_cameraCFrame":[752.407,244.022,53.339,0.346,-0.899,0.27,0,0.287,0.958,-0.938,-0.332,0.1],"_shiftlockState":false,"_pose":"FreeFall","_animationQueue":[],"_animationSpeed":1,"_zoom":14.752},{"_mousePosition":[772,342],"_rootPartCFrame":[748.181,228.778,51.778,0.185,0,0.983,0,1,0,-0.983,0,0.185],"_humanoidState":5,"_cameraCFrame":[752.241,244.387,53.215,0.334,-0.902,0.275,0,0.292,0.956,-0.943,-0.319,0.097],"_shiftlockState":false,"_pose":"FreeFall","_animationQueue":[],"_animationSpeed":1,"_zoom":14.752},{"_mousePosition":[772,342],"_rootPartCFrame":[747.868,229.184,51.662,0.214,0,0.977,0,1,0,-0.977,0,0.214],"_humanoidState":5,"_cameraCFrame":[752.036,244.769,53.03,0.312,-0.907,0.283,0,0.297,0.955,-0.95,-0.298,0.093],"_shiftlockState":false,"_pose":"FreeFall","_animationQueue":[],"_animationSpeed":1,"_zoom":14.752},{"_mousePosition":[772,342],"_rootPartCFrame":[747.68,229.387,51.595,0.228,0,0.974,0,1,0,-0.974,0,0.228],"_humanoidState":5,"_cameraCFrame":[751.994,244.939,52.833,0.276,-0.916,0.292,0,0.304,0.953,-0.961,-0.263,0.084],"_shiftlockState":false,"_pose":"FreeFall","_animationQueue":[],"_animationSpeed":1,"_zoom":14.752},{"_mousePosition":[772,342],"_rootPartCFrame":[747.363,229.656,51.49,0.244,0,0.97,0,1,0,-0.97,0,0.244],"_humanoidState":5,"_cameraCFrame":[751.83,245.176,52.551,0.231,-0.925,0.303,0,0.311,0.95,-0.973,-0.22,0.072],"_shiftlockState":false,"_pose":"FreeFall","_animationQueue":[],"_animationSpeed":1,"_zoom":14.752},{"_mousePosition":[772,342],"_rootPartCFrame":[747.171,229.777,51.434,0.249,0,0.968,0,1,0,-0.968,0,0.249],"_humanoidState":5,"_cameraCFrame":[751.801,245.259,52.265,0.177,-0.933,0.314,0,0.319,0.948,-0.984,-0.168,0.056],"_shiftlockState":false,"_pose":"FreeFall","_animationQueue":[],"_animationSpeed":1,"_zoom":14.752},{"_mousePosition":[772,342],"_rootPartCFrame":[746.912,229.891,51.37,0.249,0,0.968,0,1,0,-0.968,0,0.249],"_humanoidState":5,"_cameraCFrame":[751.639,245.35,52.022,0.137,-0.937,0.32,0,0.323,0.946,-0.991,-0.129,0.044],"_shiftlockState":false,"_pose":"FreeFall","_animationQueue":[],"_animationSpeed":1,"_zoom":14.752},{"_mousePosition":[772,342],"_rootPartCFrame":[746.65,229.95,51.321,0.242,0,0.97,0,1,0,-0.97,0,0.242],"_humanoidState":5,"_cameraCFrame":[751.455,245.389,51.794,0.098,-0.94,0.326,0,0.327,0.945,-0.995,-0.093,0.032],"_shiftlockState":false,"_pose":"FreeFall","_animationQueue":[],"_animationSpeed":1,"_zoom":14.752},{"_mousePosition":[772,342],"_rootPartCFrame":[746.387,229.954,51.283,0.23,0,0.973,0,1,0,-0.973,0,0.23],"_humanoidState":5,"_cameraCFrame":[751.271,245.37,51.604,0.066,-0.941,0.331,0,0.332,0.943,-0.998,-0.062,0.022],"_shiftlockState":false,"_pose":"FreeFall","_animationQueue":[],"_animationSpeed":1,"_zoom":14.752},{"_mousePosition":[772,342],"_rootPartCFrame":[746.267,230.086,51.272,0.167,-0.031,0.986,0.006,1,0.03,-0.986,0.001,0.167],"_humanoidState":12,"_cameraCFrame":[751.191,245.474,51.44,0.033,-0.941,0.337,0,0.337,0.941,-0.999,-0.031,0.011],"_shiftlockState":false,"_pose":"Climbing","_animationQueue":[["walk",0.1],["climb",0.1]],"_animationSpeed":-0.08,"_zoom":14.752},{"_mousePosition":[772,342],"_rootPartCFrame":[746.274,230.269,51.273,0.139,-0.019,0.99,0.003,1,0.018,-0.99,0.001,0.139],"_humanoidState":12,"_cameraCFrame":[751.275,245.637,51.331,0.011,-0.94,0.341,0,0.341,0.94,-1,-0.011,0.004],"_shiftlockState":false,"_pose":"Climbing","_animationQueue":[["climb",0.1]],"_animationSpeed":0.778,"_zoom":14.752},{"_mousePosition":[772,342],"_rootPartCFrame":[746.273,230.455,51.273,0.136,-0.001,0.991,0,1,0.001,-0.991,0,0.136],"_humanoidState":12,"_cameraCFrame":[751.323,245.815,51.283,0.002,-0.94,0.342,0,0.342,0.94,-1,-0.002,0.001],"_shiftlockState":false,"_pose":"Climbing","_animationQueue":[["climb",0.1]],"_animationSpeed":0.93,"_zoom":14.752},{"_mousePosition":[772,342],"_rootPartCFrame":[746.271,230.642,51.273,0.136,0.002,0.991,0,1,-0.002,-0.991,0,0.136],"_humanoidState":12,"_cameraCFrame":[751.326,246.002,51.277,0.001,-0.94,0.342,0,0.342,0.94,-1,-0.001,0],"_shiftlockState":false,"_pose":"Climbing","_animationQueue":[],"_animationSpeed":0.93,"_zoom":14.752},{"_mousePosition":[772,342],"_rootPartCFrame":[746.271,230.875,51.273,0.136,0,0.991,0,1,0,-0.991,0,0.136],"_humanoidState":12,"_cameraCFrame":[751.323,246.235,51.277,0.001,-0.94,0.342,0,0.342,0.94,-1,-0.001,0],"_shiftlockState":false,"_pose":"Climbing","_animationQueue":[],"_animationSpeed":0.93,"_zoom":14.752},{"_mousePosition":[772,342],"_rootPartCFrame":[746.271,231.015,51.273,0.136,0,0.991,0,1,0,-0.991,0,0.136],"_humanoidState":12,"_cameraCFrame":[751.323,246.375,51.277,0.001,-0.94,0.342,0,0.342,0.94,-1,-0.001,0],"_shiftlockState":false,"_pose":"Climbing","_animationQueue":[],"_animationSpeed":0.93,"_zoom":14.752},{"_mousePosition":[772,342],"_rootPartCFrame":[746.271,231.202,51.273,0.136,0,0.991,0,1,0,-0.991,0,0.136],"_humanoidState":12,"_c