[{"_mousePosition":[763,377],"_rootPartCFrame":[776.035,222.7,47.142,-0.001,0,1,0,1,0,-1,0,-0.001],"_humanoidState":8,"_cameraCFrame":[784.49,237.567,44.005,-0.348,-0.777,0.524,0,0.559,0.829,-0.938,0.288,-0.195],"_shiftlockState":false,"_pose":"Standing","_animationQueue":[],"_animationSpeed":1,"_zoom":16.125},{"_mousePosition":[763,377],"_rootPartCFrame":[775.875,222.695,47.205,-0.038,0,0.999,0,1,0,-0.999,0,-0.038],"_humanoidState":8,"_cameraCFrame":[784.337,237.579,44.162,-0.338,-0.781,0.525,0,0.558,0.83,-0.941,0.281,-0.189],"_shiftlockState":false,"_pose":"Standing","_animationQueue":[],"_animationSpeed":1,"_zoom":16.125},{"_mousePosition":[763,377],"_rootPartCFrame":[775.627,222.696,47.297,-0.081,0,0.997,0,1,0,-0.997,0,-0.081],"_humanoidState":8,"_cameraCFrame":[784.07,237.616,44.358,-0.329,-0.786,0.524,0,0.554,0.832,-0.944,0.274,-0.182],"_shiftlockState":false,"_pose":"Running","_animationQueue":[["walk",0.1]],"_animationSpeed":1.003,"_zoom":16.125},{"_mousePosition":[763,377],"_rootPartCFrame":[775.251,222.698,47.433,-0.134,0,0.991,0,1,0,-0.991,0,-0.134],"_humanoidState":8,"_cameraCFrame":[783.698,237.635,44.587,-0.319,-0.79,0.524,0,0.553,0.833,-0.948,0.266,-0.176],"_shiftlockState":false,"_pose":"Running","_animationQueue":[["walk",0.1],["walk",0.1]],"_animationSpeed":1.101,"_zoom":16.125},{"_mousePosition":[763,377],"_rootPartCFrame":[775.125,222.699,47.477,-0.148,0,0.989,0,1,0,-0.989,0,-0.148],"_humanoidState":8,"_cameraCFrame":[783.551,237.67,44.733,-0.31,-0.794,0.523,0,0.55,0.835,-0.951,0.259,-0.17],"_shiftlockState":false,"_pose":"Running","_animationQueue":[],"_animationSpeed":1.101,"_zoom":16.125},{"_mousePosition":[763,377],"_rootPartCFrame":[774.872,222.699,47.562,-0.172,0,0.985,0,1,0,-0.985,0,-0.172],"_humanoidState":8,"_cameraCFrame":[783.301,237.688,44.912,-0.3,-0.798,0.523,0,0.548,0.837,-0.954,0.251,-0.164],"_shiftlockState":false,"_pose":"Running","_animationQueue":[],"_animationSpeed":1.101,"_zoom":16.125},{"_mousePosition":[763,377],"_rootPartCFrame":[774.619,222.699,47.645,-0.191,0,0.982,0,1,0,-0.982,0,-0.191],"_humanoidState":8,"_cameraCFrame":[783.023,237.723,45.095,-0.29,-0.803,0.521,0,0.545,0.839,-0.957,0.243,-0.158],"_shiftlockState":false,"_pose":"Running","_animationQueue":[],"_animationSpeed":1.101,"_zoom":16.125},{"_mousePosition":[763,377],"_rootPartCFrame":[774.365,222.699,47.725,-0.206,0,0.979,0,1,0,-0.979,0,-0.206],"_humanoidState":8,"_cameraCFrame":[782.769,237.74,45.268,-0.281,-0.806,0.521,0,0.543,0.84,-0.96,0.236,-0.152],"_shiftlockState":false,"_pose":"Running","_animationQueue":[],"_animationSpeed":1.101,"_zoom":16.125},{"_mousePosition":[763,377],"_rootPartCFrame":[774.109,222.7,47.803,-0.217,0,0.976,0,1,0,-0.976,0,-0.217],"_humanoidState":8,"_cameraCFrame":[782.482,237.774,45.424,-0.273,-0.81,0.519,0,0.54,0.842,-0.962,0.23,-0.148],"_shiftlockState":false,"_pose":"Running","_animationQueue":[],"_animationSpeed":1.101,"_zoom":16.125},{"_mousePosition":[763,377],"_rootPartCFrame":[773.854,222.7,47.878,-0.226,0,0.974,0,1,0,-0.974,0,-0.226],"_humanoidState":8,"_cameraCFrame":[782.192,237.808,45.577,-0.266,-0.814,0.517,0,0.536,0.844,-0.964,0.225,-0.143],"_shiftlockState":false,"_pose":"Running","_animationQueue":[],"_animationSpeed":1.101,"_zoom":16.125},{"_mousePosition":[763,377],"_rootPartCFrame":[773.597,222.7,47.951,-0.233,0,0.973,0,1,0,-0.973,0,-0.233],"_humanoidState":8,"_cameraCFrame":[781.942,237.808,45.671,-0.264,-0.814,0.517,0,0.536,0.844,-0.965,0.222,-0.141],"_shiftlockState":false,"_pose":"Running","_animationQueue":[["walk",0.1]],"_animationSpeed":1.101,"_zoom":16.125},{"_mousePosition":[763,377],"_rootPartCFrame":[773.34,222.7,48.022,-0.237,0,0.971,0,1,0,-0.971,0,-0.237],"_humanoidState":8,"_cameraCFrame":[781.639,237.841,45.777,-0.261,-0.817,0.515,0,0.533,0.846,-0.965,0.221,-0.139],"_shiftlockState":false,"_pose":"Running","_animationQueue":[],"_animationSpeed":1.101,"_zoom":16.125},{"_mousePosition":[763,377],"_rootPartCFrame":[773.083,222.7,48.093,-0.241,0,0.971,0,1,0,-0.971,0,-0.241],"_humanoidState":8,"_cameraCFrame":[781.356,237.858,45.854,-0.261,-0.818,0.513,0,0.532,0.847,-0.965,0.221,-0.139],"_shiftlockState":false,"_pose":"Running","_animationQueue":[],"_animationSpeed":1.101,"_zoom":16.125},{"_mousePosition":[763,377],"_rootPartCFrame":[772.825,222.7,48.162,-0.244,0,0.97,0,1,0,-0.97,0,-0.244],"_humanoidState":8,"_cameraCFrame":[781.052,237.858,45.757,-0.281,-0.813,0.51,0,0.532,0.847,-0.96,0.238,-0.149],"_shiftlockState":false,"_pose":"Running","_animationQueue":[],"_animationSpeed":1.101,"_zoom":16.125},{"_mousePosition":[763,377],"_rootPartCFrame":[772.568,222.7,48.232,-0.246,0,0.969,0,1,0,-0.969,0,-0.246],"_humanoidState":8,"_cameraCFrame":[780.782,237.858,45.785,-0.285,-0.812,0.509,0,0.532,0.847,-0.958,0.242,-0.152],"_shiftlockState":false,"_pose":"Running","_animationQueue":[],"_animationSpeed":1.101,"_zoom":16.125},{"_mousePosition":[763,377],"_rootPartCFrame":[772.312,222.7,48.306,-0.251,0,0.968,0,1,0,-0.968,0,-0.251],"_humanoidState":8,"_cameraCFrame":[780.526,237.858,45.859,-0.285,-0.812,0.509,0,0.532,0.847,-0.958,0.242,-0.152],"_shiftlockState":false,"_pose":"Running","_animationQueue":[],"_animationSpeed":1.101,"_zoom":16.125},{"_mousePosition":[763,377],"_rootPartCFrame":[772.056,222.7,48.382,-0.255,0,0.967,0,1,0,-0.967,0,-0.255],"_humanoidState":8,"_cameraCFrame":[780.27,237.858,45.935,-0.285,-0.812,0.509,0,0.532,0.847,-0.958,0.242,-0.152],"_shiftlockState":false,"_pose":"Running","_animationQueue":[],"_animationSpeed":1.101,"_zoom":16.125},{"_mousePosition":[763,377],"_rootPartCFrame":[771.801,222.7,48.459,-0.259,0,0.966,0,1,0,-0.966,0,-0.259],"_humanoidState":8,"_cameraCFrame":[779.515,237.858,44.334,-0.285,-0.812,0.509,0,0.532,0.847,-0.958,0.242,-0.152],"_shiftlockState":true,"_pose":"Running","_animationQueue":[["walk",0.1]],"_animationSpeed":1.101,"_zoom":16.125},{"_mousePosition":[683,384],"_rootPartCFrame":[771.417,222.7,48.573,-0.286,0,0.958,0,1,0,-0.958,0,-0.286],"_humanoidState":8,"_cameraCFrame":[779.132,237.858,44.449,-0.285,-0.812,0.509,0,0.532,0.847,-0.958,0.242,-0.152],"_shiftlockState":true,"_pose":"Running","_animationQueue":[],"_animationSpeed":1.101,"_zoom":16.125},{"_mousePosition":[683,384],"_rootPartCFrame":[771.226,222.7,48.63,-0.286,0,0.958,0,1,0,-0.958,0,-0.286],"_humanoidState":8,"_cameraCFrame":[778.94,237.858,44.506,-0.285,-0.812,0.509,0,0.532,0.847,-0.958,0.242,-0.152],"_shiftlockState":true,"_pose":"Running","_animationQueue":[],"_animationSpeed":1.101,"_zoom":16.125},{"_mousePosition":[683,384],"_rootPartCFrame":[770.97,222.7,48.706,-0.285,0,0.958,0,1,0,-0.958,0,-0.285],"_humanoidState":8,"_cameraCFrame":[778.684,237.858,44.582,-0.285,-0.812,0.509,0,0.532,0.847,-0.958,0.242,-0.152],"_shiftlockState":true,"_pose":"Running","_animationQueue":[],"_animationSpeed":1.101,"_zoom":16.125},{"_mousePosition":[683,384],"_rootPartCFrame":[770.714,222.7,48.782,-0.285,0,0.958,0,1,0,-0.958,0,-0.285],"_humanoidState":8,"_cameraCFrame":[778.429,237.858,44.658,-0.285,-0.812,0.509,0,0.532,0.847,-0.958,0.242,-0.152],"_shiftlockState":true,"_pose":"Running","_animationQueue":[],"_animationSpeed":1.101,"_zoom":16.125},{"_mousePosition":[683,384],"_rootPartCFrame":[770.459,222.7,48.858,-0.285,0,0.958,0,1,0,-0.958,0,-0.285],"_humanoidState":8,"_cameraCFrame":[778.173,237.858,44.734,-0.285,-0.812,0.509,0,0.532,0.847,-0.958,0.242,-0.152],"_shiftlockState":true,"_pose":"Running","_animationQueue":[],"_animationSpeed":1.101,"_zoom":16.125},{"_mousePosition":[683,384],"_rootPartCFrame":[770.203,223.563,48.934,-0.285,0,0.958,0,1,0,-0.958,0,-0.285],"_humanoidState":3,"_cameraCFrame":[777.918,238.721,44.81,-0.285,-0.812,0.509,0,0.532,0.847,-0.958,0.242,-0.152],"_shiftlockState":true,"_pose":"Jumping","_animationQueue":[["walk",0.1],["jump",0.1]],"_animationSpeed":1,"_zoom":16.125},{"_mousePosition":[683,384],"_rootPartCFrame":[769.948,224.371,49.01,-0.285,0,0.958,0,1,0,-0.958,0,-0.285],"_humanoidState":5,"_cameraCFrame":[777.662,239.53,44.886,-0.285,-0.812,0.509,0,0.532,0.847,-0.958,0.242,-0.152],"_shiftlockState":true,"_pose":"FreeFall","_animationQueue":[["jump",0.1]],"_animationSpeed":1,"_zoom":16.125},{"_mousePosition":[683,384],"_rootPartCFrame":[769.692,225.125,49.087,-0.285,0,0.958,0,1,0,-0.958,0,-0.285],"_humanoidState":5,"_cameraCFrame":[777.406,240.283,44.962,-0.285,-0.812,0.509,0,0.532,0.847,-0.958,0.242,-0.152],"_shiftlockState":true,"_pose":"FreeFall","_animationQueue":[],"_animationSpeed":1,"_zoom":16.125},{"_mousePosition":[683,384],"_rootPartCFrame":[769.436,225.824,49.163,-0.285,0,0.958,0,1,0,-0.958,0,-0.285],"_humanoidState":5,"_cameraCFrame":[777.151,240.983,45.039,-0.285,-0.812,0.509,0,0.532,0.847,-0.958,0.242,-0.152],"_shiftlockState":true,"_pose":"FreeFall","_animationQueue":[],"_animationSpeed":1,"_zoom":16.125},{"_mousePosition":[683,384],"_rootPartCFrame":[769.181,226.469,49.239,-0.285,0,0.958,0,1,0,-0.958,0,-0.285],"_humanoidState":5,"_cameraCFrame":[776.895,241.628,45.115,-0.285,-0.812,0.509,0,0.532,0.847,-0.958,0.242,-0.152],"_shiftlockState":true,"_pose":"FreeFall","_animationQueue":[],"_animationSpeed":1,"_zoom":16.125},{"_mousePosition":[683,384],"_rootPartCFrame":[768.925,227.06,49.315,-0.285,0,0.958,0,1,0,-0.958,0,-0.285],"_humanoidState":5,"_cameraCFrame":[776.64,242.218,45.191,-0.285,-0.812,0.509,0,0.532,0.847,-0.958,0.242,-0.152],"_shiftlockState":true,"_pose":"FreeFall","_animationQueue":[],"_animationSpeed":1,"_zoom":16.125},{"_mousePosition":[683,384],"_rootPartCFrame":[768.669,227.595,49.391,-0.285,0,0.958,0,1,0,-0.958,0,-0.285],"_humanoidState":5,"_cameraCFrame":[776.384,242.754,45.267,-0.285,-0.812,0.509,0,0.532,0.847,-0.958,0.242,-0.152],"_shiftlockState":true,"_pose":"FreeFall","_animationQueue":[],"_animationSpeed":1,"_zoom":16.125},{"_mousePosition":[683,384],"_rootPartCFrame":[768.414,228.077,49.467,-0.285,0,0.958,0,1,0,-0.958,0,-0.285],"_humanoidState":5,"_cameraCFrame":[776.128,243.235,45.343,-0.285,-0.812,0.509,0,0.532,0.847,-0.958,0.242,-0.152],"_shiftlockState":true,"_pose":"FreeFall","_animationQueue":[],"_animationSpeed":1,"_zoom":16.125},{"_mousePosition":[683,384],"_rootPartCFrame":[768.158,228.504,49.543,-0.285,0,0.958,0,1,0,-0.958,0,-0.285],"_humanoidState":5,"_cameraCFrame":[775.873,243.662,45.419,-0.285,-0.812,0.509,0,0.532,0.847,-0.958,0.242,-0.152],"_shiftlockState":true,"_pose":"FreeFall","_animationQueue":[],"_animationSpeed":1,"_zoom":16.125},{"_mousePosition":[683,384],"_rootPartCFrame":[767.903,228.876,49.619,-0.285,0,0.958,0,1,0,-0.958,0,-0.285],"_humanoidState":5,"_cameraCFrame":[775.617,244.035,45.495,-0.285,-0.812,0.509,0,0.532,0.847,-0.958,0.242,-0.152],"_shiftlockState":true,"_pose":"FreeFall","_animationQueue":[],"_animationSpeed":1,"_zoom":16.125},{"_mousePosition":[683,384],"_rootPartCFrame":[767.647,229.194,49.696,-0.285,0,0.958,0,1,0,-0.958,0,-0.285],"_humanoidState":5,"_cameraCFrame":[775.361,244.353,45.571,-0.285,-0.812,0.509,0,0.532,0.847,-0.958,0.242,-0.152],"_shiftlockState":true,"_pose":"FreeFall","_animationQueue":[],"_animationSpeed":1,"_zoom":16.125},{"_mousePosition":[683,384],"_rootPartCFrame":[767.391,229.457,49.772,-0.285,0,0.958,0,1,0,-0.958,0,-0.285],"_humanoidState":5,"_cameraCFrame":[775.106,244.616,45.648,-0.285,-0.812,0.509,0,0.532,0.847,-0.958,0.242,-0.152],"_shiftlockState":true,"_pose":"FreeFall","_animationQueue":[],"_animationSpeed":1,"_zoom":16.125},{"_mousePosition":[683,384],"_rootPartCFrame":[767.136,229.666,49.848,-0.285,0,0.958,0,1,0,-0.958,0,-0.285],"_humanoidState":5,"_cameraCFrame":[774.871,244.825,45.763,-0.281,-0.813,0.51,0,0.532,0.847,-0.96,0.238,-0.149],"_shiftlockState":true,"_pose":"FreeFall","_animationQueue":[],"_animationSpeed":1,"_zoom":16.125},{"_mousePosition":[683,384],"_rootPartCFrame":[766.88,229.821,49.924,-0.281,0,0.96,0,1,0,-0.96,0,-0.281],"_humanoidState":5,"_cameraCFrame":[774.6,244.996,45.866,-0.278,-0.815,0.509,0,0.53,0.848,-0.961,0.236,-0.147],"_shiftlockState":true,"_pose":"FreeFall","_animationQueue":[],"_animationSpeed":1,"_zoom":16.125},{"_mousePosition":[683,384],"_rootPartCFrame":[766.624,229.921,49.999,-0.279,0,0.96,0,1,0,-0.96,0,-0.279],"_humanoidState":5,"_cameraCFrame":[774.344,245.096,45.941,-0.278,-0.815,0.509,0,0.53,0.848,-0.961,0.236,-0.147],"_shiftlockState":true,"_pose":"FreeFall","_animationQueue":[],"_animationSpeed":1,"_zoom":16.125},{"_mousePosition":[683,384],"_rootPartCFrame":[766.368,229.966,50.073,-0.278,0,0.96,0,1,0,-0.96,0,-0.278],"_humanoidState":5,"_cameraCFrame":[774.063,245.158,46.023,-0.278,-0.816,0.507,0,0.528,0.849,-0.961,0.236,-0.147],"_shiftlockState":true,"_pose":"FreeFall","_animationQueue":[],"_animationSpeed":1,"_zoom":16.125},{"_mousePosition":[683,384],"_rootPartCFrame":[766.112,229.957,50.147,-0.278,0,0.961,0,1,0,-0.961,0,-0.278],"_humanoidState":5,"_cameraCFrame":[773.729,245.198,46.119,-0.278,-0.819,0.503,0,0.523,0.852,-0.961,0.237,-0.146],"_shiftlockState":true,"_pose":"FreeFall","_animationQueue":[],"_animationSpeed":1,"_zoom":16.125},{"_mousePosition":[683,384],"_rootPartCFrame":[765.856,229.893,50.222,-0.278,0,0.961,0,1,0,-0.961,0,-0.278],"_humanoidState":5,"_cameraCFrame":[773.37,245.2,46.223,-0.278,-0.822,0.496,0,0.517,0.856,-0.961,0.238,-0.144],"_shiftlockState":true,"_pose":"FreeFall","_animationQueue":[],"_animationSpeed":1,"_zoom":16.125},{"_mousePosition":[683,384],"_rootPartCFrame":[765.6,229.775,50.296,-0.278,0,0.961,0,1,0,-0.961,0,-0.278],"_humanoidState":5,"_cameraCFrame":[772.99,245.146,46.29,-0.283,-0.825,0.489,0,0.51,0.86,-0.959,0.244,-0.144],"_shiftlockState":true,"_pose":"FreeFall","_animationQueue":[],"_animationSpeed":1,"_zoom":16.125},{"_mousePosition":[683,384],"_rootPartCFrame":[765.344,229.603,50.37,-0.283,0,0.959,0,1,0,-0.959,0,-0.283],"_humanoidState":5,"_cameraCFrame":[772.538,245.069,46.337,-0.293,-0.828,0.478,0,0.5,0.866,-0.956,0.254,-0.146],"_shiftlockState":true,"_pose":"FreeFall","_animationQueue":[],"_animationSpeed":1,"_zoom":16.125},{"_mousePosition":[683,384],"_rootPartCFrame":[765.088,229.375,50.445,-0.292,0,0.957,0,1,0,-0.957,0,-0.292],"_humanoidState":5,"_cameraCFrame":[772.137,244.904,46.373,-0.302,-0.829,0.47,0,0.493,0.87,-0.953,0.263,-0.149],"_shiftlockState":true,"_pose":"FreeFall","_animationQueue":[["fall",0.3]],"_animationSpeed":1,"_zoom":16.125},{"_mousePosition":[683,384],"_rootPartCFrame":[764.833,229.094,50.523,-0.301,0,0.954,0,1,0,-0.954,0,-0.301],"_humanoidState":5,"_cameraCFrame":[771.72,244.7,46.44,-0.31,-0.832,0.461,0,0.485,0.875,-0.951,0.271,-0.15],"_shiftlockState":true,"_pose":"FreeFall","_animationQueue":[],"_animationSpeed":1,"_zoom":16.125},{"_mousePosition":[683,384],"_rootPartCFrame":[764.578,228.758,50.603,-0.309,0,0.951,0,1,0,-0.951,0,-0.309],"_humanoidState":5,"_cameraCFrame":[771.267,244.454,46.503,-0.319,-0.834,0.449,0,0.474,0.88,-0.948,0.281,-0.151],"_shiftlockState":true,"_pose":"FreeFall","_animationQueue":[],"_animationSpeed":1,"_zoom":16.125},{"_mousePosition":[683,384],"_rootPartCFrame":[764.325,228.367,50.686,-0.318,0,0.948,0,1,0,-0.948,0,-0.318],"_humanoidState":5,"_cameraCFrame":[770.799,244.166,46.598,-0.326,-0.838,0.437,0,0.462,0.887,-0.945,0.289,-0.151],"_shiftlockState":true,"_pose":"FreeFall","_animationQueue":[],"_animationSpeed":1,"_zoom":16.125},{"_mousePosition":[683,384],"_rootPartCFrame":[764.072,227.922,50.77,-0.325,0,0.946,0,1,0,-0.946,0,-0.325],"_humanoidState":5,"_cameraCFrame":[770.367,243.807,46.706,-0.331,-0.842,0.426,0,0.452,0.892,-0.944,0.295,-0.15],"_shiftlockState":true,"_pose":"FreeFall","_animationQueue":[],"_animationSpeed":1,"_zoom":16.125},{"_mousePosition":[683,384],"_rootPartCFrame":[763.82,227.422,50.857,-0.33,0,0.944,0,1,0,-0.944,0,-0.33],"_humanoidState":5,"_cameraCFrame":[769.935,243.392,46.817,-0.336,-0.845,0.416,0,0.441,0.897,-0.942,0.302,-0.148],"_shiftlockState":true,"_pose":"FreeFall","_animationQueue":[],"_animationSpeed":1,"_zoom":16.125},{"_mousePosition":[683,384],"_rootPartCFrame":[763.568,226.868,50.945,-0.335,0,0.942,0,1,0,-0.942,0,-0.335],"_humanoidState":5,"_cameraCFrame":[769.433,242.96,46.976,-0.338,-0.852,0.4,0,0.426,0.905,-0.941,0.306,-0.144],"_shiftlockState":true,"_pose":"FreeFall","_animationQueue":[["fall",0.3]],"_animationSpeed":1,"_zoom":16.125},{"_mousePosition":[683,384],"_rootPartCFrame":[763.254,226.099,51.057,-0.338,0,0.941,0,1,0,-0.941,0,-0.338],"_humanoidState":5,"_cameraCFrame":[769.002,242.244,47.112,-0.341,-0.854,0.393,0,0.418,0.908,-0.94,0.309,-0.143],"_shiftlockState":true,"_pose":"FreeFall","_animationQueue":[],"_animationSpeed":1,"_zoom":16.125},{"_mousePosition":[683,384],"_rootPartCFrame":[763.066,225.597,51.125,-0.341,0,0.94,0,1,0,-0.94,0,-0.341],"_humanoidState":5,"_cameraCFrame":[768.706,241.794,47.219,-0.341,-0.857,0.387,0,0.411,0.911,-0.94,0.311,-0.14],"_shiftlockState":true,"_pose":"FreeFall","_animationQueue":[],"_animationSpeed":1,"_zoom":16.125},{"_mousePosition":[683,384],"_rootPartCFrame":[762.815,224.879,51.215,-0.341,0,0.94,0,1,0,-0.94,0,-0.341],"_humanoidState":5,"_cameraCFrame":[768.375,241.115,47.339,-0.341,-0.859,0.382,0,0.406,0.914,-0.94,0.311,-0.138],"_shiftlockState":true,"_pose":"FreeFall","_animationQueue":[],"_animationSpeed":1,"_zoom":16.125},{"_mousePosition":[683,384],"_rootPartCFrame":[762.564,224.107,51.306,-0.341,0,0.94,0,1,0,-0.94,0,-0.341],"_humanoidState":5,"_cameraCFrame":[768.043,240.381,47.459,-0.341,-0.861,0.377,0,0.401,0.916,-0.94,0.312,-0.137],"_shiftlockState":true,"_pose":"FreeFall","_animationQueue":[],"_animationSpeed":1,"_zoom":16.125},{"_mousePosition":[683,384],"_rootPartCFrame":[762.314,223.28,51.397,-0.341,0,0.94,0,1,0,-0.94,0,-0.341],"_humanoidState":5,"_cameraCFrame":[767.711,239.592,47.579,-0.341,-0.864,0.372,0,0.395,0.919,-0.94,0.313,-0.135],"_shiftlockState":true,"_pose":"FreeFall","_animationQueue":[],"_animationSpeed":1,"_zoom":16.125},{"_mousePosition":[683,384],"_rootPartCFrame":[762.063,222.399,51.488,-0.341,0,0.94,0,1,0,-0.94,0,-0.341],"_humanoidState":5,"_cameraCFrame":[767.379,238.747,47.7,-0.341,-0.866,0.367,0,0.39,0.921,-0.94,0.314,-0.133],"_shiftlockState":true,"_pose":"FreeFall","_animationQueue":[],"_animationSpeed":1,"_zoom":16.125},{"_mousePosition":[683,384],"_rootPartCFrame":[761.812,221.464,51.579,-0.341,0,0.94,0,1,0,-0.94,0,-0.341],"_humanoidState":5,"_cameraCFrame":[767.046,237.848,47.82,-0.341,-0.868,0.362,0,0.385,0.923,-0.94,0.315,-0.131],"_shiftlockState":true,"_pose":"FreeFall","_animationQueue":[["fall",0.3]],"_animationSpeed":1,"_zoom":16.125},{"_mousePosition":[683,384],"_rootPartCFrame":[761.561,221.323,51.67,-0.341,0,0.94,0,1,0,-0.94,0,-0.341],"_humanoidState":7,"_cameraCFrame":[766.741,237.732,47.931,-0.341,-0.869,0.358,0,0.381,0.925,-0.94,0.315,-0.13],"_shiftlockState":true,"_pose":"FreeFall","_animationQueue":[["walk",0.1],["fall",0.3],["fall",0.3]],"_animationSpeed":1,"_zoom":16.125},{"_mousePosition":[683,384],"_rootPartCFrame":[761.311,221.32,51.761,-0.341,0,0.94,0,1,0,-0.94,0,-0.341],"_humanoidState":7,"_cameraCFrame":[766.435,237.753,48.042,-0.341,-0.871,0.355,0,0.377,0.926,-0.94,0.316,-0.129],"_shiftlockState":true,"_pose":"FreeFall","_animationQueue":[],"_animationSpeed":1,"_zoom":16.125},{"_mousePosition":[683,384],"_rootPartCFrame":[761.06,221.216,51.851,-0.341,0,0.94,0,1,0,-0.94,0,-0.341],"_humanoidState":8,"_cameraCFrame":[766.103,237.684,48.162,-0.341,-0.873,0.35,0,0.372,0.928,-0.94,0.316,-0.127],"_shiftlockState":true,"_pose":"Running","_animationQueue":[["walk",0.1],["fall",0.3],["walk",0.1]],"_animationSpeed":1.103,"_zoom":16.125},{"_mousePosition":[683,384],"_rootPartCFrame":[760.684,220.942,51.988,-0.341,0,0.94,0,1,0,-0.94,0,-0.341],"_humanoidState":8,"_cameraCFrame":[765.699,237.422,48.309,-0.341,-0.873,0.348,0,0.37,0.929,-0.94,0.317,-0.126],"_shiftlockState":true,"_pose":"Running","_animationQueue":[],"_animationSpeed":1.103,"_zoom":16.125},{"_mousePosition":[683,384],"_rootPartCFrame":[760.496,220.764,52.056,-0.341,0,0.94,0,1,0,-0.94,0,-0.341],"_humanoidState":8,"_cameraCFrame":[765.438,237.278,48.419,-0.338,-0.876,0.343,0,0.365,0.931,-0.941,0.315,-0.123],"_shiftlockState":true,"_pose":"Running","_animationQueue":[],"_animationSpeed":1.103,"_zoom":16.125},{"_mousePosition":[683,384],"_rootPartCFrame":[760.245,220.479,52.147,-0.338,0,0.941,0,1,0,-0.941,0,-0.338],"_humanoidState":8,"_cameraCFrame":[765.141,237.016,48.542,-0.336,-0.878,0.34,0,0.361,0.933,-0.942,0.313,-0.121],"_shiftlockState":true,"_pose":"Running","_animationQueue":[["walk",0.1]],"_animationSpeed":1.103,"_zoom":16.125},{"_mousePosition":[683,384],"_rootPartCFrame":[759.994,220.327,52.237,-0.336,0,0.942,0,1,0,-0.942,0,-0.336],"_humanoidState":8,"_cameraCFrame":[764.844,236.886,48.664,-0.334,-0.88,0.337,0,0.357,0.934,-0.943,0.312,-0.119],"_shiftlockState":true,"_pose":"Running","_animationQueue":[],"_animationSpeed":1.103,"_zoom":16.125},{"_mousePosition":[683,384],"_rootPartCFrame":[759.743,220.342,52.327,-0.334,0,0.943,0,1,0,-0.943,0,-0.334],"_humanoidState":8,"_cameraCFrame":[764.574,236.913,48.776,-0.331,-0.882,0.336,0,0.356,0.935,-0.944,0.31,-0.118],"_shiftlockState":true,"_pose":"Running","_animationQueue":[],"_animationSpeed":1.103,"_zoom":16.125},{"_mousePosition":[683,384],"_rootPartCFrame":[759.492,220.365,52.416,-0.331,0,0.944,0,1,0,-0.944,0,-0.331],"_humanoidState":8,"_cameraCFrame":[764.323,236.936,48.865,-0.331,-0.882,0.336,0,0.356,0.935,-0.944,0.31,-0.118],"_shiftlockState":true,"_pose":"Running","_animationQueue":[],"_animationSpeed":1.103,"_zoom":16.125},{"_mousePosition":[683,384],"_rootPartCFrame":[759.24,220.38,52.504,-0.331,0,0.944,0,1,0,-0.944,0,-0.331],"_humanoidState":8,"_cameraCFrame":[764.071,236.951,48.954,-0.331,-0.882,0.336,0,0.356,0.935,-0.944,0.31,-0.118],"_shiftlockState":true,"_pose":"Running","_animationQueue":[],"_animationSpeed":1.103,"_zoom":16.125},{"_mousePosition":[683,384],"_rootPartCFrame":[758.988,220.389,52.593,-0.331,0,0.944,0,1,0,-0.944,0,-0.331],"_humanoidState":8,"_cameraCFrame":[763.819,236.96,49.042,-0.331,-0.882,0.336,0,0.356,0.935,-0.944,0.31,-0.118],"_shiftlockState":true,"_pose":"Running","_animationQueue":[],"_animationSpeed":1.103,"_zoom":16.125},{"_mousePosition":[683,384],"_rootPartCFrame":[758.737,220.394,52.681,-0.331,0,0.944,0,1,0,-0.944,0,-0.331],"_humanoidState":8,"_cameraCFrame":[763.549,236.976,49.152,-0.329,-0.883,0.334,0,0.354,0.935,-0.944,0.308,-0.116],"_shiftlockState":true,"_pose":"Running","_animationQueue":[],"_animationSpeed":1.103,"_zoom":16.125},{"_mousePosition":[683,384],"_rootPartCFrame":[758.485,220.397,52.769,-0.329,0,0.944,0,1,0,-0.944,0,-0.329],"_humanoidState":8,"_cameraCFrame":[763.287,236.99,49.274,-0.324,-0.885,0.333,0,0.352,0.936,-0.946,0.303,-0.114],"_shiftlockState":true,"_pose":"Running","_animationQueue":[["walk",0.1]],"_animationSpeed":1.103,"_zoom":16.125},{"_mousePosition":[683,384],"_rootPartCFrame":[758.233,220.398,52.857,-0.324,0,0.946,0,1,0,-0.946,0,-0.324],"_humanoidState":8,"_cameraCFrame":[763.025,237.002,49.396,-0.319,-0.888,0.332,0,0.35,0.937,-0.948,0.299,-0.112],"_shiftlockState":true,"_pose":"Running","_animationQueue":[],"_animationSpeed":1.103,"_zoom":16.125},{"_mousePosition":[683,384],"_rootPartCFrame":[757.981,220.399,52.944,-0.319,0,0.948,0,1,0,-0.948,0,-0.319],"_humanoidState":8,"_cameraCFrame":[762.735,237.025,49.525,-0.314,-0.89,0.329,0,0.347,0.938,-0.949,0.295,-0.109],"_shiftlockState":true,"_pose":"Running","_animationQueue":[],"_animationSpeed":1.103,"_zoom":16.125},{"_mousePosition":[683,384],"_rootPartCFrame":[757.728,220.399,53.029,-0.314,0,0.949,0,1,0,-0.949,0,-0.314],"_humanoidState":8,"_cameraCFrame":[762.471,237.036,49.644,-0.31,-0.893,0.328,0,0.345,0.939,-0.951,0.291,-0.107],"_shiftlockState":true,"_pose":"Running","_animationQueue":[],"_animationSpeed":1.103,"_zoom":16.125},{"_mousePosition":[683,384],"_rootPartCFrame":[757.475,220.399,53.113,-0.31,0,0.951,0,1,0,-0.951,0,-0.31],"_humanoidState":8,"_cameraCFrame":[762.187,237.058,49.782,-0.302,-0.896,0.325,0,0.341,0.94,-0.953,0.284,-0.103],"_shiftlockState":true,"_pose":"Running","_animationQueue":[],"_animationSpeed":1.103,"_zoom":16.125},{"_mousePosition":[683,384],"_rootPartCFrame":[757.231,220.4,53.073,-0.302,0,0.953,0,1,0,-0.953,0,-0.302],"_humanoidState":8,"_cameraCFrame":[761.924,237.069,49.763,-0.3,-0.897,0.324,0,0.339,0.941,-0.954,0.282,-0.102],"_shiftlockState":true,"_pose":"Running","_animationQueue":[],"_animationSpeed":1.103,"_zoom":16.125},{"_mousePosition":[683,384],"_rootPartCFrame":[756.994,220.4,52.954,-0.3,0,0.954,0,1,0,-0.954,0,-0.3],"_humanoidState":8,"_cameraCFrame":[761.675,237.079,49.676,-0.295,-0.899,0.322,0,0.337,0.941,-0.955,0.278,-0.1],"_shiftlockState":true,"_pose":"Running","_animationQueue":[],"_animationSpeed":1.103,"_zoom":16.125},{"_mousePosition":[683,384],"_rootPartCFrame":[756.758,220.4,52.831,-0.295,0,0.955,0,1,0,-0.955,0,-0.295],"_humanoidState":8,"_cameraCFrame":[761.439,237.079,49.553,-0.295,-0.899,0.322,0,0.337,0.941,-0.955,0.278,-0.1],"_shiftlockState":true,"_pose":"Running","_animationQueue":[["walk",0.1]],"_animationSpeed":1.103,"_zoom":16.125},{"_mousePosition":[683,384],"_rootPartCFrame":[756.522,220.4,52.706,-0.295,0,0.955,0,1,0,-0.955,0,-0.295],"_humanoidState":8,"_cameraCFrame":[761.203,237.079,49.428,-0.295,-0.899,0.322,0,0.337,0.941,-0.955,0.278,-0.1],"_shiftlockState":true,"_pose":"Running","_animationQueue":[],"_animationSpeed":1.103,"_zoom":16.125},{"_mousePosition":[683,384],"_rootPartCFrame":[756.286,220.4,52.582,-0.295,0,0.955,0,1,0,-0.955,0,-0.295],"_humanoidState":8,"_cameraCFrame":[760.967,237.079,49.304,-0.295,-0.899,0.322,0,0.337,0.941,-0.955,0.278,-0.1],"_shiftlockState":true,"_pose":"Running","_animationQueue":[],"_animationSpeed":1.103,"_zoom":16.125},{"_mousePosition":[683,384],"_rootPartCFrame":[756.05,220.4,52.457,-0.295,0,0.955,0,1,0,-0.955,0,-0.295],"_humanoidState":8,"_cameraCFrame":[760.731,237.079,49.179,-0.295,-0.899,0.322,0,0.337,0.941,-0.955,0.278,-0.1],"_shiftlockState":true,"_pose":"Running","_animationQueue":[],"_animationSpeed":1.103,"_zoom":16.125},{"_mousePosition":[683,384],"_rootPartCFrame":[755.814,220.4,52.333,-0.295,0,0.955,0,1,0,-0.955,0,-0.295],"_humanoidState":8,"_cameraCFrame":[760.475,237.09,49.076,-0.293,-0.901,0.321,0,0.336,0.942,-0.956,0.276,-0.098],"_shiftlockState":true,"_pose":"Running","_animationQueue":[],"_animationSpeed":1.103,"_zoom":16.125},{"_mousePosition":[683,384],"_rootPartCFrame":[755.579,220.4,52.208,-0.293,0,0.956,0,1,0,-0.956,0,-0.293],"_humanoidState":8,"_cameraCFrame":[760.256,237.09,48.975,-0.288,-0.902,0.321,0,0.336,0.942,-0.958,0.271,-0.097],"_shiftlockState":true,"_pose":"Running","_animationQueue":[],"_animationSpeed":1.103,"_zoom":16.125},{"_mousePosition":[683,384],"_rootPartCFrame":[755.343,220.4,52.083,-0.288,0,0.958,0,1,0,-0.958,0,-0.288],"_humanoidState":8,"_cameraCFrame":[760,237.101,48.87,-0.285,-0.903,0.32,0,0.334,0.943,-0.958,0.269,-0.095],"_shiftlockState":true,"_pose":"Running","_animationQueue":[],"_animationSpeed":1.103,"_zoom":16.125},{"_mousePosition":[683,384],"_rootPartCFrame":[755.108,220.4,51.957,-0.285,0,0.958,0,1,0,-0.958,0,-0.285],"_humanoidState":8,"_cameraCFrame":[759.765,237.101,48.744,-0.285,-0.903,0.32,0,0.334,0.943,-0.958,0.269,-0.095],"_shiftlockState":true,"_pose":"Running","_animationQueue":[["walk",0.1]],"_animationSpeed":1.103,"_zoom":16.125},{"_mousePosition":[683,384],"_rootPartCFrame":[754.874,220.4,51.83,-0.285,0,0.958,0,1,0,-0.958,0,-0.285],"_humanoidState":8,"_cameraCFrame":[759.531,237.101,48.617,-0.285,-0.903,0.32,0,0.334,0.943,-0.958,0.269,-0.095],"_shiftlockState":true,"_pose":"Running","_animationQueue":[],"_animationSpeed":1.103,"_zoom":16.125},{"_mousePosition":[683,384],"_rootPartCFrame":[754.639,220.4,51.703,-0.285,0,0.958,0,1,0,-0.958,0,-0.285],"_humanoidState":8,"_cameraCFrame":[759.296,237.101,48.49,-0.285,-0.903,0.32,0,0.334,0.943,-0.958,0.269,-0.095],"_shiftlockState":true,"_pose":"Running","_animationQueue":[],"_animationSpeed":1.103,"_zoom":16.125},{"_mousePosition":[683,384],"_rootPartCFrame":[754.404,221.273,51.576,-0.285,0,0.958,0,1,0,-0.958,0,-0.285],"_humanoidState":3,"_cameraCFrame":[759.061,237.974,48.363,-0.285,-0.903,0.32,0,0.334,0.943,-0.958,0.269,-0.095],"_shiftlockState":true,"_pose":"Jumping","_animationQueue":[["walk",0.1],["jump",0.1]],"_animationSpeed":1,"_zoom":16.125},{"_mousePosition":[683,384],"_rootPartCFrame":[754.17,222.095,51.45,-0.216,0,0.976,0,1,0,-0.976,0,-0.216],"_humanoidState":5,"_cameraCFrame":[758.827,238.796,48.236,-0.285,-0.903,0.32,0,0.334,0.943,-0.958,0.269,-0.095],"_shiftlockState":true,"_pose":"FreeFall","_animationQueue":[["jump",0.1]],"_animationSpeed":1,"_zoom":16.125},{"_mousePosition":[683,384],"_rootPartCFrame":[753.935,222.862,51.323,-0.187,0,0.982,0,1,0,-0.982,0,-0.187],"_humanoidState":5,"_cameraCFrame":[758.592,239.563,48.109,-0.285,-0.903,0.32,0,0.334,0.943,-0.958,0.269,-0.095],"_shiftlockState":true,"_pose":"FreeFall","_animationQueue":[],"_animationSpeed":1,"_zoom":16.125},{"_mousePosition":[683,384],"_rootPartCFrame":[753.701,223.575,51.196,-0.184,0,0.983,0,1,0,-0.983,0,-0.184],"_humanoidState":5,"_cameraCFrame":[758.358,240.276,47.983,-0.285,-0.903,0.32,0,0.334,0.943,-0.958,0.269,-0.095],"_shiftlockState":true,"_pose":"FreeFall","_animationQueue":[],"_animationSpeed":1,"_zoom":16.125},{"_mousePosition":[683,384],"_rootPartCFrame":[753.466,224.234,51.069,-0.184,0,0.983,0,1,0,-0.983,0,-0.184],"_humanoidState":5,"_cameraCFrame":[758.123,240.935,47.856,-0.285,-0.903,0.32,0,0.334,0.943,-0.958,0.269,-0.095],"_shiftlockState":true,"_pose":"FreeFall","_animationQueue":[],"_animationSpeed":1,"_zoom":16.125},{"_mousePosition":[683,384],"_rootPartCFrame":[753.231,224.838,50.942,-0.184,0,0.983,0,1,0,-0.983,0,-0.184],"_humanoidState":5,"_cameraCFrame":[757.831,241.56,47.746,-0.285,-0.905,0.316,0,0.33,0.944,-0.958,0.27,-0.094],"_shiftlockState":true,"_pose":"FreeFall","_animationQueue":[],"_animationSpeed":1,"_zoom":16.125},{"_mousePosition":[683,384],"_rootPartCFrame":[752.997,225.387,50.815,-0.184,0,0.983,0,1,0,-0.983,0,-0.184],"_humanoidState":5,"_cameraCFrame":[757.597,242.109,47.619,-0.285,-0.905,0.316,0,0.33,0.944,-0.958,0.27,-0.094],"_shiftlockState":true,"_pose":"FreeFall","_animationQueue":[],"_animationSpeed":1,"_zoom":16.125},{"_mousePosition":[683,384],"_rootPartCFrame":[752.762,225.882,50.688,-0.184,0,0.983,0,1,0,-0.983,0,-0.184],"_humanoidState":5,"_cameraCFrame":[757.362,242.604,47.492,-0.285,-0.905,0.316,0,0.33,0.944,-0.958,0.27,-0.094],"_shiftlockState":true,"_pose":"FreeFall","_animationQueue":[],"_animationSpeed":1,"_zoom":16.125},{"_mousePosition":[683,384],"_rootPartCFrame":[752.528,226.323,50.561,-0.184,0,0.983,0,1,0,-0.983,0,-0.184],"_humanoidState":5,"_cameraCFrame":[757.128,243.045,47.365,-0.285,-0.905,0.316,0,0.33,0.944,-0.958,0.27,-0.094],"_shiftlockState":true,"_pose":"FreeFall","_animationQueue":[],"_animationSpeed":1,"_zoom":16.125},{"_mousePosition":[683,384],"_rootPartCFrame":[752.29,226.709,50.459,-0.254,0,0.967,0,1,0,-0.967,0,-0.254],"_humanoidState":5,"_cameraCFrame":[756.891,243.431,47.263,-0.285,-0.905,0.316,0,0.33,0.944,-0.958,0.27,-0.094],"_shiftlockState":true,"_pose":"FreeFall","_animationQueue":[],"_animationSpeed":1,"_zoom":16.125},{"_mousePosition":[683,384],"_rootPartCFrame":[752.049,227.04,50.397,-0.282,0,0.959,0,1,0,-0.959,0,-0.282],"_humanoidState":5,"_cameraCFrame":[756.649,243.762,47.2,-0.285,-0.905,0.316,0,0.33,0.944,-0.958,0.27,-0.094],"_shiftlockState":true,"_pose":"FreeFall","_animationQueue":[],"_animationSpeed":1,"_zoom":16.125},{"_mousePosition":[683,384],"_rootPartCFrame":[751.804,227.318,50.373,-0.285,0,0.959,0,1,0,-0.959,0,-0.285],"_humanoidState":5,"_cameraCFrame":[756.404,244.039,47.177,-0.285,-0.905,0.316,0,0.33,0.944,-0.958,0.27,-0.094],"_shiftlockState":true,"_pose":"FreeFall","_animationQueue":[],"_animationSpeed":1,"_zoom":16.125},{"_mousePosition":[683,384],"_rootPartCFrame":[751.555,227.54,50.39,-0.285,0,0.958,0,1,0,-0.958,0,-0.285],"_humanoidState":5,"_cameraCFrame":[756.155,244.262,47.193,-0.285,-0.905,0.316,0,0.33,0.944,-0.958,0.27,-0.094],"_shiftlockState":true,"_pose":"FreeFall","_animationQueue":[],"_animationSpeed":1,"_zoom":16.125},{"_mousePosition":[683,384],"_rootPartCFrame":[751.301,227.708,50.446,-0.285,0,0.958,0,1,0,-0.958,0,-0.285],"_humanoidState":5,"_cameraCFrame":[755.901,244.43,47.249,-0.285,-0.905,0.316,0,0.33,0.944,-0.958,0.27,-0.094],"_shiftlockState":true,"_pose":"FreeFall","_animationQueue":[],"_animationSpeed":1,"_zoom":16.125},{"_mousePosition":[683,384],"_rootPartCFrame":[751.204,227.869,50.477,-0.191,-0.012,0.981,-0.009,1,0.01,-0.981,-0.007,-0.191],"_humanoidState":12,"_cameraCFrame":[755.787,244.59,47.27,-0.285,-0.905,0.316,0,0.33,0.944,-0.958,0.27,-0.094],"_shiftlockState":true,"_pose":"Climbing","_animationQueue":[["walk",0.1],["climb",0.1]],"_animationSpeed":0.738,"_zoom":16.125},{"_mousePosition":[683,384],"_rootPartCFrame":[751.228,228.054,50.479,-0.262,-0.005,0.965,-0.004,1,0.004,-0.965,-0.002,-0.262],"_humanoidState":12,"_cameraCFrame":[755.829,244.776,47.291,-0.283,-0.905,0.317,0,0.33,0.944,-0.959,0.267,-0.093],"_shiftlockState":true,"_pose":"Climbing","_animationQueue":[["climb",0.1]],"_animationSpeed":0.892,"_zoom":16.125},{"_mousePosition":[683,384],"_rootPartCFrame":[751.247,228.241,50.476,-0.279,0,0.96,0,1,0,-0.96,0,-0.279],"_humanoidState":12,"_cameraCFrame":[755.862,244.963,47.303,-0.281,-0.906,0.317,0,0.33,0.944,-0.96,0.265,-0.093],"_shiftlockState":true,"_pose":"Climbing","_animationQueue":[],"_animationSpeed":0.892,"_zoom":16.125},{"_mousePosition":[683,384],"_rootPartCFrame":[751.248,228.427,50.475,-0.28,0,0.96,0,1,0,-0.96,0,-0.28],"_humanoidState":12,"_cameraCFrame":[755.868,245.16,47.358,-0.271,-0.909,0.316,0,0.328,0.945,-0.963,0.256,-0.089],"_shiftlockState":true,"_pose":"Climbing","_animationQueue":[],"_animationSpeed":0.892,"_zoom":16.125},{"_mousePosition":[683,384],"_rootPartCFrame":[751.248,228.614,50.475,-0.271,0,0.963,0,1,0,-0.963,0,-0.271],"_humanoidState":12,"_cameraCFrame":[755.968,245.346,47.511,-0.239,-0.917,0.319,0,0.328,0.945,-0.971,0.226,-0.078],"_shiftlockState":true,"_pose":"Climbing","_animationQueue":[],"_animationSpeed":0.892,"_zoom":16.125},{"_mousePosition":[683,384],"_rootPartCFrame":[751.248,228.801,50.475,-0.239,0,0.971,0,1,0,-0.971,0,-0.239],"_humanoidState":12,"_cameraCFrame":[756.165,245.533,47.852,-0.17,-0.931,0.323,0,0.328,0.945,-0.985,0.16,-0.056],"_shiftlockState":true,"_pose":"Climbing","_animationQueue":[],"_animationSpeed":0.892,"_zoom":16.125},{"_mousePosition":[683,384],"_rootPartCFrame":[751.224,228.953,50.481,-0.17,0,0.985,0,1,0,-0.985,0,-0.17],"_humanoidState":8,"_cameraCFrame":[756.433,245.685,48.5,-0.044,-0.944,0.328,0,0.328,0.945,-0.999,0.042,-0.014],"_shiftlockState":true,"_pose":"Standing","_animationQueue":[["climb",0.1],["idle",0.1],["idle",0.1]],"_animationSpeed":1,"_zoom":16.125},{"_mousePosition":[683,384],"_rootPartCFrame":[751.161,229.051,50.495,-0.056,0,0.998,0,1,0,-0.998,0,-0.056],"_humanoidState":5,"_cameraCFrame":[756.639,245.794,49.638,0.165,-0.932,0.322,0,0.326,0.945,-0.986,-0.156,0.054],"_shiftlockState":true,"_pose":"FreeFall","_animationQueue":[["walk",0.1],["fall",0.3]],"_animationSpeed":1,"_zoom":16.125},{"_mousePosition":[683,384],"_rootPartCFrame":[751.058,229.095,50.51,0.142,0,0.99,0,1,0,-0.99,0,0.142],"_humanoidState":5,"_cameraCFrame":[756.339,245.868,51.9,0.551,-0.79,0.268,0,0.321,0.947,-0.834,-0.522,0.177],"_shiftlockState":true,"_pose":"FreeFall","_animationQueue":[],"_animationSpeed":1,"_zoom":16.125},{"_mousePosition":[683,384],"_rootPartCFrame":[750.918,229.084,50.516,0.512,0,0.859,0,1,0,-0.859,0,0.512],"_humanoidState":5,"_cameraCFrame":[755.473,245.897,53.317,0.774,-0.602,0.199,0,0.313,0.95,-0.633,-0.735,0.242],"_shiftlockState":true,"_pose":"FreeFall","_animationQueue":[["fall",0.3]],"_animationSpeed":1,"_zoom":16.125},{"_mousePosition":[683,384],"_rootPartCFrame":[750.716,229.478,50.414,0.774,0,0.634,0,1,0,-0.634,0,0.774],"_humanoidState":7,"_cameraCFrame":[754.383,246.301,54.268,0.911,-0.392,0.129,0,0.312,0.95,-0.413,-0.866,0.284],"_shiftlockState":true,"_pose":"FreeFall","_animationQueue":[["walk",0.1],["fall",0.3],["fall",0.3]],"_animationSpeed":1,"_zoom":16.125},{"_mousePosition":[683,384],"_rootPartCFrame":[750.54,229.866,50.218,0.918,0,0.398,0,1,0,-0.398,0,0.918],"_humanoidState":7,"_cameraCFrame":[753.357,246.688,54.73,0.975,-0.21,0.069,0,0.312,0.95,-0.221,-0.927,0.304],"_shiftlockState":true,"_pose":"FreeFall","_animationQueue":[],"_animationSpeed":1,"_zoom":16.125},{"_mousePosition":[683,384],"_rootPartCFrame":[750.421,230.102,49.98,0.978,0,0.208,0,1,0,-0.208,0,0.978],"_humanoidState":8,"_cameraCFrame":[752.548,246.925,54.856,0.997,-0.072,0.024,0,0.312,0.95,-0.076,-0.947,0.311],"_shiftlockState":true,"_pose":"Running","_animationQueue":[["walk",0.1],["fall",0.3],["walk",0.1]],"_animationSpeed":1.102,"_zoom":16.125},{"_mousePosition":[683,384],"_rootPartCFrame":[750.31,230.965,49.738,0.998,0,0.063,0,1,0,-0.063,0,0.998],"_humanoidState":3,"_cameraCFrame":[752.1,247.768,54.807,1,-0.007,0.002,0,0.315,0.949,-0.008,-0.949,0.315],"_shiftlockState":true,"_pose":"Jumping","_animationQueue":[["walk",0.1],["jump",0.1]],"_animationSpeed":1,"_zoom":16.125},{"_mousePosition":[683,384],"_rootPartCFrame":[750.223,231.773,49.489,1,0,0.01,0,1,0,-0.01,0,1],"_humanoidState":5,"_cameraCFrame":[751.961,248.566,54.607,1,0.002,-0.001,0,0.317,0.948,0.002,-0.948,0.317],"_shiftlockState":true,"_pose":"FreeFall","_animationQueue":[["jump",0.1]],"_animationSpeed":1,"_zoom":16.125},{"_mousePosition":[683,384],"_rootPartCFrame":[750.174,232.527,49.232,1,0,0.001,0,1,0,-0.001,0,1],"_humanoidState":5,"_cameraCFrame":[751.913,249.32,54.349,1,0.002,-0.001,0,0.317,0.948,0.002,-0.948,0.317],"_shiftlockState":true,"_pose":"FreeFall","_animationQueue":[],"_animationSpeed":1,"_zoom":16.125},{"_mousePosition":[683,384],"_rootPartCFrame":[750.163,233.227,48.968,1,0,-0.002,0,1,0,0.002,0,1],"_humanoidState":5,"_cameraCFrame":[751.901,250.02,54.085,1,0.002,-0.001,0,0.317,0.948,0.002,-0.948,0.317],"_shiftlockState":true,"_pose":"FreeFall","_animationQueue":[],"_animationSpeed":1,"_zoom":16.125},{"_mousePosition":[683,384],"_rootPartCFrame":[750.163,233.872,48.701,1,0,-0.002,0,1,0,0.002,0,1],"_humanoidState":5,"_cameraCFrame":[751.902,250.665,53.818,1,0.002,-0.001,0,0.317,0.948,0.002,-0.948,0.317],"_shiftlockState":true,"_pose":"FreeFall","_animationQueue":[],"_animationSpeed":1,"_zoom":16.125},{"_mousePosition":[683,384],"_rootPartCFrame":[750.164,234.462,48.435,1,0,-0.002,0,1,0,0.002,0,1],"_humanoidState":5,"_cameraCFrame":[751.902,251.255,53.552,1,0.002,-0.001,0,0.317,0.948,0.002,-0.948,0.317],"_shiftlockState":true,"_pose":"FreeFall","_animationQueue":[],"_animationSpeed":1,"_zoom":16.125},{"_mousePosition":[683,384],"_rootPartCFrame":[750.165,234.998,48.168,1,0,-0.002,0,1,0,0.002,0,1],"_humanoidState":5,"_cameraCFrame":[751.903,251.791,53.285,1,0.002,-0.001,0,0.317,0.948,0.002,-0.948,0.317],"_shiftlockState":true,"_pose":"FreeFall","_animationQueue":[],"_animationSpeed":1,"_zoom":16.125},{"_mousePosition":[683,384],"_rootPartCFrame":[750.165,235.479,47.901,1,0,-0.002,0,1,0,0.002,0,1],"_humanoidState":5,"_cameraCFrame":[751.904,252.272,53.018,1,0.002,-0.001,0,0.317,0.948,0.002,-0.948,0.317],"_shiftlockState":true,"_pose":"FreeFall","_animationQueue":[],"_animationSpeed":1,"_zoom":16.125},{"_mousePosition":[683,384],"_rootPartCFrame":[750.166,235.906,47.635,1,0,-0.002,0,1,0,0.002,0,1],"_humanoidState":5,"_cameraCFrame":[751.904,252.699,52.752,1,0.002,-0.001,0,0.317,0.948,0.002,-0.948,0.317],"_shiftlockState":true,"_pose":"FreeFall","_animationQueue":[],"_animationSpeed":1,"_zoom":16.125},{"_mousePosition":[683,384],"_rootPartCFrame":[750.167,236.279,47.368,1,0,-0.002,0,1,0,0.002,0,1],"_humanoidState":5,"_cameraCFrame":[751.905,253.072,52.485,1,0.002,-0.001,0,0.317,0.948,0.002,-0.948,0.317],"_shiftlockState":true,"_pose":"FreeFall","_animationQueue":[],"_animationSpeed":1,"_zoom":16.125},{"_mousePosition":[683,384],"_rootPartCFrame":[750.167,236.597,47.101,1,0,-0.002,0,1,0,0.002,0,1],"_humanoidState":5,"_cameraCFrame":[751.906,253.389,52.218,1,0.002,-0.001,0,0.317,0.948,0.002,-0.948,0.317],"_shiftlockState":true,"_pos