[{"_mousePosition":[1171,364],"_rootPartCFrame":[776.073,222.912,47.138,-0.061,-0.063,0.996,-0.001,0.998,0.063,-0.998,0.003,-0.061],"_humanoidState":5,"_cameraCFrame":[780.506,249.263,47.164,0.004,-0.984,0.179,0,0.179,0.984,-1,-0.004,0.001],"_shiftlockState":false,"_pose":"FreeFall","_animationQueue":[],"_animationSpeed":1,"_zoom":25.263},{"_mousePosition":[1171,364],"_rootPartCFrame":[776.075,222.014,47.138,-0.061,0.023,0.998,0,1,-0.023,-0.998,-0.001,-0.061],"_humanoidState":7,"_cameraCFrame":[780.637,248.368,47.157,0.004,-0.984,0.179,0,0.179,0.984,-1,-0.004,0.001],"_shiftlockState":false,"_pose":"FreeFall","_animationQueue":[["fall",0.3],["fall",0.3]],"_animationSpeed":1,"_zoom":25.263},{"_mousePosition":[1152,364],"_rootPartCFrame":[776.071,222.17,47.138,-0.061,0.018,0.998,0,1,-0.018,-0.998,-0.001,-0.061],"_humanoidState":7,"_cameraCFrame":[780.626,248.524,47.157,0.004,-0.984,0.179,0,0.179,0.984,-1,-0.004,0.001],"_shiftlockState":false,"_pose":"FreeFall","_animationQueue":[],"_animationSpeed":1,"_zoom":25.263},{"_mousePosition":[1119,360],"_rootPartCFrame":[776.071,222.3,47.138,-0.061,0.009,0.998,0,1,-0.009,-0.998,0,-0.061],"_humanoidState":8,"_cameraCFrame":[780.612,248.654,47.158,0.004,-0.984,0.179,0,0.179,0.984,-1,-0.004,0.001],"_shiftlockState":false,"_pose":"Running","_animationQueue":[["fall",0.3],["walk",0.1]],"_animationSpeed":0.023,"_zoom":25.263},{"_mousePosition":[1061,348],"_rootPartCFrame":[775.829,222.51,47.137,-0.051,-0.001,0.999,0,1,0.001,-0.999,0,-0.051],"_humanoidState":8,"_cameraCFrame":[780.354,248.864,47.158,0.004,-0.984,0.179,0,0.179,0.984,-1,-0.004,0.001],"_shiftlockState":false,"_pose":"Running","_animationQueue":[],"_animationSpeed":0.023,"_zoom":25.263},{"_mousePosition":[988,329],"_rootPartCFrame":[775.498,222.611,47.136,-0.042,-0.001,0.999,0,1,0.001,-0.999,0,-0.042],"_humanoidState":8,"_cameraCFrame":[780.024,248.965,47.156,0.004,-0.984,0.179,0,0.179,0.984,-1,-0.004,0.001],"_shiftlockState":false,"_pose":"Running","_animationQueue":[["walk",0.1],["walk",0.1]],"_animationSpeed":1.06,"_zoom":25.263},{"_mousePosition":[907,305],"_rootPartCFrame":[775.298,222.644,47.135,-0.037,0,0.999,0,1,0,-0.999,0,-0.037],"_humanoidState":8,"_cameraCFrame":[779.825,248.998,47.155,0.004,-0.984,0.179,0,0.179,0.984,-1,-0.004,0.001],"_shiftlockState":false,"_pose":"Running","_animationQueue":[],"_animationSpeed":1.06,"_zoom":25.263},{"_mousePosition":[856,290],"_rootPartCFrame":[774.964,222.673,47.133,-0.03,0,1,0,1,0,-1,0,-0.03],"_humanoidState":8,"_cameraCFrame":[779.492,249.027,47.154,0.004,-0.984,0.179,0,0.179,0.984,-1,-0.004,0.001],"_shiftlockState":false,"_pose":"Running","_animationQueue":[],"_animationSpeed":1.06,"_zoom":25.263},{"_mousePosition":[832,284],"_rootPartCFrame":[774.698,222.685,47.132,-0.025,0,1,0,1,0,-1,0,-0.025],"_humanoidState":8,"_cameraCFrame":[779.225,249.039,47.153,0.004,-0.984,0.179,0,0.179,0.984,-1,-0.004,0.001],"_shiftlockState":false,"_pose":"Running","_animationQueue":[],"_animationSpeed":1.06,"_zoom":25.263},{"_mousePosition":[832,284],"_rootPartCFrame":[774.498,222.691,47.131,-0.022,0,1,0,1,0,-1,0,-0.022],"_humanoidState":8,"_cameraCFrame":[779.045,249.041,47.152,0.004,-0.984,0.18,0,0.18,0.984,-1,-0.004,0.001],"_shiftlockState":false,"_pose":"Running","_animationQueue":[],"_animationSpeed":1.06,"_zoom":25.263},{"_mousePosition":[832,284],"_rootPartCFrame":[774.164,222.695,47.13,-0.017,0,1,0,1,0,-1,0,-0.017],"_humanoidState":8,"_cameraCFrame":[778.711,249.046,47.217,0.019,-0.983,0.18,0,0.18,0.984,-1,-0.019,0.003],"_shiftlockState":false,"_pose":"Running","_animationQueue":[],"_animationSpeed":1.06,"_zoom":25.263},{"_mousePosition":[832,284],"_rootPartCFrame":[773.898,222.697,47.129,-0.014,0,1,0,1,0,-1,0,-0.014],"_humanoidState":8,"_cameraCFrame":[778.341,249.066,47.326,0.044,-0.983,0.176,0,0.176,0.984,-0.999,-0.044,0.008],"_shiftlockState":false,"_pose":"Running","_animationQueue":[],"_animationSpeed":1.06,"_zoom":25.263},{"_mousePosition":[832,284],"_rootPartCFrame":[773.698,222.698,47.125,-0.011,0,1,0,1,0,-1,0,-0.011],"_humanoidState":8,"_cameraCFrame":[778.07,249.077,47.48,0.081,-0.982,0.173,0,0.174,0.985,-0.997,-0.08,0.014],"_shiftlockState":false,"_pose":"Running","_animationQueue":[["walk",0.1]],"_animationSpeed":1.06,"_zoom":25.263},{"_mousePosition":[832,284],"_rootPartCFrame":[773.365,222.699,47.112,-0.003,0,1,0,1,0,-1,0,-0.003],"_humanoidState":8,"_cameraCFrame":[777.721,249.078,47.626,0.117,-0.978,0.172,0,0.174,0.985,-0.993,-0.116,0.02],"_shiftlockState":false,"_pose":"Running","_animationQueue":[],"_animationSpeed":1.06,"_zoom":25.263},{"_mousePosition":[832,284],"_rootPartCFrame":[773.165,222.699,47.097,0.004,0,1,0,1,0,-1,0,0.004],"_humanoidState":8,"_cameraCFrame":[777.499,249.078,47.78,0.156,-0.973,0.172,0,0.174,0.985,-0.988,-0.153,0.027],"_shiftlockState":false,"_pose":"Running","_animationQueue":[],"_animationSpeed":1.06,"_zoom":25.263},{"_mousePosition":[832,284],"_rootPartCFrame":[772.901,222.699,47.067,0.018,0,1,0,1,0,-1,0,0.018],"_humanoidState":8,"_cameraCFrame":[777.211,249.079,47.881,0.186,-0.968,0.171,0,0.174,0.985,-0.983,-0.183,0.032],"_shiftlockState":false,"_pose":"Running","_animationQueue":[],"_animationSpeed":1.06,"_zoom":25.263},{"_mousePosition":[832,284],"_rootPartCFrame":[772.637,222.7,47.027,0.035,0,0.999,0,1,0,-0.999,0,0.035],"_humanoidState":8,"_cameraCFrame":[776.922,249.079,47.967,0.214,-0.962,0.17,0,0.174,0.985,-0.977,-0.211,0.037],"_shiftlockState":false,"_pose":"Running","_animationQueue":[],"_animationSpeed":1.06,"_zoom":25.263},{"_mousePosition":[832,284],"_rootPartCFrame":[772.375,222.7,46.979,0.055,0,0.999,0,1,0,-0.999,0,0.055],"_humanoidState":8,"_cameraCFrame":[776.64,249.079,48.004,0.234,-0.958,0.169,0,0.174,0.985,-0.972,-0.23,0.041],"_shiftlockState":false,"_pose":"Running","_animationQueue":[],"_animationSpeed":1.06,"_zoom":25.263},{"_mousePosition":[832,284],"_rootPartCFrame":[772.114,222.7,46.923,0.076,0,0.997,0,1,0,-0.997,0,0.076],"_humanoidState":8,"_cameraCFrame":[776.366,249.079,48.002,0.246,-0.955,0.168,0,0.174,0.985,-0.969,-0.242,0.043],"_shiftlockState":false,"_pose":"Running","_animationQueue":[],"_animationSpeed":1.06,"_zoom":25.263},{"_mousePosition":[832,284],"_rootPartCFrame":[771.855,222.7,46.861,0.097,0,0.995,0,1,0,-0.995,0,0.097],"_humanoidState":8,"_cameraCFrame":[776.103,249.079,47.953,0.249,-0.954,0.168,0,0.174,0.985,-0.969,-0.245,0.043],"_shiftlockState":false,"_pose":"Running","_animationQueue":[["walk",0.1]],"_animationSpeed":1.06,"_zoom":25.263},{"_mousePosition":[832,284],"_rootPartCFrame":[771.596,222.7,46.796,0.117,0,0.993,0,1,0,-0.993,0,0.117],"_humanoidState":8,"_cameraCFrame":[775.845,249.079,47.888,0.249,-0.954,0.168,0,0.174,0.985,-0.969,-0.245,0.043],"_shiftlockState":false,"_pose":"Running","_animationQueue":[],"_animationSpeed":1.06,"_zoom":25.263},{"_mousePosition":[832,284],"_rootPartCFrame":[771.338,222.7,46.73,0.135,0,0.991,0,1,0,-0.991,0,0.135],"_humanoidState":8,"_cameraCFrame":[775.59,249.079,47.808,0.246,-0.955,0.168,0,0.174,0.985,-0.969,-0.242,0.043],"_shiftlockState":false,"_pose":"Running","_animationQueue":[],"_animationSpeed":1.06,"_zoom":25.263},{"_mousePosition":[832,284],"_rootPartCFrame":[771.079,222.7,46.663,0.151,0,0.989,0,1,0,-0.989,0,0.151],"_humanoidState":8,"_cameraCFrame":[775.339,249.079,47.711,0.239,-0.956,0.169,0,0.174,0.985,-0.971,-0.235,0.041],"_shiftlockState":false,"_pose":"Running","_animationQueue":[],"_animationSpeed":1.06,"_zoom":25.263},{"_mousePosition":[832,284],"_rootPartCFrame":[770.821,222.7,46.598,0.164,0,0.987,0,1,0,-0.987,0,0.164],"_humanoidState":8,"_cameraCFrame":[775.096,249.079,47.583,0.225,-0.96,0.169,0,0.174,0.985,-0.974,-0.221,0.039],"_shiftlockState":false,"_pose":"Running","_animationQueue":[],"_animationSpeed":1.06,"_zoom":25.263},{"_mousePosition":[832,284],"_rootPartCFrame":[770.498,223.77,46.516,0.18,0,0.984,0,1,0,-0.984,0,0.18],"_humanoidState":3,"_cameraCFrame":[774.785,250.149,47.447,0.212,-0.962,0.17,0,0.174,0.985,-0.977,-0.209,0.037],"_shiftlockState":false,"_pose":"Jumping","_animationQueue":[["walk",0.1],["jump",0.1]],"_animationSpeed":1,"_zoom":25.263},{"_mousePosition":[832,284],"_rootPartCFrame":[770.303,224.371,46.47,0.186,0,0.983,0,1,0,-0.983,0,0.186],"_humanoidState":5,"_cameraCFrame":[774.773,250.718,47.407,0.205,-0.963,0.177,0,0.181,0.984,-0.979,-0.202,0.037],"_shiftlockState":false,"_pose":"FreeFall","_animationQueue":[["jump",0.1]],"_animationSpeed":1,"_zoom":25.263},{"_mousePosition":[832,284],"_rootPartCFrame":[770.043,225.125,46.413,0.191,0,0.982,0,1,0,-0.982,0,0.191],"_humanoidState":5,"_cameraCFrame":[774.525,251.468,47.387,0.212,-0.961,0.177,0,0.182,0.983,-0.977,-0.209,0.039],"_shiftlockState":false,"_pose":"FreeFall","_animationQueue":[],"_animationSpeed":1,"_zoom":25.263},{"_mousePosition":[832,284],"_rootPartCFrame":[769.782,225.824,46.358,0.193,0,0.981,0,1,0,-0.981,0,0.193],"_humanoidState":5,"_cameraCFrame":[774.265,252.167,47.332,0.212,-0.961,0.177,0,0.182,0.983,-0.977,-0.209,0.039],"_shiftlockState":false,"_pose":"FreeFall","_animationQueue":[],"_animationSpeed":1,"_zoom":25.263},{"_mousePosition":[832,284],"_rootPartCFrame":[769.521,226.469,46.301,0.196,0,0.981,0,1,0,-0.981,0,0.196],"_humanoidState":5,"_cameraCFrame":[774.004,252.812,47.275,0.212,-0.961,0.177,0,0.182,0.983,-0.977,-0.209,0.039],"_shiftlockState":false,"_pose":"FreeFall","_animationQueue":[],"_animationSpeed":1,"_zoom":25.263},{"_mousePosition":[832,284],"_rootPartCFrame":[769.261,227.06,46.245,0.198,0,0.98,0,1,0,-0.98,0,0.198],"_humanoidState":5,"_cameraCFrame":[773.743,253.403,47.219,0.212,-0.961,0.177,0,0.182,0.983,-0.977,-0.209,0.039],"_shiftlockState":false,"_pose":"FreeFall","_animationQueue":[],"_animationSpeed":1,"_zoom":25.263},{"_mousePosition":[832,284],"_rootPartCFrame":[769,227.595,46.188,0.2,0,0.98,0,1,0,-0.98,0,0.2],"_humanoidState":5,"_cameraCFrame":[773.483,253.938,47.162,0.212,-0.961,0.177,0,0.182,0.983,-0.977,-0.209,0.039],"_shiftlockState":false,"_pose":"FreeFall","_animationQueue":[],"_animationSpeed":1,"_zoom":25.263},{"_mousePosition":[832,284],"_rootPartCFrame":[768.74,228.077,46.132,0.202,0,0.979,0,1,0,-0.979,0,0.202],"_humanoidState":5,"_cameraCFrame":[773.222,254.42,47.105,0.212,-0.961,0.177,0,0.182,0.983,-0.977,-0.209,0.039],"_shiftlockState":false,"_pose":"FreeFall","_animationQueue":[],"_animationSpeed":1,"_zoom":25.263},{"_mousePosition":[832,284],"_rootPartCFrame":[768.479,228.504,46.075,0.203,0,0.979,0,1,0,-0.979,0,0.203],"_humanoidState":5,"_cameraCFrame":[772.962,254.847,47.049,0.212,-0.961,0.177,0,0.182,0.983,-0.977,-0.209,0.039],"_shiftlockState":false,"_pose":"FreeFall","_animationQueue":[],"_animationSpeed":1,"_zoom":25.263},{"_mousePosition":[832,284],"_rootPartCFrame":[768.219,228.876,46.018,0.205,0,0.979,0,1,0,-0.979,0,0.205],"_humanoidState":5,"_cameraCFrame":[772.701,255.219,46.992,0.212,-0.961,0.177,0,0.182,0.983,-0.977,-0.209,0.039],"_shiftlockState":false,"_pose":"FreeFall","_animationQueue":[],"_animationSpeed":1,"_zoom":25.263},{"_mousePosition":[832,284],"_rootPartCFrame":[767.958,229.194,45.962,0.206,0,0.979,0,1,0,-0.979,0,0.206],"_humanoidState":5,"_cameraCFrame":[772.441,255.537,46.936,0.212,-0.961,0.177,0,0.182,0.983,-0.977,-0.209,0.039],"_shiftlockState":false,"_pose":"FreeFall","_animationQueue":[],"_animationSpeed":1,"_zoom":25.263},{"_mousePosition":[832,283],"_rootPartCFrame":[767.633,229.515,45.891,0.207,0,0.978,0,1,0,-0.978,0,0.207],"_humanoidState":5,"_cameraCFrame":[772.198,256.314,46.883,0.212,-0.961,0.177,0,0.182,0.983,-0.977,-0.209,0.039],"_shiftlockState":false,"_pose":"FreeFall","_animationQueue":[],"_animationSpeed":1,"_zoom":32.079},{"_mousePosition":[832,284],"_rootPartCFrame":[767.437,229.666,45.848,0.207,0,0.978,0,1,0,-0.978,0,0.207],"_humanoidState":5,"_cameraCFrame":[772.382,258.536,46.89,0.206,-0.962,0.178,0,0.182,0.983,-0.979,-0.203,0.037],"_shiftlockState":false,"_pose":"FreeFall","_animationQueue":[],"_animationSpeed":1,"_zoom":40.598},{"_mousePosition":[832,284],"_rootPartCFrame":[767.177,229.821,45.792,0.208,0,0.978,0,1,0,-0.978,0,0.208],"_humanoidState":5,"_cameraCFrame":[772.667,261.917,46.889,0.196,-0.965,0.177,0,0.18,0.984,-0.981,-0.193,0.035],"_shiftlockState":false,"_pose":"FreeFall","_animationQueue":[],"_animationSpeed":1,"_zoom":51.248},{"_mousePosition":[832,284],"_rootPartCFrame":[766.916,229.921,45.737,0.208,0,0.978,0,1,0,-0.978,0,0.208],"_humanoidState":5,"_cameraCFrame":[773.125,267.329,46.977,0.196,-0.966,0.17,0,0.174,0.985,-0.981,-0.193,0.034],"_shiftlockState":false,"_pose":"FreeFall","_animationQueue":[],"_animationSpeed":1,"_zoom":64.56},{"_mousePosition":[832,284],"_rootPartCFrame":[766.589,229.969,45.671,0.207,0,0.978,0,1,0,-0.978,0,0.207],"_humanoidState":5,"_cameraCFrame":[773.968,274.324,47.298,0.215,-0.962,0.17,0,0.174,0.985,-0.977,-0.212,0.037],"_shiftlockState":false,"_pose":"FreeFall","_animationQueue":[],"_animationSpeed":1,"_zoom":81.2},{"_mousePosition":[832,284],"_rootPartCFrame":[766.327,229.946,45.619,0.205,0,0.979,0,1,0,-0.979,0,0.205],"_humanoidState":5,"_cameraCFrame":[775.014,282.024,47.64,0.227,-0.959,0.169,0,0.174,0.985,-0.974,-0.223,0.039],"_shiftlockState":false,"_pose":"FreeFall","_animationQueue":[],"_animationSpeed":1,"_zoom":81.2},{"_mousePosition":[832,284],"_rootPartCFrame":[766.132,229.893,45.576,0.205,0,0.979,0,1,0,-0.979,0,0.205],"_humanoidState":5,"_cameraCFrame":[776.155,289.782,47.93,0.229,-0.959,0.169,0,0.174,0.985,-0.974,-0.225,0.04],"_shiftlockState":false,"_pose":"FreeFall","_animationQueue":[],"_animationSpeed":1,"_zoom":81.2},{"_mousePosition":[832,284],"_rootPartCFrame":[765.872,229.775,45.516,0.208,0,0.978,0,1,0,-0.978,0,0.208],"_humanoidState":5,"_cameraCFrame":[776.922,295.613,48.087,0.227,-0.959,0.169,0,0.174,0.985,-0.974,-0.223,0.039],"_shiftlockState":false,"_pose":"FreeFall","_animationQueue":[],"_animationSpeed":1,"_zoom":81.2},{"_mousePosition":[832,284],"_rootPartCFrame":[765.613,229.603,45.456,0.21,0,0.978,0,1,0,-0.978,0,0.21],"_humanoidState":5,"_cameraCFrame":[777.409,299.759,48.174,0.225,-0.96,0.169,0,0.174,0.985,-0.974,-0.221,0.039],"_shiftlockState":false,"_pose":"FreeFall","_animationQueue":[],"_animationSpeed":1,"_zoom":81.2},{"_mousePosition":[832,284],"_rootPartCFrame":[765.353,229.375,45.395,0.213,0,0.977,0,1,0,-0.977,0,0.213],"_humanoidState":5,"_cameraCFrame":[777.737,302.951,48.249,0.225,-0.96,0.169,0,0.174,0.985,-0.974,-0.221,0.039],"_shiftlockState":false,"_pose":"FreeFall","_animationQueue":[],"_animationSpeed":1,"_zoom":81.2},{"_mousePosition":[832,284],"_rootPartCFrame":[765.093,229.094,45.335,0.214,0,0.977,0,1,0,-0.977,0,0.214],"_humanoidState":5,"_cameraCFrame":[777.86,304.878,48.263,0.224,-0.96,0.169,0,0.174,0.985,-0.975,-0.22,0.039],"_shiftlockState":false,"_pose":"FreeFall","_animationQueue":[["fall",0.3]],"_animationSpeed":1,"_zoom":81.2},{"_mousePosition":[832,284],"_rootPartCFrame":[764.833,228.758,45.275,0.216,0,0.976,0,1,0,-0.976,0,0.216],"_humanoidState":5,"_cameraCFrame":[777.928,306.434,48.264,0.223,-0.96,0.169,0,0.174,0.985,-0.975,-0.219,0.039],"_shiftlockState":false,"_pose":"FreeFall","_animationQueue":[],"_animationSpeed":1,"_zoom":81.2},{"_mousePosition":[832,284],"_rootPartCFrame":[764.508,228.261,45.201,0.217,0,0.976,0,1,0,-0.976,0,0.217],"_humanoidState":5,"_cameraCFrame":[777.814,307.165,48.238,0.223,-0.96,0.169,0,0.174,0.985,-0.975,-0.219,0.039],"_shiftlockState":false,"_pose":"FreeFall","_animationQueue":[],"_animationSpeed":1,"_zoom":81.2},{"_mousePosition":[832,284],"_rootPartCFrame":[764.313,227.922,45.156,0.218,0,0.976,0,1,0,-0.976,0,0.218],"_humanoidState":5,"_cameraCFrame":[777.768,307.668,48.212,0.221,-0.96,0.169,0,0.174,0.985,-0.975,-0.218,0.038],"_shiftlockState":false,"_pose":"FreeFall","_animationQueue":[],"_animationSpeed":1,"_zoom":81.2},{"_mousePosition":[832,284],"_rootPartCFrame":[764.053,227.422,45.097,0.219,0,0.976,0,1,0,-0.976,0,0.219],"_humanoidState":5,"_cameraCFrame":[777.611,307.714,48.131,0.218,-0.961,0.169,0,0.174,0.985,-0.976,-0.215,0.038],"_shiftlockState":false,"_pose":"FreeFall","_animationQueue":[],"_animationSpeed":1,"_zoom":81.2},{"_mousePosition":[832,284],"_rootPartCFrame":[763.793,226.868,45.038,0.219,0,0.976,0,1,0,-0.976,0,0.219],"_humanoidState":5,"_cameraCFrame":[777.434,307.535,48.001,0.212,-0.962,0.17,0,0.174,0.985,-0.977,-0.209,0.037],"_shiftlockState":false,"_pose":"FreeFall","_animationQueue":[],"_animationSpeed":1,"_zoom":81.2},{"_mousePosition":[832,284],"_rootPartCFrame":[763.505,226.099,44.972,0.219,0,0.976,0,1,0,-0.976,0,0.219],"_humanoidState":5,"_cameraCFrame":[777.219,307.05,47.831,0.204,-0.964,0.17,0,0.174,0.985,-0.979,-0.201,0.035],"_shiftlockState":false,"_pose":"FreeFall","_animationQueue":[["fall",0.3]],"_animationSpeed":1,"_zoom":81.2},{"_mousePosition":[832,284],"_rootPartCFrame":[763.36,225.597,44.939,0.219,0,0.976,0,1,0,-0.976,0,0.219],"_humanoidState":5,"_cameraCFrame":[777.142,306.715,47.617,0.191,-0.967,0.17,0,0.174,0.985,-0.982,-0.188,0.033],"_shiftlockState":false,"_pose":"FreeFall","_animationQueue":[],"_animationSpeed":1,"_zoom":81.2},{"_mousePosition":[832,284],"_rootPartCFrame":[763.202,224.879,44.903,0.219,0,0.976,0,1,0,-0.976,0,0.219],"_humanoidState":5,"_cameraCFrame":[777.051,306.112,47.325,0.172,-0.97,0.171,0,0.174,0.985,-0.985,-0.17,0.03],"_shiftlockState":false,"_pose":"FreeFall","_animationQueue":[],"_animationSpeed":1,"_zoom":81.2},{"_mousePosition":[832,284],"_rootPartCFrame":[763.083,224.107,44.876,0.219,0,0.976,0,1,0,-0.976,0,0.219],"_humanoidState":5,"_cameraCFrame":[776.989,305.424,47.038,0.154,-0.973,0.172,0,0.174,0.985,-0.988,-0.151,0.027],"_shiftlockState":false,"_pose":"FreeFall","_animationQueue":[],"_animationSpeed":1,"_zoom":81.2},{"_mousePosition":[832,284],"_rootPartCFrame":[762.987,223.065,44.855,0.219,0,0.976,0,1,0,-0.976,0,0.219],"_humanoidState":5,"_cameraCFrame":[776.937,304.432,46.785,0.137,-0.976,0.172,0,0.174,0.985,-0.991,-0.135,0.024],"_shiftlockState":false,"_pose":"FreeFall","_animationQueue":[],"_animationSpeed":1,"_zoom":81.2},{"_mousePosition":[832,284],"_rootPartCFrame":[762.979,222.508,44.853,0.219,0,0.976,0,1,0,-0.976,0,0.219],"_humanoidState":7,"_cameraCFrame":[776.964,303.91,46.564,0.121,-0.978,0.172,0,0.174,0.985,-0.993,-0.12,0.021],"_shiftlockState":false,"_pose":"FreeFall","_animationQueue":[["walk",0.1],["fall",0.3],["fall",0.3]],"_animationSpeed":1,"_zoom":81.2},{"_mousePosition":[832,284],"_rootPartCFrame":[762.979,222.481,44.853,0.219,0,0.976,0,1,0,-0.976,0,0.219],"_humanoidState":7,"_cameraCFrame":[776.991,303.906,46.359,0.107,-0.979,0.173,0,0.174,0.985,-0.994,-0.105,0.019],"_shiftlockState":false,"_pose":"FreeFall","_animationQueue":[["fall",0.3]],"_animationSpeed":1,"_zoom":81.2},{"_mousePosition":[832,284],"_rootPartCFrame":[762.979,222.548,44.853,0.219,0,0.976,0,1,0,-0.976,0,0.219],"_humanoidState":7,"_cameraCFrame":[777.014,303.987,46.154,0.092,-0.981,0.173,0,0.174,0.985,-0.996,-0.091,0.016],"_shiftlockState":false,"_pose":"FreeFall","_animationQueue":[],"_animationSpeed":1,"_zoom":81.2},{"_mousePosition":[832,284],"_rootPartCFrame":[762.979,222.636,44.853,0.219,0,0.976,0,1,0,-0.976,0,0.219],"_humanoidState":8,"_cameraCFrame":[777.033,304.084,45.948,0.078,-0.982,0.173,0,0.174,0.985,-0.997,-0.077,0.013],"_shiftlockState":false,"_pose":"Standing","_animationQueue":[["fall",0.3],["idle",0.1]],"_animationSpeed":1,"_zoom":81.2},{"_mousePosition":[832,284],"_rootPartCFrame":[762.979,223.288,44.853,0.219,0,0.976,0,1,0,-0.976,0,0.219],"_humanoidState":3,"_cameraCFrame":[777.05,304.743,45.727,0.062,-0.983,0.173,0,0.174,0.985,-0.998,-0.061,0.011],"_shiftlockState":false,"_pose":"Jumping","_animationQueue":[["idle",0.1],["jump",0.1]],"_animationSpeed":1,"_zoom":81.2},{"_mousePosition":[832,284],"_rootPartCFrame":[762.979,224.11,44.853,0.219,0,0.976,0,1,0,-0.976,0,0.219],"_humanoidState":5,"_cameraCFrame":[777.063,305.569,45.506,0.046,-0.984,0.173,0,0.174,0.985,-0.999,-0.046,0.008],"_shiftlockState":false,"_pose":"FreeFall","_animationQueue":[["jump",0.1]],"_animationSpeed":1,"_zoom":81.2},{"_mousePosition":[832,284],"_rootPartCFrame":[762.979,225.061,44.853,0.219,0,0.976,0,1,0,-0.976,0,0.219],"_humanoidState":5,"_cameraCFrame":[777.069,306.522,45.373,0.037,-0.984,0.174,0,0.174,0.985,-0.999,-0.036,0.006],"_shiftlockState":false,"_pose":"FreeFall","_animationQueue":[],"_animationSpeed":1,"_zoom":81.2},{"_mousePosition":[832,284],"_rootPartCFrame":[762.979,225.59,44.853,0.219,0,0.976,0,1,0,-0.976,0,0.219],"_humanoidState":5,"_cameraCFrame":[777.074,307.054,45.211,0.025,-0.984,0.174,0,0.174,0.985,-1,-0.025,0.004],"_shiftlockState":false,"_pose":"FreeFall","_animationQueue":[],"_animationSpeed":1,"_zoom":81.2},{"_mousePosition":[832,284],"_rootPartCFrame":[762.979,226.249,44.853,0.219,0,0.976,0,1,0,-0.976,0,0.219],"_humanoidState":5,"_cameraCFrame":[777.077,307.713,45.078,0.016,-0.985,0.174,0,0.174,0.985,-1,-0.016,0.003],"_shiftlockState":false,"_pose":"FreeFall","_animationQueue":[],"_animationSpeed":1,"_zoom":81.2},{"_mousePosition":[832,284],"_rootPartCFrame":[762.979,226.853,44.853,0.219,0,0.976,0,1,0,-0.976,0,0.219],"_humanoidState":5,"_cameraCFrame":[777.079,308.318,44.931,0.006,-0.985,0.174,0,0.174,0.985,-1,-0.005,0.001],"_shiftlockState":false,"_pose":"FreeFall","_animationQueue":[],"_animationSpeed":1,"_zoom":81.2},{"_mousePosition":[832,284],"_rootPartCFrame":[762.979,227.402,44.853,0.219,0,0.976,0,1,0,-0.976,0,0.219],"_humanoidState":5,"_cameraCFrame":[777.079,308.868,44.783,-0.005,-0.985,0.174,0,0.174,0.985,-1,0.005,-0.001],"_shiftlockState":false,"_pose":"FreeFall","_animationQueue":[],"_animationSpeed":1,"_zoom":81.2},{"_mousePosition":[832,284],"_rootPartCFrame":[762.979,228.013,44.853,0.219,0,0.976,0,1,0,-0.976,0,0.219],"_humanoidState":5,"_cameraCFrame":[777.077,309.479,44.635,-0.015,-0.985,0.174,0,0.174,0.985,-1,0.015,-0.003],"_shiftlockState":false,"_pose":"FreeFall","_animationQueue":[],"_animationSpeed":1,"_zoom":81.2},{"_mousePosition":[832,284],"_rootPartCFrame":[762.979,228.338,44.853,0.219,0,0.976,0,1,0,-0.976,0,0.219],"_humanoidState":5,"_cameraCFrame":[777.075,309.804,44.502,-0.025,-0.985,0.174,0,0.174,0.985,-1,0.024,-0.004],"_shiftlockState":false,"_pose":"FreeFall","_animationQueue":[],"_animationSpeed":1,"_zoom":81.2},{"_mousePosition":[832,284],"_rootPartCFrame":[762.979,228.812,44.853,0.219,0,0.976,0,1,0,-0.976,0,0.219],"_humanoidState":5,"_cameraCFrame":[777.071,310.278,44.384,-0.033,-0.984,0.174,0,0.174,0.985,-0.999,0.033,-0.006],"_shiftlockState":false,"_pose":"FreeFall","_animationQueue":[],"_animationSpeed":1,"_zoom":81.2},{"_mousePosition":[832,284],"_rootPartCFrame":[762.964,229.056,44.853,0.204,0,0.979,0,1,0,-0.979,0,0.204],"_humanoidState":5,"_cameraCFrame":[776.782,309,44.234,-0.045,-0.984,0.173,0,0.174,0.985,-0.999,0.044,-0.008],"_shiftlockState":false,"_pose":"FreeFall","_animationQueue":[],"_animationSpeed":1,"_zoom":64.56},{"_mousePosition":[832,284],"_rootPartCFrame":[762.909,229.333,44.855,0.175,0,0.985,0,1,0,-0.985,0,0.175],"_humanoidState":5,"_cameraCFrame":[776.269,306.704,44.158,-0.052,-0.983,0.173,0,0.174,0.985,-0.999,0.051,-0.009],"_shiftlockState":false,"_pose":"FreeFall","_animationQueue":[],"_animationSpeed":1,"_zoom":64.56},{"_mousePosition":[832,284],"_rootPartCFrame":[762.815,229.555,44.858,0.145,0,0.989,0,1,0,-0.989,0,0.145],"_humanoidState":5,"_cameraCFrame":[775.672,304.099,44.093,-0.059,-0.983,0.173,0,0.174,0.985,-0.998,0.058,-0.01],"_shiftlockState":false,"_pose":"FreeFall","_animationQueue":[],"_animationSpeed":1,"_zoom":64.56},{"_mousePosition":[832,284],"_rootPartCFrame":[762.681,229.723,44.864,0.118,0,0.993,0,1,0,-0.993,0,0.118],"_humanoidState":5,"_cameraCFrame":[775.1,301.808,44.034,-0.067,-0.983,0.173,0,0.174,0.985,-0.998,0.066,-0.012],"_shiftlockState":false,"_pose":"FreeFall","_animationQueue":[],"_animationSpeed":1,"_zoom":64.56},{"_mousePosition":[832,284],"_rootPartCFrame":[762.508,229.837,44.872,0.093,0,0.996,0,1,0,-0.996,0,0.093],"_humanoidState":5,"_cameraCFrame":[774.593,300.063,43.975,-0.074,-0.982,0.173,0,0.174,0.985,-0.997,0.073,-0.013],"_shiftlockState":false,"_pose":"FreeFall","_animationQueue":[],"_animationSpeed":1,"_zoom":64.56},{"_mousePosition":[832,284],"_rootPartCFrame":[762.295,229.896,44.884,0.071,0,0.997,0,1,0,-0.997,0,0.071],"_humanoidState":5,"_cameraCFrame":[774.122,298.688,43.932,-0.08,-0.982,0.173,0,0.174,0.985,-0.997,0.079,-0.014],"_shiftlockState":false,"_pose":"FreeFall","_animationQueue":[],"_animationSpeed":1,"_zoom":64.56},{"_mousePosition":[832,284],"_rootPartCFrame":[762.043,229.9,44.902,0.051,0,0.999,0,1,0,-0.999,0,0.051],"_humanoidState":5,"_cameraCFrame":[773.655,297.509,43.881,-0.088,-0.981,0.173,0,0.174,0.985,-0.996,0.086,-0.015],"_shiftlockState":false,"_pose":"FreeFall","_animationQueue":[],"_animationSpeed":1,"_zoom":64.56},{"_mousePosition":[832,284],"_rootPartCFrame":[761.731,229.829,44.959,-0.068,0,0.998,0,1,0,-0.998,0,-0.068],"_humanoidState":5,"_cameraCFrame":[773.03,295.688,43.906,-0.093,-0.981,0.173,0,0.174,0.985,-0.996,0.091,-0.016],"_shiftlockState":false,"_pose":"FreeFall","_animationQueue":[["fall",0.3]],"_animationSpeed":1,"_zoom":51.248},{"_mousePosition":[832,284],"_rootPartCFrame":[761.557,229.746,45.02,-0.15,0,0.989,0,1,0,-0.989,0,-0.15],"_humanoidState":5,"_cameraCFrame":[772.403,293.058,43.941,-0.099,-0.98,0.173,0,0.174,0.985,-0.995,0.098,-0.017],"_shiftlockState":false,"_pose":"FreeFall","_animationQueue":[],"_animationSpeed":1,"_zoom":51.248},{"_mousePosition":[832,284],"_rootPartCFrame":[761.341,229.587,45.133,-0.249,0,0.969,0,1,0,-0.969,0,-0.249],"_humanoidState":5,"_cameraCFrame":[771.683,290.071,44.038,-0.105,-0.979,0.173,0,0.174,0.985,-0.994,0.104,-0.018],"_shiftlockState":false,"_pose":"FreeFall","_animationQueue":[],"_animationSpeed":1,"_zoom":51.248},{"_mousePosition":[832,284],"_rootPartCFrame":[761.142,229.373,45.281,-0.334,0,0.943,0,1,0,-0.943,0,-0.334],"_humanoidState":5,"_cameraCFrame":[771.102,287.714,44.164,-0.112,-0.979,0.173,0,0.174,0.985,-0.994,0.11,-0.019],"_shiftlockState":false,"_pose":"FreeFall","_animationQueue":[],"_animationSpeed":1,"_zoom":51.248},{"_mousePosition":[832,284],"_rootPartCFrame":[760.962,229.105,45.465,-0.405,0,0.914,0,1,0,-0.914,0,-0.405],"_humanoidState":5,"_cameraCFrame":[770.616,285.737,44.33,-0.117,-0.978,0.172,0,0.174,0.985,-0.993,0.115,-0.02],"_shiftlockState":false,"_pose":"FreeFall","_animationQueue":[],"_animationSpeed":1,"_zoom":51.248},{"_mousePosition":[832,284],"_rootPartCFrame":[760.794,228.783,45.671,-0.466,0,0.885,0,1,0,-0.885,0,-0.466],"_humanoidState":5,"_cameraCFrame":[770.19,283.967,44.517,-0.122,-0.977,0.172,0,0.174,0.985,-0.993,0.12,-0.021],"_shiftlockState":false,"_pose":"FreeFall","_animationQueue":[],"_animationSpeed":1,"_zoom":51.248},{"_mousePosition":[832,284],"_rootPartCFrame":[760.629,228.406,45.881,-0.517,0,0.856,0,1,0,-0.856,0,-0.517],"_humanoidState":5,"_cameraCFrame":[769.857,282.653,44.718,-0.125,-0.977,0.172,0,0.174,0.985,-0.992,0.123,-0.022],"_shiftlockState":false,"_pose":"FreeFall","_animationQueue":[],"_animationSpeed":1,"_zoom":51.248},{"_mousePosition":[832,284],"_rootPartCFrame":[760.464,227.974,46.091,-0.56,0,0.828,0,1,0,-0.828,0,-0.56],"_humanoidState":5,"_cameraCFrame":[769.571,281.541,44.924,-0.127,-0.977,0.172,0,0.174,0.985,-0.992,0.125,-0.022],"_shiftlockState":false,"_pose":"FreeFall","_animationQueue":[["fall",0.3]],"_animationSpeed":1,"_zoom":51.248},{"_mousePosition":[832,284],"_rootPartCFrame":[760.316,227.488,46.281,-0.573,0,0.82,0,1,0,-0.82,0,-0.573],"_humanoidState":5,"_cameraCFrame":[769.328,280.518,45.126,-0.127,-0.977,0.172,0,0.174,0.985,-0.992,0.125,-0.022],"_shiftlockState":false,"_pose":"FreeFall","_animationQueue":[],"_animationSpeed":1,"_zoom":51.248},{"_mousePosition":[832,284],"_rootPartCFrame":[760.191,226.948,46.44,-0.574,0,0.819,0,1,0,-0.819,0,-0.574],"_humanoidState":5,"_cameraCFrame":[769.145,279.633,45.303,-0.126,-0.977,0.172,0,0.174,0.985,-0.992,0.124,-0.022],"_shiftlockState":false,"_pose":"FreeFall","_animationQueue":[],"_animationSpeed":1,"_zoom":51.248},{"_mousePosition":[832,284],"_rootPartCFrame":[760.091,226.353,46.568,-0.574,0,0.819,0,1,0,-0.819,0,-0.574],"_humanoidState":5,"_cameraCFrame":[769.016,278.824,45.51,-0.118,-0.978,0.172,0,0.174,0.985,-0.993,0.116,-0.02],"_shiftlockState":false,"_pose":"FreeFall","_animationQueue":[],"_animationSpeed":1,"_zoom":51.248},{"_mousePosition":[832,284],"_rootPartCFrame":[760.016,225.703,46.665,-0.574,0,0.819,0,1,0,-0.819,0,-0.574],"_humanoidState":5,"_cameraCFrame":[768.927,277.999,45.769,-0.1,-0.98,0.173,0,0.174,0.985,-0.995,0.099,-0.017],"_shiftlockState":false,"_pose":"FreeFall","_animationQueue":[],"_animationSpeed":1,"_zoom":51.248},{"_mousePosition":[832,284],"_rootPartCFrame":[759.965,224.999,46.73,-0.574,0,0.819,0,1,0,-0.819,0,-0.574],"_humanoidState":5,"_cameraCFrame":[768.876,277.19,46.041,-0.077,-0.982,0.173,0,0.174,0.985,-0.997,0.076,-0.013],"_shiftlockState":false,"_pose":"FreeFall","_animationQueue":[],"_animationSpeed":1,"_zoom":51.248},{"_mousePosition":[832,284],"_rootPartCFrame":[759.938,224.241,46.764,-0.574,0,0.819,0,1,0,-0.819,0,-0.574],"_humanoidState":5,"_cameraCFrame":[768.85,276.36,46.272,-0.055,-0.983,0.173,0,0.174,0.985,-0.998,0.054,-0.01],"_shiftlockState":false,"_pose":"FreeFall","_animationQueue":[["fall",0.3]],"_animationSpeed":1,"_zoom":51.248},{"_mousePosition":[832,284],"_rootPartCFrame":[759.92,223.428,46.762,-0.497,0,0.868,0,1,0,-0.868,0,-0.497],"_humanoidState":5,"_cameraCFrame":[768.829,275.493,46.391,-0.042,-0.984,0.173,0,0.174,0.985,-0.999,0.041,-0.007],"_shiftlockState":false,"_pose":"FreeFall","_animationQueue":[],"_animationSpeed":1,"_zoom":51.248},{"_mousePosition":[832,284],"_rootPartCFrame":[759.997,222.561,46.657,-0.222,0,0.975,0,1,0,-0.975,0,-0.222],"_humanoidState":7,"_cameraCFrame":[768.901,274.594,46.315,-0.038,-0.984,0.174,0,0.174,0.985,-0.999,0.038,-0.007],"_shiftlockState":false,"_pose":"FreeFall","_animationQueue":[["walk",0.1],["fall",0.3],["fall",0.3]],"_animationSpeed":1,"_zoom":51.248},{"_mousePosition":[832,284],"_rootPartCFrame":[760.13,224.725,46.5,0.122,0,0.993,0,1,0,-0.993,0,0.122],"_humanoidState":3,"_cameraCFrame":[769.03,276.738,46.157,-0.038,-0.984,0.174,0,0.174,0.985,-0.999,0.038,-0.007],"_shiftlockState":false,"_pose":"Jumping","_animationQueue":[["fall",0.3],["jump",0.1]],"_animationSpeed":1,"_zoom":51.248},{"_mousePosition":[832,284],"_rootPartCFrame":[760.283,227.058,46.327,0.316,0,0.949,0,1,0,-0.949,0,0.316],"_humanoidState":5,"_cameraCFrame":[769.18,279.055,45.975,-0.039,-0.984,0.174,0,0.174,0.985,-0.999,0.039,-0.007],"_shiftlockState":false,"_pose":"FreeFall","_animationQueue":[["jump",0.1]],"_animationSpeed":1,"_zoom":51.248},{"_mousePosition":[832,284],"_rootPartCFrame":[760.46,229.392,46.134,0.446,0,0.895,0,1,0,-0.895,0,0.446],"_humanoidState":5,"_cameraCFrame":[769.354,281.379,45.745,-0.044,-0.984,0.173,0,0.174,0.985,-0.999,0.043,-0.008],"_shiftlockState":false,"_pose":"FreeFall","_animationQueue":[],"_animationSpeed":1,"_zoom":51.248},{"_mousePosition":[832,284],"_rootPartCFrame":[760.618,231.725,45.93,0.562,0,0.827,0,1,0,-0.827,0,0.562],"_humanoidState":5,"_cameraCFrame":[769.509,283.706,45.513,-0.047,-0.984,0.173,0,0.174,0.985,-0.999,0.046,-0.008],"_shiftlockState":false,"_pose":"FreeFall","_animationQueue":[],"_animationSpeed":1,"_zoom":51.248},{"_mousePosition":[832,284],"_rootPartCFrame":[760.738,234.058,45.712,0.662,0,0.75,0,1,0,-0.75,0,0.662],"_humanoidState":5,"_cameraCFrame":[769.627,286.035,45.268,-0.05,-0.984,0.173,0,0.174,0.985,-0.999,0.049,-0.009],"_shiftlockState":false,"_pose":"FreeFall","_animationQueue":[],"_animationSpeed":1,"_zoom":51.248},{"_mousePosition":[832,284],"_rootPartCFrame":[760.821,236.392,45.481,0.742,0,0.671,0,1,0,-0.671,0,0.742],"_humanoidState":5,"_cameraCFrame":[769.706,288.366,44.971,-0.057,-0.983,0.173,0,0.174,0.985,-0.998,0.056,-0.01],"_shiftlockState":false,"_pose":"FreeFall","_animationQueue":[],"_animationSpeed":1,"_zoom":51.248},{"_mousePosition":[832,284],"_rootPartCFrame":[760.897,239.308,45.221,0.765,0,0.644,0,1,0,-0.644,0,0.765],"_humanoidState":5,"_cameraCFrame":[769.773,291.281,44.572,-0.073,-0.982,0.173,0,0.174,0.985,-0.997,0.072,-0.013],"_shiftlockState":false,"_pose":"FreeFall","_animationQueue":[],"_animationSpeed":1,"_zoom":51.248},{"_mousePosition":[832,284],"_rootPartCFrame":[760.934,241.058,45.094,0.766,0,0.642,0,1,0,-0.642,0,0.766],"_humanoidState":5,"_cameraCFrame":[770.075,292.979,44.203,-0.097,-0.979,0.178,0,0.179,0.984,-0.995,0.095,-0.017],"_shiftlockState":false,"_pose":"FreeFall","_animationQueue":[],"_animationSpeed":1,"_zoom":51.248},{"_mousePosition":[832,284],"_rootPartCFrame":[760.973,243.358,44.957,0.767,0,0.642,0,1,0,-0.642,0,0.767],"_humanoidState":5,"_cameraCFrame":[770.468,295.209,43.932,-0.107,-0.977,0.185,0,0.186,0.982,-0.994,0.105,-0.02],"_shiftlockState":false,"_pose":"FreeFall","_animationQueue":[],"_animationSpeed":1,"_zoom":51.248},{"_mousePosition":[832,284],"_rootPartCFrame":[761.002,245.602,44.859,0.767,0,0.642,0,1,0,-0.642,0,0.767],"_humanoidState":5,"_cameraCFrame":[770.94,297.367,43.786,-0.107,-0.975,0.194,0,0.195,0.981,-0.994,0.105,-0.021],"_shiftlockState":false,"_pose":"FreeFall","_animationQueue":[],"_animationSpeed":1,"_zoom":51.248},{"_mousePosition":[832,284],"_rootPartCFrame":[761.02,247.793,44.799,0.767,0,0.642,0,1,0,-0.642,0,0.767],"_humanoidState":5,"_cameraCFrame":[770.958,299.557,43.726,-0.107,-0.975,0.194,0,0.195,0.981,-0.994,0.105,-0.021],"_shiftlockState":false,"_pose":"FreeFall","_animationQueue":[],"_animationSpeed":1,"_zoom":51.248},{"_mousePosition":[832,284],"_rootPartCFrame":[761.026,249.928,44.777,0.767,0,0.642,0,1,0,-0.642,0,0.767],"_humanoidState":5,"_cameraCFrame":[770.964,301.693,43.703,-0.107,-0.975,0.194,0,0.195,0.981,-0.994,0.105,-0.021],"_shiftlockState":false,"_pose":"FreeFall","_animationQueue":[],"_animationSpeed":1,"_zoom":51.248},{"_mousePosition":[832,284],"_rootPartCFrame":[761.026,252.521,44.775,0.767,0,0.642,0,1,0,-0.642,0,0.767],"_humanoidState":5,"_cameraCFrame":[770.964,304.285,43.702,-0.107,-0.975,0.194,0,0.195,0.981,-0.994,0.105,-0.021],"_shiftlockState":false,"_pose":"FreeFall","_animationQueue":[],"_animationSpeed":1,"_zoom":51.248},{"_mousePosition":[832,284],"_rootPartCFrame":[761.026,254.036,44.775,0.767,0,0.642,0,1,0,-0.642,0,0.767],"_humanoidState":5,"_cameraCFrame":[770.964,305.8,43.702,-0.107,-0.975,0.194,0,0.195,0.981,-0.994,0.105,-0.021],"_shiftlockState":false,"_pose":"FreeFall","_animationQueue":[],"_animationSpeed":1,"_zoom":51.248},{"_mousePosition":[832,284],"_rootPartCFrame":[761.026,256.009,44.775,0.767,0,0.642,0,1,0,-0.642,0,0.767],"_humanoidState":5,"_cameraCFrame":[770.964,307.773,43.702,-0.107,-0.975,0.194,0,0.195,0.981,-0.994,0.105,-0.021],"_shiftlockState":false,"_pose":"FreeFall","_animationQueue":[],"_animationSpeed":1,"_zoom":51.248},{"_mousePosition":[832,284],"_rootPartCFrame":[761.026,257.926,44.775,0.767,0,0.642,0,1,0,-0.642,0,0.767],"_humanoidState":5,"_cameraCFrame":[770.964,309.69,43.702,-0.107,-0.975,0.194,0,0.195,0.981,-0.994,0.105,-0.021],"_shiftlockState":false,"_pose":"FreeFall","_animationQueue":[],"_animationSpeed":1,"_zoom":51.248},{"_mousePosition":[832,284],"_rootPartCFrame":[761.026,259.79,44.775,0.767,0,0.642,0,1,0,-0.642,0,0.767],"_humanoidState":5,"_cameraCFrame":[770.964,311.554,43.702,-0.107,-0.975,0.194,0,0.195,0.981,-0.994,0.105,-0.021],"_shiftlockState":false,"_pose":"FreeFall","_animationQueue":[["fall",0.3]],"_animationSpeed":1,"_zoom":51.248},{"_mousePosition":[832,284],"_rootPartCFrame":[761.026,261.599,44.775,0.767,0,0.642,0,1,0,-0.642,0,0.767],"_humanoidState":5,"_cameraCFrame":[770.964,313.362,43.702,-0.107,-0.975,0.194,0,0.195,0.981,-0.994,0.105,-0.021],"_shiftlockState":false,"_pose":"FreeFall","_animationQueue":[],"_animationSpeed":1,"_zoom":51.248},{"_mousePosition":[832,284],"_rootPartCFrame":[761.026,263.353,44.775,0.767,0,0.642,0,1,0,-0.642,0,0.767],"_humanoidState":5,"_cameraCFrame":[770.964,315.117,43.702,-0.107,-0.975,0.194,0,0.195,0.981,-0.994,0.105,-0.021],"_shiftlockState":false,"_pose":"FreeFall","_animationQueue":[],"_animationSpeed":1,"_zoom":51.248},{"_mousePosition":[832,284],"_rootPartCFrame":[761.026,265.053,44.775,0.767,0,0.642,0,1,0,-0.642,0,0.767],"_humanoidState":5,"_cameraCFrame":[770.964,316.816,43.702,-0.107,-0.975,0.194,0,0.195,0.981,-0.994,0.105,-0.021],"_shiftlockState":false,"_pose":"FreeFall","_animationQueue":[],"_animationSpeed":1,"_zoom":51.248},{"_mousePosition":[832,284],"_rootPartCFrame":[761.026,266.698,44.775,0.767,0,0.642,0,1,0,-0.642,0,0.767],"_humanoidState":5,"_cameraCFrame":[770.964,318.462,43.702,-0.107,-0.975,0.194,0,0.195,0.981,-0.994,0.105,-0.021],"_shiftlockState":false,"_pose":"FreeFall","_animationQueue":[],"_animationSpeed":1,"_zoom":51.248},{"_mousePosition":[832,284],"_rootPartCFrame":[761.026,268.289,44.775,0.767,0,0.642,0,1,0,-0.642,0,0.767],"_humanoidState":5,"_cameraCFrame":[771.001,320.044,43.667,-0.11,-0.975,0.195,0,0.196,0.981,-0.994,0.108,-0.022],"_shiftlockState":false,"_pose":"FreeFall","_animationQueue":[],"_animationSpeed":1,"_zoom":51.248},{"_mousePosition":[832,284],"_rootPartCFrame":[761.026,269.825,44.775,0.767,0,0.642,0,1,0,-0.642,0,0.767],"_humanoidState":5,"_cameraCFrame":[770.449,320.664,43.718,-0.112,-0.976,0.188,0,0.189,0.982,-0.994,0.11,-0.021],"_shiftlockState":false,"_pose":"FreeFall","_animationQueue":[["fall",0.3]],"_animationSpeed":1,"_zoom":40.598},{"_mousePosition":[832,284],"_rootPartCFrame":[761.026,271.307,44.775,0.767,0,0.642,0,1,0,-0.642,0,0.767],"_humanoidState":5,"_cameraCFrame":[769.459,320.851,43.963,-0.096,-0.98,0.173,0,0.174,0.985,-0.995,0.094,-0.017],"_shiftlockState":false,"_pose":"FreeFall","_animationQueue":[],"_animationSpeed":1,"_zoom":40.598},{"_mousePosition":[832,284],"_rootPartCFrame":[761.026,273.082,44.775,0.767,0,0.642,0,1,0,-0.642,0,0.767],"_humanoidState":5,"_cameraCFrame":[769.154,320.804,44.172,-0.074,-0.982,0.173,0,0.174,0.985,-0.997,0.073,-0.013],"_shiftlockState":false,"_pose":"FreeFall","_animationQueue":[],"_animationSpeed":1,"_zoom":40.598},{"_mousePosition":[832,284],"_rootPartCFrame":[761.026,274.107,44.775,0.767,0,0.642,0,1,0,-0.642,0,0.767],"_humanoidState":5,"_cameraCFrame":[768.754,319.516,44.3,-0.061,-0.983,0.173,0,0.174,0.985,-0.998,0.061,-0.011],"_shiftlockState":false,"_pose":"FreeFall","_animationQueue":[],"_animationSpeed":1,"_zoom":32.079},{"_mousePosition":[832,284],"_rootPartCFrame":[761.026,275.425,44.775,0.767,0,0.642,0,1,0,-0.642,0,0.767],"_humanoidState":5,"_cameraCFrame":[768.289,318.156,44.45,-0.045,-0.984,0.173,0,0.174,0.985,-0.999,0.044,-0.008],"_shiftlockState":false,"_pose":"FreeFall","_animationQueue":[],"_animationSpeed":1,"_zoom":32.079},{"_mousePosition":[832,284],"_rootPartCFrame":[761.026,276.996,44.775,0.767,0,0.642,0,1,0,-0.642,0,0.767],"_humanoidState":5,"_cameraCFrame":[767.767,316.734,44.629,-0.022,-0.985,0.174,0,0.174,0.985,-1,0.021,-0.004],"_shiftlockState":false,"_pose":"FreeFall","_animationQueue":[],"_animationSpeed":1,"_zoom":25.263},{"_mousePosition":[832,284],"_rootPartCFrame":[761.025,278.192,44.751,0.804,0,0.595,0,1,0,-0.595,0,0.804],"_humanoidState":5,"_cameraCFrame":[767.253,315.013,44.733,-0.003,-0.985,0.174,0,0.174,0.985,-1,0.003,0],"_shiftlockState":false,"_pose":"FreeFall","_animationQueue":[["fall",0.3]],"_animationSpeed":1,"_zoom":25.263},{"_mousePosition":[832,284],"_rootPartCFrame":[761.004,279.333,44.696,0.809,0,0.588,0,1,0,-0.588,0,0.809],"_humanoidState":5,"_cameraCFrame":[766.78,313.592,44.728,0.006,-0.985,0.174,0,0.174,0.985,-1,-0.005,0.001],"_shiftlockState":false,"_pose":"FreeFall","_animationQueue":[],"_animationSpeed":1,"_zoom":25.263},{"_mousePosition":[832,284],"_rootPartCFrame":[760.967,280.153,44.639,0.801,0,0.599,0,1,0,-0.599,0,0.801],"_humanoidState":5,"_cameraCFrame":[766.356,312.218,44.68,0.008,-0.985,0.174,0,0.174,0.985,-1,-0.008,0.001],"_shiftlockState":false,"_pose":"FreeFall","_animationQueue":[],"_animationSpeed":1,"_zoom":25.263},{"_mousePosition":[832,284],"_rootPartCFrame":[760.891,281.199,44.541,0.79,0,0.614,0,1,0,-0.614,0,0.79],"_humanoidState":5,"_cameraCFrame":[765.986,311.597,44.569,0.0