[{"_mousePosition":[1197,360],"_rootPartCFrame":[776.03,222.951,47.142,0,-0.002,1,0,1,0.002,-1,0,0],"_humanoidState":8,"_cameraCFrame":[793.64,239.189,48.911,0.1,-0.637,0.765,0,0.769,0.64,-0.995,-0.064,0.077],"_shiftlockState":false,"_pose":"Standing","_animationQueue":[],"_animationSpeed":1,"_zoom":23.034},{"_mousePosition":[1197,360],"_rootPartCFrame":[776.03,222.708,47.142,0,0,1,0,1,0,-1,0,0],"_humanoidState":8,"_cameraCFrame":[793.644,238.945,48.911,0.1,-0.637,0.765,0,0.769,0.64,-0.995,-0.064,0.077],"_shiftlockState":false,"_pose":"Standing","_animationQueue":[],"_animationSpeed":1,"_zoom":23.034},{"_mousePosition":[1197,360],"_rootPartCFrame":[776.03,222.708,47.142,0,0,1,0,1,0,-1,0,0],"_humanoidState":8,"_cameraCFrame":[793.644,238.945,48.911,0.1,-0.637,0.765,0,0.769,0.64,-0.995,-0.064,0.077],"_shiftlockState":false,"_pose":"Standing","_animationQueue":[],"_animationSpeed":1,"_zoom":23.034},{"_mousePosition":[1196,360],"_rootPartCFrame":[776.03,222.599,47.142,0,0,1,0,1,0,-1,0,0],"_humanoidState":8,"_cameraCFrame":[793.644,238.836,48.911,0.1,-0.637,0.765,0,0.769,0.64,-0.995,-0.064,0.077],"_shiftlockState":false,"_pose":"Standing","_animationQueue":[],"_animationSpeed":1,"_zoom":23.034},{"_mousePosition":[1164,362],"_rootPartCFrame":[776.03,222.629,47.142,0,0,1,0,1,0,-1,0,0],"_humanoidState":8,"_cameraCFrame":[793.644,238.866,48.911,0.1,-0.637,0.765,0,0.769,0.64,-0.995,-0.064,0.077],"_shiftlockState":false,"_pose":"Standing","_animationQueue":[],"_animationSpeed":1,"_zoom":23.034},{"_mousePosition":[1148,362],"_rootPartCFrame":[776.03,222.659,47.142,0,0,1,0,1,0,-1,0,0],"_humanoidState":8,"_cameraCFrame":[793.644,238.896,48.911,0.1,-0.637,0.765,0,0.769,0.64,-0.995,-0.064,0.077],"_shiftlockState":false,"_pose":"Standing","_animationQueue":[],"_animationSpeed":1,"_zoom":23.034},{"_mousePosition":[1041,363],"_rootPartCFrame":[775.843,222.677,47.124,0.012,0,1,0,1,0,-1,0,0.012],"_humanoidState":8,"_cameraCFrame":[793.456,238.915,48.892,0.1,-0.637,0.765,0,0.769,0.64,-0.995,-0.064,0.077],"_shiftlockState":false,"_pose":"Standing","_animationQueue":[],"_animationSpeed":1,"_zoom":23.034},{"_mousePosition":[1007,360],"_rootPartCFrame":[775.579,222.688,47.097,0.024,0,1,0,1,0,-1,0,0.024],"_humanoidState":8,"_cameraCFrame":[793.193,238.925,48.866,0.1,-0.637,0.765,0,0.769,0.64,-0.995,-0.064,0.077],"_shiftlockState":false,"_pose":"Running","_animationQueue":[["walk",0.1]],"_animationSpeed":1.003,"_zoom":23.034},{"_mousePosition":[892,355],"_rootPartCFrame":[775.181,222.695,47.057,0.039,0,0.999,0,1,0,-0.999,0,0.039],"_humanoidState":8,"_cameraCFrame":[792.795,238.932,48.826,0.1,-0.637,0.765,0,0.769,0.64,-0.995,-0.064,0.077],"_shiftlockState":false,"_pose":"Running","_animationQueue":[["walk",0.1],["walk",0.1]],"_animationSpeed":1.101,"_zoom":23.034},{"_mousePosition":[873,354],"_rootPartCFrame":[775.048,222.696,47.044,0.043,0,0.999,0,1,0,-0.999,0,0.043],"_humanoidState":8,"_cameraCFrame":[792.662,238.934,48.812,0.1,-0.637,0.765,0,0.769,0.64,-0.995,-0.064,0.077],"_shiftlockState":false,"_pose":"Running","_animationQueue":[],"_animationSpeed":1.101,"_zoom":23.034},{"_mousePosition":[815,354],"_rootPartCFrame":[774.783,222.698,47.017,0.051,0,0.999,0,1,0,-0.999,0,0.051],"_humanoidState":8,"_cameraCFrame":[792.397,238.935,48.786,0.1,-0.637,0.765,0,0.769,0.64,-0.995,-0.064,0.077],"_shiftlockState":false,"_pose":"Running","_animationQueue":[],"_animationSpeed":1.101,"_zoom":23.034},{"_mousePosition":[806,354],"_rootPartCFrame":[774.518,222.699,46.991,0.058,0,0.998,0,1,0,-0.998,0,0.058],"_humanoidState":8,"_cameraCFrame":[792.131,238.936,48.759,0.1,-0.637,0.765,0,0.769,0.64,-0.995,-0.064,0.077],"_shiftlockState":false,"_pose":"Running","_animationQueue":[],"_animationSpeed":1.101,"_zoom":23.034},{"_mousePosition":[806,354],"_rootPartCFrame":[774.12,222.699,46.951,0.066,0,0.998,0,1,0,-0.998,0,0.066],"_humanoidState":8,"_cameraCFrame":[791.727,238.965,48.532,0.089,-0.638,0.764,0,0.767,0.641,-0.996,-0.057,0.069],"_shiftlockState":false,"_pose":"Running","_animationQueue":[],"_animationSpeed":1.101,"_zoom":23.034},{"_mousePosition":[806,354],"_rootPartCFrame":[773.987,222.699,46.937,0.068,0,0.998,0,1,0,-0.998,0,0.068],"_humanoidState":8,"_cameraCFrame":[791.568,239.008,48.405,0.083,-0.641,0.763,0,0.766,0.643,-0.997,-0.053,0.064],"_shiftlockState":false,"_pose":"Running","_animationQueue":[],"_animationSpeed":1.101,"_zoom":23.034},{"_mousePosition":[806,354],"_rootPartCFrame":[773.721,222.7,46.913,0.071,0,0.997,0,1,0,-0.997,0,0.071],"_humanoidState":8,"_cameraCFrame":[791.283,239.036,48.324,0.08,-0.642,0.762,0,0.765,0.644,-0.997,-0.052,0.061],"_shiftlockState":false,"_pose":"Running","_animationQueue":[],"_animationSpeed":1.101,"_zoom":23.034},{"_mousePosition":[806,354],"_rootPartCFrame":[773.456,222.7,46.891,0.073,0,0.997,0,1,0,-0.997,0,0.073],"_humanoidState":8,"_cameraCFrame":[790.976,239.093,48.225,0.076,-0.645,0.761,0,0.763,0.647,-0.997,-0.049,0.058],"_shiftlockState":false,"_pose":"Running","_animationQueue":[["walk",0.1]],"_animationSpeed":1.101,"_zoom":23.034},{"_mousePosition":[806,354],"_rootPartCFrame":[773.19,222.7,46.869,0.074,0,0.997,0,1,0,-0.997,0,0.074],"_humanoidState":8,"_cameraCFrame":[790.658,239.164,48.089,0.07,-0.648,0.758,0,0.76,0.65,-0.998,-0.045,0.053],"_shiftlockState":false,"_pose":"Running","_animationQueue":[],"_animationSpeed":1.101,"_zoom":23.034},{"_mousePosition":[806,354],"_rootPartCFrame":[772.924,222.7,46.849,0.074,0,0.997,0,1,0,-0.997,0,0.074],"_humanoidState":8,"_cameraCFrame":[790.318,239.263,47.899,0.06,-0.653,0.755,0,0.757,0.654,-0.998,-0.039,0.046],"_shiftlockState":false,"_pose":"Running","_animationQueue":[],"_animationSpeed":1.101,"_zoom":23.034},{"_mousePosition":[806,354],"_rootPartCFrame":[772.658,222.7,46.83,0.074,0,0.997,0,1,0,-0.997,0,0.074],"_humanoidState":8,"_cameraCFrame":[789.942,239.403,47.656,0.048,-0.659,0.75,0,0.751,0.66,-0.999,-0.031,0.036],"_shiftlockState":false,"_pose":"Running","_animationQueue":[],"_animationSpeed":1.101,"_zoom":23.034},{"_mousePosition":[806,354],"_rootPartCFrame":[772.392,222.7,46.814,0.072,0,0.997,0,1,0,-0.997,0,0.072],"_humanoidState":8,"_cameraCFrame":[789.538,239.569,47.381,0.033,-0.667,0.744,0,0.745,0.667,-0.999,-0.022,0.025],"_shiftlockState":false,"_pose":"Running","_animationQueue":[],"_animationSpeed":1.101,"_zoom":23.034},{"_mousePosition":[806,354],"_rootPartCFrame":[771.992,222.7,46.795,0.067,0,0.998,0,1,0,-0.998,0,0.067],"_humanoidState":8,"_cameraCFrame":[789.008,239.721,47.143,0.02,-0.674,0.739,0,0.739,0.674,-1,-0.014,0.015],"_shiftlockState":false,"_pose":"Running","_animationQueue":[],"_animationSpeed":1.101,"_zoom":23.034},{"_mousePosition":[806,354],"_rootPartCFrame":[771.859,222.7,46.79,0.065,0,0.998,0,1,0,-0.998,0,0.065],"_humanoidState":8,"_cameraCFrame":[788.726,239.885,46.941,0.009,-0.681,0.732,0,0.732,0.681,-1,-0.006,0.007],"_shiftlockState":false,"_pose":"Running","_animationQueue":[["walk",0.1]],"_animationSpeed":1.101,"_zoom":23.034},{"_mousePosition":[806,354],"_rootPartCFrame":[771.592,222.7,46.784,0.059,0,0.998,0,1,0,-0.998,0,0.059],"_humanoidState":8,"_cameraCFrame":[788.346,240.007,46.847,0.004,-0.686,0.727,0,0.727,0.686,-1,-0.003,0.003],"_shiftlockState":false,"_pose":"Running","_animationQueue":[],"_animationSpeed":1.101,"_zoom":23.034},{"_mousePosition":[806,354],"_rootPartCFrame":[771.326,222.7,46.782,0.053,0,0.999,0,1,0,-0.999,0,0.053],"_humanoidState":8,"_cameraCFrame":[788.016,240.074,46.791,0.001,-0.689,0.725,0,0.725,0.689,-1,0,0],"_shiftlockState":false,"_pose":"Running","_animationQueue":[],"_animationSpeed":1.101,"_zoom":23.034},{"_mousePosition":[806,354],"_rootPartCFrame":[771.059,222.7,46.781,0.046,0,0.999,0,1,0,-0.999,0,0.046],"_humanoidState":8,"_cameraCFrame":[787.698,240.128,46.773,0,-0.692,0.722,0,0.722,0.692,-1,0,0],"_shiftlockState":false,"_pose":"Running","_animationQueue":[],"_animationSpeed":1.101,"_zoom":23.034},{"_mousePosition":[806,354],"_rootPartCFrame":[770.792,223.563,46.78,0.04,0,0.999,0,1,0,-0.999,0,0.04],"_humanoidState":3,"_cameraCFrame":[787.392,241.031,46.754,-0.002,-0.693,0.721,0,0.721,0.693,-1,0.001,-0.001],"_shiftlockState":false,"_pose":"Jumping","_animationQueue":[["walk",0.1],["jump",0.1]],"_animationSpeed":1,"_zoom":23.034},{"_mousePosition":[806,354],"_rootPartCFrame":[770.526,224.371,46.779,0.034,0,0.999,0,1,0,-0.999,0,0.034],"_humanoidState":5,"_cameraCFrame":[787.074,241.893,46.737,-0.003,-0.696,0.718,0,0.718,0.696,-1,0.002,-0.002],"_shiftlockState":false,"_pose":"FreeFall","_animationQueue":[["jump",0.1]],"_animationSpeed":1,"_zoom":23.034},{"_mousePosition":[806,354],"_rootPartCFrame":[770.259,225.125,46.78,0.029,0,1,0,1,0,-1,0,0.029],"_humanoidState":5,"_cameraCFrame":[786.717,242.74,46.703,-0.005,-0.7,0.714,0,0.714,0.7,-1,0.003,-0.003],"_shiftlockState":false,"_pose":"FreeFall","_animationQueue":[],"_animationSpeed":1,"_zoom":23.034},{"_mousePosition":[806,354],"_rootPartCFrame":[769.993,225.824,46.78,0.025,0,1,0,1,0,-1,0,0.025],"_humanoidState":5,"_cameraCFrame":[786.346,243.545,46.67,-0.007,-0.704,0.71,0,0.71,0.704,-1,0.005,-0.005],"_shiftlockState":false,"_pose":"FreeFall","_animationQueue":[],"_animationSpeed":1,"_zoom":23.034},{"_mousePosition":[806,354],"_rootPartCFrame":[769.726,226.469,46.782,0.021,0,1,0,1,0,-1,0,0.021],"_humanoidState":5,"_cameraCFrame":[785.947,244.322,46.638,-0.009,-0.71,0.704,0,0.704,0.71,-1,0.006,-0.006],"_shiftlockState":false,"_pose":"FreeFall","_animationQueue":[],"_animationSpeed":1,"_zoom":23.034},{"_mousePosition":[806,354],"_rootPartCFrame":[769.459,227.06,46.783,0.017,0,1,0,1,0,-1,0,0.017],"_humanoidState":5,"_cameraCFrame":[785.535,245.055,46.591,-0.012,-0.716,0.698,0,0.698,0.716,-1,0.009,-0.008],"_shiftlockState":false,"_pose":"FreeFall","_animationQueue":[],"_animationSpeed":1,"_zoom":23.034},{"_mousePosition":[806,354],"_rootPartCFrame":[769.193,227.595,46.786,0.013,0,1,0,1,0,-1,0,0.013],"_humanoidState":5,"_cameraCFrame":[785.134,245.72,46.578,-0.013,-0.722,0.692,0,0.692,0.722,-1,0.009,-0.009],"_shiftlockState":false,"_pose":"FreeFall","_animationQueue":[],"_animationSpeed":1,"_zoom":23.034},{"_mousePosition":[806,354],"_rootPartCFrame":[768.926,228.077,46.789,0.01,0,1,0,1,0,-1,0,0.01],"_humanoidState":5,"_cameraCFrame":[784.76,246.304,46.582,-0.013,-0.726,0.687,0,0.687,0.726,-1,0.009,-0.009],"_shiftlockState":false,"_pose":"FreeFall","_animationQueue":[],"_animationSpeed":1,"_zoom":23.034},{"_mousePosition":[806,354],"_rootPartCFrame":[768.66,228.504,46.792,0.007,0,1,0,1,0,-1,0,0.007],"_humanoidState":5,"_cameraCFrame":[784.412,246.807,46.587,-0.013,-0.729,0.684,0,0.684,0.73,-1,0.01,-0.009],"_shiftlockState":false,"_pose":"FreeFall","_animationQueue":[],"_animationSpeed":1,"_zoom":23.034},{"_mousePosition":[806,354],"_rootPartCFrame":[768.326,228.961,46.796,0.003,0,1,0,1,0,-1,0,0.003],"_humanoidState":5,"_cameraCFrame":[784.025,247.315,46.592,-0.013,-0.732,0.682,0,0.682,0.732,-1,0.01,-0.009],"_shiftlockState":false,"_pose":"FreeFall","_animationQueue":[],"_animationSpeed":1,"_zoom":23.034},{"_mousePosition":[806,354],"_rootPartCFrame":[768.126,229.194,46.799,0.002,0,1,0,1,0,-1,0,0.002],"_humanoidState":5,"_cameraCFrame":[783.748,247.599,44.845,-0.013,-0.734,0.679,0,0.679,0.734,-1,0.01,-0.009],"_shiftlockState":true,"_pose":"FreeFall","_animationQueue":[],"_animationSpeed":1,"_zoom":23.034},{"_mousePosition":[683,384],"_rootPartCFrame":[767.86,229.457,46.803,-0.014,0,1,0,1,0,-1,0,-0.014],"_humanoidState":5,"_cameraCFrame":[783.481,247.862,44.849,-0.013,-0.734,0.679,0,0.679,0.734,-1,0.01,-0.009],"_shiftlockState":true,"_pose":"FreeFall","_animationQueue":[],"_animationSpeed":1,"_zoom":23.034},{"_mousePosition":[683,384],"_rootPartCFrame":[767.593,229.666,46.806,-0.013,0,1,0,1,0,-1,0,-0.013],"_humanoidState":5,"_cameraCFrame":[783.173,248.109,44.853,-0.013,-0.735,0.677,0,0.677,0.736,-1,0.01,-0.009],"_shiftlockState":true,"_pose":"FreeFall","_animationQueue":[],"_animationSpeed":1,"_zoom":23.034},{"_mousePosition":[683,384],"_rootPartCFrame":[767.327,229.821,46.81,-0.013,0,1,0,1,0,-1,0,-0.013],"_humanoidState":5,"_cameraCFrame":[782.866,248.301,44.857,-0.013,-0.737,0.676,0,0.676,0.737,-1,0.01,-0.009],"_shiftlockState":true,"_pose":"FreeFall","_animationQueue":[],"_animationSpeed":1,"_zoom":23.034},{"_mousePosition":[683,384],"_rootPartCFrame":[767.06,229.921,46.813,-0.013,0,1,0,1,0,-1,0,-0.013],"_humanoidState":5,"_cameraCFrame":[782.558,248.439,44.861,-0.013,-0.739,0.674,0,0.674,0.739,-1,0.01,-0.009],"_shiftlockState":true,"_pose":"FreeFall","_animationQueue":[],"_animationSpeed":1,"_zoom":23.034},{"_mousePosition":[683,384],"_rootPartCFrame":[766.793,229.966,46.816,-0.013,0,1,0,1,0,-1,0,-0.013],"_humanoidState":5,"_cameraCFrame":[782.223,248.546,44.865,-0.013,-0.741,0.671,0,0.671,0.742,-1,0.01,-0.009],"_shiftlockState":true,"_pose":"FreeFall","_animationQueue":[],"_animationSpeed":1,"_zoom":23.034},{"_mousePosition":[683,384],"_rootPartCFrame":[766.527,229.957,46.82,-0.013,0,1,0,1,0,-1,0,-0.013],"_humanoidState":5,"_cameraCFrame":[781.873,248.612,44.87,-0.013,-0.745,0.667,0,0.667,0.745,-1,0.01,-0.009],"_shiftlockState":true,"_pose":"FreeFall","_animationQueue":[["fall",0.3]],"_animationSpeed":1,"_zoom":23.034},{"_mousePosition":[683,384],"_rootPartCFrame":[766.26,229.893,46.823,-0.013,0,1,0,1,0,-1,0,-0.013],"_humanoidState":5,"_cameraCFrame":[781.524,248.622,44.874,-0.013,-0.748,0.664,0,0.664,0.748,-1,0.01,-0.009],"_shiftlockState":true,"_pose":"FreeFall","_animationQueue":[],"_animationSpeed":1,"_zoom":23.034},{"_mousePosition":[683,384],"_rootPartCFrame":[765.994,229.775,46.827,-0.013,0,1,0,1,0,-1,0,-0.013],"_humanoidState":5,"_cameraCFrame":[781.187,248.566,44.879,-0.013,-0.751,0.661,0,0.661,0.751,-1,0.01,-0.009],"_shiftlockState":true,"_pose":"FreeFall","_animationQueue":[],"_animationSpeed":1,"_zoom":23.034},{"_mousePosition":[683,384],"_rootPartCFrame":[765.727,229.603,46.83,-0.013,0,1,0,1,0,-1,0,-0.013],"_humanoidState":5,"_cameraCFrame":[780.865,248.442,44.883,-0.013,-0.753,0.658,0,0.658,0.753,-1,0.01,-0.009],"_shiftlockState":true,"_pose":"FreeFall","_animationQueue":[],"_animationSpeed":1,"_zoom":23.034},{"_mousePosition":[683,384],"_rootPartCFrame":[765.46,229.375,46.834,-0.013,0,1,0,1,0,-1,0,-0.013],"_humanoidState":5,"_cameraCFrame":[780.57,248.24,44.887,-0.013,-0.754,0.657,0,0.657,0.754,-1,0.01,-0.009],"_shiftlockState":true,"_pose":"FreeFall","_animationQueue":[],"_animationSpeed":1,"_zoom":23.034},{"_mousePosition":[683,384],"_rootPartCFrame":[765.194,229.094,46.837,-0.013,0,1,0,1,0,-1,0,-0.013],"_humanoidState":5,"_cameraCFrame":[780.29,247.97,44.89,-0.013,-0.754,0.656,0,0.656,0.754,-1,0.01,-0.009],"_shiftlockState":true,"_pose":"FreeFall","_animationQueue":[],"_animationSpeed":1,"_zoom":23.034},{"_mousePosition":[683,384],"_rootPartCFrame":[764.927,228.758,46.841,-0.013,0,1,0,1,0,-1,0,-0.013],"_humanoidState":5,"_cameraCFrame":[780.009,247.646,44.894,-0.013,-0.755,0.656,0,0.656,0.755,-1,0.01,-0.009],"_shiftlockState":true,"_pose":"FreeFall","_animationQueue":[],"_animationSpeed":1,"_zoom":23.034},{"_mousePosition":[683,384],"_rootPartCFrame":[764.661,228.367,46.844,-0.013,0,1,0,1,0,-1,0,-0.013],"_humanoidState":5,"_cameraCFrame":[779.743,247.256,44.898,-0.013,-0.755,0.656,0,0.656,0.755,-1,0.01,-0.009],"_shiftlockState":true,"_pose":"FreeFall","_animationQueue":[["fall",0.3]],"_animationSpeed":1,"_zoom":23.034},{"_mousePosition":[683,384],"_rootPartCFrame":[764.394,227.922,46.848,-0.013,0,1,0,1,0,-1,0,-0.013],"_humanoidState":5,"_cameraCFrame":[779.462,246.823,44.901,-0.013,-0.755,0.655,0,0.655,0.755,-1,0.01,-0.009],"_shiftlockState":true,"_pose":"FreeFall","_animationQueue":[],"_animationSpeed":1,"_zoom":23.034},{"_mousePosition":[683,384],"_rootPartCFrame":[764.127,227.422,46.851,-0.013,0,1,0,1,0,-1,0,-0.013],"_humanoidState":5,"_cameraCFrame":[779.181,246.335,44.905,-0.013,-0.756,0.655,0,0.655,0.756,-1,0.01,-0.009],"_shiftlockState":true,"_pose":"FreeFall","_animationQueue":[],"_animationSpeed":1,"_zoom":23.034},{"_mousePosition":[683,384],"_rootPartCFrame":[763.861,226.868,46.855,-0.013,0,1,0,1,0,-1,0,-0.013],"_humanoidState":5,"_cameraCFrame":[778.889,245.805,44.925,-0.012,-0.757,0.653,0,0.653,0.757,-1,0.009,-0.008],"_shiftlockState":true,"_pose":"FreeFall","_animationQueue":[],"_animationSpeed":1,"_zoom":23.034},{"_mousePosition":[683,384],"_rootPartCFrame":[763.528,226.099,46.859,-0.012,0,1,0,1,0,-1,0,-0.012],"_humanoidState":5,"_cameraCFrame":[778.501,245.085,44.945,-0.011,-0.759,0.651,0,0.651,0.759,-1,0.008,-0.007],"_shiftlockState":true,"_pose":"FreeFall","_animationQueue":[],"_animationSpeed":1,"_zoom":23.034},{"_mousePosition":[683,384],"_rootPartCFrame":[763.328,225.597,46.862,-0.011,0,1,0,1,0,-1,0,-0.011],"_humanoidState":5,"_cameraCFrame":[778.204,244.667,44.964,-0.01,-0.763,0.647,0,0.647,0.763,-1,0.008,-0.006],"_shiftlockState":true,"_pose":"FreeFall","_animationQueue":[],"_animationSpeed":1,"_zoom":23.034},{"_mousePosition":[683,384],"_rootPartCFrame":[763.061,224.879,46.864,-0.01,0,1,0,1,0,-1,0,-0.01],"_humanoidState":5,"_cameraCFrame":[777.814,244.057,44.999,-0.008,-0.767,0.641,0,0.641,0.767,-1,0.006,-0.005],"_shiftlockState":true,"_pose":"FreeFall","_animationQueue":[["fall",0.3]],"_animationSpeed":1,"_zoom":23.034},{"_mousePosition":[683,384],"_rootPartCFrame":[762.794,224.107,46.867,-0.008,0,1,0,1,0,-1,0,-0.008],"_humanoidState":5,"_cameraCFrame":[777.381,243.427,45.049,-0.005,-0.774,0.634,0,0.634,0.774,-1,0.004,-0.003],"_shiftlockState":true,"_pose":"FreeFall","_animationQueue":[],"_animationSpeed":1,"_zoom":23.034},{"_mousePosition":[683,384],"_rootPartCFrame":[762.528,223.28,46.869,-0.005,0,1,0,1,0,-1,0,-0.005],"_humanoidState":5,"_cameraCFrame":[776.904,242.775,45.098,-0.002,-0.781,0.624,0,0.624,0.781,-1,0.001,-0.001],"_shiftlockState":true,"_pose":"FreeFall","_animationQueue":[],"_animationSpeed":1,"_zoom":23.034},{"_mousePosition":[683,384],"_rootPartCFrame":[762.261,222.508,46.871,-0.002,0,1,0,1,0,-1,0,-0.002],"_humanoidState":7,"_cameraCFrame":[776.422,242.176,45.129,0.001,-0.789,0.615,0,0.615,0.789,-1,0,0],"_shiftlockState":true,"_pose":"FreeFall","_animationQueue":[["walk",0.1],["fall",0.3],["fall",0.3]],"_animationSpeed":1,"_zoom":23.034},{"_mousePosition":[683,384],"_rootPartCFrame":[761.995,222.46,46.871,0.001,0,1,0,1,0,-1,0,0.001],"_humanoidState":7,"_cameraCFrame":[775.953,242.286,45.159,0.003,-0.796,0.606,0,0.606,0.796,-1,-0.002,0.002],"_shiftlockState":true,"_pose":"FreeFall","_animationQueue":[],"_animationSpeed":1,"_zoom":23.034},{"_mousePosition":[683,384],"_rootPartCFrame":[761.728,222.549,46.871,0.003,0,1,0,1,0,-1,0,0.003],"_humanoidState":8,"_cameraCFrame":[775.452,242.553,45.187,0.005,-0.803,0.595,0,0.595,0.803,-1,-0.004,0.003],"_shiftlockState":true,"_pose":"Running","_animationQueue":[["walk",0.1],["fall",0.3],["walk",0.1]],"_animationSpeed":1.103,"_zoom":23.034},{"_mousePosition":[683,384],"_rootPartCFrame":[761.461,222.615,46.87,0.005,0,1,0,1,0,-1,0,0.005],"_humanoidState":8,"_cameraCFrame":[774.947,242.795,45.199,0.006,-0.811,0.585,0,0.585,0.811,-1,-0.005,0.003],"_shiftlockState":true,"_pose":"Running","_animationQueue":[],"_animationSpeed":1.103,"_zoom":23.034},{"_mousePosition":[683,384],"_rootPartCFrame":[761.194,222.654,46.869,0.006,0,1,0,1,0,-1,0,0.006],"_humanoidState":8,"_cameraCFrame":[774.472,242.985,45.224,0.008,-0.818,0.576,0,0.576,0.818,-1,-0.006,0.005],"_shiftlockState":true,"_pose":"Running","_animationQueue":[["walk",0.1]],"_animationSpeed":1.103,"_zoom":23.034},{"_mousePosition":[683,384],"_rootPartCFrame":[760.928,222.675,46.868,0.008,0,1,0,1,0,-1,0,0.008],"_humanoidState":8,"_cameraCFrame":[773.994,243.155,45.235,0.009,-0.824,0.567,0,0.567,0.824,-1,-0.007,0.005],"_shiftlockState":true,"_pose":"Running","_animationQueue":[],"_animationSpeed":1.103,"_zoom":23.034},{"_mousePosition":[683,384],"_rootPartCFrame":[760.661,222.686,46.866,0.009,0,1,0,1,0,-1,0,0.009],"_humanoidState":8,"_cameraCFrame":[773.514,243.312,45.244,0.01,-0.83,0.557,0,0.557,0.83,-1,-0.008,0.006],"_shiftlockState":true,"_pose":"Running","_animationQueue":[],"_animationSpeed":1.103,"_zoom":23.034},{"_mousePosition":[683,384],"_rootPartCFrame":[760.395,223.549,46.864,0.01,0,1,0,1,0,-1,0,0.01],"_humanoidState":3,"_cameraCFrame":[773.064,244.298,45.253,0.011,-0.836,0.549,0,0.549,0.836,-1,-0.009,0.006],"_shiftlockState":true,"_pose":"Jumping","_animationQueue":[["walk",0.1],["jump",0.1]],"_animationSpeed":1,"_zoom":23.034},{"_mousePosition":[683,384],"_rootPartCFrame":[760.128,224.358,46.861,0.011,0,1,0,1,0,-1,0,0.011],"_humanoidState":5,"_cameraCFrame":[772.612,245.228,45.262,0.012,-0.841,0.541,0,0.541,0.841,-1,-0.01,0.007],"_shiftlockState":true,"_pose":"FreeFall","_animationQueue":[["jump",0.1]],"_animationSpeed":1,"_zoom":23.034},{"_mousePosition":[683,384],"_rootPartCFrame":[759.795,225.292,46.857,0.012,0,1,0,1,0,-1,0,0.012],"_humanoidState":5,"_cameraCFrame":[772.091,246.282,45.256,0.012,-0.846,0.533,0,0.533,0.846,-1,-0.01,0.006],"_shiftlockState":true,"_pose":"FreeFall","_animationQueue":[],"_animationSpeed":1,"_zoom":23.034},{"_mousePosition":[683,384],"_rootPartCFrame":[759.595,225.811,46.855,0.012,0,1,0,1,0,-1,0,0.012],"_humanoidState":5,"_cameraCFrame":[771.717,246.909,45.252,0.012,-0.851,0.525,0,0.525,0.851,-1,-0.01,0.006],"_shiftlockState":true,"_pose":"FreeFall","_animationQueue":[],"_animationSpeed":1,"_zoom":23.034},{"_mousePosition":[683,384],"_rootPartCFrame":[759.328,226.456,46.852,0.012,0,1,0,1,0,-1,0,0.012],"_humanoidState":5,"_cameraCFrame":[771.276,247.661,45.246,0.012,-0.855,0.518,0,0.518,0.855,-1,-0.01,0.006],"_shiftlockState":true,"_pose":"FreeFall","_animationQueue":[],"_animationSpeed":1,"_zoom":23.034},{"_mousePosition":[683,384],"_rootPartCFrame":[759.062,227.046,46.848,0.012,0,1,0,1,0,-1,0,0.012],"_humanoidState":5,"_cameraCFrame":[770.833,248.356,45.229,0.011,-0.86,0.51,0,0.51,0.86,-1,-0.01,0.006],"_shiftlockState":true,"_pose":"FreeFall","_animationQueue":[],"_animationSpeed":1,"_zoom":23.034},{"_mousePosition":[683,384],"_rootPartCFrame":[758.795,227.582,46.845,0.011,0,1,0,1,0,-1,0,0.011],"_humanoidState":5,"_cameraCFrame":[770.406,248.986,45.224,0.011,-0.864,0.503,0,0.503,0.864,-1,-0.01,0.006],"_shiftlockState":true,"_pose":"FreeFall","_animationQueue":[],"_animationSpeed":1,"_zoom":23.034},{"_mousePosition":[683,384],"_rootPartCFrame":[758.528,228.064,46.842,0.011,0,1,0,1,0,-1,0,0.011],"_humanoidState":5,"_cameraCFrame":[769.993,249.551,45.207,0.01,-0.868,0.497,0,0.497,0.868,-1,-0.009,0.005],"_shiftlockState":true,"_pose":"FreeFall","_animationQueue":[],"_animationSpeed":1,"_zoom":23.034},{"_mousePosition":[683,384],"_rootPartCFrame":[758.262,228.491,46.839,0.01,0,1,0,1,0,-1,0,0.01],"_humanoidState":5,"_cameraCFrame":[769.596,250.051,45.191,0.009,-0.871,0.491,0,0.491,0.871,-1,-0.008,0.004],"_shiftlockState":true,"_pose":"FreeFall","_animationQueue":[],"_animationSpeed":1,"_zoom":23.034},{"_mousePosition":[683,384],"_rootPartCFrame":[757.995,228.863,46.837,0.009,0,1,0,1,0,-1,0,0.009],"_humanoidState":5,"_cameraCFrame":[769.232,250.478,45.187,0.009,-0.873,0.487,0,0.487,0.873,-1,-0.008,0.004],"_shiftlockState":true,"_pose":"FreeFall","_animationQueue":[],"_animationSpeed":1,"_zoom":23.034},{"_mousePosition":[683,384],"_rootPartCFrame":[757.729,229.181,46.834,0.009,0,1,0,1,0,-1,0,0.009],"_humanoidState":5,"_cameraCFrame":[768.884,250.841,45.184,0.009,-0.875,0.484,0,0.484,0.875,-1,-0.008,0.004],"_shiftlockState":true,"_pose":"FreeFall","_animationQueue":[],"_animationSpeed":1,"_zoom":23.034},{"_mousePosition":[683,384],"_rootPartCFrame":[757.462,229.444,46.832,0.009,0,1,0,1,0,-1,0,0.009],"_humanoidState":5,"_cameraCFrame":[768.536,251.15,45.181,0.009,-0.877,0.48,0,0.48,0.877,-1,-0.008,0.004],"_shiftlockState":true,"_pose":"FreeFall","_animationQueue":[],"_animationSpeed":1,"_zoom":23.034},{"_mousePosition":[683,384],"_rootPartCFrame":[757.195,229.653,46.829,0.009,0,1,0,1,0,-1,0,0.009],"_humanoidState":5,"_cameraCFrame":[768.221,251.385,45.178,0.009,-0.878,0.478,0,0.478,0.878,-1,-0.008,0.004],"_shiftlockState":true,"_pose":"FreeFall","_animationQueue":[],"_animationSpeed":1,"_zoom":23.034},{"_mousePosition":[683,384],"_rootPartCFrame":[756.929,229.807,46.827,0.009,0,1,0,1,0,-1,0,0.009],"_humanoidState":5,"_cameraCFrame":[767.905,251.566,45.175,0.009,-0.879,0.476,0,0.476,0.88,-1,-0.008,0.004],"_shiftlockState":true,"_pose":"FreeFall","_animationQueue":[],"_animationSpeed":1,"_zoom":23.034},{"_mousePosition":[683,384],"_rootPartCFrame":[756.662,229.907,46.825,0.009,0,1,0,1,0,-1,0,0.009],"_humanoidState":5,"_cameraCFrame":[767.604,251.684,45.161,0.008,-0.88,0.474,0,0.474,0.88,-1,-0.007,0.004],"_shiftlockState":true,"_pose":"FreeFall","_animationQueue":[],"_animationSpeed":1,"_zoom":23.034},{"_mousePosition":[683,384],"_rootPartCFrame":[756.396,229.953,46.822,0.008,0,1,0,1,0,-1,0,0.008],"_humanoidState":5,"_cameraCFrame":[767.321,251.738,45.159,0.008,-0.881,0.474,0,0.474,0.881,-1,-0.007,0.004],"_shiftlockState":true,"_pose":"FreeFall","_animationQueue":[],"_animationSpeed":1,"_zoom":23.034},{"_mousePosition":[683,384],"_rootPartCFrame":[756.129,229.944,46.82,0.008,0,1,0,1,0,-1,0,0.008],"_humanoidState":5,"_cameraCFrame":[767.038,251.738,45.156,0.008,-0.881,0.473,0,0.473,0.881,-1,-0.007,0.004],"_shiftlockState":true,"_pose":"FreeFall","_animationQueue":[],"_animationSpeed":1,"_zoom":23.034},{"_mousePosition":[683,384],"_rootPartCFrame":[755.862,229.88,46.818,0.008,0,1,0,1,0,-1,0,0.008],"_humanoidState":5,"_cameraCFrame":[766.755,251.683,45.154,0.008,-0.881,0.472,0,0.472,0.881,-1,-0.007,0.004],"_shiftlockState":true,"_pose":"FreeFall","_animationQueue":[["fall",0.3]],"_animationSpeed":1,"_zoom":23.034},{"_mousePosition":[683,384],"_rootPartCFrame":[755.596,229.762,46.816,0.008,0,1,0,1,0,-1,0,0.008],"_humanoidState":5,"_cameraCFrame":[766.489,251.565,45.152,0.008,-0.881,0.472,0,0.472,0.881,-1,-0.007,0.004],"_shiftlockState":true,"_pose":"FreeFall","_animationQueue":[],"_animationSpeed":1,"_zoom":23.034},{"_mousePosition":[683,384],"_rootPartCFrame":[755.396,229.638,46.814,0.008,0,1,0,1,0,-1,0,0.008],"_humanoidState":5,"_cameraCFrame":[766.256,251.458,45.15,0.008,-0.882,0.471,0,0.471,0.882,-1,-0.007,0.004],"_shiftlockState":true,"_pose":"FreeFall","_animationQueue":[],"_animationSpeed":1,"_zoom":23.034},{"_mousePosition":[683,384],"_rootPartCFrame":[755.063,229.362,46.812,0.008,0,1,0,1,0,-1,0,0.008],"_humanoidState":5,"_cameraCFrame":[765.906,251.191,45.147,0.008,-0.883,0.47,0,0.47,0.883,-1,-0.007,0.004],"_shiftlockState":true,"_pose":"FreeFall","_animationQueue":[],"_animationSpeed":1,"_zoom":23.034},{"_mousePosition":[683,384],"_rootPartCFrame":[754.796,229.081,46.81,0.008,0,1,0,1,0,-1,0,0.008],"_humanoidState":5,"_cameraCFrame":[765.64,250.91,45.145,0.008,-0.883,0.47,0,0.47,0.883,-1,-0.007,0.004],"_shiftlockState":true,"_pose":"FreeFall","_animationQueue":[],"_animationSpeed":1,"_zoom":23.034},{"_mousePosition":[683,384],"_rootPartCFrame":[754.529,228.745,46.807,0.008,0,1,0,1,0,-1,0,0.008],"_humanoidState":5,"_cameraCFrame":[765.357,250.582,45.143,0.008,-0.883,0.469,0,0.469,0.883,-1,-0.007,0.004],"_shiftlockState":true,"_pose":"FreeFall","_animationQueue":[],"_animationSpeed":1,"_zoom":23.034},{"_mousePosition":[683,384],"_rootPartCFrame":[754.263,228.354,46.805,0.008,0,1,0,1,0,-1,0,0.008],"_humanoidState":5,"_cameraCFrame":[765.09,250.192,45.141,0.008,-0.883,0.469,0,0.469,0.883,-1,-0.007,0.004],"_shiftlockState":true,"_pose":"FreeFall","_animationQueue":[],"_animationSpeed":1,"_zoom":23.034},{"_mousePosition":[683,384],"_rootPartCFrame":[753.996,227.909,46.803,0.008,0,1,0,1,0,-1,0,0.008],"_humanoidState":5,"_cameraCFrame":[764.823,249.746,45.139,0.008,-0.883,0.469,0,0.469,0.883,-1,-0.007,0.004],"_shiftlockState":true,"_pose":"FreeFall","_animationQueue":[["fall",0.3]],"_animationSpeed":1,"_zoom":23.034},{"_mousePosition":[683,384],"_rootPartCFrame":[753.73,227.409,46.801,0.008,0,1,0,1,0,-1,0,0.008],"_humanoidState":5,"_cameraCFrame":[764.557,249.247,45.137,0.008,-0.883,0.469,0,0.469,0.883,-1,-0.007,0.004],"_shiftlockState":true,"_pose":"FreeFall","_animationQueue":[],"_animationSpeed":1,"_zoom":23.034},{"_mousePosition":[683,384],"_rootPartCFrame":[753.463,226.855,46.799,0.008,0,1,0,1,0,-1,0,0.008],"_humanoidState":5,"_cameraCFrame":[764.29,248.693,45.135,0.008,-0.883,0.469,0,0.469,0.883,-1,-0.007,0.004],"_shiftlockState":true,"_pose":"FreeFall","_animationQueue":[],"_animationSpeed":1,"_zoom":23.034},{"_mousePosition":[683,384],"_rootPartCFrame":[753.196,226.247,46.797,0.008,0,1,0,1,0,-1,0,0.008],"_humanoidState":5,"_cameraCFrame":[764.024,248.084,45.133,0.008,-0.883,0.469,0,0.469,0.883,-1,-0.007,0.004],"_shiftlockState":true,"_pose":"FreeFall","_animationQueue":[],"_animationSpeed":1,"_zoom":23.034},{"_mousePosition":[683,384],"_rootPartCFrame":[752.93,225.583,46.795,0.008,0,1,0,1,0,-1,0,0.008],"_humanoidState":5,"_cameraCFrame":[763.757,247.421,45.13,0.008,-0.883,0.469,0,0.469,0.883,-1,-0.007,0.004],"_shiftlockState":true,"_pose":"FreeFall","_animationQueue":[],"_animationSpeed":1,"_zoom":23.034},{"_mousePosition":[683,384],"_rootPartCFrame":[752.663,224.866,46.793,0.008,0,1,0,1,0,-1,0,0.008],"_humanoidState":7,"_cameraCFrame":[763.49,246.703,45.128,0.008,-0.883,0.469,0,0.469,0.883,-1,-0.007,0.004],"_shiftlockState":true,"_pose":"FreeFall","_animationQueue":[["walk",0.1],["fall",0.3],["fall",0.3]],"_animationSpeed":1,"_zoom":23.034},{"_mousePosition":[683,384],"_rootPartCFrame":[752.397,224.512,46.791,0.008,0,1,0,1,0,-1,0,0.008],"_humanoidState":7,"_cameraCFrame":[763.224,246.35,45.126,0.008,-0.883,0.469,0,0.469,0.883,-1,-0.007,0.004],"_shiftlockState":true,"_pose":"FreeFall","_animationQueue":[],"_animationSpeed":1,"_zoom":23.034},{"_mousePosition":[683,384],"_rootPartCFrame":[752.13,224.386,46.788,0.008,0,1,0,1,0,-1,0,0.008],"_humanoidState":8,"_cameraCFrame":[762.957,246.224,45.124,0.008,-0.883,0.469,0,0.469,0.883,-1,-0.007,0.004],"_shiftlockState":true,"_pose":"Running","_animationQueue":[["fall",0.3],["walk",0.1],["fall",0.3],["walk",0.1]],"_animationSpeed":1.103,"_zoom":23.034},{"_mousePosition":[683,384],"_rootPartCFrame":[751.863,224.201,46.786,0.008,0,1,0,1,0,-1,0,0.008],"_humanoidState":8,"_cameraCFrame":[762.691,246.039,45.122,0.008,-0.883,0.469,0,0.469,0.883,-1,-0.007,0.004],"_shiftlockState":true,"_pose":"Running","_animationQueue":[],"_animationSpeed":1.103,"_zoom":23.034},{"_mousePosition":[683,384],"_rootPartCFrame":[751.597,223.962,46.784,0.008,0,1,0,1,0,-1,0,0.008],"_humanoidState":8,"_cameraCFrame":[762.424,245.8,45.12,0.008,-0.883,0.469,0,0.469,0.883,-1,-0.007,0.004],"_shiftlockState":true,"_pose":"Running","_animationQueue":[],"_animationSpeed":1.103,"_zoom":23.034},{"_mousePosition":[683,384],"_rootPartCFrame":[751.33,223.668,46.782,0.008,0,1,0,1,0,-1,0,0.008],"_humanoidState":8,"_cameraCFrame":[762.157,245.506,45.118,0.008,-0.883,0.469,0,0.469,0.883,-1,-0.007,0.004],"_shiftlockState":true,"_pose":"Running","_animationQueue":[],"_animationSpeed":1.103,"_zoom":23.034},{"_mousePosition":[683,384],"_rootPartCFrame":[751.064,223.32,46.78,0.008,0,1,0,1,0,-1,0,0.008],"_humanoidState":8,"_cameraCFrame":[761.891,245.158,45.116,0.008,-0.883,0.469,0,0.469,0.883,-1,-0.007,0.004],"_shiftlockState":true,"_pose":"Running","_animationQueue":[],"_animationSpeed":1.103,"_zoom":23.034},{"_mousePosition":[683,384],"_rootPartCFrame":[750.797,222.918,46.778,0.008,0,1,0,1,0,-1,0,0.008],"_humanoidState":8,"_cameraCFrame":[761.624,244.755,45.114,0.008,-0.883,0.469,0,0.469,0.883,-1,-0.007,0.004],"_shiftlockState":true,"_pose":"Running","_animationQueue":[],"_animationSpeed":1.103,"_zoom":23.034},{"_mousePosition":[683,384],"_rootPartCFrame":[750.53,222.631,46.776,0.008,0,1,0,1,0,-1,0,0.008],"_humanoidState":8,"_cameraCFrame":[761.358,244.469,45.111,0.008,-0.883,0.469,0,0.469,0.883,-1,-0.007,0.004],"_shiftlockState":true,"_pose":"Running","_animationQueue":[],"_animationSpeed":1.103,"_zoom":23.034},{"_mousePosition":[683,384],"_rootPartCFrame":[750.264,222.636,46.774,0.008,0,1,0,1,0,-1,0,0.008],"_humanoidState":8,"_cameraCFrame":[761.091,244.473,45.109,0.008,-0.883,0.469,0,0.469,0.883,-1,-0.007,0.004],"_shiftlockState":true,"_pose":"Running","_animationQueue":[["walk",0.1]],"_animationSpeed":1.103,"_zoom":23.034},{"_mousePosition":[683,384],"_rootPartCFrame":[749.997,222.661,46.772,0.008,0,1,0,1,0,-1,0,0.008],"_humanoidState":8,"_cameraCFrame":[760.824,244.499,45.107,0.008,-0.883,0.469,0,0.469,0.883,-1,-0.007,0.004],"_shiftlockState":true,"_pose":"Running","_animationQueue":[],"_animationSpeed":1.103,"_zoom":23.034},{"_mousePosition":[683,384],"_rootPartCFrame":[749.731,222.678,46.769,0.008,0,1,0,1,0,-1,0,0.008],"_humanoidState":8,"_cameraCFrame":[760.558,244.516,45.105,0.008,-0.883,0.469,0,0.469,0.883,-1,-0.007,0.004],"_shiftlockState":true,"_pose":"Running","_animationQueue":[],"_animationSpeed":1.103,"_zoom":23.034},{"_mousePosition":[683,384],"_rootPartCFrame":[749.464,222.688,46.767,0.008,0,1,0,1,0,-1,0,0.008],"_humanoidState":8,"_cameraCFrame":[760.291,244.526,45.103,0.008,-0.883,0.469,0,0.469,0.883,-1,-0.007,0.004],"_shiftlockState":true,"_pose":"Running","_animationQueue":[],"_animationSpeed":1.103,"_zoom":23.034},{"_mousePosition":[683,384],"_rootPartCFrame":[749.197,222.693,46.765,0.008,0,1,0,1,0,-1,0,0.008],"_humanoidState":8,"_cameraCFrame":[760.025,244.531,45.101,0.008,-0.883,0.469,0,0.469,0.883,-1,-0.007,0.004],"_shiftlockState":true,"_pose":"Running","_animationQueue":[],"_animationSpeed":1.103,"_zoom":23.034},{"_mousePosition":[683,384],"_rootPartCFrame":[748.931,222.696,46.763,0.008,0,1,0,1,0,-1,0,0.008],"_humanoidState":8,"_cameraCFrame":[759.758,244.534,45.099,0.008,-0.883,0.469,0,0.469,0.883,-1,-0.007,0.004],"_shiftlockState":true,"_pose":"Running","_animationQueue":[],"_animationSpeed":1.103,"_zoom":23.034},{"_mousePosition":[683,384],"_rootPartCFrame":[748.664,222.698,46.761,0.008,0,1,0,1,0,-1,0,0.008],"_humanoidState":8,"_cameraCFrame":[759.491,244.535,45.097,0.008,-0.883,0.469,0,0.469,0.883,-1,-0.007,0.004],"_shiftlockState":true,"_pose":"Running","_animationQueue":[["walk",0.1]],"_animationSpeed":1.103,"_zoom":23.034},{"_mousePosition":[683,384],"_rootPartCFrame":[748.398,222.699,46.759,0.008,0,1,0,1,0,-1,0,0.008],"_humanoidState":8,"_cameraCFrame":[759.225,244.536,45.095,0.008,-0.883,0.469,0,0.469,0.883,-1,-0.007,0.004],"_shiftlockState":true,"_pose":"Running","_animationQueue":[],"_animationSpeed":1.103,"_zoom":23.034},{"_mousePosition":[683,384],"_rootPartCFrame":[748.131,222.699,46.757,0.008,0,1,0,1,0,-1,0,0.008],"_humanoidState":8,"_cameraCFrame":[758.958,244.537,45.092,0.008,-0.883,0.469,0,0.469,0.883,-1,-0.007,0.004],"_shiftlockState":true,"_pose":"Running","_animationQueue":[],"_animationSpeed":1.103,"_zoom":23.034},{"_mousePosition":[683,384],"_rootPartCFrame":[747.864,222.699,46.755,0.008,0,1,0,1,0,-1,0,0.008],"_humanoidState":8,"_cameraCFrame":[758.692,244.537,45.09,0.008,-0.883,0.469,0,0.469,0.883,-1,-0.007,0.004],"_shiftlockState":true,"_pose":"Running","_animationQueue":[],"_animationSpeed":1.103,"_zoom":23.034},{"_mousePosition":[683,384],"_rootPartCFrame":[747.598,222.699,46.753,0.008,0,1,0,1,0,-1,0,0.008],"_humanoidState":8,"_cameraCFrame":[758.425,244.537,45.088,0.008,-0.883,0.469,0,0.469,0.883,-1,-0.007,0.004],"_shiftlockState":true,"_pose":"Running","_animationQueue":[],"_animationSpeed":1.103,"_zoom":23.034},{"_mousePosition":[683,384],"_rootPartCFrame":[747.331,222.7,46.75,0.008,0,1,0,1,0,-1,0,0.008],"_humanoidState":8,"_cameraCFrame":[758.158,244.537,45.086,0.008,-0.883,0.469,0,0.469,0.883,-1,-0.007,0.004],"_shiftlockState":true,"_pose":"Running","_animationQueue":[],"_animationSpeed":1.103,"_zoom":23.034},{"_mousePosition":[683,384],"_rootPartCFrame":[747.065,222.7,46.748,0.008,0,1,0,1,0,-1,0,0.008],"_humanoidState":8,"_cameraCFrame":[757.892,244.537,45.084,0.008,-0.883,0.469,0,0.469,0.883,-1,-0.007,0.004],"_shiftlockState":true,"_pose":"Running","_animationQueue":[],"_animationSpeed":1.103,"_zoom":23.034},{"_mousePosition":[683,384],"_rootPartCFrame":[746.798,222.7,46.746,0.008,0,1,0,1,0,-1,0,0.008],"_humanoidState":8,"_cameraCFrame":[757.625,244.537,45.082,0.008,-0.883,0.469,0,0.469,0.883,-1,-0.007,0.004],"_shiftlockState":true,"_pose":"Running","_animationQueue":[["walk",0.1]],"_animationSpeed":1.103,"_zoom":23.034},{"_mousePosition":[683,384],"_rootPartCFrame":[746.531,222.7,46.744,0.008,0,1,0,1,0,-1,0,0.008],"_humanoidState":8,"_cameraCFrame":[757.359,244.537,45.08,0.008,-0.883,0.469,0,0.469,0.883,-1,-0.007,0.004],"_shiftlockState":true,"_pose":"Running","_animationQueue":[],"_animationSpeed":1.103,"_zoom":23.034},{"_mousePosition":[683,384],"_rootPartCFrame":[746.419,222.7,46.743,0.008,0,1,0,1,0,-1,0,0.008],"_humanoidState":8,"_cameraCFrame":[757.246,244.537,45.079,0.008,-0.883,0.469,0,0.469,0.883,-1,-0.007,0.004],"_shiftlockState":true,"_pose":"Running","_animationQueue":[],"_animationSpeed":1.103,"_zoom":23.034},{"_mousePosition":[683,384],"_rootPartCFrame":[746.414,222.7,46.743,0.008,0,1,0,1,0,-1,0,0.008],"_humanoidState":8,"_cameraCFrame":[757.242,244.537,45.079,0.008,-0.883,0.469,0,0.469,0.883,-1,-0.007,0.004],"_shiftlockState":true,"_pose":"Running","_animationQueue":[["walk",0.1]],"_animationSpeed":0.251,"_zoom":23.034},{"_mousePosition":[683,384],"_rootPartCFrame":[746.414,222.7,46.743,0.008,0,1,0,1,0,-1,0,0.008],"_humanoidState":8,"_cameraCFrame":[757.241,244.537,45.079,0.008,-0.883,0.469,0,0.469,0.883,-1,-0.007,0.004],"_shiftlockState":true,"_pose":"Standing","_animationQueue":[["idle",0.1]],"_animationSpeed":1,"_zoom":23.034},{"_mousePosition":[683,384],"_rootPartCFrame":[746.414,222.7,46.743,0.008,0,1,0,1,0,-1,0,0.008],"_humanoidState":8,"_cameraCFrame":[757.241,244.537,45.079,0.008,-0.883,0.469,0,0.469,0.883,-1,-0.007,0.004],"_shiftlockState":true,"_pose":"Standing","_animationQueue":[],"_animationSpeed":1,"_zoom":23.034},{"_mousePosition":[683,384],"_rootPartCFrame":[746.414,222.7,46.743,0.008,0,1,0,1,0,-1,0,0.008],"_humanoidState":8,"_cameraCFrame":[757.241,244.537,45.079,0.008,-0.883,0.469,0,0.469,0.883,-1,-0.007,0.004],"_shiftlockState":true,"_pose":"Standing","_animationQueue":[],"_animationSpeed":1,"_zoom":23.034},{"_mousePosition":[683,384],"_rootPartCFrame":[746.414,222.7,46.743,0.008,0,1,0,1,0,-1,0,0.008],"_humanoidState":8,"_cameraCFrame":[757.241,244.537,45.079,0.008,-0.883,0.469,0,0.469,0.883,-1,-0.007,0.004],"_shiftlockState":true,"_pose":"Standing","_animationQueue":[],"_animationSpeed":1,"_zoom":23.034},{"_mousePosition":[683,384],"_rootPartCFrame":[746.414,222.7,46.743,0.008,0,1,0,1,0,-1,0,0.008],"_humanoidState":8,"_cameraCFrame":[757.241,244.537,45.079,0.008,-0.883,0.469,0,0.469,0.883,-1,-0.007,0.004],"_shiftlockState":true,"_pose":"Standing","_animationQueue":[],"_animationSpeed":1,"_zoom":23.034},{"_mousePosition":[683,384],"_rootPartCFrame":[746.414,222.7,46.743,0.008,0,1,0,1,0,-1,0,0.008],"_humanoidState":8,"_cameraCFrame":[757.241,244.537,45.079,0.008,-0.883,0.469,0,0.469,0.883,-1,-0.007,0.004],"_shiftlockState":true,"_pose":"Standing","_animationQueue":[],"_animationSpeed":1,"_zoom":23.034},{"_mousePosition":[683,384],"_rootPartCFrame":[746.414,222.7,46.743,0.008,0,1,0,1,0,-1,0,0.008],"_humanoidState":8,"_cameraCFrame":[757.241,244.537,45.079,0.008,-0.883,0.469,0,0.469,0.883,-1,-0.007,0.004],"_shiftlockState":true,"_pose":"Standing","_animationQueue":[],"_animationSpeed":1,"_zoom":23.034},{"_mousePosition":[683,384],"_rootPartCFrame":[746.414,222.7,46.743,0.008,0,1,0,1,0,-1,0,0.008],"_humanoidState":8,"_cameraCFrame":[757.241,244.537,45.079,0.008,-0.883,0.469,0,0.469,0.883,-1,-0.007,0.004],"_shiftlockState":true,"_pose":"Standing","_animationQueue":[],"_animationSpeed":1,"_zoom":23.034},{"_mousePosition":[683,384],"_rootPartCFrame":[746.414,222.7,46.743,0.008,0,1,0,1,0,-1,0,0.008],"_humanoidState":8,"_cameraCFrame":[757.241,244.537,45.079,0.008,-0.883,0.469,0,0.469,0.883,-1,-0.007,0.004],"_shiftlockState":true,"_pose":"Standing","_animationQueue":[],"_animationSpeed":1,"_zoom":23.034},{"_mousePosition":[683,384],"_rootPartCFrame":[746.414,222.7,46.743,0.008,0,1,0,1,0,-1,0,0.008],"_humanoidState":8,"_cameraCFrame":[757.241,244.537,45.079,0.008,-0.883,0.469,0,0.469,0.883,-1,-0.007