[{"_mousePosition":[652,462],"_rootPartCFrame":[776.024,222.7,47.142,0.004,0,1,0,1,0,-1,0,0.004],"_humanoidState":8,"_cameraCFrame":[776.25,243.461,39.683,-1,-0.028,0.011,0,0.361,0.932,-0.03,0.932,-0.361],"_shiftlockState":false,"_pose":"Standing","_animationQueue":[],"_animationSpeed":1,"_zoom":20.656},{"_mousePosition":[652,462],"_rootPartCFrame":[775.777,222.695,47.135,0.008,0,1,0,1,0,-1,0,0.008],"_humanoidState":8,"_cameraCFrame":[776.002,243.471,39.713,-1,-0.028,0.011,0,0.359,0.933,-0.03,0.933,-0.359],"_shiftlockState":false,"_pose":"Standing","_animationQueue":[],"_animationSpeed":1,"_zoom":20.656},{"_mousePosition":[652,462],"_rootPartCFrame":[775.512,222.697,47.126,0.011,0,1,0,1,0,-1,0,0.011],"_humanoidState":8,"_cameraCFrame":[775.753,243.501,39.781,-0.999,-0.031,0.012,0,0.356,0.935,-0.033,0.934,-0.356],"_shiftlockState":false,"_pose":"Running","_animationQueue":[["walk",0.1]],"_animationSpeed":1.066,"_zoom":20.656},{"_mousePosition":[652,462],"_rootPartCFrame":[775.245,222.698,47.118,0.013,0,1,0,1,0,-1,0,0.013],"_humanoidState":8,"_cameraCFrame":[775.519,243.545,39.887,-0.999,-0.035,0.013,0,0.35,0.937,-0.038,0.936,-0.35],"_shiftlockState":false,"_pose":"Running","_animationQueue":[],"_animationSpeed":1.066,"_zoom":20.656},{"_mousePosition":[652,462],"_rootPartCFrame":[774.979,222.699,47.11,0.016,0,1,0,1,0,-1,0,0.016],"_humanoidState":8,"_cameraCFrame":[775.281,243.615,40.069,-0.999,-0.04,0.015,0,0.341,0.94,-0.043,0.939,-0.341],"_shiftlockState":false,"_pose":"Running","_animationQueue":[],"_animationSpeed":1.066,"_zoom":20.656},{"_mousePosition":[652,462],"_rootPartCFrame":[774.712,222.699,47.1,0.019,0,1,0,1,0,-1,0,0.019],"_humanoidState":8,"_cameraCFrame":[775.072,243.71,40.327,-0.999,-0.05,0.017,0,0.328,0.945,-0.053,0.943,-0.328],"_shiftlockState":false,"_pose":"Running","_animationQueue":[],"_animationSpeed":1.066,"_zoom":20.656},{"_mousePosition":[652,462],"_rootPartCFrame":[774.446,222.699,47.088,0.022,0,1,0,1,0,-1,0,0.022],"_humanoidState":8,"_cameraCFrame":[774.869,243.826,40.663,-0.998,-0.062,0.02,0,0.312,0.95,-0.066,0.948,-0.311],"_shiftlockState":false,"_pose":"Running","_animationQueue":[],"_animationSpeed":1.066,"_zoom":20.656},{"_mousePosition":[652,462],"_rootPartCFrame":[774.179,222.7,47.074,0.026,0,1,0,1,0,-1,0,0.026],"_humanoidState":8,"_cameraCFrame":[774.669,243.948,41.039,-0.997,-0.077,0.024,0,0.293,0.956,-0.081,0.953,-0.292],"_shiftlockState":false,"_pose":"Running","_animationQueue":[],"_animationSpeed":1.066,"_zoom":20.656},{"_mousePosition":[652,462],"_rootPartCFrame":[773.913,222.7,47.057,0.031,0,1,0,1,0,-1,0,0.031],"_humanoidState":8,"_cameraCFrame":[774.452,244.117,41.608,-0.995,-0.095,0.026,0,0.265,0.964,-0.098,0.96,-0.264],"_shiftlockState":false,"_pose":"Running","_animationQueue":[["walk",0.1]],"_animationSpeed":1.066,"_zoom":20.656},{"_mousePosition":[652,462],"_rootPartCFrame":[773.647,222.7,47.036,0.038,0,0.999,0,1,0,-0.999,0,0.038],"_humanoidState":8,"_cameraCFrame":[774.195,244.2,41.901,-0.994,-0.103,0.027,0,0.25,0.968,-0.106,0.963,-0.249],"_shiftlockState":false,"_pose":"Running","_animationQueue":[],"_animationSpeed":1.066,"_zoom":20.656},{"_mousePosition":[652,462],"_rootPartCFrame":[773.382,222.7,47.01,0.046,0,0.999,0,1,0,-0.999,0,0.046],"_humanoidState":8,"_cameraCFrame":[773.917,244.287,42.227,-0.994,-0.108,0.026,0,0.233,0.972,-0.111,0.966,-0.232],"_shiftlockState":false,"_pose":"Running","_animationQueue":[],"_animationSpeed":1.066,"_zoom":20.656},{"_mousePosition":[652,462],"_rootPartCFrame":[773.117,222.7,46.982,0.054,0,0.999,0,1,0,-0.999,0,0.054],"_humanoidState":8,"_cameraCFrame":[773.644,244.351,42.474,-0.993,-0.113,0.026,0,0.22,0.976,-0.116,0.969,-0.218],"_shiftlockState":false,"_pose":"Running","_animationQueue":[],"_animationSpeed":1.066,"_zoom":20.656},{"_mousePosition":[652,462],"_rootPartCFrame":[772.852,222.7,46.952,0.061,0,0.998,0,1,0,-0.998,0,0.061],"_humanoidState":8,"_cameraCFrame":[773.362,244.403,42.68,-0.993,-0.116,0.025,0,0.208,0.978,-0.119,0.971,-0.207],"_shiftlockState":false,"_pose":"Running","_animationQueue":[],"_animationSpeed":1.066,"_zoom":20.656},{"_mousePosition":[652,462],"_rootPartCFrame":[772.587,222.7,46.922,0.069,0,0.998,0,1,0,-0.998,0,0.069],"_humanoidState":8,"_cameraCFrame":[773.084,244.444,42.846,-0.993,-0.119,0.024,0,0.199,0.98,-0.121,0.973,-0.197],"_shiftlockState":false,"_pose":"Running","_animationQueue":[],"_animationSpeed":1.066,"_zoom":20.656},{"_mousePosition":[652,462],"_rootPartCFrame":[772.322,222.7,46.89,0.075,0,0.997,0,1,0,-0.997,0,0.075],"_humanoidState":8,"_cameraCFrame":[772.81,244.475,42.973,-0.992,-0.121,0.024,0,0.191,0.982,-0.124,0.974,-0.19],"_shiftlockState":false,"_pose":"Running","_animationQueue":[["walk",0.1]],"_animationSpeed":1.066,"_zoom":20.656},{"_mousePosition":[652,462],"_rootPartCFrame":[772.058,222.7,46.858,0.082,0,0.997,0,1,0,-0.997,0,0.082],"_humanoidState":8,"_cameraCFrame":[772.535,244.505,43.099,-0.992,-0.124,0.023,0,0.183,0.983,-0.126,0.975,-0.182],"_shiftlockState":false,"_pose":"Running","_animationQueue":[],"_animationSpeed":1.066,"_zoom":20.656},{"_mousePosition":[652,462],"_rootPartCFrame":[771.793,222.7,46.825,0.087,0,0.996,0,1,0,-0.996,0,0.087],"_humanoidState":8,"_cameraCFrame":[772.27,244.52,43.146,-0.992,-0.127,0.023,0,0.18,0.984,-0.129,0.976,-0.178],"_shiftlockState":false,"_pose":"Running","_animationQueue":[],"_animationSpeed":1.066,"_zoom":20.656},{"_mousePosition":[652,462],"_rootPartCFrame":[771.528,222.7,46.791,0.093,0,0.996,0,1,0,-0.996,0,0.093],"_humanoidState":8,"_cameraCFrame":[771.995,244.534,43.191,-0.992,-0.127,0.023,0,0.176,0.984,-0.129,0.976,-0.174],"_shiftlockState":false,"_pose":"Running","_animationQueue":[],"_animationSpeed":1.066,"_zoom":20.656},{"_mousePosition":[652,462],"_rootPartCFrame":[771.264,222.7,46.757,0.097,0,0.995,0,1,0,-0.995,0,0.097],"_humanoidState":8,"_cameraCFrame":[769.996,244.534,42.931,-0.992,-0.127,0.023,0,0.176,0.984,-0.129,0.976,-0.174],"_shiftlockState":true,"_pose":"Running","_animationQueue":[],"_animationSpeed":1.066,"_zoom":20.656},{"_mousePosition":[683,384],"_rootPartCFrame":[770.933,222.7,46.714,-0.999,0,0.036,0,1,0,-0.036,0,-0.999],"_humanoidState":8,"_cameraCFrame":[769.665,244.534,42.888,-0.992,-0.127,0.023,0,0.176,0.984,-0.129,0.976,-0.174],"_shiftlockState":true,"_pose":"Running","_animationQueue":[],"_animationSpeed":1.066,"_zoom":20.656},{"_mousePosition":[683,384],"_rootPartCFrame":[770.735,222.7,46.689,-0.995,0,0.102,0,1,0,-0.102,0,-0.995],"_humanoidState":8,"_cameraCFrame":[769.461,244.542,42.906,-0.992,-0.127,0.022,0,0.174,0.985,-0.129,0.977,-0.172],"_shiftlockState":true,"_pose":"Running","_animationQueue":[["walk",0.1]],"_animationSpeed":1.066,"_zoom":20.656},{"_mousePosition":[683,384],"_rootPartCFrame":[770.405,222.7,46.646,-0.992,0,0.123,0,1,0,-0.123,0,-0.992],"_humanoidState":8,"_cameraCFrame":[769.131,244.542,42.863,-0.992,-0.127,0.022,0,0.174,0.985,-0.129,0.977,-0.172],"_shiftlockState":true,"_pose":"Running","_animationQueue":[],"_animationSpeed":1.066,"_zoom":20.656},{"_mousePosition":[683,384],"_rootPartCFrame":[770.206,222.7,46.62,-0.992,0,0.128,0,1,0,-0.128,0,-0.992],"_humanoidState":8,"_cameraCFrame":[768.932,244.542,42.838,-0.992,-0.127,0.022,0,0.174,0.985,-0.129,0.977,-0.172],"_shiftlockState":true,"_pose":"Running","_animationQueue":[],"_animationSpeed":1.066,"_zoom":20.656},{"_mousePosition":[683,384],"_rootPartCFrame":[769.942,222.7,46.586,-0.992,0,0.129,0,1,0,-0.129,0,-0.992],"_humanoidState":8,"_cameraCFrame":[768.668,244.542,42.803,-0.992,-0.127,0.022,0,0.174,0.985,-0.129,0.977,-0.172],"_shiftlockState":true,"_pose":"Running","_animationQueue":[],"_animationSpeed":1.066,"_zoom":20.656},{"_mousePosition":[683,384],"_rootPartCFrame":[769.611,223.77,46.543,-0.992,0,0.129,0,1,0,-0.129,0,-0.992],"_humanoidState":3,"_cameraCFrame":[768.329,245.239,42.826,-0.992,-0.127,0.022,0,0.174,0.985,-0.129,0.977,-0.172],"_shiftlockState":true,"_pose":"Jumping","_animationQueue":[["walk",0.1],["jump",0.1]],"_animationSpeed":1,"_zoom":16.125},{"_mousePosition":[683,384],"_rootPartCFrame":[769.413,224.371,46.517,-0.982,0,0.19,0,1,0,-0.19,0,-0.982],"_humanoidState":5,"_cameraCFrame":[768.115,245.148,42.921,-0.992,-0.127,0.022,0,0.174,0.985,-0.129,0.977,-0.172],"_shiftlockState":true,"_pose":"FreeFall","_animationQueue":[["jump",0.1]],"_animationSpeed":1,"_zoom":16.125},{"_mousePosition":[683,384],"_rootPartCFrame":[769.149,225.125,46.483,-0.968,0,0.251,0,1,0,-0.251,0,-0.968],"_humanoidState":5,"_cameraCFrame":[767.833,245.128,43.022,-0.992,-0.127,0.022,0,0.174,0.985,-0.129,0.977,-0.172],"_shiftlockState":true,"_pose":"FreeFall","_animationQueue":[],"_animationSpeed":1,"_zoom":16.125},{"_mousePosition":[683,384],"_rootPartCFrame":[768.884,225.824,46.448,-0.966,0,0.258,0,1,0,-0.258,0,-0.966],"_humanoidState":5,"_cameraCFrame":[767.552,245.114,43.112,-0.992,-0.127,0.022,0,0.174,0.985,-0.129,0.977,-0.172],"_shiftlockState":true,"_pose":"FreeFall","_animationQueue":[],"_animationSpeed":1,"_zoom":16.125},{"_mousePosition":[683,384],"_rootPartCFrame":[768.62,226.469,46.414,-0.966,0,0.259,0,1,0,-0.259,0,-0.966],"_humanoidState":5,"_cameraCFrame":[767.277,245.281,43.162,-0.992,-0.127,0.022,0,0.174,0.985,-0.129,0.977,-0.172],"_shiftlockState":true,"_pose":"FreeFall","_animationQueue":[],"_animationSpeed":1,"_zoom":16.125},{"_mousePosition":[683,384],"_rootPartCFrame":[768.356,227.06,46.38,-0.966,0,0.259,0,1,0,-0.259,0,-0.966],"_humanoidState":5,"_cameraCFrame":[767.003,245.452,43.201,-0.992,-0.127,0.022,0,0.174,0.985,-0.129,0.977,-0.172],"_shiftlockState":true,"_pose":"FreeFall","_animationQueue":[],"_animationSpeed":1,"_zoom":16.125},{"_mousePosition":[683,384],"_rootPartCFrame":[768.091,227.595,46.345,-0.966,0,0.259,0,1,0,-0.259,0,-0.966],"_humanoidState":5,"_cameraCFrame":[766.708,245.665,43.233,-0.993,-0.119,0.021,0,0.174,0.985,-0.121,0.978,-0.172],"_shiftlockState":true,"_pose":"FreeFall","_animationQueue":[],"_animationSpeed":1,"_zoom":16.125},{"_mousePosition":[683,384],"_rootPartCFrame":[767.761,228.189,46.303,-0.959,0,0.284,0,1,0,-0.284,0,-0.959],"_humanoidState":5,"_cameraCFrame":[766.373,246.064,43.224,-0.993,-0.119,0.021,0,0.174,0.985,-0.121,0.978,-0.172],"_shiftlockState":true,"_pose":"FreeFall","_animationQueue":[],"_animationSpeed":1,"_zoom":16.125},{"_mousePosition":[683,384],"_rootPartCFrame":[767.562,228.504,46.278,-0.976,0,0.22,0,1,0,-0.22,0,-0.976],"_humanoidState":5,"_cameraCFrame":[766.14,246.213,43.243,-0.994,-0.109,0.019,0,0.174,0.985,-0.111,0.979,-0.173],"_shiftlockState":true,"_pose":"FreeFall","_animationQueue":[],"_animationSpeed":1,"_zoom":16.125},{"_mousePosition":[683,384],"_rootPartCFrame":[767.297,228.876,46.246,-0.97,0,0.242,0,1,0,-0.242,0,-0.97],"_humanoidState":5,"_cameraCFrame":[765.851,246.484,43.24,-0.995,-0.102,0.018,0,0.174,0.985,-0.103,0.98,-0.173],"_shiftlockState":true,"_pose":"FreeFall","_animationQueue":[],"_animationSpeed":1,"_zoom":16.125},{"_mousePosition":[683,384],"_rootPartCFrame":[767.033,229.194,46.216,-0.972,0,0.235,0,1,0,-0.235,0,-0.972],"_humanoidState":5,"_cameraCFrame":[765.585,246.73,43.222,-0.995,-0.102,0.018,0,0.174,0.985,-0.103,0.98,-0.173],"_shiftlockState":true,"_pose":"FreeFall","_animationQueue":[],"_animationSpeed":1,"_zoom":16.125},{"_mousePosition":[683,384],"_rootPartCFrame":[766.767,229.457,46.188,-0.972,0,0.235,0,1,0,-0.235,0,-0.972],"_humanoidState":5,"_cameraCFrame":[765.319,246.939,43.204,-0.995,-0.102,0.018,0,0.174,0.985,-0.103,0.98,-0.173],"_shiftlockState":true,"_pose":"FreeFall","_animationQueue":[],"_animationSpeed":1,"_zoom":16.125},{"_mousePosition":[683,384],"_rootPartCFrame":[766.502,229.666,46.16,-0.972,0,0.235,0,1,0,-0.235,0,-0.972],"_humanoidState":5,"_cameraCFrame":[765.053,247.115,43.182,-0.995,-0.102,0.018,0,0.174,0.985,-0.103,0.98,-0.173],"_shiftlockState":true,"_pose":"FreeFall","_animationQueue":[],"_animationSpeed":1,"_zoom":16.125},{"_mousePosition":[683,384],"_rootPartCFrame":[766.171,229.851,46.126,-0.964,0,0.267,0,1,0,-0.267,0,-0.964],"_humanoidState":5,"_cameraCFrame":[764.721,247.277,43.151,-0.995,-0.102,0.018,0,0.174,0.985,-0.103,0.98,-0.173],"_shiftlockState":true,"_pose":"FreeFall","_animationQueue":[],"_animationSpeed":1,"_zoom":16.125},{"_mousePosition":[683,384],"_rootPartCFrame":[765.972,229.921,46.105,-0.979,0,0.202,0,1,0,-0.202,0,-0.979],"_humanoidState":5,"_cameraCFrame":[764.516,247.03,43.186,-0.995,-0.102,0.018,0,0.174,0.985,-0.103,0.98,-0.173],"_shiftlockState":true,"_pose":"FreeFall","_animationQueue":[],"_animationSpeed":1,"_zoom":12.5},{"_mousePosition":[683,384],"_rootPartCFrame":[765.707,229.966,46.077,-0.972,0,0.235,0,1,0,-0.235,0,-0.972],"_humanoidState":5,"_cameraCFrame":[764.24,246.436,43.271,-0.995,-0.102,0.018,0,0.174,0.985,-0.103,0.98,-0.173],"_shiftlockState":true,"_pose":"FreeFall","_animationQueue":[],"_animationSpeed":1,"_zoom":12.5},{"_mousePosition":[683,384],"_rootPartCFrame":[765.375,229.946,46.043,-0.964,0,0.267,0,1,0,-0.267,0,-0.964],"_humanoidState":5,"_cameraCFrame":[763.898,245.865,43.333,-0.995,-0.102,0.018,0,0.174,0.985,-0.103,0.98,-0.173],"_shiftlockState":true,"_pose":"FreeFall","_animationQueue":[["fall",0.3]],"_animationSpeed":1,"_zoom":12.5},{"_mousePosition":[683,384],"_rootPartCFrame":[765.177,229.893,46.022,-0.979,0,0.202,0,1,0,-0.202,0,-0.979],"_humanoidState":5,"_cameraCFrame":[763.689,245.266,43.408,-0.995,-0.102,0.018,0,0.174,0.985,-0.103,0.98,-0.173],"_shiftlockState":true,"_pose":"FreeFall","_animationQueue":[],"_animationSpeed":1,"_zoom":12.5},{"_mousePosition":[683,384],"_rootPartCFrame":[764.911,229.775,45.995,-0.972,0,0.235,0,1,0,-0.235,0,-0.972],"_humanoidState":5,"_cameraCFrame":[763.416,244.69,43.461,-0.995,-0.102,0.018,0,0.174,0.985,-0.103,0.98,-0.173],"_shiftlockState":true,"_pose":"FreeFall","_animationQueue":[],"_animationSpeed":1,"_zoom":12.5},{"_mousePosition":[683,384],"_rootPartCFrame":[764.58,229.551,45.96,-0.964,0,0.267,0,1,0,-0.267,0,-0.964],"_humanoidState":5,"_cameraCFrame":[763.079,244.173,43.478,-0.995,-0.102,0.018,0,0.174,0.985,-0.103,0.98,-0.173],"_shiftlockState":true,"_pose":"FreeFall","_animationQueue":[],"_animationSpeed":1,"_zoom":12.5},{"_mousePosition":[683,384],"_rootPartCFrame":[764.381,229.375,45.939,-0.979,0,0.202,0,1,0,-0.202,0,-0.979],"_humanoidState":5,"_cameraCFrame":[762.876,243.751,43.5,-0.995,-0.102,0.018,0,0.174,0.985,-0.103,0.98,-0.173],"_shiftlockState":true,"_pose":"FreeFall","_animationQueue":[],"_animationSpeed":1,"_zoom":12.5},{"_mousePosition":[683,384],"_rootPartCFrame":[764.116,229.094,45.912,-0.972,0,0.235,0,1,0,-0.235,0,-0.972],"_humanoidState":5,"_cameraCFrame":[762.607,243.292,43.504,-0.995,-0.102,0.018,0,0.174,0.985,-0.103,0.98,-0.173],"_shiftlockState":true,"_pose":"FreeFall","_animationQueue":[],"_animationSpeed":1,"_zoom":12.5},{"_mousePosition":[683,384],"_rootPartCFrame":[763.851,228.758,45.884,-0.972,0,0.235,0,1,0,-0.235,0,-0.972],"_humanoidState":5,"_cameraCFrame":[762.334,242.838,43.501,-0.995,-0.099,0.018,0,0.174,0.985,-0.101,0.98,-0.173],"_shiftlockState":true,"_pose":"FreeFall","_animationQueue":[],"_animationSpeed":1,"_zoom":12.5},{"_mousePosition":[683,384],"_rootPartCFrame":[763.586,228.367,45.857,-0.973,0,0.232,0,1,0,-0.232,0,-0.973],"_humanoidState":5,"_cameraCFrame":[762.067,242.355,43.489,-0.995,-0.099,0.018,0,0.174,0.985,-0.101,0.98,-0.173],"_shiftlockState":true,"_pose":"FreeFall","_animationQueue":[["fall",0.3]],"_animationSpeed":1,"_zoom":12.5},{"_mousePosition":[683,384],"_rootPartCFrame":[763.32,227.922,45.83,-0.973,0,0.232,0,1,0,-0.232,0,-0.973],"_humanoidState":5,"_cameraCFrame":[761.801,241.853,43.472,-0.995,-0.099,0.018,0,0.174,0.985,-0.101,0.98,-0.173],"_shiftlockState":true,"_pose":"FreeFall","_animationQueue":[],"_animationSpeed":1,"_zoom":12.5},{"_mousePosition":[683,384],"_rootPartCFrame":[763.055,227.422,45.803,-0.973,0,0.232,0,1,0,-0.232,0,-0.973],"_humanoidState":5,"_cameraCFrame":[761.535,241.315,43.452,-0.995,-0.099,0.018,0,0.174,0.985,-0.101,0.98,-0.173],"_shiftlockState":true,"_pose":"FreeFall","_animationQueue":[],"_animationSpeed":1,"_zoom":12.5},{"_mousePosition":[683,384],"_rootPartCFrame":[762.79,226.868,45.776,-0.973,0,0.232,0,1,0,-0.232,0,-0.973],"_humanoidState":5,"_cameraCFrame":[761.269,240.732,43.43,-0.995,-0.099,0.018,0,0.174,0.985,-0.101,0.98,-0.173],"_shiftlockState":true,"_pose":"FreeFall","_animationQueue":[],"_animationSpeed":1,"_zoom":12.5},{"_mousePosition":[683,384],"_rootPartCFrame":[762.524,226.26,45.749,-0.973,0,0.232,0,1,0,-0.232,0,-0.973],"_humanoidState":5,"_cameraCFrame":[761.003,240.107,43.406,-0.995,-0.099,0.018,0,0.174,0.985,-0.101,0.98,-0.173],"_shiftlockState":true,"_pose":"FreeFall","_animationQueue":[],"_animationSpeed":1,"_zoom":12.5},{"_mousePosition":[683,384],"_rootPartCFrame":[762.259,225.597,45.722,-0.973,0,0.232,0,1,0,-0.232,0,-0.973],"_humanoidState":5,"_cameraCFrame":[760.737,239.431,43.381,-0.995,-0.099,0.018,0,0.174,0.985,-0.101,0.98,-0.173],"_shiftlockState":true,"_pose":"FreeFall","_animationQueue":[],"_animationSpeed":1,"_zoom":12.5},{"_mousePosition":[683,384],"_rootPartCFrame":[761.994,224.879,45.695,-0.973,0,0.232,0,1,0,-0.232,0,-0.973],"_humanoidState":5,"_cameraCFrame":[760.472,238.704,43.356,-0.995,-0.099,0.018,0,0.174,0.985,-0.101,0.98,-0.173],"_shiftlockState":true,"_pose":"FreeFall","_animationQueue":[["fall",0.3]],"_animationSpeed":1,"_zoom":12.5},{"_mousePosition":[683,384],"_rootPartCFrame":[761.728,224.107,45.668,-0.973,0,0.232,0,1,0,-0.232,0,-0.973],"_humanoidState":5,"_cameraCFrame":[760.206,237.927,43.33,-0.995,-0.099,0.018,0,0.174,0.985,-0.101,0.98,-0.173],"_shiftlockState":true,"_pose":"FreeFall","_animationQueue":[],"_animationSpeed":1,"_zoom":12.5},{"_mousePosition":[683,384],"_rootPartCFrame":[761.463,223.28,45.641,-0.973,0,0.232,0,1,0,-0.232,0,-0.973],"_humanoidState":5,"_cameraCFrame":[759.941,237.097,43.304,-0.995,-0.099,0.018,0,0.174,0.985,-0.101,0.98,-0.173],"_shiftlockState":true,"_pose":"FreeFall","_animationQueue":[],"_animationSpeed":1,"_zoom":12.5},{"_mousePosition":[683,384],"_rootPartCFrame":[761.197,222.508,45.614,-0.991,0,0.136,0,1,0,-0.136,0,-0.991],"_humanoidState":7,"_cameraCFrame":[759.676,236.323,43.277,-0.995,-0.099,0.018,0,0.174,0.985,-0.101,0.98,-0.173],"_shiftlockState":true,"_pose":"FreeFall","_animationQueue":[["walk",0.1],["fall",0.3],["fall",0.3]],"_animationSpeed":1,"_zoom":12.5},{"_mousePosition":[683,384],"_rootPartCFrame":[760.932,222.46,45.587,-0.995,0,0.103,0,1,0,-0.103,0,-0.995],"_humanoidState":7,"_cameraCFrame":[759.41,236.273,43.25,-0.995,-0.099,0.018,0,0.174,0.985,-0.101,0.98,-0.173],"_shiftlockState":true,"_pose":"FreeFall","_animationQueue":[],"_animationSpeed":1,"_zoom":12.5},{"_mousePosition":[683,384],"_rootPartCFrame":[760.6,222.57,45.554,-0.995,0,0.101,0,1,0,-0.101,0,-0.995],"_humanoidState":8,"_cameraCFrame":[759.079,236.382,43.217,-0.995,-0.099,0.018,0,0.174,0.985,-0.101,0.98,-0.173],"_shiftlockState":true,"_pose":"Running","_animationQueue":[["walk",0.1],["fall",0.3],["walk",0.1]],"_animationSpeed":1.103,"_zoom":12.5},{"_mousePosition":[683,384],"_rootPartCFrame":[760.335,222.629,45.527,-0.995,0,0.101,0,1,0,-0.101,0,-0.995],"_humanoidState":8,"_cameraCFrame":[758.813,236.44,43.19,-0.995,-0.099,0.018,0,0.174,0.985,-0.101,0.98,-0.173],"_shiftlockState":true,"_pose":"Running","_animationQueue":[],"_animationSpeed":1.103,"_zoom":12.5},{"_mousePosition":[683,384],"_rootPartCFrame":[760.07,222.661,45.5,-0.995,0,0.101,0,1,0,-0.101,0,-0.995],"_humanoidState":8,"_cameraCFrame":[758.548,236.472,43.163,-0.995,-0.099,0.018,0,0.174,0.985,-0.101,0.98,-0.173],"_shiftlockState":true,"_pose":"Running","_animationQueue":[["walk",0.1]],"_animationSpeed":1.103,"_zoom":12.5},{"_mousePosition":[683,384],"_rootPartCFrame":[759.804,222.679,45.473,-0.995,0,0.101,0,1,0,-0.101,0,-0.995],"_humanoidState":8,"_cameraCFrame":[758.282,236.489,43.136,-0.995,-0.099,0.018,0,0.174,0.985,-0.101,0.98,-0.173],"_shiftlockState":true,"_pose":"Running","_animationQueue":[],"_animationSpeed":1.103,"_zoom":12.5},{"_mousePosition":[683,384],"_rootPartCFrame":[759.539,222.688,45.446,-0.995,0,0.101,0,1,0,-0.101,0,-0.995],"_humanoidState":8,"_cameraCFrame":[758.017,236.498,43.11,-0.995,-0.099,0.018,0,0.174,0.985,-0.101,0.98,-0.173],"_shiftlockState":true,"_pose":"Running","_animationQueue":[],"_animationSpeed":1.103,"_zoom":12.5},{"_mousePosition":[683,384],"_rootPartCFrame":[759.273,222.693,45.419,-0.995,0,0.101,0,1,0,-0.101,0,-0.995],"_humanoidState":8,"_cameraCFrame":[757.752,236.504,43.083,-0.995,-0.099,0.018,0,0.174,0.985,-0.101,0.98,-0.173],"_shiftlockState":true,"_pose":"Running","_animationQueue":[],"_animationSpeed":1.103,"_zoom":12.5},{"_mousePosition":[683,384],"_rootPartCFrame":[759.008,222.696,45.392,-0.995,0,0.101,0,1,0,-0.101,0,-0.995],"_humanoidState":8,"_cameraCFrame":[757.486,236.506,43.056,-0.995,-0.099,0.018,0,0.174,0.985,-0.101,0.98,-0.173],"_shiftlockState":true,"_pose":"Running","_animationQueue":[],"_animationSpeed":1.103,"_zoom":12.5},{"_mousePosition":[683,384],"_rootPartCFrame":[758.743,222.698,45.365,-0.995,0,0.101,0,1,0,-0.101,0,-0.995],"_humanoidState":8,"_cameraCFrame":[757.221,236.508,43.029,-0.995,-0.099,0.018,0,0.174,0.985,-0.101,0.98,-0.173],"_shiftlockState":true,"_pose":"Running","_animationQueue":[],"_animationSpeed":1.103,"_zoom":12.5},{"_mousePosition":[683,384],"_rootPartCFrame":[758.477,222.699,45.338,-0.995,0,0.101,0,1,0,-0.101,0,-0.995],"_humanoidState":8,"_cameraCFrame":[756.956,236.509,43.002,-0.995,-0.099,0.018,0,0.174,0.985,-0.101,0.98,-0.173],"_shiftlockState":true,"_pose":"Running","_animationQueue":[["walk",0.1]],"_animationSpeed":1.103,"_zoom":12.5},{"_mousePosition":[683,384],"_rootPartCFrame":[758.212,222.699,45.311,-0.995,0,0.101,0,1,0,-0.101,0,-0.995],"_humanoidState":8,"_cameraCFrame":[756.69,236.509,42.975,-0.995,-0.099,0.018,0,0.174,0.985,-0.101,0.98,-0.173],"_shiftlockState":true,"_pose":"Running","_animationQueue":[],"_animationSpeed":1.103,"_zoom":12.5},{"_mousePosition":[683,384],"_rootPartCFrame":[757.947,222.699,45.284,-0.995,0,0.101,0,1,0,-0.101,0,-0.995],"_humanoidState":8,"_cameraCFrame":[756.425,236.509,42.948,-0.995,-0.099,0.018,0,0.174,0.985,-0.101,0.98,-0.173],"_shiftlockState":true,"_pose":"Running","_animationQueue":[],"_animationSpeed":1.103,"_zoom":12.5},{"_mousePosition":[683,384],"_rootPartCFrame":[757.681,222.7,45.257,-0.995,0,0.101,0,1,0,-0.101,0,-0.995],"_humanoidState":8,"_cameraCFrame":[756.159,236.509,42.921,-0.995,-0.099,0.018,0,0.174,0.985,-0.101,0.98,-0.173],"_shiftlockState":true,"_pose":"Running","_animationQueue":[],"_animationSpeed":1.103,"_zoom":12.5},{"_mousePosition":[683,384],"_rootPartCFrame":[757.416,222.7,45.23,-0.995,0,0.101,0,1,0,-0.101,0,-0.995],"_humanoidState":8,"_cameraCFrame":[755.894,236.51,42.894,-0.995,-0.099,0.018,0,0.174,0.985,-0.101,0.98,-0.173],"_shiftlockState":true,"_pose":"Running","_animationQueue":[],"_animationSpeed":1.103,"_zoom":12.5},{"_mousePosition":[683,384],"_rootPartCFrame":[757.15,222.7,45.203,-0.995,0,0.101,0,1,0,-0.101,0,-0.995],"_humanoidState":8,"_cameraCFrame":[755.629,236.51,42.867,-0.995,-0.099,0.018,0,0.174,0.985,-0.101,0.98,-0.173],"_shiftlockState":true,"_pose":"Running","_animationQueue":[],"_animationSpeed":1.103,"_zoom":12.5},{"_mousePosition":[683,384],"_rootPartCFrame":[756.885,222.7,45.177,-0.995,0,0.101,0,1,0,-0.101,0,-0.995],"_humanoidState":8,"_cameraCFrame":[755.363,236.51,42.84,-0.995,-0.099,0.018,0,0.174,0.985,-0.101,0.98,-0.173],"_shiftlockState":true,"_pose":"Running","_animationQueue":[],"_animationSpeed":1.103,"_zoom":12.5},{"_mousePosition":[683,384],"_rootPartCFrame":[756.62,222.7,45.15,-0.995,0,0.101,0,1,0,-0.101,0,-0.995],"_humanoidState":8,"_cameraCFrame":[755.098,236.51,42.813,-0.995,-0.099,0.018,0,0.174,0.985,-0.101,0.98,-0.173],"_shiftlockState":true,"_pose":"Running","_animationQueue":[["walk",0.1]],"_animationSpeed":1.103,"_zoom":12.5},{"_mousePosition":[683,384],"_rootPartCFrame":[756.288,222.7,45.116,-0.995,0,0.101,0,1,0,-0.101,0,-0.995],"_humanoidState":8,"_cameraCFrame":[754.766,236.51,42.78,-0.995,-0.099,0.018,0,0.174,0.985,-0.101,0.98,-0.173],"_shiftlockState":true,"_pose":"Running","_animationQueue":[],"_animationSpeed":1.103,"_zoom":12.5},{"_mousePosition":[683,384],"_rootPartCFrame":[756.023,222.7,45.089,-0.995,0,0.101,0,1,0,-0.101,0,-0.995],"_humanoidState":8,"_cameraCFrame":[754.501,236.51,42.753,-0.995,-0.099,0.018,0,0.174,0.985,-0.101,0.98,-0.173],"_shiftlockState":true,"_pose":"Running","_animationQueue":[],"_animationSpeed":1.103,"_zoom":12.5},{"_mousePosition":[683,384],"_rootPartCFrame":[755.758,222.7,45.062,-0.995,0,0.101,0,1,0,-0.101,0,-0.995],"_humanoidState":8,"_cameraCFrame":[754.236,236.51,42.726,-0.995,-0.099,0.018,0,0.174,0.985,-0.101,0.98,-0.173],"_shiftlockState":true,"_pose":"Running","_animationQueue":[],"_animationSpeed":1.103,"_zoom":12.5},{"_mousePosition":[683,384],"_rootPartCFrame":[755.492,222.7,45.035,-0.995,0,0.101,0,1,0,-0.101,0,-0.995],"_humanoidState":8,"_cameraCFrame":[753.97,236.51,42.699,-0.995,-0.099,0.018,0,0.174,0.985,-0.101,0.98,-0.173],"_shiftlockState":true,"_pose":"Running","_animationQueue":[],"_animationSpeed":1.103,"_zoom":12.5},{"_mousePosition":[683,384],"_rootPartCFrame":[755.227,222.7,45.008,-0.995,0,0.101,0,1,0,-0.101,0,-0.995],"_humanoidState":8,"_cameraCFrame":[753.705,236.51,42.672,-0.995,-0.099,0.018,0,0.174,0.985,-0.101,0.98,-0.173],"_shiftlockState":true,"_pose":"Running","_animationQueue":[],"_animationSpeed":1.103,"_zoom":12.5},{"_mousePosition":[683,384],"_rootPartCFrame":[754.962,222.7,44.981,-0.995,0,0.101,0,1,0,-0.101,0,-0.995],"_humanoidState":8,"_cameraCFrame":[753.44,236.51,42.645,-0.995,-0.099,0.018,0,0.174,0.985,-0.101,0.98,-0.173],"_shiftlockState":true,"_pose":"Running","_animationQueue":[["walk",0.1]],"_animationSpeed":1.103,"_zoom":12.5},{"_mousePosition":[683,384],"_rootPartCFrame":[754.697,222.7,44.954,-0.995,0,0.101,0,1,0,-0.101,0,-0.995],"_humanoidState":8,"_cameraCFrame":[753.175,236.51,42.618,-0.995,-0.099,0.018,0,0.174,0.985,-0.101,0.98,-0.173],"_shiftlockState":true,"_pose":"Running","_animationQueue":[],"_animationSpeed":1.103,"_zoom":12.5},{"_mousePosition":[683,384],"_rootPartCFrame":[754.431,222.7,44.927,-0.995,0,0.101,0,1,0,-0.101,0,-0.995],"_humanoidState":8,"_cameraCFrame":[752.909,236.51,42.591,-0.995,-0.099,0.018,0,0.174,0.985,-0.101,0.98,-0.173],"_shiftlockState":true,"_pose":"Running","_animationQueue":[],"_animationSpeed":1.103,"_zoom":12.5},{"_mousePosition":[683,384],"_rootPartCFrame":[754.166,222.7,44.9,-0.995,0,0.101,0,1,0,-0.101,0,-0.995],"_humanoidState":8,"_cameraCFrame":[752.644,236.51,42.564,-0.995,-0.099,0.018,0,0.174,0.985,-0.101,0.98,-0.173],"_shiftlockState":true,"_pose":"Running","_animationQueue":[],"_animationSpeed":1.103,"_zoom":12.5},{"_mousePosition":[683,384],"_rootPartCFrame":[753.901,222.7,44.874,-0.995,0,0.101,0,1,0,-0.101,0,-0.995],"_humanoidState":8,"_cameraCFrame":[752.379,236.51,42.537,-0.995,-0.099,0.018,0,0.174,0.985,-0.101,0.98,-0.173],"_shiftlockState":true,"_pose":"Running","_animationQueue":[],"_animationSpeed":1.103,"_zoom":12.5},{"_mousePosition":[683,384],"_rootPartCFrame":[753.635,222.7,44.847,-0.995,0,0.101,0,1,0,-0.101,0,-0.995],"_humanoidState":8,"_cameraCFrame":[752.114,236.51,42.51,-0.995,-0.099,0.018,0,0.174,0.985,-0.101,0.98,-0.173],"_shiftlockState":true,"_pose":"Running","_animationQueue":[],"_animationSpeed":1.103,"_zoom":12.5},{"_mousePosition":[683,384],"_rootPartCFrame":[753.37,222.7,44.82,-0.995,0,0.101,0,1,0,-0.101,0,-0.995],"_humanoidState":8,"_cameraCFrame":[751.86,236.51,42.476,-0.994,-0.104,0.018,0,0.174,0.985,-0.106,0.979,-0.173],"_shiftlockState":true,"_pose":"Running","_animationQueue":[],"_animationSpeed":1.103,"_zoom":12.5},{"_mousePosition":[683,384],"_rootPartCFrame":[753.105,222.7,44.793,-0.994,0,0.106,0,1,0,-0.106,0,-0.994],"_humanoidState":8,"_cameraCFrame":[751.613,236.51,42.437,-0.994,-0.112,0.02,0,0.174,0.985,-0.114,0.978,-0.173],"_shiftlockState":true,"_pose":"Running","_animationQueue":[["walk",0.1]],"_animationSpeed":1.103,"_zoom":12.5},{"_mousePosition":[683,384],"_rootPartCFrame":[752.773,222.7,44.758,-0.994,0,0.114,0,1,0,-0.114,0,-0.994],"_humanoidState":8,"_cameraCFrame":[751.317,236.51,42.38,-0.992,-0.127,0.022,0,0.174,0.985,-0.129,0.977,-0.172],"_shiftlockState":true,"_pose":"Running","_animationQueue":[],"_animationSpeed":1.103,"_zoom":12.5},{"_mousePosition":[683,384],"_rootPartCFrame":[752.589,222.711,44.737,-0.992,0,0.129,0,1,0,-0.129,0,-0.992],"_humanoidState":8,"_cameraCFrame":[751.187,236.521,42.327,-0.989,-0.149,0.026,0,0.174,0.985,-0.151,0.973,-0.172],"_shiftlockState":true,"_pose":"Running","_animationQueue":[],"_animationSpeed":1.103,"_zoom":12.5},{"_mousePosition":[683,384],"_rootPartCFrame":[752.357,222.764,44.707,-0.989,0,0.151,0,1,0,-0.151,0,-0.989],"_humanoidState":8,"_cameraCFrame":[751.035,236.574,42.252,-0.983,-0.181,0.032,0,0.174,0.985,-0.184,0.968,-0.171],"_shiftlockState":true,"_pose":"Running","_animationQueue":[["walk",0.1]],"_animationSpeed":1.013,"_zoom":12.5},{"_mousePosition":[683,384],"_rootPartCFrame":[752.071,222.878,44.664,-0.983,0,0.184,0,1,0,-0.184,0,-0.983],"_humanoidState":8,"_cameraCFrame":[750.837,236.688,42.164,-0.976,-0.215,0.038,0,0.174,0.985,-0.218,0.961,-0.169],"_shiftlockState":true,"_pose":"Running","_animationQueue":[["walk",0.1]],"_animationSpeed":0.959,"_zoom":12.5},{"_mousePosition":[683,384],"_rootPartCFrame":[751.9,222.962,44.633,-0.976,0,0.218,0,1,0,-0.218,0,-0.976],"_humanoidState":8,"_cameraCFrame":[750.768,236.772,42.085,-0.966,-0.254,0.045,0,0.174,0.985,-0.258,0.952,-0.168],"_shiftlockState":true,"_pose":"Running","_animationQueue":[],"_animationSpeed":0.959,"_zoom":12.5},{"_mousePosition":[683,384],"_rootPartCFrame":[751.673,223.085,44.584,-0.966,0,0.258,0,1,0,-0.258,0,-0.966],"_humanoidState":8,"_cameraCFrame":[750.711,236.895,41.967,-0.947,-0.316,0.056,0,0.174,0.985,-0.321,0.933,-0.164],"_shiftlockState":true,"_pose":"Running","_animationQueue":[],"_animationSpeed":0.959,"_zoom":12.5},{"_mousePosition":[683,384],"_rootPartCFrame":[751.448,223.214,44.525,-0.947,0,0.321,0,1,0,-0.321,0,-0.947],"_humanoidState":8,"_cameraCFrame":[750.606,237.024,41.867,-0.932,-0.358,0.063,0,0.174,0.985,-0.363,0.917,-0.162],"_shiftlockState":true,"_pose":"Running","_animationQueue":[["walk",0.1]],"_animationSpeed":0.959,"_zoom":12.5},{"_mousePosition":[683,384],"_rootPartCFrame":[751.225,223.346,44.453,-0.932,0,0.363,0,1,0,-0.363,0,-0.932],"_humanoidState":8,"_cameraCFrame":[750.506,237.156,41.759,-0.914,-0.399,0.07,0,0.174,0.985,-0.405,0.9,-0.159],"_shiftlockState":true,"_pose":"Running","_animationQueue":[],"_animationSpeed":0.959,"_zoom":12.5},{"_mousePosition":[683,384],"_rootPartCFrame":[751.006,223.493,44.369,-0.914,0,0.405,0,1,0,-0.405,0,-0.914],"_humanoidState":8,"_cameraCFrame":[750.403,237.303,41.647,-0.896,-0.438,0.077,0,0.174,0.985,-0.444,0.882,-0.156],"_shiftlockState":true,"_pose":"Running","_animationQueue":[],"_animationSpeed":0.959,"_zoom":12.5},{"_mousePosition":[683,384],"_rootPartCFrame":[750.79,223.64,44.275,-0.896,0,0.444,0,1,0,-0.444,0,-0.896],"_humanoidState":8,"_cameraCFrame":[750.263,237.45,41.537,-0.883,-0.462,0.081,0,0.174,0.985,-0.469,0.87,-0.153],"_shiftlockState":true,"_pose":"Running","_animationQueue":[],"_animationSpeed":0.959,"_zoom":12.5},{"_mousePosition":[683,384],"_rootPartCFrame":[750.577,223.781,44.171,-0.883,0,0.469,0,1,0,-0.469,0,-0.883],"_humanoidState":8,"_cameraCFrame":[750.05,237.591,41.433,-0.883,-0.462,0.081,0,0.174,0.985,-0.469,0.87,-0.153],"_shiftlockState":true,"_pose":"Running","_animationQueue":[],"_animationSpeed":0.959,"_zoom":12.5},{"_mousePosition":[683,384],"_rootPartCFrame":[750.367,223.915,44.06,-0.883,0,0.469,0,1,0,-0.469,0,-0.883],"_humanoidState":8,"_cameraCFrame":[749.861,237.725,41.319,-0.88,-0.469,0.083,0,0.174,0.985,-0.476,0.866,-0.153],"_shiftlockState":true,"_pose":"Running","_animationQueue":[],"_animationSpeed":0.959,"_zoom":12.5},{"_mousePosition":[683,384],"_rootPartCFrame":[750.158,224.036,43.949,-0.88,0,0.476,0,1,0,-0.476,0,-0.88],"_humanoidState":8,"_cameraCFrame":[749.644,237.846,41.208,-0.881,-0.466,0.082,0,0.174,0.985,-0.474,0.867,-0.153],"_shiftlockState":true,"_pose":"Running","_animationQueue":[["walk",0.1]],"_animationSpeed":0.959,"_zoom":12.5},{"_mousePosition":[683,384],"_rootPartCFrame":[749.948,224.153,43.836,-0.881,0,0.474,0,1,0,-0.474,0,-0.881],"_humanoidState":8,"_cameraCFrame":[749.4,237.963,41.102,-0.887,-0.455,0.08,0,0.174,0.985,-0.462,0.873,-0.154],"_shiftlockState":true,"_pose":"Running","_animationQueue":[],"_animationSpeed":0.959,"_zoom":12.5},{"_mousePosition":[683,384],"_rootPartCFrame":[749.739,224.271,43.723,-0.887,0,0.462,0,1,0,-0.462,0,-0.887],"_humanoidState":8,"_cameraCFrame":[749.143,238.081,41,-0.895,-0.44,0.078,0,0.174,0.985,-0.447,0.881,-0.155],"_shiftlockState":true,"_pose":"Running","_animationQueue":[],"_animationSpeed":0.959,"_zoom":12.5},{"_mousePosition":[683,384],"_rootPartCFrame":[749.529,224.421,43.613,-0.895,0,0.447,0,1,0,-0.447,0,-0.895],"_humanoidState":8,"_cameraCFrame":[748.864,238.231,40.905,-0.906,-0.417,0.074,0,0.174,0.985,-0.424,0.892,-0.157],"_shiftlockState":true,"_pose":"Running","_animationQueue":[],"_animationSpeed":0.959,"_zoom":12.5},{"_mousePosition":[683,384],"_rootPartCFrame":[749.318,225.294,43.503,-0.906,0,0.424,0,1,0,-0.424,0,-0.906],"_humanoidState":3,"_cameraCFrame":[748.544,239.104,40.825,-0.922,-0.381,0.067,0,0.174,0.985,-0.387,0.908,-0.16],"_shiftlockState":true,"_pose":"Jumping","_animationQueue":[["walk",0.1],["jump",0.1]],"_animationSpeed":1,"_zoom":12.5},{"_mousePosition":[683,384],"_rootPartCFrame":[749.086,226.116,43.391,-0.883,0,0.47,0,1,0,-0.47,0,-0.883],"_humanoidState":5,"_cameraCFrame":[748.092,239.926,40.787,-0.951,-0.304,0.054,0,0.174,0.985,-0.309,0.937,-0.165],"_shiftlockState":true,"_pose":"FreeFall","_animationQueue":[["jump",0.1]],"_animationSpeed":1,"_zoom":12.5},{"_mousePosition":[683,384],"_rootPartCFrame":[748.841,226.883,43.287,-0.904,0,0.428,0,1,0,-0.428,0,-0.904],"_humanoidState":5,"_cameraCFrame":[747.69,240.693,40.747,-0.968,-0.247,0.043,0,0.174,0.985,-0.25,0.953,-0.168],"_shiftlockState":true,"_pose":"FreeFall","_animationQueue":[],"_animationSpeed":1,"_zoom":12.5},{"_mousePosition":[683,384],"_rootPartCFrame":[748.589,227.596,43.2,-0.927,0,0.376,0,1,0,-0.376,0,-0.927],"_humanoidState":5,"_cameraCFrame":[747.299,241.406,40.728,-0.981,-0.193,0.034,0,0.174,0.985,-0.196,0.966,-0.17],"_shiftlockState":true,"_pose":"FreeFall","_animationQueue":[],"_animationSpeed":1,"_zoom":12.5},{"_mousePosition":[683,384],"_rootPartCFrame":[748.332,228.255,43.13,-0.946,0,0.325,0,1,0,-0.325,0,-0.946],"_humanoidState":5,"_cameraCFrame":[746.918,242.065,40.727,-0.989,-0.144,0.025,0,0.174,0.985,-0.146,0.974,-0.172],"_shiftlockState":true,"_pose":"FreeFall","_animationQueue":[],"_animationSpeed":1,"_zoom":12.5},{"_mousePosition":[683,384],"_rootPartCFrame":[748.071,228.859,43.076,-0.961,0,0.276,0,1,0,-0.276,0,-0.961],"_humanoidState":5,"_cameraCFrame":[746.561,242.669,40.732,-0.994,-0.104,0.018,0,0.174,0.985,-0.106,0.979,-0.173],"_shiftlockState":true,"_pose":"FreeFall","_animationQueue":[],"_animationSpeed":1,"_zoom":12.5},{"_mousePosition":[683,384],"_rootPartCFrame":[747.808,229.409,43.035,-0.971,0,0.237,0,1,0,-0.237,0,-0.971],"_humanoidState":5,"_cameraCFrame":[746.221,243.218,40.742,-0.997,-0.072,0.013,0,0.174,0.985,-0.073,0.982,-0.173],"_shiftlockState":true,"_pose":"FreeFall","_animationQueue":[],"_animationSpeed":1,"_zoom":12.5},{"_mousePosition":[683,384],"_rootPartCFrame":[747.543,229.904,43.005,-0.979,0,0.205,0,1,0,-0.205,0,-0.979],"_humanoidState":5,"_cameraCFrame":[745.888,243.714,40.761,-0.999,-0.042,0.007,0,0.174,0.985,-0.043,0.984,-0.173],"_shiftlockState":true,"_pose":"FreeFall","_animationQueue":[],"_animationSpeed":1,"_zoom":12.5},{"_mousePosition":[683,384],"_rootPartCFrame":[747.277,230.344,42.984,-0.985,0,0.175,0,1,0,-0.175,0,-0.985],"_humanoidState":5,"_cameraCFrame":[745.543,244.154,40.801,-1,-0.007,0.001,0,0.174,0.985,-0.008,0.985,-0.174],"_shiftlockState":true,"_pose":"FreeFall","_animationQueue":[],"_animationSpeed":1,"_zoom":12.5},{"_mousePosition":[683,384],"_rootPartCFrame":[747.011,230.73,42.972,-0.99,0,0.14,0,1,0,-0.14,0,-0.99],"_humanoidState":5,"_cameraCFrame":[745.185,244.54,40.865,-0.999,0.035,-0.006,0,0.174,0.985,0.035,0.984,-0.174],"_shiftlockState":true,"_pose":"FreeFall","_animationQueue":[],"_animationSpeed":1,"_zoom":12.5},{"_mousePosition":[683,384],"_rootPartCFrame":[746.744,231.062,42.968,-0.995,0,0.098,0,1,0,-0.098,0,-0.995],"_humanoidState":5,"_cameraCFrame":[744.819,244.872,40.951,-0.997,0.082,-0.014,0,0.174,0.985,0.083,0.981,-0.173],"_shiftlockState":true,"_pose":"FreeFall","_animationQueue":[],"_animationSpeed":1,"_zoom":12.5},{"_mousePosition":[683,384],"_rootPartCFrame":[746.477,231.339,42.976,-0.999,0,0.05,0,1,0,-0.05,0,-0.999],"_humanoidState":5,"_cameraCFrame":[744.443,245.149,41.069,-0.99,0.137,-0.024,0,0.174,0.985,0.139,0.975,-0.172],"_shiftlockState":true,"_pose":"FreeFall","_animationQueue":[],"_animationSpeed":1,"_zoom":12.5},{"_mousePosition":[683,384],"_rootPartCFrame":[746.211,231.561,42.996,-1,0,-0.006,0,1,0,0.006,0,-1],"_humanoidState":5,"_cameraCFrame":[744.07,245.371,41.211,-0.981,0.193,-0.034,0,0.174,0.985,0.196,0.966,-0.17],"_shiftlockState":true,"_pose":"FreeFall","_animationQueue":[],"_animationSpeed":1,"_zoom":12.5},{"_mousePosition":[683,384],"_rootPartCFrame":[745.947,231.729,43.031,-0.998,0,-0.064,0,1,0,0.064,0,-0.998],"_humanoidState":5,"_cameraCFrame":[743.66,245.539,41.437,-0.96,0.275,-0.049,0,0.174,0.985,0.28,0.945,-0.167],"_shiftlockState":true,"_pose":"FreeFall","_animationQueue":[],"_animationSpeed":1,"_zoom":12.5},{"_mousePosition":[683,384],"_rootPartCFrame":[745.62,231.863,43.094,-0.993,0,-0.117,0,1,0,0.117,0,-0.993],"_humanoidState":5,"_cameraCFrame":[743.258,245.673,41.612,-0.946,0.321,-0.057,0,0.174,0.985,0.326,0.931,-0.164],"_shiftlockState":true,"_pose":"FreeFall","_animationQueue":[],"_animationSpeed":1,"_zoom":12.5},{"_mousePosition":[683,384],"_rootPartCFrame":[745.427,231.902,43.145,-0.973,0,-0.23,0,1,0,0.23,0,-0.973],"_humanoidState":5,"_cameraCFrame":[743.004,245.712,41.766,-0.931,0.36,-0.064,0,0.174,0.985,0.366,0.917,-0.162],"_shiftlockState":true,"_pose":"FreeFall","_animationQueue":[],"_animationSpeed":1,"_zoom":12.5},{"_mousePosition":[683,384],"_rootPartCFrame":[745.174,231.906,43.23,-0.971,0,-0.239,0,1,0,0.239,0,-0.971],"_humanoidState":5,"_cameraCFrame":[742.7,245.716,41.943,-0.916,0.395,-0.07,0,0.174,0.985,0.401,0.902,-0.159],"_shiftlockState":true,"_pose":"FreeFall","_animationQueue":[["fall",0.3]],"_animationSpeed":1,"_zoom":12.5},{"_mousePosition":[683,384],"_rootPartCFrame":[744.925,231.856,43.326,-0.961,0,-0.276,0,1,0,0.276,0,-0.961],"_humanoidState":5,"_cameraCFrame":[742.411,245.666,42.121,-0.902,0.424,-0.075,0,0.174,0.985,0.431,0.889,-0.157],"_shiftlockState":true,"_pose":"FreeFall","_animationQueue":[],"_animationSpeed":1,"_zoom":12.5},{"_mousePosition":[683,384],"_rootPartCFrame":[744.68,231.752,43.432,-0.952,0,-0.307,0,1,0,0.307,0,-0.952],"_humanoidState":5,"_cameraCFrame":[742.139,245.562,42.284,-0.892,0.444,-0.078,0,0.174,0.985,0.451,0.879,-0.155],"_shiftlockState":true,"_pose":"FreeFall","_animationQueue":[],"_animationSpeed":1,"_zoom":12.5},{"_mousePosition":[683,384],"_rootPartCFrame":[744.439,231.593,43.545,-0.944,0,-0.329,0,1,0,0.329,0,-0.944],"_humanoidState":5,"_cameraCFrame":[741.892,245.403,42.411,-0.89,0.449,-0.079,0,0.174,0.985,0.456,0.877,-0.155],"_shiftlockState":true,"_pose":"FreeFall","_animationQueue":[],"_animationSpeed":1,"_zoom":12.5},{"_mousePosition":[683,384],"_rootPartCFrame":[744.201,231.379,43.665,-0.943,0,-0.334,0,1,0,0.334,0,-0.943],"_humanoidState":5,"_cameraCFrame":[741.654,245.189,42.531,-0.89,0.449,-0.079,0,0.174,0.985,0.456,0.877,-0.155],"_shiftlockState":true,"_pose":"FreeFall","_animationQueue":[],"_animationSpeed":1,"_zoom":12.5},{"_mousePosition":[683,384],"_rootPartCFrame":[743.963,231.111,43.786,-0.943,0,-0.334,0,1,0,0.334,0,-0.943],"_humanoidState":5,"_cameraCFrame":[741.443,244.921,42.594,-0.9,0.429,-0.076,0,0.174,0.985,0.435,0.887,-0.156],"_shif