[{"_mousePosition":[632,279],"_rootPartCFrame":[776.026,222.979,47.142,0.003,0.002,1,0,1,-0.002,-1,0,0.003],"_humanoidState":8,"_cameraCFrame":[785.421,232.717,47.571,0.046,-0.658,0.751,0,0.752,0.659,-0.999,-0.03,0.034],"_shiftlockState":false,"_pose":"Standing","_animationQueue":[],"_animationSpeed":1,"_zoom":12.5},{"_mousePosition":[632,279],"_rootPartCFrame":[775.723,222.815,47.126,0.011,0,1,0,1,0,-1,0,0.011],"_humanoidState":8,"_cameraCFrame":[785.115,232.553,47.555,0.046,-0.658,0.751,0,0.752,0.659,-0.999,-0.03,0.034],"_shiftlockState":false,"_pose":"Standing","_animationQueue":[],"_animationSpeed":1,"_zoom":12.5},{"_mousePosition":[632,279],"_rootPartCFrame":[775.59,222.731,47.12,0.014,0,1,0,1,0,-1,0,0.014],"_humanoidState":8,"_cameraCFrame":[784.982,232.469,47.548,0.046,-0.658,0.751,0,0.752,0.659,-0.999,-0.03,0.034],"_shiftlockState":false,"_pose":"Running","_animationQueue":[["walk",0.1]],"_animationSpeed":1.089,"_zoom":12.5},{"_mousePosition":[632,279],"_rootPartCFrame":[775.324,222.615,47.107,0.018,0,1,0,1,0,-1,0,0.018],"_humanoidState":8,"_cameraCFrame":[784.715,232.353,47.536,0.046,-0.658,0.751,0,0.752,0.659,-0.999,-0.03,0.034],"_shiftlockState":false,"_pose":"Running","_animationQueue":[],"_animationSpeed":1.089,"_zoom":12.5},{"_mousePosition":[632,279],"_rootPartCFrame":[775.057,222.638,47.095,0.022,0,1,0,1,0,-1,0,0.022],"_humanoidState":8,"_cameraCFrame":[784.449,232.376,47.524,0.046,-0.658,0.751,0,0.752,0.659,-0.999,-0.03,0.034],"_shiftlockState":false,"_pose":"Running","_animationQueue":[["walk",0.1]],"_animationSpeed":1.089,"_zoom":12.5},{"_mousePosition":[632,279],"_rootPartCFrame":[774.791,222.664,47.083,0.025,0,1,0,1,0,-1,0,0.025],"_humanoidState":8,"_cameraCFrame":[784.183,232.402,47.512,0.046,-0.658,0.751,0,0.752,0.659,-0.999,-0.03,0.034],"_shiftlockState":false,"_pose":"Running","_animationQueue":[],"_animationSpeed":1.089,"_zoom":12.5},{"_mousePosition":[632,279],"_rootPartCFrame":[774.525,222.68,47.071,0.028,0,1,0,1,0,-1,0,0.028],"_humanoidState":8,"_cameraCFrame":[783.916,232.418,47.5,0.046,-0.658,0.751,0,0.752,0.659,-0.999,-0.03,0.034],"_shiftlockState":false,"_pose":"Running","_animationQueue":[],"_animationSpeed":1.089,"_zoom":12.5},{"_mousePosition":[632,279],"_rootPartCFrame":[774.258,222.689,47.059,0.03,0,1,0,1,0,-1,0,0.03],"_humanoidState":8,"_cameraCFrame":[783.634,232.445,47.487,0.046,-0.66,0.75,0,0.751,0.661,-0.999,-0.03,0.034],"_shiftlockState":false,"_pose":"Running","_animationQueue":[],"_animationSpeed":1.089,"_zoom":12.5},{"_mousePosition":[632,279],"_rootPartCFrame":[773.992,222.694,47.047,0.032,0,0.999,0,1,0,-0.999,0,0.032],"_humanoidState":8,"_cameraCFrame":[783.368,232.45,47.475,0.046,-0.66,0.75,0,0.751,0.661,-0.999,-0.03,0.034],"_shiftlockState":false,"_pose":"Running","_animationQueue":[],"_animationSpeed":1.089,"_zoom":12.5},{"_mousePosition":[632,279],"_rootPartCFrame":[773.726,222.697,47.034,0.034,0,0.999,0,1,0,-0.999,0,0.034],"_humanoidState":8,"_cameraCFrame":[783.101,232.453,47.463,0.046,-0.66,0.75,0,0.751,0.661,-0.999,-0.03,0.034],"_shiftlockState":false,"_pose":"Running","_animationQueue":[],"_animationSpeed":1.089,"_zoom":12.5},{"_mousePosition":[632,279],"_rootPartCFrame":[773.459,222.698,47.022,0.036,0,0.999,0,1,0,-0.999,0,0.036],"_humanoidState":8,"_cameraCFrame":[782.804,232.491,47.425,0.043,-0.663,0.748,0,0.748,0.663,-0.999,-0.029,0.032],"_shiftlockState":false,"_pose":"Running","_animationQueue":[["walk",0.1]],"_animationSpeed":1.089,"_zoom":12.5},{"_mousePosition":[632,279],"_rootPartCFrame":[773.193,222.699,47.01,0.037,0,0.999,0,1,0,-0.999,0,0.037],"_humanoidState":8,"_cameraCFrame":[782.523,232.51,47.365,0.038,-0.664,0.746,0,0.747,0.665,-0.999,-0.025,0.028],"_shiftlockState":false,"_pose":"Running","_animationQueue":[],"_animationSpeed":1.089,"_zoom":12.5},{"_mousePosition":[632,279],"_rootPartCFrame":[772.793,222.699,46.993,0.038,0,0.999,0,1,0,-0.999,0,0.038],"_humanoidState":8,"_cameraCFrame":[782.077,232.565,47.276,0.03,-0.669,0.743,0,0.743,0.669,-1,-0.02,0.023],"_shiftlockState":false,"_pose":"Running","_animationQueue":[],"_animationSpeed":1.089,"_zoom":12.5},{"_mousePosition":[632,279],"_rootPartCFrame":[772.66,222.699,46.988,0.038,0,0.999,0,1,0,-0.999,0,0.038],"_humanoidState":8,"_cameraCFrame":[781.881,232.637,47.175,0.02,-0.675,0.738,0,0.738,0.675,-1,-0.014,0.015],"_shiftlockState":false,"_pose":"Running","_animationQueue":[],"_animationSpeed":1.089,"_zoom":12.5},{"_mousePosition":[632,279],"_rootPartCFrame":[772.393,222.7,46.979,0.037,0,0.999,0,1,0,-0.999,0,0.037],"_humanoidState":8,"_cameraCFrame":[781.533,232.727,47.096,0.013,-0.682,0.731,0,0.731,0.682,-1,-0.009,0.009],"_shiftlockState":false,"_pose":"Running","_animationQueue":[],"_animationSpeed":1.089,"_zoom":12.5},{"_mousePosition":[632,279],"_rootPartCFrame":[772.127,222.7,46.974,0.035,0,0.999,0,1,0,-0.999,0,0.035],"_humanoidState":8,"_cameraCFrame":[781.2,232.798,47.02,0.005,-0.688,0.726,0,0.726,0.688,-1,-0.004,0.004],"_shiftlockState":false,"_pose":"Running","_animationQueue":[],"_animationSpeed":1.089,"_zoom":12.5},{"_mousePosition":[632,279],"_rootPartCFrame":[771.86,222.7,46.97,0.032,0,0.999,0,1,0,-0.999,0,0.032],"_humanoidState":8,"_cameraCFrame":[780.866,232.868,46.971,0,-0.693,0.72,0,0.72,0.693,-1,0,0],"_shiftlockState":false,"_pose":"Running","_animationQueue":[],"_animationSpeed":1.089,"_zoom":12.5},{"_mousePosition":[632,279],"_rootPartCFrame":[771.594,222.7,46.969,0.029,0,1,0,1,0,-1,0,0.029],"_humanoidState":8,"_cameraCFrame":[780.549,232.921,46.947,-0.002,-0.698,0.716,0,0.716,0.698,-1,0.002,-0.002],"_shiftlockState":false,"_pose":"Running","_animationQueue":[["walk",0.1]],"_animationSpeed":1.089,"_zoom":12.5},{"_mousePosition":[632,279],"_rootPartCFrame":[771.327,222.7,46.969,0.025,0,1,0,1,0,-1,0,0.025],"_humanoidState":8,"_cameraCFrame":[780.248,232.955,46.924,-0.005,-0.7,0.714,0,0.714,0.7,-1,0.003,-0.004],"_shiftlockState":false,"_pose":"Running","_animationQueue":[],"_animationSpeed":1.089,"_zoom":12.5},{"_mousePosition":[632,279],"_rootPartCFrame":[770.927,222.7,46.97,0.019,0,1,0,1,0,-1,0,0.019],"_humanoidState":8,"_cameraCFrame":[779.848,232.955,46.925,-0.005,-0.7,0.714,0,0.714,0.7,-1,0.003,-0.004],"_shiftlockState":false,"_pose":"Running","_animationQueue":[],"_animationSpeed":1.089,"_zoom":12.5},{"_mousePosition":[632,279],"_rootPartCFrame":[770.793,222.7,46.97,0.018,0,1,0,1,0,-1,0,0.018],"_humanoidState":8,"_cameraCFrame":[779.714,232.955,46.926,-0.005,-0.7,0.714,0,0.714,0.7,-1,0.003,-0.004],"_shiftlockState":false,"_pose":"Running","_animationQueue":[],"_animationSpeed":1.089,"_zoom":12.5},{"_mousePosition":[632,279],"_rootPartCFrame":[770.527,222.7,46.971,0.015,0,1,0,1,0,-1,0,0.015],"_humanoidState":8,"_cameraCFrame":[779.414,232.99,46.927,-0.005,-0.703,0.711,0,0.711,0.703,-1,0.004,-0.004],"_shiftlockState":false,"_pose":"Running","_animationQueue":[],"_animationSpeed":1.089,"_zoom":12.5},{"_mousePosition":[632,279],"_rootPartCFrame":[770.193,222.649,46.973,0.011,0,1,0,1,0,-1,0,0.011],"_humanoidState":8,"_cameraCFrame":[779.046,232.974,46.929,-0.005,-0.706,0.708,0,0.708,0.706,-1,0.004,-0.004],"_shiftlockState":false,"_pose":"Running","_animationQueue":[],"_animationSpeed":1.089,"_zoom":12.5},{"_mousePosition":[632,279],"_rootPartCFrame":[769.927,222.546,46.974,0.008,0,1,0,1,0,-1,0,0.008],"_humanoidState":8,"_cameraCFrame":[778.727,232.923,46.908,-0.008,-0.71,0.704,0,0.704,0.71,-1,0.005,-0.005],"_shiftlockState":false,"_pose":"Running","_animationQueue":[["walk",0.1]],"_animationSpeed":1.089,"_zoom":12.5},{"_mousePosition":[632,279],"_rootPartCFrame":[769.66,223.419,46.976,0.005,0,1,0,1,0,-1,0,0.005],"_humanoidState":3,"_cameraCFrame":[778.409,233.848,46.91,-0.008,-0.714,0.7,0,0.7,0.714,-1,0.005,-0.005],"_shiftlockState":false,"_pose":"Jumping","_animationQueue":[["walk",0.1],["jump",0.1]],"_animationSpeed":1,"_zoom":12.5},{"_mousePosition":[632,279],"_rootPartCFrame":[769.394,224.242,46.978,0.003,0,1,0,1,0,-1,0,0.003],"_humanoidState":5,"_cameraCFrame":[778.055,234.754,46.912,-0.008,-0.721,0.693,0,0.693,0.721,-1,0.005,-0.005],"_shiftlockState":false,"_pose":"FreeFall","_animationQueue":[["jump",0.1]],"_animationSpeed":1,"_zoom":12.5},{"_mousePosition":[632,279],"_rootPartCFrame":[769.127,225.009,46.98,0.001,0,1,0,1,0,-1,0,0.001],"_humanoidState":5,"_cameraCFrame":[777.718,235.589,46.958,-0.002,-0.726,0.687,0,0.687,0.726,-1,0.002,-0.002],"_shiftlockState":false,"_pose":"FreeFall","_animationQueue":[],"_animationSpeed":1,"_zoom":12.5},{"_mousePosition":[632,279],"_rootPartCFrame":[768.86,225.722,46.982,0,0,1,0,1,0,-1,0,0],"_humanoidState":5,"_cameraCFrame":[777.38,236.369,47.004,0.003,-0.732,0.682,0,0.682,0.732,-1,-0.002,0.002],"_shiftlockState":false,"_pose":"FreeFall","_animationQueue":[],"_animationSpeed":1,"_zoom":12.5},{"_mousePosition":[632,279],"_rootPartCFrame":[768.527,226.537,46.983,-0.001,0,1,0,1,0,-1,0,-0.001],"_humanoidState":5,"_cameraCFrame":[776.993,237.233,47.069,0.01,-0.736,0.677,0,0.677,0.736,-1,-0.007,0.007],"_shiftlockState":false,"_pose":"FreeFall","_animationQueue":[],"_animationSpeed":1,"_zoom":12.5},{"_mousePosition":[632,279],"_rootPartCFrame":[768.327,226.985,46.982,-0.001,0,1,0,1,0,-1,0,-0.001],"_humanoidState":5,"_cameraCFrame":[776.72,237.747,47.132,0.018,-0.741,0.671,0,0.672,0.741,-1,-0.013,0.012],"_shiftlockState":false,"_pose":"FreeFall","_animationQueue":[],"_animationSpeed":1,"_zoom":12.5},{"_mousePosition":[632,279],"_rootPartCFrame":[768.061,227.534,46.98,0,0,1,0,1,0,-1,0,0],"_humanoidState":5,"_cameraCFrame":[776.398,238.345,47.17,0.023,-0.745,0.667,0,0.667,0.745,-1,-0.017,0.015],"_shiftlockState":false,"_pose":"FreeFall","_animationQueue":[],"_animationSpeed":1,"_zoom":12.5},{"_mousePosition":[632,279],"_rootPartCFrame":[767.794,228.029,46.976,0.002,0,1,0,1,0,-1,0,0.002],"_humanoidState":5,"_cameraCFrame":[776.076,238.889,47.207,0.028,-0.748,0.663,0,0.663,0.749,-1,-0.021,0.018],"_shiftlockState":false,"_pose":"FreeFall","_animationQueue":[],"_animationSpeed":1,"_zoom":12.5},{"_mousePosition":[632,279],"_rootPartCFrame":[767.527,228.47,46.97,0.005,0,1,0,1,0,-1,0,0.005],"_humanoidState":5,"_cameraCFrame":[775.754,239.378,47.241,0.033,-0.752,0.658,0,0.658,0.753,-0.999,-0.025,0.022],"_shiftlockState":false,"_pose":"FreeFall","_animationQueue":[],"_animationSpeed":1,"_zoom":12.5},{"_mousePosition":[632,279],"_rootPartCFrame":[767.328,228.764,46.964,0.007,0,1,0,1,0,-1,0,0.007],"_humanoidState":5,"_cameraCFrame":[775.459,239.752,47.294,0.041,-0.758,0.651,0,0.651,0.759,-0.999,-0.031,0.026],"_shiftlockState":false,"_pose":"FreeFall","_animationQueue":[],"_animationSpeed":1,"_zoom":12.5},{"_mousePosition":[632,279],"_rootPartCFrame":[766.994,229.187,46.953,0.011,0,1,0,1,0,-1,0,0.011],"_humanoidState":5,"_cameraCFrame":[775.051,240.238,47.301,0.043,-0.763,0.645,0,0.645,0.764,-0.999,-0.033,0.028],"_shiftlockState":false,"_pose":"FreeFall","_animationQueue":[],"_animationSpeed":1,"_zoom":12.5},{"_mousePosition":[632,279],"_rootPartCFrame":[766.728,229.464,46.943,0.015,0,1,0,1,0,-1,0,0.015],"_humanoidState":5,"_cameraCFrame":[774.71,240.578,47.287,0.043,-0.768,0.639,0,0.639,0.769,-0.999,-0.033,0.028],"_shiftlockState":false,"_pose":"FreeFall","_animationQueue":[],"_animationSpeed":1,"_zoom":12.5},{"_mousePosition":[632,279],"_rootPartCFrame":[766.462,229.687,46.932,0.019,0,1,0,1,0,-1,0,0.019],"_humanoidState":5,"_cameraCFrame":[774.331,240.893,47.271,0.043,-0.776,0.63,0,0.63,0.776,-0.999,-0.033,0.027],"_shiftlockState":false,"_pose":"FreeFall","_animationQueue":[],"_animationSpeed":1,"_zoom":12.5},{"_mousePosition":[632,279],"_rootPartCFrame":[766.262,229.818,46.923,0.021,0,1,0,1,0,-1,0,0.021],"_humanoidState":5,"_cameraCFrame":[773.998,241.13,47.257,0.043,-0.784,0.619,0,0.619,0.785,-0.999,-0.034,0.027],"_shiftlockState":false,"_pose":"FreeFall","_animationQueue":[],"_animationSpeed":1,"_zoom":12.5},{"_mousePosition":[632,279],"_rootPartCFrame":[765.995,229.945,46.911,0.024,0,1,0,1,0,-1,0,0.024],"_humanoidState":5,"_cameraCFrame":[773.578,241.377,47.238,0.043,-0.794,0.607,0,0.607,0.795,-0.999,-0.034,0.026],"_shiftlockState":false,"_pose":"FreeFall","_animationQueue":[],"_animationSpeed":1,"_zoom":12.5},{"_mousePosition":[632,279],"_rootPartCFrame":[765.662,230.027,46.897,0.028,0,1,0,1,0,-1,0,0.028],"_humanoidState":5,"_cameraCFrame":[773.07,241.591,47.216,0.043,-0.804,0.593,0,0.593,0.805,-0.999,-0.035,0.026],"_shiftlockState":false,"_pose":"FreeFall","_animationQueue":[],"_animationSpeed":1,"_zoom":12.5},{"_mousePosition":[632,279],"_rootPartCFrame":[765.396,230.032,46.886,0.03,0,1,0,1,0,-1,0,0.03],"_humanoidState":5,"_cameraCFrame":[772.628,241.724,47.161,0.038,-0.815,0.579,0,0.579,0.815,-0.999,-0.031,0.022],"_shiftlockState":false,"_pose":"FreeFall","_animationQueue":[],"_animationSpeed":1,"_zoom":12.5},{"_mousePosition":[632,279],"_rootPartCFrame":[765.13,229.982,46.874,0.032,0,0.999,0,1,0,-0.999,0,0.032],"_humanoidState":5,"_cameraCFrame":[772.183,241.799,47.107,0.033,-0.825,0.564,0,0.565,0.825,-0.999,-0.027,0.019],"_shiftlockState":false,"_pose":"FreeFall","_animationQueue":[],"_animationSpeed":1,"_zoom":12.5},{"_mousePosition":[632,279],"_rootPartCFrame":[764.863,229.877,46.864,0.033,0,0.999,0,1,0,-0.999,0,0.033],"_humanoidState":5,"_cameraCFrame":[771.735,241.817,47.056,0.028,-0.835,0.55,0,0.55,0.835,-1,-0.023,0.015],"_shiftlockState":false,"_pose":"FreeFall","_animationQueue":[["fall",0.3]],"_animationSpeed":1,"_zoom":12.5},{"_mousePosition":[632,279],"_rootPartCFrame":[764.663,229.763,46.857,0.033,0,0.999,0,1,0,-0.999,0,0.033],"_humanoidState":5,"_cameraCFrame":[771.352,241.822,47.01,0.023,-0.844,0.535,0,0.535,0.845,-1,-0.019,0.012],"_shiftlockState":false,"_pose":"FreeFall","_animationQueue":[],"_animationSpeed":1,"_zoom":12.5},{"_mousePosition":[632,279],"_rootPartCFrame":[764.397,229.563,46.849,0.033,0,0.999,0,1,0,-0.999,0,0.033],"_humanoidState":5,"_cameraCFrame":[770.994,242.034,46.933,0.013,-0.857,0.515,0,0.515,0.857,-1,-0.011,0.007],"_shiftlockState":false,"_pose":"FreeFall","_animationQueue":[],"_animationSpeed":1,"_zoom":16.125},{"_mousePosition":[632,279],"_rootPartCFrame":[764.13,229.309,46.843,0.032,0,0.999,0,1,0,-0.999,0,0.032],"_humanoidState":5,"_cameraCFrame":[770.854,242.395,46.878,0.005,-0.865,0.502,0,0.502,0.865,-1,-0.004,0.003],"_shiftlockState":false,"_pose":"FreeFall","_animationQueue":[],"_animationSpeed":1,"_zoom":16.125},{"_mousePosition":[632,279],"_rootPartCFrame":[763.864,229,46.839,0.03,0,1,0,1,0,-1,0,0.03],"_humanoidState":5,"_cameraCFrame":[770.71,242.732,46.822,-0.002,-0.873,0.488,0,0.488,0.873,-1,0.002,-0.001],"_shiftlockState":false,"_pose":"FreeFall","_animationQueue":[],"_animationSpeed":1,"_zoom":16.125},{"_mousePosition":[632,279],"_rootPartCFrame":[763.597,228.637,46.838,0.027,0,1,0,1,0,-1,0,0.027],"_humanoidState":5,"_cameraCFrame":[770.708,243.198,46.784,-0.008,-0.878,0.478,0,0.478,0.878,-1,0.007,-0.004],"_shiftlockState":false,"_pose":"FreeFall","_animationQueue":[],"_animationSpeed":1,"_zoom":20.656},{"_mousePosition":[632,279],"_rootPartCFrame":[763.33,228.219,46.838,0.023,0,1,0,1,0,-1,0,0.023],"_humanoidState":5,"_cameraCFrame":[770.808,243.914,46.706,-0.018,-0.885,0.466,0,0.466,0.885,-1,0.016,-0.008],"_shiftlockState":false,"_pose":"FreeFall","_animationQueue":[],"_animationSpeed":1,"_zoom":20.656},{"_mousePosition":[632,279],"_rootPartCFrame":[763.064,227.747,46.84,0.019,0,1,0,1,0,-1,0,0.019],"_humanoidState":5,"_cameraCFrame":[770.819,244.545,46.644,-0.025,-0.892,0.452,0,0.452,0.892,-1,0.023,-0.011],"_shiftlockState":false,"_pose":"FreeFall","_animationQueue":[["fall",0.3]],"_animationSpeed":1,"_zoom":20.656},{"_mousePosition":[632,279],"_rootPartCFrame":[762.797,227.22,46.844,0.014,0,1,0,1,0,-1,0,0.014],"_humanoidState":5,"_cameraCFrame":[770.787,244.951,46.582,-0.033,-0.897,0.442,0,0.442,0.897,-0.999,0.029,-0.015],"_shiftlockState":false,"_pose":"FreeFall","_animationQueue":[],"_animationSpeed":1,"_zoom":20.656},{"_mousePosition":[632,279],"_rootPartCFrame":[762.531,226.638,46.85,0.009,0,1,0,1,0,-1,0,0.009],"_humanoidState":5,"_cameraCFrame":[770.661,245.157,46.542,-0.038,-0.902,0.431,0,0.431,0.902,-0.999,0.034,-0.016],"_shiftlockState":false,"_pose":"FreeFall","_animationQueue":[],"_animationSpeed":1,"_zoom":20.656},{"_mousePosition":[632,279],"_rootPartCFrame":[762.264,226.003,46.859,0.004,0,1,0,1,0,-1,0,0.004],"_humanoidState":5,"_cameraCFrame":[770.431,245.037,46.529,-0.04,-0.906,0.422,0,0.422,0.906,-0.999,0.037,-0.017],"_shiftlockState":false,"_pose":"FreeFall","_animationQueue":[],"_animationSpeed":1,"_zoom":20.656},{"_mousePosition":[632,279],"_rootPartCFrame":[761.998,225.312,46.869,-0.002,0,1,0,1,0,-1,0,-0.002],"_humanoidState":5,"_cameraCFrame":[770.123,244.808,46.499,-0.045,-0.91,0.411,0,0.412,0.911,-0.999,0.041,-0.019],"_shiftlockState":false,"_pose":"FreeFall","_animationQueue":[],"_animationSpeed":1,"_zoom":20.656},{"_mousePosition":[632,279],"_rootPartCFrame":[761.731,224.567,46.88,-0.007,0,1,0,1,0,-1,0,-0.007],"_humanoidState":5,"_cameraCFrame":[769.831,244.388,46.49,-0.048,-0.913,0.404,0,0.405,0.914,-0.999,0.044,-0.019],"_shiftlockState":false,"_pose":"FreeFall","_animationQueue":[],"_animationSpeed":1,"_zoom":20.656},{"_mousePosition":[632,279],"_rootPartCFrame":[761.465,223.768,46.891,-0.012,0,1,0,1,0,-1,0,-0.012],"_humanoidState":5,"_cameraCFrame":[769.502,243.836,46.505,-0.048,-0.916,0.397,0,0.398,0.918,-0.999,0.044,-0.019],"_shiftlockState":false,"_pose":"FreeFall","_animationQueue":[],"_animationSpeed":1,"_zoom":20.656},{"_mousePosition":[632,279],"_rootPartCFrame":[761.198,222.914,46.904,-0.017,0,1,0,1,0,-1,0,-0.017],"_humanoidState":5,"_cameraCFrame":[769.145,243.172,46.522,-0.048,-0.92,0.39,0,0.39,0.921,-0.999,0.044,-0.019],"_shiftlockState":false,"_pose":"FreeFall","_animationQueue":[["fall",0.3]],"_animationSpeed":1,"_zoom":20.656},{"_mousePosition":[632,279],"_rootPartCFrame":[760.932,222.786,46.917,-0.021,0,1,0,1,0,-1,0,-0.021],"_humanoidState":7,"_cameraCFrame":[768.694,243.222,46.544,-0.048,-0.924,0.379,0,0.38,0.925,-0.999,0.044,-0.018],"_shiftlockState":false,"_pose":"FreeFall","_animationQueue":[["walk",0.1],["fall",0.3],["fall",0.3]],"_animationSpeed":1,"_zoom":20.656},{"_mousePosition":[632,279],"_rootPartCFrame":[760.599,222.783,46.933,-0.026,0,1,0,1,0,-1,0,-0.026],"_humanoidState":7,"_cameraCFrame":[768.236,243.336,46.566,-0.048,-0.927,0.372,0,0.372,0.928,-0.999,0.045,-0.018],"_shiftlockState":false,"_pose":"FreeFall","_animationQueue":[],"_animationSpeed":1,"_zoom":20.656},{"_mousePosition":[632,279],"_rootPartCFrame":[760.399,222.728,46.943,-0.028,0,1,0,1,0,-1,0,-0.028],"_humanoidState":8,"_cameraCFrame":[767.903,243.378,46.582,-0.048,-0.93,0.365,0,0.365,0.931,-0.999,0.045,-0.018],"_shiftlockState":false,"_pose":"Running","_animationQueue":[["walk",0.1],["fall",0.3],["walk",0.1]],"_animationSpeed":1.103,"_zoom":20.656},{"_mousePosition":[632,279],"_rootPartCFrame":[760.133,222.601,46.955,-0.031,0,1,0,1,0,-1,0,-0.031],"_humanoidState":8,"_cameraCFrame":[767.537,243.324,46.618,-0.045,-0.932,0.359,0,0.36,0.933,-0.999,0.042,-0.016],"_shiftlockState":false,"_pose":"Running","_animationQueue":[],"_animationSpeed":1.103,"_zoom":20.656},{"_mousePosition":[632,279],"_rootPartCFrame":[759.867,222.59,46.968,-0.033,0,0.999,0,1,0,-0.999,0,-0.033],"_humanoidState":8,"_cameraCFrame":[767.203,243.357,46.671,-0.04,-0.934,0.356,0,0.356,0.934,-0.999,0.038,-0.014],"_shiftlockState":false,"_pose":"Running","_animationQueue":[],"_animationSpeed":1.103,"_zoom":20.656},{"_mousePosition":[632,279],"_rootPartCFrame":[759.6,222.59,46.98,-0.035,0,0.999,0,1,0,-0.999,0,-0.035],"_humanoidState":8,"_cameraCFrame":[766.867,243.397,46.723,-0.035,-0.935,0.352,0,0.352,0.936,-0.999,0.033,-0.012],"_shiftlockState":false,"_pose":"Running","_animationQueue":[["walk",0.1]],"_animationSpeed":1.103,"_zoom":20.656},{"_mousePosition":[632,279],"_rootPartCFrame":[759.334,222.59,46.991,-0.036,0,0.999,0,1,0,-0.999,0,-0.036],"_humanoidState":8,"_cameraCFrame":[766.53,243.434,46.773,-0.03,-0.937,0.349,0,0.349,0.937,-1,0.028,-0.011],"_shiftlockState":false,"_pose":"Running","_animationQueue":[],"_animationSpeed":1.103,"_zoom":20.656},{"_mousePosition":[632,279],"_rootPartCFrame":[759.067,222.564,47.001,-0.036,0,0.999,0,1,0,-0.999,0,-0.036],"_humanoidState":8,"_cameraCFrame":[766.191,243.441,46.839,-0.023,-0.938,0.345,0,0.345,0.939,-1,0.021,-0.008],"_shiftlockState":false,"_pose":"Running","_animationQueue":[],"_animationSpeed":1.103,"_zoom":20.656},{"_mousePosition":[632,279],"_rootPartCFrame":[758.801,222.542,47.009,-0.035,0,0.999,0,1,0,-0.999,0,-0.035],"_humanoidState":8,"_cameraCFrame":[765.851,243.45,46.884,-0.018,-0.94,0.341,0,0.341,0.94,-1,0.017,-0.006],"_shiftlockState":false,"_pose":"Running","_animationQueue":[],"_animationSpeed":1.103,"_zoom":20.656},{"_mousePosition":[632,279],"_rootPartCFrame":[758.534,222.541,47.015,-0.034,0,0.999,0,1,0,-0.999,0,-0.034],"_humanoidState":8,"_cameraCFrame":[765.51,243.479,46.927,-0.013,-0.941,0.338,0,0.338,0.941,-1,0.012,-0.004],"_shiftlockState":false,"_pose":"Running","_animationQueue":[],"_animationSpeed":1.103,"_zoom":20.656},{"_mousePosition":[632,279],"_rootPartCFrame":[758.268,222.545,47.02,-0.032,0,1,0,1,0,-1,0,-0.032],"_humanoidState":8,"_cameraCFrame":[765.169,243.511,46.968,-0.008,-0.942,0.334,0,0.334,0.943,-1,0.007,-0.003],"_shiftlockState":false,"_pose":"Running","_animationQueue":[],"_animationSpeed":1.103,"_zoom":20.656},{"_mousePosition":[632,279],"_rootPartCFrame":[758.001,222.547,47.023,-0.029,0,1,0,1,0,-1,0,-0.029],"_humanoidState":8,"_cameraCFrame":[764.827,243.541,47.024,0,-0.944,0.33,0,0.33,0.944,-1,0,0],"_shiftlockState":false,"_pose":"Running","_animationQueue":[],"_animationSpeed":1.103,"_zoom":20.656},{"_mousePosition":[632,279],"_rootPartCFrame":[757.734,222.549,47.026,-0.026,0,1,0,1,0,-1,0,-0.026],"_humanoidState":8,"_cameraCFrame":[764.408,243.596,47.094,0.01,-0.946,0.323,0,0.323,0.946,-1,-0.01,0.003],"_shiftlockState":false,"_pose":"Running","_animationQueue":[["walk",0.1]],"_animationSpeed":1.103,"_zoom":20.656},{"_mousePosition":[632,279],"_rootPartCFrame":[757.468,222.549,47.026,-0.023,0,1,0,1,0,-1,0,-0.023],"_humanoidState":8,"_cameraCFrame":[764.065,243.623,47.126,0.015,-0.948,0.319,0,0.319,0.948,-1,-0.014,0.005],"_shiftlockState":false,"_pose":"Running","_animationQueue":[],"_animationSpeed":1.103,"_zoom":20.656},{"_mousePosition":[632,279],"_rootPartCFrame":[757.201,222.55,47.023,-0.018,0,1,0,1,0,-1,0,-0.018],"_humanoidState":8,"_cameraCFrame":[763.721,243.649,47.156,0.02,-0.949,0.316,0,0.316,0.949,-1,-0.019,0.006],"_shiftlockState":false,"_pose":"Running","_animationQueue":[],"_animationSpeed":1.103,"_zoom":20.656},{"_mousePosition":[632,279],"_rootPartCFrame":[756.935,222.543,47.019,-0.014,0,1,0,1,0,-1,0,-0.014],"_humanoidState":8,"_cameraCFrame":[763.34,243.68,47.166,0.023,-0.95,0.31,0,0.31,0.951,-1,-0.022,0.007],"_shiftlockState":false,"_pose":"Running","_animationQueue":[],"_animationSpeed":1.103,"_zoom":20.656},{"_mousePosition":[632,279],"_rootPartCFrame":[756.535,222.544,47.011,-0.007,0,1,0,1,0,-1,0,-0.007],"_humanoidState":8,"_cameraCFrame":[762.863,243.706,47.156,0.023,-0.952,0.306,0,0.306,0.952,-1,-0.022,0.007],"_shiftlockState":false,"_pose":"Running","_animationQueue":[],"_animationSpeed":1.103,"_zoom":20.656},{"_mousePosition":[632,279],"_rootPartCFrame":[756.401,222.545,47.008,-0.005,0,1,0,1,0,-1,0,-0.005],"_humanoidState":8,"_cameraCFrame":[762.615,243.744,47.15,0.023,-0.953,0.301,0,0.301,0.954,-1,-0.022,0.007],"_shiftlockState":false,"_pose":"Running","_animationQueue":[],"_animationSpeed":1.103,"_zoom":20.656},{"_mousePosition":[632,279],"_rootPartCFrame":[756.001,222.548,46.999,0.001,0,1,0,1,0,-1,0,0.001],"_humanoidState":8,"_cameraCFrame":[762.138,243.771,47.139,0.023,-0.955,0.297,0,0.297,0.955,-1,-0.022,0.007],"_shiftlockState":false,"_pose":"Running","_animationQueue":[["walk",0.1]],"_animationSpeed":1.103,"_zoom":20.656},{"_mousePosition":[632,279],"_rootPartCFrame":[755.735,222.548,46.993,0.004,0,1,0,1,0,-1,0,0.004],"_humanoidState":8,"_cameraCFrame":[761.833,243.783,47.132,0.023,-0.955,0.295,0,0.295,0.955,-1,-0.022,0.007],"_shiftlockState":false,"_pose":"Running","_animationQueue":[],"_animationSpeed":1.103,"_zoom":20.656},{"_mousePosition":[632,279],"_rootPartCFrame":[755.602,222.548,46.99,0.005,0,1,0,1,0,-1,0,0.005],"_humanoidState":8,"_cameraCFrame":[761.662,243.795,47.128,0.023,-0.956,0.293,0,0.293,0.956,-1,-0.022,0.007],"_shiftlockState":false,"_pose":"Running","_animationQueue":[],"_animationSpeed":1.103,"_zoom":20.656},{"_mousePosition":[632,279],"_rootPartCFrame":[755.202,222.54,46.981,0.009,0,1,0,1,0,-1,0,0.009],"_humanoidState":8,"_cameraCFrame":[761.223,243.799,47.118,0.023,-0.956,0.292,0,0.292,0.957,-1,-0.022,0.007],"_shiftlockState":false,"_pose":"Running","_animationQueue":[],"_animationSpeed":1.103,"_zoom":20.656},{"_mousePosition":[632,279],"_rootPartCFrame":[754.935,222.543,46.975,0.01,0,1,0,1,0,-1,0,0.01],"_humanoidState":8,"_cameraCFrame":[760.918,243.813,47.111,0.023,-0.957,0.29,0,0.29,0.957,-1,-0.022,0.007],"_shiftlockState":false,"_pose":"Running","_animationQueue":[],"_animationSpeed":1.103,"_zoom":20.656},{"_mousePosition":[632,279],"_rootPartCFrame":[754.802,222.544,46.972,0.011,0,1,0,1,0,-1,0,0.011],"_humanoidState":8,"_cameraCFrame":[760.708,243.837,47.107,0.023,-0.958,0.286,0,0.286,0.958,-1,-0.022,0.007],"_shiftlockState":false,"_pose":"Running","_animationQueue":[],"_animationSpeed":1.103,"_zoom":20.656},{"_mousePosition":[632,279],"_rootPartCFrame":[754.535,222.545,46.966,0.013,0,1,0,1,0,-1,0,0.013],"_humanoidState":8,"_cameraCFrame":[760.325,243.873,47.098,0.023,-0.96,0.28,0,0.28,0.96,-1,-0.022,0.006],"_shiftlockState":false,"_pose":"Running","_animationQueue":[],"_animationSpeed":1.103,"_zoom":20.656},{"_mousePosition":[632,279],"_rootPartCFrame":[754.268,222.546,46.96,0.014,0,1,0,1,0,-1,0,0.014],"_humanoidState":8,"_cameraCFrame":[759.982,243.896,47.076,0.02,-0.961,0.277,0,0.277,0.961,-1,-0.02,0.006],"_shiftlockState":false,"_pose":"Running","_animationQueue":[["walk",0.1]],"_animationSpeed":1.103,"_zoom":20.656},{"_mousePosition":[632,279],"_rootPartCFrame":[754.002,222.547,46.953,0.015,0,1,0,1,0,-1,0,0.015],"_humanoidState":8,"_cameraCFrame":[759.599,243.93,47.053,0.018,-0.962,0.271,0,0.271,0.963,-1,-0.017,0.005],"_shiftlockState":false,"_pose":"Running","_animationQueue":[],"_animationSpeed":1.103,"_zoom":20.656},{"_mousePosition":[632,279],"_rootPartCFrame":[753.735,222.54,46.948,0.016,0,1,0,1,0,-1,0,0.016],"_humanoidState":8,"_cameraCFrame":[759.217,243.955,47.032,0.015,-0.964,0.265,0,0.265,0.964,-1,-0.015,0.004],"_shiftlockState":false,"_pose":"Running","_animationQueue":[],"_animationSpeed":1.103,"_zoom":20.656},{"_mousePosition":[632,279],"_rootPartCFrame":[753.469,222.54,46.943,0.016,0,1,0,1,0,-1,0,0.016],"_humanoidState":8,"_cameraCFrame":[758.834,243.987,46.998,0.01,-0.966,0.26,0,0.26,0.966,-1,-0.01,0.003],"_shiftlockState":false,"_pose":"Running","_animationQueue":[],"_animationSpeed":1.103,"_zoom":20.656},{"_mousePosition":[632,279],"_rootPartCFrame":[753.202,222.542,46.939,0.016,0,1,0,1,0,-1,0,0.016],"_humanoidState":8,"_cameraCFrame":[758.451,244.021,46.979,0.008,-0.967,0.254,0,0.254,0.967,-1,-0.007,0.002],"_shiftlockState":false,"_pose":"Running","_animationQueue":[],"_animationSpeed":1.103,"_zoom":20.656},{"_mousePosition":[632,279],"_rootPartCFrame":[752.935,222.544,46.936,0.016,0,1,0,1,0,-1,0,0.016],"_humanoidState":8,"_cameraCFrame":[758.067,244.053,46.95,0.003,-0.969,0.248,0,0.248,0.969,-1,-0.003,0.001],"_shiftlockState":false,"_pose":"Running","_animationQueue":[],"_animationSpeed":1.103,"_zoom":20.656},{"_mousePosition":[632,279],"_rootPartCFrame":[752.669,222.545,46.934,0.014,0,1,0,1,0,-1,0,0.014],"_humanoidState":8,"_cameraCFrame":[757.684,244.083,46.922,-0.002,-0.97,0.243,0,0.243,0.97,-1,0.002,-0.001],"_shiftlockState":false,"_pose":"Running","_animationQueue":[],"_animationSpeed":1.103,"_zoom":20.656},{"_mousePosition":[632,279],"_rootPartCFrame":[752.402,222.545,46.933,0.013,0,1,0,1,0,-1,0,0.013],"_humanoidState":8,"_cameraCFrame":[757.26,244.122,46.884,-0.01,-0.972,0.235,0,0.235,0.972,-1,0.01,-0.002],"_shiftlockState":false,"_pose":"Running","_animationQueue":[["walk",0.1]],"_animationSpeed":1.103,"_zoom":20.656},{"_mousePosition":[632,279],"_rootPartCFrame":[752.135,222.545,46.934,0.011,0,1,0,1,0,-1,0,0.011],"_humanoidState":8,"_cameraCFrame":[756.876,244.15,46.862,-0.015,-0.973,0.229,0,0.23,0.973,-1,0.015,-0.003],"_shiftlockState":false,"_pose":"Running","_animationQueue":[],"_animationSpeed":1.103,"_zoom":20.656},{"_mousePosition":[632,279],"_rootPartCFrame":[751.869,222.538,46.936,0.008,0,1,0,1,0,-1,0,0.008],"_humanoidState":8,"_cameraCFrame":[756.452,244.179,46.832,-0.023,-0.975,0.222,0,0.222,0.975,-1,0.022,-0.005],"_shiftlockState":false,"_pose":"Running","_animationQueue":[],"_animationSpeed":1.103,"_zoom":20.656},{"_mousePosition":[632,279],"_rootPartCFrame":[751.602,222.54,46.94,0.005,0,1,0,1,0,-1,0,0.005],"_humanoidState":8,"_cameraCFrame":[756.067,244.207,46.816,-0.028,-0.976,0.216,0,0.216,0.976,-1,0.027,-0.006],"_shiftlockState":false,"_pose":"Running","_animationQueue":[],"_animationSpeed":1.103,"_zoom":20.656},{"_mousePosition":[632,279],"_rootPartCFrame":[751.336,222.542,46.946,0.001,0,1,0,1,0,-1,0,0.001],"_humanoidState":8,"_cameraCFrame":[755.681,244.235,46.792,-0.035,-0.977,0.21,0,0.211,0.978,-0.999,0.035,-0.007],"_shiftlockState":false,"_pose":"Running","_animationQueue":[],"_animationSpeed":1.103,"_zoom":20.656},{"_mousePosition":[632,279],"_rootPartCFrame":[751.069,222.543,46.953,-0.002,0,1,0,1,0,-1,0,-0.002],"_humanoidState":8,"_cameraCFrame":[755.336,244.254,46.792,-0.038,-0.978,0.207,0,0.207,0.978,-0.999,0.037,-0.008],"_shiftlockState":false,"_pose":"Running","_animationQueue":[],"_animationSpeed":1.103,"_zoom":20.656},{"_mousePosition":[632,279],"_rootPartCFrame":[750.803,222.544,46.963,-0.007,0,1,0,1,0,-1,0,-0.007],"_humanoidState":8,"_cameraCFrame":[755.029,244.263,46.792,-0.04,-0.978,0.205,0,0.205,0.979,-0.999,0.04,-0.008],"_shiftlockState":false,"_pose":"Running","_animationQueue":[["walk",0.1]],"_animationSpeed":1.103,"_zoom":20.656},{"_mousePosition":[632,279],"_rootPartCFrame":[750.536,222.544,46.973,-0.011,0,1,0,1,0,-1,0,-0.011],"_humanoidState":8,"_cameraCFrame":[754.723,244.271,46.803,-0.04,-0.978,0.203,0,0.203,0.979,-0.999,0.04,-0.008],"_shiftlockState":false,"_pose":"Running","_animationQueue":[],"_animationSpeed":1.103,"_zoom":20.656},{"_mousePosition":[632,279],"_rootPartCFrame":[750.27,222.545,46.984,-0.015,0,1,0,1,0,-1,0,-0.015],"_humanoidState":8,"_cameraCFrame":[754.457,244.271,46.814,-0.04,-0.978,0.203,0,0.203,0.979,-0.999,0.04,-0.008],"_shiftlockState":false,"_pose":"Running","_animationQueue":[],"_animationSpeed":1.103,"_zoom":20.656},{"_mousePosition":[632,279],"_rootPartCFrame":[750.003,222.545,46.994,-0.018,0,1,0,1,0,-1,0,-0.018],"_humanoidState":8,"_cameraCFrame":[754.19,244.271,46.825,-0.04,-0.978,0.203,0,0.203,0.979,-0.999,0.04,-0.008],"_shiftlockState":false,"_pose":"Running","_animationQueue":[],"_animationSpeed":1.103,"_zoom":20.656},{"_mousePosition":[632,279],"_rootPartCFrame":[749.737,222.545,47.005,-0.021,0,1,0,1,0,-1,0,-0.021],"_humanoidState":8,"_cameraCFrame":[753.924,244.271,46.836,-0.04,-0.978,0.203,0,0.203,0.979,-0.999,0.04,-0.008],"_shiftlockState":false,"_pose":"Running","_animationQueue":[],"_animationSpeed":1.103,"_zoom":20.656},{"_mousePosition":[632,279],"_rootPartCFrame":[749.47,222.545,47.016,-0.024,0,1,0,1,0,-1,0,-0.024],"_humanoidState":8,"_cameraCFrame":[753.658,244.271,46.846,-0.04,-0.978,0.203,0,0.203,0.979,-0.999,0.04,-0.008],"_shiftlockState":false,"_pose":"Running","_animationQueue":[],"_animationSpeed":1.103,"_zoom":20.656},{"_mousePosition":[632,279],"_rootPartCFrame":[749.204,222.545,47.027,-0.026,0,1,0,1,0,-1,0,-0.026],"_humanoidState":8,"_cameraCFrame":[753.391,244.271,46.857,-0.04,-0.978,0.203,0,0.203,0.979,-0.999,0.04,-0.008],"_shiftlockState":false,"_pose":"Running","_animationQueue":[],"_animationSpeed":1.103,"_zoom":20.656},{"_mousePosition":[632,279],"_rootPartCFrame":[748.937,222.545,47.037,-0.028,0,1,0,1,0,-1,0,-0.028],"_humanoidState":8,"_cameraCFrame":[753.125,244.271,46.868,-0.04,-0.978,0.203,0,0.203,0.979,-0.999,0.04,-0.008],"_shiftlockState":false,"_pose":"Running","_animationQueue":[["walk",0.1]],"_animationSpeed":1.103,"_zoom":20.656},{"_mousePosition":[632,279],"_rootPartCFrame":[748.671,222.545,47.048,-0.03,0,1,0,1,0,-1,0,-0.03],"_humanoidState":8,"_cameraCFrame":[752.858,244.271,46.879,-0.04,-0.978,0.203,0,0.203,0.979,-0.999,0.04,-0.008],"_shiftlockState":false,"_pose":"Running","_animationQueue":[],"_animationSpeed":1.103,"_zoom":20.656},{"_mousePosition":[632,279],"_rootPartCFrame":[748.404,222.545,47.059,-0.031,0,1,0,1,0,-1,0,-0.031],"_humanoidState":8,"_cameraCFrame":[752.552,244.28,46.891,-0.04,-0.979,0.201,0,0.201,0.98,-0.999,0.04,-0.008],"_shiftlockState":false,"_pose":"Running","_animationQueue":[],"_animationSpeed":1.103,"_zoom":20.656},{"_mousePosition":[632,279],"_rootPartCFrame":[748.138,222.545,47.07,-0.032,0,0.999,0,1,0,-0.999,0,-0.032],"_humanoidState":8,"_cameraCFrame":[752.247,244.288,46.914,-0.038,-0.979,0.199,0,0.199,0.98,-0.999,0.037,-0.008],"_shiftlockState":false,"_pose":"Running","_animationQueue":[],"_animationSpeed":1.103,"_zoom":20.656},{"_mousePosition":[632,279],"_rootPartCFrame":[747.805,223.629,47.083,-0.034,0,0.999,0,1,0,-0.999,0,-0.034],"_humanoidState":3,"_cameraCFrame":[751.915,245.371,46.948,-0.033,-0.979,0.199,0,0.199,0.98,-0.999,0.032,-0.007],"_shiftlockState":false,"_pose":"Jumping","_animationQueue":[["walk",0.1],["jump",0.1]],"_animationSpeed":1,"_zoom":20.656},{"_mousePosition":[632,279],"_rootPartCFrame":[747.605,224.24,47.091,-0.035,0,0.999,0,1,0,-0.999,0,-0.035],"_humanoidState":5,"_cameraCFrame":[751.676,245.991,46.968,-0.03,-0.98,0.197,0,0.197,0.98,-1,0.03,-0.006],"_shiftlockState":false,"_pose":"FreeFall","_animationQueue":[["jump",0.1]],"_animationSpeed":1,"_zoom":20.656},{"_mousePosition":[632,279],"_rootPartCFrame":[747.338,225.007,47.1,-0.035,0,0.999,0,1,0,-0.999,0,-0.035],"_humanoidState":5,"_cameraCFrame":[751.41,246.758,46.997,-0.025,-0.98,0.197,0,0.197,0.98,-1,0.025,-0.005],"_shiftlockState":false,"_pose":"FreeFall","_animationQueue":[],"_animationSpeed":1,"_zoom":20.656},{"_mousePosition":[632,279],"_rootPartCFrame":[747.072,225.721,47.108,-0.034,0,0.999,0,1,0,-0.999,0,-0.034],"_humanoidState":5,"_cameraCFrame":[751.143,247.471,47.005,-0.025,-0.98,0.197,0,0.197,0.98,-1,0.025,-0.005],"_shiftlockState":false,"_pose":"FreeFall","_animationQueue":[],"_animationSpeed":1,"_zoom":20.656},{"_mousePosition":[632,279],"_rootPartCFrame":[746.805,226.379,47.115,-0.033,0,0.999,0,1,0,-0.999,0,-0.033],"_humanoidState":5,"_cameraCFrame":[750.876,248.13,47.012,-0.025,-0.98,0.197,0,0.197,0.98,-1,0.025,-0.005],"_shiftlockState":false,"_pose":"FreeFall","_animationQueue":[],"_animationSpeed":1,"_zoom":20.656},{"_mousePosition":[632,279],"_rootPartCFrame":[746.539,226.983,47.122,-0.032,0,0.999,0,1,0,-0.999,0,-0.032],"_humanoidState":5,"_cameraCFrame":[750.61,248.734,47.019,-0.025,-0.98,0.197,0,0.197,0.98,-1,0.025,-0.005],"_shiftlockState":false,"_pose":"FreeFall","_animationQueue":[],"_animationSpeed":1,"_zoom":20.656},{"_mousePosition":[632,279],"_rootPartCFrame":[746.205,227.661,47.13,-0.031,0,1,0,1,0,-1,0,-0.031],"_humanoidState":5,"_cameraCFrame":[750.277,249.412,47.027,-0.025,-0.98,0.197,0,0.197,0.98,-1,0.025,-0.005],"_shiftlockState":false,"_pose":"FreeFall","_animationQueue":[],"_animationSpeed":1,"_zoom":20.656},{"_mousePosition":[632,279],"_rootPartCFrame":[746.005,228.028,47.135,-0.03,0,1,0,1,0,-1,0,-0.03],"_humanoidState":5,"_cameraCFrame":[750.077,249.778,47.032,-0.025,-0.98,0.197,0,0.197,0.98,-1,0.025,-0.005],"_shiftlockState":false,"_pose":"FreeFall","_animationQueue":[],"_animationSpeed":1,"_zoom":20.656},{"_mousePosition":[632,279],"_rootPartCFrame":[745.672,228.57,47.144,-0.029,0,1,0,1,0,-1,0,-0.029],"_humanoidState":5,"_cameraCFrame":[749.743,250.321,47.041,-0.025,-0.98,0.197,0,0.197,0.98,-1,0.025,-0.005],"_shiftlockState":false,"_pose":"FreeFall","_animationQueue":[],"_animationSpeed":1,"_zoom":20.656},{"_mousePosition":[632,279],"_rootPartCFrame":[745.406,228.942,47.15,-0.029,0,1,0,1,0,-1,0,-0.029],"_humanoidState":5,"_cameraCFrame":[749.477,250.693,47.048,-0.025,-0.98,0.197,0,0.197,0.98,-1,0.025,-0.005],"_shiftlockState":false,"_pose":"FreeFall","_animationQueue":[],"_animationSpeed":1,"_zoom":20.656},{"_mousePosition":[632,279],"_rootPartCFrame":[745.139,229.26,47.157,-0.028,0,1,0,1,0,-1,0,-0.028],"_humanoidState":5,"_cameraCFrame":[749.171,251.019,47.055,-0.025,-0.98,0.195,0,0.195,0.981,-1,0.025,-0.005],"_shiftlockState":false,"_pose":"FreeFall","_animationQueue":[],"_animationSpeed":1,"_zoom":20.656},{"_mousePosition":[632,279],"_rootPartCFrame":[744.872,229.523,47.164,-0.028,0,1,0,1,0,-1,0,-0.028],"_humanoidState":5,"_cameraCFrame":[748.904,251.282,47.062,-0.025,-0.98,0.195,0,0.195,0.981,-1,0.025,-0.005],"_shiftlockState":false,"_pose":"FreeFall","_animationQueue":[],"_animationSpeed":1,"_zoom":20.656},{"_mousePosition":[632,279],"_rootPartCFrame":[744.606,229.732,47.17,-0.028,0,1,0,1,0,-1,0,-0.028],"_humanoidState":5,"_cameraCFrame":[748.638,251.491,47.069,-0.025,-0.98,0.195,0,0.195,0.981,-1,0.025,-0.005],"_shiftlockState":false,"_pose":"FreeFall","_animationQueue":[],"_animationSpeed":1,"_zoom":20.656},{"_mousePosition":[632,279],"_rootPartCFrame":[744.406,229.853,47.176,-0.027,0,1,0,1,0,-1,0,-0.027],"_humanoidState":5,"_cameraCFrame":[748.438,251.612,47.074,-0.025,-0.98,0.195,0,0.195,0.981,-1,0.025,-0.005],"_shiftlockState":false,"_pose":"FreeFall","_animationQueue":[],"_animationSpeed":1,"_zoom":20.656},{"_mousePosition":[632,279],"_rootPartCFrame":[744.139,229.967,47.182,-0.027,0,1,0,1,0,-1,0,-0.027],"_humanoidState":5,"_cameraCFrame":[748.171,251.725,47.091,-0.023,-0.981,0.195,0,0.195,0.981,-1,0.022,-0.004],"_shiftlockState":false,"_pose":"FreeFall","_animationQueue":[],"_animationSpeed":1,"_zoom":20.656},{"_mousePosition":[632,279],"_rootPartCFrame":[743.873,230.026,47.189,-0.027,0,1,0,1,0,-1,0,-0.027],"_humanoidState":5,"_cameraCFrame":[747.905,251.784,47.097,-0.023,-0.981,0.195,0,0.195,0.981,-1,0.022,-0.004],"_shiftlockState":false,"_pose":"FreeFall","_animationQueue":[["fall",0.3]],"_animationSpeed":1,"_zoom":20.656},{"_mousePosition":[632,279],"_rootPartCFrame":[743.606,230.03,47.195,-0.026,0,1,0,1,0,-1,0,-0.026],"_humanoidState":5,"_cameraCFrame":[747.638,251.789,47.104,-0.023,-0.981,0.195,0,0.195,0.981,-1,0.022,-0.004],"_shiftlockState":false,"_pose":"FreeFall","_animationQueue":[],"_animationSpeed":1,"_zoom":20.656},{"_mousePosition":[632,279],"_rootPartCFrame":[743.339,229.98,47.201,-0.026,0,1,0,1,0,-1,0,-0.026],"_humanoidState":5,"_cameraCFrame":[747.372,251.739,47.12,-0.02,-0.981,0.195,0,0.195,0.981,-1,0.02,-0.004],"_shiftlockState":false,"_pose":"FreeFall","_animationQueue":[],"_animationSpeed":1,"_zoom":20.656},{"_mousePosition":[632,279],"_rootPartCFrame":[743.073,229.876,47.207,-0.025,0,1,0,1,0,-1,0,-0.025],"_humanoidState":5,"_cameraCFrame":[747.105,251.635,47.126,-0.02,-0.981,0.195,0,0.195,0.981,-1,0.02,-0.004],"_shiftlockState":false,"_pose":"FreeFall","_animationQueue":[],"_animationSpeed":1,"_zoom":20.656},{"_mousePosition":[632,279],"_rootPartCFrame":[742.806,229.717,47.213,-0.025,0,1,0,1,0,-1,0,-0.025],"_humanoidState":5,"_cameraCFrame":[746.838,251.476,47.131,-0.02,-0.981,0.195,0,0.195,0.981,-1,0.02,-0.004],"_shiftlockState":false,"_pose":"FreeFall","_animationQueue":[],"_animationSpeed":1,"_zoom":20.656},{"_mousePosition":[632,279],"_rootPartCFrame":[742.54,229.503,47.218,-0.024,0,1,0,1,0,-1,0,-0.024],"_humanoidState":5,"_cameraCFrame":[746.572,251.262,47.137,-0.02,-0.981,0.195,0,0.195,0.981,-1,0.02,-0.004],"_shiftlockState":false,"_pose":"FreeFall","_animationQueue":[],"_animationSpeed":1,"_zoom":20.656},{"_mousePosition":[632,279],"_rootPartCFrame":[742.273,229.235,47.224,-0.024,0,1,0,1,0,-1,0,-0.024],"_humanoidState":5,"_cameraCFrame":[746.305,250.994,47.142,-0.02,-0.981,0.195,0,0.195,0.981,-1,0.02,-0.004],"_shiftlockState":false,"_pose":"