[{"_mousePosition":[579,331],"_rootPartCFrame":[776.028,222.7,47.142,0.002,0,1,0,1,0,-1,0,0.002],"_humanoidState":8,"_cameraCFrame":[776.636,240.003,43.998,-0.982,-0.186,0.038,0,0.199,0.98,-0.19,0.962,-0.195],"_shiftlockState":false,"_pose":"Standing","_animationQueue":[],"_animationSpeed":1,"_zoom":16.125},{"_mousePosition":[579,331],"_rootPartCFrame":[775.859,222.7,47.11,0.021,0,1,0,1,0,-1,0,0.021],"_humanoidState":8,"_cameraCFrame":[776.467,240.003,43.966,-0.982,-0.186,0.038,0,0.199,0.98,-0.19,0.962,-0.195],"_shiftlockState":false,"_pose":"Standing","_animationQueue":[],"_animationSpeed":1,"_zoom":16.125},{"_mousePosition":[579,331],"_rootPartCFrame":[775.338,222.7,47.009,0.066,0,0.998,0,1,0,-0.998,0,0.066],"_humanoidState":8,"_cameraCFrame":[775.946,240.003,43.865,-0.982,-0.186,0.038,0,0.199,0.98,-0.19,0.962,-0.195],"_shiftlockState":false,"_pose":"Running","_animationQueue":[["walk",0.1]],"_animationSpeed":1.003,"_zoom":16.125},{"_mousePosition":[579,331],"_rootPartCFrame":[775.076,222.7,46.958,0.083,0,0.997,0,1,0,-0.997,0,0.083],"_humanoidState":8,"_cameraCFrame":[775.7,240.003,43.817,-0.981,-0.191,0.039,0,0.199,0.98,-0.195,0.961,-0.195],"_shiftlockState":false,"_pose":"Running","_animationQueue":[["walk",0.1]],"_animationSpeed":1.103,"_zoom":16.125},{"_mousePosition":[579,331],"_rootPartCFrame":[774.814,222.7,46.908,0.098,0,0.995,0,1,0,-0.995,0,0.098],"_humanoidState":8,"_cameraCFrame":[775.438,240.003,43.767,-0.981,-0.191,0.039,0,0.199,0.98,-0.195,0.961,-0.195],"_shiftlockState":false,"_pose":"Running","_animationQueue":[],"_animationSpeed":1.103,"_zoom":16.125},{"_mousePosition":[579,331],"_rootPartCFrame":[774.683,222.7,46.882,0.104,0,0.995,0,1,0,-0.995,0,0.104],"_humanoidState":8,"_cameraCFrame":[775.323,240.003,43.744,-0.98,-0.196,0.04,0,0.199,0.98,-0.2,0.96,-0.195],"_shiftlockState":false,"_pose":"Running","_animationQueue":[],"_animationSpeed":1.103,"_zoom":16.125},{"_mousePosition":[579,331],"_rootPartCFrame":[774.422,222.7,46.83,0.117,0,0.993,0,1,0,-0.993,0,0.117],"_humanoidState":8,"_cameraCFrame":[775.071,240.009,43.725,-0.979,-0.201,0.04,0,0.197,0.98,-0.205,0.96,-0.193],"_shiftlockState":false,"_pose":"Running","_animationQueue":[],"_animationSpeed":1.103,"_zoom":16.125},{"_mousePosition":[579,331],"_rootPartCFrame":[774.16,222.7,46.777,0.128,0,0.992,0,1,0,-0.992,0,0.128],"_humanoidState":8,"_cameraCFrame":[774.827,240.016,43.707,-0.977,-0.208,0.041,0,0.195,0.981,-0.212,0.959,-0.19],"_shiftlockState":false,"_pose":"Running","_animationQueue":[],"_animationSpeed":1.103,"_zoom":16.125},{"_mousePosition":[579,331],"_rootPartCFrame":[773.899,222.7,46.722,0.138,0,0.99,0,1,0,-0.99,0,0.138],"_humanoidState":8,"_cameraCFrame":[774.583,240.028,43.72,-0.975,-0.218,0.042,0,0.191,0.982,-0.222,0.957,-0.186],"_shiftlockState":false,"_pose":"Running","_animationQueue":[],"_animationSpeed":1.103,"_zoom":16.125},{"_mousePosition":[579,331],"_rootPartCFrame":[773.769,222.7,46.694,0.143,0,0.99,0,1,0,-0.99,0,0.143],"_humanoidState":8,"_cameraCFrame":[774.469,240.04,43.759,-0.973,-0.228,0.043,0,0.187,0.982,-0.232,0.956,-0.182],"_shiftlockState":false,"_pose":"Running","_animationQueue":[["walk",0.1]],"_animationSpeed":1.103,"_zoom":16.125},{"_mousePosition":[579,331],"_rootPartCFrame":[773.379,222.7,46.605,0.159,0,0.987,0,1,0,-0.987,0,0.159],"_humanoidState":8,"_cameraCFrame":[774.115,240.057,43.775,-0.968,-0.247,0.046,0,0.181,0.983,-0.252,0.952,-0.176],"_shiftlockState":false,"_pose":"Running","_animationQueue":[],"_animationSpeed":1.103,"_zoom":16.125},{"_mousePosition":[579,331],"_rootPartCFrame":[773.119,222.7,46.544,0.169,0,0.986,0,1,0,-0.986,0,0.169],"_humanoidState":8,"_cameraCFrame":[773.861,240.068,43.778,-0.966,-0.255,0.046,0,0.178,0.984,-0.259,0.951,-0.171],"_shiftlockState":false,"_pose":"Running","_animationQueue":[],"_animationSpeed":1.103,"_zoom":16.125},{"_mousePosition":[579,331],"_rootPartCFrame":[772.861,222.7,46.477,0.18,0,0.984,0,1,0,-0.984,0,0.18],"_humanoidState":8,"_cameraCFrame":[773.601,240.074,43.743,-0.965,-0.257,0.046,0,0.176,0.984,-0.261,0.95,-0.17],"_shiftlockState":false,"_pose":"Running","_animationQueue":[],"_animationSpeed":1.103,"_zoom":16.125},{"_mousePosition":[579,331],"_rootPartCFrame":[772.603,222.7,46.408,0.191,0,0.982,0,1,0,-0.982,0,0.191],"_humanoidState":8,"_cameraCFrame":[773.344,240.074,43.675,-0.965,-0.257,0.046,0,0.176,0.984,-0.261,0.95,-0.17],"_shiftlockState":false,"_pose":"Running","_animationQueue":[],"_animationSpeed":1.103,"_zoom":16.125},{"_mousePosition":[579,331],"_rootPartCFrame":[772.475,222.7,46.373,0.195,0,0.981,0,1,0,-0.981,0,0.195],"_humanoidState":8,"_cameraCFrame":[773.214,240.079,43.671,-0.965,-0.26,0.046,0,0.174,0.985,-0.264,0.95,-0.168],"_shiftlockState":false,"_pose":"Running","_animationQueue":[],"_animationSpeed":1.103,"_zoom":16.125},{"_mousePosition":[579,331],"_rootPartCFrame":[772.217,222.7,46.304,0.204,0,0.979,0,1,0,-0.979,0,0.204],"_humanoidState":8,"_cameraCFrame":[772.956,240.079,43.603,-0.965,-0.26,0.046,0,0.174,0.985,-0.264,0.95,-0.167],"_shiftlockState":false,"_pose":"Running","_animationQueue":[],"_animationSpeed":1.103,"_zoom":16.125},{"_mousePosition":[579,331],"_rootPartCFrame":[771.96,222.7,46.233,0.212,0,0.977,0,1,0,-0.977,0,0.212],"_humanoidState":8,"_cameraCFrame":[772.699,240.079,43.532,-0.965,-0.26,0.046,0,0.174,0.985,-0.264,0.95,-0.167],"_shiftlockState":false,"_pose":"Running","_animationQueue":[["walk",0.1]],"_animationSpeed":1.103,"_zoom":16.125},{"_mousePosition":[579,331],"_rootPartCFrame":[771.703,222.7,46.163,0.219,0,0.976,0,1,0,-0.976,0,0.219],"_humanoidState":8,"_cameraCFrame":[772.442,240.079,43.462,-0.965,-0.26,0.046,0,0.174,0.985,-0.264,0.95,-0.167],"_shiftlockState":false,"_pose":"Running","_animationQueue":[],"_animationSpeed":1.103,"_zoom":16.125},{"_mousePosition":[579,331],"_rootPartCFrame":[771.446,222.7,46.093,0.225,0,0.974,0,1,0,-0.974,0,0.225],"_humanoidState":8,"_cameraCFrame":[772.184,240.079,43.392,-0.965,-0.26,0.046,0,0.174,0.985,-0.264,0.95,-0.167],"_shiftlockState":false,"_pose":"Running","_animationQueue":[],"_animationSpeed":1.103,"_zoom":16.125},{"_mousePosition":[579,331],"_rootPartCFrame":[771.188,222.7,46.022,0.231,0,0.973,0,1,0,-0.973,0,0.231],"_humanoidState":8,"_cameraCFrame":[771.907,240.079,43.316,-0.967,-0.253,0.045,0,0.174,0.985,-0.257,0.952,-0.168],"_shiftlockState":false,"_pose":"Running","_animationQueue":[],"_animationSpeed":1.103,"_zoom":16.125},{"_mousePosition":[579,331],"_rootPartCFrame":[770.931,222.7,45.952,0.235,0,0.972,0,1,0,-0.972,0,0.235],"_humanoidState":8,"_cameraCFrame":[771.622,240.079,43.238,-0.969,-0.243,0.043,0,0.174,0.985,-0.247,0.954,-0.168],"_shiftlockState":false,"_pose":"Running","_animationQueue":[],"_animationSpeed":1.103,"_zoom":16.125},{"_mousePosition":[579,331],"_rootPartCFrame":[770.674,222.7,45.883,0.238,0,0.971,0,1,0,-0.971,0,0.238],"_humanoidState":8,"_cameraCFrame":[771.309,240.079,43.156,-0.974,-0.224,0.039,0,0.174,0.985,-0.227,0.959,-0.169],"_shiftlockState":false,"_pose":"Running","_animationQueue":[],"_animationSpeed":1.103,"_zoom":16.125},{"_mousePosition":[579,331],"_rootPartCFrame":[770.415,222.7,45.817,0.239,0,0.971,0,1,0,-0.971,0,0.239],"_humanoidState":8,"_cameraCFrame":[769.307,240.079,42.707,-0.977,-0.211,0.037,0,0.174,0.985,-0.215,0.962,-0.17],"_shiftlockState":true,"_pose":"Running","_animationQueue":[],"_animationSpeed":1.103,"_zoom":16.125},{"_mousePosition":[683,384],"_rootPartCFrame":[770.156,222.7,45.756,-0.993,0,0.12,0,1,0,-0.12,0,-0.993],"_humanoidState":8,"_cameraCFrame":[769.048,240.079,42.646,-0.977,-0.211,0.037,0,0.174,0.985,-0.215,0.962,-0.17],"_shiftlockState":true,"_pose":"Running","_animationQueue":[["walk",0.1]],"_animationSpeed":1.103,"_zoom":16.125},{"_mousePosition":[683,384],"_rootPartCFrame":[769.896,223.563,45.696,-0.994,0,0.113,0,1,0,-0.113,0,-0.994],"_humanoidState":3,"_cameraCFrame":[768.772,240.942,42.591,-0.978,-0.207,0.036,0,0.174,0.985,-0.21,0.963,-0.17],"_shiftlockState":true,"_pose":"Jumping","_animationQueue":[["walk",0.1],["jump",0.1]],"_animationSpeed":1,"_zoom":16.125},{"_mousePosition":[683,384],"_rootPartCFrame":[769.635,224.371,45.638,-0.963,0,0.268,0,1,0,-0.268,0,-0.963],"_humanoidState":5,"_cameraCFrame":[768.504,241.751,42.536,-0.978,-0.204,0.036,0,0.174,0.985,-0.207,0.963,-0.17],"_shiftlockState":true,"_pose":"FreeFall","_animationQueue":[["jump",0.1]],"_animationSpeed":1,"_zoom":16.125},{"_mousePosition":[683,384],"_rootPartCFrame":[769.375,225.125,45.582,-0.945,0,0.327,0,1,0,-0.327,0,-0.945],"_humanoidState":5,"_cameraCFrame":[768.243,242.505,42.48,-0.978,-0.204,0.036,0,0.174,0.985,-0.207,0.963,-0.17],"_shiftlockState":true,"_pose":"FreeFall","_animationQueue":[],"_animationSpeed":1,"_zoom":16.125},{"_mousePosition":[683,384],"_rootPartCFrame":[769.114,225.824,45.526,-0.942,0,0.335,0,1,0,-0.335,0,-0.942],"_humanoidState":5,"_cameraCFrame":[767.982,243.204,42.424,-0.978,-0.204,0.036,0,0.174,0.985,-0.207,0.963,-0.17],"_shiftlockState":true,"_pose":"FreeFall","_animationQueue":[],"_animationSpeed":1,"_zoom":16.125},{"_mousePosition":[683,384],"_rootPartCFrame":[768.853,226.469,45.471,-0.942,0,0.335,0,1,0,-0.335,0,-0.942],"_humanoidState":5,"_cameraCFrame":[767.721,243.849,42.369,-0.978,-0.204,0.036,0,0.174,0.985,-0.207,0.963,-0.17],"_shiftlockState":true,"_pose":"FreeFall","_animationQueue":[],"_animationSpeed":1,"_zoom":16.125},{"_mousePosition":[683,384],"_rootPartCFrame":[768.657,226.917,45.43,-0.953,0,0.304,0,1,0,-0.304,0,-0.953],"_humanoidState":5,"_cameraCFrame":[767.526,244.297,42.328,-0.978,-0.204,0.036,0,0.174,0.985,-0.207,0.963,-0.17],"_shiftlockState":true,"_pose":"FreeFall","_animationQueue":[],"_animationSpeed":1,"_zoom":16.125},{"_mousePosition":[683,384],"_rootPartCFrame":[768.331,227.595,45.361,-0.93,0,0.367,0,1,0,-0.367,0,-0.93],"_humanoidState":5,"_cameraCFrame":[767.199,244.975,42.259,-0.978,-0.204,0.036,0,0.174,0.985,-0.207,0.963,-0.17],"_shiftlockState":true,"_pose":"FreeFall","_animationQueue":[],"_animationSpeed":1,"_zoom":16.125},{"_mousePosition":[683,384],"_rootPartCFrame":[768.07,228.077,45.305,-0.942,0,0.335,0,1,0,-0.335,0,-0.942],"_humanoidState":5,"_cameraCFrame":[766.938,245.457,42.203,-0.978,-0.204,0.036,0,0.174,0.985,-0.207,0.963,-0.17],"_shiftlockState":true,"_pose":"FreeFall","_animationQueue":[],"_animationSpeed":1,"_zoom":16.125},{"_mousePosition":[683,384],"_rootPartCFrame":[767.809,228.504,45.25,-0.942,0,0.335,0,1,0,-0.335,0,-0.942],"_humanoidState":5,"_cameraCFrame":[766.677,245.884,42.148,-0.978,-0.204,0.036,0,0.174,0.985,-0.207,0.963,-0.17],"_shiftlockState":true,"_pose":"FreeFall","_animationQueue":[],"_animationSpeed":1,"_zoom":16.125},{"_mousePosition":[683,384],"_rootPartCFrame":[767.548,228.876,45.195,-0.942,0,0.335,0,1,0,-0.335,0,-0.942],"_humanoidState":5,"_cameraCFrame":[766.416,246.256,42.093,-0.978,-0.204,0.036,0,0.174,0.985,-0.207,0.963,-0.17],"_shiftlockState":true,"_pose":"FreeFall","_animationQueue":[],"_animationSpeed":1,"_zoom":16.125},{"_mousePosition":[683,384],"_rootPartCFrame":[767.287,229.194,45.139,-0.942,0,0.335,0,1,0,-0.335,0,-0.942],"_humanoidState":5,"_cameraCFrame":[766.155,246.574,42.038,-0.978,-0.204,0.036,0,0.174,0.985,-0.207,0.963,-0.17],"_shiftlockState":true,"_pose":"FreeFall","_animationQueue":[],"_animationSpeed":1,"_zoom":16.125},{"_mousePosition":[683,384],"_rootPartCFrame":[767.026,229.457,45.084,-0.942,0,0.335,0,1,0,-0.335,0,-0.942],"_humanoidState":5,"_cameraCFrame":[765.894,246.837,41.982,-0.978,-0.204,0.036,0,0.174,0.985,-0.207,0.963,-0.17],"_shiftlockState":true,"_pose":"FreeFall","_animationQueue":[],"_animationSpeed":1,"_zoom":16.125},{"_mousePosition":[683,384],"_rootPartCFrame":[766.765,229.666,45.029,-0.942,0,0.335,0,1,0,-0.335,0,-0.942],"_humanoidState":5,"_cameraCFrame":[765.633,247.046,41.927,-0.978,-0.204,0.036,0,0.174,0.985,-0.207,0.963,-0.17],"_shiftlockState":true,"_pose":"FreeFall","_animationQueue":[],"_animationSpeed":1,"_zoom":16.125},{"_mousePosition":[683,384],"_rootPartCFrame":[766.504,229.821,44.974,-0.942,0,0.335,0,1,0,-0.335,0,-0.942],"_humanoidState":5,"_cameraCFrame":[765.372,247.201,41.872,-0.978,-0.204,0.036,0,0.174,0.985,-0.207,0.963,-0.17],"_shiftlockState":true,"_pose":"FreeFall","_animationQueue":[],"_animationSpeed":1,"_zoom":16.125},{"_mousePosition":[683,384],"_rootPartCFrame":[766.308,229.901,44.932,-0.953,0,0.304,0,1,0,-0.304,0,-0.953],"_humanoidState":5,"_cameraCFrame":[765.177,247.281,41.83,-0.978,-0.204,0.036,0,0.174,0.985,-0.207,0.963,-0.17],"_shiftlockState":true,"_pose":"FreeFall","_animationQueue":[],"_animationSpeed":1,"_zoom":16.125},{"_mousePosition":[683,384],"_rootPartCFrame":[765.982,229.966,44.863,-0.93,0,0.367,0,1,0,-0.367,0,-0.93],"_humanoidState":5,"_cameraCFrame":[764.843,247.346,41.764,-0.979,-0.202,0.036,0,0.174,0.985,-0.205,0.964,-0.17],"_shiftlockState":true,"_pose":"FreeFall","_animationQueue":[],"_animationSpeed":1,"_zoom":16.125},{"_mousePosition":[683,384],"_rootPartCFrame":[765.721,229.957,44.808,-0.943,0,0.333,0,1,0,-0.333,0,-0.943],"_humanoidState":5,"_cameraCFrame":[764.582,247.337,41.709,-0.979,-0.202,0.036,0,0.174,0.985,-0.205,0.964,-0.17],"_shiftlockState":true,"_pose":"FreeFall","_animationQueue":[],"_animationSpeed":1,"_zoom":16.125},{"_mousePosition":[683,384],"_rootPartCFrame":[765.46,229.893,44.753,-0.943,0,0.333,0,1,0,-0.333,0,-0.943],"_humanoidState":5,"_cameraCFrame":[764.321,247.273,41.654,-0.979,-0.202,0.036,0,0.174,0.985,-0.205,0.964,-0.17],"_shiftlockState":true,"_pose":"FreeFall","_animationQueue":[],"_animationSpeed":1,"_zoom":16.125},{"_mousePosition":[683,384],"_rootPartCFrame":[765.199,229.775,44.699,-0.943,0,0.333,0,1,0,-0.333,0,-0.943],"_humanoidState":5,"_cameraCFrame":[764.044,247.155,41.605,-0.98,-0.197,0.035,0,0.174,0.985,-0.2,0.965,-0.17],"_shiftlockState":true,"_pose":"FreeFall","_animationQueue":[],"_animationSpeed":1,"_zoom":16.125},{"_mousePosition":[683,384],"_rootPartCFrame":[764.938,229.603,44.644,-0.945,0,0.328,0,1,0,-0.328,0,-0.945],"_humanoidState":5,"_cameraCFrame":[763.775,246.982,41.554,-0.98,-0.194,0.034,0,0.174,0.985,-0.197,0.965,-0.17],"_shiftlockState":true,"_pose":"FreeFall","_animationQueue":[["fall",0.3]],"_animationSpeed":1,"_zoom":16.125},{"_mousePosition":[683,384],"_rootPartCFrame":[764.742,229.437,44.604,-0.956,0,0.294,0,1,0,-0.294,0,-0.956],"_humanoidState":5,"_cameraCFrame":[763.571,246.817,41.516,-0.981,-0.192,0.034,0,0.174,0.985,-0.195,0.966,-0.17],"_shiftlockState":true,"_pose":"FreeFall","_animationQueue":[],"_animationSpeed":1,"_zoom":16.125},{"_mousePosition":[683,384],"_rootPartCFrame":[764.415,229.094,44.538,-0.935,0,0.355,0,1,0,-0.355,0,-0.935],"_humanoidState":5,"_cameraCFrame":[763.237,246.474,41.453,-0.981,-0.189,0.033,0,0.174,0.985,-0.192,0.966,-0.17],"_shiftlockState":true,"_pose":"FreeFall","_animationQueue":[],"_animationSpeed":1,"_zoom":16.125},{"_mousePosition":[683,384],"_rootPartCFrame":[764.154,228.758,44.486,-0.947,0,0.321,0,1,0,-0.321,0,-0.947],"_humanoidState":5,"_cameraCFrame":[762.967,246.138,41.404,-0.982,-0.187,0.033,0,0.174,0.985,-0.19,0.967,-0.17],"_shiftlockState":true,"_pose":"FreeFall","_animationQueue":[],"_animationSpeed":1,"_zoom":16.125},{"_mousePosition":[683,384],"_rootPartCFrame":[763.892,228.367,44.434,-0.948,0,0.319,0,1,0,-0.319,0,-0.948],"_humanoidState":5,"_cameraCFrame":[762.698,245.747,41.356,-0.982,-0.185,0.033,0,0.174,0.985,-0.187,0.967,-0.171],"_shiftlockState":true,"_pose":"FreeFall","_animationQueue":[],"_animationSpeed":1,"_zoom":16.125},{"_mousePosition":[683,384],"_rootPartCFrame":[763.63,227.922,44.384,-0.949,0,0.316,0,1,0,-0.316,0,-0.949],"_humanoidState":5,"_cameraCFrame":[762.436,245.302,41.305,-0.982,-0.185,0.033,0,0.174,0.985,-0.187,0.967,-0.171],"_shiftlockState":true,"_pose":"FreeFall","_animationQueue":[],"_animationSpeed":1,"_zoom":16.125},{"_mousePosition":[683,384],"_rootPartCFrame":[763.368,227.422,44.334,-0.949,0,0.316,0,1,0,-0.316,0,-0.949],"_humanoidState":5,"_cameraCFrame":[762.174,244.802,41.255,-0.982,-0.185,0.033,0,0.174,0.985,-0.187,0.967,-0.171],"_shiftlockState":true,"_pose":"FreeFall","_animationQueue":[["fall",0.3]],"_animationSpeed":1,"_zoom":16.125},{"_mousePosition":[683,384],"_rootPartCFrame":[763.107,226.868,44.284,-0.949,0,0.316,0,1,0,-0.316,0,-0.949],"_humanoidState":5,"_cameraCFrame":[761.912,244.248,41.205,-0.982,-0.185,0.033,0,0.174,0.985,-0.187,0.967,-0.171],"_shiftlockState":true,"_pose":"FreeFall","_animationQueue":[],"_animationSpeed":1,"_zoom":16.125},{"_mousePosition":[683,384],"_rootPartCFrame":[762.845,226.26,44.234,-0.949,0,0.316,0,1,0,-0.316,0,-0.949],"_humanoidState":5,"_cameraCFrame":[761.65,243.64,41.155,-0.982,-0.185,0.033,0,0.174,0.985,-0.187,0.967,-0.171],"_shiftlockState":true,"_pose":"FreeFall","_animationQueue":[],"_animationSpeed":1,"_zoom":16.125},{"_mousePosition":[683,384],"_rootPartCFrame":[762.583,225.597,44.184,-0.949,0,0.316,0,1,0,-0.316,0,-0.949],"_humanoidState":5,"_cameraCFrame":[761.451,242.976,41.082,-0.978,-0.204,0.036,0,0.174,0.985,-0.207,0.963,-0.17],"_shiftlockState":true,"_pose":"FreeFall","_animationQueue":[],"_animationSpeed":1,"_zoom":16.125},{"_mousePosition":[683,384],"_rootPartCFrame":[762.321,224.879,44.134,-0.942,0,0.335,0,1,0,-0.335,0,-0.942],"_humanoidState":5,"_cameraCFrame":[761.323,242.259,40.986,-0.968,-0.245,0.043,0,0.174,0.985,-0.249,0.954,-0.168],"_shiftlockState":true,"_pose":"FreeFall","_animationQueue":[],"_animationSpeed":1,"_zoom":16.125},{"_mousePosition":[683,384],"_rootPartCFrame":[762.06,224.107,44.079,-0.927,0,0.376,0,1,0,-0.376,0,-0.927],"_humanoidState":5,"_cameraCFrame":[761.239,241.487,40.881,-0.953,-0.298,0.053,0,0.174,0.985,-0.303,0.939,-0.166],"_shiftlockState":true,"_pose":"FreeFall","_animationQueue":[],"_animationSpeed":1,"_zoom":16.125},{"_mousePosition":[683,384],"_rootPartCFrame":[761.801,223.28,44.014,-0.904,0,0.427,0,1,0,-0.427,0,-0.904],"_humanoidState":5,"_cameraCFrame":[761.16,240.66,40.775,-0.935,-0.35,0.062,0,0.174,0.985,-0.355,0.921,-0.162],"_shiftlockState":true,"_pose":"FreeFall","_animationQueue":[["fall",0.3]],"_animationSpeed":1,"_zoom":16.125},{"_mousePosition":[683,384],"_rootPartCFrame":[761.546,222.51,43.936,-0.919,0,0.393,0,1,0,-0.393,0,-0.919],"_humanoidState":7,"_cameraCFrame":[761.07,239.89,40.668,-0.916,-0.396,0.07,0,0.174,0.985,-0.402,0.902,-0.159],"_shiftlockState":true,"_pose":"FreeFall","_animationQueue":[["walk",0.1],["fall",0.3],["fall",0.3]],"_animationSpeed":1,"_zoom":16.125},{"_mousePosition":[683,384],"_rootPartCFrame":[761.296,222.472,43.843,-0.914,0,0.406,0,1,0,-0.406,0,-0.914],"_humanoidState":7,"_cameraCFrame":[760.911,239.852,40.564,-0.904,-0.421,0.074,0,0.174,0.985,-0.427,0.89,-0.157],"_shiftlockState":true,"_pose":"FreeFall","_animationQueue":[],"_animationSpeed":1,"_zoom":16.125},{"_mousePosition":[683,384],"_rootPartCFrame":[761.051,222.569,43.738,-0.904,0,0.428,0,1,0,-0.428,0,-0.904],"_humanoidState":8,"_cameraCFrame":[760.674,239.949,40.457,-0.903,-0.423,0.075,0,0.174,0.985,-0.43,0.889,-0.157],"_shiftlockState":true,"_pose":"Running","_animationQueue":[["walk",0.1],["fall",0.3],["walk",0.1]],"_animationSpeed":1.103,"_zoom":16.125},{"_mousePosition":[683,384],"_rootPartCFrame":[760.75,222.653,43.596,-0.903,0,0.43,0,1,0,-0.43,0,-0.903],"_humanoidState":8,"_cameraCFrame":[760.314,240.033,40.323,-0.91,-0.407,0.072,0,0.174,0.985,-0.414,0.897,-0.158],"_shiftlockState":true,"_pose":"Running","_animationQueue":[],"_animationSpeed":1.103,"_zoom":16.125},{"_mousePosition":[683,384],"_rootPartCFrame":[760.569,222.681,43.51,-0.91,0,0.414,0,1,0,-0.414,0,-0.91],"_humanoidState":8,"_cameraCFrame":[760.01,240.061,40.256,-0.925,-0.373,0.066,0,0.174,0.985,-0.379,0.911,-0.161],"_shiftlockState":true,"_pose":"Running","_animationQueue":[],"_animationSpeed":1.103,"_zoom":16.125},{"_mousePosition":[683,384],"_rootPartCFrame":[760.328,223.554,43.396,-0.925,0,0.379,0,1,0,-0.379,0,-0.925],"_humanoidState":3,"_cameraCFrame":[759.622,240.934,40.17,-0.942,-0.331,0.058,0,0.174,0.985,-0.336,0.927,-0.164],"_shiftlockState":true,"_pose":"Jumping","_animationQueue":[["walk",0.1],["jump",0.1]],"_animationSpeed":1,"_zoom":16.125},{"_mousePosition":[683,384],"_rootPartCFrame":[760.082,224.376,43.293,-0.907,0,0.421,0,1,0,-0.421,0,-0.907],"_humanoidState":5,"_cameraCFrame":[759.205,241.756,40.11,-0.958,-0.281,0.05,0,0.174,0.985,-0.286,0.944,-0.166],"_shiftlockState":true,"_pose":"FreeFall","_animationQueue":[["jump",0.1]],"_animationSpeed":1,"_zoom":16.125},{"_mousePosition":[683,384],"_rootPartCFrame":[759.832,225.144,43.202,-0.914,0,0.406,0,1,0,-0.406,0,-0.914],"_humanoidState":5,"_cameraCFrame":[758.779,242.523,40.072,-0.973,-0.228,0.04,0,0.174,0.985,-0.232,0.958,-0.169],"_shiftlockState":true,"_pose":"FreeFall","_animationQueue":[],"_animationSpeed":1,"_zoom":16.125},{"_mousePosition":[683,384],"_rootPartCFrame":[759.577,225.857,43.123,-0.933,0,0.359,0,1,0,-0.359,0,-0.933],"_humanoidState":5,"_cameraCFrame":[758.359,243.236,40.054,-0.984,-0.177,0.031,0,0.174,0.985,-0.18,0.969,-0.171],"_shiftlockState":true,"_pose":"FreeFall","_animationQueue":[],"_animationSpeed":1,"_zoom":16.125},{"_mousePosition":[683,384],"_rootPartCFrame":[759.383,226.356,43.075,-0.961,0,0.277,0,1,0,-0.277,0,-0.961],"_humanoidState":5,"_cameraCFrame":[758.019,243.735,40.068,-0.991,-0.13,0.023,0,0.174,0.985,-0.132,0.976,-0.172],"_shiftlockState":true,"_pose":"FreeFall","_animationQueue":[],"_animationSpeed":1,"_zoom":16.125},{"_mousePosition":[683,384],"_rootPartCFrame":[759.056,227.119,43.013,-0.956,0,0.295,0,1,0,-0.295,0,-0.956],"_humanoidState":5,"_cameraCFrame":[757.571,244.499,40.063,-0.996,-0.091,0.016,0,0.174,0.985,-0.092,0.981,-0.173],"_shiftlockState":true,"_pose":"FreeFall","_animationQueue":[],"_animationSpeed":1,"_zoom":16.125},{"_mousePosition":[683,384],"_rootPartCFrame":[758.792,227.669,42.975,-0.975,0,0.224,0,1,0,-0.224,0,-0.975],"_humanoidState":5,"_cameraCFrame":[757.189,245.048,40.088,-0.999,-0.051,0.009,0,0.174,0.985,-0.052,0.983,-0.173],"_shiftlockState":true,"_pose":"FreeFall","_animationQueue":[],"_animationSpeed":1,"_zoom":16.125},{"_mousePosition":[683,384],"_rootPartCFrame":[758.526,228.164,42.949,-0.983,0,0.184,0,1,0,-0.184,0,-0.983],"_humanoidState":5,"_cameraCFrame":[756.823,245.543,40.121,-1,-0.016,0.003,0,0.174,0.985,-0.016,0.985,-0.174],"_shiftlockState":true,"_pose":"FreeFall","_animationQueue":[],"_animationSpeed":1,"_zoom":16.125},{"_mousePosition":[683,384],"_rootPartCFrame":[758.26,228.604,42.934,-0.989,0,0.149,0,1,0,-0.149,0,-0.989],"_humanoidState":5,"_cameraCFrame":[756.471,245.984,40.158,-1,0.014,-0.002,0,0.174,0.985,0.014,0.985,-0.174],"_shiftlockState":true,"_pose":"FreeFall","_animationQueue":[],"_animationSpeed":1,"_zoom":16.125},{"_mousePosition":[683,384],"_rootPartCFrame":[757.993,228.99,42.928,-0.993,0,0.119,0,1,0,-0.119,0,-0.993],"_humanoidState":5,"_cameraCFrame":[756.121,246.37,40.208,-0.999,0.044,-0.008,0,0.174,0.985,0.044,0.984,-0.173],"_shiftlockState":true,"_pose":"FreeFall","_animationQueue":[],"_animationSpeed":1,"_zoom":16.125},{"_mousePosition":[683,384],"_rootPartCFrame":[757.727,229.322,42.931,-0.996,0,0.089,0,1,0,-0.089,0,-0.996],"_humanoidState":5,"_cameraCFrame":[755.739,246.702,40.294,-0.996,0.086,-0.015,0,0.174,0.985,0.087,0.981,-0.173],"_shiftlockState":true,"_pose":"FreeFall","_animationQueue":[],"_animationSpeed":1,"_zoom":16.125},{"_mousePosition":[683,384],"_rootPartCFrame":[757.46,229.599,42.941,-0.999,0,0.046,0,1,0,-0.046,0,-0.999],"_humanoidState":5,"_cameraCFrame":[755.4,246.979,40.361,-0.993,0.113,-0.02,0,0.174,0.985,0.115,0.978,-0.172],"_shiftlockState":true,"_pose":"FreeFall","_animationQueue":[],"_animationSpeed":1,"_zoom":16.125},{"_mousePosition":[683,384],"_rootPartCFrame":[757.195,229.821,42.963,-1,0,0.018,0,1,0,-0.018,0,-1],"_humanoidState":5,"_cameraCFrame":[755.07,247.201,40.435,-0.99,0.138,-0.024,0,0.174,0.985,0.14,0.975,-0.172],"_shiftlockState":true,"_pose":"FreeFall","_animationQueue":[],"_animationSpeed":1,"_zoom":16.125},{"_mousePosition":[683,384],"_rootPartCFrame":[756.93,229.989,42.992,-1,0,-0.007,0,1,0,0.007,0,-1],"_humanoidState":5,"_cameraCFrame":[754.742,247.369,40.519,-0.986,0.162,-0.029,0,0.174,0.985,0.165,0.971,-0.171],"_shiftlockState":true,"_pose":"FreeFall","_animationQueue":[],"_animationSpeed":1,"_zoom":16.125},{"_mousePosition":[683,384],"_rootPartCFrame":[756.665,230.103,43.029,-0.999,0,-0.032,0,1,0,0.032,0,-0.999],"_humanoidState":5,"_cameraCFrame":[754.422,247.483,40.606,-0.982,0.185,-0.033,0,0.174,0.985,0.187,0.967,-0.171],"_shiftlockState":true,"_pose":"FreeFall","_animationQueue":[],"_animationSpeed":1,"_zoom":16.125},{"_mousePosition":[683,384],"_rootPartCFrame":[756.402,230.162,43.072,-0.998,0,-0.055,0,1,0,0.055,0,-0.998],"_humanoidState":5,"_cameraCFrame":[754.116,247.542,40.689,-0.979,0.202,-0.036,0,0.174,0.985,0.205,0.964,-0.17],"_shiftlockState":true,"_pose":"FreeFall","_animationQueue":[],"_animationSpeed":1,"_zoom":16.125},{"_mousePosition":[683,384],"_rootPartCFrame":[756.14,230.166,43.121,-0.997,0,-0.073,0,1,0,0.073,0,-0.997],"_humanoidState":5,"_cameraCFrame":[753.818,247.546,40.773,-0.976,0.216,-0.038,0,0.174,0.985,0.22,0.961,-0.169],"_shiftlockState":true,"_pose":"FreeFall","_animationQueue":[],"_animationSpeed":1,"_zoom":16.125},{"_mousePosition":[683,384],"_rootPartCFrame":[755.879,230.116,43.174,-0.996,0,-0.088,0,1,0,0.088,0,-0.996],"_humanoidState":5,"_cameraCFrame":[753.521,247.496,40.863,-0.972,0.231,-0.041,0,0.174,0.985,0.234,0.957,-0.169],"_shiftlockState":true,"_pose":"FreeFall","_animationQueue":[],"_animationSpeed":1,"_zoom":16.125},{"_mousePosition":[683,384],"_rootPartCFrame":[755.619,230.012,43.232,-0.995,0,-0.103,0,1,0,0.103,0,-0.995],"_humanoidState":5,"_cameraCFrame":[753.232,247.392,40.951,-0.969,0.243,-0.043,0,0.174,0.985,0.247,0.954,-0.168],"_shiftlockState":true,"_pose":"FreeFall","_animationQueue":[],"_animationSpeed":1,"_zoom":16.125},{"_mousePosition":[683,384],"_rootPartCFrame":[755.359,229.853,43.294,-0.993,0,-0.116,0,1,0,0.116,0,-0.993],"_humanoidState":5,"_cameraCFrame":[752.944,247.233,41.043,-0.966,0.255,-0.045,0,0.174,0.985,0.259,0.951,-0.168],"_shiftlockState":true,"_pose":"FreeFall","_animationQueue":[],"_animationSpeed":1,"_zoom":16.125},{"_mousePosition":[683,384],"_rootPartCFrame":[755.101,229.639,43.36,-0.992,0,-0.128,0,1,0,0.128,0,-0.992],"_humanoidState":5,"_cameraCFrame":[752.635,247.019,41.164,-0.96,0.277,-0.049,0,0.174,0.985,0.281,0.945,-0.167],"_shiftlockState":true,"_pose":"FreeFall","_animationQueue":[["fall",0.3]],"_animationSpeed":1,"_zoom":16.125},{"_mousePosition":[683,384],"_rootPartCFrame":[754.843,229.371,43.428,-0.989,0,-0.151,0,1,0,0.151,0,-0.989],"_humanoidState":5,"_cameraCFrame":[752.333,246.751,41.283,-0.954,0.296,-0.052,0,0.174,0.985,0.3,0.939,-0.166],"_shiftlockState":true,"_pose":"FreeFall","_animationQueue":[],"_animationSpeed":1,"_zoom":16.125},{"_mousePosition":[683,384],"_rootPartCFrame":[754.587,229.049,43.502,-0.985,0,-0.171,0,1,0,0.171,0,-0.985],"_humanoidState":5,"_cameraCFrame":[752.034,246.429,41.408,-0.948,0.315,-0.055,0,0.174,0.985,0.319,0.933,-0.165],"_shiftlockState":true,"_pose":"FreeFall","_animationQueue":[],"_animationSpeed":1,"_zoom":16.125},{"_mousePosition":[683,384],"_rootPartCFrame":[754.332,228.672,43.582,-0.982,0,-0.191,0,1,0,0.191,0,-0.982],"_humanoidState":5,"_cameraCFrame":[751.737,246.052,41.539,-0.941,0.333,-0.059,0,0.174,0.985,0.339,0.927,-0.163],"_shiftlockState":true,"_pose":"FreeFall","_animationQueue":[],"_animationSpeed":1,"_zoom":16.125},{"_mousePosition":[683,384],"_rootPartCFrame":[754.079,228.241,43.666,-0.978,0,-0.211,0,1,0,0.211,0,-0.978],"_humanoidState":5,"_cameraCFrame":[751.434,245.62,41.69,-0.932,0.357,-0.063,0,0.174,0.985,0.362,0.918,-0.162],"_shiftlockState":true,"_pose":"FreeFall","_animationQueue":[],"_animationSpeed":1,"_zoom":16.125},{"_mousePosition":[683,384],"_rootPartCFrame":[753.828,227.755,43.756,-0.972,0,-0.235,0,1,0,0.235,0,-0.972],"_humanoidState":5,"_cameraCFrame":[751.143,245.134,41.834,-0.925,0.375,-0.066,0,0.174,0.985,0.381,0.91,-0.161],"_shiftlockState":true,"_pose":"FreeFall","_animationQueue":[],"_animationSpeed":1,"_zoom":16.125},{"_mousePosition":[683,384],"_rootPartCFrame":[753.579,227.214,43.851,-0.967,0,-0.255,0,1,0,0.255,0,-0.967],"_humanoidState":5,"_cameraCFrame":[750.88,244.594,41.95,-0.922,0.382,-0.067,0,0.174,0.985,0.388,0.908,-0.16],"_shiftlockState":true,"_pose":"FreeFall","_animationQueue":[],"_animationSpeed":1,"_zoom":16.125},{"_mousePosition":[683,384],"_rootPartCFrame":[753.332,226.619,43.952,-0.965,0,-0.262,0,1,0,0.262,0,-0.965],"_humanoidState":5,"_cameraCFrame":[750.633,243.999,42.051,-0.922,0.382,-0.067,0,0.174,0.985,0.388,0.908,-0.16],"_shiftlockState":true,"_pose":"FreeFall","_animationQueue":[["fall",0.3]],"_animationSpeed":1,"_zoom":16.125},{"_mousePosition":[683,384],"_rootPartCFrame":[753.086,225.97,44.055,-0.965,0,-0.262,0,1,0,0.262,0,-0.965],"_humanoidState":5,"_cameraCFrame":[750.387,243.349,42.154,-0.922,0.382,-0.067,0,0.174,0.985,0.388,0.908,-0.16],"_shiftlockState":true,"_pose":"FreeFall","_animationQueue":[],"_animationSpeed":1,"_zoom":16.125},{"_mousePosition":[683,384],"_rootPartCFrame":[752.841,225.266,44.159,-0.965,0,-0.262,0,1,0,0.262,0,-0.965],"_humanoidState":5,"_cameraCFrame":[750.151,242.645,42.244,-0.924,0.378,-0.067,0,0.174,0.985,0.383,0.91,-0.16],"_shiftlockState":true,"_pose":"FreeFall","_animationQueue":[],"_animationSpeed":1,"_zoom":16.125},{"_mousePosition":[683,384],"_rootPartCFrame":[752.595,224.507,44.262,-0.966,0,-0.257,0,1,0,0.257,0,-0.966],"_humanoidState":5,"_cameraCFrame":[749.929,241.887,42.313,-0.928,0.366,-0.065,0,0.174,0.985,0.372,0.914,-0.161],"_shiftlockState":true,"_pose":"FreeFall","_animationQueue":[],"_animationSpeed":1,"_zoom":16.125},{"_mousePosition":[683,384],"_rootPartCFrame":[752.349,223.694,44.365,-0.97,0,-0.245,0,1,0,0.245,0,-0.97],"_humanoidState":5,"_cameraCFrame":[749.718,241.074,42.369,-0.935,0.35,-0.062,0,0.174,0.985,0.355,0.921,-0.162],"_shiftlockState":true,"_pose":"FreeFall","_animationQueue":[],"_animationSpeed":1,"_zoom":16.125},{"_mousePosition":[683,384],"_rootPartCFrame":[752.101,222.827,44.464,-0.947,0,-0.321,0,1,0,0.321,0,-0.947],"_humanoidState":7,"_cameraCFrame":[749.512,240.206,42.416,-0.942,0.331,-0.058,0,0.174,0.985,0.336,0.927,-0.164],"_shiftlockState":true,"_pose":"FreeFall","_animationQueue":[["walk",0.1],["fall",0.3],["fall",0.3]],"_animationSpeed":1,"_zoom":16.125},{"_mousePosition":[683,384],"_rootPartCFrame":[751.852,222.425,44.56,-0.943,0,-0.334,0,1,0,0.334,0,-0.943],"_humanoidState":7,"_cameraCFrame":[749.315,239.804,42.446,-0.95,0.308,-0.054,0,0.174,0.985,0.312,0.936,-0.165],"_shiftlockState":true,"_pose":"FreeFall","_animationQueue":[],"_animationSpeed":1,"_zoom":16.125},{"_mousePosition":[683,384],"_rootPartCFrame":[751.476,222.563,44.695,-0.95,0,-0.312,0,1,0,0.312,0,-0.95],"_humanoidState":8,"_cameraCFrame":[748.949,239.943,42.569,-0.952,0.303,-0.053,0,0.174,0.985,0.307,0.937,-0.165],"_shiftlockState":true,"_pose":"Running","_animationQueue":[["fall",0.3],["walk",0.1],["fall",0.3],["walk",0.1]],"_animationSpeed":1.103,"_zoom":16.125},{"_mousePosition":[683,384],"_rootPartCFrame":[751.286,222.623,44.758,-0.952,0,-0.307,0,1,0,0.307,0,-0.952],"_humanoidState":8,"_cameraCFrame":[748.76,240.003,42.632,-0.952,0.303,-0.053,0,0.174,0.985,0.307,0.937,-0.165],"_shiftlockState":true,"_pose":"Running","_animationQueue":[],"_animationSpeed":1.103,"_zoom":16.125},{"_mousePosition":[683,384],"_rootPartCFrame":[750.969,222.68,44.861,-0.952,0,-0.307,0,1,0,0.307,0,-0.952],"_humanoidState":8,"_cameraCFrame":[748.443,240.059,42.735,-0.952,0.303,-0.053,0,0.174,0.985,0.307,0.937,-0.165],"_shiftlockState":true,"_pose":"Running","_animationQueue":[],"_animationSpeed":1.103,"_zoom":16.125},{"_mousePosition":[683,384],"_rootPartCFrame":[750.779,222.698,44.922,-0.952,0,-0.307,0,1,0,0.307,0,-0.952],"_humanoidState":8,"_cameraCFrame":[748.253,240.078,42.796,-0.952,0.303,-0.053,0,0.174,0.985,0.307,0.937,-0.165],"_shiftlockState":true,"_pose":"Running","_animationQueue":[],"_animationSpeed":1.103,"_zoom":16.125},{"_mousePosition":[683,384],"_rootPartCFrame":[750.525,222.713,45.004,-0.952,0,-0.307,0,1,0,0.307,0,-0.952],"_humanoidState":8,"_cameraCFrame":[747.999,240.093,42.878,-0.952,0.303,-0.053,0,0.174,0.985,0.307,0.937,-0.165],"_shiftlockState":true,"_pose":"Running","_animationQueue":[],"_animationSpeed":1.103,"_zoom":16.125},{"_mousePosition":[683,384],"_rootPartCFrame":[750.271,222.721,45.086,-0.952,0,-0.307,0,1,0,0.307,0,-0.952],"_humanoidState":8,"_cameraCFrame":[747.745,240.101,42.96,-0.952,0.303,-0.053,0,0.174,0.985,0.307,0.937,-0.165],"_shiftlockState":true,"_pose":"Running","_animationQueue":[],"_animationSpeed":1.103,"_zoom":16.125},{"_mousePosition":[683,384],"_rootPartCFrame":[750.018,222.725,45.168,-0.952,0,-0.307,0,1,0,0.307,0,-0.952],"_humanoidState":8,"_cameraCFrame":[747.492,240.105,43.042,-0.952,0.303,-0.053,0,0.174,0.985,0.307,0.937,-0.165],"_shiftlockState":true,"_pose":"Running","_animationQueue":[],"_animationSpeed":1.103,"_zoom":16.125},{"_mousePosition":[683,384],"_rootPartCFrame":[749.764,222.727,45.25,-0.952,0,-0.307,0,1,0,0.307,0,-0.952],"_humanoidState":8,"_cameraCFrame":[747.243,240.107,43.118,-0.952,0.3,-0.053,0,0.174,0.985,0.305,0.938,-0.165],"_shiftlockState":true,"_pose":"Running","_animationQueue":[["walk",0.1]],"_animationSpeed":1.103,"_zoom":16.125},{"_mousePosition":[683,384],"_rootPartCFrame":[749.51,222.729,45.332,-0.952,0,-0.305,0,1,0,0.305,0,-0.952],"_humanoidState":8,"_cameraCFrame":[746.99,240.109,43.2,-0.952,0.3,-0.053,0,0.174,0.985,0.305,0.938,-0.165],"_shiftlockState":true,"_pose":"Running","_animationQueue":[],"_animationSpeed":1.103,"_zoom":16.125},{"_mousePosition":[683,384],"_rootPartCFrame":[749.256,222.729,45.414,-0.952,0,-0.305,0,1,0,0.305,0,-0.952],"_humanoidState":8,"_cameraCFrame":[746.725,240.109,43.294,-0.951,0.305,-0.054,0,0.174,0.985,0.31,0.936,-0.165],"_shiftlockState":true,"_pose":"Running","_animationQueue":[],"_animationSpeed":1.103,"_zoom":16.125},{"_mousePosition":[683,384],"_rootPartCFrame":[749.003,222.696,45.495,-0.951,0,-0.31,0,1,0,0.31,0,-0.951],"_humanoidState":8,"_cameraCFrame":[746.455,240.076,43.395,-0.948,0.312,-0.055,0,0.174,0.985,0.317,0.934,-0.165],"_shiftlockState":true,"_pose":"Running","_animationQueue":[],"_animationSpeed":1.103,"_zoom":16.125},{"_mousePosition":[683,384],"_rootPartCFrame":[748.749,222.608,45.577,-0.948,0,-0.317,0,1,0,0.317,0,-0.948],"_humanoidState":8,"_cameraCFrame":[746.19,239.988,43.489,-0.947,0.317,-0.056,0,0.174,0.985,0.322,0.932,-0.164],"_shiftlockState":true,"_pose":"Running","_animationQueue":[],"_animationSpeed":1.103,"_zoom":16.125},{"_mousePosition":[683,384],"_rootPartCFrame":[748.495,223.481,45.658,-0.947,0,-0.322,0,1,0,0.322,0,-0.947],"_humanoidState":3,"_cameraCFrame":[745.926,240.861,43.583,-0.945,0.322,-0.057,0,0.174,0.985,0.327,0.931,-0.164],"_shiftlockState":true,"_pose":"Jumping","_animationQueue":[["walk",0.1],["jump",0.1]],"_animationSpeed":1,"_zoom":16.125},{"_mousePosition":[683,384],"_rootPartCFrame":[748.242,224.303,45.743,-0.971,0,-0.238,0,1,0,0.238,0,-0.971],"_humanoidState":5,"_cameraCFrame":[745.663,241.683,43.681,-0.943,0.326,-0.058,0,0.174,0.985,0.331,0.929,-0.164],"_shiftlockState":true,"_pose":"FreeFall","_animationQueue":[["jump",0.1]],"_animationSpeed":1,"_zoom":16.125},{"_mousePosition":[683,384],"_rootPartCFrame":[747.99,225.071,45.83,-0.978,0,-0.208,0,1,0,0.208,0,-0.978],"_humanoidState":5,"_cameraCFrame":[745.395,242.45,43.788,-0.941,0.333,-0.059,0,0.174,0.985,0.339,0.927,-0.163],"_shiftlockState":true,"_pose":"FreeFall","_animationQueue":[],"_animationSpeed":1,"_zoom":16.125},{"_mousePosition":[683,384],"_rootPartCFrame":[747.738,225.784,45.918,-0.977,0,-0.211,0,1,0,0.211,0,-0.977],"_humanoidState":5,"_cameraCFrame":[745.133,243.163,43.889,-0.939,0.338,-0.06,0,0.174,0.985,0.343,0.925,-0.163],"_shiftlockState":true,"_pose":"FreeFall","_animationQueue":[],"_animationSpeed":1,"_zoom":16.125},{"_mousePosition":[683,384],"_rootPartCFrame":[747.487,226.442,46.008,-0.976,0,-0.216,0,1,0,0.216,0,-0.976],"_humanoidState":5,"_cameraCFrame":[744.867,243.822,43.999,-0.937,0.345,-0.061,0,0.174,0.985,0.35,0.922,-0.163],"_shiftlockState":true,"_pose":"FreeFall","_animationQueue":[],"_animationSpeed":1,"_zoom":16.125},{"_mousePosition":[683,384],"_rootPartCFrame":[747.237,227.046,46.1,-0.975,0,-0.223,0,1,0,0.223,0,-0.975],"_humanoidState":5,"_cameraCFrame":[744.611,244.426,44.097,-0.936,0.347,-0.061,0,0.174,0.985,0.353,0.921,-0.162],"_shiftlockState":true,"_pose":"FreeFall","_animationQueue":[],"_animationSpeed":1,"_zoom":16.125},{"_mousePosition":[683,384],"_rootPartCFrame":[746.987,227.596,46.193,-0.974,0,-0.225,0,1,0,0.225,0,-0.974],"_humanoidState":5,"_cameraCFrame":[744.351,244.975,44.204,-0.934,0.352,-0.062,0,0.174,0.985,0.358,0.92,-0.162],"_shiftlockState":true,"_pose":"FreeFall","_animationQueue":[],"_animationSpeed":1,"_zoom":16.125},{"_mousePosition":[683,384],"_rootPartCFrame":[746.737,228.091,46.287,-0.973,0,-0.23,0,1,0,0.23,0,-0.973],"_humanoidState":5,"_cameraCFrame":[744.092,245.471,44.311,-0.932,0.357,-0.063,0,0.174,0.985,0.362,0.918,-0.162],"_shiftlockState":true,"_pose":"FreeFall","_animationQueue":[],"_animationSpeed":1,"_zoom":16.125},{"_mousePosition":[683,384],"_rootPartCFrame":[746.488,228.531,46.382,-0.972,0,-0.235,0,1,0,0.235,0,-0.972],"_humanoidState":5,"_cameraCFrame":[743.828,245.911,44.426,-0.929,0.364,-0.064,0,0.174,0.985,0.369,0.915,-0.161],"_shiftlockState":true,"_pose":"FreeFall","_animationQueue":[],"_animationSpeed":1,"_zoom":16.125},{"_mousePosition":[683,384],"_rootPartCFrame":[746.24,228.917,46.478,-0.97,0,-0.243,0,1,0,0.243,0,-0.97],"_humanoidState":5,"_cameraCFrame":[743.56,246.297,44.55,-0.925,0.373,-0.066,0,0.174,0.985,0.379,0.911,-0.161],"_shiftlockState":true,"_pose":"FreeFall","_animationQueue":[],"_animationSpeed":1,"_zoom":16.125},{"_mousePosition":[683,384],"_rootPartCFrame":[745.992,229.249,46.577,-0.968,0,-0.252,0,1,0,0.252,0,-0.968],"_humanoidState":5,"_cameraCFrame":[743.288,246.629,44.682,-0.921,0.385,-0.068,0,0.174,0.985,0.39,0.907,-0.16],"_shiftlockState":true,"_pose":"FreeFall","_animationQueue":[],"_animationSpeed":1,"_zoom":16.125},{"_mousePosition":[683,384],"_rootPartCFrame":[745.745,229.526,46.677,-0.964,0,-0.265,0,1,0,0.265,0,-0.964],"_humanoidState":5,"_cameraCFrame":[743.008,246.906,44.831,-0.914,0.401,-0.071,0,0.174,0.985,0.407,0.9,-0.159],"_shiftlockState":true,"_pose":"FreeFall","_animationQueue":[],"_animationSpeed":1,"_zoom":16.125},{"_mousePosition":[683,384],"_rootPartCFrame":[745.499,229.748,46.781,-0.96,0,-0.282,0,1,0,0.282,0,-0.96],"_humanoidState":5,"_cameraCFrame":[742.748,247.128,44.955,-0.91,0.407,-0.072,0,0.174,0.985,0.414,0.897,-0.158],"_shiftlockState":true,"_pose":"FreeFall","_animationQueue":[],"_animationSpeed":1,"_zoom":16.125},{"_mousePosition":[683,384],"_rootPartCFrame":[745.255,229.916,46.889,-0.957,0,-0.289,0,1,0,0.289,0,-0.957],"_humanoidState":5,"_cameraCFrame":[742.499,247.296,45.07,-0.909,0.41,-0.072,0,0.174,0.985,0.416,0.896,-0.158],"_shiftlockState":true,"_pose":"FreeFall","_animationQueue":[],"_animationSpeed":1,"_zoom":16.125},{"_mousePosition":[683,384],"_rootPartCFrame":[745.012,230.03,46.999,-0.957,0,-0.291,0,1,0,0.291,0,-0.957],"_humanoidState":5,"_cameraCFrame":[742.256,247.41,45.18,-0.909,0.41,-0.072,0,0.174,0.985,0.416,0.896,-0.158],"_shiftlockState":true,"_pose":"FreeFall","_animationQueue":[["fall",0.3]],"_animationSpeed":1,"_zoom":16.125},{"_mousePosition":[683,384],"_rootPartCFrame":[744.77,230.089,47.11,-0.957,0,-0.291,0,1,0,0.291,0,-0.957],"_humanoidState":5,"_cameraCFrame":[742.005,247.469,45.305,-0.907,0.414,-0.073,0,0.174,0.985,0.421,0.894,-0.158],"_shiftlockState":true,"_pose":"FreeFall","_animationQueue":[],"_animationSpeed":1,"_zoom":16.125},{"_mousePosition":[683,384],"_rootPartCFrame":[744.527,230.093,47.22,-0.955,0,-0.296,0,1,0,0.296,0,-0.955],"_humanoidState":5,"_cameraCFrame":[741.749,247.473,45.437,-0.904,0.421,-0.074,0,0.174,0.985,0.427,0.89,-0.157],"_shiftlockState":true,"_pose":"FreeFall","_animationQueue":[],"_animationSpeed":1,"_zoom":16.125},{"_mousePosition":[683,384],"_rootPar