[{"_mousePosition":[683,382],"_rootPartCFrame":[776.033,222.7,47.142,-0.001,0,1,0,1,0,-1,0,-0.001],"_humanoidState":8,"_cameraCFrame":[783.545,238.468,47.085,-0.008,-0.885,0.466,0,0.466,0.885,-1,0.007,-0.004],"_shiftlockState":false,"_pose":"Standing","_animationQueue":[],"_animationSpeed":1,"_zoom":16.125},{"_mousePosition":[683,382],"_rootPartCFrame":[775.861,222.695,47.142,-0.001,0,1,0,1,0,-1,0,-0.001],"_humanoidState":8,"_cameraCFrame":[783.261,238.521,47.03,-0.015,-0.888,0.459,0,0.459,0.888,-1,0.013,-0.007],"_shiftlockState":false,"_pose":"Standing","_animationQueue":[],"_animationSpeed":1,"_zoom":16.125},{"_mousePosition":[683,382],"_rootPartCFrame":[775.596,222.696,47.144,-0.002,0,1,0,1,0,-1,0,-0.002],"_humanoidState":8,"_cameraCFrame":[782.912,238.566,46.977,-0.023,-0.891,0.454,0,0.454,0.891,-1,0.02,-0.01],"_shiftlockState":false,"_pose":"Running","_animationQueue":[["walk",0.1]],"_animationSpeed":1.003,"_zoom":16.125},{"_mousePosition":[683,382],"_rootPartCFrame":[775.33,222.698,47.148,-0.003,0,1,0,1,0,-1,0,-0.003],"_humanoidState":8,"_cameraCFrame":[782.531,238.624,46.929,-0.03,-0.894,0.447,0,0.447,0.895,-1,0.027,-0.014],"_shiftlockState":false,"_pose":"Running","_animationQueue":[["walk",0.1]],"_animationSpeed":1.101,"_zoom":16.125},{"_mousePosition":[683,382],"_rootPartCFrame":[775.063,222.699,47.154,-0.006,0,1,0,1,0,-1,0,-0.006],"_humanoidState":8,"_cameraCFrame":[782.179,238.666,46.883,-0.038,-0.897,0.441,0,0.442,0.897,-0.999,0.034,-0.017],"_shiftlockState":false,"_pose":"Running","_animationQueue":[],"_animationSpeed":1.101,"_zoom":16.125},{"_mousePosition":[683,382],"_rootPartCFrame":[774.797,222.699,47.162,-0.009,0,1,0,1,0,-1,0,-0.009],"_humanoidState":8,"_cameraCFrame":[781.853,238.694,46.84,-0.046,-0.898,0.438,0,0.438,0.899,-0.999,0.041,-0.02],"_shiftlockState":false,"_pose":"Running","_animationQueue":[],"_animationSpeed":1.101,"_zoom":16.125},{"_mousePosition":[683,382],"_rootPartCFrame":[774.53,222.699,47.172,-0.013,0,1,0,1,0,-1,0,-0.013],"_humanoidState":8,"_cameraCFrame":[781.471,238.749,46.802,-0.053,-0.901,0.43,0,0.431,0.902,-0.999,0.048,-0.023],"_shiftlockState":false,"_pose":"Running","_animationQueue":[],"_animationSpeed":1.101,"_zoom":16.125},{"_mousePosition":[683,382],"_rootPartCFrame":[774.264,222.699,47.184,-0.017,0,1,0,1,0,-1,0,-0.017],"_humanoidState":8,"_cameraCFrame":[781.117,238.79,46.767,-0.061,-0.903,0.425,0,0.426,0.905,-0.998,0.055,-0.026],"_shiftlockState":false,"_pose":"Running","_animationQueue":[],"_animationSpeed":1.101,"_zoom":16.125},{"_mousePosition":[683,382],"_rootPartCFrame":[773.998,222.7,47.198,-0.022,0,1,0,1,0,-1,0,-0.022],"_humanoidState":8,"_cameraCFrame":[780.734,238.843,46.737,-0.068,-0.906,0.418,0,0.419,0.908,-0.998,0.062,-0.029],"_shiftlockState":false,"_pose":"Running","_animationQueue":[["walk",0.1]],"_animationSpeed":1.101,"_zoom":16.125},{"_mousePosition":[683,382],"_rootPartCFrame":[773.731,222.7,47.214,-0.027,0,1,0,1,0,-1,0,-0.027],"_humanoidState":8,"_cameraCFrame":[780.148,238.921,44.937,-0.081,-0.91,0.407,0,0.408,0.913,-0.997,0.074,-0.033],"_shiftlockState":true,"_pose":"Running","_animationQueue":[],"_animationSpeed":1.101,"_zoom":16.125},{"_mousePosition":[683,384],"_rootPartCFrame":[773.465,222.7,47.232,-0.081,0,0.997,0,1,0,-0.997,0,-0.081],"_humanoidState":8,"_cameraCFrame":[779.882,238.921,44.955,-0.081,-0.91,0.407,0,0.408,0.913,-0.997,0.074,-0.033],"_shiftlockState":true,"_pose":"Running","_animationQueue":[],"_animationSpeed":1.101,"_zoom":16.125},{"_mousePosition":[683,384],"_rootPartCFrame":[773.199,222.7,47.253,-0.081,0,0.997,0,1,0,-0.997,0,-0.081],"_humanoidState":8,"_cameraCFrame":[779.525,238.959,44.967,-0.083,-0.912,0.401,0,0.403,0.915,-0.997,0.076,-0.034],"_shiftlockState":true,"_pose":"Running","_animationQueue":[],"_animationSpeed":1.101,"_zoom":16.125},{"_mousePosition":[683,384],"_rootPartCFrame":[772.801,222.7,47.285,-0.083,0,0.997,0,1,0,-0.997,0,-0.083],"_humanoidState":8,"_cameraCFrame":[779.126,238.959,45,-0.083,-0.912,0.401,0,0.403,0.915,-0.997,0.076,-0.034],"_shiftlockState":true,"_pose":"Running","_animationQueue":[],"_animationSpeed":1.101,"_zoom":16.125},{"_mousePosition":[683,384],"_rootPartCFrame":[772.602,222.7,47.302,-0.083,0,0.997,0,1,0,-0.997,0,-0.083],"_humanoidState":8,"_cameraCFrame":[778.927,238.959,45.016,-0.083,-0.912,0.401,0,0.403,0.915,-0.997,0.076,-0.034],"_shiftlockState":true,"_pose":"Running","_animationQueue":[],"_animationSpeed":1.101,"_zoom":16.125},{"_mousePosition":[683,384],"_rootPartCFrame":[772.336,222.7,47.324,-0.083,0,0.997,0,1,0,-0.997,0,-0.083],"_humanoidState":8,"_cameraCFrame":[778.661,238.959,45.038,-0.083,-0.912,0.401,0,0.403,0.915,-0.997,0.076,-0.034],"_shiftlockState":true,"_pose":"Running","_animationQueue":[["walk",0.1]],"_animationSpeed":1.101,"_zoom":16.125},{"_mousePosition":[683,384],"_rootPartCFrame":[772.07,222.7,47.346,-0.083,0,0.997,0,1,0,-0.997,0,-0.083],"_humanoidState":8,"_cameraCFrame":[778.396,238.959,45.061,-0.083,-0.912,0.401,0,0.403,0.915,-0.997,0.076,-0.034],"_shiftlockState":true,"_pose":"Running","_animationQueue":[],"_animationSpeed":1.101,"_zoom":16.125},{"_mousePosition":[683,384],"_rootPartCFrame":[771.805,222.7,47.369,-0.083,0,0.997,0,1,0,-0.997,0,-0.083],"_humanoidState":8,"_cameraCFrame":[778.13,238.959,45.083,-0.083,-0.912,0.401,0,0.403,0.915,-0.997,0.076,-0.034],"_shiftlockState":true,"_pose":"Running","_animationQueue":[],"_animationSpeed":1.101,"_zoom":16.125},{"_mousePosition":[683,384],"_rootPartCFrame":[771.539,222.7,47.391,-0.083,0,0.997,0,1,0,-0.997,0,-0.083],"_humanoidState":8,"_cameraCFrame":[777.836,238.972,45.108,-0.083,-0.913,0.4,0,0.401,0.916,-0.997,0.076,-0.033],"_shiftlockState":true,"_pose":"Running","_animationQueue":[],"_animationSpeed":1.101,"_zoom":16.125},{"_mousePosition":[683,384],"_rootPartCFrame":[771.273,222.7,47.413,-0.083,0,0.997,0,1,0,-0.997,0,-0.083],"_humanoidState":8,"_cameraCFrame":[777.57,238.972,45.13,-0.083,-0.913,0.4,0,0.401,0.916,-0.997,0.076,-0.033],"_shiftlockState":true,"_pose":"Running","_animationQueue":[],"_animationSpeed":1.101,"_zoom":16.125},{"_mousePosition":[683,384],"_rootPartCFrame":[771.008,222.7,47.435,-0.083,0,0.997,0,1,0,-0.997,0,-0.083],"_humanoidState":8,"_cameraCFrame":[777.304,238.972,45.152,-0.083,-0.913,0.4,0,0.401,0.916,-0.997,0.076,-0.033],"_shiftlockState":true,"_pose":"Running","_animationQueue":[],"_animationSpeed":1.101,"_zoom":16.125},{"_mousePosition":[683,384],"_rootPartCFrame":[770.809,222.7,47.452,-0.083,0,0.997,0,1,0,-0.997,0,-0.083],"_humanoidState":8,"_cameraCFrame":[777.105,238.972,45.169,-0.083,-0.913,0.4,0,0.401,0.916,-0.997,0.076,-0.033],"_shiftlockState":true,"_pose":"Running","_animationQueue":[],"_animationSpeed":1.101,"_zoom":16.125},{"_mousePosition":[683,384],"_rootPartCFrame":[770.477,222.7,47.48,-0.083,0,0.997,0,1,0,-0.997,0,-0.083],"_humanoidState":8,"_cameraCFrame":[776.693,239.009,45.22,-0.081,-0.915,0.394,0,0.396,0.918,-0.997,0.074,-0.032],"_shiftlockState":true,"_pose":"Running","_animationQueue":[["walk",0.1]],"_animationSpeed":1.101,"_zoom":16.125},{"_mousePosition":[683,384],"_rootPartCFrame":[770.211,223.563,47.502,-0.081,0,0.997,0,1,0,-0.997,0,-0.081],"_humanoidState":3,"_cameraCFrame":[776.433,239.872,45.258,-0.078,-0.916,0.394,0,0.396,0.918,-0.997,0.072,-0.031],"_shiftlockState":true,"_pose":"Jumping","_animationQueue":[["walk",0.1],["jump",0.1]],"_animationSpeed":1,"_zoom":16.125},{"_mousePosition":[683,384],"_rootPartCFrame":[769.945,224.371,47.524,-0.079,0,0.997,0,1,0,-0.997,0,-0.079],"_humanoidState":5,"_cameraCFrame":[776.161,240.693,45.344,-0.068,-0.917,0.393,0,0.394,0.919,-0.998,0.063,-0.027],"_shiftlockState":true,"_pose":"FreeFall","_animationQueue":[["jump",0.1]],"_animationSpeed":1,"_zoom":16.125},{"_mousePosition":[683,384],"_rootPartCFrame":[769.679,225.125,47.545,-0.069,0,0.998,0,1,0,-0.998,0,-0.069],"_humanoidState":5,"_cameraCFrame":[775.877,241.459,45.399,-0.063,-0.918,0.391,0,0.392,0.92,-0.998,0.058,-0.025],"_shiftlockState":true,"_pose":"FreeFall","_animationQueue":[],"_animationSpeed":1,"_zoom":16.125},{"_mousePosition":[683,384],"_rootPartCFrame":[769.413,225.824,47.563,-0.064,0,0.998,0,1,0,-0.998,0,-0.064],"_humanoidState":5,"_cameraCFrame":[775.564,242.183,45.452,-0.058,-0.92,0.388,0,0.388,0.921,-0.998,0.054,-0.023],"_shiftlockState":true,"_pose":"FreeFall","_animationQueue":[],"_animationSpeed":1,"_zoom":16.125},{"_mousePosition":[683,384],"_rootPartCFrame":[769.147,226.469,47.58,-0.059,0,0.998,0,1,0,-0.998,0,-0.059],"_humanoidState":5,"_cameraCFrame":[775.269,242.84,45.471,-0.058,-0.921,0.386,0,0.387,0.922,-0.998,0.054,-0.022],"_shiftlockState":true,"_pose":"FreeFall","_animationQueue":[],"_animationSpeed":1,"_zoom":16.125},{"_mousePosition":[683,384],"_rootPartCFrame":[768.881,227.06,47.596,-0.058,0,0.998,0,1,0,-0.998,0,-0.058],"_humanoidState":5,"_cameraCFrame":[774.95,243.455,45.505,-0.056,-0.922,0.382,0,0.383,0.924,-0.998,0.051,-0.021],"_shiftlockState":true,"_pose":"FreeFall","_animationQueue":[],"_animationSpeed":1,"_zoom":16.125},{"_mousePosition":[683,384],"_rootPartCFrame":[768.681,227.467,47.608,-0.056,0,0.998,0,1,0,-0.998,0,-0.056],"_humanoidState":5,"_cameraCFrame":[774.703,243.886,45.55,-0.051,-0.924,0.379,0,0.379,0.925,-0.999,0.047,-0.019],"_shiftlockState":true,"_pose":"FreeFall","_animationQueue":[],"_animationSpeed":1,"_zoom":16.125},{"_mousePosition":[683,384],"_rootPartCFrame":[768.348,228.077,47.626,-0.051,0,0.999,0,1,0,-0.999,0,-0.051],"_humanoidState":5,"_cameraCFrame":[774.293,244.532,45.604,-0.046,-0.926,0.374,0,0.374,0.927,-0.999,0.042,-0.017],"_shiftlockState":true,"_pose":"FreeFall","_animationQueue":[],"_animationSpeed":1,"_zoom":16.125},{"_mousePosition":[683,384],"_rootPartCFrame":[768.082,228.504,47.64,-0.046,0,0.999,0,1,0,-0.999,0,-0.046],"_humanoidState":5,"_cameraCFrame":[773.944,244.994,45.636,-0.043,-0.929,0.368,0,0.369,0.93,-0.999,0.04,-0.016],"_shiftlockState":true,"_pose":"FreeFall","_animationQueue":[],"_animationSpeed":1,"_zoom":16.125},{"_mousePosition":[683,384],"_rootPartCFrame":[767.882,228.788,47.649,-0.043,0,0.999,0,1,0,-0.999,0,-0.043],"_humanoidState":5,"_cameraCFrame":[773.667,245.312,45.678,-0.038,-0.931,0.363,0,0.363,0.932,-0.999,0.035,-0.014],"_shiftlockState":true,"_pose":"FreeFall","_animationQueue":[],"_animationSpeed":1,"_zoom":16.125},{"_mousePosition":[683,384],"_rootPartCFrame":[767.616,229.12,47.661,-0.039,0,0.999,0,1,0,-0.999,0,-0.039],"_humanoidState":5,"_cameraCFrame":[773.318,245.678,45.708,-0.035,-0.933,0.357,0,0.358,0.934,-0.999,0.033,-0.013],"_shiftlockState":true,"_pose":"FreeFall","_animationQueue":[],"_animationSpeed":1,"_zoom":16.125},{"_mousePosition":[683,384],"_rootPartCFrame":[767.283,229.457,47.674,-0.036,0,0.999,0,1,0,-0.999,0,-0.036],"_humanoidState":5,"_cameraCFrame":[772.882,246.06,45.767,-0.028,-0.936,0.35,0,0.35,0.937,-1,0.026,-0.01],"_shiftlockState":true,"_pose":"FreeFall","_animationQueue":[],"_animationSpeed":1,"_zoom":16.125},{"_mousePosition":[683,384],"_rootPartCFrame":[767.083,229.619,47.681,-0.028,0,1,0,1,0,-1,0,-0.028],"_humanoidState":5,"_cameraCFrame":[772.588,246.266,45.847,-0.015,-0.939,0.343,0,0.343,0.939,-1,0.014,-0.005],"_shiftlockState":true,"_pose":"FreeFall","_animationQueue":[],"_animationSpeed":1,"_zoom":16.125},{"_mousePosition":[683,384],"_rootPartCFrame":[766.75,229.821,47.691,-0.017,0,1,0,1,0,-1,0,-0.017],"_humanoidState":5,"_cameraCFrame":[772.214,246.488,45.913,-0.005,-0.941,0.339,0,0.339,0.941,-1,0.005,-0.002],"_shiftlockState":true,"_pose":"FreeFall","_animationQueue":[],"_animationSpeed":1,"_zoom":16.125},{"_mousePosition":[683,384],"_rootPartCFrame":[766.483,229.921,47.695,-0.006,0,1,0,1,0,-1,0,-0.006],"_humanoidState":5,"_cameraCFrame":[771.876,246.62,45.972,0.005,-0.943,0.334,0,0.334,0.943,-1,-0.005,0.002],"_shiftlockState":true,"_pose":"FreeFall","_animationQueue":[],"_animationSpeed":1,"_zoom":16.125},{"_mousePosition":[683,384],"_rootPartCFrame":[766.217,229.966,47.697,0.004,0,1,0,1,0,-1,0,0.004],"_humanoidState":5,"_cameraCFrame":[771.546,246.697,46.054,0.02,-0.944,0.328,0,0.328,0.945,-1,-0.019,0.007],"_shiftlockState":true,"_pose":"FreeFall","_animationQueue":[],"_animationSpeed":1,"_zoom":16.125},{"_mousePosition":[683,384],"_rootPartCFrame":[765.95,229.957,47.696,0.018,0,1,0,1,0,-1,0,0.018],"_humanoidState":5,"_cameraCFrame":[771.248,246.708,46.146,0.038,-0.945,0.324,0,0.325,0.946,-0.999,-0.036,0.012],"_shiftlockState":true,"_pose":"FreeFall","_animationQueue":[],"_animationSpeed":1,"_zoom":16.125},{"_mousePosition":[683,384],"_rootPartCFrame":[765.683,229.893,47.691,0.036,0,0.999,0,1,0,-0.999,0,0.036],"_humanoidState":5,"_cameraCFrame":[770.949,246.665,46.232,0.056,-0.946,0.321,0,0.321,0.947,-0.998,-0.053,0.018],"_shiftlockState":true,"_pose":"FreeFall","_animationQueue":[],"_animationSpeed":1,"_zoom":16.125},{"_mousePosition":[683,384],"_rootPartCFrame":[765.417,229.775,47.682,0.053,0,0.999,0,1,0,-0.999,0,0.053],"_humanoidState":5,"_cameraCFrame":[770.629,246.577,46.349,0.081,-0.946,0.314,0,0.315,0.949,-0.997,-0.077,0.026],"_shiftlockState":true,"_pose":"FreeFall","_animationQueue":[["fall",0.3]],"_animationSpeed":1,"_zoom":16.125},{"_mousePosition":[683,384],"_rootPartCFrame":[765.15,229.603,47.668,0.078,0,0.997,0,1,0,-0.997,0,0.078],"_humanoidState":5,"_cameraCFrame":[770.32,246.434,46.523,0.119,-0.944,0.308,0,0.31,0.951,-0.993,-0.113,0.037],"_shiftlockState":true,"_pose":"FreeFall","_animationQueue":[],"_animationSpeed":1,"_zoom":16.125},{"_mousePosition":[683,384],"_rootPartCFrame":[764.885,229.375,47.647,0.114,0,0.993,0,1,0,-0.993,0,0.114],"_humanoidState":5,"_cameraCFrame":[769.969,246.254,46.804,0.181,-0.938,0.296,0,0.301,0.954,-0.983,-0.173,0.054],"_shiftlockState":true,"_pose":"FreeFall","_animationQueue":[],"_animationSpeed":1,"_zoom":16.125},{"_mousePosition":[683,384],"_rootPartCFrame":[764.685,229.339,47.625,0.18,0,0.984,0,1,0,-0.984,0,0.18],"_humanoidState":7,"_cameraCFrame":[769.652,246.274,47.2,0.27,-0.922,0.279,0,0.289,0.957,-0.963,-0.258,0.078],"_shiftlockState":true,"_pose":"FreeFall","_animationQueue":[["walk",0.1],["fall",0.3],["fall",0.3]],"_animationSpeed":1,"_zoom":16.125},{"_mousePosition":[683,384],"_rootPartCFrame":[764.498,229.338,47.592,0.27,0,0.963,0,1,0,-0.963,0,0.27],"_humanoidState":7,"_cameraCFrame":[769.255,246.344,47.751,0.399,-0.882,0.252,0,0.275,0.962,-0.917,-0.383,0.109],"_shiftlockState":true,"_pose":"FreeFall","_animationQueue":[],"_animationSpeed":1,"_zoom":16.125},{"_mousePosition":[683,384],"_rootPartCFrame":[764.527,229.338,47.454,0.318,0,0.948,0,1,0,-0.948,0,0.318],"_humanoidState":8,"_cameraCFrame":[768.927,246.427,48.293,0.556,-0.803,0.213,0,0.256,0.967,-0.831,-0.538,0.142],"_shiftlockState":true,"_pose":"Running","_animationQueue":[["walk",0.1],["fall",0.3],["walk",0.1]],"_animationSpeed":0.787,"_zoom":16.125},{"_mousePosition":[683,384],"_rootPartCFrame":[764.682,229.202,47.188,0.492,0,0.871,-0.002,1,0.001,-0.871,-0.002,0.492],"_humanoidState":8,"_cameraCFrame":[768.33,246.383,49.155,0.802,-0.58,0.139,0,0.233,0.972,-0.597,-0.78,0.187],"_shiftlockState":true,"_pose":"Running","_animationQueue":[],"_animationSpeed":0.787,"_zoom":16.125},{"_mousePosition":[683,384],"_rootPartCFrame":[764.859,229.059,46.948,0.783,0,0.622,-0.002,1,0.002,-0.622,-0.003,0.783],"_humanoidState":8,"_cameraCFrame":[767.938,246.276,49.508,0.911,-0.401,0.092,0,0.224,0.975,-0.412,-0.888,0.204],"_shiftlockState":true,"_pose":"Running","_animationQueue":[["walk",0.1],["walk",0.1]],"_animationSpeed":0.919,"_zoom":16.125},{"_mousePosition":[683,384],"_rootPartCFrame":[764.975,228.869,46.775,0.914,0,0.407,-0.001,1,0.001,-0.407,-0.001,0.914],"_humanoidState":8,"_cameraCFrame":[767.684,246.086,49.727,0.958,-0.279,0.064,0,0.224,0.975,-0.286,-0.934,0.214],"_shiftlockState":true,"_pose":"Running","_animationQueue":[["walk",0.1]],"_animationSpeed":1.01,"_zoom":16.125},{"_mousePosition":[683,384],"_rootPartCFrame":[765.163,229.973,46.606,0.962,0,0.271,0.001,1,-0.002,-0.271,0.002,0.962],"_humanoidState":3,"_cameraCFrame":[767.811,247.154,49.797,0.967,-0.248,0.059,0,0.233,0.972,-0.255,-0.94,0.225],"_shiftlockState":true,"_pose":"Jumping","_animationQueue":[["walk",0.1],["jump",0.1]],"_animationSpeed":1,"_zoom":16.125},{"_mousePosition":[683,384],"_rootPartCFrame":[765.276,230.636,46.504,0.969,-0.001,0.246,0.002,1,-0.003,-0.246,0.003,0.969],"_humanoidState":3,"_cameraCFrame":[768.239,247.749,49.754,0.946,-0.314,0.081,0,0.25,0.968,-0.325,-0.916,0.237],"_shiftlockState":true,"_pose":"Jumping","_animationQueue":[],"_animationSpeed":1,"_zoom":16.125},{"_mousePosition":[683,384],"_rootPartCFrame":[765.495,231.689,46.353,0.979,0,0.202,0.001,1,-0.002,-0.202,0.002,0.979],"_humanoidState":5,"_cameraCFrame":[769.174,248.677,49.462,0.879,-0.459,0.133,0,0.278,0.961,-0.477,-0.844,0.244],"_shiftlockState":true,"_pose":"FreeFall","_animationQueue":[["jump",0.1]],"_animationSpeed":1,"_zoom":16.125},{"_mousePosition":[683,384],"_rootPartCFrame":[765.653,232.28,46.276,0.921,0,0.39,0,1,-0.001,-0.39,0.001,0.921],"_humanoidState":5,"_cameraCFrame":[770.272,249.111,48.866,0.75,-0.629,0.205,0,0.31,0.951,-0.662,-0.713,0.232],"_shiftlockState":true,"_pose":"FreeFall","_animationQueue":[],"_animationSpeed":1,"_zoom":16.125},{"_mousePosition":[683,384],"_rootPartCFrame":[765.883,233.02,46.157,0.831,0,0.557,0,1,0,-0.557,0,0.831],"_humanoidState":5,"_cameraCFrame":[771.519,249.634,47.857,0.56,-0.776,0.289,0,0.349,0.937,-0.828,-0.525,0.195],"_shiftlockState":true,"_pose":"FreeFall","_animationQueue":[],"_animationSpeed":1,"_zoom":16.125},{"_mousePosition":[683,384],"_rootPartCFrame":[766.103,233.706,46.011,0.665,0,0.747,0,1,0,-0.747,0,0.665],"_humanoidState":5,"_cameraCFrame":[772.611,250.053,46.552,0.347,-0.864,0.366,0,0.39,0.921,-0.938,-0.319,0.135],"_shiftlockState":true,"_pose":"FreeFall","_animationQueue":[],"_animationSpeed":1,"_zoom":16.125},{"_mousePosition":[683,384],"_rootPartCFrame":[766.332,234.487,45.798,0.498,0,0.867,0,1,0,-0.867,0,0.498],"_humanoidState":5,"_cameraCFrame":[773.42,250.564,45.201,0.164,-0.892,0.422,0,0.428,0.904,-0.987,-0.148,0.07],"_shiftlockState":true,"_pose":"FreeFall","_animationQueue":[],"_animationSpeed":1,"_zoom":16.125},{"_mousePosition":[683,384],"_rootPartCFrame":[766.442,234.914,45.662,0.26,0,0.966,0,1,0,-0.966,0,0.26],"_humanoidState":5,"_cameraCFrame":[773.824,250.783,44.21,0.04,-0.89,0.453,0,0.454,0.891,-0.999,-0.036,0.018],"_shiftlockState":true,"_pose":"FreeFall","_animationQueue":[],"_animationSpeed":1,"_zoom":16.125},{"_mousePosition":[683,384],"_rootPartCFrame":[766.554,235.436,45.476,0.164,0,0.986,0,1,0,-0.986,0,0.164],"_humanoidState":5,"_cameraCFrame":[774.178,251.101,43.396,-0.043,-0.878,0.477,0,0.478,0.878,-0.999,0.038,-0.021],"_shiftlockState":true,"_pose":"FreeFall","_animationQueue":[],"_animationSpeed":1,"_zoom":16.125},{"_mousePosition":[683,384],"_rootPartCFrame":[766.628,235.904,45.298,0.002,0,1,0,1,0,-1,0,0.002],"_humanoidState":5,"_cameraCFrame":[774.252,251.568,43.218,-0.043,-0.878,0.477,0,0.478,0.878,-0.999,0.038,-0.021],"_shiftlockState":true,"_pose":"FreeFall","_animationQueue":[],"_animationSpeed":1,"_zoom":16.125},{"_mousePosition":[683,384],"_rootPartCFrame":[766.668,236.317,45.139,-0.036,0,0.999,0,1,0,-0.999,0,-0.036],"_humanoidState":5,"_cameraCFrame":[774.287,251.967,42.942,-0.058,-0.876,0.479,0,0.48,0.877,-0.998,0.051,-0.028],"_shiftlockState":true,"_pose":"FreeFall","_animationQueue":[],"_animationSpeed":1,"_zoom":16.125},{"_mousePosition":[683,384],"_rootPartCFrame":[766.673,236.676,45,-0.056,0,0.998,0,1,0,-0.998,0,-0.056],"_humanoidState":5,"_cameraCFrame":[774.302,252.31,42.743,-0.066,-0.875,0.48,0,0.481,0.877,-0.998,0.058,-0.032],"_shiftlockState":true,"_pose":"FreeFall","_animationQueue":[],"_animationSpeed":1,"_zoom":16.125},{"_mousePosition":[683,384],"_rootPartCFrame":[766.643,236.98,44.88,-0.064,0,0.998,0,1,0,-0.998,0,-0.064],"_humanoidState":5,"_cameraCFrame":[774.32,252.569,42.501,-0.081,-0.871,0.485,0,0.486,0.874,-0.997,0.071,-0.039],"_shiftlockState":true,"_pose":"FreeFall","_animationQueue":[],"_animationSpeed":1,"_zoom":16.125},{"_mousePosition":[683,384],"_rootPartCFrame":[766.579,237.23,44.78,-0.079,0,0.997,0,1,0,-0.997,0,-0.079],"_humanoidState":5,"_cameraCFrame":[774.275,252.773,42.199,-0.106,-0.866,0.489,0,0.492,0.871,-0.994,0.092,-0.052],"_shiftlockState":true,"_pose":"FreeFall","_animationQueue":[],"_animationSpeed":1,"_zoom":16.125},{"_mousePosition":[683,384],"_rootPartCFrame":[766.481,237.425,44.7,-0.103,0,0.995,0,1,0,-0.995,0,-0.103],"_humanoidState":5,"_cameraCFrame":[774.217,252.906,41.911,-0.131,-0.859,0.494,0,0.498,0.867,-0.991,0.114,-0.065],"_shiftlockState":true,"_pose":"FreeFall","_animationQueue":[],"_animationSpeed":1,"_zoom":16.125},{"_mousePosition":[683,384],"_rootPartCFrame":[766.349,237.566,44.641,-0.128,0,0.992,0,1,0,-0.992,0,-0.128],"_humanoidState":5,"_cameraCFrame":[774.096,253.015,41.727,-0.146,-0.856,0.496,0,0.502,0.865,-0.989,0.127,-0.073],"_shiftlockState":true,"_pose":"FreeFall","_animationQueue":[],"_animationSpeed":1,"_zoom":16.125},{"_mousePosition":[683,384],"_rootPartCFrame":[766.228,237.636,44.612,-0.144,0,0.99,0,1,0,-0.99,0,-0.144],"_humanoidState":5,"_cameraCFrame":[773.995,253.069,41.674,-0.149,-0.854,0.498,0,0.503,0.864,-0.989,0.129,-0.075],"_shiftlockState":true,"_pose":"FreeFall","_animationQueue":[],"_animationSpeed":1,"_zoom":16.125},{"_mousePosition":[683,384],"_rootPartCFrame":[765.988,237.684,44.593,-0.148,0,0.989,0,1,0,-0.989,0,-0.148],"_humanoidState":5,"_cameraCFrame":[773.754,253.117,41.655,-0.149,-0.854,0.498,0,0.503,0.864,-0.989,0.129,-0.075],"_shiftlockState":true,"_pose":"FreeFall","_animationQueue":[],"_animationSpeed":1,"_zoom":16.125},{"_mousePosition":[683,384],"_rootPartCFrame":[765.76,237.662,44.606,-0.149,0,0.989,0,1,0,-0.989,0,-0.149],"_humanoidState":5,"_cameraCFrame":[773.576,253.079,41.723,-0.141,-0.854,0.5,0,0.505,0.863,-0.99,0.122,-0.071],"_shiftlockState":true,"_pose":"FreeFall","_animationQueue":[["fall",0.3]],"_animationSpeed":1,"_zoom":16.125},{"_mousePosition":[683,384],"_rootPartCFrame":[765.569,237.609,44.63,-0.142,0,0.99,0,1,0,-0.99,0,-0.142],"_humanoidState":5,"_cameraCFrame":[773.406,253.026,41.807,-0.134,-0.855,0.501,0,0.505,0.863,-0.991,0.115,-0.068],"_shiftlockState":true,"_pose":"FreeFall","_animationQueue":[],"_animationSpeed":1,"_zoom":16.125},{"_mousePosition":[683,384],"_rootPartCFrame":[765.36,237.478,44.702,-0.057,0.005,0.998,0.008,1,-0.005,-0.998,0.008,-0.057],"_humanoidState":5,"_cameraCFrame":[773.26,252.879,41.967,-0.124,-0.855,0.503,0,0.507,0.862,-0.992,0.107,-0.063],"_shiftlockState":true,"_pose":"FreeFall","_animationQueue":[],"_animationSpeed":1,"_zoom":16.125},{"_mousePosition":[683,384],"_rootPartCFrame":[765.352,237.577,44.764,-0.092,0.005,0.996,0.007,1,-0.004,-0.996,0.006,-0.092],"_humanoidState":12,"_cameraCFrame":[773.278,252.978,42.107,-0.114,-0.857,0.503,0,0.507,0.862,-0.994,0.098,-0.058],"_shiftlockState":true,"_pose":"Climbing","_animationQueue":[["walk",0.1],["fall",0.3],["climb",0.1]],"_animationSpeed":-0.51,"_zoom":16.125},{"_mousePosition":[683,384],"_rootPartCFrame":[765.357,237.808,44.817,-0.105,0,0.994,0,1,0,-0.994,0,-0.105],"_humanoidState":12,"_cameraCFrame":[773.303,253.209,42.23,-0.104,-0.857,0.504,0,0.507,0.862,-0.995,0.089,-0.052],"_shiftlockState":true,"_pose":"Climbing","_animationQueue":[["climb",0.1]],"_animationSpeed":0.857,"_zoom":16.125},{"_mousePosition":[683,384],"_rootPartCFrame":[765.356,237.994,44.822,-0.103,0,0.995,-0.001,1,0,-0.995,0,-0.103],"_humanoidState":12,"_cameraCFrame":[773.328,253.395,42.315,-0.094,-0.858,0.505,0,0.507,0.862,-0.996,0.081,-0.047],"_shiftlockState":true,"_pose":"Climbing","_animationQueue":[["climb",0.1]],"_animationSpeed":0.933,"_zoom":16.125},{"_mousePosition":[683,384],"_rootPartCFrame":[765.356,238.181,44.822,-0.093,0,0.996,0,1,0,-0.996,0,-0.093],"_humanoidState":12,"_cameraCFrame":[773.341,253.582,42.356,-0.088,-0.859,0.505,0,0.507,0.862,-0.996,0.076,-0.045],"_shiftlockState":true,"_pose":"Climbing","_animationQueue":[],"_animationSpeed":0.933,"_zoom":16.125},{"_mousePosition":[683,384],"_rootPartCFrame":[765.357,238.367,44.822,-0.088,0,0.996,0,1,0,-0.996,0,-0.088],"_humanoidState":12,"_cameraCFrame":[773.353,253.769,42.397,-0.083,-0.859,0.505,0,0.507,0.862,-0.997,0.072,-0.042],"_shiftlockState":true,"_pose":"Climbing","_animationQueue":[],"_animationSpeed":0.933,"_zoom":16.125},{"_mousePosition":[683,384],"_rootPartCFrame":[765.357,238.554,44.822,-0.083,0,0.997,0,1,0,-0.997,0,-0.083],"_humanoidState":12,"_cameraCFrame":[773.353,253.955,42.397,-0.083,-0.859,0.505,0,0.507,0.862,-0.997,0.072,-0.042],"_shiftlockState":true,"_pose":"Climbing","_animationQueue":[],"_animationSpeed":0.933,"_zoom":16.125},{"_mousePosition":[683,384],"_rootPartCFrame":[765.357,238.741,44.822,-0.083,0,0.997,0,1,0,-0.997,0,-0.083],"_humanoidState":12,"_cameraCFrame":[773.353,254.142,42.397,-0.083,-0.859,0.505,0,0.507,0.862,-0.997,0.072,-0.042],"_shiftlockState":true,"_pose":"Climbing","_animationQueue":[],"_animationSpeed":0.933,"_zoom":16.125},{"_mousePosition":[683,384],"_rootPartCFrame":[765.357,238.927,44.822,-0.083,0,0.997,0,1,0,-0.997,0,-0.083],"_humanoidState":12,"_cameraCFrame":[773.359,254.329,42.417,-0.081,-0.859,0.505,0,0.507,0.862,-0.997,0.07,-0.041],"_shiftlockState":true,"_pose":"Climbing","_animationQueue":[],"_animationSpeed":0.933,"_zoom":16.125},{"_mousePosition":[683,384],"_rootPartCFrame":[765.357,239.114,44.822,-0.081,0,0.997,0,1,0,-0.997,0,-0.081],"_humanoidState":12,"_cameraCFrame":[773.366,254.515,42.437,-0.078,-0.859,0.505,0,0.507,0.862,-0.997,0.068,-0.04],"_shiftlockState":true,"_pose":"Climbing","_animationQueue":[],"_animationSpeed":0.933,"_zoom":16.125},{"_mousePosition":[683,384],"_rootPartCFrame":[765.357,239.301,44.822,-0.078,0,0.997,0,1,0,-0.997,0,-0.078],"_humanoidState":12,"_cameraCFrame":[773.372,254.702,42.457,-0.076,-0.86,0.505,0,0.507,0.862,-0.997,0.065,-0.038],"_shiftlockState":true,"_pose":"Climbing","_animationQueue":[],"_animationSpeed":0.933,"_zoom":16.125},{"_mousePosition":[683,384],"_rootPartCFrame":[765.332,239.453,44.824,-0.076,0,0.997,0,1,0,-0.997,0,-0.076],"_humanoidState":8,"_cameraCFrame":[773.347,254.855,42.459,-0.076,-0.86,0.505,0,0.507,0.862,-0.997,0.065,-0.038],"_shiftlockState":true,"_pose":"Standing","_animationQueue":[["climb",0.1],["idle",0.1],["idle",0.1]],"_animationSpeed":1,"_zoom":16.125},{"_mousePosition":[683,384],"_rootPartCFrame":[765.267,239.551,44.829,-0.076,0,0.997,0,1,0,-0.997,0,-0.076],"_humanoidState":5,"_cameraCFrame":[773.261,254.969,42.487,-0.073,-0.861,0.504,0,0.505,0.863,-0.997,0.063,-0.037],"_shiftlockState":true,"_pose":"FreeFall","_animationQueue":[["walk",0.1],["fall",0.3]],"_animationSpeed":1,"_zoom":16.125},{"_mousePosition":[683,384],"_rootPartCFrame":[765.193,239.589,44.835,-0.073,0,0.997,0,1,0,-0.997,0,-0.073],"_humanoidState":5,"_cameraCFrame":[773.187,255.006,42.492,-0.073,-0.861,0.504,0,0.505,0.863,-0.997,0.063,-0.037],"_shiftlockState":true,"_pose":"FreeFall","_animationQueue":[],"_animationSpeed":1,"_zoom":16.125},{"_mousePosition":[683,384],"_rootPartCFrame":[765.059,239.592,44.845,-0.073,0,0.997,0,1,0,-0.997,0,-0.073],"_humanoidState":5,"_cameraCFrame":[773.053,255.009,42.502,-0.073,-0.861,0.504,0,0.505,0.863,-0.997,0.063,-0.037],"_shiftlockState":true,"_pose":"FreeFall","_animationQueue":[],"_animationSpeed":1,"_zoom":16.125},{"_mousePosition":[683,384],"_rootPartCFrame":[764.877,239.818,44.858,-0.073,0,0.997,0,1,0,-0.997,0,-0.073],"_humanoidState":7,"_cameraCFrame":[772.871,255.235,42.516,-0.073,-0.861,0.504,0,0.505,0.863,-0.997,0.063,-0.037],"_shiftlockState":true,"_pose":"FreeFall","_animationQueue":[["walk",0.1],["fall",0.3],["fall",0.3]],"_animationSpeed":1,"_zoom":16.125},{"_mousePosition":[683,384],"_rootPartCFrame":[764.689,240.098,44.872,-0.073,0,0.997,0,1,0,-0.997,0,-0.073],"_humanoidState":7,"_cameraCFrame":[772.683,255.515,42.53,-0.073,-0.861,0.504,0,0.505,0.863,-0.997,0.063,-0.037],"_shiftlockState":true,"_pose":"FreeFall","_animationQueue":[],"_animationSpeed":1,"_zoom":16.125},{"_mousePosition":[683,384],"_rootPartCFrame":[764.453,240.409,44.889,-0.073,0,0.997,0,1,0,-0.997,0,-0.073],"_humanoidState":8,"_cameraCFrame":[772.42,255.842,42.549,-0.073,-0.862,0.502,0,0.503,0.864,-0.997,0.063,-0.037],"_shiftlockState":true,"_pose":"Running","_animationQueue":[["walk",0.1],["fall",0.3],["walk",0.1]],"_animationSpeed":0.781,"_zoom":16.125},{"_mousePosition":[683,384],"_rootPartCFrame":[764.299,240.578,44.903,-0.013,0.001,1,-0.007,1,-0.001,-1,-0.007,-0.013],"_humanoidState":8,"_cameraCFrame":[772.207,256.042,42.537,-0.076,-0.864,0.499,0,0.5,0.866,-0.997,0.066,-0.038],"_shiftlockState":true,"_pose":"Running","_animationQueue":[["walk",0.1]],"_animationSpeed":0.781,"_zoom":16.125},{"_mousePosition":[683,384],"_rootPartCFrame":[764.28,240.615,44.927,-0.014,0.003,1,-0.008,1,-0.003,-1,-0.008,-0.014],"_humanoidState":8,"_cameraCFrame":[772.02,256.142,42.37,-0.101,-0.865,0.491,0,0.493,0.87,-0.995,0.088,-0.05],"_shiftlockState":true,"_pose":"Running","_animationQueue":[["walk",0.1]],"_animationSpeed":0.299,"_zoom":16.125},{"_mousePosition":[683,384],"_rootPartCFrame":[764.323,240.63,44.943,-0.068,0.007,0.998,-0.006,1,-0.008,-0.998,-0.007,-0.067],"_humanoidState":8,"_cameraCFrame":[771.739,256.218,41.809,-0.179,-0.86,0.479,0,0.486,0.874,-0.984,0.156,-0.087],"_shiftlockState":true,"_pose":"Running","_animationQueue":[["walk",0.1]],"_animationSpeed":0.196,"_zoom":16.125},{"_mousePosition":[683,384],"_rootPartCFrame":[764.345,240.623,45.032,-0.104,0.014,0.994,-0.002,1,-0.014,-0.995,-0.004,-0.104],"_humanoidState":8,"_cameraCFrame":[771.277,256.212,40.922,-0.311,-0.83,0.462,0,0.486,0.874,-0.95,0.272,-0.151],"_shiftlockState":true,"_pose":"Running","_animationQueue":[["walk",0.1]],"_animationSpeed":0.216,"_zoom":16.125},{"_mousePosition":[683,384],"_rootPartCFrame":[764.458,240.618,45.093,-0.226,0.019,0.974,0,1,-0.019,-0.974,-0.004,-0.226],"_humanoidState":8,"_cameraCFrame":[770.798,256.083,39.774,-0.467,-0.766,0.442,0,0.5,0.866,-0.884,0.404,-0.234],"_shiftlockState":true,"_pose":"Running","_animationQueue":[["walk",0.1]],"_animationSpeed":0.342,"_zoom":16.125},{"_mousePosition":[683,384],"_rootPartCFrame":[764.593,240.619,45.164,-0.39,0.017,0.921,0,1,-0.018,-0.921,-0.007,-0.39],"_humanoidState":8,"_cameraCFrame":[770.156,255.875,38.581,-0.618,-0.671,0.41,0,0.522,0.853,-0.787,0.527,-0.322],"_shiftlockState":true,"_pose":"Running","_animationQueue":[["walk",0.1]],"_animationSpeed":0.364,"_zoom":16.125},{"_mousePosition":[683,384],"_rootPartCFrame":[764.71,240.62,45.24,-0.553,0.014,0.833,-0.001,1,-0.017,-0.833,-0.01,-0.553],"_humanoidState":8,"_cameraCFrame":[769.354,255.709,37.673,-0.733,-0.573,0.366,0,0.538,0.843,-0.68,0.618,-0.394],"_shiftlockState":true,"_pose":"Running","_animationQueue":[],"_animationSpeed":0.364,"_zoom":16.125},{"_mousePosition":[683,384],"_rootPartCFrame":[764.785,240.62,45.326,-0.68,0.011,0.733,0.001,1,-0.014,-0.733,-0.009,-0.68],"_humanoidState":8,"_cameraCFrame":[768.704,255.572,37.133,-0.802,-0.498,0.329,0,0.551,0.834,-0.597,0.669,-0.442],"_shiftlockState":true,"_pose":"Running","_animationQueue":[["walk",0.1],["walk",0.1]],"_animationSpeed":0.339,"_zoom":16.125},{"_mousePosition":[683,384],"_rootPartCFrame":[764.823,240.619,45.461,-0.752,0.01,0.659,0.004,1,-0.01,-0.659,-0.005,-0.752],"_humanoidState":8,"_cameraCFrame":[768.986,255.572,37.397,-0.784,-0.518,0.342,0,0.551,0.834,-0.621,0.654,-0.432],"_shiftlockState":true,"_pose":"Running","_animationQueue":[["walk",0.1]],"_animationSpeed":0.373,"_zoom":16.125},{"_mousePosition":[683,384],"_rootPartCFrame":[764.866,241.503,45.577,-0.742,0.009,0.67,0.005,1,-0.008,-0.67,-0.003,-0.742],"_humanoidState":3,"_cameraCFrame":[770.802,256.403,38.612,-0.623,-0.65,0.435,0,0.556,0.831,-0.782,0.518,-0.347],"_shiftlockState":true,"_pose":"Jumping","_animationQueue":[["walk",0.1],["jump",0.1]],"_animationSpeed":1,"_zoom":16.125},{"_mousePosition":[683,384],"_rootPartCFrame":[764.849,242.607,45.722,-0.56,0.011,0.829,0.008,1,-0.008,-0.829,0.002,-0.56],"_humanoidState":3,"_cameraCFrame":[771.596,257.437,39.393,-0.535,-0.698,0.475,0,0.563,0.827,-0.845,0.442,-0.301],"_shiftlockState":true,"_pose":"Jumping","_animationQueue":[],"_animationSpeed":1,"_zoom":16.125},{"_mousePosition":[683,384],"_rootPartCFrame":[764.839,243.269,45.808,-0.494,0.011,0.869,0.009,1,-0.007,-0.869,0.004,-0.494],"_humanoidState":3,"_cameraCFrame":[772.928,257.974,40.963,-0.347,-0.768,0.538,0,0.574,0.819,-0.938,0.284,-0.199],"_shiftlockState":true,"_pose":"Jumping","_animationQueue":[],"_animationSpeed":1,"_zoom":16.125},{"_mousePosition":[683,384],"_rootPartCFrame":[764.813,243.912,45.896,-0.343,0.007,0.939,0.007,1,-0.005,-0.939,0.005,-0.343],"_humanoidState":5,"_cameraCFrame":[773.687,258.507,42.297,-0.201,-0.796,0.572,0,0.583,0.812,-0.98,0.163,-0.117],"_shiftlockState":true,"_pose":"FreeFall","_animationQueue":[["jump",0.1]],"_animationSpeed":1,"_zoom":16.125},{"_mousePosition":[683,384],"_rootPartCFrame":[764.744,244.72,46.011,-0.218,0.002,0.976,0.002,1,-0.001,-0.976,0.002,-0.218],"_humanoidState":5,"_cameraCFrame":[774.014,259.223,43.168,-0.116,-0.801,0.587,0,0.591,0.806,-0.993,0.094,-0.069],"_shiftlockState":true,"_pose":"FreeFall","_animationQueue":[],"_animationSpeed":1,"_zoom":16.125},{"_mousePosition":[683,384],"_rootPartCFrame":[764.637,245.474,46.116,-0.13,0,0.992,0,1,0,-0.992,0,-0.13],"_humanoidState":5,"_cameraCFrame":[774.075,259.94,43.692,-0.071,-0.802,0.593,0,0.594,0.804,-0.997,0.057,-0.042],"_shiftlockState":true,"_pose":"FreeFall","_animationQueue":[],"_animationSpeed":1,"_zoom":16.125},{"_mousePosition":[683,384],"_rootPartCFrame":[764.494,246.173,46.206,-0.079,0,0.997,0,1,0,-0.997,0,-0.079],"_humanoidState":5,"_cameraCFrame":[773.996,260.639,44.046,-0.043,-0.803,0.594,0,0.594,0.804,-0.999,0.035,-0.026],"_shiftlockState":true,"_pose":"FreeFall","_animationQueue":[],"_animationSpeed":1,"_zoom":16.125},{"_mousePosition":[683,384],"_rootPartCFrame":[764.317,246.818,46.278,-0.048,0,0.999,0,1,0,-0.999,0,-0.048],"_humanoidState":5,"_cameraCFrame":[773.845,261.303,44.358,-0.018,-0.805,0.593,0,0.593,0.805,-1,0.014,-0.011],"_shiftlockState":true,"_pose":"FreeFall","_animationQueue":[],"_animationSpeed":1,"_zoom":16.125},{"_mousePosition":[683,384],"_rootPartCFrame":[764.331,247.35,46.323,0.018,-0.003,1,-0.003,1,0.003,-1,-0.003,0.018],"_humanoidState":5,"_cameraCFrame":[773.84,261.891,44.737,0.018,-0.809,0.588,0,0.588,0.809,-1,-0.014,0.01],"_shiftlockState":true,"_pose":"FreeFall","_animationQueue":[],"_animationSpeed":1,"_zoom":16.125},{"_mousePosition":[683,384],"_rootPartCFrame":[764.368,247.801,46.364,0.013,-0.001,1,-0.001,1,0.001,-1,-0.001,0.013],"_humanoidState":5,"_cameraCFrame":[773.867,262.396,45.211,0.063,-0.811,0.582,0,0.583,0.812,-0.998,-0.051,0.037],"_shiftlockState":true,"_pose":"FreeFall","_animationQueue":[],"_animationSpeed":1,"_zoom":16.125},{"_mousePosition":[683,384],"_rootPartCFrame":[764.366,248.196,46.399,0.058,0,0.998,0,1,0,-0.998,0,0.058],"_humanoidState":5,"_cameraCFrame":[773.845,262.847,45.864,0.129,-0.809,0.574,0,0.579,0.816,-0.992,-0.105,0.074],"_shiftlockState":true,"_pose":"FreeFall","_animationQueue":[],"_animationSpeed":1,"_zoom":16.125},{"_mousePosition":[683,384],"_rootPartCFrame":[764.343,248.538,46.407,0.121,0,0.993,0,1,0,-0.993,0,0.121],"_humanoidState":5,"_cameraCFrame":[773.81,263.206,46.18,0.161,-0.806,0.57,0,0.577,0.817,-0.987,-0.132,0.093],"_shiftlockState":true,"_pose":"FreeFall","_animationQueue":[],"_animationSpeed":1,"_zoom":16.125},{"_mousePosition":[683,384],"_rootPartCFrame":[764.282,248.824,46.409,0.156,0,0.988,0,1,0,-0.988,0,0.156],"_humanoidState":5,"_cameraCFrame":[773.75,263.493,46.254,0.169,-0.805,0.569,0,0.577,0.817,-0.986,-0.138,0.097],"_shiftlockState":true,"_pose":"FreeFall","_animationQueue":[],"_animationSpeed":1,"_zoom":16.125},{"_mousePosition":[683,384],"_rootPartCFrame":[764.181,249.057,46.402,0.167,0,0.986,0,1,0,-0.986,0,0.167],"_humanoidState":5,"_cameraCFrame":[773.649,263.725,46.272,0.171,-0.805,0.569,0,0.577,0.817,-0.985,-0.14,0.099],"_shiftlockState":true,"_pose":"FreeFall","_animationQueue":[],"_animationSpeed":1,"_zoom":16.125},{"_mousePosition":[683,384],"_rootPartCFrame":[764.042,249.234,46.387,0.171,0,0.985,0,1,0,-0.985,0,0.171],"_humanoidState":5,"_cameraCFrame":[773.51,263.903,46.257,0.171,-0.805,0.569,0,0.577,0.817,-0.985,-0.14,0.099],"_shiftlockState":true,"_pose":"FreeFall","_animationQueue":[],"_animationSpeed":1,"_zoom":16.125},{"_mousePosition":[683,384],"_rootPartCFrame":[763.864,249.358,46.362,0.171,0,0.985,0,1,0,-0.985,0,0.171],"_humanoidState":5,"_cameraCFrame":[773.306,264.044,46.18,0.166,-0.806,0.568,0,0.576,0.818,-0.986,-0.136,0.096],"_shiftlockState":true,"_pose":"FreeFall","_animationQueue":[],"_animationSpeed":1,"_zoom":16.125},{"_mousePosition":[683,384],"_rootPartCFrame":[763.647,249.426,46.328,0.167,0,0.986,0,1,0,-0.986,0,0.167],"_humanoidState":5,"_cameraCFrame":[773.034,264.149,45.971,0.149,-0.811,0.566,0,0.572,0.82,-0.989,-0.122,0.085],"_shiftlockState":true,"_pose":"FreeFall","_animationQueue":[],"_animationSpeed":1,"_zoom":16.125},{"_mousePosition":[683,384],"_rootPartCFrame":[763.46,249.442,46.297,0.15,0,0.989,0,1,0,-0.989,0,0.15],"_humanoidState":5,"_cameraCFrame":[772.767,264.201,45.483,0.101,-0.818,0.566,0,0.569,0.822,-0.995,-0.083,0.058],"_shiftlockState":true,"_pose":"FreeFall","_animationQueue":[],"_animationSpeed":1,"_zoom":16.125},{"_mousePosition":[683,384],"_rootPartCFrame":[763.131,249.4,46.247,0.108,0,0.994,0,1,0,-0.994,0,0.108],"_humanoidState":5,"_cameraCFrame":[772.278,264.177,44.474,-0.003,-0.823,0.568,0,0.568,0.823,-1,0.002,-0.001],"_shiftlockState":true,"_pose":"FreeFall","_animationQueue":[],"_animationSpeed":1,"_zoom":16.125},{"_mousePosition":[683,384],"_rootPartCFrame":[762.866,249.63,46.218,-0.006,0,1,0,1,0,-1,0,-0.006],"_humanoidState":7,"_cameraCFrame":[771.515,264.425,42.821,-0.184,-0.81,0.556,0,0.566,0.824,-0.983,0.151,-0.104],"_shiftlockState":true,"_pose":"FreeFall","_animationQueue":[["fall",0.3],["walk",0.1],["fall",0.3],["fall",0.3]],"_animationSpeed":1,"_zoom":16.125},{"_mousePosition":[683,384],"_rootPartCFrame":[762.666,249.818,46.215,-0.191,0,0.982,0,1,0,-0.982,0,-0.191],"_humanoidState":7,"_cameraCFrame":[770.301,264.63,40.963,-0.401,-0.756,0.517,0,0.564,0.826,-0.916,0.331,-0.226],"_shiftlockState":true,"_pose":"FreeFall","_animationQueue":[],"_animationSpeed":1,"_zoom":16.125},{"_mousePosition":[683,384],"_rootPartCFrame":[762.38,250.016,46.062,-0.417,0,0.909,0,1,0,-0.909,0,-0.417],"_humanoidState":8,"_cameraCFrame":[767.623,264.828,38.421,-0.703,-0.587,0.401,0,0.564,0.826,-0.711,0.58,-0.397],"_shiftlockState":true,"_pose":"Running","_animationQueue":[["walk",0.1],["fall",0.3],["walk",0.1]],"_animationSpeed":1.103,"_zoom":16.125},{"_mousePosition":[683,384],"_rootPartCFrame":[762.136,250.101,45.958,-0.717,0,0.697,0,1,0,-0.697,0,-0.717],"_humanoidState":8,"_cameraCFrame":[766.414,264.913,37.738,-0.784,-0.513,0.35,0,0.564,0.826,-0.621,0.647,-0.442],"_shiftlockState":true,"_pose":"Running","_animationQueue":[],"_animationSpeed":1.103,"_zoom":16.125},{"_mousePosition":[683,384],"_rootPartCFrame":[761.936,250.146,45.787,-0.791,0,0.612,0,1,0,-0.612,0,-0.791],"_humanoidState":8,"_cameraCFrame":[763.592,264.851,36.515,-0.935,-0.291,0.204,0,0.574,0.819,-0.356,0.765,-0.536],"_shiftlockState":true,"_pose":"Running","_animationQueue":[],"_animationSpeed":1.103,"_zoom":16.125},{"_mousePosition":[683,384],"_rootPartCFrame":[761.73,250.171,45.618,-0.94,0,0.34,0,1,0,-0.34,0,-0.94],"_humanoidState":8,"_cameraCFrame":[761.922,264.857,36.176,-0.979,-0.168,0.118,0,0.576,0.818,-0.205,0.8,-0.563],"_shiftlockState":true,"_pose":"Running","_animationQueue":[],"_animationSpeed":1.103,"_zoom":16.125},{"_mousePosition":[683,384],"_rootPartCFrame":[761.486,250.184,45.513,-0.981,0,0.193,0,1,0,-0.193,0,-0.981],"_humanoidState":8,"_cameraCFrame":[760.511,264.853,36.094,-0.997,-0.067,0.048,0,0.577,0.817,-0.083,0.814,-0.575],"_shiftlockState":true,"_pose":"Running","_animationQueue":[],"_animationSpeed":1.103,"_zoom":16.125},{"_mousePosition":[683,384],"_rootPartCFrame":[761.292,250.1