[{"_mousePosition":[702,369],"_rootPartCFrame":[776.032,222.7,47.142,0,0,1,0,1,0,-1,0,0],"_humanoidState":8,"_cameraCFrame":[776.545,240.08,44.39,-0.983,-0.18,0.032,0,0.174,0.985,-0.183,0.968,-0.171],"_shiftlockState":false,"_pose":"Standing","_animationQueue":[],"_animationSpeed":1,"_zoom":16.125},{"_mousePosition":[702,369],"_rootPartCFrame":[775.79,222.7,47.097,0.025,0,1,0,1,0,-1,0,0.025],"_humanoidState":8,"_cameraCFrame":[776.288,240.08,44.342,-0.984,-0.175,0.031,0,0.174,0.985,-0.178,0.969,-0.171],"_shiftlockState":false,"_pose":"Standing","_animationQueue":[],"_animationSpeed":1,"_zoom":16.125},{"_mousePosition":[702,369],"_rootPartCFrame":[775.529,222.7,47.049,0.047,0,0.999,0,1,0,-0.999,0,0.047],"_humanoidState":8,"_cameraCFrame":[776.013,240.08,44.291,-0.985,-0.17,0.03,0,0.174,0.985,-0.173,0.97,-0.171],"_shiftlockState":false,"_pose":"Running","_animationQueue":[["walk",0.1]],"_animationSpeed":1.066,"_zoom":16.125},{"_mousePosition":[702,369],"_rootPartCFrame":[775.266,222.7,47.001,0.065,0,0.998,0,1,0,-0.998,0,0.065],"_humanoidState":8,"_cameraCFrame":[775.737,240.08,44.241,-0.986,-0.165,0.029,0,0.174,0.985,-0.168,0.971,-0.171],"_shiftlockState":false,"_pose":"Running","_animationQueue":[],"_animationSpeed":1.066,"_zoom":16.125},{"_mousePosition":[702,369],"_rootPartCFrame":[775.004,222.7,46.955,0.08,0,0.997,0,1,0,-0.997,0,0.08],"_humanoidState":8,"_cameraCFrame":[775.46,240.08,44.192,-0.987,-0.16,0.028,0,0.174,0.985,-0.163,0.972,-0.171],"_shiftlockState":false,"_pose":"Running","_animationQueue":[],"_animationSpeed":1.066,"_zoom":16.125},{"_mousePosition":[702,369],"_rootPartCFrame":[774.741,222.7,46.91,0.092,0,0.996,0,1,0,-0.996,0,0.092],"_humanoidState":8,"_cameraCFrame":[775.176,240.08,44.144,-0.988,-0.153,0.027,0,0.174,0.985,-0.155,0.973,-0.172],"_shiftlockState":false,"_pose":"Running","_animationQueue":[],"_animationSpeed":1.066,"_zoom":16.125},{"_mousePosition":[702,369],"_rootPartCFrame":[774.478,222.7,46.866,0.101,0,0.995,0,1,0,-0.995,0,0.101],"_humanoidState":8,"_cameraCFrame":[774.885,240.08,44.096,-0.989,-0.143,0.025,0,0.174,0.985,-0.145,0.974,-0.172],"_shiftlockState":false,"_pose":"Running","_animationQueue":[],"_animationSpeed":1.066,"_zoom":16.125},{"_mousePosition":[702,369],"_rootPartCFrame":[774.214,222.7,46.825,0.109,0,0.994,0,1,0,-0.994,0,0.109],"_humanoidState":8,"_cameraCFrame":[774.594,240.08,44.05,-0.991,-0.133,0.024,0,0.174,0.985,-0.135,0.976,-0.172],"_shiftlockState":false,"_pose":"Running","_animationQueue":[],"_animationSpeed":1.066,"_zoom":16.125},{"_mousePosition":[702,369],"_rootPartCFrame":[773.951,222.7,46.786,0.114,0,0.993,0,1,0,-0.993,0,0.114],"_humanoidState":8,"_cameraCFrame":[774.295,240.08,44.007,-0.992,-0.121,0.021,0,0.174,0.985,-0.123,0.977,-0.172],"_shiftlockState":false,"_pose":"Running","_animationQueue":[],"_animationSpeed":1.066,"_zoom":16.125},{"_mousePosition":[702,369],"_rootPartCFrame":[773.686,222.7,46.749,0.117,0,0.993,0,1,0,-0.993,0,0.117],"_humanoidState":8,"_cameraCFrame":[773.988,240.08,43.966,-0.994,-0.106,0.019,0,0.174,0.985,-0.108,0.979,-0.173],"_shiftlockState":false,"_pose":"Running","_animationQueue":[["walk",0.1]],"_animationSpeed":1.066,"_zoom":16.125},{"_mousePosition":[702,369],"_rootPartCFrame":[773.422,222.7,46.716,0.118,0,0.993,0,1,0,-0.993,0,0.118],"_humanoidState":8,"_cameraCFrame":[773.71,240.08,43.931,-0.995,-0.101,0.018,0,0.174,0.985,-0.103,0.98,-0.173],"_shiftlockState":false,"_pose":"Running","_animationQueue":[],"_animationSpeed":1.066,"_zoom":16.125},{"_mousePosition":[702,369],"_rootPartCFrame":[773.157,222.7,46.687,0.117,0,0.993,0,1,0,-0.993,0,0.117],"_humanoidState":8,"_cameraCFrame":[773.444,240.08,43.902,-0.995,-0.101,0.018,0,0.174,0.985,-0.103,0.98,-0.173],"_shiftlockState":false,"_pose":"Running","_animationQueue":[],"_animationSpeed":1.066,"_zoom":16.125},{"_mousePosition":[702,369],"_rootPartCFrame":[772.891,222.7,46.66,0.115,0,0.993,0,1,0,-0.993,0,0.115],"_humanoidState":8,"_cameraCFrame":[773.179,240.08,43.875,-0.995,-0.101,0.018,0,0.174,0.985,-0.103,0.98,-0.173],"_shiftlockState":false,"_pose":"Running","_animationQueue":[],"_animationSpeed":1.066,"_zoom":16.125},{"_mousePosition":[702,369],"_rootPartCFrame":[772.626,222.7,46.632,0.113,0,0.994,0,1,0,-0.994,0,0.113],"_humanoidState":8,"_cameraCFrame":[772.914,240.08,43.847,-0.995,-0.101,0.018,0,0.174,0.985,-0.103,0.98,-0.173],"_shiftlockState":false,"_pose":"Running","_animationQueue":[],"_animationSpeed":1.066,"_zoom":16.125},{"_mousePosition":[702,369],"_rootPartCFrame":[772.361,222.7,46.605,0.112,0,0.994,0,1,0,-0.994,0,0.112],"_humanoidState":8,"_cameraCFrame":[772.649,240.08,43.82,-0.995,-0.101,0.018,0,0.174,0.985,-0.103,0.98,-0.173],"_shiftlockState":false,"_pose":"Running","_animationQueue":[],"_animationSpeed":1.066,"_zoom":16.125},{"_mousePosition":[702,369],"_rootPartCFrame":[772.096,222.7,46.578,0.111,0,0.994,0,1,0,-0.994,0,0.111],"_humanoidState":8,"_cameraCFrame":[772.383,240.08,43.792,-0.995,-0.101,0.018,0,0.174,0.985,-0.103,0.98,-0.173],"_shiftlockState":false,"_pose":"Running","_animationQueue":[],"_animationSpeed":1.066,"_zoom":16.125},{"_mousePosition":[702,369],"_rootPartCFrame":[771.83,222.7,46.55,0.11,0,0.994,0,1,0,-0.994,0,0.11],"_humanoidState":8,"_cameraCFrame":[772.118,240.08,43.765,-0.995,-0.101,0.018,0,0.174,0.985,-0.103,0.98,-0.173],"_shiftlockState":false,"_pose":"Running","_animationQueue":[["walk",0.1]],"_animationSpeed":1.066,"_zoom":16.125},{"_mousePosition":[702,369],"_rootPartCFrame":[771.565,222.7,46.523,0.109,0,0.994,0,1,0,-0.994,0,0.109],"_humanoidState":8,"_cameraCFrame":[771.853,240.08,43.737,-0.995,-0.101,0.018,0,0.174,0.985,-0.103,0.98,-0.173],"_shiftlockState":false,"_pose":"Running","_animationQueue":[],"_animationSpeed":1.066,"_zoom":16.125},{"_mousePosition":[702,369],"_rootPartCFrame":[771.3,222.7,46.495,0.108,0,0.994,0,1,0,-0.994,0,0.108],"_humanoidState":8,"_cameraCFrame":[771.588,240.08,43.71,-0.995,-0.101,0.018,0,0.174,0.985,-0.103,0.98,-0.173],"_shiftlockState":false,"_pose":"Running","_animationQueue":[],"_animationSpeed":1.066,"_zoom":16.125},{"_mousePosition":[702,369],"_rootPartCFrame":[771.035,222.7,46.468,0.107,0,0.994,0,1,0,-0.994,0,0.107],"_humanoidState":8,"_cameraCFrame":[771.322,240.08,43.683,-0.995,-0.101,0.018,0,0.174,0.985,-0.103,0.98,-0.173],"_shiftlockState":false,"_pose":"Running","_animationQueue":[],"_animationSpeed":1.066,"_zoom":16.125},{"_mousePosition":[702,369],"_rootPartCFrame":[770.769,222.7,46.441,0.107,0,0.994,0,1,0,-0.994,0,0.107],"_humanoidState":8,"_cameraCFrame":[771.057,240.08,43.655,-0.995,-0.101,0.018,0,0.174,0.985,-0.103,0.98,-0.173],"_shiftlockState":false,"_pose":"Running","_animationQueue":[],"_animationSpeed":1.066,"_zoom":16.125},{"_mousePosition":[702,369],"_rootPartCFrame":[770.504,222.7,46.413,0.106,0,0.994,0,1,0,-0.994,0,0.106],"_humanoidState":8,"_cameraCFrame":[770.792,240.08,43.628,-0.995,-0.101,0.018,0,0.174,0.985,-0.103,0.98,-0.173],"_shiftlockState":false,"_pose":"Running","_animationQueue":[],"_animationSpeed":1.066,"_zoom":16.125},{"_mousePosition":[702,369],"_rootPartCFrame":[770.239,222.666,46.386,0.106,0,0.994,0,1,0,-0.994,0,0.106],"_humanoidState":8,"_cameraCFrame":[768.786,240.046,43.421,-0.995,-0.101,0.018,0,0.174,0.985,-0.103,0.98,-0.173],"_shiftlockState":true,"_pose":"Running","_animationQueue":[],"_animationSpeed":1.066,"_zoom":16.125},{"_mousePosition":[683,384],"_rootPartCFrame":[769.974,222.663,46.358,-1,0,0.03,0,1,0,-0.03,0,-1],"_humanoidState":8,"_cameraCFrame":[768.521,240.044,43.393,-0.995,-0.101,0.018,0,0.174,0.985,-0.103,0.98,-0.173],"_shiftlockState":true,"_pose":"Running","_animationQueue":[["walk",0.1]],"_animationSpeed":1.066,"_zoom":16.125},{"_mousePosition":[683,384],"_rootPartCFrame":[769.709,223.537,46.331,-1,0,0.01,0,1,0,-0.01,0,-1],"_humanoidState":3,"_cameraCFrame":[768.256,240.917,43.366,-0.995,-0.101,0.018,0,0.174,0.985,-0.103,0.98,-0.173],"_shiftlockState":true,"_pose":"Jumping","_animationQueue":[["walk",0.1],["jump",0.1]],"_animationSpeed":1,"_zoom":16.125},{"_mousePosition":[683,384],"_rootPartCFrame":[769.377,224.556,46.297,-0.981,0,0.195,0,1,0,-0.195,0,-0.981],"_humanoidState":5,"_cameraCFrame":[767.924,241.936,43.332,-0.995,-0.101,0.018,0,0.174,0.985,-0.103,0.98,-0.173],"_shiftlockState":true,"_pose":"FreeFall","_animationQueue":[["jump",0.1]],"_animationSpeed":1,"_zoom":16.125},{"_mousePosition":[683,384],"_rootPartCFrame":[769.112,225.31,46.269,-0.973,0,0.229,0,1,0,-0.229,0,-0.973],"_humanoidState":5,"_cameraCFrame":[767.659,242.69,43.304,-0.995,-0.101,0.018,0,0.174,0.985,-0.103,0.98,-0.173],"_shiftlockState":true,"_pose":"FreeFall","_animationQueue":[],"_animationSpeed":1,"_zoom":16.125},{"_mousePosition":[683,384],"_rootPartCFrame":[768.847,226.009,46.242,-0.972,0,0.234,0,1,0,-0.234,0,-0.972],"_humanoidState":5,"_cameraCFrame":[767.394,243.389,43.277,-0.995,-0.101,0.018,0,0.174,0.985,-0.103,0.98,-0.173],"_shiftlockState":true,"_pose":"FreeFall","_animationQueue":[],"_animationSpeed":1,"_zoom":16.125},{"_mousePosition":[683,384],"_rootPartCFrame":[768.582,226.654,46.214,-0.972,0,0.234,0,1,0,-0.234,0,-0.972],"_humanoidState":5,"_cameraCFrame":[767.129,244.034,43.249,-0.995,-0.101,0.018,0,0.174,0.985,-0.103,0.98,-0.173],"_shiftlockState":true,"_pose":"FreeFall","_animationQueue":[],"_animationSpeed":1,"_zoom":16.125},{"_mousePosition":[683,384],"_rootPartCFrame":[768.317,227.244,46.187,-0.972,0,0.234,0,1,0,-0.234,0,-0.972],"_humanoidState":5,"_cameraCFrame":[766.864,244.624,43.222,-0.995,-0.101,0.018,0,0.174,0.985,-0.103,0.98,-0.173],"_shiftlockState":true,"_pose":"FreeFall","_animationQueue":[],"_animationSpeed":1,"_zoom":16.125},{"_mousePosition":[683,384],"_rootPartCFrame":[768.052,227.78,46.16,-0.972,0,0.234,0,1,0,-0.234,0,-0.972],"_humanoidState":5,"_cameraCFrame":[766.599,245.16,43.195,-0.995,-0.101,0.018,0,0.174,0.985,-0.103,0.98,-0.173],"_shiftlockState":true,"_pose":"FreeFall","_animationQueue":[],"_animationSpeed":1,"_zoom":16.125},{"_mousePosition":[683,384],"_rootPartCFrame":[767.786,228.262,46.132,-0.972,0,0.234,0,1,0,-0.234,0,-0.972],"_humanoidState":5,"_cameraCFrame":[766.333,245.642,43.167,-0.995,-0.101,0.018,0,0.174,0.985,-0.103,0.98,-0.173],"_shiftlockState":true,"_pose":"FreeFall","_animationQueue":[],"_animationSpeed":1,"_zoom":16.125},{"_mousePosition":[683,384],"_rootPartCFrame":[767.521,228.688,46.105,-0.972,0,0.234,0,1,0,-0.234,0,-0.972],"_humanoidState":5,"_cameraCFrame":[766.068,246.068,43.14,-0.995,-0.101,0.018,0,0.174,0.985,-0.103,0.98,-0.173],"_shiftlockState":true,"_pose":"FreeFall","_animationQueue":[],"_animationSpeed":1,"_zoom":16.125},{"_mousePosition":[683,384],"_rootPartCFrame":[767.322,228.973,46.084,-0.979,0,0.202,0,1,0,-0.202,0,-0.979],"_humanoidState":5,"_cameraCFrame":[765.87,246.353,43.119,-0.995,-0.101,0.018,0,0.174,0.985,-0.103,0.98,-0.173],"_shiftlockState":true,"_pose":"FreeFall","_animationQueue":[],"_animationSpeed":1,"_zoom":16.125},{"_mousePosition":[683,384],"_rootPartCFrame":[766.991,229.379,46.05,-0.964,0,0.266,0,1,0,-0.266,0,-0.964],"_humanoidState":5,"_cameraCFrame":[765.538,246.759,43.085,-0.995,-0.101,0.018,0,0.174,0.985,-0.103,0.98,-0.173],"_shiftlockState":true,"_pose":"FreeFall","_animationQueue":[],"_animationSpeed":1,"_zoom":16.125},{"_mousePosition":[683,384],"_rootPartCFrame":[766.792,229.581,46.029,-0.979,0,0.202,0,1,0,-0.202,0,-0.979],"_humanoidState":5,"_cameraCFrame":[765.339,246.961,43.064,-0.995,-0.101,0.018,0,0.174,0.985,-0.103,0.98,-0.173],"_shiftlockState":true,"_pose":"FreeFall","_animationQueue":[],"_animationSpeed":1,"_zoom":16.125},{"_mousePosition":[683,384],"_rootPartCFrame":[766.527,229.804,46.002,-0.972,0,0.234,0,1,0,-0.234,0,-0.972],"_humanoidState":5,"_cameraCFrame":[765.082,247.184,43.033,-0.994,-0.104,0.018,0,0.174,0.985,-0.105,0.979,-0.173],"_shiftlockState":true,"_pose":"FreeFall","_animationQueue":[],"_animationSpeed":1,"_zoom":16.125},{"_mousePosition":[683,384],"_rootPartCFrame":[766.262,229.972,45.975,-0.972,0,0.236,0,1,0,-0.236,0,-0.972],"_humanoidState":5,"_cameraCFrame":[764.816,247.352,43.006,-0.994,-0.104,0.018,0,0.174,0.985,-0.105,0.979,-0.173],"_shiftlockState":true,"_pose":"FreeFall","_animationQueue":[],"_animationSpeed":1,"_zoom":16.125},{"_mousePosition":[683,384],"_rootPartCFrame":[765.93,230.105,45.94,-0.963,0,0.269,0,1,0,-0.269,0,-0.963],"_humanoidState":5,"_cameraCFrame":[764.493,247.485,42.967,-0.994,-0.106,0.019,0,0.174,0.985,-0.108,0.979,-0.173],"_shiftlockState":true,"_pose":"FreeFall","_animationQueue":[],"_animationSpeed":1,"_zoom":16.125},{"_mousePosition":[683,384],"_rootPartCFrame":[765.732,230.144,45.919,-0.978,0,0.206,0,1,0,-0.206,0,-0.978],"_humanoidState":5,"_cameraCFrame":[764.294,247.524,42.946,-0.994,-0.106,0.019,0,0.174,0.985,-0.108,0.979,-0.173],"_shiftlockState":true,"_pose":"FreeFall","_animationQueue":[],"_animationSpeed":1,"_zoom":16.125},{"_mousePosition":[683,384],"_rootPartCFrame":[765.466,230.149,45.89,-0.971,0,0.239,0,1,0,-0.239,0,-0.971],"_humanoidState":5,"_cameraCFrame":[764.029,247.529,42.918,-0.994,-0.106,0.019,0,0.174,0.985,-0.108,0.979,-0.173],"_shiftlockState":true,"_pose":"FreeFall","_animationQueue":[],"_animationSpeed":1,"_zoom":16.125},{"_mousePosition":[683,384],"_rootPartCFrame":[765.201,230.099,45.861,-0.971,0,0.239,0,1,0,-0.239,0,-0.971],"_humanoidState":5,"_cameraCFrame":[763.763,247.479,42.889,-0.994,-0.106,0.019,0,0.174,0.985,-0.108,0.979,-0.173],"_shiftlockState":true,"_pose":"FreeFall","_animationQueue":[],"_animationSpeed":1,"_zoom":16.125},{"_mousePosition":[683,384],"_rootPartCFrame":[764.936,229.994,45.832,-0.971,0,0.239,0,1,0,-0.239,0,-0.971],"_humanoidState":5,"_cameraCFrame":[763.498,247.375,42.86,-0.994,-0.106,0.019,0,0.174,0.985,-0.108,0.979,-0.173],"_shiftlockState":true,"_pose":"FreeFall","_animationQueue":[],"_animationSpeed":1,"_zoom":16.125},{"_mousePosition":[683,384],"_rootPartCFrame":[764.671,229.836,45.804,-0.971,0,0.239,0,1,0,-0.239,0,-0.971],"_humanoidState":5,"_cameraCFrame":[763.233,247.216,42.831,-0.994,-0.106,0.019,0,0.174,0.985,-0.108,0.979,-0.173],"_shiftlockState":true,"_pose":"FreeFall","_animationQueue":[["fall",0.3]],"_animationSpeed":1,"_zoom":16.125},{"_mousePosition":[683,384],"_rootPartCFrame":[764.406,229.622,45.775,-0.971,0,0.239,0,1,0,-0.239,0,-0.971],"_humanoidState":5,"_cameraCFrame":[762.976,247.002,42.799,-0.994,-0.109,0.019,0,0.174,0.985,-0.11,0.979,-0.173],"_shiftlockState":true,"_pose":"FreeFall","_animationQueue":[],"_animationSpeed":1,"_zoom":16.125},{"_mousePosition":[683,384],"_rootPartCFrame":[764.141,229.354,45.746,-0.97,0,0.241,0,1,0,-0.241,0,-0.97],"_humanoidState":5,"_cameraCFrame":[762.718,246.734,42.767,-0.994,-0.111,0.02,0,0.174,0.985,-0.113,0.979,-0.173],"_shiftlockState":true,"_pose":"FreeFall","_animationQueue":[],"_animationSpeed":1,"_zoom":16.125},{"_mousePosition":[683,384],"_rootPartCFrame":[763.876,229.032,45.717,-0.97,0,0.244,0,1,0,-0.244,0,-0.97],"_humanoidState":5,"_cameraCFrame":[762.46,246.412,42.734,-0.993,-0.114,0.02,0,0.174,0.985,-0.115,0.978,-0.172],"_shiftlockState":true,"_pose":"FreeFall","_animationQueue":[],"_animationSpeed":1,"_zoom":16.125},{"_mousePosition":[683,384],"_rootPartCFrame":[763.611,228.655,45.687,-0.969,0,0.246,0,1,0,-0.246,0,-0.969],"_humanoidState":5,"_cameraCFrame":[762.203,246.035,42.7,-0.993,-0.116,0.02,0,0.174,0.985,-0.118,0.978,-0.172],"_shiftlockState":true,"_pose":"FreeFall","_animationQueue":[],"_animationSpeed":1,"_zoom":16.125},{"_mousePosition":[683,384],"_rootPartCFrame":[763.346,228.223,45.656,-0.969,0,0.249,0,1,0,-0.249,0,-0.969],"_humanoidState":5,"_cameraCFrame":[761.946,245.603,42.666,-0.993,-0.119,0.021,0,0.174,0.985,-0.12,0.978,-0.172],"_shiftlockState":true,"_pose":"FreeFall","_animationQueue":[],"_animationSpeed":1,"_zoom":16.125},{"_mousePosition":[683,384],"_rootPartCFrame":[763.081,227.737,45.625,-0.968,0,0.251,0,1,0,-0.251,0,-0.968],"_humanoidState":5,"_cameraCFrame":[761.696,245.117,42.627,-0.992,-0.123,0.022,0,0.174,0.985,-0.125,0.977,-0.172],"_shiftlockState":true,"_pose":"FreeFall","_animationQueue":[["fall",0.3]],"_animationSpeed":1,"_zoom":16.125},{"_mousePosition":[683,384],"_rootPartCFrame":[762.816,227.197,45.593,-0.967,0,0.256,0,1,0,-0.256,0,-0.967],"_humanoidState":5,"_cameraCFrame":[761.446,244.577,42.589,-0.991,-0.128,0.023,0,0.174,0.985,-0.13,0.976,-0.172],"_shiftlockState":true,"_pose":"FreeFall","_animationQueue":[],"_animationSpeed":1,"_zoom":16.125},{"_mousePosition":[683,384],"_rootPartCFrame":[762.552,226.602,45.56,-0.965,0,0.261,0,1,0,-0.261,0,-0.965],"_humanoidState":5,"_cameraCFrame":[761.205,243.982,42.545,-0.99,-0.136,0.024,0,0.174,0.985,-0.138,0.975,-0.172],"_shiftlockState":true,"_pose":"FreeFall","_animationQueue":[],"_animationSpeed":1,"_zoom":16.125},{"_mousePosition":[683,384],"_rootPartCFrame":[762.287,225.952,45.525,-0.963,0,0.268,0,1,0,-0.268,0,-0.963],"_humanoidState":5,"_cameraCFrame":[760.971,243.332,42.497,-0.989,-0.146,0.026,0,0.174,0.985,-0.148,0.974,-0.172],"_shiftlockState":true,"_pose":"FreeFall","_animationQueue":[],"_animationSpeed":1,"_zoom":16.125},{"_mousePosition":[683,384],"_rootPartCFrame":[762.023,225.248,45.489,-0.961,0,0.278,0,1,0,-0.278,0,-0.961],"_humanoidState":5,"_cameraCFrame":[760.73,242.628,42.45,-0.988,-0.153,0.027,0,0.174,0.985,-0.155,0.973,-0.172],"_shiftlockState":true,"_pose":"FreeFall","_animationQueue":[],"_animationSpeed":1,"_zoom":16.125},{"_mousePosition":[683,384],"_rootPartCFrame":[761.759,224.49,45.45,-0.958,0,0.285,0,1,0,-0.285,0,-0.958],"_humanoidState":5,"_cameraCFrame":[760.481,241.87,42.405,-0.987,-0.158,0.028,0,0.174,0.985,-0.16,0.972,-0.171],"_shiftlockState":true,"_pose":"FreeFall","_animationQueue":[],"_animationSpeed":1,"_zoom":16.125},{"_mousePosition":[683,384],"_rootPartCFrame":[761.496,223.677,45.408,-0.957,0,0.29,0,1,0,-0.29,0,-0.957],"_humanoidState":5,"_cameraCFrame":[760.233,241.057,42.357,-0.986,-0.163,0.029,0,0.174,0.985,-0.165,0.971,-0.171],"_shiftlockState":true,"_pose":"FreeFall","_animationQueue":[],"_animationSpeed":1,"_zoom":16.125},{"_mousePosition":[683,384],"_rootPartCFrame":[761.233,222.809,45.366,-0.98,0,0.2,0,1,0,-0.2,0,-0.98],"_humanoidState":7,"_cameraCFrame":[759.978,240.189,42.312,-0.986,-0.165,0.029,0,0.174,0.985,-0.168,0.971,-0.171],"_shiftlockState":true,"_pose":"FreeFall","_animationQueue":[["fall",0.3],["walk",0.1],["fall",0.3],["fall",0.3]],"_animationSpeed":1,"_zoom":16.125},{"_mousePosition":[683,384],"_rootPartCFrame":[760.97,222.404,45.322,-0.985,0,0.17,0,1,0,-0.17,0,-0.985],"_humanoidState":7,"_cameraCFrame":[759.73,239.784,42.261,-0.985,-0.17,0.03,0,0.174,0.985,-0.173,0.97,-0.171],"_shiftlockState":true,"_pose":"FreeFall","_animationQueue":[],"_animationSpeed":1,"_zoom":16.125},{"_mousePosition":[683,384],"_rootPartCFrame":[760.641,222.517,45.266,-0.985,0,0.173,0,1,0,-0.173,0,-0.985],"_humanoidState":8,"_cameraCFrame":[759.417,239.897,42.199,-0.984,-0.175,0.031,0,0.174,0.985,-0.178,0.969,-0.171],"_shiftlockState":true,"_pose":"Running","_animationQueue":[["walk",0.1],["fall",0.3],["walk",0.1]],"_animationSpeed":1.103,"_zoom":16.125},{"_mousePosition":[683,384],"_rootPartCFrame":[760.378,222.597,45.22,-0.984,0,0.178,0,1,0,-0.178,0,-0.984],"_humanoidState":8,"_cameraCFrame":[759.154,239.977,42.153,-0.984,-0.175,0.031,0,0.174,0.985,-0.178,0.969,-0.171],"_shiftlockState":true,"_pose":"Running","_animationQueue":[],"_animationSpeed":1.103,"_zoom":16.125},{"_mousePosition":[683,384],"_rootPartCFrame":[760.116,222.643,45.173,-0.984,0,0.178,0,1,0,-0.178,0,-0.984],"_humanoidState":8,"_cameraCFrame":[758.892,240.023,42.106,-0.984,-0.175,0.031,0,0.174,0.985,-0.178,0.969,-0.171],"_shiftlockState":true,"_pose":"Running","_animationQueue":[],"_animationSpeed":1.103,"_zoom":16.125},{"_mousePosition":[683,384],"_rootPartCFrame":[759.854,222.669,45.125,-0.984,0,0.178,0,1,0,-0.178,0,-0.984],"_humanoidState":8,"_cameraCFrame":[758.63,240.049,42.059,-0.984,-0.175,0.031,0,0.174,0.985,-0.178,0.969,-0.171],"_shiftlockState":true,"_pose":"Running","_animationQueue":[],"_animationSpeed":1.103,"_zoom":16.125},{"_mousePosition":[683,384],"_rootPartCFrame":[759.591,222.683,45.078,-0.984,0,0.178,0,1,0,-0.178,0,-0.984],"_humanoidState":8,"_cameraCFrame":[758.367,240.063,42.011,-0.984,-0.175,0.031,0,0.174,0.985,-0.178,0.969,-0.171],"_shiftlockState":true,"_pose":"Running","_animationQueue":[],"_animationSpeed":1.103,"_zoom":16.125},{"_mousePosition":[683,384],"_rootPartCFrame":[759.263,222.692,45.019,-0.984,0,0.178,0,1,0,-0.178,0,-0.984],"_humanoidState":8,"_cameraCFrame":[758.047,240.072,41.949,-0.984,-0.178,0.031,0,0.174,0.985,-0.18,0.969,-0.171],"_shiftlockState":true,"_pose":"Running","_animationQueue":[["walk",0.1]],"_animationSpeed":1.103,"_zoom":16.125},{"_mousePosition":[683,384],"_rootPartCFrame":[759.001,222.695,44.971,-0.984,0,0.18,0,1,0,-0.18,0,-0.984],"_humanoidState":8,"_cameraCFrame":[757.784,240.075,41.901,-0.984,-0.178,0.031,0,0.174,0.985,-0.18,0.969,-0.171],"_shiftlockState":true,"_pose":"Running","_animationQueue":[],"_animationSpeed":1.103,"_zoom":16.125},{"_mousePosition":[683,384],"_rootPartCFrame":[758.738,222.697,44.923,-0.984,0,0.18,0,1,0,-0.18,0,-0.984],"_humanoidState":8,"_cameraCFrame":[757.522,240.077,41.853,-0.984,-0.178,0.031,0,0.174,0.985,-0.18,0.969,-0.171],"_shiftlockState":true,"_pose":"Running","_animationQueue":[],"_animationSpeed":1.103,"_zoom":16.125},{"_mousePosition":[683,384],"_rootPartCFrame":[758.476,222.698,44.875,-0.984,0,0.18,0,1,0,-0.18,0,-0.984],"_humanoidState":8,"_cameraCFrame":[757.26,240.078,41.805,-0.984,-0.178,0.031,0,0.174,0.985,-0.18,0.969,-0.171],"_shiftlockState":true,"_pose":"Running","_animationQueue":[],"_animationSpeed":1.103,"_zoom":16.125},{"_mousePosition":[683,384],"_rootPartCFrame":[758.214,222.699,44.827,-0.984,0,0.18,0,1,0,-0.18,0,-0.984],"_humanoidState":8,"_cameraCFrame":[756.998,240.079,41.757,-0.984,-0.178,0.031,0,0.174,0.985,-0.18,0.969,-0.171],"_shiftlockState":true,"_pose":"Running","_animationQueue":[],"_animationSpeed":1.103,"_zoom":16.125},{"_mousePosition":[683,384],"_rootPartCFrame":[757.952,223.572,44.779,-0.984,0,0.18,0,1,0,-0.18,0,-0.984],"_humanoidState":3,"_cameraCFrame":[756.736,240.952,41.709,-0.984,-0.178,0.031,0,0.174,0.985,-0.18,0.969,-0.171],"_shiftlockState":true,"_pose":"Jumping","_animationQueue":[["walk",0.1],["jump",0.1]],"_animationSpeed":1,"_zoom":16.125},{"_mousePosition":[683,384],"_rootPartCFrame":[757.689,224.394,44.731,-0.963,0,0.27,0,1,0,-0.27,0,-0.963],"_humanoidState":5,"_cameraCFrame":[756.473,241.774,41.661,-0.984,-0.178,0.031,0,0.174,0.985,-0.18,0.969,-0.171],"_shiftlockState":true,"_pose":"FreeFall","_animationQueue":[["jump",0.1]],"_animationSpeed":1,"_zoom":16.125},{"_mousePosition":[683,384],"_rootPartCFrame":[757.427,225.162,44.683,-0.952,0,0.305,0,1,0,-0.305,0,-0.952],"_humanoidState":5,"_cameraCFrame":[756.211,242.542,41.613,-0.984,-0.178,0.031,0,0.174,0.985,-0.18,0.969,-0.171],"_shiftlockState":true,"_pose":"FreeFall","_animationQueue":[],"_animationSpeed":1,"_zoom":16.125},{"_mousePosition":[683,384],"_rootPartCFrame":[757.231,225.702,44.647,-0.961,0,0.277,0,1,0,-0.277,0,-0.961],"_humanoidState":5,"_cameraCFrame":[756.014,243.082,41.577,-0.984,-0.178,0.031,0,0.174,0.985,-0.18,0.969,-0.171],"_shiftlockState":true,"_pose":"FreeFall","_animationQueue":[],"_animationSpeed":1,"_zoom":16.125},{"_mousePosition":[683,384],"_rootPartCFrame":[756.968,226.374,44.598,-0.951,0,0.309,0,1,0,-0.309,0,-0.951],"_humanoidState":5,"_cameraCFrame":[755.76,243.754,41.525,-0.983,-0.18,0.032,0,0.174,0.985,-0.183,0.968,-0.171],"_shiftlockState":true,"_pose":"FreeFall","_animationQueue":[],"_animationSpeed":1,"_zoom":16.125},{"_mousePosition":[683,384],"_rootPartCFrame":[756.706,226.991,44.55,-0.95,0,0.312,0,1,0,-0.312,0,-0.95],"_humanoidState":5,"_cameraCFrame":[755.506,244.371,41.474,-0.983,-0.183,0.032,0,0.174,0.985,-0.185,0.968,-0.171],"_shiftlockState":true,"_pose":"FreeFall","_animationQueue":[],"_animationSpeed":1,"_zoom":16.125},{"_mousePosition":[683,384],"_rootPartCFrame":[756.444,227.554,44.502,-0.949,0,0.314,0,1,0,-0.314,0,-0.949],"_humanoidState":5,"_cameraCFrame":[755.251,244.935,41.423,-0.982,-0.185,0.033,0,0.174,0.985,-0.188,0.967,-0.171],"_shiftlockState":true,"_pose":"FreeFall","_animationQueue":[],"_animationSpeed":1,"_zoom":16.125},{"_mousePosition":[683,384],"_rootPartCFrame":[756.116,228.182,44.44,-0.937,0,0.348,0,1,0,-0.348,0,-0.937],"_humanoidState":5,"_cameraCFrame":[754.931,245.562,41.358,-0.982,-0.187,0.033,0,0.174,0.985,-0.19,0.967,-0.17],"_shiftlockState":true,"_pose":"FreeFall","_animationQueue":[],"_animationSpeed":1,"_zoom":16.125},{"_mousePosition":[683,384],"_rootPartCFrame":[755.854,228.622,44.39,-0.948,0,0.319,0,1,0,-0.319,0,-0.948],"_humanoidState":5,"_cameraCFrame":[754.677,246.002,41.305,-0.981,-0.19,0.033,0,0.174,0.985,-0.193,0.966,-0.17],"_shiftlockState":true,"_pose":"FreeFall","_animationQueue":[],"_animationSpeed":1,"_zoom":16.125},{"_mousePosition":[683,384],"_rootPartCFrame":[755.658,228.917,44.352,-0.957,0,0.29,0,1,0,-0.29,0,-0.957],"_humanoidState":5,"_cameraCFrame":[754.497,246.297,41.261,-0.98,-0.195,0.034,0,0.174,0.985,-0.198,0.965,-0.17],"_shiftlockState":true,"_pose":"FreeFall","_animationQueue":[],"_animationSpeed":1,"_zoom":16.125},{"_mousePosition":[683,384],"_rootPartCFrame":[755.396,229.262,44.301,-0.945,0,0.326,0,1,0,-0.326,0,-0.945],"_humanoidState":5,"_cameraCFrame":[754.251,246.642,41.204,-0.979,-0.2,0.035,0,0.174,0.985,-0.203,0.964,-0.17],"_shiftlockState":true,"_pose":"FreeFall","_animationQueue":[],"_animationSpeed":1,"_zoom":16.125},{"_mousePosition":[683,384],"_rootPartCFrame":[755.135,229.553,44.248,-0.944,0,0.331,0,1,0,-0.331,0,-0.944],"_humanoidState":5,"_cameraCFrame":[754.005,246.933,41.146,-0.978,-0.205,0.036,0,0.174,0.985,-0.208,0.963,-0.17],"_shiftlockState":true,"_pose":"FreeFall","_animationQueue":[],"_animationSpeed":1,"_zoom":16.125},{"_mousePosition":[683,384],"_rootPartCFrame":[754.874,229.789,44.194,-0.942,0,0.336,0,1,0,-0.336,0,-0.942],"_humanoidState":5,"_cameraCFrame":[753.759,247.169,41.086,-0.977,-0.209,0.037,0,0.174,0.985,-0.213,0.962,-0.17],"_shiftlockState":true,"_pose":"FreeFall","_animationQueue":[],"_animationSpeed":1,"_zoom":16.125},{"_mousePosition":[683,384],"_rootPartCFrame":[754.613,229.97,44.139,-0.94,0,0.341,0,1,0,-0.341,0,-0.94],"_humanoidState":5,"_cameraCFrame":[753.53,247.351,41.02,-0.975,-0.219,0.039,0,0.174,0.985,-0.223,0.96,-0.169],"_shiftlockState":true,"_pose":"FreeFall","_animationQueue":[],"_animationSpeed":1,"_zoom":16.125},{"_mousePosition":[683,384],"_rootPartCFrame":[754.352,230.098,44.083,-0.937,0,0.35,0,1,0,-0.35,0,-0.937],"_humanoidState":5,"_cameraCFrame":[753.301,247.478,40.952,-0.973,-0.229,0.04,0,0.174,0.985,-0.232,0.958,-0.169],"_shiftlockState":true,"_pose":"FreeFall","_animationQueue":[],"_animationSpeed":1,"_zoom":16.125},{"_mousePosition":[683,384],"_rootPartCFrame":[754.092,230.17,44.024,-0.933,0,0.36,0,1,0,-0.36,0,-0.933],"_humanoidState":5,"_cameraCFrame":[753.081,247.55,40.88,-0.97,-0.241,0.042,0,0.174,0.985,-0.245,0.955,-0.168],"_shiftlockState":true,"_pose":"FreeFall","_animationQueue":[],"_animationSpeed":1,"_zoom":16.125},{"_mousePosition":[683,384],"_rootPartCFrame":[753.833,230.188,43.962,-0.928,0,0.371,0,1,0,-0.371,0,-0.928],"_humanoidState":5,"_cameraCFrame":[752.901,247.568,40.794,-0.963,-0.265,0.047,0,0.174,0.985,-0.269,0.948,-0.167],"_shiftlockState":true,"_pose":"FreeFall","_animationQueue":[],"_animationSpeed":1,"_zoom":16.125},{"_mousePosition":[683,384],"_rootPartCFrame":[753.574,230.152,43.897,-0.919,0,0.395,0,1,0,-0.395,0,-0.919],"_humanoidState":5,"_cameraCFrame":[752.699,247.532,40.713,-0.958,-0.282,0.05,0,0.174,0.985,-0.286,0.944,-0.166],"_shiftlockState":true,"_pose":"FreeFall","_animationQueue":[],"_animationSpeed":1,"_zoom":16.125},{"_mousePosition":[683,384],"_rootPartCFrame":[753.317,230.061,43.826,-0.912,0,0.411,0,1,0,-0.411,0,-0.912],"_humanoidState":5,"_cameraCFrame":[752.514,247.441,40.624,-0.951,-0.303,0.053,0,0.174,0.985,-0.308,0.937,-0.165],"_shiftlockState":true,"_pose":"FreeFall","_animationQueue":[],"_animationSpeed":1,"_zoom":16.125},{"_mousePosition":[683,384],"_rootPartCFrame":[753.061,229.916,43.751,-0.902,0,0.432,0,1,0,-0.432,0,-0.902],"_humanoidState":5,"_cameraCFrame":[752.324,247.296,40.532,-0.945,-0.322,0.057,0,0.174,0.985,-0.327,0.931,-0.164],"_shiftlockState":true,"_pose":"FreeFall","_animationQueue":[],"_animationSpeed":1,"_zoom":16.125},{"_mousePosition":[683,384],"_rootPartCFrame":[752.807,229.716,43.67,-0.893,0,0.45,0,1,0,-0.45,0,-0.893],"_humanoidState":5,"_cameraCFrame":[752.151,247.096,40.433,-0.936,-0.346,0.061,0,0.174,0.985,-0.351,0.922,-0.163],"_shiftlockState":true,"_pose":"FreeFall","_animationQueue":[],"_animationSpeed":1,"_zoom":16.125},{"_mousePosition":[683,384],"_rootPartCFrame":[752.555,229.462,43.583,-0.881,0,0.472,0,1,0,-0.472,0,-0.881],"_humanoidState":5,"_cameraCFrame":[751.989,246.842,40.33,-0.926,-0.371,0.065,0,0.174,0.985,-0.377,0.912,-0.161],"_shiftlockState":true,"_pose":"FreeFall","_animationQueue":[],"_animationSpeed":1,"_zoom":16.125},{"_mousePosition":[683,384],"_rootPartCFrame":[752.305,229.153,43.49,-0.868,0,0.497,0,1,0,-0.497,0,-0.868],"_humanoidState":5,"_cameraCFrame":[751.838,246.533,40.222,-0.914,-0.399,0.07,0,0.174,0.985,-0.405,0.901,-0.159],"_shiftlockState":true,"_pose":"FreeFall","_animationQueue":[["fall",0.3]],"_animationSpeed":1,"_zoom":16.125},{"_mousePosition":[683,384],"_rootPartCFrame":[752.058,228.789,43.391,-0.853,0,0.523,0,1,0,-0.523,0,-0.853],"_humanoidState":5,"_cameraCFrame":[751.69,246.169,40.11,-0.902,-0.426,0.075,0,0.174,0.985,-0.432,0.888,-0.157],"_shiftlockState":true,"_pose":"FreeFall","_animationQueue":[],"_animationSpeed":1,"_zoom":16.125},{"_mousePosition":[683,384],"_rootPartCFrame":[751.813,228.372,43.284,-0.836,0,0.548,0,1,0,-0.548,0,-0.836],"_humanoidState":5,"_cameraCFrame":[751.546,245.752,39.993,-0.888,-0.453,0.08,0,0.174,0.985,-0.46,0.875,-0.154],"_shiftlockState":true,"_pose":"FreeFall","_animationQueue":[],"_animationSpeed":1,"_zoom":16.125},{"_mousePosition":[683,384],"_rootPartCFrame":[751.572,227.899,43.17,-0.819,0,0.573,0,1,0,-0.573,0,-0.819],"_humanoidState":5,"_cameraCFrame":[751.422,245.279,39.871,-0.871,-0.483,0.085,0,0.174,0.985,-0.491,0.858,-0.151],"_shiftlockState":true,"_pose":"FreeFall","_animationQueue":[],"_animationSpeed":1,"_zoom":16.125},{"_mousePosition":[683,384],"_rootPartCFrame":[751.335,227.372,43.048,-0.798,0,0.602,0,1,0,-0.602,0,-0.798],"_humanoidState":5,"_cameraCFrame":[751.326,244.752,39.747,-0.849,-0.52,0.092,0,0.174,0.985,-0.528,0.836,-0.147],"_shiftlockState":true,"_pose":"FreeFall","_animationQueue":[],"_animationSpeed":1,"_zoom":16.125},{"_mousePosition":[683,384],"_rootPartCFrame":[751.102,226.791,42.919,-0.772,0,0.636,0,1,0,-0.636,0,-0.772],"_humanoidState":5,"_cameraCFrame":[751.26,244.171,39.621,-0.822,-0.561,0.099,0,0.174,0.985,-0.57,0.809,-0.143],"_shiftlockState":true,"_pose":"FreeFall","_animationQueue":[],"_animationSpeed":1,"_zoom":16.125},{"_mousePosition":[683,384],"_rootPartCFrame":[750.875,226.155,42.78,-0.739,0,0.674,0,1,0,-0.674,0,-0.739],"_humanoidState":5,"_cameraCFrame":[751.308,243.535,39.506,-0.771,-0.627,0.111,0,0.174,0.985,-0.637,0.759,-0.134],"_shiftlockState":true,"_pose":"FreeFall","_animationQueue":[],"_animationSpeed":1,"_zoom":16.125},{"_mousePosition":[683,384],"_rootPartCFrame":[750.654,225.465,42.629,-0.68,0,0.733,0,1,0,-0.733,0,-0.68],"_humanoidState":5,"_cameraCFrame":[751.269,242.845,39.385,-0.735,-0.668,0.118,0,0.174,0.985,-0.679,0.723,-0.128],"_shiftlockState":true,"_pose":"FreeFall","_animationQueue":[["fall",0.3]],"_animationSpeed":1,"_zoom":16.125},{"_mousePosition":[683,384],"_rootPartCFrame":[750.446,224.72,42.463,-0.638,0,0.77,0,1,0,-0.77,0,-0.638],"_humanoidState":5,"_cameraCFrame":[751.24,242.1,39.258,-0.696,-0.707,0.125,0,0.174,0.985,-0.718,0.685,-0.121],"_shiftlockState":true,"_pose":"FreeFall","_animationQueue":[],"_animationSpeed":1,"_zoom":16.125},{"_mousePosition":[683,384],"_rootPartCFrame":[750.248,223.921,42.284,-0.594,0,0.804,0,1,0,-0.804,0,-0.594],"_humanoidState":5,"_cameraCFrame":[751.188,241.301,39.119,-0.662,-0.738,0.13,0,0.174,0.985,-0.749,0.652,-0.115],"_shiftlockState":true,"_pose":"FreeFall","_animationQueue":[],"_animationSpeed":1,"_zoom":16.125},{"_mousePosition":[683,384],"_rootPartCFrame":[750.061,223.067,42.094,-0.557,0,0.831,0,1,0,-0.831,0,-0.557],"_humanoidState":5,"_cameraCFrame":[751.096,240.447,38.959,-0.639,-0.757,0.134,0,0.174,0.985,-0.769,0.629,-0.111],"_shiftlockState":true,"_pose":"FreeFall","_animationQueue":[],"_animationSpeed":1,"_zoom":16.125},{"_mousePosition":[683,384],"_rootPartCFrame":[749.839,222.432,41.846,-0.61,0,0.792,0,1,0,-0.792,0,-0.61],"_humanoidState":7,"_cameraCFrame":[750.874,239.812,38.71,-0.639,-0.757,0.134,0,0.174,0.985,-0.769,0.629,-0.111],"_shiftlockState":true,"_pose":"FreeFall","_animationQueue":[["walk",0.1],["fall",0.3],["fall",0.3]],"_animationSpeed":1,"_zoom":16.125},{"_mousePosition":[683,384],"_rootPartCFrame":[749.668,222.499,41.641,-0.639,0,0.77,0,1,0,-0.77,0,-0.639],"_humanoidState":7,"_cameraCFrame":[750.719,239.879,38.511,-0.635,-0.761,0.134,0,0.174,0.985,-0.772,0.626,-0.11],"_shiftlockState":true,"_pose":"FreeFall","_animationQueue":[],"_animationSpeed":1,"_zoom":16.125},{"_mousePosition":[683,384],"_rootPartCFrame":[749.497,222.582,41.436,-0.635,0,0.772,0,1,0,-0.772,0,-0.635],"_humanoidState":8,"_cameraCFrame":[750.532,239.962,38.301,-0.639,-0.757,0.134,0,0.174,0.985,-0.769,0.629,-0.111],"_shiftlockState":true,"_pose":"Running","_animationQueue":[["fall",0.3],["walk",0.1],["fall",0.3],["walk",0.1]],"_animationSpeed":1.103,"_zoom":16.125},{"_mousePosition":[683,384],"_rootPartCFrame":[749.328,222.635,41.231,-0.639,0,0.769,0,1,0,-0.769,0,-0.639],"_humanoidState":8,"_cameraCFrame":[750.291,240.015,38.072,-0.657,-0.743,0.131,0,0.174,0.985,-0.754,0.647,-0.114],"_shiftlockState":true,"_pose":"Running","_animationQueue":[],"_animationSpeed":1.103,"_zoom":16.125},{"_mousePosition":[683,384],"_rootPartCFrame":[749.159,222.647,41.025,-0.657,0,0.754,0,1,0,-0.754,0,-0.657],"_humanoidState":8,"_cameraCFrame":[749.944,240.027,37.818,-0.697,-0.706,0.124,0,0.174,0.985,-0.717,0.687,-0.121],"_shiftlockState":true,"_pose":"Running","_animationQueue":[],"_animationSpeed":1.103,"_zoom":16.125},{"_mousePosition":[683,384],"_rootPartCFrame":[748.989,223.509,40.819,-0.697,0,0.717,0,1,0,-0.717,0,-0.697],"_humanoidState":3,"_cameraCFrame":[749.685,240.889,37.591,-0.717,-0.686,0.121,0,0.174,0.985,-0.697,0.706,-0.125],"_shiftlockState":true,"_pose":"Jumping","_animationQueue":[["walk",0.1],["jump",0.1]],"_animationSpeed":1,"_zoom":16.125},{"_mousePosition":[683,384],"_rootPartCFrame":[748.807,224.318,40.624,-0.65,0,0.76,0,1,0,-0.76,0,-0.65],"_humanoidState":5,"_cameraCFrame":[749.289,241.698,37.358,-0.761,-0.638,0.113,0,0.174,0.985,-0.648,0.75,-0.132],"_shiftlockState":true,"_pose":"FreeFall","_animationQueue":[["jump",0.1]],"_animationSpeed":1,"_zoom":16.125},{"_mousePosition":[683,384],"_rootPartCFrame":[748.616,225.072,40.438,-0.672,0,0.74,0,1,0,-0.74,0,-0.672],"_humanoidState":5,"_cameraCFrame":[748.716,242.452,37.137,-0.832,-0.547,0.096,0,0.174,0.985,-0.555,0.819,-0.144],"_shiftlockState":true,"_pose":"FreeFall","_animationQueue":[],"_animationSpeed":1,"_zoom":16.125},{"_mousePosition":[683,384],"_rootPartCFrame":[748.415,225.771,40.263,-0.751,0,0.661,0,1,0,-0.661,0,-0.751],"_humanoidState":5,"_cameraCFrame":[748.214,243.151,36.967,-0.879,-0.47,0.083,0,0.174,0.985,-0.477,0.865,-0.153],"_shiftlockState":true,"_pose":"FreeFall","_animationQueue":[],"_animationSpeed":1,"_zoom":16.125},{"_mousePosition":[683,384],"_rootPartCFrame":[748.254,226.26,40.144,-0.827,0,0.563,0,1,0,-0.563,0,-0.827],"_humanoidState":5,"_cameraCFrame":[747.73,243.64,36.884,-0.921,-0.383,0.067,0,0.174,0.985,-0.389,0.907,-0.16],"_shiftlockState":true,"_pose":"FreeFall","_animationQueue":[],"_animationSpeed":1,"_zoom":16.125},{"_mousePosition":[683,384],"_rootPartCFrame":[748.024,226.864,40.01,-0.862,0,0.508,0,1,0,-0.508,0,-0.862],"_humanoidState":5,"_cameraCFrame":[747.189,244.244,36.815,-0.954,-0.294,0.052,0,0.174,0.985,-0.298,0.94,-0.166],"_shiftlockState":true,"_pose":"FreeFall","_animationQueue":[],"_animationSpeed":1,"_zoom":16.125},{"_mousePosition":[683,384],"_rootPartCFrame":[747.782,227.413,39.9,-0.906,0,0.422,0,1,0,-0.422,0,-0.906],"_humanoidState":5,"_cameraCFrame":[746.659,244.793,36.794,-0.978,-0.207,0.036,0,0.174,0.985,-0.21,0.963,-0.17],"_shiftlockState":true,"_pose":"FreeFall","_animationQueue":[],"_animationSpeed":1,"_zoom":16.125},{"_mousePosition":[683,384],"_rootPartCFrame":[747.53,227.908,39.814,-0.941,0,0.338,0,1,0,-0.338,0,-0.941],"_humanoidState":5,"_cameraCFrame":[746.156,245.283,36.782,-0.992,-0.126,0.022,0,0.176,0.984,-0.128,0.976,-0.174],"_shiftlockState":true,"_pose":"FreeFall","_animationQueue":[],"_animationSpeed":1,"_zoom":16.125},{"_mousePosition":[683,384],"_rootPartCFrame":[747.27,228.349,39.752,-0.966,0,0.259,0,1,0,-0.259,0,-0.966],"_humanoidState":5,"_cameraCFrame":[745.671,245.724,36.833,-0.999,-0.052,0.009,0,0.176,0.984,-0.052,0.983,-0.175],"_shiftlockState":true,"_pose":"FreeFall","_animationQueue":[],"_animationSpeed":1,"_zoom":16.125},{"_mousePosition":[683,384],"_rootPartCFrame":[746.941,228.823,39.704,-0.976,0,0.217,0,1,0,-0.217,0,-0.976],"_humanoidState":5,"_cameraCFrame":[745.124,246.192,36.884,-1,0.023,-0.004,0,0.177,0.984,0.024,0.984,-0.177],"_shiftlockState":true,"_pose":"FreeFall","_animationQueue":[],"_animationSpeed":1,"_zoom":16.125},{"_mousePosition":[683,384],"_rootPartCFrame":[746.741,229.066,39.69,-0.997,0,0.076,0,1,0,-0.076,0,-0.997],"_humanoidState":5,"_cameraCFrame":[744.716,246.435,37.016,-0.995,0.098,-0.018,0,0.177,0.984,0.099,0.979,-0.177],"_shiftlockState":true,"_pose":"FreeFall","_animationQueue":[],"_animationSpeed":1,"_zoom":16.125},{"_mousePosition":[683,384],"_rootPartCFrame":[746.475,229.344,39.691,-0.999,0,0.034,0,1,0,-0.034,0,-0.999],"_humanoidState":5,"_cameraCFrame":[744.265,246.713,37.168,-0.986,0.167,-0.03,0,0.177,0.984,0.17,0.97,-0.175],"_shiftlockState":true,"_pose":"FreeFall","_animationQueue":[],"_animationSpeed":1,"_zoom":16.125},{"_mousePosition":[683,384],"_rootPartCFrame":[746.209,229.566,39.714,-0.999,0,-0.037,0,1,0,0.037,0,-0.999],"_humanoidState":5,"_cameraCFrame":[743.82,246.935,37.359,-0.97,0.238,-0.043,0,0.177,0.984,0.241,0.955,-0.172],"_shiftlockState":true,"_pose":"FreeFall","_animationQueue":[],"_animationSpeed":1,"_zoom":16.125},{"_mousePosition":[683,384],"_rootPartCFrame":[745.946,229.734,39.755,-0.994,0,-0.11,0,1,0,0.11,0,-0.994],"_humanoidState":5,"_cameraCFrame":[743.38,247.103,37.595,-0.949,0.312,-0.056,0,0.177,0.984,0.317,0.933,-0.168],"_shiftlockState":true,"_pose":"FreeFall","_animationQueue":[],"_animationSpeed":1,"_zoom":16.125},{"_mousePosition":[683,384],"_rootPartCFrame":[745.686,229.848,39.816,-0.982,0,-0.188,0,1,0,0.188,0,-0.982],"_humanoidState":5,"_cameraCFrame":[742.873,247.211,37.94,-0.905,0.418,-0.076,0,0.179,0.984,0.425,0.891,-0.162],"_shiftlockState":true,"_pose":"FreeFall","_animationQueue":[],"_animationSpeed":1,"_zoom":16.125},{"_mousePosition":[683,384],"_rootPartCFrame":[745.432,229.907,39.896,-0.954,0,-0.301,0,1,0,0.301,0,-0.954],"_humanoidState":5,"_cameraCFrame":[742.485,247.27,38.239,-0.871,0.484,-0.088,0,0.179,0.984,0.492,0.856,-0.156],"_shiftlockState":true,"_pose":"FreeFall","_animationQueue":[],"_animationSpeed":1,"_zoom":16.125},{"_mousePosition":[683,384],"_rootPartCFrame":[745.187,229.911,40,-0.928,0,-0.372,0,1,0,0.372,0,-0.928],"_humanoidState":5,"_cameraCFrame":[742.113,247.269,38.53,-0.833,0.543,-0.1,0,0.181,0.983,0.553,0.82,-0.151],"_shiftlockState":true,"_pose":"FreeFall","_animationQueue":[],"_animationSpeed":1,"_zoom":16.125},{"_mousePosition":[683,384],"_rootPartCFrame":[744.953,229.861,40.127,-0.9,0,-0.437,0,1,0,0.437,0,-0.9],"_humanoidState":5,"_cameraCFrame":[741.789,247.219,38.862,-0.795,0.596,-0.11,0,0.181,0.983,0.606,0.782,-0.144],"_shiftlockState":true,"_pose":"FreeFall","_animationQueue":[["fall",0.3]],"_animationSpeed":1,"_zoom":16.125},{"_mousePosition":[683,384],"_rootPartCFrame":[744.729,229.75