[{"_mousePosition":[686,321],"_rootPartCFrame":[776.035,222.7,47.142,-0.002,0,1,0,1,0,-1,0,-0.002],"_humanoidState":8,"_cameraCFrame":[777.123,240.08,44.562,-0.921,-0.383,0.067,0,0.174,0.985,-0.389,0.907,-0.16],"_shiftlockState":false,"_pose":"Standing","_animationQueue":[],"_animationSpeed":1,"_zoom":16.125},{"_mousePosition":[686,321],"_rootPartCFrame":[775.685,222.7,46.995,0.081,0,0.997,0,1,0,-0.997,0,0.081],"_humanoidState":8,"_cameraCFrame":[776.773,240.08,44.415,-0.921,-0.383,0.067,0,0.174,0.985,-0.389,0.907,-0.16],"_shiftlockState":false,"_pose":"Standing","_animationQueue":[],"_animationSpeed":1,"_zoom":16.125},{"_mousePosition":[686,321],"_rootPartCFrame":[775.44,222.7,46.891,0.124,0,0.992,0,1,0,-0.992,0,0.124],"_humanoidState":8,"_cameraCFrame":[776.528,240.08,44.311,-0.921,-0.383,0.067,0,0.174,0.985,-0.389,0.907,-0.16],"_shiftlockState":false,"_pose":"Running","_animationQueue":[["walk",0.1]],"_animationSpeed":1.098,"_zoom":16.125},{"_mousePosition":[686,321],"_rootPartCFrame":[775.194,222.7,46.788,0.161,0,0.987,0,1,0,-0.987,0,0.161],"_humanoidState":8,"_cameraCFrame":[776.282,240.08,44.208,-0.921,-0.383,0.067,0,0.174,0.985,-0.389,0.907,-0.16],"_shiftlockState":false,"_pose":"Running","_animationQueue":[],"_animationSpeed":1.098,"_zoom":16.125},{"_mousePosition":[686,321],"_rootPartCFrame":[774.948,222.7,46.684,0.192,0,0.981,0,1,0,-0.981,0,0.192],"_humanoidState":8,"_cameraCFrame":[776.036,240.08,44.104,-0.921,-0.383,0.067,0,0.174,0.985,-0.389,0.907,-0.16],"_shiftlockState":false,"_pose":"Running","_animationQueue":[],"_animationSpeed":1.098,"_zoom":16.125},{"_mousePosition":[686,321],"_rootPartCFrame":[774.825,222.7,46.632,0.206,0,0.979,0,1,0,-0.979,0,0.206],"_humanoidState":8,"_cameraCFrame":[775.913,240.08,44.052,-0.921,-0.383,0.067,0,0.174,0.985,-0.389,0.907,-0.16],"_shiftlockState":false,"_pose":"Running","_animationQueue":[["walk",0.1]],"_animationSpeed":1.098,"_zoom":16.125},{"_mousePosition":[686,321],"_rootPartCFrame":[774.58,222.7,46.529,0.231,0,0.973,0,1,0,-0.973,0,0.231],"_humanoidState":8,"_cameraCFrame":[775.667,240.08,43.949,-0.921,-0.383,0.067,0,0.174,0.985,-0.389,0.907,-0.16],"_shiftlockState":false,"_pose":"Running","_animationQueue":[],"_animationSpeed":1.098,"_zoom":16.125},{"_mousePosition":[686,321],"_rootPartCFrame":[774.334,222.7,46.425,0.253,0,0.967,0,1,0,-0.967,0,0.253],"_humanoidState":8,"_cameraCFrame":[775.422,240.08,43.845,-0.921,-0.383,0.067,0,0.174,0.985,-0.389,0.907,-0.16],"_shiftlockState":false,"_pose":"Running","_animationQueue":[],"_animationSpeed":1.098,"_zoom":16.125},{"_mousePosition":[686,321],"_rootPartCFrame":[774.088,222.7,46.322,0.272,0,0.962,0,1,0,-0.962,0,0.272],"_humanoidState":8,"_cameraCFrame":[775.176,240.08,43.741,-0.921,-0.383,0.067,0,0.174,0.985,-0.389,0.907,-0.16],"_shiftlockState":false,"_pose":"Running","_animationQueue":[],"_animationSpeed":1.098,"_zoom":16.125},{"_mousePosition":[686,321],"_rootPartCFrame":[773.842,222.7,46.218,0.288,0,0.958,0,1,0,-0.958,0,0.288],"_humanoidState":8,"_cameraCFrame":[774.93,240.08,43.638,-0.921,-0.383,0.067,0,0.174,0.985,-0.389,0.907,-0.16],"_shiftlockState":false,"_pose":"Running","_animationQueue":[],"_animationSpeed":1.098,"_zoom":16.125},{"_mousePosition":[686,321],"_rootPartCFrame":[773.597,222.7,46.114,0.302,0,0.953,0,1,0,-0.953,0,0.302],"_humanoidState":8,"_cameraCFrame":[774.685,240.08,43.534,-0.921,-0.383,0.067,0,0.174,0.985,-0.389,0.907,-0.16],"_shiftlockState":false,"_pose":"Running","_animationQueue":[],"_animationSpeed":1.098,"_zoom":16.125},{"_mousePosition":[686,321],"_rootPartCFrame":[773.228,222.7,45.959,0.319,0,0.948,0,1,0,-0.948,0,0.319],"_humanoidState":8,"_cameraCFrame":[774.316,240.08,43.379,-0.921,-0.383,0.067,0,0.174,0.985,-0.389,0.907,-0.16],"_shiftlockState":false,"_pose":"Running","_animationQueue":[["walk",0.1]],"_animationSpeed":1.098,"_zoom":16.125},{"_mousePosition":[686,321],"_rootPartCFrame":[773.105,222.7,45.907,0.324,0,0.946,0,1,0,-0.946,0,0.324],"_humanoidState":8,"_cameraCFrame":[774.193,240.08,43.327,-0.921,-0.383,0.067,0,0.174,0.985,-0.389,0.907,-0.16],"_shiftlockState":false,"_pose":"Running","_animationQueue":[],"_animationSpeed":1.098,"_zoom":16.125},{"_mousePosition":[686,321],"_rootPartCFrame":[772.859,222.7,45.804,0.333,0,0.943,0,1,0,-0.943,0,0.333],"_humanoidState":8,"_cameraCFrame":[773.947,240.08,43.223,-0.921,-0.383,0.067,0,0.174,0.985,-0.389,0.907,-0.16],"_shiftlockState":false,"_pose":"Running","_animationQueue":[],"_animationSpeed":1.098,"_zoom":16.125},{"_mousePosition":[686,321],"_rootPartCFrame":[772.614,222.7,45.7,0.341,0,0.94,0,1,0,-0.94,0,0.341],"_humanoidState":8,"_cameraCFrame":[773.702,240.08,43.12,-0.921,-0.383,0.067,0,0.174,0.985,-0.389,0.907,-0.16],"_shiftlockState":false,"_pose":"Running","_animationQueue":[],"_animationSpeed":1.098,"_zoom":16.125},{"_mousePosition":[686,321],"_rootPartCFrame":[772.368,222.7,45.596,0.347,0,0.938,0,1,0,-0.938,0,0.347],"_humanoidState":8,"_cameraCFrame":[773.456,240.08,43.016,-0.921,-0.383,0.067,0,0.174,0.985,-0.389,0.907,-0.16],"_shiftlockState":false,"_pose":"Running","_animationQueue":[],"_animationSpeed":1.098,"_zoom":16.125},{"_mousePosition":[686,321],"_rootPartCFrame":[772.122,222.7,45.493,0.353,0,0.936,0,1,0,-0.936,0,0.353],"_humanoidState":8,"_cameraCFrame":[773.21,240.08,42.913,-0.921,-0.383,0.067,0,0.174,0.985,-0.389,0.907,-0.16],"_shiftlockState":false,"_pose":"Running","_animationQueue":[],"_animationSpeed":1.098,"_zoom":16.125},{"_mousePosition":[686,321],"_rootPartCFrame":[771.877,222.7,45.389,0.358,0,0.934,0,1,0,-0.934,0,0.358],"_humanoidState":8,"_cameraCFrame":[772.971,240.08,42.812,-0.92,-0.385,0.068,0,0.174,0.985,-0.391,0.906,-0.16],"_shiftlockState":false,"_pose":"Running","_animationQueue":[],"_animationSpeed":1.098,"_zoom":16.125},{"_mousePosition":[686,321],"_rootPartCFrame":[771.631,222.7,45.285,0.362,0,0.932,0,1,0,-0.932,0,0.362],"_humanoidState":8,"_cameraCFrame":[772.725,240.08,42.708,-0.92,-0.385,0.068,0,0.174,0.985,-0.391,0.906,-0.16],"_shiftlockState":false,"_pose":"Running","_animationQueue":[["walk",0.1]],"_animationSpeed":1.098,"_zoom":16.125},{"_mousePosition":[686,321],"_rootPartCFrame":[771.385,222.7,45.181,0.366,0,0.931,0,1,0,-0.931,0,0.366],"_humanoidState":8,"_cameraCFrame":[772.48,240.08,42.604,-0.92,-0.385,0.068,0,0.174,0.985,-0.391,0.906,-0.16],"_shiftlockState":false,"_pose":"Running","_animationQueue":[],"_animationSpeed":1.098,"_zoom":16.125},{"_mousePosition":[686,321],"_rootPartCFrame":[771.14,222.7,45.077,0.369,0,0.929,0,1,0,-0.929,0,0.369],"_humanoidState":8,"_cameraCFrame":[772.234,240.08,42.5,-0.92,-0.385,0.068,0,0.174,0.985,-0.391,0.906,-0.16],"_shiftlockState":false,"_pose":"Running","_animationQueue":[],"_animationSpeed":1.098,"_zoom":16.125},{"_mousePosition":[686,321],"_rootPartCFrame":[770.894,222.7,44.973,0.372,0,0.928,0,1,0,-0.928,0,0.372],"_humanoidState":8,"_cameraCFrame":[771.989,240.08,42.396,-0.92,-0.385,0.068,0,0.174,0.985,-0.391,0.906,-0.16],"_shiftlockState":false,"_pose":"Running","_animationQueue":[],"_animationSpeed":1.098,"_zoom":16.125},{"_mousePosition":[686,321],"_rootPartCFrame":[770.649,222.7,44.869,0.375,0,0.927,0,1,0,-0.927,0,0.375],"_humanoidState":8,"_cameraCFrame":[771.743,240.08,42.291,-0.92,-0.385,0.068,0,0.174,0.985,-0.391,0.906,-0.16],"_shiftlockState":false,"_pose":"Running","_animationQueue":[],"_animationSpeed":1.098,"_zoom":16.125},{"_mousePosition":[686,321],"_rootPartCFrame":[770.403,222.7,44.764,0.377,0,0.926,0,1,0,-0.926,0,0.377],"_humanoidState":8,"_cameraCFrame":[769.887,240.08,41.503,-0.92,-0.385,0.068,0,0.174,0.985,-0.391,0.906,-0.16],"_shiftlockState":true,"_pose":"Running","_animationQueue":[],"_animationSpeed":1.098,"_zoom":16.125},{"_mousePosition":[683,384],"_rootPartCFrame":[770.097,222.7,44.634,-0.953,0,0.302,0,1,0,-0.302,0,-0.953],"_humanoidState":8,"_cameraCFrame":[769.58,240.08,41.373,-0.92,-0.385,0.068,0,0.174,0.985,-0.391,0.906,-0.16],"_shiftlockState":true,"_pose":"Running","_animationQueue":[],"_animationSpeed":1.098,"_zoom":16.125},{"_mousePosition":[683,384],"_rootPartCFrame":[769.913,222.679,44.556,-0.947,0,0.32,0,1,0,-0.32,0,-0.947],"_humanoidState":8,"_cameraCFrame":[769.396,240.059,41.295,-0.92,-0.385,0.068,0,0.174,0.985,-0.391,0.906,-0.16],"_shiftlockState":true,"_pose":"Running","_animationQueue":[["walk",0.1]],"_animationSpeed":1.098,"_zoom":16.125},{"_mousePosition":[683,384],"_rootPartCFrame":[769.606,222.577,44.426,-0.963,0,0.269,0,1,0,-0.269,0,-0.963],"_humanoidState":8,"_cameraCFrame":[769.09,239.957,41.164,-0.92,-0.385,0.068,0,0.174,0.985,-0.391,0.906,-0.16],"_shiftlockState":true,"_pose":"Running","_animationQueue":[],"_animationSpeed":1.098,"_zoom":16.125},{"_mousePosition":[683,384],"_rootPartCFrame":[769.422,222.475,44.347,-0.948,0,0.318,0,1,0,-0.318,0,-0.948],"_humanoidState":8,"_cameraCFrame":[768.906,239.855,41.086,-0.92,-0.385,0.068,0,0.174,0.985,-0.391,0.906,-0.16],"_shiftlockState":true,"_pose":"Running","_animationQueue":[],"_animationSpeed":1.098,"_zoom":16.125},{"_mousePosition":[683,384],"_rootPartCFrame":[769.115,223.559,44.217,-0.963,0,0.269,0,1,0,-0.269,0,-0.963],"_humanoidState":3,"_cameraCFrame":[768.582,240.939,40.959,-0.922,-0.38,0.067,0,0.174,0.985,-0.386,0.908,-0.16],"_shiftlockState":true,"_pose":"Jumping","_animationQueue":[["walk",0.1],["jump",0.1]],"_animationSpeed":1,"_zoom":16.125},{"_mousePosition":[683,384],"_rootPartCFrame":[768.87,224.367,44.113,-0.898,0,0.441,0,1,0,-0.441,0,-0.898],"_humanoidState":5,"_cameraCFrame":[768.304,241.747,40.86,-0.926,-0.371,0.065,0,0.174,0.985,-0.377,0.912,-0.161],"_shiftlockState":true,"_pose":"FreeFall","_animationQueue":[["jump",0.1]],"_animationSpeed":1,"_zoom":16.125},{"_mousePosition":[683,384],"_rootPartCFrame":[768.686,224.938,44.036,-0.888,0,0.461,0,1,0,-0.461,0,-0.888],"_humanoidState":5,"_cameraCFrame":[768.095,242.318,40.787,-0.929,-0.364,0.064,0,0.174,0.985,-0.37,0.915,-0.161],"_shiftlockState":true,"_pose":"FreeFall","_animationQueue":[],"_animationSpeed":1,"_zoom":16.125},{"_mousePosition":[683,384],"_rootPartCFrame":[768.439,225.651,43.935,-0.873,0,0.488,0,1,0,-0.488,0,-0.873],"_humanoidState":5,"_cameraCFrame":[767.815,243.031,40.692,-0.933,-0.355,0.063,0,0.174,0.985,-0.36,0.919,-0.162],"_shiftlockState":true,"_pose":"FreeFall","_animationQueue":[],"_animationSpeed":1,"_zoom":16.125},{"_mousePosition":[683,384],"_rootPartCFrame":[768.191,226.309,43.836,-0.877,0,0.481,0,1,0,-0.481,0,-0.877],"_humanoidState":5,"_cameraCFrame":[767.527,243.689,40.601,-0.937,-0.343,0.061,0,0.174,0.985,-0.349,0.923,-0.163],"_shiftlockState":true,"_pose":"FreeFall","_animationQueue":[],"_animationSpeed":1,"_zoom":16.125},{"_mousePosition":[683,384],"_rootPartCFrame":[767.942,226.913,43.739,-0.883,0,0.47,0,1,0,-0.47,0,-0.883],"_humanoidState":5,"_cameraCFrame":[767.245,244.293,40.512,-0.941,-0.334,0.059,0,0.174,0.985,-0.339,0.926,-0.163],"_shiftlockState":true,"_pose":"FreeFall","_animationQueue":[],"_animationSpeed":1,"_zoom":16.125},{"_mousePosition":[683,384],"_rootPartCFrame":[767.693,227.463,43.646,-0.887,0,0.461,0,1,0,-0.461,0,-0.887],"_humanoidState":5,"_cameraCFrame":[766.963,244.843,40.426,-0.944,-0.324,0.057,0,0.174,0.985,-0.329,0.93,-0.164],"_shiftlockState":true,"_pose":"FreeFall","_animationQueue":[],"_animationSpeed":1,"_zoom":16.125},{"_mousePosition":[683,384],"_rootPartCFrame":[767.442,227.958,43.555,-0.892,0,0.452,0,1,0,-0.452,0,-0.892],"_humanoidState":5,"_cameraCFrame":[766.663,245.338,40.346,-0.949,-0.31,0.055,0,0.174,0.985,-0.315,0.935,-0.165],"_shiftlockState":true,"_pose":"FreeFall","_animationQueue":[],"_animationSpeed":1,"_zoom":16.125},{"_mousePosition":[683,384],"_rootPartCFrame":[767.19,228.398,43.467,-0.899,0,0.438,0,1,0,-0.438,0,-0.899],"_humanoidState":5,"_cameraCFrame":[766.355,245.778,40.272,-0.954,-0.294,0.052,0,0.174,0.985,-0.298,0.94,-0.166],"_shiftlockState":true,"_pose":"FreeFall","_animationQueue":[],"_animationSpeed":1,"_zoom":16.125},{"_mousePosition":[683,384],"_rootPartCFrame":[766.937,228.784,43.382,-0.906,0,0.422,0,1,0,-0.422,0,-0.906],"_humanoidState":5,"_cameraCFrame":[766.037,246.164,40.205,-0.96,-0.275,0.048,0,0.174,0.985,-0.279,0.946,-0.167],"_shiftlockState":true,"_pose":"FreeFall","_animationQueue":[],"_animationSpeed":1,"_zoom":16.125},{"_mousePosition":[683,384],"_rootPartCFrame":[766.683,229.116,43.302,-0.915,0,0.404,0,1,0,-0.404,0,-0.915],"_humanoidState":5,"_cameraCFrame":[765.671,246.496,40.159,-0.97,-0.241,0.042,0,0.174,0.985,-0.245,0.955,-0.168],"_shiftlockState":true,"_pose":"FreeFall","_animationQueue":[],"_animationSpeed":1,"_zoom":16.125},{"_mousePosition":[683,384],"_rootPartCFrame":[766.427,229.393,43.227,-0.929,0,0.371,0,1,0,-0.371,0,-0.929],"_humanoidState":5,"_cameraCFrame":[765.352,246.773,40.105,-0.974,-0.222,0.039,0,0.174,0.985,-0.225,0.96,-0.169],"_shiftlockState":true,"_pose":"FreeFall","_animationQueue":[],"_animationSpeed":1,"_zoom":16.125},{"_mousePosition":[683,384],"_rootPartCFrame":[766.169,229.615,43.16,-0.936,0,0.352,0,1,0,-0.352,0,-0.936],"_humanoidState":5,"_cameraCFrame":[765.023,246.995,40.064,-0.979,-0.2,0.035,0,0.174,0.985,-0.203,0.964,-0.17],"_shiftlockState":true,"_pose":"FreeFall","_animationQueue":[],"_animationSpeed":1,"_zoom":16.125},{"_mousePosition":[683,384],"_rootPartCFrame":[765.909,229.783,43.1,-0.944,0,0.331,0,1,0,-0.331,0,-0.944],"_humanoidState":5,"_cameraCFrame":[764.685,247.163,40.033,-0.984,-0.175,0.031,0,0.174,0.985,-0.178,0.969,-0.171],"_shiftlockState":true,"_pose":"FreeFall","_animationQueue":[],"_animationSpeed":1,"_zoom":16.125},{"_mousePosition":[683,384],"_rootPartCFrame":[765.648,229.897,43.045,-0.952,0,0.307,0,1,0,-0.307,0,-0.952],"_humanoidState":5,"_cameraCFrame":[764.324,247.277,40.02,-0.989,-0.143,0.025,0,0.174,0.985,-0.145,0.974,-0.172],"_shiftlockState":true,"_pose":"FreeFall","_animationQueue":[],"_animationSpeed":1,"_zoom":16.125},{"_mousePosition":[683,384],"_rootPartCFrame":[765.386,229.956,42.996,-0.961,0,0.276,0,1,0,-0.276,0,-0.961],"_humanoidState":5,"_cameraCFrame":[763.956,247.336,40.02,-0.994,-0.109,0.019,0,0.174,0.985,-0.11,0.979,-0.173],"_shiftlockState":true,"_pose":"FreeFall","_animationQueue":[],"_animationSpeed":1,"_zoom":16.125},{"_mousePosition":[683,384],"_rootPartCFrame":[765.056,229.953,42.946,-0.962,0,0.274,0,1,0,-0.274,0,-0.962],"_humanoidState":5,"_cameraCFrame":[763.514,247.333,40.027,-0.997,-0.071,0.013,0,0.174,0.985,-0.072,0.982,-0.173],"_shiftlockState":true,"_pose":"FreeFall","_animationQueue":[["fall",0.3]],"_animationSpeed":1,"_zoom":16.125},{"_mousePosition":[683,384],"_rootPartCFrame":[764.792,229.889,42.916,-0.979,0,0.204,0,1,0,-0.204,0,-0.979],"_humanoidState":5,"_cameraCFrame":[763.125,247.269,40.065,-1,-0.029,0.005,0,0.174,0.985,-0.03,0.984,-0.174],"_shiftlockState":true,"_pose":"FreeFall","_animationQueue":[],"_animationSpeed":1,"_zoom":16.125},{"_mousePosition":[683,384],"_rootPartCFrame":[764.526,229.771,42.895,-0.987,0,0.162,0,1,0,-0.162,0,-0.987],"_humanoidState":5,"_cameraCFrame":[762.738,247.151,40.119,-1,0.013,-0.002,0,0.174,0.985,0.013,0.985,-0.174],"_shiftlockState":true,"_pose":"FreeFall","_animationQueue":[],"_animationSpeed":1,"_zoom":16.125},{"_mousePosition":[683,384],"_rootPartCFrame":[764.259,229.599,42.885,-0.993,0,0.119,0,1,0,-0.119,0,-0.993],"_humanoidState":5,"_cameraCFrame":[762.34,246.979,40.198,-0.998,0.061,-0.011,0,0.174,0.985,0.062,0.983,-0.173],"_shiftlockState":true,"_pose":"FreeFall","_animationQueue":[],"_animationSpeed":1,"_zoom":16.125},{"_mousePosition":[683,384],"_rootPartCFrame":[764.059,229.433,42.886,-0.999,0,0.038,0,1,0,-0.038,0,-0.999],"_humanoidState":5,"_cameraCFrame":[762.007,246.813,40.3,-0.994,0.11,-0.019,0,0.174,0.985,0.112,0.979,-0.173],"_shiftlockState":true,"_pose":"FreeFall","_animationQueue":[],"_animationSpeed":1,"_zoom":16.125},{"_mousePosition":[683,384],"_rootPartCFrame":[763.66,229.011,42.909,-0.996,0,0.088,0,1,0,-0.088,0,-0.996],"_humanoidState":5,"_cameraCFrame":[761.423,246.391,40.48,-0.983,0.182,-0.032,0,0.174,0.985,0.185,0.968,-0.171],"_shiftlockState":true,"_pose":"FreeFall","_animationQueue":[],"_animationSpeed":1,"_zoom":16.125},{"_mousePosition":[683,384],"_rootPartCFrame":[763.395,228.661,42.937,-0.999,0,-0.052,0,1,0,0.052,0,-0.999],"_humanoidState":5,"_cameraCFrame":[761.074,246.041,40.588,-0.976,0.216,-0.038,0,0.174,0.985,0.219,0.961,-0.169],"_shiftlockState":true,"_pose":"FreeFall","_animationQueue":[["fall",0.3]],"_animationSpeed":1,"_zoom":16.125},{"_mousePosition":[683,384],"_rootPartCFrame":[763.132,228.257,42.982,-0.996,0,-0.088,0,1,0,0.088,0,-0.996],"_humanoidState":5,"_cameraCFrame":[760.747,245.637,40.699,-0.969,0.243,-0.043,0,0.174,0.985,0.246,0.954,-0.168],"_shiftlockState":true,"_pose":"FreeFall","_animationQueue":[],"_animationSpeed":1,"_zoom":16.125},{"_mousePosition":[683,384],"_rootPartCFrame":[762.807,227.675,43.054,-0.997,0,-0.082,0,1,0,0.082,0,-0.997],"_humanoidState":5,"_cameraCFrame":[760.404,245.055,40.789,-0.967,0.25,-0.044,0,0.174,0.985,0.254,0.953,-0.168],"_shiftlockState":true,"_pose":"FreeFall","_animationQueue":[],"_animationSpeed":1,"_zoom":16.125},{"_mousePosition":[683,384],"_rootPartCFrame":[762.613,227.285,43.102,-0.988,0,-0.156,0,1,0,0.156,0,-0.988],"_humanoidState":5,"_cameraCFrame":[760.21,244.665,40.837,-0.967,0.25,-0.044,0,0.174,0.985,0.254,0.953,-0.168],"_shiftlockState":true,"_pose":"FreeFall","_animationQueue":[],"_animationSpeed":1,"_zoom":16.125},{"_mousePosition":[683,384],"_rootPartCFrame":[762.355,226.717,43.169,-0.992,0,-0.123,0,1,0,0.123,0,-0.992],"_humanoidState":5,"_cameraCFrame":[759.952,244.097,40.904,-0.967,0.25,-0.044,0,0.174,0.985,0.254,0.953,-0.168],"_shiftlockState":true,"_pose":"FreeFall","_animationQueue":[],"_animationSpeed":1,"_zoom":16.125},{"_mousePosition":[683,384],"_rootPartCFrame":[762.096,226.095,43.237,-0.992,0,-0.123,0,1,0,0.123,0,-0.992],"_humanoidState":5,"_cameraCFrame":[759.694,243.475,40.972,-0.967,0.25,-0.044,0,0.174,0.985,0.254,0.953,-0.168],"_shiftlockState":true,"_pose":"FreeFall","_animationQueue":[],"_animationSpeed":1,"_zoom":16.125},{"_mousePosition":[683,384],"_rootPartCFrame":[761.838,225.418,43.304,-0.992,0,-0.123,0,1,0,0.123,0,-0.992],"_humanoidState":5,"_cameraCFrame":[759.43,242.798,41.046,-0.967,0.252,-0.044,0,0.174,0.985,0.256,0.952,-0.168],"_shiftlockState":true,"_pose":"FreeFall","_animationQueue":[],"_animationSpeed":1,"_zoom":16.125},{"_mousePosition":[683,384],"_rootPartCFrame":[761.645,224.875,43.355,-0.987,0,-0.158,0,1,0,0.158,0,-0.987],"_humanoidState":5,"_cameraCFrame":[759.248,242.255,41.084,-0.968,0.247,-0.044,0,0.174,0.985,0.251,0.953,-0.168],"_shiftlockState":true,"_pose":"FreeFall","_animationQueue":[["fall",0.3]],"_animationSpeed":1,"_zoom":16.125},{"_mousePosition":[683,384],"_rootPartCFrame":[761.452,224.301,43.406,-0.988,0,-0.153,0,1,0,0.153,0,-0.988],"_humanoidState":5,"_cameraCFrame":[759.094,241.676,41.057,-0.973,0.228,-0.041,0,0.176,0.984,0.232,0.958,-0.171],"_shiftlockState":true,"_pose":"FreeFall","_animationQueue":[],"_animationSpeed":1,"_zoom":16.125},{"_mousePosition":[683,384],"_rootPartCFrame":[761.193,223.488,43.473,-0.995,0,-0.1,0,1,0,0.1,0,-0.995],"_humanoidState":5,"_cameraCFrame":[758.945,240.857,40.984,-0.983,0.182,-0.033,0,0.177,0.984,0.185,0.967,-0.174],"_shiftlockState":true,"_pose":"FreeFall","_animationQueue":[],"_animationSpeed":1,"_zoom":16.125},{"_mousePosition":[683,384],"_rootPartCFrame":[760.934,222.73,43.536,-0.99,0,-0.144,0,1,0,0.144,0,-0.99],"_humanoidState":7,"_cameraCFrame":[758.909,240.099,40.862,-0.995,0.098,-0.018,0,0.177,0.984,0.099,0.979,-0.177],"_shiftlockState":true,"_pose":"FreeFall","_animationQueue":[["walk",0.1],["fall",0.3],["fall",0.3]],"_animationSpeed":1,"_zoom":16.125},{"_mousePosition":[683,384],"_rootPartCFrame":[760.673,222.693,43.587,-0.996,0,-0.095,0,1,0,0.095,0,-0.996],"_humanoidState":7,"_cameraCFrame":[759.18,240.062,40.583,-0.996,-0.086,0.016,0,0.177,0.984,-0.088,0.98,-0.177],"_shiftlockState":true,"_pose":"FreeFall","_animationQueue":[],"_animationSpeed":1,"_zoom":16.125},{"_mousePosition":[683,384],"_rootPartCFrame":[760.341,222.812,43.623,-0.995,0,0.101,0,1,0,-0.101,0,-0.995],"_humanoidState":8,"_cameraCFrame":[759.273,240.187,40.471,-0.974,-0.221,0.04,0,0.176,0.984,-0.225,0.959,-0.171],"_shiftlockState":true,"_pose":"Running","_animationQueue":[["walk",0.1],["fall",0.3],["walk",0.1]],"_animationSpeed":1.103,"_zoom":16.125},{"_mousePosition":[683,384],"_rootPartCFrame":[760.076,222.874,43.604,-0.972,0,0.234,0,1,0,-0.234,0,-0.972],"_humanoidState":8,"_cameraCFrame":[759.428,240.254,40.366,-0.936,-0.348,0.061,0,0.174,0.985,-0.353,0.921,-0.162],"_shiftlockState":true,"_pose":"Running","_animationQueue":[],"_animationSpeed":1.103,"_zoom":16.125},{"_mousePosition":[683,384],"_rootPartCFrame":[759.815,222.909,43.529,-0.933,0,0.36,0,1,-0.001,-0.36,-0.001,-0.933],"_humanoidState":8,"_cameraCFrame":[759.49,240.289,40.242,-0.896,-0.437,0.077,0,0.174,0.985,-0.444,0.883,-0.156],"_shiftlockState":true,"_pose":"Running","_animationQueue":[["walk",0.1]],"_animationSpeed":1.103,"_zoom":16.125},{"_mousePosition":[683,384],"_rootPartCFrame":[759.564,222.928,43.426,-0.895,0,0.446,0,1,0,-0.446,0,-0.895],"_humanoidState":8,"_cameraCFrame":[759.405,240.308,40.127,-0.873,-0.481,0.085,0,0.174,0.985,-0.489,0.859,-0.152],"_shiftlockState":true,"_pose":"Running","_animationQueue":[],"_animationSpeed":1.103,"_zoom":16.125},{"_mousePosition":[683,384],"_rootPartCFrame":[759.324,222.938,43.311,-0.872,0,0.489,0,1,0,-0.489,0,-0.872],"_humanoidState":8,"_cameraCFrame":[759.215,240.318,40.011,-0.865,-0.494,0.087,0,0.174,0.985,-0.502,0.852,-0.15],"_shiftlockState":true,"_pose":"Running","_animationQueue":[],"_animationSpeed":1.103,"_zoom":16.125},{"_mousePosition":[683,384],"_rootPartCFrame":[759.09,222.943,43.183,-0.865,0,0.502,0,1,0,-0.502,0,-0.865],"_humanoidState":8,"_cameraCFrame":[758.931,240.323,39.885,-0.873,-0.481,0.085,0,0.174,0.985,-0.489,0.859,-0.152],"_shiftlockState":true,"_pose":"Running","_animationQueue":[],"_animationSpeed":1.103,"_zoom":16.125},{"_mousePosition":[683,384],"_rootPartCFrame":[758.802,222.947,43.016,-0.873,0,0.489,0,1,0,-0.489,0,-0.873],"_humanoidState":8,"_cameraCFrame":[758.501,240.327,39.728,-0.893,-0.444,0.078,0,0.174,0.985,-0.451,0.879,-0.155],"_shiftlockState":true,"_pose":"Running","_animationQueue":[],"_animationSpeed":1.103,"_zoom":16.125},{"_mousePosition":[683,384],"_rootPartCFrame":[758.627,222.948,42.918,-0.893,0,0.451,0,1,0,-0.451,0,-0.893],"_humanoidState":8,"_cameraCFrame":[758.152,240.328,39.65,-0.915,-0.396,0.07,0,0.174,0.985,-0.402,0.902,-0.159],"_shiftlockState":true,"_pose":"Running","_animationQueue":[],"_animationSpeed":1.103,"_zoom":16.125},{"_mousePosition":[683,384],"_rootPartCFrame":[758.39,222.949,42.796,-0.915,0,0.402,0,1,0,-0.402,0,-0.915],"_humanoidState":8,"_cameraCFrame":[757.75,240.329,39.557,-0.935,-0.35,0.062,0,0.174,0.985,-0.356,0.92,-0.162],"_shiftlockState":true,"_pose":"Running","_animationQueue":[["walk",0.1]],"_animationSpeed":1.103,"_zoom":16.125},{"_mousePosition":[683,384],"_rootPartCFrame":[758.092,224.019,42.646,-0.935,0,0.356,0,1,0,-0.356,0,-0.935],"_humanoidState":3,"_cameraCFrame":[757.314,241.399,39.437,-0.949,-0.31,0.055,0,0.174,0.985,-0.315,0.935,-0.165],"_shiftlockState":true,"_pose":"Jumping","_animationQueue":[["walk",0.1],["jump",0.1]],"_animationSpeed":1,"_zoom":16.125},{"_mousePosition":[683,384],"_rootPartCFrame":[757.908,224.62,42.568,-0.927,0,0.374,0,1,0,-0.374,0,-0.927],"_humanoidState":5,"_cameraCFrame":[757.017,242,39.389,-0.96,-0.277,0.049,0,0.174,0.985,-0.281,0.945,-0.167],"_shiftlockState":true,"_pose":"FreeFall","_animationQueue":[["jump",0.1]],"_animationSpeed":1,"_zoom":16.125},{"_mousePosition":[683,384],"_rootPartCFrame":[757.656,225.374,42.482,-0.917,0,0.399,0,1,0,-0.399,0,-0.917],"_humanoidState":5,"_cameraCFrame":[756.644,242.754,39.339,-0.97,-0.241,0.042,0,0.174,0.985,-0.245,0.955,-0.168],"_shiftlockState":true,"_pose":"FreeFall","_animationQueue":[],"_animationSpeed":1,"_zoom":16.125},{"_mousePosition":[683,384],"_rootPartCFrame":[757.337,226.24,42.387,-0.916,0,0.401,0,1,0,-0.401,0,-0.916],"_humanoidState":5,"_cameraCFrame":[756.246,243.62,39.27,-0.975,-0.217,0.038,0,0.174,0.985,-0.22,0.961,-0.169],"_shiftlockState":true,"_pose":"FreeFall","_animationQueue":[],"_animationSpeed":1,"_zoom":16.125},{"_mousePosition":[683,384],"_rootPartCFrame":[757.078,226.871,42.32,-0.938,0,0.348,0,1,0,-0.348,0,-0.938],"_humanoidState":5,"_cameraCFrame":[755.885,244.251,39.241,-0.982,-0.185,0.033,0,0.174,0.985,-0.188,0.967,-0.171],"_shiftlockState":true,"_pose":"FreeFall","_animationQueue":[],"_animationSpeed":1,"_zoom":16.125},{"_mousePosition":[683,384],"_rootPartCFrame":[756.883,227.308,42.275,-0.959,0,0.285,0,1,0,-0.285,0,-0.959],"_humanoidState":5,"_cameraCFrame":[755.575,244.689,39.244,-0.989,-0.148,0.026,0,0.174,0.985,-0.15,0.974,-0.172],"_shiftlockState":true,"_pose":"FreeFall","_animationQueue":[],"_animationSpeed":1,"_zoom":16.125},{"_mousePosition":[683,384],"_rootPartCFrame":[756.622,227.844,42.224,-0.96,0,0.28,0,1,0,-0.28,0,-0.96],"_humanoidState":5,"_cameraCFrame":[755.184,245.224,39.251,-0.994,-0.106,0.019,0,0.174,0.985,-0.108,0.979,-0.173],"_shiftlockState":true,"_pose":"FreeFall","_animationQueue":[],"_animationSpeed":1,"_zoom":16.125},{"_mousePosition":[683,384],"_rootPartCFrame":[756.358,228.326,42.182,-0.971,0,0.239,0,1,0,-0.239,0,-0.971],"_humanoidState":5,"_cameraCFrame":[754.794,245.706,39.274,-0.998,-0.064,0.011,0,0.174,0.985,-0.065,0.983,-0.173],"_shiftlockState":true,"_pose":"FreeFall","_animationQueue":[],"_animationSpeed":1,"_zoom":16.125},{"_mousePosition":[683,384],"_rootPartCFrame":[756.094,228.753,42.152,-0.98,0,0.197,0,1,0,-0.197,0,-0.98],"_humanoidState":5,"_cameraCFrame":[754.398,246.133,39.318,-1,-0.019,0.003,0,0.174,0.985,-0.019,0.985,-0.174],"_shiftlockState":true,"_pose":"FreeFall","_animationQueue":[],"_animationSpeed":1,"_zoom":16.125},{"_mousePosition":[683,384],"_rootPartCFrame":[755.828,229.125,42.133,-0.988,0,0.152,0,1,0,-0.152,0,-0.988],"_humanoidState":5,"_cameraCFrame":[754.005,246.505,39.379,-1,0.026,-0.005,0,0.174,0.985,0.026,0.984,-0.174],"_shiftlockState":true,"_pose":"FreeFall","_animationQueue":[],"_animationSpeed":1,"_zoom":16.125},{"_mousePosition":[683,384],"_rootPartCFrame":[755.561,229.443,42.126,-0.994,0,0.107,0,1,0,-0.107,0,-0.994],"_humanoidState":5,"_cameraCFrame":[753.628,246.823,39.448,-0.998,0.066,-0.012,0,0.174,0.985,0.067,0.983,-0.173],"_shiftlockState":true,"_pose":"FreeFall","_animationQueue":[],"_animationSpeed":1,"_zoom":16.125},{"_mousePosition":[683,384],"_rootPartCFrame":[755.294,229.706,42.131,-0.998,0,0.067,0,1,0,-0.067,0,-0.998],"_humanoidState":5,"_cameraCFrame":[753.262,247.086,39.529,-0.995,0.103,-0.018,0,0.174,0.985,0.104,0.979,-0.173],"_shiftlockState":true,"_pose":"FreeFall","_animationQueue":[],"_animationSpeed":1,"_zoom":16.125},{"_mousePosition":[683,384],"_rootPartCFrame":[755.028,229.915,42.147,-1,0,0.029,0,1,0,-0.029,0,-1],"_humanoidState":5,"_cameraCFrame":[752.917,247.295,39.608,-0.991,0.133,-0.023,0,0.174,0.985,0.135,0.976,-0.172],"_shiftlockState":true,"_pose":"FreeFall","_animationQueue":[],"_animationSpeed":1,"_zoom":16.125},{"_mousePosition":[683,384],"_rootPartCFrame":[754.763,230.07,42.173,-1,0,-0.002,0,1,0,0.002,0,-1],"_humanoidState":5,"_cameraCFrame":[752.545,247.45,39.727,-0.984,0.174,-0.031,0,0.174,0.985,0.177,0.969,-0.171],"_shiftlockState":true,"_pose":"FreeFall","_animationQueue":[],"_animationSpeed":1,"_zoom":16.125},{"_mousePosition":[683,384],"_rootPartCFrame":[754.432,230.186,42.217,-1,0,-0.011,0,1,0,0.011,0,-1],"_humanoidState":5,"_cameraCFrame":[752.184,247.566,39.799,-0.982,0.187,-0.033,0,0.174,0.985,0.189,0.967,-0.171],"_shiftlockState":true,"_pose":"FreeFall","_animationQueue":[],"_animationSpeed":1,"_zoom":16.125},{"_mousePosition":[683,384],"_rootPartCFrame":[754.235,230.215,42.251,-0.996,0,-0.091,0,1,0,0.091,0,-0.996],"_humanoidState":5,"_cameraCFrame":[751.896,247.595,39.92,-0.974,0.223,-0.039,0,0.174,0.985,0.227,0.959,-0.169],"_shiftlockState":true,"_pose":"FreeFall","_animationQueue":[],"_animationSpeed":1,"_zoom":16.125},{"_mousePosition":[683,384],"_rootPartCFrame":[753.843,230.181,42.326,-1,0,-0.029,0,1,0,0.029,0,-1],"_humanoidState":5,"_cameraCFrame":[751.445,247.561,40.055,-0.968,0.247,-0.044,0,0.174,0.985,0.251,0.953,-0.168],"_shiftlockState":true,"_pose":"FreeFall","_animationQueue":[],"_animationSpeed":1,"_zoom":16.125},{"_mousePosition":[683,384],"_rootPartCFrame":[753.583,230.09,42.385,-0.993,0,-0.12,0,1,0,0.12,0,-0.993],"_humanoidState":5,"_cameraCFrame":[751.123,247.47,40.182,-0.961,0.274,-0.048,0,0.174,0.985,0.278,0.946,-0.167],"_shiftlockState":true,"_pose":"FreeFall","_animationQueue":[],"_animationSpeed":1,"_zoom":16.125},{"_mousePosition":[683,384],"_rootPartCFrame":[753.324,229.945,42.451,-0.989,0,-0.148,0,1,0,0.148,0,-0.989],"_humanoidState":5,"_cameraCFrame":[750.804,247.325,40.317,-0.952,0.3,-0.053,0,0.174,0.985,0.305,0.938,-0.165],"_shiftlockState":true,"_pose":"FreeFall","_animationQueue":[["fall",0.3]],"_animationSpeed":1,"_zoom":16.125},{"_mousePosition":[683,384],"_rootPartCFrame":[753.068,229.745,42.524,-0.984,0,-0.175,0,1,0,0.175,0,-0.984],"_humanoidState":5,"_cameraCFrame":[750.495,247.125,40.455,-0.944,0.324,-0.057,0,0.174,0.985,0.329,0.93,-0.164],"_shiftlockState":true,"_pose":"FreeFall","_animationQueue":[],"_animationSpeed":1,"_zoom":16.125},{"_mousePosition":[683,384],"_rootPartCFrame":[752.877,229.559,42.584,-0.973,0,-0.233,0,1,0,0.233,0,-0.973],"_humanoidState":5,"_cameraCFrame":[750.257,246.939,40.574,-0.937,0.345,-0.061,0,0.174,0.985,0.35,0.922,-0.163],"_shiftlockState":true,"_pose":"FreeFall","_animationQueue":[],"_animationSpeed":1,"_zoom":16.125},{"_mousePosition":[683,384],"_rootPartCFrame":[752.562,229.182,42.692,-0.982,0,-0.19,0,1,0,0.19,0,-0.982],"_humanoidState":5,"_cameraCFrame":[749.907,246.562,40.729,-0.93,0.361,-0.064,0,0.174,0.985,0.367,0.916,-0.162],"_shiftlockState":true,"_pose":"FreeFall","_animationQueue":[],"_animationSpeed":1,"_zoom":16.125},{"_mousePosition":[683,384],"_rootPartCFrame":[752.312,228.818,42.785,-0.971,0,-0.24,0,1,0,0.24,0,-0.971],"_humanoidState":5,"_cameraCFrame":[749.627,246.198,40.862,-0.925,0.375,-0.066,0,0.174,0.985,0.381,0.911,-0.161],"_shiftlockState":true,"_pose":"FreeFall","_animationQueue":[],"_animationSpeed":1,"_zoom":16.125},{"_mousePosition":[683,384],"_rootPartCFrame":[752.001,228.287,42.906,-0.975,0,-0.222,0,1,0,0.222,0,-0.975],"_humanoidState":5,"_cameraCFrame":[749.298,245.667,41.011,-0.921,0.384,-0.068,0,0.174,0.985,0.39,0.907,-0.16],"_shiftlockState":true,"_pose":"FreeFall","_animationQueue":[],"_animationSpeed":1,"_zoom":16.125},{"_mousePosition":[683,384],"_rootPartCFrame":[751.816,227.928,42.982,-0.955,0,-0.296,0,1,0,0.296,0,-0.955],"_humanoidState":5,"_cameraCFrame":[749.108,245.308,41.093,-0.92,0.386,-0.068,0,0.174,0.985,0.392,0.906,-0.16],"_shiftlockState":true,"_pose":"FreeFall","_animationQueue":[],"_animationSpeed":1,"_zoom":16.125},{"_mousePosition":[683,384],"_rootPartCFrame":[751.632,227.538,43.06,-0.954,0,-0.299,0,1,0,0.299,0,-0.954],"_humanoidState":5,"_cameraCFrame":[748.924,244.918,41.171,-0.92,0.386,-0.068,0,0.174,0.985,0.392,0.906,-0.16],"_shiftlockState":true,"_pose":"FreeFall","_animationQueue":[["fall",0.3]],"_animationSpeed":1,"_zoom":16.125},{"_mousePosition":[683,384],"_rootPartCFrame":[751.448,227.117,43.138,-0.954,0,-0.299,0,1,0,0.299,0,-0.954],"_humanoidState":5,"_cameraCFrame":[748.749,244.497,41.235,-0.922,0.382,-0.067,0,0.174,0.985,0.388,0.908,-0.16],"_shiftlockState":true,"_pose":"FreeFall","_animationQueue":[],"_animationSpeed":1,"_zoom":16.125},{"_mousePosition":[683,384],"_rootPartCFrame":[751.203,226.509,43.243,-0.965,0,-0.262,0,1,0,0.262,0,-0.965],"_humanoidState":5,"_cameraCFrame":[748.553,243.889,41.272,-0.931,0.359,-0.063,0,0.174,0.985,0.364,0.917,-0.162],"_shiftlockState":true,"_pose":"FreeFall","_animationQueue":[],"_animationSpeed":1,"_zoom":16.125},{"_mousePosition":[683,384],"_rootPartCFrame":[750.957,225.846,43.346,-0.971,0,-0.237,0,1,0,0.237,0,-0.971],"_humanoidState":5,"_cameraCFrame":[748.405,243.226,41.251,-0.948,0.314,-0.055,0,0.174,0.985,0.319,0.933,-0.165],"_shiftlockState":true,"_pose":"FreeFall","_animationQueue":[],"_animationSpeed":1,"_zoom":16.125},{"_mousePosition":[683,384],"_rootPartCFrame":[750.709,225.128,43.444,-0.982,0,-0.19,0,1,0,0.19,0,-0.982],"_humanoidState":5,"_cameraCFrame":[748.304,242.503,41.144,-0.968,0.247,-0.044,0,0.176,0.984,0.251,0.953,-0.17],"_shiftlockState":true,"_pose":"FreeFall","_animationQueue":[],"_animationSpeed":1,"_zoom":16.125},{"_mousePosition":[683,384],"_rootPartCFrame":[750.457,224.356,43.531,-0.993,0,-0.12,0,1,0,0.12,0,-0.993],"_humanoidState":5,"_cameraCFrame":[748.258,241.73,41.032,-0.986,0.164,-0.029,0,0.176,0.984,0.167,0.971,-0.173],"_shiftlockState":true,"_pose":"FreeFall","_animationQueue":[],"_animationSpeed":1,"_zoom":16.125},{"_mousePosition":[683,384],"_rootPartCFrame":[750.2,223.529,43.602,-0.999,0,-0.035,0,1,0,0.035,0,-0.999],"_humanoidState":5,"_cameraCFrame":[748.258,240.904,40.898,-0.998,0.068,-0.012,0,0.176,0.984,0.069,0.982,-0.175],"_shiftlockState":true,"_pose":"FreeFall","_animationQueue":[],"_animationSpeed":1,"_zoom":16.125},{"_mousePosition":[683,384],"_rootPartCFrame":[749.937,222.757,43.649,-1,0,-0.028,0,1,0,0.028,0,-1],"_humanoidState":7,"_cameraCFrame":[748.272,240.132,40.768,-1,-0.029,0.005,0,0.176,0.984,-0.03,0.984,-0.175],"_shiftlockState":true,"_pose":"FreeFall","_animationQueue":[["fall",0.3],["walk",0.1],["fall",0.3],["fall",0.3]],"_animationSpeed":1,"_zoom":16.125},{"_mousePosition":[683,384],"_rootPartCFrame":[749.672,222.709,43.672,-0.999,0,0.034,0,1,0,-0.034,0,-0.999],"_humanoidState":7,"_cameraCFrame":[748.279,240.089,40.678,-0.992,-0.121,0.021,0,0.174,0.985,-0.123,0.977,-0.172],"_shiftlockState":true,"_pose":"FreeFall","_animationQueue":[],"_animationSpeed":1,"_zoom":16.125},{"_mousePosition":[683,384],"_rootPartCFrame":[749.339,222.82,43.665,-0.992,0,0.123,0,1,0,-0.123,0,-0.992],"_humanoidState":8,"_cameraCFrame":[748.193,240.2,40.569,-0.979,-0.2,0.035,0,0.174,0.985,-0.203,0.964,-0.17],"_shiftlockState":true,"_pose":"Running","_animationQueue":[["walk",0.1],["fall",0.3],["walk",0.1]],"_animationSpeed":1.103,"_zoom":16.125},{"_mousePosition":[683,384],"_rootPartCFrame":[749.074,222.878,43.636,-0.979,0,0.203,0,1,0,-0.203,0,-0.979],"_humanoidState":8,"_cameraCFrame":[748.126,240.258,40.473,-0.964,-0.26,0.046,0,0.174,0.985,-0.264,0.95,-0.167],"_shiftlockState":true,"_pose":"Running","_animationQueue":[],"_animationSpeed":1.103,"_zoom":16.125},{"_mousePosition":[683,384],"_rootPartCFrame":[748.812,222.911,43.585,-0.964,0,0.264,0,1,0,-0.264,0,-0.964],"_humanoidState":8,"_cameraCFrame":[747.977,240.291,40.391,-0.954,-0.294,0.052,0,0.174,0.985,-0.298,0.94,-0.166],"_shiftlockState":true,"_pose":"Running","_animationQueue":[],"_animationSpeed":1.103,"_zoom":16.125},{"_mousePosition":[683,384],"_rootPartCFrame":[748.554,222.928,43.517,-0.954,0,0.298,0,1,0,-0.298,0,-0.954],"_humanoidState":8,"_cameraCFrame":[747.751,240.308,40.315,-0.951,-0.303,0.053,0,0.174,0.985,-0.308,0.937,-0.165],"_shiftlockState":true,"_pose":"Running","_animationQueue":[],"_animationSpeed":1.103,"_zoom":16.125},{"_mousePosition":[683,384],"_rootPartCFrame":[748.236,222.94,43.419,-0.951,0,0.308,0,1,0,-0.308,0,-0.951],"_humanoidState":8,"_cameraCFrame":[747.449,240.32,40.212,-0.95,-0.308,0.054,0,0.174,0.985,-0.313,0.935,-0.165],"_shiftlockState":true,"_pose":"Running","_animationQueue":[["walk",0.1]],"_animationSpeed":1.103,"_zoom":16.125},{"_mousePosition":[683,384],"_rootPartCFrame":[748.045,222.943,43.358,-0.95,0,0.313,0,1,0,-0.313,0,-0.95],"_humanoidState":8,"_cameraCFrame":[747.267,240.323,40.149,-0.949,-0.31,0.055,0,0.174,0.985,-0.315,0.935,-0.165],"_shiftlockState":true,"_pose":"Running","_animationQueue":[],"_animationSpeed":1.103,"_zoom":16.125},{"_mousePosition":[683,384],"_rootPartCFrame":[747.792,222.946,43.275,-0.949,0,0.315,0,1,0,-0.315,0,-0.949],"_humanoidState":8,"_cameraCFrame":[746.997,240.326,40.07,-0.951,-0.306,0.054,0,0.174,0.985,-0.31,0.936,-0.165],"_shiftlockState":true,"_pose":"Running","_animationQueue":[],"_animationSpeed":1.103,"_zoom":16.125},{"_mousePosition":[683,384],"_rootPartCFrame":[747.539,222.948,43.191,-0.951,0,0.31,0,1,0,-0.31,0,-0.951],"_humanoidState":8,"_cameraCFrame":[746.712,240.328,39.994,-0.954,-0.296,0.052,0,0.174,0.985,-0.301,0.939,-0.166],"_shiftlockState":true,"_pose":"Running","_animationQueue":[],"_animationSpeed":1.103,"_zoom":16.125},{"_mousePosition":[683,384],"_rootPartCFrame":[747.285,222.949,43.108,-0.954,0,0.301,0,1,0,-0.301,0,-0.954],"_humanoidState":8,"_cameraCFrame":[746.426,240.329,39.92,-0.957,-0.287,0.051,0,0.174,0.985,-0.291,0.942,-0.166],"_shiftlockState":true,"_pose":"Running","_animationQueue":[],"_animationSpeed":1.103,"_zoom":16.125},{"_mousePosition":[683,384],"_rootPartCFrame":[746.969,224.032,43.005,-0.957,0,0.291,0,1,0,-0.291,0,-0.957],"_humanoidState":3,"_cameraCFrame":[746.077,241.412,39.825,-0.96,-0.277,0.049,0,0.174,0.985,-0.281,0.945,-0.167],"_shiftlockState":true,"_pose":"Jumping","_animationQueue":[["walk",0.1],["jump",0.1]],"_animationSpeed":1,"_zoom":16.125},{"_mousePosition":[683,384],"_rootPartCFrame":[746.777,224.644,42.946,-0.94,0,0.341,0,1,0,-0.341,0,-0.94],"_humanoidState":5,"_cameraCFrame":[745.846,242.024,39.778,-0.963,-0.265,0.047,0,0.174,0.985,-0.269,0.948,-0.167],"_shiftlockState":true,"_pose":"FreeFall","_animationQueue":[["jump",0.1]],"_animationSpeed":1,"_zoom":16.125},{"_mousePosition":[683,384],"_rootPartCFrame":[746.522,225.411,42.87,-0.922,0,0.387,0,1,0,-0.387,0,-0.922],"_humanoidState":5,"_cameraCFrame":[745.542,242.791,39.717,-0.967,-0.251,0.044,0,0.174,0.985,-0.254,0.952,-0.168],"_shiftlockState":true,"_pose":"FreeFall","_animationQueue":[],"_animationSpeed":1,"_zoom":16.125},{"_mousePosition":[683,384],"_rootPartCFrame":[746.265,226.124,42.798,-0.925,0,0.38,0,1,0,-0.38,0,-0.925],"_humanoidState":5,"_cameraCFrame":[745.237,243.504,39.66,-0.971,-0.236,0.042,0,0.174,0.985,-0.24,0.956,-0.169],"_shiftlockState":true,"_pose":"FreeFall","_animationQueue":[],"_animationSpeed":1,"_zoom":16.125},{"_mousePosition":[683,384],"_rootPartCFrame":[746.007,226.783,42.73,-0.93,0,0.367,0,1,0,-0.367,0,-0.93],"_humanoidState":5,"_cameraCFrame":[744.924,244.163,39.61,-0.975,-0.219,0.039,0,0.174,0.985,-0.223,0.96,-0.169],"_shiftlockState":true,"_pose":"FreeFall","_animationQueue":[],"_animationSpeed":1,"_zoom":16.125},{"_mousePosition":[683,384],"_rootPartCFrame":[745.748,227.387,42.665,-0.937,0,0.35,0,1,0,-0.35,0,-0.937],"_humanoidState":5,"_cameraCFrame":[744.595,244.767,39.571,-0.98,-0.197,0.035,0,0.174,0.985,-0.2,0.965,-0.17],"_shiftlockState":true,"_pose":"FreeFall","_animationQueue":[],"_animationSpeed":1,"_zoom":16.125},{"_mousePosition":[683,384],"_rootPartCFrame":[745.489,227.936,42.605,-0.944,0,0.329,0,1,0,-0.329,0,-0.944],"_humanoidState":5,"_cameraCFrame":[744.257,245.316,39.541,-0.984,-0.173,0.03,0,0.174,0.985,-0.175,0.97,-0.171],"_shiftlockState":true,"_pose":"FreeFall","_animationQueue":[],"_animationSpeed":1,"_zoom":16.125},{"_mousePosition":[683,384],"_rootPartCFrame":[745.228,228.431,42.551,-0.952,0,0.305,0,1,0,-0.305,0,-0.952],"_humanoidState":5,"_cameraCFrame":[743.926,245.811,39.516,-0.988,-0.151,0.027,0,0.174,0.985,-0.153,0.973,-0.172],"_shiftlockState":true,"_pose":"FreeFall","_animationQueue":[],"_animationSpeed":1,"_zoom":16.125},{"_mousePosition":[683,384],"_rootPartCFrame":[744.965,228.872,42.503,-0.959,0,0.283,0,1,0,-0.283,0,-0.959],"_humanoidState":5,"_cameraCFrame":[743.557,246.252,39.516,-0.993,-0.116,0.02,0,0.174,0.985,-0.118,0.978,-0.172],"_shiftlockState":true,"_pose":"FreeFall","_animationQueue":[],"_animationSpeed":1,"_zoom":16.125},{"_mousePosition":[683,384],"_rootPartCFrame":[744.702,229.258,42.461,-0.969,0,0.249,0,1,0,-0.249,0,-0.969],"_humanoidState":5,"_cameraCFrame":[743.219,246.638,39.511,-0.996,-0.091,0.016,0,0.174,0.985,-0.093,0.981,-0.173],"_shiftlockState":true,"_pose":"FreeFall","_animationQueue":[],"_animationSpeed":1,"_zoom":16.125},{"_mousePosition":[683,384],"_rootPar