[{"_mousePosition":[725,359],"_rootPartCFrame":[776.035,222.7,47.142,-0.002,0,1,0,1,0,-1,0,-0.002],"_humanoidState":8,"_cameraCFrame":[776.4,240.076,44.344,-0.992,-0.127,0.023,0,0.175,0.985,-0.129,0.976,-0.174],"_shiftlockState":false,"_pose":"Standing","_animationQueue":[],"_animationSpeed":1,"_zoom":16.125},{"_mousePosition":[725,359],"_rootPartCFrame":[775.79,222.7,47.11,0.017,0,1,0,1,0,-1,0,0.017],"_humanoidState":8,"_cameraCFrame":[776.155,240.076,44.312,-0.992,-0.127,0.023,0,0.175,0.985,-0.129,0.976,-0.174],"_shiftlockState":false,"_pose":"Standing","_animationQueue":[],"_animationSpeed":1,"_zoom":16.125},{"_mousePosition":[725,359],"_rootPartCFrame":[775.527,222.7,47.076,0.032,0,0.999,0,1,0,-0.999,0,0.032],"_humanoidState":8,"_cameraCFrame":[775.891,240.076,44.278,-0.992,-0.127,0.023,0,0.175,0.985,-0.129,0.976,-0.174],"_shiftlockState":false,"_pose":"Running","_animationQueue":[["walk",0.1]],"_animationSpeed":1.066,"_zoom":16.125},{"_mousePosition":[725,359],"_rootPartCFrame":[775.262,222.7,47.042,0.045,0,0.999,0,1,0,-0.999,0,0.045],"_humanoidState":8,"_cameraCFrame":[775.627,240.076,44.243,-0.992,-0.127,0.023,0,0.175,0.985,-0.129,0.976,-0.174],"_shiftlockState":false,"_pose":"Running","_animationQueue":[["walk",0.1]],"_animationSpeed":1.066,"_zoom":16.125},{"_mousePosition":[725,359],"_rootPartCFrame":[774.998,222.7,47.007,0.057,0,0.998,0,1,0,-0.998,0,0.057],"_humanoidState":8,"_cameraCFrame":[775.362,240.076,44.209,-0.992,-0.127,0.023,0,0.175,0.985,-0.129,0.976,-0.174],"_shiftlockState":false,"_pose":"Running","_animationQueue":[],"_animationSpeed":1.066,"_zoom":16.125},{"_mousePosition":[725,359],"_rootPartCFrame":[774.733,222.7,46.973,0.066,0,0.998,0,1,0,-0.998,0,0.066],"_humanoidState":8,"_cameraCFrame":[775.098,240.076,44.174,-0.992,-0.127,0.023,0,0.175,0.985,-0.129,0.976,-0.174],"_shiftlockState":false,"_pose":"Running","_animationQueue":[],"_animationSpeed":1.066,"_zoom":16.125},{"_mousePosition":[725,359],"_rootPartCFrame":[774.469,222.7,46.938,0.075,0,0.997,0,1,0,-0.997,0,0.075],"_humanoidState":8,"_cameraCFrame":[774.834,240.076,44.14,-0.992,-0.127,0.023,0,0.175,0.985,-0.129,0.976,-0.174],"_shiftlockState":false,"_pose":"Running","_animationQueue":[],"_animationSpeed":1.066,"_zoom":16.125},{"_mousePosition":[725,359],"_rootPartCFrame":[774.205,222.7,46.904,0.082,0,0.997,0,1,0,-0.997,0,0.082],"_humanoidState":8,"_cameraCFrame":[774.569,240.076,44.105,-0.992,-0.127,0.023,0,0.175,0.985,-0.129,0.976,-0.174],"_shiftlockState":false,"_pose":"Running","_animationQueue":[],"_animationSpeed":1.066,"_zoom":16.125},{"_mousePosition":[725,359],"_rootPartCFrame":[773.94,222.7,46.869,0.089,0,0.996,0,1,0,-0.996,0,0.089],"_humanoidState":8,"_cameraCFrame":[774.305,240.076,44.071,-0.992,-0.127,0.023,0,0.175,0.985,-0.129,0.976,-0.174],"_shiftlockState":false,"_pose":"Running","_animationQueue":[],"_animationSpeed":1.066,"_zoom":16.125},{"_mousePosition":[725,359],"_rootPartCFrame":[773.676,222.7,46.835,0.094,0,0.996,0,1,0,-0.996,0,0.094],"_humanoidState":8,"_cameraCFrame":[774.04,240.076,44.036,-0.992,-0.127,0.023,0,0.175,0.985,-0.129,0.976,-0.174],"_shiftlockState":false,"_pose":"Running","_animationQueue":[],"_animationSpeed":1.066,"_zoom":16.125},{"_mousePosition":[725,359],"_rootPartCFrame":[773.411,222.7,46.8,0.099,0,0.995,0,1,0,-0.995,0,0.099],"_humanoidState":8,"_cameraCFrame":[773.776,240.076,44.002,-0.992,-0.127,0.023,0,0.175,0.985,-0.129,0.976,-0.174],"_shiftlockState":false,"_pose":"Running","_animationQueue":[["walk",0.1]],"_animationSpeed":1.066,"_zoom":16.125},{"_mousePosition":[725,359],"_rootPartCFrame":[773.147,222.7,46.766,0.103,0,0.995,0,1,0,-0.995,0,0.103],"_humanoidState":8,"_cameraCFrame":[773.509,240.08,43.989,-0.992,-0.127,0.022,0,0.174,0.985,-0.129,0.977,-0.172],"_shiftlockState":false,"_pose":"Running","_animationQueue":[],"_animationSpeed":1.066,"_zoom":16.125},{"_mousePosition":[725,359],"_rootPartCFrame":[772.883,222.7,46.731,0.107,0,0.994,0,1,0,-0.994,0,0.107],"_humanoidState":8,"_cameraCFrame":[773.244,240.08,43.955,-0.992,-0.127,0.022,0,0.174,0.985,-0.129,0.977,-0.172],"_shiftlockState":false,"_pose":"Running","_animationQueue":[],"_animationSpeed":1.066,"_zoom":16.125},{"_mousePosition":[725,359],"_rootPartCFrame":[772.618,222.7,46.697,0.11,0,0.994,0,1,0,-0.994,0,0.11],"_humanoidState":8,"_cameraCFrame":[772.98,240.08,43.92,-0.992,-0.127,0.022,0,0.174,0.985,-0.129,0.977,-0.172],"_shiftlockState":false,"_pose":"Running","_animationQueue":[],"_animationSpeed":1.066,"_zoom":16.125},{"_mousePosition":[725,359],"_rootPartCFrame":[772.354,222.7,46.663,0.112,0,0.994,0,1,0,-0.994,0,0.112],"_humanoidState":8,"_cameraCFrame":[772.716,240.08,43.886,-0.992,-0.127,0.022,0,0.174,0.985,-0.129,0.977,-0.172],"_shiftlockState":false,"_pose":"Running","_animationQueue":[],"_animationSpeed":1.066,"_zoom":16.125},{"_mousePosition":[725,359],"_rootPartCFrame":[772.089,222.7,46.628,0.115,0,0.993,0,1,0,-0.993,0,0.115],"_humanoidState":8,"_cameraCFrame":[772.451,240.08,43.852,-0.992,-0.127,0.022,0,0.174,0.985,-0.129,0.977,-0.172],"_shiftlockState":false,"_pose":"Running","_animationQueue":[],"_animationSpeed":1.066,"_zoom":16.125},{"_mousePosition":[725,359],"_rootPartCFrame":[771.825,222.7,46.594,0.117,0,0.993,0,1,0,-0.993,0,0.117],"_humanoidState":8,"_cameraCFrame":[772.187,240.08,43.817,-0.992,-0.127,0.022,0,0.174,0.985,-0.129,0.977,-0.172],"_shiftlockState":false,"_pose":"Running","_animationQueue":[["walk",0.1]],"_animationSpeed":1.066,"_zoom":16.125},{"_mousePosition":[725,359],"_rootPartCFrame":[771.56,222.7,46.559,0.118,0,0.993,0,1,0,-0.993,0,0.118],"_humanoidState":8,"_cameraCFrame":[771.922,240.08,43.783,-0.992,-0.127,0.022,0,0.174,0.985,-0.129,0.977,-0.172],"_shiftlockState":false,"_pose":"Running","_animationQueue":[],"_animationSpeed":1.066,"_zoom":16.125},{"_mousePosition":[725,359],"_rootPartCFrame":[771.164,222.7,46.507,0.12,0,0.993,0,1,0,-0.993,0,0.12],"_humanoidState":8,"_cameraCFrame":[771.519,240.08,43.73,-0.992,-0.125,0.022,0,0.174,0.985,-0.127,0.977,-0.172],"_shiftlockState":false,"_pose":"Running","_animationQueue":[],"_animationSpeed":1.066,"_zoom":16.125},{"_mousePosition":[725,359],"_rootPartCFrame":[770.899,222.7,46.473,0.122,0,0.993,0,1,0,-0.993,0,0.122],"_humanoidState":8,"_cameraCFrame":[771.247,240.08,43.695,-0.992,-0.122,0.022,0,0.174,0.985,-0.124,0.977,-0.172],"_shiftlockState":false,"_pose":"Running","_animationQueue":[],"_animationSpeed":1.066,"_zoom":16.125},{"_mousePosition":[725,359],"_rootPartCFrame":[770.635,222.7,46.439,0.122,0,0.992,0,1,0,-0.992,0,0.122],"_humanoidState":8,"_cameraCFrame":[770.976,240.08,43.66,-0.993,-0.12,0.021,0,0.174,0.985,-0.122,0.977,-0.172],"_shiftlockState":false,"_pose":"Running","_animationQueue":[],"_animationSpeed":1.066,"_zoom":16.125},{"_mousePosition":[725,359],"_rootPartCFrame":[770.37,222.7,46.406,0.123,0,0.992,0,1,0,-0.992,0,0.123],"_humanoidState":8,"_cameraCFrame":[770.704,240.08,43.626,-0.993,-0.117,0.021,0,0.174,0.985,-0.119,0.978,-0.172],"_shiftlockState":false,"_pose":"Running","_animationQueue":[],"_animationSpeed":1.066,"_zoom":16.125},{"_mousePosition":[725,359],"_rootPartCFrame":[770.106,222.666,46.373,0.123,0,0.992,0,1,0,-0.992,0,0.123],"_humanoidState":8,"_cameraCFrame":[770.432,240.046,43.592,-0.993,-0.115,0.02,0,0.174,0.985,-0.117,0.978,-0.172],"_shiftlockState":false,"_pose":"Running","_animationQueue":[["walk",0.1]],"_animationSpeed":1.066,"_zoom":16.125},{"_mousePosition":[725,359],"_rootPartCFrame":[769.841,222.577,46.34,0.123,0,0.992,0,1,0,-0.992,0,0.123],"_humanoidState":8,"_cameraCFrame":[770.168,239.957,43.559,-0.993,-0.115,0.02,0,0.174,0.985,-0.117,0.978,-0.172],"_shiftlockState":false,"_pose":"Running","_animationQueue":[],"_animationSpeed":1.066,"_zoom":16.125},{"_mousePosition":[725,359],"_rootPartCFrame":[769.576,222.434,46.307,0.123,0,0.992,0,1,0,-0.992,0,0.123],"_humanoidState":8,"_cameraCFrame":[768.165,239.814,43.321,-0.993,-0.115,0.02,0,0.174,0.985,-0.117,0.978,-0.172],"_shiftlockState":true,"_pose":"Running","_animationQueue":[],"_animationSpeed":1.066,"_zoom":16.125},{"_mousePosition":[683,384],"_rootPartCFrame":[769.312,222.236,46.273,-0.993,0,0.117,0,1,0,-0.117,0,-0.993],"_humanoidState":8,"_cameraCFrame":[767.9,239.616,43.288,-0.993,-0.115,0.02,0,0.174,0.985,-0.117,0.978,-0.172],"_shiftlockState":true,"_pose":"Running","_animationQueue":[],"_animationSpeed":1.066,"_zoom":16.125},{"_mousePosition":[683,384],"_rootPartCFrame":[769.179,222.117,46.257,-0.993,0,0.117,0,1,0,-0.117,0,-0.993],"_humanoidState":8,"_cameraCFrame":[767.768,239.497,43.272,-0.993,-0.115,0.02,0,0.174,0.985,-0.117,0.978,-0.172],"_shiftlockState":true,"_pose":"Running","_animationQueue":[],"_animationSpeed":1.066,"_zoom":16.125},{"_mousePosition":[683,384],"_rootPartCFrame":[768.915,222.98,46.224,-0.993,0,0.117,0,1,0,-0.117,0,-0.993],"_humanoidState":3,"_cameraCFrame":[767.503,240.36,43.239,-0.993,-0.115,0.02,0,0.174,0.985,-0.117,0.978,-0.172],"_shiftlockState":true,"_pose":"Jumping","_animationQueue":[["walk",0.1],["jump",0.1]],"_animationSpeed":1,"_zoom":16.125},{"_mousePosition":[683,384],"_rootPartCFrame":[768.65,223.788,46.192,-0.978,0,0.208,0,1,0,-0.208,0,-0.978],"_humanoidState":5,"_cameraCFrame":[767.239,241.169,43.207,-0.993,-0.115,0.02,0,0.174,0.985,-0.117,0.978,-0.172],"_shiftlockState":true,"_pose":"FreeFall","_animationQueue":[["jump",0.1]],"_animationSpeed":1,"_zoom":16.125},{"_mousePosition":[683,384],"_rootPartCFrame":[768.385,224.542,46.161,-0.97,0,0.243,0,1,0,-0.243,0,-0.97],"_humanoidState":5,"_cameraCFrame":[766.974,241.922,43.176,-0.993,-0.115,0.02,0,0.174,0.985,-0.117,0.978,-0.172],"_shiftlockState":true,"_pose":"FreeFall","_animationQueue":[],"_animationSpeed":1,"_zoom":16.125},{"_mousePosition":[683,384],"_rootPartCFrame":[768.12,225.242,46.13,-0.969,0,0.247,0,1,0,-0.247,0,-0.969],"_humanoidState":5,"_cameraCFrame":[766.709,242.622,43.145,-0.993,-0.115,0.02,0,0.174,0.985,-0.117,0.978,-0.172],"_shiftlockState":true,"_pose":"FreeFall","_animationQueue":[],"_animationSpeed":1,"_zoom":16.125},{"_mousePosition":[683,384],"_rootPartCFrame":[767.789,226.039,46.091,-0.96,0,0.28,0,1,0,-0.28,0,-0.96],"_humanoidState":5,"_cameraCFrame":[766.378,243.419,43.106,-0.993,-0.115,0.02,0,0.174,0.985,-0.117,0.978,-0.172],"_shiftlockState":true,"_pose":"FreeFall","_animationQueue":[],"_animationSpeed":1,"_zoom":16.125},{"_mousePosition":[683,384],"_rootPartCFrame":[767.59,226.477,46.068,-0.977,0,0.215,0,1,0,-0.215,0,-0.977],"_humanoidState":5,"_cameraCFrame":[766.179,243.857,43.083,-0.993,-0.115,0.02,0,0.174,0.985,-0.117,0.978,-0.172],"_shiftlockState":true,"_pose":"FreeFall","_animationQueue":[],"_animationSpeed":1,"_zoom":16.125},{"_mousePosition":[683,384],"_rootPartCFrame":[767.325,227.013,46.037,-0.969,0,0.248,0,1,0,-0.248,0,-0.969],"_humanoidState":5,"_cameraCFrame":[765.914,244.393,43.052,-0.993,-0.115,0.02,0,0.174,0.985,-0.117,0.978,-0.172],"_shiftlockState":true,"_pose":"FreeFall","_animationQueue":[],"_animationSpeed":1,"_zoom":16.125},{"_mousePosition":[683,384],"_rootPartCFrame":[767.061,227.494,46.006,-0.969,0,0.248,0,1,0,-0.248,0,-0.969],"_humanoidState":5,"_cameraCFrame":[765.657,244.874,43.017,-0.993,-0.117,0.021,0,0.174,0.985,-0.119,0.978,-0.172],"_shiftlockState":true,"_pose":"FreeFall","_animationQueue":[],"_animationSpeed":1,"_zoom":16.125},{"_mousePosition":[683,384],"_rootPartCFrame":[766.796,227.921,45.975,-0.968,0,0.25,0,1,0,-0.25,0,-0.968],"_humanoidState":5,"_cameraCFrame":[765.415,245.301,42.975,-0.992,-0.125,0.022,0,0.174,0.985,-0.127,0.977,-0.172],"_shiftlockState":true,"_pose":"FreeFall","_animationQueue":[],"_animationSpeed":1,"_zoom":16.125},{"_mousePosition":[683,384],"_rootPartCFrame":[766.531,228.294,45.943,-0.966,0,0.257,0,1,0,-0.257,0,-0.966],"_humanoidState":5,"_cameraCFrame":[765.157,245.674,42.94,-0.992,-0.127,0.022,0,0.174,0.985,-0.129,0.977,-0.172],"_shiftlockState":true,"_pose":"FreeFall","_animationQueue":[],"_animationSpeed":1,"_zoom":16.125},{"_mousePosition":[683,384],"_rootPartCFrame":[766.2,228.682,45.901,-0.956,0,0.292,0,1,0,-0.292,0,-0.956],"_humanoidState":5,"_cameraCFrame":[764.842,246.063,42.891,-0.991,-0.132,0.023,0,0.174,0.985,-0.134,0.976,-0.172],"_shiftlockState":true,"_pose":"FreeFall","_animationQueue":[],"_animationSpeed":1,"_zoom":16.125},{"_mousePosition":[683,384],"_rootPartCFrame":[765.936,228.932,45.867,-0.964,0,0.265,0,1,0,-0.265,0,-0.964],"_humanoidState":5,"_cameraCFrame":[764.585,246.312,42.854,-0.991,-0.135,0.024,0,0.174,0.985,-0.137,0.976,-0.172],"_shiftlockState":true,"_pose":"FreeFall","_animationQueue":[],"_animationSpeed":1,"_zoom":16.125},{"_mousePosition":[683,384],"_rootPartCFrame":[765.738,229.084,45.84,-0.972,0,0.235,0,1,0,-0.235,0,-0.972],"_humanoidState":5,"_cameraCFrame":[764.402,246.464,42.82,-0.99,-0.14,0.025,0,0.174,0.985,-0.142,0.975,-0.172],"_shiftlockState":true,"_pose":"FreeFall","_animationQueue":[],"_animationSpeed":1,"_zoom":16.125},{"_mousePosition":[683,384],"_rootPartCFrame":[765.407,229.268,45.794,-0.953,0,0.304,0,1,0,-0.304,0,-0.953],"_humanoidState":5,"_cameraCFrame":[764.08,246.648,42.771,-0.99,-0.142,0.025,0,0.174,0.985,-0.144,0.975,-0.172],"_shiftlockState":true,"_pose":"FreeFall","_animationQueue":[],"_animationSpeed":1,"_zoom":16.125},{"_mousePosition":[683,384],"_rootPartCFrame":[765.209,229.338,45.766,-0.97,0,0.242,0,1,0,-0.242,0,-0.97],"_humanoidState":5,"_cameraCFrame":[763.882,246.718,42.743,-0.99,-0.142,0.025,0,0.174,0.985,-0.144,0.975,-0.172],"_shiftlockState":true,"_pose":"FreeFall","_animationQueue":[],"_animationSpeed":1,"_zoom":16.125},{"_mousePosition":[683,384],"_rootPartCFrame":[764.945,229.384,45.728,-0.962,0,0.274,0,1,0,-0.274,0,-0.962],"_humanoidState":5,"_cameraCFrame":[763.618,246.764,42.705,-0.99,-0.142,0.025,0,0.174,0.985,-0.144,0.975,-0.172],"_shiftlockState":true,"_pose":"FreeFall","_animationQueue":[["fall",0.3]],"_animationSpeed":1,"_zoom":16.125},{"_mousePosition":[683,384],"_rootPartCFrame":[764.682,229.374,45.689,-0.962,0,0.274,0,1,0,-0.274,0,-0.962],"_humanoidState":5,"_cameraCFrame":[763.354,246.754,42.666,-0.99,-0.142,0.025,0,0.174,0.985,-0.144,0.975,-0.172],"_shiftlockState":true,"_pose":"FreeFall","_animationQueue":[],"_animationSpeed":1,"_zoom":16.125},{"_mousePosition":[683,384],"_rootPartCFrame":[764.418,229.311,45.651,-0.962,0,0.274,0,1,0,-0.274,0,-0.962],"_humanoidState":5,"_cameraCFrame":[763.105,246.691,42.621,-0.989,-0.147,0.026,0,0.174,0.985,-0.149,0.974,-0.172],"_shiftlockState":true,"_pose":"FreeFall","_animationQueue":[],"_animationSpeed":1,"_zoom":16.125},{"_mousePosition":[683,384],"_rootPartCFrame":[764.154,229.193,45.613,-0.96,0,0.279,0,1,0,-0.279,0,-0.96],"_humanoidState":5,"_cameraCFrame":[762.872,246.573,42.569,-0.987,-0.157,0.028,0,0.174,0.985,-0.159,0.972,-0.171],"_shiftlockState":true,"_pose":"FreeFall","_animationQueue":[],"_animationSpeed":1,"_zoom":16.125},{"_mousePosition":[683,384],"_rootPartCFrame":[763.824,228.968,45.563,-0.947,0,0.321,0,1,0,-0.321,0,-0.947],"_humanoidState":5,"_cameraCFrame":[762.573,246.348,42.507,-0.986,-0.167,0.029,0,0.174,0.985,-0.169,0.971,-0.171],"_shiftlockState":true,"_pose":"FreeFall","_animationQueue":[],"_animationSpeed":1,"_zoom":16.125},{"_mousePosition":[683,384],"_rootPartCFrame":[763.627,228.793,45.532,-0.964,0,0.267,0,1,0,-0.267,0,-0.964],"_humanoidState":5,"_cameraCFrame":[762.532,246.173,42.416,-0.976,-0.216,0.038,0,0.174,0.985,-0.219,0.961,-0.169],"_shiftlockState":true,"_pose":"FreeFall","_animationQueue":[],"_animationSpeed":1,"_zoom":16.125},{"_mousePosition":[683,384],"_rootPartCFrame":[763.364,228.511,45.487,-0.966,0,0.259,0,1,0,-0.259,0,-0.966],"_humanoidState":7,"_cameraCFrame":[762.452,245.891,42.313,-0.961,-0.271,0.048,0,0.174,0.985,-0.275,0.947,-0.167],"_shiftlockState":true,"_pose":"FreeFall","_animationQueue":[["walk",0.1],["fall",0.3],["fall",0.3]],"_animationSpeed":1,"_zoom":16.125},{"_mousePosition":[683,384],"_rootPartCFrame":[763.038,228.083,45.416,-0.96,0,0.28,0,1,0,-0.28,0,-0.96],"_humanoidState":7,"_cameraCFrame":[762.345,245.463,42.187,-0.94,-0.335,0.059,0,0.174,0.985,-0.34,0.926,-0.163],"_shiftlockState":true,"_pose":"FreeFall","_animationQueue":[["fall",0.3]],"_animationSpeed":1,"_zoom":16.125},{"_mousePosition":[683,384],"_rootPartCFrame":[762.781,227.675,45.345,-0.94,0,0.341,0,1,0,-0.341,0,-0.94],"_humanoidState":8,"_cameraCFrame":[762.36,245.055,42.069,-0.909,-0.411,0.073,0,0.174,0.985,-0.418,0.895,-0.158],"_shiftlockState":true,"_pose":"Running","_animationQueue":[["walk",0.1],["fall",0.3],["walk",0.1]],"_animationSpeed":1.103,"_zoom":16.125},{"_mousePosition":[683,384],"_rootPartCFrame":[762.53,227.585,45.256,-0.909,0,0.418,0,1,0,-0.418,0,-0.909],"_humanoidState":8,"_cameraCFrame":[762.417,244.965,41.956,-0.866,-0.493,0.087,0,0.174,0.985,-0.501,0.852,-0.15],"_shiftlockState":true,"_pose":"Running","_animationQueue":[],"_animationSpeed":1.103,"_zoom":16.125},{"_mousePosition":[683,384],"_rootPartCFrame":[762.225,227.631,45.12,-0.866,0,0.501,0,1,0,-0.501,0,-0.866],"_humanoidState":8,"_cameraCFrame":[762.455,245.011,41.826,-0.809,-0.579,0.102,0,0.174,0.985,-0.588,0.797,-0.141],"_shiftlockState":true,"_pose":"Running","_animationQueue":[],"_animationSpeed":1.103,"_zoom":16.125},{"_mousePosition":[683,384],"_rootPartCFrame":[762.051,227.655,45.023,-0.807,0,0.59,0,1,0,-0.59,0,-0.807],"_humanoidState":8,"_cameraCFrame":[762.678,245.035,41.781,-0.732,-0.671,0.118,0,0.174,0.985,-0.681,0.721,-0.127],"_shiftlockState":true,"_pose":"Running","_animationQueue":[],"_animationSpeed":1.103,"_zoom":16.125},{"_mousePosition":[683,384],"_rootPartCFrame":[761.833,227.675,44.87,-0.727,0,0.687,0,1,0,-0.687,0,-0.727],"_humanoidState":8,"_cameraCFrame":[762.848,245.055,41.728,-0.644,-0.753,0.133,0,0.174,0.985,-0.765,0.634,-0.112],"_shiftlockState":true,"_pose":"Running","_animationQueue":[],"_animationSpeed":1.103,"_zoom":16.125},{"_mousePosition":[683,384],"_rootPartCFrame":[761.634,227.686,44.692,-0.638,0,0.77,0,1,0,-0.77,0,-0.638],"_humanoidState":8,"_cameraCFrame":[763.015,245.066,41.693,-0.549,-0.823,0.145,0,0.174,0.985,-0.836,0.54,-0.095],"_shiftlockState":true,"_pose":"Running","_animationQueue":[],"_animationSpeed":1.103,"_zoom":16.125},{"_mousePosition":[683,384],"_rootPartCFrame":[761.416,227.693,44.441,-0.541,0,0.841,0,1,0,-0.841,0,-0.541],"_humanoidState":8,"_cameraCFrame":[763.079,245.073,41.588,-0.466,-0.871,0.154,0,0.174,0.985,-0.885,0.459,-0.081],"_shiftlockState":true,"_pose":"Running","_animationQueue":[["walk",0.1]],"_animationSpeed":1.103,"_zoom":16.125},{"_mousePosition":[683,384],"_rootPartCFrame":[761.229,227.697,44.165,-0.464,0,0.886,0,1,0,-0.886,0,-0.464],"_humanoidState":8,"_cameraCFrame":[763.083,245.077,41.432,-0.404,-0.901,0.159,0,0.174,0.985,-0.915,0.398,-0.07],"_shiftlockState":true,"_pose":"Running","_animationQueue":[],"_animationSpeed":1.103,"_zoom":16.125},{"_mousePosition":[683,384],"_rootPartCFrame":[761.102,227.698,43.931,-0.404,0,0.915,0,1,0,-0.915,0,-0.404],"_humanoidState":8,"_cameraCFrame":[762.969,245.078,41.207,-0.4,-0.903,0.159,0,0.174,0.985,-0.917,0.394,-0.069],"_shiftlockState":true,"_pose":"Running","_animationQueue":[],"_animationSpeed":1.103,"_zoom":16.125},{"_mousePosition":[683,384],"_rootPartCFrame":[760.992,227.699,43.688,-0.4,0,0.917,0,1,0,-0.917,0,-0.4],"_humanoidState":8,"_cameraCFrame":[762.761,245.079,40.9,-0.432,-0.888,0.157,0,0.174,0.985,-0.902,0.425,-0.075],"_shiftlockState":true,"_pose":"Running","_animationQueue":[],"_animationSpeed":1.103,"_zoom":16.125},{"_mousePosition":[683,384],"_rootPartCFrame":[760.902,227.699,43.447,-0.428,0.013,0.904,0.007,1,-0.011,-0.904,0.001,-0.428],"_humanoidState":8,"_cameraCFrame":[762.504,245.079,40.551,-0.49,-0.858,0.151,0,0.174,0.985,-0.872,0.483,-0.085],"_shiftlockState":true,"_pose":"Running","_animationQueue":[],"_animationSpeed":1.103,"_zoom":16.125},{"_mousePosition":[683,384],"_rootPartCFrame":[760.904,227.697,43.23,-0.451,0.007,0.893,0.004,1,-0.006,-0.893,0,-0.451],"_humanoidState":8,"_cameraCFrame":[762.273,245.077,40.221,-0.555,-0.819,0.144,0,0.174,0.985,-0.832,0.547,-0.096],"_shiftlockState":true,"_pose":"Running","_animationQueue":[["walk",0.1]],"_animationSpeed":0.99,"_zoom":16.125},{"_mousePosition":[683,384],"_rootPartCFrame":[760.972,228.56,43.02,-0.508,0.008,0.861,0.005,1,-0.007,-0.861,0.001,-0.508],"_humanoidState":3,"_cameraCFrame":[762.071,245.94,39.903,-0.626,-0.768,0.135,0,0.174,0.985,-0.78,0.617,-0.109],"_shiftlockState":true,"_pose":"Jumping","_animationQueue":[["walk",0.1],["walk",0.1],["jump",0.1]],"_animationSpeed":1,"_zoom":16.125},{"_mousePosition":[683,384],"_rootPartCFrame":[760.954,229.369,42.808,-0.538,0.005,0.843,0.002,1,-0.004,-0.843,0,-0.538],"_humanoidState":5,"_cameraCFrame":[761.767,246.749,39.606,-0.693,-0.71,0.125,0,0.174,0.985,-0.721,0.682,-0.12],"_shiftlockState":true,"_pose":"FreeFall","_animationQueue":[["jump",0.1]],"_animationSpeed":1,"_zoom":16.125},{"_mousePosition":[683,384],"_rootPartCFrame":[760.911,229.94,42.651,-0.62,0.002,0.785,0.001,1,-0.002,-0.785,-0.001,-0.62],"_humanoidState":5,"_cameraCFrame":[761.458,247.32,39.394,-0.749,-0.653,0.115,0,0.174,0.985,-0.663,0.738,-0.13],"_shiftlockState":true,"_pose":"FreeFall","_animationQueue":[],"_animationSpeed":1,"_zoom":16.125},{"_mousePosition":[683,384],"_rootPartCFrame":[760.845,230.48,42.497,-0.679,0,0.734,0,1,-0.001,-0.734,-0.001,-0.679],"_humanoidState":5,"_cameraCFrame":[761.15,247.86,39.208,-0.796,-0.597,0.105,0,0.174,0.985,-0.606,0.783,-0.138],"_shiftlockState":true,"_pose":"FreeFall","_animationQueue":[],"_animationSpeed":1,"_zoom":16.125},{"_mousePosition":[683,384],"_rootPartCFrame":[760.725,231.152,42.298,-0.708,0,0.706,0,1,0,-0.706,0,-0.708],"_humanoidState":5,"_cameraCFrame":[760.796,248.532,38.997,-0.836,-0.54,0.095,0,0.174,0.985,-0.548,0.824,-0.145],"_shiftlockState":true,"_pose":"FreeFall","_animationQueue":[],"_animationSpeed":1,"_zoom":16.125},{"_mousePosition":[683,384],"_rootPartCFrame":[760.523,231.916,42.07,-0.734,0,0.679,0,1,0,-0.679,0,-0.734],"_humanoidState":5,"_cameraCFrame":[760.368,249.296,38.771,-0.872,-0.482,0.085,0,0.174,0.985,-0.49,0.859,-0.151],"_shiftlockState":true,"_pose":"FreeFall","_animationQueue":[],"_animationSpeed":1,"_zoom":16.125},{"_mousePosition":[683,384],"_rootPartCFrame":[760.375,232.334,41.947,-0.819,0,0.574,0,1,0,-0.574,0,-0.819],"_humanoidState":5,"_cameraCFrame":[759.996,249.714,38.667,-0.903,-0.422,0.074,0,0.174,0.985,-0.429,0.89,-0.157],"_shiftlockState":true,"_pose":"FreeFall","_animationQueue":[],"_animationSpeed":1,"_zoom":16.125},{"_mousePosition":[683,384],"_rootPartCFrame":[760.154,232.843,41.805,-0.838,0,0.545,0,1,0,-0.545,0,-0.838],"_humanoidState":5,"_cameraCFrame":[759.435,250.2,38.474,-0.947,-0.316,0.058,0,0.181,0.983,-0.321,0.931,-0.172],"_shiftlockState":true,"_pose":"FreeFall","_animationQueue":[],"_animationSpeed":1,"_zoom":16.125},{"_mousePosition":[683,384],"_rootPartCFrame":[759.915,233.297,41.687,-0.896,0,0.444,0,1,0,-0.444,0,-0.896],"_humanoidState":5,"_cameraCFrame":[759.08,250.643,38.328,-0.959,-0.278,0.052,0,0.185,0.983,-0.283,0.943,-0.178],"_shiftlockState":true,"_pose":"FreeFall","_animationQueue":[],"_animationSpeed":1,"_zoom":16.125},{"_mousePosition":[683,384],"_rootPartCFrame":[759.666,233.697,41.592,-0.913,0,0.408,0,1,0,-0.408,0,-0.913],"_humanoidState":5,"_cameraCFrame":[758.422,251.013,38.22,-0.988,-0.151,0.03,0,0.195,0.981,-0.154,0.969,-0.192],"_shiftlockState":true,"_pose":"FreeFall","_animationQueue":[],"_animationSpeed":1,"_zoom":16.125},{"_mousePosition":[683,384],"_rootPartCFrame":[759.411,234.043,41.515,-0.959,0,0.284,0,1,0,-0.284,0,-0.959],"_humanoidState":5,"_cameraCFrame":[757.871,251.34,38.178,-0.998,-0.062,0.013,0,0.2,0.98,-0.064,0.978,-0.2],"_shiftlockState":true,"_pose":"FreeFall","_animationQueue":[],"_animationSpeed":1,"_zoom":16.125},{"_mousePosition":[683,384],"_rootPartCFrame":[759.15,234.334,41.462,-0.981,0,0.196,0,1,0,-0.196,0,-0.981],"_humanoidState":5,"_cameraCFrame":[757.302,251.612,38.191,-1,0.029,-0.006,0,0.206,0.979,0.03,0.978,-0.206],"_shiftlockState":true,"_pose":"FreeFall","_animationQueue":[],"_animationSpeed":1,"_zoom":16.125},{"_mousePosition":[683,384],"_rootPartCFrame":[758.885,234.57,41.438,-0.995,0,0.103,0,1,0,-0.103,0,-0.995],"_humanoidState":5,"_cameraCFrame":[756.719,251.829,38.268,-0.992,0.123,-0.027,0,0.212,0.977,0.126,0.97,-0.21],"_shiftlockState":true,"_pose":"FreeFall","_animationQueue":[],"_animationSpeed":1,"_zoom":16.125},{"_mousePosition":[683,384],"_rootPartCFrame":[758.618,234.752,41.44,-1,0,0.007,0,1,0,-0.007,0,-1],"_humanoidState":5,"_cameraCFrame":[756.131,251.991,38.409,-0.975,0.217,-0.048,0,0.218,0.976,0.223,0.951,-0.212],"_shiftlockState":true,"_pose":"FreeFall","_animationQueue":[],"_animationSpeed":1,"_zoom":16.125},{"_mousePosition":[683,384],"_rootPartCFrame":[758.287,234.903,41.475,-0.998,0,-0.058,0,1,0,0.058,0,-0.998],"_humanoidState":5,"_cameraCFrame":[755.5,252.128,38.639,-0.949,0.308,-0.07,0,0.221,0.975,0.315,0.925,-0.21],"_shiftlockState":true,"_pose":"FreeFall","_animationQueue":[],"_animationSpeed":1,"_zoom":16.125},{"_mousePosition":[683,384],"_rootPartCFrame":[758.091,234.952,41.513,-0.976,0,-0.219,0,1,0,0.219,0,-0.976],"_humanoidState":5,"_cameraCFrame":[755.007,252.163,38.917,-0.912,0.399,-0.092,0,0.225,0.974,0.41,0.889,-0.205],"_shiftlockState":true,"_pose":"FreeFall","_animationQueue":[],"_animationSpeed":1,"_zoom":16.125},{"_mousePosition":[683,384],"_rootPartCFrame":[757.836,234.971,41.59,-0.959,0,-0.285,0,1,0,0.285,0,-0.959],"_humanoidState":5,"_cameraCFrame":[754.487,252.167,39.249,-0.869,0.482,-0.113,0,0.229,0.973,0.495,0.846,-0.199],"_shiftlockState":true,"_pose":"FreeFall","_animationQueue":[],"_animationSpeed":1,"_zoom":16.125},{"_mousePosition":[683,384],"_rootPartCFrame":[757.59,234.935,41.692,-0.927,0,-0.376,0,1,0,0.376,0,-0.927],"_humanoidState":5,"_cameraCFrame":[754.003,252.124,39.677,-0.814,0.565,-0.134,0,0.231,0.973,0.581,0.792,-0.188],"_shiftlockState":true,"_pose":"FreeFall","_animationQueue":[],"_animationSpeed":1,"_zoom":16.125},{"_mousePosition":[683,384],"_rootPartCFrame":[757.355,234.844,41.818,-0.884,0,-0.467,0,1,0,0.467,0,-0.884],"_humanoidState":5,"_cameraCFrame":[753.556,252.019,40.101,-0.756,0.636,-0.154,0,0.235,0.972,0.654,0.735,-0.177],"_shiftlockState":true,"_pose":"FreeFall","_animationQueue":[],"_animationSpeed":1,"_zoom":16.125},{"_mousePosition":[683,384],"_rootPartCFrame":[757.134,234.699,41.966,-0.837,0,-0.548,0,1,0,0.548,0,-0.837],"_humanoidState":5,"_cameraCFrame":[753.139,251.851,40.508,-0.699,0.694,-0.172,0,0.24,0.971,0.715,0.679,-0.168],"_shiftlockState":true,"_pose":"FreeFall","_animationQueue":[],"_animationSpeed":1,"_zoom":16.125},{"_mousePosition":[683,384],"_rootPartCFrame":[756.928,234.5,42.136,-0.788,0,-0.616,0,1,0,0.616,0,-0.788],"_humanoidState":5,"_cameraCFrame":[752.797,251.637,40.914,-0.649,0.738,-0.186,0,0.244,0.97,0.761,0.629,-0.158],"_shiftlockState":true,"_pose":"FreeFall","_animationQueue":[],"_animationSpeed":1,"_zoom":16.125},{"_mousePosition":[683,384],"_rootPartCFrame":[756.738,234.246,42.323,-0.744,0,-0.668,0,1,0,0.668,0,-0.744],"_humanoidState":5,"_cameraCFrame":[752.484,251.367,41.35,-0.595,0.779,-0.199,0,0.248,0.969,0.804,0.577,-0.148],"_shiftlockState":true,"_pose":"FreeFall","_animationQueue":[["fall",0.3]],"_animationSpeed":1,"_zoom":16.125},{"_mousePosition":[683,384],"_rootPartCFrame":[756.563,233.937,42.523,-0.697,0,-0.717,0,1,0,0.717,0,-0.697],"_humanoidState":5,"_cameraCFrame":[752.297,251.059,41.604,-0.585,0.786,-0.201,0,0.248,0.969,0.811,0.567,-0.145],"_shiftlockState":true,"_pose":"FreeFall","_animationQueue":[],"_animationSpeed":1,"_zoom":16.125},{"_mousePosition":[683,384],"_rootPartCFrame":[756.401,233.574,42.735,-0.688,0,-0.726,0,1,0,0.726,0,-0.688],"_humanoidState":5,"_cameraCFrame":[752.135,250.696,41.816,-0.585,0.786,-0.201,0,0.248,0.969,0.811,0.567,-0.145],"_shiftlockState":true,"_pose":"FreeFall","_animationQueue":[],"_animationSpeed":1,"_zoom":16.125},{"_mousePosition":[683,384],"_rootPartCFrame":[756.245,233.156,42.951,-0.688,0,-0.726,0,1,0,0.726,0,-0.688],"_humanoidState":5,"_cameraCFrame":[751.976,250.278,42.043,-0.583,0.787,-0.201,0,0.248,0.969,0.813,0.565,-0.145],"_shiftlockState":true,"_pose":"FreeFall","_animationQueue":[],"_animationSpeed":1,"_zoom":16.125},{"_mousePosition":[683,384],"_rootPartCFrame":[756.089,232.684,43.168,-0.686,0,-0.728,0,1,0,0.728,0,-0.686],"_humanoidState":5,"_cameraCFrame":[751.837,249.806,42.184,-0.597,0.777,-0.199,0,0.248,0.969,0.802,0.579,-0.148],"_shiftlockState":true,"_pose":"FreeFall","_animationQueue":[],"_animationSpeed":1,"_zoom":16.125},{"_mousePosition":[683,384],"_rootPartCFrame":[755.933,232.158,43.384,-0.698,0,-0.716,0,1,0,0.716,0,-0.698],"_humanoidState":5,"_cameraCFrame":[751.707,249.272,42.189,-0.633,0.75,-0.193,0,0.25,0.968,0.774,0.613,-0.158],"_shiftlockState":true,"_pose":"FreeFall","_animationQueue":[],"_animationSpeed":1,"_zoom":16.125},{"_mousePosition":[683,384],"_rootPartCFrame":[755.775,231.577,43.598,-0.73,0,-0.683,0,1,0,0.683,0,-0.73],"_humanoidState":5,"_cameraCFrame":[751.651,248.691,42.086,-0.69,0.701,-0.181,0,0.25,0.968,0.724,0.668,-0.172],"_shiftlockState":true,"_pose":"FreeFall","_animationQueue":[["fall",0.3]],"_animationSpeed":1,"_zoom":16.125},{"_mousePosition":[683,384],"_rootPartCFrame":[755.565,230.774,43.858,-0.8,0,-0.599,0,1,0,0.599,0,-0.8],"_humanoidState":5,"_cameraCFrame":[751.621,247.888,41.926,-0.761,0.628,-0.162,0,0.25,0.968,0.648,0.737,-0.19],"_shiftlockState":true,"_pose":"FreeFall","_animationQueue":[],"_animationSpeed":1,"_zoom":16.125},{"_mousePosition":[683,384],"_rootPartCFrame":[755.43,230.251,44.005,-0.822,0,-0.569,0,1,0,0.569,0,-0.822],"_humanoidState":5,"_cameraCFrame":[751.79,247.373,41.598,-0.84,0.526,-0.135,0,0.248,0.969,0.543,0.814,-0.208],"_shiftlockState":true,"_pose":"FreeFall","_animationQueue":[],"_animationSpeed":1,"_zoom":16.125},{"_mousePosition":[683,384],"_rootPartCFrame":[755.233,229.507,44.184,-0.904,0,-0.427,0,1,0,0.427,0,-0.904],"_humanoidState":5,"_cameraCFrame":[752.034,246.659,41.381,-0.91,0.402,-0.1,0,0.24,0.971,0.414,0.883,-0.219],"_shiftlockState":true,"_pose":"FreeFall","_animationQueue":[],"_animationSpeed":1,"_zoom":16.125},{"_mousePosition":[683,384],"_rootPartCFrame":[755.012,228.708,44.333,-0.926,0,-0.376,0,1,0,0.376,0,-0.926],"_humanoidState":7,"_cameraCFrame":[752.699,245.96,41.235,-0.985,0.167,-0.037,0,0.214,0.977,0.171,0.963,-0.211],"_shiftlockState":true,"_pose":"FreeFall","_animationQueue":[["walk",0.1],["fall",0.3],["fall",0.3]],"_animationSpeed":1,"_zoom":16.125},{"_mousePosition":[683,384],"_rootPartCFrame":[754.711,228.37,44.476,-0.988,0,-0.153,0,1,0,0.153,0,-0.988],"_humanoidState":7,"_cameraCFrame":[752.705,245.661,41.364,-0.997,0.079,-0.016,0,0.202,0.979,0.08,0.976,-0.202],"_shiftlockState":true,"_pose":"FreeFall","_animationQueue":[],"_animationSpeed":1,"_zoom":16.125},{"_mousePosition":[683,384],"_rootPartCFrame":[754.451,228.487,44.531,-0.997,0,-0.077,0,1,0,0.077,0,-0.997],"_humanoidState":8,"_cameraCFrame":[753.232,245.867,41.462,-0.984,-0.177,0.031,0,0.174,0.985,-0.179,0.969,-0.171],"_shiftlockState":true,"_pose":"Running","_animationQueue":[["fall",0.3],["walk",0.1],["fall",0.3],["walk",0.1]],"_animationSpeed":1.103,"_zoom":16.125},{"_mousePosition":[683,384],"_rootPartCFrame":[754.12,228.597,44.561,-0.981,0,0.195,0,1,0,-0.195,0,-0.981],"_humanoidState":8,"_cameraCFrame":[753.345,245.977,41.351,-0.949,-0.312,0.055,0,0.174,0.985,-0.316,0.934,-0.165],"_shiftlockState":true,"_pose":"Running","_animationQueue":[],"_animationSpeed":1.103,"_zoom":16.125},{"_mousePosition":[683,384],"_rootPartCFrame":[753.857,228.643,44.524,-0.945,0,0.327,0,1,0,-0.327,0,-0.945],"_humanoidState":8,"_cameraCFrame":[753.403,246.023,41.253,-0.913,-0.402,0.071,0,0.174,0.985,-0.408,0.899,-0.159],"_shiftlockState":true,"_pose":"Running","_animationQueue":[],"_animationSpeed":1.103,"_zoom":16.125},{"_mousePosition":[683,384],"_rootPartCFrame":[753.602,228.669,44.445,-0.912,0,0.411,0,1,0,-0.411,0,-0.912],"_humanoidState":8,"_cameraCFrame":[753.306,246.049,41.156,-0.892,-0.445,0.078,0,0.174,0.985,-0.452,0.879,-0.155],"_shiftlockState":true,"_pose":"Running","_animationQueue":[],"_animationSpeed":1.103,"_zoom":16.125},{"_mousePosition":[683,384],"_rootPartCFrame":[753.357,228.683,44.34,-0.892,0,0.452,0,1,0,-0.452,0,-0.892],"_humanoidState":8,"_cameraCFrame":[753.094,246.063,41.048,-0.888,-0.454,0.08,0,0.174,0.985,-0.461,0.874,-0.154],"_shiftlockState":true,"_pose":"Running","_animationQueue":[],"_animationSpeed":1.103,"_zoom":16.125},{"_mousePosition":[683,384],"_rootPartCFrame":[753.119,228.69,44.221,-0.888,0,0.461,0,1,0,-0.461,0,-0.888],"_humanoidState":8,"_cameraCFrame":[752.806,246.071,40.934,-0.894,-0.44,0.078,0,0.174,0.985,-0.447,0.881,-0.155],"_shiftlockState":true,"_pose":"Running","_animationQueue":[],"_animationSpeed":1.103,"_zoom":16.125},{"_mousePosition":[683,384],"_rootPartCFrame":[752.881,228.662,44.101,-0.894,0,0.447,0,1,0,-0.447,0,-0.894],"_humanoidState":8,"_cameraCFrame":[752.443,246.042,40.828,-0.911,-0.407,0.072,0,0.174,0.985,-0.413,0.897,-0.158],"_shiftlockState":true,"_pose":"Running","_animationQueue":[["walk",0.1]],"_animationSpeed":1.103,"_zoom":16.125},{"_mousePosition":[683,384],"_rootPartCFrame":[752.762,228.628,44.041,-0.911,0,0.413,0,1,0,-0.413,0,-0.911],"_humanoidState":8,"_cameraCFrame":[752.159,246.008,40.794,-0.93,-0.361,0.064,0,0.174,0.985,-0.366,0.916,-0.162],"_shiftlockState":true,"_pose":"Running","_animationQueue":[],"_animationSpeed":1.103,"_zoom":16.125},{"_mousePosition":[683,384],"_rootPartCFrame":[752.465,229.712,43.89,-0.93,0,0.366,0,1,0,-0.366,0,-0.93],"_humanoidState":3,"_cameraCFrame":[751.715,247.092,40.674,-0.946,-0.319,0.056,0,0.174,0.985,-0.324,0.932,-0.164],"_shiftlockState":true,"_pose":"Jumping","_animationQueue":[["walk",0.1],["jump",0.1]],"_animationSpeed":1,"_zoom":16.125},{"_mousePosition":[683,384],"_rootPartCFrame":[752.281,230.323,43.811,-0.924,0,0.382,0,1,0,-0.382,0,-0.924],"_humanoidState":5,"_cameraCFrame":[751.393,247.703,40.631,-0.959,-0.278,0.049,0,0.174,0.985,-0.283,0.945,-0.167],"_shiftlockState":true,"_pose":"FreeFall","_animationQueue":[["jump",0.1]],"_animationSpeed":1,"_zoom":16.125},{"_mousePosition":[683,384],"_rootPartCFrame":[752.029,231.091,43.723,-0.916,0,0.4,0,1,0,-0.4,0,-0.916],"_humanoidState":5,"_cameraCFrame":[750.998,248.471,40.586,-0.971,-0.235,0.041,0,0.174,0.985,-0.239,0.956,-0.169],"_shiftlockState":true,"_pose":"FreeFall","_animationQueue":[],"_animationSpeed":1,"_zoom":16.125},{"_mousePosition":[683,384],"_rootPartCFrame":[751.774,231.804,43.646,-0.931,0,0.365,0,1,0,-0.365,0,-0.931],"_humanoidState":5,"_cameraCFrame":[750.703,249.184,40.523,-0.974,-0.223,0.039,0,0.174,0.985,-0.226,0.959,-0.169],"_shiftlockState":true,"_pose":"FreeFall","_animationQueue":[],"_animationSpeed":1,"_zoom":16.125},{"_mousePosition":[683,384],"_rootPartCFrame":[751.516,232.462,43.581,-0.935,0,0.354,0,1,0,-0.354,0,-0.935],"_humanoidState":5,"_cameraCFrame":[750.319,249.842,40.503,-0.982,-0.184,0.032,0,0.174,0.985,-0.187,0.967,-0.171],"_shiftlockState":true,"_pose":"FreeFall","_animationQueue":[],"_animationSpeed":1,"_zoom":16.125},{"_mousePosition":[683,384],"_rootPartCFrame":[751.256,233.066,43.52,-0.949,0,0.316,0,1,0,-0.316,0,-0.949],"_humanoidState":5,"_cameraCFrame":[749.943,250.446,40.49,-0.989,-0.147,0.026,0,0.174,0.985,-0.149,0.974,-0.172],"_shiftlockState":true,"_pose":"FreeFall","_animationQueue":[],"_animationSpeed":1,"_zoom":16.125},{"_mousePosition":[683,384],"_rootPartCFrame":[750.929,233.745,43.456,-0.95,0,0.311,0,1,0,-0.311,0,-0.95],"_humanoidState":5,"_cameraCFrame":[749.472,251.125,40.493,-0.995,-0.1,0.018,0,0.174,0.985,-0.102,0.98,-0.173],"_shiftlockState":true,"_pose":"FreeFall","_animationQueue":[],"_animationSpeed":1,"_zoom":16.125},{"_mousePosition":[683,384],"_rootPartCFrame":[750.731,234.111,43.425,-0.98,0,0.2,0,1,0,-0.2,0,-0.98],"_humanoidState":5,"_cameraCFrame":[749.127,251.491,40.539,-0.999,-0.05,0.009,0,0.174,0.985,-0.051,0.984,-0.173],"_shiftlockState":true,"_pose":"FreeFall","_animationQueue":[],"_animationSpeed":1,"_zoom":16.125},{"_mousePosition":[683,384],"_rootPartCFrame":[750.466,234.551,43.396,-0.983,0,0.183,0,1,0,-0.183,0,-0.983],"_humanoidState":5,"_cameraCFrame":[748.725,251.92,40.529,-1,-0.003,0.001,0,0.177,0.984,-0.003,0.984,-0.177],"_shiftlockState":true,"_pose":"FreeFall","_animationQueue":[],"_animationSpeed":1,"_zoom":16.125},{"_mousePosition":[683,384],"_rootPartCFrame":[750.2,234.937,43.38,-0.991,0,0.136,0,1,0,-0.136,0,-0.991],"_humanoidState":5,"_cameraCFrame":[748.327,252.295,40.533,-0.999,0.042,-0.008,0,0.181,0.983,0.042,0.983,-0.181],"_shiftlockState":true,"_pose":"FreeFall","_animationQueue":[],"_animationSpeed":1,"_zoom":16.125},{"_mousePosition":[683,384],"_rootPartCFrame":[749.933,235.269,43.377,-0.996,0,0.091,0,1,0,-0.091,0,-0.996],"_humanoidState":5,"_cameraCFrame":[747.937,252.621,40.583,-0.996,0.084,-0.016,0,0.183,0.983,0.085,0.979,-0.183],"_shiftlockState":true,"_pose":"FreeFall","_animationQueue":[],"_animationSpeed":1,"_zoom":16.125},{"_mousePosition":[683,384],"_rootPartCFrame":[749.667,235.546,43.387,-0.999,0,0.048,0,1,0,-0.048,0,-0.999],"_humanoidState":5,"_cameraCFrame":[747.573,252.898,40.665,-0.993,0.119,-0.022,0,0.183,0.983,0.121,0.976,-0.182],"_shiftlockState":true,"_pose":"FreeFall","_animationQueue":[],"_animationSpeed":1,"_zoom":16.125},{"_mousePosition":[683,384],"_rootPartCFrame":[749.401,235.768,43.408,-1,0,0.012,0,1,0,-0.012,0,-1],"_humanoidState":5,"_cameraCFrame":[747.233,253.12,40.745,-0.989,0.146,-0.027,0,0.183,0.983,0.148,0.972,-0.181],"_shiftlockState":true,"_pose":"FreeFall","_animationQueue":[],"_animationSpeed":1,"_zoom":16.125},{"_mousePosition":[683,384],"_rootPartCFrame":[749.136,235.936,43.439,-1,0,-0.016,0,1,0,0.016,0,-1],"_humanoidState":5,"_cameraCFrame":[746.914,253.288,40.821,-0.986,0.165,-0.031,0,0.183,0.983,0.168,0.969,-0.181],"_shiftlockState":true,"_pose":"FreeFall","_animationQueue":[],"_animationSpeed":1,"_zoom":16.125},{"_mousePosition":[683,384],"_rootPartCFrame":[748.872,236.05,43.477,-0.999,0,-0.036,0,1,0,0.036,0,-0.999],"_humanoidState":5,"_cameraCFrame":[746.584,253.413,40.988,-0.98,0.195,-0.036,0,0.179,0.984,0.198,0.964,-0.176],"_shiftlockState":true,"_pose":"FreeFall","_animationQueue":[],"_animationSpeed":1,"_zoom":16.125},{"_mousePosition":[683,384],"_rootPartCFrame":[748.609,236.109,43.521,-0.998,0,-0.066,0,1,0,0.066,0,-0.998],"_humanoidState":5,"_cameraCFrame":[746.296,253.478,41.092,-0.978,0.207,-0.037,0,0.177,0.984,0.21,0.962,-0.174],"_shiftlockState":true,"_pose":"FreeFall","_animationQueue":[],"_animationSpeed":1,"_zoom":16.125},{"_mousePosition":[683,384],"_rootPartCFrame":[748.348,236.113,43.573,-0.997,0,-0.079,0,1,0,0.079,0,-0.997],"_humanoidState":5,"_cameraCFrame":[745.965,253.493,41.287,-0.97,0.241,-0.043,0,0.174,0.985,0.245,0.955,-0.168],"_shiftlockState":true,"_pose":"FreeFall","_animationQueue":[],"_animationSpeed":1,"_zoom":16.125},{"_mousePosition":[683,384],"_rootPartCFrame":[748.087,236.063,43.628,-0.993,0,-0.114,0,1,0,0.114,0,-0.993],"_humanoidState":5,"_cameraCFrame":[745.642,253.443,41.41,-0.962,0.268,-0.047,0,0.174,0.985,0.272,0.948,-0.167],"_shiftlockState":true,"_pose":"FreeFall","_animationQueue":[],"_animationSpeed":1,"_zoom":16.125},{"_mousePosition":[683,384],"_rootPartCFrame":[747.828,235.959,43.692,-0.99,0,-0.142,0,1,0,0.142,0,-0.99],"_humanoidState":5,"_cameraCFrame":[745.333,253.339,41.53,-0.956,0.289,-0.051,0,0.174,0.985,0.294,0.941,-0.166],"_shiftlockState":true,"_pose":"FreeFall","_animationQueue":[],"_animationSpeed":1,"_zoom":16.125},{"_mousePosition":[683,384],"_rootPartCFrame":[747.571,235.8,43.764,-0.986,0,-0.164,0,1,0,0.164,0,-0.986],"_humanoidState":5,"_cameraCFrame":[745.028,253.18,41.659,-0.949,0.311,-0.055,0,0.174,0.985,0.315,0.935,-0.165],"_shiftlockState":true,"_pose":"FreeFall","_animationQueue":[["fall",0.3]],"_animationSpeed":1,"_zoom":16.125},{"_mousePosition":[683,384],"_rootPartCFrame":[747.316,235.587,43.841,-0.982,0,-0.187,0,1,0,0.187,0,-0.982],"_humanoidState":5,"_cameraCFrame":[744.736,252.967,41.781,-0.943,0.327,-0.058,0,0.174,0.985,0.332,0.929,-0.16