[{"_mousePosition":[680,386],"_rootPartCFrame":[776.035,222.7,47.142,-0.002,0,1,0,1,0,-1,0,-0.002],"_humanoidState":8,"_cameraCFrame":[781.011,235.537,48.863,0.327,-0.857,0.398,0,0.421,0.907,-0.945,-0.296,0.138],"_shiftlockState":false,"_pose":"Standing","_animationQueue":[],"_animationSpeed":1,"_zoom":12.5},{"_mousePosition":[680,386],"_rootPartCFrame":[775.802,222.7,47.062,0.045,0,0.999,0,1,0,-0.999,0,0.045],"_humanoidState":8,"_cameraCFrame":[780.711,235.567,48.773,0.329,-0.859,0.393,0,0.416,0.909,-0.944,-0.299,0.137],"_shiftlockState":false,"_pose":"Standing","_animationQueue":[],"_animationSpeed":1,"_zoom":12.5},{"_mousePosition":[680,386],"_rootPartCFrame":[775.55,222.7,46.975,0.084,0,0.996,0,1,0,-0.996,0,0.084],"_humanoidState":8,"_cameraCFrame":[780.413,235.587,48.684,0.332,-0.86,0.389,0,0.412,0.911,-0.943,-0.302,0.137],"_shiftlockState":false,"_pose":"Running","_animationQueue":[["walk",0.1]],"_animationSpeed":1.066,"_zoom":12.5},{"_mousePosition":[680,386],"_rootPartCFrame":[775.299,222.7,46.887,0.118,0,0.993,0,1,0,-0.993,0,0.118],"_humanoidState":8,"_cameraCFrame":[780.094,235.617,48.586,0.334,-0.861,0.384,0,0.407,0.913,-0.943,-0.305,0.136],"_shiftlockState":false,"_pose":"Running","_animationQueue":[],"_animationSpeed":1.066,"_zoom":12.5},{"_mousePosition":[680,386],"_rootPartCFrame":[775.047,222.7,46.799,0.147,0,0.989,0,1,0,-0.989,0,0.147],"_humanoidState":8,"_cameraCFrame":[779.775,235.647,48.487,0.336,-0.862,0.378,0,0.402,0.916,-0.942,-0.308,0.135],"_shiftlockState":false,"_pose":"Running","_animationQueue":[],"_animationSpeed":1.066,"_zoom":12.5},{"_mousePosition":[680,386],"_rootPartCFrame":[774.796,222.7,46.71,0.173,0,0.985,0,1,0,-0.985,0,0.173],"_humanoidState":8,"_cameraCFrame":[779.473,235.666,48.407,0.341,-0.862,0.374,0,0.398,0.917,-0.94,-0.313,0.136],"_shiftlockState":false,"_pose":"Running","_animationQueue":[],"_animationSpeed":1.066,"_zoom":12.5},{"_mousePosition":[680,386],"_rootPartCFrame":[774.544,222.7,46.62,0.195,0,0.981,0,1,0,-0.981,0,0.195],"_humanoidState":8,"_cameraCFrame":[779.151,235.695,48.318,0.346,-0.863,0.368,0,0.393,0.92,-0.938,-0.318,0.136],"_shiftlockState":false,"_pose":"Running","_animationQueue":[],"_animationSpeed":1.066,"_zoom":12.5},{"_mousePosition":[680,386],"_rootPartCFrame":[774.294,222.7,46.529,0.215,0,0.977,0,1,0,-0.977,0,0.215],"_humanoidState":8,"_cameraCFrame":[778.849,235.714,48.235,0.351,-0.863,0.364,0,0.389,0.921,-0.937,-0.323,0.136],"_shiftlockState":false,"_pose":"Running","_animationQueue":[],"_animationSpeed":1.066,"_zoom":12.5},{"_mousePosition":[680,386],"_rootPartCFrame":[774.043,222.7,46.437,0.233,0,0.972,0,1,0,-0.972,0,0.233],"_humanoidState":8,"_cameraCFrame":[778.553,235.733,48.138,0.353,-0.863,0.361,0,0.386,0.923,-0.936,-0.326,0.136],"_shiftlockState":false,"_pose":"Running","_animationQueue":[["walk",0.1]],"_animationSpeed":1.066,"_zoom":12.5},{"_mousePosition":[680,386],"_rootPartCFrame":[773.794,222.7,46.344,0.249,0,0.968,0,1,0,-0.968,0,0.249],"_humanoidState":8,"_cameraCFrame":[778.231,235.761,48.043,0.358,-0.864,0.355,0,0.38,0.925,-0.934,-0.331,0.136],"_shiftlockState":false,"_pose":"Running","_animationQueue":[],"_animationSpeed":1.066,"_zoom":12.5},{"_mousePosition":[680,386],"_rootPartCFrame":[773.544,222.7,46.25,0.263,0,0.965,0,1,0,-0.965,0,0.263],"_humanoidState":8,"_cameraCFrame":[777.935,235.78,47.944,0.36,-0.864,0.351,0,0.377,0.926,-0.933,-0.334,0.136],"_shiftlockState":false,"_pose":"Running","_animationQueue":[],"_animationSpeed":1.066,"_zoom":12.5},{"_mousePosition":[680,386],"_rootPartCFrame":[773.295,222.7,46.154,0.276,0,0.961,0,1,0,-0.961,0,0.276],"_humanoidState":8,"_cameraCFrame":[777.661,235.789,47.852,0.362,-0.864,0.349,0,0.375,0.927,-0.932,-0.336,0.136],"_shiftlockState":false,"_pose":"Running","_animationQueue":[],"_animationSpeed":1.066,"_zoom":12.5},{"_mousePosition":[680,386],"_rootPartCFrame":[773.046,222.7,46.059,0.288,0,0.958,0,1,0,-0.958,0,0.288],"_humanoidState":8,"_cameraCFrame":[777.366,235.807,47.751,0.365,-0.865,0.346,0,0.371,0.929,-0.931,-0.339,0.135],"_shiftlockState":false,"_pose":"Running","_animationQueue":[],"_animationSpeed":1.066,"_zoom":12.5},{"_mousePosition":[680,386],"_rootPartCFrame":[772.798,222.7,45.962,0.298,0,0.955,0,1,0,-0.955,0,0.298],"_humanoidState":8,"_cameraCFrame":[777.071,235.825,47.648,0.367,-0.865,0.342,0,0.367,0.93,-0.93,-0.341,0.135],"_shiftlockState":false,"_pose":"Running","_animationQueue":[],"_animationSpeed":1.066,"_zoom":12.5},{"_mousePosition":[680,386],"_rootPartCFrame":[772.549,222.7,45.865,0.307,0,0.952,0,1,0,-0.952,0,0.307],"_humanoidState":8,"_cameraCFrame":[776.797,235.834,47.554,0.369,-0.865,0.34,0,0.366,0.931,-0.929,-0.344,0.135],"_shiftlockState":false,"_pose":"Running","_animationQueue":[],"_animationSpeed":1.066,"_zoom":12.5},{"_mousePosition":[680,386],"_rootPartCFrame":[772.301,222.7,45.767,0.315,0,0.949,0,1,0,-0.949,0,0.315],"_humanoidState":8,"_cameraCFrame":[776.524,235.843,47.458,0.372,-0.865,0.338,0,0.364,0.931,-0.928,-0.346,0.135],"_shiftlockState":false,"_pose":"Running","_animationQueue":[["walk",0.1]],"_animationSpeed":1.066,"_zoom":12.5},{"_mousePosition":[680,386],"_rootPartCFrame":[772.054,222.7,45.668,0.323,0,0.947,0,1,0,-0.947,0,0.323],"_humanoidState":8,"_cameraCFrame":[776.23,235.86,47.353,0.374,-0.865,0.334,0,0.36,0.933,-0.927,-0.349,0.135],"_shiftlockState":false,"_pose":"Running","_animationQueue":[],"_animationSpeed":1.066,"_zoom":12.5},{"_mousePosition":[680,386],"_rootPartCFrame":[771.806,222.7,45.569,0.329,0,0.944,0,1,0,-0.944,0,0.329],"_humanoidState":8,"_cameraCFrame":[775.957,235.869,47.256,0.376,-0.865,0.332,0,0.358,0.934,-0.926,-0.351,0.135],"_shiftlockState":false,"_pose":"Running","_animationQueue":[],"_animationSpeed":1.066,"_zoom":12.5},{"_mousePosition":[680,386],"_rootPartCFrame":[771.559,222.7,45.47,0.335,0,0.942,0,1,0,-0.942,0,0.335],"_humanoidState":8,"_cameraCFrame":[775.709,235.869,47.156,0.376,-0.865,0.332,0,0.358,0.934,-0.926,-0.351,0.135],"_shiftlockState":false,"_pose":"Running","_animationQueue":[],"_animationSpeed":1.066,"_zoom":12.5},{"_mousePosition":[680,386],"_rootPartCFrame":[771.312,222.7,45.369,0.341,0,0.94,0,1,0,-0.94,0,0.341],"_humanoidState":8,"_cameraCFrame":[775.462,235.869,47.056,0.376,-0.865,0.332,0,0.358,0.934,-0.926,-0.351,0.135],"_shiftlockState":false,"_pose":"Running","_animationQueue":[],"_animationSpeed":1.066,"_zoom":12.5},{"_mousePosition":[680,386],"_rootPartCFrame":[771.065,223.573,45.269,0.346,0,0.938,0,1,0,-0.938,0,0.346],"_humanoidState":3,"_cameraCFrame":[775.215,236.742,46.956,0.376,-0.865,0.332,0,0.358,0.934,-0.926,-0.351,0.135],"_shiftlockState":false,"_pose":"Jumping","_animationQueue":[["walk",0.1],["jump",0.1]],"_animationSpeed":1,"_zoom":12.5},{"_mousePosition":[680,386],"_rootPartCFrame":[770.818,224.395,45.168,0.351,0,0.936,0,1,0,-0.936,0,0.351],"_humanoidState":5,"_cameraCFrame":[774.943,237.573,46.857,0.379,-0.865,0.33,0,0.357,0.934,-0.925,-0.354,0.135],"_shiftlockState":false,"_pose":"FreeFall","_animationQueue":[["jump",0.1]],"_animationSpeed":1,"_zoom":12.5},{"_mousePosition":[680,386],"_rootPartCFrame":[770.509,225.346,45.043,0.355,0,0.935,0,1,0,-0.935,0,0.355],"_humanoidState":5,"_cameraCFrame":[774.634,238.524,46.732,0.379,-0.865,0.33,0,0.357,0.934,-0.925,-0.354,0.135],"_shiftlockState":false,"_pose":"FreeFall","_animationQueue":[],"_animationSpeed":1,"_zoom":12.5},{"_mousePosition":[680,386],"_rootPartCFrame":[770.324,225.875,44.967,0.358,0,0.934,0,1,0,-0.934,0,0.358],"_humanoidState":5,"_cameraCFrame":[774.449,239.054,46.656,0.379,-0.865,0.33,0,0.357,0.934,-0.925,-0.354,0.135],"_shiftlockState":false,"_pose":"FreeFall","_animationQueue":[],"_animationSpeed":1,"_zoom":12.5},{"_mousePosition":[680,386],"_rootPartCFrame":[770.015,226.69,44.841,0.362,0,0.932,0,1,0,-0.932,0,0.362],"_humanoidState":5,"_cameraCFrame":[774.14,239.868,46.53,0.379,-0.865,0.33,0,0.357,0.934,-0.925,-0.354,0.135],"_shiftlockState":false,"_pose":"FreeFall","_animationQueue":[],"_animationSpeed":1,"_zoom":12.5},{"_mousePosition":[680,386],"_rootPartCFrame":[769.83,227.138,44.765,0.363,0,0.932,0,1,0,-0.932,0,0.363],"_humanoidState":5,"_cameraCFrame":[773.955,240.316,46.454,0.379,-0.865,0.33,0,0.357,0.934,-0.925,-0.354,0.135],"_shiftlockState":false,"_pose":"FreeFall","_animationQueue":[],"_animationSpeed":1,"_zoom":12.5},{"_mousePosition":[680,386],"_rootPartCFrame":[769.583,227.687,44.664,0.366,0,0.931,0,1,0,-0.931,0,0.366],"_humanoidState":5,"_cameraCFrame":[773.708,240.866,46.353,0.379,-0.865,0.33,0,0.357,0.934,-0.925,-0.354,0.135],"_shiftlockState":false,"_pose":"FreeFall","_animationQueue":[],"_animationSpeed":1,"_zoom":12.5},{"_mousePosition":[680,386],"_rootPartCFrame":[769.336,228.182,44.563,0.367,0,0.93,0,1,0,-0.93,0,0.367],"_humanoidState":5,"_cameraCFrame":[773.462,241.361,46.252,0.379,-0.865,0.33,0,0.357,0.934,-0.925,-0.354,0.135],"_shiftlockState":false,"_pose":"FreeFall","_animationQueue":[],"_animationSpeed":1,"_zoom":12.5},{"_mousePosition":[680,386],"_rootPartCFrame":[769.089,228.623,44.462,0.369,0,0.929,0,1,0,-0.929,0,0.369],"_humanoidState":5,"_cameraCFrame":[773.215,241.801,46.151,0.379,-0.865,0.33,0,0.357,0.934,-0.925,-0.354,0.135],"_shiftlockState":false,"_pose":"FreeFall","_animationQueue":[],"_animationSpeed":1,"_zoom":12.5},{"_mousePosition":[680,386],"_rootPartCFrame":[768.843,229.009,44.361,0.37,0,0.929,0,1,0,-0.929,0,0.37],"_humanoidState":5,"_cameraCFrame":[772.968,242.187,46.05,0.379,-0.865,0.33,0,0.357,0.934,-0.925,-0.354,0.135],"_shiftlockState":false,"_pose":"FreeFall","_animationQueue":[],"_animationSpeed":1,"_zoom":12.5},{"_mousePosition":[680,386],"_rootPartCFrame":[768.596,229.34,44.26,0.372,0,0.928,0,1,0,-0.928,0,0.372],"_humanoidState":5,"_cameraCFrame":[772.721,242.519,45.949,0.379,-0.865,0.33,0,0.357,0.934,-0.925,-0.354,0.135],"_shiftlockState":false,"_pose":"FreeFall","_animationQueue":[],"_animationSpeed":1,"_zoom":12.5},{"_mousePosition":[680,386],"_rootPartCFrame":[768.349,229.617,44.159,0.373,0,0.928,0,1,0,-0.928,0,0.373],"_humanoidState":5,"_cameraCFrame":[772.474,242.796,45.848,0.379,-0.865,0.33,0,0.357,0.934,-0.925,-0.354,0.135],"_shiftlockState":false,"_pose":"FreeFall","_animationQueue":[],"_animationSpeed":1,"_zoom":12.5},{"_mousePosition":[680,386],"_rootPartCFrame":[768.102,229.84,44.058,0.374,0,0.928,0,1,0,-0.928,0,0.374],"_humanoidState":5,"_cameraCFrame":[772.227,243.018,45.747,0.379,-0.865,0.33,0,0.357,0.934,-0.925,-0.354,0.135],"_shiftlockState":false,"_pose":"FreeFall","_animationQueue":[],"_animationSpeed":1,"_zoom":12.5},{"_mousePosition":[680,386],"_rootPartCFrame":[767.794,230.042,43.932,0.374,0,0.927,0,1,0,-0.927,0,0.374],"_humanoidState":5,"_cameraCFrame":[771.919,243.22,45.62,0.379,-0.865,0.33,0,0.357,0.934,-0.925,-0.354,0.135],"_shiftlockState":false,"_pose":"FreeFall","_animationQueue":[],"_animationSpeed":1,"_zoom":12.5},{"_mousePosition":[680,386],"_rootPartCFrame":[767.547,230.141,43.831,0.375,0,0.927,0,1,0,-0.927,0,0.375],"_humanoidState":5,"_cameraCFrame":[771.672,243.32,45.519,0.379,-0.865,0.33,0,0.357,0.934,-0.925,-0.354,0.135],"_shiftlockState":false,"_pose":"FreeFall","_animationQueue":[],"_animationSpeed":1,"_zoom":12.5},{"_mousePosition":[680,386],"_rootPartCFrame":[767.3,230.187,43.73,0.376,0,0.927,0,1,0,-0.927,0,0.376],"_humanoidState":5,"_cameraCFrame":[771.425,243.365,45.418,0.379,-0.865,0.33,0,0.357,0.934,-0.925,-0.354,0.135],"_shiftlockState":false,"_pose":"FreeFall","_animationQueue":[["fall",0.3]],"_animationSpeed":1,"_zoom":12.5},{"_mousePosition":[680,386],"_rootPartCFrame":[767.115,230.185,43.654,0.376,0,0.927,0,1,0,-0.927,0,0.376],"_humanoidState":5,"_cameraCFrame":[771.24,243.363,45.343,0.379,-0.865,0.33,0,0.357,0.934,-0.925,-0.354,0.135],"_shiftlockState":false,"_pose":"FreeFall","_animationQueue":[],"_animationSpeed":1,"_zoom":12.5},{"_mousePosition":[680,386],"_rootPartCFrame":[766.868,230.135,43.553,0.376,0,0.926,0,1,0,-0.926,0,0.376],"_humanoidState":5,"_cameraCFrame":[770.993,243.313,45.242,0.379,-0.865,0.33,0,0.357,0.934,-0.925,-0.354,0.135],"_shiftlockState":false,"_pose":"FreeFall","_animationQueue":[],"_animationSpeed":1,"_zoom":12.5},{"_mousePosition":[680,386],"_rootPartCFrame":[766.621,230.031,43.452,0.377,0,0.926,0,1,0,-0.926,0,0.377],"_humanoidState":5,"_cameraCFrame":[770.746,243.209,45.141,0.379,-0.865,0.33,0,0.357,0.934,-0.925,-0.354,0.135],"_shiftlockState":false,"_pose":"FreeFall","_animationQueue":[],"_animationSpeed":1,"_zoom":12.5},{"_mousePosition":[680,386],"_rootPartCFrame":[766.374,229.872,43.351,0.377,0,0.926,0,1,0,-0.926,0,0.377],"_humanoidState":5,"_cameraCFrame":[770.5,243.05,45.039,0.379,-0.865,0.33,0,0.357,0.934,-0.925,-0.354,0.135],"_shiftlockState":false,"_pose":"FreeFall","_animationQueue":[],"_animationSpeed":1,"_zoom":12.5},{"_mousePosition":[680,386],"_rootPartCFrame":[766.128,229.658,43.25,0.377,0,0.926,0,1,0,-0.926,0,0.377],"_humanoidState":5,"_cameraCFrame":[770.232,242.845,44.93,0.379,-0.865,0.328,0,0.355,0.935,-0.925,-0.354,0.134],"_shiftlockState":false,"_pose":"FreeFall","_animationQueue":[],"_animationSpeed":1,"_zoom":12.5},{"_mousePosition":[680,386],"_rootPartCFrame":[765.819,229.315,43.124,0.378,0,0.926,0,1,0,-0.926,0,0.378],"_humanoidState":5,"_cameraCFrame":[769.923,242.502,44.804,0.379,-0.865,0.328,0,0.355,0.935,-0.925,-0.354,0.134],"_shiftlockState":false,"_pose":"FreeFall","_animationQueue":[["fall",0.3]],"_animationSpeed":1,"_zoom":12.5},{"_mousePosition":[680,386],"_rootPartCFrame":[765.572,228.979,43.022,0.378,0,0.926,0,1,0,-0.926,0,0.378],"_humanoidState":5,"_cameraCFrame":[769.668,242.174,44.663,0.372,-0.869,0.328,0,0.353,0.936,-0.928,-0.348,0.131],"_shiftlockState":false,"_pose":"FreeFall","_animationQueue":[],"_animationSpeed":1,"_zoom":12.5},{"_mousePosition":[680,386],"_rootPartCFrame":[765.387,228.691,42.947,0.378,0,0.926,0,1,0,-0.926,0,0.378],"_humanoidState":5,"_cameraCFrame":[769.482,241.895,44.527,0.36,-0.874,0.328,0,0.351,0.936,-0.933,-0.337,0.126],"_shiftlockState":false,"_pose":"FreeFall","_animationQueue":[],"_animationSpeed":1,"_zoom":12.5},{"_mousePosition":[680,386],"_rootPartCFrame":[765.14,228.259,42.847,0.377,0,0.926,0,1,0,-0.926,0,0.377],"_humanoidState":5,"_cameraCFrame":[769.223,241.48,44.329,0.341,-0.881,0.327,0,0.347,0.938,-0.94,-0.32,0.119],"_shiftlockState":false,"_pose":"FreeFall","_animationQueue":[],"_animationSpeed":1,"_zoom":12.5},{"_mousePosition":[680,386],"_rootPartCFrame":[764.891,227.773,42.751,0.376,0,0.927,0,1,0,-0.927,0,0.376],"_humanoidState":5,"_cameraCFrame":[768.972,241.02,44.024,0.298,-0.897,0.326,0,0.342,0.94,-0.955,-0.28,0.102],"_shiftlockState":false,"_pose":"FreeFall","_animationQueue":[],"_animationSpeed":1,"_zoom":12.5},{"_mousePosition":[680,386],"_rootPartCFrame":[764.578,227.089,42.636,0.371,0,0.929,0,1,0,-0.929,0,0.371],"_humanoidState":5,"_cameraCFrame":[768.66,240.352,43.742,0.261,-0.908,0.327,0,0.338,0.941,-0.965,-0.246,0.088],"_shiftlockState":false,"_pose":"FreeFall","_animationQueue":[],"_animationSpeed":1,"_zoom":12.5},{"_mousePosition":[680,386],"_rootPartCFrame":[764.324,226.481,42.555,0.363,0,0.932,0,1,0,-0.932,0,0.363],"_humanoidState":5,"_cameraCFrame":[768.427,239.752,43.479,0.22,-0.919,0.328,0,0.336,0.942,-0.976,-0.207,0.074],"_shiftlockState":false,"_pose":"FreeFall","_animationQueue":[],"_animationSpeed":1,"_zoom":12.5},{"_mousePosition":[680,386],"_rootPartCFrame":[764.067,225.817,42.484,0.351,0,0.936,0,1,0,-0.936,0,0.351],"_humanoidState":5,"_cameraCFrame":[768.182,239.097,43.237,0.18,-0.927,0.329,0,0.335,0.942,-0.984,-0.17,0.06],"_shiftlockState":false,"_pose":"FreeFall","_animationQueue":[["fall",0.3]],"_animationSpeed":1,"_zoom":12.5},{"_mousePosition":[680,386],"_rootPartCFrame":[763.872,225.284,42.438,0.339,0,0.941,0,1,0,-0.941,0,0.339],"_humanoidState":5,"_cameraCFrame":[768.011,238.564,43.045,0.145,-0.932,0.331,0,0.335,0.942,-0.989,-0.137,0.049],"_shiftlockState":false,"_pose":"FreeFall","_animationQueue":[],"_animationSpeed":1,"_zoom":12.5},{"_mousePosition":[680,386],"_rootPartCFrame":[763.61,224.526,42.389,0.32,0,0.948,0,1,0,-0.948,0,0.32],"_humanoidState":5,"_cameraCFrame":[767.743,237.813,42.867,0.115,-0.937,0.331,0,0.333,0.943,-0.993,-0.108,0.038],"_shiftlockState":false,"_pose":"FreeFall","_animationQueue":[],"_animationSpeed":1,"_zoom":12.5},{"_mousePosition":[680,386],"_rootPartCFrame":[763.347,223.713,42.349,0.298,0,0.955,0,1,0,-0.955,0,0.298],"_humanoidState":5,"_cameraCFrame":[767.489,237,42.733,0.092,-0.939,0.331,0,0.333,0.943,-0.996,-0.087,0.031],"_shiftlockState":false,"_pose":"FreeFall","_animationQueue":[],"_animationSpeed":1,"_zoom":12.5},{"_mousePosition":[680,386],"_rootPartCFrame":[763.082,222.845,42.317,0.274,0,0.962,0,1,0,-0.962,0,0.274],"_humanoidState":7,"_cameraCFrame":[767.231,236.133,42.617,0.072,-0.941,0.332,0,0.333,0.943,-0.997,-0.068,0.024],"_shiftlockState":false,"_pose":"FreeFall","_animationQueue":[["walk",0.1],["fall",0.3],["fall",0.3]],"_animationSpeed":1,"_zoom":12.5},{"_mousePosition":[680,386],"_rootPartCFrame":[762.816,222.455,42.291,0.25,0,0.968,0,1,0,-0.968,0,0.25],"_humanoidState":7,"_cameraCFrame":[766.948,235.751,42.506,0.052,-0.942,0.331,0,0.331,0.944,-0.999,-0.049,0.017],"_shiftlockState":false,"_pose":"FreeFall","_animationQueue":[],"_animationSpeed":1,"_zoom":12.5},{"_mousePosition":[680,386],"_rootPartCFrame":[762.484,222.594,42.267,0.221,0,0.975,0,1,0,-0.975,0,0.221],"_humanoidState":8,"_cameraCFrame":[766.619,235.889,42.398,0.032,-0.943,0.331,0,0.331,0.944,-0.999,-0.03,0.01],"_shiftlockState":false,"_pose":"Running","_animationQueue":[["walk",0.1],["fall",0.3],["walk",0.1]],"_animationSpeed":1.103,"_zoom":12.5},{"_mousePosition":[680,386],"_rootPartCFrame":[762.151,222.703,42.249,0.193,0,0.981,0,1,0,-0.981,0,0.193],"_humanoidState":8,"_cameraCFrame":[766.242,236.014,42.295,0.011,-0.945,0.327,0,0.327,0.945,-1,-0.011,0.004],"_shiftlockState":false,"_pose":"Running","_animationQueue":[["walk",0.1]],"_animationSpeed":1.103,"_zoom":12.5},{"_mousePosition":[680,386],"_rootPartCFrame":[761.951,222.74,42.241,0.176,0,0.984,0,1,0,-0.984,0,0.176],"_humanoidState":8,"_cameraCFrame":[766.019,236.059,42.226,-0.004,-0.946,0.325,0,0.325,0.946,-1,0.004,-0.001],"_shiftlockState":false,"_pose":"Running","_animationQueue":[],"_animationSpeed":1.103,"_zoom":12.5},{"_mousePosition":[680,386],"_rootPartCFrame":[761.685,222.769,42.238,0.155,0,0.988,0,1,0,-0.988,0,0.155],"_humanoidState":8,"_cameraCFrame":[765.729,236.096,42.171,-0.016,-0.946,0.324,0,0.324,0.946,-1,0.015,-0.005],"_shiftlockState":false,"_pose":"Running","_animationQueue":[],"_animationSpeed":1.103,"_zoom":12.5},{"_mousePosition":[680,386],"_rootPartCFrame":[761.418,222.785,42.238,0.133,0,0.991,0,1,0,-0.991,0,0.133],"_humanoidState":8,"_cameraCFrame":[765.463,236.113,42.172,-0.016,-0.946,0.324,0,0.324,0.946,-1,0.015,-0.005],"_shiftlockState":false,"_pose":"Running","_animationQueue":[],"_animationSpeed":1.103,"_zoom":12.5},{"_mousePosition":[680,386],"_rootPartCFrame":[761.151,222.794,42.242,0.113,0,0.994,0,1,0,-0.994,0,0.113],"_humanoidState":8,"_cameraCFrame":[765.196,236.121,42.176,-0.016,-0.946,0.324,0,0.324,0.946,-1,0.015,-0.005],"_shiftlockState":false,"_pose":"Running","_animationQueue":[],"_animationSpeed":1.103,"_zoom":12.5},{"_mousePosition":[680,386],"_rootPartCFrame":[760.885,222.799,42.246,0.095,0,0.995,0,1,0,-0.995,0,0.095],"_humanoidState":8,"_cameraCFrame":[764.93,236.126,42.18,-0.016,-0.946,0.324,0,0.324,0.946,-1,0.015,-0.005],"_shiftlockState":false,"_pose":"Running","_animationQueue":[],"_animationSpeed":1.103,"_zoom":12.5},{"_mousePosition":[680,386],"_rootPartCFrame":[760.618,222.801,42.25,0.079,0,0.997,0,1,0,-0.997,0,0.079],"_humanoidState":8,"_cameraCFrame":[764.663,236.129,42.184,-0.016,-0.946,0.324,0,0.324,0.946,-1,0.015,-0.005],"_shiftlockState":false,"_pose":"Running","_animationQueue":[],"_animationSpeed":1.103,"_zoom":12.5},{"_mousePosition":[680,386],"_rootPartCFrame":[760.352,222.803,42.255,0.066,0,0.998,0,1,0,-0.998,0,0.066],"_humanoidState":8,"_cameraCFrame":[764.396,236.13,42.189,-0.016,-0.946,0.324,0,0.324,0.946,-1,0.015,-0.005],"_shiftlockState":false,"_pose":"Running","_animationQueue":[["walk",0.1]],"_animationSpeed":1.103,"_zoom":12.5},{"_mousePosition":[680,386],"_rootPartCFrame":[760.085,222.803,42.259,0.054,0,0.999,0,1,0,-0.999,0,0.054],"_humanoidState":8,"_cameraCFrame":[764.13,236.131,42.193,-0.016,-0.946,0.324,0,0.324,0.946,-1,0.015,-0.005],"_shiftlockState":false,"_pose":"Running","_animationQueue":[],"_animationSpeed":1.103,"_zoom":12.5},{"_mousePosition":[680,386],"_rootPartCFrame":[759.818,222.804,42.264,0.044,0,0.999,0,1,0,-0.999,0,0.044],"_humanoidState":8,"_cameraCFrame":[763.863,236.131,42.208,-0.014,-0.946,0.324,0,0.324,0.946,-1,0.013,-0.004],"_shiftlockState":false,"_pose":"Running","_animationQueue":[],"_animationSpeed":1.103,"_zoom":12.5},{"_mousePosition":[680,386],"_rootPartCFrame":[759.552,222.804,42.268,0.036,0,0.999,0,1,0,-0.999,0,0.036],"_humanoidState":8,"_cameraCFrame":[763.597,236.131,42.232,-0.009,-0.946,0.324,0,0.324,0.946,-1,0.008,-0.003],"_shiftlockState":false,"_pose":"Running","_animationQueue":[],"_animationSpeed":1.103,"_zoom":12.5},{"_mousePosition":[680,386],"_rootPartCFrame":[759.285,222.804,42.272,0.029,0,1,0,1,0,-1,0,0.029],"_humanoidState":8,"_cameraCFrame":[763.33,236.132,42.246,-0.006,-0.946,0.324,0,0.324,0.946,-1,0.006,-0.002],"_shiftlockState":false,"_pose":"Running","_animationQueue":[],"_animationSpeed":1.103,"_zoom":12.5},{"_mousePosition":[680,386],"_rootPartCFrame":[759.019,222.804,42.274,0.023,0,1,0,1,0,-1,0,0.023],"_humanoidState":8,"_cameraCFrame":[763.064,236.132,42.249,-0.006,-0.946,0.324,0,0.324,0.946,-1,0.006,-0.002],"_shiftlockState":false,"_pose":"Running","_animationQueue":[],"_animationSpeed":1.103,"_zoom":12.5},{"_mousePosition":[680,386],"_rootPartCFrame":[758.752,222.804,42.276,0.019,0,1,0,1,0,-1,0,0.019],"_humanoidState":8,"_cameraCFrame":[762.797,236.132,42.251,-0.006,-0.946,0.324,0,0.324,0.946,-1,0.006,-0.002],"_shiftlockState":false,"_pose":"Running","_animationQueue":[],"_animationSpeed":1.103,"_zoom":12.5},{"_mousePosition":[680,386],"_rootPartCFrame":[758.485,222.804,42.278,0.015,0,1,0,1,0,-1,0,0.015],"_humanoidState":8,"_cameraCFrame":[762.531,236.132,42.252,-0.006,-0.946,0.324,0,0.324,0.946,-1,0.006,-0.002],"_shiftlockState":false,"_pose":"Running","_animationQueue":[["walk",0.1]],"_animationSpeed":1.103,"_zoom":12.5},{"_mousePosition":[680,386],"_rootPartCFrame":[758.152,222.804,42.28,0.012,0,1,0,1,0,-1,0,0.012],"_humanoidState":8,"_cameraCFrame":[762.197,236.132,42.254,-0.006,-0.946,0.324,0,0.324,0.946,-1,0.006,-0.002],"_shiftlockState":false,"_pose":"Running","_animationQueue":[],"_animationSpeed":1.103,"_zoom":12.5},{"_mousePosition":[680,386],"_rootPartCFrame":[757.886,222.804,42.281,0.009,0,1,0,1,0,-1,0,0.009],"_humanoidState":8,"_cameraCFrame":[761.931,236.132,42.256,-0.006,-0.946,0.324,0,0.324,0.946,-1,0.006,-0.002],"_shiftlockState":false,"_pose":"Running","_animationQueue":[],"_animationSpeed":1.103,"_zoom":12.5},{"_mousePosition":[680,386],"_rootPartCFrame":[757.619,222.804,42.283,0.007,0,1,0,1,0,-1,0,0.007],"_humanoidState":8,"_cameraCFrame":[761.664,236.132,42.258,-0.006,-0.946,0.324,0,0.324,0.946,-1,0.006,-0.002],"_shiftlockState":false,"_pose":"Running","_animationQueue":[],"_animationSpeed":1.103,"_zoom":12.5},{"_mousePosition":[680,386],"_rootPartCFrame":[757.352,222.804,42.285,0.005,0,1,0,1,0,-1,0,0.005],"_humanoidState":8,"_cameraCFrame":[761.421,236.124,42.259,-0.006,-0.946,0.325,0,0.325,0.946,-1,0.006,-0.002],"_shiftlockState":false,"_pose":"Running","_animationQueue":[],"_animationSpeed":1.103,"_zoom":12.5},{"_mousePosition":[680,386],"_rootPartCFrame":[757.086,222.804,42.286,0.004,0,1,0,1,0,-1,0,0.004],"_humanoidState":8,"_cameraCFrame":[761.154,236.124,42.261,-0.006,-0.946,0.325,0,0.325,0.946,-1,0.006,-0.002],"_shiftlockState":false,"_pose":"Running","_animationQueue":[],"_animationSpeed":1.103,"_zoom":12.5},{"_mousePosition":[680,386],"_rootPartCFrame":[756.819,222.804,42.288,0.002,0,1,0,1,0,-1,0,0.002],"_humanoidState":8,"_cameraCFrame":[760.887,236.124,42.263,-0.006,-0.946,0.325,0,0.325,0.946,-1,0.006,-0.002],"_shiftlockState":false,"_pose":"Running","_animationQueue":[],"_animationSpeed":1.103,"_zoom":12.5},{"_mousePosition":[680,386],"_rootPartCFrame":[756.553,222.804,42.29,0.001,0,1,0,1,0,-1,0,0.001],"_humanoidState":8,"_cameraCFrame":[760.621,236.124,42.264,-0.006,-0.946,0.325,0,0.325,0.946,-1,0.006,-0.002],"_shiftlockState":false,"_pose":"Running","_animationQueue":[["walk",0.1]],"_animationSpeed":1.103,"_zoom":12.5},{"_mousePosition":[680,386],"_rootPartCFrame":[756.286,222.804,42.291,0,0,1,0,1,0,-1,0,0],"_humanoidState":8,"_cameraCFrame":[760.354,236.124,42.266,-0.006,-0.946,0.325,0,0.325,0.946,-1,0.006,-0.002],"_shiftlockState":false,"_pose":"Running","_animationQueue":[],"_animationSpeed":1.103,"_zoom":12.5},{"_mousePosition":[680,386],"_rootPartCFrame":[756.019,222.804,42.293,-0.001,0,1,0,1,0,-1,0,-0.001],"_humanoidState":8,"_cameraCFrame":[760.088,236.124,42.268,-0.006,-0.946,0.325,0,0.325,0.946,-1,0.006,-0.002],"_shiftlockState":false,"_pose":"Running","_animationQueue":[],"_animationSpeed":1.103,"_zoom":12.5},{"_mousePosition":[680,386],"_rootPartCFrame":[755.753,222.804,42.295,-0.001,0,1,0,1,0,-1,0,-0.001],"_humanoidState":8,"_cameraCFrame":[759.821,236.124,42.269,-0.006,-0.946,0.325,0,0.325,0.946,-1,0.006,-0.002],"_shiftlockState":false,"_pose":"Running","_animationQueue":[],"_animationSpeed":1.103,"_zoom":12.5},{"_mousePosition":[680,386],"_rootPartCFrame":[755.486,222.804,42.296,-0.002,0,1,0,1,0,-1,0,-0.002],"_humanoidState":8,"_cameraCFrame":[759.554,236.124,42.271,-0.006,-0.946,0.325,0,0.325,0.946,-1,0.006,-0.002],"_shiftlockState":false,"_pose":"Running","_animationQueue":[],"_animationSpeed":1.103,"_zoom":12.5},{"_mousePosition":[680,386],"_rootPartCFrame":[755.22,222.804,42.298,-0.003,0,1,0,1,0,-1,0,-0.003],"_humanoidState":8,"_cameraCFrame":[759.288,236.124,42.273,-0.006,-0.946,0.325,0,0.325,0.946,-1,0.006,-0.002],"_shiftlockState":false,"_pose":"Running","_animationQueue":[],"_animationSpeed":1.103,"_zoom":12.5},{"_mousePosition":[677,389],"_rootPartCFrame":[754.953,222.804,42.3,-0.003,0,1,0,1,0,-1,0,-0.003],"_humanoidState":8,"_cameraCFrame":[759.111,236.385,42.274,-0.006,-0.946,0.325,0,0.325,0.946,-1,0.006,-0.002],"_shiftlockState":false,"_pose":"Running","_animationQueue":[],"_animationSpeed":1.103,"_zoom":16.125},{"_mousePosition":[680,386],"_rootPartCFrame":[754.686,222.804,42.302,-0.004,0,1,0,1,0,-1,0,-0.004],"_humanoidState":8,"_cameraCFrame":[759.16,237.303,42.262,-0.009,-0.946,0.325,0,0.325,0.946,-1,0.008,-0.003],"_shiftlockState":false,"_pose":"Running","_animationQueue":[["walk",0.1]],"_animationSpeed":1.103,"_zoom":20.656},{"_mousePosition":[680,386],"_rootPartCFrame":[754.42,222.804,42.303,-0.004,0,1,0,1,0,-1,0,-0.004],"_humanoidState":8,"_cameraCFrame":[759.315,238.527,42.26,-0.009,-0.946,0.325,0,0.325,0.946,-1,0.008,-0.003],"_shiftlockState":false,"_pose":"Running","_animationQueue":[],"_animationSpeed":1.103,"_zoom":20.656},{"_mousePosition":[680,386],"_rootPartCFrame":[754.153,222.804,42.305,-0.005,0,1,0,1,0,-1,0,-0.005],"_humanoidState":8,"_cameraCFrame":[759.461,239.725,42.259,-0.009,-0.946,0.325,0,0.325,0.946,-1,0.008,-0.003],"_shiftlockState":false,"_pose":"Running","_animationQueue":[],"_animationSpeed":1.103,"_zoom":20.656},{"_mousePosition":[680,386],"_rootPartCFrame":[753.887,222.804,42.308,-0.005,0,1,0,1,0,-1,0,-0.005],"_humanoidState":8,"_cameraCFrame":[759.568,240.812,42.258,-0.009,-0.946,0.325,0,0.325,0.946,-1,0.008,-0.003],"_shiftlockState":false,"_pose":"Running","_animationQueue":[],"_animationSpeed":1.103,"_zoom":20.656},{"_mousePosition":[680,386],"_rootPartCFrame":[753.62,222.804,42.31,-0.006,0,1,0,1,0,-1,0,-0.006],"_humanoidState":8,"_cameraCFrame":[759.596,241.668,42.258,-0.009,-0.946,0.325,0,0.325,0.946,-1,0.008,-0.003],"_shiftlockState":false,"_pose":"Running","_animationQueue":[],"_animationSpeed":1.103,"_zoom":20.656},{"_mousePosition":[680,386],"_rootPartCFrame":[753.353,222.804,42.312,-0.006,0,1,0,1,0,-1,0,-0.006],"_humanoidState":8,"_cameraCFrame":[759.551,242.31,42.258,-0.009,-0.946,0.325,0,0.325,0.946,-1,0.008,-0.003],"_shiftlockState":false,"_pose":"Running","_animationQueue":[],"_animationSpeed":1.103,"_zoom":20.656},{"_mousePosition":[680,386],"_rootPartCFrame":[753.087,222.804,42.315,-0.006,0,1,0,1,0,-1,0,-0.006],"_humanoidState":8,"_cameraCFrame":[759.438,242.756,42.259,-0.009,-0.946,0.325,0,0.325,0.946,-1,0.008,-0.003],"_shiftlockState":false,"_pose":"Running","_animationQueue":[],"_animationSpeed":1.103,"_zoom":20.656},{"_mousePosition":[680,386],"_rootPartCFrame":[752.82,222.804,42.317,-0.007,0,1,0,1,0,-1,0,-0.007],"_humanoidState":8,"_cameraCFrame":[759.294,243.112,42.26,-0.009,-0.946,0.325,0,0.325,0.946,-1,0.008,-0.003],"_shiftlockState":false,"_pose":"Running","_animationQueue":[["walk",0.1]],"_animationSpeed":1.103,"_zoom":20.656},{"_mousePosition":[680,386],"_rootPartCFrame":[752.554,222.804,42.32,-0.007,0,1,0,1,0,-1,0,-0.007],"_humanoidState":8,"_cameraCFrame":[759.099,243.322,42.262,-0.009,-0.946,0.325,0,0.325,0.946,-1,0.008,-0.003],"_shiftlockState":false,"_pose":"Running","_animationQueue":[],"_animationSpeed":1.103,"_zoom":20.656},{"_mousePosition":[680,386],"_rootPartCFrame":[752.287,222.804,42.322,-0.007,0,1,0,1,0,-1,0,-0.007],"_humanoidState":8,"_cameraCFrame":[758.89,243.49,42.264,-0.009,-0.946,0.325,0,0.325,0.946,-1,0.008,-0.003],"_shiftlockState":false,"_pose":"Running","_animationQueue":[],"_animationSpeed":1.103,"_zoom":20.656},{"_mousePosition":[680,386],"_rootPartCFrame":[752.02,222.804,42.324,-0.007,0,1,0,1,0,-1,0,-0.007],"_humanoidState":8,"_cameraCFrame":[758.665,243.61,42.266,-0.009,-0.946,0.325,0,0.325,0.946,-1,0.008,-0.003],"_shiftlockState":false,"_pose":"Running","_animationQueue":[],"_animationSpeed":1.103,"_zoom":20.656},{"_mousePosition":[680,386],"_rootPartCFrame":[751.754,222.804,42.327,-0.008,0,1,0,1,0,-1,0,-0.008],"_humanoidState":8,"_cameraCFrame":[758.422,243.678,42.268,-0.009,-0.946,0.325,0,0.325,0.946,-1,0.008,-0.003],"_shiftlockState":false,"_pose":"Running","_animationQueue":[],"_animationSpeed":1.103,"_zoom":20.656},{"_mousePosition":[680,386],"_rootPartCFrame":[751.487,222.804,42.329,-0.008,0,1,0,1,0,-1,0,-0.008],"_humanoidState":8,"_cameraCFrame":[758.174,243.734,42.27,-0.009,-0.946,0.325,0,0.325,0.946,-1,0.008,-0.003],"_shiftlockState":false,"_pose":"Running","_animationQueue":[],"_animationSpeed":1.103,"_zoom":20.656},{"_mousePosition":[680,386],"_rootPartCFrame":[751.221,222.804,42.331,-0.008,0,1,0,1,0,-1,0,-0.008],"_humanoidState":8,"_cameraCFrame":[757.92,243.769,42.272,-0.009,-0.946,0.325,0,0.325,0.946,-1,0.008,-0.003],"_shiftlockState":false,"_pose":"Running","_animationQueue":[["walk",0.1]],"_animationSpeed":1.103,"_zoom":20.656},{"_mousePosition":[680,386],"_rootPartCFrame":[750.954,222.804,42.334,-0.008,0,1,0,1,0,-1,0,-0.008],"_humanoidState":8,"_cameraCFrame":[757.66,243.79,42.275,-0.009,-0.946,0.325,0,0.325,0.946,-1,0.008,-0.003],"_shiftlockState":false,"_pose":"Running","_animationQueue":[],"_animationSpeed":1.103,"_zoom":20.656},{"_mousePosition":[680,386],"_rootPartCFrame":[750.687,222.804,42.336,-0.008,0,1,0,1,0,-1,0,-0.008],"_humanoidState":8,"_cameraCFrame":[757.4,243.806,42.277,-0.009,-0.946,0.325,0,0.325,0.946,-1,0.008,-0.003],"_shiftlockState":false,"_pose":"Running","_animationQueue":[],"_animationSpeed":1.103,"_zoom":20.656},{"_mousePosition":[680,386],"_rootPartCFrame":[750.421,222.804,42.338,-0.008,0,1,0,1,0,-1,0,-0.008],"_humanoidState":8,"_cameraCFrame":[757.136,243.816,42.279,-0.009,-0.946,0.325,0,0.325,0.946,-1,0.008,-0.003],"_shiftlockState":false,"_pose":"Running","_animationQueue":[],"_animationSpeed":1.103,"_zoom":20.656},{"_mousePosition":[680,386],"_rootPartCFrame":[750.154,222.804,42.341,-0.008,0,1,0,1,0,-1,0,-0.008],"_humanoidState":8,"_cameraCFrame":[756.872,243.823,42.282,-0.009,-0.946,0.325,0,0.325,0.946,-1,0.008,-0.003],"_shiftlockState":false,"_pose":"Running","_animationQueue":[],"_animationSpeed":1.103,"_zoom":20.656},{"_mousePosition":[680,386],"_rootPartCFrame":[749.888,222.804,42.343,-0.008,0,1,0,1,0,-1,0,-0.008],"_humanoidState":8,"_cameraCFrame":[756.607,243.827,42.284,-0.009,-0.946,0.325,0,0.325,0.946,-1,0.008,-0.003],"_shiftlockState":false,"_pose":"Running","_animationQueue":[],"_animationSpeed":1.103,"_zoom":20.656},{"_mousePosition":[680,386],"_rootPartCFrame":[749.621,222.804,42.345,-0.008,0,1,0,1,0,-1,0,-0.008],"_humanoidState":8,"_cameraCFrame":[756.341,243.83,42.286,-0.009,-0.946,0.325,0,0.325,0.946,-1,0.008,-0.003],"_shiftlockState":false,"_pose":"Running","_animationQueue":[],"_animationSpeed":1.103,"_zoom":20.656},{"_mousePosition":[680,386],"_rootPartCFrame":[749.354,222.804,42.348,-0.008,0,1,0,1,0,-1,0,-0.008],"_humanoidState":8,"_cameraCFrame":[756.076,243.832,42.289,-0.009,-0.946,0.325,0,0.325,0.946,-1,0.008,-0.003],"_shiftlockState":false,"_pose":"Running","_animationQueue":[["walk",0.1]],"_animationSpeed":1.103,"_zoom":20.656},{"_mousePosition":[680,386],"_rootPartCFrame":[749.088,222.804,42.35,-0.009,0,1,0,1,0,-1,0,-0.009],"_humanoidState":8,"_cameraCFrame":[755.809,243.834,42.291,-0.009,-0.946,0.325,0,0.325,0.946,-1,0.008,-0.003],"_shiftlockState":false,"_pose":"Running","_animationQueue":[],"_animationSpeed":1.103,"_zoom":20.656},{"_mousePosition":[680,386],"_rootPartCFrame":[748.821,222.804,42.352,-0.009,0,1,0,1,0,-1,0,-0.009],"_humanoidState":8,"_cameraCFrame":[755.543,243.835,42.293,-0.009,-0.946,0.325,0,0.325,0.946,-1,0.008,-0.003],"_shiftlockState":false,"_pose":"Running","_animationQueue":[],"_animationSpeed":1.103,"_zoom":20.656},{"_mousePosition":[680,386],"_rootPartCFrame":[748.555,222.804,42.355,-0.009,0,1,0,1,0,-1,0,-0.009],"_humanoidState":8,"_cameraCFrame":[755.277,243.835,42.313,-0.006,-0.946,0.325,0,0.325,0.946,-1,0.006,-0.002],"_shiftlockState":false,"_pose":"Running","_animationQueue":[],"_animationSpeed":1.103,"_zoom":20.656},{"_mousePosition":[680,386],"_rootPartCFrame":[748.288,222.804,42.357,-0.009,0,1,0,1,0,-1,0,-0.009],"_humanoidState":8,"_cameraCFrame":[755.01,243.835,42.315,-0.006,-0.946,0.325,0,0.325,0.946,-1,0.006,-0.002],"_shiftlockState":false,"_pose":"Running","_animationQueue":[],"_animationSpeed":1.103,"_zoom":20.656},{"_mousePosition":[680,386],"_rootPartCFrame":[748.021,222.804,42.359,-0.008,0,1,0,1,0,-1,0,-0.008],"_humanoidState":8,"_cameraCFrame":[754.744,243.836,42.317,-0.006,-0.946,0.325,0,0.325,0.946,-1,0.006,-0.002],"_shiftlockState":false,"_pose":"Running","_animationQueue":[],"_animationSpeed":1.103,"_zoom":20.656},{"_mousePosition":[680,386],"_rootPartCFrame":[747.755,222.804,42.36,-0.008,0,1,0,1,0,-1,0,-0.008],"_humanoidState":8,"_cameraCFrame":[754.477,243.836,42.318,-0.006,-0.946,0.325,0,0.325,0.946,-1,0.006,-0.002],"_shiftlockState":false,"_pose":"Running","_animationQueue":[["walk",0.1]],"_animationSpeed":1.103,"_zoom":20.656},{"_mousePosition":[680,386],"_rootPartCFrame":[747.488,222.804,42.362,-0.008,0,1,0,1,0,-1,0,-0.008],"_humanoidState":8,"_cameraCFrame":[754.211,243.836,42.32,-0.006,-0.946,0.325,0,0.325,0.946,-1,0.006,-0.002],"_shiftlockState":false,"_pose":"Running","_animationQueue":[],"_animationSpeed":1.103,"_zoom":20.656},{"_mousePosition":[680,386],"_rootPartCFrame":[747.221,222.804,42.364,-0.008,0,1,0,1,0,-1,0,-0.008],"_humanoidState":8,"_cameraCFrame":[753.944,243.836,42.322,-0.006,-0.946,0.325,0,0.325,0.946,-1,0.006,-0.002],"_shiftlockState":false,"_pose":"Running","_animationQueue":[],"_animationSpeed":1.103,"_zoom":20.656},{"_mousePosition":[680,386],"_rootPartCFrame":[746.955,222.804,42.365,-0.007,0,1,0,1,0,-1,0,-0.007],"_humanoidState":8,"_cameraCFrame":[753.677,243.836,42.323,-0.006,-0.946,0.325,0,0.325,0.946,-1,0.006,-0.002],"_shiftlockState":false,"_pose":"Running","_animationQueue":[],"_animationSpeed":1.103,"_zoom":20.656},{"_mousePosition":[680,386],"_rootPartCFrame":[746.688,222.804,42.367,-0.007,0,1,0,1,0,-1,0,-0.007],"_humanoidState":8,"_cameraCFrame":[753.411,243.836,42.325,-0.006,-0.946,0.325,0,0.325,0.946,-1,0.006,-0.002],"_shiftlockState":false,"_pose":"Running","_animationQueue":[],"_animationSpeed":1.103,"_zoom":20.656},{"_mousePosition":[680,386],"_rootPartCFrame":[746.422,222.804,42.369,-0.007,0,1,0,1,0,-1,0,-0.007],"_humanoidState":8,"_cameraCFrame":[753.144,243.836,42.327,-0.006,-0.946,0.325,0,0.325,0.946,-1,0.006,-0.002],"_shiftlockState":false,"_pose":"Running","_animationQueue":[],"_animationSpeed":1.103,"_zoom":20.656},{"_mousePosition":[680,386],"_rootPartCFrame":[746.155,222.804,42.37,-0.007,0,1,0,1,0,-1,0,-0.007],"_humanoidState":8,"_cameraCFrame":[752.878,243.836,42.328,-0.006,-0.946,0.325,0,0.325,0.946,-1,0.006,-0.002],"_shiftlockState":false,"_pose":"Running","_animationQueue":[],"_animationSpeed":1.103,"_zoom":20.656},{"_mousePosition":[680,386],"_rootPartCFrame":[745.888,222.804,42.372,-0.007,0,1,0,1,0,-1,0,-0.007],"_humanoidState":8,"_cameraCFrame":[752.611,243.836,42.33,-0.006,-0.946,0.325,0,0.325,0.946,-1,0.006,-0.002],"_shiftlockState":false,"_pose":"Running","_animationQueue":[["walk",0.1]],"_animationSpeed":1.103,"_zoom":20.656},{"_mousePosition":[680,386],"_rootPartCFrame":[745.622,222.804,42.374,-0.007,0,1,0,1,0,-1,0,-0.007],"_humanoidState":8,"_cameraCFrame":[752.345,243.836,42.332,-0.006,-0.946,0.325,0,0.325,0.946,-1,0.006,-0.002],"_shiftlockState":false,"_pose":"Running","_animationQueue":[],"_animationSpeed":1.103,"_zoom":20.656},{"_mousePosition":[680,386],"_rootPartCFrame":[745.355,222.804,42.375,-0.007,0,1,0,1,0,-1,0,-0.007],"_humanoidState":8,"_cameraCFrame":[752.078,243.836,42.333,-0.006,-0.946,0.325,0,0.325,0.946,-1,0.006,-0.002],"_shiftlockState":false,"_pose":"Running","_animationQueue":[],"_animationSpeed":1.103,"_zoom":20.656},{"_mousePosition":[680,386],"_rootPartCFrame":[745.089,222.804,42.377,-0.007,0,1,0,1,0,-1,0,-0.007],"_humanoidState":8,"_cameraCFrame":[751.811,243.836,42.335,-0.006,-0.946,0.325,0,0.325,0.946,-1,0.006,-0.002],"_shiftlockState":false,"_pose":"Running","_animationQueue":[],"_animationSpeed":1.103,"_zoom":20.656},{"_mousePosition":[680,386],"_rootPartCFrame":[744.822,222.804,42.379,-0.007,0,1,0,1,0,-1,0,-0.007],"_humanoidState":8,"_cameraCFrame":[751.545,243.836,42.337,-0.006,-0.946,0.325,0,0.325,0.946,-1,0.006,-0.002],"_shiftlockState":false,"_pose":"Running","_animationQueue":[],"_animationSpeed":1.103,"_zoom":20.656},{"_mousePosition":[680,386],"_rootPartCFrame":[744.555,222.804,42.38,-0.007,0,1,0,1,0,-1,0,-0.007],"_humanoidState":8,"_cameraCFrame":[751.278,243.836,42.338,-0.006,-0.946,0.325,0,0.325,0.946,-1,0.006,-0.002],"_shiftlockState":false,"_pose":"Running","_animationQueue":[],"_animationSpeed":1.103,"_zoom":20.656},{"_mousePosition":[680,386],"_rootPartCFrame":[744.289,222.804,42.382,-0.007,0,1,0,1,0,-1,0,-0.007],"_humanoidState":8,"_cameraCFrame":[751.012,243.836,42.34,-0.006,-0.946,0.325,0,0.325,0.946,-1,0.006,-0.002],"_shiftlockState":false,"_pose":"Running","_animationQueue":[],"_animationSpeed":1.103,"_zoom":20.656},{"_mousePosition":[680,386],"_rootPartCFrame":[744.022,222.804,42.384,-0.006,0,1,0,1,0,-1,0,-0.006],"_humanoidState":8,"_cameraCFrame":[750.745,243.836,42.342,-0.006,-0.946,0.325,0,0.325,0.946,-1,0.006,-0.002],"_shiftlockState":false,"_pose":"Running","_animationQueue":[["walk",0.1]],"_animationSpeed":1.103,"_zoom":20.656},{"_mousePosition":[680,386],"_rootPartCFrame":[743.756,222.804,42.385,-0.006,0,1,0,1,0,-1,0,-0.006],"_humanoidState":8,"_cameraCFrame":[750.478,243.836,42.343,-0.006,-0.946,0.325,0,0.325,0.946,-1,0.006,-0.002],"_shiftlockState":false,"_pose":"Running","_animationQueue":[],"_animationSpeed":1.103,"_zoom":20.656},{"_mousePosition":[680,386],"_rootPartCFrame":[743.489,222.804,42.387,-0.006,0,1,0,1,0,-1,0,-0.006],"_humanoidState":8,"_cameraCFrame":[750.212,243.836,42.345,-0.006,-0.946,0.325,0,0.325,0.946,-1,0.006,-0.002],"_shiftlockState":false,"_pose":"Running","_animationQueue":[],"_animationSpeed":1.103,"_zoom":20.656},{"_mousePosition":[680,386],"_rootPartCFrame":[743.222,222.804,42.389,-0.006,0,1,0,1,0,-1,0,-0.006],"_humanoidState":8,"_cameraCFrame":[749.945,243.836,42.347,-0