[{"_mousePosition":[752,365],"_rootPartCFrame":[776.028,222.7,47.142,0,0,1,0,1,0,-1,0,0],"_humanoidState":8,"_cameraCFrame":[776.03,236.507,49.33,1,-0.001,0,0,0.175,0.985,-0.001,-0.985,0.175],"_shiftlockState":false,"_pose":"Standing","_animationQueue":[],"_animationSpeed":1,"_zoom":12.5},{"_mousePosition":[752,365],"_rootPartCFrame":[775.856,222.695,47.143,-0.001,0,1,0,1,0,-1,0,-0.001],"_humanoidState":8,"_cameraCFrame":[775.852,236.505,49.314,1,0.002,0,0,0.174,0.985,0.002,-0.985,0.174],"_shiftlockState":false,"_pose":"Standing","_animationQueue":[],"_animationSpeed":1,"_zoom":12.5},{"_mousePosition":[752,365],"_rootPartCFrame":[775.591,222.696,47.143,-0.001,0,1,0,1,0,-1,0,-0.001],"_humanoidState":8,"_cameraCFrame":[775.576,236.506,49.314,1,0.007,-0.001,0,0.174,0.985,0.007,-0.985,0.174],"_shiftlockState":false,"_pose":"Running","_animationQueue":[["walk",0.1]],"_animationSpeed":1.003,"_zoom":12.5},{"_mousePosition":[752,365],"_rootPartCFrame":[775.325,222.698,47.143,0,0,1,0,1,0,-1,0,0],"_humanoidState":8,"_cameraCFrame":[775.299,236.508,49.313,1,0.012,-0.002,0,0.174,0.985,0.012,-0.985,0.174],"_shiftlockState":false,"_pose":"Running","_animationQueue":[["walk",0.1],["walk",0.1]],"_animationSpeed":1.101,"_zoom":12.5},{"_mousePosition":[752,365],"_rootPartCFrame":[775.058,222.699,47.141,0.001,0,1,0,1,0,-1,0,0.001],"_humanoidState":8,"_cameraCFrame":[775.032,236.509,49.312,1,0.012,-0.002,0,0.174,0.985,0.012,-0.985,0.174],"_shiftlockState":false,"_pose":"Running","_animationQueue":[],"_animationSpeed":1.101,"_zoom":12.5},{"_mousePosition":[752,365],"_rootPartCFrame":[774.792,222.699,47.138,0.002,0,1,0,1,0,-1,0,0.002],"_humanoidState":8,"_cameraCFrame":[774.766,236.509,49.308,1,0.012,-0.002,0,0.174,0.985,0.012,-0.985,0.174],"_shiftlockState":false,"_pose":"Running","_animationQueue":[],"_animationSpeed":1.101,"_zoom":12.5},{"_mousePosition":[752,365],"_rootPartCFrame":[774.525,222.699,47.135,0.003,0,1,0,1,0,-1,0,0.003],"_humanoidState":8,"_cameraCFrame":[774.499,236.509,49.305,1,0.012,-0.002,0,0.174,0.985,0.012,-0.985,0.174],"_shiftlockState":false,"_pose":"Running","_animationQueue":[],"_animationSpeed":1.101,"_zoom":12.5},{"_mousePosition":[752,365],"_rootPartCFrame":[774.258,222.699,47.132,0.005,0,1,0,1,0,-1,0,0.005],"_humanoidState":8,"_cameraCFrame":[774.227,236.51,49.302,1,0.014,-0.003,0,0.174,0.985,0.014,-0.985,0.174],"_shiftlockState":false,"_pose":"Running","_animationQueue":[],"_animationSpeed":1.101,"_zoom":12.5},{"_mousePosition":[752,365],"_rootPartCFrame":[773.992,222.7,47.128,0.006,0,1,0,1,0,-1,0,0.006],"_humanoidState":8,"_cameraCFrame":[775.682,236.51,49.346,1,0.027,-0.005,0,0.174,0.985,0.027,-0.984,0.174],"_shiftlockState":true,"_pose":"Running","_animationQueue":[],"_animationSpeed":1.101,"_zoom":12.5},{"_mousePosition":[683,384],"_rootPartCFrame":[773.725,222.7,47.125,0.992,0,-0.123,0,1,0,0.123,0,0.992],"_humanoidState":8,"_cameraCFrame":[775.416,236.51,49.342,1,0.027,-0.005,0,0.174,0.985,0.027,-0.984,0.174],"_shiftlockState":true,"_pose":"Running","_animationQueue":[["walk",0.1]],"_animationSpeed":1.101,"_zoom":12.5},{"_mousePosition":[683,384],"_rootPartCFrame":[773.459,222.7,47.118,0.999,0,-0.037,0,1,0,0.037,0,0.999],"_humanoidState":8,"_cameraCFrame":[775.098,236.51,49.373,0.999,0.049,-0.009,0,0.174,0.985,0.05,-0.984,0.173],"_shiftlockState":true,"_pose":"Running","_animationQueue":[],"_animationSpeed":1.101,"_zoom":12.5},{"_mousePosition":[683,384],"_rootPartCFrame":[773.192,222.7,47.11,0.999,0,-0.05,0,1,0,0.05,0,0.999],"_humanoidState":8,"_cameraCFrame":[774.803,236.51,49.386,0.998,0.062,-0.011,0,0.174,0.985,0.063,-0.983,0.173],"_shiftlockState":true,"_pose":"Running","_animationQueue":[],"_animationSpeed":1.101,"_zoom":12.5},{"_mousePosition":[683,384],"_rootPartCFrame":[772.926,222.7,47.098,0.998,0,-0.063,0,1,0,0.063,0,0.998],"_humanoidState":8,"_cameraCFrame":[774.502,236.51,49.398,0.997,0.077,-0.013,0,0.174,0.985,0.078,-0.982,0.173],"_shiftlockState":true,"_pose":"Running","_animationQueue":[],"_animationSpeed":1.101,"_zoom":12.5},{"_mousePosition":[683,384],"_rootPartCFrame":[772.66,222.7,47.081,0.997,0,-0.078,0,1,0,0.078,0,0.997],"_humanoidState":8,"_cameraCFrame":[774.206,236.51,49.401,0.996,0.089,-0.016,0,0.174,0.985,0.09,-0.981,0.173],"_shiftlockState":true,"_pose":"Running","_animationQueue":[],"_animationSpeed":1.101,"_zoom":12.5},{"_mousePosition":[683,384],"_rootPartCFrame":[772.394,222.7,47.061,0.996,0,-0.09,0,1,0,0.09,0,0.996],"_humanoidState":8,"_cameraCFrame":[773.917,236.51,49.396,0.995,0.099,-0.017,0,0.174,0.985,0.1,-0.98,0.173],"_shiftlockState":true,"_pose":"Running","_animationQueue":[],"_animationSpeed":1.101,"_zoom":12.5},{"_mousePosition":[683,384],"_rootPartCFrame":[772.128,222.7,47.037,0.995,0,-0.1,0,1,0,0.1,0,0.995],"_humanoidState":8,"_cameraCFrame":[773.628,236.51,49.388,0.994,0.109,-0.019,0,0.174,0.985,0.11,-0.979,0.173],"_shiftlockState":true,"_pose":"Running","_animationQueue":[],"_animationSpeed":1.101,"_zoom":12.5},{"_mousePosition":[683,384],"_rootPartCFrame":[771.863,222.7,47.01,0.994,0,-0.11,0,1,0,0.11,0,0.994],"_humanoidState":8,"_cameraCFrame":[773.332,236.51,49.38,0.992,0.121,-0.021,0,0.174,0.985,0.123,-0.977,0.172],"_shiftlockState":true,"_pose":"Running","_animationQueue":[["walk",0.1]],"_animationSpeed":1.101,"_zoom":12.5},{"_mousePosition":[683,384],"_rootPartCFrame":[771.598,222.7,46.981,0.992,0,-0.123,0,1,0,0.123,0,0.992],"_humanoidState":8,"_cameraCFrame":[773.037,236.51,49.369,0.991,0.133,-0.024,0,0.174,0.985,0.136,-0.976,0.172],"_shiftlockState":true,"_pose":"Running","_animationQueue":[],"_animationSpeed":1.101,"_zoom":12.5},{"_mousePosition":[683,384],"_rootPartCFrame":[771.333,222.7,46.949,0.991,0,-0.136,0,1,0,0.136,0,0.991],"_humanoidState":8,"_cameraCFrame":[772.742,236.51,49.355,0.989,0.146,-0.026,0,0.174,0.985,0.148,-0.974,0.172],"_shiftlockState":true,"_pose":"Running","_animationQueue":[],"_animationSpeed":1.101,"_zoom":12.5},{"_mousePosition":[683,384],"_rootPartCFrame":[771.069,222.7,46.913,0.989,0,-0.148,0,1,0,0.148,0,0.989],"_humanoidState":8,"_cameraCFrame":[772.454,236.51,49.333,0.987,0.156,-0.027,0,0.174,0.985,0.158,-0.972,0.171],"_shiftlockState":true,"_pose":"Running","_animationQueue":[],"_animationSpeed":1.101,"_zoom":12.5},{"_mousePosition":[683,384],"_rootPartCFrame":[770.805,222.7,46.874,0.987,0,-0.158,0,1,0,0.158,0,0.987],"_humanoidState":8,"_cameraCFrame":[772.159,236.51,49.311,0.985,0.168,-0.03,0,0.174,0.985,0.171,-0.97,0.171],"_shiftlockState":true,"_pose":"Running","_animationQueue":[],"_animationSpeed":1.101,"_zoom":12.5},{"_mousePosition":[683,384],"_rootPartCFrame":[770.542,222.7,46.832,0.985,0,-0.171,0,1,0,0.171,0,0.985],"_humanoidState":8,"_cameraCFrame":[771.871,236.51,49.283,0.984,0.178,-0.031,0,0.174,0.985,0.181,-0.969,0.171],"_shiftlockState":true,"_pose":"Running","_animationQueue":[],"_animationSpeed":1.101,"_zoom":12.5},{"_mousePosition":[683,384],"_rootPartCFrame":[770.279,222.7,46.786,0.984,0,-0.181,0,1,0,0.181,0,0.984],"_humanoidState":8,"_cameraCFrame":[771.596,236.51,49.244,0.983,0.183,-0.032,0,0.174,0.985,0.186,-0.968,0.171],"_shiftlockState":true,"_pose":"Running","_animationQueue":[["walk",0.1]],"_animationSpeed":1.101,"_zoom":12.5},{"_mousePosition":[683,384],"_rootPartCFrame":[770.016,222.7,46.739,0.983,0,-0.186,0,1,0,0.186,0,0.983],"_humanoidState":8,"_cameraCFrame":[771.333,236.51,49.196,0.983,0.183,-0.032,0,0.174,0.985,0.186,-0.968,0.171],"_shiftlockState":true,"_pose":"Running","_animationQueue":[],"_animationSpeed":1.101,"_zoom":12.5},{"_mousePosition":[683,384],"_rootPartCFrame":[769.754,222.7,46.689,0.983,0,-0.186,0,1,0,0.186,0,0.983],"_humanoidState":8,"_cameraCFrame":[771.059,236.51,49.153,0.982,0.188,-0.033,0,0.174,0.985,0.19,-0.967,0.17],"_shiftlockState":true,"_pose":"Running","_animationQueue":[],"_animationSpeed":1.101,"_zoom":12.5},{"_mousePosition":[683,384],"_rootPartCFrame":[769.427,222.7,46.627,0.982,0,-0.19,0,1,0,0.19,0,0.982],"_humanoidState":8,"_cameraCFrame":[770.725,236.51,49.095,0.981,0.19,-0.034,0,0.174,0.985,0.193,-0.966,0.17],"_shiftlockState":true,"_pose":"Running","_animationQueue":[],"_animationSpeed":1.101,"_zoom":12.5},{"_mousePosition":[683,384],"_rootPartCFrame":[769.165,222.694,46.577,0.981,0,-0.193,0,1,0,0.193,0,0.981],"_humanoidState":8,"_cameraCFrame":[770.463,236.504,49.044,0.981,0.19,-0.034,0,0.174,0.985,0.193,-0.966,0.17],"_shiftlockState":true,"_pose":"Running","_animationQueue":[],"_animationSpeed":1.101,"_zoom":12.5},{"_mousePosition":[683,384],"_rootPartCFrame":[768.903,222.696,46.525,0.981,0,-0.193,0,1,0,0.193,0,0.981],"_humanoidState":8,"_cameraCFrame":[770.195,236.506,48.996,0.981,0.192,-0.034,0,0.174,0.985,0.195,-0.966,0.17],"_shiftlockState":true,"_pose":"Running","_animationQueue":[],"_animationSpeed":1.101,"_zoom":12.5},{"_mousePosition":[683,384],"_rootPartCFrame":[768.642,222.697,46.474,0.981,0,-0.195,0,1,0,0.195,0,0.981],"_humanoidState":8,"_cameraCFrame":[769.934,236.507,48.945,0.981,0.192,-0.034,0,0.174,0.985,0.195,-0.966,0.17],"_shiftlockState":true,"_pose":"Running","_animationQueue":[["walk",0.1]],"_animationSpeed":1.101,"_zoom":12.5},{"_mousePosition":[683,384],"_rootPartCFrame":[768.38,222.698,46.422,0.981,0,-0.195,0,1,0,0.195,0,0.981],"_humanoidState":8,"_cameraCFrame":[769.672,236.509,48.893,0.981,0.192,-0.034,0,0.174,0.985,0.195,-0.966,0.17],"_shiftlockState":true,"_pose":"Running","_animationQueue":[],"_animationSpeed":1.101,"_zoom":12.5},{"_mousePosition":[683,384],"_rootPartCFrame":[768.119,222.699,46.37,0.981,0,-0.195,0,1,0,0.195,0,0.981],"_humanoidState":8,"_cameraCFrame":[769.405,236.509,48.844,0.98,0.195,-0.034,0,0.174,0.985,0.198,-0.965,0.17],"_shiftlockState":true,"_pose":"Running","_animationQueue":[],"_animationSpeed":1.101,"_zoom":12.5},{"_mousePosition":[683,384],"_rootPartCFrame":[767.857,222.699,46.318,0.98,0,-0.198,0,1,0,0.198,0,0.98],"_humanoidState":8,"_cameraCFrame":[769.143,236.509,48.792,0.98,0.195,-0.034,0,0.174,0.985,0.198,-0.965,0.17],"_shiftlockState":true,"_pose":"Running","_animationQueue":[],"_animationSpeed":1.101,"_zoom":12.5},{"_mousePosition":[683,384],"_rootPartCFrame":[767.596,222.7,46.265,0.98,0,-0.198,0,1,0,0.198,0,0.98],"_humanoidState":8,"_cameraCFrame":[768.875,236.51,48.742,0.98,0.197,-0.035,0,0.174,0.985,0.2,-0.965,0.17],"_shiftlockState":true,"_pose":"Running","_animationQueue":[],"_animationSpeed":1.101,"_zoom":12.5},{"_mousePosition":[683,384],"_rootPartCFrame":[767.334,222.7,46.212,0.98,0,-0.2,0,1,0,0.2,0,0.98],"_humanoidState":8,"_cameraCFrame":[768.614,236.51,48.689,0.98,0.197,-0.035,0,0.174,0.985,0.2,-0.965,0.17],"_shiftlockState":true,"_pose":"Running","_animationQueue":[],"_animationSpeed":1.101,"_zoom":12.5},{"_mousePosition":[683,384],"_rootPartCFrame":[767.073,222.7,46.159,0.98,0,-0.2,0,1,0,0.2,0,0.98],"_humanoidState":8,"_cameraCFrame":[768.346,236.51,48.639,0.979,0.2,-0.035,0,0.174,0.985,0.203,-0.964,0.17],"_shiftlockState":true,"_pose":"Running","_animationQueue":[["walk",0.1]],"_animationSpeed":1.101,"_zoom":12.5},{"_mousePosition":[683,384],"_rootPartCFrame":[766.812,222.7,46.105,0.979,0,-0.203,0,1,0,0.203,0,0.979],"_humanoidState":8,"_cameraCFrame":[768.085,236.51,48.586,0.979,0.2,-0.035,0,0.174,0.985,0.203,-0.964,0.17],"_shiftlockState":true,"_pose":"Running","_animationQueue":[],"_animationSpeed":1.101,"_zoom":12.5},{"_mousePosition":[683,384],"_rootPartCFrame":[766.551,222.7,46.051,0.979,0,-0.203,0,1,0,0.203,0,0.979],"_humanoidState":8,"_cameraCFrame":[767.818,236.51,48.535,0.979,0.202,-0.036,0,0.174,0.985,0.205,-0.964,0.17],"_shiftlockState":true,"_pose":"Running","_animationQueue":[],"_animationSpeed":1.101,"_zoom":12.5},{"_mousePosition":[683,384],"_rootPartCFrame":[766.289,222.7,45.997,0.979,0,-0.205,0,1,0,0.205,0,0.979],"_humanoidState":8,"_cameraCFrame":[767.556,236.51,48.481,0.979,0.202,-0.036,0,0.174,0.985,0.205,-0.964,0.17],"_shiftlockState":true,"_pose":"Running","_animationQueue":[],"_animationSpeed":1.101,"_zoom":12.5},{"_mousePosition":[683,384],"_rootPartCFrame":[766.028,222.7,45.943,0.979,0,-0.205,0,1,0,0.205,0,0.979],"_humanoidState":8,"_cameraCFrame":[767.289,236.51,48.43,0.978,0.205,-0.036,0,0.174,0.985,0.208,-0.963,0.17],"_shiftlockState":true,"_pose":"Running","_animationQueue":[],"_animationSpeed":1.101,"_zoom":12.5},{"_mousePosition":[683,384],"_rootPartCFrame":[765.767,222.7,45.888,0.978,0,-0.208,0,1,0,0.208,0,0.978],"_humanoidState":8,"_cameraCFrame":[767.028,236.51,48.375,0.978,0.205,-0.036,0,0.174,0.985,0.208,-0.963,0.17],"_shiftlockState":true,"_pose":"Running","_animationQueue":[],"_animationSpeed":1.101,"_zoom":12.5},{"_mousePosition":[683,384],"_rootPartCFrame":[765.507,222.7,45.833,0.978,0,-0.208,0,1,0,0.208,0,0.978],"_humanoidState":8,"_cameraCFrame":[766.755,236.51,48.326,0.977,0.21,-0.037,0,0.174,0.985,0.213,-0.962,0.17],"_shiftlockState":true,"_pose":"Running","_animationQueue":[["walk",0.1]],"_animationSpeed":1.101,"_zoom":12.5},{"_mousePosition":[683,384],"_rootPartCFrame":[765.246,222.7,45.777,0.977,0,-0.213,0,1,0,0.213,0,0.977],"_humanoidState":8,"_cameraCFrame":[766.494,236.51,48.27,0.977,0.21,-0.037,0,0.174,0.985,0.213,-0.962,0.17],"_shiftlockState":true,"_pose":"Running","_animationQueue":[],"_animationSpeed":1.101,"_zoom":12.5},{"_mousePosition":[683,384],"_rootPartCFrame":[764.985,222.7,45.72,0.977,0,-0.213,0,1,0,0.213,0,0.977],"_humanoidState":8,"_cameraCFrame":[766.227,236.51,48.217,0.977,0.212,-0.037,0,0.174,0.985,0.215,-0.962,0.17],"_shiftlockState":true,"_pose":"Running","_animationQueue":[],"_animationSpeed":1.101,"_zoom":12.5},{"_mousePosition":[683,384],"_rootPartCFrame":[764.724,222.7,45.664,0.977,0,-0.215,0,1,0,0.215,0,0.977],"_humanoidState":8,"_cameraCFrame":[765.966,236.51,48.16,0.977,0.212,-0.037,0,0.174,0.985,0.215,-0.962,0.17],"_shiftlockState":true,"_pose":"Running","_animationQueue":[],"_animationSpeed":1.101,"_zoom":12.5},{"_mousePosition":[683,384],"_rootPartCFrame":[764.464,222.7,45.606,0.977,0,-0.215,0,1,0,0.215,0,0.977],"_humanoidState":8,"_cameraCFrame":[765.706,236.51,48.103,0.977,0.212,-0.037,0,0.174,0.985,0.215,-0.962,0.17],"_shiftlockState":true,"_pose":"Running","_animationQueue":[],"_animationSpeed":1.101,"_zoom":12.5},{"_mousePosition":[683,384],"_rootPartCFrame":[764.204,222.7,45.549,0.977,0,-0.215,0,1,0,0.215,0,0.977],"_humanoidState":8,"_cameraCFrame":[765.445,236.51,48.045,0.977,0.212,-0.037,0,0.174,0.985,0.215,-0.962,0.17],"_shiftlockState":true,"_pose":"Running","_animationQueue":[],"_animationSpeed":1.101,"_zoom":12.5},{"_mousePosition":[683,384],"_rootPartCFrame":[763.943,222.7,45.492,0.977,0,-0.215,0,1,0,0.215,0,0.977],"_humanoidState":8,"_cameraCFrame":[765.185,236.51,47.988,0.977,0.212,-0.037,0,0.174,0.985,0.215,-0.962,0.17],"_shiftlockState":true,"_pose":"Running","_animationQueue":[],"_animationSpeed":1.101,"_zoom":12.5},{"_mousePosition":[683,384],"_rootPartCFrame":[763.683,222.7,45.434,0.977,0,-0.215,0,1,0,0.215,0,0.977],"_humanoidState":8,"_cameraCFrame":[764.925,236.51,47.931,0.977,0.212,-0.037,0,0.174,0.985,0.215,-0.962,0.17],"_shiftlockState":true,"_pose":"Running","_animationQueue":[["walk",0.1]],"_animationSpeed":1.101,"_zoom":12.5},{"_mousePosition":[683,384],"_rootPartCFrame":[763.423,222.7,45.377,0.977,0,-0.215,0,1,0,0.215,0,0.977],"_humanoidState":8,"_cameraCFrame":[764.664,236.51,47.873,0.977,0.212,-0.037,0,0.174,0.985,0.215,-0.962,0.17],"_shiftlockState":true,"_pose":"Running","_animationQueue":[],"_animationSpeed":1.101,"_zoom":12.5},{"_mousePosition":[683,384],"_rootPartCFrame":[763.162,222.7,45.319,0.977,0,-0.215,0,1,0,0.215,0,0.977],"_humanoidState":8,"_cameraCFrame":[764.404,236.51,47.816,0.977,0.212,-0.037,0,0.174,0.985,0.215,-0.962,0.17],"_shiftlockState":true,"_pose":"Running","_animationQueue":[],"_animationSpeed":1.101,"_zoom":12.5},{"_mousePosition":[683,384],"_rootPartCFrame":[762.902,222.7,45.262,0.977,0,-0.215,0,1,0,0.215,0,0.977],"_humanoidState":8,"_cameraCFrame":[764.144,236.51,47.758,0.977,0.212,-0.037,0,0.174,0.985,0.215,-0.962,0.17],"_shiftlockState":true,"_pose":"Running","_animationQueue":[],"_animationSpeed":1.101,"_zoom":12.5},{"_mousePosition":[683,384],"_rootPartCFrame":[762.641,222.7,45.205,0.977,0,-0.215,0,1,0,0.215,0,0.977],"_humanoidState":8,"_cameraCFrame":[763.877,236.51,47.704,0.976,0.214,-0.038,0,0.174,0.985,0.218,-0.961,0.169],"_shiftlockState":true,"_pose":"Running","_animationQueue":[],"_animationSpeed":1.101,"_zoom":12.5},{"_mousePosition":[683,384],"_rootPartCFrame":[762.316,222.649,45.133,0.976,0,-0.218,0,1,0,0.218,0,0.976],"_humanoidState":8,"_cameraCFrame":[763.551,236.459,47.632,0.976,0.214,-0.038,0,0.174,0.985,0.218,-0.961,0.169],"_shiftlockState":true,"_pose":"Running","_animationQueue":[],"_animationSpeed":1.101,"_zoom":12.5},{"_mousePosition":[683,384],"_rootPartCFrame":[762.121,222.644,45.089,0.976,0,-0.218,0,1,0,0.218,0,0.976],"_humanoidState":8,"_cameraCFrame":[763.35,236.454,47.592,0.975,0.217,-0.038,0,0.174,0.985,0.22,-0.961,0.169],"_shiftlockState":true,"_pose":"Running","_animationQueue":[],"_animationSpeed":1.101,"_zoom":12.5},{"_mousePosition":[683,384],"_rootPartCFrame":[761.795,222.668,45.017,0.975,0,-0.22,0,1,0,0.22,0,0.975],"_humanoidState":8,"_cameraCFrame":[763.024,236.478,47.519,0.975,0.217,-0.038,0,0.174,0.985,0.22,-0.961,0.169],"_shiftlockState":true,"_pose":"Running","_animationQueue":[["walk",0.1]],"_animationSpeed":1.101,"_zoom":12.5},{"_mousePosition":[683,384],"_rootPartCFrame":[761.535,222.682,44.958,0.975,0,-0.22,0,1,0,0.22,0,0.975],"_humanoidState":8,"_cameraCFrame":[762.758,236.492,47.464,0.975,0.219,-0.039,0,0.174,0.985,0.223,-0.96,0.169],"_shiftlockState":true,"_pose":"Running","_animationQueue":[],"_animationSpeed":1.101,"_zoom":12.5},{"_mousePosition":[683,384],"_rootPartCFrame":[761.275,222.69,44.899,0.975,0,-0.223,0,1,0,0.223,0,0.975],"_humanoidState":8,"_cameraCFrame":[762.498,236.5,47.405,0.975,0.219,-0.039,0,0.174,0.985,0.223,-0.96,0.169],"_shiftlockState":true,"_pose":"Running","_animationQueue":[],"_animationSpeed":1.101,"_zoom":12.5},{"_mousePosition":[683,384],"_rootPartCFrame":[761.015,222.694,44.84,0.975,0,-0.223,0,1,0,0.223,0,0.975],"_humanoidState":8,"_cameraCFrame":[762.232,236.504,47.349,0.974,0.222,-0.039,0,0.174,0.985,0.225,-0.96,0.169],"_shiftlockState":true,"_pose":"Running","_animationQueue":[],"_animationSpeed":1.101,"_zoom":12.5},{"_mousePosition":[683,384],"_rootPartCFrame":[760.755,222.697,44.781,0.974,0,-0.225,0,1,0,0.225,0,0.974],"_humanoidState":8,"_cameraCFrame":[761.972,236.507,47.29,0.974,0.222,-0.039,0,0.174,0.985,0.225,-0.96,0.169],"_shiftlockState":true,"_pose":"Running","_animationQueue":[],"_animationSpeed":1.101,"_zoom":12.5},{"_mousePosition":[683,384],"_rootPartCFrame":[760.495,222.698,44.721,0.974,0,-0.225,0,1,0,0.225,0,0.974],"_humanoidState":8,"_cameraCFrame":[761.706,236.508,47.233,0.974,0.224,-0.04,0,0.174,0.985,0.228,-0.959,0.169],"_shiftlockState":true,"_pose":"Running","_animationQueue":[],"_animationSpeed":1.101,"_zoom":12.5},{"_mousePosition":[683,384],"_rootPartCFrame":[760.236,222.699,44.661,0.974,0,-0.228,0,1,0,0.228,0,0.974],"_humanoidState":8,"_cameraCFrame":[761.439,236.509,47.176,0.973,0.227,-0.04,0,0.174,0.985,0.23,-0.958,0.169],"_shiftlockState":true,"_pose":"Running","_animationQueue":[],"_animationSpeed":1.101,"_zoom":12.5},{"_mousePosition":[683,384],"_rootPartCFrame":[759.976,222.699,44.6,0.973,0,-0.23,0,1,0,0.23,0,0.973],"_humanoidState":8,"_cameraCFrame":[761.173,236.509,47.118,0.973,0.229,-0.04,0,0.174,0.985,0.233,-0.958,0.169],"_shiftlockState":true,"_pose":"Running","_animationQueue":[["walk",0.1]],"_animationSpeed":1.101,"_zoom":12.5},{"_mousePosition":[683,384],"_rootPartCFrame":[759.781,222.699,44.554,0.973,0,-0.233,0,1,0,0.233,0,0.973],"_humanoidState":8,"_cameraCFrame":[760.954,236.781,47.125,0.971,0.234,-0.041,0,0.174,0.985,0.237,-0.957,0.169],"_shiftlockState":true,"_pose":"Running","_animationQueue":[],"_animationSpeed":1.101,"_zoom":16.125},{"_mousePosition":[683,384],"_rootPartCFrame":[759.457,222.7,44.477,0.971,0,-0.237,0,1,0,0.237,0,0.971],"_humanoidState":8,"_cameraCFrame":[760.592,237.365,47.153,0.97,0.239,-0.042,0,0.174,0.985,0.242,-0.955,0.168],"_shiftlockState":true,"_pose":"Running","_animationQueue":[],"_animationSpeed":1.101,"_zoom":16.125},{"_mousePosition":[683,384],"_rootPartCFrame":[759.198,222.7,44.414,0.97,0,-0.242,0,1,0,0.242,0,0.97],"_humanoidState":8,"_cameraCFrame":[760.284,238.018,47.21,0.968,0.246,-0.043,0,0.174,0.985,0.25,-0.954,0.168],"_shiftlockState":true,"_pose":"Running","_animationQueue":[],"_animationSpeed":1.101,"_zoom":16.125},{"_mousePosition":[683,384],"_rootPartCFrame":[758.939,222.7,44.349,0.968,0,-0.25,0,1,0,0.25,0,0.968],"_humanoidState":8,"_cameraCFrame":[759.988,238.525,47.238,0.967,0.251,-0.044,0,0.174,0.985,0.255,-0.952,0.168],"_shiftlockState":true,"_pose":"Running","_animationQueue":[],"_animationSpeed":1.101,"_zoom":16.125},{"_mousePosition":[683,384],"_rootPartCFrame":[758.681,222.7,44.283,0.967,0,-0.255,0,1,0,0.255,0,0.967],"_humanoidState":8,"_cameraCFrame":[759.696,238.959,47.25,0.966,0.256,-0.045,0,0.174,0.985,0.26,-0.951,0.168],"_shiftlockState":true,"_pose":"Running","_animationQueue":[],"_animationSpeed":1.101,"_zoom":16.125},{"_mousePosition":[683,384],"_rootPartCFrame":[758.423,222.7,44.215,0.966,0,-0.26,0,1,0,0.26,0,0.966],"_humanoidState":8,"_cameraCFrame":[759.423,239.281,47.237,0.966,0.256,-0.045,0,0.174,0.985,0.26,-0.951,0.168],"_shiftlockState":true,"_pose":"Running","_animationQueue":[["walk",0.1]],"_animationSpeed":1.101,"_zoom":16.125},{"_mousePosition":[683,384],"_rootPartCFrame":[758.165,222.7,44.146,0.966,0,-0.26,0,1,0,0.26,0,0.966],"_humanoidState":8,"_cameraCFrame":[759.154,239.525,47.21,0.966,0.256,-0.045,0,0.174,0.985,0.26,-0.951,0.168],"_shiftlockState":true,"_pose":"Running","_animationQueue":[],"_animationSpeed":1.101,"_zoom":16.125},{"_mousePosition":[683,384],"_rootPartCFrame":[757.908,222.7,44.077,0.966,0,-0.26,0,1,0,0.26,0,0.966],"_humanoidState":8,"_cameraCFrame":[758.889,239.691,47.169,0.966,0.256,-0.045,0,0.174,0.985,0.26,-0.951,0.168],"_shiftlockState":true,"_pose":"Running","_animationQueue":[],"_animationSpeed":1.101,"_zoom":16.125},{"_mousePosition":[683,384],"_rootPartCFrame":[757.65,222.7,44.008,0.966,0,-0.26,0,1,0,0.26,0,0.966],"_humanoidState":8,"_cameraCFrame":[758.626,239.815,47.121,0.966,0.256,-0.045,0,0.174,0.985,0.26,-0.951,0.168],"_shiftlockState":true,"_pose":"Running","_animationQueue":[],"_animationSpeed":1.101,"_zoom":16.125},{"_mousePosition":[683,384],"_rootPartCFrame":[757.393,222.7,43.939,0.966,0,-0.26,0,1,0,0.26,0,0.966],"_humanoidState":8,"_cameraCFrame":[758.364,239.898,47.066,0.966,0.256,-0.045,0,0.174,0.985,0.26,-0.951,0.168],"_shiftlockState":true,"_pose":"Running","_animationQueue":[],"_animationSpeed":1.101,"_zoom":16.125},{"_mousePosition":[683,384],"_rootPartCFrame":[757.135,222.7,43.869,0.966,0,-0.26,0,1,0,0.26,0,0.966],"_humanoidState":8,"_cameraCFrame":[758.104,239.958,47.007,0.966,0.256,-0.045,0,0.174,0.985,0.26,-0.951,0.168],"_shiftlockState":true,"_pose":"Running","_animationQueue":[],"_animationSpeed":1.101,"_zoom":16.125},{"_mousePosition":[683,384],"_rootPartCFrame":[756.878,222.7,43.8,0.966,0,-0.26,0,1,0,0.26,0,0.966],"_humanoidState":8,"_cameraCFrame":[757.845,239.996,46.944,0.966,0.256,-0.045,0,0.174,0.985,0.26,-0.951,0.168],"_shiftlockState":true,"_pose":"Running","_animationQueue":[],"_animationSpeed":1.101,"_zoom":16.125},{"_mousePosition":[683,384],"_rootPartCFrame":[756.62,222.7,43.731,0.966,0,-0.26,0,1,0,0.26,0,0.966],"_humanoidState":8,"_cameraCFrame":[757.586,240.023,46.88,0.966,0.256,-0.045,0,0.174,0.985,0.26,-0.951,0.168],"_shiftlockState":true,"_pose":"Running","_animationQueue":[["walk",0.1]],"_animationSpeed":1.101,"_zoom":16.125},{"_mousePosition":[683,384],"_rootPartCFrame":[756.362,222.7,43.662,0.966,0,-0.26,0,1,0,0.26,0,0.966],"_humanoidState":8,"_cameraCFrame":[757.328,240.042,46.814,0.966,0.256,-0.045,0,0.174,0.985,0.26,-0.951,0.168],"_shiftlockState":true,"_pose":"Running","_animationQueue":[],"_animationSpeed":1.101,"_zoom":16.125},{"_mousePosition":[683,384],"_rootPartCFrame":[756.105,222.7,43.593,0.966,0,-0.26,0,1,0,0.26,0,0.966],"_humanoidState":8,"_cameraCFrame":[757.069,240.055,46.747,0.966,0.256,-0.045,0,0.174,0.985,0.26,-0.951,0.168],"_shiftlockState":true,"_pose":"Running","_animationQueue":[],"_animationSpeed":1.101,"_zoom":16.125},{"_mousePosition":[683,384],"_rootPartCFrame":[755.847,222.7,43.523,0.966,0,-0.26,0,1,0,0.26,0,0.966],"_humanoidState":8,"_cameraCFrame":[756.811,240.063,46.679,0.966,0.256,-0.045,0,0.174,0.985,0.26,-0.951,0.168],"_shiftlockState":true,"_pose":"Running","_animationQueue":[],"_animationSpeed":1.101,"_zoom":16.125},{"_mousePosition":[683,384],"_rootPartCFrame":[755.59,222.7,43.454,0.966,0,-0.26,0,1,0,0.26,0,0.966],"_humanoidState":8,"_cameraCFrame":[756.554,240.069,46.611,0.966,0.256,-0.045,0,0.174,0.985,0.26,-0.951,0.168],"_shiftlockState":true,"_pose":"Running","_animationQueue":[],"_animationSpeed":1.101,"_zoom":16.125},{"_mousePosition":[683,384],"_rootPartCFrame":[755.332,222.7,43.385,0.966,0,-0.26,0,1,0,0.26,0,0.966],"_humanoidState":8,"_cameraCFrame":[756.296,240.073,46.542,0.966,0.256,-0.045,0,0.174,0.985,0.26,-0.951,0.168],"_shiftlockState":true,"_pose":"Running","_animationQueue":[],"_animationSpeed":1.101,"_zoom":16.125},{"_mousePosition":[683,384],"_rootPartCFrame":[755.075,222.7,43.316,0.966,0,-0.26,0,1,0,0.26,0,0.966],"_humanoidState":8,"_cameraCFrame":[756.03,240.075,46.476,0.965,0.258,-0.045,0,0.174,0.985,0.262,-0.95,0.168],"_shiftlockState":true,"_pose":"Running","_animationQueue":[],"_animationSpeed":1.101,"_zoom":16.125},{"_mousePosition":[683,384],"_rootPartCFrame":[754.753,222.7,43.229,0.965,0,-0.262,0,1,0,0.262,0,0.965],"_humanoidState":8,"_cameraCFrame":[755.708,240.077,46.389,0.965,0.258,-0.045,0,0.174,0.985,0.262,-0.95,0.168],"_shiftlockState":true,"_pose":"Running","_animationQueue":[["walk",0.1]],"_animationSpeed":1.101,"_zoom":16.125},{"_mousePosition":[683,384],"_rootPartCFrame":[754.495,222.7,43.16,0.965,0,-0.262,0,1,0,0.262,0,0.965],"_humanoidState":8,"_cameraCFrame":[755.451,240.078,46.32,0.965,0.258,-0.045,0,0.174,0.985,0.262,-0.95,0.168],"_shiftlockState":true,"_pose":"Running","_animationQueue":[],"_animationSpeed":1.101,"_zoom":16.125},{"_mousePosition":[683,384],"_rootPartCFrame":[754.302,222.7,43.107,0.965,0,-0.262,0,1,0,0.262,0,0.965],"_humanoidState":8,"_cameraCFrame":[755.258,240.078,46.268,0.965,0.258,-0.045,0,0.174,0.985,0.262,-0.95,0.168],"_shiftlockState":true,"_pose":"Running","_animationQueue":[],"_animationSpeed":1.101,"_zoom":16.125},{"_mousePosition":[683,384],"_rootPartCFrame":[754.045,222.7,43.037,0.965,0,-0.262,0,1,0,0.262,0,0.965],"_humanoidState":8,"_cameraCFrame":[755,240.079,46.198,0.965,0.258,-0.045,0,0.174,0.985,0.262,-0.95,0.168],"_shiftlockState":true,"_pose":"Running","_animationQueue":[],"_animationSpeed":1.101,"_zoom":16.125},{"_mousePosition":[683,384],"_rootPartCFrame":[753.788,222.7,42.967,0.965,0,-0.262,0,1,0,0.262,0,0.965],"_humanoidState":8,"_cameraCFrame":[754.751,240.079,46.126,0.966,0.256,-0.045,0,0.174,0.985,0.26,-0.951,0.168],"_shiftlockState":true,"_pose":"Running","_animationQueue":[],"_animationSpeed":1.101,"_zoom":16.125},{"_mousePosition":[683,384],"_rootPartCFrame":[753.53,222.7,42.898,0.966,0,-0.26,0,1,0,0.26,0,0.966],"_humanoidState":8,"_cameraCFrame":[754.494,240.079,46.056,0.966,0.256,-0.045,0,0.174,0.985,0.26,-0.951,0.168],"_shiftlockState":true,"_pose":"Running","_animationQueue":[],"_animationSpeed":1.101,"_zoom":16.125},{"_mousePosition":[683,384],"_rootPartCFrame":[753.208,222.7,42.811,0.966,0,-0.26,0,1,0,0.26,0,0.966],"_humanoidState":8,"_cameraCFrame":[754.188,240.08,45.964,0.967,0.251,-0.044,0,0.174,0.985,0.255,-0.952,0.168],"_shiftlockState":true,"_pose":"Running","_animationQueue":[["walk",0.1]],"_animationSpeed":1.101,"_zoom":16.125},{"_mousePosition":[683,384],"_rootPartCFrame":[752.951,222.7,42.742,0.967,0,-0.255,0,1,0,0.255,0,0.967],"_humanoidState":8,"_cameraCFrame":[753.97,240.08,45.882,0.97,0.239,-0.042,0,0.174,0.985,0.242,-0.955,0.168],"_shiftlockState":true,"_pose":"Running","_animationQueue":[],"_animationSpeed":1.101,"_zoom":16.125},{"_mousePosition":[683,384],"_rootPartCFrame":[752.757,222.7,42.691,0.97,0,-0.242,0,1,0,0.242,0,0.97],"_humanoidState":8,"_cameraCFrame":[753.84,240.08,45.81,0.975,0.219,-0.039,0,0.174,0.985,0.223,-0.96,0.169],"_shiftlockState":true,"_pose":"Running","_animationQueue":[],"_animationSpeed":1.101,"_zoom":16.125},{"_mousePosition":[683,384],"_rootPartCFrame":[752.434,222.7,42.609,0.975,0,-0.223,0,1,0,0.223,0,0.975],"_humanoidState":8,"_cameraCFrame":[753.595,240.08,45.701,0.98,0.195,-0.034,0,0.174,0.985,0.198,-0.965,0.17],"_shiftlockState":true,"_pose":"Running","_animationQueue":[],"_animationSpeed":1.101,"_zoom":16.125},{"_mousePosition":[683,384],"_rootPartCFrame":[752.174,222.7,42.55,0.98,0,-0.198,0,1,0,0.198,0,0.98],"_humanoidState":8,"_cameraCFrame":[753.421,240.08,45.607,0.985,0.168,-0.03,0,0.174,0.985,0.171,-0.97,0.171],"_shiftlockState":true,"_pose":"Running","_animationQueue":[],"_animationSpeed":1.101,"_zoom":16.125},{"_mousePosition":[683,384],"_rootPartCFrame":[751.848,222.7,42.483,0.985,0,-0.171,0,1,0,0.171,0,0.985],"_humanoidState":8,"_cameraCFrame":[753.194,240.08,45.498,0.99,0.136,-0.024,0,0.174,0.985,0.138,-0.975,0.172],"_shiftlockState":true,"_pose":"Running","_animationQueue":[],"_animationSpeed":1.101,"_zoom":16.125},{"_mousePosition":[683,384],"_rootPartCFrame":[751.585,222.7,42.436,0.99,0,-0.138,0,1,0,0.138,0,0.99],"_humanoidState":8,"_cameraCFrame":[753.038,240.08,45.401,0.995,0.101,-0.018,0,0.174,0.985,0.103,-0.98,0.173],"_shiftlockState":true,"_pose":"Running","_animationQueue":[],"_animationSpeed":1.101,"_zoom":16.125},{"_mousePosition":[683,384],"_rootPartCFrame":[751.321,222.7,42.398,0.995,0,-0.103,0,1,0,0.103,0,0.995],"_humanoidState":8,"_cameraCFrame":[752.965,240.074,45.292,0.999,0.037,-0.007,0,0.176,0.984,0.037,-0.984,0.175],"_shiftlockState":true,"_pose":"Running","_animationQueue":[["walk",0.1]],"_animationSpeed":1.101,"_zoom":16.125},{"_mousePosition":[683,384],"_rootPartCFrame":[751.056,222.7,42.369,0.999,0,-0.037,0,1,0,0.037,0,0.999],"_humanoidState":8,"_cameraCFrame":[752.83,240.074,45.186,1,-0.008,0.001,0,0.176,0.984,-0.008,-0.984,0.176],"_shiftlockState":true,"_pose":"Running","_animationQueue":[],"_animationSpeed":1.101,"_zoom":16.125},{"_mousePosition":[683,384],"_rootPartCFrame":[750.79,222.7,42.357,1,0,0.008,0,1,0,-0.008,0,1],"_humanoidState":8,"_cameraCFrame":[752.669,240.074,45.104,0.999,-0.046,0.008,0,0.176,0.984,-0.046,-0.983,0.175],"_shiftlockState":true,"_pose":"Running","_animationQueue":[],"_animationSpeed":1.101,"_zoom":16.125},{"_mousePosition":[683,384],"_rootPartCFrame":[750.59,222.7,42.357,0.999,0,0.046,0,1,0,-0.046,0,0.999],"_humanoidState":8,"_cameraCFrame":[752.538,240.074,45.055,0.997,-0.07,0.013,0,0.176,0.984,-0.071,-0.982,0.175],"_shiftlockState":true,"_pose":"Running","_animationQueue":[],"_animationSpeed":1.101,"_zoom":16.125},{"_mousePosition":[683,384],"_rootPartCFrame":[750.324,222.7,42.367,0.997,0,0.071,0,1,0,-0.071,0,0.997],"_humanoidState":8,"_cameraCFrame":[752.292,240.074,45.051,0.997,-0.078,0.014,0,0.176,0.984,-0.079,-0.981,0.175],"_shiftlockState":true,"_pose":"Running","_animationQueue":[],"_animationSpeed":1.101,"_zoom":16.125},{"_mousePosition":[683,384],"_rootPartCFrame":[750.057,222.7,42.385,0.997,0,0.079,0,1,0,-0.079,0,0.997],"_humanoidState":8,"_cameraCFrame":[752.033,240.074,45.064,0.997,-0.08,0.014,0,0.176,0.984,-0.082,-0.981,0.175],"_shiftlockState":true,"_pose":"Running","_animationQueue":[],"_animationSpeed":1.101,"_zoom":16.125},{"_mousePosition":[683,384],"_rootPartCFrame":[749.792,222.7,42.406,0.997,0,0.082,0,1,0,-0.082,0,0.997],"_humanoidState":8,"_cameraCFrame":[751.767,240.074,45.085,0.997,-0.08,0.014,0,0.176,0.984,-0.082,-0.981,0.175],"_shiftlockState":true,"_pose":"Running","_animationQueue":[],"_animationSpeed":1.101,"_zoom":16.125},{"_mousePosition":[683,384],"_rootPartCFrame":[749.459,222.7,42.433,0.997,0,0.082,0,1,0,-0.082,0,0.997],"_humanoidState":8,"_cameraCFrame":[751.428,240.074,45.117,0.997,-0.078,0.014,0,0.176,0.984,-0.079,-0.981,0.175],"_shiftlockState":true,"_pose":"Running","_animationQueue":[["walk",0.1]],"_animationSpeed":1.101,"_zoom":16.125},{"_mousePosition":[683,384],"_rootPartCFrame":[749.193,222.7,42.455,0.997,0,0.079,0,1,0,-0.079,0,0.997],"_humanoidState":8,"_cameraCFrame":[751.132,240.08,45.128,0.998,-0.068,0.012,0,0.174,0.985,-0.069,-0.982,0.173],"_shiftlockState":true,"_pose":"Running","_animationQueue":[],"_animationSpeed":1.101,"_zoom":16.125},{"_mousePosition":[683,384],"_rootPartCFrame":[748.994,222.7,42.471,0.998,0,0.069,0,1,0,-0.069,0,0.998],"_humanoidState":8,"_cameraCFrame":[750.906,240.08,45.163,0.998,-0.058,0.01,0,0.174,0.985,-0.059,-0.983,0.173],"_shiftlockState":true,"_pose":"Running","_animationQueue":[],"_animationSpeed":1.101,"_zoom":16.125},{"_mousePosition":[683,384],"_rootPartCFrame":[748.728,222.7,42.49,0.998,0,0.059,0,1,0,-0.059,0,0.998],"_humanoidState":8,"_cameraCFrame":[750.599,240.08,45.211,0.999,-0.043,0.008,0,0.174,0.985,-0.044,-0.984,0.173],"_shiftlockState":true,"_pose":"Running","_animationQueue":[],"_animationSpeed":1.101,"_zoom":16.125},{"_mousePosition":[683,384],"_rootPartCFrame":[748.395,222.7,42.51,0.999,0,0.044,0,1,0,-0.044,0,0.999],"_humanoidState":8,"_cameraCFrame":[750.224,240.08,45.259,1,-0.028,0.005,0,0.174,0.985,-0.029,-0.984,0.174],"_shiftlockState":true,"_pose":"Running","_animationQueue":[],"_animationSpeed":1.101,"_zoom":16.125},{"_mousePosition":[683,384],"_rootPartCFrame":[748.129,223.573,42.525,1,0,0.029,0,1,0,-0.029,0,1],"_humanoidState":3,"_cameraCFrame":[749.916,240.953,45.302,1,-0.013,0.002,0,0.174,0.985,-0.013,-0.985,0.174],"_shiftlockState":true,"_pose":"Jumping","_animationQueue":[["walk",0.1],["jump",0.1]],"_animationSpeed":1,"_zoom":16.125},{"_mousePosition":[683,384],"_rootPartCFrame":[747.863,224.395,42.534,0.994,0,0.105,0,1,0,-0.105,0,0.994],"_humanoidState":5,"_cameraCFrame":[749.607,241.775,45.337,1,0.002,0,0,0.174,0.985,0.002,-0.985,0.174],"_shiftlockState":true,"_pose":"FreeFall","_animationQueue":[["jump",0.1]],"_animationSpeed":1,"_zoom":16.125},{"_mousePosition":[683,384],"_rootPartCFrame":[747.596,225.162,42.538,0.992,0,0.126,0,1,0,-0.126,0,0.992],"_humanoidState":5,"_cameraCFrame":[749.305,242.542,45.363,1,0.014,-0.003,0,0.174,0.985,0.014,-0.985,0.174],"_shiftlockState":true,"_pose":"FreeFall","_animationQueue":[],"_animationSpeed":1,"_zoom":16.125},{"_mousePosition":[683,384],"_rootPartCFrame":[747.329,225.875,42.538,0.993,0,0.118,0,1,0,-0.118,0,0.993],"_humanoidState":5,"_cameraCFrame":[749.01,243.255,45.381,1,0.024,-0.004,0,0.174,0.985,0.025,-0.985,0.174],"_shiftlockState":true,"_pose":"FreeFall","_animationQueue":[],"_animationSpeed":1,"_zoom":16.125},{"_mousePosition":[683,384],"_rootPartCFrame":[747.063,226.534,42.535,0.994,0,0.108,0,1,0,-0.108,0,0.994],"_humanoidState":5,"_cameraCFrame":[748.715,243.914,45.394,0.999,0.034,-0.006,0,0.174,0.985,0.035,-0.984,0.174],"_shiftlockState":true,"_pose":"FreeFall","_animationQueue":[],"_animationSpeed":1,"_zoom":16.125},{"_mousePosition":[683,384],"_rootPartCFrame":[746.796,227.138,42.529,0.995,0,0.098,0,1,0,-0.098,0,0.995],"_humanoidState":5,"_cameraCFrame":[748.426,244.518,45.401,0.999,0.042,-0.007,0,0.174,0.985,0.042,-0.984,0.173],"_shiftlockState":true,"_pose":"FreeFall","_animationQueue":[],"_animationSpeed":1,"_zoom":16.125},{"_mousePosition":[683,384],"_rootPartCFrame":[746.596,227.555,42.522,0.998,0,0.058,0,1,0,-0.058,0,0.998],"_humanoidState":5,"_cameraCFrame":[748.197,244.935,45.41,0.999,0.052,-0.009,0,0.174,0.985,0.052,-0.983,0.173],"_shiftlockState":true,"_pose":"FreeFall","_animationQueue":[],"_animationSpeed":1,"_zoom":16.125},{"_mousePosition":[683,384],"_rootPartCFrame":[746.263,228.182,42.509,0.993,0,0.114,0,1,0,-0.114,0,0.993],"_humanoidState":5,"_cameraCFrame":[747.82,245.563,45.421,0.998,0.067,-0.012,0,0.174,0.985,0.068,-0.983,0.173],"_shiftlockState":true,"_pose":"FreeFall","_animationQueue":[],"_animationSpeed":1,"_zoom":16.125},{"_mousePosition":[683,384],"_rootPartCFrame":[745.997,228.623,42.495,0.998,0,0.066,0,1,0,-0.066,0,0.998],"_humanoidState":5,"_cameraCFrame":[747.509,246.003,45.43,0.997,0.081,-0.014,0,0.174,0.985,0.083,-0.981,0.173],"_shiftlockState":true,"_pose":"FreeFall","_animationQueue":[],"_animationSpeed":1,"_zoom":16.125},{"_mousePosition":[683,384],"_rootPartCFrame":[745.797,228.918,42.482,1,0,0.017,0,1,0,-0.017,0,1],"_humanoidState":5,"_cameraCFrame":[747.258,246.298,45.444,0.995,0.099,-0.017,0,0.174,0.985,0.1,-0.98,0.173],"_shiftlockState":true,"_pose":"FreeFall","_animationQueue":[],"_animationSpeed":1,"_zoom":16.125},{"_mousePosition":[683,384],"_rootPartCFrame":[745.465,229.341,42.455,0.998,0,0.066,0,1,0,-0.066,0,0.998],"_humanoidState":5,"_cameraCFrame":[746.85,246.721,45.453,0.992,0.124,-0.022,0,0.174,0.985,0.126,-0.977,0.172],"_shiftlockState":true,"_pose":"FreeFall","_animationQueue":[],"_animationSpeed":1,"_zoom":16.125},{"_mousePosition":[683,384],"_rootPartCFrame":[745.2,229.618,42.429,1,0,0.007,0,1,0,-0.007,0,1],"_humanoidState":5,"_cameraCFrame":[746.523,246.998,45.454,0.989,0.143,-0.025,0,0.174,0.985,0.146,-0.974,0.172],"_shiftlockState":true,"_pose":"FreeFall","_animationQueue":[],"_animationSpeed":1,"_zoom":16.125},{"_mousePosition":[683,384],"_rootPartCFrame":[744.935,229.84,42.397,1,0,-0.013,0,1,0,0.013,0,1],"_humanoidState":5,"_cameraCFrame":[746.182,247.22,45.454,0.985,0.168,-0.03,0,0.174,0.985,0.171,-0.97,0.171],"_shiftlockState":true,"_pose":"FreeFall","_animationQueue":[],"_animationSpeed":1,"_zoom":16.125},{"_mousePosition":[683,384],"_rootPartCFrame":[744.671,230.008,42.359,0.999,0,-0.038,0,1,0,0.038,0,0.999],"_humanoidState":5,"_cameraCFrame":[745.84,247.388,45.447,0.981,0.192,-0.034,0,0.174,0.985,0.195,-0.966,0.17],"_shiftlockState":true,"_pose":"FreeFall","_animationQueue":[],"_animationSpeed":1,"_zoom":16.125},{"_mousePosition":[683,384],"_rootPartCFrame":[744.408,230.122,42.314,0.998,0,-0.063,0,1,0,0.063,0,0.998],"_humanoidState":5,"_cameraCFrame":[745.499,247.502,45.431,0.975,0.217,-0.038,0,0.174,0.985,0.22,-0.961,0.169],"_shiftlockState":true,"_pose":"FreeFall","_animationQueue":[],"_animationSpeed":1,"_zoom":16.125},{"_mousePosition":[683,384],"_rootPartCFrame":[744.212,230.171,42.276,0.993,0,-0.122,0,1,0,0.122,0,0.993],"_humanoidState":5,"_cameraCFrame":[745.223,247.551,45.419,0.97,0.241,-0.043,0,0.174,0.985,0.245,-0.955,0.168],"_shiftlockState":true,"_pose":"FreeFall","_animationQueue":[],"_animationSpeed":1,"_zoom":16.125},{"_mousePosition":[683,384],"_rootPartCFrame":[743.951,230.189,42.218,0.994,0,-0.114,0,1,0,0.114,0,0.994],"_humanoidState":5,"_cameraCFrame":[744.883,247.569,45.386,0.963,0.265,-0.047,0,0.174,0.985,0.269,-0.948,0.167],"_shiftlockState":true,"_pose":"FreeFall","_animationQueue":[],"_animationSpeed":1,"_zoom":16.125},{"_mousePosition":[683,384],"_rootPartCFrame":[743.628,230.135,42.138,0.994,0,-0.106,0,1,0,0.106,0,0.994],"_humanoidState":5,"_cameraCFrame":[744.479,247.515,45.328,0.956,0.289,-0.051,0,0.174,0.985,0.294,-0.941,0.166],"_shiftlockState":true,"_pose":"FreeFall","_animationQueue":[],"_animationSpeed":1,"_zoom":16.125},{"_mousePosition":[683,384],"_rootPartCFrame":[743.371,230.031,42.067,0.986,0,-0.164,0,1,0,0.164,0,0.986],"_humanoidState":5,"_cameraCFrame":[744.141,247.411,45.278,0.948,0.313,-0.055,0,0.174,0.985,0.318,-0.934,0.165],"_shiftlockState":true,"_pose":"FreeFall","_animationQueue":[],"_animationSpeed":1,"_zoom":16.125},{"_mousePosition":[683,384],"_rootPartCFrame":[743.18,229.917,42.009,0.975,0,-0.221,0,1,0,0.221,0,0.975],"_humanoidState":5,"_cameraCFrame":[743.868,247.297,45.238,0.94,0.336,-0.059,0,0.174,0.985,0.342,-0.926,0.163],"_shiftlockState":true,"_pose":"FreeFall","_animationQueue":[],"_animationSpeed":1,"_zoom":16.125},{"_mousePosition":[683,384],"_rootPartCFrame":[742.863,229.658,41.904,0.983,0,-0.181,0,1,0,0.181,0,0.983],"_humanoidState":5,"_cameraCFrame":[743.47,247.038,45.15,0.931,0.36,-0.063,0,0.174,0.985,0.365,-0.917,0.162],"_shiftlockState":true,"_pose":"Fre