[{"_mousePosition":[1089,364],"_rootPartCFrame":[776.034,222.979,47.142,-0.001,-0.007,1,0,1,0.007,-1,0,-0.001],"_humanoidState":8,"_cameraCFrame":[786.089,230.934,47.285,0.014,-0.54,0.842,0,0.842,0.54,-1,-0.008,0.012],"_shiftlockState":false,"_pose":"Standing","_animationQueue":[],"_animationSpeed":1,"_zoom":11.958},{"_mousePosition":[1086,365],"_rootPartCFrame":[775.917,222.913,47.14,0,-0.003,1,0,1,0.003,-1,0,0],"_humanoidState":8,"_cameraCFrame":[785.978,230.868,47.284,0.014,-0.54,0.842,0,0.842,0.54,-1,-0.008,0.012],"_shiftlockState":false,"_pose":"Standing","_animationQueue":[],"_animationSpeed":1,"_zoom":11.958},{"_mousePosition":[1044,373],"_rootPartCFrame":[775.655,222.77,47.137,0.002,0,1,0,1,0,-1,0,0.002],"_humanoidState":8,"_cameraCFrame":[785.721,230.725,47.28,0.014,-0.54,0.842,0,0.842,0.54,-1,-0.008,0.012],"_shiftlockState":false,"_pose":"Running","_animationQueue":[["walk",0.1]],"_animationSpeed":0.829,"_zoom":11.958},{"_mousePosition":[1041,374],"_rootPartCFrame":[775.388,222.655,47.133,0.004,0,1,0,1,0,-1,0,0.004],"_humanoidState":8,"_cameraCFrame":[785.454,230.61,47.276,0.014,-0.54,0.842,0,0.842,0.54,-1,-0.008,0.012],"_shiftlockState":false,"_pose":"Running","_animationQueue":[["walk",0.1]],"_animationSpeed":1.101,"_zoom":11.958},{"_mousePosition":[1013,381],"_rootPartCFrame":[775.122,222.662,47.129,0.005,0,1,0,1,0,-1,0,0.005],"_humanoidState":8,"_cameraCFrame":[785.187,230.617,47.272,0.014,-0.54,0.842,0,0.842,0.54,-1,-0.008,0.012],"_shiftlockState":false,"_pose":"Running","_animationQueue":[],"_animationSpeed":1.101,"_zoom":11.958},{"_mousePosition":[1010,381],"_rootPartCFrame":[774.855,222.678,47.125,0.006,0,1,0,1,0,-1,0,0.006],"_humanoidState":8,"_cameraCFrame":[784.92,230.633,47.269,0.014,-0.54,0.842,0,0.842,0.54,-1,-0.008,0.012],"_shiftlockState":false,"_pose":"Running","_animationQueue":[["walk",0.1]],"_animationSpeed":1.101,"_zoom":11.958},{"_mousePosition":[987,389],"_rootPartCFrame":[774.589,222.687,47.121,0.007,0,1,0,1,0,-1,0,0.007],"_humanoidState":8,"_cameraCFrame":[784.654,230.643,47.265,0.014,-0.54,0.842,0,0.842,0.54,-1,-0.008,0.012],"_shiftlockState":false,"_pose":"Running","_animationQueue":[],"_animationSpeed":1.101,"_zoom":11.958},{"_mousePosition":[985,390],"_rootPartCFrame":[774.322,222.693,47.118,0.008,0,1,0,1,0,-1,0,0.008],"_humanoidState":8,"_cameraCFrame":[784.387,230.648,47.261,0.014,-0.54,0.842,0,0.842,0.54,-1,-0.008,0.012],"_shiftlockState":false,"_pose":"Running","_animationQueue":[],"_animationSpeed":1.101,"_zoom":11.958},{"_mousePosition":[957,396],"_rootPartCFrame":[774.055,222.696,47.114,0.009,0,1,0,1,0,-1,0,0.009],"_humanoidState":8,"_cameraCFrame":[784.12,230.651,47.257,0.014,-0.54,0.842,0,0.842,0.54,-1,-0.008,0.012],"_shiftlockState":false,"_pose":"Running","_animationQueue":[],"_animationSpeed":1.101,"_zoom":11.958},{"_mousePosition":[954,397],"_rootPartCFrame":[773.789,222.698,47.11,0.01,0,1,0,1,0,-1,0,0.01],"_humanoidState":8,"_cameraCFrame":[783.854,230.653,47.253,0.014,-0.54,0.842,0,0.842,0.54,-1,-0.008,0.012],"_shiftlockState":false,"_pose":"Running","_animationQueue":[],"_animationSpeed":1.101,"_zoom":11.958},{"_mousePosition":[931,400],"_rootPartCFrame":[773.522,222.699,47.106,0.01,0,1,0,1,0,-1,0,0.01],"_humanoidState":8,"_cameraCFrame":[783.587,230.654,47.25,0.014,-0.54,0.842,0,0.842,0.54,-1,-0.008,0.012],"_shiftlockState":false,"_pose":"Running","_animationQueue":[],"_animationSpeed":1.101,"_zoom":11.958},{"_mousePosition":[929,401],"_rootPartCFrame":[773.256,222.699,47.102,0.011,0,1,0,1,0,-1,0,0.011],"_humanoidState":8,"_cameraCFrame":[783.321,230.654,47.246,0.014,-0.54,0.842,0,0.842,0.54,-1,-0.008,0.012],"_shiftlockState":false,"_pose":"Running","_animationQueue":[],"_animationSpeed":1.101,"_zoom":11.958},{"_mousePosition":[916,403],"_rootPartCFrame":[772.989,222.699,47.099,0.011,0,1,0,1,0,-1,0,0.011],"_humanoidState":8,"_cameraCFrame":[783.054,230.654,47.242,0.014,-0.54,0.842,0,0.842,0.54,-1,-0.008,0.012],"_shiftlockState":false,"_pose":"Running","_animationQueue":[["walk",0.1]],"_animationSpeed":1.101,"_zoom":11.958},{"_mousePosition":[916,404],"_rootPartCFrame":[772.722,222.7,47.095,0.012,0,1,0,1,0,-1,0,0.012],"_humanoidState":8,"_cameraCFrame":[782.787,230.655,47.238,0.014,-0.54,0.842,0,0.842,0.54,-1,-0.008,0.012],"_shiftlockState":false,"_pose":"Running","_animationQueue":[],"_animationSpeed":1.101,"_zoom":11.958},{"_mousePosition":[908,408],"_rootPartCFrame":[772.456,222.7,47.091,0.012,0,1,0,1,0,-1,0,0.012],"_humanoidState":8,"_cameraCFrame":[782.521,230.655,47.234,0.014,-0.54,0.842,0,0.842,0.54,-1,-0.008,0.012],"_shiftlockState":false,"_pose":"Running","_animationQueue":[],"_animationSpeed":1.101,"_zoom":11.958},{"_mousePosition":[906,409],"_rootPartCFrame":[772.189,222.7,47.087,0.012,0,1,0,1,0,-1,0,0.012],"_humanoidState":8,"_cameraCFrame":[782.254,230.655,47.231,0.014,-0.54,0.842,0,0.842,0.54,-1,-0.008,0.012],"_shiftlockState":false,"_pose":"Running","_animationQueue":[],"_animationSpeed":1.101,"_zoom":11.958},{"_mousePosition":[900,424],"_rootPartCFrame":[771.923,222.7,47.083,0.013,0,1,0,1,0,-1,0,0.013],"_humanoidState":8,"_cameraCFrame":[781.988,230.655,47.227,0.014,-0.54,0.842,0,0.842,0.54,-1,-0.008,0.012],"_shiftlockState":false,"_pose":"Running","_animationQueue":[],"_animationSpeed":1.101,"_zoom":11.958},{"_mousePosition":[899,426],"_rootPartCFrame":[771.656,222.7,47.08,0.013,0,1,0,1,0,-1,0,0.013],"_humanoidState":8,"_cameraCFrame":[781.721,230.655,47.223,0.014,-0.54,0.842,0,0.842,0.54,-1,-0.008,0.012],"_shiftlockState":false,"_pose":"Running","_animationQueue":[],"_animationSpeed":1.101,"_zoom":11.958},{"_mousePosition":[899,426],"_rootPartCFrame":[771.323,223.77,47.075,0.013,0,1,0,1,0,-1,0,0.013],"_humanoidState":3,"_cameraCFrame":[781.266,231.91,47.206,0.013,-0.555,0.832,0,0.832,0.555,-1,-0.007,0.011],"_shiftlockState":false,"_pose":"Jumping","_animationQueue":[["walk",0.1],["walk",0.1],["jump",0.1]],"_animationSpeed":1,"_zoom":11.958},{"_mousePosition":[899,426],"_rootPartCFrame":[771.123,224.371,47.072,0.013,0,1,0,1,0,-1,0,0.013],"_humanoidState":5,"_cameraCFrame":[780.919,232.726,47.212,0.014,-0.573,0.819,0,0.819,0.573,-1,-0.008,0.012],"_shiftlockState":false,"_pose":"FreeFall","_animationQueue":[["jump",0.1]],"_animationSpeed":1,"_zoom":11.958},{"_mousePosition":[899,426],"_rootPartCFrame":[770.856,225.125,47.068,0.013,0,1,0,1,0,-1,0,0.013],"_humanoidState":5,"_cameraCFrame":[780.438,233.777,47.225,0.016,-0.598,0.801,0,0.801,0.598,-1,-0.01,0.013],"_shiftlockState":false,"_pose":"FreeFall","_animationQueue":[],"_animationSpeed":1,"_zoom":11.958},{"_mousePosition":[899,426],"_rootPartCFrame":[770.59,225.824,47.065,0.013,0,1,0,1,0,-1,0,0.013],"_humanoidState":5,"_cameraCFrame":[779.881,234.85,47.236,0.018,-0.629,0.777,0,0.777,0.629,-1,-0.012,0.014],"_shiftlockState":false,"_pose":"FreeFall","_animationQueue":[],"_animationSpeed":1,"_zoom":11.958},{"_mousePosition":[899,426],"_rootPartCFrame":[770.323,226.469,47.06,0.014,0,1,0,1,0,-1,0,0.014],"_humanoidState":5,"_cameraCFrame":[779.272,235.899,47.225,0.018,-0.663,0.748,0,0.748,0.663,-1,-0.012,0.014],"_shiftlockState":false,"_pose":"FreeFall","_animationQueue":[],"_animationSpeed":1,"_zoom":11.958},{"_mousePosition":[899,426],"_rootPartCFrame":[770.056,227.06,47.056,0.014,0,1,0,1,0,-1,0,0.014],"_humanoidState":5,"_cameraCFrame":[778.666,236.858,47.169,0.013,-0.694,0.72,0,0.72,0.694,-1,-0.009,0.01],"_shiftlockState":false,"_pose":"FreeFall","_animationQueue":[],"_animationSpeed":1,"_zoom":11.958},{"_mousePosition":[899,426],"_rootPartCFrame":[769.79,227.595,47.051,0.015,0,1,0,1,0,-1,0,0.015],"_humanoidState":5,"_cameraCFrame":[778.002,237.787,47.099,0.006,-0.727,0.687,0,0.687,0.727,-1,-0.004,0.004],"_shiftlockState":false,"_pose":"FreeFall","_animationQueue":[],"_animationSpeed":1,"_zoom":11.958},{"_mousePosition":[899,426],"_rootPartCFrame":[769.59,227.962,47.048,0.015,0,1,0,1,0,-1,0,0.015],"_humanoidState":5,"_cameraCFrame":[777.424,238.496,47.053,0.001,-0.756,0.655,0,0.655,0.756,-1,0,0],"_shiftlockState":false,"_pose":"FreeFall","_animationQueue":[],"_animationSpeed":1,"_zoom":11.958},{"_mousePosition":[899,426],"_rootPartCFrame":[769.257,228.504,47.046,0.014,0,1,0,1,0,-1,0,0.014],"_humanoidState":5,"_cameraCFrame":[776.72,239.347,47.027,-0.003,-0.781,0.624,0,0.624,0.781,-1,0.002,-0.002],"_shiftlockState":false,"_pose":"FreeFall","_animationQueue":[],"_animationSpeed":1,"_zoom":11.958},{"_mousePosition":[899,426],"_rootPartCFrame":[768.99,228.876,47.045,0.012,0,1,0,1,0,-1,0,0.012],"_humanoidState":5,"_cameraCFrame":[776.063,240.018,46.983,-0.009,-0.806,0.591,0,0.591,0.806,-1,0.007,-0.005],"_shiftlockState":false,"_pose":"FreeFall","_animationQueue":[],"_animationSpeed":1,"_zoom":11.958},{"_mousePosition":[899,426],"_rootPartCFrame":[768.723,229.194,47.046,0.01,0,1,0,1,0,-1,0,0.01],"_humanoidState":5,"_cameraCFrame":[775.481,240.559,46.93,-0.017,-0.825,0.565,0,0.565,0.825,-1,0.014,-0.01],"_shiftlockState":false,"_pose":"FreeFall","_animationQueue":[],"_animationSpeed":1,"_zoom":11.958},{"_mousePosition":[899,426],"_rootPartCFrame":[768.457,229.457,47.048,0.008,0,1,0,1,0,-1,0,0.008],"_humanoidState":5,"_cameraCFrame":[775.062,240.925,46.955,-0.014,-0.833,0.552,0,0.552,0.834,-1,0.012,-0.008],"_shiftlockState":false,"_pose":"FreeFall","_animationQueue":[],"_animationSpeed":1,"_zoom":11.958},{"_mousePosition":[899,426],"_rootPartCFrame":[768.19,229.666,47.052,0.005,0,1,0,1,0,-1,0,0.005],"_humanoidState":5,"_cameraCFrame":[774.78,241.144,46.973,-0.012,-0.834,0.551,0,0.551,0.834,-1,0.01,-0.007],"_shiftlockState":false,"_pose":"FreeFall","_animationQueue":[],"_animationSpeed":1,"_zoom":11.958},{"_mousePosition":[899,426],"_rootPartCFrame":[767.99,229.787,47.055,0.003,0,1,0,1,0,-1,0,0.003],"_humanoidState":5,"_cameraCFrame":[774.559,241.265,45.226,-0.012,-0.834,0.551,0,0.551,0.834,-1,0.01,-0.007],"_shiftlockState":true,"_pose":"FreeFall","_animationQueue":[],"_animationSpeed":1,"_zoom":11.958},{"_mousePosition":[683,384],"_rootPartCFrame":[767.671,229.921,47.025,0.084,0,0.996,0,1,0,-0.996,0,0.084],"_humanoidState":5,"_cameraCFrame":[774.24,241.399,45.197,-0.012,-0.834,0.551,0,0.551,0.834,-1,0.01,-0.007],"_shiftlockState":true,"_pose":"FreeFall","_animationQueue":[],"_animationSpeed":1,"_zoom":11.958},{"_mousePosition":[683,384],"_rootPartCFrame":[767.432,229.966,46.96,0.09,0,0.996,0,1,0,-0.996,0,0.09],"_humanoidState":5,"_cameraCFrame":[774.001,241.444,45.131,-0.012,-0.834,0.551,0,0.551,0.834,-1,0.01,-0.007],"_shiftlockState":true,"_pose":"FreeFall","_animationQueue":[],"_animationSpeed":1,"_zoom":11.958},{"_mousePosition":[683,384],"_rootPartCFrame":[767.207,229.957,46.857,0.092,0,0.996,0,1,0,-0.996,0,0.092],"_humanoidState":5,"_cameraCFrame":[773.776,241.435,45.029,-0.012,-0.834,0.551,0,0.551,0.834,-1,0.01,-0.007],"_shiftlockState":true,"_pose":"FreeFall","_animationQueue":[],"_animationSpeed":1,"_zoom":11.958},{"_mousePosition":[683,384],"_rootPartCFrame":[767.049,229.914,46.757,0.066,0,0.998,0,1,0,-0.998,0,0.066],"_humanoidState":5,"_cameraCFrame":[773.618,241.392,44.928,-0.012,-0.834,0.551,0,0.551,0.834,-1,0.01,-0.007],"_shiftlockState":true,"_pose":"FreeFall","_animationQueue":[],"_animationSpeed":1,"_zoom":11.958},{"_mousePosition":[683,384],"_rootPartCFrame":[766.802,229.775,46.544,0.119,0,0.993,0,1,0,-0.993,0,0.119],"_humanoidState":5,"_cameraCFrame":[773.371,241.253,44.715,-0.012,-0.834,0.551,0,0.551,0.834,-1,0.01,-0.007],"_shiftlockState":true,"_pose":"FreeFall","_animationQueue":[],"_animationSpeed":1,"_zoom":11.958},{"_mousePosition":[683,384],"_rootPartCFrame":[766.611,229.603,46.358,0.093,0,0.996,0,1,0,-0.996,0,0.093],"_humanoidState":5,"_cameraCFrame":[773.18,241.081,44.529,-0.012,-0.834,0.551,0,0.551,0.834,-1,0.01,-0.007],"_shiftlockState":true,"_pose":"FreeFall","_animationQueue":[],"_animationSpeed":1,"_zoom":11.958},{"_mousePosition":[683,384],"_rootPartCFrame":[766.42,229.375,46.171,0.093,0,0.996,0,1,0,-0.996,0,0.093],"_humanoidState":5,"_cameraCFrame":[772.989,240.854,44.343,-0.012,-0.834,0.551,0,0.551,0.834,-1,0.01,-0.007],"_shiftlockState":true,"_pose":"FreeFall","_animationQueue":[],"_animationSpeed":1,"_zoom":11.958},{"_mousePosition":[683,384],"_rootPartCFrame":[766.229,229.094,45.985,0.093,0,0.996,0,1,0,-0.996,0,0.093],"_humanoidState":5,"_cameraCFrame":[772.798,240.572,44.157,-0.012,-0.834,0.551,0,0.551,0.834,-1,0.01,-0.007],"_shiftlockState":true,"_pose":"FreeFall","_animationQueue":[["fall",0.3]],"_animationSpeed":1,"_zoom":11.958},{"_mousePosition":[683,384],"_rootPartCFrame":[766.039,228.758,45.799,0.093,0,0.996,0,1,0,-0.996,0,0.093],"_humanoidState":5,"_cameraCFrame":[772.607,240.236,43.97,-0.012,-0.834,0.551,0,0.551,0.834,-1,0.01,-0.007],"_shiftlockState":true,"_pose":"FreeFall","_animationQueue":[],"_animationSpeed":1,"_zoom":11.958},{"_mousePosition":[683,384],"_rootPartCFrame":[765.895,228.47,45.659,0.067,0,0.998,0,1,0,-0.998,0,0.067],"_humanoidState":5,"_cameraCFrame":[772.464,239.948,43.831,-0.012,-0.834,0.551,0,0.551,0.834,-1,0.01,-0.007],"_shiftlockState":true,"_pose":"FreeFall","_animationQueue":[],"_animationSpeed":1,"_zoom":11.958},{"_mousePosition":[683,384],"_rootPartCFrame":[765.657,227.922,45.426,0.119,0,0.993,0,1,0,-0.993,0,0.119],"_humanoidState":5,"_cameraCFrame":[772.201,239.416,43.598,-0.012,-0.836,0.549,0,0.549,0.836,-1,0.01,-0.007],"_shiftlockState":true,"_pose":"FreeFall","_animationQueue":[],"_animationSpeed":1,"_zoom":11.958},{"_mousePosition":[683,384],"_rootPartCFrame":[765.466,227.422,45.24,0.093,0,0.996,0,1,0,-0.996,0,0.093],"_humanoidState":5,"_cameraCFrame":[771.772,239.062,43.375,-0.018,-0.848,0.53,0,0.53,0.848,-1,0.015,-0.01],"_shiftlockState":true,"_pose":"FreeFall","_animationQueue":[],"_animationSpeed":1,"_zoom":11.958},{"_mousePosition":[683,384],"_rootPartCFrame":[765.275,226.868,45.054,0.087,0,0.996,0,1,0,-0.996,0,0.087],"_humanoidState":5,"_cameraCFrame":[771.263,238.712,43.263,-0.007,-0.865,0.502,0,0.502,0.865,-1,0.006,-0.003],"_shiftlockState":true,"_pose":"FreeFall","_animationQueue":[],"_animationSpeed":1,"_zoom":11.958},{"_mousePosition":[683,384],"_rootPartCFrame":[765.083,226.26,44.868,0.097,0,0.995,0,1,0,-0.995,0,0.097],"_humanoidState":5,"_cameraCFrame":[770.75,238.296,43.157,0.007,-0.881,0.473,0,0.473,0.881,-1,-0.006,0.003],"_shiftlockState":true,"_pose":"FreeFall","_animationQueue":[],"_animationSpeed":1,"_zoom":11.958},{"_mousePosition":[683,384],"_rootPartCFrame":[764.893,225.597,44.681,0.11,0,0.994,0,1,0,-0.994,0,0.11],"_humanoidState":5,"_cameraCFrame":[770.247,237.801,43.007,0.014,-0.895,0.446,0,0.446,0.895,-1,-0.013,0.006],"_shiftlockState":true,"_pose":"FreeFall","_animationQueue":[["fall",0.3]],"_animationSpeed":1,"_zoom":11.958},{"_mousePosition":[683,384],"_rootPartCFrame":[764.705,224.879,44.492,0.117,0,0.993,0,1,0,-0.993,0,0.117],"_humanoidState":5,"_cameraCFrame":[769.731,237.242,42.818,0.015,-0.908,0.418,0,0.418,0.908,-1,-0.014,0.006],"_shiftlockState":true,"_pose":"FreeFall","_animationQueue":[],"_animationSpeed":1,"_zoom":11.958},{"_mousePosition":[683,384],"_rootPartCFrame":[764.473,224.17,44.253,0.043,0,0.999,0,1,0,-0.999,0,0.043],"_humanoidState":7,"_cameraCFrame":[769.264,236.635,42.561,0.012,-0.917,0.399,0,0.399,0.917,-1,-0.011,0.005],"_shiftlockState":true,"_pose":"FreeFall","_animationQueue":[["walk",0.1],["fall",0.3],["fall",0.3]],"_animationSpeed":1,"_zoom":11.958},{"_mousePosition":[683,384],"_rootPartCFrame":[764.333,224.2,44.109,0.012,0,1,0,1,0,-1,0,0.012],"_humanoidState":7,"_cameraCFrame":[768.872,236.77,42.405,0.01,-0.926,0.378,0,0.378,0.926,-1,-0.009,0.004],"_shiftlockState":true,"_pose":"FreeFall","_animationQueue":[],"_animationSpeed":1,"_zoom":11.958},{"_mousePosition":[683,384],"_rootPartCFrame":[764.096,224.305,44.039,0.01,0,1,0,1,0,-1,0,0.01],"_humanoidState":8,"_cameraCFrame":[768.436,236.953,42.328,0.009,-0.932,0.362,0,0.362,0.932,-1,-0.008,0.003],"_shiftlockState":true,"_pose":"Running","_animationQueue":[["walk",0.1],["fall",0.3],["walk",0.1]],"_animationSpeed":1.103,"_zoom":11.958},{"_mousePosition":[683,384],"_rootPartCFrame":[763.837,225.168,44.018,0.009,0,1,0,1,0,-1,0,0.009],"_humanoidState":3,"_cameraCFrame":[768.013,237.881,42.323,0.013,-0.938,0.347,0,0.347,0.938,-1,-0.012,0.005],"_shiftlockState":true,"_pose":"Jumping","_animationQueue":[["walk",0.1],["jump",0.1]],"_animationSpeed":1,"_zoom":11.958},{"_mousePosition":[683,384],"_rootPartCFrame":[763.571,225.976,44.012,0.013,0,1,0,1,0,-1,0,0.013],"_humanoidState":5,"_cameraCFrame":[767.69,238.719,42.377,0.028,-0.94,0.34,0,0.341,0.94,-1,-0.026,0.009],"_shiftlockState":true,"_pose":"FreeFall","_animationQueue":[["jump",0.1]],"_animationSpeed":1,"_zoom":11.958},{"_mousePosition":[683,384],"_rootPartCFrame":[763.305,226.73,44.009,0.026,0,1,0,1,0,-1,0,0.026],"_humanoidState":5,"_cameraCFrame":[767.463,239.473,42.477,0.053,-0.939,0.34,0,0.341,0.94,-0.999,-0.05,0.018],"_shiftlockState":true,"_pose":"FreeFall","_animationQueue":[],"_animationSpeed":1,"_zoom":11.958},{"_mousePosition":[683,384],"_rootPartCFrame":[763.038,227.429,44.002,0.05,0,0.999,0,1,0,-0.999,0,0.05],"_humanoidState":5,"_cameraCFrame":[767.226,240.166,42.502,0.06,-0.938,0.341,0,0.342,0.94,-0.998,-0.057,0.021],"_shiftlockState":true,"_pose":"FreeFall","_animationQueue":[],"_animationSpeed":1,"_zoom":11.958},{"_mousePosition":[683,384],"_rootPartCFrame":[762.838,227.918,43.993,0.059,0,0.998,0,1,0,-0.998,0,0.059],"_humanoidState":5,"_cameraCFrame":[767.026,240.655,42.492,0.06,-0.938,0.341,0,0.342,0.94,-0.998,-0.057,0.021],"_shiftlockState":true,"_pose":"FreeFall","_animationQueue":[],"_animationSpeed":1,"_zoom":11.958},{"_mousePosition":[683,384],"_rootPartCFrame":[762.506,228.665,43.973,0.06,0,0.998,0,1,0,-0.998,0,0.06],"_humanoidState":5,"_cameraCFrame":[766.694,241.401,42.473,0.06,-0.938,0.341,0,0.342,0.94,-0.998,-0.057,0.021],"_shiftlockState":true,"_pose":"FreeFall","_animationQueue":[],"_animationSpeed":1,"_zoom":11.958},{"_mousePosition":[683,384],"_rootPartCFrame":[762.24,229.201,43.957,0.06,0,0.998,0,1,0,-0.998,0,0.06],"_humanoidState":5,"_cameraCFrame":[766.428,241.937,42.456,0.06,-0.938,0.341,0,0.342,0.94,-0.998,-0.057,0.021],"_shiftlockState":true,"_pose":"FreeFall","_animationQueue":[],"_animationSpeed":1,"_zoom":11.958},{"_mousePosition":[683,384],"_rootPartCFrame":[761.974,229.682,43.941,0.06,0,0.998,0,1,0,-0.998,0,0.06],"_humanoidState":5,"_cameraCFrame":[766.161,242.419,42.44,0.06,-0.938,0.341,0,0.342,0.94,-0.998,-0.057,0.021],"_shiftlockState":true,"_pose":"FreeFall","_animationQueue":[],"_animationSpeed":1,"_zoom":11.958},{"_mousePosition":[683,384],"_rootPartCFrame":[761.707,230.109,43.925,0.06,0,0.998,0,1,0,-0.998,0,0.06],"_humanoidState":5,"_cameraCFrame":[765.895,242.846,42.424,0.06,-0.938,0.341,0,0.342,0.94,-0.998,-0.057,0.021],"_shiftlockState":true,"_pose":"FreeFall","_animationQueue":[],"_animationSpeed":1,"_zoom":11.958},{"_mousePosition":[683,384],"_rootPartCFrame":[761.441,230.481,43.908,0.06,0,0.998,0,1,0,-0.998,0,0.06],"_humanoidState":5,"_cameraCFrame":[765.629,243.218,42.408,0.06,-0.938,0.341,0,0.342,0.94,-0.998,-0.057,0.021],"_shiftlockState":true,"_pose":"FreeFall","_animationQueue":[],"_animationSpeed":1,"_zoom":11.958},{"_mousePosition":[683,384],"_rootPartCFrame":[761.175,230.799,43.892,0.06,0,0.998,0,1,0,-0.998,0,0.06],"_humanoidState":5,"_cameraCFrame":[765.363,243.536,42.392,0.06,-0.938,0.341,0,0.342,0.94,-0.998,-0.057,0.021],"_shiftlockState":true,"_pose":"FreeFall","_animationQueue":[],"_animationSpeed":1,"_zoom":11.958},{"_mousePosition":[683,384],"_rootPartCFrame":[760.909,231.063,43.876,0.06,0,0.998,0,1,0,-0.998,0,0.06],"_humanoidState":5,"_cameraCFrame":[765.097,243.799,42.376,0.06,-0.938,0.341,0,0.342,0.94,-0.998,-0.057,0.021],"_shiftlockState":true,"_pose":"FreeFall","_animationQueue":[],"_animationSpeed":1,"_zoom":11.958},{"_mousePosition":[683,384],"_rootPartCFrame":[760.643,231.271,43.86,0.06,0,0.998,0,1,0,-0.998,0,0.06],"_humanoidState":5,"_cameraCFrame":[764.831,244.008,42.36,0.06,-0.938,0.341,0,0.342,0.94,-0.998,-0.057,0.021],"_shiftlockState":true,"_pose":"FreeFall","_animationQueue":[],"_animationSpeed":1,"_zoom":11.958},{"_mousePosition":[683,384],"_rootPartCFrame":[760.377,231.426,43.844,0.06,0,0.998,0,1,0,-0.998,0,0.06],"_humanoidState":5,"_cameraCFrame":[764.571,244.159,42.336,0.058,-0.938,0.342,0,0.343,0.939,-0.998,-0.055,0.02],"_shiftlockState":true,"_pose":"FreeFall","_animationQueue":[],"_animationSpeed":1,"_zoom":11.958},{"_mousePosition":[683,384],"_rootPartCFrame":[760.111,231.526,43.828,0.058,0,0.998,0,1,0,-0.998,0,0.058],"_humanoidState":5,"_cameraCFrame":[764.295,244.259,42.293,0.052,-0.938,0.342,0,0.343,0.939,-0.999,-0.049,0.018],"_shiftlockState":true,"_pose":"FreeFall","_animationQueue":[],"_animationSpeed":1,"_zoom":11.958},{"_mousePosition":[683,384],"_rootPartCFrame":[759.845,231.571,43.812,0.053,0,0.999,0,1,0,-0.999,0,0.053],"_humanoidState":5,"_cameraCFrame":[763.965,244.328,42.274,0.052,-0.94,0.337,0,0.337,0.941,-0.999,-0.049,0.018],"_shiftlockState":true,"_pose":"FreeFall","_animationQueue":[],"_animationSpeed":1,"_zoom":11.958},{"_mousePosition":[683,384],"_rootPartCFrame":[759.578,231.562,43.798,0.052,0,0.999,0,1,0,-0.999,0,0.052],"_humanoidState":5,"_cameraCFrame":[763.651,244.338,42.274,0.056,-0.941,0.332,0,0.333,0.943,-0.998,-0.053,0.019],"_shiftlockState":true,"_pose":"FreeFall","_animationQueue":[],"_animationSpeed":1,"_zoom":11.958},{"_mousePosition":[683,384],"_rootPartCFrame":[759.312,231.498,43.784,0.056,0,0.998,0,1,0,-0.998,0,0.056],"_humanoidState":5,"_cameraCFrame":[763.295,244.306,42.26,0.057,-0.944,0.325,0,0.325,0.946,-0.998,-0.054,0.019],"_shiftlockState":true,"_pose":"FreeFall","_animationQueue":[],"_animationSpeed":1,"_zoom":11.958},{"_mousePosition":[683,384],"_rootPartCFrame":[759.046,231.38,43.77,0.057,0,0.998,0,1,0,-0.998,0,0.057],"_humanoidState":5,"_cameraCFrame":[762.938,244.219,42.24,0.057,-0.947,0.317,0,0.318,0.948,-0.998,-0.054,0.018],"_shiftlockState":true,"_pose":"FreeFall","_animationQueue":[],"_animationSpeed":1,"_zoom":11.958},{"_mousePosition":[683,384],"_rootPartCFrame":[758.779,231.208,43.754,0.057,0,0.998,0,1,0,-0.998,0,0.057],"_humanoidState":5,"_cameraCFrame":[762.623,244.062,42.214,0.055,-0.948,0.313,0,0.314,0.949,-0.998,-0.052,0.017],"_shiftlockState":true,"_pose":"FreeFall","_animationQueue":[],"_animationSpeed":1,"_zoom":11.958},{"_mousePosition":[683,384],"_rootPartCFrame":[758.58,231.042,43.743,0.055,0,0.998,0,1,0,-0.998,0,0.055],"_humanoidState":5,"_cameraCFrame":[762.367,243.914,42.195,0.054,-0.95,0.309,0,0.309,0.951,-0.999,-0.051,0.017],"_shiftlockState":true,"_pose":"FreeFall","_animationQueue":[],"_animationSpeed":1,"_zoom":11.958},{"_mousePosition":[683,384],"_rootPartCFrame":[758.114,230.538,43.717,0.054,0,0.999,0,1,0,-0.999,0,0.054],"_humanoidState":5,"_cameraCFrame":[761.881,243.416,42.165,0.053,-0.95,0.307,0,0.308,0.951,-0.999,-0.05,0.016],"_shiftlockState":true,"_pose":"FreeFall","_animationQueue":[["fall",0.3]],"_animationSpeed":1,"_zoom":11.958},{"_mousePosition":[683,384],"_rootPartCFrame":[757.98,230.363,43.71,0.053,0,0.999,0,1,0,-0.999,0,0.053],"_humanoidState":5,"_cameraCFrame":[761.683,243.261,42.154,0.053,-0.952,0.302,0,0.302,0.953,-0.999,-0.05,0.016],"_shiftlockState":true,"_pose":"FreeFall","_animationQueue":[],"_animationSpeed":1,"_zoom":11.958},{"_mousePosition":[683,384],"_rootPartCFrame":[757.714,229.972,43.696,0.053,0,0.999,0,1,0,-0.999,0,0.053],"_humanoidState":5,"_cameraCFrame":[761.341,242.897,42.151,0.057,-0.954,0.295,0,0.295,0.955,-0.998,-0.055,0.017],"_shiftlockState":true,"_pose":"FreeFall","_animationQueue":[],"_animationSpeed":1,"_zoom":11.958},{"_mousePosition":[683,384],"_rootPartCFrame":[757.448,229.527,43.682,0.057,0,0.998,0,1,0,-0.998,0,0.057],"_humanoidState":5,"_cameraCFrame":[761.001,242.477,42.154,0.063,-0.956,0.288,0,0.288,0.957,-0.998,-0.061,0.018],"_shiftlockState":true,"_pose":"FreeFall","_animationQueue":[],"_animationSpeed":1,"_zoom":11.958},{"_mousePosition":[683,384],"_rootPartCFrame":[757.182,229.028,43.667,0.063,0,0.998,0,1,0,-0.998,0,0.063],"_humanoidState":5,"_cameraCFrame":[760.654,242.002,42.137,0.064,-0.958,0.281,0,0.282,0.96,-0.998,-0.062,0.018],"_shiftlockState":true,"_pose":"FreeFall","_animationQueue":[],"_animationSpeed":1,"_zoom":11.958},{"_mousePosition":[683,384],"_rootPartCFrame":[756.915,228.473,43.65,0.064,0,0.998,0,1,0,-0.998,0,0.064],"_humanoidState":5,"_cameraCFrame":[760.329,241.464,42.11,0.062,-0.959,0.276,0,0.277,0.961,-0.998,-0.06,0.017],"_shiftlockState":true,"_pose":"FreeFall","_animationQueue":[],"_animationSpeed":1,"_zoom":11.958},{"_mousePosition":[683,384],"_rootPartCFrame":[756.673,228.389,43.634,0.062,0,0.998,0,1,0,-0.998,0,0.062],"_humanoidState":7,"_cameraCFrame":[759.993,241.401,42.048,0.05,-0.961,0.27,0,0.271,0.963,-0.999,-0.048,0.013],"_shiftlockState":true,"_pose":"FreeFall","_animationQueue":[["walk",0.1],["fall",0.3],["fall",0.3]],"_animationSpeed":1,"_zoom":11.958},{"_mousePosition":[683,384],"_rootPartCFrame":[756.435,228.387,43.619,0.05,0,0.999,0,1,0,-0.999,0,0.05],"_humanoidState":7,"_cameraCFrame":[759.674,241.414,41.979,0.034,-0.963,0.266,0,0.266,0.964,-0.999,-0.033,0.009],"_shiftlockState":true,"_pose":"FreeFall","_animationQueue":[["fall",0.3]],"_animationSpeed":1,"_zoom":11.958},{"_mousePosition":[683,384],"_rootPartCFrame":[756.197,228.387,43.607,0.034,0,0.999,0,1,0,-0.999,0,0.034],"_humanoidState":8,"_cameraCFrame":[759.328,241.432,41.885,0.009,-0.965,0.261,0,0.261,0.965,-1,-0.009,0.002],"_shiftlockState":true,"_pose":"Running","_animationQueue":[["walk",0.1],["fall",0.3],["walk",0.1]],"_animationSpeed":0.987,"_zoom":11.958},{"_mousePosition":[683,384],"_rootPartCFrame":[755.958,229.25,43.595,0.009,0,1,0,1,0,-1,0,0.009],"_humanoidState":3,"_cameraCFrame":[758.995,242.31,41.806,-0.013,-0.967,0.256,0,0.256,0.967,-1,0.013,-0.003],"_shiftlockState":true,"_pose":"Jumping","_animationQueue":[["walk",0.1],["jump",0.1]],"_animationSpeed":1,"_zoom":11.958},{"_mousePosition":[683,384],"_rootPartCFrame":[755.7,230.059,43.59,-0.011,0,1,0,1,0,-1,0,-0.011],"_humanoidState":5,"_cameraCFrame":[758.645,243.133,41.742,-0.033,-0.967,0.251,0,0.251,0.968,-0.999,0.032,-0.008],"_shiftlockState":true,"_pose":"FreeFall","_animationQueue":[["jump",0.1]],"_animationSpeed":1,"_zoom":11.958},{"_mousePosition":[683,384],"_rootPartCFrame":[755.434,230.812,43.592,-0.03,0,1,0,1,0,-1,0,-0.03],"_humanoidState":5,"_cameraCFrame":[758.316,243.897,41.707,-0.046,-0.968,0.248,0,0.248,0.969,-0.999,0.045,-0.012],"_shiftlockState":true,"_pose":"FreeFall","_animationQueue":[],"_animationSpeed":1,"_zoom":11.958},{"_mousePosition":[683,384],"_rootPartCFrame":[755.167,231.512,43.6,-0.044,0,0.999,0,1,0,-0.999,0,-0.044],"_humanoidState":5,"_cameraCFrame":[758.02,244.601,41.7,-0.052,-0.968,0.246,0,0.247,0.969,-0.999,0.05,-0.013],"_shiftlockState":true,"_pose":"FreeFall","_animationQueue":[],"_animationSpeed":1,"_zoom":11.958},{"_mousePosition":[683,384],"_rootPartCFrame":[754.901,232.157,43.612,-0.051,0,0.999,0,1,0,-0.999,0,-0.051],"_humanoidState":5,"_cameraCFrame":[757.748,245.246,41.703,-0.055,-0.968,0.246,0,0.247,0.969,-0.998,0.053,-0.014],"_shiftlockState":true,"_pose":"FreeFall","_animationQueue":[],"_animationSpeed":1,"_zoom":11.958},{"_mousePosition":[683,384],"_rootPartCFrame":[754.634,232.747,43.626,-0.054,0,0.999,0,1,0,-0.999,0,-0.054],"_humanoidState":5,"_cameraCFrame":[757.472,245.836,41.702,-0.06,-0.967,0.246,0,0.247,0.969,-0.998,0.058,-0.015],"_shiftlockState":true,"_pose":"FreeFall","_animationQueue":[],"_animationSpeed":1,"_zoom":11.958},{"_mousePosition":[683,384],"_rootPartCFrame":[754.368,233.283,43.64,-0.059,0,0.998,0,1,0,-0.998,0,-0.059],"_humanoidState":5,"_cameraCFrame":[757.182,246.374,41.696,-0.067,-0.967,0.245,0,0.246,0.969,-0.998,0.065,-0.017],"_shiftlockState":true,"_pose":"FreeFall","_animationQueue":[],"_animationSpeed":1,"_zoom":11.958},{"_mousePosition":[683,384],"_rootPartCFrame":[754.102,233.764,43.656,-0.066,0,0.998,0,1,0,-0.998,0,-0.066],"_humanoidState":5,"_cameraCFrame":[756.888,246.858,41.686,-0.077,-0.967,0.244,0,0.245,0.97,-0.997,0.074,-0.019],"_shiftlockState":true,"_pose":"FreeFall","_animationQueue":[],"_animationSpeed":1,"_zoom":11.958},{"_mousePosition":[683,384],"_rootPartCFrame":[753.836,234.191,43.674,-0.076,0,0.997,0,1,0,-0.997,0,-0.076],"_humanoidState":5,"_cameraCFrame":[756.585,247.287,41.667,-0.09,-0.966,0.243,0,0.244,0.97,-0.996,0.088,-0.022],"_shiftlockState":true,"_pose":"FreeFall","_animationQueue":[],"_animationSpeed":1,"_zoom":11.958},{"_mousePosition":[683,384],"_rootPartCFrame":[753.57,234.564,43.694,-0.089,0,0.996,0,1,0,-0.996,0,-0.089],"_humanoidState":5,"_cameraCFrame":[756.269,247.664,41.646,-0.106,-0.965,0.241,0,0.243,0.97,-0.994,0.103,-0.026],"_shiftlockState":true,"_pose":"FreeFall","_animationQueue":[],"_animationSpeed":1,"_zoom":11.958},{"_mousePosition":[683,384],"_rootPartCFrame":[753.304,234.882,43.717,-0.104,0,0.995,0,1,0,-0.995,0,-0.104],"_humanoidState":5,"_cameraCFrame":[755.964,247.985,41.632,-0.121,-0.963,0.24,0,0.242,0.97,-0.993,0.117,-0.029],"_shiftlockState":true,"_pose":"FreeFall","_animationQueue":[],"_animationSpeed":1,"_zoom":11.958},{"_mousePosition":[683,384],"_rootPartCFrame":[753.039,235.145,43.745,-0.119,0,0.993,0,1,0,-0.993,0,-0.119],"_humanoidState":5,"_cameraCFrame":[755.663,248.248,41.615,-0.137,-0.961,0.24,0,0.242,0.97,-0.991,0.133,-0.033],"_shiftlockState":true,"_pose":"FreeFall","_animationQueue":[],"_animationSpeed":1,"_zoom":11.958},{"_mousePosition":[683,384],"_rootPartCFrame":[752.774,235.354,43.777,-0.135,0,0.991,0,1,0,-0.991,0,-0.135],"_humanoidState":5,"_cameraCFrame":[755.367,248.457,41.608,-0.152,-0.959,0.239,0,0.242,0.97,-0.988,0.147,-0.037],"_shiftlockState":true,"_pose":"FreeFall","_animationQueue":[],"_animationSpeed":1,"_zoom":11.958},{"_mousePosition":[683,384],"_rootPartCFrame":[752.51,235.508,43.813,-0.15,0,0.989,0,1,0,-0.989,0,-0.15],"_humanoidState":5,"_cameraCFrame":[755.087,248.611,41.625,-0.159,-0.958,0.239,0,0.242,0.97,-0.987,0.154,-0.038],"_shiftlockState":true,"_pose":"FreeFall","_animationQueue":[],"_animationSpeed":1,"_zoom":11.958},{"_mousePosition":[683,384],"_rootPartCFrame":[752.246,235.608,43.852,-0.158,0,0.987,0,1,0,-0.987,0,-0.158],"_humanoidState":5,"_cameraCFrame":[754.842,248.707,41.662,-0.159,-0.958,0.24,0,0.243,0.97,-0.987,0.154,-0.039],"_shiftlockState":true,"_pose":"FreeFall","_animationQueue":[],"_animationSpeed":1,"_zoom":11.958},{"_mousePosition":[683,384],"_rootPartCFrame":[751.926,235.656,43.867,-0.062,0,0.998,0,1,0,-0.998,0,-0.062],"_humanoidState":5,"_cameraCFrame":[754.613,248.741,41.712,-0.142,-0.959,0.246,0,0.248,0.969,-0.99,0.138,-0.035],"_shiftlockState":true,"_pose":"FreeFall","_animationQueue":[],"_animationSpeed":1,"_zoom":11.958},{"_mousePosition":[683,384],"_rootPartCFrame":[751.746,235.644,43.849,-0.053,0,0.999,0,1,0,-0.999,0,-0.053],"_humanoidState":5,"_cameraCFrame":[754.587,248.709,41.79,-0.105,-0.962,0.253,0,0.254,0.967,-0.994,0.101,-0.027],"_shiftlockState":true,"_pose":"FreeFall","_animationQueue":[],"_animationSpeed":1,"_zoom":11.958},{"_mousePosition":[683,384],"_rootPartCFrame":[751.596,235.89,43.72,-0.066,0,0.998,0,1,0,-0.998,0,-0.066],"_humanoidState":7,"_cameraCFrame":[754.604,248.94,41.821,-0.049,-0.965,0.259,0,0.259,0.966,-0.999,0.047,-0.013],"_shiftlockState":true,"_pose":"FreeFall","_animationQueue":[["walk",0.1]],"_animationSpeed":0.973,"_zoom":11.958},{"_mousePosition":[683,384],"_rootPartCFrame":[751.553,236.135,43.47,-0.044,0,0.999,0,1,0,-0.999,0,-0.044],"_humanoidState":7,"_cameraCFrame":[754.577,249.197,41.674,-0.015,-0.967,0.255,0,0.255,0.967,-1,0.015,-0.004],"_shiftlockState":true,"_pose":"FreeFall","_animationQueue":[],"_animationSpeed":0.973,"_zoom":11.958},{"_mousePosition":[683,384],"_rootPartCFrame":[751.538,236.284,43.204,-0.015,0,1,0,1,0,-1,0,-0.015],"_humanoidState":8,"_cameraCFrame":[754.408,249.38,41.374,-0.028,-0.969,0.244,0,0.244,0.97,-1,0.027,-0.007],"_shiftlockState":true,"_pose":"Running","_animationQueue":[["fall",0.3],["walk",0.1],["fall",0.3],["walk",0.1]],"_animationSpeed":1.096,"_zoom":11.958},{"_mousePosition":[683,384],"_rootPartCFrame":[751.532,236.371,42.937,-0.028,0,1,0,1,0,-1,0,-0.028],"_humanoidState":8,"_cameraCFrame":[754.164,249.499,40.959,-0.084,-0.969,0.232,0,0.233,0.972,-0.996,0.082,-0.02],"_shiftlockState":true,"_pose":"Running","_animationQueue":[],"_animationSpeed":1.096,"_zoom":11.958},{"_mousePosition":[683,384],"_rootPartCFrame":[751.526,236.417,42.671,-0.084,0,0.996,0,1,0,-0.996,0,-0.084],"_humanoidState":8,"_cameraCFrame":[753.848,249.57,40.462,-0.182,-0.958,0.221,0,0.225,0.974,-0.983,0.177,-0.041],"_shiftlockState":true,"_pose":"Running","_animationQueue":[],"_animationSpeed":1.096,"_zoom":11.958},{"_mousePosition":[683,384],"_rootPartCFrame":[751.505,236.443,42.405,-0.182,0,0.983,0,1,0,-0.983,0,-0.182],"_humanoidState":8,"_cameraCFrame":[753.492,249.612,39.97,-0.291,-0.934,0.209,0,0.218,0.976,-0.957,0.284,-0.064],"_shiftlockState":true,"_pose":"Running","_animationQueue":[],"_animationSpeed":1.096,"_zoom":11.958},{"_mousePosition":[683,384],"_rootPartCFrame":[751.461,236.456,42.142,-0.296,0,0.955,0,1,0,-0.955,0,-0.296],"_humanoidState":8,"_cameraCFrame":[753.082,249.63,39.468,-0.419,-0.887,0.197,0,0.217,0.976,-0.908,0.409,-0.091],"_shiftlockState":true,"_pose":"Running","_animationQueue":[],"_animationSpeed":1.096,"_zoom":11.958},{"_mousePosition":[683,384],"_rootPartCFrame":[751.387,236.464,41.886,-0.426,0,0.905,0,1,0,-0.905,0,-0.426],"_humanoidState":8,"_cameraCFrame":[752.68,249.623,38.979,-0.54,-0.821,0.187,0,0.222,0.975,-0.842,0.526,-0.12],"_shiftlockState":true,"_pose":"Running","_animationQueue":[],"_animationSpeed":1.096,"_zoom":11.958},{"_mousePosition":[683,384],"_rootPartCFrame":[751.281,236.468,41.642,-0.547,0,0.837,0,1,0,-0.837,0,-0.547],"_humanoidState":8,"_cameraCFrame":[752.249,249.603,38.52,-0.648,-0.741,0.176,0,0.231,0.973,-0.761,0.631,-0.15],"_shiftlockState":true,"_pose":"Running","_animationQueue":[["walk",0.1]],"_animationSpeed":1.096,"_zoom":11.958},{"_mousePosition":[683,384],"_rootPartCFrame":[751.17,237.341,41.399,-0.655,0,0.756,0,1,0,-0.756,0,-0.655],"_humanoidState":3,"_cameraCFrame":[751.787,250.449,38.092,-0.744,-0.648,0.16,0,0.24,0.971,-0.668,0.722,-0.179],"_shiftlockState":true,"_pose":"Jumping","_animationQueue":[["walk",0.1],["jump",0.1]],"_animationSpeed":1,"_zoom":11.958},{"_mousePosition":[683,384],"_rootPartCFrame":[751.045,238.163,41.177,-0.687,0,0.727,0,1,0,-0.727,0,-0.687],"_humanoidState":5,"_cameraCFrame":[751.374,251.257,37.781,-0.805,-0.575,0.145,0,0.245,0.97,-0.593,0.78,-0.197],"_shiftlockState":true,"_pose":"FreeFall","_animationQueue":[["jump",0.1]],"_animationSpeed":1,"_zoom":11.958},{"_mousePosition":[683,384],"_rootPartCFrame":[750.898,238.93,40.989,-0.732,0,0.681,0,1,0,-0.681,0,-0.732],"_humanoidState":5,"_cameraCFrame":[750.87,252.01,37.529,-0.867,-0.483,0.125,0,0.25,0.968,-0.499,0.839,-0.216],"_shiftlockState":true,"_pose":"FreeFall","_animationQueue":[],"_animationSpeed":1,"_zoom":11.958},{"_mousePosition":[683,384],"_rootPartCFrame":[750.733,239.643,40.835,-0.802,0,0.598,0,1,0,-0.598,0,-0.802],"_humanoidState":5,"_cameraCFrame":[750.428,252.711,37.348,-0.906,-0.409,0.107,0,0.254,0.967,-0.423,0.877,-0.23],"_shiftlockState":true,"_pose":"FreeFall","_animationQueue":[],"_animationSpeed":1,"_zoom":11.958},{"_mousePosition":[683,384],"_rootPartCFrame":[750.552,240.302,40.718,-0.851,0,0.526,0,1,0,-0.526,0,-0.851],"_humanoidState":5,"_cameraCFrame":[749.958,253.342,37.178,-0.942,-0.325,0.088,0,0.262,0.965,-0.336,0.909,-0.247],"_shiftlockState":true,"_pose":"FreeFall","_animationQueue":[],"_animationSpeed":1,"_zoom":11.958},{"_mousePosition":[683,384],"_rootPartCFrame":[750.326,241.048,40.625,-0.924,0,0.383,0,1,0,-0.383,0,-0.924],"_humanoidState":5,"_cameraCFrame":[749.561,254.065,37.043,-0.959,-0.273,0.076,0,0.269,0.963,-0.284,0.924,-0.258],"_shiftlockState":true,"_pose":"FreeFall","_animationQueue":[],"_animationSpeed":1,"_zoom":11.958},{"_mousePosition":[683,384],"_rootPartCFrame":[750.198,241.455,40.598,-0.956,0,0.292,0,1,0,-0.292,0,-0.956],"_humanoidState":5,"_cameraCFrame":[749.302,254.446,36.962,-0.97,-0.233,0.067,0,0.277,0.961,-0.242,0.932,-0.269],"_shiftlockState":true,"_pose":"FreeFall","_animationQueue":[],"_animationSpeed":1,"_zoom":11.958},{"_mousePosition":[683,384],"_rootPartCFrame":[750.037,241.95,40.595,-0.969,0,0.249,0,1,0,-0.249,0,-0.969],"_humanoidState":5,"_cameraCFrame":[749.051,254.925,36.932,-0.977,-0.206,0.06,0,0.282,0.96,-0.215,0.937,-0.275],"_shiftlockState":true,"_pose":"FreeFall","_animationQueue":[],"_animationSpeed":1,"_zoom":11.958},{"_mousePosition":[683,384],"_rootPartCFrame":[749.89,242.391,40.63,-0.976,0,0.219,0,1,0,-0.219,0,-0.976],"_humanoidState":5,"_cameraCFrame":[748.811,255.354,36.958,-0.982,-0.18,0.054,0,0.285,0.959,-0.188,0.942,-0.28],"_shiftlockState":true,"_pose":"FreeFall","_animationQueue":[],"_animationSpeed":1,"_zoom":11.958},{"_mousePosition":[683,384],"_rootPartCFrame":[749.757,242.777,40.702,-0.981,0,0.192,0,1,0,-0.192,0,-0.981],"_humanoidState":5,"_cameraCFrame":[748.6,255.729,37.019,-0.986,-0.158,0.048,0,0.288,0.958,-0.165,0.945,-0.284],"_shiftlockState":true,"_pose":"FreeFall","_animationQueue":[],"_animationSpeed":1,"_zoom":11.958},{"_mousePosition":[683,384],"_rootPartCFrame":[749.612,243.183,40.843,-0.986,0,0.169,0,1,0,-0.169,0,-0.986],"_humanoidState":5,"_cameraCFrame":[748.399,256.133,37.17,-0.989,-0.143,0.043,0,0.288,0.957,-0.15,0.947,-0.285],"_shiftlockState":true,"_pose":"FreeFall","_animationQueue":[],"_animationSpeed":1,"_zoom":11.958},{"_mousePosition":[683,384],"_rootPartCFrame":[749.538,243.386,40.954,-0.988,0,0.152,0,1,0,-0.152,0,-0.988],"_humanoidState":5,"_cameraCFrame":[748.285,256.33,37.278,-0.99,-0.132,0.04,0,0.29,0.957,-0.138,0.948,-0.287],"_shiftlockState":true,"_pose":"FreeFall","_animationQueue":[],"_animationSpeed":1,"_zoom":11.958},{"_mousePosition":[683,384],"_rootPartCFrame":[749.455,243.608,41.134,-0.99,0,0.14,0,1,0,-0.14,0,-0.99],"_humanoidState":5,"_cameraCFrame":[748.183,256.552,37.464,-0.991,-0.128,0.039,0,0.29,0.957,-0.133,0.948,-0.287],"_shiftlockState":true,"_pose":"FreeFall","_animationQueue":[],"_animationSpeed":1,"_zoom":11.958},{"_mousePosition":[683,384],"_rootPartCFrame":[749.391,243.776,41.349,-0.991,0,0.134,0,1,0,-0.134,0,-0.991],"_humanoidState":5,"_cameraCFrame":[748.118,256.72,37.679,-0.991,-0.128,0.039,0,0.29,0.957,-0.133,0.948,-0.287],"_shiftlockState":true,"_pose":"FreeFall","_animationQueue":[],"_animationSpeed":1,"_zoom":11.958},{"_mousePosition":[683,384],"_rootPartCFrame":[749.356,243.866,41.533,-0.991,0,0.133,0,1,0,-0.133,0,-0.991],"_humanoidState":5,"_cameraCFrame":[748.083,256.81,37.863,-0.991,-0.128,0.039,0,0.29,0.957,-0.133,0.948,-0.287],"_shiftlockState":true,"_pose":"FreeFall","_animationQueue":[],"_animationSpeed":1,"_zoom":11.958},{"_mousePosition":[683,384],"_rootPartCFrame":[749.31,243.949,41.861,-0.991,0,0.133,0,1,0,-0.133,0,-0.991],"_humanoidState":5,"_cameraCFrame":[748.071,256.887,38.163,-0.99,-0.135,0.041,0,0.292,0.957,-0.142,0.947,-0.289],"_shiftlockState":true,"_pose":"FreeFall","_animationQueue":[],"_animationSpeed":1,"_zoom":11.958},{"_mousePosition":[683,384],"_rootPartCFrame":[749.275,243.953,42.126,-0.99,0,0.141,0,1,0,-0.141,0,-0.99],"_humanoidState":5,"_cameraCFrame":[748.237,256.869,38.297,-0.982,-0.182,0.057,0,0.298,0.955,-0.191,0.937,-0.292],"_shiftlockState":true,"_pose":"FreeFall","_animationQueue":[],"_animationSpeed":1,"_zoom":11.958},{"_mousePosition":[683,384],"_rootPartCFrame":[749.081,244.152,42.368,-0.982,0,0.191,0,1,0,-0.191,0,-0.982],"_humanoidState":7,"_cameraCFrame":[748.505,257.047,38.385,-0.953,-0.287,0.091,0,0.303,0.953,-0.302,0.909,-0.289],"_shiftlockState":true,"_pose":"FreeFall","_animationQueue":[["walk",0.1]],"_animationSpeed":1.103,"_zoom":11.958},{"_mousePosition":[683,384],"_rootPartCFrame":[748.906,244.261,42.416,-0.952,0,0.305,0,1,0,-0.305,0,-0.952],"_humanoidState":7,"_cameraCFrame":[749.294,257.157,38.41,-0.854,-0.495,0.157,0,0.303,0.953,-0.519,0.814,-0.259],"_shiftlockState":true,"_pose":"FreeFall","_animationQueue":[["fall",0.3]],"_animationSpeed":1,"_zoo