[{"_mousePosition":[802,451],"_rootPartCFrame":[776.034,222.7,47.142,-0.002,0,1,0,1,0,-1,0,-0.002],"_humanoidState":8,"_cameraCFrame":[776.613,240.08,44.403,-0.978,-0.203,0.036,0,0.174,0.985,-0.207,0.964,-0.17],"_shiftlockState":false,"_pose":"Standing","_animationQueue":[],"_animationSpeed":1,"_zoom":16.125},{"_mousePosition":[802,451],"_rootPartCFrame":[775.793,222.7,47.091,0.028,0,1,0,1,0,-1,0,0.028],"_humanoidState":8,"_cameraCFrame":[776.371,240.08,44.352,-0.978,-0.203,0.036,0,0.174,0.985,-0.207,0.964,-0.17],"_shiftlockState":false,"_pose":"Standing","_animationQueue":[],"_animationSpeed":1,"_zoom":16.125},{"_mousePosition":[802,451],"_rootPartCFrame":[775.533,222.7,47.036,0.052,0,0.999,0,1,0,-0.999,0,0.052],"_humanoidState":8,"_cameraCFrame":[776.111,240.08,44.297,-0.978,-0.203,0.036,0,0.174,0.985,-0.207,0.964,-0.17],"_shiftlockState":false,"_pose":"Running","_animationQueue":[["walk",0.1]],"_animationSpeed":1.066,"_zoom":16.125},{"_mousePosition":[802,451],"_rootPartCFrame":[775.272,222.7,46.981,0.073,0,0.997,0,1,0,-0.997,0,0.073],"_humanoidState":8,"_cameraCFrame":[775.85,240.08,44.242,-0.978,-0.203,0.036,0,0.174,0.985,-0.207,0.964,-0.17],"_shiftlockState":false,"_pose":"Running","_animationQueue":[],"_animationSpeed":1.066,"_zoom":16.125},{"_mousePosition":[802,451],"_rootPartCFrame":[775.011,222.7,46.926,0.091,0,0.996,0,1,0,-0.996,0,0.091],"_humanoidState":8,"_cameraCFrame":[775.589,240.08,44.187,-0.978,-0.203,0.036,0,0.174,0.985,-0.207,0.964,-0.17],"_shiftlockState":false,"_pose":"Running","_animationQueue":[["walk",0.1]],"_animationSpeed":1.066,"_zoom":16.125},{"_mousePosition":[802,451],"_rootPartCFrame":[774.75,222.7,46.871,0.107,0,0.994,0,1,0,-0.994,0,0.107],"_humanoidState":8,"_cameraCFrame":[775.328,240.08,44.132,-0.978,-0.203,0.036,0,0.174,0.985,-0.207,0.964,-0.17],"_shiftlockState":false,"_pose":"Running","_animationQueue":[],"_animationSpeed":1.066,"_zoom":16.125},{"_mousePosition":[802,451],"_rootPartCFrame":[774.489,222.7,46.816,0.121,0,0.993,0,1,0,-0.993,0,0.121],"_humanoidState":8,"_cameraCFrame":[775.068,240.08,44.076,-0.978,-0.203,0.036,0,0.174,0.985,-0.207,0.964,-0.17],"_shiftlockState":false,"_pose":"Running","_animationQueue":[],"_animationSpeed":1.066,"_zoom":16.125},{"_mousePosition":[802,451],"_rootPartCFrame":[774.098,222.7,46.734,0.138,0,0.99,0,1,0,-0.99,0,0.138],"_humanoidState":8,"_cameraCFrame":[774.676,240.08,43.994,-0.978,-0.203,0.036,0,0.174,0.985,-0.207,0.964,-0.17],"_shiftlockState":false,"_pose":"Running","_animationQueue":[],"_animationSpeed":1.066,"_zoom":16.125},{"_mousePosition":[802,451],"_rootPartCFrame":[773.968,222.7,46.706,0.143,0,0.99,0,1,0,-0.99,0,0.143],"_humanoidState":8,"_cameraCFrame":[774.546,240.08,43.966,-0.978,-0.203,0.036,0,0.174,0.985,-0.207,0.964,-0.17],"_shiftlockState":false,"_pose":"Running","_animationQueue":[],"_animationSpeed":1.066,"_zoom":16.125},{"_mousePosition":[802,451],"_rootPartCFrame":[773.707,222.7,46.651,0.151,0,0.988,0,1,0,-0.988,0,0.151],"_humanoidState":8,"_cameraCFrame":[774.292,240.08,43.913,-0.978,-0.206,0.036,0,0.174,0.985,-0.209,0.963,-0.17],"_shiftlockState":false,"_pose":"Running","_animationQueue":[],"_animationSpeed":1.066,"_zoom":16.125},{"_mousePosition":[802,451],"_rootPartCFrame":[773.446,222.7,46.596,0.159,0,0.987,0,1,0,-0.987,0,0.159],"_humanoidState":8,"_cameraCFrame":[774.038,240.08,43.859,-0.977,-0.208,0.037,0,0.174,0.985,-0.211,0.963,-0.17],"_shiftlockState":false,"_pose":"Running","_animationQueue":[],"_animationSpeed":1.066,"_zoom":16.125},{"_mousePosition":[802,451],"_rootPartCFrame":[773.185,222.7,46.54,0.166,0,0.986,0,1,0,-0.986,0,0.166],"_humanoidState":8,"_cameraCFrame":[773.784,240.08,43.805,-0.977,-0.211,0.037,0,0.174,0.985,-0.214,0.962,-0.17],"_shiftlockState":false,"_pose":"Running","_animationQueue":[["walk",0.1]],"_animationSpeed":1.066,"_zoom":16.125},{"_mousePosition":[802,451],"_rootPartCFrame":[772.924,222.7,46.484,0.172,0,0.985,0,1,0,-0.985,0,0.172],"_humanoidState":8,"_cameraCFrame":[773.53,240.08,43.75,-0.976,-0.213,0.038,0,0.174,0.985,-0.216,0.961,-0.17],"_shiftlockState":false,"_pose":"Running","_animationQueue":[],"_animationSpeed":1.066,"_zoom":16.125},{"_mousePosition":[802,451],"_rootPartCFrame":[772.664,222.7,46.427,0.178,0,0.984,0,1,0,-0.984,0,0.178],"_humanoidState":8,"_cameraCFrame":[773.277,240.08,43.695,-0.976,-0.216,0.038,0,0.174,0.985,-0.219,0.961,-0.169],"_shiftlockState":false,"_pose":"Running","_animationQueue":[],"_animationSpeed":1.066,"_zoom":16.125},{"_mousePosition":[802,451],"_rootPartCFrame":[772.404,222.7,46.369,0.183,0,0.983,0,1,0,-0.983,0,0.183],"_humanoidState":8,"_cameraCFrame":[773.016,240.08,43.637,-0.976,-0.216,0.038,0,0.174,0.985,-0.219,0.961,-0.169],"_shiftlockState":false,"_pose":"Running","_animationQueue":[],"_animationSpeed":1.066,"_zoom":16.125},{"_mousePosition":[802,451],"_rootPartCFrame":[772.143,222.7,46.311,0.188,0,0.982,0,1,0,-0.982,0,0.188],"_humanoidState":8,"_cameraCFrame":[772.763,240.08,43.58,-0.975,-0.218,0.038,0,0.174,0.985,-0.221,0.96,-0.169],"_shiftlockState":false,"_pose":"Running","_animationQueue":[],"_animationSpeed":1.066,"_zoom":16.125},{"_mousePosition":[802,451],"_rootPartCFrame":[771.883,222.7,46.253,0.192,0,0.981,0,1,0,-0.981,0,0.192],"_humanoidState":8,"_cameraCFrame":[772.503,240.08,43.522,-0.975,-0.218,0.038,0,0.174,0.985,-0.221,0.96,-0.169],"_shiftlockState":false,"_pose":"Running","_animationQueue":[],"_animationSpeed":1.066,"_zoom":16.125},{"_mousePosition":[802,451],"_rootPartCFrame":[771.623,222.7,46.194,0.196,0,0.981,0,1,0,-0.981,0,0.196],"_humanoidState":8,"_cameraCFrame":[772.243,240.08,43.463,-0.975,-0.218,0.038,0,0.174,0.985,-0.221,0.96,-0.169],"_shiftlockState":false,"_pose":"Running","_animationQueue":[["walk",0.1]],"_animationSpeed":1.066,"_zoom":16.125},{"_mousePosition":[802,451],"_rootPartCFrame":[771.363,222.7,46.135,0.199,0,0.98,0,1,0,-0.98,0,0.199],"_humanoidState":8,"_cameraCFrame":[771.983,240.08,43.404,-0.975,-0.218,0.038,0,0.174,0.985,-0.221,0.96,-0.169],"_shiftlockState":false,"_pose":"Running","_animationQueue":[],"_animationSpeed":1.066,"_zoom":16.125},{"_mousePosition":[802,451],"_rootPartCFrame":[771.103,222.7,46.076,0.202,0,0.979,0,1,0,-0.979,0,0.202],"_humanoidState":8,"_cameraCFrame":[770.016,240.08,42.958,-0.975,-0.218,0.038,0,0.174,0.985,-0.221,0.96,-0.169],"_shiftlockState":true,"_pose":"Running","_animationQueue":[],"_animationSpeed":1.066,"_zoom":16.125},{"_mousePosition":[683,384],"_rootPartCFrame":[770.843,222.7,46.017,-0.988,0,0.152,0,1,0,-0.152,0,-0.988],"_humanoidState":8,"_cameraCFrame":[769.756,240.08,42.899,-0.975,-0.218,0.038,0,0.174,0.985,-0.221,0.96,-0.169],"_shiftlockState":true,"_pose":"Running","_animationQueue":[],"_animationSpeed":1.066,"_zoom":16.125},{"_mousePosition":[683,384],"_rootPartCFrame":[770.583,222.7,45.958,-0.981,0,0.194,0,1,0,-0.194,0,-0.981],"_humanoidState":8,"_cameraCFrame":[769.496,240.08,42.84,-0.975,-0.218,0.038,0,0.174,0.985,-0.221,0.96,-0.169],"_shiftlockState":true,"_pose":"Running","_animationQueue":[],"_animationSpeed":1.066,"_zoom":16.125},{"_mousePosition":[683,384],"_rootPartCFrame":[770.323,222.7,45.899,-0.976,0,0.218,0,1,0,-0.218,0,-0.976],"_humanoidState":8,"_cameraCFrame":[769.236,240.08,42.781,-0.975,-0.218,0.038,0,0.174,0.985,-0.221,0.96,-0.169],"_shiftlockState":true,"_pose":"Running","_animationQueue":[],"_animationSpeed":1.066,"_zoom":16.125},{"_mousePosition":[683,384],"_rootPartCFrame":[769.998,223.77,45.825,-0.976,0,0.22,0,1,0,-0.22,0,-0.976],"_humanoidState":3,"_cameraCFrame":[768.911,241.15,42.707,-0.975,-0.218,0.038,0,0.174,0.985,-0.221,0.96,-0.169],"_shiftlockState":true,"_pose":"Jumping","_animationQueue":[["walk",0.1],["walk",0.1],["jump",0.1]],"_animationSpeed":1,"_zoom":16.125},{"_mousePosition":[683,384],"_rootPartCFrame":[769.738,224.565,45.766,-0.951,0,0.31,0,1,0,-0.31,0,-0.951],"_humanoidState":5,"_cameraCFrame":[768.651,241.945,42.648,-0.975,-0.218,0.038,0,0.174,0.985,-0.221,0.96,-0.169],"_shiftlockState":true,"_pose":"FreeFall","_animationQueue":[["jump",0.1]],"_animationSpeed":1,"_zoom":16.125},{"_mousePosition":[683,384],"_rootPartCFrame":[769.543,225.125,45.721,-0.95,0,0.313,0,1,0,-0.313,0,-0.95],"_humanoidState":5,"_cameraCFrame":[768.464,242.505,42.601,-0.975,-0.22,0.039,0,0.174,0.985,-0.224,0.96,-0.169],"_shiftlockState":true,"_pose":"FreeFall","_animationQueue":[],"_animationSpeed":1,"_zoom":16.125},{"_mousePosition":[683,384],"_rootPartCFrame":[769.283,225.824,45.662,-0.937,0,0.35,0,1,0,-0.35,0,-0.937],"_humanoidState":5,"_cameraCFrame":[768.212,243.204,42.539,-0.974,-0.223,0.039,0,0.174,0.985,-0.226,0.959,-0.169],"_shiftlockState":true,"_pose":"FreeFall","_animationQueue":[],"_animationSpeed":1,"_zoom":16.125},{"_mousePosition":[683,384],"_rootPartCFrame":[769.023,226.469,45.603,-0.935,0,0.354,0,1,0,-0.354,0,-0.935],"_humanoidState":5,"_cameraCFrame":[767.96,243.849,42.477,-0.973,-0.225,0.04,0,0.174,0.985,-0.229,0.959,-0.169],"_shiftlockState":true,"_pose":"FreeFall","_animationQueue":[],"_animationSpeed":1,"_zoom":16.125},{"_mousePosition":[683,384],"_rootPartCFrame":[768.763,227.06,45.543,-0.934,0,0.356,0,1,0,-0.356,0,-0.934],"_humanoidState":5,"_cameraCFrame":[767.7,244.44,42.416,-0.973,-0.225,0.04,0,0.174,0.985,-0.229,0.959,-0.169],"_shiftlockState":true,"_pose":"FreeFall","_animationQueue":[],"_animationSpeed":1,"_zoom":16.125},{"_mousePosition":[683,384],"_rootPartCFrame":[768.504,227.595,45.482,-0.934,0,0.356,0,1,0,-0.356,0,-0.934],"_humanoidState":5,"_cameraCFrame":[767.44,244.975,42.356,-0.973,-0.225,0.04,0,0.174,0.985,-0.229,0.959,-0.169],"_shiftlockState":true,"_pose":"FreeFall","_animationQueue":[],"_animationSpeed":1,"_zoom":16.125},{"_mousePosition":[683,384],"_rootPartCFrame":[768.244,228.077,45.421,-0.934,0,0.356,0,1,0,-0.356,0,-0.934],"_humanoidState":5,"_cameraCFrame":[767.181,245.457,42.295,-0.973,-0.225,0.04,0,0.174,0.985,-0.229,0.959,-0.169],"_shiftlockState":true,"_pose":"FreeFall","_animationQueue":[],"_animationSpeed":1,"_zoom":16.125},{"_mousePosition":[683,384],"_rootPartCFrame":[767.984,228.504,45.36,-0.934,0,0.356,0,1,0,-0.356,0,-0.934],"_humanoidState":5,"_cameraCFrame":[766.929,245.884,42.231,-0.973,-0.228,0.04,0,0.174,0.985,-0.231,0.958,-0.169],"_shiftlockState":true,"_pose":"FreeFall","_animationQueue":[],"_animationSpeed":1,"_zoom":16.125},{"_mousePosition":[683,384],"_rootPartCFrame":[767.725,228.876,45.299,-0.934,0,0.358,0,1,0,-0.358,0,-0.934],"_humanoidState":5,"_cameraCFrame":[766.678,246.256,42.167,-0.972,-0.23,0.041,0,0.174,0.985,-0.234,0.958,-0.169],"_shiftlockState":true,"_pose":"FreeFall","_animationQueue":[],"_animationSpeed":1,"_zoom":16.125},{"_mousePosition":[683,384],"_rootPartCFrame":[767.401,229.265,45.222,-0.92,0,0.392,0,1,0,-0.392,0,-0.92],"_humanoidState":5,"_cameraCFrame":[766.361,246.645,42.088,-0.972,-0.233,0.041,0,0.174,0.985,-0.236,0.957,-0.169],"_shiftlockState":true,"_pose":"FreeFall","_animationQueue":[],"_animationSpeed":1,"_zoom":16.125},{"_mousePosition":[683,384],"_rootPartCFrame":[767.206,229.457,45.175,-0.943,0,0.332,0,1,0,-0.332,0,-0.943],"_humanoidState":5,"_cameraCFrame":[766.175,246.837,42.038,-0.971,-0.235,0.041,0,0.174,0.985,-0.239,0.956,-0.169],"_shiftlockState":true,"_pose":"FreeFall","_animationQueue":[],"_animationSpeed":1,"_zoom":16.125},{"_mousePosition":[683,384],"_rootPartCFrame":[766.947,229.666,45.112,-0.931,0,0.365,0,1,0,-0.365,0,-0.931],"_humanoidState":5,"_cameraCFrame":[765.932,247.046,41.97,-0.97,-0.24,0.042,0,0.174,0.985,-0.243,0.955,-0.168],"_shiftlockState":true,"_pose":"FreeFall","_animationQueue":[],"_animationSpeed":1,"_zoom":16.125},{"_mousePosition":[683,384],"_rootPartCFrame":[766.623,229.851,45.033,-0.916,0,0.401,0,1,0,-0.401,0,-0.916],"_humanoidState":5,"_cameraCFrame":[765.616,247.231,41.888,-0.969,-0.242,0.043,0,0.174,0.985,-0.246,0.955,-0.168],"_shiftlockState":true,"_pose":"FreeFall","_animationQueue":[],"_animationSpeed":1,"_zoom":16.125},{"_mousePosition":[683,384],"_rootPartCFrame":[766.429,229.921,44.984,-0.94,0,0.341,0,1,0,-0.341,0,-0.94],"_humanoidState":5,"_cameraCFrame":[765.43,247.301,41.837,-0.969,-0.245,0.043,0,0.174,0.985,-0.248,0.954,-0.168],"_shiftlockState":true,"_pose":"FreeFall","_animationQueue":[],"_animationSpeed":1,"_zoom":16.125},{"_mousePosition":[683,384],"_rootPartCFrame":[766.171,229.966,44.919,-0.927,0,0.375,0,1,0,-0.375,0,-0.927],"_humanoidState":5,"_cameraCFrame":[765.187,247.346,41.767,-0.967,-0.249,0.044,0,0.174,0.985,-0.253,0.953,-0.168],"_shiftlockState":true,"_pose":"FreeFall","_animationQueue":[],"_animationSpeed":1,"_zoom":16.125},{"_mousePosition":[683,384],"_rootPartCFrame":[765.912,229.957,44.853,-0.925,0,0.38,0,1,0,-0.38,0,-0.925],"_humanoidState":5,"_cameraCFrame":[764.937,247.337,41.698,-0.967,-0.252,0.044,0,0.174,0.985,-0.256,0.952,-0.168],"_shiftlockState":true,"_pose":"FreeFall","_animationQueue":[],"_animationSpeed":1,"_zoom":16.125},{"_mousePosition":[683,384],"_rootPartCFrame":[765.654,229.893,44.785,-0.924,0,0.382,0,1,0,-0.382,0,-0.924],"_humanoidState":5,"_cameraCFrame":[764.695,247.273,41.626,-0.965,-0.257,0.045,0,0.174,0.985,-0.261,0.951,-0.168],"_shiftlockState":true,"_pose":"FreeFall","_animationQueue":[],"_animationSpeed":1,"_zoom":16.125},{"_mousePosition":[683,384],"_rootPartCFrame":[765.396,229.775,44.717,-0.922,0,0.387,0,1,0,-0.387,0,-0.922],"_humanoidState":5,"_cameraCFrame":[764.445,247.155,41.555,-0.965,-0.259,0.046,0,0.174,0.985,-0.263,0.95,-0.168],"_shiftlockState":true,"_pose":"FreeFall","_animationQueue":[],"_animationSpeed":1,"_zoom":16.125},{"_mousePosition":[683,384],"_rootPartCFrame":[765.139,229.603,44.648,-0.921,0,0.389,0,1,0,-0.389,0,-0.921],"_humanoidState":5,"_cameraCFrame":[764.195,246.983,41.484,-0.964,-0.261,0.046,0,0.174,0.985,-0.266,0.949,-0.167],"_shiftlockState":true,"_pose":"FreeFall","_animationQueue":[],"_animationSpeed":1,"_zoom":16.125},{"_mousePosition":[683,384],"_rootPartCFrame":[764.882,229.375,44.578,-0.92,0,0.391,0,1,0,-0.391,0,-0.92],"_humanoidState":5,"_cameraCFrame":[763.954,246.755,41.409,-0.963,-0.266,0.047,0,0.174,0.985,-0.27,0.948,-0.167],"_shiftlockState":true,"_pose":"FreeFall","_animationQueue":[["fall",0.3]],"_animationSpeed":1,"_zoom":16.125},{"_mousePosition":[683,384],"_rootPartCFrame":[764.625,229.094,44.507,-0.918,0,0.396,0,1,0,-0.396,0,-0.918],"_humanoidState":5,"_cameraCFrame":[763.713,246.474,41.334,-0.961,-0.271,0.048,0,0.174,0.985,-0.275,0.947,-0.167],"_shiftlockState":true,"_pose":"FreeFall","_animationQueue":[],"_animationSpeed":1,"_zoom":16.125},{"_mousePosition":[683,384],"_rootPartCFrame":[764.368,228.758,44.435,-0.916,0,0.401,0,1,0,-0.401,0,-0.916],"_humanoidState":5,"_cameraCFrame":[763.488,246.138,41.253,-0.959,-0.281,0.049,0,0.174,0.985,-0.285,0.944,-0.166],"_shiftlockState":true,"_pose":"FreeFall","_animationQueue":[],"_animationSpeed":1,"_zoom":16.125},{"_mousePosition":[683,384],"_rootPartCFrame":[764.111,228.367,44.362,-0.912,0,0.41,0,1,0,-0.41,0,-0.912],"_humanoidState":5,"_cameraCFrame":[763.288,245.747,41.164,-0.953,-0.297,0.052,0,0.174,0.985,-0.302,0.939,-0.166],"_shiftlockState":true,"_pose":"FreeFall","_animationQueue":[],"_animationSpeed":1,"_zoom":16.125},{"_mousePosition":[683,384],"_rootPartCFrame":[763.856,227.922,44.286,-0.905,0,0.426,0,1,0,-0.426,0,-0.905],"_humanoidState":5,"_cameraCFrame":[763.106,245.302,41.071,-0.946,-0.319,0.056,0,0.174,0.985,-0.324,0.932,-0.164],"_shiftlockState":true,"_pose":"FreeFall","_animationQueue":[],"_animationSpeed":1,"_zoom":16.125},{"_mousePosition":[683,384],"_rootPartCFrame":[763.601,227.422,44.207,-0.895,0,0.446,0,1,0,-0.446,0,-0.895],"_humanoidState":5,"_cameraCFrame":[762.982,244.802,40.963,-0.932,-0.356,0.063,0,0.174,0.985,-0.362,0.918,-0.162],"_shiftlockState":true,"_pose":"FreeFall","_animationQueue":[],"_animationSpeed":1,"_zoom":16.125},{"_mousePosition":[683,384],"_rootPartCFrame":[763.349,226.868,44.121,-0.876,0,0.482,0,1,0,-0.482,0,-0.876],"_humanoidState":5,"_cameraCFrame":[762.87,244.248,40.854,-0.916,-0.395,0.07,0,0.174,0.985,-0.401,0.902,-0.159],"_shiftlockState":true,"_pose":"FreeFall","_animationQueue":[],"_animationSpeed":1,"_zoom":16.125},{"_mousePosition":[683,384],"_rootPartCFrame":[763.099,226.26,44.026,-0.854,0,0.52,0,1,0,-0.52,0,-0.854],"_humanoidState":5,"_cameraCFrame":[762.82,243.64,40.736,-0.89,-0.449,0.079,0,0.174,0.985,-0.456,0.876,-0.155],"_shiftlockState":true,"_pose":"FreeFall","_animationQueue":[["fall",0.3]],"_animationSpeed":1,"_zoom":16.125},{"_mousePosition":[683,384],"_rootPartCFrame":[762.854,225.597,43.921,-0.821,0,0.57,0,1,0,-0.57,0,-0.821],"_humanoidState":5,"_cameraCFrame":[762.825,242.977,40.619,-0.853,-0.514,0.091,0,0.174,0.985,-0.522,0.84,-0.148],"_shiftlockState":true,"_pose":"FreeFall","_animationQueue":[],"_animationSpeed":1,"_zoom":16.125},{"_mousePosition":[683,384],"_rootPartCFrame":[762.616,224.879,43.801,-0.776,0,0.631,0,1,0,-0.631,0,-0.776],"_humanoidState":5,"_cameraCFrame":[762.879,242.259,40.51,-0.803,-0.587,0.103,0,0.174,0.985,-0.596,0.791,-0.139],"_shiftlockState":true,"_pose":"FreeFall","_animationQueue":[],"_animationSpeed":1,"_zoom":16.125},{"_mousePosition":[683,384],"_rootPartCFrame":[762.387,224.107,43.666,-0.717,0,0.697,0,1,0,-0.697,0,-0.717],"_humanoidState":5,"_cameraCFrame":[762.956,241.487,40.413,-0.744,-0.658,0.116,0,0.174,0.985,-0.668,0.733,-0.129],"_shiftlockState":true,"_pose":"FreeFall","_animationQueue":[],"_animationSpeed":1,"_zoom":16.125},{"_mousePosition":[683,384],"_rootPartCFrame":[762.169,223.28,43.512,-0.649,0,0.761,0,1,0,-0.761,0,-0.649],"_humanoidState":5,"_cameraCFrame":[763.04,240.66,40.327,-0.678,-0.724,0.128,0,0.174,0.985,-0.735,0.668,-0.118],"_shiftlockState":true,"_pose":"FreeFall","_animationQueue":[],"_animationSpeed":1,"_zoom":16.125},{"_mousePosition":[683,384],"_rootPartCFrame":[761.969,222.509,43.336,-0.647,0,0.762,0,1,0,-0.762,0,-0.647],"_humanoidState":7,"_cameraCFrame":[763.126,239.889,40.244,-0.609,-0.781,0.138,0,0.174,0.985,-0.794,0.599,-0.106],"_shiftlockState":true,"_pose":"FreeFall","_animationQueue":[["walk",0.1],["fall",0.3],["fall",0.3]],"_animationSpeed":1,"_zoom":16.125},{"_mousePosition":[683,384],"_rootPartCFrame":[761.785,222.469,43.143,-0.605,0,0.796,0,1,0,-0.796,0,-0.605],"_humanoidState":7,"_cameraCFrame":[763.181,239.849,40.151,-0.544,-0.826,0.146,0,0.174,0.985,-0.839,0.536,-0.095],"_shiftlockState":true,"_pose":"FreeFall","_animationQueue":[["fall",0.3]],"_animationSpeed":1,"_zoom":16.125},{"_mousePosition":[683,384],"_rootPartCFrame":[761.58,222.586,42.88,-0.544,0,0.839,0,1,0,-0.839,0,-0.544],"_humanoidState":8,"_cameraCFrame":[763.14,239.966,39.97,-0.497,-0.855,0.151,0,0.174,0.985,-0.868,0.489,-0.086],"_shiftlockState":true,"_pose":"Running","_animationQueue":[["walk",0.1],["fall",0.3],["walk",0.1]],"_animationSpeed":1.103,"_zoom":16.125},{"_mousePosition":[683,384],"_rootPartCFrame":[761.432,222.647,42.659,-0.497,0,0.868,0,1,0,-0.868,0,-0.497],"_humanoidState":8,"_cameraCFrame":[763.08,240.027,39.797,-0.47,-0.869,0.153,0,0.174,0.985,-0.882,0.463,-0.082],"_shiftlockState":true,"_pose":"Running","_animationQueue":[],"_animationSpeed":1.103,"_zoom":16.125},{"_mousePosition":[683,384],"_rootPartCFrame":[761.298,222.681,42.428,-0.47,0,0.882,0,1,0,-0.882,0,-0.47],"_humanoidState":8,"_cameraCFrame":[762.946,240.061,39.567,-0.47,-0.869,0.153,0,0.174,0.985,-0.882,0.463,-0.082],"_shiftlockState":true,"_pose":"Running","_animationQueue":[],"_animationSpeed":1.103,"_zoom":16.125},{"_mousePosition":[683,384],"_rootPartCFrame":[761.171,222.7,42.194,-0.47,0,0.882,0,1,0,-0.882,0,-0.47],"_humanoidState":8,"_cameraCFrame":[762.812,240.08,39.328,-0.473,-0.868,0.153,0,0.174,0.985,-0.881,0.465,-0.082],"_shiftlockState":true,"_pose":"Running","_animationQueue":[],"_animationSpeed":1.103,"_zoom":16.125},{"_mousePosition":[683,384],"_rootPartCFrame":[761.046,222.71,41.958,-0.473,0,0.881,0,1,0,-0.881,0,-0.473],"_humanoidState":8,"_cameraCFrame":[762.614,240.09,39.052,-0.495,-0.856,0.151,0,0.174,0.985,-0.869,0.487,-0.086],"_shiftlockState":true,"_pose":"Running","_animationQueue":[],"_animationSpeed":1.103,"_zoom":16.125},{"_mousePosition":[683,384],"_rootPartCFrame":[760.92,222.716,41.723,-0.495,0,0.869,0,1,0,-0.869,0,-0.495],"_humanoidState":8,"_cameraCFrame":[762.369,240.096,38.756,-0.53,-0.835,0.147,0,0.174,0.985,-0.848,0.521,-0.092],"_shiftlockState":true,"_pose":"Running","_animationQueue":[],"_animationSpeed":1.103,"_zoom":16.125},{"_mousePosition":[683,384],"_rootPartCFrame":[760.794,222.686,41.488,-0.53,0,0.848,0,1,0,-0.848,0,-0.53],"_humanoidState":8,"_cameraCFrame":[762.083,240.066,38.448,-0.574,-0.807,0.142,0,0.174,0.985,-0.819,0.565,-0.1],"_shiftlockState":true,"_pose":"Running","_animationQueue":[["walk",0.1]],"_animationSpeed":1.103,"_zoom":16.125},{"_mousePosition":[683,384],"_rootPartCFrame":[760.668,222.602,41.253,-0.574,0,0.819,0,1,0,-0.819,0,-0.574],"_humanoidState":8,"_cameraCFrame":[761.747,239.982,38.132,-0.628,-0.766,0.135,0,0.174,0.985,-0.778,0.619,-0.109],"_shiftlockState":true,"_pose":"Running","_animationQueue":[],"_animationSpeed":1.103,"_zoom":16.125},{"_mousePosition":[683,384],"_rootPartCFrame":[760.542,223.475,41.018,-0.628,0,0.778,0,1,0,-0.778,0,-0.628],"_humanoidState":3,"_cameraCFrame":[761.348,240.855,37.816,-0.693,-0.71,0.125,0,0.174,0.985,-0.721,0.682,-0.12],"_shiftlockState":true,"_pose":"Jumping","_animationQueue":[["walk",0.1],["jump",0.1]],"_animationSpeed":1,"_zoom":16.125},{"_mousePosition":[683,384],"_rootPartCFrame":[760.395,224.297,40.797,-0.624,0,0.782,0,1,0,-0.782,0,-0.624],"_humanoidState":5,"_cameraCFrame":[760.857,241.677,37.527,-0.766,-0.634,0.112,0,0.174,0.985,-0.643,0.754,-0.133],"_shiftlockState":true,"_pose":"FreeFall","_animationQueue":[["jump",0.1]],"_animationSpeed":1,"_zoom":16.125},{"_mousePosition":[683,384],"_rootPartCFrame":[760.219,225.064,40.598,-0.677,0,0.736,0,1,0,-0.736,0,-0.677],"_humanoidState":5,"_cameraCFrame":[760.273,242.444,37.296,-0.839,-0.536,0.094,0,0.174,0.985,-0.544,0.826,-0.146],"_shiftlockState":true,"_pose":"FreeFall","_animationQueue":[],"_animationSpeed":1,"_zoom":16.125},{"_mousePosition":[683,384],"_rootPartCFrame":[760.021,225.777,40.42,-0.76,0,0.65,0,1,0,-0.65,0,-0.76],"_humanoidState":5,"_cameraCFrame":[759.625,243.157,37.142,-0.905,-0.418,0.074,0,0.174,0.985,-0.424,0.892,-0.157],"_shiftlockState":true,"_pose":"FreeFall","_animationQueue":[],"_animationSpeed":1,"_zoom":16.125},{"_mousePosition":[683,384],"_rootPartCFrame":[759.748,226.592,40.229,-0.823,0,0.569,0,1,0,-0.569,0,-0.823],"_humanoidState":5,"_cameraCFrame":[758.893,243.972,37.04,-0.956,-0.288,0.051,0,0.174,0.985,-0.292,0.942,-0.166],"_shiftlockState":true,"_pose":"FreeFall","_animationQueue":[],"_animationSpeed":1,"_zoom":16.125},{"_mousePosition":[683,384],"_rootPartCFrame":[759.574,227.04,40.133,-0.922,0,0.386,0,1,0,-0.386,0,-0.922],"_humanoidState":5,"_cameraCFrame":[758.292,244.42,37.09,-0.987,-0.157,0.028,0,0.174,0.985,-0.159,0.972,-0.171],"_shiftlockState":true,"_pose":"FreeFall","_animationQueue":[],"_animationSpeed":1,"_zoom":16.125},{"_mousePosition":[683,384],"_rootPartCFrame":[759.326,227.589,40.036,-0.957,0,0.289,0,1,0,-0.289,0,-0.957],"_humanoidState":5,"_cameraCFrame":[757.679,244.964,37.144,-0.999,-0.035,0.006,0,0.176,0.984,-0.036,0.984,-0.175],"_shiftlockState":true,"_pose":"FreeFall","_animationQueue":[],"_animationSpeed":1,"_zoom":16.125},{"_mousePosition":[683,384],"_rootPartCFrame":[759.067,228.084,39.976,-0.986,0,0.168,0,1,0,-0.168,0,-0.986],"_humanoidState":5,"_cameraCFrame":[756.958,245.453,37.368,-0.991,0.129,-0.023,0,0.177,0.984,0.131,0.976,-0.176],"_shiftlockState":true,"_pose":"FreeFall","_animationQueue":[],"_animationSpeed":1,"_zoom":16.125},{"_mousePosition":[683,384],"_rootPartCFrame":[758.803,228.525,39.953,-1,0,0.002,0,1,0,-0.002,0,-1],"_humanoidState":5,"_cameraCFrame":[756.44,245.888,37.535,-0.974,0.224,-0.041,0,0.179,0.984,0.228,0.958,-0.175],"_shiftlockState":true,"_pose":"FreeFall","_animationQueue":[],"_animationSpeed":1,"_zoom":16.125},{"_mousePosition":[683,384],"_rootPartCFrame":[758.537,228.911,39.965,-0.995,0,-0.096,0,1,0,0.096,0,-0.995],"_humanoidState":5,"_cameraCFrame":[755.97,246.274,37.765,-0.95,0.308,-0.056,0,0.179,0.984,0.313,0.934,-0.17],"_shiftlockState":true,"_pose":"FreeFall","_animationQueue":[],"_animationSpeed":1,"_zoom":16.125},{"_mousePosition":[683,384],"_rootPartCFrame":[758.211,229.317,40.03,-0.988,0,-0.151,0,1,0,0.151,0,-0.988],"_humanoidState":5,"_cameraCFrame":[755.474,246.68,38.045,-0.921,0.383,-0.07,0,0.179,0.984,0.389,0.906,-0.165],"_shiftlockState":true,"_pose":"FreeFall","_animationQueue":[],"_animationSpeed":1,"_zoom":16.125},{"_mousePosition":[683,384],"_rootPartCFrame":[758.02,229.52,40.087,-0.956,0,-0.295,0,1,0,0.295,0,-0.956],"_humanoidState":5,"_cameraCFrame":[755.168,246.894,38.371,-0.889,0.45,-0.08,0,0.176,0.984,0.458,0.875,-0.156],"_shiftlockState":true,"_pose":"FreeFall","_animationQueue":[],"_animationSpeed":1,"_zoom":16.125},{"_mousePosition":[683,384],"_rootPartCFrame":[757.772,229.742,40.186,-0.942,0,-0.335,0,1,0,0.335,0,-0.942],"_humanoidState":5,"_cameraCFrame":[754.822,247.122,38.702,-0.855,0.512,-0.09,0,0.174,0.985,0.519,0.842,-0.148],"_shiftlockState":true,"_pose":"FreeFall","_animationQueue":[],"_animationSpeed":1,"_zoom":16.125},{"_mousePosition":[683,384],"_rootPartCFrame":[757.533,229.91,40.304,-0.916,0,-0.401,0,1,0,0.401,0,-0.916],"_humanoidState":5,"_cameraCFrame":[754.486,247.29,39.032,-0.816,0.57,-0.1,0,0.174,0.985,0.579,0.803,-0.142],"_shiftlockState":true,"_pose":"FreeFall","_animationQueue":[],"_animationSpeed":1,"_zoom":16.125},{"_mousePosition":[683,384],"_rootPartCFrame":[757.303,230.024,40.439,-0.885,0,-0.465,0,1,0,0.465,0,-0.885],"_humanoidState":5,"_cameraCFrame":[754.176,247.404,39.379,-0.774,0.623,-0.11,0,0.174,0.985,0.633,0.762,-0.134],"_shiftlockState":true,"_pose":"FreeFall","_animationQueue":[],"_animationSpeed":1,"_zoom":16.125},{"_mousePosition":[683,384],"_rootPartCFrame":[757.084,230.083,40.59,-0.851,0,-0.524,0,1,0,0.524,0,-0.851],"_humanoidState":5,"_cameraCFrame":[753.892,247.463,39.746,-0.729,0.674,-0.119,0,0.174,0.985,0.684,0.718,-0.127],"_shiftlockState":true,"_pose":"FreeFall","_animationQueue":[],"_animationSpeed":1,"_zoom":16.125},{"_mousePosition":[683,384],"_rootPartCFrame":[756.875,230.087,40.756,-0.814,0,-0.581,0,1,0,0.581,0,-0.814],"_humanoidState":5,"_cameraCFrame":[753.635,247.467,40.124,-0.683,0.72,-0.127,0,0.174,0.985,0.731,0.672,-0.119],"_shiftlockState":true,"_pose":"FreeFall","_animationQueue":[],"_animationSpeed":1,"_zoom":16.125},{"_mousePosition":[683,384],"_rootPartCFrame":[756.63,230.016,40.982,-0.794,0,-0.607,0,1,0,0.607,0,-0.794],"_humanoidState":5,"_cameraCFrame":[753.357,247.396,40.547,-0.637,0.759,-0.134,0,0.174,0.985,0.771,0.627,-0.111],"_shiftlockState":true,"_pose":"FreeFall","_animationQueue":[["fall",0.3]],"_animationSpeed":1,"_zoom":16.125},{"_mousePosition":[683,384],"_rootPartCFrame":[756.491,229.933,41.126,-0.711,0,-0.703,0,1,0,0.703,0,-0.711],"_humanoidState":5,"_cameraCFrame":[753.195,247.313,40.941,-0.577,0.805,-0.142,0,0.174,0.985,0.817,0.568,-0.1],"_shiftlockState":true,"_pose":"FreeFall","_animationQueue":[],"_animationSpeed":1,"_zoom":16.125},{"_mousePosition":[683,384],"_rootPartCFrame":[756.319,229.774,41.329,-0.68,0,-0.733,0,1,0,0.733,0,-0.68],"_humanoidState":5,"_cameraCFrame":[753.018,247.154,41.27,-0.545,0.826,-0.146,0,0.174,0.985,0.838,0.537,-0.095],"_shiftlockState":true,"_pose":"FreeFall","_animationQueue":[],"_animationSpeed":1,"_zoom":16.125},{"_mousePosition":[683,384],"_rootPartCFrame":[756.124,229.498,41.599,-0.677,0,-0.736,0,1,0,0.736,0,-0.677],"_humanoidState":5,"_cameraCFrame":[752.822,246.878,41.623,-0.524,0.839,-0.148,0,0.174,0.985,0.852,0.516,-0.091],"_shiftlockState":true,"_pose":"FreeFall","_animationQueue":[],"_animationSpeed":1,"_zoom":16.125},{"_mousePosition":[683,384],"_rootPartCFrame":[756.013,229.292,41.766,-0.606,0,-0.795,0,1,0,0.795,0,-0.606],"_humanoidState":5,"_cameraCFrame":[752.712,246.672,41.823,-0.515,0.844,-0.149,0,0.174,0.985,0.857,0.507,-0.089],"_shiftlockState":true,"_pose":"FreeFall","_animationQueue":[],"_animationSpeed":1,"_zoom":16.125},{"_mousePosition":[683,384],"_rootPartCFrame":[755.873,228.97,41.993,-0.625,0,-0.781,0,1,0,0.781,0,-0.625],"_humanoidState":5,"_cameraCFrame":[752.571,246.35,42.05,-0.515,0.844,-0.149,0,0.174,0.985,0.857,0.507,-0.089],"_shiftlockState":true,"_pose":"FreeFall","_animationQueue":[],"_animationSpeed":1,"_zoom":16.125},{"_mousePosition":[683,384],"_rootPartCFrame":[755.735,228.593,42.221,-0.625,0,-0.781,0,1,0,0.781,0,-0.625],"_humanoidState":5,"_cameraCFrame":[752.433,245.973,42.278,-0.515,0.844,-0.149,0,0.174,0.985,0.857,0.507,-0.089],"_shiftlockState":true,"_pose":"FreeFall","_animationQueue":[],"_animationSpeed":1,"_zoom":16.125},{"_mousePosition":[683,384],"_rootPartCFrame":[755.598,228.161,42.449,-0.625,0,-0.781,0,1,0,0.781,0,-0.625],"_humanoidState":5,"_cameraCFrame":[752.296,245.541,42.448,-0.53,0.835,-0.147,0,0.174,0.985,0.848,0.522,-0.092],"_shiftlockState":true,"_pose":"FreeFall","_animationQueue":[["fall",0.3]],"_animationSpeed":1,"_zoom":16.125},{"_mousePosition":[683,384],"_rootPartCFrame":[755.46,227.675,42.678,-0.638,0,-0.77,0,1,0,0.77,0,-0.638],"_humanoidState":5,"_cameraCFrame":[752.161,245.055,42.535,-0.566,0.812,-0.143,0,0.174,0.985,0.824,0.558,-0.098],"_shiftlockState":true,"_pose":"FreeFall","_animationQueue":[],"_animationSpeed":1,"_zoom":16.125},{"_mousePosition":[683,384],"_rootPartCFrame":[755.319,227.135,42.904,-0.671,0,-0.742,0,1,0,0.742,0,-0.671],"_humanoidState":5,"_cameraCFrame":[752.037,244.515,42.544,-0.619,0.773,-0.136,0,0.174,0.985,0.785,0.61,-0.108],"_shiftlockState":true,"_pose":"FreeFall","_animationQueue":[],"_animationSpeed":1,"_zoom":16.125},{"_mousePosition":[683,384],"_rootPartCFrame":[755.17,226.54,43.125,-0.718,0,-0.696,0,1,0,0.696,0,-0.718],"_humanoidState":5,"_cameraCFrame":[751.906,243.914,42.472,-0.683,0.719,-0.128,0,0.176,0.984,0.731,0.672,-0.12],"_shiftlockState":true,"_pose":"FreeFall","_animationQueue":[],"_animationSpeed":1,"_zoom":16.125},{"_mousePosition":[683,384],"_rootPartCFrame":[755.007,225.89,43.336,-0.774,0,-0.634,0,1,0,0.634,0,-0.774],"_humanoidState":5,"_cameraCFrame":[751.821,243.265,42.372,-0.75,0.652,-0.116,0,0.176,0.984,0.662,0.738,-0.132],"_shiftlockState":true,"_pose":"FreeFall","_animationQueue":[],"_animationSpeed":1,"_zoom":16.125},{"_mousePosition":[683,384],"_rootPartCFrame":[754.829,225.186,43.534,-0.831,0,-0.556,0,1,0,0.556,0,-0.831],"_humanoidState":5,"_cameraCFrame":[751.773,242.561,42.215,-0.82,0.563,-0.1,0,0.176,0.984,0.572,0.807,-0.144],"_shiftlockState":true,"_pose":"FreeFall","_animationQueue":[],"_animationSpeed":1,"_zoom":16.125},{"_mousePosition":[683,384],"_rootPartCFrame":[754.633,224.428,43.716,-0.889,0,-0.458,0,1,0,0.458,0,-0.889],"_humanoidState":5,"_cameraCFrame":[751.918,241.808,41.837,-0.918,0.39,-0.069,0,0.174,0.985,0.396,0.904,-0.159],"_shiftlockState":true,"_pose":"FreeFall","_animationQueue":[],"_animationSpeed":1,"_zoom":16.125},{"_mousePosition":[683,384],"_rootPartCFrame":[754.421,223.615,43.876,-0.963,0,-0.27,0,1,0,0.27,0,-0.963],"_humanoidState":5,"_cameraCFrame":[752.015,240.995,41.614,-0.967,0.251,-0.044,0,0.174,0.985,0.255,0.952,-0.168],"_shiftlockState":true,"_pose":"FreeFall","_animationQueue":[["fall",0.3]],"_animationSpeed":1,"_zoom":16.125},{"_mousePosition":[683,384],"_rootPartCFrame":[754.18,222.747,43.988,-0.977,0,-0.215,0,1,0,0.215,0,-0.977],"_humanoidState":7,"_cameraCFrame":[752.144,240.127,41.389,-0.994,0.104,-0.018,0,0.174,0.985,0.106,0.979,-0.173],"_shiftlockState":true,"_pose":"FreeFall","_animationQueue":[["walk",0.1],["fall",0.3],["fall",0.3]],"_animationSpeed":1,"_zoom":16.125},{"_mousePosition":[683,384],"_rootPartCFrame":[753.924,222.361,44.062,-0.995,0,-0.096,0,1,0,0.096,0,-0.995],"_humanoidState":7,"_cameraCFrame":[752.276,239.741,41.201,-0.999,-0.035,0.006,0,0.174,0.985,-0.036,0.984,-0.174],"_shiftlockState":true,"_pose":"FreeFall","_animationQueue":[],"_animationSpeed":1,"_zoom":16.125},{"_mousePosition":[683,384],"_rootPartCFrame":[753.593,222.506,44.102,-0.999,0,0.047,0,1,0,-0.047,0,-0.999],"_humanoidState":8,"_cameraCFrame":[752.327,239.886,41.053,-0.986,-0.162,0.029,0,0.174,0.985,-0.164,0.971,-0.171],"_shiftlockState":true,"_pose":"Running","_animationQueue":[["walk",0.1],["fall",0.3],["walk",0.1]],"_animationSpeed":1.103,"_zoom":16.125},{"_mousePosition":[683,384],"_rootPartCFrame":[753.327,222.601,44.098,-0.985,0,0.172,0,1,0,-0.172,0,-0.985],"_humanoidState":8,"_cameraCFrame":[752.392,239.981,40.932,-0.963,-0.264,0.047,0,0.174,0.985,-0.268,0.949,-0.167],"_shiftlockState":true,"_pose":"Running","_animationQueue":[],"_animationSpeed":1.103,"_zoom":16.125},{"_mousePosition":[683,384],"_rootPartCFrame":[753.064,222.656,44.06,-0.963,0,0.27,0,1,0,-0.27,0,-0.963],"_humanoidState":8,"_cameraCFrame":[752.363,240.036,40.833,-0.941,-0.333,0.059,0,0.174,0.985,-0.338,0.927,-0.163],"_shiftlockState":true,"_pose":"Running","_animationQueue":[],"_animationSpeed":1.103,"_zoom":16.125},{"_mousePosition":[683,384],"_rootPartCFrame":[752.806,222.686,43.992,-0.941,0,0.338,0,1,0,-0.338,0,-0.941],"_humanoidState":8,"_cameraCFrame":[752.236,240.066,40.74,-0.927,-0.37,0.065,0,0.174,0.985,-0.376,0.913,-0.161],"_shiftlockState":true,"_pose":"Running","_animationQueue":[],"_animationSpeed":1.103,"_zoom":16.125},{"_mousePosition":[683,384],"_rootPartCFrame":[752.554,222.702,43.905,-0.927,0,0.376,0,1,0,-0.376,0,-0.927],"_humanoidState":8,"_cameraCFrame":[752.017,240.082,40.647,-0.923,-0.379,0.067,0,0.174,0.985,-0.385,0.909,-0.16],"_shiftlockState":true,"_pose":"Running","_animationQueue":[["walk",0.1]],"_animationSpeed":1.103,"_zoom":16.125},{"_mousePosition":[683,384],"_rootPartCFrame":[752.306,222.711,43.806,-0.923,0,0.385,0,1,0,-0.385,0,-0.923],"_humanoidState":8,"_cameraCFrame":[751.769,240.091,40.548,-0.923,-0.379,0.067,0,0.174,0.985,-0.385,0.909,-0.16],"_shiftlockState":true,"_pose":"Running","_animationQueue":[],"_animationSpeed":1.103,"_zoom":16.125},{"_mousePosition":[683,384],"_rootPartCFrame":[752.06,222.716,43.704,-0.923,0,0.385,0,1,0,-0.385,0,-0.923],"_humanoidState":8,"_cameraCFrame":[751.523,240.096,40.446,-0.923,-0.379,0.067,0,0.174,0.985,-0.385,0.909,-0.16],"_shiftlockState":true,"_pose":"Running","_animationQueue":[],"_animationSpeed":1.103,"_zoom":16.125},{"_mousePosition":[683,384],"_rootPartCFrame":[751.814,222.719,43.602,-0.923,0,0.385,0,1,0,-0.385,0,-0.923],"_humanoidState":8,"_cameraCFrame":[751.277,240.099,40.343,-0.923,-0.379,0.067,0,0.174,0.985,-0.385,0.909,-0.16],"_shiftlockState":true,"_pose":"Running","_animationQueue":[],"_animationSpeed":1.103,"_zoom":16.125},{"_mousePosition":[683,384],"_rootPartCFrame":[751.629,222.72,43.524,-0.923,0,0.385,0,1,0,-0.385,0,-0.923],"_humanoidState":8,"_cameraCFrame":[751.092,240.1,40.266,-0.923,-0.379,0.067,0,0.174,0.985,-0.385,0.909,-0.16],"_shiftlockState":true,"_pose":"Running","_animationQueue":[],"_animationSpeed":1.103,"_zoom":16.125},{"_mousePosition":[683,384],"_rootPartCFrame":[751.322,222.721,43.396,-0.923,0,0.385,0,1,0,-0.385,0,-0.923],"_humanoidState":8,"_cameraCFrame":[750.793,240.101,40.137,-0.922,-0.382,0.067,0,0.174,0.985,-0.387,0.908,-0.16],"_shiftlockState":true,"_pose":"Running","_animationQueue":[],"_animationSpeed":1.103,"_zoom":16.125},{"_mousePosition":[683,384],"_rootPartCFrame":[751.076,222.722,43.293,-0.922,0,0.387,0,1,0,-0.387,0,-0.922],"_humanoidState":8,"_cameraCFrame":[750.522,240.102,40.038,-0.925,-0.375,0.066,0,0.174,0.985,-0.38,0.911,-0.161],"_shiftlockState":true,"_pose":"Running","_animationQueue":[],"_animationSpeed":1.103,"_zoom":16.125},{"_mousePosition":[683,384],"_rootPartCFrame":[750.83,222.722,43.19,-0.925,0,0.38,0,1,0,-0.38,0,-0.925],"_humanoidState":8,"_cameraCFrame":[750.202,240.102,39.948,-0.933,-0.354,0.062,0,0.174,0.985,-0.359,0.919,-0.162],"_shiftlockState":true,"_pose":"Running","_animationQueue":[["walk",0.1]],"_animationSpeed":1.103,"_zoom":16.125},{"_mousePosition":[683,384],"_rootPartCFrame":[750.584,222.688,43.087,-0.933,0,0.359,0,1,0,-0.359,0,-0.933],"_humanoidState":8,"_cameraCFrame":[749.834,240.068,39.871,-0.946,-0.319,0.056,0,0.174,0.985,-0.324,0.932,-0.164],"_shiftlockState":true,"_pose":"Running","_animationQueue":[],"_animationSpeed":1.103,"_zoom":16.125},{"_mousePosition":[683,384],"_rootPartCFrame":[750.338,222.6,42.984,-0.946,0,0.324,0,1,0,-0.324,0,-0.946],"_humanoidState":8,"_cameraCFrame":[749.426,239.98,39.81,-0.961,-0.271,0.048,0,0.174,0.985,-0.275,0.947,-0.167],"_shiftlockState":true,"_pose":"Running","_animationQueue":[],"_animationSpeed":1.103,"_zoom":16.125},{"_mousePosition":[683,384],"_rootPartCFrame":[750.031,223.67,42.854,-0.961,0,0.275,0,1,0,-0.275,0,-0.961],"_humanoidState":3,"_cameraCFrame":[748.928,241.05,39.742,-0.976,-0.213,0.038,0,0.174,0.985,-0.216,0.961,-0.17],"_shiftlockState":true,"_pose":"Jumping","_animationQueue":[["walk",0.1],["jump",0.1]],"_animationSpeed":1,"_zoom":16.125},{"_mousePosition":[683,384],"_rootPartCFrame":[749.778,224.465,42.772,-0.952,0,0.305,0,1,0,-0.305,0,-0.952],"_humanoidState":5,"_cameraCFrame":[748.465,241.845,39.742,-0.989,-0.147,0.026,0,0.174,0.985,-0.149,0.974,-0.172],"_shiftlockState":true,"_pose":"FreeFall","_animationQueue":[["jump",0.1]],"_animationSpeed":1,"_zoom":16.125},{"_mousePosition":[683,384],"_rootPartCFrame":[749.583,225.025,42.726,-0.97,0,0.243,0,1,0,-0.243,0,-0.97],"_humanoidState":5,"_cameraCFrame":[748.067,242.405,39.792,-0.997,-0.08,0.014,0,0.174,0.985,-0.081,0.982,-0.173],"_shiftlockState":true,"_pose":"FreeFall","_animationQueue":[],"_animationSpeed":1,"_zoom":16.125},{"_mousePosition":[683,384],"_rootPartCFrame":[749.32,225.724,42.682,-0.977,0,0.212,0,1,0,-0.212,0,-0.977],"_humanoidState":5,"_cameraCFrame":[747.614,243.104,39.855,-1,-0.015,0.003,0,0.174,0.985,-0.016,0.985,-0.174],"_shiftlockState":true,"_pose":"FreeFall","_animationQueue":[],"_animationSpeed":1,"_zoom":16.125},{"_mousePosition":[683,384],"_rootPartCFrame":[749.055,226.369,42.657,-0.989,0,0.148,0,1,0,-0.148,0,-0.989],"_humanoidState":5,"_cameraCFrame":[747.18,243.749,39.939,-0.999,0.044,-0.008,0,0.174,0.985,0.045,0.984,-0.173],"_shiftlockState":true,"_pose":"FreeFall","_animationQueue":[],"_animationSpeed":1,"_zoom":16.125},{"_mousePosition":[683,384],"_rootPartCFrame":[748.788,226.96,42.65,-0.996,0,0.088,0,1,0,-0.088,0,-0.996],"_humanoidState":5,"_cameraCFrame":[746.766,244.34,40.04,-0.995,0.099,-0.017,0,0.174,0.985,0.101,0.98,-0.173],"_shiftlockState":true,"_pose":"FreeFall","_animationQueue":[],"_animationSpeed":1,"_zoom":16.125},{"_mousePosition":[683,384],"_rootPartCFrame":[748.522,227.495,42.659,-0.999,0,0.033,0,1,0,-0.033,0,-0.999],"_humanoidState":5,"_cameraCFrame":[746.357,244.875,40.166,-0.988,0.153,-0.027,0,0.174,0.985,0.156,0.973,-0.172],"_shiftlockState":true,"_pose":"FreeFall","_animationQueue":[],"_animationSpeed":1,"_zoom":16.125},{"_mousePosition":[683,384],"_rootPartCFrame":[748.256,227.977,42.684,-1,0,-0.023,0,1,0,0.023,0,-1],"_humanoidState":5,"_cameraCFrame":[745.891,245.357,40.38,-0.971,0.234,-0.041,0,0.174,0.985,0.238,0.957,-0.169],"_shiftlockState":true,"_pose":"FreeFall","_animationQueue":[],"_animationSpeed":1,"_zoom":16.125},{"_mousePosition":[683,384],"_rootPartCFrame":[747.993,228.404,42.723,-0.994,0,-0.106,0,1,0,0.106,0,-0.994],"_humanoidState":5,"_cameraCFrame":[745.503,245.784,40.554,-0.957,0.287,-0.051,0,0.174,0.985,0.291,0.942,-0.166],"_shiftlockState":true,"_pose":"FreeFall","_animationQueue":[],"_animationSpeed":1,"_zoom":16.125},{"_mousePosition":[683,384],"_rootPartCFrame":[747.733,228.776,42.781,-0.987,0,-0.162,0,1,0,0.162,0,-0.987],"_humanoidState":5,"_cameraCFrame":[745.131,246.156,40.748,-0.94,0.337,-0.059,0,0.174,0.985,0.342,0.926,-0.163],"_shiftlockState":true,"_pose":"FreeFall","_animationQueue":[],"_animationSpeed":1,"_zoom":16.125},{"_mousePosition":[683,384],"_rootPartCFrame":[747.477,229.094,42.857,-0.977,0,-0.214,0,1,0,0.214,0,-0.977],"_humanoidState":5,"_cameraCFrame":[744.776,246.474,40.958,-0.921,0.383,-0.068,0,0.174,0.985,0.389,0.907,-0.16],"_shiftlockState":true,"_pose":"FreeFall","_animationQueue":[],"_animationSpeed":1,"_zoom":16.125},{"_mo