[{"_mousePosition":[762,353],"_rootPartCFrame":[776.035,222.7,47.142,-0.002,0,1,0,1,0,-1,0,-0.002],"_humanoidState":8,"_cameraCFrame":[777.913,233.78,34.309,-0.989,-0.086,0.116,0,0.804,0.594,-0.145,0.588,-0.796],"_shiftlockState":false,"_pose":"Standing","_animationQueue":[],"_animationSpeed":1,"_zoom":16.125},{"_mousePosition":[762,353],"_rootPartCFrame":[775.791,222.7,47.107,0.019,0,1,0,1,0,-1,0,0.019],"_humanoidState":8,"_cameraCFrame":[777.669,233.78,34.273,-0.989,-0.086,0.116,0,0.804,0.594,-0.145,0.588,-0.796],"_shiftlockState":false,"_pose":"Standing","_animationQueue":[],"_animationSpeed":1,"_zoom":16.125},{"_mousePosition":[762,353],"_rootPartCFrame":[775.528,222.7,47.068,0.036,0,0.999,0,1,0,-0.999,0,0.036],"_humanoidState":8,"_cameraCFrame":[777.406,233.78,34.235,-0.989,-0.086,0.116,0,0.804,0.594,-0.145,0.588,-0.796],"_shiftlockState":false,"_pose":"Running","_animationQueue":[["walk",0.1]],"_animationSpeed":1.066,"_zoom":16.125},{"_mousePosition":[762,353],"_rootPartCFrame":[775.264,222.7,47.03,0.051,0,0.999,0,1,0,-0.999,0,0.051],"_humanoidState":8,"_cameraCFrame":[777.272,233.78,34.216,-0.988,-0.092,0.125,0,0.804,0.594,-0.155,0.587,-0.795],"_shiftlockState":false,"_pose":"Running","_animationQueue":[],"_animationSpeed":1.066,"_zoom":16.125},{"_mousePosition":[762,353],"_rootPartCFrame":[775,222.7,46.991,0.063,0,0.998,0,1,0,-0.998,0,0.063],"_humanoidState":8,"_cameraCFrame":[777.167,233.806,34.222,-0.986,-0.1,0.134,0,0.803,0.596,-0.167,0.587,-0.792],"_shiftlockState":false,"_pose":"Running","_animationQueue":[["walk",0.1]],"_animationSpeed":1.066,"_zoom":16.125},{"_mousePosition":[762,353],"_rootPartCFrame":[774.868,222.7,46.97,0.07,0,0.998,0,1,0,-0.998,0,0.07],"_humanoidState":8,"_cameraCFrame":[777.379,233.881,34.322,-0.981,-0.117,0.156,0,0.8,0.6,-0.195,0.589,-0.784],"_shiftlockState":false,"_pose":"Running","_animationQueue":[],"_animationSpeed":1.066,"_zoom":16.125},{"_mousePosition":[762,353],"_rootPartCFrame":[774.474,222.7,46.904,0.089,0,0.996,0,1,0,-0.996,0,0.089],"_humanoidState":8,"_cameraCFrame":[777.449,233.956,34.415,-0.973,-0.14,0.185,0,0.796,0.605,-0.232,0.589,-0.774],"_shiftlockState":false,"_pose":"Running","_animationQueue":[],"_animationSpeed":1.066,"_zoom":16.125},{"_mousePosition":[762,353],"_rootPartCFrame":[774.212,222.7,46.852,0.103,0,0.995,0,1,0,-0.995,0,0.103],"_humanoidState":8,"_cameraCFrame":[778.165,234.18,34.82,-0.95,-0.193,0.245,0,0.785,0.619,-0.312,0.588,-0.746],"_shiftlockState":false,"_pose":"Running","_animationQueue":[],"_animationSpeed":1.066,"_zoom":16.125},{"_mousePosition":[762,353],"_rootPartCFrame":[773.953,222.7,46.791,0.12,0,0.993,0,1,0,-0.993,0,0.12],"_humanoidState":8,"_cameraCFrame":[778.622,234.303,35.124,-0.928,-0.233,0.29,0,0.779,0.627,-0.372,0.582,-0.724],"_shiftlockState":false,"_pose":"Running","_animationQueue":[],"_animationSpeed":1.066,"_zoom":16.125},{"_mousePosition":[762,353],"_rootPartCFrame":[773.699,222.7,46.71,0.145,0,0.989,0,1,0,-0.989,0,0.145],"_humanoidState":8,"_cameraCFrame":[779.026,234.425,35.437,-0.904,-0.271,0.33,0,0.773,0.634,-0.427,0.573,-0.699],"_shiftlockState":false,"_pose":"Running","_animationQueue":[],"_animationSpeed":1.066,"_zoom":16.125},{"_mousePosition":[762,353],"_rootPartCFrame":[773.451,222.7,46.612,0.176,0,0.984,0,1,0,-0.984,0,0.176],"_humanoidState":8,"_cameraCFrame":[779.358,234.522,35.723,-0.879,-0.305,0.366,0,0.768,0.64,-0.477,0.563,-0.675],"_shiftlockState":false,"_pose":"Running","_animationQueue":[],"_animationSpeed":1.066,"_zoom":16.125},{"_mousePosition":[762,353],"_rootPartCFrame":[773.209,222.7,46.5,0.21,0,0.978,0,1,0,-0.978,0,0.21],"_humanoidState":8,"_cameraCFrame":[779.548,234.594,35.927,-0.858,-0.331,0.393,0,0.765,0.645,-0.514,0.553,-0.656],"_shiftlockState":false,"_pose":"Running","_animationQueue":[["walk",0.1]],"_animationSpeed":1.066,"_zoom":16.125},{"_mousePosition":[762,353],"_rootPartCFrame":[772.974,222.7,46.373,0.247,0,0.969,0,1,0,-0.969,0,0.247],"_humanoidState":8,"_cameraCFrame":[779.568,234.618,35.981,-0.844,-0.346,0.409,0,0.763,0.646,-0.536,0.546,-0.644],"_shiftlockState":false,"_pose":"Running","_animationQueue":[],"_animationSpeed":1.066,"_zoom":16.125},{"_mousePosition":[762,353],"_rootPartCFrame":[772.745,222.7,46.237,0.284,0,0.959,0,1,0,-0.959,0,0.284],"_humanoidState":8,"_cameraCFrame":[779.339,234.618,35.845,-0.844,-0.346,0.409,0,0.763,0.646,-0.536,0.546,-0.644],"_shiftlockState":false,"_pose":"Running","_animationQueue":[],"_animationSpeed":1.066,"_zoom":16.125},{"_mousePosition":[762,353],"_rootPartCFrame":[772.52,222.7,46.095,0.319,0,0.948,0,1,0,-0.948,0,0.319],"_humanoidState":8,"_cameraCFrame":[779.114,234.618,35.703,-0.844,-0.346,0.409,0,0.763,0.646,-0.536,0.546,-0.644],"_shiftlockState":false,"_pose":"Running","_animationQueue":[],"_animationSpeed":1.066,"_zoom":16.125},{"_mousePosition":[762,353],"_rootPartCFrame":[772.294,222.7,45.952,0.35,0,0.937,0,1,0,-0.937,0,0.35],"_humanoidState":8,"_cameraCFrame":[778.941,234.618,35.593,-0.842,-0.349,0.412,0,0.763,0.646,-0.54,0.544,-0.642],"_shiftlockState":false,"_pose":"Running","_animationQueue":[],"_animationSpeed":1.066,"_zoom":16.125},{"_mousePosition":[762,353],"_rootPartCFrame":[772.069,222.7,45.809,0.376,0,0.927,0,1,0,-0.927,0,0.376],"_humanoidState":8,"_cameraCFrame":[778.689,234.618,35.434,-0.843,-0.348,0.411,0,0.763,0.646,-0.538,0.545,-0.643],"_shiftlockState":false,"_pose":"Running","_animationQueue":[],"_animationSpeed":1.066,"_zoom":16.125},{"_mousePosition":[762,353],"_rootPartCFrame":[771.845,222.7,45.665,0.399,0,0.917,0,1,0,-0.917,0,0.399],"_humanoidState":8,"_cameraCFrame":[778.322,234.642,35.224,-0.85,-0.341,0.402,0,0.762,0.648,-0.527,0.55,-0.648],"_shiftlockState":false,"_pose":"Running","_animationQueue":[["walk",0.1]],"_animationSpeed":1.066,"_zoom":16.125},{"_mousePosition":[762,353],"_rootPartCFrame":[771.62,222.7,45.522,0.419,0,0.908,0,1,0,-0.908,0,0.419],"_humanoidState":8,"_cameraCFrame":[776.116,234.714,34.019,-0.87,-0.321,0.373,0,0.758,0.652,-0.492,0.568,-0.66],"_shiftlockState":true,"_pose":"Running","_animationQueue":[],"_animationSpeed":1.066,"_zoom":16.125},{"_mousePosition":[683,384],"_rootPartCFrame":[771.394,222.7,45.381,-0.899,0,0.438,0,1,0,-0.438,0,-0.899],"_humanoidState":8,"_cameraCFrame":[775.89,234.714,33.878,-0.87,-0.321,0.373,0,0.758,0.652,-0.492,0.568,-0.66],"_shiftlockState":true,"_pose":"Running","_animationQueue":[],"_animationSpeed":1.066,"_zoom":16.125},{"_mousePosition":[683,384],"_rootPartCFrame":[771.162,222.7,45.248,-0.883,0,0.469,0,1,0,-0.469,0,-0.883],"_humanoidState":8,"_cameraCFrame":[774.687,234.785,33.475,-0.907,-0.276,0.317,0,0.754,0.656,-0.42,0.596,-0.684],"_shiftlockState":true,"_pose":"Running","_animationQueue":[],"_animationSpeed":1.066,"_zoom":16.125},{"_mousePosition":[683,384],"_rootPartCFrame":[770.93,222.7,45.117,-0.909,0,0.418,0,1,0,-0.418,0,-0.909],"_humanoidState":8,"_cameraCFrame":[773.659,234.832,33.176,-0.933,-0.237,0.27,0,0.752,0.659,-0.36,0.615,-0.701],"_shiftlockState":true,"_pose":"Running","_animationQueue":[],"_animationSpeed":1.066,"_zoom":16.125},{"_mousePosition":[683,384],"_rootPartCFrame":[770.69,222.7,45.002,-0.933,0,0.359,0,1,0,-0.359,0,-0.933],"_humanoidState":8,"_cameraCFrame":[772.523,234.879,32.933,-0.957,-0.192,0.218,0,0.749,0.662,-0.29,0.634,-0.717],"_shiftlockState":true,"_pose":"Running","_animationQueue":[],"_animationSpeed":1.066,"_zoom":16.125},{"_mousePosition":[683,384],"_rootPartCFrame":[770.442,222.7,44.903,-0.957,0,0.29,0,1,0,-0.29,0,-0.957],"_humanoidState":8,"_cameraCFrame":[771.376,234.926,32.773,-0.976,-0.146,0.164,0,0.747,0.665,-0.219,0.649,-0.728],"_shiftlockState":true,"_pose":"Running","_animationQueue":[],"_animationSpeed":1.066,"_zoom":16.125},{"_mousePosition":[683,384],"_rootPartCFrame":[770.188,222.7,44.823,-0.976,0,0.219,0,1,0,-0.219,0,-0.976],"_humanoidState":8,"_cameraCFrame":[770.224,234.973,32.699,-0.989,-0.098,0.11,0,0.744,0.668,-0.147,0.661,-0.736],"_shiftlockState":true,"_pose":"Running","_animationQueue":[["walk",0.1]],"_animationSpeed":1.066,"_zoom":16.125},{"_mousePosition":[683,384],"_rootPartCFrame":[769.928,222.7,44.762,-0.989,0,0.147,0,1,0,-0.147,0,-0.989],"_humanoidState":8,"_cameraCFrame":[769.164,235.02,32.703,-0.997,-0.055,0.061,0,0.741,0.671,-0.082,0.669,-0.739],"_shiftlockState":true,"_pose":"Running","_animationQueue":[],"_animationSpeed":1.066,"_zoom":16.125},{"_mousePosition":[683,384],"_rootPartCFrame":[769.668,222.666,44.703,-0.997,0,0.082,0,1,0,-0.082,0,-0.997],"_humanoidState":8,"_cameraCFrame":[768.233,235.032,32.748,-1,-0.018,0.019,0,0.739,0.674,-0.026,0.674,-0.739],"_shiftlockState":true,"_pose":"Running","_animationQueue":[],"_animationSpeed":1.066,"_zoom":16.125},{"_mousePosition":[683,384],"_rootPartCFrame":[769.408,223.528,44.645,-1,0,0.026,0,1,0,-0.026,0,-1],"_humanoidState":3,"_cameraCFrame":[767.46,235.919,32.783,-1,0.011,-0.012,0,0.737,0.675,0.017,0.675,-0.737],"_shiftlockState":true,"_pose":"Jumping","_animationQueue":[["walk",0.1],["jump",0.1]],"_animationSpeed":1,"_zoom":16.125},{"_mousePosition":[683,384],"_rootPartCFrame":[769.144,224.337,44.611,-0.997,0,0.075,0,1,0,-0.075,0,-0.997],"_humanoidState":5,"_cameraCFrame":[766.808,236.75,32.841,-0.999,0.034,-0.036,0,0.736,0.677,0.05,0.676,-0.735],"_shiftlockState":true,"_pose":"FreeFall","_animationQueue":[["jump",0.1]],"_animationSpeed":1,"_zoom":16.125},{"_mousePosition":[683,384],"_rootPartCFrame":[768.878,225.091,44.61,-0.997,0,0.079,0,1,0,-0.079,0,-0.997],"_humanoidState":5,"_cameraCFrame":[766.132,237.573,32.994,-0.996,0.058,-0.062,0,0.732,0.681,0.085,0.679,-0.73],"_shiftlockState":true,"_pose":"FreeFall","_animationQueue":[],"_animationSpeed":1,"_zoom":16.125},{"_mousePosition":[683,384],"_rootPartCFrame":[768.612,225.79,44.622,-0.999,0,0.048,0,1,0,-0.048,0,-0.999],"_humanoidState":5,"_cameraCFrame":[765.692,238.296,33.07,-0.995,0.068,-0.073,0,0.731,0.683,0.1,0.679,-0.727],"_shiftlockState":true,"_pose":"FreeFall","_animationQueue":[],"_animationSpeed":1,"_zoom":16.125},{"_mousePosition":[683,384],"_rootPartCFrame":[768.346,226.435,44.643,-0.999,0,0.033,0,1,0,-0.033,0,-0.999],"_humanoidState":5,"_cameraCFrame":[765.341,238.963,33.135,-0.994,0.074,-0.078,0,0.73,0.684,0.108,0.68,-0.725],"_shiftlockState":true,"_pose":"FreeFall","_animationQueue":[],"_animationSpeed":1,"_zoom":16.125},{"_mousePosition":[683,384],"_rootPartCFrame":[768.081,227.025,44.669,-1,0,0.025,0,1,0,-0.025,0,-1],"_humanoidState":5,"_cameraCFrame":[764.88,239.622,33.281,-0.992,0.086,-0.091,0,0.726,0.688,0.125,0.683,-0.72],"_shiftlockState":true,"_pose":"FreeFall","_animationQueue":[],"_animationSpeed":1,"_zoom":16.125},{"_mousePosition":[683,384],"_rootPartCFrame":[767.815,227.561,44.697,-1,0,0.008,0,1,0,-0.008,0,-1],"_humanoidState":5,"_cameraCFrame":[764.477,240.204,33.393,-0.99,0.095,-0.1,0,0.723,0.691,0.138,0.684,-0.716],"_shiftlockState":true,"_pose":"FreeFall","_animationQueue":[],"_animationSpeed":1,"_zoom":16.125},{"_mousePosition":[683,384],"_rootPartCFrame":[767.551,228.043,44.73,-1,0,-0.005,0,1,0,0.005,0,-1],"_humanoidState":5,"_cameraCFrame":[764.13,240.708,33.473,-0.989,0.101,-0.105,0,0.722,0.692,0.145,0.685,-0.714],"_shiftlockState":true,"_pose":"FreeFall","_animationQueue":[],"_animationSpeed":1,"_zoom":16.125},{"_mousePosition":[683,384],"_rootPartCFrame":[767.287,228.47,44.766,-1,0,-0.012,0,1,0,0.012,0,-1],"_humanoidState":5,"_cameraCFrame":[763.866,241.135,33.509,-0.989,0.101,-0.105,0,0.722,0.692,0.145,0.685,-0.714],"_shiftlockState":true,"_pose":"FreeFall","_animationQueue":[],"_animationSpeed":1,"_zoom":16.125},{"_mousePosition":[683,384],"_rootPartCFrame":[767.023,228.842,44.805,-1,0,-0.012,0,1,0,0.012,0,-1],"_humanoidState":5,"_cameraCFrame":[763.602,241.507,33.548,-0.989,0.101,-0.105,0,0.722,0.692,0.145,0.685,-0.714],"_shiftlockState":true,"_pose":"FreeFall","_animationQueue":[],"_animationSpeed":1,"_zoom":16.125},{"_mousePosition":[683,384],"_rootPartCFrame":[766.759,229.16,44.843,-1,0,-0.012,0,1,0,0.012,0,-1],"_humanoidState":5,"_cameraCFrame":[763.341,241.848,33.608,-0.989,0.101,-0.105,0,0.72,0.694,0.145,0.686,-0.713],"_shiftlockState":true,"_pose":"FreeFall","_animationQueue":[],"_animationSpeed":1,"_zoom":16.125},{"_mousePosition":[683,384],"_rootPartCFrame":[766.495,229.423,44.882,-1,0,-0.012,0,1,0,0.012,0,-1],"_humanoidState":5,"_cameraCFrame":[763.137,242.134,33.651,-0.99,0.097,-0.101,0,0.719,0.695,0.14,0.688,-0.712],"_shiftlockState":true,"_pose":"FreeFall","_animationQueue":[],"_animationSpeed":1,"_zoom":16.125},{"_mousePosition":[683,384],"_rootPartCFrame":[766.231,229.632,44.921,-1,0,-0.007,0,1,0,0.007,0,-1],"_humanoidState":5,"_cameraCFrame":[762.933,242.365,33.695,-0.991,0.094,-0.097,0,0.717,0.697,0.135,0.69,-0.711],"_shiftlockState":true,"_pose":"FreeFall","_animationQueue":[],"_animationSpeed":1,"_zoom":16.125},{"_mousePosition":[683,384],"_rootPartCFrame":[765.967,229.787,44.958,-1,0,-0.002,0,1,0,0.002,0,-1],"_humanoidState":5,"_cameraCFrame":[762.76,242.565,33.751,-0.992,0.089,-0.091,0,0.715,0.699,0.128,0.694,-0.709],"_shiftlockState":true,"_pose":"FreeFall","_animationQueue":[],"_animationSpeed":1,"_zoom":16.125},{"_mousePosition":[683,384],"_rootPartCFrame":[765.703,229.887,44.995,-1,0,0.005,0,1,0,-0.005,0,-1],"_humanoidState":5,"_cameraCFrame":[762.757,242.709,33.761,-0.994,0.074,-0.075,0,0.712,0.702,0.105,0.698,-0.708],"_shiftlockState":true,"_pose":"FreeFall","_animationQueue":[],"_animationSpeed":1,"_zoom":16.125},{"_mousePosition":[683,384],"_rootPartCFrame":[765.391,229.935,45.072,-0.999,0,0.032,0,1,0,-0.032,0,-0.999],"_humanoidState":5,"_cameraCFrame":[762.559,242.758,33.809,-0.995,0.067,-0.068,0,0.712,0.702,0.095,0.699,-0.709],"_shiftlockState":true,"_pose":"FreeFall","_animationQueue":[],"_animationSpeed":1,"_zoom":16.125},{"_mousePosition":[683,384],"_rootPartCFrame":[765.219,229.923,45.144,-1,0,-0.017,0,1,0,0.017,0,-1],"_humanoidState":5,"_cameraCFrame":[762.644,242.746,33.82,-0.997,0.051,-0.051,0,0.712,0.702,0.072,0.7,-0.71],"_shiftlockState":true,"_pose":"FreeFall","_animationQueue":[],"_animationSpeed":1,"_zoom":16.125},{"_mousePosition":[683,384],"_rootPartCFrame":[765.006,229.859,45.271,-1,0,0.03,0,1,0,-0.03,0,-1],"_humanoidState":5,"_cameraCFrame":[762.776,242.682,33.874,-0.999,0.029,-0.03,0,0.712,0.702,0.042,0.702,-0.711],"_shiftlockState":true,"_pose":"FreeFall","_animationQueue":[["fall",0.3]],"_animationSpeed":1,"_zoom":16.125},{"_mousePosition":[683,384],"_rootPartCFrame":[764.812,229.741,45.433,-0.998,0,0.059,0,1,0,-0.059,0,-0.998],"_humanoidState":5,"_cameraCFrame":[762.755,242.564,34.003,-1,0.019,-0.019,0,0.712,0.702,0.027,0.702,-0.712],"_shiftlockState":true,"_pose":"FreeFall","_animationQueue":[],"_animationSpeed":1,"_zoom":16.125},{"_mousePosition":[683,384],"_rootPartCFrame":[764.633,229.585,45.513,-1,-0.006,-0.019,-0.006,1,-0.001,0.019,-0.001,-1],"_humanoidState":5,"_cameraCFrame":[762.683,242.408,34.062,-1,0.012,-0.012,0,0.712,0.702,0.017,0.702,-0.712],"_shiftlockState":true,"_pose":"FreeFall","_animationQueue":[],"_animationSpeed":1,"_zoom":16.125},{"_mousePosition":[683,384],"_rootPartCFrame":[764.452,229.392,45.504,-0.999,-0.004,0.033,-0.005,1,-0.009,-0.033,-0.009,-0.999],"_humanoidState":5,"_cameraCFrame":[762.533,242.215,34.035,-1,0.01,-0.01,0,0.712,0.702,0.014,0.702,-0.712],"_shiftlockState":true,"_pose":"FreeFall","_animationQueue":[],"_animationSpeed":1,"_zoom":16.125},{"_mousePosition":[683,384],"_rootPartCFrame":[764.242,229.152,45.465,-0.998,-0.003,0.059,-0.003,1,-0.008,-0.059,-0.008,-0.998],"_humanoidState":5,"_cameraCFrame":[762.326,241.975,33.998,-1,0.01,-0.01,0,0.712,0.702,0.014,0.702,-0.712],"_shiftlockState":true,"_pose":"FreeFall","_animationQueue":[],"_animationSpeed":1,"_zoom":16.125},{"_mousePosition":[683,384],"_rootPartCFrame":[764.022,228.864,45.424,-0.997,-0.003,0.073,-0.003,1,0.001,-0.073,0.001,-0.997],"_humanoidState":5,"_cameraCFrame":[762.106,241.687,33.971,-1,0.01,-0.01,0,0.712,0.702,0.014,0.702,-0.712],"_shiftlockState":true,"_pose":"FreeFall","_animationQueue":[],"_animationSpeed":1,"_zoom":16.125},{"_mousePosition":[683,384],"_rootPartCFrame":[763.784,228.521,45.409,-0.994,-0.001,0.108,-0.001,1,0.002,-0.108,0.002,-0.994],"_humanoidState":5,"_cameraCFrame":[761.871,241.344,33.956,-1,0.01,-0.01,0,0.712,0.702,0.014,0.702,-0.712],"_shiftlockState":true,"_pose":"FreeFall","_animationQueue":[],"_animationSpeed":1,"_zoom":16.125},{"_mousePosition":[683,384],"_rootPartCFrame":[763.521,228.124,45.411,-0.993,0,0.118,0,1,0.001,-0.118,0.001,-0.993],"_humanoidState":5,"_cameraCFrame":[761.609,240.969,33.979,-1,0.01,-0.01,0,0.711,0.704,0.014,0.704,-0.711],"_shiftlockState":true,"_pose":"FreeFall","_animationQueue":[["fall",0.3]],"_animationSpeed":1,"_zoom":16.125},{"_mousePosition":[683,384],"_rootPartCFrame":[763.254,227.672,45.414,-0.993,0,0.119,0,1,0,-0.119,0,-0.993],"_humanoidState":5,"_cameraCFrame":[761.343,240.518,33.981,-1,0.01,-0.01,0,0.711,0.704,0.014,0.704,-0.711],"_shiftlockState":true,"_pose":"FreeFall","_animationQueue":[],"_animationSpeed":1,"_zoom":16.125},{"_mousePosition":[683,384],"_rootPartCFrame":[762.988,227.166,45.418,-0.993,0,0.119,0,1,0,-0.119,0,-0.993],"_humanoidState":5,"_cameraCFrame":[761.018,240.011,33.995,-1,0.013,-0.014,0,0.711,0.704,0.019,0.703,-0.71],"_shiftlockState":true,"_pose":"FreeFall","_animationQueue":[],"_animationSpeed":1,"_zoom":16.125},{"_mousePosition":[683,384],"_rootPartCFrame":[762.721,226.605,45.422,-0.994,0,0.114,0,1,0,-0.114,0,-0.994],"_humanoidState":5,"_cameraCFrame":[760.608,239.473,34.046,-0.999,0.022,-0.023,0,0.709,0.705,0.032,0.705,-0.709],"_shiftlockState":true,"_pose":"FreeFall","_animationQueue":[],"_animationSpeed":1,"_zoom":16.125},{"_mousePosition":[683,384],"_rootPartCFrame":[762.454,225.99,45.427,-0.995,0,0.101,0,1,0,-0.101,0,-0.995],"_humanoidState":5,"_cameraCFrame":[760.313,238.88,34.079,-0.999,0.024,-0.024,0,0.708,0.706,0.034,0.706,-0.707],"_shiftlockState":true,"_pose":"FreeFall","_animationQueue":[],"_animationSpeed":1,"_zoom":16.125},{"_mousePosition":[683,384],"_rootPartCFrame":[762.213,226.056,45.431,-1,0,0.007,0,1,0,-0.007,0,-1],"_humanoidState":12,"_cameraCFrame":[759.986,238.968,34.122,-0.999,0.03,-0.03,0,0.706,0.708,0.042,0.707,-0.706],"_shiftlockState":true,"_pose":"Climbing","_animationQueue":[["walk",0.1],["fall",0.3],["climb",0.1],["climb",0]],"_animationSpeed":-3.178,"_zoom":16.125},{"_mousePosition":[683,384],"_rootPartCFrame":[762.011,226.24,45.435,-0.999,0,-0.037,0,1,0,0.037,0,-0.999],"_humanoidState":12,"_cameraCFrame":[759.728,239.174,34.16,-0.999,0.033,-0.033,0,0.705,0.709,0.047,0.708,-0.704],"_shiftlockState":true,"_pose":"Climbing","_animationQueue":[["climb",0.1]],"_animationSpeed":0.852,"_zoom":16.125},{"_mousePosition":[683,384],"_rootPartCFrame":[761.799,226.393,45.441,-0.999,0,-0.046,0,1,0,0.046,0,-0.999],"_humanoidState":8,"_cameraCFrame":[759.516,239.327,34.166,-0.999,0.033,-0.033,0,0.705,0.709,0.047,0.708,-0.704],"_shiftlockState":true,"_pose":"Running","_animationQueue":[["walk",0.1],["walk",0.1]],"_animationSpeed":0.775,"_zoom":16.125},{"_mousePosition":[683,384],"_rootPartCFrame":[761.614,226.471,45.448,-1,0,0.016,0,1,0,-0.016,0,-1],"_humanoidState":5,"_cameraCFrame":[759.331,239.405,34.173,-0.999,0.033,-0.033,0,0.705,0.709,0.047,0.708,-0.704],"_shiftlockState":true,"_pose":"FreeFall","_animationQueue":[["walk",0.1],["fall",0.3]],"_animationSpeed":1,"_zoom":16.125},{"_mousePosition":[683,384],"_rootPartCFrame":[761.282,226.534,45.464,-0.994,0,0.111,0,1,0,-0.111,0,-0.994],"_humanoidState":5,"_cameraCFrame":[759,239.468,34.189,-0.999,0.033,-0.033,0,0.705,0.709,0.047,0.708,-0.704],"_shiftlockState":true,"_pose":"FreeFall","_animationQueue":[],"_animationSpeed":1,"_zoom":16.125},{"_mousePosition":[683,384],"_rootPartCFrame":[761.016,226.522,45.476,-0.996,0,0.086,0,1,0,-0.086,0,-0.996],"_humanoidState":5,"_cameraCFrame":[758.733,239.456,34.201,-0.999,0.033,-0.033,0,0.705,0.709,0.047,0.708,-0.704],"_shiftlockState":true,"_pose":"FreeFall","_animationQueue":[],"_animationSpeed":1,"_zoom":16.125},{"_mousePosition":[683,384],"_rootPartCFrame":[760.816,226.478,45.486,-0.999,0,0.053,0,1,0,-0.053,0,-0.999],"_humanoidState":5,"_cameraCFrame":[758.534,239.412,34.211,-0.999,0.033,-0.033,0,0.705,0.709,0.047,0.708,-0.704],"_shiftlockState":true,"_pose":"FreeFall","_animationQueue":[],"_animationSpeed":1,"_zoom":16.125},{"_mousePosition":[683,384],"_rootPartCFrame":[760.495,226.341,45.447,-0.998,-0.002,0.07,-0.002,1,0,-0.07,0,-0.998],"_humanoidState":5,"_cameraCFrame":[758.21,239.275,34.172,-0.999,0.033,-0.033,0,0.705,0.709,0.047,0.708,-0.704],"_shiftlockState":true,"_pose":"FreeFall","_animationQueue":[],"_animationSpeed":1,"_zoom":16.125},{"_mousePosition":[683,384],"_rootPartCFrame":[760.246,226.175,45.4,-0.998,-0.001,0.064,-0.001,1,0,-0.064,0,-0.998],"_humanoidState":5,"_cameraCFrame":[757.962,239.109,34.124,-0.999,0.033,-0.033,0,0.705,0.709,0.047,0.708,-0.704],"_shiftlockState":true,"_pose":"FreeFall","_animationQueue":[["fall",0.3]],"_animationSpeed":1,"_zoom":16.125},{"_mousePosition":[683,384],"_rootPartCFrame":[760.053,226.015,45.389,-0.999,-0.001,0.051,-0.001,1,0,-0.051,0,-0.999],"_humanoidState":5,"_cameraCFrame":[757.769,238.949,34.114,-0.999,0.033,-0.033,0,0.705,0.709,0.047,0.708,-0.704],"_shiftlockState":true,"_pose":"FreeFall","_animationQueue":[],"_animationSpeed":1,"_zoom":16.125},{"_mousePosition":[683,384],"_rootPartCFrame":[759.763,226.187,45.383,-1,0,-0.004,0,1,0,0.004,0,-1],"_humanoidState":12,"_cameraCFrame":[757.481,239.121,34.108,-0.999,0.033,-0.033,0,0.705,0.709,0.047,0.708,-0.704],"_shiftlockState":true,"_pose":"Climbing","_animationQueue":[["walk",0.1],["fall",0.3],["climb",0.1],["climb",0]],"_animationSpeed":-1.136,"_zoom":16.125},{"_mousePosition":[683,384],"_rootPartCFrame":[759.528,226.336,45.386,-0.999,0,-0.044,0,1,0,0.044,0,-0.999],"_humanoidState":8,"_cameraCFrame":[757.218,239.292,34.139,-0.999,0.035,-0.035,0,0.704,0.71,0.05,0.71,-0.703],"_shiftlockState":true,"_pose":"Running","_animationQueue":[["walk",0.1],["climb",0.1],["walk",0.1],["walk",0.1]],"_animationSpeed":0.876,"_zoom":16.125},{"_mousePosition":[683,384],"_rootPartCFrame":[759.264,226.431,45.398,-0.999,0,0.043,0,1,0,-0.043,0,-0.999],"_humanoidState":5,"_cameraCFrame":[756.928,239.432,34.202,-0.999,0.037,-0.036,0,0.701,0.713,0.052,0.712,-0.7],"_shiftlockState":true,"_pose":"FreeFall","_animationQueue":[["walk",0.1],["fall",0.3]],"_animationSpeed":1,"_zoom":16.125},{"_mousePosition":[683,384],"_rootPartCFrame":[758.998,226.472,45.411,-0.997,0,0.076,0,1,0,-0.076,0,-0.997],"_humanoidState":5,"_cameraCFrame":[756.635,239.494,34.243,-0.999,0.039,-0.038,0,0.7,0.715,0.055,0.714,-0.699],"_shiftlockState":true,"_pose":"FreeFall","_animationQueue":[],"_animationSpeed":1,"_zoom":16.125},{"_mousePosition":[683,384],"_rootPartCFrame":[758.732,226.458,45.425,-0.997,0,0.078,0,1,0,-0.078,0,-0.997],"_humanoidState":5,"_cameraCFrame":[756.341,239.502,34.285,-0.998,0.041,-0.04,0,0.698,0.716,0.057,0.715,-0.697],"_shiftlockState":true,"_pose":"FreeFall","_animationQueue":[["fall",0.3]],"_animationSpeed":1,"_zoom":16.125},{"_mousePosition":[683,384],"_rootPartCFrame":[758.465,226.389,45.439,-0.997,0,0.076,0,1,0,-0.076,0,-0.997],"_humanoidState":5,"_cameraCFrame":[756.021,239.478,34.357,-0.998,0.045,-0.043,0,0.695,0.719,0.062,0.717,-0.694],"_shiftlockState":true,"_pose":"FreeFall","_animationQueue":[],"_animationSpeed":1,"_zoom":16.125},{"_mousePosition":[683,384],"_rootPartCFrame":[758.199,226.266,45.455,-0.997,0,0.071,0,1,0,-0.071,0,-0.997],"_humanoidState":5,"_cameraCFrame":[755.729,239.376,34.401,-0.998,0.047,-0.045,0,0.694,0.72,0.065,0.718,-0.693],"_shiftlockState":true,"_pose":"FreeFall","_animationQueue":[],"_animationSpeed":1,"_zoom":16.125},{"_mousePosition":[683,384],"_rootPartCFrame":[757.933,226.089,45.471,-0.998,0,0.068,0,1,0,-0.068,0,-0.998],"_humanoidState":5,"_cameraCFrame":[755.436,239.221,34.446,-0.998,0.048,-0.047,0,0.693,0.721,0.067,0.72,-0.691],"_shiftlockState":true,"_pose":"FreeFall","_animationQueue":[],"_animationSpeed":1,"_zoom":16.125},{"_mousePosition":[683,384],"_rootPartCFrame":[757.691,226.219,45.486,-1,0,-0.026,0,1,0,0.026,0,-1],"_humanoidState":12,"_cameraCFrame":[755.141,239.373,34.497,-0.997,0.052,-0.05,0,0.691,0.723,0.072,0.721,-0.689],"_shiftlockState":true,"_pose":"Climbing","_animationQueue":[["walk",0.1],["fall",0.3],["climb",0.1],["climb",0]],"_animationSpeed":-0.99,"_zoom":16.125},{"_mousePosition":[683,384],"_rootPartCFrame":[757.443,226.363,45.489,-0.998,0,-0.061,0,1,0,0.061,0,-0.998],"_humanoidState":8,"_cameraCFrame":[754.84,239.559,34.558,-0.997,0.056,-0.053,0,0.688,0.725,0.077,0.723,-0.686],"_shiftlockState":true,"_pose":"Running","_animationQueue":[["walk",0.1],["climb",0.1],["walk",0.1],["walk",0.1]],"_animationSpeed":0.939,"_zoom":16.125},{"_mousePosition":[683,384],"_rootPartCFrame":[757.178,226.451,45.496,-1,0,0.018,0,1,0,-0.018,0,-1],"_humanoidState":5,"_cameraCFrame":[754.494,239.669,34.608,-0.996,0.062,-0.058,0,0.687,0.727,0.085,0.724,-0.684],"_shiftlockState":true,"_pose":"FreeFall","_animationQueue":[["walk",0.1],["fall",0.3]],"_animationSpeed":1,"_zoom":16.125},{"_mousePosition":[683,384],"_rootPartCFrame":[756.912,226.484,45.492,-0.999,0,0.045,0,1,0,-0.045,0,-0.999],"_humanoidState":5,"_cameraCFrame":[754.15,239.746,34.67,-0.996,0.067,-0.063,0,0.684,0.729,0.092,0.726,-0.681],"_shiftlockState":true,"_pose":"FreeFall","_animationQueue":[["fall",0.3]],"_animationSpeed":1,"_zoom":16.125},{"_mousePosition":[683,384],"_rootPartCFrame":[756.647,226.463,45.488,-0.999,0,0.042,0,1,0,-0.042,0,-0.999],"_humanoidState":5,"_cameraCFrame":[753.832,239.746,34.702,-0.995,0.071,-0.067,0,0.683,0.731,0.097,0.727,-0.679],"_shiftlockState":true,"_pose":"FreeFall","_animationQueue":[],"_animationSpeed":1,"_zoom":16.125},{"_mousePosition":[683,384],"_rootPartCFrame":[756.381,226.388,45.485,-0.999,0,0.037,0,1,0,-0.037,0,-0.999],"_humanoidState":5,"_cameraCFrame":[753.566,239.671,34.699,-0.995,0.071,-0.067,0,0.683,0.731,0.097,0.727,-0.679],"_shiftlockState":true,"_pose":"FreeFall","_animationQueue":[],"_animationSpeed":1,"_zoom":16.125},{"_mousePosition":[683,384],"_rootPartCFrame":[756.182,226.295,45.478,-1,0,0.004,0,1,0,-0.004,0,-1],"_humanoidState":5,"_cameraCFrame":[753.367,239.578,34.693,-0.995,0.071,-0.067,0,0.683,0.731,0.097,0.727,-0.679],"_shiftlockState":true,"_pose":"FreeFall","_animationQueue":[],"_animationSpeed":1,"_zoom":16.125},{"_mousePosition":[683,384],"_rootPartCFrame":[755.858,226.073,45.459,-0.998,0,0.07,0,1,0,-0.07,0,-0.998],"_humanoidState":5,"_cameraCFrame":[753.043,239.356,34.673,-0.995,0.071,-0.067,0,0.683,0.731,0.097,0.727,-0.679],"_shiftlockState":true,"_pose":"FreeFall","_animationQueue":[],"_animationSpeed":1,"_zoom":16.125},{"_mousePosition":[683,384],"_rootPartCFrame":[755.617,226.202,45.45,-0.998,0,-0.056,0,1,0,0.056,0,-0.998],"_humanoidState":12,"_cameraCFrame":[752.803,239.485,34.665,-0.995,0.071,-0.067,0,0.683,0.731,0.097,0.727,-0.679],"_shiftlockState":true,"_pose":"Climbing","_animationQueue":[["walk",0.1],["fall",0.3],["climb",0.1],["climb",0]],"_animationSpeed":-1.025,"_zoom":16.125},{"_mousePosition":[683,384],"_rootPartCFrame":[755.437,226.315,45.455,-0.996,0,-0.091,0,1,0,0.091,0,-0.996],"_humanoidState":8,"_cameraCFrame":[752.622,239.598,34.67,-0.995,0.071,-0.067,0,0.683,0.731,0.097,0.727,-0.679],"_shiftlockState":true,"_pose":"Running","_animationQueue":[["walk",0.1],["climb",0.1],["walk",0.1],["walk",0.1]],"_animationSpeed":0.932,"_zoom":16.125},{"_mousePosition":[683,384],"_rootPartCFrame":[755.109,226.435,45.483,-1,0,0.029,0,1,0,-0.029,0,-1],"_humanoidState":5,"_cameraCFrame":[752.267,239.718,34.705,-0.995,0.073,-0.068,0,0.683,0.731,0.1,0.727,-0.679],"_shiftlockState":true,"_pose":"FreeFall","_animationQueue":[["walk",0.1],["walk",0.1],["fall",0.3]],"_animationSpeed":1,"_zoom":16.125},{"_mousePosition":[683,384],"_rootPartCFrame":[754.844,226.47,45.483,-0.999,0,0.032,0,1,0,-0.032,0,-0.999],"_humanoidState":5,"_cameraCFrame":[752.002,239.753,34.705,-0.995,0.073,-0.068,0,0.683,0.731,0.1,0.727,-0.679],"_shiftlockState":true,"_pose":"FreeFall","_animationQueue":[],"_animationSpeed":1,"_zoom":16.125},{"_mousePosition":[683,384],"_rootPartCFrame":[754.578,226.45,45.484,-0.999,0,0.034,0,1,0,-0.034,0,-0.999],"_humanoidState":5,"_cameraCFrame":[751.736,239.733,34.706,-0.995,0.073,-0.068,0,0.683,0.731,0.1,0.727,-0.679],"_shiftlockState":true,"_pose":"FreeFall","_animationQueue":[],"_animationSpeed":1,"_zoom":16.125},{"_mousePosition":[683,384],"_rootPartCFrame":[754.313,226.375,45.484,-0.999,0,0.035,0,1,0,-0.035,0,-0.999],"_humanoidState":5,"_cameraCFrame":[751.471,239.658,34.706,-0.995,0.073,-0.068,0,0.683,0.731,0.1,0.727,-0.679],"_shiftlockState":true,"_pose":"FreeFall","_animationQueue":[],"_animationSpeed":1,"_zoom":16.125},{"_mousePosition":[683,384],"_rootPartCFrame":[754.048,226.247,45.483,-0.999,0,0.035,0,1,0,-0.035,0,-0.999],"_humanoidState":5,"_cameraCFrame":[751.233,239.53,34.698,-0.995,0.071,-0.067,0,0.683,0.731,0.097,0.727,-0.679],"_shiftlockState":true,"_pose":"FreeFall","_animationQueue":[],"_animationSpeed":1,"_zoom":16.125},{"_mousePosition":[683,384],"_rootPartCFrame":[753.791,226.063,45.46,-0.999,0,0.037,0,1,0,-0.037,0,-0.999],"_humanoidState":5,"_cameraCFrame":[751.031,239.346,34.661,-0.996,0.068,-0.063,0,0.683,0.731,0.092,0.728,-0.68],"_shiftlockState":true,"_pose":"FreeFall","_animationQueue":[],"_animationSpeed":1,"_zoom":16.125},{"_mousePosition":[683,384],"_rootPartCFrame":[753.552,226.192,45.453,-0.999,0,-0.051,0,1,0,0.051,0,-0.999],"_humanoidState":12,"_cameraCFrame":[750.846,239.475,34.641,-0.996,0.064,-0.06,0,0.683,0.731,0.087,0.728,-0.68],"_shiftlockState":true,"_pose":"Climbing","_animationQueue":[["fall",0.3],["walk",0.1],["fall",0.3],["climb",0.1],["climb",0]],"_animationSpeed":-1.019,"_zoom":16.125},{"_mousePosition":[683,384],"_rootPartCFrame":[753.306,226.337,45.464,-0.997,0,-0.08,0,1,0,0.08,0,-0.997],"_humanoidState":8,"_cameraCFrame":[750.655,239.62,34.637,-0.997,0.06,-0.056,0,0.683,0.731,0.082,0.728,-0.68],"_shiftlockState":true,"_pose":"Running","_animationQueue":[["walk",0.1],["climb",0.1],["walk",0.1],["walk",0.1]],"_animationSpeed":0.928,"_zoom":16.125},{"_mousePosition":[683,384],"_rootPartCFrame":[753.042,226.426,45.485,-1,0,0.013,0,1,0,-0.013,0,-1],"_humanoidState":5,"_cameraCFrame":[750.473,239.709,34.639,-0.997,0.055,-0.051,0,0.683,0.731,0.075,0.729,-0.681],"_shiftlockState":true,"_pose":"FreeFall","_animationQueue":[["walk",0.1],["fall",0.3]],"_animationSpeed":1,"_zoom":16.125},{"_mousePosition":[683,384],"_rootPartCFrame":[752.777,226.46,45.496,-0.999,0,0.055,0,1,0,-0.055,0,-0.999],"_humanoidState":5,"_cameraCFrame":[750.236,239.743,34.643,-0.997,0.053,-0.049,0,0.683,0.731,0.072,0.729,-0.681],"_shiftlockState":true,"_pose":"FreeFall","_animationQueue":[],"_animationSpeed":1,"_zoom":16.125},{"_mousePosition":[683,384],"_rootPartCFrame":[752.511,226.44,45.5,-0.998,0,0.061,0,1,0,-0.061,0,-0.998],"_humanoidState":5,"_cameraCFrame":[749.97,239.723,34.647,-0.997,0.053,-0.049,0,0.683,0.731,0.072,0.729,-0.681],"_shiftlockState":true,"_pose":"FreeFall","_animationQueue":[],"_animationSpeed":1,"_zoom":16.125},{"_mousePosition":[683,384],"_rootPartCFrame":[752.311,226.389,45.495,-1,0,0.029,0,1,0,-0.029,0,-1],"_humanoidState":5,"_cameraCFrame":[749.77,239.672,34.642,-0.997,0.053,-0.049,0,0.683,0.731,0.072,0.729,-0.681],"_shiftlockState":true,"_pose":"FreeFall","_animationQueue":[],"_animationSpeed":1,"_zoom":16.125},{"_mousePosition":[683,384],"_rootPartCFrame":[751.985,226.239,45.461,-0.998,-0.001,0.062,-0.001,1,-0.001,-0.062,-0.001,-0.998],"_humanoidState":5,"_cameraCFrame":[749.442,239.522,34.607,-0.997,0.053,-0.049,0,0.683,0.731,0.072,0.729,-0.681],"_shiftlockState":true,"_pose":"FreeFall","_animationQueue":[],"_animationSpeed":1,"_zoom":16.125},{"_mousePosition":[683,384],"_rootPartCFrame":[751.74,226.067,45.406,-1,-0.002,0.021,-0.002,1,0,-0.021,0,-1],"_humanoidState":5,"_cameraCFrame":[749.196,239.35,34.553,-0.997,0.053,-0.049,0,0.683,0.731,0.072,0.729,-0.681],"_shiftlockState":true,"_pose":"FreeFall","_animationQueue":[["fall",0.3]],"_animationSpeed":1,"_zoom":16.125},{"_mousePosition":[683,384],"_rootPartCFrame":[751.516,226.198,45.369,-0.999,-0.001,-0.036,-0.001,1,0,0.036,0,-0.999],"_humanoidState":12,"_cameraCFrame":[748.974,239.481,34.516,-0.997,0.053,-0.049,0,0.683,0.731,0.072,0.729,-0.681],"_shiftlockState":true,"_pose":"Climbing","_animationQueue":[["walk",0.1],["fall",0.3],["climb",0.1],["climb",0]],"_animationSpeed":-0.965,"_zoom":16.125},{"_mousePosition":[683,384],"_rootPartCFrame":[751.288,226.343,45.352,-0.998,0,-0.068,0,1,0,0.068,0,-0.998],"_humanoidState":8,"_cameraCFrame":[748.747,239.626,34.499,-0.997,0.053,-0.049,0,0.683,0.731,0.072,0.729,-0.681],"_shiftlockState":true,"_pose":"Running","_animationQueue":[["walk",0.1],["climb",0.1],["walk",0.1],["walk",0.1]],"_animationSpeed":0.879,"_zoom":16.125},{"_mousePosition":[683,384],"_rootPartCFrame":[751.032,226.433,45.361,-1,0,0.02,0,1,0,-0.02,0,-1],"_humanoidState":5,"_cameraCFrame":[748.492,239.716,34.508,-0.997,0.053,-0.049,0,0.683,0.731,0.072,0.729,-0.681],"_shiftlockState":true,"_pose":"FreeFall","_animationQueue":[["walk",0.1],["fall",0.3]],"_animationSpeed":1,"_zoom":16.125},{"_mousePosition":[683,384],"_rootPartCFrame":[750.767,226.469,45.38,-0.998,0,0.056,0,1,0,-0.056,0,-0.998],"_humanoidState":5,"_cameraCFrame":[748.226,239.752,34.527,-0.997,0.053,-0.049,0,0.683,0.731,0.072,0.729,-0.681],"_shiftlockState":true,"_pose":"FreeFall","_animationQueue":[],"_animationSpeed":1,"_zoom":16.125},{"_mousePosition":[683,384],"_rootPartCFrame":[750.501,226.451,45.399,-0.998,0,0.06,0,1,0,-0.06,0,-0.998],"_humanoidState":5,"_cameraCFrame":[747.96,239.734,34.546,-0.997,0.053,-0.049,0,0.683,0.731,0.072,0.729,-0.681],"_shiftlockState":true,"_pose":"FreeFall","_animationQueue":[],"_animationSpeed":1,"_zoom":16.125},{"_mousePosition":[683,384],"_rootPartCFrame":[750.235,226.378,45.418,-0.998,0,0.061,0,1,0,-0.061,0,-0.998],"_humanoidState":5,"_cameraCFrame":[747.694,239.661,34.566,-0.997,0.053,-0.049,0,0.683,0.731,0.072,0.729,-0.681],"_shiftlockState":true,"_pose":"FreeFall","_animationQueue":[["fall",0.3]],"_animationSpeed":1,"_zoom":16.125},{"_mousePosition":[683,384],"_rootPartCFrame":[749.969,226.251,45.438,-0.998,0,0.061,0,1,0,-0.061,0,-0.998],"_humanoidState":5,"_cameraCFrame":[747.428,239.534,34.585,-0.997,0.053,-0.049,0,0.683,0.731,0.072,0.729,-0.681],"_shiftlockState":true,"_pose":"FreeFall","_animationQueue":[],"_animationSpeed":1,"_zoom":16.125},{"_mousePosition":[683,384],"_rootPartCFrame":[749.703,226.069,45.457,-0.998,0,0.061,0,1,0,-0.061,0,-0.998],"_humanoidState":5,"_cameraCFrame":[747.162,239.352,34.604,-0.997,0.053,-0.049,0,0.683,0.731,0.072,0.729,-0.681],"_shiftlockState":true,"_pose":"FreeFall","_animationQueue":[],"_animationSpeed":1,"_zoom":16.125},{"_mousePosition":[683,384],"_rootPartCFrame":[749.462,226.198,45.474,-1,0,-0.031,0,1,0,0.031,0,-1],"_humanoidState":12,"_cameraCFrame":[746.921,239.481,34.622,-0.997,0.053,-0.049,0,0.683,0.731,0.072,0.729,-0.681],"_shiftlockState":true,"_pose":"Climbing","_animationQueue":[["walk",0.1],["fall",0.3],["climb",0.1],["climb",0]],"_animationSpeed":-1.012,"_zoom":16.125},{"_mousePosition":[683,384],"_rootPartCFrame":[749.279,226.311,45.483,-0.998,0,-0.063,0,1,0,0.063,0,-0.998],"_humanoidState":8,"_cameraCFrame":[746.738,239.594,34.63,-0.997,0.053,-0.049,0,0.683,0.731,0.072,0.729,-0.681],"_shiftlockState":true,"_pose":"Running","_animationQueue":[["walk",0.1],["climb",0.1],["walk",0.1],["walk",0.1]],"_animationSpeed":0.939,"_zoom":16.125},{"_mousePosition":[683,384],"_rootPartCFrame":[748.949,226.43,45.502,-0.999,0,0.054,0,1,0,-0.054,0,-0.999],"_humanoidState":5,"_cameraCFrame":[746.38,239.713,34.656,-0.997,0.055,-0.051,0,0.683,0.731,0.075,0.729,-0.681],"_shiftlockState":true,"_pose":"FreeFall","_animationQueue":[["walk",0.1],["fall",0.3]],"_animationSpeed":1,"_zoom":16.125},{"_mousePosition":[683,384],"_rootPartCFrame":[748.683,226.464,45.499,-0.998,0,0.057,0,1,0,-0.057,0,-0.998],"_humanoidState":5,"_cameraCFrame":[746.062,239.768,34.689,-0.997,0.058,-0.054,0,0.681,0.732,0.08,0.73,-0.679],"_shiftlockState":true,"_pose":"FreeFall","_animationQueue":[],"_animationSpeed":1,"_zoom":16.125},{"_mousePosition":[683,384],"_rootPartCFrame":[748.417,226.443,45.495,-0.999,0,0.054,0,1,0,-0.054,0,-0.999],"_humanoidState":5,"_cameraCFrame":[745.716,239.769,34.728,-0.996,0.064,-0.059,0,0.68,0.733,0.087,0.731,-0.677],"_shiftlockState":true,"_pose":"FreeFall","_animationQueue":[["fall",0.3]],"_animationSpeed":1,"_zoom":16.125},{"_mousePosition":[683,384],"_rootPartCFrame":[748.151,226.368,45.49,-0.999,0,0.047,0,1,0,-0.047,0,-0.999],"_humanoidState":5,"_cameraCFrame":[745.371,239.715,34.767,-0.995,0.07,-0.064,0,0.678,0.735,0.095,0.731,-0.675],"_shiftlockState":true,"_pose":"FreeFall","_animationQueue":[],"_animationSpeed":1,"_zoom":16.125},{"_mousePosition":[683,384],"_rootPartCFrame":[747.886,226.238,45.485,-0.999,0,0.04,0,1,0,-0.04,0,-0.999],"_humanoidState":5,"_cameraCFrame":[745.026,239.607,34.806,-0.995,0.075,-0.069,0,0.677,0.736,0.103,0.732,-0.673],"_shiftlockState":true,"_pose":"FreeFall","_animationQueue":[],"_animationSpeed":1,"_zoom":16.125},{"_mousePosition":[683,384],"_rootPartCFrame":[747.687,226.105,45.474,-1,0,-0.001,0,1,0,0.001,0,-1],"_humanoidState":5,"_cameraCFrame":[744.721,239.495,34.847,-0.994,0.083,-0.076,0,0.676,0.737,0.113,0.733,-0.671],"_shiftlockState":true,"_pose":"FreeFall","_animationQueue":[],"_animationSpeed":1,"_zoom":16.125},{"_mousePosition":[683,384],"_rootPartCFrame":[747.363,225.815,45.447,-0.998,0,0.055,0,1,0,-0.055,0,-0.998],"_humanoidState":5,"_cameraCFrame":[744.293,239.226,34.874,-0.992,0.091,-0.083,0,0.674,0.739,0.123,0.733,-0.669],"_shiftlockState":true,"_pose":"FreeFall","_animationQueue":[],"_animationSpeed":1,"_zoom":16.125},{"_mousePosition":[683,384],"_rootPartCFrame":[747.123,225.936,45.43,-0.997,0,-0.081,0,1,0,0.081,0,-0.997],"_humanoidState":12,"_cameraCFrame":[744.003,239.368,34.896,-0.992,0.094,-0.086,0,0.673,0.74,0.128,0.734,-0.667],"_shiftlockState":true,"_pose":"Climbing","_animationQueue":[["walk",0.1],["fall",0.3],["climb",0.1],["climb",0]],"_animationSpeed":-1.296,"_zoom":16.125},{"_mousePosition":[683,384],"_rootPartCFrame":[746.923,226.122,45.427,-0.992,0,-0.123,0,1,0,0.123,0,-0.992],"_humanoidState":12,"_cameraCFrame":[743.749,239.554,34.908,-0.991,0.098,-0.089,0,0.673,0.74,0.133,0.733,-0.667],"_shiftlockState":true,"_pose":"Climbing","_animationQueue":[["climb",0.1],["climb",0]],"_animationSpeed":0.889,"_zoom":16.125},{"_mousePosition":[683,384],"_rootPartCFrame":[746.763,226.308,45.426,-0.991,0,-0.132,0,1,0,0.132,0,-0.991],"_humanoidState":12,"_cameraCFrame":[743.589,239.74,34.907,-0.991,0.098,-0.089,0,0.673,0.74,0.133,0.733,-0.667],"_shiftlockState":true,"_pose":"Climbing","_animationQueue":[],"_animationSpeed":0.889,"_zoom":16.125},{"_mousePosition":[683,384],"_rootPartCFrame":[746.594,226.46,45.428,-0.992,0,-0.13,0,1,0,0.13,0,-0.992],"_humanoidState":8,"_cameraCFrame":[743.42,239.892,34.91,-0.991,0.098,-0.089,0,0.673,0.74,0.133,0.733,-0.667],"_shiftlockState":true,"_pose":"Running","_animationQueue":[["walk",0.1],["climb",0.1],["walk",0.1],["walk",0.1]],"_animationSpeed":0.603,"_zoom":16.125},{"_mousePosition":[683,384],"_rootPartCFrame":[746.444,226.537,45.437,-0.998,0,-0.069,0,1,0,0.069,0,-0.998],"_humanoidState":5,"_cameraCFrame":[743.27,239.969,34.919,-0.991,0.098,-0.089,0,0.673,0.74,0.133,0.733,-0.667],"_shiftlockState":true,"_pose":"FreeFall","_animationQueue":[["walk",0.1],["fall",0.3]],"_animationSpeed":1,"_zoom":16.125},{"_mousePosition":[683,384],"_rootPartCFrame":[746.147,226.598,45.458,-1,0,0.026,0,1,0,-0.026,0,-1],"_humanoidState":5,"_cameraCFrame":[742.974,240.03,34.94,-0.991,0.098,-0.089,0,0.673,0.74,0.133,0.733,-0.667],"_shiftlockState":true,"_pose":"FreeFall","_animationQueue":[],"_animationSpeed":1,"_zoom":16.125},{"_mousePosition":[683,384],"_rootPartCFrame":[745.884,226.586,45.464,-1,0,0.001,0,1,0,-0.001,0,-1],"_humanoidState":5,"_cameraCFrame":[742.711,240.018,34.946,-0.991,0.098,-0.089,0,0.673,0.74,0.133,0.733,-0.667