[{"_mousePosition":[1093,361],"_rootPartCFrame":[776.033,222.959,47.142,-0.001,-0.006,1,0,1,0.006,-1,0,-0.001],"_humanoidState":8,"_cameraCFrame":[791.028,237.322,48.49,0.089,-0.647,0.757,0,0.76,0.649,-0.996,-0.058,0.068],"_shiftlockState":false,"_pose":"Standing","_animationQueue":[],"_animationSpeed":1,"_zoom":19.809},{"_mousePosition":[1069,361],"_rootPartCFrame":[775.917,222.898,47.131,0.006,-0.003,1,0,1,0.003,-1,0,0.006],"_humanoidState":8,"_cameraCFrame":[790.916,237.261,48.479,0.089,-0.647,0.757,0,0.76,0.649,-0.996,-0.058,0.068],"_shiftlockState":false,"_pose":"Standing","_animationQueue":[],"_animationSpeed":1,"_zoom":19.809},{"_mousePosition":[1045,368],"_rootPartCFrame":[775.788,222.837,47.12,0.011,-0.001,1,0,1,0.001,-1,0,0.011],"_humanoidState":8,"_cameraCFrame":[790.791,237.2,48.468,0.089,-0.647,0.757,0,0.76,0.649,-0.996,-0.058,0.068],"_shiftlockState":false,"_pose":"Running","_animationQueue":[["walk",0.1]],"_animationSpeed":0.83,"_zoom":19.809},{"_mousePosition":[1033,379],"_rootPartCFrame":[775.523,222.674,47.096,0.022,0,1,0,1,0,-1,0,0.022],"_humanoidState":8,"_cameraCFrame":[790.527,237.037,48.444,0.089,-0.647,0.757,0,0.76,0.649,-0.996,-0.058,0.068],"_shiftlockState":false,"_pose":"Running","_animationQueue":[["walk",0.1]],"_animationSpeed":1.066,"_zoom":19.809},{"_mousePosition":[1033,379],"_rootPartCFrame":[775.257,222.654,47.072,0.031,0,1,0,1,0,-1,0,0.031],"_humanoidState":8,"_cameraCFrame":[790.103,237.21,48.312,0.083,-0.657,0.749,0,0.752,0.659,-0.997,-0.055,0.063],"_shiftlockState":false,"_pose":"Running","_animationQueue":[],"_animationSpeed":1.066,"_zoom":19.809},{"_mousePosition":[1033,379],"_rootPartCFrame":[774.991,222.67,47.048,0.039,0,0.999,0,1,0,-0.999,0,0.039],"_humanoidState":8,"_cameraCFrame":[789.605,237.488,48.253,0.082,-0.67,0.738,0,0.74,0.672,-0.997,-0.055,0.061],"_shiftlockState":false,"_pose":"Running","_animationQueue":[],"_animationSpeed":1.066,"_zoom":19.809},{"_mousePosition":[1033,379],"_rootPartCFrame":[774.726,222.683,47.026,0.045,0,0.999,0,1,0,-0.999,0,0.045],"_humanoidState":8,"_cameraCFrame":[788.919,237.945,48.271,0.087,-0.692,0.717,0,0.719,0.695,-0.996,-0.061,0.063],"_shiftlockState":false,"_pose":"Running","_animationQueue":[["walk",0.1]],"_animationSpeed":1.066,"_zoom":19.809},{"_mousePosition":[1033,379],"_rootPartCFrame":[774.46,222.69,47.004,0.05,0,0.999,0,1,0,-0.999,0,0.05],"_humanoidState":8,"_cameraCFrame":[788.305,238.293,48.365,0.098,-0.709,0.699,0,0.702,0.712,-0.995,-0.07,0.069],"_shiftlockState":false,"_pose":"Running","_animationQueue":[],"_animationSpeed":1.066,"_zoom":19.809},{"_mousePosition":[1033,379],"_rootPartCFrame":[774.194,222.695,46.981,0.055,0,0.998,0,1,0,-0.998,0,0.055],"_humanoidState":8,"_cameraCFrame":[787.691,238.618,48.465,0.109,-0.724,0.681,0,0.685,0.728,-0.994,-0.08,0.075],"_shiftlockState":false,"_pose":"Running","_animationQueue":[],"_animationSpeed":1.066,"_zoom":19.809},{"_mousePosition":[1033,379],"_rootPartCFrame":[773.929,222.697,46.955,0.061,0,0.998,0,1,0,-0.998,0,0.061],"_humanoidState":8,"_cameraCFrame":[787.206,238.816,48.499,0.116,-0.733,0.67,0,0.675,0.738,-0.993,-0.085,0.078],"_shiftlockState":false,"_pose":"Running","_animationQueue":[],"_animationSpeed":1.066,"_zoom":19.809},{"_mousePosition":[1033,379],"_rootPartCFrame":[773.664,222.698,46.926,0.067,0,0.998,0,1,0,-0.998,0,0.067],"_humanoidState":8,"_cameraCFrame":[786.797,238.946,48.481,0.118,-0.739,0.663,0,0.668,0.745,-0.993,-0.088,0.079],"_shiftlockState":false,"_pose":"Running","_animationQueue":[],"_animationSpeed":1.066,"_zoom":19.809},{"_mousePosition":[1033,379],"_rootPartCFrame":[773.399,222.699,46.896,0.074,0,0.997,0,1,0,-0.997,0,0.074],"_humanoidState":8,"_cameraCFrame":[786.436,239.032,48.453,0.119,-0.744,0.658,0,0.663,0.749,-0.993,-0.089,0.079],"_shiftlockState":false,"_pose":"Running","_animationQueue":[],"_animationSpeed":1.066,"_zoom":19.809},{"_mousePosition":[1033,379],"_rootPartCFrame":[773.134,222.699,46.864,0.079,0,0.997,0,1,0,-0.997,0,0.079],"_humanoidState":8,"_cameraCFrame":[786.076,239.117,48.41,0.119,-0.748,0.653,0,0.658,0.753,-0.993,-0.089,0.078],"_shiftlockState":false,"_pose":"Running","_animationQueue":[["walk",0.1]],"_animationSpeed":1.066,"_zoom":19.809},{"_mousePosition":[1033,379],"_rootPartCFrame":[772.869,222.699,46.833,0.085,0,0.996,0,1,0,-0.996,0,0.085],"_humanoidState":8,"_cameraCFrame":[785.688,239.221,48.391,0.121,-0.753,0.647,0,0.652,0.758,-0.993,-0.092,0.079],"_shiftlockState":false,"_pose":"Running","_animationQueue":[],"_animationSpeed":1.066,"_zoom":19.809},{"_mousePosition":[1033,379],"_rootPartCFrame":[772.605,222.7,46.801,0.089,0,0.996,0,1,0,-0.996,0,0.089],"_humanoidState":8,"_cameraCFrame":[785.176,239.418,48.463,0.131,-0.762,0.635,0,0.64,0.768,-0.991,-0.101,0.084],"_shiftlockState":false,"_pose":"Running","_animationQueue":[],"_animationSpeed":1.066,"_zoom":19.809},{"_mousePosition":[1033,379],"_rootPartCFrame":[772.34,222.7,46.769,0.094,0,0.996,0,1,0,-0.996,0,0.094],"_humanoidState":8,"_cameraCFrame":[784.615,239.64,48.589,0.147,-0.771,0.62,0,0.626,0.779,-0.989,-0.114,0.092],"_shiftlockState":false,"_pose":"Running","_animationQueue":[],"_animationSpeed":1.066,"_zoom":19.809},{"_mousePosition":[1033,379],"_rootPartCFrame":[772.076,222.7,46.734,0.099,0,0.995,0,1,0,-0.995,0,0.099],"_humanoidState":8,"_cameraCFrame":[783.977,239.897,48.818,0.172,-0.781,0.601,0,0.61,0.792,-0.985,-0.137,0.105],"_shiftlockState":false,"_pose":"Running","_animationQueue":[],"_animationSpeed":1.066,"_zoom":19.809},{"_mousePosition":[1033,379],"_rootPartCFrame":[771.812,222.7,46.695,0.105,0,0.994,0,1,0,-0.994,0,0.105],"_humanoidState":8,"_cameraCFrame":[783.327,240.137,49.1,0.204,-0.788,0.581,0,0.594,0.805,-0.979,-0.164,0.121],"_shiftlockState":false,"_pose":"Running","_animationQueue":[],"_animationSpeed":1.066,"_zoom":19.809},{"_mousePosition":[1033,379],"_rootPartCFrame":[771.549,222.7,46.65,0.114,0,0.994,0,1,0,-0.994,0,0.114],"_humanoidState":8,"_cameraCFrame":[782.694,240.353,49.345,0.235,-0.793,0.563,0,0.579,0.815,-0.972,-0.192,0.136],"_shiftlockState":false,"_pose":"Running","_animationQueue":[],"_animationSpeed":1.066,"_zoom":19.809},{"_mousePosition":[1033,379],"_rootPartCFrame":[771.288,222.7,46.596,0.125,0,0.992,0,1,0,-0.992,0,0.125],"_humanoidState":8,"_cameraCFrame":[782.071,240.554,49.541,0.263,-0.796,0.544,0,0.564,0.826,-0.965,-0.217,0.149],"_shiftlockState":false,"_pose":"Running","_animationQueue":[["walk",0.1]],"_animationSpeed":1.066,"_zoom":19.809},{"_mousePosition":[1033,379],"_rootPartCFrame":[771.028,222.7,46.534,0.14,0,0.99,0,1,0,-0.99,0,0.14],"_humanoidState":8,"_cameraCFrame":[781.355,240.81,49.67,0.291,-0.802,0.521,0,0.545,0.839,-0.957,-0.244,0.158],"_shiftlockState":false,"_pose":"Running","_animationQueue":[],"_animationSpeed":1.066,"_zoom":19.809},{"_mousePosition":[1033,379],"_rootPartCFrame":[770.771,222.7,46.465,0.156,0,0.988,0,1,0,-0.988,0,0.156],"_humanoidState":8,"_cameraCFrame":[780.612,241.083,49.703,0.313,-0.81,0.497,0,0.523,0.852,-0.95,-0.266,0.163],"_shiftlockState":false,"_pose":"Running","_animationQueue":[],"_animationSpeed":1.066,"_zoom":19.809},{"_mousePosition":[1033,379],"_rootPartCFrame":[770.516,222.7,46.388,0.174,0,0.985,0,1,0,-0.985,0,0.174],"_humanoidState":8,"_cameraCFrame":[779.785,241.401,49.643,0.331,-0.819,0.468,0,0.496,0.868,-0.943,-0.288,0.164],"_shiftlockState":false,"_pose":"Running","_animationQueue":[],"_animationSpeed":1.066,"_zoom":19.809},{"_mousePosition":[1033,379],"_rootPartCFrame":[770.262,222.7,46.305,0.193,0,0.981,0,1,0,-0.981,0,0.193],"_humanoidState":8,"_cameraCFrame":[778.95,241.709,49.521,0.347,-0.829,0.439,0,0.468,0.884,-0.938,-0.307,0.162],"_shiftlockState":false,"_pose":"Running","_animationQueue":[],"_animationSpeed":1.066,"_zoom":19.809},{"_mousePosition":[1033,379],"_rootPartCFrame":[770.01,222.666,46.217,0.212,0,0.977,0,1,0,-0.977,0,0.212],"_humanoidState":8,"_cameraCFrame":[778.149,241.95,49.357,0.36,-0.838,0.411,0,0.44,0.898,-0.933,-0.323,0.158],"_shiftlockState":false,"_pose":"Running","_animationQueue":[],"_animationSpeed":1.066,"_zoom":19.809},{"_mousePosition":[1033,379],"_rootPartCFrame":[769.76,222.577,46.125,0.23,0,0.973,0,1,0,-0.973,0,0.23],"_humanoidState":8,"_cameraCFrame":[777.46,242.074,49.16,0.367,-0.845,0.389,0,0.418,0.909,-0.93,-0.333,0.153],"_shiftlockState":false,"_pose":"Running","_animationQueue":[],"_animationSpeed":1.066,"_zoom":19.809},{"_mousePosition":[1033,379],"_rootPartCFrame":[769.511,222.434,46.03,0.248,0,0.969,0,1,0,-0.969,0,0.248],"_humanoidState":8,"_cameraCFrame":[776.829,242.107,48.959,0.372,-0.852,0.369,0,0.398,0.917,-0.928,-0.341,0.148],"_shiftlockState":false,"_pose":"Running","_animationQueue":[["walk",0.1]],"_animationSpeed":1.066,"_zoom":19.809},{"_mousePosition":[1033,379],"_rootPartCFrame":[769.263,222.236,45.932,0.264,0,0.964,0,1,0,-0.964,0,0.264],"_humanoidState":8,"_cameraCFrame":[776.316,242.028,48.772,0.374,-0.857,0.356,0,0.384,0.923,-0.928,-0.345,0.143],"_shiftlockState":false,"_pose":"Running","_animationQueue":[],"_animationSpeed":1.066,"_zoom":19.809},{"_mousePosition":[1033,379],"_rootPartCFrame":[769.015,221.984,45.833,0.279,0,0.96,0,1,0,-0.96,0,0.279],"_humanoidState":8,"_cameraCFrame":[775.868,241.867,48.576,0.372,-0.862,0.346,0,0.373,0.928,-0.928,-0.345,0.138],"_shiftlockState":false,"_pose":"Running","_animationQueue":[],"_animationSpeed":1.066,"_zoom":19.809},{"_mousePosition":[1033,379],"_rootPartCFrame":[768.768,222.857,45.734,0.294,0,0.956,0,1,0,-0.956,0,0.294],"_humanoidState":3,"_cameraCFrame":[775.433,242.828,48.346,0.365,-0.868,0.336,0,0.361,0.932,-0.931,-0.34,0.132],"_shiftlockState":false,"_pose":"Jumping","_animationQueue":[["walk",0.1],["jump",0.1]],"_animationSpeed":1,"_zoom":19.809},{"_mousePosition":[1033,379],"_rootPartCFrame":[768.52,223.679,45.635,0.306,0,0.952,0,1,0,-0.952,0,0.306],"_humanoidState":5,"_cameraCFrame":[775.008,243.735,48.083,0.353,-0.876,0.328,0,0.35,0.937,-0.936,-0.331,0.124],"_shiftlockState":false,"_pose":"FreeFall","_animationQueue":[["jump",0.1]],"_animationSpeed":1,"_zoom":19.809},{"_mousePosition":[1033,379],"_rootPartCFrame":[768.272,224.447,45.538,0.315,0,0.949,0,1,0,-0.949,0,0.315],"_humanoidState":5,"_cameraCFrame":[774.65,244.558,47.853,0.341,-0.883,0.322,0,0.343,0.94,-0.94,-0.321,0.117],"_shiftlockState":false,"_pose":"FreeFall","_animationQueue":[],"_animationSpeed":1,"_zoom":19.809},{"_mousePosition":[1033,379],"_rootPartCFrame":[768.022,225.16,45.443,0.321,0,0.947,0,1,0,-0.947,0,0.321],"_humanoidState":5,"_cameraCFrame":[774.32,245.314,47.625,0.327,-0.89,0.318,0,0.336,0.942,-0.945,-0.308,0.11],"_shiftlockState":false,"_pose":"FreeFall","_animationQueue":[],"_animationSpeed":1,"_zoom":19.809},{"_mousePosition":[1033,379],"_rootPartCFrame":[767.835,225.659,45.374,0.324,0,0.946,0,1,0,-0.946,0,0.324],"_humanoidState":5,"_cameraCFrame":[774.053,245.856,47.413,0.312,-0.897,0.314,0,0.33,0.944,-0.95,-0.294,0.103],"_shiftlockState":false,"_pose":"FreeFall","_animationQueue":[],"_animationSpeed":1,"_zoom":19.809},{"_mousePosition":[1033,379],"_rootPartCFrame":[767.52,226.423,45.265,0.325,0,0.946,0,1,0,-0.946,0,0.325],"_humanoidState":5,"_cameraCFrame":[773.654,246.661,47.17,0.297,-0.903,0.31,0,0.324,0.946,-0.955,-0.281,0.096],"_shiftlockState":false,"_pose":"FreeFall","_animationQueue":[],"_animationSpeed":1,"_zoom":19.809},{"_mousePosition":[1033,379],"_rootPartCFrame":[767.267,226.972,45.181,0.324,0,0.946,0,1,0,-0.946,0,0.324],"_humanoidState":5,"_cameraCFrame":[773.312,247.252,46.962,0.283,-0.909,0.305,0,0.318,0.948,-0.959,-0.268,0.09],"_shiftlockState":false,"_pose":"FreeFall","_animationQueue":[],"_animationSpeed":1,"_zoom":19.809},{"_mousePosition":[1033,379],"_rootPartCFrame":[767.012,227.467,45.101,0.321,0,0.947,0,1,0,-0.947,0,0.321],"_humanoidState":5,"_cameraCFrame":[773.003,247.772,46.798,0.272,-0.913,0.302,0,0.314,0.949,-0.962,-0.259,0.086],"_shiftlockState":false,"_pose":"FreeFall","_animationQueue":[],"_animationSpeed":1,"_zoom":19.809},{"_mousePosition":[1033,379],"_rootPartCFrame":[766.82,227.803,45.044,0.318,0,0.948,0,1,0,-0.948,0,0.318],"_humanoidState":5,"_cameraCFrame":[772.743,248.137,46.648,0.261,-0.918,0.299,0,0.31,0.951,-0.965,-0.249,0.081],"_shiftlockState":false,"_pose":"FreeFall","_animationQueue":[],"_animationSpeed":1,"_zoom":19.809},{"_mousePosition":[1033,379],"_rootPartCFrame":[766.5,228.294,44.953,0.311,0,0.951,0,1,0,-0.951,0,0.311],"_humanoidState":5,"_cameraCFrame":[772.354,248.658,46.459,0.249,-0.922,0.296,0,0.305,0.952,-0.968,-0.237,0.076],"_shiftlockState":false,"_pose":"FreeFall","_animationQueue":[],"_animationSpeed":1,"_zoom":19.809},{"_mousePosition":[1033,379],"_rootPartCFrame":[766.243,228.625,44.883,0.304,0,0.953,0,1,0,-0.953,0,0.304],"_humanoidState":5,"_cameraCFrame":[772.017,249.023,46.266,0.233,-0.928,0.292,0,0.3,0.954,-0.972,-0.222,0.07],"_shiftlockState":false,"_pose":"FreeFall","_animationQueue":[],"_animationSpeed":1,"_zoom":19.809},{"_mousePosition":[1033,379],"_rootPartCFrame":[765.92,228.963,44.799,0.295,0,0.955,0,1,0,-0.955,0,0.295],"_humanoidState":5,"_cameraCFrame":[771.626,249.389,46.072,0.218,-0.933,0.288,0,0.295,0.955,-0.976,-0.208,0.064],"_shiftlockState":false,"_pose":"FreeFall","_animationQueue":[],"_animationSpeed":1,"_zoom":19.809},{"_mousePosition":[1033,379],"_rootPartCFrame":[765.726,229.125,44.752,0.29,0,0.957,0,1,0,-0.957,0,0.29],"_humanoidState":5,"_cameraCFrame":[771.361,249.579,45.916,0.202,-0.937,0.285,0,0.291,0.957,-0.979,-0.194,0.059],"_shiftlockState":false,"_pose":"FreeFall","_animationQueue":[],"_animationSpeed":1,"_zoom":19.809},{"_mousePosition":[1033,379],"_rootPartCFrame":[765.465,229.293,44.693,0.281,0,0.96,0,1,0,-0.96,0,0.281],"_humanoidState":5,"_cameraCFrame":[771.016,249.78,45.737,0.185,-0.942,0.28,0,0.285,0.958,-0.983,-0.177,0.053],"_shiftlockState":false,"_pose":"FreeFall","_animationQueue":[],"_animationSpeed":1,"_zoom":19.809},{"_mousePosition":[1033,379],"_rootPartCFrame":[765.27,229.383,44.652,0.273,0,0.962,0,1,0,-0.962,0,0.273],"_humanoidState":5,"_cameraCFrame":[770.75,249.897,45.565,0.164,-0.947,0.277,0,0.28,0.96,-0.986,-0.158,0.046],"_shiftlockState":false,"_pose":"FreeFall","_animationQueue":[],"_animationSpeed":1,"_zoom":19.809},{"_mousePosition":[1033,379],"_rootPartCFrame":[764.942,229.465,44.59,0.259,0,0.966,0,1,0,-0.966,0,0.259],"_humanoidState":5,"_cameraCFrame":[770.353,250.006,45.352,0.139,-0.952,0.273,0,0.276,0.961,-0.99,-0.134,0.038],"_shiftlockState":false,"_pose":"FreeFall","_animationQueue":[],"_animationSpeed":1,"_zoom":19.809},{"_mousePosition":[1033,379],"_rootPartCFrame":[764.679,229.47,44.545,0.247,0,0.969,0,1,0,-0.969,0,0.247],"_humanoidState":5,"_cameraCFrame":[770.046,250.028,45.169,0.116,-0.956,0.271,0,0.273,0.962,-0.993,-0.111,0.032],"_shiftlockState":false,"_pose":"FreeFall","_animationQueue":[["fall",0.3]],"_animationSpeed":1,"_zoom":19.809},{"_mousePosition":[1033,379],"_rootPartCFrame":[764.416,229.42,44.507,0.233,0,0.972,0,1,0,-0.972,0,0.233],"_humanoidState":5,"_cameraCFrame":[769.781,249.982,44.989,0.089,-0.958,0.271,0,0.272,0.962,-0.996,-0.086,0.024],"_shiftlockState":false,"_pose":"FreeFall","_animationQueue":[],"_animationSpeed":1,"_zoom":19.809},{"_mousePosition":[1033,379],"_rootPartCFrame":[764.158,229.315,44.494,0.147,0,0.989,0,1,0,-0.989,0,0.147],"_humanoidState":5,"_cameraCFrame":[769.515,249.882,44.896,0.075,-0.96,0.27,0,0.271,0.963,-0.997,-0.072,0.02],"_shiftlockState":false,"_pose":"FreeFall","_animationQueue":[],"_animationSpeed":1,"_zoom":19.809},{"_mousePosition":[1033,379],"_rootPartCFrame":[763.946,229.792,44.498,0.036,0,0.999,0,1,0,-0.999,0,0.036],"_humanoidState":7,"_cameraCFrame":[769.305,250.359,44.86,0.068,-0.96,0.271,0,0.271,0.963,-0.998,-0.065,0.018],"_shiftlockState":false,"_pose":"FreeFall","_animationQueue":[["walk",0.1],["fall",0.3],["fall",0.3]],"_animationSpeed":1,"_zoom":19.809},{"_mousePosition":[1033,379],"_rootPartCFrame":[763.851,230.286,44.558,-0.139,0,0.99,0,1,0,-0.99,0,-0.139],"_humanoidState":7,"_cameraCFrame":[769.211,250.853,44.916,0.067,-0.96,0.271,0,0.271,0.963,-0.998,-0.064,0.018],"_shiftlockState":false,"_pose":"FreeFall","_animationQueue":[],"_animationSpeed":1,"_zoom":19.809},{"_mousePosition":[1033,379],"_rootPartCFrame":[763.83,230.59,44.656,-0.318,0,0.948,0,1,0,-0.948,0,-0.318],"_humanoidState":8,"_cameraCFrame":[769.19,251.156,45.014,0.067,-0.96,0.271,0,0.271,0.963,-0.998,-0.064,0.018],"_shiftlockState":false,"_pose":"Running","_animationQueue":[["walk",0.1],["fall",0.3],["walk",0.1]],"_animationSpeed":1.074,"_zoom":19.809},{"_mousePosition":[1033,379],"_rootPartCFrame":[763.817,230.732,44.731,-0.434,0,0.901,0,1,0,-0.901,0,-0.434],"_humanoidState":8,"_cameraCFrame":[769.177,251.299,45.088,0.067,-0.96,0.271,0,0.271,0.963,-0.998,-0.064,0.018],"_shiftlockState":false,"_pose":"Running","_animationQueue":[],"_animationSpeed":1.074,"_zoom":19.809},{"_mousePosition":[1033,379],"_rootPartCFrame":[763.794,230.86,44.855,-0.591,0,0.807,0,1,0,-0.807,0,-0.591],"_humanoidState":8,"_cameraCFrame":[769.153,251.427,45.229,0.07,-0.96,0.271,0,0.271,0.963,-0.998,-0.067,0.019],"_shiftlockState":false,"_pose":"Running","_animationQueue":[["walk",0.1]],"_animationSpeed":1.074,"_zoom":19.809},{"_mousePosition":[1033,379],"_rootPartCFrame":[763.777,230.911,44.955,-0.686,0,0.727,0,1,0,-0.727,0,-0.686],"_humanoidState":8,"_cameraCFrame":[769.116,251.483,45.378,0.079,-0.96,0.27,0,0.27,0.963,-0.997,-0.076,0.021],"_shiftlockState":false,"_pose":"Running","_animationQueue":[],"_animationSpeed":1.074,"_zoom":19.809},{"_mousePosition":[1033,379],"_rootPartCFrame":[763.759,231.774,45.054,-0.768,0,0.641,0,1,0,-0.641,0,-0.768],"_humanoidState":3,"_cameraCFrame":[769.079,252.35,45.526,0.088,-0.959,0.269,0,0.27,0.963,-0.996,-0.085,0.024],"_shiftlockState":false,"_pose":"Jumping","_animationQueue":[["walk",0.1],["jump",0.1]],"_animationSpeed":1,"_zoom":19.809},{"_mousePosition":[1033,379],"_rootPartCFrame":[763.745,232.386,45.144,-0.812,0,0.584,0,1,0,-0.584,0,-0.812],"_humanoidState":5,"_cameraCFrame":[769.044,252.965,45.676,0.1,-0.958,0.267,0,0.269,0.963,-0.995,-0.096,0.027],"_shiftlockState":false,"_pose":"FreeFall","_animationQueue":[["jump",0.1]],"_animationSpeed":1,"_zoom":19.809},{"_mousePosition":[1033,379],"_rootPartCFrame":[763.721,233.337,45.342,-0.864,0,0.504,0,1,0,-0.504,0,-0.864],"_humanoidState":5,"_cameraCFrame":[768.969,253.929,45.919,0.109,-0.958,0.265,0,0.267,0.964,-0.994,-0.105,0.029],"_shiftlockState":false,"_pose":"FreeFall","_animationQueue":[],"_animationSpeed":1,"_zoom":19.809},{"_mousePosition":[1033,379],"_rootPartCFrame":[763.699,234.036,45.546,-0.893,0,0.45,0,1,0,-0.45,0,-0.893],"_humanoidState":5,"_cameraCFrame":[768.897,254.641,46.15,0.116,-0.958,0.262,0,0.264,0.964,-0.993,-0.111,0.031],"_shiftlockState":false,"_pose":"FreeFall","_animationQueue":[],"_animationSpeed":1,"_zoom":19.809},{"_mousePosition":[1033,379],"_rootPartCFrame":[763.673,234.681,45.789,-0.915,0,0.404,0,1,0,-0.404,0,-0.915],"_humanoidState":5,"_cameraCFrame":[768.839,255.295,46.401,0.118,-0.958,0.261,0,0.263,0.965,-0.993,-0.113,0.031],"_shiftlockState":false,"_pose":"FreeFall","_animationQueue":[],"_animationSpeed":1,"_zoom":19.809},{"_mousePosition":[1033,379],"_rootPartCFrame":[763.642,235.271,46.053,-0.931,0,0.364,0,1,0,-0.364,0,-0.931],"_humanoidState":5,"_cameraCFrame":[768.808,255.885,46.67,0.119,-0.958,0.261,0,0.263,0.965,-0.993,-0.114,0.031],"_shiftlockState":false,"_pose":"FreeFall","_animationQueue":[],"_animationSpeed":1,"_zoom":19.809},{"_mousePosition":[1033,379],"_rootPartCFrame":[763.619,235.678,46.251,-0.941,0,0.339,0,1,0,-0.339,0,-0.941],"_humanoidState":5,"_cameraCFrame":[768.769,256.296,46.867,0.119,-0.958,0.26,0,0.262,0.965,-0.993,-0.114,0.031],"_shiftlockState":false,"_pose":"FreeFall","_animationQueue":[],"_animationSpeed":1,"_zoom":19.809},{"_mousePosition":[1033,379],"_rootPartCFrame":[763.579,236.289,46.582,-0.954,0,0.301,0,1,0,-0.301,0,-0.954],"_humanoidState":5,"_cameraCFrame":[768.729,256.906,47.198,0.119,-0.958,0.26,0,0.262,0.965,-0.993,-0.114,0.031],"_shiftlockState":false,"_pose":"FreeFall","_animationQueue":[],"_animationSpeed":1,"_zoom":19.809},{"_mousePosition":[1033,379],"_rootPartCFrame":[763.547,236.715,46.847,-0.961,0,0.276,0,1,0,-0.276,0,-0.961],"_humanoidState":5,"_cameraCFrame":[768.652,257.346,47.457,0.119,-0.959,0.258,0,0.26,0.966,-0.993,-0.115,0.031],"_shiftlockState":false,"_pose":"FreeFall","_animationQueue":[],"_animationSpeed":1,"_zoom":19.809},{"_mousePosition":[1033,379],"_rootPartCFrame":[763.524,237,47.046,-0.966,0,0.259,0,1,0,-0.259,0,-0.966],"_humanoidState":5,"_cameraCFrame":[768.568,257.647,47.632,0.116,-0.96,0.255,0,0.256,0.967,-0.993,-0.112,0.03],"_shiftlockState":false,"_pose":"FreeFall","_animationQueue":[],"_animationSpeed":1,"_zoom":19.809},{"_mousePosition":[1033,379],"_rootPartCFrame":[763.484,237.406,47.377,-0.972,0,0.235,0,1,0,-0.235,0,-0.972],"_humanoidState":5,"_cameraCFrame":[768.455,258.073,47.928,0.11,-0.962,0.251,0,0.252,0.968,-0.994,-0.107,0.028],"_shiftlockState":false,"_pose":"FreeFall","_animationQueue":[],"_animationSpeed":1,"_zoom":19.809},{"_mousePosition":[1033,379],"_rootPartCFrame":[763.453,237.669,47.642,-0.976,0,0.218,0,1,0,-0.218,0,-0.976],"_humanoidState":5,"_cameraCFrame":[768.337,258.36,48.132,0.1,-0.964,0.247,0,0.248,0.969,-0.995,-0.097,0.025],"_shiftlockState":false,"_pose":"FreeFall","_animationQueue":[],"_animationSpeed":1,"_zoom":19.809},{"_mousePosition":[1033,379],"_rootPartCFrame":[763.4,237.878,47.894,-0.962,0,0.274,0,1,0,-0.274,0,-0.962],"_humanoidState":5,"_cameraCFrame":[768.228,258.585,48.323,0.088,-0.966,0.244,0,0.245,0.97,-0.996,-0.086,0.022],"_shiftlockState":false,"_pose":"FreeFall","_animationQueue":[],"_animationSpeed":1,"_zoom":19.809},{"_mousePosition":[1033,379],"_rootPartCFrame":[763.338,237.999,48.071,-0.944,0,0.331,0,1,0,-0.331,0,-0.944],"_humanoidState":5,"_cameraCFrame":[768.111,258.721,48.41,0.071,-0.968,0.241,0,0.242,0.97,-0.997,-0.069,0.017],"_shiftlockState":false,"_pose":"FreeFall","_animationQueue":[],"_animationSpeed":1,"_zoom":19.809},{"_mousePosition":[1033,379],"_rootPartCFrame":[763.191,238.132,48.343,-0.909,0,0.416,0,1,0,-0.416,0,-0.909],"_humanoidState":5,"_cameraCFrame":[767.794,258.895,48.7,0.077,-0.97,0.232,0,0.233,0.972,-0.997,-0.075,0.018],"_shiftlockState":false,"_pose":"FreeFall","_animationQueue":[["jump",0.1]],"_animationSpeed":1,"_zoom":19.809},{"_mousePosition":[1033,379],"_rootPartCFrame":[763.043,238.177,48.53,-0.856,0,0.517,0,1,0,-0.517,0,-0.856],"_humanoidState":5,"_cameraCFrame":[767.501,258.976,48.788,0.058,-0.973,0.225,0,0.225,0.974,-0.998,-0.056,0.013],"_shiftlockState":false,"_pose":"FreeFall","_animationQueue":[],"_animationSpeed":1,"_zoom":19.809},{"_mousePosition":[1033,379],"_rootPartCFrame":[762.863,238.168,48.701,-0.817,0,0.576,0,1,0,-0.576,0,-0.817],"_humanoidState":5,"_cameraCFrame":[767.326,258.967,48.829,0.029,-0.974,0.225,0,0.225,0.974,-1,-0.028,0.006],"_shiftlockState":false,"_pose":"FreeFall","_animationQueue":[["fall",0.3]],"_animationSpeed":1,"_zoom":19.809},{"_mousePosition":[1033,379],"_rootPartCFrame":[762.664,238.104,48.877,-0.795,0,0.607,0,1,0,-0.607,0,-0.795],"_humanoidState":5,"_cameraCFrame":[767.129,258.904,48.865,-0.003,-0.974,0.225,0,0.225,0.974,-1,0.003,-0.001],"_shiftlockState":false,"_pose":"FreeFall","_animationQueue":[],"_animationSpeed":1,"_zoom":19.809},{"_mousePosition":[1033,379],"_rootPartCFrame":[762.47,237.986,49.06,-0.779,0,0.627,0,1,0,-0.627,0,-0.779],"_humanoidState":5,"_cameraCFrame":[766.948,258.782,48.93,-0.029,-0.974,0.226,0,0.226,0.974,-1,0.028,-0.007],"_shiftlockState":false,"_pose":"FreeFall","_animationQueue":[],"_animationSpeed":1,"_zoom":19.809},{"_mousePosition":[1033,379],"_rootPartCFrame":[762.328,237.862,49.201,-0.771,0,0.637,0,1,0,-0.637,0,-0.771],"_humanoidState":5,"_cameraCFrame":[766.833,258.65,48.961,-0.053,-0.972,0.227,0,0.228,0.974,-0.999,0.052,-0.012],"_shiftlockState":false,"_pose":"FreeFall","_animationQueue":[],"_animationSpeed":1,"_zoom":19.809},{"_mousePosition":[1033,379],"_rootPartCFrame":[762.143,238.16,49.505,-0.764,0,0.645,0,1,0,-0.645,0,-0.764],"_humanoidState":7,"_cameraCFrame":[766.674,258.941,49.174,-0.073,-0.971,0.229,0,0.229,0.973,-0.997,0.071,-0.017],"_shiftlockState":false,"_pose":"FreeFall","_animationQueue":[["walk",0.1],["fall",0.3],["fall",0.3]],"_animationSpeed":1,"_zoom":19.809},{"_mousePosition":[1033,379],"_rootPartCFrame":[761.964,238.497,49.868,-0.76,0,0.65,0,1,0,-0.65,0,-0.76],"_humanoidState":7,"_cameraCFrame":[766.503,259.274,49.445,-0.093,-0.969,0.229,0,0.23,0.973,-0.996,0.09,-0.021],"_shiftlockState":false,"_pose":"FreeFall","_animationQueue":[],"_animationSpeed":1,"_zoom":19.809},{"_mousePosition":[1033,379],"_rootPartCFrame":[761.659,238.744,50.156,-0.683,0,0.73,0,1,0,-0.73,0,-0.683],"_humanoidState":8,"_cameraCFrame":[766.206,259.518,49.66,-0.108,-0.967,0.23,0,0.231,0.973,-0.994,0.105,-0.025],"_shiftlockState":false,"_pose":"Running","_animationQueue":[["walk",0.1],["fall",0.3],["walk",0.1]],"_animationSpeed":1.103,"_zoom":19.809},{"_mousePosition":[1033,379],"_rootPartCFrame":[761.394,238.851,50.348,-0.613,0,0.79,0,1,0,-0.79,0,-0.613],"_humanoidState":8,"_cameraCFrame":[765.962,259.617,49.767,-0.126,-0.965,0.231,0,0.232,0.973,-0.992,0.123,-0.029],"_shiftlockState":false,"_pose":"Running","_animationQueue":[["walk",0.1]],"_animationSpeed":1.103,"_zoom":19.809},{"_mousePosition":[1033,379],"_rootPartCFrame":[761.129,238.907,50.543,-0.549,0,0.836,0,1,0,-0.836,0,-0.549],"_humanoidState":8,"_cameraCFrame":[765.713,259.665,49.852,-0.149,-0.961,0.231,0,0.234,0.972,-0.989,0.145,-0.035],"_shiftlockState":false,"_pose":"Running","_animationQueue":[],"_animationSpeed":1.103,"_zoom":19.809},{"_mousePosition":[1033,379],"_rootPartCFrame":[760.864,238.937,50.742,-0.493,0,0.87,0,1,0,-0.87,0,-0.493],"_humanoidState":8,"_cameraCFrame":[765.466,259.688,49.965,-0.166,-0.958,0.232,0,0.236,0.972,-0.986,0.162,-0.039],"_shiftlockState":false,"_pose":"Running","_animationQueue":[],"_animationSpeed":1.103,"_zoom":19.809},{"_mousePosition":[1033,379],"_rootPartCFrame":[760.666,238.95,50.896,-0.458,0,0.889,0,1,0,-0.889,0,-0.458],"_humanoidState":8,"_cameraCFrame":[765.277,259.697,50.083,-0.174,-0.957,0.233,0,0.236,0.972,-0.985,0.169,-0.041],"_shiftlockState":false,"_pose":"Running","_animationQueue":[],"_animationSpeed":1.103,"_zoom":19.809},{"_mousePosition":[1033,379],"_rootPartCFrame":[760.403,238.96,51.107,-0.418,0,0.908,0,1,0,-0.908,0,-0.418],"_humanoidState":8,"_cameraCFrame":[765.057,259.7,50.356,-0.159,-0.959,0.235,0,0.238,0.971,-0.987,0.155,-0.038],"_shiftlockState":false,"_pose":"Running","_animationQueue":[],"_animationSpeed":1.103,"_zoom":19.809},{"_mousePosition":[1033,379],"_rootPartCFrame":[760.075,238.967,51.373,-0.376,0,0.926,0,1,0,-0.926,0,-0.376],"_humanoidState":8,"_cameraCFrame":[764.754,259.707,50.808,-0.12,-0.964,0.236,0,0.238,0.971,-0.993,0.116,-0.029],"_shiftlockState":false,"_pose":"Running","_animationQueue":[],"_animationSpeed":1.103,"_zoom":19.809},{"_mousePosition":[1033,379],"_rootPartCFrame":[759.812,238.969,51.582,-0.347,0,0.938,0,1,0,-0.938,0,-0.347],"_humanoidState":8,"_cameraCFrame":[764.486,259.717,51.299,-0.06,-0.97,0.236,0,0.236,0.972,-0.998,0.059,-0.014],"_shiftlockState":false,"_pose":"Running","_animationQueue":[],"_animationSpeed":1.103,"_zoom":19.809},{"_mousePosition":[1033,379],"_rootPartCFrame":[759.613,238.971,51.733,-0.325,0,0.946,0,1,0,-0.946,0,-0.325],"_humanoidState":8,"_cameraCFrame":[764.279,259.722,51.856,0.026,-0.972,0.236,0,0.236,0.972,-1,-0.026,0.006],"_shiftlockState":false,"_pose":"Running","_animationQueue":[["walk",0.1]],"_animationSpeed":1.103,"_zoom":19.809},{"_mousePosition":[1033,379],"_rootPartCFrame":[759.281,238.972,51.964,-0.284,0,0.959,0,1,0,-0.959,0,-0.284],"_humanoidState":8,"_cameraCFrame":[763.845,259.742,52.445,0.105,-0.967,0.23,0,0.232,0.973,-0.994,-0.102,0.024],"_shiftlockState":false,"_pose":"Running","_animationQueue":[],"_animationSpeed":1.103,"_zoom":19.809},{"_mousePosition":[1033,379],"_rootPartCFrame":[759.014,238.972,52.127,-0.245,0,0.969,0,1,0,-0.969,0,-0.245],"_humanoidState":8,"_cameraCFrame":[763.34,259.786,52.944,0.186,-0.958,0.218,0,0.222,0.975,-0.983,-0.181,0.041],"_shiftlockState":false,"_pose":"Running","_animationQueue":[],"_animationSpeed":1.103,"_zoom":19.809},{"_mousePosition":[1033,379],"_rootPartCFrame":[758.815,238.972,52.234,-0.212,0,0.977,0,1,0,-0.977,0,-0.212],"_humanoidState":8,"_cameraCFrame":[762.886,259.827,53.33,0.26,-0.943,0.205,0,0.213,0.977,-0.966,-0.254,0.055],"_shiftlockState":false,"_pose":"Running","_animationQueue":[],"_animationSpeed":1.103,"_zoom":19.809},{"_mousePosition":[1033,379],"_rootPartCFrame":[758.553,238.972,52.354,-0.162,0,0.987,0,1,0,-0.987,0,-0.162],"_humanoidState":8,"_cameraCFrame":[762.46,259.848,53.666,0.318,-0.927,0.197,0,0.208,0.978,-0.948,-0.311,0.066],"_shiftlockState":false,"_pose":"Running","_animationQueue":[],"_animationSpeed":1.103,"_zoom":19.809},{"_mousePosition":[1033,379],"_rootPartCFrame":[758.23,238.972,52.479,-0.093,0,0.996,0,1,0,-0.996,0,-0.093],"_humanoidState":8,"_cameraCFrame":[761.924,259.877,53.965,0.373,-0.909,0.186,0,0.201,0.98,-0.928,-0.366,0.075],"_shiftlockState":false,"_pose":"Running","_animationQueue":[],"_animationSpeed":1.103,"_zoom":19.809},{"_mousePosition":[1033,379],"_rootPartCFrame":[757.977,238.972,52.563,-0.037,0,0.999,0,1,0,-0.999,0,-0.037],"_humanoidState":8,"_cameraCFrame":[761.527,259.896,54.145,0.407,-0.896,0.179,0,0.196,0.981,-0.913,-0.399,0.08],"_shiftlockState":false,"_pose":"Running","_animationQueue":[["walk",0.1]],"_animationSpeed":1.103,"_zoom":19.809},{"_mousePosition":[1033,379],"_rootPartCFrame":[757.79,238.972,52.615,0.004,0,1,0,1,0,-1,0,0.004],"_humanoidState":8,"_cameraCFrame":[761.251,259.906,54.281,0.434,-0.884,0.175,0,0.194,0.981,-0.901,-0.425,0.084],"_shiftlockState":false,"_pose":"Running","_animationQueue":[],"_animationSpeed":1.103,"_zoom":19.809},{"_mousePosition":[1033,379],"_rootPartCFrame":[757.485,238.973,52.689,0.074,0,0.997,0,1,0,-0.997,0,0.074],"_humanoidState":8,"_cameraCFrame":[760.912,259.909,54.387,0.444,-0.879,0.173,0,0.193,0.981,-0.896,-0.436,0.086],"_shiftlockState":false,"_pose":"Running","_animationQueue":[],"_animationSpeed":1.103,"_zoom":19.809},{"_mousePosition":[1033,379],"_rootPartCFrame":[757.245,238.973,52.741,0.124,0,0.992,0,1,0,-0.992,0,0.124],"_humanoidState":8,"_cameraCFrame":[760.666,259.909,54.45,0.447,-0.878,0.173,0,0.193,0.981,-0.895,-0.438,0.086],"_shiftlockState":false,"_pose":"Running","_animationQueue":[],"_animationSpeed":1.103,"_zoom":19.809},{"_mousePosition":[1033,379],"_rootPartCFrame":[756.944,238.921,52.768,0.186,0,0.983,0,1,0,-0.983,0,0.186],"_humanoidState":8,"_cameraCFrame":[760.364,259.858,54.48,0.448,-0.877,0.173,0,0.193,0.981,-0.894,-0.439,0.086],"_shiftlockState":false,"_pose":"Running","_animationQueue":[["walk",0.1]],"_animationSpeed":1.017,"_zoom":19.809},{"_mousePosition":[1033,379],"_rootPartCFrame":[756.704,239.795,52.769,0.234,0,0.972,0,1,0,-0.972,0,0.234],"_humanoidState":3,"_cameraCFrame":[760.124,260.731,54.482,0.448,-0.877,0.173,0,0.193,0.981,-0.894,-0.439,0.086],"_shiftlockState":false,"_pose":"Jumping","_animationQueue":[["walk",0.1],["jump",0.1]],"_animationSpeed":1,"_zoom":19.809},{"_mousePosition":[1033,379],"_rootPartCFrame":[756.524,240.416,52.755,0.262,0,0.965,0,1,0,-0.965,0,0.262],"_humanoidState":5,"_cameraCFrame":[759.944,261.352,54.468,0.448,-0.877,0.173,0,0.193,0.981,-0.894,-0.439,0.086],"_shiftlockState":false,"_pose":"FreeFall","_animationQueue":[["jump",0.1]],"_animationSpeed":1,"_zoom":19.809},{"_mousePosition":[1033,379],"_rootPartCFrame":[756.285,241.197,52.702,0.29,0,0.957,0,1,0,-0.957,0,0.29],"_humanoidState":5,"_cameraCFrame":[759.677,262.14,54.401,0.448,-0.878,0.171,0,0.191,0.981,-0.894,-0.439,0.086],"_shiftlockState":false,"_pose":"FreeFall","_animationQueue":[],"_animationSpeed":1,"_zoom":19.809},{"_mousePosition":[1033,379],"_rootPartCFrame":[756.046,241.924,52.61,0.313,0,0.95,0,1,0,-0.95,0,0.313],"_humanoidState":5,"_cameraCFrame":[759.362,262.882,54.283,0.451,-0.877,0.167,0,0.188,0.982,-0.893,-0.443,0.084],"_shiftlockState":false,"_pose":"FreeFall","_animationQueue":[],"_animationSpeed":1,"_zoom":19.809},{"_mousePosition":[1033,379],"_rootPartCFrame":[755.807,242.596,52.492,0.332,0,0.943,0,1,0,-0.943,0,0.332],"_humanoidState":5,"_cameraCFrame":[759.022,263.571,54.157,0.46,-0.873,0.162,0,0.183,0.983,-0.888,-0.452,0.084],"_shiftlockState":false,"_pose":"FreeFall","_animationQueue":[],"_animationSpeed":1,"_zoom":19.809},{"_mousePosition":[1033,379],"_rootPartCFrame":[755.569,243.214,52.372,0.349,0,0.937,0,1,0,-0.937,0,0.349],"_humanoidState":5,"_cameraCFrame":[758.664,264.209,54.029,0.472,-0.868,0.156,0,0.177,0.984,-0.882,-0.464,0.084],"_shiftlockState":false,"_pose":"FreeFall","_animationQueue":[],"_animationSpeed":1,"_zoom":19.809},{"_mousePosition":[1033,379],"_rootPartCFrame":[755.273,243.909,52.219,0.368,0,0.93,0,1,0,-0.93,0,0.368],"_humanoidState":5,"_cameraCFrame":[758.297,264.916,53.875,0.48,-0.864,0.153,0,0.174,0.985,-0.877,-0.473,0.084],"_shiftlockState":false,"_pose":"FreeFall","_animationQueue":[],"_animationSpeed":1,"_zoom":19.809},{"_mousePosition":[1033,379],"_rootPartCFrame":[755.038,244.404,52.094,0.383,0,0.924,0,1,0,-0.924,0,0.383],"_humanoidState":5,"_cameraCFrame":[758.051,265.412,53.752,0.482,-0.863,0.152,0,0.174,0.985,-0.876,-0.475,0.084],"_shiftlockState":false,"_pose":"FreeFall","_animationQueue":[],"_animationSpeed":1,"_zoom":19.809},{"_mousePosition":[1033,379],"_rootPartCFrame":[754.862,244.74,51.998,0.393,0,0.92,0,1,0,-0.92,0,0.393],"_humanoidState":5,"_cameraCFrame":[757.876,265.748,53.656,0.482,-0.863,0.152,0,0.174,0.985,-0.876,-0.475,0.084],"_shiftlockState":false,"_pose":"FreeFall","_animationQueue":[],"_animationSpeed":1,"_zoom":19.809},{"_mousePosition":[1033,379],"_rootPartCFrame":[754.628,245.139,51.869,0.405,0,0.914,0,1,0,-0.914,0,0.405],"_humanoidState":5,"_cameraCFrame":[757.642,266.147,53.527,0.482,-0.863,0.152,0,0.174,0.985,-0.876,-0.475,0.084],"_shiftlockState":false,"_pose":"FreeFall","_animationQueue":[],"_animationSpeed":1,"_zoom":19.809},{"_mousePosition":[1033,379],"_rootPartCFrame":[754.336,245.562,51.709,0.419,0,0.908,0,1,0,-0.908,0,0.419],"_humanoidState":5,"_cameraCFrame":[757.348,266.57,53.37,0.483,-0.862,0.152,0,0.174,0.985,-0.876,-0.476,0.084],"_shiftlockState":false,"_pose":"FreeFall","_animationQueue":[],"_animationSpeed":1,"_zoom":19.809},{"_mousePosition":[1033,379],"_rootPartCFrame":[754.161,245.775,51.612,0.426,0,0.905,0,1,0,-0.905,0,0.426],"_humanoidState":5,"_cameraCFrame":[757.163,266.783,53.292,0.488,-0.859,0.152,0,0.174,0.985,-0.873,-0.481,0.085],"_shiftlockState":false,"_pose":"FreeFall","_animationQueue":[],"_animationSpeed":1,"_zoom":19.809},{"_mousePosition":[1033,379],"_rootPartCFrame":[753.927,246.011,51.484,0.434,0,0.901,0,1,0,-0.901,0,0.434],"_humanoidState":5,"_cameraCFrame":[756.918,267.019,53.183,0.494,-0.856,0.151,0,0.174,0.985,-0.87,-0.486,0.086],"_shiftlockState":false,"_pose":"FreeFall","_animationQueue":[],"_animationSpeed":1,"_zoom":19.809},{"_mousePosition":[1033,379],"_rootPartCFrame":[753.695,246.193,51.354,0.441,0,0.897,0,1,0,-0.897,0,0.441],"_humanoidState":5,"_cameraCFrame":[756.682,267.201,53.059,0.496,-0.855,0.151,0,0.174,0.985,-0.868,-0.488,0.086],"_shiftlockState":false,"_pose":"FreeFall","_animationQueue":[],"_animationSpeed":1,"_zoom":19.809},{"_mousePosition":[1033,379],"_rootPartCFrame":[753.405,246.343,51.189,0.45,0,0.893,0,1,0,-0.893,0,0.45],"_humanoidState":5,"_cameraCFrame":[756.396,267.351,52.888,0.494,-0.856,0.151,0,0.174,0.985,-0.87,-0.486,0.086],"_shiftlockState":false,"_pose":"FreeFall","_animationQueue":[["fall",0.3]],"_animationSpeed":1,"_zoom":19.809},{"_mousePosition":[1033,379],"_rootPartCFrame":[753.231,246.393,51.09,0.455,0,0.89,0,1,0,-0.89,0,0.455],"_humanoidState":5,"_cameraCFrame":[756.284,267.392,52.774,0.483,-0.862,0.154,0,0.176,0.984,-0.876,-0.475,0.085],"_shiftlockState":false,"_pose":"FreeFall","_animationQueue":[],"_animationSpeed":1,"_zoom":19.809},{"_mousePosition":[1033,379],"_rootPartCFrame":[752.999,246.411,50.958,0.461,0,0.888,0,1,0,-0.888,0,0.461],"_humanoidState":5,"_cameraCFrame":[756.158,267.396,52.611,0.464,-0.872,0.159,0,0.18,0.984,-0.886,-0.456,0.083],"_shiftlockState":false,"_pose":"FreeFall","_animationQueue":[],"_animationSpeed":1,"_zoom":19.809},{"_mousePosition":[1033,379],"_rootPartCFrame":[752.707,246.357,50.797,0.465,0,0.885,0,1,0,-0.885,0,0.465],"_humanoidState":5,"_cameraCFrame":[755.962,267.331,52.401,0.442,-0.882,0.164,0,0.183,0.983,-0.897,-0.435,0.081],"_shiftlockState":false,"_pose":"FreeFall","_animationQueue":[],"_animationSpeed":1,"_zoom":19.809},{"_mousePosition":[1033,379],"_rootPartCFrame":[752.531,246.284,50.703,0.466,0,0.885,0,1,0,-0.885,0,0.466],"_humanoidState":5,"_cameraCFrame":[755.916,267.24,52.251,0.416,-0.893,0.171,0,0.188,0.982,-0.91,-0.408,0.078],"_shiftlockState":false,"_pose":"FreeFall","_animationQueue":[],"_animationSpeed":1,"_zoom":19.809},{"_mousePosition":[1033,379],"_rootPartCFrame":[752.292,246.138,50.585,0.464,0,0.886,0,1,0,-0.886,0,0.464],"_humanoidState":5,"_cameraCFrame":[755.834,267.073,52.049,0.382,-0.907,0.179,0,0.193,0.981,-0.924,-0.375,0.074],"_shiftlockState":false,"_pose":"FreeFall","_animationQueue":[],"_animationSpeed":1,"_zoom":19.809},{"_mousePosition":[1033,379],"_rootPartCFrame":[752.026,245.952,50.454,0.451,0.013,0.893,-0.008,1,-0.011,-0.893,-0.002,0.451],"_humanoidState":5,"_cameraCFrame":[755.778,266.858,51.813,0.343,-0.92,0.188,0,0.201,0.98,-0.939,-0.336,0.069],"_shiftlockState":false,"_pose":"FreeFall","_animationQueue":[["fall",0.3]],"_animationSpeed":1,"_zoom":19.809},{"_mousePosition":[1033,379],"_rootPartCFrame":[752.002,246.118,50.442,0.441,0.015,0.898,-0.009,1,-0.013,-0.898,-0.003,0.441],"_humanoidState":12,"_cameraCFrame":[755.99,266.985,51.7,0.303,-0.932,0.2,0,0.21,0.978,-0.953,-0.297,0.064],"_shiftlockState":false,"_pose":"Climbing","_animationQueue":[["walk",0.1],["fall",0.3],["climb",0.1]],"_animationSpeed":0.246,"_zoom":19.809},{"_mousePosition":[1033,379],"_rootPartCFrame":[752.001,246.258,50.441,0.44,0.005,0.898,-0.003,1,-0.004,-0.898,-0.001,0.44],"_humanoidState":12,"_cameraCFrame":[756.152,267.094,51.594,0.268,-0.94,0.209,0,0.217,0.976,-0.963,-0.262,0.058],"_shiftlockState":false,"_pose":"Climbing","_animationQueue":[["climb",0.1]],"_animationSpeed":0.92,"_zoom":19.809},{"_mousePosition":[1033,379],"_rootPartCFrame":[751.768,246.936,50.366,0.421,-0.001,0.907,0.001,1,0.001,-0.907,0,0.421],"_humanoidState":8,"_cameraCFrame":[756.134,267.73,51.402,0.231,-0.948,0.22,0,0.227,0.974,-0.973,-0.225,0.052],"_shiftlockState":false,"_pose":"Standing","_animationQueue":[["climb",0.1],["walk",0.1],["idle",0.1]],"_animationSpeed":1,"_zoom":19.809},{"_mousePosition":[1033,379],"_rootPartCFrame":[751.449,247.45,50.276,0.397,0,0.918,0,1,0,-0.918,0,0.397],"_humanoidState":8,"_cameraCFrame":[756.029,268.199,51.206,0.199,-0.952,0.231,0,0.236,0.972,-0.98,-0.193,0.047],"_shiftlockState":false,"_pose":"Running","_animationQueue":[["walk",0.1]],"_animationSpeed":1.061,"_zoom":19.809},{"_mousePosition":[1033,379],"_rootPartCFrame":[751.19,247.675,50.213,0.376,0,0.927,0,1,0,-0.927,0,0.376],"_humanoidState":8,"_cameraCFrame":[756.013,268.37,51.03,0.167,-0.955,0.243,0,0.247,0.969,-0.986,-0.162,0.041],"_shiftlockState":false,"_pose":"Running","_animationQueue":[],"_animationSpeed":1.061,"_zoom":19.809},{"_mousePosition":[1033,379],"_rootPartCFrame":[750.929,247.799,50.159,0.353,0,0.935,0,1,0,-0.935,0,0.353],"_humanoidState":8,"_cameraCFrame":[756.017,268.43,50.879,0.14,-0.956,0.257,0,0.259,0.966,-0.99,-0.135,0.036],"_shiftlockState":false,"_pose":"Running","_animationQueue":[["walk",0.1]],"_animationSpeed":1.061,"_zoom":19.809},{"_mousePosition":[1033,379],"_rootPartCFrame":[750.732,247.854,50.124,0.336,0,0.942,0,1,0,-0.942,0,0.336],"_humanoidState":8,"_cameraCFrame":[756.125,268.404,50.761,0.117,-0.955,0.272,0,0.274,0.962,-0.993,-0.113,0.032],"_shiftlockState":false,"_pose":"Running","_animationQueue":[],"_animationSpeed":1.061,"_zoom":19.809},{"_mousePo