[{"_mousePosition":[1180,366],"_rootPartCFrame":[776.025,222.952,47.142,0.002,0.003,1,0,1,-0.003,-1,0,0.002],"_humanoidState":8,"_cameraCFrame":[779.863,227.885,47.137,-0.001,-0.667,0.745,0,0.745,0.667,-1,0.001,-0.001],"_shiftlockState":false,"_pose":"Standing","_animationQueue":[],"_animationSpeed":1,"_zoom":5.146},{"_mousePosition":[1109,384],"_rootPartCFrame":[775.853,222.867,47.142,0.002,0.001,1,0,1,-0.001,-1,0,0.002],"_humanoidState":8,"_cameraCFrame":[779.688,227.799,47.137,-0.001,-0.667,0.745,0,0.745,0.667,-1,0.001,-0.001],"_shiftlockState":false,"_pose":"Standing","_animationQueue":[],"_animationSpeed":1,"_zoom":5.146},{"_mousePosition":[1077,388],"_rootPartCFrame":[775.588,222.72,47.143,0.001,0,1,0,1,0,-1,0,0.001],"_humanoidState":8,"_cameraCFrame":[779.422,227.653,47.137,-0.001,-0.667,0.745,0,0.745,0.667,-1,0.001,-0.001],"_shiftlockState":false,"_pose":"Running","_animationQueue":[["walk",0.1]],"_animationSpeed":1.004,"_zoom":5.146},{"_mousePosition":[1068,389],"_rootPartCFrame":[775.322,222.611,47.143,0.001,0,1,0,1,0,-1,0,0.001],"_humanoidState":8,"_cameraCFrame":[779.156,227.543,47.138,-0.001,-0.667,0.745,0,0.745,0.667,-1,0.001,-0.001],"_shiftlockState":false,"_pose":"Running","_animationQueue":[["walk",0.1]],"_animationSpeed":1.1,"_zoom":5.146},{"_mousePosition":[999,392],"_rootPartCFrame":[775.055,222.636,47.143,0.001,0,1,0,1,0,-1,0,0.001],"_humanoidState":8,"_cameraCFrame":[778.889,227.568,47.138,-0.001,-0.667,0.745,0,0.745,0.667,-1,0.001,-0.001],"_shiftlockState":false,"_pose":"Running","_animationQueue":[],"_animationSpeed":1.1,"_zoom":5.146},{"_mousePosition":[992,392],"_rootPartCFrame":[774.788,222.663,47.144,0,0,1,0,1,0,-1,0,0],"_humanoidState":8,"_cameraCFrame":[778.622,227.595,47.139,-0.001,-0.667,0.745,0,0.745,0.667,-1,0.001,-0.001],"_shiftlockState":false,"_pose":"Running","_animationQueue":[],"_animationSpeed":1.1,"_zoom":5.146},{"_mousePosition":[928,394],"_rootPartCFrame":[774.522,222.68,47.144,0,0,1,0,1,0,-1,0,0],"_humanoidState":8,"_cameraCFrame":[778.356,227.612,47.139,-0.001,-0.667,0.745,0,0.745,0.667,-1,0.001,-0.001],"_shiftlockState":false,"_pose":"Running","_animationQueue":[],"_animationSpeed":1.1,"_zoom":5.146},{"_mousePosition":[922,394],"_rootPartCFrame":[774.255,222.689,47.144,0,0,1,0,1,0,-1,0,0],"_humanoidState":8,"_cameraCFrame":[778.089,227.621,47.139,-0.001,-0.667,0.745,0,0.745,0.667,-1,0.001,-0.001],"_shiftlockState":false,"_pose":"Running","_animationQueue":[["walk",0.1]],"_animationSpeed":1.1,"_zoom":5.146},{"_mousePosition":[872,394],"_rootPartCFrame":[773.988,222.694,47.145,0,0,1,0,1,0,-1,0,0],"_humanoidState":8,"_cameraCFrame":[777.822,227.626,47.14,-0.001,-0.667,0.745,0,0.745,0.667,-1,0.001,-0.001],"_shiftlockState":false,"_pose":"Running","_animationQueue":[],"_animationSpeed":1.1,"_zoom":5.146},{"_mousePosition":[850,393],"_rootPartCFrame":[773.722,222.697,47.145,0,0,1,0,1,0,-1,0,0],"_humanoidState":8,"_cameraCFrame":[777.555,227.629,47.14,-0.001,-0.667,0.745,0,0.745,0.667,-1,0.001,-0.001],"_shiftlockState":false,"_pose":"Running","_animationQueue":[],"_animationSpeed":1.1,"_zoom":5.146},{"_mousePosition":[844,392],"_rootPartCFrame":[773.455,222.698,47.145,-0.001,0,1,0,1,0,-1,0,-0.001],"_humanoidState":8,"_cameraCFrame":[777.289,227.631,47.14,-0.001,-0.667,0.745,0,0.745,0.667,-1,0.001,-0.001],"_shiftlockState":false,"_pose":"Running","_animationQueue":[],"_animationSpeed":1.1,"_zoom":5.146},{"_mousePosition":[808,390],"_rootPartCFrame":[773.188,222.699,47.146,-0.001,0,1,0,1,0,-1,0,-0.001],"_humanoidState":8,"_cameraCFrame":[777.022,227.631,47.141,-0.001,-0.667,0.745,0,0.745,0.667,-1,0.001,-0.001],"_shiftlockState":false,"_pose":"Running","_animationQueue":[],"_animationSpeed":1.1,"_zoom":5.146},{"_mousePosition":[794,390],"_rootPartCFrame":[772.921,222.699,47.146,-0.001,0,1,0,1,0,-1,0,-0.001],"_humanoidState":8,"_cameraCFrame":[776.755,227.632,47.141,-0.001,-0.667,0.745,0,0.745,0.667,-1,0.001,-0.001],"_shiftlockState":false,"_pose":"Running","_animationQueue":[],"_animationSpeed":1.1,"_zoom":5.146},{"_mousePosition":[792,390],"_rootPartCFrame":[772.655,222.699,47.147,-0.001,0,1,0,1,0,-1,0,-0.001],"_humanoidState":8,"_cameraCFrame":[776.489,227.632,47.141,-0.001,-0.667,0.745,0,0.745,0.667,-1,0.001,-0.001],"_shiftlockState":false,"_pose":"Running","_animationQueue":[],"_animationSpeed":1.1,"_zoom":5.146},{"_mousePosition":[777,390],"_rootPartCFrame":[772.388,222.7,47.147,-0.001,0,1,0,1,0,-1,0,-0.001],"_humanoidState":8,"_cameraCFrame":[776.222,227.632,47.142,-0.001,-0.667,0.745,0,0.745,0.667,-1,0.001,-0.001],"_shiftlockState":false,"_pose":"Running","_animationQueue":[["walk",0.1]],"_animationSpeed":1.1,"_zoom":5.146},{"_mousePosition":[775,390],"_rootPartCFrame":[772.121,222.7,47.147,-0.001,0,1,0,1,0,-1,0,-0.001],"_humanoidState":8,"_cameraCFrame":[775.955,227.632,47.142,-0.001,-0.667,0.745,0,0.745,0.667,-1,0.001,-0.001],"_shiftlockState":false,"_pose":"Running","_animationQueue":[],"_animationSpeed":1.1,"_zoom":5.146},{"_mousePosition":[775,390],"_rootPartCFrame":[771.854,222.7,47.148,-0.001,0,1,0,1,0,-1,0,-0.001],"_humanoidState":8,"_cameraCFrame":[775.688,227.632,47.142,-0.001,-0.667,0.745,0,0.745,0.667,-1,0.001,-0.001],"_shiftlockState":false,"_pose":"Running","_animationQueue":[],"_animationSpeed":1.1,"_zoom":5.146},{"_mousePosition":[775,390],"_rootPartCFrame":[771.521,223.783,47.148,-0.001,0,1,0,1,0,-1,0,-0.001],"_humanoidState":3,"_cameraCFrame":[775.355,228.716,47.143,-0.001,-0.667,0.745,0,0.745,0.667,-1,0.001,-0.001],"_shiftlockState":false,"_pose":"Jumping","_animationQueue":[["walk",0.1],["jump",0.1]],"_animationSpeed":1,"_zoom":5.146},{"_mousePosition":[775,390],"_rootPartCFrame":[771.321,224.395,47.148,-0.001,0,1,0,1,0,-1,0,-0.001],"_humanoidState":5,"_cameraCFrame":[775.155,229.327,47.143,-0.001,-0.667,0.745,0,0.745,0.667,-1,0.001,-0.001],"_shiftlockState":false,"_pose":"FreeFall","_animationQueue":[["jump",0.1]],"_animationSpeed":1,"_zoom":5.146},{"_mousePosition":[775,390],"_rootPartCFrame":[771.055,225.162,47.149,-0.001,0,1,0,1,0,-1,0,-0.001],"_humanoidState":5,"_cameraCFrame":[774.889,230.095,47.144,-0.001,-0.667,0.745,0,0.745,0.667,-1,0.001,-0.001],"_shiftlockState":false,"_pose":"FreeFall","_animationQueue":[],"_animationSpeed":1,"_zoom":5.146},{"_mousePosition":[775,390],"_rootPartCFrame":[770.788,225.875,47.149,-0.001,0,1,0,1,0,-1,0,-0.001],"_humanoidState":5,"_cameraCFrame":[774.622,230.808,47.144,-0.001,-0.667,0.745,0,0.745,0.667,-1,0.001,-0.001],"_shiftlockState":false,"_pose":"FreeFall","_animationQueue":[],"_animationSpeed":1,"_zoom":5.146},{"_mousePosition":[775,390],"_rootPartCFrame":[770.455,226.69,47.149,-0.001,0,1,0,1,0,-1,0,-0.001],"_humanoidState":5,"_cameraCFrame":[774.289,231.622,47.144,-0.001,-0.667,0.745,0,0.745,0.667,-1,0.001,-0.001],"_shiftlockState":false,"_pose":"FreeFall","_animationQueue":[],"_animationSpeed":1,"_zoom":5.146},{"_mousePosition":[775,390],"_rootPartCFrame":[770.255,227.138,47.15,-0.001,0,1,0,1,0,-1,0,-0.001],"_humanoidState":5,"_cameraCFrame":[774.086,232.073,47.141,-0.002,-0.668,0.744,0,0.744,0.668,-1,0.002,-0.002],"_shiftlockState":false,"_pose":"FreeFall","_animationQueue":[],"_animationSpeed":1,"_zoom":5.146},{"_mousePosition":[775,390],"_rootPartCFrame":[769.988,227.687,47.15,-0.001,0,1,0,1,0,-1,0,-0.001],"_humanoidState":5,"_cameraCFrame":[773.786,232.66,47.113,-0.01,-0.675,0.738,0,0.738,0.675,-1,0.007,-0.007],"_shiftlockState":false,"_pose":"FreeFall","_animationQueue":[],"_animationSpeed":1,"_zoom":5.146},{"_mousePosition":[775,390],"_rootPartCFrame":[769.722,228.182,47.151,-0.001,0,1,0,1,0,-1,0,-0.001],"_humanoidState":5,"_cameraCFrame":[773.442,233.237,47.06,-0.024,-0.691,0.723,0,0.723,0.691,-1,0.017,-0.018],"_shiftlockState":false,"_pose":"FreeFall","_animationQueue":[],"_animationSpeed":1,"_zoom":5.146},{"_mousePosition":[775,390],"_rootPartCFrame":[769.388,228.725,47.154,-0.002,0,1,0,1,0,-1,0,-0.002],"_humanoidState":5,"_cameraCFrame":[772.996,233.891,47.009,-0.04,-0.712,0.701,0,0.702,0.713,-0.999,0.029,-0.028],"_shiftlockState":false,"_pose":"FreeFall","_animationQueue":[],"_animationSpeed":1,"_zoom":5.146},{"_mousePosition":[775,390],"_rootPartCFrame":[769.122,229.097,47.16,-0.005,0,1,0,1,0,-1,0,-0.005],"_humanoidState":5,"_cameraCFrame":[772.626,234.361,46.979,-0.052,-0.731,0.681,0,0.682,0.732,-0.999,0.038,-0.035],"_shiftlockState":false,"_pose":"FreeFall","_animationQueue":[],"_animationSpeed":1,"_zoom":5.146},{"_mousePosition":[775,390],"_rootPartCFrame":[768.922,229.34,47.167,-0.008,0,1,0,1,0,-1,0,-0.008],"_humanoidState":5,"_cameraCFrame":[772.32,234.7,46.959,-0.061,-0.749,0.66,0,0.662,0.75,-0.998,0.046,-0.04],"_shiftlockState":false,"_pose":"FreeFall","_animationQueue":[],"_animationSpeed":1,"_zoom":5.146},{"_mousePosition":[775,390],"_rootPartCFrame":[768.656,229.617,47.18,-0.013,0,1,0,1,0,-1,0,-0.013],"_humanoidState":5,"_cameraCFrame":[771.964,235.052,46.954,-0.068,-0.763,0.643,0,0.644,0.765,-0.998,0.052,-0.044],"_shiftlockState":false,"_pose":"FreeFall","_animationQueue":[],"_animationSpeed":1,"_zoom":5.146},{"_mousePosition":[775,390],"_rootPartCFrame":[768.39,229.84,47.196,-0.019,0,1,0,1,0,-1,0,-0.019],"_humanoidState":5,"_cameraCFrame":[771.624,235.336,46.961,-0.072,-0.774,0.628,0,0.63,0.776,-0.997,0.056,-0.046],"_shiftlockState":false,"_pose":"FreeFall","_animationQueue":[],"_animationSpeed":1,"_zoom":5.146},{"_mousePosition":[775,390],"_rootPartCFrame":[768.123,230.008,47.214,-0.026,0,1,0,1,0,-1,0,-0.026],"_humanoidState":5,"_cameraCFrame":[771.292,235.556,46.974,-0.076,-0.784,0.616,0,0.618,0.787,-0.997,0.059,-0.047],"_shiftlockState":false,"_pose":"FreeFall","_animationQueue":[],"_animationSpeed":1,"_zoom":5.146},{"_mousePosition":[775,390],"_rootPartCFrame":[767.857,230.122,47.233,-0.032,0,0.999,0,1,0,-0.999,0,-0.032],"_humanoidState":5,"_cameraCFrame":[771.064,235.829,46.976,-0.08,-0.792,0.605,0,0.607,0.794,-0.997,0.063,-0.048],"_shiftlockState":false,"_pose":"FreeFall","_animationQueue":[],"_animationSpeed":1,"_zoom":6.933},{"_mousePosition":[775,390],"_rootPartCFrame":[767.592,230.181,47.253,-0.038,0,0.999,0,1,0,-0.999,0,-0.038],"_humanoidState":5,"_cameraCFrame":[770.93,236.159,46.975,-0.083,-0.798,0.597,0,0.599,0.801,-0.997,0.066,-0.05],"_shiftlockState":false,"_pose":"FreeFall","_animationQueue":[],"_animationSpeed":1,"_zoom":6.933},{"_mousePosition":[775,390],"_rootPartCFrame":[767.259,230.178,47.28,-0.045,0,0.999,0,1,0,-0.999,0,-0.045],"_humanoidState":5,"_cameraCFrame":[770.715,236.434,46.981,-0.086,-0.805,0.587,0,0.589,0.808,-0.996,0.07,-0.051],"_shiftlockState":false,"_pose":"FreeFall","_animationQueue":[["fall",0.3]],"_animationSpeed":1,"_zoom":6.933},{"_mousePosition":[775,390],"_rootPartCFrame":[767.06,230.135,47.296,-0.049,0,0.999,0,1,0,-0.999,0,-0.049],"_humanoidState":5,"_cameraCFrame":[770.762,236.827,46.969,-0.088,-0.81,0.58,0,0.582,0.813,-0.996,0.072,-0.051],"_shiftlockState":false,"_pose":"FreeFall","_animationQueue":[],"_animationSpeed":1,"_zoom":9.166},{"_mousePosition":[775,390],"_rootPartCFrame":[766.728,229.996,47.325,-0.055,0,0.998,0,1,0,-0.998,0,-0.055],"_humanoidState":5,"_cameraCFrame":[770.708,237.174,46.968,-0.089,-0.815,0.573,0,0.575,0.818,-0.996,0.073,-0.051],"_shiftlockState":false,"_pose":"FreeFall","_animationQueue":[],"_animationSpeed":1,"_zoom":9.166},{"_mousePosition":[775,390],"_rootPartCFrame":[766.529,229.872,47.342,-0.059,0,0.998,0,1,0,-0.998,0,-0.059],"_humanoidState":5,"_cameraCFrame":[770.764,237.508,46.963,-0.089,-0.819,0.567,0,0.57,0.822,-0.996,0.073,-0.051],"_shiftlockState":false,"_pose":"FreeFall","_animationQueue":[],"_animationSpeed":1,"_zoom":9.166},{"_mousePosition":[775,390],"_rootPartCFrame":[766.197,229.596,47.372,-0.064,0,0.998,0,1,0,-0.998,0,-0.064],"_humanoidState":5,"_cameraCFrame":[770.507,237.635,45.229,-0.089,-0.821,0.563,0,0.566,0.825,-0.996,0.074,-0.05],"_shiftlockState":true,"_pose":"FreeFall","_animationQueue":[],"_animationSpeed":1,"_zoom":9.166},{"_mousePosition":[683,384],"_rootPartCFrame":[765.931,229.315,47.396,-0.09,0,0.996,0,1,0,-0.996,0,-0.09],"_humanoidState":5,"_cameraCFrame":[770.432,237.633,45.236,-0.089,-0.821,0.563,0,0.566,0.825,-0.996,0.074,-0.05],"_shiftlockState":true,"_pose":"FreeFall","_animationQueue":[],"_animationSpeed":1,"_zoom":9.166},{"_mousePosition":[683,384],"_rootPartCFrame":[765.599,228.886,47.425,-0.089,0,0.996,0,1,0,-0.996,0,-0.089],"_humanoidState":5,"_cameraCFrame":[770.206,237.519,45.256,-0.089,-0.827,0.555,0,0.557,0.831,-0.996,0.074,-0.05],"_shiftlockState":true,"_pose":"FreeFall","_animationQueue":[["fall",0.3]],"_animationSpeed":1,"_zoom":9.166},{"_mousePosition":[683,384],"_rootPartCFrame":[765.333,228.482,47.449,-0.089,0,0.996,0,1,0,-0.996,0,-0.089],"_humanoidState":5,"_cameraCFrame":[769.952,237.268,45.284,-0.088,-0.832,0.547,0,0.549,0.836,-0.996,0.074,-0.048],"_shiftlockState":true,"_pose":"FreeFall","_animationQueue":[],"_animationSpeed":1,"_zoom":9.166},{"_mousePosition":[683,384],"_rootPartCFrame":[765.201,228.259,47.461,-0.088,0,0.996,0,1,0,-0.996,0,-0.088],"_humanoidState":5,"_cameraCFrame":[769.8,237.233,45.322,-0.083,-0.84,0.535,0,0.537,0.843,-0.997,0.07,-0.045],"_shiftlockState":true,"_pose":"FreeFall","_animationQueue":[],"_animationSpeed":1,"_zoom":9.166},{"_mousePosition":[683,384],"_rootPartCFrame":[764.868,227.643,47.491,-0.084,0,0.996,0,1,0,-0.996,0,-0.084],"_humanoidState":5,"_cameraCFrame":[769.386,236.799,45.412,-0.071,-0.852,0.518,0,0.52,0.854,-0.997,0.061,-0.037],"_shiftlockState":true,"_pose":"FreeFall","_animationQueue":[],"_animationSpeed":1,"_zoom":9.166},{"_mousePosition":[683,384],"_rootPartCFrame":[764.669,227.233,47.507,-0.072,0,0.997,0,1,0,-0.997,0,-0.072],"_humanoidState":5,"_cameraCFrame":[769.067,236.562,45.542,-0.048,-0.867,0.497,0,0.497,0.868,-0.999,0.042,-0.024],"_shiftlockState":true,"_pose":"FreeFall","_animationQueue":[],"_animationSpeed":1,"_zoom":9.166},{"_mousePosition":[683,384],"_rootPartCFrame":[764.403,226.638,47.527,-0.051,0,0.999,0,1,0,-0.999,0,-0.051],"_humanoidState":5,"_cameraCFrame":[768.721,236.07,45.593,-0.042,-0.874,0.484,0,0.485,0.875,-0.999,0.037,-0.02],"_shiftlockState":true,"_pose":"FreeFall","_animationQueue":[],"_animationSpeed":1,"_zoom":9.166},{"_mousePosition":[683,384],"_rootPartCFrame":[764.137,225.988,47.541,-0.044,0,0.999,0,1,0,-0.999,0,-0.044],"_humanoidState":5,"_cameraCFrame":[768.47,235.449,45.606,-0.042,-0.874,0.484,0,0.485,0.875,-0.999,0.037,-0.02],"_shiftlockState":true,"_pose":"FreeFall","_animationQueue":[],"_animationSpeed":1,"_zoom":9.166},{"_mousePosition":[683,384],"_rootPartCFrame":[763.871,225.284,47.552,-0.043,0,0.999,0,1,0,-0.999,0,-0.043],"_humanoidState":5,"_cameraCFrame":[768.214,234.764,45.617,-0.042,-0.874,0.484,0,0.485,0.875,-0.999,0.037,-0.02],"_shiftlockState":true,"_pose":"FreeFall","_animationQueue":[["fall",0.3]],"_animationSpeed":1,"_zoom":9.166},{"_mousePosition":[683,384],"_rootPartCFrame":[763.604,224.526,47.563,-0.042,0,0.999,0,1,0,-0.999,0,-0.042],"_humanoidState":5,"_cameraCFrame":[767.955,234.019,45.628,-0.042,-0.874,0.484,0,0.485,0.875,-0.999,0.037,-0.02],"_shiftlockState":true,"_pose":"FreeFall","_animationQueue":[],"_animationSpeed":1,"_zoom":9.166},{"_mousePosition":[683,384],"_rootPartCFrame":[763.271,223.501,47.577,-0.042,0,0.999,0,1,0,-0.999,0,-0.042],"_humanoidState":5,"_cameraCFrame":[767.627,233.002,45.642,-0.042,-0.874,0.484,0,0.485,0.875,-0.999,0.037,-0.02],"_shiftlockState":true,"_pose":"FreeFall","_animationQueue":[],"_animationSpeed":1,"_zoom":9.166},{"_mousePosition":[683,384],"_rootPartCFrame":[763.072,222.845,47.586,-0.042,0,0.999,0,1,0,-0.999,0,-0.042],"_humanoidState":7,"_cameraCFrame":[767.43,232.352,45.65,-0.042,-0.874,0.484,0,0.485,0.875,-0.999,0.037,-0.02],"_shiftlockState":true,"_pose":"FreeFall","_animationQueue":[["walk",0.1],["fall",0.3],["fall",0.3]],"_animationSpeed":1,"_zoom":9.166},{"_mousePosition":[683,384],"_rootPartCFrame":[762.805,222.433,47.597,-0.042,0,0.999,0,1,0,-0.999,0,-0.042],"_humanoidState":7,"_cameraCFrame":[767.166,231.943,45.662,-0.042,-0.874,0.484,0,0.485,0.875,-0.999,0.037,-0.02],"_shiftlockState":true,"_pose":"FreeFall","_animationQueue":[],"_animationSpeed":1,"_zoom":9.166},{"_mousePosition":[683,384],"_rootPartCFrame":[762.539,222.499,47.608,-0.042,0,0.999,0,1,0,-0.999,0,-0.042],"_humanoidState":7,"_cameraCFrame":[766.901,232.012,45.673,-0.042,-0.874,0.484,0,0.485,0.875,-0.999,0.037,-0.02],"_shiftlockState":true,"_pose":"FreeFall","_animationQueue":[],"_animationSpeed":1,"_zoom":9.166},{"_mousePosition":[683,384],"_rootPartCFrame":[762.206,222.599,47.622,-0.042,0,0.999,0,1,0,-0.999,0,-0.042],"_humanoidState":8,"_cameraCFrame":[766.568,232.113,45.687,-0.042,-0.874,0.484,0,0.485,0.875,-0.999,0.037,-0.02],"_shiftlockState":true,"_pose":"Running","_animationQueue":[["fall",0.3],["walk",0.1],["fall",0.3],["walk",0.1]],"_animationSpeed":1.103,"_zoom":9.166},{"_mousePosition":[683,384],"_rootPartCFrame":[761.94,222.645,47.634,-0.042,0,0.999,0,1,0,-0.999,0,-0.042],"_humanoidState":8,"_cameraCFrame":[766.303,232.16,45.698,-0.042,-0.874,0.484,0,0.485,0.875,-0.999,0.037,-0.02],"_shiftlockState":true,"_pose":"Running","_animationQueue":[],"_animationSpeed":1.103,"_zoom":9.166},{"_mousePosition":[683,384],"_rootPartCFrame":[761.673,222.67,47.645,-0.042,0,0.999,0,1,0,-0.999,0,-0.042],"_humanoidState":8,"_cameraCFrame":[766.035,232.187,45.713,-0.041,-0.874,0.484,0,0.484,0.875,-0.999,0.036,-0.02],"_shiftlockState":true,"_pose":"Running","_animationQueue":[["walk",0.1]],"_animationSpeed":1.103,"_zoom":9.166},{"_mousePosition":[683,384],"_rootPartCFrame":[761.34,222.686,47.659,-0.041,0,0.999,0,1,0,-0.999,0,-0.041],"_humanoidState":8,"_cameraCFrame":[765.703,232.204,45.727,-0.041,-0.874,0.484,0,0.484,0.875,-0.999,0.036,-0.02],"_shiftlockState":true,"_pose":"Running","_animationQueue":[],"_animationSpeed":1.103,"_zoom":9.166},{"_mousePosition":[683,384],"_rootPartCFrame":[761.074,222.692,47.67,-0.041,0,0.999,0,1,0,-0.999,0,-0.041],"_humanoidState":8,"_cameraCFrame":[765.437,232.211,45.738,-0.041,-0.874,0.484,0,0.484,0.875,-0.999,0.036,-0.02],"_shiftlockState":true,"_pose":"Running","_animationQueue":[],"_animationSpeed":1.103,"_zoom":9.166},{"_mousePosition":[683,384],"_rootPartCFrame":[760.807,222.696,47.681,-0.041,0,0.999,0,1,0,-0.999,0,-0.041],"_humanoidState":8,"_cameraCFrame":[765.17,232.214,45.749,-0.041,-0.874,0.484,0,0.484,0.875,-0.999,0.036,-0.02],"_shiftlockState":true,"_pose":"Running","_animationQueue":[],"_animationSpeed":1.103,"_zoom":9.166},{"_mousePosition":[683,384],"_rootPartCFrame":[760.541,222.697,47.692,-0.041,0,0.999,0,1,0,-0.999,0,-0.041],"_humanoidState":8,"_cameraCFrame":[764.872,232.234,45.761,-0.041,-0.876,0.48,0,0.481,0.877,-0.999,0.036,-0.02],"_shiftlockState":true,"_pose":"Running","_animationQueue":[["walk",0.1]],"_animationSpeed":1.103,"_zoom":9.166},{"_mousePosition":[683,384],"_rootPartCFrame":[760.208,222.699,47.706,-0.041,0,0.999,0,1,0,-0.999,0,-0.041],"_humanoidState":8,"_cameraCFrame":[764.46,232.285,45.806,-0.035,-0.882,0.471,0,0.471,0.882,-0.999,0.031,-0.016],"_shiftlockState":true,"_pose":"Running","_animationQueue":[],"_animationSpeed":1.103,"_zoom":9.166},{"_mousePosition":[683,384],"_rootPartCFrame":[760.008,222.699,47.714,-0.035,0,0.999,0,1,0,-0.999,0,-0.035],"_humanoidState":8,"_cameraCFrame":[764.161,232.35,45.875,-0.021,-0.889,0.457,0,0.457,0.889,-1,0.019,-0.01],"_shiftlockState":true,"_pose":"Running","_animationQueue":[],"_animationSpeed":1.103,"_zoom":9.166},{"_mousePosition":[683,384],"_rootPartCFrame":[759.742,222.699,47.723,-0.021,0,1,0,1,0,-1,0,-0.021],"_humanoidState":8,"_cameraCFrame":[763.75,232.437,45.946,-0.007,-0.899,0.439,0,0.439,0.899,-1,0.006,-0.003],"_shiftlockState":true,"_pose":"Running","_animationQueue":[],"_animationSpeed":1.103,"_zoom":9.166},{"_mousePosition":[683,384],"_rootPartCFrame":[759.475,222.699,47.73,-0.007,0,1,0,1,0,-1,0,-0.007],"_humanoidState":8,"_cameraCFrame":[763.239,232.562,46.006,0.007,-0.912,0.409,0,0.409,0.912,-1,-0.006,0.003],"_shiftlockState":true,"_pose":"Running","_animationQueue":[],"_animationSpeed":1.103,"_zoom":9.166},{"_mousePosition":[683,384],"_rootPartCFrame":[759.208,222.7,47.732,0.007,0,1,0,1,0,-1,0,0.007],"_humanoidState":8,"_cameraCFrame":[762,230.881,46.01,0.01,-0.924,0.383,0,0.383,0.924,-1,-0.009,0.004],"_shiftlockState":true,"_pose":"Running","_animationQueue":[],"_animationSpeed":1.103,"_zoom":9.166},{"_mousePosition":[683,384],"_rootPartCFrame":[758.875,222.7,47.73,0.01,0,1,0,1,0,-1,0,0.01],"_humanoidState":8,"_cameraCFrame":[761.622,231.074,46.005,0.009,-0.929,0.369,0,0.369,0.929,-1,-0.008,0.003],"_shiftlockState":true,"_pose":"Running","_animationQueue":[["walk",0.1]],"_animationSpeed":1.103,"_zoom":9.166},{"_mousePosition":[683,384],"_rootPartCFrame":[758.675,222.7,47.728,0.009,0,1,0,1,0,-1,0,0.009],"_humanoidState":8,"_cameraCFrame":[761.533,231.352,46.004,0.009,-0.929,0.369,0,0.369,0.929,-1,-0.008,0.003],"_shiftlockState":true,"_pose":"Running","_animationQueue":[],"_animationSpeed":1.103,"_zoom":9.166},{"_mousePosition":[683,384],"_rootPartCFrame":[758.409,222.7,47.726,0.009,0,1,0,1,0,-1,0,0.009],"_humanoidState":8,"_cameraCFrame":[761.383,231.646,46.003,0.009,-0.929,0.369,0,0.369,0.929,-1,-0.008,0.003],"_shiftlockState":true,"_pose":"Running","_animationQueue":[],"_animationSpeed":1.103,"_zoom":9.166},{"_mousePosition":[683,384],"_rootPartCFrame":[758.142,222.7,47.724,0.009,0,1,0,1,0,-1,0,0.009],"_humanoidState":8,"_cameraCFrame":[761.226,231.921,46.001,0.009,-0.929,0.369,0,0.369,0.929,-1,-0.008,0.003],"_shiftlockState":true,"_pose":"Running","_animationQueue":[],"_animationSpeed":1.103,"_zoom":9.166},{"_mousePosition":[683,384],"_rootPartCFrame":[757.875,223.563,47.721,0.009,0,1,0,1,0,-1,0,0.009],"_humanoidState":3,"_cameraCFrame":[760.998,232.882,45.999,0.009,-0.929,0.369,0,0.369,0.929,-1,-0.008,0.003],"_shiftlockState":true,"_pose":"Jumping","_animationQueue":[["walk",0.1],["jump",0.1]],"_animationSpeed":1,"_zoom":9.166},{"_mousePosition":[683,384],"_rootPartCFrame":[757.609,224.371,47.719,0.009,0,1,0,1,0,-1,0,0.009],"_humanoidState":5,"_cameraCFrame":[760.753,233.744,45.997,0.009,-0.929,0.369,0,0.369,0.929,-1,-0.008,0.003],"_shiftlockState":true,"_pose":"FreeFall","_animationQueue":[["jump",0.1]],"_animationSpeed":1,"_zoom":9.166},{"_mousePosition":[683,384],"_rootPartCFrame":[757.342,225.125,47.716,0.009,0,1,0,1,0,-1,0,0.009],"_humanoidState":5,"_cameraCFrame":[760.528,234.605,45.995,0.009,-0.929,0.369,0,0.369,0.929,-1,-0.008,0.003],"_shiftlockState":true,"_pose":"FreeFall","_animationQueue":[],"_animationSpeed":1,"_zoom":9.166},{"_mousePosition":[683,384],"_rootPartCFrame":[757.076,225.824,47.714,0.009,0,1,0,1,0,-1,0,0.009],"_humanoidState":5,"_cameraCFrame":[760.313,235.432,45.993,0.009,-0.929,0.369,0,0.369,0.929,-1,-0.008,0.003],"_shiftlockState":true,"_pose":"FreeFall","_animationQueue":[],"_animationSpeed":1,"_zoom":9.166},{"_mousePosition":[683,384],"_rootPartCFrame":[756.809,226.469,47.712,0.009,0,1,0,1,0,-1,0,0.009],"_humanoidState":5,"_cameraCFrame":[760.086,236.177,45.991,0.009,-0.929,0.369,0,0.369,0.929,-1,-0.008,0.003],"_shiftlockState":true,"_pose":"FreeFall","_animationQueue":[],"_animationSpeed":1,"_zoom":9.166},{"_mousePosition":[683,384],"_rootPartCFrame":[756.542,227.059,47.709,0.009,0,1,0,1,0,-1,0,0.009],"_humanoidState":5,"_cameraCFrame":[759.854,236.854,45.989,0.009,-0.929,0.369,0,0.369,0.929,-1,-0.008,0.003],"_shiftlockState":true,"_pose":"FreeFall","_animationQueue":[],"_animationSpeed":1,"_zoom":9.166},{"_mousePosition":[683,384],"_rootPartCFrame":[756.276,227.595,47.707,0.009,0,1,0,1,0,-1,0,0.009],"_humanoidState":5,"_cameraCFrame":[759.633,237.439,45.948,-0.003,-0.928,0.374,0,0.374,0.928,-1,0.002,-0.001],"_shiftlockState":true,"_pose":"FreeFall","_animationQueue":[],"_animationSpeed":1,"_zoom":9.166},{"_mousePosition":[683,384],"_rootPartCFrame":[755.943,228.189,47.704,-0.001,0,1,0,1,0,-1,0,-0.001],"_humanoidState":5,"_cameraCFrame":[759.398,238.017,45.813,-0.04,-0.92,0.39,0,0.39,0.921,-0.999,0.037,-0.016],"_shiftlockState":true,"_pose":"FreeFall","_animationQueue":[],"_animationSpeed":1,"_zoom":9.166},{"_mousePosition":[683,384],"_rootPartCFrame":[755.743,228.504,47.704,-0.037,0,0.999,0,1,0,-0.999,0,-0.037],"_humanoidState":5,"_cameraCFrame":[759.22,238.357,45.775,-0.051,-0.918,0.393,0,0.393,0.919,-0.999,0.047,-0.02],"_shiftlockState":true,"_pose":"FreeFall","_animationQueue":[],"_animationSpeed":1,"_zoom":9.166},{"_mousePosition":[683,384],"_rootPartCFrame":[755.409,228.961,47.716,-0.048,0,0.999,0,1,0,-0.999,0,-0.048],"_humanoidState":5,"_cameraCFrame":[758.902,238.834,45.783,-0.052,-0.918,0.393,0,0.394,0.919,-0.999,0.048,-0.02],"_shiftlockState":true,"_pose":"FreeFall","_animationQueue":[],"_animationSpeed":1,"_zoom":9.166},{"_mousePosition":[683,384],"_rootPartCFrame":[755.21,229.194,47.726,-0.051,0,0.999,0,1,0,-0.999,0,-0.051],"_humanoidState":5,"_cameraCFrame":[758.709,239.083,45.792,-0.052,-0.918,0.393,0,0.394,0.919,-0.999,0.048,-0.02],"_shiftlockState":true,"_pose":"FreeFall","_animationQueue":[],"_animationSpeed":1,"_zoom":9.166},{"_mousePosition":[683,384],"_rootPartCFrame":[754.943,229.457,47.739,-0.052,0,0.999,0,1,0,-0.999,0,-0.052],"_humanoidState":5,"_cameraCFrame":[758.445,239.357,45.802,-0.053,-0.918,0.393,0,0.394,0.919,-0.999,0.049,-0.021],"_shiftlockState":true,"_pose":"FreeFall","_animationQueue":[],"_animationSpeed":1,"_zoom":9.166},{"_mousePosition":[683,384],"_rootPartCFrame":[754.677,229.666,47.753,-0.053,0,0.999,0,1,0,-0.999,0,-0.053],"_humanoidState":5,"_cameraCFrame":[758.181,239.572,45.8,-0.057,-0.917,0.394,0,0.395,0.919,-0.998,0.052,-0.022],"_shiftlockState":true,"_pose":"FreeFall","_animationQueue":[],"_animationSpeed":1,"_zoom":9.166},{"_mousePosition":[683,384],"_rootPartCFrame":[754.411,229.821,47.767,-0.057,0,0.998,0,1,0,-0.998,0,-0.057],"_humanoidState":5,"_cameraCFrame":[757.924,239.729,45.814,-0.057,-0.917,0.395,0,0.395,0.919,-0.998,0.052,-0.023],"_shiftlockState":true,"_pose":"FreeFall","_animationQueue":[],"_animationSpeed":1,"_zoom":9.166},{"_mousePosition":[683,384],"_rootPartCFrame":[754.144,229.921,47.782,-0.057,0,0.998,0,1,0,-0.998,0,-0.057],"_humanoidState":5,"_cameraCFrame":[757.659,239.833,45.829,-0.057,-0.917,0.395,0,0.395,0.919,-0.998,0.052,-0.023],"_shiftlockState":true,"_pose":"FreeFall","_animationQueue":[],"_animationSpeed":1,"_zoom":9.166},{"_mousePosition":[683,384],"_rootPartCFrame":[753.878,229.966,47.797,-0.057,0,0.998,0,1,0,-0.998,0,-0.057],"_humanoidState":5,"_cameraCFrame":[757.394,239.88,45.844,-0.057,-0.917,0.395,0,0.395,0.919,-0.998,0.052,-0.023],"_shiftlockState":true,"_pose":"FreeFall","_animationQueue":[],"_animationSpeed":1,"_zoom":9.166},{"_mousePosition":[683,384],"_rootPartCFrame":[753.612,229.957,47.813,-0.057,0,0.998,0,1,0,-0.998,0,-0.057],"_humanoidState":5,"_cameraCFrame":[757.129,239.873,45.859,-0.057,-0.917,0.395,0,0.395,0.919,-0.998,0.052,-0.023],"_shiftlockState":true,"_pose":"FreeFall","_animationQueue":[["fall",0.3]],"_animationSpeed":1,"_zoom":9.166},{"_mousePosition":[683,384],"_rootPartCFrame":[753.346,229.893,47.828,-0.057,0,0.998,0,1,0,-0.998,0,-0.057],"_humanoidState":5,"_cameraCFrame":[756.863,239.81,45.874,-0.057,-0.917,0.395,0,0.395,0.919,-0.998,0.052,-0.023],"_shiftlockState":true,"_pose":"FreeFall","_animationQueue":[],"_animationSpeed":1,"_zoom":9.166},{"_mousePosition":[683,384],"_rootPartCFrame":[753.08,229.775,47.843,-0.057,0,0.998,0,1,0,-0.998,0,-0.057],"_humanoidState":5,"_cameraCFrame":[756.809,239.646,46.087,-0.002,-0.913,0.407,0,0.407,0.913,-1,0.001,-0.001],"_shiftlockState":true,"_pose":"FreeFall","_animationQueue":[],"_animationSpeed":1,"_zoom":9.166},{"_mousePosition":[683,384],"_rootPartCFrame":[752.814,229.603,47.858,-0.007,0,1,0,1,0,-1,0,-0.007],"_humanoidState":5,"_cameraCFrame":[757.261,239.287,47.303,0.274,-0.859,0.433,0,0.45,0.893,-0.962,-0.244,0.123],"_shiftlockState":true,"_pose":"FreeFall","_animationQueue":[],"_animationSpeed":1,"_zoom":9.166},{"_mousePosition":[683,384],"_rootPartCFrame":[752.731,229.417,47.837,0.164,0.006,0.986,-0.01,1,-0.005,-0.986,-0.009,0.164],"_humanoidState":5,"_cameraCFrame":[757.037,239.058,49.353,0.671,-0.658,0.341,0,0.459,0.888,-0.741,-0.596,0.308],"_shiftlockState":true,"_pose":"FreeFall","_animationQueue":[],"_animationSpeed":1,"_zoom":9.166},{"_mousePosition":[683,384],"_rootPartCFrame":[753.107,229.3,47.773,0.622,-0.088,0.778,0.092,0.995,0.038,-0.778,0.048,0.627],"_humanoidState":7,"_cameraCFrame":[756.424,238.964,50.745,0.89,-0.406,0.206,0,0.453,0.892,-0.455,-0.794,0.403],"_shiftlockState":true,"_pose":"FreeFall","_animationQueue":[["walk",0.1],["fall",0.3],["fall",0.3]],"_animationSpeed":1,"_zoom":9.166},{"_mousePosition":[683,384],"_rootPartCFrame":[753.353,229.3,47.671,0.89,-0.096,0.445,0.098,0.995,0.018,-0.445,0.028,0.895],"_humanoidState":7,"_cameraCFrame":[756.167,239.343,49.998,0.911,-0.385,0.149,0,0.36,0.933,-0.413,-0.85,0.328],"_shiftlockState":true,"_pose":"FreeFall","_animationQueue":[["fall",0.3]],"_animationSpeed":1,"_zoom":9.166},{"_mousePosition":[683,384],"_rootPartCFrame":[753.548,229.193,47.556,0.914,-0.008,0.407,0.009,1,0,-0.407,0.004,0.914],"_humanoidState":8,"_cameraCFrame":[756.253,239.579,48.411,0.822,-0.552,0.14,0,0.245,0.97,-0.569,-0.797,0.201],"_shiftlockState":true,"_pose":"Running","_animationQueue":[["walk",0.1],["fall",0.3],["walk",0.1]],"_animationSpeed":0.86,"_zoom":9.166},{"_mousePosition":[683,384],"_rootPartCFrame":[753.68,230.076,47.474,0.823,0.038,0.567,-0.036,0.999,-0.015,-0.567,-0.008,0.823],"_humanoidState":3,"_cameraCFrame":[756.154,240.588,47.415,0.71,-0.693,0.128,0,0.182,0.983,-0.704,-0.698,0.129],"_shiftlockState":true,"_pose":"Jumping","_animationQueue":[["walk",0.1],["jump",0.1]],"_animationSpeed":1,"_zoom":9.166},{"_mousePosition":[683,384],"_rootPartCFrame":[753.756,230.718,47.425,0.709,0.034,0.704,-0.033,0.999,-0.015,-0.704,-0.012,0.71],"_humanoidState":5,"_cameraCFrame":[756.359,241.192,47.245,0.637,-0.755,0.157,0,0.203,0.979,-0.771,-0.624,0.13],"_shiftlockState":true,"_pose":"FreeFall","_animationQueue":[["jump",0.1]],"_animationSpeed":1,"_zoom":9.166},{"_mousePosition":[683,384],"_rootPartCFrame":[753.825,231.527,47.379,0.637,0.012,0.771,-0.013,1,-0.006,-0.771,-0.006,0.637],"_humanoidState":5,"_cameraCFrame":[756.534,241.955,47.022,0.542,-0.819,0.19,0,0.226,0.974,-0.841,-0.528,0.123],"_shiftlockState":true,"_pose":"FreeFall","_animationQueue":[],"_animationSpeed":1,"_zoom":9.166},{"_mousePosition":[683,384],"_rootPartCFrame":[753.862,232.282,47.355,0.542,0.002,0.841,-0.002,1,0,-0.841,-0.002,0.542],"_humanoidState":5,"_cameraCFrame":[756.695,242.648,46.674,0.399,-0.887,0.233,0,0.254,0.967,-0.917,-0.386,0.101],"_shiftlockState":true,"_pose":"FreeFall","_animationQueue":[],"_animationSpeed":1,"_zoom":9.166},{"_mousePosition":[683,384],"_rootPartCFrame":[753.871,233.148,47.349,0.399,-0.001,0.917,0,1,0.001,-0.917,0,0.399],"_humanoidState":5,"_cameraCFrame":[756.84,243.432,46.307,0.249,-0.928,0.276,0,0.285,0.958,-0.968,-0.239,0.071],"_shiftlockState":true,"_pose":"FreeFall","_animationQueue":[],"_animationSpeed":1,"_zoom":9.166},{"_mousePosition":[683,384],"_rootPartCFrame":[753.871,233.626,47.349,0.249,0,0.968,0,1,0,-0.968,0,0.249],"_humanoidState":5,"_cameraCFrame":[756.951,243.82,45.931,0.11,-0.943,0.315,0,0.317,0.948,-0.994,-0.105,0.035],"_shiftlockState":true,"_pose":"FreeFall","_animationQueue":[],"_animationSpeed":1,"_zoom":9.166},{"_mousePosition":[683,384],"_rootPartCFrame":[753.835,234.356,47.34,0.128,0,0.992,0,1,0,-0.992,0,0.128],"_humanoidState":5,"_cameraCFrame":[757.036,244.444,45.582,-0.003,-0.937,0.35,0,0.35,0.937,-1,0.002,-0.001],"_shiftlockState":true,"_pose":"FreeFall","_animationQueue":[],"_animationSpeed":1,"_zoom":9.166},{"_mousePosition":[683,384],"_rootPartCFrame":[753.784,234.753,47.329,0.009,0,1,0,1,0,-1,0,0.009],"_humanoidState":5,"_cameraCFrame":[757.134,244.71,45.246,-0.097,-0.918,0.384,0,0.386,0.923,-0.995,0.089,-0.037],"_shiftlockState":true,"_pose":"FreeFall","_animationQueue":[],"_animationSpeed":1,"_zoom":9.166},{"_mousePosition":[683,384],"_rootPartCFrame":[753.65,235.347,47.314,-0.08,0,0.997,0,1,0,-0.997,0,-0.08],"_humanoidState":5,"_cameraCFrame":[757.104,245.204,45.009,-0.153,-0.901,0.406,0,0.411,0.912,-0.988,0.139,-0.063],"_shiftlockState":true,"_pose":"FreeFall","_animationQueue":[],"_animationSpeed":1,"_zoom":9.166},{"_mousePosition":[683,384],"_rootPartCFrame":[753.54,235.662,47.31,-0.146,0,0.989,0,1,0,-0.989,0,-0.146],"_humanoidState":5,"_cameraCFrame":[757.018,245.464,44.846,-0.192,-0.889,0.416,0,0.424,0.906,-0.981,0.174,-0.081],"_shiftlockState":true,"_pose":"FreeFall","_animationQueue":[],"_animationSpeed":1,"_zoom":9.166},{"_mousePosition":[683,384],"_rootPartCFrame":[753.361,236.035,47.316,-0.186,0,0.983,0,1,0,-0.983,0,-0.186],"_humanoidState":5,"_cameraCFrame":[756.84,245.824,44.811,-0.202,-0.886,0.418,0,0.427,0.904,-0.979,0.183,-0.086],"_shiftlockState":true,"_pose":"FreeFall","_animationQueue":[],"_animationSpeed":1,"_zoom":9.166},{"_mousePosition":[683,384],"_rootPartCFrame":[753.147,236.353,47.34,-0.2,0,0.98,0,1,0,-0.98,0,-0.2],"_humanoidState":5,"_cameraCFrame":[756.625,246.142,44.835,-0.202,-0.886,0.418,0,0.427,0.904,-0.979,0.183,-0.086],"_shiftlockState":true,"_pose":"FreeFall","_animationQueue":[],"_animationSpeed":1,"_zoom":9.166},{"_mousePosition":[683,384],"_rootPartCFrame":[752.899,236.617,47.385,-0.202,0,0.979,0,1,0,-0.979,0,-0.202],"_humanoidState":5,"_cameraCFrame":[756.378,246.406,44.88,-0.202,-0.886,0.418,0,0.427,0.904,-0.979,0.183,-0.086],"_shiftlockState":true,"_pose":"FreeFall","_animationQueue":[],"_animationSpeed":1,"_zoom":9.166},{"_mousePosition":[683,384],"_rootPartCFrame":[752.646,236.826,47.412,-0.131,0,0.991,0,1,0,-0.991,0,-0.131],"_humanoidState":5,"_cameraCFrame":[756.124,246.615,44.907,-0.202,-0.886,0.418,0,0.427,0.904,-0.979,0.183,-0.086],"_shiftlockState":true,"_pose":"FreeFall","_animationQueue":[],"_animationSpeed":1,"_zoom":9.166},{"_mousePosition":[683,384],"_rootPartCFrame":[752.608,236.995,47.43,-0.091,0,0.996,-0.007,1,0,-0.996,-0.007,-0.091],"_humanoidState":12,"_cameraCFrame":[756.236,246.762,45.059,-0.16,-0.89,0.426,0,0.432,0.902,-0.987,0.144,-0.069],"_shiftlockState":true,"_pose":"Climbing","_animationQueue":[["walk",0.1],["climb",0.1]],"_animationSpeed":0.944,"_zoom":9.166},{"_mousePosition":[683,384],"_rootPartCFrame":[752.637,237.18,47.439,-0.137,0,0.991,-0.002,1,0,-0.991,-0.002,-0.137],"_humanoidState":12,"_cameraCFrame":[757.102,246.791,46.269,0.133,-0.877,0.462,0,0.466,0.885,-0.991,-0.118,0.062],"_shiftlockState":true,"_pose":"Climbing","_animationQueue":[],"_animationSpeed":0.944,"_zoom":9.166},{"_mousePosition":[683,384],"_rootPartCFrame":[752.638,237.413,47.439,0.134,0,0.991,0,1,0,-0.991,0,0.134],"_humanoidState":12,"_cameraCFrame":[757.311,246.892,48.692,0.591,-0.702,0.397,0,0.492,0.871,-0.807,-0.514,0.291],"_shiftlockState":true,"_pose":"Climbing","_animationQueue":[],"_animationSpeed":0.944,"_zoom":9.166},{"_mousePosition":[683,384],"_rootPartCFrame":[752.995,237.997,47.338,0.57,0.001,0.822,0.004,1,-0.003,-0.822,0.005,0.57],"_humanoidState":8,"_cameraCFrame":[756.382,247.695,50.246,0.896,-0.396,0.198,0,0.447,0.894,-0.443,-0.802,0.401],"_shiftlockState":true,"_pose":"Standing","_animationQueue":[["climb",0.1],["walk",0.1],["idle",0.1]],"_animationSpeed":1,"_zoom":9.166},{"_mousePosition":[683,384],"_rootPartCFrame":[753.146,238.598,47.172,0.903,-0.001,0.43,0.002,1,-0.003,-0.43,0.003,0.903],"_humanoidState":8,"_cameraCFrame":[754.885,248.791,50.089,1,0.004,-0.001,0,0.317,0.948,0.004,-0.948,0.317],"_shiftlockState":true,"_pose":"Running","_animationQueue":[["walk",0.1]],"_animationSpeed":0.588,"_zoom":9.166},{"_mousePosition":[683,384],"_rootPartCFrame":[753.165,239.143,46.977,0.999,-0.001,-0.032,0.001,1,0,0.032,0,0.999],"_humanoidState":8,"_cameraCFrame":[754.137,249.64,49.257,0.928,0.365,-0.071,0,0.192,0.981,0.372,-0.911,0.178],"_shiftlockState":true,"_pose":"Running","_animationQueue":[["walk",0.1],["walk",0.1]],"_animationSpeed":0.745,"_zoom":9.166},{"_mousePosition":[683,384],"_rootPartCFrame":[753.227,240.248,46.72,0.914,0.002,-0.405,-0.001,1,0.003,0.405,-0.002,0.914],"_humanoidState":3,"_cameraCFrame":[753.707,250.774,49.034,0.808,0.58,-0.102,0,0.174,0.985,0.589,-0.796,0.14],"_shiftlockState":true,"_pose":"Jumping","_animationQueue":[["walk",0.1],["jump",0.1]],"_animationSpeed":1,"_zoom":9.166},{"_mousePosition":[683,384],"_rootPartCFrame":[753.263,240.89,46.573,0.783,0.002,-0.622,-0.001,1,0.002,0.622,-0.001,0.783],"_humanoidState":5,"_cameraCFrame":[753.233,251.416,48.936,0.662,0.738,-0.13,0,0.174,0.985,0.749,-0.652,0.115],"_shiftlockState":true,"_pose":"FreeFall","_animationQueue":[["jump",0.1]],"_animationSpeed":1,"_zoom":9.166},{"_mousePosition":[683,384],"_rootPartCFrame":[753.34,241.698,46.396,0.607,0.001,-0.795,0,1,0.001,0.795,0,0.607],"_humanoidState":5,"_cameraCFrame":[753.011,252.21,48.793,0.586,0.797,-0.148,0,0.182,0.983,0.811,-0.576,0.107],"_shiftlockState":true,"_pose":"FreeFall","_animationQueue":[],"_animationSpeed":1,"_zoom":9.166},{"_mousePosition":[683,384],"_rootPartCFrame":[753.446,242.452,46.245,0.514,0,-0.858,0,1,0,0.858,0,0.514],"_humanoidState":5,"_cameraCFrame":[753.116,252.964,48.642,0.586,0.797,-0.148,0,0.182,0.983,0.811,-0.576,0.107],"_shiftlockState":true,"_pose":"FreeFall","_animationQueue":[],"_animationSpeed":1,"_zoom":9.166},{"_mousePosition":[683,384],"_rootPartCFrame":[753.578,243.151,46.124,0.502,0,-0.865,0,1,0,0.865,0,0.502],"_humanoidState":5,"_cameraCFrame":[753.247,253.664,48.522,0.586,0.797,-0.148,0,0.182,0.983,0.811,-0.576,0.107],"_shiftlockState":true,"_pose":"FreeFall","_animationQueue":[],"_animationSpeed":1,"_zoom":9.166},{"_mousePosition":[683,384],"_rootPartCFrame":[753.735,243.796,46.034,0.498,0,-0.867,0,1,0,0.867,0,0.498],"_humanoidState":5,"_cameraCFrame":[753.404,254.308,48.432,0.586,0.797,-0.148,0,0.182,0.983,0.811,-0.576,0.107],"_shiftlockState":true,"_pose":"FreeFall","_animationQueue":[],"_animationSpeed":1,"_zoom":9.166},{"_mousePosition":[683,384],"_rootPartCFrame":[753.916,244.387,45.975,0.498,0,-0.867,0,1,0,0.867,0,0.498],"_humanoidState":5,"_cameraCFrame":[753.586,254.899,48.373,0.586,0.797,-0.148,0,0.182,0.983,0.811,-0.576,0.107],"_shiftlockState":true,"_pose":"FreeFall","_animationQueue":[],"_animationSpeed":1,"_zoom":9.166},{"_mousePosition":[683,384],"_rootPartCFrame":[754.123,244.922,45.948,0.498,0,-0.867,0,1,0,0.867,0,0.498],"_humanoidState":5,"_cameraCFrame":[753.793,255.435,48.345,0.586,0.797,-0.148,0,0.182,0.983,0.811,-0.576,0.107],"_shiftlockState":true,"_pose":"FreeFall","_animationQueue":[],"_animationSpeed":1,"_zoom":9.166},{"_mousePosition":[683,384],"_rootPartCFrame":[754.355,245.404,45.951,0.498,0,-0.867,0,1,0,0.867,0,0.498],"_humanoidState":5,"_cameraCFrame":[754.024,255.916,48.348,0.586,0.797,-0.148,0,0.182,0.983,0.811,-0.576,0.107],"_shiftlockState":true,"_pose":"FreeFall","_animationQueue":[],"_animationSpeed":1,"_zoom":9.166},{"_mousePosition":[683,384],"_rootPartCFrame":[754.61,245.831,45.983,0.498,0,-0.867,0,1,0,0.867,0,0.498],"_humanoidState":5,"_cameraCFrame":[754.28,256.343,48.381,0.586,0.797,-0.148,0,0.182,0.983,0.811,-0.576,0.107],"_shiftlockState":true,"_pose":"FreeFall","_animationQueue":[],"_animationSpeed":1,"_zoom":9.166},{"_mousePosition":[683,384],"_rootPartCFrame":[754.873,246.203,46.026,0.498,0,-0.867,0,1,0,0.867,0,0.498],"_humanoidState":5,"_cameraCFrame":[754.543,256.715,48.423,0.586,0.797,-0.148,0,0.182,0.983,0.811,-0.576,0.107],"_shiftlockState":true,"_pose":"FreeFall","_animationQueue":[],"_animationSpeed":1,"_zoom":9.166},{"_mousePosition":[683,384],"_rootPartCFrame":[755.136,246.521,46.068,0.498,0,-0.867,0,1,0,0.867,0,0.498],"_humanoidState":5,"_cameraCFrame":[754.806,257.033,48.466,0.586,0.797,-0.148,0,0.182,0.983,0.811,-0.576,0.107],"_shiftlockState":true,"_pose":"FreeFall","_animationQueue":[],"_animationSpeed":1,"_zoom":9.166},{"_mousePosition":[683,384],"_rootPartCFrame":[755.4,246.784,46.11,0.498,0,-0.867,0,1,0,0.867,0,0.498],"_humanoidState":5,"_cameraCFrame":[755.092,257.282,48.567,0.614,0.775,-0.151,0,0.191,0.982,0.789,-0.603,0.117],"_shiftlockState":true,"_pose":"FreeFall","_animati