[{"_mousePosition":[1175,372],"_rootPartCFrame":[776.125,222.865,47.191,-0.007,-0.477,0.879,-0.021,0.879,0.477,-1,-0.015,-0.016],"_humanoidState":12,"_cameraCFrame":[778.339,235.773,46.893,-0.093,-0.965,0.245,0,0.246,0.969,-0.996,0.091,-0.023],"_shiftlockState":false,"_pose":"Climbing","_animationQueue":[],"_animationSpeed":0,"_zoom":11.958},{"_mousePosition":[1175,372],"_rootPartCFrame":[776.118,222.656,47.19,-0.014,0.033,0.999,0.001,0.999,-0.033,-1,0.001,-0.014],"_humanoidState":8,"_cameraCFrame":[779.097,235.745,46.917,-0.093,-0.965,0.245,0,0.246,0.969,-0.996,0.091,-0.023],"_shiftlockState":false,"_pose":"Standing","_animationQueue":[["idle",0.1]],"_animationSpeed":1,"_zoom":11.958},{"_mousePosition":[1175,372],"_rootPartCFrame":[776.107,222.635,47.19,-0.014,0.029,0.999,0.001,1,-0.029,-1,0.001,-0.014],"_humanoidState":8,"_cameraCFrame":[779.081,235.724,46.916,-0.093,-0.965,0.245,0,0.246,0.969,-0.996,0.091,-0.023],"_shiftlockState":false,"_pose":"Running","_animationQueue":[["walk",0.1]],"_animationSpeed":0.156,"_zoom":11.958},{"_mousePosition":[1175,372],"_rootPartCFrame":[776.103,222.638,47.19,-0.014,0.016,1,0.001,1,-0.016,-1,0.001,-0.014],"_humanoidState":8,"_cameraCFrame":[779.058,235.728,46.916,-0.093,-0.965,0.245,0,0.246,0.969,-0.996,0.091,-0.023],"_shiftlockState":false,"_pose":"Running","_animationQueue":[["walk",0.1]],"_animationSpeed":0.091,"_zoom":11.958},{"_mousePosition":[1175,372],"_rootPartCFrame":[776.104,222.661,47.19,-0.014,0,1,0,1,0,-1,0,-0.014],"_humanoidState":8,"_cameraCFrame":[779.035,235.751,46.915,-0.093,-0.965,0.245,0,0.246,0.969,-0.996,0.091,-0.023],"_shiftlockState":false,"_pose":"Standing","_animationQueue":[["idle",0.1]],"_animationSpeed":1,"_zoom":11.958},{"_mousePosition":[1175,372],"_rootPartCFrame":[776.107,222.679,47.19,-0.014,-0.002,1,0,1,0.002,-1,0,-0.014],"_humanoidState":8,"_cameraCFrame":[779.034,235.769,46.915,-0.093,-0.965,0.245,0,0.246,0.969,-0.996,0.091,-0.023],"_shiftlockState":false,"_pose":"Standing","_animationQueue":[],"_animationSpeed":1,"_zoom":11.958},{"_mousePosition":[1175,372],"_rootPartCFrame":[775.92,222.689,47.208,-0.023,0,1,0,1,0,-1,0,-0.023],"_humanoidState":8,"_cameraCFrame":[778.85,235.779,46.933,-0.093,-0.965,0.245,0,0.246,0.969,-0.996,0.091,-0.023],"_shiftlockState":false,"_pose":"Standing","_animationQueue":[],"_animationSpeed":1,"_zoom":11.958},{"_mousePosition":[1174,372],"_rootPartCFrame":[775.789,222.691,47.22,-0.028,0,1,0,1,0,-1,0,-0.028],"_humanoidState":8,"_cameraCFrame":[778.719,235.782,46.945,-0.093,-0.965,0.245,0,0.246,0.969,-0.996,0.091,-0.023],"_shiftlockState":false,"_pose":"Running","_animationQueue":[["walk",0.1]],"_animationSpeed":1.001,"_zoom":11.958},{"_mousePosition":[1161,372],"_rootPartCFrame":[775.391,222.696,47.258,-0.041,0,0.999,0,1,0,-0.999,0,-0.041],"_humanoidState":8,"_cameraCFrame":[778.321,235.787,46.983,-0.093,-0.965,0.245,0,0.246,0.969,-0.996,0.091,-0.023],"_shiftlockState":false,"_pose":"Running","_animationQueue":[["walk",0.1]],"_animationSpeed":1.09,"_zoom":11.958},{"_mousePosition":[1148,372],"_rootPartCFrame":[775.125,222.698,47.282,-0.048,0,0.999,0,1,0,-0.999,0,-0.048],"_humanoidState":8,"_cameraCFrame":[778.056,235.788,47.007,-0.093,-0.965,0.245,0,0.246,0.969,-0.996,0.091,-0.023],"_shiftlockState":false,"_pose":"Running","_animationQueue":[["walk",0.1]],"_animationSpeed":1.09,"_zoom":11.958},{"_mousePosition":[1145,372],"_rootPartCFrame":[774.86,222.699,47.307,-0.055,0,0.999,0,1,0,-0.999,0,-0.055],"_humanoidState":8,"_cameraCFrame":[777.79,235.789,47.032,-0.093,-0.965,0.245,0,0.246,0.969,-0.996,0.091,-0.023],"_shiftlockState":false,"_pose":"Running","_animationQueue":[],"_animationSpeed":1.09,"_zoom":11.958},{"_mousePosition":[1105,366],"_rootPartCFrame":[774.594,222.699,47.332,-0.06,0,0.998,0,1,0,-0.998,0,-0.06],"_humanoidState":8,"_cameraCFrame":[777.525,235.789,47.057,-0.093,-0.965,0.245,0,0.246,0.969,-0.996,0.091,-0.023],"_shiftlockState":false,"_pose":"Running","_animationQueue":[],"_animationSpeed":1.09,"_zoom":11.958},{"_mousePosition":[1100,365],"_rootPartCFrame":[774.329,222.699,47.357,-0.064,0,0.998,0,1,0,-0.998,0,-0.064],"_humanoidState":8,"_cameraCFrame":[777.259,235.79,47.082,-0.093,-0.965,0.245,0,0.246,0.969,-0.996,0.091,-0.023],"_shiftlockState":false,"_pose":"Running","_animationQueue":[],"_animationSpeed":1.09,"_zoom":11.958},{"_mousePosition":[1049,357],"_rootPartCFrame":[774.063,222.7,47.382,-0.068,0,0.998,0,1,0,-0.998,0,-0.068],"_humanoidState":8,"_cameraCFrame":[776.994,235.79,47.107,-0.093,-0.965,0.245,0,0.246,0.969,-0.996,0.091,-0.023],"_shiftlockState":false,"_pose":"Running","_animationQueue":[],"_animationSpeed":1.09,"_zoom":11.958},{"_mousePosition":[1046,356],"_rootPartCFrame":[773.798,222.7,47.407,-0.072,0,0.997,0,1,0,-0.997,0,-0.072],"_humanoidState":8,"_cameraCFrame":[776.728,235.79,47.132,-0.093,-0.965,0.245,0,0.246,0.969,-0.996,0.091,-0.023],"_shiftlockState":false,"_pose":"Running","_animationQueue":[],"_animationSpeed":1.09,"_zoom":11.958},{"_mousePosition":[1013,348],"_rootPartCFrame":[773.532,222.7,47.432,-0.075,0,0.997,0,1,0,-0.997,0,-0.075],"_humanoidState":8,"_cameraCFrame":[776.463,235.79,47.157,-0.093,-0.965,0.245,0,0.246,0.969,-0.996,0.091,-0.023],"_shiftlockState":false,"_pose":"Running","_animationQueue":[["walk",0.1]],"_animationSpeed":1.09,"_zoom":11.958},{"_mousePosition":[1011,348],"_rootPartCFrame":[773.267,222.7,47.457,-0.077,0,0.997,0,1,0,-0.997,0,-0.077],"_humanoidState":8,"_cameraCFrame":[776.197,235.79,47.182,-0.093,-0.965,0.245,0,0.246,0.969,-0.996,0.091,-0.023],"_shiftlockState":false,"_pose":"Running","_animationQueue":[],"_animationSpeed":1.09,"_zoom":11.958},{"_mousePosition":[1011,348],"_rootPartCFrame":[773.001,222.7,47.482,-0.079,0,0.997,0,1,0,-0.997,0,-0.079],"_humanoidState":8,"_cameraCFrame":[775.932,235.79,47.207,-0.093,-0.965,0.245,0,0.246,0.969,-0.996,0.091,-0.023],"_shiftlockState":false,"_pose":"Running","_animationQueue":[],"_animationSpeed":1.09,"_zoom":11.958},{"_mousePosition":[1011,348],"_rootPartCFrame":[772.736,222.7,47.507,-0.081,0,0.997,0,1,0,-0.997,0,-0.081],"_humanoidState":8,"_cameraCFrame":[775.666,235.79,47.231,-0.093,-0.965,0.245,0,0.246,0.969,-0.996,0.091,-0.023],"_shiftlockState":false,"_pose":"Running","_animationQueue":[],"_animationSpeed":1.09,"_zoom":11.958},{"_mousePosition":[1011,348],"_rootPartCFrame":[772.47,222.7,47.531,-0.083,0,0.997,0,1,0,-0.997,0,-0.083],"_humanoidState":8,"_cameraCFrame":[775.401,235.79,47.256,-0.093,-0.965,0.245,0,0.246,0.969,-0.996,0.091,-0.023],"_shiftlockState":false,"_pose":"Running","_animationQueue":[],"_animationSpeed":1.09,"_zoom":11.958},{"_mousePosition":[1011,348],"_rootPartCFrame":[772.205,222.7,47.556,-0.084,0,0.996,0,1,0,-0.996,0,-0.084],"_humanoidState":8,"_cameraCFrame":[775.135,235.79,47.281,-0.093,-0.965,0.245,0,0.246,0.969,-0.996,0.091,-0.023],"_shiftlockState":false,"_pose":"Running","_animationQueue":[],"_animationSpeed":1.09,"_zoom":11.958},{"_mousePosition":[1011,348],"_rootPartCFrame":[771.939,222.7,47.581,-0.086,0,0.996,0,1,0,-0.996,0,-0.086],"_humanoidState":8,"_cameraCFrame":[774.87,235.79,47.306,-0.093,-0.965,0.245,0,0.246,0.969,-0.996,0.091,-0.023],"_shiftlockState":false,"_pose":"Running","_animationQueue":[],"_animationSpeed":1.09,"_zoom":11.958},{"_mousePosition":[1011,348],"_rootPartCFrame":[771.807,222.7,47.594,-0.086,0,0.996,0,1,0,-0.996,0,-0.086],"_humanoidState":8,"_cameraCFrame":[774.737,235.79,47.319,-0.093,-0.965,0.245,0,0.246,0.969,-0.996,0.091,-0.023],"_shiftlockState":false,"_pose":"Running","_animationQueue":[["walk",0.1]],"_animationSpeed":1.09,"_zoom":11.958},{"_mousePosition":[1011,348],"_rootPartCFrame":[771.541,222.7,47.619,-0.087,0,0.996,0,1,0,-0.996,0,-0.087],"_humanoidState":8,"_cameraCFrame":[774.481,235.787,47.343,-0.093,-0.965,0.246,0,0.247,0.969,-0.996,0.091,-0.023],"_shiftlockState":false,"_pose":"Running","_animationQueue":[],"_animationSpeed":1.09,"_zoom":11.958},{"_mousePosition":[1011,348],"_rootPartCFrame":[771.143,222.7,47.656,-0.088,0,0.996,0,1,0,-0.996,0,-0.088],"_humanoidState":8,"_cameraCFrame":[774.102,235.783,47.388,-0.09,-0.965,0.247,0,0.248,0.969,-0.996,0.088,-0.022],"_shiftlockState":false,"_pose":"Running","_animationQueue":[],"_animationSpeed":1.09,"_zoom":11.958},{"_mousePosition":[1011,348],"_rootPartCFrame":[770.877,222.7,47.681,-0.089,0,0.996,0,1,0,-0.996,0,-0.089],"_humanoidState":8,"_cameraCFrame":[773.847,235.78,47.424,-0.086,-0.965,0.248,0,0.249,0.968,-0.996,0.083,-0.021],"_shiftlockState":false,"_pose":"Running","_animationQueue":[],"_animationSpeed":1.09,"_zoom":11.958},{"_mousePosition":[1011,348],"_rootPartCFrame":[770.612,222.7,47.705,-0.089,0,0.996,0,1,0,-0.996,0,-0.089],"_humanoidState":8,"_cameraCFrame":[773.601,235.775,47.462,-0.081,-0.965,0.25,0,0.251,0.968,-0.997,0.078,-0.02],"_shiftlockState":false,"_pose":"Running","_animationQueue":[],"_animationSpeed":1.09,"_zoom":11.958},{"_mousePosition":[1011,348],"_rootPartCFrame":[770.346,222.7,47.728,-0.089,0,0.996,0,1,0,-0.996,0,-0.089],"_humanoidState":8,"_cameraCFrame":[773.356,235.771,47.506,-0.074,-0.965,0.252,0,0.252,0.968,-0.997,0.071,-0.019],"_shiftlockState":false,"_pose":"Running","_animationQueue":[],"_animationSpeed":1.09,"_zoom":11.958},{"_mousePosition":[1011,348],"_rootPartCFrame":[770.081,223.563,47.751,-0.089,0,0.996,0,1,0,-0.996,0,-0.089],"_humanoidState":3,"_cameraCFrame":[773.111,236.629,47.55,-0.066,-0.965,0.253,0,0.254,0.967,-0.998,0.064,-0.017],"_shiftlockState":false,"_pose":"Jumping","_animationQueue":[["walk",0.1],["walk",0.1],["jump",0.1]],"_animationSpeed":1,"_zoom":11.958},{"_mousePosition":[1011,348],"_rootPartCFrame":[769.748,224.565,47.776,-0.087,0,0.996,0,1,0,-0.996,0,-0.087],"_humanoidState":5,"_cameraCFrame":[772.789,237.628,47.593,-0.06,-0.965,0.254,0,0.255,0.967,-0.998,0.058,-0.015],"_shiftlockState":false,"_pose":"FreeFall","_animationQueue":[["jump",0.1]],"_animationSpeed":1,"_zoom":11.958},{"_mousePosition":[1011,348],"_rootPartCFrame":[769.549,225.125,47.789,-0.085,0,0.996,0,1,0,-0.996,0,-0.085],"_humanoidState":5,"_cameraCFrame":[772.6,238.186,47.628,-0.053,-0.965,0.255,0,0.256,0.967,-0.999,0.051,-0.013],"_shiftlockState":false,"_pose":"FreeFall","_animationQueue":[],"_animationSpeed":1,"_zoom":11.958},{"_mousePosition":[1011,348],"_rootPartCFrame":[769.283,225.824,47.805,-0.082,0,0.997,0,1,0,-0.997,0,-0.082],"_humanoidState":5,"_cameraCFrame":[772.344,238.883,47.657,-0.049,-0.965,0.256,0,0.256,0.967,-0.999,0.047,-0.012],"_shiftlockState":false,"_pose":"FreeFall","_animationQueue":[],"_animationSpeed":1,"_zoom":11.958},{"_mousePosition":[1011,348],"_rootPartCFrame":[769.016,226.469,47.819,-0.078,0,0.997,0,1,0,-0.997,0,-0.078],"_humanoidState":5,"_cameraCFrame":[772.087,239.525,47.677,-0.046,-0.965,0.257,0,0.257,0.966,-0.999,0.045,-0.012],"_shiftlockState":false,"_pose":"FreeFall","_animationQueue":[],"_animationSpeed":1,"_zoom":11.958},{"_mousePosition":[1011,348],"_rootPartCFrame":[768.75,227.06,47.832,-0.074,0,0.997,0,1,0,-0.997,0,-0.074],"_humanoidState":5,"_cameraCFrame":[771.821,240.116,47.693,-0.045,-0.965,0.257,0,0.257,0.966,-0.999,0.044,-0.012],"_shiftlockState":false,"_pose":"FreeFall","_animationQueue":[],"_animationSpeed":1,"_zoom":11.958},{"_mousePosition":[1011,348],"_rootPartCFrame":[768.483,227.595,47.844,-0.07,0,0.998,0,1,0,-0.998,0,-0.07],"_humanoidState":5,"_cameraCFrame":[771.554,240.652,47.708,-0.044,-0.965,0.257,0,0.257,0.966,-0.999,0.043,-0.011],"_shiftlockState":false,"_pose":"FreeFall","_animationQueue":[],"_animationSpeed":1,"_zoom":11.958},{"_mousePosition":[1011,348],"_rootPartCFrame":[768.217,228.077,47.856,-0.067,0,0.998,0,1,0,-0.998,0,-0.067],"_humanoidState":5,"_cameraCFrame":[771.288,241.133,47.72,-0.044,-0.965,0.257,0,0.257,0.966,-0.999,0.043,-0.011],"_shiftlockState":false,"_pose":"FreeFall","_animationQueue":[],"_animationSpeed":1,"_zoom":11.958},{"_mousePosition":[1011,348],"_rootPartCFrame":[767.951,228.504,47.868,-0.064,0,0.998,0,1,0,-0.998,0,-0.064],"_humanoidState":5,"_cameraCFrame":[771.022,241.56,47.732,-0.044,-0.965,0.257,0,0.257,0.966,-0.999,0.043,-0.011],"_shiftlockState":false,"_pose":"FreeFall","_animationQueue":[],"_animationSpeed":1,"_zoom":11.958},{"_mousePosition":[1011,348],"_rootPartCFrame":[767.684,228.876,47.879,-0.061,0,0.998,0,1,0,-0.998,0,-0.061],"_humanoidState":5,"_cameraCFrame":[770.755,241.932,47.743,-0.044,-0.965,0.257,0,0.257,0.966,-0.999,0.043,-0.011],"_shiftlockState":false,"_pose":"FreeFall","_animationQueue":[],"_animationSpeed":1,"_zoom":11.958},{"_mousePosition":[1011,348],"_rootPartCFrame":[767.418,229.194,47.891,-0.059,0,0.998,0,1,0,-0.998,0,-0.059],"_humanoidState":5,"_cameraCFrame":[770.489,242.25,47.755,-0.044,-0.965,0.257,0,0.257,0.966,-0.999,0.043,-0.011],"_shiftlockState":false,"_pose":"FreeFall","_animationQueue":[],"_animationSpeed":1,"_zoom":11.958},{"_mousePosition":[1011,348],"_rootPartCFrame":[767.152,229.457,47.903,-0.057,0,0.998,0,1,0,-0.998,0,-0.057],"_humanoidState":5,"_cameraCFrame":[770.222,242.514,47.766,-0.044,-0.965,0.257,0,0.257,0.966,-0.999,0.043,-0.011],"_shiftlockState":false,"_pose":"FreeFall","_animationQueue":[],"_animationSpeed":1,"_zoom":11.958},{"_mousePosition":[1011,348],"_rootPartCFrame":[766.885,229.666,47.914,-0.055,0,0.998,0,1,0,-0.998,0,-0.055],"_humanoidState":5,"_cameraCFrame":[769.956,242.722,47.778,-0.044,-0.965,0.257,0,0.257,0.966,-0.999,0.043,-0.011],"_shiftlockState":false,"_pose":"FreeFall","_animationQueue":[],"_animationSpeed":1,"_zoom":11.958},{"_mousePosition":[1011,348],"_rootPartCFrame":[766.619,229.821,47.926,-0.053,0,0.999,0,1,0,-0.999,0,-0.053],"_humanoidState":5,"_cameraCFrame":[769.69,242.877,47.79,-0.044,-0.965,0.257,0,0.257,0.966,-0.999,0.043,-0.011],"_shiftlockState":false,"_pose":"FreeFall","_animationQueue":[],"_animationSpeed":1,"_zoom":11.958},{"_mousePosition":[1011,348],"_rootPartCFrame":[766.419,229.901,47.935,-0.053,0,0.999,0,1,0,-0.999,0,-0.053],"_humanoidState":5,"_cameraCFrame":[769.49,242.957,47.799,-0.044,-0.965,0.257,0,0.257,0.966,-0.999,0.043,-0.011],"_shiftlockState":false,"_pose":"FreeFall","_animationQueue":[],"_animationSpeed":1,"_zoom":11.958},{"_mousePosition":[1011,348],"_rootPartCFrame":[766.086,229.966,47.95,-0.051,0,0.999,0,1,0,-0.999,0,-0.051],"_humanoidState":5,"_cameraCFrame":[769.166,243.02,47.816,-0.043,-0.965,0.258,0,0.258,0.966,-0.999,0.042,-0.011],"_shiftlockState":false,"_pose":"FreeFall","_animationQueue":[],"_animationSpeed":1,"_zoom":11.958},{"_mousePosition":[1011,348],"_rootPartCFrame":[765.82,229.957,47.961,-0.05,0,0.999,0,1,0,-0.999,0,-0.05],"_humanoidState":5,"_cameraCFrame":[768.91,243.008,47.837,-0.04,-0.965,0.258,0,0.259,0.966,-0.999,0.039,-0.01],"_shiftlockState":false,"_pose":"FreeFall","_animationQueue":[],"_animationSpeed":1,"_zoom":11.958},{"_mousePosition":[1011,348],"_rootPartCFrame":[765.62,229.914,47.97,-0.049,0,0.999,0,1,0,-0.999,0,-0.049],"_humanoidState":5,"_cameraCFrame":[768.71,242.965,47.852,-0.038,-0.965,0.258,0,0.259,0.966,-0.999,0.037,-0.01],"_shiftlockState":false,"_pose":"FreeFall","_animationQueue":[],"_animationSpeed":1,"_zoom":11.958},{"_mousePosition":[1011,348],"_rootPartCFrame":[765.287,229.775,47.983,-0.048,0,0.999,0,1,0,-0.999,0,-0.048],"_humanoidState":5,"_cameraCFrame":[768.387,242.824,47.875,-0.035,-0.965,0.259,0,0.259,0.966,-0.999,0.034,-0.009],"_shiftlockState":false,"_pose":"FreeFall","_animationQueue":[],"_animationSpeed":1,"_zoom":11.958},{"_mousePosition":[1011,348],"_rootPartCFrame":[765.021,229.603,47.994,-0.047,0,0.999,0,1,0,-0.999,0,-0.047],"_humanoidState":5,"_cameraCFrame":[768.14,242.646,47.898,-0.031,-0.965,0.261,0,0.261,0.965,-1,0.03,-0.008],"_shiftlockState":false,"_pose":"FreeFall","_animationQueue":[],"_animationSpeed":1,"_zoom":11.958},{"_mousePosition":[1011,348],"_rootPartCFrame":[764.754,229.375,48.003,-0.045,0,0.999,0,1,0,-0.999,0,-0.045],"_humanoidState":5,"_cameraCFrame":[767.892,242.414,47.933,-0.022,-0.965,0.262,0,0.263,0.965,-1,0.022,-0.006],"_shiftlockState":false,"_pose":"FreeFall","_animationQueue":[["fall",0.3]],"_animationSpeed":1,"_zoom":11.958},{"_mousePosition":[1011,348],"_rootPartCFrame":[764.487,229.094,48.011,-0.043,0,0.999,0,1,0,-0.999,0,-0.043],"_humanoidState":5,"_cameraCFrame":[767.645,242.127,47.973,-0.012,-0.964,0.264,0,0.264,0.965,-1,0.011,-0.003],"_shiftlockState":false,"_pose":"FreeFall","_animationQueue":[],"_animationSpeed":1,"_zoom":11.958},{"_mousePosition":[1011,348],"_rootPartCFrame":[764.221,228.758,48.017,-0.041,0,0.999,0,1,0,-0.999,0,-0.041],"_humanoidState":5,"_cameraCFrame":[767.397,241.786,48.023,0.002,-0.964,0.266,0,0.266,0.964,-1,-0.002,0],"_shiftlockState":false,"_pose":"FreeFall","_animationQueue":[],"_animationSpeed":1,"_zoom":11.958},{"_mousePosition":[1011,348],"_rootPartCFrame":[763.954,228.367,48.02,-0.037,0,0.999,0,1,0,-0.999,0,-0.037],"_humanoidState":5,"_cameraCFrame":[767.149,241.39,48.073,0.016,-0.964,0.267,0,0.267,0.964,-1,-0.016,0.004],"_shiftlockState":false,"_pose":"FreeFall","_animationQueue":[],"_animationSpeed":1,"_zoom":11.958},{"_mousePosition":[1011,348],"_rootPartCFrame":[763.688,227.922,48.02,-0.033,0,0.999,0,1,0,-0.999,0,-0.033],"_humanoidState":5,"_cameraCFrame":[766.891,240.943,48.106,0.027,-0.963,0.268,0,0.268,0.963,-1,-0.026,0.007],"_shiftlockState":false,"_pose":"FreeFall","_animationQueue":[],"_animationSpeed":1,"_zoom":11.958},{"_mousePosition":[1011,348],"_rootPartCFrame":[763.421,227.422,48.016,-0.027,0,1,0,1,0,-1,0,-0.027],"_humanoidState":5,"_cameraCFrame":[766.642,240.438,48.136,0.037,-0.962,0.269,0,0.27,0.963,-0.999,-0.036,0.01],"_shiftlockState":false,"_pose":"FreeFall","_animationQueue":[],"_animationSpeed":1,"_zoom":11.958},{"_mousePosition":[1011,348],"_rootPartCFrame":[763.154,226.868,48.009,-0.02,0,1,0,1,0,-1,0,-0.02],"_humanoidState":5,"_cameraCFrame":[766.392,239.879,48.157,0.046,-0.962,0.271,0,0.271,0.963,-0.999,-0.044,0.012],"_shiftlockState":false,"_pose":"FreeFall","_animationQueue":[["fall",0.3]],"_animationSpeed":1,"_zoom":11.958},{"_mousePosition":[1011,348],"_rootPartCFrame":[762.888,226.26,47.998,-0.012,0,1,0,1,0,-1,0,-0.012],"_humanoidState":5,"_cameraCFrame":[766.134,239.267,48.167,0.052,-0.961,0.271,0,0.272,0.962,-0.999,-0.05,0.014],"_shiftlockState":false,"_pose":"FreeFall","_animationQueue":[],"_animationSpeed":1,"_zoom":11.958},{"_mousePosition":[1011,348],"_rootPartCFrame":[762.621,225.597,47.986,-0.005,0,1,0,1,0,-1,0,-0.005],"_humanoidState":5,"_cameraCFrame":[765.876,238.602,48.165,0.055,-0.961,0.272,0,0.273,0.962,-0.998,-0.053,0.015],"_shiftlockState":false,"_pose":"FreeFall","_animationQueue":[],"_animationSpeed":1,"_zoom":11.958},{"_mousePosition":[1011,348],"_rootPartCFrame":[762.355,224.879,47.972,0.003,0,1,0,1,0,-1,0,0.003],"_humanoidState":5,"_cameraCFrame":[765.61,237.884,48.155,0.056,-0.961,0.272,0,0.273,0.962,-0.998,-0.054,0.015],"_shiftlockState":false,"_pose":"FreeFall","_animationQueue":[],"_animationSpeed":1,"_zoom":11.958},{"_mousePosition":[1011,348],"_rootPartCFrame":[762.089,224.107,47.957,0.01,0,1,0,1,0,-1,0,0.01],"_humanoidState":5,"_cameraCFrame":[765.343,237.112,48.143,0.057,-0.961,0.272,0,0.273,0.962,-0.998,-0.055,0.016],"_shiftlockState":false,"_pose":"FreeFall","_animationQueue":[],"_animationSpeed":1,"_zoom":11.958},{"_mousePosition":[1011,348],"_rootPartCFrame":[761.822,223.28,47.941,0.017,0,1,0,1,0,-1,0,0.017],"_humanoidState":5,"_cameraCFrame":[765.077,236.285,48.127,0.057,-0.961,0.272,0,0.273,0.962,-0.998,-0.055,0.016],"_shiftlockState":false,"_pose":"FreeFall","_animationQueue":[],"_animationSpeed":1,"_zoom":11.958},{"_mousePosition":[1011,348],"_rootPartCFrame":[761.556,222.679,47.926,0.022,0,1,0,1,0,-1,0,0.022],"_humanoidState":7,"_cameraCFrame":[764.81,235.684,48.116,0.058,-0.96,0.272,0,0.273,0.962,-0.998,-0.056,0.016],"_shiftlockState":false,"_pose":"FreeFall","_animationQueue":[["fall",0.3],["walk",0.1],["fall",0.3],["fall",0.3]],"_animationSpeed":1,"_zoom":11.958},{"_mousePosition":[1011,348],"_rootPartCFrame":[761.29,222.702,47.911,0.027,0,1,0,1,0,-1,0,0.027],"_humanoidState":7,"_cameraCFrame":[764.544,235.707,48.104,0.059,-0.96,0.272,0,0.273,0.962,-0.998,-0.057,0.016],"_shiftlockState":false,"_pose":"FreeFall","_animationQueue":[],"_animationSpeed":1,"_zoom":11.958},{"_mousePosition":[1011,348],"_rootPartCFrame":[760.957,222.804,47.891,0.032,0,0.999,0,1,0,-0.999,0,0.032],"_humanoidState":8,"_cameraCFrame":[764.22,235.806,48.088,0.06,-0.96,0.273,0,0.273,0.962,-0.998,-0.058,0.016],"_shiftlockState":false,"_pose":"Running","_animationQueue":[["walk",0.1],["fall",0.3],["walk",0.1]],"_animationSpeed":1.103,"_zoom":11.958},{"_mousePosition":[1011,348],"_rootPartCFrame":[760.691,223.667,47.876,0.037,0,0.999,0,1,0,-0.999,0,0.037],"_humanoidState":3,"_cameraCFrame":[763.954,236.669,48.08,0.062,-0.96,0.273,0,0.273,0.962,-0.998,-0.06,0.017],"_shiftlockState":false,"_pose":"Jumping","_animationQueue":[["walk",0.1],["jump",0.1]],"_animationSpeed":1,"_zoom":11.958},{"_mousePosition":[1011,348],"_rootPartCFrame":[760.425,224.475,47.859,0.04,0,0.999,0,1,0,-0.999,0,0.04],"_humanoidState":5,"_cameraCFrame":[763.687,237.477,48.074,0.066,-0.96,0.273,0,0.273,0.962,-0.998,-0.063,0.018],"_shiftlockState":false,"_pose":"FreeFall","_animationQueue":[["jump",0.1]],"_animationSpeed":1,"_zoom":11.958},{"_mousePosition":[1011,348],"_rootPartCFrame":[760.159,225.229,47.843,0.043,0,0.999,0,1,0,-0.999,0,0.043],"_humanoidState":5,"_cameraCFrame":[763.429,238.229,48.071,0.07,-0.959,0.273,0,0.274,0.962,-0.998,-0.067,0.019],"_shiftlockState":false,"_pose":"FreeFall","_animationQueue":[],"_animationSpeed":1,"_zoom":11.958},{"_mousePosition":[1011,348],"_rootPartCFrame":[759.893,225.928,47.825,0.046,0,0.999,0,1,0,-0.999,0,0.046],"_humanoidState":5,"_cameraCFrame":[763.162,238.928,48.074,0.076,-0.959,0.273,0,0.274,0.962,-0.997,-0.073,0.021],"_shiftlockState":false,"_pose":"FreeFall","_animationQueue":[],"_animationSpeed":1,"_zoom":11.958},{"_mousePosition":[1011,348],"_rootPartCFrame":[759.626,226.573,47.806,0.049,0,0.999,0,1,0,-0.999,0,0.049],"_humanoidState":5,"_cameraCFrame":[762.903,239.57,48.073,0.081,-0.958,0.274,0,0.275,0.961,-0.997,-0.078,0.022],"_shiftlockState":false,"_pose":"FreeFall","_animationQueue":[],"_animationSpeed":1,"_zoom":11.958},{"_mousePosition":[1011,348],"_rootPartCFrame":[759.427,227.021,47.791,0.052,0,0.999,0,1,0,-0.999,0,0.052],"_humanoidState":5,"_cameraCFrame":[762.702,240.018,48.079,0.087,-0.958,0.274,0,0.275,0.961,-0.996,-0.084,0.024],"_shiftlockState":false,"_pose":"FreeFall","_animationQueue":[],"_animationSpeed":1,"_zoom":11.958},{"_mousePosition":[1011,348],"_rootPartCFrame":[759.095,227.699,47.764,0.057,0,0.998,0,1,0,-0.998,0,0.057],"_humanoidState":5,"_cameraCFrame":[762.378,240.694,48.07,0.093,-0.957,0.275,0,0.276,0.961,-0.996,-0.089,0.026],"_shiftlockState":false,"_pose":"FreeFall","_animationQueue":[],"_animationSpeed":1,"_zoom":11.958},{"_mousePosition":[1011,348],"_rootPartCFrame":[758.829,228.181,47.741,0.061,0,0.998,0,1,0,-0.998,0,0.061],"_humanoidState":5,"_cameraCFrame":[762.111,241.175,48.06,0.097,-0.957,0.274,0,0.276,0.961,-0.995,-0.093,0.027],"_shiftlockState":false,"_pose":"FreeFall","_animationQueue":[],"_animationSpeed":1,"_zoom":11.958},{"_mousePosition":[1011,348],"_rootPartCFrame":[758.564,228.608,47.716,0.065,0,0.998,0,1,0,-0.998,0,0.065],"_humanoidState":5,"_cameraCFrame":[761.853,241.6,48.046,0.1,-0.956,0.275,0,0.276,0.961,-0.995,-0.096,0.028],"_shiftlockState":false,"_pose":"FreeFall","_animationQueue":[],"_animationSpeed":1,"_zoom":11.958},{"_mousePosition":[1011,348],"_rootPartCFrame":[758.298,228.98,47.69,0.069,0,0.998,0,1,0,-0.998,0,0.069],"_humanoidState":5,"_cameraCFrame":[761.588,241.972,48.024,0.101,-0.956,0.275,0,0.276,0.961,-0.995,-0.097,0.028],"_shiftlockState":false,"_pose":"FreeFall","_animationQueue":[],"_animationSpeed":1,"_zoom":11.958},{"_mousePosition":[1011,348],"_rootPartCFrame":[758.033,229.298,47.663,0.073,0,0.997,0,1,0,-0.997,0,0.073],"_humanoidState":5,"_cameraCFrame":[761.322,242.29,47.997,0.101,-0.956,0.275,0,0.276,0.961,-0.995,-0.097,0.028],"_shiftlockState":false,"_pose":"FreeFall","_animationQueue":[],"_animationSpeed":1,"_zoom":11.958},{"_mousePosition":[1011,348],"_rootPartCFrame":[757.768,229.561,47.636,0.077,0,0.997,0,1,0,-0.997,0,0.077],"_humanoidState":5,"_cameraCFrame":[761.057,242.553,47.97,0.101,-0.956,0.275,0,0.276,0.961,-0.995,-0.097,0.028],"_shiftlockState":false,"_pose":"FreeFall","_animationQueue":[],"_animationSpeed":1,"_zoom":11.958},{"_mousePosition":[1011,348],"_rootPartCFrame":[757.502,229.77,47.608,0.08,0,0.997,0,1,0,-0.997,0,0.08],"_humanoidState":5,"_cameraCFrame":[760.792,242.762,47.942,0.101,-0.956,0.275,0,0.276,0.961,-0.995,-0.097,0.028],"_shiftlockState":false,"_pose":"FreeFall","_animationQueue":[],"_animationSpeed":1,"_zoom":11.958},{"_mousePosition":[1011,348],"_rootPartCFrame":[757.237,229.925,47.581,0.083,0,0.997,0,1,0,-0.997,0,0.083],"_humanoidState":5,"_cameraCFrame":[760.526,242.917,47.915,0.101,-0.956,0.275,0,0.276,0.961,-0.995,-0.097,0.028],"_shiftlockState":false,"_pose":"FreeFall","_animationQueue":[],"_animationSpeed":1,"_zoom":11.958},{"_mousePosition":[1011,348],"_rootPartCFrame":[756.971,230.025,47.554,0.086,0,0.996,0,1,0,-0.996,0,0.086],"_humanoidState":5,"_cameraCFrame":[760.261,243.016,47.888,0.101,-0.956,0.275,0,0.276,0.961,-0.995,-0.097,0.028],"_shiftlockState":false,"_pose":"FreeFall","_animationQueue":[],"_animationSpeed":1,"_zoom":11.958},{"_mousePosition":[1011,348],"_rootPartCFrame":[756.706,230.07,47.527,0.088,0,0.996,0,1,0,-0.996,0,0.088],"_humanoidState":5,"_cameraCFrame":[759.995,243.062,47.864,0.102,-0.956,0.275,0,0.276,0.961,-0.995,-0.098,0.028],"_shiftlockState":false,"_pose":"FreeFall","_animationQueue":[],"_animationSpeed":1,"_zoom":11.958},{"_mousePosition":[1011,348],"_rootPartCFrame":[756.441,230.061,47.5,0.09,0,0.996,0,1,0,-0.996,0,0.09],"_humanoidState":5,"_cameraCFrame":[759.729,243.053,47.844,0.104,-0.956,0.275,0,0.276,0.961,-0.995,-0.1,0.029],"_shiftlockState":false,"_pose":"FreeFall","_animationQueue":[],"_animationSpeed":1,"_zoom":11.958},{"_mousePosition":[1011,348],"_rootPartCFrame":[756.175,229.997,47.473,0.091,0,0.996,0,1,0,-0.996,0,0.091],"_humanoidState":5,"_cameraCFrame":[759.461,242.989,47.841,0.111,-0.955,0.275,0,0.276,0.961,-0.994,-0.107,0.031],"_shiftlockState":false,"_pose":"FreeFall","_animationQueue":[["fall",0.3]],"_animationSpeed":1,"_zoom":11.958},{"_mousePosition":[1011,348],"_rootPartCFrame":[755.91,229.879,47.445,0.093,0,0.996,0,1,0,-0.996,0,0.093],"_humanoidState":5,"_cameraCFrame":[759.192,242.871,47.847,0.122,-0.954,0.274,0,0.276,0.961,-0.993,-0.117,0.034],"_shiftlockState":false,"_pose":"FreeFall","_animationQueue":[],"_animationSpeed":1,"_zoom":11.958},{"_mousePosition":[1011,348],"_rootPartCFrame":[755.645,229.707,47.415,0.095,0,0.995,0,1,0,-0.995,0,0.095],"_humanoidState":5,"_cameraCFrame":[758.882,242.709,47.871,0.139,-0.953,0.271,0,0.273,0.962,-0.99,-0.134,0.038],"_shiftlockState":false,"_pose":"FreeFall","_animationQueue":[],"_animationSpeed":1,"_zoom":11.958},{"_mousePosition":[1011,348],"_rootPartCFrame":[755.38,229.479,47.383,0.099,0,0.995,0,1,0,-0.995,0,0.099],"_humanoidState":5,"_cameraCFrame":[758.552,242.498,47.898,0.16,-0.951,0.265,0,0.269,0.963,-0.987,-0.154,0.043],"_shiftlockState":false,"_pose":"FreeFall","_animationQueue":[],"_animationSpeed":1,"_zoom":11.958},{"_mousePosition":[1011,348],"_rootPartCFrame":[755.116,229.198,47.346,0.103,0,0.995,0,1,0,-0.995,0,0.103],"_humanoidState":5,"_cameraCFrame":[758.199,242.236,47.936,0.188,-0.948,0.258,0,0.263,0.965,-0.982,-0.181,0.049],"_shiftlockState":false,"_pose":"FreeFall","_animationQueue":[],"_animationSpeed":1,"_zoom":11.958},{"_mousePosition":[1011,348],"_rootPartCFrame":[754.853,228.862,47.303,0.11,0,0.994,0,1,0,-0.994,0,0.11],"_humanoidState":5,"_cameraCFrame":[757.841,241.92,47.986,0.223,-0.942,0.25,0,0.256,0.967,-0.975,-0.215,0.057],"_shiftlockState":false,"_pose":"FreeFall","_animationQueue":[],"_animationSpeed":1,"_zoom":11.958},{"_mousePosition":[1011,348],"_rootPartCFrame":[754.591,228.471,47.254,0.12,0,0.993,0,1,0,-0.993,0,0.12],"_humanoidState":5,"_cameraCFrame":[757.928,241.552,46.351,0.263,-0.934,0.24,0,0.249,0.968,-0.965,-0.255,0.066],"_shiftlockState":true,"_pose":"FreeFall","_animationQueue":[["fall",0.3]],"_animationSpeed":1,"_zoom":11.958},{"_mousePosition":[683,384],"_rootPartCFrame":[754.331,228.026,47.196,0.263,0,0.965,0,1,0,-0.965,0,0.263],"_humanoidState":5,"_cameraCFrame":[757.667,241.107,46.293,0.263,-0.934,0.24,0,0.249,0.968,-0.965,-0.255,0.066],"_shiftlockState":true,"_pose":"FreeFall","_animationQueue":[],"_animationSpeed":1,"_zoom":11.958},{"_mousePosition":[683,384],"_rootPartCFrame":[754.073,227.526,47.127,0.262,0,0.965,0,1,0,-0.965,0,0.262],"_humanoidState":5,"_cameraCFrame":[757.368,240.626,46.321,0.298,-0.926,0.232,0,0.243,0.97,-0.955,-0.289,0.072],"_shiftlockState":true,"_pose":"FreeFall","_animationQueue":[],"_animationSpeed":1,"_zoom":11.958},{"_mousePosition":[683,384],"_rootPartCFrame":[753.816,226.972,47.057,0.294,0,0.956,0,1,0,-0.956,0,0.294],"_humanoidState":5,"_cameraCFrame":[757.064,240.09,46.331,0.327,-0.918,0.224,0,0.237,0.972,-0.945,-0.318,0.078],"_shiftlockState":true,"_pose":"FreeFall","_animationQueue":[],"_animationSpeed":1,"_zoom":11.958},{"_mousePosition":[683,384],"_rootPartCFrame":[753.561,226.364,46.979,0.324,0,0.946,0,1,0,-0.946,0,0.324],"_humanoidState":5,"_cameraCFrame":[756.777,239.493,46.295,0.344,-0.913,0.219,0,0.233,0.973,-0.939,-0.335,0.08],"_shiftlockState":true,"_pose":"FreeFall","_animationQueue":[],"_animationSpeed":1,"_zoom":11.958},{"_mousePosition":[683,384],"_rootPartCFrame":[753.308,225.701,46.894,0.342,0,0.94,0,1,0,-0.94,0,0.342],"_humanoidState":5,"_cameraCFrame":[756.51,238.834,46.216,0.348,-0.912,0.217,0,0.231,0.973,-0.937,-0.339,0.081],"_shiftlockState":true,"_pose":"FreeFall","_animationQueue":[],"_animationSpeed":1,"_zoom":11.958},{"_mousePosition":[683,384],"_rootPartCFrame":[753.12,225.168,46.825,0.347,0,0.938,0,1,0,-0.938,0,0.347],"_humanoidState":5,"_cameraCFrame":[756.322,238.301,46.148,0.348,-0.912,0.217,0,0.231,0.973,-0.937,-0.339,0.081],"_shiftlockState":true,"_pose":"FreeFall","_animationQueue":[],"_animationSpeed":1,"_zoom":11.958},{"_mousePosition":[683,384],"_rootPartCFrame":[752.808,224.211,46.71,0.348,0,0.938,0,1,0,-0.938,0,0.348],"_humanoidState":5,"_cameraCFrame":[756,237.347,46.029,0.348,-0.912,0.216,0,0.23,0.973,-0.937,-0.339,0.08],"_shiftlockState":true,"_pose":"FreeFall","_animationQueue":[],"_animationSpeed":1,"_zoom":11.958},{"_mousePosition":[683,384],"_rootPartCFrame":[752.558,223.384,46.617,0.348,0,0.937,0,1,0,-0.937,0,0.348],"_humanoidState":5,"_cameraCFrame":[755.712,236.529,45.91,0.344,-0.914,0.213,0,0.227,0.974,-0.939,-0.335,0.078],"_shiftlockState":true,"_pose":"FreeFall","_animationQueue":[["fall",0.3]],"_animationSpeed":1,"_zoom":11.958},{"_mousePosition":[683,384],"_rootPartCFrame":[752.308,222.618,46.524,0.344,0,0.939,0,1,0,-0.939,0,0.344],"_humanoidState":7,"_cameraCFrame":[755.415,235.774,45.788,0.34,-0.917,0.21,0,0.223,0.975,-0.94,-0.332,0.076],"_shiftlockState":true,"_pose":"FreeFall","_animationQueue":[["walk",0.1],["fall",0.3],["fall",0.3]],"_animationSpeed":1,"_zoom":11.958},{"_mousePosition":[683,384],"_rootPartCFrame":[752.057,222.607,46.432,0.34,0,0.94,0,1,0,-0.94,0,0.34],"_humanoidState":7,"_cameraCFrame":[755.118,235.773,45.667,0.336,-0.919,0.207,0,0.219,0.976,-0.942,-0.328,0.074],"_shiftlockState":true,"_pose":"FreeFall","_animationQueue":[],"_animationSpeed":1,"_zoom":11.958},{"_mousePosition":[683,384],"_rootPartCFrame":[751.744,222.751,46.318,0.336,0,0.942,0,1,0,-0.942,0,0.336],"_humanoidState":8,"_cameraCFrame":[754.718,235.936,45.5,0.328,-0.923,0.201,0,0.212,0.977,-0.945,-0.321,0.07],"_shiftlockState":true,"_pose":"Running","_animationQueue":[["walk",0.1],["fall",0.3],["walk",0.1]],"_animationSpeed":1.103,"_zoom":11.958},{"_mousePosition":[683,384],"_rootPartCFrame":[751.493,222.825,46.228,0.328,0,0.945,0,1,0,-0.945,0,0.328],"_humanoidState":8,"_cameraCFrame":[754.36,236.032,45.349,0.32,-0.928,0.193,0,0.204,0.979,-0.948,-0.313,0.065],"_shiftlockState":true,"_pose":"Running","_animationQueue":[],"_animationSpeed":1.103,"_zoom":11.958},{"_mousePosition":[683,384],"_rootPartCFrame":[751.241,222.865,46.141,0.32,0,0.948,0,1,0,-0.948,0,0.32],"_humanoidState":8,"_cameraCFrame":[753.982,236.097,45.193,0.31,-0.933,0.184,0,0.193,0.981,-0.951,-0.304,0.06],"_shiftlockState":true,"_pose":"Running","_animationQueue":[],"_animationSpeed":1.103,"_zoom":11.958},{"_mousePosition":[683,384],"_rootPartCFrame":[750.988,222.887,46.055,0.31,0,0.951,0,1,0,-0.951,0,0.31],"_humanoidState":8,"_cameraCFrame":[753.564,236.15,45.025,0.298,-0.939,0.172,0,0.18,0.984,-0.955,-0.293,0.054],"_shiftlockState":true,"_pose":"Running","_animationQueue":[["walk",0.1]],"_animationSpeed":1.103,"_zoom":11.958},{"_mousePosition":[683,384],"_rootPartCFrame":[750.735,222.899,45.972,0.298,0,0.955,0,1,0,-0.955,0,0.298],"_humanoidState":8,"_cameraCFrame":[753.225,236.176,44.888,0.286,-0.944,0.166,0,0.174,0.985,-0.958,-0.281,0.05],"_shiftlockState":true,"_pose":"Running","_animationQueue":[],"_animationSpeed":1.103,"_zoom":11.958},{"_mousePosition":[683,384],"_rootPartCFrame":[750.481,222.906,45.892,0.286,0,0.958,0,1,0,-0.958,0,0.286],"_humanoidState":8,"_cameraCFrame":[752.957,236.182,44.777,0.274,-0.947,0.167,0,0.174,0.985,-0.962,-0.269,0.048],"_shiftlockState":true,"_pose":"Running","_animationQueue":[],"_animationSpeed":1.103,"_zoom":11.958},{"_mousePosition":[683,384],"_rootPartCFrame":[750.225,222.909,45.816,0.274,0,0.962,0,1,0,-0.962,0,0.274],"_humanoidState":8,"_cameraCFrame":[752.693,236.186,44.682,0.267,-0.949,0.167,0,0.174,0.985,-0.964,-0.262,0.046],"_shiftlockState":true,"_pose":"Running","_animationQueue":[],"_animationSpeed":1.103,"_zoom":11.958},{"_mousePosition":[683,384],"_rootPartCFrame":[749.969,222.911,45.742,0.267,0,0.964,0,1,0,-0.964,0,0.267],"_humanoidState":8,"_cameraCFrame":[752.432,236.188,44.598,0.262,-0.95,0.168,0,0.174,0.985,-0.965,-0.258,0.046],"_shiftlockState":true,"_pose":"Running","_animationQueue":[],"_animationSpeed":1.103,"_zoom":11.958},{"_mousePosition":[683,384],"_rootPartCFrame":[749.712,222.912,45.671,0.262,0,0.965,0,1,0,-0.965,0,0.262],"_humanoidState":8,"_cameraCFrame":[752.17,236.189,44.517,0.258,-0.951,0.168,0,0.174,0.985,-0.966,-0.255,0.045],"_shiftlockState":true,"_pose":"Running","_animationQueue":[],"_animationSpeed":1.103,"_zoom":11.958},{"_mousePosition":[683,384],"_rootPartCFrame":[749.519,222.913,45.618,0.258,0,0.966,0,1,0,-0.966,0,0.258],"_humanoidState":8,"_cameraCFrame":[751.972,236.189,44.454,0.254,-0.952,0.168,0,0.174,0.985,-0.967,-0.251,0.044],"_shiftlockState":true,"_pose":"Running","_animationQueue":[],"_animationSpeed":1.103,"_zoom":11.958},{"_mousePosition":[683,384],"_rootPartCFrame":[749.197,222.913,45.532,0.254,0,0.967,0,1,0,-0.967,0,0.254],"_humanoidState":8,"_cameraCFrame":[751.645,236.19,44.357,0.25,-0.953,0.168,0,0.174,0.985,-0.968,-0.247,0.043],"_shiftlockState":true,"_pose":"Running","_animationQueue":[["walk",0.1]],"_animationSpeed":1.103,"_zoom":11.958},{"_mousePosition":[683,384],"_rootPartCFrame":[748.939,222.913,45.464,0.25,0,0.968,0,1,0,-0.968,0,0.25],"_humanoidState":8,"_cameraCFrame":[751.383,236.19,44.279,0.246,-0.954,0.168,0,0.174,0.985,-0.969,-0.243,0.043],"_shiftlockState":true,"_pose":"Running","_animationQueue":[],"_animationSpeed":1.103,"_zoom":11.958},{"_mousePosition":[683,384],"_rootPartCFrame":[748.617,223.997,45.379,0.246,0,0.969,0,1,0,-0.969,0,0.246],"_humanoidState":3,"_cameraCFrame":[751.052,237.273,44.176,0.239,-0.956,0.169,0,0.174,0.985,-0.971,-0.236,0.042],"_shiftlockState":true,"_pose":"Jumping","_animationQueue":[["walk",0.1],["jump",0.1]],"_animationSpeed":1,"_zoom":11.958},{"_mousePosition":[683,384],"_rootPartCFrame":[748.423,224.609,45.329,0.24,0,0.971,0,1,0,-0.971,0,0.24],"_humanoidState":5,"_cameraCFrame":[750.846,237.885,44.104,0.23,-0.958,0.169,0,0.174,0.985,-0.973,-0.227,0.04],"_shiftlockState":true,"_pose":"FreeFall","_animationQueue":[["jump",0.1]],"_animationSpeed":1,"_zoom":11.958},{"_mousePosition":[683,384],"_rootPartCFrame":[748.164,225.376,45.265,0.231,0,0.973,0,1,0,-0.973,0,0.231],"_humanoidState":5,"_cameraCFrame":[750.567,238.652,43.999,0.214,-0.962,0.17,0,0.174,0.985,-0.977,-0.21,0.037],"_shiftlockState":true,"_pose":"FreeFall","_animationQueue":[],"_animationSpeed":1,"_zoom":11.958},{"_mousePosition":[683,384],"_rootPartCFrame":[747.905,226.089,45.203,0.216,0,0.976,0,1,0,-0.976,0,0.216],"_humanoidState":5,"_cameraCFrame":[750.276,239.365,43.88,0.19,-0.967,0.17,0,0.174,0.985,-0.982,-0.187,0.033],"_shiftlockState":true,"_pose":"FreeFall","_animationQueue":[],"_animationSpeed":1,"_zoom":11.958},{"_mousePosition":[683,384],"_rootPartCFrame":[747.645,226.748,45.145,0.193,0,0.981,0,1,0,-0.981,0,0.193],"_humanoidState":5,"_cameraCFrame":[749.983,240.024,43.765,0.166,-0.971,0.171,0,0.174,0.985,-0.986,-0.164,0.029],"_shiftlockState":true,"_pose":"FreeFall","_animationQueue":[],"_animationSpeed":1,"_zoom":11.958},{"_mousePosition":[683,384],"_rootPartCFrame":[747.383,227.352,45.094,0.169,0,0.986,0,1,0,-0.986,0,0.169],"_humanoidState":5,"_cameraCFrame":[749.685,240.628,43.653,0.141,-0.975,0.172,0,0.174,0.985,-0.99,-0.138,0.024],"_shiftlockState":true,"_pose":"FreeFall","_animationQueue":[],"_animationSpeed":1,"_zoom":11.958},{"_mousePosition":[683,384],"_rootPartCFrame":[747.12,227.901,45.048,0.144,0,0.99,0,1,0,-0.99,0,0.144],"_humanoidState":5,"_cameraCFrame":[749.372,241.177,43.531,0.107,-0.979,0.173,0,0.174,0.985,-0.994,-0.106,0.019],"_shiftlockState":true,"_pose":"FreeFall","_animationQueue":[],"_animationSpeed":1,"_zoom":11.958},{"_mousePosition":[683,384],"_rootPartCFrame":[746.856,228.396,45.009,0.111,0,0.994,0,1,0,-0.994,0,0.111],"_humanoidState":5,"_cameraCFrame":[749.048,241.673,43.406,0.069,-0.982,0.173,0,0.174,0.985,-0.998,-0.068,0.012],"_shiftlockState":true,"_pose":"FreeFall","_animationQueue":[],"_animationSpeed":1,"_zoom":11.958},{"_mousePosition":[683,384],"_rootPartCFrame":[746.591,228.837,44.979,0.074,0,0.997,0,1,0,-0.997,0,0.074],"_humanoidState":5,"_cameraCFrame":[748.732,242.113,43.307,0.037,-0.984,0.174,0,0.174,0.985,-0.999,-0.037,0.006],"_shiftlockState":true,"_pose":"FreeFall","_animationQueue":[],"_animationSpeed":1,"_zoom":11.958},{"_mousePosition":[683,384],"_rootPartCFrame":[746.326,229.223,44.959,0.042,0,0.999,0,1,0,-0.999,0,0.042],"_humanoidState":5,"_cameraCFrame":[748.411,242.499,43.219,0.005,-0.985,0.174,0,0.174,0.985,-1,-0.005,0.001],"_shiftlockState":true,"_pose":"FreeFall","_animationQueue":[],"_animationSpeed":1,"_zoom":11.958},{"_mousePosition":[683,384],"_rootPartCFrame":[746.059,229.554,44.947,0.009,0,1,0,1,0,-1,0,0.009],"_humanoidState":5,"_cameraCFrame":[748.104,242.831,43.16,-0.018,-0.985,0.174,0,0.174,0.985,-1,0.018,-0.003],"_shiftlockState":true,"_pose":"FreeFall","_animationQueue":[],"_animationSpeed":1,"_zoom":11.958},{"_mousePosition":[683,384],"_rootPartCFrame":[745.793,229.831,44.944,-0.015,0,1,0,1,0,-1,0,-0.015],"_humanoidState":5,"_cameraCFrame":[747.805,243.108,43.121,-0.036,-0.984,0.174,0,0.174,0.985,-0.999,0.035,-0.006],"_shiftlockState":true,"_pose":"FreeFall","_animationQueue":[],"_animationSpeed":1,"_zoom":11.958},{"_mousePosition":[683,384],"_rootPartCFrame":[745.526,230.054,44.948,-0.033,0,0.999,0,1,0,-0.999,0,-0.033],"_humanoidState":5,"_cameraCFrame":[747.513,243.33,43.097,-0.05,-0.984,0.173,0,0.174,0.985,-0.999,0.049,-0.009],"_shiftlockState":true,"_pose":"FreeFall","_animationQueue":[],"_animationSpeed":1,"_zoom":11.958},{"_mousePosition":[683,384],"_rootPartCFrame":[745.326,230.185,44.954,-0.048,0,0.999,0,1,0,-0.999,0,-0.048],"_humanoidState":5,"_cameraCFrame":[747.292,243.461,43.081,-0.061,-0.983,0.173,0,0.174,0.985,-0.998,0.06,-0.011],"_shiftlockState":true,"_pose":"FreeFall","_animationQueue":[],"_animationSpeed":1,"_zoom":11.958},{"_mousePosition":[683,384],"_rootPartCFrame":[744.993,230.335,44.97,-0.059,0,0.998,0,1,0,-0.998,0,-0.059],"_humanoidState":5,"_cameraCFrame":[746.931,243.612,43.068,-0.076,-0.982,0.173,0,0.174,0.985,-0.997,0.075,-0.013],"_shiftlockState":true,"_pose":"FreeFall","_an