[{"_mousePosition":[685,375],"_rootPartCFrame":[776.031,222.7,47.142,-0.001,0,1,0,1,0,-1,0,-0.001],"_humanoidState":8,"_cameraCFrame":[775.529,240.01,50.27,0.987,0.155,-0.031,0,0.196,0.981,0.158,-0.968,0.194],"_shiftlockState":false,"_pose":"Standing","_animationQueue":[],"_animationSpeed":1,"_zoom":16.125},{"_mousePosition":[685,375],"_rootPartCFrame":[775.788,222.7,47.103,0.022,0,1,0,1,0,-1,0,0.022],"_humanoidState":8,"_cameraCFrame":[775.286,240.01,50.231,0.987,0.155,-0.031,0,0.196,0.981,0.158,-0.968,0.194],"_shiftlockState":false,"_pose":"Standing","_animationQueue":[],"_animationSpeed":1,"_zoom":16.125},{"_mousePosition":[685,375],"_rootPartCFrame":[775.525,222.7,47.061,0.04,0,0.999,0,1,0,-0.999,0,0.04],"_humanoidState":8,"_cameraCFrame":[775.023,240.01,50.189,0.987,0.155,-0.031,0,0.196,0.981,0.158,-0.968,0.194],"_shiftlockState":false,"_pose":"Running","_animationQueue":[["walk",0.1]],"_animationSpeed":1.066,"_zoom":16.125},{"_mousePosition":[685,375],"_rootPartCFrame":[775.262,222.7,47.019,0.056,0,0.998,0,1,0,-0.998,0,0.056],"_humanoidState":8,"_cameraCFrame":[774.752,240.01,50.145,0.987,0.158,-0.032,0,0.196,0.981,0.161,-0.968,0.194],"_shiftlockState":false,"_pose":"Running","_animationQueue":[],"_animationSpeed":1.066,"_zoom":16.125},{"_mousePosition":[685,375],"_rootPartCFrame":[774.999,222.7,46.977,0.07,0,0.998,0,1,0,-0.998,0,0.07],"_humanoidState":8,"_cameraCFrame":[774.476,240.023,50.038,0.986,0.165,-0.032,0,0.193,0.981,0.168,-0.967,0.19],"_shiftlockState":false,"_pose":"Running","_animationQueue":[],"_animationSpeed":1.066,"_zoom":16.125},{"_mousePosition":[685,375],"_rootPartCFrame":[774.735,222.7,46.934,0.082,0,0.997,0,1,0,-0.997,0,0.082],"_humanoidState":8,"_cameraCFrame":[774.208,240.035,49.932,0.985,0.17,-0.033,0,0.189,0.982,0.173,-0.967,0.186],"_shiftlockState":false,"_pose":"Running","_animationQueue":[["walk",0.1]],"_animationSpeed":1.066,"_zoom":16.125},{"_mousePosition":[685,375],"_rootPartCFrame":[774.473,222.7,46.889,0.094,0,0.996,0,1,0,-0.996,0,0.094],"_humanoidState":8,"_cameraCFrame":[773.93,240.035,49.884,0.984,0.175,-0.034,0,0.189,0.982,0.178,-0.966,0.186],"_shiftlockState":false,"_pose":"Running","_animationQueue":[],"_animationSpeed":1.066,"_zoom":16.125},{"_mousePosition":[685,375],"_rootPartCFrame":[774.21,222.7,46.843,0.105,0,0.994,0,1,0,-0.994,0,0.105],"_humanoidState":8,"_cameraCFrame":[773.657,240.041,49.805,0.983,0.18,-0.034,0,0.187,0.982,0.183,-0.966,0.184],"_shiftlockState":false,"_pose":"Running","_animationQueue":[],"_animationSpeed":1.066,"_zoom":16.125},{"_mousePosition":[685,375],"_rootPartCFrame":[773.947,222.7,46.795,0.115,0,0.993,0,1,0,-0.993,0,0.115],"_humanoidState":8,"_cameraCFrame":[773.395,240.041,49.758,0.983,0.18,-0.034,0,0.187,0.982,0.183,-0.966,0.184],"_shiftlockState":false,"_pose":"Running","_animationQueue":[],"_animationSpeed":1.066,"_zoom":16.125},{"_mousePosition":[685,375],"_rootPartCFrame":[773.685,222.7,46.747,0.124,0,0.992,0,1,0,-0.992,0,0.124],"_humanoidState":8,"_cameraCFrame":[773.133,240.041,49.709,0.983,0.18,-0.034,0,0.187,0.982,0.183,-0.966,0.184],"_shiftlockState":false,"_pose":"Running","_animationQueue":[],"_animationSpeed":1.066,"_zoom":16.125},{"_mousePosition":[685,375],"_rootPartCFrame":[773.423,222.7,46.698,0.132,0,0.991,0,1,0,-0.991,0,0.132],"_humanoidState":8,"_cameraCFrame":[772.871,240.041,49.66,0.983,0.18,-0.034,0,0.187,0.982,0.183,-0.966,0.184],"_shiftlockState":false,"_pose":"Running","_animationQueue":[],"_animationSpeed":1.066,"_zoom":16.125},{"_mousePosition":[685,375],"_rootPartCFrame":[773.161,222.7,46.649,0.139,0,0.99,0,1,0,-0.99,0,0.139],"_humanoidState":8,"_cameraCFrame":[772.609,240.041,49.611,0.983,0.18,-0.034,0,0.187,0.982,0.183,-0.966,0.184],"_shiftlockState":false,"_pose":"Running","_animationQueue":[],"_animationSpeed":1.066,"_zoom":16.125},{"_mousePosition":[685,375],"_rootPartCFrame":[772.899,222.7,46.6,0.145,0,0.989,0,1,0,-0.989,0,0.145],"_humanoidState":8,"_cameraCFrame":[772.346,240.041,49.562,0.983,0.18,-0.034,0,0.187,0.982,0.183,-0.966,0.184],"_shiftlockState":false,"_pose":"Running","_animationQueue":[["walk",0.1]],"_animationSpeed":1.066,"_zoom":16.125},{"_mousePosition":[685,375],"_rootPartCFrame":[772.637,222.7,46.551,0.15,0,0.989,0,1,0,-0.989,0,0.15],"_humanoidState":8,"_cameraCFrame":[772.084,240.041,49.513,0.983,0.18,-0.034,0,0.187,0.982,0.183,-0.966,0.184],"_shiftlockState":false,"_pose":"Running","_animationQueue":[],"_animationSpeed":1.066,"_zoom":16.125},{"_mousePosition":[685,375],"_rootPartCFrame":[772.375,222.7,46.502,0.155,0,0.988,0,1,0,-0.988,0,0.155],"_humanoidState":8,"_cameraCFrame":[771.822,240.041,49.464,0.983,0.18,-0.034,0,0.187,0.982,0.183,-0.966,0.184],"_shiftlockState":false,"_pose":"Running","_animationQueue":[],"_animationSpeed":1.066,"_zoom":16.125},{"_mousePosition":[685,375],"_rootPartCFrame":[772.113,222.7,46.453,0.159,0,0.987,0,1,0,-0.987,0,0.159],"_humanoidState":8,"_cameraCFrame":[771.566,240.046,49.385,0.983,0.18,-0.034,0,0.185,0.983,0.183,-0.966,0.182],"_shiftlockState":false,"_pose":"Running","_animationQueue":[],"_animationSpeed":1.066,"_zoom":16.125},{"_mousePosition":[685,375],"_rootPartCFrame":[771.785,223.783,46.392,0.163,0,0.987,0,1,0,-0.987,0,0.163],"_humanoidState":3,"_cameraCFrame":[771.244,241.136,49.294,0.983,0.18,-0.034,0,0.183,0.983,0.183,-0.966,0.18],"_shiftlockState":false,"_pose":"Jumping","_animationQueue":[["walk",0.1],["jump",0.1]],"_animationSpeed":1,"_zoom":16.125},{"_mousePosition":[685,375],"_rootPartCFrame":[771.523,224.592,46.343,0.166,0,0.986,0,1,0,-0.986,0,0.166],"_humanoidState":5,"_cameraCFrame":[771.029,241.956,49.19,0.985,0.168,-0.031,0,0.179,0.984,0.171,-0.969,0.177],"_shiftlockState":false,"_pose":"FreeFall","_animationQueue":[["jump",0.1]],"_animationSpeed":1,"_zoom":16.125},{"_mousePosition":[685,375],"_rootPartCFrame":[771.326,225.162,46.307,0.168,0,0.986,0,1,0,-0.986,0,0.168],"_humanoidState":5,"_cameraCFrame":[770.889,242.542,49.072,0.988,0.154,-0.027,0,0.174,0.985,0.156,-0.973,0.172],"_shiftlockState":false,"_pose":"FreeFall","_animationQueue":[],"_animationSpeed":1,"_zoom":16.125},{"_mousePosition":[685,375],"_rootPartCFrame":[771.063,225.875,46.26,0.169,0,0.986,0,1,0,-0.986,0,0.169],"_humanoidState":5,"_cameraCFrame":[770.676,243.255,49.034,0.99,0.136,-0.024,0,0.174,0.985,0.138,-0.975,0.172],"_shiftlockState":false,"_pose":"FreeFall","_animationQueue":[],"_animationSpeed":1,"_zoom":16.125},{"_mousePosition":[685,375],"_rootPartCFrame":[770.8,226.534,46.218,0.168,0,0.986,0,1,0,-0.986,0,0.168],"_humanoidState":5,"_cameraCFrame":[770.455,243.914,48.997,0.992,0.121,-0.021,0,0.174,0.985,0.123,-0.977,0.172],"_shiftlockState":false,"_pose":"FreeFall","_animationQueue":[],"_animationSpeed":1,"_zoom":16.125},{"_mousePosition":[685,375],"_rootPartCFrame":[770.536,227.138,46.181,0.165,0,0.986,0,1,0,-0.986,0,0.165],"_humanoidState":5,"_cameraCFrame":[770.226,244.518,48.964,0.994,0.109,-0.019,0,0.174,0.985,0.111,-0.979,0.173],"_shiftlockState":false,"_pose":"FreeFall","_animationQueue":[],"_animationSpeed":1,"_zoom":16.125},{"_mousePosition":[685,375],"_rootPartCFrame":[770.205,227.816,46.139,0.159,0,0.987,0,1,0,-0.987,0,0.159],"_humanoidState":5,"_cameraCFrame":[769.923,245.196,48.925,0.995,0.099,-0.017,0,0.174,0.985,0.101,-0.98,0.173],"_shiftlockState":false,"_pose":"FreeFall","_animationQueue":[],"_animationSpeed":1,"_zoom":16.125},{"_mousePosition":[685,375],"_rootPartCFrame":[770.007,228.182,46.116,0.154,0,0.988,0,1,0,-0.988,0,0.154],"_humanoidState":5,"_cameraCFrame":[769.725,245.562,48.902,0.995,0.099,-0.017,0,0.174,0.985,0.101,-0.98,0.173],"_shiftlockState":false,"_pose":"FreeFall","_animationQueue":[],"_animationSpeed":1,"_zoom":16.125},{"_mousePosition":[685,375],"_rootPartCFrame":[769.741,228.623,46.089,0.147,0,0.989,0,1,0,-0.989,0,0.147],"_humanoidState":5,"_cameraCFrame":[769.459,246.003,48.875,0.995,0.099,-0.017,0,0.174,0.985,0.101,-0.98,0.173],"_shiftlockState":false,"_pose":"FreeFall","_animationQueue":[],"_animationSpeed":1,"_zoom":16.125},{"_mousePosition":[685,375],"_rootPartCFrame":[769.476,229.009,46.062,0.141,0,0.99,0,1,0,-0.99,0,0.141],"_humanoidState":5,"_cameraCFrame":[769.194,246.389,48.848,0.995,0.099,-0.017,0,0.174,0.985,0.101,-0.98,0.173],"_shiftlockState":false,"_pose":"FreeFall","_animationQueue":[],"_animationSpeed":1,"_zoom":16.125},{"_mousePosition":[685,375],"_rootPartCFrame":[769.235,229.34,46.038,0.139,0,0.99,0,1,0,-0.99,0,0.139],"_humanoidState":5,"_cameraCFrame":[768.953,246.72,48.824,0.995,0.099,-0.017,0,0.174,0.985,0.101,-0.98,0.173],"_shiftlockState":false,"_pose":"FreeFall","_animationQueue":[],"_animationSpeed":1,"_zoom":16.125},{"_mousePosition":[685,375],"_rootPartCFrame":[769.034,229.617,46.017,0.139,0,0.99,0,1,0,-0.99,0,0.139],"_humanoidState":5,"_cameraCFrame":[768.752,246.998,48.803,0.995,0.099,-0.017,0,0.174,0.985,0.101,-0.98,0.173],"_shiftlockState":false,"_pose":"FreeFall","_animationQueue":[],"_animationSpeed":1,"_zoom":16.125},{"_mousePosition":[685,375],"_rootPartCFrame":[768.764,229.887,45.99,0.134,0,0.991,0,1,0,-0.991,0,0.134],"_humanoidState":5,"_cameraCFrame":[768.489,247.267,48.777,0.995,0.097,-0.017,0,0.174,0.985,0.098,-0.98,0.173],"_shiftlockState":false,"_pose":"FreeFall","_animationQueue":[],"_animationSpeed":1,"_zoom":16.125},{"_mousePosition":[685,375],"_rootPartCFrame":[768.574,230.008,45.971,0.131,0,0.991,0,1,0,-0.991,0,0.131],"_humanoidState":5,"_cameraCFrame":[768.306,247.388,48.758,0.995,0.094,-0.017,0,0.174,0.985,0.096,-0.98,0.173],"_shiftlockState":false,"_pose":"FreeFall","_animationQueue":[],"_animationSpeed":1,"_zoom":16.125},{"_mousePosition":[685,375],"_rootPartCFrame":[768.309,230.122,45.945,0.126,0,0.992,0,1,0,-0.992,0,0.126],"_humanoidState":5,"_cameraCFrame":[768.055,247.502,48.733,0.996,0.089,-0.016,0,0.174,0.985,0.091,-0.981,0.173],"_shiftlockState":false,"_pose":"FreeFall","_animationQueue":[],"_animationSpeed":1,"_zoom":16.125},{"_mousePosition":[685,375],"_rootPartCFrame":[767.977,230.187,45.913,0.121,0,0.993,0,1,0,-0.993,0,0.121],"_humanoidState":5,"_cameraCFrame":[767.745,247.567,48.703,0.997,0.082,-0.014,0,0.174,0.985,0.083,-0.981,0.173],"_shiftlockState":false,"_pose":"FreeFall","_animationQueue":[],"_animationSpeed":1,"_zoom":16.125},{"_mousePosition":[685,375],"_rootPartCFrame":[767.778,230.185,45.894,0.118,0,0.993,0,1,0,-0.993,0,0.118],"_humanoidState":5,"_cameraCFrame":[767.581,247.565,48.687,0.998,0.069,-0.012,0,0.174,0.985,0.07,-0.982,0.173],"_shiftlockState":false,"_pose":"FreeFall","_animationQueue":[["fall",0.3]],"_animationSpeed":1,"_zoom":16.125},{"_mousePosition":[685,375],"_rootPartCFrame":[767.512,230.135,45.872,0.114,0,0.994,0,1,0,-0.994,0,0.114],"_humanoidState":5,"_cameraCFrame":[767.357,247.515,48.668,0.998,0.054,-0.01,0,0.174,0.985,0.055,-0.983,0.173],"_shiftlockState":false,"_pose":"FreeFall","_animationQueue":[],"_animationSpeed":1,"_zoom":16.125},{"_mousePosition":[685,375],"_rootPartCFrame":[767.246,230.031,45.853,0.108,0,0.994,0,1,0,-0.994,0,0.108],"_humanoidState":5,"_cameraCFrame":[767.148,247.411,48.651,0.999,0.035,-0.006,0,0.174,0.985,0.035,-0.984,0.174],"_shiftlockState":false,"_pose":"FreeFall","_animationQueue":[],"_animationSpeed":1,"_zoom":16.125},{"_mousePosition":[685,375],"_rootPartCFrame":[766.98,229.872,45.837,0.102,0,0.995,0,1,0,-0.995,0,0.102],"_humanoidState":5,"_cameraCFrame":[766.96,247.252,48.637,1,0.007,-0.001,0,0.174,0.985,0.007,-0.985,0.174],"_shiftlockState":false,"_pose":"FreeFall","_animationQueue":[],"_animationSpeed":1,"_zoom":16.125},{"_mousePosition":[685,375],"_rootPartCFrame":[766.714,229.658,45.827,0.093,0,0.996,0,1,0,-0.996,0,0.093],"_humanoidState":5,"_cameraCFrame":[766.8,247.038,48.626,1,-0.03,0.005,0,0.174,0.985,-0.031,-0.984,0.174],"_shiftlockState":false,"_pose":"FreeFall","_animationQueue":[],"_animationSpeed":1,"_zoom":16.125},{"_mousePosition":[685,375],"_rootPartCFrame":[766.57,229.413,45.825,0.048,0,0.999,-0.004,1,0,-0.999,-0.004,0.048],"_humanoidState":5,"_cameraCFrame":[766.791,246.793,48.611,0.997,-0.078,0.014,0,0.174,0.985,-0.079,-0.982,0.173],"_shiftlockState":false,"_pose":"FreeFall","_animationQueue":[],"_animationSpeed":1,"_zoom":16.125},{"_mousePosition":[685,375],"_rootPartCFrame":[766.618,229.181,45.82,-0.005,0.001,1,-0.006,1,-0.001,-1,-0.006,-0.005],"_humanoidState":5,"_cameraCFrame":[767.051,246.561,48.578,0.988,-0.152,0.027,0,0.174,0.985,-0.154,-0.973,0.172],"_shiftlockState":false,"_pose":"FreeFall","_animationQueue":[],"_animationSpeed":1,"_zoom":16.125},{"_mousePosition":[685,375],"_rootPartCFrame":[766.623,228.814,45.82,-0.023,0,1,-0.002,1,0,-1,-0.002,-0.023],"_humanoidState":5,"_cameraCFrame":[767.201,246.194,48.558,0.978,-0.203,0.036,0,0.174,0.985,-0.206,-0.964,0.17],"_shiftlockState":false,"_pose":"FreeFall","_animationQueue":[["fall",0.3]],"_animationSpeed":1,"_zoom":16.125},{"_mousePosition":[685,375],"_rootPartCFrame":[766.596,228.554,45.823,-0.034,0,0.999,0,1,0,-0.999,0,-0.034],"_humanoidState":5,"_cameraCFrame":[767.305,245.934,48.532,0.967,-0.249,0.044,0,0.174,0.985,-0.253,-0.953,0.168],"_shiftlockState":false,"_pose":"FreeFall","_animationQueue":[],"_animationSpeed":1,"_zoom":16.125},{"_mousePosition":[685,375],"_rootPartCFrame":[766.526,228.158,45.834,-0.055,0,0.998,0,1,0,-0.998,0,-0.055],"_humanoidState":5,"_cameraCFrame":[767.331,245.538,48.517,0.958,-0.283,0.05,0,0.174,0.985,-0.287,-0.943,0.166],"_shiftlockState":false,"_pose":"FreeFall","_animationQueue":[],"_animationSpeed":1,"_zoom":16.125},{"_mousePosition":[685,375],"_rootPartCFrame":[766.54,227.721,45.859,-0.081,0.017,0.997,0,1,-0.017,-0.997,-0.001,-0.081],"_humanoidState":5,"_cameraCFrame":[767.41,245.101,48.526,0.953,-0.297,0.052,0,0.174,0.985,-0.302,-0.939,0.166],"_shiftlockState":false,"_pose":"FreeFall","_animationQueue":[],"_animationSpeed":1,"_zoom":16.125},{"_mousePosition":[685,375],"_rootPartCFrame":[766.531,227.1,45.916,-0.115,0.013,0.993,0,1,-0.013,-0.993,-0.001,-0.115],"_humanoidState":5,"_cameraCFrame":[767.409,244.48,48.579,0.952,-0.302,0.053,0,0.174,0.985,-0.307,-0.937,0.165],"_shiftlockState":false,"_pose":"FreeFall","_animationQueue":[],"_animationSpeed":1,"_zoom":16.125},{"_mousePosition":[685,375],"_rootPartCFrame":[766.536,226.689,45.958,-0.134,0.012,0.991,0,1,-0.012,-0.991,-0.001,-0.134],"_humanoidState":5,"_cameraCFrame":[767.414,244.069,48.621,0.952,-0.302,0.053,0,0.174,0.985,-0.307,-0.937,0.165],"_shiftlockState":false,"_pose":"FreeFall","_animationQueue":[],"_animationSpeed":1,"_zoom":16.125},{"_mousePosition":[685,375],"_rootPartCFrame":[766.527,226.095,46.018,-0.158,0.007,0.987,0,1,-0.007,-0.987,-0.001,-0.158],"_humanoidState":5,"_cameraCFrame":[767.41,243.475,48.678,0.95,-0.307,0.054,0,0.174,0.985,-0.311,-0.936,0.165],"_shiftlockState":false,"_pose":"FreeFall","_animationQueue":[],"_animationSpeed":1,"_zoom":16.125},{"_mousePosition":[685,375],"_rootPartCFrame":[766.46,225.276,46.099,-0.184,0.001,0.983,0,1,-0.001,-0.983,0,-0.184],"_humanoidState":5,"_cameraCFrame":[767.36,242.656,48.751,0.947,-0.316,0.056,0,0.174,0.985,-0.321,-0.933,0.164],"_shiftlockState":false,"_pose":"FreeFall","_animationQueue":[["fall",0.3]],"_animationSpeed":1,"_zoom":16.125},{"_mousePosition":[685,375],"_rootPartCFrame":[766.329,225.267,46.156,-0.198,-0.001,0.98,0,1,0.001,-0.98,0,-0.198],"_humanoidState":7,"_cameraCFrame":[767.26,242.647,48.796,0.943,-0.328,0.058,0,0.174,0.985,-0.333,-0.929,0.164],"_shiftlockState":false,"_pose":"FreeFall","_animationQueue":[["walk",0.1],["fall",0.3],["fall",0.3]],"_animationSpeed":1,"_zoom":16.125},{"_mousePosition":[685,375],"_rootPartCFrame":[766.018,225.568,46.262,-0.219,-0.001,0.976,0,1,0.001,-0.976,0,-0.219],"_humanoidState":7,"_cameraCFrame":[766.996,242.948,48.886,0.937,-0.344,0.061,0,0.174,0.985,-0.35,-0.923,0.163],"_shiftlockState":false,"_pose":"FreeFall","_animationQueue":[],"_animationSpeed":1,"_zoom":16.125},{"_mousePosition":[685,375],"_rootPartCFrame":[765.766,225.734,46.351,-0.235,0,0.972,0,1,0,-0.972,0,-0.235],"_humanoidState":8,"_cameraCFrame":[766.798,243.114,48.954,0.93,-0.363,0.064,0,0.174,0.985,-0.369,-0.915,0.161],"_shiftlockState":false,"_pose":"Running","_animationQueue":[["walk",0.1],["fall",0.3],["walk",0.1]],"_animationSpeed":1.102,"_zoom":16.125},{"_mousePosition":[685,375],"_rootPartCFrame":[765.516,225.833,46.443,-0.25,0,0.968,0,1,0,-0.968,0,-0.25],"_humanoidState":8,"_cameraCFrame":[766.6,243.213,49.025,0.922,-0.381,0.067,0,0.174,0.985,-0.387,-0.908,0.16],"_shiftlockState":false,"_pose":"Running","_animationQueue":[],"_animationSpeed":1.102,"_zoom":16.125},{"_mousePosition":[685,375],"_rootPartCFrame":[765.33,225.876,46.516,-0.262,0,0.965,0,1,0,-0.965,0,-0.262],"_humanoidState":8,"_cameraCFrame":[766.511,243.256,49.055,0.907,-0.416,0.073,0,0.174,0.985,-0.422,-0.893,0.157],"_shiftlockState":false,"_pose":"Running","_animationQueue":[],"_animationSpeed":1.102,"_zoom":16.125},{"_mousePosition":[685,375],"_rootPartCFrame":[765.022,225.915,46.644,-0.283,0,0.959,0,1,0,-0.959,0,-0.283],"_humanoidState":8,"_cameraCFrame":[766.267,243.295,49.152,0.896,-0.438,0.077,0,0.174,0.985,-0.445,-0.882,0.156],"_shiftlockState":false,"_pose":"Running","_animationQueue":[["walk",0.1]],"_animationSpeed":1.102,"_zoom":16.125},{"_mousePosition":[685,375],"_rootPartCFrame":[764.78,225.931,46.756,-0.301,0,0.954,0,1,0,-0.954,0,-0.301],"_humanoidState":8,"_cameraCFrame":[766.107,243.311,49.221,0.881,-0.467,0.082,0,0.174,0.985,-0.474,-0.867,0.153],"_shiftlockState":false,"_pose":"Running","_animationQueue":[],"_animationSpeed":1.102,"_zoom":16.125},{"_mousePosition":[685,375],"_rootPartCFrame":[764.6,225.938,46.844,-0.316,0,0.949,0,1,0,-0.949,0,-0.316],"_humanoidState":8,"_cameraCFrame":[766.02,243.318,49.257,0.862,-0.499,0.088,0,0.174,0.985,-0.507,-0.849,0.15],"_shiftlockState":false,"_pose":"Running","_animationQueue":[],"_animationSpeed":1.102,"_zoom":16.125},{"_mousePosition":[685,375],"_rootPartCFrame":[764.306,225.945,47,-0.342,0,0.94,0,1,0,-0.94,0,-0.342],"_humanoidState":8,"_cameraCFrame":[765.828,243.325,49.351,0.839,-0.535,0.094,0,0.174,0.985,-0.544,-0.827,0.146],"_shiftlockState":false,"_pose":"Running","_animationQueue":[],"_animationSpeed":1.102,"_zoom":16.125},{"_mousePosition":[685,375],"_rootPartCFrame":[764.075,225.947,47.134,-0.364,0,0.931,0,1,0,-0.931,0,-0.364],"_humanoidState":8,"_cameraCFrame":[765.697,243.327,49.417,0.815,-0.57,0.101,0,0.174,0.985,-0.579,-0.803,0.142],"_shiftlockState":false,"_pose":"Running","_animationQueue":[],"_animationSpeed":1.102,"_zoom":16.125},{"_mousePosition":[685,375],"_rootPartCFrame":[763.851,225.949,47.278,-0.389,0,0.921,0,1,0,-0.921,0,-0.389],"_humanoidState":8,"_cameraCFrame":[765.558,243.329,49.497,0.793,-0.601,0.106,0,0.174,0.985,-0.61,-0.781,0.138],"_shiftlockState":false,"_pose":"Running","_animationQueue":[],"_animationSpeed":1.102,"_zoom":16.125},{"_mousePosition":[685,375],"_rootPartCFrame":[763.632,225.949,47.431,-0.414,0,0.91,0,1,0,-0.91,0,-0.414],"_humanoidState":8,"_cameraCFrame":[765.39,243.329,49.611,0.778,-0.618,0.109,0,0.174,0.985,-0.628,-0.767,0.135],"_shiftlockState":false,"_pose":"Running","_animationQueue":[],"_animationSpeed":1.102,"_zoom":16.125},{"_mousePosition":[685,375],"_rootPartCFrame":[763.42,225.949,47.592,-0.442,0,0.897,0,1,0,-0.897,0,-0.442],"_humanoidState":8,"_cameraCFrame":[765.194,243.329,49.759,0.774,-0.624,0.11,0,0.174,0.985,-0.634,-0.762,0.134],"_shiftlockState":false,"_pose":"Running","_animationQueue":[["walk",0.1]],"_animationSpeed":1.102,"_zoom":16.125},{"_mousePosition":[685,375],"_rootPartCFrame":[763.212,225.95,47.759,-0.468,0,0.884,0,1,0,-0.884,0,-0.468],"_humanoidState":8,"_cameraCFrame":[764.986,243.33,49.925,0.774,-0.624,0.11,0,0.174,0.985,-0.634,-0.762,0.134],"_shiftlockState":false,"_pose":"Running","_animationQueue":[],"_animationSpeed":1.102,"_zoom":16.125},{"_mousePosition":[685,375],"_rootPartCFrame":[763.057,225.95,47.885,-0.486,0,0.874,0,1,0,-0.874,0,-0.486],"_humanoidState":8,"_cameraCFrame":[764.831,243.33,50.052,0.774,-0.624,0.11,0,0.174,0.985,-0.634,-0.762,0.134],"_shiftlockState":false,"_pose":"Running","_animationQueue":[],"_animationSpeed":1.102,"_zoom":16.125},{"_mousePosition":[685,375],"_rootPartCFrame":[762.799,225.95,48.097,-0.513,0,0.858,0,1,0,-0.858,0,-0.513],"_humanoidState":8,"_cameraCFrame":[764.573,243.33,50.263,0.774,-0.624,0.11,0,0.174,0.985,-0.634,-0.762,0.134],"_shiftlockState":false,"_pose":"Running","_animationQueue":[],"_animationSpeed":1.102,"_zoom":16.125},{"_mousePosition":[685,375],"_rootPartCFrame":[762.593,225.95,48.266,-0.531,0,0.847,0,1,0,-0.847,0,-0.531],"_humanoidState":8,"_cameraCFrame":[764.367,243.33,50.432,0.774,-0.624,0.11,0,0.174,0.985,-0.634,-0.762,0.134],"_shiftlockState":false,"_pose":"Running","_animationQueue":[],"_animationSpeed":1.102,"_zoom":16.125},{"_mousePosition":[685,375],"_rootPartCFrame":[762.438,225.929,48.392,-0.543,0,0.839,0,1,0,-0.839,0,-0.543],"_humanoidState":8,"_cameraCFrame":[764.212,243.309,50.559,0.774,-0.624,0.11,0,0.174,0.985,-0.634,-0.762,0.134],"_shiftlockState":false,"_pose":"Running","_animationQueue":[],"_animationSpeed":1.102,"_zoom":16.125},{"_mousePosition":[685,375],"_rootPartCFrame":[762.232,225.854,48.561,-0.56,0,0.829,0,1,0,-0.829,0,-0.56],"_humanoidState":8,"_cameraCFrame":[764.006,243.234,50.728,0.774,-0.624,0.11,0,0.174,0.985,-0.634,-0.762,0.134],"_shiftlockState":false,"_pose":"Running","_animationQueue":[],"_animationSpeed":1.102,"_zoom":16.125},{"_mousePosition":[685,375],"_rootPartCFrame":[761.974,226.938,48.772,-0.58,0,0.815,0,1,0,-0.815,0,-0.58],"_humanoidState":3,"_cameraCFrame":[763.748,244.318,50.939,0.774,-0.624,0.11,0,0.174,0.985,-0.634,-0.762,0.134],"_shiftlockState":false,"_pose":"Jumping","_animationQueue":[["walk",0.1],["walk",0.1],["jump",0.1]],"_animationSpeed":1,"_zoom":16.125},{"_mousePosition":[685,375],"_rootPartCFrame":[761.819,227.549,48.899,-0.588,0,0.809,0,1,0,-0.809,0,-0.588],"_humanoidState":5,"_cameraCFrame":[763.593,244.929,51.065,0.774,-0.624,0.11,0,0.174,0.985,-0.634,-0.762,0.134],"_shiftlockState":false,"_pose":"FreeFall","_animationQueue":[["jump",0.1]],"_animationSpeed":1,"_zoom":16.125},{"_mousePosition":[685,375],"_rootPartCFrame":[761.561,228.5,49.11,-0.597,0,0.803,0,1,0,-0.803,0,-0.597],"_humanoidState":5,"_cameraCFrame":[763.335,245.88,51.277,0.774,-0.624,0.11,0,0.174,0.985,-0.634,-0.762,0.134],"_shiftlockState":false,"_pose":"FreeFall","_animationQueue":[],"_animationSpeed":1,"_zoom":16.125},{"_mousePosition":[685,375],"_rootPartCFrame":[761.303,229.366,49.321,-0.603,0,0.798,0,1,0,-0.798,0,-0.603],"_humanoidState":5,"_cameraCFrame":[763.103,246.741,51.507,0.772,-0.626,0.112,0,0.176,0.984,-0.636,-0.76,0.136],"_shiftlockState":false,"_pose":"FreeFall","_animationQueue":[],"_animationSpeed":1,"_zoom":16.125},{"_mousePosition":[685,375],"_rootPartCFrame":[761.097,229.997,49.49,-0.608,0,0.794,0,1,0,-0.794,0,-0.608],"_humanoidState":5,"_cameraCFrame":[762.891,247.372,51.681,0.774,-0.624,0.111,0,0.176,0.984,-0.634,-0.762,0.136],"_shiftlockState":false,"_pose":"FreeFall","_animationQueue":[],"_animationSpeed":1,"_zoom":16.125},{"_mousePosition":[685,375],"_rootPartCFrame":[760.994,230.292,49.575,-0.61,0,0.793,0,1,0,-0.793,0,-0.61],"_humanoidState":5,"_cameraCFrame":[762.788,247.667,51.765,0.774,-0.624,0.111,0,0.176,0.984,-0.634,-0.762,0.136],"_shiftlockState":false,"_pose":"FreeFall","_animationQueue":[],"_animationSpeed":1,"_zoom":16.125},{"_mousePosition":[685,375],"_rootPartCFrame":[760.788,230.842,49.744,-0.613,0,0.79,0,1,0,-0.79,0,-0.613],"_humanoidState":5,"_cameraCFrame":[762.581,248.217,51.934,0.774,-0.624,0.111,0,0.176,0.984,-0.634,-0.762,0.136],"_shiftlockState":false,"_pose":"FreeFall","_animationQueue":[],"_animationSpeed":1,"_zoom":16.125},{"_mousePosition":[685,375],"_rootPartCFrame":[760.582,231.337,49.913,-0.616,0,0.788,0,1,0,-0.788,0,-0.616],"_humanoidState":5,"_cameraCFrame":[762.375,248.712,52.103,0.774,-0.624,0.111,0,0.176,0.984,-0.634,-0.762,0.136],"_shiftlockState":false,"_pose":"FreeFall","_animationQueue":[],"_animationSpeed":1,"_zoom":16.125},{"_mousePosition":[685,375],"_rootPartCFrame":[760.352,231.879,50.101,-0.617,0,0.787,0,1,0,-0.787,0,-0.617],"_humanoidState":5,"_cameraCFrame":[762.146,249.254,52.291,0.774,-0.624,0.111,0,0.176,0.984,-0.634,-0.762,0.136],"_shiftlockState":false,"_pose":"FreeFall","_animationQueue":[],"_animationSpeed":1,"_zoom":16.125},{"_mousePosition":[685,375],"_rootPartCFrame":[760.238,232.164,50.194,-0.617,0,0.787,0,1,0,-0.787,0,-0.617],"_humanoidState":5,"_cameraCFrame":[762.026,249.538,52.389,0.775,-0.622,0.111,0,0.176,0.984,-0.632,-0.763,0.136],"_shiftlockState":false,"_pose":"FreeFall","_animationQueue":[],"_animationSpeed":1,"_zoom":16.125},{"_mousePosition":[685,375],"_rootPartCFrame":[760.112,232.495,50.297,-0.617,0,0.787,0,1,0,-0.787,0,-0.617],"_humanoidState":5,"_cameraCFrame":[761.895,249.87,52.497,0.777,-0.62,0.111,0,0.176,0.984,-0.63,-0.765,0.136],"_shiftlockState":false,"_pose":"FreeFall","_animationQueue":[],"_animationSpeed":1,"_zoom":16.125},{"_mousePosition":[685,375],"_rootPartCFrame":[760.018,232.772,50.375,-0.617,0,0.787,0,1,0,-0.787,0,-0.617],"_humanoidState":5,"_cameraCFrame":[761.8,250.147,52.574,0.777,-0.62,0.111,0,0.176,0.984,-0.63,-0.765,0.136],"_shiftlockState":false,"_pose":"FreeFall","_animationQueue":[],"_animationSpeed":1,"_zoom":16.125},{"_mousePosition":[685,375],"_rootPartCFrame":[759.953,232.995,50.427,-0.617,0,0.787,0,1,0,-0.787,0,-0.617],"_humanoidState":5,"_cameraCFrame":[761.736,250.369,52.627,0.777,-0.62,0.111,0,0.176,0.984,-0.63,-0.765,0.136],"_shiftlockState":false,"_pose":"FreeFall","_animationQueue":[],"_animationSpeed":1,"_zoom":16.125},{"_mousePosition":[685,375],"_rootPartCFrame":[759.92,233.163,50.455,-0.617,0,0.787,0,1,0,-0.787,0,-0.617],"_humanoidState":5,"_cameraCFrame":[761.702,250.537,52.654,0.777,-0.62,0.111,0,0.176,0.984,-0.63,-0.765,0.136],"_shiftlockState":false,"_pose":"FreeFall","_animationQueue":[],"_animationSpeed":1,"_zoom":16.125},{"_mousePosition":[685,375],"_rootPartCFrame":[759.914,233.276,50.46,-0.617,0,0.787,0,1,0,-0.787,0,-0.617],"_humanoidState":5,"_cameraCFrame":[761.696,250.651,52.659,0.777,-0.62,0.111,0,0.176,0.984,-0.63,-0.765,0.136],"_shiftlockState":false,"_pose":"FreeFall","_animationQueue":[],"_animationSpeed":1,"_zoom":16.125},{"_mousePosition":[685,375],"_rootPartCFrame":[759.914,233.335,50.46,-0.617,0,0.787,0,1,0,-0.787,0,-0.617],"_humanoidState":5,"_cameraCFrame":[761.696,250.71,52.659,0.777,-0.62,0.111,0,0.176,0.984,-0.63,-0.765,0.136],"_shiftlockState":false,"_pose":"FreeFall","_animationQueue":[],"_animationSpeed":1,"_zoom":16.125},{"_mousePosition":[685,375],"_rootPartCFrame":[759.914,233.332,50.46,-0.617,0,0.787,0,1,0,-0.787,0,-0.617],"_humanoidState":5,"_cameraCFrame":[761.696,250.707,52.659,0.777,-0.62,0.111,0,0.176,0.984,-0.63,-0.765,0.136],"_shiftlockState":false,"_pose":"FreeFall","_animationQueue":[],"_animationSpeed":1,"_zoom":16.125},{"_mousePosition":[685,375],"_rootPartCFrame":[759.914,233.29,50.46,-0.617,0,0.787,0,1,0,-0.787,0,-0.617],"_humanoidState":5,"_cameraCFrame":[761.696,250.664,52.659,0.777,-0.62,0.111,0,0.176,0.984,-0.63,-0.765,0.136],"_shiftlockState":false,"_pose":"FreeFall","_animationQueue":[],"_animationSpeed":1,"_zoom":16.125},{"_mousePosition":[685,375],"_rootPartCFrame":[759.914,233.185,50.46,-0.617,0,0.787,0,1,0,-0.787,0,-0.617],"_humanoidState":5,"_cameraCFrame":[761.696,250.56,52.659,0.777,-0.62,0.111,0,0.176,0.984,-0.63,-0.765,0.136],"_shiftlockState":false,"_pose":"FreeFall","_animationQueue":[],"_animationSpeed":1,"_zoom":16.125},{"_mousePosition":[685,375],"_rootPartCFrame":[759.894,233.026,50.476,-0.618,0,0.786,0,1,0,-0.786,0,-0.618],"_humanoidState":5,"_cameraCFrame":[761.677,250.401,52.675,0.777,-0.62,0.111,0,0.176,0.984,-0.63,-0.765,0.136],"_shiftlockState":false,"_pose":"FreeFall","_animationQueue":[],"_animationSpeed":1,"_zoom":16.125},{"_mousePosition":[685,375],"_rootPartCFrame":[759.844,232.813,50.516,-0.62,0,0.785,0,1,0,-0.785,0,-0.62],"_humanoidState":5,"_cameraCFrame":[761.627,250.187,52.716,0.777,-0.62,0.111,0,0.176,0.984,-0.63,-0.765,0.136],"_shiftlockState":false,"_pose":"FreeFall","_animationQueue":[["fall",0.3]],"_animationSpeed":1,"_zoom":16.125},{"_mousePosition":[685,375],"_rootPartCFrame":[759.763,232.545,50.582,-0.621,0,0.784,0,1,0,-0.784,0,-0.621],"_humanoidState":5,"_cameraCFrame":[761.546,249.919,52.781,0.777,-0.62,0.111,0,0.176,0.984,-0.63,-0.765,0.136],"_shiftlockState":false,"_pose":"FreeFall","_animationQueue":[],"_animationSpeed":1,"_zoom":16.125},{"_mousePosition":[685,375],"_rootPartCFrame":[759.651,232.222,50.673,-0.622,0,0.783,0,1,0,-0.783,0,-0.622],"_humanoidState":5,"_cameraCFrame":[761.434,249.597,52.872,0.777,-0.62,0.111,0,0.176,0.984,-0.63,-0.765,0.136],"_shiftlockState":false,"_pose":"FreeFall","_animationQueue":[],"_animationSpeed":1,"_zoom":16.125},{"_mousePosition":[685,375],"_rootPartCFrame":[759.509,231.845,50.788,-0.623,0,0.782,0,1,0,-0.782,0,-0.623],"_humanoidState":5,"_cameraCFrame":[761.291,249.22,52.988,0.777,-0.62,0.111,0,0.176,0.984,-0.63,-0.765,0.136],"_shiftlockState":false,"_pose":"FreeFall","_animationQueue":[],"_animationSpeed":1,"_zoom":16.125},{"_mousePosition":[685,375],"_rootPartCFrame":[759.335,231.414,50.929,-0.624,0,0.781,0,1,0,-0.781,0,-0.624],"_humanoidState":5,"_cameraCFrame":[761.118,248.788,53.128,0.777,-0.62,0.111,0,0.176,0.984,-0.63,-0.765,0.136],"_shiftlockState":false,"_pose":"FreeFall","_animationQueue":[],"_animationSpeed":1,"_zoom":16.125},{"_mousePosition":[685,375],"_rootPartCFrame":[759.134,230.928,51.092,-0.625,0,0.781,0,1,0,-0.781,0,-0.625],"_humanoidState":5,"_cameraCFrame":[760.917,248.302,53.291,0.777,-0.62,0.111,0,0.176,0.984,-0.63,-0.765,0.136],"_shiftlockState":false,"_pose":"FreeFall","_animationQueue":[],"_animationSpeed":1,"_zoom":16.125},{"_mousePosition":[685,375],"_rootPartCFrame":[758.927,230.387,51.26,-0.626,0,0.78,0,1,0,-0.78,0,-0.626],"_humanoidState":5,"_cameraCFrame":[760.71,247.762,53.459,0.777,-0.62,0.111,0,0.176,0.984,-0.63,-0.765,0.136],"_shiftlockState":false,"_pose":"FreeFall","_animationQueue":[],"_animationSpeed":1,"_zoom":16.125},{"_mousePosition":[685,375],"_rootPartCFrame":[758.775,229.799,51.391,-0.614,0.028,0.788,0.002,0.999,-0.034,-0.789,-0.02,-0.614],"_humanoidState":5,"_cameraCFrame":[760.6,247.173,53.561,0.777,-0.62,0.111,0,0.176,0.984,-0.63,-0.765,0.136],"_shiftlockState":false,"_pose":"FreeFall","_animationQueue":[["fall",0.3]],"_animationSpeed":1,"_zoom":16.125},{"_mousePosition":[685,375],"_rootPartCFrame":[758.699,229.181,51.481,-0.598,0.055,0.8,0.002,0.998,-0.066,-0.802,-0.038,-0.596],"_humanoidState":5,"_cameraCFrame":[760.564,246.552,53.623,0.777,-0.62,0.111,0,0.176,0.984,-0.63,-0.765,0.136],"_shiftlockState":false,"_pose":"FreeFall","_animationQueue":[],"_animationSpeed":1,"_zoom":16.125},{"_mousePosition":[685,375],"_rootPartCFrame":[758.537,228.517,51.625,-0.595,0.023,0.804,0.001,1,-0.028,-0.804,-0.016,-0.594],"_humanoidState":7,"_cameraCFrame":[760.354,245.891,53.801,0.777,-0.62,0.111,0,0.176,0.984,-0.63,-0.765,0.136],"_shiftlockState":false,"_pose":"FreeFall","_animationQueue":[["walk",0.1],["fall",0.3],["fall",0.3]],"_animationSpeed":1,"_zoom":16.125},{"_mousePosition":[685,375],"_rootPartCFrame":[758.333,228.207,51.79,-0.598,-0.018,0.801,-0.001,1,0.022,-0.801,0.013,-0.598],"_humanoidState":7,"_cameraCFrame":[760.088,245.581,54.009,0.777,-0.62,0.111,0,0.176,0.984,-0.63,-0.765,0.136],"_shiftlockState":false,"_pose":"FreeFall","_animationQueue":[],"_animationSpeed":1,"_zoom":16.125},{"_mousePosition":[685,375],"_rootPartCFrame":[758.253,228.301,51.856,-0.599,-0.006,0.801,0,1,0.007,-0.801,0.004,-0.599],"_humanoidState":8,"_cameraCFrame":[760.028,245.675,54.061,0.777,-0.62,0.111,0,0.176,0.984,-0.63,-0.765,0.136],"_shiftlockState":false,"_pose":"Running","_animationQueue":[["walk",0.1],["fall",0.3],["walk",0.1]],"_animationSpeed":1.073,"_zoom":16.125},{"_mousePosition":[685,375],"_rootPartCFrame":[758.34,228.366,51.786,-0.349,0.001,0.937,0,1,-0.001,-0.937,0,-0.349],"_humanoidState":8,"_cameraCFrame":[760.124,245.741,53.985,0.777,-0.62,0.111,0,0.176,0.984,-0.63,-0.765,0.136],"_shiftlockState":false,"_pose":"Running","_animationQueue":[["walk",0.1]],"_animationSpeed":0.061,"_zoom":16.125},{"_mousePosition":[685,375],"_rootPartCFrame":[758.537,228.404,51.626,0.016,0.001,1,0,1,-0.001,-1,0,0.016],"_humanoidState":8,"_cameraCFrame":[760.322,245.778,53.824,0.777,-0.62,0.111,0,0.176,0.984,-0.63,-0.765,0.136],"_shiftlockState":false,"_pose":"Running","_animationQueue":[["walk",0.1],["walk",0.1]],"_animationSpeed":0.774,"_zoom":16.125},{"_mousePosition":[685,375],"_rootPartCFrame":[758.745,228.424,51.458,0.349,0,0.937,0,1,0,-0.937,0,0.349],"_humanoidState":8,"_cameraCFrame":[760.527,245.799,53.657,0.777,-0.62,0.111,0,0.176,0.984,-0.63,-0.765,0.136],"_shiftlockState":false,"_pose":"Running","_animationQueue":[["walk",0.1]],"_animationSpeed":1.096,"_zoom":16.125},{"_mousePosition":[685,375],"_rootPartCFrame":[758.952,228.435,51.29,0.607,0,0.795,0,1,0,-0.795,0,0.607],"_humanoidState":8,"_cameraCFrame":[760.734,245.81,53.489,0.777,-0.62,0.111,0,0.176,0.984,-0.63,-0.765,0.136],"_shiftlockState":false,"_pose":"Running","_animationQueue":[],"_animationSpeed":1.096,"_zoom":16.125},{"_mousePosition":[685,375],"_rootPartCFrame":[759.159,228.441,51.122,0.788,0,0.616,0,1,0,-0.616,0,0.788],"_humanoidState":8,"_cameraCFrame":[760.942,245.816,53.321,0.777,-0.62,0.111,0,0.176,0.984,-0.63,-0.765,0.136],"_shiftlockState":false,"_pose":"Running","_animationQueue":[],"_animationSpeed":1.096,"_zoom":16.125},{"_mousePosition":[685,375],"_rootPartCFrame":[759.366,228.442,50.954,0.913,0,0.408,0,1,0,-0.408,0,0.913],"_humanoidState":8,"_cameraCFrame":[761.14,245.822,53.12,0.774,-0.624,0.11,0,0.174,0.985,-0.634,-0.762,0.134],"_shiftlockState":false,"_pose":"Running","_animationQueue":[],"_animationSpeed":1.096,"_zoom":16.125},{"_mousePosition":[685,375],"_rootPartCFrame":[759.573,228.442,50.786,0.984,0,0.179,0,1,0,-0.179,0,0.984],"_humanoidState":8,"_cameraCFrame":[761.364,245.822,52.939,0.769,-0.63,0.111,0,0.174,0.985,-0.639,-0.757,0.134],"_shiftlockState":false,"_pose":"Running","_animationQueue":[],"_animationSpeed":1.096,"_zoom":16.125},{"_mousePosition":[685,375],"_rootPartCFrame":[759.833,229.526,50.576,0.993,0,-0.121,0,1,0,0.121,0,0.993],"_humanoidState":3,"_cameraCFrame":[761.634,246.906,52.72,0.766,-0.634,0.112,0,0.174,0.985,-0.643,-0.754,0.133],"_shiftlockState":false,"_pose":"Jumping","_animationQueue":[["walk",0.1],["walk",0.1],["jump",0.1]],"_animationSpeed":1,"_zoom":16.125},{"_mousePosition":[685,375],"_rootPartCFrame":[759.987,230.137,50.449,0.972,0,-0.234,0,1,0,0.234,0,0.972],"_humanoidState":5,"_cameraCFrame":[761.793,247.517,52.588,0.764,-0.635,0.112,0,0.174,0.985,-0.645,-0.752,0.133],"_shiftlockState":false,"_pose":"FreeFall","_animationQueue":[["jump",0.1]],"_animationSpeed":1,"_zoom":16.125},{"_mousePosition":[685,375],"_rootPartCFrame":[760.191,230.905,50.277,0.945,0,-0.328,0,1,0,0.328,0,0.945],"_humanoidState":5,"_cameraCFrame":[761.998,248.285,52.417,0.764,-0.635,0.112,0,0.174,0.985,-0.645,-0.752,0.133],"_shiftlockState":false,"_pose":"FreeFall","_animationQueue":[],"_animationSpeed":1,"_zoom":16.125},{"_mousePosition":[685,375],"_rootPartCFrame":[760.395,231.618,50.105,0.917,0,-0.4,0,1,0,0.4,0,0.917],"_humanoidState":5,"_cameraCFrame":[762.202,248.998,52.245,0.764,-0.635,0.112,0,0.174,0.985,-0.645,-0.752,0.133],"_shiftlockState":false,"_pose":"FreeFall","_animationQueue":[],"_animationSpeed":1,"_zoom":16.125},{"_mousePosition":[685,375],"_rootPartCFrame":[760.598,232.276,49.933,0.889,0,-0.459,0,1,0,0.459,0,0.889],"_humanoidState":5,"_cameraCFrame":[762.405,249.656,52.073,0.764,-0.635,0.112,0,0.174,0.985,-0.645,-0.752,0.133],"_shiftlockState":false,"_pose":"FreeFall","_animationQueue":[],"_animationSpeed":1,"_zoom":16.125},{"_mousePosition":[685,375],"_rootPartCFrame":[760.802,232.88,49.761,0.862,0,-0.507,0,1,0,0.507,0,0.862],"_humanoidState":5,"_cameraCFrame":[762.62,250.26,51.891,0.761,-0.639,0.113,0,0.174,0.985,-0.649,-0.749,0.132],"_shiftlockState":false,"_pose":"FreeFall","_animationQueue":[],"_animationSpeed":1,"_zoom":16.125},{"_mousePosition":[685,375],"_rootPartCFrame":[761.006,233.43,49.589,0.837,0,-0.548,0,1,0,0.548,0,0.837],"_humanoidState":5,"_cameraCFrame":[762.839,250.81,51.705,0.756,-0.645,0.114,0,0.174,0.985,-0.655,-0.744,0.131],"_shiftlockState":false,"_pose":"FreeFall","_animationQueue":[],"_animationSpeed":1,"_zoom":16.125},{"_mousePosition":[685,375],"_rootPartCFrame":[761.209,233.925,49.416,0.814,0,-0.581,0,1,0,0.581,0,0.814],"_humanoidState":5,"_cameraCFrame":[763.058,251.305,51.518,0.751,-0.651,0.115,0,0.174,0.985,-0.661,-0.739,0.13],"_shiftlockState":false,"_pose":"FreeFall","_animationQueue":[],"_animationSpeed":1,"_zoom":16.125},{"_mousePosition":[685,375],"_rootPartCFrame":[761.41,234.366,49.242,0.794,0,-0.608,0,1,0,0.608,0,0.794],"_humanoidState":5,"_cameraCFrame":[763.297,251.746,51.311,0.739,-0.664,0.117,0,0.174,0.985,-0.674,-0.728,0.128],"_shiftlockState":false,"_pose":"FreeFall","_animationQueue":[],"_animationSpeed":1,"_zoom":16.125},{"_mousePosition":[685,375],"_rootPartCFrame":[761.661,234.84,49.022,0.772,0,-0.635,0,1,0,0.635,0,0.772],"_humanoidState":5,"_cameraCFrame":[763.594,252.22,51.047,0.723,-0.68,0.12,0,0.174,0.985,-0.69,-0.712,0.126],"_shiftlockState":false,"_pose":"FreeFall","_animationQueue":[],"_animationSpeed":1,"_zoom":16.125},{"_mousePosition":[685,375],"_rootPartCFrame":[761.809,235.083,48.888,0.762,0,-0.648,0,1,0,0.648,0,0.762],"_humanoidState":5,"_cameraCFrame":[763.808,252.463,50.849,0.7,-0.703,0.124,0,0.174,0.985,-0.714,-0.69,0.122],"_shiftlockState":false,"_pose":"FreeFall","_animationQueue":[],"_animationSpeed":1,"_zoom":16.125},{"_mousePosition":[685,375],"_rootPartCFrame":[762.051,235.421,48.658,0.749,0,-0.663,0,1,0,0.663,0,0.749],"_humanoidState":5,"_cameraCFrame":[764.113,252.801,50.552,0.676,-0.725,0.128,0,0.174,0.985,-0.736,-0.666,0.117],"_shiftlockState":false,"_pose":"FreeFall","_animationQueue":[],"_animationSpeed":1,"_zoom":16.125},{"_mousePosition":[685,375],"_rootPartCFrame":[762.192,235.583,48.516,0.744,0,-0.668,0,1,0,0.668,0,0.744],"_humanoidState":5,"_cameraCFrame":[764.315,252.963,50.342,0.652,-0.747,0.132,0,0.174,0.985,-0.758,-0.642,0.113],"_shiftlockState":false,"_pose":"FreeFall","_animationQueue":[],"_animationSpeed":1,"_zoom":16.125},{"_mousePosition":[685,375],"_rootPartCFrame":[762.418,235.784,48.272,0.741,0,-0.671,0,1,0,0.671,0,0.741],"_humanoidState":5,"_cameraCFrame":[764.591,253.164,50.037,0.63,-0.764,0.135,0,0.174,0.985,-0.776,-0.621,0.109],"_shiftlockState":false,"_pose":"FreeFall","_animationQueue":[],"_animationSpeed":1,"_zoom":16.125},{"_mousePosition":[685,375],"_rootPartCFrame":[762.549,235.864,48.121,0.742,0,-0.67,0,1,0,0.67,0,0.742],"_humanoidState":5,"_cameraCFrame":[764.78,253.244,49.814,0.605,-0.784,0.138,0,0.174,0.985,-0.797,-0.595,0.105],"_shiftlockState":false,"_pose":"FreeFall","_animationQueue":[],"_animationSpeed":1,"_zoom":16.125},{"_mousePosition":[685,375],"_rootPartCFrame":[762.732,235.929,47.857,0.808,0,-0.59,0,1,0,0.59,0,0.808],"_humanoidState":5,"_cameraCFrame":[765.092,253.298,49.476,0.566,-0.812,0.146,0,0.177,0.984,-0.825,-0.557,0.1],"_shiftlockState":false,"_pose":"FreeFall","_animationQueue":[],"_animationSpeed":1,"_zoom":16.125},{"_mousePosition":[685,375],"_rootPartCFrame":[762.812,235.928,47.691,0.851,0,-0.526,0,1,0,0.526,0,0.851],"_humanoidState":5,"_cameraCFrame":[765.316,253.285,49.201,0.517,-0.842,0.155,0,0.181,0.983,-0.856,-0.508,0.094],"_shiftlockState":false,"_pose":"FreeFall","_animationQueue":[],"_animationSpeed":1,"_zoom":16.125},{"_mousePosition":[685,375],"_rootPartCFrame":[762.809,236.202,47.483,0.899,0,-0.438,0,1,0,0.438,0,0.899],"_humanoidState":7,"_cameraCFrame":[765.434,253.554,48.84,0.459,-0.873,0.163,0,0.183,0.983,-0.888,-0.452,0.084],"_shiftlockState":false,"_pose":"FreeFall","_animationQueue":[["walk",0.1]],"_animationSpeed":1.016,"_zoom":16.125},{"_mousePosition":[685,375],"_rootPartCFrame":[762.762,236.481,47.284,0.936,0,-0.351,0,1,0,0.351,0,0.936],"_humanoidState":7,"_cameraCFrame":[765.521,253.833,48.341,0.358,-0.918,0.17