[{"_mousePosition":[657,374],"_rootPartCFrame":[776.026,222.7,47.142,0.001,0,1,0,1,0,-1,0,0.001],"_humanoidState":8,"_cameraCFrame":[784.139,237.74,50.439,0.377,-0.778,0.503,0,0.543,0.84,-0.926,-0.316,0.204],"_shiftlockState":false,"_pose":"Standing","_animationQueue":[],"_animationSpeed":1,"_zoom":16.125},{"_mousePosition":[657,374],"_rootPartCFrame":[775.798,222.7,47.049,0.055,0,0.999,0,1,0,-0.999,0,0.055],"_humanoidState":8,"_cameraCFrame":[783.91,237.74,50.346,0.377,-0.778,0.503,0,0.543,0.84,-0.926,-0.316,0.204],"_shiftlockState":false,"_pose":"Standing","_animationQueue":[],"_animationSpeed":1,"_zoom":16.125},{"_mousePosition":[657,374],"_rootPartCFrame":[775.551,222.7,46.949,0.099,0,0.995,0,1,0,-0.995,0,0.099],"_humanoidState":8,"_cameraCFrame":[783.664,237.74,50.246,0.377,-0.778,0.503,0,0.543,0.84,-0.926,-0.316,0.204],"_shiftlockState":false,"_pose":"Running","_animationQueue":[["walk",0.1]],"_animationSpeed":1.066,"_zoom":16.125},{"_mousePosition":[657,374],"_rootPartCFrame":[775.304,222.7,46.849,0.138,0,0.99,0,1,0,-0.99,0,0.138],"_humanoidState":8,"_cameraCFrame":[783.417,237.74,50.146,0.377,-0.778,0.503,0,0.543,0.84,-0.926,-0.316,0.204],"_shiftlockState":false,"_pose":"Running","_animationQueue":[],"_animationSpeed":1.066,"_zoom":16.125},{"_mousePosition":[657,374],"_rootPartCFrame":[775.057,222.7,46.749,0.171,0,0.985,0,1,0,-0.985,0,0.171],"_humanoidState":8,"_cameraCFrame":[783.17,237.74,50.045,0.377,-0.778,0.503,0,0.543,0.84,-0.926,-0.316,0.204],"_shiftlockState":false,"_pose":"Running","_animationQueue":[["walk",0.1]],"_animationSpeed":1.066,"_zoom":16.125},{"_mousePosition":[657,374],"_rootPartCFrame":[774.81,222.7,46.648,0.199,0,0.98,0,1,0,-0.98,0,0.199],"_humanoidState":8,"_cameraCFrame":[782.922,237.74,49.945,0.377,-0.778,0.503,0,0.543,0.84,-0.926,-0.316,0.204],"_shiftlockState":false,"_pose":"Running","_animationQueue":[],"_animationSpeed":1.066,"_zoom":16.125},{"_mousePosition":[657,374],"_rootPartCFrame":[774.563,222.7,46.548,0.224,0,0.975,0,1,0,-0.975,0,0.224],"_humanoidState":8,"_cameraCFrame":[782.675,237.74,49.845,0.377,-0.778,0.503,0,0.543,0.84,-0.926,-0.316,0.204],"_shiftlockState":false,"_pose":"Running","_animationQueue":[],"_animationSpeed":1.066,"_zoom":16.125},{"_mousePosition":[657,374],"_rootPartCFrame":[774.316,222.7,46.447,0.245,0,0.97,0,1,0,-0.97,0,0.245],"_humanoidState":8,"_cameraCFrame":[782.428,237.74,49.744,0.377,-0.778,0.503,0,0.543,0.84,-0.926,-0.316,0.204],"_shiftlockState":false,"_pose":"Running","_animationQueue":[],"_animationSpeed":1.066,"_zoom":16.125},{"_mousePosition":[657,374],"_rootPartCFrame":[774.069,222.7,46.347,0.263,0,0.965,0,1,0,-0.965,0,0.263],"_humanoidState":8,"_cameraCFrame":[782.181,237.74,49.644,0.377,-0.778,0.503,0,0.543,0.84,-0.926,-0.316,0.204],"_shiftlockState":false,"_pose":"Running","_animationQueue":[],"_animationSpeed":1.066,"_zoom":16.125},{"_mousePosition":[657,374],"_rootPartCFrame":[773.822,222.7,46.247,0.279,0,0.96,0,1,0,-0.96,0,0.279],"_humanoidState":8,"_cameraCFrame":[781.934,237.74,49.543,0.377,-0.778,0.503,0,0.543,0.84,-0.926,-0.316,0.204],"_shiftlockState":false,"_pose":"Running","_animationQueue":[],"_animationSpeed":1.066,"_zoom":16.125},{"_mousePosition":[657,374],"_rootPartCFrame":[773.575,222.7,46.146,0.292,0,0.956,0,1,0,-0.956,0,0.292],"_humanoidState":8,"_cameraCFrame":[781.687,237.74,49.443,0.377,-0.778,0.503,0,0.543,0.84,-0.926,-0.316,0.204],"_shiftlockState":false,"_pose":"Running","_animationQueue":[],"_animationSpeed":1.066,"_zoom":16.125},{"_mousePosition":[657,374],"_rootPartCFrame":[773.328,222.7,46.046,0.304,0,0.953,0,1,0,-0.953,0,0.304],"_humanoidState":8,"_cameraCFrame":[781.44,237.74,49.343,0.377,-0.778,0.503,0,0.543,0.84,-0.926,-0.316,0.204],"_shiftlockState":false,"_pose":"Running","_animationQueue":[["walk",0.1]],"_animationSpeed":1.066,"_zoom":16.125},{"_mousePosition":[657,374],"_rootPartCFrame":[773.081,222.7,45.945,0.314,0,0.95,0,1,0,-0.95,0,0.314],"_humanoidState":8,"_cameraCFrame":[781.193,237.74,49.242,0.377,-0.778,0.503,0,0.543,0.84,-0.926,-0.316,0.204],"_shiftlockState":false,"_pose":"Running","_animationQueue":[],"_animationSpeed":1.066,"_zoom":16.125},{"_mousePosition":[657,374],"_rootPartCFrame":[772.834,222.7,45.845,0.322,0,0.947,0,1,0,-0.947,0,0.322],"_humanoidState":8,"_cameraCFrame":[780.946,237.74,49.142,0.377,-0.778,0.503,0,0.543,0.84,-0.926,-0.316,0.204],"_shiftlockState":false,"_pose":"Running","_animationQueue":[],"_animationSpeed":1.066,"_zoom":16.125},{"_mousePosition":[657,374],"_rootPartCFrame":[772.587,222.7,45.745,0.33,0,0.944,0,1,0,-0.944,0,0.33],"_humanoidState":8,"_cameraCFrame":[780.699,237.74,49.041,0.377,-0.778,0.503,0,0.543,0.84,-0.926,-0.316,0.204],"_shiftlockState":false,"_pose":"Running","_animationQueue":[],"_animationSpeed":1.066,"_zoom":16.125},{"_mousePosition":[657,374],"_rootPartCFrame":[772.339,222.7,45.644,0.336,0,0.942,0,1,0,-0.942,0,0.336],"_humanoidState":8,"_cameraCFrame":[780.452,237.74,48.941,0.377,-0.778,0.503,0,0.543,0.84,-0.926,-0.316,0.204],"_shiftlockState":false,"_pose":"Running","_animationQueue":[],"_animationSpeed":1.066,"_zoom":16.125},{"_mousePosition":[657,374],"_rootPartCFrame":[772.092,222.7,45.544,0.342,0,0.94,0,1,0,-0.94,0,0.342],"_humanoidState":8,"_cameraCFrame":[780.205,237.74,48.841,0.377,-0.778,0.503,0,0.543,0.84,-0.926,-0.316,0.204],"_shiftlockState":false,"_pose":"Running","_animationQueue":[],"_animationSpeed":1.066,"_zoom":16.125},{"_mousePosition":[657,374],"_rootPartCFrame":[771.845,222.7,45.443,0.346,0,0.938,0,1,0,-0.938,0,0.346],"_humanoidState":8,"_cameraCFrame":[779.958,237.74,48.74,0.377,-0.778,0.503,0,0.543,0.84,-0.926,-0.316,0.204],"_shiftlockState":false,"_pose":"Running","_animationQueue":[],"_animationSpeed":1.066,"_zoom":16.125},{"_mousePosition":[657,374],"_rootPartCFrame":[771.598,222.7,45.343,0.35,0,0.937,0,1,0,-0.937,0,0.35],"_humanoidState":8,"_cameraCFrame":[779.711,237.74,48.64,0.377,-0.778,0.503,0,0.543,0.84,-0.926,-0.316,0.204],"_shiftlockState":false,"_pose":"Running","_animationQueue":[["walk",0.1]],"_animationSpeed":1.066,"_zoom":16.125},{"_mousePosition":[657,374],"_rootPartCFrame":[771.351,222.7,45.243,0.354,0,0.935,0,1,0,-0.935,0,0.354],"_humanoidState":8,"_cameraCFrame":[779.464,237.74,48.539,0.377,-0.778,0.503,0,0.543,0.84,-0.926,-0.316,0.204],"_shiftlockState":false,"_pose":"Running","_animationQueue":[],"_animationSpeed":1.066,"_zoom":16.125},{"_mousePosition":[657,374],"_rootPartCFrame":[771.104,222.7,45.142,0.357,0,0.934,0,1,0,-0.934,0,0.357],"_humanoidState":8,"_cameraCFrame":[779.216,237.74,48.439,0.377,-0.778,0.503,0,0.543,0.84,-0.926,-0.316,0.204],"_shiftlockState":false,"_pose":"Running","_animationQueue":[],"_animationSpeed":1.066,"_zoom":16.125},{"_mousePosition":[657,374],"_rootPartCFrame":[770.857,223.563,45.042,0.36,0,0.933,0,1,0,-0.933,0,0.36],"_humanoidState":3,"_cameraCFrame":[778.969,238.603,48.339,0.377,-0.778,0.503,0,0.543,0.84,-0.926,-0.316,0.204],"_shiftlockState":false,"_pose":"Jumping","_animationQueue":[["walk",0.1],["jump",0.1]],"_animationSpeed":1,"_zoom":16.125},{"_mousePosition":[657,374],"_rootPartCFrame":[770.61,224.371,44.941,0.363,0,0.932,0,1,0,-0.932,0,0.363],"_humanoidState":5,"_cameraCFrame":[778.722,239.411,48.238,0.377,-0.778,0.503,0,0.543,0.84,-0.926,-0.316,0.204],"_shiftlockState":false,"_pose":"FreeFall","_animationQueue":[["jump",0.1]],"_animationSpeed":1,"_zoom":16.125},{"_mousePosition":[657,374],"_rootPartCFrame":[770.363,225.125,44.841,0.365,0,0.931,0,1,0,-0.931,0,0.365],"_humanoidState":5,"_cameraCFrame":[778.475,240.165,48.138,0.377,-0.778,0.503,0,0.543,0.84,-0.926,-0.316,0.204],"_shiftlockState":false,"_pose":"FreeFall","_animationQueue":[],"_animationSpeed":1,"_zoom":16.125},{"_mousePosition":[657,374],"_rootPartCFrame":[770.116,225.824,44.741,0.366,0,0.931,0,1,0,-0.931,0,0.366],"_humanoidState":5,"_cameraCFrame":[778.228,240.864,48.037,0.377,-0.778,0.503,0,0.543,0.84,-0.926,-0.316,0.204],"_shiftlockState":false,"_pose":"FreeFall","_animationQueue":[],"_animationSpeed":1,"_zoom":16.125},{"_mousePosition":[657,374],"_rootPartCFrame":[769.869,226.469,44.64,0.368,0,0.93,0,1,0,-0.93,0,0.368],"_humanoidState":5,"_cameraCFrame":[777.981,241.509,47.937,0.377,-0.778,0.503,0,0.543,0.84,-0.926,-0.316,0.204],"_shiftlockState":false,"_pose":"FreeFall","_animationQueue":[],"_animationSpeed":1,"_zoom":16.125},{"_mousePosition":[657,374],"_rootPartCFrame":[769.622,227.06,44.54,0.369,0,0.929,0,1,0,-0.929,0,0.369],"_humanoidState":5,"_cameraCFrame":[777.734,242.1,47.837,0.377,-0.778,0.503,0,0.543,0.84,-0.926,-0.316,0.204],"_shiftlockState":false,"_pose":"FreeFall","_animationQueue":[],"_animationSpeed":1,"_zoom":16.125},{"_mousePosition":[657,374],"_rootPartCFrame":[769.375,227.595,44.439,0.37,0,0.929,0,1,0,-0.929,0,0.37],"_humanoidState":5,"_cameraCFrame":[777.487,242.636,47.736,0.377,-0.778,0.503,0,0.543,0.84,-0.926,-0.316,0.204],"_shiftlockState":false,"_pose":"FreeFall","_animationQueue":[],"_animationSpeed":1,"_zoom":16.125},{"_mousePosition":[657,374],"_rootPartCFrame":[769.128,228.077,44.339,0.371,0,0.929,0,1,0,-0.929,0,0.371],"_humanoidState":5,"_cameraCFrame":[777.199,243.151,47.596,0.374,-0.781,0.501,0,0.54,0.842,-0.927,-0.315,0.202],"_shiftlockState":false,"_pose":"FreeFall","_animationQueue":[],"_animationSpeed":1,"_zoom":16.125},{"_mousePosition":[657,374],"_rootPartCFrame":[768.88,228.504,44.239,0.372,0,0.928,0,1,0,-0.928,0,0.372],"_humanoidState":5,"_cameraCFrame":[776.969,243.578,47.454,0.369,-0.782,0.502,0,0.54,0.842,-0.929,-0.311,0.199],"_shiftlockState":false,"_pose":"FreeFall","_animationQueue":[],"_animationSpeed":1,"_zoom":16.125},{"_mousePosition":[657,374],"_rootPartCFrame":[768.633,228.876,44.139,0.372,0,0.928,0,1,0,-0.928,0,0.372],"_humanoidState":5,"_cameraCFrame":[776.713,243.967,47.304,0.365,-0.785,0.501,0,0.538,0.843,-0.931,-0.307,0.196],"_shiftlockState":false,"_pose":"FreeFall","_animationQueue":[],"_animationSpeed":1,"_zoom":16.125},{"_mousePosition":[657,374],"_rootPartCFrame":[768.385,229.194,44.04,0.372,0,0.928,0,1,0,-0.928,0,0.372],"_humanoidState":5,"_cameraCFrame":[776.464,244.302,47.134,0.358,-0.788,0.501,0,0.536,0.844,-0.934,-0.302,0.192],"_shiftlockState":false,"_pose":"FreeFall","_animationQueue":[],"_animationSpeed":1,"_zoom":16.125},{"_mousePosition":[657,374],"_rootPartCFrame":[768.137,229.457,43.942,0.371,0,0.929,0,1,0,-0.929,0,0.371],"_humanoidState":5,"_cameraCFrame":[776.222,244.582,46.945,0.348,-0.792,0.501,0,0.535,0.845,-0.937,-0.294,0.186],"_shiftlockState":false,"_pose":"FreeFall","_animationQueue":[],"_animationSpeed":1,"_zoom":16.125},{"_mousePosition":[657,374],"_rootPartCFrame":[767.888,229.666,43.847,0.37,0,0.929,0,1,0,-0.929,0,0.37],"_humanoidState":5,"_cameraCFrame":[775.992,244.808,46.718,0.334,-0.797,0.503,0,0.533,0.846,-0.943,-0.282,0.178],"_shiftlockState":false,"_pose":"FreeFall","_animationQueue":[],"_animationSpeed":1,"_zoom":16.125},{"_mousePosition":[657,374],"_rootPartCFrame":[767.638,229.821,43.754,0.367,0,0.93,0,1,0,-0.93,0,0.367],"_humanoidState":5,"_cameraCFrame":[775.785,244.962,46.501,0.32,-0.802,0.505,0,0.533,0.846,-0.948,-0.27,0.17],"_shiftlockState":false,"_pose":"FreeFall","_animationQueue":[],"_animationSpeed":1,"_zoom":16.125},{"_mousePosition":[657,374],"_rootPartCFrame":[767.387,229.921,43.664,0.363,0,0.932,0,1,0,-0.932,0,0.363],"_humanoidState":5,"_cameraCFrame":[775.575,245.062,46.288,0.305,-0.806,0.508,0,0.533,0.846,-0.952,-0.258,0.163],"_shiftlockState":false,"_pose":"FreeFall","_animationQueue":[],"_animationSpeed":1,"_zoom":16.125},{"_mousePosition":[657,374],"_rootPartCFrame":[767.135,229.966,43.578,0.358,0,0.934,0,1,0,-0.934,0,0.358],"_humanoidState":5,"_cameraCFrame":[775.386,245.108,45.994,0.281,-0.812,0.512,0,0.533,0.846,-0.96,-0.238,0.15],"_shiftlockState":false,"_pose":"FreeFall","_animationQueue":[],"_animationSpeed":1,"_zoom":16.125},{"_mousePosition":[657,374],"_rootPartCFrame":[766.881,229.957,43.496,0.351,0,0.936,0,1,0,-0.936,0,0.351],"_humanoidState":5,"_cameraCFrame":[775.174,245.099,45.765,0.264,-0.816,0.514,0,0.533,0.846,-0.965,-0.223,0.141],"_shiftlockState":false,"_pose":"FreeFall","_animationQueue":[],"_animationSpeed":1,"_zoom":16.125},{"_mousePosition":[657,374],"_rootPartCFrame":[766.625,229.893,43.42,0.343,0,0.939,0,1,0,-0.939,0,0.343],"_humanoidState":5,"_cameraCFrame":[774.957,245.035,45.542,0.247,-0.82,0.517,0,0.533,0.846,-0.969,-0.209,0.132],"_shiftlockState":false,"_pose":"FreeFall","_animationQueue":[["fall",0.3]],"_animationSpeed":1,"_zoom":16.125},{"_mousePosition":[657,374],"_rootPartCFrame":[766.368,229.775,43.349,0.333,0,0.943,0,1,0,-0.943,0,0.333],"_humanoidState":5,"_cameraCFrame":[774.727,244.917,45.365,0.235,-0.822,0.518,0,0.533,0.846,-0.972,-0.198,0.125],"_shiftlockState":false,"_pose":"FreeFall","_animationQueue":[],"_animationSpeed":1,"_zoom":16.125},{"_mousePosition":[657,374],"_rootPartCFrame":[766.11,229.603,43.283,0.322,0,0.947,0,1,0,-0.947,0,0.322],"_humanoidState":5,"_cameraCFrame":[774.882,244.744,43.487,0.222,-0.825,0.52,0,0.533,0.846,-0.975,-0.188,0.118],"_shiftlockState":true,"_pose":"FreeFall","_animationQueue":[],"_animationSpeed":1,"_zoom":16.125},{"_mousePosition":[683,384],"_rootPartCFrame":[765.786,229.31,43.204,0.22,0,0.976,0,1,0,-0.976,0,0.22],"_humanoidState":5,"_cameraCFrame":[774.558,244.452,43.408,0.222,-0.825,0.52,0,0.533,0.846,-0.975,-0.188,0.118],"_shiftlockState":true,"_pose":"FreeFall","_animationQueue":[],"_animationSpeed":1,"_zoom":16.125},{"_mousePosition":[683,384],"_rootPartCFrame":[765.591,229.094,43.159,0.222,0,0.975,0,1,0,-0.975,0,0.222],"_humanoidState":5,"_cameraCFrame":[774.365,244.236,43.274,0.212,-0.827,0.521,0,0.533,0.846,-0.977,-0.18,0.113],"_shiftlockState":true,"_pose":"FreeFall","_animationQueue":[],"_animationSpeed":1,"_zoom":16.125},{"_mousePosition":[683,384],"_rootPartCFrame":[765.331,228.758,43.1,0.213,0,0.977,0,1,0,-0.977,0,0.213],"_humanoidState":5,"_cameraCFrame":[774.105,243.899,43.193,0.21,-0.827,0.521,0,0.533,0.846,-0.978,-0.178,0.112],"_shiftlockState":true,"_pose":"FreeFall","_animationQueue":[],"_animationSpeed":1,"_zoom":16.125},{"_mousePosition":[683,384],"_rootPartCFrame":[765.071,228.367,43.043,0.21,0,0.978,0,1,0,-0.978,0,0.21],"_humanoidState":5,"_cameraCFrame":[773.844,243.509,43.136,0.21,-0.827,0.521,0,0.533,0.846,-0.978,-0.178,0.112],"_shiftlockState":true,"_pose":"FreeFall","_animationQueue":[],"_animationSpeed":1,"_zoom":16.125},{"_mousePosition":[683,384],"_rootPartCFrame":[764.81,227.922,42.987,0.21,0,0.978,0,1,0,-0.978,0,0.21],"_humanoidState":5,"_cameraCFrame":[773.584,243.064,43.08,0.21,-0.827,0.521,0,0.533,0.846,-0.978,-0.178,0.112],"_shiftlockState":true,"_pose":"FreeFall","_animationQueue":[["fall",0.3]],"_animationSpeed":1,"_zoom":16.125},{"_mousePosition":[683,384],"_rootPartCFrame":[764.549,227.422,42.931,0.21,0,0.978,0,1,0,-0.978,0,0.21],"_humanoidState":5,"_cameraCFrame":[773.323,242.564,43.024,0.21,-0.827,0.521,0,0.533,0.846,-0.978,-0.178,0.112],"_shiftlockState":true,"_pose":"FreeFall","_animationQueue":[],"_animationSpeed":1,"_zoom":16.125},{"_mousePosition":[683,384],"_rootPartCFrame":[764.289,226.868,42.875,0.21,0,0.978,0,1,0,-0.978,0,0.21],"_humanoidState":5,"_cameraCFrame":[773.062,242.01,42.968,0.21,-0.827,0.521,0,0.533,0.846,-0.978,-0.178,0.112],"_shiftlockState":true,"_pose":"FreeFall","_animationQueue":[],"_animationSpeed":1,"_zoom":16.125},{"_mousePosition":[683,384],"_rootPartCFrame":[764.028,226.26,42.819,0.21,0,0.978,0,1,0,-0.978,0,0.21],"_humanoidState":5,"_cameraCFrame":[772.801,241.401,42.912,0.21,-0.827,0.521,0,0.533,0.846,-0.978,-0.178,0.112],"_shiftlockState":true,"_pose":"FreeFall","_animationQueue":[],"_animationSpeed":1,"_zoom":16.125},{"_mousePosition":[683,384],"_rootPartCFrame":[763.767,225.597,42.763,0.21,0,0.978,0,1,0,-0.978,0,0.21],"_humanoidState":5,"_cameraCFrame":[772.541,240.738,42.856,0.21,-0.827,0.521,0,0.533,0.846,-0.978,-0.178,0.112],"_shiftlockState":true,"_pose":"FreeFall","_animationQueue":[],"_animationSpeed":1,"_zoom":16.125},{"_mousePosition":[683,384],"_rootPartCFrame":[763.376,224.5,42.679,0.21,0,0.978,0,1,0,-0.978,0,0.21],"_humanoidState":5,"_cameraCFrame":[772.15,239.641,42.772,0.21,-0.827,0.521,0,0.533,0.846,-0.978,-0.178,0.112],"_shiftlockState":true,"_pose":"FreeFall","_animationQueue":[],"_animationSpeed":1,"_zoom":16.125},{"_mousePosition":[683,384],"_rootPartCFrame":[763.246,224.107,42.651,0.21,0,0.978,0,1,0,-0.978,0,0.21],"_humanoidState":5,"_cameraCFrame":[772.019,239.249,42.744,0.21,-0.827,0.521,0,0.533,0.846,-0.978,-0.178,0.112],"_shiftlockState":true,"_pose":"FreeFall","_animationQueue":[["fall",0.3]],"_animationSpeed":1,"_zoom":16.125},{"_mousePosition":[683,384],"_rootPartCFrame":[762.985,223.28,42.595,0.21,0,0.978,0,1,0,-0.978,0,0.21],"_humanoidState":5,"_cameraCFrame":[771.758,238.422,42.688,0.21,-0.827,0.521,0,0.533,0.846,-0.978,-0.178,0.112],"_shiftlockState":true,"_pose":"FreeFall","_animationQueue":[],"_animationSpeed":1,"_zoom":16.125},{"_mousePosition":[683,384],"_rootPartCFrame":[762.724,222.508,42.539,0.21,0,0.978,0,1,0,-0.978,0,0.21],"_humanoidState":7,"_cameraCFrame":[771.498,237.65,42.632,0.21,-0.827,0.521,0,0.533,0.846,-0.978,-0.178,0.112],"_shiftlockState":true,"_pose":"FreeFall","_animationQueue":[["walk",0.1],["fall",0.3],["fall",0.3]],"_animationSpeed":1,"_zoom":16.125},{"_mousePosition":[683,384],"_rootPartCFrame":[762.463,222.46,42.483,0.21,0,0.978,0,1,0,-0.978,0,0.21],"_humanoidState":7,"_cameraCFrame":[771.237,237.602,42.576,0.21,-0.827,0.521,0,0.533,0.846,-0.978,-0.178,0.112],"_shiftlockState":true,"_pose":"FreeFall","_animationQueue":[],"_animationSpeed":1,"_zoom":16.125},{"_mousePosition":[683,384],"_rootPartCFrame":[762.138,222.57,42.413,0.21,0,0.978,0,1,0,-0.978,0,0.21],"_humanoidState":8,"_cameraCFrame":[770.911,237.712,42.506,0.21,-0.827,0.521,0,0.533,0.846,-0.978,-0.178,0.112],"_shiftlockState":true,"_pose":"Running","_animationQueue":[["walk",0.1],["fall",0.3],["walk",0.1]],"_animationSpeed":1.103,"_zoom":16.125},{"_mousePosition":[683,384],"_rootPartCFrame":[761.877,222.628,42.357,0.21,0,0.978,0,1,0,-0.978,0,0.21],"_humanoidState":8,"_cameraCFrame":[770.65,237.77,42.45,0.21,-0.827,0.521,0,0.533,0.846,-0.978,-0.178,0.112],"_shiftlockState":true,"_pose":"Running","_animationQueue":[],"_animationSpeed":1.103,"_zoom":16.125},{"_mousePosition":[683,384],"_rootPartCFrame":[761.616,222.661,42.301,0.21,0,0.978,0,1,0,-0.978,0,0.21],"_humanoidState":8,"_cameraCFrame":[770.39,237.803,42.372,0.207,-0.828,0.522,0,0.533,0.846,-0.978,-0.175,0.111],"_shiftlockState":true,"_pose":"Running","_animationQueue":[],"_animationSpeed":1.103,"_zoom":16.125},{"_mousePosition":[683,384],"_rootPartCFrame":[761.355,222.679,42.245,0.207,0,0.978,0,1,0,-0.978,0,0.207],"_humanoidState":8,"_cameraCFrame":[770.129,237.821,42.294,0.205,-0.828,0.522,0,0.533,0.846,-0.979,-0.173,0.109],"_shiftlockState":true,"_pose":"Running","_animationQueue":[["walk",0.1]],"_animationSpeed":1.103,"_zoom":16.125},{"_mousePosition":[683,384],"_rootPartCFrame":[761.094,222.689,42.19,0.205,0,0.979,0,1,0,-0.979,0,0.205],"_humanoidState":8,"_cameraCFrame":[769.868,237.83,42.216,0.202,-0.828,0.522,0,0.533,0.846,-0.979,-0.171,0.108],"_shiftlockState":true,"_pose":"Running","_animationQueue":[],"_animationSpeed":1.103,"_zoom":16.125},{"_mousePosition":[683,384],"_rootPartCFrame":[760.768,222.695,42.122,0.202,0,0.979,0,1,0,-0.979,0,0.202],"_humanoidState":8,"_cameraCFrame":[769.542,237.836,42.148,0.202,-0.828,0.522,0,0.533,0.846,-0.979,-0.171,0.108],"_shiftlockState":true,"_pose":"Running","_animationQueue":[],"_animationSpeed":1.103,"_zoom":16.125},{"_mousePosition":[683,384],"_rootPartCFrame":[760.572,222.696,42.081,0.202,0,0.979,0,1,0,-0.979,0,0.202],"_humanoidState":8,"_cameraCFrame":[769.346,237.838,42.085,0.2,-0.829,0.522,0,0.533,0.846,-0.98,-0.169,0.107],"_shiftlockState":true,"_pose":"Running","_animationQueue":[],"_animationSpeed":1.103,"_zoom":16.125},{"_mousePosition":[683,384],"_rootPartCFrame":[760.311,222.698,42.027,0.2,0,0.98,0,1,0,-0.98,0,0.2],"_humanoidState":8,"_cameraCFrame":[769.085,237.84,42.009,0.197,-0.829,0.523,0,0.533,0.846,-0.98,-0.167,0.105],"_shiftlockState":true,"_pose":"Running","_animationQueue":[],"_animationSpeed":1.103,"_zoom":16.125},{"_mousePosition":[683,384],"_rootPartCFrame":[760.05,222.699,41.974,0.197,0,0.98,0,1,0,-0.98,0,0.197],"_humanoidState":8,"_cameraCFrame":[768.824,237.84,41.934,0.195,-0.83,0.523,0,0.533,0.846,-0.981,-0.165,0.104],"_shiftlockState":true,"_pose":"Running","_animationQueue":[],"_animationSpeed":1.103,"_zoom":16.125},{"_mousePosition":[683,384],"_rootPartCFrame":[759.788,222.699,41.921,0.195,0,0.981,0,1,0,-0.981,0,0.195],"_humanoidState":8,"_cameraCFrame":[768.562,237.841,41.836,0.19,-0.831,0.523,0,0.533,0.846,-0.982,-0.161,0.101],"_shiftlockState":true,"_pose":"Running","_animationQueue":[],"_animationSpeed":1.103,"_zoom":16.125},{"_mousePosition":[683,384],"_rootPartCFrame":[759.527,222.699,41.869,0.19,0,0.982,0,1,0,-0.982,0,0.19],"_humanoidState":8,"_cameraCFrame":[768.325,237.824,41.7,0.18,-0.831,0.526,0,0.535,0.845,-0.984,-0.152,0.096],"_shiftlockState":true,"_pose":"Running","_animationQueue":[["walk",0.1]],"_animationSpeed":1.103,"_zoom":16.125},{"_mousePosition":[683,384],"_rootPartCFrame":[759.2,222.7,41.805,0.18,0,0.984,0,1,0,-0.984,0,0.18],"_humanoidState":8,"_cameraCFrame":[767.996,237.824,41.548,0.17,-0.833,0.527,0,0.535,0.845,-0.985,-0.144,0.091],"_shiftlockState":true,"_pose":"Running","_animationQueue":[],"_animationSpeed":1.103,"_zoom":16.125},{"_mousePosition":[683,384],"_rootPartCFrame":[759.003,222.7,41.769,0.17,0,0.985,0,1,0,-0.985,0,0.17],"_humanoidState":8,"_cameraCFrame":[767.821,237.808,41.382,0.155,-0.834,0.53,0,0.536,0.844,-0.988,-0.131,0.083],"_shiftlockState":true,"_pose":"Running","_animationQueue":[],"_animationSpeed":1.103,"_zoom":16.125},{"_mousePosition":[683,384],"_rootPartCFrame":[758.741,223.573,41.721,0.155,0,0.988,0,1,0,-0.988,0,0.155],"_humanoidState":3,"_cameraCFrame":[767.601,238.647,41.162,0.135,-0.834,0.535,0,0.54,0.842,-0.991,-0.114,0.073],"_shiftlockState":true,"_pose":"Jumping","_animationQueue":[["walk",0.1],["jump",0.1]],"_animationSpeed":1,"_zoom":16.125},{"_mousePosition":[683,384],"_rootPartCFrame":[758.421,224.592,41.697,0.041,0,0.999,0,1,0,-0.999,0,0.041],"_humanoidState":5,"_cameraCFrame":[767.269,239.666,40.959,0.115,-0.836,0.536,0,0.54,0.842,-0.993,-0.097,0.062],"_shiftlockState":true,"_pose":"FreeFall","_animationQueue":[["jump",0.1]],"_animationSpeed":1,"_zoom":16.125},{"_mousePosition":[683,384],"_rootPartCFrame":[758.237,225.162,41.712,0.041,0,0.999,0,1,0,-0.999,0,0.041],"_humanoidState":5,"_cameraCFrame":[767.062,240.236,40.75,0.09,-0.838,0.538,0,0.54,0.842,-0.996,-0.076,0.048],"_shiftlockState":true,"_pose":"FreeFall","_animationQueue":[],"_animationSpeed":1,"_zoom":16.125},{"_mousePosition":[683,384],"_rootPartCFrame":[757.998,225.875,41.765,-0.011,0,1,0,1,0,-1,0,-0.011],"_humanoidState":5,"_cameraCFrame":[766.797,240.949,40.581,0.065,-0.84,0.539,0,0.54,0.842,-0.998,-0.054,0.035],"_shiftlockState":true,"_pose":"FreeFall","_animationQueue":[],"_animationSpeed":1,"_zoom":16.125},{"_mousePosition":[683,384],"_rootPartCFrame":[757.771,226.534,41.856,-0.037,0,0.999,0,1,0,-0.999,0,-0.037],"_humanoidState":5,"_cameraCFrame":[766.54,241.608,40.472,0.042,-0.841,0.539,0,0.54,0.842,-0.999,-0.035,0.023],"_shiftlockState":true,"_pose":"FreeFall","_animationQueue":[],"_animationSpeed":1,"_zoom":16.125},{"_mousePosition":[683,384],"_rootPartCFrame":[757.555,227.138,41.986,-0.06,0,0.998,0,1,0,-0.998,0,-0.06],"_humanoidState":5,"_cameraCFrame":[766.287,242.212,40.38,0.017,-0.842,0.54,0,0.54,0.842,-1,-0.014,0.009],"_shiftlockState":true,"_pose":"FreeFall","_animationQueue":[],"_animationSpeed":1,"_zoom":16.125},{"_mousePosition":[683,384],"_rootPartCFrame":[757.353,227.687,42.152,-0.085,0,0.996,0,1,0,-0.996,0,-0.085],"_humanoidState":5,"_cameraCFrame":[766.068,242.762,40.457,0.006,-0.842,0.54,0,0.54,0.842,-1,-0.005,0.003],"_shiftlockState":true,"_pose":"FreeFall","_animationQueue":[],"_animationSpeed":1,"_zoom":16.125},{"_mousePosition":[683,384],"_rootPartCFrame":[757.161,228.182,42.336,-0.096,0,0.995,0,1,0,-0.995,0,-0.096],"_humanoidState":5,"_cameraCFrame":[765.867,243.257,40.598,0.001,-0.842,0.54,0,0.54,0.842,-1,-0.001,0.001],"_shiftlockState":true,"_pose":"FreeFall","_animationQueue":[],"_animationSpeed":1,"_zoom":16.125},{"_mousePosition":[683,384],"_rootPartCFrame":[756.971,228.623,42.523,-0.102,0,0.995,0,1,0,-0.995,0,-0.102],"_humanoidState":5,"_cameraCFrame":[765.659,243.697,40.697,-0.009,-0.842,0.54,0,0.54,0.842,-1,0.007,-0.005],"_shiftlockState":true,"_pose":"FreeFall","_animationQueue":[],"_animationSpeed":1,"_zoom":16.125},{"_mousePosition":[683,384],"_rootPartCFrame":[756.735,229.097,42.758,-0.138,0,0.99,0,1,0,-0.99,0,-0.138],"_humanoidState":5,"_cameraCFrame":[765.351,244.205,40.845,-0.019,-0.844,0.536,0,0.536,0.844,-1,0.016,-0.01],"_shiftlockState":true,"_pose":"FreeFall","_animationQueue":[],"_animationSpeed":1,"_zoom":16.125},{"_mousePosition":[683,384],"_rootPartCFrame":[756.547,229.415,42.948,-0.122,0,0.993,0,1,0,-0.993,0,-0.122],"_humanoidState":5,"_cameraCFrame":[765.054,244.573,40.907,-0.034,-0.847,0.531,0,0.532,0.847,-0.999,0.029,-0.018],"_shiftlockState":true,"_pose":"FreeFall","_animationQueue":[],"_animationSpeed":1,"_zoom":16.125},{"_mousePosition":[683,384],"_rootPartCFrame":[756.408,229.617,43.092,-0.111,0,0.994,0,1,0,-0.994,0,-0.111],"_humanoidState":5,"_cameraCFrame":[764.803,244.826,40.926,-0.049,-0.849,0.526,0,0.527,0.85,-0.999,0.042,-0.026],"_shiftlockState":true,"_pose":"FreeFall","_animationQueue":[],"_animationSpeed":1,"_zoom":16.125},{"_mousePosition":[683,384],"_rootPartCFrame":[756.226,229.84,43.286,-0.151,0,0.988,0,1,0,-0.988,0,-0.151],"_humanoidState":5,"_cameraCFrame":[764.507,245.098,40.998,-0.064,-0.851,0.521,0,0.522,0.853,-0.998,0.055,-0.034],"_shiftlockState":true,"_pose":"FreeFall","_animationQueue":[],"_animationSpeed":1,"_zoom":16.125},{"_mousePosition":[683,384],"_rootPartCFrame":[755.983,230.041,43.496,-0.096,0,0.995,0,1,0,-0.995,0,-0.096],"_humanoidState":5,"_cameraCFrame":[764.147,245.348,41.089,-0.08,-0.854,0.515,0,0.517,0.856,-0.997,0.068,-0.041],"_shiftlockState":true,"_pose":"FreeFall","_animationQueue":[],"_animationSpeed":1,"_zoom":16.125},{"_mousePosition":[683,384],"_rootPartCFrame":[755.824,230.121,43.595,-0.08,0,0.997,0,1,0,-0.997,0,-0.08],"_humanoidState":5,"_cameraCFrame":[763.864,245.477,41.051,-0.097,-0.855,0.509,0,0.512,0.859,-0.995,0.084,-0.05],"_shiftlockState":true,"_pose":"FreeFall","_animationQueue":[],"_animationSpeed":1,"_zoom":16.125},{"_mousePosition":[683,384],"_rootPartCFrame":[755.597,230.181,43.696,-0.095,0,0.995,0,1,0,-0.995,0,-0.095],"_humanoidState":5,"_cameraCFrame":[763.484,245.599,41.022,-0.115,-0.857,0.502,0,0.505,0.863,-0.993,0.099,-0.058],"_shiftlockState":true,"_pose":"FreeFall","_animationQueue":[],"_animationSpeed":1,"_zoom":16.125},{"_mousePosition":[683,384],"_rootPartCFrame":[755.352,230.185,43.761,-0.113,0,0.994,0,1,0,-0.994,0,-0.113],"_humanoidState":5,"_cameraCFrame":[763.11,245.651,40.959,-0.132,-0.859,0.495,0,0.5,0.866,-0.991,0.115,-0.066],"_shiftlockState":true,"_pose":"FreeFall","_animationQueue":[],"_animationSpeed":1,"_zoom":16.125},{"_mousePosition":[683,384],"_rootPartCFrame":[755.091,230.135,43.796,-0.13,0,0.992,0,1,0,-0.992,0,-0.13],"_humanoidState":5,"_cameraCFrame":[762.674,245.664,40.836,-0.155,-0.859,0.487,0,0.493,0.87,-0.988,0.135,-0.076],"_shiftlockState":true,"_pose":"FreeFall","_animationQueue":[["fall",0.3]],"_animationSpeed":1,"_zoom":16.125},{"_mousePosition":[683,384],"_rootPartCFrame":[754.826,230.031,43.831,-0.152,0,0.988,0,1,0,-0.988,0,-0.152],"_humanoidState":5,"_cameraCFrame":[762.31,245.59,40.765,-0.17,-0.859,0.483,0,0.49,0.872,-0.985,0.148,-0.083],"_shiftlockState":true,"_pose":"FreeFall","_animationQueue":[],"_animationSpeed":1,"_zoom":16.125},{"_mousePosition":[683,384],"_rootPartCFrame":[754.497,229.823,43.882,-0.167,0,0.986,0,1,0,-0.986,0,-0.167],"_humanoidState":5,"_cameraCFrame":[761.903,245.414,40.769,-0.177,-0.86,0.479,0,0.486,0.874,-0.984,0.155,-0.086],"_shiftlockState":true,"_pose":"FreeFall","_animationQueue":[],"_animationSpeed":1,"_zoom":16.125},{"_mousePosition":[683,384],"_rootPartCFrame":[754.3,229.658,43.915,-0.176,0,0.984,0,1,0,-0.984,0,-0.176],"_humanoidState":5,"_cameraCFrame":[761.66,245.279,40.831,-0.175,-0.862,0.475,0,0.483,0.876,-0.985,0.153,-0.084],"_shiftlockState":true,"_pose":"FreeFall","_animationQueue":[],"_animationSpeed":1,"_zoom":16.125},{"_mousePosition":[683,384],"_rootPartCFrame":[754.157,229.417,43.975,-0.097,0,0.995,0.009,1,0.001,-0.995,0.009,-0.097],"_humanoidState":5,"_cameraCFrame":[761.602,245.083,41.347,-0.117,-0.872,0.474,0,0.478,0.879,-0.993,0.103,-0.056],"_shiftlockState":true,"_pose":"FreeFall","_animationQueue":[],"_animationSpeed":1,"_zoom":16.125},{"_mousePosition":[683,384],"_rootPartCFrame":[754.095,229.148,44.038,-0.087,0,0.996,0.007,1,0.001,-0.996,0.007,-0.087],"_humanoidState":5,"_cameraCFrame":[761.899,244.829,43.015,0.092,-0.876,0.474,0,0.476,0.879,-0.996,-0.081,0.044],"_shiftlockState":true,"_pose":"FreeFall","_animationQueue":[],"_animationSpeed":1,"_zoom":16.125},{"_mousePosition":[683,384],"_rootPartCFrame":[754.122,228.837,44.044,0.052,0,0.999,0,1,0,-0.999,0,0.052],"_humanoidState":5,"_cameraCFrame":[761.861,244.443,46.097,0.461,-0.776,0.43,0,0.485,0.875,-0.887,-0.404,0.224],"_shiftlockState":true,"_pose":"FreeFall","_animationQueue":[["fall",0.3]],"_animationSpeed":1,"_zoom":16.125},{"_mousePosition":[683,384],"_rootPartCFrame":[754.399,228.499,44.037,0.417,0.004,0.909,-0.008,1,0,-0.909,-0.007,0.417],"_humanoidState":7,"_cameraCFrame":[760.457,244.074,49.35,0.808,-0.515,0.288,0,0.488,0.873,-0.59,-0.705,0.394],"_shiftlockState":true,"_pose":"FreeFall","_animationQueue":[["walk",0.1],["fall",0.3],["fall",0.3]],"_animationSpeed":1,"_zoom":16.125},{"_mousePosition":[683,384],"_rootPartCFrame":[754.603,228.368,43.963,0.793,0.003,0.61,-0.006,1,0.002,-0.61,-0.005,0.793],"_humanoidState":7,"_cameraCFrame":[758.26,243.85,51.32,0.97,-0.211,0.121,0,0.498,0.867,-0.243,-0.841,0.483],"_shiftlockState":true,"_pose":"FreeFall","_animationQueue":[],"_animationSpeed":1,"_zoom":16.125},{"_mousePosition":[683,384],"_rootPartCFrame":[754.606,228.36,43.932,0.968,0.004,0.25,-0.004,1,-0.001,-0.25,0,0.968],"_humanoidState":8,"_cameraCFrame":[756.803,243.682,52.13,0.999,-0.046,0.028,0,0.515,0.857,-0.054,-0.856,0.514],"_shiftlockState":true,"_pose":"Running","_animationQueue":[["walk",0.1],["fall",0.3],["walk",0.1]],"_animationSpeed":0.264,"_zoom":16.125},{"_mousePosition":[683,384],"_rootPartCFrame":[754.609,229.243,43.9,0.998,0.002,0.059,-0.001,1,-0.005,-0.059,0.005,0.998],"_humanoidState":3,"_cameraCFrame":[757.123,244.351,52.368,0.996,-0.075,0.048,0,0.536,0.844,-0.089,-0.841,0.534],"_shiftlockState":true,"_pose":"Jumping","_animationQueue":[["walk",0.1],["jump",0.1]],"_animationSpeed":1,"_zoom":16.125},{"_mousePosition":[683,384],"_rootPartCFrame":[754.611,230.092,43.842,0.996,0,0.087,0,1,-0.003,-0.087,0.003,0.996],"_humanoidState":5,"_cameraCFrame":[757.923,245.132,52.14,0.983,-0.152,0.099,0,0.543,0.84,-0.182,-0.826,0.534],"_shiftlockState":true,"_pose":"FreeFall","_animationQueue":[["jump",0.1]],"_animationSpeed":1,"_zoom":16.125},{"_mousePosition":[683,384],"_rootPartCFrame":[754.609,230.887,43.744,0.985,0,0.172,0,1,-0.001,-0.172,0.001,0.985],"_humanoidState":5,"_cameraCFrame":[760.943,245.841,50.221,0.836,-0.457,0.302,0,0.551,0.834,-0.548,-0.698,0.461],"_shiftlockState":true,"_pose":"FreeFall","_animationQueue":[],"_animationSpeed":1,"_zoom":16.125},{"_mousePosition":[683,384],"_rootPartCFrame":[754.642,231.623,43.609,0.857,0,0.516,0,1,0,-0.516,0,0.857],"_humanoidState":5,"_cameraCFrame":[762.469,246.594,48.118,0.658,-0.629,0.414,0,0.55,0.835,-0.753,-0.549,0.361],"_shiftlockState":true,"_pose":"FreeFall","_animationQueue":[],"_animationSpeed":1,"_zoom":16.125},{"_mousePosition":[683,384],"_rootPartCFrame":[754.609,232.465,43.407,0.694,0,0.72,0,1,0,-0.72,0,0.694],"_humanoidState":5,"_cameraCFrame":[763.094,247.488,46.276,0.499,-0.727,0.472,0,0.545,0.839,-0.866,-0.419,0.272],"_shiftlockState":true,"_pose":"FreeFall","_animationQueue":[],"_animationSpeed":1,"_zoom":16.125},{"_mousePosition":[683,384],"_rootPartCFrame":[754.562,232.929,43.279,0.519,0,0.855,0,1,0,-0.855,0,0.519],"_humanoidState":5,"_cameraCFrame":[763.22,248.003,45.243,0.409,-0.768,0.493,0,0.54,0.842,-0.912,-0.344,0.221],"_shiftlockState":true,"_pose":"FreeFall","_animationQueue":[],"_animationSpeed":1,"_zoom":16.125},{"_mousePosition":[683,384],"_rootPartCFrame":[754.465,233.5,43.113,0.425,0,0.905,0,1,0,-0.905,0,0.425],"_humanoidState":5,"_cameraCFrame":[763.123,248.574,45.077,0.409,-0.768,0.493,0,0.54,0.842,-0.912,-0.344,0.221],"_shiftlockState":true,"_pose":"FreeFall","_animationQueue":[],"_animationSpeed":1,"_zoom":16.125},{"_mousePosition":[683,384],"_rootPartCFrame":[754.291,234.138,42.925,0.414,0,0.91,0,1,0,-0.91,0,0.414],"_humanoidState":5,"_cameraCFrame":[762.971,249.229,44.658,0.386,-0.778,0.496,0,0.538,0.843,-0.923,-0.325,0.208],"_shiftlockState":true,"_pose":"FreeFall","_animationQueue":[],"_animationSpeed":1,"_zoom":16.125},{"_mousePosition":[683,384],"_rootPartCFrame":[754.158,234.479,42.822,0.388,0,0.922,0,1,0,-0.922,0,0.388],"_humanoidState":5,"_cameraCFrame":[762.839,249.57,44.556,0.386,-0.778,0.496,0,0.538,0.843,-0.923,-0.325,0.208],"_shiftlockState":true,"_pose":"FreeFall","_animationQueue":[],"_animationSpeed":1,"_zoom":16.125},{"_mousePosition":[683,384],"_rootPartCFrame":[753.951,234.887,42.701,0.387,0,0.922,0,1,0,-0.922,0,0.387],"_humanoidState":5,"_cameraCFrame":[762.635,249.978,44.413,0.384,-0.778,0.497,0,0.538,0.843,-0.924,-0.323,0.206],"_shiftlockState":true,"_pose":"FreeFall","_animationQueue":[],"_animationSpeed":1,"_zoom":16.125},{"_mousePosition":[683,384],"_rootPartCFrame":[753.65,235.32,42.569,0.384,0,0.923,0,1,0,-0.923,0,0.384],"_humanoidState":5,"_cameraCFrame":[762.375,250.411,44.06,0.36,-0.786,0.502,0,0.538,0.843,-0.933,-0.303,0.194],"_shiftlockState":true,"_pose":"FreeFall","_animationQueue":[],"_animationSpeed":1,"_zoom":16.125},{"_mousePosition":[683,384],"_rootPartCFrame":[753.465,235.539,42.492,0.362,0,0.932,0,1,0,-0.932,0,0.362],"_humanoidState":5,"_cameraCFrame":[762.247,250.63,43.607,0.32,-0.799,0.51,0,0.538,0.843,-0.948,-0.269,0.172],"_shiftlockState":true,"_pose":"FreeFall","_animationQueue":[],"_animationSpeed":1,"_zoom":16.125},{"_mousePosition":[683,384],"_rootPartCFrame":[753.217,235.783,42.395,0.324,0,0.946,0,1,0,-0.946,0,0.324],"_humanoidState":5,"_cameraCFrame":[762.034,250.874,43.176,0.283,-0.808,0.516,0,0.538,0.843,-0.959,-0.239,0.152],"_shiftlockState":true,"_pose":"FreeFall","_animationQueue":[],"_animationSpeed":1,"_zoom":16.125},{"_mousePosition":[683,384],"_rootPartCFrame":[752.965,235.973,42.308,0.288,0,0.958,0,1,0,-0.958,0,0.288],"_humanoidState":5,"_cameraCFrame":[761.798,251.064,42.888,0.261,-0.814,0.519,0,0.538,0.843,-0.965,-0.22,0.141],"_shiftlockState":true,"_pose":"FreeFall","_animationQueue":[],"_animationSpeed":1,"_zoom":16.125},{"_mousePosition":[683,384],"_rootPartCFrame":[752.709,236.108,42.231,0.265,0,0.964,0,1,0,-0.964,0,0.265],"_humanoidState":5,"_cameraCFrame":[761.527,251.216,42.626,0.242,-0.819,0.521,0,0.536,0.844,-0.97,-0.204,0.13],"_shiftlockState":true,"_pose":"FreeFall","_animationQueue":[],"_animationSpeed":1,"_zoom":16.125},{"_mousePosition":[683,384],"_rootPartCFrame":[752.452,236.189,42.161,0.245,0,0.97,0,1,0,-0.97,0,0.245],"_humanoidState":5,"_cameraCFrame":[761.277,251.297,42.287,0.212,-0.825,0.524,0,0.536,0.844,-0.977,-0.179,0.114],"_shiftlockState":true,"_pose":"FreeFall","_animationQueue":[],"_animationSpeed":1,"_zoom":16.125},{"_mousePosition":[683,384],"_rootPartCFrame":[752.129,236.213,42.079,0.217,0,0.976,0,1,0,-0.976,0,0.217],"_humanoidState":5,"_cameraCFrame":[760.923,251.338,41.755,0.163,-0.834,0.528,0,0.535,0.845,-0.987,-0.137,0.087],"_shiftlockState":true,"_pose":"FreeFall","_animationQueue":[["fall",0.3]],"_animationSpeed":1,"_zoom":16.125},{"_mousePosition":[683,384],"_rootPartCFrame":[751.934,236.143,42.036,0.164,0,0.987,0,1,0,-0.987,0,0.164],"_humanoidState":7,"_cameraCFrame":[760.665,251.285,41.175,0.102,-0.842,0.53,0,0.533,0.846,-0.995,-0.087,0.055],"_shiftlockState":true,"_pose":"FreeFall","_animationQueue":[["walk",0.1],["fall",0.3],["fall",0.3]],"_animationSpeed":1,"_zoom":16.125},{"_mousePosition":[683,384],"_rootPartCFrame":[751.671,235.993,41.99,0.103,0,0.995,0,1,0,-0.995,0,0.103],"_humanoidState":7,"_cameraCFrame":[760.341,251.135,40.645,0.047,-0.845,0.533,0,0.533,0.846,-0.999,-0.04,0.025],"_shiftlockState":true,"_pose":"FreeFall","_animationQueue":[],"_animationSpeed":1,"_zoom":16.125},{"_mousePosition":[683,384],"_rootPartCFrame":[751.406,235.789,41.961,0.047,0,0.999,0,1,0,-0.999,0,0.047],"_humanoidState":7,"_cameraCFrame":[759.957,250.964,40.244,0.004,-0.848,0.53,0,0.53,0.848,-1,-0.003,0.002],"_shiftlockState":true,"_pose":"FreeFall","_animationQueue":[],"_animationSpeed":1,"_zoom":16.125},{"_mousePosition":[683,384],"_rootPartCFrame":[751.073,235.45,41.943,0.004,0,1,0,1,0,-1,0,0.004],"_humanoidState":8,"_cameraCFrame":[759.552,250.641,40.011,-0.021,-0.849,0.528,0,0.528,0.849,-1,0.018,-0.011],"_shiftlockState":true,"_pose":"Running","_animationQueue":[["walk",0.1],["fall",0.3],["walk",0.1]],"_animationSpeed":1.103,"_zoom":16.125},{"_mousePosition":[683,384],"_rootPartCFrame":[750.807,235.122,41.94,-0.021,0,1,0,1,0,-1,0,-0.021],"_humanoidState":8,"_cameraCFrame":[759.275,250.314,39.965,-0.026,-0.849,0.528,0,0.528,0.849,-1,0.022,-0.014],"_shiftlockState":true,"_pose":"Running","_animationQueue":[],"_animationSpeed":1.103,"_zoom":16.125},{"_mousePosition":[683,384],"_rootPartCFrame":[750.473,234.856,41.947,-0.026,0,1,0,1,0,-1,0,-0.026],"_humanoidState":8,"_cameraCFrame":[758.942,250.048,39.972,-0.026,-0.849,0.528,0,0.528,0.849,-1,0.022,-0.014],"_shiftlockState":true,"_pose":"Running","_animationQueue":[],"_animationSpeed":1.103,"_zoom":16.125},{"_mousePosition":[683,384],"_rootPartCFrame":[750.273,234.869,41.952,-0.026,0,1,0,1,0,-1,0,-0.026],"_humanoidState":8,"_cameraCFrame":[758.742,250.06,39.977,-0.026,-0.849,0.528,0,0.528,0.849,-1,0.022,-0.014],"_shiftlockState":true,"_pose":"Running","_animationQueue":[["walk",0.1]],"_animationSpeed":1.103,"_zoom":16.125},{"_mousePosition":[683,384],"_rootPartCFrame":[750.007,234.9,41.959,-0.026,0,1,0,1,0,-1,0,-0.026],"_humanoidState":8,"_cameraCFrame":[758.475,250.092,39.984,-0.026,-0.849,0.528,0,0.528,0.849,-1,0.022,-0.014],"_shiftlockState":true,"_pose":"Running","_animationQueue":[],"_animationSpeed":1.103,"_zoom":16.125},{"_mousePosition":[683,384],"_rootPartCFrame":[749.74,234.922,41.966,-0.026,0,1,0,1,0,-1,0,-0.026],"_humanoidState":8,"_cameraCFrame":[758.209,250.114,39.991,-0.026,-0.849,0.528,0,0.528,0.849,-1,0.022,-0.014],"_shiftlockState":true,"_pose":"Running","_animationQueue":[],"_animationSpeed":1.103,"_zoom":16.125},{"_mousePosition":[683,384],"_rootPartCFrame":[749.474,234.935,41.973,-0.026,0,1,0,1,0,-1,0,-0.026],"_humanoidState":8,"_cameraCFrame":[757.942,250.127,39.998,-0.026,-0.849,0.528,0,0.528,0.849,-1,0.022,-0.014],"_shiftlockState":true,"_pose":"Running","_animationQueue":[],"_animationSpeed":1.103,"_zoom":16.125},{"_mousePosition":[683,384],"_rootPartCFrame":[749.207,234.942,41.98,-0.026,0,1,0,1,0,-1,0,-0.026],"_humanoidState":8,"_cameraCFrame":[757.676,250.134,40.005,-0.026,-0.849,0.528,0,0.528,0.849,-1,0.022,-0.014],"_shiftlockState":true,"_pose":"Running","_animationQueue":[],"_animationSpeed":1.103,"_zoom":16.125},{"_mousePosition":[683,384],"_rootPartCFrame":[748.991,234.946,42.1,-0.026,0,1,0,1,0,-1,0,-0.026],"_humanoidState":8,"_cameraCFrame":[757.459,250.137,40.125,-0.026,-0.849,0.528,0,0.528,0.849,-1,0.022,-0.014],"_shiftlockState":true,"_pose":"Running","_animationQueue":[],"_animationSpeed":1.103,"_zoom":16.125},{"_mousePosition":[683,384],"_rootPartCFrame":[748.806,234.948,42.291,-0.026,0,1,0,1,0,-1,0,-0.026],"_humanoidState":8,"_cameraCFrame":[757.243,250.156,40.295,-0.029,-0.85,0.526,0,0.527,0.85,-1,0.025,-0.015],"_s