[{"_mousePosition":[575,303],"_rootPartCFrame":[776.025,222.7,47.142,0.002,0,1,0,1,0,-1,0,0.002],"_humanoidState":8,"_cameraCFrame":[786.521,236.441,47.235,0.009,-0.759,0.651,0,0.651,0.759,-1,-0.007,0.006],"_shiftlockState":false,"_pose":"Standing","_animationQueue":[],"_animationSpeed":1,"_zoom":16.125},{"_mousePosition":[575,303],"_rootPartCFrame":[775.778,222.7,47.14,0.003,0,1,0,1,0,-1,0,0.003],"_humanoidState":8,"_cameraCFrame":[786.203,236.502,47.233,0.009,-0.763,0.646,0,0.646,0.763,-1,-0.007,0.006],"_shiftlockState":false,"_pose":"Standing","_animationQueue":[],"_animationSpeed":1,"_zoom":16.125},{"_mousePosition":[575,303],"_rootPartCFrame":[775.512,222.7,47.138,0.003,0,1,0,1,0,-1,0,0.003],"_humanoidState":8,"_cameraCFrame":[785.937,236.502,47.23,0.009,-0.763,0.646,0,0.646,0.763,-1,-0.007,0.006],"_shiftlockState":false,"_pose":"Running","_animationQueue":[["walk",0.1]],"_animationSpeed":1.066,"_zoom":16.125},{"_mousePosition":[575,303],"_rootPartCFrame":[775.246,222.7,47.135,0.004,0,1,0,1,0,-1,0,0.004],"_humanoidState":8,"_cameraCFrame":[785.67,236.502,47.228,0.009,-0.763,0.646,0,0.646,0.763,-1,-0.007,0.006],"_shiftlockState":false,"_pose":"Running","_animationQueue":[],"_animationSpeed":1.066,"_zoom":16.125},{"_mousePosition":[575,303],"_rootPartCFrame":[774.979,222.7,47.133,0.005,0,1,0,1,0,-1,0,0.005],"_humanoidState":8,"_cameraCFrame":[785.403,236.502,47.226,0.009,-0.763,0.646,0,0.646,0.763,-1,-0.007,0.006],"_shiftlockState":false,"_pose":"Running","_animationQueue":[],"_animationSpeed":1.066,"_zoom":16.125},{"_mousePosition":[575,303],"_rootPartCFrame":[774.713,222.7,47.131,0.005,0,1,0,1,0,-1,0,0.005],"_humanoidState":8,"_cameraCFrame":[785.137,236.502,47.223,0.009,-0.763,0.646,0,0.646,0.763,-1,-0.007,0.006],"_shiftlockState":false,"_pose":"Running","_animationQueue":[],"_animationSpeed":1.066,"_zoom":16.125},{"_mousePosition":[575,303],"_rootPartCFrame":[774.446,222.7,47.128,0.006,0,1,0,1,0,-1,0,0.006],"_humanoidState":8,"_cameraCFrame":[784.87,236.502,47.221,0.009,-0.763,0.646,0,0.646,0.763,-1,-0.007,0.006],"_shiftlockState":false,"_pose":"Running","_animationQueue":[],"_animationSpeed":1.066,"_zoom":16.125},{"_mousePosition":[575,303],"_rootPartCFrame":[774.179,222.7,47.126,0.006,0,1,0,1,0,-1,0,0.006],"_humanoidState":8,"_cameraCFrame":[784.532,236.562,47.165,0.004,-0.767,0.642,0,0.642,0.767,-1,-0.003,0.002],"_shiftlockState":false,"_pose":"Running","_animationQueue":[],"_animationSpeed":1.066,"_zoom":16.125},{"_mousePosition":[575,303],"_rootPartCFrame":[773.913,222.7,47.124,0.007,0,1,0,1,0,-1,0,0.007],"_humanoidState":8,"_cameraCFrame":[784.144,236.663,47.137,0.001,-0.773,0.635,0,0.635,0.773,-1,-0.001,0.001],"_shiftlockState":false,"_pose":"Running","_animationQueue":[],"_animationSpeed":1.066,"_zoom":16.125},{"_mousePosition":[575,303],"_rootPartCFrame":[773.646,222.7,47.122,0.006,0,1,0,1,0,-1,0,0.006],"_humanoidState":8,"_cameraCFrame":[783.78,236.742,47.11,-0.001,-0.778,0.628,0,0.628,0.778,-1,0.001,-0.001],"_shiftlockState":false,"_pose":"Running","_animationQueue":[["walk",0.1]],"_animationSpeed":1.066,"_zoom":16.125},{"_mousePosition":[575,303],"_rootPartCFrame":[773.379,222.7,47.122,0.006,0,1,0,1,0,-1,0,0.006],"_humanoidState":8,"_cameraCFrame":[783.391,236.84,47.084,-0.004,-0.784,0.621,0,0.621,0.784,-1,0.003,-0.002],"_shiftlockState":false,"_pose":"Running","_animationQueue":[],"_animationSpeed":1.066,"_zoom":16.125},{"_mousePosition":[575,303],"_rootPartCFrame":[773.113,222.7,47.122,0.005,0,1,0,1,0,-1,0,0.005],"_humanoidState":8,"_cameraCFrame":[783.025,236.918,47.085,-0.004,-0.789,0.615,0,0.615,0.789,-1,0.003,-0.002],"_shiftlockState":false,"_pose":"Running","_animationQueue":[],"_animationSpeed":1.066,"_zoom":16.125},{"_mousePosition":[575,303],"_rootPartCFrame":[772.846,222.7,47.123,0.004,0,1,0,1,0,-1,0,0.004],"_humanoidState":8,"_cameraCFrame":[782.684,236.976,47.086,-0.004,-0.792,0.61,0,0.61,0.792,-1,0.003,-0.002],"_shiftlockState":false,"_pose":"Running","_animationQueue":[],"_animationSpeed":1.066,"_zoom":16.125},{"_mousePosition":[575,303],"_rootPartCFrame":[772.579,222.7,47.124,0.003,0,1,0,1,0,-1,0,0.003],"_humanoidState":8,"_cameraCFrame":[782.317,237.052,47.088,-0.004,-0.797,0.604,0,0.604,0.797,-1,0.003,-0.002],"_shiftlockState":false,"_pose":"Running","_animationQueue":[],"_animationSpeed":1.066,"_zoom":16.125},{"_mousePosition":[575,303],"_rootPartCFrame":[772.312,222.7,47.125,0.002,0,1,0,1,0,-1,0,0.002],"_humanoidState":8,"_cameraCFrame":[781.925,237.146,47.113,-0.001,-0.803,0.596,0,0.596,0.803,-1,0.001,-0.001],"_shiftlockState":false,"_pose":"Running","_animationQueue":[],"_animationSpeed":1.066,"_zoom":16.125},{"_mousePosition":[575,303],"_rootPartCFrame":[772.046,222.7,47.126,0.001,0,1,0,1,0,-1,0,0.001],"_humanoidState":8,"_cameraCFrame":[781.532,237.239,47.138,0.001,-0.809,0.588,0,0.588,0.809,-1,-0.001,0.001],"_shiftlockState":false,"_pose":"Running","_animationQueue":[],"_animationSpeed":1.066,"_zoom":16.125},{"_mousePosition":[575,303],"_rootPartCFrame":[771.779,222.7,47.127,0.001,0,1,0,1,0,-1,0,0.001],"_humanoidState":8,"_cameraCFrame":[781.035,237.404,47.185,0.006,-0.819,0.574,0,0.574,0.819,-1,-0.005,0.004],"_shiftlockState":false,"_pose":"Running","_animationQueue":[["walk",0.1]],"_animationSpeed":1.066,"_zoom":16.125},{"_mousePosition":[575,303],"_rootPartCFrame":[771.512,222.7,47.126,0.001,0,1,0,1,0,-1,0,0.001],"_humanoidState":8,"_cameraCFrame":[780.587,237.529,47.207,0.009,-0.827,0.563,0,0.563,0.827,-1,-0.007,0.005],"_shiftlockState":false,"_pose":"Running","_animationQueue":[],"_animationSpeed":1.066,"_zoom":16.125},{"_mousePosition":[575,303],"_rootPartCFrame":[771.246,222.7,47.125,0.001,0,1,0,1,0,-1,0,0.001],"_humanoidState":8,"_cameraCFrame":[780.137,237.651,47.249,0.014,-0.834,0.551,0,0.551,0.834,-1,-0.012,0.008],"_shiftlockState":false,"_pose":"Running","_animationQueue":[],"_animationSpeed":1.066,"_zoom":16.125},{"_mousePosition":[575,303],"_rootPartCFrame":[770.979,222.7,47.123,0.002,0,1,0,1,0,-1,0,0.002],"_humanoidState":8,"_cameraCFrame":[779.659,237.788,47.287,0.019,-0.843,0.538,0,0.538,0.843,-1,-0.016,0.01],"_shiftlockState":false,"_pose":"Running","_animationQueue":[],"_animationSpeed":1.066,"_zoom":16.125},{"_mousePosition":[575,303],"_rootPartCFrame":[770.712,222.7,47.119,0.004,0,1,0,1,0,-1,0,0.004],"_humanoidState":8,"_cameraCFrame":[779.205,237.905,47.323,0.024,-0.85,0.527,0,0.527,0.85,-1,-0.02,0.013],"_shiftlockState":false,"_pose":"Running","_animationQueue":[],"_animationSpeed":1.066,"_zoom":16.125},{"_mousePosition":[575,303],"_rootPartCFrame":[770.446,222.7,47.114,0.006,0,1,0,1,0,-1,0,0.006],"_humanoidState":8,"_cameraCFrame":[778.777,238.004,47.336,0.027,-0.856,0.517,0,0.517,0.856,-1,-0.023,0.014],"_shiftlockState":false,"_pose":"Running","_animationQueue":[],"_animationSpeed":1.066,"_zoom":16.125},{"_mousePosition":[575,303],"_rootPartCFrame":[770.179,222.666,47.109,0.008,0,1,0,1,0,-1,0,0.008],"_humanoidState":8,"_cameraCFrame":[778.348,238.066,47.347,0.029,-0.862,0.507,0,0.507,0.862,-1,-0.025,0.015],"_shiftlockState":false,"_pose":"Running","_animationQueue":[],"_animationSpeed":1.066,"_zoom":16.125},{"_mousePosition":[575,303],"_rootPartCFrame":[769.913,222.577,47.104,0.01,0,1,0,1,0,-1,0,0.01],"_humanoidState":8,"_cameraCFrame":[777.946,238.057,47.338,0.029,-0.867,0.498,0,0.498,0.867,-1,-0.025,0.015],"_shiftlockState":false,"_pose":"Running","_animationQueue":[["walk",0.1]],"_animationSpeed":1.066,"_zoom":16.125},{"_mousePosition":[575,303],"_rootPartCFrame":[769.646,222.434,47.099,0.012,0,1,0,1,0,-1,0,0.012],"_humanoidState":8,"_cameraCFrame":[777.515,238.006,47.348,0.032,-0.872,0.488,0,0.488,0.873,-0.999,-0.028,0.015],"_shiftlockState":false,"_pose":"Running","_animationQueue":[],"_animationSpeed":1.066,"_zoom":16.125},{"_mousePosition":[575,303],"_rootPartCFrame":[769.379,223.307,47.094,0.014,0,1,0,1,0,-1,0,0.014],"_humanoidState":3,"_cameraCFrame":[777.22,238.895,47.362,0.034,-0.873,0.486,0,0.487,0.874,-0.999,-0.03,0.017],"_shiftlockState":false,"_pose":"Jumping","_animationQueue":[["walk",0.1],["jump",0.1]],"_animationSpeed":1,"_zoom":16.125},{"_mousePosition":[575,303],"_rootPartCFrame":[769.113,224.129,47.086,0.016,0,1,0,1,0,-1,0,0.016],"_humanoidState":5,"_cameraCFrame":[776.871,239.763,47.351,0.034,-0.876,0.481,0,0.481,0.876,-0.999,-0.03,0.016],"_shiftlockState":false,"_pose":"FreeFall","_animationQueue":[["jump",0.1]],"_animationSpeed":1,"_zoom":16.125},{"_mousePosition":[575,303],"_rootPartCFrame":[768.846,224.897,47.077,0.019,0,1,0,1,0,-1,0,0.019],"_humanoidState":5,"_cameraCFrame":[776.466,240.605,47.337,0.034,-0.881,0.473,0,0.473,0.881,-0.999,-0.03,0.016],"_shiftlockState":false,"_pose":"FreeFall","_animationQueue":[],"_animationSpeed":1,"_zoom":16.125},{"_mousePosition":[575,303],"_rootPartCFrame":[768.58,225.61,47.068,0.021,0,1,0,1,0,-1,0,0.021],"_humanoidState":5,"_cameraCFrame":[776.117,241.362,47.325,0.034,-0.883,0.467,0,0.468,0.884,-0.999,-0.03,0.016],"_shiftlockState":false,"_pose":"FreeFall","_animationQueue":[],"_animationSpeed":1,"_zoom":16.125},{"_mousePosition":[575,303],"_rootPartCFrame":[768.313,226.268,47.059,0.023,0,1,0,1,0,-1,0,0.023],"_humanoidState":5,"_cameraCFrame":[775.739,242.079,47.312,0.034,-0.887,0.461,0,0.461,0.888,-0.999,-0.03,0.016],"_shiftlockState":false,"_pose":"FreeFall","_animationQueue":[],"_animationSpeed":1,"_zoom":16.125},{"_mousePosition":[575,303],"_rootPartCFrame":[768.046,226.872,47.049,0.024,0,1,0,1,0,-1,0,0.024],"_humanoidState":5,"_cameraCFrame":[775.361,242.741,47.3,0.034,-0.891,0.454,0,0.454,0.891,-0.999,-0.03,0.016],"_shiftlockState":false,"_pose":"FreeFall","_animationQueue":[],"_animationSpeed":1,"_zoom":16.125},{"_mousePosition":[575,303],"_rootPartCFrame":[767.78,227.422,47.04,0.026,0,1,0,1,0,-1,0,0.026],"_humanoidState":5,"_cameraCFrame":[774.982,243.347,47.287,0.034,-0.894,0.447,0,0.447,0.895,-0.999,-0.031,0.015],"_shiftlockState":false,"_pose":"FreeFall","_animationQueue":[],"_animationSpeed":1,"_zoom":16.125},{"_mousePosition":[575,303],"_rootPartCFrame":[767.513,227.917,47.031,0.027,0,1,0,1,0,-1,0,0.027],"_humanoidState":5,"_cameraCFrame":[774.631,243.884,47.275,0.034,-0.897,0.441,0,0.442,0.897,-0.999,-0.031,0.015],"_shiftlockState":false,"_pose":"FreeFall","_animationQueue":[],"_animationSpeed":1,"_zoom":16.125},{"_mousePosition":[575,303],"_rootPartCFrame":[767.247,228.357,47.022,0.028,0,1,0,1,0,-1,0,0.028],"_humanoidState":5,"_cameraCFrame":[774.251,244.379,47.262,0.034,-0.9,0.434,0,0.435,0.901,-0.999,-0.031,0.015],"_shiftlockState":false,"_pose":"FreeFall","_animationQueue":[],"_animationSpeed":1,"_zoom":16.125},{"_mousePosition":[575,303],"_rootPartCFrame":[766.98,228.743,47.013,0.029,0,1,0,1,0,-1,0,0.029],"_humanoidState":5,"_cameraCFrame":[773.871,244.82,47.249,0.034,-0.903,0.427,0,0.428,0.904,-0.999,-0.031,0.015],"_shiftlockState":false,"_pose":"FreeFall","_animationQueue":[],"_animationSpeed":1,"_zoom":16.125},{"_mousePosition":[575,303],"_rootPartCFrame":[766.713,229.075,47.004,0.03,0,1,0,1,0,-1,0,0.03],"_humanoidState":5,"_cameraCFrame":[773.519,245.191,47.237,0.034,-0.906,0.422,0,0.422,0.906,-0.999,-0.031,0.014],"_shiftlockState":false,"_pose":"FreeFall","_animationQueue":[],"_animationSpeed":1,"_zoom":16.125},{"_mousePosition":[575,303],"_rootPartCFrame":[766.447,229.352,46.995,0.03,0,1,0,1,0,-1,0,0.03],"_humanoidState":5,"_cameraCFrame":[773.167,245.508,47.225,0.034,-0.908,0.417,0,0.417,0.909,-0.999,-0.031,0.014],"_shiftlockState":false,"_pose":"FreeFall","_animationQueue":[],"_animationSpeed":1,"_zoom":16.125},{"_mousePosition":[575,303],"_rootPartCFrame":[766.18,229.574,46.986,0.031,0,1,0,1,0,-1,0,0.031],"_humanoidState":5,"_cameraCFrame":[772.816,245.769,47.196,0.032,-0.911,0.411,0,0.412,0.911,-0.999,-0.029,0.013],"_shiftlockState":false,"_pose":"FreeFall","_animationQueue":[],"_animationSpeed":1,"_zoom":16.125},{"_mousePosition":[575,303],"_rootPartCFrame":[765.847,229.776,46.974,0.031,0,1,0,1,0,-1,0,0.031],"_humanoidState":5,"_cameraCFrame":[772.482,245.971,47.184,0.032,-0.911,0.411,0,0.412,0.911,-0.999,-0.029,0.013],"_shiftlockState":false,"_pose":"FreeFall","_animationQueue":[],"_animationSpeed":1,"_zoom":16.125},{"_mousePosition":[575,303],"_rootPartCFrame":[765.647,229.856,46.968,0.031,0,1,0,1,0,-1,0,0.031],"_humanoidState":5,"_cameraCFrame":[772.254,246.064,47.177,0.032,-0.912,0.41,0,0.41,0.912,-0.999,-0.029,0.013],"_shiftlockState":false,"_pose":"FreeFall","_animationQueue":[],"_animationSpeed":1,"_zoom":16.125},{"_mousePosition":[575,303],"_rootPartCFrame":[765.38,229.915,46.959,0.032,0,1,0,1,0,-1,0,0.032],"_humanoidState":5,"_cameraCFrame":[771.987,246.123,47.169,0.032,-0.912,0.41,0,0.41,0.912,-0.999,-0.029,0.013],"_shiftlockState":false,"_pose":"FreeFall","_animationQueue":[],"_animationSpeed":1,"_zoom":16.125},{"_mousePosition":[575,303],"_rootPartCFrame":[765.114,229.919,46.951,0.032,0,1,0,1,0,-1,0,0.032],"_humanoidState":5,"_cameraCFrame":[771.692,246.14,47.143,0.029,-0.913,0.408,0,0.408,0.913,-1,-0.027,0.012],"_shiftlockState":false,"_pose":"FreeFall","_animationQueue":[],"_animationSpeed":1,"_zoom":16.125},{"_mousePosition":[575,303],"_rootPartCFrame":[764.847,229.869,46.943,0.032,0,1,0,1,0,-1,0,0.032],"_humanoidState":5,"_cameraCFrame":[771.397,246.103,47.133,0.029,-0.913,0.406,0,0.406,0.914,-1,-0.027,0.012],"_shiftlockState":false,"_pose":"FreeFall","_animationQueue":[],"_animationSpeed":1,"_zoom":16.125},{"_mousePosition":[575,303],"_rootPartCFrame":[764.581,229.765,46.935,0.031,0,1,0,1,0,-1,0,0.031],"_humanoidState":5,"_cameraCFrame":[771.073,246.024,47.107,0.027,-0.915,0.403,0,0.403,0.915,-1,-0.024,0.011],"_shiftlockState":false,"_pose":"FreeFall","_animationQueue":[["fall",0.3]],"_animationSpeed":1,"_zoom":16.125},{"_mousePosition":[575,303],"_rootPartCFrame":[764.314,229.606,46.927,0.031,0,1,0,1,0,-1,0,0.031],"_humanoidState":5,"_cameraCFrame":[770.75,245.89,47.082,0.024,-0.917,0.399,0,0.399,0.917,-1,-0.022,0.01],"_shiftlockState":false,"_pose":"FreeFall","_animationQueue":[],"_animationSpeed":1,"_zoom":16.125},{"_mousePosition":[575,303],"_rootPartCFrame":[764.047,229.393,46.92,0.031,0,1,0,1,0,-1,0,0.031],"_humanoidState":5,"_cameraCFrame":[770.426,245.702,47.057,0.022,-0.918,0.396,0,0.396,0.918,-1,-0.02,0.009],"_shiftlockState":false,"_pose":"FreeFall","_animationQueue":[],"_animationSpeed":1,"_zoom":16.125},{"_mousePosition":[575,303],"_rootPartCFrame":[763.781,229.125,46.913,0.03,0,1,0,1,0,-1,0,0.03],"_humanoidState":5,"_cameraCFrame":[770.102,245.458,47.017,0.016,-0.92,0.392,0,0.392,0.92,-1,-0.015,0.006],"_shiftlockState":false,"_pose":"FreeFall","_animationQueue":[],"_animationSpeed":1,"_zoom":16.125},{"_mousePosition":[575,303],"_rootPartCFrame":[763.514,228.802,46.907,0.029,0,1,0,1,0,-1,0,0.029],"_humanoidState":5,"_cameraCFrame":[769.778,245.16,46.979,0.011,-0.921,0.388,0,0.388,0.921,-1,-0.011,0.004],"_shiftlockState":false,"_pose":"FreeFall","_animationQueue":[],"_animationSpeed":1,"_zoom":16.125},{"_mousePosition":[575,303],"_rootPartCFrame":[763.248,228.425,46.903,0.027,0,1,0,1,0,-1,0,0.027],"_humanoidState":5,"_cameraCFrame":[769.454,244.808,46.942,0.006,-0.923,0.385,0,0.385,0.923,-1,-0.006,0.002],"_shiftlockState":false,"_pose":"FreeFall","_animationQueue":[],"_animationSpeed":1,"_zoom":16.125},{"_mousePosition":[575,303],"_rootPartCFrame":[762.981,227.994,46.9,0.025,0,1,0,1,0,-1,0,0.025],"_humanoidState":5,"_cameraCFrame":[769.158,244.388,46.907,0.001,-0.924,0.383,0,0.383,0.924,-1,-0.001,0],"_shiftlockState":false,"_pose":"FreeFall","_animationQueue":[],"_animationSpeed":1,"_zoom":16.125},{"_mousePosition":[575,303],"_rootPartCFrame":[762.714,227.508,46.898,0.023,0,1,0,1,0,-1,0,0.023],"_humanoidState":5,"_cameraCFrame":[768.892,243.902,46.874,-0.004,-0.924,0.383,0,0.383,0.924,-1,0.003,-0.001],"_shiftlockState":false,"_pose":"FreeFall","_animationQueue":[["fall",0.3]],"_animationSpeed":1,"_zoom":16.125},{"_mousePosition":[575,303],"_rootPartCFrame":[762.448,226.967,46.897,0.02,0,1,0,1,0,-1,0,0.02],"_humanoidState":5,"_cameraCFrame":[768.596,243.374,46.843,-0.009,-0.924,0.381,0,0.381,0.924,-1,0.008,-0.003],"_shiftlockState":false,"_pose":"FreeFall","_animationQueue":[],"_animationSpeed":1,"_zoom":16.125},{"_mousePosition":[575,303],"_rootPartCFrame":[762.181,226.372,46.898,0.017,0,1,0,1,0,-1,0,0.017],"_humanoidState":5,"_cameraCFrame":[768.328,242.779,46.766,-0.021,-0.924,0.381,0,0.381,0.924,-1,0.02,-0.008],"_shiftlockState":false,"_pose":"FreeFall","_animationQueue":[],"_animationSpeed":1,"_zoom":16.125},{"_mousePosition":[575,303],"_rootPartCFrame":[761.915,225.723,46.9,0.014,0,1,0,1,0,-1,0,0.014],"_humanoidState":5,"_cameraCFrame":[768.061,242.129,46.737,-0.027,-0.924,0.381,0,0.381,0.924,-1,0.025,-0.01],"_shiftlockState":false,"_pose":"FreeFall","_animationQueue":[],"_animationSpeed":1,"_zoom":16.125},{"_mousePosition":[575,303],"_rootPartCFrame":[761.648,225.019,46.905,0.009,0,1,0,1,0,-1,0,0.009],"_humanoidState":5,"_cameraCFrame":[767.794,241.425,46.726,-0.029,-0.924,0.381,0,0.381,0.924,-1,0.027,-0.011],"_shiftlockState":false,"_pose":"FreeFall","_animationQueue":[],"_animationSpeed":1,"_zoom":16.125},{"_mousePosition":[575,303],"_rootPartCFrame":[761.381,224.26,46.912,0.005,0,1,0,1,0,-1,0,0.005],"_humanoidState":5,"_cameraCFrame":[767.527,240.667,46.733,-0.029,-0.924,0.381,0,0.381,0.924,-1,0.027,-0.011],"_shiftlockState":false,"_pose":"FreeFall","_animationQueue":[],"_animationSpeed":1,"_zoom":16.125},{"_mousePosition":[575,303],"_rootPartCFrame":[761.115,223.447,46.92,0,0,1,0,1,0,-1,0,0],"_humanoidState":5,"_cameraCFrame":[767.26,239.854,46.741,-0.029,-0.924,0.381,0,0.381,0.924,-1,0.027,-0.011],"_shiftlockState":false,"_pose":"FreeFall","_animationQueue":[["fall",0.3]],"_animationSpeed":1,"_zoom":16.125},{"_mousePosition":[575,303],"_rootPartCFrame":[760.848,222.58,46.928,-0.004,0,1,0,1,0,-1,0,-0.004],"_humanoidState":7,"_cameraCFrame":[766.994,238.987,46.749,-0.029,-0.924,0.381,0,0.381,0.924,-1,0.027,-0.011],"_shiftlockState":false,"_pose":"FreeFall","_animationQueue":[["walk",0.1],["fall",0.3],["fall",0.3]],"_animationSpeed":1,"_zoom":16.125},{"_mousePosition":[575,303],"_rootPartCFrame":[760.582,223.415,46.935,-0.008,0,1,0,1,0,-1,0,-0.008],"_humanoidState":3,"_cameraCFrame":[766.727,239.821,46.757,-0.029,-0.924,0.381,0,0.381,0.924,-1,0.027,-0.011],"_shiftlockState":false,"_pose":"Jumping","_animationQueue":[["fall",0.3],["jump",0.1]],"_animationSpeed":1,"_zoom":16.125},{"_mousePosition":[575,303],"_rootPartCFrame":[760.315,224.248,46.943,-0.012,0,1,0,1,0,-1,0,-0.012],"_humanoidState":3,"_cameraCFrame":[766.461,240.655,46.764,-0.029,-0.924,0.381,0,0.381,0.924,-1,0.027,-0.011],"_shiftlockState":false,"_pose":"Jumping","_animationQueue":[],"_animationSpeed":1,"_zoom":16.125},{"_mousePosition":[575,303],"_rootPartCFrame":[760.048,225.081,46.951,-0.016,0,1,0,1,0,-1,0,-0.016],"_humanoidState":3,"_cameraCFrame":[766.252,241.464,46.77,-0.029,-0.923,0.385,0,0.385,0.923,-1,0.027,-0.011],"_shiftlockState":false,"_pose":"Jumping","_animationQueue":[],"_animationSpeed":1,"_zoom":16.125},{"_mousePosition":[575,303],"_rootPartCFrame":[759.782,225.915,46.959,-0.018,0,1,0,1,0,-1,0,-0.018],"_humanoidState":5,"_cameraCFrame":[766.101,242.248,46.775,-0.029,-0.92,0.392,0,0.392,0.92,-1,0.027,-0.011],"_shiftlockState":false,"_pose":"FreeFall","_animationQueue":[["jump",0.1]],"_animationSpeed":1,"_zoom":16.125},{"_mousePosition":[575,303],"_rootPartCFrame":[759.515,226.748,46.966,-0.02,0,1,0,1,0,-1,0,-0.02],"_humanoidState":5,"_cameraCFrame":[765.864,243.069,46.782,-0.029,-0.919,0.394,0,0.394,0.919,-1,0.027,-0.011],"_shiftlockState":false,"_pose":"FreeFall","_animationQueue":[],"_animationSpeed":1,"_zoom":16.125},{"_mousePosition":[575,303],"_rootPartCFrame":[759.249,227.581,46.974,-0.021,0,1,0,1,0,-1,0,-0.021],"_humanoidState":5,"_cameraCFrame":[765.713,243.853,46.819,-0.024,-0.916,0.401,0,0.401,0.916,-1,0.022,-0.01],"_shiftlockState":false,"_pose":"FreeFall","_animationQueue":[],"_animationSpeed":1,"_zoom":16.125},{"_mousePosition":[575,303],"_rootPartCFrame":[758.982,228.414,46.982,-0.022,0,1,0,1,0,-1,0,-0.022],"_humanoidState":5,"_cameraCFrame":[765.504,244.661,46.842,-0.021,-0.914,0.404,0,0.405,0.914,-1,0.02,-0.009],"_shiftlockState":false,"_pose":"FreeFall","_animationQueue":[],"_animationSpeed":1,"_zoom":16.125},{"_mousePosition":[575,303],"_rootPartCFrame":[758.715,229.248,46.988,-0.023,0,1,0,1,0,-1,0,-0.023],"_humanoidState":5,"_cameraCFrame":[765.267,245.481,46.848,-0.021,-0.913,0.406,0,0.406,0.914,-1,0.02,-0.009],"_shiftlockState":false,"_pose":"FreeFall","_animationQueue":[],"_animationSpeed":1,"_zoom":16.125},{"_mousePosition":[575,303],"_rootPartCFrame":[758.449,230.047,46.994,-0.023,0,1,0,1,0,-1,0,-0.023],"_humanoidState":5,"_cameraCFrame":[765,246.281,46.853,-0.021,-0.913,0.406,0,0.406,0.914,-1,0.02,-0.009],"_shiftlockState":false,"_pose":"FreeFall","_animationQueue":[],"_animationSpeed":1,"_zoom":16.125},{"_mousePosition":[575,303],"_rootPartCFrame":[758.182,230.792,47,-0.023,0,1,0,1,0,-1,0,-0.023],"_humanoidState":5,"_cameraCFrame":[764.733,247.025,46.859,-0.021,-0.913,0.406,0,0.406,0.914,-1,0.02,-0.009],"_shiftlockState":false,"_pose":"FreeFall","_animationQueue":[],"_animationSpeed":1,"_zoom":16.125},{"_mousePosition":[575,303],"_rootPartCFrame":[757.916,231.482,47.006,-0.022,0,1,0,1,0,-1,0,-0.022],"_humanoidState":5,"_cameraCFrame":[764.467,247.716,46.865,-0.021,-0.913,0.406,0,0.406,0.914,-1,0.02,-0.009],"_shiftlockState":false,"_pose":"FreeFall","_animationQueue":[],"_animationSpeed":1,"_zoom":16.125},{"_mousePosition":[575,303],"_rootPartCFrame":[757.649,232.118,47.011,-0.022,0,1,0,1,0,-1,0,-0.022],"_humanoidState":5,"_cameraCFrame":[764.2,248.351,46.871,-0.021,-0.913,0.406,0,0.406,0.914,-1,0.02,-0.009],"_shiftlockState":false,"_pose":"FreeFall","_animationQueue":[],"_animationSpeed":1,"_zoom":16.125},{"_mousePosition":[575,303],"_rootPartCFrame":[757.382,232.699,47.017,-0.022,0,1,0,1,0,-1,0,-0.022],"_humanoidState":5,"_cameraCFrame":[763.934,248.933,46.876,-0.021,-0.913,0.406,0,0.406,0.914,-1,0.02,-0.009],"_shiftlockState":false,"_pose":"FreeFall","_animationQueue":[],"_animationSpeed":1,"_zoom":16.125},{"_mousePosition":[575,303],"_rootPartCFrame":[757.116,233.226,47.023,-0.022,0,1,0,1,0,-1,0,-0.022],"_humanoidState":5,"_cameraCFrame":[763.667,249.459,46.882,-0.021,-0.913,0.406,0,0.406,0.914,-1,0.02,-0.009],"_shiftlockState":false,"_pose":"FreeFall","_animationQueue":[],"_animationSpeed":1,"_zoom":16.125},{"_mousePosition":[575,303],"_rootPartCFrame":[756.849,233.698,47.029,-0.022,0,1,0,1,0,-1,0,-0.022],"_humanoidState":5,"_cameraCFrame":[763.4,249.932,46.888,-0.021,-0.913,0.406,0,0.406,0.914,-1,0.02,-0.009],"_shiftlockState":false,"_pose":"FreeFall","_animationQueue":[],"_animationSpeed":1,"_zoom":16.125},{"_mousePosition":[575,303],"_rootPartCFrame":[756.583,234.116,47.034,-0.022,0,1,0,1,0,-1,0,-0.022],"_humanoidState":5,"_cameraCFrame":[763.134,250.35,46.894,-0.021,-0.913,0.406,0,0.406,0.914,-1,0.02,-0.009],"_shiftlockState":false,"_pose":"FreeFall","_animationQueue":[],"_animationSpeed":1,"_zoom":16.125},{"_mousePosition":[575,303],"_rootPartCFrame":[756.316,234.479,47.04,-0.022,0,1,0,1,0,-1,0,-0.022],"_humanoidState":5,"_cameraCFrame":[762.867,250.713,46.899,-0.021,-0.913,0.406,0,0.406,0.914,-1,0.02,-0.009],"_shiftlockState":false,"_pose":"FreeFall","_animationQueue":[],"_animationSpeed":1,"_zoom":16.125},{"_mousePosition":[575,303],"_rootPartCFrame":[756.049,234.788,47.046,-0.022,0,1,0,1,0,-1,0,-0.022],"_humanoidState":5,"_cameraCFrame":[762.601,251.022,46.905,-0.021,-0.913,0.406,0,0.406,0.914,-1,0.02,-0.009],"_shiftlockState":false,"_pose":"FreeFall","_animationQueue":[],"_animationSpeed":1,"_zoom":16.125},{"_mousePosition":[575,303],"_rootPartCFrame":[755.783,235.042,47.052,-0.022,0,1,0,1,0,-1,0,-0.022],"_humanoidState":5,"_cameraCFrame":[762.334,251.276,46.911,-0.021,-0.913,0.406,0,0.406,0.914,-1,0.02,-0.009],"_shiftlockState":false,"_pose":"FreeFall","_animationQueue":[["fall",0.3]],"_animationSpeed":1,"_zoom":16.125},{"_mousePosition":[575,303],"_rootPartCFrame":[755.516,235.242,47.057,-0.022,0,1,0,1,0,-1,0,-0.022],"_humanoidState":5,"_cameraCFrame":[762.067,251.476,46.917,-0.021,-0.913,0.406,0,0.406,0.914,-1,0.02,-0.009],"_shiftlockState":false,"_pose":"FreeFall","_animationQueue":[],"_animationSpeed":1,"_zoom":16.125},{"_mousePosition":[575,303],"_rootPartCFrame":[755.25,235.387,47.063,-0.022,0,1,0,1,0,-1,0,-0.022],"_humanoidState":5,"_cameraCFrame":[761.801,251.621,46.922,-0.021,-0.913,0.406,0,0.406,0.914,-1,0.02,-0.009],"_shiftlockState":false,"_pose":"FreeFall","_animationQueue":[],"_animationSpeed":1,"_zoom":16.125},{"_mousePosition":[575,303],"_rootPartCFrame":[754.983,235.478,47.069,-0.022,0,1,0,1,0,-1,0,-0.022],"_humanoidState":5,"_cameraCFrame":[761.534,251.712,46.928,-0.021,-0.913,0.406,0,0.406,0.914,-1,0.02,-0.009],"_shiftlockState":false,"_pose":"FreeFall","_animationQueue":[],"_animationSpeed":1,"_zoom":16.125},{"_mousePosition":[575,303],"_rootPartCFrame":[754.716,235.514,47.075,-0.022,0,1,0,1,0,-1,0,-0.022],"_humanoidState":5,"_cameraCFrame":[761.268,251.748,46.934,-0.021,-0.913,0.406,0,0.406,0.914,-1,0.02,-0.009],"_shiftlockState":false,"_pose":"FreeFall","_animationQueue":[],"_animationSpeed":1,"_zoom":16.125},{"_mousePosition":[575,303],"_rootPartCFrame":[754.45,235.496,47.08,-0.022,0,1,0,1,0,-1,0,-0.022],"_humanoidState":5,"_cameraCFrame":[761.03,251.717,46.956,-0.019,-0.913,0.408,0,0.408,0.913,-1,0.017,-0.008],"_shiftlockState":false,"_pose":"FreeFall","_animationQueue":[],"_animationSpeed":1,"_zoom":16.125},{"_mousePosition":[575,303],"_rootPartCFrame":[754.183,235.423,47.086,-0.022,0,1,0,1,0,-1,0,-0.022],"_humanoidState":5,"_cameraCFrame":[760.821,251.618,46.977,-0.016,-0.911,0.412,0,0.412,0.911,-1,0.015,-0.007],"_shiftlockState":false,"_pose":"FreeFall","_animationQueue":[["fall",0.3]],"_animationSpeed":1,"_zoom":16.125},{"_mousePosition":[575,303],"_rootPartCFrame":[753.917,235.296,47.091,-0.021,0,1,0,1,0,-1,0,-0.021],"_humanoidState":5,"_cameraCFrame":[760.612,251.465,46.981,-0.016,-0.91,0.415,0,0.415,0.91,-1,0.015,-0.007],"_shiftlockState":false,"_pose":"FreeFall","_animationQueue":[],"_animationSpeed":1,"_zoom":16.125},{"_mousePosition":[575,303],"_rootPartCFrame":[753.65,235.114,47.096,-0.021,0,1,0,1,0,-1,0,-0.021],"_humanoidState":5,"_cameraCFrame":[760.46,251.231,47.018,-0.011,-0.906,0.422,0,0.422,0.906,-1,0.01,-0.005],"_shiftlockState":false,"_pose":"FreeFall","_animationQueue":[],"_animationSpeed":1,"_zoom":16.125},{"_mousePosition":[575,303],"_rootPartCFrame":[753.383,234.878,47.1,-0.02,0,1,0,1,0,-1,0,-0.02],"_humanoidState":5,"_cameraCFrame":[760.307,250.941,47.039,-0.009,-0.903,0.429,0,0.429,0.903,-1,0.008,-0.004],"_shiftlockState":false,"_pose":"FreeFall","_animationQueue":[],"_animationSpeed":1,"_zoom":16.125},{"_mousePosition":[575,303],"_rootPartCFrame":[753.117,234.587,47.103,-0.019,0,1,0,1,0,-1,0,-0.019],"_humanoidState":5,"_cameraCFrame":[760.182,250.582,47.059,-0.006,-0.899,0.438,0,0.438,0.899,-1,0.006,-0.003],"_shiftlockState":false,"_pose":"FreeFall","_animationQueue":[],"_animationSpeed":1,"_zoom":16.125},{"_mousePosition":[575,303],"_rootPartCFrame":[752.85,234.242,47.106,-0.018,0,1,0,1,0,-1,0,-0.018],"_humanoidState":5,"_cameraCFrame":[760.169,250.111,47.097,-0.001,-0.891,0.454,0,0.454,0.891,-1,0.001,-0.001],"_shiftlockState":false,"_pose":"FreeFall","_animationQueue":[],"_animationSpeed":1,"_zoom":16.125},{"_mousePosition":[575,303],"_rootPartCFrame":[752.583,233.843,47.108,-0.016,0,1,0,1,0,-1,0,-0.016],"_humanoidState":5,"_cameraCFrame":[760.014,249.654,47.136,0.004,-0.888,0.461,0,0.461,0.888,-1,-0.003,0.002],"_shiftlockState":false,"_pose":"FreeFall","_animationQueue":[["fall",0.3]],"_animationSpeed":1,"_zoom":16.125},{"_mousePosition":[575,303],"_rootPartCFrame":[752.317,233.388,47.108,-0.015,0,1,0,1,0,-1,0,-0.015],"_humanoidState":5,"_cameraCFrame":[759.775,249.185,47.155,0.006,-0.887,0.463,0,0.463,0.887,-1,-0.006,0.003],"_shiftlockState":false,"_pose":"FreeFall","_animationQueue":[],"_animationSpeed":1,"_zoom":16.125},{"_mousePosition":[575,303],"_rootPartCFrame":[752.05,232.88,47.107,-0.012,0,1,0,1,0,-1,0,-0.012],"_humanoidState":5,"_cameraCFrame":[759.508,248.676,47.155,0.006,-0.887,0.463,0,0.463,0.887,-1,-0.006,0.003],"_shiftlockState":false,"_pose":"FreeFall","_animationQueue":[],"_animationSpeed":1,"_zoom":16.125},{"_mousePosition":[575,303],"_rootPartCFrame":[751.784,232.316,47.106,-0.01,0,1,0,1,0,-1,0,-0.01],"_humanoidState":5,"_cameraCFrame":[759.242,248.113,47.153,0.006,-0.887,0.463,0,0.463,0.887,-1,-0.006,0.003],"_shiftlockState":false,"_pose":"FreeFall","_animationQueue":[],"_animationSpeed":1,"_zoom":16.125},{"_mousePosition":[575,303],"_rootPartCFrame":[751.517,231.699,47.104,-0.008,0,1,0,1,0,-1,0,-0.008],"_humanoidState":5,"_cameraCFrame":[758.975,247.495,47.151,0.006,-0.887,0.463,0,0.463,0.887,-1,-0.006,0.003],"_shiftlockState":false,"_pose":"FreeFall","_animationQueue":[],"_animationSpeed":1,"_zoom":16.125},{"_mousePosition":[575,303],"_rootPartCFrame":[751.25,231.026,47.102,-0.006,0,1,0,1,0,-1,0,-0.006],"_humanoidState":5,"_cameraCFrame":[758.708,246.823,47.15,0.006,-0.887,0.463,0,0.463,0.887,-1,-0.006,0.003],"_shiftlockState":false,"_pose":"FreeFall","_animationQueue":[],"_animationSpeed":1,"_zoom":16.125},{"_mousePosition":[575,303],"_rootPartCFrame":[750.984,230.3,47.101,-0.004,0,1,0,1,0,-1,0,-0.004],"_humanoidState":5,"_cameraCFrame":[758.442,246.096,47.148,0.006,-0.887,0.463,0,0.463,0.887,-1,-0.006,0.003],"_shiftlockState":false,"_pose":"FreeFall","_animationQueue":[],"_animationSpeed":1,"_zoom":16.125},{"_mousePosition":[575,303],"_rootPartCFrame":[750.742,230.349,47.099,-0.003,0,1,0,1,0,-1,0,-0.003],"_humanoidState":12,"_cameraCFrame":[758.2,246.146,47.146,0.006,-0.887,0.463,0,0.463,0.887,-1,-0.006,0.003],"_shiftlockState":false,"_pose":"Climbing","_animationQueue":[["fall",0.3],["walk",0.1],["fall",0.3],["climb",0.1],["climb",0]],"_animationSpeed":-3.736,"_zoom":16.125},{"_mousePosition":[575,303],"_rootPartCFrame":[750.54,230.533,47.098,-0.003,0,1,0,1,0,-1,0,-0.003],"_humanoidState":12,"_cameraCFrame":[757.998,246.33,47.145,0.006,-0.887,0.463,0,0.463,0.887,-1,-0.006,0.003],"_shiftlockState":false,"_pose":"Climbing","_animationQueue":[["climb",0.1]],"_animationSpeed":0.841,"_zoom":16.125},{"_mousePosition":[575,303],"_rootPartCFrame":[750.561,230.691,47.097,-0.003,0,1,0,1,0,-1,0,-0.003],"_humanoidState":12,"_cameraCFrame":[758.019,246.487,47.144,0.006,-0.887,0.463,0,0.463,0.887,-1,-0.006,0.003],"_shiftlockState":false,"_pose":"Climbing","_animationQueue":[["climb",0.1]],"_animationSpeed":0.932,"_zoom":16.125},{"_mousePosition":[575,303],"_rootPartCFrame":[750.605,230.876,47.096,-0.003,0,1,0,1,0,-1,0,-0.003],"_humanoidState":12,"_cameraCFrame":[758.063,246.672,47.143,0.006,-0.887,0.463,0,0.463,0.887,-1,-0.006,0.003],"_shiftlockState":false,"_pose":"Climbing","_animationQueue":[["climb",0.1]],"_animationSpeed":0.879,"_zoom":16.125},{"_mousePosition":[575,303],"_rootPartCFrame":[750.613,231.062,47.096,-0.003,0,1,0,1,0,-1,0,-0.003],"_humanoidState":12,"_cameraCFrame":[758.071,246.859,47.143,0.006,-0.887,0.463,0,0.463,0.887,-1,-0.006,0.003],"_shiftlockState":false,"_pose":"Climbing","_animationQueue":[["climb",0.1],["climb",0]],"_animationSpeed":0.932,"_zoom":16.125},{"_mousePosition":[575,303],"_rootPartCFrame":[750.613,231.249,47.096,-0.003,0,1,0,1,0,-1,0,-0.003],"_humanoidState":12,"_cameraCFrame":[758.071,247.045,47.162,0.009,-0.887,0.463,0,0.463,0.887,-1,-0.008,0.004],"_shiftlockState":false,"_pose":"Climbing","_animationQueue":[],"_animationSpeed":0.932,"_zoom":16.125},{"_mousePosition":[575,303],"_rootPartCFrame":[750.613,231.436,47.096,-0.003,0,1,0,1,0,-1,0,-0.003],"_humanoidState":12,"_cameraCFrame":[758.071,247.232,47.162,0.009,-0.887,0.463,0,0.463,0.887,-1,-0.008,0.004],"_shiftlockState":false,"_pose":"Climbing","_animationQueue":[],"_animationSpeed":0.932,"_zoom":16.125},{"_mousePosition":[575,303],"_rootPartCFrame":[750.613,231.622,47.096,-0.003,0,1,0,1,0,-1,0,-0.003],"_humanoidState":12,"_cameraCFrame":[758.155,247.375,47.087,-0.001,-0.884,0.468,0,0.468,0.884,-1,0.001,-0.001],"_shiftlockState":false,"_pose":"Climbing","_animationQueue":[],"_animationSpeed":0.932,"_zoom":16.125},{"_mousePosition":[575,303],"_rootPartCFrame":[750.613,231.809,47.096,-0.003,0,1,0,1,0,-1,0,-0.003],"_humanoidState":12,"_cameraCFrame":[758.315,247.472,46.794,-0.039,-0.878,0.478,0,0.478,0.878,-0.999,0.034,-0.019],"_shiftlockState":false,"_pose":"Climbing","_animationQueue":[],"_animationSpeed":0.932,"_zoom":16.125},{"_mousePosition":[575,303],"_rootPartCFrame":[750.613,231.995,47.096,-0.003,0,1,0,1,0,-1,0,-0.003],"_humanoidState":12,"_cameraCFrame":[758.601,247.475,46.213,-0.11,-0.862,0.495,0,0.498,0.867,-0.994,0.095,-0.055],"_shiftlockState":false,"_pose":"Climbing","_animationQueue":[],"_animationSpeed":0.932,"_zoom":16.125},{"_mousePosition":[575,303],"_rootPartCFrame":[750.613,232.182,47.096,-0.003,0,1,0,1,0,-1,0,-0.003],"_humanoidState":12,"_cameraCFrame":[758.889,247.404,45.299,-0.212,-0.832,0.513,0,0.525,0.851,-0.977,0.181,-0.111],"_shiftlockState":false,"_pose":"Climbing","_animationQueue":[],"_animationSpeed":0.932,"_zoom":16.125},{"_mousePosition":[575,303],"_rootPartCFrame":[750.613,232.369,47.096,-0.003,0,1,0,1,0,-1,0,-0.003],"_humanoidState":12,"_cameraCFrame":[758.985,247.338,44.179,-0.329,-0.789,0.519,0,0.55,0.835,-0.944,0.275,-0.181],"_shiftlockState":false,"_pose":"Climbing","_animationQueue":[],"_animationSpeed":0.932,"_zoom":16.125},{"_mousePosition":[575,303],"_rootPartCFrame":[750.613,232.555,47.096,-0.003,0,1,0,1,0,-1,0,-0.003],"_humanoidState":12,"_cameraCFrame":[758.871,247.223,42.802,-0.461,-0.724,0.512,0,0.577,0.817,-0.887,0.377,-0.266],"_shiftlockState":false,"_pose":"Climbing","_animationQueue":[],"_animationSpeed":0.932,"_zoom":16.125},{"_mousePosition":[575,303],"_rootPartCFrame":[750.613,232.789,47.096,-0.003,0,1,0,1,0,-1,0,-0.003],"_humanoidState":12,"_cameraCFrame":[758.529,247.103,41.338,-0.588,-0.643,0.491,0,0.607,0.795,-0.809,0.467,-0.357],"_shiftlockState":false,"_pose":"Climbing","_animationQueue":[],"_animationSpeed":0.932,"_zoom":16.125},{"_mousePosition":[575,303],"_rootPartCFrame":[750.613,232.929,47.096,-0.003,0,1,0,1,0,-1,0,-0.003],"_humanoidState":12,"_cameraCFrame":[758.02,246.751,39.795,-0.702,-0.544,0.459,0,0.645,0.764,-0.712,0.536,-0.453],"_shiftlockState":false,"_pose":"Climbing","_animationQueue":[],"_animationSpeed":0.932,"_zoom":16.125},{"_mousePosition":[575,303],"_rootPartCFrame":[750.613,233.115,47.096,-0.003,0,1,0,1,0,-1,0,-0.003],"_humanoidState":12,"_cameraCFrame":[756.952,246.112,37.734,-0.828,-0.4,0.393,0,0.701,0.713,-0.561,0.59,-0.581],"_shiftlockState":false,"_pose":"Climbing","_animationQueue":[],"_animationSpeed":0.932,"_zoom":16.125},{"_mousePosition":[575,303],"_rootPartCFrame":[750.613,233.302,47.096,-0.003,0,1,0,1,0,-1,0,-0.003],"_humanoidState":12,"_cameraCFrame":[756.103,245.665,36.52,-0.888,-0.31,0.34,0,0.739,0.674,-0.461,0.598,-0.656],"_shiftlockState":false,"_pose":"Climbing","_animationQueue":[],"_animationSpeed":0.932,"_zoom":16.125},{"_mousePosition":[575,303],"_rootPartCFrame":[750.613,233.489,47.096,-0.003,0,1,0,1,0,-1,0,-0.003],"_humanoidState":12,"_cameraCFrame":[755.27,245.21,35.527,-0.928,-0.237,0.289,0,0.773,0.634,-0.373,0.588,-0.717],"_shiftlockState":false,"_pose":"Climbing","_animationQueue":[],"_animationSpeed":0.932,"_zoom":16.125},{"_mousePosition":[575,303],"_rootPartCFrame":[750.613,233.675,47.096,-0.003,0,1,0,1,0,-1,0,-0.003],"_humanoidState":12,"_cameraCFrame":[754.471,244.878,34.808,-0.954,-0.18,0.239,0,0.799,0.602,-0.3,0.574,-0.762],"_shiftlockState":false,"_pose":"Climbing","_animationQueue":[],"_animationSpeed":0.932,"_zoom":16.125},{"_mousePosition":[575,303],"_rootPartCFrame":[750.613,233.862,47.096,-0.003,0,1,0,1,0,-1,0,-0.003],"_humanoidState":12,"_cameraCFrame":[753.798,244.607,34.274,-0.971,-0.138,0.197,0,0.819,0.573,-0.241,0.556,-0.795],"_shiftlockState":false,"_pose":"Climbing","_animationQueue":[],"_animationSpeed":0.932,"_zoom":16.125},{"_mousePosition":[575,303],"_rootPartCFrame":[750.613,234.049,47.096,-0.003,0,1,0,1,0,-1,0,-0.003],"_humanoidState":12,"_cameraCFrame":[753.229,244.404,33.876,-0.981,-0.107,0.162,0,0.836,0.549,-0.194,0.539,-0.82],"_shiftlockState":false,"_pose":"Climbing","_animationQueue":[],"_animationSpeed":0.932,"_zoom":16.125},{"_mousePosition":[575,303],"_rootPartCFrame":[750.613,234.235,47.096,-0.003,0,1,0,1,0,-1,0,-0.003],"_humanoidState":12,"_cameraCFrame":[752.757,244.273,33.586,-0.988,-0.083,0.133,0,0.848,0.529,-0.157,0.523,-0.838],"_shiftlockState":false,"_pose":"Climbing","_animationQueue":[],"_animationSpeed":0.932,"_zoom":16.125},{"_mousePosition":[575,303],"_rootPartCFrame":[750.613,234.422,47.096,-0.003,0,1,0,1,0,-1,0,-0.003],"_humanoidState":12,"_cameraCFrame":[752.4,244.218,33.385,-0.992,-0.066,0.111,0,0.857,0.515,-0.129,0.51,-0.85],"_shiftlockState":false,"_pose":"Climbing","_animationQueue":[],"_animationSpeed":0.932,"_zoom":16.125},{"_mousePosition":[575,303],"_rootPartCFrame":[750.613,234.608,47.096,-0.003,0,1,0,1,0,-1,0,-0.003],"_humanoidState":12,"_cameraCFrame":[752.097,244.243,33.252,-0.994,-0.054,0.092,0,0.863,0.504,-0.107,0.502,-0.859],"_shiftlockState":false,"_pose":"Climbing","_animationQueue":[],"_animationSpeed":0.932,"_zoom":16.125},{"_mousePosition":[575,303],"_rootPartCFrame":[750.613,234.795,47.096,-0.003,0,1,0,1,0,-1,0,-0.003],"_humanoidState":12,"_cameraCFrame":[751.859,244.293,33.15,-0.996,-0.044,0.077,0,0.868,0.496,-0.089,0.494,-0.865],"_shiftlockState":false,"_pose":"Climbing","_animationQueue":[],"_animationSpeed":0.932,"_zoom":16.125},{"_mousePosition":[575,303],"_rootPartCFrame":[750.613,234.982,47.096,-0.003,0,1,0,1,0,-1,0,-0.003],"_humanoidState":12,"_cameraCFrame":[751.722,244.371,33.076,-0.997,-0.039,0.069,0,0.872,0.489,-0.079,0.488,-0.869],"_shiftlockState":false,"_pose":"Climbing","_animationQueue":[],"_animationSpeed":0.932,"_zoom":16.125},{"_mousePosition":[575,303],"_rootPartCFrame":[750.613,235.168,47.096,-0.003,0,1,0,1,0,-1,0,-0.003],"_humanoidState":12,"_cameraCFrame":[751.618,244.502,33.038,-0.997,-0.035,0.062,0,0.874,0.486,-0.071,0.485,-0.872],"_shiftlockState":false,"_pose":"Climbing","_animationQueue":[],"_animationSpeed":0.932,"_zoom":16.125},{"_mousePosition":[575,303],"_rootPartCFrame":[750.613,235.355,47.096,-0.003,0,1,0,1,0,-1,0,-0.003],"_humanoidState":12,"_cameraCFrame":[751.479,244.579,32.968,-0.998,-0.029,0.054,0,0.878,0.479,-0.061,0.478,-0.876],"_shiftlockState":false,"_pose":"Climbing","_animationQueue":[],"_animationSpeed":0.932,"_zoom":16.125},{"_mousePosition":[575,303],"_rootPartCFrame":[750.613,235.542,47.096,-0.003,0,1,0,1,0,-1,0,-0.003],"_humanoidState":12,"_cameraCFrame":[751.374,244.71,32.932,-0.999,-0.025,0.047,0,0.88,0.476,-0.054,0.475,-0.878],"_shiftlockState":false,"_pose":"Climbing","_animationQueue":[],"_animationSpeed":0.932,"_zoom":16.125},{"_mousePosition":[575,303],"_rootPartCFrame":[750.613,235.728,47.096,-0.003,0,1,0,1,0,-1,0,-0.003],"_humanoidState":12,"_cameraCFrame":[751.233,244.786,32.865,-0.999,-0.02,0.038,0,0.883,0.469,-0.044,0.468,-0.883],"_shiftlockState":false,"_pose":"Climbing","_animationQueue":[],"_animationSpeed":0.932,"_zoom":16.125},{"_mousePosition":[575,303],"_rootPartCFrame":[750.613,235.915,47.096,-0.003,0,1,0,1,0,-1,0,-0.003],"_humanoidState":12,"_cameraCFrame":[751.091,244.862,32.801,-0.999,-0.015,0.03,0,0.887,0.462,-0.033,0.462,-0.886],"_shiftlockState":false,"_pose":"Climbing","_animationQueue":[],"_animationSpeed":0.932,"_zoom":16.125},{"_mousePosition":[575,303],"_rootPartCFrame":[750.613,236.102,47.096,-0.003,0,1,0,1,0,-1,0,-0.003],"_humanoidState":12,"_cameraCFrame":[750.983,244.965,32.755,-1,-0.012,0.023,0,0.89,0.457,-0.026,0.456,-0.889],"_shiftlockState":false,"_pose":"Climbing","_animationQueue":[],"_animationSpeed":0.932,"_zoom":16.125},{"_mousePosition":[575,303],"_rootPartCFrame":[750.613,236.288,47.096,-0.003,0,1,0,1,0,-1,0,-0.003],"_humanoidState":12,"_cameraCFrame":[750.911,245.095,32.725,-1,-0.009,0.018,0,0.891,0.453,-0.021,0.453,-0.891],"_shiftlockState":false,"_pose":"Climbing","_animatio