[{"_mousePosition":[728,436],"_rootPartCFrame":[776.024,222.7,47.142,0.002,0,1,0,1,0,-1,0,0.002],"_humanoidState":8,"_cameraCFrame":[786.419,236.509,47.812,0.064,-0.762,0.645,0,0.646,0.763,-0.998,-0.049,0.042],"_shiftlockState":false,"_pose":"Standing","_animationQueue":[],"_animationSpeed":1,"_zoom":16.125},{"_mousePosition":[728,436],"_rootPartCFrame":[775.721,222.695,47.122,0.012,0,1,0,1,0,-1,0,0.012],"_humanoidState":8,"_cameraCFrame":[785.946,236.646,47.807,0.067,-0.77,0.634,0,0.635,0.772,-0.998,-0.052,0.042],"_shiftlockState":false,"_pose":"Standing","_animationQueue":[],"_animationSpeed":1,"_zoom":16.125},{"_mousePosition":[728,436],"_rootPartCFrame":[775.588,222.696,47.114,0.016,0,1,0,1,0,-1,0,0.016],"_humanoidState":8,"_cameraCFrame":[785.465,236.921,47.851,0.074,-0.787,0.612,0,0.614,0.789,-0.997,-0.059,0.046],"_shiftlockState":false,"_pose":"Running","_animationQueue":[["walk",0.1]],"_animationSpeed":1.089,"_zoom":16.125},{"_mousePosition":[728,436],"_rootPartCFrame":[775.189,222.698,47.087,0.026,0,1,0,1,0,-1,0,0.026],"_humanoidState":8,"_cameraCFrame":[784.788,237.133,47.852,0.079,-0.8,0.595,0,0.597,0.802,-0.997,-0.064,0.047],"_shiftlockState":false,"_pose":"Running","_animationQueue":[],"_animationSpeed":1.089,"_zoom":16.125},{"_mousePosition":[728,436],"_rootPartCFrame":[774.923,222.699,47.068,0.033,0,0.999,0,1,0,-0.999,0,0.033],"_humanoidState":8,"_cameraCFrame":[784.163,237.391,47.851,0.084,-0.815,0.573,0,0.575,0.818,-0.996,-0.069,0.049],"_shiftlockState":false,"_pose":"Running","_animationQueue":[["walk",0.1]],"_animationSpeed":1.089,"_zoom":16.125},{"_mousePosition":[728,436],"_rootPartCFrame":[774.79,222.699,47.057,0.036,0,0.999,0,1,0,-0.999,0,0.036],"_humanoidState":8,"_cameraCFrame":[783.61,237.674,47.872,0.092,-0.832,0.547,0,0.549,0.836,-0.996,-0.077,0.051],"_shiftlockState":false,"_pose":"Running","_animationQueue":[],"_animationSpeed":1.089,"_zoom":16.125},{"_mousePosition":[728,436],"_rootPartCFrame":[774.525,222.699,47.035,0.042,0,0.999,0,1,0,-0.999,0,0.042],"_humanoidState":8,"_cameraCFrame":[782.915,237.944,47.875,0.1,-0.848,0.52,0,0.523,0.852,-0.995,-0.085,0.052],"_shiftlockState":false,"_pose":"Running","_animationQueue":[],"_animationSpeed":1.089,"_zoom":16.125},{"_mousePosition":[728,436],"_rootPartCFrame":[774.126,222.7,46.998,0.052,0,0.999,0,1,0,-0.999,0,0.052],"_humanoidState":8,"_cameraCFrame":[782.137,238.169,47.841,0.105,-0.862,0.497,0,0.499,0.866,-0.995,-0.091,0.052],"_shiftlockState":false,"_pose":"Running","_animationQueue":[],"_animationSpeed":1.089,"_zoom":16.125},{"_mousePosition":[728,436],"_rootPartCFrame":[773.994,222.7,46.985,0.055,0,0.998,0,1,0,-0.998,0,0.055],"_humanoidState":8,"_cameraCFrame":[781.671,238.353,47.852,0.112,-0.872,0.476,0,0.479,0.878,-0.994,-0.098,0.054],"_shiftlockState":false,"_pose":"Running","_animationQueue":[],"_animationSpeed":1.089,"_zoom":16.125},{"_mousePosition":[728,436],"_rootPartCFrame":[773.728,222.7,46.957,0.062,0,0.998,0,1,0,-0.998,0,0.062],"_humanoidState":8,"_cameraCFrame":[781.07,238.53,47.824,0.117,-0.883,0.455,0,0.458,0.889,-0.993,-0.104,0.054],"_shiftlockState":false,"_pose":"Running","_animationQueue":[],"_animationSpeed":1.089,"_zoom":16.125},{"_mousePosition":[728,436],"_rootPartCFrame":[773.331,222.7,46.912,0.072,0,0.997,0,1,0,-0.997,0,0.072],"_humanoidState":8,"_cameraCFrame":[780.361,238.685,47.778,0.122,-0.892,0.436,0,0.439,0.898,-0.993,-0.11,0.054],"_shiftlockState":false,"_pose":"Running","_animationQueue":[],"_animationSpeed":1.089,"_zoom":16.125},{"_mousePosition":[728,436],"_rootPartCFrame":[773.198,222.7,46.897,0.075,0,0.997,0,1,0,-0.997,0,0.075],"_humanoidState":8,"_cameraCFrame":[779.974,238.807,47.749,0.125,-0.899,0.42,0,0.423,0.906,-0.992,-0.113,0.053],"_shiftlockState":false,"_pose":"Running","_animationQueue":[["walk",0.1]],"_animationSpeed":1.089,"_zoom":16.125},{"_mousePosition":[728,436],"_rootPartCFrame":[772.802,222.7,46.848,0.084,0,0.996,0,1,0,-0.996,0,0.084],"_humanoidState":8,"_cameraCFrame":[779.348,238.912,47.688,0.127,-0.905,0.406,0,0.409,0.912,-0.992,-0.116,0.052],"_shiftlockState":false,"_pose":"Running","_animationQueue":[],"_animationSpeed":1.089,"_zoom":16.125},{"_mousePosition":[728,436],"_rootPartCFrame":[772.669,222.7,46.832,0.087,0,0.996,0,1,0,-0.996,0,0.087],"_humanoidState":8,"_cameraCFrame":[778.985,239.013,47.658,0.13,-0.911,0.392,0,0.395,0.919,-0.992,-0.119,0.051],"_shiftlockState":false,"_pose":"Running","_animationQueue":[],"_animationSpeed":1.089,"_zoom":16.125},{"_mousePosition":[728,436],"_rootPartCFrame":[772.405,222.7,46.798,0.093,0,0.996,0,1,0,-0.996,0,0.093],"_humanoidState":8,"_cameraCFrame":[778.489,239.111,47.61,0.132,-0.917,0.377,0,0.381,0.925,-0.991,-0.122,0.05],"_shiftlockState":false,"_pose":"Running","_animationQueue":[],"_animationSpeed":1.089,"_zoom":16.125},{"_mousePosition":[728,436],"_rootPartCFrame":[772.14,222.7,46.763,0.098,0,0.995,0,1,0,-0.995,0,0.098],"_humanoidState":8,"_cameraCFrame":[777.933,239.227,47.551,0.135,-0.923,0.359,0,0.363,0.932,-0.991,-0.126,0.049],"_shiftlockState":false,"_pose":"Running","_animationQueue":[],"_animationSpeed":1.089,"_zoom":16.125},{"_mousePosition":[728,436],"_rootPartCFrame":[771.876,222.7,46.728,0.102,0,0.995,0,1,0,-0.995,0,0.102],"_humanoidState":8,"_cameraCFrame":[777.463,239.306,47.502,0.137,-0.928,0.347,0,0.35,0.937,-0.991,-0.129,0.048],"_shiftlockState":false,"_pose":"Running","_animationQueue":[],"_animationSpeed":1.089,"_zoom":16.125},{"_mousePosition":[728,436],"_rootPartCFrame":[771.612,222.7,46.692,0.107,0,0.994,0,1,0,-0.994,0,0.107],"_humanoidState":8,"_cameraCFrame":[777.024,239.371,47.442,0.137,-0.932,0.336,0,0.339,0.941,-0.991,-0.129,0.047],"_shiftlockState":false,"_pose":"Running","_animationQueue":[],"_animationSpeed":1.089,"_zoom":16.125},{"_mousePosition":[728,436],"_rootPartCFrame":[771.348,222.7,46.655,0.111,0,0.994,0,1,0,-0.994,0,0.111],"_humanoidState":8,"_cameraCFrame":[776.554,239.444,47.377,0.137,-0.936,0.323,0,0.326,0.945,-0.991,-0.13,0.045],"_shiftlockState":false,"_pose":"Running","_animationQueue":[["walk",0.1]],"_animationSpeed":1.089,"_zoom":16.125},{"_mousePosition":[728,436],"_rootPartCFrame":[771.083,222.7,46.619,0.114,0,0.993,0,1,0,-0.993,0,0.114],"_humanoidState":8,"_cameraCFrame":[776.084,239.514,47.312,0.137,-0.941,0.31,0,0.313,0.95,-0.991,-0.13,0.043],"_shiftlockState":false,"_pose":"Running","_animationQueue":[],"_animationSpeed":1.089,"_zoom":16.125},{"_mousePosition":[728,436],"_rootPartCFrame":[770.687,222.7,46.564,0.119,0,0.993,0,1,0,-0.993,0,0.119],"_humanoidState":8,"_cameraCFrame":[775.51,239.572,47.232,0.137,-0.944,0.299,0,0.302,0.953,-0.991,-0.131,0.041],"_shiftlockState":false,"_pose":"Running","_animationQueue":[],"_animationSpeed":1.089,"_zoom":16.125},{"_mousePosition":[728,436],"_rootPartCFrame":[770.555,222.7,46.546,0.12,0,0.993,0,1,0,-0.993,0,0.12],"_humanoidState":8,"_cameraCFrame":[775.229,239.619,47.193,0.137,-0.947,0.29,0,0.293,0.956,-0.991,-0.131,0.04],"_shiftlockState":false,"_pose":"Running","_animationQueue":[],"_animationSpeed":1.089,"_zoom":16.125},{"_mousePosition":[728,436],"_rootPartCFrame":[770.291,222.7,46.509,0.123,0,0.992,0,1,0,-0.992,0,0.123],"_humanoidState":8,"_cameraCFrame":[774.788,239.673,47.121,0.135,-0.951,0.279,0,0.281,0.96,-0.991,-0.129,0.038],"_shiftlockState":false,"_pose":"Running","_animationQueue":[],"_animationSpeed":1.089,"_zoom":16.125},{"_mousePosition":[728,436],"_rootPartCFrame":[770.027,222.666,46.472,0.125,0,0.992,0,1,0,-0.992,0,0.125],"_humanoidState":8,"_cameraCFrame":[774.347,239.691,47.038,0.13,-0.955,0.268,0,0.27,0.963,-0.992,-0.125,0.035],"_shiftlockState":false,"_pose":"Running","_animationQueue":[],"_animationSpeed":1.089,"_zoom":16.125},{"_mousePosition":[728,436],"_rootPartCFrame":[769.763,222.577,46.436,0.127,0,0.992,0,1,0,-0.992,0,0.127],"_humanoidState":8,"_cameraCFrame":[773.877,239.66,46.932,0.12,-0.959,0.255,0,0.257,0.966,-0.993,-0.116,0.031],"_shiftlockState":false,"_pose":"Running","_animationQueue":[],"_animationSpeed":1.089,"_zoom":16.125},{"_mousePosition":[728,436],"_rootPartCFrame":[769.432,223.647,46.39,0.13,0,0.992,0,1,0,-0.992,0,0.13],"_humanoidState":3,"_cameraCFrame":[773.488,240.746,46.869,0.117,-0.961,0.252,0,0.253,0.967,-0.993,-0.113,0.03],"_shiftlockState":false,"_pose":"Jumping","_animationQueue":[["walk",0.1],["walk",0.1],["jump",0.1]],"_animationSpeed":1,"_zoom":16.125},{"_mousePosition":[728,436],"_rootPartCFrame":[769.234,224.248,46.365,0.13,0,0.992,0,1,0,-0.992,0,0.13],"_humanoidState":5,"_cameraCFrame":[773.23,241.363,46.827,0.115,-0.962,0.248,0,0.249,0.968,-0.993,-0.111,0.029],"_shiftlockState":false,"_pose":"FreeFall","_animationQueue":[["jump",0.1]],"_animationSpeed":1,"_zoom":16.125},{"_mousePosition":[728,436],"_rootPartCFrame":[768.969,225.002,46.334,0.129,0,0.992,0,1,0,-0.992,0,0.129],"_humanoidState":5,"_cameraCFrame":[772.907,242.133,46.769,0.11,-0.963,0.244,0,0.246,0.969,-0.994,-0.106,0.027],"_shiftlockState":false,"_pose":"FreeFall","_animationQueue":[],"_animationSpeed":1,"_zoom":16.125},{"_mousePosition":[728,436],"_rootPartCFrame":[768.638,225.868,46.296,0.126,0,0.992,0,1,0,-0.992,0,0.126],"_humanoidState":5,"_cameraCFrame":[772.548,243.006,46.707,0.105,-0.964,0.242,0,0.244,0.97,-0.995,-0.101,0.026],"_shiftlockState":false,"_pose":"FreeFall","_animationQueue":[],"_animationSpeed":1,"_zoom":16.125},{"_mousePosition":[728,436],"_rootPartCFrame":[768.439,226.347,46.274,0.125,0,0.992,0,1,0,-0.992,0,0.125],"_humanoidState":5,"_cameraCFrame":[772.291,243.5,46.659,0.1,-0.966,0.239,0,0.24,0.971,-0.995,-0.097,0.024],"_shiftlockState":false,"_pose":"FreeFall","_animationQueue":[],"_animationSpeed":1,"_zoom":16.125},{"_mousePosition":[728,436],"_rootPartCFrame":[768.174,226.937,46.246,0.122,0,0.992,0,1,0,-0.992,0,0.122],"_humanoidState":5,"_cameraCFrame":[771.968,244.105,46.596,0.092,-0.968,0.235,0,0.236,0.972,-0.996,-0.089,0.022],"_shiftlockState":false,"_pose":"FreeFall","_animationQueue":[],"_animationSpeed":1,"_zoom":16.125},{"_mousePosition":[728,436],"_rootPartCFrame":[767.842,227.598,46.212,0.119,0,0.993,0,1,0,-0.993,0,0.119],"_humanoidState":5,"_cameraCFrame":[771.577,244.781,46.529,0.084,-0.969,0.232,0,0.232,0.973,-0.996,-0.082,0.02],"_shiftlockState":false,"_pose":"FreeFall","_animationQueue":[],"_animationSpeed":1,"_zoom":16.125},{"_mousePosition":[728,436],"_rootPartCFrame":[767.643,227.954,46.193,0.116,0,0.993,0,1,0,-0.993,0,0.116],"_humanoidState":5,"_cameraCFrame":[771.32,245.152,46.477,0.077,-0.971,0.228,0,0.229,0.974,-0.997,-0.075,0.018],"_shiftlockState":false,"_pose":"FreeFall","_animationQueue":[],"_animationSpeed":1,"_zoom":16.125},{"_mousePosition":[728,436],"_rootPartCFrame":[767.378,228.381,46.171,0.112,0,0.994,0,1,0,-0.994,0,0.112],"_humanoidState":5,"_cameraCFrame":[770.995,245.593,46.422,0.069,-0.972,0.224,0,0.225,0.974,-0.998,-0.068,0.016],"_shiftlockState":false,"_pose":"FreeFall","_animationQueue":[],"_animationSpeed":1,"_zoom":16.125},{"_mousePosition":[728,436],"_rootPartCFrame":[767.045,228.838,46.145,0.106,0,0.994,0,1,0,-0.994,0,0.106],"_humanoidState":5,"_cameraCFrame":[770.603,246.064,46.374,0.064,-0.973,0.221,0,0.221,0.975,-0.998,-0.063,0.014],"_shiftlockState":false,"_pose":"FreeFall","_animationQueue":[],"_animationSpeed":1,"_zoom":16.125},{"_mousePosition":[728,436],"_rootPartCFrame":[766.779,229.142,46.126,0.102,0,0.995,0,1,0,-0.995,0,0.102],"_humanoidState":5,"_cameraCFrame":[770.307,246.375,46.344,0.062,-0.974,0.219,0,0.219,0.976,-0.998,-0.06,0.014],"_shiftlockState":false,"_pose":"FreeFall","_animationQueue":[],"_animationSpeed":1,"_zoom":16.125},{"_mousePosition":[728,436],"_rootPartCFrame":[766.58,229.335,46.113,0.098,0,0.995,0,1,0,-0.995,0,0.098],"_humanoidState":5,"_cameraCFrame":[770.107,246.568,46.331,0.062,-0.974,0.219,0,0.219,0.976,-0.998,-0.06,0.014],"_shiftlockState":false,"_pose":"FreeFall","_animationQueue":[],"_animationSpeed":1,"_zoom":16.125},{"_mousePosition":[728,436],"_rootPartCFrame":[766.313,229.544,46.096,0.093,0,0.996,0,1,0,-0.996,0,0.093],"_humanoidState":5,"_cameraCFrame":[769.811,246.783,46.304,0.059,-0.974,0.217,0,0.217,0.976,-0.998,-0.058,0.013],"_shiftlockState":false,"_pose":"FreeFall","_animationQueue":[],"_animationSpeed":1,"_zoom":16.125},{"_mousePosition":[728,436],"_rootPartCFrame":[766.047,229.698,46.08,0.089,0,0.996,0,1,0,-0.996,0,0.089],"_humanoidState":5,"_cameraCFrame":[769.545,246.938,46.287,0.059,-0.974,0.217,0,0.217,0.976,-0.998,-0.058,0.013],"_shiftlockState":false,"_pose":"FreeFall","_animationQueue":[],"_animationSpeed":1,"_zoom":16.125},{"_mousePosition":[728,436],"_rootPartCFrame":[765.781,229.798,46.064,0.085,0,0.996,0,1,0,-0.996,0,0.085],"_humanoidState":5,"_cameraCFrame":[769.279,247.038,46.263,0.057,-0.975,0.217,0,0.217,0.976,-0.998,-0.055,0.012],"_shiftlockState":false,"_pose":"FreeFall","_animationQueue":[],"_animationSpeed":1,"_zoom":16.125},{"_mousePosition":[728,436],"_rootPartCFrame":[765.449,229.846,46.044,0.08,0,0.997,0,1,0,-0.997,0,0.08],"_humanoidState":5,"_cameraCFrame":[768.916,247.093,46.232,0.054,-0.975,0.215,0,0.215,0.977,-0.999,-0.053,0.012],"_shiftlockState":false,"_pose":"FreeFall","_animationQueue":[],"_animationSpeed":1,"_zoom":16.125},{"_mousePosition":[728,436],"_rootPartCFrame":[765.249,229.834,46.033,0.078,0,0.997,0,1,0,-0.997,0,0.078],"_humanoidState":5,"_cameraCFrame":[768.717,247.081,46.212,0.052,-0.975,0.215,0,0.215,0.977,-0.999,-0.05,0.011],"_shiftlockState":false,"_pose":"FreeFall","_animationQueue":[],"_animationSpeed":1,"_zoom":16.125},{"_mousePosition":[728,436],"_rootPartCFrame":[764.983,229.771,46.018,0.075,0,0.997,0,1,0,-0.997,0,0.075],"_humanoidState":5,"_cameraCFrame":[768.421,247.024,46.179,0.047,-0.976,0.213,0,0.213,0.977,-0.999,-0.046,0.01],"_shiftlockState":false,"_pose":"FreeFall","_animationQueue":[],"_animationSpeed":1,"_zoom":16.125},{"_mousePosition":[728,436],"_rootPartCFrame":[764.65,229.615,46.001,0.071,0,0.997,0,1,0,-0.997,0,0.071],"_humanoidState":5,"_cameraCFrame":[768.089,246.868,46.144,0.042,-0.976,0.213,0,0.213,0.977,-0.999,-0.041,0.009],"_shiftlockState":false,"_pose":"FreeFall","_animationQueue":[],"_animationSpeed":1,"_zoom":16.125},{"_mousePosition":[728,436],"_rootPartCFrame":[764.45,229.48,45.991,0.068,0,0.998,0,1,0,-0.998,0,0.068],"_humanoidState":5,"_cameraCFrame":[767.829,246.747,46.098,0.031,-0.977,0.21,0,0.21,0.978,-1,-0.031,0.007],"_shiftlockState":false,"_pose":"FreeFall","_animationQueue":[],"_animationSpeed":1,"_zoom":16.125},{"_mousePosition":[728,436],"_rootPartCFrame":[764.117,229.188,45.977,0.064,0,0.998,0,1,0,-0.998,0,0.064],"_humanoidState":5,"_cameraCFrame":[767.466,246.461,46.049,0.021,-0.978,0.208,0,0.208,0.978,-1,-0.021,0.004],"_shiftlockState":false,"_pose":"FreeFall","_animationQueue":[["fall",0.3]],"_animationSpeed":1,"_zoom":16.125},{"_mousePosition":[728,436],"_rootPartCFrame":[763.917,228.971,45.971,0.061,0,0.998,0,1,0,-0.998,0,0.061],"_humanoidState":5,"_cameraCFrame":[767.236,246.251,46.016,0.014,-0.978,0.206,0,0.206,0.979,-1,-0.013,0.003],"_shiftlockState":false,"_pose":"FreeFall","_animationQueue":[],"_animationSpeed":1,"_zoom":16.125},{"_mousePosition":[728,436],"_rootPartCFrame":[763.65,228.635,45.964,0.056,0,0.998,0,1,0,-0.998,0,0.056],"_humanoidState":5,"_cameraCFrame":[766.97,245.915,45.993,0.009,-0.979,0.206,0,0.206,0.979,-1,-0.008,0.002],"_shiftlockState":false,"_pose":"FreeFall","_animationQueue":[],"_animationSpeed":1,"_zoom":16.125},{"_mousePosition":[728,436],"_rootPartCFrame":[763.384,228.245,45.961,0.051,0,0.999,0,1,0,-0.999,0,0.051],"_humanoidState":5,"_cameraCFrame":[766.672,245.531,45.989,0.009,-0.979,0.204,0,0.204,0.979,-1,-0.008,0.002],"_shiftlockState":false,"_pose":"FreeFall","_animationQueue":[],"_animationSpeed":1,"_zoom":16.125},{"_mousePosition":[728,436],"_rootPartCFrame":[763.117,227.799,45.958,0.045,0,0.999,0,1,0,-0.999,0,0.045],"_humanoidState":5,"_cameraCFrame":[766.406,245.086,45.986,0.009,-0.979,0.204,0,0.204,0.979,-1,-0.008,0.002],"_shiftlockState":false,"_pose":"FreeFall","_animationQueue":[],"_animationSpeed":1,"_zoom":16.125},{"_mousePosition":[728,436],"_rootPartCFrame":[762.851,227.3,45.956,0.04,0,0.999,0,1,0,-0.999,0,0.04],"_humanoidState":5,"_cameraCFrame":[766.139,244.586,45.984,0.009,-0.979,0.204,0,0.204,0.979,-1,-0.008,0.002],"_shiftlockState":false,"_pose":"FreeFall","_animationQueue":[],"_animationSpeed":1,"_zoom":16.125},{"_mousePosition":[728,436],"_rootPartCFrame":[762.584,226.746,45.953,0.036,0,0.999,0,1,0,-0.999,0,0.036],"_humanoidState":5,"_cameraCFrame":[765.872,244.032,45.982,0.009,-0.979,0.204,0,0.204,0.979,-1,-0.008,0.002],"_shiftlockState":false,"_pose":"FreeFall","_animationQueue":[],"_animationSpeed":1,"_zoom":16.125},{"_mousePosition":[728,436],"_rootPartCFrame":[762.317,226.137,45.951,0.032,0,0.999,0,1,0,-0.999,0,0.032],"_humanoidState":5,"_cameraCFrame":[765.606,243.423,45.971,0.006,-0.979,0.204,0,0.204,0.979,-1,-0.006,0.001],"_shiftlockState":false,"_pose":"FreeFall","_animationQueue":[["fall",0.3]],"_animationSpeed":1,"_zoom":16.125},{"_mousePosition":[728,436],"_rootPartCFrame":[762.051,225.474,45.949,0.028,0,1,0,1,0,-1,0,0.028],"_humanoidState":5,"_cameraCFrame":[765.339,242.76,45.961,0.004,-0.979,0.204,0,0.204,0.979,-1,-0.004,0.001],"_shiftlockState":false,"_pose":"FreeFall","_animationQueue":[],"_animationSpeed":1,"_zoom":16.125},{"_mousePosition":[728,436],"_rootPartCFrame":[761.784,224.756,45.947,0.025,0,1,0,1,0,-1,0,0.025],"_humanoidState":5,"_cameraCFrame":[765.073,242.042,45.951,0.001,-0.979,0.204,0,0.204,0.979,-1,-0.001,0],"_shiftlockState":false,"_pose":"FreeFall","_animationQueue":[],"_animationSpeed":1,"_zoom":16.125},{"_mousePosition":[728,436],"_rootPartCFrame":[761.451,223.783,45.946,0.022,0,1,0,1,0,-1,0,0.022],"_humanoidState":5,"_cameraCFrame":[764.709,241.075,45.941,-0.001,-0.979,0.202,0,0.202,0.979,-1,0.001,0],"_shiftlockState":false,"_pose":"FreeFall","_animationQueue":[],"_animationSpeed":1,"_zoom":16.125},{"_mousePosition":[728,436],"_rootPartCFrame":[761.192,223.217,45.945,0.019,0,1,0,1,0,-1,0,0.019],"_humanoidState":7,"_cameraCFrame":[764.419,240.516,45.924,-0.007,-0.98,0.2,0,0.2,0.98,-1,0.006,-0.001],"_shiftlockState":false,"_pose":"FreeFall","_animationQueue":[["walk",0.1],["fall",0.3],["fall",0.3]],"_animationSpeed":1,"_zoom":16.125},{"_mousePosition":[728,436],"_rootPartCFrame":[760.993,223.23,45.946,0.017,0,1,0,1,0,-1,0,0.017],"_humanoidState":7,"_cameraCFrame":[764.189,240.535,45.917,-0.009,-0.98,0.198,0,0.198,0.98,-1,0.009,-0.002],"_shiftlockState":false,"_pose":"FreeFall","_animationQueue":[],"_animationSpeed":1,"_zoom":16.125},{"_mousePosition":[728,436],"_rootPartCFrame":[760.727,223.272,45.947,0.014,0,1,0,1,0,-1,0,0.014],"_humanoidState":7,"_cameraCFrame":[763.892,240.583,45.902,-0.014,-0.98,0.196,0,0.196,0.981,-1,0.014,-0.003],"_shiftlockState":false,"_pose":"FreeFall","_animationQueue":[["fall",0.3]],"_animationSpeed":1,"_zoom":16.125},{"_mousePosition":[728,436],"_rootPartCFrame":[760.468,223.325,45.949,0.011,0,1,0,1,0,-1,0,0.011],"_humanoidState":8,"_cameraCFrame":[763.602,240.642,45.889,-0.019,-0.981,0.194,0,0.194,0.981,-1,0.019,-0.004],"_shiftlockState":false,"_pose":"Running","_animationQueue":[["walk",0.1],["fall",0.3],["walk",0.1]],"_animationSpeed":1.103,"_zoom":16.125},{"_mousePosition":[728,436],"_rootPartCFrame":[760.082,223.328,45.955,0.006,0,1,0,1,0,-1,0,0.006],"_humanoidState":8,"_cameraCFrame":[763.185,240.651,45.879,-0.024,-0.981,0.192,0,0.192,0.981,-1,0.024,-0.005],"_shiftlockState":false,"_pose":"Running","_animationQueue":[],"_animationSpeed":1.103,"_zoom":16.125},{"_mousePosition":[728,436],"_rootPartCFrame":[759.953,223.302,45.957,0.004,0,1,0,1,0,-1,0,0.004],"_humanoidState":8,"_cameraCFrame":[763.024,240.631,45.867,-0.029,-0.981,0.19,0,0.191,0.982,-1,0.029,-0.006],"_shiftlockState":false,"_pose":"Running","_animationQueue":[],"_animationSpeed":1.103,"_zoom":16.125},{"_mousePosition":[728,436],"_rootPartCFrame":[759.695,223.221,45.963,0,0,1,0,1,0,-1,0,0],"_humanoidState":8,"_cameraCFrame":[762.767,240.55,45.865,-0.032,-0.981,0.19,0,0.191,0.982,-0.999,0.031,-0.006],"_shiftlockState":false,"_pose":"Running","_animationQueue":[],"_animationSpeed":1.103,"_zoom":16.125},{"_mousePosition":[728,436],"_rootPartCFrame":[759.309,223.205,45.974,-0.005,0,1,0,1,0,-1,0,-0.005],"_humanoidState":8,"_cameraCFrame":[762.381,240.534,45.877,-0.032,-0.981,0.19,0,0.191,0.982,-0.999,0.031,-0.006],"_shiftlockState":false,"_pose":"Running","_animationQueue":[],"_animationSpeed":1.103,"_zoom":16.125},{"_mousePosition":[728,436],"_rootPartCFrame":[759.18,223.179,45.978,-0.007,0,1,0,1,0,-1,0,-0.007],"_humanoidState":8,"_cameraCFrame":[762.252,240.508,45.881,-0.032,-0.981,0.19,0,0.191,0.982,-0.999,0.031,-0.006],"_shiftlockState":false,"_pose":"Running","_animationQueue":[],"_animationSpeed":1.103,"_zoom":16.125},{"_mousePosition":[728,436],"_rootPartCFrame":[758.858,224.262,45.989,-0.012,0,1,0,1,0,-1,0,-0.012],"_humanoidState":3,"_cameraCFrame":[761.93,241.592,45.891,-0.032,-0.981,0.19,0,0.191,0.982,-0.999,0.031,-0.006],"_shiftlockState":false,"_pose":"Jumping","_animationQueue":[["walk",0.1],["walk",0.1],["jump",0.1]],"_animationSpeed":1,"_zoom":16.125},{"_mousePosition":[728,436],"_rootPartCFrame":[758.66,224.874,45.995,-0.014,0,1,0,1,0,-1,0,-0.014],"_humanoidState":5,"_cameraCFrame":[761.731,242.203,45.897,-0.032,-0.981,0.19,0,0.191,0.982,-0.999,0.031,-0.006],"_shiftlockState":false,"_pose":"FreeFall","_animationQueue":[["jump",0.1]],"_animationSpeed":1,"_zoom":16.125},{"_mousePosition":[728,436],"_rootPartCFrame":[758.393,225.641,46.003,-0.017,0,1,0,1,0,-1,0,-0.017],"_humanoidState":5,"_cameraCFrame":[761.465,242.971,45.906,-0.032,-0.981,0.19,0,0.191,0.982,-0.999,0.031,-0.006],"_shiftlockState":false,"_pose":"FreeFall","_animationQueue":[],"_animationSpeed":1,"_zoom":16.125},{"_mousePosition":[728,436],"_rootPartCFrame":[758.127,226.354,46.012,-0.019,0,1,0,1,0,-1,0,-0.019],"_humanoidState":5,"_cameraCFrame":[761.198,243.684,45.914,-0.032,-0.981,0.19,0,0.191,0.982,-0.999,0.031,-0.006],"_shiftlockState":false,"_pose":"FreeFall","_animationQueue":[],"_animationSpeed":1,"_zoom":16.125},{"_mousePosition":[728,436],"_rootPartCFrame":[757.86,227.013,46.02,-0.021,0,1,0,1,0,-1,0,-0.021],"_humanoidState":5,"_cameraCFrame":[760.932,244.342,45.923,-0.032,-0.981,0.19,0,0.191,0.982,-0.999,0.031,-0.006],"_shiftlockState":false,"_pose":"FreeFall","_animationQueue":[],"_animationSpeed":1,"_zoom":16.125},{"_mousePosition":[728,436],"_rootPartCFrame":[757.594,227.617,46.029,-0.022,0,1,0,1,0,-1,0,-0.022],"_humanoidState":5,"_cameraCFrame":[760.665,244.946,45.931,-0.032,-0.981,0.19,0,0.191,0.982,-0.999,0.031,-0.006],"_shiftlockState":false,"_pose":"FreeFall","_animationQueue":[],"_animationSpeed":1,"_zoom":16.125},{"_mousePosition":[728,436],"_rootPartCFrame":[757.327,228.166,46.037,-0.024,0,1,0,1,0,-1,0,-0.024],"_humanoidState":5,"_cameraCFrame":[760.398,245.496,45.94,-0.032,-0.981,0.19,0,0.191,0.982,-0.999,0.031,-0.006],"_shiftlockState":false,"_pose":"FreeFall","_animationQueue":[],"_animationSpeed":1,"_zoom":16.125},{"_mousePosition":[728,436],"_rootPartCFrame":[757.06,228.661,46.046,-0.025,0,1,0,1,0,-1,0,-0.025],"_humanoidState":5,"_cameraCFrame":[760.132,245.991,45.956,-0.029,-0.981,0.19,0,0.191,0.982,-1,0.029,-0.006],"_shiftlockState":false,"_pose":"FreeFall","_animationQueue":[],"_animationSpeed":1,"_zoom":16.125},{"_mousePosition":[728,436],"_rootPartCFrame":[756.727,229.204,46.056,-0.026,0,1,0,1,0,-1,0,-0.026],"_humanoidState":5,"_cameraCFrame":[759.799,246.533,45.982,-0.024,-0.981,0.191,0,0.191,0.982,-1,0.024,-0.005],"_shiftlockState":false,"_pose":"FreeFall","_animationQueue":[],"_animationSpeed":1,"_zoom":16.125},{"_mousePosition":[728,436],"_rootPartCFrame":[756.527,229.488,46.062,-0.026,0,1,0,1,0,-1,0,-0.026],"_humanoidState":5,"_cameraCFrame":[759.6,246.818,46.003,-0.019,-0.981,0.191,0,0.191,0.982,-1,0.019,-0.004],"_shiftlockState":false,"_pose":"FreeFall","_animationQueue":[],"_animationSpeed":1,"_zoom":16.125},{"_mousePosition":[728,436],"_rootPartCFrame":[756.261,229.82,46.069,-0.026,0,1,0,1,0,-1,0,-0.026],"_humanoidState":5,"_cameraCFrame":[759.364,247.143,46.025,-0.014,-0.981,0.192,0,0.192,0.981,-1,0.014,-0.003],"_shiftlockState":false,"_pose":"FreeFall","_animationQueue":[],"_animationSpeed":1,"_zoom":16.125},{"_mousePosition":[728,436],"_rootPartCFrame":[755.994,230.097,46.074,-0.026,0,1,0,1,0,-1,0,-0.026],"_humanoidState":5,"_cameraCFrame":[759.129,247.414,46.054,-0.007,-0.981,0.194,0,0.194,0.981,-1,0.006,-0.001],"_shiftlockState":false,"_pose":"FreeFall","_animationQueue":[],"_animationSpeed":1,"_zoom":16.125},{"_mousePosition":[728,436],"_rootPartCFrame":[755.727,230.319,46.078,-0.024,0,1,0,1,0,-1,0,-0.024],"_humanoidState":5,"_cameraCFrame":[758.893,247.63,46.09,0.004,-0.981,0.196,0,0.196,0.981,-1,-0.004,0.001],"_shiftlockState":false,"_pose":"FreeFall","_animationQueue":[],"_animationSpeed":1,"_zoom":16.125},{"_mousePosition":[728,436],"_rootPartCFrame":[755.461,230.487,46.08,-0.022,0,1,0,1,0,-1,0,-0.022],"_humanoidState":5,"_cameraCFrame":[758.657,247.792,46.124,0.014,-0.98,0.198,0,0.198,0.98,-1,-0.013,0.003],"_shiftlockState":false,"_pose":"FreeFall","_animationQueue":[],"_animationSpeed":1,"_zoom":16.125},{"_mousePosition":[728,436],"_rootPartCFrame":[755.194,230.601,46.08,-0.019,0,1,0,1,0,-1,0,-0.019],"_humanoidState":5,"_cameraCFrame":[758.451,247.893,46.174,0.029,-0.979,0.202,0,0.202,0.979,-1,-0.028,0.006],"_shiftlockState":false,"_pose":"FreeFall","_animationQueue":[],"_animationSpeed":1,"_zoom":16.125},{"_mousePosition":[728,436],"_rootPartCFrame":[754.928,230.66,46.077,-0.015,0,1,0,1,0,-1,0,-0.015],"_humanoidState":5,"_cameraCFrame":[758.213,247.946,46.23,0.047,-0.978,0.204,0,0.204,0.979,-0.999,-0.046,0.01],"_shiftlockState":false,"_pose":"FreeFall","_animationQueue":[],"_animationSpeed":1,"_zoom":16.125},{"_mousePosition":[728,436],"_rootPartCFrame":[754.661,230.664,46.069,-0.01,0,1,0,1,0,-1,0,-0.01],"_humanoidState":5,"_cameraCFrame":[758.004,247.937,46.293,0.067,-0.976,0.207,0,0.208,0.978,-0.998,-0.065,0.014],"_shiftlockState":false,"_pose":"FreeFall","_animationQueue":[],"_animationSpeed":1,"_zoom":16.125},{"_mousePosition":[728,436],"_rootPartCFrame":[754.395,230.614,46.058,-0.003,0,1,0,1,0,-1,0,-0.003],"_humanoidState":5,"_cameraCFrame":[757.763,247.881,46.352,0.087,-0.974,0.209,0,0.21,0.978,-0.996,-0.085,0.018],"_shiftlockState":false,"_pose":"FreeFall","_animationQueue":[],"_animationSpeed":1,"_zoom":16.125},{"_mousePosition":[728,436],"_rootPartCFrame":[754.128,230.51,46.041,0.006,0,1,0,1,0,-1,0,0.006],"_humanoidState":5,"_cameraCFrame":[757.522,247.77,46.389,0.102,-0.972,0.21,0,0.212,0.977,-0.995,-0.1,0.022],"_shiftlockState":false,"_pose":"FreeFall","_animationQueue":[],"_animationSpeed":1,"_zoom":16.125},{"_mousePosition":[728,436],"_rootPartCFrame":[753.796,230.302,46.013,0.019,0,1,0,1,0,-1,0,0.019],"_humanoidState":5,"_cameraCFrame":[757.246,247.549,46.411,0.115,-0.97,0.214,0,0.215,0.977,-0.993,-0.112,0.025],"_shiftlockState":false,"_pose":"FreeFall","_animationQueue":[],"_animationSpeed":1,"_zoom":16.125},{"_mousePosition":[728,436],"_rootPartCFrame":[753.531,230.075,45.986,0.03,0,1,0,1,0,-1,0,0.03],"_humanoidState":5,"_cameraCFrame":[756.981,247.322,46.384,0.115,-0.97,0.214,0,0.215,0.977,-0.993,-0.112,0.025],"_shiftlockState":false,"_pose":"FreeFall","_animationQueue":[["fall",0.3]],"_animationSpeed":1,"_zoom":16.125},{"_mousePosition":[728,436],"_rootPartCFrame":[753.332,229.869,45.963,0.038,0,0.999,0,1,0,-0.999,0,0.038],"_humanoidState":5,"_cameraCFrame":[756.782,247.116,46.362,0.115,-0.97,0.214,0,0.215,0.977,-0.993,-0.112,0.025],"_shiftlockState":false,"_pose":"FreeFall","_animationQueue":[],"_animationSpeed":1,"_zoom":16.125},{"_mousePosition":[728,436],"_rootPartCFrame":[753.067,229.547,45.933,0.049,0,0.999,0,1,0,-0.999,0,0.049],"_humanoidState":5,"_cameraCFrame":[756.517,246.793,46.331,0.115,-0.97,0.214,0,0.215,0.977,-0.993,-0.112,0.025],"_shiftlockState":false,"_pose":"FreeFall","_animationQueue":[],"_animationSpeed":1,"_zoom":16.125},{"_mousePosition":[728,436],"_rootPartCFrame":[752.802,229.17,45.902,0.058,0,0.998,0,1,0,-0.998,0,0.058],"_humanoidState":5,"_cameraCFrame":[756.25,246.416,46.318,0.12,-0.97,0.214,0,0.215,0.977,-0.993,-0.117,0.026],"_shiftlockState":false,"_pose":"FreeFall","_animationQueue":[],"_animationSpeed":1,"_zoom":16.125},{"_mousePosition":[728,436],"_rootPartCFrame":[752.538,228.738,45.872,0.066,0,0.998,0,1,0,-0.998,0,0.066],"_humanoidState":5,"_cameraCFrame":[755.986,245.985,46.288,0.12,-0.97,0.214,0,0.215,0.977,-0.993,-0.117,0.026],"_shiftlockState":false,"_pose":"FreeFall","_animationQueue":[],"_animationSpeed":1,"_zoom":16.125},{"_mousePosition":[728,436],"_rootPartCFrame":[752.273,228.252,45.84,0.073,0,0.997,0,1,0,-0.997,0,0.073],"_humanoidState":5,"_cameraCFrame":[755.721,245.499,46.256,0.12,-0.97,0.214,0,0.215,0.977,-0.993,-0.117,0.026],"_shiftlockState":false,"_pose":"FreeFall","_animationQueue":[],"_animationSpeed":1,"_zoom":16.125},{"_mousePosition":[728,436],"_rootPartCFrame":[752.008,227.712,45.808,0.08,0,0.997,0,1,0,-0.997,0,0.08],"_humanoidState":5,"_cameraCFrame":[755.456,244.958,46.224,0.12,-0.97,0.214,0,0.215,0.977,-0.993,-0.117,0.026],"_shiftlockState":false,"_pose":"FreeFall","_animationQueue":[],"_animationSpeed":1,"_zoom":16.125},{"_mousePosition":[728,436],"_rootPartCFrame":[751.744,227.117,45.776,0.086,0,0.996,0,1,0,-0.996,0,0.086],"_humanoidState":5,"_cameraCFrame":[755.192,244.363,46.192,0.12,-0.97,0.214,0,0.215,0.977,-0.993,-0.117,0.026],"_shiftlockState":false,"_pose":"FreeFall","_animationQueue":[["fall",0.3]],"_animationSpeed":1,"_zoom":16.125},{"_mousePosition":[728,436],"_rootPartCFrame":[751.479,226.467,45.744,0.09,0,0.996,0,1,0,-0.996,0,0.09],"_humanoidState":5,"_cameraCFrame":[754.929,243.714,46.143,0.115,-0.97,0.214,0,0.215,0.977,-0.993,-0.112,0.025],"_shiftlockState":false,"_pose":"FreeFall","_animationQueue":[],"_animationSpeed":1,"_zoom":16.125},{"_mousePosition":[728,436],"_rootPartCFrame":[751.148,225.579,45.704,0.095,0,0.995,0,1,0,-0.995,0,0.095],"_humanoidState":5,"_cameraCFrame":[754.598,242.826,46.103,0.115,-0.97,0.214,0,0.215,0.977,-0.993,-0.112,0.025],"_shiftlockState":false,"_pose":"FreeFall","_animationQueue":[],"_animationSpeed":1,"_zoom":16.125},{"_mousePosition":[728,436],"_rootPartCFrame":[750.949,225.005,45.681,0.098,0,0.995,0,1,0,-0.995,0,0.098],"_humanoidState":5,"_cameraCFrame":[754.399,242.252,46.08,0.115,-0.97,0.214,0,0.215,0.977,-0.993,-0.112,0.025],"_shiftlockState":false,"_pose":"FreeFall","_animationQueue":[],"_animationSpeed":1,"_zoom":16.125},{"_mousePosition":[728,436],"_rootPartCFrame":[750.685,224.192,45.651,0.1,0,0.995,0,1,0,-0.995,0,0.1],"_humanoidState":5,"_cameraCFrame":[754.105,241.445,46.037,0.112,-0.971,0.212,0,0.213,0.977,-0.994,-0.11,0.024],"_shiftlockState":false,"_pose":"FreeFall","_animationQueue":[],"_animationSpeed":1,"_zoom":16.125},{"_mousePosition":[728,436],"_rootPartCFrame":[750.42,223.325,45.62,0.102,0,0.995,0,1,0,-0.995,0,0.102],"_humanoidState":5,"_cameraCFrame":[753.84,240.578,46.006,0.112,-0.971,0.212,0,0.213,0.977,-0.994,-0.11,0.024],"_shiftlockState":false,"_pose":"FreeFall","_animationQueue":[],"_animationSpeed":1,"_zoom":16.125},{"_mousePosition":[728,436],"_rootPartCFrame":[750.155,222.403,45.59,0.104,0,0.995,0,1,0,-0.995,0,0.104],"_humanoidState":5,"_cameraCFrame":[753.575,239.656,45.976,0.112,-0.971,0.212,0,0.213,0.977,-0.994,-0.11,0.024],"_shiftlockState":false,"_pose":"FreeFall","_animationQueue":[],"_animationSpeed":1,"_zoom":16.125},{"_mousePosition":[728,436],"_rootPartCFrame":[749.89,221.426,45.56,0.105,0,0.994,0,1,0,-0.994,0,0.105],"_humanoidState":5,"_cameraCFrame":[753.281,238.686,45.934,0.11,-0.971,0.21,0,0.212,0.977,-0.994,-0.107,0.023],"_shiftlockState":false,"_pose":"FreeFall","_animationQueue":[["fall",0.3]],"_animationSpeed":1,"_zoom":16.125},{"_mousePosition":[728,436],"_rootPartCFrame":[749.568,220.129,45.524,0.106,0,0.994,0,1,0,-0.994,0,0.106],"_humanoidState":7,"_cameraCFrame":[752.959,237.389,45.898,0.11,-0.971,0.21,0,0.212,0.977,-0.994,-0.107,0.023],"_shiftlockState":false,"_pose":"FreeFall","_animationQueue":[["walk",0.1],["fall",0.3],["fall",0.3]],"_animationSpeed":1,"_zoom":16.125},{"_mousePosition":[728,436],"_rootPartCFrame":[749.376,221.322,45.502,0.107,0,0.994,0,1,0,-0.994,0,0.107],"_humanoidState":3,"_cameraCFrame":[752.768,238.582,45.868,0.107,-0.972,0.21,0,0.212,0.977,-0.994,-0.105,0.023],"_shiftlockState":false,"_pose":"Jumping","_animationQueue":[["fall",0.3],["jump",0.1]],"_animationSpeed":1,"_zoom":16.125},{"_mousePosition":[728,436],"_rootPartCFrame":[749.112,222.989,45.473,0.108,0,0.994,0,1,0,-0.994,0,0.108],"_humanoidState":5,"_cameraCFrame":[752.475,240.256,45.827,0.105,-0.972,0.209,0,0.21,0.978,-0.995,-0.102,0.022],"_shiftlockState":false,"_pose":"FreeFall","_animationQueue":[["jump",0.1]],"_animationSpeed":1,"_zoom":16.125},{"_mousePosition":[728,436],"_rootPartCFrame":[748.847,224.656,45.444,0.108,0,0.994,0,1,0,-0.994,0,0.108],"_humanoidState":5,"_cameraCFrame":[752.181,241.929,45.778,0.1,-0.973,0.207,0,0.208,0.978,-0.995,-0.097,0.021],"_shiftlockState":false,"_pose":"FreeFall","_animationQueue":[],"_animationSpeed":1,"_zoom":16.125},{"_mousePosition":[728,436],"_rootPartCFrame":[748.582,226.322,45.416,0.107,0,0.994,0,1,0,-0.994,0,0.107],"_humanoidState":5,"_cameraCFrame":[751.858,243.609,45.711,0.09,-0.975,0.203,0,0.204,0.979,-0.996,-0.088,0.018],"_shiftlockState":false,"_pose":"FreeFall","_animationQueue":[],"_animationSpeed":1,"_zoom":16.125},{"_mousePosition":[728,436],"_rootPartCFrame":[748.25,228.406,45.383,0.106,0,0.994,0,1,0,-0.994,0,0.106],"_humanoidState":5,"_cameraCFrame":[751.497,245.698,45.65,0.082,-0.976,0.201,0,0.202,0.979,-0.997,-0.08,0.017],"_shiftlockState":false,"_pose":"FreeFall","_animationQueue":[],"_animationSpeed":1,"_zoom":16.125},{"_mousePosition":[728,436],"_rootPartCFrame":[748.051,229.656,45.365,0.105,0,0.994,0,1,0,-0.994,0,0.105],"_humanoidState":5,"_cameraCFrame":[751.239,246.961,45.602,0.074,-0.977,0.198,0,0.198,0.98,-0.997,-0.073,0.015],"_shiftlockState":false,"_pose":"FreeFall","_animationQueue":[],"_animationSpeed":1,"_zoom":16.125},{"_mousePosition":[728,436],"_rootPartCFrame":[747.786,231.323,45.342,0.102,0,0.995,0,1,0,-0.995,0,0.102],"_humanoidState":5,"_cameraCFrame":[750.943,248.634,45.562,0.069,-0.978,0.196,0,0.196,0.981,-0.998,-0.068,0.014],"_shiftlockState":false,"_pose":"FreeFall","_animationQueue":[],"_animationSpeed":1,"_zoom":16.125},{"_mousePosition":[728,436],"_rootPartCFrame":[747.453,233.406,45.317,0.098,0,0.995,0,1,0,-0.995,0,0.098],"_humanoidState":5,"_cameraCFrame":[750.581,250.723,45.519,0.064,-0.979,0.194,0,0.194,0.981,-0.998,-0.063,0.012],"_shiftlockState":false,"_pose":"FreeFall","_animationQueue":[],"_animationSpeed":1,"_zoom":16.125},{"_mousePosition":[728,436],"_rootPartCFrame":[747.254,234.635,45.303,0.095,0,0.995,0,1,0,-0.995,0,0.095],"_humanoidState":5,"_cameraCFrame":[750.351,251.959,45.503,0.064,-0.979,0.192,0,0.192,0.981,-0.998,-0.063,0.012],"_shiftlockState":false,"_pose":"FreeFall","_animationQueue":[],"_animationSpeed":1,"_zoom":16.125},{"_mousePosition":[728,436],"_rootPartCFrame":[746.988,236.227,45.286,0.091,0,0.996,0,1,0,-0.996,0,0.091],"_humanoidState":5,"_cameraCFrame":[750.086,253.551,45.478,0.062,-0.979,0.192,0,0.192,0.981,-0.998,-0.061,0.012],"_shiftlockState":false,"_pose":"FreeFall","_animationQueue":[],"_animationSpeed":1,"_zoom":16.125},{"_mousePosition":[728,436],"_rootPartCFrame":[746.721,237.764,45.269,0.087,0,0.996,0,1,0,-0.996,0,0.087],"_humanoidState":5,"_cameraCFrame":[749.819,255.088,45.46,0.062,-0.979,0.192,0,0.192,0.981,-0.998,-0.061,0.012],"_shiftlockState":false,"_pose":"FreeFall","_animationQueue":[],"_animationSpeed":1,"_zoom":16.125},{"_mousePosition":[728,436],"_rootPartCFrame":[746.455,239.247,45.252,0.084,0,0.996,0,1,0,-0.996,0,0.084],"_humanoidState":5,"_cameraCFrame":[749.553,256.571,45.444,0.062,-0.979,0.192,0,0.192,0.981,-0.998,-0.061,0.012],"_shiftlockState":false,"_pose":"FreeFall","_animationQueue":[],"_animationSpeed":1,"_zoom":16.125},{"_mousePosition":[728,436],"_rootPartCFrame":[746.189,240.675,45.236,0.081,0,0.997,0,1,0,-0.997,0,0.081],"_humanoidState":5,"_cameraCFrame":[749.257,258.005,45.418,0.059,-0.98,0.19,0,0.191,0.982,-0.998,-0.058,0.011],"_shiftlockState":false,"_pose":"FreeFall","_animationQueue":[],"_animationSpeed":1,"_zoom":16.125},{"_mousePosition":[728,436],"_rootPartCFrame":[745.923,242.049,45.219,0.078,0,0.997,0,1,0,-0.997,0,0.078],"_humanoidState":5,"_cameraCFrame":[748.93,259.39,45.382,0.054,-0.981,0.186,0,0.187,0.982,-0.999,-0.053,0.01],"_shiftlockState":false,"_pose":"FreeFall","_animationQueue":[],"_animationSpeed":1,"_zoom":16.125},{"_mousePosition":[728,436],"_rootPartCFrame":[745.591,243.69,45.199,0.075,0,0.997,0,1,0,-0.997,0,0.075],"_humanoidState":5,"_cameraCFrame":[748.631,261.376,45.357,0.052,-0.981,0.185,0,0.185,0.983,-0.999,-0.051,0.01],"_shiftlockState":false,"_pose":"FreeFall","_animationQueue":[],"_animationSpeed":1,"_zoom":20.656},{"_mousePosition":[728,436],"_rootPartCFrame":[745.391,244.633,45.188,0.073,0,0.997,0,1,0,-0.997,0,0.073],"_humanoidState":5,"_cameraCFrame":[748.526,263.007,45.351,0.052,-0.982,0.183,0,0.183,0.983,-0.999,-0.051,0.009],"_shiftlockState":false,"_pose":"FreeFall","_animationQueue":[],"_animationSpeed":1,"_zoom":20.656},{"_mousePosition":[728,436],"_rootPartCFrame":[745.124,245.843,45.175,0.07,0,0.998,0,1,0,-0.998,0,0.07],"_humanoidState":5,"_cameraCFrame":[748.37,264.998,45.334,0.049,-0.982,0.181,0,0.181,0.983,-0.999,-0.048,0.009],"_shiftlockState":false,"_pose":"FreeFall","_animationQueue":[],"_animationSpeed":1,"_zoom":20.656},{"_mousePosition":[728,436],"_rootPartCFrame":[744.858,246.999,45.161,0.068,0,0.998,0,1,0,-0.998,0,0.068],"_humanoidState":5,"_cameraCFrame":[748.222,266.801,45.326,0.049,-0.982,0.181,0,0.181,0.983,-0.999,-0.048,0.009],"_shiftlockState":false,"_pose":"FreeFall","_animationQueue":[["fall",0.3]],"_animationSpeed":1,"_zoom":20.656},{"_mousePosition":[728,436],"_rootPartCFrame":[744.592,248.1,45.148,0.065,0,0.998,0,1,0,-0.998,0,0.065],"_humanoidState":5,"_cameraCFrame":[748.159,269.006,45.323,0.049,-0.982,0.181,0,0.181,0.983,-0.999,-0.048,0.009],"_shiftlockState":false,"_pose":"FreeFall","_animationQueue":[],"_animationSpeed":1,"_zoom":26.32},{"_mousePosition":[728,436],"_rootPartCFrame":[744.259,249.4,45.131,0.062,0,0.998,0,1,0,-0.998,0,0.062],"_humanoidState":5,"_cameraCFrame":[748.06,271.578,45.318,0.049,-0.982,0.181,0,0.181,0.983,-0.999,-0.048,0.009],"_shiftlockState":false,"_pose":"FreeFall","_animationQueue":[],"_animationSpeed":1,"_zoom":26.32},{"_mousePosition":[728,436],"_rootPartCFrame":[744.059,250.139,45.121,0.061,0,0.998,0,1,0,-0.998,0,0.061],"_humanoidState":5,"_cameraCFrame":[748.081,273.521,45.319,0.049,-0.982,0.181,0,0.181,0.983,-0.999,-0.048,0.009],"_shiftlockState":false,"_pose":"FreeFall","_animationQueue":[],"_animationSpeed":1,"_zoom":26.32},{"_mousePosition":[728,436],"_rootPartCFrame":[743.793,251.077,45.108,0.059,0,0.998,0,1,0,-0.998,0,0.059],"_humanoidState":5,"_cameraCFrame":[748.023,275.588,45.316,0.049,-0.982,0.181,0,0.181,0.983,-0.999,-0.048,0.009],"_shiftlockState":false,"_pose":"FreeFall","_animationQueue":[],"_animationSpeed":1,"_zoom":26.32},{"_mousePosition":[728,436],"_rootPartCFrame":[743.526,251.96,45.095,0.058,0,0.998,0,1,0,-0.998,0,0.058],"_humanoidState":5,"_cameraCFrame":[747.9,277.253,45.31,0.049,-0.982,0.181,0,0.181,0.983,-0.999,-0.048,0.009],"_shiftlockState":false,"_pose":"FreeFall","_animationQueue":[],"_animationSpeed":1,"_zoom":26.32},{"_mousePosition":[728,436],"_rootPartCFrame":[743.26,252.789,45.082,0.057,0,0.998,0,1,0,-0.998,0,0.057],"_humanoidState":5,"_cameraCFrame":[747.743,278.675,45.303,0.049,-0.982,0.181,0,0.181,0.983,-0.999,-0.048,0.009],"_shiftlockState":false,"_pose":"FreeFall","_animationQueue":[],"_animationSpeed":1,"_zoom":26.32},{"_mousePosition":[728,436],"_rootPartCFrame":[742.994,253.563,45.069,0.056,0,0.998,0,1,0,-0.998,0,0.056],"_humanoidState":5,"_cameraCFrame":[747.565,279.934,45.294,0.049,-0.982,0.181,0,0.181,0.983,-0.999,-0.048,0.009],"_shiftlockState":false,