[{"_mousePosition":[1164,368],"_rootPartCFrame":[776.001,222.952,47.142,0.022,0.027,0.999,-0.001,1,-0.027,-1,0,0.022],"_humanoidState":8,"_cameraCFrame":[783.122,230.98,47.068,-0.01,-0.678,0.735,0,0.735,0.678,-1,0.007,-0.008],"_shiftlockState":false,"_pose":"Running","_animationQueue":[["walk",0.1]],"_animationSpeed":1.089,"_zoom":9.632},{"_mousePosition":[1164,368],"_rootPartCFrame":[775.673,222.77,47.476,-0.15,0.001,0.989,0,1,0,-0.989,0,-0.15],"_humanoidState":8,"_cameraCFrame":[782.754,230.799,47.402,-0.01,-0.678,0.735,0,0.735,0.678,-1,0.007,-0.008],"_shiftlockState":false,"_pose":"Running","_animationQueue":[],"_animationSpeed":1.089,"_zoom":9.632},{"_mousePosition":[1164,368],"_rootPartCFrame":[775.673,222.77,47.476,-0.15,0.001,0.989,0,1,0,-0.989,0,-0.15],"_humanoidState":8,"_cameraCFrame":[782.754,230.799,47.402,-0.01,-0.678,0.735,0,0.735,0.678,-1,0.007,-0.008],"_shiftlockState":false,"_pose":"Running","_animationQueue":[],"_animationSpeed":1.089,"_zoom":9.632},{"_mousePosition":[1140,363],"_rootPartCFrame":[775.487,222.653,47.666,-0.241,-0.001,0.971,0,1,0.001,-0.971,0,-0.241],"_humanoidState":8,"_cameraCFrame":[782.566,230.683,47.593,-0.01,-0.678,0.735,0,0.735,0.678,-1,0.007,-0.008],"_shiftlockState":false,"_pose":"Running","_animationQueue":[],"_animationSpeed":1.089,"_zoom":9.632},{"_mousePosition":[1119,360],"_rootPartCFrame":[775.301,222.658,47.857,-0.316,0,0.949,0,1,0,-0.949,0,-0.316],"_humanoidState":8,"_cameraCFrame":[782.381,230.687,47.783,-0.01,-0.678,0.735,0,0.735,0.678,-1,0.007,-0.008],"_shiftlockState":false,"_pose":"Running","_animationQueue":[],"_animationSpeed":1.089,"_zoom":9.632},{"_mousePosition":[1023,355],"_rootPartCFrame":[775.068,222.678,48.095,-0.393,0,0.919,0,1,0,-0.919,0,-0.393],"_humanoidState":8,"_cameraCFrame":[782.148,230.707,48.021,-0.01,-0.678,0.735,0,0.735,0.678,-1,0.007,-0.008],"_shiftlockState":false,"_pose":"Running","_animationQueue":[],"_animationSpeed":1.089,"_zoom":9.632},{"_mousePosition":[984,353],"_rootPartCFrame":[774.881,222.687,48.286,-0.444,0,0.896,0,1,0,-0.896,0,-0.444],"_humanoidState":8,"_cameraCFrame":[781.962,230.717,48.212,-0.01,-0.678,0.735,0,0.735,0.678,-1,0.007,-0.008],"_shiftlockState":false,"_pose":"Running","_animationQueue":[["walk",0.1]],"_animationSpeed":1.089,"_zoom":9.632},{"_mousePosition":[849,351],"_rootPartCFrame":[774.741,222.692,48.429,-0.476,0,0.879,0,1,0,-0.879,0,-0.476],"_humanoidState":8,"_cameraCFrame":[781.822,230.721,48.354,-0.01,-0.678,0.735,0,0.735,0.678,-1,0.007,-0.008],"_shiftlockState":false,"_pose":"Running","_animationQueue":[],"_animationSpeed":1.089,"_zoom":9.632},{"_mousePosition":[789,350],"_rootPartCFrame":[774.555,222.695,48.619,-0.513,0,0.859,0,1,0,-0.859,0,-0.513],"_humanoidState":8,"_cameraCFrame":[781.635,230.725,48.545,-0.01,-0.678,0.735,0,0.735,0.678,-1,0.007,-0.008],"_shiftlockState":false,"_pose":"Running","_animationQueue":[],"_animationSpeed":1.089,"_zoom":9.632},{"_mousePosition":[660,359],"_rootPartCFrame":[774.322,222.698,48.857,-0.551,0,0.835,0,1,0,-0.835,0,-0.551],"_humanoidState":8,"_cameraCFrame":[781.402,230.727,48.783,-0.01,-0.678,0.735,0,0.735,0.678,-1,0.007,-0.008],"_shiftlockState":false,"_pose":"Running","_animationQueue":[],"_animationSpeed":1.089,"_zoom":9.632},{"_mousePosition":[617,368],"_rootPartCFrame":[774.135,222.699,49.048,-0.576,0,0.818,0,1,0,-0.818,0,-0.576],"_humanoidState":8,"_cameraCFrame":[781.216,230.728,48.974,-0.01,-0.678,0.735,0,0.735,0.678,-1,0.007,-0.008],"_shiftlockState":false,"_pose":"Running","_animationQueue":[],"_animationSpeed":1.089,"_zoom":9.632},{"_mousePosition":[617,368],"_rootPartCFrame":[773.958,222.699,49.103,-0.551,0,0.834,0,1,0,-0.834,0,-0.551],"_humanoidState":8,"_cameraCFrame":[780.907,230.847,48.571,-0.076,-0.688,0.721,0,0.724,0.69,-0.997,0.053,-0.055],"_shiftlockState":false,"_pose":"Running","_animationQueue":[],"_animationSpeed":1.089,"_zoom":9.632},{"_mousePosition":[617,368],"_rootPartCFrame":[773.626,222.699,49.11,-0.474,0,0.88,0,1,0,-0.88,0,-0.474],"_humanoidState":8,"_cameraCFrame":[780.468,230.937,48.362,-0.109,-0.695,0.71,0,0.715,0.7,-0.994,0.076,-0.078],"_shiftlockState":false,"_pose":"Running","_animationQueue":[],"_animationSpeed":1.089,"_zoom":9.632},{"_mousePosition":[617,368],"_rootPartCFrame":[773.427,222.699,49.123,-0.432,0,0.902,0,1,0,-0.902,0,-0.432],"_humanoidState":8,"_cameraCFrame":[780.136,231.047,48.19,-0.138,-0.704,0.697,0,0.703,0.711,-0.99,0.098,-0.097],"_shiftlockState":false,"_pose":"Running","_animationQueue":[["walk",0.1]],"_animationSpeed":1.089,"_zoom":9.632},{"_mousePosition":[617,368],"_rootPartCFrame":[773.161,222.7,49.151,-0.387,0,0.922,0,1,0,-0.922,0,-0.387],"_humanoidState":8,"_cameraCFrame":[779.616,231.257,48.01,-0.174,-0.722,0.67,0,0.681,0.733,-0.985,0.127,-0.118],"_shiftlockState":false,"_pose":"Running","_animationQueue":[],"_animationSpeed":1.089,"_zoom":9.632},{"_mousePosition":[617,368],"_rootPartCFrame":[772.831,222.7,49.195,-0.343,0,0.939,0,1,0,-0.939,0,-0.343],"_humanoidState":8,"_cameraCFrame":[778.974,231.5,47.876,-0.21,-0.741,0.638,0,0.652,0.758,-0.978,0.159,-0.137],"_shiftlockState":false,"_pose":"Running","_animationQueue":[],"_animationSpeed":1.089,"_zoom":9.632},{"_mousePosition":[617,368],"_rootPartCFrame":[772.503,222.7,49.252,-0.313,0,0.95,0,1,0,-0.95,0,-0.313],"_humanoidState":8,"_cameraCFrame":[778.282,231.762,47.775,-0.248,-0.761,0.6,0,0.619,0.785,-0.969,0.194,-0.153],"_shiftlockState":false,"_pose":"Running","_animationQueue":[],"_animationSpeed":1.089,"_zoom":9.632},{"_mousePosition":[617,368],"_rootPartCFrame":[772.242,222.7,49.307,-0.299,0,0.954,0,1,0,-0.954,0,-0.299],"_humanoidState":8,"_cameraCFrame":[777.612,232.028,47.68,-0.29,-0.778,0.558,0,0.583,0.813,-0.957,0.236,-0.169],"_shiftlockState":false,"_pose":"Running","_animationQueue":[],"_animationSpeed":1.089,"_zoom":9.632},{"_mousePosition":[617,368],"_rootPartCFrame":[771.983,222.7,49.373,-0.291,0,0.957,0,1,0,-0.957,0,-0.291],"_humanoidState":8,"_cameraCFrame":[777.05,232.209,47.656,-0.321,-0.788,0.526,0,0.555,0.832,-0.947,0.267,-0.178],"_shiftlockState":false,"_pose":"Running","_animationQueue":[],"_animationSpeed":1.089,"_zoom":9.632},{"_mousePosition":[617,368],"_rootPartCFrame":[771.856,222.7,49.41,-0.291,0,0.957,0,1,0,-0.957,0,-0.291],"_humanoidState":8,"_cameraCFrame":[776.594,232.386,47.592,-0.358,-0.793,0.492,0,0.527,0.85,-0.934,0.305,-0.189],"_shiftlockState":false,"_pose":"Running","_animationQueue":[],"_animationSpeed":1.089,"_zoom":9.632},{"_mousePosition":[617,368],"_rootPartCFrame":[771.477,222.7,49.538,-0.296,0,0.955,0,1,0,-0.955,0,-0.296],"_humanoidState":8,"_cameraCFrame":[775.892,232.545,47.633,-0.396,-0.796,0.458,0,0.499,0.866,-0.918,0.343,-0.198],"_shiftlockState":false,"_pose":"Running","_animationQueue":[["walk",0.1]],"_animationSpeed":1.089,"_zoom":9.632},{"_mousePosition":[617,368],"_rootPartCFrame":[771.227,222.7,49.633,-0.304,0,0.953,0,1,0,-0.953,0,-0.304],"_humanoidState":8,"_cameraCFrame":[775.446,232.64,47.702,-0.416,-0.797,0.438,0,0.482,0.876,-0.909,0.365,-0.201],"_shiftlockState":false,"_pose":"Running","_animationQueue":[],"_animationSpeed":1.089,"_zoom":9.632},{"_mousePosition":[617,368],"_rootPartCFrame":[771.104,222.7,49.685,-0.31,0,0.951,0,1,0,-0.951,0,-0.31],"_humanoidState":8,"_cameraCFrame":[775.166,232.718,47.758,-0.429,-0.799,0.422,0,0.467,0.884,-0.903,0.379,-0.2],"_shiftlockState":false,"_pose":"Running","_animationQueue":[],"_animationSpeed":1.089,"_zoom":9.632},{"_mousePosition":[617,368],"_rootPartCFrame":[770.862,222.7,49.795,-0.324,0,0.946,0,1,0,-0.946,0,-0.324],"_humanoidState":8,"_cameraCFrame":[774.858,232.754,47.889,-0.431,-0.802,0.415,0,0.46,0.888,-0.903,0.382,-0.198],"_shiftlockState":false,"_pose":"Running","_animationQueue":[],"_animationSpeed":1.089,"_zoom":9.632},{"_mousePosition":[617,368],"_rootPartCFrame":[770.5,222.7,49.967,-0.345,0,0.938,0,1,0,-0.938,0,-0.345],"_humanoidState":8,"_cameraCFrame":[774.446,232.782,48.084,-0.431,-0.804,0.41,0,0.454,0.891,-0.903,0.384,-0.195],"_shiftlockState":false,"_pose":"Running","_animationQueue":[],"_animationSpeed":1.089,"_zoom":9.632},{"_mousePosition":[617,368],"_rootPartCFrame":[770.38,222.7,50.024,-0.351,0,0.936,0,1,0,-0.936,0,-0.351],"_humanoidState":8,"_cameraCFrame":[774.258,232.827,48.209,-0.424,-0.811,0.403,0,0.445,0.896,-0.906,0.38,-0.188],"_shiftlockState":false,"_pose":"Running","_animationQueue":[],"_animationSpeed":1.089,"_zoom":9.632},{"_mousePosition":[617,368],"_rootPartCFrame":[770.139,222.7,50.139,-0.362,0,0.932,0,1,0,-0.932,0,-0.362],"_humanoidState":8,"_cameraCFrame":[773.938,232.882,48.419,-0.412,-0.821,0.394,0,0.433,0.901,-0.911,0.372,-0.179],"_shiftlockState":false,"_pose":"Running","_animationQueue":[["walk",0.1]],"_animationSpeed":1.089,"_zoom":9.632},{"_mousePosition":[617,368],"_rootPartCFrame":[769.838,222.649,50.282,-0.376,0,0.927,0,1,0,-0.927,0,-0.376],"_humanoidState":8,"_cameraCFrame":[773.539,232.894,48.671,-0.399,-0.833,0.384,0,0.419,0.908,-0.917,0.362,-0.167],"_shiftlockState":false,"_pose":"Running","_animationQueue":[],"_animationSpeed":1.089,"_zoom":9.632},{"_mousePosition":[617,368],"_rootPartCFrame":[769.658,222.577,50.368,-0.384,0,0.924,0,1,0,-0.924,0,-0.384],"_humanoidState":8,"_cameraCFrame":[773.246,232.889,48.873,-0.385,-0.845,0.373,0,0.404,0.915,-0.923,0.352,-0.155],"_shiftlockState":false,"_pose":"Running","_animationQueue":[],"_animationSpeed":1.089,"_zoom":9.632},{"_mousePosition":[617,368],"_rootPartCFrame":[769.357,223.647,50.512,-0.397,0,0.918,0,1,0,-0.918,0,-0.397],"_humanoidState":3,"_cameraCFrame":[772.843,234.015,49.106,-0.374,-0.854,0.362,0,0.39,0.921,-0.927,0.344,-0.146],"_shiftlockState":false,"_pose":"Jumping","_animationQueue":[["walk",0.1],["jump",0.1]],"_animationSpeed":1,"_zoom":9.632},{"_mousePosition":[617,368],"_rootPartCFrame":[769.173,224.248,50.59,-0.399,0,0.917,0,1,0,-0.917,0,-0.399],"_humanoidState":5,"_cameraCFrame":[772.567,234.664,49.263,-0.364,-0.862,0.352,0,0.378,0.926,-0.931,0.337,-0.138],"_shiftlockState":false,"_pose":"FreeFall","_animationQueue":[["jump",0.1]],"_animationSpeed":1,"_zoom":9.632},{"_mousePosition":[617,368],"_rootPartCFrame":[768.926,225.002,50.691,-0.397,0,0.918,0,1,0,-0.918,0,-0.397],"_humanoidState":5,"_cameraCFrame":[772.217,235.467,49.435,-0.356,-0.87,0.342,0,0.366,0.931,-0.934,0.332,-0.13],"_shiftlockState":false,"_pose":"FreeFall","_animationQueue":[],"_animationSpeed":1,"_zoom":9.632},{"_mousePosition":[617,368],"_rootPartCFrame":[768.678,225.702,50.788,-0.393,0,0.92,0,1,0,-0.92,0,-0.393],"_humanoidState":5,"_cameraCFrame":[771.872,236.208,49.585,-0.352,-0.875,0.332,0,0.354,0.935,-0.936,0.33,-0.125],"_shiftlockState":false,"_pose":"FreeFall","_animationQueue":[],"_animationSpeed":1,"_zoom":9.632},{"_mousePosition":[617,368],"_rootPartCFrame":[768.366,226.499,50.907,-0.387,0,0.922,0,1,0,-0.922,0,-0.387],"_humanoidState":5,"_cameraCFrame":[771.494,237.033,49.733,-0.352,-0.878,0.325,0,0.347,0.938,-0.936,0.33,-0.122],"_shiftlockState":false,"_pose":"FreeFall","_animationQueue":[],"_animationSpeed":1,"_zoom":9.632},{"_mousePosition":[617,368],"_rootPartCFrame":[768.179,226.937,50.978,-0.384,0,0.923,0,1,0,-0.923,0,-0.384],"_humanoidState":5,"_cameraCFrame":[771.245,237.495,49.827,-0.352,-0.88,0.318,0,0.34,0.94,-0.936,0.331,-0.12],"_shiftlockState":false,"_pose":"FreeFall","_animationQueue":[],"_animationSpeed":1,"_zoom":9.632},{"_mousePosition":[617,368],"_rootPartCFrame":[767.93,227.473,51.072,-0.379,0,0.925,0,1,0,-0.925,0,-0.379],"_humanoidState":5,"_cameraCFrame":[770.933,238.054,49.941,-0.352,-0.882,0.312,0,0.333,0.943,-0.936,0.332,-0.117],"_shiftlockState":false,"_pose":"FreeFall","_animationQueue":[],"_animationSpeed":1,"_zoom":9.632},{"_mousePosition":[617,368],"_rootPartCFrame":[767.68,227.954,51.166,-0.375,0,0.927,0,1,0,-0.927,0,-0.375],"_humanoidState":5,"_cameraCFrame":[770.617,238.559,50.045,-0.356,-0.883,0.305,0,0.326,0.945,-0.934,0.337,-0.116],"_shiftlockState":false,"_pose":"FreeFall","_animationQueue":[],"_animationSpeed":1,"_zoom":9.632},{"_mousePosition":[617,368],"_rootPartCFrame":[767.43,228.381,51.259,-0.372,0,0.928,0,1,0,-0.928,0,-0.372],"_humanoidState":5,"_cameraCFrame":[770.295,239.008,50.136,-0.365,-0.882,0.297,0,0.319,0.948,-0.931,0.346,-0.117],"_shiftlockState":false,"_pose":"FreeFall","_animationQueue":[],"_animationSpeed":1,"_zoom":9.632},{"_mousePosition":[617,368],"_rootPartCFrame":[767.119,228.838,51.378,-0.369,0,0.929,0,1,0,-0.929,0,-0.369],"_humanoidState":5,"_cameraCFrame":[769.925,239.482,50.247,-0.374,-0.88,0.291,0,0.314,0.949,-0.927,0.355,-0.117],"_shiftlockState":false,"_pose":"FreeFall","_animationQueue":[],"_animationSpeed":1,"_zoom":9.632},{"_mousePosition":[617,368],"_rootPartCFrame":[766.932,229.071,51.451,-0.368,0,0.93,0,1,0,-0.93,0,-0.368],"_humanoidState":5,"_cameraCFrame":[769.676,239.732,50.304,-0.386,-0.878,0.285,0,0.309,0.951,-0.923,0.367,-0.119],"_shiftlockState":false,"_pose":"FreeFall","_animationQueue":[],"_animationSpeed":1,"_zoom":9.632},{"_mousePosition":[617,368],"_rootPartCFrame":[766.685,229.335,51.55,-0.369,0,0.93,0,1,0,-0.93,0,-0.369],"_humanoidState":5,"_cameraCFrame":[769.353,240.015,50.376,-0.403,-0.872,0.277,0,0.303,0.953,-0.915,0.384,-0.122],"_shiftlockState":false,"_pose":"FreeFall","_animationQueue":[],"_animationSpeed":1,"_zoom":9.632},{"_mousePosition":[617,368],"_rootPartCFrame":[766.377,229.587,51.678,-0.371,0,0.929,0,1,0,-0.929,0,-0.371],"_humanoidState":5,"_cameraCFrame":[768.984,240.281,50.478,-0.418,-0.867,0.271,0,0.298,0.955,-0.908,0.399,-0.125],"_shiftlockState":false,"_pose":"FreeFall","_animationQueue":[],"_animationSpeed":1,"_zoom":9.632},{"_mousePosition":[617,368],"_rootPartCFrame":[766.194,229.698,51.758,-0.373,0,0.928,0,1,0,-0.928,0,-0.373],"_humanoidState":5,"_cameraCFrame":[768.723,240.408,50.516,-0.441,-0.858,0.263,0,0.293,0.956,-0.898,0.422,-0.129],"_shiftlockState":false,"_pose":"FreeFall","_animationQueue":[],"_animationSpeed":1,"_zoom":9.632},{"_mousePosition":[617,368],"_rootPartCFrame":[765.891,229.814,51.897,-0.38,0,0.925,0,1,0,-0.925,0,-0.38],"_humanoidState":5,"_cameraCFrame":[768.341,240.54,50.613,-0.464,-0.848,0.254,0,0.287,0.958,-0.886,0.445,-0.133],"_shiftlockState":false,"_pose":"FreeFall","_animationQueue":[],"_animationSpeed":1,"_zoom":9.632},{"_mousePosition":[617,368],"_rootPartCFrame":[765.711,229.843,51.984,-0.386,0,0.923,0,1,0,-0.923,0,-0.386],"_humanoidState":5,"_cameraCFrame":[768.088,240.582,50.658,-0.487,-0.838,0.247,0,0.283,0.959,-0.873,0.467,-0.138],"_shiftlockState":false,"_pose":"FreeFall","_animationQueue":[],"_animationSpeed":1,"_zoom":9.632},{"_mousePosition":[617,368],"_rootPartCFrame":[765.415,229.823,52.138,-0.398,0,0.917,0,1,0,-0.917,0,-0.398],"_humanoidState":5,"_cameraCFrame":[767.728,240.573,50.776,-0.507,-0.828,0.24,0,0.279,0.96,-0.862,0.487,-0.141],"_shiftlockState":false,"_pose":"FreeFall","_animationQueue":[],"_animationSpeed":1,"_zoom":9.632},{"_mousePosition":[617,368],"_rootPartCFrame":[765.24,229.771,52.235,-0.407,0,0.914,0,1,0,-0.914,0,-0.407],"_humanoidState":5,"_cameraCFrame":[767.51,240.527,50.844,-0.522,-0.819,0.236,0,0.276,0.961,-0.853,0.502,-0.144],"_shiftlockState":false,"_pose":"FreeFall","_animationQueue":[],"_animationSpeed":1,"_zoom":9.632},{"_mousePosition":[617,368],"_rootPartCFrame":[765.01,229.653,52.369,-0.42,0,0.908,0,1,0,-0.908,0,-0.42],"_humanoidState":5,"_cameraCFrame":[767.237,240.415,50.952,-0.537,-0.811,0.231,0,0.274,0.962,-0.844,0.516,-0.147],"_shiftlockState":false,"_pose":"FreeFall","_animationQueue":[["fall",0.3]],"_animationSpeed":1,"_zoom":9.632},{"_mousePosition":[617,368],"_rootPartCFrame":[764.725,229.428,52.543,-0.437,0,0.899,0,1,0,-0.899,0,-0.437],"_humanoidState":5,"_cameraCFrame":[766.911,240.198,51.103,-0.55,-0.804,0.227,0,0.272,0.962,-0.835,0.529,-0.149],"_shiftlockState":false,"_pose":"FreeFall","_animationQueue":[],"_animationSpeed":1,"_zoom":9.632},{"_mousePosition":[617,368],"_rootPartCFrame":[764.5,229.188,52.685,-0.451,0,0.893,0,1,0,-0.893,0,-0.451],"_humanoidState":5,"_cameraCFrame":[766.666,239.959,51.23,-0.558,-0.799,0.225,0,0.271,0.963,-0.83,0.537,-0.151],"_shiftlockState":false,"_pose":"FreeFall","_animationQueue":[],"_animationSpeed":1,"_zoom":9.632},{"_mousePosition":[617,368],"_rootPartCFrame":[764.332,228.971,52.795,-0.461,0,0.887,0,1,0,-0.887,0,-0.461],"_humanoidState":5,"_cameraCFrame":[765.47,239.747,49.879,-0.569,-0.792,0.222,0,0.269,0.963,-0.822,0.548,-0.153],"_shiftlockState":true,"_pose":"FreeFall","_animationQueue":[],"_animationSpeed":1,"_zoom":9.632},{"_mousePosition":[683,384],"_rootPartCFrame":[764.055,228.543,52.98,-0.572,0,0.82,0,1,0,-0.82,0,-0.572],"_humanoidState":5,"_cameraCFrame":[765.193,239.318,50.065,-0.569,-0.792,0.222,0,0.269,0.963,-0.822,0.548,-0.153],"_shiftlockState":true,"_pose":"FreeFall","_animationQueue":[],"_animationSpeed":1,"_zoom":9.632},{"_mousePosition":[683,384],"_rootPartCFrame":[763.891,228.245,53.093,-0.569,0,0.822,0,1,0,-0.822,0,-0.569],"_humanoidState":5,"_cameraCFrame":[764.995,239.02,50.165,-0.578,-0.786,0.22,0,0.269,0.963,-0.816,0.557,-0.156],"_shiftlockState":true,"_pose":"FreeFall","_animationQueue":[],"_animationSpeed":1,"_zoom":9.632},{"_mousePosition":[683,384],"_rootPartCFrame":[763.671,227.799,53.245,-0.578,0,0.816,0,1,0,-0.816,0,-0.578],"_humanoidState":5,"_cameraCFrame":[764.748,238.577,50.313,-0.584,-0.782,0.218,0,0.269,0.963,-0.811,0.563,-0.157],"_shiftlockState":true,"_pose":"FreeFall","_animationQueue":[],"_animationSpeed":1,"_zoom":9.632},{"_mousePosition":[683,384],"_rootPartCFrame":[763.453,227.3,53.399,-0.583,0,0.812,0,1,0,-0.812,0,-0.583],"_humanoidState":5,"_cameraCFrame":[764.527,238.077,50.466,-0.585,-0.781,0.218,0,0.269,0.963,-0.811,0.564,-0.157],"_shiftlockState":true,"_pose":"FreeFall","_animationQueue":[["fall",0.3]],"_animationSpeed":1,"_zoom":9.632},{"_mousePosition":[683,384],"_rootPartCFrame":[763.183,226.599,53.594,-0.585,0,0.811,0,1,0,-0.811,0,-0.585],"_humanoidState":5,"_cameraCFrame":[764.26,237.376,50.662,-0.584,-0.782,0.218,0,0.269,0.963,-0.811,0.563,-0.157],"_shiftlockState":true,"_pose":"FreeFall","_animationQueue":[],"_animationSpeed":1,"_zoom":9.632},{"_mousePosition":[683,384],"_rootPartCFrame":[762.967,225.976,53.75,-0.584,0,0.811,0,1,0,-0.811,0,-0.584],"_humanoidState":5,"_cameraCFrame":[764.111,236.748,50.823,-0.571,-0.79,0.222,0,0.271,0.963,-0.821,0.549,-0.155],"_shiftlockState":true,"_pose":"FreeFall","_animationQueue":[],"_animationSpeed":1,"_zoom":9.632},{"_mousePosition":[683,384],"_rootPartCFrame":[762.75,225.3,53.906,-0.572,0,0.82,0,1,0,-0.82,0,-0.572],"_humanoidState":5,"_cameraCFrame":[764.082,236.052,50.998,-0.533,-0.813,0.235,0,0.278,0.961,-0.846,0.512,-0.148],"_shiftlockState":true,"_pose":"FreeFall","_animationQueue":[],"_animationSpeed":1,"_zoom":9.632},{"_mousePosition":[683,384],"_rootPartCFrame":[762.586,224.756,54.02,-0.536,0,0.844,0,1,0,-0.844,0,-0.536],"_humanoidState":5,"_cameraCFrame":[764.209,235.484,51.184,-0.467,-0.847,0.253,0,0.286,0.958,-0.884,0.447,-0.134],"_shiftlockState":true,"_pose":"FreeFall","_animationQueue":[],"_animationSpeed":1,"_zoom":9.632},{"_mousePosition":[683,384],"_rootPartCFrame":[762.305,223.783,54.199,-0.477,0,0.879,0,1,0,-0.879,0,-0.477],"_humanoidState":5,"_cameraCFrame":[764.211,234.493,51.484,-0.392,-0.88,0.269,0,0.293,0.956,-0.92,0.375,-0.115],"_shiftlockState":true,"_pose":"FreeFall","_animationQueue":[],"_animationSpeed":1,"_zoom":9.632},{"_mousePosition":[683,384],"_rootPartCFrame":[762.13,223.158,54.295,-0.395,0,0.919,0,1,0,-0.919,0,-0.395],"_humanoidState":7,"_cameraCFrame":[764.347,233.856,51.785,-0.293,-0.913,0.283,0,0.296,0.955,-0.956,0.28,-0.087],"_shiftlockState":true,"_pose":"FreeFall","_animationQueue":[["fall",0.3],["walk",0.1],["fall",0.3],["fall",0.3]],"_animationSpeed":1,"_zoom":9.632},{"_mousePosition":[683,384],"_rootPartCFrame":[761.825,222.348,54.429,-0.287,0,0.958,0,1,0,-0.958,0,-0.287],"_humanoidState":7,"_cameraCFrame":[764.254,233.047,52.124,-0.208,-0.934,0.29,0,0.296,0.955,-0.978,0.199,-0.062],"_shiftlockState":true,"_pose":"FreeFall","_animationQueue":[],"_animationSpeed":1,"_zoom":9.632},{"_mousePosition":[683,384],"_rootPartCFrame":[761.507,222.462,54.53,-0.207,0,0.978,0,1,0,-0.978,0,-0.207],"_humanoidState":8,"_cameraCFrame":[764.093,233.165,52.422,-0.132,-0.947,0.292,0,0.295,0.956,-0.991,0.126,-0.039],"_shiftlockState":true,"_pose":"Running","_animationQueue":[["walk",0.1],["fall",0.3],["walk",0.1]],"_animationSpeed":1.103,"_zoom":9.632},{"_mousePosition":[683,384],"_rootPartCFrame":[761.316,223.121,54.589,-0.131,0,0.991,0,1,0,-0.991,0,-0.131],"_humanoidState":3,"_cameraCFrame":[764.027,233.829,52.665,-0.063,-0.954,0.293,0,0.293,0.956,-0.998,0.06,-0.018],"_shiftlockState":true,"_pose":"Jumping","_animationQueue":[["walk",0.1],["jump",0.1]],"_animationSpeed":1,"_zoom":9.632},{"_mousePosition":[683,384],"_rootPartCFrame":[761.056,223.957,54.643,-0.069,0,0.998,0,1,0,-0.998,0,-0.069],"_humanoidState":5,"_cameraCFrame":[763.849,234.669,52.864,-0.01,-0.956,0.292,0,0.292,0.956,-1,0.01,-0.003],"_shiftlockState":true,"_pose":"FreeFall","_animationQueue":[["jump",0.1]],"_animationSpeed":1,"_zoom":9.632},{"_mousePosition":[683,384],"_rootPartCFrame":[760.791,224.738,54.665,-0.018,0,1,0,1,0,-1,0,-0.018],"_humanoidState":5,"_cameraCFrame":[763.658,235.452,53.022,0.038,-0.956,0.291,0,0.291,0.957,-0.999,-0.036,0.011],"_shiftlockState":true,"_pose":"FreeFall","_animationQueue":[],"_animationSpeed":1,"_zoom":9.632},{"_mousePosition":[683,384],"_rootPartCFrame":[760.457,225.637,54.671,0.029,0,1,0,1,0,-1,0,0.029],"_humanoidState":5,"_cameraCFrame":[763.381,236.354,53.143,0.077,-0.954,0.289,0,0.29,0.957,-0.997,-0.074,0.022],"_shiftlockState":true,"_pose":"FreeFall","_animationQueue":[],"_animationSpeed":1,"_zoom":9.632},{"_mousePosition":[683,384],"_rootPartCFrame":[760.191,226.296,54.663,0.072,0,0.997,0,1,0,-0.997,0,0.072],"_humanoidState":5,"_cameraCFrame":[763.147,237.013,53.199,0.099,-0.952,0.289,0,0.29,0.957,-0.995,-0.095,0.029],"_shiftlockState":true,"_pose":"FreeFall","_animationQueue":[],"_animationSpeed":1,"_zoom":9.632},{"_mousePosition":[683,384],"_rootPartCFrame":[759.991,226.754,54.649,0.096,0,0.995,0,1,0,-0.995,0,0.096],"_humanoidState":5,"_cameraCFrame":[762.976,237.469,53.23,0.114,-0.95,0.289,0,0.291,0.957,-0.993,-0.109,0.033],"_shiftlockState":true,"_pose":"FreeFall","_animationQueue":[],"_animationSpeed":1,"_zoom":9.632},{"_mousePosition":[683,384],"_rootPartCFrame":[759.66,227.45,54.617,0.111,0,0.994,0,1,0,-0.994,0,0.111],"_humanoidState":5,"_cameraCFrame":[762.659,238.162,53.214,0.119,-0.95,0.29,0,0.292,0.956,-0.993,-0.114,0.035],"_shiftlockState":true,"_pose":"FreeFall","_animationQueue":[],"_animationSpeed":1,"_zoom":9.632},{"_mousePosition":[683,384],"_rootPartCFrame":[759.461,227.826,54.595,0.118,0,0.993,0,1,0,-0.993,0,0.118],"_humanoidState":5,"_cameraCFrame":[762.468,238.536,53.193,0.119,-0.949,0.291,0,0.293,0.956,-0.993,-0.114,0.035],"_shiftlockState":true,"_pose":"FreeFall","_animationQueue":[],"_animationSpeed":1,"_zoom":9.632},{"_mousePosition":[683,384],"_rootPartCFrame":[759.196,228.28,54.563,0.119,0,0.993,0,1,0,-0.993,0,0.119],"_humanoidState":5,"_cameraCFrame":[762.203,238.99,53.161,0.119,-0.949,0.291,0,0.293,0.956,-0.993,-0.114,0.035],"_shiftlockState":true,"_pose":"FreeFall","_animationQueue":[],"_animationSpeed":1,"_zoom":9.632},{"_mousePosition":[683,384],"_rootPartCFrame":[758.931,228.68,54.531,0.119,0,0.993,0,1,0,-0.993,0,0.119],"_humanoidState":5,"_cameraCFrame":[761.938,239.39,53.129,0.119,-0.949,0.291,0,0.293,0.956,-0.993,-0.114,0.035],"_shiftlockState":true,"_pose":"FreeFall","_animationQueue":[],"_animationSpeed":1,"_zoom":9.632},{"_mousePosition":[683,384],"_rootPartCFrame":[758.667,229.025,54.5,0.119,0,0.993,0,1,0,-0.993,0,0.119],"_humanoidState":5,"_cameraCFrame":[761.673,239.735,53.098,0.119,-0.949,0.291,0,0.293,0.956,-0.993,-0.114,0.035],"_shiftlockState":true,"_pose":"FreeFall","_animationQueue":[],"_animationSpeed":1,"_zoom":9.632},{"_mousePosition":[683,384],"_rootPartCFrame":[758.402,229.316,54.468,0.119,0,0.993,0,1,0,-0.993,0,0.119],"_humanoidState":5,"_cameraCFrame":[761.409,240.026,53.066,0.119,-0.949,0.291,0,0.293,0.956,-0.993,-0.114,0.035],"_shiftlockState":true,"_pose":"FreeFall","_animationQueue":[],"_animationSpeed":1,"_zoom":9.632},{"_mousePosition":[683,384],"_rootPartCFrame":[758.137,229.552,54.436,0.119,0,0.993,0,1,0,-0.993,0,0.119],"_humanoidState":5,"_cameraCFrame":[761.143,240.262,53.031,0.118,-0.95,0.291,0,0.293,0.956,-0.993,-0.113,0.035],"_shiftlockState":true,"_pose":"FreeFall","_animationQueue":[],"_animationSpeed":1,"_zoom":9.632},{"_mousePosition":[683,384],"_rootPartCFrame":[757.807,229.77,54.396,0.118,0,0.993,0,1,0,-0.993,0,0.118],"_humanoidState":5,"_cameraCFrame":[760.806,240.48,52.979,0.114,-0.95,0.291,0,0.293,0.956,-0.993,-0.109,0.033],"_shiftlockState":true,"_pose":"FreeFall","_animationQueue":[],"_animationSpeed":1,"_zoom":9.632},{"_mousePosition":[683,384],"_rootPartCFrame":[757.608,229.86,54.373,0.114,0,0.993,0,1,0,-0.993,0,0.114],"_humanoidState":5,"_cameraCFrame":[760.606,240.571,52.952,0.113,-0.95,0.291,0,0.293,0.956,-0.994,-0.108,0.033],"_shiftlockState":true,"_pose":"FreeFall","_animationQueue":[],"_animationSpeed":1,"_zoom":9.632},{"_mousePosition":[683,384],"_rootPartCFrame":[757.343,229.933,54.342,0.113,0,0.994,0,1,0,-0.994,0,0.113],"_humanoidState":5,"_cameraCFrame":[760.341,240.643,52.921,0.113,-0.95,0.291,0,0.293,0.956,-0.994,-0.108,0.033],"_shiftlockState":true,"_pose":"FreeFall","_animationQueue":[],"_animationSpeed":1,"_zoom":9.632},{"_mousePosition":[683,384],"_rootPartCFrame":[757.078,229.951,54.312,0.113,0,0.994,0,1,0,-0.994,0,0.113],"_humanoidState":5,"_cameraCFrame":[760.076,240.661,52.891,0.113,-0.95,0.291,0,0.293,0.956,-0.994,-0.108,0.033],"_shiftlockState":true,"_pose":"FreeFall","_animationQueue":[],"_animationSpeed":1,"_zoom":9.632},{"_mousePosition":[683,384],"_rootPartCFrame":[756.813,229.915,54.282,0.113,0,0.994,0,1,0,-0.994,0,0.113],"_humanoidState":5,"_cameraCFrame":[759.811,240.625,52.861,0.113,-0.95,0.291,0,0.293,0.956,-0.994,-0.108,0.033],"_shiftlockState":true,"_pose":"FreeFall","_animationQueue":[["fall",0.3]],"_animationSpeed":1,"_zoom":9.632},{"_mousePosition":[683,384],"_rootPartCFrame":[756.548,229.824,54.252,0.113,0,0.994,0,1,0,-0.994,0,0.113],"_humanoidState":5,"_cameraCFrame":[759.628,240.766,52.847,0.115,-0.95,0.291,0,0.293,0.956,-0.993,-0.11,0.034],"_shiftlockState":true,"_pose":"FreeFall","_animationQueue":[],"_animationSpeed":1,"_zoom":12.54},{"_mousePosition":[683,384],"_rootPartCFrame":[756.217,229.634,54.214,0.115,0,0.993,0,1,0,-0.993,0,0.115],"_humanoidState":5,"_cameraCFrame":[759.446,241.008,52.865,0.127,-0.948,0.291,0,0.293,0.956,-0.992,-0.122,0.037],"_shiftlockState":true,"_pose":"FreeFall","_animationQueue":[],"_animationSpeed":1,"_zoom":12.54},{"_mousePosition":[683,384],"_rootPartCFrame":[755.952,229.42,54.184,0.126,0,0.992,0,1,0,-0.992,0,0.126],"_humanoidState":5,"_cameraCFrame":[759.366,241.276,52.956,0.157,-0.944,0.29,0,0.293,0.956,-0.988,-0.151,0.046],"_shiftlockState":true,"_pose":"FreeFall","_animationQueue":[],"_animationSpeed":1,"_zoom":12.54},{"_mousePosition":[683,384],"_rootPartCFrame":[755.754,229.224,54.159,0.155,0,0.988,0,1,0,-0.988,0,0.155],"_humanoidState":5,"_cameraCFrame":[759.31,241.489,53.118,0.206,-0.936,0.284,0,0.29,0.957,-0.979,-0.197,0.06],"_shiftlockState":true,"_pose":"FreeFall","_animationQueue":[],"_animationSpeed":1,"_zoom":12.54},{"_mousePosition":[683,384],"_rootPartCFrame":[755.49,228.916,54.118,0.2,0,0.98,0,1,0,-0.98,0,0.2],"_humanoidState":5,"_cameraCFrame":[759.139,241.547,53.363,0.281,-0.92,0.272,0,0.283,0.959,-0.96,-0.269,0.08],"_shiftlockState":true,"_pose":"FreeFall","_animationQueue":[],"_animationSpeed":1,"_zoom":12.54},{"_mousePosition":[683,384],"_rootPartCFrame":[755.164,228.453,54.051,0.27,0,0.963,0,1,0,-0.963,0,0.27],"_humanoidState":5,"_cameraCFrame":[758.852,241.373,53.629,0.368,-0.894,0.256,0,0.276,0.961,-0.93,-0.354,0.101],"_shiftlockState":true,"_pose":"FreeFall","_animationQueue":[["fall",0.3]],"_animationSpeed":1,"_zoom":12.54},{"_mousePosition":[683,384],"_rootPartCFrame":[754.907,228.021,53.98,0.357,0,0.934,0,1,0,-0.934,0,0.357],"_humanoidState":5,"_cameraCFrame":[758.615,241.14,53.867,0.445,-0.862,0.243,0,0.271,0.963,-0.896,-0.428,0.12],"_shiftlockState":true,"_pose":"FreeFall","_animationQueue":[],"_animationSpeed":1,"_zoom":12.54},{"_mousePosition":[683,384],"_rootPartCFrame":[754.657,227.535,53.888,0.434,0,0.901,0,1,0,-0.901,0,0.434],"_humanoidState":5,"_cameraCFrame":[758.363,240.806,54.071,0.514,-0.826,0.23,0,0.268,0.963,-0.858,-0.496,0.138],"_shiftlockState":true,"_pose":"FreeFall","_animationQueue":[],"_animationSpeed":1,"_zoom":12.54},{"_mousePosition":[683,384],"_rootPartCFrame":[754.476,227.135,53.804,0.507,0,0.862,0,1,0,-0.862,0,0.507],"_humanoidState":5,"_cameraCFrame":[758.176,240.508,54.252,0.572,-0.79,0.219,0,0.267,0.964,-0.82,-0.552,0.153],"_shiftlockState":true,"_pose":"FreeFall","_animationQueue":[],"_animationSpeed":1,"_zoom":12.54},{"_mousePosition":[683,384],"_rootPartCFrame":[754.188,226.4,53.637,0.563,0,0.827,0,1,0,-0.827,0,0.563],"_humanoidState":5,"_cameraCFrame":[757.864,239.841,54.295,0.617,-0.759,0.21,0,0.266,0.964,-0.787,-0.595,0.164],"_shiftlockState":true,"_pose":"FreeFall","_animationQueue":[],"_animationSpeed":1,"_zoom":12.54},{"_mousePosition":[683,384],"_rootPartCFrame":[754.022,225.918,53.525,0.612,0,0.791,0,1,0,-0.791,0,0.612],"_humanoidState":5,"_cameraCFrame":[757.666,239.41,54.354,0.653,-0.73,0.201,0,0.266,0.964,-0.758,-0.629,0.173],"_shiftlockState":true,"_pose":"FreeFall","_animationQueue":[],"_animationSpeed":1,"_zoom":12.54},{"_mousePosition":[683,384],"_rootPartCFrame":[753.758,225.047,53.321,0.646,0,0.763,0,1,0,-0.763,0,0.646],"_humanoidState":5,"_cameraCFrame":[757.388,238.568,54.277,0.676,-0.71,0.196,0,0.266,0.964,-0.737,-0.652,0.18],"_shiftlockState":true,"_pose":"FreeFall","_animationQueue":[["fall",0.3]],"_animationSpeed":1,"_zoom":12.54},{"_mousePosition":[683,384],"_rootPartCFrame":[753.555,224.288,53.149,0.673,0,0.74,0,1,0,-0.74,0,0.673],"_humanoidState":5,"_cameraCFrame":[757.184,237.825,54.194,0.691,-0.697,0.194,0,0.268,0.963,-0.723,-0.665,0.185],"_shiftlockState":true,"_pose":"FreeFall","_animationQueue":[],"_animationSpeed":1,"_zoom":12.54},{"_mousePosition":[683,384],"_rootPartCFrame":[753.358,223.475,52.969,0.688,0,0.725,0,1,0,-0.725,0,0.688],"_humanoidState":5,"_cameraCFrame":[756.994,237.019,54.091,0.701,-0.686,0.193,0,0.27,0.963,-0.713,-0.675,0.189],"_shiftlockState":true,"_pose":"FreeFall","_animationQueue":[],"_animationSpeed":1,"_zoom":12.54},{"_mousePosition":[683,384],"_rootPartCFrame":[753.164,222.608,52.786,0.701,0,0.714,0,1,0,-0.714,0,0.701],"_humanoidState":7,"_cameraCFrame":[756.79,236.161,53.951,0.709,-0.679,0.19,0,0.27,0.963,-0.705,-0.683,0.192],"_shiftlockState":true,"_pose":"FreeFall","_animationQueue":[["walk",0.1],["fall",0.3],["fall",0.3]],"_animationSpeed":1,"_zoom":12.54},{"_mousePosition":[683,384],"_rootPartCFrame":[753.021,222.426,52.646,0.709,0,0.705,0,1,0,-0.705,0,0.709],"_humanoidState":7,"_cameraCFrame":[756.625,235.986,53.881,0.722,-0.666,0.187,0,0.27,0.963,-0.691,-0.696,0.195],"_shiftlockState":true,"_pose":"FreeFall","_animationQueue":[],"_animationSpeed":1,"_zoom":12.54},{"_mousePosition":[683,384],"_rootPartCFrame":[752.739,222.547,52.362,0.722,0,0.691,0,1,0,-0.691,0,0.722],"_humanoidState":8,"_cameraCFrame":[756.288,236.12,53.678,0.742,-0.646,0.18,0,0.268,0.963,-0.671,-0.715,0.199],"_shiftlockState":true,"_pose":"Running","_animationQueue":[["walk",0.1],["fall",0.3],["walk",0.1]],"_animationSpeed":1.103,"_zoom":12.54},{"_mousePosition":[683,384],"_rootPartCFrame":[752.554,222.615,52.17,0.742,0,0.671,0,1,0,-0.671,0,0.742],"_humanoidState":8,"_cameraCFrame":[756.036,236.199,53.59,0.765,-0.621,0.171,0,0.266,0.964,-0.644,-0.738,0.203],"_shiftlockState":true,"_pose":"Running","_animationQueue":[["walk",0.1]],"_animationSpeed":1.103,"_zoom":12.54},{"_mousePosition":[683,384],"_rootPartCFrame":[752.374,222.653,51.973,0.765,0,0.644,0,1,0,-0.644,0,0.765],"_humanoidState":8,"_cameraCFrame":[755.79,236.245,53.505,0.788,-0.594,0.162,0,0.264,0.965,-0.615,-0.76,0.208],"_shiftlockState":true,"_pose":"Running","_animationQueue":[],"_animationSpeed":1.103,"_zoom":12.54},{"_mousePosition":[683,384],"_rootPartCFrame":[752.202,222.674,51.77,0.788,0,0.615,0,1,0,-0.615,0,0.788],"_humanoidState":8,"_cameraCFrame":[755.533,236.275,53.42,0.813,-0.562,0.152,0,0.262,0.965,-0.582,-0.785,0.213],"_shiftlockState":true,"_pose":"Running","_animationQueue":[],"_animationSpeed":1.103,"_zoom":12.54},{"_mousePosition":[683,384],"_rootPartCFrame":[752.078,222.684,51.613,0.813,0,0.582,0,1,0,-0.582,0,0.813],"_humanoidState":8,"_cameraCFrame":[755.297,236.293,53.421,0.844,-0.517,0.139,0,0.259,0.966,-0.536,-0.815,0.219],"_shiftlockState":true,"_pose":"Running","_animationQueue":[],"_animationSpeed":1.103,"_zoom":12.54},{"_mousePosition":[683,384],"_rootPartCFrame":[751.921,222.691,51.398,0.844,0,0.536,0,1,0,-0.536,0,0.844],"_humanoidState":8,"_cameraCFrame":[754.997,236.314,53.361,0.876,-0.466,0.123,0,0.255,0.967,-0.482,-0.847,0.224],"_shiftlockState":true,"_pose":"Running","_animationQueue":[],"_animationSpeed":1.103,"_zoom":12.54},{"_mousePosition":[683,384],"_rootPartCFrame":[751.741,222.696,51.117,0.876,0,0.482,0,1,0,-0.482,0,0.876],"_humanoidState":8,"_cameraCFrame":[754.682,236.329,53.219,0.903,-0.417,0.109,0,0.252,0.968,-0.431,-0.873,0.228],"_shiftlockState":true,"_pose":"Running","_animationQueue":[],"_animationSpeed":1.103,"_zoom":12.54},{"_mousePosition":[683,384],"_rootPartCFrame":[751.61,222.697,50.885,0.903,0,0.431,0,1,0,-0.431,0,0.903],"_humanoidState":8,"_cameraCFrame":[754.425,236.341,53.099,0.923,-0.372,0.096,0,0.249,0.968,-0.384,-0.894,0.23],"_shiftlockState":true,"_pose":"Running","_animationQueue":[["walk",0.1]],"_animationSpeed":1.103,"_zoom":12.54},{"_mousePosition":[683,384],"_rootPartCFrame":[751.493,222.699,50.645,0.923,0,0.384,0,1,0,-0.384,0,0.923],"_humanoidState":8,"_cameraCFrame":[754.194,236.347,52.971,0.941,-0.329,0.084,0,0.248,0.969,-0.34,-0.911,0.233],"_shiftlockState":true,"_pose":"Running","_animationQueue":[],"_animationSpeed":1.103,"_zoom":12.54},{"_mousePosition":[683,384],"_rootPartCFrame":[751.415,222.699,50.461,0.941,0,0.34,0,1,0,-0.34,0,0.941],"_humanoidState":8,"_cameraCFrame":[754.033,236.348,52.879,0.952,-0.297,0.076,0,0.248,0.969,-0.307,-0.922,0.236],"_shiftlockState":true,"_pose":"Running","_animationQueue":[],"_animationSpeed":1.103,"_zoom":12.54},{"_mousePosition":[683,384],"_rootPartCFrame":[751.3,222.699,50.149,0.952,0,0.307,0,1,0,-0.307,0,0.952],"_humanoidState":8,"_cameraCFrame":[753.838,236.351,52.638,0.961,-0.268,0.068,0,0.247,0.969,-0.277,-0.931,0.237],"_shiftlockState":true,"_pose":"Running","_animationQueue":[],"_animationSpeed":1.103,"_zoom":12.54},{"_mousePosition":[683,384],"_rootPartCFrame":[751.237,222.699,49.959,0.961,0,0.277,0,1,0,-0.277,0,0.961],"_humanoidState":8,"_cameraCFrame":[753.72,236.351,52.503,0.967,-0.248,0.063,0,0.247,0.969,-0.256,-0.937,0.239],"_shiftlockState":true,"_pose":"Running","_animationQueue":[],"_animationSpeed":1.103,"_zoom":12.54},{"_mousePosition":[683,384],"_rootPartCFrame":[751.143,222.7,49.639,0.967,0,0.256,0,1,0,-0.256,0,0.967],"_humanoidState":8,"_cameraCFrame":[753.587,236.354,52.21,0.97,-0.234,0.059,0,0.246,0.969,-0.242,-0.941,0.239],"_shiftlockState":true,"_pose":"Running","_animationQueue":[],"_animationSpeed":1.103,"_zoom":12.54},{"_mousePosition":[683,384],"_rootPartCFrame":[751.074,222.7,49.381,0.97,0,0.242,0,1,0,-0.242,0,0.97],"_humanoidState":8,"_cameraCFrame":[753.493,236.354,51.975,0.973,-0.225,0.057,0,0.246,0.969,-0.232,-0.943,0.239],"_shiftlockState":true,"_pose":"Running","_animationQueue":[],"_animationSpeed":1.103,"_zoom":12.54},{"_mousePosition":[683,384],"_rootPartCFrame":[751.025,222.7,49.187,0.973,0,0.232,0,1,0,-0.232,0,0.973],"_humanoidState":8,"_cameraCFrame":[753.434,236.354,51.791,0.974,-0.221,0.056,0,0.246,0.969,-0.228,-0.944,0.24],"_shiftlockState":true,"_pose":"Running","_animationQueue":[["walk",0.1]],"_animationSpeed":1.103,"_zoom":12.54},{"_mousePosition":[683,384],"_rootPartCFrame":[750.963,222.7,48.928,0.974,0,0.228,0,1,0,-0.228,0,0.974],"_humanoidState":8,"_cameraCFrame":[753.366,236.354,51.537,0.974,-0.219,0.056,0,0.246,0.969,-0.226,-0.944,0.24],"_shiftlockState":true,"_pose":"Running","_animationQueue":[],"_animationSpeed":1.103,"_zoom":12.54},{"_mousePosition":[683,384],"_rootPartCFrame":[750.886,223.783,48.604,0.974,0,0.226,0,1,0,-0.226,0,0.974],"_humanoidState":3,"_cameraCFrame":[753.283,237.438,51.218,0.975,-0.217,0.055,0,0.246,0.969,-0.224,-0.945,0.24],"_shiftlockState":true,"_pose":"Jumping","_animationQueue":[["walk",0.1],["jump",0.1]],"_animationSpeed":1,"_zoom":12.54},{"_mousePosition":[683,384],"_rootPartCFrame":[750.84,224.395,48.409,0.974,0,0.224,0,1,0,-0.224,0,0.974],"_humanoidState":5,"_cameraCFrame":[753.226,238.049,51.033,0.975,-0.213,0.054,0,0.246,0.969,-0.22,-0.945,0.24],"_shiftlockState":true,"_pose":"FreeFall","_animationQueue":[["jump",0.1]],"_animationSpeed":1,"_zoom":12.54},{"_mousePosition":[683,384],"_rootPartCFrame":[750.78,225.162,48.149,0.975,0,0.221,0,1,0,-0.221,0,0.975],"_humanoidState":5,"_cameraCFrame":[753.148,238.819,50.779,0.977,-0.208,0.052,0,0.245,0.969,-0.214,-0.947,0.24],"_shiftlockState":true,"_pose":"FreeFall","_animationQueue":[],"_animationSpeed":1,"_zoom":12.54},{"_mousePosition":[683,384],"_rootPartCFrame":[750.721,225.875,47.889,0.977,0,0.215,0,1,0,-0.215,0,0.977],"_humanoidState":5,"_cameraCFrame":[753.07,239.534,50.524,0.978,-0.202,0.051,0,0.244,0.97,-0.208,-0.948,0.239],"_shiftlockState":true,"_pose":"FreeFall","_animationQueue":[],"_animationSpeed":1,"_zoom":12.54},{"_mousePosition":[683,384],"_rootPartCFrame":[750.664,226.534,47.629,0.978,0,0.209,0,1,0,-0.209,0,0.978],"_humanoidState":5,"_cameraCFrame":[752.999,240.193,50.276,0.979,-0.197,0.05,0,0.244,0.97,-0.203,-0.95,0.239],"_shiftlockState":true,"_pose":"FreeFall","_animationQueue":[],"_animationSpeed":1,"_zoom":12.54},{"_mousePosition":[683,384],"_rootPartCFrame":[750.594,227.28,47.303,0.979,0,0.204,0,1,0,-0.204,0,0.979],"_humanoidState":5,"_cameraCFrame":[752.919,240.939,49.959,0.98,-0.193,0.049,0,0.244,0.97,-0.199,-0.95,0.24],"_shiftlockState":true,"_pose":"FreeFall","_animationQueue":[],"_animationSpeed":1,"_zoom":12.54},{"_mousePosition":[683,384],"_rootPartCFrame":[750.54,227.816,47.042,0.98,0,0.199,0,1,0,-0.199,0,0.98],"_humanoidState":5,"_cameraCFrame":[752.859,241.478,49.691,0.98,-0.192,0.048,0,0.244,0.97,-0.198,-0.951,0.239],"_shiftlockState":true,"_pose":"FreeFall","_animationQueue":[],"_animationSpeed":1,"_zoom":12.54},{"_mousePosition":[683,384],"_rootPartCFrame":[750.487,228.298,46.78,0.98,0,0.198,0,1,0,-0.198,0,0.98],"_humanoidState":5,"_cameraCFrame":[752.804,241.959,49.432,0.98,-0.191,0.048,0,0.244,0.97,-0.197,-0.951,0.239],"_shiftlockState":true,"_pose":"FreeFall","_animationQueue":[],"_animationSpeed":1,"_zoom":12.54},{"_mousePosition":[683,384],"_rootPartCFrame":[750.447,228.623,46.584,0.98,0,0.197,0,1,0,-0.197,0,0.98],"_humanoidState":5,"_cameraCFrame":[752.761,242.285,49.239,0.981,-0.19,0.048,0,0.244,0.97,-0.196,-0.951,0.239],"_shiftlockState":true,"_pose":"FreeFall","_animationQueue":[],"_animationSpeed":1,"_zoom":12.54},{"_mousePosition":[683,384],"_rootPartCFrame":[750.395,229.009,46.323,0.981,0,0.196,0,1,0,-0.196,0,0.981],"_humanoidState":5,"_cameraCFrame":[752.709,242.671,48.977,0.981,-0.19,0.048,0,0.244,0.97,-0.196,-0.951,0.239],"_shiftlockState":true,"_pose":"FreeFall","_animationQueue":[],"_animationSpeed":1,"_zoom":12.54},{"_mousePosition":[683,384],"_rootPartCFrame":[750.343,229.34,46.061,0.981,0,0.196,0,1,0,-0.196,0,0.981],"_humanoidState":5,"_cameraCFrame":[752.654,243.002,48.718,0.981,-0.189,0.047,0,0.244,0.97,-0.195,-0.951,0.239],"_shiftlockState":true,"_pose":"FreeFall","_animationQueue":[],"_animationSpeed":1,"_zoom":12.54},{"_mousePosition":[683,384],"_rootPartCFrame":[750.29,229.618,45.8,0.981,0,0.195,0,1,0,-0.195,0,0.981],"_humanoidState":5,"_cameraCFrame":[752.602,243.279,48.457,0.981,-0.189,0.