[{"_mousePosition":[705,399],"_rootPartCFrame":[776.028,222.7,47.142,0,0,1,0,1,0,-1,0,0],"_humanoidState":8,"_cameraCFrame":[779.204,233.02,34.023,-0.972,-0.129,0.197,0,0.837,0.547,-0.235,0.532,-0.814],"_shiftlockState":false,"_pose":"Standing","_animationQueue":[],"_animationSpeed":1,"_zoom":16.125},{"_mousePosition":[705,399],"_rootPartCFrame":[775.861,222.7,47.102,0.023,0,1,0,1,0,-1,0,0.023],"_humanoidState":8,"_cameraCFrame":[779.104,233.02,33.999,-0.971,-0.131,0.201,0,0.837,0.547,-0.24,0.531,-0.813],"_shiftlockState":false,"_pose":"Standing","_animationQueue":[],"_animationSpeed":1,"_zoom":16.125},{"_mousePosition":[705,399],"_rootPartCFrame":[775.604,222.7,47.04,0.052,0,0.999,0,1,0,-0.999,0,0.052],"_humanoidState":8,"_cameraCFrame":[778.954,232.968,33.928,-0.969,-0.135,0.208,0,0.839,0.544,-0.248,0.527,-0.813],"_shiftlockState":false,"_pose":"Running","_animationQueue":[["walk",0.1]],"_animationSpeed":1.003,"_zoom":16.125},{"_mousePosition":[705,399],"_rootPartCFrame":[775.345,222.7,46.976,0.078,0,0.997,0,1,0,-0.997,0,0.078],"_humanoidState":8,"_cameraCFrame":[778.96,232.968,33.935,-0.964,-0.145,0.224,0,0.839,0.544,-0.267,0.524,-0.809],"_shiftlockState":false,"_pose":"Running","_animationQueue":[["walk",0.1]],"_animationSpeed":1.101,"_zoom":16.125},{"_mousePosition":[705,399],"_rootPartCFrame":[775.086,222.7,46.91,0.101,0,0.995,0,1,0,-0.995,0,0.101],"_humanoidState":8,"_cameraCFrame":[778.955,233.02,33.978,-0.958,-0.157,0.24,0,0.837,0.547,-0.287,0.524,-0.802],"_shiftlockState":false,"_pose":"Running","_animationQueue":[],"_animationSpeed":1.101,"_zoom":16.125},{"_mousePosition":[705,399],"_rootPartCFrame":[774.829,222.7,46.839,0.123,0,0.992,0,1,0,-0.992,0,0.123],"_humanoidState":8,"_cameraCFrame":[778.916,233.073,34.01,-0.953,-0.167,0.253,0,0.835,0.55,-0.304,0.524,-0.796],"_shiftlockState":false,"_pose":"Running","_animationQueue":[],"_animationSpeed":1.101,"_zoom":16.125},{"_mousePosition":[705,399],"_rootPartCFrame":[774.574,222.7,46.763,0.145,0,0.989,0,1,0,-0.989,0,0.145],"_humanoidState":8,"_cameraCFrame":[778.812,233.125,34.02,-0.949,-0.175,0.263,0,0.833,0.554,-0.316,0.525,-0.79],"_shiftlockState":false,"_pose":"Running","_animationQueue":[],"_animationSpeed":1.101,"_zoom":16.125},{"_mousePosition":[705,399],"_rootPartCFrame":[774.319,222.7,46.682,0.167,0,0.986,0,1,0,-0.986,0,0.167],"_humanoidState":8,"_cameraCFrame":[778.686,233.125,33.983,-0.946,-0.18,0.271,0,0.833,0.554,-0.325,0.523,-0.788],"_shiftlockState":false,"_pose":"Running","_animationQueue":[],"_animationSpeed":1.101,"_zoom":16.125},{"_mousePosition":[705,399],"_rootPartCFrame":[774.066,222.7,46.599,0.187,0,0.982,0,1,0,-0.982,0,0.187],"_humanoidState":8,"_cameraCFrame":[778.433,233.125,33.899,-0.946,-0.18,0.271,0,0.833,0.554,-0.325,0.523,-0.788],"_shiftlockState":false,"_pose":"Running","_animationQueue":[["walk",0.1]],"_animationSpeed":1.101,"_zoom":16.125},{"_mousePosition":[705,399],"_rootPartCFrame":[773.814,222.7,46.512,0.206,0,0.979,0,1,0,-0.979,0,0.206],"_humanoidState":8,"_cameraCFrame":[778.181,233.125,33.812,-0.946,-0.18,0.271,0,0.833,0.554,-0.325,0.523,-0.788],"_shiftlockState":false,"_pose":"Running","_animationQueue":[],"_animationSpeed":1.101,"_zoom":16.125},{"_mousePosition":[705,399],"_rootPartCFrame":[773.562,222.7,46.425,0.222,0,0.975,0,1,0,-0.975,0,0.222],"_humanoidState":8,"_cameraCFrame":[777.929,233.125,33.726,-0.946,-0.18,0.271,0,0.833,0.554,-0.325,0.523,-0.788],"_shiftlockState":false,"_pose":"Running","_animationQueue":[],"_animationSpeed":1.101,"_zoom":16.125},{"_mousePosition":[705,399],"_rootPartCFrame":[773.31,222.7,46.339,0.236,0,0.972,0,1,0,-0.972,0,0.236],"_humanoidState":8,"_cameraCFrame":[777.677,233.125,33.639,-0.946,-0.18,0.271,0,0.833,0.554,-0.325,0.523,-0.788],"_shiftlockState":false,"_pose":"Running","_animationQueue":[],"_animationSpeed":1.101,"_zoom":16.125},{"_mousePosition":[705,399],"_rootPartCFrame":[773.057,222.7,46.252,0.249,0,0.969,0,1,0,-0.969,0,0.249],"_humanoidState":8,"_cameraCFrame":[777.451,233.151,33.58,-0.945,-0.182,0.272,0,0.832,0.555,-0.328,0.525,-0.786],"_shiftlockState":false,"_pose":"Running","_animationQueue":[],"_animationSpeed":1.101,"_zoom":16.125},{"_mousePosition":[705,399],"_rootPartCFrame":[772.805,222.7,46.165,0.259,0,0.966,0,1,0,-0.966,0,0.259],"_humanoidState":8,"_cameraCFrame":[777.198,233.151,33.493,-0.945,-0.182,0.272,0,0.832,0.555,-0.328,0.525,-0.786],"_shiftlockState":false,"_pose":"Running","_animationQueue":[],"_animationSpeed":1.101,"_zoom":16.125},{"_mousePosition":[705,399],"_rootPartCFrame":[772.553,222.7,46.078,0.268,0,0.963,0,1,0,-0.963,0,0.268],"_humanoidState":8,"_cameraCFrame":[776.909,233.177,33.411,-0.946,-0.181,0.27,0,0.831,0.557,-0.325,0.527,-0.786],"_shiftlockState":false,"_pose":"Running","_animationQueue":[],"_animationSpeed":1.101,"_zoom":16.125},{"_mousePosition":[705,399],"_rootPartCFrame":[772.301,222.7,45.991,0.276,0,0.961,0,1,0,-0.961,0,0.276],"_humanoidState":8,"_cameraCFrame":[776.453,233.23,33.293,-0.95,-0.174,0.257,0,0.828,0.56,-0.311,0.532,-0.787],"_shiftlockState":false,"_pose":"Running","_animationQueue":[["walk",0.1]],"_animationSpeed":1.101,"_zoom":16.125},{"_mousePosition":[705,399],"_rootPartCFrame":[772.049,222.7,45.904,0.283,0,0.959,0,1,0,-0.959,0,0.283],"_humanoidState":8,"_cameraCFrame":[776.029,233.282,33.188,-0.954,-0.168,0.247,0,0.826,0.563,-0.299,0.538,-0.789],"_shiftlockState":false,"_pose":"Running","_animationQueue":[],"_animationSpeed":1.101,"_zoom":16.125},{"_mousePosition":[705,399],"_rootPartCFrame":[771.796,222.7,45.821,0.287,0,0.958,0,1,0,-0.958,0,0.287],"_humanoidState":8,"_cameraCFrame":[775.545,233.308,33.053,-0.959,-0.159,0.233,0,0.825,0.565,-0.282,0.542,-0.792],"_shiftlockState":false,"_pose":"Running","_animationQueue":[],"_animationSpeed":1.101,"_zoom":16.125},{"_mousePosition":[705,399],"_rootPartCFrame":[771.541,222.7,45.741,0.289,0,0.957,0,1,0,-0.957,0,0.289],"_humanoidState":8,"_cameraCFrame":[774.962,233.333,32.9,-0.966,-0.146,0.212,0,0.824,0.566,-0.257,0.547,-0.796],"_shiftlockState":false,"_pose":"Running","_animationQueue":[],"_animationSpeed":1.101,"_zoom":16.125},{"_mousePosition":[705,399],"_rootPartCFrame":[771.286,222.7,45.665,0.288,0,0.958,0,1,0,-0.958,0,0.288],"_humanoidState":8,"_cameraCFrame":[774.372,233.385,32.777,-0.973,-0.133,0.191,0,0.822,0.57,-0.233,0.554,-0.799],"_shiftlockState":false,"_pose":"Running","_animationQueue":[],"_animationSpeed":1.101,"_zoom":16.125},{"_mousePosition":[705,399],"_rootPartCFrame":[771.028,222.7,45.596,0.284,0,0.959,0,1,0,-0.959,0,0.284],"_humanoidState":8,"_cameraCFrame":[773.783,233.411,32.651,-0.978,-0.119,0.171,0,0.821,0.571,-0.208,0.559,-0.803],"_shiftlockState":false,"_pose":"Running","_animationQueue":[],"_animationSpeed":1.101,"_zoom":16.125},{"_mousePosition":[705,399],"_rootPartCFrame":[770.769,222.7,45.533,0.278,0,0.961,0,1,0,-0.961,0,0.278],"_humanoidState":8,"_cameraCFrame":[773.225,233.437,32.547,-0.983,-0.106,0.152,0,0.82,0.573,-0.186,0.563,-0.805],"_shiftlockState":false,"_pose":"Running","_animationQueue":[],"_animationSpeed":1.101,"_zoom":16.125},{"_mousePosition":[705,399],"_rootPartCFrame":[770.508,222.7,45.477,0.269,0,0.963,0,1,0,-0.963,0,0.269],"_humanoidState":8,"_cameraCFrame":[772.632,233.462,32.45,-0.987,-0.092,0.132,0,0.819,0.574,-0.161,0.567,-0.808],"_shiftlockState":false,"_pose":"Running","_animationQueue":[["walk",0.1]],"_animationSpeed":1.101,"_zoom":16.125},{"_mousePosition":[705,399],"_rootPartCFrame":[770.246,222.7,45.427,0.258,0,0.966,0,1,0,-0.966,0,0.258],"_humanoidState":8,"_cameraCFrame":[772.002,233.514,32.382,-0.991,-0.077,0.109,0,0.816,0.578,-0.133,0.572,-0.809],"_shiftlockState":false,"_pose":"Running","_animationQueue":[],"_animationSpeed":1.101,"_zoom":16.125},{"_mousePosition":[705,399],"_rootPartCFrame":[769.984,222.666,45.378,0.247,0,0.969,0,1,0,-0.969,0,0.247],"_humanoidState":8,"_cameraCFrame":[769.401,233.48,32.112,-0.996,-0.051,0.072,0,0.816,0.578,-0.088,0.575,-0.813],"_shiftlockState":true,"_pose":"Running","_animationQueue":[],"_animationSpeed":1.101,"_zoom":16.125},{"_mousePosition":[683,384],"_rootPartCFrame":[769.657,222.546,45.316,-0.997,0,0.074,0,1,0,-0.074,0,-0.997],"_humanoidState":8,"_cameraCFrame":[769.074,233.361,32.05,-0.996,-0.051,0.072,0,0.816,0.578,-0.088,0.575,-0.813],"_shiftlockState":true,"_pose":"Running","_animationQueue":[],"_animationSpeed":1.101,"_zoom":16.125},{"_mousePosition":[683,384],"_rootPartCFrame":[769.329,222.342,45.254,-0.997,0,0.074,0,1,0,-0.074,0,-0.997],"_humanoidState":8,"_cameraCFrame":[768.041,233.207,32.074,-0.999,-0.02,0.029,0,0.814,0.581,-0.035,0.58,-0.814],"_shiftlockState":true,"_pose":"Running","_animationQueue":[],"_animationSpeed":1.101,"_zoom":16.125},{"_mousePosition":[683,384],"_rootPartCFrame":[769.067,223.205,45.204,-1,0,0.024,0,1,0,-0.024,0,-1],"_humanoidState":3,"_cameraCFrame":[767.346,234.121,32.111,-1,-0.001,0.002,0,0.812,0.584,-0.002,0.584,-0.812],"_shiftlockState":true,"_pose":"Jumping","_animationQueue":[["walk",0.1],["jump",0.1]],"_animationSpeed":1,"_zoom":16.125},{"_mousePosition":[683,384],"_rootPartCFrame":[768.936,223.616,45.187,-0.999,0,0.035,0,1,0,-0.035,0,-0.999],"_humanoidState":5,"_cameraCFrame":[766.884,234.558,32.159,-1,0.014,-0.019,0,0.811,0.586,0.023,0.585,-0.81],"_shiftlockState":true,"_pose":"FreeFall","_animationQueue":[["jump",0.1]],"_animationSpeed":1,"_zoom":16.125},{"_mousePosition":[683,384],"_rootPartCFrame":[768.67,224.397,45.178,-0.995,0,0.095,0,1,0,-0.095,0,-0.995],"_humanoidState":5,"_cameraCFrame":[766.388,235.365,32.207,-0.999,0.024,-0.033,0,0.809,0.587,0.041,0.587,-0.809],"_shiftlockState":true,"_pose":"FreeFall","_animationQueue":[],"_animationSpeed":1,"_zoom":16.125},{"_mousePosition":[683,384],"_rootPartCFrame":[768.403,225.124,45.183,-0.996,0,0.091,0,1,0,-0.091,0,-0.996],"_humanoidState":5,"_cameraCFrame":[765.959,236.117,32.26,-0.999,0.031,-0.043,0,0.808,0.589,0.053,0.588,-0.807],"_shiftlockState":true,"_pose":"FreeFall","_animationQueue":[],"_animationSpeed":1,"_zoom":16.125},{"_mousePosition":[683,384],"_rootPartCFrame":[768.137,225.796,45.193,-0.997,0,0.079,0,1,0,-0.079,0,-0.997],"_humanoidState":5,"_cameraCFrame":[765.563,236.814,32.314,-0.998,0.038,-0.051,0,0.807,0.59,0.064,0.589,-0.806],"_shiftlockState":true,"_pose":"FreeFall","_animationQueue":[],"_animationSpeed":1,"_zoom":16.125},{"_mousePosition":[683,384],"_rootPartCFrame":[767.87,226.413,45.207,-0.998,0,0.07,0,1,0,-0.07,0,-0.998],"_humanoidState":5,"_cameraCFrame":[765.166,237.432,32.355,-0.997,0.043,-0.059,0,0.807,0.59,0.074,0.589,-0.805],"_shiftlockState":true,"_pose":"FreeFall","_animationQueue":[],"_animationSpeed":1,"_zoom":16.125},{"_mousePosition":[683,384],"_rootPartCFrame":[767.604,226.977,45.223,-0.998,0,0.06,0,1,0,-0.06,0,-0.998],"_humanoidState":5,"_cameraCFrame":[764.739,238.02,32.425,-0.996,0.051,-0.07,0,0.806,0.592,0.086,0.59,-0.803],"_shiftlockState":true,"_pose":"FreeFall","_animationQueue":[],"_animationSpeed":1,"_zoom":16.125},{"_mousePosition":[683,384],"_rootPartCFrame":[767.338,227.485,45.243,-0.999,0,0.047,0,1,0,-0.047,0,-0.999],"_humanoidState":5,"_cameraCFrame":[764.346,238.554,32.493,-0.995,0.057,-0.078,0,0.805,0.593,0.096,0.591,-0.801],"_shiftlockState":true,"_pose":"FreeFall","_animationQueue":[],"_animationSpeed":1,"_zoom":16.125},{"_mousePosition":[683,384],"_rootPartCFrame":[767.072,227.939,45.265,-0.999,0,0.037,0,1,0,-0.037,0,-0.999],"_humanoidState":5,"_cameraCFrame":[763.919,239.008,32.554,-0.994,0.065,-0.088,0,0.805,0.593,0.109,0.59,-0.8],"_shiftlockState":true,"_pose":"FreeFall","_animationQueue":[],"_animationSpeed":1,"_zoom":16.125},{"_mousePosition":[683,384],"_rootPartCFrame":[766.807,228.339,45.29,-1,0,0.024,0,1,0,-0.024,0,-1],"_humanoidState":5,"_cameraCFrame":[763.495,239.433,32.639,-0.993,0.072,-0.098,0,0.804,0.595,0.122,0.591,-0.798],"_shiftlockState":true,"_pose":"FreeFall","_animationQueue":[],"_animationSpeed":1,"_zoom":16.125},{"_mousePosition":[683,384],"_rootPartCFrame":[766.542,228.684,45.319,-1,0,0.011,0,1,0,-0.011,0,-1],"_humanoidState":5,"_cameraCFrame":[763.105,239.804,32.72,-0.991,0.078,-0.106,0,0.803,0.597,0.132,0.591,-0.796],"_shiftlockState":true,"_pose":"FreeFall","_animationQueue":[],"_animationSpeed":1,"_zoom":16.125},{"_mousePosition":[683,384],"_rootPartCFrame":[766.277,228.975,45.351,-1,0,0.001,0,1,0,-0.001,0,-1],"_humanoidState":5,"_cameraCFrame":[762.747,240.119,32.797,-0.99,0.083,-0.111,0,0.801,0.598,0.139,0.592,-0.794],"_shiftlockState":true,"_pose":"FreeFall","_animationQueue":[],"_animationSpeed":1,"_zoom":16.125},{"_mousePosition":[683,384],"_rootPartCFrame":[766.013,229.211,45.385,-1,0,-0.006,0,1,0,0.006,0,-1],"_humanoidState":5,"_cameraCFrame":[762.39,240.381,32.877,-0.989,0.088,-0.117,0,0.8,0.6,0.147,0.593,-0.792],"_shiftlockState":true,"_pose":"FreeFall","_animationQueue":[],"_animationSpeed":1,"_zoom":16.125},{"_mousePosition":[683,384],"_rootPartCFrame":[765.749,229.393,45.422,-1,0,-0.014,0,1,0,0.014,0,-1],"_humanoidState":5,"_cameraCFrame":[762.031,240.562,32.942,-0.988,0.092,-0.123,0,0.8,0.6,0.154,0.593,-0.791],"_shiftlockState":true,"_pose":"FreeFall","_animationQueue":[],"_animationSpeed":1,"_zoom":16.125},{"_mousePosition":[683,384],"_rootPartCFrame":[765.485,229.52,45.461,-1,0,-0.021,0,1,0,0.021,0,-1],"_humanoidState":5,"_cameraCFrame":[761.739,240.715,33.009,-0.988,0.094,-0.125,0,0.799,0.601,0.157,0.594,-0.789],"_shiftlockState":true,"_pose":"FreeFall","_animationQueue":[],"_animationSpeed":1,"_zoom":16.125},{"_mousePosition":[683,384],"_rootPartCFrame":[765.221,229.592,45.502,-1,0,-0.024,0,1,0,0.024,0,-1],"_humanoidState":5,"_cameraCFrame":[761.475,240.787,33.05,-0.988,0.094,-0.125,0,0.799,0.601,0.157,0.594,-0.789],"_shiftlockState":true,"_pose":"FreeFall","_animationQueue":[],"_animationSpeed":1,"_zoom":16.125},{"_mousePosition":[683,384],"_rootPartCFrame":[764.977,229.611,45.498,-1,0,-0.024,0,1,0,0.024,0,-1],"_humanoidState":5,"_cameraCFrame":[761.23,240.805,33.046,-0.988,0.094,-0.125,0,0.799,0.601,0.157,0.594,-0.789],"_shiftlockState":true,"_pose":"FreeFall","_animationQueue":[],"_animationSpeed":1,"_zoom":16.125},{"_mousePosition":[683,384],"_rootPartCFrame":[764.775,229.574,45.476,-0.999,0,-0.043,0,1,0,0.043,0,-0.999],"_humanoidState":5,"_cameraCFrame":[761.029,240.769,33.024,-0.988,0.094,-0.125,0,0.799,0.601,0.157,0.594,-0.789],"_shiftlockState":true,"_pose":"FreeFall","_animationQueue":[],"_animationSpeed":1,"_zoom":16.125},{"_mousePosition":[683,384],"_rootPartCFrame":[764.591,229.483,45.488,-0.999,0,-0.052,0,1,0,0.052,0,-0.999],"_humanoidState":5,"_cameraCFrame":[760.844,240.678,33.036,-0.988,0.094,-0.125,0,0.799,0.601,0.157,0.594,-0.789],"_shiftlockState":true,"_pose":"FreeFall","_animationQueue":[],"_animationSpeed":1,"_zoom":16.125},{"_mousePosition":[683,384],"_rootPartCFrame":[764.412,229.338,45.541,-0.999,0,-0.052,0,1,0,0.052,0,-0.999],"_humanoidState":5,"_cameraCFrame":[760.665,240.533,33.089,-0.988,0.094,-0.125,0,0.799,0.601,0.157,0.594,-0.789],"_shiftlockState":true,"_pose":"FreeFall","_animationQueue":[],"_animationSpeed":1,"_zoom":16.125},{"_mousePosition":[683,384],"_rootPartCFrame":[764.285,229.138,45.522,-0.999,0,-0.051,0,1,0,0.051,0,-0.999],"_humanoidState":5,"_cameraCFrame":[760.539,240.333,33.07,-0.988,0.094,-0.125,0,0.799,0.601,0.157,0.594,-0.789],"_shiftlockState":true,"_pose":"FreeFall","_animationQueue":[],"_animationSpeed":1,"_zoom":16.125},{"_mousePosition":[683,384],"_rootPartCFrame":[764.163,228.884,45.49,-0.999,0,-0.052,0,1,0,0.052,0,-0.999],"_humanoidState":5,"_cameraCFrame":[760.417,240.079,33.038,-0.988,0.094,-0.125,0,0.799,0.601,0.157,0.594,-0.789],"_shiftlockState":true,"_pose":"FreeFall","_animationQueue":[["fall",0.3]],"_animationSpeed":1,"_zoom":16.125},{"_mousePosition":[683,384],"_rootPartCFrame":[764.025,228.575,45.504,-0.999,0,-0.053,0,1,0,0.053,0,-0.999],"_humanoidState":5,"_cameraCFrame":[760.342,239.77,33.034,-0.988,0.091,-0.121,0,0.799,0.601,0.152,0.594,-0.79],"_shiftlockState":true,"_pose":"FreeFall","_animationQueue":[],"_animationSpeed":1,"_zoom":16.125},{"_mousePosition":[683,384],"_rootPartCFrame":[763.894,228.212,45.501,-1,0,-0.027,0,1,0,0.027,0,-1],"_humanoidState":5,"_cameraCFrame":[760.369,239.407,32.984,-0.99,0.084,-0.111,0,0.799,0.601,0.139,0.595,-0.791],"_shiftlockState":true,"_pose":"FreeFall","_animationQueue":[],"_animationSpeed":1,"_zoom":16.125},{"_mousePosition":[683,384],"_rootPartCFrame":[763.725,227.794,45.511,-1,0,-0.007,0,1,0,0.007,0,-1],"_humanoidState":5,"_cameraCFrame":[760.327,238.989,32.96,-0.992,0.078,-0.103,0,0.799,0.601,0.129,0.596,-0.792],"_shiftlockState":true,"_pose":"FreeFall","_animationQueue":[],"_animationSpeed":1,"_zoom":16.125},{"_mousePosition":[683,384],"_rootPartCFrame":[763.518,227.321,45.533,-1,0,0.004,0,1,0,-0.004,0,-1],"_humanoidState":5,"_cameraCFrame":[760.247,238.516,32.948,-0.993,0.072,-0.095,0,0.799,0.601,0.119,0.597,-0.793],"_shiftlockState":true,"_pose":"FreeFall","_animationQueue":[],"_animationSpeed":1,"_zoom":16.125},{"_mousePosition":[683,384],"_rootPartCFrame":[763.306,226.795,45.526,-1,0,0.014,0,1,0,-0.014,0,-1],"_humanoidState":5,"_cameraCFrame":[760.099,237.989,32.924,-0.993,0.069,-0.091,0,0.799,0.601,0.114,0.597,-0.794],"_shiftlockState":true,"_pose":"FreeFall","_animationQueue":[],"_animationSpeed":1,"_zoom":16.125},{"_mousePosition":[683,384],"_rootPartCFrame":[763.061,226.213,45.541,-1,0,0.019,0,1,0,-0.019,0,-1],"_humanoidState":5,"_cameraCFrame":[759.854,237.408,32.939,-0.993,0.069,-0.091,0,0.799,0.601,0.114,0.597,-0.794],"_shiftlockState":true,"_pose":"FreeFall","_animationQueue":[["fall",0.3]],"_animationSpeed":1,"_zoom":16.125},{"_mousePosition":[683,384],"_rootPartCFrame":[762.821,225.577,45.529,-1,0,0.019,0,1,0,-0.019,0,-1],"_humanoidState":5,"_cameraCFrame":[759.646,236.772,32.919,-0.994,0.067,-0.089,0,0.799,0.601,0.111,0.597,-0.794],"_shiftlockState":true,"_pose":"FreeFall","_animationQueue":[],"_animationSpeed":1,"_zoom":16.125},{"_mousePosition":[683,384],"_rootPartCFrame":[762.591,225.64,45.527,-0.998,0,-0.07,0,1,0,0.07,0,-0.998],"_humanoidState":12,"_cameraCFrame":[759.416,236.835,32.917,-0.994,0.067,-0.089,0,0.799,0.601,0.111,0.597,-0.794],"_shiftlockState":true,"_pose":"Climbing","_animationQueue":[["walk",0.1],["fall",0.3],["climb",0.1],["climb",0]],"_animationSpeed":-3.281,"_zoom":16.125},{"_mousePosition":[683,384],"_rootPartCFrame":[762.4,225.824,45.526,-0.994,0,-0.107,0,1,0,0.107,0,-0.994],"_humanoidState":12,"_cameraCFrame":[759.257,237.019,32.908,-0.994,0.065,-0.087,0,0.799,0.601,0.109,0.598,-0.794],"_shiftlockState":true,"_pose":"Climbing","_animationQueue":[["climb",0.1]],"_animationSpeed":0.85,"_zoom":16.125},{"_mousePosition":[683,384],"_rootPartCFrame":[762.201,225.977,45.533,-0.994,0,-0.108,0,1,0,0.108,0,-0.994],"_humanoidState":8,"_cameraCFrame":[759.122,237.171,32.899,-0.995,0.062,-0.083,0,0.799,0.601,0.104,0.598,-0.795],"_shiftlockState":true,"_pose":"Running","_animationQueue":[["walk",0.1],["climb",0.1],["walk",0.1],["walk",0.1]],"_animationSpeed":0.727,"_zoom":16.125},{"_mousePosition":[683,384],"_rootPartCFrame":[761.965,226.074,45.552,-1,0,-0.012,0,1,0,0.012,0,-1],"_humanoidState":5,"_cameraCFrame":[759.015,237.294,32.907,-0.996,0.057,-0.075,0,0.798,0.603,0.094,0.6,-0.794],"_shiftlockState":true,"_pose":"FreeFall","_animationQueue":[["walk",0.1],["fall",0.3]],"_animationSpeed":1,"_zoom":16.125},{"_mousePosition":[683,384],"_rootPartCFrame":[761.701,226.118,45.579,-0.999,0,0.035,0,1,0,-0.035,0,-0.999],"_humanoidState":5,"_cameraCFrame":[758.882,237.363,32.923,-0.996,0.051,-0.067,0,0.797,0.604,0.084,0.602,-0.794],"_shiftlockState":true,"_pose":"FreeFall","_animationQueue":[],"_animationSpeed":1,"_zoom":16.125},{"_mousePosition":[683,384],"_rootPartCFrame":[761.436,226.106,45.592,-0.999,0,0.05,0,1,0,-0.05,0,-0.999],"_humanoidState":5,"_cameraCFrame":[758.682,237.376,32.941,-0.997,0.048,-0.063,0,0.796,0.606,0.079,0.604,-0.793],"_shiftlockState":true,"_pose":"FreeFall","_animationQueue":[["fall",0.3]],"_animationSpeed":1,"_zoom":16.125},{"_mousePosition":[683,384],"_rootPartCFrame":[761.17,226.041,45.596,-0.998,0,0.055,0,1,0,-0.055,0,-0.998],"_humanoidState":5,"_cameraCFrame":[758.416,237.311,32.946,-0.997,0.048,-0.063,0,0.796,0.606,0.079,0.604,-0.793],"_shiftlockState":true,"_pose":"FreeFall","_animationQueue":[],"_animationSpeed":1,"_zoom":16.125},{"_mousePosition":[683,384],"_rootPartCFrame":[760.905,225.92,45.595,-0.998,0,0.056,0,1,0,-0.056,0,-0.998],"_humanoidState":5,"_cameraCFrame":[758.15,237.19,32.945,-0.997,0.048,-0.063,0,0.796,0.606,0.079,0.604,-0.793],"_shiftlockState":true,"_pose":"FreeFall","_animationQueue":[],"_animationSpeed":1,"_zoom":16.125},{"_mousePosition":[683,384],"_rootPartCFrame":[760.639,225.746,45.595,-0.998,0,0.056,0,1,0,-0.056,0,-0.998],"_humanoidState":5,"_cameraCFrame":[757.885,237.016,32.944,-0.997,0.048,-0.063,0,0.796,0.606,0.079,0.604,-0.793],"_shiftlockState":true,"_pose":"FreeFall","_animationQueue":[],"_animationSpeed":1,"_zoom":16.125},{"_mousePosition":[683,384],"_rootPartCFrame":[760.398,225.876,45.593,-0.999,0,-0.036,0,1,0,0.036,0,-0.999],"_humanoidState":12,"_cameraCFrame":[757.643,237.146,32.942,-0.997,0.048,-0.063,0,0.796,0.606,0.079,0.604,-0.793],"_shiftlockState":true,"_pose":"Climbing","_animationQueue":[["walk",0.1],["fall",0.3],["climb",0.1],["climb",0]],"_animationSpeed":-0.976,"_zoom":16.125},{"_mousePosition":[683,384],"_rootPartCFrame":[760.151,226.019,45.585,-0.998,0,-0.065,0,1,0,0.065,0,-0.998],"_humanoidState":8,"_cameraCFrame":[757.396,237.289,32.934,-0.997,0.048,-0.063,0,0.796,0.606,0.079,0.604,-0.793],"_shiftlockState":true,"_pose":"Running","_animationQueue":[["walk",0.1],["climb",0.1],["walk",0.1],["walk",0.1]],"_animationSpeed":0.939,"_zoom":16.125},{"_mousePosition":[683,384],"_rootPartCFrame":[759.886,226.107,45.596,-1,0,0.017,0,1,0,-0.017,0,-1],"_humanoidState":5,"_cameraCFrame":[757.131,237.377,32.945,-0.997,0.048,-0.063,0,0.796,0.606,0.079,0.604,-0.793],"_shiftlockState":true,"_pose":"FreeFall","_animationQueue":[["walk",0.1],["fall",0.3]],"_animationSpeed":1,"_zoom":16.125},{"_mousePosition":[683,384],"_rootPartCFrame":[759.62,226.14,45.597,-0.999,0,0.051,0,1,0,-0.051,0,-0.999],"_humanoidState":5,"_cameraCFrame":[756.866,237.41,32.946,-0.997,0.048,-0.063,0,0.796,0.606,0.079,0.604,-0.793],"_shiftlockState":true,"_pose":"FreeFall","_animationQueue":[["fall",0.3]],"_animationSpeed":1,"_zoom":16.125},{"_mousePosition":[683,384],"_rootPartCFrame":[759.354,226.118,45.597,-0.998,0,0.055,0,1,0,-0.055,0,-0.998],"_humanoidState":5,"_cameraCFrame":[756.6,237.388,32.946,-0.997,0.048,-0.063,0,0.796,0.606,0.079,0.604,-0.793],"_shiftlockState":true,"_pose":"FreeFall","_animationQueue":[],"_animationSpeed":1,"_zoom":16.125},{"_mousePosition":[683,384],"_rootPartCFrame":[759.088,226.042,45.596,-0.998,0,0.056,0,1,0,-0.056,0,-0.998],"_humanoidState":5,"_cameraCFrame":[756.334,237.312,32.946,-0.997,0.048,-0.063,0,0.796,0.606,0.079,0.604,-0.793],"_shiftlockState":true,"_pose":"FreeFall","_animationQueue":[],"_animationSpeed":1,"_zoom":16.125},{"_mousePosition":[683,384],"_rootPartCFrame":[758.823,225.912,45.595,-0.998,0,0.056,0,1,0,-0.056,0,-0.998],"_humanoidState":5,"_cameraCFrame":[756.068,237.182,32.945,-0.997,0.048,-0.063,0,0.796,0.606,0.079,0.604,-0.793],"_shiftlockState":true,"_pose":"FreeFall","_animationQueue":[],"_animationSpeed":1,"_zoom":16.125},{"_mousePosition":[683,384],"_rootPartCFrame":[758.557,225.726,45.595,-0.998,0,0.056,0,1,0,-0.056,0,-0.998],"_humanoidState":5,"_cameraCFrame":[755.802,236.997,32.944,-0.997,0.048,-0.063,0,0.796,0.606,0.079,0.604,-0.793],"_shiftlockState":true,"_pose":"FreeFall","_animationQueue":[],"_animationSpeed":1,"_zoom":16.125},{"_mousePosition":[683,384],"_rootPartCFrame":[758.316,225.855,45.593,-0.999,0,-0.036,0,1,0,0.036,0,-0.999],"_humanoidState":12,"_cameraCFrame":[755.561,237.126,32.943,-0.997,0.048,-0.063,0,0.796,0.606,0.079,0.604,-0.793],"_shiftlockState":true,"_pose":"Climbing","_animationQueue":[["walk",0.1],["fall",0.3],["climb",0.1],["climb",0]],"_animationSpeed":-1.027,"_zoom":16.125},{"_mousePosition":[683,384],"_rootPartCFrame":[758.069,225.998,45.585,-0.998,0,-0.065,0,1,0,0.065,0,-0.998],"_humanoidState":8,"_cameraCFrame":[755.349,237.318,32.965,-0.997,0.046,-0.06,0,0.793,0.609,0.076,0.607,-0.791],"_shiftlockState":true,"_pose":"Running","_animationQueue":[["walk",0.1],["climb",0.1],["walk",0.1],["walk",0.1]],"_animationSpeed":0.939,"_zoom":16.125},{"_mousePosition":[683,384],"_rootPartCFrame":[757.804,226.086,45.598,-1,0,0.02,0,1,0,-0.02,0,-1],"_humanoidState":5,"_cameraCFrame":[755.084,237.406,32.978,-0.997,0.046,-0.06,0,0.793,0.609,0.076,0.607,-0.791],"_shiftlockState":true,"_pose":"FreeFall","_animationQueue":[["walk",0.1],["walk",0.1],["fall",0.3]],"_animationSpeed":1,"_zoom":16.125},{"_mousePosition":[683,384],"_rootPartCFrame":[757.538,226.118,45.598,-0.999,0,0.054,0,1,0,-0.054,0,-0.999],"_humanoidState":5,"_cameraCFrame":[754.822,237.488,33.017,-0.997,0.047,-0.06,0,0.791,0.612,0.076,0.61,-0.788],"_shiftlockState":true,"_pose":"FreeFall","_animationQueue":[],"_animationSpeed":1,"_zoom":16.125},{"_mousePosition":[683,384],"_rootPartCFrame":[757.272,226.097,45.598,-0.998,0,0.058,0,1,0,-0.058,0,-0.998],"_humanoidState":5,"_cameraCFrame":[754.588,237.466,33.01,-0.997,0.045,-0.058,0,0.791,0.612,0.074,0.61,-0.789],"_shiftlockState":true,"_pose":"FreeFall","_animationQueue":[],"_animationSpeed":1,"_zoom":16.125},{"_mousePosition":[683,384],"_rootPartCFrame":[757.006,226.02,45.599,-0.998,0,0.061,0,1,0,-0.061,0,-0.998],"_humanoidState":5,"_cameraCFrame":[754.325,237.44,33.05,-0.997,0.045,-0.058,0,0.788,0.615,0.074,0.613,-0.786],"_shiftlockState":true,"_pose":"FreeFall","_animationQueue":[],"_animationSpeed":1,"_zoom":16.125},{"_mousePosition":[683,384],"_rootPartCFrame":[756.741,225.89,45.598,-0.998,0,0.061,0,1,0,-0.061,0,-0.998],"_humanoidState":5,"_cameraCFrame":[754.059,237.309,33.049,-0.997,0.045,-0.058,0,0.788,0.615,0.074,0.613,-0.786],"_shiftlockState":true,"_pose":"FreeFall","_animationQueue":[],"_animationSpeed":1,"_zoom":16.125},{"_mousePosition":[683,384],"_rootPartCFrame":[756.475,225.704,45.598,-0.998,0,0.061,0,1,0,-0.061,0,-0.998],"_humanoidState":5,"_cameraCFrame":[753.793,237.124,33.048,-0.997,0.045,-0.058,0,0.788,0.615,0.074,0.613,-0.786],"_shiftlockState":true,"_pose":"FreeFall","_animationQueue":[],"_animationSpeed":1,"_zoom":16.125},{"_mousePosition":[683,384],"_rootPartCFrame":[756.233,225.833,45.596,-1,0,-0.031,0,1,0,0.031,0,-1],"_humanoidState":12,"_cameraCFrame":[753.552,237.253,33.046,-0.997,0.045,-0.058,0,0.788,0.615,0.074,0.613,-0.786],"_shiftlockState":true,"_pose":"Climbing","_animationQueue":[["walk",0.1],["fall",0.3],["climb",0.1],["climb",0]],"_animationSpeed":-1.028,"_zoom":16.125},{"_mousePosition":[683,384],"_rootPartCFrame":[755.986,225.976,45.589,-0.998,0,-0.061,0,1,0,0.061,0,-0.998],"_humanoidState":8,"_cameraCFrame":[753.304,237.396,33.039,-0.997,0.045,-0.058,0,0.788,0.615,0.074,0.613,-0.786],"_shiftlockState":true,"_pose":"Running","_animationQueue":[["walk",0.1],["climb",0.1],["walk",0.1],["walk",0.1]],"_animationSpeed":0.939,"_zoom":16.125},{"_mousePosition":[683,384],"_rootPartCFrame":[755.721,226.064,45.599,-1,0,0.022,0,1,0,-0.022,0,-1],"_humanoidState":5,"_cameraCFrame":[753.042,237.533,33.088,-0.997,0.046,-0.058,0,0.786,0.618,0.074,0.617,-0.784],"_shiftlockState":true,"_pose":"FreeFall","_animationQueue":[["walk",0.1],["fall",0.3]],"_animationSpeed":1,"_zoom":16.125},{"_mousePosition":[683,384],"_rootPartCFrame":[755.455,226.097,45.6,-0.998,0,0.056,0,1,0,-0.056,0,-0.998],"_humanoidState":5,"_cameraCFrame":[752.808,237.566,33.082,-0.997,0.044,-0.056,0,0.786,0.618,0.071,0.617,-0.784],"_shiftlockState":true,"_pose":"FreeFall","_animationQueue":[],"_animationSpeed":1,"_zoom":16.125},{"_mousePosition":[683,384],"_rootPartCFrame":[755.189,226.075,45.601,-0.998,0,0.063,0,1,0,-0.063,0,-0.998],"_humanoidState":5,"_cameraCFrame":[752.544,237.569,33.103,-0.997,0.044,-0.056,0,0.785,0.62,0.071,0.618,-0.783],"_shiftlockState":true,"_pose":"FreeFall","_animationQueue":[],"_animationSpeed":1,"_zoom":16.125},{"_mousePosition":[683,384],"_rootPartCFrame":[754.923,225.999,45.601,-0.998,0,0.063,0,1,0,-0.063,0,-0.998],"_humanoidState":5,"_cameraCFrame":[752.279,237.517,33.122,-0.997,0.044,-0.056,0,0.784,0.621,0.071,0.62,-0.782],"_shiftlockState":true,"_pose":"FreeFall","_animationQueue":[],"_animationSpeed":1,"_zoom":16.125},{"_mousePosition":[683,384],"_rootPartCFrame":[754.658,225.869,45.6,-0.998,0,0.063,0,1,0,-0.063,0,-0.998],"_humanoidState":5,"_cameraCFrame":[752.013,237.387,33.121,-0.997,0.044,-0.056,0,0.784,0.621,0.071,0.62,-0.782],"_shiftlockState":true,"_pose":"FreeFall","_animationQueue":[],"_animationSpeed":1,"_zoom":16.125},{"_mousePosition":[683,384],"_rootPartCFrame":[754.392,225.684,45.599,-0.998,0,0.063,0,1,0,-0.063,0,-0.998],"_humanoidState":5,"_cameraCFrame":[751.747,237.202,33.12,-0.997,0.044,-0.056,0,0.784,0.621,0.071,0.62,-0.782],"_shiftlockState":true,"_pose":"FreeFall","_animationQueue":[],"_animationSpeed":1,"_zoom":16.125},{"_mousePosition":[683,384],"_rootPartCFrame":[754.15,225.813,45.598,-1,0,-0.029,0,1,0,0.029,0,-1],"_humanoidState":12,"_cameraCFrame":[751.506,237.331,33.119,-0.997,0.044,-0.056,0,0.784,0.621,0.071,0.62,-0.782],"_shiftlockState":true,"_pose":"Climbing","_animationQueue":[["fall",0.3],["walk",0.1],["fall",0.3],["climb",0.1],["climb",0]],"_animationSpeed":-1.027,"_zoom":16.125},{"_mousePosition":[683,384],"_rootPartCFrame":[753.903,225.956,45.591,-0.998,0,-0.059,0,1,0,0.059,0,-0.998],"_humanoidState":8,"_cameraCFrame":[751.258,237.474,33.112,-0.997,0.044,-0.056,0,0.784,0.621,0.071,0.62,-0.782],"_shiftlockState":true,"_pose":"Running","_animationQueue":[["walk",0.1],["climb",0.1],["walk",0.1],["walk",0.1]],"_animationSpeed":0.939,"_zoom":16.125},{"_mousePosition":[683,384],"_rootPartCFrame":[753.638,226.043,45.601,-1,0,0.025,0,1,0,-0.025,0,-1],"_humanoidState":5,"_cameraCFrame":[750.993,237.562,33.122,-0.997,0.044,-0.056,0,0.784,0.621,0.071,0.62,-0.782],"_shiftlockState":true,"_pose":"FreeFall","_animationQueue":[["walk",0.1],["fall",0.3]],"_animationSpeed":1,"_zoom":16.125},{"_mousePosition":[683,384],"_rootPartCFrame":[753.372,226.077,45.601,-0.998,0,0.059,0,1,0,-0.059,0,-0.998],"_humanoidState":5,"_cameraCFrame":[750.729,237.619,33.142,-0.997,0.044,-0.056,0,0.782,0.623,0.071,0.621,-0.78],"_shiftlockState":true,"_pose":"FreeFall","_animationQueue":[],"_animationSpeed":1,"_zoom":16.125},{"_mousePosition":[683,384],"_rootPartCFrame":[753.106,226.055,45.601,-0.998,0,0.063,0,1,0,-0.063,0,-0.998],"_humanoidState":5,"_cameraCFrame":[750.464,237.622,33.161,-0.997,0.044,-0.056,0,0.781,0.624,0.071,0.623,-0.779],"_shiftlockState":true,"_pose":"FreeFall","_animationQueue":[],"_animationSpeed":1,"_zoom":16.125},{"_mousePosition":[683,384],"_rootPartCFrame":[752.84,225.979,45.601,-0.998,0,0.063,0,1,0,-0.063,0,-0.998],"_humanoidState":5,"_cameraCFrame":[750.2,237.571,33.18,-0.997,0.045,-0.055,0,0.78,0.626,0.071,0.624,-0.778],"_shiftlockState":true,"_pose":"FreeFall","_animationQueue":[],"_animationSpeed":1,"_zoom":16.125},{"_mousePosition":[683,384],"_rootPartCFrame":[752.574,225.849,45.6,-0.998,0,0.063,0,1,0,-0.063,0,-0.998],"_humanoidState":5,"_cameraCFrame":[749.873,237.465,33.213,-0.997,0.048,-0.059,0,0.779,0.627,0.076,0.626,-0.776],"_shiftlockState":true,"_pose":"FreeFall","_animationQueue":[["fall",0.3]],"_animationSpeed":1,"_zoom":16.125},{"_mousePosition":[683,384],"_rootPartCFrame":[752.308,225.664,45.596,-0.998,0,0.058,0,1,0,-0.058,0,-0.998],"_humanoidState":5,"_cameraCFrame":[749.546,237.305,33.243,-0.997,0.051,-0.063,0,0.777,0.629,0.081,0.627,-0.775],"_shiftlockState":true,"_pose":"FreeFall","_animationQueue":[],"_animationSpeed":1,"_zoom":16.125},{"_mousePosition":[683,384],"_rootPartCFrame":[752.067,225.793,45.59,-0.999,0,-0.039,0,1,0,0.039,0,-0.999],"_humanoidState":12,"_cameraCFrame":[749.183,237.483,33.305,-0.996,0.058,-0.071,0,0.775,0.632,0.091,0.629,-0.772],"_shiftlockState":true,"_pose":"Climbing","_animationQueue":[["walk",0.1],["fall",0.3],["climb",0.1],["climb",0]],"_animationSpeed":-1.027,"_zoom":16.125},{"_mousePosition":[683,384],"_rootPartCFrame":[751.82,225.936,45.573,-0.997,0,-0.078,0,1,0,0.078,0,-0.997],"_humanoidState":8,"_cameraCFrame":[748.905,237.625,33.295,-0.996,0.059,-0.073,0,0.775,0.632,0.094,0.629,-0.772],"_shiftlockState":true,"_pose":"Running","_animationQueue":[["walk",0.1],["climb",0.1],["walk",0.1],["walk",0.1]],"_animationSpeed":0.939,"_zoom":16.125},{"_mousePosition":[683,384],"_rootPartCFrame":[751.588,226.023,45.567,-0.996,0,-0.087,0,1,0,0.087,0,-0.996],"_humanoidState":5,"_cameraCFrame":[748.673,237.712,33.289,-0.996,0.059,-0.073,0,0.775,0.632,0.094,0.629,-0.772],"_shiftlockState":true,"_pose":"FreeFall","_animationQueue":[["walk",0.1],["fall",0.3]],"_animationSpeed":1,"_zoom":16.125},{"_mousePosition":[683,384],"_rootPartCFrame":[751.397,226.055,45.569,-0.996,0,-0.092,0,1,0,0.092,0,-0.996],"_humanoidState":5,"_cameraCFrame":[748.641,237.793,33.295,-0.997,0.052,-0.063,0,0.773,0.635,0.081,0.633,-0.77],"_shiftlockState":true,"_pose":"FreeFall","_animationQueue":[],"_animationSpeed":1,"_zoom":16.125},{"_mousePosition":[683,384],"_rootPartCFrame":[751.246,226.032,45.57,-0.997,0,-0.081,0,1,0,0.081,0,-0.997],"_humanoidState":5,"_cameraCFrame":[749.492,237.891,33.213,-1,0,0,0,0.766,0.642,0,0.642,-0.766],"_shiftlockState":true,"_pose":"FreeFall","_animationQueue":[],"_animationSpeed":1,"_zoom":16.125},{"_mousePosition":[683,384],"_rootPartCFrame":[751.135,225.955,45.57,-1,0,0,0,1,0,0,0,-1],"_humanoidState":5,"_cameraCFrame":[751.869,238.005,33.273,-0.98,-0.131,0.152,0,0.756,0.654,-0.201,0.641,-0.741],"_shiftlockState":true,"_pose":"FreeFall","_animationQueue":[["fall",0.3]],"_animationSpeed":1,"_zoom":16.125},{"_mousePosition":[683,384],"_rootPartCFrame":[751.064,225.823,45.48,-0.981,0,0.196,0,1,-0.002,-0.196,-0.002,-0.981],"_humanoidState":5,"_cameraCFrame":[755.07,238.272,34.201,-0.883,-0.318,0.344,0,0.734,0.679,-0.469,0.6,-0.648],"_shiftlockState":true,"_pose":"FreeFall","_animationQueue":[],"_animationSpeed":1,"_zoom":16.125},{"_mousePosition":[683,384],"_rootPartCFrame":[751.056,225.904,45.267,-0.883,0.001,0.469,0,1,-0.002,-0.469,-0.002,-0.883],"_humanoidState":7,"_cameraCFrame":[757.989,238.738,35.96,-0.703,-0.5,0.506,0,0.711,0.703,-0.712,0.494,-0.5],"_shiftlockState":true,"_pose":"FreeFall","_animationQueue":[["walk",0.1],["fall",0.3],["fall",0.3]],"_animationSpeed":1,"_zoom":16.125},{"_mousePosition":[683,384],"_rootPartCFrame":[751.056,225.998,45.114,-0.694,0.001,0.72,0,1,-0.001,-0.72,-0.001,-0.694],"_humanoidState":7,"_cameraCFrame":[759.832,239.054,37.863,-0.511,-0.616,0.6,0,0.697,0.717,-0.86,0.366,-0.356],"_shiftlockState":true,"_pose":"FreeFall","_animationQueue":[],"_animationSpeed":1,"_zoom":16.125},{"_mousePosition":[683,384],"_rootPartCFrame":[751.056,226.036,45.072,-0.507,0,0.862,0,1,-0.001,-0.862,0,-0.507],"_humanoidState":8,"_cameraCFrame":[760.671,239.223,39.236,-0.38,-0.671,0.637,0,0.689,0.725,-0.925,0.275,-0.261],"_shiftlockState":true,"_pose":"Running","_animationQueue":[["fall",0.3],["walk",0.1]],"_animationSpeed":0.021,"_zoom":16.125},{"_mousePosition":[683,384],"_rootPartCFrame":[751.056,226.029,45.072,-0.379,0,0.925,0,1,0,-0.925,0,-0.379],"_humanoidState":8,"_cameraCFrame":[760.841,239.302,39.711,-0.337,-0.687,0.643,0,0.683,0.73,-0.942,0.246,-0.23],"_shiftlockState":true,"_pose":"Running","_animationQueue":[],"_animationSpeed":0.021,"_zoom":16.125},{"_mousePosition":[683,384],"_rootPartCFrame":[751.056,225.948,45.068,-0.337,0,0.942,0,1,0,-0.942,0,-0.337],"_humanoidState":8,"_cameraCFrame":[760.508,239.286,39.268,-0.382,-0.678,0.628,0,0.679,0.734,-0.924,0.28,-0.259],"_shiftlockState":true,"_pose":"Running","_animationQueue":[["walk",0.1]],"_animationSpeed":0.021,"_zoom":16.125},{"_mousePosition":[683,384],"_rootPartCFrame":[751.056,226.822,45.024,-0.382,0,0.924,-0.002,1,-0.001,-0.924,-0.002,-0.382],"_humanoidState":3,"_cameraCFrame":[759.701,240.159,38.076,-0.495,-0.638,0.59,0,0.679,0.734,-0.869,0.364,-0.336],"_shiftlockState":true,"_pose":"Jumping","_animationQueue":[["idle",0.1],["jump",0.1]],"_animationSpeed":1,"_zoom":16.125},{"_mousePosition":[683,384],"_rootPartCFrame":[751.05,227.443,45.01,-0.44,0,0.898,-0.001,1,-0.001,-0.898,-0.001,-0.44],"_humanoidState":5,"_cameraCFrame":[757.886,240.63,36.077,-0.69,-0.525,0.499,0,0.689,0.725,-0.724,0.5,-0.475],"_shiftlockState":true,"_pose":"FreeFall","_animationQueue":[["jump",0.1]],"_animationSpeed":1,"_zoom":16.125},{"_mousePosition":[683,384],"_rootPartCFrame":[751.026,228.224,44.961,-0.594,0,0.804,0,1,0,-0.804,0,-0.594],"_humanoidState":5,"_cameraCFrame":[756.666,241.28,35.075,-0.782,-0.447,0.435,0,0.697,0.717,-0.623,0.56,-0.545],"_shiftlockState":true,"_pose":"FreeFall","_animationQueue":[],"_animationSpeed":1,"_zoom":16.125},{"_mousePosition":[683,384],"_rootPartCFrame":[750.959,229.124,44.86,-0.669,0,0.744,0,1,0,-0.744,0,-0.669],"_humanoidState":5,"_cameraCFrame":[755.737,242.07,34.408,-0.836,-0.39,0.387,0,0.704,0.71,-0.549,0.593,-0.589],"_shiftlockState":true,"_pose":"FreeFall","_animationQueue":[],"_animationSpeed":1,"_zoom":16.125},{"_mousePosition":[683,384],"_rootPartCFrame":[750.867,229.783,44.754,-0.755,0,0.656,0,1,0,-0.656,0,-0.755],"_humanoidState":5,"_cameraCFrame":[755.254,242.662,34.061,-0.857,-0.364,0.365,0,0.709,0.706,-0.515,0.605,-0.607],"_shiftlockState":true,"_pose":"FreeFall","_animationQueue":[],"_animationSpeed":1,"_zoom":16.125},{"_mousePosition":[683,384],"_rootPartCFrame":[750.701,230.529,44.603,-0.76,0,0.65,0,1,0,-0.65,0,-0.76],"_humanoidState":5,"_cameraCFrame":[755.087,243.408,33.91,-0.857,-0.364,0.365,0,0.709,0.706,-0.515,0.605,-0.607],"_shiftlockState":true,"_pose":"FreeFall","_animationQueue":[],"_animationSpeed":1,"_zoom":16.125},{"_mousePosition":[683,384],"_rootPartCFrame":[750.572,230.936,44.506,-0.801,0,0.598,0,1,0,-0.598,0,-0.801],"_humanoidState":5,"_cameraCFrame":[754.904,243.815,33.791,-0.86,-0.361,0.362,0,0.709,0.706,-0.511,0.607,-0.609],"_shiftlockState":true,"_pose":"FreeFall","_animationQueue":[],"_animationSpeed":1,"_zoom":16.125},{"_mousePosition":[683,384],"_rootPartCFrame":[750.366,231.431,44.372,-0.784,0,0.621,0,1,0,-0.621,0,-0.784],"_humanoidState":5,"_cameraCFrame":[754.644,244.311,33.635,-0.862,-0.357,0.359,0,0.709,0.706,-0.506,0.608,-0.611],"_shiftlockState":true,"_pose":"FreeFall","_animationQueue":[],"_animationSpeed":1,"_zoom":16.125},{"_mousePosition":[683,384],"_rootPartCFrame":[750.138,231.872,44.236,-0.787,0,0.617,0,1,0,-0.617,0,-0.787],"_humanoidState":5,"_cameraCFrame":[754.334,244.751,33.467,-0.866,-0.353,0.354,0,0.709,0.706,-0.5,0.611,-0.614],"_shiftlockState":true,"_pose":"FreeFall","_animationQueue":[],"_animationSpeed":1,"_zoom":16.125},{"_mousePosition":[683,384],"_rootPartCFrame":[749.908,232.258,44.101,-0.792,0,0.611,0,1,0,-0.611,0,-0.792],"_humanoidState":5,"_cameraCFrame":[753.858,245.137,33.239,-0.877,-0.339,0.34,0,0.709,0.706,-0.48,0.619,-0.622],"_shiftlockState":true,"_pose":"FreeFall","_animationQueue":[],"_animationSpeed":1,"_zoom":16.125},{"_mousePosition":[683,384],"_rootPartCFrame":[749.677,232.589,43.967,-0.806,0,0.592,0,1,0,-0.592,0,-0.806],"_humanoidState":5,"_cameraCFrame":[753.268,245.469,32.981,-0.893,-0.318,0.32,0,0.709,0.706,-0.451,0.63,-0.632],"_shiftlockState":true,"_pose":"FreeFall","_animationQueue":[],"_animationSpeed":1,"_zoom":16.125},{"_mousePosition":[683,384],"_rootPartCFrame":[749.444,232.866,43.838,-0.825,0,0.566,0,1,0,-0.566,0,-0.825],"_humanoidState":5,"_cameraCFrame":[752.689,245.768,32.768,-0.906,-0.3,0.3,0,0.707,0.707,-0.424,0.64,-0.641],"_shiftlockState":true,"_pose":"FreeFall","_animationQueue":[],"_animationSpeed":1,"_zoom":16.125},{"_mousePosition":[683,384],"_rootPartCFrame":[749.206,233.089,43.717,-0.841,0,0.54,0,1,0,-0.54,0,-0.841],"_humanoidState":5,"_cameraCFrame":[752.19,246.013,32.596,-0.915,-0.285,0.284,0,0.706,0.708,-0.403,0.648,-0.646],"_shiftlockState":true,"_pose":"FreeFall","_animationQueue":[],"_animationSpeed":1,"_zoom":16.125},{"_mousePosition":[683,384],"_rootPartCFrame":[748.965,233.257,43.603,-0.854,0,0.521,0,1,0,-0.521,0,-0.85