[{"_mousePosition":[1112,361],"_rootPartCFrame":[776.028,222.95,47.142,0,0,1,0,1,0,-1,0,0],"_humanoidState":8,"_cameraCFrame":[788.209,235.031,48.273,0.092,-0.651,0.753,0,0.756,0.654,-0.996,-0.06,0.07],"_shiftlockState":false,"_pose":"Standing","_animationQueue":[],"_animationSpeed":1,"_zoom":16.175},{"_mousePosition":[1071,358],"_rootPartCFrame":[776.028,222.707,47.142,0,0,1,0,1,0,-1,0,0],"_humanoidState":8,"_cameraCFrame":[788.209,234.788,48.273,0.092,-0.651,0.753,0,0.756,0.654,-0.996,-0.06,0.07],"_shiftlockState":false,"_pose":"Standing","_animationQueue":[],"_animationSpeed":1,"_zoom":16.175},{"_mousePosition":[1022,355],"_rootPartCFrame":[776.028,222.613,47.142,0,0,1,0,1,0,-1,0,0],"_humanoidState":8,"_cameraCFrame":[788.209,234.694,48.273,0.092,-0.651,0.753,0,0.756,0.654,-0.996,-0.06,0.07],"_shiftlockState":false,"_pose":"Standing","_animationQueue":[],"_animationSpeed":1,"_zoom":16.175},{"_mousePosition":[963,352],"_rootPartCFrame":[775.84,222.615,47.125,0.011,0,1,0,1,0,-1,0,0.011],"_humanoidState":8,"_cameraCFrame":[788.021,234.696,48.256,0.092,-0.651,0.753,0,0.756,0.654,-0.996,-0.06,0.07],"_shiftlockState":false,"_pose":"Standing","_animationQueue":[],"_animationSpeed":1,"_zoom":16.175},{"_mousePosition":[951,351],"_rootPartCFrame":[775.709,222.632,47.113,0.017,0,1,0,1,0,-1,0,0.017],"_humanoidState":8,"_cameraCFrame":[787.89,234.714,48.244,0.092,-0.651,0.753,0,0.756,0.654,-0.996,-0.06,0.07],"_shiftlockState":false,"_pose":"Running","_animationQueue":[["walk",0.1]],"_animationSpeed":1.003,"_zoom":16.175},{"_mousePosition":[855,346],"_rootPartCFrame":[775.444,222.661,47.088,0.027,0,1,0,1,0,-1,0,0.027],"_humanoidState":8,"_cameraCFrame":[787.625,234.742,48.219,0.092,-0.651,0.753,0,0.756,0.654,-0.996,-0.06,0.07],"_shiftlockState":false,"_pose":"Running","_animationQueue":[["walk",0.1]],"_animationSpeed":1.089,"_zoom":16.175},{"_mousePosition":[813,349],"_rootPartCFrame":[775.178,222.679,47.063,0.036,0,0.999,0,1,0,-0.999,0,0.036],"_humanoidState":8,"_cameraCFrame":[787.36,234.76,48.195,0.092,-0.651,0.753,0,0.756,0.654,-0.996,-0.06,0.07],"_shiftlockState":false,"_pose":"Running","_animationQueue":[["walk",0.1]],"_animationSpeed":1.089,"_zoom":16.175},{"_mousePosition":[809,349],"_rootPartCFrame":[774.78,222.691,47.027,0.047,0,0.999,0,1,0,-0.999,0,0.047],"_humanoidState":8,"_cameraCFrame":[786.961,234.773,48.158,0.092,-0.651,0.753,0,0.756,0.654,-0.996,-0.06,0.07],"_shiftlockState":false,"_pose":"Running","_animationQueue":[],"_animationSpeed":1.089,"_zoom":16.175},{"_mousePosition":[809,349],"_rootPartCFrame":[774.647,222.694,47.014,0.05,0,0.999,0,1,0,-0.999,0,0.05],"_humanoidState":8,"_cameraCFrame":[786.716,234.932,47.829,0.067,-0.662,0.746,0,0.748,0.664,-0.998,-0.045,0.05],"_shiftlockState":false,"_pose":"Running","_animationQueue":[],"_animationSpeed":1.089,"_zoom":16.175},{"_mousePosition":[809,349],"_rootPartCFrame":[774.249,222.697,46.977,0.059,0,0.998,0,1,0,-0.998,0,0.059],"_humanoidState":8,"_cameraCFrame":[786.238,235.033,47.674,0.058,-0.669,0.741,0,0.742,0.67,-0.998,-0.039,0.043],"_shiftlockState":false,"_pose":"Running","_animationQueue":[],"_animationSpeed":1.089,"_zoom":16.175},{"_mousePosition":[809,349],"_rootPartCFrame":[774.116,222.698,46.968,0.06,0,0.998,0,1,0,-0.998,0,0.06],"_humanoidState":8,"_cameraCFrame":[786.03,235.12,47.585,0.052,-0.674,0.737,0,0.738,0.675,-0.999,-0.035,0.038],"_shiftlockState":false,"_pose":"Running","_animationQueue":[],"_animationSpeed":1.089,"_zoom":16.175},{"_mousePosition":[809,349],"_rootPartCFrame":[773.85,222.699,46.952,0.06,0,0.998,0,1,0,-0.998,0,0.06],"_humanoidState":8,"_cameraCFrame":[785.662,235.236,47.489,0.045,-0.682,0.73,0,0.731,0.682,-0.999,-0.031,0.033],"_shiftlockState":false,"_pose":"Running","_animationQueue":[],"_animationSpeed":1.089,"_zoom":16.175},{"_mousePosition":[809,349],"_rootPartCFrame":[773.583,222.699,46.938,0.059,0,0.998,0,1,0,-0.998,0,0.059],"_humanoidState":8,"_cameraCFrame":[785.291,235.35,47.409,0.04,-0.689,0.724,0,0.724,0.689,-0.999,-0.028,0.029],"_shiftlockState":false,"_pose":"Running","_animationQueue":[["walk",0.1]],"_animationSpeed":1.089,"_zoom":16.175},{"_mousePosition":[809,349],"_rootPartCFrame":[773.184,222.699,46.92,0.056,0,0.998,0,1,0,-0.998,0,0.056],"_humanoidState":8,"_cameraCFrame":[784.768,235.482,47.289,0.032,-0.697,0.716,0,0.717,0.698,-0.999,-0.022,0.023],"_shiftlockState":false,"_pose":"Running","_animationQueue":[],"_animationSpeed":1.089,"_zoom":16.175},{"_mousePosition":[809,349],"_rootPartCFrame":[772.917,222.7,46.909,0.054,0,0.999,0,1,0,-0.999,0,0.054],"_humanoidState":8,"_cameraCFrame":[784.386,235.603,47.166,0.022,-0.705,0.709,0,0.709,0.705,-1,-0.016,0.016],"_shiftlockState":false,"_pose":"Running","_animationQueue":[],"_animationSpeed":1.089,"_zoom":16.175},{"_mousePosition":[809,349],"_rootPartCFrame":[772.784,222.7,46.905,0.053,0,0.999,0,1,0,-0.999,0,0.053],"_humanoidState":8,"_cameraCFrame":[784.116,235.741,47.028,0.011,-0.713,0.701,0,0.701,0.714,-1,-0.008,0.008],"_shiftlockState":false,"_pose":"Running","_animationQueue":[],"_animationSpeed":1.089,"_zoom":16.175},{"_mousePosition":[809,349],"_rootPartCFrame":[772.517,222.7,46.898,0.049,0,0.999,0,1,0,-0.999,0,0.049],"_humanoidState":8,"_cameraCFrame":[783.71,235.877,46.845,-0.005,-0.722,0.692,0,0.692,0.722,-1,0.003,-0.003],"_shiftlockState":false,"_pose":"Running","_animationQueue":[],"_animationSpeed":1.089,"_zoom":16.175},{"_mousePosition":[809,349],"_rootPartCFrame":[772.118,222.7,46.894,0.041,0,0.999,0,1,0,-0.999,0,0.041],"_humanoidState":8,"_cameraCFrame":[783.145,236.029,46.598,-0.027,-0.731,0.682,0,0.682,0.731,-1,0.02,-0.018],"_shiftlockState":false,"_pose":"Running","_animationQueue":[],"_animationSpeed":1.089,"_zoom":16.175},{"_mousePosition":[809,349],"_rootPartCFrame":[771.984,222.7,46.894,0.038,0,0.999,0,1,0,-0.999,0,0.038],"_humanoidState":8,"_cameraCFrame":[782.861,236.162,46.409,-0.045,-0.739,0.672,0,0.673,0.74,-0.999,0.033,-0.03],"_shiftlockState":false,"_pose":"Running","_animationQueue":[],"_animationSpeed":1.089,"_zoom":16.175},{"_mousePosition":[809,349],"_rootPartCFrame":[771.718,222.7,46.901,0.03,0,1,0,1,0,-1,0,0.03],"_humanoidState":8,"_cameraCFrame":[782.513,236.232,46.34,-0.052,-0.743,0.667,0,0.668,0.744,-0.999,0.039,-0.035],"_shiftlockState":false,"_pose":"Running","_animationQueue":[["walk",0.1]],"_animationSpeed":1.089,"_zoom":16.175},{"_mousePosition":[809,349],"_rootPartCFrame":[771.451,222.7,46.912,0.02,0,1,0,1,0,-1,0,0.02],"_humanoidState":8,"_cameraCFrame":[782.187,236.284,46.332,-0.054,-0.746,0.664,0,0.665,0.747,-0.999,0.04,-0.036],"_shiftlockState":false,"_pose":"Running","_animationQueue":[],"_animationSpeed":1.089,"_zoom":16.175},{"_mousePosition":[809,349],"_rootPartCFrame":[771.185,222.7,46.926,0.01,0,1,0,1,0,-1,0,0.01],"_humanoidState":8,"_cameraCFrame":[781.901,236.302,46.346,-0.054,-0.747,0.663,0,0.663,0.748,-0.999,0.04,-0.036],"_shiftlockState":false,"_pose":"Running","_animationQueue":[],"_animationSpeed":1.089,"_zoom":16.175},{"_mousePosition":[809,349],"_rootPartCFrame":[770.852,223.77,46.943,-0.002,0,1,0,1,0,-1,0,-0.002],"_humanoidState":3,"_cameraCFrame":[781.559,237.38,46.364,-0.054,-0.748,0.662,0,0.663,0.749,-0.999,0.04,-0.036],"_shiftlockState":false,"_pose":"Jumping","_animationQueue":[["walk",0.1],["jump",0.1]],"_animationSpeed":1,"_zoom":16.175},{"_mousePosition":[809,349],"_rootPartCFrame":[770.652,224.371,46.954,-0.007,0,1,0,1,0,-1,0,-0.007],"_humanoidState":5,"_cameraCFrame":[781.329,238.007,46.365,-0.055,-0.749,0.66,0,0.661,0.75,-0.998,0.041,-0.036],"_shiftlockState":false,"_pose":"FreeFall","_animationQueue":[["jump",0.1]],"_animationSpeed":1,"_zoom":16.175},{"_mousePosition":[809,349],"_rootPartCFrame":[770.386,225.125,46.968,-0.014,0,1,0,1,0,-1,0,-0.014],"_humanoidState":5,"_cameraCFrame":[781.01,238.804,46.327,-0.06,-0.752,0.657,0,0.658,0.753,-0.998,0.045,-0.04],"_shiftlockState":false,"_pose":"FreeFall","_animationQueue":[],"_animationSpeed":1,"_zoom":16.175},{"_mousePosition":[809,349],"_rootPartCFrame":[770.119,225.824,46.983,-0.02,0,1,0,1,0,-1,0,-0.02],"_humanoidState":5,"_cameraCFrame":[780.682,239.555,46.301,-0.064,-0.755,0.653,0,0.654,0.756,-0.998,0.049,-0.042],"_shiftlockState":false,"_pose":"FreeFall","_animationQueue":[],"_animationSpeed":1,"_zoom":16.175},{"_mousePosition":[809,349],"_rootPartCFrame":[769.853,226.469,46.999,-0.025,0,1,0,1,0,-1,0,-0.025],"_humanoidState":5,"_cameraCFrame":[780.375,240.234,46.297,-0.067,-0.757,0.651,0,0.652,0.758,-0.998,0.05,-0.043],"_shiftlockState":false,"_pose":"FreeFall","_animationQueue":[],"_animationSpeed":1,"_zoom":16.175},{"_mousePosition":[809,349],"_rootPartCFrame":[769.587,227.06,47.016,-0.031,0,1,0,1,0,-1,0,-0.031],"_humanoidState":5,"_cameraCFrame":[780.089,240.841,46.315,-0.067,-0.758,0.649,0,0.651,0.759,-0.998,0.051,-0.043],"_shiftlockState":false,"_pose":"FreeFall","_animationQueue":[],"_animationSpeed":1,"_zoom":16.175},{"_mousePosition":[809,349],"_rootPartCFrame":[769.321,227.595,47.033,-0.035,0,0.999,0,1,0,-0.999,0,-0.035],"_humanoidState":5,"_cameraCFrame":[779.823,241.377,46.333,-0.067,-0.758,0.649,0,0.651,0.759,-0.998,0.051,-0.043],"_shiftlockState":false,"_pose":"FreeFall","_animationQueue":[],"_animationSpeed":1,"_zoom":16.175},{"_mousePosition":[809,349],"_rootPartCFrame":[769.055,228.077,47.051,-0.04,0,0.999,0,1,0,-0.999,0,-0.04],"_humanoidState":5,"_cameraCFrame":[779.557,241.859,46.351,-0.067,-0.758,0.649,0,0.651,0.759,-0.998,0.051,-0.043],"_shiftlockState":false,"_pose":"FreeFall","_animationQueue":[],"_animationSpeed":1,"_zoom":16.175},{"_mousePosition":[809,349],"_rootPartCFrame":[768.789,228.504,47.069,-0.044,0,0.999,0,1,0,-0.999,0,-0.044],"_humanoidState":5,"_cameraCFrame":[779.291,242.286,46.368,-0.067,-0.758,0.649,0,0.651,0.759,-0.998,0.051,-0.043],"_shiftlockState":false,"_pose":"FreeFall","_animationQueue":[],"_animationSpeed":1,"_zoom":16.175},{"_mousePosition":[809,349],"_rootPartCFrame":[768.523,228.876,47.087,-0.047,0,0.999,0,1,0,-0.999,0,-0.047],"_humanoidState":5,"_cameraCFrame":[779.025,242.658,46.386,-0.067,-0.758,0.649,0,0.651,0.759,-0.998,0.051,-0.043],"_shiftlockState":false,"_pose":"FreeFall","_animationQueue":[],"_animationSpeed":1,"_zoom":16.175},{"_mousePosition":[809,349],"_rootPartCFrame":[768.19,229.265,47.109,-0.05,0,0.999,0,1,0,-0.999,0,-0.05],"_humanoidState":5,"_cameraCFrame":[778.692,243.047,46.408,-0.067,-0.758,0.649,0,0.651,0.759,-0.998,0.051,-0.043],"_shiftlockState":false,"_pose":"FreeFall","_animationQueue":[],"_animationSpeed":1,"_zoom":16.175},{"_mousePosition":[809,349],"_rootPartCFrame":[767.857,229.569,47.131,-0.053,0,0.999,0,1,0,-0.999,0,-0.053],"_humanoidState":5,"_cameraCFrame":[778.36,243.35,46.431,-0.067,-0.758,0.649,0,0.651,0.759,-0.998,0.051,-0.043],"_shiftlockState":false,"_pose":"FreeFall","_animationQueue":[],"_animationSpeed":1,"_zoom":16.175},{"_mousePosition":[809,349],"_rootPartCFrame":[767.732,229.666,47.139,-0.054,0,0.999,0,1,0,-0.999,0,-0.054],"_humanoidState":12,"_cameraCFrame":[778.234,243.448,46.439,-0.067,-0.758,0.649,0,0.651,0.759,-0.998,0.051,-0.043],"_shiftlockState":false,"_pose":"Climbing","_animationQueue":[["walk",0.1],["climb",0.1]],"_animationSpeed":1.079,"_zoom":16.175},{"_mousePosition":[809,349],"_rootPartCFrame":[767.666,229.816,47.144,-0.064,0.056,0.996,0.002,0.998,-0.056,-0.998,-0.002,-0.064],"_humanoidState":12,"_cameraCFrame":[778.252,243.595,46.441,-0.067,-0.758,0.649,0,0.651,0.759,-0.998,0.051,-0.043],"_shiftlockState":false,"_pose":"Climbing","_animationQueue":[["climb",0.1]],"_animationSpeed":0.954,"_zoom":16.175},{"_mousePosition":[809,349],"_rootPartCFrame":[767.683,229.99,47.143,-0.07,0.039,0.997,0.001,0.999,-0.039,-0.998,-0.001,-0.07],"_humanoidState":12,"_cameraCFrame":[778.244,243.771,46.44,-0.067,-0.758,0.649,0,0.651,0.759,-0.998,0.051,-0.043],"_shiftlockState":false,"_pose":"Climbing","_animationQueue":[["climb",0.1]],"_animationSpeed":0.868,"_zoom":16.175},{"_mousePosition":[809,349],"_rootPartCFrame":[767.732,230.168,47.139,-0.073,0.02,0.997,0.001,1,-0.02,-0.997,-0.001,-0.073],"_humanoidState":12,"_cameraCFrame":[778.264,243.949,46.438,-0.067,-0.758,0.649,0,0.651,0.759,-0.998,0.051,-0.043],"_shiftlockState":false,"_pose":"Climbing","_animationQueue":[],"_animationSpeed":0.868,"_zoom":16.175},{"_mousePosition":[809,349],"_rootPartCFrame":[767.773,230.349,47.137,-0.075,0.01,0.997,0,1,-0.01,-0.997,0,-0.075],"_humanoidState":12,"_cameraCFrame":[778.291,244.131,46.447,-0.065,-0.758,0.649,0,0.651,0.759,-0.998,0.05,-0.043],"_shiftlockState":false,"_pose":"Climbing","_animationQueue":[],"_animationSpeed":0.868,"_zoom":16.175},{"_mousePosition":[809,349],"_rootPartCFrame":[767.805,230.53,47.134,-0.077,0.009,0.997,0,1,-0.009,-0.997,0,-0.077],"_humanoidState":12,"_cameraCFrame":[778.326,244.312,46.499,-0.06,-0.758,0.65,0,0.651,0.759,-0.998,0.046,-0.039],"_shiftlockState":false,"_pose":"Climbing","_animationQueue":[],"_animationSpeed":0.868,"_zoom":16.175},{"_mousePosition":[809,349],"_rootPartCFrame":[767.833,230.709,47.132,-0.079,0.013,0.997,0,1,-0.013,-0.997,-0.001,-0.079],"_humanoidState":12,"_cameraCFrame":[778.363,244.491,46.574,-0.053,-0.758,0.65,0,0.651,0.759,-0.999,0.04,-0.034],"_shiftlockState":false,"_pose":"Climbing","_animationQueue":[],"_animationSpeed":0.868,"_zoom":16.175},{"_mousePosition":[809,349],"_rootPartCFrame":[767.861,230.888,47.13,-0.082,0.016,0.997,0,1,-0.016,-0.997,-0.001,-0.082],"_humanoidState":12,"_cameraCFrame":[778.4,244.669,46.659,-0.045,-0.759,0.65,0,0.651,0.759,-0.999,0.034,-0.029],"_shiftlockState":false,"_pose":"Climbing","_animationQueue":[],"_animationSpeed":0.868,"_zoom":16.175},{"_mousePosition":[809,349],"_rootPartCFrame":[767.891,231.066,47.127,-0.085,0.016,0.996,0.001,1,-0.016,-0.996,-0.001,-0.085],"_humanoidState":12,"_cameraCFrame":[778.434,244.848,46.745,-0.036,-0.759,0.65,0,0.651,0.759,-0.999,0.027,-0.024],"_shiftlockState":false,"_pose":"Climbing","_animationQueue":[],"_animationSpeed":0.868,"_zoom":16.175},{"_mousePosition":[809,349],"_rootPartCFrame":[767.931,231.289,47.124,-0.088,0.016,0.996,0,1,-0.016,-0.996,-0.001,-0.088],"_humanoidState":12,"_cameraCFrame":[778.474,245.071,46.785,-0.032,-0.759,0.65,0,0.651,0.759,-0.999,0.024,-0.021],"_shiftlockState":false,"_pose":"Climbing","_animationQueue":[],"_animationSpeed":0.868,"_zoom":16.175},{"_mousePosition":[809,349],"_rootPartCFrame":[767.954,231.423,47.122,-0.091,0.015,0.996,0,1,-0.015,-0.996,-0.001,-0.091],"_humanoidState":12,"_cameraCFrame":[778.508,245.196,46.838,-0.027,-0.759,0.651,0,0.651,0.759,-1,0.02,-0.017],"_shiftlockState":false,"_pose":"Climbing","_animationQueue":[],"_animationSpeed":0.868,"_zoom":16.175},{"_mousePosition":[809,349],"_rootPartCFrame":[767.985,231.602,47.119,-0.093,0.015,0.996,0,1,-0.015,-0.996,-0.001,-0.093],"_humanoidState":12,"_cameraCFrame":[778.55,245.367,46.868,-0.024,-0.758,0.652,0,0.652,0.758,-1,0.018,-0.015],"_shiftlockState":false,"_pose":"Climbing","_animationQueue":[],"_animationSpeed":0.868,"_zoom":16.175},{"_mousePosition":[809,349],"_rootPartCFrame":[768.016,231.781,47.116,-0.096,0.015,0.995,0,1,-0.015,-0.995,-0.001,-0.096],"_humanoidState":12,"_cameraCFrame":[778.581,245.545,46.887,-0.022,-0.758,0.652,0,0.652,0.758,-1,0.016,-0.014],"_shiftlockState":false,"_pose":"Climbing","_animationQueue":[],"_animationSpeed":0.868,"_zoom":16.175},{"_mousePosition":[809,349],"_rootPartCFrame":[768.047,231.959,47.113,-0.099,0.015,0.995,0.001,1,-0.015,-0.995,-0.001,-0.099],"_humanoidState":12,"_cameraCFrame":[778.622,245.716,46.884,-0.022,-0.758,0.652,0,0.653,0.758,-1,0.016,-0.014],"_shiftlockState":false,"_pose":"Climbing","_animationQueue":[],"_animationSpeed":0.868,"_zoom":16.175},{"_mousePosition":[809,349],"_rootPartCFrame":[768.078,232.138,47.11,-0.102,0.015,0.995,0.001,1,-0.015,-0.995,-0.001,-0.102],"_humanoidState":12,"_cameraCFrame":[778.653,245.894,46.892,-0.021,-0.758,0.652,0,0.653,0.758,-1,0.016,-0.013],"_shiftlockState":false,"_pose":"Climbing","_animationQueue":[],"_animationSpeed":0.868,"_zoom":16.175},{"_mousePosition":[809,349],"_rootPartCFrame":[768.108,232.317,47.106,-0.105,0.015,0.994,0.001,1,-0.015,-0.994,-0.001,-0.105],"_humanoidState":12,"_cameraCFrame":[778.684,246.073,46.888,-0.021,-0.758,0.652,0,0.653,0.758,-1,0.016,-0.013],"_shiftlockState":false,"_pose":"Climbing","_animationQueue":[],"_animationSpeed":0.868,"_zoom":16.175},{"_mousePosition":[809,349],"_rootPartCFrame":[768.147,232.54,47.102,-0.109,0.015,0.994,0.001,1,-0.015,-0.994,-0.001,-0.109],"_humanoidState":12,"_cameraCFrame":[778.722,246.296,46.884,-0.021,-0.758,0.652,0,0.653,0.758,-1,0.016,-0.013],"_shiftlockState":false,"_pose":"Climbing","_animationQueue":[],"_animationSpeed":0.868,"_zoom":16.175},{"_mousePosition":[809,349],"_rootPartCFrame":[768.17,232.674,47.1,-0.111,0.015,0.994,0.001,1,-0.015,-0.994,-0.001,-0.111],"_humanoidState":12,"_cameraCFrame":[778.745,246.43,46.882,-0.021,-0.758,0.652,0,0.653,0.758,-1,0.016,-0.013],"_shiftlockState":false,"_pose":"Climbing","_animationQueue":[],"_animationSpeed":0.868,"_zoom":16.175},{"_mousePosition":[809,349],"_rootPartCFrame":[768.2,232.853,47.096,-0.114,0.015,0.993,0.001,1,-0.015,-0.993,-0.001,-0.114],"_humanoidState":12,"_cameraCFrame":[778.776,246.609,46.878,-0.021,-0.758,0.652,0,0.653,0.758,-1,0.016,-0.013],"_shiftlockState":false,"_pose":"Climbing","_animationQueue":[],"_animationSpeed":0.868,"_zoom":16.175},{"_mousePosition":[809,349],"_rootPartCFrame":[768.231,233.032,47.093,-0.118,0.015,0.993,0.001,1,-0.015,-0.993,-0.001,-0.118],"_humanoidState":12,"_cameraCFrame":[778.806,246.788,46.874,-0.021,-0.758,0.652,0,0.653,0.758,-1,0.016,-0.013],"_shiftlockState":false,"_pose":"Climbing","_animationQueue":[],"_animationSpeed":0.868,"_zoom":16.175},{"_mousePosition":[809,349],"_rootPartCFrame":[768.261,233.21,47.089,-0.121,0.015,0.993,0.001,1,-0.015,-0.993,-0.001,-0.121],"_humanoidState":12,"_cameraCFrame":[778.837,246.967,46.871,-0.021,-0.758,0.652,0,0.653,0.758,-1,0.016,-0.013],"_shiftlockState":false,"_pose":"Climbing","_animationQueue":[],"_animationSpeed":0.868,"_zoom":16.175},{"_mousePosition":[809,349],"_rootPartCFrame":[768.292,233.389,47.085,-0.124,0.015,0.992,0.001,1,-0.015,-0.992,-0.001,-0.124],"_humanoidState":12,"_cameraCFrame":[778.867,247.145,46.867,-0.021,-0.758,0.652,0,0.653,0.758,-1,0.016,-0.013],"_shiftlockState":false,"_pose":"Climbing","_animationQueue":[],"_animationSpeed":0.868,"_zoom":16.175},{"_mousePosition":[809,349],"_rootPartCFrame":[768.322,233.568,47.081,-0.128,0.015,0.992,0.001,1,-0.015,-0.992,-0.001,-0.128],"_humanoidState":12,"_cameraCFrame":[778.898,247.324,46.863,-0.021,-0.758,0.652,0,0.653,0.758,-1,0.016,-0.013],"_shiftlockState":false,"_pose":"Climbing","_animationQueue":[],"_animationSpeed":0.868,"_zoom":16.175},{"_mousePosition":[809,349],"_rootPartCFrame":[768.353,233.746,47.077,-0.131,0.015,0.991,0.001,1,-0.015,-0.991,-0.001,-0.131],"_humanoidState":12,"_cameraCFrame":[778.929,247.503,46.859,-0.021,-0.758,0.652,0,0.653,0.758,-1,0.016,-0.013],"_shiftlockState":false,"_pose":"Climbing","_animationQueue":[],"_animationSpeed":0.868,"_zoom":16.175},{"_mousePosition":[809,349],"_rootPartCFrame":[768.383,233.925,47.073,-0.135,0.015,0.991,0.001,1,-0.015,-0.991,-0.001,-0.135],"_humanoidState":12,"_cameraCFrame":[778.959,247.681,46.855,-0.021,-0.758,0.652,0,0.653,0.758,-1,0.016,-0.013],"_shiftlockState":false,"_pose":"Climbing","_animationQueue":[],"_animationSpeed":0.868,"_zoom":16.175},{"_mousePosition":[809,349],"_rootPartCFrame":[768.414,234.104,47.069,-0.138,0.015,0.99,0.001,1,-0.015,-0.99,-0.001,-0.138],"_humanoidState":12,"_cameraCFrame":[778.989,247.86,46.85,-0.021,-0.758,0.652,0,0.653,0.758,-1,0.016,-0.013],"_shiftlockState":false,"_pose":"Climbing","_animationQueue":[],"_animationSpeed":0.868,"_zoom":16.175},{"_mousePosition":[809,349],"_rootPartCFrame":[768.444,234.283,47.065,-0.142,0.015,0.99,0.001,1,-0.015,-0.99,-0.002,-0.142],"_humanoidState":12,"_cameraCFrame":[779.02,248.039,46.846,-0.021,-0.758,0.652,0,0.653,0.758,-1,0.016,-0.013],"_shiftlockState":false,"_pose":"Climbing","_animationQueue":[],"_animationSpeed":0.868,"_zoom":16.175},{"_mousePosition":[809,349],"_rootPartCFrame":[768.475,234.461,47.06,-0.146,0.015,0.989,0.001,1,-0.015,-0.989,-0.002,-0.146],"_humanoidState":12,"_cameraCFrame":[779.05,248.217,46.841,-0.021,-0.758,0.652,0,0.653,0.758,-1,0.016,-0.013],"_shiftlockState":false,"_pose":"Climbing","_animationQueue":[],"_animationSpeed":0.868,"_zoom":16.175},{"_mousePosition":[809,349],"_rootPartCFrame":[768.505,234.64,47.056,-0.15,0.015,0.989,0.001,1,-0.015,-0.989,-0.002,-0.15],"_humanoidState":12,"_cameraCFrame":[779.08,248.396,46.837,-0.021,-0.758,0.652,0,0.653,0.758,-1,0.016,-0.013],"_shiftlockState":false,"_pose":"Climbing","_animationQueue":[],"_animationSpeed":0.868,"_zoom":16.175},{"_mousePosition":[809,349],"_rootPartCFrame":[768.535,234.819,47.051,-0.153,0.015,0.988,0.001,1,-0.015,-0.988,-0.002,-0.153],"_humanoidState":12,"_cameraCFrame":[779.11,248.575,46.832,-0.021,-0.758,0.652,0,0.653,0.758,-1,0.016,-0.013],"_shiftlockState":false,"_pose":"Climbing","_animationQueue":[],"_animationSpeed":0.868,"_zoom":16.175},{"_mousePosition":[809,349],"_rootPartCFrame":[768.565,234.997,47.046,-0.157,0.015,0.987,0.001,1,-0.015,-0.988,-0.002,-0.157],"_humanoidState":12,"_cameraCFrame":[779.141,248.754,46.827,-0.021,-0.758,0.652,0,0.653,0.758,-1,0.016,-0.013],"_shiftlockState":false,"_pose":"Climbing","_animationQueue":[],"_animationSpeed":0.868,"_zoom":16.175},{"_mousePosition":[809,349],"_rootPartCFrame":[768.595,235.176,47.041,-0.161,0.015,0.987,0.001,1,-0.015,-0.987,-0.002,-0.161],"_humanoidState":12,"_cameraCFrame":[779.135,248.932,45.073,-0.021,-0.758,0.652,0,0.653,0.758,-1,0.016,-0.013],"_shiftlockState":true,"_pose":"Climbing","_animationQueue":[["climb",0]],"_animationSpeed":0.868,"_zoom":16.175},{"_mousePosition":[683,384],"_rootPartCFrame":[768.631,235.354,47.039,-0.026,0.015,1,0.001,1,-0.015,-1,0.001,-0.026],"_humanoidState":12,"_cameraCFrame":[779.171,249.11,45.074,-0.021,-0.758,0.652,0,0.653,0.758,-1,0.016,-0.013],"_shiftlockState":true,"_pose":"Climbing","_animationQueue":[],"_animationSpeed":0.868,"_zoom":16.175},{"_mousePosition":[683,384],"_rootPartCFrame":[768.663,235.532,47.038,-0.026,0.015,1,0.001,1,-0.015,-1,0.001,-0.027],"_humanoidState":12,"_cameraCFrame":[779.203,249.289,45.073,-0.021,-0.758,0.652,0,0.653,0.758,-1,0.016,-0.013],"_shiftlockState":true,"_pose":"Climbing","_animationQueue":[],"_animationSpeed":0.868,"_zoom":16.175},{"_mousePosition":[683,384],"_rootPartCFrame":[768.694,235.711,47.037,-0.027,0.015,1,0.001,1,-0.015,-1,0.001,-0.027],"_humanoidState":12,"_cameraCFrame":[779.234,249.467,45.072,-0.021,-0.758,0.652,0,0.653,0.758,-1,0.016,-0.013],"_shiftlockState":true,"_pose":"Climbing","_animationQueue":[],"_animationSpeed":0.868,"_zoom":16.175},{"_mousePosition":[683,384],"_rootPartCFrame":[768.726,235.889,47.036,-0.027,0.015,1,0.001,1,-0.015,-1,0.001,-0.027],"_humanoidState":12,"_cameraCFrame":[779.266,249.645,45.071,-0.021,-0.758,0.652,0,0.653,0.758,-1,0.016,-0.013],"_shiftlockState":true,"_pose":"Climbing","_animationQueue":[],"_animationSpeed":0.868,"_zoom":16.175},{"_mousePosition":[683,384],"_rootPartCFrame":[768.757,236.068,47.035,-0.027,0.015,1,0.001,1,-0.015,-1,0.001,-0.027],"_humanoidState":12,"_cameraCFrame":[779.297,249.824,45.07,-0.021,-0.758,0.652,0,0.653,0.758,-1,0.016,-0.013],"_shiftlockState":true,"_pose":"Climbing","_animationQueue":[],"_animationSpeed":0.868,"_zoom":16.175},{"_mousePosition":[683,384],"_rootPartCFrame":[768.789,236.246,47.034,-0.027,0.015,1,0.001,1,-0.015,-1,0.001,-0.027],"_humanoidState":12,"_cameraCFrame":[779.328,250.002,45.069,-0.021,-0.758,0.652,0,0.653,0.758,-1,0.016,-0.013],"_shiftlockState":true,"_pose":"Climbing","_animationQueue":[],"_animationSpeed":0.868,"_zoom":16.175},{"_mousePosition":[683,384],"_rootPartCFrame":[768.82,236.425,47.033,-0.027,0.015,1,0.001,1,-0.015,-1,0.001,-0.027],"_humanoidState":12,"_cameraCFrame":[779.36,250.181,45.068,-0.021,-0.758,0.652,0,0.653,0.758,-1,0.016,-0.013],"_shiftlockState":true,"_pose":"Climbing","_animationQueue":[],"_animationSpeed":0.868,"_zoom":16.175},{"_mousePosition":[683,384],"_rootPartCFrame":[768.851,236.603,47.032,-0.027,0.015,1,0.001,1,-0.015,-1,0.001,-0.027],"_humanoidState":12,"_cameraCFrame":[779.391,250.359,45.067,-0.021,-0.758,0.652,0,0.653,0.758,-1,0.016,-0.013],"_shiftlockState":true,"_pose":"Climbing","_animationQueue":[],"_animationSpeed":0.868,"_zoom":16.175},{"_mousePosition":[683,384],"_rootPartCFrame":[768.883,236.782,47.031,-0.027,0.015,1,0.001,1,-0.015,-1,0.001,-0.027],"_humanoidState":12,"_cameraCFrame":[779.423,250.538,45.066,-0.021,-0.758,0.652,0,0.653,0.758,-1,0.016,-0.013],"_shiftlockState":true,"_pose":"Climbing","_animationQueue":[],"_animationSpeed":0.868,"_zoom":16.175},{"_mousePosition":[683,384],"_rootPartCFrame":[768.914,236.96,47.031,-0.027,0.015,1,0.001,1,-0.015,-1,0.001,-0.027],"_humanoidState":12,"_cameraCFrame":[779.454,250.716,45.065,-0.021,-0.758,0.652,0,0.653,0.758,-1,0.016,-0.013],"_shiftlockState":true,"_pose":"Climbing","_animationQueue":[],"_animationSpeed":0.868,"_zoom":16.175},{"_mousePosition":[683,384],"_rootPartCFrame":[768.946,237.138,47.03,-0.027,0.015,1,0.001,1,-0.015,-1,0.001,-0.027],"_humanoidState":12,"_cameraCFrame":[779.486,250.895,45.065,-0.021,-0.758,0.652,0,0.653,0.758,-1,0.016,-0.013],"_shiftlockState":true,"_pose":"Climbing","_animationQueue":[],"_animationSpeed":0.868,"_zoom":16.175},{"_mousePosition":[683,384],"_rootPartCFrame":[768.977,237.317,47.029,-0.027,0.015,1,0.001,1,-0.015,-1,0.001,-0.027],"_humanoidState":12,"_cameraCFrame":[779.517,251.073,45.064,-0.021,-0.758,0.652,0,0.653,0.758,-1,0.016,-0.013],"_shiftlockState":true,"_pose":"Climbing","_animationQueue":[],"_animationSpeed":0.868,"_zoom":16.175},{"_mousePosition":[683,384],"_rootPartCFrame":[769.009,237.495,47.028,-0.027,0.015,1,0.001,1,-0.015,-1,0.001,-0.027],"_humanoidState":12,"_cameraCFrame":[779.548,251.251,45.063,-0.021,-0.758,0.652,0,0.653,0.758,-1,0.016,-0.013],"_shiftlockState":true,"_pose":"Climbing","_animationQueue":[],"_animationSpeed":0.868,"_zoom":16.175},{"_mousePosition":[683,384],"_rootPartCFrame":[769.04,237.674,47.027,-0.027,0.015,1,0.001,1,-0.015,-1,0.001,-0.027],"_humanoidState":12,"_cameraCFrame":[779.58,251.43,45.062,-0.021,-0.758,0.652,0,0.653,0.758,-1,0.016,-0.013],"_shiftlockState":true,"_pose":"Climbing","_animationQueue":[],"_animationSpeed":0.868,"_zoom":16.175},{"_mousePosition":[683,384],"_rootPartCFrame":[769.071,237.852,47.026,-0.027,0.015,1,0.001,1,-0.015,-1,0.001,-0.027],"_humanoidState":12,"_cameraCFrame":[779.611,251.608,45.061,-0.021,-0.758,0.652,0,0.653,0.758,-1,0.016,-0.013],"_shiftlockState":true,"_pose":"Climbing","_animationQueue":[],"_animationSpeed":0.868,"_zoom":16.175},{"_mousePosition":[683,384],"_rootPartCFrame":[769.103,238.031,47.025,-0.027,0.015,1,0.001,1,-0.015,-1,0.001,-0.027],"_humanoidState":12,"_cameraCFrame":[779.643,251.787,45.06,-0.021,-0.758,0.652,0,0.653,0.758,-1,0.016,-0.013],"_shiftlockState":true,"_pose":"Climbing","_animationQueue":[],"_animationSpeed":0.868,"_zoom":16.175},{"_mousePosition":[683,384],"_rootPartCFrame":[769.134,238.209,47.024,-0.027,0.015,1,0.001,1,-0.015,-1,0.001,-0.027],"_humanoidState":12,"_cameraCFrame":[779.674,251.965,45.059,-0.021,-0.758,0.652,0,0.653,0.758,-1,0.016,-0.013],"_shiftlockState":true,"_pose":"Climbing","_animationQueue":[],"_animationSpeed":0.868,"_zoom":16.175},{"_mousePosition":[683,384],"_rootPartCFrame":[769.166,238.387,47.024,-0.027,0.015,1,0.001,1,-0.015,-1,0.001,-0.027],"_humanoidState":12,"_cameraCFrame":[779.706,252.144,45.059,-0.021,-0.758,0.652,0,0.653,0.758,-1,0.016,-0.013],"_shiftlockState":true,"_pose":"Climbing","_animationQueue":[],"_animationSpeed":0.868,"_zoom":16.175},{"_mousePosition":[683,384],"_rootPartCFrame":[769.197,238.566,47.023,-0.027,0.015,1,0.001,1,-0.015,-1,0.001,-0.027],"_humanoidState":12,"_cameraCFrame":[779.737,252.322,45.058,-0.021,-0.758,0.652,0,0.653,0.758,-1,0.016,-0.013],"_shiftlockState":true,"_pose":"Climbing","_animationQueue":[],"_animationSpeed":0.868,"_zoom":16.175},{"_mousePosition":[683,384],"_rootPartCFrame":[769.229,238.744,47.022,-0.027,0.015,1,0.001,1,-0.015,-1,0.001,-0.027],"_humanoidState":12,"_cameraCFrame":[779.804,252.5,46.806,-0.021,-0.758,0.652,0,0.653,0.758,-1,0.016,-0.013],"_shiftlockState":false,"_pose":"Climbing","_animationQueue":[],"_animationSpeed":0.868,"_zoom":16.175},{"_mousePosition":[683,384],"_rootPartCFrame":[769.259,238.923,47.021,-0.033,0.015,0.999,0.001,1,-0.015,-0.999,0.001,-0.033],"_humanoidState":12,"_cameraCFrame":[779.834,252.679,46.805,-0.021,-0.758,0.652,0,0.653,0.758,-1,0.016,-0.013],"_shiftlockState":false,"_pose":"Climbing","_animationQueue":[],"_animationSpeed":0.868,"_zoom":16.175},{"_mousePosition":[683,384],"_rootPartCFrame":[769.289,239.102,47.02,-0.04,0.015,0.999,0.001,1,-0.015,-0.999,0,-0.04],"_humanoidState":12,"_cameraCFrame":[779.864,252.858,46.804,-0.021,-0.758,0.652,0,0.653,0.758,-1,0.016,-0.013],"_shiftlockState":false,"_pose":"Climbing","_animationQueue":[],"_animationSpeed":0.868,"_zoom":16.175},{"_mousePosition":[683,384],"_rootPartCFrame":[769.316,239.282,47.019,-0.045,0.013,0.999,0.001,1,-0.013,-0.999,0,-0.046],"_humanoidState":12,"_cameraCFrame":[779.889,253.038,46.803,-0.021,-0.758,0.652,0,0.653,0.758,-1,0.016,-0.013],"_shiftlockState":false,"_pose":"Climbing","_animationQueue":[],"_animationSpeed":0.868,"_zoom":16.175},{"_mousePosition":[683,384],"_rootPartCFrame":[769.323,239.466,47.018,-0.048,0.006,0.999,0,1,-0.006,-0.999,0,-0.048],"_humanoidState":12,"_cameraCFrame":[779.885,253.223,46.802,-0.021,-0.758,0.652,0,0.653,0.758,-1,0.016,-0.013],"_shiftlockState":false,"_pose":"Climbing","_animationQueue":[["climb",0.1]],"_animationSpeed":0.918,"_zoom":16.175},{"_mousePosition":[683,384],"_rootPartCFrame":[769.327,239.652,47.018,-0.049,0.002,0.999,0,1,-0.002,-0.999,0,-0.049],"_humanoidState":12,"_cameraCFrame":[779.823,253.459,46.781,-0.023,-0.761,0.649,0,0.649,0.761,-1,0.017,-0.015],"_shiftlockState":false,"_pose":"Climbing","_animationQueue":[],"_animationSpeed":0.918,"_zoom":16.175},{"_mousePosition":[683,384],"_rootPartCFrame":[769.328,239.839,47.018,-0.05,0,0.999,0,1,0,-0.999,0,-0.05],"_humanoidState":12,"_cameraCFrame":[779.701,253.747,46.751,-0.026,-0.767,0.641,0,0.641,0.767,-1,0.02,-0.017],"_shiftlockState":false,"_pose":"Climbing","_animationQueue":[],"_animationSpeed":0.918,"_zoom":16.175},{"_mousePosition":[683,384],"_rootPartCFrame":[769.328,240.025,47.018,-0.05,0,0.999,0,1,0,-0.999,0,-0.05],"_humanoidState":12,"_cameraCFrame":[779.549,254.058,46.733,-0.028,-0.775,0.632,0,0.632,0.775,-1,0.022,-0.018],"_shiftlockState":false,"_pose":"Climbing","_animationQueue":[],"_animationSpeed":0.918,"_zoom":16.175},{"_mousePosition":[683,384],"_rootPartCFrame":[769.328,240.259,47.018,-0.05,0,0.999,0,1,0,-0.999,0,-0.05],"_humanoidState":12,"_cameraCFrame":[779.406,254.406,46.706,-0.031,-0.782,0.623,0,0.623,0.782,-1,0.024,-0.019],"_shiftlockState":false,"_pose":"Climbing","_animationQueue":[],"_animationSpeed":0.918,"_zoom":16.175},{"_mousePosition":[683,384],"_rootPartCFrame":[769.328,240.445,47.018,-0.05,0,0.999,0,1,0,-0.999,0,-0.05],"_humanoidState":12,"_cameraCFrame":[779.273,254.698,46.699,-0.032,-0.788,0.615,0,0.615,0.788,-0.999,0.025,-0.02],"_shiftlockState":false,"_pose":"Climbing","_animationQueue":[],"_animationSpeed":0.918,"_zoom":16.175},{"_mousePosition":[683,384],"_rootPartCFrame":[769.328,240.585,47.018,-0.05,0,0.999,0,1,0,-0.999,0,-0.05],"_humanoidState":12,"_cameraCFrame":[779.128,254.949,46.704,-0.032,-0.795,0.606,0,0.606,0.795,-0.999,0.025,-0.019],"_shiftlockState":false,"_pose":"Climbing","_animationQueue":[],"_animationSpeed":0.918,"_zoom":16.175},{"_mousePosition":[683,384],"_rootPartCFrame":[769.328,240.772,47.018,-0.05,0,0.999,0,1,0,-0.999,0,-0.05],"_humanoidState":12,"_cameraCFrame":[779.004,255.23,46.718,-0.031,-0.801,0.598,0,0.598,0.801,-1,0.025,-0.019],"_shiftlockState":false,"_pose":"Climbing","_animationQueue":[["climb",0]],"_animationSpeed":0.918,"_zoom":16.175},{"_mousePosition":[683,384],"_rootPartCFrame":[769.328,240.959,47.018,-0.05,0,0.999,0,1,0,-0.999,0,-0.05],"_humanoidState":12,"_cameraCFrame":[778.878,255.51,46.732,-0.03,-0.807,0.59,0,0.591,0.807,-1,0.024,-0.018],"_shiftlockState":false,"_pose":"Climbing","_animationQueue":[],"_animationSpeed":0.918,"_zoom":16.175},{"_mousePosition":[683,384],"_rootPartCFrame":[769.328,241.145,47.018,-0.05,0,0.999,0,1,0,-0.999,0,-0.05],"_humanoidState":12,"_cameraCFrame":[778.763,255.781,46.745,-0.029,-0.812,0.583,0,0.584,0.812,-1,0.023,-0.017],"_shiftlockState":false,"_pose":"Climbing","_animationQueue":[],"_animationSpeed":0.918,"_zoom":16.175},{"_mousePosition":[683,384],"_rootPartCFrame":[769.328,241.332,47.018,-0.05,0,0.999,0,1,0,-0.999,0,-0.05],"_humanoidState":12,"_cameraCFrame":[778.668,256.036,46.777,-0.026,-0.816,0.577,0,0.578,0.816,-1,0.021,-0.015],"_shiftlockState":false,"_pose":"Climbing","_animationQueue":[],"_animationSpeed":0.918,"_zoom":16.175},{"_mousePosition":[683,384],"_rootPartCFrame":[769.328,241.518,47.018,-0.05,0,0.999,0,1,0,-0.999,0,-0.05],"_humanoidState":12,"_cameraCFrame":[778.583,256.282,46.789,-0.025,-0.82,0.572,0,0.572,0.82,-1,0.02,-0.014],"_shiftlockState":false,"_pose":"Climbing","_animationQueue":[],"_animationSpeed":0.918,"_zoom":16.175},{"_mousePosition":[683,384],"_rootPartCFrame":[769.328,241.705,47.018,-0.05,0,0.999,0,1,0,-0.999,0,-0.05],"_humanoidState":12,"_cameraCFrame":[778.508,256.521,46.81,-0.023,-0.823,0.568,0,0.568,0.823,-1,0.019,-0.013],"_shiftlockState":false,"_pose":"Climbing","_animationQueue":[],"_animationSpeed":0.918,"_zoom":16.175},{"_mousePosition":[683,384],"_rootPartCFrame":[769.328,241.938,47.018,-0.05,0,0.999,0,1,0,-0.999,0,-0.05],"_humanoidState":12,"_cameraCFrame":[778.423,256.813,46.831,-0.021,-0.827,0.562,0,0.562,0.827,-1,0.017,-0.012],"_shiftlockState":false,"_pose":"Climbing","_animationQueue":[],"_animationSpeed":0.918,"_zoom":16.175},{"_mousePosition":[683,384],"_rootPartCFrame":[769.328,242.125,47.018,-0.05,0,0.999,0,1,0,-0.999,0,-0.05],"_humanoidState":12,"_cameraCFrame":[778.358,257.044,46.852,-0.018,-0.829,0.558,0,0.558,0.83,-1,0.015,-0.01],"_shiftlockState":false,"_pose":"Climbing","_animationQueue":[],"_animationSpeed":0.918,"_zoom":16.175},{"_mousePosition":[683,384],"_rootPartCFrame":[769.328,242.265,47.018,-0.05,0,0.999,0,1,0,-0.999,0,-0.05],"_humanoidState":12,"_cameraCFrame":[778.272,257.242,46.891,-0.014,-0.833,0.553,0,0.553,0.833,-1,0.012,-0.008],"_shiftlockState":false,"_pose":"Climbing","_animationQueue":[],"_animationSpeed":0.918,"_zoom":16.175},{"_mousePosition":[683,384],"_rootPartCFrame":[769.328,242.452,47.018,-0.05,0,0.999,0,1,0,-0.999,0,-0.05],"_humanoidState":12,"_cameraCFrame":[778.174,257.493,46.92,-0.011,-0.837,0.547,0,0.547,0.837,-1,0.009,-0.006],"_shiftlockState":false,"_pose":"Climbing","_animationQueue":[],"_animationSpeed":0.918,"_zoom":16.175},{"_mousePosition":[683,384],"_rootPartCFrame":[769.328,242.638,47.018,-0.05,0,0.999,0,1,0,-0.999,0,-0.05],"_humanoidState":12,"_cameraCFrame":[778.076,257.743,46.948,-0.008,-0.841,0.541,0,0.541,0.841,-1,0.007,-0.004],"_shiftlockState":false,"_pose":"Climbing","_animationQueue":[],"_animationSpeed":0.918,"_zoom":16.175},{"_mousePosition":[683,384],"_rootPartCFrame":[769.328,242.872,47.018,-0.05,0,0.999,0,1,0,-0.999,0,-0.05],"_humanoidState":12,"_cameraCFrame":[777.966,258.047,46.976,-0.005,-0.845,0.534,0,0.534,0.845,-1,0.004,-0.003],"_shiftlockState":false,"_pose":"Climbing","_animationQueue":[],"_animationSpeed":0.918,"_zoom":16.175},{"_mousePosition":[683,384],"_rootPartCFrame":[769.328,243.012,47.018,-0.05,0,0.999,0,1,0,-0.999,0,-0.05],"_humanoidState":12,"_cameraCFrame":[777.856,258.256,46.995,-0.003,-0.85,0.527,0,0.527,0.85,-1,0.002,-0.001],"_shiftlockState":false,"_pose":"Climbing","_animationQueue":[],"_animationSpeed":0.918,"_zoom":16.175},{"_mousePosition":[683,384],"_rootPartCFrame":[769.303,243.164,47.018,-0.046,0,0.999,0,1,0,-0.999,0,-0.046],"_humanoidState":8,"_cameraCFrame":[777.742,258.463,47.004,-0.002,-0.853,0.522,0,0.522,0.853,-1,0.001,-0.001],"_shiftlockState":false,"_pose":"Standing","_animationQueue":[["climb",0.1],["idle",0.1],["idle",0.1]],"_animationSpeed":1,"_zoom":16.175},{"_mousePosition":[683,384],"_rootPartCFrame":[769.239,243.262,47.018,-0.04,0,0.999,0,1,0,-0.999,0,-0.04],"_humanoidState":5,"_cameraCFrame":[777.577,258.622,47.013,-0.001,-0.857,0.516,0,0.516,0.857,-1,0.001,0],"_shiftlockState":false,"_pose":"FreeFall","_animationQueue":[["walk",0.1],["fall",0.3]],"_animationSpeed":1,"_zoom":16.175},{"_mousePosition":[683,384],"_rootPartCFrame":[769.134,243.306,47.019,-0.035,0,0.999,0,1,0,-0.999,0,-0.035],"_humanoidState":5,"_cameraCFrame":[777.372,258.726,47.014,-0.001,-0.861,0.509,0,0.509,0.861,-1,0.001,0],"_shiftlockState":false,"_pose":"FreeFall","_animationQueue":[],"_animationSpeed":1,"_zoom":16.175},{"_mousePosition":[683,384],"_rootPartCFrame":[768.99,243.295,47.019,-0.03,0,1,0,1,0,-1,0,-0.03],"_humanoidState":5,"_cameraCFrame":[777.138,258.768,47.022,0,-0.864,0.504,0,0.504,0.864,-1,0,0],"_shiftlockState":false,"_pose":"FreeFall","_animationQueue":[],"_animationSpeed":1,"_zoom":16.175},{"_mousePosition":[683,384],"_rootPartCFrame":[768.807,243.23,47.019,-0.026,0,1,0,1,0,-1,0,-0.026],"_humanoidState":5,"_cameraCFrame":[776.83,258.774,47.014,-0.001,-0.868,0.496,0,0.496,0.868,-1,0.001,0],"_shiftlockState":false,"_pose":"FreeFall","_animationQueue":[],"_animationSpeed":1,"_zoom":16.175},{"_mousePosition":[683,384],"_rootPartCFrame":[768.553,243.228,47.019,-0.022,0,1,0,1,0,-1,0,-0.022],"_humanoidState":7,"_cameraCFrame":[776.475,258.831,47.014,-0.001,-0.872,0.49,0,0.49,0.872,-1,0.001,0],"_shiftlockState":false,"_pose":"FreeFall","_animationQueue":[["walk",0.1],["fall",0.3],["fall",0.3]],"_animationSpeed":1,"_zoom":16.175},{"_mousePosition":[683,384],"_rootPartCFrame":[768.291,243.273,47.019,-0.019,0,1,0,1,0,-1,0,-0.019],"_humanoidState":7,"_cameraCFrame":[776.11,258.932,46.998,-0.003,-0.875,0.483,0,0.483,0.875,-1,0.002,-0.001],"_shiftlockState":false,"_pose":"FreeFall","_animationQueue":[],"_animationSpeed":1,"_zoom":16.175},{"_mousePosition":[683,384],"_rootPartCFrame":[768.028,243.326,47.019,-0.017,0,1,0,1,0,-1,0,-0.017],"_humanoidState":8,"_cameraCFrame":[775.744,259.042,46.974,-0.006,-0.879,0.477,0,0.477,0.879,-1,0.005,-0.003],"_shiftlockState":false,"_pose":"Running","_animationQueue":[["fall",0.3],["walk",0.1],["fall",0.3],["walk",0.1]],"_animationSpeed":1.087,"_zoom":16.175},{"_mousePosition":[683,384],"_rootPartCFrame":[767.766,243.367,47.02,-0.015,0,1,0,1,0,-1,0,-0.015],"_humanoidState":8,"_cameraCFrame":[775.367,259.144,46.952,-0.009,-0.883,0.47,0,0.47,0.883,-1,0.008,-0.004],"_shiftlockState":false,"_pose":"Running","_animationQueue":[],"_animationSpeed":1.087,"_zoom":16.175},{"_mousePosition":[683,384],"_rootPartCFrame":[767.503,243.407,47.022,-0.013,0,1,0,1,0,-1,0,-0.013],"_humanoidState":8,"_cameraCFrame":[774.977,259.251,46.923,-0.013,-0.887,0.462,0,0.462,0.887,-1,0.012,-0.006],"_shiftlockState":false,"_pose":"Running","_animationQueue":[],"_animationSpeed":1.087,"_zoom":16.175},{"_mousePosition":[683,384],"_rootPartCFrame":[767.241,243.437,47.024,-0.013,0,1,0,1,0,-1,0,-0.013],"_humanoidState":8,"_cameraCFrame":[774.598,259.342,46.911,-0.015,-0.89,0.455,0,0.455,0.891,-1,0.014,-0.007],"_shiftlockState":false,"_pose":"Running","_animationQueue":[],"_animationSpeed":1.087,"_zoom":16.175},{"_mousePosition":[683,384],"_rootPartCFrame":[766.974,243.449,47.027,-0.013,0,1,0,1,0,-1,0,-0.013],"_humanoidState":8,"_cameraCFrame":[774.273,259.383,46.9,-0.017,-0.892,0.451,0,0.451,0.892,-1,0.016,-0.008],"_shiftlockState":false,"_pose":"Running","_animationQueue":[],"_animationSpeed":1.087,"_zoom":16.175},{"_mousePosition":[683,384],"_rootPartCFrame":[766.71,243.455,47.031,-0.013,0,1,0,1,0,-1,0,-0.013],"_humanoidState":8,"_cameraCFrame":[773.951,259.418,46.89,-0.019,-0.894,0.448,0,0.448,0.894,-1,0.017,-0.009],"_shiftlockState":false,"_pose":"Running","_animationQueue":[],"_animationSpeed":1.087,"_zoom":16.175},{"_mousePosition":[683,384],"_rootPa