[{"_mousePosition":[525,255],"_rootPartCFrame":[776.034,222.7,47.142,-0.001,0,1,0,1,0,-1,0,-0.001],"_humanoidState":8,"_cameraCFrame":[776.161,240.08,44.345,-0.999,-0.045,0.008,0,0.174,0.985,-0.045,0.984,-0.173],"_shiftlockState":false,"_pose":"Standing","_animationQueue":[],"_animationSpeed":1,"_zoom":16.125},{"_mousePosition":[525,255],"_rootPartCFrame":[775.787,222.7,47.131,0.005,0,1,0,1,0,-1,0,0.005],"_humanoidState":8,"_cameraCFrame":[775.914,240.08,44.334,-0.999,-0.045,0.008,0,0.174,0.985,-0.045,0.984,-0.173],"_shiftlockState":false,"_pose":"Standing","_animationQueue":[],"_animationSpeed":1,"_zoom":16.125},{"_mousePosition":[525,255],"_rootPartCFrame":[775.522,222.7,47.119,0.011,0,1,0,1,0,-1,0,0.011],"_humanoidState":8,"_cameraCFrame":[775.648,240.08,44.322,-0.999,-0.045,0.008,0,0.174,0.985,-0.045,0.984,-0.173],"_shiftlockState":false,"_pose":"Running","_animationQueue":[["walk",0.1]],"_animationSpeed":1.066,"_zoom":16.125},{"_mousePosition":[525,255],"_rootPartCFrame":[775.255,222.7,47.107,0.015,0,1,0,1,0,-1,0,0.015],"_humanoidState":8,"_cameraCFrame":[775.382,240.08,44.31,-0.999,-0.045,0.008,0,0.174,0.985,-0.045,0.984,-0.173],"_shiftlockState":false,"_pose":"Running","_animationQueue":[],"_animationSpeed":1.066,"_zoom":16.125},{"_mousePosition":[525,255],"_rootPartCFrame":[774.989,222.7,47.095,0.019,0,1,0,1,0,-1,0,0.019],"_humanoidState":8,"_cameraCFrame":[775.116,240.08,44.298,-0.999,-0.045,0.008,0,0.174,0.985,-0.045,0.984,-0.173],"_shiftlockState":false,"_pose":"Running","_animationQueue":[],"_animationSpeed":1.066,"_zoom":16.125},{"_mousePosition":[525,255],"_rootPartCFrame":[774.723,222.7,47.083,0.023,0,1,0,1,0,-1,0,0.023],"_humanoidState":8,"_cameraCFrame":[774.849,240.08,44.286,-0.999,-0.045,0.008,0,0.174,0.985,-0.045,0.984,-0.173],"_shiftlockState":false,"_pose":"Running","_animationQueue":[],"_animationSpeed":1.066,"_zoom":16.125},{"_mousePosition":[525,255],"_rootPartCFrame":[774.456,222.7,47.071,0.026,0,1,0,1,0,-1,0,0.026],"_humanoidState":8,"_cameraCFrame":[774.583,240.08,44.274,-0.999,-0.045,0.008,0,0.174,0.985,-0.045,0.984,-0.173],"_shiftlockState":false,"_pose":"Running","_animationQueue":[],"_animationSpeed":1.066,"_zoom":16.125},{"_mousePosition":[525,255],"_rootPartCFrame":[774.19,222.7,47.059,0.029,0,1,0,1,0,-1,0,0.029],"_humanoidState":8,"_cameraCFrame":[774.317,240.08,44.262,-0.999,-0.045,0.008,0,0.174,0.985,-0.045,0.984,-0.173],"_shiftlockState":false,"_pose":"Running","_animationQueue":[["walk",0.1]],"_animationSpeed":1.066,"_zoom":16.125},{"_mousePosition":[525,255],"_rootPartCFrame":[773.923,222.7,47.047,0.031,0,1,0,1,0,-1,0,0.031],"_humanoidState":8,"_cameraCFrame":[774.05,240.08,44.249,-0.999,-0.045,0.008,0,0.174,0.985,-0.045,0.984,-0.173],"_shiftlockState":false,"_pose":"Running","_animationQueue":[],"_animationSpeed":1.066,"_zoom":16.125},{"_mousePosition":[525,255],"_rootPartCFrame":[773.657,222.7,47.035,0.033,0,0.999,0,1,0,-0.999,0,0.033],"_humanoidState":8,"_cameraCFrame":[773.784,240.08,44.237,-0.999,-0.045,0.008,0,0.174,0.985,-0.045,0.984,-0.173],"_shiftlockState":false,"_pose":"Running","_animationQueue":[],"_animationSpeed":1.066,"_zoom":16.125},{"_mousePosition":[525,255],"_rootPartCFrame":[773.391,222.7,47.023,0.034,0,0.999,0,1,0,-0.999,0,0.034],"_humanoidState":8,"_cameraCFrame":[773.518,240.08,44.225,-0.999,-0.045,0.008,0,0.174,0.985,-0.045,0.984,-0.173],"_shiftlockState":false,"_pose":"Running","_animationQueue":[],"_animationSpeed":1.066,"_zoom":16.125},{"_mousePosition":[525,255],"_rootPartCFrame":[773.124,222.7,47.01,0.036,0,0.999,0,1,0,-0.999,0,0.036],"_humanoidState":8,"_cameraCFrame":[773.244,240.08,44.213,-0.999,-0.042,0.007,0,0.174,0.985,-0.043,0.984,-0.173],"_shiftlockState":false,"_pose":"Running","_animationQueue":[],"_animationSpeed":1.066,"_zoom":16.125},{"_mousePosition":[525,255],"_rootPartCFrame":[772.858,222.7,46.998,0.037,0,0.999,0,1,0,-0.999,0,0.037],"_humanoidState":8,"_cameraCFrame":[772.978,240.08,44.201,-0.999,-0.042,0.007,0,0.174,0.985,-0.043,0.984,-0.173],"_shiftlockState":false,"_pose":"Running","_animationQueue":[],"_animationSpeed":1.066,"_zoom":16.125},{"_mousePosition":[525,255],"_rootPartCFrame":[772.592,222.7,46.987,0.038,0,0.999,0,1,0,-0.999,0,0.038],"_humanoidState":8,"_cameraCFrame":[772.711,240.08,44.189,-0.999,-0.042,0.007,0,0.174,0.985,-0.043,0.984,-0.173],"_shiftlockState":false,"_pose":"Running","_animationQueue":[],"_animationSpeed":1.066,"_zoom":16.125},{"_mousePosition":[525,255],"_rootPartCFrame":[772.325,222.7,46.975,0.039,0,0.999,0,1,0,-0.999,0,0.039],"_humanoidState":8,"_cameraCFrame":[772.445,240.08,44.178,-0.999,-0.042,0.007,0,0.174,0.985,-0.043,0.984,-0.173],"_shiftlockState":false,"_pose":"Running","_animationQueue":[["walk",0.1]],"_animationSpeed":1.066,"_zoom":16.125},{"_mousePosition":[525,255],"_rootPartCFrame":[772.059,222.7,46.964,0.039,0,0.999,0,1,0,-0.999,0,0.039],"_humanoidState":8,"_cameraCFrame":[772.178,240.08,44.167,-0.999,-0.042,0.007,0,0.174,0.985,-0.043,0.984,-0.173],"_shiftlockState":false,"_pose":"Running","_animationQueue":[],"_animationSpeed":1.066,"_zoom":16.125},{"_mousePosition":[525,255],"_rootPartCFrame":[771.792,222.7,46.953,0.04,0,0.999,0,1,0,-0.999,0,0.04],"_humanoidState":8,"_cameraCFrame":[771.926,240.08,44.156,-0.999,-0.047,0.008,0,0.174,0.985,-0.048,0.984,-0.173],"_shiftlockState":false,"_pose":"Running","_animationQueue":[],"_animationSpeed":1.066,"_zoom":16.125},{"_mousePosition":[525,255],"_rootPartCFrame":[771.526,222.7,46.941,0.04,0,0.999,0,1,0,-0.999,0,0.04],"_humanoidState":8,"_cameraCFrame":[771.674,240.08,44.145,-0.999,-0.052,0.009,0,0.174,0.985,-0.053,0.983,-0.173],"_shiftlockState":false,"_pose":"Running","_animationQueue":[],"_animationSpeed":1.066,"_zoom":16.125},{"_mousePosition":[525,255],"_rootPartCFrame":[771.259,222.7,46.929,0.041,0,0.999,0,1,0,-0.999,0,0.041],"_humanoidState":8,"_cameraCFrame":[771.422,240.08,44.133,-0.998,-0.057,0.01,0,0.174,0.985,-0.058,0.983,-0.173],"_shiftlockState":false,"_pose":"Running","_animationQueue":[],"_animationSpeed":1.066,"_zoom":16.125},{"_mousePosition":[525,255],"_rootPartCFrame":[770.993,222.7,46.915,0.043,0,0.999,0,1,0,-0.999,0,0.043],"_humanoidState":8,"_cameraCFrame":[771.162,240.08,44.12,-0.998,-0.06,0.01,0,0.174,0.985,-0.06,0.983,-0.173],"_shiftlockState":false,"_pose":"Running","_animationQueue":[],"_animationSpeed":1.066,"_zoom":16.125},{"_mousePosition":[525,255],"_rootPartCFrame":[770.727,222.7,46.899,0.045,0,0.999,0,1,0,-0.999,0,0.045],"_humanoidState":8,"_cameraCFrame":[770.903,240.08,44.105,-0.998,-0.062,0.011,0,0.174,0.985,-0.063,0.983,-0.173],"_shiftlockState":false,"_pose":"Running","_animationQueue":[["walk",0.1]],"_animationSpeed":1.066,"_zoom":16.125},{"_mousePosition":[525,255],"_rootPartCFrame":[770.461,222.7,46.883,0.047,0,0.999,0,1,0,-0.999,0,0.047],"_humanoidState":8,"_cameraCFrame":[770.637,240.08,44.089,-0.998,-0.062,0.011,0,0.174,0.985,-0.063,0.983,-0.173],"_shiftlockState":false,"_pose":"Running","_animationQueue":[],"_animationSpeed":1.066,"_zoom":16.125},{"_mousePosition":[525,255],"_rootPartCFrame":[770.194,222.666,46.867,0.049,0,0.999,0,1,0,-0.999,0,0.049],"_humanoidState":8,"_cameraCFrame":[770.371,240.046,44.073,-0.998,-0.062,0.011,0,0.174,0.985,-0.063,0.983,-0.173],"_shiftlockState":false,"_pose":"Running","_animationQueue":[],"_animationSpeed":1.066,"_zoom":16.125},{"_mousePosition":[525,255],"_rootPartCFrame":[769.928,222.577,46.851,0.051,0,0.999,0,1,0,-0.999,0,0.051],"_humanoidState":8,"_cameraCFrame":[768.358,239.957,43.946,-0.998,-0.062,0.011,0,0.174,0.985,-0.063,0.983,-0.173],"_shiftlockState":true,"_pose":"Running","_animationQueue":[],"_animationSpeed":1.066,"_zoom":16.125},{"_mousePosition":[683,384],"_rootPartCFrame":[769.596,222.39,46.831,-0.998,0,0.066,0,1,0,-0.066,0,-0.998],"_humanoidState":8,"_cameraCFrame":[768.026,239.77,43.926,-0.998,-0.062,0.011,0,0.174,0.985,-0.063,0.983,-0.173],"_shiftlockState":true,"_pose":"Running","_animationQueue":[],"_animationSpeed":1.066,"_zoom":16.125},{"_mousePosition":[683,384],"_rootPartCFrame":[769.396,222.236,46.819,-0.998,0,0.065,0,1,0,-0.065,0,-0.998],"_humanoidState":8,"_cameraCFrame":[767.826,239.616,43.914,-0.998,-0.062,0.011,0,0.174,0.985,-0.063,0.983,-0.173],"_shiftlockState":true,"_pose":"Running","_animationQueue":[],"_animationSpeed":1.066,"_zoom":16.125},{"_mousePosition":[683,384],"_rootPartCFrame":[769.13,221.984,46.803,-0.998,0,0.065,0,1,0,-0.065,0,-0.998],"_humanoidState":8,"_cameraCFrame":[767.56,239.364,43.898,-0.998,-0.062,0.011,0,0.174,0.985,-0.063,0.983,-0.173],"_shiftlockState":true,"_pose":"Running","_animationQueue":[],"_animationSpeed":1.066,"_zoom":16.125},{"_mousePosition":[683,384],"_rootPartCFrame":[768.797,223.068,46.782,-0.998,0,0.066,0,1,0,-0.066,0,-0.998],"_humanoidState":3,"_cameraCFrame":[767.227,240.448,43.878,-0.998,-0.062,0.011,0,0.174,0.985,-0.063,0.983,-0.173],"_shiftlockState":true,"_pose":"Jumping","_animationQueue":[["walk",0.1],["walk",0.1],["jump",0.1]],"_animationSpeed":1,"_zoom":16.125},{"_mousePosition":[683,384],"_rootPartCFrame":[768.598,223.679,46.77,-0.992,0,0.126,0,1,0,-0.126,0,-0.992],"_humanoidState":5,"_cameraCFrame":[767.028,241.06,43.865,-0.998,-0.062,0.011,0,0.174,0.985,-0.063,0.983,-0.173],"_shiftlockState":true,"_pose":"FreeFall","_animationQueue":[["jump",0.1]],"_animationSpeed":1,"_zoom":16.125},{"_mousePosition":[683,384],"_rootPartCFrame":[768.332,224.447,46.753,-0.982,0,0.187,0,1,0,-0.187,0,-0.982],"_humanoidState":5,"_cameraCFrame":[766.762,241.827,43.848,-0.998,-0.062,0.011,0,0.174,0.985,-0.063,0.983,-0.173],"_shiftlockState":true,"_pose":"FreeFall","_animationQueue":[],"_animationSpeed":1,"_zoom":16.125},{"_mousePosition":[683,384],"_rootPartCFrame":[767.999,225.33,46.732,-0.974,0,0.227,0,1,0,-0.227,0,-0.974],"_humanoidState":5,"_cameraCFrame":[766.429,242.71,43.827,-0.998,-0.062,0.011,0,0.174,0.985,-0.063,0.983,-0.173],"_shiftlockState":true,"_pose":"FreeFall","_animationQueue":[],"_animationSpeed":1,"_zoom":16.125},{"_mousePosition":[683,384],"_rootPartCFrame":[767.799,225.819,46.72,-0.987,0,0.162,0,1,0,-0.162,0,-0.987],"_humanoidState":5,"_cameraCFrame":[766.229,243.199,43.815,-0.998,-0.062,0.011,0,0.174,0.985,-0.063,0.983,-0.173],"_shiftlockState":true,"_pose":"FreeFall","_animationQueue":[],"_animationSpeed":1,"_zoom":16.125},{"_mousePosition":[683,384],"_rootPartCFrame":[767.533,226.423,46.703,-0.981,0,0.195,0,1,0,-0.195,0,-0.981],"_humanoidState":5,"_cameraCFrame":[765.963,243.803,43.798,-0.998,-0.062,0.011,0,0.174,0.985,-0.063,0.983,-0.173],"_shiftlockState":true,"_pose":"FreeFall","_animationQueue":[],"_animationSpeed":1,"_zoom":16.125},{"_mousePosition":[683,384],"_rootPartCFrame":[767.201,227.101,46.682,-0.974,0,0.228,0,1,0,-0.228,0,-0.974],"_humanoidState":5,"_cameraCFrame":[765.631,244.481,43.777,-0.998,-0.062,0.011,0,0.174,0.985,-0.063,0.983,-0.173],"_shiftlockState":true,"_pose":"FreeFall","_animationQueue":[],"_animationSpeed":1,"_zoom":16.125},{"_mousePosition":[683,384],"_rootPartCFrame":[767.001,227.467,46.669,-0.987,0,0.162,0,1,0,-0.162,0,-0.987],"_humanoidState":5,"_cameraCFrame":[765.431,244.847,43.764,-0.998,-0.062,0.011,0,0.174,0.985,-0.063,0.983,-0.173],"_shiftlockState":true,"_pose":"FreeFall","_animationQueue":[],"_animationSpeed":1,"_zoom":16.125},{"_mousePosition":[683,384],"_rootPartCFrame":[766.735,227.908,46.652,-0.981,0,0.195,0,1,0,-0.195,0,-0.981],"_humanoidState":5,"_cameraCFrame":[765.165,245.288,43.748,-0.998,-0.062,0.011,0,0.174,0.985,-0.063,0.983,-0.173],"_shiftlockState":true,"_pose":"FreeFall","_animationQueue":[],"_animationSpeed":1,"_zoom":16.125},{"_mousePosition":[683,384],"_rootPartCFrame":[766.469,228.294,46.636,-0.981,0,0.195,0,1,0,-0.195,0,-0.981],"_humanoidState":5,"_cameraCFrame":[764.899,245.674,43.731,-0.998,-0.062,0.011,0,0.174,0.985,-0.063,0.983,-0.173],"_shiftlockState":true,"_pose":"FreeFall","_animationQueue":[],"_animationSpeed":1,"_zoom":16.125},{"_mousePosition":[683,384],"_rootPartCFrame":[766.136,228.7,46.615,-0.974,0,0.228,0,1,0,-0.228,0,-0.974],"_humanoidState":5,"_cameraCFrame":[764.566,246.08,43.71,-0.998,-0.062,0.011,0,0.174,0.985,-0.063,0.983,-0.173],"_shiftlockState":true,"_pose":"FreeFall","_animationQueue":[],"_animationSpeed":1,"_zoom":16.125},{"_mousePosition":[683,384],"_rootPartCFrame":[765.87,228.963,46.598,-0.981,0,0.195,0,1,0,-0.195,0,-0.981],"_humanoidState":5,"_cameraCFrame":[764.3,246.343,43.693,-0.998,-0.062,0.011,0,0.174,0.985,-0.063,0.983,-0.173],"_shiftlockState":true,"_pose":"FreeFall","_animationQueue":[],"_animationSpeed":1,"_zoom":16.125},{"_mousePosition":[683,384],"_rootPartCFrame":[765.604,229.172,46.581,-0.981,0,0.195,0,1,0,-0.195,0,-0.981],"_humanoidState":5,"_cameraCFrame":[764.034,246.552,43.676,-0.998,-0.062,0.011,0,0.174,0.985,-0.063,0.983,-0.173],"_shiftlockState":true,"_pose":"FreeFall","_animationQueue":[],"_animationSpeed":1,"_zoom":16.125},{"_mousePosition":[683,384],"_rootPartCFrame":[765.338,229.326,46.564,-0.981,0,0.195,0,1,0,-0.195,0,-0.981],"_humanoidState":5,"_cameraCFrame":[763.768,246.706,43.659,-0.998,-0.062,0.011,0,0.174,0.985,-0.063,0.983,-0.173],"_shiftlockState":true,"_pose":"FreeFall","_animationQueue":[],"_animationSpeed":1,"_zoom":16.125},{"_mousePosition":[683,384],"_rootPartCFrame":[765.138,229.406,46.552,-0.987,0,0.162,0,1,0,-0.162,0,-0.987],"_humanoidState":5,"_cameraCFrame":[763.568,246.786,43.647,-0.998,-0.062,0.011,0,0.174,0.985,-0.063,0.983,-0.173],"_shiftlockState":true,"_pose":"FreeFall","_animationQueue":[],"_animationSpeed":1,"_zoom":16.125},{"_mousePosition":[683,384],"_rootPartCFrame":[764.806,229.472,46.531,-0.974,0,0.228,0,1,0,-0.228,0,-0.974],"_humanoidState":5,"_cameraCFrame":[763.236,246.852,43.626,-0.998,-0.062,0.011,0,0.174,0.985,-0.063,0.983,-0.173],"_shiftlockState":true,"_pose":"FreeFall","_animationQueue":[],"_animationSpeed":1,"_zoom":16.125},{"_mousePosition":[683,384],"_rootPartCFrame":[764.606,229.47,46.518,-0.987,0,0.162,0,1,0,-0.162,0,-0.987],"_humanoidState":5,"_cameraCFrame":[763.036,246.85,43.613,-0.998,-0.062,0.011,0,0.174,0.985,-0.063,0.983,-0.173],"_shiftlockState":true,"_pose":"FreeFall","_animationQueue":[],"_animationSpeed":1,"_zoom":16.125},{"_mousePosition":[683,384],"_rootPartCFrame":[764.34,229.42,46.501,-0.981,0,0.195,0,1,0,-0.195,0,-0.981],"_humanoidState":5,"_cameraCFrame":[762.77,246.8,43.596,-0.998,-0.062,0.011,0,0.174,0.985,-0.063,0.983,-0.173],"_shiftlockState":true,"_pose":"FreeFall","_animationQueue":[],"_animationSpeed":1,"_zoom":16.125},{"_mousePosition":[683,384],"_rootPartCFrame":[764.007,229.281,46.48,-0.974,0,0.228,0,1,0,-0.228,0,-0.974],"_humanoidState":5,"_cameraCFrame":[762.437,246.661,43.575,-0.998,-0.062,0.011,0,0.174,0.985,-0.063,0.983,-0.173],"_shiftlockState":true,"_pose":"FreeFall","_animationQueue":[],"_animationSpeed":1,"_zoom":16.125},{"_mousePosition":[683,384],"_rootPartCFrame":[763.808,229.156,46.468,-0.987,0,0.162,0,1,0,-0.162,0,-0.987],"_humanoidState":5,"_cameraCFrame":[762.238,246.536,43.563,-0.998,-0.062,0.011,0,0.174,0.985,-0.063,0.983,-0.173],"_shiftlockState":true,"_pose":"FreeFall","_animationQueue":[],"_animationSpeed":1,"_zoom":16.125},{"_mousePosition":[683,384],"_rootPartCFrame":[763.475,228.881,46.447,-0.974,0,0.228,0,1,0,-0.228,0,-0.974],"_humanoidState":5,"_cameraCFrame":[761.905,246.261,43.542,-0.998,-0.062,0.011,0,0.174,0.985,-0.063,0.983,-0.173],"_shiftlockState":true,"_pose":"FreeFall","_animationQueue":[["fall",0.3]],"_animationSpeed":1,"_zoom":16.125},{"_mousePosition":[683,384],"_rootPartCFrame":[763.209,228.599,46.43,-0.981,0,0.195,0,1,0,-0.195,0,-0.981],"_humanoidState":5,"_cameraCFrame":[761.639,245.979,43.525,-0.998,-0.062,0.011,0,0.174,0.985,-0.063,0.983,-0.173],"_shiftlockState":true,"_pose":"FreeFall","_animationQueue":[],"_animationSpeed":1,"_zoom":16.125},{"_mousePosition":[683,384],"_rootPartCFrame":[762.943,228.263,46.413,-0.981,0,0.195,0,1,0,-0.195,0,-0.981],"_humanoidState":5,"_cameraCFrame":[761.373,245.643,43.508,-0.998,-0.062,0.011,0,0.174,0.985,-0.063,0.983,-0.173],"_shiftlockState":true,"_pose":"FreeFall","_animationQueue":[],"_animationSpeed":1,"_zoom":16.125},{"_mousePosition":[683,384],"_rootPartCFrame":[762.677,227.873,46.396,-0.981,0,0.195,0,1,0,-0.195,0,-0.981],"_humanoidState":5,"_cameraCFrame":[761.114,245.253,43.487,-0.998,-0.065,0.011,0,0.174,0.985,-0.066,0.983,-0.173],"_shiftlockState":true,"_pose":"FreeFall","_animationQueue":[],"_animationSpeed":1,"_zoom":16.125},{"_mousePosition":[683,384],"_rootPartCFrame":[762.411,227.428,46.379,-0.98,0,0.198,0,1,0,-0.198,0,-0.98],"_humanoidState":5,"_cameraCFrame":[760.863,244.808,43.463,-0.998,-0.069,0.012,0,0.174,0.985,-0.071,0.982,-0.173],"_shiftlockState":true,"_pose":"FreeFall","_animationQueue":[],"_animationSpeed":1,"_zoom":16.125},{"_mousePosition":[683,384],"_rootPartCFrame":[762.211,227.058,46.366,-0.985,0,0.17,0,1,0,-0.17,0,-0.985],"_humanoidState":5,"_cameraCFrame":[760.678,244.438,43.442,-0.997,-0.074,0.013,0,0.174,0.985,-0.076,0.982,-0.173],"_shiftlockState":true,"_pose":"FreeFall","_animationQueue":[],"_animationSpeed":1,"_zoom":16.125},{"_mousePosition":[683,384],"_rootPartCFrame":[761.878,226.374,46.343,-0.971,0,0.24,0,1,0,-0.24,0,-0.971],"_humanoidState":5,"_cameraCFrame":[760.367,243.754,43.407,-0.997,-0.082,0.014,0,0.174,0.985,-0.083,0.981,-0.173],"_shiftlockState":true,"_pose":"FreeFall","_animationQueue":[["fall",0.3]],"_animationSpeed":1,"_zoom":16.125},{"_mousePosition":[683,384],"_rootPartCFrame":[761.679,225.923,46.328,-0.983,0,0.182,0,1,0,-0.182,0,-0.983],"_humanoidState":5,"_cameraCFrame":[760.19,243.303,43.381,-0.996,-0.089,0.016,0,0.174,0.985,-0.091,0.981,-0.173],"_shiftlockState":true,"_pose":"FreeFall","_animationQueue":[],"_animationSpeed":1,"_zoom":16.125},{"_mousePosition":[683,384],"_rootPartCFrame":[761.413,225.273,46.306,-0.975,0,0.222,0,1,0,-0.222,0,-0.975],"_humanoidState":5,"_cameraCFrame":[759.954,242.653,43.344,-0.995,-0.099,0.018,0,0.174,0.985,-0.101,0.98,-0.173],"_shiftlockState":true,"_pose":"FreeFall","_animationQueue":[],"_animationSpeed":1,"_zoom":16.125},{"_mousePosition":[683,384],"_rootPartCFrame":[761.148,224.569,46.282,-0.973,0,0.232,0,1,0,-0.232,0,-0.973],"_humanoidState":5,"_cameraCFrame":[759.726,241.949,43.302,-0.994,-0.112,0.02,0,0.174,0.985,-0.113,0.978,-0.173],"_shiftlockState":true,"_pose":"FreeFall","_animationQueue":[],"_animationSpeed":1,"_zoom":16.125},{"_mousePosition":[683,384],"_rootPartCFrame":[760.816,223.612,46.249,-0.989,0,0.149,0,1,0,-0.149,0,-0.989],"_humanoidState":7,"_cameraCFrame":[759.433,240.992,43.251,-0.992,-0.124,0.022,0,0.174,0.985,-0.126,0.977,-0.172],"_shiftlockState":true,"_pose":"FreeFall","_animationQueue":[["walk",0.1],["fall",0.3],["fall",0.3]],"_animationSpeed":1,"_zoom":16.125},{"_mousePosition":[683,384],"_rootPartCFrame":[760.617,223.512,46.227,-0.992,0,0.126,0,1,0,-0.126,0,-0.992],"_humanoidState":7,"_cameraCFrame":[759.249,240.892,43.222,-0.991,-0.129,0.023,0,0.174,0.985,-0.131,0.976,-0.172],"_shiftlockState":true,"_pose":"FreeFall","_animationQueue":[],"_animationSpeed":1,"_zoom":16.125},{"_mousePosition":[683,384],"_rootPartCFrame":[760.287,223.707,46.185,-0.991,0,0.131,0,1,0,-0.131,0,-0.991],"_humanoidState":8,"_cameraCFrame":[758.919,241.087,43.18,-0.991,-0.129,0.023,0,0.174,0.985,-0.131,0.976,-0.172],"_shiftlockState":true,"_pose":"Running","_animationQueue":[["walk",0.1],["fall",0.3],["walk",0.1]],"_animationSpeed":1.103,"_zoom":16.125},{"_mousePosition":[683,384],"_rootPartCFrame":[760.023,223.831,46.151,-0.991,0,0.131,0,1,0,-0.131,0,-0.991],"_humanoidState":8,"_cameraCFrame":[758.655,241.211,43.146,-0.991,-0.129,0.023,0,0.174,0.985,-0.131,0.976,-0.172],"_shiftlockState":true,"_pose":"Running","_animationQueue":[["walk",0.1]],"_animationSpeed":1.103,"_zoom":16.125},{"_mousePosition":[683,384],"_rootPartCFrame":[759.825,223.887,46.125,-0.991,0,0.131,0,1,0,-0.131,0,-0.991],"_humanoidState":8,"_cameraCFrame":[758.457,241.267,43.119,-0.991,-0.129,0.023,0,0.174,0.985,-0.131,0.976,-0.172],"_shiftlockState":true,"_pose":"Running","_animationQueue":[],"_animationSpeed":1.103,"_zoom":16.125},{"_mousePosition":[683,384],"_rootPartCFrame":[759.495,223.915,46.081,-0.991,0,0.131,0,1,0,-0.131,0,-0.991],"_humanoidState":8,"_cameraCFrame":[758.127,241.295,43.076,-0.991,-0.129,0.023,0,0.174,0.985,-0.131,0.976,-0.172],"_shiftlockState":true,"_pose":"Running","_animationQueue":[],"_animationSpeed":1.103,"_zoom":16.125},{"_mousePosition":[683,384],"_rootPartCFrame":[759.297,223.891,46.055,-0.991,0,0.131,0,1,0,-0.131,0,-0.991],"_humanoidState":8,"_cameraCFrame":[757.937,241.271,43.046,-0.991,-0.131,0.023,0,0.174,0.985,-0.133,0.976,-0.172],"_shiftlockState":true,"_pose":"Running","_animationQueue":[],"_animationSpeed":1.103,"_zoom":16.125},{"_mousePosition":[683,384],"_rootPartCFrame":[759.033,223.784,46.02,-0.991,0,0.133,0,1,0,-0.133,0,-0.991],"_humanoidState":8,"_cameraCFrame":[757.68,241.164,43.008,-0.991,-0.134,0.024,0,0.174,0.985,-0.136,0.976,-0.172],"_shiftlockState":true,"_pose":"Running","_animationQueue":[],"_animationSpeed":1.103,"_zoom":16.125},{"_mousePosition":[683,384],"_rootPartCFrame":[758.704,223.65,45.976,-0.991,0,0.136,0,1,0,-0.136,0,-0.991],"_humanoidState":8,"_cameraCFrame":[757.366,241.03,42.957,-0.99,-0.139,0.024,0,0.174,0.985,-0.141,0.975,-0.172],"_shiftlockState":true,"_pose":"Running","_animationQueue":[],"_animationSpeed":1.103,"_zoom":16.125},{"_mousePosition":[683,384],"_rootPartCFrame":[758.506,223.684,45.949,-0.99,0,0.141,0,1,0,-0.141,0,-0.99],"_humanoidState":8,"_cameraCFrame":[757.191,241.064,42.92,-0.989,-0.146,0.026,0,0.174,0.985,-0.149,0.974,-0.172],"_shiftlockState":true,"_pose":"Running","_animationQueue":[],"_animationSpeed":1.103,"_zoom":16.125},{"_mousePosition":[683,384],"_rootPartCFrame":[758.243,223.717,45.911,-0.989,0,0.149,0,1,0,-0.149,0,-0.989],"_humanoidState":8,"_cameraCFrame":[756.982,241.097,42.86,-0.986,-0.163,0.029,0,0.174,0.985,-0.166,0.971,-0.171],"_shiftlockState":true,"_pose":"Running","_animationQueue":[["walk",0.1]],"_animationSpeed":1.103,"_zoom":16.125},{"_mousePosition":[683,384],"_rootPartCFrame":[757.914,223.629,45.862,-0.986,0,0.166,0,1,0,-0.166,0,-0.986],"_humanoidState":8,"_cameraCFrame":[756.755,241.009,42.771,-0.98,-0.195,0.034,0,0.174,0.985,-0.198,0.965,-0.17],"_shiftlockState":true,"_pose":"Running","_animationQueue":[],"_animationSpeed":1.103,"_zoom":16.125},{"_mousePosition":[683,384],"_rootPartCFrame":[757.652,223.631,45.819,-0.98,0,0.198,0,1,0,-0.198,0,-0.98],"_humanoidState":8,"_cameraCFrame":[756.627,241.011,42.68,-0.971,-0.237,0.042,0,0.174,0.985,-0.24,0.956,-0.169],"_shiftlockState":true,"_pose":"Running","_animationQueue":[],"_animationSpeed":1.103,"_zoom":16.125},{"_mousePosition":[683,384],"_rootPartCFrame":[757.457,223.656,45.781,-0.971,0,0.24,0,1,0,-0.24,0,-0.971],"_humanoidState":8,"_cameraCFrame":[756.6,241.036,42.592,-0.957,-0.287,0.051,0,0.174,0.985,-0.292,0.942,-0.166],"_shiftlockState":true,"_pose":"Running","_animationQueue":[],"_animationSpeed":1.103,"_zoom":16.125},{"_mousePosition":[683,384],"_rootPartCFrame":[757.137,223.632,45.703,-0.957,0,0.292,0,1,0,-0.292,0,-0.957],"_humanoidState":8,"_cameraCFrame":[756.474,241.012,42.468,-0.937,-0.344,0.061,0,0.174,0.985,-0.349,0.923,-0.163],"_shiftlockState":true,"_pose":"Running","_animationQueue":[],"_animationSpeed":1.103,"_zoom":16.125},{"_mousePosition":[683,384],"_rootPartCFrame":[756.886,223.543,45.629,-0.937,0,0.349,0,1,0,-0.349,0,-0.937],"_humanoidState":8,"_cameraCFrame":[756.438,240.923,42.358,-0.912,-0.404,0.071,0,0.174,0.985,-0.41,0.898,-0.158],"_shiftlockState":true,"_pose":"Running","_animationQueue":[],"_animationSpeed":1.103,"_zoom":16.125},{"_mousePosition":[683,384],"_rootPartCFrame":[756.704,223.454,45.564,-0.912,0,0.41,0,1,0,-0.41,0,-0.912],"_humanoidState":8,"_cameraCFrame":[756.614,240.834,42.263,-0.862,-0.499,0.088,0,0.174,0.985,-0.507,0.849,-0.15],"_shiftlockState":true,"_pose":"Running","_animationQueue":[],"_animationSpeed":1.103,"_zoom":16.125},{"_mousePosition":[683,384],"_rootPartCFrame":[756.413,223.415,45.436,-0.859,0,0.512,0,1,0,-0.512,0,-0.859],"_humanoidState":8,"_cameraCFrame":[756.549,240.795,42.137,-0.826,-0.556,0.098,0,0.174,0.985,-0.564,0.813,-0.143],"_shiftlockState":true,"_pose":"Running","_animationQueue":[["walk",0.1]],"_animationSpeed":1.103,"_zoom":16.125},{"_mousePosition":[683,384],"_rootPartCFrame":[756.204,223.333,45.315,-0.825,0,0.565,0,1,0,-0.565,0,-0.825],"_humanoidState":8,"_cameraCFrame":[756.522,240.713,42.029,-0.793,-0.6,0.106,0,0.174,0.985,-0.609,0.781,-0.138],"_shiftlockState":true,"_pose":"Running","_animationQueue":[],"_animationSpeed":1.103,"_zoom":16.125},{"_mousePosition":[683,384],"_rootPartCFrame":[756.017,223.197,45.189,-0.793,0,0.609,0,1,0,-0.609,0,-0.793],"_humanoidState":8,"_cameraCFrame":[756.468,240.577,41.918,-0.768,-0.631,0.111,0,0.174,0.985,-0.641,0.756,-0.133],"_shiftlockState":true,"_pose":"Running","_animationQueue":[["walk",0.1]],"_animationSpeed":0.999,"_zoom":16.125},{"_mousePosition":[683,384],"_rootPartCFrame":[755.818,222.959,45.039,-0.768,0,0.641,0,1,0,-0.641,0,-0.768],"_humanoidState":8,"_cameraCFrame":[756.336,240.339,41.778,-0.754,-0.646,0.114,0,0.174,0.985,-0.656,0.743,-0.131],"_shiftlockState":true,"_pose":"Running","_animationQueue":[["walk",0.1]],"_animationSpeed":0.929,"_zoom":16.125},{"_mousePosition":[683,384],"_rootPartCFrame":[755.681,222.707,44.926,-0.754,0,0.656,0,1,0,-0.656,0,-0.754],"_humanoidState":8,"_cameraCFrame":[756.207,240.087,41.666,-0.753,-0.648,0.114,0,0.174,0.985,-0.658,0.741,-0.131],"_shiftlockState":true,"_pose":"Running","_animationQueue":[["walk",0.1]],"_animationSpeed":0.811,"_zoom":16.125},{"_mousePosition":[683,384],"_rootPartCFrame":[755.591,222.664,44.848,-0.753,0,0.658,0,1,0,-0.658,0,-0.753],"_humanoidState":8,"_cameraCFrame":[756.076,240.044,41.582,-0.761,-0.639,0.113,0,0.174,0.985,-0.649,0.75,-0.132],"_shiftlockState":true,"_pose":"Running","_animationQueue":[["walk",0.1]],"_animationSpeed":0.722,"_zoom":16.125},{"_mousePosition":[683,384],"_rootPartCFrame":[755.463,222.612,44.737,-0.761,0,0.649,0,1,0,-0.649,0,-0.761],"_humanoidState":8,"_cameraCFrame":[755.873,239.992,41.46,-0.776,-0.622,0.11,0,0.174,0.985,-0.631,0.764,-0.135],"_shiftlockState":true,"_pose":"Running","_animationQueue":[["walk",0.1]],"_animationSpeed":0.646,"_zoom":16.125},{"_mousePosition":[683,384],"_rootPartCFrame":[755.37,222.509,44.657,-0.776,0,0.631,0,1,0,-0.631,0,-0.776],"_humanoidState":8,"_cameraCFrame":[755.672,239.889,41.369,-0.796,-0.596,0.105,0,0.174,0.985,-0.605,0.784,-0.138],"_shiftlockState":true,"_pose":"Running","_animationQueue":[["walk",0.1],["walk",0.1]],"_animationSpeed":0.551,"_zoom":16.125},{"_mousePosition":[683,384],"_rootPartCFrame":[755.313,222.396,44.61,-0.796,0,0.605,0,1,0,-0.605,0,-0.796],"_humanoidState":8,"_cameraCFrame":[755.515,239.776,41.314,-0.814,-0.572,0.101,0,0.174,0.985,-0.581,0.802,-0.141],"_shiftlockState":true,"_pose":"Running","_animationQueue":[["walk",0.1]],"_animationSpeed":0.5,"_zoom":16.125},{"_mousePosition":[683,384],"_rootPartCFrame":[755.222,223.466,44.535,-0.814,0,0.581,0,1,0,-0.581,0,-0.814],"_humanoidState":3,"_cameraCFrame":[755.324,240.846,41.235,-0.831,-0.547,0.097,0,0.174,0.985,-0.556,0.819,-0.144],"_shiftlockState":true,"_pose":"Jumping","_animationQueue":[["walk",0.1],["jump",0.1]],"_animationSpeed":1,"_zoom":16.125},{"_mousePosition":[683,384],"_rootPartCFrame":[755.128,224.261,44.462,-0.777,0,0.63,0,1,0,-0.63,0,-0.777],"_humanoidState":5,"_cameraCFrame":[755.146,241.641,41.16,-0.845,-0.527,0.093,0,0.174,0.985,-0.535,0.832,-0.147],"_shiftlockState":true,"_pose":"FreeFall","_animationQueue":[["jump",0.1]],"_animationSpeed":1,"_zoom":16.125},{"_mousePosition":[683,384],"_rootPartCFrame":[755.035,224.821,44.393,-0.79,0,0.613,0,1,0,-0.613,0,-0.79],"_humanoidState":5,"_cameraCFrame":[754.953,242.201,41.092,-0.861,-0.501,0.088,0,0.174,0.985,-0.509,0.848,-0.149],"_shiftlockState":true,"_pose":"FreeFall","_animationQueue":[],"_animationSpeed":1,"_zoom":16.125},{"_mousePosition":[683,384],"_rootPartCFrame":[754.881,225.52,44.286,-0.786,0,0.618,0,1,0,-0.618,0,-0.786],"_humanoidState":5,"_cameraCFrame":[754.599,242.901,40.996,-0.89,-0.449,0.079,0,0.174,0.985,-0.456,0.877,-0.155],"_shiftlockState":true,"_pose":"FreeFall","_animationQueue":[],"_animationSpeed":1,"_zoom":16.125},{"_mousePosition":[683,384],"_rootPartCFrame":[754.636,226.318,44.131,-0.802,0,0.597,0,1,0,-0.597,0,-0.802],"_humanoidState":5,"_cameraCFrame":[754.212,243.698,40.856,-0.909,-0.411,0.072,0,0.174,0.985,-0.417,0.895,-0.158],"_shiftlockState":true,"_pose":"FreeFall","_animationQueue":[],"_animationSpeed":1,"_zoom":16.125},{"_mousePosition":[683,384],"_rootPartCFrame":[754.463,226.756,44.038,-0.863,0,0.505,0,1,0,-0.505,0,-0.863],"_humanoidState":5,"_cameraCFrame":[753.891,244.136,40.786,-0.927,-0.369,0.065,0,0.174,0.985,-0.375,0.913,-0.161],"_shiftlockState":true,"_pose":"FreeFall","_animationQueue":[],"_animationSpeed":1,"_zoom":16.125},{"_mousePosition":[683,384],"_rootPartCFrame":[754.161,227.417,43.897,-0.852,0,0.524,0,1,0,-0.524,0,-0.852],"_humanoidState":5,"_cameraCFrame":[753.441,244.797,40.674,-0.943,-0.327,0.058,0,0.174,0.985,-0.332,0.929,-0.164],"_shiftlockState":true,"_pose":"FreeFall","_animationQueue":[],"_animationSpeed":1,"_zoom":16.125},{"_mousePosition":[683,384],"_rootPartCFrame":[753.914,227.885,43.795,-0.891,0,0.455,0,1,0,-0.455,0,-0.891],"_humanoidState":5,"_cameraCFrame":[753.033,245.265,40.613,-0.959,-0.28,0.049,0,0.174,0.985,-0.284,0.944,-0.166],"_shiftlockState":true,"_pose":"FreeFall","_animationQueue":[],"_animationSpeed":1,"_zoom":16.125},{"_mousePosition":[683,384],"_rootPartCFrame":[753.726,228.2,43.727,-0.926,0,0.379,0,1,0,-0.379,0,-0.926],"_humanoidState":5,"_cameraCFrame":[752.669,245.58,40.599,-0.973,-0.227,0.04,0,0.174,0.985,-0.231,0.958,-0.169],"_shiftlockState":true,"_pose":"FreeFall","_animationQueue":[],"_animationSpeed":1,"_zoom":16.125},{"_mousePosition":[683,384],"_rootPartCFrame":[753.471,228.572,43.649,-0.934,0,0.358,0,1,0,-0.358,0,-0.934],"_humanoidState":5,"_cameraCFrame":[752.242,245.952,40.585,-0.984,-0.173,0.031,0,0.174,0.985,-0.176,0.969,-0.171],"_shiftlockState":true,"_pose":"FreeFall","_animationQueue":[],"_animationSpeed":1,"_zoom":16.125},{"_mousePosition":[683,384],"_rootPartCFrame":[753.212,228.89,43.586,-0.952,0,0.305,0,1,0,-0.305,0,-0.952],"_humanoidState":5,"_cameraCFrame":[751.814,246.27,40.595,-0.993,-0.119,0.021,0,0.174,0.985,-0.121,0.978,-0.172],"_shiftlockState":true,"_pose":"FreeFall","_animationQueue":[],"_animationSpeed":1,"_zoom":16.125},{"_mousePosition":[683,384],"_rootPartCFrame":[752.95,229.154,43.537,-0.968,0,0.252,0,1,0,-0.252,0,-0.968],"_humanoidState":5,"_cameraCFrame":[751.388,246.534,40.628,-0.998,-0.065,0.011,0,0.174,0.985,-0.066,0.983,-0.173],"_shiftlockState":true,"_pose":"FreeFall","_animationQueue":[],"_animationSpeed":1,"_zoom":16.125},{"_mousePosition":[683,384],"_rootPartCFrame":[752.686,229.363,43.502,-0.98,0,0.198,0,1,0,-0.198,0,-0.98],"_humanoidState":5,"_cameraCFrame":[750.964,246.743,40.685,-1,-0.01,0.002,0,0.174,0.985,-0.01,0.985,-0.174],"_shiftlockState":true,"_pose":"FreeFall","_animationQueue":[],"_animationSpeed":1,"_zoom":16.125},{"_mousePosition":[683,384],"_rootPartCFrame":[752.354,229.547,43.478,-0.984,0,0.176,0,1,0,-0.176,0,-0.984],"_humanoidState":5,"_cameraCFrame":[750.491,246.927,40.752,-0.999,0.04,-0.007,0,0.174,0.985,0.041,0.984,-0.174],"_shiftlockState":true,"_pose":"FreeFall","_animationQueue":[],"_animationSpeed":1,"_zoom":16.125},{"_mousePosition":[683,384],"_rootPartCFrame":[752.154,229.617,43.474,-0.998,0,0.059,0,1,0,-0.059,0,-0.998],"_humanoidState":5,"_cameraCFrame":[750.169,246.997,40.835,-0.996,0.085,-0.015,0,0.174,0.985,0.086,0.981,-0.173],"_shiftlockState":true,"_pose":"FreeFall","_animationQueue":[],"_animationSpeed":1,"_zoom":16.125},{"_mousePosition":[683,384],"_rootPartCFrame":[751.887,229.662,43.483,-0.999,0,0.047,0,1,0,-0.047,0,-0.999],"_humanoidState":5,"_cameraCFrame":[749.752,247.042,40.964,-0.99,0.142,-0.025,0,0.174,0.985,0.144,0.975,-0.172],"_shiftlockState":true,"_pose":"FreeFall","_animationQueue":[],"_animationSpeed":1,"_zoom":16.125},{"_mousePosition":[683,384],"_rootPartCFrame":[751.622,229.653,43.504,-1,0,-0.011,0,1,0,0.011,0,-1],"_humanoidState":5,"_cameraCFrame":[749.393,247.033,41.068,-0.983,0.179,-0.032,0,0.174,0.985,0.181,0.968,-0.171],"_shiftlockState":true,"_pose":"FreeFall","_animationQueue":[],"_animationSpeed":1,"_zoom":16.125},{"_mousePosition":[683,384],"_rootPartCFrame":[751.357,229.59,43.54,-0.999,0,-0.049,0,1,0,0.049,0,-0.999],"_humanoidState":5,"_cameraCFrame":[749.038,246.97,41.19,-0.976,0.215,-0.038,0,0.174,0.985,0.219,0.961,-0.169],"_shiftlockState":true,"_pose":"FreeFall","_animationQueue":[["fall",0.3]],"_animationSpeed":1,"_zoom":16.125},{"_mousePosition":[683,384],"_rootPartCFrame":[751.029,229.433,43.599,-0.999,0,-0.054,0,1,0,0.054,0,-0.999],"_humanoidState":5,"_cameraCFrame":[748.599,246.813,41.363,-0.964,0.261,-0.046,0,0.174,0.985,0.265,0.95,-0.167],"_shiftlockState":true,"_pose":"FreeFall","_animationQueue":[],"_animationSpeed":1,"_zoom":16.125},{"_mousePosition":[683,384],"_rootPartCFrame":[750.769,229.247,43.656,-0.991,0,-0.135,0,1,0,0.135,0,-0.991],"_humanoidState":5,"_cameraCFrame":[748.229,246.627,41.546,-0.95,0.309,-0.054,0,0.174,0.985,0.314,0.935,-0.165],"_shiftlockState":true,"_pose":"FreeFall","_animationQueue":[],"_animationSpeed":1,"_zoom":16.125},{"_mousePosition":[683,384],"_rootPartCFrame":[750.511,229.006,43.725,-0.983,0,-0.185,0,1,0,0.185,0,-0.983],"_humanoidState":5,"_cameraCFrame":[747.853,246.386,41.766,-0.93,0.363,-0.064,0,0.174,0.985,0.368,0.916,-0.161],"_shiftlockState":true,"_pose":"FreeFall","_animationQueue":[],"_animationSpeed":1,"_zoom":16.125},{"_mousePosition":[683,384],"_rootPartCFrame":[750.321,228.79,43.786,-0.962,0,-0.274,0,1,0,0.274,0,-0.962],"_humanoidState":5,"_cameraCFrame":[747.553,246.17,41.985,-0.907,0.415,-0.073,0,0.174,0.985,0.422,0.893,-0.157],"_shiftlockState":true,"_pose":"FreeFall","_animationQueue":[],"_animationSpeed":1,"_zoom":16.125},{"_mousePosition":[683,384],"_rootPartCFrame":[750.01,228.361,43.906,-0.964,0,-0.266,0,1,0,0.266,0,-0.964],"_humanoidState":5,"_cameraCFrame":[747.146,245.741,42.262,-0.882,0.465,-0.082,0,0.174,0.985,0.472,0.868,-0.153],"_shiftlockState":true,"_pose":"FreeFall","_animationQueue":[],"_animationSpeed":1,"_zoom":16.125},{"_mousePosition":[683,384],"_rootPartCFrame":[749.828,228.063,43.988,-0.924,0,-0.381,0,1,0,0.381,0,-0.924],"_humanoidState":5,"_cameraCFrame":[746.881,245.443,42.499,-0.855,0.51,-0.09,0,0.174,0.985,0.518,0.842,-0.149],"_shiftlockState":true,"_pose":"FreeFall","_animationQueue":[],"_animationSpeed":1,"_zoom":16.125},{"_mousePosition":[683,384],"_rootPartCFrame":[749.592,227.618,44.112,-0.917,0,-0.4,0,1,0,0.4,0,-0.917],"_humanoidState":5,"_cameraCFrame":[746.58,244.998,42.759,-0.831,0.548,-0.097,0,0.174,0.985,0.556,0.818,-0.144],"_shiftlockState":true,"_pose":"FreeFall","_animationQueue":[["fall",0.3]],"_animationSpeed":1,"_zoom":16.125},{"_mousePosition":[683,384],"_rootPartCFrame":[749.305,226.985,44.283,-0.912,0,-0.411,0,1,0,0.411,0,-0.912],"_humanoidState":5,"_cameraCFrame":[746.244,244.365,43.045,-0.809,0.578,-0.102,0,0.174,0.985,0.587,0.797,-0.141],"_shiftlockState":true,"_pose":"FreeFall","_animationQueue":[],"_animationSpeed":1,"_zoom":16.125},{"_mousePosition":[683,384],"_rootPartCFrame":[749.083,226.418,44.43,-0.88,0,-0.475,0,1,0,0.475,0,-0.88],"_humanoidState":5,"_cameraCFrame":[745.966,243.798,43.34,-0.78,0.616,-0.109,0,0.174,0.985,0.626,0.768,-0.135],"_shiftlockState":true,"_pose":"FreeFall","_animationQueue":[],"_animationSpeed":1,"_zoom":16.125},{"_mousePosition":[683,384],"_rootPartCFrame":[748.866,225.795,44.585,-0.856,0,-0.516,0,1,0,0.516,0,-0.856],"_humanoidState":5,"_cameraCFrame":[745.728,243.175,43.559,-0.767,0.632,-0.111,0,0.174,0.985,0.641,0.756,-0.133],"_shiftlockState":true,"_pose":"FreeFall","_animationQueue":[],"_animationSpeed":1,"_zoom":16.125},{"_mousePosition":[683,384],"_rootPartCFrame":[748.657,225.119,44.75,-0.846,0,-0.534,0,1,0,0.534,0,-0.846],"_humanoidState":5,"_cameraCFrame":[745.513,242.499,43.74,-0.764,0.635,-0.112,0,0.174,0.985,0.645,0.752,-0.133],"_shiftlockState":true,"_pose":"FreeFall","_animationQueue":[],"_animationSpeed":1,"_zoom":16.125},{"_mousePosition":[683,384],"_rootPartCFrame":[748.503,224.575,44.878,-0.825,0,-0.566,0,1,0,0.566,0,-0.825],"_humanoidState":5,"_cameraCFrame":[745.359,241.955,43.868,-0.764,0.635,-0.112,0,0.174,0.985,0.645,0.752,-0.133],"_shiftlockState":true,"_pose":"FreeFall","_animationQueue":[],"_animationSpeed":1,"_zoom":16.125},{"_mousePosition":[683,384],"_rootPartCFrame":[748.299,223.803,45.05,-0.843,0,-0.538,0,1,0,0.538,0,-0.843],"_humanoidState":5,"_cameraCFrame":[745.161,241.183,44.024,-0.767,0.632,-0.111,0,0.174,0.985,0.641,0.756,-0.133],"_shiftlockState":true,"_pose":"FreeFall","_animationQueue":[["fall",0.3]],"_animationSpeed":1,"_zoom":16.125},{"_mousePosition":[683,384],"_rootPartCFrame":[748.111,223.685,45.208,-0.79,0,-0.614,0,1,0,0.614,0,-0.79],"_humanoidState":7,"_cameraCFrame":[745.003,241.065,44.095,-0.785,0.61,-0.108,0,0.174,0.985,0.62,0.773,-0.136],"_shiftlockState":true,"_pose":"FreeFall","_animationQueue":[["walk",0.1],["fall",0.3],["fall",0.3]],"_animationSpeed":1,"_zoom":16.125},{"_mousePosition":[683,384],"_rootPartCFrame":[748.034,223.684,45.273,-0.785,0,-0.619,0,1,0,0.619,0,-0.785],"_humanoidState":7,"_cameraCFrame":[744.986,241.064,44.004,-0.815,0.57,-0.101,0,0.174,0.985,0.579,0.803,-0.142],"_shiftlockState":true,"_pose":"FreeFall","_animationQueue":[],"_animationSpeed":1,"_zoom":16.125},{"_mousePosition":[683,384],"_rootPartCFrame":[747.931,223.684,45.355,-0.815,0,-0.579,0,1,0,0.579,0,-0.815],"_humanoidState":8,"_cameraCFrame":[744.968,241.059,43.839,-0.855,0.51,-0.091,0,0.176,0.984,0.518,0.842,-0.15],"_shiftlockState":true,"_pose":"Running","_animationQueue":[["walk",0.1],["fall",0.3],["walk",0.1]],"_animationSpeed":0.517,"_zoom":16.125},{"_mousePosition":[683,384],"_rootPartCFrame":[747.837,223.684,45.423,-0.855,0,-0.518,0,1,0,0.518,0,-0.855],"_humanoidState":8,"_cameraCFrame":[745.006,241.053,43.623,-0.898,0.433,-0.078,0,0.177,0.984,0.44,0.884,-0.159],"_shiftlockState":true,"_pose":"Running","_animationQueue":[["walk",0.1]],"_animationSpeed":0.427,"_zoom":16.125},{"_mousePosition":[683,384],"_rootPartCFrame":[747.704,223.684,45.505,-0.898,0,-0.44,0,1,0,0.44,0,-0.898],"_humanoidState":8,"_cameraCFrame":[745.064,241.053,43.435,-0.937,0.344,-0.062,0,0.177,0.984,0.35,0.922,-0.166],"_shiftlockState":true,"_pose":"Running","_animationQueue":[["walk",0.1]],"_animationSpeed":0.489,"_zoom":16.125},{"_mousePosition":[683,384],"_rootPartCFrame":[747.529,223.684,45.593,-0.937,0,-0.35,0,1,0,0.35,0,-0.937],"_humanoidState":8,"_cameraCFrame":[745.1,241.053,43.279,-0.966,0.254,-0.046,0,0.177,0.984,0.258,0.951,-0.171],"_shiftlockState":true,"_pose":"Running","_animationQueue":[["walk",0.1]],"_animationSpeed":0.668,"_zoom":16.125},{"_mousePosition":[683,384],"_rootPartCFrame":[747.259,223.684,45.697,-0.966,0,-0.258,0,1,0,0.258,0,-0.966],"_humanoidState":8,"_cameraCFrame":[745.063,241.053,43.161,-0.986,0.161,-0.029,0,0.177,0.984,0.164,0.971,-0.175],"_shiftlockState":true,"_pose":"Running","_animationQueue":[["walk",0.1],["walk",0.1]],"_animationSpeed":0.833,"_zoom":16.125},{"_mousePosition":[683,384],"_rootPartCFrame":[747.075,223.616,45.749,-0.986,0,-0.164,0,1,0,0.164,0,-0.986],"_humanoidState":8,"_cameraCFrame":[745.095,240.99,43.074,-0.996,0.082,-0.015,0,0.176,0.984,0.084,0.981,-0.175],"_shiftlockState":true,"_pose":"Running","_animationQueue":[["walk",0.1]],"_animationSpeed":0.976,"_zoom":16.125},{"_mousePosition":[683,384],"_rootPartCFrame":[746.816,223.467,45.796,-0.996,0,-0.084,0,1,0,0.084,0,-0.996],"_humanoidState":8,"_cameraCFrame":[745.101,240.847,42.975,-1,-0.012,0.002,0,0.174,0.985,-0.012,0.985,-0.174],"_shiftlockState":true,"_pose":"Running","_animationQueue":[["walk",0.1]],"_animationSpeed":1.066,"_zoom":16.125},{"_mousePosition":[683,384],"_rootPartCFrame":[746.485,223.205,45.827,-1,0,0.012,0,1,0,-0.012,0,-1],"_humanoidState":8,"_cameraCFr