[{"_mousePosition":[1157,369],"_rootPartCFrame":[776.035,222.977,47.142,-0.001,-0.007,1,0,1,0.007,-1,0,-0.001],"_humanoidState":8,"_cameraCFrame":[781.606,231.745,46.913,-0.041,-0.792,0.609,0,0.609,0.793,-0.999,0.033,-0.025],"_shiftlockState":false,"_pose":"Standing","_animationQueue":[],"_animationSpeed":1,"_zoom":9.167},{"_mousePosition":[1119,363],"_rootPartCFrame":[775.733,222.814,47.154,-0.008,0,1,0,1,0,-1,0,-0.008],"_humanoidState":8,"_cameraCFrame":[781.314,231.582,46.925,-0.041,-0.792,0.609,0,0.609,0.793,-0.999,0.033,-0.025],"_shiftlockState":false,"_pose":"Standing","_animationQueue":[],"_animationSpeed":1,"_zoom":9.167},{"_mousePosition":[1089,360],"_rootPartCFrame":[775.599,222.73,47.16,-0.01,0,1,0,1,0,-1,0,-0.01],"_humanoidState":8,"_cameraCFrame":[781.182,231.498,46.931,-0.041,-0.792,0.609,0,0.609,0.793,-0.999,0.033,-0.025],"_shiftlockState":false,"_pose":"Running","_animationQueue":[["walk",0.1]],"_animationSpeed":1.091,"_zoom":9.167},{"_mousePosition":[1089,360],"_rootPartCFrame":[775.333,222.615,47.171,-0.014,0,1,0,1,0,-1,0,-0.014],"_humanoidState":8,"_cameraCFrame":[780.915,231.383,46.942,-0.041,-0.792,0.609,0,0.609,0.793,-0.999,0.033,-0.025],"_shiftlockState":false,"_pose":"Running","_animationQueue":[],"_animationSpeed":1.091,"_zoom":9.167},{"_mousePosition":[1038,354],"_rootPartCFrame":[775.066,222.638,47.182,-0.018,0,1,0,1,0,-1,0,-0.018],"_humanoidState":8,"_cameraCFrame":[780.648,231.406,46.953,-0.041,-0.792,0.609,0,0.609,0.793,-0.999,0.033,-0.025],"_shiftlockState":false,"_pose":"Running","_animationQueue":[],"_animationSpeed":1.091,"_zoom":9.167},{"_mousePosition":[1011,354],"_rootPartCFrame":[774.8,222.664,47.193,-0.021,0,1,0,1,0,-1,0,-0.021],"_humanoidState":8,"_cameraCFrame":[780.381,231.432,46.964,-0.041,-0.792,0.609,0,0.609,0.793,-0.999,0.033,-0.025],"_shiftlockState":false,"_pose":"Running","_animationQueue":[],"_animationSpeed":1.091,"_zoom":9.167},{"_mousePosition":[988,354],"_rootPartCFrame":[774.533,222.68,47.204,-0.024,0,1,0,1,0,-1,0,-0.024],"_humanoidState":8,"_cameraCFrame":[780.115,231.448,46.975,-0.041,-0.792,0.609,0,0.609,0.793,-0.999,0.033,-0.025],"_shiftlockState":false,"_pose":"Running","_animationQueue":[["walk",0.1]],"_animationSpeed":1.091,"_zoom":9.167},{"_mousePosition":[988,354],"_rootPartCFrame":[774.267,222.689,47.215,-0.026,0,1,0,1,0,-1,0,-0.026],"_humanoidState":8,"_cameraCFrame":[779.848,231.457,46.985,-0.041,-0.792,0.609,0,0.609,0.793,-0.999,0.033,-0.025],"_shiftlockState":false,"_pose":"Running","_animationQueue":[],"_animationSpeed":1.091,"_zoom":9.167},{"_mousePosition":[944,355],"_rootPartCFrame":[774,222.694,47.226,-0.028,0,1,0,1,0,-1,0,-0.028],"_humanoidState":8,"_cameraCFrame":[779.582,231.462,46.996,-0.041,-0.792,0.609,0,0.609,0.793,-0.999,0.033,-0.025],"_shiftlockState":false,"_pose":"Running","_animationQueue":[],"_animationSpeed":1.091,"_zoom":9.167},{"_mousePosition":[921,357],"_rootPartCFrame":[773.734,222.697,47.236,-0.03,0,1,0,1,0,-1,0,-0.03],"_humanoidState":8,"_cameraCFrame":[779.315,231.465,47.007,-0.041,-0.792,0.609,0,0.609,0.793,-0.999,0.033,-0.025],"_shiftlockState":false,"_pose":"Running","_animationQueue":[],"_animationSpeed":1.091,"_zoom":9.167},{"_mousePosition":[901,360],"_rootPartCFrame":[773.467,222.698,47.247,-0.031,0,1,0,1,0,-1,0,-0.031],"_humanoidState":8,"_cameraCFrame":[779.049,231.466,47.018,-0.041,-0.792,0.609,0,0.609,0.793,-0.999,0.033,-0.025],"_shiftlockState":false,"_pose":"Running","_animationQueue":[],"_animationSpeed":1.091,"_zoom":9.167},{"_mousePosition":[900,360],"_rootPartCFrame":[773.201,222.699,47.258,-0.033,0,0.999,0,1,0,-0.999,0,-0.033],"_humanoidState":8,"_cameraCFrame":[778.783,231.467,47.029,-0.041,-0.792,0.609,0,0.609,0.793,-0.999,0.033,-0.025],"_shiftlockState":false,"_pose":"Running","_animationQueue":[],"_animationSpeed":1.091,"_zoom":9.167},{"_mousePosition":[863,365],"_rootPartCFrame":[772.934,222.699,47.269,-0.034,0,0.999,0,1,0,-0.999,0,-0.034],"_humanoidState":8,"_cameraCFrame":[778.516,231.467,47.04,-0.041,-0.792,0.609,0,0.609,0.793,-0.999,0.033,-0.025],"_shiftlockState":false,"_pose":"Running","_animationQueue":[],"_animationSpeed":1.091,"_zoom":9.167},{"_mousePosition":[848,368],"_rootPartCFrame":[772.668,222.699,47.28,-0.035,0,0.999,0,1,0,-0.999,0,-0.035],"_humanoidState":8,"_cameraCFrame":[778.25,231.468,47.051,-0.041,-0.792,0.609,0,0.609,0.793,-0.999,0.033,-0.025],"_shiftlockState":false,"_pose":"Running","_animationQueue":[["walk",0.1]],"_animationSpeed":1.091,"_zoom":9.167},{"_mousePosition":[840,370],"_rootPartCFrame":[772.401,222.7,47.291,-0.036,0,0.999,0,1,0,-0.999,0,-0.036],"_humanoidState":8,"_cameraCFrame":[777.983,231.468,47.062,-0.041,-0.792,0.609,0,0.609,0.793,-0.999,0.033,-0.025],"_shiftlockState":false,"_pose":"Running","_animationQueue":[],"_animationSpeed":1.091,"_zoom":9.167},{"_mousePosition":[840,371],"_rootPartCFrame":[772.135,222.7,47.302,-0.036,0,0.999,0,1,0,-0.999,0,-0.036],"_humanoidState":8,"_cameraCFrame":[777.717,231.468,47.073,-0.041,-0.792,0.609,0,0.609,0.793,-0.999,0.033,-0.025],"_shiftlockState":false,"_pose":"Running","_animationQueue":[],"_animationSpeed":1.091,"_zoom":9.167},{"_mousePosition":[837,374],"_rootPartCFrame":[771.868,222.7,47.313,-0.037,0,0.999,0,1,0,-0.999,0,-0.037],"_humanoidState":8,"_cameraCFrame":[777.45,231.468,47.084,-0.041,-0.792,0.609,0,0.609,0.793,-0.999,0.033,-0.025],"_shiftlockState":false,"_pose":"Running","_animationQueue":[],"_animationSpeed":1.091,"_zoom":9.167},{"_mousePosition":[837,374],"_rootPartCFrame":[771.602,222.7,47.324,-0.038,0,0.999,0,1,0,-0.999,0,-0.038],"_humanoidState":8,"_cameraCFrame":[777.184,231.468,47.095,-0.041,-0.792,0.609,0,0.609,0.793,-0.999,0.033,-0.025],"_shiftlockState":false,"_pose":"Running","_animationQueue":[],"_animationSpeed":1.091,"_zoom":9.167},{"_mousePosition":[837,374],"_rootPartCFrame":[771.335,222.7,47.335,-0.038,0,0.999,0,1,0,-0.999,0,-0.038],"_humanoidState":8,"_cameraCFrame":[776.917,231.468,47.106,-0.041,-0.792,0.609,0,0.609,0.793,-0.999,0.033,-0.025],"_shiftlockState":false,"_pose":"Running","_animationQueue":[],"_animationSpeed":1.091,"_zoom":9.167},{"_mousePosition":[837,374],"_rootPartCFrame":[771.069,222.7,47.346,-0.038,0,0.999,0,1,0,-0.999,0,-0.038],"_humanoidState":8,"_cameraCFrame":[776.651,231.468,47.117,-0.041,-0.792,0.609,0,0.609,0.793,-0.999,0.033,-0.025],"_shiftlockState":false,"_pose":"Running","_animationQueue":[],"_animationSpeed":1.091,"_zoom":9.167},{"_mousePosition":[837,374],"_rootPartCFrame":[770.802,222.7,47.357,-0.039,0,0.999,0,1,0,-0.999,0,-0.039],"_humanoidState":8,"_cameraCFrame":[776.384,231.468,47.128,-0.041,-0.792,0.609,0,0.609,0.793,-0.999,0.033,-0.025],"_shiftlockState":false,"_pose":"Running","_animationQueue":[["walk",0.1]],"_animationSpeed":1.091,"_zoom":9.167},{"_mousePosition":[837,374],"_rootPartCFrame":[770.536,222.7,47.368,-0.039,0,0.999,0,1,0,-0.999,0,-0.039],"_humanoidState":8,"_cameraCFrame":[776.118,231.468,47.139,-0.041,-0.792,0.609,0,0.609,0.793,-0.999,0.033,-0.025],"_shiftlockState":false,"_pose":"Running","_animationQueue":[],"_animationSpeed":1.091,"_zoom":9.167},{"_mousePosition":[837,374],"_rootPartCFrame":[770.27,223.563,47.379,-0.039,0,0.999,0,1,0,-0.999,0,-0.039],"_humanoidState":3,"_cameraCFrame":[775.846,232.335,47.167,-0.038,-0.793,0.608,0,0.609,0.793,-0.999,0.03,-0.023],"_shiftlockState":false,"_pose":"Jumping","_animationQueue":[["walk",0.1],["jump",0.1]],"_animationSpeed":1,"_zoom":9.167},{"_mousePosition":[837,374],"_rootPartCFrame":[770.003,224.371,47.39,-0.04,0,0.999,0,1,0,-0.999,0,-0.04],"_humanoidState":5,"_cameraCFrame":[775.54,233.175,47.232,-0.028,-0.796,0.604,0,0.604,0.797,-1,0.023,-0.017],"_shiftlockState":false,"_pose":"FreeFall","_animationQueue":[["jump",0.1]],"_animationSpeed":1,"_zoom":9.167},{"_mousePosition":[837,374],"_rootPartCFrame":[769.737,225.125,47.4,-0.04,0,0.999,0,1,0,-0.999,0,-0.04],"_humanoidState":5,"_cameraCFrame":[775.217,233.973,47.341,-0.011,-0.802,0.598,0,0.598,0.802,-1,0.009,-0.006],"_shiftlockState":false,"_pose":"FreeFall","_animationQueue":[],"_animationSpeed":1,"_zoom":9.167},{"_mousePosition":[837,374],"_rootPartCFrame":[769.47,225.824,47.408,-0.038,0,0.999,0,1,0,-0.999,0,-0.038],"_humanoidState":5,"_cameraCFrame":[774.867,234.734,47.492,0.016,-0.808,0.589,0,0.589,0.808,-1,-0.013,0.009],"_shiftlockState":false,"_pose":"FreeFall","_animationQueue":[],"_animationSpeed":1,"_zoom":9.167},{"_mousePosition":[837,374],"_rootPartCFrame":[769.204,226.469,47.411,-0.035,0,0.999,0,1,0,-0.999,0,-0.035],"_humanoidState":5,"_cameraCFrame":[774.499,235.448,47.666,0.048,-0.815,0.578,0,0.578,0.816,-0.999,-0.039,0.028],"_shiftlockState":false,"_pose":"FreeFall","_animationQueue":[],"_animationSpeed":1,"_zoom":9.167},{"_mousePosition":[837,374],"_rootPartCFrame":[768.937,227.06,47.408,-0.03,0,1,0,1,0,-1,0,-0.03],"_humanoidState":5,"_cameraCFrame":[774.129,236.102,47.849,0.085,-0.82,0.566,0,0.568,0.823,-0.996,-0.07,0.048],"_shiftlockState":false,"_pose":"FreeFall","_animationQueue":[],"_animationSpeed":1,"_zoom":9.167},{"_mousePosition":[837,374],"_rootPartCFrame":[768.671,227.595,47.397,-0.021,0,1,0,1,0,-1,0,-0.021],"_humanoidState":5,"_cameraCFrame":[773.744,236.704,48.031,0.124,-0.824,0.553,0,0.558,0.83,-0.992,-0.103,0.069],"_shiftlockState":false,"_pose":"FreeFall","_animationQueue":[],"_animationSpeed":1,"_zoom":9.167},{"_mousePosition":[837,374],"_rootPartCFrame":[768.339,228.189,47.37,-0.004,0,1,0,1,0,-1,0,-0.004],"_humanoidState":5,"_cameraCFrame":[773.332,237.339,48.133,0.151,-0.825,0.545,0,0.551,0.835,-0.989,-0.126,0.083],"_shiftlockState":false,"_pose":"FreeFall","_animationQueue":[],"_animationSpeed":1,"_zoom":9.167},{"_mousePosition":[837,374],"_rootPartCFrame":[768.14,228.504,47.347,0.008,0,1,0,1,0,-1,0,0.008],"_humanoidState":5,"_cameraCFrame":[773.05,237.694,48.229,0.177,-0.826,0.536,0,0.544,0.839,-0.984,-0.148,0.096],"_shiftlockState":false,"_pose":"FreeFall","_animationQueue":[],"_animationSpeed":1,"_zoom":9.167},{"_mousePosition":[837,374],"_rootPartCFrame":[767.876,228.876,47.308,0.026,0,1,0,1,0,-1,0,0.026],"_humanoidState":5,"_cameraCFrame":[772.742,238.087,48.261,0.192,-0.825,0.531,0,0.541,0.841,-0.981,-0.162,0.104],"_shiftlockState":false,"_pose":"FreeFall","_animationQueue":[],"_animationSpeed":1,"_zoom":9.167},{"_mousePosition":[837,374],"_rootPartCFrame":[767.614,229.194,47.261,0.046,0,0.999,0,1,0,-0.999,0,0.046],"_humanoidState":5,"_cameraCFrame":[772.445,238.42,48.256,0.202,-0.826,0.527,0,0.538,0.843,-0.979,-0.17,0.108],"_shiftlockState":false,"_pose":"FreeFall","_animationQueue":[],"_animationSpeed":1,"_zoom":9.167},{"_mousePosition":[837,374],"_rootPartCFrame":[767.352,229.457,47.211,0.065,0,0.998,0,1,0,-0.998,0,0.065],"_humanoidState":5,"_cameraCFrame":[772.159,238.696,48.232,0.208,-0.826,0.524,0,0.536,0.844,-0.978,-0.175,0.111],"_shiftlockState":false,"_pose":"FreeFall","_animationQueue":[],"_animationSpeed":1,"_zoom":9.167},{"_mousePosition":[837,374],"_rootPartCFrame":[767.091,229.666,47.157,0.084,0,0.996,0,1,0,-0.996,0,0.084],"_humanoidState":5,"_cameraCFrame":[771.88,238.913,48.201,0.213,-0.826,0.522,0,0.535,0.845,-0.977,-0.18,0.114],"_shiftlockState":false,"_pose":"FreeFall","_animationQueue":[],"_animationSpeed":1,"_zoom":9.167},{"_mousePosition":[837,374],"_rootPartCFrame":[766.83,229.821,47.102,0.101,0,0.995,0,1,0,-0.995,0,0.101],"_humanoidState":5,"_cameraCFrame":[771.603,239.075,48.163,0.217,-0.826,0.521,0,0.533,0.846,-0.976,-0.184,0.116],"_shiftlockState":false,"_pose":"FreeFall","_animationQueue":[],"_animationSpeed":1,"_zoom":9.167},{"_mousePosition":[839,375],"_rootPartCFrame":[766.569,229.921,47.046,0.117,0,0.993,0,1,0,-0.993,0,0.117],"_humanoidState":5,"_cameraCFrame":[771.465,239.374,48.134,0.217,-0.826,0.521,0,0.533,0.846,-0.976,-0.184,0.116],"_shiftlockState":false,"_pose":"FreeFall","_animationQueue":[],"_animationSpeed":1,"_zoom":11.959},{"_mousePosition":[837,374],"_rootPartCFrame":[766.309,229.966,46.988,0.131,0,0.991,0,1,0,-0.991,0,0.131],"_humanoidState":5,"_cameraCFrame":[771.428,239.786,48.137,0.219,-0.825,0.52,0,0.533,0.846,-0.976,-0.185,0.117],"_shiftlockState":false,"_pose":"FreeFall","_animationQueue":[],"_animationSpeed":1,"_zoom":11.959},{"_mousePosition":[837,374],"_rootPartCFrame":[766.049,229.957,46.93,0.143,0,0.99,0,1,0,-0.99,0,0.143],"_humanoidState":5,"_cameraCFrame":[771.429,240.209,48.156,0.222,-0.825,0.52,0,0.533,0.846,-0.975,-0.188,0.118],"_shiftlockState":false,"_pose":"FreeFall","_animationQueue":[],"_animationSpeed":1,"_zoom":11.959},{"_mousePosition":[837,374],"_rootPartCFrame":[765.788,229.893,46.872,0.154,0,0.988,0,1,0,-0.988,0,0.154],"_humanoidState":5,"_cameraCFrame":[771.387,240.495,48.178,0.227,-0.823,0.52,0,0.534,0.845,-0.974,-0.192,0.121],"_shiftlockState":false,"_pose":"FreeFall","_animationQueue":[["fall",0.3]],"_animationSpeed":1,"_zoom":11.959},{"_mousePosition":[837,374],"_rootPartCFrame":[765.463,229.737,46.798,0.166,0,0.986,0,1,0,-0.986,0,0.166],"_humanoidState":5,"_cameraCFrame":[771.219,240.587,48.166,0.231,-0.822,0.52,0,0.535,0.845,-0.973,-0.195,0.124],"_shiftlockState":false,"_pose":"FreeFall","_animationQueue":[],"_animationSpeed":1,"_zoom":11.959},{"_mousePosition":[837,374],"_rootPartCFrame":[765.268,229.603,46.753,0.172,0,0.985,0,1,0,-0.985,0,0.172],"_humanoidState":5,"_cameraCFrame":[771.158,240.657,48.166,0.233,-0.821,0.521,0,0.535,0.845,-0.972,-0.197,0.125],"_shiftlockState":false,"_pose":"FreeFall","_animationQueue":[],"_animationSpeed":1,"_zoom":11.959},{"_mousePosition":[837,374],"_rootPartCFrame":[765.009,229.375,46.691,0.18,0,0.984,0,1,0,-0.984,0,0.18],"_humanoidState":5,"_cameraCFrame":[771.404,240.622,46.432,0.234,-0.822,0.519,0,0.534,0.845,-0.972,-0.198,0.125],"_shiftlockState":true,"_pose":"FreeFall","_animationQueue":[],"_animationSpeed":1,"_zoom":11.959},{"_mousePosition":[683,384],"_rootPartCFrame":[764.685,229.015,46.614,0.237,0,0.972,0,1,0,-0.972,0,0.237],"_humanoidState":5,"_cameraCFrame":[771.15,240.375,46.372,0.234,-0.822,0.519,0,0.534,0.845,-0.972,-0.198,0.125],"_shiftlockState":true,"_pose":"FreeFall","_animationQueue":[],"_animationSpeed":1,"_zoom":11.959},{"_mousePosition":[683,384],"_rootPartCFrame":[764.49,228.758,46.567,0.234,0,0.972,0,1,0,-0.972,0,0.234],"_humanoidState":5,"_cameraCFrame":[771.004,240.506,46.336,0.234,-0.829,0.508,0,0.522,0.853,-0.972,-0.2,0.122],"_shiftlockState":true,"_pose":"FreeFall","_animationQueue":[],"_animationSpeed":1,"_zoom":15.448},{"_mousePosition":[683,384],"_rootPartCFrame":[764.231,228.367,46.504,0.234,0,0.972,0,1,0,-0.972,0,0.234],"_humanoidState":5,"_cameraCFrame":[771.068,240.658,46.352,0.234,-0.829,0.508,0,0.522,0.853,-0.972,-0.2,0.122],"_shiftlockState":true,"_pose":"FreeFall","_animationQueue":[],"_animationSpeed":1,"_zoom":15.448},{"_mousePosition":[683,384],"_rootPartCFrame":[763.972,227.922,46.442,0.234,0,0.972,0,1,0,-0.972,0,0.234],"_humanoidState":5,"_cameraCFrame":[771.084,240.674,46.356,0.234,-0.829,0.508,0,0.522,0.853,-0.972,-0.2,0.122],"_shiftlockState":true,"_pose":"FreeFall","_animationQueue":[["fall",0.3]],"_animationSpeed":1,"_zoom":15.448},{"_mousePosition":[683,384],"_rootPartCFrame":[763.713,227.422,46.379,0.234,0,0.972,0,1,0,-0.972,0,0.234],"_humanoidState":5,"_cameraCFrame":[771.119,240.669,46.364,0.234,-0.829,0.508,0,0.522,0.853,-0.972,-0.2,0.122],"_shiftlockState":true,"_pose":"FreeFall","_animationQueue":[],"_animationSpeed":1,"_zoom":15.448},{"_mousePosition":[683,384],"_rootPartCFrame":[763.453,226.868,46.317,0.234,0,0.972,0,1,0,-0.972,0,0.234],"_humanoidState":5,"_cameraCFrame":[771.12,240.552,46.364,0.234,-0.829,0.508,0,0.522,0.853,-0.972,-0.2,0.122],"_shiftlockState":true,"_pose":"FreeFall","_animationQueue":[],"_animationSpeed":1,"_zoom":15.448},{"_mousePosition":[683,384],"_rootPartCFrame":[763.194,226.26,46.254,0.234,0,0.972,0,1,0,-0.972,0,0.234],"_humanoidState":5,"_cameraCFrame":[771.025,240.22,46.342,0.234,-0.829,0.508,0,0.522,0.853,-0.972,-0.2,0.122],"_shiftlockState":true,"_pose":"FreeFall","_animationQueue":[],"_animationSpeed":1,"_zoom":15.448},{"_mousePosition":[683,384],"_rootPartCFrame":[762.935,225.597,46.192,0.234,0,0.972,0,1,0,-0.972,0,0.234],"_humanoidState":5,"_cameraCFrame":[770.882,239.752,46.307,0.234,-0.829,0.508,0,0.522,0.853,-0.972,-0.2,0.122],"_shiftlockState":true,"_pose":"FreeFall","_animationQueue":[],"_animationSpeed":1,"_zoom":15.448},{"_mousePosition":[683,384],"_rootPartCFrame":[762.675,224.879,46.13,0.234,0,0.972,0,1,0,-0.972,0,0.234],"_humanoidState":5,"_cameraCFrame":[770.724,239.204,46.269,0.234,-0.829,0.508,0,0.522,0.853,-0.972,-0.2,0.122],"_shiftlockState":true,"_pose":"FreeFall","_animationQueue":[],"_animationSpeed":1,"_zoom":15.448},{"_mousePosition":[683,384],"_rootPartCFrame":[762.416,224.107,46.067,0.234,0,0.972,0,1,0,-0.972,0,0.234],"_humanoidState":5,"_cameraCFrame":[770.531,238.543,46.222,0.234,-0.829,0.508,0,0.522,0.853,-0.972,-0.2,0.122],"_shiftlockState":true,"_pose":"FreeFall","_animationQueue":[],"_animationSpeed":1,"_zoom":15.448},{"_mousePosition":[683,384],"_rootPartCFrame":[762.157,223.28,46.005,0.234,0,0.972,0,1,0,-0.972,0,0.234],"_humanoidState":5,"_cameraCFrame":[770.315,237.789,46.171,0.234,-0.829,0.508,0,0.522,0.853,-0.972,-0.2,0.122],"_shiftlockState":true,"_pose":"FreeFall","_animationQueue":[["fall",0.3]],"_animationSpeed":1,"_zoom":15.448},{"_mousePosition":[683,384],"_rootPartCFrame":[761.898,222.508,45.942,0.234,0,0.972,0,1,0,-0.972,0,0.234],"_humanoidState":7,"_cameraCFrame":[770.087,237.069,46.115,0.234,-0.829,0.508,0,0.522,0.853,-0.972,-0.2,0.122],"_shiftlockState":true,"_pose":"FreeFall","_animationQueue":[["walk",0.1],["fall",0.3],["fall",0.3]],"_animationSpeed":1,"_zoom":15.448},{"_mousePosition":[683,384],"_rootPartCFrame":[761.638,222.46,45.88,0.234,0,0.972,0,1,0,-0.972,0,0.234],"_humanoidState":7,"_cameraCFrame":[769.441,237.06,47.76,0.234,-0.829,0.508,0,0.522,0.853,-0.972,-0.2,0.122],"_shiftlockState":false,"_pose":"FreeFall","_animationQueue":[],"_animationSpeed":1,"_zoom":15.448},{"_mousePosition":[683,384],"_rootPartCFrame":[761.379,222.549,45.817,0.234,0,0.972,0,1,0,-0.972,0,0.234],"_humanoidState":8,"_cameraCFrame":[769.196,237.173,47.701,0.234,-0.829,0.508,0,0.522,0.853,-0.972,-0.2,0.122],"_shiftlockState":false,"_pose":"Running","_animationQueue":[["walk",0.1],["fall",0.3],["walk",0.1]],"_animationSpeed":1.103,"_zoom":15.448},{"_mousePosition":[683,384],"_rootPartCFrame":[760.99,222.638,45.723,0.234,0,0.972,0,1,0,-0.972,0,0.234],"_humanoidState":8,"_cameraCFrame":[768.793,237.324,47.38,0.208,-0.837,0.506,0,0.518,0.856,-0.978,-0.178,0.108],"_shiftlockState":false,"_pose":"Running","_animationQueue":[],"_animationSpeed":1.103,"_zoom":15.448},{"_mousePosition":[683,384],"_rootPartCFrame":[760.86,222.654,45.692,0.234,0,0.972,0,1,0,-0.972,0,0.234],"_humanoidState":8,"_cameraCFrame":[768.65,237.395,47.059,0.173,-0.846,0.505,0,0.513,0.859,-0.985,-0.148,0.089],"_shiftlockState":false,"_pose":"Running","_animationQueue":[],"_animationSpeed":1.103,"_zoom":15.448},{"_mousePosition":[683,384],"_rootPartCFrame":[760.6,222.675,45.636,0.231,0,0.973,0,1,0,-0.973,0,0.231],"_humanoidState":8,"_cameraCFrame":[768.372,237.457,46.807,0.149,-0.851,0.504,0,0.509,0.861,-0.989,-0.128,0.076],"_shiftlockState":false,"_pose":"Running","_animationQueue":[["walk",0.1]],"_animationSpeed":1.103,"_zoom":15.448},{"_mousePosition":[683,384],"_rootPartCFrame":[760.206,222.69,45.566,0.22,0,0.976,0,1,0,-0.976,0,0.22],"_humanoidState":8,"_cameraCFrame":[767.959,237.494,46.66,0.14,-0.853,0.502,0,0.507,0.862,-0.99,-0.12,0.071],"_shiftlockState":false,"_pose":"Running","_animationQueue":[],"_animationSpeed":1.103,"_zoom":15.448},{"_mousePosition":[683,384],"_rootPartCFrame":[760.074,222.693,45.546,0.215,0,0.977,0,1,0,-0.977,0,0.215],"_humanoidState":8,"_cameraCFrame":[767.799,237.525,46.545,0.128,-0.856,0.5,0,0.504,0.863,-0.992,-0.111,0.065],"_shiftlockState":false,"_pose":"Running","_animationQueue":[],"_animationSpeed":1.103,"_zoom":15.448},{"_mousePosition":[683,384],"_rootPartCFrame":[759.81,222.696,45.509,0.205,0,0.979,0,1,0,-0.979,0,0.205],"_humanoidState":8,"_cameraCFrame":[767.521,237.543,46.457,0.122,-0.858,0.499,0,0.503,0.864,-0.993,-0.105,0.061],"_shiftlockState":false,"_pose":"Running","_animationQueue":[],"_animationSpeed":1.103,"_zoom":15.448},{"_mousePosition":[683,384],"_rootPartCFrame":[759.546,222.698,45.474,0.195,0,0.981,0,1,0,-0.981,0,0.195],"_humanoidState":8,"_cameraCFrame":[767.239,237.559,46.395,0.119,-0.859,0.498,0,0.502,0.865,-0.993,-0.103,0.06],"_shiftlockState":false,"_pose":"Running","_animationQueue":[],"_animationSpeed":1.103,"_zoom":15.448},{"_mousePosition":[683,384],"_rootPartCFrame":[759.281,222.699,45.441,0.185,0,0.983,0,1,0,-0.983,0,0.185],"_humanoidState":8,"_cameraCFrame":[766.966,237.567,46.345,0.117,-0.86,0.498,0,0.501,0.865,-0.993,-0.101,0.059],"_shiftlockState":false,"_pose":"Running","_animationQueue":[],"_animationSpeed":1.103,"_zoom":15.448},{"_mousePosition":[683,384],"_rootPartCFrame":[759.016,222.699,45.41,0.177,0,0.984,0,1,0,-0.984,0,0.177],"_humanoidState":8,"_cameraCFrame":[766.691,237.575,46.312,0.117,-0.86,0.497,0,0.5,0.866,-0.993,-0.101,0.058],"_shiftlockState":false,"_pose":"Running","_animationQueue":[],"_animationSpeed":1.103,"_zoom":15.448},{"_mousePosition":[683,384],"_rootPartCFrame":[758.751,222.699,45.378,0.169,0,0.986,0,1,0,-0.986,0,0.169],"_humanoidState":8,"_cameraCFrame":[766.417,237.581,46.264,0.115,-0.861,0.496,0,0.5,0.866,-0.993,-0.099,0.057],"_shiftlockState":false,"_pose":"Running","_animationQueue":[["walk",0.1]],"_animationSpeed":1.103,"_zoom":15.448},{"_mousePosition":[683,384],"_rootPartCFrame":[758.487,222.7,45.347,0.162,0,0.987,0,1,0,-0.987,0,0.162],"_humanoidState":8,"_cameraCFrame":[764.338,234.607,46.036,0.117,-0.864,0.489,0,0.493,0.87,-0.993,-0.102,0.058],"_shiftlockState":false,"_pose":"Running","_animationQueue":[],"_animationSpeed":1.103,"_zoom":11.959},{"_mousePosition":[683,384],"_rootPartCFrame":[758.222,222.695,45.318,0.155,0,0.988,0,1,0,-0.988,0,0.155],"_humanoidState":8,"_cameraCFrame":[764.019,234.63,46.038,0.123,-0.866,0.485,0,0.488,0.873,-0.992,-0.108,0.06],"_shiftlockState":false,"_pose":"Running","_animationQueue":[],"_animationSpeed":1.103,"_zoom":11.959},{"_mousePosition":[683,384],"_rootPartCFrame":[758.089,222.695,45.302,0.152,0,0.988,0,1,0,-0.988,0,0.152],"_humanoidState":8,"_cameraCFrame":[763.84,234.654,46.053,0.129,-0.867,0.481,0,0.485,0.875,-0.992,-0.113,0.063],"_shiftlockState":false,"_pose":"Running","_animationQueue":[],"_animationSpeed":1.103,"_zoom":11.959},{"_mousePosition":[683,384],"_rootPartCFrame":[757.825,222.697,45.27,0.148,0,0.989,0,1,0,-0.989,0,0.148],"_humanoidState":8,"_cameraCFrame":[763.521,234.684,46.044,0.135,-0.869,0.476,0,0.481,0.877,-0.991,-0.118,0.065],"_shiftlockState":false,"_pose":"Running","_animationQueue":[["walk",0.1]],"_animationSpeed":1.103,"_zoom":11.959},{"_mousePosition":[683,384],"_rootPartCFrame":[757.56,222.698,45.235,0.146,0,0.989,0,1,0,-0.989,0,0.146],"_humanoidState":8,"_cameraCFrame":[763.195,234.717,46.019,0.138,-0.871,0.471,0,0.476,0.88,-0.99,-0.121,0.066],"_shiftlockState":false,"_pose":"Running","_animationQueue":[],"_animationSpeed":1.103,"_zoom":11.959},{"_mousePosition":[683,384],"_rootPartCFrame":[757.296,222.699,45.199,0.144,0,0.99,0,1,0,-0.99,0,0.144],"_humanoidState":8,"_cameraCFrame":[762.854,234.759,45.984,0.14,-0.874,0.465,0,0.469,0.883,-0.99,-0.123,0.066],"_shiftlockState":false,"_pose":"Running","_animationQueue":[],"_animationSpeed":1.103,"_zoom":11.959},{"_mousePosition":[683,384],"_rootPartCFrame":[756.9,222.699,45.144,0.143,0,0.99,0,1,0,-0.99,0,0.143],"_humanoidState":8,"_cameraCFrame":[762.363,234.809,45.928,0.142,-0.878,0.457,0,0.461,0.887,-0.99,-0.126,0.065],"_shiftlockState":false,"_pose":"Running","_animationQueue":[],"_animationSpeed":1.103,"_zoom":11.959},{"_mousePosition":[683,384],"_rootPartCFrame":[756.636,222.7,45.107,0.142,0,0.99,0,1,0,-0.99,0,0.142],"_humanoidState":8,"_cameraCFrame":[762.004,234.858,45.888,0.144,-0.882,0.449,0,0.454,0.891,-0.99,-0.128,0.065],"_shiftlockState":false,"_pose":"Running","_animationQueue":[],"_animationSpeed":1.103,"_zoom":11.959},{"_mousePosition":[683,384],"_rootPartCFrame":[756.504,222.7,45.088,0.142,0,0.99,0,1,0,-0.99,0,0.142],"_humanoidState":8,"_cameraCFrame":[761.751,234.918,45.863,0.146,-0.887,0.439,0,0.443,0.896,-0.989,-0.131,0.065],"_shiftlockState":false,"_pose":"Running","_animationQueue":[],"_animationSpeed":1.103,"_zoom":11.959},{"_mousePosition":[683,384],"_rootPartCFrame":[756.24,222.7,45.05,0.142,0,0.99,0,1,0,-0.99,0,0.142],"_humanoidState":8,"_cameraCFrame":[761.383,234.969,45.815,0.147,-0.891,0.43,0,0.435,0.901,-0.989,-0.132,0.064],"_shiftlockState":false,"_pose":"Running","_animationQueue":[["walk",0.1]],"_animationSpeed":1.103,"_zoom":11.959},{"_mousePosition":[683,384],"_rootPartCFrame":[755.976,222.7,45.011,0.143,0,0.99,0,1,0,-0.99,0,0.143],"_humanoidState":8,"_cameraCFrame":[761.023,235.015,45.772,0.149,-0.894,0.422,0,0.427,0.904,-0.989,-0.135,0.064],"_shiftlockState":false,"_pose":"Running","_animationQueue":[],"_animationSpeed":1.103,"_zoom":11.959},{"_mousePosition":[683,384],"_rootPartCFrame":[755.712,222.7,44.972,0.143,0,0.99,0,1,0,-0.99,0,0.143],"_humanoidState":8,"_cameraCFrame":[760.663,235.06,45.724,0.15,-0.898,0.414,0,0.419,0.908,-0.989,-0.136,0.063],"_shiftlockState":false,"_pose":"Running","_animationQueue":[],"_animationSpeed":1.103,"_zoom":11.959},{"_mousePosition":[683,384],"_rootPartCFrame":[755.449,222.7,44.932,0.144,0,0.99,0,1,0,-0.99,0,0.144],"_humanoidState":8,"_cameraCFrame":[760.33,235.092,45.674,0.15,-0.9,0.408,0,0.413,0.911,-0.989,-0.137,0.062],"_shiftlockState":false,"_pose":"Running","_animationQueue":[],"_animationSpeed":1.103,"_zoom":11.959},{"_mousePosition":[683,384],"_rootPartCFrame":[755.185,222.7,44.892,0.145,0,0.989,0,1,0,-0.989,0,0.145],"_humanoidState":8,"_cameraCFrame":[759.988,235.127,45.622,0.15,-0.903,0.402,0,0.406,0.914,-0.989,-0.137,0.061],"_shiftlockState":false,"_pose":"Running","_animationQueue":[],"_animationSpeed":1.103,"_zoom":11.959},{"_mousePosition":[683,384],"_rootPartCFrame":[754.921,222.7,44.852,0.146,0,0.989,0,1,0,-0.989,0,0.146],"_humanoidState":8,"_cameraCFrame":[759.638,235.166,45.564,0.149,-0.907,0.394,0,0.399,0.917,-0.989,-0.137,0.059],"_shiftlockState":false,"_pose":"Running","_animationQueue":[],"_animationSpeed":1.103,"_zoom":11.959},{"_mousePosition":[683,384],"_rootPartCFrame":[754.658,222.7,44.812,0.146,0,0.989,0,1,0,-0.989,0,0.146],"_humanoidState":8,"_cameraCFrame":[759.272,235.212,45.488,0.145,-0.911,0.386,0,0.39,0.921,-0.989,-0.134,0.057],"_shiftlockState":false,"_pose":"Running","_animationQueue":[],"_animationSpeed":1.103,"_zoom":11.959},{"_mousePosition":[683,384],"_rootPartCFrame":[754.394,222.7,44.772,0.147,0,0.989,0,1,0,-0.989,0,0.147],"_humanoidState":8,"_cameraCFrame":[758.915,235.253,45.411,0.14,-0.915,0.378,0,0.382,0.924,-0.99,-0.129,0.053],"_shiftlockState":false,"_pose":"Running","_animationQueue":[["walk",0.1]],"_animationSpeed":1.103,"_zoom":11.959},{"_mousePosition":[683,384],"_rootPartCFrame":[754.13,222.666,44.732,0.147,0,0.989,0,1,0,-0.989,0,0.147],"_humanoidState":8,"_cameraCFrame":[758.549,235.262,45.333,0.135,-0.919,0.369,0,0.373,0.928,-0.991,-0.125,0.05],"_shiftlockState":false,"_pose":"Running","_animationQueue":[],"_animationSpeed":1.103,"_zoom":11.959},{"_mousePosition":[683,384],"_rootPartCFrame":[753.867,223.529,44.693,0.147,0,0.989,0,1,0,-0.989,0,0.147],"_humanoidState":3,"_cameraCFrame":[758.199,236.161,45.263,0.13,-0.923,0.362,0,0.365,0.931,-0.991,-0.121,0.048],"_shiftlockState":false,"_pose":"Jumping","_animationQueue":[["walk",0.1],["jump",0.1]],"_animationSpeed":1,"_zoom":11.959},{"_mousePosition":[683,384],"_rootPartCFrame":[753.603,224.337,44.656,0.146,0,0.989,0,1,0,-0.989,0,0.146],"_humanoidState":5,"_cameraCFrame":[757.855,237.001,45.207,0.128,-0.926,0.356,0,0.359,0.933,-0.992,-0.12,0.046],"_shiftlockState":false,"_pose":"FreeFall","_animationQueue":[["jump",0.1]],"_animationSpeed":1,"_zoom":11.959},{"_mousePosition":[683,384],"_rootPartCFrame":[753.338,225.091,44.621,0.144,0,0.99,0,1,0,-0.99,0,0.144],"_humanoidState":5,"_cameraCFrame":[757.539,237.775,45.152,0.125,-0.928,0.351,0,0.354,0.935,-0.992,-0.117,0.044],"_shiftlockState":false,"_pose":"FreeFall","_animationQueue":[],"_animationSpeed":1,"_zoom":11.959},{"_mousePosition":[683,384],"_rootPartCFrame":[753.074,225.79,44.587,0.142,0,0.99,0,1,0,-0.99,0,0.142],"_humanoidState":5,"_cameraCFrame":[757.231,238.491,45.103,0.123,-0.929,0.348,0,0.35,0.937,-0.992,-0.115,0.043],"_shiftlockState":false,"_pose":"FreeFall","_animationQueue":[],"_animationSpeed":1,"_zoom":11.959},{"_mousePosition":[683,384],"_rootPartCFrame":[752.809,226.435,44.553,0.14,0,0.99,0,1,0,-0.99,0,0.14],"_humanoidState":5,"_cameraCFrame":[756.906,239.16,45.044,0.119,-0.932,0.343,0,0.345,0.939,-0.993,-0.112,0.041],"_shiftlockState":false,"_pose":"FreeFall","_animationQueue":[],"_animationSpeed":1,"_zoom":11.959},{"_mousePosition":[683,384],"_rootPartCFrame":[752.544,227.025,44.52,0.138,0,0.99,0,1,0,-0.99,0,0.138],"_humanoidState":5,"_cameraCFrame":[756.482,239.583,44.976,0.115,-0.935,0.335,0,0.337,0.941,-0.993,-0.108,0.039],"_shiftlockState":false,"_pose":"FreeFall","_animationQueue":[],"_animationSpeed":1,"_zoom":9.167},{"_mousePosition":[683,384],"_rootPartCFrame":[752.28,227.561,44.488,0.135,0,0.991,0,1,0,-0.991,0,0.135],"_humanoidState":5,"_cameraCFrame":[756.025,239.765,44.914,0.113,-0.937,0.33,0,0.332,0.943,-0.994,-0.106,0.037],"_shiftlockState":false,"_pose":"FreeFall","_animationQueue":[],"_animationSpeed":1,"_zoom":9.167},{"_mousePosition":[683,384],"_rootPartCFrame":[752.015,228.043,44.458,0.133,0,0.991,0,1,0,-0.991,0,0.133],"_humanoidState":5,"_cameraCFrame":[755.566,239.771,44.853,0.111,-0.938,0.328,0,0.33,0.944,-0.994,-0.105,0.037],"_shiftlockState":false,"_pose":"FreeFall","_animationQueue":[],"_animationSpeed":1,"_zoom":9.167},{"_mousePosition":[683,384],"_rootPartCFrame":[751.75,228.47,44.427,0.13,0,0.991,0,1,0,-0.991,0,0.13],"_humanoidState":5,"_cameraCFrame":[755.145,239.848,44.802,0.11,-0.939,0.325,0,0.327,0.945,-0.994,-0.104,0.036],"_shiftlockState":false,"_pose":"FreeFall","_animationQueue":[],"_animationSpeed":1,"_zoom":9.167},{"_mousePosition":[683,384],"_rootPartCFrame":[751.485,228.842,44.398,0.128,0,0.992,0,1,0,-0.992,0,0.128],"_humanoidState":5,"_cameraCFrame":[754.729,239.879,44.752,0.109,-0.941,0.322,0,0.324,0.946,-0.994,-0.103,0.035],"_shiftlockState":false,"_pose":"FreeFall","_animationQueue":[],"_animationSpeed":1,"_zoom":9.167},{"_mousePosition":[683,384],"_rootPartCFrame":[751.22,229.16,44.368,0.125,0,0.992,0,1,0,-0.992,0,0.125],"_humanoidState":5,"_cameraCFrame":[754.356,239.952,44.705,0.107,-0.942,0.32,0,0.321,0.947,-0.994,-0.101,0.034],"_shiftlockState":false,"_pose":"FreeFall","_animationQueue":[],"_animationSpeed":1,"_zoom":9.167},{"_mousePosition":[683,384],"_rootPartCFrame":[750.955,229.423,44.339,0.123,0,0.992,0,1,0,-0.992,0,0.123],"_humanoidState":5,"_cameraCFrame":[754.01,240.047,44.664,0.106,-0.942,0.317,0,0.319,0.948,-0.994,-0.1,0.034],"_shiftlockState":false,"_pose":"FreeFall","_animationQueue":[],"_animationSpeed":1,"_zoom":9.167},{"_mousePosition":[683,384],"_rootPartCFrame":[750.69,229.632,44.311,0.121,0,0.993,0,1,0,-0.993,0,0.121],"_humanoidState":5,"_cameraCFrame":[753.693,240.122,44.626,0.104,-0.943,0.317,0,0.318,0.948,-0.995,-0.099,0.033],"_shiftlockState":false,"_pose":"FreeFall","_animationQueue":[],"_animationSpeed":1,"_zoom":9.167},{"_mousePosition":[683,384],"_rootPartCFrame":[750.424,229.787,44.283,0.119,0,0.993,0,1,0,-0.993,0,0.119],"_humanoidState":5,"_cameraCFrame":[753.374,240.188,44.59,0.103,-0.944,0.314,0,0.316,0.949,-0.995,-0.098,0.033],"_shiftlockState":false,"_pose":"FreeFall","_animationQueue":[],"_animationSpeed":1,"_zoom":9.167},{"_mousePosition":[683,384],"_rootPartCFrame":[750.159,229.887,44.255,0.117,0,0.993,0,1,0,-0.993,0,0.117],"_humanoidState":5,"_cameraCFrame":[753.068,240.236,44.554,0.102,-0.944,0.312,0,0.314,0.949,-0.995,-0.097,0.032],"_shiftlockState":false,"_pose":"FreeFall","_animationQueue":[],"_animationSpeed":1,"_zoom":9.167},{"_mousePosition":[683,384],"_rootPartCFrame":[749.894,229.932,44.227,0.115,0,0.993,0,1,0,-0.993,0,0.115],"_humanoidState":5,"_cameraCFrame":[752.758,240.238,44.516,0.1,-0.946,0.309,0,0.311,0.95,-0.995,-0.095,0.031],"_shiftlockState":false,"_pose":"FreeFall","_animationQueue":[],"_animationSpeed":1,"_zoom":9.167},{"_mousePosition":[683,384],"_rootPartCFrame":[749.629,229.923,44.2,0.113,0,0.994,0,1,0,-0.994,0,0.113],"_humanoidState":5,"_cameraCFrame":[752.463,240.207,44.48,0.098,-0.947,0.307,0,0.308,0.951,-0.995,-0.093,0.03],"_shiftlockState":false,"_pose":"FreeFall","_animationQueue":[],"_animationSpeed":1,"_zoom":9.167},{"_mousePosition":[683,384],"_rootPartCFrame":[749.363,229.859,44.173,0.111,0,0.994,0,1,0,-0.994,0,0.111],"_humanoidState":5,"_cameraCFrame":[752.157,240.133,44.434,0.093,-0.948,0.303,0,0.305,0.952,-0.996,-0.089,0.028],"_shiftlockState":false,"_pose":"FreeFall","_animationQueue":[["fall",0.3]],"_animationSpeed":1,"_zoom":9.167},{"_mousePosition":[683,384],"_rootPartCFrame":[749.098,229.741,44.147,0.11,0,0.994,0,1,0,-0.994,0,0.11],"_humanoidState":5,"_cameraCFrame":[751.841,240.017,44.368,0.081,-0.951,0.298,0,0.299,0.954,-0.997,-0.077,0.024],"_shiftlockState":false,"_pose":"FreeFall","_animationQueue":[],"_animationSpeed":1,"_zoom":9.167},{"_mousePosition":[683,384],"_rootPartCFrame":[748.833,229.569,44.122,0.108,0,0.994,0,1,0,-0.994,0,0.108],"_humanoidState":5,"_cameraCFrame":[751.5,239.859,44.253,0.049,-0.956,0.29,0,0.291,0.957,-0.999,-0.047,0.014],"_shiftlockState":false,"_pose":"FreeFall","_animationQueue":[],"_animationSpeed":1,"_zoom":9.167},{"_mousePosition":[683,384],"_rootPartCFrame":[748.567,229.341,44.1,0.104,0,0.995,0,1,0,-0.995,0,0.104],"_humanoidState":5,"_cameraCFrame":[751.172,239.644,44.081,-0.007,-0.959,0.284,0,0.284,0.959,-1,0.007,-0.002],"_shiftlockState":false,"_pose":"FreeFall","_animationQueue":[],"_animationSpeed":1,"_zoom":9.167},{"_mousePosition":[683,384],"_rootPartCFrame":[748.3,229.06,44.085,0.098,0,0.995,0,1,0,-0.995,0,0.098],"_humanoidState":5,"_cameraCFrame":[750.857,239.367,43.773,-0.121,-0.953,0.279,0,0.281,0.96,-0.993,0.116,-0.034],"_shiftlockState":false,"_pose":"FreeFall","_animationQueue":[],"_animationSpeed":1,"_zoom":9.167},{"_mousePosition":[683,384],"_rootPartCFrame":[747.967,228.631,44.086,0.083,0,0.997,0,1,0,-0.997,0,0.083],"_humanoidState":5,"_cameraCFrame":[750.52,238.912,43.364,-0.272,-0.921,0.278,0,0.289,0.957,-0.962,0.26,-0.079],"_shiftlockState":false,"_pose":"FreeFall","_animationQueue":[],"_animationSpeed":1,"_zoom":9.167},{"_mousePosition":[683,384],"_rootPartCFrame":[747.768,228.333,44.101,0.067,0,0.998,0,1,0,-0.998,0,0.067],"_humanoidState":5,"_cameraCFrame":[750.26,238.555,42.748,-0.477,-0.836,0.272,0,0.309,0.951,-0.879,0.454,-0.148],"_shiftlockState":false,"_pose":"FreeFall","_animationQueue":[],"_animationSpeed":1,"_zoom":9.167},{"_mousePosition":[683,384],"_rootPartCFrame":[747.549,227.894,44.141,0.003,0.023,1,-0.004,1,-0.023,-1,-0.004,0.003],"_humanoidState":5,"_cameraCFrame":[749.811,237.985,41.832,-0.719,-0.651,0.243,0,0.35,0.937,-0.695,0.674,-0.251],"_shiftlockState":false,"_pose":"FreeFall","_animationQueue":[["fall",0.3]],"_animationSpeed":1,"_zoom":9.167},{"_mousePosition":[683,384],"_rootPartCFrame":[747.585,227.998,44.151,-0.016,0.016,1,-0.007,1,-0.016,-1,-0.007,-0.016],"_humanoidState":12,"_cameraCFrame":[749.149,237.861,40.712,-0.912,-0.374,0.168,0,0.41,0.912,-0.41,0.832,-0.374],"_shiftlockState":false,"_pose":"Climbing","_animationQueue":[["walk",0.1],["fall",0.3],["climb",0.1],["climb",0]],"_animationSpeed":-2.2,"_zoom":9.167},{"_mousePosition":[683,384],"_rootPartCFrame":[747.602,228.183,44.155,-0.012,0.002,1,-0.001,1,-0.002,-1,-0.001,-0.012],"_humanoidState":12,"_cameraCFrame":[746.373,237.698,39.531,-0.993,-0.1,0.055,0,0.486,0.874,-0.114,0.868,-0.482],"_shiftlockState":true,"_pose":"Climbing","_animationQueue":[["climb",0.1]],"_animationSpeed":0.877,"_zoom":9.167},{"_mousePosition":[683,384],"_rootPartCFrame":[748.073,228.663,44.23,-0.998,-0.01,0.056,-0.01,1,-0.001,-0.056,-0.002,-0.998],"_humanoidState":8,"_cameraCFrame":[746.389,231.253,43.427,-0.993,-0.1,0.055,0,0.486,0.874,-0.114,0.868,-0.482],"_shiftlockState":true,"_pose":"Standing","_animationQueue":[["climb",0.1],["walk",0.1],["idle",0.1]],"_animationSpeed":1,"_zoom":9.167},{"_mousePosition":[683,384],"_rootPartCFrame":[748.082,229.547,44.357,-1,-0.006,0.028,-0.006,1,-0.006,-0.027,-0.006,-1],"_humanoidState":3,"_cameraCFrame":[746.387,232.677,43.237,-0.998,-0.052,0.032,0,0.525,0.851,-0.061,0.849,-0.524],"_shiftlockState":true,"_pose":"Jumping","_animationQueue":[["walk",0.1],["jump",0.1]],"_animationSpeed":1,"_zoom":9.167},{"_mousePosition":[683,384],"_rootPartCFrame":[748.095,230.189,44.46,-1,-0.003,-0.009,-0.003,1,-0.005,0.009,-0.005,-1],"_humanoidState":5,"_cameraCFrame":[746.511,234.142,42.658,-0.995,-0.083,0.055,0,0.553,0.833,-0.099,0.829,-0.55],"_shiftlockState":true,"_pose":"FreeFall","_animationQueue":[["jump",0.1]],"_animationSpeed":1,"_zoom":9.167},{"_mousePosition":[683,384],"_rootPartCFrame":[748.145,230.997,44.61,-1,0,-0.006,0,1,-0.002,0.006,-0.002,-1],"_humanoidState":5,"_cameraCFrame":[746.755,234.816,42.667,-0.98,-0.164,0.115,0,0.573,0.819,-0.201,0.803,-0.561],"_shiftlockState":true,"_pose":"FreeFall","_animationQueue":[],"_animationSpeed":1,"_zoom":9.167},{"_mousePosition":[683,384],"_rootPartCFrame":[748.23,231.751,44.777,-0.996,0,0.087,0,1,0,-0.087,0,-0.996],"_humanoidState":5,"_cameraCFrame":[747.37,235.964,42.27,-0.925,-0.307,0.225,0,0.591,0.806,-0.381,0.746,-0.547],"_shiftlockState":true,"_pose":"FreeFall","_animationQueue":[],"_animationSpeed":1,"_zoom":9.167},{"_mousePosition":[683,384],"_rootPartCFrame":[748.346,232.451,44.967,-0.965,0,0.262,0,1,0,-0.262,0,-0.965],"_humanoidState":5,"_cameraCFrame":[748.289,237.434,41.832,-0.84,-0.435,0.325,0,0.599,0.801,-0.543,0.673,-0.503],"_shiftlockState":true,"_pose":"FreeFall","_animationQueue":[],"_animationSpeed":1,"_zoom":9.167},{"_mousePosition":[683,384],"_rootPartCFrame":[748.46,233.095,45.19,-0.903,0,0.43,0,1,0,-0.43,0,-0.903],"_humanoidState":5,"_cameraCFrame":[749.643,238.98,41.618,-0.694,-0.573,0.435,0,0.605,0.796,-0.72,0.553,-0.42],"_shiftlockState":true,"_pose":"FreeFall","_animationQueue":[],"_animationSpeed":1,"_zoom":9.167},{"_mousePosition":[683,384],"_rootPartCFrame":[748.546,233.686,45.437,-0.783,0,0.622,0,1,0,-0.622,0,-0.783],"_humanoidState":5,"_cameraCFrame":[750.773,240.324,41.763,-0.57,-0.653,0.499,0,0.607,0.795,-0.822,0.453,-0.346],"_shiftlockState":true,"_pose":"FreeFall","_animationQueue":[],"_animationSpeed":1,"_zoom":9.167},{"_mousePosition":[683,384],"_rootPartCFrame":[748.593,234.222,45.695,-0.67,0,0.742,0,1,0,-0.742,0,-0.67],"_humanoidState":5,"_cameraCFrame":[751.778,241.452,42.267,-0.425,-0.722,0.547,0,0.604,0.797,-0.905,0.339,-0.256],"_shiftlockState":true,"_pose":"FreeFall","_animationQueue":[],"_animationSpeed":1,"_zoom":9.167},{"_mousePosition":[683,384],"_rootPartCFrame":[748.601,234.703,45.955,-0.536,0,0.844,0,1,0,-0.844,0,-0.536],"_humanoidState":5,"_cameraCFrame":[752.463,242.431,42.825,-0.316,-0.76,0.568,0,0.599,0.801,-0.949,0.253,-0.189],"_shiftlockState":true,"_pose":"FreeFall","_animationQueue":[],"_animationSpeed":1,"_zoom":9.167},{"_mousePosition":[683,384],"_rootPartCFrame":[748.569,235.13,46.214,-0.429,0,0.903,0,1,0,-0.903,0,-0.429],"_humanoidState":5,"_cameraCFrame":[752.698,242.916,43.438,-0.23,-0.782,0.579,0,0.595,0.803,-0.973,0.185,-0.137],"_shiftlockState":true,"_pose":"FreeFall","_animationQueue":[],"_animationSpeed":1,"_zoom":9.167},{"_mousePosition":[683,384],"_rootPartCFrame":[748.499,235.502,46.464,-0.343,0,0.939,0,1,0,-0.939,0,-0.343],"_humanoidState":5,"_cameraCFrame":[752.776,243.296,43.941,-0.172,-0.792,0.585,0,0.594,0.804,-0.985,0.138,-0.102],"_shiftlockState":true,"_pose":"FreeFall","_animationQueue":[],"_animationSpeed":1,"_zoom":9.167},{"_mousePosition":[683,384],"_rootPartCFrame":[748.39,235.82,46.702,-0.283,0,0.959,0,1,0,-0.959,0,-0.283],"_humanoidState":5,