[{"_mousePosition":[734,393],"_rootPartCFrame":[776.028,222.7,47.142,0,0,1,0,1,0,-1,0,0],"_humanoidState":8,"_cameraCFrame":[776.359,240.08,44.362,-0.993,-0.116,0.021,0,0.174,0.985,-0.118,0.978,-0.172],"_shiftlockState":false,"_pose":"Standing","_animationQueue":[],"_animationSpeed":1,"_zoom":16.125},{"_mousePosition":[734,393],"_rootPartCFrame":[775.783,222.7,47.113,0.017,0,1,0,1,0,-1,0,0.017],"_humanoidState":8,"_cameraCFrame":[776.114,240.08,44.333,-0.993,-0.116,0.021,0,0.174,0.985,-0.118,0.978,-0.172],"_shiftlockState":false,"_pose":"Standing","_animationQueue":[],"_animationSpeed":1,"_zoom":16.125},{"_mousePosition":[734,393],"_rootPartCFrame":[775.519,222.7,47.082,0.03,0,1,0,1,0,-1,0,0.03],"_humanoidState":8,"_cameraCFrame":[775.85,240.08,44.301,-0.993,-0.116,0.021,0,0.174,0.985,-0.118,0.978,-0.172],"_shiftlockState":false,"_pose":"Running","_animationQueue":[["walk",0.1]],"_animationSpeed":1.066,"_zoom":16.125},{"_mousePosition":[734,393],"_rootPartCFrame":[775.254,222.7,47.05,0.042,0,0.999,0,1,0,-0.999,0,0.042],"_humanoidState":8,"_cameraCFrame":[775.585,240.08,44.27,-0.993,-0.116,0.021,0,0.174,0.985,-0.118,0.978,-0.172],"_shiftlockState":false,"_pose":"Running","_animationQueue":[],"_animationSpeed":1.066,"_zoom":16.125},{"_mousePosition":[734,393],"_rootPartCFrame":[774.989,222.7,47.019,0.053,0,0.999,0,1,0,-0.999,0,0.053],"_humanoidState":8,"_cameraCFrame":[775.32,240.08,44.238,-0.993,-0.116,0.021,0,0.174,0.985,-0.118,0.978,-0.172],"_shiftlockState":false,"_pose":"Running","_animationQueue":[],"_animationSpeed":1.066,"_zoom":16.125},{"_mousePosition":[734,393],"_rootPartCFrame":[774.724,222.7,46.987,0.061,0,0.998,0,1,0,-0.998,0,0.061],"_humanoidState":8,"_cameraCFrame":[775.07,240.08,44.208,-0.992,-0.121,0.021,0,0.174,0.985,-0.123,0.977,-0.172],"_shiftlockState":false,"_pose":"Running","_animationQueue":[],"_animationSpeed":1.066,"_zoom":16.125},{"_mousePosition":[734,393],"_rootPartCFrame":[774.46,222.7,46.956,0.069,0,0.998,0,1,0,-0.998,0,0.069],"_humanoidState":8,"_cameraCFrame":[774.847,240.08,44.182,-0.99,-0.136,0.024,0,0.174,0.985,-0.138,0.975,-0.172],"_shiftlockState":false,"_pose":"Running","_animationQueue":[["walk",0.1]],"_animationSpeed":1.066,"_zoom":16.125},{"_mousePosition":[734,393],"_rootPartCFrame":[774.195,222.7,46.923,0.076,0,0.997,0,1,0,-0.997,0,0.076],"_humanoidState":8,"_cameraCFrame":[774.673,240.08,44.164,-0.985,-0.168,0.03,0,0.174,0.985,-0.171,0.97,-0.171],"_shiftlockState":false,"_pose":"Running","_animationQueue":[],"_animationSpeed":1.066,"_zoom":16.125},{"_mousePosition":[734,393],"_rootPartCFrame":[773.931,222.7,46.886,0.085,0,0.996,0,1,0,-0.996,0,0.085],"_humanoidState":8,"_cameraCFrame":[774.527,240.08,44.15,-0.977,-0.21,0.037,0,0.174,0.985,-0.213,0.962,-0.17],"_shiftlockState":false,"_pose":"Running","_animationQueue":[],"_animationSpeed":1.066,"_zoom":16.125},{"_mousePosition":[734,393],"_rootPartCFrame":[773.668,222.7,46.841,0.096,0,0.995,0,1,0,-0.995,0,0.096],"_humanoidState":8,"_cameraCFrame":[774.382,240.08,44.134,-0.967,-0.251,0.044,0,0.174,0.985,-0.255,0.952,-0.168],"_shiftlockState":false,"_pose":"Running","_animationQueue":[],"_animationSpeed":1.066,"_zoom":16.125},{"_mousePosition":[734,393],"_rootPartCFrame":[773.407,222.7,46.785,0.111,0,0.994,0,1,0,-0.994,0,0.111],"_humanoidState":8,"_cameraCFrame":[774.23,240.08,44.109,-0.956,-0.289,0.051,0,0.174,0.985,-0.294,0.941,-0.166],"_shiftlockState":false,"_pose":"Running","_animationQueue":[],"_animationSpeed":1.066,"_zoom":16.125},{"_mousePosition":[734,393],"_rootPartCFrame":[773.149,222.7,46.718,0.13,0,0.991,0,1,0,-0.991,0,0.13],"_humanoidState":8,"_cameraCFrame":[774.059,240.08,44.07,-0.946,-0.32,0.056,0,0.174,0.985,-0.325,0.931,-0.164],"_shiftlockState":false,"_pose":"Running","_animationQueue":[],"_animationSpeed":1.066,"_zoom":16.125},{"_mousePosition":[734,393],"_rootPartCFrame":[772.894,222.7,46.641,0.152,0,0.988,0,1,0,-0.988,0,0.152],"_humanoidState":8,"_cameraCFrame":[773.871,240.08,44.017,-0.937,-0.344,0.061,0,0.174,0.985,-0.349,0.923,-0.163],"_shiftlockState":false,"_pose":"Running","_animationQueue":[["walk",0.1]],"_animationSpeed":1.066,"_zoom":16.125},{"_mousePosition":[734,393],"_rootPartCFrame":[772.641,222.7,46.555,0.175,0,0.985,0,1,0,-0.985,0,0.175],"_humanoidState":8,"_cameraCFrame":[773.652,240.08,43.943,-0.933,-0.355,0.063,0,0.174,0.985,-0.361,0.918,-0.162],"_shiftlockState":false,"_pose":"Running","_animationQueue":[],"_animationSpeed":1.066,"_zoom":16.125},{"_mousePosition":[734,393],"_rootPartCFrame":[772.391,222.7,46.462,0.199,0,0.98,0,1,0,-0.98,0,0.199],"_humanoidState":8,"_cameraCFrame":[773.402,240.08,43.851,-0.933,-0.355,0.063,0,0.174,0.985,-0.361,0.918,-0.162],"_shiftlockState":false,"_pose":"Running","_animationQueue":[],"_animationSpeed":1.066,"_zoom":16.125},{"_mousePosition":[734,393],"_rootPartCFrame":[772.143,222.7,46.366,0.221,0,0.975,0,1,0,-0.975,0,0.221],"_humanoidState":8,"_cameraCFrame":[773.159,240.08,43.757,-0.932,-0.358,0.063,0,0.174,0.985,-0.363,0.918,-0.162],"_shiftlockState":false,"_pose":"Running","_animationQueue":[],"_animationSpeed":1.066,"_zoom":16.125},{"_mousePosition":[734,393],"_rootPartCFrame":[771.894,222.7,46.27,0.24,0,0.971,0,1,0,-0.971,0,0.24],"_humanoidState":8,"_cameraCFrame":[772.917,240.08,43.664,-0.931,-0.36,0.063,0,0.174,0.985,-0.366,0.917,-0.162],"_shiftlockState":false,"_pose":"Running","_animationQueue":[],"_animationSpeed":1.066,"_zoom":16.125},{"_mousePosition":[734,393],"_rootPartCFrame":[771.645,222.7,46.173,0.257,0,0.966,0,1,0,-0.966,0,0.257],"_humanoidState":8,"_cameraCFrame":[772.669,240.08,43.567,-0.931,-0.36,0.063,0,0.174,0.985,-0.366,0.917,-0.162],"_shiftlockState":false,"_pose":"Running","_animationQueue":[],"_animationSpeed":1.066,"_zoom":16.125},{"_mousePosition":[734,393],"_rootPartCFrame":[771.397,222.7,46.076,0.272,0,0.962,0,1,0,-0.962,0,0.272],"_humanoidState":8,"_cameraCFrame":[772.421,240.08,43.47,-0.931,-0.36,0.063,0,0.174,0.985,-0.366,0.917,-0.162],"_shiftlockState":false,"_pose":"Running","_animationQueue":[],"_animationSpeed":1.066,"_zoom":16.125},{"_mousePosition":[734,393],"_rootPartCFrame":[771.149,222.7,45.978,0.285,0,0.959,0,1,0,-0.959,0,0.285],"_humanoidState":8,"_cameraCFrame":[772.172,240.08,43.372,-0.931,-0.36,0.063,0,0.174,0.985,-0.366,0.917,-0.162],"_shiftlockState":false,"_pose":"Running","_animationQueue":[["walk",0.1]],"_animationSpeed":1.066,"_zoom":16.125},{"_mousePosition":[734,393],"_rootPartCFrame":[770.901,222.7,45.881,0.296,0,0.955,0,1,0,-0.955,0,0.296],"_humanoidState":8,"_cameraCFrame":[771.924,240.08,43.275,-0.931,-0.36,0.063,0,0.174,0.985,-0.366,0.917,-0.162],"_shiftlockState":false,"_pose":"Running","_animationQueue":[],"_animationSpeed":1.066,"_zoom":16.125},{"_mousePosition":[734,393],"_rootPartCFrame":[770.653,222.7,45.784,0.305,0,0.952,0,1,0,-0.952,0,0.305],"_humanoidState":8,"_cameraCFrame":[771.663,240.08,43.172,-0.933,-0.355,0.063,0,0.174,0.985,-0.361,0.918,-0.162],"_shiftlockState":false,"_pose":"Running","_animationQueue":[],"_animationSpeed":1.066,"_zoom":16.125},{"_mousePosition":[734,393],"_rootPartCFrame":[770.404,222.7,45.686,0.314,0,0.95,0,1,0,-0.95,0,0.314],"_humanoidState":8,"_cameraCFrame":[771.395,240.08,43.067,-0.935,-0.348,0.061,0,0.174,0.985,-0.354,0.921,-0.162],"_shiftlockState":false,"_pose":"Running","_animationQueue":[],"_animationSpeed":1.066,"_zoom":16.125},{"_mousePosition":[734,393],"_rootPartCFrame":[770.156,222.7,45.59,0.32,0,0.947,0,1,0,-0.947,0,0.32],"_humanoidState":8,"_cameraCFrame":[771.126,240.08,42.963,-0.938,-0.341,0.06,0,0.174,0.985,-0.347,0.924,-0.163],"_shiftlockState":false,"_pose":"Running","_animationQueue":[],"_animationSpeed":1.066,"_zoom":16.125},{"_mousePosition":[734,393],"_rootPartCFrame":[769.907,222.666,45.494,0.326,0,0.945,0,1,0,-0.945,0,0.326],"_humanoidState":8,"_cameraCFrame":[769.22,240.046,42.264,-0.94,-0.337,0.059,0,0.174,0.985,-0.342,0.925,-0.163],"_shiftlockState":true,"_pose":"Running","_animationQueue":[],"_animationSpeed":1.066,"_zoom":16.125},{"_mousePosition":[683,384],"_rootPartCFrame":[769.658,222.577,45.397,-0.937,0,0.348,0,1,0,-0.348,0,-0.937],"_humanoidState":8,"_cameraCFrame":[768.971,239.957,42.168,-0.94,-0.337,0.059,0,0.174,0.985,-0.342,0.925,-0.163],"_shiftlockState":true,"_pose":"Running","_animationQueue":[["walk",0.1]],"_animationSpeed":1.066,"_zoom":16.125},{"_mousePosition":[683,384],"_rootPartCFrame":[769.409,222.434,45.301,-0.937,0,0.348,0,1,0,-0.348,0,-0.937],"_humanoidState":8,"_cameraCFrame":[768.681,239.814,42.08,-0.944,-0.325,0.057,0,0.174,0.985,-0.33,0.93,-0.164],"_shiftlockState":true,"_pose":"Running","_animationQueue":[],"_animationSpeed":1.066,"_zoom":16.125},{"_mousePosition":[683,384],"_rootPartCFrame":[769.161,223.307,45.205,-0.942,0,0.336,0,1,0,-0.336,0,-0.942],"_humanoidState":3,"_cameraCFrame":[768.384,240.687,41.996,-0.949,-0.311,0.055,0,0.174,0.985,-0.316,0.934,-0.165],"_shiftlockState":true,"_pose":"Jumping","_animationQueue":[["walk",0.1],["jump",0.1]],"_animationSpeed":1,"_zoom":16.125},{"_mousePosition":[683,384],"_rootPartCFrame":[768.909,224.129,45.116,-0.915,0,0.403,0,1,0,-0.403,0,-0.915],"_humanoidState":5,"_cameraCFrame":[768.076,241.509,41.921,-0.954,-0.294,0.052,0,0.174,0.985,-0.299,0.94,-0.166],"_shiftlockState":true,"_pose":"FreeFall","_animationQueue":[["jump",0.1]],"_animationSpeed":1,"_zoom":16.125},{"_mousePosition":[683,384],"_rootPartCFrame":[768.657,224.897,45.031,-0.908,0,0.419,0,1,0,-0.419,0,-0.908],"_humanoidState":5,"_cameraCFrame":[767.783,242.277,41.847,-0.958,-0.282,0.05,0,0.174,0.985,-0.287,0.943,-0.166],"_shiftlockState":true,"_pose":"FreeFall","_animationQueue":[],"_animationSpeed":1,"_zoom":16.125},{"_mousePosition":[683,384],"_rootPartCFrame":[768.402,225.61,44.951,-0.912,0,0.411,0,1,0,-0.411,0,-0.912],"_humanoidState":5,"_cameraCFrame":[767.512,242.99,41.771,-0.959,-0.277,0.049,0,0.174,0.985,-0.282,0.945,-0.167],"_shiftlockState":true,"_pose":"FreeFall","_animationQueue":[],"_animationSpeed":1,"_zoom":16.125},{"_mousePosition":[683,384],"_rootPartCFrame":[768.147,226.268,44.874,-0.914,0,0.407,0,1,0,-0.407,0,-0.914],"_humanoidState":5,"_cameraCFrame":[767.257,243.648,41.694,-0.959,-0.277,0.049,0,0.174,0.985,-0.282,0.945,-0.167],"_shiftlockState":true,"_pose":"FreeFall","_animationQueue":[],"_animationSpeed":1,"_zoom":16.125},{"_mousePosition":[683,384],"_rootPartCFrame":[767.891,226.872,44.798,-0.914,0,0.407,0,1,0,-0.407,0,-0.914],"_humanoidState":5,"_cameraCFrame":[767.001,244.252,41.619,-0.959,-0.277,0.049,0,0.174,0.985,-0.282,0.945,-0.167],"_shiftlockState":true,"_pose":"FreeFall","_animationQueue":[],"_animationSpeed":1,"_zoom":16.125},{"_mousePosition":[683,384],"_rootPartCFrame":[767.635,227.422,44.723,-0.914,0,0.407,0,1,0,-0.407,0,-0.914],"_humanoidState":5,"_cameraCFrame":[766.729,244.802,41.548,-0.961,-0.273,0.048,0,0.174,0.985,-0.277,0.946,-0.167],"_shiftlockState":true,"_pose":"FreeFall","_animationQueue":[],"_animationSpeed":1,"_zoom":16.125},{"_mousePosition":[683,384],"_rootPartCFrame":[767.38,227.917,44.648,-0.916,0,0.402,0,1,0,-0.402,0,-0.916],"_humanoidState":5,"_cameraCFrame":[766.465,245.297,41.475,-0.962,-0.27,0.048,0,0.174,0.985,-0.274,0.947,-0.167],"_shiftlockState":true,"_pose":"FreeFall","_animationQueue":[],"_animationSpeed":1,"_zoom":16.125},{"_mousePosition":[683,384],"_rootPartCFrame":[767.123,228.357,44.574,-0.917,0,0.4,0,1,0,-0.4,0,-0.917],"_humanoidState":5,"_cameraCFrame":[766.201,245.737,41.404,-0.962,-0.268,0.047,0,0.174,0.985,-0.272,0.948,-0.167],"_shiftlockState":true,"_pose":"FreeFall","_animationQueue":[],"_animationSpeed":1,"_zoom":16.125},{"_mousePosition":[683,384],"_rootPartCFrame":[766.867,228.743,44.501,-0.918,0,0.397,0,1,0,-0.397,0,-0.918],"_humanoidState":5,"_cameraCFrame":[765.929,246.123,41.335,-0.964,-0.263,0.046,0,0.174,0.985,-0.267,0.949,-0.167],"_shiftlockState":true,"_pose":"FreeFall","_animationQueue":[],"_animationSpeed":1,"_zoom":16.125},{"_mousePosition":[683,384],"_rootPartCFrame":[766.61,229.075,44.428,-0.92,0,0.393,0,1,0,-0.393,0,-0.92],"_humanoidState":5,"_cameraCFrame":[765.664,246.455,41.265,-0.964,-0.261,0.046,0,0.174,0.985,-0.265,0.95,-0.167],"_shiftlockState":true,"_pose":"FreeFall","_animationQueue":[],"_animationSpeed":1,"_zoom":16.125},{"_mousePosition":[683,384],"_rootPartCFrame":[766.354,229.352,44.357,-0.921,0,0.39,0,1,0,-0.39,0,-0.921],"_humanoidState":5,"_cameraCFrame":[765.399,246.732,41.196,-0.965,-0.258,0.046,0,0.174,0.985,-0.262,0.95,-0.168],"_shiftlockState":true,"_pose":"FreeFall","_animationQueue":[],"_animationSpeed":1,"_zoom":16.125},{"_mousePosition":[683,384],"_rootPartCFrame":[766.096,229.574,44.286,-0.922,0,0.388,0,1,0,-0.388,0,-0.922],"_humanoidState":5,"_cameraCFrame":[765.134,246.954,41.128,-0.966,-0.256,0.045,0,0.174,0.985,-0.26,0.951,-0.168],"_shiftlockState":true,"_pose":"FreeFall","_animationQueue":[],"_animationSpeed":1,"_zoom":16.125},{"_mousePosition":[683,384],"_rootPartCFrame":[765.839,229.742,44.216,-0.923,0,0.386,0,1,0,-0.386,0,-0.923],"_humanoidState":5,"_cameraCFrame":[764.869,247.122,41.06,-0.966,-0.253,0.045,0,0.174,0.985,-0.257,0.952,-0.168],"_shiftlockState":true,"_pose":"FreeFall","_animationQueue":[],"_animationSpeed":1,"_zoom":16.125},{"_mousePosition":[683,384],"_rootPartCFrame":[765.582,229.856,44.147,-0.924,0,0.383,0,1,0,-0.383,0,-0.924],"_humanoidState":5,"_cameraCFrame":[764.595,247.236,40.996,-0.968,-0.249,0.044,0,0.174,0.985,-0.252,0.953,-0.168],"_shiftlockState":true,"_pose":"FreeFall","_animationQueue":[],"_animationSpeed":1,"_zoom":16.125},{"_mousePosition":[683,384],"_rootPartCFrame":[765.324,229.915,44.078,-0.925,0,0.379,0,1,0,-0.379,0,-0.925],"_humanoidState":5,"_cameraCFrame":[764.322,247.295,40.932,-0.969,-0.244,0.043,0,0.174,0.985,-0.248,0.954,-0.168],"_shiftlockState":true,"_pose":"FreeFall","_animationQueue":[],"_animationSpeed":1,"_zoom":16.125},{"_mousePosition":[683,384],"_rootPartCFrame":[765.066,229.919,44.01,-0.927,0,0.374,0,1,0,-0.374,0,-0.927],"_humanoidState":5,"_cameraCFrame":[764.048,247.299,40.869,-0.97,-0.239,0.042,0,0.174,0.985,-0.243,0.955,-0.168],"_shiftlockState":true,"_pose":"FreeFall","_animationQueue":[],"_animationSpeed":1,"_zoom":16.125},{"_mousePosition":[683,384],"_rootPartCFrame":[764.808,229.869,43.944,-0.929,0,0.369,0,1,0,-0.369,0,-0.929],"_humanoidState":5,"_cameraCFrame":[763.766,247.249,40.811,-0.972,-0.232,0.041,0,0.174,0.985,-0.235,0.957,-0.169],"_shiftlockState":true,"_pose":"FreeFall","_animationQueue":[],"_animationSpeed":1,"_zoom":16.125},{"_mousePosition":[683,384],"_rootPartCFrame":[764.549,229.765,43.879,-0.932,0,0.362,0,1,0,-0.362,0,-0.932],"_humanoidState":5,"_cameraCFrame":[763.491,247.145,40.751,-0.973,-0.227,0.04,0,0.174,0.985,-0.23,0.958,-0.169],"_shiftlockState":true,"_pose":"FreeFall","_animationQueue":[["fall",0.3]],"_animationSpeed":1,"_zoom":16.125},{"_mousePosition":[683,384],"_rootPartCFrame":[764.29,229.606,43.816,-0.934,0,0.358,0,1,0,-0.358,0,-0.934],"_humanoidState":5,"_cameraCFrame":[763.208,246.986,40.697,-0.975,-0.22,0.039,0,0.174,0.985,-0.223,0.96,-0.169],"_shiftlockState":true,"_pose":"FreeFall","_animationQueue":[],"_animationSpeed":1,"_zoom":16.125},{"_mousePosition":[683,384],"_rootPartCFrame":[764.031,229.393,43.755,-0.937,0,0.351,0,1,0,-0.351,0,-0.937],"_humanoidState":5,"_cameraCFrame":[762.917,246.773,40.646,-0.977,-0.21,0.037,0,0.174,0.985,-0.213,0.962,-0.17],"_shiftlockState":true,"_pose":"FreeFall","_animationQueue":[],"_animationSpeed":1,"_zoom":16.125},{"_mousePosition":[683,384],"_rootPartCFrame":[763.771,229.125,43.695,-0.94,0,0.341,0,1,0,-0.341,0,-0.94],"_humanoidState":5,"_cameraCFrame":[762.626,246.505,40.598,-0.979,-0.2,0.035,0,0.174,0.985,-0.203,0.964,-0.17],"_shiftlockState":true,"_pose":"FreeFall","_animationQueue":[],"_animationSpeed":1,"_zoom":16.125},{"_mousePosition":[683,384],"_rootPartCFrame":[763.51,228.802,43.638,-0.943,0,0.331,0,1,0,-0.331,0,-0.943],"_humanoidState":5,"_cameraCFrame":[762.334,246.182,40.552,-0.981,-0.19,0.034,0,0.174,0.985,-0.193,0.966,-0.17],"_shiftlockState":true,"_pose":"FreeFall","_animationQueue":[],"_animationSpeed":1,"_zoom":16.125},{"_mousePosition":[683,384],"_rootPartCFrame":[763.249,228.425,43.583,-0.947,0,0.322,0,1,0,-0.322,0,-0.947],"_humanoidState":5,"_cameraCFrame":[762.034,245.805,40.513,-0.984,-0.178,0.031,0,0.174,0.985,-0.181,0.969,-0.171],"_shiftlockState":true,"_pose":"FreeFall","_animationQueue":[],"_animationSpeed":1,"_zoom":16.125},{"_mousePosition":[683,384],"_rootPartCFrame":[762.988,227.994,43.531,-0.951,0,0.31,0,1,0,-0.31,0,-0.951],"_humanoidState":5,"_cameraCFrame":[761.757,245.374,40.467,-0.984,-0.173,0.031,0,0.174,0.985,-0.176,0.969,-0.171],"_shiftlockState":true,"_pose":"FreeFall","_animationQueue":[],"_animationSpeed":1,"_zoom":16.125},{"_mousePosition":[683,384],"_rootPartCFrame":[762.725,227.508,43.482,-0.952,0,0.305,0,1,0,-0.305,0,-0.952],"_humanoidState":5,"_cameraCFrame":[761.495,244.888,40.418,-0.984,-0.173,0.031,0,0.174,0.985,-0.176,0.969,-0.171],"_shiftlockState":true,"_pose":"FreeFall","_animationQueue":[["fall",0.3]],"_animationSpeed":1,"_zoom":16.125},{"_mousePosition":[683,384],"_rootPartCFrame":[762.463,226.967,43.435,-0.952,0,0.305,0,1,0,-0.305,0,-0.952],"_humanoidState":5,"_cameraCFrame":[761.233,244.347,40.371,-0.984,-0.173,0.031,0,0.174,0.985,-0.176,0.969,-0.171],"_shiftlockState":true,"_pose":"FreeFall","_animationQueue":[],"_animationSpeed":1,"_zoom":16.125},{"_mousePosition":[683,384],"_rootPartCFrame":[762.201,226.372,43.388,-0.952,0,0.305,0,1,0,-0.305,0,-0.952],"_humanoidState":5,"_cameraCFrame":[760.97,243.752,40.324,-0.984,-0.173,0.031,0,0.174,0.985,-0.176,0.969,-0.171],"_shiftlockState":true,"_pose":"FreeFall","_animationQueue":[],"_animationSpeed":1,"_zoom":16.125},{"_mousePosition":[683,384],"_rootPartCFrame":[761.938,225.723,43.342,-0.952,0,0.305,0,1,0,-0.305,0,-0.952],"_humanoidState":5,"_cameraCFrame":[760.708,243.103,40.277,-0.984,-0.173,0.031,0,0.174,0.985,-0.176,0.969,-0.171],"_shiftlockState":true,"_pose":"FreeFall","_animationQueue":[],"_animationSpeed":1,"_zoom":16.125},{"_mousePosition":[683,384],"_rootPartCFrame":[761.676,225.019,43.295,-0.952,0,0.305,0,1,0,-0.305,0,-0.952],"_humanoidState":5,"_cameraCFrame":[760.445,242.399,40.23,-0.984,-0.173,0.031,0,0.174,0.985,-0.176,0.969,-0.171],"_shiftlockState":true,"_pose":"FreeFall","_animationQueue":[],"_animationSpeed":1,"_zoom":16.125},{"_mousePosition":[683,384],"_rootPartCFrame":[761.413,224.26,43.248,-0.952,0,0.305,0,1,0,-0.305,0,-0.952],"_humanoidState":5,"_cameraCFrame":[760.183,241.64,40.184,-0.984,-0.173,0.031,0,0.174,0.985,-0.176,0.969,-0.171],"_shiftlockState":true,"_pose":"FreeFall","_animationQueue":[],"_animationSpeed":1,"_zoom":16.125},{"_mousePosition":[683,384],"_rootPartCFrame":[761.151,223.447,43.201,-0.952,0,0.305,0,1,0,-0.305,0,-0.952],"_humanoidState":5,"_cameraCFrame":[759.92,240.827,40.137,-0.984,-0.173,0.031,0,0.174,0.985,-0.176,0.969,-0.171],"_shiftlockState":true,"_pose":"FreeFall","_animationQueue":[],"_animationSpeed":1,"_zoom":16.125},{"_mousePosition":[683,384],"_rootPartCFrame":[760.888,222.58,43.154,-0.978,0,0.21,0,1,0,-0.21,0,-0.978],"_humanoidState":7,"_cameraCFrame":[759.666,239.96,40.087,-0.984,-0.176,0.031,0,0.174,0.985,-0.178,0.969,-0.171],"_shiftlockState":true,"_pose":"FreeFall","_animationQueue":[["fall",0.3],["walk",0.1],["fall",0.3],["fall",0.3]],"_animationSpeed":1,"_zoom":16.125},{"_mousePosition":[683,384],"_rootPartCFrame":[760.626,222.413,43.107,-0.984,0,0.181,0,1,0,-0.181,0,-0.984],"_humanoidState":7,"_cameraCFrame":[759.411,239.793,40.037,-0.984,-0.178,0.031,0,0.174,0.985,-0.181,0.969,-0.171],"_shiftlockState":true,"_pose":"FreeFall","_animationQueue":[],"_animationSpeed":1,"_zoom":16.125},{"_mousePosition":[683,384],"_rootPartCFrame":[760.298,222.537,43.048,-0.983,0,0.181,0,1,0,-0.181,0,-0.983],"_humanoidState":8,"_cameraCFrame":[759.114,239.917,39.965,-0.982,-0.188,0.033,0,0.174,0.985,-0.191,0.967,-0.17],"_shiftlockState":true,"_pose":"Running","_animationQueue":[["walk",0.1],["fall",0.3],["walk",0.1]],"_animationSpeed":1.103,"_zoom":16.125},{"_mousePosition":[683,384],"_rootPartCFrame":[760.036,222.61,43,-0.982,0,0.191,0,1,0,-0.191,0,-0.982],"_humanoidState":8,"_cameraCFrame":[758.883,239.99,39.905,-0.98,-0.198,0.035,0,0.174,0.985,-0.201,0.965,-0.17],"_shiftlockState":true,"_pose":"Running","_animationQueue":[],"_animationSpeed":1.103,"_zoom":16.125},{"_mousePosition":[683,384],"_rootPartCFrame":[759.774,222.65,42.949,-0.98,0,0.201,0,1,0,-0.201,0,-0.98],"_humanoidState":8,"_cameraCFrame":[758.676,240.03,39.835,-0.976,-0.215,0.038,0,0.174,0.985,-0.218,0.961,-0.169],"_shiftlockState":true,"_pose":"Running","_animationQueue":[],"_animationSpeed":1.103,"_zoom":16.125},{"_mousePosition":[683,384],"_rootPartCFrame":[759.513,222.673,42.896,-0.976,0,0.218,0,1,0,-0.218,0,-0.976],"_humanoidState":8,"_cameraCFrame":[758.455,240.053,39.768,-0.973,-0.227,0.04,0,0.174,0.985,-0.23,0.958,-0.169],"_shiftlockState":true,"_pose":"Running","_animationQueue":[],"_animationSpeed":1.103,"_zoom":16.125},{"_mousePosition":[683,384],"_rootPartCFrame":[759.252,222.685,42.839,-0.973,0,0.23,0,1,0,-0.23,0,-0.973],"_humanoidState":8,"_cameraCFrame":[758.234,240.065,39.698,-0.97,-0.239,0.042,0,0.174,0.985,-0.243,0.955,-0.168],"_shiftlockState":true,"_pose":"Running","_animationQueue":[["walk",0.1]],"_animationSpeed":1.103,"_zoom":16.125},{"_mousePosition":[683,384],"_rootPartCFrame":[758.992,222.692,42.778,-0.97,0,0.243,0,1,0,-0.243,0,-0.97],"_humanoidState":8,"_cameraCFrame":[758.014,240.072,39.624,-0.967,-0.251,0.044,0,0.174,0.985,-0.255,0.952,-0.168],"_shiftlockState":true,"_pose":"Running","_animationQueue":[],"_animationSpeed":1.103,"_zoom":16.125},{"_mousePosition":[683,384],"_rootPartCFrame":[758.734,222.695,42.713,-0.967,0,0.255,0,1,0,-0.255,0,-0.967],"_humanoidState":8,"_cameraCFrame":[757.795,240.075,39.548,-0.964,-0.263,0.046,0,0.174,0.985,-0.267,0.949,-0.167],"_shiftlockState":true,"_pose":"Running","_animationQueue":[],"_animationSpeed":1.103,"_zoom":16.125},{"_mousePosition":[683,384],"_rootPartCFrame":[758.476,222.697,42.646,-0.964,0,0.267,0,1,0,-0.267,0,-0.964],"_humanoidState":8,"_cameraCFrame":[757.585,240.077,39.466,-0.959,-0.277,0.049,0,0.174,0.985,-0.282,0.945,-0.167],"_shiftlockState":true,"_pose":"Running","_animationQueue":[],"_animationSpeed":1.103,"_zoom":16.125},{"_mousePosition":[683,384],"_rootPartCFrame":[758.219,222.698,42.575,-0.959,0,0.282,0,1,0,-0.282,0,-0.959],"_humanoidState":8,"_cameraCFrame":[757.369,240.078,39.384,-0.956,-0.289,0.051,0,0.174,0.985,-0.294,0.941,-0.166],"_shiftlockState":true,"_pose":"Running","_animationQueue":[],"_animationSpeed":1.103,"_zoom":16.125},{"_mousePosition":[683,384],"_rootPartCFrame":[757.963,222.699,42.501,-0.956,0,0.294,0,1,0,-0.294,0,-0.956],"_humanoidState":8,"_cameraCFrame":[757.161,240.079,39.297,-0.951,-0.304,0.054,0,0.174,0.985,-0.308,0.937,-0.165],"_shiftlockState":true,"_pose":"Running","_animationQueue":[],"_animationSpeed":1.103,"_zoom":16.125},{"_mousePosition":[683,384],"_rootPartCFrame":[757.707,222.699,42.423,-0.951,0,0.308,0,1,0,-0.308,0,-0.951],"_humanoidState":8,"_cameraCFrame":[756.971,240.079,39.204,-0.945,-0.323,0.057,0,0.174,0.985,-0.328,0.93,-0.164],"_shiftlockState":true,"_pose":"Running","_animationQueue":[],"_animationSpeed":1.103,"_zoom":16.125},{"_mousePosition":[683,384],"_rootPartCFrame":[757.454,222.699,42.341,-0.945,0,0.328,0,1,0,-0.328,0,-0.945],"_humanoidState":8,"_cameraCFrame":[756.799,240.079,39.105,-0.936,-0.346,0.061,0,0.174,0.985,-0.351,0.922,-0.163],"_shiftlockState":true,"_pose":"Running","_animationQueue":[["walk",0.1]],"_animationSpeed":1.103,"_zoom":16.125},{"_mousePosition":[683,384],"_rootPartCFrame":[757.201,222.7,42.255,-0.936,0,0.351,0,1,0,-0.351,0,-0.936],"_humanoidState":8,"_cameraCFrame":[756.629,240.08,39.003,-0.927,-0.369,0.065,0,0.174,0.985,-0.375,0.913,-0.161],"_shiftlockState":true,"_pose":"Running","_animationQueue":[],"_animationSpeed":1.103,"_zoom":16.125},{"_mousePosition":[683,384],"_rootPartCFrame":[756.951,222.7,42.162,-0.927,0,0.375,0,1,0,-0.375,0,-0.927],"_humanoidState":8,"_cameraCFrame":[756.453,240.08,38.898,-0.918,-0.39,0.069,0,0.174,0.985,-0.396,0.904,-0.159],"_shiftlockState":true,"_pose":"Running","_animationQueue":[],"_animationSpeed":1.103,"_zoom":16.125},{"_mousePosition":[683,384],"_rootPartCFrame":[756.704,222.7,42.063,-0.918,0,0.396,0,1,0,-0.396,0,-0.918],"_humanoidState":8,"_cameraCFrame":[756.305,240.08,38.785,-0.906,-0.417,0.074,0,0.174,0.985,-0.424,0.892,-0.157],"_shiftlockState":true,"_pose":"Running","_animationQueue":[],"_animationSpeed":1.103,"_zoom":16.125},{"_mousePosition":[683,384],"_rootPartCFrame":[756.459,222.7,41.958,-0.906,0,0.424,0,1,0,-0.424,0,-0.906],"_humanoidState":8,"_cameraCFrame":[756.109,240.08,38.675,-0.899,-0.431,0.076,0,0.174,0.985,-0.437,0.886,-0.156],"_shiftlockState":true,"_pose":"Running","_animationQueue":[],"_animationSpeed":1.103,"_zoom":16.125},{"_mousePosition":[683,384],"_rootPartCFrame":[756.156,222.7,41.818,-0.899,0,0.437,0,1,0,-0.437,0,-0.899],"_humanoidState":8,"_cameraCFrame":[755.84,240.08,38.531,-0.895,-0.44,0.078,0,0.174,0.985,-0.446,0.881,-0.155],"_shiftlockState":true,"_pose":"Running","_animationQueue":[],"_animationSpeed":1.103,"_zoom":16.125},{"_mousePosition":[683,384],"_rootPartCFrame":[755.916,222.7,41.702,-0.895,0,0.446,0,1,0,-0.446,0,-0.895],"_humanoidState":8,"_cameraCFrame":[755.625,240.08,38.413,-0.891,-0.446,0.079,0,0.174,0.985,-0.453,0.878,-0.155],"_shiftlockState":true,"_pose":"Running","_animationQueue":[],"_animationSpeed":1.103,"_zoom":16.125},{"_mousePosition":[683,384],"_rootPartCFrame":[755.677,222.7,41.583,-0.891,0,0.453,0,1,0,-0.453,0,-0.891],"_humanoidState":8,"_cameraCFrame":[755.403,240.08,38.292,-0.889,-0.451,0.079,0,0.174,0.985,-0.458,0.876,-0.154],"_shiftlockState":true,"_pose":"Running","_animationQueue":[["walk",0.1]],"_animationSpeed":1.103,"_zoom":16.125},{"_mousePosition":[683,384],"_rootPartCFrame":[755.44,222.7,41.462,-0.889,0,0.458,0,1,0,-0.458,0,-0.889],"_humanoidState":8,"_cameraCFrame":[755.165,240.08,38.172,-0.889,-0.451,0.079,0,0.174,0.985,-0.458,0.876,-0.154],"_shiftlockState":true,"_pose":"Running","_animationQueue":[],"_animationSpeed":1.103,"_zoom":16.125},{"_mousePosition":[683,384],"_rootPartCFrame":[755.202,222.666,41.342,-0.889,0,0.458,0,1,0,-0.458,0,-0.889],"_humanoidState":8,"_cameraCFrame":[754.919,240.046,38.052,-0.89,-0.449,0.079,0,0.174,0.985,-0.455,0.877,-0.155],"_shiftlockState":true,"_pose":"Running","_animationQueue":[],"_animationSpeed":1.103,"_zoom":16.125},{"_mousePosition":[683,384],"_rootPartCFrame":[754.964,222.577,41.221,-0.89,0,0.455,0,1,0,-0.455,0,-0.89],"_humanoidState":8,"_cameraCFrame":[754.631,239.957,37.936,-0.897,-0.435,0.077,0,0.174,0.985,-0.442,0.883,-0.156],"_shiftlockState":true,"_pose":"Running","_animationQueue":[],"_animationSpeed":1.103,"_zoom":16.125},{"_mousePosition":[683,384],"_rootPartCFrame":[754.726,222.434,41.1,-0.897,0,0.442,0,1,0,-0.442,0,-0.897],"_humanoidState":8,"_cameraCFrame":[754.327,239.814,37.822,-0.906,-0.417,0.074,0,0.174,0.985,-0.424,0.892,-0.157],"_shiftlockState":true,"_pose":"Running","_animationQueue":[],"_animationSpeed":1.103,"_zoom":16.125},{"_mousePosition":[683,384],"_rootPartCFrame":[754.488,222.236,40.979,-0.906,0,0.424,0,1,0,-0.424,0,-0.906],"_humanoidState":8,"_cameraCFrame":[753.99,239.616,37.715,-0.918,-0.39,0.069,0,0.174,0.985,-0.396,0.904,-0.159],"_shiftlockState":true,"_pose":"Running","_animationQueue":[],"_animationSpeed":1.103,"_zoom":16.125},{"_mousePosition":[683,384],"_rootPartCFrame":[754.251,223.11,40.858,-0.918,0,0.396,0,1,0,-0.396,0,-0.918],"_humanoidState":3,"_cameraCFrame":[753.629,240.49,37.615,-0.933,-0.355,0.063,0,0.174,0.985,-0.361,0.918,-0.162],"_shiftlockState":true,"_pose":"Jumping","_animationQueue":[["walk",0.1],["walk",0.1],["jump",0.1]],"_animationSpeed":1,"_zoom":16.125},{"_mousePosition":[683,384],"_rootPartCFrame":[754.007,223.932,40.75,-0.896,0,0.445,0,1,0,-0.445,0,-0.896],"_humanoidState":5,"_cameraCFrame":[753.23,241.312,37.541,-0.949,-0.311,0.055,0,0.174,0.985,-0.316,0.934,-0.165],"_shiftlockState":true,"_pose":"FreeFall","_animationQueue":[["jump",0.1]],"_animationSpeed":1,"_zoom":16.125},{"_mousePosition":[683,384],"_rootPartCFrame":[753.759,224.699,40.652,-0.901,0,0.435,0,1,0,-0.435,0,-0.901],"_humanoidState":5,"_cameraCFrame":[752.669,242.079,37.535,-0.975,-0.217,0.038,0,0.174,0.985,-0.221,0.961,-0.169],"_shiftlockState":true,"_pose":"FreeFall","_animationQueue":[],"_animationSpeed":1,"_zoom":16.125},{"_mousePosition":[683,384],"_rootPartCFrame":[753.506,225.412,40.567,-0.938,0,0.348,0,1,0,-0.348,0,-0.938],"_humanoidState":5,"_cameraCFrame":[752.184,242.792,37.541,-0.989,-0.144,0.025,0,0.174,0.985,-0.146,0.974,-0.172],"_shiftlockState":true,"_pose":"FreeFall","_animationQueue":[],"_animationSpeed":1,"_zoom":16.125},{"_mousePosition":[683,384],"_rootPartCFrame":[753.248,226.071,40.501,-0.961,0,0.276,0,1,0,-0.276,0,-0.961],"_humanoidState":5,"_cameraCFrame":[751.685,243.451,37.593,-0.998,-0.064,0.011,0,0.174,0.985,-0.065,0.983,-0.173],"_shiftlockState":true,"_pose":"FreeFall","_animationQueue":[],"_animationSpeed":1,"_zoom":16.125},{"_mousePosition":[683,384],"_rootPartCFrame":[752.985,226.675,40.458,-0.98,0,0.197,0,1,0,-0.197,0,-0.98],"_humanoidState":5,"_cameraCFrame":[751.192,244.055,37.686,-1,0.015,-0.003,0,0.174,0.985,0.016,0.985,-0.174],"_shiftlockState":true,"_pose":"FreeFall","_animationQueue":[],"_animationSpeed":1,"_zoom":16.125},{"_mousePosition":[683,384],"_rootPartCFrame":[752.72,227.224,40.436,-0.993,0,0.117,0,1,0,-0.117,0,-0.993],"_humanoidState":5,"_cameraCFrame":[750.701,244.604,37.823,-0.995,0.097,-0.017,0,0.174,0.985,0.099,0.98,-0.173],"_shiftlockState":true,"_pose":"FreeFall","_animationQueue":[],"_animationSpeed":1,"_zoom":16.125},{"_mousePosition":[683,384],"_rootPartCFrame":[752.453,227.719,40.435,-0.999,0,0.034,0,1,0,-0.034,0,-0.999],"_humanoidState":5,"_cameraCFrame":[750.224,245.099,37.999,-0.983,0.179,-0.032,0,0.174,0.985,0.182,0.968,-0.171],"_shiftlockState":true,"_pose":"FreeFall","_animationQueue":[],"_animationSpeed":1,"_zoom":16.125},{"_mousePosition":[683,384],"_rootPartCFrame":[752.187,228.16,40.456,-0.999,0,-0.049,0,1,0,0.049,0,-0.999],"_humanoidState":5,"_cameraCFrame":[749.763,245.54,38.215,-0.965,0.259,-0.046,0,0.174,0.985,0.263,0.95,-0.168],"_shiftlockState":true,"_pose":"FreeFall","_animationQueue":[],"_animationSpeed":1,"_zoom":16.125},{"_mousePosition":[683,384],"_rootPartCFrame":[751.924,228.546,40.5,-0.991,0,-0.132,0,1,0,0.132,0,-0.991],"_humanoidState":5,"_cameraCFrame":[749.326,245.926,38.462,-0.94,0.335,-0.059,0,0.174,0.985,0.34,0.926,-0.163],"_shiftlockState":true,"_pose":"FreeFall","_animationQueue":[],"_animationSpeed":1,"_zoom":16.125},{"_mousePosition":[683,384],"_rootPartCFrame":[751.666,228.877,40.565,-0.977,0,-0.212,0,1,0,0.212,0,-0.977],"_humanoidState":5,"_cameraCFrame":[748.916,246.257,38.737,-0.911,0.407,-0.072,0,0.174,0.985,0.413,0.897,-0.158],"_shiftlockState":true,"_pose":"FreeFall","_animationQueue":[],"_animationSpeed":1,"_zoom":16.125},{"_mousePosition":[683,384],"_rootPartCFrame":[751.414,229.154,40.651,-0.958,0,-0.288,0,1,0,0.288,0,-0.958],"_humanoidState":5,"_cameraCFrame":[748.533,246.534,39.037,-0.877,0.473,-0.083,0,0.174,0.985,0.481,0.864,-0.152],"_shiftlockState":true,"_pose":"FreeFall","_animationQueue":[],"_animationSpeed":1,"_zoom":16.125},{"_mousePosition":[683,384],"_rootPartCFrame":[751.169,229.377,40.757,-0.933,0,-0.36,0,1,0,0.36,0,-0.933],"_humanoidState":5,"_cameraCFrame":[748.137,246.757,39.45,-0.822,0.56,-0.099,0,0.174,0.985,0.569,0.81,-0.143],"_shiftlockState":true,"_pose":"FreeFall","_animationQueue":[],"_animationSpeed":1,"_zoom":16.125},{"_mousePosition":[683,384],"_rootPartCFrame":[750.934,229.545,40.881,-0.891,0,-0.455,0,1,0,0.455,0,-0.891],"_humanoidState":5,"_cameraCFrame":[747.86,246.925,39.675,-0.803,0.587,-0.103,0,0.174,0.985,0.596,0.791,-0.139],"_shiftlockState":true,"_pose":"FreeFall","_animationQueue":[],"_animationSpeed":1,"_zoom":16.125},{"_mousePosition":[683,384],"_rootPartCFrame":[750.71,229.658,41.026,-0.875,0,-0.484,0,1,0,0.484,0,-0.875],"_humanoidState":5,"_cameraCFrame":[747.512,247.033,40.106,-0.741,0.661,-0.118,0,0.176,0.984,0.672,0.729,-0.13],"_shiftlockState":true,"_pose":"FreeFall","_animationQueue":[],"_animationSpeed":1,"_zoom":16.125},{"_mousePosition":[683,384],"_rootPartCFrame":[750.495,229.717,41.184,-0.823,0,-0.568,0,1,0,0.568,0,-0.823],"_humanoidState":5,"_cameraCFrame":[747.243,247.092,40.475,-0.695,0.708,-0.126,0,0.176,0.984,0.719,0.684,-0.122],"_shiftlockState":true,"_pose":"FreeFall","_animationQueue":[],"_animationSpeed":1,"_zoom":16.125},{"_mousePosition":[683,384],"_rootPartCFrame":[750.293,229.722,41.358,-0.784,0,-0.62,0,1,0,0.62,0,-0.784],"_humanoidState":5,"_cameraCFrame":[747.006,247.096,40.84,-0.652,0.747,-0.133,0,0.176,0.984,0.758,0.642,-0.114],"_shiftlockState":true,"_pose":"FreeFall","_animationQueue":[],"_animationSpeed":1,"_zoom":16.125},{"_mousePosition":[683,384],"_rootPartCFrame":[750.106,229.672,41.547,-0.747,0,-0.665,0,1,0,0.665,0,-0.747],"_humanoidState":5,"_cameraCFrame":[746.793,247.046,41.23,-0.605,0.784,-0.14,0,0.176,0.984,0.797,0.595,-0.106],"_shiftlockState":true,"_pose":"FreeFall","_animationQueue":[],"_animationSpeed":1,"_zoom":16.125},{"_mousePosition":[683,384],"_rootPartCFrame":[749.93,229.567,41.748,-0.705,0,-0.709,0,1,0,0.709,0,-0.705],"_humanoidState":5,"_cameraCFrame":[746.63,246.947,41.633,-0.559,0.816,-0.144,0,0.174,0.985,0.829,0.551,-0.097],"_shiftlockState":true,"_pose":"FreeFall","_animationQueue":[],"_animationSpeed":1,"_zoom":16.125},{"_mousePosition":[683,384],"_rootPartCFrame":[749.767,229.408,41.959,-0.665,0,-0.747,0,1,0,0.747,0,-0.665],"_humanoidState":5,"_cameraCFrame":[746.466,246.788,42.019,-0.514,0.844,-0.149,0,0.174,0.985,0.857,0.507,-0.089],"_shiftlockState":true,"_pose":"FreeFall","_animationQueue":[],"_animationSpeed":1,"_zoom":16.125},{"_mousePosition":[683,384],"_rootPartCFrame":[749.616,229.195,42.179,-0.624,0,-0.782,0,1,0,0.782,0,-0.624],"_humanoidState":5,"_cameraCFrame":[746.32,246.575,42.38,-0.477,0.865,-0.153,0,0.174,0.985,0.879,0.47,-0.083],"_shiftlockState":true,"_pose":"FreeFall","_animationQueue":[["fall",0.3]],"_animationSpeed":1,"_zoom":16.125},{"_mousePosition":[683,384],"_rootPartCFrame":[749.477,228.927,42.406,-0.59,0,-0.808,0,1,0,0.808,0,-0.59],"_humanoidState":5,"_cameraCFrame":[746.191,246.307,42.733,-0.443,0.883,-0.156,0,0.174,0.985,0.896,0.437,-0.077],"_shiftlockState":true,"_pose":"FreeFall","_animationQueue":[],"_animationSpeed":1,"_zoom":16.125},{"_mousePosition":[683,384],"_rootPartCFrame":[749.348,228.604,42.64,-0.559,0,-0.829,0,1,0,0.829,0,-0.559],"_humanoidState":5,"_cameraCFrame":[746.073,245.985,43.058,-0.418,0.894,-0.158,0,0.174,0.985,0.908,0.412,-0.073],"_shiftlockState":true,"_pose":"FreeFall","_animationQueue":[],"_animationSpeed":1,"_zoom":16.125},{"_mousePosition":[683,384],"_rootPartCFrame":[749.229,228.228,42.878,-0.535,0,-0.845,0,1,0,0.845,0,-0.535],"_humanoidState":5,"_cameraCFrame":[745.961,245.608,43.354,-0.402,0.902,-0.159,0,0.174,0.985,0.916,0.396,-0.07],"_shiftlockState":true,"_pose":"FreeFall","_animationQueue":[],"_animationSpeed":1,"_zoom":16.125},{"_mousePosition":[683,384],"_rootPartCFrame":[749.116,227.796,43.12,-0.52,0,-0.854,0,1,0,0.854,0,-0.52],"_humanoidState":5,"_cameraCFrame":[745.849,245.176,43.596,-0.402,0.902,-0.159,0,0.174,0.985,0.916,0.396,-0.07],"_shiftlockState":true,"_pose":"FreeFall","_animationQueue":[],"_animationSpeed":1,"_zoom":16.125},{"_mousePosition":[683,384],"_rootPartCFrame":[749.008,227.31,43.363,-0.52,0,-0.854,0,1,0,0.854,0,-0.52],"_humanoidState":5,"_cameraCFrame":[745.742,244.69,43.848,-0.4,0.903,-0.159,0,0.174,0.985,0.917,0.394,-0.069],"_shiftlockState":true,"_pose":"FreeFall","_animationQueue":[],"_animationSpeed":1,"_zoom":16.125},{"_mousePosition":[683,384],"_rootPartCFrame":[748.901,226.77,43.608,-0.518,0,-0.855,0,1,0,0.855,0,-0.518],"_humanoidState":5,"_cameraCFrame":[745.627,244.15,44.034,-0.416,0.896,-0.158,0,0.174,0.985,0.909,0.41,-0.072],"_shiftlockState":true,"_pose":"FreeFall","_animationQueue":[],"_animationSpeed":1,"_zoom":16.125},{"_mousePosition":[683,384],"_rootPartCFrame":[748.794,226.175,43.852,-0.533,0,-0.846,0,1,0,0.846,0,-0.533],"_humanoidState":5,"_cameraCFrame":[745.505,243.555,44.137,-0.455,0.877,-0.155,0,0.174,0.985,0.891,0.448,-0.079],"_shiftlockState":true,"_pose":"FreeFall","_animationQueue":[["fall",0.3]],"_animationSpeed":1,"_zoom":16.125},{"_mousePosition":[683,384],"_rootPartCFrame":[748.684,225.525,44.095,-0.569,0,-0.822,0,1,0,0.822,0,-0.569],"_humanoidState":5,"_cameraCFrame":[745.383,242.905,44.18,-0.508,0.848,-0.15,0,0.174,0.985,0.861,0.5,-0.088],"_shiftlockState":true,"_pose":"FreeFall","_animationQueue":[],"_animationSpeed":1,"_zoom":16.125},{"_mousePosition":[683,384],"_rootPartCFrame":[748.564,224.821,44.333,-0.618,0,-0.786,0,1,0,0.786,0,-0.618],"_humanoidState":5,"_cameraCFrame":[745.242,242.196,44.133,-0.576,0.805,-0.144,0,0.176,0.984,0.817,0.567,-0.101],"_shiftlockState":true,"_pose":"FreeFall","_animationQueue":[],"_animationSpeed":1,"_zoom":16.125},{"_mousePosition":[683,384],"_rootPartCFrame":[748.431,224.063,44.564,-0.679,0,-0.734,0,1,0,0.734,0,-0.679],"_humanoidState":5,"_cameraCFrame":[745.143,241.437,44.046,-0.652,0.747,-0.133,0,0.176,0.984,0.758,0.642,-0.114],"_shiftlockState":true,"_pose":"FreeFall","_animationQueue":[],"_animationSpeed":1,"_zoom":16.125},{"_mousePosition":[683,384],"_rootPartCFrame":[748.281,223.25,44.784,-0.747,0,-0.665,0,1,0,0.665,0,-0.747],"_humanoidState":5,"_cameraCFrame":[745.065,240.624,43.929,-0.727,0.676,-0.121,0,0.176,0.984,0.687,0.716,-0.128],"_shiftlockState":true,"_pose":"FreeFall","_animationQueue":[],"_animationSpeed":1,"_zoom":16.125},{"_mousePosition":[683,384],"_rootPartCFrame":[748.111,222.491,44.989,-0.755,0,-0.656,0,1,0,0.656,0,-0.755],"_humanoidState":7,"_cameraCFrame":[745.009,239.865,43.781,-0.799,0.592,-0.106,0,0.176,0.984,0.602,0.786,-0.14],"_shiftlockState":true,"_pose":"FreeFall","_animationQueue":[["walk",0.1],["fall",0.3],["fall",0.3]],"_animationSpeed":1,"_zoom":16.125},{"_mousePosition":[683,384],"_rootPartCFrame":[747.92,222.451,45.175,-0.802,0,-0.598,0,1,0,0.598,0,-0.802],"_humanoidState":7,"_cameraCFrame":[744.976,239.825,43.623,-0.862,0.499,-0.089,0,0.176,0.984,0.507,0.848,-0.151],"_shiftlockState":true,"_pose":"FreeFall","_animationQueue":[],"_animationSpeed":1,"_zoom":16.125},{"_mousePosition":[683,384],"_rootPartCFrame":[747.656,222.566,45.379,-0.866,0,-0.5,0,1,0,0.5,0,-0.866],"_humanoidState":8,"_cameraCFrame":[744.92,239.946,43.53,-0.914,0.4,-0.07,0,0.174,0.985,0.406,0.9,-0.159],"_shiftlockState":true,"_pose":"Running","_animationQueue":[["fall",0.3],["walk",0.1],["fall",0.3],["walk",0.1]],"_animationSpeed":1.103,"_zoom":16.125},{"_mousePosition":[683,384],"_rootPartCFrame":[747.429,222.626,45.517,-0.917,0,-0.399,0,1,0,0.399,0,-0.917],"_humanoidState":8,"_cameraCFrame":[744.915,240.006,43.376,-0.953,0.297,-0.052,0,0.174,0.985,0.302,0.939,-0.166],"_shiftlockState":true,"_pose":"Running","_animationQueue":[],"_animationSpeed":1.103,"_zoom":16.125},{"_mousePosition":[683,384],"_rootPartCFrame":[747.187,222.66,45.63,-0.955,0,-0.295,0,1,0,0.295,0,-0.955],"_humanoidState":8,"_cameraCFrame":[744.903,240.04,43.245,-0.979,0.201,-0.035,0,0.174,0.985,0.204,0.964,-0.17],"_shiftlockState":true,"_pose":"Running","_animationQueue":[],"_animationSpeed":1.103,"_zoom":16.125},{"_mousePosition":[683,384],"_rootPartCFrame":[746.935,222.678,45.714,-0.979,0,-0.202,0,1,0,0.202,0,-0.979],"_humanoidState":8,"_cameraCFrame":[745.03,240.058,43.017,-0.998,0.055,-0.01,0,0.174,0.985,0.056,0.983,-0.173],"_shiftlockState":true,"_pose":"Running","_animationQueue":[],"_animationSpeed":1.103,"_zoom":16.125},{"_mousePosition":[683,384],"_rootPartCFrame":[746.674,222.688,45.773,-0.999,0,-0.049,0,1,0,0.049,0,-0.999],"_humanoidState":8,"_cameraCFrame":[745.016,240.068,42.917,-0.999,-0.032,0.006,0,0.174,0.985,-0.033,0.984,-0.174],"_shiftlockState":true,"_pose":"Running","_animationQueue":[],"_animationSpeed":1.103,"_zoom":16.125},{"_mousePosi