[{"_mousePosition":[875,366],"_rootPartCFrame":[776.023,222.967,47.142,0.004,0.005,1,0,1,-0.005,-1,0,0.004],"_humanoidState":8,"_cameraCFrame":[792.796,240.287,47.557,0.025,-0.686,0.727,0,0.727,0.686,-1,-0.017,0.018],"_shiftlockState":false,"_pose":"Standing","_animationQueue":[],"_animationSpeed":1,"_zoom":23.055},{"_mousePosition":[864,372],"_rootPartCFrame":[775.904,222.904,47.139,0.006,0.002,1,0,1,-0.002,-1,0,0.006],"_humanoidState":8,"_cameraCFrame":[792.673,240.224,47.554,0.025,-0.686,0.727,0,0.727,0.686,-1,-0.017,0.018],"_shiftlockState":false,"_pose":"Standing","_animationQueue":[],"_animationSpeed":1,"_zoom":23.055},{"_mousePosition":[828,400],"_rootPartCFrame":[775.776,222.842,47.136,0.007,0.001,1,0,1,-0.001,-1,0,0.007],"_humanoidState":8,"_cameraCFrame":[792.542,240.162,47.551,0.025,-0.686,0.727,0,0.727,0.686,-1,-0.017,0.018],"_shiftlockState":false,"_pose":"Running","_animationQueue":[["walk",0.1]],"_animationSpeed":0.841,"_zoom":23.055},{"_mousePosition":[809,415],"_rootPartCFrame":[775.51,222.676,47.129,0.009,0,1,0,1,0,-1,0,0.009],"_humanoidState":8,"_cameraCFrame":[792.275,239.996,47.544,0.025,-0.686,0.727,0,0.727,0.686,-1,-0.017,0.018],"_shiftlockState":false,"_pose":"Running","_animationQueue":[["walk",0.1]],"_animationSpeed":1.065,"_zoom":23.055},{"_mousePosition":[773,447],"_rootPartCFrame":[775.244,222.654,47.123,0.011,0,1,0,1,0,-1,0,0.011],"_humanoidState":8,"_cameraCFrame":[792.009,239.974,47.538,0.025,-0.686,0.727,0,0.727,0.686,-1,-0.017,0.018],"_shiftlockState":false,"_pose":"Running","_animationQueue":[],"_animationSpeed":1.065,"_zoom":23.055},{"_mousePosition":[754,467],"_rootPartCFrame":[774.977,222.67,47.116,0.013,0,1,0,1,0,-1,0,0.013],"_humanoidState":8,"_cameraCFrame":[791.743,239.99,47.531,0.025,-0.686,0.727,0,0.727,0.686,-1,-0.017,0.018],"_shiftlockState":false,"_pose":"Running","_animationQueue":[],"_animationSpeed":1.065,"_zoom":23.055},{"_mousePosition":[754,467],"_rootPartCFrame":[774.711,222.683,47.11,0.015,0,1,0,1,0,-1,0,0.015],"_humanoidState":8,"_cameraCFrame":[790.91,240.588,47.069,-0.002,-0.712,0.703,0,0.703,0.712,-1,0.002,-0.002],"_shiftlockState":false,"_pose":"Running","_animationQueue":[],"_animationSpeed":1.065,"_zoom":23.055},{"_mousePosition":[754,467],"_rootPartCFrame":[774.444,222.691,47.103,0.016,0,1,0,1,0,-1,0,0.016],"_humanoidState":8,"_cameraCFrame":[790.118,241.097,46.867,-0.015,-0.733,0.68,0,0.68,0.733,-1,0.011,-0.01],"_shiftlockState":false,"_pose":"Running","_animationQueue":[["walk",0.1]],"_animationSpeed":1.065,"_zoom":23.055},{"_mousePosition":[754,467],"_rootPartCFrame":[774.177,222.695,47.103,0.014,0,1,0,1,0,-1,0,0.014],"_humanoidState":8,"_cameraCFrame":[789.31,241.586,46.796,-0.02,-0.754,0.656,0,0.657,0.754,-1,0.015,-0.013],"_shiftlockState":false,"_pose":"Running","_animationQueue":[],"_animationSpeed":1.065,"_zoom":23.055},{"_mousePosition":[754,467],"_rootPartCFrame":[773.911,222.697,47.107,0.01,0,1,0,1,0,-1,0,0.01],"_humanoidState":8,"_cameraCFrame":[788.402,242.125,46.782,-0.022,-0.777,0.629,0,0.629,0.778,-1,0.017,-0.014],"_shiftlockState":false,"_pose":"Running","_animationQueue":[],"_animationSpeed":1.065,"_zoom":23.055},{"_mousePosition":[754,467],"_rootPartCFrame":[773.644,222.698,47.112,0.006,0,1,0,1,0,-1,0,0.006],"_humanoidState":8,"_cameraCFrame":[787.144,242.883,46.711,-0.03,-0.81,0.586,0,0.586,0.81,-1,0.024,-0.017],"_shiftlockState":false,"_pose":"Running","_animationQueue":[],"_animationSpeed":1.065,"_zoom":23.055},{"_mousePosition":[754,467],"_rootPartCFrame":[773.378,222.699,47.118,0.002,0,1,0,1,0,-1,0,0.002],"_humanoidState":8,"_cameraCFrame":[785.226,243.473,46.542,-0.049,-0.851,0.524,0,0.524,0.852,-0.999,0.041,-0.025],"_shiftlockState":false,"_pose":"Running","_animationQueue":[],"_animationSpeed":1.065,"_zoom":18.044},{"_mousePosition":[754,467],"_rootPartCFrame":[773.111,222.699,47.126,-0.002,0,1,0,1,0,-1,0,-0.002],"_humanoidState":8,"_cameraCFrame":[783.05,243.215,46.528,-0.06,-0.884,0.463,0,0.464,0.886,-0.998,0.053,-0.028],"_shiftlockState":false,"_pose":"Running","_animationQueue":[],"_animationSpeed":1.065,"_zoom":14.035},{"_mousePosition":[754,467],"_rootPartCFrame":[772.845,222.699,47.138,-0.008,0,1,0,1,0,-1,0,-0.008],"_humanoidState":8,"_cameraCFrame":[781.369,242.172,46.599,-0.063,-0.901,0.428,0,0.429,0.903,-0.998,0.057,-0.027],"_shiftlockState":false,"_pose":"Running","_animationQueue":[],"_animationSpeed":1.065,"_zoom":10.828},{"_mousePosition":[754,467],"_rootPartCFrame":[772.578,222.7,47.154,-0.015,0,1,0,1,0,-1,0,-0.015],"_humanoidState":8,"_cameraCFrame":[779.835,240.575,46.702,-0.062,-0.912,0.405,0,0.406,0.914,-0.998,0.057,-0.025],"_shiftlockState":false,"_pose":"Running","_animationQueue":[["walk",0.1]],"_animationSpeed":1.065,"_zoom":10.828},{"_mousePosition":[754,467],"_rootPartCFrame":[772.312,222.7,47.171,-0.021,0,1,0,1,0,-1,0,-0.021],"_humanoidState":8,"_cameraCFrame":[778.533,238.966,46.81,-0.058,-0.92,0.388,0,0.389,0.921,-0.998,0.053,-0.023],"_shiftlockState":false,"_pose":"Running","_animationQueue":[],"_animationSpeed":1.065,"_zoom":8.263},{"_mousePosition":[754,467],"_rootPartCFrame":[772.046,222.7,47.187,-0.027,0,1,0,1,0,-1,0,-0.027],"_humanoidState":8,"_cameraCFrame":[777.263,237.22,46.912,-0.053,-0.927,0.372,0,0.372,0.928,-0.999,0.049,-0.02],"_shiftlockState":false,"_pose":"Running","_animationQueue":[],"_animationSpeed":1.065,"_zoom":8.263},{"_mousePosition":[754,467],"_rootPartCFrame":[771.78,222.7,47.203,-0.031,0,1,0,1,0,-1,0,-0.031],"_humanoidState":8,"_cameraCFrame":[776.308,235.906,46.992,-0.046,-0.932,0.361,0,0.361,0.933,-0.999,0.043,-0.017],"_shiftlockState":false,"_pose":"Running","_animationQueue":[],"_animationSpeed":1.065,"_zoom":8.263},{"_mousePosition":[754,467],"_rootPartCFrame":[771.514,222.7,47.217,-0.034,0,0.999,0,1,0,-0.999,0,-0.034],"_humanoidState":8,"_cameraCFrame":[775.408,234.767,47.073,-0.037,-0.938,0.346,0,0.346,0.938,-0.999,0.035,-0.013],"_shiftlockState":false,"_pose":"Running","_animationQueue":[],"_animationSpeed":1.065,"_zoom":8.263},{"_mousePosition":[754,467],"_rootPartCFrame":[771.181,223.783,47.235,-0.038,0,0.999,0,1,0,-0.999,0,-0.038],"_humanoidState":3,"_cameraCFrame":[774.702,235.127,47.13,-0.03,-0.941,0.337,0,0.337,0.942,-1,0.028,-0.01],"_shiftlockState":false,"_pose":"Jumping","_animationQueue":[["walk",0.1],["jump",0.1]],"_animationSpeed":1,"_zoom":8.263},{"_mousePosition":[754,467],"_rootPartCFrame":[770.981,224.395,47.243,-0.039,0,0.999,0,1,0,-0.999,0,-0.039],"_humanoidState":5,"_cameraCFrame":[774.171,235.139,47.175,-0.021,-0.945,0.326,0,0.326,0.945,-1,0.02,-0.007],"_shiftlockState":false,"_pose":"FreeFall","_animationQueue":[["jump",0.1]],"_animationSpeed":1,"_zoom":8.263},{"_mousePosition":[754,467],"_rootPartCFrame":[770.714,225.162,47.251,-0.038,0,0.999,0,1,0,-0.999,0,-0.038],"_humanoidState":5,"_cameraCFrame":[773.649,235.487,47.213,-0.013,-0.949,0.316,0,0.316,0.949,-1,0.012,-0.004],"_shiftlockState":false,"_pose":"FreeFall","_animationQueue":[],"_animationSpeed":1,"_zoom":8.263},{"_mousePosition":[754,467],"_rootPartCFrame":[770.448,225.875,47.257,-0.036,0,0.999,0,1,0,-0.999,0,-0.036],"_humanoidState":5,"_cameraCFrame":[773.172,235.934,47.244,-0.005,-0.953,0.303,0,0.303,0.953,-1,0.004,-0.001],"_shiftlockState":false,"_pose":"FreeFall","_animationQueue":[],"_animationSpeed":1,"_zoom":8.263},{"_mousePosition":[754,467],"_rootPartCFrame":[770.181,226.534,47.261,-0.033,0,0.999,0,1,0,-0.999,0,-0.033],"_humanoidState":5,"_cameraCFrame":[772.705,236.399,45.523,0.005,-0.958,0.288,0,0.288,0.958,-1,-0.005,0.001],"_shiftlockState":true,"_pose":"FreeFall","_animationQueue":[],"_animationSpeed":1,"_zoom":8.263},{"_mousePosition":[683,384],"_rootPartCFrame":[769.915,227.138,47.262,0.005,0,1,0,1,0,-1,0,0.005],"_humanoidState":5,"_cameraCFrame":[772.393,236.853,45.524,0.005,-0.958,0.288,0,0.288,0.958,-1,-0.005,0.001],"_shiftlockState":true,"_pose":"FreeFall","_animationQueue":[],"_animationSpeed":1,"_zoom":8.263},{"_mousePosition":[683,384],"_rootPartCFrame":[769.648,227.687,47.261,0.005,0,1,0,1,0,-1,0,0.005],"_humanoidState":5,"_cameraCFrame":[772.019,237.336,45.53,0.008,-0.961,0.278,0,0.278,0.961,-1,-0.008,0.002],"_shiftlockState":true,"_pose":"FreeFall","_animationQueue":[],"_animationSpeed":1,"_zoom":8.263},{"_mousePosition":[683,384],"_rootPartCFrame":[769.381,228.182,47.26,0.008,0,1,0,1,0,-1,0,0.008],"_humanoidState":5,"_cameraCFrame":[771.633,237.784,45.547,0.016,-0.964,0.265,0,0.265,0.964,-1,-0.016,0.004],"_shiftlockState":true,"_pose":"FreeFall","_animationQueue":[],"_animationSpeed":1,"_zoom":8.263},{"_mousePosition":[683,384],"_rootPartCFrame":[769.115,228.623,47.258,0.015,0,1,0,1,0,-1,0,0.015],"_humanoidState":5,"_cameraCFrame":[771.292,238.204,45.561,0.025,-0.967,0.255,0,0.255,0.967,-1,-0.024,0.006],"_shiftlockState":true,"_pose":"FreeFall","_animationQueue":[],"_animationSpeed":1,"_zoom":8.263},{"_mousePosition":[683,384],"_rootPartCFrame":[768.848,229.009,47.254,0.024,0,1,0,1,0,-1,0,0.024],"_humanoidState":5,"_cameraCFrame":[770.948,238.58,45.575,0.034,-0.969,0.245,0,0.245,0.969,-0.999,-0.033,0.008],"_shiftlockState":true,"_pose":"FreeFall","_animationQueue":[],"_animationSpeed":1,"_zoom":8.263},{"_mousePosition":[683,384],"_rootPartCFrame":[768.582,229.34,47.248,0.033,0,0.999,0,1,0,-0.999,0,0.033],"_humanoidState":5,"_cameraCFrame":[770.64,238.903,45.578,0.039,-0.97,0.24,0,0.24,0.971,-0.999,-0.038,0.009],"_shiftlockState":true,"_pose":"FreeFall","_animationQueue":[],"_animationSpeed":1,"_zoom":8.263},{"_mousePosition":[683,384],"_rootPartCFrame":[768.315,229.617,47.239,0.039,0,0.999,0,1,0,-0.999,0,0.039],"_humanoidState":5,"_cameraCFrame":[770.342,239.174,45.574,0.043,-0.971,0.236,0,0.236,0.972,-0.999,-0.041,0.01],"_shiftlockState":true,"_pose":"FreeFall","_animationQueue":[],"_animationSpeed":1,"_zoom":8.263},{"_mousePosition":[683,384],"_rootPartCFrame":[768.049,229.84,47.229,0.042,0,0.999,0,1,0,-0.999,0,0.042],"_humanoidState":5,"_cameraCFrame":[770.05,239.393,45.564,0.044,-0.972,0.232,0,0.233,0.973,-0.999,-0.042,0.01],"_shiftlockState":true,"_pose":"FreeFall","_animationQueue":[],"_animationSpeed":1,"_zoom":8.263},{"_mousePosition":[683,384],"_rootPartCFrame":[767.782,230.008,47.217,0.043,0,0.999,0,1,0,-0.999,0,0.043],"_humanoidState":5,"_cameraCFrame":[769.772,239.558,45.557,0.046,-0.972,0.231,0,0.231,0.973,-0.999,-0.044,0.011],"_shiftlockState":true,"_pose":"FreeFall","_animationQueue":[],"_animationSpeed":1,"_zoom":8.263},{"_mousePosition":[683,384],"_rootPartCFrame":[767.516,230.122,47.206,0.045,0,0.999,0,1,0,-0.999,0,0.045],"_humanoidState":5,"_cameraCFrame":[769.494,239.671,45.547,0.047,-0.972,0.229,0,0.23,0.973,-0.999,-0.045,0.011],"_shiftlockState":true,"_pose":"FreeFall","_animationQueue":[],"_animationSpeed":1,"_zoom":8.263},{"_mousePosition":[683,384],"_rootPartCFrame":[767.25,230.181,47.194,0.047,0,0.999,0,1,0,-0.999,0,0.047],"_humanoidState":5,"_cameraCFrame":[769.214,239.731,45.534,0.047,-0.973,0.228,0,0.228,0.974,-0.999,-0.045,0.011],"_shiftlockState":true,"_pose":"FreeFall","_animationQueue":[["fall",0.3]],"_animationSpeed":1,"_zoom":8.263},{"_mousePosition":[683,384],"_rootPartCFrame":[766.983,230.185,47.181,0.047,0,0.999,0,1,0,-0.999,0,0.047],"_humanoidState":5,"_cameraCFrame":[768.934,239.736,45.521,0.047,-0.973,0.226,0,0.226,0.974,-0.999,-0.046,0.011],"_shiftlockState":true,"_pose":"FreeFall","_animationQueue":[],"_animationSpeed":1,"_zoom":8.263},{"_mousePosition":[683,384],"_rootPartCFrame":[766.717,230.135,47.169,0.047,0,0.999,0,1,0,-0.999,0,0.047],"_humanoidState":5,"_cameraCFrame":[768.651,239.688,45.504,0.045,-0.973,0.225,0,0.225,0.974,-0.999,-0.043,0.01],"_shiftlockState":true,"_pose":"FreeFall","_animationQueue":[],"_animationSpeed":1,"_zoom":8.263},{"_mousePosition":[683,384],"_rootPartCFrame":[766.451,230.031,47.156,0.045,0,0.999,0,1,0,-0.999,0,0.045],"_humanoidState":5,"_cameraCFrame":[768.366,239.586,45.485,0.041,-0.974,0.223,0,0.223,0.975,-0.999,-0.04,0.009],"_shiftlockState":true,"_pose":"FreeFall","_animationQueue":[],"_animationSpeed":1,"_zoom":8.263},{"_mousePosition":[683,384],"_rootPartCFrame":[766.184,229.872,47.144,0.042,0,0.999,0,1,0,-0.999,0,0.042],"_humanoidState":5,"_cameraCFrame":[768.066,239.431,45.456,0.033,-0.975,0.221,0,0.221,0.975,-0.999,-0.032,0.007],"_shiftlockState":true,"_pose":"FreeFall","_animationQueue":[],"_animationSpeed":1,"_zoom":8.263},{"_mousePosition":[683,384],"_rootPartCFrame":[765.918,229.658,47.133,0.034,0,0.999,0,1,0,-0.999,0,0.034],"_humanoidState":5,"_cameraCFrame":[767.779,239.219,45.429,0.025,-0.975,0.22,0,0.22,0.975,-1,-0.024,0.005],"_shiftlockState":true,"_pose":"FreeFall","_animationQueue":[],"_animationSpeed":1,"_zoom":8.263},{"_mousePosition":[683,384],"_rootPartCFrame":[765.651,229.39,47.124,0.026,0,1,0,1,0,-1,0,0.026],"_humanoidState":5,"_cameraCFrame":[767.473,238.955,45.398,0.013,-0.976,0.218,0,0.218,0.976,-1,-0.013,0.003],"_shiftlockState":true,"_pose":"FreeFall","_animationQueue":[],"_animationSpeed":1,"_zoom":8.263},{"_mousePosition":[683,384],"_rootPartCFrame":[765.385,229.068,47.117,0.015,0,1,0,1,0,-1,0,0.015],"_humanoidState":5,"_cameraCFrame":[767.186,238.634,45.376,0.005,-0.976,0.217,0,0.217,0.976,-1,-0.005,0.001],"_shiftlockState":true,"_pose":"FreeFall","_animationQueue":[["fall",0.3]],"_animationSpeed":1,"_zoom":8.263},{"_mousePosition":[683,384],"_rootPartCFrame":[765.118,228.691,47.113,0.006,0,1,0,1,0,-1,0,0.006],"_humanoidState":5,"_cameraCFrame":[766.896,238.258,45.355,-0.005,-0.976,0.216,0,0.216,0.976,-1,0.004,-0.001],"_shiftlockState":true,"_pose":"FreeFall","_animationQueue":[],"_animationSpeed":1,"_zoom":8.263},{"_mousePosition":[683,384],"_rootPartCFrame":[764.851,228.259,47.112,-0.003,0,1,0,1,0,-1,0,-0.003],"_humanoidState":5,"_cameraCFrame":[766.612,237.828,45.342,-0.011,-0.976,0.215,0,0.215,0.977,-1,0.011,-0.002],"_shiftlockState":true,"_pose":"FreeFall","_animationQueue":[],"_animationSpeed":1,"_zoom":8.263},{"_mousePosition":[683,384],"_rootPartCFrame":[764.585,227.773,47.112,-0.01,0,1,0,1,0,-1,0,-0.01],"_humanoidState":5,"_cameraCFrame":[766.334,237.342,45.332,-0.017,-0.976,0.215,0,0.215,0.977,-1,0.017,-0.004],"_shiftlockState":true,"_pose":"FreeFall","_animationQueue":[],"_animationSpeed":1,"_zoom":8.263},{"_mousePosition":[683,384],"_rootPartCFrame":[764.318,227.233,47.115,-0.016,0,1,0,1,0,-1,0,-0.016],"_humanoidState":5,"_cameraCFrame":[766.064,236.801,45.331,-0.019,-0.976,0.215,0,0.215,0.977,-1,0.019,-0.004],"_shiftlockState":true,"_pose":"FreeFall","_animationQueue":[],"_animationSpeed":1,"_zoom":8.263},{"_mousePosition":[683,384],"_rootPartCFrame":[764.052,226.638,47.119,-0.019,0,1,0,1,0,-1,0,-0.019],"_humanoidState":5,"_cameraCFrame":[765.797,236.206,45.335,-0.019,-0.976,0.215,0,0.215,0.977,-1,0.019,-0.004],"_shiftlockState":true,"_pose":"FreeFall","_animationQueue":[],"_animationSpeed":1,"_zoom":8.263},{"_mousePosition":[683,384],"_rootPartCFrame":[763.785,225.988,47.124,-0.019,0,1,0,1,0,-1,0,-0.019],"_humanoidState":5,"_cameraCFrame":[765.554,235.553,45.344,-0.017,-0.976,0.218,0,0.218,0.976,-1,0.017,-0.004],"_shiftlockState":true,"_pose":"FreeFall","_animationQueue":[],"_animationSpeed":1,"_zoom":8.263},{"_mousePosition":[683,384],"_rootPartCFrame":[763.527,225.284,47.106,0.055,0,0.998,0,1,0,-0.998,0,0.055],"_humanoidState":5,"_cameraCFrame":[765.383,234.837,45.362,0.003,-0.975,0.224,0,0.224,0.975,-1,-0.003,0.001],"_shiftlockState":true,"_pose":"FreeFall","_animationQueue":[["fall",0.3]],"_animationSpeed":1,"_zoom":8.263},{"_mousePosition":[683,384],"_rootPartCFrame":[763.284,224.526,47.051,0.102,0,0.995,0,1,0,-0.995,0,0.102],"_humanoidState":5,"_cameraCFrame":[765.277,234.065,45.397,0.049,-0.972,0.231,0,0.231,0.973,-0.999,-0.047,0.011],"_shiftlockState":true,"_pose":"FreeFall","_animationQueue":[],"_animationSpeed":1,"_zoom":8.263},{"_mousePosition":[683,384],"_rootPartCFrame":[763.056,223.713,46.96,0.148,0,0.989,0,1,0,-0.989,0,0.148],"_humanoidState":5,"_cameraCFrame":[765.247,233.239,45.507,0.143,-0.961,0.235,0,0.237,0.971,-0.99,-0.139,0.034],"_shiftlockState":true,"_pose":"FreeFall","_animationQueue":[],"_animationSpeed":1,"_zoom":8.263},{"_mousePosition":[683,384],"_rootPartCFrame":[762.844,222.845,46.832,0.235,0,0.972,0,1,0,-0.972,0,0.235],"_humanoidState":5,"_cameraCFrame":[765.161,232.372,45.589,0.234,-0.944,0.231,0,0.237,0.971,-0.972,-0.227,0.056],"_shiftlockState":true,"_pose":"FreeFall","_animationQueue":[],"_animationSpeed":1,"_zoom":8.263},{"_mousePosition":[683,384],"_rootPartCFrame":[762.678,222.903,46.629,0.262,0,0.965,0,1,0,-0.965,0,0.262],"_humanoidState":7,"_cameraCFrame":[765.048,232.434,45.527,0.294,-0.929,0.225,0,0.235,0.972,-0.956,-0.285,0.069],"_shiftlockState":true,"_pose":"FreeFall","_animationQueue":[["walk",0.1],["fall",0.3],["fall",0.3]],"_animationSpeed":1,"_zoom":8.263},{"_mousePosition":[683,384],"_rootPartCFrame":[762.535,223.232,46.404,0.297,0,0.955,0,1,0,-0.955,0,0.297],"_humanoidState":7,"_cameraCFrame":[764.89,232.77,45.314,0.302,-0.927,0.221,0,0.232,0.973,-0.953,-0.293,0.07],"_shiftlockState":true,"_pose":"FreeFall","_animationQueue":[],"_animationSpeed":1,"_zoom":8.263},{"_mousePosition":[683,384],"_rootPartCFrame":[762.408,223.463,46.17,0.302,0,0.953,0,1,0,-0.953,0,0.302],"_humanoidState":8,"_cameraCFrame":[764.685,233.009,44.986,0.268,-0.938,0.219,0,0.227,0.974,-0.964,-0.261,0.061],"_shiftlockState":true,"_pose":"Running","_animationQueue":[["walk",0.1],["fall",0.3],["walk",0.1]],"_animationSpeed":1.103,"_zoom":8.263},{"_mousePosition":[683,384],"_rootPartCFrame":[762.425,223.623,45.86,0.268,0,0.964,0,1,0,-0.964,0,0.268],"_humanoidState":8,"_cameraCFrame":[764.594,233.178,44.543,0.214,-0.952,0.217,0,0.222,0.975,-0.977,-0.208,0.048],"_shiftlockState":true,"_pose":"Running","_animationQueue":[["walk",0.1]],"_animationSpeed":1.103,"_zoom":8.263},{"_mousePosition":[683,384],"_rootPartCFrame":[762.479,223.674,45.667,0.214,0,0.977,0,1,0,-0.977,0,0.214],"_humanoidState":8,"_cameraCFrame":[764.474,233.237,44.138,0.116,-0.969,0.217,0,0.219,0.976,-0.993,-0.113,0.025],"_shiftlockState":true,"_pose":"Running","_animationQueue":[],"_animationSpeed":1.103,"_zoom":8.263},{"_mousePosition":[683,384],"_rootPartCFrame":[762.538,223.695,45.407,0.116,0,0.993,0,1,0,-0.993,0,0.116],"_humanoidState":8,"_cameraCFrame":[764.34,233.262,43.674,0.009,-0.976,0.216,0,0.216,0.976,-1,-0.009,0.002],"_shiftlockState":true,"_pose":"Running","_animationQueue":[],"_animationSpeed":1.103,"_zoom":8.263},{"_mousePosition":[683,384],"_rootPartCFrame":[762.61,224.765,45.082,0.009,0,1,0,1,0,-1,0,0.009],"_humanoidState":3,"_cameraCFrame":[764.202,234.332,43.154,-0.105,-0.971,0.215,0,0.216,0.976,-0.994,0.102,-0.023],"_shiftlockState":true,"_pose":"Jumping","_animationQueue":[["walk",0.1],["jump",0.1]],"_animationSpeed":1,"_zoom":8.263},{"_mousePosition":[683,384],"_rootPartCFrame":[762.638,225.366,44.885,-0.042,0,0.999,0,1,0,-0.999,0,-0.042],"_humanoidState":5,"_cameraCFrame":[763.995,234.929,42.768,-0.229,-0.95,0.213,0,0.219,0.976,-0.973,0.223,-0.05],"_shiftlockState":true,"_pose":"FreeFall","_animationQueue":[["jump",0.1]],"_animationSpeed":1,"_zoom":8.263},{"_mousePosition":[683,384],"_rootPartCFrame":[762.641,226.12,44.62,-0.105,0,0.994,0,1,0,-0.994,0,-0.105],"_humanoidState":5,"_cameraCFrame":[763.728,235.676,42.328,-0.359,-0.91,0.208,0,0.222,0.975,-0.933,0.35,-0.08],"_shiftlockState":true,"_pose":"FreeFall","_animationQueue":[],"_animationSpeed":1,"_zoom":8.263},{"_mousePosition":[683,384],"_rootPartCFrame":[762.604,226.82,44.358,-0.232,0,0.973,0,1,0,-0.973,0,-0.232],"_humanoidState":5,"_cameraCFrame":[763.425,236.372,41.947,-0.466,-0.862,0.198,0,0.224,0.975,-0.885,0.455,-0.104],"_shiftlockState":true,"_pose":"FreeFall","_animationQueue":[],"_animationSpeed":1,"_zoom":8.263},{"_mousePosition":[683,384],"_rootPartCFrame":[762.528,227.465,44.104,-0.345,0,0.939,0,1,0,-0.939,0,-0.345],"_humanoidState":5,"_cameraCFrame":[763.067,237.013,41.6,-0.57,-0.8,0.186,0,0.226,0.974,-0.822,0.555,-0.129],"_shiftlockState":true,"_pose":"FreeFall","_animationQueue":[],"_animationSpeed":1,"_zoom":8.263},{"_mousePosition":[683,384],"_rootPartCFrame":[762.386,228.194,43.804,-0.426,0,0.905,0,1,0,-0.905,0,-0.426],"_humanoidState":5,"_cameraCFrame":[762.72,237.736,41.245,-0.641,-0.747,0.176,0,0.23,0.973,-0.768,0.624,-0.147],"_shiftlockState":true,"_pose":"FreeFall","_animationQueue":[],"_animationSpeed":1,"_zoom":8.263},{"_mousePosition":[683,384],"_rootPartCFrame":[762.281,228.591,43.634,-0.561,0,0.828,0,1,0,-0.828,0,-0.561],"_humanoidState":5,"_cameraCFrame":[762.428,238.12,41.019,-0.705,-0.689,0.167,0,0.236,0.972,-0.709,0.685,-0.166],"_shiftlockState":true,"_pose":"FreeFall","_animationQueue":[],"_animationSpeed":1,"_zoom":8.263},{"_mousePosition":[683,384],"_rootPartCFrame":[762.117,229.072,43.424,-0.605,0,0.796,0,1,0,-0.796,0,-0.605],"_humanoidState":5,"_cameraCFrame":[762.127,238.587,40.762,-0.751,-0.64,0.16,0,0.243,0.97,-0.66,0.729,-0.182],"_shiftlockState":true,"_pose":"FreeFall","_animationQueue":[],"_animationSpeed":1,"_zoom":8.263},{"_mousePosition":[683,384],"_rootPartCFrame":[761.933,229.499,43.231,-0.657,0,0.754,0,1,0,-0.754,0,-0.657],"_humanoidState":5,"_cameraCFrame":[761.796,239.001,40.533,-0.794,-0.589,0.152,0,0.249,0.968,-0.608,0.769,-0.198],"_shiftlockState":true,"_pose":"FreeFall","_animationQueue":[],"_animationSpeed":1,"_zoom":8.263},{"_mousePosition":[683,384],"_rootPartCFrame":[761.736,229.872,43.065,-0.715,0,0.699,0,1,0,-0.699,0,-0.715],"_humanoidState":5,"_cameraCFrame":[761.485,239.36,40.336,-0.825,-0.546,0.144,0,0.255,0.967,-0.565,0.798,-0.211],"_shiftlockState":true,"_pose":"FreeFall","_animationQueue":[],"_animationSpeed":1,"_zoom":8.263},{"_mousePosition":[683,384],"_rootPartCFrame":[761.527,230.189,42.936,-0.756,0,0.655,0,1,0,-0.655,0,-0.756],"_humanoidState":5,"_cameraCFrame":[761.164,239.67,40.194,-0.851,-0.508,0.136,0,0.259,0.966,-0.526,0.822,-0.221],"_shiftlockState":true,"_pose":"FreeFall","_animationQueue":[],"_animationSpeed":1,"_zoom":8.263},{"_mousePosition":[683,384],"_rootPartCFrame":[761.306,230.453,42.845,-0.787,0,0.617,0,1,0,-0.617,0,-0.787],"_humanoidState":5,"_cameraCFrame":[760.844,239.926,40.098,-0.871,-0.473,0.129,0,0.262,0.965,-0.491,0.841,-0.229],"_shiftlockState":true,"_pose":"FreeFall","_animationQueue":[],"_animationSpeed":1,"_zoom":8.263},{"_mousePosition":[683,384],"_rootPartCFrame":[761.074,230.662,42.793,-0.812,0,0.584,0,1,0,-0.584,0,-0.812],"_humanoidState":5,"_cameraCFrame":[760.527,240.126,40.036,-0.889,-0.442,0.122,0,0.266,0.964,-0.458,0.857,-0.237],"_shiftlockState":true,"_pose":"FreeFall","_animationQueue":[],"_animationSpeed":1,"_zoom":8.263},{"_mousePosition":[683,384],"_rootPartCFrame":[760.835,230.816,42.779,-0.833,0,0.553,0,1,0,-0.553,0,-0.833],"_humanoidState":5,"_cameraCFrame":[760.206,240.272,40.013,-0.904,-0.411,0.115,0,0.27,0.963,-0.427,0.87,-0.244],"_shiftlockState":true,"_pose":"FreeFall","_animationQueue":[],"_animationSpeed":1,"_zoom":8.263},{"_mousePosition":[683,384],"_rootPartCFrame":[760.588,230.916,42.804,-0.852,0,0.523,0,1,0,-0.523,0,-0.852],"_humanoidState":5,"_cameraCFrame":[759.901,240.364,40.032,-0.915,-0.389,0.111,0,0.273,0.962,-0.404,0.88,-0.25],"_shiftlockState":true,"_pose":"FreeFall","_animationQueue":[],"_animationSpeed":1,"_zoom":8.263},{"_mousePosition":[683,384],"_rootPartCFrame":[760.339,230.961,42.869,-0.865,0,0.501,0,1,0,-0.501,0,-0.865],"_humanoidState":5,"_cameraCFrame":[759.628,240.408,40.098,-0.918,-0.381,0.108,0,0.274,0.962,-0.396,0.883,-0.252],"_shiftlockState":true,"_pose":"FreeFall","_animationQueue":[],"_animationSpeed":1,"_zoom":8.263},{"_mousePosition":[683,384],"_rootPartCFrame":[760.09,230.952,42.963,-0.871,0,0.491,0,1,0,-0.491,0,-0.871],"_humanoidState":5,"_cameraCFrame":[759.376,240.397,40.187,-0.919,-0.379,0.108,0,0.275,0.962,-0.394,0.884,-0.253],"_shiftlockState":true,"_pose":"FreeFall","_animationQueue":[],"_animationSpeed":1,"_zoom":8.263},{"_mousePosition":[683,384],"_rootPartCFrame":[759.842,230.889,43.061,-0.873,0,0.488,0,1,0,-0.488,0,-0.873],"_humanoidState":5,"_cameraCFrame":[759.118,240.331,40.282,-0.921,-0.375,0.107,0,0.276,0.961,-0.39,0.885,-0.254],"_shiftlockState":true,"_pose":"FreeFall","_animationQueue":[["fall",0.3]],"_animationSpeed":1,"_zoom":8.263},{"_mousePosition":[683,384],"_rootPartCFrame":[759.697,231.029,43.059,-0.941,-0.003,0.338,0.001,1,0.011,-0.338,0.011,-0.941],"_humanoidState":12,"_cameraCFrame":[758.919,240.469,40.305,-0.928,-0.358,0.103,0,0.276,0.961,-0.373,0.892,-0.256],"_shiftlockState":true,"_pose":"Climbing","_animationQueue":[["walk",0.1],["fall",0.3],["climb",0.1]],"_animationSpeed":-0.42,"_zoom":8.263},{"_mousePosition":[683,384],"_rootPartCFrame":[759.619,231.214,43.031,-0.934,-0.001,0.358,0,1,0.004,-0.358,0.004,-0.934],"_humanoidState":12,"_cameraCFrame":[758.737,240.648,40.277,-0.943,-0.32,0.093,0,0.279,0.96,-0.333,0.905,-0.263],"_shiftlockState":true,"_pose":"Climbing","_animationQueue":[["climb",0.1]],"_animationSpeed":0.894,"_zoom":8.263},{"_mousePosition":[683,384],"_rootPartCFrame":[759.578,231.401,43.016,-0.943,0,0.332,0,1,0,-0.332,0,-0.943],"_humanoidState":12,"_cameraCFrame":[758.495,240.829,40.313,-0.965,-0.25,0.073,0,0.282,0.959,-0.26,0.926,-0.272],"_shiftlockState":true,"_pose":"Climbing","_animationQueue":[],"_animationSpeed":0.894,"_zoom":8.263},{"_mousePosition":[683,384],"_rootPartCFrame":[759.57,231.587,43.014,-0.989,0,0.147,0,1,-0.001,-0.147,-0.001,-0.989],"_humanoidState":12,"_cameraCFrame":[758.122,241.006,40.457,-0.992,-0.117,0.035,0,0.285,0.958,-0.122,0.951,-0.283],"_shiftlockState":true,"_pose":"Climbing","_animationQueue":[],"_animationSpeed":0.894,"_zoom":8.263},{"_mousePosition":[683,384],"_rootPartCFrame":[759.57,231.68,43.014,-0.992,0,0.122,0,1,-0.001,-0.122,-0.001,-0.992],"_humanoidState":12,"_cameraCFrame":[758.07,241.096,40.476,-0.995,-0.097,0.029,0,0.287,0.958,-0.102,0.953,-0.286],"_shiftlockState":true,"_pose":"Climbing","_animationQueue":[],"_animationSpeed":0.894,"_zoom":8.263},{"_mousePosition":[683,384],"_rootPartCFrame":[759.57,231.82,43.014,-0.995,0,0.102,0,1,0,-0.102,0,-0.995],"_humanoidState":12,"_cameraCFrame":[758.011,241.23,40.494,-0.997,-0.074,0.022,0,0.289,0.957,-0.078,0.954,-0.288],"_shiftlockState":true,"_pose":"Climbing","_animationQueue":[],"_animationSpeed":0.894,"_zoom":8.263},{"_mousePosition":[683,384],"_rootPartCFrame":[759.57,232.054,43.014,-0.997,0,0.078,0,1,0,-0.078,0,-0.997],"_humanoidState":12,"_cameraCFrame":[757.951,241.457,40.514,-0.999,-0.051,0.016,0,0.292,0.957,-0.054,0.955,-0.291],"_shiftlockState":true,"_pose":"Climbing","_animationQueue":[],"_animationSpeed":0.894,"_zoom":8.263},{"_mousePosition":[683,384],"_rootPartCFrame":[759.57,232.24,43.014,-0.999,0,0.054,0,1,0,-0.054,0,-0.999],"_humanoidState":12,"_cameraCFrame":[757.936,241.64,40.511,-0.999,-0.045,0.014,0,0.293,0.956,-0.047,0.955,-0.293],"_shiftlockState":true,"_pose":"Climbing","_animationQueue":[],"_animationSpeed":0.894,"_zoom":8.263},{"_mousePosition":[683,384],"_rootPartCFrame":[759.569,232.36,43.029,-0.999,0,0.047,0,1,0,-0.047,0,-0.999],"_humanoidState":8,"_cameraCFrame":[757.933,241.76,40.528,-0.999,-0.044,0.014,0,0.293,0.956,-0.046,0.955,-0.293],"_shiftlockState":true,"_pose":"Standing","_animationQueue":[["climb",0.1],["idle",0.1],["idle",0.1]],"_animationSpeed":1,"_zoom":8.263},{"_mousePosition":[683,384],"_rootPartCFrame":[759.566,232.472,43.083,-0.999,0,0.046,0,1,0,-0.046,0,-0.999],"_humanoidState":5,"_cameraCFrame":[757.998,241.866,40.521,-0.997,-0.069,0.021,0,0.296,0.955,-0.072,0.953,-0.295],"_shiftlockState":true,"_pose":"FreeFall","_animationQueue":[["walk",0.1],["fall",0.3]],"_animationSpeed":1,"_zoom":8.263},{"_mousePosition":[683,384],"_rootPartCFrame":[759.561,232.535,43.207,-0.998,0,0.069,0,1,0,-0.069,0,-0.998],"_humanoidState":5,"_cameraCFrame":[758.192,241.925,40.522,-0.989,-0.141,0.044,0,0.297,0.955,-0.147,0.944,-0.294],"_shiftlockState":true,"_pose":"FreeFall","_animationQueue":[],"_animationSpeed":1,"_zoom":8.263},{"_mousePosition":[683,384],"_rootPartCFrame":[759.552,232.498,43.438,-0.991,0,0.135,0,1,0,-0.135,0,-0.991],"_humanoidState":5,"_cameraCFrame":[758.55,241.926,40.705,-0.957,-0.278,0.081,0,0.282,0.96,-0.289,0.919,-0.27],"_shiftlockState":true,"_pose":"FreeFall","_animationQueue":[["fall",0.3]],"_animationSpeed":1,"_zoom":8.263},{"_mousePosition":[683,384],"_rootPartCFrame":[759.536,232.685,43.557,-0.957,0,0.29,0,1,0,-0.29,0,-0.957],"_humanoidState":7,"_cameraCFrame":[758.809,242.165,40.889,-0.913,-0.393,0.105,0,0.259,0.966,-0.407,0.882,-0.237],"_shiftlockState":true,"_pose":"FreeFall","_animationQueue":[["walk",0.1],["fall",0.3],["fall",0.3]],"_animationSpeed":1,"_zoom":8.263},{"_mousePosition":[683,384],"_rootPartCFrame":[759.399,233.209,43.727,-0.911,0,0.413,0,1,0,-0.413,0,-0.911],"_humanoidState":7,"_cameraCFrame":[758.863,242.739,41.165,-0.865,-0.488,0.118,0,0.236,0.972,-0.502,0.841,-0.204],"_shiftlockState":true,"_pose":"FreeFall","_animationQueue":[],"_animationSpeed":1,"_zoom":8.263},{"_mousePosition":[683,384],"_rootPartCFrame":[759.24,233.469,43.797,-0.864,0,0.504,0,1,0,-0.504,0,-0.864],"_humanoidState":7,"_cameraCFrame":[758.81,243.029,41.306,-0.829,-0.546,0.124,0,0.221,0.975,-0.56,0.808,-0.183],"_shiftlockState":true,"_pose":"FreeFall","_animationQueue":[],"_animationSpeed":1,"_zoom":8.263},{"_mousePosition":[683,384],"_rootPartCFrame":[758.927,233.658,43.693,-0.829,0,0.56,0,1,0,-0.56,0,-0.829],"_humanoidState":8,"_cameraCFrame":[758.496,243.229,41.24,-0.822,-0.556,0.122,0,0.214,0.977,-0.569,0.803,-0.176],"_shiftlockState":true,"_pose":"Running","_animationQueue":[["walk",0.1],["fall",0.3],["walk",0.1]],"_animationSpeed":0.967,"_zoom":8.263},{"_mousePosition":[683,384],"_rootPartCFrame":[758.776,233.683,43.595,-0.822,0,0.569,0,1,0,-0.569,0,-0.822],"_humanoidState":8,"_cameraCFrame":[758.246,243.257,41.171,-0.843,-0.525,0.114,0,0.213,0.977,-0.538,0.824,-0.179],"_shiftlockState":true,"_pose":"Running","_animationQueue":[],"_animationSpeed":0.967,"_zoom":8.263},{"_mousePosition":[683,384],"_rootPartCFrame":[758.528,233.64,43.424,-0.843,0,0.538,0,1,0,-0.538,0,-0.843],"_humanoidState":8,"_cameraCFrame":[757.783,243.197,41.004,-0.894,-0.436,0.099,0,0.222,0.975,-0.448,0.872,-0.198],"_shiftlockState":true,"_pose":"Running","_animationQueue":[],"_animationSpeed":0.967,"_zoom":8.263},{"_mousePosition":[683,384],"_rootPartCFrame":[758.327,233.538,43.294,-0.896,0,0.443,0,1,0,-0.443,0,-0.896],"_humanoidState":8,"_cameraCFrame":[757.355,243.064,40.848,-0.94,-0.332,0.081,0,0.238,0.971,-0.342,0.913,-0.224],"_shiftlockState":true,"_pose":"Running","_animationQueue":[["walk",0.1]],"_animationSpeed":0.967,"_zoom":8.263},{"_mousePosition":[683,384],"_rootPartCFrame":[758.17,233.426,43.211,-0.941,0,0.337,0,1,0,-0.337,0,-0.941],"_humanoidState":8,"_cameraCFrame":[756.831,242.893,40.746,-0.985,-0.169,0.046,0,0.265,0.964,-0.175,0.949,-0.261],"_shiftlockState":true,"_pose":"Running","_animationQueue":[],"_animationSpeed":0.967,"_zoom":8.263},{"_mousePosition":[683,384],"_rootPartCFrame":[757.906,234.51,43.077,-0.986,0,0.166,0,1,0,-0.166,0,-0.986],"_humanoidState":3,"_cameraCFrame":[756.226,243.931,40.674,-1,-0.028,0.008,0,0.285,0.959,-0.03,0.958,-0.285],"_shiftlockState":true,"_pose":"Jumping","_animationQueue":[["walk",0.1],["jump",0.1]],"_animationSpeed":1,"_zoom":8.263},{"_mousePosition":[683,384],"_rootPartCFrame":[757.716,235.121,43.007,-0.996,0,0.09,0,1,0,-0.09,0,-0.996],"_humanoidState":5,"_cameraCFrame":[755.655,244.491,40.736,-0.992,0.123,-0.039,0,0.305,0.952,0.129,0.944,-0.302],"_shiftlockState":true,"_pose":"FreeFall","_animationQueue":[["jump",0.1]],"_animationSpeed":1,"_zoom":8.263},{"_mousePosition":[683,384],"_rootPartCFrame":[757.432,235.888,42.941,-1,0,-0.005,0,1,0,0.005,0,-1],"_humanoidState":5,"_cameraCFrame":[754.995,245.206,40.871,-0.959,0.269,-0.092,0,0.324,0.946,0.284,0.907,-0.311],"_shiftlockState":true,"_pose":"FreeFall","_animationQueue":[],"_animationSpeed":1,"_zoom":8.263},{"_mousePosition":[683,384],"_rootPartCFrame":[757.06,236.771,42.905,-0.993,0,-0.122,0,1,0,0.122,0,-0.993],"_humanoidState":5,"_cameraCFrame":[754.354,246.054,41.048,-0.918,0.373,-0.133,0,0.336,0.942,0.396,0.865,-0.309],"_shiftlockState":true,"_pose":"FreeFall","_animationQueue":[],"_animationSpeed":1,"_zoom":8.263},{"_mousePosition":[683,384],"_rootPartCFrame":[756.835,237.26,42.908,-0.953,0,-0.302,0,1,0,0.302,0,-0.953],"_humanoidState":5,"_cameraCFrame":[753.835,246.504,41.367,-0.852,0.49,-0.183,0,0.349,0.937,0.523,0.799,-0.297],"_shiftlockState":true,"_pose":"FreeFall","_animationQueue":[],"_animationSpeed":1,"_zoom":8.263},{"_mousePosition":[683,384],"_rootPartCFrame":[756.536,237.864,42.943,-0.914,0,-0.405,0,1,0,0.405,0,-0.914],"_humanoidState":5,"_cameraCFrame":[753.329,247.072,41.663,-0.79,0.572,-0.221,0,0.36,0.933,0.613,0.737,-0.285],"_shiftlockState":true,"_pose":"FreeFall","_animationQueue":[],"_animationSpeed":1,"_zoom":8.263},{"_mousePosition":[683,384],"_rootPartCFrame":[756.243,238.414,43.011,-0.865,0,-0.502,0,1,0,0.502,0,-0.865],"_humanoidState":5,"_cameraCFrame":[752.841,247.573,41.959,-0.727,0.637,-0.258,0,0.375,0.927,0.687,0.674,-0.273],"_shiftlockState":true,"_pose":"FreeFall","_animationQueue":[],"_animationSpeed":1,"_zoom":8.263},{"_mousePosition":[683,384],"_rootPartCFrame":[755.96,238.909,43.111,-0.812,0,-0.584,0,1,0,0.584,0,-0.812],"_humanoidState":5,"_cameraCFrame":[752.41,248.025,42.255,-0.672,0.683,-0.287,0,0.388,0.922,0.741,0.619,-0.261],"_shiftlockState":true,"_pose":"FreeFall","_animationQueue":[],"_animationSpeed":1,"_zoom":8.263},{"_mousePosition":[683,384],"_rootPartCFrame":[755.702,239.349,43.233,-0.756,0,-0.655,0,1,0,0.655,0,-0.756],"_humanoidState":5,"_cameraCFrame":[752.009,248.415,42.557,-0.618,0.72,-0.316,0,0.402,0.916,0.786,0.566,-0.248],"_shiftlockState":true,"_pose":"FreeFall","_animationQueue":[],"_animationSpeed":1,"_zoom":8.263},{"_mousePosition":[683,384],"_rootPartCFrame":[755.473,239.735,43.375,-0.704,0,-0.71,0,1,0,0.71,0,-0.704],"_humanoidState":5,"_cameraCFrame":[751.647,248.747,42.85,-0.57,0.747,-0.342,0,0.417,0.909,0.822,0.518,-0.238],"_shiftlockState":true,"_pose":"FreeFall","_animationQueue":[],"_animationSpeed":1,"_zoom":8.263},{"_mousePosition":[683,384],"_rootPartCFrame":[755.275,240.067,43.535,-0.659,0,-0.752,0,1,0,0.752,0,-0.659],"_humanoidState":5,"_cameraCFrame":[751.304,249.013,43.188,-0.515,0.772,-0.371,0,0.433,0.901,0.857,0.465,-0.223],"_shiftlockState":true,"_pose":"FreeFall","_animationQueue":[],"_animationSpeed":1,"_zoom":8.263},{"_mousePosition":[683,384],"_rootPartCFrame":[755.107,240.344,43.714,-0.609,0,-0.793,0,1,0,0.793,0,-0.609],"_humanoidState":5,"_cameraCFrame":[750.988,249.216,43.565,-0.457,0.794,-0.402,0,0.452,0.892,0.889,0.408,-0.206],"_shiftlockState":true,"_pose":"FreeFall","_animationQueue":[],"_animationSpeed":1,"_zoom":8.263},{"_mousePosition":[683,384],"_rootPartCFrame":[754.97,240.566,43.909,-0.555,0,-0.832,0,1,0,0.832,0,-0.555],"_humanoidState":5,"_cameraCFrame":[750.699,249.353,43.994,-0.392,0.811,-0.434,0,0.472,0.882,0.92,0.345,-0.185],"_shiftlockState":true,"_pose":"FreeFall","_animationQueue":[],"_animationSpeed":1,"_zoom":8.263},{"_mousePosition":[683,384],"_rootPartCFrame":[754.865,240.734,44.12,-0.494,0,-0.87,0,1,0,0.87,0,-0.494],"_humanoidState":5,"_cameraCFrame":[750.432,249.414,44.483,-0.317,0.824,-0.469,0,0.495,0.869,0.948,0.276,-0.157],"_shiftlockState":true,"_pose":"FreeFall","_animationQueue":[],"_animationSpeed":1,"_zoom":8.263},{"_mousePosition":[683,384],"_rootPartCFrame":[754.792,240.848,44.344,-0.424,0,-0.906,0,1,0,0.906,0,-0.424],"_humanoidState":5,"_cameraCFrame":[750.218,249.417,45.012,-0.241,0.83,-0.503,0,0.518,0.855,0.971,0.206,-0.125],"_shiftlockState":true,"_pose":"FreeFall","_animationQueue":[],"_animationSpeed":1,"_zoom":8.263},{"_mousePosition":[683,384],"_rootPartCFrame":[754.754,240.907,44.579,-0.351,0,-0.936,0,1,0,0.936,0,-0.351],"_humanoidState":5,"_cameraCFrame":[750.105,249.399,45.496,-0.182,0.832,-0.524,0,0.533,0.846,0.983,0.154,-0.097],"_shiftlockState":true,"_pose":"FreeFall","_animationQueue":[],"_animationSpeed":1,"_zoom":8.263},{"_mousePosition":[683,384],"_rootPartCFrame":[754.75,240.911,44.82,-0.293,0,-0.956,0,1,0,0.956,0,-0.293],"_humanoidState":5,"_cameraCFrame":[750.052,249.328,46.018,-0.119,0.831,-0.543,0,0.547,0.837,0.993,0.1,-0.065],"_shiftlockState":true,"_pose":"FreeFall","_animationQueue":[],"_animationSpeed":1,"_zoom":8.263},{"_mousePosition":[683,384],"_rootPartCFrame":[754.781,240.861,45.066,-0.231,0,-0.973,0,1,0,0.973,0,-0.231],"_humanoidState":5,"_cameraCFrame":[750.041,249.196,46.535,-0.06,0.826,-0.561,0,0.562,0.827,0.998,0.05,-0.034],"_shiftlockState":true,"_pose":"FreeFall","_animationQueue":[],"_animationSpeed":1,"_zoom":8.263},{"_mousePosition":[683,384],"_rootPartCFrame":[754.847,240.757,45.312,-0.172,0,-0.985,0,1,0,0.985,0,-0.172],"_humanoidState":5,"_cameraCFrame":[750.071,249.028,46.952,-0.023,0.819,-0.573,0,0.573,0.819,1,0.019,-0.013],"_shiftlockState":true,"_pose":"FreeFall","_animationQueue":[["fall",0.3]],"_animationSpeed":1,"_zoom":8.263},{"_mousePosition":[683,384],"_rootPartCFrame":[754.949,240.598,45.556,-0.133,0,-0.991,0,1,0,0.991,0,-0.133],"_humanoidState":5,"_cameraCFrame":[750.132,248.815,47.295,-0.002,0.813,-0.582,0,0.582,0.813,1,0.002,-0.001],"_shiftlockState":true,"_pose":"FreeFall","_animationQueue":[],"_animationSpeed":1,"_zoom":8.263},{"_mousePosition":[683,384],"_rootPartCFrame":[755.086,240.384,45.792,-0.11,0,-0.994,0,1,0,0.994,0,-0.11],"_humanoidState":5,"_cameraCFrame":[750.228,248.57,47.536,-0.001,0.809,-0.588,0,0.588,0.809,1,0.001,-0.001],"_shiftlockState":true,"_pose":"FreeFall","_animationQueue":[],"_animationSpeed":1,"_zoom":8.263},{"_mousePosition":[683,384],"_rootPartCFrame":[755.112,240.126,45.969,-0.126,0.001,-0.992,0.001,1,0,0.992,-0.001,-0.126],"_humanoidState":5,"_cameraCFrame":[750.157,248.269,47.597,-0.024,0.804,-0.595,0,0.595,0.804,1,0.02,-0.014],"_shiftlockState":true,"_pose":"FreeFall","_animationQueue":[],"_animationSpeed":1,"_zoom":8.263},{"_mousePosition":[683,384],"_rootPartCFrame":[755.099,240.244,46.097,-0.065,0,-0.998,0,1,0,0.998,0,-0.065],"_humanoidState":12,"_cameraCFrame":[749.974,248.334,47.38,-0.092,0.794,-0.601,0,0.603,0.798,0.996,0.074,-0.056],"_shiftlockState":true,"_pose":"Climbing","_animationQueue":[["walk",0.1],["fall",0.3],["climb",0.1],["climb",0]],"_animationSpeed":-1.391,"_zoom":8.263},{"_mousePosition":[683,384],"_rootPartCFrame":[754.555,240.943,46.152,-0.113,0.002,-0.994,-0.002,1,0.002,0.994,0.002,-0.113],"_humanoidState":3,"_cameraCFrame":[749.285,249.017,46.703,-0.231,0.774,-0.589,0,0.606,0.796,0.973,0.183,-0.14],"_shiftlockState":true,"_pose":"Jumping","_animationQueue":[["climb",0.1],["jump",0.1]],"_animationSpeed":1,"_zoom":8.263},{"_mousePosition":[683,384],"_rootPartCFrame":[754.026,241.588,46.241,-0.325,0.002,-0.946,-0.001,1,0.002,0.946,0.002,-0.325],"_humanoidState":5,"_cameraCFrame":[748.829,249.722,45.707,-0.43,0.725,-0.538,0,0.596,0.803,0.903,0.345,-0.256],"_shiftlockState":true,"_pose":"FreeFall","_animationQueue":[["jump",0.1]],"_animationSpeed":1,"_zoom":8.263},{"_mousePosition":[683,384],"_rootPartCFrame":[753.526,242.178,46.354,-0.543,0,-0.84,0,1,0.001,0.84,0.001,-0.543],"_humanoidState":5,"_cameraCFrame":[748.77,250.426,44.572,-0.652,0.619,-0.438,0,0.577,0.817,0.758,0.532,-0.376],"_shiftlockState":true,"_pose":"FreeFall","_animationQueue":[],"_animationSpeed":1,"_zoom":8.263},{"_mousePosition":[683,384],"_rootPartCFrame":[753.057,242.715,46.48,-0.747,0,-0.665,0,1,0,0.665,0,-0.747],"_humanoidState":5,"_cameraCFrame":[749.079,251.094,43.619,-0.835,0.458,-0.305,0,0.554,0.833,0.55,0.695,-0.463],"_shiftlockState":true,"_pose":"FreeFall","_animationQueue":[],"_animationSpeed":1,"_zoom":8.263},{"_mousePosition":[683,384],"_rootPartCFrame":[752.62,243.196,46.617,-0.901,0,-0.434,0,1,0,0.434,0,-0.901],"_humanoidState":5,"_cameraCFrame":[749.18,251.641,43.26,-0.911,0.347,-0.223,0,0.542,0.841,0.412,0.766,-0.494],"_shiftlockState":true,"_pose":"FreeFall","_animationQueue":[],"_animationSpeed":1,"_zoom":8.263},{"_mousePosition":[683,384],"_rootPartCFrame":[752.22,243.623,46.758,-0.958,0,-0.288,0,1,0,0.288,0,-0.958],"_humanoidState":5,"_cameraCFram