[{"_mousePosition":[1158,361],"_rootPartCFrame":[776.035,222.965,47.142,-0.002,-0.007,1,0,1,0.007,-1,0,-0.002],"_humanoidState":8,"_cameraCFrame":[787.239,235.062,47.93,0.07,-0.684,0.726,0,0.728,0.686,-0.998,-0.048,0.051],"_shiftlockState":false,"_pose":"Standing","_animationQueue":[],"_animationSpeed":1,"_zoom":15.449},{"_mousePosition":[1073,358],"_rootPartCFrame":[775.865,222.876,47.13,0.005,-0.002,1,0,1,0.002,-1,0,0.005],"_humanoidState":8,"_cameraCFrame":[787.076,234.972,47.918,0.07,-0.684,0.726,0,0.728,0.686,-0.998,-0.048,0.051],"_shiftlockState":false,"_pose":"Standing","_animationQueue":[],"_animationSpeed":1,"_zoom":15.449},{"_mousePosition":[1024,355],"_rootPartCFrame":[775.6,222.725,47.111,0.014,0,1,0,1,0,-1,0,0.014],"_humanoidState":8,"_cameraCFrame":[786.815,234.822,47.899,0.07,-0.684,0.726,0,0.728,0.686,-0.998,-0.048,0.051],"_shiftlockState":false,"_pose":"Running","_animationQueue":[["walk",0.1]],"_animationSpeed":1,"_zoom":15.449},{"_mousePosition":[945,346],"_rootPartCFrame":[775.334,222.613,47.093,0.021,0,1,0,1,0,-1,0,0.021],"_humanoidState":8,"_cameraCFrame":[786.549,234.709,47.881,0.07,-0.684,0.726,0,0.728,0.686,-0.998,-0.048,0.051],"_shiftlockState":false,"_pose":"Running","_animationQueue":[["walk",0.1]],"_animationSpeed":1.104,"_zoom":15.449},{"_mousePosition":[907,340],"_rootPartCFrame":[775.068,222.637,47.074,0.028,0,1,0,1,0,-1,0,0.028],"_humanoidState":8,"_cameraCFrame":[786.282,234.734,47.862,0.07,-0.684,0.726,0,0.728,0.686,-0.998,-0.048,0.051],"_shiftlockState":false,"_pose":"Running","_animationQueue":[],"_animationSpeed":1.104,"_zoom":15.449},{"_mousePosition":[835,328],"_rootPartCFrame":[774.802,222.663,47.055,0.034,0,0.999,0,1,0,-0.999,0,0.034],"_humanoidState":8,"_cameraCFrame":[786.016,234.76,47.843,0.07,-0.684,0.726,0,0.728,0.686,-0.998,-0.048,0.051],"_shiftlockState":false,"_pose":"Running","_animationQueue":[["walk",0.1]],"_animationSpeed":1.104,"_zoom":15.449},{"_mousePosition":[810,325],"_rootPartCFrame":[774.403,222.685,47.027,0.041,0,0.999,0,1,0,-0.999,0,0.041],"_humanoidState":8,"_cameraCFrame":[785.617,234.782,47.815,0.07,-0.684,0.726,0,0.728,0.686,-0.998,-0.048,0.051],"_shiftlockState":false,"_pose":"Running","_animationQueue":[],"_animationSpeed":1.104,"_zoom":15.449},{"_mousePosition":[770,319],"_rootPartCFrame":[774.27,222.689,47.018,0.043,0,0.999,0,1,0,-0.999,0,0.043],"_humanoidState":8,"_cameraCFrame":[785.484,234.786,47.806,0.07,-0.684,0.726,0,0.728,0.686,-0.998,-0.048,0.051],"_shiftlockState":false,"_pose":"Running","_animationQueue":[],"_animationSpeed":1.104,"_zoom":15.449},{"_mousePosition":[757,319],"_rootPartCFrame":[774.004,222.694,46.999,0.047,0,0.999,0,1,0,-0.999,0,0.047],"_humanoidState":8,"_cameraCFrame":[785.218,234.79,47.787,0.07,-0.684,0.726,0,0.728,0.686,-0.998,-0.048,0.051],"_shiftlockState":false,"_pose":"Running","_animationQueue":[],"_animationSpeed":1.104,"_zoom":15.449},{"_mousePosition":[743,319],"_rootPartCFrame":[773.738,222.697,46.981,0.05,0,0.999,0,1,0,-0.999,0,0.05],"_humanoidState":8,"_cameraCFrame":[784.952,234.793,47.768,0.07,-0.684,0.726,0,0.728,0.686,-0.998,-0.048,0.051],"_shiftlockState":false,"_pose":"Running","_animationQueue":[],"_animationSpeed":1.104,"_zoom":15.449},{"_mousePosition":[735,319],"_rootPartCFrame":[773.472,222.698,46.962,0.053,0,0.999,0,1,0,-0.999,0,0.053],"_humanoidState":8,"_cameraCFrame":[784.686,234.795,47.75,0.07,-0.684,0.726,0,0.728,0.686,-0.998,-0.048,0.051],"_shiftlockState":false,"_pose":"Running","_animationQueue":[],"_animationSpeed":1.104,"_zoom":15.449},{"_mousePosition":[722,325],"_rootPartCFrame":[773.206,222.699,46.943,0.055,0,0.998,0,1,0,-0.998,0,0.055],"_humanoidState":8,"_cameraCFrame":[784.42,234.795,47.731,0.07,-0.684,0.726,0,0.728,0.686,-0.998,-0.048,0.051],"_shiftlockState":false,"_pose":"Running","_animationQueue":[],"_animationSpeed":1.104,"_zoom":15.449},{"_mousePosition":[713,331],"_rootPartCFrame":[772.94,222.699,46.925,0.057,0,0.998,0,1,0,-0.998,0,0.057],"_humanoidState":8,"_cameraCFrame":[784.154,234.796,47.712,0.07,-0.684,0.726,0,0.728,0.686,-0.998,-0.048,0.051],"_shiftlockState":false,"_pose":"Running","_animationQueue":[["walk",0.1]],"_animationSpeed":1.104,"_zoom":15.449},{"_mousePosition":[702,346],"_rootPartCFrame":[772.674,222.699,46.906,0.059,0,0.998,0,1,0,-0.998,0,0.059],"_humanoidState":8,"_cameraCFrame":[783.888,234.796,47.694,0.07,-0.684,0.726,0,0.728,0.686,-0.998,-0.048,0.051],"_shiftlockState":false,"_pose":"Running","_animationQueue":[],"_animationSpeed":1.104,"_zoom":15.449},{"_mousePosition":[696,358],"_rootPartCFrame":[772.408,222.7,46.887,0.06,0,0.998,0,1,0,-0.998,0,0.06],"_humanoidState":8,"_cameraCFrame":[783.622,234.796,47.675,0.07,-0.684,0.726,0,0.728,0.686,-0.998,-0.048,0.051],"_shiftlockState":false,"_pose":"Running","_animationQueue":[],"_animationSpeed":1.104,"_zoom":15.449},{"_mousePosition":[696,358],"_rootPartCFrame":[772.142,222.7,46.869,0.062,0,0.998,0,1,0,-0.998,0,0.062],"_humanoidState":8,"_cameraCFrame":[783.089,235.083,47.499,0.058,-0.703,0.709,0,0.71,0.704,-0.998,-0.041,0.041],"_shiftlockState":false,"_pose":"Running","_animationQueue":[],"_animationSpeed":1.104,"_zoom":15.449},{"_mousePosition":[696,358],"_rootPartCFrame":[771.876,222.7,46.85,0.063,0,0.998,0,1,0,-0.998,0,0.063],"_humanoidState":8,"_cameraCFrame":[782.535,235.371,47.352,0.047,-0.722,0.69,0,0.691,0.723,-0.999,-0.034,0.033],"_shiftlockState":false,"_pose":"Running","_animationQueue":[],"_animationSpeed":1.104,"_zoom":15.449},{"_mousePosition":[696,358],"_rootPartCFrame":[771.61,222.7,46.834,0.062,0,0.998,0,1,0,-0.998,0,0.062],"_humanoidState":8,"_cameraCFrame":[781.917,235.701,47.223,0.038,-0.744,0.667,0,0.668,0.744,-0.999,-0.028,0.025],"_shiftlockState":false,"_pose":"Running","_animationQueue":[],"_animationSpeed":1.104,"_zoom":15.449},{"_mousePosition":[696,358],"_rootPartCFrame":[771.343,222.7,46.821,0.06,0,0.998,0,1,0,-0.998,0,0.06],"_humanoidState":8,"_cameraCFrame":[781.324,235.987,47.156,0.033,-0.763,0.646,0,0.646,0.763,-0.999,-0.026,0.022],"_shiftlockState":false,"_pose":"Running","_animationQueue":[["walk",0.1]],"_animationSpeed":1.104,"_zoom":15.449},{"_mousePosition":[696,358],"_rootPartCFrame":[771.077,222.7,46.811,0.057,0,0.998,0,1,0,-0.998,0,0.057],"_humanoidState":8,"_cameraCFrame":[780.605,236.357,47.08,0.028,-0.787,0.617,0,0.617,0.787,-1,-0.022,0.017],"_shiftlockState":false,"_pose":"Running","_animationQueue":[],"_animationSpeed":1.104,"_zoom":15.449},{"_mousePosition":[696,358],"_rootPartCFrame":[770.81,223.563,46.801,0.054,0,0.999,0,1,0,-0.999,0,0.054],"_humanoidState":3,"_cameraCFrame":[779.953,237.514,47.04,0.026,-0.806,0.592,0,0.592,0.806,-1,-0.021,0.015],"_shiftlockState":false,"_pose":"Jumping","_animationQueue":[["walk",0.1],["jump",0.1]],"_animationSpeed":1,"_zoom":15.449},{"_mousePosition":[696,358],"_rootPartCFrame":[770.544,224.371,46.793,0.051,0,0.999,0,1,0,-0.999,0,0.051],"_humanoidState":5,"_cameraCFrame":[779.281,238.61,46.976,0.021,-0.824,0.566,0,0.566,0.825,-1,-0.017,0.012],"_shiftlockState":false,"_pose":"FreeFall","_animationQueue":[["jump",0.1]],"_animationSpeed":1,"_zoom":15.449},{"_mousePosition":[696,358],"_rootPartCFrame":[770.277,225.125,46.786,0.048,0,0.999,0,1,0,-0.999,0,0.048],"_humanoidState":5,"_cameraCFrame":[778.673,239.592,46.918,0.016,-0.839,0.543,0,0.544,0.839,-1,-0.013,0.009],"_shiftlockState":false,"_pose":"FreeFall","_animationQueue":[],"_animationSpeed":1,"_zoom":15.449},{"_mousePosition":[696,358],"_rootPartCFrame":[770.011,225.824,46.78,0.044,0,0.999,0,1,0,-0.999,0,0.044],"_humanoidState":5,"_cameraCFrame":[777.985,240.556,46.839,0.007,-0.856,0.516,0,0.516,0.856,-1,-0.006,0.004],"_shiftlockState":false,"_pose":"FreeFall","_animationQueue":[],"_animationSpeed":1,"_zoom":15.449},{"_mousePosition":[696,358],"_rootPartCFrame":[769.744,226.469,46.776,0.041,0,0.999,0,1,0,-0.999,0,0.041],"_humanoidState":5,"_cameraCFrame":[777.342,241.421,46.776,0,-0.871,0.492,0,0.492,0.871,-1,0,0],"_shiftlockState":false,"_pose":"FreeFall","_animationQueue":[],"_animationSpeed":1,"_zoom":15.449},{"_mousePosition":[696,358],"_rootPartCFrame":[769.477,227.06,46.774,0.036,0,0.999,0,1,0,-0.999,0,0.036],"_humanoidState":5,"_cameraCFrame":[776.671,242.232,46.736,-0.005,-0.885,0.466,0,0.466,0.885,-1,0.005,-0.002],"_shiftlockState":false,"_pose":"FreeFall","_animationQueue":[],"_animationSpeed":1,"_zoom":15.449},{"_mousePosition":[696,358],"_rootPartCFrame":[769.211,227.595,46.773,0.032,0,1,0,1,0,-1,0,0.032],"_humanoidState":5,"_cameraCFrame":[775.993,242.976,46.702,-0.011,-0.898,0.439,0,0.439,0.898,-1,0.009,-0.005],"_shiftlockState":false,"_pose":"FreeFall","_animationQueue":[],"_animationSpeed":1,"_zoom":15.449},{"_mousePosition":[696,358],"_rootPartCFrame":[768.944,228.077,46.775,0.027,0,1,0,1,0,-1,0,0.027],"_humanoidState":5,"_cameraCFrame":[775.366,243.628,46.68,-0.015,-0.909,0.416,0,0.416,0.91,-1,0.013,-0.006],"_shiftlockState":false,"_pose":"FreeFall","_animationQueue":[],"_animationSpeed":1,"_zoom":15.449},{"_mousePosition":[696,358],"_rootPartCFrame":[768.678,228.504,46.777,0.022,0,1,0,1,0,-1,0,0.022],"_humanoidState":5,"_cameraCFrame":[774.734,244.216,46.663,-0.019,-0.92,0.392,0,0.392,0.92,-1,0.017,-0.007],"_shiftlockState":false,"_pose":"FreeFall","_animationQueue":[],"_animationSpeed":1,"_zoom":15.449},{"_mousePosition":[696,358],"_rootPartCFrame":[768.344,228.961,46.782,0.016,0,1,0,1,0,-1,0,0.016],"_humanoidState":5,"_cameraCFrame":[774.136,244.782,46.654,-0.022,-0.927,0.375,0,0.375,0.927,-1,0.02,-0.008],"_shiftlockState":false,"_pose":"FreeFall","_animationQueue":[],"_animationSpeed":1,"_zoom":15.449},{"_mousePosition":[696,358],"_rootPartCFrame":[768.144,229.194,46.786,0.012,0,1,0,1,0,-1,0,0.012],"_humanoidState":5,"_cameraCFrame":[773.646,245.13,46.647,-0.025,-0.934,0.356,0,0.356,0.934,-1,0.024,-0.009],"_shiftlockState":false,"_pose":"FreeFall","_animationQueue":[],"_animationSpeed":1,"_zoom":15.449},{"_mousePosition":[696,358],"_rootPartCFrame":[767.878,229.457,46.791,0.008,0,1,0,1,0,-1,0,0.008],"_humanoidState":5,"_cameraCFrame":[773.134,245.484,46.648,-0.027,-0.94,0.34,0,0.34,0.94,-1,0.026,-0.009],"_shiftlockState":false,"_pose":"FreeFall","_animationQueue":[],"_animationSpeed":1,"_zoom":15.449},{"_mousePosition":[696,358],"_rootPartCFrame":[767.611,229.666,46.798,0.003,0,1,0,1,0,-1,0,0.003],"_humanoidState":5,"_cameraCFrame":[772.555,245.784,44.897,-0.03,-0.946,0.323,0,0.324,0.946,-1,0.029,-0.01],"_shiftlockState":true,"_pose":"FreeFall","_animationQueue":[],"_animationSpeed":1,"_zoom":15.449},{"_mousePosition":[683,384],"_rootPartCFrame":[767.345,229.821,46.805,-0.031,0,1,0,1,0,-1,0,-0.031],"_humanoidState":5,"_cameraCFrame":[772.288,245.938,44.904,-0.03,-0.946,0.323,0,0.324,0.946,-1,0.029,-0.01],"_shiftlockState":true,"_pose":"FreeFall","_animationQueue":[],"_animationSpeed":1,"_zoom":15.449},{"_mousePosition":[683,384],"_rootPartCFrame":[767.078,229.921,46.813,-0.03,0,1,0,1,0,-1,0,-0.03],"_humanoidState":5,"_cameraCFrame":[771.829,246.102,44.908,-0.032,-0.95,0.311,0,0.311,0.95,-0.999,0.031,-0.01],"_shiftlockState":true,"_pose":"FreeFall","_animationQueue":[],"_animationSpeed":1,"_zoom":15.449},{"_mousePosition":[683,384],"_rootPartCFrame":[766.811,229.966,46.821,-0.032,0,0.999,0,1,0,-0.999,0,-0.032],"_humanoidState":5,"_cameraCFrame":[771.42,246.193,44.92,-0.032,-0.953,0.302,0,0.302,0.953,-0.999,0.031,-0.01],"_shiftlockState":true,"_pose":"FreeFall","_animationQueue":[],"_animationSpeed":1,"_zoom":15.449},{"_mousePosition":[683,384],"_rootPartCFrame":[766.545,229.957,46.83,-0.032,0,0.999,0,1,0,-0.999,0,-0.032],"_humanoidState":5,"_cameraCFrame":[771.035,246.221,44.933,-0.032,-0.955,0.294,0,0.294,0.956,-0.999,0.031,-0.01],"_shiftlockState":true,"_pose":"FreeFall","_animationQueue":[],"_animationSpeed":1,"_zoom":15.449},{"_mousePosition":[683,384],"_rootPartCFrame":[766.278,229.893,46.838,-0.032,0,0.999,0,1,0,-0.999,0,-0.032],"_humanoidState":5,"_cameraCFrame":[770.659,246.19,44.94,-0.034,-0.957,0.287,0,0.288,0.958,-0.999,0.032,-0.01],"_shiftlockState":true,"_pose":"FreeFall","_animationQueue":[],"_animationSpeed":1,"_zoom":15.449},{"_mousePosition":[683,384],"_rootPartCFrame":[766.012,229.775,46.847,-0.033,0,0.999,0,1,0,-0.999,0,-0.033],"_humanoidState":5,"_cameraCFrame":[770.309,246.097,44.952,-0.034,-0.959,0.282,0,0.282,0.959,-0.999,0.032,-0.009],"_shiftlockState":true,"_pose":"FreeFall","_animationQueue":[["fall",0.3]],"_animationSpeed":1,"_zoom":15.449},{"_mousePosition":[683,384],"_rootPartCFrame":[765.745,229.603,46.856,-0.033,0,0.999,0,1,0,-0.999,0,-0.033],"_humanoidState":5,"_cameraCFrame":[769.968,245.945,44.959,-0.035,-0.96,0.277,0,0.277,0.961,-0.999,0.033,-0.01],"_shiftlockState":true,"_pose":"FreeFall","_animationQueue":[],"_animationSpeed":1,"_zoom":15.449},{"_mousePosition":[683,384],"_rootPartCFrame":[765.478,229.375,46.865,-0.034,0,0.999,0,1,0,-0.999,0,-0.034],"_humanoidState":5,"_cameraCFrame":[769.63,245.738,44.97,-0.035,-0.961,0.273,0,0.273,0.962,-0.999,0.033,-0.009],"_shiftlockState":true,"_pose":"FreeFall","_animationQueue":[],"_animationSpeed":1,"_zoom":15.449},{"_mousePosition":[683,384],"_rootPartCFrame":[765.212,229.094,46.874,-0.035,0,0.999,0,1,0,-0.999,0,-0.035],"_humanoidState":5,"_cameraCFrame":[769.301,245.474,44.977,-0.036,-0.963,0.269,0,0.269,0.963,-0.999,0.034,-0.01],"_shiftlockState":true,"_pose":"FreeFall","_animationQueue":[],"_animationSpeed":1,"_zoom":15.449},{"_mousePosition":[683,384],"_rootPartCFrame":[764.945,228.758,46.883,-0.036,0,0.999,0,1,0,-0.999,0,-0.036],"_humanoidState":5,"_cameraCFrame":[768.975,245.154,44.989,-0.036,-0.964,0.265,0,0.265,0.964,-0.999,0.034,-0.009],"_shiftlockState":true,"_pose":"FreeFall","_animationQueue":[],"_animationSpeed":1,"_zoom":15.449},{"_mousePosition":[683,384],"_rootPartCFrame":[764.679,228.367,46.893,-0.036,0,0.999,0,1,0,-0.999,0,-0.036],"_humanoidState":5,"_cameraCFrame":[768.636,244.783,45.001,-0.036,-0.965,0.26,0,0.26,0.966,-0.999,0.034,-0.009],"_shiftlockState":true,"_pose":"FreeFall","_animationQueue":[],"_animationSpeed":1,"_zoom":15.449},{"_mousePosition":[683,384],"_rootPartCFrame":[764.412,227.922,46.902,-0.036,0,0.999,0,1,0,-0.999,0,-0.036],"_humanoidState":5,"_cameraCFrame":[768.307,244.354,45.008,-0.037,-0.966,0.256,0,0.256,0.967,-0.999,0.035,-0.009],"_shiftlockState":true,"_pose":"FreeFall","_animationQueue":[],"_animationSpeed":1,"_zoom":15.449},{"_mousePosition":[683,384],"_rootPartCFrame":[764.145,227.422,46.912,-0.037,0,0.999,0,1,0,-0.999,0,-0.037],"_humanoidState":5,"_cameraCFrame":[767.963,243.874,45.008,-0.04,-0.967,0.252,0,0.252,0.968,-0.999,0.039,-0.01],"_shiftlockState":true,"_pose":"FreeFall","_animationQueue":[["fall",0.3]],"_animationSpeed":1,"_zoom":15.449},{"_mousePosition":[683,384],"_rootPartCFrame":[763.879,226.868,46.921,-0.039,0,0.999,0,1,0,-0.999,0,-0.039],"_humanoidState":5,"_cameraCFrame":[767.618,243.338,45.009,-0.043,-0.968,0.247,0,0.247,0.969,-0.999,0.042,-0.011],"_shiftlockState":true,"_pose":"FreeFall","_animationQueue":[],"_animationSpeed":1,"_zoom":15.449},{"_mousePosition":[683,384],"_rootPartCFrame":[763.612,226.26,46.932,-0.043,0,0.999,0,1,0,-0.999,0,-0.043],"_humanoidState":5,"_cameraCFrame":[767.255,242.751,45,-0.049,-0.969,0.241,0,0.242,0.97,-0.999,0.048,-0.012],"_shiftlockState":true,"_pose":"FreeFall","_animationQueue":[],"_animationSpeed":1,"_zoom":15.449},{"_mousePosition":[683,384],"_rootPartCFrame":[763.346,225.597,46.943,-0.049,0,0.999,0,1,0,-0.999,0,-0.049],"_humanoidState":5,"_cameraCFrame":[766.894,242.109,44.997,-0.054,-0.97,0.236,0,0.236,0.972,-0.999,0.053,-0.013],"_shiftlockState":true,"_pose":"FreeFall","_animationQueue":[],"_animationSpeed":1,"_zoom":15.449},{"_mousePosition":[683,384],"_rootPartCFrame":[763.08,224.879,46.956,-0.054,0,0.999,0,1,0,-0.999,0,-0.054],"_humanoidState":5,"_cameraCFrame":[766.543,241.408,44.992,-0.061,-0.971,0.231,0,0.231,0.973,-0.998,0.059,-0.014],"_shiftlockState":true,"_pose":"FreeFall","_animationQueue":[],"_animationSpeed":1,"_zoom":15.449},{"_mousePosition":[683,384],"_rootPartCFrame":[762.813,224.107,46.971,-0.06,0,0.998,0,1,0,-0.998,0,-0.06],"_humanoidState":5,"_cameraCFrame":[766.187,240.654,44.983,-0.069,-0.972,0.226,0,0.227,0.974,-0.998,0.067,-0.016],"_shiftlockState":true,"_pose":"FreeFall","_animationQueue":[],"_animationSpeed":1,"_zoom":15.449},{"_mousePosition":[683,384],"_rootPartCFrame":[762.547,223.99,46.986,-0.069,0,0.998,0,1,0,-0.998,0,-0.069],"_humanoidState":7,"_cameraCFrame":[765.787,240.562,44.965,-0.082,-0.972,0.219,0,0.22,0.976,-0.997,0.08,-0.018],"_shiftlockState":true,"_pose":"FreeFall","_animationQueue":[["fall",0.3],["walk",0.1],["fall",0.3],["fall",0.3]],"_animationSpeed":1,"_zoom":15.449},{"_mousePosition":[683,384],"_rootPartCFrame":[762.281,223.988,47.005,-0.082,0,0.997,0,1,0,-0.997,0,-0.082],"_humanoidState":7,"_cameraCFrame":[765.32,240.594,44.932,-0.102,-0.973,0.208,0,0.209,0.978,-0.995,0.1,-0.021],"_shiftlockState":true,"_pose":"FreeFall","_animationQueue":[],"_animationSpeed":1,"_zoom":15.449},{"_mousePosition":[683,384],"_rootPartCFrame":[762.015,223.884,47.026,-0.102,0,0.995,0,1,0,-0.995,0,-0.102],"_humanoidState":8,"_cameraCFrame":[764.782,240.533,44.887,-0.134,-0.972,0.194,0,0.196,0.981,-0.991,0.131,-0.026],"_shiftlockState":true,"_pose":"Running","_animationQueue":[["walk",0.1],["fall",0.3],["walk",0.1]],"_animationSpeed":1.103,"_zoom":15.449},{"_mousePosition":[683,384],"_rootPartCFrame":[761.75,223.715,47.053,-0.134,0,0.991,0,1,0,-0.991,0,-0.134],"_humanoidState":8,"_cameraCFrame":[764.234,240.404,44.852,-0.169,-0.969,0.18,0,0.183,0.983,-0.986,0.166,-0.031],"_shiftlockState":true,"_pose":"Running","_animationQueue":[],"_animationSpeed":1.103,"_zoom":15.449},{"_mousePosition":[683,384],"_rootPartCFrame":[761.486,223.491,47.088,-0.169,0,0.986,0,1,0,-0.986,0,-0.169],"_humanoidState":8,"_cameraCFrame":[763.748,240.205,44.82,-0.207,-0.963,0.17,0,0.174,0.985,-0.978,0.204,-0.036],"_shiftlockState":true,"_pose":"Running","_animationQueue":[],"_animationSpeed":1.103,"_zoom":15.449},{"_mousePosition":[683,384],"_rootPartCFrame":[761.223,223.213,47.132,-0.207,0,0.978,0,1,0,-0.978,0,-0.207],"_humanoidState":8,"_cameraCFrame":[763.408,239.927,44.79,-0.24,-0.956,0.169,0,0.174,0.985,-0.971,0.236,-0.042],"_shiftlockState":true,"_pose":"Running","_animationQueue":[],"_animationSpeed":1.103,"_zoom":15.449},{"_mousePosition":[683,384],"_rootPartCFrame":[760.962,222.88,47.186,-0.24,0,0.971,0,1,0,-0.971,0,-0.24],"_humanoidState":8,"_cameraCFrame":[763.075,239.594,44.779,-0.269,-0.949,0.167,0,0.174,0.985,-0.963,0.265,-0.047],"_shiftlockState":true,"_pose":"Running","_animationQueue":[["walk",0.1]],"_animationSpeed":1.103,"_zoom":15.449},{"_mousePosition":[683,384],"_rootPartCFrame":[760.703,222.884,47.249,-0.269,0,0.963,0,1,0,-0.963,0,-0.269],"_humanoidState":8,"_cameraCFrame":[762.744,239.599,44.782,-0.297,-0.94,0.166,0,0.174,0.985,-0.955,0.293,-0.052],"_shiftlockState":true,"_pose":"Running","_animationQueue":[],"_animationSpeed":1.103,"_zoom":15.449},{"_mousePosition":[683,384],"_rootPartCFrame":[760.446,222.942,47.321,-0.297,0,0.955,0,1,0,-0.955,0,-0.297],"_humanoidState":8,"_cameraCFrame":[762.43,239.656,44.806,-0.319,-0.933,0.165,0,0.174,0.985,-0.948,0.314,-0.055],"_shiftlockState":true,"_pose":"Running","_animationQueue":[],"_animationSpeed":1.103,"_zoom":15.449},{"_mousePosition":[683,384],"_rootPartCFrame":[760.191,222.977,47.399,-0.319,0,0.948,0,1,0,-0.948,0,-0.319],"_humanoidState":8,"_cameraCFrame":[762.13,239.691,44.85,-0.336,-0.928,0.164,0,0.174,0.985,-0.942,0.331,-0.058],"_shiftlockState":true,"_pose":"Running","_animationQueue":[],"_animationSpeed":1.103,"_zoom":15.449},{"_mousePosition":[683,384],"_rootPartCFrame":[759.939,223.005,47.483,-0.336,0,0.942,0,1,0,-0.942,0,-0.336],"_humanoidState":8,"_cameraCFrame":[761.824,239.719,44.894,-0.355,-0.92,0.162,0,0.174,0.985,-0.935,0.35,-0.062],"_shiftlockState":true,"_pose":"Running","_animationQueue":[],"_animationSpeed":1.103,"_zoom":15.449},{"_mousePosition":[683,384],"_rootPartCFrame":[759.689,223.032,47.572,-0.355,0,0.935,0,1,0,-0.935,0,-0.355],"_humanoidState":8,"_cameraCFrame":[761.541,239.747,44.959,-0.367,-0.916,0.162,0,0.174,0.985,-0.93,0.362,-0.064],"_shiftlockState":true,"_pose":"Running","_animationQueue":[],"_animationSpeed":1.103,"_zoom":15.449},{"_mousePosition":[683,384],"_rootPartCFrame":[759.442,222.99,47.665,-0.367,0,0.93,0,1,0,-0.93,0,-0.367],"_humanoidState":8,"_cameraCFrame":[761.276,239.705,45.039,-0.374,-0.913,0.161,0,0.174,0.985,-0.927,0.368,-0.065],"_shiftlockState":true,"_pose":"Running","_animationQueue":[],"_animationSpeed":1.103,"_zoom":15.449},{"_mousePosition":[683,384],"_rootPartCFrame":[759.199,222.894,47.761,-0.374,0,0.927,0,1,0,-0.927,0,-0.374],"_humanoidState":8,"_cameraCFrame":[761.027,239.608,45.131,-0.376,-0.913,0.161,0,0.174,0.985,-0.927,0.37,-0.065],"_shiftlockState":true,"_pose":"Running","_animationQueue":[["walk",0.1]],"_animationSpeed":1.103,"_zoom":15.449},{"_mousePosition":[683,384],"_rootPartCFrame":[758.96,222.771,47.857,-0.376,0,0.927,0,1,0,-0.927,0,-0.376],"_humanoidState":8,"_cameraCFrame":[760.786,239.485,45.225,-0.377,-0.912,0.161,0,0.174,0.985,-0.926,0.371,-0.065],"_shiftlockState":true,"_pose":"Running","_animationQueue":[],"_animationSpeed":1.103,"_zoom":15.449},{"_mousePosition":[683,384],"_rootPartCFrame":[758.722,222.689,47.954,-0.377,0,0.926,0,1,0,-0.926,0,-0.377],"_humanoidState":8,"_cameraCFrame":[760.547,239.403,45.322,-0.377,-0.912,0.161,0,0.174,0.985,-0.926,0.371,-0.065],"_shiftlockState":true,"_pose":"Running","_animationQueue":[],"_animationSpeed":1.103,"_zoom":15.449},{"_mousePosition":[683,384],"_rootPartCFrame":[758.496,222.583,48.046,-0.377,0,0.926,0,1,0,-0.926,0,-0.377],"_humanoidState":8,"_cameraCFrame":[760.319,239.297,45.412,-0.378,-0.912,0.161,0,0.174,0.985,-0.926,0.372,-0.066],"_shiftlockState":true,"_pose":"Running","_animationQueue":[],"_animationSpeed":1.103,"_zoom":15.449},{"_mousePosition":[683,384],"_rootPartCFrame":[758.272,223.456,48.137,-0.378,0,0.926,0,1,0,-0.926,0,-0.378],"_humanoidState":3,"_cameraCFrame":[760.092,240.17,45.501,-0.379,-0.911,0.161,0,0.174,0.985,-0.925,0.373,-0.066],"_shiftlockState":true,"_pose":"Jumping","_animationQueue":[["walk",0.1],["jump",0.1]],"_animationSpeed":1,"_zoom":15.449},{"_mousePosition":[683,384],"_rootPartCFrame":[758.03,224.278,48.236,-0.379,0,0.925,0,1,0,-0.925,0,-0.379],"_humanoidState":5,"_cameraCFrame":[759.844,240.992,45.596,-0.381,-0.911,0.161,0,0.174,0.985,-0.925,0.375,-0.066],"_shiftlockState":true,"_pose":"FreeFall","_animationQueue":[["jump",0.1]],"_animationSpeed":1,"_zoom":15.449},{"_mousePosition":[683,384],"_rootPartCFrame":[757.783,225.045,48.336,-0.381,0,0.925,0,1,0,-0.925,0,-0.381],"_humanoidState":5,"_cameraCFrame":[759.592,241.76,45.693,-0.383,-0.91,0.16,0,0.174,0.985,-0.924,0.377,-0.066],"_shiftlockState":true,"_pose":"FreeFall","_animationQueue":[],"_animationSpeed":1,"_zoom":15.449},{"_mousePosition":[683,384],"_rootPartCFrame":[757.537,225.759,48.438,-0.382,0,0.924,0,1,0,-0.924,0,-0.382],"_humanoidState":5,"_cameraCFrame":[759.34,242.473,45.791,-0.385,-0.909,0.16,0,0.174,0.985,-0.923,0.379,-0.067],"_shiftlockState":true,"_pose":"FreeFall","_animationQueue":[],"_animationSpeed":1,"_zoom":15.449},{"_mousePosition":[683,384],"_rootPartCFrame":[757.29,226.417,48.54,-0.384,0,0.923,0,1,0,-0.923,0,-0.384],"_humanoidState":5,"_cameraCFrame":[759.091,243.131,45.891,-0.386,-0.909,0.16,0,0.174,0.985,-0.923,0.38,-0.067],"_shiftlockState":true,"_pose":"FreeFall","_animationQueue":[],"_animationSpeed":1,"_zoom":15.449},{"_mousePosition":[683,384],"_rootPartCFrame":[757.044,227.021,48.642,-0.385,0,0.923,0,1,0,-0.923,0,-0.385],"_humanoidState":5,"_cameraCFrame":[758.842,243.735,45.991,-0.387,-0.908,0.16,0,0.174,0.985,-0.922,0.381,-0.067],"_shiftlockState":true,"_pose":"FreeFall","_animationQueue":[],"_animationSpeed":1,"_zoom":15.449},{"_mousePosition":[683,384],"_rootPartCFrame":[756.798,227.571,48.745,-0.386,0,0.922,0,1,0,-0.922,0,-0.386],"_humanoidState":5,"_cameraCFrame":[758.596,244.285,46.094,-0.387,-0.908,0.16,0,0.174,0.985,-0.922,0.381,-0.067],"_shiftlockState":true,"_pose":"FreeFall","_animationQueue":[],"_animationSpeed":1,"_zoom":15.449},{"_mousePosition":[683,384],"_rootPartCFrame":[756.552,228.066,48.848,-0.387,0,0.922,0,1,0,-0.922,0,-0.387],"_humanoidState":5,"_cameraCFrame":[758.35,244.78,46.197,-0.387,-0.908,0.16,0,0.174,0.985,-0.922,0.381,-0.067],"_shiftlockState":true,"_pose":"FreeFall","_animationQueue":[],"_animationSpeed":1,"_zoom":15.449},{"_mousePosition":[683,384],"_rootPartCFrame":[756.306,228.506,48.951,-0.387,0,0.922,0,1,0,-0.922,0,-0.387],"_humanoidState":5,"_cameraCFrame":[758.104,245.22,46.3,-0.387,-0.908,0.16,0,0.174,0.985,-0.922,0.381,-0.067],"_shiftlockState":true,"_pose":"FreeFall","_animationQueue":[],"_animationSpeed":1,"_zoom":15.449},{"_mousePosition":[683,384],"_rootPartCFrame":[756.061,228.892,49.054,-0.387,0,0.922,0,1,0,-0.922,0,-0.387],"_humanoidState":5,"_cameraCFrame":[757.858,245.606,46.403,-0.387,-0.908,0.16,0,0.174,0.985,-0.922,0.381,-0.067],"_shiftlockState":true,"_pose":"FreeFall","_animationQueue":[],"_animationSpeed":1,"_zoom":15.449},{"_mousePosition":[683,384],"_rootPartCFrame":[755.876,229.146,49.132,-0.387,0,0.922,0,1,0,-0.922,0,-0.387],"_humanoidState":5,"_cameraCFrame":[757.674,245.86,46.481,-0.387,-0.908,0.16,0,0.174,0.985,-0.922,0.381,-0.067],"_shiftlockState":true,"_pose":"FreeFall","_animationQueue":[],"_animationSpeed":1,"_zoom":15.449},{"_mousePosition":[683,384],"_rootPartCFrame":[755.569,229.501,49.261,-0.387,0,0.922,0,1,0,-0.922,0,-0.387],"_humanoidState":5,"_cameraCFrame":[757.353,246.215,46.6,-0.391,-0.906,0.16,0,0.174,0.985,-0.92,0.385,-0.068],"_shiftlockState":true,"_pose":"FreeFall","_animationQueue":[],"_animationSpeed":1,"_zoom":15.449},{"_mousePosition":[683,384],"_rootPartCFrame":[755.323,229.723,49.364,-0.391,0,0.92,0,1,0,-0.92,0,-0.391],"_humanoidState":5,"_cameraCFrame":[757.096,246.437,46.696,-0.395,-0.905,0.16,0,0.174,0.985,-0.919,0.389,-0.069],"_shiftlockState":true,"_pose":"FreeFall","_animationQueue":[],"_animationSpeed":1,"_zoom":15.449},{"_mousePosition":[683,384],"_rootPartCFrame":[755.078,229.891,49.468,-0.395,0,0.919,0,1,0,-0.919,0,-0.395],"_humanoidState":5,"_cameraCFrame":[756.831,246.605,46.787,-0.402,-0.902,0.159,0,0.174,0.985,-0.916,0.396,-0.07],"_shiftlockState":true,"_pose":"FreeFall","_animationQueue":[],"_animationSpeed":1,"_zoom":15.449},{"_mousePosition":[683,384],"_rootPartCFrame":[754.833,230.005,49.573,-0.401,0,0.916,0,1,0,-0.916,0,-0.401],"_humanoidState":5,"_cameraCFrame":[756.569,246.719,46.881,-0.408,-0.899,0.159,0,0.174,0.985,-0.913,0.402,-0.071],"_shiftlockState":true,"_pose":"FreeFall","_animationQueue":[],"_animationSpeed":1,"_zoom":15.449},{"_mousePosition":[683,384],"_rootPartCFrame":[754.588,230.064,49.68,-0.407,0,0.913,0,1,0,-0.913,0,-0.407],"_humanoidState":5,"_cameraCFrame":[756.31,246.778,46.979,-0.412,-0.897,0.158,0,0.174,0.985,-0.911,0.406,-0.072],"_shiftlockState":true,"_pose":"FreeFall","_animationQueue":[["fall",0.3]],"_animationSpeed":1,"_zoom":15.449},{"_mousePosition":[683,384],"_rootPartCFrame":[754.345,230.068,49.789,-0.412,0,0.911,0,1,0,-0.911,0,-0.412],"_humanoidState":5,"_cameraCFrame":[756.055,246.783,47.081,-0.416,-0.895,0.158,0,0.174,0.985,-0.909,0.41,-0.072],"_shiftlockState":true,"_pose":"FreeFall","_animationQueue":[],"_animationSpeed":1,"_zoom":15.449},{"_mousePosition":[683,384],"_rootPartCFrame":[754.102,230.018,49.898,-0.416,0,0.909,0,1,0,-0.909,0,-0.416],"_humanoidState":5,"_cameraCFrame":[755.81,246.733,47.189,-0.417,-0.895,0.158,0,0.174,0.985,-0.909,0.411,-0.072],"_shiftlockState":true,"_pose":"FreeFall","_animationQueue":[],"_animationSpeed":1,"_zoom":15.449},{"_mousePosition":[683,384],"_rootPartCFrame":[753.859,229.914,50.009,-0.417,0,0.909,0,1,0,-0.909,0,-0.417],"_humanoidState":5,"_cameraCFrame":[755.567,246.628,47.299,-0.417,-0.895,0.158,0,0.174,0.985,-0.909,0.411,-0.072],"_shiftlockState":true,"_pose":"FreeFall","_animationQueue":[],"_animationSpeed":1,"_zoom":15.449},{"_mousePosition":[683,384],"_rootPartCFrame":[753.617,229.755,50.12,-0.417,0,0.909,0,1,0,-0.909,0,-0.417],"_humanoidState":5,"_cameraCFrame":[755.325,246.469,47.411,-0.417,-0.895,0.158,0,0.174,0.985,-0.909,0.411,-0.072],"_shiftlockState":true,"_pose":"FreeFall","_animationQueue":[],"_animationSpeed":1,"_zoom":15.449},{"_mousePosition":[683,384],"_rootPartCFrame":[753.374,229.541,50.232,-0.417,0,0.909,0,1,0,-0.909,0,-0.417],"_humanoidState":5,"_cameraCFrame":[755.082,246.256,47.522,-0.417,-0.895,0.158,0,0.174,0.985,-0.909,0.411,-0.072],"_shiftlockState":true,"_pose":"FreeFall","_animationQueue":[],"_animationSpeed":1,"_zoom":15.449},{"_mousePosition":[683,384],"_rootPartCFrame":[753.132,229.273,50.343,-0.417,0,0.909,0,1,0,-0.909,0,-0.417],"_humanoidState":5,"_cameraCFrame":[754.837,245.988,47.631,-0.418,-0.895,0.158,0,0.174,0.985,-0.908,0.412,-0.073],"_shiftlockState":true,"_pose":"FreeFall","_animationQueue":[],"_animationSpeed":1,"_zoom":15.449},{"_mousePosition":[683,384],"_rootPartCFrame":[752.89,228.951,50.454,-0.418,0,0.908,0,1,0,-0.908,0,-0.418],"_humanoidState":5,"_cameraCFrame":[754.595,245.665,47.743,-0.418,-0.895,0.158,0,0.174,0.985,-0.908,0.412,-0.073],"_shiftlockState":true,"_pose":"FreeFall","_animationQueue":[["fall",0.3]],"_animationSpeed":1,"_zoom":15.449},{"_mousePosition":[683,384],"_rootPartCFrame":[752.647,228.574,50.566,-0.418,0,0.908,0,1,0,-0.908,0,-0.418],"_humanoidState":5,"_cameraCFrame":[754.352,245.288,47.854,-0.418,-0.895,0.158,0,0.174,0.985,-0.908,0.412,-0.073],"_shiftlockState":true,"_pose":"FreeFall","_animationQueue":[],"_animationSpeed":1,"_zoom":15.449},{"_mousePosition":[683,384],"_rootPartCFrame":[752.405,228.142,50.677,-0.418,0,0.908,0,1,0,-0.908,0,-0.418],"_humanoidState":5,"_cameraCFrame":[754.11,244.857,47.966,-0.418,-0.895,0.158,0,0.174,0.985,-0.908,0.412,-0.073],"_shiftlockState":true,"_pose":"FreeFall","_animationQueue":[],"_animationSpeed":1,"_zoom":15.449},{"_mousePosition":[683,384],"_rootPartCFrame":[752.224,227.783,50.761,-0.418,0,0.908,0,1,0,-0.908,0,-0.418],"_humanoidState":5,"_cameraCFrame":[753.929,244.497,48.049,-0.418,-0.895,0.158,0,0.174,0.985,-0.908,0.412,-0.073],"_shiftlockState":true,"_pose":"FreeFall","_animationQueue":[],"_animationSpeed":1,"_zoom":15.449},{"_mousePosition":[683,384],"_rootPartCFrame":[751.921,227.116,50.9,-0.418,0,0.908,0,1,0,-0.908,0,-0.418],"_humanoidState":5,"_cameraCFrame":[753.676,243.826,48.197,-0.409,-0.899,0.16,0,0.175,0.985,-0.913,0.402,-0.072],"_shiftlockState":true,"_pose":"FreeFall","_animationQueue":[],"_animationSpeed":1,"_zoom":15.449},{"_mousePosition":[683,384],"_rootPartCFrame":[751.679,226.521,51.012,-0.41,0,0.912,0,1,0,-0.912,0,-0.41],"_humanoidState":5,"_cameraCFrame":[753.642,243.22,48.39,-0.356,-0.919,0.167,0,0.179,0.984,-0.934,0.351,-0.064],"_shiftlockState":true,"_pose":"FreeFall","_animationQueue":[],"_animationSpeed":1,"_zoom":15.449},{"_mousePosition":[683,384],"_rootPartCFrame":[751.435,225.872,51.121,-0.362,0,0.932,0,1,0,-0.932,0,-0.362],"_humanoidState":5,"_cameraCFrame":[753.861,242.55,48.783,-0.219,-0.959,0.182,0,0.186,0.982,-0.976,0.215,-0.041],"_shiftlockState":true,"_pose":"FreeFall","_animationQueue":[["fall",0.3]],"_animationSpeed":1,"_zoom":15.449},{"_mousePosition":[683,384],"_rootPartCFrame":[751.187,225.168,51.218,-0.234,0,0.972,0,1,0,-0.972,0,-0.234],"_humanoidState":5,"_cameraCFrame":[754.192,241.817,49.433,-0.012,-0.981,0.196,0,0.196,0.981,-1,0.011,-0.002],"_shiftlockState":true,"_pose":"FreeFall","_animationQueue":[],"_animationSpeed":1,"_zoom":15.449},{"_mousePosition":[683,384],"_rootPartCFrame":[750.931,224.409,51.291,-0.036,0,0.999,0,1,0,-0.999,0,-0.036],"_humanoidState":5,"_cameraCFrame":[754.248,241.054,50.122,0.181,-0.964,0.194,0,0.197,0.98,-0.983,-0.178,0.036],"_shiftlockState":true,"_pose":"FreeFall","_animationQueue":[],"_animationSpeed":1,"_zoom":15.449},{"_mousePosition":[683,384],"_rootPartCFrame":[750.669,223.596,51.328,0.155,0,0.988,0,1,0,-0.988,0,0.155],"_humanoidState":5,"_cameraCFrame":[754.028,240.26,50.625,0.323,-0.929,0.181,0,0.191,0.982,-0.946,-0.317,0.062],"_shiftlockState":true,"_pose":"FreeFall","_animationQueue":[],"_animationSpeed":1,"_zoom":15.449},{"_mousePosition":[683,384],"_rootPartCFrame":[750.405,222.729,51.325,0.302,0,0.953,0,1,0,-0.953,0,0.302],"_humanoidState":5,"_cameraCFrame":[753.717,239.414,50.914,0.415,-0.894,0.167,0,0.184,0.983,-0.91,-0.408,0.076],"_shiftlockState":true,"_pose":"FreeFall","_animationQueue":[],"_animationSpeed":1,"_zoom":15.449},{"_mousePosition":[683,384],"_rootPartCFrame":[750.151,222.096,51.249,0.415,0,0.91,0,1,0,-0.91,0,0.415],"_humanoidState":7,"_cameraCFrame":[753.459,238.786,50.997,0.461,-0.872,0.162,0,0.182,0.983,-0.887,-0.454,0.084],"_shiftlockState":true,"_pose":"FreeFall","_animationQueue":[["walk",0.1],["fall",0.3],["fall",0.3]],"_animationSpeed":1,"_zoom":15.449},{"_mousePosition":[683,384],"_rootPartCFrame":[749.907,222.114,51.142,0.463,0,0.887,0,1,0,-0.887,0,0.463],"_humanoidState":7,"_cameraCFrame":[753.229,238.802,50.948,0.475,-0.865,0.161,0,0.183,0.983,-0.88,-0.467,0.087],"_shiftlockState":true,"_pose":"FreeFall","_animationQueue":[["fall",0.3]],"_animationSpeed":1,"_zoom":15.449},{"_mousePosition":[683,384],"_rootPartCFrame":[749.729,222.172,51.052,0.475,0,0.88,0,1,0,-0.88,0,0.475],"_humanoidState":7,"_cameraCFrame":[753.051,238.86,50.857,0.475,-0.865,0.161,0,0.183,0.983,-0.88,-0.467,0.087],"_shiftlockState":true,"_pose":"FreeFall","_animationQueue":[],"_animationSpeed":1,"_zoom":15.449},{"_mousePosition":[683,384],"_rootPartCFrame":[749.435,222.235,50.894,0.475,0,0.88,0,1,0,-0.88,0,0.475],"_humanoidState":8,"_cameraCFrame":[752.768,238.921,50.705,0.475,-0.865,0.162,0,0.184,0.983,-0.88,-0.467,0.087],"_shiftlockState":true,"_pose":"Running","_animationQueue":[["walk",0.1],["fall",0.3],["walk",0.1]],"_animationSpeed":1.103,"_zoom":15.449},{"_mousePosition":[683,384],"_rootPartCFrame":[749.201,222.273,50.767,0.475,0,0.88,0,1,0,-0.88,0,0.475],"_humanoidState":8,"_cameraCFrame":[752.533,238.958,50.578,0.475,-0.865,0.162,0,0.184,0.983,-0.88,-0.467,0.087],"_shiftlockState":true,"_pose":"Running","_animationQueue":[],"_animationSpeed":1.103,"_zoom":15.449},{"_mousePosition":[683,384],"_rootPartCFrame":[748.966,222.282,50.64,0.475,0,0.88,0,1,0,-0.88,0,0.475],"_humanoidState":8,"_cameraCFrame":[752.31,238.965,50.475,0.48,-0.862,0.162,0,0.185,0.983,-0.877,-0.472,0.089],"_shiftlockState":true,"_pose":"Running","_animationQueue":[],"_animationSpeed":1.103,"_zoom":15.449},{"_mousePosition":[683,384],"_rootPartCFrame":[748.673,222.283,50.482,0.48,0,0.877,0,1,0,-0.877,0,0.48],"_humanoidState":8,"_cameraCFrame":[752.009,238.968,50.387,0.5,-0.851,0.159,0,0.184,0.983,-0.866,-0.491,0.092],"_shiftlockState":true,"_pose":"Running","_animationQueue":[],"_animationSpeed":1.103,"_zoom":15.449},{"_mousePosition":[683,384],"_rootPartCFrame":[748.438,222.249,50.355,0.5,0,0.866,0,1,0,-0.866,0,0.5],"_humanoidState":8,"_cameraCFrame":[751.734,238.943,50.333,0.525,-0.837,0.154,0,0.181,0.984,-0.851,-0.516,0.095],"_shiftlockState":true,"_pose":"Running","_animationQueue":[["walk",0.1]],"_animationSpeed":1.103,"_zoom":15.449},{"_mousePosition":[683,384],"_rootPartCFrame":[748.204,222.16,50.229,0.525,0,0.851,0,1,0,-0.851,0,0.525],"_humanoidState":8,"_cameraCFrame":[751.406,238.875,50.309,0.567,-0.811,0.143,0,0.174,0.985,-0.824,-0.559,0.099],"_shiftlockState":true,"_pose":"Running","_animationQueue":[],"_animationSpeed":1.103,"_zoom":15.449},{"_mousePosition":[683,384],"_rootPartCFrame":[747.969,222.017,50.102,0.567,0,0.824,0,1,0,-0.824,0,0.567],"_humanoidState":8,"_cameraCFrame":[751.165,238.732,50.32,0.602,-0.786,0.139,0,0.174,0.985,-0.798,-0.593,0.105],"_shiftlockState":true,"_pose":"Running","_animationQueue":[],"_animationSpeed":1.103,"_zoom":15.449},{"_mousePosition":[683,384],"_rootPartCFrame":[747.734,221.82,49.975,0.602,0,0.798,0,1,0,-0.798,0,0.602],"_humanoidState":8,"_cameraCFrame":[750.921,238.534,50.297,0.628,-0.767,0.135,0,0.174,0.985,-0.778,-0.618,0.109],"_shiftlockState":true,"_pose":"Running","_animationQueue":[],"_animationSpeed":1.103,"_zoom":15.449},{"_mousePosition":[683,384],"_rootPartCFrame":[747.5,221.568,49.848,0.628,0,0.778,0,1,0,-0.778,0,0.628],"_humanoidState":8,"_cameraCFrame":[750.681,238.282,50.223,0.641,-0.756,0.133,0,0.174,0.985,-0.768,-0.631,0.111],"_shiftlockState":true,"_pose":"Running","_animationQueue":[],"_animationSpeed":1.103,"_zoom":15.449},{"_mousePosition":[683,384],"_rootPartCFrame":[747.207,222.651,49.69,0.641,0,0.768,0,1,0,-0.768,0,0.641],"_humanoidState":3,"_cameraCFrame":[750.384,239.366,50.095,0.648,-0.75,0.132,0,0.174,0.985,-0.762,-0.638,0.112],"_shiftlockState":true,"_pose":"Jumping","_animationQueue":[["walk",0.1],["jump",0.1]],"_animationSpeed":1,"_zoom":15.449},{"_mousePosition":[683,384],"_rootPartCFrame":[747.039,223.263,49.582,0.647,0,0.762,0,1,0,-0.762,0,0.647],"_humanoidState":5,"_cameraCFrame":[750.212,239.977,50.021,0.656,-0.743,0.131,0,0.174,0.985,-0.755,-0.646,0.114],"_shiftlockState":true,"_pose":"FreeFall","_animationQueue":[["jump",0.1]],"_animationSpeed":1,"_zoom":15.449},{"_mousePosition":[683,384],"_rootPartCFrame":[746.832,224.03,49.415,0.655,0,0.756,0,1,0,-0.756,0,0.655],"_humanoidState":5,"_cameraCFrame":[749.999,240.745,49.896,0.666,-0.735,0.13,0,0.174,0.985,-0.746,-0.656,0.116],"_shiftlockState":true,"_pose":"FreeFall","_animationQueue":[],"_animationSpeed":1,"_zoom":15.449},{"_mousePosition":[683,384],"_rootPartCFrame":[746.631,224.743,49.24,0.665,0,0.747,0,1,0,-0.747,0,0.665],"_humanoidState":5,"_cameraCFrame":[749.792,241.458,49.755,0.674,-0.728,0.128,0,0.174,0.985,-0.739,-0.664,0.117],"_shiftlockState":true,"_pose":"FreeFall","_animationQueue":[],"_animationSpeed":1,"_zoom":15.449},{"_mousePosition":[683,384],"_rootPartCFrame":[746.431,225.402,49.063,0.673,0,0.74,0,1,0,-0.74,0,0.673],"_humanoidState":5,"_cameraCFrame":[749.586,242.116,49.621,0.684,-0.719,0.127,0,0.174,0.985,-0.73,-0.673,0.119],"_shiftlockState":true,"_pose":"FreeFall","_animationQueue":[],"_animationSpeed":1,"_zoom":15.449},{"_mousePosition":[683,384],"_rootPartCFrame":[746.234,226.006,48.884,0.683,0,0.731,0,1,0,-0.731,0,0.683],"_humanoidState":5,"_cameraCFrame":[749.38,242.72,49.484,0.694,-0.709,0.125,0,0.174,0.985,-0.72,-0.683,0.12],"_shiftlockState":true,"_pose":"FreeFall","_animationQueue":[],"_animationSpeed":1,"_zoom":15.449},{"_mousePosition":[683,384],"_rootPartCFrame":[746.039,226.555,48.702,0.692,0,0.722,0,1,0,-0.722,0,0.692],"_humanoidState":5,"_cameraCFrame":[749.176,243.27,49.348,0.704,-0.699,0.123,0,0.174,0.985,-0.71,-0.693,0.122],"_shiftlockState":true,"_pose":"FreeFall","_animationQueue":[],"_animationSpeed":1,"_zoom":15.449},{"_mousePosition":[683,384],"_rootPartCFrame":[745.847,227.05,48.517,0.703,0,0.711,0,1,0,-0.711,0,0.703],"_humanoidState":5,"_cameraCFrame":[748.977,243.765,49.193,0.711,-0.693,0.122,0,0.174,0.985,-0.703,-0.7,0.123],"_shiftlockState":true,"_pose":"FreeFall","_animationQueue":[],"_animationSpeed":1,"_zoom":15.449},{"_mousePosition":[683,384],"_rootPartCFrame":[745.657,227.491,48.33,0.71,0,0.704,0,1,0,-0.704,0,0.71],"_humanoidState":5,"_cameraCFrame":[748.783,244.205,49.029,0.716,-0.688,0.121,0,0.174,0.985,-0.698,-0.705,0.124],"_shiftlockState":true,"_pose":"FreeFall","_animationQueue":[],"_animationSpeed":1,"_zoom":15.449},{"_mousePosition":[683,384],"_rootPartCFrame":[745.469,227.877,48.141,0.715,0,0.699,0,1,0,-0.699,0,0.715],"_humanoidState":5,"_cameraCFrame":[748.592,244.591,48.853,0.719,-0.685,0.121,0,0.174,0.985,-0.695,-0.708,0.125],"_shiftlockState":true,"_pose":"FreeFall","_animationQueue":[],"_animationSpeed":1,"_zoom":15.449},{"_mousePosition":[683,384],"_rootPartCFrame":[745.283,228.208,47.95,0.718,0,0.696,0,1,0,-0.696,0,0.718],"_humanoidState":5,"_cameraCFrame":[748.403,244.923,48.675,0.722,-0.682,0.12,0,0.174,0.985,-0.692,-0.711,0.125],"_shiftlockState":true,"_pose":"FreeFall","_animationQueue":[],"_animationSpeed":1,"_zoom":15.449},{"_mousePosition":[683,384],"_rootPartCFrame":[745.097,228.486,47.759,0.721,0,0.693,0,1,0,-0.693,0,0.721],"_humanoidState":5,"_cameraCFrame":[748.214,245.2,48.49