[{"_mousePosition":[812,248],"_rootPartCFrame":[776.028,222.7,47.142,0.002,0,1,0,1,0,-1,0,0.002],"_humanoidState":8,"_cameraCFrame":[776.809,240.08,44.453,-0.96,-0.275,0.048,0,0.174,0.985,-0.279,0.946,-0.167],"_shiftlockState":false,"_pose":"Standing","_animationQueue":[],"_animationSpeed":1,"_zoom":16.125},{"_mousePosition":[812,248],"_rootPartCFrame":[775.863,222.7,47.094,0.03,0,1,0,1,0,-1,0,0.03],"_humanoidState":8,"_cameraCFrame":[776.644,240.08,44.405,-0.96,-0.275,0.048,0,0.174,0.985,-0.279,0.946,-0.167],"_shiftlockState":false,"_pose":"Standing","_animationQueue":[],"_animationSpeed":1,"_zoom":16.125},{"_mousePosition":[812,248],"_rootPartCFrame":[775.609,222.7,47.021,0.064,0,0.998,0,1,0,-0.998,0,0.064],"_humanoidState":8,"_cameraCFrame":[776.383,240.08,44.33,-0.961,-0.272,0.048,0,0.174,0.985,-0.276,0.946,-0.167],"_shiftlockState":false,"_pose":"Running","_animationQueue":[["walk",0.1]],"_animationSpeed":1.003,"_zoom":16.125},{"_mousePosition":[812,248],"_rootPartCFrame":[775.353,222.7,46.946,0.093,0,0.996,0,1,0,-0.996,0,0.093],"_humanoidState":8,"_cameraCFrame":[776.127,240.08,44.255,-0.961,-0.272,0.048,0,0.174,0.985,-0.276,0.946,-0.167],"_shiftlockState":false,"_pose":"Running","_animationQueue":[["walk",0.1]],"_animationSpeed":1.101,"_zoom":16.125},{"_mousePosition":[812,248],"_rootPartCFrame":[775.096,222.7,46.872,0.118,0,0.993,0,1,0,-0.993,0,0.118],"_humanoidState":8,"_cameraCFrame":[775.871,240.08,44.182,-0.961,-0.272,0.048,0,0.174,0.985,-0.276,0.946,-0.167],"_shiftlockState":false,"_pose":"Running","_animationQueue":[],"_animationSpeed":1.101,"_zoom":16.125},{"_mousePosition":[812,248],"_rootPartCFrame":[774.84,222.7,46.799,0.14,0,0.99,0,1,0,-0.99,0,0.14],"_humanoidState":8,"_cameraCFrame":[775.614,240.08,44.108,-0.961,-0.272,0.048,0,0.174,0.985,-0.276,0.946,-0.167],"_shiftlockState":false,"_pose":"Running","_animationQueue":[["walk",0.1]],"_animationSpeed":1.101,"_zoom":16.125},{"_mousePosition":[812,248],"_rootPartCFrame":[774.584,222.7,46.725,0.159,0,0.987,0,1,0,-0.987,0,0.159],"_humanoidState":8,"_cameraCFrame":[775.358,240.08,44.034,-0.961,-0.272,0.048,0,0.174,0.985,-0.276,0.946,-0.167],"_shiftlockState":false,"_pose":"Running","_animationQueue":[],"_animationSpeed":1.101,"_zoom":16.125},{"_mousePosition":[812,248],"_rootPartCFrame":[774.328,222.7,46.651,0.175,0,0.985,0,1,0,-0.985,0,0.175],"_humanoidState":8,"_cameraCFrame":[775.102,240.08,43.96,-0.961,-0.272,0.048,0,0.174,0.985,-0.276,0.946,-0.167],"_shiftlockState":false,"_pose":"Running","_animationQueue":[],"_animationSpeed":1.101,"_zoom":16.125},{"_mousePosition":[812,248],"_rootPartCFrame":[774.072,222.7,46.578,0.189,0,0.982,0,1,0,-0.982,0,0.189],"_humanoidState":8,"_cameraCFrame":[774.859,240.08,43.891,-0.96,-0.277,0.049,0,0.174,0.985,-0.281,0.945,-0.167],"_shiftlockState":false,"_pose":"Running","_animationQueue":[],"_animationSpeed":1.101,"_zoom":16.125},{"_mousePosition":[812,248],"_rootPartCFrame":[773.815,222.7,46.504,0.201,0,0.98,0,1,0,-0.98,0,0.201],"_humanoidState":8,"_cameraCFrame":[774.637,240.08,43.827,-0.956,-0.289,0.051,0,0.174,0.985,-0.293,0.941,-0.166],"_shiftlockState":false,"_pose":"Running","_animationQueue":[],"_animationSpeed":1.101,"_zoom":16.125},{"_mousePosition":[812,248],"_rootPartCFrame":[773.559,222.7,46.429,0.212,0,0.977,0,1,0,-0.977,0,0.212],"_humanoidState":8,"_cameraCFrame":[774.422,240.08,43.765,-0.951,-0.303,0.053,0,0.174,0.985,-0.308,0.937,-0.165],"_shiftlockState":false,"_pose":"Running","_animationQueue":[],"_animationSpeed":1.101,"_zoom":16.125},{"_mousePosition":[812,248],"_rootPartCFrame":[773.304,222.7,46.351,0.223,0,0.975,0,1,0,-0.975,0,0.223],"_humanoidState":8,"_cameraCFrame":[774.22,240.08,43.705,-0.945,-0.322,0.057,0,0.174,0.985,-0.327,0.931,-0.164],"_shiftlockState":false,"_pose":"Running","_animationQueue":[["walk",0.1]],"_animationSpeed":1.101,"_zoom":16.125},{"_mousePosition":[812,248],"_rootPartCFrame":[773.051,222.7,46.269,0.234,0,0.972,0,1,0,-0.972,0,0.234],"_humanoidState":8,"_cameraCFrame":[774.027,240.08,43.645,-0.937,-0.343,0.061,0,0.174,0.985,-0.349,0.923,-0.163],"_shiftlockState":false,"_pose":"Running","_animationQueue":[],"_animationSpeed":1.101,"_zoom":16.125},{"_mousePosition":[812,248],"_rootPartCFrame":[772.798,222.7,46.182,0.246,0,0.969,0,1,0,-0.969,0,0.246],"_humanoidState":8,"_cameraCFrame":[773.841,240.08,43.583,-0.928,-0.367,0.065,0,0.174,0.985,-0.372,0.914,-0.161],"_shiftlockState":false,"_pose":"Running","_animationQueue":[],"_animationSpeed":1.101,"_zoom":16.125},{"_mousePosition":[812,248],"_rootPartCFrame":[772.548,222.7,46.09,0.26,0,0.966,0,1,0,-0.966,0,0.26],"_humanoidState":8,"_cameraCFrame":[773.649,240.08,43.515,-0.919,-0.387,0.068,0,0.174,0.985,-0.393,0.905,-0.16],"_shiftlockState":false,"_pose":"Running","_animationQueue":[],"_animationSpeed":1.101,"_zoom":16.125},{"_mousePosition":[812,248],"_rootPartCFrame":[772.301,222.7,45.991,0.275,0,0.961,0,1,0,-0.961,0,0.275],"_humanoidState":8,"_cameraCFrame":[773.441,240.08,43.434,-0.913,-0.401,0.071,0,0.174,0.985,-0.407,0.899,-0.159],"_shiftlockState":false,"_pose":"Running","_animationQueue":[],"_animationSpeed":1.101,"_zoom":16.125},{"_mousePosition":[812,248],"_rootPartCFrame":[772.055,222.7,45.887,0.291,0,0.957,0,1,0,-0.957,0,0.291],"_humanoidState":8,"_cameraCFrame":[773.221,240.08,43.341,-0.909,-0.41,0.072,0,0.174,0.985,-0.416,0.895,-0.158],"_shiftlockState":false,"_pose":"Running","_animationQueue":[],"_animationSpeed":1.101,"_zoom":16.125},{"_mousePosition":[812,248],"_rootPartCFrame":[771.812,222.7,45.778,0.307,0,0.952,0,1,0,-0.952,0,0.307],"_humanoidState":8,"_cameraCFrame":[772.977,240.08,43.233,-0.909,-0.41,0.072,0,0.174,0.985,-0.416,0.895,-0.158],"_shiftlockState":false,"_pose":"Running","_animationQueue":[],"_animationSpeed":1.101,"_zoom":16.125},{"_mousePosition":[812,248],"_rootPartCFrame":[771.569,222.7,45.668,0.322,0,0.947,0,1,0,-0.947,0,0.322],"_humanoidState":8,"_cameraCFrame":[772.735,240.08,43.122,-0.909,-0.41,0.072,0,0.174,0.985,-0.416,0.895,-0.158],"_shiftlockState":false,"_pose":"Running","_animationQueue":[["walk",0.1]],"_animationSpeed":1.101,"_zoom":16.125},{"_mousePosition":[812,248],"_rootPartCFrame":[771.327,222.7,45.557,0.335,0,0.942,0,1,0,-0.942,0,0.335],"_humanoidState":8,"_cameraCFrame":[772.499,240.08,43.014,-0.908,-0.412,0.073,0,0.174,0.985,-0.419,0.894,-0.158],"_shiftlockState":false,"_pose":"Running","_animationQueue":[],"_animationSpeed":1.101,"_zoom":16.125},{"_mousePosition":[812,248],"_rootPartCFrame":[771.084,222.7,45.446,0.346,0,0.938,0,1,0,-0.938,0,0.346],"_humanoidState":8,"_cameraCFrame":[772.257,240.08,42.903,-0.908,-0.412,0.073,0,0.174,0.985,-0.419,0.894,-0.158],"_shiftlockState":false,"_pose":"Running","_animationQueue":[],"_animationSpeed":1.101,"_zoom":16.125},{"_mousePosition":[812,248],"_rootPartCFrame":[770.842,222.7,45.334,0.356,0,0.934,0,1,0,-0.934,0,0.356],"_humanoidState":8,"_cameraCFrame":[770.425,240.08,42.058,-0.908,-0.412,0.073,0,0.174,0.985,-0.419,0.894,-0.158],"_shiftlockState":true,"_pose":"Running","_animationQueue":[],"_animationSpeed":1.101,"_zoom":16.125},{"_mousePosition":[683,357.5],"_rootPartCFrame":[770.6,222.7,45.222,-0.942,0,0.336,0,1,0,-0.336,0,-0.942],"_humanoidState":8,"_cameraCFrame":[770.183,240.08,41.947,-0.908,-0.412,0.073,0,0.174,0.985,-0.419,0.894,-0.158],"_shiftlockState":true,"_pose":"Running","_animationQueue":[],"_animationSpeed":1.101,"_zoom":16.125},{"_mousePosition":[683,357.5],"_rootPartCFrame":[770.358,222.7,45.111,-0.912,0,0.41,0,1,0,-0.41,0,-0.912],"_humanoidState":8,"_cameraCFrame":[769.941,240.08,41.835,-0.908,-0.412,0.073,0,0.174,0.985,-0.419,0.894,-0.158],"_shiftlockState":true,"_pose":"Running","_animationQueue":[],"_animationSpeed":1.101,"_zoom":16.125},{"_mousePosition":[683,357.5],"_rootPartCFrame":[770.115,222.7,44.999,-0.908,0,0.418,0,1,0,-0.418,0,-0.908],"_humanoidState":8,"_cameraCFrame":[769.699,240.08,41.724,-0.908,-0.412,0.073,0,0.174,0.985,-0.419,0.894,-0.158],"_shiftlockState":true,"_pose":"Running","_animationQueue":[],"_animationSpeed":1.101,"_zoom":16.125},{"_mousePosition":[683,357.5],"_rootPartCFrame":[769.873,223.563,44.887,-0.908,0,0.419,0,1,0,-0.419,0,-0.908],"_humanoidState":3,"_cameraCFrame":[769.456,240.943,41.612,-0.908,-0.412,0.073,0,0.174,0.985,-0.419,0.894,-0.158],"_shiftlockState":true,"_pose":"Jumping","_animationQueue":[["walk",0.1],["walk",0.1],["jump",0.1]],"_animationSpeed":1,"_zoom":16.125},{"_mousePosition":[683,357.5],"_rootPartCFrame":[769.631,224.371,44.776,-0.866,0,0.5,0,1,0,-0.5,0,-0.866],"_humanoidState":5,"_cameraCFrame":[769.206,241.751,41.501,-0.909,-0.41,0.072,0,0.174,0.985,-0.416,0.895,-0.158],"_shiftlockState":true,"_pose":"FreeFall","_animationQueue":[["jump",0.1]],"_animationSpeed":1,"_zoom":16.125},{"_mousePosition":[683,357.5],"_rootPartCFrame":[769.389,225.125,44.664,-0.848,0,0.529,0,1,0,-0.529,0,-0.848],"_humanoidState":5,"_cameraCFrame":[768.947,242.505,41.392,-0.911,-0.405,0.072,0,0.174,0.985,-0.412,0.897,-0.158],"_shiftlockState":true,"_pose":"FreeFall","_animationQueue":[],"_animationSpeed":1,"_zoom":16.125},{"_mousePosition":[683,357.5],"_rootPartCFrame":[769.146,225.824,44.553,-0.849,0,0.529,0,1,0,-0.529,0,-0.849],"_humanoidState":5,"_cameraCFrame":[768.672,243.204,41.285,-0.915,-0.396,0.07,0,0.174,0.985,-0.403,0.902,-0.159],"_shiftlockState":true,"_pose":"FreeFall","_animationQueue":[],"_animationSpeed":1,"_zoom":16.125},{"_mousePosition":[683,357.5],"_rootPartCFrame":[768.904,226.469,44.443,-0.854,0,0.521,0,1,0,-0.521,0,-0.854],"_humanoidState":5,"_cameraCFrame":[768.396,243.849,41.18,-0.919,-0.387,0.068,0,0.174,0.985,-0.393,0.905,-0.16],"_shiftlockState":true,"_pose":"FreeFall","_animationQueue":[],"_animationSpeed":1,"_zoom":16.125},{"_mousePosition":[683,357.5],"_rootPartCFrame":[768.66,227.06,44.335,-0.859,0,0.512,0,1,0,-0.512,0,-0.859],"_humanoidState":5,"_cameraCFrame":[768.11,244.44,41.079,-0.924,-0.376,0.066,0,0.174,0.985,-0.382,0.91,-0.161],"_shiftlockState":true,"_pose":"FreeFall","_animationQueue":[],"_animationSpeed":1,"_zoom":16.125},{"_mousePosition":[683,357.5],"_rootPartCFrame":[768.415,227.595,44.23,-0.865,0,0.501,0,1,0,-0.501,0,-0.865],"_humanoidState":5,"_cameraCFrame":[767.824,244.975,40.981,-0.929,-0.364,0.064,0,0.174,0.985,-0.37,0.915,-0.161],"_shiftlockState":true,"_pose":"FreeFall","_animationQueue":[],"_animationSpeed":1,"_zoom":16.125},{"_mousePosition":[683,357.5],"_rootPartCFrame":[768.168,228.077,44.128,-0.872,0,0.49,0,1,0,-0.49,0,-0.872],"_humanoidState":5,"_cameraCFrame":[767.512,245.185,40.933,-0.935,-0.35,0.062,0,0.174,0.985,-0.356,0.92,-0.162],"_shiftlockState":true,"_pose":"FreeFall","_animationQueue":[],"_animationSpeed":1,"_zoom":16.125},{"_mousePosition":[683,357.5],"_rootPartCFrame":[767.921,228.504,44.029,-0.879,0,0.477,0,1,0,-0.477,0,-0.879],"_humanoidState":5,"_cameraCFrame":[767.222,245.066,40.926,-0.936,-0.348,0.061,0,0.174,0.985,-0.353,0.921,-0.162],"_shiftlockState":true,"_pose":"FreeFall","_animationQueue":[],"_animationSpeed":1,"_zoom":16.125},{"_mousePosition":[683,357.5],"_rootPartCFrame":[767.734,228.788,43.957,-0.896,0,0.445,0,1,0,-0.445,0,-0.896],"_humanoidState":5,"_cameraCFrame":[766.976,244.763,40.957,-0.938,-0.341,0.06,0,0.174,0.985,-0.346,0.924,-0.163],"_shiftlockState":true,"_pose":"FreeFall","_animationQueue":[],"_animationSpeed":1,"_zoom":16.125},{"_mousePosition":[683,357.5],"_rootPartCFrame":[767.484,229.12,43.863,-0.884,0,0.468,0,1,0,-0.468,0,-0.884],"_humanoidState":5,"_cameraCFrame":[766.685,244.541,40.956,-0.939,-0.339,0.06,0,0.174,0.985,-0.344,0.925,-0.163],"_shiftlockState":true,"_pose":"FreeFall","_animationQueue":[],"_animationSpeed":1,"_zoom":16.125},{"_mousePosition":[683,357.5],"_rootPartCFrame":[767.172,229.457,43.747,-0.869,0,0.495,0,1,0,-0.495,0,-0.869],"_humanoidState":5,"_cameraCFrame":[766.331,244.433,40.918,-0.941,-0.334,0.059,0,0.174,0.985,-0.339,0.926,-0.163],"_shiftlockState":true,"_pose":"FreeFall","_animationQueue":[],"_animationSpeed":1,"_zoom":16.125},{"_mousePosition":[683,357.5],"_rootPartCFrame":[766.921,229.666,43.655,-0.887,0,0.461,0,1,0,-0.461,0,-0.887],"_humanoidState":5,"_cameraCFrame":[766.046,244.301,40.887,-0.942,-0.329,0.058,0,0.174,0.985,-0.334,0.928,-0.164],"_shiftlockState":true,"_pose":"FreeFall","_animationQueue":[],"_animationSpeed":1,"_zoom":16.125},{"_mousePosition":[683,357.5],"_rootPartCFrame":[766.733,229.787,43.587,-0.904,0,0.427,0,1,0,-0.427,0,-0.904],"_humanoidState":5,"_cameraCFrame":[765.823,244.172,40.868,-0.945,-0.322,0.057,0,0.174,0.985,-0.327,0.931,-0.164],"_shiftlockState":true,"_pose":"FreeFall","_animationQueue":[],"_animationSpeed":1,"_zoom":16.125},{"_mousePosition":[683,357.5],"_rootPartCFrame":[766.419,229.921,43.476,-0.878,0,0.479,0,1,0,-0.479,0,-0.878],"_humanoidState":5,"_cameraCFrame":[765.478,244.126,40.793,-0.947,-0.315,0.056,0,0.174,0.985,-0.32,0.933,-0.165],"_shiftlockState":true,"_pose":"FreeFall","_animationQueue":[],"_animationSpeed":1,"_zoom":16.125},{"_mousePosition":[683,357.5],"_rootPartCFrame":[766.167,229.966,43.388,-0.897,0,0.443,0,1,0,-0.443,0,-0.897],"_humanoidState":5,"_cameraCFrame":[765.199,244.058,40.732,-0.95,-0.308,0.054,0,0.174,0.985,-0.313,0.935,-0.165],"_shiftlockState":true,"_pose":"FreeFall","_animationQueue":[],"_animationSpeed":1,"_zoom":16.125},{"_mousePosition":[683,357.5],"_rootPartCFrame":[765.915,229.957,43.303,-0.9,0,0.436,0,1,0,-0.436,0,-0.9],"_humanoidState":5,"_cameraCFrame":[764.922,243.958,40.669,-0.952,-0.301,0.053,0,0.174,0.985,-0.306,0.938,-0.165],"_shiftlockState":true,"_pose":"FreeFall","_animationQueue":[],"_animationSpeed":1,"_zoom":16.125},{"_mousePosition":[683,357.5],"_rootPartCFrame":[765.662,229.893,43.219,-0.903,0,0.429,0,1,0,-0.429,0,-0.903],"_humanoidState":5,"_cameraCFrame":[764.639,243.828,40.607,-0.955,-0.291,0.051,0,0.174,0.985,-0.296,0.941,-0.166],"_shiftlockState":true,"_pose":"FreeFall","_animationQueue":[],"_animationSpeed":1,"_zoom":16.125},{"_mousePosition":[683,357.5],"_rootPartCFrame":[765.408,229.775,43.137,-0.907,0,0.42,0,1,0,-0.42,0,-0.907],"_humanoidState":5,"_cameraCFrame":[764.363,243.671,40.539,-0.957,-0.284,0.05,0,0.174,0.985,-0.289,0.943,-0.166],"_shiftlockState":true,"_pose":"FreeFall","_animationQueue":[],"_animationSpeed":1,"_zoom":16.125},{"_mousePosition":[683,357.5],"_rootPartCFrame":[765.217,229.651,43.078,-0.924,0,0.383,0,1,0,-0.383,0,-0.924],"_humanoidState":5,"_cameraCFrame":[764.158,243.517,40.49,-0.959,-0.279,0.049,0,0.174,0.985,-0.284,0.944,-0.167],"_shiftlockState":true,"_pose":"FreeFall","_animationQueue":[],"_animationSpeed":1,"_zoom":16.125},{"_mousePosition":[683,357.5],"_rootPartCFrame":[764.898,229.375,42.981,-0.899,0,0.439,0,1,0,-0.439,0,-0.899],"_humanoidState":5,"_cameraCFrame":[763.831,243.223,40.399,-0.96,-0.277,0.049,0,0.174,0.985,-0.281,0.945,-0.167],"_shiftlockState":true,"_pose":"FreeFall","_animationQueue":[],"_animationSpeed":1,"_zoom":16.125},{"_mousePosition":[683,357.5],"_rootPartCFrame":[764.642,229.094,42.905,-0.914,0,0.406,0,1,0,-0.406,0,-0.914],"_humanoidState":5,"_cameraCFrame":[763.575,242.929,40.326,-0.96,-0.277,0.049,0,0.174,0.985,-0.281,0.945,-0.167],"_shiftlockState":true,"_pose":"FreeFall","_animationQueue":[["fall",0.3]],"_animationSpeed":1,"_zoom":16.125},{"_mousePosition":[683,357.5],"_rootPartCFrame":[764.45,228.847,42.849,-0.927,0,0.376,0,1,0,-0.376,0,-0.927],"_humanoidState":5,"_cameraCFrame":[763.382,242.673,40.271,-0.96,-0.277,0.049,0,0.174,0.985,-0.281,0.945,-0.167],"_shiftlockState":true,"_pose":"FreeFall","_animationQueue":[],"_animationSpeed":1,"_zoom":16.125},{"_mousePosition":[683,357.5],"_rootPartCFrame":[764.13,228.367,42.755,-0.9,0,0.437,0,1,0,-0.437,0,-0.9],"_humanoidState":5,"_cameraCFrame":[763.062,242.188,40.178,-0.96,-0.277,0.049,0,0.174,0.985,-0.281,0.945,-0.167],"_shiftlockState":true,"_pose":"FreeFall","_animationQueue":[],"_animationSpeed":1,"_zoom":16.125},{"_mousePosition":[683,357.5],"_rootPartCFrame":[763.875,227.922,42.68,-0.914,0,0.406,0,1,0,-0.406,0,-0.914],"_humanoidState":5,"_cameraCFrame":[762.806,241.74,40.103,-0.96,-0.277,0.049,0,0.174,0.985,-0.281,0.945,-0.167],"_shiftlockState":true,"_pose":"FreeFall","_animationQueue":[],"_animationSpeed":1,"_zoom":16.125},{"_mousePosition":[683,357.5],"_rootPartCFrame":[763.683,227.552,42.624,-0.927,0,0.376,0,1,0,-0.376,0,-0.927],"_humanoidState":5,"_cameraCFrame":[762.621,241.367,40.045,-0.959,-0.279,0.049,0,0.174,0.985,-0.284,0.944,-0.167],"_shiftlockState":true,"_pose":"FreeFall","_animationQueue":[],"_animationSpeed":1,"_zoom":16.125},{"_mousePosition":[683,357.5],"_rootPartCFrame":[763.363,226.868,42.53,-0.899,0,0.439,0,1,0,-0.439,0,-0.899],"_humanoidState":5,"_cameraCFrame":[762.34,240.682,39.936,-0.954,-0.294,0.052,0,0.174,0.985,-0.298,0.94,-0.166],"_shiftlockState":true,"_pose":"FreeFall","_animationQueue":[],"_animationSpeed":1,"_zoom":16.125},{"_mousePosition":[683,357.5],"_rootPartCFrame":[763.107,226.26,42.454,-0.906,0,0.422,0,1,0,-0.422,0,-0.906],"_humanoidState":5,"_cameraCFrame":[762.184,240.072,39.823,-0.942,-0.329,0.058,0,0.174,0.985,-0.334,0.928,-0.164],"_shiftlockState":true,"_pose":"FreeFall","_animationQueue":[["fall",0.3]],"_animationSpeed":1,"_zoom":16.125},{"_mousePosition":[683,357.5],"_rootPartCFrame":[762.852,225.597,42.375,-0.89,0,0.457,0,1,0,-0.457,0,-0.89],"_humanoidState":5,"_cameraCFrame":[762.09,239.408,39.693,-0.92,-0.385,0.068,0,0.174,0.985,-0.391,0.906,-0.16],"_shiftlockState":true,"_pose":"FreeFall","_animationQueue":[],"_animationSpeed":1,"_zoom":16.125},{"_mousePosition":[683,357.5],"_rootPartCFrame":[762.601,224.879,42.288,-0.86,0,0.51,0,1,0,-0.51,0,-0.86],"_humanoidState":5,"_cameraCFrame":[762.037,238.69,39.557,-0.889,-0.45,0.079,0,0.174,0.985,-0.457,0.876,-0.154],"_shiftlockState":true,"_pose":"FreeFall","_animationQueue":[],"_animationSpeed":1,"_zoom":16.125},{"_mousePosition":[683,357.5],"_rootPartCFrame":[762.354,224.107,42.186,-0.821,0,0.571,0,1,0,-0.571,0,-0.821],"_humanoidState":5,"_cameraCFrame":[762.013,237.918,39.418,-0.849,-0.52,0.092,0,0.174,0.985,-0.528,0.836,-0.147],"_shiftlockState":true,"_pose":"FreeFall","_animationQueue":[],"_animationSpeed":1,"_zoom":16.125},{"_mousePosition":[683,357.5],"_rootPartCFrame":[762.175,223.492,42.098,-0.792,0,0.61,0,1,0,-0.61,0,-0.792],"_humanoidState":5,"_cameraCFrame":[762.038,237.303,39.313,-0.808,-0.58,0.102,0,0.174,0.985,-0.589,0.796,-0.14],"_shiftlockState":true,"_pose":"FreeFall","_animationQueue":[],"_animationSpeed":1,"_zoom":16.125},{"_mousePosition":[683,357.5],"_rootPartCFrame":[761.89,222.508,41.925,-0.782,0,0.623,0,1,0,-0.623,0,-0.782],"_humanoidState":7,"_cameraCFrame":[761.943,236.319,39.137,-0.766,-0.633,0.112,0,0.174,0.985,-0.642,0.755,-0.133],"_shiftlockState":true,"_pose":"FreeFall","_animationQueue":[["walk",0.1],["fall",0.3],["fall",0.3]],"_animationSpeed":1,"_zoom":16.125},{"_mousePosition":[683,357.5],"_rootPartCFrame":[761.673,222.46,41.77,-0.765,0,0.645,0,1,0,-0.645,0,-0.765],"_humanoidState":7,"_cameraCFrame":[761.762,236.27,38.983,-0.758,-0.642,0.113,0,0.174,0.985,-0.652,0.747,-0.132],"_shiftlockState":true,"_pose":"FreeFall","_animationQueue":[["fall",0.3]],"_animationSpeed":1,"_zoom":16.125},{"_mousePosition":[683,357.5],"_rootPartCFrame":[761.467,222.549,41.601,-0.758,0,0.652,0,1,0,-0.652,0,-0.758],"_humanoidState":8,"_cameraCFrame":[761.527,236.359,38.813,-0.765,-0.635,0.112,0,0.174,0.985,-0.644,0.753,-0.133],"_shiftlockState":true,"_pose":"Running","_animationQueue":[["walk",0.1],["fall",0.3],["walk",0.1]],"_animationSpeed":1.103,"_zoom":16.125},{"_mousePosition":[683,357.5],"_rootPartCFrame":[761.264,222.615,41.427,-0.765,0,0.644,0,1,0,-0.644,0,-0.765],"_humanoidState":8,"_cameraCFrame":[761.219,236.426,38.639,-0.789,-0.606,0.107,0,0.174,0.985,-0.615,0.777,-0.137],"_shiftlockState":true,"_pose":"Running","_animationQueue":[],"_animationSpeed":1.103,"_zoom":16.125},{"_mousePosition":[683,357.5],"_rootPartCFrame":[761.061,222.654,41.255,-0.789,0,0.615,0,1,0,-0.615,0,-0.789],"_humanoidState":8,"_cameraCFrame":[760.867,236.464,38.474,-0.82,-0.563,0.099,0,0.174,0.985,-0.572,0.808,-0.142],"_shiftlockState":true,"_pose":"Running","_animationQueue":[],"_animationSpeed":1.103,"_zoom":16.125},{"_mousePosition":[683,357.5],"_rootPartCFrame":[760.806,223.724,41.04,-0.82,0,0.572,0,1,0,-0.572,0,-0.82],"_humanoidState":3,"_cameraCFrame":[760.458,237.534,38.274,-0.851,-0.518,0.091,0,0.174,0.985,-0.526,0.838,-0.148],"_shiftlockState":true,"_pose":"Jumping","_animationQueue":[["walk",0.1],["jump",0.1]],"_animationSpeed":1,"_zoom":16.125},{"_mousePosition":[683,357.5],"_rootPartCFrame":[760.645,224.325,40.922,-0.816,0,0.578,0,1,0,-0.578,0,-0.816],"_humanoidState":5,"_cameraCFrame":[760.165,238.135,38.175,-0.875,-0.477,0.084,0,0.174,0.985,-0.484,0.862,-0.152],"_shiftlockState":true,"_pose":"FreeFall","_animationQueue":[["jump",0.1]],"_animationSpeed":1,"_zoom":16.125},{"_mousePosition":[683,357.5],"_rootPartCFrame":[760.42,225.079,40.779,-0.808,0,0.59,0,1,0,-0.59,0,-0.808],"_humanoidState":5,"_cameraCFrame":[759.849,238.889,38.05,-0.89,-0.448,0.079,0,0.174,0.985,-0.455,0.877,-0.155],"_shiftlockState":true,"_pose":"FreeFall","_animationQueue":[],"_animationSpeed":1,"_zoom":16.125},{"_mousePosition":[683,357.5],"_rootPartCFrame":[760.188,225.779,40.648,-0.823,0,0.569,0,1,0,-0.569,0,-0.823],"_humanoidState":5,"_cameraCFrame":[759.548,239.589,37.935,-0.902,-0.426,0.075,0,0.174,0.985,-0.432,0.888,-0.157],"_shiftlockState":true,"_pose":"FreeFall","_animationQueue":[],"_animationSpeed":1,"_zoom":16.125},{"_mousePosition":[683,357.5],"_rootPartCFrame":[759.951,226.423,40.526,-0.836,0,0.548,0,1,0,-0.548,0,-0.836],"_humanoidState":5,"_cameraCFrame":[759.257,240.234,37.826,-0.91,-0.408,0.072,0,0.174,0.985,-0.414,0.896,-0.158],"_shiftlockState":true,"_pose":"FreeFall","_animationQueue":[],"_animationSpeed":1,"_zoom":16.125},{"_mousePosition":[683,357.5],"_rootPartCFrame":[759.711,227.014,40.41,-0.847,0,0.531,0,1,0,-0.531,0,-0.847],"_humanoidState":5,"_cameraCFrame":[758.969,240.824,37.722,-0.917,-0.392,0.069,0,0.174,0.985,-0.398,0.904,-0.159],"_shiftlockState":true,"_pose":"FreeFall","_animationQueue":[],"_animationSpeed":1,"_zoom":16.125},{"_mousePosition":[683,357.5],"_rootPartCFrame":[759.529,227.421,40.326,-0.873,0,0.487,0,1,0,-0.487,0,-0.873],"_humanoidState":5,"_cameraCFrame":[758.726,241.231,37.656,-0.926,-0.371,0.065,0,0.174,0.985,-0.377,0.912,-0.161],"_shiftlockState":true,"_pose":"FreeFall","_animationQueue":[],"_animationSpeed":1,"_zoom":16.125},{"_mousePosition":[683,357.5],"_rootPartCFrame":[759.223,228.031,40.193,-0.851,0,0.525,0,1,0,-0.525,0,-0.851],"_humanoidState":5,"_cameraCFrame":[758.3,241.841,37.562,-0.942,-0.329,0.058,0,0.174,0.985,-0.334,0.928,-0.164],"_shiftlockState":true,"_pose":"FreeFall","_animationQueue":[],"_animationSpeed":1,"_zoom":16.125},{"_mousePosition":[683,357.5],"_rootPartCFrame":[758.977,228.458,40.092,-0.89,0,0.457,0,1,0,-0.457,0,-0.89],"_humanoidState":5,"_cameraCFrame":[757.961,242.268,37.495,-0.954,-0.296,0.052,0,0.174,0.985,-0.301,0.939,-0.166],"_shiftlockState":true,"_pose":"FreeFall","_animationQueue":[],"_animationSpeed":1,"_zoom":16.125},{"_mousePosition":[683,357.5],"_rootPartCFrame":[758.789,228.742,40.023,-0.919,0,0.394,0,1,0,-0.394,0,-0.919],"_humanoidState":5,"_cameraCFrame":[757.681,242.553,37.464,-0.964,-0.263,0.046,0,0.174,0.985,-0.267,0.949,-0.167],"_shiftlockState":true,"_pose":"FreeFall","_animationQueue":[],"_animationSpeed":1,"_zoom":16.125},{"_mousePosition":[683,357.5],"_rootPartCFrame":[758.471,229.148,39.921,-0.906,0,0.423,0,1,0,-0.423,0,-0.906],"_humanoidState":5,"_cameraCFrame":[757.274,242.958,37.404,-0.973,-0.229,0.04,0,0.174,0.985,-0.232,0.958,-0.169],"_shiftlockState":true,"_pose":"FreeFall","_animationQueue":[],"_animationSpeed":1,"_zoom":16.125},{"_mousePosition":[683,357.5],"_rootPartCFrame":[758.22,229.412,39.866,-0.939,0,0.344,0,1,0,-0.344,0,-0.939],"_humanoidState":5,"_cameraCFrame":[756.94,243.222,37.389,-0.98,-0.197,0.035,0,0.174,0.985,-0.2,0.965,-0.17],"_shiftlockState":true,"_pose":"FreeFall","_animationQueue":[],"_animationSpeed":1,"_zoom":16.125},{"_mousePosition":[683,357.5],"_rootPartCFrame":[757.973,229.621,39.85,-0.952,0,0.307,0,1,0,-0.307,0,-0.952],"_humanoidState":5,"_cameraCFrame":[756.631,243.431,37.406,-0.984,-0.173,0.03,0,0.174,0.985,-0.175,0.97,-0.171],"_shiftlockState":true,"_pose":"FreeFall","_animationQueue":[],"_animationSpeed":1,"_zoom":16.125},{"_mousePosition":[683,357.5],"_rootPartCFrame":[757.731,229.775,39.873,-0.96,0,0.281,0,1,0,-0.281,0,-0.96],"_humanoidState":5,"_cameraCFrame":[756.34,243.585,37.457,-0.988,-0.153,0.027,0,0.174,0.985,-0.155,0.973,-0.172],"_shiftlockState":true,"_pose":"FreeFall","_animationQueue":[],"_animationSpeed":1,"_zoom":16.125},{"_mousePosition":[683,357.5],"_rootPartCFrame":[757.497,229.875,39.935,-0.965,0,0.261,0,1,0,-0.261,0,-0.965],"_humanoidState":5,"_cameraCFrame":[756.063,243.685,37.544,-0.99,-0.136,0.024,0,0.174,0.985,-0.138,0.975,-0.172],"_shiftlockState":true,"_pose":"FreeFall","_animationQueue":[],"_animationSpeed":1,"_zoom":16.125},{"_mousePosition":[683,357.5],"_rootPartCFrame":[757.27,229.92,40.037,-0.97,0,0.243,0,1,0,-0.243,0,-0.97],"_humanoidState":5,"_cameraCFrame":[755.788,243.73,37.675,-0.993,-0.116,0.02,0,0.174,0.985,-0.118,0.978,-0.172],"_shiftlockState":true,"_pose":"FreeFall","_animationQueue":[],"_animationSpeed":1,"_zoom":16.125},{"_mousePosition":[683,357.5],"_rootPartCFrame":[757.052,229.911,40.177,-0.975,0,0.224,0,1,0,-0.224,0,-0.975],"_humanoidState":5,"_cameraCFrame":[755.522,243.721,37.845,-0.995,-0.096,0.017,0,0.174,0.985,-0.098,0.98,-0.173],"_shiftlockState":true,"_pose":"FreeFall","_animationQueue":[["fall",0.3]],"_animationSpeed":1,"_zoom":16.125},{"_mousePosition":[683,357.5],"_rootPartCFrame":[756.841,229.848,40.34,-0.979,0,0.204,0,1,0,-0.204,0,-0.979],"_humanoidState":5,"_cameraCFrame":[755.259,243.658,38.044,-0.997,-0.074,0.013,0,0.174,0.985,-0.075,0.982,-0.173],"_shiftlockState":true,"_pose":"FreeFall","_animationQueue":[],"_animationSpeed":1,"_zoom":16.125},{"_mousePosition":[683,357.5],"_rootPartCFrame":[756.686,229.764,40.466,-0.988,0,0.155,0,1,0,-0.155,0,-0.988],"_humanoidState":5,"_cameraCFrame":[755.058,243.574,38.203,-0.998,-0.054,0.01,0,0.174,0.985,-0.055,0.983,-0.173],"_shiftlockState":true,"_pose":"FreeFall","_animationQueue":[],"_animationSpeed":1,"_zoom":16.125},{"_mousePosition":[683,357.5],"_rootPartCFrame":[756.433,229.557,40.683,-0.982,0,0.188,0,1,0,-0.188,0,-0.982],"_humanoidState":5,"_cameraCFrame":[754.759,243.367,38.453,-0.999,-0.034,0.006,0,0.174,0.985,-0.035,0.984,-0.174],"_shiftlockState":true,"_pose":"FreeFall","_animationQueue":[],"_animationSpeed":1,"_zoom":16.125},{"_mousePosition":[683,357.5],"_rootPartCFrame":[756.234,229.33,40.86,-0.99,0,0.142,0,1,0,-0.142,0,-0.99],"_humanoidState":5,"_cameraCFrame":[754.56,243.14,38.63,-0.999,-0.034,0.006,0,0.174,0.985,-0.035,0.984,-0.174],"_shiftlockState":true,"_pose":"FreeFall","_animationQueue":[],"_animationSpeed":1,"_zoom":16.125},{"_mousePosition":[683,357.5],"_rootPartCFrame":[756.087,229.124,40.996,-0.994,0,0.114,0,1,0,-0.114,0,-0.994],"_humanoidState":5,"_cameraCFrame":[754.413,242.934,38.766,-0.999,-0.034,0.006,0,0.174,0.985,-0.035,0.984,-0.174],"_shiftlockState":true,"_pose":"FreeFall","_animationQueue":[],"_animationSpeed":1,"_zoom":16.125},{"_mousePosition":[683,357.5],"_rootPartCFrame":[755.843,228.712,41.224,-0.986,0,0.165,0,1,0,-0.165,0,-0.986],"_humanoidState":5,"_cameraCFrame":[754.187,242.522,38.981,-0.999,-0.042,0.007,0,0.174,0.985,-0.042,0.984,-0.173],"_shiftlockState":true,"_pose":"FreeFall","_animationQueue":[],"_animationSpeed":1,"_zoom":16.125},{"_mousePosition":[683,357.5],"_rootPartCFrame":[755.648,228.321,41.405,-0.989,0,0.146,0,1,0,-0.146,0,-0.989],"_humanoidState":5,"_cameraCFrame":[754.06,242.132,39.114,-0.997,-0.071,0.013,0,0.174,0.985,-0.073,0.982,-0.173],"_shiftlockState":true,"_pose":"FreeFall","_animationQueue":[["fall",0.3]],"_animationSpeed":1,"_zoom":16.125},{"_mousePosition":[683,357.5],"_rootPartCFrame":[755.501,227.993,41.541,-0.989,0,0.148,0,1,0,-0.148,0,-0.989],"_humanoidState":5,"_cameraCFrame":[754.031,241.803,39.172,-0.992,-0.121,0.021,0,0.174,0.985,-0.123,0.977,-0.172],"_shiftlockState":true,"_pose":"FreeFall","_animationQueue":[],"_animationSpeed":1,"_zoom":16.125},{"_mousePosition":[683,357.5],"_rootPartCFrame":[755.25,227.377,41.76,-0.97,0,0.244,0,1,0,-0.244,0,-0.97],"_humanoidState":5,"_cameraCFrame":[753.939,241.187,39.299,-0.982,-0.185,0.033,0,0.174,0.985,-0.188,0.967,-0.171],"_shiftlockState":true,"_pose":"FreeFall","_animationQueue":[],"_animationSpeed":1,"_zoom":16.125},{"_mousePosition":[683,357.5],"_rootPartCFrame":[755.041,226.823,41.925,-0.959,0,0.282,0,1,0,-0.282,0,-0.959],"_humanoidState":5,"_cameraCFrame":[753.946,240.633,39.361,-0.962,-0.267,0.047,0,0.174,0.985,-0.272,0.948,-0.167],"_shiftlockState":true,"_pose":"FreeFall","_animationQueue":[],"_animationSpeed":1,"_zoom":16.125},{"_mousePosition":[683,357.5],"_rootPartCFrame":[754.822,226.214,42.078,-0.933,0,0.361,0,1,0,-0.361,0,-0.933],"_humanoidState":5,"_cameraCFrame":[753.972,240.024,39.422,-0.933,-0.355,0.063,0,0.174,0.985,-0.36,0.919,-0.162],"_shiftlockState":true,"_pose":"FreeFall","_animationQueue":[],"_animationSpeed":1,"_zoom":16.125},{"_mousePosition":[683,357.5],"_rootPartCFrame":[754.592,225.551,42.212,-0.895,0,0.445,0,1,0,-0.445,0,-0.895],"_humanoidState":5,"_cameraCFrame":[754.015,239.361,39.485,-0.892,-0.446,0.079,0,0.174,0.985,-0.453,0.878,-0.155],"_shiftlockState":true,"_pose":"FreeFall","_animationQueue":[],"_animationSpeed":1,"_zoom":16.125},{"_mousePosition":[683,357.5],"_rootPartCFrame":[754.351,224.833,42.326,-0.846,0,0.532,0,1,0,-0.532,0,-0.846],"_humanoidState":5,"_cameraCFrame":[754.052,238.643,39.554,-0.841,-0.532,0.094,0,0.174,0.985,-0.541,0.828,-0.146],"_shiftlockState":true,"_pose":"FreeFall","_animationQueue":[],"_animationSpeed":1,"_zoom":16.125},{"_mousePosition":[683,357.5],"_rootPartCFrame":[754.1,224.061,42.416,-0.789,0,0.615,0,1,0,-0.615,0,-0.789],"_humanoidState":5,"_cameraCFrame":[754.203,237.871,39.629,-0.755,-0.646,0.114,0,0.174,0.985,-0.656,0.743,-0.131],"_shiftlockState":true,"_pose":"FreeFall","_animationQueue":[["fall",0.3]],"_animationSpeed":1,"_zoom":16.125},{"_mousePosition":[683,357.5],"_rootPartCFrame":[753.85,223.235,42.475,-0.671,0,0.742,0,1,0,-0.742,0,-0.671],"_humanoidState":5,"_cameraCFrame":[754.171,237.045,39.705,-0.701,-0.702,0.124,0,0.174,0.985,-0.713,0.69,-0.122],"_shiftlockState":true,"_pose":"FreeFall","_animationQueue":[],"_animationSpeed":1,"_zoom":16.125},{"_mousePosition":[683,357.5],"_rootPartCFrame":[753.628,222.465,42.395,-0.672,0,0.74,0,1,0,-0.74,0,-0.672],"_humanoidState":7,"_cameraCFrame":[754.11,236.275,39.649,-0.658,-0.741,0.131,0,0.174,0.985,-0.753,0.648,-0.114],"_shiftlockState":true,"_pose":"FreeFall","_animationQueue":[["walk",0.1],["fall",0.3],["fall",0.3]],"_animationSpeed":1,"_zoom":16.125},{"_mousePosition":[683,357.5],"_rootPartCFrame":[753.439,222.432,42.211,-0.655,0,0.756,0,1,0,-0.756,0,-0.655],"_humanoidState":7,"_cameraCFrame":[753.996,236.242,39.479,-0.637,-0.759,0.134,0,0.174,0.985,-0.771,0.628,-0.111],"_shiftlockState":true,"_pose":"FreeFall","_animationQueue":[],"_animationSpeed":1,"_zoom":16.125},{"_mousePosition":[683,357.5],"_rootPartCFrame":[753.261,222.533,42.012,-0.637,0,0.771,0,1,0,-0.771,0,-0.637],"_humanoidState":8,"_cameraCFrame":[753.833,236.343,39.283,-0.633,-0.762,0.134,0,0.174,0.985,-0.774,0.624,-0.11],"_shiftlockState":true,"_pose":"Running","_animationQueue":[["walk",0.1],["fall",0.3],["walk",0.1]],"_animationSpeed":1.102,"_zoom":16.125},{"_mousePosition":[683,357.5],"_rootPartCFrame":[753.091,222.607,41.807,-0.633,0,0.774,0,1,0,-0.774,0,-0.633],"_humanoidState":8,"_cameraCFrame":[753.641,236.417,39.074,-0.639,-0.757,0.134,0,0.174,0.985,-0.769,0.629,-0.111],"_shiftlockState":true,"_pose":"Running","_animationQueue":[],"_animationSpeed":1.102,"_zoom":16.125},{"_mousePosition":[683,357.5],"_rootPartCFrame":[752.963,222.631,41.653,-0.639,0,0.769,0,1,0,-0.769,0,-0.639],"_humanoidState":8,"_cameraCFrame":[753.438,236.441,38.905,-0.66,-0.74,0.13,0,0.174,0.985,-0.751,0.65,-0.115],"_shiftlockState":true,"_pose":"Running","_animationQueue":[],"_animationSpeed":1.102,"_zoom":16.125},{"_mousePosition":[683,357.5],"_rootPartCFrame":[752.751,222.603,41.396,-0.66,0,0.751,0,1,0,-0.751,0,-0.66],"_humanoidState":8,"_cameraCFrame":[753.114,236.413,38.632,-0.69,-0.713,0.126,0,0.174,0.985,-0.724,0.68,-0.12],"_shiftlockState":true,"_pose":"Running","_animationQueue":[["walk",0.1]],"_animationSpeed":1.102,"_zoom":16.125},{"_mousePosition":[683,357.5],"_rootPartCFrame":[752.581,223.476,41.19,-0.69,0,0.724,0,1,0,-0.724,0,-0.69],"_humanoidState":3,"_cameraCFrame":[752.825,237.286,38.413,-0.721,-0.683,0.12,0,0.174,0.985,-0.693,0.71,-0.125],"_shiftlockState":true,"_pose":"Jumping","_animationQueue":[["walk",0.1],["jump",0.1]],"_animationSpeed":1,"_zoom":16.125},{"_mousePosition":[683,357.5],"_rootPartCFrame":[752.4,224.298,40.995,-0.654,0,0.757,0,1,0,-0.757,0,-0.654],"_humanoidState":5,"_cameraCFrame":[752.509,238.108,38.209,-0.753,-0.648,0.114,0,0.174,0.985,-0.658,0.742,-0.131],"_shiftlockState":true,"_pose":"FreeFall","_animationQueue":[["jump",0.1]],"_animationSpeed":1,"_zoom":16.125},{"_mousePosition":[683,357.5],"_rootPartCFrame":[752.209,225.066,40.809,-0.663,0,0.749,0,1,0,-0.749,0,-0.663],"_humanoidState":5,"_cameraCFrame":[752.185,238.876,38.021,-0.784,-0.611,0.108,0,0.174,0.985,-0.621,0.772,-0.136],"_shiftlockState":true,"_pose":"FreeFall","_animationQueue":[],"_animationSpeed":1,"_zoom":16.125},{"_mousePosition":[683,357.5],"_rootPartCFrame":[752.009,225.779,40.632,-0.695,0,0.719,0,1,0,-0.719,0,-0.695],"_humanoidState":5,"_cameraCFrame":[751.837,239.589,37.849,-0.816,-0.57,0.1,0,0.174,0.985,-0.578,0.803,-0.142],"_shiftlockState":true,"_pose":"FreeFall","_animationQueue":[],"_animationSpeed":1,"_zoom":16.125},{"_mousePosition":[683,357.5],"_rootPartCFrame":[751.801,226.437,40.465,-0.732,0,0.682,0,1,0,-0.682,0,-0.732],"_humanoidState":5,"_cameraCFrame":[751.46,240.247,37.698,-0.849,-0.52,0.092,0,0.174,0.985,-0.528,0.836,-0.147],"_shiftlockState":true,"_pose":"FreeFall","_animationQueue":[],"_animationSpeed":1,"_zoom":16.125},{"_mousePosition":[683,357.5],"_rootPartCFrame":[751.585,227.041,40.309,-0.772,0,0.636,0,1,0,-0.636,0,-0.772],"_humanoidState":5,"_cameraCFrame":[750.991,240.847,37.566,-0.896,-0.437,0.078,0,0.176,0.984,-0.444,0.882,-0.157],"_shiftlockState":true,"_pose":"FreeFall","_animationQueue":[],"_animationSpeed":1,"_zoom":16.125},{"_mousePosition":[683,357.5],"_rootPartCFrame":[751.36,227.591,40.166,-0.829,0,0.559,0,1,0,-0.559,0,-0.829],"_humanoidState":5,"_cameraCFrame":[750.621,241.384,37.4,-0.922,-0.38,0.07,0,0.181,0.983,-0.386,0.907,-0.167],"_shiftlockState":true,"_pose":"FreeFall","_animationQueue":[],"_animationSpeed":1,"_zoom":16.125},{"_mousePosition":[683,357.5],"_rootPartCFrame":[751.124,228.086,40.043,-0.863,0,0.505,0,1,0,-0.505,0,-0.863],"_humanoidState":5,"_cameraCFrame":[750.256,241.865,37.254,-0.942,-0.328,0.063,0,0.187,0.982,-0.334,0.926,-0.176],"_shiftlockState":true,"_pose":"FreeFall","_animationQueue":[],"_animationSpeed":1,"_zoom":16.125},{"_mousePosition":[683,357.5],"_rootPartCFrame":[750.879,228.526,39.937,-0.89,0,0.457,0,1,0,-0.457,0,-0.89],"_humanoidState":5,"_cameraCFrame":[749.892,242.287,37.106,-0.959,-0.278,0.055,0,0.195,0.981,-0.284,0.941,-0.187],"_shiftlockState":true,"_pose":"FreeFall","_animationQueue":[],"_animationSpeed":1,"_zoom":16.125},{"_mousePosition":[683,357.5],"_rootPartCFrame":[750.629,228.913,39.846,-0.913,0,0.409,0,1,0,-0.409,0,-0.913],"_humanoidState":5,"_cameraCFrame":[749.522,242.654,36.976,-0.972,-0.23,0.048,0,0.202,0.979,-0.235,0.952,-0.197],"_shiftlockState":true,"_pose":"FreeFall","_animationQueue":[],"_animationSpeed":1,"_zoom":16.125},{"_mousePosition":[683,357.5],"_rootPartCFrame":[750.438,229.166,39.787,-0.944,0,0.331,0,1,0,-0.331,0,-0.944],"_humanoidState":5,"_cameraCFrame":[749.196,242.898,36.93,-0.983,-0.181,0.038,0,0.206,0.979,-0.185,0.962,-0.203],"_shiftlockState":true,"_pose":"FreeFall","_animationQueue":[],"_animationSpeed":1,"_zoom":16.125},{"_mousePosition":[683,357.5],"_rootPartCFrame":[750.114,229.521,39.706,-0.938,0,0.346,0,1,0,-0.346,0,-0.938],"_humanoidState":5,"_cameraCFrame":[748.75,243.242,36.862,-0.99,-0.137,0.029,0,0.21,0.978,-0.14,0.968,-0.208],"_shiftlockState":true,"_pose":"FreeFall","_animationQueue":[],"_animationSpeed":1,"_zoom":16.125},{"_mousePosition":[683,357.5],"_rootPartCFrame":[749.853,229.744,39.655,-0.963,0,0.271,0,1,0,-0.271,0,-0.963],"_humanoidState":5,"_cameraCFrame":[748.36,243.449,36.808,-0.996,-0.091,0.02,0,0.216,0.976,-0.093,0.972,-0.215],"_shiftlockState":true,"_pose":"FreeFall","_animationQueue":[],"_animationSpeed":1,"_zoom":16.125},{"_mousePosition":[683,357.5],"_rootPartCFrame":[749.589,229.912,39.616,-0.975,0,0.224,0,1,0,-0.224,0,-0.975],"_humanoidState":5,"_cameraCFrame":[747.957,243.601,36.777,-0.999,-0.041,0.009,0,0.221,0.975,-0.042,0.974,-0.221],"_shiftlockState":true,"_pose":"FreeFall","_animationQueue":[],"_animationSpeed":1,"_zoom":16.125},{"_mousePosition":[683,357.5],"_rootPartCFrame":[749.332,230.025,39.602,-0.987,0,0.16,0,1,0,-0.16,0,-0.987],"_humanoidState":5,"_cameraCFrame":[747.558,243.704,36.802,-1,0.008,-0.002,0,0.225,0.974,0.008,0.974,-0.225],"_shiftlockState":true,"_pose":"FreeFall","_animationQueue":[],"_animationSpeed":1,"_zoom":16.125},{"_mousePosition":[683,357.5],"_rootPartCFrame":[749.086,230.084,39.626,-0.995,0,0.104,0,1,0,-0.104,0,-0.995],"_humanoidState":5,"_cameraCFrame":[747.184,243.752,36.862,-0.999,0.052,-0.012,0,0.229,0.973,0.054,0.972,-0.229],"_shiftlockState":true,"_pose":"FreeFall","_animationQueue":[],"_animationSpeed":1,"_zoom":16.125},{"_mousePosition":[683,357.5],"_rootPartCFrame":[748.91,230.093,39.669,-1,0,0.029,0,1,0,-0.029,0,-1],"_humanoidState":5,"_cameraCFrame":[746.901,243.749,36.932,-0.996,0.089,-0.021,0,0.233,0.973,0.092,0.968,-0.232],"_shiftlockState":true,"_pose":"FreeFall","_animationQueue":[],"_animationSpeed":1,"_zoom":16.125},{"_mousePosition":[683,357.5],"_rootPartCFrame":[748.635,230.039,39.787,-0.999,0,0.046,0,1,0,-0.046,0,-0.999],"_humanoidState":5,"_cameraCFrame":[746.54,243.69,37.088,-0.993,0.119,-0.029,0,0.235,0.972,0.122,0.965,-0.233],"_shiftlockState":true,"_pose":"FreeFall","_animationQueue":[],"_animationSpeed":1,"_zoom":16.125},{"_mousePosition":[683,357.5],"_rootPartCFrame":[748.433,229.934,39.922,-1,0,-0.013,0,1,0,0.013,0,-1],"_humanoidState":5,"_cameraCFrame":[746.25,243.585,37.294,-0.988,0.15,-0.036,0,0.235,0.972,0.155,0.96,-0.232],"_shiftlockState":true,"_pose":"FreeFall","_animationQueue":[["fall",0.3]],"_animationSpeed":1,"_zoom":16.125},{"_mousePosition":[683,357.5],"_rootPartCFrame":[748.248,229.775,40.092,-0.999,0,-0.046,0,1,0,0.046,0,-0.999],"_humanoidState":5,"_cameraCFrame":[746.026,243.426,37.498,-0.986,0.165,-0.04,0,0.235,0.972,0.17,0.958,-0.231],"_shiftlockState":true,"_pose":"FreeFall","_animationQueue":[],"_animationSpeed":1,"_zoom":16.125},{"_mousePosition":[683,357.5],"_rootPartCFrame":[748.083,229.562,40.296,-0.998,0,-0.063,0,1,0,0.063,0,-0.998],"_humanoidState":5,"_cameraCFrame":[745.848,243.213,37.713,-0.985,0.17,-0.041,0,0.235,0.972,0.175,0.957,-0.231],"_shiftlockState":true,"_pose":"FreeFall","_animationQueue":[],"_animationSpeed":1,"_zoom":16.125},{"_mousePosition":[683,357.5],"_rootPartCFrame":[747.929,229.294,40.513,-0.998,0,-0.07,0,1,0,0.07,0,-0.998],"_humanoidState":5,"_cameraCFrame":[745.693,242.945,37.93,-0.985,0.17,-0.041,0,0.235,0.972,0.175,0.957,-0.231],"_shiftlockState":true,"_pose":"FreeFall","_animationQueue":[],"_animationSpeed":1,"_zoom":16.125},{"_mousePosition":[683,357.5],"_rootPartCFrame":[747.814,229.057,40.677,-0.995,0,-0.097,0,1,0,0.097,0,-0.995],"_humanoidState":5,"_cameraCFrame":[745.579,242.708,38.094,-0.985,0.17,-0.041,0,0.235,0.972,0.175,0.957,-0.231],"_shiftlockState":true,"_pose":"FreeFall","_animationQueue":[],"_animationSpeed":1,"_zoom":16.125},{"_mousePosition":[683,357.5],"_rootPartCFrame":[747.623,228.594,40.95,-0.999,0,-0.044,0,1,0,0.044,0,-0.999],"_humanoidState":5,"_cameraCFrame":