[{"_mousePosition":[830,495],"_rootPartCFrame":[776.033,222.7,47.142,-0.001,0,1,0,1,0,-1,0,-0.001],"_humanoidState":8,"_cameraCFrame":[782.297,231.154,45.005,-0.323,-0.686,0.652,0,0.689,0.724,-0.946,0.234,-0.223],"_shiftlockState":false,"_pose":"Standing","_animationQueue":[],"_animationSpeed":1,"_zoom":9.6},{"_mousePosition":[830,495],"_rootPartCFrame":[775.871,222.7,47.198,-0.034,0,0.999,0,1,0,-0.999,0,-0.034],"_humanoidState":8,"_cameraCFrame":[782.108,231.18,45.069,-0.323,-0.688,0.65,0,0.687,0.727,-0.946,0.235,-0.222],"_shiftlockState":false,"_pose":"Standing","_animationQueue":[],"_animationSpeed":1,"_zoom":9.6},{"_mousePosition":[830,495],"_rootPartCFrame":[775.62,222.7,47.283,-0.073,0,0.997,0,1,0,-0.997,0,-0.073],"_humanoidState":8,"_cameraCFrame":[781.812,231.231,45.188,-0.321,-0.694,0.645,0,0.681,0.732,-0.947,0.235,-0.218],"_shiftlockState":false,"_pose":"Running","_animationQueue":[["walk",0.1]],"_animationSpeed":1.003,"_zoom":9.6},{"_mousePosition":[830,495],"_rootPartCFrame":[775.368,222.7,47.369,-0.108,0,0.994,0,1,0,-0.994,0,-0.108],"_humanoidState":8,"_cameraCFrame":[781.478,231.319,45.336,-0.316,-0.704,0.636,0,0.671,0.742,-0.949,0.234,-0.212],"_shiftlockState":false,"_pose":"Running","_animationQueue":[["walk",0.1]],"_animationSpeed":1.101,"_zoom":9.6},{"_mousePosition":[830,495],"_rootPartCFrame":[775.115,222.7,47.455,-0.137,0,0.991,0,1,0,-0.991,0,-0.137],"_humanoidState":8,"_cameraCFrame":[781.103,231.444,45.496,-0.311,-0.717,0.624,0,0.656,0.755,-0.95,0.235,-0.204],"_shiftlockState":false,"_pose":"Running","_animationQueue":[],"_animationSpeed":1.101,"_zoom":9.6},{"_mousePosition":[830,495],"_rootPartCFrame":[774.862,222.7,47.539,-0.162,0,0.987,0,1,0,-0.987,0,-0.162],"_humanoidState":8,"_cameraCFrame":[780.729,231.565,45.669,-0.304,-0.731,0.611,0,0.641,0.767,-0.953,0.233,-0.195],"_shiftlockState":false,"_pose":"Running","_animationQueue":[],"_animationSpeed":1.101,"_zoom":9.6},{"_mousePosition":[830,495],"_rootPartCFrame":[774.609,222.7,47.622,-0.182,0,0.983,0,1,0,-0.983,0,-0.182],"_humanoidState":8,"_cameraCFrame":[780.351,231.684,45.84,-0.296,-0.745,0.598,0,0.626,0.78,-0.955,0.231,-0.186],"_shiftlockState":false,"_pose":"Running","_animationQueue":[],"_animationSpeed":1.101,"_zoom":9.6},{"_mousePosition":[830,495],"_rootPartCFrame":[774.355,222.7,47.703,-0.199,0,0.98,0,1,0,-0.98,0,-0.199],"_humanoidState":8,"_cameraCFrame":[779.966,231.799,45.993,-0.292,-0.757,0.584,0,0.611,0.792,-0.957,0.231,-0.178],"_shiftlockState":false,"_pose":"Running","_animationQueue":[],"_animationSpeed":1.101,"_zoom":9.6},{"_mousePosition":[830,495],"_rootPartCFrame":[774.1,222.7,47.783,-0.212,0,0.977,0,1,0,-0.977,0,-0.212],"_humanoidState":8,"_cameraCFrame":[779.577,231.912,46.143,-0.287,-0.77,0.57,0,0.595,0.803,-0.958,0.23,-0.171],"_shiftlockState":false,"_pose":"Running","_animationQueue":[["walk",0.1]],"_animationSpeed":1.101,"_zoom":9.6},{"_mousePosition":[830,495],"_rootPartCFrame":[773.845,222.7,47.861,-0.223,0,0.975,0,1,0,-0.975,0,-0.223],"_humanoidState":8,"_cameraCFrame":[779.151,232.044,46.287,-0.284,-0.783,0.553,0,0.577,0.817,-0.959,0.232,-0.164],"_shiftlockState":false,"_pose":"Running","_animationQueue":[],"_animationSpeed":1.101,"_zoom":9.6},{"_mousePosition":[830,495],"_rootPartCFrame":[773.59,222.7,47.937,-0.232,0,0.973,0,1,0,-0.973,0,-0.232],"_humanoidState":8,"_cameraCFrame":[778.734,232.16,46.411,-0.284,-0.795,0.536,0,0.559,0.829,-0.959,0.236,-0.159],"_shiftlockState":false,"_pose":"Running","_animationQueue":[],"_animationSpeed":1.101,"_zoom":9.6},{"_mousePosition":[830,495],"_rootPartCFrame":[773.334,222.7,48.013,-0.239,0,0.971,0,1,0,-0.971,0,-0.239],"_humanoidState":8,"_cameraCFrame":[778.283,232.294,46.545,-0.284,-0.808,0.515,0,0.538,0.843,-0.959,0.24,-0.153],"_shiftlockState":false,"_pose":"Running","_animationQueue":[],"_animationSpeed":1.101,"_zoom":9.6},{"_mousePosition":[830,495],"_rootPartCFrame":[773.079,222.7,48.089,-0.245,0,0.969,0,1,0,-0.969,0,-0.245],"_humanoidState":8,"_cameraCFrame":[777.721,232.489,46.712,-0.284,-0.828,0.484,0,0.504,0.863,-0.959,0.246,-0.143],"_shiftlockState":false,"_pose":"Running","_animationQueue":[],"_animationSpeed":1.101,"_zoom":9.6},{"_mousePosition":[830,495],"_rootPartCFrame":[772.823,222.7,48.165,-0.251,0,0.968,0,1,0,-0.968,0,-0.251],"_humanoidState":8,"_cameraCFrame":[777.247,232.618,46.852,-0.284,-0.841,0.461,0,0.481,0.877,-0.959,0.249,-0.137],"_shiftlockState":false,"_pose":"Running","_animationQueue":[],"_animationSpeed":1.101,"_zoom":9.6},{"_mousePosition":[830,495],"_rootPartCFrame":[772.567,222.7,48.24,-0.255,0,0.967,0,1,0,-0.967,0,-0.255],"_humanoidState":8,"_cameraCFrame":[776.808,232.723,47.006,-0.28,-0.853,0.442,0,0.46,0.888,-0.96,0.248,-0.129],"_shiftlockState":false,"_pose":"Running","_animationQueue":[],"_animationSpeed":1.101,"_zoom":9.6},{"_mousePosition":[830,495],"_rootPartCFrame":[772.312,222.7,48.316,-0.259,0,0.966,0,1,0,-0.966,0,-0.259],"_humanoidState":8,"_cameraCFrame":[776.382,232.816,47.154,-0.275,-0.863,0.424,0,0.441,0.898,-0.962,0.247,-0.121],"_shiftlockState":false,"_pose":"Running","_animationQueue":[["walk",0.1]],"_animationSpeed":1.101,"_zoom":9.6},{"_mousePosition":[830,495],"_rootPartCFrame":[772.056,222.7,48.391,-0.262,0,0.965,0,1,0,-0.965,0,-0.262],"_humanoidState":8,"_cameraCFrame":[775.969,232.897,47.295,-0.27,-0.872,0.408,0,0.423,0.906,-0.963,0.244,-0.114],"_shiftlockState":false,"_pose":"Running","_animationQueue":[],"_animationSpeed":1.101,"_zoom":9.6},{"_mousePosition":[830,495],"_rootPartCFrame":[771.799,222.7,48.464,-0.264,0,0.965,0,1,0,-0.965,0,-0.264],"_humanoidState":8,"_cameraCFrame":[775.573,232.967,47.438,-0.262,-0.881,0.393,0,0.407,0.913,-0.965,0.24,-0.107],"_shiftlockState":false,"_pose":"Running","_animationQueue":[],"_animationSpeed":1.101,"_zoom":9.6},{"_mousePosition":[830,495],"_rootPartCFrame":[771.543,222.7,48.536,-0.265,0,0.964,0,1,0,-0.964,0,-0.265],"_humanoidState":8,"_cameraCFrame":[775.208,233.019,47.569,-0.255,-0.888,0.382,0,0.395,0.919,-0.967,0.234,-0.101],"_shiftlockState":false,"_pose":"Running","_animationQueue":[],"_animationSpeed":1.101,"_zoom":9.6},{"_mousePosition":[830,495],"_rootPartCFrame":[771.285,222.7,48.606,-0.265,0,0.964,0,1,0,-0.964,0,-0.265],"_humanoidState":8,"_cameraCFrame":[774.841,233.07,47.697,-0.248,-0.895,0.37,0,0.382,0.924,-0.969,0.229,-0.095],"_shiftlockState":false,"_pose":"Running","_animationQueue":[],"_animationSpeed":1.101,"_zoom":9.6},{"_mousePosition":[830,495],"_rootPartCFrame":[771.028,222.7,48.675,-0.263,0,0.965,0,1,0,-0.965,0,-0.263],"_humanoidState":8,"_cameraCFrame":[774.487,233.113,47.809,-0.243,-0.901,0.36,0,0.371,0.928,-0.97,0.225,-0.09],"_shiftlockState":false,"_pose":"Running","_animationQueue":[],"_animationSpeed":1.101,"_zoom":9.6},{"_mousePosition":[830,495],"_rootPartCFrame":[770.769,222.7,48.741,-0.261,0,0.965,0,1,0,-0.965,0,-0.261],"_humanoidState":8,"_cameraCFrame":[774.211,233.36,47.907,-0.236,-0.906,0.35,0,0.361,0.933,-0.972,0.22,-0.085],"_shiftlockState":false,"_pose":"Running","_animationQueue":[["walk",0.1]],"_animationSpeed":1.101,"_zoom":16.125},{"_mousePosition":[830,495],"_rootPartCFrame":[770.511,222.7,48.806,-0.259,0,0.966,0,1,0,-0.966,0,-0.259],"_humanoidState":8,"_cameraCFrame":[773.989,233.823,48,-0.226,-0.913,0.339,0,0.348,0.938,-0.974,0.212,-0.078],"_shiftlockState":false,"_pose":"Running","_animationQueue":[],"_animationSpeed":1.101,"_zoom":16.125},{"_mousePosition":[830,495],"_rootPartCFrame":[770.252,222.7,48.869,-0.256,0,0.967,0,1,0,-0.967,0,-0.256],"_humanoidState":8,"_cameraCFrame":[773.74,234.36,48.116,-0.211,-0.922,0.324,0,0.331,0.944,-0.978,0.199,-0.07],"_shiftlockState":false,"_pose":"Running","_animationQueue":[],"_animationSpeed":1.101,"_zoom":16.125},{"_mousePosition":[830,495],"_rootPartCFrame":[769.927,223.77,48.947,-0.252,0,0.968,0,1,0,-0.968,0,-0.252],"_humanoidState":3,"_cameraCFrame":[773.122,235.908,46.506,-0.201,-0.927,0.316,0,0.322,0.947,-0.98,0.19,-0.065],"_shiftlockState":true,"_pose":"Jumping","_animationQueue":[["walk",0.1],["jump",0.1]],"_animationSpeed":1,"_zoom":16.125},{"_mousePosition":[683,384],"_rootPartCFrame":[769.667,224.565,49.004,-0.201,0,0.98,0,1,0,-0.98,0,-0.201],"_humanoidState":5,"_cameraCFrame":[772.967,237.019,46.541,-0.201,-0.927,0.316,0,0.322,0.947,-0.98,0.19,-0.065],"_shiftlockState":true,"_pose":"FreeFall","_animationQueue":[["jump",0.1]],"_animationSpeed":1,"_zoom":16.125},{"_mousePosition":[683,384],"_rootPartCFrame":[769.406,225.305,49.058,-0.201,0,0.98,0,1,0,-0.98,0,-0.201],"_humanoidState":5,"_cameraCFrame":[772.758,238.022,46.604,-0.196,-0.93,0.312,0,0.318,0.948,-0.981,0.186,-0.062],"_shiftlockState":true,"_pose":"FreeFall","_animationQueue":[],"_animationSpeed":1,"_zoom":16.125},{"_mousePosition":[683,384],"_rootPartCFrame":[769.145,225.991,49.112,-0.196,0,0.981,0,1,0,-0.981,0,-0.196],"_humanoidState":5,"_cameraCFrame":[772.529,238.915,46.671,-0.191,-0.932,0.309,0,0.315,0.949,-0.982,0.181,-0.06],"_shiftlockState":true,"_pose":"FreeFall","_animationQueue":[],"_animationSpeed":1,"_zoom":16.125},{"_mousePosition":[683,384],"_rootPartCFrame":[768.883,226.622,49.165,-0.192,0,0.981,0,1,0,-0.981,0,-0.192],"_humanoidState":5,"_cameraCFrame":[772.386,239.948,46.72,-0.186,-0.933,0.307,0,0.313,0.95,-0.983,0.177,-0.058],"_shiftlockState":true,"_pose":"FreeFall","_animationQueue":[],"_animationSpeed":1,"_zoom":16.125},{"_mousePosition":[683,384],"_rootPartCFrame":[768.621,227.199,49.216,-0.187,0,0.982,0,1,0,-0.982,0,-0.187],"_humanoidState":5,"_cameraCFrame":[772.341,241.237,46.752,-0.181,-0.935,0.306,0,0.311,0.95,-0.983,0.172,-0.056],"_shiftlockState":true,"_pose":"FreeFall","_animationQueue":[],"_animationSpeed":1,"_zoom":16.125},{"_mousePosition":[683,384],"_rootPartCFrame":[768.359,227.721,49.265,-0.182,0,0.983,0,1,0,-0.983,0,-0.182],"_humanoidState":5,"_cameraCFrame":[772.268,242.393,46.789,-0.176,-0.936,0.304,0,0.309,0.951,-0.984,0.167,-0.054],"_shiftlockState":true,"_pose":"FreeFall","_animationQueue":[],"_animationSpeed":1,"_zoom":16.125},{"_mousePosition":[683,384],"_rootPartCFrame":[768.097,228.189,49.314,-0.177,0,0.984,0,1,0,-0.984,0,-0.177],"_humanoidState":5,"_cameraCFrame":[772.185,243.402,46.817,-0.174,-0.937,0.305,0,0.309,0.951,-0.985,0.165,-0.054],"_shiftlockState":true,"_pose":"FreeFall","_animationQueue":[],"_animationSpeed":1,"_zoom":16.125},{"_mousePosition":[683,384],"_rootPartCFrame":[767.835,228.602,49.361,-0.174,0,0.985,0,1,0,-0.985,0,-0.174],"_humanoidState":5,"_cameraCFrame":[772.066,244.266,46.838,-0.174,-0.937,0.305,0,0.309,0.951,-0.985,0.165,-0.054],"_shiftlockState":true,"_pose":"FreeFall","_animationQueue":[],"_animationSpeed":1,"_zoom":16.125},{"_mousePosition":[683,384],"_rootPartCFrame":[767.572,228.961,49.407,-0.174,0,0.985,0,1,0,-0.985,0,-0.174],"_humanoidState":5,"_cameraCFrame":[771.926,244.987,46.875,-0.171,-0.937,0.305,0,0.309,0.951,-0.985,0.163,-0.053],"_shiftlockState":true,"_pose":"FreeFall","_animationQueue":[],"_animationSpeed":1,"_zoom":16.125},{"_mousePosition":[683,384],"_rootPartCFrame":[767.309,229.265,49.454,-0.171,0,0.985,0,1,0,-0.985,0,-0.171],"_humanoidState":5,"_cameraCFrame":[771.713,245.523,46.925,-0.169,-0.938,0.303,0,0.307,0.952,-0.986,0.16,-0.052],"_shiftlockState":true,"_pose":"FreeFall","_animationQueue":[],"_animationSpeed":1,"_zoom":16.125},{"_mousePosition":[683,384],"_rootPartCFrame":[767.112,229.457,49.488,-0.169,0,0.986,0,1,0,-0.986,0,-0.169],"_humanoidState":5,"_cameraCFrame":[771.571,245.909,46.999,-0.159,-0.94,0.302,0,0.306,0.952,-0.987,0.151,-0.048],"_shiftlockState":true,"_pose":"FreeFall","_animationQueue":[],"_animationSpeed":1,"_zoom":16.125},{"_mousePosition":[683,384],"_rootPartCFrame":[766.784,229.71,49.544,-0.16,0,0.987,0,1,0,-0.987,0,-0.16],"_humanoidState":5,"_cameraCFrame":[771.288,246.306,47.11,-0.146,-0.943,0.3,0,0.304,0.953,-0.989,0.139,-0.044],"_shiftlockState":true,"_pose":"FreeFall","_animationQueue":[],"_animationSpeed":1,"_zoom":16.125},{"_mousePosition":[683,384],"_rootPartCFrame":[766.521,229.851,49.587,-0.148,0,0.989,0,1,0,-0.989,0,-0.148],"_humanoidState":5,"_cameraCFrame":[771.039,246.544,47.249,-0.126,-0.946,0.298,0,0.3,0.954,-0.992,0.12,-0.038],"_shiftlockState":true,"_pose":"FreeFall","_animationQueue":[],"_animationSpeed":1,"_zoom":16.125},{"_mousePosition":[683,384],"_rootPartCFrame":[766.257,229.937,49.627,-0.128,0,0.992,0,1,0,-0.992,0,-0.128],"_humanoidState":5,"_cameraCFrame":[770.823,246.702,47.404,-0.101,-0.95,0.297,0,0.298,0.955,-0.995,0.096,-0.03],"_shiftlockState":true,"_pose":"FreeFall","_animationQueue":[],"_animationSpeed":1,"_zoom":16.125},{"_mousePosition":[683,384],"_rootPartCFrame":[765.993,229.969,49.661,-0.104,0,0.995,0,1,0,-0.995,0,-0.104],"_humanoidState":5,"_cameraCFrame":[770.602,246.786,47.568,-0.073,-0.953,0.295,0,0.296,0.955,-0.997,0.07,-0.022],"_shiftlockState":true,"_pose":"FreeFall","_animationQueue":[],"_animationSpeed":1,"_zoom":16.125},{"_mousePosition":[683,384],"_rootPartCFrame":[765.727,229.946,49.689,-0.077,0,0.997,0,1,0,-0.997,0,-0.077],"_humanoidState":5,"_cameraCFrame":[770.372,246.799,47.726,-0.045,-0.955,0.294,0,0.294,0.956,-0.999,0.043,-0.013],"_shiftlockState":true,"_pose":"FreeFall","_animationQueue":[],"_animationSpeed":1,"_zoom":16.125},{"_mousePosition":[683,384],"_rootPartCFrame":[765.462,229.869,49.709,-0.049,0,0.999,0,1,0,-0.999,0,-0.049],"_humanoidState":5,"_cameraCFrame":[770.13,246.751,47.865,-0.02,-0.956,0.292,0,0.292,0.956,-1,0.019,-0.006],"_shiftlockState":true,"_pose":"FreeFall","_animationQueue":[["fall",0.3]],"_animationSpeed":1,"_zoom":16.125},{"_mousePosition":[683,384],"_rootPartCFrame":[765.195,229.737,49.723,-0.024,0,1,0,1,0,-1,0,-0.024],"_humanoidState":5,"_cameraCFrame":[769.879,246.641,47.985,0.003,-0.957,0.291,0,0.291,0.957,-1,-0.003,0.001],"_shiftlockState":true,"_pose":"FreeFall","_animationQueue":[],"_animationSpeed":1,"_zoom":16.125},{"_mousePosition":[683,384],"_rootPartCFrame":[764.929,229.551,49.729,0,0,1,0,1,0,-1,0,0],"_humanoidState":5,"_cameraCFrame":[769.61,246.472,48.062,0.018,-0.957,0.289,0,0.289,0.957,-1,-0.017,0.005],"_shiftlockState":true,"_pose":"FreeFall","_animationQueue":[],"_animationSpeed":1,"_zoom":16.125},{"_mousePosition":[683,384],"_rootPartCFrame":[764.729,229.375,49.729,0.016,0,1,0,1,0,-1,0,0.016],"_humanoidState":5,"_cameraCFrame":[769.437,246.303,48.134,0.033,-0.957,0.289,0,0.289,0.957,-0.999,-0.032,0.01],"_shiftlockState":true,"_pose":"FreeFall","_animationQueue":[],"_animationSpeed":1,"_zoom":16.125},{"_mousePosition":[683,384],"_rootPartCFrame":[764.395,229.015,49.724,0.03,0,1,0,1,0,-1,0,0.03],"_humanoidState":5,"_cameraCFrame":[769.091,245.955,48.175,0.043,-0.957,0.287,0,0.287,0.958,-0.999,-0.041,0.012],"_shiftlockState":true,"_pose":"FreeFall","_animationQueue":[],"_animationSpeed":1,"_zoom":16.125},{"_mousePosition":[683,384],"_rootPartCFrame":[764.129,228.665,49.716,0.042,0,0.999,0,1,0,-0.999,0,0.042],"_humanoidState":5,"_cameraCFrame":[768.844,245.608,48.227,0.056,-0.956,0.286,0,0.287,0.958,-0.998,-0.053,0.016],"_shiftlockState":true,"_pose":"FreeFall","_animationQueue":[],"_animationSpeed":1,"_zoom":16.125},{"_mousePosition":[683,384],"_rootPartCFrame":[763.929,228.367,49.708,0.055,0,0.999,0,1,0,-0.999,0,0.055],"_humanoidState":5,"_cameraCFrame":[768.667,245.311,48.29,0.071,-0.956,0.286,0,0.287,0.958,-0.997,-0.068,0.02],"_shiftlockState":true,"_pose":"FreeFall","_animationQueue":[],"_animationSpeed":1,"_zoom":16.125},{"_mousePosition":[683,384],"_rootPartCFrame":[763.596,227.802,49.69,0.069,0,0.998,0,1,0,-0.998,0,0.069],"_humanoidState":5,"_cameraCFrame":[768.309,244.765,48.387,0.096,-0.955,0.282,0,0.283,0.959,-0.995,-0.092,0.027],"_shiftlockState":true,"_pose":"FreeFall","_animationQueue":[["fall",0.3]],"_animationSpeed":1,"_zoom":16.125},{"_mousePosition":[683,384],"_rootPartCFrame":[763.33,227.289,49.671,0.093,0,0.996,0,1,0,-0.996,0,0.093],"_humanoidState":5,"_cameraCFrame":[768.005,244.27,48.445,0.114,-0.954,0.278,0,0.279,0.96,-0.994,-0.109,0.032],"_shiftlockState":true,"_pose":"FreeFall","_animationQueue":[],"_animationSpeed":1,"_zoom":16.125},{"_mousePosition":[683,384],"_rootPartCFrame":[763.131,226.868,49.653,0.112,0,0.994,0,1,0,-0.994,0,0.112],"_humanoidState":5,"_cameraCFrame":[767.77,243.868,48.514,0.134,-0.953,0.273,0,0.276,0.961,-0.991,-0.129,0.037],"_shiftlockState":true,"_pose":"FreeFall","_animationQueue":[],"_animationSpeed":1,"_zoom":16.125},{"_mousePosition":[683,384],"_rootPartCFrame":[762.8,226.099,49.616,0.131,0,0.991,0,1,0,-0.991,0,0.131],"_humanoidState":5,"_cameraCFrame":[767.434,243.107,48.578,0.156,-0.95,0.27,0,0.274,0.962,-0.988,-0.15,0.043],"_shiftlockState":true,"_pose":"FreeFall","_animationQueue":[],"_animationSpeed":1,"_zoom":16.125},{"_mousePosition":[683,384],"_rootPartCFrame":[762.54,226.005,49.582,0.156,0,0.988,0,1,0,-0.988,0,0.156],"_humanoidState":7,"_cameraCFrame":[767.138,243.03,48.639,0.179,-0.947,0.266,0,0.27,0.963,-0.984,-0.172,0.048],"_shiftlockState":true,"_pose":"FreeFall","_animationQueue":[["walk",0.1],["fall",0.3],["fall",0.3]],"_animationSpeed":1,"_zoom":16.125},{"_mousePosition":[683,384],"_rootPartCFrame":[762.347,226.003,49.552,0.179,0,0.984,0,1,0,-0.984,0,0.179],"_humanoidState":7,"_cameraCFrame":[766.931,243.037,48.685,0.196,-0.945,0.263,0,0.268,0.963,-0.981,-0.189,0.053],"_shiftlockState":true,"_pose":"FreeFall","_animationQueue":[],"_animationSpeed":1,"_zoom":16.125},{"_mousePosition":[683,384],"_rootPartCFrame":[762.027,225.904,49.494,0.196,0,0.981,0,1,0,-0.981,0,0.196],"_humanoidState":8,"_cameraCFrame":[766.619,242.939,48.674,0.206,-0.943,0.262,0,0.268,0.963,-0.979,-0.199,0.055],"_shiftlockState":true,"_pose":"Running","_animationQueue":[["walk",0.1],["fall",0.3],["walk",0.1]],"_animationSpeed":1.078,"_zoom":16.125},{"_mousePosition":[683,384],"_rootPartCFrame":[761.771,225.897,49.444,0.206,0,0.979,0,1,0,-0.979,0,0.206],"_humanoidState":8,"_cameraCFrame":[766.336,242.94,48.628,0.209,-0.943,0.26,0,0.266,0.964,-0.978,-0.201,0.056],"_shiftlockState":true,"_pose":"Running","_animationQueue":[["walk",0.1]],"_animationSpeed":1.078,"_zoom":16.125},{"_mousePosition":[683,384],"_rootPartCFrame":[761.598,225.918,49.275,0.209,0,0.978,0,1,0,-0.978,0,0.209],"_humanoidState":8,"_cameraCFrame":[766.162,242.96,48.459,0.209,-0.943,0.26,0,0.266,0.964,-0.978,-0.201,0.056],"_shiftlockState":true,"_pose":"Running","_animationQueue":[],"_animationSpeed":1.078,"_zoom":16.125},{"_mousePosition":[683,384],"_rootPartCFrame":[761.456,225.939,49.06,0.209,0,0.978,0,1,0,-0.978,0,0.209],"_humanoidState":8,"_cameraCFrame":[766.021,242.982,48.244,0.209,-0.943,0.26,0,0.266,0.964,-0.978,-0.201,0.056],"_shiftlockState":true,"_pose":"Running","_animationQueue":[],"_animationSpeed":1.078,"_zoom":16.125},{"_mousePosition":[683,384],"_rootPartCFrame":[761.316,225.979,48.843,0.209,0,0.978,0,1,0,-0.978,0,0.209],"_humanoidState":8,"_cameraCFrame":[765.84,243.03,47.964,0.196,-0.946,0.259,0,0.264,0.964,-0.981,-0.189,0.052],"_shiftlockState":true,"_pose":"Running","_animationQueue":[],"_animationSpeed":1.078,"_zoom":16.125},{"_mousePosition":[683,384],"_rootPartCFrame":[761.316,226.029,48.597,0.196,0,0.981,0,1,0,-0.981,0,0.196],"_humanoidState":8,"_cameraCFrame":[765.716,243.105,47.543,0.161,-0.953,0.255,0,0.259,0.966,-0.987,-0.156,0.042],"_shiftlockState":true,"_pose":"Running","_animationQueue":[],"_animationSpeed":1.078,"_zoom":16.125},{"_mousePosition":[683,384],"_rootPartCFrame":[761.369,226.092,48.34,0.164,0.004,0.986,0.001,1,-0.004,-0.986,0.002,0.164],"_humanoidState":8,"_cameraCFrame":[765.672,243.184,47.116,0.124,-0.959,0.253,0,0.255,0.967,-0.992,-0.12,0.032],"_shiftlockState":true,"_pose":"Running","_animationQueue":[],"_animationSpeed":1.078,"_zoom":16.125},{"_mousePosition":[683,384],"_rootPartCFrame":[761.426,226.135,48.083,0.125,0.002,0.992,0,1,-0.002,-0.992,0.001,0.125],"_humanoidState":8,"_cameraCFrame":[765.595,243.242,46.626,0.071,-0.965,0.251,0,0.251,0.968,-0.997,-0.069,0.018],"_shiftlockState":true,"_pose":"Running","_animationQueue":[["walk",0.1]],"_animationSpeed":1.078,"_zoom":16.125},{"_mousePosition":[683,384],"_rootPartCFrame":[761.49,226.192,47.824,0.073,0.002,0.997,0,1,-0.002,-0.997,0,0.073],"_humanoidState":8,"_cameraCFrame":[765.491,243.316,46.095,0.005,-0.969,0.247,0,0.247,0.969,-1,-0.005,0.001],"_shiftlockState":true,"_pose":"Running","_animationQueue":[],"_animationSpeed":1.078,"_zoom":16.125},{"_mousePosition":[683,384],"_rootPartCFrame":[761.549,226.22,47.497,0.007,0.001,1,0,1,-0.001,-1,0,0.007],"_humanoidState":8,"_cameraCFrame":[765.351,243.359,45.483,-0.068,-0.968,0.243,0,0.244,0.97,-0.998,0.066,-0.017],"_shiftlockState":true,"_pose":"Running","_animationQueue":[],"_animationSpeed":1.078,"_zoom":16.125},{"_mousePosition":[683,384],"_rootPartCFrame":[761.593,226.261,47.233,-0.067,0.001,0.998,0,1,-0.001,-0.998,0,-0.067],"_humanoidState":8,"_cameraCFrame":[765.207,243.407,44.951,-0.141,-0.961,0.239,0,0.242,0.97,-0.99,0.137,-0.034],"_shiftlockState":true,"_pose":"Running","_animationQueue":[],"_animationSpeed":1.078,"_zoom":16.125},{"_mousePosition":[683,384],"_rootPartCFrame":[761.621,226.295,47.035,-0.14,0.001,0.99,0,1,-0.001,-0.99,0,-0.14],"_humanoidState":8,"_cameraCFrame":[765.058,243.442,44.493,-0.213,-0.948,0.236,0,0.242,0.97,-0.977,0.207,-0.052],"_shiftlockState":true,"_pose":"Running","_animationQueue":[],"_animationSpeed":1.078,"_zoom":16.125},{"_mousePosition":[683,384],"_rootPartCFrame":[761.655,226.353,46.705,-0.213,0,0.977,0,1,0,-0.977,0,-0.213],"_humanoidState":8,"_cameraCFrame":[764.902,243.499,43.927,-0.282,-0.931,0.232,0,0.242,0.97,-0.959,0.274,-0.068],"_shiftlockState":true,"_pose":"Running","_animationQueue":[],"_animationSpeed":1.078,"_zoom":16.125},{"_mousePosition":[683,384],"_rootPartCFrame":[761.673,226.399,46.443,-0.282,0,0.959,0,1,0,-0.959,0,-0.282],"_humanoidState":8,"_cameraCFrame":[764.716,243.545,43.442,-0.349,-0.909,0.227,0,0.242,0.97,-0.937,0.339,-0.084],"_shiftlockState":true,"_pose":"Running","_animationQueue":[],"_animationSpeed":1.078,"_zoom":16.125},{"_mousePosition":[683,384],"_rootPartCFrame":[761.692,227.272,46.181,-0.349,0,0.937,0,1,0,-0.937,0,-0.349],"_humanoidState":3,"_cameraCFrame":[764.514,244.418,42.972,-0.415,-0.883,0.22,0,0.242,0.97,-0.91,0.402,-0.1],"_shiftlockState":true,"_pose":"Jumping","_animationQueue":[["walk",0.1],["walk",0.1],["jump",0.1]],"_animationSpeed":1,"_zoom":16.125},{"_mousePosition":[683,384],"_rootPartCFrame":[761.686,228.094,45.922,-0.329,0,0.944,0,1,0,-0.944,0,-0.329],"_humanoidState":5,"_cameraCFrame":[764.266,245.24,42.515,-0.48,-0.851,0.212,0,0.242,0.97,-0.877,0.466,-0.116],"_shiftlockState":true,"_pose":"FreeFall","_animationQueue":[["jump",0.1]],"_animationSpeed":1,"_zoom":16.125},{"_mousePosition":[683,384],"_rootPartCFrame":[761.641,228.861,45.668,-0.364,0,0.931,0,1,0,-0.931,0,-0.364],"_humanoidState":5,"_cameraCFrame":[763.987,245.993,42.03,-0.55,-0.81,0.205,0,0.246,0.969,-0.835,0.533,-0.135],"_shiftlockState":true,"_pose":"FreeFall","_animationQueue":[],"_animationSpeed":1,"_zoom":16.125},{"_mousePosition":[683,384],"_rootPartCFrame":[761.557,229.574,45.423,-0.434,0,0.901,0,1,0,-0.901,0,-0.434],"_humanoidState":5,"_cameraCFrame":[763.669,246.69,41.58,-0.611,-0.766,0.197,0,0.249,0.968,-0.791,0.592,-0.152],"_shiftlockState":true,"_pose":"FreeFall","_animationQueue":[],"_animationSpeed":1,"_zoom":16.125},{"_mousePosition":[683,384],"_rootPartCFrame":[761.435,230.233,45.191,-0.501,0,0.866,0,1,0,-0.866,0,-0.501],"_humanoidState":5,"_cameraCFrame":[763.183,247.325,41.078,-0.694,-0.696,0.184,0,0.255,0.967,-0.72,0.671,-0.177],"_shiftlockState":true,"_pose":"FreeFall","_animationQueue":[],"_animationSpeed":1,"_zoom":16.125},{"_mousePosition":[683,384],"_rootPartCFrame":[761.281,230.837,44.975,-0.592,0,0.806,0,1,0,-0.806,0,-0.592],"_humanoidState":5,"_cameraCFrame":[762.786,247.921,40.737,-0.738,-0.652,0.173,0,0.257,0.966,-0.675,0.713,-0.19],"_shiftlockState":true,"_pose":"FreeFall","_animationQueue":[],"_animationSpeed":1,"_zoom":16.125},{"_mousePosition":[683,384],"_rootPartCFrame":[761.103,231.386,44.777,-0.642,0,0.767,0,1,0,-0.767,0,-0.642],"_humanoidState":5,"_cameraCFrame":[762.378,248.462,40.435,-0.776,-0.609,0.163,0,0.259,0.966,-0.631,0.749,-0.201],"_shiftlockState":true,"_pose":"FreeFall","_animationQueue":[],"_animationSpeed":1,"_zoom":16.125},{"_mousePosition":[683,384],"_rootPartCFrame":[760.909,231.881,44.594,-0.685,0,0.728,0,1,0,-0.728,0,-0.685],"_humanoidState":5,"_cameraCFrame":[761.962,248.957,40.194,-0.807,-0.571,0.153,0,0.259,0.966,-0.591,0.779,-0.209],"_shiftlockState":true,"_pose":"FreeFall","_animationQueue":[],"_animationSpeed":1,"_zoom":16.125},{"_mousePosition":[683,384],"_rootPartCFrame":[760.703,232.322,44.424,-0.721,0,0.693,0,1,0,-0.693,0,-0.721],"_humanoidState":5,"_cameraCFrame":[761.566,249.398,39.983,-0.831,-0.537,0.144,0,0.259,0.966,-0.556,0.803,-0.215],"_shiftlockState":true,"_pose":"FreeFall","_animationQueue":[],"_animationSpeed":1,"_zoom":16.125},{"_mousePosition":[683,384],"_rootPartCFrame":[760.49,232.708,44.265,-0.75,0,0.661,0,1,0,-0.661,0,-0.75],"_humanoidState":5,"_cameraCFrame":[761.172,249.784,39.792,-0.853,-0.504,0.135,0,0.259,0.966,-0.521,0.824,-0.221],"_shiftlockState":true,"_pose":"FreeFall","_animationQueue":[],"_animationSpeed":1,"_zoom":16.125},{"_mousePosition":[683,384],"_rootPartCFrame":[760.269,233.04,44.116,-0.776,0,0.63,0,1,0,-0.63,0,-0.776],"_humanoidState":5,"_cameraCFrame":[760.77,250.115,39.619,-0.874,-0.47,0.126,0,0.259,0.966,-0.486,0.844,-0.226],"_shiftlockState":true,"_pose":"FreeFall","_animationQueue":[],"_animationSpeed":1,"_zoom":16.125},{"_mousePosition":[683,384],"_rootPartCFrame":[760.042,233.317,43.975,-0.801,0,0.598,0,1,0,-0.598,0,-0.801],"_humanoidState":5,"_cameraCFrame":[760.36,250.392,39.462,-0.893,-0.435,0.117,0,0.259,0.966,-0.451,0.862,-0.231],"_shiftlockState":true,"_pose":"FreeFall","_animationQueue":[],"_animationSpeed":1,"_zoom":16.125},{"_mousePosition":[683,384],"_rootPartCFrame":[759.81,233.539,43.844,-0.825,0,0.565,0,1,0,-0.565,0,-0.825],"_humanoidState":5,"_cameraCFrame":[759.945,250.615,39.321,-0.91,-0.4,0.107,0,0.259,0.966,-0.414,0.879,-0.236],"_shiftlockState":true,"_pose":"FreeFall","_animationQueue":[],"_animationSpeed":1,"_zoom":16.125},{"_mousePosition":[683,384],"_rootPartCFrame":[759.632,233.67,43.753,-0.864,0,0.503,0,1,0,-0.503,0,-0.864],"_humanoidState":5,"_cameraCFrame":[759.584,250.746,39.228,-0.926,-0.364,0.098,0,0.259,0.966,-0.377,0.895,-0.24],"_shiftlockState":true,"_pose":"FreeFall","_animationQueue":[],"_animationSpeed":1,"_zoom":16.125},{"_mousePosition":[683,384],"_rootPartCFrame":[759.329,233.821,43.613,-0.851,0,0.525,0,1,0,-0.525,0,-0.851],"_humanoidState":5,"_cameraCFrame":[759.11,250.896,39.093,-0.94,-0.33,0.088,0,0.259,0.966,-0.342,0.908,-0.243],"_shiftlockState":true,"_pose":"FreeFall","_animationQueue":[],"_animationSpeed":1,"_zoom":16.125},{"_mousePosition":[683,384],"_rootPartCFrame":[759.083,233.88,43.511,-0.886,0,0.463,0,1,0,-0.463,0,-0.886],"_humanoidState":5,"_cameraCFrame":[758.665,250.939,38.949,-0.955,-0.286,0.078,0,0.263,0.965,-0.296,0.922,-0.251],"_shiftlockState":true,"_pose":"FreeFall","_animationQueue":[],"_animationSpeed":1,"_zoom":16.125},{"_mousePosition":[683,384],"_rootPartCFrame":[758.833,233.884,43.419,-0.907,0,0.42,0,1,0,-0.42,0,-0.907],"_humanoidState":5,"_cameraCFrame":[758.307,250.935,38.84,-0.962,-0.262,0.072,0,0.264,0.964,-0.272,0.928,-0.254],"_shiftlockState":true,"_pose":"FreeFall","_animationQueue":[],"_animationSpeed":1,"_zoom":16.125},{"_mousePosition":[683,384],"_rootPartCFrame":[758.579,233.834,43.338,-0.918,0,0.397,0,1,0,-0.397,0,-0.918],"_humanoidState":5,"_cameraCFrame":[757.968,250.877,38.741,-0.968,-0.243,0.067,0,0.266,0.964,-0.252,0.933,-0.258],"_shiftlockState":true,"_pose":"FreeFall","_animationQueue":[],"_animationSpeed":1,"_zoom":16.125},{"_mousePosition":[683,384],"_rootPartCFrame":[758.327,233.73,43.283,-0.932,0,0.362,0,1,0,-0.362,0,-0.932],"_humanoidState":5,"_cameraCFrame":[757.658,250.772,38.695,-0.971,-0.231,0.064,0,0.266,0.964,-0.24,0.936,-0.259],"_shiftlockState":true,"_pose":"FreeFall","_animationQueue":[],"_animationSpeed":1,"_zoom":16.125},{"_mousePosition":[683,384],"_rootPartCFrame":[758.079,233.571,43.268,-0.939,0,0.343,0,1,0,-0.343,0,-0.939],"_humanoidState":5,"_cameraCFrame":[757.411,250.613,38.68,-0.971,-0.231,0.064,0,0.266,0.964,-0.24,0.936,-0.259],"_shiftlockState":true,"_pose":"FreeFall","_animationQueue":[],"_animationSpeed":1,"_zoom":16.125},{"_mousePosition":[683,384],"_rootPartCFrame":[757.897,233.416,43.283,-0.949,0,0.316,0,1,0,-0.316,0,-0.949],"_humanoidState":5,"_cameraCFrame":[757.228,250.458,38.694,-0.971,-0.231,0.064,0,0.266,0.964,-0.24,0.936,-0.259],"_shiftlockState":true,"_pose":"FreeFall","_animationQueue":[],"_animationSpeed":1,"_zoom":16.125},{"_mousePosition":[683,384],"_rootPartCFrame":[757.599,233.089,43.356,-0.931,0,0.365,0,1,0,-0.365,0,-0.931],"_humanoidState":5,"_cameraCFrame":[756.93,250.132,38.768,-0.971,-0.231,0.064,0,0.266,0.964,-0.24,0.936,-0.259],"_shiftlockState":true,"_pose":"FreeFall","_animationQueue":[["fall",0.3]],"_animationSpeed":1,"_zoom":16.125},{"_mousePosition":[683,384],"_rootPartCFrame":[757.421,232.856,43.381,-0.955,0.003,0.295,-0.003,1,-0.018,-0.295,-0.019,-0.955],"_humanoidState":5,"_cameraCFrame":[756.752,249.891,38.737,-0.971,-0.229,0.064,0,0.268,0.963,-0.237,0.936,-0.261],"_shiftlockState":true,"_pose":"FreeFall","_animationQueue":[],"_animationSpeed":1,"_zoom":16.125},{"_mousePosition":[683,384],"_rootPartCFrame":[757.15,233.016,43.367,-0.97,0.002,0.245,-0.002,1,-0.016,-0.245,-0.016,-0.969],"_humanoidState":12,"_cameraCFrame":[756.492,250.05,38.725,-0.971,-0.231,0.064,0,0.268,0.963,-0.24,0.935,-0.26],"_shiftlockState":true,"_pose":"Climbing","_animationQueue":[["walk",0.1],["fall",0.3],["climb",0.1],["climb",0]],"_animationSpeed":-1.568,"_zoom":16.125},{"_mousePosition":[683,384],"_rootPartCFrame":[757.075,233.202,43.364,-0.971,0,0.24,0,1,-0.001,-0.24,-0.001,-0.971],"_humanoidState":12,"_cameraCFrame":[756.488,250.219,38.678,-0.968,-0.243,0.069,0,0.272,0.962,-0.252,0.931,-0.263],"_shiftlockState":true,"_pose":"Climbing","_animationQueue":[["climb",0.1]],"_animationSpeed":0.915,"_zoom":16.125},{"_mousePosition":[683,384],"_rootPartCFrame":[757.073,233.388,43.362,-0.968,0,0.252,0,1,0.002,-0.252,0.002,-0.968],"_humanoidState":12,"_cameraCFrame":[756.633,250.388,38.608,-0.96,-0.268,0.077,0,0.276,0.961,-0.279,0.923,-0.265],"_shiftlockState":true,"_pose":"Climbing","_animationQueue":[["climb",0]],"_animationSpeed":0.915,"_zoom":16.125},{"_mousePosition":[683,384],"_rootPartCFrame":[757.037,233.514,43.498,-0.96,0,0.279,0,1,0,-0.279,0,-0.96],"_humanoidState":8,"_cameraCFrame":[756.831,250.487,38.642,-0.947,-0.307,0.09,0,0.281,0.96,-0.32,0.909,-0.266],"_shiftlockState":true,"_pose":"Standing","_animationQueue":[["climb",0.1],["walk",0.1],["idle",0.1]],"_animationSpeed":1,"_zoom":16.125},{"_mousePosition":[683,384],"_rootPartCFrame":[756.953,233.554,43.52,-0.979,0.013,0.205,0.008,1,-0.023,-0.205,-0.021,-0.979],"_humanoidState":8,"_cameraCFrame":[757.208,250.501,38.548,-0.917,-0.381,0.114,0,0.287,0.958,-0.398,0.879,-0.263],"_shiftlockState":true,"_pose":"Running","_animationQueue":[["walk",0.1]],"_animationSpeed":0.848,"_zoom":16.125},{"_mousePosition":[683,384],"_rootPartCFrame":[756.831,233.581,43.497,-0.952,0.01,0.306,0.009,1,-0.004,-0.306,-0.001,-0.952],"_humanoidState":8,"_cameraCFrame":[757.421,250.52,38.554,-0.889,-0.438,0.132,0,0.289,0.957,-0.457,0.851,-0.257],"_shiftlockState":true,"_pose":"Running","_animationQueue":[["walk",0.1],["walk",0.1]],"_animationSpeed":0.466,"_zoom":16.125},{"_mousePosition":[683,384],"_rootPartCFrame":[756.7,233.59,43.501,-0.924,0.003,0.381,0.002,1,-0.003,-0.381,-0.002,-0.924],"_humanoidState":8,"_cameraCFrame":[757.59,250.528,38.604,-0.859,-0.491,0.148,0,0.289,0.957,-0.513,0.822,-0.248],"_shiftlockState":true,"_pose":"Running","_animationQueue":[],"_animationSpeed":0.466,"_zoom":16.125},{"_mousePosition":[683,384],"_rootPartCFrame":[756.556,233.595,43.524,-0.894,0.001,0.449,0,1,-0.001,-0.449,-0.001,-0.894],"_humanoidState":8,"_cameraCFrame":[757.738,250.533,38.691,-0.826,-0.54,0.163,0,0.289,0.957,-0.564,0.791,-0.238],"_shiftlockState":true,"_pose":"Running","_animationQueue":[["walk",0.1]],"_animationSpeed":0.551,"_zoom":16.125},{"_mousePosition":[683,384],"_rootPartCFrame":[756.393,233.597,43.576,-0.855,0,0.519,-0.001,1,-0.001,-0.519,-0.001,-0.855],"_humanoidState":8,"_cameraCFrame":[757.841,250.535,38.815,-0.793,-0.583,0.176,0,0.289,0.957,-0.609,0.759,-0.229],"_shiftlockState":true,"_pose":"Running","_animationQueue":[["walk",0.1]],"_animationSpeed":0.621,"_zoom":16.125},{"_mousePosition":[683,384],"_rootPartCFrame":[756.216,233.6,43.669,-0.812,0,0.584,-0.001,1,-0.001,-0.584,-0.002,-0.812],"_humanoidState":8,"_cameraCFrame":[757.887,250.557,39.041,-0.758,-0.625,0.186,0,0.285,0.959,-0.652,0.727,-0.216],"_shiftlockState":true,"_pose":"Running","_animationQueue":[["walk",0.1]],"_animationSpeed":0.736,"_zoom":16.125},{"_mousePosition":[683,384],"_rootPartCFrame":[756.03,233.603,43.807,-0.768,0,0.641,-0.001,1,-0.002,-0.641,-0.002,-0.768],"_humanoidState":8,"_cameraCFrame":[757.891,250.577,39.312,-0.724,-0.662,0.194,0,0.281,0.96,-0.69,0.695,-0.204],"_shiftlockState":true,"_pose":"Running","_animationQueue":[["walk",0.1]],"_animationSpeed":0.866,"_zoom":16.125},{"_mousePosition":[683,384],"_rootPartCFrame":[755.852,233.605,43.995,-0.726,-0.002,0.688,-0.005,1,-0.003,-0.688,-0.006,-0.726],"_humanoidState":8,"_cameraCFrame":[757.902,250.588,39.611,-0.69,-0.695,0.202,0,0.279,0.96,-0.724,0.663,-0.193],"_shiftlockState":true,"_pose":"Running","_animationQueue":[["walk",0.1]],"_animationSpeed":0.987,"_zoom":16.125},{"_mousePosition":[683,384],"_rootPartCFrame":[755.669,233.606,44.19,-0.69,-0.001,0.724,-0.003,1,-0.002,-0.724,-0.004,-0.69],"_humanoidState":8,"_cameraCFrame":[757.917,250.589,39.907,-0.656,-0.724,0.211,0,0.279,0.96,-0.754,0.63,-0.183],"_shiftlockState":true,"_pose":"Running","_animationQueue":[["walk",0.1],["walk",0.1]],"_animationSpeed":1.085,"_zoom":16.125},{"_mousePosition":[683,384],"_rootPartCFrame":[755.569,233.606,44.272,-0.662,0.001,0.749,0.002,1,0.001,-0.749,0.003,-0.662],"_humanoidState":8,"_cameraCFrame":[758.028,250.571,40.048,-0.627,-0.747,0.221,0,0.283,0.959,-0.779,0.602,-0.178],"_shiftlockState":true,"_pose":"Running","_animationQueue":[],"_animationSpeed":1.085,"_zoom":16.125},{"_mousePosition":[683,384],"_rootPartCFrame":[755.624,233.608,44.218,-0.628,0,0.778,0.001,1,0,-0.778,0.001,-0.628],"_humanoidState":8,"_cameraCFrame":[758.234,250.564,40.051,-0.603,-0.764,0.227,0,0.285,0.959,-0.797,0.578,-0.172],"_shiftlockState":true,"_pose":"Running","_animationQueue":[["walk",0.1]],"_animationSpeed":0.216,"_zoom":16.125},{"_mousePosition":[683,384],"_rootPartCFrame":[755.81,233.61,44.062,-0.603,-0.001,0.797,-0.001,1,0,-0.797,0,-0.603],"_humanoidState":8,"_cameraCFrame":[758.505,250.557,39.915,-0.591,-0.773,0.231,0,0.287,0.958,-0.807,0.566,-0.17],"_shiftlockState":true,"_pose":"Running","_animationQueue":[["walk",0.1]],"_animationSpeed":0.64,"_zoom":16.125},{"_mousePosition":[683,384],"_rootPartCFrame":[756.02,233.613,43.898,-0.591,0,0.807,0,1,0,-0.807,0,-0.591],"_humanoidState":8,"_cameraCFrame":[758.716,250.56,39.751,-0.591,-0.773,0.231,0,0.287,0.958,-0.807,0.566,-0.17],"_shiftlockState":true,"_pose":"Running","_animationQueue":[["walk",0.1]],"_animationSpeed":1.09,"_zoom":16.125},{"_mousePosition":[683,384],"_rootPartCFrame":[756.234,233.617,43.74,-0.591,0,0.807,0,1,0,-0.807,0,-0.591],"_humanoidState":8,"_cameraCFrame":[758.931,250.564,39.593,-0.591,-0.773,0.231,0,0.287,0.958,-0.807,0.566,-0.17],"_shiftlockState":true,"_pose":"Running","_animationQueue":[],"_animationSpeed":1.09,"_zoom":16.125},{"_mousePosition":[683,384],"_rootPartCFrame":[756.396,233.62,43.622,-0.591,0,0.807,0,1,0,-0.807,0,-0.591],"_humanoidState":8,"_cameraCFrame":[759.092,250.567,39.475,-0.591,-0.773,0.231,0,0.287,0.958,-0.807,0.566,-0.17],"_shiftlockState":true,"_pose":"Running","_animationQueue":[],"_animationSpeed":1.09,"_zoom":16.125},{"_mousePosition":[683,384],"_rootPartCFrame":[756.664,234.69,43.424,-0.591,0,0.807,0,1,0,-0.807,0,-0.591],"_humanoidState":3,"_cameraCFrame":[759.361,251.637,39.278,-0.591,-0.773,0.231,0,0.287,0.958,-0.807,0.566,-0.17],"_shiftlockState":true,"_pose":"Jumping","_animationQueue":[["walk",0.1],["walk",0.1],["jump",0.1]],"_animationSpeed":1,"_zoom":16.125},{"_mousePosition":[683,384],"_rootPartCFrame":[756.88,235.484,43.267,-0.515,0,0.857,0,1,0,-0.857,0,-0.515],"_humanoidState":5,"_cameraCFrame":[759.576,252.432,39.12,-0.591,-0.773,0.231,0,0.287,0.958,-0.807,0.566,-0.17],"_shiftlockState":true,"_pose":"FreeFall","_animationQueue":[["jump",0.1]],"_animationSpeed":1,"_zoom":16.125},{"_mousePosition":[683,384],"_rootPartCFrame":[757.075,236.225,43.124,-0.561,0,0.828,0,1,0,-0.828,0,-0.561],"_humanoidState":5,"_cameraCFrame":[759.771,253.172,38.977,-0.591,-0.773,0.231,0,0.287,0.958,-0.807,0.566,-0.17],"_shiftlockState":true,"_pose":"FreeFall","_animationQueue":[],"_animationSpeed":1,"_zoom":16.125},{"_mousePosition":[683,384],"_rootPartCFrame":[757.238,236.91,43.004,-0.588,0,0.809,0,1,0,-0.809,0,-0.588],"_humanoidState":5,"_cameraCFrame":[759.945,253.858,38.865,-0.589,-0.774,0.232,0,0.287,0.958,-0.808,0.564,-0.169],"_shiftlockState":true,"_pose":"FreeFall","_animationQueue":[],"_animationSpeed":1,"_zoom":16.125},{"_mousePosition":[683,384],"_rootPartCFrame":[757.369,237.542,42.908,-0.589,0,0.808,0,1,0,-0.808,0,-0.589],"_humanoidState":5,"_cameraCFrame":[760.076,254.489,38.769,-0.589,-0.774,0.232,0,0.287,0.958,-0.808,0.564,-0.169],"_shiftlockState":true,"_pose":"FreeFall","_animationQueue":[],"_animationSpeed":1,"_zoom":16.125},{"_mousePosition":[683,384],"_rootPartCFrame":[757.467,238.118,42.836,-0.589,0,0.808,0,1,0,-0.808,0,-0.589],"_humanoidState":5,"_cameraCFrame":[760.133,255.066,38.669,-0.597,-0.768,0.23,0,0.287,0.958,-0.802,0.572,-0.171],"_shiftlockState":true,"_pose":"FreeFall","_animationQueue":[],"_animationSpeed":1,"_zoom":16.125},{"_mousePosition":[683,384],"_rootPartCFrame":[757.534,238.641,42.787,-0.597,0,0.803,0,1,0,-0.803,0,-0.597],"_humanoidState":5,"_cameraCFrame":[760.157,255.588,38.593,-0.605,-0.762,0.228,0,0.287,0.958,-0.796,0.58,-0.174],"_shiftlockState":true,"_pose":"FreeFall","_animationQueue":[],"_animationSpeed":1,"_zoom":16.125},{"_mousePosition":[683,384],"_rootPartCFrame":[757.563,238.997,42.765,-0.605,0,0.797,0,1,0,-0.797,0,-0.605],"_humanoidState":5,"_cameraCFrame":[760.122,255.944,38.532,-0.617,-0.754,0.226,0,0.287,0.958,-0.787,0.591,-0.177],"_shiftlockState":true,"_pose":"FreeFall","_animationQueue":[],"_animationSpeed":1,"_zoom":16.125},{"_mousePosition":[683,384],"_rootPartCFrame":[757.572,239.522,42.76,-0.616,0,0.788,0,1,0,-0.788,0,-0.616],"_humanoidState":5,"_cameraCFrame":[760.067,256.469,38.488,-0.629,-0.745,0.223,0,0.287,0.958,-0.777,0.603,-0.181],"_shiftlockState":true,"_pose":"FreeFall","_animationQueue":[],"_animationSpeed":1,"_zoom":16.125},{"_mousePosition":[683,384],"_rootPartCFrame":[757.544,239.881,42.782,-0.628,0,0.778,0,1,0,-0.778,0,-0.628],"_humanoidState":5,"_cameraCFrame":[759.974,256.819,38.442,-0.645,-0.732,0.221,0,0.289,0.957,-0.764,0.617,-0.186],"_shiftlockState":true,"_pose":"FreeFall","_animationQueue":[],"_animationSpeed":1,"_zoom":16.125},{"_mousePosition":[683,384],"_rootPartCFrame":[757.485,240.185,42.83,-0.643,0,0.766,0,1,0,-0.766,0,-0.643],"_humanoidState":5,"_cameraCFrame":[759.782,257.123,38.418,-0.668,-0.713,0.215,0,0.289,0.957,-0.744,0.639,-0.193],"_shiftlockState":true,"_pose":"FreeFall","_animationQueue":[],"_animationSpeed":1,"_zoom":16.125},{"_mousePosition":[683,384],"_rootPartCFrame":[757.395,240.435,42.903,-0.665,0,0.747,0,1,0,-0.747,0,-0.665],"_humanoidState":5,"_cameraCFrame":[759.614,257.373,38.451,-0.681,-0.701,0.211,0,0.289,0.957,-0.732,0.652,-0.197],"_shiftlockState":true,"_pose":"FreeFall","_animationQueue":[],"_animationSpeed":1,"_zoom":16.125},{"_mousePosition":[683,384],"_rootPartCFrame":[757.277,240.63,43.003,-0.679,0,0.734,0,1,0,-0.734,0,-0.679],"_humanoidState":5,"_cameraCFrame":[759.428,257.568,38.518,-0.692,-0.691,0.208,0,0