[{"_mousePosition":[821,498],"_rootPartCFrame":[776.026,222.7,47.142,0.001,0,1,0,1,0,-1,0,0.001],"_humanoidState":8,"_cameraCFrame":[777.361,238.848,40.536,-0.98,-0.18,0.083,0,0.418,0.908,-0.198,0.89,-0.41],"_shiftlockState":false,"_pose":"Standing","_animationQueue":[],"_animationSpeed":1,"_zoom":16.125},{"_mousePosition":[821,498],"_rootPartCFrame":[775.784,222.7,47.091,0.03,0,1,0,1,0,-1,0,0.03],"_humanoidState":8,"_cameraCFrame":[777.036,238.887,40.555,-0.982,-0.171,0.078,0,0.413,0.911,-0.188,0.895,-0.405],"_shiftlockState":false,"_pose":"Standing","_animationQueue":[["idle",0]],"_animationSpeed":1,"_zoom":16.125},{"_mousePosition":[821,498],"_rootPartCFrame":[775.524,222.7,47.038,0.053,0,0.999,0,1,0,-0.999,0,0.053],"_humanoidState":8,"_cameraCFrame":[776.689,238.939,40.603,-0.984,-0.163,0.072,0,0.406,0.914,-0.178,0.899,-0.399],"_shiftlockState":false,"_pose":"Running","_animationQueue":[["walk",0.1]],"_animationSpeed":1.066,"_zoom":16.125},{"_mousePosition":[821,498],"_rootPartCFrame":[775.262,222.7,46.988,0.072,0,0.997,0,1,0,-0.997,0,0.072],"_humanoidState":8,"_cameraCFrame":[776.359,238.989,40.657,-0.985,-0.157,0.068,0,0.398,0.917,-0.171,0.904,-0.393],"_shiftlockState":false,"_pose":"Running","_animationQueue":[["walk",0.1]],"_animationSpeed":1.066,"_zoom":16.125},{"_mousePosition":[821,498],"_rootPartCFrame":[774.999,222.7,46.94,0.086,0,0.996,0,1,0,-0.996,0,0.086],"_humanoidState":8,"_cameraCFrame":[776.014,239.039,40.713,-0.987,-0.148,0.063,0,0.391,0.92,-0.161,0.908,-0.386],"_shiftlockState":false,"_pose":"Running","_animationQueue":[],"_animationSpeed":1.066,"_zoom":16.125},{"_mousePosition":[821,498],"_rootPartCFrame":[774.737,222.7,46.894,0.098,0,0.995,0,1,0,-0.995,0,0.098],"_humanoidState":8,"_cameraCFrame":[775.662,239.112,40.829,-0.989,-0.139,0.057,0,0.38,0.925,-0.151,0.914,-0.376],"_shiftlockState":false,"_pose":"Running","_animationQueue":[],"_animationSpeed":1.066,"_zoom":16.125},{"_mousePosition":[821,498],"_rootPartCFrame":[774.474,222.7,46.851,0.107,0,0.994,0,1,0,-0.994,0,0.107],"_humanoidState":8,"_cameraCFrame":[775.279,239.194,40.975,-0.991,-0.126,0.05,0,0.368,0.93,-0.136,0.921,-0.364],"_shiftlockState":false,"_pose":"Running","_animationQueue":[],"_animationSpeed":1.066,"_zoom":16.125},{"_mousePosition":[821,498],"_rootPartCFrame":[774.21,222.7,46.811,0.113,0,0.994,0,1,0,-0.994,0,0.113],"_humanoidState":8,"_cameraCFrame":[774.898,239.285,41.156,-0.993,-0.113,0.043,0,0.353,0.936,-0.121,0.929,-0.351],"_shiftlockState":false,"_pose":"Running","_animationQueue":[],"_animationSpeed":1.066,"_zoom":16.125},{"_mousePosition":[821,498],"_rootPartCFrame":[773.946,222.7,46.774,0.116,0,0.993,0,1,0,-0.993,0,0.116],"_humanoidState":8,"_cameraCFrame":[774.522,239.372,41.344,-0.994,-0.099,0.036,0,0.339,0.941,-0.106,0.936,-0.337],"_shiftlockState":false,"_pose":"Running","_animationQueue":[],"_animationSpeed":1.066,"_zoom":16.125},{"_mousePosition":[821,498],"_rootPartCFrame":[773.681,222.7,46.742,0.117,0,0.993,0,1,0,-0.993,0,0.117],"_humanoidState":8,"_cameraCFrame":[774.151,239.465,41.569,-0.996,-0.086,0.029,0,0.322,0.947,-0.09,0.943,-0.321],"_shiftlockState":false,"_pose":"Running","_animationQueue":[],"_animationSpeed":1.066,"_zoom":16.125},{"_mousePosition":[821,498],"_rootPartCFrame":[773.416,222.7,46.713,0.116,0,0.993,0,1,0,-0.993,0,0.116],"_humanoidState":8,"_cameraCFrame":[773.766,239.592,41.92,-0.997,-0.07,0.022,0,0.298,0.955,-0.073,0.952,-0.297],"_shiftlockState":false,"_pose":"Running","_animationQueue":[["walk",0.1]],"_animationSpeed":1.066,"_zoom":16.125},{"_mousePosition":[821,498],"_rootPartCFrame":[773.151,222.7,46.689,0.113,0,0.994,0,1,0,-0.994,0,0.113],"_humanoidState":8,"_cameraCFrame":[773.439,239.656,42.102,-0.998,-0.06,0.018,0,0.285,0.959,-0.063,0.957,-0.284],"_shiftlockState":false,"_pose":"Running","_animationQueue":[],"_animationSpeed":1.066,"_zoom":16.125},{"_mousePosition":[821,498],"_rootPartCFrame":[772.885,222.7,46.669,0.107,0,0.994,0,1,0,-0.994,0,0.107],"_humanoidState":8,"_cameraCFrame":[773.139,239.709,42.262,-0.998,-0.055,0.016,0,0.274,0.962,-0.058,0.96,-0.273],"_shiftlockState":false,"_pose":"Running","_animationQueue":[],"_animationSpeed":1.066,"_zoom":16.125},{"_mousePosition":[821,498],"_rootPartCFrame":[772.618,222.7,46.652,0.102,0,0.995,0,1,0,-0.995,0,0.102],"_humanoidState":8,"_cameraCFrame":[772.852,239.759,42.426,-0.998,-0.053,0.014,0,0.262,0.965,-0.055,0.963,-0.262],"_shiftlockState":false,"_pose":"Running","_animationQueue":[],"_animationSpeed":1.066,"_zoom":16.125},{"_mousePosition":[821,498],"_rootPartCFrame":[772.352,222.7,46.637,0.096,0,0.995,0,1,0,-0.995,0,0.096],"_humanoidState":8,"_cameraCFrame":[772.555,239.808,42.591,-0.999,-0.048,0.013,0,0.251,0.968,-0.05,0.967,-0.251],"_shiftlockState":false,"_pose":"Running","_animationQueue":[],"_animationSpeed":1.066,"_zoom":16.125},{"_mousePosition":[821,498],"_rootPartCFrame":[772.086,222.7,46.622,0.09,0,0.996,0,1,0,-0.996,0,0.09],"_humanoidState":8,"_cameraCFrame":[772.262,239.846,42.727,-0.999,-0.044,0.011,0,0.242,0.97,-0.045,0.969,-0.242],"_shiftlockState":false,"_pose":"Running","_animationQueue":[],"_animationSpeed":1.066,"_zoom":16.125},{"_mousePosition":[821,498],"_rootPartCFrame":[771.82,222.7,46.608,0.085,0,0.996,0,1,0,-0.996,0,0.085],"_humanoidState":8,"_cameraCFrame":[771.979,239.884,42.866,-0.999,-0.041,0.01,0,0.232,0.973,-0.043,0.972,-0.232],"_shiftlockState":false,"_pose":"Running","_animationQueue":[["walk",0.1]],"_animationSpeed":1.066,"_zoom":16.125},{"_mousePosition":[821,498],"_rootPartCFrame":[771.553,222.7,46.596,0.08,0,0.997,0,1,0,-0.997,0,0.08],"_humanoidState":8,"_cameraCFrame":[771.698,239.912,42.976,-0.999,-0.039,0.009,0,0.225,0.974,-0.04,0.974,-0.225],"_shiftlockState":false,"_pose":"Running","_animationQueue":[],"_animationSpeed":1.066,"_zoom":16.125},{"_mousePosition":[821,498],"_rootPartCFrame":[771.287,222.7,46.585,0.075,0,0.997,0,1,0,-0.997,0,0.075],"_humanoidState":8,"_cameraCFrame":[771.426,239.947,43.118,-0.999,-0.039,0.009,0,0.215,0.977,-0.04,0.976,-0.215],"_shiftlockState":false,"_pose":"Running","_animationQueue":[],"_animationSpeed":1.066,"_zoom":16.125},{"_mousePosition":[821,498],"_rootPartCFrame":[771.02,222.7,46.574,0.07,0,0.998,0,1,0,-0.998,0,0.07],"_humanoidState":8,"_cameraCFrame":[771.153,239.98,43.26,-0.999,-0.039,0.008,0,0.206,0.979,-0.04,0.978,-0.206],"_shiftlockState":false,"_pose":"Running","_animationQueue":[],"_animationSpeed":1.066,"_zoom":16.125},{"_mousePosition":[821,498],"_rootPartCFrame":[770.754,222.7,46.564,0.066,0,0.998,0,1,0,-0.998,0,0.066],"_humanoidState":8,"_cameraCFrame":[770.881,240.005,43.373,-0.999,-0.039,0.008,0,0.198,0.98,-0.04,0.979,-0.198],"_shiftlockState":false,"_pose":"Running","_animationQueue":[],"_animationSpeed":1.066,"_zoom":16.125},{"_mousePosition":[821,498],"_rootPartCFrame":[770.487,222.7,46.553,0.062,0,0.998,0,1,0,-0.998,0,0.062],"_humanoidState":8,"_cameraCFrame":[770.615,240.042,43.547,-0.999,-0.042,0.008,0,0.187,0.982,-0.043,0.982,-0.186],"_shiftlockState":false,"_pose":"Running","_animationQueue":[],"_animationSpeed":1.066,"_zoom":16.125},{"_mousePosition":[821,498],"_rootPartCFrame":[770.154,222.649,46.54,0.058,0,0.998,0,1,0,-0.998,0,0.058],"_humanoidState":8,"_cameraCFrame":[770.278,240.008,43.626,-0.999,-0.042,0.008,0,0.181,0.984,-0.043,0.983,-0.181],"_shiftlockState":false,"_pose":"Running","_animationQueue":[],"_animationSpeed":1.066,"_zoom":16.125},{"_mousePosition":[821,498],"_rootPartCFrame":[769.888,222.546,46.529,0.055,0,0.999,0,1,0,-0.999,0,0.055],"_humanoidState":8,"_cameraCFrame":[768.276,239.917,43.595,-0.999,-0.047,0.008,0,0.177,0.984,-0.048,0.983,-0.177],"_shiftlockState":true,"_pose":"Running","_animationQueue":[["walk",0.1]],"_animationSpeed":1.066,"_zoom":16.125},{"_mousePosition":[683,384],"_rootPartCFrame":[769.622,222.39,46.518,-0.999,0,0.044,0,1,0,-0.044,0,-0.999],"_humanoidState":8,"_cameraCFrame":[768.009,239.76,43.584,-0.999,-0.047,0.008,0,0.177,0.984,-0.048,0.983,-0.177],"_shiftlockState":true,"_pose":"Running","_animationQueue":[],"_animationSpeed":1.066,"_zoom":16.125},{"_mousePosition":[683,384],"_rootPartCFrame":[769.355,223.263,46.508,-0.999,0,0.044,0,1,0,-0.044,0,-0.999],"_humanoidState":3,"_cameraCFrame":[767.755,240.643,43.619,-0.999,-0.052,0.009,0,0.174,0.985,-0.053,0.983,-0.173],"_shiftlockState":true,"_pose":"Jumping","_animationQueue":[["walk",0.1],["jump",0.1]],"_animationSpeed":1,"_zoom":16.125},{"_mousePosition":[683,384],"_rootPartCFrame":[769.089,224.085,46.495,-0.99,0,0.143,0,1,0,-0.143,0,-0.99],"_humanoidState":5,"_cameraCFrame":[767.503,241.465,43.599,-0.998,-0.057,0.01,0,0.174,0.985,-0.058,0.983,-0.173],"_shiftlockState":true,"_pose":"FreeFall","_animationQueue":[["jump",0.1]],"_animationSpeed":1,"_zoom":16.125},{"_mousePosition":[683,384],"_rootPartCFrame":[768.889,224.666,46.485,-0.988,0,0.153,0,1,0,-0.153,0,-0.988],"_humanoidState":5,"_cameraCFrame":[767.318,242.046,43.58,-0.998,-0.062,0.011,0,0.174,0.985,-0.063,0.983,-0.173],"_shiftlockState":true,"_pose":"FreeFall","_animationQueue":[],"_animationSpeed":1,"_zoom":16.125},{"_mousePosition":[683,384],"_rootPartCFrame":[768.557,225.565,46.466,-0.974,0,0.226,0,1,0,-0.226,0,-0.974],"_humanoidState":5,"_cameraCFrame":[767,242.945,43.554,-0.998,-0.067,0.012,0,0.174,0.985,-0.068,0.983,-0.173],"_shiftlockState":true,"_pose":"FreeFall","_animationQueue":[],"_animationSpeed":1,"_zoom":16.125},{"_mousePosition":[683,384],"_rootPartCFrame":[768.29,226.224,46.449,-0.98,0,0.2,0,1,0,-0.2,0,-0.98],"_humanoidState":5,"_cameraCFrame":[766.756,243.604,43.525,-0.997,-0.074,0.013,0,0.174,0.985,-0.075,0.982,-0.173],"_shiftlockState":true,"_pose":"FreeFall","_animationQueue":[],"_animationSpeed":1,"_zoom":16.125},{"_mousePosition":[683,384],"_rootPartCFrame":[768.091,226.682,46.436,-0.985,0,0.174,0,1,0,-0.174,0,-0.985],"_humanoidState":5,"_cameraCFrame":[766.572,244.062,43.504,-0.997,-0.079,0.014,0,0.174,0.985,-0.08,0.982,-0.173],"_shiftlockState":true,"_pose":"FreeFall","_animationQueue":[],"_animationSpeed":1,"_zoom":16.125},{"_mousePosition":[683,384],"_rootPartCFrame":[767.758,227.377,46.411,-0.97,0,0.245,0,1,0,-0.245,0,-0.97],"_humanoidState":5,"_cameraCFrame":[766.254,244.757,43.472,-0.996,-0.084,0.015,0,0.174,0.985,-0.085,0.981,-0.173],"_shiftlockState":true,"_pose":"FreeFall","_animationQueue":[],"_animationSpeed":1,"_zoom":16.125},{"_mousePosition":[683,384],"_rootPartCFrame":[767.493,227.872,46.39,-0.976,0,0.217,0,1,0,-0.217,0,-0.976],"_humanoidState":5,"_cameraCFrame":[766.011,245.252,43.439,-0.996,-0.092,0.016,0,0.174,0.985,-0.093,0.981,-0.173],"_shiftlockState":true,"_pose":"FreeFall","_animationQueue":[],"_animationSpeed":1,"_zoom":16.125},{"_mousePosition":[683,384],"_rootPartCFrame":[767.293,228.208,46.373,-0.981,0,0.192,0,1,0,-0.192,0,-0.981],"_humanoidState":5,"_cameraCFrame":[765.849,245.588,43.404,-0.994,-0.104,0.018,0,0.174,0.985,-0.106,0.979,-0.173],"_shiftlockState":true,"_pose":"FreeFall","_animationQueue":[],"_animationSpeed":1,"_zoom":16.125},{"_mousePosition":[683,384],"_rootPartCFrame":[766.961,228.699,46.342,-0.963,0,0.269,0,1,0,-0.269,0,-0.963],"_humanoidState":5,"_cameraCFrame":[765.547,246.079,43.359,-0.993,-0.114,0.02,0,0.174,0.985,-0.116,0.978,-0.172],"_shiftlockState":true,"_pose":"FreeFall","_animationQueue":[],"_animationSpeed":1,"_zoom":16.125},{"_mousePosition":[683,384],"_rootPartCFrame":[766.762,228.953,46.322,-0.977,0,0.214,0,1,0,-0.214,0,-0.977],"_humanoidState":5,"_cameraCFrame":[765.371,246.333,43.327,-0.992,-0.121,0.021,0,0.174,0.985,-0.123,0.977,-0.172],"_shiftlockState":true,"_pose":"FreeFall","_animationQueue":[],"_animationSpeed":1,"_zoom":16.125},{"_mousePosition":[683,384],"_rootPartCFrame":[766.431,229.308,46.284,-0.958,0,0.286,0,1,0,-0.286,0,-0.958],"_humanoidState":5,"_cameraCFrame":[765.062,246.688,43.279,-0.991,-0.129,0.023,0,0.174,0.985,-0.131,0.976,-0.172],"_shiftlockState":true,"_pose":"FreeFall","_animationQueue":[],"_animationSpeed":1,"_zoom":16.125},{"_mousePosition":[683,384],"_rootPartCFrame":[766.167,229.53,46.251,-0.965,0,0.261,0,1,0,-0.261,0,-0.965],"_humanoidState":5,"_cameraCFrame":[764.821,246.91,43.236,-0.99,-0.136,0.024,0,0.174,0.985,-0.138,0.975,-0.172],"_shiftlockState":true,"_pose":"FreeFall","_animationQueue":[],"_animationSpeed":1,"_zoom":16.125},{"_mousePosition":[683,384],"_rootPartCFrame":[765.902,229.698,46.216,-0.963,0,0.269,0,1,0,-0.269,0,-0.963],"_humanoidState":5,"_cameraCFrame":[764.587,247.078,43.188,-0.989,-0.146,0.026,0,0.174,0.985,-0.148,0.974,-0.172],"_shiftlockState":true,"_pose":"FreeFall","_animationQueue":[],"_animationSpeed":1,"_zoom":16.125},{"_mousePosition":[683,384],"_rootPartCFrame":[765.638,229.812,46.18,-0.96,0,0.278,0,1,0,-0.278,0,-0.96],"_humanoidState":5,"_cameraCFrame":[764.353,247.192,43.138,-0.987,-0.156,0.027,0,0.174,0.985,-0.158,0.972,-0.171],"_shiftlockState":true,"_pose":"FreeFall","_animationQueue":[],"_animationSpeed":1,"_zoom":16.125},{"_mousePosition":[683,384],"_rootPartCFrame":[765.374,229.871,46.141,-0.958,0,0.288,0,1,0,-0.288,0,-0.958],"_humanoidState":5,"_cameraCFrame":[764.12,247.251,43.086,-0.986,-0.166,0.029,0,0.174,0.985,-0.168,0.971,-0.171],"_shiftlockState":true,"_pose":"FreeFall","_animationQueue":[],"_animationSpeed":1,"_zoom":16.125},{"_mousePosition":[683,384],"_rootPartCFrame":[765.111,229.875,46.099,-0.955,0,0.298,0,1,0,-0.298,0,-0.955],"_humanoidState":5,"_cameraCFrame":[763.88,247.255,43.035,-0.984,-0.173,0.031,0,0.174,0.985,-0.176,0.969,-0.171],"_shiftlockState":true,"_pose":"FreeFall","_animationQueue":[],"_animationSpeed":1,"_zoom":16.125},{"_mousePosition":[683,384],"_rootPartCFrame":[764.914,229.843,46.066,-0.962,0,0.273,0,1,0,-0.273,0,-0.962],"_humanoidState":5,"_cameraCFrame":[763.699,247.223,42.995,-0.984,-0.178,0.031,0,0.174,0.985,-0.181,0.969,-0.171],"_shiftlockState":true,"_pose":"FreeFall","_animationQueue":[],"_animationSpeed":1,"_zoom":16.125},{"_mousePosition":[683,384],"_rootPartCFrame":[764.586,229.721,46.007,-0.94,0,0.341,0,1,0,-0.341,0,-0.94],"_humanoidState":5,"_cameraCFrame":[763.386,247.101,42.931,-0.983,-0.183,0.032,0,0.174,0.985,-0.186,0.968,-0.171],"_shiftlockState":true,"_pose":"FreeFall","_animationQueue":[["fall",0.3]],"_animationSpeed":1,"_zoom":16.125},{"_mousePosition":[683,384],"_rootPartCFrame":[764.323,229.562,45.959,-0.949,0,0.315,0,1,0,-0.315,0,-0.949],"_humanoidState":5,"_cameraCFrame":[763.124,246.942,42.883,-0.983,-0.183,0.032,0,0.174,0.985,-0.186,0.968,-0.171],"_shiftlockState":true,"_pose":"FreeFall","_animationQueue":[],"_animationSpeed":1,"_zoom":16.125},{"_mousePosition":[683,384],"_rootPartCFrame":[764.127,229.407,45.922,-0.959,0,0.283,0,1,0,-0.283,0,-0.959],"_humanoidState":5,"_cameraCFrame":[762.927,246.787,42.846,-0.983,-0.183,0.032,0,0.174,0.985,-0.186,0.968,-0.171],"_shiftlockState":true,"_pose":"FreeFall","_animationQueue":[],"_animationSpeed":1,"_zoom":16.125},{"_mousePosition":[683,384],"_rootPartCFrame":[763.865,229.152,45.873,-0.949,0,0.315,0,1,0,-0.315,0,-0.949],"_humanoidState":5,"_cameraCFrame":[762.665,246.532,42.797,-0.983,-0.183,0.032,0,0.174,0.985,-0.186,0.968,-0.171],"_shiftlockState":true,"_pose":"FreeFall","_animationQueue":[],"_animationSpeed":1,"_zoom":16.125},{"_mousePosition":[683,384],"_rootPartCFrame":[763.537,228.758,45.811,-0.938,0,0.346,0,1,0,-0.346,0,-0.938],"_humanoidState":5,"_cameraCFrame":[762.346,246.138,42.732,-0.982,-0.185,0.033,0,0.174,0.985,-0.188,0.967,-0.171],"_shiftlockState":true,"_pose":"FreeFall","_animationQueue":[],"_animationSpeed":1,"_zoom":16.125},{"_mousePosition":[683,384],"_rootPartCFrame":[763.275,228.381,45.762,-0.948,0,0.317,0,1,0,-0.317,0,-0.948],"_humanoidState":5,"_cameraCFrame":[762.084,245.761,42.682,-0.982,-0.185,0.033,0,0.174,0.985,-0.188,0.967,-0.171],"_shiftlockState":true,"_pose":"FreeFall","_animationQueue":[],"_animationSpeed":1,"_zoom":16.125},{"_mousePosition":[683,384],"_rootPartCFrame":[763.013,227.949,45.711,-0.948,0,0.317,0,1,0,-0.317,0,-0.948],"_humanoidState":5,"_cameraCFrame":[761.837,245.329,42.626,-0.981,-0.19,0.034,0,0.174,0.985,-0.193,0.966,-0.17],"_shiftlockState":true,"_pose":"FreeFall","_animationQueue":[["fall",0.3]],"_animationSpeed":1,"_zoom":16.125},{"_mousePosition":[683,384],"_rootPartCFrame":[762.752,227.463,45.661,-0.947,0,0.322,0,1,0,-0.322,0,-0.947],"_humanoidState":5,"_cameraCFrame":[761.607,244.843,42.564,-0.979,-0.2,0.035,0,0.174,0.985,-0.203,0.964,-0.17],"_shiftlockState":true,"_pose":"FreeFall","_animationQueue":[],"_animationSpeed":1,"_zoom":16.125},{"_mousePosition":[683,384],"_rootPartCFrame":[762.555,227.063,45.623,-0.954,0,0.3,0,1,0,-0.3,0,-0.954],"_humanoidState":5,"_cameraCFrame":[761.45,244.443,42.512,-0.977,-0.212,0.037,0,0.174,0.985,-0.215,0.962,-0.17],"_shiftlockState":true,"_pose":"FreeFall","_animationQueue":[],"_animationSpeed":1,"_zoom":16.125},{"_mousePosition":[683,384],"_rootPartCFrame":[762.229,226.328,45.556,-0.927,0,0.374,0,1,0,-0.374,0,-0.927],"_humanoidState":5,"_cameraCFrame":[761.17,243.708,42.428,-0.973,-0.227,0.04,0,0.174,0.985,-0.23,0.958,-0.169],"_shiftlockState":true,"_pose":"FreeFall","_animationQueue":[],"_animationSpeed":1,"_zoom":16.125},{"_mousePosition":[683,384],"_rootPartCFrame":[761.968,225.678,45.499,-0.934,0,0.357,0,1,0,-0.357,0,-0.934],"_humanoidState":5,"_cameraCFrame":[760.973,243.058,42.35,-0.968,-0.246,0.043,0,0.174,0.985,-0.25,0.954,-0.168],"_shiftlockState":true,"_pose":"FreeFall","_animationQueue":[],"_animationSpeed":1,"_zoom":16.125},{"_mousePosition":[683,384],"_rootPartCFrame":[761.773,225.156,45.453,-0.939,0,0.345,0,1,0,-0.345,0,-0.939],"_humanoidState":5,"_cameraCFrame":[760.835,242.536,42.287,-0.964,-0.263,0.046,0,0.174,0.985,-0.267,0.949,-0.167],"_shiftlockState":true,"_pose":"FreeFall","_animationQueue":[],"_animationSpeed":1,"_zoom":16.125},{"_mousePosition":[683,384],"_rootPartCFrame":[761.45,224.216,45.371,-0.906,0,0.423,0,1,0,-0.423,0,-0.906],"_humanoidState":5,"_cameraCFrame":[760.568,241.596,42.189,-0.959,-0.28,0.049,0,0.174,0.985,-0.284,0.944,-0.166],"_shiftlockState":true,"_pose":"FreeFall","_animationQueue":[],"_animationSpeed":1,"_zoom":16.125},{"_mousePosition":[683,384],"_rootPartCFrame":[761.193,223.403,45.3,-0.913,0,0.409,0,1,0,-0.409,0,-0.913],"_humanoidState":5,"_cameraCFrame":[760.359,240.783,42.105,-0.954,-0.294,0.052,0,0.174,0.985,-0.299,0.94,-0.166],"_shiftlockState":true,"_pose":"FreeFall","_animationQueue":[["fall",0.3]],"_animationSpeed":1,"_zoom":16.125},{"_mousePosition":[683,384],"_rootPartCFrame":[761.001,222.757,45.244,-0.944,0,0.331,0,1,0,-0.331,0,-0.944],"_humanoidState":7,"_cameraCFrame":[760.216,240.137,42.037,-0.95,-0.308,0.054,0,0.174,0.985,-0.313,0.935,-0.165],"_shiftlockState":true,"_pose":"FreeFall","_animationQueue":[["walk",0.1],["fall",0.3],["fall",0.3]],"_animationSpeed":1,"_zoom":16.125},{"_mousePosition":[683,384],"_rootPartCFrame":[760.683,222.382,45.145,-0.948,0,0.319,0,1,0,-0.319,0,-0.948],"_humanoidState":7,"_cameraCFrame":[759.971,239.762,41.921,-0.942,-0.329,0.058,0,0.174,0.985,-0.335,0.928,-0.164],"_shiftlockState":true,"_pose":"FreeFall","_animationQueue":[],"_animationSpeed":1,"_zoom":16.125},{"_mousePosition":[683,384],"_rootPartCFrame":[760.43,222.493,45.062,-0.942,0,0.335,0,1,0,-0.335,0,-0.942],"_humanoidState":8,"_cameraCFrame":[759.766,239.873,41.827,-0.937,-0.344,0.061,0,0.174,0.985,-0.349,0.923,-0.163],"_shiftlockState":true,"_pose":"Running","_animationQueue":[["walk",0.1],["fall",0.3],["walk",0.1]],"_animationSpeed":1.103,"_zoom":16.125},{"_mousePosition":[683,384],"_rootPartCFrame":[760.178,222.583,44.974,-0.937,0,0.349,0,1,0,-0.349,0,-0.937],"_humanoidState":8,"_cameraCFrame":[759.572,239.963,41.728,-0.931,-0.36,0.063,0,0.174,0.985,-0.365,0.917,-0.162],"_shiftlockState":true,"_pose":"Running","_animationQueue":[],"_animationSpeed":1.103,"_zoom":16.125},{"_mousePosition":[683,384],"_rootPartCFrame":[759.928,222.635,44.881,-0.931,0,0.365,0,1,0,-0.365,0,-0.931],"_humanoidState":8,"_cameraCFrame":[759.408,240.01,41.594,-0.922,-0.38,0.068,0,0.176,0.984,-0.386,0.908,-0.162],"_shiftlockState":true,"_pose":"Running","_animationQueue":[],"_animationSpeed":1.103,"_zoom":16.125},{"_mousePosition":[683,384],"_rootPartCFrame":[759.679,222.665,44.785,-0.922,0,0.386,0,1,0,-0.386,0,-0.922],"_humanoidState":8,"_cameraCFrame":[759.272,240.034,41.455,-0.91,-0.408,0.074,0,0.177,0.984,-0.414,0.896,-0.162],"_shiftlockState":true,"_pose":"Running","_animationQueue":[["walk",0.1]],"_animationSpeed":1.103,"_zoom":16.125},{"_mousePosition":[683,384],"_rootPartCFrame":[759.433,222.681,44.682,-0.91,0,0.414,0,1,0,-0.414,0,-0.91],"_humanoidState":8,"_cameraCFrame":[759.127,240.05,41.342,-0.897,-0.435,0.078,0,0.177,0.984,-0.442,0.883,-0.159],"_shiftlockState":true,"_pose":"Running","_animationQueue":[],"_animationSpeed":1.103,"_zoom":16.125},{"_mousePosition":[683,384],"_rootPartCFrame":[759.19,222.689,44.573,-0.897,0,0.442,0,1,0,-0.442,0,-0.897],"_humanoidState":8,"_cameraCFrame":[758.994,240.058,41.224,-0.882,-0.464,0.084,0,0.177,0.984,-0.471,0.868,-0.157],"_shiftlockState":true,"_pose":"Running","_animationQueue":[],"_animationSpeed":1.103,"_zoom":16.125},{"_mousePosition":[683,384],"_rootPartCFrame":[759.01,222.693,44.486,-0.882,0,0.471,0,1,0,-0.471,0,-0.882],"_humanoidState":8,"_cameraCFrame":[758.94,240.056,41.105,-0.866,-0.492,0.09,0,0.179,0.984,-0.5,0.852,-0.155],"_shiftlockState":true,"_pose":"Running","_animationQueue":[],"_animationSpeed":1.103,"_zoom":16.125},{"_mousePosition":[683,384],"_rootPartCFrame":[758.715,222.697,44.33,-0.866,0,0.5,0,1,0,-0.5,0,-0.866],"_humanoidState":8,"_cameraCFrame":[758.765,240.06,40.949,-0.848,-0.522,0.095,0,0.179,0.984,-0.53,0.834,-0.152],"_shiftlockState":true,"_pose":"Running","_animationQueue":[],"_animationSpeed":1.103,"_zoom":16.125},{"_mousePosition":[683,384],"_rootPartCFrame":[758.541,222.698,44.231,-0.848,0,0.53,0,1,0,-0.53,0,-0.848],"_humanoidState":8,"_cameraCFrame":[758.711,240.061,40.854,-0.829,-0.551,0.1,0,0.179,0.984,-0.56,0.815,-0.149],"_shiftlockState":true,"_pose":"Running","_animationQueue":[],"_animationSpeed":1.103,"_zoom":16.125},{"_mousePosition":[683,384],"_rootPartCFrame":[758.258,222.699,44.056,-0.829,0,0.56,0,1,0,-0.56,0,-0.829],"_humanoidState":8,"_cameraCFrame":[758.53,240.062,40.686,-0.811,-0.575,0.105,0,0.179,0.984,-0.585,0.798,-0.146],"_shiftlockState":true,"_pose":"Running","_animationQueue":[],"_animationSpeed":1.103,"_zoom":16.125},{"_mousePosition":[683,384],"_rootPartCFrame":[758.092,222.699,43.945,-0.811,0,0.585,0,1,0,-0.585,0,-0.811],"_humanoidState":8,"_cameraCFrame":[758.44,240.062,40.582,-0.798,-0.593,0.108,0,0.179,0.984,-0.603,0.785,-0.143],"_shiftlockState":true,"_pose":"Running","_animationQueue":[["walk",0.1]],"_animationSpeed":1.103,"_zoom":16.125},{"_mousePosition":[683,384],"_rootPartCFrame":[757.875,222.699,43.79,-0.798,0,0.603,0,1,0,-0.603,0,-0.798],"_humanoidState":8,"_cameraCFrame":[758.266,240.063,40.432,-0.79,-0.603,0.11,0,0.179,0.984,-0.613,0.777,-0.142],"_shiftlockState":true,"_pose":"Running","_animationQueue":[],"_animationSpeed":1.103,"_zoom":16.125},{"_mousePosition":[683,384],"_rootPartCFrame":[757.661,222.699,43.63,-0.79,0,0.613,0,1,0,-0.613,0,-0.79],"_humanoidState":8,"_cameraCFrame":[758.053,240.063,40.271,-0.79,-0.603,0.11,0,0.179,0.984,-0.613,0.777,-0.142],"_shiftlockState":true,"_pose":"Running","_animationQueue":[],"_animationSpeed":1.103,"_zoom":16.125},{"_mousePosition":[683,384],"_rootPartCFrame":[757.45,222.7,43.467,-0.79,0,0.613,0,1,0,-0.613,0,-0.79],"_humanoidState":8,"_cameraCFrame":[757.85,240.063,40.109,-0.788,-0.605,0.11,0,0.179,0.984,-0.615,0.776,-0.141],"_shiftlockState":true,"_pose":"Running","_animationQueue":[],"_animationSpeed":1.103,"_zoom":16.125},{"_mousePosition":[683,384],"_rootPartCFrame":[757.24,222.7,43.303,-0.788,0,0.615,0,1,0,-0.615,0,-0.788],"_humanoidState":8,"_cameraCFrame":[757.614,240.063,39.943,-0.793,-0.599,0.109,0,0.179,0.984,-0.609,0.78,-0.142],"_shiftlockState":true,"_pose":"Running","_animationQueue":[],"_animationSpeed":1.103,"_zoom":16.125},{"_mousePosition":[683,384],"_rootPartCFrame":[756.977,222.7,43.098,-0.793,0,0.609,0,1,0,-0.609,0,-0.793],"_humanoidState":8,"_cameraCFrame":[757.3,240.063,39.733,-0.802,-0.587,0.107,0,0.179,0.984,-0.597,0.789,-0.144],"_shiftlockState":true,"_pose":"Running","_animationQueue":[],"_animationSpeed":1.103,"_zoom":16.125},{"_mousePosition":[683,384],"_rootPartCFrame":[756.766,222.7,42.936,-0.802,0,0.597,0,1,0,-0.597,0,-0.802],"_humanoidState":8,"_cameraCFrame":[757.029,240.063,39.565,-0.813,-0.573,0.105,0,0.179,0.984,-0.583,0.799,-0.146],"_shiftlockState":true,"_pose":"Running","_animationQueue":[["walk",0.1]],"_animationSpeed":1.103,"_zoom":16.125},{"_mousePosition":[683,384],"_rootPartCFrame":[756.552,222.7,42.776,-0.813,0,0.583,0,1,0,-0.583,0,-0.813],"_humanoidState":8,"_cameraCFrame":[756.747,240.063,39.401,-0.824,-0.557,0.102,0,0.179,0.984,-0.566,0.811,-0.148],"_shiftlockState":true,"_pose":"Running","_animationQueue":[],"_animationSpeed":1.103,"_zoom":16.125},{"_mousePosition":[683,384],"_rootPartCFrame":[756.284,222.649,42.577,-0.824,0,0.566,0,1,0,-0.566,0,-0.824],"_humanoidState":8,"_cameraCFrame":[756.36,240.023,39.25,-0.838,-0.537,0.096,0,0.176,0.984,-0.545,0.825,-0.147],"_shiftlockState":true,"_pose":"Running","_animationQueue":[],"_animationSpeed":1.103,"_zoom":16.125},{"_mousePosition":[683,384],"_rootPartCFrame":[756.071,223.522,42.418,-0.838,0,0.545,0,1,0,-0.545,0,-0.838],"_humanoidState":3,"_cameraCFrame":[756.046,240.902,39.116,-0.852,-0.516,0.091,0,0.174,0.985,-0.524,0.839,-0.148],"_shiftlockState":true,"_pose":"Jumping","_animationQueue":[["walk",0.1],["jump",0.1]],"_animationSpeed":1,"_zoom":16.125},{"_mousePosition":[683,384],"_rootPartCFrame":[755.904,224.143,42.307,-0.817,0,0.576,0,1,0,-0.576,0,-0.817],"_humanoidState":5,"_cameraCFrame":[755.78,241.523,39.007,-0.867,-0.49,0.086,0,0.174,0.985,-0.498,0.854,-0.151],"_shiftlockState":true,"_pose":"FreeFall","_animationQueue":[["jump",0.1]],"_animationSpeed":1,"_zoom":16.125},{"_mousePosition":[683,384],"_rootPartCFrame":[755.621,225.111,42.131,-0.778,0,0.628,0,1,0,-0.628,0,-0.778],"_humanoidState":5,"_cameraCFrame":[755.388,242.491,38.838,-0.883,-0.462,0.081,0,0.174,0.985,-0.469,0.87,-0.153],"_shiftlockState":true,"_pose":"FreeFall","_animationQueue":[],"_animationSpeed":1,"_zoom":16.125},{"_mousePosition":[683,384],"_rootPartCFrame":[755.448,225.651,42.031,-0.832,0,0.554,0,1,0,-0.554,0,-0.832],"_humanoidState":5,"_cameraCFrame":[755.115,243.031,38.746,-0.897,-0.435,0.077,0,0.174,0.985,-0.442,0.884,-0.156],"_shiftlockState":true,"_pose":"FreeFall","_animationQueue":[],"_animationSpeed":1,"_zoom":16.125},{"_mousePosition":[683,384],"_rootPartCFrame":[755.213,226.323,41.905,-0.831,0,0.557,0,1,0,-0.557,0,-0.831],"_humanoidState":5,"_cameraCFrame":[754.756,243.703,38.634,-0.913,-0.401,0.071,0,0.174,0.985,-0.407,0.899,-0.159],"_shiftlockState":true,"_pose":"FreeFall","_animationQueue":[],"_animationSpeed":1,"_zoom":16.125},{"_mousePosition":[683,384],"_rootPartCFrame":[754.915,227.087,41.756,-0.833,0,0.553,0,1,0,-0.553,0,-0.833],"_humanoidState":5,"_cameraCFrame":[754.391,244.467,38.496,-0.921,-0.383,0.068,0,0.174,0.985,-0.389,0.907,-0.16],"_shiftlockState":true,"_pose":"FreeFall","_animationQueue":[],"_animationSpeed":1,"_zoom":16.125},{"_mousePosition":[683,384],"_rootPartCFrame":[754.672,227.636,41.646,-0.861,0,0.508,0,1,0,-0.508,0,-0.861],"_humanoidState":5,"_cameraCFrame":[754.082,245.016,38.397,-0.929,-0.364,0.064,0,0.174,0.985,-0.37,0.915,-0.161],"_shiftlockState":true,"_pose":"FreeFall","_animationQueue":[],"_animationSpeed":1,"_zoom":16.125},{"_mousePosition":[683,384],"_rootPartCFrame":[754.488,228.013,41.568,-0.887,0,0.461,0,1,0,-0.461,0,-0.887],"_humanoidState":5,"_cameraCFrame":[753.849,245.393,38.328,-0.935,-0.351,0.062,0,0.174,0.985,-0.356,0.92,-0.162],"_shiftlockState":true,"_pose":"FreeFall","_animationQueue":[],"_animationSpeed":1,"_zoom":16.125},{"_mousePosition":[683,384],"_rootPartCFrame":[754.179,228.572,41.444,-0.863,0,0.506,0,1,0,-0.506,0,-0.863],"_humanoidState":5,"_cameraCFrame":[753.499,245.952,38.212,-0.939,-0.339,0.06,0,0.174,0.985,-0.344,0.925,-0.163],"_shiftlockState":true,"_pose":"FreeFall","_animationQueue":[],"_animationSpeed":1,"_zoom":16.125},{"_mousePosition":[683,384],"_rootPartCFrame":[753.93,228.958,41.348,-0.885,0,0.466,0,1,0,-0.466,0,-0.885],"_humanoidState":5,"_cameraCFrame":[753.217,246.338,38.124,-0.942,-0.329,0.058,0,0.174,0.985,-0.335,0.928,-0.164],"_shiftlockState":true,"_pose":"FreeFall","_animationQueue":[],"_animationSpeed":1,"_zoom":16.125},{"_mousePosition":[683,384],"_rootPartCFrame":[753.679,229.289,41.256,-0.89,0,0.457,0,1,0,-0.457,0,-0.89],"_humanoidState":5,"_cameraCFrame":[752.951,246.669,38.035,-0.944,-0.325,0.057,0,0.174,0.985,-0.33,0.93,-0.164],"_shiftlockState":true,"_pose":"FreeFall","_animationQueue":[],"_animationSpeed":1,"_zoom":16.125},{"_mousePosition":[683,384],"_rootPartCFrame":[753.428,229.566,41.166,-0.892,0,0.452,0,1,0,-0.452,0,-0.892],"_humanoidState":5,"_cameraCFrame":[752.683,246.946,37.949,-0.946,-0.32,0.056,0,0.174,0.985,-0.325,0.931,-0.164],"_shiftlockState":true,"_pose":"FreeFall","_animationQueue":[],"_animationSpeed":1,"_zoom":16.125},{"_mousePosition":[683,384],"_rootPartCFrame":[753.177,229.789,41.078,-0.894,0,0.448,0,1,0,-0.448,0,-0.894],"_humanoidState":5,"_cameraCFrame":[752.407,247.169,37.867,-0.948,-0.313,0.055,0,0.174,0.985,-0.318,0.934,-0.165],"_shiftlockState":true,"_pose":"FreeFall","_animationQueue":[],"_animationSpeed":1,"_zoom":16.125},{"_mousePosition":[683,384],"_rootPartCFrame":[752.988,229.92,41.013,-0.912,0,0.411,0,1,0,-0.411,0,-0.912],"_humanoidState":5,"_cameraCFrame":[752.178,247.3,37.812,-0.952,-0.301,0.053,0,0.174,0.985,-0.306,0.938,-0.165],"_shiftlockState":true,"_pose":"FreeFall","_animationQueue":[],"_animationSpeed":1,"_zoom":16.125},{"_mousePosition":[683,384],"_rootPartCFrame":[752.672,230.07,40.907,-0.888,0,0.459,0,1,0,-0.459,0,-0.888],"_humanoidState":5,"_cameraCFrame":[751.765,247.45,37.732,-0.961,-0.273,0.048,0,0.174,0.985,-0.277,0.946,-0.167],"_shiftlockState":true,"_pose":"FreeFall","_animationQueue":[],"_animationSpeed":1,"_zoom":16.125},{"_mousePosition":[683,384],"_rootPartCFrame":[752.418,230.129,40.825,-0.916,0,0.402,0,1,0,-0.402,0,-0.916],"_humanoidState":5,"_cameraCFrame":[751.471,247.509,37.661,-0.964,-0.261,0.046,0,0.174,0.985,-0.265,0.95,-0.167],"_shiftlockState":true,"_pose":"FreeFall","_animationQueue":[],"_animationSpeed":1,"_zoom":16.125},{"_mousePosition":[683,384],"_rootPartCFrame":[752.162,230.134,40.75,-0.921,0,0.39,0,1,0,-0.39,0,-0.921],"_humanoidState":5,"_cameraCFrame":[751.151,247.514,37.606,-0.97,-0.241,0.043,0,0.174,0.985,-0.245,0.955,-0.168],"_shiftlockState":true,"_pose":"FreeFall","_animationQueue":[],"_animationSpeed":1,"_zoom":16.125},{"_mousePosition":[683,384],"_rootPartCFrame":[751.969,230.102,40.696,-0.94,0,0.341,0,1,0,-0.341,0,-0.94],"_humanoidState":5,"_cameraCFrame":[750.311,232.786,40.099,-0.974,-0.222,0.039,0,0.174,0.985,-0.225,0.959,-0.169],"_shiftlockState":true,"_pose":"FreeFall","_animationQueue":[["fall",0.3]],"_animationSpeed":1,"_zoom":16.125},{"_mousePosition":[683,384],"_rootPartCFrame":[751.646,229.98,40.614,-0.923,0,0.384,0,1,0,-0.384,0,-0.923],"_humanoidState":5,"_cameraCFrame":[749.993,232.786,39.995,-0.974,-0.222,0.039,0,0.174,0.985,-0.225,0.959,-0.169],"_shiftlockState":true,"_pose":"FreeFall","_animationQueue":[],"_animationSpeed":1,"_zoom":16.125},{"_mousePosition":[683,384],"_rootPartCFrame":[751.387,229.821,40.553,-0.936,0,0.353,0,1,0,-0.353,0,-0.936],"_humanoidState":5,"_cameraCFrame":[749.74,232.786,39.907,-0.974,-0.222,0.039,0,0.174,0.985,-0.225,0.959,-0.169],"_shiftlockState":true,"_pose":"FreeFall","_animationQueue":[],"_animationSpeed":1,"_zoom":16.125},{"_mousePosition":[683,384],"_rootPartCFrame":[751.192,229.666,40.508,-0.947,0,0.321,0,1,0,-0.321,0,-0.947],"_humanoidState":5,"_cameraCFrame":[749.551,232.786,39.835,-0.974,-0.222,0.039,0,0.174,0.985,-0.225,0.959,-0.169],"_shiftlockState":true,"_pose":"FreeFall","_animationQueue":[],"_animationSpeed":1,"_zoom":16.125},{"_mousePosition":[683,384],"_rootPartCFrame":[750.867,229.339,40.433,-0.923,0,0.384,0,1,0,-0.384,0,-0.923],"_humanoidState":5,"_cameraCFrame":[749.238,232.786,39.708,-0.975,-0.219,0.039,0,0.174,0.985,-0.223,0.96,-0.169],"_shiftlockState":true,"_pose":"FreeFall","_animationQueue":[],"_animationSpeed":1,"_zoom":16.125},{"_mousePosition":[683,384],"_rootPartCFrame":[750.607,229.017,40.373,-0.937,0,0.35,0,1,0,-0.35,0,-0.937],"_humanoidState":5,"_cameraCFrame":[748.989,232.786,39.597,-0.975,-0.217,0.038,0,0.174,0.985,-0.22,0.961,-0.169],"_shiftlockState":true,"_pose":"FreeFall","_animationQueue":[],"_animationSpeed":1,"_zoom":16.125},{"_mousePosition":[683,384],"_rootPartCFrame":[750.347,228.64,40.313,-0.937,0,0.348,0,1,0,-0.348,0,-0.937],"_humanoidState":5,"_cameraCFrame":[748.743,232.786,39.472,-0.975,-0.217,0.038,0,0.174,0.985,-0.22,0.961,-0.169],"_shiftlockState":true,"_pose":"FreeFall","_animationQueue":[],"_animationSpeed":1,"_zoom":16.125},{"_mousePosition":[683,384],"_rootPartCFrame":[750.152,228.321,40.269,-0.949,0,0.317,0,1,0,-0.317,0,-0.949],"_humanoidState":5,"_cameraCFrame":[748.561,232.786,39.373,-0.975,-0.217,0.038,0,0.174,0.985,-0.22,0.961,-0.169],"_shiftlockState":true,"_pose":"FreeFall","_animationQueue":[["fall",0.3]],"_animationSpeed":1,"_zoom":16.125},{"_mousePosition":[683,384],"_rootPartCFrame":[749.892,227.849,40.21,-0.937,0,0.348,0,1,0,-0.348,0,-0.937],"_humanoidState":5,"_cameraCFrame":[748.319,232.786,39.233,-0.975,-0.217,0.038,0,0.174,0.985,-0.22,0.961,-0.169],"_shiftlockState":true,"_pose":"FreeFall","_animationQueue":[],"_animationSpeed":1,"_zoom":16.125},{"_mousePosition":[683,384],"_rootPartCFrame":[749.632,227.322,40.152,-0.937,0,0.348,0,1,0,-0.348,0,-0.937],"_humanoidState":5,"_cameraCFrame":[748.079,232.786,39.084,-0.975,-0.217,0.038,0,0.174,0.985,-0.22,0.961,-0.169],"_shiftlockState":true,"_pose":"FreeFall","_animationQueue":[],"_animationSpeed":1,"_zoom":16.125},{"_mousePosition":[683,384],"_rootPartCFrame":[749.708,226.816,40.111,-0.959,0,0.285,-0.003,1,-0.009,-0.285,-0.009,-0.959],"_humanoidState":5,"_cameraCFrame":[748.175,232.786,38.943,-0.975,-0.217,0.038,0,0.174,0.985,-0.22,0.961,-0.169],"_shiftlockState":true,"_pose":"FreeFall","_animationQueue":[],"_animationSpeed":1,"_zoom":16.125},{"_mousePosition":[683,384],"_rootPartCFrame":[749.827,226.138,40.069,-0.931,0,0.365,-0.002,1,-0.004,-0.365,-0.004,-0.931],"_humanoidState":5,"_cameraCFrame":[748.317,232.786,38.796,-0.976,-0.215,0.038,0,0.174,0.985,-0.218,0.961,-0.169],"_shiftlockState":true,"_pose":"FreeFall","_animationQueue":[],"_animationSpeed":1,"_zoom":16.125},{"_mousePosition":[683,384],"_rootPartCFrame":[749.869,225.69,40.042,-0.95,-0.001,0.313,-0.001,1,-0.001,-0.313,-0.002,-0.95],"_humanoidState":5,"_cameraCFrame":[748.375,232.786,38.696,-0.976,-0.215,0.038,0,0.174,0.985,-0.218,0.961,-0.169],"_shiftlockState":true,"_pose":"FreeFall","_animationQueue":[],"_animationSpeed":1,"_zoom":16.125},{"_mousePosition":[683,384],"_rootPartCFrame":[749.889,224.876,39.993,-0.926,0,0.377,0,1,0,-0.377,0,-0.926],"_humanoidState":5,"_cameraCFrame":[748.422,232.755,38.518,-0.977,-0.212,0.037,0,0.174,0.985,-0.215,0.962,-0.17],"_shiftlockState":true,"_pose":"FreeFall","_animationQueue":[["fall",0.3]],"_animationSpeed":1,"_zoom":16.125},{"_mousePosition":[683,384],"_rootPartCFrame":[749.86,224.163,39.95,-0.939,0,0.343,0,1,0,-0.343,0,-0.939],"_humanoidState":5,"_cameraCFrame":[748.414,232.786,38.354,-0.978,-0.207,0.037,0,0.174,0.985,-0.21,0.963,-0.17],"_shiftlockState":true,"_pose":"FreeFall","_animationQueue":[],"_animationSpeed":1,"_zoom":16.125},{"_mousePosition":[683,384],"_rootPartCFrame":[749.813,223.593,39.916,-0.952,0,0.307,0,1,0,-0.307,0,-0.952],"_humanoidState":5,"_cameraCFrame":[748.37,232.786,38.236,-0.98,-0.198,0.035,0,0.174,0.985,-0.201,0.965,-0.17],"_shiftlockState":true,"_pose":"FreeFall","_animationQueue":[],"_animationSpeed":1,"_zoom":16.125},{"_mousePosition":[683,384],"_rootPartCFrame":[749.684,222.574,39.857,-0.933,0,0.36,0,1,0,-0.36,0,-0.933],"_humanoidState":5,"_cameraCFrame":[748.234,232.458,38.083,-0.983,-0.18,0.032,0,0.174,0.985,-0.183,0.968,-0.171],"_shiftlockState":true,"_pose":"FreeFall","_animationQueue":[],"_animationSpeed":1,"_zoom":16.125},{"_mousePosition":[683,384],"_rootPartCFrame":[749.536,221.698,39.808,-0.95,0,0.312,0,1,0,-0.312,0,-0.95],"_humanoidState":5,"_cameraCFrame":[748.081,232.786,37.858,-0.987,-0.158,0.028,0,0.174,0.985,-0.161,0.972,-0.171],"_shiftlockState":true,"_pose":"FreeFall","_animationQueue":[],"_animationSpeed":1,"_zoom":16.125},{"_mousePosition":[683,384],"_rootPartCFrame":[749.35,220.767,39.752,-0.957,0,0.291,0,1,0,-0.291,0,-0.957],"_humanoidState":5,"_cameraCFrame":[747.852,232.335,37.759,-0.991,-0.131,0.023,0,0.174,0.985,-0.133,0.976,-0.172],"_shiftlockState":true,"_pose":"FreeFall","_animationQueue":[],"_animationSpeed":1,"_zoom":16.125},{"_mousePosition":[683,384],"_rootPartCFrame":[749.096,221.139,39.704,-0.986,0,0.167,0,1,0,-0.167,0,-0.986],"_humanoidState":7,"_cameraCFrame":[747.545,232.786,37.74,-0.994,-0.104,0.018,0,0.174,0.985,-0.106,0.979,-0.173],"_shiftlockState":true,"_pose":"FreeFall","_animationQueue":[["walk",0.1],["fall",0.3],["fall",0.3]],"_animationSpeed":1,"_zoom":16.125},{"_mousePosition":[683,384],"_rootPartCFrame":[748.833,221.77,39.663,-0.994,0,0.108,0,1,0,-0.108,0,-0.994],"_humanoidState":7,"_cameraCFrame":[747.228,232.786,37.846,-0.997,-0.082,0.014,0,0.174,0.985,-0.083,0.981,-0.173],"_shiftlockState":true,"_pose":"FreeFall","_animationQueue":[["fall",0.3]],"_animationSpeed":1,"_zoom":16.125},{"_mousePosition":[683,384],"_rootPartCFrame":[748.634,222.098,39.641,-0.997,0,0.083,0,1,0,-0.083,0,-0.997],"_humanoidState":7,"_cameraCFrame":[746.984,232.786,37.918,-0.998,-0.059,0.01,0,0.174,0.985,-0.06,0.983,-0.173],"_shiftlockState":true,"_pose":"FreeFall","_animationQueue":[],"_animationSpeed":1,"_zoom":16.125},{"_mousePosition":[683,384],"_rootPartCFrame":[748.302,222.414,39.612,-0.998,0,0.06,0,1,0,-0.06,0,-0.998],"_humanoidState":8,"_cameraCFrame":[746.607,232.786,37.988,-0.999,-0.034,0.006,0,0.174,0.985,-0.035,0.984,-0.174],"_shiftlockState":true,"_pose":"Running","_animationQueue":[["walk",0.1],["fall",0.3],["walk",0.1]],"_animationSpeed":1.103,"_zoom":16.125},{"_mousePosition":[683,384],"_rootPartCFrame":[748.036,222.547,39.595,-0.999,0,0.035,0,1,0,-0.035,0,-0.999],"_humanoidState":8,"_cameraCFrame":[746.332,232.786,38.003,-1,-0.029,0.005,0,0.174,0.985,-0.03,0.984,-0.174],"_shiftlockState":true,"_pose":"Running","_animationQueue":[],"_animationSpeed":1.103,"_zoom":16.125},{"_mousePosition":[683,384],"_rootPartCFrame":[747.836,222.604,39.587,-1,0,0.03,0,1,0,-0.03,0,-1],"_humanoidState":8,"_cameraCFrame":[746.128,232.786,38.009,-1,-0.027,0.005,0,0.174,0.985,-0.027,0.984,-0.174],"_shiftlockState":true,"_pose":"Running","_animationQueue":[],"_animationSpeed":1.103,"_zoom":16.125},{"_mousePosition":[683,384],"_rootPartCFrame":[747.502,222.655,39.577,-1,0,0.027,0,1,0,-0.027,0,-1],"_humanoidState":8,"_cameraCFrame":[745.795,232.786,38.008,-1,-0.027,0.005,0,0.174,0.985,-0.027,0.984,-0.174],"_shiftlockState":true,"_pose":"Running","_animationQueue":[],"_animationSpeed":1.103,"_zoom":16.125},{"_mousePosition":[683,384],"_rootPartCFrame":[747.302,222.671,39.572,-1,0,0.027,0,1,0,-0.027,0,-1],"_humanoidState":8,"_cameraCFrame":[745.595,232.786,38.005,-1,-0.027,0.005,0,0.174,0.985,-0.027,0.984,-0.174],"_shiftlockState":true,"_pose":"Running","_animationQueue":[],"_animationSpeed":1.103,"_zoom":16.125},{"_mousePosition":[683,384],"_rootPartCFrame":[747.036,222.684,39.564,-1,0,0.027,0,1,0,-0.027,0,-1],"_humanoidState":8,"_cameraCFrame":[745.328,232.786,38,-1,-0.027,0.005,0,0.174,0.985,-0.027,0.984,-0.174],"_shiftlockState":true,"_pose":"Running","_animationQueue":[["walk",0.1]],"_animationSpeed":1.103,"_zoom":16.125},{"_mousePosition":[683,384],"_rootPartCFrame":[746.703,222.693,39.555,-1,0,0.027,0,1,0,-0.027,0,-1],"_humanoidState":8,"_cameraCFrame":[744.995,232.786,37.993,-1,-0.027,0.005,0,0.174,0.985,-0.027,0.984,-0.174],"_shiftlockState":true,"_pose":"Running"