[{"_mousePosition":[1136,358],"_rootPartCFrame":[776.024,222.976,47.142,0.004,0.004,1,0,1,-0.004,-1,0,0.004],"_humanoidState":8,"_cameraCFrame":[783.502,237.937,48.408,0.167,-0.859,0.484,0,0.491,0.871,-0.986,-0.146,0.082],"_shiftlockState":false,"_pose":"Standing","_animationQueue":[],"_animationSpeed":1,"_zoom":15.448},{"_mousePosition":[1132,357],"_rootPartCFrame":[775.854,222.884,47.113,0.02,0.001,1,0,1,-0.001,-1,0,0.02],"_humanoidState":8,"_cameraCFrame":[783.328,237.845,48.379,0.167,-0.859,0.484,0,0.491,0.871,-0.986,-0.146,0.082],"_shiftlockState":false,"_pose":"Standing","_animationQueue":[],"_animationSpeed":1,"_zoom":15.448},{"_mousePosition":[1031,350],"_rootPartCFrame":[775.593,222.73,47.069,0.04,0,0.999,0,1,0,-0.999,0,0.04],"_humanoidState":8,"_cameraCFrame":[783.065,237.691,48.335,0.167,-0.859,0.484,0,0.491,0.871,-0.986,-0.146,0.082],"_shiftlockState":false,"_pose":"Running","_animationQueue":[["walk",0.1]],"_animationSpeed":1.005,"_zoom":15.448},{"_mousePosition":[986,349],"_rootPartCFrame":[775.331,222.615,47.025,0.057,0,0.998,0,1,0,-0.998,0,0.057],"_humanoidState":8,"_cameraCFrame":[782.802,237.576,48.29,0.167,-0.859,0.484,0,0.491,0.871,-0.986,-0.146,0.082],"_shiftlockState":false,"_pose":"Running","_animationQueue":[["walk",0.1]],"_animationSpeed":1.1,"_zoom":15.448},{"_mousePosition":[943,349],"_rootPartCFrame":[775.068,222.638,46.98,0.072,0,0.997,0,1,0,-0.997,0,0.072],"_humanoidState":8,"_cameraCFrame":[782.539,237.599,48.246,0.167,-0.859,0.484,0,0.491,0.871,-0.986,-0.146,0.082],"_shiftlockState":false,"_pose":"Running","_animationQueue":[],"_animationSpeed":1.1,"_zoom":15.448},{"_mousePosition":[937,349],"_rootPartCFrame":[774.805,222.664,46.935,0.085,0,0.996,0,1,0,-0.996,0,0.085],"_humanoidState":8,"_cameraCFrame":[782.277,237.625,48.201,0.167,-0.859,0.484,0,0.491,0.871,-0.986,-0.146,0.082],"_shiftlockState":false,"_pose":"Running","_animationQueue":[["walk",0.1]],"_animationSpeed":1.1,"_zoom":15.448},{"_mousePosition":[860,357],"_rootPartCFrame":[774.542,222.68,46.891,0.096,0,0.995,0,1,0,-0.995,0,0.096],"_humanoidState":8,"_cameraCFrame":[782.306,237.642,46.431,0.167,-0.859,0.484,0,0.491,0.871,-0.986,-0.146,0.082],"_shiftlockState":true,"_pose":"Running","_animationQueue":[],"_animationSpeed":1.1,"_zoom":15.448},{"_mousePosition":[683,384],"_rootPartCFrame":[774.279,222.689,46.846,0.168,0,0.986,0,1,0,-0.986,0,0.168],"_humanoidState":8,"_cameraCFrame":[782.043,237.651,46.387,0.167,-0.859,0.484,0,0.491,0.871,-0.986,-0.146,0.082],"_shiftlockState":true,"_pose":"Running","_animationQueue":[],"_animationSpeed":1.1,"_zoom":15.448},{"_mousePosition":[683,384],"_rootPartCFrame":[774.016,222.694,46.802,0.167,0,0.986,0,1,0,-0.986,0,0.167],"_humanoidState":8,"_cameraCFrame":[781.661,237.71,46.045,0.131,-0.867,0.48,0,0.484,0.875,-0.991,-0.114,0.063],"_shiftlockState":true,"_pose":"Running","_animationQueue":[],"_animationSpeed":1.1,"_zoom":15.448},{"_mousePosition":[683,384],"_rootPartCFrame":[773.753,222.697,46.757,0.131,0,0.991,0,1,0,-0.991,0,0.131],"_humanoidState":8,"_cameraCFrame":[781.226,237.79,45.723,0.096,-0.876,0.473,0,0.475,0.88,-0.995,-0.085,0.046],"_shiftlockState":true,"_pose":"Running","_animationQueue":[],"_animationSpeed":1.1,"_zoom":15.448},{"_mousePosition":[683,384],"_rootPartCFrame":[773.489,222.698,46.722,0.096,0,0.995,0,1,0,-0.995,0,0.096],"_humanoidState":8,"_cameraCFrame":[780.766,237.88,45.473,0.069,-0.884,0.463,0,0.464,0.886,-0.998,-0.061,0.032],"_shiftlockState":true,"_pose":"Running","_animationQueue":[],"_animationSpeed":1.1,"_zoom":15.448},{"_mousePosition":[683,384],"_rootPartCFrame":[773.224,222.699,46.695,0.069,0,0.998,0,1,0,-0.998,0,0.069],"_humanoidState":8,"_cameraCFrame":[780.332,237.955,45.303,0.051,-0.889,0.454,0,0.455,0.89,-0.999,-0.045,0.023],"_shiftlockState":true,"_pose":"Running","_animationQueue":[["walk",0.1]],"_animationSpeed":1.1,"_zoom":15.448},{"_mousePosition":[683,384],"_rootPartCFrame":[772.958,222.699,46.676,0.051,0,0.999,0,1,0,-0.999,0,0.051],"_humanoidState":8,"_cameraCFrame":[779.904,238.028,45.189,0.038,-0.895,0.445,0,0.446,0.895,-0.999,-0.034,0.017],"_shiftlockState":true,"_pose":"Running","_animationQueue":[],"_animationSpeed":1.1,"_zoom":15.448},{"_mousePosition":[683,384],"_rootPartCFrame":[772.691,222.699,46.662,0.038,0,0.999,0,1,0,-0.999,0,0.038],"_humanoidState":8,"_cameraCFrame":[779.441,238.116,45.09,0.026,-0.901,0.434,0,0.434,0.901,-1,-0.024,0.011],"_shiftlockState":true,"_pose":"Running","_animationQueue":[],"_animationSpeed":1.1,"_zoom":15.448},{"_mousePosition":[683,384],"_rootPartCFrame":[772.425,222.7,46.652,0.026,0,1,0,1,0,-1,0,0.026],"_humanoidState":8,"_cameraCFrame":[778.999,238.196,45.048,0.022,-0.906,0.423,0,0.423,0.906,-1,-0.02,0.009],"_shiftlockState":true,"_pose":"Running","_animationQueue":[],"_animationSpeed":1.1,"_zoom":15.448},{"_mousePosition":[683,384],"_rootPartCFrame":[772.158,222.7,46.644,0.022,0,1,0,1,0,-1,0,0.022],"_humanoidState":8,"_cameraCFrame":[778.537,238.285,45.023,0.02,-0.912,0.411,0,0.411,0.912,-1,-0.018,0.008],"_shiftlockState":true,"_pose":"Running","_animationQueue":[],"_animationSpeed":1.1,"_zoom":15.448},{"_mousePosition":[683,384],"_rootPartCFrame":[771.892,222.7,46.638,0.02,0,1,0,1,0,-1,0,0.02],"_humanoidState":8,"_cameraCFrame":[778.145,238.34,45.014,0.02,-0.915,0.403,0,0.403,0.915,-1,-0.018,0.008],"_shiftlockState":true,"_pose":"Running","_animationQueue":[],"_animationSpeed":1.1,"_zoom":15.448},{"_mousePosition":[683,384],"_rootPartCFrame":[771.625,222.7,46.633,0.02,0,1,0,1,0,-1,0,0.02],"_humanoidState":8,"_cameraCFrame":[777.718,238.41,45.006,0.02,-0.92,0.392,0,0.392,0.92,-1,-0.019,0.008],"_shiftlockState":true,"_pose":"Running","_animationQueue":[],"_animationSpeed":1.1,"_zoom":15.448},{"_mousePosition":[683,384],"_rootPartCFrame":[771.358,222.7,46.628,0.02,0,1,0,1,0,-1,0,0.02],"_humanoidState":8,"_cameraCFrame":[777.262,238.491,45.015,0.023,-0.925,0.379,0,0.38,0.925,-1,-0.022,0.009],"_shiftlockState":true,"_pose":"Running","_animationQueue":[["walk",0.1]],"_animationSpeed":1.1,"_zoom":15.448},{"_mousePosition":[683,384],"_rootPartCFrame":[771.092,222.7,46.622,0.023,0,1,0,1,0,-1,0,0.023],"_humanoidState":8,"_cameraCFrame":[776.749,238.598,45.074,0.036,-0.931,0.362,0,0.362,0.932,-0.999,-0.033,0.013],"_shiftlockState":true,"_pose":"Running","_animationQueue":[],"_animationSpeed":1.1,"_zoom":15.448},{"_mousePosition":[683,384],"_rootPartCFrame":[770.825,222.7,46.616,0.036,0,0.999,0,1,0,-0.999,0,0.036],"_humanoidState":8,"_cameraCFrame":[776.24,238.703,45.194,0.061,-0.937,0.344,0,0.344,0.939,-0.998,-0.057,0.021],"_shiftlockState":true,"_pose":"Running","_animationQueue":[],"_animationSpeed":1.1,"_zoom":15.448},{"_mousePosition":[683,384],"_rootPartCFrame":[770.559,223.563,46.61,0.061,0,0.998,0,1,0,-0.998,0,0.061],"_humanoidState":3,"_cameraCFrame":[775.748,239.662,45.339,0.093,-0.941,0.325,0,0.327,0.945,-0.996,-0.088,0.031],"_shiftlockState":true,"_pose":"Jumping","_animationQueue":[["walk",0.1],["jump",0.1]],"_animationSpeed":1,"_zoom":15.448},{"_mousePosition":[683,384],"_rootPartCFrame":[770.292,224.371,46.595,0.09,0,0.996,0,1,0,-0.996,0,0.09],"_humanoidState":5,"_cameraCFrame":[775.29,240.55,45.479,0.129,-0.942,0.309,0,0.312,0.95,-0.992,-0.122,0.04],"_shiftlockState":true,"_pose":"FreeFall","_animationQueue":[["jump",0.1]],"_animationSpeed":1,"_zoom":15.448},{"_mousePosition":[683,384],"_rootPartCFrame":[770.027,225.125,46.572,0.124,0,0.992,0,1,0,-0.992,0,0.124],"_humanoidState":5,"_cameraCFrame":[774.917,241.346,45.536,0.148,-0.942,0.3,0,0.303,0.953,-0.989,-0.141,0.045],"_shiftlockState":true,"_pose":"FreeFall","_animationQueue":[],"_animationSpeed":1,"_zoom":15.448},{"_mousePosition":[683,384],"_rootPartCFrame":[769.762,225.824,46.539,0.145,0,0.989,0,1,0,-0.989,0,0.145],"_humanoidState":5,"_cameraCFrame":[774.595,242.068,45.558,0.162,-0.942,0.295,0,0.298,0.954,-0.987,-0.154,0.048],"_shiftlockState":true,"_pose":"FreeFall","_animationQueue":[],"_animationSpeed":1,"_zoom":15.448},{"_mousePosition":[683,384],"_rootPartCFrame":[769.498,226.469,46.5,0.166,0,0.986,0,1,0,-0.986,0,0.166],"_humanoidState":5,"_cameraCFrame":[774.268,242.734,45.531,0.167,-0.942,0.29,0,0.294,0.956,-0.986,-0.159,0.049],"_shiftlockState":true,"_pose":"FreeFall","_animationQueue":[],"_animationSpeed":1,"_zoom":15.448},{"_mousePosition":[683,384],"_rootPartCFrame":[769.235,227.059,46.456,0.166,0,0.986,0,1,0,-0.986,0,0.166],"_humanoidState":5,"_cameraCFrame":[774.005,243.324,45.488,0.167,-0.942,0.29,0,0.294,0.956,-0.986,-0.159,0.049],"_shiftlockState":true,"_pose":"FreeFall","_animationQueue":[],"_animationSpeed":1,"_zoom":15.448},{"_mousePosition":[683,384],"_rootPartCFrame":[768.972,227.595,46.412,0.167,0,0.986,0,1,0,-0.986,0,0.167],"_humanoidState":5,"_cameraCFrame":[773.743,243.86,45.443,0.167,-0.942,0.29,0,0.294,0.956,-0.986,-0.159,0.049],"_shiftlockState":true,"_pose":"FreeFall","_animationQueue":[],"_animationSpeed":1,"_zoom":15.448},{"_mousePosition":[683,384],"_rootPartCFrame":[768.709,228.077,46.367,0.167,0,0.986,0,1,0,-0.986,0,0.167],"_humanoidState":5,"_cameraCFrame":[773.48,244.342,45.399,0.167,-0.942,0.29,0,0.294,0.956,-0.986,-0.159,0.049],"_shiftlockState":true,"_pose":"FreeFall","_animationQueue":[],"_animationSpeed":1,"_zoom":15.448},{"_mousePosition":[683,384],"_rootPartCFrame":[768.512,228.402,46.334,0.167,0,0.986,0,1,0,-0.986,0,0.167],"_humanoidState":5,"_cameraCFrame":[773.282,244.667,45.365,0.167,-0.942,0.29,0,0.294,0.956,-0.986,-0.159,0.049],"_shiftlockState":true,"_pose":"FreeFall","_animationQueue":[],"_animationSpeed":1,"_zoom":15.448},{"_mousePosition":[683,384],"_rootPartCFrame":[768.249,228.788,46.29,0.167,0,0.986,0,1,0,-0.986,0,0.167],"_humanoidState":5,"_cameraCFrame":[773.019,245.053,45.321,0.167,-0.942,0.29,0,0.294,0.956,-0.986,-0.159,0.049],"_shiftlockState":true,"_pose":"FreeFall","_animationQueue":[["fall",0.3]],"_animationSpeed":1,"_zoom":15.448},{"_mousePosition":[683,384],"_rootPartCFrame":[767.986,229.119,46.245,0.167,0,0.986,0,1,0,-0.986,0,0.167],"_humanoidState":5,"_cameraCFrame":[772.785,245.377,45.306,0.172,-0.941,0.291,0,0.296,0.955,-0.985,-0.164,0.051],"_shiftlockState":true,"_pose":"FreeFall","_animationQueue":[],"_animationSpeed":1,"_zoom":15.448},{"_mousePosition":[683,384],"_rootPartCFrame":[767.657,229.457,46.19,0.171,0,0.985,0,1,0,-0.985,0,0.171],"_humanoidState":5,"_cameraCFrame":[772.496,245.704,45.282,0.177,-0.94,0.293,0,0.298,0.955,-0.984,-0.169,0.053],"_shiftlockState":true,"_pose":"FreeFall","_animationQueue":[],"_animationSpeed":1,"_zoom":15.448},{"_mousePosition":[683,384],"_rootPartCFrame":[767.395,229.666,46.144,0.182,0,0.983,0,1,0,-0.983,0,0.182],"_humanoidState":5,"_cameraCFrame":[772.28,245.905,45.376,0.204,-0.934,0.293,0,0.299,0.954,-0.979,-0.195,0.061],"_shiftlockState":true,"_pose":"FreeFall","_animationQueue":[],"_animationSpeed":1,"_zoom":15.448},{"_mousePosition":[683,384],"_rootPartCFrame":[767.133,229.82,46.096,0.202,0,0.979,0,1,0,-0.979,0,0.202],"_humanoidState":5,"_cameraCFrame":[771.996,246.071,45.407,0.222,-0.931,0.29,0,0.297,0.955,-0.975,-0.212,0.066],"_shiftlockState":true,"_pose":"FreeFall","_animationQueue":[],"_animationSpeed":1,"_zoom":15.448},{"_mousePosition":[683,384],"_rootPartCFrame":[766.872,229.92,46.042,0.219,0,0.976,0,1,0,-0.976,0,0.219],"_humanoidState":5,"_cameraCFrame":[771.699,246.189,45.516,0.257,-0.924,0.283,0,0.293,0.956,-0.966,-0.246,0.075],"_shiftlockState":true,"_pose":"FreeFall","_animationQueue":[],"_animationSpeed":1,"_zoom":15.448},{"_mousePosition":[683,384],"_rootPartCFrame":[766.611,229.966,45.984,0.253,0,0.967,0,1,0,-0.967,0,0.253],"_humanoidState":5,"_cameraCFrame":[771.363,246.267,45.778,0.327,-0.905,0.271,0,0.286,0.958,-0.945,-0.314,0.094],"_shiftlockState":true,"_pose":"FreeFall","_animationQueue":[],"_animationSpeed":1,"_zoom":15.448},{"_mousePosition":[683,384],"_rootPartCFrame":[766.375,230.129,45.93,0.326,0,0.945,0,1,0,-0.945,0,0.326],"_humanoidState":12,"_cameraCFrame":[770.967,246.479,46.223,0.438,-0.864,0.248,0,0.275,0.961,-0.899,-0.422,0.121],"_shiftlockState":true,"_pose":"Climbing","_animationQueue":[["walk",0.1],["fall",0.3],["climb",0.1]],"_animationSpeed":0.125,"_zoom":15.448},{"_mousePosition":[683,384],"_rootPartCFrame":[766.138,230.628,45.852,0.444,0,0.896,0,1,0,-0.896,0,0.444],"_humanoidState":8,"_cameraCFrame":[770.441,247.045,46.672,0.564,-0.797,0.215,0,0.26,0.966,-0.826,-0.545,0.147],"_shiftlockState":true,"_pose":"Running","_animationQueue":[["walk",0.1],["climb",0.1],["walk",0.1],["walk",0.1]],"_animationSpeed":0.939,"_zoom":15.448},{"_mousePosition":[683,384],"_rootPartCFrame":[765.91,231.074,45.745,0.571,0,0.821,0,1,0,-0.821,0,0.571],"_humanoidState":8,"_cameraCFrame":[769.849,247.557,47.051,0.686,-0.706,0.177,0,0.244,0.97,-0.728,-0.665,0.167],"_shiftlockState":true,"_pose":"Running","_animationQueue":[["walk",0.1],["walk",0.1]],"_animationSpeed":1.048,"_zoom":15.448},{"_mousePosition":[683,384],"_rootPartCFrame":[765.701,231.391,45.609,0.693,0,0.721,0,1,0,-0.721,0,0.693],"_humanoidState":8,"_cameraCFrame":[769.372,247.912,47.216,0.761,-0.631,0.151,0,0.233,0.972,-0.649,-0.74,0.178],"_shiftlockState":true,"_pose":"Running","_animationQueue":[],"_animationSpeed":1.048,"_zoom":15.448},{"_mousePosition":[683,384],"_rootPartCFrame":[765.562,231.55,45.486,0.762,0,0.647,0,1,0,-0.647,0,0.762],"_humanoidState":8,"_cameraCFrame":[769.161,248.077,47.199,0.783,-0.605,0.144,0,0.232,0.973,-0.622,-0.761,0.181],"_shiftlockState":true,"_pose":"Running","_animationQueue":[],"_animationSpeed":1.048,"_zoom":15.448},{"_mousePosition":[683,384],"_rootPartCFrame":[765.472,231.732,45.402,0.783,0,0.622,0,1,0,-0.622,0,0.783],"_humanoidState":8,"_cameraCFrame":[769.2,248.248,46.93,0.743,-0.65,0.157,0,0.235,0.972,-0.669,-0.723,0.175],"_shiftlockState":true,"_pose":"Running","_animationQueue":[],"_animationSpeed":1.048,"_zoom":15.448},{"_mousePosition":[683,384],"_rootPartCFrame":[765.566,231.823,45.318,0.743,0,0.669,0,1,0,-0.669,0,0.743],"_humanoidState":8,"_cameraCFrame":[769.531,248.306,46.541,0.67,-0.72,0.181,0,0.244,0.97,-0.742,-0.65,0.163],"_shiftlockState":true,"_pose":"Running","_animationQueue":[["walk",0.1]],"_animationSpeed":0.065,"_zoom":15.448},{"_mousePosition":[683,384],"_rootPartCFrame":[765.708,231.867,45.191,0.668,0,0.744,0,1,0,-0.744,0,0.668],"_humanoidState":8,"_cameraCFrame":[769.99,248.297,45.877,0.543,-0.811,0.216,0,0.257,0.966,-0.84,-0.525,0.14],"_shiftlockState":true,"_pose":"Running","_animationQueue":[["walk",0.1]],"_animationSpeed":0.841,"_zoom":15.448},{"_mousePosition":[683,384],"_rootPartCFrame":[765.933,231.916,44.948,0.534,0,0.846,0,1,0,-0.846,0,0.534],"_humanoidState":8,"_cameraCFrame":[770.433,248.297,45.076,0.415,-0.877,0.244,0,0.268,0.963,-0.91,-0.4,0.111],"_shiftlockState":true,"_pose":"Running","_animationQueue":[["walk",0.1],["walk",0.1]],"_animationSpeed":1.087,"_zoom":15.448},{"_mousePosition":[683,384],"_rootPartCFrame":[766.023,231.825,44.843,0.406,0,0.914,0,1,0,-0.914,0,0.406],"_humanoidState":8,"_cameraCFrame":[770.742,248.126,44.245,0.248,-0.928,0.277,0,0.286,0.958,-0.969,-0.238,0.071],"_shiftlockState":true,"_pose":"Running","_animationQueue":[],"_animationSpeed":1.087,"_zoom":15.448},{"_mousePosition":[683,384],"_rootPartCFrame":[766.134,231.65,44.613,0.235,0,0.972,0,1,0,-0.972,0,0.235],"_humanoidState":8,"_cameraCFrame":[770.994,247.847,43.178,0.065,-0.949,0.307,0,0.308,0.951,-0.998,-0.062,0.02],"_shiftlockState":true,"_pose":"Running","_animationQueue":[["walk",0.1]],"_animationSpeed":0.284,"_zoom":15.448},{"_mousePosition":[683,384],"_rootPartCFrame":[766.138,231.703,44.444,0.057,0,0.998,0,1,0,-0.998,0,0.057],"_humanoidState":8,"_cameraCFrame":[770.945,247.818,42.208,-0.099,-0.941,0.322,0,0.324,0.946,-0.995,0.094,-0.032],"_shiftlockState":true,"_pose":"Running","_animationQueue":[["walk",0.1]],"_animationSpeed":1.076,"_zoom":15.448},{"_mousePosition":[683,384],"_rootPartCFrame":[766.093,232.566,44.223,-0.11,0,0.994,0,1,0,-0.994,0,-0.11],"_humanoidState":3,"_cameraCFrame":[770.739,248.627,41.383,-0.22,-0.92,0.326,0,0.334,0.943,-0.976,0.207,-0.073],"_shiftlockState":true,"_pose":"Jumping","_animationQueue":[["walk",0.1],["jump",0.1]],"_animationSpeed":1,"_zoom":15.448},{"_mousePosition":[683,384],"_rootPartCFrame":[766.031,233.374,44.021,-0.212,0,0.977,0,1,0,-0.977,0,-0.212],"_humanoidState":5,"_cameraCFrame":[770.486,249.377,40.625,-0.327,-0.887,0.325,0,0.344,0.939,-0.945,0.307,-0.113],"_shiftlockState":true,"_pose":"FreeFall","_animationQueue":[["jump",0.1]],"_animationSpeed":1,"_zoom":15.448},{"_mousePosition":[683,384],"_rootPartCFrame":[765.944,234.128,43.85,-0.314,0,0.949,0,1,0,-0.949,0,-0.314],"_humanoidState":5,"_cameraCFrame":[770.233,250.061,39.977,-0.414,-0.85,0.325,0,0.357,0.934,-0.91,0.387,-0.148],"_shiftlockState":true,"_pose":"FreeFall","_animationQueue":[],"_animationSpeed":1,"_zoom":15.448},{"_mousePosition":[683,384],"_rootPartCFrame":[765.835,234.827,43.712,-0.402,0,0.916,0,1,0,-0.916,0,-0.402],"_humanoidState":5,"_cameraCFrame":[770.009,250.706,39.525,-0.468,-0.823,0.323,0,0.366,0.931,-0.884,0.435,-0.171],"_shiftlockState":true,"_pose":"FreeFall","_animationQueue":[],"_animationSpeed":1,"_zoom":15.448},{"_mousePosition":[683,384],"_rootPartCFrame":[765.706,235.472,43.608,-0.459,0,0.888,0,1,0,-0.888,0,-0.459],"_humanoidState":5,"_cameraCFrame":[769.792,251.305,39.183,-0.506,-0.8,0.322,0,0.373,0.928,-0.863,0.469,-0.189],"_shiftlockState":true,"_pose":"FreeFall","_animationQueue":[],"_animationSpeed":1,"_zoom":15.448},{"_mousePosition":[683,384],"_rootPartCFrame":[765.598,235.92,43.554,-0.502,0,0.865,0,1,0,-0.865,0,-0.502],"_humanoidState":5,"_cameraCFrame":[769.612,251.706,38.915,-0.538,-0.779,0.321,0,0.381,0.925,-0.843,0.498,-0.205],"_shiftlockState":true,"_pose":"FreeFall","_animationQueue":[],"_animationSpeed":1,"_zoom":15.448},{"_mousePosition":[683,384],"_rootPartCFrame":[765.399,236.599,43.508,-0.532,0,0.846,0,1,0,-0.846,0,-0.532],"_humanoidState":5,"_cameraCFrame":[769.355,252.346,38.707,-0.562,-0.763,0.32,0,0.386,0.922,-0.827,0.518,-0.217],"_shiftlockState":true,"_pose":"FreeFall","_animationQueue":[],"_animationSpeed":1,"_zoom":15.448},{"_mousePosition":[683,384],"_rootPartCFrame":[765.269,236.965,43.509,-0.559,0,0.829,0,1,0,-0.829,0,-0.559],"_humanoidState":5,"_cameraCFrame":[769.139,252.644,38.443,-0.598,-0.736,0.318,0,0.397,0.918,-0.802,0.548,-0.237],"_shiftlockState":true,"_pose":"FreeFall","_animationQueue":[],"_animationSpeed":1,"_zoom":15.448},{"_mousePosition":[683,384],"_rootPartCFrame":[765.064,237.507,43.555,-0.667,0,0.745,0,1,0,-0.745,0,-0.667],"_humanoidState":5,"_cameraCFrame":[768.846,253.136,38.287,-0.625,-0.714,0.316,0,0.404,0.915,-0.781,0.572,-0.253],"_shiftlockState":true,"_pose":"FreeFall","_animationQueue":[],"_animationSpeed":1,"_zoom":15.448},{"_mousePosition":[683,384],"_rootPartCFrame":[764.921,237.879,43.632,-0.698,0,0.716,0,1,0,-0.716,0,-0.698],"_humanoidState":5,"_cameraCFrame":[768.625,253.473,38.214,-0.645,-0.697,0.313,0,0.409,0.912,-0.764,0.589,-0.264],"_shiftlockState":true,"_pose":"FreeFall","_animationQueue":[],"_animationSpeed":1,"_zoom":15.448},{"_mousePosition":[683,384],"_rootPartCFrame":[764.799,238.197,43.742,-0.719,0,0.695,0,1,0,-0.695,0,-0.719],"_humanoidState":5,"_cameraCFrame":[768.454,253.776,38.253,-0.655,-0.688,0.311,0,0.412,0.911,-0.755,0.597,-0.27],"_shiftlockState":true,"_pose":"FreeFall","_animationQueue":[],"_animationSpeed":1,"_zoom":15.448},{"_mousePosition":[683,384],"_rootPartCFrame":[764.697,238.461,43.886,-0.729,0,0.684,0,1,0,-0.684,0,-0.729],"_humanoidState":5,"_cameraCFrame":[768.35,254.034,38.382,-0.657,-0.687,0.311,0,0.412,0.911,-0.754,0.599,-0.271],"_shiftlockState":true,"_pose":"FreeFall","_animationQueue":[],"_animationSpeed":1,"_zoom":15.448},{"_mousePosition":[683,384],"_rootPartCFrame":[764.618,238.669,44.063,-0.732,0,0.682,0,1,0,-0.682,0,-0.732],"_humanoidState":5,"_cameraCFrame":[768.265,254.243,38.555,-0.658,-0.686,0.311,0,0.412,0.911,-0.753,0.599,-0.271],"_shiftlockState":true,"_pose":"FreeFall","_animationQueue":[],"_animationSpeed":1,"_zoom":15.448},{"_mousePosition":[683,384],"_rootPartCFrame":[764.573,238.79,44.217,-0.715,0,0.699,0,1,0,-0.699,0,-0.715],"_humanoidState":5,"_cameraCFrame":[768.217,254.359,38.694,-0.659,-0.685,0.311,0,0.413,0.911,-0.752,0.601,-0.272],"_shiftlockState":true,"_pose":"FreeFall","_animationQueue":[],"_animationSpeed":1,"_zoom":15.448},{"_mousePosition":[683,384],"_rootPartCFrame":[764.515,239.018,44.449,-0.685,0,0.729,0,1,0,-0.729,0,-0.685],"_humanoidState":12,"_cameraCFrame":[768.141,254.576,38.888,-0.664,-0.68,0.31,0,0.415,0.91,-0.748,0.604,-0.275],"_shiftlockState":true,"_pose":"Climbing","_animationQueue":[["walk",0.1],["climb",0.1]],"_animationSpeed":0.738,"_zoom":15.448},{"_mousePosition":[683,384],"_rootPartCFrame":[764.515,239.196,44.541,-0.699,-0.006,0.716,0.005,1,0.014,-0.716,0.014,-0.698],"_humanoidState":12,"_cameraCFrame":[768.104,254.738,38.944,-0.671,-0.674,0.309,0,0.417,0.909,-0.741,0.61,-0.28],"_shiftlockState":true,"_pose":"Climbing","_animationQueue":[["climb",0.1]],"_animationSpeed":0.932,"_zoom":15.448},{"_mousePosition":[683,384],"_rootPartCFrame":[764.517,239.382,44.549,-0.679,-0.003,0.735,0.002,1,0.006,-0.735,0.005,-0.679],"_humanoidState":12,"_cameraCFrame":[768.036,254.909,38.852,-0.684,-0.662,0.306,0,0.419,0.908,-0.729,0.621,-0.287],"_shiftlockState":true,"_pose":"Climbing","_animationQueue":[],"_animationSpeed":0.932,"_zoom":15.448},{"_mousePosition":[683,384],"_rootPartCFrame":[764.51,239.953,44.692,-0.685,0,0.729,0,1,0,-0.729,0,-0.685],"_humanoidState":8,"_cameraCFrame":[767.914,255.459,38.866,-0.703,-0.645,0.3,0,0.422,0.907,-0.711,0.637,-0.297],"_shiftlockState":true,"_pose":"Standing","_animationQueue":[["climb",0.1],["walk",0.1],["idle",0.1]],"_animationSpeed":1,"_zoom":15.448},{"_mousePosition":[683,384],"_rootPartCFrame":[764.499,240.549,45.007,-0.703,0,0.711,0,1,-0.001,-0.711,-0.001,-0.703],"_humanoidState":8,"_cameraCFrame":[767.757,256.034,39.046,-0.724,-0.624,0.293,0,0.425,0.905,-0.689,0.656,-0.308],"_shiftlockState":true,"_pose":"Running","_animationQueue":[["walk",0.1]],"_animationSpeed":0.863,"_zoom":15.448},{"_mousePosition":[683,384],"_rootPartCFrame":[764.497,240.776,45.2,-0.724,0,0.689,0,1,0,-0.689,0,-0.724],"_humanoidState":8,"_cameraCFrame":[767.512,256.24,39.066,-0.755,-0.593,0.281,0,0.428,0.904,-0.656,0.682,-0.323],"_shiftlockState":true,"_pose":"Running","_animationQueue":[["walk",0.1]],"_animationSpeed":1.065,"_zoom":15.448},{"_mousePosition":[683,384],"_rootPartCFrame":[764.504,241.042,45.522,-0.755,0,0.656,0,1,0,-0.656,0,-0.755],"_humanoidState":8,"_cameraCFrame":[767.286,256.5,39.267,-0.779,-0.566,0.268,0,0.428,0.904,-0.626,0.704,-0.334],"_shiftlockState":true,"_pose":"Running","_animationQueue":[],"_animationSpeed":1.065,"_zoom":15.448},{"_mousePosition":[683,384],"_rootPartCFrame":[764.624,241.187,45.729,-0.779,0,0.626,0,1,0,-0.626,0,-0.779],"_humanoidState":8,"_cameraCFrame":[767.294,256.645,39.425,-0.791,-0.553,0.262,0,0.428,0.904,-0.612,0.714,-0.339],"_shiftlockState":true,"_pose":"Running","_animationQueue":[],"_animationSpeed":1.065,"_zoom":15.448},{"_mousePosition":[683,384],"_rootPartCFrame":[764.825,241.279,45.896,-0.791,0,0.612,0,1,0,-0.612,0,-0.791],"_humanoidState":8,"_cameraCFrame":[767.475,256.743,39.596,-0.792,-0.552,0.261,0,0.428,0.904,-0.611,0.716,-0.339],"_shiftlockState":true,"_pose":"Running","_animationQueue":[["walk",0.1]],"_animationSpeed":1.065,"_zoom":15.448},{"_mousePosition":[683,384],"_rootPartCFrame":[764.981,241.331,46.018,-0.792,0,0.611,0,1,0,-0.611,0,-0.792],"_humanoidState":8,"_cameraCFrame":[767.712,256.837,39.847,-0.778,-0.569,0.265,0,0.422,0.907,-0.628,0.706,-0.328],"_shiftlockState":true,"_pose":"Running","_animationQueue":[],"_animationSpeed":1.065,"_zoom":15.448},{"_mousePosition":[683,384],"_rootPartCFrame":[765.241,241.417,46.219,-0.778,0,0.628,0,1,0,-0.628,0,-0.778],"_humanoidState":8,"_cameraCFrame":[768.151,256.986,40.276,-0.75,-0.603,0.273,0,0.413,0.911,-0.662,0.683,-0.31],"_shiftlockState":true,"_pose":"Running","_animationQueue":[],"_animationSpeed":1.065,"_zoom":15.448},{"_mousePosition":[683,384],"_rootPartCFrame":[765.395,241.463,46.342,-0.75,0,0.662,0,1,0,-0.662,0,-0.75],"_humanoidState":8,"_cameraCFrame":[768.694,257.127,40.847,-0.684,-0.669,0.291,0,0.399,0.917,-0.729,0.627,-0.273],"_shiftlockState":true,"_pose":"Running","_animationQueue":[],"_animationSpeed":1.065,"_zoom":15.448},{"_mousePosition":[683,384],"_rootPartCFrame":[765.643,241.527,46.558,-0.684,0,0.729,0,1,0,-0.729,0,-0.684],"_humanoidState":8,"_cameraCFrame":[769.431,257.275,41.622,-0.59,-0.745,0.312,0,0.386,0.922,-0.807,0.544,-0.228],"_shiftlockState":true,"_pose":"Running","_animationQueue":[],"_animationSpeed":1.065,"_zoom":15.448},{"_mousePosition":[683,384],"_rootPartCFrame":[765.824,241.572,46.746,-0.585,0,0.811,0,1,0,-0.811,0,-0.585],"_humanoidState":8,"_cameraCFrame":[770.08,257.414,42.516,-0.468,-0.821,0.328,0,0.372,0.928,-0.884,0.434,-0.174],"_shiftlockState":true,"_pose":"Running","_animationQueue":[],"_animationSpeed":1.065,"_zoom":15.448},{"_mousePosition":[683,384],"_rootPartCFrame":[765.982,241.615,46.954,-0.46,0,0.888,0,1,0,-0.888,0,-0.46],"_humanoidState":8,"_cameraCFrame":[770.533,257.521,43.285,-0.366,-0.868,0.336,0,0.361,0.933,-0.931,0.341,-0.132],"_shiftlockState":true,"_pose":"Running","_animationQueue":[["walk",0.1]],"_animationSpeed":1.065,"_zoom":15.448},{"_mousePosition":[683,384],"_rootPartCFrame":[766.077,241.647,47.123,-0.36,0,0.933,0,1,0,-0.933,0,-0.36],"_humanoidState":8,"_cameraCFrame":[770.885,257.57,43.876,-0.284,-0.895,0.343,0,0.358,0.934,-0.959,0.265,-0.102],"_shiftlockState":true,"_pose":"Running","_animationQueue":[],"_animationSpeed":1.065,"_zoom":15.448},{"_mousePosition":[683,384],"_rootPartCFrame":[766.2,241.698,47.422,-0.281,0,0.96,0,1,0,-0.96,0,-0.281],"_humanoidState":8,"_cameraCFrame":[771.259,257.59,44.428,-0.23,-0.907,0.354,0,0.363,0.932,-0.973,0.214,-0.084],"_shiftlockState":true,"_pose":"Running","_animationQueue":[],"_animationSpeed":1.065,"_zoom":15.448},{"_mousePosition":[683,384],"_rootPartCFrame":[766.318,242.782,47.723,-0.229,0,0.973,0,1,0,-0.973,0,-0.229],"_humanoidState":3,"_cameraCFrame":[771.549,258.642,44.874,-0.199,-0.911,0.361,0,0.369,0.93,-0.98,0.185,-0.073],"_shiftlockState":true,"_pose":"Jumping","_animationQueue":[["walk",0.1],["jump",0.1]],"_animationSpeed":1,"_zoom":15.448},{"_mousePosition":[683,384],"_rootPartCFrame":[766.377,243.393,47.911,-0.26,0,0.966,0,1,0,-0.966,0,-0.26],"_humanoidState":5,"_cameraCFrame":[771.779,259.221,45.225,-0.166,-0.915,0.369,0,0.374,0.928,-0.986,0.154,-0.062],"_shiftlockState":true,"_pose":"FreeFall","_animationQueue":[["jump",0.1]],"_animationSpeed":1,"_zoom":15.448},{"_mousePosition":[683,384],"_rootPartCFrame":[766.432,244.16,48.171,-0.288,0,0.958,0,1,0,-0.958,0,-0.288],"_humanoidState":5,"_cameraCFrame":[772.038,259.946,45.683,-0.128,-0.917,0.377,0,0.381,0.925,-0.992,0.118,-0.049],"_shiftlockState":true,"_pose":"FreeFall","_animationQueue":[],"_animationSpeed":1,"_zoom":15.448},{"_mousePosition":[683,384],"_rootPartCFrame":[766.478,244.873,48.434,-0.258,0,0.966,0,1,0,-0.966,0,-0.258],"_humanoidState":5,"_cameraCFrame":[772.288,260.607,46.117,-0.096,-0.917,0.387,0,0.389,0.921,-0.995,0.088,-0.037],"_shiftlockState":true,"_pose":"FreeFall","_animationQueue":[],"_animationSpeed":1,"_zoom":15.448},{"_mousePosition":[683,384],"_rootPartCFrame":[766.506,245.372,48.632,-0.194,0,0.981,0,1,0,-0.981,0,-0.194],"_humanoidState":5,"_cameraCFrame":[772.593,261.017,46.492,-0.063,-0.914,0.401,0,0.402,0.916,-0.998,0.058,-0.025],"_shiftlockState":true,"_pose":"FreeFall","_animationQueue":[],"_animationSpeed":1,"_zoom":15.448},{"_mousePosition":[683,384],"_rootPartCFrame":[766.513,246.136,48.952,-0.206,0,0.979,0,1,0,-0.979,0,-0.206],"_humanoidState":5,"_cameraCFrame":[772.803,261.71,46.933,-0.042,-0.91,0.412,0,0.412,0.911,-0.999,0.039,-0.018],"_shiftlockState":true,"_pose":"FreeFall","_animationQueue":[],"_animationSpeed":1,"_zoom":15.448},{"_mousePosition":[683,384],"_rootPartCFrame":[766.477,246.686,49.195,-0.15,0,0.989,0,1,0,-0.989,0,-0.15],"_humanoidState":5,"_cameraCFrame":[773.007,262.165,47.29,-0.024,-0.905,0.425,0,0.426,0.905,-1,0.021,-0.01],"_shiftlockState":true,"_pose":"FreeFall","_animationQueue":[],"_animationSpeed":1,"_zoom":15.448},{"_mousePosition":[683,384],"_rootPartCFrame":[766.402,247.181,49.426,-0.131,0,0.991,0,1,0,-0.991,0,-0.131],"_humanoidState":5,"_cameraCFrame":[773.132,262.574,47.588,-0.013,-0.899,0.437,0,0.437,0.899,-1,0.012,-0.006],"_shiftlockState":true,"_pose":"FreeFall","_animationQueue":[],"_animationSpeed":1,"_zoom":15.448},{"_mousePosition":[683,384],"_rootPartCFrame":[766.29,247.621,49.645,-0.119,0,0.993,0,1,0,-0.993,0,-0.119],"_humanoidState":5,"_cameraCFrame":[773.247,262.904,47.817,-0.011,-0.892,0.452,0,0.452,0.892,-1,0.01,-0.005],"_shiftlockState":true,"_pose":"FreeFall","_animationQueue":[],"_animationSpeed":1,"_zoom":15.448},{"_mousePosition":[683,384],"_rootPartCFrame":[766.098,248.095,49.898,-0.142,0,0.99,0,1,0,-0.99,0,-0.142],"_humanoidState":5,"_cameraCFrame":[773.198,263.298,48.025,-0.017,-0.887,0.462,0,0.462,0.887,-1,0.015,-0.008],"_shiftlockState":true,"_pose":"FreeFall","_animationQueue":[],"_animationSpeed":1,"_zoom":15.448},{"_mousePosition":[683,384],"_rootPartCFrame":[765.96,248.339,50.042,-0.095,0,0.995,0,1,0,-0.995,0,-0.095],"_humanoidState":5,"_cameraCFrame":[773.201,263.461,48.113,-0.025,-0.882,0.471,0,0.472,0.882,-1,0.022,-0.012],"_shiftlockState":true,"_pose":"FreeFall","_animationQueue":[],"_animationSpeed":1,"_zoom":15.448},{"_mousePosition":[683,384],"_rootPartCFrame":[765.775,248.616,50.234,-0.128,0,0.992,0,1,0,-0.992,0,-0.128],"_humanoidState":5,"_cameraCFrame":[773.075,263.702,48.28,-0.028,-0.879,0.476,0,0.476,0.879,-1,0.024,-0.013],"_shiftlockState":true,"_pose":"FreeFall","_animationQueue":[],"_animationSpeed":1,"_zoom":15.448},{"_mousePosition":[683,384],"_rootPartCFrame":[765.591,248.838,50.427,-0.132,0,0.991,0,1,0,-0.991,0,-0.132],"_humanoidState":5,"_cameraCFrame":[772.93,263.907,48.495,-0.025,-0.878,0.478,0,0.478,0.878,-1,0.022,-0.012],"_shiftlockState":true,"_pose":"FreeFall","_animationQueue":[],"_animationSpeed":1,"_zoom":15.448},{"_mousePosition":[683,384],"_rootPartCFrame":[765.397,249.006,50.597,-0.057,0,0.998,0,1,0,-0.998,0,-0.057],"_humanoidState":5,"_cameraCFrame":[772.756,264.075,48.742,-0.014,-0.878,0.478,0,0.478,0.878,-1,0.012,-0.007],"_shiftlockState":true,"_pose":"FreeFall","_animationQueue":[],"_animationSpeed":1,"_zoom":15.448},{"_mousePosition":[683,384],"_rootPartCFrame":[765.187,249.12,50.731,-0.019,0,1,0,1,0,-1,0,-0.019],"_humanoidState":5,"_cameraCFrame":[772.576,264.188,49,0.003,-0.878,0.478,0,0.478,0.878,-1,-0.002,0.001],"_shiftlockState":true,"_pose":"FreeFall","_animationQueue":[],"_animationSpeed":1,"_zoom":15.448},{"_mousePosition":[683,384],"_rootPartCFrame":[764.961,249.179,50.829,0,0,1,0,1,0,-1,0,0],"_humanoidState":5,"_cameraCFrame":[772.357,264.265,49.275,0.027,-0.879,0.476,0,0.476,0.879,-1,-0.023,0.013],"_shiftlockState":true,"_pose":"FreeFall","_animationQueue":[],"_animationSpeed":1,"_zoom":15.448},{"_mousePosition":[683,384],"_rootPartCFrame":[764.739,249.183,50.936,-0.049,0,0.999,0,1,0,-0.999,0,-0.049],"_humanoidState":5,"_cameraCFrame":[772.115,264.305,49.619,0.059,-0.88,0.471,0,0.472,0.882,-0.998,-0.052,0.028],"_shiftlockState":true,"_pose":"FreeFall","_animationQueue":[["fall",0.3]],"_animationSpeed":1,"_zoom":15.448},{"_mousePosition":[683,384],"_rootPartCFrame":[764.544,249.34,51.044,0.03,0,1,0,1,0,-1,0,0.03],"_humanoidState":12,"_cameraCFrame":[771.856,264.526,50.079,0.108,-0.881,0.461,0,0.464,0.886,-0.994,-0.096,0.05],"_shiftlockState":true,"_pose":"Climbing","_animationQueue":[["walk",0.1],["fall",0.3],["climb",0.1]],"_animationSpeed":-0.08,"_zoom":15.448},{"_mousePosition":[683,384],"_rootPartCFrame":[764.377,249.773,51.184,0.105,0,0.994,0,1,0,-0.994,0,0.105],"_humanoidState":8,"_cameraCFrame":[771.5,265.09,50.912,0.208,-0.875,0.437,0,0.447,0.894,-0.978,-0.186,0.093],"_shiftlockState":true,"_pose":"Running","_animationQueue":[["walk",0.1],["climb",0.1],["walk",0.1],["walk",0.1]],"_animationSpeed":0.862,"_zoom":15.448},{"_mousePosition":[683,384],"_rootPartCFrame":[764.169,250.3,51.353,0.214,0,0.977,0,1,0,-0.977,0,0.214],"_humanoidState":8,"_cameraCFrame":[771.082,265.721,51.718,0.303,-0.859,0.413,0,0.434,0.901,-0.953,-0.273,0.132],"_shiftlockState":true,"_pose":"Running","_animationQueue":[],"_animationSpeed":0.862,"_zoom":15.448},{"_mousePosition":[683,384],"_rootPartCFrame":[763.956,250.52,51.495,0.305,0,0.952,0,1,0,-0.952,0,0.305],"_humanoidState":8,"_cameraCFrame":[770.592,266.037,52.59,0.414,-0.826,0.383,0,0.42,0.907,-0.91,-0.375,0.174],"_shiftlockState":true,"_pose":"Running","_animationQueue":[],"_animationSpeed":0.862,"_zoom":15.448},{"_mousePosition":[683,384],"_rootPartCFrame":[763.832,250.681,51.704,0.419,0,0.908,0,1,0,-0.908,0,0.419],"_humanoidState":8,"_cameraCFrame":[770.236,266.249,53.368,0.499,-0.789,0.358,0,0.413,0.911,-0.867,-0.454,0.206],"_shiftlockState":true,"_pose":"Running","_animationQueue":[["walk",0.1]],"_animationSpeed":1.087,"_zoom":15.448},{"_mousePosition":[683,384],"_rootPartCFrame":[763.728,250.782,51.939,0.5,0,0.866,0,1,0,-0.866,0,0.5],"_humanoidState":8,"_cameraCFrame":[769.854,266.401,54.133,0.578,-0.746,0.331,0,0.406,0.914,-0.816,-0.528,0.234],"_shiftlockState":true,"_pose":"Running","_animationQueue":[],"_animationSpeed":1.087,"_zoom":15.448},{"_mousePosition":[683,384],"_rootPartCFrame":[763.602,250.819,52.166,0.578,0,0.816,0,1,0,-0.816,0,0.578],"_humanoidState":8,"_cameraCFrame":[769.452,266.488,54.754,0.639,-0.705,0.306,0,0.398,0.917,-0.769,-0.586,0.255],"_shiftlockState":true,"_pose":"Running","_animationQueue":[["walk",0.1]],"_animationSpeed":1.087,"_zoom":15.448},{"_mousePosition":[683,384],"_rootPartCFrame":[763.492,250.749,52.326,0.639,0,0.769,0,1,0,-0.769,0,0.639],"_humanoidState":8,"_cameraCFrame":[769.042,266.462,55.306,0.699,-0.658,0.28,0,0.392,0.92,-0.715,-0.643,0.274],"_shiftlockState":true,"_pose":"Running","_animationQueue":[],"_animationSpeed":1.087,"_zoom":15.448},{"_mousePosition":[683,384],"_rootPartCFrame":[763.295,250.556,52.569,0.699,0,0.715,0,1,0,-0.715,0,0.699],"_humanoidState":8,"_cameraCFrame":[768.564,266.308,55.856,0.747,-0.613,0.256,0,0.386,0.923,-0.665,-0.689,0.288],"_shiftlockState":true,"_pose":"Running","_animationQueue":[],"_animationSpeed":1.087,"_zoom":15.448},{"_mousePosition":[683,384],"_rootPartCFrame":[763.123,250.458,52.749,0.747,0,0.665,0,1,0,-0.665,0,0.747],"_humanoidState":8,"_cameraCFrame":[768.111,266.249,56.298,0.789,-0.569,0.234,0,0.38,0.925,-0.615,-0.729,0.299],"_shiftlockState":true,"_pose":"Running","_animationQueue":[["walk",0.1]],"_animationSpeed":1.031,"_zoom":15.448},{"_mousePosition":[683,384],"_rootPartCFrame":[762.939,250.375,52.916,0.789,0,0.615,0,1,0,-0.615,0,0.789],"_humanoidState":8,"_cameraCFrame":[767.656,266.208,56.662,0.823,-0.528,0.212,0,0.373,0.928,-0.569,-0.763,0.307],"_shiftlockState":true,"_pose":"Running","_animationQueue":[],"_animationSpeed":1.031,"_zoom":15.448},{"_mousePosition":[683,384],"_rootPartCFrame":[762.744,250.28,53.071,0.823,0,0.569,0,1,0,-0.569,0,0.823],"_humanoidState":8,"_cameraCFrame":[767.099,266.168,57.037,0.863,-0.471,0.184,0,0.364,0.931,-0.506,-0.803,0.314],"_shiftlockState":true,"_pose":"Running","_animationQueue":[],"_animationSpeed":1.031,"_zoom":15.448},{"_mousePosition":[683,384],"_rootPartCFrame":[762.541,250.185,53.215,0.863,0,0.506,0,1,0,-0.506,0,0.863],"_humanoidState":8,"_cameraCFrame":[766.611,266.118,57.317,0.89,-0.426,0.163,0,0.357,0.934,-0.456,-0.831,0.317],"_shiftlockState":true,"_pose":"Running","_animationQueue":[["walk",0.1]],"_animationSpeed":1.031,"_zoom":15.448},{"_mousePosition":[683,384],"_rootPartCFrame":[762.381,250.171,53.312,0.89,0,0.456,0,1,0,-0.456,0,0.89],"_humanoidState":8,"_cameraCFrame":[766.072,266.152,57.598,0.922,-0.362,0.134,0,0.348,0.937,-0.386,-0.865,0.321],"_shiftlockState":true,"_pose":"Running","_animationQueue":[],"_animationSpeed":1.031,"_zoom":15.448},{"_mousePosition":[683,384],"_rootPartCFrame":[762.103,250.086,53.456,0.922,0,0.386,0,1,0,-0.386,0,0.922],"_humanoidState":8,"_cameraCFrame":[765.415,266.11,57.905,0.95,-0.295,0.107,0,0.341,0.94,-0.314,-0.893,0.323],"_shiftlockState":true,"_pose":"Running","_animationQueue":[],"_animationSpeed":1.031,"_zoom":15.448},{"_mousePosition":[683,384],"_rootPartCFrame":[761.873,250.072,53.556,0.95,0,0.314,0,1,0,-0.314,0,0.95],"_humanoidState":8,"_cameraCFrame":[764.882,266.121,58.135,0.967,-0.239,0.085,0,0.336,0.942,-0.253,-0.911,0.325],"_shiftlockState":true,"_pose":"Running","_animationQueue":[],"_animationSpeed":1.031,"_zoom":15.448},{"_mousePosition":[683,384],"_rootPartCFrame":[761.689,250.05,53.622,0.967,0,0.253,0,1,0,-0.253,0,0.967],"_humanoidState":8,"_cameraCFrame":[764.378,266.128,58.306,0.982,-0.179,0.063,0,0.331,0.944,-0.19,-0.927,0.325],"_shiftlockState":true,"_pose":"Running","_animationQueue":[],"_animationSpeed":1.031,"_zoom":15.448},{"_mousePosition":[683,384],"_rootPartCFrame":[761.432,249.973,53.692,0.982,0,0.19,0,1,0,-0.19,0,0.982],"_humanoidState":8,"_cameraCFrame":[763.834,266.072,58.468,0.991,-0.125,0.043,0,0.327,0.945,-0.132,-0.937,0.324],"_shiftlockState":true,"_pose":"Running","_animationQueue":[["walk",0.1]],"_animationSpeed":1.098,"_zoom":15.448},{"_mousePosition":[683,384],"_rootPartCFrame":[761.11,251.057,53.777,0.991,0,0.132,0,1,0,-0.132,0,0.991],"_humanoidState":3,"_cameraCFrame":[763.343,267.164,58.61,0.995,-0.092,0.032,0,0.325,0.946,-0.098,-0.941,0.324],"_shiftlockState":true,"_pose":"Jumping","_animationQueue":[["walk",0.1],["walk",0.1],["jump",0.1]],"_animationSpeed":1,"_zoom":15.448},{"_mousePosition":[683,384],"_rootPartCFrame":[760.913,251.668,53.814,0.987,0,0.16,0,1,0,-0.16,0,0.987],"_humanoidState":5,"_cameraCFrame":[762.957,267.779,58.717,0.998,-0.056,0.019,0,0.325,0.946,-0.059,-0.944,0.324],"_shiftlockState":true,"_pose":"FreeFall","_animationQueue":[["jump",0.1]],"_animationSpeed":1,"_zoom":15.448},{"_mousePosition":[683,384],"_rootPartCFrame":[760.582,252.619,53.849,0.977,0,0.215,0,1,0,-0.215,0,0.977],"_humanoidState":5,"_cameraCFrame":[762.534,268.726,58.802,0.999,-0.038,0.013,0,0.325,0.946,-0.04,-0.945,0.325],"_shiftlockState":true,"_pose":"FreeFall","_animationQueue":[],"_animationSpeed":1,"_zoom":15.448},{"_mousePosition":[683,384],"_rootPartCFrame":[760.316,253.319,53.866,0.985,0,0.172,0,1,0,-0.172,0,0.985],"_humanoidState":5,"_cameraCFrame":[762.19,269.418,58.873,1,-0.023,0.008,0,0.327,0.945,-0.025,-0.945,0.327],"_shiftlockState":true,"_pose":"FreeFall","_animationQueue":[],"_animationSpeed":1,"_zoom":15.448},{"_mousePosition":[683,384],"_rootPartCFrame":[760.05,253.964,53.878,0.988,0,0.157,0,1,0,-0.157,0,0.988],"_humanoidState":5,"_cameraCFrame":[761.834,270.054,58.941,1,-0.006,0.002,0,0.329,0.945,-0.007,-0.944,0.328],"_shiftlockState":true,"_pose":"FreeFall","_animationQueue":[],"_animationSpeed":1,"_zoom":15.448},{"_mousePosition":[683,384],"_rootPartCFrame":[759.85,254.411,53.884,0.994,0,0.107,0,1,0,-0.107,0,0.994],"_humanoidState":5,"_cameraCFrame":[761.479,270.49,59.034,1,0.022,-0.008,0,0.331,0.944,0.023,-0.943,0.331],"_shiftlockState":true,"_pose":"FreeFall","_animationQueue":[],"_animationSpeed":1,"_zoom":15.448},{"_mousePosition":[683,384],"_rootPartCFrame":[759.517,255.09,53.887,0.99,0,0.143,0,1,0,-0.143,0,0.99],"_humanoidState":5,"_cameraCFrame":[760.92,271.152,59.149,0.998,0.063,-0.022,0,0.334,0.943,0.066,-0.941,0.333],"_shiftlockState":true,"_pose":"FreeFall","_animationQueue":[],"_animationSpeed":1,"_zoom":15.448},{"_mousePosition":[683,384],"_rootPartCFrame":[759.25,255.571,53.882,0.998,0,0.067,0,1,0,-0.067,0,0.998],"_humanoidState":5,"_cameraCFrame":[760.395,271.604,59.286,0.994,0.107,-0.038,0,0.339,0.941,0.113,-0.935,0.337],"_shiftlockState":true,"_pose":"FreeFall","_animationQueue":[],"_animationSpeed":1,"_zoom":15.448},{"_mousePosition":[683,384],"_rootPartCFrame":[758.984,255.998,53.867,1,0,0.02,0,1,0,-0.02,0,1],"_humanoidState":5,"_cameraCFrame":[759.907,271.975,59.459,0.989,0.14,-0.052,0,0.349,