[{"_mousePosition":[647,356],"_rootPartCFrame":[776.034,222.7,47.142,-0.001,0,1,0,1,0,-1,0,-0.001],"_humanoidState":8,"_cameraCFrame":[787.832,235.186,47.503,0.031,-0.681,0.732,0,0.732,0.681,-1,-0.021,0.022],"_shiftlockState":false,"_pose":"Standing","_animationQueue":[],"_animationSpeed":1,"_zoom":16.125},{"_mousePosition":[647,356],"_rootPartCFrame":[775.787,222.7,47.135,0.003,0,1,0,1,0,-1,0,0.003],"_humanoidState":8,"_cameraCFrame":[787.498,235.278,47.523,0.033,-0.687,0.726,0,0.727,0.687,-0.999,-0.023,0.024],"_shiftlockState":false,"_pose":"Standing","_animationQueue":[],"_animationSpeed":1,"_zoom":16.125},{"_mousePosition":[647,356],"_rootPartCFrame":[775.522,222.7,47.127,0.006,0,1,0,1,0,-1,0,0.006],"_humanoidState":8,"_cameraCFrame":[787.145,235.369,47.541,0.036,-0.692,0.721,0,0.721,0.693,-0.999,-0.025,0.026],"_shiftlockState":false,"_pose":"Running","_animationQueue":[["walk",0.1]],"_animationSpeed":1.066,"_zoom":16.125},{"_mousePosition":[647,356],"_rootPartCFrame":[775.255,222.7,47.119,0.01,0,1,0,1,0,-1,0,0.01],"_humanoidState":8,"_cameraCFrame":[786.79,235.459,47.559,0.038,-0.698,0.715,0,0.716,0.698,-0.999,-0.027,0.027],"_shiftlockState":false,"_pose":"Running","_animationQueue":[["walk",0.1]],"_animationSpeed":1.066,"_zoom":16.125},{"_mousePosition":[647,356],"_rootPartCFrame":[774.989,222.7,47.109,0.013,0,1,0,1,0,-1,0,0.013],"_humanoidState":8,"_cameraCFrame":[786.413,235.571,47.545,0.038,-0.705,0.708,0,0.709,0.705,-0.999,-0.027,0.027],"_shiftlockState":false,"_pose":"Running","_animationQueue":[],"_animationSpeed":1.066,"_zoom":16.125},{"_mousePosition":[647,356],"_rootPartCFrame":[774.722,222.7,47.099,0.017,0,1,0,1,0,-1,0,0.017],"_humanoidState":8,"_cameraCFrame":[786.035,235.682,47.531,0.038,-0.712,0.702,0,0.702,0.712,-0.999,-0.027,0.027],"_shiftlockState":false,"_pose":"Running","_animationQueue":[],"_animationSpeed":1.066,"_zoom":16.125},{"_mousePosition":[647,356],"_rootPartCFrame":[774.456,222.7,47.089,0.02,0,1,0,1,0,-1,0,0.02],"_humanoidState":8,"_cameraCFrame":[785.634,235.813,47.515,0.038,-0.72,0.693,0,0.694,0.72,-0.999,-0.027,0.026],"_shiftlockState":false,"_pose":"Running","_animationQueue":[],"_animationSpeed":1.066,"_zoom":16.125},{"_mousePosition":[647,356],"_rootPartCFrame":[774.189,222.7,47.079,0.022,0,1,0,1,0,-1,0,0.022],"_humanoidState":8,"_cameraCFrame":[785.277,235.9,47.502,0.038,-0.725,0.688,0,0.688,0.726,-0.999,-0.028,0.026],"_shiftlockState":false,"_pose":"Running","_animationQueue":[],"_animationSpeed":1.066,"_zoom":16.125},{"_mousePosition":[647,356],"_rootPartCFrame":[773.923,222.7,47.069,0.024,0,1,0,1,0,-1,0,0.024],"_humanoidState":8,"_cameraCFrame":[784.919,235.986,47.488,0.038,-0.73,0.682,0,0.682,0.731,-0.999,-0.028,0.026],"_shiftlockState":false,"_pose":"Running","_animationQueue":[],"_animationSpeed":1.066,"_zoom":16.125},{"_mousePosition":[647,356],"_rootPartCFrame":[773.656,222.7,47.058,0.026,0,1,0,1,0,-1,0,0.026],"_humanoidState":8,"_cameraCFrame":[784.583,236.051,47.475,0.038,-0.734,0.678,0,0.678,0.735,-0.999,-0.028,0.026],"_shiftlockState":false,"_pose":"Running","_animationQueue":[],"_animationSpeed":1.066,"_zoom":16.125},{"_mousePosition":[647,356],"_rootPartCFrame":[773.39,222.7,47.048,0.028,0,1,0,1,0,-1,0,0.028],"_humanoidState":8,"_cameraCFrame":[784.224,236.135,47.462,0.038,-0.74,0.672,0,0.672,0.74,-0.999,-0.028,0.026],"_shiftlockState":false,"_pose":"Running","_animationQueue":[["walk",0.1]],"_animationSpeed":1.066,"_zoom":16.125},{"_mousePosition":[647,356],"_rootPartCFrame":[773.123,222.7,47.038,0.029,0,1,0,1,0,-1,0,0.029],"_humanoidState":8,"_cameraCFrame":[783.888,236.199,47.449,0.038,-0.744,0.668,0,0.668,0.744,-0.999,-0.028,0.025],"_shiftlockState":false,"_pose":"Running","_animationQueue":[],"_animationSpeed":1.066,"_zoom":16.125},{"_mousePosition":[647,356],"_rootPartCFrame":[772.857,222.7,47.028,0.03,0,1,0,1,0,-1,0,0.03],"_humanoidState":8,"_cameraCFrame":[783.574,236.24,47.437,0.038,-0.746,0.665,0,0.665,0.747,-0.999,-0.028,0.025],"_shiftlockState":false,"_pose":"Running","_animationQueue":[],"_animationSpeed":1.066,"_zoom":16.125},{"_mousePosition":[647,356],"_rootPartCFrame":[772.59,222.7,47.018,0.031,0,1,0,1,0,-1,0,0.031],"_humanoidState":8,"_cameraCFrame":[783.261,236.282,47.425,0.038,-0.749,0.662,0,0.662,0.749,-0.999,-0.029,0.025],"_shiftlockState":false,"_pose":"Running","_animationQueue":[],"_animationSpeed":1.066,"_zoom":16.125},{"_mousePosition":[647,356],"_rootPartCFrame":[772.324,222.7,47.008,0.032,0,0.999,0,1,0,-0.999,0,0.032],"_humanoidState":8,"_cameraCFrame":[782.972,236.303,47.387,0.036,-0.75,0.66,0,0.661,0.751,-0.999,-0.027,0.024],"_shiftlockState":false,"_pose":"Running","_animationQueue":[],"_animationSpeed":1.066,"_zoom":16.125},{"_mousePosition":[647,356],"_rootPartCFrame":[772.057,222.7,46.997,0.033,0,0.999,0,1,0,-0.999,0,0.033],"_humanoidState":8,"_cameraCFrame":[782.705,236.303,47.377,0.036,-0.75,0.66,0,0.661,0.751,-0.999,-0.027,0.024],"_shiftlockState":false,"_pose":"Running","_animationQueue":[],"_animationSpeed":1.066,"_zoom":16.125},{"_mousePosition":[647,356],"_rootPartCFrame":[771.791,222.7,46.988,0.034,0,0.999,0,1,0,-0.999,0,0.034],"_humanoidState":8,"_cameraCFrame":[782.415,236.324,47.366,0.036,-0.751,0.659,0,0.659,0.752,-0.999,-0.027,0.023],"_shiftlockState":false,"_pose":"Running","_animationQueue":[],"_animationSpeed":1.066,"_zoom":16.125},{"_mousePosition":[647,356],"_rootPartCFrame":[771.524,222.7,46.978,0.034,0,0.999,0,1,0,-0.999,0,0.034],"_humanoidState":8,"_cameraCFrame":[782.125,236.344,47.356,0.036,-0.753,0.657,0,0.658,0.753,-0.999,-0.027,0.023],"_shiftlockState":false,"_pose":"Running","_animationQueue":[["walk",0.1]],"_animationSpeed":1.066,"_zoom":16.125},{"_mousePosition":[647,356],"_rootPartCFrame":[771.258,222.7,46.969,0.034,0,0.999,0,1,0,-0.999,0,0.034],"_humanoidState":8,"_cameraCFrame":[781.812,236.386,47.318,0.033,-0.755,0.655,0,0.655,0.756,-0.999,-0.025,0.022],"_shiftlockState":false,"_pose":"Running","_animationQueue":[],"_animationSpeed":1.066,"_zoom":16.125},{"_mousePosition":[647,356],"_rootPartCFrame":[770.991,222.7,46.959,0.034,0,0.999,0,1,0,-0.999,0,0.034],"_humanoidState":8,"_cameraCFrame":[781.58,236.406,45.559,0.033,-0.757,0.653,0,0.653,0.757,-0.999,-0.025,0.022],"_shiftlockState":true,"_pose":"Running","_animationQueue":[],"_animationSpeed":1.066,"_zoom":16.125},{"_mousePosition":[683,384],"_rootPartCFrame":[770.725,222.7,46.95,0.033,0,0.999,0,1,0,-0.999,0,0.033],"_humanoidState":8,"_cameraCFrame":[781.313,236.406,45.55,0.033,-0.757,0.653,0,0.653,0.757,-0.999,-0.025,0.022],"_shiftlockState":true,"_pose":"Running","_animationQueue":[],"_animationSpeed":1.066,"_zoom":16.125},{"_mousePosition":[683,384],"_rootPartCFrame":[770.458,223.563,46.942,0.033,0,0.999,0,1,0,-0.999,0,0.033],"_humanoidState":3,"_cameraCFrame":[781.047,237.269,45.541,0.033,-0.757,0.653,0,0.653,0.757,-0.999,-0.025,0.022],"_shiftlockState":true,"_pose":"Jumping","_animationQueue":[["walk",0.1],["jump",0.1]],"_animationSpeed":1,"_zoom":16.125},{"_mousePosition":[683,384],"_rootPartCFrame":[770.192,224.371,46.933,0.033,0,0.999,0,1,0,-0.999,0,0.033],"_humanoidState":5,"_cameraCFrame":[780.78,238.077,45.532,0.033,-0.757,0.653,0,0.653,0.757,-0.999,-0.025,0.022],"_shiftlockState":true,"_pose":"FreeFall","_animationQueue":[["jump",0.1]],"_animationSpeed":1,"_zoom":16.125},{"_mousePosition":[683,384],"_rootPartCFrame":[769.925,225.125,46.924,0.033,0,0.999,0,1,0,-0.999,0,0.033],"_humanoidState":5,"_cameraCFrame":[780.513,238.831,45.523,0.033,-0.757,0.653,0,0.653,0.757,-0.999,-0.025,0.022],"_shiftlockState":true,"_pose":"FreeFall","_animationQueue":[],"_animationSpeed":1,"_zoom":16.125},{"_mousePosition":[683,384],"_rootPartCFrame":[769.658,225.824,46.915,0.033,0,0.999,0,1,0,-0.999,0,0.033],"_humanoidState":5,"_cameraCFrame":[780.247,239.531,45.515,0.033,-0.757,0.653,0,0.653,0.757,-0.999,-0.025,0.022],"_shiftlockState":true,"_pose":"FreeFall","_animationQueue":[],"_animationSpeed":1,"_zoom":16.125},{"_mousePosition":[683,384],"_rootPartCFrame":[769.392,226.469,46.906,0.033,0,0.999,0,1,0,-0.999,0,0.033],"_humanoidState":5,"_cameraCFrame":[779.98,240.176,45.506,0.033,-0.757,0.653,0,0.653,0.757,-0.999,-0.025,0.022],"_shiftlockState":true,"_pose":"FreeFall","_animationQueue":[],"_animationSpeed":1,"_zoom":16.125},{"_mousePosition":[683,384],"_rootPartCFrame":[769.125,227.06,46.897,0.033,0,0.999,0,1,0,-0.999,0,0.033],"_humanoidState":5,"_cameraCFrame":[779.714,240.766,45.497,0.033,-0.757,0.653,0,0.653,0.757,-0.999,-0.025,0.022],"_shiftlockState":true,"_pose":"FreeFall","_animationQueue":[],"_animationSpeed":1,"_zoom":16.125},{"_mousePosition":[683,384],"_rootPartCFrame":[768.859,227.595,46.889,0.033,0,0.999,0,1,0,-0.999,0,0.033],"_humanoidState":5,"_cameraCFrame":[779.447,241.302,45.488,0.033,-0.757,0.653,0,0.653,0.757,-0.999,-0.025,0.022],"_shiftlockState":true,"_pose":"FreeFall","_animationQueue":[],"_animationSpeed":1,"_zoom":16.125},{"_mousePosition":[683,384],"_rootPartCFrame":[768.592,228.077,46.88,0.033,0,0.999,0,1,0,-0.999,0,0.033],"_humanoidState":5,"_cameraCFrame":[779.18,241.783,45.479,0.033,-0.757,0.653,0,0.653,0.757,-0.999,-0.025,0.022],"_shiftlockState":true,"_pose":"FreeFall","_animationQueue":[],"_animationSpeed":1,"_zoom":16.125},{"_mousePosition":[683,384],"_rootPartCFrame":[768.325,228.504,46.871,0.033,0,0.999,0,1,0,-0.999,0,0.033],"_humanoidState":5,"_cameraCFrame":[778.883,242.231,45.416,0.028,-0.758,0.652,0,0.652,0.758,-1,-0.021,0.018],"_shiftlockState":true,"_pose":"FreeFall","_animationQueue":[],"_animationSpeed":1,"_zoom":16.125},{"_mousePosition":[683,384],"_rootPartCFrame":[768.059,228.876,46.862,0.028,0,1,0,1,0,-1,0,0.028],"_humanoidState":5,"_cameraCFrame":[778.616,242.603,45.407,0.028,-0.758,0.652,0,0.652,0.758,-1,-0.021,0.018],"_shiftlockState":true,"_pose":"FreeFall","_animationQueue":[],"_animationSpeed":1,"_zoom":16.125},{"_mousePosition":[683,384],"_rootPartCFrame":[767.792,229.194,46.855,0.028,0,1,0,1,0,-1,0,0.028],"_humanoidState":5,"_cameraCFrame":[778.346,242.921,45.373,0.025,-0.758,0.652,0,0.652,0.758,-1,-0.019,0.017],"_shiftlockState":true,"_pose":"FreeFall","_animationQueue":[],"_animationSpeed":1,"_zoom":16.125},{"_mousePosition":[683,384],"_rootPartCFrame":[767.526,229.457,46.847,0.026,0,1,0,1,0,-1,0,0.026],"_humanoidState":5,"_cameraCFrame":[778.079,243.184,45.366,0.025,-0.758,0.652,0,0.652,0.758,-1,-0.019,0.017],"_shiftlockState":true,"_pose":"FreeFall","_animationQueue":[],"_animationSpeed":1,"_zoom":16.125},{"_mousePosition":[683,384],"_rootPartCFrame":[767.259,229.666,46.84,0.026,0,1,0,1,0,-1,0,0.026],"_humanoidState":5,"_cameraCFrame":[777.813,243.393,45.359,0.025,-0.758,0.652,0,0.652,0.758,-1,-0.019,0.017],"_shiftlockState":true,"_pose":"FreeFall","_animationQueue":[],"_animationSpeed":1,"_zoom":16.125},{"_mousePosition":[683,384],"_rootPartCFrame":[766.992,229.821,46.833,0.025,0,1,0,1,0,-1,0,0.025],"_humanoidState":5,"_cameraCFrame":[777.546,243.548,45.352,0.025,-0.758,0.652,0,0.652,0.758,-1,-0.019,0.017],"_shiftlockState":true,"_pose":"FreeFall","_animationQueue":[],"_animationSpeed":1,"_zoom":16.125},{"_mousePosition":[683,384],"_rootPartCFrame":[766.726,229.921,46.827,0.025,0,1,0,1,0,-1,0,0.025],"_humanoidState":5,"_cameraCFrame":[777.28,243.648,45.345,0.025,-0.758,0.652,0,0.652,0.758,-1,-0.019,0.017],"_shiftlockState":true,"_pose":"FreeFall","_animationQueue":[],"_animationSpeed":1,"_zoom":16.125},{"_mousePosition":[683,384],"_rootPartCFrame":[766.459,229.966,46.82,0.025,0,1,0,1,0,-1,0,0.025],"_humanoidState":5,"_cameraCFrame":[776.985,243.713,45.311,0.023,-0.759,0.65,0,0.65,0.76,-1,-0.017,0.015],"_shiftlockState":true,"_pose":"FreeFall","_animationQueue":[],"_animationSpeed":1,"_zoom":16.125},{"_mousePosition":[683,384],"_rootPartCFrame":[766.193,229.957,46.813,0.023,0,1,0,1,0,-1,0,0.023],"_humanoidState":5,"_cameraCFrame":[776.719,243.704,45.304,0.023,-0.759,0.65,0,0.65,0.76,-1,-0.017,0.015],"_shiftlockState":true,"_pose":"FreeFall","_animationQueue":[["fall",0.3]],"_animationSpeed":1,"_zoom":16.125},{"_mousePosition":[683,384],"_rootPartCFrame":[765.926,229.893,46.807,0.023,0,1,0,1,0,-1,0,0.023],"_humanoidState":5,"_cameraCFrame":[776.448,243.641,45.271,0.02,-0.759,0.65,0,0.65,0.76,-1,-0.016,0.013],"_shiftlockState":true,"_pose":"FreeFall","_animationQueue":[],"_animationSpeed":1,"_zoom":16.125},{"_mousePosition":[683,384],"_rootPartCFrame":[765.659,229.775,46.801,0.021,0,1,0,1,0,-1,0,0.021],"_humanoidState":5,"_cameraCFrame":[776.178,243.523,45.239,0.018,-0.759,0.65,0,0.65,0.76,-1,-0.014,0.012],"_shiftlockState":true,"_pose":"FreeFall","_animationQueue":[],"_animationSpeed":1,"_zoom":16.125},{"_mousePosition":[683,384],"_rootPartCFrame":[765.393,229.603,46.795,0.018,0,1,0,1,0,-1,0,0.018],"_humanoidState":5,"_cameraCFrame":[775.879,243.37,45.18,0.013,-0.761,0.649,0,0.649,0.761,-1,-0.01,0.008],"_shiftlockState":true,"_pose":"FreeFall","_animationQueue":[],"_animationSpeed":1,"_zoom":16.125},{"_mousePosition":[683,384],"_rootPartCFrame":[765.126,229.375,46.79,0.013,0,1,0,1,0,-1,0,0.013],"_humanoidState":5,"_cameraCFrame":[775.604,243.143,45.122,0.008,-0.761,0.649,0,0.649,0.761,-1,-0.006,0.005],"_shiftlockState":true,"_pose":"FreeFall","_animationQueue":[],"_animationSpeed":1,"_zoom":16.125},{"_mousePosition":[683,384],"_rootPartCFrame":[764.86,229.094,46.787,0.008,0,1,0,1,0,-1,0,0.008],"_humanoidState":5,"_cameraCFrame":[775.301,242.882,45.038,0,-0.762,0.648,0,0.648,0.762,-1,0,0],"_shiftlockState":true,"_pose":"FreeFall","_animationQueue":[],"_animationSpeed":1,"_zoom":16.125},{"_mousePosition":[683,384],"_rootPartCFrame":[764.593,228.758,46.784,0.001,0,1,0,1,0,-1,0,0.001],"_humanoidState":5,"_cameraCFrame":[775.021,242.546,44.957,-0.007,-0.762,0.647,0,0.648,0.762,-1,0.006,-0.005],"_shiftlockState":true,"_pose":"FreeFall","_animationQueue":[["fall",0.3]],"_animationSpeed":1,"_zoom":16.125},{"_mousePosition":[683,384],"_rootPartCFrame":[764.326,228.367,46.784,-0.006,0,1,0,1,0,-1,0,-0.006],"_humanoidState":5,"_cameraCFrame":[774.745,242.155,44.904,-0.012,-0.762,0.647,0,0.648,0.762,-1,0.01,-0.008],"_shiftlockState":true,"_pose":"FreeFall","_animationQueue":[],"_animationSpeed":1,"_zoom":16.125},{"_mousePosition":[683,384],"_rootPartCFrame":[764.06,227.922,46.786,-0.012,0,1,0,1,0,-1,0,-0.012],"_humanoidState":5,"_cameraCFrame":[774.473,241.71,44.879,-0.015,-0.762,0.647,0,0.648,0.762,-1,0.011,-0.01],"_shiftlockState":true,"_pose":"FreeFall","_animationQueue":[],"_animationSpeed":1,"_zoom":16.125},{"_mousePosition":[683,384],"_rootPartCFrame":[763.793,227.422,46.789,-0.015,0,1,0,1,0,-1,0,-0.015],"_humanoidState":5,"_cameraCFrame":[774.202,241.211,44.856,-0.018,-0.762,0.647,0,0.648,0.762,-1,0.013,-0.011],"_shiftlockState":true,"_pose":"FreeFall","_animationQueue":[],"_animationSpeed":1,"_zoom":16.125},{"_mousePosition":[683,384],"_rootPartCFrame":[763.527,226.868,46.793,-0.017,0,1,0,1,0,-1,0,-0.017],"_humanoidState":5,"_cameraCFrame":[773.935,240.657,44.86,-0.018,-0.762,0.647,0,0.648,0.762,-1,0.013,-0.011],"_shiftlockState":true,"_pose":"FreeFall","_animationQueue":[],"_animationSpeed":1,"_zoom":16.125},{"_mousePosition":[683,384],"_rootPartCFrame":[763.26,226.26,46.797,-0.017,0,1,0,1,0,-1,0,-0.017],"_humanoidState":5,"_cameraCFrame":[773.669,240.048,44.864,-0.018,-0.762,0.647,0,0.648,0.762,-1,0.013,-0.011],"_shiftlockState":true,"_pose":"FreeFall","_animationQueue":[],"_animationSpeed":1,"_zoom":16.125},{"_mousePosition":[683,384],"_rootPartCFrame":[762.993,225.597,46.802,-0.018,0,1,0,1,0,-1,0,-0.018],"_humanoidState":5,"_cameraCFrame":[773.402,239.385,44.869,-0.018,-0.762,0.647,0,0.648,0.762,-1,0.013,-0.011],"_shiftlockState":true,"_pose":"FreeFall","_animationQueue":[],"_animationSpeed":1,"_zoom":16.125},{"_mousePosition":[683,384],"_rootPartCFrame":[762.727,224.879,46.807,-0.018,0,1,0,1,0,-1,0,-0.018],"_humanoidState":5,"_cameraCFrame":[773.135,238.667,44.874,-0.018,-0.762,0.647,0,0.648,0.762,-1,0.013,-0.011],"_shiftlockState":true,"_pose":"FreeFall","_animationQueue":[["fall",0.3]],"_animationSpeed":1,"_zoom":16.125},{"_mousePosition":[683,384],"_rootPartCFrame":[762.46,224.107,46.811,-0.018,0,1,0,1,0,-1,0,-0.018],"_humanoidState":5,"_cameraCFrame":[772.869,237.895,44.878,-0.018,-0.762,0.647,0,0.648,0.762,-1,0.013,-0.011],"_shiftlockState":true,"_pose":"FreeFall","_animationQueue":[],"_animationSpeed":1,"_zoom":16.125},{"_mousePosition":[683,384],"_rootPartCFrame":[762.194,223.28,46.816,-0.018,0,1,0,1,0,-1,0,-0.018],"_humanoidState":5,"_cameraCFrame":[772.602,237.069,44.883,-0.018,-0.762,0.647,0,0.648,0.762,-1,0.013,-0.011],"_shiftlockState":true,"_pose":"FreeFall","_animationQueue":[],"_animationSpeed":1,"_zoom":16.125},{"_mousePosition":[683,384],"_rootPartCFrame":[761.927,222.399,46.821,-0.018,0,1,0,1,0,-1,0,-0.018],"_humanoidState":7,"_cameraCFrame":[772.336,236.188,44.888,-0.018,-0.762,0.647,0,0.648,0.762,-1,0.013,-0.011],"_shiftlockState":true,"_pose":"FreeFall","_animationQueue":[["walk",0.1],["fall",0.3],["fall",0.3]],"_animationSpeed":1,"_zoom":16.125},{"_mousePosition":[683,384],"_rootPartCFrame":[761.66,222.243,46.825,-0.018,0,1,0,1,0,-1,0,-0.018],"_humanoidState":7,"_cameraCFrame":[772.069,236.031,44.892,-0.018,-0.762,0.647,0,0.648,0.762,-1,0.013,-0.011],"_shiftlockState":true,"_pose":"FreeFall","_animationQueue":[],"_animationSpeed":1,"_zoom":16.125},{"_mousePosition":[683,384],"_rootPartCFrame":[761.327,222.384,46.831,-0.018,0,1,0,1,0,-1,0,-0.018],"_humanoidState":8,"_cameraCFrame":[771.736,236.172,44.898,-0.018,-0.762,0.647,0,0.648,0.762,-1,0.013,-0.011],"_shiftlockState":true,"_pose":"Running","_animationQueue":[["walk",0.1],["fall",0.3],["walk",0.1]],"_animationSpeed":1.103,"_zoom":16.125},{"_mousePosition":[683,384],"_rootPartCFrame":[761.06,223.257,46.836,-0.018,0,1,0,1,0,-1,0,-0.018],"_humanoidState":3,"_cameraCFrame":[771.493,237.025,44.903,-0.018,-0.761,0.649,0,0.649,0.761,-1,0.013,-0.011],"_shiftlockState":true,"_pose":"Jumping","_animationQueue":[["walk",0.1],["jump",0.1]],"_animationSpeed":1,"_zoom":16.125},{"_mousePosition":[683,384],"_rootPartCFrame":[760.794,224.079,46.84,-0.018,0,1,0,1,0,-1,0,-0.018],"_humanoidState":5,"_cameraCFrame":[771.284,237.806,44.959,-0.012,-0.758,0.652,0,0.652,0.758,-1,0.009,-0.008],"_shiftlockState":true,"_pose":"FreeFall","_animationQueue":[["jump",0.1]],"_animationSpeed":1,"_zoom":16.125},{"_mousePosition":[683,384],"_rootPartCFrame":[760.527,224.846,46.845,-0.013,0,1,0,1,0,-1,0,-0.013],"_humanoidState":5,"_cameraCFrame":[771.046,238.553,44.99,-0.01,-0.757,0.653,0,0.653,0.757,-1,0.008,-0.006],"_shiftlockState":true,"_pose":"FreeFall","_animationQueue":[],"_animationSpeed":1,"_zoom":16.125},{"_mousePosition":[683,384],"_rootPartCFrame":[760.261,225.559,46.849,-0.01,0,1,0,1,0,-1,0,-0.01],"_humanoidState":5,"_cameraCFrame":[770.808,239.245,45.02,-0.007,-0.756,0.655,0,0.655,0.756,-1,0.006,-0.005],"_shiftlockState":true,"_pose":"FreeFall","_animationQueue":[],"_animationSpeed":1,"_zoom":16.125},{"_mousePosition":[683,384],"_rootPartCFrame":[759.994,226.218,46.851,-0.008,0,1,0,1,0,-1,0,-0.008],"_humanoidState":5,"_cameraCFrame":[770.565,239.883,45.023,-0.007,-0.754,0.656,0,0.656,0.754,-1,0.006,-0.005],"_shiftlockState":true,"_pose":"FreeFall","_animationQueue":[],"_animationSpeed":1,"_zoom":16.125},{"_mousePosition":[683,384],"_rootPartCFrame":[759.727,226.822,46.853,-0.008,0,1,0,1,0,-1,0,-0.008],"_humanoidState":5,"_cameraCFrame":[770.298,240.487,45.025,-0.007,-0.754,0.656,0,0.656,0.754,-1,0.006,-0.005],"_shiftlockState":true,"_pose":"FreeFall","_animationQueue":[],"_animationSpeed":1,"_zoom":16.125},{"_mousePosition":[683,384],"_rootPartCFrame":[759.461,227.372,46.855,-0.007,0,1,0,1,0,-1,0,-0.007],"_humanoidState":5,"_cameraCFrame":[770.032,241.037,45.027,-0.007,-0.754,0.656,0,0.656,0.754,-1,0.006,-0.005],"_shiftlockState":true,"_pose":"FreeFall","_animationQueue":[],"_animationSpeed":1,"_zoom":16.125},{"_mousePosition":[683,384],"_rootPartCFrame":[759.194,227.867,46.857,-0.007,0,1,0,1,0,-1,0,-0.007],"_humanoidState":5,"_cameraCFrame":[769.765,241.532,45.029,-0.007,-0.754,0.656,0,0.656,0.754,-1,0.006,-0.005],"_shiftlockState":true,"_pose":"FreeFall","_animationQueue":[],"_animationSpeed":1,"_zoom":16.125},{"_mousePosition":[683,384],"_rootPartCFrame":[758.928,228.307,46.859,-0.007,0,1,0,1,0,-1,0,-0.007],"_humanoidState":5,"_cameraCFrame":[769.498,241.972,45.031,-0.007,-0.754,0.656,0,0.656,0.754,-1,0.006,-0.005],"_shiftlockState":true,"_pose":"FreeFall","_animationQueue":[],"_animationSpeed":1,"_zoom":16.125},{"_mousePosition":[683,384],"_rootPartCFrame":[758.661,228.693,46.861,-0.007,0,1,0,1,0,-1,0,-0.007],"_humanoidState":5,"_cameraCFrame":[769.232,242.359,45.033,-0.007,-0.754,0.656,0,0.656,0.754,-1,0.006,-0.005],"_shiftlockState":true,"_pose":"FreeFall","_animationQueue":[],"_animationSpeed":1,"_zoom":16.125},{"_mousePosition":[683,384],"_rootPartCFrame":[758.394,229.025,46.863,-0.007,0,1,0,1,0,-1,0,-0.007],"_humanoidState":5,"_cameraCFrame":[768.965,242.69,45.035,-0.007,-0.754,0.656,0,0.656,0.754,-1,0.006,-0.005],"_shiftlockState":true,"_pose":"FreeFall","_animationQueue":[],"_animationSpeed":1,"_zoom":16.125},{"_mousePosition":[683,384],"_rootPartCFrame":[758.153,229.23,46.865,-0.007,0,1,0,1,0,-1,0,-0.007],"_humanoidState":12,"_cameraCFrame":[768.723,242.895,45.037,-0.007,-0.754,0.656,0,0.656,0.754,-1,0.006,-0.005],"_shiftlockState":true,"_pose":"Climbing","_animationQueue":[["walk",0.1],["climb",0.1]],"_animationSpeed":1.555,"_zoom":16.125},{"_mousePosition":[683,384],"_rootPartCFrame":[758.064,229.395,46.87,0.021,0,1,-0.003,1,0,-1,-0.003,0.021],"_humanoidState":12,"_cameraCFrame":[768.635,243.06,45.036,-0.007,-0.754,0.656,0,0.656,0.754,-1,0.006,-0.005],"_shiftlockState":true,"_pose":"Climbing","_animationQueue":[["climb",0.1]],"_animationSpeed":0.946,"_zoom":16.125},{"_mousePosition":[683,384],"_rootPartCFrame":[758.105,229.575,46.881,-0.021,0,1,0,1,0,-1,0,-0.021],"_humanoidState":12,"_cameraCFrame":[768.676,243.24,45.053,-0.007,-0.754,0.656,0,0.656,0.754,-1,0.006,-0.005],"_shiftlockState":true,"_pose":"Climbing","_animationQueue":[["climb",0.1]],"_animationSpeed":0.704,"_zoom":16.125},{"_mousePosition":[683,384],"_rootPartCFrame":[758.112,229.761,46.883,-0.009,0,1,0,1,0,-1,0,-0.009],"_humanoidState":12,"_cameraCFrame":[768.683,243.427,45.055,-0.007,-0.754,0.656,0,0.656,0.754,-1,0.006,-0.005],"_shiftlockState":true,"_pose":"Climbing","_animationQueue":[["climb",0.1]],"_animationSpeed":0.929,"_zoom":16.125},{"_mousePosition":[683,384],"_rootPartCFrame":[758.113,229.948,46.883,-0.008,0,1,0,1,0,-1,0,-0.008],"_humanoidState":12,"_cameraCFrame":[768.683,243.613,45.054,-0.007,-0.754,0.656,0,0.656,0.754,-1,0.006,-0.005],"_shiftlockState":true,"_pose":"Climbing","_animationQueue":[],"_animationSpeed":0.929,"_zoom":16.125},{"_mousePosition":[683,384],"_rootPartCFrame":[758.113,230.134,46.883,-0.007,0,1,0,1,0,-1,0,-0.007],"_humanoidState":12,"_cameraCFrame":[768.683,243.8,45.054,-0.007,-0.754,0.656,0,0.656,0.754,-1,0.006,-0.005],"_shiftlockState":true,"_pose":"Climbing","_animationQueue":[],"_animationSpeed":0.929,"_zoom":16.125},{"_mousePosition":[683,384],"_rootPartCFrame":[758.113,230.321,46.883,-0.007,0,1,0,1,0,-1,0,-0.007],"_humanoidState":12,"_cameraCFrame":[768.683,243.987,45.054,-0.007,-0.754,0.656,0,0.656,0.754,-1,0.006,-0.005],"_shiftlockState":true,"_pose":"Climbing","_animationQueue":[],"_animationSpeed":0.929,"_zoom":16.125},{"_mousePosition":[683,384],"_rootPartCFrame":[758.113,230.508,46.883,-0.007,0,1,0,1,0,-1,0,-0.007],"_humanoidState":12,"_cameraCFrame":[768.683,244.173,45.054,-0.007,-0.754,0.656,0,0.656,0.754,-1,0.006,-0.005],"_shiftlockState":true,"_pose":"Climbing","_animationQueue":[],"_animationSpeed":0.929,"_zoom":16.125},{"_mousePosition":[683,384],"_rootPartCFrame":[758.113,230.694,46.883,-0.007,0,1,0,1,0,-1,0,-0.007],"_humanoidState":12,"_cameraCFrame":[768.683,244.36,45.054,-0.007,-0.754,0.656,0,0.656,0.754,-1,0.006,-0.005],"_shiftlockState":true,"_pose":"Climbing","_animationQueue":[],"_animationSpeed":0.929,"_zoom":16.125},{"_mousePosition":[683,384],"_rootPartCFrame":[758.113,230.881,46.883,-0.007,0,1,0,1,0,-1,0,-0.007],"_humanoidState":12,"_cameraCFrame":[768.683,244.546,45.054,-0.007,-0.754,0.656,0,0.656,0.754,-1,0.006,-0.005],"_shiftlockState":true,"_pose":"Climbing","_animationQueue":[],"_animationSpeed":0.929,"_zoom":16.125},{"_mousePosition":[683,384],"_rootPartCFrame":[758.113,231.068,46.883,-0.007,0,1,0,1,0,-1,0,-0.007],"_humanoidState":12,"_cameraCFrame":[768.683,244.733,45.054,-0.007,-0.754,0.656,0,0.656,0.754,-1,0.006,-0.005],"_shiftlockState":true,"_pose":"Climbing","_animationQueue":[],"_animationSpeed":0.929,"_zoom":16.125},{"_mousePosition":[683,384],"_rootPartCFrame":[758.113,231.254,46.883,-0.007,0,1,0,1,0,-1,0,-0.007],"_humanoidState":12,"_cameraCFrame":[768.683,244.92,45.054,-0.007,-0.754,0.656,0,0.656,0.754,-1,0.006,-0.005],"_shiftlockState":true,"_pose":"Climbing","_animationQueue":[],"_animationSpeed":0.929,"_zoom":16.125},{"_mousePosition":[683,384],"_rootPartCFrame":[758.113,231.441,46.883,-0.007,0,1,0,1,0,-1,0,-0.007],"_humanoidState":12,"_cameraCFrame":[768.683,245.106,45.054,-0.007,-0.754,0.656,0,0.656,0.754,-1,0.006,-0.005],"_shiftlockState":true,"_pose":"Climbing","_animationQueue":[],"_animationSpeed":0.929,"_zoom":16.125},{"_mousePosition":[683,384],"_rootPartCFrame":[758.113,231.628,46.883,-0.007,0,1,0,1,0,-1,0,-0.007],"_humanoidState":12,"_cameraCFrame":[768.683,245.293,45.054,-0.007,-0.754,0.656,0,0.656,0.754,-1,0.006,-0.005],"_shiftlockState":true,"_pose":"Climbing","_animationQueue":[],"_animationSpeed":0.929,"_zoom":16.125},{"_mousePosition":[683,384],"_rootPartCFrame":[758.113,231.814,46.883,-0.007,0,1,0,1,0,-1,0,-0.007],"_humanoidState":12,"_cameraCFrame":[768.683,245.48,45.054,-0.007,-0.754,0.656,0,0.656,0.754,-1,0.006,-0.005],"_shiftlockState":true,"_pose":"Climbing","_animationQueue":[],"_animationSpeed":0.929,"_zoom":16.125},{"_mousePosition":[683,384],"_rootPartCFrame":[758.113,232.001,46.883,-0.007,0,1,0,1,0,-1,0,-0.007],"_humanoidState":12,"_cameraCFrame":[768.683,245.666,45.054,-0.007,-0.754,0.656,0,0.656,0.754,-1,0.006,-0.005],"_shiftlockState":true,"_pose":"Climbing","_animationQueue":[],"_animationSpeed":0.929,"_zoom":16.125},{"_mousePosition":[683,384],"_rootPartCFrame":[758.113,232.188,46.883,-0.007,0,1,0,1,0,-1,0,-0.007],"_humanoidState":12,"_cameraCFrame":[768.683,245.853,45.054,-0.007,-0.754,0.656,0,0.656,0.754,-1,0.006,-0.005],"_shiftlockState":true,"_pose":"Climbing","_animationQueue":[],"_animationSpeed":0.929,"_zoom":16.125},{"_mousePosition":[683,384],"_rootPartCFrame":[758.113,232.374,46.883,-0.007,0,1,0,1,0,-1,0,-0.007],"_humanoidState":12,"_cameraCFrame":[768.683,246.04,45.054,-0.007,-0.754,0.656,0,0.656,0.754,-1,0.006,-0.005],"_shiftlockState":true,"_pose":"Climbing","_animationQueue":[],"_animationSpeed":0.929,"_zoom":16.125},{"_mousePosition":[683,384],"_rootPartCFrame":[758.113,232.561,46.883,-0.007,0,1,0,1,0,-1,0,-0.007],"_humanoidState":12,"_cameraCFrame":[768.683,246.226,45.054,-0.007,-0.754,0.656,0,0.656,0.754,-1,0.006,-0.005],"_shiftlockState":true,"_pose":"Climbing","_animationQueue":[],"_animationSpeed":0.929,"_zoom":16.125},{"_mousePosition":[683,384],"_rootPartCFrame":[758.113,232.748,46.883,-0.007,0,1,0,1,0,-1,0,-0.007],"_humanoidState":12,"_cameraCFrame":[768.66,246.434,45.055,-0.007,-0.756,0.655,0,0.655,0.756,-1,0.006,-0.005],"_shiftlockState":true,"_pose":"Climbing","_animationQueue":[],"_animationSpeed":0.929,"_zoom":16.125},{"_mousePosition":[683,384],"_rootPartCFrame":[758.113,232.934,46.883,-0.007,0,1,0,1,0,-1,0,-0.007],"_humanoidState":12,"_cameraCFrame":[768.636,246.641,45.055,-0.007,-0.757,0.653,0,0.653,0.757,-1,0.006,-0.005],"_shiftlockState":true,"_pose":"Climbing","_animationQueue":[],"_animationSpeed":0.929,"_zoom":16.125},{"_mousePosition":[683,384],"_rootPartCFrame":[758.113,233.121,46.883,-0.007,0,1,0,1,0,-1,0,-0.007],"_humanoidState":12,"_cameraCFrame":[768.636,246.827,45.055,-0.007,-0.757,0.653,0,0.653,0.757,-1,0.006,-0.005],"_shiftlockState":true,"_pose":"Climbing","_animationQueue":[],"_animationSpeed":0.929,"_zoom":16.125},{"_mousePosition":[683,384],"_rootPartCFrame":[758.113,233.307,46.883,-0.007,0,1,0,1,0,-1,0,-0.007],"_humanoidState":12,"_cameraCFrame":[768.612,247.035,45.055,-0.007,-0.758,0.652,0,0.652,0.758,-1,0.006,-0.005],"_shiftlockState":true,"_pose":"Climbing","_animationQueue":[],"_animationSpeed":0.929,"_zoom":16.125},{"_mousePosition":[683,384],"_rootPartCFrame":[758.113,233.494,46.883,-0.007,0,1,0,1,0,-1,0,-0.007],"_humanoidState":12,"_cameraCFrame":[768.588,247.242,45.055,-0.007,-0.76,0.65,0,0.65,0.76,-1,0.006,-0.005],"_shiftlockState":true,"_pose":"Climbing","_animationQueue":[],"_animationSpeed":0.929,"_zoom":16.125},{"_mousePosition":[683,384],"_rootPartCFrame":[758.113,233.681,46.883,-0.007,0,1,0,1,0,-1,0,-0.007],"_humanoidState":12,"_cameraCFrame":[768.54,247.469,45.055,-0.007,-0.762,0.647,0,0.648,0.762,-1,0.006,-0.005],"_shiftlockState":true,"_pose":"Climbing","_animationQueue":[],"_animationSpeed":0.929,"_zoom":16.125},{"_mousePosition":[683,384],"_rootPartCFrame":[758.113,233.867,46.883,-0.007,0,1,0,1,0,-1,0,-0.007],"_humanoidState":12,"_cameraCFrame":[768.54,247.656,45.055,-0.007,-0.762,0.647,0,0.648,0.762,-1,0.006,-0.005],"_shiftlockState":true,"_pose":"Climbing","_animationQueue":[],"_animationSpeed":0.929,"_zoom":16.125},{"_mousePosition":[683,384],"_rootPartCFrame":[758.113,234.054,46.883,-0.007,0,1,0,1,0,-1,0,-0.007],"_humanoidState":12,"_cameraCFrame":[768.54,247.842,45.055,-0.007,-0.762,0.647,0,0.648,0.762,-1,0.006,-0.005],"_shiftlockState":true,"_pose":"Climbing","_animationQueue":[],"_animationSpeed":0.929,"_zoom":16.125},{"_mousePosition":[683,384],"_rootPartCFrame":[758.113,234.241,46.883,-0.007,0,1,0,1,0,-1,0,-0.007],"_humanoidState":12,"_cameraCFrame":[768.516,248.049,45.056,-0.007,-0.763,0.646,0,0.646,0.763,-1,0.006,-0.005],"_shiftlockState":true,"_pose":"Climbing","_animationQueue":[],"_animationSpeed":0.929,"_zoom":16.125},{"_mousePosition":[683,384],"_rootPartCFrame":[758.113,234.427,46.883,-0.007,0,1,0,1,0,-1,0,-0.007],"_humanoidState":12,"_cameraCFrame":[768.516,248.236,45.056,-0.007,-0.763,0.646,0,0.646,0.763,-1,0.006,-0.005],"_shiftlockState":true,"_pose":"Climbing","_animationQueue":[["climb",0]],"_animationSpeed":0.929,"_zoom":16.125},{"_mousePosition":[683,384],"_rootPartCFrame":[758.113,234.614,46.883,-0.007,0,1,0,1,0,-1,0,-0.007],"_humanoidState":12,"_cameraCFrame":[768.516,248.423,45.056,-0.007,-0.763,0.646,0,0.646,0.763,-1,0.006,-0.005],"_shiftlockState":true,"_pose":"Climbing","_animationQueue":[],"_animationSpeed":0.929,"_zoom":16.125},{"_mousePosition":[683,384],"_rootPartCFrame":[758.113,234.801,46.883,-0.007,0,1,0,1,0,-1,0,-0.007],"_humanoidState":12,"_cameraCFrame":[768.492,248.63,45.056,-0.007,-0.765,0.645,0,0.645,0.765,-1,0.006,-0.005],"_shiftlockState":true,"_pose":"Climbing","_animationQueue":[],"_animationSpeed":0.929,"_zoom":16.125},{"_mousePosition":[683,384],"_rootPartCFrame":[758.113,234.987,46.883,-0.007,0,1,0,1,0,-1,0,-0.007],"_humanoidState":12,"_cameraCFrame":[768.51,248.816,45.161,0.003,-0.765,0.645,0,0.645,0.765,-1,-0.002,0.002],"_shiftlockState":true,"_pose":"Climbing","_animationQueue":[],"_animationSpeed":0.929,"_zoom":16.125},{"_mousePosition":[683,384],"_rootPartCFrame":[758.113,235.174,46.883,0.003,0,1,0,1,0,-1,0,0.003],"_humanoidState":12,"_cameraCFrame":[768.606,249.003,45.901,0.074,-0.763,0.643,0,0.645,0.765,-0.997,-0.056,0.047],"_shiftlockState":true,"_pose":"Climbing","_animationQueue":[],"_animationSpeed":0.929,"_zoom":16.125},{"_mousePosition":[683,384],"_rootPartCFrame":[758.113,235.361,46.883,0.074,0,0.997,0,1,0,-0.997,0,0.074],"_humanoidState":12,"_cameraCFrame":[768.713,249.088,47.984,0.265,-0.731,0.629,0,0.652,0.758,-0.964,-0.201,0.173],"_shiftlockState":true,"_pose":"Climbing","_animationQueue":[],"_animationSpeed":0.929,"_zoom":16.125},{"_mousePosition":[683,384],"_rootPartCFrame":[758.263,235.547,46.883,0.258,0,0.966,0,1,0,-0.966,0,0.258],"_humanoidState":12,"_cameraCFrame":[766.681,249.025,53.864,0.753,-0.489,0.44,0,0.669,0.743,-0.658,-0.56,0.504],"_shiftlockState":true,"_pose":"Climbing","_animationQueue":[],"_animationSpeed":0.929,"_zoom":16.125},{"_mousePosition":[683,384],"_rootPartCFrame":[758.624,236.152,46.843,0.747,0.001,0.665,0.003,1,-0.004,-0.665,0.005,0.747],"_humanoidState":8,"_cameraCFrame":[765.238,249.567,55.647,0.885,-0.344,0.314,0,0.674,0.739,-0.466,-0.654,0.596],"_shiftlockState":true,"_pose":"Standing","_animationQueue":[["climb",0.1],["idle",0.1],["idle",0.1]],"_animationSpeed":1,"_zoom":16.125},{"_mousePosition":[683,384],"_rootPartCFrame":[758.663,236.609,46.78,0.889,0,0.458,0.001,1,-0.002,-0.458,0.003,0.889],"_humanoidState":8,"_cameraCFrame":[759.689,249.679,58.105,0.998,0.046,-0.045,0,0.697,0.718,0.064,-0.716,0.695],"_shiftlockState":true,"_pose":"Running","_animationQueue":[["walk",0.1]],"_animationSpeed":0.189,"_zoom":16.125},{"_mousePosition":[683,384],"_rootPartCFrame":[758.656,237.493,46.707,0.997,-0.001,-0.077,0.002,1,0.001,0.077,-0.002,0.997],"_humanoidState":3,"_cameraCFrame":[758.112,250.342,58.28,0.98,0.139,-0.14,0,0.71,0.704,0.197,-0.69,0.696],"_shiftlockState":true,"_pose":"Jumping","_animationQueue":[["walk",0.1],["walk",0.1],["jump",0.1]],"_animationSpeed":1,"_zoom":16.125},{"_mousePosition":[683,384],"_rootPartCFrame":[758.673,238.341,46.611,0.982,0.001,-0.188,0,1,0.002,0.188,-0.002,0.982],"_humanoidState":5,"_cameraCFrame":[758.32,250.919,58.451,0.984,0.122,-0.129,0,0.727,0.687,0.177,-0.676,0.715],"_shiftlockState":true,"_pose":"FreeFall","_animationQueue":[["jump",0.1]],"_animationSpeed":1,"_zoom":16.125},{"_mousePosition":[683,384],"_rootPartCFrame":[758.672,239.136,46.526,0.985,0,-0.173,0,1,0.001,0.173,-0.001,0.985],"_humanoidState":5,"_cameraCFrame":[760.229,251.437,58.525,1,0.011,-0.012,0,0.743,0.67,0.016,-0.67,0.742],"_shiftlockState":true,"_pose":"FreeFall","_animationQueue":[],"_animationSpeed":1,"_zoom":16.125},{"_mousePosition":[683,384],"_rootPartCFrame":[758.671,239.875,46.48,1,0,-0.016,0,1,0,0.016,0,1],"_humanoidState":5,"_cameraCFrame":[763.294,251.917,57.906,0.971,-0.157,0.181,0,0.757,0.654,-0.24,-0.635,0.735],"_shiftlockState":true,"_pose":"FreeFall","_animationQueue":[],"_animationSpeed":1,"_zoom":16.125},{"_mousePosition":[683,384],"_rootPartCFrame":[758.671,240.561,46.47,0.971,0,0.24,0,1,0,-0.24,0,0.971],"_humanoidState":5,"_cameraCFrame":[766.436,252.411,56.25,0.863,-0.325,0.388,0,0.767,0.642,-0.506,-0.554,0.661],"_shiftlockState":true,"_pose":"FreeFall","_animationQueue":[],"_animationSpeed":1,"_zoom":16.125},{"_mousePosition":[683,384],"_rootPartCFrame":[758.671,241.192,46.47,0.863,0,0.506,0,1,0,-0.506,0,0.863],"_humanoidState":5,"_cameraCFrame":[768.949,252.897,53.77,0.687,-0.46,0.563,0,0.774,0.633,-0.727,-0.435,0.532],"_shiftlockState":true,"_pose":"FreeFall","_animationQueue":[],"_animationSpeed":1,"_zoom":16.125},{"_mousePosition":[683,384],"_rootPartCFrame":[758.671,241.768,46.47,0.687,0,0.727,0,1,0,-0.727,0,0.687],"_humanoidState":5,"_cameraCFrame":[770.3,253.375,51.537,0.522,-0.535,0.665,0,0.779,0.627,-0.853,-0.327,0.407],"_shiftlockState":true,"_pose":"FreeFall","_animationQueue":[],"_animationSpeed":1,"_zoom":16.125},{"_mousePosition":[683,384],"_rootPartCFrame":[758.644,242.412,46.444,0.544,0,0.839,0,1,0,-0.839,0,0.544],"_humanoidState":5,"_cameraCFrame":[770.773,254.019,50.157,0.422,-0.568,0.706,0,0.779,0.627,-0.907,-0.264,0.329],"_shiftlockState":true,"_pose":"FreeFall","_animationQueue":[],"_animationSpeed":1,"_zoom":16.125},{"_mousePosition":[683,384],"_rootPartCFrame":[758.604,242.757,46.412,0.435,0,0.901,0,1,0,-0.901,0,0.435],"_humanoidState":5,"_cameraCFrame":[770.832,254.364,49.786,0.396,-0.575,0.715,0,0.779,0.627,-0.918,-0.248,0.309],"_shiftlockState":true,"_pose":"FreeFall","_animationQueue":[],"_animationSpeed":1,"_zoom":16.125},{"_mousePosition":[683,384],"_rootPartCFrame":[758.518,243.17,46.355,0.404,0,0.915,0,1,0,-0.915,0,0.404],"_humanoidState":5,"_cameraCFrame":[770.812,254.777,49.481,0.378,-0.58,0.721,0,0.779,0.627,-0.926,-0.237,0.294],"_shiftlockState":true,"_pose":"FreeFall","_animationQueue":[],"_animationSpeed":1,"_zoom":16.125},{"_mousePosition":[683,384],"_rootPartCFrame":[758.395,243.528,46.286,0.381,0,0.925,0,1,0,-0.925,0,0.381],"_humanoidState":5,"_cameraCFrame":[770.639,255.233,49.289,0.371,-0.588,0.719,0,0.774,0.633,-0.929,-0.235,0.287],"_shiftlockState":true,"_pose":"FreeFall","_animationQueue":[],"_animationSpeed":1,"_zoom":16.125},{"_mousePosition":[683,384],"_rootPartCFrame":[758.233,243.832,46.206,0.372,0,0.928,0,1,0,-0.928,0,0.372],"_humanoidState":5,"_cameraCFrame":[770.456,255.682,48.764,0.34,-0.604,0.721,0,0.767,0.642,-0.94,-0.218,0.261],"_shiftlockState":true,"_pose":"FreeFall","_animationQueue":[],"_animationSpeed":1,"_zoom":16.125},{"_mousePosition":[683,384],"_rootPartCFrame":[758.033,244.081,46.118,0.343,0,0.939,0,1,0,-0.939,0,0.343],"_humanoidState":5,"_cameraCFrame":[770.289,255.98,48.291,0.311,-0.613,0.726,0,0.764,0.645,-0.95,-0.201,0.238],"_shiftlockState":true,"_pose":"FreeFall","_animationQueue":[],"_animationSpeed":1,"_zoom":16.125},{"_mousePosition":[683,384],"_rootPartCFrame":[757.794,244.276,46.027,0.315,0,0.949,0,1,0,-0.949,0,0.315],"_humanoidState":5,"_cameraCFrame":[770.073,256.198,47.946,0.292,-0.618,0.73,0,0.763,0.646,-0.956,-0.189,0.223],"_shiftlockState":true,"_pose":"FreeFall","_animationQueue":[],"_animationSpeed":1,"_zoom":16.125},{"_mousePosition":[683,384],"_rootPartCFrame":[757.542,244.416,45.943,0.295,0,0.956,0,1,0,-0.956,0,0.295],"_humanoidState":5,"_cameraCFrame":[769.83,256.339,47.799,0.287,-0.619,0.731,0,0.763,0.646,-0.958,-0.186,0.219],"_shiftlockState":true,"_pose":"FreeFall","_animationQueue":[],"_animationSpeed":1,"_zoom":16.125},{"_mousePosition":[683,384],"_rootPartCFrame":[757.287,244.502,45.864,0.288,0,0.958,0,1,0,-0.958,0,0.288],"_humanoidState":5,"_cameraCFrame":[769.569,256.448,47.622,0.28,-0.622,0.731,0,0.762,0.648,-0.96,-0.181,0.213],"_shiftlockState":true,"_pose":"FreeFall","_animationQueue":[],"_animationSpeed":1,"_zoom":16.125},{"_mousePosition":[683,384],"_rootPartCFrame":[757.031,244.533,45.788,0.281,0,0.96,0,1,0,-0.96,0,0.281],"_humanoidState":5,"_cameraCFrame":[769.292,256.527,47.409,0.27,-0.627,0.731,0,0.759,0.651,-0.963,-0.176,0.205],"_shiftlockState":true,"_pose":"FreeFall","_animationQueue":[],"_animationSpeed":1,"_zoom":16.125},{"_mousePosition":[683,384],"_rootPartCFrame":[756.776,244.51,45.713,0.271,0,0.962,0,1,0,-0.962,0,0.271],"_humanoidState":5,"_cameraCFrame":[768.987,256.599,47.065,0.251,-0.636,0.73,0,0.754,0.657,-0.968,-0.165,0.189],"_shiftlockState":true,"_pose":"FreeFall","_animationQueue":[],"_animationSpeed":1,"_zoom":16.125},{"_mousePosition":[683,384],"_rootPartCFrame":[756.519,244.396,45.64,0.251,0,0.968,0,1,0,-0.968,0,0.251],"_humanoidState":7,"_cameraCFrame":[768.705,256.557,46.608,0.221,-0.645,0.732,0,0.75,0.661,-0.975,-0.146,0.166],"_shiftlockState":true,"_pose":"FreeFall","_animationQueue":[["walk",0.1]],"_animationSpeed":1.103,"_zoom":16.125},{"_mousePosition":[683,384],"_rootPartCFrame":[756.261,244.226,45.573,0.221,0,0.975,0,1,0,-0.975,0,0.221],"_humanoidState":7,"_cameraCFrame":[768.391,256.48,46.092,0.186,-0.655,0.732,0,0.745,0.667,-0.982,-0.124,0.139],"_shiftlockState":true,"_pose":"FreeFall","_animationQueue":[],"_animationSpeed":1.103,"_zoom":16.125},{"_mousePosition":[683,384],"_rootPartCFrame":[755.936,243.929,45.498,0.186,0,0.982,0,1,0,-0.982,0,0.186],"_humanoidState":8,"_cameraCFrame":[768.035,256.23,45.673,0.159,-0.661,0.733,0,0.743,0.67,-0.987,-0.106,0.118],"_shiftlockState":true,"_pose":"Running","_animationQueue":[["fall",0.3],["walk",0.1],["fall",0.3],["walk",0.1]],"_animationSpeed":1.103,"_zoom":16.125},{"_mousePosition":[683,384],"_rootPartCFrame":[755.674,243.636,45.447,0.159,0,0.987,0,1,0,-0.987,0,0.159],"_humanoidState":8,"_cameraCFrame":[767.732,255.984,45.341,0.136,-0.666,0.733,0,0.74,0.673,-0.991,-0.092,0.101],"_shiftlockState":true,"_pose":"Running","_animationQueue":[],"_animationSpeed":1.103,"_zoom":16.125},{"_mousePosition":[683,384],"_rootPartCFrame":[755.411,243.483,45.403,0.136,0,0.991,0,1,0,-0.991,0,0.13