[{"_mousePosition":[683,365],"_rootPartCFrame":[776.028,222.7,47.142,0,0,1,0,1,0,-1,0,0],"_humanoidState":8,"_cameraCFrame":[776.261,239.328,41.565,-0.999,-0.039,0.014,0,0.346,0.938,-0.042,0.937,-0.346],"_shiftlockState":false,"_pose":"Standing","_animationQueue":[],"_animationSpeed":1,"_zoom":16.125},{"_mousePosition":[683,365],"_rootPartCFrame":[775.781,222.7,47.132,0.006,0,1,0,1,0,-1,0,0.006],"_humanoidState":8,"_cameraCFrame":[776.014,239.328,41.555,-0.999,-0.039,0.014,0,0.346,0.938,-0.042,0.937,-0.346],"_shiftlockState":false,"_pose":"Standing","_animationQueue":[],"_animationSpeed":1,"_zoom":16.125},{"_mousePosition":[683,365],"_rootPartCFrame":[775.516,222.7,47.121,0.011,0,1,0,1,0,-1,0,0.011],"_humanoidState":8,"_cameraCFrame":[775.733,239.339,41.573,-0.999,-0.037,0.014,0,0.344,0.939,-0.039,0.938,-0.344],"_shiftlockState":false,"_pose":"Running","_animationQueue":[["walk",0.1]],"_animationSpeed":1.066,"_zoom":16.125},{"_mousePosition":[683,365],"_rootPartCFrame":[775.249,222.7,47.11,0.015,0,1,0,1,0,-1,0,0.015],"_humanoidState":8,"_cameraCFrame":[775.466,239.349,41.591,-0.999,-0.037,0.013,0,0.343,0.94,-0.039,0.939,-0.342],"_shiftlockState":false,"_pose":"Running","_animationQueue":[["walk",0.1]],"_animationSpeed":1.066,"_zoom":16.125},{"_mousePosition":[683,365],"_rootPartCFrame":[774.983,222.7,47.099,0.018,0,1,0,1,0,-1,0,0.018],"_humanoidState":8,"_cameraCFrame":[775.197,239.371,41.64,-0.999,-0.037,0.013,0,0.339,0.941,-0.039,0.94,-0.339],"_shiftlockState":false,"_pose":"Running","_animationQueue":[],"_animationSpeed":1.066,"_zoom":16.125},{"_mousePosition":[683,365],"_rootPartCFrame":[774.716,222.7,47.089,0.021,0,1,0,1,0,-1,0,0.021],"_humanoidState":8,"_cameraCFrame":[774.928,239.392,41.688,-0.999,-0.037,0.013,0,0.335,0.942,-0.039,0.941,-0.335],"_shiftlockState":false,"_pose":"Running","_animationQueue":[],"_animationSpeed":1.066,"_zoom":16.125},{"_mousePosition":[683,365],"_rootPartCFrame":[774.45,222.7,47.078,0.024,0,1,0,1,0,-1,0,0.024],"_humanoidState":8,"_cameraCFrame":[774.657,239.434,41.796,-0.999,-0.037,0.013,0,0.328,0.945,-0.039,0.944,-0.328],"_shiftlockState":false,"_pose":"Running","_animationQueue":[],"_animationSpeed":1.066,"_zoom":16.125},{"_mousePosition":[683,365],"_rootPartCFrame":[774.183,222.7,47.068,0.026,0,1,0,1,0,-1,0,0.026],"_humanoidState":8,"_cameraCFrame":[774.38,239.524,42.054,-0.999,-0.037,0.012,0,0.311,0.95,-0.039,0.95,-0.311],"_shiftlockState":false,"_pose":"Running","_animationQueue":[],"_animationSpeed":1.066,"_zoom":16.125},{"_mousePosition":[683,365],"_rootPartCFrame":[773.917,222.7,47.057,0.027,0,1,0,1,0,-1,0,0.027],"_humanoidState":8,"_cameraCFrame":[774.13,239.591,42.254,-0.999,-0.042,0.013,0,0.298,0.955,-0.044,0.954,-0.298],"_shiftlockState":false,"_pose":"Running","_animationQueue":[],"_animationSpeed":1.066,"_zoom":16.125},{"_mousePosition":[683,365],"_rootPartCFrame":[773.65,222.7,47.047,0.029,0,1,0,1,0,-1,0,0.029],"_humanoidState":8,"_cameraCFrame":[773.879,239.646,42.424,-0.999,-0.047,0.014,0,0.287,0.958,-0.049,0.957,-0.287],"_shiftlockState":false,"_pose":"Running","_animationQueue":[["walk",0.1]],"_animationSpeed":1.066,"_zoom":16.125},{"_mousePosition":[683,365],"_rootPartCFrame":[773.384,222.7,47.035,0.031,0,1,0,1,0,-1,0,0.031],"_humanoidState":8,"_cameraCFrame":[773.613,239.708,42.624,-0.999,-0.05,0.014,0,0.274,0.962,-0.052,0.96,-0.274],"_shiftlockState":false,"_pose":"Running","_animationQueue":[],"_animationSpeed":1.066,"_zoom":16.125},{"_mousePosition":[683,365],"_rootPartCFrame":[773.118,222.7,47.022,0.033,0,0.999,0,1,0,-0.999,0,0.033],"_humanoidState":8,"_cameraCFrame":[773.334,239.775,42.853,-0.999,-0.05,0.013,0,0.259,0.966,-0.052,0.965,-0.259],"_shiftlockState":false,"_pose":"Running","_animationQueue":[],"_animationSpeed":1.066,"_zoom":16.125},{"_mousePosition":[683,365],"_rootPartCFrame":[772.851,222.7,47.008,0.036,0,0.999,0,1,0,-0.999,0,0.036],"_humanoidState":8,"_cameraCFrame":[773.055,239.838,43.082,-0.999,-0.05,0.013,0,0.244,0.97,-0.052,0.969,-0.243],"_shiftlockState":false,"_pose":"Running","_animationQueue":[],"_animationSpeed":1.066,"_zoom":16.125},{"_mousePosition":[683,365],"_rootPartCFrame":[772.718,222.7,47.002,0.037,0,0.999,0,1,0,-0.999,0,0.037],"_humanoidState":8,"_cameraCFrame":[772.9,239.897,43.319,-0.999,-0.048,0.011,0,0.229,0.974,-0.049,0.972,-0.228],"_shiftlockState":false,"_pose":"Running","_animationQueue":[],"_animationSpeed":1.066,"_zoom":16.125},{"_mousePosition":[683,365],"_rootPartCFrame":[772.318,222.7,46.981,0.04,0,0.999,0,1,0,-0.999,0,0.04],"_humanoidState":8,"_cameraCFrame":[772.472,239.946,43.511,-0.999,-0.043,0.01,0,0.215,0.977,-0.044,0.976,-0.215],"_shiftlockState":false,"_pose":"Running","_animationQueue":[],"_animationSpeed":1.066,"_zoom":16.125},{"_mousePosition":[683,365],"_rootPartCFrame":[772.052,222.7,46.968,0.041,0,0.999,0,1,0,-0.999,0,0.041],"_humanoidState":8,"_cameraCFrame":[772.189,239.986,43.682,-0.999,-0.041,0.009,0,0.204,0.979,-0.042,0.978,-0.204],"_shiftlockState":false,"_pose":"Running","_animationQueue":[],"_animationSpeed":1.066,"_zoom":16.125},{"_mousePosition":[683,365],"_rootPartCFrame":[771.786,222.7,46.956,0.042,0,0.999,0,1,0,-0.999,0,0.042],"_humanoidState":8,"_cameraCFrame":[771.908,240.023,43.854,-0.999,-0.038,0.008,0,0.192,0.981,-0.039,0.981,-0.192],"_shiftlockState":false,"_pose":"Running","_animationQueue":[["walk",0.1]],"_animationSpeed":1.066,"_zoom":16.125},{"_mousePosition":[683,365],"_rootPartCFrame":[771.519,222.7,46.945,0.042,0,0.999,0,1,0,-0.999,0,0.042],"_humanoidState":8,"_cameraCFrame":[771.626,240.058,44.028,-0.999,-0.036,0.007,0,0.181,0.983,-0.037,0.983,-0.181],"_shiftlockState":false,"_pose":"Running","_animationQueue":[],"_animationSpeed":1.066,"_zoom":16.125},{"_mousePosition":[683,365],"_rootPartCFrame":[771.253,222.7,46.934,0.042,0,0.999,0,1,0,-0.999,0,0.042],"_humanoidState":8,"_cameraCFrame":[771.358,240.07,44.079,-0.999,-0.036,0.007,0,0.177,0.984,-0.037,0.984,-0.177],"_shiftlockState":false,"_pose":"Running","_animationQueue":[],"_animationSpeed":1.066,"_zoom":16.125},{"_mousePosition":[683,365],"_rootPartCFrame":[770.986,222.7,46.924,0.041,0,0.999,0,1,0,-0.999,0,0.041],"_humanoidState":8,"_cameraCFrame":[771.075,240.08,44.125,-0.999,-0.031,0.005,0,0.174,0.985,-0.032,0.984,-0.174],"_shiftlockState":false,"_pose":"Running","_animationQueue":[],"_animationSpeed":1.066,"_zoom":16.125},{"_mousePosition":[683,365],"_rootPartCFrame":[770.72,222.7,46.914,0.04,0,0.999,0,1,0,-0.999,0,0.04],"_humanoidState":8,"_cameraCFrame":[770.801,240.08,44.115,-1,-0.029,0.005,0,0.174,0.985,-0.029,0.984,-0.174],"_shiftlockState":false,"_pose":"Running","_animationQueue":[],"_animationSpeed":1.066,"_zoom":16.125},{"_mousePosition":[683,365],"_rootPartCFrame":[770.453,222.7,46.906,0.039,0,0.999,0,1,0,-0.999,0,0.039],"_humanoidState":8,"_cameraCFrame":[770.535,240.08,44.107,-1,-0.029,0.005,0,0.174,0.985,-0.029,0.984,-0.174],"_shiftlockState":false,"_pose":"Running","_animationQueue":[],"_animationSpeed":1.066,"_zoom":16.125},{"_mousePosition":[683,365],"_rootPartCFrame":[770.187,222.666,46.897,0.038,0,0.999,0,1,0,-0.999,0,0.038],"_humanoidState":8,"_cameraCFrame":[770.268,240.046,44.098,-1,-0.029,0.005,0,0.174,0.985,-0.029,0.984,-0.174],"_shiftlockState":false,"_pose":"Running","_animationQueue":[["walk",0.1]],"_animationSpeed":1.066,"_zoom":16.125},{"_mousePosition":[683,365],"_rootPartCFrame":[769.92,223.528,46.889,0.037,0,0.999,0,1,0,-0.999,0,0.037],"_humanoidState":3,"_cameraCFrame":[770.044,240.909,44.092,-0.999,-0.044,0.008,0,0.174,0.985,-0.044,0.984,-0.173],"_shiftlockState":false,"_pose":"Jumping","_animationQueue":[["walk",0.1],["jump",0.1]],"_animationSpeed":1,"_zoom":16.125},{"_mousePosition":[683,365],"_rootPartCFrame":[769.654,224.337,46.881,0.036,0,0.999,0,1,0,-0.999,0,0.036],"_humanoidState":5,"_cameraCFrame":[768.117,241.717,43.958,-0.997,-0.073,0.013,0,0.174,0.985,-0.075,0.982,-0.173],"_shiftlockState":true,"_pose":"FreeFall","_animationQueue":[["jump",0.1]],"_animationSpeed":1,"_zoom":16.125},{"_mousePosition":[683,384],"_rootPartCFrame":[769.387,225.091,46.87,-0.986,0,0.166,0,1,0,-0.166,0,-0.986],"_humanoidState":5,"_cameraCFrame":[767.851,242.471,43.947,-0.997,-0.073,0.013,0,0.174,0.985,-0.075,0.982,-0.173],"_shiftlockState":true,"_pose":"FreeFall","_animationQueue":[],"_animationSpeed":1,"_zoom":16.125},{"_mousePosition":[683,384],"_rootPartCFrame":[769.121,225.79,46.851,-0.979,0,0.202,0,1,0,-0.202,0,-0.979],"_humanoidState":5,"_cameraCFrame":[767.585,243.17,43.928,-0.997,-0.073,0.013,0,0.174,0.985,-0.075,0.982,-0.173],"_shiftlockState":true,"_pose":"FreeFall","_animationQueue":[],"_animationSpeed":1,"_zoom":16.125},{"_mousePosition":[683,384],"_rootPartCFrame":[768.855,226.435,46.831,-0.979,0,0.206,0,1,0,-0.206,0,-0.979],"_humanoidState":5,"_cameraCFrame":[767.319,243.815,43.908,-0.997,-0.073,0.013,0,0.174,0.985,-0.075,0.982,-0.173],"_shiftlockState":true,"_pose":"FreeFall","_animationQueue":[],"_animationSpeed":1,"_zoom":16.125},{"_mousePosition":[683,384],"_rootPartCFrame":[768.656,226.883,46.816,-0.985,0,0.174,0,1,0,-0.174,0,-0.985],"_humanoidState":5,"_cameraCFrame":[767.12,244.263,43.894,-0.997,-0.073,0.013,0,0.174,0.985,-0.075,0.982,-0.173],"_shiftlockState":true,"_pose":"FreeFall","_animationQueue":[],"_animationSpeed":1,"_zoom":16.125},{"_mousePosition":[683,384],"_rootPartCFrame":[768.324,227.561,46.792,-0.971,0,0.239,0,1,0,-0.239,0,-0.971],"_humanoidState":5,"_cameraCFrame":[766.787,244.941,43.869,-0.997,-0.073,0.013,0,0.174,0.985,-0.075,0.982,-0.173],"_shiftlockState":true,"_pose":"FreeFall","_animationQueue":[],"_animationSpeed":1,"_zoom":16.125},{"_mousePosition":[683,384],"_rootPartCFrame":[768.058,228.043,46.772,-0.978,0,0.206,0,1,0,-0.206,0,-0.978],"_humanoidState":5,"_cameraCFrame":[766.521,245.423,43.849,-0.997,-0.073,0.013,0,0.174,0.985,-0.075,0.982,-0.173],"_shiftlockState":true,"_pose":"FreeFall","_animationQueue":[],"_animationSpeed":1,"_zoom":16.125},{"_mousePosition":[683,384],"_rootPartCFrame":[767.792,228.47,46.752,-0.978,0,0.206,0,1,0,-0.206,0,-0.978],"_humanoidState":5,"_cameraCFrame":[766.256,245.85,43.829,-0.997,-0.073,0.013,0,0.174,0.985,-0.075,0.982,-0.173],"_shiftlockState":true,"_pose":"FreeFall","_animationQueue":[],"_animationSpeed":1,"_zoom":16.125},{"_mousePosition":[683,384],"_rootPartCFrame":[767.526,228.842,46.732,-0.978,0,0.206,0,1,0,-0.206,0,-0.978],"_humanoidState":5,"_cameraCFrame":[765.99,246.222,43.809,-0.997,-0.073,0.013,0,0.174,0.985,-0.075,0.982,-0.173],"_shiftlockState":true,"_pose":"FreeFall","_animationQueue":[],"_animationSpeed":1,"_zoom":16.125},{"_mousePosition":[683,384],"_rootPartCFrame":[767.26,229.16,46.712,-0.978,0,0.206,0,1,0,-0.206,0,-0.978],"_humanoidState":5,"_cameraCFrame":[765.724,246.54,43.789,-0.997,-0.073,0.013,0,0.174,0.985,-0.075,0.982,-0.173],"_shiftlockState":true,"_pose":"FreeFall","_animationQueue":[],"_animationSpeed":1,"_zoom":16.125},{"_mousePosition":[683,384],"_rootPartCFrame":[767.061,229.363,46.697,-0.985,0,0.174,0,1,0,-0.174,0,-0.985],"_humanoidState":5,"_cameraCFrame":[765.524,246.743,43.774,-0.997,-0.073,0.013,0,0.174,0.985,-0.075,0.982,-0.173],"_shiftlockState":true,"_pose":"FreeFall","_animationQueue":[],"_animationSpeed":1,"_zoom":16.125},{"_mousePosition":[683,384],"_rootPartCFrame":[766.728,229.632,46.672,-0.971,0,0.239,0,1,0,-0.239,0,-0.971],"_humanoidState":5,"_cameraCFrame":[765.214,247.012,43.738,-0.997,-0.081,0.014,0,0.174,0.985,-0.082,0.981,-0.173],"_shiftlockState":true,"_pose":"FreeFall","_animationQueue":[],"_animationSpeed":1,"_zoom":16.125},{"_mousePosition":[683,384],"_rootPartCFrame":[766.463,229.787,46.652,-0.977,0,0.214,0,1,0,-0.214,0,-0.977],"_humanoidState":5,"_cameraCFrame":[764.934,247.167,43.726,-0.997,-0.076,0.013,0,0.174,0.985,-0.077,0.982,-0.173],"_shiftlockState":true,"_pose":"FreeFall","_animationQueue":[],"_animationSpeed":1,"_zoom":16.125},{"_mousePosition":[683,384],"_rootPartCFrame":[766.197,229.887,46.631,-0.978,0,0.209,0,1,0,-0.209,0,-0.978],"_humanoidState":5,"_cameraCFrame":[764.638,247.267,43.72,-0.998,-0.066,0.012,0,0.174,0.985,-0.067,0.983,-0.173],"_shiftlockState":true,"_pose":"FreeFall","_animationQueue":[],"_animationSpeed":1,"_zoom":16.125},{"_mousePosition":[683,384],"_rootPartCFrame":[765.931,229.932,46.61,-0.98,0,0.199,0,1,0,-0.199,0,-0.98],"_humanoidState":5,"_cameraCFrame":[764.343,247.312,43.715,-0.998,-0.056,0.01,0,0.174,0.985,-0.057,0.983,-0.173],"_shiftlockState":true,"_pose":"FreeFall","_animationQueue":[],"_animationSpeed":1,"_zoom":16.125},{"_mousePosition":[683,384],"_rootPartCFrame":[765.665,229.923,46.592,-0.982,0,0.189,0,1,0,-0.189,0,-0.982],"_humanoidState":5,"_cameraCFrame":[764.062,247.303,43.705,-0.999,-0.051,0.009,0,0.174,0.985,-0.052,0.983,-0.173],"_shiftlockState":true,"_pose":"FreeFall","_animationQueue":[],"_animationSpeed":1,"_zoom":16.125},{"_mousePosition":[683,384],"_rootPartCFrame":[765.399,229.859,46.576,-0.983,0,0.184,0,1,0,-0.184,0,-0.983],"_humanoidState":5,"_cameraCFrame":[763.796,247.239,43.689,-0.999,-0.051,0.009,0,0.174,0.985,-0.052,0.983,-0.173],"_shiftlockState":true,"_pose":"FreeFall","_animationQueue":[],"_animationSpeed":1,"_zoom":16.125},{"_mousePosition":[683,384],"_rootPartCFrame":[765.132,229.741,46.562,-0.983,0,0.184,0,1,0,-0.184,0,-0.983],"_humanoidState":5,"_cameraCFrame":[763.515,247.121,43.683,-0.999,-0.046,0.008,0,0.174,0.985,-0.047,0.984,-0.173],"_shiftlockState":true,"_pose":"FreeFall","_animationQueue":[["fall",0.3]],"_animationSpeed":1,"_zoom":16.125},{"_mousePosition":[683,384],"_rootPartCFrame":[764.866,229.568,46.548,-0.984,0,0.179,0,1,0,-0.179,0,-0.984],"_humanoidState":5,"_cameraCFrame":[763.22,246.949,43.686,-0.999,-0.036,0.006,0,0.174,0.985,-0.037,0.984,-0.174],"_shiftlockState":true,"_pose":"FreeFall","_animationQueue":[],"_animationSpeed":1,"_zoom":16.125},{"_mousePosition":[683,384],"_rootPartCFrame":[764.599,229.341,46.535,-0.986,0,0.169,0,1,0,-0.169,0,-0.986],"_humanoidState":5,"_cameraCFrame":[762.917,246.721,43.694,-1,-0.024,0.004,0,0.174,0.985,-0.024,0.985,-0.174],"_shiftlockState":true,"_pose":"FreeFall","_animationQueue":[],"_animationSpeed":1,"_zoom":16.125},{"_mousePosition":[683,384],"_rootPartCFrame":[764.333,229.06,46.525,-0.988,0,0.157,0,1,0,-0.157,0,-0.988],"_humanoidState":5,"_cameraCFrame":[762.622,246.44,43.701,-1,-0.014,0.002,0,0.174,0.985,-0.014,0.985,-0.174],"_shiftlockState":true,"_pose":"FreeFall","_animationQueue":[],"_animationSpeed":1,"_zoom":16.125},{"_mousePosition":[683,384],"_rootPartCFrame":[764.066,228.724,46.518,-0.989,0,0.147,0,1,0,-0.147,0,-0.989],"_humanoidState":5,"_cameraCFrame":[762.341,246.104,43.703,-1,-0.009,0.002,0,0.174,0.985,-0.009,0.985,-0.174],"_shiftlockState":true,"_pose":"FreeFall","_animationQueue":[],"_animationSpeed":1,"_zoom":16.125},{"_mousePosition":[683,384],"_rootPartCFrame":[763.8,228.333,46.514,-0.99,0,0.142,0,1,0,-0.142,0,-0.99],"_humanoidState":5,"_cameraCFrame":[762.068,245.713,43.703,-1,-0.006,0.001,0,0.174,0.985,-0.006,0.985,-0.174],"_shiftlockState":true,"_pose":"FreeFall","_animationQueue":[],"_animationSpeed":1,"_zoom":16.125},{"_mousePosition":[683,384],"_rootPartCFrame":[763.533,227.888,46.512,-0.99,0,0.139,0,1,0,-0.139,0,-0.99],"_humanoidState":5,"_cameraCFrame":[761.787,245.268,43.709,-1,-0.001,0,0,0.174,0.985,-0.001,0.985,-0.174],"_shiftlockState":true,"_pose":"FreeFall","_animationQueue":[],"_animationSpeed":1,"_zoom":16.125},{"_mousePosition":[683,384],"_rootPartCFrame":[763.267,227.388,46.51,-0.991,0,0.134,0,1,0,-0.134,0,-0.991],"_humanoidState":5,"_cameraCFrame":[761.499,244.768,43.721,-1,0.006,-0.001,0,0.174,0.985,0.006,0.985,-0.174],"_shiftlockState":true,"_pose":"FreeFall","_animationQueue":[["fall",0.3]],"_animationSpeed":1,"_zoom":16.125},{"_mousePosition":[683,384],"_rootPartCFrame":[763,226.834,46.509,-0.992,0,0.127,0,1,0,-0.127,0,-0.992],"_humanoidState":5,"_cameraCFrame":[761.218,244.214,43.729,-1,0.011,-0.002,0,0.174,0.985,0.011,0.985,-0.174],"_shiftlockState":true,"_pose":"FreeFall","_animationQueue":[],"_animationSpeed":1,"_zoom":16.125},{"_mousePosition":[683,384],"_rootPartCFrame":[762.733,226.226,46.511,-0.993,0,0.122,0,1,0,-0.122,0,-0.993],"_humanoidState":5,"_cameraCFrame":[760.924,243.606,43.749,-1,0.021,-0.004,0,0.174,0.985,0.022,0.985,-0.174],"_shiftlockState":true,"_pose":"FreeFall","_animationQueue":[],"_animationSpeed":1,"_zoom":16.125},{"_mousePosition":[683,384],"_rootPartCFrame":[762.467,225.563,46.514,-0.994,0,0.112,0,1,0,-0.112,0,-0.994],"_humanoidState":5,"_cameraCFrame":[760.643,242.943,43.761,-1,0.026,-0.005,0,0.174,0.985,0.027,0.984,-0.174],"_shiftlockState":true,"_pose":"FreeFall","_animationQueue":[],"_animationSpeed":1,"_zoom":16.125},{"_mousePosition":[683,384],"_rootPartCFrame":[762.2,224.845,46.519,-0.994,0,0.106,0,1,0,-0.106,0,-0.994],"_humanoidState":5,"_cameraCFrame":[760.356,242.225,43.78,-0.999,0.034,-0.006,0,0.174,0.985,0.034,0.984,-0.174],"_shiftlockState":true,"_pose":"FreeFall","_animationQueue":[],"_animationSpeed":1,"_zoom":16.125},{"_mousePosition":[683,384],"_rootPartCFrame":[761.934,224.073,46.526,-0.995,0,0.099,0,1,0,-0.099,0,-0.995],"_humanoidState":5,"_cameraCFrame":[760.068,241.453,43.801,-0.999,0.041,-0.007,0,0.174,0.985,0.042,0.984,-0.173],"_shiftlockState":true,"_pose":"FreeFall","_animationQueue":[],"_animationSpeed":1,"_zoom":16.125},{"_mousePosition":[683,384],"_rootPartCFrame":[761.667,223.246,46.535,-0.996,0,0.091,0,1,0,-0.091,0,-0.996],"_humanoidState":5,"_cameraCFrame":[759.795,240.626,43.815,-0.999,0.044,-0.008,0,0.174,0.985,0.044,0.984,-0.173],"_shiftlockState":true,"_pose":"FreeFall","_animationQueue":[["fall",0.3]],"_animationSpeed":1,"_zoom":16.125},{"_mousePosition":[683,384],"_rootPartCFrame":[761.401,222.507,46.545,-1,0,-0.009,0,1,0,0.009,0,-1],"_humanoidState":7,"_cameraCFrame":[759.528,239.887,43.826,-0.999,0.044,-0.008,0,0.174,0.985,0.044,0.984,-0.173],"_shiftlockState":true,"_pose":"FreeFall","_animationQueue":[["walk",0.1],["fall",0.3],["fall",0.3]],"_animationSpeed":1,"_zoom":16.125},{"_mousePosition":[683,384],"_rootPartCFrame":[761.134,222.448,46.557,-0.999,0,-0.042,0,1,0,0.042,0,-0.999],"_humanoidState":7,"_cameraCFrame":[759.262,239.828,43.837,-0.999,0.044,-0.008,0,0.174,0.985,0.044,0.984,-0.173],"_shiftlockState":true,"_pose":"FreeFall","_animationQueue":[],"_animationSpeed":1,"_zoom":16.125},{"_mousePosition":[683,384],"_rootPartCFrame":[760.801,222.498,46.572,-0.999,0,-0.044,0,1,0,0.044,0,-0.999],"_humanoidState":8,"_cameraCFrame":[758.929,239.878,43.852,-0.999,0.044,-0.008,0,0.174,0.985,0.044,0.984,-0.173],"_shiftlockState":true,"_pose":"Running","_animationQueue":[["walk",0.1],["fall",0.3],["walk",0.1]],"_animationSpeed":1.103,"_zoom":16.125},{"_mousePosition":[683,384],"_rootPartCFrame":[760.602,222.521,46.581,-0.999,0,-0.044,0,1,0,0.044,0,-0.999],"_humanoidState":8,"_cameraCFrame":[758.729,239.901,43.861,-0.999,0.044,-0.008,0,0.174,0.985,0.044,0.984,-0.173],"_shiftlockState":true,"_pose":"Running","_animationQueue":[],"_animationSpeed":1.103,"_zoom":16.125},{"_mousePosition":[683,384],"_rootPartCFrame":[760.269,222.543,46.595,-0.999,0,-0.044,0,1,0,0.044,0,-0.999],"_humanoidState":8,"_cameraCFrame":[758.396,239.923,43.876,-0.999,0.044,-0.008,0,0.174,0.985,0.044,0.984,-0.173],"_shiftlockState":true,"_pose":"Running","_animationQueue":[],"_animationSpeed":1.103,"_zoom":16.125},{"_mousePosition":[683,384],"_rootPartCFrame":[760.002,222.552,46.607,-0.999,0,-0.044,0,1,0,0.044,0,-0.999],"_humanoidState":8,"_cameraCFrame":[758.13,239.932,43.887,-0.999,0.044,-0.008,0,0.174,0.985,0.044,0.984,-0.173],"_shiftlockState":true,"_pose":"Running","_animationQueue":[],"_animationSpeed":1.103,"_zoom":16.125},{"_mousePosition":[683,384],"_rootPartCFrame":[759.736,222.557,46.619,-0.999,0,-0.044,0,1,0,0.044,0,-0.999],"_humanoidState":8,"_cameraCFrame":[757.864,239.937,43.899,-0.999,0.044,-0.008,0,0.174,0.985,0.044,0.984,-0.173],"_shiftlockState":true,"_pose":"Running","_animationQueue":[["walk",0.1]],"_animationSpeed":1.103,"_zoom":16.125},{"_mousePosition":[683,384],"_rootPartCFrame":[759.47,222.56,46.631,-0.999,0,-0.044,0,1,0,0.044,0,-0.999],"_humanoidState":8,"_cameraCFrame":[757.597,239.94,43.911,-0.999,0.044,-0.008,0,0.174,0.985,0.044,0.984,-0.173],"_shiftlockState":true,"_pose":"Running","_animationQueue":[],"_animationSpeed":1.103,"_zoom":16.125},{"_mousePosition":[683,384],"_rootPartCFrame":[759.203,222.561,46.643,-0.999,0,-0.044,0,1,0,0.044,0,-0.999],"_humanoidState":8,"_cameraCFrame":[757.331,239.941,43.923,-0.999,0.044,-0.008,0,0.174,0.985,0.044,0.984,-0.173],"_shiftlockState":true,"_pose":"Running","_animationQueue":[],"_animationSpeed":1.103,"_zoom":16.125},{"_mousePosition":[683,384],"_rootPartCFrame":[759.003,222.562,46.652,-0.999,0,-0.044,0,1,0,0.044,0,-0.999],"_humanoidState":8,"_cameraCFrame":[757.131,239.942,43.932,-0.999,0.044,-0.008,0,0.174,0.985,0.044,0.984,-0.173],"_shiftlockState":true,"_pose":"Running","_animationQueue":[],"_animationSpeed":1.103,"_zoom":16.125},{"_mousePosition":[683,384],"_rootPartCFrame":[758.67,222.562,46.666,-0.999,0,-0.044,0,1,0,0.044,0,-0.999],"_humanoidState":8,"_cameraCFrame":[756.798,239.942,43.946,-0.999,0.044,-0.008,0,0.174,0.985,0.044,0.984,-0.173],"_shiftlockState":true,"_pose":"Running","_animationQueue":[],"_animationSpeed":1.103,"_zoom":16.125},{"_mousePosition":[683,384],"_rootPartCFrame":[758.404,222.563,46.678,-0.999,0,-0.044,0,1,0,0.044,0,-0.999],"_humanoidState":8,"_cameraCFrame":[756.532,239.943,43.958,-0.999,0.044,-0.008,0,0.174,0.985,0.044,0.984,-0.173],"_shiftlockState":true,"_pose":"Running","_animationQueue":[],"_animationSpeed":1.103,"_zoom":16.125},{"_mousePosition":[683,384],"_rootPartCFrame":[758.204,222.563,46.687,-0.999,0,-0.044,0,1,0,0.044,0,-0.999],"_humanoidState":8,"_cameraCFrame":[756.332,239.943,43.967,-0.999,0.044,-0.008,0,0.174,0.985,0.044,0.984,-0.173],"_shiftlockState":true,"_pose":"Running","_animationQueue":[],"_animationSpeed":1.103,"_zoom":16.125},{"_mousePosition":[683,384],"_rootPartCFrame":[757.871,222.563,46.702,-0.999,0,-0.044,0,1,0,0.044,0,-0.999],"_humanoidState":8,"_cameraCFrame":[755.999,239.943,43.982,-0.999,0.044,-0.008,0,0.174,0.985,0.044,0.984,-0.173],"_shiftlockState":true,"_pose":"Running","_animationQueue":[["walk",0.1]],"_animationSpeed":1.103,"_zoom":16.125},{"_mousePosition":[683,384],"_rootPartCFrame":[757.605,222.563,46.714,-0.999,0,-0.044,0,1,0,0.044,0,-0.999],"_humanoidState":8,"_cameraCFrame":[755.733,239.943,43.994,-0.999,0.044,-0.008,0,0.174,0.985,0.044,0.984,-0.173],"_shiftlockState":true,"_pose":"Running","_animationQueue":[],"_animationSpeed":1.103,"_zoom":16.125},{"_mousePosition":[683,384],"_rootPartCFrame":[757.339,222.563,46.725,-0.999,0,-0.044,0,1,0,0.044,0,-0.999],"_humanoidState":8,"_cameraCFrame":[755.46,239.943,44.01,-0.999,0.046,-0.008,0,0.174,0.985,0.047,0.984,-0.173],"_shiftlockState":true,"_pose":"Running","_animationQueue":[],"_animationSpeed":1.103,"_zoom":16.125},{"_mousePosition":[683,384],"_rootPartCFrame":[757.072,222.563,46.737,-0.999,0,-0.047,0,1,0,0.047,0,-0.999],"_humanoidState":8,"_cameraCFrame":[755.18,239.943,44.032,-0.999,0.051,-0.009,0,0.174,0.985,0.052,0.983,-0.173],"_shiftlockState":true,"_pose":"Running","_animationQueue":[],"_animationSpeed":1.103,"_zoom":16.125},{"_mousePosition":[683,384],"_rootPartCFrame":[756.806,222.563,46.75,-0.999,0,-0.052,0,1,0,0.052,0,-0.999],"_humanoidState":8,"_cameraCFrame":[754.893,239.943,44.058,-0.998,0.059,-0.01,0,0.174,0.985,0.059,0.983,-0.173],"_shiftlockState":true,"_pose":"Running","_animationQueue":[],"_animationSpeed":1.103,"_zoom":16.125},{"_mousePosition":[683,384],"_rootPartCFrame":[756.606,222.556,46.76,-0.998,0,-0.059,0,1,0,0.059,0,-0.998],"_humanoidState":8,"_cameraCFrame":[754.666,239.936,44.088,-0.998,0.068,-0.012,0,0.174,0.985,0.07,0.982,-0.173],"_shiftlockState":true,"_pose":"Running","_animationQueue":[],"_animationSpeed":1.103,"_zoom":16.125},{"_mousePosition":[683,384],"_rootPartCFrame":[756.207,222.557,46.783,-0.998,0,-0.07,0,1,0,0.07,0,-0.998],"_humanoidState":8,"_cameraCFrame":[754.239,239.937,44.132,-0.997,0.078,-0.014,0,0.174,0.985,0.08,0.982,-0.173],"_shiftlockState":true,"_pose":"Running","_animationQueue":[["walk",0.1]],"_animationSpeed":1.103,"_zoom":16.125},{"_mousePosition":[683,384],"_rootPartCFrame":[755.941,222.56,46.802,-0.997,0,-0.08,0,1,0,0.08,0,-0.997],"_humanoidState":8,"_cameraCFrame":[753.947,239.94,44.17,-0.996,0.088,-0.016,0,0.174,0.985,0.09,0.981,-0.173],"_shiftlockState":true,"_pose":"Running","_animationQueue":[],"_animationSpeed":1.103,"_zoom":16.125},{"_mousePosition":[683,384],"_rootPartCFrame":[755.675,222.561,46.822,-0.996,0,-0.09,0,1,0,0.09,0,-0.996],"_humanoidState":8,"_cameraCFrame":[753.654,239.941,44.211,-0.995,0.098,-0.017,0,0.174,0.985,0.1,0.98,-0.173],"_shiftlockState":true,"_pose":"Running","_animationQueue":[],"_animationSpeed":1.103,"_zoom":16.125},{"_mousePosition":[683,384],"_rootPartCFrame":[755.409,222.562,46.846,-0.995,0,-0.1,0,1,0,0.1,0,-0.995],"_humanoidState":8,"_cameraCFrame":[753.369,239.942,44.25,-0.994,0.106,-0.019,0,0.174,0.985,0.107,0.979,-0.173],"_shiftlockState":true,"_pose":"Running","_animationQueue":[],"_animationSpeed":1.103,"_zoom":16.125},{"_mousePosition":[683,384],"_rootPartCFrame":[755.144,222.562,46.872,-0.994,0,-0.107,0,1,0,0.107,0,-0.994],"_humanoidState":8,"_cameraCFrame":[753.084,239.942,44.292,-0.993,0.113,-0.02,0,0.174,0.985,0.115,0.978,-0.172],"_shiftlockState":true,"_pose":"Running","_animationQueue":[],"_animationSpeed":1.103,"_zoom":16.125},{"_mousePosition":[683,384],"_rootPartCFrame":[754.879,222.562,46.9,-0.993,0,-0.115,0,1,0,0.115,0,-0.993],"_humanoidState":8,"_cameraCFrame":[752.812,239.942,44.325,-0.993,0.116,-0.02,0,0.174,0.985,0.117,0.978,-0.172],"_shiftlockState":true,"_pose":"Running","_animationQueue":[],"_animationSpeed":1.103,"_zoom":16.125},{"_mousePosition":[683,384],"_rootPartCFrame":[754.614,222.562,46.931,-0.993,0,-0.117,0,1,0,0.117,0,-0.993],"_humanoidState":8,"_cameraCFrame":[752.547,239.942,44.355,-0.993,0.116,-0.02,0,0.174,0.985,0.117,0.978,-0.172],"_shiftlockState":true,"_pose":"Running","_animationQueue":[],"_animationSpeed":1.103,"_zoom":16.125},{"_mousePosition":[683,384],"_rootPartCFrame":[754.216,222.562,46.978,-0.993,0,-0.117,0,1,0,0.117,0,-0.993],"_humanoidState":8,"_cameraCFrame":[752.15,239.942,44.402,-0.993,0.116,-0.02,0,0.174,0.985,0.117,0.978,-0.172],"_shiftlockState":true,"_pose":"Running","_animationQueue":[["walk",0.1]],"_animationSpeed":1.103,"_zoom":16.125},{"_mousePosition":[683,384],"_rootPartCFrame":[754.084,222.563,46.993,-0.993,0,-0.117,0,1,0,0.117,0,-0.993],"_humanoidState":8,"_cameraCFrame":[752.017,239.943,44.418,-0.993,0.116,-0.02,0,0.174,0.985,0.117,0.978,-0.172],"_shiftlockState":true,"_pose":"Running","_animationQueue":[],"_animationSpeed":1.103,"_zoom":16.125},{"_mousePosition":[683,384],"_rootPartCFrame":[753.819,222.563,47.025,-0.993,0,-0.117,0,1,0,0.117,0,-0.993],"_humanoidState":8,"_cameraCFrame":[751.753,239.943,44.449,-0.993,0.116,-0.02,0,0.174,0.985,0.117,0.978,-0.172],"_shiftlockState":true,"_pose":"Running","_animationQueue":[],"_animationSpeed":1.103,"_zoom":16.125},{"_mousePosition":[683,384],"_rootPartCFrame":[753.554,222.482,47.056,-0.993,0,-0.117,0,1,0,0.117,0,-0.993],"_humanoidState":8,"_cameraCFrame":[751.507,239.862,44.465,-0.994,0.108,-0.019,0,0.174,0.985,0.11,0.979,-0.173],"_shiftlockState":true,"_pose":"Running","_animationQueue":[],"_animationSpeed":1.103,"_zoom":16.125},{"_mousePosition":[683,384],"_rootPartCFrame":[753.289,222.343,47.087,-0.994,0,-0.11,0,1,0,0.11,0,-0.994],"_humanoidState":8,"_cameraCFrame":[751.309,239.723,44.445,-0.996,0.083,-0.015,0,0.174,0.985,0.085,0.981,-0.173],"_shiftlockState":true,"_pose":"Running","_animationQueue":[],"_animationSpeed":1.103,"_zoom":16.125},{"_mousePosition":[683,384],"_rootPartCFrame":[753.024,222.32,47.117,-0.996,0,-0.085,0,1,0,0.085,0,-0.996],"_humanoidState":8,"_cameraCFrame":[751.177,239.683,44.285,-0.999,0.034,-0.006,0,0.179,0.984,0.034,0.983,-0.179],"_shiftlockState":true,"_pose":"Running","_animationQueue":[],"_animationSpeed":1.103,"_zoom":16.125},{"_mousePosition":[683,384],"_rootPartCFrame":[752.759,222.319,47.14,-0.999,0,-0.034,0,1,0,0.034,0,-0.999],"_humanoidState":8,"_cameraCFrame":[751.155,239.677,44.134,-0.999,-0.049,0.009,0,0.181,0.983,-0.049,0.982,-0.181],"_shiftlockState":true,"_pose":"Running","_animationQueue":[],"_animationSpeed":1.103,"_zoom":16.125},{"_mousePosition":[683,384],"_rootPartCFrame":[752.492,222.319,47.151,-0.999,0,0.049,0,1,0,-0.049,0,-0.999],"_humanoidState":8,"_cameraCFrame":[751.276,239.682,43.997,-0.985,-0.172,0.031,0,0.179,0.984,-0.175,0.969,-0.177],"_shiftlockState":true,"_pose":"Running","_animationQueue":[["walk",0.1]],"_animationSpeed":1.103,"_zoom":16.125},{"_mousePosition":[683,384],"_rootPartCFrame":[752.226,222.319,47.142,-0.984,0,0.181,0,1,0,-0.181,0,-0.984],"_humanoidState":8,"_cameraCFrame":[751.849,239.699,43.861,-0.903,-0.423,0.075,0,0.174,0.985,-0.43,0.889,-0.157],"_shiftlockState":true,"_pose":"Running","_animationQueue":[],"_animationSpeed":1.103,"_zoom":16.125},{"_mousePosition":[683,384],"_rootPartCFrame":[751.897,222.31,47.087,-0.894,0,0.448,0,1,0,-0.448,0,-0.894],"_humanoidState":8,"_cameraCFrame":[751.854,239.69,43.786,-0.855,-0.511,0.09,0,0.174,0.985,-0.519,0.842,-0.148],"_shiftlockState":true,"_pose":"Running","_animationQueue":[],"_animationSpeed":1.103,"_zoom":16.125},{"_mousePosition":[683,384],"_rootPartCFrame":[751.653,222.311,46.983,-0.852,0,0.523,0,1,0,-0.523,0,-0.852],"_humanoidState":8,"_cameraCFrame":[752.283,239.691,43.741,-0.731,-0.672,0.118,0,0.174,0.985,-0.682,0.72,-0.127],"_shiftlockState":true,"_pose":"Running","_animationQueue":[],"_animationSpeed":1.103,"_zoom":16.125},{"_mousePosition":[683,384],"_rootPartCFrame":[751.423,222.312,46.848,-0.725,0,0.689,0,1,0,-0.689,0,-0.725],"_humanoidState":8,"_cameraCFrame":[752.912,239.692,43.901,-0.518,-0.842,0.149,0,0.174,0.985,-0.855,0.51,-0.09],"_shiftlockState":true,"_pose":"Running","_animationQueue":[],"_animationSpeed":1.103,"_zoom":16.125},{"_mousePosition":[683,384],"_rootPartCFrame":[751.224,222.312,46.673,-0.504,0,0.863,0,1,0,-0.863,0,-0.504],"_humanoidState":8,"_cameraCFrame":[753.141,239.692,43.984,-0.383,-0.91,0.16,0,0.174,0.985,-0.924,0.377,-0.066],"_shiftlockState":true,"_pose":"Running","_animationQueue":[],"_animationSpeed":1.103,"_zoom":16.125},{"_mousePosition":[683,384],"_rootPartCFrame":[751.077,222.313,46.452,-0.372,0,0.928,0,1,0,-0.928,0,-0.372],"_humanoidState":8,"_cameraCFrame":[753.268,239.693,43.982,-0.283,-0.945,0.167,0,0.174,0.985,-0.959,0.278,-0.049],"_shiftlockState":true,"_pose":"Running","_animationQueue":[["walk",0.1]],"_animationSpeed":1.103,"_zoom":16.125},{"_mousePosition":[683,384],"_rootPartCFrame":[750.969,222.313,46.208,-0.28,0,0.96,0,1,0,-0.96,0,-0.28],"_humanoidState":8,"_cameraCFrame":[753.283,239.693,43.852,-0.234,-0.958,0.169,0,0.174,0.985,-0.972,0.23,-0.041],"_shiftlockState":true,"_pose":"Running","_animationQueue":[],"_animationSpeed":1.103,"_zoom":16.125},{"_mousePosition":[683,384],"_rootPartCFrame":[750.89,222.313,45.954,-0.233,0,0.972,0,1,0,-0.972,0,-0.233],"_humanoidState":8,"_cameraCFrame":[753.227,239.693,43.622,-0.224,-0.96,0.169,0,0.174,0.985,-0.975,0.22,-0.039],"_shiftlockState":true,"_pose":"Running","_animationQueue":[],"_animationSpeed":1.103,"_zoom":16.125},{"_mousePosition":[683,384],"_rootPartCFrame":[750.815,222.279,45.698,-0.224,0,0.975,0,1,0,-0.975,0,-0.224],"_humanoidState":8,"_cameraCFrame":[753.11,239.659,43.325,-0.241,-0.956,0.169,0,0.174,0.985,-0.971,0.237,-0.042],"_shiftlockState":true,"_pose":"Running","_animationQueue":[],"_animationSpeed":1.103,"_zoom":16.125},{"_mousePosition":[683,384],"_rootPartCFrame":[750.739,223.152,45.442,-0.241,0,0.971,0,1,0,-0.971,0,-0.241],"_humanoidState":3,"_cameraCFrame":[752.918,240.532,42.961,-0.287,-0.943,0.166,0,0.174,0.985,-0.958,0.283,-0.05],"_shiftlockState":true,"_pose":"Jumping","_animationQueue":[["walk",0.1],["jump",0.1]],"_animationSpeed":1,"_zoom":16.125},{"_mousePosition":[683,384],"_rootPartCFrame":[750.673,223.974,45.184,-0.198,0,0.98,0,1,0,-0.98,0,-0.198],"_humanoidState":5,"_cameraCFrame":[752.684,241.354,42.565,-0.35,-0.923,0.163,0,0.174,0.985,-0.937,0.344,-0.061],"_shiftlockState":true,"_pose":"FreeFall","_animationQueue":[["jump",0.1]],"_animationSpeed":1,"_zoom":16.125},{"_mousePosition":[683,384],"_rootPartCFrame":[750.598,224.742,44.928,-0.227,0,0.974,0,1,0,-0.974,0,-0.227],"_humanoidState":5,"_cameraCFrame":[752.433,242.122,42.183,-0.411,-0.898,0.158,0,0.174,0.985,-0.912,0.404,-0.071],"_shiftlockState":true,"_pose":"FreeFall","_animationQueue":[],"_animationSpeed":1,"_zoom":16.125},{"_mousePosition":[683,384],"_rootPartCFrame":[750.508,225.455,44.677,-0.286,0,0.958,0,1,0,-0.958,0,-0.286],"_humanoidState":5,"_cameraCFrame":[752.151,242.835,41.813,-0.472,-0.868,0.153,0,0.174,0.985,-0.882,0.465,-0.082],"_shiftlockState":true,"_pose":"FreeFall","_animationQueue":[],"_animationSpeed":1,"_zoom":16.125},{"_mousePosition":[683,384],"_rootPartCFrame":[750.401,226.113,44.433,-0.351,0,0.937,0,1,0,-0.937,0,-0.351],"_humanoidState":5,"_cameraCFrame":[751.822,243.493,41.452,-0.537,-0.831,0.146,0,0.174,0.985,-0.843,0.529,-0.093],"_shiftlockState":true,"_pose":"FreeFall","_animationQueue":[],"_animationSpeed":1,"_zoom":16.125},{"_mousePosition":[683,384],"_rootPartCFrame":[750.279,226.717,44.196,-0.421,0,0.907,0,1,0,-0.907,0,-0.421],"_humanoidState":5,"_cameraCFrame":[751.351,244.081,40.99,-0.647,-0.75,0.137,0,0.179,0.984,-0.762,0.637,-0.116],"_shiftlockState":true,"_pose":"FreeFall","_animationQueue":[],"_animationSpeed":1,"_zoom":16.125},{"_mousePosition":[683,384],"_rootPartCFrame":[750.139,227.267,43.969,-0.54,0,0.841,0,1,0,-0.841,0,-0.54],"_humanoidState":5,"_cameraCFrame":[750.925,244.607,40.572,-0.73,-0.672,0.128,0,0.187,0.982,-0.684,0.717,-0.137],"_shiftlockState":true,"_pose":"FreeFall","_animationQueue":[],"_animationSpeed":1,"_zoom":16.125},{"_mousePosition":[683,384],"_rootPartCFrame":[749.977,227.762,43.758,-0.632,0,0.775,0,1,0,-0.775,0,-0.632],"_humanoidState":5,"_cameraCFrame":[750.436,245.072,40.166,-0.807,-0.579,0.116,0,0.197,0.98,-0.59,0.791,-0.159],"_shiftlockState":true,"_pose":"FreeFall","_animationQueue":[],"_animationSpeed":1,"_zoom":16.125},{"_mousePosition":[683,384],"_rootPartCFrame":[749.791,228.203,43.568,-0.722,0,0.692,0,1,0,-0.692,0,-0.722],"_humanoidState":5,"_cameraCFrame":[749.883,245.461,39.731,-0.879,-0.466,0.101,0,0.212,0.977,-0.477,0.859,-0.186],"_shiftlockState":true,"_pose":"FreeFall","_animationQueue":[],"_animationSpeed":1,"_zoom":16.125},{"_mousePosition":[683,384],"_rootPartCFrame":[749.583,228.589,43.402,-0.808,0,0.59,0,1,0,-0.59,0,-0.808],"_humanoidState":5,"_cameraCFrame":[749.226,245.806,39.415,-0.935,-0.346,0.079,0,0.223,0.975,-0.355,0.911,-0.209],"_shiftlockState":true,"_pose":"FreeFall","_animationQueue":[],"_animationSpeed":1,"_zoom":16.125},{"_mousePosition":[683,384],"_rootPartCFrame":[749.356,228.92,43.263,-0.879,0,0.476,0,1,0,-0.476,0,-0.879],"_humanoidState":5,"_cameraCFrame":[748.508,246.087,39.153,-0.974,-0.218,0.053,0,0.237,0.972,-0.225,0.947,-0.231],"_shiftlockState":true,"_pose":"FreeFall","_animationQueue":[],"_animationSpeed":1,"_zoom":16.125},{"_mousePosition":[683,384],"_rootPartCFrame":[749.113,229.197,43.155,-0.936,0,0.352,0,1,0,-0.352,0,-0.936],"_humanoidState":5,"_cameraCFrame":[747.711,246.311,38.993,-0.996,-0.082,0.021,0,0.25,0.968,-0.085,0.965,-0.249],"_shiftlockState":true,"_pose":"FreeFall","_animationQueue":[],"_animationSpeed":1,"_zoom":16.125},{"_mousePosition":[683,384],"_rootPartCFrame":[748.858,229.42,43.08,-0.976,0,0.216,0,1,0,-0.216,0,-0.976],"_humanoidState":5,"_cameraCFrame":[746.892,246.485,38.966,-0.999,0.05,-0.014,0,0.261,0.965,0.052,0.964,-0.261],"_shiftlockState":true,"_pose":"FreeFall","_animationQueue":[],"_animationSpeed":1,"_zoom":16.125},{"_mousePosition":[683,384],"_rootPartCFrame":[748.529,229.621,43.034,-0.993,0,0.114,0,1,0,-0.114,0,-0.993],"_humanoidState":5,"_cameraCFrame":[746.013,246.645,39.065,-0.983,0.176,-0.049,0,0.271,0.963,0.182,0.947,-0.266],"_shiftlockState":true,"_pose":"FreeFall","_animationQueue":[],"_animationSpeed":1,"_zoom":16.125},{"_mousePosition":[683,384],"_rootPartCFrame":[748.197,229.738,43.037,-1,0,-0.017,0,1,0,0.017,0,-1],"_humanoidState":5,"_cameraCFrame":[745.144,246.718,39.28,-0.952,0.295,-0.086,0,0.28,0.96,0.307,0.914,-0.266],"_shiftlockState":true,"_pose":"FreeFall","_animationQueue":[],"_animationSpeed":1,"_zoom":16.125},{"_mousePosition":[683,384],"_rootPartCFrame":[747.998,229.766,43.061,-0.977,0,-0.211,0,1,0,0.211,0,-0.977],"_humanoidState":5,"_cameraCFrame":[744.236,246.702,39.797,-0.879,0.457,-0.138,0,0.289,0.957,0.477,0.841,-0.254],"_shiftlockState":true,"_pose":"FreeFall","_animationQueue":[["fall",0.3]],"_animationSpeed":1,"_zoom":16.125},{"_mousePosition":[683,384],"_rootPartCFrame":[747.741,229.757,43.127,-0.934,0,-0.356,0,1,0,0.356,0,-0.934],"_humanoidState":5,"_cameraCFrame":[743.583,246.675,40.283,-0.816,0.553,-0.169,0,0.293,0.956,0.578,0.78,-0.239],"_shiftlockState":true,"_pose":"FreeFall","_animationQueue":[],"_animationSpeed":1,"_zoom":16.125},{"_mousePosition":[683,384],"_rootPartCFrame":[747.556,229.715,43.199,-0.87,0,-0.494,0,1,0,0.494,0,-0.87],"_humanoidState":5,"_cameraCFrame":[743.034,246.595,40.734,-0.748,0.633,-0.199,0,0.3,0.954,0.663,0.714,-0.225],"_shiftlockState":true,"_pose":"FreeFall","_animationQueue":[],"_animationSpeed":1,"_zoom":16.125},{"_mousePosition":[683,384],"_rootPartCFrame":[747.269,229.576,43.364,-0.848,0,-0.53,0,1,0,0.53,0,-0.848],"_humanoidState":5,"_cameraCFrame":[742.455,246.427,41.308,-0.678,0.7,-0.225,0,0.306,0.952,0.735,0.645,-0.207],"_shiftlockState":true,"_pose":"FreeFall","_animationQueue":[],"_animationSpeed":1,"_zoom":16.125},{"_mousePosition":[683,384],"_rootPartCFrame":[747.112,229.451,43.487,-0.748,0,-0.664,0,1,0,0.664,0,-0.748],"_humanoidState":5,"_cameraCFrame":[742.08,246.284,41.854,-0.606,0.756,-0.246,0,0.31,0.951,0.796,0.576,-0.188],"_shiftlockState":true,"_pose":"FreeFall","_animationQueue":[],"_animationSpeed":1,"_zoom":16.125},{"_mousePosition":[683,384],"_rootPartCFrame":[746.925,229.238,43.676,-0.706,0,-0.708,0,1,0,0.708,0,-0.706],"_humanoidState":5,"_cameraCFrame":[741.748,246.06,42.452,-0.537,0.801,-0.263,0,0.312,0.95,0.843,0.511,-0.167],"_shiftlockState":true,"_pose":"FreeFall","_animationQueue":[],"_animationSpeed":1,"_zoom":16.125},{"_mousePosition":[683,384],"_rootPartCFrame":[746.758,228.97,43.883,-0.645,0,-0.764,0,1,0,0.764,0,-0.645],"_humanoidState":5,"_cameraCFrame":[741.508,245.792,43.029,-0.476,0.836,-0.274,0,0.312,0.95,0.879,0.453,-0.148],"_shiftlockState":true,"_pose":"FreeFall","_animationQueue":[],"_animationSpeed":1,"_zoom":16.125},{"_mousePosition":[683,384],"_rootPartCFrame":[746.61,228.647,44.105,-0.589,0,-0.808,0,1,0,0.808,0,-0.589],"_humanoidState":5,"_cameraCFrame":[741.319,245.47,43.558,-0.424,0.86,-0.282,0,0.312,0.95,0.905,0.403,-0.132],"_shiftlockState":true,"_pose":"FreeFall","_animationQueue":[["fall",0.3]],"_animationSpeed":1,"_zoom":16.125},{"_mousePosition":[683,384],"_rootPartCFrame":[746.48,228.27,44.338,-0.541,0,-0.841,0,1,0,0.841,0,-0.541],"_humanoidState":5,"_cameraCFrame":[741.171,245.093,44.005,-0.387,0.876,-0.287,0,0.312,0.95,0.922,0.368,-0.121],"_shiftlockState":true,"_pose":"FreeFall","_animationQueue":[],"_animationSpeed":1,"_zoom":16.125},{"_mousePosition":[683,384],"_rootPartCFrame":[746.365,227.839,44.578,-0.506,0,-0.862,0,1,0,0.862,0,-0.506],"_humanoidState":5,"_cameraCFrame":[741.05,244.662,44.367,-0.366,0.884,-0.29,0,0.312,0.95,0.93,0.348,-0.114],"_shiftlockState":true,"_pose":"FreeFall","_animationQueue":[],"_animationSpeed":1,"_zoom":16.125},{"_mousePosition":[683,384],"_rootPartCFrame":[746.26,227.353,44.823,-0.487,0,-0.874,0,1,0,0.874,0,-0.487],"_humanoidState":5,"_cameraCFrame":[740.97,244.185,44.73,-0.347,0.892,-0.29,0,0.31,0.951,0.938,0.33,-0.108],"_shiftlockState":true,"_pose":"FreeFall","_animationQueue":[],"_animationSpeed":1,"_zoom":16.125},{"_mousePosition":[683,384],"_rootPartCFrame":[746.161,226.812,45.071,-0.469,0,-0.883,0,1,0,0.883,0,-0.469],"_humanoidState":5,"_cam