[{"_mousePosition":[683,384],"_rootPartCFrame":[776.03,222.7,47.142,0,0,1,0,1,0,-1,0,0],"_humanoidState":8,"_cameraCFrame":[776.409,240.018,44.031,-0.993,-0.119,0.023,0,0.194,0.981,-0.121,0.974,-0.193],"_shiftlockState":false,"_pose":"Standing","_animationQueue":[],"_animationSpeed":1,"_zoom":16.125},{"_mousePosition":[683,384],"_rootPartCFrame":[775.785,222.695,47.113,0.017,0,1,0,1,0,-1,0,0.017],"_humanoidState":8,"_cameraCFrame":[776.164,240.013,44.002,-0.993,-0.119,0.023,0,0.194,0.981,-0.121,0.974,-0.193],"_shiftlockState":false,"_pose":"Standing","_animationQueue":[],"_animationSpeed":1,"_zoom":16.125},{"_mousePosition":[683,384],"_rootPartCFrame":[775.653,222.696,47.097,0.024,0,1,0,1,0,-1,0,0.024],"_humanoidState":8,"_cameraCFrame":[776.032,240.014,43.986,-0.993,-0.119,0.023,0,0.194,0.981,-0.121,0.974,-0.193],"_shiftlockState":false,"_pose":"Running","_animationQueue":[["walk",0.1]],"_animationSpeed":1.066,"_zoom":16.125},{"_mousePosition":[683,384],"_rootPartCFrame":[775.389,222.698,47.065,0.037,0,0.999,0,1,0,-0.999,0,0.037],"_humanoidState":8,"_cameraCFrame":[775.768,240.015,43.954,-0.993,-0.119,0.023,0,0.194,0.981,-0.121,0.974,-0.193],"_shiftlockState":false,"_pose":"Running","_animationQueue":[],"_animationSpeed":1.066,"_zoom":16.125},{"_mousePosition":[683,384],"_rootPartCFrame":[775.124,222.699,47.032,0.048,0,0.999,0,1,0,-0.999,0,0.048],"_humanoidState":8,"_cameraCFrame":[775.511,240.016,43.922,-0.992,-0.121,0.024,0,0.194,0.981,-0.123,0.973,-0.193],"_shiftlockState":false,"_pose":"Running","_animationQueue":[],"_animationSpeed":1.066,"_zoom":16.125},{"_mousePosition":[683,384],"_rootPartCFrame":[774.859,222.699,47,0.058,0,0.998,0,1,0,-0.998,0,0.058],"_humanoidState":8,"_cameraCFrame":[775.25,240.023,43.922,-0.992,-0.124,0.024,0,0.192,0.981,-0.126,0.974,-0.191],"_shiftlockState":false,"_pose":"Running","_animationQueue":[],"_animationSpeed":1.066,"_zoom":16.125},{"_mousePosition":[683,384],"_rootPartCFrame":[774.462,222.699,46.951,0.071,0,0.997,0,1,0,-0.997,0,0.071],"_humanoidState":8,"_cameraCFrame":[774.86,240.035,43.936,-0.991,-0.129,0.025,0,0.189,0.982,-0.131,0.974,-0.187],"_shiftlockState":false,"_pose":"Running","_animationQueue":[["walk",0.1]],"_animationSpeed":1.066,"_zoom":16.125},{"_mousePosition":[683,384],"_rootPartCFrame":[774.33,222.699,46.934,0.075,0,0.997,0,1,0,-0.997,0,0.075],"_humanoidState":8,"_cameraCFrame":[774.728,240.047,43.981,-0.991,-0.131,0.025,0,0.185,0.983,-0.133,0.974,-0.183],"_shiftlockState":false,"_pose":"Running","_animationQueue":[],"_animationSpeed":1.066,"_zoom":16.125},{"_mousePosition":[683,384],"_rootPartCFrame":[774.066,222.7,46.899,0.082,0,0.997,0,1,0,-0.997,0,0.082],"_humanoidState":8,"_cameraCFrame":[774.47,240.058,44.01,-0.99,-0.136,0.025,0,0.181,0.983,-0.138,0.974,-0.179],"_shiftlockState":false,"_pose":"Running","_animationQueue":[],"_animationSpeed":1.066,"_zoom":16.125},{"_mousePosition":[683,384],"_rootPartCFrame":[773.669,222.7,46.846,0.093,0,0.996,0,1,0,-0.996,0,0.093],"_humanoidState":8,"_cameraCFrame":[774.074,240.075,44.05,-0.99,-0.141,0.025,0,0.175,0.985,-0.143,0.974,-0.173],"_shiftlockState":false,"_pose":"Running","_animationQueue":[],"_animationSpeed":1.066,"_zoom":16.125},{"_mousePosition":[683,384],"_rootPartCFrame":[773.405,222.7,46.809,0.099,0,0.995,0,1,0,-0.995,0,0.099],"_humanoidState":8,"_cameraCFrame":[773.814,240.08,44.039,-0.989,-0.144,0.025,0,0.174,0.985,-0.146,0.974,-0.172],"_shiftlockState":false,"_pose":"Running","_animationQueue":[],"_animationSpeed":1.066,"_zoom":16.125},{"_mousePosition":[683,384],"_rootPartCFrame":[773.273,222.7,46.79,0.102,0,0.995,0,1,0,-0.995,0,0.102],"_humanoidState":8,"_cameraCFrame":[773.696,240.08,44.022,-0.989,-0.149,0.026,0,0.174,0.985,-0.151,0.974,-0.172],"_shiftlockState":false,"_pose":"Running","_animationQueue":[],"_animationSpeed":1.066,"_zoom":16.125},{"_mousePosition":[683,384],"_rootPartCFrame":[772.877,222.7,46.732,0.111,0,0.994,0,1,0,-0.994,0,0.111],"_humanoidState":8,"_cameraCFrame":[773.3,240.08,43.964,-0.989,-0.149,0.026,0,0.174,0.985,-0.151,0.974,-0.172],"_shiftlockState":false,"_pose":"Running","_animationQueue":[["walk",0.1]],"_animationSpeed":1.066,"_zoom":16.125},{"_mousePosition":[683,384],"_rootPartCFrame":[772.746,222.7,46.712,0.113,0,0.994,0,1,0,-0.994,0,0.113],"_humanoidState":8,"_cameraCFrame":[773.175,240.08,43.945,-0.988,-0.151,0.027,0,0.174,0.985,-0.153,0.973,-0.172],"_shiftlockState":false,"_pose":"Running","_animationQueue":[],"_animationSpeed":1.066,"_zoom":16.125},{"_mousePosition":[683,384],"_rootPartCFrame":[772.35,222.7,46.652,0.121,0,0.993,0,1,0,-0.993,0,0.121],"_humanoidState":8,"_cameraCFrame":[772.78,240.08,43.885,-0.988,-0.151,0.027,0,0.174,0.985,-0.153,0.973,-0.172],"_shiftlockState":false,"_pose":"Running","_animationQueue":[],"_animationSpeed":1.066,"_zoom":16.125},{"_mousePosition":[683,384],"_rootPartCFrame":[772.087,222.7,46.611,0.125,0,0.992,0,1,0,-0.992,0,0.125],"_humanoidState":8,"_cameraCFrame":[772.516,240.08,43.844,-0.988,-0.151,0.027,0,0.174,0.985,-0.153,0.973,-0.172],"_shiftlockState":false,"_pose":"Running","_animationQueue":[],"_animationSpeed":1.066,"_zoom":16.125},{"_mousePosition":[683,384],"_rootPartCFrame":[771.955,222.7,46.59,0.127,0,0.992,0,1,0,-0.992,0,0.127],"_humanoidState":8,"_cameraCFrame":[772.384,240.08,43.823,-0.988,-0.151,0.027,0,0.174,0.985,-0.153,0.973,-0.172],"_shiftlockState":false,"_pose":"Running","_animationQueue":[],"_animationSpeed":1.066,"_zoom":16.125},{"_mousePosition":[683,384],"_rootPartCFrame":[771.691,222.7,46.549,0.131,0,0.991,0,1,0,-0.991,0,0.131],"_humanoidState":8,"_cameraCFrame":[772.121,240.08,43.782,-0.988,-0.151,0.027,0,0.174,0.985,-0.153,0.973,-0.172],"_shiftlockState":false,"_pose":"Running","_animationQueue":[],"_animationSpeed":1.066,"_zoom":16.125},{"_mousePosition":[683,384],"_rootPartCFrame":[771.296,222.7,46.488,0.135,0,0.991,0,1,0,-0.991,0,0.135],"_humanoidState":8,"_cameraCFrame":[771.726,240.08,43.721,-0.988,-0.151,0.027,0,0.174,0.985,-0.153,0.973,-0.172],"_shiftlockState":false,"_pose":"Running","_animationQueue":[],"_animationSpeed":1.066,"_zoom":16.125},{"_mousePosition":[683,384],"_rootPartCFrame":[771.164,222.7,46.467,0.137,0,0.991,0,1,0,-0.991,0,0.137],"_humanoidState":8,"_cameraCFrame":[771.594,240.08,43.701,-0.988,-0.151,0.027,0,0.174,0.985,-0.153,0.973,-0.172],"_shiftlockState":false,"_pose":"Running","_animationQueue":[["walk",0.1]],"_animationSpeed":1.066,"_zoom":16.125},{"_mousePosition":[683,384],"_rootPartCFrame":[770.901,222.7,46.427,0.139,0,0.99,0,1,0,-0.99,0,0.139],"_humanoidState":8,"_cameraCFrame":[771.323,240.08,43.659,-0.989,-0.149,0.026,0,0.174,0.985,-0.151,0.974,-0.172],"_shiftlockState":false,"_pose":"Running","_animationQueue":[],"_animationSpeed":1.066,"_zoom":16.125},{"_mousePosition":[683,384],"_rootPartCFrame":[770.505,222.7,46.365,0.142,0,0.99,0,1,0,-0.99,0,0.142],"_humanoidState":8,"_cameraCFrame":[770.921,240.08,43.596,-0.989,-0.146,0.026,0,0.174,0.985,-0.148,0.974,-0.172],"_shiftlockState":false,"_pose":"Running","_animationQueue":[],"_animationSpeed":1.066,"_zoom":16.125},{"_mousePosition":[683,384],"_rootPartCFrame":[770.308,222.679,46.334,0.143,0,0.99,0,1,0,-0.99,0,0.143],"_humanoidState":8,"_cameraCFrame":[770.709,240.059,43.563,-0.99,-0.141,0.025,0,0.174,0.985,-0.143,0.975,-0.172],"_shiftlockState":false,"_pose":"Running","_animationQueue":[],"_animationSpeed":1.066,"_zoom":16.125},{"_mousePosition":[683,384],"_rootPartCFrame":[770.044,222.604,46.294,0.145,0,0.989,0,1,0,-0.989,0,0.145],"_humanoidState":8,"_cameraCFrame":[768.699,239.984,43.278,-0.99,-0.136,0.024,0,0.174,0.985,-0.138,0.975,-0.172],"_shiftlockState":true,"_pose":"Running","_animationQueue":[],"_animationSpeed":1.066,"_zoom":16.125},{"_mousePosition":[683,384],"_rootPartCFrame":[769.715,223.674,46.242,-0.99,0,0.141,0,1,0,-0.141,0,-0.99],"_humanoidState":3,"_cameraCFrame":[768.369,241.054,43.227,-0.99,-0.136,0.024,0,0.174,0.985,-0.138,0.975,-0.172],"_shiftlockState":true,"_pose":"Jumping","_animationQueue":[["walk",0.1],["jump",0.1]],"_animationSpeed":1,"_zoom":16.125},{"_mousePosition":[683,384],"_rootPartCFrame":[769.451,224.469,46.205,-0.973,0,0.229,0,1,0,-0.229,0,-0.973],"_humanoidState":5,"_cameraCFrame":[768.098,241.849,43.193,-0.991,-0.134,0.024,0,0.174,0.985,-0.136,0.976,-0.172],"_shiftlockState":true,"_pose":"FreeFall","_animationQueue":[["jump",0.1]],"_animationSpeed":1,"_zoom":16.125},{"_mousePosition":[683,384],"_rootPartCFrame":[769.253,225.029,46.177,-0.973,0,0.23,0,1,0,-0.23,0,-0.973],"_humanoidState":5,"_cameraCFrame":[767.9,242.409,43.165,-0.991,-0.134,0.024,0,0.174,0.985,-0.136,0.976,-0.172],"_shiftlockState":true,"_pose":"FreeFall","_animationQueue":[],"_animationSpeed":1,"_zoom":16.125},{"_mousePosition":[683,384],"_rootPartCFrame":[768.923,225.895,46.132,-0.955,0,0.297,0,1,0,-0.297,0,-0.955],"_humanoidState":5,"_cameraCFrame":[767.562,243.275,43.123,-0.991,-0.131,0.023,0,0.174,0.985,-0.133,0.976,-0.172],"_shiftlockState":true,"_pose":"FreeFall","_animationQueue":[],"_animationSpeed":1,"_zoom":16.125},{"_mousePosition":[683,384],"_rootPartCFrame":[768.724,226.374,46.105,-0.973,0,0.232,0,1,0,-0.232,0,-0.973],"_humanoidState":5,"_cameraCFrame":[767.356,243.754,43.1,-0.991,-0.129,0.023,0,0.174,0.985,-0.131,0.976,-0.172],"_shiftlockState":true,"_pose":"FreeFall","_animationQueue":[],"_animationSpeed":1,"_zoom":16.125},{"_mousePosition":[683,384],"_rootPartCFrame":[768.46,226.964,46.069,-0.965,0,0.261,0,1,0,-0.261,0,-0.965],"_humanoidState":5,"_cameraCFrame":[767.092,244.344,43.064,-0.991,-0.129,0.023,0,0.174,0.985,-0.131,0.976,-0.172],"_shiftlockState":true,"_pose":"FreeFall","_animationQueue":[],"_animationSpeed":1,"_zoom":16.125},{"_mousePosition":[683,384],"_rootPartCFrame":[768.13,227.626,46.025,-0.956,0,0.293,0,1,0,-0.293,0,-0.956],"_humanoidState":5,"_cameraCFrame":[766.761,245.006,43.02,-0.991,-0.129,0.023,0,0.174,0.985,-0.131,0.976,-0.172],"_shiftlockState":true,"_pose":"FreeFall","_animationQueue":[],"_animationSpeed":1,"_zoom":16.125},{"_mousePosition":[683,384],"_rootPartCFrame":[767.932,227.981,45.999,-0.973,0,0.229,0,1,0,-0.229,0,-0.973],"_humanoidState":5,"_cameraCFrame":[766.563,245.361,42.994,-0.991,-0.129,0.023,0,0.174,0.985,-0.131,0.976,-0.172],"_shiftlockState":true,"_pose":"FreeFall","_animationQueue":[],"_animationSpeed":1,"_zoom":16.125},{"_mousePosition":[683,384],"_rootPartCFrame":[767.601,228.507,45.955,-0.956,0,0.293,0,1,0,-0.293,0,-0.956],"_humanoidState":5,"_cameraCFrame":[766.233,245.887,42.95,-0.991,-0.129,0.023,0,0.174,0.985,-0.131,0.976,-0.172],"_shiftlockState":true,"_pose":"FreeFall","_animationQueue":[],"_animationSpeed":1,"_zoom":16.125},{"_mousePosition":[683,384],"_rootPartCFrame":[767.337,228.865,45.921,-0.965,0,0.261,0,1,0,-0.261,0,-0.965],"_humanoidState":5,"_cameraCFrame":[765.968,246.245,42.916,-0.991,-0.129,0.023,0,0.174,0.985,-0.131,0.976,-0.172],"_shiftlockState":true,"_pose":"FreeFall","_animationQueue":[],"_animationSpeed":1,"_zoom":16.125},{"_mousePosition":[683,384],"_rootPartCFrame":[767.138,229.099,45.894,-0.973,0,0.229,0,1,0,-0.229,0,-0.973],"_humanoidState":5,"_cameraCFrame":[765.77,246.479,42.889,-0.991,-0.129,0.023,0,0.174,0.985,-0.131,0.976,-0.172],"_shiftlockState":true,"_pose":"FreeFall","_animationQueue":[],"_animationSpeed":1,"_zoom":16.125},{"_mousePosition":[683,384],"_rootPartCFrame":[766.808,229.419,45.851,-0.956,0,0.293,0,1,0,-0.293,0,-0.956],"_humanoidState":5,"_cameraCFrame":[765.439,246.799,42.846,-0.991,-0.129,0.023,0,0.174,0.985,-0.131,0.976,-0.172],"_shiftlockState":true,"_pose":"FreeFall","_animationQueue":[],"_animationSpeed":1,"_zoom":16.125},{"_mousePosition":[683,384],"_rootPartCFrame":[766.543,229.615,45.816,-0.965,0,0.261,0,1,0,-0.261,0,-0.965],"_humanoidState":5,"_cameraCFrame":[765.175,246.995,42.811,-0.991,-0.129,0.023,0,0.174,0.985,-0.131,0.976,-0.172],"_shiftlockState":true,"_pose":"FreeFall","_animationQueue":[],"_animationSpeed":1,"_zoom":16.125},{"_mousePosition":[683,384],"_rootPartCFrame":[766.279,229.755,45.781,-0.965,0,0.261,0,1,0,-0.261,0,-0.965],"_humanoidState":5,"_cameraCFrame":[764.911,247.135,42.776,-0.991,-0.129,0.023,0,0.174,0.985,-0.131,0.976,-0.172],"_shiftlockState":true,"_pose":"FreeFall","_animationQueue":[],"_animationSpeed":1,"_zoom":16.125},{"_mousePosition":[683,384],"_rootPartCFrame":[766.081,229.825,45.755,-0.973,0,0.229,0,1,0,-0.229,0,-0.973],"_humanoidState":5,"_cameraCFrame":[764.712,247.205,42.75,-0.991,-0.129,0.023,0,0.174,0.985,-0.131,0.976,-0.172],"_shiftlockState":true,"_pose":"FreeFall","_animationQueue":[],"_animationSpeed":1,"_zoom":16.125},{"_mousePosition":[683,384],"_rootPartCFrame":[765.75,229.873,45.711,-0.956,0,0.293,0,1,0,-0.293,0,-0.956],"_humanoidState":5,"_cameraCFrame":[764.382,247.253,42.706,-0.991,-0.129,0.023,0,0.174,0.985,-0.131,0.976,-0.172],"_shiftlockState":true,"_pose":"FreeFall","_animationQueue":[],"_animationSpeed":1,"_zoom":16.125},{"_mousePosition":[683,384],"_rootPartCFrame":[765.486,229.851,45.676,-0.965,0,0.261,0,1,0,-0.261,0,-0.965],"_humanoidState":5,"_cameraCFrame":[764.125,247.231,42.668,-0.991,-0.131,0.023,0,0.174,0.985,-0.133,0.976,-0.172],"_shiftlockState":true,"_pose":"FreeFall","_animationQueue":[],"_animationSpeed":1,"_zoom":16.125},{"_mousePosition":[683,384],"_rootPartCFrame":[765.221,229.773,45.641,-0.965,0,0.264,0,1,0,-0.264,0,-0.965],"_humanoidState":5,"_cameraCFrame":[763.876,247.154,42.626,-0.99,-0.136,0.024,0,0.174,0.985,-0.138,0.975,-0.172],"_shiftlockState":true,"_pose":"FreeFall","_animationQueue":[],"_animationSpeed":1,"_zoom":16.125},{"_mousePosition":[683,384],"_rootPartCFrame":[764.957,229.642,45.606,-0.963,0,0.269,0,1,0,-0.269,0,-0.963],"_humanoidState":5,"_cameraCFrame":[763.65,247.022,42.574,-0.989,-0.149,0.026,0,0.174,0.985,-0.151,0.974,-0.172],"_shiftlockState":true,"_pose":"FreeFall","_animationQueue":[],"_animationSpeed":1,"_zoom":16.125},{"_mousePosition":[683,384],"_rootPartCFrame":[764.759,229.507,45.578,-0.969,0,0.249,0,1,0,-0.249,0,-0.969],"_humanoidState":5,"_cameraCFrame":[763.505,246.887,42.524,-0.986,-0.166,0.029,0,0.174,0.985,-0.168,0.971,-0.171],"_shiftlockState":true,"_pose":"FreeFall","_animationQueue":[],"_animationSpeed":1,"_zoom":16.125},{"_mousePosition":[683,384],"_rootPartCFrame":[764.429,229.215,45.529,-0.944,0,0.33,0,1,0,-0.33,0,-0.944],"_humanoidState":5,"_cameraCFrame":[763.246,246.595,42.446,-0.982,-0.188,0.033,0,0.174,0.985,-0.191,0.967,-0.17],"_shiftlockState":true,"_pose":"FreeFall","_animationQueue":[["fall",0.3]],"_animationSpeed":1,"_zoom":16.125},{"_mousePosition":[683,384],"_rootPartCFrame":[764.166,228.92,45.484,-0.948,0,0.32,0,1,0,-0.32,0,-0.948],"_humanoidState":5,"_cameraCFrame":[763.053,246.3,42.376,-0.977,-0.21,0.037,0,0.174,0.985,-0.213,0.962,-0.17],"_shiftlockState":true,"_pose":"FreeFall","_animationQueue":[],"_animationSpeed":1,"_zoom":16.125},{"_mousePosition":[683,384],"_rootPartCFrame":[763.97,228.662,45.447,-0.951,0,0.31,0,1,0,-0.31,0,-0.951],"_humanoidState":5,"_cameraCFrame":[762.928,246.042,42.314,-0.972,-0.232,0.041,0,0.174,0.985,-0.235,0.957,-0.169],"_shiftlockState":true,"_pose":"FreeFall","_animationQueue":[],"_animationSpeed":1,"_zoom":16.125},{"_mousePosition":[683,384],"_rootPartCFrame":[763.709,228.272,45.391,-0.932,0,0.362,0,1,0,-0.362,0,-0.932],"_humanoidState":5,"_cameraCFrame":[762.747,245.652,42.233,-0.966,-0.256,0.045,0,0.174,0.985,-0.26,0.951,-0.168],"_shiftlockState":true,"_pose":"FreeFall","_animationQueue":[],"_animationSpeed":1,"_zoom":16.125},{"_mousePosition":[683,384],"_rootPartCFrame":[763.385,227.707,45.314,-0.909,0,0.416,0,1,0,-0.416,0,-0.909],"_humanoidState":5,"_cameraCFrame":[762.447,245.087,42.148,-0.964,-0.263,0.046,0,0.174,0.985,-0.267,0.949,-0.167],"_shiftlockState":true,"_pose":"FreeFall","_animationQueue":[],"_animationSpeed":1,"_zoom":16.125},{"_mousePosition":[683,384],"_rootPartCFrame":[763.127,227.194,45.245,-0.92,0,0.393,0,1,0,-0.393,0,-0.92],"_humanoidState":5,"_cameraCFrame":[762.189,244.574,42.079,-0.964,-0.263,0.046,0,0.174,0.985,-0.267,0.949,-0.167],"_shiftlockState":true,"_pose":"FreeFall","_animationQueue":[],"_animationSpeed":1,"_zoom":16.125},{"_mousePosition":[683,384],"_rootPartCFrame":[762.934,226.773,45.192,-0.932,0,0.362,0,1,0,-0.362,0,-0.932],"_humanoidState":5,"_cameraCFrame":[762.004,244.153,42.024,-0.963,-0.266,0.047,0,0.174,0.985,-0.27,0.948,-0.167],"_shiftlockState":true,"_pose":"FreeFall","_animationQueue":[],"_animationSpeed":1,"_zoom":16.125},{"_mousePosition":[683,384],"_rootPartCFrame":[762.613,226.004,45.103,-0.905,0,0.426,0,1,0,-0.426,0,-0.905],"_humanoidState":5,"_cameraCFrame":[761.699,243.384,41.93,-0.962,-0.27,0.048,0,0.174,0.985,-0.274,0.947,-0.167],"_shiftlockState":true,"_pose":"FreeFall","_animationQueue":[["fall",0.3]],"_animationSpeed":1,"_zoom":16.125},{"_mousePosition":[683,384],"_rootPartCFrame":[762.356,225.327,45.031,-0.917,0,0.4,0,1,0,-0.4,0,-0.917],"_humanoidState":5,"_cameraCFrame":[761.458,242.707,41.854,-0.96,-0.275,0.049,0,0.174,0.985,-0.279,0.946,-0.167],"_shiftlockState":true,"_pose":"FreeFall","_animationQueue":[],"_animationSpeed":1,"_zoom":16.125},{"_mousePosition":[683,384],"_rootPartCFrame":[762.164,224.784,44.977,-0.928,0,0.374,0,1,0,-0.374,0,-0.928],"_humanoidState":5,"_cameraCFrame":[761.282,242.164,41.795,-0.959,-0.28,0.049,0,0.174,0.985,-0.284,0.944,-0.166],"_shiftlockState":true,"_pose":"FreeFall","_animationQueue":[],"_animationSpeed":1,"_zoom":16.125},{"_mousePosition":[683,384],"_rootPartCFrame":[761.844,223.81,44.884,-0.898,0,0.439,0,1,0,-0.439,0,-0.898],"_humanoidState":5,"_cameraCFrame":[760.978,241.19,41.697,-0.957,-0.285,0.05,0,0.174,0.985,-0.289,0.943,-0.166],"_shiftlockState":true,"_pose":"FreeFall","_animationQueue":[],"_animationSpeed":1,"_zoom":16.125},{"_mousePosition":[683,384],"_rootPartCFrame":[761.588,222.97,44.808,-0.91,0,0.414,0,1,0,-0.414,0,-0.91],"_humanoidState":5,"_cameraCFrame":[760.738,240.35,41.617,-0.956,-0.289,0.051,0,0.174,0.985,-0.294,0.941,-0.166],"_shiftlockState":true,"_pose":"FreeFall","_animationQueue":[],"_animationSpeed":1,"_zoom":16.125},{"_mousePosition":[683,384],"_rootPartCFrame":[761.396,222.415,44.751,-0.946,0,0.326,0,1,0,-0.326,0,-0.946],"_humanoidState":7,"_cameraCFrame":[760.563,239.795,41.556,-0.954,-0.294,0.052,0,0.174,0.985,-0.299,0.94,-0.166],"_shiftlockState":true,"_pose":"FreeFall","_animationQueue":[["walk",0.1],["fall",0.3],["fall",0.3]],"_animationSpeed":1,"_zoom":16.125},{"_mousePosition":[683,384],"_rootPartCFrame":[761.078,222.402,44.653,-0.952,0,0.305,0,1,0,-0.305,0,-0.952],"_humanoidState":7,"_cameraCFrame":[760.244,239.782,41.458,-0.954,-0.294,0.052,0,0.174,0.985,-0.299,0.94,-0.166],"_shiftlockState":true,"_pose":"FreeFall","_animationQueue":[],"_animationSpeed":1,"_zoom":16.125},{"_mousePosition":[683,384],"_rootPartCFrame":[760.887,222.475,44.593,-0.954,0,0.299,0,1,0,-0.299,0,-0.954],"_humanoidState":7,"_cameraCFrame":[760.061,239.855,41.396,-0.954,-0.297,0.052,0,0.174,0.985,-0.301,0.939,-0.166],"_shiftlockState":true,"_pose":"FreeFall","_animationQueue":[["fall",0.3]],"_animationSpeed":1,"_zoom":16.125},{"_mousePosition":[683,384],"_rootPartCFrame":[760.632,222.546,44.514,-0.954,0,0.301,0,1,0,-0.301,0,-0.954],"_humanoidState":8,"_cameraCFrame":[759.807,239.926,41.316,-0.954,-0.297,0.052,0,0.174,0.985,-0.301,0.939,-0.166],"_shiftlockState":true,"_pose":"Running","_animationQueue":[["walk",0.1],["fall",0.3],["walk",0.1]],"_animationSpeed":1.103,"_zoom":16.125},{"_mousePosition":[683,384],"_rootPartCFrame":[760.251,222.601,44.393,-0.954,0,0.301,0,1,0,-0.301,0,-0.954],"_humanoidState":8,"_cameraCFrame":[759.425,239.981,41.196,-0.954,-0.297,0.052,0,0.174,0.985,-0.301,0.939,-0.166],"_shiftlockState":true,"_pose":"Running","_animationQueue":[],"_animationSpeed":1.103,"_zoom":16.125},{"_mousePosition":[683,384],"_rootPartCFrame":[760.06,222.616,44.333,-0.954,0,0.301,0,1,0,-0.301,0,-0.954],"_humanoidState":8,"_cameraCFrame":[759.226,239.996,41.138,-0.954,-0.294,0.052,0,0.174,0.985,-0.299,0.94,-0.166],"_shiftlockState":true,"_pose":"Running","_animationQueue":[],"_animationSpeed":1.103,"_zoom":16.125},{"_mousePosition":[683,384],"_rootPartCFrame":[759.806,222.626,44.253,-0.954,0,0.299,0,1,0,-0.299,0,-0.954],"_humanoidState":8,"_cameraCFrame":[758.948,240.006,41.064,-0.957,-0.287,0.051,0,0.174,0.985,-0.291,0.942,-0.166],"_shiftlockState":true,"_pose":"Running","_animationQueue":[],"_animationSpeed":1.103,"_zoom":16.125},{"_mousePosition":[683,384],"_rootPartCFrame":[759.488,222.633,44.153,-0.957,0,0.291,0,1,0,-0.291,0,-0.957],"_humanoidState":8,"_cameraCFrame":[758.606,240.013,40.971,-0.959,-0.28,0.049,0,0.174,0.985,-0.284,0.944,-0.166],"_shiftlockState":true,"_pose":"Running","_animationQueue":[],"_animationSpeed":1.103,"_zoom":16.125},{"_mousePosition":[683,384],"_rootPartCFrame":[759.297,222.635,44.094,-0.959,0,0.284,0,1,0,-0.284,0,-0.959],"_humanoidState":8,"_cameraCFrame":[758.398,240.015,40.917,-0.96,-0.275,0.049,0,0.174,0.985,-0.279,0.946,-0.167],"_shiftlockState":true,"_pose":"Running","_animationQueue":[["walk",0.1]],"_animationSpeed":1.103,"_zoom":16.125},{"_mousePosition":[683,384],"_rootPartCFrame":[758.977,222.637,43.999,-0.96,0,0.279,0,1,0,-0.279,0,-0.96],"_humanoidState":8,"_cameraCFrame":[758.063,240.017,40.826,-0.962,-0.27,0.048,0,0.174,0.985,-0.274,0.947,-0.167],"_shiftlockState":true,"_pose":"Running","_animationQueue":[],"_animationSpeed":1.103,"_zoom":16.125},{"_mousePosition":[683,384],"_rootPartCFrame":[758.721,223.51,43.924,-0.962,0,0.274,0,1,0,-0.274,0,-0.962],"_humanoidState":3,"_cameraCFrame":[757.791,240.89,40.755,-0.963,-0.266,0.047,0,0.174,0.985,-0.27,0.948,-0.167],"_shiftlockState":true,"_pose":"Jumping","_animationQueue":[["walk",0.1],["jump",0.1]],"_animationSpeed":1,"_zoom":16.125},{"_mousePosition":[683,384],"_rootPartCFrame":[758.529,224.132,43.868,-0.944,0,0.329,0,1,0,-0.329,0,-0.944],"_humanoidState":5,"_cameraCFrame":[757.599,241.512,40.7,-0.963,-0.266,0.047,0,0.174,0.985,-0.27,0.948,-0.167],"_shiftlockState":true,"_pose":"FreeFall","_animationQueue":[["jump",0.1]],"_animationSpeed":1,"_zoom":16.125},{"_mousePosition":[683,384],"_rootPartCFrame":[758.272,224.913,43.796,-0.922,0,0.388,0,1,0,-0.388,0,-0.922],"_humanoidState":5,"_cameraCFrame":[757.334,242.293,40.63,-0.964,-0.263,0.046,0,0.174,0.985,-0.267,0.949,-0.167],"_shiftlockState":true,"_pose":"FreeFall","_animationQueue":[],"_animationSpeed":1,"_zoom":16.125},{"_mousePosition":[683,384],"_rootPartCFrame":[757.951,225.813,43.706,-0.906,0,0.422,0,1,0,-0.422,0,-0.906],"_humanoidState":5,"_cameraCFrame":[757.013,243.193,40.54,-0.964,-0.263,0.046,0,0.174,0.985,-0.267,0.949,-0.167],"_shiftlockState":true,"_pose":"FreeFall","_animationQueue":[],"_animationSpeed":1,"_zoom":16.125},{"_mousePosition":[683,384],"_rootPartCFrame":[757.759,226.312,43.653,-0.932,0,0.362,0,1,0,-0.362,0,-0.932],"_humanoidState":5,"_cameraCFrame":[756.82,243.692,40.487,-0.964,-0.263,0.046,0,0.174,0.985,-0.267,0.949,-0.167],"_shiftlockState":true,"_pose":"FreeFall","_animationQueue":[],"_animationSpeed":1,"_zoom":16.125},{"_mousePosition":[683,384],"_rootPartCFrame":[757.502,226.929,43.582,-0.92,0,0.393,0,1,0,-0.393,0,-0.92],"_humanoidState":5,"_cameraCFrame":[756.563,244.309,40.416,-0.964,-0.263,0.046,0,0.174,0.985,-0.267,0.949,-0.167],"_shiftlockState":true,"_pose":"FreeFall","_animationQueue":[],"_animationSpeed":1,"_zoom":16.125},{"_mousePosition":[683,384],"_rootPartCFrame":[757.18,227.625,43.492,-0.906,0,0.423,0,1,0,-0.423,0,-0.906],"_humanoidState":5,"_cameraCFrame":[756.226,245.005,40.331,-0.965,-0.258,0.046,0,0.174,0.985,-0.262,0.95,-0.168],"_shiftlockState":true,"_pose":"FreeFall","_animationQueue":[],"_animationSpeed":1,"_zoom":16.125},{"_mousePosition":[683,384],"_rootPartCFrame":[756.923,228.12,43.421,-0.922,0,0.388,0,1,0,-0.388,0,-0.922],"_humanoidState":5,"_cameraCFrame":[755.953,245.5,40.265,-0.966,-0.253,0.045,0,0.174,0.985,-0.257,0.952,-0.168],"_shiftlockState":true,"_pose":"FreeFall","_animationQueue":[],"_animationSpeed":1,"_zoom":16.125},{"_mousePosition":[683,384],"_rootPartCFrame":[756.73,228.455,43.369,-0.936,0,0.353,0,1,0,-0.353,0,-0.936],"_humanoidState":5,"_cameraCFrame":[755.736,245.835,40.22,-0.968,-0.246,0.043,0,0.174,0.985,-0.25,0.954,-0.168],"_shiftlockState":true,"_pose":"FreeFall","_animationQueue":[],"_animationSpeed":1,"_zoom":16.125},{"_mousePosition":[683,384],"_rootPartCFrame":[756.408,228.946,43.283,-0.913,0,0.407,0,1,0,-0.407,0,-0.913],"_humanoidState":5,"_cameraCFrame":[755.398,246.326,40.139,-0.969,-0.241,0.043,0,0.174,0.985,-0.245,0.955,-0.168],"_shiftlockState":true,"_pose":"FreeFall","_animationQueue":[],"_animationSpeed":1,"_zoom":16.125},{"_mousePosition":[683,384],"_rootPartCFrame":[756.215,229.2,43.232,-0.94,0,0.341,0,1,0,-0.341,0,-0.94],"_humanoidState":5,"_cameraCFrame":[755.189,246.58,40.094,-0.971,-0.237,0.042,0,0.174,0.985,-0.24,0.956,-0.169],"_shiftlockState":true,"_pose":"FreeFall","_animationQueue":[],"_animationSpeed":1,"_zoom":16.125},{"_mousePosition":[683,384],"_rootPartCFrame":[755.956,229.491,43.167,-0.93,0,0.367,0,1,0,-0.367,0,-0.93],"_humanoidState":5,"_cameraCFrame":[754.93,246.871,40.028,-0.971,-0.237,0.042,0,0.174,0.985,-0.24,0.956,-0.169],"_shiftlockState":true,"_pose":"FreeFall","_animationQueue":[],"_animationSpeed":1,"_zoom":16.125},{"_mousePosition":[683,384],"_rootPartCFrame":[755.698,229.727,43.102,-0.93,0,0.367,0,1,0,-0.367,0,-0.93],"_humanoidState":5,"_cameraCFrame":[754.672,247.107,39.964,-0.971,-0.237,0.042,0,0.174,0.985,-0.24,0.956,-0.169],"_shiftlockState":true,"_pose":"FreeFall","_animationQueue":[],"_animationSpeed":1,"_zoom":16.125},{"_mousePosition":[683,384],"_rootPartCFrame":[755.439,229.909,43.038,-0.93,0,0.367,0,1,0,-0.367,0,-0.93],"_humanoidState":5,"_cameraCFrame":[754.413,247.289,39.9,-0.971,-0.237,0.042,0,0.174,0.985,-0.24,0.956,-0.169],"_shiftlockState":true,"_pose":"FreeFall","_animationQueue":[],"_animationSpeed":1,"_zoom":16.125},{"_mousePosition":[683,384],"_rootPartCFrame":[755.18,230.036,42.974,-0.93,0,0.367,0,1,0,-0.367,0,-0.93],"_humanoidState":5,"_cameraCFrame":[754.154,247.416,39.836,-0.971,-0.237,0.042,0,0.174,0.985,-0.24,0.956,-0.169],"_shiftlockState":true,"_pose":"FreeFall","_animationQueue":[],"_animationSpeed":1,"_zoom":16.125},{"_mousePosition":[683,384],"_rootPartCFrame":[754.921,230.108,42.91,-0.93,0,0.367,0,1,0,-0.367,0,-0.93],"_humanoidState":5,"_cameraCFrame":[753.895,247.488,39.772,-0.971,-0.237,0.042,0,0.174,0.985,-0.24,0.956,-0.169],"_shiftlockState":true,"_pose":"FreeFall","_animationQueue":[],"_animationSpeed":1,"_zoom":16.125},{"_mousePosition":[683,384],"_rootPartCFrame":[754.598,230.122,42.83,-0.917,0,0.398,0,1,0,-0.398,0,-0.917],"_humanoidState":5,"_cameraCFrame":[753.572,247.503,39.692,-0.971,-0.237,0.042,0,0.174,0.985,-0.24,0.956,-0.169],"_shiftlockState":true,"_pose":"FreeFall","_animationQueue":[],"_animationSpeed":1,"_zoom":16.125},{"_mousePosition":[683,384],"_rootPartCFrame":[754.404,230.09,42.782,-0.942,0,0.336,0,1,0,-0.336,0,-0.942],"_humanoidState":5,"_cameraCFrame":[753.378,247.47,39.644,-0.971,-0.237,0.042,0,0.174,0.985,-0.24,0.956,-0.169],"_shiftlockState":true,"_pose":"FreeFall","_animationQueue":[],"_animationSpeed":1,"_zoom":16.125},{"_mousePosition":[683,384],"_rootPartCFrame":[754.08,229.968,42.702,-0.917,0,0.398,0,1,0,-0.398,0,-0.917],"_humanoidState":5,"_cameraCFrame":[753.07,247.348,39.558,-0.969,-0.241,0.043,0,0.174,0.985,-0.245,0.955,-0.168],"_shiftlockState":true,"_pose":"FreeFall","_animationQueue":[["fall",0.3]],"_animationSpeed":1,"_zoom":16.125},{"_mousePosition":[683,384],"_rootPartCFrame":[753.886,229.854,42.654,-0.94,0,0.341,0,1,0,-0.341,0,-0.94],"_humanoidState":5,"_cameraCFrame":[752.9,247.234,39.503,-0.968,-0.249,0.044,0,0.174,0.985,-0.253,0.953,-0.168],"_shiftlockState":true,"_pose":"FreeFall","_animationQueue":[],"_animationSpeed":1,"_zoom":16.125},{"_mousePosition":[683,384],"_rootPartCFrame":[753.627,229.654,42.589,-0.925,0,0.379,0,1,0,-0.379,0,-0.925],"_humanoidState":5,"_cameraCFrame":[752.681,247.034,39.425,-0.964,-0.261,0.046,0,0.174,0.985,-0.265,0.95,-0.167],"_shiftlockState":true,"_pose":"FreeFall","_animationQueue":[],"_animationSpeed":1,"_zoom":16.125},{"_mousePosition":[683,384],"_rootPartCFrame":[753.369,229.4,42.522,-0.921,0,0.391,0,1,0,-0.391,0,-0.921],"_humanoidState":5,"_cameraCFrame":[752.479,246.78,39.342,-0.959,-0.277,0.049,0,0.174,0.985,-0.282,0.945,-0.167],"_shiftlockState":true,"_pose":"FreeFall","_animationQueue":[],"_animationSpeed":1,"_zoom":16.125},{"_mousePosition":[683,384],"_rootPartCFrame":[753.112,229.091,42.452,-0.914,0,0.407,0,1,0,-0.407,0,-0.914],"_humanoidState":5,"_cameraCFrame":[752.286,246.471,39.255,-0.954,-0.297,0.052,0,0.174,0.985,-0.301,0.939,-0.166],"_shiftlockState":true,"_pose":"FreeFall","_animationQueue":[],"_animationSpeed":1,"_zoom":16.125},{"_mousePosition":[683,384],"_rootPartCFrame":[752.856,228.727,42.377,-0.905,0,0.425,0,1,0,-0.425,0,-0.905],"_humanoidState":5,"_cameraCFrame":[752.112,246.108,39.16,-0.946,-0.32,0.056,0,0.174,0.985,-0.325,0.931,-0.164],"_shiftlockState":true,"_pose":"FreeFall","_animationQueue":[],"_animationSpeed":1,"_zoom":16.125},{"_mousePosition":[683,384],"_rootPartCFrame":[752.602,228.31,42.298,-0.894,0,0.448,0,1,0,-0.448,0,-0.894],"_humanoidState":5,"_cameraCFrame":[751.955,245.69,39.06,-0.935,-0.348,0.061,0,0.174,0.985,-0.354,0.921,-0.162],"_shiftlockState":true,"_pose":"FreeFall","_animationQueue":[],"_animationSpeed":1,"_zoom":16.125},{"_mousePosition":[683,384],"_rootPartCFrame":[752.349,227.837,42.212,-0.88,0,0.475,0,1,0,-0.475,0,-0.88],"_humanoidState":5,"_cameraCFrame":[751.818,245.217,38.953,-0.922,-0.381,0.067,0,0.174,0.985,-0.387,0.908,-0.16],"_shiftlockState":true,"_pose":"FreeFall","_animationQueue":[["fall",0.3]],"_animationSpeed":1,"_zoom":16.125},{"_mousePosition":[683,384],"_rootPartCFrame":[752.099,227.31,42.119,-0.863,0,0.506,0,1,0,-0.506,0,-0.863],"_humanoidState":5,"_cameraCFrame":[751.692,244.69,38.842,-0.907,-0.415,0.073,0,0.174,0.985,-0.421,0.893,-0.157],"_shiftlockState":true,"_pose":"FreeFall","_animationQueue":[],"_animationSpeed":1,"_zoom":16.125},{"_mousePosition":[683,384],"_rootPartCFrame":[751.853,226.729,42.017,-0.843,0,0.538,0,1,0,-0.538,0,-0.843],"_humanoidState":5,"_cameraCFrame":[751.612,244.109,38.724,-0.884,-0.46,0.081,0,0.174,0.985,-0.467,0.871,-0.154],"_shiftlockState":true,"_pose":"FreeFall","_animationQueue":[],"_animationSpeed":1,"_zoom":16.125},{"_mousePosition":[683,384],"_rootPartCFrame":[751.61,226.093,41.906,-0.815,0,0.58,0,1,0,-0.58,0,-0.815],"_humanoidState":5,"_cameraCFrame":[751.578,243.473,38.604,-0.853,-0.514,0.091,0,0.174,0.985,-0.522,0.84,-0.148],"_shiftlockState":true,"_pose":"FreeFall","_animationQueue":[],"_animationSpeed":1,"_zoom":16.125},{"_mousePosition":[683,384],"_rootPartCFrame":[751.374,225.403,41.783,-0.776,0,0.63,0,1,0,-0.63,0,-0.776],"_humanoidState":5,"_cameraCFrame":[751.725,242.783,38.5,-0.787,-0.608,0.107,0,0.174,0.985,-0.617,0.775,-0.137],"_shiftlockState":true,"_pose":"FreeFall","_animationQueue":[],"_animationSpeed":1,"_zoom":16.125},{"_mousePosition":[683,384],"_rootPartCFrame":[751.088,224.463,41.612,-0.674,0,0.739,0,1,0,-0.739,0,-0.674],"_humanoidState":5,"_cameraCFrame":[751.712,241.843,38.369,-0.733,-0.67,0.118,0,0.174,0.985,-0.681,0.721,-0.127],"_shiftlockState":true,"_pose":"FreeFall","_animationQueue":[],"_animationSpeed":1,"_zoom":16.125},{"_mousePosition":[683,384],"_rootPartCFrame":[750.873,223.65,41.455,-0.636,0,0.772,0,1,0,-0.772,0,-0.636],"_humanoidState":5,"_cameraCFrame":[751.749,241.03,38.272,-0.677,-0.725,0.128,0,0.174,0.985,-0.736,0.667,-0.118],"_shiftlockState":true,"_pose":"FreeFall","_animationQueue":[["fall",0.3]],"_animationSpeed":1,"_zoom":16.125},{"_mousePosition":[683,384],"_rootPartCFrame":[750.675,222.783,41.276,-0.646,0,0.763,0,1,0,-0.763,0,-0.646],"_humanoidState":7,"_cameraCFrame":[751.759,240.163,38.157,-0.627,-0.767,0.135,0,0.174,0.985,-0.779,0.618,-0.109],"_shiftlockState":true,"_pose":"FreeFall","_animationQueue":[["walk",0.1],["fall",0.3],["fall",0.3]],"_animationSpeed":1,"_zoom":16.125},{"_mousePosition":[683,384],"_rootPartCFrame":[750.537,222.386,41.131,-0.624,0,0.782,0,1,0,-0.782,0,-0.624],"_humanoidState":7,"_cameraCFrame":[751.747,239.766,38.059,-0.595,-0.792,0.14,0,0.174,0.985,-0.804,0.586,-0.103],"_shiftlockState":true,"_pose":"FreeFall","_animationQueue":[],"_animationSpeed":1,"_zoom":16.125},{"_mousePosition":[683,384],"_rootPartCFrame":[750.368,222.414,40.925,-0.594,0,0.804,0,1,0,-0.804,0,-0.594],"_humanoidState":7,"_cameraCFrame":[751.601,239.794,37.862,-0.589,-0.796,0.14,0,0.174,0.985,-0.808,0.58,-0.102],"_shiftlockState":true,"_pose":"FreeFall","_animationQueue":[],"_animationSpeed":1,"_zoom":16.125},{"_mousePosition":[683,384],"_rootPartCFrame":[750.182,222.472,40.695,-0.589,0,0.808,0,1,0,-0.808,0,-0.589],"_humanoidState":8,"_cameraCFrame":[751.345,239.852,37.604,-0.607,-0.783,0.138,0,0.174,0.985,-0.795,0.598,-0.105],"_shiftlockState":true,"_pose":"Running","_animationQueue":[["walk",0.1],["fall",0.3],["walk",0.1]],"_animationSpeed":1.103,"_zoom":16.125},{"_mousePosition":[683,384],"_rootPartCFrame":[750.046,223.335,40.526,-0.607,0,0.795,0,1,0,-0.795,0,-0.607],"_humanoidState":3,"_cameraCFrame":[751.042,240.715,37.378,-0.649,-0.75,0.132,0,0.174,0.985,-0.761,0.639,-0.113],"_shiftlockState":true,"_pose":"Jumping","_animationQueue":[["walk",0.1],["jump",0.1]],"_animationSpeed":1,"_zoom":16.125},{"_mousePosition":[683,384],"_rootPartCFrame":[749.936,223.947,40.387,-0.6,0,0.8,0,1,0,-0.8,0,-0.6],"_humanoidState":5,"_cameraCFrame":[750.715,241.327,37.178,-0.699,-0.704,0.124,0,0.174,0.985,-0.715,0.688,-0.121],"_shiftlockState":true,"_pose":"FreeFall","_animationQueue":[["jump",0.1]],"_animationSpeed":1,"_zoom":16.125},{"_mousePosition":[683,384],"_rootPartCFrame":[749.768,224.714,40.186,-0.604,0,0.797,0,1,0,-0.797,0,-0.604],"_humanoidState":5,"_cameraCFrame":[750.285,242.094,36.924,-0.755,-0.646,0.114,0,0.174,0.985,-0.656,0.743,-0.131],"_shiftlockState":true,"_pose":"FreeFall","_animationQueue":[],"_animationSpeed":1,"_zoom":16.125},{"_mousePosition":[683,384],"_rootPartCFrame":[749.584,225.427,39.993,-0.661,0,0.75,0,1,0,-0.75,0,-0.661],"_humanoidState":5,"_cameraCFrame":[749.794,242.807,36.697,-0.813,-0.574,0.101,0,0.174,0.985,-0.583,0.8,-0.141],"_shiftlockState":true,"_pose":"FreeFall","_animationQueue":[],"_animationSpeed":1,"_zoom":16.125},{"_mousePosition":[683,384],"_rootPartCFrame":[749.336,226.242,39.77,-0.705,0,0.709,0,1,0,-0.709,0,-0.705],"_humanoidState":5,"_cameraCFrame":[749.229,243.622,36.47,-0.865,-0.495,0.087,0,0.174,0.985,-0.502,0.852,-0.15],"_shiftlockState":true,"_pose":"FreeFall","_animationQueue":[],"_animationSpeed":1,"_zoom":16.125},{"_mousePosition":[683,384],"_rootPartCFrame":[749.177,226.69,39.649,-0.81,0,0.586,0,1,0,-0.586,0,-0.81],"_humanoidState":5,"_cameraCFrame":[748.663,244.042,36.254,-0.927,-0.369,0.069,0,0.183,0.983,-0.375,0.911,-0.17],"_shiftlockState":true,"_pose":"FreeFall","_animationQueue":[],"_animationSpeed":1,"_zoom":16.125},{"_mousePosition":[683,384],"_rootPartCFrame":[748.893,227.368,39.476,-0.852,0,0.523,0,1,0,-0.523,0,-0.852],"_humanoidState":5,"_cameraCFrame":[748.081,244.697,36.029,-0.959,-0.277,0.054,0,0.191,0.982,-0.282,0.942,-0.183],"_shiftlockState":true,"_pose":"FreeFall","_animationQueue":[],"_animationSpeed":1,"_zoom":16.125},{"_mousePosition":[683,384],"_rootPartCFrame":[748.714,227.734,39.388,-0.927,0,0.376,0,1,0,-0.376,0,-0.927],"_humanoidState":5,"_cameraCFrame":[747.595,245.051,35.972,-0.982,-0.187,0.037,0,0.195,0.981,-0.191,0.963,-0.191],"_shiftlockState":true,"_pose":"FreeFall","_animationQueue":[],"_animationSpeed":1,"_zoom":16.125},{"_mousePosition":[683,384],"_rootPartCFrame":[748.398,228.276,39.283,-0.936,0,0.351,0,1,0,-0.351,0,-0.936],"_humanoidState":5,"_cameraCFrame":[746.996,245.58,35.915,-0.994,-0.104,0.021,0,0.199,0.98,-0.106,0.975,-0.197],"_shiftlockState":true,"_pose":"FreeFall","_animationQueue":[],"_animationSpeed":1,"_zoom":16.125},{"_mousePosition":[683,384],"_rootPartCFrame":[748.138,228.649,39.226,-0.972,0,0.237,0,1,0,-0.237,0,-0.972],"_humanoidState":5,"_cameraCFrame":[746.469,245.947,35.951,-1,-0.024,0.005,0,0.2,0.98,-0.025,0.979,-0.2],"_shiftlockState":true,"_pose":"FreeFall","_animationQueue":[],"_animationSpeed":1,"_zoom":16.125},{"_mousePosition":[683,384],"_rootPartCFrame":[747.873,228.967,39.193,-0.988,0,0.158,0,1,0,-0.158,0,-0.988],"_humanoidState":5,"_cameraCFrame":[745.953,246.264,36.059,-0.999,0.052,-0.011,0,0.2,0.98,0.053,0.978,-0.2],"_shiftlockState":true,"_pose":"FreeFall","_animationQueue":[],"_animationSpeed":1,"_zoom":16.125},{"_mousePosition":[683,384],"_rootPartCFrame":[747.607,229.23,39.181,-0.997,0,0.08,0,1,0,-0.08,0,-0.997],"_humanoidState":5,"_cameraCFrame":[745.47,246.528,36.191,-0.992,0.122,-0.025,0,0.2,0.98,0.124,0.972,-0.199],"_shiftlockState":true,"_pose":"FreeFall","_animationQueue":[],"_animationSpeed":1,"_zoom":16.125},{"_mousePosition":[683,384],"_rootPartCFrame":[747.341,229.439,39.191,-1,0,0.009,0,1,0,-0.009,0,-1],"_humanoidState":5,"_cameraCFrame":[745.004,246.737,36.354,-0.981,0.188,-0.038,0,0.2,0.98,0.191,0.962,-0.197],"_shiftlockState":true,"_pose":"FreeFall","_animationQueue":[],"_animationSpeed":1,"_zoom":16.125},{"_mousePosition":[683,384],"_rootPartCFrame":[747.142,229.56,39.212,-0.996,0,-0.093,0,1,0,0.093,0,-0.996],"_humanoidState":5,"_cameraCFrame":[744.61,246.858,36.547,-0.965,0.255,-0.052,0,0.2,0.98,0.26,0.946,-0.194],"_shiftlockState":true,"_pose":"FreeFall","_animationQueue":[],"_animationSpeed":1,"_zoom":16.125},{"_mousePosition":[683,384],"_rootPartCFrame":[746.88,229.673,39.259,-0.992,0,-0.13,0,1,0,0.13,0,-0.992],"_humanoidState":5,"_cameraCFrame":[744.182,246.977,36.803,-0.945,0.319,-0.065,0,0.199,0.98,0.326,0.927,-0.188],"_shiftlockState":true,"_pose":"FreeFall","_animationQueue":[],"_animationSpeed":1,"_zoom":16.125},{"_mousePosition":[683,384],"_rootPartCFrame":[746.621,229.732,39.325,-0.98,0,-0.197,0,1,0,0.197,0,-0.98],"_humanoidState":5,"_cameraCFrame":[743.774,247.043,37.087,-0.921,0.382,-0.077,0,0.197,0.98,0.39,0.903,-0.181],"_shiftlockState":true,"_pose":"FreeFall","_animationQueue":[["fall",0.3]],"_animationSpeed":1,"_zoom":16.125},{"_mousePosition":[683,384],"_rootPartCFrame":[746.305,229.73,39.43,-0.973,0,-0.231,0,1,0,0.231,0,-0.973],"_humanoidState":5,"_cameraCFrame":[743.302,247.04,37.407,-0.89,0.447,-0.09,0,0.197,0.98,0.456,0.873,-0.175],"_shiftlockState":true,"_pose":"FreeFall","_animationQueue":[],"_animationSpeed":1,"_zoom":16.125},{"_mousePosition":[683,384],"_rootPartCFrame":[746.058,229.666,39.531,-0.943,0,-0.334,0,1,0,0.334,0,-0.943],"_humanoidState":5,"_cameraCFrame":[742.935,246.982,37.752,-0.855,0.508,-0.101,0,0.195,0.981,0.518,0.839,-0.167],"_shiftlockState":true,"_pose":"FreeFall","_animationQueue":[],"_animationSpeed":1,"_zoom":16.125},{"_mousePosition":[683,384],"_rootPartCFrame":[745.879,229.583,39.619,-0.903,0,-0.43,0,1,0,0.43,0,-0.903],"_humanoidState":5,"_cameraCFrame":[742.592,246.899,38.164,-0.799,0.59,-0.117,0,0.195,0.981,0.602,0.783,-0.156],"_shiftlockState":true,"_pose":"FreeFall","_animationQueue":[],"_animationSpeed":1,"_zoom":16.125},{"_mousePosition":[683,384],"_rootPartCFrame":[745.592,229.375,39.788,-0.887,0,-0.461,0,1,0,0.461,0,-0.887],"_humanoidState":5,"_cameraCFrame":[742.262,246.704,38.582,-0.761,0.637,-0.124,0,0.191,0.982,0.649,0.747,-0.145],"_shiftlockState":true,"_pose":"FreeFall","_animationQueue":[],"_animationSpeed":1,"_zoom":16.125},{"_mousePosition":[683,384],"_rootPartCFrame":[745.375,229.148,39.943,-0.84,0,-0.542,0,1,0,0.542,0,-0.84],"_humanoidState":5,"_cameraCFrame":[741.984,246.477,38.924,-0.723,0.678,-0.132,0,0.191,0.982,0.69,0.71,-0.138],"_shiftlockState":true,"_pose":"FreeFall","_animationQueue":[],"_animationSpeed":1,"_zoom":16.125},{"_mousePosition":[683,384],"_rootPartCFrame":[745.221,228.942,40.07,-0.789,0,-0.615,0,1,0,0.615,0,-0.789],"_humanoidState":5,"_cameraCFrame":[741.811,246.277,39.22,-0.693,0.708,-0.136,0,0.189,0.982,0.721,0.681,-0.131],"_shiftlockState":true,"_pose":"FreeFall","_animationQueue":[],"_animationSpeed":1,"_zoom":16.125},{"_mousePosition":[683,384],"_rootPartCFrame":[744.978,228.53,40.2