[{"_mousePosition":[1102,353],"_rootPartCFrame":[776.027,222.95,47.142,0,0.001,1,0,1,-0.001,-1,0,0],"_humanoidState":8,"_cameraCFrame":[784.447,236.54,47.864,0.086,-0.817,0.571,0,0.573,0.82,-0.996,-0.07,0.049],"_shiftlockState":false,"_pose":"Standing","_animationQueue":[],"_animationSpeed":1,"_zoom":14.75},{"_mousePosition":[1070,350],"_rootPartCFrame":[775.977,222.918,47.138,0.003,0.001,1,0,1,-0.001,-1,0,0.003],"_humanoidState":8,"_cameraCFrame":[784.396,236.507,47.86,0.086,-0.817,0.571,0,0.573,0.82,-0.996,-0.07,0.049],"_shiftlockState":false,"_pose":"Standing","_animationQueue":[],"_animationSpeed":1,"_zoom":14.75},{"_mousePosition":[1028,349],"_rootPartCFrame":[775.725,222.799,47.116,0.014,0,1,0,1,0,-1,0,0.014],"_humanoidState":8,"_cameraCFrame":[784.143,236.389,47.839,0.086,-0.817,0.571,0,0.573,0.82,-0.996,-0.07,0.049],"_shiftlockState":false,"_pose":"Running","_animationQueue":[["walk",0.1]],"_animationSpeed":0.558,"_zoom":14.75},{"_mousePosition":[1004,349],"_rootPartCFrame":[775.459,222.658,47.093,0.023,0,1,0,1,0,-1,0,0.023],"_humanoidState":8,"_cameraCFrame":[783.878,236.248,47.816,0.086,-0.817,0.571,0,0.573,0.82,-0.996,-0.07,0.049],"_shiftlockState":false,"_pose":"Running","_animationQueue":[["walk",0.1]],"_animationSpeed":1.089,"_zoom":14.75},{"_mousePosition":[982,352],"_rootPartCFrame":[775.194,222.652,47.07,0.032,0,0.999,0,1,0,-0.999,0,0.032],"_humanoidState":8,"_cameraCFrame":[783.612,236.242,47.793,0.086,-0.817,0.571,0,0.573,0.82,-0.996,-0.07,0.049],"_shiftlockState":false,"_pose":"Running","_animationQueue":[],"_animationSpeed":1.089,"_zoom":14.75},{"_mousePosition":[968,356],"_rootPartCFrame":[774.928,222.67,47.048,0.039,0,0.999,0,1,0,-0.999,0,0.039],"_humanoidState":8,"_cameraCFrame":[783.347,236.26,47.77,0.086,-0.817,0.571,0,0.573,0.82,-0.996,-0.07,0.049],"_shiftlockState":false,"_pose":"Running","_animationQueue":[["walk",0.1]],"_animationSpeed":1.089,"_zoom":14.75},{"_mousePosition":[950,366],"_rootPartCFrame":[774.662,222.683,47.025,0.045,0,0.999,0,1,0,-0.999,0,0.045],"_humanoidState":8,"_cameraCFrame":[783.081,236.273,47.747,0.086,-0.817,0.571,0,0.573,0.82,-0.996,-0.07,0.049],"_shiftlockState":false,"_pose":"Running","_animationQueue":[],"_animationSpeed":1.089,"_zoom":14.75},{"_mousePosition":[932,375],"_rootPartCFrame":[774.396,222.691,47.002,0.051,0,0.999,0,1,0,-0.999,0,0.051],"_humanoidState":8,"_cameraCFrame":[782.815,236.281,47.725,0.086,-0.817,0.571,0,0.573,0.82,-0.996,-0.07,0.049],"_shiftlockState":false,"_pose":"Running","_animationQueue":[],"_animationSpeed":1.089,"_zoom":14.75},{"_mousePosition":[909,386],"_rootPartCFrame":[774.131,222.695,46.979,0.056,0,0.998,0,1,0,-0.998,0,0.056],"_humanoidState":8,"_cameraCFrame":[782.549,236.285,47.702,0.086,-0.817,0.571,0,0.573,0.82,-0.996,-0.07,0.049],"_shiftlockState":false,"_pose":"Running","_animationQueue":[],"_animationSpeed":1.089,"_zoom":14.75},{"_mousePosition":[888,396],"_rootPartCFrame":[773.865,222.697,46.957,0.06,0,0.998,0,1,0,-0.998,0,0.06],"_humanoidState":8,"_cameraCFrame":[782.284,236.287,47.679,0.086,-0.817,0.571,0,0.573,0.82,-0.996,-0.07,0.049],"_shiftlockState":false,"_pose":"Running","_animationQueue":[],"_animationSpeed":1.089,"_zoom":14.75},{"_mousePosition":[857,410],"_rootPartCFrame":[773.599,222.698,46.934,0.063,0,0.998,0,1,0,-0.998,0,0.063],"_humanoidState":8,"_cameraCFrame":[782.018,236.288,47.656,0.086,-0.817,0.571,0,0.573,0.82,-0.996,-0.07,0.049],"_shiftlockState":false,"_pose":"Running","_animationQueue":[],"_animationSpeed":1.089,"_zoom":14.75},{"_mousePosition":[828,422],"_rootPartCFrame":[773.333,222.699,46.911,0.066,0,0.998,0,1,0,-0.998,0,0.066],"_humanoidState":8,"_cameraCFrame":[781.752,236.289,47.633,0.086,-0.817,0.571,0,0.573,0.82,-0.996,-0.07,0.049],"_shiftlockState":false,"_pose":"Running","_animationQueue":[],"_animationSpeed":1.089,"_zoom":14.75},{"_mousePosition":[808,433],"_rootPartCFrame":[773.068,222.699,46.888,0.069,0,0.998,0,1,0,-0.998,0,0.069],"_humanoidState":8,"_cameraCFrame":[781.486,236.289,47.611,0.086,-0.817,0.571,0,0.573,0.82,-0.996,-0.07,0.049],"_shiftlockState":false,"_pose":"Running","_animationQueue":[["walk",0.1]],"_animationSpeed":1.089,"_zoom":14.75},{"_mousePosition":[802,437],"_rootPartCFrame":[772.802,222.699,46.865,0.071,0,0.997,0,1,0,-0.997,0,0.071],"_humanoidState":8,"_cameraCFrame":[781.221,236.289,47.588,0.086,-0.817,0.571,0,0.573,0.82,-0.996,-0.07,0.049],"_shiftlockState":false,"_pose":"Running","_animationQueue":[],"_animationSpeed":1.089,"_zoom":14.75},{"_mousePosition":[802,437],"_rootPartCFrame":[772.536,222.7,46.843,0.073,0,0.997,0,1,0,-0.997,0,0.073],"_humanoidState":8,"_cameraCFrame":[780.955,236.289,47.565,0.086,-0.817,0.571,0,0.573,0.82,-0.996,-0.07,0.049],"_shiftlockState":false,"_pose":"Running","_animationQueue":[],"_animationSpeed":1.089,"_zoom":14.75},{"_mousePosition":[802,437],"_rootPartCFrame":[772.27,222.7,46.82,0.075,0,0.997,0,1,0,-0.997,0,0.075],"_humanoidState":8,"_cameraCFrame":[780.67,236.303,47.541,0.086,-0.818,0.569,0,0.572,0.821,-0.996,-0.07,0.049],"_shiftlockState":false,"_pose":"Running","_animationQueue":[],"_animationSpeed":1.089,"_zoom":14.75},{"_mousePosition":[802,437],"_rootPartCFrame":[772.005,222.7,46.797,0.076,0,0.997,0,1,0,-0.997,0,0.076],"_humanoidState":8,"_cameraCFrame":[780.305,236.371,47.527,0.088,-0.822,0.563,0,0.565,0.825,-0.996,-0.072,0.049],"_shiftlockState":false,"_pose":"Running","_animationQueue":[],"_animationSpeed":1.089,"_zoom":14.75},{"_mousePosition":[802,437],"_rootPartCFrame":[771.739,222.7,46.774,0.077,0,0.997,0,1,0,-0.997,0,0.077],"_humanoidState":8,"_cameraCFrame":[779.827,236.51,47.545,0.095,-0.831,0.548,0,0.551,0.835,-0.995,-0.079,0.052],"_shiftlockState":false,"_pose":"Running","_animationQueue":[],"_animationSpeed":1.089,"_zoom":14.75},{"_mousePosition":[802,437],"_rootPartCFrame":[771.473,222.7,46.751,0.079,0,0.997,0,1,0,-0.997,0,0.079],"_humanoidState":8,"_cameraCFrame":[779.327,236.659,47.558,0.102,-0.84,0.532,0,0.535,0.845,-0.995,-0.086,0.055],"_shiftlockState":false,"_pose":"Running","_animationQueue":[["walk",0.1]],"_animationSpeed":1.089,"_zoom":14.75},{"_mousePosition":[802,437],"_rootPartCFrame":[771.208,222.7,46.726,0.081,0,0.997,0,1,0,-0.997,0,0.081],"_humanoidState":8,"_cameraCFrame":[778.817,236.809,47.54,0.106,-0.85,0.516,0,0.519,0.855,-0.994,-0.091,0.055],"_shiftlockState":false,"_pose":"Running","_animationQueue":[],"_animationSpeed":1.089,"_zoom":14.75},{"_mousePosition":[802,437],"_rootPartCFrame":[770.942,223.563,46.7,0.083,0,0.997,0,1,0,-0.997,0,0.083],"_humanoidState":3,"_cameraCFrame":[778.347,237.794,47.508,0.108,-0.858,0.502,0,0.505,0.863,-0.994,-0.094,0.055],"_shiftlockState":false,"_pose":"Jumping","_animationQueue":[["walk",0.1],["jump",0.1]],"_animationSpeed":1,"_zoom":14.75},{"_mousePosition":[802,437],"_rootPartCFrame":[770.677,224.371,46.673,0.086,0,0.996,0,1,0,-0.996,0,0.086],"_humanoidState":5,"_cameraCFrame":[777.816,238.756,47.444,0.107,-0.868,0.484,0,0.487,0.874,-0.994,-0.094,0.052],"_shiftlockState":false,"_pose":"FreeFall","_animationQueue":[["jump",0.1]],"_animationSpeed":1,"_zoom":14.75},{"_mousePosition":[802,437],"_rootPartCFrame":[770.478,224.941,46.651,0.088,0,0.996,0,1,0,-0.996,0,0.088],"_humanoidState":5,"_cameraCFrame":[777.341,239.479,47.349,0.101,-0.879,0.465,0,0.468,0.884,-0.995,-0.089,0.047],"_shiftlockState":false,"_pose":"FreeFall","_animationQueue":[],"_animationSpeed":1,"_zoom":14.75},{"_mousePosition":[802,437],"_rootPartCFrame":[770.213,225.654,46.622,0.091,0,0.996,0,1,0,-0.996,0,0.091],"_humanoidState":5,"_cameraCFrame":[776.778,240.35,47.213,0.09,-0.891,0.445,0,0.447,0.895,-0.996,-0.08,0.04],"_shiftlockState":false,"_pose":"FreeFall","_animationQueue":[],"_animationSpeed":1,"_zoom":14.75},{"_mousePosition":[802,437],"_rootPartCFrame":[769.882,226.469,46.588,0.093,0,0.996,0,1,0,-0.996,0,0.093],"_humanoidState":5,"_cameraCFrame":[776.133,241.32,47.065,0.076,-0.903,0.424,0,0.425,0.905,-0.997,-0.069,0.032],"_shiftlockState":false,"_pose":"FreeFall","_animationQueue":[],"_animationSpeed":1,"_zoom":14.75},{"_mousePosition":[802,437],"_rootPartCFrame":[769.616,227.06,46.564,0.093,0,0.996,0,1,0,-0.996,0,0.093],"_humanoidState":5,"_cameraCFrame":[775.561,242.054,46.918,0.059,-0.913,0.403,0,0.404,0.915,-0.998,-0.054,0.024],"_shiftlockState":false,"_pose":"FreeFall","_animationQueue":[],"_animationSpeed":1,"_zoom":14.75},{"_mousePosition":[802,437],"_rootPartCFrame":[769.35,227.595,46.543,0.091,0,0.996,0,1,0,-0.996,0,0.091],"_humanoidState":5,"_cameraCFrame":[775.038,242.702,46.804,0.046,-0.922,0.386,0,0.386,0.922,-0.999,-0.042,0.018],"_shiftlockState":false,"_pose":"FreeFall","_animationQueue":[],"_animationSpeed":1,"_zoom":14.75},{"_mousePosition":[802,437],"_rootPartCFrame":[769.084,228.077,46.527,0.088,0,0.996,0,1,0,-0.996,0,0.088],"_humanoidState":5,"_cameraCFrame":[774.566,243.269,46.709,0.033,-0.928,0.372,0,0.372,0.928,-0.999,-0.031,0.012],"_shiftlockState":false,"_pose":"FreeFall","_animationQueue":[],"_animationSpeed":1,"_zoom":14.75},{"_mousePosition":[802,437],"_rootPartCFrame":[768.818,228.504,46.514,0.083,0,0.997,0,1,0,-0.997,0,0.083],"_humanoidState":5,"_cameraCFrame":[774.113,243.77,46.623,0.021,-0.933,0.359,0,0.359,0.933,-1,-0.019,0.007],"_shiftlockState":false,"_pose":"FreeFall","_animationQueue":[],"_animationSpeed":1,"_zoom":14.75},{"_mousePosition":[802,437],"_rootPartCFrame":[768.551,228.876,46.504,0.077,0,0.997,0,1,0,-0.997,0,0.077],"_humanoidState":5,"_cameraCFrame":[773.669,244.21,46.546,0.008,-0.938,0.347,0,0.347,0.938,-1,-0.008,0.003],"_shiftlockState":false,"_pose":"FreeFall","_animationQueue":[],"_animationSpeed":1,"_zoom":14.75},{"_mousePosition":[802,437],"_rootPartCFrame":[768.351,229.12,46.5,0.071,0,0.997,0,1,0,-0.997,0,0.071],"_humanoidState":5,"_cameraCFrame":[773.291,244.518,46.473,-0.006,-0.942,0.335,0,0.335,0.942,-1,0.005,-0.002],"_shiftlockState":false,"_pose":"FreeFall","_animationQueue":[],"_animationSpeed":1,"_zoom":14.75},{"_mousePosition":[802,437],"_rootPartCFrame":[768.085,229.397,46.497,0.063,0,0.998,0,1,0,-0.998,0,0.063],"_humanoidState":5,"_cameraCFrame":[772.832,244.861,46.406,-0.019,-0.947,0.322,0,0.322,0.947,-1,0.018,-0.006],"_shiftlockState":false,"_pose":"FreeFall","_animationQueue":[],"_animationSpeed":1,"_zoom":14.75},{"_mousePosition":[802,437],"_rootPartCFrame":[767.818,229.619,46.498,0.054,0,0.999,0,1,0,-0.999,0,0.054],"_humanoidState":5,"_cameraCFrame":[772.361,245.151,46.354,-0.032,-0.951,0.308,0,0.308,0.951,-0.999,0.03,-0.01],"_shiftlockState":false,"_pose":"FreeFall","_animationQueue":[],"_animationSpeed":1,"_zoom":14.75},{"_mousePosition":[802,437],"_rootPartCFrame":[767.485,229.821,46.504,0.042,0,0.999,0,1,0,-0.999,0,0.042],"_humanoidState":5,"_cameraCFrame":[771.822,245.396,44.583,-0.039,-0.954,0.299,0,0.299,0.954,-0.999,0.037,-0.012],"_shiftlockState":true,"_pose":"FreeFall","_animationQueue":[],"_animationSpeed":1,"_zoom":14.75},{"_mousePosition":[683,384],"_rootPartCFrame":[767.218,229.921,46.512,-0.041,0,0.999,0,1,0,-0.999,0,-0.041],"_humanoidState":5,"_cameraCFrame":[771.556,245.496,44.591,-0.039,-0.954,0.299,0,0.299,0.954,-0.999,0.037,-0.012],"_shiftlockState":true,"_pose":"FreeFall","_animationQueue":[],"_animationSpeed":1,"_zoom":14.75},{"_mousePosition":[683,384],"_rootPartCFrame":[766.952,229.966,46.522,-0.039,0,0.999,0,1,0,-0.999,0,-0.039],"_humanoidState":5,"_cameraCFrame":[771.2,245.566,44.582,-0.044,-0.955,0.293,0,0.294,0.956,-0.999,0.042,-0.013],"_shiftlockState":true,"_pose":"FreeFall","_animationQueue":[],"_animationSpeed":1,"_zoom":14.75},{"_mousePosition":[683,384],"_rootPartCFrame":[766.486,229.914,46.54,-0.043,0,0.999,0,1,0,-0.999,0,-0.043],"_humanoidState":5,"_cameraCFrame":[770.669,245.532,44.585,-0.048,-0.956,0.289,0,0.29,0.957,-0.999,0.046,-0.014],"_shiftlockState":true,"_pose":"FreeFall","_animationQueue":[],"_animationSpeed":1,"_zoom":14.75},{"_mousePosition":[683,384],"_rootPartCFrame":[766.153,229.775,46.555,-0.048,0,0.999,0,1,0,-0.999,0,-0.048],"_humanoidState":5,"_cameraCFrame":[770.293,245.403,44.584,-0.053,-0.956,0.287,0,0.287,0.958,-0.999,0.05,-0.015],"_shiftlockState":true,"_pose":"FreeFall","_animationQueue":[["fall",0.3]],"_animationSpeed":1,"_zoom":14.75},{"_mousePosition":[683,384],"_rootPartCFrame":[766.019,229.696,46.561,-0.052,0,0.999,0,1,0,-0.999,0,-0.052],"_humanoidState":5,"_cameraCFrame":[770.147,245.327,44.587,-0.054,-0.957,0.286,0,0.287,0.958,-0.999,0.051,-0.015],"_shiftlockState":true,"_pose":"FreeFall","_animationQueue":[],"_animationSpeed":1,"_zoom":14.75},{"_mousePosition":[683,384],"_rootPartCFrame":[765.953,229.651,46.564,-0.054,0,0.999,0,1,0,-0.999,0,-0.054],"_humanoidState":5,"_cameraCFrame":[770.067,245.285,44.586,-0.055,-0.957,0.285,0,0.286,0.958,-0.999,0.052,-0.016],"_shiftlockState":true,"_pose":"FreeFall","_animationQueue":[],"_animationSpeed":1,"_zoom":14.75},{"_mousePosition":[683,384],"_rootPartCFrame":[765.686,229.437,46.579,-0.054,0,0.999,0,1,0,-0.999,0,-0.054],"_humanoidState":5,"_cameraCFrame":[769.798,245.072,44.596,-0.056,-0.957,0.285,0,0.286,0.958,-0.998,0.053,-0.016],"_shiftlockState":true,"_pose":"FreeFall","_animationQueue":[],"_animationSpeed":1,"_zoom":14.75},{"_mousePosition":[683,384],"_rootPartCFrame":[765.42,229.169,46.593,-0.056,0,0.998,0,1,0,-0.998,0,-0.056],"_humanoidState":5,"_cameraCFrame":[769.532,244.804,44.611,-0.056,-0.957,0.285,0,0.286,0.958,-0.998,0.053,-0.016],"_shiftlockState":true,"_pose":"FreeFall","_animationQueue":[],"_animationSpeed":1,"_zoom":14.75},{"_mousePosition":[683,384],"_rootPartCFrame":[765.087,228.758,46.612,-0.056,0,0.998,0,1,0,-0.998,0,-0.056],"_humanoidState":5,"_cameraCFrame":[769.199,244.392,44.629,-0.056,-0.957,0.285,0,0.286,0.958,-0.998,0.053,-0.016],"_shiftlockState":true,"_pose":"FreeFall","_animationQueue":[],"_animationSpeed":1,"_zoom":14.75},{"_mousePosition":[683,384],"_rootPartCFrame":[764.887,228.47,46.623,-0.056,0,0.998,0,1,0,-0.998,0,-0.056],"_humanoidState":5,"_cameraCFrame":[768.999,244.105,44.641,-0.056,-0.957,0.285,0,0.286,0.958,-0.998,0.053,-0.016],"_shiftlockState":true,"_pose":"FreeFall","_animationQueue":[],"_animationSpeed":1,"_zoom":14.75},{"_mousePosition":[683,384],"_rootPartCFrame":[764.621,228.038,46.638,-0.056,0,0.998,0,1,0,-0.998,0,-0.056],"_humanoidState":5,"_cameraCFrame":[768.733,243.673,44.655,-0.056,-0.957,0.285,0,0.286,0.958,-0.998,0.053,-0.016],"_shiftlockState":true,"_pose":"FreeFall","_animationQueue":[],"_animationSpeed":1,"_zoom":14.75},{"_mousePosition":[683,384],"_rootPartCFrame":[764.355,227.552,46.653,-0.056,0,0.998,0,1,0,-0.998,0,-0.056],"_humanoidState":5,"_cameraCFrame":[768.386,242.917,44.675,-0.056,-0.957,0.285,0,0.286,0.958,-0.998,0.053,-0.016],"_shiftlockState":true,"_pose":"FreeFall","_animationQueue":[["fall",0.3]],"_animationSpeed":1,"_zoom":11.4},{"_mousePosition":[683,384],"_rootPartCFrame":[764.022,226.868,46.671,-0.056,0,0.998,0,1,0,-0.998,0,-0.056],"_humanoidState":5,"_cameraCFrame":[767.905,241.735,44.702,-0.056,-0.957,0.285,0,0.286,0.958,-0.998,0.053,-0.016],"_shiftlockState":true,"_pose":"FreeFall","_animationQueue":[],"_animationSpeed":1,"_zoom":11.4},{"_mousePosition":[683,384],"_rootPartCFrame":[763.837,226.9,46.681,-0.056,0,0.998,0,1,0,-0.998,0,-0.056],"_humanoidState":12,"_cameraCFrame":[767.554,241.21,44.721,-0.056,-0.957,0.285,0,0.286,0.958,-0.998,0.053,-0.016],"_shiftlockState":true,"_pose":"Climbing","_animationQueue":[["walk",0.1],["fall",0.3],["climb",0.1],["climb",0]],"_animationSpeed":-2.873,"_zoom":11.4},{"_mousePosition":[683,384],"_rootPartCFrame":[763.625,227.081,46.693,-0.056,0,0.998,0,1,0,-0.998,0,-0.056],"_humanoidState":12,"_cameraCFrame":[767.205,240.93,44.741,-0.056,-0.957,0.285,0,0.286,0.958,-0.998,0.053,-0.016],"_shiftlockState":true,"_pose":"Climbing","_animationQueue":[["climb",0.1]],"_animationSpeed":0.733,"_zoom":11.4},{"_mousePosition":[683,384],"_rootPartCFrame":[763.416,227.314,46.705,-0.056,0,0.998,0,1,0,-0.998,0,-0.056],"_humanoidState":12,"_cameraCFrame":[766.863,240.75,44.76,-0.056,-0.957,0.285,0,0.285,0.959,-0.998,0.053,-0.016],"_shiftlockState":true,"_pose":"Climbing","_animationQueue":[["climb",0.1],["climb",0]],"_animationSpeed":0.929,"_zoom":11.4},{"_mousePosition":[683,384],"_rootPartCFrame":[763.294,227.501,46.712,-0.056,0,0.998,0,1,0,-0.998,0,-0.056],"_humanoidState":12,"_cameraCFrame":[766.653,240.656,44.764,-0.058,-0.957,0.285,0,0.285,0.959,-0.998,0.055,-0.016],"_shiftlockState":true,"_pose":"Climbing","_animationQueue":[],"_animationSpeed":0.929,"_zoom":11.4},{"_mousePosition":[683,384],"_rootPartCFrame":[763.25,227.634,46.714,-0.043,0,0.999,-0.002,1,0,-0.999,-0.002,-0.043],"_humanoidState":12,"_cameraCFrame":[766.531,240.582,44.757,-0.061,-0.957,0.284,0,0.284,0.959,-0.998,0.058,-0.017],"_shiftlockState":true,"_pose":"Climbing","_animationQueue":[],"_animationSpeed":0.929,"_zoom":11.4},{"_mousePosition":[683,384],"_rootPartCFrame":[763.251,227.817,46.714,-0.043,0,0.999,-0.002,1,0,-0.999,-0.002,-0.043],"_humanoidState":12,"_cameraCFrame":[766.458,240.608,44.748,-0.065,-0.957,0.282,0,0.283,0.959,-0.998,0.062,-0.018],"_shiftlockState":true,"_pose":"Climbing","_animationQueue":[["climb",0.1]],"_animationSpeed":0.802,"_zoom":11.4},{"_mousePosition":[683,384],"_rootPartCFrame":[763.251,228.004,46.714,-0.063,0,0.998,0,1,0,-0.998,0,-0.063],"_humanoidState":12,"_cameraCFrame":[766.388,240.689,44.738,-0.07,-0.957,0.28,0,0.28,0.96,-0.998,0.068,-0.02],"_shiftlockState":true,"_pose":"Climbing","_animationQueue":[["climb",0.1]],"_animationSpeed":0.931,"_zoom":11.4},{"_mousePosition":[683,384],"_rootPartCFrame":[763.251,228.19,46.714,-0.07,0,0.998,0,1,0,-0.998,0,-0.07],"_humanoidState":12,"_cameraCFrame":[766.326,240.805,44.723,-0.077,-0.958,0.277,0,0.278,0.961,-0.997,0.074,-0.021],"_shiftlockState":true,"_pose":"Climbing","_animationQueue":[],"_animationSpeed":0.931,"_zoom":11.4},{"_mousePosition":[683,384],"_rootPartCFrame":[763.251,228.424,46.714,-0.077,0,0.997,0,1,0,-0.997,0,-0.077],"_humanoidState":12,"_cameraCFrame":[766.251,240.999,44.705,-0.084,-0.958,0.273,0,0.274,0.962,-0.996,0.081,-0.023],"_shiftlockState":true,"_pose":"Climbing","_animationQueue":[],"_animationSpeed":0.931,"_zoom":11.4},{"_mousePosition":[683,384],"_rootPartCFrame":[763.251,228.564,46.714,-0.084,0,0.996,0,1,0,-0.996,0,-0.084],"_humanoidState":12,"_cameraCFrame":[766.173,241.117,44.689,-0.091,-0.959,0.268,0,0.27,0.963,-0.996,0.088,-0.025],"_shiftlockState":true,"_pose":"Climbing","_animationQueue":[],"_animationSpeed":0.931,"_zoom":11.4},{"_mousePosition":[683,384],"_rootPartCFrame":[763.251,228.75,46.714,-0.091,0,0.996,0,1,0,-0.996,0,-0.091],"_humanoidState":12,"_cameraCFrame":[766.069,241.3,44.673,-0.1,-0.96,0.261,0,0.263,0.965,-0.995,0.096,-0.026],"_shiftlockState":true,"_pose":"Climbing","_animationQueue":[],"_animationSpeed":0.931,"_zoom":11.4},{"_mousePosition":[683,384],"_rootPartCFrame":[763.251,228.984,46.714,-0.1,0,0.995,0,1,0,-0.995,0,-0.1],"_humanoidState":12,"_cameraCFrame":[765.97,241.538,44.662,-0.107,-0.961,0.254,0,0.256,0.967,-0.994,0.103,-0.027],"_shiftlockState":true,"_pose":"Climbing","_animationQueue":[],"_animationSpeed":0.931,"_zoom":11.4},{"_mousePosition":[683,384],"_rootPartCFrame":[763.251,229.17,46.714,-0.107,0,0.994,0,1,0,-0.994,0,-0.107],"_humanoidState":12,"_cameraCFrame":[765.887,241.733,44.659,-0.111,-0.962,0.248,0,0.249,0.968,-0.994,0.108,-0.028],"_shiftlockState":true,"_pose":"Climbing","_animationQueue":[],"_animationSpeed":0.931,"_zoom":11.4},{"_mousePosition":[683,384],"_rootPartCFrame":[763.251,229.31,46.714,-0.111,0,0.994,0,1,0,-0.994,0,-0.111],"_humanoidState":12,"_cameraCFrame":[765.826,241.879,44.657,-0.114,-0.963,0.243,0,0.245,0.97,-0.993,0.111,-0.028],"_shiftlockState":true,"_pose":"Climbing","_animationQueue":[],"_animationSpeed":0.931,"_zoom":11.4},{"_mousePosition":[683,384],"_rootPartCFrame":[763.251,229.497,46.714,-0.114,0,0.993,0,1,0,-0.993,0,-0.114],"_humanoidState":12,"_cameraCFrame":[765.767,242.074,44.658,-0.116,-0.964,0.238,0,0.24,0.971,-0.993,0.113,-0.028],"_shiftlockState":true,"_pose":"Climbing","_animationQueue":[],"_animationSpeed":0.931,"_zoom":11.4},{"_mousePosition":[683,384],"_rootPartCFrame":[763.251,229.683,46.714,-0.116,0,0.993,0,1,0,-0.993,0,-0.116],"_humanoidState":12,"_cameraCFrame":[765.706,242.27,44.656,-0.119,-0.965,0.234,0,0.235,0.972,-0.993,0.116,-0.028],"_shiftlockState":true,"_pose":"Climbing","_animationQueue":[],"_animationSpeed":0.931,"_zoom":11.4},{"_mousePosition":[683,384],"_rootPartCFrame":[763.251,229.917,46.714,-0.119,0,0.993,0,1,0,-0.993,0,-0.119],"_humanoidState":12,"_cameraCFrame":[765.573,242.319,44.664,-0.122,-0.966,0.226,0,0.228,0.974,-0.992,0.119,-0.028],"_shiftlockState":true,"_pose":"Climbing","_animationQueue":[],"_animationSpeed":0.931,"_zoom":8.72},{"_mousePosition":[683,384],"_rootPartCFrame":[763.251,230.103,46.714,-0.122,0,0.992,0,1,0,-0.992,0,-0.122],"_humanoidState":12,"_cameraCFrame":[765.343,242.102,44.668,-0.133,-0.967,0.216,0,0.218,0.976,-0.991,0.13,-0.029],"_shiftlockState":true,"_pose":"Climbing","_animationQueue":[],"_animationSpeed":0.931,"_zoom":8.72},{"_mousePosition":[683,384],"_rootPartCFrame":[763.251,230.29,46.714,-0.133,0,0.991,0,1,0,-0.991,0,-0.133],"_humanoidState":12,"_cameraCFrame":[765.121,241.88,44.657,-0.152,-0.967,0.207,0,0.209,0.978,-0.988,0.148,-0.032],"_shiftlockState":true,"_pose":"Climbing","_animationQueue":[],"_animationSpeed":0.931,"_zoom":8.72},{"_mousePosition":[683,384],"_rootPartCFrame":[763.251,230.43,46.714,-0.152,0,0.988,0,1,0,-0.988,0,-0.152],"_humanoidState":12,"_cameraCFrame":[764.951,241.624,44.63,-0.177,-0.963,0.203,0,0.206,0.979,-0.984,0.174,-0.037],"_shiftlockState":true,"_pose":"Climbing","_animationQueue":[],"_animationSpeed":0.931,"_zoom":8.72},{"_mousePosition":[683,384],"_rootPartCFrame":[763.251,230.663,46.714,-0.177,0,0.984,0,1,0,-0.984,0,-0.177],"_humanoidState":12,"_cameraCFrame":[764.865,241.548,44.609,-0.195,-0.959,0.204,0,0.208,0.978,-0.981,0.191,-0.04],"_shiftlockState":true,"_pose":"Climbing","_animationQueue":[],"_animationSpeed":0.931,"_zoom":8.72},{"_mousePosition":[683,384],"_rootPartCFrame":[763.251,230.803,46.714,-0.195,0,0.981,0,1,0,-0.981,0,-0.195],"_humanoidState":12,"_cameraCFrame":[764.832,241.419,44.609,-0.198,-0.958,0.207,0,0.211,0.978,-0.98,0.193,-0.042],"_shiftlockState":true,"_pose":"Climbing","_animationQueue":[],"_animationSpeed":0.931,"_zoom":8.72},{"_mousePosition":[683,384],"_rootPartCFrame":[763.251,231.037,46.714,-0.198,0,0.98,0,1,0,-0.98,0,-0.198],"_humanoidState":12,"_cameraCFrame":[764.801,241.502,44.616,-0.198,-0.958,0.207,0,0.211,0.978,-0.98,0.193,-0.042],"_shiftlockState":true,"_pose":"Climbing","_animationQueue":[],"_animationSpeed":0.931,"_zoom":8.72},{"_mousePosition":[683,384],"_rootPartCFrame":[763.251,231.177,46.714,-0.198,0,0.98,0,1,0,-0.98,0,-0.198],"_humanoidState":12,"_cameraCFrame":[764.77,241.498,44.622,-0.198,-0.958,0.207,0,0.211,0.978,-0.98,0.193,-0.042],"_shiftlockState":true,"_pose":"Climbing","_animationQueue":[],"_animationSpeed":0.931,"_zoom":8.72},{"_mousePosition":[683,384],"_rootPartCFrame":[763.251,231.363,46.714,-0.198,0,0.98,0,1,0,-0.98,0,-0.198],"_humanoidState":12,"_cameraCFrame":[764.749,241.585,44.626,-0.198,-0.958,0.207,0,0.211,0.978,-0.98,0.193,-0.042],"_shiftlockState":true,"_pose":"Climbing","_animationQueue":[],"_animationSpeed":0.931,"_zoom":8.72},{"_mousePosition":[683,384],"_rootPartCFrame":[763.251,231.597,46.714,-0.198,0,0.98,0,1,0,-0.98,0,-0.198],"_humanoidState":12,"_cameraCFrame":[764.737,241.761,44.629,-0.198,-0.958,0.207,0,0.211,0.978,-0.98,0.193,-0.042],"_shiftlockState":true,"_pose":"Climbing","_animationQueue":[],"_animationSpeed":0.931,"_zoom":8.72},{"_mousePosition":[683,384],"_rootPartCFrame":[763.251,231.737,46.714,-0.198,0,0.98,0,1,0,-0.98,0,-0.198],"_humanoidState":12,"_cameraCFrame":[764.728,241.857,44.631,-0.198,-0.958,0.207,0,0.211,0.978,-0.98,0.193,-0.042],"_shiftlockState":true,"_pose":"Climbing","_animationQueue":[],"_animationSpeed":0.931,"_zoom":8.72},{"_mousePosition":[683,384],"_rootPartCFrame":[763.251,231.923,46.714,-0.198,0,0.98,0,1,0,-0.98,0,-0.198],"_humanoidState":12,"_cameraCFrame":[764.72,242.008,44.632,-0.198,-0.958,0.207,0,0.211,0.978,-0.98,0.193,-0.042],"_shiftlockState":true,"_pose":"Climbing","_animationQueue":[],"_animationSpeed":0.931,"_zoom":8.72},{"_mousePosition":[683,384],"_rootPartCFrame":[763.251,232.157,46.714,-0.198,0,0.98,0,1,0,-0.98,0,-0.198],"_humanoidState":12,"_cameraCFrame":[764.716,242.224,44.633,-0.198,-0.958,0.207,0,0.211,0.978,-0.98,0.193,-0.042],"_shiftlockState":true,"_pose":"Climbing","_animationQueue":[],"_animationSpeed":0.931,"_zoom":8.72},{"_mousePosition":[683,384],"_rootPartCFrame":[763.251,232.296,46.714,-0.198,0,0.98,0,1,0,-0.98,0,-0.198],"_humanoidState":12,"_cameraCFrame":[764.713,242.349,44.634,-0.198,-0.958,0.207,0,0.211,0.978,-0.98,0.193,-0.042],"_shiftlockState":true,"_pose":"Climbing","_animationQueue":[],"_animationSpeed":0.931,"_zoom":8.72},{"_mousePosition":[683,384],"_rootPartCFrame":[763.251,232.483,46.714,-0.198,0,0.98,0,1,0,-0.98,0,-0.198],"_humanoidState":12,"_cameraCFrame":[764.711,242.525,44.634,-0.198,-0.958,0.207,0,0.211,0.978,-0.98,0.193,-0.042],"_shiftlockState":true,"_pose":"Climbing","_animationQueue":[],"_animationSpeed":0.931,"_zoom":8.72},{"_mousePosition":[683,384],"_rootPartCFrame":[763.251,232.67,46.714,-0.198,0,0.98,0,1,0,-0.98,0,-0.198],"_humanoidState":12,"_cameraCFrame":[764.73,242.703,44.636,-0.195,-0.958,0.208,0,0.212,0.977,-0.981,0.19,-0.041],"_shiftlockState":true,"_pose":"Climbing","_animationQueue":[],"_animationSpeed":0.931,"_zoom":8.72},{"_mousePosition":[683,384],"_rootPartCFrame":[763.251,232.856,46.714,-0.195,0,0.981,0,1,0,-0.981,0,-0.195],"_humanoidState":12,"_cameraCFrame":[764.735,242.887,44.647,-0.189,-0.96,0.208,0,0.212,0.977,-0.982,0.184,-0.04],"_shiftlockState":true,"_pose":"Climbing","_animationQueue":[["climb",0]],"_animationSpeed":0.931,"_zoom":8.72},{"_mousePosition":[683,384],"_rootPartCFrame":[763.251,233.043,46.714,-0.189,0,0.982,0,1,0,-0.982,0,-0.189],"_humanoidState":12,"_cameraCFrame":[764.727,243.078,44.672,-0.176,-0.963,0.204,0,0.208,0.978,-0.984,0.172,-0.037],"_shiftlockState":true,"_pose":"Climbing","_animationQueue":[],"_animationSpeed":0.931,"_zoom":8.72},{"_mousePosition":[683,384],"_rootPartCFrame":[763.251,233.276,46.714,-0.176,0,0.984,0,1,0,-0.984,0,-0.176],"_humanoidState":12,"_cameraCFrame":[764.721,243.315,44.692,-0.166,-0.965,0.202,0,0.205,0.979,-0.986,0.162,-0.034],"_shiftlockState":true,"_pose":"Climbing","_animationQueue":[],"_animationSpeed":0.931,"_zoom":8.72},{"_mousePosition":[683,384],"_rootPartCFrame":[763.251,233.463,46.714,-0.166,0,0.986,0,1,0,-0.986,0,-0.166],"_humanoidState":12,"_cameraCFrame":[764.708,243.507,44.707,-0.159,-0.967,0.199,0,0.201,0.98,-0.987,0.156,-0.032],"_shiftlockState":true,"_pose":"Climbing","_animationQueue":[],"_animationSpeed":0.931,"_zoom":8.72},{"_mousePosition":[683,384],"_rootPartCFrame":[763.251,233.65,46.714,-0.159,0,0.987,0,1,0,-0.987,0,-0.159],"_humanoidState":12,"_cameraCFrame":[764.703,243.694,44.71,-0.158,-0.967,0.198,0,0.201,0.98,-0.987,0.155,-0.032],"_shiftlockState":true,"_pose":"Climbing","_animationQueue":[],"_animationSpeed":0.931,"_zoom":8.72},{"_mousePosition":[683,384],"_rootPartCFrame":[763.251,233.79,46.714,-0.158,0,0.987,0,1,0,-0.987,0,-0.158],"_humanoidState":12,"_cameraCFrame":[764.703,243.833,44.71,-0.158,-0.967,0.198,0,0.201,0.98,-0.987,0.155,-0.032],"_shiftlockState":true,"_pose":"Climbing","_animationQueue":[],"_animationSpeed":0.931,"_zoom":8.72},{"_mousePosition":[683,384],"_rootPartCFrame":[763.251,234.023,46.714,-0.158,0,0.987,0,1,0,-0.987,0,-0.158],"_humanoidState":12,"_cameraCFrame":[764.696,244.068,44.711,-0.158,-0.968,0.197,0,0.2,0.98,-0.987,0.155,-0.032],"_shiftlockState":true,"_pose":"Climbing","_animationQueue":[],"_animationSpeed":0.931,"_zoom":8.72},{"_mousePosition":[683,384],"_rootPartCFrame":[763.251,234.163,46.714,-0.158,0,0.987,0,1,0,-0.987,0,-0.158],"_humanoidState":12,"_cameraCFrame":[764.677,244.213,44.721,-0.154,-0.969,0.194,0,0.197,0.98,-0.988,0.151,-0.03],"_shiftlockState":true,"_pose":"Climbing","_animationQueue":[],"_animationSpeed":0.931,"_zoom":8.72},{"_mousePosition":[683,384],"_rootPartCFrame":[763.251,234.35,46.714,-0.154,0,0.988,0,1,0,-0.988,0,-0.154],"_humanoidState":12,"_cameraCFrame":[764.662,244.405,44.734,-0.147,-0.97,0.191,0,0.193,0.981,-0.989,0.145,-0.029],"_shiftlockState":true,"_pose":"Climbing","_animationQueue":[],"_animationSpeed":0.931,"_zoom":8.72},{"_mousePosition":[683,384],"_rootPartCFrame":[763.251,234.583,46.714,-0.147,0,0.989,0,1,0,-0.989,0,-0.147],"_humanoidState":12,"_cameraCFrame":[764.654,244.644,44.752,-0.138,-0.972,0.189,0,0.19,0.982,-0.99,0.136,-0.026],"_shiftlockState":true,"_pose":"Climbing","_animationQueue":[],"_animationSpeed":0.931,"_zoom":8.72},{"_mousePosition":[683,384],"_rootPartCFrame":[763.251,234.77,46.714,-0.138,0,0.99,0,1,0,-0.99,0,-0.138],"_humanoidState":12,"_cameraCFrame":[764.656,244.833,44.765,-0.13,-0.974,0.187,0,0.189,0.982,-0.992,0.127,-0.024],"_shiftlockState":true,"_pose":"Climbing","_animationQueue":[],"_animationSpeed":0.931,"_zoom":8.72},{"_mousePosition":[683,384],"_rootPartCFrame":[763.251,234.91,46.714,-0.13,0,0.992,0,1,0,-0.992,0,-0.13],"_humanoidState":12,"_cameraCFrame":[764.667,244.976,44.785,-0.117,-0.976,0.186,0,0.187,0.982,-0.993,0.115,-0.022],"_shiftlockState":true,"_pose":"Climbing","_animationQueue":[],"_animationSpeed":0.931,"_zoom":8.72},{"_mousePosition":[683,384],"_rootPartCFrame":[763.251,235.143,46.714,-0.117,0,0.993,0,1,0,-0.993,0,-0.117],"_humanoidState":12,"_cameraCFrame":[764.678,245.21,44.799,-0.108,-0.977,0.185,0,0.186,0.982,-0.994,0.106,-0.02],"_shiftlockState":true,"_pose":"Climbing","_animationQueue":[],"_animationSpeed":0.931,"_zoom":8.72},{"_mousePosition":[683,384],"_rootPartCFrame":[763.251,235.283,46.714,-0.108,0,0.994,0,1,0,-0.994,0,-0.108],"_humanoidState":12,"_cameraCFrame":[764.681,245.351,44.807,-0.103,-0.977,0.185,0,0.186,0.983,-0.995,0.101,-0.019],"_shiftlockState":true,"_pose":"Climbing","_animationQueue":[],"_animationSpeed":0.931,"_zoom":8.72},{"_mousePosition":[683,384],"_rootPartCFrame":[763.251,235.469,46.714,-0.103,0,0.995,0,1,0,-0.995,0,-0.103],"_humanoidState":12,"_cameraCFrame":[764.678,245.539,44.811,-0.101,-0.978,0.184,0,0.185,0.983,-0.995,0.099,-0.019],"_shiftlockState":true,"_pose":"Climbing","_animationQueue":[],"_animationSpeed":0.931,"_zoom":8.72},{"_mousePosition":[683,384],"_rootPartCFrame":[763.251,235.656,46.714,-0.101,0,0.995,0,1,0,-0.995,0,-0.101],"_humanoidState":12,"_cameraCFrame":[764.678,245.726,44.811,-0.101,-0.978,0.184,0,0.185,0.983,-0.995,0.099,-0.019],"_shiftlockState":true,"_pose":"Climbing","_animationQueue":[],"_animationSpeed":0.931,"_zoom":8.72},{"_mousePosition":[683,384],"_rootPartCFrame":[763.251,235.843,46.714,-0.101,0,0.995,0,1,0,-0.995,0,-0.101],"_humanoidState":12,"_cameraCFrame":[764.68,245.913,44.812,-0.1,-0.978,0.184,0,0.185,0.983,-0.995,0.098,-0.018],"_shiftlockState":true,"_pose":"Climbing","_animationQueue":[],"_animationSpeed":0.931,"_zoom":8.72},{"_mousePosition":[683,384],"_rootPartCFrame":[763.251,236.029,46.714,-0.1,0,0.995,0,1,0,-0.995,0,-0.1],"_humanoidState":12,"_cameraCFrame":[764.68,246.099,44.812,-0.1,-0.978,0.184,0,0.185,0.983,-0.995,0.098,-0.018],"_shiftlockState":true,"_pose":"Climbing","_animationQueue":[],"_animationSpeed":0.931,"_zoom":8.72},{"_mousePosition":[683,384],"_rootPartCFrame":[763.251,236.263,46.714,-0.1,0,0.995,0,1,0,-0.995,0,-0.1],"_humanoidState":12,"_cameraCFrame":[764.689,246.331,44.813,-0.099,-0.978,0.185,0,0.186,0.983,-0.995,0.097,-0.018],"_shiftlockState":true,"_pose":"Climbing","_animationQueue":[],"_animationSpeed":0.931,"_zoom":8.72},{"_mousePosition":[683,384],"_rootPartCFrame":[763.251,236.403,46.714,-0.099,0,0.995,0,1,0,-0.995,0,-0.099],"_humanoidState":12,"_cameraCFrame":[764.689,246.471,44.813,-0.099,-0.978,0.185,0,0.186,0.983,-0.995,0.097,-0.018],"_shiftlockState":true,"_pose":"Climbing","_animationQueue":[],"_animationSpeed":0.931,"_zoom":8.72},{"_mousePosition":[683,384],"_rootPartCFrame":[763.251,236.589,46.714,-0.099,0,0.995,0,1,0,-0.995,0,-0.099],"_humanoidState":12,"_cameraCFrame":[764.689,246.658,44.813,-0.099,-0.978,0.185,0,0.186,0.983,-0.995,0.097,-0.018],"_shiftlockState":true,"_pose":"Climbing","_animationQueue":[],"_animationSpeed":0.931,"_zoom":8.72},{"_mousePosition":[683,384],"_rootPartCFrame":[763.251,236.776,46.714,-0.099,0,0.995,0,1,0,-0.995,0,-0.099],"_humanoidState":12,"_cameraCFrame":[764.689,246.845,44.813,-0.099,-0.978,0.185,0,0.186,0.983,-0.995,0.097,-0.018],"_shiftlockState":true,"_pose":"Climbing","_animationQueue":[],"_animationSpeed":0.931,"_zoom":8.72},{"_mousePosition":[683,384],"_rootPartCFrame":[763.251,237.009,46.714,-0.099,0,0.995,0,1,0,-0.995,0,-0.099],"_humanoidState":12,"_cameraCFrame":[764.689,247.078,44.813,-0.099,-0.978,0.185,0,0.186,0.983,-0.995,0.097,-0.018],"_shiftlockState":true,"_pose":"Climbing","_animationQueue":[],"_animationSpeed":0.931,"_zoom":8.72},{"_mousePosition":[683,384],"_rootPartCFrame":[763.251,237.149,46.714,-0.099,0,0.995,0,1,0,-0.995,0,-0.099],"_humanoidState":12,"_cameraCFrame":[764.697,247.218,44.819,-0.094,-0.978,0.185,0,0.186,0.983,-0.996,0.093,-0.018],"_shiftlockState":true,"_pose":"Climbing","_animationQueue":[],"_animationSpeed":0.931,"_zoom":8.72},{"_mousePosition":[683,384],"_rootPartCFrame":[763.251,237.336,46.714,-0.094,0,0.996,0,1,0,-0.996,0,-0.094],"_humanoidState":12,"_cameraCFrame":[764.943,247.39,44.962,-0.001,-0.981,0.194,0,0.194,0.981,-1,0.001,0],"_shiftlockState":true,"_pose":"Climbing","_animationQueue":[],"_animationSpeed":0.931,"_zoom":8.72},{"_mousePosition":[683,384],"_rootPartCFrame":[763.251,237.519,46.714,-0.001,0,1,0,1,0,-1,0,-0.001],"_humanoidState":8,"_cameraCFrame":[765.414,247.553,45.452,0.243,-0.949,0.199,0,0.205,0.979,-0.97,-0.238,0.05],"_shiftlockState":true,"_pose":"Standing","_animationQueue":[["climb",0.1],["idle",0.1],["idle",0.1]],"_animationSpeed":1,"_zoom":8.72},{"_mousePosition":[683,384],"_rootPartCFrame":[763.251,237.602,46.585,0.254,0,0.967,0,1,0,-0.967,0,0.254],"_humanoidState":8,"_cameraCFrame":[765.429,247.672,45.628,0.401,-0.9,0.169,0,0.185,0.983,-0.916,-0.394,0.074],"_shiftlockState":true,"_pose":"Standing","_animationQueue":[],"_animationSpeed":1,"_zoom":8.72},{"_mousePosition":[683,384],"_rootPartCFrame":[763.306,237.647,46.335,0.411,0,0.911,0,1,0,-0.911,0,0.411],"_humanoidState":8,"_cameraCFrame":[765.441,247.734,45.442,0.445,-0.882,0.155,0,0.174,0.985,-0.895,-0.439,0.077],"_shiftlockState":true,"_pose":"Running","_animationQueue":[["walk",0.1]],"_animationSpeed":0.852,"_zoom":8.72},{"_mousePosition":[683,384],"_rootPartCFrame":[763.407,237.671,46.088,0.448,0,0.894,0,1,0,-0.894,0,0.448],"_humanoidState":8,"_cameraCFrame":[765.524,247.759,45.156,0.428,-0.89,0.157,0,0.174,0.985,-0.904,-0.422,0.074],"_shiftlockState":true,"_pose":"Running","_animationQueue":[["walk",0.1],["walk",0.1]],"_animationSpeed":1.098,"_zoom":8.72},{"_mousePosition":[683,384],"_rootPartCFrame":[763.513,238.544,45.844,0.43,0,0.903,0,1,0,-0.903,0,0.43],"_humanoidState":3,"_cameraCFrame":[765.623,248.626,44.841,0.392,-0.905,0.163,0,0.178,0.984,-0.92,-0.386,0.07],"_shiftlockState":true,"_pose":"Jumping","_animationQueue":[["walk",0.1],["jump",0.1]],"_animationSpeed":1,"_zoom":8.72},{"_mousePosition":[683,384],"_rootPartCFrame":[763.609,239.366,45.622,0.392,0,0.92,0,1,0,-0.92,0,0.392],"_humanoidState":5,"_cameraCFrame":[765.712,249.441,44.551,0.356,-0.919,0.17,0,0.182,0.983,-0.934,-0.35,0.065],"_shiftlockState":true,"_pose":"FreeFall","_animationQueue":[["jump",0.1]],"_animationSpeed":1,"_zoom":8.72},{"_mousePosition":[683,384],"_rootPartCFrame":[763.689,240.134,45.437,0.356,0,0.934,0,1,0,-0.934,0,0.356],"_humanoidState":5,"_cameraCFrame":[765.795,250.196,44.271,0.304,-0.935,0.181,0,0.19,0.982,-0.953,-0.298,0.058],"_shiftlockState":true,"_pose":"FreeFall","_animationQueue":[],"_animationSpeed":1,"_zoom":8.72},{"_mousePosition":[683,384],"_rootPartCFrame":[763.739,240.847,45.271,0.309,0,0.951,0,1,0,-0.951,0,0.309],"_humanoidState":5,"_cameraCFrame":[765.874,250.892,44.04,0.264,-0.945,0.192,0,0.199,0.98,-0.965,-0.258,0.052],"_shiftlockState":true,"_pose":"FreeFall","_animationQueue":[],"_animationSpeed":1,"_zoom":8.72},{"_mousePosition":[683,384],"_rootPartCFrame":[763.752,241.346,45.153,0.268,0,0.963,0,1,0,-0.963,0,0.268],"_humanoidState":5,"_cameraCFrame":[765.919,251.374,43.861,0.227,-0.952,0.203,0,0.208,0.978,-0.974,-0.222,0.047],"_shiftlockState":true,"_pose":"FreeFall","_animationQueue":[],"_animationSpeed":1,"_zoom":8.72},{"_mousePosition":[683,384],"_rootPartCFrame":[763.735,241.963,45.006,0.232,0,0.973,0,1,0,-0.973,0,0.232],"_humanoidState":5,"_cameraCFrame":[765.908,251.981,43.656,0.196,-0.958,0.21,0,0.214,0.977,-0.981,-0.192,0.042],"_shiftlockState":true,"_pose":"FreeFall","_animationQueue":[],"_animationSpeed":1,"_zoom":8.72},{"_mousePosition":[683,384],"_rootPartCFrame":[763.669,242.616,45.003,0.178,-0.001,0.984,0.015,1,-0.001,-0.984,0.015,0.178],"_humanoidState":5,"_cameraCFrame":[765.837,252.628,43.633,0.175,-0.961,0.214,0,0.217,0.976,-0.985,-0.171,0.038],"_shiftlockState":true,"_pose":"FreeFall","_animationQueue":[],"_animationSpeed":1,"_zoom":8.72},{"_mousePosition":[683,384],"_rootPartCFrame":[763.576,243.069,45.015,0.175,-0.001,0.985,0.007,1,-0.001,-0.984,0.007,0.175],"_humanoidState":5,"_cameraCFrame":[765.747,253.076,43.609,0.162,-0.963,0.217,0,0.219,0.976,-0.987,-0.158,0.036],"_shiftlockState":true,"_pose":"FreeFall","_animationQueue":[],"_animationSpeed":1,"_zoom":8.72},{"_mousePosition":[683,384],"_rootPartCFrame":[763.481,243.372,45.015,0.164,0,0.987,0.002,1,0,-0.987,0.002,0.164],"_humanoidState":5,"_cameraCFrame":[765.653,253.375,43.574,0.148,-0.964,0.219,0,0.222,0.975,-0.989,-0.144,0.033],"_shiftlockState":true,"_pose":"FreeFall","_animationQueue":[],"_animationSpeed":1,"_zoom":8.72},{"_mousePosition":[683,384],"_rootPartCFrame":[763.408,243.787,44.982,0.097,0,0.995,0.005,1,0,-0.995,0.005,0.097],"_humanoidState":5,"_cameraCFrame":[765.602,253.777,43.505,0.126,-0.966,0.226,0,0.228,0.974,-0.992,-0.123,0.029],"_shiftlockState":true,"_pose":"FreeFall","_animationQueue":[],"_animationSpeed":1,"_zoom":8.72},{"_mousePosition":[683,384],"_rootPartCFrame":[763.406,243.989,44.963,0.115,0,0.993,0.002,1,0,-0.993,0.002,0.115],"_humanoidState":12,"_cameraCFrame":[765.638,253.958,43.416,0.093,-0.967,0.237,0,0.238,0.971,-0.996,-0.09,0.022],"_shiftlockState":true,"_pose":"Climbing","_animationQueue":[["walk",0.1],["climb",0.1]],"_animationSpeed":1.461,"_zoom":8.72},{"_mousePosition":[683,384],"_rootPartCFrame":[763.406,244.176,44.962,0.092,0,0.996,0,1,0,-0.996,0,0.092],"_humanoidState":12,"_cameraCFrame":[765.665,254.123,43.332,0.054,-0.967,0.248,0,0.249,0.969,-0.999,-0.052,0.013],"_shiftlockState":true,"_pose":"Climbing","_animationQueue":[["climb",0.1]],"_animationSpeed":0.944,"_zoom":8.72},{"_mousePosition":[683,384],"_rootPartCFrame":[763.406,244.316,44.962,0.054,0,0.999,0,1,0,-0.999,0,0.054],"_humanoidState":12,"_cameraCFrame":[765.662,254.243,43.23,0.008,-0.966,0.257,0,0.257,0.966,-1,-0.008,0.002],"_shiftlockState":true,"_pose":"Climbing","_animationQueue":[],"_animationSpeed":0.944,"_zoom":8.72},{"_mousePosition":[683,384],"_rootPartCFrame":[763.406,244.55,44.962,0.008,0,1,0,1,0,-1,0,0.008],"_humanoidState":12,"_cameraCFrame":[765.615,254.469,43.137,-0.034,-0.965,0.26,0,0.26,0.966,-0.999,0.033,-0.009],"_shiftlockState":true,"_pose":"Climbing","_animationQueue":[],"_animationSpeed":0.944,"_zoom":8.72},{"_mousePosition":[683,384],"_rootPartCFrame":[763.406,244.69,44.962,-0.034,0,0.999,0,1,0,-0.999,0,-0.034],"_humanoidState":12,"_cameraCFrame":[765.541,254.609,43.05,-0.074,-0.963,0.259,0,0.26,0.966,-0.997,0.071,-0.019],"_shiftlockState":true,"_pose":"Climbing","_animationQueue":[],"_animationSpeed":0.944,"_zoom":8.72},{"_mousePosition":[683,384],"_rootPartCFrame":[763.406,244.923,44.962,-0.074,0,0.997,0,1,0,-0.997,0,-0.074],"_humanoidState":12,"_cameraCFrame":[765.471,254.85,43.006,-0.095,-0.962,0.256,0,0.257,0.966,-0.995,0.092,-0.025],"_shiftlockState":true,"_pose":"Climbing","_anim