[{"_mousePosition":[1179,369],"_rootPartCFrame":[776.035,222.975,47.142,-0.002,-0.007,1,0,1,0.007,-1,0,-0.002],"_humanoidState":8,"_cameraCFrame":[777.91,235.174,47.12,-0.012,-0.985,0.174,0,0.174,0.985,-1,0.012,-0.002],"_shiftlockState":false,"_pose":"Standing","_animationQueue":[],"_animationSpeed":1,"_zoom":10.864},{"_mousePosition":[1179,369],"_rootPartCFrame":[775.611,222.74,47.147,-0.004,0,1,0,1,0,-1,0,-0.004],"_humanoidState":8,"_cameraCFrame":[777.498,234.939,47.125,-0.012,-0.985,0.174,0,0.174,0.985,-1,0.012,-0.002],"_shiftlockState":false,"_pose":"Standing","_animationQueue":[],"_animationSpeed":1,"_zoom":10.864},{"_mousePosition":[1179,369],"_rootPartCFrame":[775.544,222.694,47.148,-0.004,0,1,0,1,0,-1,0,-0.004],"_humanoidState":8,"_cameraCFrame":[777.431,234.893,47.126,-0.012,-0.985,0.174,0,0.174,0.985,-1,0.012,-0.002],"_shiftlockState":false,"_pose":"Running","_animationQueue":[["walk",0.1]],"_animationSpeed":1.103,"_zoom":10.864},{"_mousePosition":[1178,369],"_rootPartCFrame":[775.344,222.654,47.151,-0.005,0,1,0,1,0,-1,0,-0.005],"_humanoidState":8,"_cameraCFrame":[777.231,234.853,47.128,-0.012,-0.985,0.174,0,0.174,0.985,-1,0.012,-0.002],"_shiftlockState":false,"_pose":"Running","_animationQueue":[],"_animationSpeed":1.103,"_zoom":10.864},{"_mousePosition":[1134,363],"_rootPartCFrame":[775.078,222.664,47.154,-0.006,0,1,0,1,0,-1,0,-0.006],"_humanoidState":8,"_cameraCFrame":[776.964,234.863,47.131,-0.012,-0.985,0.174,0,0.174,0.985,-1,0.012,-0.002],"_shiftlockState":false,"_pose":"Running","_animationQueue":[],"_animationSpeed":1.103,"_zoom":10.864},{"_mousePosition":[1097,356],"_rootPartCFrame":[774.744,222.682,47.158,-0.007,0,1,0,1,0,-1,0,-0.007],"_humanoidState":8,"_cameraCFrame":[776.631,234.881,47.135,-0.012,-0.985,0.174,0,0.174,0.985,-1,0.012,-0.002],"_shiftlockState":false,"_pose":"Running","_animationQueue":[],"_animationSpeed":1.103,"_zoom":10.864},{"_mousePosition":[1097,356],"_rootPartCFrame":[774.478,222.69,47.161,-0.008,0,1,0,1,0,-1,0,-0.008],"_humanoidState":8,"_cameraCFrame":[776.364,234.889,47.138,-0.012,-0.985,0.174,0,0.174,0.985,-1,0.012,-0.002],"_shiftlockState":false,"_pose":"Running","_animationQueue":[],"_animationSpeed":1.103,"_zoom":10.864},{"_mousePosition":[998,335],"_rootPartCFrame":[774.211,222.694,47.164,-0.008,0,1,0,1,0,-1,0,-0.008],"_humanoidState":8,"_cameraCFrame":[776.098,234.893,47.142,-0.012,-0.985,0.174,0,0.174,0.985,-1,0.012,-0.002],"_shiftlockState":false,"_pose":"Running","_animationQueue":[],"_animationSpeed":1.103,"_zoom":10.864},{"_mousePosition":[946,326],"_rootPartCFrame":[773.945,222.697,47.167,-0.009,0,1,0,1,0,-1,0,-0.009],"_humanoidState":8,"_cameraCFrame":[775.831,234.896,47.145,-0.012,-0.985,0.174,0,0.174,0.985,-1,0.012,-0.002],"_shiftlockState":false,"_pose":"Running","_animationQueue":[],"_animationSpeed":1.103,"_zoom":10.864},{"_mousePosition":[910,322],"_rootPartCFrame":[773.678,222.698,47.17,-0.009,0,1,0,1,0,-1,0,-0.009],"_humanoidState":8,"_cameraCFrame":[775.564,234.897,47.148,-0.012,-0.985,0.174,0,0.174,0.985,-1,0.012,-0.002],"_shiftlockState":false,"_pose":"Running","_animationQueue":[["walk",0.1]],"_animationSpeed":1.103,"_zoom":10.864},{"_mousePosition":[908,321],"_rootPartCFrame":[773.478,222.699,47.173,-0.009,0,1,0,1,0,-1,0,-0.009],"_humanoidState":8,"_cameraCFrame":[775.364,234.898,47.15,-0.012,-0.985,0.174,0,0.174,0.985,-1,0.012,-0.002],"_shiftlockState":false,"_pose":"Running","_animationQueue":[],"_animationSpeed":1.103,"_zoom":10.864},{"_mousePosition":[866,317],"_rootPartCFrame":[773.211,222.699,47.176,-0.01,0,1,0,1,0,-1,0,-0.01],"_humanoidState":8,"_cameraCFrame":[775.098,234.898,47.153,-0.012,-0.985,0.174,0,0.174,0.985,-1,0.012,-0.002],"_shiftlockState":false,"_pose":"Running","_animationQueue":[],"_animationSpeed":1.103,"_zoom":10.864},{"_mousePosition":[860,317],"_rootPartCFrame":[772.945,222.699,47.179,-0.01,0,1,0,1,0,-1,0,-0.01],"_humanoidState":8,"_cameraCFrame":[774.831,234.898,47.157,-0.012,-0.985,0.174,0,0.174,0.985,-1,0.012,-0.002],"_shiftlockState":false,"_pose":"Running","_animationQueue":[],"_animationSpeed":1.103,"_zoom":10.864},{"_mousePosition":[860,317],"_rootPartCFrame":[772.678,222.699,47.182,-0.01,0,1,0,1,0,-1,0,-0.01],"_humanoidState":8,"_cameraCFrame":[774.565,234.898,47.16,-0.012,-0.985,0.174,0,0.174,0.985,-1,0.012,-0.002],"_shiftlockState":false,"_pose":"Running","_animationQueue":[],"_animationSpeed":1.103,"_zoom":10.864},{"_mousePosition":[860,317],"_rootPartCFrame":[772.412,222.7,47.185,-0.011,0,1,0,1,0,-1,0,-0.011],"_humanoidState":8,"_cameraCFrame":[774.298,234.899,47.157,-0.015,-0.985,0.174,0,0.174,0.985,-1,0.015,-0.003],"_shiftlockState":false,"_pose":"Running","_animationQueue":[],"_animationSpeed":1.103,"_zoom":10.864},{"_mousePosition":[860,317],"_rootPartCFrame":[772.078,222.7,47.189,-0.011,0,1,0,1,0,-1,0,-0.011],"_humanoidState":8,"_cameraCFrame":[773.965,234.899,47.159,-0.016,-0.985,0.174,0,0.174,0.985,-1,0.016,-0.003],"_shiftlockState":false,"_pose":"Running","_animationQueue":[],"_animationSpeed":1.103,"_zoom":10.864},{"_mousePosition":[860,317],"_rootPartCFrame":[771.812,222.7,47.193,-0.011,0,1,0,1,0,-1,0,-0.011],"_humanoidState":8,"_cameraCFrame":[773.698,234.899,47.161,-0.017,-0.985,0.174,0,0.174,0.985,-1,0.017,-0.003],"_shiftlockState":false,"_pose":"Running","_animationQueue":[["walk",0.1]],"_animationSpeed":1.103,"_zoom":10.864},{"_mousePosition":[860,317],"_rootPartCFrame":[771.479,223.783,47.198,-0.012,0,1,0,1,0,-1,0,-0.012],"_humanoidState":3,"_cameraCFrame":[773.365,235.982,47.162,-0.019,-0.985,0.174,0,0.174,0.985,-1,0.019,-0.003],"_shiftlockState":false,"_pose":"Jumping","_animationQueue":[["walk",0.1],["jump",0.1]],"_animationSpeed":1,"_zoom":10.864},{"_mousePosition":[860,317],"_rootPartCFrame":[771.279,224.395,47.201,-0.012,0,1,0,1,0,-1,0,-0.012],"_humanoidState":5,"_cameraCFrame":[773.165,236.594,47.161,-0.021,-0.985,0.174,0,0.174,0.985,-1,0.021,-0.004],"_shiftlockState":false,"_pose":"FreeFall","_animationQueue":[["jump",0.1]],"_animationSpeed":1,"_zoom":10.864},{"_mousePosition":[860,317],"_rootPartCFrame":[771.012,225.162,47.206,-0.013,0,1,0,1,0,-1,0,-0.013],"_humanoidState":5,"_cameraCFrame":[772.898,237.361,47.164,-0.022,-0.985,0.174,0,0.174,0.985,-1,0.022,-0.004],"_shiftlockState":false,"_pose":"FreeFall","_animationQueue":[],"_animationSpeed":1,"_zoom":10.864},{"_mousePosition":[860,317],"_rootPartCFrame":[770.745,225.875,47.212,-0.014,0,1,0,1,0,-1,0,-0.014],"_humanoidState":5,"_cameraCFrame":[772.631,238.074,47.17,-0.022,-0.985,0.174,0,0.174,0.985,-1,0.022,-0.004],"_shiftlockState":false,"_pose":"FreeFall","_animationQueue":[],"_animationSpeed":1,"_zoom":10.864},{"_mousePosition":[860,317],"_rootPartCFrame":[770.479,226.534,47.218,-0.015,0,1,0,1,0,-1,0,-0.015],"_humanoidState":5,"_cameraCFrame":[772.365,238.733,47.176,-0.022,-0.985,0.174,0,0.174,0.985,-1,0.022,-0.004],"_shiftlockState":false,"_pose":"FreeFall","_animationQueue":[],"_animationSpeed":1,"_zoom":10.864},{"_mousePosition":[860,317],"_rootPartCFrame":[770.212,227.138,47.224,-0.016,0,1,0,1,0,-1,0,-0.016],"_humanoidState":5,"_cameraCFrame":[772.098,239.337,47.184,-0.021,-0.985,0.174,0,0.174,0.985,-1,0.021,-0.004],"_shiftlockState":false,"_pose":"FreeFall","_animationQueue":[],"_animationSpeed":1,"_zoom":10.864},{"_mousePosition":[860,317],"_rootPartCFrame":[769.946,227.687,47.23,-0.017,0,1,0,1,0,-1,0,-0.017],"_humanoidState":5,"_cameraCFrame":[771.832,239.886,47.192,-0.02,-0.985,0.174,0,0.174,0.985,-1,0.02,-0.004],"_shiftlockState":false,"_pose":"FreeFall","_animationQueue":[],"_animationSpeed":1,"_zoom":10.864},{"_mousePosition":[860,317],"_rootPartCFrame":[769.612,228.298,47.237,-0.018,0,1,0,1,0,-1,0,-0.018],"_humanoidState":5,"_cameraCFrame":[771.498,240.497,47.201,-0.019,-0.985,0.174,0,0.174,0.985,-1,0.019,-0.003],"_shiftlockState":false,"_pose":"FreeFall","_animationQueue":[],"_animationSpeed":1,"_zoom":10.864},{"_mousePosition":[860,317],"_rootPartCFrame":[769.346,228.725,47.242,-0.018,0,1,0,1,0,-1,0,-0.018],"_humanoidState":5,"_cameraCFrame":[771.232,240.923,47.208,-0.018,-0.985,0.174,0,0.174,0.985,-1,0.018,-0.003],"_shiftlockState":false,"_pose":"FreeFall","_animationQueue":[],"_animationSpeed":1,"_zoom":10.864},{"_mousePosition":[860,317],"_rootPartCFrame":[769.146,229.009,47.246,-0.018,0,1,0,1,0,-1,0,-0.018],"_humanoidState":5,"_cameraCFrame":[771.032,241.208,47.216,-0.016,-0.985,0.174,0,0.174,0.985,-1,0.016,-0.003],"_shiftlockState":false,"_pose":"FreeFall","_animationQueue":[],"_animationSpeed":1,"_zoom":10.864},{"_mousePosition":[860,317],"_rootPartCFrame":[768.813,229.415,47.252,-0.018,0,1,0,1,0,-1,0,-0.018],"_humanoidState":5,"_cameraCFrame":[770.699,241.614,47.222,-0.016,-0.985,0.174,0,0.174,0.985,-1,0.016,-0.003],"_shiftlockState":false,"_pose":"FreeFall","_animationQueue":[],"_animationSpeed":1,"_zoom":10.864},{"_mousePosition":[860,317],"_rootPartCFrame":[768.613,229.617,47.255,-0.018,0,1,0,1,0,-1,0,-0.018],"_humanoidState":5,"_cameraCFrame":[770.499,241.816,47.227,-0.015,-0.985,0.174,0,0.174,0.985,-1,0.015,-0.003],"_shiftlockState":false,"_pose":"FreeFall","_animationQueue":[],"_animationSpeed":1,"_zoom":10.864},{"_mousePosition":[860,317],"_rootPartCFrame":[768.346,229.84,47.26,-0.018,0,1,0,1,0,-1,0,-0.018],"_humanoidState":5,"_cameraCFrame":[770.232,242.039,47.231,-0.015,-0.985,0.174,0,0.174,0.985,-1,0.015,-0.003],"_shiftlockState":false,"_pose":"FreeFall","_animationQueue":[],"_animationSpeed":1,"_zoom":10.864},{"_mousePosition":[860,317],"_rootPartCFrame":[768.079,230.008,47.264,-0.018,0,1,0,1,0,-1,0,-0.018],"_humanoidState":5,"_cameraCFrame":[769.966,242.207,47.235,-0.015,-0.985,0.174,0,0.174,0.985,-1,0.015,-0.003],"_shiftlockState":false,"_pose":"FreeFall","_animationQueue":[],"_animationSpeed":1,"_zoom":10.864},{"_mousePosition":[860,317],"_rootPartCFrame":[767.838,230.122,47.267,-0.017,0,1,0,1,0,-1,0,-0.017],"_humanoidState":5,"_cameraCFrame":[769.724,242.32,47.239,-0.015,-0.985,0.174,0,0.174,0.985,-1,0.015,-0.003],"_shiftlockState":false,"_pose":"FreeFall","_animationQueue":[],"_animationSpeed":1,"_zoom":10.864},{"_mousePosition":[860,317],"_rootPartCFrame":[767.635,230.181,47.27,-0.017,0,1,0,1,0,-1,0,-0.017],"_humanoidState":5,"_cameraCFrame":[769.522,242.38,47.242,-0.015,-0.985,0.174,0,0.174,0.985,-1,0.015,-0.003],"_shiftlockState":false,"_pose":"FreeFall","_animationQueue":[],"_animationSpeed":1,"_zoom":10.864},{"_mousePosition":[860,317],"_rootPartCFrame":[767.473,230.185,47.273,-0.017,0,1,0,1,0,-1,0,-0.017],"_humanoidState":5,"_cameraCFrame":[769.359,242.384,47.244,-0.015,-0.985,0.174,0,0.174,0.985,-1,0.015,-0.003],"_shiftlockState":false,"_pose":"FreeFall","_animationQueue":[],"_animationSpeed":1,"_zoom":10.864},{"_mousePosition":[860,317],"_rootPartCFrame":[767.351,230.135,47.274,-0.017,0,1,0,1,0,-1,0,-0.017],"_humanoidState":5,"_cameraCFrame":[769.237,242.334,47.246,-0.015,-0.985,0.174,0,0.174,0.985,-1,0.015,-0.003],"_shiftlockState":false,"_pose":"FreeFall","_animationQueue":[],"_animationSpeed":1,"_zoom":10.864},{"_mousePosition":[860,317],"_rootPartCFrame":[767.268,230.031,47.276,-0.017,0,1,0,1,0,-1,0,-0.017],"_humanoidState":5,"_cameraCFrame":[769.154,242.23,47.248,-0.015,-0.985,0.174,0,0.174,0.985,-1,0.015,-0.003],"_shiftlockState":false,"_pose":"FreeFall","_animationQueue":[],"_animationSpeed":1,"_zoom":10.864},{"_mousePosition":[860,317],"_rootPartCFrame":[767.224,229.872,47.276,-0.017,0,1,0,1,0,-1,0,-0.017],"_humanoidState":5,"_cameraCFrame":[769.111,242.071,47.248,-0.015,-0.985,0.174,0,0.174,0.985,-1,0.015,-0.003],"_shiftlockState":false,"_pose":"FreeFall","_animationQueue":[["fall",0.3]],"_animationSpeed":1,"_zoom":10.864},{"_mousePosition":[860,317],"_rootPartCFrame":[767.217,229.658,47.276,-0.017,0,1,0,1,0,-1,0,-0.017],"_humanoidState":5,"_cameraCFrame":[769.103,241.857,47.248,-0.015,-0.985,0.174,0,0.174,0.985,-1,0.015,-0.003],"_shiftlockState":false,"_pose":"FreeFall","_animationQueue":[],"_animationSpeed":1,"_zoom":10.864},{"_mousePosition":[860,317],"_rootPartCFrame":[767.216,229.39,47.276,-0.017,0,1,0,1,0,-1,0,-0.017],"_humanoidState":5,"_cameraCFrame":[769.103,241.589,47.248,-0.015,-0.985,0.174,0,0.174,0.985,-1,0.015,-0.003],"_shiftlockState":false,"_pose":"FreeFall","_animationQueue":[],"_animationSpeed":1,"_zoom":10.864},{"_mousePosition":[860,317],"_rootPartCFrame":[767.216,229.068,47.276,-0.017,0,1,0,1,0,-1,0,-0.017],"_humanoidState":5,"_cameraCFrame":[769.103,241.267,47.248,-0.015,-0.985,0.174,0,0.174,0.985,-1,0.015,-0.003],"_shiftlockState":false,"_pose":"FreeFall","_animationQueue":[],"_animationSpeed":1,"_zoom":10.864},{"_mousePosition":[860,317],"_rootPartCFrame":[767.216,228.691,47.276,-0.017,0,1,0,1,0,-1,0,-0.017],"_humanoidState":5,"_cameraCFrame":[769.103,240.89,47.248,-0.015,-0.985,0.174,0,0.174,0.985,-1,0.015,-0.003],"_shiftlockState":false,"_pose":"FreeFall","_animationQueue":[],"_animationSpeed":1,"_zoom":10.864},{"_mousePosition":[860,317],"_rootPartCFrame":[767.179,228.143,47.277,-0.017,0,1,0,1,0,-1,0,-0.017],"_humanoidState":5,"_cameraCFrame":[769.065,240.342,47.249,-0.015,-0.985,0.174,0,0.174,0.985,-1,0.015,-0.003],"_shiftlockState":false,"_pose":"FreeFall","_animationQueue":[],"_animationSpeed":1,"_zoom":10.864},{"_mousePosition":[860,317],"_rootPartCFrame":[767.127,227.773,47.278,-0.017,0,1,0,1,0,-1,0,-0.017],"_humanoidState":5,"_cameraCFrame":[769.013,239.972,47.25,-0.015,-0.985,0.174,0,0.174,0.985,-1,0.015,-0.003],"_shiftlockState":false,"_pose":"FreeFall","_animationQueue":[["fall",0.3]],"_animationSpeed":1,"_zoom":10.864},{"_mousePosition":[860,317],"_rootPartCFrame":[767.023,227.233,47.279,-0.017,0,1,0,1,0,-1,0,-0.017],"_humanoidState":5,"_cameraCFrame":[768.909,239.432,47.251,-0.015,-0.985,0.174,0,0.174,0.985,-1,0.015,-0.003],"_shiftlockState":false,"_pose":"FreeFall","_animationQueue":[],"_animationSpeed":1,"_zoom":10.864},{"_mousePosition":[860,317],"_rootPartCFrame":[766.837,226.481,47.282,-0.016,0,1,0,1,0,-1,0,-0.016],"_humanoidState":5,"_cameraCFrame":[768.723,238.68,47.254,-0.015,-0.985,0.174,0,0.174,0.985,-1,0.015,-0.003],"_shiftlockState":false,"_pose":"FreeFall","_animationQueue":[],"_animationSpeed":1,"_zoom":10.864},{"_mousePosition":[860,317],"_rootPartCFrame":[766.695,225.988,47.284,-0.016,0,1,0,1,0,-1,0,-0.016],"_humanoidState":5,"_cameraCFrame":[768.581,238.187,47.256,-0.015,-0.985,0.174,0,0.174,0.985,-1,0.015,-0.003],"_shiftlockState":false,"_pose":"FreeFall","_animationQueue":[],"_animationSpeed":1,"_zoom":10.864},{"_mousePosition":[860,317],"_rootPartCFrame":[766.472,225.284,47.288,-0.016,0,1,0,1,0,-1,0,-0.016],"_humanoidState":5,"_cameraCFrame":[768.358,237.483,47.259,-0.015,-0.985,0.174,0,0.174,0.985,-1,0.015,-0.003],"_shiftlockState":false,"_pose":"FreeFall","_animationQueue":[],"_animationSpeed":1,"_zoom":10.864},{"_mousePosition":[860,317],"_rootPartCFrame":[766.213,224.526,47.291,-0.016,0,1,0,1,0,-1,0,-0.016],"_humanoidState":5,"_cameraCFrame":[768.099,236.725,47.263,-0.015,-0.985,0.174,0,0.174,0.985,-1,0.015,-0.003],"_shiftlockState":false,"_pose":"FreeFall","_animationQueue":[],"_animationSpeed":1,"_zoom":10.864},{"_mousePosition":[860,317],"_rootPartCFrame":[765.947,223.713,47.295,-0.016,0,1,0,1,0,-1,0,-0.016],"_humanoidState":5,"_cameraCFrame":[767.833,235.912,47.267,-0.015,-0.985,0.174,0,0.174,0.985,-1,0.015,-0.003],"_shiftlockState":false,"_pose":"FreeFall","_animationQueue":[["fall",0.3]],"_animationSpeed":1,"_zoom":10.864},{"_mousePosition":[860,317],"_rootPartCFrame":[765.68,222.845,47.299,-0.016,0,1,0,1,0,-1,0,-0.016],"_humanoidState":5,"_cameraCFrame":[767.566,235.044,47.271,-0.015,-0.985,0.174,0,0.174,0.985,-1,0.015,-0.003],"_shiftlockState":false,"_pose":"FreeFall","_animationQueue":[],"_animationSpeed":1,"_zoom":10.864},{"_mousePosition":[860,317],"_rootPartCFrame":[765.413,221.923,47.303,-0.016,0,1,0,1,0,-1,0,-0.016],"_humanoidState":5,"_cameraCFrame":[767.3,234.122,47.275,-0.015,-0.985,0.174,0,0.174,0.985,-1,0.015,-0.003],"_shiftlockState":false,"_pose":"FreeFall","_animationQueue":[],"_animationSpeed":1,"_zoom":10.864},{"_mousePosition":[860,317],"_rootPartCFrame":[765.27,221.785,47.306,-0.015,0,1,0,1,0,-1,0,-0.015],"_humanoidState":7,"_cameraCFrame":[767.156,233.984,47.277,-0.015,-0.985,0.174,0,0.174,0.985,-1,0.015,-0.003],"_shiftlockState":false,"_pose":"FreeFall","_animationQueue":[["walk",0.1],["fall",0.3],["fall",0.3]],"_animationSpeed":1,"_zoom":10.864},{"_mousePosition":[860,317],"_rootPartCFrame":[765.165,221.819,47.307,-0.015,0,1,0,1,0,-1,0,-0.015],"_humanoidState":7,"_cameraCFrame":[767.051,234.018,47.279,-0.015,-0.985,0.174,0,0.174,0.985,-1,0.015,-0.003],"_shiftlockState":false,"_pose":"FreeFall","_animationQueue":[],"_animationSpeed":1,"_zoom":10.864},{"_mousePosition":[860,317],"_rootPartCFrame":[765.006,221.948,47.31,-0.015,0,1,0,1,0,-1,0,-0.015],"_humanoidState":8,"_cameraCFrame":[766.892,234.147,47.281,-0.015,-0.985,0.174,0,0.174,0.985,-1,0.015,-0.003],"_shiftlockState":false,"_pose":"Running","_animationQueue":[["walk",0.1],["fall",0.3],["walk",0.1]],"_animationSpeed":0.45,"_zoom":10.864},{"_mousePosition":[860,317],"_rootPartCFrame":[764.895,221.999,47.311,-0.015,0,1,0,1,0,-1,0,-0.015],"_humanoidState":8,"_cameraCFrame":[766.782,234.198,47.283,-0.015,-0.985,0.174,0,0.174,0.985,-1,0.015,-0.003],"_shiftlockState":false,"_pose":"Running","_animationQueue":[["walk",0.1]],"_animationSpeed":0.535,"_zoom":10.864},{"_mousePosition":[860,317],"_rootPartCFrame":[764.766,222.1,47.313,-0.015,0,1,0,1,0,-1,0,-0.015],"_humanoidState":8,"_cameraCFrame":[766.652,234.298,47.285,-0.015,-0.985,0.174,0,0.174,0.985,-1,0.015,-0.003],"_shiftlockState":false,"_pose":"Running","_animationQueue":[["walk",0.1],["walk",0.1]],"_animationSpeed":0.446,"_zoom":10.864},{"_mousePosition":[860,317],"_rootPartCFrame":[764.577,222.291,47.316,-0.015,0,1,0,1,0,-1,0,-0.015],"_humanoidState":8,"_cameraCFrame":[766.464,234.49,47.288,-0.015,-0.985,0.174,0,0.174,0.985,-1,0.015,-0.003],"_shiftlockState":false,"_pose":"Running","_animationQueue":[["walk",0.1]],"_animationSpeed":0.549,"_zoom":10.864},{"_mousePosition":[860,317],"_rootPartCFrame":[764.458,222.383,47.318,-0.015,0,1,0,1,0,-1,0,-0.015],"_humanoidState":8,"_cameraCFrame":[766.344,234.582,47.29,-0.015,-0.985,0.174,0,0.174,0.985,-1,0.015,-0.003],"_shiftlockState":false,"_pose":"Running","_animationQueue":[["walk",0.1]],"_animationSpeed":0.634,"_zoom":10.864},{"_mousePosition":[860,317],"_rootPartCFrame":[764.284,222.474,47.32,-0.015,0,1,0,1,0,-1,0,-0.015],"_humanoidState":8,"_cameraCFrame":[766.17,234.673,47.292,-0.015,-0.985,0.174,0,0.174,0.985,-1,0.015,-0.003],"_shiftlockState":false,"_pose":"Running","_animationQueue":[],"_animationSpeed":0.634,"_zoom":10.864},{"_mousePosition":[860,317],"_rootPartCFrame":[764.092,222.598,47.323,-0.015,0,1,0,1,0,-1,0,-0.015],"_humanoidState":8,"_cameraCFrame":[765.978,234.797,47.295,-0.015,-0.985,0.174,0,0.174,0.985,-1,0.015,-0.003],"_shiftlockState":false,"_pose":"Running","_animationQueue":[["walk",0.1]],"_animationSpeed":0.73,"_zoom":10.864},{"_mousePosition":[860,317],"_rootPartCFrame":[763.905,222.668,47.326,-0.015,0,1,0,1,0,-1,0,-0.015],"_humanoidState":8,"_cameraCFrame":[765.792,234.867,47.298,-0.015,-0.985,0.174,0,0.174,0.985,-1,0.015,-0.003],"_shiftlockState":false,"_pose":"Running","_animationQueue":[["walk",0.1]],"_animationSpeed":0.802,"_zoom":10.864},{"_mousePosition":[860,317],"_rootPartCFrame":[763.841,222.76,47.327,-0.015,0,1,0,1,0,-1,0,-0.015],"_humanoidState":8,"_cameraCFrame":[765.727,234.959,47.301,-0.014,-0.985,0.174,0,0.174,0.985,-1,0.014,-0.002],"_shiftlockState":false,"_pose":"Running","_animationQueue":[["walk",0.1]],"_animationSpeed":0.802,"_zoom":10.864},{"_mousePosition":[860,317],"_rootPartCFrame":[763.839,222.847,47.327,-0.015,0,1,0,1,0,-1,0,-0.015],"_humanoidState":8,"_cameraCFrame":[765.725,235.046,47.307,-0.011,-0.985,0.174,0,0.174,0.985,-1,0.011,-0.002],"_shiftlockState":false,"_pose":"Running","_animationQueue":[["walk",0.1]],"_animationSpeed":0.048,"_zoom":10.864},{"_mousePosition":[860,317],"_rootPartCFrame":[763.839,222.912,47.327,-0.015,0,1,0,1,0,-1,0,-0.015],"_humanoidState":8,"_cameraCFrame":[765.725,235.111,47.311,-0.009,-0.985,0.174,0,0.174,0.985,-1,0.009,-0.002],"_shiftlockState":false,"_pose":"Standing","_animationQueue":[["idle",0.1]],"_animationSpeed":1,"_zoom":10.864},{"_mousePosition":[860,317],"_rootPartCFrame":[763.839,222.934,47.327,-0.015,0,1,0,1,0,-1,0,-0.015],"_humanoidState":8,"_cameraCFrame":[765.725,235.133,47.315,-0.007,-0.985,0.174,0,0.174,0.985,-1,0.006,-0.001],"_shiftlockState":false,"_pose":"Standing","_animationQueue":[],"_animationSpeed":1,"_zoom":10.864},{"_mousePosition":[860,317],"_rootPartCFrame":[763.839,222.952,47.327,-0.015,0,1,0,1,0,-1,0,-0.015],"_humanoidState":8,"_cameraCFrame":[765.725,235.151,47.315,-0.007,-0.985,0.174,0,0.174,0.985,-1,0.006,-0.001],"_shiftlockState":false,"_pose":"Standing","_animationQueue":[],"_animationSpeed":1,"_zoom":10.864},{"_mousePosition":[860,317],"_rootPartCFrame":[763.839,222.961,47.327,-0.015,0,1,0,1,0,-1,0,-0.015],"_humanoidState":8,"_cameraCFrame":[765.725,235.16,47.315,-0.007,-0.985,0.174,0,0.174,0.985,-1,0.006,-0.001],"_shiftlockState":false,"_pose":"Standing","_animationQueue":[],"_animationSpeed":1,"_zoom":10.864},{"_mousePosition":[860,317],"_rootPartCFrame":[763.839,222.968,47.327,-0.015,0,1,0,1,0,-1,0,-0.015],"_humanoidState":8,"_cameraCFrame":[765.725,235.167,47.315,-0.007,-0.985,0.174,0,0.174,0.985,-1,0.006,-0.001],"_shiftlockState":false,"_pose":"Standing","_animationQueue":[],"_animationSpeed":1,"_zoom":10.864},{"_mousePosition":[860,317],"_rootPartCFrame":[763.839,222.97,47.327,-0.015,0,1,0,1,0,-1,0,-0.015],"_humanoidState":8,"_cameraCFrame":[765.725,235.168,47.315,-0.007,-0.985,0.174,0,0.174,0.985,-1,0.006,-0.001],"_shiftlockState":false,"_pose":"Standing","_animationQueue":[],"_animationSpeed":1,"_zoom":10.864},{"_mousePosition":[860,317],"_rootPartCFrame":[763.839,222.971,47.327,-0.015,0,1,0,1,0,-1,0,-0.015],"_humanoidState":8,"_cameraCFrame":[765.725,235.17,47.315,-0.007,-0.985,0.174,0,0.174,0.985,-1,0.006,-0.001],"_shiftlockState":false,"_pose":"Standing","_animationQueue":[],"_animationSpeed":1,"_zoom":10.864},{"_mousePosition":[860,317],"_rootPartCFrame":[763.839,222.972,47.327,-0.015,0,1,0,1,0,-1,0,-0.015],"_humanoidState":8,"_cameraCFrame":[765.725,235.171,47.315,-0.007,-0.985,0.174,0,0.174,0.985,-1,0.006,-0.001],"_shiftlockState":false,"_pose":"Standing","_animationQueue":[],"_animationSpeed":1,"_zoom":10.864},{"_mousePosition":[860,317],"_rootPartCFrame":[763.839,222.972,47.327,-0.015,0,1,0,1,0,-1,0,-0.015],"_humanoidState":8,"_cameraCFrame":[765.725,235.171,47.315,-0.007,-0.985,0.174,0,0.174,0.985,-1,0.006,-0.001],"_shiftlockState":false,"_pose":"Standing","_animationQueue":[],"_animationSpeed":1,"_zoom":10.864},{"_mousePosition":[860,317],"_rootPartCFrame":[763.839,222.973,47.327,-0.015,0,1,0,1,0,-1,0,-0.015],"_humanoidState":8,"_cameraCFrame":[765.725,235.172,47.315,-0.007,-0.985,0.174,0,0.174,0.985,-1,0.006,-0.001],"_shiftlockState":false,"_pose":"Standing","_animationQueue":[],"_animationSpeed":1,"_zoom":10.864},{"_mousePosition":[860,317],"_rootPartCFrame":[763.839,222.973,47.327,-0.015,0,1,0,1,0,-1,0,-0.015],"_humanoidState":8,"_cameraCFrame":[765.725,235.172,47.315,-0.007,-0.985,0.174,0,0.174,0.985,-1,0.006,-0.001],"_shiftlockState":false,"_pose":"Standing","_animationQueue":[],"_animationSpeed":1,"_zoom":10.864},{"_mousePosition":[860,317],"_rootPartCFrame":[763.693,222.978,47.328,-0.014,0,1,0,1,0,-1,0,-0.014],"_humanoidState":8,"_cameraCFrame":[765.58,235.177,47.316,-0.007,-0.985,0.174,0,0.174,0.985,-1,0.006,-0.001],"_shiftlockState":false,"_pose":"Standing","_animationQueue":[],"_animationSpeed":1,"_zoom":10.864},{"_mousePosition":[860,317],"_rootPartCFrame":[763.477,223.033,47.329,-0.013,0,1,0,1,0,-1,0,-0.013],"_humanoidState":8,"_cameraCFrame":[765.363,235.232,47.317,-0.007,-0.985,0.174,0,0.174,0.985,-1,0.006,-0.001],"_shiftlockState":false,"_pose":"Running","_animationQueue":[["walk",0.1]],"_animationSpeed":0.779,"_zoom":10.864},{"_mousePosition":[860,317],"_rootPartCFrame":[763.246,223.129,47.331,-0.012,0,1,0,1,0,-1,0,-0.012],"_humanoidState":8,"_cameraCFrame":[765.133,235.328,47.318,-0.007,-0.985,0.174,0,0.174,0.985,-1,0.006,-0.001],"_shiftlockState":false,"_pose":"Running","_animationQueue":[["walk",0.1]],"_animationSpeed":0.903,"_zoom":10.864},{"_mousePosition":[860,317],"_rootPartCFrame":[763.005,223.234,47.332,-0.011,0,1,0,1,0,-1,0,-0.011],"_humanoidState":8,"_cameraCFrame":[764.892,235.433,47.32,-0.007,-0.985,0.174,0,0.174,0.985,-1,0.006,-0.001],"_shiftlockState":false,"_pose":"Running","_animationQueue":[["walk",0.1]],"_animationSpeed":0.958,"_zoom":10.864},{"_mousePosition":[860,317],"_rootPartCFrame":[762.755,223.338,47.334,-0.011,0,1,0,1,0,-1,0,-0.011],"_humanoidState":8,"_cameraCFrame":[764.642,235.537,47.324,-0.006,-0.985,0.174,0,0.174,0.985,-1,0.005,-0.001],"_shiftlockState":false,"_pose":"Running","_animationQueue":[],"_animationSpeed":0.958,"_zoom":10.864},{"_mousePosition":[860,317],"_rootPartCFrame":[762.433,223.453,47.336,-0.01,0,1,0,1,0,-1,0,-0.01],"_humanoidState":8,"_cameraCFrame":[764.32,235.652,47.326,-0.006,-0.985,0.174,0,0.174,0.985,-1,0.005,-0.001],"_shiftlockState":false,"_pose":"Running","_animationQueue":[["walk",0.1]],"_animationSpeed":1.04,"_zoom":10.864},{"_mousePosition":[860,317],"_rootPartCFrame":[762.236,223.51,47.337,-0.01,0,1,0,1,0,-1,0,-0.01],"_humanoidState":8,"_cameraCFrame":[764.122,235.709,47.329,-0.004,-0.985,0.174,0,0.174,0.985,-1,0.004,-0.001],"_shiftlockState":false,"_pose":"Running","_animationQueue":[],"_animationSpeed":1.04,"_zoom":10.864},{"_mousePosition":[860,317],"_rootPartCFrame":[761.97,223.567,47.339,-0.009,0,1,0,1,0,-1,0,-0.009],"_humanoidState":8,"_cameraCFrame":[763.857,235.766,47.33,-0.004,-0.985,0.174,0,0.174,0.985,-1,0.004,-0.001],"_shiftlockState":false,"_pose":"Running","_animationQueue":[["walk",0.1]],"_animationSpeed":1.04,"_zoom":10.864},{"_mousePosition":[860,317],"_rootPartCFrame":[761.704,223.602,47.34,-0.008,0,1,0,1,0,-1,0,-0.008],"_humanoidState":8,"_cameraCFrame":[763.59,235.801,47.332,-0.004,-0.985,0.174,0,0.174,0.985,-1,0.004,-0.001],"_shiftlockState":false,"_pose":"Running","_animationQueue":[["walk",0.1]],"_animationSpeed":1.1,"_zoom":10.864},{"_mousePosition":[860,317],"_rootPartCFrame":[761.438,223.61,47.341,-0.008,0,1,0,1,0,-1,0,-0.008],"_humanoidState":8,"_cameraCFrame":[763.325,235.809,47.333,-0.004,-0.985,0.174,0,0.174,0.985,-1,0.004,-0.001],"_shiftlockState":false,"_pose":"Running","_animationQueue":[],"_animationSpeed":1.1,"_zoom":10.864},{"_mousePosition":[860,317],"_rootPartCFrame":[761.107,224.681,47.343,-0.007,0,1,0,1,0,-1,0,-0.007],"_humanoidState":3,"_cameraCFrame":[762.993,236.879,47.334,-0.004,-0.985,0.174,0,0.174,0.985,-1,0.004,-0.001],"_shiftlockState":false,"_pose":"Jumping","_animationQueue":[["walk",0.1],["jump",0.1]],"_animationSpeed":1,"_zoom":10.864},{"_mousePosition":[860,317],"_rootPartCFrame":[760.907,225.282,47.344,-0.007,0,1,0,1,0,-1,0,-0.007],"_humanoidState":5,"_cameraCFrame":[762.794,237.481,47.337,-0.003,-0.985,0.174,0,0.174,0.985,-1,0.003,-0.001],"_shiftlockState":false,"_pose":"FreeFall","_animationQueue":[["jump",0.1]],"_animationSpeed":1,"_zoom":10.864},{"_mousePosition":[860,317],"_rootPartCFrame":[760.641,226.036,47.345,-0.007,0,1,0,1,0,-1,0,-0.007],"_humanoidState":5,"_cameraCFrame":[762.527,238.235,47.338,-0.003,-0.985,0.174,0,0.174,0.985,-1,0.003,-0.001],"_shiftlockState":false,"_pose":"FreeFall","_animationQueue":[],"_animationSpeed":1,"_zoom":10.864},{"_mousePosition":[860,317],"_rootPartCFrame":[760.374,226.735,47.346,-0.006,0,1,0,1,0,-1,0,-0.006],"_humanoidState":5,"_cameraCFrame":[762.261,238.934,47.339,-0.003,-0.985,0.174,0,0.174,0.985,-1,0.003,-0.001],"_shiftlockState":false,"_pose":"FreeFall","_animationQueue":[],"_animationSpeed":1,"_zoom":10.864},{"_mousePosition":[860,317],"_rootPartCFrame":[760.107,227.38,47.347,-0.006,0,1,0,1,0,-1,0,-0.006],"_humanoidState":5,"_cameraCFrame":[761.994,239.579,47.336,-0.006,-0.985,0.174,0,0.174,0.985,-1,0.005,-0.001],"_shiftlockState":false,"_pose":"FreeFall","_animationQueue":[],"_animationSpeed":1,"_zoom":10.864},{"_mousePosition":[860,317],"_rootPartCFrame":[759.841,227.97,47.348,-0.005,0,1,0,1,0,-1,0,-0.005],"_humanoidState":5,"_cameraCFrame":[761.727,240.169,47.335,-0.007,-0.985,0.174,0,0.174,0.985,-1,0.006,-0.001],"_shiftlockState":false,"_pose":"FreeFall","_animationQueue":[],"_animationSpeed":1,"_zoom":10.864},{"_mousePosition":[860,317],"_rootPartCFrame":[759.574,228.506,47.349,-0.005,0,1,0,1,0,-1,0,-0.005],"_humanoidState":5,"_cameraCFrame":[761.461,240.705,47.333,-0.009,-0.985,0.174,0,0.174,0.985,-1,0.009,-0.002],"_shiftlockState":false,"_pose":"FreeFall","_animationQueue":[],"_animationSpeed":1,"_zoom":10.864},{"_mousePosition":[860,317],"_rootPartCFrame":[759.308,228.988,47.351,-0.005,0,1,0,1,0,-1,0,-0.005],"_humanoidState":5,"_cameraCFrame":[761.194,241.187,47.332,-0.01,-0.985,0.174,0,0.174,0.985,-1,0.01,-0.002],"_shiftlockState":false,"_pose":"FreeFall","_animationQueue":[],"_animationSpeed":1,"_zoom":10.864},{"_mousePosition":[860,317],"_rootPartCFrame":[759.041,229.414,47.353,-0.006,0,1,0,1,0,-1,0,-0.006],"_humanoidState":5,"_cameraCFrame":[760.927,241.613,47.335,-0.01,-0.985,0.174,0,0.174,0.985,-1,0.01,-0.002],"_shiftlockState":false,"_pose":"FreeFall","_animationQueue":[],"_animationSpeed":1,"_zoom":10.864},{"_mousePosition":[860,317],"_rootPartCFrame":[758.774,229.787,47.355,-0.006,0,1,0,1,0,-1,0,-0.006],"_humanoidState":5,"_cameraCFrame":[760.661,241.986,47.335,-0.011,-0.985,0.174,0,0.174,0.985,-1,0.011,-0.002],"_shiftlockState":false,"_pose":"FreeFall","_animationQueue":[],"_animationSpeed":1,"_zoom":10.864},{"_mousePosition":[860,317],"_rootPartCFrame":[758.441,230.176,47.359,-0.007,0,1,0,1,0,-1,0,-0.007],"_humanoidState":5,"_cameraCFrame":[760.328,242.375,47.338,-0.011,-0.985,0.174,0,0.174,0.985,-1,0.011,-0.002],"_shiftlockState":false,"_pose":"FreeFall","_animationQueue":[],"_animationSpeed":1,"_zoom":10.864},{"_mousePosition":[860,317],"_rootPartCFrame":[758.241,230.368,47.361,-0.007,0,1,0,1,0,-1,0,-0.007],"_humanoidState":5,"_cameraCFrame":[760.128,242.567,47.34,-0.011,-0.985,0.174,0,0.174,0.985,-1,0.011,-0.002],"_shiftlockState":false,"_pose":"FreeFall","_animationQueue":[],"_animationSpeed":1,"_zoom":10.864},{"_mousePosition":[860,317],"_rootPartCFrame":[757.975,230.577,47.364,-0.008,0,1,0,1,0,-1,0,-0.008],"_humanoidState":5,"_cameraCFrame":[759.861,242.776,47.343,-0.011,-0.985,0.174,0,0.174,0.985,-1,0.011,-0.002],"_shiftlockState":false,"_pose":"FreeFall","_animationQueue":[],"_animationSpeed":1,"_zoom":10.864},{"_mousePosition":[860,317],"_rootPartCFrame":[757.708,230.731,47.366,-0.008,0,1,0,1,0,-1,0,-0.008],"_humanoidState":5,"_cameraCFrame":[759.594,242.93,47.346,-0.011,-0.985,0.174,0,0.174,0.985,-1,0.011,-0.002],"_shiftlockState":false,"_pose":"FreeFall","_animationQueue":[],"_animationSpeed":1,"_zoom":10.864},{"_mousePosition":[860,317],"_rootPartCFrame":[757.441,230.831,47.369,-0.009,0,1,0,1,0,-1,0,-0.009],"_humanoidState":5,"_cameraCFrame":[759.328,243.03,47.349,-0.011,-0.985,0.174,0,0.174,0.985,-1,0.011,-0.002],"_shiftlockState":false,"_pose":"FreeFall","_animationQueue":[],"_animationSpeed":1,"_zoom":10.864},{"_mousePosition":[860,317],"_rootPartCFrame":[757.175,230.877,47.372,-0.009,0,1,0,1,0,-1,0,-0.009],"_humanoidState":5,"_cameraCFrame":[759.061,243.076,47.352,-0.011,-0.985,0.174,0,0.174,0.985,-1,0.011,-0.002],"_shiftlockState":false,"_pose":"FreeFall","_animationQueue":[],"_animationSpeed":1,"_zoom":10.864},{"_mousePosition":[860,317],"_rootPartCFrame":[756.908,230.868,47.375,-0.009,0,1,0,1,0,-1,0,-0.009],"_humanoidState":5,"_cameraCFrame":[758.795,243.067,47.355,-0.011,-0.985,0.174,0,0.174,0.985,-1,0.011,-0.002],"_shiftlockState":false,"_pose":"FreeFall","_animationQueue":[],"_animationSpeed":1,"_zoom":10.864},{"_mousePosition":[860,317],"_rootPartCFrame":[756.642,230.804,47.378,-0.009,0,1,0,1,0,-1,0,-0.009],"_humanoidState":5,"_cameraCFrame":[758.528,243.003,47.358,-0.011,-0.985,0.174,0,0.174,0.985,-1,0.011,-0.002],"_shiftlockState":false,"_pose":"FreeFall","_animationQueue":[["fall",0.3]],"_animationSpeed":1,"_zoom":10.864},{"_mousePosition":[860,317],"_rootPartCFrame":[756.375,230.686,47.381,-0.01,0,1,0,1,0,-1,0,-0.01],"_humanoidState":5,"_cameraCFrame":[758.261,242.885,47.359,-0.012,-0.985,0.174,0,0.174,0.985,-1,0.012,-0.002],"_shiftlockState":false,"_pose":"FreeFall","_animationQueue":[],"_animationSpeed":1,"_zoom":10.864},{"_mousePosition":[860,317],"_rootPartCFrame":[756.108,230.513,47.384,-0.01,0,1,0,1,0,-1,0,-0.01],"_humanoidState":5,"_cameraCFrame":[757.995,242.712,47.359,-0.013,-0.985,0.174,0,0.174,0.985,-1,0.013,-0.002],"_shiftlockState":false,"_pose":"FreeFall","_animationQueue":[],"_animationSpeed":1,"_zoom":10.864},{"_mousePosition":[860,317],"_rootPartCFrame":[755.842,230.286,47.387,-0.01,0,1,0,1,0,-1,0,-0.01],"_humanoidState":5,"_cameraCFrame":[757.728,242.485,47.363,-0.013,-0.985,0.174,0,0.174,0.985,-1,0.013,-0.002],"_shiftlockState":false,"_pose":"FreeFall","_animationQueue":[],"_animationSpeed":1,"_zoom":10.864},{"_mousePosition":[860,317],"_rootPartCFrame":[755.575,230.005,47.39,-0.01,0,1,0,1,0,-1,0,-0.01],"_humanoidState":5,"_cameraCFrame":[757.462,242.204,47.366,-0.013,-0.985,0.174,0,0.174,0.985,-1,0.013,-0.002],"_shiftlockState":false,"_pose":"FreeFall","_animationQueue":[],"_animationSpeed":1,"_zoom":10.864},{"_mousePosition":[860,317],"_rootPartCFrame":[755.309,229.669,47.394,-0.011,0,1,0,1,0,-1,0,-0.011],"_humanoidState":5,"_cameraCFrame":[757.195,241.867,47.369,-0.013,-0.985,0.174,0,0.174,0.985,-1,0.013,-0.002],"_shiftlockState":false,"_pose":"FreeFall","_animationQueue":[],"_animationSpeed":1,"_zoom":10.864},{"_mousePosition":[860,317],"_rootPartCFrame":[755.042,229.278,47.397,-0.011,0,1,0,1,0,-1,0,-0.011],"_humanoidState":5,"_cameraCFrame":[756.928,241.477,47.373,-0.013,-0.985,0.174,0,0.174,0.985,-1,0.013,-0.002],"_shiftlockState":false,"_pose":"FreeFall","_animationQueue":[],"_animationSpeed":1,"_zoom":10.864},{"_mousePosition":[860,317],"_rootPartCFrame":[754.775,228.833,47.4,-0.011,0,1,0,1,0,-1,0,-0.011],"_humanoidState":5,"_cameraCFrame":[756.662,241.032,47.376,-0.013,-0.985,0.174,0,0.174,0.985,-1,0.013,-0.002],"_shiftlockState":false,"_pose":"FreeFall","_animationQueue":[["fall",0.3]],"_animationSpeed":1,"_zoom":10.864},{"_mousePosition":[860,317],"_rootPartCFrame":[754.509,228.333,47.404,-0.011,0,1,0,1,0,-1,0,-0.011],"_humanoidState":5,"_cameraCFrame":[756.395,240.532,47.38,-0.013,-0.985,0.174,0,0.174,0.985,-1,0.013,-0.002],"_shiftlockState":false,"_pose":"FreeFall","_animationQueue":[],"_animationSpeed":1,"_zoom":10.864},{"_mousePosition":[860,317],"_rootPartCFrame":[754.242,227.779,47.407,-0.012,0,1,0,1,0,-1,0,-0.012],"_humanoidState":5,"_cameraCFrame":[756.129,239.978,47.383,-0.013,-0.985,0.174,0,0.174,0.985,-1,0.013,-0.002],"_shiftlockState":false,"_pose":"FreeFall","_animationQueue":[],"_animationSpeed":1,"_zoom":10.864},{"_mousePosition":[860,317],"_rootPartCFrame":[753.976,227.17,47.411,-0.012,0,1,0,1,0,-1,0,-0.012],"_humanoidState":5,"_cameraCFrame":[755.862,239.369,47.386,-0.013,-0.985,0.174,0,0.174,0.985,-1,0.013,-0.002],"_shiftlockState":false,"_pose":"FreeFall","_animationQueue":[],"_animationSpeed":1,"_zoom":10.864},{"_mousePosition":[860,317],"_rootPartCFrame":[753.709,226.507,47.414,-0.012,0,1,0,1,0,-1,0,-0.012],"_humanoidState":5,"_cameraCFrame":[755.595,238.706,47.39,-0.013,-0.985,0.174,0,0.174,0.985,-1,0.013,-0.002],"_shiftlockState":false,"_pose":"FreeFall","_animationQueue":[],"_animationSpeed":1,"_zoom":10.864},{"_mousePosition":[860,317],"_rootPartCFrame":[753.442,225.79,47.418,-0.012,0,1,0,1,0,-1,0,-0.012],"_humanoidState":5,"_cameraCFrame":[755.329,237.989,47.393,-0.013,-0.985,0.174,0,0.174,0.985,-1,0.013,-0.002],"_shiftlockState":false,"_pose":"FreeFall","_animationQueue":[],"_animationSpeed":1,"_zoom":10.864},{"_mousePosition":[860,317],"_rootPartCFrame":[753.176,225.018,47.421,-0.012,0,1,0,1,0,-1,0,-0.012],"_humanoidState":5,"_cameraCFrame":[755.062,237.217,47.397,-0.013,-0.985,0.174,0,0.174,0.985,-1,0.013,-0.002],"_shiftlockState":false,"_pose":"FreeFall","_animationQueue":[["fall",0.3]],"_animationSpeed":1,"_zoom":10.864},{"_mousePosition":[860,317],"_rootPartCFrame":[752.909,224.191,47.424,-0.012,0,1,0,1,0,-1,0,-0.012],"_humanoidState":5,"_cameraCFrame":[754.796,236.39,47.4,-0.013,-0.985,0.174,0,0.174,0.985,-1,0.013,-0.002],"_shiftlockState":false,"_pose":"FreeFall","_animationQueue":[],"_animationSpeed":1,"_zoom":10.864},{"_mousePosition":[860,317],"_rootPartCFrame":[752.681,224.067,47.427,-0.012,0,1,0,1,0,-1,0,-0.012],"_humanoidState":7,"_cameraCFrame":[754.567,236.265,47.403,-0.013,-0.985,0.174,0,0.174,0.985,-1,0.013,-0.002],"_shiftlockState":false,"_pose":"FreeFall","_animationQueue":[["walk",0.1],["fall",0.3],["fall",0.3]],"_animationSpeed":1,"_zoom":10.864},{"_mousePosition":[860,317],"_rootPartCFrame":[752.461,224.064,47.43,-0.012,0,1,0,1,0,-1,0,-0.012],"_humanoidState":7,"_cameraCFrame":[754.347,236.263,47.406,-0.013,-0.985,0.174,0,0.174,0.985,-1,0.013,-0.002],"_shiftlockState":false,"_pose":"FreeFall","_animationQueue":[],"_animationSpeed":1,"_zoom":10.864},{"_mousePosition":[860,317],"_rootPartCFrame":[752.172,224.064,47.434,-0.012,0,1,0,1,0,-1,0,-0.012],"_humanoidState":8,"_cameraCFrame":[754.058,236.263,47.41,-0.013,-0.985,0.174,0,0.174,0.985,-1,0.013,-0.002],"_shiftlockState":false,"_pose":"Running","_animationQueue":[["walk",0.1],["fall",0.3],["walk",0.1]],"_animationSpeed":0.909,"_zoom":10.864},{"_mousePosition":[860,317],"_rootPartCFrame":[751.927,224.064,47.437,-0.013,0,1,0,1,0,-1,0,-0.013],"_humanoidState":8,"_cameraCFrame":[753.814,236.263,47.413,-0.013,-0.985,0.174,0,0.174,0.985,-1,0.013,-0.002],"_shiftlockState":false,"_pose":"Running","_animationQueue":[["walk",0.1]],"_animationSpeed":0.962,"_zoom":10.864},{"_mousePosition":[860,317],"_rootPartCFrame":[751.674,223.952,47.44,-0.013,0,1,0,1,0,-1,0,-0.013],"_humanoidState":8,"_cameraCFrame":[753.56,236.151,47.416,-0.013,-0.985,0.174,0,0.174,0.985,-1,0.013,-0.002],"_shiftlockState":false,"_pose":"Running","_animationQueue":[["walk",0.1],["walk",0.1]],"_animationSpeed":1.015,"_zoom":10.864},{"_mousePosition":[860,317],"_rootPartCFrame":[751.415,223.782,47.444,-0.013,0,1,0,1,0,-1,0,-0.013],"_humanoidState":8,"_cameraCFrame":[753.301,235.981,47.419,-0.013,-0.985,0.174,0,0.174,0.985,-1,0.013,-0.002],"_shiftlockState":false,"_pose":"Running","_animationQueue":[],"_animationSpeed":1.015,"_zoom":10.864},{"_mousePosition":[860,317],"_rootPartCFrame":[751.151,223.559,47.447,-0.013,0,1,0,1,0,-1,0,-0.013],"_humanoidState":8,"_cameraCFrame":[753.037,235.758,47.423,-0.013,-0.985,0.174,0,0.174,0.985,-1,0.013,-0.002],"_shiftlockState":false,"_pose":"Running","_animationQueue":[["walk",0.1]],"_animationSpeed":1.076,"_zoom":10.864},{"_mousePosition":[860,317],"_rootPartCFrame":[750.884,223.556,47.45,-0.013,0,1,0,1,0,-1,0,-0.013],"_humanoidState":8,"_cameraCFrame":[752.771,235.755,47.426,-0.013,-0.985,0.174,0,0.174,0.985,-1,0.013,-0.002],"_shiftlockState":false,"_pose":"Running","_animationQueue":[],"_animationSpeed":1.076,"_zoom":10.864},{"_mousePosition":[860,317],"_rootPartCFrame":[750.618,223.588,47.454,-0.013,0,1,0,1,0,-1,0,-0.013],"_humanoidState":8,"_cameraCFrame":[752.504,235.787,47.43,-0.013,-0.985,0.174,0,0.174,0.985,-1,0.013,-0.002],"_shiftlockState":false,"_pose":"Running","_animationQueue":[],"_animationSpeed":1.076,"_zoom":10.864},{"_mousePosition":[860,317],"_rootPartCFrame":[750.352,224.461,47.457,-0.013,0,1,0,1,0,-1,0,-0.013],"_humanoidState":3,"_cameraCFrame":[752.238,236.66,47.433,-0.013,-0.985,0.174,0,0.174,0.985,-1,0.013,-0.002],"_shiftlockState":false,"_pose":"Jumping","_animationQueue":[["walk",0.1],["jump",0.1]],"_animationSpeed":1,"_zoom":10.864},{"_mousePosition":[860,317],"_rootPartCFrame":[750.085,225.283,47.461,-0.013,0,1,0,1,0,-1,0,-0.013],"_humanoidState":5,"_cameraCFrame":[751.971,237.482,47.436,-0.013,-0.985,0.174,0,0.174,0.985,-1,0.013,-0.002],"_shiftlockState":false,"_pose":"FreeFall","_animationQueue":[["jump",0.1]],"_animationSpeed":1,