[{"_mousePosition":[1192,376],"_rootPartCFrame":[776.028,222.95,47.142,0,0,1,0,1,0,-1,0,0],"_humanoidState":8,"_cameraCFrame":[795.201,237.379,47.096,-0.002,-0.559,0.829,0,0.829,0.559,-1,0.001,-0.002],"_shiftlockState":false,"_pose":"Standing","_animationQueue":[],"_animationSpeed":1,"_zoom":23.125},{"_mousePosition":[1168,380],"_rootPartCFrame":[775.91,222.891,47.142,0,0,1,0,1,0,-1,0,0],"_humanoidState":8,"_cameraCFrame":[795.083,237.32,47.096,-0.002,-0.559,0.829,0,0.829,0.559,-1,0.001,-0.002],"_shiftlockState":false,"_pose":"Standing","_animationQueue":[],"_animationSpeed":1,"_zoom":23.125},{"_mousePosition":[1155,381],"_rootPartCFrame":[775.649,222.759,47.143,0,0,1,0,1,0,-1,0,0],"_humanoidState":8,"_cameraCFrame":[794.822,237.187,47.097,-0.002,-0.559,0.829,0,0.829,0.559,-1,0.001,-0.002],"_shiftlockState":false,"_pose":"Running","_animationQueue":[["walk",0.1]],"_animationSpeed":0.836,"_zoom":23.125},{"_mousePosition":[1075,388],"_rootPartCFrame":[775.382,222.651,47.144,-0.001,0,1,0,1,0,-1,0,-0.001],"_humanoidState":8,"_cameraCFrame":[794.555,237.08,47.097,-0.002,-0.559,0.829,0,0.829,0.559,-1,0.001,-0.002],"_shiftlockState":false,"_pose":"Running","_animationQueue":[["walk",0.1]],"_animationSpeed":1.098,"_zoom":23.125},{"_mousePosition":[1015,389],"_rootPartCFrame":[775.115,222.661,47.144,-0.001,0,1,0,1,0,-1,0,-0.001],"_humanoidState":8,"_cameraCFrame":[794.289,237.089,47.098,-0.002,-0.559,0.829,0,0.829,0.559,-1,0.001,-0.002],"_shiftlockState":false,"_pose":"Running","_animationQueue":[],"_animationSpeed":1.098,"_zoom":23.125},{"_mousePosition":[997,389],"_rootPartCFrame":[774.849,222.677,47.145,-0.001,0,1,0,1,0,-1,0,-0.001],"_humanoidState":8,"_cameraCFrame":[794.022,237.105,47.099,-0.002,-0.559,0.829,0,0.829,0.559,-1,0.001,-0.002],"_shiftlockState":false,"_pose":"Running","_animationQueue":[],"_animationSpeed":1.098,"_zoom":23.125},{"_mousePosition":[886,374],"_rootPartCFrame":[774.582,222.687,47.145,-0.001,0,1,0,1,0,-1,0,-0.001],"_humanoidState":8,"_cameraCFrame":[793.755,237.116,47.099,-0.002,-0.559,0.829,0,0.829,0.559,-1,0.001,-0.002],"_shiftlockState":false,"_pose":"Running","_animationQueue":[],"_animationSpeed":1.098,"_zoom":23.125},{"_mousePosition":[866,371],"_rootPartCFrame":[774.315,222.693,47.146,-0.001,0,1,0,1,0,-1,0,-0.001],"_humanoidState":8,"_cameraCFrame":[793.489,237.122,47.1,-0.002,-0.559,0.829,0,0.829,0.559,-1,0.001,-0.002],"_shiftlockState":false,"_pose":"Running","_animationQueue":[],"_animationSpeed":1.098,"_zoom":23.125},{"_mousePosition":[764,351],"_rootPartCFrame":[774.049,222.696,47.147,-0.002,0,1,0,1,0,-1,0,-0.002],"_humanoidState":8,"_cameraCFrame":[793.222,237.125,47.101,-0.002,-0.559,0.829,0,0.829,0.559,-1,0.001,-0.002],"_shiftlockState":false,"_pose":"Running","_animationQueue":[["walk",0.1]],"_animationSpeed":1.098,"_zoom":23.125},{"_mousePosition":[747,347],"_rootPartCFrame":[773.782,222.698,47.147,-0.002,0,1,0,1,0,-1,0,-0.002],"_humanoidState":8,"_cameraCFrame":[792.955,237.126,47.101,-0.002,-0.559,0.829,0,0.829,0.559,-1,0.001,-0.002],"_shiftlockState":false,"_pose":"Running","_animationQueue":[],"_animationSpeed":1.098,"_zoom":23.125},{"_mousePosition":[691,332],"_rootPartCFrame":[773.515,222.699,47.148,-0.002,0,1,0,1,0,-1,0,-0.002],"_humanoidState":8,"_cameraCFrame":[792.688,237.127,47.102,-0.002,-0.559,0.829,0,0.829,0.559,-1,0.001,-0.002],"_shiftlockState":false,"_pose":"Running","_animationQueue":[],"_animationSpeed":1.098,"_zoom":23.125},{"_mousePosition":[685,329],"_rootPartCFrame":[773.248,222.699,47.149,-0.002,0,1,0,1,0,-1,0,-0.002],"_humanoidState":8,"_cameraCFrame":[792.422,237.128,47.102,-0.002,-0.559,0.829,0,0.829,0.559,-1,0.001,-0.002],"_shiftlockState":false,"_pose":"Running","_animationQueue":[],"_animationSpeed":1.098,"_zoom":23.125},{"_mousePosition":[661,320],"_rootPartCFrame":[772.982,222.699,47.149,-0.002,0,1,0,1,0,-1,0,-0.002],"_humanoidState":8,"_cameraCFrame":[792.155,237.128,47.103,-0.002,-0.559,0.829,0,0.829,0.559,-1,0.001,-0.002],"_shiftlockState":false,"_pose":"Running","_animationQueue":[],"_animationSpeed":1.098,"_zoom":23.125},{"_mousePosition":[648,316],"_rootPartCFrame":[772.715,222.699,47.15,-0.002,0,1,0,1,0,-1,0,-0.002],"_humanoidState":8,"_cameraCFrame":[791.888,237.128,47.104,-0.002,-0.559,0.829,0,0.829,0.559,-1,0.001,-0.002],"_shiftlockState":false,"_pose":"Running","_animationQueue":[],"_animationSpeed":1.098,"_zoom":23.125},{"_mousePosition":[646,315],"_rootPartCFrame":[772.448,222.7,47.151,-0.002,0,1,0,1,0,-1,0,-0.002],"_humanoidState":8,"_cameraCFrame":[791.622,237.128,47.104,-0.002,-0.559,0.829,0,0.829,0.559,-1,0.001,-0.002],"_shiftlockState":false,"_pose":"Running","_animationQueue":[["walk",0.1]],"_animationSpeed":1.098,"_zoom":23.125},{"_mousePosition":[646,315],"_rootPartCFrame":[772.182,222.7,47.151,-0.002,0,1,0,1,0,-1,0,-0.002],"_humanoidState":8,"_cameraCFrame":[791.355,237.128,47.105,-0.002,-0.559,0.829,0,0.829,0.559,-1,0.001,-0.002],"_shiftlockState":false,"_pose":"Running","_animationQueue":[],"_animationSpeed":1.098,"_zoom":23.125},{"_mousePosition":[640,317],"_rootPartCFrame":[771.915,222.7,47.152,-0.002,0,1,0,1,0,-1,0,-0.002],"_humanoidState":8,"_cameraCFrame":[791.088,237.128,47.106,-0.002,-0.559,0.829,0,0.829,0.559,-1,0.001,-0.002],"_shiftlockState":false,"_pose":"Running","_animationQueue":[],"_animationSpeed":1.098,"_zoom":23.125},{"_mousePosition":[638,320],"_rootPartCFrame":[771.648,222.7,47.153,-0.002,0,1,0,1,0,-1,0,-0.002],"_humanoidState":8,"_cameraCFrame":[790.821,237.128,47.106,-0.002,-0.559,0.829,0,0.829,0.559,-1,0.001,-0.002],"_shiftlockState":false,"_pose":"Running","_animationQueue":[],"_animationSpeed":1.098,"_zoom":23.125},{"_mousePosition":[638,320],"_rootPartCFrame":[771.381,223.563,47.153,-0.002,0,1,0,1,0,-1,0,-0.002],"_humanoidState":3,"_cameraCFrame":[790.033,238.723,46.62,-0.029,-0.59,0.807,0,0.807,0.591,-1,0.017,-0.023],"_shiftlockState":false,"_pose":"Jumping","_animationQueue":[["walk",0.1],["jump",0.1]],"_animationSpeed":1,"_zoom":23.125},{"_mousePosition":[638,320],"_rootPartCFrame":[771.048,224.565,47.154,-0.002,0,1,0,1,0,-1,0,-0.002],"_humanoidState":5,"_cameraCFrame":[788.93,240.684,46.023,-0.063,-0.631,0.773,0,0.775,0.632,-0.998,0.04,-0.049],"_shiftlockState":false,"_pose":"FreeFall","_animationQueue":[["jump",0.1]],"_animationSpeed":1,"_zoom":23.125},{"_mousePosition":[638,320],"_rootPartCFrame":[770.848,225.125,47.159,-0.004,0,1,0,1,0,-1,0,-0.004],"_humanoidState":5,"_cameraCFrame":[787.247,242.801,45.117,-0.124,-0.694,0.709,0,0.715,0.7,-0.992,0.086,-0.088],"_shiftlockState":false,"_pose":"FreeFall","_animationQueue":[],"_animationSpeed":1,"_zoom":23.125},{"_mousePosition":[638,320],"_rootPartCFrame":[770.582,225.824,47.174,-0.01,0,1,0,1,0,-1,0,-0.01],"_humanoidState":5,"_cameraCFrame":[784.824,245.294,44.173,-0.206,-0.76,0.616,0,0.629,0.777,-0.979,0.16,-0.13],"_shiftlockState":false,"_pose":"FreeFall","_animationQueue":[],"_animationSpeed":1,"_zoom":23.125},{"_mousePosition":[638,320],"_rootPartCFrame":[770.317,226.469,47.205,-0.023,0,1,0,1,0,-1,0,-0.023],"_humanoidState":5,"_cameraCFrame":[781.828,247.652,43.353,-0.317,-0.807,0.498,0,0.525,0.851,-0.948,0.27,-0.167],"_shiftlockState":false,"_pose":"FreeFall","_animationQueue":[],"_animationSpeed":1,"_zoom":23.125},{"_mousePosition":[638,320],"_rootPartCFrame":[769.99,227.199,47.268,-0.05,0,0.999,0,1,0,-0.999,0,-0.05],"_humanoidState":5,"_cameraCFrame":[778.645,249.703,42.946,-0.447,-0.813,0.374,0,0.418,0.908,-0.895,0.406,-0.187],"_shiftlockState":false,"_pose":"FreeFall","_animationQueue":[],"_animationSpeed":1,"_zoom":23.125},{"_mousePosition":[638,320],"_rootPartCFrame":[769.798,227.595,47.323,-0.074,0,0.997,0,1,0,-0.997,0,-0.074],"_humanoidState":5,"_cameraCFrame":[775.893,250.93,42.754,-0.6,-0.755,0.264,0,0.329,0.944,-0.8,0.566,-0.198],"_shiftlockState":false,"_pose":"FreeFall","_animationQueue":[],"_animationSpeed":1,"_zoom":23.125},{"_mousePosition":[638,320],"_rootPartCFrame":[769.553,228.077,47.426,-0.12,0,0.993,0,1,0,-0.993,0,-0.12],"_humanoidState":5,"_cameraCFrame":[774.36,251.645,42.463,-0.718,-0.664,0.208,0,0.299,0.954,-0.696,0.686,-0.215],"_shiftlockState":false,"_pose":"FreeFall","_animationQueue":[],"_animationSpeed":1,"_zoom":23.125},{"_mousePosition":[638,320],"_rootPartCFrame":[769.309,228.504,47.517,-0.111,0,0.994,0,1,0,-0.994,0,-0.111],"_humanoidState":5,"_cameraCFrame":[772.999,252.17,42.058,-0.828,-0.537,0.16,0,0.285,0.959,-0.56,0.794,-0.236],"_shiftlockState":false,"_pose":"FreeFall","_animationQueue":[],"_animationSpeed":1,"_zoom":23.125},{"_mousePosition":[638,320],"_rootPartCFrame":[768.991,228.961,47.575,-0.092,0,0.996,0,1,0,-0.996,0,-0.092],"_humanoidState":5,"_cameraCFrame":[771.857,252.627,41.643,-0.9,-0.417,0.124,0,0.285,0.959,-0.435,0.863,-0.257],"_shiftlockState":false,"_pose":"FreeFall","_animationQueue":[],"_animationSpeed":1,"_zoom":23.125},{"_mousePosition":[638,320],"_rootPartCFrame":[768.73,229.265,47.621,-0.096,0,0.995,0,1,0,-0.995,0,-0.096],"_humanoidState":5,"_cameraCFrame":[771.348,252.899,41.459,-0.92,-0.374,0.113,0,0.29,0.957,-0.391,0.881,-0.266],"_shiftlockState":false,"_pose":"FreeFall","_animationQueue":[],"_animationSpeed":1,"_zoom":23.125},{"_mousePosition":[638,320],"_rootPartCFrame":[768.474,229.515,47.694,-0.121,0,0.993,0,1,0,-0.993,0,-0.121],"_humanoidState":5,"_cameraCFrame":[771.344,253.165,41.704,-0.902,-0.414,0.124,0,0.287,0.958,-0.432,0.864,-0.259],"_shiftlockState":false,"_pose":"FreeFall","_animationQueue":[],"_animationSpeed":1,"_zoom":23.125},{"_mousePosition":[638,320],"_rootPartCFrame":[768.288,229.666,47.767,-0.146,0,0.989,0,1,0,-0.989,0,-0.146],"_humanoidState":5,"_cameraCFrame":[771.158,253.317,41.777,-0.902,-0.414,0.124,0,0.287,0.958,-0.432,0.864,-0.259],"_shiftlockState":false,"_pose":"FreeFall","_animationQueue":[],"_animationSpeed":1,"_zoom":23.125},{"_mousePosition":[638,320],"_rootPartCFrame":[768.037,229.821,47.857,-0.174,0,0.985,0,1,0,-0.985,0,-0.174],"_humanoidState":5,"_cameraCFrame":[770.907,253.471,41.867,-0.902,-0.414,0.124,0,0.287,0.958,-0.432,0.864,-0.259],"_shiftlockState":false,"_pose":"FreeFall","_animationQueue":[],"_animationSpeed":1,"_zoom":23.125},{"_mousePosition":[638,320],"_rootPartCFrame":[767.786,229.921,47.945,-0.196,0,0.981,0,1,0,-0.981,0,-0.196],"_humanoidState":5,"_cameraCFrame":[770.656,253.571,41.955,-0.902,-0.414,0.124,0,0.287,0.958,-0.432,0.864,-0.259],"_shiftlockState":false,"_pose":"FreeFall","_animationQueue":[],"_animationSpeed":1,"_zoom":23.125},{"_mousePosition":[638,320],"_rootPartCFrame":[767.534,229.966,48.034,-0.216,0,0.976,0,1,0,-0.976,0,-0.216],"_humanoidState":5,"_cameraCFrame":[770.404,253.617,42.044,-0.902,-0.414,0.124,0,0.287,0.958,-0.432,0.864,-0.259],"_shiftlockState":false,"_pose":"FreeFall","_animationQueue":[],"_animationSpeed":1,"_zoom":23.125},{"_mousePosition":[638,320],"_rootPartCFrame":[767.283,229.957,48.122,-0.233,0,0.973,0,1,0,-0.973,0,-0.233],"_humanoidState":5,"_cameraCFrame":[770.153,253.607,42.133,-0.902,-0.414,0.124,0,0.287,0.958,-0.432,0.864,-0.259],"_shiftlockState":false,"_pose":"FreeFall","_animationQueue":[["fall",0.3]],"_animationSpeed":1,"_zoom":23.125},{"_mousePosition":[638,320],"_rootPartCFrame":[767.031,229.893,48.211,-0.247,0,0.969,0,1,0,-0.969,0,-0.247],"_humanoidState":5,"_cameraCFrame":[769.901,253.544,42.221,-0.902,-0.414,0.124,0,0.287,0.958,-0.432,0.864,-0.259],"_shiftlockState":false,"_pose":"FreeFall","_animationQueue":[],"_animationSpeed":1,"_zoom":23.125},{"_mousePosition":[638,320],"_rootPartCFrame":[766.781,229.775,48.275,-0.189,0,0.982,0,1,0,-0.982,0,-0.189],"_humanoidState":5,"_cameraCFrame":[769.651,253.426,42.285,-0.902,-0.414,0.124,0,0.287,0.958,-0.432,0.864,-0.259],"_shiftlockState":false,"_pose":"FreeFall","_animationQueue":[],"_animationSpeed":1,"_zoom":23.125},{"_mousePosition":[613,371],"_rootPartCFrame":[766.533,229.603,48.299,-0.106,0,0.994,0,1,0,-0.994,0,-0.106],"_humanoidState":5,"_cameraCFrame":[769.356,252.887,42.408,-0.902,-0.414,0.124,0,0.287,0.958,-0.432,0.864,-0.259],"_shiftlockState":false,"_pose":"FreeFall","_animationQueue":[],"_animationSpeed":1,"_zoom":18.1},{"_mousePosition":[638,320],"_rootPartCFrame":[766.287,229.375,48.283,-0.029,0,1,0,1,0,-1,0,-0.029],"_humanoidState":5,"_cameraCFrame":[768.935,251.798,42.495,-0.909,-0.398,0.121,0,0.291,0.957,-0.416,0.87,-0.265],"_shiftlockState":false,"_pose":"FreeFall","_animationQueue":[],"_animationSpeed":1,"_zoom":18.1},{"_mousePosition":[638,320],"_rootPartCFrame":[765.983,229.015,48.208,0.054,0,0.999,0,1,0,-0.999,0,0.054],"_humanoidState":5,"_cameraCFrame":[768.325,250.671,42.79,-0.918,-0.381,0.112,0,0.281,0.96,-0.397,0.881,-0.258],"_shiftlockState":false,"_pose":"FreeFall","_animationQueue":[],"_animationSpeed":1,"_zoom":18.1},{"_mousePosition":[638,320],"_rootPartCFrame":[765.801,228.758,48.134,0.095,0,0.995,0,1,0,-0.995,0,0.095],"_humanoidState":5,"_cameraCFrame":[767.645,249.478,43.279,-0.935,-0.343,0.093,0,0.261,0.965,-0.355,0.902,-0.244],"_shiftlockState":false,"_pose":"FreeFall","_animationQueue":[["fall",0.3]],"_animationSpeed":1,"_zoom":14.08},{"_mousePosition":[638,320],"_rootPartCFrame":[765.557,228.367,48.028,0.14,0,0.99,0,1,0,-0.99,0,0.14],"_humanoidState":5,"_cameraCFrame":[767.089,247.996,43.639,-0.944,-0.319,0.082,0,0.248,0.969,-0.33,0.915,-0.235],"_shiftlockState":false,"_pose":"FreeFall","_animationQueue":[],"_animationSpeed":1,"_zoom":14.08},{"_mousePosition":[638,320],"_rootPartCFrame":[765.308,227.922,47.932,0.173,0,0.985,0,1,0,-0.985,0,0.173],"_humanoidState":5,"_cameraCFrame":[766.627,246.483,44.007,-0.948,-0.31,0.075,0,0.236,0.972,-0.319,0.921,-0.224],"_shiftlockState":false,"_pose":"FreeFall","_animationQueue":[],"_animationSpeed":1,"_zoom":14.08},{"_mousePosition":[638,320],"_rootPartCFrame":[765.057,227.422,47.843,0.197,0,0.98,0,1,0,-0.98,0,0.197],"_humanoidState":5,"_cameraCFrame":[766.235,244.833,44.337,-0.948,-0.31,0.072,0,0.226,0.974,-0.319,0.923,-0.215],"_shiftlockState":false,"_pose":"FreeFall","_animationQueue":[],"_animationSpeed":1,"_zoom":10.864},{"_mousePosition":[638,320],"_rootPartCFrame":[764.741,226.721,47.736,0.22,0,0.976,0,1,0,-0.976,0,0.22],"_humanoidState":5,"_cameraCFrame":[765.843,242.926,44.619,-0.943,-0.325,0.073,0,0.219,0.976,-0.334,0.92,-0.207],"_shiftlockState":false,"_pose":"FreeFall","_animationQueue":[],"_animationSpeed":1,"_zoom":10.864},{"_mousePosition":[638,320],"_rootPartCFrame":[764.551,226.26,47.672,0.231,0,0.973,0,1,0,-0.973,0,0.231],"_humanoidState":5,"_cameraCFrame":[765.639,241.467,44.863,-0.933,-0.353,0.077,0,0.215,0.977,-0.361,0.911,-0.2],"_shiftlockState":false,"_pose":"FreeFall","_animationQueue":[],"_animationSpeed":1,"_zoom":10.864},{"_mousePosition":[638,320],"_rootPartCFrame":[764.3,225.597,47.584,0.245,0,0.97,0,1,0,-0.97,0,0.245],"_humanoidState":5,"_cameraCFrame":[765.392,239.957,45.072,-0.917,-0.39,0.083,0,0.208,0.978,-0.399,0.897,-0.191],"_shiftlockState":false,"_pose":"FreeFall","_animationQueue":[],"_animationSpeed":1,"_zoom":10.864},{"_mousePosition":[638,320],"_rootPartCFrame":[764.05,224.879,47.489,0.26,0,0.966,0,1,0,-0.966,0,0.26],"_humanoidState":5,"_cameraCFrame":[765.149,238.599,45.22,-0.9,-0.427,0.088,0,0.202,0.979,-0.436,0.881,-0.182],"_shiftlockState":false,"_pose":"FreeFall","_animationQueue":[["fall",0.3]],"_animationSpeed":1,"_zoom":10.864},{"_mousePosition":[638,320],"_rootPartCFrame":[763.805,224.107,47.384,0.278,0,0.961,0,1,0,-0.961,0,0.278],"_humanoidState":5,"_cameraCFrame":[764.887,237.367,45.334,-0.884,-0.458,0.09,0,0.193,0.981,-0.467,0.868,-0.171],"_shiftlockState":false,"_pose":"FreeFall","_animationQueue":[],"_animationSpeed":1,"_zoom":10.864},{"_mousePosition":[638,320],"_rootPartCFrame":[763.565,223.28,47.269,0.298,0,0.954,0,1,0,-0.954,0,0.298],"_humanoidState":5,"_cameraCFrame":[764.632,236.242,45.355,-0.873,-0.478,0.091,0,0.188,0.982,-0.487,0.858,-0.164],"_shiftlockState":false,"_pose":"FreeFall","_animationQueue":[],"_animationSpeed":1,"_zoom":10.864},{"_mousePosition":[638,320],"_rootPartCFrame":[763.328,222.508,47.146,0.321,0,0.947,0,1,0,-0.947,0,0.321],"_humanoidState":7,"_cameraCFrame":[764.394,235.22,45.308,-0.865,-0.493,0.093,0,0.186,0.983,-0.502,0.85,-0.161],"_shiftlockState":false,"_pose":"FreeFall","_animationQueue":[["walk",0.1],["fall",0.3],["fall",0.3]],"_animationSpeed":1,"_zoom":10.864},{"_mousePosition":[638,320],"_rootPartCFrame":[763.095,222.46,47.017,0.344,0,0.939,0,1,0,-0.939,0,0.344],"_humanoidState":7,"_cameraCFrame":[764.154,234.989,45.215,-0.862,-0.498,0.094,0,0.186,0.983,-0.507,0.847,-0.161],"_shiftlockState":false,"_pose":"FreeFall","_animationQueue":[],"_animationSpeed":1,"_zoom":10.864},{"_mousePosition":[638,320],"_rootPartCFrame":[762.806,222.57,46.85,0.371,0,0.929,0,1,0,-0.929,0,0.371],"_humanoidState":8,"_cameraCFrame":[763.856,234.993,45.066,-0.862,-0.498,0.094,0,0.186,0.983,-0.507,0.847,-0.161],"_shiftlockState":false,"_pose":"Running","_animationQueue":[["walk",0.1],["fall",0.3],["walk",0.1]],"_animationSpeed":1.103,"_zoom":10.864},{"_mousePosition":[638,320],"_rootPartCFrame":[762.576,222.628,46.715,0.39,0,0.921,0,1,0,-0.921,0,0.39],"_humanoidState":8,"_cameraCFrame":[763.61,234.97,44.95,-0.863,-0.496,0.094,0,0.185,0.983,-0.505,0.848,-0.16],"_shiftlockState":false,"_pose":"Running","_animationQueue":[],"_animationSpeed":1.103,"_zoom":10.864},{"_mousePosition":[638,320],"_rootPartCFrame":[762.346,222.661,46.58,0.406,0,0.914,0,1,0,-0.914,0,0.406],"_humanoidState":8,"_cameraCFrame":[763.331,234.953,44.839,-0.87,-0.484,0.09,0,0.182,0.983,-0.492,0.856,-0.159],"_shiftlockState":false,"_pose":"Running","_animationQueue":[["walk",0.1]],"_animationSpeed":1.103,"_zoom":10.864},{"_mousePosition":[638,320],"_rootPartCFrame":[762.116,222.679,46.445,0.42,0,0.908,0,1,0,-0.908,0,0.42],"_humanoidState":8,"_cameraCFrame":[763.039,234.943,44.737,-0.88,-0.467,0.084,0,0.177,0.984,-0.475,0.866,-0.156],"_shiftlockState":false,"_pose":"Running","_animationQueue":[],"_animationSpeed":1.103,"_zoom":10.864},{"_mousePosition":[683,384],"_rootPartCFrame":[761.884,222.689,46.314,0.43,0,0.903,0,1,0,-0.903,0,0.43],"_humanoidState":8,"_cameraCFrame":[762.667,234.885,44.581,-0.911,-0.405,0.072,0,0.175,0.985,-0.412,0.897,-0.16],"_shiftlockState":false,"_pose":"Running","_animationQueue":[["walk",0.1]],"_animationSpeed":1.103,"_zoom":10.864},{"_mousePosition":[683,384],"_rootPartCFrame":[761.588,222.695,46.161,0.435,0,0.9,0,1,0,-0.9,0,0.435],"_humanoidState":8,"_cameraCFrame":[762.301,234.894,44.415,-0.926,-0.372,0.066,0,0.174,0.985,-0.378,0.912,-0.161],"_shiftlockState":false,"_pose":"Running","_animationQueue":[],"_animationSpeed":1.103,"_zoom":10.864},{"_mousePosition":[683,384],"_rootPartCFrame":[761.345,222.697,46.051,0.433,0,0.901,0,1,0,-0.901,0,0.433],"_humanoidState":8,"_cameraCFrame":[761.966,234.896,44.269,-0.944,-0.324,0.057,0,0.174,0.985,-0.329,0.93,-0.164],"_shiftlockState":false,"_pose":"Running","_animationQueue":[],"_animationSpeed":1.103,"_zoom":10.864},{"_mousePosition":[683,384],"_rootPartCFrame":[761.098,222.698,45.949,0.426,0,0.905,0,1,0,-0.905,0,0.426],"_humanoidState":8,"_cameraCFrame":[761.648,234.897,44.144,-0.957,-0.287,0.051,0,0.174,0.985,-0.291,0.942,-0.166],"_shiftlockState":false,"_pose":"Running","_animationQueue":[],"_animationSpeed":1.103,"_zoom":10.864},{"_mousePosition":[683,384],"_rootPartCFrame":[760.847,222.699,45.86,0.414,0,0.91,0,1,0,-0.91,0,0.414],"_humanoidState":8,"_cameraCFrame":[761.334,234.898,44.038,-0.966,-0.254,0.045,0,0.174,0.985,-0.258,0.951,-0.168],"_shiftlockState":false,"_pose":"Running","_animationQueue":[["walk",0.1]],"_animationSpeed":1.103,"_zoom":10.864},{"_mousePosition":[683,384],"_rootPartCFrame":[760.592,222.699,45.782,0.398,0,0.917,0,1,0,-0.917,0,0.398],"_humanoidState":8,"_cameraCFrame":[761.037,234.898,43.948,-0.972,-0.232,0.041,0,0.174,0.985,-0.236,0.957,-0.169],"_shiftlockState":false,"_pose":"Running","_animationQueue":[],"_animationSpeed":1.103,"_zoom":10.864},{"_mousePosition":[683,384],"_rootPartCFrame":[760.335,222.699,45.712,0.38,0,0.925,0,1,0,-0.925,0,0.38],"_humanoidState":8,"_cameraCFrame":[760.745,234.898,43.871,-0.976,-0.214,0.038,0,0.174,0.985,-0.217,0.961,-0.17],"_shiftlockState":false,"_pose":"Running","_animationQueue":[],"_animationSpeed":1.103,"_zoom":10.864},{"_mousePosition":[683,384],"_rootPartCFrame":[760.076,222.7,45.649,0.361,0,0.932,0,1,0,-0.932,0,0.361],"_humanoidState":8,"_cameraCFrame":[760.52,234.897,43.802,-0.972,-0.23,0.041,0,0.175,0.985,-0.234,0.957,-0.17],"_shiftlockState":false,"_pose":"Running","_animationQueue":[],"_animationSpeed":1.103,"_zoom":10.864},{"_mousePosition":[683,384],"_rootPartCFrame":[759.75,222.695,45.579,0.336,0,0.942,0,1,0,-0.942,0,0.336],"_humanoidState":8,"_cameraCFrame":[760.22,234.894,43.752,-0.969,-0.245,0.043,0,0.174,0.985,-0.249,0.954,-0.168],"_shiftlockState":false,"_pose":"Running","_animationQueue":[],"_animationSpeed":1.103,"_zoom":10.864},{"_mousePosition":[683,384],"_rootPartCFrame":[759.491,222.697,45.517,0.322,0,0.947,0,1,0,-0.947,0,0.322],"_humanoidState":8,"_cameraCFrame":[759.976,234.896,43.694,-0.966,-0.253,0.045,0,0.174,0.985,-0.257,0.952,-0.168],"_shiftlockState":false,"_pose":"Running","_animationQueue":[],"_animationSpeed":1.103,"_zoom":10.864},{"_mousePosition":[683,384],"_rootPartCFrame":[759.232,222.698,45.451,0.312,0,0.95,0,1,0,-0.95,0,0.312],"_humanoidState":8,"_cameraCFrame":[759.725,234.897,43.63,-0.965,-0.257,0.045,0,0.174,0.985,-0.261,0.951,-0.168],"_shiftlockState":false,"_pose":"Running","_animationQueue":[["walk",0.1]],"_animationSpeed":1.103,"_zoom":10.864},{"_mousePosition":[683,384],"_rootPartCFrame":[758.975,222.699,45.383,0.305,0,0.952,0,1,0,-0.952,0,0.305],"_humanoidState":8,"_cameraCFrame":[759.467,234.898,43.562,-0.965,-0.257,0.045,0,0.174,0.985,-0.261,0.951,-0.168],"_shiftlockState":false,"_pose":"Running","_animationQueue":[],"_animationSpeed":1.103,"_zoom":10.864},{"_mousePosition":[683,384],"_rootPartCFrame":[758.717,222.699,45.313,0.299,0,0.954,0,1,0,-0.954,0,0.299],"_humanoidState":8,"_cameraCFrame":[759.21,234.898,43.492,-0.965,-0.257,0.045,0,0.174,0.985,-0.261,0.951,-0.168],"_shiftlockState":false,"_pose":"Running","_animationQueue":[],"_animationSpeed":1.103,"_zoom":10.864},{"_mousePosition":[683,384],"_rootPartCFrame":[758.46,222.699,45.244,0.294,0,0.956,0,1,0,-0.956,0,0.294],"_humanoidState":8,"_cameraCFrame":[758.952,234.898,43.423,-0.965,-0.257,0.045,0,0.174,0.985,-0.261,0.951,-0.168],"_shiftlockState":false,"_pose":"Running","_animationQueue":[],"_animationSpeed":1.103,"_zoom":10.864},{"_mousePosition":[683,384],"_rootPartCFrame":[758.202,222.7,45.174,0.289,0,0.957,0,1,0,-0.957,0,0.289],"_humanoidState":8,"_cameraCFrame":[758.695,234.898,43.353,-0.965,-0.257,0.045,0,0.174,0.985,-0.261,0.951,-0.168],"_shiftlockState":false,"_pose":"Running","_animationQueue":[],"_animationSpeed":1.103,"_zoom":10.864},{"_mousePosition":[683,384],"_rootPartCFrame":[757.881,223.77,45.087,0.284,0,0.959,0,1,0,-0.959,0,0.284],"_humanoidState":3,"_cameraCFrame":[758.373,235.969,43.266,-0.965,-0.257,0.045,0,0.174,0.985,-0.261,0.951,-0.168],"_shiftlockState":false,"_pose":"Jumping","_animationQueue":[["walk",0.1],["jump",0.1]],"_animationSpeed":1,"_zoom":10.864},{"_mousePosition":[683,384],"_rootPartCFrame":[757.688,224.371,45.035,0.281,0,0.96,0,1,0,-0.96,0,0.281],"_humanoidState":5,"_cameraCFrame":[758.18,236.57,43.214,-0.965,-0.257,0.045,0,0.174,0.985,-0.261,0.951,-0.168],"_shiftlockState":false,"_pose":"FreeFall","_animationQueue":[["jump",0.1]],"_animationSpeed":1,"_zoom":10.864},{"_mousePosition":[683,384],"_rootPartCFrame":[757.43,225.125,44.965,0.278,0,0.96,0,1,0,-0.96,0,0.278],"_humanoidState":5,"_cameraCFrame":[757.923,237.324,43.144,-0.965,-0.257,0.045,0,0.174,0.985,-0.261,0.951,-0.168],"_shiftlockState":false,"_pose":"FreeFall","_animationQueue":[],"_animationSpeed":1,"_zoom":10.864},{"_mousePosition":[683,384],"_rootPartCFrame":[757.173,225.824,44.895,0.276,0,0.961,0,1,0,-0.961,0,0.276],"_humanoidState":5,"_cameraCFrame":[757.666,238.023,43.074,-0.965,-0.257,0.045,0,0.174,0.985,-0.261,0.951,-0.168],"_shiftlockState":false,"_pose":"FreeFall","_animationQueue":[],"_animationSpeed":1,"_zoom":10.864},{"_mousePosition":[683,384],"_rootPartCFrame":[756.916,226.469,44.826,0.274,0,0.962,0,1,0,-0.962,0,0.274],"_humanoidState":5,"_cameraCFrame":[757.408,238.668,43.005,-0.965,-0.257,0.045,0,0.174,0.985,-0.261,0.951,-0.168],"_shiftlockState":false,"_pose":"FreeFall","_animationQueue":[],"_animationSpeed":1,"_zoom":10.864},{"_mousePosition":[683,384],"_rootPartCFrame":[756.658,227.059,44.756,0.272,0,0.962,0,1,0,-0.962,0,0.272],"_humanoidState":5,"_cameraCFrame":[757.151,239.258,42.935,-0.965,-0.257,0.045,0,0.174,0.985,-0.261,0.951,-0.168],"_shiftlockState":false,"_pose":"FreeFall","_animationQueue":[],"_animationSpeed":1,"_zoom":10.864},{"_mousePosition":[683,384],"_rootPartCFrame":[756.401,227.595,44.687,0.27,0,0.963,0,1,0,-0.963,0,0.27],"_humanoidState":5,"_cameraCFrame":[756.894,239.794,42.866,-0.965,-0.257,0.045,0,0.174,0.985,-0.261,0.951,-0.168],"_shiftlockState":false,"_pose":"FreeFall","_animationQueue":[],"_animationSpeed":1,"_zoom":10.864},{"_mousePosition":[683,384],"_rootPartCFrame":[756.144,228.077,44.617,0.269,0,0.963,0,1,0,-0.963,0,0.269],"_humanoidState":5,"_cameraCFrame":[756.636,240.276,42.796,-0.965,-0.257,0.045,0,0.174,0.985,-0.261,0.951,-0.168],"_shiftlockState":false,"_pose":"FreeFall","_animationQueue":[],"_animationSpeed":1,"_zoom":10.864},{"_mousePosition":[683,384],"_rootPartCFrame":[755.886,228.504,44.547,0.268,0,0.963,0,1,0,-0.963,0,0.268],"_humanoidState":5,"_cameraCFrame":[756.381,240.703,42.727,-0.965,-0.258,0.046,0,0.174,0.985,-0.262,0.95,-0.168],"_shiftlockState":false,"_pose":"FreeFall","_animationQueue":[],"_animationSpeed":1,"_zoom":10.864},{"_mousePosition":[683,384],"_rootPartCFrame":[755.629,228.876,44.478,0.267,0,0.964,0,1,0,-0.964,0,0.267],"_humanoidState":5,"_cameraCFrame":[756.146,241.075,42.664,-0.962,-0.27,0.048,0,0.174,0.985,-0.274,0.947,-0.167],"_shiftlockState":false,"_pose":"FreeFall","_animationQueue":[],"_animationSpeed":1,"_zoom":10.864},{"_mousePosition":[683,384],"_rootPartCFrame":[755.372,229.194,44.408,0.266,0,0.964,0,1,0,-0.964,0,0.266],"_humanoidState":5,"_cameraCFrame":[755.921,241.393,42.603,-0.957,-0.287,0.051,0,0.174,0.985,-0.291,0.942,-0.166],"_shiftlockState":false,"_pose":"FreeFall","_animationQueue":[],"_animationSpeed":1,"_zoom":10.864},{"_mousePosition":[683,384],"_rootPartCFrame":[755.115,229.457,44.335,0.267,0,0.964,0,1,0,-0.964,0,0.267],"_humanoidState":5,"_cameraCFrame":[755.712,241.656,42.546,-0.949,-0.311,0.055,0,0.174,0.985,-0.316,0.934,-0.165],"_shiftlockState":false,"_pose":"FreeFall","_animationQueue":[],"_animationSpeed":1,"_zoom":10.864},{"_mousePosition":[683,384],"_rootPartCFrame":[754.86,229.666,44.258,0.269,0,0.963,0,1,0,-0.963,0,0.269],"_humanoidState":5,"_cameraCFrame":[755.525,241.865,42.493,-0.936,-0.347,0.061,0,0.174,0.985,-0.353,0.921,-0.162],"_shiftlockState":false,"_pose":"FreeFall","_animationQueue":[],"_animationSpeed":1,"_zoom":10.864},{"_mousePosition":[683,384],"_rootPartCFrame":[754.607,229.821,44.175,0.275,0,0.962,0,1,0,-0.962,0,0.275],"_humanoidState":5,"_cameraCFrame":[755.371,242.02,42.45,-0.914,-0.399,0.07,0,0.174,0.985,-0.405,0.9,-0.159],"_shiftlockState":false,"_pose":"FreeFall","_animationQueue":[],"_animationSpeed":1,"_zoom":10.864},{"_mousePosition":[683,384],"_rootPartCFrame":[754.357,229.92,44.082,0.284,0,0.959,0,1,0,-0.959,0,0.284],"_humanoidState":5,"_cameraCFrame":[755.234,242.119,42.412,-0.885,-0.458,0.081,0,0.174,0.985,-0.465,0.872,-0.154],"_shiftlockState":false,"_pose":"FreeFall","_animationQueue":[],"_animationSpeed":1,"_zoom":10.864},{"_mousePosition":[683,384],"_rootPartCFrame":[754.051,229.969,43.949,0.302,0,0.953,0,1,0,-0.953,0,0.302],"_humanoidState":5,"_cameraCFrame":[755.022,242.168,42.332,-0.857,-0.507,0.089,0,0.174,0.985,-0.515,0.844,-0.149],"_shiftlockState":false,"_pose":"FreeFall","_animationQueue":[],"_animationSpeed":1,"_zoom":10.864},{"_mousePosition":[683,384],"_rootPartCFrame":[754.048,229.956,43.853,0.23,0,0.973,0,1,0,-0.973,0,0.23],"_humanoidState":5,"_cameraCFrame":[755.069,242.155,42.267,-0.841,-0.533,0.094,0,0.174,0.985,-0.541,0.828,-0.146],"_shiftlockState":false,"_pose":"FreeFall","_animationQueue":[],"_animationSpeed":1,"_zoom":10.864},{"_mousePosition":[683,384],"_rootPartCFrame":[753.968,230.091,43.73,0.199,0,0.98,0.004,1,-0.001,-0.98,0.004,0.199],"_humanoidState":7,"_cameraCFrame":[753.544,242.289,41.192,-0.836,-0.54,0.096,0,0.174,0.985,-0.548,0.823,-0.146],"_shiftlockState":true,"_pose":"FreeFall","_animationQueue":[["walk",0.1]],"_animationSpeed":0.518,"_zoom":10.864},{"_mousePosition":[683,384],"_rootPartCFrame":[753.963,230.209,43.463,-0.838,0.002,0.546,0.002,1,0.001,-0.546,0.002,-0.838],"_humanoidState":7,"_cameraCFrame":[753.542,242.406,40.922,-0.836,-0.54,0.096,0,0.174,0.985,-0.548,0.823,-0.146],"_shiftlockState":true,"_pose":"FreeFall","_animationQueue":[],"_animationSpeed":0.518,"_zoom":10.864},{"_mousePosition":[683,384],"_rootPartCFrame":[753.907,230.239,43.386,-0.832,-0.001,0.555,0,1,0.001,-0.555,0.001,-0.832],"_humanoidState":8,"_cameraCFrame":[753.39,242.436,40.86,-0.856,-0.509,0.09,0,0.174,0.985,-0.517,0.843,-0.149],"_shiftlockState":true,"_pose":"Running","_animationQueue":[["walk",0.1],["walk",0.1]],"_animationSpeed":0.61,"_zoom":10.864},{"_mousePosition":[683,384],"_rootPartCFrame":[753.839,231.122,43.291,-0.853,-0.002,0.522,-0.002,1,0.001,-0.522,-0.001,-0.853],"_humanoidState":3,"_cameraCFrame":[753.139,243.321,40.813,-0.89,-0.449,0.079,0,0.174,0.985,-0.456,0.876,-0.155],"_shiftlockState":true,"_pose":"Jumping","_animationQueue":[["walk",0.1],["jump",0.1]],"_animationSpeed":1,"_zoom":10.864},{"_mousePosition":[683,384],"_rootPartCFrame":[753.747,231.971,43.189,-0.843,-0.001,0.537,-0.001,1,0,-0.537,-0.001,-0.843],"_humanoidState":5,"_cameraCFrame":[752.821,244.17,40.787,-0.929,-0.366,0.064,0,0.174,0.985,-0.371,0.914,-0.161],"_shiftlockState":true,"_pose":"FreeFall","_animationQueue":[["jump",0.1]],"_animationSpeed":1,"_zoom":10.864},{"_mousePosition":[683,384],"_rootPartCFrame":[753.578,232.956,43.053,-0.857,0,0.516,0,1,0,-0.516,0,-0.857],"_humanoidState":5,"_cameraCFrame":[752.395,245.155,40.768,-0.964,-0.263,0.046,0,0.174,0.985,-0.267,0.949,-0.167],"_shiftlockState":true,"_pose":"FreeFall","_animationQueue":[],"_animationSpeed":1,"_zoom":10.864},{"_mousePosition":[683,384],"_rootPartCFrame":[753.447,233.506,42.972,-0.932,0,0.362,0,1,0,-0.362,0,-0.932],"_humanoidState":5,"_cameraCFrame":[751.979,245.702,40.843,-0.99,-0.137,0.024,0,0.175,0.985,-0.139,0.975,-0.174],"_shiftlockState":true,"_pose":"FreeFall","_animationQueue":[],"_animationSpeed":1,"_zoom":10.864},{"_mousePosition":[683,384],"_rootPartCFrame":[753.182,234.355,42.854,-0.954,0,0.301,0,1,0,-0.301,0,-0.954],"_humanoidState":5,"_cameraCFrame":[751.471,246.538,40.848,-1,-0.019,0.003,0,0.182,0.983,-0.019,0.983,-0.182],"_shiftlockState":true,"_pose":"FreeFall","_animationQueue":[],"_animationSpeed":1,"_zoom":10.864},{"_mousePosition":[683,384],"_rootPartCFrame":[753.002,234.823,42.802,-0.993,0,0.119,0,1,0,-0.119,0,-0.993],"_humanoidState":5,"_cameraCFrame":[750.995,246.982,40.944,-0.992,0.127,-0.025,0,0.193,0.981,0.129,0.973,-0.192],"_shiftlockState":true,"_pose":"FreeFall","_animationQueue":[],"_animationSpeed":1,"_zoom":10.864},{"_mousePosition":[683,384],"_rootPartCFrame":[752.681,235.536,42.761,-0.999,0,0.037,0,1,0,-0.037,0,-0.999],"_humanoidState":5,"_cameraCFrame":[750.418,247.674,41.086,-0.966,0.254,-0.053,0,0.203,0.979,0.26,0.946,-0.196],"_shiftlockState":true,"_pose":"FreeFall","_animationQueue":[],"_animationSpeed":1,"_zoom":10.864},{"_mousePosition":[683,384],"_rootPartCFrame":[752.489,235.922,42.764,-0.986,0,-0.167,0,1,0,0.167,0,-0.986],"_humanoidState":5,"_cameraCFrame":[750.027,248.05,41.318,-0.929,0.363,-0.077,0,0.208,0.978,0.371,0.908,-0.193],"_shiftlockState":true,"_pose":"FreeFall","_animationQueue":[],"_animationSpeed":1,"_zoom":10.864},{"_mousePosition":[683,384],"_rootPartCFrame":[752.25,236.39,42.799,-0.967,0,-0.255,0,1,0,0.255,0,-0.967],"_humanoidState":5,"_cameraCFrame":[749.645,248.512,41.581,-0.887,0.451,-0.097,0,0.21,0.978,0.461,0.868,-0.186],"_shiftlockState":true,"_pose":"FreeFall","_animationQueue":[],"_animationSpeed":1,"_zoom":10.864},{"_mousePosition":[683,384],"_rootPartCFrame":[752.031,236.803,42.868,-0.936,0,-0.353,0,1,0,0.353,0,-0.936],"_humanoidState":5,"_cameraCFrame":[749.29,248.916,41.891,-0.835,0.538,-0.118,0,0.214,0.977,0.551,0.815,-0.179],"_shiftlockState":true,"_pose":"FreeFall","_animationQueue":[],"_animationSpeed":1,"_zoom":10.864},{"_mousePosition":[683,384],"_rootPartCFrame":[751.79,237.243,42.999,-0.907,0,-0.421,0,1,0,0.421,0,-0.907],"_humanoidState":5,"_cameraCFrame":[748.965,249.35,42.22,-0.789,0.6,-0.133,0,0.216,0.976,0.614,0.77,-0.171],"_shiftlockState":true,"_pose":"FreeFall","_animationQueue":[],"_animationSpeed":1,"_zoom":10.864},{"_mousePosition":[683,384],"_rootPartCFrame":[751.664,237.466,43.101,-0.84,0,-0.543,0,1,0,0.543,0,-0.84],"_humanoidState":5,"_cameraCFrame":[748.745,249.56,42.511,-0.736,0.66,-0.15,0,0.222,0.975,0.677,0.718,-0.163],"_shiftlockState":true,"_pose":"FreeFall","_animationQueue":[],"_animationSpeed":1,"_zoom":10.864},{"_mousePosition":[683,384],"_rootPartCFrame":[751.521,237.716,43.261,-0.809,0,-0.587,0,1,0,0.587,0,-0.809],"_humanoidState":5,"_cameraCFrame":[748.437,249.773,42.91,-0.654,0.735,-0.179,0,0.236,0.972,0.757,0.635,-0.154],"_shiftlockState":true,"_pose":"FreeFall","_animationQueue":[],"_animationSpeed":1,"_zoom":10.864},{"_mousePosition":[683,384],"_rootPartCFrame":[751.409,237.912,43.447,-0.739,0,-0.674,0,1,0,0.674,0,-0.739],"_humanoidState":5,"_cameraCFrame":[748.135,249.917,43.382,-0.551,0.807,-0.213,0,0.255,0.967,0.834,0.533,-0.14],"_shiftlockState":true,"_pose":"FreeFall","_animationQueue":[],"_animationSpeed":1,"_zoom":10.864},{"_mousePosition":[683,384],"_rootPartCFrame":[751.329,238.052,43.655,-0.648,0,-0.762,0,1,0,0.762,0,-0.648],"_humanoidState":5,"_cameraCFrame":[747.877,249.998,43.918,-0.438,0.864,-0.247,0,0.275,0.961,0.899,0.421,-0.121],"_shiftlockState":true,"_pose":"FreeFall","_animationQueue":[],"_animationSpeed":1,"_zoom":10.864},{"_mousePosition":[683,384],"_rootPartCFrame":[751.286,238.139,43.879,-0.544,0,-0.839,0,1,0,0.839,0,-0.544],"_humanoidState":5,"_cameraCFrame":[747.672,250.006,44.618,-0.288,0.914,-0.286,0,0.299,0.954,0.958,0.275,-0.086],"_shiftlockState":true,"_pose":"FreeFall","_animationQueue":[],"_animationSpeed":1,"_zoom":10.864},{"_mousePosition":[683,384],"_rootPartCFrame":[751.28,238.17,44.113,-0.405,0,-0.914,0,1,0,0.914,0,-0.405],"_humanoidState":5,"_cameraCFrame":[747.522,249.942,45.322,-0.147,0.935,-0.322,0,0.326,0.945,0.989,0.139,-0.048],"_shiftlockState":true,"_pose":"FreeFall","_animationQueue":[],"_animationSpeed":1,"_zoom":10.864},{"_mousePosition":[683,384],"_rootPartCFrame":[751.315,238.148,44.35,-0.269,0,-0.963,0,1,0,0.963,0,-0.269],"_humanoidState":5,"_cameraCFrame":[747.444,249.818,45.982,-0.031,0.936,-0.351,0,0.352,0.936,1,0.029,-0.011],"_shiftlockState":true,"_pose":"FreeFall","_animationQueue":[],"_animationSpeed":1,"_zoom":10.864},{"_mousePosition":[683,384],"_rootPartCFrame":[751.388,238.07,44.581,-0.152,0,-0.988,0,1,0,0.988,0,-0.152],"_humanoidState":5,"_cameraCFrame":[747.421,249.652,46.506,0.044,0.927,-0.372,0,0.373,0.928,0.999,-0.041,0.016],"_shiftlockState":true,"_pose":"FreeFall","_animationQueue":[],"_animationSpeed":1,"_zoom":10.864},{"_mousePosition":[683,384],"_rootPartCFrame":[751.499,237.939,44.801,-0.073,0,-0.997,0,1,0,0.997,0,-0.073],"_humanoidState":5,"_cameraCFrame":[747.402,249.427,46.932,0.091,0.916,-0.392,0,0.393,0.919,0.996,-0.083,0.036],"_shiftlockState":true,"_pose":"FreeFall","_animationQueue":[],"_animationSpeed":1,"_zoom":10.864},{"_mousePosition":[683,384],"_rootPartCFrame":[751.689,237.697,45.054,-0.049,0,-0.999,0,1,0,0.999,0,-0.049],"_humanoidState":5,"_cameraCFrame":[747.382,249.079,47.265,0.104,0.905,-0.413,0,0.416,0.91,0.995,-0.095,0.043],"_shiftlockState":true,"_pose":"FreeFall","_animationQueue":[["fall",0.3]],"_animationSpeed":1,"_zoom":10.864},{"_mousePosition":[683,384],"_rootPartCFrame":[751.88,237.443,45.234,-0.004,0,-1,0,1,0,1,0,-0.004],"_humanoidState":5,"_cameraCFrame":[747.376,248.735,47.45,0.101,0.897,-0.431,0,0.433,0.901,0.995,-0.091,0.044],"_shiftlockState":true,"_pose":"FreeFall","_animationQueue":[],"_animationSpeed":1,"_zoom":10.864},{"_mousePosition":[683,384],"_rootPartCFrame":[752.034,237.216,45.36,0.022,0,-1,0,1,0,1,0,0.022],"_humanoidState":5,"_cameraCFrame":[747.419,248.459,47.568,0.097,0.893,-0.44,0,0.442,0.897,0.995,-0.087,0.043],"_shiftlockState":true,"_pose":"FreeFall","_animationQueue":[],"_animationSpeed":1,"_zoom":10.864},{"_mousePosition":[683,384],"_rootPartCFrame":[752.252,236.684,45.617,0.003,-0.002,-1,-0.006,1,-0.002,1,0.006,0.003],"_humanoidState":5,"_cameraCFrame":[747.626,247.923,47.835,0.097,0.892,-0.441,0,0.443,0.896,0.995,-0.087,0.043],"_shiftlockState":true,"_pose":"FreeFall","_animationQueue":[],"_animationSpeed":1,"_zoom":10.864},{"_mousePosition":[683,384],"_rootPartCFrame":[752.191,236.714,45.695,0.104,-0.001,-0.995,-0.007,1,-0.002,0.995,0.007,0.104],"_humanoidState":12,"_cameraCFrame":[747.564,247.961,47.875,0.089,0.894,-0.44,0,0.442,0.897,0.996,-0.079,0.039],"_shiftlockState":true,"_pose":"Climbing","_animationQueue":[["walk",0.1],["fall",0.3],["climb",0.1],["climb",0]],"_animationSpeed":-1.732,"_zoom":10.864},{"_mousePosition":[683,384],"_rootPartCFrame":[752.13,236.891,45.824,0.092,0,-0.996,-0.002,1,-0.001,0.996,0.002,0.092],"_humanoidState":12,"_cameraCFrame":[746.956,248.027,47.042,-0.105,0.882,-0.459,0,0.462,0.887,0.994,0.093,-0.048],"_shiftlockState":true,"_pose":"Climbing","_animationQueue":[["climb",0.1],["climb",0]],"_animationSpeed":0.589,"_zoom":10.864},{"_mousePosition":[683,384],"_rootPartCFrame":[752.087,237.077,45.917,-0.104,0,-0.995,0,1,0,0.995,0,-0.104],"_humanoidState":12,"_cameraCFrame":[746.614,247.87,43.727,-0.63,0.664,-0.402,0,0.518,0.855,0.776,0.539,-0.327],"_shiftlockState":true,"_pose":"Climbing","_animationQueue":[["climb",0.1]],"_animationSpeed":0.927,"_zoom":10.864},{"_mousePosition":[683,384],"_rootPartCFrame":[751.868,237.829,46.101,-0.608,0,-0.794,0.006,1,-0.004,0.794,-0.007,-0.608],"_humanoidState":8,"_cameraCFrame":[746.505,248.594,43.542,-0.676,0.628,-0.385,0,0.522,0.853,0.737,0.577,-0.353],"_shiftlockState":true,"_pose":"Running","_animationQueue":[["walk",0.1],["climb",0.1],["walk",0.1],["walk",0.1]],"_animationSpeed":0.366,"_zoom":10.864},{"_mousePosition":[683,384],"_rootPartCFrame":[751.831,238.933,46.322,-0.644,0.002,-0.765,0.014,1,-0.01,0.765,-0.017,-0.644],"_humanoidState":3,"_cameraCFrame":[748.632,250.019,41.946,-0.954,0.265,-0.141,0,0.47,0.882,0.3,0.842,-0.449],"_shiftlockState":true,"_pose":"Jumping","_animationQueue":[["walk",0.1],["jump",0.1]],"_animationSpeed":1,"_zoom":10.864},{"_mousePosition":[683,384],"_rootPartCFrame":[751.694,239.777,46.527,-0.958,0.003,-0.285,0.005,1,-0.008,0.285,-0.009,-0.958],"_humanoidState":5,"_cameraCFrame":[750.27,251.594,42.961,-0.996,-0.088,0.029,0,0.313,0.95,-0.092,0.946,-0.312],"_shiftlockState":true,"_pose":"FreeFall","_animationQueue":[["jump",0.1]],"_animationSpeed":1,"_zoom":10.864},{"_mousePosition":[683,384],"_rootPartCFrame":[751.669,240.567,46.749,-0.991,0.002,0.136,0.002,1,-0.002,-0.136,-0.002,-0.991],"_humanoidState":5,"_cameraCFrame":[750.85,252.641,43.812,-0.943,-0.323,0.076,0,0.23,0.973,-0.332,0.918,-0.217],"_shiftlockState":true,"_pose":"FreeFall","_animationQueue":[],"_animationSpeed":1,"_zoom":10.864},{"_mousePosition":[683,384],"_rootPartCFrame":[751.609,241.124,46.913,-0.926,0,0.376,0,1,0,-0.376,0,-0.926],"_humanoidState":5,"_cameraCFrame":[751.223,253.201,43.904,-0.884,-0.456,0.107,0,0.228,0.974,-0.468,0.86,-0.202],"_shiftlockState":true,"_pose":"FreeFall","_animationQueue":[],"_animationSpeed":1,"_zoom":10.864},{"_mousePosition":[683,384],"_rootPartCFrame":[751.493,241.983,47.163,-0.832,0,0.554,0,1,0,-0.554,0,-0.832],"_humanoidState":5,"_cameraCFrame":[751.316,254.038,44.057,-0.857,-0.5,0.122,0,0.237,0.972,-0.515,0.833,-0.203],"_sh