[{"_mousePosition":[687,337],"_rootPartCFrame":[776.028,222.7,47.142,0,0,1,0,1,0,-1,0,0],"_humanoidState":8,"_cameraCFrame":[778.401,235.501,35.888,-0.978,-0.145,0.147,0,0.713,0.701,-0.206,0.686,-0.698],"_shiftlockState":false,"_pose":"Standing","_animationQueue":[],"_animationSpeed":1,"_zoom":16.125},{"_mousePosition":[687,337],"_rootPartCFrame":[775.86,222.7,47.107,0.021,0,1,0,1,0,-1,0,0.021],"_humanoidState":8,"_cameraCFrame":[778.261,235.501,35.859,-0.978,-0.146,0.149,0,0.713,0.701,-0.209,0.685,-0.698],"_shiftlockState":false,"_pose":"Standing","_animationQueue":[],"_animationSpeed":1,"_zoom":16.125},{"_mousePosition":[687,337],"_rootPartCFrame":[775.601,222.7,47.052,0.046,0,0.999,0,1,0,-0.999,0,0.046],"_humanoidState":8,"_cameraCFrame":[778.083,235.524,35.844,-0.976,-0.152,0.154,0,0.712,0.702,-0.216,0.686,-0.695],"_shiftlockState":false,"_pose":"Running","_animationQueue":[["walk",0.1]],"_animationSpeed":1.003,"_zoom":16.125},{"_mousePosition":[687,337],"_rootPartCFrame":[775.34,222.7,46.997,0.068,0,0.998,0,1,0,-0.998,0,0.068],"_humanoidState":8,"_cameraCFrame":[778.089,235.59,35.919,-0.971,-0.17,0.17,0,0.708,0.706,-0.241,0.686,-0.687],"_shiftlockState":false,"_pose":"Running","_animationQueue":[["walk",0.1]],"_animationSpeed":1.101,"_zoom":16.125},{"_mousePosition":[687,337],"_rootPartCFrame":[775.08,222.7,46.939,0.088,0,0.996,0,1,0,-0.996,0,0.088],"_humanoidState":8,"_cameraCFrame":[777.902,235.635,35.926,-0.969,-0.176,0.175,0,0.705,0.709,-0.248,0.687,-0.683],"_shiftlockState":false,"_pose":"Running","_animationQueue":[],"_animationSpeed":1.101,"_zoom":16.125},{"_mousePosition":[687,337],"_rootPartCFrame":[774.821,222.7,46.875,0.108,0,0.994,0,1,0,-0.994,0,0.108],"_humanoidState":8,"_cameraCFrame":[777.814,235.723,36,-0.964,-0.19,0.186,0,0.699,0.715,-0.265,0.689,-0.674],"_shiftlockState":false,"_pose":"Running","_animationQueue":[["walk",0.1]],"_animationSpeed":1.101,"_zoom":16.125},{"_mousePosition":[687,337],"_rootPartCFrame":[774.562,222.7,46.809,0.127,0,0.992,0,1,0,-0.992,0,0.127],"_humanoidState":8,"_cameraCFrame":[777.696,235.898,36.163,-0.959,-0.205,0.194,0,0.688,0.725,-0.282,0.696,-0.66],"_shiftlockState":false,"_pose":"Running","_animationQueue":[],"_animationSpeed":1.101,"_zoom":16.125},{"_mousePosition":[687,337],"_rootPartCFrame":[774.305,222.7,46.739,0.146,0,0.989,0,1,0,-0.989,0,0.146],"_humanoidState":8,"_cameraCFrame":[777.507,236.026,36.256,-0.956,-0.214,0.199,0,0.68,0.733,-0.292,0.701,-0.65],"_shiftlockState":false,"_pose":"Running","_animationQueue":[],"_animationSpeed":1.101,"_zoom":16.125},{"_mousePosition":[687,337],"_rootPartCFrame":[774.049,222.7,46.664,0.164,0,0.986,0,1,0,-0.986,0,0.164],"_humanoidState":8,"_cameraCFrame":[777.275,236.196,36.383,-0.954,-0.223,0.2,0,0.668,0.744,-0.299,0.71,-0.638],"_shiftlockState":false,"_pose":"Running","_animationQueue":[],"_animationSpeed":1.101,"_zoom":16.125},{"_mousePosition":[687,337],"_rootPartCFrame":[773.794,222.7,46.586,0.182,0,0.983,0,1,0,-0.983,0,0.182],"_humanoidState":8,"_cameraCFrame":[777.007,236.383,36.524,-0.953,-0.23,0.199,0,0.655,0.756,-0.304,0.72,-0.624],"_shiftlockState":false,"_pose":"Running","_animationQueue":[],"_animationSpeed":1.101,"_zoom":16.125},{"_mousePosition":[687,337],"_rootPartCFrame":[773.54,222.7,46.507,0.198,0,0.98,0,1,0,-0.98,0,0.198],"_humanoidState":8,"_cameraCFrame":[776.712,236.566,36.657,-0.952,-0.235,0.197,0,0.642,0.767,-0.307,0.73,-0.611],"_shiftlockState":false,"_pose":"Running","_animationQueue":[],"_animationSpeed":1.101,"_zoom":16.125},{"_mousePosition":[687,337],"_rootPartCFrame":[773.286,222.7,46.426,0.212,0,0.977,0,1,0,-0.977,0,0.212],"_humanoidState":8,"_cameraCFrame":[776.383,236.766,36.807,-0.952,-0.239,0.192,0,0.627,0.779,-0.307,0.742,-0.596],"_shiftlockState":false,"_pose":"Running","_animationQueue":[["walk",0.1]],"_animationSpeed":1.101,"_zoom":16.125},{"_mousePosition":[687,337],"_rootPartCFrame":[773.032,222.7,46.344,0.225,0,0.974,0,1,0,-0.974,0,0.225],"_humanoidState":8,"_cameraCFrame":[776.054,236.96,36.961,-0.952,-0.243,0.187,0,0.611,0.791,-0.307,0.753,-0.582],"_shiftlockState":false,"_pose":"Running","_animationQueue":[],"_animationSpeed":1.101,"_zoom":16.125},{"_mousePosition":[687,337],"_rootPartCFrame":[772.778,222.7,46.262,0.236,0,0.972,0,1,0,-0.972,0,0.236],"_humanoidState":8,"_cameraCFrame":[775.693,237.169,37.134,-0.953,-0.245,0.181,0,0.594,0.804,-0.304,0.766,-0.566],"_shiftlockState":false,"_pose":"Running","_animationQueue":[],"_animationSpeed":1.101,"_zoom":16.125},{"_mousePosition":[687,337],"_rootPartCFrame":[772.524,222.7,46.181,0.246,0,0.969,0,1,0,-0.969,0,0.246],"_humanoidState":8,"_cameraCFrame":[775.286,237.371,37.298,-0.955,-0.243,0.171,0,0.577,0.817,-0.297,0.78,-0.551],"_shiftlockState":false,"_pose":"Running","_animationQueue":[],"_animationSpeed":1.101,"_zoom":16.125},{"_mousePosition":[687,337],"_rootPartCFrame":[772.27,222.7,46.099,0.254,0,0.967,0,1,0,-0.967,0,0.254],"_humanoidState":8,"_cameraCFrame":[774.86,237.567,37.462,-0.958,-0.238,0.161,0,0.559,0.829,-0.287,0.794,-0.536],"_shiftlockState":false,"_pose":"Running","_animationQueue":[],"_animationSpeed":1.101,"_zoom":16.125},{"_mousePosition":[687,337],"_rootPartCFrame":[772.016,222.7,46.02,0.26,0,0.966,0,1,0,-0.966,0,0.26],"_humanoidState":8,"_cameraCFrame":[774.431,237.775,37.659,-0.961,-0.234,0.15,0,0.54,0.842,-0.278,0.809,-0.519],"_shiftlockState":false,"_pose":"Running","_animationQueue":[],"_animationSpeed":1.101,"_zoom":16.125},{"_mousePosition":[687,337],"_rootPartCFrame":[771.76,222.7,45.943,0.264,0,0.965,0,1,0,-0.965,0,0.264],"_humanoidState":8,"_cameraCFrame":[773.964,237.974,37.855,-0.965,-0.225,0.137,0,0.52,0.854,-0.263,0.824,-0.502],"_shiftlockState":false,"_pose":"Running","_animationQueue":[],"_animationSpeed":1.101,"_zoom":16.125},{"_mousePosition":[687,337],"_rootPartCFrame":[771.504,222.7,45.869,0.266,0,0.964,0,1,0,-0.964,0,0.266],"_humanoidState":8,"_cameraCFrame":[773.425,238.26,38.212,-0.97,-0.212,0.119,0,0.49,0.872,-0.243,0.846,-0.475],"_shiftlockState":false,"_pose":"Running","_animationQueue":[["walk",0.1]],"_animationSpeed":1.101,"_zoom":16.125},{"_mousePosition":[687,337],"_rootPartCFrame":[771.247,222.7,45.799,0.266,0,0.964,0,1,0,-0.964,0,0.266],"_humanoidState":8,"_cameraCFrame":[773.071,238.351,38.287,-0.972,-0.207,0.113,0,0.479,0.878,-0.236,0.853,-0.466],"_shiftlockState":false,"_pose":"Running","_animationQueue":[],"_animationSpeed":1.101,"_zoom":16.125},{"_mousePosition":[687,337],"_rootPartCFrame":[770.988,222.7,45.733,0.263,0,0.965,0,1,0,-0.965,0,0.263],"_humanoidState":8,"_cameraCFrame":[770.861,238.571,38.215,-0.976,-0.193,0.098,0,0.454,0.891,-0.216,0.87,-0.443],"_shiftlockState":true,"_pose":"Running","_animationQueue":[],"_animationSpeed":1.101,"_zoom":16.125},{"_mousePosition":[683,384],"_rootPartCFrame":[770.664,222.7,45.654,-0.993,0,0.117,0,1,0,-0.117,0,-0.993],"_humanoidState":8,"_cameraCFrame":[770.537,238.571,38.136,-0.976,-0.193,0.098,0,0.454,0.891,-0.216,0.87,-0.443],"_shiftlockState":true,"_pose":"Running","_animationQueue":[],"_animationSpeed":1.101,"_zoom":16.125},{"_mousePosition":[683,384],"_rootPartCFrame":[770.469,222.7,45.61,-0.981,0,0.192,0,1,0,-0.192,0,-0.981],"_humanoidState":8,"_cameraCFrame":[770.231,238.656,38.259,-0.978,-0.185,0.091,0,0.443,0.896,-0.206,0.877,-0.434],"_shiftlockState":true,"_pose":"Running","_animationQueue":[],"_animationSpeed":1.101,"_zoom":16.125},{"_mousePosition":[683,384],"_rootPartCFrame":[770.144,223.77,45.538,-0.982,0,0.188,0,1,0,-0.188,0,-0.982],"_humanoidState":3,"_cameraCFrame":[769.798,239.808,38.355,-0.981,-0.177,0.085,0,0.433,0.902,-0.196,0.884,-0.424],"_shiftlockState":true,"_pose":"Jumping","_animationQueue":[["walk",0.1],["jump",0.1]],"_animationSpeed":1,"_zoom":16.125},{"_mousePosition":[683,384],"_rootPartCFrame":[769.883,224.565,45.482,-0.96,0,0.281,0,1,0,-0.281,0,-0.96],"_humanoidState":5,"_cameraCFrame":[769.438,240.67,38.443,-0.982,-0.169,0.079,0,0.424,0.906,-0.186,0.89,-0.416],"_shiftlockState":true,"_pose":"FreeFall","_animationQueue":[["jump",0.1]],"_animationSpeed":1,"_zoom":16.125},{"_mousePosition":[683,384],"_rootPartCFrame":[769.622,225.305,45.43,-0.951,0,0.31,0,1,0,-0.31,0,-0.951],"_humanoidState":5,"_cameraCFrame":[769.103,241.463,38.506,-0.984,-0.163,0.075,0,0.417,0.909,-0.179,0.894,-0.41],"_shiftlockState":true,"_pose":"FreeFall","_animationQueue":[],"_animationSpeed":1,"_zoom":16.125},{"_mousePosition":[683,384],"_rootPartCFrame":[769.36,225.991,45.38,-0.952,0,0.308,0,1,0,-0.308,0,-0.952],"_humanoidState":5,"_cameraCFrame":[768.747,242.214,38.603,-0.986,-0.154,0.069,0,0.408,0.913,-0.169,0.9,-0.402],"_shiftlockState":true,"_pose":"FreeFall","_animationQueue":[],"_animationSpeed":1,"_zoom":16.125},{"_mousePosition":[683,384],"_rootPartCFrame":[769.098,226.622,45.332,-0.954,0,0.298,0,1,0,-0.298,0,-0.954],"_humanoidState":5,"_cameraCFrame":[768.398,242.896,38.675,-0.987,-0.146,0.064,0,0.401,0.916,-0.159,0.905,-0.396],"_shiftlockState":true,"_pose":"FreeFall","_animationQueue":[],"_animationSpeed":1,"_zoom":16.125},{"_mousePosition":[683,384],"_rootPartCFrame":[768.835,227.199,45.286,-0.957,0,0.289,0,1,0,-0.289,0,-0.957],"_humanoidState":5,"_cameraCFrame":[768.017,243.523,38.755,-0.99,-0.132,0.057,0,0.394,0.919,-0.144,0.91,-0.389],"_shiftlockState":true,"_pose":"FreeFall","_animationQueue":[],"_animationSpeed":1,"_zoom":16.125},{"_mousePosition":[683,384],"_rootPartCFrame":[768.572,227.721,45.243,-0.962,0,0.274,0,1,0,-0.274,0,-0.962],"_humanoidState":5,"_cameraCFrame":[767.624,244.094,38.842,-0.992,-0.117,0.049,0,0.386,0.922,-0.127,0.915,-0.383],"_shiftlockState":true,"_pose":"FreeFall","_animationQueue":[],"_animationSpeed":1,"_zoom":16.125},{"_mousePosition":[683,384],"_rootPartCFrame":[768.308,228.189,45.204,-0.966,0,0.257,0,1,0,-0.257,0,-0.966],"_humanoidState":5,"_cameraCFrame":[767.165,244.633,39.005,-0.995,-0.092,0.037,0,0.376,0.927,-0.099,0.922,-0.374],"_shiftlockState":true,"_pose":"FreeFall","_animationQueue":[],"_animationSpeed":1,"_zoom":16.125},{"_mousePosition":[683,384],"_rootPartCFrame":[768.043,228.602,45.17,-0.973,0,0.23,0,1,0,-0.23,0,-0.973],"_humanoidState":5,"_cameraCFrame":[766.833,245.07,39.041,-0.996,-0.082,0.033,0,0.372,0.928,-0.089,0.925,-0.37],"_shiftlockState":true,"_pose":"FreeFall","_animationQueue":[],"_animationSpeed":1,"_zoom":16.125},{"_mousePosition":[683,384],"_rootPartCFrame":[767.844,228.876,45.149,-0.982,0,0.188,0,1,0,-0.188,0,-0.982],"_humanoidState":5,"_cameraCFrame":[766.403,245.447,39.33,-0.999,-0.05,0.019,0,0.356,0.935,-0.053,0.933,-0.355],"_shiftlockState":true,"_pose":"FreeFall","_animationQueue":[],"_animationSpeed":1,"_zoom":16.125},{"_mousePosition":[683,384],"_rootPartCFrame":[767.513,229.265,45.119,-0.976,0,0.218,0,1,0,-0.218,0,-0.976],"_humanoidState":5,"_cameraCFrame":[765.905,245.902,39.519,-1,-0.024,0.009,0,0.345,0.939,-0.026,0.938,-0.345],"_shiftlockState":true,"_pose":"FreeFall","_animationQueue":[],"_animationSpeed":1,"_zoom":16.125},{"_mousePosition":[683,384],"_rootPartCFrame":[767.313,229.457,45.107,-0.992,0,0.125,0,1,0,-0.125,0,-0.992],"_humanoidState":5,"_cameraCFrame":[765.51,246.159,39.745,-1,0.009,-0.003,0,0.334,0.943,0.01,0.943,-0.334],"_shiftlockState":true,"_pose":"FreeFall","_animationQueue":[],"_animationSpeed":1,"_zoom":16.125},{"_mousePosition":[683,384],"_rootPartCFrame":[767.046,229.666,45.099,-0.992,0,0.123,0,1,0,-0.123,0,-0.992],"_humanoidState":5,"_cameraCFrame":[765.063,246.429,39.982,-0.999,0.043,-0.015,0,0.323,0.947,0.045,0.946,-0.322],"_shiftlockState":true,"_pose":"FreeFall","_animationQueue":[],"_animationSpeed":1,"_zoom":16.125},{"_mousePosition":[683,384],"_rootPartCFrame":[766.78,229.821,45.1,-0.996,0,0.088,0,1,0,-0.088,0,-0.996],"_humanoidState":5,"_cameraCFrame":[764.628,246.634,40.205,-0.997,0.077,-0.025,0,0.313,0.95,0.081,0.947,-0.312],"_shiftlockState":true,"_pose":"FreeFall","_animationQueue":[],"_animationSpeed":1,"_zoom":16.125},{"_mousePosition":[683,384],"_rootPartCFrame":[766.447,229.937,45.114,-0.996,0,0.086,0,1,0,-0.086,0,-0.996],"_humanoidState":5,"_cameraCFrame":[764.141,246.798,40.446,-0.993,0.11,-0.035,0,0.304,0.953,0.116,0.946,-0.302],"_shiftlockState":true,"_pose":"FreeFall","_animationQueue":[],"_animationSpeed":1,"_zoom":16.125},{"_mousePosition":[683,384],"_rootPartCFrame":[766.247,229.966,45.128,-1,0,-0.016,0,1,0,0.016,0,-1],"_humanoidState":5,"_cameraCFrame":[763.784,246.865,40.67,-0.988,0.147,-0.046,0,0.297,0.955,0.153,0.944,-0.293],"_shiftlockState":true,"_pose":"FreeFall","_animationQueue":[["fall",0.3]],"_animationSpeed":1,"_zoom":16.125},{"_mousePosition":[683,384],"_rootPartCFrame":[765.916,229.946,45.166,-1,0,0.013,0,1,0,-0.013,0,-1],"_humanoidState":5,"_cameraCFrame":[763.325,246.891,40.945,-0.982,0.18,-0.054,0,0.287,0.958,0.188,0.941,-0.282],"_shiftlockState":true,"_pose":"FreeFall","_animationQueue":[],"_animationSpeed":1,"_zoom":16.125},{"_mousePosition":[683,384],"_rootPartCFrame":[765.718,229.893,45.195,-0.996,0,-0.089,0,1,0,0.089,0,-0.996],"_humanoidState":5,"_cameraCFrame":[762.999,246.865,41.157,-0.975,0.214,-0.063,0,0.282,0.959,0.223,0.935,-0.275],"_shiftlockState":true,"_pose":"FreeFall","_animationQueue":[],"_animationSpeed":1,"_zoom":16.125},{"_mousePosition":[683,384],"_rootPartCFrame":[765.391,229.737,45.256,-0.998,0,-0.058,0,1,0,0.058,0,-0.998],"_humanoidState":5,"_cameraCFrame":[762.563,246.735,41.397,-0.967,0.245,-0.07,0,0.276,0.961,0.255,0.929,-0.267],"_shiftlockState":true,"_pose":"FreeFall","_animationQueue":[],"_animationSpeed":1,"_zoom":16.125},{"_mousePosition":[683,384],"_rootPartCFrame":[765.13,229.551,45.314,-0.992,0,-0.124,0,1,0,0.124,0,-0.992],"_humanoidState":5,"_cameraCFrame":[762.194,246.592,41.718,-0.956,0.283,-0.078,0,0.267,0.964,0.294,0.921,-0.255],"_shiftlockState":true,"_pose":"FreeFall","_animationQueue":[],"_animationSpeed":1,"_zoom":16.125},{"_mousePosition":[683,384],"_rootPartCFrame":[764.872,229.31,45.381,-0.986,0,-0.164,0,1,0,0.164,0,-0.986],"_humanoidState":5,"_cameraCFrame":[761.908,246.359,41.843,-0.953,0.293,-0.08,0,0.265,0.964,0.304,0.919,-0.252],"_shiftlockState":true,"_pose":"FreeFall","_animationQueue":[],"_animationSpeed":1,"_zoom":16.125},{"_mousePosition":[683,384],"_rootPartCFrame":[764.617,229.015,45.458,-0.985,0,-0.174,0,1,0,0.174,0,-0.985],"_humanoidState":5,"_cameraCFrame":[761.586,246.089,42.09,-0.944,0.319,-0.086,0,0.259,0.966,0.33,0.912,-0.245],"_shiftlockState":true,"_pose":"FreeFall","_animationQueue":[["fall",0.3]],"_animationSpeed":1,"_zoom":16.125},{"_mousePosition":[683,384],"_rootPartCFrame":[764.363,228.665,45.538,-0.979,0,-0.202,0,1,0,0.202,0,-0.979],"_humanoidState":5,"_cameraCFrame":[761.285,245.755,42.289,-0.937,0.337,-0.089,0,0.255,0.967,0.349,0.906,-0.239],"_shiftlockState":true,"_pose":"FreeFall","_animationQueue":[],"_animationSpeed":1,"_zoom":16.125},{"_mousePosition":[683,384],"_rootPartCFrame":[764.174,228.367,45.603,-0.967,0,-0.254,0,1,0,0.254,0,-0.967],"_humanoidState":5,"_cameraCFrame":[761.03,245.473,42.497,-0.927,0.363,-0.094,0,0.252,0.968,0.375,0.897,-0.233],"_shiftlockState":true,"_pose":"FreeFall","_animationQueue":[],"_animationSpeed":1,"_zoom":16.125},{"_mousePosition":[683,384],"_rootPartCFrame":[763.923,227.922,45.696,-0.969,0,-0.248,0,1,0,0.248,0,-0.969],"_humanoidState":5,"_cameraCFrame":[760.703,245.044,42.75,-0.914,0.393,-0.1,0,0.248,0.969,0.405,0.886,-0.227],"_shiftlockState":true,"_pose":"FreeFall","_animationQueue":[],"_animationSpeed":1,"_zoom":16.125},{"_mousePosition":[683,384],"_rootPartCFrame":[763.676,227.422,45.795,-0.96,0,-0.28,0,1,0,0.28,0,-0.96],"_humanoidState":5,"_cameraCFrame":[760.422,244.567,43.014,-0.904,0.415,-0.104,0,0.242,0.97,0.428,0.877,-0.219],"_shiftlockState":true,"_pose":"FreeFall","_animationQueue":[],"_animationSpeed":1,"_zoom":16.125},{"_mousePosition":[683,384],"_rootPartCFrame":[763.37,226.721,45.928,-0.962,0,-0.272,0,1,0,0.272,0,-0.962],"_humanoidState":5,"_cameraCFrame":[760.108,243.874,43.201,-0.9,0.422,-0.105,0,0.24,0.971,0.435,0.874,-0.216],"_shiftlockState":true,"_pose":"FreeFall","_animationQueue":[],"_animationSpeed":1,"_zoom":16.125},{"_mousePosition":[683,384],"_rootPartCFrame":[763.108,226.109,45.999,-0.941,-0.001,-0.338,-0.005,1,0.011,0.338,0.012,-0.941],"_humanoidState":5,"_cameraCFrame":[759.886,243.269,43.283,-0.905,0.414,-0.102,0,0.238,0.971,0.426,0.879,-0.216],"_shiftlockState":true,"_pose":"FreeFall","_animationQueue":[["fall",0.3]],"_animationSpeed":1,"_zoom":16.125},{"_mousePosition":[683,384],"_rootPartCFrame":[762.887,225.633,46.008,-0.932,-0.001,-0.362,-0.007,1,0.017,0.362,0.018,-0.932],"_humanoidState":5,"_cameraCFrame":[759.807,242.792,43.143,-0.925,0.369,-0.091,0,0.238,0.971,0.38,0.898,-0.221],"_shiftlockState":true,"_pose":"FreeFall","_animationQueue":[],"_animationSpeed":1,"_zoom":16.125},{"_mousePosition":[683,384],"_rootPartCFrame":[762.542,224.771,46.06,-0.974,0,-0.228,-0.001,1,0.006,0.228,0.006,-0.974],"_humanoidState":5,"_cameraCFrame":[759.715,241.931,42.93,-0.954,0.292,-0.072,0,0.238,0.971,0.301,0.926,-0.227],"_shiftlockState":true,"_pose":"FreeFall","_animationQueue":[],"_animationSpeed":1,"_zoom":16.125},{"_mousePosition":[683,384],"_rootPartCFrame":[762.356,224.67,46.129,-0.964,0.001,-0.266,0.001,1,-0.001,0.266,-0.001,-0.964],"_humanoidState":7,"_cameraCFrame":[759.879,241.83,42.706,-0.98,0.193,-0.047,0,0.238,0.971,0.198,0.952,-0.234],"_shiftlockState":true,"_pose":"FreeFall","_animationQueue":[["walk",0.1],["fall",0.3],["fall",0.3]],"_animationSpeed":1,"_zoom":16.125},{"_mousePosition":[683,384],"_rootPartCFrame":[762.043,224.664,46.232,-0.982,0,-0.19,0,1,-0.003,0.19,-0.003,-0.982],"_humanoidState":7,"_cameraCFrame":[760.362,241.824,42.352,-1,-0.018,0.004,0,0.238,0.971,-0.018,0.971,-0.238],"_shiftlockState":true,"_pose":"FreeFall","_animationQueue":[],"_animationSpeed":1,"_zoom":16.125},{"_mousePosition":[683,384],"_rootPartCFrame":[761.786,224.56,46.288,-1,0,0.029,0,1,0,-0.029,0,-1],"_humanoidState":8,"_cameraCFrame":[760.748,241.727,42.221,-0.984,-0.174,0.042,0,0.237,0.972,-0.179,0.956,-0.233],"_shiftlockState":true,"_pose":"Running","_animationQueue":[["walk",0.1],["fall",0.3],["walk",0.1]],"_animationSpeed":1.089,"_zoom":16.125},{"_mousePosition":[683,384],"_rootPartCFrame":[761.524,224.391,46.287,-0.982,0,0.189,0,1,0,-0.189,0,-0.982],"_humanoidState":8,"_cameraCFrame":[761.103,241.587,42.223,-0.943,-0.324,0.076,0,0.229,0.973,-0.333,0.918,-0.216],"_shiftlockState":true,"_pose":"Running","_animationQueue":[],"_animationSpeed":1.089,"_zoom":16.125},{"_mousePosition":[683,384],"_rootPartCFrame":[761.266,224.167,46.244,-0.94,0,0.342,0,1,0,-0.342,0,-0.94],"_humanoidState":8,"_cameraCFrame":[761.401,241.385,42.243,-0.884,-0.455,0.104,0,0.223,0.975,-0.467,0.862,-0.197],"_shiftlockState":true,"_pose":"Running","_animationQueue":[["walk",0.1]],"_animationSpeed":1.089,"_zoom":16.125},{"_mousePosition":[683,384],"_rootPartCFrame":[761.08,223.889,46.182,-0.88,0,0.475,0,1,0,-0.475,0,-0.88],"_humanoidState":8,"_cameraCFrame":[761.571,241.134,42.32,-0.83,-0.545,0.12,0,0.216,0.976,-0.558,0.81,-0.179],"_shiftlockState":true,"_pose":"Running","_animationQueue":[],"_animationSpeed":1.089,"_zoom":16.125},{"_mousePosition":[683,384],"_rootPartCFrame":[760.797,223.517,46.037,-0.828,0,0.561,0,1,0,-0.561,0,-0.828],"_humanoidState":8,"_cameraCFrame":[761.474,240.776,42.259,-0.796,-0.592,0.128,0,0.212,0.977,-0.606,0.778,-0.169],"_shiftlockState":true,"_pose":"Running","_animationQueue":[["walk",0.1]],"_animationSpeed":0.791,"_zoom":16.125},{"_mousePosition":[683,384],"_rootPartCFrame":[760.63,223.358,45.93,-0.796,0,0.606,0,1,0,-0.606,0,-0.796],"_humanoidState":8,"_cameraCFrame":[761.365,240.623,42.19,-0.783,-0.608,0.131,0,0.21,0.978,-0.622,0.766,-0.164],"_shiftlockState":true,"_pose":"Running","_animationQueue":[["walk",0.1]],"_animationSpeed":1.088,"_zoom":16.125},{"_mousePosition":[683,384],"_rootPartCFrame":[760.514,223.098,45.85,-0.783,0,0.622,0,1,0,-0.622,0,-0.783],"_humanoidState":8,"_cameraCFrame":[761.23,240.364,42.107,-0.786,-0.604,0.13,0,0.21,0.978,-0.618,0.769,-0.165],"_shiftlockState":true,"_pose":"Running","_animationQueue":[],"_animationSpeed":1.088,"_zoom":16.125},{"_mousePosition":[683,384],"_rootPartCFrame":[760.465,222.784,45.813,-0.786,0,0.618,0,1,0,-0.618,0,-0.786],"_humanoidState":8,"_cameraCFrame":[761.029,240.056,42.071,-0.808,-0.577,0.123,0,0.208,0.978,-0.59,0.79,-0.168],"_shiftlockState":true,"_pose":"Running","_animationQueue":[["walk",0.1]],"_animationSpeed":0.32,"_zoom":16.125},{"_mousePosition":[683,384],"_rootPartCFrame":[760.407,223.868,45.769,-0.808,0,0.59,0,1,0,-0.59,0,-0.808],"_humanoidState":3,"_cameraCFrame":[760.772,241.14,42.003,-0.838,-0.534,0.114,0,0.208,0.978,-0.546,0.82,-0.174],"_shiftlockState":true,"_pose":"Jumping","_animationQueue":[["walk",0.1],["walk",0.1],["jump",0.1]],"_animationSpeed":1,"_zoom":16.125},{"_mousePosition":[683,384],"_rootPartCFrame":[760.341,224.676,45.719,-0.784,0,0.62,0,1,0,-0.62,0,-0.784],"_humanoidState":5,"_cameraCFrame":[760.467,241.948,41.937,-0.871,-0.481,0.102,0,0.208,0.978,-0.492,0.852,-0.181],"_shiftlockState":true,"_pose":"FreeFall","_animationQueue":[["jump",0.1]],"_animationSpeed":1,"_zoom":16.125},{"_mousePosition":[683,384],"_rootPartCFrame":[760.269,225.246,45.668,-0.82,0,0.573,0,1,0,-0.573,0,-0.82],"_humanoidState":5,"_cameraCFrame":[760.133,242.525,41.913,-0.901,-0.424,0.089,0,0.206,0.979,-0.433,0.882,-0.186],"_shiftlockState":true,"_pose":"FreeFall","_animationQueue":[],"_animationSpeed":1,"_zoom":16.125},{"_mousePosition":[683,384],"_rootPartCFrame":[760.142,225.96,45.584,-0.836,0,0.549,0,1,0,-0.549,0,-0.836],"_humanoidState":5,"_cameraCFrame":[759.776,243.245,41.872,-0.925,-0.372,0.078,0,0.204,0.979,-0.38,0.905,-0.189],"_shiftlockState":true,"_pose":"FreeFall","_animationQueue":[],"_animationSpeed":1,"_zoom":16.125},{"_mousePosition":[683,384],"_rootPartCFrame":[759.931,226.774,45.462,-0.849,0,0.528,0,1,0,-0.528,0,-0.849],"_humanoidState":5,"_cameraCFrame":[759.375,244.072,41.829,-0.941,-0.331,0.068,0,0.2,0.98,-0.338,0.922,-0.189],"_shiftlockState":true,"_pose":"FreeFall","_animationQueue":[],"_animationSpeed":1,"_zoom":16.125},{"_mousePosition":[683,384],"_rootPartCFrame":[759.775,227.222,45.385,-0.903,0,0.43,0,1,0,-0.43,0,-0.903],"_humanoidState":5,"_cameraCFrame":[758.991,244.532,41.85,-0.959,-0.277,0.056,0,0.197,0.98,-0.282,0.941,-0.189],"_shiftlockState":true,"_pose":"FreeFall","_animationQueue":[],"_animationSpeed":1,"_zoom":16.125},{"_mousePosition":[683,384],"_rootPartCFrame":[759.535,227.772,45.291,-0.913,0,0.407,0,1,0,-0.407,0,-0.913],"_humanoidState":5,"_cameraCFrame":[758.637,245.088,41.811,-0.967,-0.248,0.049,0,0.195,0.981,-0.253,0.949,-0.188],"_shiftlockState":true,"_pose":"FreeFall","_animationQueue":[],"_animationSpeed":1,"_zoom":16.125},{"_mousePosition":[683,384],"_rootPartCFrame":[759.216,228.382,45.195,-0.912,0,0.41,0,1,0,-0.41,0,-0.912],"_humanoidState":5,"_cameraCFrame":[758.23,245.698,41.738,-0.974,-0.224,0.045,0,0.195,0.981,-0.229,0.955,-0.19],"_shiftlockState":true,"_pose":"FreeFall","_animationQueue":[],"_animationSpeed":1,"_zoom":16.125},{"_mousePosition":[683,384],"_rootPartCFrame":[759.023,228.707,45.143,-0.946,0,0.325,0,1,0,-0.325,0,-0.946],"_humanoidState":5,"_cameraCFrame":[757.924,246.024,41.721,-0.981,-0.193,0.038,0,0.195,0.981,-0.196,0.962,-0.191],"_shiftlockState":true,"_pose":"FreeFall","_animationQueue":[],"_animationSpeed":1,"_zoom":16.125},{"_mousePosition":[683,384],"_rootPartCFrame":[758.764,229.093,45.081,-0.946,0,0.325,0,1,0,-0.325,0,-0.946],"_humanoidState":5,"_cameraCFrame":[757.514,246.416,41.74,-0.988,-0.151,0.03,0,0.193,0.981,-0.154,0.97,-0.19],"_shiftlockState":true,"_pose":"FreeFall","_animationQueue":[],"_animationSpeed":1,"_zoom":16.125},{"_mousePosition":[683,384],"_rootPartCFrame":[758.437,229.499,45.014,-0.949,0,0.316,0,1,0,-0.316,0,-0.949],"_humanoidState":5,"_cameraCFrame":[757.025,246.828,41.768,-0.994,-0.104,0.02,0,0.191,0.982,-0.106,0.976,-0.19],"_shiftlockState":true,"_pose":"FreeFall","_animationQueue":[],"_animationSpeed":1,"_zoom":16.125},{"_mousePosition":[683,384],"_rootPartCFrame":[758.24,229.702,44.982,-0.979,0,0.205,0,1,0,-0.205,0,-0.979],"_humanoidState":5,"_cameraCFrame":[756.669,247.042,41.868,-0.998,-0.057,0.011,0,0.187,0.982,-0.058,0.981,-0.187],"_shiftlockState":true,"_pose":"FreeFall","_animationQueue":[],"_animationSpeed":1,"_zoom":16.125},{"_mousePosition":[683,384],"_rootPartCFrame":[757.909,229.971,44.944,-0.975,0,0.223,0,1,0,-0.223,0,-0.975],"_humanoidState":5,"_cameraCFrame":[756.205,247.323,41.963,-1,-0.015,0.003,0,0.183,0.983,-0.016,0.983,-0.183],"_shiftlockState":true,"_pose":"FreeFall","_animationQueue":[],"_animationSpeed":1,"_zoom":16.125},{"_mousePosition":[683,384],"_rootPartCFrame":[757.643,230.126,44.927,-0.989,0,0.148,0,1,0,-0.148,0,-0.989],"_humanoidState":5,"_cameraCFrame":[755.828,247.489,42.074,-1,0.022,-0.004,0,0.179,0.984,0.022,0.984,-0.179],"_shiftlockState":true,"_pose":"FreeFall","_animationQueue":[],"_animationSpeed":1,"_zoom":16.125},{"_mousePosition":[683,384],"_rootPartCFrame":[757.443,230.206,44.922,-0.997,0,0.077,0,1,0,-0.077,0,-0.997],"_humanoidState":5,"_cameraCFrame":[755.532,247.58,42.197,-0.998,0.057,-0.01,0,0.176,0.984,0.058,0.983,-0.175],"_shiftlockState":true,"_pose":"FreeFall","_animationQueue":[],"_animationSpeed":1,"_zoom":16.125},{"_mousePosition":[683,384],"_rootPartCFrame":[757.109,230.271,44.928,-0.994,0,0.108,0,1,0,-0.108,0,-0.994],"_humanoidState":5,"_cameraCFrame":[755.06,247.651,42.339,-0.994,0.109,-0.019,0,0.174,0.985,0.111,0.979,-0.173],"_shiftlockState":true,"_pose":"FreeFall","_animationQueue":[],"_animationSpeed":1,"_zoom":16.125},{"_mousePosition":[683,384],"_rootPartCFrame":[756.843,230.262,44.942,-1,0,0.022,0,1,0,-0.022,0,-1],"_humanoidState":5,"_cameraCFrame":[754.748,247.642,42.39,-0.992,0.126,-0.022,0,0.174,0.985,0.128,0.977,-0.172],"_shiftlockState":true,"_pose":"FreeFall","_animationQueue":[],"_animationSpeed":1,"_zoom":16.125},{"_mousePosition":[683,384],"_rootPartCFrame":[756.644,230.219,44.962,-1,0,-0.029,0,1,0,0.029,0,-1],"_humanoidState":5,"_cameraCFrame":[754.404,247.599,42.536,-0.983,0.183,-0.032,0,0.174,0.985,0.186,0.968,-0.171],"_shiftlockState":true,"_pose":"FreeFall","_animationQueue":[],"_animationSpeed":1,"_zoom":16.125},{"_mousePosition":[683,384],"_rootPartCFrame":[756.314,230.08,45.004,-1,0,-0.02,0,1,0,0.02,0,-1],"_humanoidState":5,"_cameraCFrame":[753.971,247.46,42.677,-0.974,0.224,-0.04,0,0.174,0.985,0.228,0.959,-0.169],"_shiftlockState":true,"_pose":"FreeFall","_animationQueue":[],"_animationSpeed":1,"_zoom":16.125},{"_mousePosition":[683,384],"_rootPartCFrame":[756.117,229.956,45.039,-0.992,0,-0.13,0,1,0,0.13,0,-0.992],"_humanoidState":5,"_cameraCFrame":[753.66,247.336,42.833,-0.961,0.273,-0.048,0,0.174,0.985,0.277,0.946,-0.167],"_shiftlockState":true,"_pose":"FreeFall","_animationQueue":[],"_animationSpeed":1,"_zoom":16.125},{"_mousePosition":[683,384],"_rootPartCFrame":[755.792,229.68,45.113,-0.994,0,-0.114,0,1,0,0.114,0,-0.994],"_humanoidState":5,"_cameraCFrame":[753.216,247.06,43.047,-0.944,0.325,-0.057,0,0.174,0.985,0.33,0.93,-0.164],"_shiftlockState":true,"_pose":"FreeFall","_animationQueue":[["fall",0.3]],"_animationSpeed":1,"_zoom":16.125},{"_mousePosition":[683,384],"_rootPartCFrame":[755.599,229.474,45.167,-0.972,0,-0.234,0,1,0,0.234,0,-0.972],"_humanoidState":5,"_cameraCFrame":[752.922,246.854,43.234,-0.926,0.372,-0.066,0,0.174,0.985,0.377,0.912,-0.161],"_shiftlockState":true,"_pose":"FreeFall","_animationQueue":[],"_animationSpeed":1,"_zoom":16.125},{"_mousePosition":[683,384],"_rootPartCFrame":[755.284,229.063,45.275,-0.976,0,-0.219,0,1,0,0.219,0,-0.976],"_humanoidState":5,"_cameraCFrame":[752.512,246.443,43.48,-0.906,0.417,-0.074,0,0.174,0.985,0.424,0.892,-0.157],"_shiftlockState":true,"_pose":"FreeFall","_animationQueue":[],"_animationSpeed":1,"_zoom":16.125},{"_mousePosition":[683,384],"_rootPartCFrame":[755.098,228.775,45.348,-0.944,0,-0.331,0,1,0,0.331,0,-0.944],"_humanoidState":5,"_cameraCFrame":[752.252,246.155,43.674,-0.887,0.455,-0.08,0,0.174,0.985,0.462,0.873,-0.154],"_shiftlockState":true,"_pose":"FreeFall","_animationQueue":[],"_animationSpeed":1,"_zoom":16.125},{"_mousePosition":[683,384],"_rootPartCFrame":[754.855,228.343,45.459,-0.94,0,-0.34,0,1,0,0.34,0,-0.94],"_humanoidState":5,"_cameraCFrame":[751.964,245.723,43.865,-0.874,0.479,-0.085,0,0.174,0.985,0.487,0.86,-0.152],"_shiftlockState":true,"_pose":"FreeFall","_animationQueue":[],"_animationSpeed":1,"_zoom":16.125},{"_mousePosition":[683,384],"_rootPartCFrame":[754.618,227.857,45.581,-0.93,0,-0.366,0,1,0,0.366,0,-0.93],"_humanoidState":5,"_cameraCFrame":[751.703,245.237,44.031,-0.866,0.492,-0.087,0,0.174,0.985,0.5,0.853,-0.15],"_shiftlockState":true,"_pose":"FreeFall","_animationQueue":[],"_animationSpeed":1,"_zoom":16.125},{"_mousePosition":[683,384],"_rootPartCFrame":[754.385,227.317,45.71,-0.925,0,-0.38,0,1,0,0.38,0,-0.925],"_humanoidState":5,"_cameraCFrame":[751.469,244.697,44.16,-0.866,0.492,-0.087,0,0.174,0.985,0.5,0.853,-0.15],"_shiftlockState":true,"_pose":"FreeFall","_animationQueue":[],"_animationSpeed":1,"_zoom":16.125},{"_mousePosition":[683,384],"_rootPartCFrame":[754.153,226.722,45.843,-0.925,0,-0.38,0,1,0,0.38,0,-0.925],"_humanoidState":5,"_cameraCFrame":[751.27,244.102,44.234,-0.876,0.475,-0.084,0,0.174,0.985,0.482,0.863,-0.152],"_shiftlockState":true,"_pose":"FreeFall","_animationQueue":[["fall",0.3]],"_animationSpeed":1,"_zoom":16.125},{"_mousePosition":[683,384],"_rootPartCFrame":[753.865,225.902,46.009,-0.944,0,-0.33,0,1,0,0.33,0,-0.944],"_humanoidState":5,"_cameraCFrame":[751.084,243.282,44.228,-0.904,0.422,-0.074,0,0.174,0.985,0.428,0.89,-0.157],"_shiftlockState":true,"_pose":"FreeFall","_animationQueue":[],"_animationSpeed":1,"_zoom":16.125},{"_mousePosition":[683,384],"_rootPartCFrame":[753.634,225.801,46.137,-0.919,0,-0.395,0,1,0,0.395,0,-0.919],"_humanoidState":7,"_cameraCFrame":[751.042,243.181,44.091,-0.941,0.332,-0.059,0,0.174,0.985,0.337,0.927,-0.163],"_shiftlockState":true,"_pose":"FreeFall","_animationQueue":[["walk",0.1],["fall",0.3],["fall",0.3]],"_animationSpeed":1,"_zoom":16.125},{"_mousePosition":[683,384],"_rootPartCFrame":[753.456,225.799,46.224,-0.942,0,-0.335,0,1,0,0.335,0,-0.942],"_humanoidState":7,"_cameraCFrame":[751.174,243.179,43.838,-0.979,0.2,-0.035,0,0.174,0.985,0.203,0.964,-0.17],"_shiftlockState":true,"_pose":"FreeFall","_animationQueue":[],"_animationSpeed":1,"_zoom":16.125},{"_mousePosition":[683,384],"_rootPartCFrame":[753.21,225.799,46.316,-0.98,0,-0.197,0,1,0,0.197,0,-0.98],"_humanoidState":7,"_cameraCFrame":[751.349,243.179,43.589,-0.999,0.04,-0.007,0,0.174,0.985,0.04,0.984,-0.174],"_shiftlockState":true,"_pose":"FreeFall","_animationQueue":[],"_animationSpeed":1,"_zoom":16.125},{"_mousePosition":[683,384],"_rootPartCFrame":[752.89,225.655,46.387,-1,0,-0.028,0,1,0,0.028,0,-1],"_humanoidState":8,"_cameraCFrame":[751.523,243.035,43.381,-0.991,-0.13,0.023,0,0.174,0.985,-0.132,0.976,-0.172],"_shiftlockState":true,"_pose":"Running","_animationQueue":[["walk",0.1],["fall",0.3],["walk",0.1]],"_animationSpeed":1.088,"_zoom":16.125},{"_mousePosition":[683,384],"_rootPartCFrame":[752.628,225.479,46.404,-0.99,0,0.142,0,1,0,-0.142,0,-0.99],"_humanoidState":8,"_cameraCFrame":[751.764,242.859,43.217,-0.957,-0.285,0.05,0,0.174,0.985,-0.29,0.943,-0.166],"_shiftlockState":true,"_pose":"Running","_animationQueue":[["walk",0.1]],"_animationSpeed":1.088,"_zoom":16.125},{"_mousePosition":[683,384],"_rootPartCFrame":[752.302,225.182,46.368,-0.953,0,0.302,0,1,0,-0.302,0,-0.953],"_humanoidState":8,"_cameraCFrame":[751.88,242.563,43.093,-0.909,-0.411,0.072,0,0.174,0.985,-0.417,0.895,-0.158],"_shiftlockState":true,"_pose":"Running","_animationQueue":[],"_animationSpeed":1.088,"_zoom":16.125},{"_mousePosition":[683,384],"_rootPartCFrame":[752.184,224.964,46.35,-0.906,0,0.423,0,1,0,-0.423,0,-0.906],"_humanoidState":8,"_cameraCFrame":[752.037,242.344,43.051,-0.871,-0.484,0.085,0,0.174,0.985,-0.492,0.858,-0.151],"_shiftlockState":true,"_pose":"Running","_animationQueue":[],"_animationSpeed":1.088,"_zoom":16.125},{"_mousePosition":[683,384],"_rootPartCFrame":[752.117,224.531,46.323,-0.869,0,0.494,0,1,0,-0.494,0,-0.869],"_humanoidState":8,"_cameraCFrame":[752.045,241.911,43.022,-0.859,-0.504,0.089,0,0.174,0.985,-0.511,0.846,-0.149],"_shiftlockState":true,"_pose":"Running","_animationQueue":[["walk",0.1]],"_animationSpeed":0.449,"_zoom":16.125},{"_mousePosition":[683,384],"_rootPartCFrame":[752.071,224.123,46.298,-0.859,0,0.512,0,1,0,-0.512,0,-0.859],"_humanoidState":8,"_cameraCFrame":[752.024,241.503,42.996,-0.855,-0.51,0.09,0,0.174,0.985,-0.518,0.842,-0.149],"_shiftlockState":true,"_pose":"Running","_animationQueue":[["walk",0.1]],"_animationSpeed":0.212,"_zoom":16.125},{"_mousePosition":[683,384],"_rootPartCFrame":[751.97,224.245,46.239,-0.855,0,0.518,0,1,0,-0.518,0,-0.855],"_humanoidState":8,"_cameraCFrame":[751.823,241.625,42.94,-0.871,-0.484,0.085,0,0.174,0.985,-0.492,0.858,-0.151],"_shiftlockState":true,"_pose":"Running","_animationQueue":[],"_animationSpeed":0.212,"_zoom":16.125},{"_mousePosition":[683,384],"_rootPartCFrame":[751.751,224.596,46.107,-0.871,0,0.492,0,1,0,-0.492,0,-0.871],"_humanoidState":8,"_cameraCFrame":[751.288,241.976,42.837,-0.914,-0.4,0.07,0,0.174,0.985,-0.406,0.9,-0.159],"_shiftlockState":true,"_pose":"Running","_animationQueue":[["walk",0.1],["walk",0.1]],"_animationSpeed":0.858,"_zoom":16.125},{"_mousePosition":[683,384],"_rootPartCFrame":[751.471,225.666,45.937,-0.914,0,0.406,0,1,0,-0.406,0,-0.914],"_humanoidState":3,"_cameraCFrame":[750.761,243.046,42.712,-0.942,-0.33,0.058,0,0.174,0.985,-0.335,0.928,-0.164],"_shiftlockState":true,"_pose":"Jumping","_animationQueue":[["walk",0.1],["jump",0.1]],"_animationSpeed":1,"_zoom":16.125},{"_mousePosition":[683,384],"_rootPartCFrame":[751.233,226.46,45.819,-0.907,0,0.421,0,1,0,-0.421,0,-0.907],"_humanoidState":5,"_cameraCFrame":[750.265,243.84,42.662,-0.966,-0.254,0.045,0,0.174,0.985,-0.258,0.951,-0.168],"_shiftlockState":true,"_pose":"FreeFall","_animationQueue":[["jump",0.1]],"_animationSpeed":1,"_zoom":16.125},{"_mousePosition":[683,384],"_rootPartCFrame":[750.984,227.201,45.725,-0.925,0,0.38,0,1,0,-0.38,0,-0.925],"_humanoidState":5,"_cameraCFrame":[749.802,244.581,42.642,-0.981,-0.189,0.033,0,0.174,0.985,-0.191,0.967,-0.17],"_shiftlockState":true,"_pose":"FreeFall","_animationQueue":[],"_animationSpeed":1,"_zoom":16.125},{"_mousePosition":[683,384],"_rootPartCFrame":[750.792,227.72,45.669,-0.958,0,0.288,0,1,0,-0.288,0,-0.958],"_humanoidState":5,"_cameraCFrame":[749.456,245.1,42.65,-0.99,-0.139,0.025,0,0.174,0.985,-0.142,0.975,-0.172],"_shiftlockState":true,"_pose":"FreeFall","_animationQueue":[],"_animationSpeed":1,"_zoom":16.125},{"_mousePosition":[683,384],"_rootPartCFrame":[750.531,228.365,45.614,-0.962,0,0.272,0,1,0,-0.272,0,-0.962],"_humanoidState":5,"_cameraCFrame":[749.097,245.745,42.64,-0.994,-0.107,0.019,0,0.174,0.985,-0.109,0.979,-0.173],"_shiftlockState":true,"_pose":"FreeFall","_animationQueue":[],"_animationSpeed":1,"_zoom":16.125},{"_mousePosition":[683,384],"_rootPartCFrame":[750.267,228.955,45.575,-0.971,0,0.24,0,1,0,-0.24,0,-0.971],"_humanoidState":5,"_cameraCFrame":[748.788,246.335,42.623,-0.996,-0.092,0.016,0,0.174,0.985,-0.094,0.98,-0.173],"_shiftlockState":true,"_pose":"FreeFall","_animationQueue":[],"_animationSpeed":1,"_zoom":16.125},{"_mousePosition":[683,384],"_rootPartCFrame":[750.003,229.491,45.544,-0.974,0,0.225,0,1,0,-0.225,0,-0.974],"_humanoidState":5,"_cameraCFrame":[748.523,246.871,42.592,-0.996,-0.092,0.016,0,0.174,0.985,-0.094,0.98,-0.173],"_shiftlockState":true,"_pose":"FreeFall","_animationQueue":[],"_animationSpeed":1,"_zoom":16.125},{"_mousePosition":[683,384],"_rootPartCFrame":[749.737,229.973,45.519,-0.974,0,0.225,0,1,0,-0.225,0,-0.974],"_humanoidState":5,"_cameraCFrame":[748.258,247.353,42.567,-0.996,-0.092,0.016,0,0.174,0.985,-0.094,0.98,-0.173],"_shiftlockState":true,"_pose":"FreeFall","_animationQueue":[],"_animationSpeed":1,"_zoom":16.125},{"_mousePosition":[683,384],"_rootPartCFrame":[749.405,230.498,45.487,-0.966,0,0.258,0,1,0,-0.258,0,-0.966],"_humanoidState":5,"_cameraCFrame":[747.926,247.878,42.535,-0.996,-0.092,0.016,0,0.174,0.985,-0.094,0.98,-0.173],"_shiftlockState":true,"_pose":"FreeFall","_animationQueue":[],"_animationSpeed":1,"_zoom":16.125},{"_mousePosition":[683,384],"_rootPartCFrame":[749.206,230.772,45.469,-0.981,0,0.193,0,1,0,-0.193,0,-0.981],"_humanoidState":5,"_cameraCFrame":[747.704,248.152,42.528,-0.996,-0.085,0.015,0,0.174,0.985,-0.086,0.981,-0.173],"_shiftlockState":true,"_pose":"FreeFall","_animationQueue":[],"_animationSpeed":1,"_zoom":16.125},{"_mousePosition":[683,384],"_rootPartCFrame":[748.875,231.161,45.437,-0.968,0,0.25,0,1,0,-0.25,0,-0.968],"_humanoidState":5,"_cameraCFrame":[747.358,248.541,42.504,-0.997,-0.08,0.014,0,0.174,0.985,-0.081,0.982,-0.173],"_shiftlockState":true,"_pose":"FreeFall","_animationQueue":[],"_animationSpeed":1,"_zoom":16.125},{"_mousePosition":[683,384],"_rootPartCFrame":[748.675,231.353,45.42,-0.984,0,0.18,0,1,0,-0.18,0,-0.984],"_humanoidState":5,"_cameraCFrame":[747.151,248.733,42.491,-0.997,-0.077,0.014,0,0.174,0.985,-0.079,0.982,-0.173],"_shiftlockState":true,"_pose":"FreeFall","_animationQueue":[],"_animationSpeed":1,"_zoom":16.125},{"_mousePosition":[683,384],"_rootPartCFrame":[748.343,231.606,45.392,-0.97,0,0.243,0,1,0,-0.243,0,-0.97],"_humanoidState":5,"_cameraCFrame":[746.804,248.986,42.471,-0.997,-0.073,0.013,0,0.174,0.985,-0.074,0.982,-0.173],"_shiftlockState":true,"_pose":"FreeFall","_animationQueue":[],"_animationSpeed":1,"_zoom":16.125},{"_mousePosition":[683,384],"_rootPartCFrame":[748.144,231.717,45.377,-0.985,0,0.173,0,1,0,-0.173,0,-0.985],"_humanoidState":5,"_cameraCFrame":[746.59,249.097,42.463,-0.998,-0.068,0.012,0,0.174,0.985,-0.069,0.982,-0.173],"_shiftlockState":true,"_pose":"FreeFall","_animationQueue":[],"_animationSpeed":1,"_zoom":16.125},{"_mousePosition":[683,384],"_rootPartCFrame":[747.811,231.833,45.352,-0.972,0,0.233,0,1,0,-0.233,0,-0.972],"_humanoidState":5,"_cameraCFrame":[746.235,249.213,42.45,-0.998,-0.06,0.011,0,0.174,0.985,-0.061,0.983,-0.173],"_shiftlockState":true,"_pose":"FreeFall","_animationQueue":[],"_animationSpeed":1,"_zoom":16.125},{"_mousePosition":[683,384],"_rootPartCFrame":[747.545,231.865,45.333,-0.981,0,0.193,0,1,0,-0.193,0,-0.981],"_humanoidState":5,"_cameraCFrame":[745.933,249.245,42.452,-0.999,-0.048,0.008,0,0.174,0.985,-0.048,0.984,-0.173],"_shiftlockState":true,"_pose":"FreeFall","_animationQueue":[],"_animationSpeed":1,"_zoom":16.125},{"_mousePosition":[683,384],"_rootPartCFrame":[747.279,231.842,45.317,-0.984,0,0.181,0,1,0,-0.181,0,-0.984],"_humanoidState":5,"_cameraCFrame":[745.594,249.222,42.477,-1,-0.023,0.004,0,0.174,0.985,-0.023,0.985,-0.174],"_shiftlockState":true,"_pose":"FreeFall","_animationQueue":[],"_animationSpeed":1,"_zoom":16.125},{"_mousePosition":[683,384],"_rootPartCFrame":[747.013,231.765,45.303,-0.988,0,0.156,0,1,0,-0.156,0,-0.988],"_humanoidState":5,"_cameraCFrame":[745.214,249.145,42.534,-1,0.017,-0.003,0,0.174,0.985,0.017,0.985,-0.174],"_shiftlockState":true,"_pose":"FreeFall","_animationQueue":[],"_animationSpeed":1,"_zoom":16.125},{"_mousePosition":[683,384],"_rootPartCFrame":[746.746,231.633,45.296,-0.993,0,0.116,0,1,0,-0.116,0,-0.993],"_humanoidState":5,"_cameraCFrame":[744.797,249.013,42.631,-0.997,0.072,-0.013,0,0.174,0.985,0.073,0.982,-0.173],"_shiftlockState":true,"_pose":"FreeFall","_animationQueue":[["fall",0.3]],"_animationSpeed":1,"_zoom":16.125},{"_mousePosition":[683,384],"_rootPartCFrame":[746.546,231.498,45.298,-1,0,0.027,0,1,0,-0.027,0,-1],"_humanoidState":5,"_cameraCFrame":[744.413,248.878,42.778,-0.99,0.141,-0.025,0,0.174,0.985,0.143,0.975,-0.172],"_shiftlockState":true,"_pose":"FreeFall","_animationQueue":[],"_animationSpeed":1,"_zoom":16.125},{"_mousePosition":[683,384],"_rootPartCFrame":[746.28,231.271,45.315,-1,0,-0.011,0,1,0,0.011,0,-1],"_humanoidState":5,"_cameraCFrame":[743.962,248.651,42.964,-0.976,0.215,-0.038,0,0.174,0.985,0.218,0.961,-0.169],"_shiftlockState":true,"_pose":"FreeFall","_animationQueue":[],"_animat