[{"_mousePosition":[1129,351],"_rootPartCFrame":[776.023,222.959,47.142,0.003,0.004,1,0,1,-0.004,-1,0,0.003],"_humanoidState":8,"_cameraCFrame":[784.245,233.142,47.489,0.042,-0.725,0.687,0,0.688,0.726,-0.999,-0.031,0.029],"_shiftlockState":false,"_pose":"Standing","_animationQueue":[],"_animationSpeed":1,"_zoom":11.959},{"_mousePosition":[1066,345],"_rootPartCFrame":[775.776,222.837,47.132,0.008,0.001,1,0,1,-0.001,-1,0,0.008],"_humanoidState":8,"_cameraCFrame":[783.993,233.02,47.478,0.042,-0.725,0.687,0,0.688,0.726,-0.999,-0.031,0.029],"_shiftlockState":false,"_pose":"Standing","_animationQueue":[],"_animationSpeed":1,"_zoom":11.959},{"_mousePosition":[1021,341],"_rootPartCFrame":[775.511,222.674,47.12,0.013,0,1,0,1,0,-1,0,0.013],"_humanoidState":8,"_cameraCFrame":[783.727,232.857,47.467,0.042,-0.725,0.687,0,0.688,0.726,-0.999,-0.031,0.029],"_shiftlockState":false,"_pose":"Running","_animationQueue":[["walk",0.1]],"_animationSpeed":1.065,"_zoom":11.959},{"_mousePosition":[994,339],"_rootPartCFrame":[775.244,222.654,47.109,0.017,0,1,0,1,0,-1,0,0.017],"_humanoidState":8,"_cameraCFrame":[783.46,232.836,47.456,0.042,-0.725,0.687,0,0.688,0.726,-0.999,-0.031,0.029],"_shiftlockState":false,"_pose":"Running","_animationQueue":[],"_animationSpeed":1.065,"_zoom":11.959},{"_mousePosition":[949,339],"_rootPartCFrame":[774.978,222.67,47.098,0.02,0,1,0,1,0,-1,0,0.02],"_humanoidState":8,"_cameraCFrame":[783.194,232.852,47.445,0.042,-0.725,0.687,0,0.688,0.726,-0.999,-0.031,0.029],"_shiftlockState":false,"_pose":"Running","_animationQueue":[],"_animationSpeed":1.065,"_zoom":11.959},{"_mousePosition":[921,338],"_rootPartCFrame":[774.711,222.683,47.087,0.023,0,1,0,1,0,-1,0,0.023],"_humanoidState":8,"_cameraCFrame":[782.928,232.866,47.433,0.042,-0.725,0.687,0,0.688,0.726,-0.999,-0.031,0.029],"_shiftlockState":false,"_pose":"Running","_animationQueue":[],"_animationSpeed":1.065,"_zoom":11.959},{"_mousePosition":[873,344],"_rootPartCFrame":[774.445,222.69,47.075,0.026,0,1,0,1,0,-1,0,0.026],"_humanoidState":8,"_cameraCFrame":[782.661,232.873,47.422,0.042,-0.725,0.687,0,0.688,0.726,-0.999,-0.031,0.029],"_shiftlockState":false,"_pose":"Running","_animationQueue":[],"_animationSpeed":1.065,"_zoom":11.959},{"_mousePosition":[853,348],"_rootPartCFrame":[774.178,222.695,47.064,0.028,0,1,0,1,0,-1,0,0.028],"_humanoidState":8,"_cameraCFrame":[782.395,232.877,47.411,0.042,-0.725,0.687,0,0.688,0.726,-0.999,-0.031,0.029],"_shiftlockState":false,"_pose":"Running","_animationQueue":[],"_animationSpeed":1.065,"_zoom":11.959},{"_mousePosition":[816,360],"_rootPartCFrame":[773.912,222.697,47.053,0.03,0,1,0,1,0,-1,0,0.03],"_humanoidState":8,"_cameraCFrame":[782.128,232.88,47.4,0.042,-0.725,0.687,0,0.688,0.726,-0.999,-0.031,0.029],"_shiftlockState":false,"_pose":"Running","_animationQueue":[["walk",0.1]],"_animationSpeed":1.065,"_zoom":11.959},{"_mousePosition":[801,367],"_rootPartCFrame":[773.645,222.698,47.042,0.032,0,0.999,0,1,0,-0.999,0,0.032],"_humanoidState":8,"_cameraCFrame":[781.862,232.881,47.388,0.042,-0.725,0.687,0,0.688,0.726,-0.999,-0.031,0.029],"_shiftlockState":false,"_pose":"Running","_animationQueue":[],"_animationSpeed":1.065,"_zoom":11.959},{"_mousePosition":[784,382],"_rootPartCFrame":[773.379,222.699,47.03,0.033,0,0.999,0,1,0,-0.999,0,0.033],"_humanoidState":8,"_cameraCFrame":[781.595,232.882,47.377,0.042,-0.725,0.687,0,0.688,0.726,-0.999,-0.031,0.029],"_shiftlockState":false,"_pose":"Running","_animationQueue":[],"_animationSpeed":1.065,"_zoom":11.959},{"_mousePosition":[778,391],"_rootPartCFrame":[773.112,222.699,47.019,0.034,0,0.999,0,1,0,-0.999,0,0.034],"_humanoidState":8,"_cameraCFrame":[781.329,232.882,47.366,0.042,-0.725,0.687,0,0.688,0.726,-0.999,-0.031,0.029],"_shiftlockState":false,"_pose":"Running","_animationQueue":[],"_animationSpeed":1.065,"_zoom":11.959},{"_mousePosition":[778,391],"_rootPartCFrame":[772.846,222.699,47.008,0.035,0,0.999,0,1,0,-0.999,0,0.035],"_humanoidState":8,"_cameraCFrame":[780.9,233.033,47.339,0.041,-0.738,0.673,0,0.674,0.739,-0.999,-0.03,0.028],"_shiftlockState":false,"_pose":"Running","_animationQueue":[],"_animationSpeed":1.065,"_zoom":11.959},{"_mousePosition":[778,391],"_rootPartCFrame":[772.58,222.7,46.997,0.036,0,0.999,0,1,0,-0.999,0,0.036],"_humanoidState":8,"_cameraCFrame":[780.454,233.194,47.337,0.043,-0.751,0.658,0,0.659,0.752,-0.999,-0.033,0.028],"_shiftlockState":false,"_pose":"Running","_animationQueue":[],"_animationSpeed":1.065,"_zoom":11.959},{"_mousePosition":[778,391],"_rootPartCFrame":[772.313,222.7,46.986,0.037,0,0.999,0,1,0,-0.999,0,0.037],"_humanoidState":8,"_cameraCFrame":[779.912,233.425,47.386,0.053,-0.77,0.635,0,0.636,0.771,-0.999,-0.041,0.033],"_shiftlockState":false,"_pose":"Running","_animationQueue":[],"_animationSpeed":1.065,"_zoom":11.959},{"_mousePosition":[778,391],"_rootPartCFrame":[772.047,222.7,46.974,0.038,0,0.999,0,1,0,-0.999,0,0.038],"_humanoidState":8,"_cameraCFrame":[779.299,233.695,47.478,0.069,-0.792,0.606,0,0.608,0.794,-0.998,-0.055,0.042],"_shiftlockState":false,"_pose":"Running","_animationQueue":[["walk",0.1]],"_animationSpeed":1.065,"_zoom":11.959},{"_mousePosition":[778,391],"_rootPartCFrame":[771.78,222.7,46.96,0.04,0,0.999,0,1,0,-0.999,0,0.04],"_humanoidState":8,"_cameraCFrame":[778.707,233.93,47.551,0.085,-0.811,0.579,0,0.581,0.814,-0.996,-0.069,0.049],"_shiftlockState":false,"_pose":"Running","_animationQueue":[],"_animationSpeed":1.065,"_zoom":11.959},{"_mousePosition":[778,391],"_rootPartCFrame":[771.514,222.7,46.942,0.043,0,0.999,0,1,0,-0.999,0,0.043],"_humanoidState":8,"_cameraCFrame":[778.056,234.187,47.632,0.105,-0.831,0.547,0,0.55,0.835,-0.994,-0.088,0.058],"_shiftlockState":false,"_pose":"Running","_animationQueue":[],"_animationSpeed":1.065,"_zoom":11.959},{"_mousePosition":[778,391],"_rootPartCFrame":[771.248,222.7,46.92,0.049,0,0.999,0,1,0,-0.999,0,0.049],"_humanoidState":8,"_cameraCFrame":[777.454,234.394,47.686,0.123,-0.846,0.519,0,0.523,0.852,-0.992,-0.104,0.064],"_shiftlockState":false,"_pose":"Running","_animationQueue":[],"_animationSpeed":1.065,"_zoom":11.959},{"_mousePosition":[778,391],"_rootPartCFrame":[770.983,222.7,46.892,0.056,0,0.998,0,1,0,-0.998,0,0.056],"_humanoidState":8,"_cameraCFrame":[776.933,234.542,47.703,0.135,-0.857,0.498,0,0.502,0.865,-0.991,-0.117,0.068],"_shiftlockState":false,"_pose":"Running","_animationQueue":[],"_animationSpeed":1.065,"_zoom":11.959},{"_mousePosition":[778,391],"_rootPartCFrame":[770.719,222.7,46.86,0.065,0,0.998,0,1,0,-0.998,0,0.065],"_humanoidState":8,"_cameraCFrame":[776.464,234.656,47.68,0.141,-0.866,0.48,0,0.485,0.874,-0.99,-0.123,0.069],"_shiftlockState":false,"_pose":"Running","_animationQueue":[],"_animationSpeed":1.065,"_zoom":11.959},{"_mousePosition":[778,391],"_rootPartCFrame":[770.454,222.7,46.824,0.074,0,0.997,0,1,0,-0.997,0,0.074],"_humanoidState":8,"_cameraCFrame":[775.98,234.776,47.618,0.142,-0.875,0.462,0,0.467,0.884,-0.99,-0.126,0.066],"_shiftlockState":false,"_pose":"Running","_animationQueue":[["walk",0.1]],"_animationSpeed":1.065,"_zoom":11.959},{"_mousePosition":[778,391],"_rootPartCFrame":[770.124,223.77,46.779,0.086,0,0.996,0,1,0,-0.996,0,0.086],"_humanoidState":3,"_cameraCFrame":[775.464,235.943,47.547,0.142,-0.883,0.446,0,0.451,0.892,-0.99,-0.127,0.064],"_shiftlockState":false,"_pose":"Jumping","_animationQueue":[["walk",0.1],["jump",0.1]],"_animationSpeed":1,"_zoom":11.959},{"_mousePosition":[778,391],"_rootPartCFrame":[769.926,224.371,46.751,0.092,0,0.996,0,1,0,-0.996,0,0.092],"_humanoidState":5,"_cameraCFrame":[775.052,236.651,47.482,0.141,-0.892,0.429,0,0.433,0.901,-0.99,-0.127,0.061],"_shiftlockState":false,"_pose":"FreeFall","_animationQueue":[["jump",0.1]],"_animationSpeed":1,"_zoom":11.959},{"_mousePosition":[778,391],"_rootPartCFrame":[769.662,225.125,46.713,0.099,0,0.995,0,1,0,-0.995,0,0.099],"_humanoidState":5,"_cameraCFrame":[774.537,237.523,47.414,0.142,-0.902,0.408,0,0.412,0.911,-0.99,-0.13,0.059],"_shiftlockState":false,"_pose":"FreeFall","_animationQueue":[],"_animationSpeed":1,"_zoom":11.959},{"_mousePosition":[778,391],"_rootPartCFrame":[769.398,225.824,46.676,0.105,0,0.994,0,1,0,-0.994,0,0.105],"_humanoidState":5,"_cameraCFrame":[774.024,238.331,47.365,0.147,-0.91,0.387,0,0.391,0.92,-0.989,-0.136,0.058],"_shiftlockState":false,"_pose":"FreeFall","_animationQueue":[],"_animationSpeed":1,"_zoom":11.959},{"_mousePosition":[778,391],"_rootPartCFrame":[769.134,226.469,46.638,0.11,0,0.994,0,1,0,-0.994,0,0.11],"_humanoidState":5,"_cameraCFrame":[773.57,239.053,47.337,0.156,-0.916,0.371,0,0.375,0.927,-0.988,-0.144,0.058],"_shiftlockState":false,"_pose":"FreeFall","_animationQueue":[],"_animationSpeed":1,"_zoom":11.959},{"_mousePosition":[778,391],"_rootPartCFrame":[768.871,227.06,46.599,0.115,0,0.993,0,1,0,-0.993,0,0.115],"_humanoidState":5,"_cameraCFrame":[773.197,239.686,47.299,0.16,-0.918,0.362,0,0.366,0.93,-0.987,-0.149,0.059],"_shiftlockState":false,"_pose":"FreeFall","_animationQueue":[],"_animationSpeed":1,"_zoom":11.959},{"_mousePosition":[778,391],"_rootPartCFrame":[768.607,227.595,46.558,0.121,0,0.993,0,1,0,-0.993,0,0.121],"_humanoidState":5,"_cameraCFrame":[772.889,240.24,47.255,0.161,-0.92,0.358,0,0.363,0.932,-0.987,-0.15,0.058],"_shiftlockState":false,"_pose":"FreeFall","_animationQueue":[],"_animationSpeed":1,"_zoom":11.959},{"_mousePosition":[778,391],"_rootPartCFrame":[768.344,228.077,46.515,0.126,0,0.992,0,1,0,-0.992,0,0.126],"_humanoidState":5,"_cameraCFrame":[772.871,240.735,45.48,0.161,-0.921,0.355,0,0.36,0.933,-0.987,-0.15,0.058],"_shiftlockState":true,"_pose":"FreeFall","_animationQueue":[],"_animationSpeed":1,"_zoom":11.959},{"_mousePosition":[683,384],"_rootPartCFrame":[768.081,228.504,46.472,0.162,0,0.987,0,1,0,-0.987,0,0.162],"_humanoidState":5,"_cameraCFrame":[772.608,241.162,45.437,0.161,-0.921,0.355,0,0.36,0.933,-0.987,-0.15,0.058],"_shiftlockState":true,"_pose":"FreeFall","_animationQueue":[],"_animationSpeed":1,"_zoom":11.959},{"_mousePosition":[683,384],"_rootPartCFrame":[767.818,228.876,46.429,0.161,0,0.987,0,1,0,-0.987,0,0.161],"_humanoidState":5,"_cameraCFrame":[772.21,241.582,45.332,0.152,-0.926,0.345,0,0.349,0.937,-0.988,-0.142,0.053],"_shiftlockState":true,"_pose":"FreeFall","_animationQueue":[],"_animationSpeed":1,"_zoom":11.959},{"_mousePosition":[683,384],"_rootPartCFrame":[767.554,229.194,46.386,0.152,0,0.988,0,1,0,-0.988,0,0.152],"_humanoidState":5,"_cameraCFrame":[771.815,241.943,45.214,0.138,-0.932,0.336,0,0.339,0.941,-0.99,-0.13,0.047],"_shiftlockState":true,"_pose":"FreeFall","_animationQueue":[],"_animationSpeed":1,"_zoom":11.959},{"_mousePosition":[683,384],"_rootPartCFrame":[767.291,229.457,46.346,0.14,0,0.99,0,1,0,-0.99,0,0.14],"_humanoidState":5,"_cameraCFrame":[771.491,242.23,45.173,0.14,-0.933,0.331,0,0.334,0.943,-0.99,-0.132,0.047],"_shiftlockState":true,"_pose":"FreeFall","_animationQueue":[],"_animationSpeed":1,"_zoom":11.959},{"_mousePosition":[683,384],"_rootPartCFrame":[767.027,229.666,46.308,0.141,0,0.99,0,1,0,-0.99,0,0.141],"_humanoidState":5,"_cameraCFrame":[771.201,242.451,45.165,0.148,-0.933,0.327,0,0.331,0.944,-0.989,-0.14,0.049],"_shiftlockState":true,"_pose":"FreeFall","_animationQueue":[],"_animationSpeed":1,"_zoom":11.959},{"_mousePosition":[683,384],"_rootPartCFrame":[766.763,229.821,46.271,0.148,0,0.989,0,1,0,-0.989,0,0.148],"_humanoidState":5,"_cameraCFrame":[770.937,242.606,45.128,0.148,-0.933,0.327,0,0.331,0.944,-0.989,-0.14,0.049],"_shiftlockState":true,"_pose":"FreeFall","_animationQueue":[],"_animationSpeed":1,"_zoom":11.959},{"_mousePosition":[683,384],"_rootPartCFrame":[766.499,229.921,46.232,0.148,0,0.989,0,1,0,-0.989,0,0.148],"_humanoidState":5,"_cameraCFrame":[770.673,242.706,45.089,0.148,-0.933,0.327,0,0.331,0.944,-0.989,-0.14,0.049],"_shiftlockState":true,"_pose":"FreeFall","_animationQueue":[],"_animationSpeed":1,"_zoom":11.959},{"_mousePosition":[683,384],"_rootPartCFrame":[766.235,229.966,46.192,0.148,0,0.989,0,1,0,-0.989,0,0.148],"_humanoidState":5,"_cameraCFrame":[770.409,242.751,45.049,0.148,-0.933,0.327,0,0.331,0.944,-0.989,-0.14,0.049],"_shiftlockState":true,"_pose":"FreeFall","_animationQueue":[],"_animationSpeed":1,"_zoom":11.959},{"_mousePosition":[683,384],"_rootPartCFrame":[765.972,229.957,46.153,0.148,0,0.989,0,1,0,-0.989,0,0.148],"_humanoidState":5,"_cameraCFrame":[770.146,242.742,45.01,0.148,-0.933,0.327,0,0.331,0.944,-0.989,-0.14,0.049],"_shiftlockState":true,"_pose":"FreeFall","_animationQueue":[],"_animationSpeed":1,"_zoom":11.959},{"_mousePosition":[683,384],"_rootPartCFrame":[765.708,229.893,46.113,0.148,0,0.989,0,1,0,-0.989,0,0.148],"_humanoidState":5,"_cameraCFrame":[769.882,242.678,44.97,0.148,-0.933,0.327,0,0.331,0.944,-0.989,-0.14,0.049],"_shiftlockState":true,"_pose":"FreeFall","_animationQueue":[],"_animationSpeed":1,"_zoom":11.959},{"_mousePosition":[683,384],"_rootPartCFrame":[765.444,229.775,46.073,0.148,0,0.989,0,1,0,-0.989,0,0.148],"_humanoidState":5,"_cameraCFrame":[769.618,242.56,44.93,0.148,-0.933,0.327,0,0.331,0.944,-0.989,-0.14,0.049],"_shiftlockState":true,"_pose":"FreeFall","_animationQueue":[],"_animationSpeed":1,"_zoom":11.959},{"_mousePosition":[683,384],"_rootPartCFrame":[765.181,229.603,46.034,0.148,0,0.989,0,1,0,-0.989,0,0.148],"_humanoidState":5,"_cameraCFrame":[769.355,242.388,44.891,0.148,-0.933,0.327,0,0.331,0.944,-0.989,-0.14,0.049],"_shiftlockState":true,"_pose":"FreeFall","_animationQueue":[["fall",0.3]],"_animationSpeed":1,"_zoom":11.959},{"_mousePosition":[683,384],"_rootPartCFrame":[764.917,229.375,45.994,0.148,0,0.989,0,1,0,-0.989,0,0.148],"_humanoidState":5,"_cameraCFrame":[769.091,242.16,44.851,0.148,-0.933,0.327,0,0.331,0.944,-0.989,-0.14,0.049],"_shiftlockState":true,"_pose":"FreeFall","_animationQueue":[],"_animationSpeed":1,"_zoom":11.959},{"_mousePosition":[683,384],"_rootPartCFrame":[764.653,229.094,45.955,0.148,0,0.989,0,1,0,-0.989,0,0.148],"_humanoidState":5,"_cameraCFrame":[768.827,241.879,44.812,0.148,-0.933,0.327,0,0.331,0.944,-0.989,-0.14,0.049],"_shiftlockState":true,"_pose":"FreeFall","_animationQueue":[],"_animationSpeed":1,"_zoom":11.959},{"_mousePosition":[683,384],"_rootPartCFrame":[764.39,228.758,45.915,0.148,0,0.989,0,1,0,-0.989,0,0.148],"_humanoidState":5,"_cameraCFrame":[768.623,241.52,44.768,0.145,-0.932,0.333,0,0.336,0.942,-0.989,-0.137,0.049],"_shiftlockState":true,"_pose":"FreeFall","_animationQueue":[],"_animationSpeed":1,"_zoom":11.959},{"_mousePosition":[683,384],"_rootPartCFrame":[764.06,228.261,45.866,0.146,0,0.989,0,1,0,-0.989,0,0.146],"_humanoidState":5,"_cameraCFrame":[768.393,240.984,44.703,0.138,-0.929,0.342,0,0.345,0.938,-0.99,-0.13,0.048],"_shiftlockState":true,"_pose":"FreeFall","_animationQueue":[],"_animationSpeed":1,"_zoom":11.959},{"_mousePosition":[683,384],"_rootPartCFrame":[763.862,227.922,45.836,0.139,0,0.99,0,1,0,-0.99,0,0.139],"_humanoidState":5,"_cameraCFrame":[768.207,240.638,44.653,0.133,-0.93,0.344,0,0.347,0.938,-0.991,-0.125,0.046],"_shiftlockState":true,"_pose":"FreeFall","_animationQueue":[],"_animationSpeed":1,"_zoom":11.959},{"_mousePosition":[683,384],"_rootPartCFrame":[763.598,227.422,45.799,0.134,0,0.991,0,1,0,-0.991,0,0.134],"_humanoidState":5,"_cameraCFrame":[767.944,240.139,44.621,0.134,-0.929,0.344,0,0.347,0.938,-0.991,-0.126,0.046],"_shiftlockState":true,"_pose":"FreeFall","_animationQueue":[["fall",0.3]],"_animationSpeed":1,"_zoom":11.959},{"_mousePosition":[683,384],"_rootPartCFrame":[763.334,226.868,45.764,0.134,0,0.991,0,1,0,-0.991,0,0.134],"_humanoidState":5,"_cameraCFrame":[767.651,239.595,44.577,0.133,-0.93,0.342,0,0.345,0.939,-0.991,-0.125,0.046],"_shiftlockState":true,"_pose":"FreeFall","_animationQueue":[],"_animationSpeed":1,"_zoom":11.959},{"_mousePosition":[683,384],"_rootPartCFrame":[763.07,226.26,45.728,0.133,0,0.991,0,1,0,-0.991,0,0.133],"_humanoidState":5,"_cameraCFrame":[767.278,239.022,44.493,0.125,-0.934,0.334,0,0.336,0.942,-0.992,-0.117,0.042],"_shiftlockState":true,"_pose":"FreeFall","_animationQueue":[],"_animationSpeed":1,"_zoom":11.959},{"_mousePosition":[683,384],"_rootPartCFrame":[762.805,225.597,45.692,0.125,0,0.992,0,1,0,-0.992,0,0.125],"_humanoidState":5,"_cameraCFrame":[766.896,238.394,44.385,0.11,-0.939,0.326,0,0.328,0.945,-0.994,-0.104,0.036],"_shiftlockState":true,"_pose":"FreeFall","_animationQueue":[],"_animationSpeed":1,"_zoom":11.959},{"_mousePosition":[683,384],"_rootPartCFrame":[762.541,224.879,45.659,0.112,0,0.994,0,1,0,-0.994,0,0.112],"_humanoidState":5,"_cameraCFrame":[766.512,237.708,44.258,0.089,-0.944,0.319,0,0.32,0.947,-0.996,-0.084,0.029],"_shiftlockState":true,"_pose":"FreeFall","_animationQueue":[],"_animationSpeed":1,"_zoom":11.959},{"_mousePosition":[683,384],"_rootPartCFrame":[762.276,224.107,45.629,0.092,0,0.996,0,1,0,-0.996,0,0.092],"_humanoidState":5,"_cameraCFrame":[766.131,236.963,44.131,0.066,-0.948,0.313,0,0.313,0.95,-0.998,-0.063,0.021],"_shiftlockState":true,"_pose":"FreeFall","_animationQueue":[],"_animationSpeed":1,"_zoom":11.959},{"_mousePosition":[683,384],"_rootPartCFrame":[762.059,223.99,45.609,0.067,0,0.998,0,1,0,-0.998,0,0.067],"_humanoidState":7,"_cameraCFrame":[765.801,236.871,44.008,0.04,-0.951,0.307,0,0.307,0.952,-0.999,-0.038,0.012],"_shiftlockState":true,"_pose":"FreeFall","_animationQueue":[["walk",0.1],["fall",0.3],["fall",0.3]],"_animationSpeed":1,"_zoom":11.959},{"_mousePosition":[683,384],"_rootPartCFrame":[761.851,223.988,45.594,0.04,0,0.999,0,1,0,-0.999,0,0.04],"_humanoidState":7,"_cameraCFrame":[765.498,236.889,43.921,0.021,-0.953,0.302,0,0.302,0.953,-1,-0.02,0.006],"_shiftlockState":true,"_pose":"FreeFall","_animationQueue":[["fall",0.3]],"_animationSpeed":1,"_zoom":11.959},{"_mousePosition":[683,384],"_rootPartCFrame":[761.591,223.988,45.583,0.021,0,1,0,1,0,-1,0,0.021],"_humanoidState":8,"_cameraCFrame":[765.173,236.903,43.868,0.01,-0.955,0.298,0,0.298,0.955,-1,-0.009,0.003],"_shiftlockState":true,"_pose":"Running","_animationQueue":[["walk",0.1],["fall",0.3],["walk",0.1]],"_animationSpeed":0.862,"_zoom":11.959},{"_mousePosition":[683,384],"_rootPartCFrame":[761.383,223.988,45.578,0.01,0,1,0,1,0,-1,0,0.01],"_humanoidState":8,"_cameraCFrame":[764.937,236.909,43.844,0.004,-0.955,0.297,0,0.297,0.955,-1,-0.004,0.001],"_shiftlockState":true,"_pose":"Running","_animationQueue":[],"_animationSpeed":0.862,"_zoom":11.959},{"_mousePosition":[683,384],"_rootPartCFrame":[761.175,223.988,45.576,0.004,0,1,0,1,0,-1,0,0.004],"_humanoidState":8,"_cameraCFrame":[764.705,236.915,43.831,0.001,-0.956,0.295,0,0.295,0.956,-1,-0.001,0],"_shiftlockState":true,"_pose":"Running","_animationQueue":[],"_animationSpeed":0.862,"_zoom":11.959},{"_mousePosition":[683,384],"_rootPartCFrame":[760.966,223.988,45.575,0.001,0,1,0,1,0,-1,0,0.001],"_humanoidState":8,"_cameraCFrame":[764.48,236.918,43.815,-0.003,-0.956,0.294,0,0.294,0.956,-1,0.003,-0.001],"_shiftlockState":true,"_pose":"Running","_animationQueue":[],"_animationSpeed":0.862,"_zoom":11.959},{"_mousePosition":[683,384],"_rootPartCFrame":[760.758,223.988,45.574,-0.003,0,1,0,1,0,-1,0,-0.003],"_humanoidState":8,"_cameraCFrame":[764.24,236.923,43.789,-0.01,-0.956,0.293,0,0.293,0.956,-1,0.01,-0.003],"_shiftlockState":true,"_pose":"Running","_animationQueue":[],"_animationSpeed":0.862,"_zoom":11.959},{"_mousePosition":[683,384],"_rootPartCFrame":[760.55,224.006,45.575,-0.01,0,1,0,1,0,-1,0,-0.01],"_humanoidState":8,"_cameraCFrame":[763.991,236.944,43.728,-0.028,-0.956,0.292,0,0.292,0.956,-1,0.027,-0.008],"_shiftlockState":true,"_pose":"Running","_animationQueue":[],"_animationSpeed":0.862,"_zoom":11.959},{"_mousePosition":[683,384],"_rootPartCFrame":[760.342,224.077,45.577,-0.028,0,1,0,1,0,-1,0,-0.028],"_humanoidState":8,"_cameraCFrame":[763.702,237.026,43.653,-0.051,-0.956,0.288,0,0.289,0.957,-0.999,0.049,-0.015],"_shiftlockState":true,"_pose":"Running","_animationQueue":[["walk",0.1]],"_animationSpeed":0.862,"_zoom":11.959},{"_mousePosition":[683,384],"_rootPartCFrame":[760.133,224.188,45.582,-0.051,0,0.999,0,1,0,-0.999,0,-0.051],"_humanoidState":8,"_cameraCFrame":[763.383,237.152,43.554,-0.083,-0.955,0.284,0,0.285,0.959,-0.997,0.08,-0.024],"_shiftlockState":true,"_pose":"Running","_animationQueue":[],"_animationSpeed":0.862,"_zoom":11.959},{"_mousePosition":[683,384],"_rootPartCFrame":[759.925,224.325,45.592,-0.083,0,0.997,0,1,0,-0.997,0,-0.083],"_humanoidState":8,"_cameraCFrame":[762.996,237.313,43.427,-0.129,-0.953,0.276,0,0.278,0.961,-0.992,0.124,-0.036],"_shiftlockState":true,"_pose":"Running","_animationQueue":[],"_animationSpeed":0.862,"_zoom":11.959},{"_mousePosition":[683,384],"_rootPartCFrame":[759.718,224.475,45.608,-0.129,0,0.992,0,1,0,-0.992,0,-0.129],"_humanoidState":8,"_cameraCFrame":[762.505,237.502,43.276,-0.193,-0.946,0.261,0,0.266,0.964,-0.981,0.186,-0.051],"_shiftlockState":true,"_pose":"Running","_animationQueue":[],"_animationSpeed":0.862,"_zoom":11.959},{"_mousePosition":[683,384],"_rootPartCFrame":[759.51,224.632,45.634,-0.193,0,0.981,0,1,0,-0.981,0,-0.193],"_humanoidState":8,"_cameraCFrame":[761.987,237.697,43.143,-0.264,-0.933,0.246,0,0.255,0.967,-0.965,0.255,-0.067],"_shiftlockState":true,"_pose":"Running","_animationQueue":[],"_animationSpeed":0.862,"_zoom":11.959},{"_mousePosition":[683,384],"_rootPartCFrame":[759.304,224.794,45.672,-0.264,0,0.965,0,1,0,-0.965,0,-0.264],"_humanoidState":8,"_cameraCFrame":[761.325,237.904,42.988,-0.369,-0.902,0.223,0,0.24,0.971,-0.93,0.358,-0.088],"_shiftlockState":true,"_pose":"Running","_animationQueue":[],"_animationSpeed":0.862,"_zoom":11.959},{"_mousePosition":[683,384],"_rootPartCFrame":[759.11,224.956,45.606,-0.374,0,0.928,0,1,0,-0.928,0,-0.374],"_humanoidState":8,"_cameraCFrame":[760.75,238.091,42.774,-0.463,-0.862,0.205,0,0.231,0.973,-0.886,0.45,-0.107],"_shiftlockState":true,"_pose":"Running","_animationQueue":[["walk",0.1]],"_animationSpeed":0.862,"_zoom":11.959},{"_mousePosition":[683,384],"_rootPartCFrame":[758.913,225.117,45.518,-0.465,0,0.885,0,1,0,-0.885,0,-0.465],"_humanoidState":8,"_cameraCFrame":[760.081,238.274,42.546,-0.578,-0.795,0.182,0,0.223,0.975,-0.816,0.564,-0.129],"_shiftlockState":true,"_pose":"Running","_animationQueue":[],"_animationSpeed":0.862,"_zoom":11.959},{"_mousePosition":[683,384],"_rootPartCFrame":[758.757,225.356,45.273,-0.576,0.01,0.818,0.001,1,-0.011,-0.818,-0.005,-0.576],"_humanoidState":8,"_cameraCFrame":[759.549,238.521,42.2,-0.671,-0.723,0.163,0,0.22,0.975,-0.741,0.655,-0.148],"_shiftlockState":true,"_pose":"Running","_animationQueue":[],"_animationSpeed":0.862,"_zoom":11.959},{"_mousePosition":[683,384],"_rootPartCFrame":[758.68,225.507,45.1,-0.674,0.004,0.738,0,1,-0.005,-0.738,-0.004,-0.674],"_humanoidState":8,"_cameraCFrame":[759.045,238.676,41.968,-0.762,-0.632,0.142,0,0.219,0.976,-0.647,0.744,-0.167],"_shiftlockState":true,"_pose":"Running","_animationQueue":[["walk",0.1]],"_animationSpeed":1.03,"_zoom":11.959},{"_mousePosition":[683,384],"_rootPartCFrame":[758.549,225.665,44.895,-0.767,0.001,0.642,0,1,-0.001,-0.642,-0.001,-0.767],"_humanoidState":8,"_cameraCFrame":[758.514,238.835,41.747,-0.837,-0.533,0.12,0,0.219,0.976,-0.547,0.817,-0.183],"_shiftlockState":true,"_pose":"Running","_animationQueue":[],"_animationSpeed":1.03,"_zoom":11.959},{"_mousePosition":[683,384],"_rootPartCFrame":[758.385,225.788,44.734,-0.842,0,0.54,0,1,0,-0.54,0,-0.842],"_humanoidState":8,"_cameraCFrame":[757.978,238.955,41.607,-0.897,-0.432,0.097,0,0.219,0.976,-0.443,0.875,-0.197],"_shiftlockState":true,"_pose":"Running","_animationQueue":[["walk",0.1]],"_animationSpeed":0.972,"_zoom":11.959},{"_mousePosition":[683,384],"_rootPartCFrame":[758.201,225.918,44.609,-0.9,0,0.436,0,1,0,-0.436,0,-0.9],"_humanoidState":8,"_cameraCFrame":[757.534,239.086,41.527,-0.93,-0.358,0.08,0,0.219,0.976,-0.366,0.908,-0.204],"_shiftlockState":true,"_pose":"Running","_animationQueue":[],"_animationSpeed":0.972,"_zoom":11.959},{"_mousePosition":[683,384],"_rootPartCFrame":[758.008,226.015,44.509,-0.931,0,0.364,0,1,0,-0.364,0,-0.931],"_humanoidState":8,"_cameraCFrame":[757.162,239.187,41.487,-0.95,-0.306,0.068,0,0.218,0.976,-0.313,0.927,-0.207],"_shiftlockState":true,"_pose":"Running","_animationQueue":[["walk",0.1],["walk",0.1]],"_animationSpeed":0.917,"_zoom":11.959},{"_mousePosition":[683,384],"_rootPartCFrame":[757.814,226.159,44.413,-0.95,0,0.313,0,1,0,-0.313,0,-0.95],"_humanoidState":8,"_cameraCFrame":[756.821,239.335,41.452,-0.963,-0.262,0.058,0,0.216,0.976,-0.268,0.941,-0.208],"_shiftlockState":true,"_pose":"Running","_animationQueue":[],"_animationSpeed":0.917,"_zoom":11.959},{"_mousePosition":[683,384],"_rootPartCFrame":[757.619,226.314,44.317,-0.963,0,0.268,0,1,0,-0.268,0,-0.963],"_humanoidState":8,"_cameraCFrame":[756.466,239.495,41.432,-0.976,-0.211,0.046,0,0.215,0.977,-0.216,0.954,-0.21],"_shiftlockState":true,"_pose":"Running","_animationQueue":[],"_animationSpeed":0.917,"_zoom":11.959},{"_mousePosition":[683,384],"_rootPartCFrame":[757.376,227.398,44.197,-0.976,0,0.216,0,1,0,-0.216,0,-0.976],"_humanoidState":3,"_cameraCFrame":[756.121,240.578,41.355,-0.983,-0.177,0.039,0,0.215,0.977,-0.182,0.96,-0.211],"_shiftlockState":true,"_pose":"Jumping","_animationQueue":[["walk",0.1],["jump",0.1]],"_animationSpeed":1,"_zoom":11.959},{"_mousePosition":[683,384],"_rootPartCFrame":[757.218,228.01,44.133,-0.97,0,0.243,0,1,0,-0.243,0,-0.97],"_humanoidState":5,"_cameraCFrame":[755.819,241.19,41.358,-0.991,-0.128,0.028,0,0.215,0.977,-0.131,0.968,-0.213],"_shiftlockState":true,"_pose":"FreeFall","_animationQueue":[["jump",0.1]],"_animationSpeed":1,"_zoom":11.959},{"_mousePosition":[683,384],"_rootPartCFrame":[756.978,228.777,44.067,-0.967,0,0.253,0,1,0,-0.253,0,-0.967],"_humanoidState":5,"_cameraCFrame":[755.445,241.955,41.355,-0.997,-0.08,0.018,0,0.215,0.977,-0.082,0.973,-0.215],"_shiftlockState":true,"_pose":"FreeFall","_animationQueue":[],"_animationSpeed":1,"_zoom":11.959},{"_mousePosition":[683,384],"_rootPartCFrame":[756.717,229.49,44.027,-0.977,0,0.213,0,1,0,-0.213,0,-0.977],"_humanoidState":5,"_cameraCFrame":[755.063,242.668,41.387,-0.999,-0.036,0.008,0,0.215,0.977,-0.037,0.976,-0.215],"_shiftlockState":true,"_pose":"FreeFall","_animationQueue":[],"_animationSpeed":1,"_zoom":11.959},{"_mousePosition":[683,384],"_rootPartCFrame":[756.451,230.149,44.003,-0.986,0,0.169,0,1,0,-0.169,0,-0.986],"_humanoidState":5,"_cameraCFrame":[754.643,243.327,41.466,-1,0.022,-0.005,0,0.215,0.977,0.023,0.976,-0.215],"_shiftlockState":true,"_pose":"FreeFall","_animationQueue":[],"_animationSpeed":1,"_zoom":11.959},{"_mousePosition":[683,384],"_rootPartCFrame":[756.185,230.753,43.991,-0.994,0,0.11,0,1,0,-0.11,0,-0.994],"_humanoidState":5,"_cameraCFrame":[754.234,243.931,41.563,-0.997,0.078,-0.017,0,0.215,0.977,0.08,0.973,-0.215],"_shiftlockState":true,"_pose":"FreeFall","_animationQueue":[],"_animationSpeed":1,"_zoom":11.959},{"_mousePosition":[683,384],"_rootPartCFrame":[755.918,231.302,43.995,-0.999,0,0.053,0,1,0,-0.053,0,-0.999],"_humanoidState":5,"_cameraCFrame":[753.858,244.48,41.659,-0.992,0.123,-0.027,0,0.215,0.977,0.126,0.969,-0.214],"_shiftlockState":true,"_pose":"FreeFall","_animationQueue":[],"_animationSpeed":1,"_zoom":11.959},{"_mousePosition":[683,384],"_rootPartCFrame":[755.653,231.797,44.014,-1,0,0.007,0,1,0,-0.007,0,-1],"_humanoidState":5,"_cameraCFrame":[753.485,244.971,41.755,-0.985,0.167,-0.037,0,0.217,0.976,0.171,0.962,-0.214],"_shiftlockState":true,"_pose":"FreeFall","_animationQueue":[],"_animationSpeed":1,"_zoom":11.959},{"_mousePosition":[683,384],"_rootPartCFrame":[755.388,232.238,44.046,-0.999,0,-0.038,0,1,0,0.038,0,-0.999],"_humanoidState":5,"_cameraCFrame":[753.126,245.407,41.858,-0.978,0.206,-0.046,0,0.219,0.976,0.211,0.954,-0.214],"_shiftlockState":true,"_pose":"FreeFall","_animationQueue":[],"_animationSpeed":1,"_zoom":11.959},{"_mousePosition":[683,384],"_rootPartCFrame":[755.125,232.624,44.089,-0.997,0,-0.079,0,1,0,0.079,0,-0.997],"_humanoidState":5,"_cameraCFrame":[752.748,245.783,41.968,-0.966,0.251,-0.057,0,0.223,0.975,0.258,0.942,-0.215],"_shiftlockState":true,"_pose":"FreeFall","_animationQueue":[],"_animationSpeed":1,"_zoom":11.959},{"_mousePosition":[683,384],"_rootPartCFrame":[754.799,233.03,44.158,-0.996,0,-0.094,0,1,0,0.094,0,-0.996],"_humanoidState":5,"_cameraCFrame":[752.32,246.18,42.107,-0.954,0.292,-0.068,0,0.226,0.974,0.3,0.929,-0.215],"_shiftlockState":true,"_pose":"FreeFall","_animationQueue":[],"_animationSpeed":1,"_zoom":11.959},{"_mousePosition":[683,384],"_rootPartCFrame":[754.54,233.293,44.225,-0.985,0,-0.17,0,1,0,0.17,0,-0.985],"_humanoidState":5,"_cameraCFrame":[751.937,246.428,42.242,-0.937,0.339,-0.081,0,0.231,0.973,0.348,0.912,-0.217],"_shiftlockState":true,"_pose":"FreeFall","_animationQueue":[],"_animationSpeed":1,"_zoom":11.959},{"_mousePosition":[683,384],"_rootPartCFrame":[754.349,233.455,44.283,-0.967,0,-0.253,0,1,0,0.253,0,-0.967],"_humanoidState":5,"_cameraCFrame":[751.621,246.579,42.405,-0.917,0.389,-0.094,0,0.235,0.972,0.4,0.891,-0.216],"_shiftlockState":true,"_pose":"FreeFall","_animationQueue":[],"_animationSpeed":1,"_zoom":11.959},{"_mousePosition":[683,384],"_rootPartCFrame":[754.099,233.623,44.374,-0.962,0,-0.274,0,1,0,0.274,0,-0.962],"_humanoidState":5,"_cameraCFrame":[751.242,246.737,42.635,-0.89,0.442,-0.109,0,0.238,0.971,0.456,0.865,-0.212],"_shiftlockState":true,"_pose":"FreeFall","_animationQueue":[],"_animationSpeed":1,"_zoom":11.959},{"_mousePosition":[683,384],"_rootPartCFrame":[753.879,233.736,44.284,-0.944,0,-0.329,0,1,0,0.329,0,-0.944],"_humanoidState":5,"_cameraCFrame":[750.892,246.844,42.728,-0.856,0.503,-0.125,0,0.241,0.971,0.518,0.83,-0.206],"_shiftlockState":true,"_pose":"FreeFall","_animationQueue":[],"_animationSpeed":1,"_zoom":11.959},{"_mousePosition":[683,384],"_rootPartCFrame":[753.655,233.795,44.21,-0.918,0,-0.398,0,1,0,0.398,0,-0.918],"_humanoidState":5,"_cameraCFrame":[750.54,246.894,42.846,-0.815,0.562,-0.141,0,0.244,0.97,0.579,0.791,-0.199],"_shiftlockState":true,"_pose":"FreeFall","_animationQueue":[],"_animationSpeed":1,"_zoom":11.959},{"_mousePosition":[683,384],"_rootPartCFrame":[753.378,233.793,44.154,-0.901,0,-0.435,0,1,0,0.435,0,-0.901],"_humanoidState":5,"_cameraCFrame":[750.129,246.874,42.975,-0.77,0.618,-0.159,0,0.249,0.968,0.638,0.746,-0.192],"_shiftlockState":true,"_pose":"FreeFall","_animationQueue":[],"_animationSpeed":1,"_zoom":11.959},{"_mousePosition":[683,384],"_rootPartCFrame":[753.208,233.75,44.168,-0.83,0,-0.558,0,1,0,0.558,0,-0.83],"_humanoidState":5,"_cameraCFrame":[749.763,246.8,43.265,-0.696,0.693,-0.186,0,0.259,0.966,0.718,0.672,-0.181],"_shiftlockState":true,"_pose":"FreeFall","_animationQueue":[["fall",0.3]],"_animationSpeed":1,"_zoom":11.959},{"_mousePosition":[683,384],"_rootPartCFrame":[752.986,233.645,44.22,-0.785,0,-0.619,0,1,0,0.619,0,-0.785],"_humanoidState":5,"_cameraCFrame":[749.356,246.66,43.648,-0.607,0.765,-0.215,0,0.27,0.963,0.794,0.585,-0.164],"_shiftlockState":true,"_pose":"FreeFall","_animationQueue":[],"_animationSpeed":1,"_zoom":11.959},{"_mousePosition":[683,384],"_rootPartCFrame":[752.773,233.486,44.311,-0.708,0,-0.707,0,1,0,0.707,0,-0.708],"_humanoidState":5,"_cameraCFrame":[748.944,246.45,44.19,-0.485,0.838,-0.249,0,0.285,0.959,0.875,0.465,-0.138],"_shiftlockState":true,"_pose":"FreeFall","_animationQueue":[],"_animationSpeed":1,"_zoom":11.959},{"_mousePosition":[683,384],"_rootPartCFrame":[752.526,233.211,44.477,-0.623,0,-0.782,0,1,0,0.782,0,-0.623],"_humanoidState":5,"_cameraCFrame":[748.551,246.121,44.784,-0.368,0.887,-0.279,0,0.3,0.954,0.93,0.351,-0.11],"_shiftlockState":true,"_pose":"FreeFall","_animationQueue":[],"_animationSpeed":1,"_zoom":11.959},{"_mousePosition":[683,384],"_rootPartCFrame":[752.393,233.005,44.603,-0.459,0,-0.888,0,1,0,0.888,0,-0.459],"_humanoidState":5,"_cameraCFrame":[749.683,241.48,45.771,-0.226,0.922,-0.314,0,0.323,0.947,0.974,0.214,-0.073],"_shiftlockState":true,"_pose":"FreeFall","_animationQueue":[],"_animationSpeed":1,"_zoom":11.959},{"_mousePosition":[683,384],"_rootPartCFrame":[752.152,232.593,44.796,-0.384,0,-0.923,0,1,0,0.923,0,-0.384],"_humanoidState":5,"_cameraCFrame":[749.736,240.27,46.259,-0.124,0.934,-0.335,0,0.338,0.941,0.992,0.116,-0.042],"_shiftlockState":true,"_pose":"FreeFall","_animationQueue":[],"_animationSpeed":1,"_zoom":11.959},{"_mousePosition":[683,384],"_rootPartCFrame":[751.985,232.306,44.902,-0.222,0,-0.975,0,1,0,0.975,0,-0.222],"_humanoidState":5,"_cameraCFrame":[750.075,238.7,46.586,-0.035,0.935,-0.353,0,0.354,0.935,0.999,0.033,-0.012],"_shiftlockState":true,"_pose":"FreeFall","_animationQueue":[["fall",0.3]],"_animationSpeed":1,"_zoom":11.959},{"_mousePosition":[683,384],"_rootPartCFrame":[751.801,232.247,45.041,-0.067,0,-0.998,0,1,0,0.998,0,-0.067],"_humanoidState":7,"_cameraCFrame":[749.899,238.684,46.853,0.032,0.929,-0.369,0,0.369,0.93,0.999,-0.03,0.012],"_shiftlockState":true,"_pose":"FreeFall","_animationQueue":[["walk",0.1],["fall",0.3],["fall",0.3]],"_animationSpeed":1,"_zoom":11.959},{"_mousePosition":[683,384],"_rootPartCFrame":[751.631,232.246,45.195,0.031,0,-1,0,1,0,1,0,0.031],"_humanoidState":7,"_cameraCFrame":[749.674,238.859,47.088,0.071,0.924,-0.377,0,0.378,0.926,0.997,-0.066,0.027],"_shiftlockState":true,"_pose":"FreeFall","_animationQueue":[],"_animationSpeed":1,"_zoom":11.959},{"_mousePosition":[683,384],"_rootPartCFrame":[751.43,232.246,45.407,0.071,0,-0.997,0,1,0,0.997,0,0.071],"_humanoidState":8,"_cameraCFrame":[749.377,239.094,47.341,0.087,0.921,-0.381,0,0.382,0.924,0.996,-0.08,0.033],"_shiftlockState":true,"_pose":"Running","_animationQueue":[["walk",0.1],["fall",0.3],["walk",0.1]],"_animationSpeed":0.952,"_zoom":11.959},{"_mousePosition":[683,384],"_rootPartCFrame":[751.274,232.246,45.584,0.087,0,-0.996,0,1,0,0.996,0,0.087],"_humanoidState":8,"_cameraCFrame":[749.148,239.277,47.527,0.088,0.921,-0.381,0,0.382,0.924,0.996,-0.081,0.033],"_shiftlockState":true,"_pose":"Running","_animationQueue":[],"_animationSpeed":0.952,"_zoom":11.959},{"_mousePosition":[683,384],"_rootPartCFrame":[751.121,232.246,45.765,0.088,0,-0.996,0,1,0,0.996,0,0.088],"_humanoidState":8,"_cameraCFrame":[748.921,239.459,47.715,0.088,0.921,-0.381,0,0.382,0.924,0.996,-0.081,0.033],"_shiftlockState":true,"_pose":"Running","_animationQueue":[],"_animationSpeed":0.952,"_zoom":11.959},{"_mousePosition":[683,384],"_rootPartCFrame":[750.969,232.246,45.947,0.088,0,-0.996,0,1,0,0.996,0,0.088],"_humanoidState":8,"_cameraCFrame":[748.693,239.641,47.903,0.088,0.921,-0.381,0,0.382,0.924,0.996,-0.081,0.033],"_shiftlockState":true,"_pose":"Running","_animationQueue":[],"_animationSpeed":0.952,"_zoom":11.959},{"_mousePosition":[683,384],"_rootPartCFrame":[750.817,232.246,46.128,0.088,0,-0.996,0,1,0,0.996,0,0.088],"_humanoidState":8,"_cameraCFrame":[748.466,239.823,48.092,0.088,0.921,-0.381,0,0.382,0.924,0.996,-0.081,0.033],"_shiftlockState":true,"_pose":"Running","_animationQueue":[["walk",0.1]],"_animationSpeed":0.952,"_zoom":11.959},{"_mousePosition":[683,384],"_rootPartCFrame":[750.627,232.246,46.2,0.088,0,-0.996,0,1,0,0.996,0,0.088],"_humanoidState":8,"_cameraCFrame":[748.286,239.966,48.207,0.105,0.921,-0.376,0,0.378,0.926,0.994,-0.097,0.04],"_shiftlockState":true,"_pose":"Running","_animationQueue":[],"_animationSpeed":0.952,"_zoom":11.959},{"_mousePosition":[683,384],"_rootPartCFrame":[750.368,232.246,46.224,0.105,0,-0.994,0,1,0,0.994,0,0.105],"_humanoidState":8,"_cameraCFrame":[747.987,240.205,48.262,0.115,0.921,-0.371,0,0.373,0.928,0.993,-0.107,0.043],"_shiftlockState":true,"_pose":"Running","_animationQueue":[],"_animationSpeed":0.952,"_zoom":11.959},{"_mousePosition":[683,384],"_rootPartCFrame":[750.16,232.281,46.245,0.115,0,-0.993,0,1,0,0.993,0,0.115],"_humanoidState":8,"_cameraCFrame":[747.656,240.64,48.312,0.121,0.922,-0.368,0,0.37,0.929,0.993,-0.112,0.045],"_shiftlockState":true,"_pose":"Running","_animationQueue":[],"_animationSpeed":0.952,"_zoom":11.959},{"_mousePosition":[683,384],"_rootPartCFrame":[749.953,232.367,46.269,0.121,0,-0.993,0,1,0,0.993,0,0.121],"_humanoidState":8,"_cameraCFrame":[747.175,241.504,48.379,0.124,0.923,-0.365,0,0.367,0.93,0.992,-0.115,0.045],"_shiftlockState":true,"_pose":"Running","_animationQueue":[["walk",0.1]],"_animationSpeed":0.952,"_zoom":11.959},{"_mousePosition":[683,384],"_rootPartCFrame":[749.694,232.519,46.3,0.124,0,-0.992,0,1,0,0.992,0,0.124],"_humanoidState":8,"_cameraCFrame":[746.635,242.419,48.449,0.125,0.923,-0.363,0,0.366,0.931,0.992,-0.116,0.046],"_shiftlockState":true,"_pose":"Running","_animationQueue":[],"_animationSpeed":0.952,"_zoom":11.959},{"_mousePosition":[683,384],"_rootPartCFrame":[749.538,232.627,46.319,0.125,0,-0.992,0,1,0,0.992,0,0.125],"_humanoidState":8,"_cameraCFrame":[746.236,243.2,48.502,0.126,0.924,-0.362,0,0.364,0.931,0.992,-0.117,0.046],"_shiftlockState":true,"_pose":"Running","_animationQueue":[],"_animationSpeed":0.952,"_zoom":11.959},{"_mousePosition":[683,384],"_rootPartCFrame":[749.331,232.782,46.345,0.126,0,-0.992,0,1,0,0.992,0,0.126],"_humanoidState":8,"_cameraCFrame":[745.823,243.934,48.558,0.127,0.924,-0.36,0,0.363,0.932,0.992,-0.118,0.046],"_shiftlockState":true,"_pose":"Running","_animationQueue":[],"_animationSpeed":0.952,"_zoom":11.959},{"_mousePosition":[683,384],"_rootPartCFrame":[749.124,232.94,46.372,0.127,0,-0.992,0,1,0,0.992,0,0.127],"_humanoidState":8,"_cameraCFrame":[745.46,244.533,48.613,0.129,0.924,-0.359,0,0.362,0.932,0.992,-0.12,0.047],"_shiftlockState":true,"_pose":"Running","_animationQueue":[],"_animationSpeed":0.952,"_zoom":11.959},{"_mousePosition":[683,384],"_rootPartCFrame":[748.916,233.102,46.398,0.129,0,-0.992,0,1,0,0.992,0,0.129],"_humanoidState":8,"_cameraCFrame":[745.157,245.025,48.656,0.13,0.925,-0.357,0,0.36,0.933,0.992,-0.121,0.047],"_shiftlockState":true,"_pose":"Running","_animationQueue":[],"_animationSpeed":0.952,"_zoom":11.959},{"_mousePosition":[683,384],"_rootPartCFrame":[748.709,233.266,46.425,0.13,0,-0.992,0,1,0,0.992,0,0.13],"_humanoidState":8,"_cameraCFrame":[744.899,245.417,48.703,0.133,0.926,-0.355,0,0.358,0.934,0.991,-0.124,0.048],"_shiftlockState":true,"_pose":"Running","_animationQueue":[["walk",0.1]],"_animationSpeed":0.952,"_zoom":11.959},{"_mousePosition":[683,384],"_rootPartCFrame":[748.502,233.382,46.452,0.133,0,-0.991,0,1,0,0.991,0,0.133],"_humanoidState":8,"_cameraCFrame":[744.702,245.721,48.75,0.138,0.927,-0.349,0,0.352,0.936,0.99,-0.129,0.049],"_shiftlockState":true,"_pose":"Running","_animationQueue":[],"_animationSpeed":0.952,"_zoom":11.959},{"_mousePosition":[683,384],"_rootPartCFrame":[748.295,233.501,46.48,0.138,0,-0.99,0,1,0,0.99,0,0.138],"_humanoidState":8,"_cameraCFrame":[744.545,245.978,48.792,0.143,0.929,-0.342,0,0.346,0.938,0.99,-0.135,0.05],"_shiftlockState":true,"_pose":"Running","_animationQueue":[],"_animationSpeed":0.952,"_zoom":11.959},{"_mousePosition":[683,384],"_rootPartCFrame":[748.088,233.59,46.509,0.143,0,-0.99,0,1,0,0.99,0,0.143],"_humanoidState":8,"_cameraCFrame":[744.439,246.193,48.819,0.147,0.932,-0.331,0,0.335,0.942,0.989,-0.138,0.049],"_shiftlockState":true,"_pose":"Running","_animationQueue":[],"_animationSpeed":0.952,"_zoom":11.959},{"_mousePosition":[683,384],"_rootPartCFrame":[747.881,233.693,46.539,0.147,0,-0.989,0,1,0,0.989,0,0.147],"_humanoidState":8,"_cameraCFrame":[744.333,246.395,48.825,0.145,0.936,-0.321,0,0.324,0.946,0.989,-0.137,0.047],"_shiftlockState":true,"_pose":"Running","_animationQueue":[],"_animationSpeed":0.952,"_zoom":11.959},{"_mousePosition":[683,384],"_rootPartCFrame":[747.674,233.832,46.569,0.145,0,-0.989,0,1,0,0.989,0,0.145],"_humanoidState":8,"_cameraCFrame":[744.187,246.603,48.803,0.133,0.94,-0.313,0,0.316,0.949,0.991,-0.126,0.042],"_shiftlockState":true,"_pose":"Running","_animationQueue":[],"_animationSpeed":0.952,"_zoom":11.959},{"_mousePosition":[683,384],"_rootPartCFrame":[747.467,234.783,46.6,0.133,0,-0.991,0,1,0,0.991,0,0.133],"_humanoidState":3,"_cameraCFrame":[744.023,247.608,48.777,0.12,0.944,-0.307,0,0.309,0.951,0.993,-0.114,0.037],"_shiftlockState":true,"_pose":"Jumping","_animationQueue":[["walk",0.1],["walk",0.1],["jump",0.1]],"_animationSpeed":1,"_zoom":11.959},{"_mousePosition":[683,384],"_rootPartCFrame":[747.236,235.68,46.632,0.028,0,-1,0,1,0,1,0,0.028],"_humanoidState":5,"_cameraCFrame":[743.8