[{"_mousePosition":[1125,361],"_rootPartCFrame":[776.033,222.981,47.142,-0.001,-0.006,1,0,1,0.006,-1,0,-0.001],"_humanoidState":8,"_cameraCFrame":[783.104,231.012,47.296,0.022,-0.678,0.735,0,0.735,0.678,-1,-0.015,0.016],"_shiftlockState":false,"_pose":"Standing","_animationQueue":[],"_animationSpeed":1,"_zoom":9.633},{"_mousePosition":[1103,365],"_rootPartCFrame":[775.916,222.915,47.139,0.001,-0.003,1,0,1,0.003,-1,0,0.001],"_humanoidState":8,"_cameraCFrame":[782.992,230.946,47.294,0.022,-0.678,0.735,0,0.735,0.678,-1,-0.015,0.016],"_shiftlockState":false,"_pose":"Standing","_animationQueue":[],"_animationSpeed":1,"_zoom":9.633},{"_mousePosition":[1085,368],"_rootPartCFrame":[775.654,222.771,47.134,0.003,0,1,0,1,0,-1,0,0.003],"_humanoidState":8,"_cameraCFrame":[782.734,230.802,47.288,0.022,-0.678,0.735,0,0.735,0.678,-1,-0.015,0.016],"_shiftlockState":false,"_pose":"Running","_animationQueue":[["walk",0.1]],"_animationSpeed":0.83,"_zoom":9.633},{"_mousePosition":[1050,374],"_rootPartCFrame":[775.387,222.655,47.128,0.006,0,1,0,1,0,-1,0,0.006],"_humanoidState":8,"_cameraCFrame":[782.468,230.686,47.282,0.022,-0.678,0.735,0,0.735,0.678,-1,-0.015,0.016],"_shiftlockState":false,"_pose":"Running","_animationQueue":[["walk",0.1]],"_animationSpeed":1.1,"_zoom":9.633},{"_mousePosition":[1032,377],"_rootPartCFrame":[775.121,222.663,47.122,0.008,0,1,0,1,0,-1,0,0.008],"_humanoidState":8,"_cameraCFrame":[782.201,230.693,47.276,0.022,-0.678,0.735,0,0.735,0.678,-1,-0.015,0.016],"_shiftlockState":false,"_pose":"Running","_animationQueue":[],"_animationSpeed":1.1,"_zoom":9.633},{"_mousePosition":[992,384],"_rootPartCFrame":[774.854,222.678,47.116,0.01,0,1,0,1,0,-1,0,0.01],"_humanoidState":8,"_cameraCFrame":[781.934,230.708,47.27,0.022,-0.678,0.735,0,0.735,0.678,-1,-0.015,0.016],"_shiftlockState":false,"_pose":"Running","_animationQueue":[],"_animationSpeed":1.1,"_zoom":9.633},{"_mousePosition":[974,387],"_rootPartCFrame":[774.588,222.688,47.111,0.012,0,1,0,1,0,-1,0,0.012],"_humanoidState":8,"_cameraCFrame":[781.667,230.718,47.265,0.022,-0.678,0.735,0,0.735,0.678,-1,-0.015,0.016],"_shiftlockState":false,"_pose":"Running","_animationQueue":[["walk",0.1]],"_animationSpeed":1.1,"_zoom":9.633},{"_mousePosition":[933,394],"_rootPartCFrame":[774.321,222.693,47.105,0.013,0,1,0,1,0,-1,0,0.013],"_humanoidState":8,"_cameraCFrame":[781.401,230.724,47.259,0.022,-0.678,0.735,0,0.735,0.678,-1,-0.015,0.016],"_shiftlockState":false,"_pose":"Running","_animationQueue":[],"_animationSpeed":1.1,"_zoom":9.633},{"_mousePosition":[916,396],"_rootPartCFrame":[774.054,222.696,47.099,0.014,0,1,0,1,0,-1,0,0.014],"_humanoidState":8,"_cameraCFrame":[781.134,230.727,47.253,0.022,-0.678,0.735,0,0.735,0.678,-1,-0.015,0.016],"_shiftlockState":false,"_pose":"Running","_animationQueue":[],"_animationSpeed":1.1,"_zoom":9.633},{"_mousePosition":[874,401],"_rootPartCFrame":[773.788,222.698,47.093,0.015,0,1,0,1,0,-1,0,0.015],"_humanoidState":8,"_cameraCFrame":[780.867,230.728,47.247,0.022,-0.678,0.735,0,0.735,0.678,-1,-0.015,0.016],"_shiftlockState":false,"_pose":"Running","_animationQueue":[],"_animationSpeed":1.1,"_zoom":9.633},{"_mousePosition":[856,403],"_rootPartCFrame":[773.521,222.699,47.087,0.016,0,1,0,1,0,-1,0,0.016],"_humanoidState":8,"_cameraCFrame":[780.601,230.729,47.241,0.022,-0.678,0.735,0,0.735,0.678,-1,-0.015,0.016],"_shiftlockState":false,"_pose":"Running","_animationQueue":[],"_animationSpeed":1.1,"_zoom":9.633},{"_mousePosition":[817,409],"_rootPartCFrame":[773.255,222.699,47.081,0.017,0,1,0,1,0,-1,0,0.017],"_humanoidState":8,"_cameraCFrame":[780.334,230.73,47.236,0.022,-0.678,0.735,0,0.735,0.678,-1,-0.015,0.016],"_shiftlockState":false,"_pose":"Running","_animationQueue":[],"_animationSpeed":1.1,"_zoom":9.633},{"_mousePosition":[804,413],"_rootPartCFrame":[772.988,222.699,47.076,0.017,0,1,0,1,0,-1,0,0.017],"_humanoidState":8,"_cameraCFrame":[780.068,230.73,47.23,0.022,-0.678,0.735,0,0.735,0.678,-1,-0.015,0.016],"_shiftlockState":false,"_pose":"Running","_animationQueue":[],"_animationSpeed":1.1,"_zoom":9.633},{"_mousePosition":[782,420],"_rootPartCFrame":[772.721,222.7,47.07,0.018,0,1,0,1,0,-1,0,0.018],"_humanoidState":8,"_cameraCFrame":[779.801,230.73,47.224,0.022,-0.678,0.735,0,0.735,0.678,-1,-0.015,0.016],"_shiftlockState":false,"_pose":"Running","_animationQueue":[["walk",0.1]],"_animationSpeed":1.1,"_zoom":9.633},{"_mousePosition":[770,426],"_rootPartCFrame":[772.455,222.7,47.064,0.019,0,1,0,1,0,-1,0,0.019],"_humanoidState":8,"_cameraCFrame":[779.534,230.73,47.218,0.022,-0.678,0.735,0,0.735,0.678,-1,-0.015,0.016],"_shiftlockState":false,"_pose":"Running","_animationQueue":[],"_animationSpeed":1.1,"_zoom":9.633},{"_mousePosition":[764,430],"_rootPartCFrame":[772.188,222.7,47.058,0.019,0,1,0,1,0,-1,0,0.019],"_humanoidState":8,"_cameraCFrame":[779.268,230.73,47.212,0.022,-0.678,0.735,0,0.735,0.678,-1,-0.015,0.016],"_shiftlockState":false,"_pose":"Running","_animationQueue":[],"_animationSpeed":1.1,"_zoom":9.633},{"_mousePosition":[758,437],"_rootPartCFrame":[771.922,222.7,47.052,0.019,0,1,0,1,0,-1,0,0.019],"_humanoidState":8,"_cameraCFrame":[779.001,230.73,47.207,0.022,-0.678,0.735,0,0.735,0.678,-1,-0.015,0.016],"_shiftlockState":false,"_pose":"Running","_animationQueue":[],"_animationSpeed":1.1,"_zoom":9.633},{"_mousePosition":[753,442],"_rootPartCFrame":[771.655,222.7,47.047,0.02,0,1,0,1,0,-1,0,0.02],"_humanoidState":8,"_cameraCFrame":[778.735,230.73,47.201,0.022,-0.678,0.735,0,0.735,0.678,-1,-0.015,0.016],"_shiftlockState":false,"_pose":"Running","_animationQueue":[],"_animationSpeed":1.1,"_zoom":9.633},{"_mousePosition":[751,447],"_rootPartCFrame":[771.388,223.563,47.041,0.02,0,1,0,1,0,-1,0,0.02],"_humanoidState":3,"_cameraCFrame":[778.468,231.593,47.195,0.022,-0.678,0.735,0,0.735,0.678,-1,-0.015,0.016],"_shiftlockState":false,"_pose":"Jumping","_animationQueue":[["walk",0.1],["jump",0.1]],"_animationSpeed":1,"_zoom":9.633},{"_mousePosition":[751,447],"_rootPartCFrame":[771.122,224.371,47.035,0.02,0,1,0,1,0,-1,0,0.02],"_humanoidState":5,"_cameraCFrame":[778.138,232.47,47.158,0.018,-0.685,0.728,0,0.729,0.685,-1,-0.012,0.013],"_shiftlockState":false,"_pose":"FreeFall","_animationQueue":[["jump",0.1]],"_animationSpeed":1,"_zoom":9.633},{"_mousePosition":[751,447],"_rootPartCFrame":[770.855,225.125,47.029,0.02,0,1,0,1,0,-1,0,0.02],"_humanoidState":5,"_cameraCFrame":[777.808,233.291,47.13,0.014,-0.692,0.722,0,0.722,0.692,-1,-0.01,0.01],"_shiftlockState":false,"_pose":"FreeFall","_animationQueue":[],"_animationSpeed":1,"_zoom":9.633},{"_mousePosition":[751,447],"_rootPartCFrame":[770.655,225.654,47.026,0.02,0,1,0,1,0,-1,0,0.02],"_humanoidState":5,"_cameraCFrame":[777.495,233.938,47.074,0.007,-0.704,0.71,0,0.71,0.704,-1,-0.005,0.005],"_shiftlockState":false,"_pose":"FreeFall","_animationQueue":[],"_animationSpeed":1,"_zoom":9.633},{"_mousePosition":[751,447],"_rootPartCFrame":[770.322,226.469,47.021,0.02,0,1,0,1,0,-1,0,0.02],"_humanoidState":5,"_cameraCFrame":[777.018,234.894,47.026,0.001,-0.719,0.695,0,0.695,0.719,-1,-0.001,0.001],"_shiftlockState":false,"_pose":"FreeFall","_animationQueue":[],"_animationSpeed":1,"_zoom":9.633},{"_mousePosition":[751,447],"_rootPartCFrame":[770.055,227.06,47.018,0.018,0,1,0,1,0,-1,0,0.018],"_humanoidState":5,"_cameraCFrame":[776.599,235.629,46.983,-0.005,-0.734,0.679,0,0.679,0.734,-1,0.004,-0.004],"_shiftlockState":false,"_pose":"FreeFall","_animationQueue":[],"_animationSpeed":1,"_zoom":9.633},{"_mousePosition":[751,447],"_rootPartCFrame":[769.789,227.595,47.018,0.016,0,1,0,1,0,-1,0,0.016],"_humanoidState":5,"_cameraCFrame":[776.159,236.321,46.963,-0.009,-0.75,0.661,0,0.661,0.75,-1,0.006,-0.006],"_shiftlockState":false,"_pose":"FreeFall","_animationQueue":[],"_animationSpeed":1,"_zoom":9.633},{"_mousePosition":[751,447],"_rootPartCFrame":[769.522,228.077,47.019,0.013,0,1,0,1,0,-1,0,0.013],"_humanoidState":5,"_cameraCFrame":[775.728,236.944,46.953,-0.011,-0.765,0.644,0,0.644,0.765,-1,0.008,-0.007],"_shiftlockState":false,"_pose":"FreeFall","_animationQueue":[],"_animationSpeed":1,"_zoom":9.633},{"_mousePosition":[751,447],"_rootPartCFrame":[769.256,228.504,47.021,0.011,0,1,0,1,0,-1,0,0.011],"_humanoidState":5,"_cameraCFrame":[775.354,237.46,46.956,-0.011,-0.774,0.633,0,0.633,0.774,-1,0.008,-0.007],"_shiftlockState":false,"_pose":"FreeFall","_animationQueue":[],"_animationSpeed":1,"_zoom":9.633},{"_mousePosition":[751,447],"_rootPartCFrame":[768.989,228.876,47.024,0.008,0,1,0,1,0,-1,0,0.008],"_humanoidState":5,"_cameraCFrame":[775.021,237.887,46.953,-0.012,-0.78,0.626,0,0.626,0.78,-1,0.009,-0.007],"_shiftlockState":false,"_pose":"FreeFall","_animationQueue":[],"_animationSpeed":1,"_zoom":9.633},{"_mousePosition":[751,447],"_rootPartCFrame":[768.722,229.194,47.027,0.005,0,1,0,1,0,-1,0,0.005],"_humanoidState":5,"_cameraCFrame":[774.687,238.258,46.951,-0.013,-0.785,0.619,0,0.619,0.785,-1,0.01,-0.008],"_shiftlockState":false,"_pose":"FreeFall","_animationQueue":[],"_animationSpeed":1,"_zoom":9.633},{"_mousePosition":[751,447],"_rootPartCFrame":[768.456,229.457,47.03,0.003,0,1,0,1,0,-1,0,0.003],"_humanoidState":5,"_cameraCFrame":[774.365,238.564,46.954,-0.013,-0.79,0.613,0,0.614,0.79,-1,0.01,-0.008],"_shiftlockState":false,"_pose":"FreeFall","_animationQueue":[],"_animationSpeed":1,"_zoom":9.633},{"_mousePosition":[751,447],"_rootPartCFrame":[768.189,229.666,47.033,0.001,0,1,0,1,0,-1,0,0.001],"_humanoidState":5,"_cameraCFrame":[774.037,238.821,46.959,-0.013,-0.795,0.607,0,0.607,0.795,-1,0.01,-0.008],"_shiftlockState":false,"_pose":"FreeFall","_animationQueue":[],"_animationSpeed":1,"_zoom":9.633},{"_mousePosition":[751,447],"_rootPartCFrame":[767.923,229.821,47.037,-0.001,0,1,0,1,0,-1,0,-0.001],"_humanoidState":5,"_cameraCFrame":[773.84,239.213,45.211,-0.013,-0.799,0.601,0,0.601,0.799,-1,0.01,-0.008],"_shiftlockState":true,"_pose":"FreeFall","_animationQueue":[],"_animationSpeed":1,"_zoom":12.541},{"_mousePosition":[683,384],"_rootPartCFrame":[767.656,229.921,47.04,-0.013,0,1,0,1,0,-1,0,-0.013],"_humanoidState":5,"_cameraCFrame":[773.845,239.674,45.211,-0.013,-0.799,0.601,0,0.601,0.799,-1,0.01,-0.008],"_shiftlockState":true,"_pose":"FreeFall","_animationQueue":[],"_animationSpeed":1,"_zoom":12.541},{"_mousePosition":[683,384],"_rootPartCFrame":[767.389,229.966,47.044,-0.013,0,1,0,1,0,-1,0,-0.013],"_humanoidState":5,"_cameraCFrame":[773.836,240.158,45.225,-0.011,-0.802,0.597,0,0.597,0.802,-1,0.009,-0.006],"_shiftlockState":true,"_pose":"FreeFall","_animationQueue":[],"_animationSpeed":1,"_zoom":12.541},{"_mousePosition":[683,384],"_rootPartCFrame":[767.123,229.957,47.047,-0.011,0,1,0,1,0,-1,0,-0.011],"_humanoidState":5,"_cameraCFrame":[773.793,240.536,45.24,-0.009,-0.805,0.593,0,0.593,0.805,-1,0.007,-0.005],"_shiftlockState":true,"_pose":"FreeFall","_animationQueue":[["fall",0.3]],"_animationSpeed":1,"_zoom":12.541},{"_mousePosition":[683,384],"_rootPartCFrame":[766.856,229.893,47.05,-0.009,0,1,0,1,0,-1,0,-0.009],"_humanoidState":5,"_cameraCFrame":[773.693,240.77,45.263,-0.005,-0.808,0.59,0,0.59,0.808,-1,0.004,-0.003],"_shiftlockState":true,"_pose":"FreeFall","_animationQueue":[],"_animationSpeed":1,"_zoom":12.541},{"_mousePosition":[683,384],"_rootPartCFrame":[766.59,229.775,47.052,-0.006,0,1,0,1,0,-1,0,-0.006],"_humanoidState":5,"_cameraCFrame":[773.546,240.911,45.315,0.002,-0.811,0.585,0,0.585,0.811,-1,-0.002,0.001],"_shiftlockState":true,"_pose":"FreeFall","_animationQueue":[],"_animationSpeed":1,"_zoom":12.541},{"_mousePosition":[683,384],"_rootPartCFrame":[766.323,229.603,47.054,0.001,0,1,0,1,0,-1,0,0.001],"_humanoidState":5,"_cameraCFrame":[773.334,240.963,45.42,0.017,-0.816,0.578,0,0.578,0.816,-1,-0.013,0.01],"_shiftlockState":true,"_pose":"FreeFall","_animationQueue":[],"_animationSpeed":1,"_zoom":12.541},{"_mousePosition":[683,384],"_rootPartCFrame":[766.056,229.375,47.054,0.015,0,1,0,1,0,-1,0,0.015],"_humanoidState":5,"_cameraCFrame":[773.078,240.927,45.566,0.037,-0.822,0.569,0,0.569,0.822,-0.999,-0.031,0.021],"_shiftlockState":true,"_pose":"FreeFall","_animationQueue":[],"_animationSpeed":1,"_zoom":12.541},{"_mousePosition":[683,384],"_rootPartCFrame":[765.79,229.094,47.05,0.035,0,0.999,0,1,0,-0.999,0,0.035],"_humanoidState":5,"_cameraCFrame":[772.798,240.791,45.714,0.059,-0.826,0.56,0,0.561,0.828,-0.998,-0.049,0.033],"_shiftlockState":true,"_pose":"FreeFall","_animationQueue":[],"_animationSpeed":1,"_zoom":12.541},{"_mousePosition":[683,384],"_rootPartCFrame":[765.523,228.758,47.041,0.057,0,0.998,0,1,0,-0.998,0,0.057],"_humanoidState":5,"_cameraCFrame":[772.517,240.564,45.813,0.075,-0.829,0.554,0,0.555,0.832,-0.997,-0.062,0.042],"_shiftlockState":true,"_pose":"FreeFall","_animationQueue":[["fall",0.3]],"_animationSpeed":1,"_zoom":12.541},{"_mousePosition":[683,384],"_rootPartCFrame":[765.257,228.367,47.026,0.073,0,0.997,0,1,0,-0.997,0,0.073],"_humanoidState":5,"_cameraCFrame":[772.232,240.253,45.868,0.086,-0.832,0.549,0,0.551,0.835,-0.996,-0.071,0.047],"_shiftlockState":true,"_pose":"FreeFall","_animationQueue":[],"_animationSpeed":1,"_zoom":12.541},{"_mousePosition":[683,384],"_rootPartCFrame":[764.991,227.922,47.006,0.084,0,0.996,0,1,0,-0.996,0,0.084],"_humanoidState":5,"_cameraCFrame":[771.932,239.873,45.889,0.092,-0.834,0.544,0,0.546,0.838,-0.996,-0.077,0.05],"_shiftlockState":true,"_pose":"FreeFall","_animationQueue":[],"_animationSpeed":1,"_zoom":12.541},{"_mousePosition":[683,384],"_rootPartCFrame":[764.725,227.422,46.984,0.091,0,0.996,0,1,0,-0.996,0,0.091],"_humanoidState":5,"_cameraCFrame":[771.611,239.442,45.911,0.099,-0.838,0.537,0,0.54,0.842,-0.995,-0.083,0.053],"_shiftlockState":true,"_pose":"FreeFall","_animationQueue":[],"_animationSpeed":1,"_zoom":12.541},{"_mousePosition":[683,384],"_rootPartCFrame":[764.46,226.868,46.96,0.098,0,0.995,0,1,0,-0.995,0,0.098],"_humanoidState":5,"_cameraCFrame":[771.259,238.965,45.927,0.106,-0.842,0.529,0,0.532,0.847,-0.994,-0.09,0.057],"_shiftlockState":true,"_pose":"FreeFall","_animationQueue":[],"_animationSpeed":1,"_zoom":12.541},{"_mousePosition":[683,384],"_rootPartCFrame":[764.194,226.26,46.934,0.105,0,0.994,0,1,0,-0.994,0,0.105],"_humanoidState":5,"_cameraCFrame":[770.866,238.455,45.963,0.118,-0.848,0.516,0,0.52,0.854,-0.993,-0.101,0.061],"_shiftlockState":true,"_pose":"FreeFall","_animationQueue":[],"_animationSpeed":1,"_zoom":12.541},{"_mousePosition":[683,384],"_rootPartCFrame":[763.929,225.597,46.906,0.116,0,0.993,0,1,0,-0.993,0,0.116],"_humanoidState":5,"_cameraCFrame":[770.437,237.907,46.002,0.131,-0.855,0.501,0,0.505,0.863,-0.991,-0.113,0.066],"_shiftlockState":true,"_pose":"FreeFall","_animationQueue":[],"_animationSpeed":1,"_zoom":12.541},{"_mousePosition":[683,384],"_rootPartCFrame":[763.664,224.879,46.875,0.13,0,0.992,0,1,0,-0.992,0,0.13],"_humanoidState":5,"_cameraCFrame":[769.986,237.309,46.031,0.145,-0.863,0.484,0,0.489,0.872,-0.989,-0.126,0.071],"_shiftlockState":true,"_pose":"FreeFall","_animationQueue":[["fall",0.3]],"_animationSpeed":1,"_zoom":12.541},{"_mousePosition":[683,384],"_rootPartCFrame":[763.4,224.107,46.84,0.143,0,0.99,0,1,0,-0.99,0,0.143],"_humanoidState":5,"_cameraCFrame":[769.557,236.636,46.042,0.156,-0.869,0.469,0,0.475,0.88,-0.988,-0.137,0.074],"_shiftlockState":true,"_pose":"FreeFall","_animationQueue":[],"_animationSpeed":1,"_zoom":12.541},{"_mousePosition":[683,384],"_rootPartCFrame":[763.136,223.28,46.802,0.155,0,0.988,0,1,0,-0.988,0,0.155],"_humanoidState":5,"_cameraCFrame":[769.119,235.911,46.05,0.169,-0.875,0.454,0,0.46,0.888,-0.986,-0.15,0.078],"_shiftlockState":true,"_pose":"FreeFall","_animationQueue":[],"_animationSpeed":1,"_zoom":12.541},{"_mousePosition":[683,384],"_rootPartCFrame":[762.872,222.508,46.761,0.168,0,0.986,0,1,0,-0.986,0,0.168],"_humanoidState":7,"_cameraCFrame":[768.687,235.232,46.046,0.18,-0.88,0.439,0,0.446,0.895,-0.984,-0.161,0.08],"_shiftlockState":true,"_pose":"FreeFall","_animationQueue":[["walk",0.1],["fall",0.3],["fall",0.3]],"_animationSpeed":1,"_zoom":12.541},{"_mousePosition":[683,384],"_rootPartCFrame":[762.609,222.46,46.716,0.18,0,0.984,0,1,0,-0.984,0,0.18],"_humanoidState":7,"_cameraCFrame":[768.271,235.264,46.031,0.19,-0.885,0.425,0,0.433,0.901,-0.982,-0.171,0.082],"_shiftlockState":true,"_pose":"FreeFall","_animationQueue":[],"_animationSpeed":1,"_zoom":12.541},{"_mousePosition":[683,384],"_rootPartCFrame":[762.281,222.57,46.657,0.19,0,0.982,0,1,0,-0.982,0,0.19],"_humanoidState":8,"_cameraCFrame":[767.848,235.422,45.981,0.195,-0.888,0.417,0,0.425,0.905,-0.981,-0.177,0.083],"_shiftlockState":true,"_pose":"Running","_animationQueue":[["walk",0.1],["fall",0.3],["walk",0.1]],"_animationSpeed":1.103,"_zoom":12.541},{"_mousePosition":[683,384],"_rootPartCFrame":[762.02,222.629,46.607,0.195,0,0.981,0,1,0,-0.981,0,0.195],"_humanoidState":8,"_cameraCFrame":[767.497,235.524,45.919,0.196,-0.891,0.409,0,0.418,0.909,-0.981,-0.178,0.082],"_shiftlockState":true,"_pose":"Running","_animationQueue":[],"_animationSpeed":1.103,"_zoom":12.541},{"_mousePosition":[683,384],"_rootPartCFrame":[761.758,222.661,46.555,0.196,0,0.981,0,1,0,-0.981,0,0.196],"_humanoidState":8,"_cameraCFrame":[767.146,235.598,45.849,0.196,-0.894,0.402,0,0.41,0.912,-0.981,-0.179,0.081],"_shiftlockState":true,"_pose":"Running","_animationQueue":[["walk",0.1]],"_animationSpeed":1.103,"_zoom":12.541},{"_mousePosition":[683,384],"_rootPartCFrame":[761.497,222.678,46.502,0.196,0,0.981,0,1,0,-0.981,0,0.196],"_humanoidState":8,"_cameraCFrame":[766.783,235.661,45.766,0.194,-0.898,0.394,0,0.402,0.916,-0.981,-0.178,0.078],"_shiftlockState":true,"_pose":"Running","_animationQueue":[],"_animationSpeed":1.103,"_zoom":12.541},{"_mousePosition":[683,384],"_rootPartCFrame":[761.235,222.688,46.45,0.194,0,0.981,0,1,0,-0.981,0,0.194],"_humanoidState":8,"_cameraCFrame":[766.421,235.715,45.688,0.193,-0.902,0.387,0,0.394,0.919,-0.981,-0.178,0.076],"_shiftlockState":true,"_pose":"Running","_animationQueue":[],"_animationSpeed":1.103,"_zoom":12.541},{"_mousePosition":[683,384],"_rootPartCFrame":[760.974,222.693,46.398,0.193,0,0.981,0,1,0,-0.981,0,0.193],"_humanoidState":8,"_cameraCFrame":[766.095,235.748,45.618,0.192,-0.904,0.381,0,0.389,0.921,-0.981,-0.177,0.075],"_shiftlockState":true,"_pose":"Running","_animationQueue":[],"_animationSpeed":1.103,"_zoom":12.541},{"_mousePosition":[683,384],"_rootPartCFrame":[760.712,222.696,46.346,0.192,0,0.981,0,1,0,-0.981,0,0.192],"_humanoidState":8,"_cameraCFrame":[765.759,235.782,45.547,0.191,-0.907,0.376,0,0.383,0.924,-0.982,-0.177,0.073],"_shiftlockState":true,"_pose":"Running","_animationQueue":[],"_animationSpeed":1.103,"_zoom":12.541},{"_mousePosition":[683,384],"_rootPartCFrame":[760.45,222.698,46.295,0.187,0,0.982,0,1,0,-0.982,0,0.187],"_humanoidState":8,"_cameraCFrame":[765.325,235.849,45.39,0.176,-0.915,0.364,0,0.37,0.929,-0.984,-0.164,0.065],"_shiftlockState":true,"_pose":"Running","_animationQueue":[["walk",0.1],["walk",0.1]],"_animationSpeed":1.103,"_zoom":12.541},{"_mousePosition":[683,384],"_rootPartCFrame":[760.123,222.699,46.232,0.176,0,0.984,0,1,0,-0.984,0,0.176],"_humanoidState":8,"_cameraCFrame":[764.863,235.898,45.236,0.162,-0.921,0.355,0,0.36,0.933,-0.987,-0.151,0.058],"_shiftlockState":true,"_pose":"Running","_animationQueue":[],"_animationSpeed":1.103,"_zoom":12.541},{"_mousePosition":[683,384],"_rootPartCFrame":[759.86,222.699,46.185,0.162,0,0.987,0,1,0,-0.987,0,0.162],"_humanoidState":8,"_cameraCFrame":[764.433,235.956,45.087,0.145,-0.928,0.344,0,0.348,0.937,-0.989,-0.136,0.051],"_shiftlockState":true,"_pose":"Running","_animationQueue":[],"_animationSpeed":1.103,"_zoom":12.541},{"_mousePosition":[683,384],"_rootPartCFrame":[759.597,222.699,46.141,0.145,0,0.989,0,1,0,-0.989,0,0.145],"_humanoidState":8,"_cameraCFrame":[763.991,236.015,44.946,0.129,-0.934,0.332,0,0.335,0.942,-0.992,-0.121,0.043],"_shiftlockState":true,"_pose":"Running","_animationQueue":[],"_animationSpeed":1.103,"_zoom":12.541},{"_mousePosition":[683,384],"_rootPartCFrame":[759.333,222.699,46.102,0.129,0,0.992,0,1,0,-0.992,0,0.129],"_humanoidState":8,"_cameraCFrame":[763.576,236.062,44.827,0.114,-0.94,0.322,0,0.325,0.946,-0.993,-0.108,0.037],"_shiftlockState":true,"_pose":"Running","_animationQueue":[],"_animationSpeed":1.103,"_zoom":12.541},{"_mousePosition":[683,384],"_rootPartCFrame":[758.738,222.7,46.024,0.114,0,0.993,0,1,0,-0.993,0,0.114],"_humanoidState":8,"_cameraCFrame":[762.817,236.11,44.665,0.097,-0.945,0.312,0,0.313,0.95,-0.995,-0.092,0.03],"_shiftlockState":true,"_pose":"Running","_animationQueue":[["walk",0.1]],"_animationSpeed":1.103,"_zoom":12.541},{"_mousePosition":[683,384],"_rootPartCFrame":[758.474,222.7,45.993,0.097,0,0.995,0,1,0,-0.995,0,0.097],"_humanoidState":8,"_cameraCFrame":[762.484,236.129,44.599,0.09,-0.947,0.307,0,0.308,0.951,-0.996,-0.086,0.028],"_shiftlockState":true,"_pose":"Running","_animationQueue":[],"_animationSpeed":1.103,"_zoom":12.541},{"_mousePosition":[683,384],"_rootPartCFrame":[758.341,222.7,45.98,0.09,0,0.996,0,1,0,-0.996,0,0.09],"_humanoidState":8,"_cameraCFrame":[762.32,236.138,44.574,0.088,-0.948,0.305,0,0.306,0.952,-0.996,-0.084,0.027],"_shiftlockState":true,"_pose":"Running","_animationQueue":[],"_animationSpeed":1.103,"_zoom":12.541},{"_mousePosition":[683,384],"_rootPartCFrame":[758.208,222.7,45.967,0.088,0,0.996,0,1,0,-0.996,0,0.088],"_humanoidState":8,"_cameraCFrame":[762.151,236.147,44.538,0.083,-0.949,0.303,0,0.304,0.953,-0.997,-0.079,0.025],"_shiftlockState":true,"_pose":"Running","_animationQueue":[],"_animationSpeed":1.103,"_zoom":12.541},{"_mousePosition":[683,384],"_rootPartCFrame":[758.009,222.7,45.949,0.083,0,0.997,0,1,0,-0.997,0,0.083],"_humanoidState":8,"_cameraCFrame":[761.884,236.166,44.488,0.075,-0.951,0.298,0,0.299,0.954,-0.997,-0.072,0.023],"_shiftlockState":true,"_pose":"Running","_animationQueue":[],"_animationSpeed":1.103,"_zoom":12.541},{"_mousePosition":[683,384],"_rootPartCFrame":[757.743,222.7,45.927,0.075,0,0.997,0,1,0,-0.997,0,0.075],"_humanoidState":8,"_cameraCFrame":[761.56,236.181,44.438,0.069,-0.953,0.295,0,0.295,0.955,-0.998,-0.066,0.02],"_shiftlockState":true,"_pose":"Running","_animationQueue":[],"_animationSpeed":1.103,"_zoom":12.541},{"_mousePosition":[683,384],"_rootPartCFrame":[757.477,222.7,45.907,0.069,0,0.998,0,1,0,-0.998,0,0.069],"_humanoidState":8,"_cameraCFrame":[761.248,236.193,44.395,0.064,-0.954,0.292,0,0.292,0.956,-0.998,-0.061,0.019],"_shiftlockState":true,"_pose":"Running","_animationQueue":[],"_animationSpeed":1.103,"_zoom":12.541},{"_mousePosition":[683,384],"_rootPartCFrame":[757.211,222.7,45.888,0.064,0,0.998,0,1,0,-0.998,0,0.064],"_humanoidState":8,"_cameraCFrame":[760.948,236.202,44.362,0.061,-0.955,0.289,0,0.29,0.957,-0.998,-0.058,0.018],"_shiftlockState":true,"_pose":"Running","_animationQueue":[],"_animationSpeed":1.103,"_zoom":12.541},{"_mousePosition":[683,384],"_rootPartCFrame":[756.945,222.7,45.871,0.061,0,0.998,0,1,0,-0.998,0,0.061],"_humanoidState":8,"_cameraCFrame":[760.66,236.207,44.336,0.059,-0.956,0.288,0,0.288,0.957,-0.998,-0.056,0.017],"_shiftlockState":true,"_pose":"Running","_animationQueue":[["walk",0.1]],"_animationSpeed":1.103,"_zoom":12.541},{"_mousePosition":[683,384],"_rootPartCFrame":[756.746,222.7,45.859,0.059,0,0.998,0,1,0,-0.998,0,0.059],"_humanoidState":8,"_cameraCFrame":[760.428,236.216,44.315,0.057,-0.957,0.286,0,0.286,0.958,-0.998,-0.054,0.016],"_shiftlockState":true,"_pose":"Running","_animationQueue":[],"_animationSpeed":1.103,"_zoom":12.541},{"_mousePosition":[683,384],"_rootPartCFrame":[756.413,222.7,45.839,0.057,0,0.998,0,1,0,-0.998,0,0.057],"_humanoidState":8,"_cameraCFrame":[760.047,236.228,44.27,0.05,-0.958,0.283,0,0.283,0.959,-0.999,-0.048,0.014],"_shiftlockState":true,"_pose":"Running","_animationQueue":[],"_animationSpeed":1.103,"_zoom":12.541},{"_mousePosition":[683,384],"_rootPartCFrame":[756.213,222.7,45.828,0.05,0,0.999,0,1,0,-0.999,0,0.05],"_humanoidState":8,"_cameraCFrame":[759.777,236.245,44.229,0.043,-0.96,0.278,0,0.278,0.96,-0.999,-0.041,0.012],"_shiftlockState":true,"_pose":"Running","_animationQueue":[],"_animationSpeed":1.103,"_zoom":12.541},{"_mousePosition":[683,384],"_rootPartCFrame":[755.814,222.7,45.807,0.043,0,0.999,0,1,0,-0.999,0,0.043],"_humanoidState":8,"_cameraCFrame":[759.305,236.259,44.156,0.028,-0.961,0.274,0,0.275,0.962,-1,-0.027,0.008],"_shiftlockState":true,"_pose":"Running","_animationQueue":[],"_animationSpeed":1.103,"_zoom":12.541},{"_mousePosition":[683,384],"_rootPartCFrame":[755.547,222.7,45.795,0.028,0,1,0,1,0,-1,0,0.028],"_humanoidState":8,"_cameraCFrame":[758.966,236.272,44.092,0.014,-0.963,0.271,0,0.271,0.963,-1,-0.013,0.004],"_shiftlockState":true,"_pose":"Running","_animationQueue":[],"_animationSpeed":1.103,"_zoom":12.541},{"_mousePosition":[683,384],"_rootPartCFrame":[755.281,222.7,45.787,0.014,0,1,0,1,0,-1,0,0.014],"_humanoidState":8,"_cameraCFrame":[758.635,236.283,44.034,-0.001,-0.964,0.268,0,0.268,0.964,-1,0.001,0],"_shiftlockState":true,"_pose":"Running","_animationQueue":[["walk",0.1]],"_animationSpeed":1.103,"_zoom":12.541},{"_mousePosition":[683,384],"_rootPartCFrame":[755.014,222.7,45.783,-0.001,0,1,0,1,0,-1,0,-0.001],"_humanoidState":8,"_cameraCFrame":[758.307,236.294,43.988,-0.014,-0.964,0.264,0,0.264,0.964,-1,0.013,-0.004],"_shiftlockState":true,"_pose":"Running","_animationQueue":[],"_animationSpeed":1.103,"_zoom":12.541},{"_mousePosition":[683,384],"_rootPartCFrame":[754.748,222.7,45.783,-0.014,0,1,0,1,0,-1,0,-0.014],"_humanoidState":8,"_cameraCFrame":[757.994,236.302,43.958,-0.023,-0.965,0.262,0,0.262,0.965,-1,0.022,-0.006],"_shiftlockState":true,"_pose":"Running","_animationQueue":[],"_animationSpeed":1.103,"_zoom":12.541},{"_mousePosition":[683,384],"_rootPartCFrame":[754.548,222.688,45.781,-0.018,0.073,0.997,-0.001,0.997,-0.073,-1,-0.003,-0.018],"_humanoidState":8,"_cameraCFrame":[757.888,236.289,43.942,-0.026,-0.965,0.261,0,0.261,0.965,-1,0.025,-0.007],"_shiftlockState":true,"_pose":"Running","_animationQueue":[],"_animationSpeed":1.103,"_zoom":12.541},{"_mousePosition":[683,384],"_rootPartCFrame":[754.5,222.682,45.777,-0.031,0.09,0.995,-0.001,0.996,-0.09,-1,-0.004,-0.031],"_humanoidState":8,"_cameraCFrame":[757.866,236.281,43.936,-0.026,-0.965,0.261,0,0.261,0.965,-1,0.025,-0.007],"_shiftlockState":true,"_pose":"Running","_animationQueue":[["walk",0.1]],"_animationSpeed":0.743,"_zoom":12.541},{"_mousePosition":[683,384],"_rootPartCFrame":[754.522,222.686,45.776,-0.026,0.079,0.997,-0.001,0.997,-0.079,-1,-0.003,-0.026],"_humanoidState":8,"_cameraCFrame":[757.872,236.287,43.937,-0.026,-0.965,0.261,0,0.261,0.965,-1,0.025,-0.007],"_shiftlockState":true,"_pose":"Running","_animationQueue":[["walk",0.1]],"_animationSpeed":0.055,"_zoom":12.541},{"_mousePosition":[683,384],"_rootPartCFrame":[754.742,222.693,45.77,-0.026,0.015,1,0,1,-0.015,-1,-0.001,-0.026],"_humanoidState":8,"_cameraCFrame":[757.995,236.298,43.934,-0.026,-0.965,0.261,0,0.261,0.965,-1,0.025,-0.007],"_shiftlockState":true,"_pose":"Running","_animationQueue":[["walk",0.1]],"_animationSpeed":0.134,"_zoom":12.541},{"_mousePosition":[683,384],"_rootPartCFrame":[754.943,222.695,45.765,-0.026,-0.002,1,0,1,0.002,-1,0,-0.026],"_humanoidState":8,"_cameraCFrame":[758.17,236.3,43.93,-0.026,-0.965,0.261,0,0.261,0.965,-1,0.025,-0.007],"_shiftlockState":true,"_pose":"Running","_animationQueue":[["walk",0.1],["walk",0.1]],"_animationSpeed":1.061,"_zoom":12.541},{"_mousePosition":[683,384],"_rootPartCFrame":[755.28,223.799,45.756,-0.026,-0.02,0.999,0,1,0.02,-1,0.001,-0.026],"_humanoidState":3,"_cameraCFrame":[758.468,237.407,43.916,-0.028,-0.965,0.26,0,0.261,0.965,-1,0.027,-0.007],"_shiftlockState":true,"_pose":"Jumping","_animationQueue":[["walk",0.1],["jump",0.1]],"_animationSpeed":1,"_zoom":12.541},{"_mousePosition":[683,384],"_rootPartCFrame":[755.551,224.683,45.749,-0.028,-0.033,0.999,0,0.999,0.033,-1,0.001,-0.028],"_humanoidState":3,"_cameraCFrame":[758.691,238.295,43.897,-0.032,-0.965,0.259,0,0.259,0.966,-0.999,0.031,-0.008],"_shiftlockState":true,"_pose":"Jumping","_animationQueue":[],"_animationSpeed":1,"_zoom":12.541},{"_mousePosition":[683,384],"_rootPartCFrame":[755.822,225.532,45.741,-0.124,-0.02,0.992,-0.002,1,0.02,-0.992,0.001,-0.124],"_humanoidState":5,"_cameraCFrame":[758.953,239.15,43.872,-0.038,-0.966,0.257,0,0.257,0.966,-0.999,0.036,-0.01],"_shiftlockState":true,"_pose":"FreeFall","_animationQueue":[["jump",0.1]],"_animationSpeed":1,"_zoom":12.541},{"_mousePosition":[683,384],"_rootPartCFrame":[756.092,226.327,45.733,-0.165,-0.006,0.986,-0.002,1,0.005,-0.986,-0.001,-0.165],"_humanoidState":5,"_cameraCFrame":[759.225,239.948,43.845,-0.043,-0.966,0.256,0,0.257,0.966,-0.999,0.041,-0.011],"_shiftlockState":true,"_pose":"FreeFall","_animationQueue":[],"_animationSpeed":1,"_zoom":12.541},{"_mousePosition":[683,384],"_rootPartCFrame":[756.336,227.068,45.725,-0.083,0,0.997,-0.001,1,0,-0.997,-0.001,-0.083],"_humanoidState":5,"_cameraCFrame":[759.459,240.691,43.825,-0.047,-0.966,0.256,0,0.256,0.967,-0.999,0.045,-0.012],"_shiftlockState":true,"_pose":"FreeFall","_animationQueue":[],"_animationSpeed":1,"_zoom":12.541},{"_mousePosition":[683,384],"_rootPartCFrame":[756.538,227.753,45.719,-0.052,0.001,0.999,0,1,-0.001,-0.999,0,-0.052],"_humanoidState":5,"_cameraCFrame":[759.642,241.38,43.804,-0.052,-0.966,0.255,0,0.255,0.967,-0.999,0.051,-0.013],"_shiftlockState":true,"_pose":"FreeFall","_animationQueue":[],"_animationSpeed":1,"_zoom":12.541},{"_mousePosition":[683,384],"_rootPartCFrame":[756.7,228.385,45.714,-0.052,0,0.999,0,1,0,-0.999,0,-0.052],"_humanoidState":5,"_cameraCFrame":[759.786,242.011,43.77,-0.062,-0.965,0.255,0,0.255,0.967,-0.998,0.06,-0.016],"_shiftlockState":true,"_pose":"FreeFall","_animationQueue":[],"_animationSpeed":1,"_zoom":12.541},{"_mousePosition":[683,384],"_rootPartCFrame":[756.823,228.962,45.71,-0.061,0,0.998,0,1,0,-0.998,0,-0.061],"_humanoidState":5,"_cameraCFrame":[759.923,242.58,43.742,-0.069,-0.964,0.257,0,0.257,0.966,-0.998,0.067,-0.018],"_shiftlockState":true,"_pose":"FreeFall","_animationQueue":[],"_animationSpeed":1,"_zoom":12.541},{"_mousePosition":[683,384],"_rootPartCFrame":[756.906,229.484,45.709,-0.068,0,0.998,0,1,0,-0.998,0,-0.068],"_humanoidState":5,"_cameraCFrame":[760.092,243.079,43.731,-0.07,-0.962,0.264,0,0.264,0.964,-0.998,0.068,-0.019],"_shiftlockState":true,"_pose":"FreeFall","_animationQueue":[],"_animationSpeed":1,"_zoom":12.541},{"_mousePosition":[683,384],"_rootPartCFrame":[756.949,229.952,45.71,-0.07,0,0.998,0,1,0,-0.998,0,-0.07],"_humanoidState":5,"_cameraCFrame":[760.222,243.528,43.758,-0.061,-0.961,0.269,0,0.27,0.963,-0.998,0.058,-0.016],"_shiftlockState":true,"_pose":"FreeFall","_animationQueue":[],"_animationSpeed":1,"_zoom":12.541},{"_mousePosition":[683,384],"_rootPartCFrame":[756.953,230.365,45.713,-0.061,0,0.998,0,1,0,-0.998,0,-0.061],"_humanoidState":5,"_cameraCFrame":[760.225,243.941,43.761,-0.061,-0.961,0.269,0,0.27,0.963,-0.998,0.058,-0.016],"_shiftlockState":true,"_pose":"FreeFall","_animationQueue":[],"_animationSpeed":1,"_zoom":12.541},{"_mousePosition":[683,384],"_rootPartCFrame":[756.917,230.724,45.718,-0.061,0,0.998,0,1,0,-0.998,0,-0.061],"_humanoidState":5,"_cameraCFrame":[760.189,244.3,43.766,-0.061,-0.961,0.269,0,0.27,0.963,-0.998,0.058,-0.016],"_shiftlockState":true,"_pose":"FreeFall","_animationQueue":[],"_animationSpeed":1,"_zoom":12.541},{"_mousePosition":[683,384],"_rootPartCFrame":[756.864,230.958,45.723,-0.061,0,0.998,0,1,0,-0.998,0,-0.061],"_humanoidState":5,"_cameraCFrame":[760.136,244.533,43.771,-0.061,-0.961,0.269,0,0.27,0.963,-0.998,0.058,-0.016],"_shiftlockState":true,"_pose":"FreeFall","_animationQueue":[],"_animationSpeed":1,"_zoom":12.541},{"_mousePosition":[683,384],"_rootPartCFrame":[756.758,231.221,45.732,-0.061,0,0.998,0,1,0,-0.998,0,-0.061],"_humanoidState":5,"_cameraCFrame":[760.031,244.797,43.78,-0.061,-0.961,0.269,0,0.27,0.963,-0.998,0.058,-0.016],"_shiftlockState":true,"_pose":"FreeFall","_animationQueue":[],"_animationSpeed":1,"_zoom":12.541},{"_mousePosition":[683,384],"_rootPartCFrame":[756.571,231.474,45.745,-0.061,0,0.998,0,1,0,-0.998,0,-0.061],"_humanoidState":5,"_cameraCFrame":[759.843,245.05,43.793,-0.061,-0.961,0.269,0,0.27,0.963,-0.998,0.058,-0.016],"_shiftlockState":true,"_pose":"FreeFall","_animationQueue":[],"_animationSpeed":1,"_zoom":12.541},{"_mousePosition":[683,384],"_rootPartCFrame":[756.376,231.615,45.758,-0.061,0,0.998,0,1,0,-0.998,0,-0.061],"_humanoidState":5,"_cameraCFrame":[759.649,245.19,43.806,-0.061,-0.961,0.269,0,0.27,0.963,-0.998,0.058,-0.016],"_shiftlockState":true,"_pose":"FreeFall","_animationQueue":[],"_animationSpeed":1,"_zoom":12.541},{"_mousePosition":[683,384],"_rootPartCFrame":[756.142,231.701,45.772,-0.061,0,0.998,0,1,0,-0.998,0,-0.061],"_humanoidState":5,"_cameraCFrame":[759.414,245.277,43.82,-0.061,-0.961,0.269,0,0.27,0.963,-0.998,0.058,-0.016],"_shiftlockState":true,"_pose":"FreeFall","_animationQueue":[],"_animationSpeed":1,"_zoom":12.541},{"_mousePosition":[683,384],"_rootPartCFrame":[755.878,231.733,45.788,-0.061,0,0.998,0,1,0,-0.998,0,-0.061],"_humanoidState":5,"_cameraCFrame":[759.109,245.326,43.878,-0.049,-0.963,0.264,0,0.265,0.964,-0.999,0.047,-0.013],"_shiftlockState":true,"_pose":"FreeFall","_animationQueue":[],"_animationSpeed":1,"_zoom":12.541},{"_mousePosition":[683,384],"_rootPartCFrame":[755.678,231.721,45.8,-0.05,0,0.999,0,1,0,-0.999,0,-0.05],"_humanoidState":5,"_cameraCFrame":[758.871,245.33,43.926,-0.038,-0.965,0.26,0,0.26,0.966,-0.999,0.037,-0.01],"_shiftlockState":true,"_pose":"FreeFall","_animationQueue":[],"_animationSpeed":1,"_zoom":12.541},{"_mousePosition":[683,384],"_rootPartCFrame":[755.508,231.855,45.81,-0.003,0,1,-0.004,1,0,-1,-0.004,-0.003],"_humanoidState":12,"_cameraCFrame":[758.664,245.477,43.951,-0.032,-0.966,0.256,0,0.256,0.967,-0.999,0.031,-0.008],"_shiftlockState":true,"_pose":"Climbing","_animationQueue":[["walk",0.1],["fall",0.3],["climb",0.1]],"_animationSpeed":-0.147,"_zoom":12.541},{"_mousePosition":[683,384],"_rootPartCFrame":[755.538,232.029,45.81,0.012,0,1,-0.005,1,0,-1,-0.005,0.012],"_humanoidState":12,"_cameraCFrame":[758.634,245.669,43.965,-0.028,-0.968,0.251,0,0.251,0.968,-1,0.027,-0.007],"_shiftlockState":true,"_pose":"Climbing","_animationQueue":[["climb",0.1]],"_animationSpeed":0.489,"_zoom":12.541},{"_mousePosition":[683,384],"_rootPartCFrame":[755.54,232.215,45.811,-0.023,0,1,-0.001,1,0,-1,-0.001,-0.023],"_humanoidState":12,"_cameraCFrame":[758.59,245.868,43.98,-0.026,-0.969,0.247,0,0.247,0.969,-1,0.025,-0.006],"_shiftlockState":true,"_pose":"Climbing","_animationQueue":[["climb",0.1]],"_animationSpeed":0.925,"_zoom":12.541},{"_mousePosition":[683,384],"_rootPartCFrame":[755.541,232.402,45.81,-0.025,0,1,0,1,0,-1,0,-0.025],"_humanoidState":12,"_cameraCFrame":[758.543,246.067,43.986,-0.025,-0.97,0.243,0,0.243,0.97,-1,0.024,-0.006],"_shiftlockState":true,"_pose":"Climbing","_animationQueue":[],"_animationSpeed":0.925,"_zoom":12.541},{"_mousePosition":[683,384],"_rootPartCFrame":[755.541,232.588,45.81,-0.025,0,1,0,1,0,-1,0,-0.025],"_humanoidState":12,"_cameraCFrame":[758.496,246.266,43.99,-0.024,-0.971,0.239,0,0.239,0.971,-1,0.023,-0.006],"_shiftlockState":true,"_pose":"Climbing","_animationQueue":[],"_animationSpeed":0.925,"_zoom":12.541},{"_mousePosition":[683,384],"_rootPartCFrame":[755.516,232.741,45.811,-0.024,0,1,0,1,0,-1,0,-0.024],"_humanoidState":8,"_cameraCFrame":[758.422,246.43,43.991,-0.024,-0.972,0.235,0,0.235,0.972,-1,0.023,-0.006],"_shiftlockState":true,"_pose":"Standing","_animationQueue":[["climb",0.1],["idle",0.1],["idle",0.1]],"_animationSpeed":1,"_zoom":12.541},{"_mousePosition":[683,384],"_rootPartCFrame":[755.451,232.839,45.812,-0.024,0,1,0,1,0,-1,0,-0.024],"_humanoidState":5,"_cameraCFrame":[758.328,246.535,43.993,-0.024,-0.972,0.233,0,0.233,0.973,-1,0.023,-0.006],"_shiftlockState":true,"_pose":"FreeFall","_animationQueue":[["walk",0.1],["fall",0.3]],"_animationSpeed":1,"_zoom":12.541},{"_mousePosition":[683,384],"_rootPartCFrame":[755.347,232.883,45.815,-0.024,0,1,0,1,0,-1,0,-0.024],"_humanoidState":5,"_cameraCFrame":[758.179,246.591,44.003,-0.022,-0.973,0.229,0,0.229,0.973,-1,0.021,-0.005],"_shiftlockState":true,"_pose":"FreeFall","_animationQueue":[],"_animationSpeed":1,"_zoom":12.541},{"_mousePosition":[683,384],"_rootPartCFrame":[755.203,232.872,45.818,-0.022,0,1,0,1,0,-1,0,-0.022],"_humanoidState":5,"_cameraCFrame":[757.999,246.589,44.013,-0.02,-0.974,0.226,0,0.226,0.974,-1,0.019,-0.004],"_shiftlockState":true,"_pose":"FreeFall","_animationQueue":[],"_animationSpeed":1,"_zoom":12.541},{"_mousePosition":[683,384],"_rootPartCFrame":[755.062,233.27,45.822,-0.019,0,1,0,1,0,-1,0,-0.019],"_humanoidState":7,"_cameraCFrame":[757.83,246.995,44.02,-0.019,-0.975,0.223,0,0.223,0.975,-1,0.018,-0.004],"_shiftlockState":true,"_pose":"FreeFall","_animationQueue":[["walk",0.1],["fall",0.3],["fall",0.3]],"_animationSpeed":1,"_zoom":12.541},{"_mousePosition":[683,384],"_rootPartCFrame":[754.82,234.121,45.826,-0.019,0,1,0,1,0,-1,0,-0.019],"_humanoidState":7,"_cameraCFrame":[757.569,247.849,44.025,-0.019,-0.975,0.222,0,0.222,0.975,-1,0.018,-0.004],"_shiftlockState":true,"_pose":"FreeFall","_animationQueue":[],"_animationSpeed":1,"_zoom":12.541},{"_mousePosition":[683,384],"_rootPartCFrame":[754.679,234.52,45.829,-0.019,0,1,0,1,0,-1,0,-0.019],"_humanoidState":7,"_cameraCFrame":[757.398,248.255,44.028,-0.019,-0.975,0.219,0,0.219,0.976,-1,0.018,-0.004],"_shiftlockState":true,"_pose":"FreeFall","_animationQueue":[],"_animationSpeed":1,"_zoom":12.541},{"_mousePosition":[683,384],"_rootPartCFrame":[754.396,235.082,45.834,-0.019,0,1,0,1,0,-1,0,-0.019],"_humanoidState":8,"_cameraCFrame":[757.07,248.835,44.085,0,-0.977,0.213,0,0.213,0.977,-1,0,0],"_shiftlockState":true,"_pose":"Running","_animationQueue":[["walk",0.1],["walk",0.1]],"_animationSpeed":0.78,"_zoom":12.541},{"_mousePosition":[683,384],"_rootPartCFrame":[754.16,235.344,45.838,0,0,1,0,1,0,-1,0,0],"_humanoidState":8,"_cameraCFrame":[756.825,249.105,44.137,0.018,-0.978,0.21,0,0.21,0.978,-1,-0.018,0.004],"_shiftlockState":true,"_pose":"Running","_animationQueue":[],"_animationSpeed":0.78,"_zoom":12.541},{"_mousePosition":[683,384],"_rootPartCFrame":[753.95,235.452,45.839,0.018,0,1,0,1,0,-1,0,0.018],"_humanoidState":8,"_cameraCFrame":[756.608,249.22,44.173,0.032,-0.978,0.208,0,0.208,0.978,-0.999,-0.031,0.007],"_shiftlockState":true,"_pose":"Running","_animationQueue":[],"_animationSpeed":0.78,"_zoom":12.541},{"_mousePosition":[683,384],"_rootPartCFrame":[753.735,235.56,45.835,0.032,0,0.999,0,1,0,-0.999,0,0.032],"_humanoidState":8,"_cameraCFrame":[756.383,249.334,44.199,0.043,-0.978,0.205,0,0.205,0.979,-0.999,-0.042,0.009],"_shiftlockState":true,"_pose":"Running","_animationQueue":[["walk",0.1]],"_animationSpeed":0.885,"_zoom":12.541},{"_mousePosition":[683,384],"_rootPartCFrame":[753.502,235.678,45.828,0.043,0,0.999,0,1,0,-0.999,0,0.043],"_humanoidState":8,"_cameraCFrame":[756.133,249.461,44.228,0.058,-0.978,0.202,0,0.202,0.979,-0.998,-0.057,0.012],"_shiftlockState":true,"_pose":"Running","_animationQueue":[],"_animationSpeed":0.885,"_zoom":12.541},{"_mousePosition":[683,384],"_rootPartCFrame":[753.25,235.802,45.818,0.058,0,0.998,0,1,0,-0.998,0,0.058],"_humanoidState":8,"_cameraCFrame":[755.872,249.59,44.249,0.071,-0.977,0.199,0,0.2,0.98,-0.998,-0.069,0.014],"_shiftlockState":true,"_pose":"Running","_animationQueue":[["walk",0.1]],"_animationSpeed":0.979,"_zoom":12.541},{"_mousePosition":[683,384],"_rootPartCFrame":[752.997,235.919,45.804,0.071,0,0.998,0,1,0,-0.998,0,0.071],"_humanoidState":8,"_cameraCFrame":[755.599,249.713,44.249,0.077,-0.977,0.197,0,0.197,0.98,-0.997,-0.075,0.015],"_shiftlockState":true,"_pose":"Running","_animationQueue":[["walk",0.1]],"_animationSpeed":1.05,"_zoom":12.541},{"_mousePosition":[683,384],"_rootPartCFrame":[752.735,236.018,45.786,0.077,0,0.997,0,1,0,-0.997,0,0.077],"_humanoidState":8,"_cameraCFrame":[755.316,249.816,44.227,0.076,-0.978,0.195,0,0.196,0.981,-0.997,-0.074,0.015],"_shiftlockState":true,"_pose":"Running","_animationQueue":[["walk",0.1]],"_animationSpeed":1.05,"_zoom":12.541},{"_mousePosition":[683,384],"_rootPartCFrame":[752.538,236.079,45.771,0.076,0,0.997,0,1,0,-0.997,0,0.076],"_humanoidSt