[{"_mousePosition":[549,296],"_rootPartCFrame":[776.033,222.7,47.142,-0.001,0,1,0,1,0,-1,0,-0.001],"_humanoidState":8,"_cameraCFrame":[776.378,243.965,41.131,-0.998,-0.055,0.017,0,0.291,0.957,-0.057,0.955,-0.291],"_shiftlockState":false,"_pose":"Standing","_animationQueue":[],"_animationSpeed":1,"_zoom":20.656},{"_mousePosition":[549,296],"_rootPartCFrame":[775.786,222.7,47.129,0.007,0,1,0,1,0,-1,0,0.007],"_humanoidState":8,"_cameraCFrame":[776.128,243.986,41.195,-0.998,-0.055,0.017,0,0.288,0.958,-0.057,0.956,-0.287],"_shiftlockState":false,"_pose":"Standing","_animationQueue":[],"_animationSpeed":1,"_zoom":20.656},{"_mousePosition":[549,296],"_rootPartCFrame":[775.521,222.7,47.114,0.014,0,1,0,1,0,-1,0,0.014],"_humanoidState":8,"_cameraCFrame":[775.855,244.019,41.296,-0.998,-0.055,0.016,0,0.282,0.959,-0.057,0.958,-0.282],"_shiftlockState":false,"_pose":"Running","_animationQueue":[["walk",0.1]],"_animationSpeed":1.066,"_zoom":20.656},{"_mousePosition":[549,296],"_rootPartCFrame":[775.255,222.7,47.098,0.019,0,1,0,1,0,-1,0,0.019],"_humanoidState":8,"_cameraCFrame":[775.585,244.041,41.358,-0.998,-0.055,0.016,0,0.278,0.96,-0.057,0.959,-0.278],"_shiftlockState":false,"_pose":"Running","_animationQueue":[],"_animationSpeed":1.066,"_zoom":20.656},{"_mousePosition":[549,296],"_rootPartCFrame":[774.988,222.7,47.083,0.025,0,1,0,1,0,-1,0,0.025],"_humanoidState":8,"_cameraCFrame":[775.285,244.063,41.419,-0.999,-0.05,0.014,0,0.275,0.962,-0.052,0.96,-0.274],"_shiftlockState":false,"_pose":"Running","_animationQueue":[],"_animationSpeed":1.066,"_zoom":20.656},{"_mousePosition":[549,296],"_rootPartCFrame":[774.722,222.7,47.068,0.029,0,1,0,1,0,-1,0,0.029],"_humanoidState":8,"_cameraCFrame":[774.957,244.095,41.517,-0.999,-0.041,0.011,0,0.269,0.963,-0.042,0.962,-0.269],"_shiftlockState":false,"_pose":"Running","_animationQueue":[],"_animationSpeed":1.066,"_zoom":20.656},{"_mousePosition":[549,296],"_rootPartCFrame":[774.456,222.7,47.054,0.032,0,0.999,0,1,0,-0.999,0,0.032],"_humanoidState":8,"_cameraCFrame":[774.644,244.127,41.618,-0.999,-0.033,0.009,0,0.263,0.965,-0.035,0.964,-0.263],"_shiftlockState":false,"_pose":"Running","_animationQueue":[],"_animationSpeed":1.066,"_zoom":20.656},{"_mousePosition":[549,296],"_rootPartCFrame":[774.19,222.7,47.042,0.034,0,0.999,0,1,0,-0.999,0,0.034],"_humanoidState":8,"_cameraCFrame":[774.348,244.148,41.683,-1,-0.029,0.008,0,0.26,0.966,-0.03,0.965,-0.259],"_shiftlockState":false,"_pose":"Running","_animationQueue":[],"_animationSpeed":1.066,"_zoom":20.656},{"_mousePosition":[549,296],"_rootPartCFrame":[773.923,222.7,47.033,0.034,0,0.999,0,1,0,-0.999,0,0.034],"_humanoidState":8,"_cameraCFrame":[774.067,244.159,41.712,-1,-0.026,0.007,0,0.258,0.966,-0.027,0.966,-0.258],"_shiftlockState":false,"_pose":"Running","_animationQueue":[["walk",0.1]],"_animationSpeed":1.066,"_zoom":20.656},{"_mousePosition":[549,296],"_rootPartCFrame":[773.656,222.7,47.025,0.034,0,0.999,0,1,0,-0.999,0,0.034],"_humanoidState":8,"_cameraCFrame":[773.799,244.169,41.743,-1,-0.026,0.007,0,0.256,0.967,-0.027,0.966,-0.256],"_shiftlockState":false,"_pose":"Running","_animationQueue":[],"_animationSpeed":1.066,"_zoom":20.656},{"_mousePosition":[549,296],"_rootPartCFrame":[773.39,222.7,47.018,0.033,0,0.999,0,1,0,-0.999,0,0.033],"_humanoidState":8,"_cameraCFrame":[773.519,244.169,41.735,-1,-0.024,0.006,0,0.256,0.967,-0.025,0.966,-0.256],"_shiftlockState":false,"_pose":"Running","_animationQueue":[],"_animationSpeed":1.066,"_zoom":20.656},{"_mousePosition":[549,296],"_rootPartCFrame":[773.123,222.7,47.01,0.032,0,0.999,0,1,0,-0.999,0,0.032],"_humanoidState":8,"_cameraCFrame":[773.253,244.169,41.728,-1,-0.024,0.006,0,0.256,0.967,-0.025,0.966,-0.256],"_shiftlockState":false,"_pose":"Running","_animationQueue":[],"_animationSpeed":1.066,"_zoom":20.656},{"_mousePosition":[549,296],"_rootPartCFrame":[772.857,222.7,47.004,0.031,0,1,0,1,0,-1,0,0.031],"_humanoidState":8,"_cameraCFrame":[772.986,244.169,41.722,-1,-0.024,0.006,0,0.256,0.967,-0.025,0.966,-0.256],"_shiftlockState":false,"_pose":"Running","_animationQueue":[],"_animationSpeed":1.066,"_zoom":20.656},{"_mousePosition":[549,296],"_rootPartCFrame":[772.723,222.7,47,0.031,0,1,0,1,0,-1,0,0.031],"_humanoidState":8,"_cameraCFrame":[772.853,244.169,41.718,-1,-0.024,0.006,0,0.256,0.967,-0.025,0.966,-0.256],"_shiftlockState":false,"_pose":"Running","_animationQueue":[],"_animationSpeed":1.066,"_zoom":20.656},{"_mousePosition":[549,296],"_rootPartCFrame":[772.323,222.7,46.991,0.029,0,1,0,1,0,-1,0,0.029],"_humanoidState":8,"_cameraCFrame":[772.452,244.179,41.747,-1,-0.024,0.006,0,0.254,0.967,-0.025,0.967,-0.254],"_shiftlockState":false,"_pose":"Running","_animationQueue":[],"_animationSpeed":1.066,"_zoom":20.656},{"_mousePosition":[549,296],"_rootPartCFrame":[772.057,222.7,46.984,0.029,0,1,0,1,0,-1,0,0.029],"_humanoidState":8,"_cameraCFrame":[772.184,244.189,41.78,-1,-0.024,0.006,0,0.252,0.968,-0.025,0.967,-0.252],"_shiftlockState":false,"_pose":"Running","_animationQueue":[["walk",0.1]],"_animationSpeed":1.066,"_zoom":20.656},{"_mousePosition":[549,296],"_rootPartCFrame":[771.79,222.7,46.978,0.028,0,1,0,1,0,-1,0,0.028],"_humanoidState":8,"_cameraCFrame":[771.917,244.199,41.812,-1,-0.024,0.006,0,0.25,0.968,-0.025,0.968,-0.25],"_shiftlockState":false,"_pose":"Running","_animationQueue":[],"_animationSpeed":1.066,"_zoom":20.656},{"_mousePosition":[549,296],"_rootPartCFrame":[771.524,222.7,46.971,0.028,0,1,0,1,0,-1,0,0.028],"_humanoidState":8,"_cameraCFrame":[771.649,244.209,41.845,-1,-0.024,0.006,0,0.248,0.969,-0.025,0.968,-0.248],"_shiftlockState":false,"_pose":"Running","_animationQueue":[],"_animationSpeed":1.066,"_zoom":20.656},{"_mousePosition":[549,296],"_rootPartCFrame":[771.257,222.7,46.964,0.027,0,1,0,1,0,-1,0,0.027],"_humanoidState":8,"_cameraCFrame":[771.393,244.239,41.955,-1,-0.026,0.007,0,0.243,0.97,-0.027,0.97,-0.242],"_shiftlockState":false,"_pose":"Running","_animationQueue":[],"_animationSpeed":1.066,"_zoom":20.656},{"_mousePosition":[549,296],"_rootPartCFrame":[770.99,222.7,46.958,0.027,0,1,0,1,0,-1,0,0.027],"_humanoidState":8,"_cameraCFrame":[771.148,244.268,42.067,-0.999,-0.031,0.008,0,0.237,0.972,-0.032,0.971,-0.237],"_shiftlockState":false,"_pose":"Running","_animationQueue":[],"_animationSpeed":1.066,"_zoom":20.656},{"_mousePosition":[549,296],"_rootPartCFrame":[770.724,222.7,46.951,0.027,0,1,0,1,0,-1,0,0.027],"_humanoidState":8,"_cameraCFrame":[770.901,244.296,42.178,-0.999,-0.036,0.009,0,0.231,0.973,-0.037,0.972,-0.231],"_shiftlockState":false,"_pose":"Running","_animationQueue":[],"_animationSpeed":1.066,"_zoom":20.656},{"_mousePosition":[549,296],"_rootPartCFrame":[770.457,222.7,46.942,0.027,0,1,0,1,0,-1,0,0.027],"_humanoidState":8,"_cameraCFrame":[768.907,244.315,42.175,-0.999,-0.041,0.01,0,0.227,0.974,-0.042,0.973,-0.227],"_shiftlockState":true,"_pose":"Running","_animationQueue":[],"_animationSpeed":1.066,"_zoom":20.656},{"_mousePosition":[683,384],"_rootPartCFrame":[770.191,223.563,46.934,-0.999,0,0.043,0,1,0,-0.043,0,-0.999],"_humanoidState":3,"_cameraCFrame":[768.637,244.805,42.253,-0.999,-0.041,0.01,0,0.227,0.974,-0.042,0.973,-0.227],"_shiftlockState":true,"_pose":"Jumping","_animationQueue":[["walk",0.1],["walk",0.1],["jump",0.1]],"_animationSpeed":1,"_zoom":16.125},{"_mousePosition":[683,384],"_rootPartCFrame":[769.924,224.371,46.923,-0.991,0,0.134,0,1,0,-0.134,0,-0.991],"_humanoidState":5,"_cameraCFrame":[768.361,244.585,42.482,-0.999,-0.041,0.01,0,0.227,0.974,-0.042,0.973,-0.227],"_shiftlockState":true,"_pose":"FreeFall","_animationQueue":[["jump",0.1]],"_animationSpeed":1,"_zoom":12.5},{"_mousePosition":[683,384],"_rootPartCFrame":[769.658,225.125,46.912,-0.985,0,0.17,0,1,0,-0.17,0,-0.985],"_humanoidState":5,"_cameraCFrame":[768.091,244.08,42.797,-0.999,-0.044,0.01,0,0.226,0.974,-0.045,0.973,-0.225],"_shiftlockState":true,"_pose":"FreeFall","_animationQueue":[],"_animationSpeed":1,"_zoom":12.5},{"_mousePosition":[683,384],"_rootPartCFrame":[769.392,225.824,46.9,-0.984,0,0.177,0,1,0,-0.177,0,-0.984],"_humanoidState":5,"_cameraCFrame":[767.818,243.435,43.125,-0.999,-0.046,0.011,0,0.224,0.975,-0.047,0.974,-0.223],"_shiftlockState":true,"_pose":"FreeFall","_animationQueue":[],"_animationSpeed":1,"_zoom":12.5},{"_mousePosition":[683,384],"_rootPartCFrame":[769.125,226.469,46.889,-0.984,0,0.18,0,1,0,-0.18,0,-0.984],"_humanoidState":5,"_cameraCFrame":[767.548,243.028,43.381,-0.999,-0.049,0.011,0,0.222,0.975,-0.05,0.974,-0.221],"_shiftlockState":true,"_pose":"FreeFall","_animationQueue":[],"_animationSpeed":1,"_zoom":12.5},{"_mousePosition":[683,384],"_rootPartCFrame":[768.859,227.06,46.876,-0.983,0,0.182,0,1,0,-0.182,0,-0.983],"_humanoidState":5,"_cameraCFrame":[767.287,242.895,43.584,-0.998,-0.054,0.012,0,0.218,0.976,-0.055,0.974,-0.218],"_shiftlockState":true,"_pose":"FreeFall","_animationQueue":[],"_animationSpeed":1,"_zoom":12.5},{"_mousePosition":[683,384],"_rootPartCFrame":[768.593,227.595,46.863,-0.982,0,0.187,0,1,0,-0.187,0,-0.982],"_humanoidState":5,"_cameraCFrame":[767.024,242.562,43.784,-0.998,-0.059,0.013,0,0.216,0.976,-0.06,0.975,-0.216],"_shiftlockState":true,"_pose":"FreeFall","_animationQueue":[],"_animationSpeed":1,"_zoom":9.6},{"_mousePosition":[683,384],"_rootPartCFrame":[768.326,228.077,46.848,-0.981,0,0.192,0,1,0,-0.192,0,-0.981],"_humanoidState":5,"_cameraCFrame":[766.764,242.123,44.012,-0.998,-0.066,0.014,0,0.212,0.977,-0.067,0.975,-0.212],"_shiftlockState":true,"_pose":"FreeFall","_animationQueue":[],"_animationSpeed":1,"_zoom":9.6},{"_mousePosition":[683,384],"_rootPartCFrame":[768.06,228.504,46.833,-0.98,0,0.199,0,1,0,-0.199,0,-0.98],"_humanoidState":5,"_cameraCFrame":[766.508,241.792,44.216,-0.997,-0.076,0.016,0,0.207,0.978,-0.078,0.975,-0.206],"_shiftlockState":true,"_pose":"FreeFall","_animationQueue":[],"_animationSpeed":1,"_zoom":9.6},{"_mousePosition":[683,384],"_rootPartCFrame":[767.794,228.876,46.815,-0.978,0,0.209,0,1,0,-0.209,0,-0.978],"_humanoidState":5,"_cameraCFrame":[766.24,241.508,44.374,-0.997,-0.081,0.017,0,0.203,0.979,-0.083,0.976,-0.202],"_shiftlockState":true,"_pose":"FreeFall","_animationQueue":[],"_animationSpeed":1,"_zoom":9.6},{"_mousePosition":[683,384],"_rootPartCFrame":[767.528,229.194,46.795,-0.977,0,0.214,0,1,0,-0.214,0,-0.977],"_humanoidState":5,"_cameraCFrame":[765.977,241.362,44.524,-0.996,-0.088,0.018,0,0.195,0.981,-0.09,0.977,-0.194],"_shiftlockState":true,"_pose":"FreeFall","_animationQueue":[],"_animationSpeed":1,"_zoom":9.6},{"_mousePosition":[683,384],"_rootPartCFrame":[767.262,229.457,46.773,-0.975,0,0.222,0,1,0,-0.222,0,-0.975],"_humanoidState":5,"_cameraCFrame":[765.709,241.254,44.63,-0.995,-0.094,0.018,0,0.189,0.982,-0.095,0.977,-0.188],"_shiftlockState":true,"_pose":"FreeFall","_animationQueue":[],"_animationSpeed":1,"_zoom":9.6},{"_mousePosition":[683,384],"_rootPartCFrame":[766.997,229.666,46.749,-0.974,0,0.227,0,1,0,-0.227,0,-0.974],"_humanoidState":5,"_cameraCFrame":[765.441,241.193,44.731,-0.995,-0.099,0.018,0,0.182,0.983,-0.1,0.978,-0.181],"_shiftlockState":true,"_pose":"FreeFall","_animationQueue":[],"_animationSpeed":1,"_zoom":9.6},{"_mousePosition":[683,384],"_rootPartCFrame":[766.731,229.821,46.724,-0.973,0,0.232,0,1,0,-0.232,0,-0.973],"_humanoidState":5,"_cameraCFrame":[765.175,241.192,44.805,-0.994,-0.104,0.018,0,0.174,0.985,-0.105,0.979,-0.173],"_shiftlockState":true,"_pose":"FreeFall","_animationQueue":[],"_animationSpeed":1,"_zoom":9.6},{"_mousePosition":[683,384],"_rootPartCFrame":[766.466,229.921,46.697,-0.972,0,0.236,0,1,0,-0.236,0,-0.972],"_humanoidState":5,"_cameraCFrame":[764.921,241.15,44.795,-0.994,-0.111,0.02,0,0.174,0.985,-0.113,0.979,-0.173],"_shiftlockState":true,"_pose":"FreeFall","_animationQueue":[],"_animationSpeed":1,"_zoom":9.6},{"_mousePosition":[683,384],"_rootPartCFrame":[766.201,229.966,46.669,-0.97,0,0.244,0,1,0,-0.244,0,-0.97],"_humanoidState":5,"_cameraCFrame":[764.663,241.109,44.775,-0.993,-0.116,0.02,0,0.174,0.985,-0.118,0.978,-0.172],"_shiftlockState":true,"_pose":"FreeFall","_animationQueue":[],"_animationSpeed":1,"_zoom":9.6},{"_mousePosition":[683,384],"_rootPartCFrame":[765.936,229.957,46.64,-0.969,0,0.249,0,1,0,-0.249,0,-0.969],"_humanoidState":5,"_cameraCFrame":[764.397,241.034,44.756,-0.993,-0.116,0.02,0,0.174,0.985,-0.118,0.978,-0.172],"_shiftlockState":true,"_pose":"FreeFall","_animationQueue":[],"_animationSpeed":1,"_zoom":9.6},{"_mousePosition":[683,384],"_rootPartCFrame":[765.671,229.893,46.608,-0.969,0,0.249,0,1,0,-0.249,0,-0.969],"_humanoidState":5,"_cameraCFrame":[764.131,240.931,44.732,-0.993,-0.116,0.02,0,0.174,0.985,-0.118,0.978,-0.172],"_shiftlockState":true,"_pose":"FreeFall","_animationQueue":[],"_animationSpeed":1,"_zoom":9.6},{"_mousePosition":[683,384],"_rootPartCFrame":[765.406,229.775,46.577,-0.969,0,0.249,0,1,0,-0.249,0,-0.969],"_humanoidState":5,"_cameraCFrame":[763.866,240.785,44.706,-0.993,-0.116,0.02,0,0.174,0.985,-0.118,0.978,-0.172],"_shiftlockState":true,"_pose":"FreeFall","_animationQueue":[],"_animationSpeed":1,"_zoom":9.6},{"_mousePosition":[683,384],"_rootPartCFrame":[765.141,229.603,46.546,-0.969,0,0.249,0,1,0,-0.249,0,-0.969],"_humanoidState":5,"_cameraCFrame":[763.601,240.594,44.677,-0.993,-0.116,0.02,0,0.174,0.985,-0.118,0.978,-0.172],"_shiftlockState":true,"_pose":"FreeFall","_animationQueue":[],"_animationSpeed":1,"_zoom":9.6},{"_mousePosition":[683,384],"_rootPartCFrame":[764.876,229.375,46.514,-0.969,0,0.249,0,1,0,-0.249,0,-0.969],"_humanoidState":5,"_cameraCFrame":[763.335,240.355,44.648,-0.993,-0.116,0.02,0,0.174,0.985,-0.118,0.978,-0.172],"_shiftlockState":true,"_pose":"FreeFall","_animationQueue":[],"_animationSpeed":1,"_zoom":9.6},{"_mousePosition":[683,384],"_rootPartCFrame":[764.611,229.094,46.483,-0.969,0,0.249,0,1,0,-0.249,0,-0.969],"_humanoidState":5,"_cameraCFrame":[763.07,240.064,44.618,-0.993,-0.116,0.02,0,0.174,0.985,-0.118,0.978,-0.172],"_shiftlockState":true,"_pose":"FreeFall","_animationQueue":[["fall",0.3]],"_animationSpeed":1,"_zoom":9.6},{"_mousePosition":[683,384],"_rootPartCFrame":[764.346,228.758,46.451,-0.969,0,0.249,0,1,0,-0.249,0,-0.969],"_humanoidState":5,"_cameraCFrame":[762.805,239.723,44.588,-0.993,-0.116,0.02,0,0.174,0.985,-0.118,0.978,-0.172],"_shiftlockState":true,"_pose":"FreeFall","_animationQueue":[],"_animationSpeed":1,"_zoom":9.6},{"_mousePosition":[683,384],"_rootPartCFrame":[764.082,228.367,46.42,-0.969,0,0.249,0,1,0,-0.249,0,-0.969],"_humanoidState":5,"_cameraCFrame":[762.54,239.328,44.557,-0.993,-0.116,0.02,0,0.174,0.985,-0.118,0.978,-0.172],"_shiftlockState":true,"_pose":"FreeFall","_animationQueue":[],"_animationSpeed":1,"_zoom":9.6},{"_mousePosition":[683,384],"_rootPartCFrame":[763.817,227.922,46.388,-0.969,0,0.249,0,1,0,-0.249,0,-0.969],"_humanoidState":5,"_cameraCFrame":[762.275,238.881,44.526,-0.993,-0.116,0.02,0,0.174,0.985,-0.118,0.978,-0.172],"_shiftlockState":true,"_pose":"FreeFall","_animationQueue":[],"_animationSpeed":1,"_zoom":9.6},{"_mousePosition":[683,384],"_rootPartCFrame":[763.552,227.422,46.357,-0.969,0,0.249,0,1,0,-0.249,0,-0.969],"_humanoidState":5,"_cameraCFrame":[762.011,238.38,44.495,-0.993,-0.116,0.02,0,0.174,0.985,-0.118,0.978,-0.172],"_shiftlockState":true,"_pose":"FreeFall","_animationQueue":[],"_animationSpeed":1,"_zoom":9.6},{"_mousePosition":[683,384],"_rootPartCFrame":[763.287,226.868,46.326,-0.969,0,0.249,0,1,0,-0.249,0,-0.969],"_humanoidState":5,"_cameraCFrame":[761.746,237.824,44.464,-0.993,-0.116,0.02,0,0.174,0.985,-0.118,0.978,-0.172],"_shiftlockState":true,"_pose":"FreeFall","_animationQueue":[],"_animationSpeed":1,"_zoom":9.6},{"_mousePosition":[683,384],"_rootPartCFrame":[763.022,226.26,46.294,-0.969,0,0.249,0,1,0,-0.249,0,-0.969],"_humanoidState":5,"_cameraCFrame":[761.476,237.215,44.436,-0.993,-0.114,0.02,0,0.174,0.985,-0.115,0.978,-0.172],"_shiftlockState":true,"_pose":"FreeFall","_animationQueue":[["fall",0.3]],"_animationSpeed":1,"_zoom":9.6},{"_mousePosition":[683,384],"_rootPartCFrame":[762.757,225.597,46.263,-0.969,0,0.246,0,1,0,-0.246,0,-0.969],"_humanoidState":5,"_cameraCFrame":[761.211,236.552,44.405,-0.993,-0.114,0.02,0,0.174,0.985,-0.115,0.978,-0.172],"_shiftlockState":true,"_pose":"FreeFall","_animationQueue":[],"_animationSpeed":1,"_zoom":9.6},{"_mousePosition":[683,384],"_rootPartCFrame":[762.492,224.879,46.232,-0.969,0,0.246,0,1,0,-0.246,0,-0.969],"_humanoidState":5,"_cameraCFrame":[760.942,235.834,44.378,-0.994,-0.111,0.02,0,0.174,0.985,-0.113,0.979,-0.173],"_shiftlockState":true,"_pose":"FreeFall","_animationQueue":[],"_animationSpeed":1,"_zoom":9.6},{"_mousePosition":[683,384],"_rootPartCFrame":[762.227,224.107,46.201,-0.97,0,0.244,0,1,0,-0.244,0,-0.97],"_humanoidState":5,"_cameraCFrame":[760.672,235.061,44.351,-0.994,-0.109,0.019,0,0.174,0.985,-0.11,0.979,-0.173],"_shiftlockState":true,"_pose":"FreeFall","_animationQueue":[],"_animationSpeed":1,"_zoom":9.6},{"_mousePosition":[683,384],"_rootPartCFrame":[761.962,223.28,46.171,-0.97,0,0.241,0,1,0,-0.241,0,-0.97],"_humanoidState":5,"_cameraCFrame":[760.398,234.235,44.329,-0.994,-0.104,0.018,0,0.174,0.985,-0.105,0.979,-0.173],"_shiftlockState":true,"_pose":"FreeFall","_animationQueue":[],"_animationSpeed":1,"_zoom":9.6},{"_mousePosition":[683,384],"_rootPartCFrame":[761.697,222.399,46.141,-0.99,0,0.14,0,1,0,-0.14,0,-0.99],"_humanoidState":7,"_cameraCFrame":[760.123,233.354,44.307,-0.995,-0.099,0.017,0,0.174,0.985,-0.1,0.98,-0.173],"_shiftlockState":true,"_pose":"FreeFall","_animationQueue":[["walk",0.1],["fall",0.3],["fall",0.3]],"_animationSpeed":1,"_zoom":9.6},{"_mousePosition":[683,384],"_rootPartCFrame":[761.432,222.225,46.113,-0.995,0,0.103,0,1,0,-0.103,0,-0.995],"_humanoidState":7,"_cameraCFrame":[759.849,233.179,44.287,-0.995,-0.094,0.017,0,0.174,0.985,-0.095,0.98,-0.173],"_shiftlockState":true,"_pose":"FreeFall","_animationQueue":[["fall",0.3]],"_animationSpeed":1,"_zoom":9.6},{"_mousePosition":[683,384],"_rootPartCFrame":[761.101,222.345,46.079,-0.995,0,0.095,0,1,0,-0.095,0,-0.995],"_humanoidState":8,"_cameraCFrame":[759.517,233.299,44.253,-0.995,-0.094,0.017,0,0.174,0.985,-0.095,0.98,-0.173],"_shiftlockState":true,"_pose":"Running","_animationQueue":[["walk",0.1],["fall",0.3],["walk",0.1]],"_animationSpeed":1.103,"_zoom":9.6},{"_mousePosition":[683,384],"_rootPartCFrame":[760.835,222.416,46.054,-0.995,0,0.095,0,1,0,-0.095,0,-0.995],"_humanoidState":8,"_cameraCFrame":[759.252,233.37,44.228,-0.995,-0.094,0.017,0,0.174,0.985,-0.095,0.98,-0.173],"_shiftlockState":true,"_pose":"Running","_animationQueue":[],"_animationSpeed":1.103,"_zoom":9.6},{"_mousePosition":[683,384],"_rootPartCFrame":[760.636,222.448,46.035,-0.995,0,0.095,0,1,0,-0.095,0,-0.995],"_humanoidState":8,"_cameraCFrame":[759.053,233.402,44.209,-0.995,-0.094,0.017,0,0.174,0.985,-0.095,0.98,-0.173],"_shiftlockState":true,"_pose":"Running","_animationQueue":[],"_animationSpeed":1.103,"_zoom":9.6},{"_mousePosition":[683,384],"_rootPartCFrame":[760.304,222.478,46.003,-0.995,0,0.095,0,1,0,-0.095,0,-0.995],"_humanoidState":8,"_cameraCFrame":[758.721,233.432,44.177,-0.995,-0.094,0.017,0,0.174,0.985,-0.095,0.98,-0.173],"_shiftlockState":true,"_pose":"Running","_animationQueue":[],"_animationSpeed":1.103,"_zoom":9.6},{"_mousePosition":[683,384],"_rootPartCFrame":[760.039,222.49,45.978,-0.995,0,0.095,0,1,0,-0.095,0,-0.995],"_humanoidState":8,"_cameraCFrame":[758.47,233.444,44.14,-0.995,-0.101,0.018,0,0.174,0.985,-0.103,0.98,-0.173],"_shiftlockState":true,"_pose":"Running","_animationQueue":[],"_animationSpeed":1.103,"_zoom":9.6},{"_mousePosition":[683,384],"_rootPartCFrame":[759.774,222.496,45.952,-0.995,0,0.103,0,1,0,-0.103,0,-0.995],"_humanoidState":8,"_cameraCFrame":[758.237,233.45,44.087,-0.993,-0.119,0.021,0,0.174,0.985,-0.12,0.978,-0.172],"_shiftlockState":true,"_pose":"Running","_animationQueue":[["walk",0.1]],"_animationSpeed":1.103,"_zoom":9.6},{"_mousePosition":[683,384],"_rootPartCFrame":[759.508,222.5,45.925,-0.993,0,0.12,0,1,0,-0.12,0,-0.993],"_humanoidState":8,"_cameraCFrame":[758.069,233.447,43.952,-0.986,-0.165,0.03,0,0.177,0.984,-0.168,0.97,-0.175],"_shiftlockState":true,"_pose":"Running","_animationQueue":[],"_animationSpeed":1.103,"_zoom":9.6},{"_mousePosition":[683,384],"_rootPartCFrame":[759.244,222.502,45.894,-0.986,0,0.168,0,1,0,-0.168,0,-0.986],"_humanoidState":8,"_cameraCFrame":[757.899,233.443,43.824,-0.978,-0.207,0.038,0,0.181,0.983,-0.21,0.961,-0.177],"_shiftlockState":true,"_pose":"Running","_animationQueue":[],"_animationSpeed":1.103,"_zoom":9.6},{"_mousePosition":[683,384],"_rootPartCFrame":[758.98,222.503,45.851,-0.978,0,0.21,0,1,0,-0.21,0,-0.978],"_humanoidState":8,"_cameraCFrame":[757.741,233.44,43.701,-0.966,-0.253,0.047,0,0.183,0.983,-0.257,0.95,-0.177],"_shiftlockState":true,"_pose":"Running","_animationQueue":[],"_animationSpeed":1.103,"_zoom":9.6},{"_mousePosition":[683,384],"_rootPartCFrame":[758.719,222.503,45.797,-0.966,0,0.257,0,1,0,-0.257,0,-0.966],"_humanoidState":8,"_cameraCFrame":[757.585,233.441,43.59,-0.953,-0.298,0.056,0,0.183,0.983,-0.303,0.937,-0.175],"_shiftlockState":true,"_pose":"Running","_animationQueue":[],"_animationSpeed":1.103,"_zoom":9.6},{"_mousePosition":[683,384],"_rootPartCFrame":[758.461,222.504,45.73,-0.953,0,0.303,0,1,0,-0.303,0,-0.953],"_humanoidState":8,"_cameraCFrame":[757.428,233.441,43.474,-0.938,-0.34,0.063,0,0.183,0.983,-0.346,0.922,-0.172],"_shiftlockState":true,"_pose":"Running","_animationQueue":[],"_animationSpeed":1.103,"_zoom":9.6},{"_mousePosition":[683,384],"_rootPartCFrame":[758.207,222.504,45.651,-0.938,0,0.346,0,1,0,-0.346,0,-0.938],"_humanoidState":8,"_cameraCFrame":[757.266,233.441,43.355,-0.923,-0.377,0.07,0,0.183,0.983,-0.384,0.908,-0.169],"_shiftlockState":true,"_pose":"Running","_animationQueue":[],"_animationSpeed":1.103,"_zoom":9.6},{"_mousePosition":[683,384],"_rootPartCFrame":[757.956,222.504,45.56,-0.923,0,0.384,0,1,0,-0.384,0,-0.923],"_humanoidState":8,"_cameraCFrame":[757.084,233.445,43.251,-0.91,-0.407,0.075,0,0.181,0.983,-0.414,0.895,-0.165],"_shiftlockState":true,"_pose":"Running","_animationQueue":[["walk",0.1]],"_animationSpeed":1.103,"_zoom":9.6},{"_mousePosition":[683,384],"_rootPartCFrame":[757.709,222.504,45.459,-0.91,0,0.414,0,1,0,-0.414,0,-0.91],"_humanoidState":8,"_cameraCFrame":[756.882,233.448,43.148,-0.901,-0.428,0.078,0,0.179,0.984,-0.435,0.886,-0.162],"_shiftlockState":true,"_pose":"Running","_animationQueue":[],"_animationSpeed":1.103,"_zoom":9.6},{"_mousePosition":[683,384],"_rootPartCFrame":[757.526,222.504,45.378,-0.901,0,0.435,0,1,0,-0.435,0,-0.901],"_humanoidState":8,"_cameraCFrame":[756.711,233.448,43.062,-0.898,-0.432,0.079,0,0.179,0.984,-0.439,0.884,-0.161],"_shiftlockState":true,"_pose":"Running","_animationQueue":[],"_animationSpeed":1.103,"_zoom":9.6},{"_mousePosition":[683,384],"_rootPartCFrame":[757.226,222.504,45.234,-0.898,0,0.439,0,1,0,-0.439,0,-0.898],"_humanoidState":8,"_cameraCFrame":[756.41,233.448,42.918,-0.898,-0.432,0.079,0,0.179,0.984,-0.439,0.884,-0.161],"_shiftlockState":true,"_pose":"Running","_animationQueue":[],"_animationSpeed":1.103,"_zoom":9.6},{"_mousePosition":[683,384],"_rootPartCFrame":[756.926,222.504,45.088,-0.898,0,0.439,0,1,0,-0.439,0,-0.898],"_humanoidState":8,"_cameraCFrame":[756.116,233.448,42.77,-0.897,-0.434,0.079,0,0.179,0.984,-0.442,0.883,-0.161],"_shiftlockState":true,"_pose":"Running","_animationQueue":[],"_animationSpeed":1.103,"_zoom":9.6},{"_mousePosition":[683,384],"_rootPartCFrame":[756.687,222.504,44.97,-0.897,0,0.441,0,1,0,-0.441,0,-0.897],"_humanoidState":8,"_cameraCFrame":[755.877,233.448,42.652,-0.897,-0.434,0.079,0,0.179,0.984,-0.442,0.883,-0.161],"_shiftlockState":true,"_pose":"Running","_animationQueue":[],"_animationSpeed":1.103,"_zoom":9.6},{"_mousePosition":[683,384],"_rootPartCFrame":[756.507,222.504,44.882,-0.897,0,0.441,0,1,0,-0.441,0,-0.897],"_humanoidState":8,"_cameraCFrame":[755.651,233.448,42.581,-0.906,-0.416,0.076,0,0.179,0.984,-0.423,0.891,-0.163],"_shiftlockState":true,"_pose":"Running","_animationQueue":[],"_animationSpeed":1.103,"_zoom":9.6},{"_mousePosition":[683,384],"_rootPartCFrame":[756.208,222.453,44.735,-0.906,0,0.423,0,1,0,-0.423,0,-0.906],"_humanoidState":8,"_cameraCFrame":[755.245,233.404,42.504,-0.922,-0.38,0.068,0,0.176,0.984,-0.386,0.908,-0.162],"_shiftlockState":true,"_pose":"Running","_animationQueue":[["walk",0.1]],"_animationSpeed":1.103,"_zoom":9.6},{"_mousePosition":[683,384],"_rootPartCFrame":[755.969,222.351,44.617,-0.922,0,0.386,0,1,0,-0.386,0,-0.922],"_humanoidState":8,"_cameraCFrame":[754.871,233.305,42.464,-0.943,-0.327,0.058,0,0.174,0.985,-0.332,0.929,-0.164],"_shiftlockState":true,"_pose":"Running","_animationQueue":[],"_animationSpeed":1.103,"_zoom":9.6},{"_mousePosition":[683,384],"_rootPartCFrame":[755.73,222.194,44.5,-0.943,0,0.332,0,1,0,-0.332,0,-0.943],"_humanoidState":8,"_cameraCFrame":[754.498,233.148,42.42,-0.962,-0.267,0.047,0,0.174,0.985,-0.272,0.948,-0.167],"_shiftlockState":true,"_pose":"Running","_animationQueue":[],"_animationSpeed":1.103,"_zoom":9.6},{"_mousePosition":[683,384],"_rootPartCFrame":[755.49,223.057,44.382,-0.962,0,0.272,0,1,0,-0.272,0,-0.962],"_humanoidState":3,"_cameraCFrame":[754.115,234.011,42.395,-0.979,-0.2,0.035,0,0.174,0.985,-0.203,0.964,-0.17],"_shiftlockState":true,"_pose":"Jumping","_animationQueue":[["walk",0.1],["jump",0.1]],"_animationSpeed":1,"_zoom":9.6},{"_mousePosition":[683,384],"_rootPartCFrame":[755.242,223.865,44.287,-0.956,0,0.292,0,1,0,-0.292,0,-0.956],"_humanoidState":5,"_cameraCFrame":[753.744,234.82,42.391,-0.99,-0.138,0.024,0,0.174,0.985,-0.14,0.975,-0.172],"_shiftlockState":true,"_pose":"FreeFall","_animationQueue":[["jump",0.1]],"_animationSpeed":1,"_zoom":9.6},{"_mousePosition":[683,384],"_rootPartCFrame":[754.983,224.619,44.226,-0.964,0,0.266,0,1,0,-0.266,0,-0.964],"_humanoidState":5,"_cameraCFrame":[753.386,235.573,42.412,-0.996,-0.086,0.015,0,0.174,0.985,-0.088,0.981,-0.173],"_shiftlockState":true,"_pose":"FreeFall","_animationQueue":[],"_animationSpeed":1,"_zoom":9.6},{"_mousePosition":[683,384],"_rootPartCFrame":[754.72,225.319,44.186,-0.976,0,0.219,0,1,0,-0.219,0,-0.976],"_humanoidState":5,"_cameraCFrame":[753.046,236.273,42.442,-0.999,-0.044,0.008,0,0.174,0.985,-0.045,0.984,-0.173],"_shiftlockState":true,"_pose":"FreeFall","_animationQueue":[],"_animationSpeed":1,"_zoom":9.6},{"_mousePosition":[683,384],"_rootPartCFrame":[754.454,225.964,44.16,-0.984,0,0.177,0,1,0,-0.177,0,-0.984],"_humanoidState":5,"_cameraCFrame":[752.724,236.918,42.472,-1,-0.012,0.002,0,0.174,0.985,-0.012,0.985,-0.174],"_shiftlockState":true,"_pose":"FreeFall","_animationQueue":[],"_animationSpeed":1,"_zoom":9.6},{"_mousePosition":[683,384],"_rootPartCFrame":[754.188,226.554,44.146,-0.989,0,0.145,0,1,0,-0.145,0,-0.989],"_humanoidState":5,"_cameraCFrame":[752.412,237.508,42.507,-1,0.016,-0.003,0,0.174,0.985,0.016,0.985,-0.174],"_shiftlockState":true,"_pose":"FreeFall","_animationQueue":[],"_animationSpeed":1,"_zoom":9.6},{"_mousePosition":[683,384],"_rootPartCFrame":[753.921,227.09,44.142,-0.993,0,0.117,0,1,0,-0.117,0,-0.993],"_humanoidState":5,"_cameraCFrame":[752.104,238.044,42.548,-0.999,0.041,-0.007,0,0.174,0.985,0.041,0.984,-0.174],"_shiftlockState":true,"_pose":"FreeFall","_animationQueue":[],"_animationSpeed":1,"_zoom":9.6},{"_mousePosition":[683,384],"_rootPartCFrame":[753.655,227.571,44.145,-0.996,0,0.092,0,1,0,-0.092,0,-0.996],"_humanoidState":5,"_cameraCFrame":[751.806,238.525,42.589,-0.998,0.061,-0.011,0,0.174,0.985,0.061,0.983,-0.173],"_shiftlockState":true,"_pose":"FreeFall","_animationQueue":[],"_animationSpeed":1,"_zoom":9.6},{"_mousePosition":[683,384],"_rootPartCFrame":[753.388,227.998,44.155,-0.997,0,0.072,0,1,0,-0.072,0,-0.997],"_humanoidState":5,"_cameraCFrame":[751.5,238.952,42.646,-0.996,0.085,-0.015,0,0.174,0.985,0.087,0.981,-0.173],"_shiftlockState":true,"_pose":"FreeFall","_animationQueue":[],"_animationSpeed":1,"_zoom":9.6},{"_mousePosition":[683,384],"_rootPartCFrame":[753.122,228.371,44.171,-0.999,0,0.046,0,1,0,-0.046,0,-0.999],"_humanoidState":5,"_cameraCFrame":[751.212,239.325,42.69,-0.995,0.1,-0.018,0,0.174,0.985,0.102,0.98,-0.173],"_shiftlockState":true,"_pose":"FreeFall","_animationQueue":[],"_animationSpeed":1,"_zoom":9.6},{"_mousePosition":[683,384],"_rootPartCFrame":[752.857,228.688,44.193,-1,0,0.031,0,1,0,-0.031,0,-1],"_humanoidState":5,"_cameraCFrame":[750.92,239.643,42.747,-0.993,0.118,-0.021,0,0.174,0.985,0.119,0.978,-0.172],"_shiftlockState":true,"_pose":"FreeFall","_animationQueue":[],"_animationSpeed":1,"_zoom":9.6},{"_mousePosition":[683,384],"_rootPartCFrame":[752.591,228.952,44.219,-1,0,0.014,0,1,0,-0.014,0,-1],"_humanoidState":5,"_cameraCFrame":[750.633,239.906,42.803,-0.991,0.132,-0.023,0,0.174,0.985,0.135,0.976,-0.172],"_shiftlockState":true,"_pose":"FreeFall","_animationQueue":[],"_animationSpeed":1,"_zoom":9.6},{"_mousePosition":[683,384],"_rootPartCFrame":[752.326,229.161,44.25,-1,0,-0.002,0,1,0,0.002,0,-1],"_humanoidState":5,"_cameraCFrame":[750.34,240.115,42.874,-0.988,0.152,-0.027,0,0.174,0.985,0.155,0.973,-0.172],"_shiftlockState":true,"_pose":"FreeFall","_animationQueue":[],"_animationSpeed":1,"_zoom":9.6},{"_mousePosition":[683,384],"_rootPartCFrame":[752.062,229.315,44.286,-1,0,-0.022,0,1,0,0.022,0,-1],"_humanoidState":5,"_cameraCFrame":[750.048,240.269,42.95,-0.985,0.172,-0.03,0,0.174,0.985,0.175,0.97,-0.171],"_shiftlockState":true,"_pose":"FreeFall","_animationQueue":[],"_animationSpeed":1,"_zoom":9.6},{"_mousePosition":[683,384],"_rootPartCFrame":[751.864,229.395,44.316,-0.997,0,-0.075,0,1,0,0.075,0,-0.997],"_humanoidState":5,"_cameraCFrame":[749.83,240.349,43.01,-0.982,0.187,-0.033,0,0.174,0.985,0.189,0.967,-0.171],"_shiftlockState":true,"_pose":"FreeFall","_animationQueue":[],"_animationSpeed":1,"_zoom":9.6},{"_mousePosition":[683,384],"_rootPartCFrame":[751.536,229.46,44.373,-1,0,-0.024,0,1,0,0.024,0,-1],"_humanoidState":5,"_cameraCFrame":[749.489,240.415,43.088,-0.98,0.196,-0.035,0,0.174,0.985,0.199,0.965,-0.17],"_shiftlockState":true,"_pose":"FreeFall","_animationQueue":[],"_animationSpeed":1,"_zoom":9.6},{"_mousePosition":[683,384],"_rootPartCFrame":[751.274,229.451,44.423,-0.998,0,-0.067,0,1,0,0.067,0,-0.998],"_humanoidState":5,"_cameraCFrame":[749.223,240.405,43.144,-0.979,0.199,-0.035,0,0.174,0.985,0.202,0.965,-0.17],"_shiftlockState":true,"_pose":"FreeFall","_animationQueue":[],"_animationSpeed":1,"_zoom":9.6},{"_mousePosition":[683,384],"_rootPartCFrame":[751.013,229.388,44.476,-0.998,0,-0.07,0,1,0,0.07,0,-0.998],"_humanoidState":5,"_cameraCFrame":[748.959,240.342,43.202,-0.979,0.201,-0.035,0,0.174,0.985,0.204,0.964,-0.17],"_shiftlockState":true,"_pose":"FreeFall","_animationQueue":[],"_animationSpeed":1,"_zoom":9.6},{"_mousePosition":[683,384],"_rootPartCFrame":[750.751,229.27,44.53,-0.997,0,-0.072,0,1,0,0.072,0,-0.997],"_humanoidState":5,"_cameraCFrame":[748.691,240.224,43.266,-0.978,0.206,-0.036,0,0.174,0.985,0.209,0.963,-0.17],"_shiftlockState":true,"_pose":"FreeFall","_animationQueue":[],"_animationSpeed":1,"_zoom":9.6},{"_mousePosition":[683,384],"_rootPartCFrame":[750.49,229.097,44.584,-0.997,0,-0.077,0,1,0,0.077,0,-0.997],"_humanoidState":5,"_cameraCFrame":[748.411,240.051,43.351,-0.975,0.221,-0.039,0,0.174,0.985,0.224,0.96,-0.169],"_shiftlockState":true,"_pose":"FreeFall","_animationQueue":[],"_animationSpeed":1,"_zoom":9.6},{"_mousePosition":[683,384],"_rootPartCFrame":[750.229,228.87,44.64,-0.996,0,-0.093,0,1,0,0.093,0,-0.996],"_humanoidState":5,"_cameraCFrame":[748.126,239.824,43.449,-0.97,0.24,-0.042,0,0.174,0.985,0.244,0.955,-0.168],"_shiftlockState":true,"_pose":"FreeFall","_animationQueue":[],"_animationSpeed":1,"_zoom":9.6},{"_mousePosition":[683,384],"_rootPartCFrame":[749.969,228.588,44.699,-0.994,0,-0.113,0,1,0,0.113,0,-0.994],"_humanoidState":5,"_cameraCFrame":[747.839,239.542,43.557,-0.964,0.262,-0.046,0,0.174,0.985,0.266,0.949,-0.167],"_shiftlockState":true,"_pose":"FreeFall","_animationQueue":[],"_animationSpeed":1,"_zoom":9.6},{"_mousePosition":[683,384],"_rootPartCFrame":[749.711,228.252,44.763,-0.991,0,-0.135,0,1,0,0.135,0,-0.991],"_humanoidState":5,"_cameraCFrame":[747.561,239.206,43.659,-0.959,0.279,-0.049,0,0.174,0.985,0.283,0.945,-0.167],"_shiftlockState":true,"_pose":"FreeFall","_animationQueue":[["fall",0.3]],"_animationSpeed":1,"_zoom":9.6},{"_mousePosition":[683,384],"_rootPartCFrame":[749.453,227.862,44.833,-0.988,0,-0.153,0,1,0,0.153,0,-0.988],"_humanoidState":5,"_cameraCFrame":[747.292,238.816,43.751,-0.956,0.288,-0.051,0,0.174,0.985,0.293,0.942,-0.166],"_shiftlockState":true,"_pose":"FreeFall","_animationQueue":[],"_animationSpeed":1,"_zoom":9.6},{"_mousePosition":[683,384],"_rootPartCFrame":[749.197,227.417,44.908,-0.987,0,-0.163,0,1,0,0.163,0,-0.987],"_humanoidState":5,"_cameraCFrame":[747.031,238.371,43.836,-0.955,0.293,-0.052,0,0.174,0.985,0.297,0.94,-0.166],"_shiftlockState":true,"_pose":"FreeFall","_animationQueue":[],"_animationSpeed":1,"_zoom":9.6},{"_mousePosition":[683,384],"_rootPartCFrame":[748.942,226.917,44.985,-0.986,0,-0.168,0,1,0,0.168,0,-0.986],"_humanoidState":5,"_cameraCFrame":[746.77,237.871,43.925,-0.953,0.298,-0.052,0,0.174,0.985,0.302,0.939,-0.166],"_shiftlockState":true,"_pose":"FreeFall","_animationQueue":[],"_animationSpeed":1,"_zoom":9.6},{"_mousePosition":[683,384],"_rootPartCFrame":[748.688,226.363,45.064,-0.985,0,-0.173,0,1,0,0.173,0,-0.985],"_humanoidState":5,"_cameraCFrame":[746.508,237.317,44.021,-0.951,0.305,-0.054,0,0.174,0.985,0.309,0.936,-0.165],"_shiftlockState":true,"_pose":"FreeFall","_animationQueue":[],"_animationSpeed":1,"_zoom":9.6},{"_mousePosition":[683,384],"_rootPartCFrame":[748.433,225.754,45.145,-0.984,0,-0.18,0,1,0,0.18,0,-0.984],"_humanoidState":5,"_cameraCFrame":[746.253,236.708,44.101,-0.951,0.305,-0.054,0,0.174,0.985,0.309,0.936,-0.165],"_shiftlockState":true,"_pose":"FreeFall","_animationQueue":[],"_animationSpeed":1,"_zoom":9.6},{"_mousePosition":[683,384],"_rootPartCFrame":[748.18,225.091,45.227,-0.984,0,-0.18,0,1,0,0.18,0,-0.984],"_humanoidState":5,"_cameraCFrame":[746,236.045,44.183,-0.951,0.305,-0.054,0,0.174,0.985,0.309,0.936,-0.165],"_shiftlockState":true,"_pose":"FreeFall","_animationQueue":[["fall",0.3]],"_animationSpeed":1,"_zoom":9.6},{"_mousePosition":[683,384],"_rootPartCFrame":[747.926,224.373,45.31,-0.984,0,-0.18,0,1,0,0.18,0,-0.984],"_humanoidState":5,"_cameraCFrame":[745.746,235.328,44.266,-0.951,0.305,-0.054,0,0.174,0.985,0.309,0.936,-0.165],"_shiftlockState":true,"_pose":"FreeFall","_animationQueue":[],"_animationSpeed":1,"_zoom":9.6},{"_mousePosition":[683,384],"_rootPartCFrame":[747.672,223.601,45.392,-0.984,0,-0.18,0,1,0,0.18,0,-0.984],"_humanoidState":5,"_cameraCFrame":[745.498,234.556,44.337,-0.952,0.3,-0.053,0,0.174,0.985,0.305,0.938,-0.165],"_shiftlockState":true,"_pose":"FreeFall","_animationQueue":[],"_animationSpeed":1,"_zoom":9.6},{"_mousePosition":[683,384],"_rootPartCFrame":[747.419,222.775,45.475,-0.963,0,-0.271,0,1,0,0.271,0,-0.963],"_humanoidState":7,"_cameraCFrame":[745.277,233.729,44.354,-0.961,0.271,-0.048,0,0.174,0.985,0.276,0.947,-0.167],"_shiftlockState":true,"_pose":"FreeFall","_animationQueue":[["walk",0.1],["fall",0.3],["fall",0.3]],"_animationSpeed":1,"_zoom":9.6},{"_mousePosition":[683,384],"_rootPartCFrame":[747.165,222.186,45.556,-0.962,0,-0.273,0,1,0,0.273,0,-0.962],"_humanoidState":7,"_cameraCFrame":[745.043,233.14,44.398,-0.966,0.255,-0.045,0,0.174,0.985,0.258,0.951,-0.168],"_shiftlockState":true,"_pose":"FreeFall","_animationQueue":[],"_animationSpeed":1,"_zoom":9.6},{"_mousePosition":[683,384],"_rootPartCFrame":[746.845,222.284,45.649,-0.966,0,-0.258,0,1,0,0.258,0,-0.966],"_humanoidState":8,"_cameraCFrame":[744.804,233.235,44.331,-0.981,0.189,-0.034,0,0.176,0.984,0.192,0.966,-0.172],"_shiftlockState":true,"_pose":"Running","_animationQueue":[["walk",0.1],["fall",0.3],["walk",0.1]],"_animationSpeed":1.103,"_zoom":9.6},{"_mousePosition":[683,384],"_rootPartCFrame":[746.587,222.378,45.718,-0.981,0,-0.192,0,1,0,0.192,0,-0.981],"_humanoidState":8,"_cameraCFrame":[744.624,233.326,44.265,-0.991,0.132,-0.024,0,0.177,0.984,0.135,0.975,-0.176],"_shiftlockState":true,"_pose":"Running","_animationQueue":[],"_animationSpeed":1.103,"_zoom":9.6},{"_mousePosition":[683,384],"_rootPartCFrame":[746.326,222.435,45.772,-0.991,0,-0.135,0,1,0,0.135,0,-0.991],"_humanoidState":8,"_cameraCFrame":[744.464,233.375,44.152,-0.998,0.065,-0.012,0,0.181,0.983,0.067,0.981,-0.181],"_shiftlockState":true,"_pose":"Running","_animationQueue":[["walk",0.1]],"_animationSpeed":1.103,"_zoom":9.6},{"_mousePosition":[683,384],"_rootPartCFrame":[746.062,222.466,45.81,-0.998,0,-0.067,0,1,0,0.067,0,-0.998],"_humanoidState":8,"_cameraCFrame":[744.311,233.407,44.071,-1,0.001,0,0,0.181,0.983,0.001,0.983,-0.181],"_shiftlockState":true,"_pose":"Running","_animationQueue":[],"_animationSpeed":1.103,"_zoom":9.6},{"_mousePosition":[683,384],"_rootPartCFrame":[745.796,222.483,45.831,-1,0,-0.001,0,1,0,0.001,0,-1],"_humanoidState":8,"_cameraCFrame":[744.168,233.424,43.976,-0.998,-0.066,0.012,0,0.181,0.983,-0.067,0.981,-0.181],"_shiftlockState":true,"_pose":"Running","_animationQueue":[],"_animationSpeed":1.103,"_zoom":9.6},{"_mousePosition":[683,384],"_rootPartCFrame":[745.53,222.493,45.834,-0.998,0,0.067,0,1,0,-0.067,0,-0.998],"_humanoidState":8,"_cameraCFrame":[744.027,233.434,43.876,-0.991,-0.131,0.024,0,0.181,0.983,-0.133,0.975,-0.18],"_shiftlockState":true,"_pose":"Running","_animationQueue":[],"_animationSpeed":1.103,"_zoom":9.6},{"_mousePosition":[683,384],"_rootPartCFrame":[745.264,222.498,45.818,-0.991,0,0.133,0,1,0,-0.133,0,-0.991],"_humanoidState":8,"_cameraCFrame":[743.898,233.439,43.762,-0.98,-0.197,0.036,0,0.181,0.983,-0.2,0.963,-0.178],"_shiftlockState":true,"_pose":"Running","_animationQueue":[],"_animationSpeed":1.103,"_zoom":9.6},{"_mousePosition":[683,384],"_rootPartCFrame":[744.999,222.501,45.786,-0.98,0,0.2,0,1,0,-0.2,0,-0.98],"_humanoidState":8,"_cameraCFrame":[743.778,233.448,43.67,-0.962,-0.267,0.048,0,0.177,0.984,-0.272,0.947,-0.171],"_shiftlockState":true,"_pose":"Running","_animationQueue":[],"_animationSpeed":1.103,"_zoom":9.6},{"_mousePosition":[683,384],"_rootPartCFrame":[744.737,222.502,45.735,-0.962,0,0.272,0,1,0,-0.272,0,-0.962],"_humanoidState":8,"_cameraCFrame":[743.651,233.456,43.576,-0.942,-0.332,0.058,0,0.174,0.985,-0.337,0.927,-0.164],"_shiftlockState":true,"_pose":"Running","_animationQueue":[["walk",0.1]],"_animationSpeed":1.103,"_zoom":9.6},{"_mousePosition":[683,384],"_rootPartCFrame":[744.48,222.503,45.665,-0.942,0,0.337,0,1,0,-0.337,0,-0.942],"_humanoidState":8,"_cameraCFrame":[743.527,233.457,43.444,-0.919,-0.387,0.068,0,0.174,0.985,-0.393,0.905,-0.16],"_shiftlockState":true,"_pose":"Running","_animationQueue":[],"_animationSpeed":1.103,"_zoom":9.6},{"_mousePosition":[683,384],"_rootPartCFrame":[744.228,222.504,45.578,-0.919,0,0.393,0,1,0,-0.393,0,-0.919],"_humanoidState":8,"_cameraCFrame":[743.354,233.458,43.325,-0.905,-0.419,0.074,0,0.174,0.985,-0.426,0.891,-0.157],"_shiftlockState":true,"_pose":"Running","_animationQueue":[],"_animationSpeed":1.103,"_zoom":9.6},{"_mousePosition":[683,384],"_rootPartCFrame":[743.982,222.504,45.476,-0.905,0,0.426,0,1,0,-0.426,0,-0.905],"_humanoidState":8,"_cameraCFrame":[743.119,233.458,43.218,-0.903,-0.424,0.075,0,0.174,0.985,-0.43,0.889,-0.157],"_shiftlockState":true,"_pose":"Running","_animationQueue":[],"_animationSpeed":1.103,"_zoom":9.6},{"_mousePosition":[683,384],"_rootPartCFrame":[743.74,222.504,45.363,-0.903,0,0.43,0,1,0,-0.43,0,-0.903],"_humanoidState":8,"_cameraCFrame":[742.849,233.458,43.117,-0.908,-0.412,0.073,0,0.174,0.985,-0.419,0.894,-0.158],"_shiftlockState":true,"_pose":"Running","_animationQueue":[],"_animationSpeed":1.103,"_zoom":9.6},{"_mousePosition":[683,384],"_rootPartCFrame":[743.499,222.504,45.249,-0.908,0,0.419,0,1,0,-0.419,0,-0.908],"_humanoidState":8,"_cameraCFrame":[742.523,233.458,43.038,-0.923,-0.378,0.067,0,0.174,0.985,-0.384,0.909,-0.16],"_shiftlockState":true,"_pose":"Running","_animationQueue":[],"_animationSpeed":1.103,"_zoom":9.6},{"_mousePosition":[683,384],"_rootPartCFrame":[743.257,222.504,45.137,-0.923,0,0.384,0,1,0,-0.384,0,-0.923],"_humanoidState":8,"_cameraCFrame":[742.17