[{"_mousePosition":[833,449],"_rootPartCFrame":[776.025,222.7,47.142,0.001,0,1,0,1,0,-1,0,0.001],"_humanoidState":8,"_cameraCFrame":[782.352,237.091,39.808,-0.757,-0.522,0.392,0,0.601,0.799,-0.653,0.605,-0.455],"_shiftlockState":false,"_pose":"Standing","_animationQueue":[],"_animationSpeed":1,"_zoom":16.125},{"_mousePosition":[833,449],"_rootPartCFrame":[775.795,222.7,46.944,0.118,0,0.993,0,1,0,-0.993,0,0.118],"_humanoidState":8,"_cameraCFrame":[782.122,237.091,39.609,-0.757,-0.522,0.392,0,0.601,0.799,-0.653,0.605,-0.455],"_shiftlockState":false,"_pose":"Standing","_animationQueue":[],"_animationSpeed":1,"_zoom":16.125},{"_mousePosition":[833,449],"_rootPartCFrame":[775.695,222.7,46.857,0.159,0,0.987,0,1,0,-0.987,0,0.159],"_humanoidState":8,"_cameraCFrame":[782.022,237.091,39.522,-0.757,-0.522,0.392,0,0.601,0.799,-0.653,0.605,-0.455],"_shiftlockState":false,"_pose":"Running","_animationQueue":[["walk",0.1]],"_animationSpeed":1.089,"_zoom":16.125},{"_mousePosition":[833,449],"_rootPartCFrame":[775.493,222.7,46.683,0.232,0,0.973,0,1,0,-0.973,0,0.232],"_humanoidState":8,"_cameraCFrame":[781.82,237.091,39.348,-0.757,-0.522,0.392,0,0.601,0.799,-0.653,0.605,-0.455],"_shiftlockState":false,"_pose":"Running","_animationQueue":[],"_animationSpeed":1.089,"_zoom":16.125},{"_mousePosition":[833,449],"_rootPartCFrame":[775.291,222.7,46.509,0.294,0,0.956,0,1,0,-0.956,0,0.294],"_humanoidState":8,"_cameraCFrame":[781.585,237.129,39.212,-0.757,-0.524,0.39,0,0.598,0.802,-0.653,0.607,-0.453],"_shiftlockState":false,"_pose":"Running","_animationQueue":[],"_animationSpeed":1.089,"_zoom":16.125},{"_mousePosition":[833,449],"_rootPartCFrame":[774.988,222.7,46.248,0.373,0,0.928,0,1,0,-0.928,0,0.373],"_humanoidState":8,"_cameraCFrame":[781.231,237.166,38.973,-0.759,-0.524,0.387,0,0.594,0.804,-0.651,0.61,-0.451],"_shiftlockState":false,"_pose":"Running","_animationQueue":[],"_animationSpeed":1.089,"_zoom":16.125},{"_mousePosition":[833,449],"_rootPartCFrame":[774.887,222.7,46.161,0.394,0,0.919,0,1,0,-0.919,0,0.394],"_humanoidState":8,"_cameraCFrame":[781.08,237.222,38.944,-0.759,-0.526,0.384,0,0.59,0.808,-0.651,0.613,-0.448],"_shiftlockState":false,"_pose":"Running","_animationQueue":[],"_animationSpeed":1.089,"_zoom":16.125},{"_mousePosition":[833,449],"_rootPartCFrame":[774.685,222.7,45.987,0.431,0,0.902,0,1,0,-0.902,0,0.431],"_humanoidState":8,"_cameraCFrame":[780.742,237.332,38.855,-0.762,-0.527,0.376,0,0.58,0.814,-0.647,0.621,-0.442],"_shiftlockState":false,"_pose":"Running","_animationQueue":[],"_animationSpeed":1.089,"_zoom":16.125},{"_mousePosition":[833,449],"_rootPartCFrame":[774.381,222.7,45.726,0.479,0,0.878,0,1,0,-0.878,0,0.479],"_humanoidState":8,"_cameraCFrame":[780.354,237.405,38.658,-0.764,-0.529,0.37,0,0.574,0.819,-0.645,0.625,-0.438],"_shiftlockState":false,"_pose":"Running","_animationQueue":[["walk",0.1]],"_animationSpeed":1.089,"_zoom":16.125},{"_mousePosition":[833,449],"_rootPartCFrame":[774.28,222.7,45.64,0.491,0,0.871,0,1,0,-0.871,0,0.491],"_humanoidState":8,"_cameraCFrame":[780.169,237.476,38.636,-0.765,-0.53,0.365,0,0.568,0.823,-0.644,0.63,-0.434],"_shiftlockState":false,"_pose":"Running","_animationQueue":[],"_animationSpeed":1.089,"_zoom":16.125},{"_mousePosition":[833,449],"_rootPartCFrame":[774.076,222.7,45.468,0.513,0,0.858,0,1,0,-0.858,0,0.513],"_humanoidState":8,"_cameraCFrame":[779.863,237.547,38.513,-0.769,-0.529,0.359,0,0.561,0.828,-0.64,0.636,-0.431],"_shiftlockState":false,"_pose":"Running","_animationQueue":[],"_animationSpeed":1.089,"_zoom":16.125},{"_mousePosition":[833,449],"_rootPartCFrame":[773.77,222.7,45.21,0.541,0,0.841,0,1,0,-0.841,0,0.541],"_humanoidState":8,"_cameraCFrame":[779.421,237.635,38.313,-0.773,-0.528,0.35,0,0.553,0.833,-0.634,0.644,-0.428],"_shiftlockState":false,"_pose":"Running","_animationQueue":[],"_animationSpeed":1.089,"_zoom":16.125},{"_mousePosition":[833,449],"_rootPartCFrame":[773.667,222.7,45.125,0.548,0,0.837,0,1,0,-0.837,0,0.548],"_humanoidState":8,"_cameraCFrame":[779.184,237.721,38.287,-0.778,-0.527,0.342,0,0.545,0.839,-0.628,0.653,-0.424],"_shiftlockState":false,"_pose":"Running","_animationQueue":[],"_animationSpeed":1.089,"_zoom":16.125},{"_mousePosition":[833,449],"_rootPartCFrame":[773.358,222.7,44.871,0.566,0,0.825,0,1,0,-0.825,0,0.566],"_humanoidState":8,"_cameraCFrame":[778.74,237.806,38.095,-0.783,-0.525,0.334,0,0.537,0.844,-0.622,0.661,-0.42],"_shiftlockState":false,"_pose":"Running","_animationQueue":[],"_animationSpeed":1.089,"_zoom":16.125},{"_mousePosition":[833,449],"_rootPartCFrame":[773.151,222.7,44.704,0.575,0,0.818,0,1,0,-0.818,0,0.575],"_humanoidState":8,"_cameraCFrame":[778.366,237.906,38,-0.789,-0.522,0.323,0,0.527,0.85,-0.614,0.671,-0.416],"_shiftlockState":false,"_pose":"Running","_animationQueue":[],"_animationSpeed":1.089,"_zoom":16.125},{"_mousePosition":[833,449],"_rootPartCFrame":[773.046,222.7,44.621,0.578,0,0.816,0,1,0,-0.816,0,0.578],"_humanoidState":8,"_cameraCFrame":[778.112,237.988,37.971,-0.795,-0.518,0.314,0,0.518,0.855,-0.606,0.68,-0.412],"_shiftlockState":false,"_pose":"Running","_animationQueue":[["walk",0.1]],"_animationSpeed":1.089,"_zoom":16.125},{"_mousePosition":[833,449],"_rootPartCFrame":[772.836,222.7,44.457,0.583,0,0.812,0,1,0,-0.812,0,0.583],"_humanoidState":8,"_cameraCFrame":[777.754,238.069,37.864,-0.802,-0.514,0.305,0,0.51,0.86,-0.598,0.689,-0.409],"_shiftlockState":false,"_pose":"Running","_animationQueue":[],"_animationSpeed":1.089,"_zoom":16.125},{"_mousePosition":[833,449],"_rootPartCFrame":[772.624,222.7,44.295,0.586,0,0.81,0,1,0,-0.81,0,0.586],"_humanoidState":8,"_cameraCFrame":[777.395,238.149,37.762,-0.808,-0.51,0.296,0,0.502,0.865,-0.59,0.699,-0.405],"_shiftlockState":false,"_pose":"Running","_animationQueue":[],"_animationSpeed":1.089,"_zoom":16.125},{"_mousePosition":[833,449],"_rootPartCFrame":[772.197,222.7,43.976,0.59,0,0.808,0,1,0,-0.808,0,0.59],"_humanoidState":8,"_cameraCFrame":[776.758,238.258,37.527,-0.816,-0.503,0.283,0,0.49,0.872,-0.577,0.712,-0.4],"_shiftlockState":false,"_pose":"Running","_animationQueue":[],"_animationSpeed":1.089,"_zoom":16.125},{"_mousePosition":[833,449],"_rootPartCFrame":[772.089,222.7,43.897,0.59,0,0.808,0,1,0,-0.808,0,0.59],"_humanoidState":8,"_cameraCFrame":[776.506,238.334,37.516,-0.822,-0.499,0.274,0,0.481,0.877,-0.569,0.721,-0.396],"_shiftlockState":false,"_pose":"Running","_animationQueue":[],"_animationSpeed":1.089,"_zoom":16.125},{"_mousePosition":[833,449],"_rootPartCFrame":[771.872,222.7,43.743,0.588,0,0.809,0,1,0,-0.809,0,0.588],"_humanoidState":8,"_cameraCFrame":[776.178,238.394,37.419,-0.827,-0.495,0.267,0,0.474,0.88,-0.563,0.728,-0.392],"_shiftlockState":false,"_pose":"Running","_animationQueue":[],"_animationSpeed":1.089,"_zoom":16.125},{"_mousePosition":[833,449],"_rootPartCFrame":[771.652,222.7,43.591,0.586,0,0.81,0,1,0,-0.81,0,0.586],"_humanoidState":8,"_cameraCFrame":[775.849,238.453,37.327,-0.831,-0.492,0.26,0,0.468,0.884,-0.557,0.734,-0.388],"_shiftlockState":false,"_pose":"Running","_animationQueue":[["walk",0.1]],"_animationSpeed":1.089,"_zoom":16.125},{"_mousePosition":[833,449],"_rootPartCFrame":[771.432,222.7,43.441,0.583,0,0.813,0,1,0,-0.813,0,0.583],"_humanoidState":8,"_cameraCFrame":[775.535,238.497,37.215,-0.835,-0.488,0.254,0,0.462,0.887,-0.55,0.74,-0.386],"_shiftlockState":false,"_pose":"Running","_animationQueue":[],"_animationSpeed":1.089,"_zoom":16.125},{"_mousePosition":[833,449],"_rootPartCFrame":[771.211,222.7,43.292,0.579,0,0.815,0,1,0,-0.815,0,0.579],"_humanoidState":8,"_cameraCFrame":[775.221,238.54,37.105,-0.839,-0.484,0.249,0,0.457,0.889,-0.544,0.746,-0.384],"_shiftlockState":false,"_pose":"Running","_animationQueue":[],"_animationSpeed":1.089,"_zoom":16.125},{"_mousePosition":[833,449],"_rootPartCFrame":[770.988,222.7,43.145,0.576,0,0.818,0,1,0,-0.818,0,0.576],"_humanoidState":8,"_cameraCFrame":[774.937,238.569,36.985,-0.842,-0.481,0.245,0,0.454,0.891,-0.54,0.75,-0.382],"_shiftlockState":false,"_pose":"Running","_animationQueue":[],"_animationSpeed":1.089,"_zoom":16.125},{"_mousePosition":[833,449],"_rootPartCFrame":[770.764,222.7,43,0.571,0,0.821,0,1,0,-0.821,0,0.571],"_humanoidState":8,"_cameraCFrame":[773.192,238.598,35.937,-0.843,-0.48,0.242,0,0.45,0.893,-0.538,0.753,-0.38],"_shiftlockState":true,"_pose":"Running","_animationQueue":[],"_animationSpeed":1.089,"_zoom":16.125},{"_mousePosition":[683,384],"_rootPartCFrame":[770.54,222.7,42.856,-0.882,0,0.472,0,1,0,-0.472,0,-0.882],"_humanoidState":8,"_cameraCFrame":[772.967,238.598,35.793,-0.843,-0.48,0.242,0,0.45,0.893,-0.538,0.753,-0.38],"_shiftlockState":true,"_pose":"Running","_animationQueue":[],"_animationSpeed":1.089,"_zoom":16.125},{"_mousePosition":[683,384],"_rootPartCFrame":[770.315,222.7,42.713,-0.859,0,0.512,0,1,0,-0.512,0,-0.859],"_humanoidState":8,"_cameraCFrame":[772.659,238.626,35.679,-0.847,-0.475,0.237,0,0.447,0.895,-0.531,0.758,-0.379],"_shiftlockState":true,"_pose":"Running","_animationQueue":[["walk",0.1]],"_animationSpeed":1.089,"_zoom":16.125},{"_mousePosition":[683,384],"_rootPartCFrame":[770.09,222.7,42.569,-0.849,0,0.528,0,1,0,-0.528,0,-0.849],"_humanoidState":8,"_cameraCFrame":[772.386,238.654,35.577,-0.849,-0.474,0.234,0,0.443,0.896,-0.529,0.761,-0.376],"_shiftlockState":true,"_pose":"Running","_animationQueue":[],"_animationSpeed":1.089,"_zoom":16.125},{"_mousePosition":[683,384],"_rootPartCFrame":[769.866,222.666,42.426,-0.849,0,0.529,0,1,0,-0.529,0,-0.849],"_humanoidState":8,"_cameraCFrame":[772.129,238.633,35.452,-0.85,-0.473,0.233,0,0.442,0.897,-0.527,0.763,-0.375],"_shiftlockState":true,"_pose":"Running","_animationQueue":[],"_animationSpeed":1.089,"_zoom":16.125},{"_mousePosition":[683,384],"_rootPartCFrame":[769.641,223.528,42.283,-0.85,0,0.527,0,1,0,-0.527,0,-0.85],"_humanoidState":3,"_cameraCFrame":[771.872,239.51,35.327,-0.851,-0.471,0.231,0,0.44,0.898,-0.525,0.765,-0.374],"_shiftlockState":true,"_pose":"Jumping","_animationQueue":[["walk",0.1],["jump",0.1]],"_animationSpeed":1,"_zoom":16.125},{"_mousePosition":[683,384],"_rootPartCFrame":[769.414,224.337,42.142,-0.799,0,0.601,0,1,0,-0.601,0,-0.799],"_humanoidState":5,"_cameraCFrame":[771.645,240.319,35.186,-0.851,-0.471,0.231,0,0.44,0.898,-0.525,0.765,-0.374],"_shiftlockState":true,"_pose":"FreeFall","_animationQueue":[["jump",0.1]],"_animationSpeed":1,"_zoom":16.125},{"_mousePosition":[683,384],"_rootPartCFrame":[769.244,224.907,42.037,-0.797,0,0.604,0,1,0,-0.604,0,-0.797],"_humanoidState":5,"_cameraCFrame":[771.475,240.889,35.081,-0.851,-0.471,0.231,0,0.44,0.898,-0.525,0.765,-0.374],"_shiftlockState":true,"_pose":"FreeFall","_animationQueue":[],"_animationSpeed":1,"_zoom":16.125},{"_mousePosition":[683,384],"_rootPartCFrame":[768.96,225.79,41.862,-0.753,0,0.658,0,1,0,-0.658,0,-0.753],"_humanoidState":5,"_cameraCFrame":[771.191,241.772,34.906,-0.851,-0.471,0.231,0,0.44,0.898,-0.525,0.765,-0.374],"_shiftlockState":true,"_pose":"FreeFall","_animationQueue":[],"_animationSpeed":1,"_zoom":16.125},{"_mousePosition":[683,384],"_rootPartCFrame":[768.79,226.279,41.757,-0.795,0,0.607,0,1,0,-0.607,0,-0.795],"_humanoidState":5,"_cameraCFrame":[771.021,242.261,34.801,-0.851,-0.471,0.231,0,0.44,0.898,-0.525,0.765,-0.374],"_shiftlockState":true,"_pose":"FreeFall","_animationQueue":[],"_animationSpeed":1,"_zoom":16.125},{"_mousePosition":[683,384],"_rootPartCFrame":[768.506,227.025,41.582,-0.753,0,0.659,0,1,0,-0.659,0,-0.753],"_humanoidState":5,"_cameraCFrame":[770.737,243.007,34.626,-0.851,-0.471,0.231,0,0.44,0.898,-0.525,0.765,-0.374],"_shiftlockState":true,"_pose":"FreeFall","_animationQueue":[],"_animationSpeed":1,"_zoom":16.125},{"_mousePosition":[683,384],"_rootPartCFrame":[768.279,227.561,41.442,-0.774,0,0.633,0,1,0,-0.633,0,-0.774],"_humanoidState":5,"_cameraCFrame":[770.51,243.543,34.486,-0.851,-0.471,0.231,0,0.44,0.898,-0.525,0.765,-0.374],"_shiftlockState":true,"_pose":"FreeFall","_animationQueue":[],"_animationSpeed":1,"_zoom":16.125},{"_mousePosition":[683,384],"_rootPartCFrame":[768.052,228.043,41.302,-0.774,0,0.633,0,1,0,-0.633,0,-0.774],"_humanoidState":5,"_cameraCFrame":[770.283,244.025,34.347,-0.851,-0.471,0.231,0,0.44,0.898,-0.525,0.765,-0.374],"_shiftlockState":true,"_pose":"FreeFall","_animationQueue":[],"_animationSpeed":1,"_zoom":16.125},{"_mousePosition":[683,384],"_rootPartCFrame":[767.825,228.47,41.162,-0.774,0,0.633,0,1,0,-0.633,0,-0.774],"_humanoidState":5,"_cameraCFrame":[770.056,244.451,34.207,-0.851,-0.471,0.231,0,0.44,0.898,-0.525,0.765,-0.374],"_shiftlockState":true,"_pose":"FreeFall","_animationQueue":[],"_animationSpeed":1,"_zoom":16.125},{"_mousePosition":[683,384],"_rootPartCFrame":[767.655,228.754,41.057,-0.795,0,0.607,0,1,0,-0.607,0,-0.795],"_humanoidState":5,"_cameraCFrame":[769.856,244.763,34.15,-0.851,-0.472,0.229,0,0.436,0.9,-0.525,0.766,-0.371],"_shiftlockState":true,"_pose":"FreeFall","_animationQueue":[],"_animationSpeed":1,"_zoom":16.125},{"_mousePosition":[683,384],"_rootPartCFrame":[767.428,229.086,40.917,-0.774,0,0.633,0,1,0,-0.633,0,-0.774],"_humanoidState":5,"_cameraCFrame":[769.629,245.095,34.01,-0.851,-0.472,0.229,0,0.436,0.9,-0.525,0.766,-0.371],"_shiftlockState":true,"_pose":"FreeFall","_animationQueue":[],"_animationSpeed":1,"_zoom":16.125},{"_mousePosition":[683,384],"_rootPartCFrame":[767.201,229.363,40.777,-0.774,0,0.633,0,1,0,-0.633,0,-0.774],"_humanoidState":5,"_cameraCFrame":[769.387,245.386,33.894,-0.851,-0.473,0.228,0,0.435,0.901,-0.525,0.767,-0.37],"_shiftlockState":true,"_pose":"FreeFall","_animationQueue":[],"_animationSpeed":1,"_zoom":16.125},{"_mousePosition":[683,384],"_rootPartCFrame":[766.917,229.632,40.603,-0.753,0,0.659,0,1,0,-0.659,0,-0.753],"_humanoidState":5,"_cameraCFrame":[769.089,245.669,33.743,-0.851,-0.473,0.227,0,0.433,0.901,-0.525,0.767,-0.368],"_shiftlockState":true,"_pose":"FreeFall","_animationQueue":[],"_animationSpeed":1,"_zoom":16.125},{"_mousePosition":[683,384],"_rootPartCFrame":[766.747,229.753,40.498,-0.795,0,0.607,0,1,0,-0.607,0,-0.795],"_humanoidState":5,"_cameraCFrame":[768.874,245.83,33.711,-0.851,-0.474,0.224,0,0.428,0.904,-0.525,0.77,-0.364],"_shiftlockState":true,"_pose":"FreeFall","_animationQueue":[],"_animationSpeed":1,"_zoom":16.125},{"_mousePosition":[683,384],"_rootPartCFrame":[766.463,229.887,40.323,-0.753,0,0.659,0,1,0,-0.659,0,-0.753],"_humanoidState":5,"_cameraCFrame":[768.575,245.977,33.56,-0.851,-0.475,0.223,0,0.426,0.905,-0.525,0.77,-0.362],"_shiftlockState":true,"_pose":"FreeFall","_animationQueue":[],"_animationSpeed":1,"_zoom":16.125},{"_mousePosition":[683,384],"_rootPartCFrame":[766.236,229.932,40.183,-0.774,0,0.633,0,1,0,-0.633,0,-0.774],"_humanoidState":5,"_cameraCFrame":[768.301,246.049,33.463,-0.853,-0.474,0.221,0,0.422,0.906,-0.523,0.773,-0.36],"_shiftlockState":true,"_pose":"FreeFall","_animationQueue":[],"_animationSpeed":1,"_zoom":16.125},{"_mousePosition":[683,384],"_rootPartCFrame":[766.009,229.923,40.043,-0.776,0,0.631,0,1,0,-0.631,0,-0.776],"_humanoidState":5,"_cameraCFrame":[768.01,246.066,33.362,-0.855,-0.471,0.217,0,0.419,0.908,-0.518,0.777,-0.358],"_shiftlockState":true,"_pose":"FreeFall","_animationQueue":[["fall",0.3]],"_animationSpeed":1,"_zoom":16.125},{"_mousePosition":[683,384],"_rootPartCFrame":[765.838,229.88,39.938,-0.799,0,0.601,0,1,0,-0.601,0,-0.799],"_humanoidState":5,"_cameraCFrame":[767.793,246.05,33.301,-0.857,-0.469,0.214,0,0.415,0.91,-0.516,0.779,-0.356],"_shiftlockState":true,"_pose":"FreeFall","_animationQueue":[],"_animationSpeed":1,"_zoom":16.125},{"_mousePosition":[683,384],"_rootPartCFrame":[765.553,229.741,39.765,-0.759,0,0.651,0,1,0,-0.651,0,-0.759],"_humanoidState":5,"_cameraCFrame":[767.429,245.937,33.163,-0.86,-0.464,0.21,0,0.412,0.911,-0.51,0.784,-0.354],"_shiftlockState":true,"_pose":"FreeFall","_animationQueue":[],"_animationSpeed":1,"_zoom":16.125},{"_mousePosition":[683,384],"_rootPartCFrame":[765.382,229.617,39.662,-0.805,0,0.593,0,1,0,-0.593,0,-0.805],"_humanoidState":5,"_cameraCFrame":[767.148,245.851,33.115,-0.866,-0.458,0.203,0,0.406,0.914,-0.501,0.791,-0.352],"_shiftlockState":true,"_pose":"FreeFall","_animationQueue":[],"_animationSpeed":1,"_zoom":16.125},{"_mousePosition":[683,384],"_rootPartCFrame":[765.153,229.403,39.526,-0.791,0,0.611,0,1,0,-0.611,0,-0.791],"_humanoidState":5,"_cameraCFrame":[766.826,245.676,33.041,-0.869,-0.453,0.198,0,0.401,0.916,-0.494,0.796,-0.349],"_shiftlockState":true,"_pose":"FreeFall","_animationQueue":[],"_animationSpeed":1,"_zoom":16.125},{"_mousePosition":[683,384],"_rootPartCFrame":[764.864,229.06,39.359,-0.775,0,0.631,0,1,0,-0.631,0,-0.775],"_humanoidState":5,"_cameraCFrame":[766.43,245.37,32.933,-0.874,-0.446,0.192,0,0.396,0.918,-0.485,0.803,-0.346],"_shiftlockState":true,"_pose":"FreeFall","_animationQueue":[],"_animationSpeed":1,"_zoom":16.125},{"_mousePosition":[683,384],"_rootPartCFrame":[764.691,228.813,39.26,-0.822,0,0.57,0,1,0,-0.57,0,-0.822],"_humanoidState":5,"_cameraCFrame":[766.182,245.16,32.902,-0.877,-0.443,0.188,0,0.39,0.921,-0.481,0.807,-0.342],"_shiftlockState":true,"_pose":"FreeFall","_animationQueue":[],"_animationSpeed":1,"_zoom":16.125},{"_mousePosition":[683,384],"_rootPartCFrame":[764.458,228.436,39.13,-0.805,0,0.593,0,1,0,-0.593,0,-0.805],"_humanoidState":5,"_cameraCFrame":[765.935,244.795,32.797,-0.877,-0.443,0.187,0,0.388,0.922,-0.481,0.808,-0.341],"_shiftlockState":true,"_pose":"FreeFall","_animationQueue":[["fall",0.3]],"_animationSpeed":1,"_zoom":16.125},{"_mousePosition":[683,384],"_rootPartCFrame":[764.162,227.888,39.005,-0.801,0,0.599,0,1,0,-0.599,0,-0.801],"_humanoidState":5,"_cameraCFrame":[765.64,244.247,32.673,-0.877,-0.443,0.187,0,0.388,0.922,-0.481,0.808,-0.341],"_shiftlockState":true,"_pose":"FreeFall","_animationQueue":[],"_animationSpeed":1,"_zoom":16.125},{"_mousePosition":[683,384],"_rootPartCFrame":[763.981,227.518,38.96,-0.836,0,0.549,0,1,0,-0.549,0,-0.836],"_humanoidState":5,"_cameraCFrame":[765.699,243.89,32.717,-0.857,-0.476,0.199,0,0.387,0.922,-0.516,0.79,-0.331],"_shiftlockState":true,"_pose":"FreeFall","_animationQueue":[],"_animationSpeed":1,"_zoom":16.125},{"_mousePosition":[683,384],"_rootPartCFrame":[763.675,226.834,38.934,-0.785,0,0.62,0,1,0,-0.62,0,-0.785],"_humanoidState":5,"_cameraCFrame":[767.049,243.193,33.375,-0.684,-0.673,0.283,0,0.388,0.922,-0.73,0.63,-0.266],"_shiftlockState":true,"_pose":"FreeFall","_animationQueue":[],"_animationSpeed":1,"_zoom":16.125},{"_mousePosition":[683,384],"_rootPartCFrame":[763.533,226.25,38.818,-0.683,0.023,0.73,-0.006,0.999,-0.037,-0.731,-0.029,-0.682],"_humanoidState":5,"_cameraCFrame":[768.556,242.608,34.604,-0.411,-0.84,0.354,0,0.388,0.922,-0.912,0.379,-0.16],"_shiftlockState":true,"_pose":"FreeFall","_animationQueue":[],"_animationSpeed":1,"_zoom":16.125},{"_mousePosition":[683,384],"_rootPartCFrame":[763.539,225.639,38.529,-0.441,0.007,0.897,-0.008,1,-0.012,-0.897,-0.012,-0.441],"_humanoidState":7,"_cameraCFrame":[769.675,241.998,36.331,-0.069,-0.919,0.387,0,0.388,0.922,-0.998,0.064,-0.027],"_shiftlockState":true,"_pose":"FreeFall","_animationQueue":[["walk",0.1],["fall",0.3],["fall",0.3]],"_animationSpeed":1,"_zoom":16.125},{"_mousePosition":[683,384],"_rootPartCFrame":[763.459,225.533,38.255,-0.098,-0.002,0.995,-0.007,1,0.002,-0.995,-0.006,-0.098],"_humanoidState":7,"_cameraCFrame":[770.081,241.83,37.779,0.195,-0.9,0.39,0,0.397,0.918,-0.981,-0.179,0.077],"_shiftlockState":true,"_pose":"FreeFall","_animationQueue":[["fall",0.3]],"_animationSpeed":1,"_zoom":16.125},{"_mousePosition":[683,384],"_rootPartCFrame":[763.323,225.527,38.091,0.185,0.005,0.983,-0.006,1,-0.004,-0.983,-0.005,0.185],"_humanoidState":8,"_cameraCFrame":[770.107,241.762,38.331,0.293,-0.874,0.388,0,0.406,0.914,-0.956,-0.268,0.119],"_shiftlockState":true,"_pose":"Running","_animationQueue":[["walk",0.1],["fall",0.3],["walk",0.1]],"_animationSpeed":1.014,"_zoom":16.125},{"_mousePosition":[683,384],"_rootPartCFrame":[763.172,226.411,37.971,0.289,0.004,0.957,0,1,-0.004,-0.957,0.001,0.289],"_humanoidState":3,"_cameraCFrame":[770.125,242.567,37.936,0.247,-0.881,0.404,0,0.417,0.909,-0.969,-0.224,0.103],"_shiftlockState":true,"_pose":"Jumping","_animationQueue":[["walk",0.1],["jump",0.1]],"_animationSpeed":1,"_zoom":16.125},{"_mousePosition":[683,384],"_rootPartCFrame":[763.062,227.053,37.865,0.296,0.002,0.955,0.001,1,-0.003,-0.955,0.002,0.296],"_humanoidState":5,"_cameraCFrame":[770.012,243.143,36.478,0.052,-0.904,0.425,0,0.426,0.905,-0.999,-0.047,0.022],"_shiftlockState":true,"_pose":"FreeFall","_animationQueue":[["jump",0.1]],"_animationSpeed":1,"_zoom":16.125},{"_mousePosition":[683,384],"_rootPartCFrame":[762.914,228.055,37.66,0.203,0.001,0.979,0,1,-0.001,-0.979,0,0.203],"_humanoidState":5,"_cameraCFrame":[769.237,244.145,34.462,-0.217,-0.883,0.416,0,0.426,0.905,-0.976,0.196,-0.092],"_shiftlockState":true,"_pose":"FreeFall","_animationQueue":[],"_animationSpeed":1,"_zoom":16.125},{"_mousePosition":[683,384],"_rootPartCFrame":[762.833,228.795,37.47,-0.086,0,0.996,0,1,0,-0.996,0,-0.086],"_humanoidState":5,"_cameraCFrame":[768.033,244.886,32.658,-0.477,-0.795,0.374,0,0.426,0.905,-0.879,0.432,-0.203],"_shiftlockState":true,"_pose":"FreeFall","_animationQueue":[],"_animationSpeed":1,"_zoom":16.125},{"_mousePosition":[683,384],"_rootPartCFrame":[762.784,229.314,37.307,-0.387,0,0.922,0,1,0,-0.922,0,-0.387],"_humanoidState":5,"_cameraCFrame":[766.851,245.405,31.506,-0.652,-0.686,0.323,0,0.426,0.905,-0.759,0.59,-0.277],"_shiftlockState":true,"_pose":"FreeFall","_animationQueue":[],"_animationSpeed":1,"_zoom":16.125},{"_mousePosition":[683,384],"_rootPartCFrame":[762.667,230.112,37.018,-0.517,0,0.856,0,1,0,-0.856,0,-0.517],"_humanoidState":5,"_cameraCFrame":[765.617,246.189,30.547,-0.78,-0.566,0.268,0,0.428,0.904,-0.626,0.705,-0.333],"_shiftlockState":true,"_pose":"FreeFall","_animationQueue":[],"_animationSpeed":1,"_zoom":16.125},{"_mousePosition":[683,384],"_rootPartCFrame":[762.532,230.689,36.796,-0.69,0,0.724,0,1,0,-0.724,0,-0.69],"_humanoidState":5,"_cameraCFrame":[765.285,246.752,30.209,-0.8,-0.542,0.258,0,0.429,0.903,-0.6,0.723,-0.343],"_shiftlockState":true,"_pose":"FreeFall","_animationQueue":[],"_animationSpeed":1,"_zoom":16.125},{"_mousePosition":[683,384],"_rootPartCFrame":[762.409,231.086,36.644,-0.736,0,0.677,0,1,0,-0.677,0,-0.736],"_humanoidState":5,"_cameraCFrame":[764.91,247.149,29.957,-0.822,-0.514,0.244,0,0.429,0.903,-0.569,0.743,-0.353],"_shiftlockState":true,"_pose":"FreeFall","_animationQueue":[],"_animationSpeed":1,"_zoom":16.125},{"_mousePosition":[683,384],"_rootPartCFrame":[762.218,231.567,36.465,-0.739,0,0.673,0,1,0,-0.673,0,-0.739],"_humanoidState":5,"_cameraCFrame":[764.685,247.631,29.764,-0.825,-0.51,0.243,0,0.429,0.903,-0.565,0.745,-0.354],"_shiftlockState":true,"_pose":"FreeFall","_animationQueue":[],"_animationSpeed":1,"_zoom":16.125},{"_mousePosition":[683,384],"_rootPartCFrame":[761.948,232.092,36.27,-0.72,0,0.694,0,1,0,-0.694,0,-0.72],"_humanoidState":5,"_cameraCFrame":[764.299,248.183,29.587,-0.832,-0.502,0.236,0,0.426,0.905,-0.554,0.753,-0.354],"_shiftlockState":true,"_pose":"FreeFall","_animationQueue":[],"_animationSpeed":1,"_zoom":16.125},{"_mousePosition":[683,384],"_rootPartCFrame":[761.784,232.366,36.157,-0.773,0,0.635,0,1,0,-0.635,0,-0.773],"_humanoidState":5,"_cameraCFrame":[763.913,248.457,29.4,-0.85,-0.477,0.224,0,0.426,0.905,-0.527,0.769,-0.362],"_shiftlockState":true,"_pose":"FreeFall","_animationQueue":[],"_animationSpeed":1,"_zoom":16.125},{"_mousePosition":[683,384],"_rootPartCFrame":[761.506,232.755,35.972,-0.751,0,0.66,0,1,0,-0.66,0,-0.751],"_humanoidState":5,"_cameraCFrame":[763.256,248.846,29.107,-0.878,-0.433,0.204,0,0.426,0.905,-0.479,0.794,-0.374],"_shiftlockState":true,"_pose":"FreeFall","_animationQueue":[],"_animationSpeed":1,"_zoom":16.125},{"_mousePosition":[683,384],"_rootPartCFrame":[761.28,233.005,35.83,-0.807,0,0.591,0,1,0,-0.591,0,-0.807],"_humanoidState":5,"_cameraCFrame":[762.575,249.095,28.865,-0.908,-0.38,0.179,0,0.426,0.905,-0.42,0.821,-0.386],"_shiftlockState":true,"_pose":"FreeFall","_animationQueue":[],"_animationSpeed":1,"_zoom":16.125},{"_mousePosition":[683,384],"_rootPartCFrame":[761.106,233.156,35.733,-0.861,0,0.508,0,1,0,-0.508,0,-0.861],"_humanoidState":5,"_cameraCFrame":[761.976,249.247,28.702,-0.931,-0.329,0.155,0,0.426,0.905,-0.364,0.843,-0.397],"_shiftlockState":true,"_pose":"FreeFall","_animationQueue":[],"_animationSpeed":1,"_zoom":16.125},{"_mousePosition":[683,384],"_rootPartCFrame":[760.805,233.341,35.59,-0.858,0,0.513,0,1,0,-0.513,0,-0.858],"_humanoidState":5,"_cameraCFrame":[761.318,249.431,28.524,-0.949,-0.286,0.135,0,0.426,0.905,-0.316,0.858,-0.404],"_shiftlockState":true,"_pose":"FreeFall","_animationQueue":[],"_animationSpeed":1,"_zoom":16.125},{"_mousePosition":[683,384],"_rootPartCFrame":[760.558,233.427,35.49,-0.898,0,0.44,0,1,0,-0.44,0,-0.898],"_humanoidState":5,"_cameraCFrame":[760.874,249.518,28.413,-0.957,-0.262,0.123,0,0.426,0.905,-0.29,0.866,-0.407],"_shiftlockState":true,"_pose":"FreeFall","_animationQueue":[],"_animationSpeed":1,"_zoom":16.125},{"_mousePosition":[683,384],"_rootPartCFrame":[760.369,233.456,35.425,-0.923,0,0.384,0,1,0,-0.384,0,-0.923],"_humanoidState":5,"_cameraCFrame":[760.559,249.547,28.343,-0.962,-0.247,0.116,0,0.426,0.905,-0.273,0.87,-0.41],"_shiftlockState":true,"_pose":"FreeFall","_animationQueue":[],"_animationSpeed":1,"_zoom":16.125},{"_mousePosition":[683,384],"_rootPartCFrame":[760.05,233.436,35.327,-0.903,0,0.429,0,1,0,-0.429,0,-0.903],"_humanoidState":5,"_cameraCFrame":[760.111,249.567,28.326,-0.966,-0.234,0.109,0,0.42,0.907,-0.258,0.877,-0.406],"_shiftlockState":true,"_pose":"FreeFall","_animationQueue":[],"_animationSpeed":1,"_zoom":16.125},{"_mousePosition":[683,384],"_rootPartCFrame":[759.797,233.359,35.275,-0.93,0,0.367,0,1,0,-0.367,0,-0.93],"_humanoidState":5,"_cameraCFrame":[759.816,249.503,28.3,-0.967,-0.23,0.106,0,0.419,0.908,-0.253,0.878,-0.405],"_shiftlockState":true,"_pose":"FreeFall","_animationQueue":[["fall",0.3]],"_animationSpeed":1,"_zoom":16.125},{"_mousePosition":[683,384],"_rootPartCFrame":[759.611,233.265,35.261,-0.944,0,0.33,0,1,0,-0.33,0,-0.944],"_humanoidState":5,"_cameraCFrame":[759.51,249.435,28.343,-0.971,-0.217,0.099,0,0.415,0.91,-0.239,0.883,-0.403],"_shiftlockState":true,"_pose":"FreeFall","_animationQueue":[],"_animationSpeed":1,"_zoom":16.125},{"_mousePosition":[683,384],"_rootPartCFrame":[759.306,233.041,35.288,-0.931,0,0.366,0,1,0,-0.366,0,-0.931],"_humanoidState":5,"_cameraCFrame":[759.205,249.211,28.369,-0.971,-0.217,0.099,0,0.415,0.91,-0.239,0.883,-0.403],"_shiftlockState":true,"_pose":"FreeFall","_animationQueue":[],"_animationSpeed":1,"_zoom":16.125},{"_mousePosition":[683,384],"_rootPartCFrame":[759.068,232.8,35.353,-0.941,0,0.339,0,1,0,-0.339,0,-0.941],"_humanoidState":5,"_cameraCFrame":[758.967,248.97,28.435,-0.971,-0.217,0.099,0,0.415,0.91,-0.239,0.883,-0.403],"_shiftlockState":true,"_pose":"FreeFall","_animationQueue":[],"_animationSpeed":1,"_zoom":16.125},{"_mousePosition":[683,384],"_rootPartCFrame":[758.893,232.584,35.428,-0.949,0,0.314,0,1,0,-0.314,0,-0.949],"_humanoidState":5,"_cameraCFrame":[758.792,248.754,28.51,-0.971,-0.217,0.099,0,0.415,0.91,-0.239,0.883,-0.403],"_shiftlockState":true,"_pose":"FreeFall","_animationQueue":[],"_animationSpeed":1,"_zoom":16.125},{"_mousePosition":[683,384],"_rootPartCFrame":[758.664,232.248,35.559,-0.941,0,0.339,0,1,0,-0.339,0,-0.941],"_humanoidState":5,"_cameraCFrame":[758.562,248.418,28.64,-0.971,-0.217,0.099,0,0.415,0.91,-0.239,0.883,-0.403],"_shiftlockState":true,"_pose":"FreeFall","_animationQueue":[],"_animationSpeed":1,"_zoom":16.125},{"_mousePosition":[683,384],"_rootPartCFrame":[758.436,231.857,35.697,-0.941,0,0.339,0,1,0,-0.339,0,-0.941],"_humanoidState":5,"_cameraCFrame":[758.334,248.027,28.778,-0.971,-0.217,0.099,0,0.415,0.91,-0.239,0.883,-0.403],"_shiftlockState":true,"_pose":"FreeFall","_animationQueue":[],"_animationSpeed":1,"_zoom":16.125},{"_mousePosition":[683,384],"_rootPartCFrame":[758.208,231.412,35.835,-0.941,0,0.339,0,1,0,-0.339,0,-0.941],"_humanoidState":5,"_cameraCFrame":[758.106,247.582,28.916,-0.971,-0.217,0.099,0,0.415,0.91,-0.239,0.883,-0.403],"_shiftlockState":true,"_pose":"FreeFall","_animationQueue":[["fall",0.3]],"_animationSpeed":1,"_zoom":16.125},{"_mousePosition":[683,384],"_rootPartCFrame":[757.952,230.779,36.029,-0.962,0,0.272,0,1,0,-0.272,0,-0.962],"_humanoidState":5,"_cameraCFrame":[757.851,246.949,29.111,-0.971,-0.217,0.099,0,0.415,0.91,-0.239,0.883,-0.403],"_shiftlockState":true,"_pose":"FreeFall","_animationQueue":[],"_animationSpeed":1,"_zoom":16.125},{"_mousePosition":[683,384],"_rootPartCFrame":[757.823,230.358,36.164,-0.971,0,0.241,0,1,0,-0.241,0,-0.971],"_humanoidState":5,"_cameraCFrame":[757.722,246.528,29.245,-0.971,-0.217,0.099,0,0.415,0.91,-0.239,0.883,-0.403],"_shiftlockState":true,"_pose":"FreeFall","_animationQueue":[],"_animationSpeed":1,"_zoom":16.125},{"_mousePosition":[683,384],"_rootPartCFrame":[757.679,229.75,36.364,-0.971,0,0.239,0,1,0,-0.239,0,-0.971],"_humanoidState":5,"_cameraCFrame":[757.543,245.92,29.446,-0.972,-0.213,0.097,0,0.415,0.91,-0.234,0.885,-0.404],"_shiftlockState":true,"_pose":"FreeFall","_animationQueue":[],"_animationSpeed":1,"_zoom":16.125},{"_mousePosition":[683,384],"_rootPartCFrame":[757.546,228.932,36.511,-0.986,-0.003,0.166,-0.006,1,-0.02,-0.166,-0.021,-0.986],"_humanoidState":5,"_cameraCFrame":[757.072,245.062,29.493,-0.983,-0.167,0.077,0,0.42,0.907,-0.184,0.892,-0.413],"_shiftlockState":true,"_pose":"FreeFall","_animationQueue":[],"_animationSpeed":1,"_zoom":16.125},{"_mousePosition":[683,384],"_rootPartCFrame":[757.45,228.242,36.544,-0.989,-0.004,0.151,-0.006,1,-0.013,-0.151,-0.014,-0.988],"_humanoidState":5,"_cameraCFrame":[755.859,244.251,29.449,-1,-0.021,0.01,0,0.436,0.9,-0.023,0.9,-0.436],"_shiftlockState":true,"_pose":"FreeFall","_animationQueue":[],"_animationSpeed":1,"_zoom":16.125},{"_mousePosition":[683,384],"_rootPartCFrame":[757.345,227.503,36.574,-1,-0.003,0.027,-0.003,1,-0.001,-0.027,-0.002,-1],"_humanoidState":5,"_cameraCFrame":[753.832,243.256,29.672,-0.971,0.212,-0.112,0,0.468,0.884,0.24,0.858,-0.454],"_shiftlockState":true,"_pose":"FreeFall","_animationQueue":[["fall",0.3]],"_animationSpeed":1,"_zoom":16.125},{"_mousePosition":[683,384],"_rootPartCFrame":[757.286,226.829,36.413,-0.985,0.007,-0.171,0.007,1,0.003,0.171,0.002,-0.985],"_humanoidState":7,"_cameraCFrame":[751.32,242.118,30.315,-0.843,0.461,-0.279,0,0.518,0.855,0.539,0.72,-0.437],"_shiftlockState":true,"_pose":"FreeFall","_animationQueue":[["walk",0.1],["fall",0.3],["fall",0.3]],"_animationSpeed":1,"_zoom":16.125},{"_mousePosition":[683,384],"_rootPartCFrame":[757.295,226.783,36.201,-0.871,0.011,-0.491,0.009,1,0.006,0.491,0.001,-0.871],"_humanoidState":7,"_cameraCFrame":[749.233,241.631,31.767,-0.639,0.637,-0.432,0,0.561,0.828,0.769,0.529,-0.359],"_shiftlockState":true,"_pose":"FreeFall","_animationQueue":[],"_animationSpeed":1,"_zoom":16.125},{"_mousePosition":[683,384],"_rootPartCFrame":[757.379,226.834,36.057,-0.664,0,-0.748,0,1,0,0.748,0,-0.664],"_humanoidState":7,"_cameraCFrame":[748.062,241.281,33.118,-0.467,0.71,-0.527,0,0.596,0.803,0.884,0.375,-0.278],"_shiftlockState":true,"_pose":"FreeFall","_animationQueue":[],"_animationSpeed":1,"_zoom":16.125},{"_mousePosition":[683,384],"_rootPartCFrame":[757.613,226.897,36.036,-0.489,-0.002,-0.872,-0.002,1,-0.002,0.872,0.001,-0.489],"_humanoidState":8,"_cameraCFrame":[747.878,241.116,33.47,-0.419,0.716,-0.558,0,0.615,0.789,0.908,0.331,-0.258],"_shiftlockState":true,"_pose":"Running","_animationQueue":[["walk",0.1],["fall",0.3],["walk",0.1]],"_animationSpeed":0.378,"_zoom":16.125},{"_mousePosition":[683,384],"_rootPartCFrame":[757.746,227.559,36.023,-0.43,-0.001,-0.903,-0.001,1,-0.001,0.903,0,-0.43],"_humanoidState":3,"_cameraCFrame":[748.249,241.642,32.206,-0.526,0.664,-0.532,0,0.625,0.78,0.85,0.411,-0.329],"_shiftlockState":true,"_pose":"Jumping","_animationQueue":[["walk",0.1],["jump",0.1]],"_animationSpeed":1,"_zoom":16.125},{"_mousePosition":[683,384],"_rootPartCFrame":[757.921,228.443,36.032,-0.54,0.001,-0.842,0,1,0.001,0.842,0,-0.54],"_humanoidState":3,"_cameraCFrame":[749.639,242.526,30.021,-0.717,0.544,-0.436,0,0.625,0.78,0.697,0.56,-0.448],"_shiftlockState":true,"_pose":"Jumping","_animationQueue":[],"_animationSpeed":1,"_zoom":16.125},{"_mousePosition":[683,384],"_rootPartCFrame":[758.139,229.547,36.048,-0.731,0.003,-0.682,0.002,1,0.002,0.682,0,-0.731],"_humanoidState":3,"_cameraCFrame":[751.967,243.689,27.98,-0.887,0.362,-0.287,0,0.621,0.784,0.462,0.695,-0.551],"_shiftlockState":true,"_pose":"Jumping","_animationQueue":[],"_animationSpeed":1,"_zoom":16.125},{"_mousePosition":[683,384],"_rootPartCFrame":[758.288,230.396,36.06,-0.889,0.002,-0.458,0.001,1,0.001,0.458,0.001,-0.889],"_humanoidState":5,"_cameraCFrame":[754.521,244.538,26.624,-0.979,0.161,-0.128,0,0.621,0.784,0.205,0.767,-0.608],"_shiftlockState":true,"_pose":"FreeFall","_animationQueue":[["jump",0.1]],"_animationSpeed":1,"_zoom":16.125},{"_mousePosition":[683,384],"_rootPartCFrame":[758.397,231.191,36.068,-0.979,0,-0.205,0,1,0,0.205,0,-0.979],"_humanoidState":5,"_cameraCFrame":[756.73,245.333,26.044,-1,-0.006,0.005,0,0.621,0.784,-0.008,0.784,-0.621],"_shiftlockState":true,"_pose":"FreeFall","_animationQueue":[],"_animationSpeed":1,"_zoom":16.125},{"_mousePosition":[683,384],"_rootPartCFrame":[758.467,231.931,36.073,-1,0,0.008,0,1,0,-0.008,0,-1],"_humanoidState":5,"_cameraCFrame":[758.309,246.073,25.913,-0.988,-0.123,0.097,0,0.621,0.784,-0.157,0.774,-0.613],"_shiftlockState":true,"_pose":"FreeFall","_animationQueue":[],"_animationSpeed":1,"_zoom":16.125},{"_mousePosition":[683,384],"_rootPartCFrame":[758.497,232.617,36.075,-0.988,0,0.157,0,1,0,-0.157,0,-0.988],"_humanoidState":5,"_cameraCFrame":[759.153,246.7,25.862,-0.972,-0.182,0.146,0,0.625,0.78,-0.234,0.759,-0.608],"_shiftlockState":true,"_pose":"FreeFall","_animationQueue":[],"_animationSpeed":1,"_zoom":16.125},{"_mousePosition":[683,384],"_rootPartCFrame":[758.499,233.095,36.076,-0.972,0,0.234,0,1,0,-0.234,0,-0.972],"_humanoidState":5,"_cameraCFrame":[759.478,247.139,25.84,-0.965,-0.205,0.165,0,0.628,0.778,-0.263,0.75,-0.606],"_shiftlockState":true,"_pose":"FreeFall","_animationQueue":[],"_animationSpeed":1,"_zoom":16.125},{"_mousePosition":[683,384],"_rootPartCFrame":[758.499,233.825,36.076,-0.965,0,0.263,0,1,0,-0.263,0,-0.965],"_humanoidState":5,"_cameraCFrame":[759.497,247.809,25.769,-0.965,-0.204,0.167,0,0.633,0.774,-0.263,0.747,-0.611],"_shiftlockState":true,"_pose":"FreeFall","_animationQueue":[],"_animationSpeed":1,"_zoom":16.125},{"_mousePosition":[683,384],"_rootPartCFrame":[758.499,234.347,36.076,-0.965,0,0.263,0,1,0,-0.263,0,-0.965],"_humanoidState":5,"_cameraCFrame":[759.497,248.331,25.769,-0.965,-0.204,0.167,0,0.633,0.774,-0.263,0.747,-0.611],"_shiftlockState":true,"_pose":"FreeFall","_animationQueue":[],"_animationSpeed":1,"_zoom":16.125},{"_mousePosition":[683,384],"_rootPartCFrame":[758.499,234.703,36.076,-0.965,0,0.263,0,1,0,-0.263,0,-0.965],"_humanoidState":5,"_cameraCFrame":[759.53,248.667,25.748,-0.964,-0.205,0.169,0,0.634,0.773,-0.266,0.745,-0.612],"_shiftlockState":true,"_pose":"FreeFall","_animationQueue":[],"_animationSpeed":1,"_zoom":16.125},{"_mousePosition":[683,384],"_rootPartCFrame":[758.49,235.228,36.112,-0.964,0,0.265,0,1,0,-0.265,0,-0.964],"_humanoidState":5,"_cameraCFrame":[759.599,249.193,25.792,-0.962,-0.211,0.173,0,0.634,0.773,-0.273,0.744,-0.61],"_shiftlockState":true,"_pose":"FreeFall","_animationQueue":[],"_animationSpeed":1,"_zoom":16.125},{"_mousePosition":[683,384],"_rootPartCFrame":[758.476,235.502,36.162,-0.962,0,0.272,0,1,0,-0.272,0,-0.962],"_humanoidState":5,"_cameraCFrame":[759.637,249.467,25.848,-0.961,-0.215,0.176,0,0.634,0.773,-0.278,0.743,-0.609],"_shiftlockState":true,"_pose":"FreeFall","_animationQueue":[],"_animationSpeed":1,"_zoom":16.125},{"_mousePosition":[683,384],"_rootPartCFrame":[758.439,235.891,36.293,-0.961,0,0.277,0,1,0,-0.277,0,-0.961],"_humanoidState":5,"_cameraCFrame":[759.601,249.856,25.98,-0.961,-0.215,0.176,0,0.634,0.773,-0.278,0.743,-0.609],"_shiftlockState":true,"_pose":"FreeFall","_animationQueue":[],"_animationSpeed":1,"_zoom":16.125},{"_mousePosition":[683,384],"_rootPartCFrame":[758.397,236.141,36.442,-0.961,0,0.278,0,1,0,-0.278,0,-0.961],"_humanoidState":5,"_cameraCFrame":[759.559,250.105,26.128,-0.961,-0.215,0.176,0,0.634,0.773,-0.278,0.743,-0.609],"_shiftlockState":true,"_pose":"FreeFall","_animationQueue":[],"_animationSpeed":1,"_zoom":16.125},{"_mousePosition":[683,384],"_rootPartCFrame":[758.344,236.336,36.628,-0.961,0,0.278,0,1,0,-0.278,0,-0.961],"_humanoidState":5,"_cameraCFrame":[759.505,250.301,26.314,-0.961,-0.215,0.176,0,0.634,0.773,-0.278,0.743,-0.609],"_shiftlockState":true,"_pose":"FreeFall","_animationQueue":[],"_animationSpeed":1,"_zoom":16.125},{"_mousePosition":[683,384],"_rootPartCFrame":[758.307,236.425,36.665,-0.976,-0.001,0.218,0.005,1,0.027,-0.218,0.027,-0.976],"_humanoidState":5,"_cameraCFrame":[759.507,250.348,26.349,-0.96,-0.216,0.179,0,0.637,0.771,-0.28,0.74,-0.612],"_shiftlockState":true,"_pose":"FreeFall","_animationQueue":[],"_animationSpeed":1,"_zoom":16.125},{"_mousePosition":[683,384],"_rootPartCFrame":[758.219,236.504,36.66,-0.964,-0.001,0.266,0.002,1,0.012,-0.266,0.012,-0.964],"_humanoidState":5,"_cameraCFrame":[759.36,250.368,26.243,-0.962,-0.209,0.175,0,0.642,0.767,-0.273,0.738,-0.618],"_shiftlockState":true,"_pose":"FreeFall","_animationQueue":[],"_animationSpeed":1,"_zoom":16.125},{"_mousePosition":[683,384],"_rootPartCFrame":[758.16,236.506,36.684,-0.962,0,0.273,0.001,1,0.003,-0.273,0.003,-0.962],"_humanoidState":5,"_cameraCFrame":[758.702,250.228,26.038,-0.977,-0.162,0.14,0,0.652,0.758,-0.214,0.74,-0.637],"_shiftlockState":true,"_pose":"FreeFall","_animationQueue":[],"_animationSpeed":1,"_zoom":16.125},{"_mousePosition":[683,384],"_rootPartCFrame":[758.113,236.472,36.729,-0.976,0,0.218,0,1,0,-0.218,0,-0.976],"_humanoidState":5,"_cameraCFrame":[754.877,249.688,25.99,-0.991,0.099,-0.093,0,0.687,0.727,0.136,0.72,-0.681],"_shiftlockState":true,"_pose":"FreeFall","_animationQueue":[],"_animationSpeed":1,"_zoom":16.125},{"_mousePosition":[683,384],"_rootPartCFrame":[758.039,237.237,36.969,-0.988,0,-0.155,0,1,-0.001,0.155,-0.001,-0.988],"_humanoidState":7,"_cameraCFrame":[750.711,249.855,27.707,-0.867,0.343,-0.36,0,0.724,0.689,0.497,0.598,-0.628],"_shiftlockState":true,"_pose":"FreeFall","_animationQueue":[["walk",0.1]],"_animationSpeed":0.39,"_zoom":16.125},{"_mousePosition":[683,384],"_rootPartCFrame":[758.056,237.768,37.231,-0.856,0,-0.518,0,1,0,0.518,0,-0.856],"_humanoidState":7,"_cameraCFrame":[747.436,249.708,30.804,-0.633,0.501,-0.59,0,0.762,0.647,0.774,0.41,-0.483],"_shiftlockState":true,"_pose":"FreeFall","_animationQueue":[],"_animationSpeed":0.39,"_zoom":16.125},{"_mousePosition":[683,384],"_rootPartCFrame":[758.154,237.99,37.101,-0.636,-0.002,-0.772,-0.001,1,-0.002,0.772,0,-0.636],"_humanoidState":8,"_cameraCFrame":[745.845,249.418,33.487,-0.41,0.562,-0.719,0,0.788,0.616,0.912,0.252,-0.323],"_shiftlockState":true,"_pose":"Running","_animationQueue":[["fall",0.3],["walk",0.1],["fall",0.3],["walk",0.1]],"_animationSpeed":1.101,"_zoom":16.125},{"_mousePosition":[683,384],"_rootPartCFrame":[758.367,238.237,37.19,-0.39,0.001,-0.921,-0.01,1,0.006,0.921,0.012,-0.39],"_humanoidState":8,"_cameraCFrame":[745.545,249.416,34.991,-0.301,0.572,-0.763,0,0.8,0.6,0.954,0.181,-0.241],"_shiftlockState":true,"_pose":"Running","_animationQueue":[["walk",0.1]],"_animationSpeed":0.486,"_zoom":16.125},{"_mousePosition":[683,384],"_rootPartCFrame":[758.603,238.339,37.284,-0.295,0.003,-0.956,-0.013,1,0.007,0.956,0.014,-0.294],"_humanoidState":8,"_cameraCFrame":[745.901,249.543,34.577,-0.34,0.566,-0.751,0,0.799,0.602,0.941,0.204,-0.271],"_shiftlockState":true,"_pose":"Running","_animationQueue":[["walk",0.1]],"_animationSpeed":0.868,"_zoom":16.125},{"_mousePosition":[683,384],"_rootPartCFrame":[758.848,239.222,37.339,-0.331,0.002,-0.943,-0.016,1,0.008,0.943,0.018,-0.331],"_humanoidState":3,"_cameraCFrame":[746.943,250.551,32.398,-0.507,0.526,-0.683,0,0.793,0.61,0.862,0.309,-0.402],"_shiftloc