[{"_mousePosition":[1162,370],"_rootPartCFrame":[776.025,222.952,47.142,0.001,0.003,1,0,1,-0.003,-1,0,0.001],"_humanoidState":8,"_cameraCFrame":[776.675,235.727,43.208,-0.987,-0.153,0.054,0,0.333,0.943,-0.162,0.93,-0.329],"_shiftlockState":false,"_pose":"Standing","_animationQueue":[],"_animationSpeed":1,"_zoom":11.959},{"_mousePosition":[1150,376],"_rootPartCFrame":[775.781,222.833,47.102,0.024,0,1,0,1,0,-1,0,0.024],"_humanoidState":8,"_cameraCFrame":[776.427,235.608,43.168,-0.987,-0.153,0.054,0,0.333,0.943,-0.162,0.93,-0.329],"_shiftlockState":false,"_pose":"Standing","_animationQueue":[],"_animationSpeed":1,"_zoom":11.959},{"_mousePosition":[1144,380],"_rootPartCFrame":[775.519,222.673,47.059,0.042,0,0.999,0,1,0,-0.999,0,0.042],"_humanoidState":8,"_cameraCFrame":[776.164,235.448,43.125,-0.987,-0.153,0.054,0,0.333,0.943,-0.162,0.93,-0.329],"_shiftlockState":false,"_pose":"Running","_animationQueue":[["walk",0.1]],"_animationSpeed":1.066,"_zoom":11.959},{"_mousePosition":[1134,387],"_rootPartCFrame":[775.256,222.653,47.016,0.059,0,0.998,0,1,0,-0.998,0,0.059],"_humanoidState":8,"_cameraCFrame":[775.901,235.428,43.082,-0.987,-0.153,0.054,0,0.333,0.943,-0.162,0.93,-0.329],"_shiftlockState":false,"_pose":"Running","_animationQueue":[["walk",0.1]],"_animationSpeed":1.066,"_zoom":11.959},{"_mousePosition":[1129,391],"_rootPartCFrame":[774.993,222.669,46.973,0.073,0,0.997,0,1,0,-0.997,0,0.073],"_humanoidState":8,"_cameraCFrame":[775.638,235.445,43.039,-0.987,-0.153,0.054,0,0.333,0.943,-0.162,0.93,-0.329],"_shiftlockState":false,"_pose":"Running","_animationQueue":[],"_animationSpeed":1.066,"_zoom":11.959},{"_mousePosition":[1120,398],"_rootPartCFrame":[774.73,222.683,46.929,0.085,0,0.996,0,1,0,-0.996,0,0.085],"_humanoidState":8,"_cameraCFrame":[775.375,235.458,42.996,-0.987,-0.153,0.054,0,0.333,0.943,-0.162,0.93,-0.329],"_shiftlockState":false,"_pose":"Running","_animationQueue":[],"_animationSpeed":1.066,"_zoom":11.959},{"_mousePosition":[1117,402],"_rootPartCFrame":[774.466,222.69,46.886,0.095,0,0.995,0,1,0,-0.995,0,0.095],"_humanoidState":8,"_cameraCFrame":[775.112,235.465,42.952,-0.987,-0.153,0.054,0,0.333,0.943,-0.162,0.93,-0.329],"_shiftlockState":false,"_pose":"Running","_animationQueue":[],"_animationSpeed":1.066,"_zoom":11.959},{"_mousePosition":[1108,409],"_rootPartCFrame":[774.203,222.695,46.843,0.104,0,0.995,0,1,0,-0.995,0,0.104],"_humanoidState":8,"_cameraCFrame":[773.122,235.47,42.626,-0.987,-0.153,0.054,0,0.333,0.943,-0.162,0.93,-0.329],"_shiftlockState":true,"_pose":"Running","_animationQueue":[],"_animationSpeed":1.066,"_zoom":11.959},{"_mousePosition":[683,384],"_rootPartCFrame":[773.94,222.697,46.8,-0.995,0,0.096,0,1,0,-0.096,0,-0.995],"_humanoidState":8,"_cameraCFrame":[772.859,235.472,42.583,-0.987,-0.153,0.054,0,0.333,0.943,-0.162,0.93,-0.329],"_shiftlockState":true,"_pose":"Running","_animationQueue":[],"_animationSpeed":1.066,"_zoom":11.959},{"_mousePosition":[683,384],"_rootPartCFrame":[773.677,222.698,46.757,-0.991,0,0.135,0,1,0,-0.135,0,-0.991],"_humanoidState":8,"_cameraCFrame":[772.574,235.492,42.597,-0.987,-0.15,0.052,0,0.329,0.944,-0.159,0.932,-0.325],"_shiftlockState":true,"_pose":"Running","_animationQueue":[],"_animationSpeed":1.066,"_zoom":11.959},{"_mousePosition":[683,384],"_rootPartCFrame":[773.414,222.699,46.713,-0.988,0,0.156,0,1,0,-0.156,0,-0.988],"_humanoidState":8,"_cameraCFrame":[772.288,235.515,42.62,-0.988,-0.147,0.05,0,0.323,0.946,-0.156,0.935,-0.319],"_shiftlockState":true,"_pose":"Running","_animationQueue":[["walk",0.1]],"_animationSpeed":1.066,"_zoom":11.959},{"_mousePosition":[683,384],"_rootPartCFrame":[773.151,222.699,46.671,-0.988,0,0.155,0,1,0,-0.155,0,-0.988],"_humanoidState":8,"_cameraCFrame":[772.01,235.537,42.642,-0.988,-0.147,0.049,0,0.318,0.948,-0.155,0.937,-0.314],"_shiftlockState":true,"_pose":"Running","_animationQueue":[],"_animationSpeed":1.066,"_zoom":11.959},{"_mousePosition":[683,384],"_rootPartCFrame":[772.887,222.699,46.629,-0.988,0,0.155,0,1,0,-0.155,0,-0.988],"_humanoidState":8,"_cameraCFrame":[771.726,235.565,42.684,-0.988,-0.145,0.048,0,0.311,0.95,-0.153,0.939,-0.308],"_shiftlockState":true,"_pose":"Running","_animationQueue":[],"_animationSpeed":1.066,"_zoom":11.959},{"_mousePosition":[683,384],"_rootPartCFrame":[772.624,222.7,46.588,-0.988,0,0.153,0,1,0,-0.153,0,-0.988],"_humanoidState":8,"_cameraCFrame":[771.438,235.591,42.728,-0.989,-0.142,0.046,0,0.304,0.953,-0.15,0.942,-0.301],"_shiftlockState":true,"_pose":"Running","_animationQueue":[],"_animationSpeed":1.066,"_zoom":11.959},{"_mousePosition":[683,384],"_rootPartCFrame":[772.36,222.7,46.547,-0.989,0,0.15,0,1,0,-0.15,0,-0.989],"_humanoidState":8,"_cameraCFrame":[771.157,235.612,42.753,-0.989,-0.141,0.044,0,0.299,0.954,-0.147,0.944,-0.296],"_shiftlockState":true,"_pose":"Running","_animationQueue":[],"_animationSpeed":1.066,"_zoom":11.959},{"_mousePosition":[683,384],"_rootPartCFrame":[772.097,222.7,46.507,-0.989,0,0.147,0,1,0,-0.147,0,-0.989],"_humanoidState":8,"_cameraCFrame":[770.863,235.635,42.793,-0.99,-0.136,0.042,0,0.293,0.956,-0.142,0.946,-0.29],"_shiftlockState":true,"_pose":"Running","_animationQueue":[],"_animationSpeed":1.066,"_zoom":11.959},{"_mousePosition":[683,384],"_rootPartCFrame":[771.833,222.7,46.468,-0.99,0,0.142,0,1,0,-0.142,0,-0.99],"_humanoidState":8,"_cameraCFrame":[770.558,235.665,42.863,-0.991,-0.129,0.038,0,0.284,0.959,-0.135,0.95,-0.282],"_shiftlockState":true,"_pose":"Running","_animationQueue":[["walk",0.1]],"_animationSpeed":1.066,"_zoom":11.959},{"_mousePosition":[683,384],"_rootPartCFrame":[771.569,222.7,46.43,-0.991,0,0.135,0,1,0,-0.135,0,-0.991],"_humanoidState":8,"_cameraCFrame":[770.253,235.698,42.945,-0.992,-0.123,0.035,0,0.275,0.961,-0.128,0.954,-0.273],"_shiftlockState":true,"_pose":"Running","_animationQueue":[],"_animationSpeed":1.066,"_zoom":11.959},{"_mousePosition":[683,384],"_rootPartCFrame":[771.305,222.7,46.393,-0.992,0,0.128,0,1,0,-0.128,0,-0.992],"_humanoidState":8,"_cameraCFrame":[769.943,235.737,43.058,-0.993,-0.115,0.031,0,0.263,0.965,-0.119,0.958,-0.261],"_shiftlockState":true,"_pose":"Running","_animationQueue":[],"_animationSpeed":1.066,"_zoom":11.959},{"_mousePosition":[683,384],"_rootPartCFrame":[771.04,222.7,46.359,-0.993,0,0.119,0,1,0,-0.119,0,-0.993],"_humanoidState":8,"_cameraCFrame":[769.637,235.771,43.165,-0.994,-0.108,0.028,0,0.252,0.968,-0.111,0.962,-0.251],"_shiftlockState":true,"_pose":"Running","_animationQueue":[],"_animationSpeed":1.066,"_zoom":11.959},{"_mousePosition":[683,384],"_rootPartCFrame":[770.776,222.7,46.327,-0.994,0,0.111,0,1,0,-0.111,0,-0.994],"_humanoidState":8,"_cameraCFrame":[769.337,235.8,43.254,-0.995,-0.101,0.025,0,0.243,0.97,-0.104,0.965,-0.242],"_shiftlockState":true,"_pose":"Running","_animationQueue":[],"_animationSpeed":1.066,"_zoom":11.959},{"_mousePosition":[683,384],"_rootPartCFrame":[770.511,222.694,46.297,-0.995,0,0.104,0,1,0,-0.104,0,-0.995],"_humanoidState":8,"_cameraCFrame":[769.043,235.82,43.336,-0.995,-0.095,0.023,0,0.234,0.972,-0.098,0.967,-0.233],"_shiftlockState":true,"_pose":"Running","_animationQueue":[],"_animationSpeed":1.066,"_zoom":11.959},{"_mousePosition":[683,384],"_rootPartCFrame":[770.246,222.696,46.269,-0.995,0,0.098,0,1,0,-0.098,0,-0.995],"_humanoidState":8,"_cameraCFrame":[768.748,235.841,43.403,-0.996,-0.088,0.021,0,0.227,0.974,-0.09,0.97,-0.226],"_shiftlockState":true,"_pose":"Running","_animationQueue":[["walk",0.1]],"_animationSpeed":1.066,"_zoom":11.959},{"_mousePosition":[683,384],"_rootPartCFrame":[769.914,222.698,46.236,-0.996,0,0.09,0,1,0,-0.09,0,-0.996],"_humanoidState":8,"_cameraCFrame":[768.387,235.867,43.484,-0.997,-0.081,0.018,0,0.219,0.976,-0.083,0.972,-0.218],"_shiftlockState":true,"_pose":"Running","_animationQueue":[],"_animationSpeed":1.066,"_zoom":11.959},{"_mousePosition":[683,384],"_rootPartCFrame":[769.648,222.699,46.212,-0.997,0,0.083,0,1,0,-0.083,0,-0.997],"_humanoidState":8,"_cameraCFrame":[768.091,235.897,43.603,-0.997,-0.074,0.016,0,0.208,0.978,-0.076,0.975,-0.207],"_shiftlockState":true,"_pose":"Running","_animationQueue":[],"_animationSpeed":1.066,"_zoom":11.959},{"_mousePosition":[683,384],"_rootPartCFrame":[769.383,222.699,46.189,-0.997,0,0.076,0,1,0,-0.076,0,-0.997],"_humanoidState":8,"_cameraCFrame":[767.795,235.932,43.761,-0.998,-0.067,0.013,0,0.193,0.981,-0.068,0.979,-0.193],"_shiftlockState":true,"_pose":"Running","_animationQueue":[],"_animationSpeed":1.066,"_zoom":11.959},{"_mousePosition":[683,384],"_rootPartCFrame":[769.05,222.699,46.164,-0.998,0,0.068,0,1,0,-0.068,0,-0.998],"_humanoidState":8,"_cameraCFrame":[767.441,235.959,43.886,-0.998,-0.062,0.011,0,0.182,0.983,-0.063,0.981,-0.181],"_shiftlockState":true,"_pose":"Running","_animationQueue":[],"_animationSpeed":1.066,"_zoom":11.959},{"_mousePosition":[683,384],"_rootPartCFrame":[768.851,222.699,46.15,-0.998,0,0.063,0,1,0,-0.063,0,-0.998],"_humanoidState":8,"_cameraCFrame":[767.226,235.977,43.974,-0.998,-0.058,0.01,0,0.174,0.985,-0.059,0.983,-0.173],"_shiftlockState":true,"_pose":"Running","_animationQueue":[],"_animationSpeed":1.066,"_zoom":11.959},{"_mousePosition":[683,384],"_rootPartCFrame":[768.585,222.699,46.133,-0.998,0,0.059,0,1,0,-0.059,0,-0.998],"_humanoidState":8,"_cameraCFrame":[766.958,235.977,43.958,-0.998,-0.057,0.01,0,0.174,0.985,-0.058,0.983,-0.173],"_shiftlockState":true,"_pose":"Running","_animationQueue":[],"_animationSpeed":1.066,"_zoom":11.959},{"_mousePosition":[683,384],"_rootPartCFrame":[768.319,222.7,46.117,-0.998,0,0.058,0,1,0,-0.058,0,-0.998],"_humanoidState":8,"_cameraCFrame":[766.699,235.977,43.937,-0.998,-0.06,0.011,0,0.174,0.985,-0.061,0.983,-0.173],"_shiftlockState":true,"_pose":"Running","_animationQueue":[["walk",0.1]],"_animationSpeed":1.066,"_zoom":11.959},{"_mousePosition":[683,384],"_rootPartCFrame":[767.986,222.7,46.097,-0.998,0,0.061,0,1,0,-0.061,0,-0.998],"_humanoidState":8,"_cameraCFrame":[766.387,235.977,43.903,-0.998,-0.069,0.012,0,0.174,0.985,-0.07,0.982,-0.173],"_shiftlockState":true,"_pose":"Running","_animationQueue":[],"_animationSpeed":1.066,"_zoom":11.959},{"_mousePosition":[683,384],"_rootPartCFrame":[767.786,222.7,46.085,-0.998,0,0.07,0,1,0,-0.07,0,-0.998],"_humanoidState":8,"_cameraCFrame":[766.219,235.977,43.867,-0.996,-0.084,0.015,0,0.174,0.985,-0.085,0.981,-0.173],"_shiftlockState":true,"_pose":"Running","_animationQueue":[],"_animationSpeed":1.066,"_zoom":11.959},{"_mousePosition":[683,384],"_rootPartCFrame":[767.52,222.7,46.067,-0.996,0,0.085,0,1,0,-0.085,0,-0.996],"_humanoidState":8,"_cameraCFrame":[765.953,235.977,43.849,-0.996,-0.084,0.015,0,0.174,0.985,-0.085,0.981,-0.173],"_shiftlockState":true,"_pose":"Running","_animationQueue":[],"_animationSpeed":1.066,"_zoom":11.959},{"_mousePosition":[683,384],"_rootPartCFrame":[767.255,222.7,46.045,-0.996,0,0.085,0,1,0,-0.085,0,-0.996],"_humanoidState":8,"_cameraCFrame":[765.688,235.977,43.827,-0.996,-0.084,0.015,0,0.174,0.985,-0.085,0.981,-0.173],"_shiftlockState":true,"_pose":"Running","_animationQueue":[],"_animationSpeed":1.066,"_zoom":11.959},{"_mousePosition":[683,384],"_rootPartCFrame":[766.989,222.7,46.022,-0.996,0,0.085,0,1,0,-0.085,0,-0.996],"_humanoidState":8,"_cameraCFrame":[765.422,235.977,43.804,-0.996,-0.084,0.015,0,0.174,0.985,-0.085,0.981,-0.173],"_shiftlockState":true,"_pose":"Running","_animationQueue":[],"_animationSpeed":1.066,"_zoom":11.959},{"_mousePosition":[683,384],"_rootPartCFrame":[766.723,222.7,45.999,-0.996,0,0.085,0,1,0,-0.085,0,-0.996],"_humanoidState":8,"_cameraCFrame":[765.156,235.977,43.781,-0.996,-0.084,0.015,0,0.174,0.985,-0.085,0.981,-0.173],"_shiftlockState":true,"_pose":"Running","_animationQueue":[],"_animationSpeed":1.066,"_zoom":11.959},{"_mousePosition":[683,384],"_rootPartCFrame":[766.458,222.7,45.977,-0.996,0,0.085,0,1,0,-0.085,0,-0.996],"_humanoidState":8,"_cameraCFrame":[764.891,235.977,43.759,-0.996,-0.084,0.015,0,0.174,0.985,-0.085,0.981,-0.173],"_shiftlockState":true,"_pose":"Running","_animationQueue":[["walk",0.1]],"_animationSpeed":1.066,"_zoom":11.959},{"_mousePosition":[683,384],"_rootPartCFrame":[766.192,222.7,45.954,-0.996,0,0.085,0,1,0,-0.085,0,-0.996],"_humanoidState":8,"_cameraCFrame":[764.625,235.977,43.736,-0.996,-0.084,0.015,0,0.174,0.985,-0.085,0.981,-0.173],"_shiftlockState":true,"_pose":"Running","_animationQueue":[],"_animationSpeed":1.066,"_zoom":11.959},{"_mousePosition":[683,384],"_rootPartCFrame":[765.927,222.7,45.931,-0.996,0,0.085,0,1,0,-0.085,0,-0.996],"_humanoidState":8,"_cameraCFrame":[764.36,235.977,43.713,-0.996,-0.084,0.015,0,0.174,0.985,-0.085,0.981,-0.173],"_shiftlockState":true,"_pose":"Running","_animationQueue":[],"_animationSpeed":1.066,"_zoom":11.959},{"_mousePosition":[683,384],"_rootPartCFrame":[765.594,222.7,45.903,-0.996,0,0.085,0,1,0,-0.085,0,-0.996],"_humanoidState":8,"_cameraCFrame":[764.027,235.977,43.685,-0.996,-0.084,0.015,0,0.174,0.985,-0.085,0.981,-0.173],"_shiftlockState":true,"_pose":"Running","_animationQueue":[],"_animationSpeed":1.066,"_zoom":11.959},{"_mousePosition":[683,384],"_rootPartCFrame":[765.329,222.7,45.88,-0.996,0,0.085,0,1,0,-0.085,0,-0.996],"_humanoidState":8,"_cameraCFrame":[763.762,235.977,43.662,-0.996,-0.084,0.015,0,0.174,0.985,-0.085,0.981,-0.173],"_shiftlockState":true,"_pose":"Running","_animationQueue":[],"_animationSpeed":1.066,"_zoom":11.959},{"_mousePosition":[683,384],"_rootPartCFrame":[765.063,222.7,45.858,-0.996,0,0.085,0,1,0,-0.085,0,-0.996],"_humanoidState":8,"_cameraCFrame":[763.496,235.977,43.64,-0.996,-0.084,0.015,0,0.174,0.985,-0.085,0.981,-0.173],"_shiftlockState":true,"_pose":"Running","_animationQueue":[],"_animationSpeed":1.066,"_zoom":11.959},{"_mousePosition":[683,384],"_rootPartCFrame":[764.797,222.7,45.835,-0.996,0,0.085,0,1,0,-0.085,0,-0.996],"_humanoidState":8,"_cameraCFrame":[763.23,235.977,43.617,-0.996,-0.084,0.015,0,0.174,0.985,-0.085,0.981,-0.173],"_shiftlockState":true,"_pose":"Running","_animationQueue":[["walk",0.1]],"_animationSpeed":1.066,"_zoom":11.959},{"_mousePosition":[683,384],"_rootPartCFrame":[764.531,222.7,45.812,-0.996,0,0.085,0,1,0,-0.085,0,-0.996],"_humanoidState":8,"_cameraCFrame":[762.964,235.977,43.594,-0.996,-0.084,0.015,0,0.174,0.985,-0.085,0.981,-0.173],"_shiftlockState":true,"_pose":"Running","_animationQueue":[],"_animationSpeed":1.066,"_zoom":11.959},{"_mousePosition":[683,384],"_rootPartCFrame":[764.266,223.573,45.79,-0.996,0,0.085,0,1,0,-0.085,0,-0.996],"_humanoidState":3,"_cameraCFrame":[762.699,236.85,43.572,-0.996,-0.084,0.015,0,0.174,0.985,-0.085,0.981,-0.173],"_shiftlockState":true,"_pose":"Jumping","_animationQueue":[["walk",0.1],["jump",0.1]],"_animationSpeed":1,"_zoom":11.959},{"_mousePosition":[683,384],"_rootPartCFrame":[764,224.395,45.767,-0.984,0,0.176,0,1,0,-0.176,0,-0.984],"_humanoidState":5,"_cameraCFrame":[762.433,237.672,43.549,-0.996,-0.084,0.015,0,0.174,0.985,-0.085,0.981,-0.173],"_shiftlockState":true,"_pose":"FreeFall","_animationQueue":[["jump",0.1]],"_animationSpeed":1,"_zoom":11.959},{"_mousePosition":[683,384],"_rootPartCFrame":[763.734,225.162,45.744,-0.977,0,0.212,0,1,0,-0.212,0,-0.977],"_humanoidState":5,"_cameraCFrame":[762.168,238.44,43.526,-0.996,-0.084,0.015,0,0.174,0.985,-0.085,0.981,-0.173],"_shiftlockState":true,"_pose":"FreeFall","_animationQueue":[],"_animationSpeed":1,"_zoom":11.959},{"_mousePosition":[683,384],"_rootPartCFrame":[763.469,225.875,45.722,-0.976,0,0.216,0,1,0,-0.216,0,-0.976],"_humanoidState":5,"_cameraCFrame":[761.902,239.153,43.503,-0.996,-0.084,0.015,0,0.174,0.985,-0.085,0.981,-0.173],"_shiftlockState":true,"_pose":"FreeFall","_animationQueue":[],"_animationSpeed":1,"_zoom":11.959},{"_mousePosition":[683,384],"_rootPartCFrame":[763.203,226.534,45.699,-0.976,0,0.217,0,1,0,-0.217,0,-0.976],"_humanoidState":5,"_cameraCFrame":[761.636,239.811,43.481,-0.996,-0.084,0.015,0,0.174,0.985,-0.085,0.981,-0.173],"_shiftlockState":true,"_pose":"FreeFall","_animationQueue":[],"_animationSpeed":1,"_zoom":11.959},{"_mousePosition":[683,384],"_rootPartCFrame":[762.938,227.138,45.676,-0.976,0,0.217,0,1,0,-0.217,0,-0.976],"_humanoidState":5,"_cameraCFrame":[761.371,240.415,43.458,-0.996,-0.084,0.015,0,0.174,0.985,-0.085,0.981,-0.173],"_shiftlockState":true,"_pose":"FreeFall","_animationQueue":[],"_animationSpeed":1,"_zoom":11.959},{"_mousePosition":[683,384],"_rootPartCFrame":[762.672,227.687,45.653,-0.976,0,0.217,0,1,0,-0.217,0,-0.976],"_humanoidState":5,"_cameraCFrame":[761.105,240.965,43.435,-0.996,-0.084,0.015,0,0.174,0.985,-0.085,0.981,-0.173],"_shiftlockState":true,"_pose":"FreeFall","_animationQueue":[],"_animationSpeed":1,"_zoom":11.959},{"_mousePosition":[683,384],"_rootPartCFrame":[762.406,228.182,45.631,-0.976,0,0.217,0,1,0,-0.217,0,-0.976],"_humanoidState":5,"_cameraCFrame":[760.839,241.46,43.413,-0.996,-0.084,0.015,0,0.174,0.985,-0.085,0.981,-0.173],"_shiftlockState":true,"_pose":"FreeFall","_animationQueue":[],"_animationSpeed":1,"_zoom":11.959},{"_mousePosition":[683,384],"_rootPartCFrame":[762.141,228.623,45.608,-0.976,0,0.217,0,1,0,-0.217,0,-0.976],"_humanoidState":5,"_cameraCFrame":[760.574,241.9,43.39,-0.996,-0.084,0.015,0,0.174,0.985,-0.085,0.981,-0.173],"_shiftlockState":true,"_pose":"FreeFall","_animationQueue":[],"_animationSpeed":1,"_zoom":11.959},{"_mousePosition":[683,384],"_rootPartCFrame":[761.875,229.009,45.585,-0.976,0,0.217,0,1,0,-0.217,0,-0.976],"_humanoidState":5,"_cameraCFrame":[760.304,242.031,43.412,-0.996,-0.084,0.015,0,0.174,0.985,-0.085,0.981,-0.173],"_shiftlockState":true,"_pose":"FreeFall","_animationQueue":[],"_animationSpeed":1,"_zoom":9.167},{"_mousePosition":[683,384],"_rootPartCFrame":[761.609,229.34,45.563,-0.976,0,0.217,0,1,0,-0.217,0,-0.976],"_humanoidState":5,"_cameraCFrame":[760.033,241.959,43.46,-0.996,-0.084,0.015,0,0.174,0.985,-0.085,0.981,-0.173],"_shiftlockState":true,"_pose":"FreeFall","_animationQueue":[],"_animationSpeed":1,"_zoom":9.167},{"_mousePosition":[683,384],"_rootPartCFrame":[761.344,229.617,45.54,-0.976,0,0.217,0,1,0,-0.217,0,-0.976],"_humanoidState":5,"_cameraCFrame":[759.76,241.733,43.526,-0.996,-0.084,0.015,0,0.174,0.985,-0.085,0.981,-0.173],"_shiftlockState":true,"_pose":"FreeFall","_animationQueue":[],"_animationSpeed":1,"_zoom":9.167},{"_mousePosition":[683,384],"_rootPartCFrame":[761.078,229.84,45.517,-0.976,0,0.217,0,1,0,-0.217,0,-0.976],"_humanoidState":5,"_cameraCFrame":[759.488,241.587,43.568,-0.996,-0.084,0.015,0,0.174,0.985,-0.085,0.981,-0.173],"_shiftlockState":true,"_pose":"FreeFall","_animationQueue":[],"_animationSpeed":1,"_zoom":9.167},{"_mousePosition":[683,384],"_rootPartCFrame":[760.813,230.008,45.495,-0.976,0,0.217,0,1,0,-0.217,0,-0.976],"_humanoidState":5,"_cameraCFrame":[759.216,241.416,43.607,-0.996,-0.083,0.015,0,0.174,0.985,-0.084,0.981,-0.173],"_shiftlockState":true,"_pose":"FreeFall","_animationQueue":[],"_animationSpeed":1,"_zoom":9.167},{"_mousePosition":[683,384],"_rootPartCFrame":[760.547,230.121,45.472,-0.976,0,0.216,0,1,0,-0.216,0,-0.976],"_humanoidState":5,"_cameraCFrame":[758.939,241.255,43.631,-0.997,-0.079,0.014,0,0.174,0.985,-0.08,0.982,-0.174],"_shiftlockState":true,"_pose":"FreeFall","_animationQueue":[],"_animationSpeed":1,"_zoom":9.167},{"_mousePosition":[683,384],"_rootPartCFrame":[760.281,230.18,45.449,-0.977,0,0.212,0,1,0,-0.212,0,-0.977],"_humanoidState":5,"_cameraCFrame":[758.665,241.139,43.652,-0.997,-0.076,0.013,0,0.174,0.985,-0.077,0.982,-0.173],"_shiftlockState":true,"_pose":"FreeFall","_animationQueue":[],"_animationSpeed":1,"_zoom":9.167},{"_mousePosition":[683,384],"_rootPartCFrame":[760.016,230.185,45.428,-0.978,0,0.209,0,1,0,-0.209,0,-0.978],"_humanoidState":5,"_cameraCFrame":[758.395,241.014,43.655,-0.997,-0.075,0.013,0,0.174,0.985,-0.076,0.982,-0.173],"_shiftlockState":true,"_pose":"FreeFall","_animationQueue":[],"_animationSpeed":1,"_zoom":9.167},{"_mousePosition":[683,384],"_rootPartCFrame":[759.75,230.135,45.407,-0.978,0,0.208,0,1,0,-0.208,0,-0.978],"_humanoidState":5,"_cameraCFrame":[758.122,240.867,43.657,-0.997,-0.071,0.013,0,0.174,0.985,-0.073,0.982,-0.173],"_shiftlockState":true,"_pose":"FreeFall","_animationQueue":[],"_animationSpeed":1,"_zoom":9.167},{"_mousePosition":[683,384],"_rootPartCFrame":[759.417,229.996,45.382,-0.972,0,0.237,0,1,0,-0.237,0,-0.972],"_humanoidState":5,"_cameraCFrame":[757.787,240.658,43.646,-0.997,-0.07,0.012,0,0.174,0.985,-0.072,0.982,-0.173],"_shiftlockState":true,"_pose":"FreeFall","_animationQueue":[["fall",0.3]],"_animationSpeed":1,"_zoom":9.167},{"_mousePosition":[683,384],"_rootPartCFrame":[759.218,229.872,45.368,-0.985,0,0.171,0,1,0,-0.171,0,-0.985],"_humanoidState":5,"_cameraCFrame":[757.589,240.496,43.636,-0.997,-0.071,0.013,0,0.174,0.985,-0.073,0.982,-0.173],"_shiftlockState":true,"_pose":"FreeFall","_animationQueue":[],"_animationSpeed":1,"_zoom":9.167},{"_mousePosition":[683,384],"_rootPartCFrame":[758.952,229.658,45.348,-0.979,0,0.204,0,1,0,-0.204,0,-0.979],"_humanoidState":5,"_cameraCFrame":[757.33,240.25,43.616,-0.997,-0.076,0.013,0,0.174,0.985,-0.077,0.982,-0.173],"_shiftlockState":true,"_pose":"FreeFall","_animationQueue":[],"_animationSpeed":1,"_zoom":9.167},{"_mousePosition":[683,384],"_rootPartCFrame":[758.686,229.39,45.329,-0.978,0,0.209,0,1,0,-0.209,0,-0.978],"_humanoidState":5,"_cameraCFrame":[757.077,239.961,43.588,-0.996,-0.083,0.015,0,0.174,0.985,-0.084,0.981,-0.173],"_shiftlockState":true,"_pose":"FreeFall","_animationQueue":[],"_animationSpeed":1,"_zoom":9.167},{"_mousePosition":[683,384],"_rootPartCFrame":[758.42,229.068,45.309,-0.976,0,0.216,0,1,0,-0.216,0,-0.976],"_humanoidState":5,"_cameraCFrame":[756.827,239.624,43.555,-0.996,-0.092,0.016,0,0.174,0.985,-0.093,0.98,-0.173],"_shiftlockState":true,"_pose":"FreeFall","_animationQueue":[],"_animationSpeed":1,"_zoom":9.167},{"_mousePosition":[683,384],"_rootPartCFrame":[758.155,228.691,45.287,-0.974,0,0.225,0,1,0,-0.225,0,-0.974],"_humanoidState":5,"_cameraCFrame":[756.58,239.238,43.518,-0.995,-0.102,0.018,0,0.174,0.985,-0.104,0.979,-0.173],"_shiftlockState":true,"_pose":"FreeFall","_animationQueue":[],"_animationSpeed":1,"_zoom":9.167},{"_mousePosition":[683,384],"_rootPartCFrame":[757.889,228.259,45.262,-0.972,0,0.235,0,1,0,-0.235,0,-0.972],"_humanoidState":5,"_cameraCFrame":[756.331,238.8,43.48,-0.994,-0.112,0.02,0,0.174,0.985,-0.113,0.978,-0.173],"_shiftlockState":true,"_pose":"FreeFall","_animationQueue":[],"_animationSpeed":1,"_zoom":9.167},{"_mousePosition":[683,384],"_rootPartCFrame":[757.624,227.773,45.235,-0.97,0,0.244,0,1,0,-0.244,0,-0.97],"_humanoidState":5,"_cameraCFrame":[756.08,238.309,43.441,-0.993,-0.12,0.021,0,0.174,0.985,-0.122,0.978,-0.172],"_shiftlockState":true,"_pose":"FreeFall","_animationQueue":[["fall",0.3]],"_animationSpeed":1,"_zoom":9.167},{"_mousePosition":[683,384],"_rootPartCFrame":[757.359,227.233,45.205,-0.968,0,0.252,0,1,0,-0.252,0,-0.968],"_humanoidState":5,"_cameraCFrame":[755.823,237.766,43.405,-0.992,-0.124,0.022,0,0.174,0.985,-0.126,0.977,-0.172],"_shiftlockState":true,"_pose":"FreeFall","_animationQueue":[],"_animationSpeed":1,"_zoom":9.167},{"_mousePosition":[683,384],"_rootPartCFrame":[757.094,226.638,45.173,-0.967,0,0.256,0,1,0,-0.256,0,-0.967],"_humanoidState":5,"_cameraCFrame":[755.558,237.169,43.373,-0.992,-0.124,0.022,0,0.174,0.985,-0.126,0.977,-0.172],"_shiftlockState":true,"_pose":"FreeFall","_animationQueue":[],"_animationSpeed":1,"_zoom":9.167},{"_mousePosition":[683,384],"_rootPartCFrame":[756.829,225.988,45.14,-0.967,0,0.256,0,1,0,-0.256,0,-0.967],"_humanoidState":5,"_cameraCFrame":[755.293,236.518,43.34,-0.992,-0.124,0.022,0,0.174,0.985,-0.126,0.977,-0.172],"_shiftlockState":true,"_pose":"FreeFall","_animationQueue":[],"_animationSpeed":1,"_zoom":9.167},{"_mousePosition":[683,384],"_rootPartCFrame":[756.565,225.284,45.106,-0.967,0,0.256,0,1,0,-0.256,0,-0.967],"_humanoidState":5,"_cameraCFrame":[755.029,235.814,43.307,-0.992,-0.124,0.022,0,0.174,0.985,-0.126,0.977,-0.172],"_shiftlockState":true,"_pose":"FreeFall","_animationQueue":[],"_animationSpeed":1,"_zoom":9.167},{"_mousePosition":[683,384],"_rootPartCFrame":[756.3,224.526,45.073,-0.967,0,0.256,0,1,0,-0.256,0,-0.967],"_humanoidState":5,"_cameraCFrame":[754.764,235.055,43.273,-0.992,-0.124,0.022,0,0.174,0.985,-0.126,0.977,-0.172],"_shiftlockState":true,"_pose":"FreeFall","_animationQueue":[],"_animationSpeed":1,"_zoom":9.167},{"_mousePosition":[683,384],"_rootPartCFrame":[756.035,223.713,45.039,-0.967,0,0.256,0,1,0,-0.256,0,-0.967],"_humanoidState":5,"_cameraCFrame":[754.499,234.241,43.24,-0.992,-0.124,0.022,0,0.174,0.985,-0.126,0.977,-0.172],"_shiftlockState":true,"_pose":"FreeFall","_animationQueue":[],"_animationSpeed":1,"_zoom":9.167},{"_mousePosition":[683,384],"_rootPartCFrame":[755.771,222.845,45.006,-0.987,0,0.16,0,1,0,-0.16,0,-0.987],"_humanoidState":7,"_cameraCFrame":[754.233,233.374,43.208,-0.992,-0.123,0.022,0,0.174,0.985,-0.125,0.977,-0.172],"_shiftlockState":true,"_pose":"FreeFall","_animationQueue":[["fall",0.3],["walk",0.1],["fall",0.3],["fall",0.3]],"_animationSpeed":1,"_zoom":9.167},{"_mousePosition":[683,384],"_rootPartCFrame":[755.506,222.432,44.972,-0.992,0,0.127,0,1,0,-0.127,0,-0.992],"_humanoidState":7,"_cameraCFrame":[753.966,232.961,43.176,-0.992,-0.122,0.021,0,0.174,0.985,-0.124,0.977,-0.172],"_shiftlockState":true,"_pose":"FreeFall","_animationQueue":[],"_animationSpeed":1,"_zoom":9.167},{"_mousePosition":[683,384],"_rootPartCFrame":[755.175,222.531,44.93,-0.992,0,0.124,0,1,0,-0.124,0,-0.992],"_humanoidState":8,"_cameraCFrame":[753.634,233.059,43.136,-0.992,-0.121,0.021,0,0.174,0.985,-0.123,0.977,-0.172],"_shiftlockState":true,"_pose":"Running","_animationQueue":[["walk",0.1],["fall",0.3],["walk",0.1]],"_animationSpeed":1.103,"_zoom":9.167},{"_mousePosition":[683,384],"_rootPartCFrame":[754.911,222.604,44.897,-0.992,0,0.123,0,1,0,-0.123,0,-0.992],"_humanoidState":8,"_cameraCFrame":[753.364,233.132,43.108,-0.993,-0.118,0.021,0,0.174,0.985,-0.119,0.978,-0.172],"_shiftlockState":true,"_pose":"Running","_animationQueue":[],"_animationSpeed":1.103,"_zoom":9.167},{"_mousePosition":[683,384],"_rootPartCFrame":[754.646,222.647,44.865,-0.993,0,0.119,0,1,0,-0.119,0,-0.993],"_humanoidState":8,"_cameraCFrame":[753.097,233.175,43.077,-0.993,-0.117,0.021,0,0.174,0.985,-0.118,0.978,-0.172],"_shiftlockState":true,"_pose":"Running","_animationQueue":[],"_animationSpeed":1.103,"_zoom":9.167},{"_mousePosition":[683,384],"_rootPartCFrame":[754.382,222.671,44.833,-0.993,0,0.118,0,1,0,-0.118,0,-0.993],"_humanoidState":8,"_cameraCFrame":[752.823,233.199,43.053,-0.994,-0.112,0.02,0,0.174,0.985,-0.113,0.978,-0.173],"_shiftlockState":true,"_pose":"Running","_animationQueue":[],"_animationSpeed":1.103,"_zoom":9.167},{"_mousePosition":[683,384],"_rootPartCFrame":[754.117,222.684,44.801,-0.994,0,0.113,0,1,0,-0.113,0,-0.994],"_humanoidState":8,"_cameraCFrame":[752.549,233.212,43.029,-0.994,-0.106,0.019,0,0.174,0.985,-0.108,0.979,-0.173],"_shiftlockState":true,"_pose":"Running","_animationQueue":[["walk",0.1]],"_animationSpeed":1.103,"_zoom":9.167},{"_mousePosition":[683,384],"_rootPartCFrame":[753.852,222.691,44.771,-0.994,0,0.108,0,1,0,-0.108,0,-0.994],"_humanoidState":8,"_cameraCFrame":[752.273,233.219,43.009,-0.995,-0.1,0.018,0,0.174,0.985,-0.102,0.98,-0.173],"_shiftlockState":true,"_pose":"Running","_animationQueue":[],"_animationSpeed":1.103,"_zoom":9.167},{"_mousePosition":[683,384],"_rootPartCFrame":[753.587,222.695,44.742,-0.995,0,0.102,0,1,0,-0.102,0,-0.995],"_humanoidState":8,"_cameraCFrame":[752,233.223,42.987,-0.995,-0.096,0.017,0,0.174,0.985,-0.098,0.98,-0.173],"_shiftlockState":true,"_pose":"Running","_animationQueue":[],"_animationSpeed":1.103,"_zoom":9.167},{"_mousePosition":[683,384],"_rootPartCFrame":[753.321,222.697,44.714,-0.995,0,0.098,0,1,0,-0.098,0,-0.995],"_humanoidState":8,"_cameraCFrame":[751.731,233.225,42.963,-0.995,-0.094,0.017,0,0.174,0.985,-0.096,0.98,-0.173],"_shiftlockState":true,"_pose":"Running","_animationQueue":[],"_animationSpeed":1.103,"_zoom":9.167},{"_mousePosition":[683,384],"_rootPartCFrame":[753.056,222.698,44.688,-0.995,0,0.096,0,1,0,-0.096,0,-0.995],"_humanoidState":8,"_cameraCFrame":[751.464,233.226,42.938,-0.996,-0.093,0.016,0,0.174,0.985,-0.094,0.98,-0.173],"_shiftlockState":true,"_pose":"Running","_animationQueue":[],"_animationSpeed":1.103,"_zoom":9.167},{"_mousePosition":[683,384],"_rootPartCFrame":[752.791,222.699,44.663,-0.996,0,0.094,0,1,0,-0.094,0,-0.996],"_humanoidState":8,"_cameraCFrame":[751.199,233.227,42.912,-0.996,-0.093,0.016,0,0.174,0.985,-0.094,0.98,-0.173],"_shiftlockState":true,"_pose":"Running","_animationQueue":[],"_animationSpeed":1.103,"_zoom":9.167},{"_mousePosition":[683,384],"_rootPartCFrame":[752.525,222.699,44.637,-0.996,0,0.094,0,1,0,-0.094,0,-0.996],"_humanoidState":8,"_cameraCFrame":[750.933,233.227,42.887,-0.996,-0.093,0.016,0,0.174,0.985,-0.094,0.98,-0.173],"_shiftlockState":true,"_pose":"Running","_animationQueue":[],"_animationSpeed":1.103,"_zoom":9.167},{"_mousePosition":[683,384],"_rootPartCFrame":[752.26,222.699,44.612,-0.996,0,0.094,0,1,0,-0.094,0,-0.996],"_humanoidState":8,"_cameraCFrame":[750.668,233.227,42.862,-0.996,-0.093,0.016,0,0.174,0.985,-0.094,0.98,-0.173],"_shiftlockState":true,"_pose":"Running","_animationQueue":[["walk",0.1]],"_animationSpeed":1.103,"_zoom":9.167},{"_mousePosition":[683,384],"_rootPartCFrame":[751.994,222.699,44.587,-0.996,0,0.094,0,1,0,-0.094,0,-0.996],"_humanoidState":8,"_cameraCFrame":[750.403,233.227,42.837,-0.996,-0.093,0.016,0,0.174,0.985,-0.094,0.98,-0.173],"_shiftlockState":true,"_pose":"Running","_animationQueue":[],"_animationSpeed":1.103,"_zoom":9.167},{"_mousePosition":[683,384],"_rootPartCFrame":[751.729,222.7,44.562,-0.996,0,0.094,0,1,0,-0.094,0,-0.996],"_humanoidState":8,"_cameraCFrame":[750.137,233.227,42.812,-0.996,-0.093,0.016,0,0.174,0.985,-0.094,0.98,-0.173],"_shiftlockState":true,"_pose":"Running","_animationQueue":[],"_animationSpeed":1.103,"_zoom":9.167},{"_mousePosition":[683,384],"_rootPartCFrame":[751.464,222.7,44.537,-0.996,0,0.094,0,1,0,-0.094,0,-0.996],"_humanoidState":8,"_cameraCFrame":[749.872,233.227,42.786,-0.996,-0.093,0.016,0,0.174,0.985,-0.094,0.98,-0.173],"_shiftlockState":true,"_pose":"Running","_animationQueue":[],"_animationSpeed":1.103,"_zoom":9.167},{"_mousePosition":[683,384],"_rootPartCFrame":[751.198,222.7,44.511,-0.996,0,0.094,0,1,0,-0.094,0,-0.996],"_humanoidState":8,"_cameraCFrame":[749.607,233.227,42.761,-0.996,-0.093,0.016,0,0.174,0.985,-0.094,0.98,-0.173],"_shiftlockState":true,"_pose":"Running","_animationQueue":[],"_animationSpeed":1.103,"_zoom":9.167},{"_mousePosition":[683,384],"_rootPartCFrame":[750.866,222.7,44.48,-0.996,0,0.094,0,1,0,-0.094,0,-0.996],"_humanoidState":8,"_cameraCFrame":[749.278,233.227,42.726,-0.995,-0.095,0.017,0,0.174,0.985,-0.097,0.98,-0.173],"_shiftlockState":true,"_pose":"Running","_animationQueue":[],"_animationSpeed":1.103,"_zoom":9.167},{"_mousePosition":[683,384],"_rootPartCFrame":[750.601,222.7,44.455,-0.995,0,0.097,0,1,0,-0.097,0,-0.995],"_humanoidState":8,"_cameraCFrame":[749.03,233.227,42.686,-0.994,-0.104,0.018,0,0.174,0.985,-0.106,0.979,-0.173],"_shiftlockState":true,"_pose":"Running","_animationQueue":[["walk",0.1]],"_animationSpeed":1.103,"_zoom":9.167},{"_mousePosition":[683,384],"_rootPartCFrame":[750.336,222.7,44.429,-0.994,0,0.106,0,1,0,-0.106,0,-0.994],"_humanoidState":8,"_cameraCFrame":[748.79,233.225,42.625,-0.993,-0.118,0.021,0,0.175,0.985,-0.119,0.977,-0.174],"_shiftlockState":true,"_pose":"Running","_animationQueue":[],"_animationSpeed":1.103,"_zoom":9.167},{"_mousePosition":[683,384],"_rootPartCFrame":[750.07,222.7,44.401,-0.993,0,0.119,0,1,0,-0.119,0,-0.993],"_humanoidState":8,"_cameraCFrame":[748.565,233.222,42.551,-0.99,-0.138,0.025,0,0.177,0.984,-0.14,0.975,-0.175],"_shiftlockState":true,"_pose":"Running","_animationQueue":[],"_animationSpeed":1.103,"_zoom":9.167},{"_mousePosition":[683,384],"_rootPartCFrame":[749.74,222.7,44.362,-0.99,0,0.14,0,1,0,-0.14,0,-0.99],"_humanoidState":8,"_cameraCFrame":[748.291,233.222,42.467,-0.985,-0.168,0.03,0,0.177,0.984,-0.17,0.97,-0.174],"_shiftlockState":true,"_pose":"Running","_animationQueue":[],"_animationSpeed":1.103,"_zoom":9.167},{"_mousePosition":[683,384],"_rootPartCFrame":[749.464,222.7,44.337,-0.985,0,0.17,0,1,0,-0.17,0,-0.985],"_humanoidState":8,"_cameraCFrame":[748.108,233.221,42.369,-0.976,-0.213,0.038,0,0.178,0.984,-0.216,0.961,-0.173],"_shiftlockState":true,"_pose":"Running","_animationQueue":[["walk",0.1]],"_animationSpeed":0.982,"_zoom":9.167},{"_mousePosition":[683,384],"_rootPartCFrame":[748.916,222.7,44.299,-0.976,0,0.216,0,1,0,-0.216,0,-0.976],"_humanoidState":8,"_cameraCFrame":[747.699,233.222,42.247,-0.959,-0.28,0.05,0,0.177,0.984,-0.284,0.944,-0.17],"_shiftlockState":true,"_pose":"Running","_animationQueue":[["walk",0.1]],"_animationSpeed":0.362,"_zoom":9.167},{"_mousePosition":[683,384],"_rootPartCFrame":[748.189,222.7,44.246,-0.959,0,0.284,0,1,0,-0.284,0,-0.959],"_humanoidState":8,"_cameraCFrame":[747.178,233.227,42.107,-0.925,-0.375,0.066,0,0.174,0.985,-0.381,0.91,-0.161],"_shiftlockState":true,"_pose":"Running","_animationQueue":[["walk",0.1]],"_animationSpeed":0.544,"_zoom":9.167},{"_mousePosition":[683,384],"_rootPartCFrame":[747.433,222.7,44.173,-0.923,0,0.385,0,1,0,-0.385,0,-0.923],"_humanoidState":8,"_cameraCFrame":[746.656,233.227,41.938,-0.879,-0.47,0.083,0,0.174,0.985,-0.477,0.865,-0.153],"_shiftlockState":true,"_pose":"Running","_animationQueue":[["walk",0.1],["walk",0.1]],"_animationSpeed":1.084,"_zoom":9.167},{"_mousePosition":[683,384],"_rootPartCFrame":[746.685,222.7,44.075,-0.875,0,0.483,0,1,0,-0.483,0,-0.875],"_humanoidState":8,"_cameraCFrame":[746.122,233.227,41.777,-0.83,-0.55,0.097,0,0.174,0.985,-0.558,0.817,-0.144],"_shiftlockState":true,"_pose":"Running","_animationQueue":[],"_animationSpeed":1.084,"_zoom":9.167},{"_mousePosition":[683,384],"_rootPartCFrame":[745.949,222.7,43.951,-0.829,0,0.56,0,1,0,-0.56,0,-0.829],"_humanoidState":8,"_cameraCFrame":[745.528,233.227,41.623,-0.794,-0.599,0.106,0,0.174,0.985,-0.608,0.782,-0.138],"_shiftlockState":true,"_pose":"Running","_animationQueue":[],"_animationSpeed":1.084,"_zoom":9.167},{"_mousePosition":[683,384],"_rootPartCFrame":[745.226,222.7,43.806,-0.794,0,0.608,0,1,0,-0.608,0,-0.794],"_humanoidState":8,"_cameraCFrame":[744.886,233.227,41.465,-0.772,-0.626,0.11,0,0.174,0.985,-0.635,0.761,-0.134],"_shiftlockState":true,"_pose":"Running","_animationQueue":[],"_animationSpeed":1.084,"_zoom":9.167},{"_mousePosition":[683,384],"_rootPartCFrame":[744.513,222.7,43.646,-0.772,0,0.635,0,1,0,-0.635,0,-0.772],"_humanoidState":8,"_cameraCFrame":[744.18,233.227,41.303,-0.77,-0.628,0.111,0,0.174,0.985,-0.638,0.759,-0.134],"_shiftlockState":true,"_pose":"Running","_animationQueue":[],"_animationSpeed":1.084,"_zoom":9.167},{"_mousePosition":[683,384],"_rootPartCFrame":[743.806,222.7,43.477,-0.77,0,0.638,0,1,0,-0.638,0,-0.77],"_humanoidState":8,"_cameraCFrame":[743.456,233.227,41.138,-0.775,-0.622,0.11,0,0.174,0.985,-0.632,0.763,-0.135],"_shiftlockState":true,"_pose":"Running","_animationQueue":[],"_animationSpeed":1.084,"_zoom":9.167},{"_mousePosition":[683,384],"_rootPartCFrame":[743.101,222.7,43.307,-0.775,0,0.632,0,1,0,-0.632,0,-0.775],"_humanoidState":8,"_cameraCFrame":[742.694,233.227,40.977,-0.79,-0.604,0.106,0,0.174,0.985,-0.613,0.778,-0.137],"_shiftlockState":true,"_pose":"Running","_animationQueue":[],"_animationSpeed":1.084,"_zoom":9.167},{"_mousePosition":[683,384],"_rootPartCFrame":[742.42,222.666,43.137,-0.79,0,0.613,0,1,0,-0.613,0,-0.79],"_humanoidState":8,"_cameraCFrame":[741.909,233.192,40.822,-0.818,-0.566,0.1,0,0.174,0.985,-0.575,0.805,-0.143],"_shiftlockState":true,"_pose":"Running","_animationQueue":[["walk",0.1],["walk",0.1]],"_animationSpeed":3.003,"_zoom":9.167},{"_mousePosition":[683,384],"_rootPartCFrame":[741.588,223.749,42.925,-0.818,0,0.575,0,1,0,-0.575,0,-0.818],"_humanoidState":3,"_cameraCFrame":[740.976,234.273,40.624,-0.844,-0.528,0.094,0,0.176,0.984,-0.536,0.831,-0.149],"_shiftlockState":true,"_pose":"Jumping","_animationQueue":[["walk",0.1],["jump",0.1]],"_animationSpeed":1,"_zoom":9.167},{"_mousePosition":[683,384],"_rootPartCFrame":[741.103,224.361,42.798,-0.809,0,0.588,0,1,0,-0.588,0,-0.809],"_humanoidState":5,"_cameraCFrame":[740.359,234.883,40.532,-0.875,-0.477,0.086,0,0.177,0.984,-0.485,0.861,-0.155],"_shiftlockState":true,"_pose":"FreeFall","_animationQueue":[["jump",0.1]],"_animationSpeed":1,"_zoom":9.167},{"_mousePosition":[683,384],"_rootPartCFrame":[740.492,225.128,42.63,-0.807,0,0.59,0,1,0,-0.59,0,-0.807],"_humanoidState":5,"_cameraCFrame":[739.618,235.651,40.411,-0.901,-0.427,0.077,0,0.177,0.984,-0.434,0.887,-0.159],"_shiftlockState":true,"_pose":"FreeFall","_animationQueue":[],"_animationSpeed":1,"_zoom":9.167},{"_mousePosition":[683,384],"_rootPartCFrame":[739.921,225.841,42.466,-0.836,0,0.549,0,1,0,-0.549,0,-0.836],"_humanoidState":5,"_cameraCFrame":[738.917,236.368,40.319,-0.924,-0.377,0.067,0,0.174,0.985,-0.383,0.91,-0.161],"_shiftlockState":true,"_pose":"FreeFall","_animationQueue":[],"_animationSpeed":1,"_zoom":9.167},{"_mousePosition":[683,384],"_rootPartCFrame":[739.388,226.5,42.308,-0.865,0,0.502,0,1,0,-0.502,0,-0.865],"_humanoidState":5,"_cameraCFrame":[738.26,237.028,40.228,-0.944,-0.324,0.057,0,0.174,0.985,-0.329,0.93,-0.164],"_shiftlockState":true,"_pose":"FreeFall","_animationQueue":[],"_animationSpeed":1,"_zoom":9.167},{"_mousePosition":[683,384],"_rootPartCFrame":[738.895,227.104,42.156,-0.892,0,0.452,0,1,0,-0.452,0,-0.892],"_humanoidState":5,"_cameraCFrame":[737.641,237.632,40.15,-0.963,-0.266,0.047,0,0.174,0.985,-0.27,0.948,-0.167],"_shiftlockState":true,"_pose":"FreeFall","_animationQueue":[],"_animationSpeed":1,"_zoom":9.167},{"_mousePosition":[683,384],"_rootPartCFrame":[738.441,227.653,42.014,-0.918,0,0.396,0,1,0,-0.396,0,-0.918],"_humanoidState":5,"_cameraCFrame":[737.033,238.181,40.113,-0.981,-0.191,0.034,0,0.174,0.985,-0.194,0.966,-0.17],"_shiftlockState":true,"_pose":"FreeFall","_animationQueue":[],"_animationSpeed":1,"_zoom":9.167},{"_mousePosition":[683,384],"_rootPartCFrame":[738.024,228.148,41.884,-0.947,0,0.323,0,1,0,-0.323,0,-0.947],"_humanoidState":5,"_cameraCFrame":[736.46,238.676,40.109,-0.994,-0.108,0.019,0,0.174,0.985,-0.11,0.979,-0.173],"_shiftlockState":true,"_pose":"FreeFall","_animationQueue":[],"_animationSpeed":1,"_zoom":9.167},{"_mousePosition":[683,384],"_rootPartCFrame":[737.643,228.589,41.77,-0.97,0,0.241,0,1,0,-0.241,0,-0.97],"_humanoidState":5,"_cameraCFrame":[735.936,239.117,40.132,-1,-0.026,0.005,0,0.174,0.985,-0.027,0.984,-0.174],"_shiftlockState":true,"_pose":"FreeFall","_animationQueue":[],"_animationSpeed":1,"_zoom":9.167},{"_mousePosition":[683,384],"_rootPartCFrame":[737.295,228.975,41.678,-0.987,0,0.159,0,1,0,-0.159,0,-0.987],"_humanoidState":5,"_cameraCFrame":[735.463,239.503,40.182,-0.999,0.052,-0.009,0,0.174,0.985,0.053,0.983,-0.173],"_shiftlockState":true,"_pose":"FreeFall","_animationQueue":[],"_animationSpeed":1,"_zoom":9.167},{"_mousePosition":[683,384],"_rootPartCFrame":[736.976,229.306,41.614,-0.997,0,0.08,0,1,0,-0.08,0,-0.997],"_humanoidState":5,"_cameraCFrame":[735.033,239.834,40.266,-0.991,0.129,-0.023,0,0.174,0.985,0.131,0.976,-0.172],"_shiftlockState":true,"_pose":"FreeFall","_animationQueue":[],"_animationSpeed":1,"_zoom":9.167},{"_mousePosition":[683,384],"_rootPartCFrame":[736.681,229.583,41.582,-1,0,0.002,0,1,0,-0.002,0,-1],"_humanoidState":5,"_cameraCFrame":[734.635,240.111,40.394,-0.978,0.207,-0.037,0,0.174,0.985,0.211,0.963,-0.17],"_shiftlockState":true,"_pose":"FreeFall","_animationQueue":[],"_animationSpeed":1,"_zoom":9.167},{"_mousePosition":[683,384],"_rootPartCFrame":[736.402,229.806,41.585,-0.997,0,-0.079,0,1,0,0.079,0,-0.997],"_humanoidState":5,"_cameraCFrame":[734.267,240.334,40.566,-0.957,0.284,-0.05,0,0.174,0.985,0.289,0.943,-0.166],"_shiftlockState":true,"_pose":"FreeFall","_animationQueue":[],"_animationSpeed":1,"_zoom":9.167},{"_mousePosition":[683,384],"_rootPartCFrame":[736.072,230.007,41.638,-0.992,0,-0.126,0,1,0,0.126,0,-0.992],"_humanoidState":5,"_cameraCFrame":[733.87,240.535,40.774,-0.934,0.351,-0.062,0,0.174,0.985,0.356,0.92,-0.162],"_shiftlockState":t