[{"_mousePosition":[1101,365],"_rootPartCFrame":[776.028,222.95,47.142,0,0,1,0,1,0,-1,0,0],"_humanoidState":8,"_cameraCFrame":[777.321,231.254,41.136,-0.978,-0.156,0.141,0,0.67,0.742,-0.21,0.726,-0.655],"_shiftlockState":false,"_pose":"Standing","_animationQueue":[["idle",0]],"_animationSpeed":1,"_zoom":9.167},{"_mousePosition":[1061,365],"_rootPartCFrame":[775.787,222.832,47.09,0.03,0,1,0,1,0,-1,0,0.03],"_humanoidState":8,"_cameraCFrame":[777.08,231.136,41.084,-0.978,-0.156,0.141,0,0.67,0.742,-0.21,0.726,-0.655],"_shiftlockState":false,"_pose":"Standing","_animationQueue":[],"_animationSpeed":1,"_zoom":9.167},{"_mousePosition":[1022,366],"_rootPartCFrame":[775.527,222.672,47.034,0.054,0,0.999,0,1,0,-0.999,0,0.054],"_humanoidState":8,"_cameraCFrame":[776.82,230.976,41.028,-0.978,-0.156,0.141,0,0.67,0.742,-0.21,0.726,-0.655],"_shiftlockState":false,"_pose":"Running","_animationQueue":[["walk",0.1]],"_animationSpeed":1.066,"_zoom":9.167},{"_mousePosition":[989,366],"_rootPartCFrame":[775.266,222.653,46.978,0.076,0,0.997,0,1,0,-0.997,0,0.076],"_humanoidState":8,"_cameraCFrame":[776.559,230.956,40.972,-0.978,-0.156,0.141,0,0.67,0.742,-0.21,0.726,-0.655],"_shiftlockState":false,"_pose":"Running","_animationQueue":[["walk",0.1]],"_animationSpeed":1.066,"_zoom":9.167},{"_mousePosition":[951,367],"_rootPartCFrame":[775.005,222.669,46.922,0.094,0,0.996,0,1,0,-0.996,0,0.094],"_humanoidState":8,"_cameraCFrame":[776.298,230.973,40.916,-0.978,-0.156,0.141,0,0.67,0.742,-0.21,0.726,-0.655],"_shiftlockState":false,"_pose":"Running","_animationQueue":[],"_animationSpeed":1.066,"_zoom":9.167},{"_mousePosition":[929,369],"_rootPartCFrame":[774.745,222.683,46.866,0.11,0,0.994,0,1,0,-0.994,0,0.11],"_humanoidState":8,"_cameraCFrame":[776.038,230.986,40.86,-0.978,-0.156,0.141,0,0.67,0.742,-0.21,0.726,-0.655],"_shiftlockState":false,"_pose":"Running","_animationQueue":[],"_animationSpeed":1.066,"_zoom":9.167},{"_mousePosition":[909,374],"_rootPartCFrame":[774.484,222.69,46.81,0.124,0,0.992,0,1,0,-0.992,0,0.124],"_humanoidState":8,"_cameraCFrame":[775.777,230.994,40.804,-0.978,-0.156,0.141,0,0.67,0.742,-0.21,0.726,-0.655],"_shiftlockState":false,"_pose":"Running","_animationQueue":[],"_animationSpeed":1.066,"_zoom":9.167},{"_mousePosition":[899,383],"_rootPartCFrame":[774.223,222.695,46.754,0.135,0,0.991,0,1,0,-0.991,0,0.135],"_humanoidState":8,"_cameraCFrame":[775.516,230.998,40.748,-0.978,-0.156,0.141,0,0.67,0.742,-0.21,0.726,-0.655],"_shiftlockState":false,"_pose":"Running","_animationQueue":[],"_animationSpeed":1.066,"_zoom":9.167},{"_mousePosition":[895,398],"_rootPartCFrame":[773.963,222.697,46.697,0.146,0,0.989,0,1,0,-0.989,0,0.146],"_humanoidState":8,"_cameraCFrame":[775.255,231.001,40.691,-0.978,-0.156,0.141,0,0.67,0.742,-0.21,0.726,-0.655],"_shiftlockState":false,"_pose":"Running","_animationQueue":[],"_animationSpeed":1.066,"_zoom":9.167},{"_mousePosition":[894,408],"_rootPartCFrame":[773.702,222.698,46.641,0.154,0,0.988,0,1,0,-0.988,0,0.154],"_humanoidState":8,"_cameraCFrame":[774.995,231.002,40.635,-0.978,-0.156,0.141,0,0.67,0.742,-0.21,0.726,-0.655],"_shiftlockState":false,"_pose":"Running","_animationQueue":[],"_animationSpeed":1.066,"_zoom":9.167},{"_mousePosition":[894,408],"_rootPartCFrame":[773.441,222.699,46.585,0.162,0,0.987,0,1,0,-0.987,0,0.162],"_humanoidState":8,"_cameraCFrame":[774.709,231.106,40.693,-0.978,-0.159,0.138,0,0.658,0.753,-0.21,0.737,-0.643],"_shiftlockState":false,"_pose":"Running","_animationQueue":[["walk",0.1]],"_animationSpeed":1.066,"_zoom":9.167},{"_mousePosition":[894,408],"_rootPartCFrame":[773.18,222.699,46.529,0.169,0,0.986,0,1,0,-0.986,0,0.169],"_humanoidState":8,"_cameraCFrame":[774.414,231.245,40.796,-0.978,-0.162,0.135,0,0.64,0.769,-0.21,0.751,-0.625],"_shiftlockState":false,"_pose":"Running","_animationQueue":[],"_animationSpeed":1.066,"_zoom":9.167},{"_mousePosition":[894,408],"_rootPartCFrame":[772.92,222.699,46.473,0.174,0,0.985,0,1,0,-0.985,0,0.174],"_humanoidState":8,"_cameraCFrame":[774.109,231.44,40.978,-0.977,-0.167,0.13,0,0.613,0.79,-0.211,0.772,-0.599],"_shiftlockState":false,"_pose":"Running","_animationQueue":[],"_animationSpeed":1.066,"_zoom":9.167},{"_mousePosition":[894,408],"_rootPartCFrame":[772.659,222.7,46.417,0.179,0,0.984,0,1,0,-0.984,0,0.179],"_humanoidState":8,"_cameraCFrame":[773.826,231.669,41.233,-0.976,-0.179,0.127,0,0.58,0.815,-0.22,0.795,-0.566],"_shiftlockState":false,"_pose":"Running","_animationQueue":[],"_animationSpeed":1.066,"_zoom":9.167},{"_mousePosition":[894,408],"_rootPartCFrame":[772.398,222.7,46.36,0.184,0,0.983,0,1,0,-0.983,0,0.184],"_humanoidState":8,"_cameraCFrame":[773.638,231.885,41.521,-0.969,-0.208,0.135,0,0.545,0.838,-0.248,0.812,-0.528],"_shiftlockState":false,"_pose":"Running","_animationQueue":[],"_animationSpeed":1.066,"_zoom":9.167},{"_mousePosition":[894,408],"_rootPartCFrame":[772.138,222.7,46.302,0.188,0,0.982,0,1,0,-0.982,0,0.188],"_humanoidState":8,"_cameraCFrame":[773.527,232.05,41.777,-0.956,-0.251,0.152,0,0.516,0.856,-0.294,0.819,-0.494],"_shiftlockState":false,"_pose":"Running","_animationQueue":[],"_animationSpeed":1.066,"_zoom":9.167},{"_mousePosition":[894,408],"_rootPartCFrame":[771.88,222.7,46.236,0.196,0,0.981,0,1,0,-0.981,0,0.196],"_humanoidState":8,"_cameraCFrame":[773.445,232.188,42.021,-0.937,-0.303,0.171,0,0.491,0.871,-0.348,0.817,-0.46],"_shiftlockState":false,"_pose":"Running","_animationQueue":[],"_animationSpeed":1.066,"_zoom":9.167},{"_mousePosition":[894,408],"_rootPartCFrame":[771.624,222.7,46.159,0.209,0,0.978,0,1,0,-0.978,0,0.209],"_humanoidState":8,"_cameraCFrame":[773.324,232.287,42.192,-0.919,-0.347,0.185,0,0.471,0.882,-0.394,0.811,-0.433],"_shiftlockState":false,"_pose":"Running","_animationQueue":[["walk",0.1]],"_animationSpeed":1.066,"_zoom":9.167},{"_mousePosition":[894,408],"_rootPartCFrame":[771.306,223.783,46.062,0.225,0,0.974,0,1,0,-0.974,0,0.225],"_humanoidState":3,"_cameraCFrame":[773.056,233.426,42.232,-0.909,-0.369,0.191,0,0.459,0.888,-0.416,0.808,-0.418],"_shiftlockState":false,"_pose":"Jumping","_animationQueue":[["walk",0.1],["jump",0.1]],"_animationSpeed":1,"_zoom":9.167},{"_mousePosition":[894,408],"_rootPartCFrame":[771.119,224.395,45.99,0.239,0,0.971,0,1,0,-0.971,0,0.239],"_humanoidState":5,"_cameraCFrame":[772.884,234.101,42.305,-0.902,-0.387,0.192,0,0.446,0.895,-0.432,0.807,-0.402],"_shiftlockState":false,"_pose":"FreeFall","_animationQueue":[["jump",0.1]],"_animationSpeed":1,"_zoom":9.167},{"_mousePosition":[894,408],"_rootPartCFrame":[770.876,225.162,45.881,0.262,0,0.965,0,1,0,-0.965,0,0.262],"_humanoidState":5,"_cameraCFrame":[772.614,234.924,42.309,-0.899,-0.394,0.19,0,0.433,0.901,-0.438,0.81,-0.39],"_shiftlockState":false,"_pose":"FreeFall","_animationQueue":[],"_animationSpeed":1,"_zoom":9.167},{"_mousePosition":[894,408],"_rootPartCFrame":[770.635,225.875,45.766,0.286,0,0.958,0,1,0,-0.958,0,0.286],"_humanoidState":5,"_cameraCFrame":[772.333,235.684,42.286,-0.899,-0.397,0.185,0,0.422,0.906,-0.439,0.815,-0.38],"_shiftlockState":false,"_pose":"FreeFall","_animationQueue":[],"_animationSpeed":1,"_zoom":9.167},{"_mousePosition":[894,408],"_rootPartCFrame":[770.396,226.534,45.65,0.307,0,0.952,0,1,0,-0.952,0,0.307],"_humanoidState":5,"_cameraCFrame":[772.022,236.395,42.262,-0.901,-0.395,0.177,0,0.41,0.912,-0.433,0.822,-0.37],"_shiftlockState":false,"_pose":"FreeFall","_animationQueue":[],"_animationSpeed":1,"_zoom":9.167},{"_mousePosition":[894,408],"_rootPartCFrame":[770.156,227.138,45.533,0.326,0,0.945,0,1,0,-0.945,0,0.326],"_humanoidState":5,"_cameraCFrame":[771.718,237.044,42.227,-0.904,-0.392,0.17,0,0.399,0.917,-0.427,0.829,-0.361],"_shiftlockState":false,"_pose":"FreeFall","_animationQueue":[],"_animationSpeed":1,"_zoom":9.167},{"_mousePosition":[894,408],"_rootPartCFrame":[769.916,227.687,45.417,0.342,0,0.94,0,1,0,-0.94,0,0.342],"_humanoidState":5,"_cameraCFrame":[771.41,237.637,42.192,-0.907,-0.388,0.163,0,0.388,0.922,-0.421,0.836,-0.352],"_shiftlockState":false,"_pose":"FreeFall","_animationQueue":[],"_animationSpeed":1,"_zoom":9.167},{"_mousePosition":[894,408],"_rootPartCFrame":[769.614,228.298,45.274,0.357,0,0.934,0,1,0,-0.934,0,0.357],"_humanoidState":5,"_cameraCFrame":[771.198,238.296,42.222,-0.888,-0.427,0.173,0,0.375,0.927,-0.461,0.823,-0.333],"_shiftlockState":false,"_pose":"FreeFall","_animationQueue":[["jump",0.1]],"_animationSpeed":1,"_zoom":9.167},{"_mousePosition":[894,408],"_rootPartCFrame":[769.372,228.725,45.162,0.366,0,0.931,0,1,0,-0.931,0,0.366],"_humanoidState":5,"_cameraCFrame":[771.046,238.745,42.222,-0.869,-0.46,0.183,0,0.369,0.929,-0.495,0.808,-0.321],"_shiftlockState":false,"_pose":"FreeFall","_animationQueue":[],"_animationSpeed":1,"_zoom":9.167},{"_mousePosition":[894,408],"_rootPartCFrame":[769.134,229.097,45.041,0.378,0,0.926,0,1,0,-0.926,0,0.378],"_humanoidState":5,"_cameraCFrame":[770.905,239.144,42.24,-0.845,-0.498,0.193,0,0.362,0.932,-0.534,0.788,-0.306],"_shiftlockState":false,"_pose":"FreeFall","_animationQueue":[],"_animationSpeed":1,"_zoom":9.167},{"_mousePosition":[894,408],"_rootPartCFrame":[768.844,229.486,44.878,0.396,0,0.918,0,1,0,-0.918,0,0.396],"_humanoidState":5,"_cameraCFrame":[770.684,239.557,42.196,-0.825,-0.529,0.201,0,0.355,0.935,-0.566,0.771,-0.293],"_shiftlockState":false,"_pose":"FreeFall","_animationQueue":[],"_animationSpeed":1,"_zoom":9.167},{"_mousePosition":[894,408],"_rootPartCFrame":[768.617,229.736,44.737,0.414,0,0.91,0,1,0,-0.91,0,0.414],"_humanoidState":5,"_cameraCFrame":[770.522,239.832,42.186,-0.801,-0.561,0.208,0,0.347,0.938,-0.598,0.752,-0.278],"_shiftlockState":false,"_pose":"FreeFall","_animationQueue":[],"_animationSpeed":1,"_zoom":9.167},{"_mousePosition":[894,408],"_rootPartCFrame":[768.452,229.887,44.625,0.429,0,0.903,0,1,0,-0.903,0,0.429],"_humanoidState":5,"_cameraCFrame":[770.391,240.007,42.18,-0.783,-0.584,0.212,0,0.34,0.94,-0.621,0.737,-0.267],"_shiftlockState":false,"_pose":"FreeFall","_animationQueue":[],"_animationSpeed":1,"_zoom":9.167},{"_mousePosition":[894,408],"_rootPartCFrame":[768.237,230.042,44.467,0.452,0,0.892,0,1,0,-0.892,0,0.452],"_humanoidState":5,"_cameraCFrame":[770.202,240.174,42.087,-0.771,-0.6,0.214,0,0.337,0.942,-0.637,0.726,-0.26],"_shiftlockState":false,"_pose":"FreeFall","_animationQueue":[["fall",0.3]],"_animationSpeed":1,"_zoom":9.167},{"_mousePosition":[894,408],"_rootPartCFrame":[768.027,230.142,44.302,0.476,0,0.88,0,1,0,-0.88,0,0.476],"_humanoidState":5,"_cameraCFrame":[770.005,240.286,41.978,-0.762,-0.611,0.216,0,0.333,0.943,-0.648,0.718,-0.253],"_shiftlockState":false,"_pose":"FreeFall","_animationQueue":[],"_animationSpeed":1,"_zoom":9.167},{"_mousePosition":[894,408],"_rootPartCFrame":[767.821,230.187,44.133,0.498,0,0.867,0,1,0,-0.867,0,0.498],"_humanoidState":5,"_cameraCFrame":[769.809,240.336,41.836,-0.756,-0.617,0.217,0,0.331,0.944,-0.654,0.713,-0.251],"_shiftlockState":false,"_pose":"FreeFall","_animationQueue":[],"_animationSpeed":1,"_zoom":9.167},{"_mousePosition":[894,408],"_rootPartCFrame":[767.618,230.178,43.96,0.52,0,0.854,0,1,0,-0.854,0,0.52],"_humanoidState":5,"_cameraCFrame":[769.606,240.332,41.683,-0.753,-0.621,0.217,0,0.33,0.944,-0.658,0.711,-0.248],"_shiftlockState":false,"_pose":"FreeFall","_animationQueue":[],"_animationSpeed":1,"_zoom":9.167},{"_mousePosition":[894,408],"_rootPartCFrame":[767.416,230.114,43.786,0.539,0,0.842,0,1,0,-0.842,0,0.539],"_humanoidState":5,"_cameraCFrame":[769.404,240.268,41.508,-0.753,-0.621,0.217,0,0.33,0.944,-0.658,0.711,-0.248],"_shiftlockState":false,"_pose":"FreeFall","_animationQueue":[],"_animationSpeed":1,"_zoom":9.167},{"_mousePosition":[894,408],"_rootPartCFrame":[767.215,229.996,43.611,0.557,0,0.831,0,1,0,-0.831,0,0.557],"_humanoidState":5,"_cameraCFrame":[769.194,240.153,41.334,-0.755,-0.619,0.216,0,0.329,0.944,-0.656,0.713,-0.248],"_shiftlockState":false,"_pose":"FreeFall","_animationQueue":[],"_animationSpeed":1,"_zoom":9.167},{"_mousePosition":[894,408],"_rootPartCFrame":[767.014,229.824,43.436,0.571,0,0.821,0,1,0,-0.821,0,0.571],"_humanoidState":5,"_cameraCFrame":[768.951,239.987,41.15,-0.763,-0.611,0.211,0,0.327,0.945,-0.646,0.721,-0.249],"_shiftlockState":false,"_pose":"FreeFall","_animationQueue":[],"_animationSpeed":1,"_zoom":9.167},{"_mousePosition":[894,408],"_rootPartCFrame":[766.813,229.597,43.261,0.584,0,0.812,0,1,0,-0.812,0,0.584],"_humanoidState":5,"_cameraCFrame":[768.673,239.768,40.94,-0.78,-0.592,0.203,0,0.324,0.946,-0.625,0.738,-0.253],"_shiftlockState":false,"_pose":"FreeFall","_animationQueue":[["fall",0.3]],"_animationSpeed":1,"_zoom":9.167},{"_mousePosition":[894,408],"_rootPartCFrame":[766.61,229.315,43.088,0.593,0,0.805,0,1,0,-0.805,0,0.593],"_humanoidState":5,"_cameraCFrame":[768.337,239.493,40.692,-0.811,-0.553,0.188,0,0.322,0.947,-0.585,0.768,-0.261],"_shiftlockState":false,"_pose":"FreeFall","_animationQueue":[],"_animationSpeed":1,"_zoom":9.167},{"_mousePosition":[865,406],"_rootPartCFrame":[766.402,228.979,42.92,0.599,0,0.801,0,1,0,-0.801,0,0.599],"_humanoidState":5,"_cameraCFrame":[767.91,239.18,40.459,-0.853,-0.496,0.165,0,0.315,0.949,-0.523,0.809,-0.268],"_shiftlockState":false,"_pose":"FreeFall","_animationQueue":[["fall",0.3]],"_animationSpeed":1,"_zoom":9.167},{"_mousePosition":[865,406],"_rootPartCFrame":[766.213,228.588,42.769,0.6,0,0.8,0,1,0,-0.8,0,0.6],"_humanoidState":5,"_cameraCFrame":[767.624,238.801,40.291,-0.869,-0.47,0.154,0,0.311,0.95,-0.495,0.826,-0.27],"_shiftlockState":false,"_pose":"FreeFall","_animationQueue":[["fall",0.3]],"_animationSpeed":1,"_zoom":9.167},{"_mousePosition":[865,406],"_rootPartCFrame":[766.056,228.143,42.642,0.601,0,0.8,0,1,0,-0.8,0,0.601],"_humanoidState":5,"_cameraCFrame":[767.368,238.369,40.159,-0.884,-0.445,0.143,0,0.306,0.952,-0.467,0.842,-0.271],"_shiftlockState":false,"_pose":"FreeFall","_animationQueue":[],"_animationSpeed":1,"_zoom":9.167},{"_mousePosition":[865,406],"_rootPartCFrame":[765.929,227.644,42.541,0.601,0,0.8,0,1,0,-0.8,0,0.601],"_humanoidState":5,"_cameraCFrame":[767.147,237.881,40.049,-0.898,-0.419,0.133,0,0.303,0.953,-0.439,0.856,-0.272],"_shiftlockState":false,"_pose":"FreeFall","_animationQueue":[],"_animationSpeed":1,"_zoom":9.167},{"_mousePosition":[865,406],"_rootPartCFrame":[765.833,227.09,42.464,0.601,0,0.8,0,1,0,-0.8,0,0.601],"_humanoidState":5,"_cameraCFrame":[766.969,237.338,39.972,-0.91,-0.396,0.124,0,0.299,0.954,-0.415,0.868,-0.272],"_shiftlockState":false,"_pose":"FreeFall","_animationQueue":[],"_animationSpeed":1,"_zoom":9.167},{"_mousePosition":[865,406],"_rootPartCFrame":[765.769,226.481,42.412,0.601,0,0.8,0,1,0,-0.8,0,0.601],"_humanoidState":5,"_cameraCFrame":[766.819,236.74,39.921,-0.921,-0.371,0.115,0,0.295,0.956,-0.389,0.88,-0.272],"_shiftlockState":false,"_pose":"FreeFall","_animationQueue":[],"_animationSpeed":1,"_zoom":9.167},{"_mousePosition":[865,406],"_rootPartCFrame":[765.735,225.818,42.385,0.601,0,0.8,0,1,0,-0.8,0,0.601],"_humanoidState":5,"_cameraCFrame":[766.707,236.084,39.885,-0.932,-0.347,0.106,0,0.293,0.956,-0.362,0.891,-0.273],"_shiftlockState":false,"_pose":"FreeFall","_animationQueue":[],"_animationSpeed":1,"_zoom":9.167},{"_mousePosition":[865,406],"_rootPartCFrame":[765.729,225.1,42.38,0.601,0,0.8,0,1,0,-0.8,0,0.601],"_humanoidState":5,"_cameraCFrame":[766.612,235.373,39.87,-0.943,-0.318,0.096,0,0.29,0.957,-0.332,0.903,-0.274],"_shiftlockState":false,"_pose":"FreeFall","_animationQueue":[],"_animationSpeed":1,"_zoom":9.167},{"_mousePosition":[865,406],"_rootPartCFrame":[765.729,224.328,42.38,0.601,0,0.8,0,1,0,-0.8,0,0.601],"_humanoidState":5,"_cameraCFrame":[766.503,234.607,39.856,-0.956,-0.281,0.084,0,0.288,0.958,-0.293,0.916,-0.275],"_shiftlockState":false,"_pose":"FreeFall","_animationQueue":[["fall",0.3]],"_animationSpeed":1,"_zoom":9.167},{"_mousePosition":[865,406],"_rootPartCFrame":[765.729,223.501,42.38,0.601,0,0.8,0,1,0,-0.8,0,0.601],"_humanoidState":5,"_cameraCFrame":[766.372,233.78,39.82,-0.97,-0.233,0.07,0,0.288,0.958,-0.244,0.929,-0.279],"_shiftlockState":false,"_pose":"FreeFall","_animationQueue":[],"_animationSpeed":1,"_zoom":9.167},{"_mousePosition":[865,406],"_rootPartCFrame":[765.729,222.62,42.38,0.601,0,0.8,0,1,0,-0.8,0,0.601],"_humanoidState":7,"_cameraCFrame":[766.258,232.901,39.801,-0.98,-0.192,0.058,0,0.287,0.958,-0.201,0.938,-0.281],"_shiftlockState":false,"_pose":"FreeFall","_animationQueue":[["fall",0.3],["fall",0.3]],"_animationSpeed":1,"_zoom":9.167},{"_mousePosition":[865,406],"_rootPartCFrame":[765.729,222.445,42.38,0.601,0,0.8,0,1,0,-0.8,0,0.601],"_humanoidState":7,"_cameraCFrame":[766.155,232.73,39.797,-0.987,-0.156,0.047,0,0.286,0.958,-0.163,0.946,-0.282],"_shiftlockState":false,"_pose":"FreeFall","_animationQueue":[],"_animationSpeed":1,"_zoom":9.167},{"_mousePosition":[865,406],"_rootPartCFrame":[765.59,222.538,42.351,0.565,0,0.825,0,1,0,-0.825,0,0.565],"_humanoidState":8,"_cameraCFrame":[765.942,232.825,39.764,-0.991,-0.129,0.038,0,0.285,0.959,-0.135,0.95,-0.282],"_shiftlockState":false,"_pose":"Standing","_animationQueue":[["fall",0.3],["idle",0.1]],"_animationSpeed":1,"_zoom":9.167},{"_mousePosition":[865,406],"_rootPartCFrame":[765.388,223.411,42.31,0.518,0,0.855,0,1,0,-0.855,0,0.518],"_humanoidState":3,"_cameraCFrame":[765.673,233.698,39.714,-0.994,-0.104,0.031,0,0.285,0.959,-0.109,0.953,-0.283],"_shiftlockState":false,"_pose":"Jumping","_animationQueue":[["walk",0.1],["jump",0.1]],"_animationSpeed":1,"_zoom":9.167},{"_mousePosition":[865,406],"_rootPartCFrame":[765.162,224.233,42.271,0.471,0,0.882,0,1,0,-0.882,0,0.471],"_humanoidState":5,"_cameraCFrame":[765.411,234.521,39.672,-0.995,-0.091,0.027,0,0.285,0.959,-0.095,0.954,-0.284],"_shiftlockState":false,"_pose":"FreeFall","_animationQueue":[["jump",0.1]],"_animationSpeed":1,"_zoom":9.167},{"_mousePosition":[865,406],"_rootPartCFrame":[764.903,225.001,42.24,0.424,0,0.906,0,1,0,-0.906,0,0.424],"_humanoidState":5,"_cameraCFrame":[765.138,235.288,39.639,-0.996,-0.086,0.026,0,0.285,0.959,-0.09,0.955,-0.284],"_shiftlockState":false,"_pose":"FreeFall","_animationQueue":[],"_animationSpeed":1,"_zoom":9.167},{"_mousePosition":[865,406],"_rootPartCFrame":[764.637,225.714,42.214,0.381,0,0.925,0,1,0,-0.925,0,0.381],"_humanoidState":5,"_cameraCFrame":[764.873,236.001,39.613,-0.996,-0.086,0.026,0,0.285,0.959,-0.09,0.955,-0.284],"_shiftlockState":false,"_pose":"FreeFall","_animationQueue":[],"_animationSpeed":1,"_zoom":9.167},{"_mousePosition":[865,406],"_rootPartCFrame":[764.372,226.372,42.19,0.342,0,0.94,0,1,0,-0.94,0,0.342],"_humanoidState":5,"_cameraCFrame":[764.607,236.66,39.589,-0.996,-0.086,0.026,0,0.285,0.959,-0.09,0.955,-0.284],"_shiftlockState":false,"_pose":"FreeFall","_animationQueue":[],"_animationSpeed":1,"_zoom":9.167},{"_mousePosition":[865,406],"_rootPartCFrame":[764.106,226.976,42.166,0.307,0,0.952,0,1,0,-0.952,0,0.307],"_humanoidState":5,"_cameraCFrame":[764.341,237.264,39.565,-0.996,-0.086,0.026,0,0.285,0.959,-0.09,0.955,-0.284],"_shiftlockState":false,"_pose":"FreeFall","_animationQueue":[],"_animationSpeed":1,"_zoom":9.167},{"_mousePosition":[865,406],"_rootPartCFrame":[763.841,227.526,42.141,0.277,0,0.961,0,1,0,-0.961,0,0.277],"_humanoidState":5,"_cameraCFrame":[764.074,237.811,39.534,-0.996,-0.085,0.025,0,0.286,0.958,-0.089,0.955,-0.284],"_shiftlockState":false,"_pose":"FreeFall","_animationQueue":[],"_animationSpeed":1,"_zoom":9.167},{"_mousePosition":[865,406],"_rootPartCFrame":[763.509,228.136,42.111,0.245,0,0.969,0,1,0,-0.969,0,0.245],"_humanoidState":5,"_cameraCFrame":[763.742,238.419,39.497,-0.996,-0.085,0.026,0,0.286,0.958,-0.089,0.954,-0.285],"_shiftlockState":false,"_pose":"FreeFall","_animationQueue":[],"_animationSpeed":1,"_zoom":9.167},{"_mousePosition":[865,406],"_rootPartCFrame":[763.449,228.434,42.085,0.156,0.002,0.988,0.008,1,-0.004,-0.988,0.008,0.156],"_humanoidState":5,"_cameraCFrame":[763.689,238.717,39.483,-0.996,-0.086,0.026,0,0.286,0.958,-0.09,0.954,-0.285],"_shiftlockState":false,"_pose":"FreeFall","_animationQueue":[],"_animationSpeed":1,"_zoom":9.167},{"_mousePosition":[865,406],"_rootPartCFrame":[763.381,228.765,42.044,0.111,0.001,0.994,0.007,1,-0.002,-0.994,0.007,0.111],"_humanoidState":5,"_cameraCFrame":[763.633,239.048,39.441,-0.995,-0.091,0.027,0,0.286,0.958,-0.095,0.954,-0.285],"_shiftlockState":false,"_pose":"FreeFall","_animationQueue":[],"_animationSpeed":1,"_zoom":9.167},{"_mousePosition":[894,406],"_rootPartCFrame":[763.352,229.035,41.971,0.086,0.009,0.996,0.004,1,-0.009,-0.996,0.005,0.086],"_humanoidState":5,"_cameraCFrame":[763.622,239.32,39.374,-0.995,-0.094,0.028,0,0.285,0.958,-0.098,0.954,-0.284],"_shiftlockState":false,"_pose":"FreeFall","_animationQueue":[],"_animationSpeed":1,"_zoom":9.167},{"_mousePosition":[865,404],"_rootPartCFrame":[763.364,229.292,41.87,0.079,0.003,0.997,0.001,1,-0.003,-0.997,0.001,0.079],"_humanoidState":5,"_cameraCFrame":[763.626,239.578,39.267,-0.995,-0.094,0.028,0,0.285,0.958,-0.098,0.954,-0.284],"_shiftlockState":false,"_pose":"FreeFall","_animationQueue":[],"_animationSpeed":1,"_zoom":9.167},{"_mousePosition":[868,390],"_rootPartCFrame":[763.369,229.437,41.834,0.079,0.001,0.997,0,1,-0.001,-0.997,0,0.079],"_humanoidState":5,"_cameraCFrame":[763.626,239.722,39.23,-0.995,-0.094,0.028,0,0.285,0.958,-0.098,0.954,-0.284],"_shiftlockState":false,"_pose":"FreeFall","_animationQueue":[],"_animationSpeed":1,"_zoom":9.167},{"_mousePosition":[868,374],"_rootPartCFrame":[763.369,229.552,41.829,0.079,0,0.997,0,1,0,-0.997,0,0.079],"_humanoidState":5,"_cameraCFrame":[763.625,239.837,39.225,-0.995,-0.094,0.028,0,0.285,0.958,-0.098,0.954,-0.284],"_shiftlockState":false,"_pose":"FreeFall","_animationQueue":[],"_animationSpeed":1,"_zoom":9.167},{"_mousePosition":[868,347],"_rootPartCFrame":[763.369,229.563,41.829,0.079,0,0.997,0,1,0,-0.997,0,0.079],"_humanoidState":5,"_cameraCFrame":[763.625,239.848,39.225,-0.995,-0.094,0.028,0,0.285,0.958,-0.098,0.954,-0.284],"_shiftlockState":false,"_pose":"FreeFall","_animationQueue":[],"_animationSpeed":1,"_zoom":9.167},{"_mousePosition":[866,332],"_rootPartCFrame":[763.369,229.544,41.829,0.079,0,0.997,0,1,0,-0.997,0,0.079],"_humanoidState":5,"_cameraCFrame":[763.626,239.829,39.225,-0.995,-0.094,0.028,0,0.285,0.958,-0.098,0.954,-0.284],"_shiftlockState":false,"_pose":"FreeFall","_animationQueue":[["fall",0.3]],"_animationSpeed":1,"_zoom":9.167},{"_mousePosition":[866,329],"_rootPartCFrame":[763.369,229.494,41.829,0.079,0,0.997,0,1,0,-0.997,0,0.079],"_humanoidState":5,"_cameraCFrame":[763.626,239.779,39.225,-0.995,-0.094,0.028,0,0.285,0.958,-0.098,0.954,-0.284],"_shiftlockState":false,"_pose":"FreeFall","_animationQueue":[],"_animationSpeed":1,"_zoom":9.167},{"_mousePosition":[866,329],"_rootPartCFrame":[763.369,229.342,41.829,0.079,0,0.997,0,1,0,-0.997,0,0.079],"_humanoidState":5,"_cameraCFrame":[763.626,239.628,39.225,-0.995,-0.094,0.028,0,0.285,0.958,-0.098,0.954,-0.284],"_shiftlockState":false,"_pose":"FreeFall","_animationQueue":[],"_animationSpeed":1,"_zoom":9.167},{"_mousePosition":[871,325],"_rootPartCFrame":[763.369,229.21,41.829,0.079,0,0.997,0,1,0,-0.997,0,0.079],"_humanoidState":5,"_cameraCFrame":[763.626,239.496,39.225,-0.995,-0.094,0.028,0,0.285,0.958,-0.098,0.954,-0.284],"_shiftlockState":false,"_pose":"FreeFall","_animationQueue":[],"_animationSpeed":1,"_zoom":9.167},{"_mousePosition":[898,308],"_rootPartCFrame":[763.369,228.923,41.829,0.079,0,0.997,0,1,0,-0.997,0,0.079],"_humanoidState":5,"_cameraCFrame":[763.626,239.208,39.225,-0.995,-0.094,0.028,0,0.285,0.958,-0.098,0.954,-0.284],"_shiftlockState":false,"_pose":"FreeFall","_animationQueue":[],"_animationSpeed":1,"_zoom":9.167},{"_mousePosition":[922,284],"_rootPartCFrame":[763.369,228.55,41.829,0.079,0,0.997,0,1,0,-0.997,0,0.079],"_humanoidState":5,"_cameraCFrame":[763.626,238.835,39.225,-0.995,-0.094,0.028,0,0.285,0.958,-0.098,0.954,-0.284],"_shiftlockState":false,"_pose":"FreeFall","_animationQueue":[],"_animationSpeed":1,"_zoom":9.167},{"_mousePosition":[940,257],"_rootPartCFrame":[763.369,228.285,41.829,0.079,0,0.997,0,1,0,-0.997,0,0.079],"_humanoidState":5,"_cameraCFrame":[763.626,238.571,39.225,-0.995,-0.094,0.028,0,0.285,0.958,-0.098,0.954,-0.284],"_shiftlockState":false,"_pose":"FreeFall","_animationQueue":[],"_animationSpeed":1,"_zoom":9.167},{"_mousePosition":[954,230],"_rootPartCFrame":[763.369,227.885,41.829,0.079,0,0.997,0,1,0,-0.997,0,0.079],"_humanoidState":5,"_cameraCFrame":[763.626,238.17,39.225,-0.995,-0.094,0.028,0,0.285,0.958,-0.098,0.954,-0.284],"_shiftlockState":false,"_pose":"FreeFall","_animationQueue":[["fall",0.3]],"_animationSpeed":1,"_zoom":9.167},{"_mousePosition":[971,197],"_rootPartCFrame":[763.369,227.43,41.829,0.079,0,0.997,0,1,0,-0.997,0,0.079],"_humanoidState":5,"_cameraCFrame":[763.626,237.716,39.225,-0.995,-0.094,0.028,0,0.285,0.958,-0.098,0.954,-0.284],"_shiftlockState":false,"_pose":"FreeFall","_animationQueue":[],"_animationSpeed":1,"_zoom":9.167},{"_mousePosition":[987,149],"_rootPartCFrame":[763.369,226.921,41.829,0.079,0,0.997,0,1,0,-0.997,0,0.079],"_humanoidState":5,"_cameraCFrame":[763.626,237.206,39.225,-0.995,-0.094,0.028,0,0.285,0.958,-0.098,0.954,-0.284],"_shiftlockState":false,"_pose":"FreeFall","_animationQueue":[],"_animationSpeed":1,"_zoom":9.167},{"_mousePosition":[1004,101],"_rootPartCFrame":[763.369,226.357,41.829,0.079,0,0.997,0,1,0,-0.997,0,0.079],"_humanoidState":5,"_cameraCFrame":[763.626,236.642,39.225,-0.995,-0.094,0.028,0,0.285,0.958,-0.098,0.954,-0.284],"_shiftlockState":false,"_pose":"FreeFall","_animationQueue":[],"_animationSpeed":1,"_zoom":9.167},{"_mousePosition":[1023,60],"_rootPartCFrame":[763.369,225.738,41.829,0.079,0,0.997,0,1,0,-0.997,0,0.079],"_humanoidState":5,"_cameraCFrame":[763.626,236.024,39.225,-0.995,-0.094,0.028,0,0.285,0.958,-0.098,0.954,-0.284],"_shiftlockState":false,"_pose":"FreeFall","_animationQueue":[],"_animationSpeed":1,"_zoom":9.167},{"_mousePosition":[1045,21],"_rootPartCFrame":[763.369,225.065,41.829,0.079,0,0.997,0,1,0,-0.997,0,0.079],"_humanoidState":5,"_cameraCFrame":[763.626,235.351,39.225,-0.995,-0.094,0.028,0,0.285,0.958,-0.098,0.954,-0.284],"_shiftlockState":false,"_pose":"FreeFall","_animationQueue":[],"_animationSpeed":1,"_zoom":9.167},{"_mousePosition":[1059,2],"_rootPartCFrame":[763.381,224.338,41.818,0.079,0,0.997,0,1,0,-0.997,0,0.079],"_humanoidState":5,"_cameraCFrame":[763.638,234.623,39.214,-0.995,-0.094,0.028,0,0.285,0.958,-0.098,0.954,-0.284],"_shiftlockState":false,"_pose":"FreeFall","_animationQueue":[],"_animationSpeed":1,"_zoom":9.167},{"_mousePosition":[1059,2],"_rootPartCFrame":[763.393,223.145,41.806,0.078,0,0.997,0,1,0,-0.997,0,0.078],"_humanoidState":5,"_cameraCFrame":[763.65,233.43,39.202,-0.995,-0.094,0.028,0,0.285,0.958,-0.098,0.954,-0.284],"_shiftlockState":false,"_pose":"FreeFall","_animationQueue":[["fall",0.3]],"_animationSpeed":1,"_zoom":9.167},{"_mousePosition":[1059,2],"_rootPartCFrame":[763.393,222.719,41.806,0.078,0,0.997,0,1,0,-0.997,0,0.078],"_humanoidState":7,"_cameraCFrame":[763.65,233.005,39.202,-0.995,-0.094,0.028,0,0.285,0.958,-0.098,0.954,-0.284],"_shiftlockState":false,"_pose":"FreeFall","_animationQueue":[["fall",0.3],["fall",0.3]],"_animationSpeed":1,"_zoom":9.167},{"_mousePosition":[1059,2],"_rootPartCFrame":[763.393,222.524,41.806,0.078,0,0.997,0,1,0,-0.997,0,0.078],"_humanoidState":7,"_cameraCFrame":[763.65,232.809,39.202,-0.995,-0.094,0.028,0,0.285,0.958,-0.098,0.954,-0.284],"_shiftlockState":false,"_pose":"FreeFall","_animationQueue":[],"_animationSpeed":1,"_zoom":9.167},{"_mousePosition":[1059,2],"_rootPartCFrame":[763.393,222.583,41.806,0.078,0,0.997,0,1,0,-0.997,0,0.078],"_humanoidState":7,"_cameraCFrame":[763.65,232.868,39.202,-0.995,-0.094,0.028,0,0.285,0.958,-0.098,0.954,-0.284],"_shiftlockState":false,"_pose":"FreeFall","_animationQueue":[],"_animationSpeed":1,"_zoom":9.167},{"_mousePosition":[1059,2],"_rootPartCFrame":[763.42,222.64,41.672,0.222,0.014,0.975,0,1,-0.014,-0.975,0.003,0.222],"_humanoidState":8,"_cameraCFrame":[763.697,232.925,39.072,-0.995,-0.094,0.028,0,0.285,0.958,-0.098,0.954,-0.284],"_shiftlockState":false,"_pose":"Standing","_animationQueue":[["fall",0.3],["idle",0.1]],"_animationSpeed":1,"_zoom":9.167},{"_mousePosition":[1059,2],"_rootPartCFrame":[763.582,223.787,41.505,0.283,0.01,0.959,0.001,1,-0.011,-0.959,0.004,0.283],"_humanoidState":3,"_cameraCFrame":[763.854,234.072,38.907,-0.995,-0.094,0.028,0,0.285,0.958,-0.098,0.954,-0.284],"_shiftlockState":false,"_pose":"Jumping","_animationQueue":[["walk",0.1],["jump",0.1]],"_animationSpeed":1,"_zoom":9.167},{"_mousePosition":[1059,2],"_rootPartCFrame":[763.709,224.935,41.339,0.345,0.007,0.939,0.002,1,-0.008,-0.939,0.005,0.345],"_humanoidState":3,"_cameraCFrame":[763.977,235.22,38.741,-0.995,-0.094,0.028,0,0.285,0.958,-0.098,0.954,-0.284],"_shiftlockState":false,"_pose":"Jumping","_animationQueue":[],"_animationSpeed":1,"_zoom":9.167},{"_mousePosition":[1059,2],"_rootPartCFrame":[763.819,226.049,41.154,0.448,0.003,0.894,0.001,1,-0.004,-0.894,0.002,0.448],"_humanoidState":5,"_cameraCFrame":[764.08,236.335,38.553,-0.995,-0.094,0.028,0,0.285,0.958,-0.098,0.954,-0.284],"_shiftlockState":false,"_pose":"FreeFall","_animationQueue":[["jump",0.1]],"_animationSpeed":1,"_zoom":9.167},{"_mousePosition":[1059,2],"_rootPartCFrame":[763.9,227.109,40.942,0.561,0.001,0.828,0,1,-0.001,-0.828,0,0.561],"_humanoidState":5,"_cameraCFrame":[764.157,237.395,38.338,-0.995,-0.094,0.028,0,0.285,0.958,-0.098,0.954,-0.284],"_shiftlockState":false,"_pose":"FreeFall","_animationQueue":[],"_animationSpeed":1,"_zoom":9.167},{"_mousePosition":[1310,101],"_rootPartCFrame":[764.035,230.803,39.91,0.904,0,0.428,0,1,0,-0.428,0,0.904],"_humanoidState":5,"_cameraCFrame":[764.292,241.089,37.306,-0.995,-0.094,0.028,0,0.285,0.958,-0.098,0.954,-0.284],"_shiftlockState":false,"_pose":"FreeFall","_animationQueue":[],"_animationSpeed":1,"_zoom":9.167},{"_mousePosition":[1302,111],"_rootPartCFrame":[764.059,231.59,39.669,0.92,0,0.391,0,1,0,-0.391,0,0.92],"_humanoidState":5,"_cameraCFrame":[764.315,241.876,37.065,-0.995,-0.094,0.028,0,0.285,0.958,-0.098,0.954,-0.284],"_shiftlockState":false,"_pose":"FreeFall","_animationQueue":[],"_animationSpeed":1,"_zoom":9.167},{"_mousePosition":[1289,118],"_rootPartCFrame":[764.074,232.145,39.515,0.922,0,0.387,0,1,0,-0.387,0,0.922],"_humanoidState":5,"_cameraCFrame":[764.331,242.431,36.91,-0.995,-0.094,0.028,0,0.285,0.958,-0.098,0.954,-0.284],"_shiftlockState":false,"_pose":"FreeFall","_animationQueue":[],"_animationSpeed":1,"_zoom":9.167},{"_mousePosition":[1272,125],"_rootPartCFrame":[764.094,233.001,39.307,0.868,0,0.496,0,1,0,-0.496,0,0.868],"_humanoidState":5,"_cameraCFrame":[764.351,243.287,36.702,-0.995,-0.094,0.028,0,0.285,0.958,-0.098,0.954,-0.284],"_shiftlockState":false,"_pose":"FreeFall","_animationQueue":[],"_animationSpeed":1,"_zoom":9.167},{"_mousePosition":[1252,132],"_rootPartCFrame":[764.106,233.625,39.185,0.796,0,0.605,0,1,0,-0.605,0,0.796],"_humanoidState":5,"_cameraCFrame":[764.363,243.911,36.58,-0.995,-0.094,0.028,0,0.285,0.958,-0.098,0.954,-0.284],"_shiftlockState":false,"_pose":"FreeFall","_animationQueue":[],"_animationSpeed":1,"_zoom":9.167},{"_mousePosition":[1236,138],"_rootPartCFrame":[764.114,234.194,39.102,0.709,0,0.705,0,1,0,-0.705,0,0.709],"_humanoidState":5,"_cameraCFrame":[764.371,244.48,36.498,-0.995,-0.094,0.028,0,0.285,0.958,-0.098,0.954,-0.284],"_shiftlockState":false,"_pose":"FreeFall","_animationQueue":[],"_animationSpeed":1,"_zoom":9.167},{"_mousePosition":[1220,144],"_rootPartCFrame":[764.118,234.709,39.059,0.609,0,0.793,0,1,0,-0.793,0,0.609],"_humanoidState":5,"_cameraCFrame":[764.375,244.995,36.455,-0.995,-0.094,0.028,0,0.285,0.958,-0.098,0.954,-0.284],"_shiftlockState":false,"_pose":"FreeFall","_animationQueue":[],"_animationSpeed":1,"_zoom":9.167},{"_mousePosition":[1210,145],"_rootPartCFrame":[764.119,235.169,39.056,0.498,0,0.867,0,1,0,-0.867,0,0.498],"_humanoidState":5,"_cameraCFrame":[764.375,245.455,36.451,-0.995,-0.094,0.028,0,0.285,0.958,-0.098,0.954,-0.284],"_shiftlockState":false,"_pose":"FreeFall","_animationQueue":[],"_animationSpeed":1,"_zoom":9.167},{"_mousePosition":[1204,145],"_rootPartCFrame":[764.115,235.575,39.092,0.379,0,0.926,0,1,0,-0.926,0,0.379],"_humanoidState":5,"_cameraCFrame":[762.63,245.861,36.315,-0.995,-0.094,0.028,0,0.285,0.958,-0.098,0.954,-0.284],"_shiftlockState":true,"_pose":"FreeFall","_animationQueue":[],"_animationSpeed":1,"_zoom":9.167},{"_mousePosition":[683,352.5],"_rootPartCFrame":[764.11,235.844,39.145,-0.998,0,0.061,0,1,0,-0.061,0,-0.998],"_humanoidState":5,"_cameraCFrame":[762.625,246.129,36.368,-0.995,-0.094,0.028,0,0.285,0.958,-0.098,0.954,-0.284],"_shiftlockState":true,"_pose":"FreeFall","_animationQueue":[],"_animationSpeed":1,"_zoom":9.167},{"_mousePosition":[683,352.5],"_rootPartCFrame":[764.099,236.154,39.25,-0.996,0,0.09,0,1,0,-0.09,0,-0.996],"_humanoidState":5,"_cameraCFrame":[762.604,246.438,36.473,-0.996,-0.09,0.027,0,0.286,0.958,-0.094,0.954,-0.285],"_shiftlockState":true,"_pose":"FreeFall","_animationQueue":[],"_animationSpeed":1,"_zoom":9.167},{"_mousePosition":[683,384],"_rootPartCFrame":[764.085,236.41,39.395,-0.996,0,0.094,0,1,0,-0.094,0,-0.996],"_humanoidState":5,"_cameraCFrame":[762.541,246.707,36.69,-0.997,-0.075,0.022,0,0.281,0.96,-0.078,0.957,-0.28],"_shiftlockState":true,"_pose":"FreeFall","_animationQueue":[],"_animationSpeed":1,"_zoom":9.167},{"_mousePosition":[683,384],"_rootPartCFrame":[764.067,236.611,39.579,-0.997,0,0.079,0,1,0,-0.079,0,-0.997],"_humanoidState":5,"_cameraCFrame":[762.483,246.911,36.904,-0.998,-0.061,0.018,0,0.28,0.96,-0.063,0.958,-0.28],"_shiftlockState":true,"_pose":"FreeFall","_animationQueue":[],"_animationSpeed":1,"_zoom":9.167},{"_mousePosition":[683,384],"_rootPartCFrame":[764.042,236.786,39.865,-0.998,0,0.066,0,1,0,-0.066,0,-0.998],"_humanoidState":5,"_cameraCFrame":[762.411,247.086,37.219,-0.999,-0.044,0.013,0,0.28,0.96,-0.045,0.959,-0.28],"_shiftlockState":true,"_pose":"FreeFall","_animationQueue":[["fall",0.3]],"_animationSpeed":1,"_zoom":9.167},{"_mousePosition":[683,384],"_rootPartCFrame":[764.025,236.865,40.129,-0.999,0,0.048,0,1,0,-0.048,0,-0.999],"_humanoidState":5,"_cameraCFrame":[762.333,247.165,37.52,-1,-0.022,0.006,0,0.28,0.96,-0.022,0.96,-0.28],"_shiftlockState":true,"_pose":"FreeFall","_animationQueue":[],"_animationSpeed":1,"_zoom":9.167},{"_mousePosition":[683,384],"_rootPartCFrame":[764.015,236.889,40.328,-1,0,0.025,0,1,0,-0.025,0,-1],"_humanoidState":5,"_cameraCFrame":[762.272,247.184,37.74,-1,-0.002,0.001,0,0.282,0.959,-0.003,0.959,-0.282],"_shiftlockState":true,"_pose":"FreeFall","_animationQueue":[],"_animationSpeed":1,"_zoom":9.167},{"_mousePosition":[683,384],"_rootPartCFrame":[764.008,236.872,40.595,-1,0,0.005,0,1,0,-0.005,0,-1],"_humanoidState":5,"_cameraCFrame":[762.214,247.163,38.027,-1,0.017,-0.005,0,0.283,0.959,0.017,0.959,-0.283],"_shiftlockState":true,"_pose":"FreeFall","_animationQueue":[],"_animationSpeed":1,"_zoom":9.167},{"_mousePosition":[683,384],"_rootPartCFrame":[764.007,236.775,40.928,-1,0,-0.025,0,1,0,0.025,0,-1],"_humanoidState":5,"_cameraCFrame":[762.193,247.064,38.368,-1,0.024,-0.007,0,0.284,0.959,0.025,0.959,-0.284],"_shiftlockState":true,"_pose":"FreeFall","_animationQueue":[["fall",0.3],["climb",0.1],["fall",0.3]],"_animationSpeed":1,"_zoom":9.167},{"_mousePosition":[683,384],"_rootPartCFrame":[764.007,236.919,41.17,-1,0,-0.024,0,1,0,0.024,0,-1],"_humanoidState":12,"_cameraCFrame":[762.193,247.208,38.61,-1,0.024,-0.007,0,0.284,0.959,0.025,0.959,-0.284],"_shiftlockState":true,"_pose":"Climbing","_animationQueue":[["fall",0.3],["walk",0.1],["fall",0.3],["climb",0.1],["climb",0]],"_animationSpeed":-0.526,"_zoom":9.167},{"_mousePosition":[683,384],"_rootPartCFrame":[764.007,237.105,41.27,-1,0,-0.025,0,1,0,0.025,0,-1],"_humanoidState":12,"_cameraCFrame":[762.193,247.394,38.71,-1,0.024,-0.007,0,0.284,0.959,0.025,0.959,-0.284],"_shiftlockState":true,"_pose":"Climbing","_animationQueue":[["climb",0.1],["climb",0]],"_animationSpeed":0.904,"_zoom":9.167},{"_mousePosition":[683,384],"_rootPartCFrame":[764.012,237.803,41.507,-1,0,-0.025,0,1,0,0.025,0,-1],"_humanoidState":8,"_cameraCFrame":[762.199,248.093,38.947,-1,0.024,-0.007,0,0.284,0.959,0.025,0.959,-0.284],"_shiftlockState":true,"_pose":"Running","_animationQueue":[["walk",0.1],["climb",0.1],["walk",0.1],["walk",0.1]],"_animationSpeed":0.112,"_zoom":9.167},{"_mousePosition":[683,384],"_rootPartCFrame":[764.019,238.213,41.772,-1,0,-0.025,0,1,0,0.025,0,-1],"_humanoidState":8,"_cameraCFrame":[762.205,248.503,39.212,-1,0.024,-0.007,0,0.284,0.959,0.025,0.959,-0.284],"_shiftlockState":true,"_pose":"Running","_animationQueue":[["walk",0.1]],"_animationSpeed":1.051,"_zoom":9.167},{"_mousePosition":[683,384],"_rootPartCFrame":[764.025,238.443,42.038,-1,0,-0.025,0,1,0,0.025,0,-1],"_humanoidState":8,"_cameraCFrame":[762.212,248.733,39.479,-1,0.024,-0.007,0,0.284,0.959,0.025,0.959,-0.284],"_shiftlockState":true,"_pose":"Running","_animationQueue":[],"_animationSpeed":1.051,"_zoom":9.167},{"_mousePosition":[683,384],"_rootPartCFrame":[764.029,238.57,42.176,-1,0,-0.025,0,1,0,0.025,0,-1],"_humanoidState":8,"_cameraCFrame":[762.215,248.86,39.616,-1,0.024,-0.007,0,0.284,0.959,0.025,0.959,-0.284],"_shiftlockState":true,"_pose":"Running","_animationQueue":[],"_animationSpeed":1.051,"_zoom":9.167},{"_mousePosition":[683,384],"_rootPartCFrame":[764.029,238.651,42.185,-1,0,-0.025,0,1,0,0.025,0,-1],"_humanoidState":8,"_cameraCFrame":[762.215,248.94,39.625,-1,0.024,-0.007,0,0.284,0.959,0.025,0.959,-0.284],"_shiftlockState":true,"_pose":"Running","_animationQueue":[["walk",0.1],["walk",0.1]],"_animationSpeed":0.251,"_zoom":9.167},{"_mousePosition":[683,384],"_rootPartCFrame":[764.029,238.677,42.185,-1,0,-0.025,0,1,0,0.025,0,-1],"_humanoidState":8,"_cameraCFrame":[762.215,248.966,39.626,-1,0.024,-0.007,0,0.284,0.959,0.025,0.959,-0.284],"_shiftlockState":true,"_pose":"Standing","_animationQueue":[["idle",0.1]],"_animationSpeed":1,"_zoom":9.167},{"_mousePosition":[683,384],"_rootPartCFrame":[764.029,238.697,42.185,-1,0,-0.025,0,1,0,0.025,0,-1],"_humanoidState":8,"_cameraCFrame":[762.215,248.987,39.626,-1,0.024,-0.007,0,0.284,0.959,0.025,0.959,-0.284],"_shiftlockState":true,"_pose":"Standing","_animationQueue":[],"_animationSpeed":1,"_zoom":9.167},{"_mousePosition":[683,384],"_rootPartCFrame":[764.029,238.709,42.185,-1,0,-0.025,0,1,0,0.025,0,-1],"_humanoidState":8,"_cameraCFrame":[762.215,248.998,39.626,-1,0.024,-0.007,0,0.284,0.959,0.025,0.959,-0.284],"_shiftlockState":true,"_pose":"Standing","_animationQueue":[],"_animationSpeed":1,"_zoom":9.167},{"_mousePosition":[683,384],"_rootPartCFrame":[764.024,238.716,41.996,-1,0,-0.025,0,1,0,0.025,0,-1],"_humanoidState":8,"_cameraCFrame":[762.211,249.005,39.436,-1,0.024,-0.007,0,0.284,0.959,0.025,0.959,-0.284],"_shiftlockState":true,"_pose":"Standing","_animationQueue":[],"_animationSpeed":1,"_zoom":9.167},{"_mousePosition":[683,384],"_rootPartCFrame":[764.019,238.718,41.799,-1,0,-0.025,0,1,0,0.025,0,-1],"_humanoidState":8,"_cameraCFrame":[762.206,249.007,39.239,-1,0.024,-0.007,0,0.284,0.959,0.025,0.959,-0.284],"_shiftlockState":true,"_pose":"Running","_animationQueue":[["walk",0.1]],"_animationSpeed":1.009,"_zoom":9.167},{"_mousePosition":[683,384],"_rootPartCFrame":[764.013,238.72,41.533,-1,0,-0.025,0,1,0,0.025,0,-1],"_humanoidState":8,"_cameraCFrame":[762.199,249.009,38.973,-1,0.024,-0.007,0,0.284,0.959,0.025,0.959,-0.284],"_shiftlockState":true,"_pose":"Running","_animationQueue":[["walk",0.1]],"_animationSpeed":1.098,"_zoom":9.167},{"_mousePosition":[683,384],"_rootPartCFrame":[764.006,239.593,41.266,-1,0,-0.025,0,1,0,0.025,0,-1],"_humanoidState":3,"_cameraCFrame":[762.193,249.882,38.706,-1,0.024,-0.007,0,0.284,0.959,0.025,0.959,-0.284],"_shiftlockState":true,"_pose":"Jumping","_animationQueue":[["walk",0.1],["walk",0.1],["jump",0.1]],"_animationSpeed":1,"_zoom":9.167},{"_mousePosition":[683,384],"_rootPartCFrame":[764,240.415,41.024,-1,0,-0.025,0,1,0,0.025,0,-1],"_humanoidState":5,"_cameraCFrame":[762.187,250.704,38.464,-1,0.024,-0.007,0,0.284,0.959,0.025,0.959,-0.284],"_shiftlockState":true,"_pose":"FreeFall","_animationQueue":[["jump",0.1]],"_animationSpeed":1,"_zoom"