[{"_mousePosition":[1158,356],"_rootPartCFrame":[776.034,222.979,47.142,-0.001,-0.007,1,0,1,0.007,-1,0,-0.001],"_humanoidState":8,"_cameraCFrame":[786.374,235.942,46.833,-0.03,-0.742,0.67,0,0.67,0.742,-1,0.022,-0.02],"_shiftlockState":false,"_pose":"Standing","_animationQueue":[],"_animationSpeed":1,"_zoom":15.448},{"_mousePosition":[1111,353],"_rootPartCFrame":[775.863,222.886,47.147,-0.004,-0.002,1,0,1,0.002,-1,0,-0.004],"_humanoidState":8,"_cameraCFrame":[786.211,235.849,46.838,-0.03,-0.742,0.67,0,0.67,0.742,-1,0.022,-0.02],"_shiftlockState":false,"_pose":"Standing","_animationQueue":[],"_animationSpeed":1,"_zoom":15.448},{"_mousePosition":[1074,352],"_rootPartCFrame":[775.598,222.731,47.155,-0.007,0,1,0,1,0,-1,0,-0.007],"_humanoidState":8,"_cameraCFrame":[785.95,235.694,46.846,-0.03,-0.742,0.67,0,0.67,0.742,-1,0.022,-0.02],"_shiftlockState":false,"_pose":"Running","_animationQueue":[["walk",0.1]],"_animationSpeed":1,"_zoom":15.448},{"_mousePosition":[1036,351],"_rootPartCFrame":[775.331,222.615,47.163,-0.01,0,1,0,1,0,-1,0,-0.01],"_humanoidState":8,"_cameraCFrame":[785.683,235.578,46.854,-0.03,-0.742,0.67,0,0.67,0.742,-1,0.022,-0.02],"_shiftlockState":false,"_pose":"Running","_animationQueue":[["walk",0.1]],"_animationSpeed":1.104,"_zoom":15.448},{"_mousePosition":[1006,350],"_rootPartCFrame":[775.065,222.638,47.171,-0.013,0,1,0,1,0,-1,0,-0.013],"_humanoidState":8,"_cameraCFrame":[785.416,235.601,46.862,-0.03,-0.742,0.67,0,0.67,0.742,-1,0.022,-0.02],"_shiftlockState":false,"_pose":"Running","_animationQueue":[],"_animationSpeed":1.104,"_zoom":15.448},{"_mousePosition":[977,350],"_rootPartCFrame":[774.798,222.664,47.179,-0.015,0,1,0,1,0,-1,0,-0.015],"_humanoidState":8,"_cameraCFrame":[785.149,235.627,46.87,-0.03,-0.742,0.67,0,0.67,0.742,-1,0.022,-0.02],"_shiftlockState":false,"_pose":"Running","_animationQueue":[],"_animationSpeed":1.104,"_zoom":15.448},{"_mousePosition":[950,350],"_rootPartCFrame":[774.532,222.68,47.187,-0.017,0,1,0,1,0,-1,0,-0.017],"_humanoidState":8,"_cameraCFrame":[784.883,235.643,46.878,-0.03,-0.742,0.67,0,0.67,0.742,-1,0.022,-0.02],"_shiftlockState":false,"_pose":"Running","_animationQueue":[],"_animationSpeed":1.104,"_zoom":15.448},{"_mousePosition":[930,353],"_rootPartCFrame":[774.265,222.689,47.195,-0.019,0,1,0,1,0,-1,0,-0.019],"_humanoidState":8,"_cameraCFrame":[784.616,235.652,46.886,-0.03,-0.742,0.67,0,0.67,0.742,-1,0.022,-0.02],"_shiftlockState":false,"_pose":"Running","_animationQueue":[],"_animationSpeed":1.104,"_zoom":15.448},{"_mousePosition":[909,362],"_rootPartCFrame":[773.998,222.694,47.203,-0.02,0,1,0,1,0,-1,0,-0.02],"_humanoidState":8,"_cameraCFrame":[784.349,235.657,46.894,-0.03,-0.742,0.67,0,0.67,0.742,-1,0.022,-0.02],"_shiftlockState":false,"_pose":"Running","_animationQueue":[],"_animationSpeed":1.104,"_zoom":15.448},{"_mousePosition":[899,370],"_rootPartCFrame":[773.732,222.697,47.211,-0.022,0,1,0,1,0,-1,0,-0.022],"_humanoidState":8,"_cameraCFrame":[784.083,235.66,46.902,-0.03,-0.742,0.67,0,0.67,0.742,-1,0.022,-0.02],"_shiftlockState":false,"_pose":"Running","_animationQueue":[["walk",0.1]],"_animationSpeed":1.104,"_zoom":15.448},{"_mousePosition":[891,379],"_rootPartCFrame":[773.465,222.698,47.219,-0.023,0,1,0,1,0,-1,0,-0.023],"_humanoidState":8,"_cameraCFrame":[783.816,235.661,46.91,-0.03,-0.742,0.67,0,0.67,0.742,-1,0.022,-0.02],"_shiftlockState":false,"_pose":"Running","_animationQueue":[],"_animationSpeed":1.104,"_zoom":15.448},{"_mousePosition":[885,389],"_rootPartCFrame":[773.199,222.699,47.227,-0.024,0,1,0,1,0,-1,0,-0.024],"_humanoidState":8,"_cameraCFrame":[783.549,235.662,46.918,-0.03,-0.742,0.67,0,0.67,0.742,-1,0.022,-0.02],"_shiftlockState":false,"_pose":"Running","_animationQueue":[],"_animationSpeed":1.104,"_zoom":15.448},{"_mousePosition":[882,400],"_rootPartCFrame":[772.932,222.699,47.235,-0.025,0,1,0,1,0,-1,0,-0.025],"_humanoidState":8,"_cameraCFrame":[783.283,235.662,46.926,-0.03,-0.742,0.67,0,0.67,0.742,-1,0.022,-0.02],"_shiftlockState":false,"_pose":"Running","_animationQueue":[],"_animationSpeed":1.104,"_zoom":15.448},{"_mousePosition":[881,419],"_rootPartCFrame":[772.665,222.699,47.243,-0.025,0,1,0,1,0,-1,0,-0.025],"_humanoidState":8,"_cameraCFrame":[783.016,235.663,46.934,-0.03,-0.742,0.67,0,0.67,0.742,-1,0.022,-0.02],"_shiftlockState":false,"_pose":"Running","_animationQueue":[],"_animationSpeed":1.104,"_zoom":15.448},{"_mousePosition":[881,419],"_rootPartCFrame":[772.399,222.7,47.251,-0.026,0,1,0,1,0,-1,0,-0.026],"_humanoidState":8,"_cameraCFrame":[782.369,235.999,47.13,-0.012,-0.764,0.645,0,0.645,0.764,-1,0.009,-0.008],"_shiftlockState":false,"_pose":"Running","_animationQueue":[],"_animationSpeed":1.104,"_zoom":15.448},{"_mousePosition":[881,419],"_rootPartCFrame":[772.132,222.7,47.258,-0.026,0,1,0,1,0,-1,0,-0.026],"_humanoidState":8,"_cameraCFrame":[781.698,236.33,47.334,0.008,-0.785,0.619,0,0.619,0.785,-1,-0.006,0.005],"_shiftlockState":false,"_pose":"Running","_animationQueue":[["walk",0.1]],"_animationSpeed":1.104,"_zoom":15.448},{"_mousePosition":[881,419],"_rootPartCFrame":[771.866,222.7,47.262,-0.025,0,1,0,1,0,-1,0,-0.025],"_humanoidState":8,"_cameraCFrame":[780.981,236.669,47.525,0.029,-0.807,0.59,0,0.59,0.807,-1,-0.023,0.017],"_shiftlockState":false,"_pose":"Running","_animationQueue":[],"_animationSpeed":1.104,"_zoom":15.448},{"_mousePosition":[881,419],"_rootPartCFrame":[771.599,222.7,47.26,-0.021,0,1,0,1,0,-1,0,-0.021],"_humanoidState":8,"_cameraCFrame":[780.345,236.928,47.622,0.041,-0.823,0.566,0,0.567,0.824,-0.999,-0.034,0.023],"_shiftlockState":false,"_pose":"Running","_animationQueue":[],"_animationSpeed":1.104,"_zoom":15.448},{"_mousePosition":[881,419],"_rootPartCFrame":[771.266,223.77,47.258,-0.015,0,1,0,1,0,-1,0,-0.015],"_humanoidState":3,"_cameraCFrame":[779.731,238.186,47.662,0.048,-0.835,0.548,0,0.549,0.836,-0.999,-0.04,0.026],"_shiftlockState":false,"_pose":"Jumping","_animationQueue":[["walk",0.1],["jump",0.1]],"_animationSpeed":1,"_zoom":15.448},{"_mousePosition":[881,419],"_rootPartCFrame":[771.066,224.371,47.251,-0.011,0,1,0,1,0,-1,0,-0.011],"_humanoidState":5,"_cameraCFrame":[779.225,238.982,47.683,0.053,-0.848,0.528,0,0.529,0.849,-0.999,-0.045,0.028],"_shiftlockState":false,"_pose":"FreeFall","_animationQueue":[["jump",0.1]],"_animationSpeed":1,"_zoom":15.448},{"_mousePosition":[881,419],"_rootPartCFrame":[770.8,225.125,47.239,-0.003,0,1,0,1,0,-1,0,-0.003],"_humanoidState":5,"_cameraCFrame":[778.615,239.942,47.702,0.059,-0.861,0.506,0,0.507,0.862,-0.998,-0.051,0.03],"_shiftlockState":false,"_pose":"FreeFall","_animationQueue":[],"_animationSpeed":1,"_zoom":15.448},{"_mousePosition":[881,419],"_rootPartCFrame":[770.533,225.824,47.225,0.004,0,1,0,1,0,-1,0,0.004],"_humanoidState":5,"_cameraCFrame":[777.912,240.887,47.724,0.067,-0.876,0.478,0,0.479,0.878,-0.998,-0.059,0.032],"_shiftlockState":false,"_pose":"FreeFall","_animationQueue":[],"_animationSpeed":1,"_zoom":15.448},{"_mousePosition":[881,419],"_rootPartCFrame":[770.201,226.622,47.205,0.014,0,1,0,1,0,-1,0,0.014],"_humanoidState":5,"_cameraCFrame":[776.992,241.988,47.7,0.073,-0.895,0.44,0,0.441,0.898,-0.997,-0.065,0.032],"_shiftlockState":false,"_pose":"FreeFall","_animationQueue":[],"_animationSpeed":1,"_zoom":15.448},{"_mousePosition":[881,419],"_rootPartCFrame":[770.001,227.06,47.192,0.019,0,1,0,1,0,-1,0,0.019],"_humanoidState":5,"_cameraCFrame":[776.218,242.694,47.652,0.074,-0.912,0.402,0,0.404,0.915,-0.997,-0.067,0.03],"_shiftlockState":false,"_pose":"FreeFall","_animationQueue":[],"_animationSpeed":1,"_zoom":15.448},{"_mousePosition":[881,419],"_rootPartCFrame":[769.735,227.595,47.173,0.026,0,1,0,1,0,-1,0,0.026],"_humanoidState":5,"_cameraCFrame":[775.448,243.442,47.589,0.073,-0.926,0.37,0,0.371,0.929,-0.997,-0.068,0.027],"_shiftlockState":false,"_pose":"FreeFall","_animationQueue":[],"_animationSpeed":1,"_zoom":15.448},{"_mousePosition":[881,419],"_rootPartCFrame":[769.469,228.077,47.153,0.033,0,0.999,0,1,0,-0.999,0,0.033],"_humanoidState":5,"_cameraCFrame":[774.831,244.058,47.595,0.082,-0.934,0.347,0,0.348,0.937,-0.997,-0.077,0.029],"_shiftlockState":false,"_pose":"FreeFall","_animationQueue":[],"_animationSpeed":1,"_zoom":15.448},{"_mousePosition":[881,419],"_rootPartCFrame":[769.203,228.504,47.134,0.038,0,0.999,0,1,0,-0.999,0,0.038],"_humanoidState":5,"_cameraCFrame":[774.521,244.498,47.667,0.1,-0.934,0.344,0,0.346,0.938,-0.995,-0.094,0.035],"_shiftlockState":false,"_pose":"FreeFall","_animationQueue":[],"_animationSpeed":1,"_zoom":15.448},{"_mousePosition":[881,419],"_rootPartCFrame":[768.937,228.876,47.112,0.044,0,0.999,0,1,0,-0.999,0,0.044],"_humanoidState":5,"_cameraCFrame":[774.255,244.87,47.646,0.1,-0.934,0.344,0,0.346,0.938,-0.995,-0.094,0.035],"_shiftlockState":false,"_pose":"FreeFall","_animationQueue":[],"_animationSpeed":1,"_zoom":15.448},{"_mousePosition":[881,419],"_rootPartCFrame":[768.672,229.194,47.086,0.051,0,0.999,0,1,0,-0.999,0,0.051],"_humanoidState":5,"_cameraCFrame":[773.99,245.188,47.62,0.1,-0.934,0.344,0,0.346,0.938,-0.995,-0.094,0.035],"_shiftlockState":false,"_pose":"FreeFall","_animationQueue":[],"_animationSpeed":1,"_zoom":15.448},{"_mousePosition":[881,419],"_rootPartCFrame":[768.407,229.457,47.06,0.058,0,0.998,0,1,0,-0.998,0,0.058],"_humanoidState":5,"_cameraCFrame":[773.724,245.451,47.593,0.1,-0.934,0.344,0,0.346,0.938,-0.995,-0.094,0.035],"_shiftlockState":false,"_pose":"FreeFall","_animationQueue":[],"_animationSpeed":1,"_zoom":15.448},{"_mousePosition":[683,384],"_rootPartCFrame":[768.141,229.666,47.033,0.1,0,0.995,0,1,0,-0.995,0,0.1],"_humanoidState":5,"_cameraCFrame":[773.611,245.669,45.83,0.101,-0.934,0.343,0,0.344,0.939,-0.995,-0.095,0.035],"_shiftlockState":true,"_pose":"FreeFall","_animationQueue":[["jump",0.1]],"_animationSpeed":1,"_zoom":15.448},{"_mousePosition":[683,384],"_rootPartCFrame":[767.876,229.82,47.006,0.103,0,0.995,0,1,0,-0.995,0,0.103],"_humanoidState":5,"_cameraCFrame":[773.332,245.828,45.797,0.1,-0.934,0.342,0,0.344,0.939,-0.995,-0.094,0.034],"_shiftlockState":true,"_pose":"FreeFall","_animationQueue":[],"_animationSpeed":1,"_zoom":15.448},{"_mousePosition":[683,384],"_rootPartCFrame":[767.61,229.92,46.979,0.1,0,0.995,0,1,0,-0.995,0,0.1],"_humanoidState":5,"_cameraCFrame":[773.042,245.936,45.762,0.099,-0.935,0.34,0,0.342,0.94,-0.995,-0.093,0.034],"_shiftlockState":true,"_pose":"FreeFall","_animationQueue":[],"_animationSpeed":1,"_zoom":15.448},{"_mousePosition":[683,384],"_rootPartCFrame":[767.345,229.966,46.952,0.099,0,0.995,0,1,0,-0.995,0,0.099],"_humanoidState":5,"_cameraCFrame":[772.652,245.745,45.722,0.099,-0.936,0.338,0,0.34,0.94,-0.995,-0.093,0.034],"_shiftlockState":true,"_pose":"FreeFall","_animationQueue":[],"_animationSpeed":1,"_zoom":11.958},{"_mousePosition":[683,384],"_rootPartCFrame":[767.079,229.957,46.926,0.099,0,0.995,0,1,0,-0.995,0,0.099],"_humanoidState":5,"_cameraCFrame":[772.16,245.211,45.668,0.098,-0.937,0.336,0,0.338,0.941,-0.995,-0.092,0.033],"_shiftlockState":true,"_pose":"FreeFall","_animationQueue":[],"_animationSpeed":1,"_zoom":11.958},{"_mousePosition":[683,384],"_rootPartCFrame":[766.814,229.893,46.899,0.098,0,0.995,0,1,0,-0.995,0,0.098],"_humanoidState":5,"_cameraCFrame":[771.703,244.611,45.623,0.098,-0.937,0.336,0,0.338,0.941,-0.995,-0.092,0.033],"_shiftlockState":true,"_pose":"FreeFall","_animationQueue":[],"_animationSpeed":1,"_zoom":11.958},{"_mousePosition":[683,384],"_rootPartCFrame":[766.549,229.775,46.873,0.098,0,0.995,0,1,0,-0.995,0,0.098],"_humanoidState":5,"_cameraCFrame":[771.247,243.992,45.578,0.098,-0.937,0.335,0,0.337,0.942,-0.995,-0.092,0.033],"_shiftlockState":true,"_pose":"FreeFall","_animationQueue":[["fall",0.3]],"_animationSpeed":1,"_zoom":11.958},{"_mousePosition":[683,384],"_rootPartCFrame":[766.283,229.602,46.847,0.098,0,0.995,0,1,0,-0.995,0,0.098],"_humanoidState":5,"_cameraCFrame":[770.826,243.418,45.532,0.097,-0.937,0.334,0,0.336,0.942,-0.995,-0.091,0.033],"_shiftlockState":true,"_pose":"FreeFall","_animationQueue":[],"_animationSpeed":1,"_zoom":11.958},{"_mousePosition":[683,384],"_rootPartCFrame":[766.018,229.375,46.821,0.097,0,0.995,0,1,0,-0.995,0,0.097],"_humanoidState":5,"_cameraCFrame":[770.432,242.89,45.493,0.097,-0.938,0.333,0,0.335,0.942,-0.995,-0.091,0.032],"_shiftlockState":true,"_pose":"FreeFall","_animationQueue":[],"_animationSpeed":1,"_zoom":11.958},{"_mousePosition":[683,384],"_rootPartCFrame":[765.753,229.093,46.795,0.097,0,0.995,0,1,0,-0.995,0,0.097],"_humanoidState":5,"_cameraCFrame":[770.057,242.392,45.452,0.096,-0.939,0.331,0,0.332,0.943,-0.995,-0.091,0.032],"_shiftlockState":true,"_pose":"FreeFall","_animationQueue":[],"_animationSpeed":1,"_zoom":11.958},{"_mousePosition":[683,384],"_rootPartCFrame":[765.487,228.757,46.769,0.096,0,0.995,0,1,0,-0.995,0,0.096],"_humanoidState":5,"_cameraCFrame":[769.719,241.908,45.419,0.096,-0.939,0.329,0,0.331,0.944,-0.995,-0.091,0.032],"_shiftlockState":true,"_pose":"FreeFall","_animationQueue":[],"_animationSpeed":1,"_zoom":11.958},{"_mousePosition":[683,384],"_rootPartCFrame":[765.222,228.367,46.743,0.096,0,0.995,0,1,0,-0.995,0,0.096],"_humanoidState":5,"_cameraCFrame":[769.376,241.42,45.382,0.095,-0.941,0.326,0,0.328,0.945,-0.995,-0.09,0.031],"_shiftlockState":true,"_pose":"FreeFall","_animationQueue":[],"_animationSpeed":1,"_zoom":11.958},{"_mousePosition":[683,384],"_rootPartCFrame":[764.956,227.922,46.718,0.095,0,0.995,0,1,0,-0.995,0,0.095],"_humanoidState":5,"_cameraCFrame":[769.046,240.905,45.35,0.095,-0.942,0.323,0,0.325,0.946,-0.995,-0.09,0.031],"_shiftlockState":true,"_pose":"FreeFall","_animationQueue":[["fall",0.3]],"_animationSpeed":1,"_zoom":11.958},{"_mousePosition":[683,384],"_rootPartCFrame":[764.691,227.422,46.692,0.095,0,0.995,0,1,0,-0.995,0,0.095],"_humanoidState":5,"_cameraCFrame":[768.715,240.364,45.318,0.095,-0.943,0.319,0,0.321,0.947,-0.995,-0.09,0.03],"_shiftlockState":true,"_pose":"FreeFall","_animationQueue":[],"_animationSpeed":1,"_zoom":11.958},{"_mousePosition":[683,384],"_rootPartCFrame":[764.426,226.868,46.667,0.095,0,0.995,0,1,0,-0.995,0,0.095],"_humanoidState":5,"_cameraCFrame":[768.391,239.787,45.287,0.095,-0.944,0.316,0,0.317,0.948,-0.995,-0.09,0.03],"_shiftlockState":true,"_pose":"FreeFall","_animationQueue":[],"_animationSpeed":1,"_zoom":11.958},{"_mousePosition":[683,384],"_rootPartCFrame":[764.16,226.259,46.642,0.095,0,0.995,0,1,0,-0.995,0,0.095],"_humanoidState":5,"_cameraCFrame":[768.063,239.171,45.26,0.096,-0.946,0.311,0,0.312,0.95,-0.995,-0.091,0.03],"_shiftlockState":true,"_pose":"FreeFall","_animationQueue":[],"_animationSpeed":1,"_zoom":11.958},{"_mousePosition":[683,384],"_rootPartCFrame":[763.895,225.596,46.616,0.096,0,0.995,0,1,0,-0.995,0,0.096],"_humanoidState":5,"_cameraCFrame":[767.741,238.509,45.237,0.098,-0.947,0.306,0,0.308,0.951,-0.995,-0.093,0.03],"_shiftlockState":true,"_pose":"FreeFall","_animationQueue":[],"_animationSpeed":1,"_zoom":11.958},{"_mousePosition":[683,384],"_rootPartCFrame":[763.63,224.879,46.591,0.099,0,0.995,0,1,0,-0.995,0,0.099],"_humanoidState":5,"_cameraCFrame":[767.341,237.791,45.161,0.088,-0.951,0.298,0,0.299,0.954,-0.996,-0.084,0.026],"_shiftlockState":true,"_pose":"FreeFall","_animationQueue":[["fall",0.3]],"_animationSpeed":1,"_zoom":11.958},{"_mousePosition":[683,384],"_rootPartCFrame":[763.564,224.691,46.584,0.088,0,0.996,0,1,0,-0.996,0,0.088],"_humanoidState":5,"_cameraCFrame":[767.252,237.609,45.141,0.085,-0.951,0.296,0,0.297,0.955,-0.996,-0.081,0.025],"_shiftlockState":true,"_pose":"FreeFall","_animationQueue":[],"_animationSpeed":1,"_zoom":11.958},{"_mousePosition":[683,384],"_rootPartCFrame":[763.364,224.107,46.567,0.085,0,0.996,0,1,0,-0.996,0,0.085],"_humanoidState":5,"_cameraCFrame":[767.024,237.033,45.117,0.084,-0.952,0.294,0,0.295,0.956,-0.997,-0.08,0.025],"_shiftlockState":true,"_pose":"FreeFall","_animationQueue":[["fall",0.3]],"_animationSpeed":1,"_zoom":11.958},{"_mousePosition":[683,384],"_rootPartCFrame":[763.099,223.28,46.544,0.084,0,0.996,0,1,0,-0.996,0,0.084],"_humanoidState":5,"_cameraCFrame":[766.719,236.218,45.084,0.081,-0.953,0.291,0,0.292,0.956,-0.997,-0.078,0.024],"_shiftlockState":true,"_pose":"FreeFall","_animationQueue":[],"_animationSpeed":1,"_zoom":11.958},{"_mousePosition":[683,384],"_rootPartCFrame":[762.833,222.508,46.522,0.082,0,0.997,0,1,0,-0.997,0,0.082],"_humanoidState":7,"_cameraCFrame":[766.415,235.457,45.055,0.08,-0.954,0.288,0,0.289,0.957,-0.997,-0.077,0.023],"_shiftlockState":true,"_pose":"FreeFall","_animationQueue":[["walk",0.1],["fall",0.3],["fall",0.3]],"_animationSpeed":1,"_zoom":11.958},{"_mousePosition":[683,384],"_rootPartCFrame":[762.567,222.46,46.5,0.08,0,0.997,0,1,0,-0.997,0,0.08],"_humanoidState":7,"_cameraCFrame":[766.13,235.415,45.031,0.08,-0.955,0.286,0,0.287,0.958,-0.997,-0.077,0.023],"_shiftlockState":true,"_pose":"FreeFall","_animationQueue":[],"_animationSpeed":1,"_zoom":11.958},{"_mousePosition":[683,384],"_rootPartCFrame":[762.235,222.57,46.473,0.08,0,0.997,0,1,0,-0.997,0,0.08],"_humanoidState":8,"_cameraCFrame":[765.78,235.53,45.003,0.08,-0.955,0.285,0,0.286,0.958,-0.997,-0.077,0.023],"_shiftlockState":true,"_pose":"Running","_animationQueue":[["walk",0.1],["fall",0.3],["walk",0.1]],"_animationSpeed":1.103,"_zoom":11.958},{"_mousePosition":[683,384],"_rootPartCFrame":[761.903,223.654,46.446,0.08,0,0.997,0,1,0,-0.997,0,0.08],"_humanoidState":3,"_cameraCFrame":[765.42,236.622,44.974,0.08,-0.956,0.282,0,0.283,0.959,-0.997,-0.077,0.023],"_shiftlockState":true,"_pose":"Jumping","_animationQueue":[["walk",0.1],["jump",0.1]],"_animationSpeed":1,"_zoom":11.958},{"_mousePosition":[683,384],"_rootPartCFrame":[761.703,224.265,46.43,0.08,0,0.997,0,1,0,-0.997,0,0.08],"_humanoidState":5,"_cameraCFrame":[765.2,237.239,44.953,0.079,-0.956,0.281,0,0.282,0.959,-0.997,-0.076,0.022],"_shiftlockState":true,"_pose":"FreeFall","_animationQueue":[["jump",0.1]],"_animationSpeed":1,"_zoom":11.958},{"_mousePosition":[683,384],"_rootPartCFrame":[761.438,225.033,46.409,0.079,0,0.997,0,1,0,-0.997,0,0.079],"_humanoidState":5,"_cameraCFrame":[764.905,238.015,44.926,0.078,-0.957,0.279,0,0.279,0.96,-0.997,-0.075,0.022],"_shiftlockState":true,"_pose":"FreeFall","_animationQueue":[],"_animationSpeed":1,"_zoom":11.958},{"_mousePosition":[683,384],"_rootPartCFrame":[761.172,225.746,46.387,0.078,0,0.997,0,1,0,-0.997,0,0.078],"_humanoidState":5,"_cameraCFrame":[764.607,238.736,44.891,0.075,-0.958,0.276,0,0.277,0.961,-0.997,-0.072,0.021],"_shiftlockState":true,"_pose":"FreeFall","_animationQueue":[],"_animationSpeed":1,"_zoom":11.958},{"_mousePosition":[683,384],"_rootPartCFrame":[760.906,226.404,46.366,0.076,0,0.997,0,1,0,-0.997,0,0.076],"_humanoidState":5,"_cameraCFrame":[764.316,239.4,44.855,0.071,-0.959,0.275,0,0.276,0.961,-0.997,-0.068,0.02],"_shiftlockState":true,"_pose":"FreeFall","_animationQueue":[],"_animationSpeed":1,"_zoom":11.958},{"_mousePosition":[683,384],"_rootPartCFrame":[760.64,227.008,46.346,0.072,0,0.997,0,1,0,-0.997,0,0.072],"_humanoidState":5,"_cameraCFrame":[764.016,240.012,44.818,0.067,-0.96,0.273,0,0.273,0.962,-0.998,-0.064,0.018],"_shiftlockState":true,"_pose":"FreeFall","_animationQueue":[],"_animationSpeed":1,"_zoom":11.958},{"_mousePosition":[683,384],"_rootPartCFrame":[760.374,227.558,46.327,0.067,0,0.998,0,1,0,-0.998,0,0.067],"_humanoidState":5,"_cameraCFrame":[763.724,240.566,44.781,0.062,-0.961,0.271,0,0.272,0.962,-0.998,-0.059,0.017],"_shiftlockState":true,"_pose":"FreeFall","_animationQueue":[],"_animationSpeed":1,"_zoom":11.958},{"_mousePosition":[683,384],"_rootPartCFrame":[760.108,228.053,46.309,0.062,0,0.998,0,1,0,-0.998,0,0.062],"_humanoidState":5,"_cameraCFrame":[763.442,241.064,44.748,0.057,-0.961,0.27,0,0.271,0.963,-0.998,-0.055,0.016],"_shiftlockState":true,"_pose":"FreeFall","_animationQueue":[],"_animationSpeed":1,"_zoom":11.958},{"_mousePosition":[683,384],"_rootPartCFrame":[759.842,228.494,46.293,0.058,0,0.998,0,1,0,-0.998,0,0.058],"_humanoidState":5,"_cameraCFrame":[763.176,241.505,44.731,0.057,-0.961,0.27,0,0.271,0.963,-0.998,-0.055,0.016],"_shiftlockState":true,"_pose":"FreeFall","_animationQueue":[],"_animationSpeed":1,"_zoom":11.958},{"_mousePosition":[683,384],"_rootPartCFrame":[759.576,228.88,46.277,0.058,0,0.998,0,1,0,-0.998,0,0.058],"_humanoidState":5,"_cameraCFrame":[762.897,241.893,44.708,0.055,-0.961,0.27,0,0.27,0.963,-0.998,-0.053,0.015],"_shiftlockState":true,"_pose":"FreeFall","_animationQueue":[],"_animationSpeed":1,"_zoom":11.958},{"_mousePosition":[683,384],"_rootPartCFrame":[759.309,229.211,46.262,0.056,0,0.998,0,1,0,-0.998,0,0.056],"_humanoidState":5,"_cameraCFrame":[762.628,242.225,44.686,0.053,-0.961,0.27,0,0.27,0.963,-0.999,-0.051,0.014],"_shiftlockState":true,"_pose":"FreeFall","_animationQueue":[],"_animationSpeed":1,"_zoom":11.958},{"_mousePosition":[683,384],"_rootPartCFrame":[759.043,229.488,46.247,0.054,0,0.999,0,1,0,-0.999,0,0.054],"_humanoidState":5,"_cameraCFrame":[762.335,242.507,44.653,0.048,-0.962,0.268,0,0.269,0.963,-0.999,-0.046,0.013],"_shiftlockState":true,"_pose":"FreeFall","_animationQueue":[],"_animationSpeed":1,"_zoom":11.958},{"_mousePosition":[683,384],"_rootPartCFrame":[758.777,229.711,46.233,0.049,0,0.999,0,1,0,-0.999,0,0.049],"_humanoidState":5,"_cameraCFrame":[762.047,242.732,44.614,0.041,-0.963,0.268,0,0.268,0.963,-0.999,-0.039,0.011],"_shiftlockState":true,"_pose":"FreeFall","_animationQueue":[],"_animationSpeed":1,"_zoom":11.958},{"_mousePosition":[683,384],"_rootPartCFrame":[758.51,229.879,46.22,0.042,0,0.999,0,1,0,-0.999,0,0.042],"_humanoidState":5,"_cameraCFrame":[761.76,242.903,44.577,0.033,-0.963,0.267,0,0.267,0.964,-0.999,-0.032,0.009],"_shiftlockState":true,"_pose":"FreeFall","_animationQueue":[],"_animationSpeed":1,"_zoom":11.958},{"_mousePosition":[683,384],"_rootPartCFrame":[758.244,229.992,46.208,0.034,0,0.999,0,1,0,-0.999,0,0.034],"_humanoidState":5,"_cameraCFrame":[761.479,243.016,44.539,0.025,-0.963,0.267,0,0.267,0.964,-1,-0.024,0.007],"_shiftlockState":true,"_pose":"FreeFall","_animationQueue":[],"_animationSpeed":1,"_zoom":11.958},{"_mousePosition":[683,384],"_rootPartCFrame":[757.977,230.051,46.199,0.026,0,1,0,1,0,-1,0,0.026],"_humanoidState":5,"_cameraCFrame":[761.206,243.075,44.516,0.021,-0.963,0.267,0,0.267,0.964,-1,-0.02,0.006],"_shiftlockState":true,"_pose":"FreeFall","_animationQueue":[],"_animationSpeed":1,"_zoom":11.958},{"_mousePosition":[683,384],"_rootPartCFrame":[757.711,230.056,46.192,0.022,0,1,0,1,0,-1,0,0.022],"_humanoidState":5,"_cameraCFrame":[760.936,243.08,44.502,0.019,-0.964,0.267,0,0.267,0.964,-1,-0.018,0.005],"_shiftlockState":true,"_pose":"FreeFall","_animationQueue":[],"_animationSpeed":1,"_zoom":11.958},{"_mousePosition":[683,384],"_rootPartCFrame":[757.511,230.023,46.188,0.019,0,1,0,1,0,-1,0,0.019],"_humanoidState":5,"_cameraCFrame":[760.736,243.047,44.498,0.019,-0.964,0.267,0,0.267,0.964,-1,-0.018,0.005],"_shiftlockState":true,"_pose":"FreeFall","_animationQueue":[],"_animationSpeed":1,"_zoom":11.958},{"_mousePosition":[683,384],"_rootPartCFrame":[757.178,229.901,46.182,0.019,0,1,0,1,0,-1,0,0.019],"_humanoidState":5,"_cameraCFrame":[760.402,242.925,44.492,0.019,-0.964,0.267,0,0.267,0.964,-1,-0.018,0.005],"_shiftlockState":true,"_pose":"FreeFall","_animationQueue":[],"_animationSpeed":1,"_zoom":11.958},{"_mousePosition":[683,384],"_rootPartCFrame":[756.911,229.742,46.177,0.019,0,1,0,1,0,-1,0,0.019],"_humanoidState":5,"_cameraCFrame":[760.136,242.766,44.487,0.019,-0.964,0.267,0,0.267,0.964,-1,-0.018,0.005],"_shiftlockState":true,"_pose":"FreeFall","_animationQueue":[],"_animationSpeed":1,"_zoom":11.958},{"_mousePosition":[683,384],"_rootPartCFrame":[756.644,229.529,46.172,0.019,0,1,0,1,0,-1,0,0.019],"_humanoidState":5,"_cameraCFrame":[759.869,242.553,44.482,0.019,-0.964,0.267,0,0.267,0.964,-1,-0.018,0.005],"_shiftlockState":true,"_pose":"FreeFall","_animationQueue":[],"_animationSpeed":1,"_zoom":11.958},{"_mousePosition":[683,384],"_rootPartCFrame":[756.378,229.261,46.167,0.019,0,1,0,1,0,-1,0,0.019],"_humanoidState":5,"_cameraCFrame":[759.603,242.285,44.477,0.019,-0.964,0.267,0,0.267,0.964,-1,-0.018,0.005],"_shiftlockState":true,"_pose":"FreeFall","_animationQueue":[],"_animationSpeed":1,"_zoom":11.958},{"_mousePosition":[683,384],"_rootPartCFrame":[756.111,228.938,46.162,0.019,0,1,0,1,0,-1,0,0.019],"_humanoidState":5,"_cameraCFrame":[759.336,241.962,44.472,0.019,-0.964,0.267,0,0.267,0.964,-1,-0.018,0.005],"_shiftlockState":true,"_pose":"FreeFall","_animationQueue":[["fall",0.3]],"_animationSpeed":1,"_zoom":11.958},{"_mousePosition":[683,384],"_rootPartCFrame":[755.845,228.561,46.157,0.019,0,1,0,1,0,-1,0,0.019],"_humanoidState":5,"_cameraCFrame":[759.069,241.585,44.467,0.019,-0.964,0.267,0,0.267,0.964,-1,-0.018,0.005],"_shiftlockState":true,"_pose":"FreeFall","_animationQueue":[],"_animationSpeed":1,"_zoom":11.958},{"_mousePosition":[683,384],"_rootPartCFrame":[755.578,228.13,46.152,0.019,0,1,0,1,0,-1,0,0.019],"_humanoidState":5,"_cameraCFrame":[758.816,241.151,44.469,0.021,-0.963,0.268,0,0.268,0.963,-1,-0.02,0.006],"_shiftlockState":true,"_pose":"FreeFall","_animationQueue":[],"_animationSpeed":1,"_zoom":11.958},{"_mousePosition":[683,384],"_rootPartCFrame":[755.361,228.277,46.033,0.021,0,1,0,1,0,-1,0,0.021],"_humanoidState":7,"_cameraCFrame":[758.673,241.285,44.407,0.038,-0.962,0.271,0,0.272,0.962,-0.999,-0.036,0.01],"_shiftlockState":true,"_pose":"FreeFall","_animationQueue":[["walk",0.1],["fall",0.3],["fall",0.3]],"_animationSpeed":1,"_zoom":11.958},{"_mousePosition":[683,384],"_rootPartCFrame":[755.175,228.547,45.844,0.038,0,0.999,0,1,0,-0.999,0,0.038],"_humanoidState":7,"_cameraCFrame":[758.574,241.55,44.365,0.081,-0.959,0.272,0,0.273,0.962,-0.997,-0.078,0.022],"_shiftlockState":true,"_pose":"FreeFall","_animationQueue":[],"_animationSpeed":1,"_zoom":11.958},{"_mousePosition":[683,384],"_rootPartCFrame":[755.122,228.756,45.535,0.081,0,0.997,0,1,0,-0.997,0,0.081],"_humanoidState":8,"_cameraCFrame":[758.599,241.767,44.324,0.159,-0.95,0.267,0,0.271,0.963,-0.987,-0.153,0.043],"_shiftlockState":true,"_pose":"Running","_animationQueue":[["walk",0.1],["fall",0.3],["walk",0.1]],"_animationSpeed":1.103,"_zoom":11.958},{"_mousePosition":[683,384],"_rootPartCFrame":[755.146,228.861,45.203,0.159,0,0.987,0,1,0,-0.987,0,0.159],"_humanoidState":8,"_cameraCFrame":[758.606,241.903,44.268,0.243,-0.936,0.254,0,0.262,0.965,-0.97,-0.235,0.064],"_shiftlockState":true,"_pose":"Running","_animationQueue":[["walk",0.1]],"_animationSpeed":1.103,"_zoom":11.958},{"_mousePosition":[683,384],"_rootPartCFrame":[755.175,228.894,45.006,0.243,0,0.97,0,1,0,-0.97,0,0.243],"_humanoidState":8,"_cameraCFrame":[758.558,241.968,44.195,0.288,-0.927,0.241,0,0.251,0.968,-0.958,-0.279,0.072],"_shiftlockState":true,"_pose":"Running","_animationQueue":[],"_animationSpeed":1.103,"_zoom":11.958},{"_mousePosition":[683,384],"_rootPartCFrame":[755.237,228.919,44.746,0.288,0,0.958,0,1,0,-0.958,0,0.288],"_humanoidState":8,"_cameraCFrame":[758.599,241.998,43.92,0.285,-0.928,0.239,0,0.25,0.968,-0.959,-0.276,0.071],"_shiftlockState":true,"_pose":"Running","_animationQueue":[],"_animationSpeed":1.103,"_zoom":11.958},{"_mousePosition":[683,384],"_rootPartCFrame":[755.312,228.933,44.49,0.285,0,0.959,0,1,0,-0.959,0,0.285],"_humanoidState":8,"_cameraCFrame":[758.618,242.017,43.519,0.244,-0.939,0.241,0,0.248,0.969,-0.97,-0.237,0.061],"_shiftlockState":true,"_pose":"Running","_animationQueue":[],"_animationSpeed":1.103,"_zoom":11.958},{"_mousePosition":[683,384],"_rootPartCFrame":[755.388,228.941,44.235,0.244,0,0.97,0,1,0,-0.97,0,0.244],"_humanoidState":8,"_cameraCFrame":[758.599,242.024,42.984,0.16,-0.956,0.245,0,0.248,0.969,-0.987,-0.155,0.04],"_shiftlockState":true,"_pose":"Running","_animationQueue":[],"_animationSpeed":1.103,"_zoom":11.958},{"_mousePosition":[683,384],"_rootPartCFrame":[755.455,228.945,43.977,0.16,0,0.987,0,1,0,-0.987,0,0.16],"_humanoidState":8,"_cameraCFrame":[758.604,242.004,42.389,0.052,-0.965,0.256,0,0.256,0.967,-0.999,-0.05,0.013],"_shiftlockState":true,"_pose":"Running","_animationQueue":[],"_animationSpeed":1.103,"_zoom":11.958},{"_mousePosition":[683,384],"_rootPartCFrame":[755.52,228.914,43.718,0.052,0,0.999,0,1,0,-0.999,0,0.052],"_humanoidState":8,"_cameraCFrame":[758.634,241.925,41.755,-0.067,-0.96,0.27,0,0.271,0.963,-0.998,0.065,-0.018],"_shiftlockState":true,"_pose":"Running","_animationQueue":[],"_animationSpeed":1.103,"_zoom":11.958},{"_mousePosition":[683,384],"_rootPartCFrame":[755.585,228.829,43.46,-0.067,0,0.998,0,1,0,-0.998,0,-0.067],"_humanoidState":8,"_cameraCFrame":[758.637,241.752,40.961,-0.224,-0.931,0.288,0,0.296,0.955,-0.974,0.214,-0.066],"_shiftlockState":true,"_pose":"Running","_animationQueue":[["walk",0.1]],"_animationSpeed":1.103,"_zoom":11.958},{"_mousePosition":[683,384],"_rootPartCFrame":[755.65,228.689,43.201,-0.224,0,0.974,0,1,0,-0.974,0,-0.224],"_humanoidState":8,"_cameraCFrame":[758.538,241.499,40.07,-0.392,-0.87,0.299,0,0.325,0.946,-0.92,0.37,-0.127],"_shiftlockState":true,"_pose":"Running","_animationQueue":[],"_animationSpeed":1.103,"_zoom":11.958},{"_mousePosition":[683,384],"_rootPartCFrame":[755.715,228.495,42.942,-0.392,0,0.92,0,1,0,-0.92,0,-0.392],"_humanoidState":8,"_cameraCFrame":[758.203,241.204,39.172,-0.556,-0.779,0.289,0,0.348,0.937,-0.831,0.521,-0.194],"_shiftlockState":true,"_pose":"Running","_animationQueue":[],"_animationSpeed":1.103,"_zoom":11.958},{"_mousePosition":[683,384],"_rootPartCFrame":[755.797,229.565,42.619,-0.556,0,0.831,0,1,0,-0.831,0,-0.556],"_humanoidState":3,"_cameraCFrame":[757.842,242.223,38.452,-0.665,-0.697,0.268,0,0.36,0.933,-0.747,0.621,-0.239],"_shiftlockState":true,"_pose":"Jumping","_animationQueue":[["walk",0.1],["jump",0.1]],"_animationSpeed":1,"_zoom":11.958},{"_mousePosition":[683,384],"_rootPartCFrame":[755.837,230.359,42.365,-0.594,0,0.805,0,1,0,-0.805,0,-0.594],"_humanoidState":5,"_cameraCFrame":[757.414,242.965,37.866,-0.756,-0.607,0.243,0,0.371,0.929,-0.654,0.702,-0.281],"_shiftlockState":true,"_pose":"FreeFall","_animationQueue":[["jump",0.1]],"_animationSpeed":1,"_zoom":11.958},{"_mousePosition":[683,384],"_rootPartCFrame":[755.843,230.92,42.18,-0.69,0,0.723,0,1,0,-0.723,0,-0.69],"_humanoidState":5,"_cameraCFrame":[756.942,243.452,37.37,-0.832,-0.511,0.214,0,0.386,0.923,-0.554,0.768,-0.321],"_shiftlockState":true,"_pose":"FreeFall","_animationQueue":[],"_animationSpeed":1,"_zoom":11.958},{"_mousePosition":[683,384],"_rootPartCFrame":[755.822,231.619,41.953,-0.757,0,0.653,0,1,0,-0.653,0,-0.757],"_humanoidState":5,"_cameraCFrame":[756.517,244.06,36.867,-0.885,-0.425,0.188,0,0.404,0.915,-0.465,0.81,-0.357],"_shiftlockState":true,"_pose":"FreeFall","_animationQueue":[],"_animationSpeed":1,"_zoom":11.958},{"_mousePosition":[683,384],"_rootPartCFrame":[755.775,232.264,41.756,-0.823,0,0.567,0,1,0,-0.567,0,-0.823],"_humanoidState":5,"_cameraCFrame":[756.102,244.61,36.434,-0.923,-0.35,0.162,0,0.421,0.907,-0.385,0.837,-0.389],"_shiftlockState":true,"_pose":"FreeFall","_animationQueue":[],"_animationSpeed":1,"_zoom":11.958},{"_mousePosition":[683,384],"_rootPartCFrame":[755.704,232.854,41.59,-0.871,0,0.491,0,1,0,-0.491,0,-0.871],"_humanoidState":5,"_cameraCFrame":[755.718,245.126,36.109,-0.947,-0.29,0.14,0,0.434,0.901,-0.322,0.853,-0.411],"_shiftlockState":true,"_pose":"FreeFall","_animationQueue":[],"_animationSpeed":1,"_zoom":11.958},{"_mousePosition":[683,384],"_rootPartCFrame":[755.61,233.39,41.456,-0.904,0,0.428,0,1,0,-0.428,0,-0.904],"_humanoidState":5,"_cameraCFrame":[755.368,245.607,35.874,-0.962,-0.244,0.121,0,0.444,0.896,-0.272,0.862,-0.427],"_shiftlockState":true,"_pose":"FreeFall","_animationQueue":[],"_animationSpeed":1,"_zoom":11.958},{"_mousePosition":[683,384],"_rootPartCFrame":[755.495,233.872,41.357,-0.926,0,0.378,0,1,0,-0.378,0,-0.926],"_humanoidState":5,"_cameraCFrame":[754.986,246.032,35.686,-0.975,-0.197,0.1,0,0.453,0.891,-0.221,0.869,-0.442],"_shiftlockState":true,"_pose":"FreeFall","_animationQueue":[],"_animationSpeed":1,"_zoom":11.958},{"_mousePosition":[683,384],"_rootPartCFrame":[755.348,234.397,41.286,-0.965,0,0.263,0,1,0,-0.263,0,-0.965],"_humanoidState":5,"_cameraCFrame":[754.674,246.522,35.566,-0.982,-0.169,0.087,0,0.459,0.889,-0.19,0.872,-0.45],"_shiftlockState":true,"_pose":"FreeFall","_animationQueue":[],"_animationSpeed":1,"_zoom":11.958},{"_mousePosition":[683,384],"_rootPartCFrame":[755.265,234.671,41.272,-0.981,0,0.196,0,1,0,-0.196,0,-0.981],"_humanoidState":5,"_cameraCFrame":[754.432,246.769,35.524,-0.987,-0.143,0.075,0,0.463,0.886,-0.161,0.875,-0.457],"_shiftlockState":true,"_pose":"FreeFall","_animationQueue":[],"_animationSpeed":1,"_zoom":11.958},{"_mousePosition":[683,384],"_rootPartCFrame":[755.161,234.989,41.288,-0.986,0,0.166,0,1,0,-0.166,0,-0.986],"_humanoidState":5,"_cameraCFrame":[754.175,247.074,35.54,-0.991,-0.119,0.063,0,0.465,0.885,-0.135,0.877,-0.461],"_shiftlockState":true,"_pose":"FreeFall","_animationQueue":[],"_animationSpeed":1,"_zoom":11.958},{"_mousePosition":[683,384],"_rootPartCFrame":[755.066,235.252,41.343,-0.99,0,0.138,0,1,0,-0.138,0,-0.99],"_humanoidState":5,"_cameraCFrame":[753.984,247.337,35.612,-0.993,-0.104,0.055,0,0.465,0.885,-0.118,0.879,-0.462],"_shiftlockState":true,"_pose":"FreeFall","_animationQueue":[],"_animationSpeed":1,"_zoom":11.958},{"_mousePosition":[683,384],"_rootPartCFrame":[754.981,235.461,41.436,-0.993,0,0.121,0,1,0,-0.121,0,-0.993],"_humanoidState":5,"_cameraCFrame":[753.835,247.537,35.701,-0.994,-0.094,0.05,0,0.467,0.884,-0.106,0.879,-0.464],"_shiftlockState":true,"_pose":"FreeFall","_animationQueue":[],"_animationSpeed":1,"_zoom":11.958},{"_mousePosition":[683,384],"_rootPartCFrame":[754.908,235.616,41.568,-0.994,0,0.108,0,1,0,-0.108,0,-0.994],"_humanoidState":5,"_cameraCFrame":[753.738,247.691,35.837,-0.995,-0.09,0.048,0,0.467,0.884,-0.102,0.88,-0.464],"_shiftlockState":true,"_pose":"FreeFall","_animationQueue":[],"_animationSpeed":1,"_zoom":11.958},{"_mousePosition":[683,384],"_rootPartCFrame":[754.847,235.716,41.736,-0.995,0,0.103,0,1,0,-0.103,0,-0.995],"_humanoidState":5,"_cameraCFrame":[753.678,247.787,35.997,-0.995,-0.09,0.048,0,0.467,0.884,-0.102,0.879,-0.465],"_shiftlockState":true,"_pose":"FreeFall","_animationQueue":[],"_animationSpeed":1,"_zoom":11.958},{"_mousePosition":[683,384],"_rootPartCFrame":[754.799,235.761,41.943,-0.995,0,0.103,0,1,0,-0.103,0,-0.995],"_humanoidState":5,"_cameraCFrame":[753.63,247.832,36.204,-0.995,-0.09,0.048,0,0.467,0.884,-0.102,0.879,-0.465],"_shiftlockState":true,"_pose":"FreeFall","_animationQueue":[],"_animationSpeed":1,"_zoom":11.958},{"_mousePosition":[683,384],"_rootPartCFrame":[754.765,235.752,42.187,-0.995,0,0.102,0,1,0,-0.102,0,-0.995],"_humanoidState":5,"_cameraCFrame":[753.596,247.823,36.448,-0.995,-0.09,0.048,0,0.467,0.884,-0.102,0.879,-0.465],"_shiftlockState":true,"_pose":"FreeFall","_animationQueue":[["fall",0.3]],"_animationSpeed":1,"_zoom":11.958},{"_mousePosition":[683,384],"_rootPartCFrame":[754.737,235.688,42.451,-0.995,0,0.102,0,1,0,-0.102,0,-0.995],"_humanoidState":5,"_cameraCFrame":[753.604,247.76,36.705,-0.994,-0.096,0.051,0,0.467,0.884,-0.109,0.879,-0.465],"_shiftlockState":true,"_pose":"FreeFall","_animationQueue":[],"_animationSpeed":1,"_zoom":11.958},{"_mousePosition":[683,384],"_rootPartCFrame":[754.71,235.57,42.716,-0.994,0,0.108,0,1,0,-0.108,0,-0.994],"_humanoidState":5,"_cameraCFrame":[753.667,247.641,36.953,-0.992,-0.11,0.058,0,0.467,0.884,-0.124,0.877,-0.464],"_shiftlockState":true,"_pose":"FreeFall","_animationQueue":[],"_animationSpeed":1,"_zoom":11.958},{"_mousePosition":[683,384],"_rootPartCFrame":[754.681,235.398,42.982,-0.992,0,0.122,0,1,0,-0.122,0,-0.992],"_humanoidState":5,"_cameraCFrame":[753.858,247.482,37.207,-0.987,-0.144,0.076,0,0.465,0.885,-0.162,0.873,-0.459],"_shiftlockState":true,"_pose":"FreeFall","_animationQueue":[],"_animationSpeed":1,"_zoom":11.958},{"_mousePosition":[683,384],"_rootPartCFrame":[754.649,235.17,43.246,-0.987,0,0.158,0,1,0,-0.158,0,-0.987],"_humanoidState":5,"_cameraCFrame":[754.217,247.278,37.471,-0.973,-0.204,0.106,0,0.462,0.887,-0.23,0.863,-0.449],"_shiftlockState":true,"_pose":"FreeFall","_animationQueue":[],"_animationSpeed":1,"_zoom":11.958},{"_mousePosition":[683,384],"_rootPartCFrame":[754.607,234.889,43.51,-0.975,0,0.223,0,1,0,-0.223,0,-0.975],"_humanoidState":5,"_cameraCFrame":[755.277,247.062,37.88,-0.908,-0.374,0.189,0,0.451,0.893,-0.419,0.81,-0.409],"_shiftlockState":true,"_pose":"FreeFall","_animationQueue":[],"_animationSpeed":1,"_zoom":11.958},{"_mousePosition":[683,384],"_rootPartCFrame":[754.446,235.236,43.678,-0.904,0,0.428,0,1,0,-0.428,0,-0.904],"_humanoidState":7,"_cameraCFrame":[756.211,247.482,38.438,-0.798,-0.542,0.264,0,0.439,0.899,-0.603,0.717,-0.35],"_shiftlockState":true,"_pose":"FreeFall","_animationQueue":[["fall",0.3],["walk",0.1],["fall",0.3],["fall",0.3]],"_animationSpeed":1,"_zoom":11.958},{"_mousePosition":[683,384],"_rootPartCFrame":[754.281,235.475,43.644,-0.792,0,0.611,0,1,0,-0.611,0,-0.792],"_humanoidState":7,"_cameraCFrame":[757.18,247.808,39.139,-0.618,-0.712,0.333,0,0.423,0.906,-0.786,0.56,-0.262],"_shiftlockState":true,"_pose":"FreeFall","_animationQueue":[],"_animationSpeed":1,"_zoom":11.958},{"_mousePosition":[683,384],"_rootPartCFrame":[754.013,235.721,43.452,-0.602,0,0.798,0,1,0,-0.798,0,-0.602],"_humanoidState":8,"_cameraCFrame":[757.427,248.131,39.53,-0.489,-0.796,0.357,0,0.409,0.912,-0.872,0.446,-0.2],"_shiftlockState":true,"_pose":"Running","_animationQueue":[["walk",0.1],["fall",0.3],["walk",0.1]],"_animationSpeed":1.034,"_zoom":11.958},{"_mousePosition":[683,384],"_rootPartCFrame":[753.841,235.828,43.25,-0.479,0,0.878,0,1,0,-0.878,0,-0.479],"_humanoidState":8,"_cameraCFrame":[757.425,248.292,39.645,-0.423,-0.831,0.362,0,0.399,0.917,-0.906,0.388,-0.169],"_shiftlockState":true,"_pose":"Running","_animationQueue":[["walk",0.1]],"_animationSpeed":1.103,"_zoom":11.958},{"_mousePosition":[683,384],"_rootPartCFrame":[753.705,235.884,43.02,-0.42,0,0.907,0,1,0,-0.907,0,-0.42],"_humanoidState":8,"_cameraCFrame":[757.227,248.39,39.483,-0.416,-0.837,0.355,0,0.391,0.92,-0.909,0.383,-0.163],"_shiftlockState":true,"_pose":"Running","_animationQueue":[],"_animationSpeed":1.103,"_zoom":11.958},{"_mousePosition":[683,384],"_rootPartCFrame":[753.59,235.914,42.78,-0.416,0,0.909,0,1,0,-0.909,0,-0.416],"_humanoidState":8,"_cameraCFrame":[756.828,248.45,39.069,-0.471,-0.814,0.34,0,0.385,0.923,-0.882,0.435,-0.181],"_shiftlockState":true,"_pose":"Running","_animationQueue":[],"_animationSpeed":1.103,"_zoom":11.958},{"_mousePosition":[683,384],"_rootPartCFrame":[753.477,235.903,42.539,-0.471,0,0.882,0,1,0,-0.882,0,-0.471],"_humanoidState":8,"_cameraCFrame":[756.264,248.443,38.487,-0.568,-0.76,0.316,0,0.384,0.923,-0.823,0.525,-0.218],"_shiftlockState":true,"_pose":"Running","_animationQueue":[],"_animationSpeed":1.103,"_zoom":11.958},{"_mousePosition":[683,384],"_rootPartCFrame":[753.364,235.839,42.297,-0.568,0,0.823,0,1,0,-0.823,0,-0.568],"_humanoidState":8,"_cameraCFrame":[755.622,248.341,37.836,-0.678,-0.677,0.288,0,0.392,0.92,-0.735,0.624,-0.265],"_shiftlockState":true,"_pose":"Running","_animationQueue":[["walk",0.1]],"_animationSpeed":1.103,"_zoom":11.958},{"_mousePosition":[683,384],"_rootPartCFrame":[753.251,235.719,42.055,-0.678,0,0.735,0,1,0,-0.735,0,-0.678],"_humanoidState":8,"_cameraCFrame":[754.867,248.152,37.166,-0.786,-0.565,0.25,0,0.405,0.914,-0.618,0.719,-0.319],"_shiftlockState":true,"_pose":"Running","_animationQueue":[],"_animationSpeed":1.103,"_zoom":11.958},{"_mousePosition":[683,384],"_rootPartCFrame":[753.139,235.545,41.814,-0.786,0,0.618,0,1,0,-0.618,0,-0.786],"_humanoidState":8,"_cameraCFrame":[754.053,247.951,36.687,-0.868,-0.453,0.204,0,0.41,0.912,-0.496,0.792,-0.356],"_shiftlockState":true,"_pose":"Running","_animationQueue":[],"_animationSpeed":1.103,"_zoom":11.958},{"_mousePosition":[683,384],"_rootPartCFrame":[752.998,236.615,41.512,-0.868,0,0.496,0,1,0,-0.496,0,-0.868],"_humanoidState":3,"_cameraCFrame":[753.451,249.005,36.29,-0.91,-0.377,0.171,0,0.413,0.911,-0.414,0.829,-0.376],"_shiftlockState":true,"_pose":"Jumping","_animationQueue":[["walk",0.1],["jump",0.1]],"_animationSpeed":1,"_zoom":11.958},{"_mousePosition":[683,384],"_rootPartCFr