[{"_mousePosition":[684,383],"_rootPartCFrame":[776.023,222.7,47.142,0.003,0,1,0,1,0,-1,0,0.003],"_humanoidState":8,"_cameraCFrame":[780.203,235.323,36.242,-0.934,-0.247,0.259,0,0.724,0.69,-0.358,0.644,-0.676],"_shiftlockState":false,"_pose":"Standing","_animationQueue":[],"_animationSpeed":1,"_zoom":16.125},{"_mousePosition":[684,383],"_rootPartCFrame":[775.793,222.7,47.054,0.054,0,0.999,0,1,0,-0.999,0,0.054],"_humanoidState":8,"_cameraCFrame":[779.973,235.323,36.154,-0.934,-0.247,0.259,0,0.724,0.69,-0.358,0.644,-0.676],"_shiftlockState":false,"_pose":"Standing","_animationQueue":[],"_animationSpeed":1,"_zoom":16.125},{"_mousePosition":[684,383],"_rootPartCFrame":[775.545,222.7,46.959,0.096,0,0.995,0,1,0,-0.995,0,0.096],"_humanoidState":8,"_cameraCFrame":[779.725,235.323,36.059,-0.934,-0.247,0.259,0,0.724,0.69,-0.358,0.644,-0.676],"_shiftlockState":false,"_pose":"Running","_animationQueue":[["walk",0.1]],"_animationSpeed":1.066,"_zoom":16.125},{"_mousePosition":[684,383],"_rootPartCFrame":[775.296,222.7,46.863,0.132,0,0.991,0,1,0,-0.991,0,0.132],"_humanoidState":8,"_cameraCFrame":[779.476,235.323,35.963,-0.934,-0.247,0.259,0,0.724,0.69,-0.358,0.644,-0.676],"_shiftlockState":false,"_pose":"Running","_animationQueue":[],"_animationSpeed":1.066,"_zoom":16.125},{"_mousePosition":[684,383],"_rootPartCFrame":[775.047,222.7,46.768,0.163,0,0.987,0,1,0,-0.987,0,0.163],"_humanoidState":8,"_cameraCFrame":[779.309,235.323,35.9,-0.931,-0.252,0.264,0,0.724,0.69,-0.365,0.642,-0.674],"_shiftlockState":false,"_pose":"Running","_animationQueue":[],"_animationSpeed":1.066,"_zoom":16.125},{"_mousePosition":[684,383],"_rootPartCFrame":[774.798,222.7,46.672,0.19,0,0.982,0,1,0,-0.982,0,0.19],"_humanoidState":8,"_cameraCFrame":[779.17,235.323,35.848,-0.927,-0.258,0.271,0,0.724,0.69,-0.375,0.64,-0.671],"_shiftlockState":false,"_pose":"Running","_animationQueue":[],"_animationSpeed":1.066,"_zoom":16.125},{"_mousePosition":[684,383],"_rootPartCFrame":[774.549,222.7,46.575,0.214,0,0.977,0,1,0,-0.977,0,0.214],"_humanoidState":8,"_cameraCFrame":[779.058,235.323,35.807,-0.922,-0.266,0.28,0,0.724,0.69,-0.386,0.636,-0.668],"_shiftlockState":false,"_pose":"Running","_animationQueue":[["walk",0.1]],"_animationSpeed":1.066,"_zoom":16.125},{"_mousePosition":[684,383],"_rootPartCFrame":[774.302,222.7,46.476,0.236,0,0.972,0,1,0,-0.972,0,0.236],"_humanoidState":8,"_cameraCFrame":[778.974,235.323,35.777,-0.916,-0.276,0.29,0,0.724,0.69,-0.4,0.632,-0.663],"_shiftlockState":false,"_pose":"Running","_animationQueue":[],"_animationSpeed":1.066,"_zoom":16.125},{"_mousePosition":[684,383],"_rootPartCFrame":[774.056,222.7,46.373,0.257,0,0.966,0,1,0,-0.966,0,0.257],"_humanoidState":8,"_cameraCFrame":[778.863,235.323,35.734,-0.911,-0.284,0.298,0,0.724,0.69,-0.412,0.629,-0.66],"_shiftlockState":false,"_pose":"Running","_animationQueue":[],"_animationSpeed":1.066,"_zoom":16.125},{"_mousePosition":[684,383],"_rootPartCFrame":[773.812,222.7,46.266,0.276,0,0.961,0,1,0,-0.961,0,0.276],"_humanoidState":8,"_cameraCFrame":[778.699,235.323,35.665,-0.908,-0.289,0.303,0,0.724,0.69,-0.419,0.626,-0.657],"_shiftlockState":false,"_pose":"Running","_animationQueue":[],"_animationSpeed":1.066,"_zoom":16.125},{"_mousePosition":[684,383],"_rootPartCFrame":[773.568,222.7,46.157,0.295,0,0.956,0,1,0,-0.956,0,0.295],"_humanoidState":8,"_cameraCFrame":[778.456,235.323,35.555,-0.908,-0.289,0.303,0,0.724,0.69,-0.419,0.626,-0.657],"_shiftlockState":false,"_pose":"Running","_animationQueue":[],"_animationSpeed":1.066,"_zoom":16.125},{"_mousePosition":[684,383],"_rootPartCFrame":[773.326,222.7,46.045,0.312,0,0.95,0,1,0,-0.95,0,0.312],"_humanoidState":8,"_cameraCFrame":[778.214,235.323,35.444,-0.908,-0.289,0.303,0,0.724,0.69,-0.419,0.626,-0.657],"_shiftlockState":false,"_pose":"Running","_animationQueue":[],"_animationSpeed":1.066,"_zoom":16.125},{"_mousePosition":[684,383],"_rootPartCFrame":[773.084,222.7,45.934,0.327,0,0.945,0,1,0,-0.945,0,0.327],"_humanoidState":8,"_cameraCFrame":[777.971,235.323,35.332,-0.908,-0.289,0.303,0,0.724,0.69,-0.419,0.626,-0.657],"_shiftlockState":false,"_pose":"Running","_animationQueue":[],"_animationSpeed":1.066,"_zoom":16.125},{"_mousePosition":[684,383],"_rootPartCFrame":[772.842,222.7,45.822,0.339,0,0.941,0,1,0,-0.941,0,0.339],"_humanoidState":8,"_cameraCFrame":[777.729,235.323,35.22,-0.908,-0.289,0.303,0,0.724,0.69,-0.419,0.626,-0.657],"_shiftlockState":false,"_pose":"Running","_animationQueue":[["walk",0.1]],"_animationSpeed":1.066,"_zoom":16.125},{"_mousePosition":[684,383],"_rootPartCFrame":[772.6,222.7,45.71,0.35,0,0.937,0,1,0,-0.937,0,0.35],"_humanoidState":8,"_cameraCFrame":[777.487,235.323,35.109,-0.908,-0.289,0.303,0,0.724,0.69,-0.419,0.626,-0.657],"_shiftlockState":false,"_pose":"Running","_animationQueue":[],"_animationSpeed":1.066,"_zoom":16.125},{"_mousePosition":[684,383],"_rootPartCFrame":[772.357,222.7,45.599,0.36,0,0.933,0,1,0,-0.933,0,0.36],"_humanoidState":8,"_cameraCFrame":[777.263,235.346,35.029,-0.907,-0.291,0.304,0,0.723,0.691,-0.421,0.627,-0.655],"_shiftlockState":false,"_pose":"Running","_animationQueue":[],"_animationSpeed":1.066,"_zoom":16.125},{"_mousePosition":[684,383],"_rootPartCFrame":[772.115,222.7,45.487,0.368,0,0.93,0,1,0,-0.93,0,0.368],"_humanoidState":8,"_cameraCFrame":[777.02,235.346,34.917,-0.907,-0.291,0.304,0,0.723,0.691,-0.421,0.627,-0.655],"_shiftlockState":false,"_pose":"Running","_animationQueue":[],"_animationSpeed":1.066,"_zoom":16.125},{"_mousePosition":[684,383],"_rootPartCFrame":[771.873,222.7,45.375,0.375,0,0.927,0,1,0,-0.927,0,0.375],"_humanoidState":8,"_cameraCFrame":[776.76,235.391,34.845,-0.907,-0.292,0.303,0,0.72,0.694,-0.421,0.63,-0.653],"_shiftlockState":false,"_pose":"Running","_animationQueue":[],"_animationSpeed":1.066,"_zoom":16.125},{"_mousePosition":[684,383],"_rootPartCFrame":[771.631,222.7,45.263,0.381,0,0.924,0,1,0,-0.924,0,0.381],"_humanoidState":8,"_cameraCFrame":[776.42,235.436,34.735,-0.91,-0.289,0.297,0,0.717,0.697,-0.414,0.634,-0.653],"_shiftlockState":false,"_pose":"Running","_animationQueue":[],"_animationSpeed":1.066,"_zoom":16.125},{"_mousePosition":[684,383],"_rootPartCFrame":[771.389,222.7,45.15,0.387,0,0.922,0,1,0,-0.922,0,0.387],"_humanoidState":8,"_cameraCFrame":[776.08,235.481,34.627,-0.913,-0.285,0.291,0,0.714,0.7,-0.407,0.639,-0.653],"_shiftlockState":false,"_pose":"Running","_animationQueue":[["walk",0.1]],"_animationSpeed":1.066,"_zoom":16.125},{"_mousePosition":[684,383],"_rootPartCFrame":[771.147,222.7,45.04,0.39,0,0.921,0,1,0,-0.921,0,0.39],"_humanoidState":8,"_cameraCFrame":[775.713,235.526,34.51,-0.917,-0.279,0.283,0,0.712,0.702,-0.398,0.644,-0.653],"_shiftlockState":false,"_pose":"Running","_animationQueue":[],"_animationSpeed":1.066,"_zoom":16.125},{"_mousePosition":[684,383],"_rootPartCFrame":[770.903,222.7,44.931,0.393,0,0.92,0,1,0,-0.92,0,0.393],"_humanoidState":8,"_cameraCFrame":[775.284,235.593,34.395,-0.923,-0.271,0.272,0,0.708,0.707,-0.384,0.652,-0.653],"_shiftlockState":false,"_pose":"Running","_animationQueue":[],"_animationSpeed":1.066,"_zoom":16.125},{"_mousePosition":[684,383],"_rootPartCFrame":[770.659,222.7,44.825,0.394,0,0.919,0,1,0,-0.919,0,0.394],"_humanoidState":8,"_cameraCFrame":[774.827,235.66,34.275,-0.93,-0.261,0.259,0,0.704,0.711,-0.367,0.661,-0.654],"_shiftlockState":false,"_pose":"Running","_animationQueue":[],"_animationSpeed":1.066,"_zoom":16.125},{"_mousePosition":[684,383],"_rootPartCFrame":[770.413,222.7,44.722,0.393,0,0.92,0,1,0,-0.92,0,0.393],"_humanoidState":8,"_cameraCFrame":[772.739,235.704,33.527,-0.936,-0.25,0.246,0,0.701,0.713,-0.351,0.668,-0.656],"_shiftlockState":true,"_pose":"Running","_animationQueue":[],"_animationSpeed":1.066,"_zoom":16.125},{"_mousePosition":[683,384],"_rootPartCFrame":[770.165,222.7,44.624,-0.96,0,0.28,0,1,0,-0.28,0,-0.96],"_humanoidState":8,"_cameraCFrame":[772.492,235.704,33.429,-0.936,-0.25,0.246,0,0.701,0.713,-0.351,0.668,-0.656],"_shiftlockState":true,"_pose":"Running","_animationQueue":[],"_animationSpeed":1.066,"_zoom":16.125},{"_mousePosition":[683,384],"_rootPartCFrame":[769.915,222.7,44.529,-0.946,0,0.323,0,1,0,-0.323,0,-0.946],"_humanoidState":8,"_cameraCFrame":[771.745,235.748,33.287,-0.951,-0.222,0.217,0,0.698,0.716,-0.31,0.681,-0.663],"_shiftlockState":true,"_pose":"Running","_animationQueue":[],"_animationSpeed":1.066,"_zoom":16.125},{"_mousePosition":[683,384],"_rootPartCFrame":[769.666,222.666,44.436,-0.952,0,0.307,0,1,0,-0.307,0,-0.952],"_humanoidState":8,"_cameraCFrame":[771.096,235.714,33.136,-0.961,-0.198,0.193,0,0.698,0.716,-0.276,0.688,-0.671],"_shiftlockState":true,"_pose":"Running","_animationQueue":[["walk",0.1]],"_animationSpeed":1.066,"_zoom":16.125},{"_mousePosition":[683,384],"_rootPartCFrame":[769.416,222.577,44.342,-0.961,0,0.276,0,1,0,-0.276,0,-0.961],"_humanoidState":8,"_cameraCFrame":[770.473,235.625,33.002,-0.97,-0.175,0.171,0,0.698,0.716,-0.245,0.694,-0.677],"_shiftlockState":true,"_pose":"Running","_animationQueue":[],"_animationSpeed":1.066,"_zoom":16.125},{"_mousePosition":[683,384],"_rootPartCFrame":[769.166,222.434,44.248,-0.97,0,0.245,0,1,0,-0.245,0,-0.97],"_humanoidState":8,"_cameraCFrame":[769.821,235.482,32.878,-0.978,-0.151,0.147,0,0.698,0.716,-0.21,0.7,-0.682],"_shiftlockState":true,"_pose":"Running","_animationQueue":[],"_animationSpeed":1.066,"_zoom":16.125},{"_mousePosition":[683,384],"_rootPartCFrame":[768.854,223.518,44.132,-0.978,0,0.21,0,1,0,-0.21,0,-0.978],"_humanoidState":3,"_cameraCFrame":[769.131,236.588,32.768,-0.984,-0.128,0.124,0,0.697,0.718,-0.178,0.706,-0.685],"_shiftlockState":true,"_pose":"Jumping","_animationQueue":[["walk",0.1],["jump",0.1]],"_animationSpeed":1,"_zoom":16.125},{"_mousePosition":[683,384],"_rootPartCFrame":[768.663,224.129,44.076,-0.971,0,0.239,0,1,0,-0.239,0,-0.971],"_humanoidState":5,"_cameraCFrame":[768.565,237.199,32.709,-0.989,-0.104,0.101,0,0.697,0.718,-0.145,0.71,-0.689],"_shiftlockState":true,"_pose":"FreeFall","_animationQueue":[["jump",0.1]],"_animationSpeed":1,"_zoom":16.125},{"_mousePosition":[683,384],"_rootPartCFrame":[768.401,224.897,44.025,-0.963,0,0.268,0,1,0,-0.268,0,-0.963],"_humanoidState":5,"_cameraCFrame":[767.927,237.988,32.69,-0.994,-0.081,0.078,0,0.695,0.719,-0.113,0.714,-0.691],"_shiftlockState":true,"_pose":"FreeFall","_animationQueue":[],"_animationSpeed":1,"_zoom":16.125},{"_mousePosition":[683,384],"_rootPartCFrame":[768.071,225.779,43.975,-0.961,0,0.275,0,1,0,-0.275,0,-0.961],"_humanoidState":5,"_cameraCFrame":[767.252,238.893,32.682,-0.997,-0.06,0.057,0,0.694,0.72,-0.083,0.718,-0.691],"_shiftlockState":true,"_pose":"FreeFall","_animationQueue":[],"_animationSpeed":1,"_zoom":16.125},{"_mousePosition":[683,384],"_rootPartCFrame":[767.873,226.268,43.951,-0.983,0,0.182,0,1,0,-0.182,0,-0.983],"_humanoidState":5,"_cameraCFrame":[766.711,239.382,32.689,-0.999,-0.038,0.036,0,0.694,0.72,-0.052,0.719,-0.693],"_shiftlockState":true,"_pose":"FreeFall","_animationQueue":[],"_animationSpeed":1,"_zoom":16.125},{"_mousePosition":[683,384],"_rootPartCFrame":[767.607,226.872,43.928,-0.983,0,0.185,0,1,0,-0.185,0,-0.983],"_humanoidState":5,"_cameraCFrame":[766.103,240.008,32.728,-1,-0.016,0.015,0,0.692,0.722,-0.022,0.721,-0.692],"_shiftlockState":true,"_pose":"FreeFall","_animationQueue":[],"_animationSpeed":1,"_zoom":16.125},{"_mousePosition":[683,384],"_rootPartCFrame":[767.341,227.422,43.913,-0.988,0,0.155,0,1,0,-0.155,0,-0.988],"_humanoidState":5,"_cameraCFrame":[765.469,240.579,32.791,-1,0.008,-0.008,0,0.691,0.723,0.011,0.723,-0.691],"_shiftlockState":true,"_pose":"FreeFall","_animationQueue":[],"_animationSpeed":1,"_zoom":16.125},{"_mousePosition":[683,384],"_rootPartCFrame":[767.074,227.917,43.906,-0.993,0,0.122,0,1,0,-0.122,0,-0.993],"_humanoidState":5,"_cameraCFrame":[764.812,241.117,32.903,-0.999,0.034,-0.032,0,0.688,0.726,0.046,0.725,-0.687],"_shiftlockState":true,"_pose":"FreeFall","_animationQueue":[],"_animationSpeed":1,"_zoom":16.125},{"_mousePosition":[683,384],"_rootPartCFrame":[766.808,228.357,43.907,-0.996,0,0.087,0,1,0,-0.087,0,-0.996],"_humanoidState":5,"_cameraCFrame":[763.914,241.601,33.1,-0.995,0.076,-0.072,0,0.685,0.728,0.104,0.724,-0.682],"_shiftlockState":true,"_pose":"FreeFall","_animationQueue":[],"_animationSpeed":1,"_zoom":16.125},{"_mousePosition":[683,384],"_rootPartCFrame":[766.541,228.743,43.918,-1,0,0.029,0,1,0,-0.029,0,-1],"_humanoidState":5,"_cameraCFrame":[763.432,242.008,33.195,-0.992,0.091,-0.085,0,0.684,0.73,0.124,0.724,-0.679],"_shiftlockState":true,"_pose":"FreeFall","_animationQueue":[],"_animationSpeed":1,"_zoom":16.125},{"_mousePosition":[683,384],"_rootPartCFrame":[766.276,229.075,43.944,-1,0,0.008,0,1,0,-0.008,0,-1],"_humanoidState":5,"_cameraCFrame":[762.628,242.34,33.391,-0.985,0.127,-0.119,0,0.684,0.73,0.175,0.718,-0.673],"_shiftlockState":true,"_pose":"FreeFall","_animationQueue":[],"_animationSpeed":1,"_zoom":16.125},{"_mousePosition":[683,384],"_rootPartCFrame":[766.011,229.352,43.976,-0.999,0,-0.042,0,1,0,0.042,0,-0.999],"_humanoidState":5,"_cameraCFrame":[762.098,242.617,33.519,-0.98,0.145,-0.136,0,0.684,0.73,0.199,0.715,-0.67],"_shiftlockState":true,"_pose":"FreeFall","_animationQueue":[],"_animationSpeed":1,"_zoom":16.125},{"_mousePosition":[683,384],"_rootPartCFrame":[765.748,229.574,44.021,-0.998,0,-0.067,0,1,0,0.067,0,-0.998],"_humanoidState":5,"_cameraCFrame":[761.655,242.861,33.657,-0.976,0.158,-0.148,0,0.682,0.731,0.217,0.714,-0.666],"_shiftlockState":true,"_pose":"FreeFall","_animationQueue":[],"_animationSpeed":1,"_zoom":16.125},{"_mousePosition":[683,384],"_rootPartCFrame":[765.487,229.742,44.073,-0.996,0,-0.085,0,1,0,0.085,0,-0.996],"_humanoidState":5,"_cameraCFrame":[761.341,243.029,33.73,-0.975,0.162,-0.151,0,0.682,0.731,0.222,0.713,-0.665],"_shiftlockState":true,"_pose":"FreeFall","_animationQueue":[],"_animationSpeed":1,"_zoom":16.125},{"_mousePosition":[683,384],"_rootPartCFrame":[765.226,229.856,44.13,-0.996,0,-0.09,0,1,0,0.09,0,-0.996],"_humanoidState":5,"_cameraCFrame":[761.081,243.142,33.787,-0.975,0.162,-0.151,0,0.682,0.731,0.222,0.713,-0.665],"_shiftlockState":true,"_pose":"FreeFall","_animationQueue":[],"_animationSpeed":1,"_zoom":16.125},{"_mousePosition":[683,384],"_rootPartCFrame":[764.966,229.915,44.189,-0.996,0,-0.09,0,1,0,0.09,0,-0.996],"_humanoidState":5,"_cameraCFrame":[760.821,243.201,33.846,-0.975,0.162,-0.151,0,0.682,0.731,0.222,0.713,-0.665],"_shiftlockState":true,"_pose":"FreeFall","_animationQueue":[],"_animationSpeed":1,"_zoom":16.125},{"_mousePosition":[683,384],"_rootPartCFrame":[764.706,229.919,44.248,-0.996,0,-0.09,0,1,0,0.09,0,-0.996],"_humanoidState":5,"_cameraCFrame":[760.561,243.206,33.905,-0.975,0.162,-0.151,0,0.682,0.731,0.222,0.713,-0.665],"_shiftlockState":true,"_pose":"FreeFall","_animationQueue":[],"_animationSpeed":1,"_zoom":16.125},{"_mousePosition":[683,384],"_rootPartCFrame":[764.446,229.869,44.307,-0.996,0,-0.09,0,1,0,0.09,0,-0.996],"_humanoidState":5,"_cameraCFrame":[760.301,243.156,33.964,-0.975,0.162,-0.151,0,0.682,0.731,0.222,0.713,-0.665],"_shiftlockState":true,"_pose":"FreeFall","_animationQueue":[["fall",0.3]],"_animationSpeed":1,"_zoom":16.125},{"_mousePosition":[683,384],"_rootPartCFrame":[764.186,229.765,44.366,-0.996,0,-0.09,0,1,0,0.09,0,-0.996],"_humanoidState":5,"_cameraCFrame":[760.041,243.051,34.024,-0.975,0.162,-0.151,0,0.682,0.731,0.222,0.713,-0.665],"_shiftlockState":true,"_pose":"FreeFall","_animationQueue":[],"_animationSpeed":1,"_zoom":16.125},{"_mousePosition":[683,384],"_rootPartCFrame":[763.926,229.606,44.425,-0.996,0,-0.09,0,1,0,0.09,0,-0.996],"_humanoidState":5,"_cameraCFrame":[759.781,242.893,34.083,-0.975,0.162,-0.151,0,0.682,0.731,0.222,0.713,-0.665],"_shiftlockState":true,"_pose":"FreeFall","_animationQueue":[],"_animationSpeed":1,"_zoom":16.125},{"_mousePosition":[683,384],"_rootPartCFrame":[763.666,229.393,44.484,-0.996,0,-0.09,0,1,0,0.09,0,-0.996],"_humanoidState":5,"_cameraCFrame":[759.521,242.679,34.142,-0.975,0.162,-0.151,0,0.682,0.731,0.222,0.713,-0.665],"_shiftlockState":true,"_pose":"FreeFall","_animationQueue":[],"_animationSpeed":1,"_zoom":16.125},{"_mousePosition":[683,384],"_rootPartCFrame":[763.42,229.125,44.564,-0.994,0,-0.11,0,1,0,0.11,0,-0.994],"_humanoidState":5,"_cameraCFrame":[759.28,242.432,34.244,-0.975,0.162,-0.151,0,0.681,0.732,0.222,0.714,-0.664],"_shiftlockState":true,"_pose":"FreeFall","_animationQueue":[],"_animationSpeed":1,"_zoom":16.125},{"_mousePosition":[683,384],"_rootPartCFrame":[763.198,228.802,44.676,-0.993,0,-0.118,0,1,0,0.118,0,-0.993],"_humanoidState":5,"_cameraCFrame":[759.057,242.11,34.355,-0.975,0.162,-0.151,0,0.681,0.732,0.222,0.714,-0.664],"_shiftlockState":true,"_pose":"FreeFall","_animationQueue":[],"_animationSpeed":1,"_zoom":16.125},{"_mousePosition":[683,384],"_rootPartCFrame":[762.998,228.425,44.82,-0.993,0,-0.118,0,1,0,0.118,0,-0.993],"_humanoidState":5,"_cameraCFrame":[758.857,241.733,34.5,-0.975,0.162,-0.151,0,0.681,0.732,0.222,0.714,-0.664],"_shiftlockState":true,"_pose":"FreeFall","_animationQueue":[],"_animationSpeed":1,"_zoom":16.125},{"_mousePosition":[683,384],"_rootPartCFrame":[762.867,228.003,44.802,-0.995,0.001,-0.097,0.001,1,0,0.097,0,-0.995],"_humanoidState":5,"_cameraCFrame":[758.728,241.311,34.482,-0.975,0.162,-0.151,0,0.681,0.732,0.222,0.714,-0.664],"_shiftlockState":true,"_pose":"FreeFall","_animationQueue":[["fall",0.3]],"_animationSpeed":1,"_zoom":16.125},{"_mousePosition":[683,384],"_rootPartCFrame":[762.747,227.527,44.756,-0.993,0.001,-0.114,0.001,1,0,0.114,0,-0.993],"_humanoidState":5,"_cameraCFrame":[758.613,240.856,34.458,-0.975,0.163,-0.151,0,0.68,0.734,0.222,0.715,-0.663],"_shiftlockState":true,"_pose":"FreeFall","_animationQueue":[],"_animationSpeed":1,"_zoom":16.125},{"_mousePosition":[683,384],"_rootPartCFrame":[762.628,226.996,44.723,-0.993,0,-0.117,0,1,0,0.117,0,-0.993],"_humanoidState":5,"_cameraCFrame":[758.498,240.347,34.447,-0.975,0.163,-0.15,0,0.678,0.735,0.222,0.717,-0.661],"_shiftlockState":true,"_pose":"FreeFall","_animationQueue":[],"_animationSpeed":1,"_zoom":16.125},{"_mousePosition":[683,384],"_rootPartCFrame":[762.495,226.41,44.74,-0.993,0,-0.119,0,1,0,0.119,0,-0.993],"_humanoidState":5,"_cameraCFrame":[758.375,239.804,34.509,-0.975,0.163,-0.15,0,0.675,0.738,0.222,0.719,-0.658],"_shiftlockState":true,"_pose":"FreeFall","_animationQueue":[],"_animationSpeed":1,"_zoom":16.125},{"_mousePosition":[683,384],"_rootPartCFrame":[762.375,225.771,44.732,-0.993,0,-0.118,0,1,0,0.118,0,-0.993],"_humanoidState":5,"_cameraCFrame":[758.452,239.227,34.498,-0.979,0.152,-0.137,0,0.671,0.741,0.204,0.726,-0.657],"_shiftlockState":true,"_pose":"FreeFall","_animationQueue":[],"_animationSpeed":1,"_zoom":16.125},{"_mousePosition":[683,384],"_rootPartCFrame":[762.219,225.076,44.742,-0.997,0,-0.081,0,1,0,0.081,0,-0.997],"_humanoidState":5,"_cameraCFrame":[759.016,238.617,34.357,-0.991,0.102,-0.091,0,0.665,0.747,0.137,0.74,-0.659],"_shiftlockState":true,"_pose":"FreeFall","_animationQueue":[],"_animationSpeed":1,"_zoom":16.125},{"_mousePosition":[683,384],"_rootPartCFrame":[762.026,224.327,44.768,-1,0,-0.005,0,1,0,0.005,0,-1],"_humanoidState":5,"_cameraCFrame":[760.756,237.889,33.998,-0.999,-0.033,0.03,0,0.664,0.748,-0.045,0.747,-0.663],"_shiftlockState":true,"_pose":"FreeFall","_animationQueue":[["fall",0.3]],"_animationSpeed":1,"_zoom":16.125},{"_mousePosition":[683,384],"_rootPartCFrame":[761.788,223.529,44.762,-0.987,0.001,0.161,-0.003,1,-0.023,-0.161,-0.023,-0.987],"_humanoidState":5,"_cameraCFrame":[763.818,237.111,34.099,-0.939,-0.258,0.228,0,0.662,0.749,-0.344,0.704,-0.622],"_shiftlockState":true,"_pose":"FreeFall","_animationQueue":[],"_animationSpeed":1,"_zoom":16.125},{"_mousePosition":[683,384],"_rootPartCFrame":[761.559,223.573,44.592,-0.937,-0.001,0.349,-0.003,1,-0.006,-0.349,-0.007,-0.937],"_humanoidState":12,"_cameraCFrame":[768.877,237.155,36.611,-0.618,-0.589,0.521,0,0.662,0.749,-0.787,0.463,-0.409],"_shiftlockState":true,"_pose":"Climbing","_animationQueue":[["walk",0.1],["fall",0.3],["climb",0.1],["climb",0]],"_animationSpeed":-4.071,"_zoom":16.125},{"_mousePosition":[683,384],"_rootPartCFrame":[761.252,223.854,44.275,-0.591,0,0.807,0.001,1,0.001,-0.807,0.001,-0.591],"_humanoidState":8,"_cameraCFrame":[770.556,237.248,38.356,-0.396,-0.677,0.62,0,0.675,0.738,-0.918,0.292,-0.268],"_shiftlockState":true,"_pose":"Running","_animationQueue":[["walk",0.1],["climb",0.1],["walk",0.1],["walk",0.1]],"_animationSpeed":0.903,"_zoom":16.125},{"_mousePosition":[683,384],"_rootPartCFrame":[761.002,224.738,44.183,-0.363,-0.002,0.932,0.001,1,0.002,-0.932,0.002,-0.363],"_humanoidState":3,"_cameraCFrame":[771.058,237.981,39.288,-0.292,-0.697,0.655,0,0.685,0.728,-0.956,0.213,-0.2],"_shiftlockState":true,"_pose":"Jumping","_animationQueue":[["walk",0.1],["jump",0.1]],"_animationSpeed":1,"_zoom":16.125},{"_mousePosition":[683,384],"_rootPartCFrame":[760.77,225.587,44.072,-0.192,-0.001,0.981,0.001,1,0.001,-0.981,0.001,-0.192],"_humanoidState":5,"_cameraCFrame":[770.816,238.701,38.854,-0.318,-0.683,0.658,0,0.694,0.72,-0.948,0.229,-0.221],"_shiftlockState":true,"_pose":"FreeFall","_animationQueue":[["jump",0.1]],"_animationSpeed":1,"_zoom":16.125},{"_mousePosition":[683,384],"_rootPartCFrame":[760.566,226.382,43.933,-0.193,0,0.981,0,1,0,-0.981,0,-0.193],"_humanoidState":5,"_cameraCFrame":[769.628,239.452,37.072,-0.474,-0.632,0.613,0,0.697,0.718,-0.881,0.34,-0.33],"_shiftlockState":true,"_pose":"FreeFall","_animationQueue":[],"_animationSpeed":1,"_zoom":16.125},{"_mousePosition":[683,384],"_rootPartCFrame":[760.391,227.122,43.767,-0.353,0,0.936,0,1,0,-0.936,0,-0.353],"_humanoidState":5,"_cameraCFrame":[767.626,240.192,35,-0.664,-0.536,0.521,0,0.697,0.718,-0.748,0.477,-0.463],"_shiftlockState":true,"_pose":"FreeFall","_animationQueue":[],"_animationSpeed":1,"_zoom":16.125},{"_mousePosition":[683,384],"_rootPartCFrame":[760.24,227.808,43.57,-0.559,0,0.829,0,1,0,-0.829,0,-0.559],"_humanoidState":5,"_cameraCFrame":[765.166,240.856,33.301,-0.824,-0.405,0.395,0,0.698,0.716,-0.566,0.59,-0.575],"_shiftlockState":true,"_pose":"FreeFall","_animationQueue":[],"_animationSpeed":1,"_zoom":16.125},{"_mousePosition":[683,384],"_rootPartCFrame":[760.075,228.439,43.367,-0.742,0,0.67,0,1,0,-0.67,0,-0.742],"_humanoidState":5,"_cameraCFrame":[762.777,241.421,32.234,-0.924,-0.272,0.268,0,0.702,0.712,-0.382,0.658,-0.649],"_shiftlockState":true,"_pose":"FreeFall","_animationQueue":[],"_animationSpeed":1,"_zoom":16.125},{"_mousePosition":[683,384],"_rootPartCFrame":[759.883,229.016,43.186,-0.865,0,0.501,0,1,0,-0.501,0,-0.865],"_humanoidState":5,"_cameraCFrame":[761.089,241.931,31.727,-0.967,-0.18,0.18,0,0.706,0.708,-0.255,0.685,-0.683],"_shiftlockState":true,"_pose":"FreeFall","_animationQueue":[],"_animationSpeed":1,"_zoom":16.125},{"_mousePosition":[683,384],"_rootPartCFrame":[759.668,229.538,43.036,-0.925,0,0.381,0,1,0,-0.381,0,-0.925],"_humanoidState":5,"_cameraCFrame":[759.929,242.365,31.429,-0.985,-0.121,0.123,0,0.712,0.702,-0.173,0.692,-0.701],"_shiftlockState":true,"_pose":"FreeFall","_animationQueue":[],"_animationSpeed":1,"_zoom":16.125},{"_mousePosition":[683,384],"_rootPartCFrame":[759.433,230.006,42.921,-0.953,0,0.302,0,1,0,-0.302,0,-0.953],"_humanoidState":5,"_cameraCFrame":[759.118,242.743,31.228,-0.992,-0.086,0.088,0,0.717,0.697,-0.123,0.692,-0.712],"_shiftlockState":true,"_pose":"FreeFall","_animationQueue":[],"_animationSpeed":1,"_zoom":16.125},{"_mousePosition":[683,384],"_rootPartCFrame":[759.183,230.419,42.842,-0.967,0,0.254,0,1,0,-0.254,0,-0.967],"_humanoidState":5,"_cameraCFrame":[758.543,243.156,31.163,-0.995,-0.066,0.068,0,0.717,0.697,-0.095,0.694,-0.714],"_shiftlockState":true,"_pose":"FreeFall","_animationQueue":[],"_animationSpeed":1,"_zoom":16.125},{"_mousePosition":[683,384],"_rootPartCFrame":[758.922,230.778,42.799,-0.974,0,0.227,0,1,0,-0.227,0,-0.974],"_humanoidState":5,"_cameraCFrame":[758.074,243.515,31.133,-0.997,-0.054,0.056,0,0.717,0.697,-0.078,0.695,-0.715],"_shiftlockState":true,"_pose":"FreeFall","_animationQueue":[],"_animationSpeed":1,"_zoom":16.125},{"_mousePosition":[683,384],"_rootPartCFrame":[758.656,231.082,42.772,-0.978,0,0.209,0,1,0,-0.209,0,-0.978],"_humanoidState":5,"_cameraCFrame":[757.364,243.909,31.234,-0.999,-0.028,0.028,0,0.712,0.702,-0.04,0.702,-0.711],"_shiftlockState":true,"_pose":"FreeFall","_animationQueue":[],"_animationSpeed":1,"_zoom":16.125},{"_mousePosition":[683,384],"_rootPartCFrame":[758.391,231.332,42.75,-0.985,0,0.172,0,1,0,-0.172,0,-0.985],"_humanoidState":5,"_cameraCFrame":[756.603,244.203,31.323,-1,0.002,-0.002,0,0.709,0.705,0.003,0.705,-0.709],"_shiftlockState":true,"_pose":"FreeFall","_animationQueue":[],"_animationSpeed":1,"_zoom":16.125},{"_mousePosition":[683,384],"_rootPartCFrame":[758.124,231.527,42.738,-0.992,0,0.13,0,1,0,-0.13,0,-0.992],"_humanoidState":5,"_cameraCFrame":[755.734,244.443,31.467,-0.998,0.04,-0.04,0,0.706,0.708,0.056,0.707,-0.705],"_shiftlockState":true,"_pose":"FreeFall","_animationQueue":[],"_animationSpeed":1,"_zoom":16.125},{"_mousePosition":[683,384],"_rootPartCFrame":[757.858,231.668,42.738,-0.997,0,0.077,0,1,0,-0.077,0,-0.997],"_humanoidState":5,"_cameraCFrame":[754.826,244.672,31.713,-0.993,0.082,-0.08,0,0.701,0.713,0.114,0.709,-0.696],"_shiftlockState":true,"_pose":"FreeFall","_animationQueue":[],"_animationSpeed":1,"_zoom":16.125},{"_mousePosition":[683,384],"_rootPartCFrame":[757.591,231.754,42.75,-1,0,0.019,0,1,0,-0.019,0,-1],"_humanoidState":5,"_cameraCFrame":[753.967,244.846,32,-0.986,0.122,-0.118,0,0.695,0.719,0.17,0.708,-0.685],"_shiftlockState":true,"_pose":"FreeFall","_animationQueue":[],"_animationSpeed":1,"_zoom":16.125},{"_mousePosition":[683,384],"_rootPartCFrame":[757.326,231.786,42.779,-0.999,0,-0.037,0,1,0,0.037,0,-0.999],"_humanoidState":5,"_cameraCFrame":[753.187,244.986,32.336,-0.976,0.159,-0.151,0,0.688,0.726,0.219,0.708,-0.671],"_shiftlockState":true,"_pose":"FreeFall","_animationQueue":[["fall",0.3]],"_animationSpeed":1,"_zoom":16.125},{"_mousePosition":[683,384],"_rootPartCFrame":[757.063,231.763,42.822,-0.996,0,-0.088,0,1,0,0.088,0,-0.996],"_humanoidState":5,"_cameraCFrame":[752.503,245.05,32.655,-0.965,0.191,-0.178,0,0.682,0.731,0.261,0.706,-0.659],"_shiftlockState":true,"_pose":"FreeFall","_animationQueue":[],"_animationSpeed":1,"_zoom":16.125},{"_mousePosition":[683,384],"_rootPartCFrame":[756.803,231.686,42.878,-0.991,0,-0.13,0,1,0,0.13,0,-0.991],"_humanoidState":5,"_cameraCFrame":[751.955,245.037,32.921,-0.957,0.213,-0.197,0,0.678,0.735,0.29,0.703,-0.649],"_shiftlockState":true,"_pose":"FreeFall","_animationQueue":[],"_animationSpeed":1,"_zoom":16.125},{"_mousePosition":[683,384],"_rootPartCFrame":[756.545,231.554,42.946,-0.987,0,-0.16,0,1,0,0.16,0,-0.987],"_humanoidState":5,"_cameraCFrame":[751.486,244.948,33.146,-0.95,0.23,-0.211,0,0.675,0.738,0.312,0.701,-0.642],"_shiftlockState":true,"_pose":"FreeFall","_animationQueue":[],"_animationSpeed":1,"_zoom":16.125},{"_mousePosition":[683,384],"_rootPartCFrame":[756.289,231.368,43.022,-0.983,0,-0.183,0,1,0,0.183,0,-0.983],"_humanoidState":5,"_cameraCFrame":[751.049,244.804,33.37,-0.944,0.245,-0.223,0,0.672,0.74,0.331,0.698,-0.634],"_shiftlockState":true,"_pose":"FreeFall","_animationQueue":[],"_animationSpeed":1,"_zoom":16.125},{"_mousePosition":[683,384],"_rootPartCFrame":[756.036,231.127,43.105,-0.979,0,-0.203,0,1,0,0.203,0,-0.979],"_humanoidState":5,"_cameraCFrame":[750.714,244.605,33.55,-0.94,0.253,-0.228,0,0.67,0.743,0.341,0.698,-0.629],"_shiftlockState":true,"_pose":"FreeFall","_animationQueue":[],"_animationSpeed":1,"_zoom":16.125},{"_mousePosition":[683,384],"_rootPartCFrame":[755.784,230.832,43.192,-0.977,0,-0.213,0,1,0,0.213,0,-0.977],"_humanoidState":5,"_cameraCFrame":[750.382,244.352,33.736,-0.937,0.261,-0.233,0,0.667,0.745,0.35,0.698,-0.624],"_shiftlockState":true,"_pose":"FreeFall","_animationQueue":[["fall",0.3]],"_animationSpeed":1,"_zoom":16.125},{"_mousePosition":[683,384],"_rootPartCFrame":[755.533,230.482,43.282,-0.975,0,-0.222,0,1,0,0.222,0,-0.975],"_humanoidState":5,"_cameraCFrame":[750.131,244.002,33.826,-0.937,0.261,-0.233,0,0.667,0.745,0.35,0.698,-0.624],"_shiftlockState":true,"_pose":"FreeFall","_animationQueue":[],"_animationSpeed":1,"_zoom":16.125},{"_mousePosition":[683,384],"_rootPartCFrame":[755.283,230.078,43.375,-0.975,0,-0.222,0,1,0,0.222,0,-0.975],"_humanoidState":5,"_cameraCFrame":[749.881,243.598,33.919,-0.937,0.261,-0.233,0,0.667,0.745,0.35,0.698,-0.624],"_shiftlockState":true,"_pose":"FreeFall","_animationQueue":[],"_animationSpeed":1,"_zoom":16.125},{"_mousePosition":[683,384],"_rootPartCFrame":[755.033,229.62,43.469,-0.975,0,-0.222,0,1,0,0.222,0,-0.975],"_humanoidState":5,"_cameraCFrame":[749.631,243.139,34.012,-0.937,0.261,-0.233,0,0.667,0.745,0.35,0.698,-0.624],"_shiftlockState":true,"_pose":"FreeFall","_animationQueue":[],"_animationSpeed":1,"_zoom":16.125},{"_mousePosition":[683,384],"_rootPartCFrame":[754.8,229.106,43.58,-0.97,0,-0.242,0,1,0,0.242,0,-0.97],"_humanoidState":5,"_cameraCFrame":[749.398,242.626,34.124,-0.937,0.261,-0.233,0,0.667,0.745,0.35,0.698,-0.624],"_shiftlockState":true,"_pose":"FreeFall","_animationQueue":[],"_animationSpeed":1,"_zoom":16.125},{"_mousePosition":[683,384],"_rootPartCFrame":[754.594,228.539,43.721,-0.968,0,-0.249,0,1,0,0.249,0,-0.968],"_humanoidState":5,"_cameraCFrame":[749.193,242.058,34.264,-0.937,0.261,-0.233,0,0.667,0.745,0.35,0.698,-0.624],"_shiftlockState":true,"_pose":"FreeFall","_animationQueue":[],"_animationSpeed":1,"_zoom":16.125},{"_mousePosition":[683,384],"_rootPartCFrame":[754.416,227.916,43.89,-0.968,0,-0.25,0,1,0,0.25,0,-0.968],"_humanoidState":5,"_cameraCFrame":[749.014,241.436,34.434,-0.937,0.261,-0.233,0,0.667,0.745,0.35,0.698,-0.624],"_shiftlockState":true,"_pose":"FreeFall","_animationQueue":[["fall",0.3]],"_animationSpeed":1,"_zoom":16.125},{"_mousePosition":[683,384],"_rootPartCFrame":[754.264,227.24,44.089,-0.968,0,-0.25,0,1,0,0.25,0,-0.968],"_humanoidState":5,"_cameraCFrame":[748.879,240.801,34.677,-0.937,0.262,-0.232,0,0.664,0.748,0.35,0.701,-0.622],"_shiftlockState":true,"_pose":"FreeFall","_animationQueue":[],"_animationSpeed":1,"_zoom":16.125},{"_mousePosition":[683,384],"_rootPartCFrame":[754.14,226.508,44.317,-0.968,0,-0.25,0,1,0,0.25,0,-0.968],"_humanoidState":5,"_cameraCFrame":[749.058,240.112,34.79,-0.947,0.241,-0.212,0,0.661,0.751,0.321,0.711,-0.626],"_shiftlockState":true,"_pose":"FreeFall","_animationQueue":[],"_animationSpeed":1,"_zoom":16.125},{"_mousePosition":[683,384],"_rootPartCFrame":[754.028,225.723,44.559,-0.975,0,-0.223,0,1,0,0.223,0,-0.975],"_humanoidState":5,"_cameraCFrame":[750.138,239.326,34.486,-0.979,0.153,-0.135,0,0.661,0.751,0.204,0.735,-0.647],"_shiftlockState":true,"_pose":"FreeFall","_animationQueue":[],"_animationSpeed":1,"_zoom":16.125},{"_mousePosition":[683,384],"_rootPartCFrame":[753.911,224.882,44.798,-0.994,0,-0.113,0,1,0,0.113,0,-0.994],"_humanoidState":5,"_cameraCFrame":[752.616,238.423,34.008,-0.999,-0.032,0.028,0,0.665,0.747,-0.042,0.746,-0.665],"_shiftlockState":true,"_pose":"FreeFall","_animationQueue":[],"_animationSpeed":1,"_zoom":16.125},{"_mousePosition":[683,384],"_rootPartCFrame":[753.764,224.02,44.85,-0.999,-0.007,0.031,-0.009,0.999,-0.049,-0.031,-0.049,-0.998],"_humanoidState":5,"_cameraCFrame":[756.676,237.454,34.19,-0.909,-0.308,0.28,0,0.672,0.74,-0.416,0.673,-0.611],"_shiftlockState":true,"_pose":"FreeFall","_animationQueue":[],"_animationSpeed":1,"_zoom":16.125},{"_mousePosition":[683,384],"_rootPartCFrame":[753.592,223.889,44.617,-0.931,-0.006,0.366,-0.013,1,-0.016,-0.365,-0.02,-0.931],"_humanoidState":7,"_cameraCFrame":[762.915,237.046,38.255,-0.426,-0.654,0.625,0,0.691,0.723,-0.905,0.308,-0.295],"_shiftlockState":true,"_pose":"FreeFall","_animationQueue":[["walk",0.1],["fall",0.3],["fall",0.3]],"_animationSpeed":1,"_zoom":16.125},{"_mousePosition":[683,384],"_rootPartCFrame":[753.387,223.993,44.327,-0.432,0.013,0.902,-0.009,1,-0.019,-0.902,-0.016,-0.432],"_humanoidState":7,"_cameraCFrame":[764.735,236.842,41.86,-0.061,-0.703,0.709,0,0.71,0.704,-0.998,0.043,-0.043],"_shiftlockState":true,"_pose":"FreeFall","_animationQueue":[["fall",0.3]],"_animationSpeed":1,"_zoom":16.125},{"_mousePosition":[683,384],"_rootPartCFrame":[753.182,224.062,44.346,-0.056,0.004,0.998,0.002,1,-0.004,-0.998,0.002,-0.056],"_humanoidState":8,"_cameraCFrame":[762.719,234.217,44.132,0.161,-0.67,0.725,0,0.735,0.678,-0.987,-0.109,0.118],"_shiftlockState":true,"_pose":"Running","_animationQueue":[["walk",0.1],["fall",0.3],["walk",0.1]],"_animationSpeed":0.954,"_zoom":16.125},{"_mousePosition":[683,384],"_rootPartCFrame":[752.993,224.944,44.352,0.16,-0.008,0.987,0.003,1,0.008,-0.987,0.002,0.16],"_humanoidState":3,"_cameraCFrame":[762.053,234.213,44.963,0.258,-0.635,0.729,0,0.754,0.657,-0.966,-0.169,0.194],"_shiftlockState":true,"_pose":"Jumping","_animationQueue":[["walk",0.1],["jump",0.1]],"_animationSpeed":1,"_zoom":16.125},{"_mousePosition":[683,384],"_rootPartCFrame":[752.812,225.793,44.316,0.317,-0.007,0.949,0.001,1,0.006,-0.949,-0.001,0.317],"_humanoidState":5,"_cameraCFrame":[761.235,234.211,44.818,0.265,-0.619,0.739,0,0.767,0.642,-0.964,-0.17,0.203],"_shiftlockState":true,"_pose":"FreeFall","_animationQueue":[["jump",0.1]],"_animationSpeed":1,"_zoom":16.125},{"_mousePosition":[683,384],"_rootPartCFrame":[752.611,226.587,44.268,0.288,-0.002,0.958,0,1,0.002,-0.958,0,0.288],"_humanoidState":5,"_cameraCFrame":[760.266,234.21,43.996,0.194,-0.622,0.758,0,0.773,0.634,-0.981,-0.123,0.15],"_shiftlockState":true,"_pose":"FreeFall","_animationQueue":[],"_animationSpeed":1,"_zoom":16.125},{"_mousePosition":[683,384],"_rootPartCFrame":[752.372,227.327,44.205,0.203,0,0.979,0,1,0,-0.979,0,0.203],"_humanoidState":5,"_cameraCFrame":[760.359,235.307,43.138,0.086,-0.634,0.769,0,0.772,0.636,-0.996,-0.055,0.066],"_shiftlockState":true,"_pose":"FreeFall","_animationQueue":[],"_animationSpeed":1,"_zoom":16.125},{"_mousePosition":[683,384],"_rootPartCFrame":[752.112,228.012,44.15,0.099,0,0.995,0,1,0,-0.995,0,0.099],"_humanoidState":5,"_cameraCFrame":[760.683,236.677,42.292,-0.013,-0.64,0.768,0,0.768,0.64,-1,0.008,-0.01],"_shiftlockState":true,"_pose":"FreeFall","_animationQueue":[],"_animationSpeed":1,"_zoom":16.125},{"_mousePosition":[683,384],"_rootPartCFrame":[751.848,228.643,44.119,0.001,0,1,0,1,0,-1,0,0.001],"_humanoidState":5,"_cameraCFrame":[761.056,238,41.592,-0.083,-0.64,0.764,0,0.767,0.642,-0.997,0.054,-0.064],"_shiftlockState":true,"_pose":"FreeFall","_animationQueue":[],"_animationSpeed":1,"_zoom":16.125},{"_mousePosition":[683,384],"_rootPartCFrame":[751.581,229.219,44.115,-0.073,0,0.997,0,1,0,-0.997,0,-0.073],"_humanoidState":5,"_cameraCFrame":[761.433,239.212,41.123,-0.124,-0.637,0.761,0,0.767,0.642,-0.992,0.079,-0.095],"_shiftlockState":true,"_pose":"FreeFall","_animationQueue":[],"_animationSpeed":1,"_zoom":16.125},{"_mousePosition":[683,384],"_rootPartCFrame":[751.315,229.741,44.133,-0.117,0,0.993,0,1,0,-0.993,0,-0.117],"_humanoidState":5,"_cameraCFrame":[761.724,240.265,40.825,-0.146,-0.635,0.759,0,0.767,0.642,-0.989,0.094,-0.112],"_shiftlockState":true,"_pose":"FreeFall","_animationQueue":[],"_animationSpeed":1,"_zoom":16.125},{"_mousePosition":[683,384],"_rootPartCFrame":[751.051,230.208,44.165,-0.142,0,0.99,0,1,0,-0.99,0,-0.142],"_humanoidState":5,"_cameraCFrame":[761.869,241.079,40.652,-0.159,-0.632,0.758,0,0.768,0.64,-0.987,0.102,-0.122],"_shiftlockState":true,"_pose":"FreeFall","_animationQueue":[],"_animationSpeed":1,"_zoom":16.125},{"_mousePosition":[683,384],"_rootPartCFrame":[750.787,230.62,44.203,-0.157,0,0.988,0,1,0,-0.988,0,-0.157],"_humanoidState":5,"_cameraCFrame":[761.903,241.781,40.494,-0.171,-0.631,0.757,0,0.768,0.64,-0.985,0.11,-0.132],"_shiftlockState":true,"_pose":"FreeFall","_animationQueue":[],"_animationSpeed":1,"_zoom":16.125},{"_mousePosition":[683,384],"_rootPartCFrame":[750.523,230.979,44.244,-0.17,0,0.986,0,1,0,-0.986,0,-0.17],"_humanoidState":5,"_cameraCFrame":[761.837,242.347,40.35,-0.184,-0.629,0.755,0,0.768,0.64,-0.983,0.118,-0.141],"_shiftlockState":true,"_pose":"FreeFall","_animationQueue":[],"_animationSpeed":1,"_zoom":16.125},{"_mousePosition":[683,384],"_rootPartCFrame":[750.26,231.282,44.29,-0.182,0,0.983,0,1,0,-0.983,0,-0.182],"_humanoidState":5,"_cameraCFrame":[761.707,242.79,40.278,-0.191,-0.629,0.754,0,0.768,0.64,-0.982,0.122,-0.147],"_shiftlockState":true,"_pose":"FreeFall","_animationQueue":[],"_animationSpeed":1,"_zoom":16.125},{"_mousePosition":[683,384],"_rootPartCFrame":[749.998,231.531,44.338,-0.19,0,0.982,0,1,0,-0.982,0,-0.19],"_humanoidState":5,"_cameraCFrame":[761.567,243.142,40.302,-0.191,-0.629,0.754,0,0.768,0.64,-0.982,0.122,-0.147],"_shiftlockState":true,"_pose":"FreeFall","_animationQueue":[],"_animationSpeed":1,"_zoom":16.125},{"_mousePosition":[683,384],"_rootPartCFrame":[749.741,231.725,44.364,-0.19,0,0.982,0,1,0,-0.982,0,-0.19],"_humanoidState":5,"_cameraCFrame":[761.382,243.406,40.282,-0.194,-0.628,0.754,0,0.768,0.64,-0.981,0.124,-0.149],"_shiftlockState":true,"_pose":"FreeFall","_animationQueue":[],"_animationSpeed":1,"_zoom":16.125},{"_mousePosition":[683,384],"_rootPartCFrame":[749.49,231.859,44.363,-0.193,0,0.981,0,1,0,-0.981,0,-0.193],"_humanoidState":5,"_cameraCFrame":[761.157,243.589,40.182,-0.201,-0.627,0.752,0,0.768,0.64,-0.98,0.129,-0.154],"_shiftlockState":true,"_pose":"FreeFall","_animationQueue":[],"_animationSpeed":1,"_zoom":16.125},{"_mousePosition":[683,384],"_rootPartCFrame":[749.237,231.94,44.343,-0.2,0,0.98,0,1,0,-0.98,0,-0.2],"_humanoidState":5,"_cameraCFrame":[760.853,243.7,39.918,-0.221,-0.625,0.749,0,0.768,0.64,-0.975,0.141,-0.17],"_shiftlockState":true,"_pose":"FreeFall","_animationQueue":[],"_animationSpeed":1,"_zoom":16.125},{"_mousePosition":[683,384],"_rootPartCFrame":[748.977,231.965,44.362,-0.219,0,0.976,0,1,0,-0.976,0,-0.219],"_humanoidState":5,"_cameraCFrame":[760.542,243.772,39.789,-0.233,-0.624,0.746,0,0.767,0.642,-0.972,0.15,-0.179],"_shiftlockState":true,"_pose":"FreeFall","_animationQueue":[],"_animationSpeed":1,"_zoom":16.125},{"_mousePosition":[683,384],"_rootPartCFrame":[748.727,231.937,44.33,-0.231,0,0.973,0,1,0,-0.973,0,-0.231],"_humanoidState":5,"_cameraCFrame":[760.311,243.759,39.753,-0.233,-0.624,0.746,0,0.767,0.642,-0.972,0.15,-0.179],"_shiftlockState":true,"_pose":"FreeFall","_animationQueue":[],"_animationSpeed":1,"_zoom":16.125},{"_mousePosition":[683,384],"_rootPartCFrame":[748.473,231.853,44.327,-0.233,0,0.973,0,1,0,-0.973,0,-0.233],"_humanoidState":5,"_cameraCFrame":[760.066,243.684,39.747,-0.233,-0.624,0.746,0,0.767,0.642,-0.972,0.15,-0.179],"_shiftlockState":true,"_pose":"FreeFall","_animationQueue":[["fall",0.3]],"_animationSpeed":1,"_zoom":16.125},{"_mousePosition":[683,384],"_rootPartCFrame":[748.215,231.715,44.364,-0.233,0,0.972,0,1,0,-0.972,0,-0.233],"_humanoidState":5,"_cameraCFrame":[759.786,243.578,39.758,-0.236,-0.625,0.744,0,0.766,0.643,-0.972,0.152,-0.18],"_shiftlockState":true,"_pose":"FreeFall","_animationQueue":[],"_animationSpeed":1,"_zoom":16.125},{"_mousePosition":[683,384],"_rootPartCFrame":[747.956,231.523,44.425,-0.235,0,0.972,0,1,0,-0.972,0,-0.235],"_humanoidState":5,"_cameraCFrame":[759.531,243.389,39.817,-0.236,-0.625,0.744,0,0.766,0.643,-0.972,0.152,-0.18],"_shiftlockState":true,"_pose":"FreeFall","_animationQueue":[],"_animationSpeed":1,"_zoom":16.125},{"_mousePosition":[683,384],"_rootPartCFrame":[747.697,231.276,44.487,-0.236,0,0.972,0,1,0,-0.972,0,-0.236],"_humanoidState":5,"_cameraCFrame":[759.275,243.145,39.879,-0.236,-0.625,0.744,0,0.766,0.643,-0.972,0.152,-0.18],"_shiftlockState":true,"_pose":"FreeFall","_animationQueue":[],"_animationSpeed":1,"_zoom":16.125},{"_mousePosition":[683,384],"_rootPartCFrame":[747.438,230.975,44.55,-0.236,0,0.972,0,1,0,-0.972,0,-0.236],"_humanoidState":5,"_cameraCFrame":[759.018,242.846,39.942,-0.236,-0.625,0.744,0,0.766,0.643,-0.972,0.152,-0.18],"_shiftlockState":true,"_pose":"FreeFall","_animationQueue":[],"_animationSpeed":1,"_zoom":16.125},{"_mousePosition":[683,384],"_rootPartCFrame":[747.178,230.619,44.613,-0.236,0,0.972,0,1,0,-0.972,0,-0.236],"_humanoidState":5,"_cameraCFrame":[758.752,242.515,40.038,-0.233,-0.627,0.743,0,0.764,0.645,-0.972,