[{"_mousePosition":[1141,365],"_rootPartCFrame":[776.028,222.95,47.142,0,0,1,0,1,0,-1,0,0],"_humanoidState":8,"_cameraCFrame":[778.472,240.196,36.91,-0.973,-0.193,0.129,0,0.556,0.831,-0.232,0.809,-0.54],"_shiftlockState":false,"_pose":"Standing","_animationQueue":[],"_animationSpeed":1,"_zoom":18.937},{"_mousePosition":[1116,372],"_rootPartCFrame":[775.913,222.891,47.115,0.017,0,1,0,1,0,-1,0,0.017],"_humanoidState":8,"_cameraCFrame":[778.358,240.137,36.882,-0.973,-0.193,0.129,0,0.556,0.831,-0.232,0.809,-0.54],"_shiftlockState":false,"_pose":"Standing","_animationQueue":[],"_animationSpeed":1,"_zoom":18.937},{"_mousePosition":[1092,379],"_rootPartCFrame":[775.659,222.759,47.054,0.046,0,0.999,0,1,0,-0.999,0,0.046],"_humanoidState":8,"_cameraCFrame":[778.103,240.005,36.822,-0.973,-0.193,0.129,0,0.556,0.831,-0.232,0.809,-0.54],"_shiftlockState":false,"_pose":"Running","_animationQueue":[["walk",0.1]],"_animationSpeed":0.836,"_zoom":18.937},{"_mousePosition":[1083,383],"_rootPartCFrame":[775.529,222.672,47.023,0.059,0,0.998,0,1,0,-0.998,0,0.059],"_humanoidState":8,"_cameraCFrame":[776.272,239.918,36.384,-0.973,-0.193,0.129,0,0.556,0.831,-0.232,0.809,-0.54],"_shiftlockState":true,"_pose":"Running","_animationQueue":[["walk",0.1]],"_animationSpeed":1.098,"_zoom":18.937},{"_mousePosition":[683,384],"_rootPartCFrame":[775.14,222.661,46.93,-0.994,0,0.107,0,1,0,-0.107,0,-0.994],"_humanoidState":8,"_cameraCFrame":[775.883,239.907,36.291,-0.973,-0.193,0.129,0,0.556,0.831,-0.232,0.809,-0.54],"_shiftlockState":true,"_pose":"Running","_animationQueue":[],"_animationSpeed":1.098,"_zoom":18.937},{"_mousePosition":[683,384],"_rootPartCFrame":[774.881,222.676,46.868,-0.978,0,0.21,0,1,0,-0.21,0,-0.978],"_humanoidState":8,"_cameraCFrame":[775.57,239.982,36.314,-0.973,-0.191,0.126,0,0.551,0.835,-0.229,0.812,-0.536],"_shiftlockState":true,"_pose":"Running","_animationQueue":[],"_animationSpeed":1.098,"_zoom":18.937},{"_mousePosition":[683,384],"_rootPartCFrame":[774.687,222.685,46.822,-0.974,0,0.228,0,1,0,-0.228,0,-0.974],"_humanoidState":8,"_cameraCFrame":[775.288,240.082,36.401,-0.975,-0.188,0.122,0,0.543,0.839,-0.224,0.818,-0.53],"_shiftlockState":true,"_pose":"Running","_animationQueue":[],"_animationSpeed":1.098,"_zoom":18.937},{"_mousePosition":[683,384],"_rootPartCFrame":[774.362,222.693,46.745,-0.975,0,0.224,0,1,0,-0.224,0,-0.975],"_humanoidState":8,"_cameraCFrame":[774.87,240.205,36.497,-0.976,-0.185,0.117,0,0.534,0.846,-0.219,0.825,-0.521],"_shiftlockState":true,"_pose":"Running","_animationQueue":[["walk",0.1]],"_animationSpeed":1.098,"_zoom":18.937},{"_mousePosition":[683,384],"_rootPartCFrame":[774.102,222.696,46.685,-0.976,0,0.219,0,1,0,-0.219,0,-0.976],"_humanoidState":8,"_cameraCFrame":[774.512,240.337,36.637,-0.977,-0.182,0.112,0,0.523,0.852,-0.214,0.833,-0.511],"_shiftlockState":true,"_pose":"Running","_animationQueue":[],"_animationSpeed":1.098,"_zoom":18.937},{"_mousePosition":[683,384],"_rootPartCFrame":[773.842,222.698,46.626,-0.977,0,0.214,0,1,0,-0.214,0,-0.977],"_humanoidState":8,"_cameraCFrame":[774.148,240.458,36.768,-0.978,-0.178,0.107,0,0.513,0.859,-0.208,0.84,-0.501],"_shiftlockState":true,"_pose":"Running","_animationQueue":[],"_animationSpeed":1.098,"_zoom":18.937},{"_mousePosition":[683,384],"_rootPartCFrame":[773.582,222.699,46.569,-0.978,0,0.208,0,1,0,-0.208,0,-0.978],"_humanoidState":8,"_cameraCFrame":[773.788,240.567,36.889,-0.979,-0.174,0.101,0,0.503,0.864,-0.202,0.847,-0.493],"_shiftlockState":true,"_pose":"Running","_animationQueue":[],"_animationSpeed":1.098,"_zoom":18.937},{"_mousePosition":[683,384],"_rootPartCFrame":[773.321,222.699,46.513,-0.979,0,0.202,0,1,0,-0.202,0,-0.979],"_humanoidState":8,"_cameraCFrame":[773.474,240.636,36.949,-0.98,-0.172,0.099,0,0.497,0.868,-0.199,0.851,-0.487],"_shiftlockState":true,"_pose":"Running","_animationQueue":[],"_animationSpeed":1.098,"_zoom":18.937},{"_mousePosition":[683,384],"_rootPartCFrame":[773.06,222.699,46.459,-0.98,0,0.199,0,1,0,-0.199,0,-0.98],"_humanoidState":8,"_cameraCFrame":[773.178,240.411,37.208,-0.979,-0.176,0.099,0,0.489,0.872,-0.202,0.854,-0.479],"_shiftlockState":true,"_pose":"Running","_animationQueue":[],"_animationSpeed":1.098,"_zoom":14.75},{"_mousePosition":[683,384],"_rootPartCFrame":[772.799,222.699,46.406,-0.979,0,0.202,0,1,0,-0.202,0,-0.979],"_humanoidState":8,"_cameraCFrame":[772.889,239.922,37.603,-0.978,-0.183,0.1,0,0.481,0.877,-0.209,0.857,-0.47],"_shiftlockState":true,"_pose":"Running","_animationQueue":[["walk",0.1]],"_animationSpeed":1.098,"_zoom":14.75},{"_mousePosition":[683,384],"_rootPartCFrame":[772.537,222.7,46.353,-0.978,0,0.209,0,1,0,-0.209,0,-0.978],"_humanoidState":8,"_cameraCFrame":[772.568,239.11,38.153,-0.976,-0.191,0.103,0,0.473,0.881,-0.217,0.86,-0.462],"_shiftlockState":true,"_pose":"Running","_animationQueue":[],"_animationSpeed":1.098,"_zoom":11.4},{"_mousePosition":[683,384],"_rootPartCFrame":[772.277,222.7,46.297,-0.976,0,0.219,0,1,0,-0.219,0,-0.976],"_humanoidState":8,"_cameraCFrame":[771.572,233.942,41.003,-0.98,-0.178,0.092,0,0.46,0.888,-0.2,0.87,-0.451],"_shiftlockState":true,"_pose":"Running","_animationQueue":[["walk",0.1]],"_animationSpeed":1.098,"_zoom":11.4},{"_mousePosition":[683,384],"_rootPartCFrame":[772.017,222.695,46.239,-0.98,0,0.2,0,1,0,-0.2,0,-0.98],"_humanoidState":8,"_cameraCFrame":[771.269,234.012,40.971,-0.981,-0.172,0.088,0,0.456,0.89,-0.193,0.873,-0.447],"_shiftlockState":true,"_pose":"Running","_animationQueue":[],"_animationSpeed":1.098,"_zoom":11.4},{"_mousePosition":[683,384],"_rootPartCFrame":[771.886,222.695,46.212,-0.981,0,0.193,0,1,0,-0.193,0,-0.981],"_humanoidState":8,"_cameraCFrame":[771.062,234.12,40.979,-0.984,-0.16,0.081,0,0.45,0.893,-0.18,0.879,-0.443],"_shiftlockState":true,"_pose":"Running","_animationQueue":[],"_animationSpeed":1.098,"_zoom":11.4},{"_mousePosition":[683,384],"_rootPartCFrame":[771.625,222.697,46.16,-0.984,0,0.18,0,1,0,-0.18,0,-0.984],"_humanoidState":8,"_cameraCFrame":[770.736,234.213,40.962,-0.986,-0.151,0.075,0,0.445,0.896,-0.168,0.883,-0.439],"_shiftlockState":true,"_pose":"Running","_animationQueue":[],"_animationSpeed":1.098,"_zoom":11.4},{"_mousePosition":[683,384],"_rootPartCFrame":[771.362,222.698,46.112,-0.986,0,0.168,0,1,0,-0.168,0,-0.986],"_humanoidState":8,"_cameraCFrame":[770.408,234.298,40.963,-0.988,-0.141,0.069,0,0.439,0.898,-0.157,0.887,-0.434],"_shiftlockState":true,"_pose":"Running","_animationQueue":[["walk",0.1]],"_animationSpeed":1.098,"_zoom":11.4},{"_mousePosition":[683,384],"_rootPartCFrame":[771.1,222.699,46.066,-0.988,0,0.157,0,1,0,-0.157,0,-0.988],"_humanoidState":8,"_cameraCFrame":[770.086,234.368,40.964,-0.989,-0.132,0.064,0,0.434,0.901,-0.146,0.891,-0.429],"_shiftlockState":true,"_pose":"Running","_animationQueue":[],"_animationSpeed":1.098,"_zoom":11.4},{"_mousePosition":[683,384],"_rootPartCFrame":[770.836,222.699,46.024,-0.989,0,0.146,0,1,0,-0.146,0,-0.989],"_humanoidState":8,"_cameraCFrame":[769.775,234.421,40.966,-0.99,-0.125,0.059,0,0.43,0.903,-0.138,0.894,-0.425],"_shiftlockState":true,"_pose":"Running","_animationQueue":[],"_animationSpeed":1.098,"_zoom":11.4},{"_mousePosition":[683,384],"_rootPartCFrame":[770.573,222.699,45.985,-0.99,0,0.138,0,1,0,-0.138,0,-0.99],"_humanoidState":8,"_cameraCFrame":[769.444,234.483,41.01,-0.992,-0.115,0.054,0,0.422,0.906,-0.127,0.899,-0.419],"_shiftlockState":true,"_pose":"Running","_animationQueue":[],"_animationSpeed":1.098,"_zoom":11.4},{"_mousePosition":[683,384],"_rootPartCFrame":[770.308,222.7,45.947,-0.992,0,0.127,0,1,0,-0.127,0,-0.992],"_humanoidState":8,"_cameraCFrame":[769.098,234.541,41.074,-0.994,-0.102,0.046,0,0.414,0.91,-0.112,0.904,-0.412],"_shiftlockState":true,"_pose":"Running","_animationQueue":[],"_animationSpeed":1.098,"_zoom":11.4},{"_mousePosition":[683,384],"_rootPartCFrame":[769.714,222.7,45.871,-0.994,0,0.112,0,1,0,-0.112,0,-0.994],"_humanoidState":8,"_cameraCFrame":[768.372,234.634,41.187,-0.996,-0.081,0.035,0,0.4,0.917,-0.088,0.913,-0.398],"_shiftlockState":true,"_pose":"Running","_animationQueue":[["walk",0.1]],"_animationSpeed":1.098,"_zoom":11.4},{"_mousePosition":[683,384],"_rootPartCFrame":[769.581,222.7,45.855,-0.996,0,0.088,0,1,0,-0.088,0,-0.996],"_humanoidState":8,"_cameraCFrame":[768.195,234.665,41.239,-0.997,-0.073,0.031,0,0.394,0.919,-0.08,0.916,-0.393],"_shiftlockState":true,"_pose":"Running","_animationQueue":[],"_animationSpeed":1.098,"_zoom":11.4},{"_mousePosition":[683,384],"_rootPartCFrame":[769.249,222.7,45.825,-0.997,0,0.08,0,1,0,-0.08,0,-0.997],"_humanoidState":8,"_cameraCFrame":[767.853,234.672,41.218,-0.997,-0.072,0.031,0,0.394,0.919,-0.078,0.916,-0.392],"_shiftlockState":true,"_pose":"Running","_animationQueue":[],"_animationSpeed":1.098,"_zoom":11.4},{"_mousePosition":[683,384],"_rootPartCFrame":[768.983,222.7,45.803,-0.997,0,0.078,0,1,0,-0.078,0,-0.997],"_humanoidState":8,"_cameraCFrame":[767.588,234.675,41.196,-0.997,-0.072,0.031,0,0.394,0.919,-0.078,0.916,-0.392],"_shiftlockState":true,"_pose":"Running","_animationQueue":[],"_animationSpeed":1.098,"_zoom":11.4},{"_mousePosition":[683,384],"_rootPartCFrame":[768.717,222.7,45.783,-0.997,0,0.078,0,1,0,-0.078,0,-0.997],"_humanoidState":8,"_cameraCFrame":[767.322,234.676,41.174,-0.997,-0.072,0.031,0,0.394,0.919,-0.078,0.916,-0.392],"_shiftlockState":true,"_pose":"Running","_animationQueue":[],"_animationSpeed":1.098,"_zoom":11.4},{"_mousePosition":[683,384],"_rootPartCFrame":[768.452,222.7,45.762,-0.997,0,0.078,0,1,0,-0.078,0,-0.997],"_humanoidState":8,"_cameraCFrame":[767.056,234.677,41.153,-0.997,-0.072,0.031,0,0.394,0.919,-0.078,0.916,-0.392],"_shiftlockState":true,"_pose":"Running","_animationQueue":[],"_animationSpeed":1.098,"_zoom":11.4},{"_mousePosition":[683,384],"_rootPartCFrame":[768.186,222.7,45.741,-0.997,0,0.078,0,1,0,-0.078,0,-0.997],"_humanoidState":8,"_cameraCFrame":[766.79,234.678,41.132,-0.997,-0.072,0.031,0,0.394,0.919,-0.078,0.916,-0.392],"_shiftlockState":true,"_pose":"Running","_animationQueue":[],"_animationSpeed":1.098,"_zoom":11.4},{"_mousePosition":[683,384],"_rootPartCFrame":[767.853,222.7,45.715,-0.997,0,0.078,0,1,0,-0.078,0,-0.997],"_humanoidState":8,"_cameraCFrame":[766.458,234.678,41.106,-0.997,-0.072,0.031,0,0.394,0.919,-0.078,0.916,-0.392],"_shiftlockState":true,"_pose":"Running","_animationQueue":[["walk",0.1]],"_animationSpeed":1.098,"_zoom":11.4},{"_mousePosition":[683,384],"_rootPartCFrame":[767.588,222.7,45.694,-0.997,0,0.078,0,1,0,-0.078,0,-0.997],"_humanoidState":8,"_cameraCFrame":[766.184,234.502,41.19,-0.997,-0.072,0.03,0,0.391,0.92,-0.078,0.917,-0.39],"_shiftlockState":true,"_pose":"Running","_animationQueue":[],"_animationSpeed":1.098,"_zoom":8.72},{"_mousePosition":[683,384],"_rootPartCFrame":[767.322,222.7,45.674,-0.997,0,0.078,0,1,0,-0.078,0,-0.997],"_humanoidState":8,"_cameraCFrame":[765.925,234.104,41.414,-0.996,-0.078,0.032,0,0.385,0.923,-0.084,0.92,-0.383],"_shiftlockState":true,"_pose":"Running","_animationQueue":[],"_animationSpeed":1.098,"_zoom":8.72},{"_mousePosition":[683,384],"_rootPartCFrame":[767.056,222.7,45.653,-0.996,0,0.084,0,1,0,-0.084,0,-0.996],"_humanoidState":8,"_cameraCFrame":[765.695,233.726,41.602,-0.995,-0.09,0.037,0,0.379,0.926,-0.098,0.921,-0.377],"_shiftlockState":true,"_pose":"Running","_animationQueue":[],"_animationSpeed":1.098,"_zoom":8.72},{"_mousePosition":[683,384],"_rootPartCFrame":[766.79,222.7,45.631,-0.995,0,0.098,0,1,0,-0.098,0,-0.995],"_humanoidState":8,"_cameraCFrame":[765.549,233.389,41.78,-0.991,-0.126,0.05,0,0.369,0.929,-0.135,0.921,-0.366],"_shiftlockState":true,"_pose":"Running","_animationQueue":[],"_animationSpeed":1.098,"_zoom":8.72},{"_mousePosition":[683,384],"_rootPartCFrame":[766.525,222.7,45.605,-0.991,0,0.135,0,1,0,-0.135,0,-0.991],"_humanoidState":8,"_cameraCFrame":[765.494,233.108,41.85,-0.98,-0.183,0.072,0,0.364,0.931,-0.197,0.913,-0.357],"_shiftlockState":true,"_pose":"Running","_animationQueue":[],"_animationSpeed":1.098,"_zoom":8.72},{"_mousePosition":[683,384],"_rootPartCFrame":[766.26,222.7,45.571,-0.98,0,0.197,0,1,0,-0.197,0,-0.98],"_humanoidState":8,"_cameraCFrame":[765.479,232.892,41.84,-0.964,-0.249,0.097,0,0.363,0.932,-0.267,0.898,-0.35],"_shiftlockState":true,"_pose":"Running","_animationQueue":[["walk",0.1]],"_animationSpeed":1.098,"_zoom":8.72},{"_mousePosition":[683,384],"_rootPartCFrame":[765.998,222.7,45.521,-0.964,0,0.267,0,1,0,-0.267,0,-0.964],"_humanoidState":8,"_cameraCFrame":[765.501,232.714,41.81,-0.938,-0.322,0.125,0,0.362,0.932,-0.346,0.875,-0.34],"_shiftlockState":true,"_pose":"Running","_animationQueue":[],"_animationSpeed":1.098,"_zoom":8.72},{"_mousePosition":[683,384],"_rootPartCFrame":[765.741,222.7,45.452,-0.938,0,0.346,0,1,0,-0.346,0,-0.938],"_humanoidState":8,"_cameraCFrame":[765.4,232.612,41.794,-0.92,-0.367,0.141,0,0.358,0.934,-0.393,0.859,-0.33],"_shiftlockState":true,"_pose":"Running","_animationQueue":[],"_animationSpeed":1.098,"_zoom":8.72},{"_mousePosition":[683,384],"_rootPartCFrame":[765.49,222.7,45.363,-0.92,0,0.393,0,1,0,-0.393,0,-0.92],"_humanoidState":8,"_cameraCFrame":[765.213,232.548,41.782,-0.908,-0.392,0.147,0,0.352,0.936,-0.419,0.85,-0.319],"_shiftlockState":true,"_pose":"Running","_animationQueue":[],"_animationSpeed":1.098,"_zoom":8.72},{"_mousePosition":[683,384],"_rootPartCFrame":[765.244,222.7,45.26,-0.908,0,0.419,0,1,0,-0.419,0,-0.908],"_humanoidState":8,"_cameraCFrame":[764.966,232.513,41.751,-0.904,-0.401,0.147,0,0.345,0.939,-0.427,0.849,-0.312],"_shiftlockState":true,"_pose":"Running","_animationQueue":[],"_animationSpeed":1.098,"_zoom":8.72},{"_mousePosition":[683,384],"_rootPartCFrame":[765.001,222.7,45.15,-0.904,0,0.427,0,1,0,-0.427,0,-0.904],"_humanoidState":8,"_cameraCFrame":[764.687,232.49,41.703,-0.905,-0.4,0.144,0,0.339,0.941,-0.425,0.852,-0.307],"_shiftlockState":true,"_pose":"Running","_animationQueue":[],"_animationSpeed":1.098,"_zoom":8.72},{"_mousePosition":[683,384],"_rootPartCFrame":[764.82,222.7,45.065,-0.905,0,0.425,0,1,0,-0.425,0,-0.905],"_humanoidState":8,"_cameraCFrame":[764.429,232.482,41.681,-0.911,-0.388,0.137,0,0.333,0.943,-0.412,0.859,-0.303],"_shiftlockState":true,"_pose":"Running","_animationQueue":[],"_animationSpeed":1.098,"_zoom":8.72},{"_mousePosition":[683,384],"_rootPartCFrame":[764.518,222.564,44.923,-0.911,0,0.412,0,1,0,-0.412,0,-0.911],"_humanoidState":8,"_cameraCFrame":[764.014,232.34,41.595,-0.923,-0.365,0.127,0,0.328,0.945,-0.386,0.871,-0.303],"_shiftlockState":true,"_pose":"Running","_animationQueue":[["walk",0.1]],"_animationSpeed":1.098,"_zoom":8.72},{"_mousePosition":[683,384],"_rootPartCFrame":[764.277,223.437,44.809,-0.923,0,0.386,0,1,0,-0.386,0,-0.923],"_humanoidState":3,"_cameraCFrame":[763.66,233.202,41.51,-0.935,-0.336,0.116,0,0.327,0.945,-0.356,0.883,-0.306],"_shiftlockState":true,"_pose":"Jumping","_animationQueue":[["walk",0.1],["jump",0.1]],"_animationSpeed":1,"_zoom":8.72},{"_mousePosition":[683,384],"_rootPartCFrame":[764.031,224.259,44.705,-0.898,0,0.44,0,1,0,-0.44,0,-0.898],"_humanoidState":5,"_cameraCFrame":[763.299,234.013,41.426,-0.947,-0.304,0.106,0,0.328,0.945,-0.322,0.894,-0.311],"_shiftlockState":true,"_pose":"FreeFall","_animationQueue":[["jump",0.1]],"_animationSpeed":1,"_zoom":8.72},{"_mousePosition":[683,384],"_rootPartCFrame":[763.783,225.026,44.609,-0.898,0,0.441,0,1,0,-0.441,0,-0.898],"_humanoidState":5,"_cameraCFrame":[762.896,234.77,41.358,-0.961,-0.261,0.091,0,0.33,0.944,-0.276,0.907,-0.317],"_shiftlockState":true,"_pose":"FreeFall","_animationQueue":[],"_animationSpeed":1,"_zoom":8.72},{"_mousePosition":[683,384],"_rootPartCFrame":[763.531,225.739,44.522,-0.916,0,0.401,0,1,0,-0.401,0,-0.916],"_humanoidState":5,"_cameraCFrame":[762.504,235.477,41.308,-0.972,-0.221,0.077,0,0.33,0.944,-0.234,0.918,-0.321],"_shiftlockState":true,"_pose":"FreeFall","_animationQueue":[],"_animationSpeed":1,"_zoom":8.72},{"_mousePosition":[683,384],"_rootPartCFrame":[763.275,226.398,44.446,-0.933,0,0.361,0,1,0,-0.361,0,-0.933],"_humanoidState":5,"_cameraCFrame":[762.071,236.133,41.295,-0.984,-0.169,0.059,0,0.33,0.944,-0.18,0.928,-0.325],"_shiftlockState":true,"_pose":"FreeFall","_animationQueue":[],"_animationSpeed":1,"_zoom":8.72},{"_mousePosition":[683,384],"_rootPartCFrame":[763.016,227.002,44.382,-0.951,0,0.309,0,1,0,-0.309,0,-0.951],"_humanoidState":5,"_cameraCFrame":[761.617,236.735,41.314,-0.993,-0.111,0.039,0,0.33,0.944,-0.117,0.937,-0.328],"_shiftlockState":true,"_pose":"FreeFall","_animationQueue":[],"_animationSpeed":1,"_zoom":8.72},{"_mousePosition":[683,384],"_rootPartCFrame":[762.754,227.551,44.332,-0.969,0,0.248,0,1,0,-0.248,0,-0.969],"_humanoidState":5,"_cameraCFrame":[761.211,237.288,41.347,-0.998,-0.067,0.023,0,0.329,0.944,-0.07,0.942,-0.328],"_shiftlockState":true,"_pose":"FreeFall","_animationQueue":[],"_animationSpeed":1,"_zoom":8.72},{"_mousePosition":[683,384],"_rootPartCFrame":[762.49,228.046,44.298,-0.979,0,0.202,0,1,0,-0.202,0,-0.979],"_humanoidState":5,"_cameraCFrame":[760.798,237.789,41.414,-1,-0.019,0.007,0,0.327,0.945,-0.02,0.945,-0.327],"_shiftlockState":true,"_pose":"FreeFall","_animationQueue":[],"_animationSpeed":1,"_zoom":8.72},{"_mousePosition":[683,384],"_rootPartCFrame":[762.224,228.487,44.277,-0.988,0,0.153,0,1,0,-0.153,0,-0.988],"_humanoidState":5,"_cameraCFrame":[760.431,238.234,41.469,-1,0.015,-0.005,0,0.325,0.946,0.015,0.946,-0.325],"_shiftlockState":true,"_pose":"FreeFall","_animationQueue":[],"_animationSpeed":1,"_zoom":8.72},{"_mousePosition":[683,384],"_rootPartCFrame":[761.958,228.873,44.27,-0.993,0,0.118,0,1,0,-0.118,0,-0.993],"_humanoidState":5,"_cameraCFrame":[760.064,238.627,41.549,-0.999,0.049,-0.017,0,0.323,0.946,0.052,0.945,-0.322],"_shiftlockState":true,"_pose":"FreeFall","_animationQueue":[],"_animationSpeed":1,"_zoom":8.72},{"_mousePosition":[683,384],"_rootPartCFrame":[761.691,229.204,44.273,-0.997,0,0.081,0,1,0,-0.081,0,-0.997],"_humanoidState":5,"_cameraCFrame":[759.727,238.958,41.602,-0.997,0.074,-0.025,0,0.323,0.946,0.078,0.944,-0.322],"_shiftlockState":true,"_pose":"FreeFall","_animationQueue":[],"_animationSpeed":1,"_zoom":8.72},{"_mousePosition":[683,384],"_rootPartCFrame":[761.425,229.482,44.285,-0.998,0,0.055,0,1,0,-0.055,0,-0.998],"_humanoidState":5,"_cameraCFrame":[759.389,239.237,41.676,-0.994,0.1,-0.034,0,0.322,0.947,0.105,0.941,-0.32],"_shiftlockState":true,"_pose":"FreeFall","_animationQueue":[],"_animationSpeed":1,"_zoom":8.72},{"_mousePosition":[683,384],"_rootPartCFrame":[761.159,229.704,44.305,-1,0,0.028,0,1,0,-0.028,0,-1],"_humanoidState":5,"_cameraCFrame":[759.072,239.462,41.743,-0.992,0.118,-0.04,0,0.321,0.947,0.125,0.94,-0.319],"_shiftlockState":true,"_pose":"FreeFall","_animationQueue":[],"_animationSpeed":1,"_zoom":8.72},{"_mousePosition":[683,384],"_rootPartCFrame":[760.894,229.872,44.332,-1,0,0.008,0,1,0,-0.008,0,-1],"_humanoidState":5,"_cameraCFrame":[758.772,239.63,41.799,-0.99,0.131,-0.044,0,0.321,0.947,0.138,0.938,-0.318],"_shiftlockState":true,"_pose":"FreeFall","_animationQueue":[],"_animationSpeed":1,"_zoom":8.72},{"_mousePosition":[683,384],"_rootPartCFrame":[760.629,229.986,44.364,-1,0,-0.006,0,1,0,0.006,0,-1],"_humanoidState":5,"_cameraCFrame":[758.473,239.748,41.876,-0.988,0.145,-0.049,0,0.32,0.947,0.153,0.936,-0.316],"_shiftlockState":true,"_pose":"FreeFall","_animationQueue":[],"_animationSpeed":1,"_zoom":8.72},{"_mousePosition":[683,384],"_rootPartCFrame":[760.365,230.045,44.401,-1,0,-0.02,0,1,0,0.02,0,-1],"_humanoidState":5,"_cameraCFrame":[758.171,239.809,41.953,-0.986,0.16,-0.054,0,0.319,0.948,0.168,0.934,-0.314],"_shiftlockState":true,"_pose":"FreeFall","_animationQueue":[],"_animationSpeed":1,"_zoom":8.72},{"_mousePosition":[683,384],"_rootPartCFrame":[760.101,230.049,44.441,-0.999,0,-0.036,0,1,0,0.036,0,-0.999],"_humanoidState":5,"_cameraCFrame":[757.877,239.818,42.036,-0.983,0.172,-0.058,0,0.318,0.948,0.182,0.932,-0.312],"_shiftlockState":true,"_pose":"FreeFall","_animationQueue":[],"_animationSpeed":1,"_zoom":8.72},{"_mousePosition":[683,384],"_rootPartCFrame":[759.838,229.999,44.485,-0.999,0,-0.05,0,1,0,0.05,0,-0.999],"_humanoidState":5,"_cameraCFrame":[757.595,239.77,42.106,-0.982,0.18,-0.06,0,0.317,0.949,0.19,0.931,-0.311],"_shiftlockState":true,"_pose":"FreeFall","_animationQueue":[],"_animationSpeed":1,"_zoom":8.72},{"_mousePosition":[683,384],"_rootPartCFrame":[759.576,229.895,44.533,-0.998,0,-0.058,0,1,0,0.058,0,-0.998],"_humanoidState":5,"_cameraCFrame":[757.324,239.668,42.17,-0.981,0.184,-0.061,0,0.316,0.949,0.194,0.931,-0.31],"_shiftlockState":true,"_pose":"FreeFall","_animationQueue":[],"_animationSpeed":1,"_zoom":8.72},{"_mousePosition":[683,384],"_rootPartCFrame":[759.379,229.781,44.571,-0.995,0,-0.095,0,1,0,0.095,0,-0.995],"_humanoidState":5,"_cameraCFrame":[757.115,239.554,42.219,-0.98,0.189,-0.063,0,0.316,0.949,0.199,0.93,-0.31],"_shiftlockState":true,"_pose":"FreeFall","_animationQueue":[["fall",0.3]],"_animationSpeed":1,"_zoom":8.72},{"_mousePosition":[683,384],"_rootPartCFrame":[759.052,229.522,44.635,-0.999,0,-0.034,0,1,0,0.034,0,-0.999],"_humanoidState":5,"_cameraCFrame":[756.768,239.298,42.312,-0.978,0.198,-0.066,0,0.315,0.949,0.209,0.928,-0.308],"_shiftlockState":true,"_pose":"FreeFall","_animationQueue":[],"_animationSpeed":1,"_zoom":8.72},{"_mousePosition":[683,384],"_rootPartCFrame":[758.791,229.254,44.688,-0.997,0,-0.077,0,1,0,0.077,0,-0.997],"_humanoidState":5,"_cameraCFrame":[756.468,239.034,42.419,-0.974,0.215,-0.071,0,0.314,0.95,0.226,0.925,-0.306],"_shiftlockState":true,"_pose":"FreeFall","_animationQueue":[],"_animationSpeed":1,"_zoom":8.72},{"_mousePosition":[683,384],"_rootPartCFrame":[758.53,228.932,44.744,-0.996,0,-0.095,0,1,0,0.095,0,-0.996],"_humanoidState":5,"_cameraCFrame":[756.164,238.714,42.527,-0.969,0.233,-0.077,0,0.313,0.95,0.245,0.921,-0.303],"_shiftlockState":true,"_pose":"FreeFall","_animationQueue":[],"_animationSpeed":1,"_zoom":8.72},{"_mousePosition":[683,384],"_rootPartCFrame":[758.27,228.555,44.803,-0.993,0,-0.114,0,1,0,0.114,0,-0.993],"_humanoidState":5,"_cameraCFrame":[755.869,238.339,42.633,-0.965,0.248,-0.082,0,0.312,0.95,0.261,0.917,-0.301],"_shiftlockState":true,"_pose":"FreeFall","_animationQueue":[],"_animationSpeed":1,"_zoom":8.72},{"_mousePosition":[683,384],"_rootPartCFrame":[758.011,228.123,44.868,-0.991,0,-0.131,0,1,0,0.131,0,-0.991],"_humanoidState":5,"_cameraCFrame":[755.579,237.91,42.742,-0.961,0.263,-0.086,0,0.311,0.95,0.277,0.913,-0.299],"_shiftlockState":true,"_pose":"FreeFall","_animationQueue":[],"_animationSpeed":1,"_zoom":8.72},{"_mousePosition":[683,384],"_rootPartCFrame":[757.754,227.637,44.937,-0.989,0,-0.146,0,1,0,0.146,0,-0.989],"_humanoidState":5,"_cameraCFrame":[755.305,237.426,42.838,-0.959,0.271,-0.088,0,0.311,0.951,0.285,0.911,-0.298],"_shiftlockState":true,"_pose":"FreeFall","_animationQueue":[["fall",0.3]],"_animationSpeed":1,"_zoom":8.72},{"_mousePosition":[683,384],"_rootPartCFrame":[757.497,227.097,45.01,-0.988,0,-0.155,0,1,0,0.155,0,-0.988],"_humanoidState":5,"_cameraCFrame":[755.049,236.885,42.912,-0.959,0.271,-0.088,0,0.311,0.951,0.285,0.911,-0.298],"_shiftlockState":true,"_pose":"FreeFall","_animationQueue":[],"_animationSpeed":1,"_zoom":8.72},{"_mousePosition":[683,384],"_rootPartCFrame":[757.306,226.656,45.067,-0.982,0,-0.188,0,1,0,0.188,0,-0.982],"_humanoidState":5,"_cameraCFrame":[754.864,236.444,42.96,-0.96,0.268,-0.087,0,0.311,0.951,0.282,0.912,-0.298],"_shiftlockState":true,"_pose":"FreeFall","_animationQueue":[],"_animationSpeed":1,"_zoom":8.72},{"_mousePosition":[683,384],"_rootPartCFrame":[756.922,225.681,45.18,-0.996,0,-0.086,0,1,0,0.086,0,-0.996],"_humanoidState":5,"_cameraCFrame":[754.523,235.459,42.984,-0.966,0.245,-0.081,0,0.314,0.949,0.258,0.917,-0.304],"_shiftlockState":true,"_pose":"FreeFall","_animationQueue":[],"_animationSpeed":1,"_zoom":8.72},{"_mousePosition":[683,384],"_rootPartCFrame":[756.73,225.148,45.237,-0.987,0,-0.161,0,1,0,0.161,0,-0.987],"_humanoidState":5,"_cameraCFrame":[754.424,234.901,42.856,-0.977,0.2,-0.068,0,0.323,0.946,0.212,0.925,-0.316],"_shiftlockState":true,"_pose":"FreeFall","_animationQueue":[],"_animationSpeed":1,"_zoom":8.72},{"_mousePosition":[683,384],"_rootPartCFrame":[756.473,224.39,45.307,-0.997,0,-0.08,0,1,0,0.08,0,-0.997],"_humanoidState":5,"_cameraCFrame":[754.374,234.113,42.646,-0.992,0.118,-0.042,0,0.333,0.943,0.125,0.936,-0.33],"_shiftlockState":true,"_pose":"FreeFall","_animationQueue":[],"_animationSpeed":1,"_zoom":8.72},{"_mousePosition":[683,384],"_rootPartCFrame":[756.213,223.577,45.365,-1,0,0.008,0,1,0,-0.008,0,-1],"_humanoidState":5,"_cameraCFrame":[754.486,233.267,42.357,-1,-0.007,0.003,0,0.343,0.939,-0.008,0.939,-0.343],"_shiftlockState":true,"_pose":"FreeFall","_animationQueue":[["fall",0.3]],"_animationSpeed":1,"_zoom":8.72},{"_mousePosition":[683,384],"_rootPartCFrame":[755.949,222.709,45.402,-0.999,0,0.049,0,1,0,-0.049,0,-0.999],"_humanoidState":7,"_cameraCFrame":[754.722,232.38,42.109,-0.986,-0.154,0.057,0,0.349,0.937,-0.164,0.924,-0.345],"_shiftlockState":true,"_pose":"FreeFall","_animationQueue":[["walk",0.1],["fall",0.3],["fall",0.3]],"_animationSpeed":1,"_zoom":8.72},{"_mousePosition":[683,384],"_rootPartCFrame":[755.683,222.326,45.405,-0.985,0,0.174,0,1,0,-0.174,0,-0.985],"_humanoidState":7,"_cameraCFrame":[754.966,231.999,41.971,-0.95,-0.292,0.109,0,0.349,0.937,-0.311,0.891,-0.331],"_shiftlockState":true,"_pose":"FreeFall","_animationQueue":[],"_animationSpeed":1,"_zoom":8.72},{"_mousePosition":[683,384],"_rootPartCFrame":[755.485,222.403,45.378,-0.948,0,0.318,0,1,0,-0.318,0,-0.948],"_humanoidState":7,"_cameraCFrame":[755.155,232.112,41.971,-0.905,-0.401,0.144,0,0.337,0.941,-0.426,0.852,-0.305],"_shiftlockState":true,"_pose":"FreeFall","_animationQueue":[],"_animationSpeed":1,"_zoom":8.72},{"_mousePosition":[683,384],"_rootPartCFrame":[755.103,222.568,45.259,-0.899,0,0.437,0,1,0,-0.437,0,-0.899],"_humanoidState":8,"_cameraCFrame":[755.017,232.307,41.912,-0.866,-0.473,0.164,0,0.327,0.945,-0.5,0.818,-0.284],"_shiftlockState":true,"_pose":"Running","_animationQueue":[["walk",0.1],["fall",0.3],["walk",0.1]],"_animationSpeed":1.103,"_zoom":8.72},{"_mousePosition":[683,384],"_rootPartCFrame":[754.86,222.629,45.15,-0.865,0,0.502,0,1,0,-0.502,0,-0.865],"_humanoidState":8,"_cameraCFrame":[754.854,232.379,41.83,-0.851,-0.497,0.17,0,0.324,0.946,-0.525,0.805,-0.275],"_shiftlockState":true,"_pose":"Running","_animationQueue":[],"_animationSpeed":1.103,"_zoom":8.72},{"_mousePosition":[683,384],"_rootPartCFrame":[754.628,222.542,45.02,-0.851,0,0.526,0,1,0,-0.526,0,-0.851],"_humanoidState":8,"_cameraCFrame":[754.604,232.295,41.705,-0.853,-0.494,0.169,0,0.323,0.946,-0.522,0.807,-0.275],"_shiftlockState":true,"_pose":"Running","_animationQueue":[],"_animationSpeed":1.103,"_zoom":8.72},{"_mousePosition":[683,384],"_rootPartCFrame":[754.4,222.387,44.881,-0.853,0,0.522,0,1,0,-0.522,0,-0.853],"_humanoidState":8,"_cameraCFrame":[754.286,232.135,41.557,-0.868,-0.47,0.161,0,0.324,0.946,-0.497,0.821,-0.282],"_shiftlockState":true,"_pose":"Running","_animationQueue":[["walk",0.1]],"_animationSpeed":1.103,"_zoom":8.72},{"_mousePosition":[683,384],"_rootPartCFrame":[754.173,222.178,44.741,-0.868,0,0.497,0,1,0,-0.497,0,-0.868],"_humanoidState":8,"_cameraCFrame":[753.876,231.914,41.399,-0.896,-0.419,0.146,0,0.328,0.945,-0.444,0.846,-0.294],"_shiftlockState":true,"_pose":"Running","_animationQueue":[],"_animationSpeed":1.103,"_zoom":8.72},{"_mousePosition":[683,384],"_rootPartCFrame":[753.947,223.051,44.601,-0.896,0,0.444,0,1,0,-0.444,0,-0.896],"_humanoidState":3,"_cameraCFrame":[753.454,232.778,41.26,-0.922,-0.366,0.128,0,0.331,0.944,-0.388,0.87,-0.305],"_shiftlockState":true,"_pose":"Jumping","_animationQueue":[["walk",0.1],["jump",0.1]],"_animationSpeed":1,"_zoom":8.72},{"_mousePosition":[683,384],"_rootPartCFrame":[753.71,223.873,44.477,-0.882,0,0.471,0,1,0,-0.471,0,-0.882],"_humanoidState":5,"_cameraCFrame":[752.972,233.596,41.17,-0.948,-0.299,0.106,0,0.333,0.943,-0.317,0.894,-0.316],"_shiftlockState":true,"_pose":"FreeFall","_animationQueue":[["jump",0.1]],"_animationSpeed":1,"_zoom":8.72},{"_mousePosition":[683,384],"_rootPartCFrame":[753.466,224.64,44.371,-0.9,0,0.436,0,1,0,-0.436,0,-0.9],"_humanoidState":5,"_cameraCFrame":[752.511,234.359,41.108,-0.967,-0.239,0.085,0,0.334,0.942,-0.253,0.912,-0.323],"_shiftlockState":true,"_pose":"FreeFall","_animationQueue":[],"_animationSpeed":1,"_zoom":8.72},{"_mousePosition":[683,384],"_rootPartCFrame":[753.214,225.353,44.283,-0.925,0,0.379,0,1,0,-0.379,0,-0.925],"_humanoidState":5,"_cameraCFrame":[752.088,235.069,41.069,-0.98,-0.189,0.067,0,0.335,0.942,-0.201,0.923,-0.328],"_shiftlockState":true,"_pose":"FreeFall","_animationQueue":[],"_animationSpeed":1,"_zoom":8.72},{"_mousePosition":[683,384],"_rootPartCFrame":[752.957,226.012,44.212,-0.944,0,0.329,0,1,0,-0.329,0,-0.944],"_humanoidState":5,"_cameraCFrame":[751.647,235.728,41.068,-0.99,-0.136,0.048,0,0.335,0.942,-0.144,0.932,-0.332],"_shiftlockState":true,"_pose":"FreeFall","_animationQueue":[],"_animationSpeed":1,"_zoom":8.72},{"_mousePosition":[683,384],"_rootPartCFrame":[752.697,226.616,44.156,-0.962,0,0.275,0,1,0,-0.275,0,-0.962],"_humanoidState":5,"_cameraCFrame":[751.236,236.336,41.092,-0.995,-0.091,0.032,0,0.334,0.943,-0.097,0.938,-0.332],"_shiftlockState":true,"_pose":"FreeFall","_animationQueue":[],"_animationSpeed":1,"_zoom":8.72},{"_mousePosition":[683,384],"_rootPartCFrame":[752.433,227.165,44.115,-0.974,0,0.228,0,1,0,-0.228,0,-0.974],"_humanoidState":5,"_cameraCFrame":[750.829,236.888,41.13,-0.999,-0.047,0.016,0,0.333,0.943,-0.05,0.942,-0.332],"_shiftlockState":true,"_pose":"FreeFall","_animationQueue":[],"_animationSpeed":1,"_zoom":8.72},{"_mousePosition":[683,384],"_rootPartCFrame":[752.168,227.66,44.088,-0.983,0,0.182,0,1,0,-0.182,0,-0.983],"_humanoidState":5,"_cameraCFrame":[750.458,237.388,41.175,-1,-0.013,0.005,0,0.331,0.944,-0.014,0.943,-0.331],"_shiftlockState":true,"_pose":"FreeFall","_animationQueue":[],"_animationSpeed":1,"_zoom":8.72},{"_mousePosition":[683,384],"_rootPartCFrame":[751.902,228.101,44.073,-0.989,0,0.147,0,1,0,-0.147,0,-0.989],"_humanoidState":5,"_cameraCFrame":[750.084,237.831,41.233,-1,0.022,-0.008,0,0.33,0.944,0.024,0.944,-0.33],"_shiftlockState":true,"_pose":"FreeFall","_animationQueue":[],"_animationSpeed":1,"_zoom":8.72},{"_mousePosition":[683,384],"_rootPartCFrame":[751.635,228.487,44.067,-0.994,0,0.109,0,1,0,-0.109,0,-0.994],"_humanoidState":5,"_cameraCFrame":[749.73,238.221,41.3,-0.998,0.052,-0.018,0,0.329,0.944,0.055,0.943,-0.328],"_shiftlockState":true,"_pose":"FreeFall","_animationQueue":[],"_animationSpeed":1,"_zoom":8.72},{"_mousePosition":[683,384],"_rootPartCFrame":[751.369,228.818,44.072,-0.997,0,0.078,0,1,0,-0.078,0,-0.997],"_humanoidState":5,"_cameraCFrame":[749.398,238.555,41.358,-0.997,0.075,-0.026,0,0.328,0.945,0.079,0.942,-0.327],"_shiftlockState":true,"_pose":"FreeFall","_animationQueue":[],"_animationSpeed":1,"_zoom":8.72},{"_mousePosition":[683,384],"_rootPartCFrame":[751.102,229.095,44.086,-0.999,0,0.054,0,1,0,-0.054,0,-0.999],"_humanoidState":5,"_cameraCFrame":[749.068,238.837,41.433,-0.995,0.097,-0.034,0,0.327,0.945,0.103,0.94,-0.325],"_shiftlockState":true,"_pose":"FreeFall","_animationQueue":[],"_animationSpeed":1,"_zoom":8.72},{"_mousePosition":[683,384],"_rootPartCFrame":[750.836,229.318,44.106,-1,0,0.03,0,1,0,-0.03,0,-1],"_humanoidState":5,"_cameraCFrame":[748.758,239.062,41.494,-0.993,0.113,-0.039,0,0.326,0.945,0.12,0.939,-0.324],"_shiftlockState":true,"_pose":"FreeFall","_animationQueue":[],"_animationSpeed":1,"_zoom":8.72},{"_mousePosition":[683,384],"_rootPartCFrame":[750.571,229.486,44.132,-1,0,0.013,0,1,0,-0.013,0,-1],"_humanoidState":5,"_cameraCFrame":[748.463,239.23,41.545,-0.991,0.124,-0.043,0,0.326,0.945,0.131,0.937,-0.323],"_shiftlockState":true,"_pose":"FreeFall","_animationQueue":[],"_animationSpeed":1,"_zoom":8.72},{"_mousePosition":[683,384],"_rootPartCFrame":[750.306,229.599,44.164,-1,0,0.002,0,1,0,-0.002,0,-1],"_humanoidState":5,"_cameraCFrame":[748.171,239.343,41.598,-0.99,0.134,-0.046,0,0.326,0.945,0.142,0.936,-0.323],"_shiftlockState":true,"_pose":"FreeFall","_animationQueue":[],"_animationSpeed":1,"_zoom":8.72},{"_mousePosition":[683,384],"_rootPartCFrame":[750.042,229.658,44.198,-1,0,-0.009,0,1,0,0.009,0,-1],"_humanoidState":5,"_cameraCFrame":[747.886,239.402,41.651,-0.989,0.142,-0.049,0,0.326,0.945,0.15,0.935,-0.322],"_shiftlockState":true,"_pose":"FreeFall","_animationQueue":[],"_animationSpeed":1,"_zoom":8.72},{"_mousePosition":[683,384],"_rootPartCFrame":[749.778,229.663,44.236,-1,0,-0.017,0,1,0,0.017,0,-1],"_humanoidState":5,"_cameraCFrame":[747.594,239.405,41.704,-0.987,0.151,-0.052,0,0.327,0.945,0.16,0.933,-0.322],"_shiftlockState":true,"_pose":"FreeFall","_animationQueue":[],"_animationSpeed":1,"_zoom":8.72},{"_mousePosition":[683,384],"_rootPartCFrame":[749.514,229.613,44.275,-1,0,-0.028,0,1,0,0.028,0,-1],"_humanoidState":5,"_cameraCFrame":[747.299,239.355,41.771,-0.985,0.163,-0.056,0,0.327,0.945,0.173,0.931,-0.322],"_shiftlockState":true,"_pose":"FreeFall","_animationQueue":[],"_animationSpeed":1,"_zoom":8.72},{"_mousePosition":[683,384],"_rootPartCFrame":[749.251,229.508,44.317,-0.999,0,-0.04,0,1,0,0.04,0,-0.999],"_humanoidState":5,"_cameraCFrame":[747.001,239.25,41.844,-0.983,0.176,-0.061,0,0.327,0.945,0.186,0.929,-0.321],"_shiftlockState":true,"_pose":"FreeFall","_animationQueue":[],"_animationSpeed":1,"_zoom":8.72},{"_mousePosition":[683,384],"_rootPartCFrame":[748.988,229.35,44.363,-0.999,0,-0.054,0,1,0,0.054,0,-0.999],"_humanoidState":5,"_cameraCFrame":[746.69,239.091,41.935,-0.979,0.194,-0.067,0,0.327,0.945,0.206,0.925,-0.32],"_shiftlockState":true,"_pose":"FreeFall","_animationQueue":[["fall",0.3]],"_animationSpeed":1,"_zoom":8.72},{"_mousePosition":[683,384],"_rootPartCFrame":[748.726,229.136,44.412,-0.997,0,-0.074,0,1,0,0.074,0,-0.997],"_humanoidState":5,"_cameraCFrame":[746.373,238.878,42.037,-0.974,0.215,-0.074,0,0.327,0.945,0.228,0.92,-0.318],"_shiftlockState":true,"_pose":"FreeFall","_animationQueue":[],"_animationSpeed":1,"_zoom":8.72},{"_mousePosition":[683,384],"_rootPartCFrame":[748.465,228.868,44.466,-0.995,0,-0.097,0,1,0,0.097,0,-0.995],"_humanoidState":5,"_cameraCFrame":[746.036,238.61,42.169,-0.966,0.245,-0.085,0,0.327,0.945,0.259,0.913,-0.315],"_shiftlockState":true,"_pose":"FreeFall","_animationQueue":[],"_animationSpeed":1,"_zoom":8.72},{"_mousePosition":[683,384],"_rootPartCFrame":[748.205,228.546,44.526,-0.992,0,-0.129,0,1,0,0.129,0,-0.992],"_humanoidState":5,"_cameraCFrame":[745.7,238.285,42.303,-0.957,0.275,-0.095,0,0.327,0.945,0.291,0.904,-0.313],"_shiftlockState":true,"_pose":"FreeFall","_animationQueue":[],"_animationSpeed":1,"_zoom":8.72},{"_mousePosition":[683,384],"_rootPartCFrame":[747.947,228.169,44.594,-0.987,0,-0.161,0,1,0,0.161,0,-0.987],"_humanoidState":5,"_cameraCFrame":[745.357,237.899,42.436,-0.946,0.306,-0.107,0,0.33,0.944,0.325,0.893,-0.313],"_shiftlockState":true,"_pose":"FreeFall","_animationQueue":[],"_animationSpeed":1,"_zoom":8.72},{"_mousePosition":[683,384],"_rootPartCFrame":[747.692,227.737,44.67,-0.981,0,-0.196,0,1,0,0.196,0,-0.981],"_humanoidState":5,"_cameraCFrame":[745.021,237.455,42.567,-0.935,0.335,-0.119,0,0.334,0.942,0.355,0.881,-0.313],"_shiftlockState":true,"_pose":"FreeFall","_animationQueue":[],"_animationSpeed":1,"_zoom":8.72},{"_mousePosition":[683,384],"_rootPartCFrame":[747.439,227.251,44.755,-0.974,0,-0.228,0,1,0,0.228,0,-0.974],"_humanoidState":5,"_cameraCFrame":[744.712,236.96,42.686,-0.927,0.354,-0.127,0,0.337,0.941,0.376,0.872,-0.313],"_shiftlockState":true,"_pose":"FreeFall","_animationQueue":[["fall",0.3]],"_animationSpeed":1,"_zoom":8.72},{"_mousePosition":[683,384],"_rootPartCFrame":[747.189,226.711,44.849,-0.968,0,-0.249,0,1,0,0.249,0,-0.968],"_humanoidState":5,"_cameraCFrame":[744.431,236.412,42.793,-0.922,0.363,-0.131,0,0.34,0.941,0.386,0.868,-0.313],"_shiftlockState":true,"_pose":"FreeFall","_animationQueue":[],"_animationSpeed":1,"_zoom":8.72},{"_mousePosition":[683,384],"_rootPartCFrame":[746.942,226.116,44.948,-0.966,0,-0.26,0,1,0,0.26,0,-0.966],"_humanoidState":5,"_cameraCFrame":[744.182,235.817,42.895,-0.922,0.364,-0.131,0,0.34,0.941,0.387,0.867,-0.313],"_shiftlockState":true,"_pose":"FreeFall","_animationQueue":[],"_animationSpeed":1,"_zoom":8.72},{"_mousePosition":[683,384],"_rootPartCFrame":[746.757,225.634,45.025,-0.956,0,-0.293,0,1,0,0.293,0,-0.956],"_humanoidState":5,"_cameraCFrame":[744.024,235.326,42.899,-0.929,0.348,-0.127,0,0.343,0.939,0.371,0.873,-0.318],"_shiftlockState":true,"_pose":"FreeFall","_animationQueue":[],"_animationSpeed":1,"_zoom":8.72},{"_mousePosition":[683,384],"_rootPartCFrame":[746.45,224.762,45.154,-0.977,0,-0.212,0,1,0,0.212,0,-0.977],"_humanoidState":5,"_cameraCFrame":[743.835,234.432,42.807,-0.95,0.293,-0.109,0,0.349,0.937,0.313,0.89,-0.332],"_shiftlockState":true,"_pose":"FreeFall","_animationQueue":[],"_animationSpeed":1,"_zoom":8.72},{"_mousePosition":[683,384],"_rootPartCFrame":[746.202,224.004,45.254,-0.983,0,-0.184,0,1,0,0.184,0,-0.983],"_humanoidState":5,"_cameraCFrame":[743.871,233.647,42.541,-0.98,0.184,-0.071,0,0.358,0.934,0.197,0.915,-0.351],"_shiftlockState":true,"_pose":"FreeFall","_animationQueue":[],"_animationSpeed":1,"_zoom":8.72},{"_mousePosition":[683,384],"_rootPartCFrame":[745.95,223.191,45.339,-0.998,0,-0.065,0,1,0,0.065,0,-0.998],"_humanoidState":5,"_cameraCFrame":[744.164,232.806,42.167,-1,0.01,-0.004,0,0.366,0.931,0.011,0.931,-0.366],"_shiftlockState":true,"_pose":"FreeFall","_animationQueue":[],"_animationSpeed":1,"_zoom":8.72},{"_mousePosition":[683,384],"_rootPartCFrame":[745.69,222.435,45.397,-1,0,0.03,0,1,0,-0.03,0,-1],"_humanoidState":7,"_cameraCFrame":[744.495,232.058,41.977,-0.986,-0.156,0.061,0,0.364,0.931,-0.167,0.918,-0.359],"_shiftlockState":true,"_pose":"FreeFall","_animationQueue":[["fall",0.3],["walk",0.1],["fall",0.3],["fall",0.3]],"_animationSpeed":1,"_zoom":8.72},{"_mousePosition":[683,384],"_rootPartCFrame":[745.6,222.415,45.407,-0.991,0,0.137,0,1,0,-0.137,0,-0.991],"_humanoidState":7,"_cameraCFrame":[744.891,232.075,41.942,-0.951,-0.29,0.109,0,0.352,0.936,-0.31,0.89,-0.335],"_shiftlockState":true,"_pose":"FreeFall","_animationQueue":[],"_animationSpeed":1,"_zoom":8.72},{"_mousePosition":[683,384],"_rootPartCFrame":[745.46,222.548,45.38,-0.95,0,0.312,0,1,0,-0.312,0,-0.95],"_humanoidState":8,"_cameraCFrame":[745.088,232.25,41.961,-0.911,-0.388,0.14,0,0.34,0.941,-0.413,0.857,-0.309],"_shiftlockState":true,"_pose":"Running","_animationQueue":[["walk",0.1],["fall",0.3],["walk",0.1]],"_animationSpeed":0.251,"_zoom":8.72},{"_mousePosition":[683,384],"_rootPartCFrame":[745.215,222.617,45.305,-0.907,0,0.42,0,1,0,-0.42,0,-0.907],"_humanoidState":8,"_cameraCFrame":[745.023,232.356,41.961,-0.881,-0.447,0.155,0,0.327,0.945,-0.473,0.833,-0.289],"_shiftlockState":true,"_pose":"Running","_animationQueue":[["walk",0.1]],"_animationSpeed":0.815,"_zoom":8.72},{"_mousePosition":[683,384],"_rootPartCFrame":[744.971,222.654,45.199,-0.88,0,0.475,0,1,0,-0.475,0,-0.88],"_humanoidState":8,"_cameraCFrame":[744.843,232.412,41.898,-0.868,-0.47,0.16,0,0.321,0.947,-0.497,0.822,-0.279],"_shiftlockState":true,"_pose":"Running","_animationQueue":[["walk",0.1]],"_animationSpeed":1.098,"_zoom":8.72},{"_mousePosition":[683,384],"_rootPartCFrame":[744.734,222.675,45.075,-0.868,0,0.497,0,1,0,-0.497,0,-0.868],"_humanoidState":8,"_cameraCFrame":[744.573,232.437,41.787,-0.872,-0.464,0.157,0,0.32,0.947,-0.489,0.826,-0.279],"_shiftlockState":true,"_pose":"Running","_animationQueue":[],"_animationSpeed":1.098,"_zoom":8.72},{"_mousePosition":[683,384],"_rootPartCFrame":[744.502,222.579,44.944,-0.872,0,0.489,0,1,0,-0.489,0,-0.872],"_humanoidState":8,"_cameraCFrame":[744.194,232.343,41.672,-0.893,-0.427,0.144,0,0.319,0.948,-0.451,0.846,-0.285],"_shiftlockState":true,"_pose":"Running","_animationQueue":[],"_animationSpeed":1.098,"_zoom":8.72},{"_mousePosition":[683,384],"_rootPartCFrame":[744.27,222.419,44.813,-0.893,0,0.451,0,1,0,-0.451,0,-0.893],"_humanoidState":8,"_cameraCFrame":[743.792,232.179,41.55,-0.916,-0.381,0.129,0,0.321,0.947,-0.402,0.867,-0.293],"_shiftlockState":true,"_pose":"Running","_animatio