[{"_mousePosition":[783,487],"_rootPartCFrame":[776.03,222.7,47.142,0,0,1,0,1,0,-1,0,0],"_humanoidState":8,"_cameraCFrame":[784.523,233.368,47.399,0.03,-0.733,0.679,0,0.68,0.733,-1,-0.022,0.021],"_shiftlockState":false,"_pose":"Standing","_animationQueue":[],"_animationSpeed":1,"_zoom":12.5},{"_mousePosition":[783,487],"_rootPartCFrame":[775.858,222.7,47.137,0.003,0,1,0,1,0,-1,0,0.003],"_humanoidState":8,"_cameraCFrame":[784.279,233.434,47.391,0.03,-0.738,0.674,0,0.674,0.739,-1,-0.022,0.02],"_shiftlockState":false,"_pose":"Standing","_animationQueue":[],"_animationSpeed":1,"_zoom":12.5},{"_mousePosition":[783,487],"_rootPartCFrame":[775.594,222.7,47.129,0.007,0,1,0,1,0,-1,0,0.007],"_humanoidState":8,"_cameraCFrame":[783.961,233.483,47.36,0.028,-0.742,0.669,0,0.67,0.743,-1,-0.021,0.019],"_shiftlockState":false,"_pose":"Running","_animationQueue":[["walk",0.1]],"_animationSpeed":1.003,"_zoom":12.5},{"_mousePosition":[783,487],"_rootPartCFrame":[775.327,222.7,47.121,0.01,0,1,0,1,0,-1,0,0.01],"_humanoidState":8,"_cameraCFrame":[783.622,233.548,47.35,0.028,-0.748,0.664,0,0.664,0.748,-1,-0.021,0.018],"_shiftlockState":false,"_pose":"Running","_animationQueue":[["walk",0.1]],"_animationSpeed":1.101,"_zoom":12.5},{"_mousePosition":[783,487],"_rootPartCFrame":[775.061,222.7,47.113,0.012,0,1,0,1,0,-1,0,0.012],"_humanoidState":8,"_cameraCFrame":[783.32,233.58,47.321,0.025,-0.75,0.661,0,0.661,0.75,-1,-0.019,0.017],"_shiftlockState":false,"_pose":"Running","_animationQueue":[],"_animationSpeed":1.101,"_zoom":12.5},{"_mousePosition":[783,487],"_rootPartCFrame":[774.794,222.7,47.106,0.014,0,1,0,1,0,-1,0,0.014],"_humanoidState":8,"_cameraCFrame":[782.998,233.628,47.312,0.025,-0.754,0.656,0,0.657,0.754,-1,-0.019,0.017],"_shiftlockState":false,"_pose":"Running","_animationQueue":[],"_animationSpeed":1.101,"_zoom":12.5},{"_mousePosition":[783,487],"_rootPartCFrame":[774.527,222.7,47.099,0.016,0,1,0,1,0,-1,0,0.016],"_humanoidState":8,"_cameraCFrame":[782.695,233.66,47.284,0.023,-0.757,0.653,0,0.654,0.757,-1,-0.017,0.015],"_shiftlockState":false,"_pose":"Running","_animationQueue":[],"_animationSpeed":1.101,"_zoom":12.5},{"_mousePosition":[783,487],"_rootPartCFrame":[774.261,222.7,47.092,0.017,0,1,0,1,0,-1,0,0.017],"_humanoidState":8,"_cameraCFrame":[782.373,233.708,47.276,0.023,-0.76,0.649,0,0.649,0.761,-1,-0.017,0.015],"_shiftlockState":false,"_pose":"Running","_animationQueue":[["walk",0.1]],"_animationSpeed":1.101,"_zoom":12.5},{"_mousePosition":[783,487],"_rootPartCFrame":[773.994,222.7,47.086,0.018,0,1,0,1,0,-1,0,0.018],"_humanoidState":8,"_cameraCFrame":[782.07,233.739,47.249,0.02,-0.763,0.646,0,0.646,0.763,-1,-0.015,0.013],"_shiftlockState":false,"_pose":"Running","_animationQueue":[],"_animationSpeed":1.101,"_zoom":12.5},{"_mousePosition":[783,487],"_rootPartCFrame":[773.728,222.7,47.08,0.019,0,1,0,1,0,-1,0,0.019],"_humanoidState":8,"_cameraCFrame":[781.747,233.786,47.241,0.02,-0.767,0.642,0,0.642,0.767,-1,-0.015,0.013],"_shiftlockState":false,"_pose":"Running","_animationQueue":[],"_animationSpeed":1.101,"_zoom":12.5},{"_mousePosition":[783,487],"_rootPartCFrame":[773.328,222.7,47.072,0.019,0,1,0,1,0,-1,0,0.019],"_humanoidState":8,"_cameraCFrame":[781.329,233.802,47.233,0.02,-0.768,0.64,0,0.64,0.768,-1,-0.015,0.013],"_shiftlockState":false,"_pose":"Running","_animationQueue":[],"_animationSpeed":1.101,"_zoom":12.5},{"_mousePosition":[783,487],"_rootPartCFrame":[773.194,222.7,47.069,0.019,0,1,0,1,0,-1,0,0.019],"_humanoidState":8,"_cameraCFrame":[781.159,233.833,47.209,0.018,-0.771,0.637,0,0.637,0.771,-1,-0.014,0.011],"_shiftlockState":false,"_pose":"Running","_animationQueue":[],"_animationSpeed":1.101,"_zoom":12.5},{"_mousePosition":[783,487],"_rootPartCFrame":[772.928,222.7,47.064,0.019,0,1,0,1,0,-1,0,0.019],"_humanoidState":8,"_cameraCFrame":[780.835,233.88,47.203,0.018,-0.774,0.633,0,0.633,0.774,-1,-0.014,0.011],"_shiftlockState":false,"_pose":"Running","_animationQueue":[],"_animationSpeed":1.101,"_zoom":12.5},{"_mousePosition":[783,487],"_rootPartCFrame":[772.661,222.7,47.059,0.019,0,1,0,1,0,-1,0,0.019],"_humanoidState":8,"_cameraCFrame":[780.531,233.91,47.198,0.018,-0.777,0.63,0,0.63,0.777,-1,-0.014,0.011],"_shiftlockState":false,"_pose":"Running","_animationQueue":[["walk",0.1]],"_animationSpeed":1.101,"_zoom":12.5},{"_mousePosition":[783,487],"_rootPartCFrame":[772.395,222.7,47.055,0.019,0,1,0,1,0,-1,0,0.019],"_humanoidState":8,"_cameraCFrame":[780.208,233.956,47.172,0.015,-0.78,0.625,0,0.625,0.781,-1,-0.012,0.009],"_shiftlockState":false,"_pose":"Running","_animationQueue":[],"_animationSpeed":1.101,"_zoom":12.5},{"_mousePosition":[783,487],"_rootPartCFrame":[772.128,222.7,47.05,0.019,0,1,0,1,0,-1,0,0.019],"_humanoidState":8,"_cameraCFrame":[779.865,234.017,47.166,0.015,-0.785,0.619,0,0.619,0.785,-1,-0.012,0.009],"_shiftlockState":false,"_pose":"Running","_animationQueue":[],"_animationSpeed":1.101,"_zoom":12.5},{"_mousePosition":[783,487],"_rootPartCFrame":[771.861,222.7,47.046,0.018,0,1,0,1,0,-1,0,0.018],"_humanoidState":8,"_cameraCFrame":[779.541,234.062,47.142,0.012,-0.789,0.614,0,0.614,0.789,-1,-0.01,0.008],"_shiftlockState":false,"_pose":"Running","_animationQueue":[],"_animationSpeed":1.101,"_zoom":12.5},{"_mousePosition":[783,487],"_rootPartCFrame":[771.595,222.7,47.042,0.018,0,1,0,1,0,-1,0,0.018],"_humanoidState":8,"_cameraCFrame":[779.198,234.121,47.118,0.01,-0.794,0.608,0,0.608,0.794,-1,-0.008,0.006],"_shiftlockState":false,"_pose":"Running","_animationQueue":[],"_animationSpeed":1.101,"_zoom":12.5},{"_mousePosition":[783,487],"_rootPartCFrame":[771.328,222.7,47.039,0.017,0,1,0,1,0,-1,0,0.017],"_humanoidState":8,"_cameraCFrame":[778.854,234.18,47.114,0.01,-0.798,0.602,0,0.602,0.798,-1,-0.008,0.006],"_shiftlockState":false,"_pose":"Running","_animationQueue":[],"_animationSpeed":1.101,"_zoom":12.5},{"_mousePosition":[783,487],"_rootPartCFrame":[771.062,222.7,47.036,0.016,0,1,0,1,0,-1,0,0.016],"_humanoidState":8,"_cameraCFrame":[778.529,234.224,47.091,0.007,-0.802,0.597,0,0.597,0.802,-1,-0.006,0.004],"_shiftlockState":false,"_pose":"Running","_animationQueue":[],"_animationSpeed":1.101,"_zoom":12.5},{"_mousePosition":[783,487],"_rootPartCFrame":[770.795,222.7,47.033,0.015,0,1,0,1,0,-1,0,0.015],"_humanoidState":8,"_cameraCFrame":[778.223,234.253,47.088,0.007,-0.804,0.594,0,0.594,0.804,-1,-0.006,0.004],"_shiftlockState":false,"_pose":"Running","_animationQueue":[["walk",0.1]],"_animationSpeed":1.101,"_zoom":12.5},{"_mousePosition":[783,487],"_rootPartCFrame":[770.395,222.7,47.03,0.014,0,1,0,1,0,-1,0,0.014],"_humanoidState":8,"_cameraCFrame":[777.784,234.282,47.085,0.007,-0.807,0.591,0,0.591,0.807,-1,-0.006,0.004],"_shiftlockState":false,"_pose":"Running","_animationQueue":[],"_animationSpeed":1.101,"_zoom":12.5},{"_mousePosition":[783,487],"_rootPartCFrame":[770.129,223.563,47.028,0.013,0,1,0,1,0,-1,0,0.013],"_humanoidState":3,"_cameraCFrame":[777.497,235.159,47.083,0.007,-0.808,0.59,0,0.59,0.808,-1,-0.006,0.004],"_shiftlockState":false,"_pose":"Jumping","_animationQueue":[["walk",0.1],["jump",0.1]],"_animationSpeed":1,"_zoom":12.5},{"_mousePosition":[783,487],"_rootPartCFrame":[769.929,224.174,47.027,0.012,0,1,0,1,0,-1,0,0.012],"_humanoidState":5,"_cameraCFrame":[777.298,235.771,47.081,0.007,-0.808,0.59,0,0.59,0.808,-1,-0.006,0.004],"_shiftlockState":false,"_pose":"FreeFall","_animationQueue":[["jump",0.1]],"_animationSpeed":1,"_zoom":12.5},{"_mousePosition":[783,487],"_rootPartCFrame":[769.662,224.941,47.025,0.011,0,1,0,1,0,-1,0,0.011],"_humanoidState":5,"_cameraCFrame":[777.031,236.538,47.079,0.007,-0.808,0.59,0,0.59,0.808,-1,-0.006,0.004],"_shiftlockState":false,"_pose":"FreeFall","_animationQueue":[],"_animationSpeed":1,"_zoom":12.5},{"_mousePosition":[783,487],"_rootPartCFrame":[769.395,225.654,47.023,0.011,0,1,0,1,0,-1,0,0.011],"_humanoidState":5,"_cameraCFrame":[776.764,237.251,47.078,0.007,-0.808,0.59,0,0.59,0.808,-1,-0.006,0.004],"_shiftlockState":false,"_pose":"FreeFall","_animationQueue":[],"_animationSpeed":1,"_zoom":12.5},{"_mousePosition":[783,487],"_rootPartCFrame":[769.129,226.313,47.021,0.01,0,1,0,1,0,-1,0,0.01],"_humanoidState":5,"_cameraCFrame":[776.498,237.91,47.076,0.007,-0.808,0.59,0,0.59,0.808,-1,-0.006,0.004],"_shiftlockState":false,"_pose":"FreeFall","_animationQueue":[],"_animationSpeed":1,"_zoom":12.5},{"_mousePosition":[783,487],"_rootPartCFrame":[768.862,226.917,47.019,0.01,0,1,0,1,0,-1,0,0.01],"_humanoidState":5,"_cameraCFrame":[776.192,238.543,47.073,0.007,-0.81,0.586,0,0.586,0.81,-1,-0.006,0.004],"_shiftlockState":false,"_pose":"FreeFall","_animationQueue":[],"_animationSpeed":1,"_zoom":12.5},{"_mousePosition":[783,487],"_rootPartCFrame":[768.596,227.467,47.017,0.01,0,1,0,1,0,-1,0,0.01],"_humanoidState":5,"_cameraCFrame":[775.886,239.121,47.071,0.007,-0.812,0.583,0,0.583,0.812,-1,-0.006,0.004],"_shiftlockState":false,"_pose":"FreeFall","_animationQueue":[],"_animationSpeed":1,"_zoom":12.5},{"_mousePosition":[783,487],"_rootPartCFrame":[768.329,227.962,47.015,0.009,0,1,0,1,0,-1,0,0.009],"_humanoidState":5,"_cameraCFrame":[775.579,239.644,47.069,0.007,-0.815,0.58,0,0.58,0.815,-1,-0.006,0.004],"_shiftlockState":false,"_pose":"FreeFall","_animationQueue":[],"_animationSpeed":1,"_zoom":12.5},{"_mousePosition":[783,487],"_rootPartCFrame":[768.062,228.402,47.013,0.009,0,1,0,1,0,-1,0,0.009],"_humanoidState":5,"_cameraCFrame":[775.253,240.127,47.066,0.007,-0.818,0.575,0,0.575,0.818,-1,-0.006,0.004],"_shiftlockState":false,"_pose":"FreeFall","_animationQueue":[],"_animationSpeed":1,"_zoom":12.5},{"_mousePosition":[783,487],"_rootPartCFrame":[767.796,228.788,47.011,0.009,0,1,0,1,0,-1,0,0.009],"_humanoidState":5,"_cameraCFrame":[774.947,240.541,47.064,0.007,-0.82,0.572,0,0.572,0.82,-1,-0.006,0.004],"_shiftlockState":false,"_pose":"FreeFall","_animationQueue":[],"_animationSpeed":1,"_zoom":12.5},{"_mousePosition":[783,487],"_rootPartCFrame":[767.529,229.12,47.009,0.009,0,1,0,1,0,-1,0,0.009],"_humanoidState":5,"_cameraCFrame":[774.64,240.9,47.062,0.007,-0.822,0.569,0,0.569,0.822,-1,-0.006,0.004],"_shiftlockState":false,"_pose":"FreeFall","_animationQueue":[],"_animationSpeed":1,"_zoom":12.5},{"_mousePosition":[783,487],"_rootPartCFrame":[767.263,229.397,47.007,0.008,0,1,0,1,0,-1,0,0.008],"_humanoidState":5,"_cameraCFrame":[774.333,241.205,47.059,0.007,-0.825,0.566,0,0.566,0.825,-1,-0.006,0.004],"_shiftlockState":false,"_pose":"FreeFall","_animationQueue":[],"_animationSpeed":1,"_zoom":12.5},{"_mousePosition":[783,487],"_rootPartCFrame":[766.996,229.619,47.005,0.008,0,1,0,1,0,-1,0,0.008],"_humanoidState":5,"_cameraCFrame":[774.047,241.441,47.057,0.007,-0.826,0.564,0,0.564,0.826,-1,-0.006,0.004],"_shiftlockState":false,"_pose":"FreeFall","_animationQueue":[],"_animationSpeed":1,"_zoom":12.5},{"_mousePosition":[783,487],"_rootPartCFrame":[766.729,229.787,47.003,0.008,0,1,0,1,0,-1,0,0.008],"_humanoidState":5,"_cameraCFrame":[773.74,241.636,47.073,0.01,-0.828,0.561,0,0.561,0.828,-1,-0.008,0.006],"_shiftlockState":false,"_pose":"FreeFall","_animationQueue":[],"_animationSpeed":1,"_zoom":12.5},{"_mousePosition":[783,487],"_rootPartCFrame":[766.463,229.901,47.001,0.008,0,1,0,1,0,-1,0,0.008],"_humanoidState":5,"_cameraCFrame":[773.473,241.75,47.071,0.01,-0.828,0.561,0,0.561,0.828,-1,-0.008,0.006],"_shiftlockState":false,"_pose":"FreeFall","_animationQueue":[],"_animationSpeed":1,"_zoom":12.5},{"_mousePosition":[783,487],"_rootPartCFrame":[766.196,229.96,46.998,0.008,0,1,0,1,0,-1,0,0.008],"_humanoidState":5,"_cameraCFrame":[773.206,241.809,47.068,0.01,-0.828,0.561,0,0.561,0.828,-1,-0.008,0.006],"_shiftlockState":false,"_pose":"FreeFall","_animationQueue":[],"_animationSpeed":1,"_zoom":12.5},{"_mousePosition":[783,487],"_rootPartCFrame":[765.93,229.964,46.996,0.008,0,1,0,1,0,-1,0,0.008],"_humanoidState":5,"_cameraCFrame":[772.94,241.813,47.066,0.01,-0.828,0.561,0,0.561,0.828,-1,-0.008,0.006],"_shiftlockState":false,"_pose":"FreeFall","_animationQueue":[],"_animationSpeed":1,"_zoom":12.5},{"_mousePosition":[783,487],"_rootPartCFrame":[765.663,229.914,46.993,0.009,0,1,0,1,0,-1,0,0.009],"_humanoidState":5,"_cameraCFrame":[772.633,241.791,47.062,0.01,-0.83,0.558,0,0.558,0.83,-1,-0.008,0.006],"_shiftlockState":false,"_pose":"FreeFall","_animationQueue":[],"_animationSpeed":1,"_zoom":12.5},{"_mousePosition":[783,487],"_rootPartCFrame":[765.396,229.81,46.99,0.009,0,1,0,1,0,-1,0,0.009],"_humanoidState":5,"_cameraCFrame":[772.326,241.713,47.059,0.01,-0.832,0.554,0,0.554,0.832,-1,-0.008,0.006],"_shiftlockState":false,"_pose":"FreeFall","_animationQueue":[],"_animationSpeed":1,"_zoom":12.5},{"_mousePosition":[783,487],"_rootPartCFrame":[765.13,229.651,46.988,0.009,0,1,0,1,0,-1,0,0.009],"_humanoidState":5,"_cameraCFrame":[772.018,241.581,47.056,0.01,-0.834,0.551,0,0.551,0.834,-1,-0.008,0.005],"_shiftlockState":false,"_pose":"FreeFall","_animationQueue":[["fall",0.3]],"_animationSpeed":1,"_zoom":12.5},{"_mousePosition":[783,487],"_rootPartCFrame":[764.863,229.437,46.985,0.009,0,1,0,1,0,-1,0,0.009],"_humanoidState":5,"_cameraCFrame":[771.732,241.381,47.054,0.01,-0.835,0.549,0,0.549,0.835,-1,-0.008,0.005],"_shiftlockState":false,"_pose":"FreeFall","_animationQueue":[],"_animationSpeed":1,"_zoom":12.5},{"_mousePosition":[783,487],"_rootPartCFrame":[764.597,229.169,46.982,0.009,0,1,0,1,0,-1,0,0.009],"_humanoidState":5,"_cameraCFrame":[771.445,241.126,47.051,0.01,-0.837,0.548,0,0.548,0.837,-1,-0.008,0.005],"_shiftlockState":false,"_pose":"FreeFall","_animationQueue":[],"_animationSpeed":1,"_zoom":12.5},{"_mousePosition":[783,487],"_rootPartCFrame":[764.33,228.847,46.98,0.009,0,1,0,1,0,-1,0,0.009],"_humanoidState":5,"_cameraCFrame":[771.158,240.817,47.048,0.01,-0.838,0.546,0,0.546,0.838,-1,-0.008,0.005],"_shiftlockState":false,"_pose":"FreeFall","_animationQueue":[],"_animationSpeed":1,"_zoom":12.5},{"_mousePosition":[783,487],"_rootPartCFrame":[764.063,228.47,46.977,0.009,0,1,0,1,0,-1,0,0.009],"_humanoidState":5,"_cameraCFrame":[770.891,240.44,47.045,0.01,-0.838,0.546,0,0.546,0.838,-1,-0.008,0.005],"_shiftlockState":false,"_pose":"FreeFall","_animationQueue":[],"_animationSpeed":1,"_zoom":12.5},{"_mousePosition":[783,487],"_rootPartCFrame":[763.73,227.922,46.974,0.01,0,1,0,1,0,-1,0,0.01],"_humanoidState":5,"_cameraCFrame":[770.517,239.919,47.041,0.01,-0.84,0.543,0,0.543,0.84,-1,-0.008,0.005],"_shiftlockState":false,"_pose":"FreeFall","_animationQueue":[],"_animationSpeed":1,"_zoom":12.5},{"_mousePosition":[783,487],"_rootPartCFrame":[763.53,227.552,46.972,0.01,0,1,0,1,0,-1,0,0.01],"_humanoidState":5,"_cameraCFrame":[770.276,239.576,47.039,0.01,-0.842,0.54,0,0.54,0.842,-1,-0.008,0.005],"_shiftlockState":false,"_pose":"FreeFall","_animationQueue":[["fall",0.3]],"_animationSpeed":1,"_zoom":12.5},{"_mousePosition":[783,487],"_rootPartCFrame":[763.264,227.012,46.969,0.01,0,1,0,1,0,-1,0,0.01],"_humanoidState":5,"_cameraCFrame":[769.968,239.061,47.036,0.01,-0.844,0.536,0,0.536,0.844,-1,-0.008,0.005],"_shiftlockState":false,"_pose":"FreeFall","_animationQueue":[],"_animationSpeed":1,"_zoom":12.5},{"_mousePosition":[783,487],"_rootPartCFrame":[762.997,226.417,46.966,0.01,0,1,0,1,0,-1,0,0.01],"_humanoidState":5,"_cameraCFrame":[769.661,238.493,47.033,0.01,-0.846,0.533,0,0.533,0.846,-1,-0.008,0.005],"_shiftlockState":false,"_pose":"FreeFall","_animationQueue":[],"_animationSpeed":1,"_zoom":12.5},{"_mousePosition":[783,487],"_rootPartCFrame":[762.73,225.768,46.964,0.01,0,1,0,1,0,-1,0,0.01],"_humanoidState":5,"_cameraCFrame":[769.311,237.895,47.029,0.01,-0.85,0.526,0,0.527,0.85,-1,-0.008,0.005],"_shiftlockState":false,"_pose":"FreeFall","_animationQueue":[],"_animationSpeed":1,"_zoom":12.5},{"_mousePosition":[783,487],"_rootPartCFrame":[762.464,225.064,46.961,0.01,0,1,0,1,0,-1,0,0.01],"_humanoidState":5,"_cameraCFrame":[768.982,237.229,47.026,0.01,-0.853,0.521,0,0.522,0.853,-1,-0.009,0.005],"_shiftlockState":false,"_pose":"FreeFall","_animationQueue":[],"_animationSpeed":1,"_zoom":12.5},{"_mousePosition":[783,487],"_rootPartCFrame":[762.197,224.305,46.959,0.01,0,1,0,1,0,-1,0,0.01],"_humanoidState":5,"_cameraCFrame":[768.633,236.521,47.023,0.01,-0.857,0.515,0,0.515,0.857,-1,-0.009,0.005],"_shiftlockState":false,"_pose":"FreeFall","_animationQueue":[],"_animationSpeed":1,"_zoom":12.5},{"_mousePosition":[783,487],"_rootPartCFrame":[761.931,223.492,46.956,0.01,0,1,0,1,0,-1,0,0.01],"_humanoidState":5,"_cameraCFrame":[768.303,235.745,47.019,0.01,-0.86,0.51,0,0.51,0.86,-1,-0.009,0.005],"_shiftlockState":false,"_pose":"FreeFall","_animationQueue":[["fall",0.3]],"_animationSpeed":1,"_zoom":12.5},{"_mousePosition":[783,487],"_rootPartCFrame":[761.664,222.625,46.953,0.01,0,1,0,1,0,-1,0,0.01],"_humanoidState":7,"_cameraCFrame":[767.974,234.915,47.016,0.01,-0.863,0.505,0,0.505,0.863,-1,-0.009,0.005],"_shiftlockState":false,"_pose":"FreeFall","_animationQueue":[["walk",0.1],["fall",0.3],["fall",0.3]],"_animationSpeed":1,"_zoom":12.5},{"_mousePosition":[783,487],"_rootPartCFrame":[761.397,222.444,46.951,0.01,0,1,0,1,0,-1,0,0.01],"_humanoidState":7,"_cameraCFrame":[767.644,234.771,47.013,0.01,-0.866,0.5,0,0.5,0.866,-1,-0.009,0.005],"_shiftlockState":false,"_pose":"FreeFall","_animationQueue":[],"_animationSpeed":1,"_zoom":12.5},{"_mousePosition":[783,487],"_rootPartCFrame":[761.131,222.529,46.948,0.01,0,1,0,1,0,-1,0,0.01],"_humanoidState":8,"_cameraCFrame":[767.335,234.88,47.01,0.01,-0.868,0.496,0,0.496,0.868,-1,-0.009,0.005],"_shiftlockState":false,"_pose":"Running","_animationQueue":[["walk",0.1],["fall",0.3],["walk",0.1]],"_animationSpeed":1.103,"_zoom":12.5},{"_mousePosition":[783,487],"_rootPartCFrame":[760.864,222.603,46.945,0.01,0,1,0,1,0,-1,0,0.01],"_humanoidState":8,"_cameraCFrame":[767.026,234.978,47.007,0.01,-0.87,0.493,0,0.493,0.87,-1,-0.009,0.005],"_shiftlockState":false,"_pose":"Running","_animationQueue":[],"_animationSpeed":1.103,"_zoom":12.5},{"_mousePosition":[783,487],"_rootPartCFrame":[760.598,222.646,46.943,0.01,0,1,0,1,0,-1,0,0.01],"_humanoidState":8,"_cameraCFrame":[766.738,235.034,47.004,0.01,-0.871,0.491,0,0.491,0.871,-1,-0.009,0.005],"_shiftlockState":false,"_pose":"Running","_animationQueue":[],"_animationSpeed":1.103,"_zoom":12.5},{"_mousePosition":[783,487],"_rootPartCFrame":[760.198,222.678,46.939,0.01,0,1,0,1,0,-1,0,0.01],"_humanoidState":8,"_cameraCFrame":[766.317,235.078,47,0.01,-0.872,0.49,0,0.49,0.872,-1,-0.009,0.005],"_shiftlockState":false,"_pose":"Running","_animationQueue":[["walk",0.1]],"_animationSpeed":1.103,"_zoom":12.5},{"_mousePosition":[783,487],"_rootPartCFrame":[759.998,222.686,46.937,0.01,0,1,0,1,0,-1,0,0.01],"_humanoidState":8,"_cameraCFrame":[766.117,235.085,46.998,0.01,-0.872,0.49,0,0.49,0.872,-1,-0.009,0.005],"_shiftlockState":false,"_pose":"Running","_animationQueue":[],"_animationSpeed":1.103,"_zoom":12.5},{"_mousePosition":[783,487],"_rootPartCFrame":[759.798,222.691,46.935,0.01,0,1,0,1,0,-1,0,0.01],"_humanoidState":8,"_cameraCFrame":[765.917,235.09,46.996,0.01,-0.872,0.49,0,0.49,0.872,-1,-0.009,0.005],"_shiftlockState":false,"_pose":"Running","_animationQueue":[],"_animationSpeed":1.103,"_zoom":12.5},{"_mousePosition":[783,487],"_rootPartCFrame":[759.531,222.695,46.932,0.01,0,1,0,1,0,-1,0,0.01],"_humanoidState":8,"_cameraCFrame":[765.651,235.094,46.993,0.01,-0.872,0.49,0,0.49,0.872,-1,-0.009,0.005],"_shiftlockState":false,"_pose":"Running","_animationQueue":[],"_animationSpeed":1.103,"_zoom":12.5},{"_mousePosition":[783,487],"_rootPartCFrame":[759.265,222.697,46.929,0.01,0,1,0,1,0,-1,0,0.01],"_humanoidState":8,"_cameraCFrame":[765.363,235.108,46.99,0.01,-0.873,0.488,0,0.488,0.873,-1,-0.009,0.005],"_shiftlockState":false,"_pose":"Running","_animationQueue":[],"_animationSpeed":1.103,"_zoom":12.5},{"_mousePosition":[783,487],"_rootPartCFrame":[758.998,222.698,46.927,0.01,0,1,0,1,0,-1,0,0.01],"_humanoidState":8,"_cameraCFrame":[765.096,235.11,46.987,0.01,-0.873,0.488,0,0.488,0.873,-1,-0.009,0.005],"_shiftlockState":false,"_pose":"Running","_animationQueue":[],"_animationSpeed":1.103,"_zoom":12.5},{"_mousePosition":[783,487],"_rootPartCFrame":[758.731,222.699,46.924,0.01,0,1,0,1,0,-1,0,0.01],"_humanoidState":8,"_cameraCFrame":[764.808,235.122,46.985,0.01,-0.874,0.486,0,0.486,0.874,-1,-0.009,0.005],"_shiftlockState":false,"_pose":"Running","_animationQueue":[],"_animationSpeed":1.103,"_zoom":12.5},{"_mousePosition":[783,487],"_rootPartCFrame":[758.465,222.699,46.921,0.01,0,1,0,1,0,-1,0,0.01],"_humanoidState":8,"_cameraCFrame":[764.52,235.134,46.982,0.01,-0.875,0.484,0,0.484,0.875,-1,-0.009,0.005],"_shiftlockState":false,"_pose":"Running","_animationQueue":[["walk",0.1]],"_animationSpeed":1.103,"_zoom":12.5},{"_mousePosition":[783,487],"_rootPartCFrame":[758.198,222.699,46.919,0.01,0,1,0,1,0,-1,0,0.01],"_humanoidState":8,"_cameraCFrame":[764.232,235.146,46.979,0.01,-0.876,0.483,0,0.483,0.876,-1,-0.009,0.005],"_shiftlockState":false,"_pose":"Running","_animationQueue":[],"_animationSpeed":1.103,"_zoom":12.5},{"_mousePosition":[783,487],"_rootPartCFrame":[757.932,222.7,46.916,0.01,0,1,0,1,0,-1,0,0.01],"_humanoidState":8,"_cameraCFrame":[763.966,235.146,46.976,0.01,-0.876,0.483,0,0.483,0.876,-1,-0.009,0.005],"_shiftlockState":false,"_pose":"Running","_animationQueue":[],"_animationSpeed":1.103,"_zoom":12.5},{"_mousePosition":[783,487],"_rootPartCFrame":[757.665,222.7,46.913,0.01,0,1,0,1,0,-1,0,0.01],"_humanoidState":8,"_cameraCFrame":[763.699,235.146,46.974,0.01,-0.876,0.483,0,0.483,0.876,-1,-0.009,0.005],"_shiftlockState":false,"_pose":"Running","_animationQueue":[],"_animationSpeed":1.103,"_zoom":12.5},{"_mousePosition":[783,487],"_rootPartCFrame":[757.398,222.7,46.911,0.01,0,1,0,1,0,-1,0,0.01],"_humanoidState":8,"_cameraCFrame":[763.433,235.146,46.971,0.01,-0.876,0.483,0,0.483,0.876,-1,-0.009,0.005],"_shiftlockState":false,"_pose":"Running","_animationQueue":[],"_animationSpeed":1.103,"_zoom":12.5},{"_mousePosition":[783,487],"_rootPartCFrame":[757.198,222.7,46.909,0.01,0,1,0,1,0,-1,0,0.01],"_humanoidState":8,"_cameraCFrame":[763.233,235.146,46.969,0.01,-0.876,0.483,0,0.483,0.876,-1,-0.009,0.005],"_shiftlockState":false,"_pose":"Running","_animationQueue":[],"_animationSpeed":1.103,"_zoom":12.5},{"_mousePosition":[783,487],"_rootPartCFrame":[756.865,222.7,46.905,0.01,0,1,0,1,0,-1,0,0.01],"_humanoidState":8,"_cameraCFrame":[762.899,235.146,46.966,0.01,-0.876,0.483,0,0.483,0.876,-1,-0.009,0.005],"_shiftlockState":false,"_pose":"Running","_animationQueue":[],"_animationSpeed":1.103,"_zoom":12.5},{"_mousePosition":[783,487],"_rootPartCFrame":[756.599,222.7,46.903,0.01,0,1,0,1,0,-1,0,0.01],"_humanoidState":8,"_cameraCFrame":[762.633,235.146,46.963,0.01,-0.876,0.483,0,0.483,0.876,-1,-0.009,0.005],"_shiftlockState":false,"_pose":"Running","_animationQueue":[["walk",0.1]],"_animationSpeed":1.103,"_zoom":12.5},{"_mousePosition":[783,487],"_rootPartCFrame":[756.332,222.7,46.9,0.01,0,1,0,1,0,-1,0,0.01],"_humanoidState":8,"_cameraCFrame":[762.366,235.146,46.96,0.01,-0.876,0.483,0,0.483,0.876,-1,-0.009,0.005],"_shiftlockState":false,"_pose":"Running","_animationQueue":[],"_animationSpeed":1.103,"_zoom":12.5},{"_mousePosition":[783,487],"_rootPartCFrame":[756.065,222.7,46.897,0.01,0,1,0,1,0,-1,0,0.01],"_humanoidState":8,"_cameraCFrame":[762.1,235.146,46.958,0.01,-0.876,0.483,0,0.483,0.876,-1,-0.009,0.005],"_shiftlockState":false,"_pose":"Running","_animationQueue":[],"_animationSpeed":1.103,"_zoom":12.5},{"_mousePosition":[783,487],"_rootPartCFrame":[755.799,222.7,46.895,0.01,0,1,0,1,0,-1,0,0.01],"_humanoidState":8,"_cameraCFrame":[761.833,235.146,46.955,0.01,-0.876,0.483,0,0.483,0.876,-1,-0.009,0.005],"_shiftlockState":false,"_pose":"Running","_animationQueue":[],"_animationSpeed":1.103,"_zoom":12.5},{"_mousePosition":[783,487],"_rootPartCFrame":[755.532,222.7,46.892,0.01,0,1,0,1,0,-1,0,0.01],"_humanoidState":8,"_cameraCFrame":[761.566,235.146,46.952,0.01,-0.876,0.483,0,0.483,0.876,-1,-0.009,0.005],"_shiftlockState":false,"_pose":"Running","_animationQueue":[],"_animationSpeed":1.103,"_zoom":12.5},{"_mousePosition":[783,487],"_rootPartCFrame":[755.266,222.7,46.889,0.01,0,1,0,1,0,-1,0,0.01],"_humanoidState":8,"_cameraCFrame":[761.3,235.146,46.95,0.01,-0.876,0.483,0,0.483,0.876,-1,-0.009,0.005],"_shiftlockState":false,"_pose":"Running","_animationQueue":[],"_animationSpeed":1.103,"_zoom":12.5},{"_mousePosition":[783,487],"_rootPartCFrame":[754.999,222.7,46.887,0.01,0,1,0,1,0,-1,0,0.01],"_humanoidState":8,"_cameraCFrame":[761.033,235.146,46.947,0.01,-0.876,0.483,0,0.483,0.876,-1,-0.009,0.005],"_shiftlockState":false,"_pose":"Running","_animationQueue":[["walk",0.1]],"_animationSpeed":1.103,"_zoom":12.5},{"_mousePosition":[783,487],"_rootPartCFrame":[754.599,222.7,46.883,0.01,0,1,0,1,0,-1,0,0.01],"_humanoidState":8,"_cameraCFrame":[760.633,235.146,46.943,0.01,-0.876,0.483,0,0.483,0.876,-1,-0.009,0.005],"_shiftlockState":false,"_pose":"Running","_animationQueue":[],"_animationSpeed":1.103,"_zoom":12.5},{"_mousePosition":[783,487],"_rootPartCFrame":[754.466,222.7,46.882,0.01,0,1,0,1,0,-1,0,0.01],"_humanoidState":8,"_cameraCFrame":[760.5,235.146,46.942,0.01,-0.876,0.483,0,0.483,0.876,-1,-0.009,0.005],"_shiftlockState":false,"_pose":"Running","_animationQueue":[],"_animationSpeed":1.103,"_zoom":12.5},{"_mousePosition":[783,487],"_rootPartCFrame":[754.199,222.7,46.879,0.01,0,1,0,1,0,-1,0,0.01],"_humanoidState":8,"_cameraCFrame":[760.212,235.158,46.939,0.01,-0.877,0.481,0,0.481,0.877,-1,-0.009,0.005],"_shiftlockState":false,"_pose":"Running","_animationQueue":[],"_animationSpeed":1.103,"_zoom":12.5},{"_mousePosition":[783,487],"_rootPartCFrame":[753.932,222.7,46.876,0.01,0,1,0,1,0,-1,0,0.01],"_humanoidState":8,"_cameraCFrame":[759.945,235.158,46.936,0.01,-0.877,0.481,0,0.481,0.877,-1,-0.009,0.005],"_shiftlockState":false,"_pose":"Running","_animationQueue":[],"_animationSpeed":1.103,"_zoom":12.5},{"_mousePosition":[783,487],"_rootPartCFrame":[753.666,223.573,46.874,0.01,0,1,0,1,0,-1,0,0.01],"_humanoidState":3,"_cameraCFrame":[759.679,236.031,46.933,0.01,-0.877,0.481,0,0.481,0.877,-1,-0.009,0.005],"_shiftlockState":false,"_pose":"Jumping","_animationQueue":[["walk",0.1],["jump",0.1]],"_animationSpeed":1,"_zoom":12.5},{"_mousePosition":[783,487],"_rootPartCFrame":[753.399,224.395,46.871,0.01,0,1,0,1,0,-1,0,0.01],"_humanoidState":5,"_cameraCFrame":[759.412,236.853,46.931,0.01,-0.877,0.481,0,0.481,0.877,-1,-0.009,0.005],"_shiftlockState":false,"_pose":"FreeFall","_animationQueue":[["jump",0.1]],"_animationSpeed":1,"_zoom":12.5},{"_mousePosition":[783,487],"_rootPartCFrame":[753.133,225.162,46.868,0.01,0,1,0,1,0,-1,0,0.01],"_humanoidState":5,"_cameraCFrame":[759.146,237.621,46.928,0.01,-0.877,0.481,0,0.481,0.877,-1,-0.009,0.005],"_shiftlockState":false,"_pose":"FreeFall","_animationQueue":[],"_animationSpeed":1,"_zoom":12.5},{"_mousePosition":[783,487],"_rootPartCFrame":[752.866,225.875,46.866,0.01,0,1,0,1,0,-1,0,0.01],"_humanoidState":5,"_cameraCFrame":[758.879,238.334,46.926,0.01,-0.877,0.481,0,0.481,0.877,-1,-0.009,0.005],"_shiftlockState":false,"_pose":"FreeFall","_animationQueue":[],"_animationSpeed":1,"_zoom":12.5},{"_mousePosition":[783,487],"_rootPartCFrame":[752.533,226.69,46.862,0.01,0,1,0,1,0,-1,0,0.01],"_humanoidState":5,"_cameraCFrame":[758.546,239.149,46.922,0.01,-0.877,0.481,0,0.481,0.877,-1,-0.009,0.005],"_shiftlockState":false,"_pose":"FreeFall","_animationQueue":[],"_animationSpeed":1,"_zoom":12.5},{"_mousePosition":[783,487],"_rootPartCFrame":[752.333,227.138,46.86,0.01,0,1,0,1,0,-1,0,0.01],"_humanoidState":5,"_cameraCFrame":[758.346,239.596,46.92,0.01,-0.877,0.481,0,0.481,0.877,-1,-0.009,0.005],"_shiftlockState":false,"_pose":"FreeFall","_animationQueue":[],"_animationSpeed":1,"_zoom":12.5},{"_mousePosition":[783,487],"_rootPartCFrame":[752.066,227.687,46.858,0.01,0,1,0,1,0,-1,0,0.01],"_humanoidState":5,"_cameraCFrame":[758.079,240.146,46.918,0.01,-0.877,0.481,0,0.481,0.877,-1,-0.009,0.005],"_shiftlockState":false,"_pose":"FreeFall","_animationQueue":[],"_animationSpeed":1,"_zoom":12.5},{"_mousePosition":[783,487],"_rootPartCFrame":[751.8,228.182,46.855,0.01,0,1,0,1,0,-1,0,0.01],"_humanoidState":5,"_cameraCFrame":[757.813,240.641,46.915,0.01,-0.877,0.481,0,0.481,0.877,-1,-0.009,0.005],"_shiftlockState":false,"_pose":"FreeFall","_animationQueue":[],"_animationSpeed":1,"_zoom":12.5},{"_mousePosition":[783,487],"_rootPartCFrame":[751.6,228.518,46.853,0.01,0,1,0,1,0,-1,0,0.01],"_humanoidState":5,"_cameraCFrame":[757.613,240.976,46.913,0.01,-0.877,0.481,0,0.481,0.877,-1,-0.009,0.005],"_shiftlockState":false,"_pose":"FreeFall","_animationQueue":[],"_animationSpeed":1,"_zoom":12.5},{"_mousePosition":[783,487],"_rootPartCFrame":[751.333,228.918,46.85,0.01,0,1,0,1,0,-1,0,0.01],"_humanoidState":5,"_cameraCFrame":[757.346,241.376,46.91,0.01,-0.877,0.481,0,0.481,0.877,-1,-0.009,0.005],"_shiftlockState":false,"_pose":"FreeFall","_animationQueue":[],"_animationSpeed":1,"_zoom":12.5},{"_mousePosition":[783,487],"_rootPartCFrame":[751.067,229.263,46.848,0.01,0,1,0,1,0,-1,0,0.01],"_humanoidState":5,"_cameraCFrame":[757.08,241.721,46.908,0.01,-0.877,0.481,0,0.481,0.877,-1,-0.009,0.005],"_shiftlockState":false,"_pose":"FreeFall","_animationQueue":[],"_animationSpeed":1,"_zoom":12.5},{"_mousePosition":[783,487],"_rootPartCFrame":[750.8,229.553,46.845,0.01,0,1,0,1,0,-1,0,0.01],"_humanoidState":5,"_cameraCFrame":[756.813,242.012,46.905,0.01,-0.877,0.481,0,0.481,0.877,-1,-0.009,0.005],"_shiftlockState":false,"_pose":"FreeFall","_animationQueue":[],"_animationSpeed":1,"_zoom":12.5},{"_mousePosition":[783,487],"_rootPartCFrame":[750.467,229.84,46.842,0.01,0,1,0,1,0,-1,0,0.01],"_humanoidState":5,"_cameraCFrame":[756.48,242.299,46.902,0.01,-0.877,0.481,0,0.481,0.877,-1,-0.009,0.005],"_shiftlockState":false,"_pose":"FreeFall","_animationQueue":[],"_animationSpeed":1,"_zoom":12.5},{"_mousePosition":[783,487],"_rootPartCFrame":[750.267,229.971,46.84,0.01,0,1,0,1,0,-1,0,0.01],"_humanoidState":5,"_cameraCFrame":[756.28,242.43,46.9,0.01,-0.877,0.481,0,0.481,0.877,-1,-0.009,0.005],"_shiftlockState":false,"_pose":"FreeFall","_animationQueue":[],"_animationSpeed":1,"_zoom":12.5},{"_mousePosition":[783,487],"_rootPartCFrame":[749.933,230.122,46.836,0.01,0,1,0,1,0,-1,0,0.01],"_humanoidState":5,"_cameraCFrame":[755.946,242.58,46.896,0.01,-0.877,0.481,0,0.481,0.877,-1,-0.009,0.005],"_shiftlockState":false,"_pose":"FreeFall","_animationQueue":[],"_animationSpeed":1,"_zoom":12.5},{"_mousePosition":[783,487],"_rootPartCFrame":[749.667,230.181,46.834,0.01,0,1,0,1,0,-1,0,0.01],"_humanoidState":5,"_cameraCFrame":[755.68,242.639,46.894,0.01,-0.877,0.481,0,0.481,0.877,-1,-0.009,0.005],"_shiftlockState":false,"_pose":"FreeFall","_animationQueue":[["fall",0.3]],"_animationSpeed":1,"_zoom":12.5},{"_mousePosition":[783,487],"_rootPartCFrame":[749.4,230.185,46.831,0.01,0,1,0,1,0,-1,0,0.01],"_humanoidState":5,"_cameraCFrame":[755.413,242.644,46.891,0.01,-0.877,0.481,0,0.481,0.877,-1,-0.009,0.005],"_shiftlockState":false,"_pose":"FreeFall","_animationQueue":[],"_animationSpeed":1,"_zoom":12.5},{"_mousePosition":[783,487],"_rootPartCFrame":[749.2,230.153,46.829,0.01,0,1,0,1,0,-1,0,0.01],"_humanoidState":5,"_cameraCFrame":[755.213,242.611,46.889,0.01,-0.877,0.481,0,0.481,0.877,-1,-0.009,0.005],"_shiftlockState":false,"_pose":"FreeFall","_animationQueue":[],"_animationSpeed":1,"_zoom":12.5},{"_mousePosition":[783,487],"_rootPartCFrame":[748.867,230.031,46.826,0.01,0,1,0,1,0,-1,0,0.01],"_humanoidState":5,"_cameraCFrame":[754.88,242.489,46.886,0.01,-0.877,0.481,0,0.481,0.877,-1,-0.009,0.005],"_shiftlockState":false,"_pose":"FreeFall","_animationQueue":[],"_animationSpeed":1,"_zoom":12.5},{"_mousePosition":[783,487],"_rootPartCFrame":[748.667,229.917,46.824,0.01,0,1,0,1,0,-1,0,0.01],"_humanoidState":5,"_cameraCFrame":[754.68,242.375,46.884,0.01,-0.877,0.481,0,0.481,0.877,-1,-0.009,0.005],"_shiftlockState":false,"_pose":"FreeFall","_animationQueue":[],"_animationSpeed":1,"_zoom":12.5},{"_mousePosition":[783,487],"_rootPartCFrame":[748.401,229.717,46.821,0.01,0,1,0,1,0,-1,0,0.01],"_humanoidState":5,"_cameraCFrame":[754.414,242.175,46.881,0.01,-0.877,0.481,0,0.481,0.877,-1,-0.009,0.005],"_shiftlockState":false,"_pose":"FreeFall","_animationQueue":[],"_animationSpeed":1,"_zoom":12.5},{"_mousePosition":[783,487],"_rootPartCFrame":[748.134,229.462,46.818,0.01,0,1,0,1,0,-1,0,0.01],"_humanoidState":5,"_cameraCFrame":[754.147,241.921,46.878,0.01,-0.877,0.481,0,0.481,0.877,-1,-0.009,0.005],"_shiftlockState":false,"_pose":"FreeFall","_animationQueue":[],"_animationSpeed":1,"_zoom":12.5},{"_mousePosition":[783,487],"_rootPartCFrame":[747.867,229.153,46.816,0.01,0,1,0,1,0,-1,0,0.01],"_humanoidState":5,"_cameraCFrame":[753.88,241.612,46.876,0.01,-0.877,0.481,0,0.481,0.877,-1,-0.009,0.005],"_shiftlockState":false,"_pose":"FreeFall","_animationQueue":[["fall",0.3]],"_animationSpeed":1,"_zoom":12.5},{"_mousePosition":[783,487],"_rootPartCFrame":[747.534,228.691,46.812,0.01,0,1,0,1,0,-1,0,0.01],"_humanoidState":5,"_cameraCFrame":[753.547,241.149,46.872,0.01,-0.877,0.481,0,0.481,0.877,-1,-0.009,0.005],"_shiftlockState":false,"_pose":"FreeFall","_animationQueue":[],"_animationSpeed":1,"_zoom":12.5},{"_mousePosition":[783,487],"_rootPartCFrame":[747.334,228.372,46.81,0.01,0,1,0,1,0,-1,0,0.01],"_humanoidState":5,"_cameraCFrame":[753.347,240.831,46.87,0.01,-0.877,0.481,0,0.481,0.877,-1,-0.009,0.005],"_shiftlockState":false,"_pose":"FreeFall","_animationQueue":[],"_animationSpeed":1,"_zoom":12.5},{"_mousePosition":[783,487],"_rootPartCFrame":[747.001,227.773,46.807,0.01,0,1,0,1,0,-1,0,0.01],"_humanoidState":5,"_cameraCFrame":[752.992,240.244,46.867,0.01,-0.878,0.479,0,0.479,0.878,-1,-0.009,0.005],"_shiftlockState":false,"_pose":"FreeFall","_animationQueue":[],"_animationSpeed":1,"_zoom":12.5},{"_mousePosition":[783,487],"_rootPartCFrame":[746.734,227.233,46.805,0.01,0,1,0,1,0,-1,0,0.01],"_humanoidState":5,"_cameraCFrame":[752.705,239.715,46.849,0.007,-0.879,0.478,0,0.478,0.879,-1,-0.007,0.004],"_shiftlockState":false,"_pose":"FreeFall","_animationQueue":[],"_animationSpeed":1,"_zoom":12.5},{"_mousePosition":[783,487],"_rootPartCFrame":[746.468,226.638,46.802,0.01,0,1,0,1,0,-1,0,0.01],"_humanoidState":5,"_cameraCFrame":[752.417,239.131,46.846,0.007,-0.879,0.476,0,0.476,0.879,-1,-0.007,0.004],"_shiftlockState":false,"_pose":"FreeFall","_animationQueue":[],"_animationSpeed":1,"_zoom":12.5},{"_mousePosition":[783,487],"_rootPartCFrame":[746.201,225.988,46.8,0.01,0,1,0,1,0,-1,0,0.01],"_humanoidState":5,"_cameraCFrame":[752.15,238.482,46.844,0.007,-0.879,0.476,0,0.476,0.879,-1,-0.007,0.004],"_shiftlockState":false,"_pose":"FreeFall","_animationQueue":[["fall",0.3]],"_animationSpeed":1,"_zoom":12.5},{"_mousePosition":[783,487],"_rootPartCFrame":[745.934,225.284,46.798,0.009,0,1,0,1,0,-1,0,0.009],"_humanoidState":5,"_cameraCFrame":[751.862,237.789,46.827,0.005,-0.88,0.474,0,0.474,0.88,-1,-0.004,0.002],"_shiftlockState":false,"_pose":"FreeFall","_animationQueue":[],"_animationSpeed":1,"_zoom":12.5},{"_mousePosition":[783,487],"_rootPartCFrame":[745.668,224.526,46.796,0.009,0,1,0,1,0,-1,0,0.009],"_humanoidState":5,"_cameraCFrame":[751.574,237.043,46.825,0.005,-0.881,0.472,0,0.472,0.881,-1,-0.004,0.002],"_shiftlockState":false,"_pose":"FreeFall","_animationQueue":[],"_animationSpeed":1,"_zoom":12.5},{"_mousePosition":[783,487],"_rootPartCFrame":[745.401,223.713,46.794,0.009,0,1,0,1,0,-1,0,0.009],"_humanoidState":5,"_cameraCFrame":[751.307,236.23,46.808,0.002,-0.881,0.472,0,0.472,0.881,-1,-0.002,0.001],"_shiftlockState":false,"_pose":"FreeFall","_animationQueue":[],"_animationSpeed":1,"_zoom":12.5},{"_mousePosition":[783,487],"_rootPartCFrame":[745.135,222.845,46.793,0.008,0,1,0,1,0,-1,0,0.008],"_humanoidState":7,"_cameraCFrame":[751.019,235.374,46.807,0.002,-0.882,0.471,0,0.471,0.882,-1,-0.002,0.001],"_shiftlockState":false,"_pose":"FreeFall","_animationQueue":[["walk",0.1],["fall",0.3],["fall",0.3]],"_animationSpeed":1,"_zoom":12.5},{"_mousePosition":[783,487],"_rootPartCFrame":[744.868,222.433,46.792,0.007,0,1,0,1,0,-1,0,0.007],"_humanoidState":7,"_cameraCFrame":[750.753,234.961,46.806,0.002,-0.882,0.471,0,0.471,0.882,-1,-0.002,0.001],"_shiftlockState":false,"_pose":"FreeFall","_animationQueue":[],"_animationSpeed":1,"_zoom":12.5},{"_mousePosition":[782,487],"_rootPartCFrame":[744.601,222.503,46.792,0.007,0,1,0,1,0,-1,0,0.007],"_humanoidState":8,"_cameraCFrame":[750.63,235.301,46.806,0.002,-0.882,0.471,0,0.471,0.882,-1,-0.002,0.001],"_shiftlockState":false,"_pose":"Running","_animationQueue":[["walk",0.1],["fall",0.3],["walk",0.1]],"_animationSpeed":1.103,"_zoom":16.125},{"_mousePosition":[782,487],"_rootPartCFrame":[744.335,222.586,46.791,0.006,0,1,0,1,0,-1,0,0.006],"_humanoidState":8,"_cameraCFrame":[750.646,235.913,46.806,0.002,-0.882,0.471,0,0.471,0.882,-1,-0.002,0.001],"_shiftlockState":false,"_pose":"Running","_animationQueue":[["walk",0.1]],"_animationSpeed":1.103,"_zoom":16.125},{"_mousePosition":[783,487],"_rootPartCFrame":[744.068,222.637,46.79,0.006,0,1,0,1,0,-1,0,0.006],"_humanoidState":8,"_cameraCFrame":[750.617,236.467,46.789,0,-0.883,0.469,0,0.469,0.883,-1,0,0],"_shiftlockState":false,"_pose":"Running","_animationQueue":[],"_animationSpeed":1.103,"_zoom":16.125},{"_mousePosition":[782,487],"_rootPartCFrame":[743.802,222.665,46.79,0.005,0,1,0,1,0,-1,0,0.005],"_humanoidState":8,"_cameraCFrame":[750.79,237.323,46.789,0,-0.883,0.469,0,0.469,0.883,-1,0,0],"_shiftlockState":false,"_pose":"Running","_animationQueue":[],"_animationSpeed":1.103,"_zoom":20.656},{"_mousePosition":[782,487],"_rootPartCFrame":[743.535,222.681,46.79,0.005,0,1,0,1,0,-1,0,0.005],"_humanoidState":8,"_cameraCFrame":[751.085,238.396,46.789,0,-0.883,0.469,0,0.469,0.883,-1,0,0],"_shiftlockState":false,"_pose":"Running","_animationQueue":[],"_animationSpeed":1.103,"_zoom":20.656},{"_mousePosition":[782,487],"_rootPartCFrame":[743.268,222.689,46.79,0.004,0,1,0,1,0,-1,0,0.004],"_humanoidState":8,"_cameraCFrame":[751.316,239.341,46.789,0,-0.883,0.469,0,0.469,0.883,-1,0,0],"_shiftlockState":false,"_pose":"Running","_animationQueue":[],"_animationSpeed":1.103,"_zoom":20.656},{"_mousePosition":[782,487],"_rootPartCFrame":[743.002,222.694,46.79,0.003,0,1,0,1,0,-1,0,0.003],"_humanoidState":8,"_cameraCFrame":[751.491,240.178,46.789,0,-0.883,0.469,0,0.469,0.883,-1,0,0],"_shiftlockState":false,"_pose":"Running","_animationQueue":[],"_animationSpeed":1.103,"_zoom":20.656},{"_mousePosition":[782,487],"_rootPartCFrame":[742.735,222.697,46.79,0.003,0,1,0,1,0,-1,0,0.003],"_humanoidState":8,"_cameraCFrame":[751.585,240.86,46.788,0,-0.883,0.469,0,0.469,0.883,-1,0,0],"_shiftlockState":false,"_pose":"Running","_animationQueue":[],"_animationSpeed":1.103,"_zoom":20.656},{"_mousePosition":[782,487],"_rootPartCFrame":[742.469,222.698,46.79,0.002,0,1,0,1,0,-1,0,0.002],"_humanoidState":8,"_cameraCFrame":[751.545,241.287,46.789,0,-0.883,0.469,0,0.469,0.883,-1,0,0],"_shiftlockState":false,"_pose":"Running","_animationQueue":[["walk",0.1]],"_animationSpeed":1.103,"_zoom":20.656},{"_mousePosition":[782,487],"_rootPartCFrame":[742.202,222.699,46.79,0.002,0,1,0,1,0,-1,0,0.002],"_humanoidState":8,"_cameraCFrame":[751.476,241.661,46.789,0,-0.883,0.469,0,0.469,0.883,-1,0,0],"_shiftlockState":false,"_pose":"Running","_animationQueue":[],"_animationSpeed":1.103,"_zoom":20.656},{"_mousePosition":[782,487],"_rootPartCFrame":[741.935,222.699,46.79,0.002,0,1,0,1,0,-1,0,0.002],"_humanoidState":8,"_cameraCFrame":[751.341,241.909,46.789,0,-0.883,0.469,0,0.469,0.883,-1,0,0],"_shiftlockState":false,"_pose":"Running","_animationQueue":[],"_animationSpeed":1.103,"_zoom":20.656},{"_mousePosition":[782,487],"_rootPartCFrame":[741.669,222.699,46.79,0.001,0,1,0,1,0,-1,0,0.001],"_humanoidState":8,"_cameraCFrame":[751.157,242.064,46.789,0,-0.883,0.469,0,0.469,0.883,-1,0,0],"_shiftlockState":false,"_pose":"Running","_animationQueue":[],"_animationSpeed":1.103,"_zoom":20.656},{"_mousePosition":[782,487],"_rootPartCFrame":[741.402,222.7,46.79,0.001,0,1,0,1,0,-1,0,0.001],"_humanoidState":8,"_cameraCFrame":[750.956,242.188,46.789,0,-0.883,0.469,0,0.469,0.883,-1,0,0],"_shiftlockState":false,"_pose":"Running","_animationQueue":[],"_animationSpeed":1.103,"_zoom":20.656},{"_mousePosition"