[{"_mousePosition":[1197,366],"_rootPartCFrame":[775.998,222.95,47.142,0.029,0.03,0.999,-0.001,1,-0.03,-1,0,0.029],"_humanoidState":8,"_cameraCFrame":[782.648,233.075,47.153,0.002,-0.794,0.608,0,0.608,0.794,-1,-0.001,0.001],"_shiftlockState":false,"_pose":"Running","_animationQueue":[],"_animationSpeed":1.103,"_zoom":10.864},{"_mousePosition":[1173,365],"_rootPartCFrame":[775.331,222.657,47.141,0.02,-0.002,1,0,1,0.002,-1,0,0.02],"_humanoidState":8,"_cameraCFrame":[781.933,232.782,47.152,0.002,-0.794,0.608,0,0.608,0.794,-1,-0.001,0.001],"_shiftlockState":false,"_pose":"Running","_animationQueue":[["walk",0.1]],"_animationSpeed":1.103,"_zoom":10.864},{"_mousePosition":[1156,364],"_rootPartCFrame":[775.331,222.657,47.141,0.02,-0.002,1,0,1,0.002,-1,0,0.02],"_humanoidState":8,"_cameraCFrame":[781.933,232.782,47.152,0.002,-0.794,0.608,0,0.608,0.794,-1,-0.001,0.001],"_shiftlockState":false,"_pose":"Running","_animationQueue":[],"_animationSpeed":1.103,"_zoom":10.864},{"_mousePosition":[1102,358],"_rootPartCFrame":[775.198,222.648,47.141,0.019,-0.001,1,0,1,0.001,-1,0,0.019],"_humanoidState":8,"_cameraCFrame":[781.801,232.774,47.152,0.002,-0.794,0.608,0,0.608,0.794,-1,-0.001,0.001],"_shiftlockState":false,"_pose":"Running","_animationQueue":[],"_animationSpeed":1.103,"_zoom":10.864},{"_mousePosition":[1095,357],"_rootPartCFrame":[774.931,222.663,47.141,0.017,0,1,0,1,0,-1,0,0.017],"_humanoidState":8,"_cameraCFrame":[781.536,232.789,47.152,0.002,-0.794,0.608,0,0.608,0.794,-1,-0.001,0.001],"_shiftlockState":false,"_pose":"Running","_animationQueue":[],"_animationSpeed":1.103,"_zoom":10.864},{"_mousePosition":[973,342],"_rootPartCFrame":[774.531,222.684,47.14,0.014,0,1,0,1,0,-1,0,0.014],"_humanoidState":8,"_cameraCFrame":[781.136,232.81,47.151,0.002,-0.794,0.608,0,0.608,0.794,-1,-0.001,0.001],"_shiftlockState":false,"_pose":"Running","_animationQueue":[],"_animationSpeed":1.103,"_zoom":10.864},{"_mousePosition":[921,331],"_rootPartCFrame":[774.264,222.691,47.139,0.012,0,1,0,1,0,-1,0,0.012],"_humanoidState":8,"_cameraCFrame":[780.869,232.817,47.15,0.002,-0.794,0.608,0,0.608,0.794,-1,-0.001,0.001],"_shiftlockState":false,"_pose":"Running","_animationQueue":[],"_animationSpeed":1.103,"_zoom":10.864},{"_mousePosition":[915,330],"_rootPartCFrame":[774.131,222.693,47.139,0.011,0,1,0,1,0,-1,0,0.011],"_humanoidState":8,"_cameraCFrame":[780.736,232.819,47.15,0.002,-0.794,0.608,0,0.608,0.794,-1,-0.001,0.001],"_shiftlockState":false,"_pose":"Running","_animationQueue":[],"_animationSpeed":1.103,"_zoom":10.864},{"_mousePosition":[864,312],"_rootPartCFrame":[773.731,222.697,47.139,0.009,0,1,0,1,0,-1,0,0.009],"_humanoidState":8,"_cameraCFrame":[780.336,232.823,47.15,0.002,-0.794,0.608,0,0.608,0.794,-1,-0.001,0.001],"_shiftlockState":false,"_pose":"Running","_animationQueue":[["walk",0.1]],"_animationSpeed":1.103,"_zoom":10.864},{"_mousePosition":[863,312],"_rootPartCFrame":[773.597,222.698,47.138,0.009,0,1,0,1,0,-1,0,0.009],"_humanoidState":8,"_cameraCFrame":[780.202,232.823,47.149,0.002,-0.794,0.608,0,0.608,0.794,-1,-0.001,0.001],"_shiftlockState":false,"_pose":"Running","_animationQueue":[],"_animationSpeed":1.103,"_zoom":10.864},{"_mousePosition":[863,312],"_rootPartCFrame":[773.331,222.699,47.138,0.008,0,1,0,1,0,-1,0,0.008],"_humanoidState":8,"_cameraCFrame":[779.936,232.824,47.149,0.002,-0.794,0.608,0,0.608,0.794,-1,-0.001,0.001],"_shiftlockState":false,"_pose":"Running","_animationQueue":[],"_animationSpeed":1.103,"_zoom":10.864},{"_mousePosition":[863,312],"_rootPartCFrame":[773.064,222.699,47.137,0.007,0,1,0,1,0,-1,0,0.007],"_humanoidState":8,"_cameraCFrame":[779.669,232.825,47.148,0.002,-0.794,0.608,0,0.608,0.794,-1,-0.001,0.001],"_shiftlockState":false,"_pose":"Running","_animationQueue":[],"_animationSpeed":1.103,"_zoom":10.864},{"_mousePosition":[863,312],"_rootPartCFrame":[772.797,222.699,47.137,0.006,0,1,0,1,0,-1,0,0.006],"_humanoidState":8,"_cameraCFrame":[779.402,232.825,47.148,0.002,-0.794,0.608,0,0.608,0.794,-1,-0.001,0.001],"_shiftlockState":false,"_pose":"Running","_animationQueue":[],"_animationSpeed":1.103,"_zoom":10.864},{"_mousePosition":[863,312],"_rootPartCFrame":[772.531,222.7,47.137,0.006,0,1,0,1,0,-1,0,0.006],"_humanoidState":8,"_cameraCFrame":[779.135,232.825,47.148,0.002,-0.794,0.608,0,0.608,0.794,-1,-0.001,0.001],"_shiftlockState":false,"_pose":"Running","_animationQueue":[],"_animationSpeed":1.103,"_zoom":10.864},{"_mousePosition":[863,312],"_rootPartCFrame":[772.264,222.7,47.136,0.005,0,1,0,1,0,-1,0,0.005],"_humanoidState":8,"_cameraCFrame":[778.869,232.825,47.147,0.002,-0.794,0.608,0,0.608,0.794,-1,-0.001,0.001],"_shiftlockState":false,"_pose":"Running","_animationQueue":[],"_animationSpeed":1.103,"_zoom":10.864},{"_mousePosition":[863,312],"_rootPartCFrame":[771.997,222.7,47.136,0.005,0,1,0,1,0,-1,0,0.005],"_humanoidState":8,"_cameraCFrame":[778.602,232.825,47.147,0.002,-0.794,0.608,0,0.608,0.794,-1,-0.001,0.001],"_shiftlockState":false,"_pose":"Running","_animationQueue":[],"_animationSpeed":1.103,"_zoom":10.864},{"_mousePosition":[863,312],"_rootPartCFrame":[771.73,222.7,47.135,0.004,0,1,0,1,0,-1,0,0.004],"_humanoidState":8,"_cameraCFrame":[778.335,232.825,47.146,0.002,-0.794,0.608,0,0.608,0.794,-1,-0.001,0.001],"_shiftlockState":false,"_pose":"Running","_animationQueue":[],"_animationSpeed":1.103,"_zoom":10.864},{"_mousePosition":[863,312],"_rootPartCFrame":[771.464,222.7,47.135,0.004,0,1,0,1,0,-1,0,0.004],"_humanoidState":8,"_cameraCFrame":[778.069,232.825,47.146,0.002,-0.794,0.608,0,0.608,0.794,-1,-0.001,0.001],"_shiftlockState":false,"_pose":"Running","_animationQueue":[["walk",0.1]],"_animationSpeed":1.103,"_zoom":10.864},{"_mousePosition":[863,312],"_rootPartCFrame":[771.197,222.7,47.134,0.004,0,1,0,1,0,-1,0,0.004],"_humanoidState":8,"_cameraCFrame":[777.802,232.825,47.145,0.002,-0.794,0.608,0,0.608,0.794,-1,-0.001,0.001],"_shiftlockState":false,"_pose":"Running","_animationQueue":[],"_animationSpeed":1.103,"_zoom":10.864},{"_mousePosition":[863,312],"_rootPartCFrame":[770.93,223.563,47.134,0.003,0,1,0,1,0,-1,0,0.003],"_humanoidState":3,"_cameraCFrame":[777.535,233.688,47.145,0.002,-0.794,0.608,0,0.608,0.794,-1,-0.001,0.001],"_shiftlockState":false,"_pose":"Jumping","_animationQueue":[["walk",0.1],["jump",0.1]],"_animationSpeed":1,"_zoom":10.864},{"_mousePosition":[863,312],"_rootPartCFrame":[770.664,224.371,47.133,0.003,0,1,0,1,0,-1,0,0.003],"_humanoidState":5,"_cameraCFrame":[777.269,234.497,47.144,0.002,-0.794,0.608,0,0.608,0.794,-1,-0.001,0.001],"_shiftlockState":false,"_pose":"FreeFall","_animationQueue":[["jump",0.1]],"_animationSpeed":1,"_zoom":10.864},{"_mousePosition":[863,312],"_rootPartCFrame":[770.397,225.125,47.133,0.003,0,1,0,1,0,-1,0,0.003],"_humanoidState":5,"_cameraCFrame":[776.988,235.261,47.144,0.002,-0.795,0.607,0,0.607,0.795,-1,-0.001,0.001],"_shiftlockState":false,"_pose":"FreeFall","_animationQueue":[],"_animationSpeed":1,"_zoom":10.864},{"_mousePosition":[863,312],"_rootPartCFrame":[770.13,225.824,47.133,0.003,0,1,0,1,0,-1,0,0.003],"_humanoidState":5,"_cameraCFrame":[776.659,236.008,47.157,0.004,-0.799,0.601,0,0.601,0.799,-1,-0.003,0.002],"_shiftlockState":false,"_pose":"FreeFall","_animationQueue":[],"_animationSpeed":1,"_zoom":10.864},{"_mousePosition":[863,312],"_rootPartCFrame":[769.864,226.469,47.132,0.003,0,1,0,1,0,-1,0,0.003],"_humanoidState":5,"_cameraCFrame":[776.321,236.705,47.238,0.016,-0.804,0.594,0,0.594,0.804,-1,-0.013,0.01],"_shiftlockState":false,"_pose":"FreeFall","_animationQueue":[],"_animationSpeed":1,"_zoom":10.864},{"_mousePosition":[863,312],"_rootPartCFrame":[769.597,227.06,47.131,0.003,0,1,0,1,0,-1,0,0.003],"_humanoidState":5,"_cameraCFrame":[776.047,237.301,47.237,0.016,-0.805,0.594,0,0.594,0.805,-1,-0.013,0.01],"_shiftlockState":false,"_pose":"FreeFall","_animationQueue":[],"_animationSpeed":1,"_zoom":10.864},{"_mousePosition":[863,312],"_rootPartCFrame":[769.331,227.595,47.127,0.004,0,1,0,1,0,-1,0,0.004],"_humanoidState":5,"_cameraCFrame":[775.781,237.837,47.233,0.016,-0.805,0.594,0,0.594,0.805,-1,-0.013,0.01],"_shiftlockState":false,"_pose":"FreeFall","_animationQueue":[],"_animationSpeed":1,"_zoom":10.864},{"_mousePosition":[863,312],"_rootPartCFrame":[769.064,228.077,47.123,0.006,0,1,0,1,0,-1,0,0.006],"_humanoidState":5,"_cameraCFrame":[775.514,238.318,47.228,0.016,-0.805,0.594,0,0.594,0.805,-1,-0.013,0.01],"_shiftlockState":false,"_pose":"FreeFall","_animationQueue":[],"_animationSpeed":1,"_zoom":10.864},{"_mousePosition":[863,312],"_rootPartCFrame":[768.797,228.504,47.119,0.007,0,1,0,1,0,-1,0,0.007],"_humanoidState":5,"_cameraCFrame":[775.248,238.745,47.224,0.016,-0.805,0.594,0,0.594,0.805,-1,-0.013,0.01],"_shiftlockState":false,"_pose":"FreeFall","_animationQueue":[],"_animationSpeed":1,"_zoom":10.864},{"_mousePosition":[863,312],"_rootPartCFrame":[768.531,228.876,47.114,0.008,0,1,0,1,0,-1,0,0.008],"_humanoidState":5,"_cameraCFrame":[774.981,239.117,47.22,0.016,-0.805,0.594,0,0.594,0.805,-1,-0.013,0.01],"_shiftlockState":false,"_pose":"FreeFall","_animationQueue":[],"_animationSpeed":1,"_zoom":10.864},{"_mousePosition":[863,312],"_rootPartCFrame":[768.264,229.194,47.11,0.009,0,1,0,1,0,-1,0,0.009],"_humanoidState":5,"_cameraCFrame":[774.714,239.435,47.215,0.016,-0.805,0.594,0,0.594,0.805,-1,-0.013,0.01],"_shiftlockState":false,"_pose":"FreeFall","_animationQueue":[],"_animationSpeed":1,"_zoom":10.864},{"_mousePosition":[863,312],"_rootPartCFrame":[767.998,229.457,47.106,0.01,0,1,0,1,0,-1,0,0.01],"_humanoidState":5,"_cameraCFrame":[774.448,239.699,47.211,0.016,-0.805,0.594,0,0.594,0.805,-1,-0.013,0.01],"_shiftlockState":false,"_pose":"FreeFall","_animationQueue":[],"_animationSpeed":1,"_zoom":10.864},{"_mousePosition":[863,312],"_rootPartCFrame":[767.731,229.666,47.101,0.011,0,1,0,1,0,-1,0,0.011],"_humanoidState":5,"_cameraCFrame":[774.181,239.908,47.207,0.016,-0.805,0.594,0,0.594,0.805,-1,-0.013,0.01],"_shiftlockState":false,"_pose":"FreeFall","_animationQueue":[],"_animationSpeed":1,"_zoom":10.864},{"_mousePosition":[863,312],"_rootPartCFrame":[767.464,229.821,47.097,0.012,0,1,0,1,0,-1,0,0.012],"_humanoidState":5,"_cameraCFrame":[773.915,240.062,47.202,0.016,-0.805,0.594,0,0.594,0.805,-1,-0.013,0.01],"_shiftlockState":false,"_pose":"FreeFall","_animationQueue":[],"_animationSpeed":1,"_zoom":10.864},{"_mousePosition":[863,312],"_rootPartCFrame":[767.198,229.921,47.093,0.013,0,1,0,1,0,-1,0,0.013],"_humanoidState":5,"_cameraCFrame":[773.648,240.162,47.198,0.016,-0.805,0.594,0,0.594,0.805,-1,-0.013,0.01],"_shiftlockState":false,"_pose":"FreeFall","_animationQueue":[],"_animationSpeed":1,"_zoom":10.864},{"_mousePosition":[863,312],"_rootPartCFrame":[766.931,229.966,47.088,0.013,0,1,0,1,0,-1,0,0.013],"_humanoidState":5,"_cameraCFrame":[773.381,240.207,47.194,0.016,-0.805,0.594,0,0.594,0.805,-1,-0.013,0.01],"_shiftlockState":false,"_pose":"FreeFall","_animationQueue":[],"_animationSpeed":1,"_zoom":10.864},{"_mousePosition":[863,312],"_rootPartCFrame":[766.665,229.957,47.084,0.014,0,1,0,1,0,-1,0,0.014],"_humanoidState":5,"_cameraCFrame":[773.115,240.198,47.189,0.016,-0.805,0.594,0,0.594,0.805,-1,-0.013,0.01],"_shiftlockState":false,"_pose":"FreeFall","_animationQueue":[],"_animationSpeed":1,"_zoom":10.864},{"_mousePosition":[863,312],"_rootPartCFrame":[766.398,229.893,47.079,0.014,0,1,0,1,0,-1,0,0.014],"_humanoidState":5,"_cameraCFrame":[772.848,240.135,47.185,0.016,-0.805,0.594,0,0.594,0.805,-1,-0.013,0.01],"_shiftlockState":false,"_pose":"FreeFall","_animationQueue":[],"_animationSpeed":1,"_zoom":10.864},{"_mousePosition":[863,312],"_rootPartCFrame":[766.131,229.775,47.075,0.014,0,1,0,1,0,-1,0,0.014],"_humanoidState":5,"_cameraCFrame":[772.582,240.017,47.18,0.016,-0.805,0.594,0,0.594,0.805,-1,-0.013,0.01],"_shiftlockState":false,"_pose":"FreeFall","_animationQueue":[["fall",0.3]],"_animationSpeed":1,"_zoom":10.864},{"_mousePosition":[863,312],"_rootPartCFrame":[765.865,229.603,47.071,0.015,0,1,0,1,0,-1,0,0.015],"_humanoidState":5,"_cameraCFrame":[772.315,239.844,47.176,0.016,-0.805,0.594,0,0.594,0.805,-1,-0.013,0.01],"_shiftlockState":false,"_pose":"FreeFall","_animationQueue":[],"_animationSpeed":1,"_zoom":10.864},{"_mousePosition":[863,312],"_rootPartCFrame":[765.598,229.375,47.066,0.015,0,1,0,1,0,-1,0,0.015],"_humanoidState":5,"_cameraCFrame":[772.048,239.617,47.172,0.016,-0.805,0.594,0,0.594,0.805,-1,-0.013,0.01],"_shiftlockState":false,"_pose":"FreeFall","_animationQueue":[],"_animationSpeed":1,"_zoom":10.864},{"_mousePosition":[863,312],"_rootPartCFrame":[765.265,229.015,47.061,0.015,0,1,0,1,0,-1,0,0.015],"_humanoidState":5,"_cameraCFrame":[771.715,239.256,47.166,0.016,-0.805,0.594,0,0.594,0.805,-1,-0.013,0.01],"_shiftlockState":false,"_pose":"FreeFall","_animationQueue":[],"_animationSpeed":1,"_zoom":10.864},{"_mousePosition":[863,312],"_rootPartCFrame":[765.065,228.758,47.058,0.015,0,1,0,1,0,-1,0,0.015],"_humanoidState":5,"_cameraCFrame":[771.515,238.999,47.163,0.016,-0.805,0.594,0,0.594,0.805,-1,-0.013,0.01],"_shiftlockState":false,"_pose":"FreeFall","_animationQueue":[],"_animationSpeed":1,"_zoom":10.864},{"_mousePosition":[863,312],"_rootPartCFrame":[764.798,228.367,47.053,0.015,0,1,0,1,0,-1,0,0.015],"_humanoidState":5,"_cameraCFrame":[771.249,238.609,47.159,0.016,-0.805,0.594,0,0.594,0.805,-1,-0.013,0.01],"_shiftlockState":false,"_pose":"FreeFall","_animationQueue":[],"_animationSpeed":1,"_zoom":10.864},{"_mousePosition":[863,312],"_rootPartCFrame":[764.532,227.922,47.049,0.016,0,1,0,1,0,-1,0,0.016],"_humanoidState":5,"_cameraCFrame":[770.982,238.163,47.154,0.016,-0.805,0.594,0,0.594,0.805,-1,-0.013,0.01],"_shiftlockState":false,"_pose":"FreeFall","_animationQueue":[],"_animationSpeed":1,"_zoom":10.864},{"_mousePosition":[863,312],"_rootPartCFrame":[764.199,227.289,47.044,0.016,0,1,0,1,0,-1,0,0.016],"_humanoidState":5,"_cameraCFrame":[770.649,237.53,47.149,0.016,-0.805,0.594,0,0.594,0.805,-1,-0.013,0.01],"_shiftlockState":false,"_pose":"FreeFall","_animationQueue":[["fall",0.3]],"_animationSpeed":1,"_zoom":10.864},{"_mousePosition":[863,312],"_rootPartCFrame":[763.999,226.868,47.04,0.016,0,1,0,1,0,-1,0,0.016],"_humanoidState":5,"_cameraCFrame":[770.449,237.11,47.146,0.016,-0.805,0.594,0,0.594,0.805,-1,-0.013,0.01],"_shiftlockState":false,"_pose":"FreeFall","_animationQueue":[],"_animationSpeed":1,"_zoom":10.864},{"_mousePosition":[863,312],"_rootPartCFrame":[763.732,226.26,47.036,0.016,0,1,0,1,0,-1,0,0.016],"_humanoidState":5,"_cameraCFrame":[770.182,236.501,47.141,0.016,-0.805,0.594,0,0.594,0.805,-1,-0.013,0.01],"_shiftlockState":false,"_pose":"FreeFall","_animationQueue":[],"_animationSpeed":1,"_zoom":10.864},{"_mousePosition":[863,312],"_rootPartCFrame":[763.465,225.597,47.032,0.016,0,1,0,1,0,-1,0,0.016],"_humanoidState":5,"_cameraCFrame":[769.944,235.838,45.387,0.016,-0.805,0.594,0,0.594,0.805,-1,-0.013,0.01],"_shiftlockState":true,"_pose":"FreeFall","_animationQueue":[],"_animationSpeed":1,"_zoom":10.864},{"_mousePosition":[683,384],"_rootPartCFrame":[763.199,224.879,47.027,0.016,0,1,0,1,0,-1,0,0.016],"_humanoidState":5,"_cameraCFrame":[769.677,235.12,45.383,0.016,-0.805,0.594,0,0.594,0.805,-1,-0.013,0.01],"_shiftlockState":true,"_pose":"FreeFall","_animationQueue":[],"_animationSpeed":1,"_zoom":10.864},{"_mousePosition":[683,384],"_rootPartCFrame":[762.932,224.107,47.023,0.016,0,1,0,1,0,-1,0,0.016],"_humanoidState":5,"_cameraCFrame":[769.411,234.348,45.379,0.016,-0.805,0.594,0,0.594,0.805,-1,-0.013,0.01],"_shiftlockState":true,"_pose":"FreeFall","_animationQueue":[],"_animationSpeed":1,"_zoom":10.864},{"_mousePosition":[683,384],"_rootPartCFrame":[762.666,223.28,47.019,0.016,0,1,0,1,0,-1,0,0.016],"_humanoidState":5,"_cameraCFrame":[769.144,233.522,45.374,0.016,-0.805,0.594,0,0.594,0.805,-1,-0.013,0.01],"_shiftlockState":true,"_pose":"FreeFall","_animationQueue":[],"_animationSpeed":1,"_zoom":10.864},{"_mousePosition":[683,384],"_rootPartCFrame":[762.399,222.508,47.014,0.016,0,1,0,1,0,-1,0,0.016],"_humanoidState":7,"_cameraCFrame":[768.878,232.75,45.37,0.016,-0.805,0.594,0,0.594,0.805,-1,-0.013,0.01],"_shiftlockState":true,"_pose":"FreeFall","_animationQueue":[["fall",0.3],["walk",0.1],["fall",0.3],["fall",0.3]],"_animationSpeed":1,"_zoom":10.864},{"_mousePosition":[683,384],"_rootPartCFrame":[762.132,222.46,47.01,0.016,0,1,0,1,0,-1,0,0.016],"_humanoidState":7,"_cameraCFrame":[768.611,232.701,45.365,0.016,-0.805,0.594,0,0.594,0.805,-1,-0.013,0.01],"_shiftlockState":true,"_pose":"FreeFall","_animationQueue":[],"_animationSpeed":1,"_zoom":10.864},{"_mousePosition":[683,384],"_rootPartCFrame":[761.866,222.549,47.006,0.016,0,1,0,1,0,-1,0,0.016],"_humanoidState":8,"_cameraCFrame":[768.344,232.79,45.361,0.016,-0.805,0.594,0,0.594,0.805,-1,-0.013,0.01],"_shiftlockState":true,"_pose":"Running","_animationQueue":[["walk",0.1],["fall",0.3],["walk",0.1]],"_animationSpeed":1.103,"_zoom":10.864},{"_mousePosition":[683,384],"_rootPartCFrame":[761.599,222.615,47.001,0.016,0,1,0,1,0,-1,0,0.016],"_humanoidState":8,"_cameraCFrame":[768.078,232.857,45.357,0.016,-0.805,0.594,0,0.594,0.805,-1,-0.013,0.01],"_shiftlockState":true,"_pose":"Running","_animationQueue":[],"_animationSpeed":1.103,"_zoom":10.864},{"_mousePosition":[683,384],"_rootPartCFrame":[761.333,222.654,46.997,0.016,0,1,0,1,0,-1,0,0.016],"_humanoidState":8,"_cameraCFrame":[767.811,232.895,45.352,0.016,-0.805,0.594,0,0.594,0.805,-1,-0.013,0.01],"_shiftlockState":true,"_pose":"Running","_animationQueue":[],"_animationSpeed":1.103,"_zoom":10.864},{"_mousePosition":[683,384],"_rootPartCFrame":[761.066,222.675,46.992,0.016,0,1,0,1,0,-1,0,0.016],"_humanoidState":8,"_cameraCFrame":[767.557,232.901,45.314,0.011,-0.803,0.596,0,0.596,0.803,-1,-0.009,0.007],"_shiftlockState":true,"_pose":"Running","_animationQueue":[],"_animationSpeed":1.103,"_zoom":10.864},{"_mousePosition":[683,384],"_rootPartCFrame":[760.799,222.686,46.988,0.011,0,1,0,1,0,-1,0,0.011],"_humanoidState":8,"_cameraCFrame":[767.289,232.907,45.276,0.006,-0.803,0.596,0,0.596,0.803,-1,-0.005,0.003],"_shiftlockState":true,"_pose":"Running","_animationQueue":[["walk",0.1]],"_animationSpeed":1.103,"_zoom":10.864},{"_mousePosition":[683,384],"_rootPartCFrame":[760.533,222.693,46.985,0.006,0,1,0,1,0,-1,0,0.006],"_humanoidState":8,"_cameraCFrame":[767.004,232.924,45.259,0.004,-0.804,0.595,0,0.595,0.804,-1,-0.003,0.002],"_shiftlockState":true,"_pose":"Running","_animationQueue":[],"_animationSpeed":1.103,"_zoom":10.864},{"_mousePosition":[683,384],"_rootPartCFrame":[760.266,222.696,46.983,0.004,0,1,0,1,0,-1,0,0.004],"_humanoidState":8,"_cameraCFrame":[766.695,232.958,45.258,0.004,-0.807,0.591,0,0.591,0.807,-1,-0.003,0.002],"_shiftlockState":true,"_pose":"Running","_animationQueue":[],"_animationSpeed":1.103,"_zoom":10.864},{"_mousePosition":[683,384],"_rootPartCFrame":[759.866,222.698,46.982,0.004,0,1,0,1,0,-1,0,0.004],"_humanoidState":8,"_cameraCFrame":[766.239,233.002,45.256,0.004,-0.81,0.586,0,0.586,0.81,-1,-0.003,0.002],"_shiftlockState":true,"_pose":"Running","_animationQueue":[],"_animationSpeed":1.103,"_zoom":10.864},{"_mousePosition":[683,384],"_rootPartCFrame":[759.666,222.699,46.981,0.004,0,1,0,1,0,-1,0,0.004],"_humanoidState":8,"_cameraCFrame":[765.977,233.048,45.261,0.005,-0.815,0.58,0,0.58,0.815,-1,-0.004,0.003],"_shiftlockState":true,"_pose":"Running","_animationQueue":[],"_animationSpeed":1.103,"_zoom":10.864},{"_mousePosition":[683,384],"_rootPartCFrame":[759.333,222.699,46.98,0.005,0,1,0,1,0,-1,0,0.005],"_humanoidState":8,"_cameraCFrame":[765.579,233.094,45.26,0.005,-0.819,0.574,0,0.574,0.819,-1,-0.004,0.003],"_shiftlockState":true,"_pose":"Running","_animationQueue":[],"_animationSpeed":1.103,"_zoom":10.864},{"_mousePosition":[683,384],"_rootPartCFrame":[759.133,222.699,46.979,0.005,0,1,0,1,0,-1,0,0.005],"_humanoidState":8,"_cameraCFrame":[765.307,233.144,45.259,0.005,-0.823,0.568,0,0.568,0.823,-1,-0.004,0.003],"_shiftlockState":true,"_pose":"Running","_animationQueue":[["walk",0.1]],"_animationSpeed":1.103,"_zoom":10.864},{"_mousePosition":[683,384],"_rootPartCFrame":[758.866,222.7,46.978,0.005,0,1,0,1,0,-1,0,0.005],"_humanoidState":8,"_cameraCFrame":[764.957,233.199,45.244,0.003,-0.828,0.56,0,0.56,0.828,-1,-0.002,0.002],"_shiftlockState":true,"_pose":"Running","_animationQueue":[],"_animationSpeed":1.103,"_zoom":10.864},{"_mousePosition":[683,384],"_rootPartCFrame":[758.6,222.7,46.976,0.003,0,1,0,1,0,-1,0,0.003],"_humanoidState":8,"_cameraCFrame":[764.583,233.267,45.224,0,-0.835,0.551,0,0.551,0.835,-1,0,0],"_shiftlockState":true,"_pose":"Running","_animationQueue":[],"_animationSpeed":1.103,"_zoom":10.864},{"_mousePosition":[683,384],"_rootPartCFrame":[758.333,222.7,46.976,0,0,1,0,1,0,-1,0,0],"_humanoidState":8,"_cameraCFrame":[764.184,233.348,45.199,-0.005,-0.842,0.539,0,0.539,0.842,-1,0.004,-0.002],"_shiftlockState":true,"_pose":"Running","_animationQueue":[],"_animationSpeed":1.103,"_zoom":10.864},{"_mousePosition":[683,384],"_rootPartCFrame":[758.067,222.7,46.975,-0.005,0,1,0,1,0,-1,0,-0.005],"_humanoidState":8,"_cameraCFrame":[763.745,233.451,45.169,-0.01,-0.851,0.524,0,0.524,0.852,-1,0.008,-0.005],"_shiftlockState":true,"_pose":"Running","_animationQueue":[],"_animationSpeed":1.103,"_zoom":10.864},{"_mousePosition":[683,384],"_rootPartCFrame":[757.8,222.7,46.977,-0.01,0,1,0,1,0,-1,0,-0.01],"_humanoidState":8,"_cameraCFrame":[763.285,233.559,45.132,-0.017,-0.861,0.508,0,0.508,0.862,-1,0.015,-0.009],"_shiftlockState":true,"_pose":"Running","_animationQueue":[],"_animationSpeed":1.103,"_zoom":10.864},{"_mousePosition":[683,384],"_rootPartCFrame":[757.533,222.7,46.979,-0.017,0,1,0,1,0,-1,0,-0.017],"_humanoidState":8,"_cameraCFrame":[762.767,233.694,45.095,-0.026,-0.874,0.486,0,0.486,0.874,-1,0.022,-0.012],"_shiftlockState":true,"_pose":"Running","_animationQueue":[],"_animationSpeed":1.103,"_zoom":10.864},{"_mousePosition":[683,384],"_rootPartCFrame":[757.2,222.7,46.984,-0.026,0,1,0,1,0,-1,0,-0.026],"_humanoidState":8,"_cameraCFrame":[762.214,233.807,45.074,-0.032,-0.884,0.467,0,0.467,0.884,-0.999,0.028,-0.015],"_shiftlockState":true,"_pose":"Running","_animationQueue":[["walk",0.1]],"_animationSpeed":1.103,"_zoom":10.864},{"_mousePosition":[683,384],"_rootPartCFrame":[757,222.7,46.989,-0.032,0,0.999,0,1,0,-0.999,0,-0.032],"_humanoidState":8,"_cameraCFrame":[761.733,233.942,45.047,-0.04,-0.896,0.442,0,0.442,0.897,-0.999,0.036,-0.018],"_shiftlockState":true,"_pose":"Running","_animationQueue":[],"_animationSpeed":1.103,"_zoom":10.864},{"_mousePosition":[683,384],"_rootPartCFrame":[756.734,222.7,46.997,-0.04,0,0.999,0,1,0,-0.999,0,-0.04],"_humanoidState":8,"_cameraCFrame":[761.229,234.052,45.046,-0.044,-0.906,0.421,0,0.421,0.907,-0.999,0.04,-0.019],"_shiftlockState":true,"_pose":"Running","_animationQueue":[],"_animationSpeed":1.103,"_zoom":10.864},{"_mousePosition":[683,384],"_rootPartCFrame":[756.467,222.7,47.008,-0.044,0,0.999,0,1,0,-0.999,0,-0.044],"_humanoidState":8,"_cameraCFrame":[760.732,234.156,45.067,-0.044,-0.916,0.4,0,0.4,0.916,-0.999,0.041,-0.018],"_shiftlockState":true,"_pose":"Running","_animationQueue":[],"_animationSpeed":1.103,"_zoom":10.864},{"_mousePosition":[683,384],"_rootPartCFrame":[756.134,222.7,47.022,-0.044,0,0.999,0,1,0,-0.999,0,-0.044],"_humanoidState":8,"_cameraCFrame":[760.224,234.235,45.111,-0.039,-0.923,0.383,0,0.383,0.924,-0.999,0.036,-0.015],"_shiftlockState":true,"_pose":"Running","_animationQueue":[],"_animationSpeed":1.103,"_zoom":10.864},{"_mousePosition":[683,384],"_rootPartCFrame":[755.934,222.7,47.031,-0.039,0,0.999,0,1,0,-0.999,0,-0.039],"_humanoidState":8,"_cameraCFrame":[759.89,234.295,45.15,-0.033,-0.929,0.369,0,0.37,0.929,-0.999,0.031,-0.012],"_shiftlockState":true,"_pose":"Running","_animationQueue":[],"_animationSpeed":1.103,"_zoom":10.864},{"_mousePosition":[683,384],"_rootPartCFrame":[755.668,222.7,47.042,-0.033,0,0.999,0,1,0,-0.999,0,-0.033],"_humanoidState":8,"_cameraCFrame":[759.49,234.352,45.194,-0.026,-0.934,0.356,0,0.356,0.934,-1,0.024,-0.009],"_shiftlockState":true,"_pose":"Running","_animationQueue":[["walk",0.1]],"_animationSpeed":1.103,"_zoom":10.864},{"_mousePosition":[683,384],"_rootPartCFrame":[755.268,222.7,47.055,-0.026,0,1,0,1,0,-1,0,-0.026],"_humanoidState":8,"_cameraCFrame":[758.96,234.407,45.245,-0.016,-0.939,0.342,0,0.342,0.94,-1,0.015,-0.006],"_shiftlockState":true,"_pose":"Running","_animationQueue":[],"_animationSpeed":1.103,"_zoom":10.864},{"_mousePosition":[683,384],"_rootPartCFrame":[755.068,222.7,47.061,-0.016,0,1,0,1,0,-1,0,-0.016],"_humanoidState":8,"_cameraCFrame":[758.549,234.494,45.327,0.005,-0.948,0.32,0,0.32,0.948,-1,-0.005,0.002],"_shiftlockState":true,"_pose":"Running","_animationQueue":[],"_animationSpeed":1.103,"_zoom":10.864},{"_mousePosition":[683,384],"_rootPartCFrame":[754.735,223.783,47.069,0.005,0,1,0,1,0,-1,0,0.005],"_humanoidState":3,"_cameraCFrame":[758.07,235.64,45.425,0.032,-0.953,0.302,0,0.302,0.953,-0.999,-0.031,0.01],"_shiftlockState":true,"_pose":"Jumping","_animationQueue":[["walk",0.1],["jump",0.1]],"_animationSpeed":1,"_zoom":10.864},{"_mousePosition":[683,384],"_rootPartCFrame":[754.469,224.592,47.069,0.03,0,1,0,1,0,-1,0,0.03],"_humanoidState":5,"_cameraCFrame":[757.804,236.449,45.425,0.032,-0.953,0.302,0,0.302,0.953,-0.999,-0.031,0.01],"_shiftlockState":true,"_pose":"FreeFall","_animationQueue":[["jump",0.1]],"_animationSpeed":1,"_zoom":10.864},{"_mousePosition":[683,384],"_rootPartCFrame":[754.269,225.162,47.064,0.031,0,1,0,1,0,-1,0,0.031],"_humanoidState":5,"_cameraCFrame":[757.604,237.019,45.42,0.032,-0.953,0.302,0,0.302,0.953,-0.999,-0.031,0.01],"_shiftlockState":true,"_pose":"FreeFall","_animationQueue":[],"_animationSpeed":1,"_zoom":10.864},{"_mousePosition":[683,384],"_rootPartCFrame":[754.002,225.875,47.055,0.032,0,0.999,0,1,0,-0.999,0,0.032],"_humanoidState":5,"_cameraCFrame":[757.337,237.732,45.411,0.032,-0.953,0.302,0,0.302,0.953,-0.999,-0.031,0.01],"_shiftlockState":true,"_pose":"FreeFall","_animationQueue":[],"_animationSpeed":1,"_zoom":10.864},{"_mousePosition":[683,384],"_rootPartCFrame":[753.735,226.534,47.047,0.032,0,0.999,0,1,0,-0.999,0,0.032],"_humanoidState":5,"_cameraCFrame":[757.07,238.391,45.403,0.032,-0.953,0.302,0,0.302,0.953,-0.999,-0.031,0.01],"_shiftlockState":true,"_pose":"FreeFall","_animationQueue":[],"_animationSpeed":1,"_zoom":10.864},{"_mousePosition":[683,384],"_rootPartCFrame":[753.469,227.138,47.038,0.032,0,0.999,0,1,0,-0.999,0,0.032],"_humanoidState":5,"_cameraCFrame":[756.804,238.995,45.394,0.032,-0.953,0.302,0,0.302,0.953,-0.999,-0.031,0.01],"_shiftlockState":true,"_pose":"FreeFall","_animationQueue":[],"_animationSpeed":1,"_zoom":10.864},{"_mousePosition":[683,384],"_rootPartCFrame":[753.135,227.816,47.028,0.032,0,0.999,0,1,0,-0.999,0,0.032],"_humanoidState":5,"_cameraCFrame":[756.471,239.673,45.384,0.032,-0.953,0.302,0,0.302,0.953,-0.999,-0.031,0.01],"_shiftlockState":true,"_pose":"FreeFall","_animationQueue":[],"_animationSpeed":1,"_zoom":10.864},{"_mousePosition":[683,384],"_rootPartCFrame":[752.936,228.182,47.021,0.032,0,0.999,0,1,0,-0.999,0,0.032],"_humanoidState":5,"_cameraCFrame":[756.271,240.039,45.377,0.032,-0.953,0.302,0,0.302,0.953,-0.999,-0.031,0.01],"_shiftlockState":true,"_pose":"FreeFall","_animationQueue":[],"_animationSpeed":1,"_zoom":10.864},{"_mousePosition":[683,384],"_rootPartCFrame":[752.669,228.623,47.013,0.032,0,0.999,0,1,0,-0.999,0,0.032],"_humanoidState":5,"_cameraCFrame":[756.004,240.48,45.369,0.032,-0.953,0.302,0,0.302,0.953,-0.999,-0.031,0.01],"_shiftlockState":true,"_pose":"FreeFall","_animationQueue":[],"_animationSpeed":1,"_zoom":10.864},{"_mousePosition":[683,384],"_rootPartCFrame":[752.402,229.009,47.004,0.032,0,0.999,0,1,0,-0.999,0,0.032],"_humanoidState":5,"_cameraCFrame":[755.737,240.866,45.36,0.032,-0.953,0.302,0,0.302,0.953,-0.999,-0.031,0.01],"_shiftlockState":true,"_pose":"FreeFall","_animationQueue":[],"_animationSpeed":1,"_zoom":10.864},{"_mousePosition":[683,384],"_rootPartCFrame":[752.136,229.34,46.996,0.032,0,0.999,0,1,0,-0.999,0,0.032],"_humanoidState":5,"_cameraCFrame":[755.471,241.197,45.352,0.032,-0.953,0.302,0,0.302,0.953,-0.999,-0.031,0.01],"_shiftlockState":true,"_pose":"FreeFall","_animationQueue":[],"_animationSpeed":1,"_zoom":10.864},{"_mousePosition":[683,384],"_rootPartCFrame":[751.869,229.617,46.987,0.032,0,0.999,0,1,0,-0.999,0,0.032],"_humanoidState":5,"_cameraCFrame":[755.204,241.474,45.343,0.032,-0.953,0.302,0,0.302,0.953,-0.999,-0.031,0.01],"_shiftlockState":true,"_pose":"FreeFall","_animationQueue":[],"_animationSpeed":1,"_zoom":10.864},{"_mousePosition":[683,384],"_rootPartCFrame":[751.603,229.84,46.978,0.032,0,0.999,0,1,0,-0.999,0,0.032],"_humanoidState":5,"_cameraCFrame":[754.938,241.697,45.334,0.032,-0.953,0.302,0,0.302,0.953,-0.999,-0.031,0.01],"_shiftlockState":true,"_pose":"FreeFall","_animationQueue":[],"_animationSpeed":1,"_zoom":10.864},{"_mousePosition":[683,384],"_rootPartCFrame":[751.336,230.008,46.97,0.032,0,0.999,0,1,0,-0.999,0,0.032],"_humanoidState":5,"_cameraCFrame":[754.687,241.852,45.274,0.016,-0.952,0.306,0,0.306,0.952,-1,-0.016,0.005],"_shiftlockState":true,"_pose":"FreeFall","_animationQueue":[],"_animationSpeed":1,"_zoom":10.864},{"_mousePosition":[683,384],"_rootPartCFrame":[751.069,230.122,46.961,0.018,0,1,0,1,0,-1,0,0.018],"_humanoidState":5,"_cameraCFrame":[754.449,241.946,45.21,0,-0.95,0.311,0,0.311,0.95,-1,0,0],"_shiftlockState":true,"_pose":"FreeFall","_animationQueue":[],"_animationSpeed":1,"_zoom":10.864},{"_mousePosition":[683,384],"_rootPartCFrame":[750.736,230.187,46.955,0.002,0,1,0,1,0,-1,0,0.002],"_humanoidState":5,"_cameraCFrame":[754.146,241.995,45.164,-0.012,-0.949,0.316,0,0.316,0.949,-1,0.011,-0.004],"_shiftlockState":true,"_pose":"FreeFall","_animationQueue":[],"_animationSpeed":1,"_zoom":10.864},{"_mousePosition":[683,384],"_rootPartCFrame":[750.536,230.185,46.955,-0.011,0,1,0,1,0,-1,0,-0.011],"_humanoidState":5,"_cameraCFrame":[753.956,241.985,45.135,-0.02,-0.948,0.318,0,0.318,0.948,-1,0.019,-0.006],"_shiftlockState":true,"_pose":"FreeFall","_animationQueue":[],"_animationSpeed":1,"_zoom":10.864},{"_mousePosition":[683,384],"_rootPartCFrame":[750.27,230.135,46.957,-0.019,0,1,0,1,0,-1,0,-0.019],"_humanoidState":5,"_cameraCFrame":[753.717,241.918,45.097,-0.032,-0.946,0.323,0,0.323,0.947,-0.999,0.03,-0.01],"_shiftlockState":true,"_pose":"FreeFall","_animationQueue":[["fall",0.3]],"_animationSpeed":1,"_zoom":10.864},{"_mousePosition":[683,384],"_rootPartCFrame":[749.936,229.996,46.964,-0.03,0,1,0,1,0,-1,0,-0.03],"_humanoidState":5,"_cameraCFrame":[753.443,241.75,45.056,-0.044,-0.943,0.33,0,0.33,0.944,-0.999,0.042,-0.015],"_shiftlockState":true,"_pose":"FreeFall","_animationQueue":[],"_animationSpeed":1,"_zoom":10.864},{"_mousePosition":[683,384],"_rootPartCFrame":[749.736,229.872,46.97,-0.043,0,0.999,0,1,0,-0.999,0,-0.043],"_humanoidState":5,"_cameraCFrame":[753.349,241.579,45.007,-0.058,-0.938,0.342,0,0.342,0.94,-0.998,0.054,-0.02],"_shiftlockState":true,"_pose":"FreeFall","_animationQueue":[],"_animationSpeed":1,"_zoom":10.864},{"_mousePosition":[683,384],"_rootPartCFrame":[749.47,229.658,46.981,-0.056,0,0.998,0,1,0,-0.998,0,-0.056],"_humanoidState":5,"_cameraCFrame":[753.243,241.291,44.939,-0.076,-0.93,0.36,0,0.361,0.933,-0.997,0.071,-0.027],"_shiftlockState":true,"_pose":"FreeFall","_animationQueue":[],"_animationSpeed":1,"_zoom":10.864},{"_mousePosition":[683,384],"_rootPartCFrame":[749.204,229.39,46.996,-0.074,0,0.997,0,1,0,-0.997,0,-0.074],"_humanoidState":5,"_cameraCFrame":[753.14,240.942,44.864,-0.095,-0.921,0.378,0,0.379,0.925,-0.996,0.087,-0.036],"_shiftlockState":true,"_pose":"FreeFall","_animationQueue":[],"_animationSpeed":1,"_zoom":10.864},{"_mousePosition":[683,384],"_rootPartCFrame":[748.938,229.068,47.016,-0.092,0,0.996,0,1,0,-0.996,0,-0.092],"_humanoidState":5,"_cameraCFrame":[753.02,240.542,44.793,-0.112,-0.912,0.394,0,0.396,0.918,-0.994,0.103,-0.044],"_shiftlockState":true,"_pose":"FreeFall","_animationQueue":[],"_animationSpeed":1,"_zoom":10.864},{"_mousePosition":[683,384],"_rootPartCFrame":[748.672,228.691,47.04,-0.11,0,0.994,0,1,0,-0.994,0,-0.11],"_humanoidState":5,"_cameraCFrame":[752.842,240.108,44.729,-0.13,-0.905,0.405,0,0.408,0.913,-0.992,0.119,-0.053],"_shiftlockState":true,"_pose":"FreeFall","_animationQueue":[],"_animationSpeed":1,"_zoom":10.864},{"_mousePosition":[683,384],"_rootPartCFrame":[748.341,228.143,47.077,-0.127,0,0.992,0,1,0,-0.992,0,-0.127],"_humanoidState":5,"_cameraCFrame":[752.57,239.525,44.72,-0.138,-0.901,0.412,0,0.416,0.91,-0.99,0.126,-0.057],"_shiftlockState":true,"_pose":"FreeFall","_animationQueue":[["fall",0.3]],"_animationSpeed":1,"_zoom":10.864},{"_mousePosition":[683,384],"_rootPartCFrame":[748.143,227.773,47.102,-0.137,0,0.991,0,1,0,-0.991,0,-0.137],"_humanoidState":5,"_cameraCFrame":[752.409,239.137,44.735,-0.139,-0.899,0.415,0,0.419,0.908,-0.99,0.126,-0.058],"_shiftlockState":true,"_pose":"FreeFall","_animationQueue":[],"_animationSpeed":1,"_zoom":10.864},{"_mousePosition":[683,384],"_rootPartCFrame":[747.879,227.233,47.138,-0.139,0,0.99,0,1,0,-0.99,0,-0.139],"_humanoidState":5,"_cameraCFrame":[752.145,238.596,44.771,-0.139,-0.899,0.415,0,0.419,0.908,-0.99,0.126,-0.058],"_shiftlockState":true,"_pose":"FreeFall","_animationQueue":[],"_animationSpeed":1,"_zoom":10.864},{"_mousePosition":[683,384],"_rootPartCFrame":[747.614,226.638,47.176,-0.139,0,0.99,0,1,0,-0.99,0,-0.139],"_humanoidState":5,"_cameraCFrame":[751.881,238.001,44.808,-0.139,-0.899,0.415,0,0.419,0.908,-0.99,0.126,-0.058],"_shiftlockState":true,"_pose":"FreeFall","_animationQueue":[],"_animationSpeed":1,"_zoom":10.864},{"_mousePosition":[683,384],"_rootPartCFrame":[747.35,225.988,47.213,-0.139,0,0.99,0,1,0,-0.99,0,-0.139],"_humanoidState":5,"_cameraCFrame":[751.616,237.352,44.846,-0.139,-0.899,0.415,0,0.419,0.908,-0.99,0.126,-0.058],"_shiftlockState":true,"_pose":"FreeFall","_animationQueue":[],"_animationSpeed":1,"_zoom":10.864},{"_mousePosition":[683,384],"_rootPartCFrame":[747.086,225.284,47.25,-0.139,0,0.99,0,1,0,-0.99,0,-0.139],"_humanoidState":5,"_cameraCFrame":[751.352,236.648,44.883,-0.139,-0.899,0.415,0,0.419,0.908,-0.99,0.126,-0.058],"_shiftlockState":true,"_pose":"FreeFall","_animationQueue":[],"_animationSpeed":1,"_zoom":10.864},{"_mousePosition":[683,384],"_rootPartCFrame":[746.822,224.526,47.287,-0.139,0,0.99,0,1,0,-0.99,0,-0.139],"_humanoidState":5,"_cameraCFrame":[751.088,235.889,44.92,-0.139,-0.899,0.415,0,0.419,0.908,-0.99,0.126,-0.058],"_shiftlockState":true,"_pose":"FreeFall","_animationQueue":[],"_animationSpeed":1,"_zoom":10.864},{"_mousePosition":[683,384],"_rootPartCFrame":[746.558,223.713,47.324,-0.139,0,0.99,0,1,0,-0.99,0,-0.139],"_humanoidState":5,"_cameraCFrame":[750.824,235.076,44.957,-0.139,-0.899,0.415,0,0.419,0.908,-0.99,0.126,-0.058],"_shiftlockState":true,"_pose":"FreeFall","_animationQueue":[["fall",0.3]],"_animationSpeed":1,"_zoom":10.864},{"_mousePosition":[683,384],"_rootPartCFrame":[746.294,222.845,47.361,-0.139,0,0.99,0,1,0,-0.99,0,-0.139],"_humanoidState":7,"_cameraCFrame":[750.56,234.209,44.994,-0.139,-0.899,0.415,0,0.419,0.908,-0.99,0.126,-0.058],"_shiftlockState":true,"_pose":"FreeFall","_animationQueue":[["walk",0.1],["fall",0.3],["fall",0.3]],"_animationSpeed":1,"_zoom":10.864},{"_mousePosition":[683,384],"_rootPartCFrame":[746.029,222.433,47.398,-0.139,0,0.99,0,1,0,-0.99,0,-0.139],"_humanoidState":7,"_cameraCFrame":[750.296,233.796,45.031,-0.139,-0.899,0.415,0,0.419,0.908,-0.99,0.126,-0.058],"_shiftlockState":true,"_pose":"FreeFall","_animationQueue":[],"_animationSpeed":1,"_zoom":10.864},{"_mousePosition":[683,384],"_rootPartCFrame":[745.765,222.503,47.435,-0.139,0,0.99,0,1,0,-0.99,0,-0.139],"_humanoidState":8,"_cameraCFrame":[750.246,233.83,45.325,-0.079,-0.902,0.425,0,0.427,0.904,-0.997,0.071,-0.034],"_shiftlockState":true,"_pose":"Running","_animationQueue":[["walk",0.1],["fall",0.3],["walk",0.1]],"_animationSpeed":1.103,"_zoom":10.864},{"_mousePosition":[683,384],"_rootPartCFrame":[745.501,222.586,47.473,-0.079,0,0.997,0,1,0,-0.997,0,-0.079],"_humanoidState":8,"_cameraCFrame":[750.965,233.635,47.269,0.285,-0.843,0.457,0,0.477,0.879,-0.959,-0.25,0.136],"_shiftlockState":true,"_pose":"Running","_animationQueue":[],"_animationSpeed":1.103,"_zoom":10.864},{"_mousePosition":[683,384],"_rootPartCFrame":[745.667,222.62,47.45,0.216,0.001,0.976,0.004,1,-0.002,-0.976,0.004,0.216],"_humanoidState":8,"_cameraCFrame":[750.381,233.426,50.962,0.809,-0.504,0.303,0,0.516,0.857,-0.588,-0.693,0.417],"_shiftlockState":true,"_pose":"Running","_animationQueue":[],"_animationSpeed":1.103,"_zoom":10.864},{"_mousePosition":[683,384],"_rootPartCFrame":[746.067,223.502,47.383,0.766,0.002,0.643,0.004,1,-0.008,-0.643,0.009,0.766],"_humanoidState":3,"_cameraCFrame":[747.324,234.184,53.331,0.996,0.071,-0.045,0,0.535,0.845,0.084,-0.842,0.533],"_shiftlockState":true,"_pose":"Jumping","_animationQueue":[["walk",0.1],["walk",0.1],["jump",0.1]],"_animationSpeed":1,"_zoom":10.864},{"_mousePosition":[683,384],"_rootPartCFrame":[746.066,224.165,47.332,0.999,-0.005,-0.036,0.004,1,-0.011,0.036,0.011,0.999],"_humanoidState":3,"_cameraCFrame":[744.444,235.073,52.823,0.826,0.488,-0.282,0,0.5,0.866,0.563,-0.715,0.413],"_shiftlockState":true,"_pose":"Jumping","_animationQueue":[],"_animationSpeed":1,"_zoom":10.864},{"_mousePosition":[683,384],"_rootPartCFrame":[746.107,225.268,47.247,0.868,-0.008,-0.497,0.001,1,-0.015,0.497,0.013,0.867],"_humanoidState":3,"_cameraCFrame":[745.336,236.797,51.731,0.845,0.494,-0.206,0,0.384,0.923,0.535,-0.78,0.325],"_shiftlockState":true,"_pose":"Jumping","_animationQueue":[],"_animationSpeed":1,"_zoom":10.864},{"_mousePosition":[683,384],"_rootPartCFrame":[746.125,225.91,47.205,0.82,-0.005,-0.573,-0.001,1,-0.011,0.573,0.009,0.82],"_humanoidState":5,"_cameraCFrame":[746.555,237.662,51.195,0.942,0.317,-0.111,0,0.331,0.944,0.336,-0.889,0.312],"_shiftlockState":true,"_pose":"FreeFall","_animationQueue":[["jump",0.1]],"_animationSpeed":1,"_zoom":10.864},{"_mousePosition":[683,384],"_rootPartCFrame":[746.174,226.719,47.173,0.894,0,-0.448,-0.002,1,-0.003,0.448,0.004,0.894],"_humanoidState":5,"_cameraCFrame":[747.704,238.31,51.291,0.999,0.05,-0.02,0,0.37,0.929,0.054,-0.928,0.37],"_shiftlockState":true,"_pose":"FreeFall","_animationQueue":[],"_animationSpeed":1,"_zoom":10.864},{"_mousePosition":[683,384],"_rootPartCFrame":[746.254,227.473,47.165,0.983,0.001,-0.185,-0.001,1,0,0.185,0.001,0.983],"_humanoidState":5,"_cameraCFrame":[749.653,238.684,51.069,0.932,-0.324,0.163,0,0.448,0.894,-0.363,-0.833,0.418],"_shiftlockState":true,"_pose":"FreeFall","_animationQueue":[],"_animationSpeed":1,"_zoom":10.864},{"_mousePosition":[683,384],"_rootPartCFrame":[746.372,228.172,47.167,0.972,0,0.236,-0.001,1,0,-0.236,-0.001,0.972],"_humanoidState":5,"_cameraCFrame":[751.553,238.881,50.238,0.738,-0.572,0.358,0,0.53,0.848,-0.675,-0.626,0.391],"_shiftlockState":true,"_pose":"FreeFall","_animationQueue":[],"_animationSpeed":1,"_zoom":10.864},{"_mousePosition":[683,384],"_rootPartCFrame":[746.488,228.817,47.151,0.787,0,0.618,0,1,0,-0.618,0,0.787],"_humanoidState":5,"_cameraCFrame":[753.005,238.985,49.017,0.514,-0.684,0.517,0,0.603,0.798,-0.858,-0.41,0.31],"_shiftlockState":true,"_pose":"FreeFall","_animationQueue":[],"_animationSpeed":1,"_zoom":10.864},{"_mousePosition":[683,384],"_rootPartCFrame":[746.572,229.407,47.113,0.552,0,0.834,0,1,0,-0.834,0,0.552],"_humanoidState":5,"_cameraCFrame":[753.683,239.237,48.177,0.384,-0.708,0.593,0,0.642,0.767,-0.923,-0.295,0.247],"_shiftlockState":true,"_pose":"FreeFall","_animationQueue":[],"_animationSpeed":1,"_zoom":10.864},{"_mousePosition":[683,384],"_rootPartCFrame":[746.62,229.943,47.059,0.408,0,0.913,0,1,0,-0.913,0,0.408],"_humanoidState":5,"_cameraCFrame":[753.918,239.66,47.626,0.314,-0.718,0.621,0,0.654,0.756,-0.95,-0.237,0.205],"_shiftlockState":true,"_pose":"FreeFall","_animationQueue":[],"_animationSpeed":1,"_zoom":10.864},{"_mousePosition":[683,384],"_rootPartCFrame":[746.629,230.425,46.997,0.327,0,0.945,0,1,0,-0.945,0,0.327],"_humanoidState":5,"_cameraCFrame":[753.939,240.141,47.388,0.291,-0.724,0.626,0,0.654,0.756,-0.957,-0.22,0.19],"_shiftlockState":true,"_pose":"FreeFall","_animationQueue":[],"_an