[{"_mousePosition":[712,371],"_rootPartCFrame":[776.032,222.7,47.142,-0.001,0,1,0,1,0,-1,0,-0.001],"_humanoidState":8,"_cameraCFrame":[778.301,238.199,39.469,-0.959,-0.246,0.141,0,0.496,0.868,-0.284,0.833,-0.476],"_shiftlockState":false,"_pose":"Standing","_animationQueue":[],"_animationSpeed":1,"_zoom":16.125},{"_mousePosition":[712,371],"_rootPartCFrame":[775.867,222.7,47.094,0.028,0,1,0,1,0,-1,0,0.028],"_humanoidState":8,"_cameraCFrame":[778.136,238.199,39.42,-0.959,-0.246,0.141,0,0.496,0.868,-0.284,0.833,-0.476],"_shiftlockState":false,"_pose":"Standing","_animationQueue":[],"_animationSpeed":1,"_zoom":16.125},{"_mousePosition":[712,371],"_rootPartCFrame":[775.614,222.7,47.019,0.062,0,0.998,0,1,0,-0.998,0,0.062],"_humanoidState":8,"_cameraCFrame":[777.982,238.23,39.433,-0.955,-0.259,0.147,0,0.493,0.87,-0.298,0.831,-0.47],"_shiftlockState":false,"_pose":"Running","_animationQueue":[["walk",0.1]],"_animationSpeed":1.003,"_zoom":16.125},{"_mousePosition":[712,371],"_rootPartCFrame":[775.358,222.7,46.943,0.093,0,0.996,0,1,0,-0.996,0,0.093],"_humanoidState":8,"_cameraCFrame":[777.9,238.261,39.471,-0.947,-0.281,0.158,0,0.489,0.872,-0.322,0.826,-0.463],"_shiftlockState":false,"_pose":"Running","_animationQueue":[["walk",0.1],["walk",0.1]],"_animationSpeed":1.101,"_zoom":16.125},{"_mousePosition":[712,371],"_rootPartCFrame":[775.103,222.7,46.864,0.121,0,0.993,0,1,0,-0.993,0,0.121],"_humanoidState":8,"_cameraCFrame":[777.842,238.307,39.55,-0.936,-0.307,0.17,0,0.484,0.875,-0.351,0.819,-0.454],"_shiftlockState":false,"_pose":"Running","_animationQueue":[],"_animationSpeed":1.101,"_zoom":16.125},{"_mousePosition":[712,371],"_rootPartCFrame":[774.851,222.7,46.778,0.148,0,0.989,0,1,0,-0.989,0,0.148],"_humanoidState":8,"_cameraCFrame":[777.732,238.368,39.638,-0.927,-0.329,0.179,0,0.477,0.879,-0.374,0.815,-0.443],"_shiftlockState":false,"_pose":"Running","_animationQueue":[],"_animationSpeed":1.101,"_zoom":16.125},{"_mousePosition":[712,371],"_rootPartCFrame":[774.601,222.7,46.686,0.176,0,0.984,0,1,0,-0.984,0,0.176],"_humanoidState":8,"_cameraCFrame":[777.59,238.442,39.74,-0.919,-0.349,0.185,0,0.469,0.883,-0.395,0.811,-0.431],"_shiftlockState":false,"_pose":"Running","_animationQueue":[],"_animationSpeed":1.101,"_zoom":16.125},{"_mousePosition":[712,371],"_rootPartCFrame":[774.353,222.7,46.586,0.203,0,0.979,0,1,0,-0.979,0,0.203],"_humanoidState":8,"_cameraCFrame":[777.424,238.515,39.83,-0.91,-0.367,0.19,0,0.46,0.888,-0.414,0.808,-0.419],"_shiftlockState":false,"_pose":"Running","_animationQueue":[],"_animationSpeed":1.101,"_zoom":16.125},{"_mousePosition":[712,371],"_rootPartCFrame":[774.108,222.7,46.481,0.229,0,0.973,0,1,0,-0.973,0,0.229],"_humanoidState":8,"_cameraCFrame":[777.21,238.601,39.924,-0.904,-0.382,0.192,0,0.45,0.893,-0.428,0.807,-0.407],"_shiftlockState":false,"_pose":"Running","_animationQueue":[],"_animationSpeed":1.101,"_zoom":16.125},{"_mousePosition":[712,371],"_rootPartCFrame":[773.865,222.7,46.371,0.254,0,0.967,0,1,0,-0.967,0,0.254],"_humanoidState":8,"_cameraCFrame":[777,238.657,39.955,-0.898,-0.394,0.194,0,0.443,0.897,-0.439,0.806,-0.398],"_shiftlockState":false,"_pose":"Running","_animationQueue":[["walk",0.1]],"_animationSpeed":1.101,"_zoom":16.125},{"_mousePosition":[712,371],"_rootPartCFrame":[773.624,222.7,46.258,0.278,0,0.96,0,1,0,-0.96,0,0.278],"_humanoidState":8,"_cameraCFrame":[776.757,238.712,39.966,-0.895,-0.401,0.194,0,0.436,0.9,-0.446,0.806,-0.39],"_shiftlockState":false,"_pose":"Running","_animationQueue":[],"_animationSpeed":1.101,"_zoom":16.125},{"_mousePosition":[712,371],"_rootPartCFrame":[773.384,222.7,46.141,0.3,0,0.954,0,1,0,-0.954,0,0.3],"_humanoidState":8,"_cameraCFrame":[776.488,238.793,40.025,-0.892,-0.41,0.193,0,0.425,0.905,-0.453,0.807,-0.379],"_shiftlockState":false,"_pose":"Running","_animationQueue":[],"_animationSpeed":1.101,"_zoom":16.125},{"_mousePosition":[712,371],"_rootPartCFrame":[773.145,222.7,46.022,0.321,0,0.947,0,1,0,-0.947,0,0.321],"_humanoidState":8,"_cameraCFrame":[776.213,238.846,40.015,-0.891,-0.413,0.19,0,0.418,0.908,-0.455,0.809,-0.373],"_shiftlockState":false,"_pose":"Running","_animationQueue":[],"_animationSpeed":1.101,"_zoom":16.125},{"_mousePosition":[712,371],"_rootPartCFrame":[772.907,222.7,45.902,0.339,0,0.941,0,1,0,-0.941,0,0.339],"_humanoidState":8,"_cameraCFrame":[775.964,238.872,39.954,-0.889,-0.416,0.19,0,0.415,0.91,-0.457,0.809,-0.369],"_shiftlockState":false,"_pose":"Running","_animationQueue":[],"_animationSpeed":1.101,"_zoom":16.125},{"_mousePosition":[712,371],"_rootPartCFrame":[772.67,222.7,45.78,0.355,0,0.935,0,1,0,-0.935,0,0.355],"_humanoidState":8,"_cameraCFrame":[775.701,238.898,39.883,-0.889,-0.417,0.188,0,0.411,0.912,-0.457,0.811,-0.366],"_shiftlockState":false,"_pose":"Running","_animationQueue":[],"_animationSpeed":1.101,"_zoom":16.125},{"_mousePosition":[712,371],"_rootPartCFrame":[772.433,222.7,45.659,0.369,0,0.929,0,1,0,-0.929,0,0.369],"_humanoidState":8,"_cameraCFrame":[775.45,238.911,39.787,-0.889,-0.417,0.187,0,0.409,0.912,-0.457,0.811,-0.364],"_shiftlockState":false,"_pose":"Running","_animationQueue":[],"_animationSpeed":1.101,"_zoom":16.125},{"_mousePosition":[712,371],"_rootPartCFrame":[772.196,222.7,45.537,0.381,0,0.925,0,1,0,-0.925,0,0.381],"_humanoidState":8,"_cameraCFrame":[775.202,238.937,39.724,-0.888,-0.42,0.186,0,0.406,0.914,-0.459,0.812,-0.36],"_shiftlockState":false,"_pose":"Running","_animationQueue":[["walk",0.1]],"_animationSpeed":1.101,"_zoom":16.125},{"_mousePosition":[712,371],"_rootPartCFrame":[771.958,222.7,45.415,0.392,0,0.92,0,1,0,-0.92,0,0.392],"_humanoidState":8,"_cameraCFrame":[774.966,238.95,39.635,-0.887,-0.422,0.187,0,0.404,0.915,-0.462,0.811,-0.358],"_shiftlockState":false,"_pose":"Running","_animationQueue":[],"_animationSpeed":1.101,"_zoom":16.125},{"_mousePosition":[712,371],"_rootPartCFrame":[771.721,222.7,45.292,0.401,0,0.916,0,1,0,-0.916,0,0.401],"_humanoidState":8,"_cameraCFrame":[774.758,238.95,39.528,-0.885,-0.426,0.188,0,0.404,0.915,-0.466,0.809,-0.357],"_shiftlockState":false,"_pose":"Running","_animationQueue":[],"_animationSpeed":1.101,"_zoom":16.125},{"_mousePosition":[712,371],"_rootPartCFrame":[771.485,222.7,45.169,0.409,0,0.912,0,1,0,-0.912,0,0.409],"_humanoidState":8,"_cameraCFrame":[772.993,238.962,38.622,-0.882,-0.431,0.189,0,0.402,0.916,-0.471,0.808,-0.355],"_shiftlockState":true,"_pose":"Running","_animationQueue":[],"_animationSpeed":1.101,"_zoom":16.125},{"_mousePosition":[683,384],"_rootPartCFrame":[771.249,222.7,45.045,-0.921,0,0.39,0,1,0,-0.39,0,-0.921],"_humanoidState":8,"_cameraCFrame":[772.757,238.962,38.498,-0.882,-0.431,0.189,0,0.402,0.916,-0.471,0.808,-0.355],"_shiftlockState":true,"_pose":"Running","_animationQueue":[],"_animationSpeed":1.101,"_zoom":16.125},{"_mousePosition":[683,384],"_rootPartCFrame":[771.014,222.7,44.92,-0.887,0,0.462,0,1,0,-0.462,0,-0.887],"_humanoidState":8,"_cameraCFrame":[772.525,238.975,38.402,-0.881,-0.433,0.189,0,0.401,0.916,-0.473,0.807,-0.353],"_shiftlockState":true,"_pose":"Running","_animationQueue":[],"_animationSpeed":1.101,"_zoom":16.125},{"_mousePosition":[683,384],"_rootPartCFrame":[770.778,222.7,44.794,-0.881,0,0.473,0,1,0,-0.473,0,-0.881],"_humanoidState":8,"_cameraCFrame":[772.289,238.975,38.276,-0.881,-0.433,0.189,0,0.401,0.916,-0.473,0.807,-0.353],"_shiftlockState":true,"_pose":"Running","_animationQueue":[],"_animationSpeed":1.101,"_zoom":16.125},{"_mousePosition":[683,384],"_rootPartCFrame":[770.543,222.7,44.668,-0.881,0,0.473,0,1,0,-0.473,0,-0.881],"_humanoidState":8,"_cameraCFrame":[772.054,238.975,38.15,-0.881,-0.433,0.189,0,0.401,0.916,-0.473,0.807,-0.353],"_shiftlockState":true,"_pose":"Running","_animationQueue":[["walk",0.1]],"_animationSpeed":1.101,"_zoom":16.125},{"_mousePosition":[683,384],"_rootPartCFrame":[770.308,222.7,44.542,-0.881,0,0.473,0,1,0,-0.473,0,-0.881],"_humanoidState":8,"_cameraCFrame":[771.792,239,38.075,-0.881,-0.434,0.188,0,0.397,0.918,-0.473,0.809,-0.35],"_shiftlockState":true,"_pose":"Running","_animationQueue":[],"_animationSpeed":1.101,"_zoom":16.125},{"_mousePosition":[683,384],"_rootPartCFrame":[770.073,222.7,44.416,-0.881,0,0.473,0,1,0,-0.473,0,-0.881],"_humanoidState":8,"_cameraCFrame":[771.544,239.012,37.974,-0.881,-0.434,0.187,0,0.395,0.919,-0.473,0.809,-0.348],"_shiftlockState":true,"_pose":"Running","_animationQueue":[],"_animationSpeed":1.101,"_zoom":16.125},{"_mousePosition":[683,384],"_rootPartCFrame":[769.838,222.666,44.29,-0.881,0,0.473,0,1,0,-0.473,0,-0.881],"_humanoidState":8,"_cameraCFrame":[771.203,239.015,37.91,-0.886,-0.427,0.181,0,0.39,0.921,-0.464,0.816,-0.345],"_shiftlockState":true,"_pose":"Running","_animationQueue":[],"_animationSpeed":1.101,"_zoom":16.125},{"_mousePosition":[683,384],"_rootPartCFrame":[769.604,223.528,44.164,-0.886,0,0.464,0,1,0,-0.464,0,-0.886],"_humanoidState":3,"_cameraCFrame":[770.787,239.927,37.862,-0.895,-0.412,0.171,0,0.383,0.924,-0.446,0.827,-0.342],"_shiftlockState":true,"_pose":"Jumping","_animationQueue":[["walk",0.1],["jump",0.1]],"_animationSpeed":1,"_zoom":16.125},{"_mousePosition":[683,384],"_rootPartCFrame":[769.367,224.337,44.04,-0.85,0,0.526,0,1,0,-0.526,0,-0.85],"_humanoidState":5,"_cameraCFrame":[770.298,240.795,37.837,-0.908,-0.388,0.156,0,0.374,0.928,-0.418,0.843,-0.339],"_shiftlockState":true,"_pose":"FreeFall","_animationQueue":[["jump",0.1]],"_animationSpeed":1,"_zoom":16.125},{"_mousePosition":[683,384],"_rootPartCFrame":[769.129,225.091,43.92,-0.847,0,0.531,0,1,0,-0.531,0,-0.847],"_humanoidState":5,"_cameraCFrame":[769.764,241.595,37.793,-0.924,-0.355,0.14,0,0.366,0.93,-0.381,0.86,-0.339],"_shiftlockState":true,"_pose":"FreeFall","_animationQueue":[],"_animationSpeed":1,"_zoom":16.125},{"_mousePosition":[683,384],"_rootPartCFrame":[768.887,225.79,43.808,-0.866,0,0.5,0,1,0,-0.5,0,-0.866],"_humanoidState":5,"_cameraCFrame":[769.218,242.34,37.768,-0.94,-0.318,0.123,0,0.359,0.933,-0.341,0.877,-0.337],"_shiftlockState":true,"_pose":"FreeFall","_animationQueue":[],"_animationSpeed":1,"_zoom":16.125},{"_mousePosition":[683,384],"_rootPartCFrame":[768.642,226.435,43.704,-0.886,0,0.463,0,1,0,-0.463,0,-0.886],"_humanoidState":5,"_cameraCFrame":[768.64,243.018,37.74,-0.956,-0.274,0.104,0,0.354,0.935,-0.293,0.894,-0.338],"_shiftlockState":true,"_pose":"FreeFall","_animationQueue":[],"_animationSpeed":1,"_zoom":16.125},{"_mousePosition":[683,384],"_rootPartCFrame":[768.392,227.025,43.612,-0.909,0,0.418,0,1,0,-0.418,0,-0.909],"_humanoidState":5,"_cameraCFrame":[768.043,243.609,37.658,-0.971,-0.222,0.084,0,0.354,0.935,-0.237,0.909,-0.344],"_shiftlockState":true,"_pose":"FreeFall","_animationQueue":[],"_animationSpeed":1,"_zoom":16.125},{"_mousePosition":[683,384],"_rootPartCFrame":[768.137,227.561,43.532,-0.931,0,0.364,0,1,0,-0.364,0,-0.931],"_humanoidState":5,"_cameraCFrame":[767.413,244.145,37.612,-0.985,-0.164,0.062,0,0.354,0.935,-0.175,0.921,-0.348],"_shiftlockState":true,"_pose":"FreeFall","_animationQueue":[],"_animationSpeed":1,"_zoom":16.125},{"_mousePosition":[683,384],"_rootPartCFrame":[767.879,228.043,43.466,-0.953,0,0.304,0,1,0,-0.304,0,-0.953],"_humanoidState":5,"_cameraCFrame":[766.692,244.57,37.478,-0.995,-0.089,0.034,0,0.363,0.932,-0.095,0.928,-0.361],"_shiftlockState":true,"_pose":"FreeFall","_animationQueue":[],"_animationSpeed":1,"_zoom":16.125},{"_mousePosition":[683,384],"_rootPartCFrame":[767.617,228.47,43.417,-0.974,0,0.226,0,1,0,-0.226,0,-0.974],"_humanoidState":5,"_cameraCFrame":[765.617,244.916,37.442,-0.999,0.038,-0.016,0,0.375,0.927,0.042,0.926,-0.375],"_shiftlockState":true,"_pose":"FreeFall","_animationQueue":[],"_animationSpeed":1,"_zoom":16.125},{"_mousePosition":[683,384],"_rootPartCFrame":[767.352,228.842,43.387,-0.996,0,0.092,0,1,0,-0.092,0,-0.996],"_humanoidState":5,"_cameraCFrame":[764.698,245.24,37.55,-0.989,0.138,-0.057,0,0.383,0.924,0.15,0.914,-0.378],"_shiftlockState":true,"_pose":"FreeFall","_animationQueue":[],"_animationSpeed":1,"_zoom":16.125},{"_mousePosition":[683,384],"_rootPartCFrame":[767.086,229.16,43.384,-1,0,-0.017,0,1,0,0.017,0,-1],"_humanoidState":5,"_cameraCFrame":[763.727,245.51,37.792,-0.964,0.245,-0.104,0,0.39,0.921,0.266,0.888,-0.376],"_shiftlockState":true,"_pose":"FreeFall","_animationQueue":[],"_animationSpeed":1,"_zoom":16.125},{"_mousePosition":[683,384],"_rootPartCFrame":[766.831,229.423,43.415,-0.99,0,-0.144,0,1,0,0.144,0,-0.99],"_humanoidState":5,"_cameraCFrame":[762.749,245.724,38.184,-0.923,0.354,-0.153,0,0.397,0.918,0.386,0.847,-0.366],"_shiftlockState":true,"_pose":"FreeFall","_animationQueue":[],"_animationSpeed":1,"_zoom":16.125},{"_mousePosition":[683,384],"_rootPartCFrame":[766.596,229.632,43.479,-0.963,0,-0.271,0,1,0,0.271,0,-0.963],"_humanoidState":5,"_cameraCFrame":[761.841,245.882,38.694,-0.868,0.454,-0.201,0,0.404,0.915,0.497,0.794,-0.351],"_shiftlockState":true,"_pose":"FreeFall","_animationQueue":[],"_animationSpeed":1,"_zoom":16.125},{"_mousePosition":[683,384],"_rootPartCFrame":[766.384,229.787,43.577,-0.922,0,-0.388,0,1,0,0.388,0,-0.922],"_humanoidState":5,"_cameraCFrame":[761.009,245.972,39.274,-0.803,0.543,-0.246,0,0.413,0.911,0.596,0.731,-0.332],"_shiftlockState":true,"_pose":"FreeFall","_animationQueue":[],"_animationSpeed":1,"_zoom":16.125},{"_mousePosition":[683,384],"_rootPartCFrame":[766.197,229.887,43.704,-0.869,0,-0.495,0,1,0,0.495,0,-0.869],"_humanoidState":5,"_cameraCFrame":[760.27,245.993,39.885,-0.733,0.616,-0.288,0,0.424,0.906,0.68,0.664,-0.311],"_shiftlockState":true,"_pose":"FreeFall","_animationQueue":[],"_animationSpeed":1,"_zoom":16.125},{"_mousePosition":[683,384],"_rootPartCFrame":[766.039,229.932,43.86,-0.809,0,-0.588,0,1,0,0.588,0,-0.809],"_humanoidState":5,"_cameraCFrame":[759.599,245.944,40.544,-0.659,0.677,-0.328,0,0.436,0.9,0.752,0.593,-0.287],"_shiftlockState":true,"_pose":"FreeFall","_animationQueue":[],"_animationSpeed":1,"_zoom":16.125},{"_mousePosition":[683,384],"_rootPartCFrame":[765.912,229.923,44.04,-0.743,0,-0.669,0,1,0,0.669,0,-0.743],"_humanoidState":5,"_cameraCFrame":[759.038,245.852,41.277,-0.582,0.728,-0.363,0,0.446,0.895,0.813,0.52,-0.26],"_shiftlockState":true,"_pose":"FreeFall","_animationQueue":[["fall",0.3]],"_animationSpeed":1,"_zoom":16.125},{"_mousePosition":[683,384],"_rootPartCFrame":[765.892,229.918,44.273,-0.603,0,-0.798,0,1,0,0.798,0,-0.603],"_humanoidState":7,"_cameraCFrame":[758.662,245.763,42.025,-0.51,0.765,-0.393,0,0.457,0.89,0.86,0.453,-0.233],"_shiftlockState":true,"_pose":"FreeFall","_animationQueue":[["walk",0.1],["fall",0.3],["fall",0.3]],"_animationSpeed":1,"_zoom":16.125},{"_mousePosition":[683,384],"_rootPartCFrame":[765.877,229.925,44.426,-0.494,0.025,-0.869,-0.008,0.999,0.033,0.869,0.023,-0.494],"_humanoidState":7,"_cameraCFrame":[758.327,245.681,42.961,-0.411,0.806,-0.426,0,0.467,0.884,0.912,0.363,-0.192],"_shiftlockState":true,"_pose":"FreeFall","_animationQueue":[],"_animationSpeed":1,"_zoom":16.125},{"_mousePosition":[683,384],"_rootPartCFrame":[765.9,230.387,44.475,-0.405,0.014,-0.914,-0.005,1,0.018,0.914,0.011,-0.404],"_humanoidState":8,"_cameraCFrame":[758.266,246.129,43.213,-0.383,0.816,-0.433,0,0.469,0.883,0.924,0.338,-0.18],"_shiftlockState":true,"_pose":"Running","_animationQueue":[["walk",0.1],["fall",0.3],["walk",0.1]],"_animationSpeed":0.682,"_zoom":16.125},{"_mousePosition":[683,384],"_rootPartCFrame":[765.939,231.27,44.503,-0.381,-0.009,-0.924,0.003,1,-0.011,0.924,-0.007,-0.381],"_humanoidState":3,"_cameraCFrame":[758.138,246.983,43.84,-0.305,0.84,-0.45,0,0.472,0.881,0.953,0.268,-0.144],"_shiftlockState":true,"_pose":"Jumping","_animationQueue":[["walk",0.1],["jump",0.1]],"_animationSpeed":1,"_zoom":16.125},{"_mousePosition":[683,384],"_rootPartCFrame":[765.978,232.154,44.53,-0.303,-0.033,-0.952,0.013,0.999,-0.038,0.953,-0.024,-0.302],"_humanoidState":3,"_cameraCFrame":[758.066,247.835,44.182,-0.261,0.849,-0.459,0,0.476,0.88,0.965,0.229,-0.124],"_shiftlockState":true,"_pose":"Jumping","_animationQueue":[],"_animationSpeed":1,"_zoom":16.125},{"_mousePosition":[683,384],"_rootPartCFrame":[766.017,233.037,44.558,-0.26,-0.057,-0.964,0.024,0.998,-0.065,0.965,-0.04,-0.258],"_humanoidState":3,"_cameraCFrame":[758.036,248.701,44.518,-0.219,0.857,-0.466,0,0.477,0.879,0.976,0.192,-0.105],"_shiftlockState":true,"_pose":"Jumping","_animationQueue":[],"_animationSpeed":1,"_zoom":16.125},{"_mousePosition":[683,384],"_rootPartCFrame":[766.056,233.92,44.585,-0.219,-0.081,-0.972,0.037,0.995,-0.092,0.975,-0.056,-0.215],"_humanoidState":3,"_cameraCFrame":[758.045,249.581,44.842,-0.179,0.864,-0.47,0,0.477,0.879,0.984,0.158,-0.086],"_shiftlockState":true,"_pose":"Jumping","_animationQueue":[],"_animationSpeed":1,"_zoom":16.125},{"_mousePosition":[683,384],"_rootPartCFrame":[766.105,235.025,44.62,-0.181,-0.112,-0.977,0.053,0.991,-0.124,0.982,-0.074,-0.173],"_humanoidState":3,"_cameraCFrame":[758.039,250.664,45.143,-0.142,0.869,-0.474,0,0.479,0.878,0.99,0.125,-0.068],"_shiftlockState":true,"_pose":"Jumping","_animationQueue":[],"_animationSpeed":1,"_zoom":16.125},{"_mousePosition":[683,384],"_rootPartCFrame":[766.137,235.669,44.641,-0.146,-0.079,-0.986,0.038,0.996,-0.085,0.989,-0.05,-0.142],"_humanoidState":5,"_cameraCFrame":[758.116,251.3,45.439,-0.112,0.871,-0.478,0,0.481,0.877,0.994,0.098,-0.054],"_shiftlockState":true,"_pose":"FreeFall","_animationQueue":[["jump",0.1]],"_animationSpeed":1,"_zoom":16.125},{"_mousePosition":[683,384],"_rootPartCFrame":[766.157,236.479,44.654,-0.113,-0.025,-0.993,0.012,1,-0.027,0.994,-0.015,-0.112],"_humanoidState":5,"_cameraCFrame":[758.25,252.116,45.764,-0.079,0.874,-0.479,0,0.481,0.877,0.997,0.069,-0.038],"_shiftlockState":true,"_pose":"FreeFall","_animationQueue":[],"_animationSpeed":1,"_zoom":16.125},{"_mousePosition":[683,384],"_rootPartCFrame":[766.164,237.234,44.657,-0.079,-0.003,-0.997,0.001,1,-0.003,0.997,-0.001,-0.079],"_humanoidState":5,"_cameraCFrame":[758.332,252.872,46.046,-0.046,0.876,-0.48,0,0.481,0.877,0.999,0.041,-0.022],"_shiftlockState":true,"_pose":"FreeFall","_animationQueue":[],"_animationSpeed":1,"_zoom":16.125},{"_mousePosition":[683,384],"_rootPartCFrame":[766.165,237.935,44.658,-0.046,0.002,-0.999,-0.001,1,0.002,0.999,0.001,-0.046],"_humanoidState":5,"_cameraCFrame":[758.39,253.572,46.306,-0.013,0.877,-0.481,0,0.481,0.877,1,0.012,-0.006],"_shiftlockState":true,"_pose":"FreeFall","_animationQueue":[],"_animationSpeed":1,"_zoom":16.125},{"_mousePosition":[683,384],"_rootPartCFrame":[766.165,238.581,44.658,-0.013,0.001,-1,-0.001,1,0.001,1,0.001,-0.013],"_humanoidState":5,"_cameraCFrame":[758.485,254.234,46.599,0.025,0.877,-0.479,0,0.479,0.878,1,-0.022,0.012],"_shiftlockState":true,"_pose":"FreeFall","_animationQueue":[],"_animationSpeed":1,"_zoom":16.125},{"_mousePosition":[683,384],"_rootPartCFrame":[766.202,239.311,44.658,0.02,0,-1,0,1,0,1,0,0.02],"_humanoidState":5,"_cameraCFrame":[758.53,254.964,46.637,0.03,0.877,-0.479,0,0.479,0.878,1,-0.026,0.014],"_shiftlockState":true,"_pose":"FreeFall","_animationQueue":[],"_animationSpeed":1,"_zoom":16.125},{"_mousePosition":[683,384],"_rootPartCFrame":[766.254,239.709,44.658,0.028,0,-1,0,1,0,1,0,0.028],"_humanoidState":5,"_cameraCFrame":[763.352,246.621,46.495,0.03,0.877,-0.479,0,0.479,0.878,1,-0.026,0.014],"_shiftlockState":true,"_pose":"FreeFall","_animationQueue":[],"_animationSpeed":1,"_zoom":16.125},{"_mousePosition":[683,384],"_rootPartCFrame":[766.358,240.191,44.657,0.029,0,-1,0,1,0,1,0,0.029],"_humanoidState":5,"_cameraCFrame":[763.659,246.732,46.488,0.03,0.877,-0.479,0,0.479,0.878,1,-0.026,0.014],"_shiftlockState":true,"_pose":"FreeFall","_animationQueue":[],"_animationSpeed":1,"_zoom":16.125},{"_mousePosition":[683,384],"_rootPartCFrame":[766.502,240.619,44.654,0.03,0,-1,0,1,0,1,0,0.03],"_humanoidState":5,"_cameraCFrame":[763.974,246.847,46.48,0.03,0.877,-0.479,0,0.479,0.878,1,-0.026,0.014],"_shiftlockState":true,"_pose":"FreeFall","_animationQueue":[],"_animationSpeed":1,"_zoom":16.125},{"_mousePosition":[683,384],"_rootPartCFrame":[766.685,240.993,44.649,0.03,0,-1,0,1,0,1,0,0.03],"_humanoidState":5,"_cameraCFrame":[764.297,246.964,46.471,0.03,0.877,-0.479,0,0.479,0.878,1,-0.026,0.014],"_shiftlockState":true,"_pose":"FreeFall","_animationQueue":[],"_animationSpeed":1,"_zoom":16.125},{"_mousePosition":[683,384],"_rootPartCFrame":[766.909,241.312,44.643,0.03,0,-1,0,1,0,1,0,0.03],"_humanoidState":5,"_cameraCFrame":[764.629,247.085,46.462,0.03,0.877,-0.479,0,0.479,0.878,1,-0.026,0.014],"_shiftlockState":true,"_pose":"FreeFall","_animationQueue":[],"_animationSpeed":1,"_zoom":16.125},{"_mousePosition":[683,384],"_rootPartCFrame":[767.168,241.576,44.636,0.03,0,-1,0,1,0,1,0,0.03],"_humanoidState":5,"_cameraCFrame":[764.965,247.207,46.452,0.03,0.877,-0.479,0,0.479,0.878,1,-0.026,0.014],"_shiftlockState":true,"_pose":"FreeFall","_animationQueue":[],"_animationSpeed":1,"_zoom":16.125},{"_mousePosition":[683,384],"_rootPartCFrame":[767.434,241.786,44.628,0.03,0,-1,0,1,0,1,0,0.03],"_humanoidState":5,"_cameraCFrame":[765.291,247.326,46.442,0.03,0.878,-0.477,0,0.477,0.879,1,-0.026,0.014],"_shiftlockState":true,"_pose":"FreeFall","_animationQueue":[],"_animationSpeed":1,"_zoom":16.125},{"_mousePosition":[683,384],"_rootPartCFrame":[767.701,241.941,44.62,0.03,0,-1,0,1,0,1,0,0.03],"_humanoidState":5,"_cameraCFrame":[765.58,247.432,46.428,0.027,0.878,-0.477,0,0.477,0.879,1,-0.024,0.013],"_shiftlockState":true,"_pose":"FreeFall","_animationQueue":[],"_animationSpeed":1,"_zoom":16.125},{"_mousePosition":[683,384],"_rootPartCFrame":[767.967,242.042,44.612,0.027,0,-1,0,1,0,1,0,0.027],"_humanoidState":5,"_cameraCFrame":[765.842,247.527,46.398,0.017,0.879,-0.476,0,0.476,0.88,1,-0.015,0.008],"_shiftlockState":true,"_pose":"FreeFall","_animationQueue":[],"_animationSpeed":1,"_zoom":16.125},{"_mousePosition":[683,384],"_rootPartCFrame":[767.988,242.097,44.599,-0.046,0.043,-0.998,0.003,0.999,0.043,0.999,-0.001,-0.046],"_humanoidState":5,"_cameraCFrame":[765.928,247.56,46.346,-0.001,0.881,-0.472,0,0.472,0.881,1,0.001,0],"_shiftlockState":true,"_pose":"FreeFall","_animationQueue":[],"_animationSpeed":1,"_zoom":16.125},{"_mousePosition":[683,384],"_rootPartCFrame":[767.995,242.102,44.593,-0.007,0.024,-1,0.002,1,0.024,1,-0.002,-0.007],"_humanoidState":5,"_cameraCFrame":[765.88,247.542,46.279,-0.029,0.882,-0.47,0,0.471,0.882,1,0.025,-0.013],"_shiftlockState":true,"_pose":"FreeFall","_animationQueue":[],"_animationSpeed":1,"_zoom":16.125},{"_mousePosition":[683,384],"_rootPartCFrame":[767.958,242.068,44.588,-0.028,0.01,-1,0.002,1,0.01,1,-0.001,-0.028],"_humanoidState":5,"_cameraCFrame":[765.755,247.494,46.176,-0.074,0.88,-0.469,0,0.471,0.882,0.997,0.065,-0.035],"_shiftlockState":true,"_pose":"FreeFall","_animationQueue":[["fall",0.3]],"_animationSpeed":1,"_zoom":16.125},{"_mousePosition":[683,384],"_rootPartCFrame":[767.98,242.134,44.588,-0.072,0.007,-0.997,0,1,0.007,0.997,0.001,-0.072],"_humanoidState":7,"_cameraCFrame":[765.491,248.434,44.094,-0.194,0.866,-0.46,0,0.469,0.883,0.981,0.172,-0.091],"_shiftlockState":false,"_pose":"FreeFall","_animationQueue":[["walk",0.1],["fall",0.3],["fall",0.3]],"_animationSpeed":1,"_zoom":16.125},{"_mousePosition":[683,384],"_rootPartCFrame":[768.007,242.25,44.589,-0.071,0.015,-0.997,0,1,0.015,0.998,0.001,-0.071],"_humanoidState":7,"_cameraCFrame":[764.64,250.258,43.92,-0.194,0.866,-0.46,0,0.469,0.883,0.981,0.172,-0.091],"_shiftlockState":false,"_pose":"FreeFall","_animationQueue":[],"_animationSpeed":1,"_zoom":16.125},{"_mousePosition":[683,384],"_rootPartCFrame":[768.03,242.383,44.596,-0.081,0.016,-0.997,0,1,0.016,0.997,0.001,-0.081],"_humanoidState":8,"_cameraCFrame":[763.994,252.087,43.139,-0.338,0.833,-0.438,0,0.465,0.885,0.941,0.299,-0.157],"_shiftlockState":false,"_pose":"Running","_animationQueue":[["walk",0.1],["fall",0.3],["walk",0.1]],"_animationSpeed":0.106,"_zoom":16.125},{"_mousePosition":[683,384],"_rootPartCFrame":[768.033,242.52,44.597,-0.085,0.005,-0.996,0,1,0.005,0.996,0,-0.085],"_humanoidState":8,"_cameraCFrame":[763.579,253.822,42.164,-0.479,0.779,-0.404,0,0.46,0.888,0.878,0.425,-0.22],"_shiftlockState":false,"_pose":"Running","_animationQueue":[["walk",0.1]],"_animationSpeed":0.094,"_zoom":16.125},{"_mousePosition":[683,384],"_rootPartCFrame":[768.033,242.62,44.597,-0.086,0,-0.996,0,1,0,0.996,0,-0.086],"_humanoidState":8,"_cameraCFrame":[763.522,255.204,41.124,-0.61,0.705,-0.362,0,0.457,0.89,0.792,0.543,-0.279],"_shiftlockState":false,"_pose":"Standing","_animationQueue":[["idle",0.1]],"_animationSpeed":1,"_zoom":16.125},{"_mousePosition":[683,384],"_rootPartCFrame":[768.034,242.682,44.597,-0.086,-0.001,-0.996,0,1,-0.001,0.996,0,-0.086],"_humanoidState":8,"_cameraCFrame":[763.794,256.187,40.162,-0.723,0.615,-0.314,0,0.455,0.89,0.691,0.644,-0.329],"_shiftlockState":false,"_pose":"Standing","_animationQueue":[],"_animationSpeed":1,"_zoom":16.125},{"_mousePosition":[683,384],"_rootPartCFrame":[768.034,242.719,44.597,-0.086,0,-0.996,0,1,0,0.996,0,-0.086],"_humanoidState":8,"_cameraCFrame":[764.291,256.939,39.281,-0.818,0.513,-0.262,0,0.455,0.89,0.576,0.728,-0.372],"_shiftlockState":false,"_pose":"Standing","_animationQueue":[],"_animationSpeed":1,"_zoom":16.125},{"_mousePosition":[683,384],"_rootPartCFrame":[767.995,242.739,44.556,0.137,0,-0.991,0,1,0,0.991,0,0.137],"_humanoidState":8,"_cameraCFrame":[764.964,257.484,38.54,-0.893,0.401,-0.204,0,0.453,0.891,0.45,0.796,-0.405],"_shiftlockState":false,"_pose":"Standing","_animationQueue":[],"_animationSpeed":1,"_zoom":16.125},{"_mousePosition":[683,384],"_rootPartCFrame":[767.877,243.19,44.509,0.325,0.022,-0.945,0,1,0.023,0.946,-0.007,0.325],"_humanoidState":8,"_cameraCFrame":[765.679,258.291,37.985,-0.946,0.289,-0.146,0,0.452,0.892,0.324,0.844,-0.427],"_shiftlockState":false,"_pose":"Running","_animationQueue":[["walk",0.1]],"_animationSpeed":0.268,"_zoom":16.125},{"_mousePosition":[683,384],"_rootPartCFrame":[767.808,243.625,44.429,0.515,0.016,-0.857,-0.006,1,0.016,0.857,-0.003,0.515],"_humanoidState":8,"_cameraCFrame":[766.282,258.995,37.611,-0.975,0.198,-0.1,0,0.45,0.893,0.222,0.871,-0.439],"_shiftlockState":false,"_pose":"Running","_animationQueue":[["walk",0.1]],"_animationSpeed":0.429,"_zoom":16.125},{"_mousePosition":[683,384],"_rootPartCFrame":[767.759,243.973,44.314,0.665,0.005,-0.747,-0.003,1,0.004,0.747,0,0.665],"_humanoidState":8,"_cameraCFrame":[766.778,259.517,37.308,-0.99,0.125,-0.063,0,0.45,0.893,0.14,0.884,-0.445],"_shiftlockState":false,"_pose":"Running","_animationQueue":[],"_animationSpeed":0.429,"_zoom":16.125},{"_mousePosition":[683,384],"_rootPartCFrame":[767.722,244.246,44.158,0.772,0,-0.635,0,1,-0.001,0.635,0.001,0.772],"_humanoidState":8,"_cameraCFrame":[767.096,259.876,36.999,-0.996,0.078,-0.039,0,0.453,0.891,0.087,0.888,-0.452],"_shiftlockState":false,"_pose":"Running","_animationQueue":[["walk",0.1]],"_animationSpeed":0.526,"_zoom":16.125},{"_mousePosition":[683,384],"_rootPartCFrame":[767.686,244.448,43.996,0.855,-0.001,-0.518,0,1,0,0.518,0,0.855],"_humanoidState":8,"_cameraCFrame":[767.163,260.146,36.759,-0.997,0.064,-0.033,0,0.455,0.89,0.072,0.888,-0.454],"_shiftlockState":false,"_pose":"Running","_animationQueue":[["walk",0.1],["walk",0.1]],"_animationSpeed":0.683,"_zoom":16.125},{"_mousePosition":[683,384],"_rootPartCFrame":[767.649,244.597,43.835,0.92,0,-0.391,0,1,0,0.391,0,0.92],"_humanoidState":8,"_cameraCFrame":[765.38,260.349,36.695,-0.997,0.064,-0.033,0,0.455,0.89,0.072,0.888,-0.454],"_shiftlockState":true,"_pose":"Running","_animationQueue":[],"_animationSpeed":0.683,"_zoom":16.125},{"_mousePosition":[683,384],"_rootPartCFrame":[767.612,245.476,43.673,-0.977,0.001,-0.212,0.001,1,0,0.212,0,-0.977],"_humanoidState":3,"_cameraCFrame":[765.343,261.267,36.514,-0.997,0.064,-0.033,0,0.455,0.89,0.072,0.888,-0.454],"_shiftlockState":true,"_pose":"Jumping","_animationQueue":[["walk",0.1],["jump",0.1]],"_animationSpeed":1,"_zoom":16.125},{"_mousePosition":[683,384],"_rootPartCFrame":[767.579,246.312,43.487,-0.978,0,-0.206,0,1,0,0.206,0,-0.978],"_humanoidState":5,"_cameraCFrame":[765.309,262.124,36.317,-0.997,0.064,-0.033,0,0.455,0.89,0.072,0.888,-0.454],"_shiftlockState":true,"_pose":"FreeFall","_animationQueue":[["jump",0.1]],"_animationSpeed":1,"_zoom":16.125},{"_mousePosition":[683,384],"_rootPartCFrame":[767.553,247.093,43.31,-0.994,0,-0.113,0,1,0,0.113,0,-0.994],"_humanoidState":5,"_cameraCFrame":[765.281,262.921,36.132,-0.997,0.064,-0.033,0,0.455,0.89,0.072,0.888,-0.454],"_shiftlockState":true,"_pose":"FreeFall","_animationQueue":[],"_animationSpeed":1,"_zoom":16.125},{"_mousePosition":[683,384],"_rootPartCFrame":[767.532,247.82,43.173,-0.997,0,-0.077,0,1,0,0.077,0,-0.997],"_humanoidState":5,"_cameraCFrame":[765.26,263.658,35.99,-0.997,0.064,-0.033,0,0.455,0.89,0.072,0.888,-0.454],"_shiftlockState":true,"_pose":"FreeFall","_animationQueue":[],"_animationSpeed":1,"_zoom":16.125},{"_mousePosition":[683,384],"_rootPartCFrame":[767.517,248.492,43.076,-0.997,0,-0.072,0,1,0,0.072,0,-0.997],"_humanoidState":5,"_cameraCFrame":[765.245,264.337,35.889,-0.997,0.064,-0.033,0,0.455,0.89,0.072,0.888,-0.454],"_shiftlockState":true,"_pose":"FreeFall","_animationQueue":[],"_animationSpeed":1,"_zoom":16.125},{"_mousePosition":[683,384],"_rootPartCFrame":[767.508,249.11,43.017,-0.997,0,-0.072,0,1,0,0.072,0,-0.997],"_humanoidState":5,"_cameraCFrame":[765.236,264.96,35.828,-0.997,0.064,-0.033,0,0.455,0.89,0.072,0.888,-0.454],"_shiftlockState":true,"_pose":"FreeFall","_animationQueue":[],"_animationSpeed":1,"_zoom":16.125},{"_mousePosition":[683,384],"_rootPartCFrame":[767.504,249.673,42.998,-0.997,0,-0.072,0,1,0,0.072,0,-0.997],"_humanoidState":5,"_cameraCFrame":[765.231,265.526,35.808,-0.997,0.064,-0.033,0,0.455,0.89,0.072,0.888,-0.454],"_shiftlockState":true,"_pose":"FreeFall","_animationQueue":[],"_animationSpeed":1,"_zoom":16.125},{"_mousePosition":[683,384],"_rootPartCFrame":[767.503,250.181,43.019,-0.997,0,-0.072,0,1,0,0.072,0,-0.997],"_humanoidState":5,"_cameraCFrame":[765.23,266.036,35.827,-0.997,0.064,-0.033,0,0.455,0.89,0.072,0.888,-0.454],"_shiftlockState":true,"_pose":"FreeFall","_animationQueue":[],"_animationSpeed":1,"_zoom":16.125},{"_mousePosition":[683,384],"_rootPartCFrame":[767.505,250.636,43.079,-0.997,0,-0.072,0,1,0,0.072,0,-0.997],"_humanoidState":5,"_cameraCFrame":[765.232,266.492,35.887,-0.997,0.064,-0.033,0,0.455,0.89,0.072,0.888,-0.454],"_shiftlockState":true,"_pose":"FreeFall","_animationQueue":[],"_animationSpeed":1,"_zoom":16.125},{"_mousePosition":[683,384],"_rootPartCFrame":[767.51,251.035,43.179,-0.997,0,-0.072,0,1,0,0.072,0,-0.997],"_humanoidState":5,"_cameraCFrame":[765.237,266.892,35.986,-0.997,0.064,-0.033,0,0.455,0.89,0.072,0.888,-0.454],"_shiftlockState":true,"_pose":"FreeFall","_animationQueue":[],"_animationSpeed":1,"_zoom":16.125},{"_mousePosition":[683,384],"_rootPartCFrame":[767.519,251.38,43.318,-0.997,0,-0.072,0,1,0,0.072,0,-0.997],"_humanoidState":5,"_cameraCFrame":[765.246,267.238,36.125,-0.997,0.064,-0.033,0,0.455,0.89,0.072,0.888,-0.454],"_shiftlockState":true,"_pose":"FreeFall","_animationQueue":[],"_animationSpeed":1,"_zoom":16.125},{"_mousePosition":[683,384],"_rootPartCFrame":[767.531,251.671,43.497,-0.997,0,-0.072,0,1,0,0.072,0,-0.997],"_humanoidState":5,"_cameraCFrame":[765.26,267.543,36.332,-0.997,0.064,-0.033,0,0.453,0.891,0.072,0.889,-0.452],"_shiftlockState":true,"_pose":"FreeFall","_animationQueue":[],"_animationSpeed":1,"_zoom":16.125},{"_mousePosition":[683,384],"_rootPartCFrame":[767.546,251.907,43.716,-0.997,0,-0.072,0,1,0,0.072,0,-0.997],"_humanoidState":5,"_cameraCFrame":[765.315,267.808,36.595,-0.998,0.06,-0.03,0,0.45,0.893,0.067,0.891,-0.449],"_shiftlockState":true,"_pose":"FreeFall","_animationQueue":[],"_animationSpeed":1,"_zoom":16.125},{"_mousePosition":[683,384],"_rootPartCFrame":[767.564,252.089,43.971,-0.998,0,-0.067,0,1,0,0.067,0,-0.998],"_humanoidState":5,"_cameraCFrame":[765.407,268.004,36.856,-0.998,0.051,-0.025,0,0.448,0.894,0.057,0.893,-0.447],"_shiftlockState":true,"_pose":"FreeFall","_animationQueue":[],"_animationSpeed":1,"_zoom":16.125},{"_mousePosition":[683,384],"_rootPartCFrame":[767.603,252.168,44.04,-1,-0.009,0.016,-0.009,1,-0.009,-0.015,-0.009,-1],"_humanoidState":5,"_cameraCFrame":[765.543,268.097,36.908,-0.999,0.037,-0.019,0,0.446,0.895,0.042,0.894,-0.446],"_shiftlockState":true,"_pose":"FreeFall","_animationQueue":[],"_animationSpeed":1,"_zoom":16.125},{"_mousePosition":[683,384],"_rootPartCFrame":[767.691,252.167,43.972,-0.999,-0.003,-0.042,-0.004,1,0.002,0.042,0.002,-0.999],"_humanoidState":5,"_cameraCFrame":[765.746,268.096,36.825,-1,0.024,-0.012,0,0.446,0.895,0.026,0.895,-0.446],"_shiftlockState":true,"_pose":"FreeFall","_animationQueue":[],"_animationSpeed":1,"_zoom":16.125},{"_mousePosition":[683,384],"_rootPartCFrame":[767.771,252.112,43.931,-1,-0.001,-0.028,-0.001,1,0.002,0.028,0.002,-1],"_humanoidState":5,"_cameraCFrame":[765.831,268.041,36.784,-1,0.024,-0.012,0,0.446,0.895,0.026,0.895,-0.446],"_shiftlockState":true,"_pose":"FreeFall","_animationQueue":[],"_animationSpeed":1,"_zoom":16.125},{"_mousePosition":[683,384],"_rootPartCFrame":[767.842,252.001,43.928,-1,0,-0.027,0,1,0.001,0.027,0.001,-1],"_humanoidState":5,"_cameraCFrame":[765.81,267.902,36.749,-0.999,0.035,-0.018,0,0.45,0.893,0.039,0.892,-0.45],"_shiftlockState":true,"_pose":"FreeFall","_animationQueue":[],"_animationSpeed":1,"_zoom":16.125},{"_mousePosition":[683,384],"_rootPartCFrame":[767.903,251.837,43.965,-0.999,0,-0.038,0,1,0,0.038,0,-0.999],"_humanoidState":5,"_cameraCFrame":[764.918,267.594,36.83,-0.986,0.148,-0.078,0,0.467,0.884,0.167,0.872,-0.461],"_shiftlockState":true,"_pose":"FreeFall","_animationQueue":[["fall",0.3]],"_animationSpeed":1,"_zoom":16.125},{"_mousePosition":[683,384],"_rootPartCFrame":[767.939,251.969,43.949,-0.989,0,-0.148,0,1,-0.001,0.148,-0.001,-0.989],"_humanoidState":12,"_cameraCFrame":[762.829,267.515,37.649,-0.894,0.39,-0.22,0,0.491,0.871,0.448,0.779,-0.439],"_shiftlockState":true,"_pose":"Climbing","_animationQueue":[["walk",0.1],["fall",0.3],["climb",0.1],["climb",0]],"_animationSpeed":-0.925,"_zoom":16.125},{"_mousePosition":[683,384],"_rootPartCFrame":[768.055,252.183,43.725,-0.912,-0.006,-0.409,-0.005,1,-0.004,0.409,-0.002,-0.912],"_humanoidState":8,"_cameraCFrame":[760.477,267.492,39.836,-0.63,0.665,-0.401,0,0.516,0.856,0.777,0.539,-0.325],"_shiftlockState":true,"_pose":"Running","_animationQueue":[["walk",0.1],["climb",0.1],["walk",0.1],["walk",0.1]],"_animationSpeed":0.091,"_zoom":16.125},{"_mousePosition":[683,384],"_rootPartCFrame":[768.205,253.065,43.488,-0.676,-0.014,-0.737,-0.01,1,-0.01,0.737,0.001,-0.676],"_humanoidState":3,"_cameraCFrame":[759.119,268.004,42.945,-0.251,0.807,-0.535,0,0.553,0.833,0.968,0.209,-0.139],"_shiftlockState":true,"_pose":"Jumping","_animationQueue":[["walk",0.1],["jump",0.1]],"_animationSpeed":1,"_zoom":16.125},{"_mousePosition":[683,384],"_rootPartCFrame":[768.361,253.914,43.448,-0.178,-0.008,-0.984,-0.005,1,-0.008,0.984,0.003,-0.178],"_humanoidState":5,"_cameraCFrame":[767.183,257.143,45.254,0.042,0.812,-0.583,0,0.583,0.812,0.999,-0.034,0.025],"_shiftlockState":true,"_pose":"FreeFall","_animationQueue":[["jump",0.1]],"_animationSpeed":1,"_zoom":16.125},{"_mousePosition":[683,384],"_rootPartCFrame":[768.508,254.709,43.388,0.168,-0.002,-0.986,-0.001,1,-0.002,0.986,0.001,0.168],"_humanoidState":5,"_cameraCFrame":[766.766,258.967,45.436,0.156,0.795,-0.587,0,0.594,0.804,0.988,-0.125,0.092],"_shiftlockState":true,"_pose":"FreeFall","_animationQueue":[],"_animationSpeed":1,"_zoom":16.125},{"_mousePosition":[683,384],"_rootPartCFrame":[768.634,255.449,43.296,0.285,0,-0.959,0,1,0,0.959,0,0.285],"_humanoidState":5,"_cameraCFrame":[765.429,261.533,45.15,0.032,0.814,-0.58,0,0.58,0.815,0.999,-0.026,0.019],"_shiftlockState":true,"_pose":"FreeFall","_animationQueue":[],"_animationSpeed":1,"_zoom":16.125},{"_mousePosition":[683,384],"_rootPartCFrame":[768.733,256.135,43.174,0.165,0,-0.986,0,1,0,0.986,0,0.165],"_humanoidState":5,"_cameraCFrame":[763.98,264.138,44.005,-0.197,0.806,-0.558,0,0.569,0.823,0.98,0.162,-0.112],"_shiftlockState":true,"_pose":"FreeFall","_animationQueue":[],"_animationSpeed":1,"_zoom":16.125},{"_mousePosition":[683,384],"_rootPartCFrame":[768.807,256.766,43.022,-0.065,0,-0.998,0,1,0,0.998,0,-0.065],"_humanoidState":5,"_cameraCFrame":[762.98,266.547,41.984,-0.459,0.734,-0.501,0,0.564,0.826,0.889,0.379,-0.259],"_shiftlockState":true,"_pose":"FreeFall","_animationQueue":[],"_animationSpeed":1,"_zoom":16.125},{"_mousePosition":[683,384],"_rootPartCFrame":[768.869,257.343,42.833,-0.337,0,-0.942,0,1,0,0.942,0,-0.337],"_humanoidState":5,"_cameraCFrame":[762.763,268.541,39.789,-0.661,0.621,-0.422,0,0.562,0.827,0.751,0.546,-0.372],"_shiftlockState":true,"_pose":"FreeFall","_animationQueue":[],"_animationSpeed":1,"_zoom":16.125},{"_mousePosition":[683,384],"_rootPartCFrame":[768.949,257.866,42.643,-0.555,0,-0.832,0,1,0,0.832,0,-0.555],"_humanoidState":5,"_cameraCFrame":[763.183,270.16,38.056,-0.791,0.51,-0.338,0,0.553,0.833,0.612,0.659,-0.437],"_shiftlockState":true,"_pose":"FreeFall","_animationQueue":[],"_animationSpeed":1,"_zoom":16.125},{"_mousePosition":[683,384],"_rootPartCFrame":[769.061,258.333,42.477,-0.704,0,-0.71,0,1,0,0.71,0,-0.704],"_humanoidState":5,"_cameraCFrame":[763.827,271.55,36.817,-0.869,0.416,-0.267,0,0.54,0.842,0.495,0.732,-0.469],"_shiftlockState":true,"_pose":"FreeFall","_animationQueue":[],"_animationSpeed":1,"_zoom":16.125},{"_mousePosition":[683,384],"_rootPartCFrame":[769.198,258.747,42.342,-0.8,0,-0.6,0,1,0,0.6,0,-0.8],"_humanoidState":5,"_cameraCFrame":[764.43,272.607,36.026,-0.912,0.349,-0.218,0,0.53,0.848,0.411,0.773,-0.483],"_shiftlockState":true,"_pose":"FreeFall","_animationQueue":[],"_animationSpeed":1,"_zoom":16.125},{"_mousePosition":[683,384],"_rootPartCFrame":[769.357,259.105,42.24,-0.856,0,-0.517,0,1,0,0.517,0,-0.856],"_humanoidState":5,"_cameraCFrame":[764.957,273.417,35.414,-0.938,0.296,-0.183,0,0.526,0.85,0.348,0.797,-0.493],"_shiftlockState":true,"_pose":"FreeFall","_animationQueue":[],"_animationSpeed":1,"_zoom":16.125},{"_mousePosition":[683,384],"_rootPartCFrame":[769.533,259.41,42.174,-0.891,0,-0.453,0,1,0,0.453,0,-0.891],"_humanoidState":5,"_cameraCFrame":[765.429,274.013,34.961,-0.954,0.255,-0.158,0,0.526,0.85,0.3,0.811,-0.502],"_shiftlockState":true,"_pose":"FreeFall","_animationQueue":[],"_animationSpeed":1,"_zoom":16.125},{"_mousePosition":[683,384],"_rootPartCFrame":[769.724,259.66,42.145,-0.914,0,-0.405,0,1,0,0.405,0,-0.914],"_humanoidState":5,"_cameraCFrame":[765.921,274.463,34.633,-0.967,0.218,-0.135,0,0.526,0.85,0.256,0.822,-0.509],"_shiftlockState":true,"_pose":"FreeFall","_animationQueue":[],"_animationSpeed":1,"_zoom":16.125},{"_mousePosition":[683,384],"_rootPartCFrame":[769.927,259.855,42.153,-0.932,0,-0.362,0,1,0,0.362,0,-0.932],"_humanoidState":5,"_cameraCFrame":[766.812,274.868,34.385,-0.985,0.145,-0.088,0,0.518,0.855,0.17,0.843,-0.511],"_shiftlockState":true,"_pose":"FreeFall","_animationQueue":[],"_animationSpeed":1,"_zoom":16.125},{"_mousePosition":[683,384],"_rootPartCFrame":[770.193,260.022,42.218,-0.951,0,-0.309,0,1,0,0.309,0,-0.951],"_humanoidState":5,"_cameraCFrame":[767.672,275.256,34.398,-0.995,0.084,-0.049,0,0.505,0.863,0.097,0.859,-0.502],"_shiftlockState":true,"_pose":"FreeFall","_animationQueue":[],"_animationSpeed":1,"_zoom":16.125},{"_mousePosition":[683,384],"_rootPartCFrame":[770.346,260.082,42.283,-0.991,0,-0.134,0,1,0,0.134,0,-0.991],"_humanoidState":5,"_cameraCFrame":[768.469,275.501,34.465,-1,0.014,-0.008,0,0.491,0.871,0.016,0.871,-0.491],"_shiftlockState":true,"_pose":"FreeFall","_animationQueue":[],"_animationSpeed":1,"_zoom":16.125},{"_mousePosition":[683,384],"_rootPartCFrame":[770.526,260.114,42.394,-0.999,0,-0.033,0,1,0,0.033,0,-0.999],"_humanoidState":5,"_cameraCFrame":[769.255,275.699,34.645,-0.998,-0.055,0.03,0,0.477,0.879,-0.062,0.877,-0.477],"_shiftlockState":true,"_pose":"FreeFall","_animationQueue":[["fall",0.3]],"_animationSpeed":1,"_zoom":16.125},{"_mousePosition":[683,384],"_rootPartCFrame":[770.677,260.091,42.532,-0.999,0,0.051,0,1,0,-0.051,0,-0.999],"_humanoidState":5,"_cameraCFrame":[770.051,275.807,34.879,-0.989,-0.131,0.069,0,0.465,0.885,-0.148,0.875,-0.4