[{"_mousePosition":[682,382],"_rootPartCFrame":[776.026,222.7,47.142,0.001,0,1,0,1,0,-1,0,0.001],"_humanoidState":8,"_cameraCFrame":[778.045,239.135,41.409,-0.943,-0.308,0.125,0,0.377,0.926,-0.332,0.874,-0.356],"_shiftlockState":false,"_pose":"Standing","_animationQueue":[],"_animationSpeed":1,"_zoom":16.125},{"_mousePosition":[682,382],"_rootPartCFrame":[775.865,222.7,47.085,0.035,0,0.999,0,1,0,-0.999,0,0.035],"_humanoidState":8,"_cameraCFrame":[777.927,239.063,41.181,-0.944,-0.304,0.128,0,0.388,0.922,-0.33,0.87,-0.366],"_shiftlockState":false,"_pose":"Standing","_animationQueue":[],"_animationSpeed":1,"_zoom":16.125},{"_mousePosition":[682,382],"_rootPartCFrame":[775.615,222.7,46.996,0.075,0,0.997,0,1,0,-0.997,0,0.075],"_humanoidState":8,"_cameraCFrame":[777.715,239.014,40.984,-0.944,-0.303,0.13,0,0.395,0.919,-0.33,0.867,-0.373],"_shiftlockState":false,"_pose":"Running","_animationQueue":[["walk",0.1]],"_animationSpeed":1.003,"_zoom":16.125},{"_mousePosition":[682,382],"_rootPartCFrame":[775.363,222.7,46.908,0.11,0,0.994,0,1,0,-0.994,0,0.11],"_humanoidState":8,"_cameraCFrame":[777.501,238.964,40.787,-0.944,-0.302,0.133,0,0.402,0.916,-0.33,0.864,-0.38],"_shiftlockState":false,"_pose":"Running","_animationQueue":[["walk",0.1]],"_animationSpeed":1.101,"_zoom":16.125},{"_mousePosition":[682,382],"_rootPartCFrame":[775.111,222.7,46.821,0.141,0,0.99,0,1,0,-0.99,0,0.141],"_humanoidState":8,"_cameraCFrame":[777.288,238.913,40.591,-0.944,-0.301,0.135,0,0.409,0.912,-0.33,0.861,-0.386],"_shiftlockState":false,"_pose":"Running","_animationQueue":[],"_animationSpeed":1.101,"_zoom":16.125},{"_mousePosition":[682,382],"_rootPartCFrame":[774.86,222.7,46.733,0.167,0,0.986,0,1,0,-0.986,0,0.167],"_humanoidState":8,"_cameraCFrame":[777.106,238.861,40.406,-0.942,-0.304,0.139,0,0.416,0.909,-0.335,0.857,-0.392],"_shiftlockState":false,"_pose":"Running","_animationQueue":[],"_animationSpeed":1.101,"_zoom":16.125},{"_mousePosition":[682,382],"_rootPartCFrame":[774.608,222.7,46.645,0.189,0,0.982,0,1,0,-0.982,0,0.189],"_humanoidState":8,"_cameraCFrame":[776.941,238.808,40.228,-0.94,-0.31,0.145,0,0.423,0.906,-0.342,0.851,-0.398],"_shiftlockState":false,"_pose":"Running","_animationQueue":[],"_animationSpeed":1.101,"_zoom":16.125},{"_mousePosition":[682,382],"_rootPartCFrame":[774.357,222.7,46.556,0.209,0,0.978,0,1,0,-0.978,0,0.209],"_humanoidState":8,"_cameraCFrame":[776.831,238.727,40.01,-0.935,-0.319,0.153,0,0.434,0.901,-0.354,0.843,-0.406],"_shiftlockState":false,"_pose":"Running","_animationQueue":[],"_animationSpeed":1.101,"_zoom":16.125},{"_mousePosition":[682,382],"_rootPartCFrame":[774.106,222.7,46.465,0.227,0,0.974,0,1,0,-0.974,0,0.227],"_humanoidState":8,"_cameraCFrame":[776.742,238.644,39.8,-0.93,-0.329,0.163,0,0.444,0.896,-0.368,0.833,-0.413],"_shiftlockState":false,"_pose":"Running","_animationQueue":[["walk",0.1]],"_animationSpeed":1.101,"_zoom":16.125},{"_mousePosition":[682,382],"_rootPartCFrame":[773.856,222.7,46.371,0.244,0,0.97,0,1,0,-0.97,0,0.244],"_humanoidState":8,"_cameraCFrame":[776.691,238.56,39.605,-0.922,-0.344,0.176,0,0.455,0.891,-0.386,0.821,-0.42],"_shiftlockState":false,"_pose":"Running","_animationQueue":[],"_animationSpeed":1.101,"_zoom":16.125},{"_mousePosition":[682,382],"_rootPartCFrame":[773.608,222.7,46.273,0.261,0,0.965,0,1,0,-0.965,0,0.261],"_humanoidState":8,"_cameraCFrame":[776.659,238.458,39.388,-0.914,-0.358,0.189,0,0.467,0.884,-0.405,0.808,-0.427],"_shiftlockState":false,"_pose":"Running","_animationQueue":[],"_animationSpeed":1.101,"_zoom":16.125},{"_mousePosition":[682,382],"_rootPartCFrame":[773.362,222.7,46.17,0.278,0,0.961,0,1,0,-0.961,0,0.278],"_humanoidState":8,"_cameraCFrame":[776.616,238.354,39.164,-0.907,-0.37,0.202,0,0.479,0.878,-0.421,0.796,-0.434],"_shiftlockState":false,"_pose":"Running","_animationQueue":[],"_animationSpeed":1.101,"_zoom":16.125},{"_mousePosition":[682,382],"_rootPartCFrame":[773.118,222.7,46.063,0.295,0,0.955,0,1,0,-0.955,0,0.295],"_humanoidState":8,"_cameraCFrame":[776.531,238.263,38.95,-0.902,-0.377,0.212,0,0.489,0.872,-0.433,0.786,-0.441],"_shiftlockState":false,"_pose":"Running","_animationQueue":[],"_animationSpeed":1.101,"_zoom":16.125},{"_mousePosition":[682,382],"_rootPartCFrame":[772.876,222.7,45.951,0.313,0,0.95,0,1,0,-0.95,0,0.313],"_humanoidState":8,"_cameraCFrame":[776.422,238.185,38.75,-0.897,-0.383,0.22,0,0.498,0.867,-0.442,0.778,-0.447],"_shiftlockState":false,"_pose":"Running","_animationQueue":[],"_animationSpeed":1.101,"_zoom":16.125},{"_mousePosition":[682,382],"_rootPartCFrame":[772.636,222.7,45.835,0.329,0,0.944,0,1,0,-0.944,0,0.329],"_humanoidState":8,"_cameraCFrame":[776.181,238.185,38.635,-0.897,-0.383,0.22,0,0.498,0.867,-0.442,0.778,-0.447],"_shiftlockState":false,"_pose":"Running","_animationQueue":[["walk",0.1]],"_animationSpeed":1.101,"_zoom":16.125},{"_mousePosition":[682,382],"_rootPartCFrame":[772.396,222.7,45.718,0.344,0,0.939,0,1,0,-0.939,0,0.344],"_humanoidState":8,"_cameraCFrame":[775.942,238.185,38.517,-0.897,-0.383,0.22,0,0.498,0.867,-0.442,0.778,-0.447],"_shiftlockState":false,"_pose":"Running","_animationQueue":[],"_animationSpeed":1.101,"_zoom":16.125},{"_mousePosition":[682,382],"_rootPartCFrame":[772.157,222.7,45.6,0.358,0,0.934,0,1,0,-0.934,0,0.358],"_humanoidState":8,"_cameraCFrame":[775.703,238.185,38.4,-0.897,-0.383,0.22,0,0.498,0.867,-0.442,0.778,-0.447],"_shiftlockState":false,"_pose":"Running","_animationQueue":[],"_animationSpeed":1.101,"_zoom":16.125},{"_mousePosition":[682,382],"_rootPartCFrame":[771.918,222.7,45.482,0.369,0,0.929,0,1,0,-0.929,0,0.369],"_humanoidState":8,"_cameraCFrame":[775.463,238.185,38.282,-0.897,-0.383,0.22,0,0.498,0.867,-0.442,0.778,-0.447],"_shiftlockState":false,"_pose":"Running","_animationQueue":[],"_animationSpeed":1.101,"_zoom":16.125},{"_mousePosition":[682,382],"_rootPartCFrame":[771.679,222.7,45.364,0.379,0,0.925,0,1,0,-0.925,0,0.379],"_humanoidState":8,"_cameraCFrame":[775.218,238.17,38.131,-0.898,-0.381,0.219,0,0.499,0.866,-0.439,0.778,-0.449],"_shiftlockState":false,"_pose":"Running","_animationQueue":[],"_animationSpeed":1.101,"_zoom":16.125},{"_mousePosition":[682,382],"_rootPartCFrame":[771.439,222.7,45.247,0.388,0,0.922,0,1,0,-0.922,0,0.388],"_humanoidState":8,"_cameraCFrame":[774.942,238.17,37.995,-0.9,-0.377,0.217,0,0.499,0.866,-0.435,0.78,-0.45],"_shiftlockState":false,"_pose":"Running","_animationQueue":[],"_animationSpeed":1.101,"_zoom":16.125},{"_mousePosition":[682,382],"_rootPartCFrame":[771.2,222.7,45.129,0.395,0,0.919,0,1,0,-0.919,0,0.395],"_humanoidState":8,"_cameraCFrame":[773.118,238.154,37.087,-0.902,-0.374,0.217,0,0.501,0.865,-0.433,0.78,-0.452],"_shiftlockState":true,"_pose":"Running","_animationQueue":[],"_animationSpeed":1.101,"_zoom":16.125},{"_mousePosition":[683,384],"_rootPartCFrame":[770.96,222.7,45.013,-0.937,0,0.349,0,1,0,-0.349,0,-0.937],"_humanoidState":8,"_cameraCFrame":[772.878,238.154,36.971,-0.902,-0.374,0.217,0,0.501,0.865,-0.433,0.78,-0.452],"_shiftlockState":true,"_pose":"Running","_animationQueue":[["walk",0.1]],"_animationSpeed":1.101,"_zoom":16.125},{"_mousePosition":[683,384],"_rootPartCFrame":[770.719,222.7,44.898,-0.906,0,0.424,0,1,0,-0.424,0,-0.906],"_humanoidState":8,"_cameraCFrame":[772.611,238.106,36.768,-0.905,-0.367,0.216,0,0.506,0.862,-0.426,0.78,-0.458],"_shiftlockState":true,"_pose":"Running","_animationQueue":[],"_animationSpeed":1.101,"_zoom":16.125},{"_mousePosition":[683,384],"_rootPartCFrame":[770.479,222.7,44.783,-0.905,0,0.426,0,1,0,-0.426,0,-0.905],"_humanoidState":8,"_cameraCFrame":[772.333,238.042,36.535,-0.909,-0.358,0.214,0,0.513,0.858,-0.417,0.78,-0.466],"_shiftlockState":true,"_pose":"Running","_animationQueue":[],"_animationSpeed":1.101,"_zoom":16.125},{"_mousePosition":[683,384],"_rootPartCFrame":[770.238,222.7,44.669,-0.909,0,0.417,0,1,0,-0.417,0,-0.909],"_humanoidState":8,"_cameraCFrame":[772.031,237.978,36.3,-0.914,-0.346,0.21,0,0.52,0.854,-0.405,0.781,-0.475],"_shiftlockState":true,"_pose":"Running","_animationQueue":[],"_animationSpeed":1.101,"_zoom":16.125},{"_mousePosition":[683,384],"_rootPartCFrame":[769.995,222.7,44.558,-0.914,0,0.405,0,1,0,-0.405,0,-0.914],"_humanoidState":8,"_cameraCFrame":[771.735,237.862,35.991,-0.92,-0.331,0.208,0,0.531,0.847,-0.391,0.78,-0.489],"_shiftlockState":true,"_pose":"Running","_animationQueue":[],"_animationSpeed":1.101,"_zoom":16.125},{"_mousePosition":[683,384],"_rootPartCFrame":[769.753,223.563,44.446,-0.92,0,0.391,0,1,0,-0.391,0,-0.92],"_humanoidState":3,"_cameraCFrame":[771.434,238.641,35.735,-0.925,-0.32,0.205,0,0.539,0.842,-0.379,0.779,-0.499],"_shiftlockState":true,"_pose":"Jumping","_animationQueue":[["walk",0.1],["jump",0.1]],"_animationSpeed":1,"_zoom":16.125},{"_mousePosition":[683,384],"_rootPartCFrame":[769.508,224.371,44.341,-0.886,0,0.463,0,1,0,-0.463,0,-0.886],"_humanoidState":5,"_cameraCFrame":[771.14,239.381,35.515,-0.929,-0.31,0.202,0,0.546,0.838,-0.37,0.778,-0.507],"_shiftlockState":true,"_pose":"FreeFall","_animationQueue":[["jump",0.1]],"_animationSpeed":1,"_zoom":16.125},{"_mousePosition":[683,384],"_rootPartCFrame":[769.261,225.125,44.239,-0.874,0,0.486,0,1,0,-0.486,0,-0.874],"_humanoidState":5,"_cameraCFrame":[770.852,240.048,35.275,-0.933,-0.3,0.2,0,0.554,0.832,-0.361,0.776,-0.517],"_shiftlockState":true,"_pose":"FreeFall","_animationQueue":[],"_animationSpeed":1,"_zoom":16.125},{"_mousePosition":[683,384],"_rootPartCFrame":[769.014,225.824,44.14,-0.877,0,0.481,0,1,0,-0.481,0,-0.877],"_humanoidState":5,"_cameraCFrame":[770.55,240.678,35.063,-0.936,-0.291,0.197,0,0.561,0.828,-0.351,0.775,-0.525],"_shiftlockState":true,"_pose":"FreeFall","_animationQueue":[],"_animationSpeed":1,"_zoom":16.125},{"_mousePosition":[683,384],"_rootPartCFrame":[768.765,226.469,44.044,-0.881,0,0.472,0,1,0,-0.472,0,-0.881],"_humanoidState":5,"_cameraCFrame":[770.245,241.252,34.854,-0.94,-0.281,0.194,0,0.567,0.824,-0.342,0.774,-0.533],"_shiftlockState":true,"_pose":"FreeFall","_animationQueue":[],"_animationSpeed":1,"_zoom":16.125},{"_mousePosition":[683,384],"_rootPartCFrame":[768.516,227.06,43.95,-0.886,0,0.464,0,1,0,-0.464,0,-0.886],"_humanoidState":5,"_cameraCFrame":[769.919,241.806,34.696,-0.943,-0.273,0.189,0,0.57,0.822,-0.332,0.775,-0.538],"_shiftlockState":true,"_pose":"FreeFall","_animationQueue":[],"_animationSpeed":1,"_zoom":16.125},{"_mousePosition":[683,384],"_rootPartCFrame":[768.265,227.595,43.858,-0.891,0,0.455,0,1,0,-0.455,0,-0.891],"_humanoidState":5,"_cameraCFrame":[769.592,242.306,34.542,-0.947,-0.264,0.185,0,0.573,0.819,-0.323,0.775,-0.543],"_shiftlockState":true,"_pose":"FreeFall","_animationQueue":[],"_animationSpeed":1,"_zoom":16.125},{"_mousePosition":[683,384],"_rootPartCFrame":[768.014,228.077,43.769,-0.895,0,0.446,0,1,0,-0.446,0,-0.895],"_humanoidState":5,"_cameraCFrame":[769.23,242.77,34.413,-0.951,-0.254,0.179,0,0.575,0.818,-0.311,0.778,-0.547],"_shiftlockState":true,"_pose":"FreeFall","_animationQueue":[],"_animationSpeed":1,"_zoom":16.125},{"_mousePosition":[683,384],"_rootPartCFrame":[767.762,228.504,43.683,-0.901,0,0.434,0,1,0,-0.434,0,-0.901],"_humanoidState":5,"_cameraCFrame":[768.843,243.179,34.284,-0.955,-0.242,0.171,0,0.577,0.817,-0.296,0.78,-0.551],"_shiftlockState":true,"_pose":"FreeFall","_animationQueue":[],"_animationSpeed":1,"_zoom":16.125},{"_mousePosition":[683,384],"_rootPartCFrame":[767.508,228.876,43.6,-0.907,0,0.42,0,1,0,-0.42,0,-0.907],"_humanoidState":5,"_cameraCFrame":[768.471,243.551,34.188,-0.959,-0.232,0.164,0,0.577,0.817,-0.284,0.783,-0.553],"_shiftlockState":true,"_pose":"FreeFall","_animationQueue":[],"_animationSpeed":1,"_zoom":16.125},{"_mousePosition":[683,384],"_rootPartCFrame":[767.254,229.194,43.52,-0.913,0,0.409,0,1,0,-0.409,0,-0.913],"_humanoidState":5,"_cameraCFrame":[768.193,243.869,34.106,-0.96,-0.23,0.162,0,0.577,0.817,-0.282,0.784,-0.553],"_shiftlockState":true,"_pose":"FreeFall","_animationQueue":[],"_animationSpeed":1,"_zoom":16.125},{"_mousePosition":[683,384],"_rootPartCFrame":[766.998,229.457,43.444,-0.914,0,0.407,0,1,0,-0.407,0,-0.914],"_humanoidState":5,"_cameraCFrame":[767.913,244.132,34.028,-0.96,-0.228,0.161,0,0.577,0.817,-0.279,0.785,-0.554],"_shiftlockState":true,"_pose":"FreeFall","_animationQueue":[],"_animationSpeed":1,"_zoom":16.125},{"_mousePosition":[683,384],"_rootPartCFrame":[766.742,229.666,43.369,-0.915,0,0.404,0,1,0,-0.404,0,-0.915],"_humanoidState":5,"_cameraCFrame":[767.634,244.341,33.95,-0.961,-0.226,0.16,0,0.577,0.817,-0.277,0.785,-0.554],"_shiftlockState":true,"_pose":"FreeFall","_animationQueue":[],"_animationSpeed":1,"_zoom":16.125},{"_mousePosition":[683,384],"_rootPartCFrame":[766.486,229.821,43.294,-0.916,0,0.402,0,1,0,-0.402,0,-0.916],"_humanoidState":5,"_cameraCFrame":[767.354,244.496,33.873,-0.962,-0.224,0.158,0,0.577,0.817,-0.274,0.786,-0.554],"_shiftlockState":true,"_pose":"FreeFall","_animationQueue":[],"_animationSpeed":1,"_zoom":16.125},{"_mousePosition":[683,384],"_rootPartCFrame":[766.23,229.921,43.22,-0.917,0,0.4,0,1,0,-0.4,0,-0.917],"_humanoidState":5,"_cameraCFrame":[767.074,244.595,33.797,-0.962,-0.222,0.157,0,0.577,0.817,-0.272,0.786,-0.555],"_shiftlockState":true,"_pose":"FreeFall","_animationQueue":[],"_animationSpeed":1,"_zoom":16.125},{"_mousePosition":[683,384],"_rootPartCFrame":[765.974,229.966,43.147,-0.918,0,0.397,0,1,0,-0.397,0,-0.918],"_humanoidState":5,"_cameraCFrame":[766.817,244.641,33.724,-0.962,-0.222,0.157,0,0.577,0.817,-0.272,0.786,-0.555],"_shiftlockState":true,"_pose":"FreeFall","_animationQueue":[["fall",0.3]],"_animationSpeed":1,"_zoom":16.125},{"_mousePosition":[683,384],"_rootPartCFrame":[765.717,229.957,43.074,-0.918,0,0.397,0,1,0,-0.397,0,-0.918],"_humanoidState":5,"_cameraCFrame":[766.561,244.632,33.652,-0.962,-0.222,0.157,0,0.577,0.817,-0.272,0.786,-0.555],"_shiftlockState":true,"_pose":"FreeFall","_animationQueue":[],"_animationSpeed":1,"_zoom":16.125},{"_mousePosition":[683,384],"_rootPartCFrame":[765.461,229.893,43.002,-0.918,0,0.397,0,1,0,-0.397,0,-0.918],"_humanoidState":5,"_cameraCFrame":[766.28,244.568,33.577,-0.963,-0.22,0.155,0,0.577,0.817,-0.269,0.787,-0.555],"_shiftlockState":true,"_pose":"FreeFall","_animationQueue":[],"_animationSpeed":1,"_zoom":16.125},{"_mousePosition":[683,384],"_rootPartCFrame":[765.204,229.775,42.929,-0.919,0,0.395,0,1,0,-0.395,0,-0.919],"_humanoidState":5,"_cameraCFrame":[765.969,244.468,33.525,-0.964,-0.216,0.152,0,0.575,0.818,-0.265,0.789,-0.554],"_shiftlockState":true,"_pose":"FreeFall","_animationQueue":[],"_animationSpeed":1,"_zoom":16.125},{"_mousePosition":[683,384],"_rootPartCFrame":[764.947,229.603,42.857,-0.921,0,0.39,0,1,0,-0.39,0,-0.921],"_humanoidState":5,"_cameraCFrame":[765.597,244.35,33.521,-0.967,-0.209,0.145,0,0.57,0.822,-0.255,0.794,-0.551],"_shiftlockState":true,"_pose":"FreeFall","_animationQueue":[],"_animationSpeed":1,"_zoom":16.125},{"_mousePosition":[683,384],"_rootPartCFrame":[764.69,229.375,42.787,-0.925,0,0.381,0,1,0,-0.381,0,-0.925],"_humanoidState":5,"_cameraCFrame":[765.301,244.229,33.6,-0.967,-0.211,0.143,0,0.561,0.828,-0.255,0.801,-0.542],"_shiftlockState":true,"_pose":"FreeFall","_animationQueue":[],"_animationSpeed":1,"_zoom":16.125},{"_mousePosition":[683,384],"_rootPartCFrame":[764.432,229.094,42.718,-0.925,0,0.381,0,1,0,-0.381,0,-0.925],"_humanoidState":5,"_cameraCFrame":[765.016,244.017,33.633,-0.967,-0.212,0.141,0,0.554,0.832,-0.255,0.805,-0.536],"_shiftlockState":true,"_pose":"FreeFall","_animationQueue":[],"_animationSpeed":1,"_zoom":16.125},{"_mousePosition":[683,384],"_rootPartCFrame":[764.174,228.758,42.65,-0.957,0,0.289,0,1,0,-0.289,0,-0.957],"_humanoidState":7,"_cameraCFrame":[764.732,243.751,33.666,-0.967,-0.213,0.14,0,0.548,0.837,-0.255,0.809,-0.529],"_shiftlockState":true,"_pose":"FreeFall","_animationQueue":[["fall",0.3],["walk",0.1],["fall",0.3],["fall",0.3]],"_animationSpeed":1,"_zoom":16.125},{"_mousePosition":[683,384],"_rootPartCFrame":[763.917,228.367,42.582,-0.966,0,0.257,0,1,0,-0.257,0,-0.966],"_humanoidState":7,"_cameraCFrame":[764.427,243.479,33.777,-0.967,-0.215,0.137,0,0.536,0.844,-0.255,0.816,-0.518],"_shiftlockState":true,"_pose":"FreeFall","_animationQueue":[],"_animationSpeed":1,"_zoom":16.125},{"_mousePosition":[683,384],"_rootPartCFrame":[763.659,228.031,42.515,-0.967,0,0.255,0,1,0,-0.255,0,-0.967],"_humanoidState":8,"_cameraCFrame":[764.067,243.39,34.098,-0.967,-0.219,0.13,0,0.511,0.859,-0.255,0.831,-0.494],"_shiftlockState":true,"_pose":"Running","_animationQueue":[["walk",0.1],["fall",0.3],["walk",0.1]],"_animationSpeed":1.103,"_zoom":16.125},{"_mousePosition":[683,384],"_rootPartCFrame":[763.401,228.037,42.447,-0.967,0,0.255,0,1,0,-0.255,0,-0.967],"_humanoidState":8,"_cameraCFrame":[763.76,243.6,34.373,-0.966,-0.226,0.127,0,0.489,0.872,-0.26,0.842,-0.472],"_shiftlockState":true,"_pose":"Running","_animationQueue":[],"_animationSpeed":1.103,"_zoom":16.125},{"_mousePosition":[683,384],"_rootPartCFrame":[763.143,228.082,42.379,-0.966,0,0.26,0,1,0,-0.26,0,-0.966],"_humanoidState":8,"_cameraCFrame":[763.433,243.869,34.707,-0.964,-0.234,0.123,0,0.464,0.886,-0.265,0.854,-0.447],"_shiftlockState":true,"_pose":"Running","_animationQueue":[],"_animationSpeed":1.103,"_zoom":16.125},{"_mousePosition":[683,384],"_rootPartCFrame":[762.886,228.112,42.31,-0.964,0,0.265,0,1,0,-0.265,0,-0.964],"_humanoidState":8,"_cameraCFrame":[763.109,244.099,35.017,-0.963,-0.242,0.118,0,0.439,0.898,-0.269,0.865,-0.423],"_shiftlockState":true,"_pose":"Running","_animationQueue":[],"_animationSpeed":1.103,"_zoom":16.125},{"_mousePosition":[683,384],"_rootPartCFrame":[762.628,228.13,42.239,-0.963,0,0.269,0,1,0,-0.269,0,-0.963],"_humanoidState":8,"_cameraCFrame":[762.811,244.251,35.221,-0.962,-0.249,0.116,0,0.422,0.907,-0.274,0.872,-0.405],"_shiftlockState":true,"_pose":"Running","_animationQueue":[],"_animationSpeed":1.103,"_zoom":16.125},{"_mousePosition":[683,384],"_rootPartCFrame":[762.372,228.139,42.167,-0.962,0,0.274,0,1,0,-0.274,0,-0.962],"_humanoidState":8,"_cameraCFrame":[762.492,244.391,35.425,-0.961,-0.253,0.112,0,0.404,0.915,-0.277,0.879,-0.388],"_shiftlockState":true,"_pose":"Running","_animationQueue":[["walk",0.1]],"_animationSpeed":1.103,"_zoom":16.125},{"_mousePosition":[683,384],"_rootPartCFrame":[762.115,228.144,42.094,-0.961,0,0.277,0,1,0,-0.277,0,-0.961],"_humanoidState":8,"_cameraCFrame":[762.213,244.483,35.546,-0.96,-0.259,0.11,0,0.391,0.92,-0.282,0.883,-0.376],"_shiftlockState":true,"_pose":"Running","_animationQueue":[],"_animationSpeed":1.103,"_zoom":16.125},{"_mousePosition":[683,384],"_rootPartCFrame":[761.859,228.147,42.021,-0.96,0,0.282,0,1,0,-0.282,0,-0.96],"_humanoidState":8,"_cameraCFrame":[761.932,244.571,35.667,-0.958,-0.265,0.109,0,0.379,0.925,-0.286,0.887,-0.363],"_shiftlockState":true,"_pose":"Running","_animationQueue":[],"_animationSpeed":1.103,"_zoom":16.125},{"_mousePosition":[683,384],"_rootPartCFrame":[761.603,228.149,41.946,-0.958,0,0.286,0,1,0,-0.286,0,-0.958],"_humanoidState":8,"_cameraCFrame":[761.657,244.643,35.76,-0.957,-0.271,0.107,0,0.368,0.93,-0.291,0.89,-0.352],"_shiftlockState":true,"_pose":"Running","_animationQueue":[],"_animationSpeed":1.103,"_zoom":16.125},{"_mousePosition":[683,384],"_rootPartCFrame":[761.348,228.15,41.869,-0.957,0,0.291,0,1,0,-0.291,0,-0.957],"_humanoidState":8,"_cameraCFrame":[761.398,244.689,35.796,-0.955,-0.276,0.107,0,0.361,0.933,-0.296,0.891,-0.345],"_shiftlockState":true,"_pose":"Running","_animationQueue":[],"_animationSpeed":1.103,"_zoom":16.125},{"_mousePosition":[683,384],"_rootPartCFrame":[761.092,228.15,41.792,-0.955,0,0.296,0,1,0,-0.296,0,-0.955],"_humanoidState":8,"_cameraCFrame":[761.139,244.734,35.831,-0.954,-0.282,0.106,0,0.353,0.935,-0.301,0.892,-0.337],"_shiftlockState":true,"_pose":"Running","_animationQueue":[],"_animationSpeed":1.103,"_zoom":16.125},{"_mousePosition":[683,384],"_rootPartCFrame":[760.838,228.15,41.713,-0.954,0,0.301,0,1,0,-0.301,0,-0.954],"_humanoidState":8,"_cameraCFrame":[760.878,244.779,35.864,-0.952,-0.287,0.106,0,0.346,0.938,-0.306,0.893,-0.33],"_shiftlockState":true,"_pose":"Running","_animationQueue":[],"_animationSpeed":1.103,"_zoom":16.125},{"_mousePosition":[683,384],"_rootPartCFrame":[760.583,228.15,41.633,-0.952,0,0.306,0,1,0,-0.306,0,-0.952],"_humanoidState":8,"_cameraCFrame":[760.556,244.874,36.037,-0.951,-0.291,0.102,0,0.33,0.944,-0.308,0.898,-0.314],"_shiftlockState":true,"_pose":"Running","_animationQueue":[["walk",0.1]],"_animationSpeed":1.103,"_zoom":16.125},{"_mousePosition":[683,384],"_rootPartCFrame":[760.329,228.15,41.551,-0.951,0,0.308,0,1,0,-0.308,0,-0.951],"_humanoidState":8,"_cameraCFrame":[760.257,244.925,36.097,-0.951,-0.292,0.099,0,0.32,0.947,-0.308,0.901,-0.305],"_shiftlockState":true,"_pose":"Running","_animationQueue":[],"_animationSpeed":1.103,"_zoom":16.125},{"_mousePosition":[683,384],"_rootPartCFrame":[760.076,228.15,41.469,-0.951,0,0.308,0,1,0,-0.308,0,-0.951],"_humanoidState":8,"_cameraCFrame":[759.948,244.985,36.185,-0.951,-0.293,0.095,0,0.309,0.951,-0.308,0.905,-0.294],"_shiftlockState":true,"_pose":"Running","_animationQueue":[],"_animationSpeed":1.103,"_zoom":16.125},{"_mousePosition":[683,384],"_rootPartCFrame":[759.822,228.15,41.387,-0.951,0,0.308,0,1,0,-0.308,0,-0.951],"_humanoidState":8,"_cameraCFrame":[759.657,245.023,36.217,-0.951,-0.294,0.093,0,0.302,0.953,-0.308,0.907,-0.287],"_shiftlockState":true,"_pose":"Running","_animationQueue":[],"_animationSpeed":1.103,"_zoom":16.125},{"_mousePosition":[683,384],"_rootPartCFrame":[759.568,228.15,41.305,-0.951,0,0.308,0,1,0,-0.308,0,-0.951],"_humanoidState":8,"_cameraCFrame":[759.345,245.07,36.278,-0.952,-0.292,0.089,0,0.293,0.956,-0.306,0.91,-0.279],"_shiftlockState":true,"_pose":"Running","_animationQueue":[],"_animationSpeed":1.103,"_zoom":16.125},{"_mousePosition":[683,384],"_rootPartCFrame":[759.315,228.15,41.223,-0.952,0,0.306,0,1,0,-0.306,0,-0.952],"_humanoidState":8,"_cameraCFrame":[759.017,245.106,36.313,-0.954,-0.286,0.085,0,0.285,0.959,-0.299,0.915,-0.272],"_shiftlockState":true,"_pose":"Running","_animationQueue":[],"_animationSpeed":1.103,"_zoom":16.125},{"_mousePosition":[683,384],"_rootPartCFrame":[759.061,228.15,41.141,-0.954,0,0.299,0,1,0,-0.299,0,-0.954],"_humanoidState":8,"_cameraCFrame":[758.703,245.142,36.348,-0.956,-0.282,0.082,0,0.278,0.961,-0.294,0.918,-0.265],"_shiftlockState":true,"_pose":"Running","_animationQueue":[],"_animationSpeed":1.103,"_zoom":16.125},{"_mousePosition":[683,384],"_rootPartCFrame":[758.806,228.15,41.061,-0.956,0,0.294,0,1,0,-0.294,0,-0.956],"_humanoidState":8,"_cameraCFrame":[758.398,245.168,36.357,-0.957,-0.278,0.079,0,0.272,0.962,-0.289,0.921,-0.26],"_shiftlockState":true,"_pose":"Running","_animationQueue":[["walk",0.1]],"_animationSpeed":1.103,"_zoom":16.125},{"_mousePosition":[683,384],"_rootPartCFrame":[758.552,228.15,40.983,-0.957,0,0.289,0,1,0,-0.289,0,-0.957],"_humanoidState":8,"_cameraCFrame":[758.09,245.184,36.34,-0.96,-0.271,0.076,0,0.268,0.963,-0.282,0.924,-0.257],"_shiftlockState":true,"_pose":"Running","_animationQueue":[],"_animationSpeed":1.103,"_zoom":16.125},{"_mousePosition":[683,384],"_rootPartCFrame":[758.296,228.15,40.906,-0.96,0,0.282,0,1,0,-0.282,0,-0.96],"_humanoidState":8,"_cameraCFrame":[757.763,245.21,36.355,-0.962,-0.262,0.071,0,0.263,0.965,-0.272,0.929,-0.253],"_shiftlockState":true,"_pose":"Running","_animationQueue":[],"_animationSpeed":1.103,"_zoom":16.125},{"_mousePosition":[683,384],"_rootPartCFrame":[758.04,228.15,40.83,-0.962,0,0.272,0,1,0,-0.272,0,-0.962],"_humanoidState":8,"_cameraCFrame":[757.438,245.234,36.373,-0.965,-0.253,0.067,0,0.257,0.966,-0.262,0.933,-0.248],"_shiftlockState":true,"_pose":"Running","_animationQueue":[],"_animationSpeed":1.103,"_zoom":16.125},{"_mousePosition":[683,384],"_rootPartCFrame":[757.784,228.15,40.758,-0.965,0,0.262,0,1,0,-0.262,0,-0.965],"_humanoidState":8,"_cameraCFrame":[757.094,245.266,36.426,-0.968,-0.242,0.062,0,0.249,0.968,-0.25,0.938,-0.242],"_shiftlockState":true,"_pose":"Running","_animationQueue":[],"_animationSpeed":1.103,"_zoom":16.125},{"_mousePosition":[683,384],"_rootPartCFrame":[757.527,228.15,40.688,-0.968,0,0.25,0,1,0,-0.25,0,-0.968],"_humanoidState":8,"_cameraCFrame":[756.725,245.304,36.517,-0.973,-0.226,0.056,0,0.24,0.971,-0.233,0.944,-0.233],"_shiftlockState":true,"_pose":"Running","_animationQueue":[],"_animationSpeed":1.103,"_zoom":16.125},{"_mousePosition":[683,384],"_rootPartCFrame":[757.269,228.15,40.621,-0.973,0,0.233,0,1,0,-0.233,0,-0.973],"_humanoidState":8,"_cameraCFrame":[756.394,245.327,36.55,-0.975,-0.214,0.052,0,0.234,0.972,-0.22,0.948,-0.229],"_shiftlockState":true,"_pose":"Running","_animationQueue":[],"_animationSpeed":1.103,"_zoom":16.125},{"_mousePosition":[683,384],"_rootPartCFrame":[757.009,228.15,40.558,-0.975,0,0.22,0,1,0,-0.22,0,-0.975],"_humanoidState":8,"_cameraCFrame":[756.038,245.356,36.623,-0.979,-0.198,0.046,0,0.227,0.974,-0.203,0.954,-0.222],"_shiftlockState":true,"_pose":"Running","_animationQueue":[["walk",0.1]],"_animationSpeed":1.103,"_zoom":16.125},{"_mousePosition":[683,384],"_rootPartCFrame":[756.749,228.15,40.499,-0.979,0,0.203,0,1,0,-0.203,0,-0.979],"_humanoidState":8,"_cameraCFrame":[755.691,245.377,36.673,-0.983,-0.181,0.041,0,0.221,0.975,-0.186,0.958,-0.217],"_shiftlockState":true,"_pose":"Running","_animationQueue":[],"_animationSpeed":1.103,"_zoom":16.125},{"_mousePosition":[683,384],"_rootPartCFrame":[756.488,228.15,40.445,-0.983,0,0.186,0,1,0,-0.186,0,-0.983],"_humanoidState":8,"_cameraCFrame":[755.371,245.39,36.692,-0.985,-0.169,0.038,0,0.217,0.976,-0.173,0.961,-0.214],"_shiftlockState":true,"_pose":"Running","_animationQueue":[],"_animationSpeed":1.103,"_zoom":16.125},{"_mousePosition":[683,384],"_rootPartCFrame":[756.226,228.15,40.395,-0.985,0,0.173,0,1,0,-0.173,0,-0.985],"_humanoidState":8,"_cameraCFrame":[755.062,245.404,36.714,-0.987,-0.159,0.035,0,0.213,0.977,-0.163,0.964,-0.211],"_shiftlockState":true,"_pose":"Running","_animationQueue":[],"_animationSpeed":1.103,"_zoom":16.125},{"_mousePosition":[683,384],"_rootPartCFrame":[755.964,228.15,40.348,-0.987,0,0.163,0,1,0,-0.163,0,-0.987],"_humanoidState":8,"_cameraCFrame":[754.785,245.411,36.701,-0.987,-0.157,0.034,0,0.211,0.977,-0.161,0.965,-0.209],"_shiftlockState":true,"_pose":"Running","_animationQueue":[],"_animationSpeed":1.103,"_zoom":16.125},{"_mousePosition":[683,384],"_rootPartCFrame":[755.701,228.15,40.305,-0.987,0,0.161,0,1,0,-0.161,0,-0.987],"_humanoidState":8,"_cameraCFrame":[754.508,245.417,36.691,-0.987,-0.155,0.033,0,0.21,0.978,-0.158,0.965,-0.207],"_shiftlockState":true,"_pose":"Running","_animationQueue":[],"_animationSpeed":1.103,"_zoom":16.125},{"_mousePosition":[683,384],"_rootPartCFrame":[755.438,228.15,40.262,-0.987,0,0.158,0,1,0,-0.158,0,-0.987],"_humanoidState":8,"_cameraCFrame":[754.24,245.424,36.678,-0.987,-0.155,0.033,0,0.208,0.978,-0.158,0.966,-0.205],"_shiftlockState":true,"_pose":"Running","_animationQueue":[],"_animationSpeed":1.103,"_zoom":16.125},{"_mousePosition":[683,384],"_rootPartCFrame":[755.174,228.15,40.219,-0.987,0,0.158,0,1,0,-0.158,0,-0.987],"_humanoidState":8,"_cameraCFrame":[753.967,245.424,36.639,-0.988,-0.152,0.032,0,0.208,0.978,-0.156,0.966,-0.205],"_shiftlockState":true,"_pose":"Running","_animationQueue":[["walk",0.1]],"_animationSpeed":1.103,"_zoom":16.125},{"_mousePosition":[683,384],"_rootPartCFrame":[754.911,228.15,40.177,-0.988,0,0.156,0,1,0,-0.156,0,-0.988],"_humanoidState":8,"_cameraCFrame":[753.704,245.424,36.597,-0.988,-0.152,0.032,0,0.208,0.978,-0.156,0.966,-0.205],"_shiftlockState":true,"_pose":"Running","_animationQueue":[],"_animationSpeed":1.103,"_zoom":16.125},{"_mousePosition":[683,384],"_rootPartCFrame":[754.647,228.15,40.136,-0.988,0,0.156,0,1,0,-0.156,0,-0.988],"_humanoidState":8,"_cameraCFrame":[753.436,245.43,36.585,-0.988,-0.152,0.032,0,0.206,0.979,-0.156,0.967,-0.203],"_shiftlockState":true,"_pose":"Running","_animationQueue":[],"_animationSpeed":1.103,"_zoom":16.125},{"_mousePosition":[683,384],"_rootPartCFrame":[754.384,228.15,40.094,-0.988,0,0.156,0,1,0,-0.156,0,-0.988],"_humanoidState":8,"_cameraCFrame":[753.167,245.437,36.574,-0.988,-0.152,0.032,0,0.204,0.979,-0.156,0.967,-0.201],"_shiftlockState":true,"_pose":"Running","_animationQueue":[],"_animationSpeed":1.103,"_zoom":16.125},{"_mousePosition":[683,384],"_rootPartCFrame":[754.121,228.15,40.053,-0.988,0,0.156,0,1,0,-0.156,0,-0.988],"_humanoidState":8,"_cameraCFrame":[752.908,245.443,36.56,-0.987,-0.155,0.032,0,0.202,0.979,-0.158,0.967,-0.199],"_shiftlockState":true,"_pose":"Running","_animationQueue":[],"_animationSpeed":1.103,"_zoom":16.125},{"_mousePosition":[683,384],"_rootPartCFrame":[753.857,228.15,40.011,-0.987,0,0.158,0,1,0,-0.158,0,-0.987],"_humanoidState":8,"_cameraCFrame":[752.67,245.456,36.567,-0.986,-0.165,0.033,0,0.198,0.98,-0.168,0.966,-0.195],"_shiftlockState":true,"_pose":"Running","_animationQueue":[],"_animationSpeed":1.103,"_zoom":16.125},{"_mousePosition":[683,384],"_rootPartCFrame":[753.594,228.15,39.969,-0.986,0,0.168,0,1,0,-0.168,0,-0.986],"_humanoidState":8,"_cameraCFrame":[752.473,245.468,36.559,-0.982,-0.187,0.037,0,0.194,0.981,-0.191,0.963,-0.191],"_shiftlockState":true,"_pose":"Running","_animationQueue":[],"_animationSpeed":1.103,"_zoom":16.125},{"_mousePosition":[683,384],"_rootPartCFrame":[753.331,228.15,39.924,-0.982,0,0.191,0,1,0,-0.191,0,-0.982],"_humanoidState":8,"_cameraCFrame":[752.327,245.48,36.535,-0.974,-0.224,0.043,0,0.19,0.982,-0.228,0.956,-0.185],"_shiftlockState":true,"_pose":"Running","_animationQueue":[["walk",0.1]],"_animationSpeed":1.103,"_zoom":16.125},{"_mousePosition":[683,384],"_rootPartCFrame":[753.069,228.15,39.874,-0.974,0,0.228,0,1,0,-0.228,0,-0.974],"_humanoidState":8,"_cameraCFrame":[752.178,245.504,36.563,-0.963,-0.265,0.049,0,0.183,0.983,-0.269,0.947,-0.176],"_shiftlockState":true,"_pose":"Running","_animationQueue":[],"_animationSpeed":1.103,"_zoom":16.125},{"_mousePosition":[683,384],"_rootPartCFrame":[752.809,228.15,39.814,-0.963,0,0.269,0,1,0,-0.269,0,-0.963],"_humanoidState":8,"_cameraCFrame":[752.057,245.521,36.55,-0.948,-0.313,0.056,0,0.177,0.984,-0.318,0.933,-0.168],"_shiftlockState":true,"_pose":"Running","_animationQueue":[],"_animationSpeed":1.103,"_zoom":16.125},{"_mousePosition":[683,384],"_rootPartCFrame":[752.552,228.15,39.743,-0.948,0,0.318,0,1,0,-0.318,0,-0.948],"_humanoidState":8,"_cameraCFrame":[751.955,245.53,36.496,-0.93,-0.362,0.064,0,0.174,0.985,-0.368,0.916,-0.161],"_shiftlockState":true,"_pose":"Running","_animationQueue":[],"_animationSpeed":1.103,"_zoom":16.125},{"_mousePosition":[683,384],"_rootPartCFrame":[752.299,228.15,39.659,-0.93,0,0.368,0,1,0,-0.368,0,-0.93],"_humanoidState":8,"_cameraCFrame":[751.85,245.53,36.388,-0.912,-0.403,0.071,0,0.174,0.985,-0.41,0.898,-0.158],"_shiftlockState":true,"_pose":"Running","_animationQueue":[],"_animationSpeed":1.103,"_zoom":16.125},{"_mousePosition":[683,384],"_rootPartCFrame":[752.051,228.15,39.562,-0.912,0,0.41,0,1,0,-0.41,0,-0.912],"_humanoidState":8,"_cameraCFrame":[751.743,245.53,36.275,-0.894,-0.442,0.078,0,0.174,0.985,-0.449,0.88,-0.155],"_shiftlockState":true,"_pose":"Running","_animationQueue":[],"_animationSpeed":1.103,"_zoom":16.125},{"_mousePosition":[683,384],"_rootPartCFrame":[751.807,228.15,39.454,-0.894,0,0.449,0,1,0,-0.449,0,-0.894],"_humanoidState":8,"_cameraCFrame":[751.707,245.53,36.154,-0.864,-0.496,0.088,0,0.174,0.985,-0.504,0.85,-0.15],"_shiftlockState":true,"_pose":"Running","_animationQueue":[],"_animationSpeed":1.103,"_zoom":16.125},{"_mousePosition":[683,384],"_rootPartCFrame":[751.568,228.15,39.335,-0.864,0,0.504,0,1,0,-0.504,0,-0.864],"_humanoidState":8,"_cameraCFrame":[751.519,245.53,36.034,-0.856,-0.509,0.09,0,0.174,0.985,-0.517,0.843,-0.149],"_shiftlockState":true,"_pose":"Running","_animationQueue":[["walk",0.1]],"_animationSpeed":1.103,"_zoom":16.125},{"_mousePosition":[683,384],"_rootPartCFrame":[751.337,228.15,39.202,-0.856,0,0.517,0,1,0,-0.517,0,-0.856],"_humanoidState":8,"_cameraCFrame":[751.305,245.53,35.9,-0.853,-0.514,0.091,0,0.174,0.985,-0.522,0.84,-0.148],"_shiftlockState":true,"_pose":"Running","_animationQueue":[],"_animationSpeed":1.103,"_zoom":16.125},{"_mousePosition":[683,384],"_rootPartCFrame":[751.109,228.15,39.064,-0.853,0,0.522,0,1,0,-0.522,0,-0.853],"_humanoidState":8,"_cameraCFrame":[750.934,245.53,35.767,-0.875,-0.477,0.084,0,0.174,0.985,-0.484,0.862,-0.152],"_shiftlockState":true,"_pose":"Running","_animationQueue":[],"_animationSpeed":1.103,"_zoom":16.125},{"_mousePosition":[683,384],"_rootPartCFrame":[750.881,228.15,38.925,-0.875,0,0.484,0,1,0,-0.484,0,-0.875],"_humanoidState":8,"_cameraCFrame":[750.47,245.525,35.623,-0.909,-0.41,0.073,0,0.176,0.984,-0.417,0.895,-0.16],"_shiftlockState":true,"_pose":"Running","_animationQueue":[],"_animationSpeed":1.103,"_zoom":16.125},{"_mousePosition":[683,384],"_rootPartCFrame":[750.649,228.15,38.795,-0.909,0,0.417,0,1,0,-0.417,0,-0.909],"_humanoidState":8,"_cameraCFrame":[749.974,245.519,35.509,-0.941,-0.334,0.06,0,0.177,0.984,-0.339,0.926,-0.167],"_shiftlockState":true,"_pose":"Running","_animationQueue":[],"_animationSpeed":1.103,"_zoom":16.125},{"_mousePosition":[683,384],"_rootPartCFrame":[750.407,228.15,38.683,-0.941,0,0.339,0,1,0,-0.339,0,-0.941],"_humanoidState":8,"_cameraCFrame":[749.468,245.514,35.435,-0.966,-0.255,0.047,0,0.179,0.984,-0.26,0.95,-0.173],"_shiftlockState":true,"_pose":"Running","_animationQueue":[],"_animationSpeed":1.103,"_zoom":16.125},{"_mousePosition":[683,384],"_rootPartCFrame":[750.164,228.116,38.572,-0.966,0,0.26,0,1,0,-0.26,0,-0.966],"_humanoidState":8,"_cameraCFrame":[748.942,245.48,35.419,-0.985,-0.17,0.031,0,0.179,0.984,-0.173,0.969,-0.177],"_shiftlockState":true,"_pose":"Running","_animationQueue":[],"_animationSpeed":1.103,"_zoom":16.125},{"_mousePosition":[683,384],"_rootPartCFrame":[749.922,228.028,38.461,-0.985,0,0.173,0,1,0,-0.173,0,-0.985],"_humanoidState":8,"_cameraCFrame":[748.426,245.391,35.429,-0.996,-0.084,0.015,0,0.179,0.984,-0.085,0.98,-0.179],"_shiftlockState":true,"_pose":"Running","_animationQueue":[["walk",0.1]],"_animationSpeed":1.103,"_zoom":16.125},{"_mousePosition":[683,384],"_rootPartCFrame":[749.68,227.885,38.35,-0.996,0,0.085,0,1,0,-0.085,0,-0.996],"_humanoidState":8,"_cameraCFrame":[747.957,245.254,35.471,-1,-0.009,0.002,0,0.177,0.984,-0.01,0.984,-0.177],"_shiftlockState":true,"_pose":"Running","_animationQueue":[],"_animationSpeed":1.103,"_zoom":16.125},{"_mousePosition":[683,384],"_rootPartCFrame":[749.437,227.687,38.238,-1,0,0.01,0,1,0,-0.01,0,-1],"_humanoidState":8,"_cameraCFrame":[747.581,245.067,35.508,-0.999,0.038,-0.007,0,0.174,0.985,0.038,0.984,-0.174],"_shiftlockState":true,"_pose":"Running","_animationQueue":[],"_animationSpeed":1.103,"_zoom":16.125},{"_mousePosition":[683,384],"_rootPartCFrame":[749.195,227.435,38.127,-0.999,0,-0.038,0,1,0,0.038,0,-0.999],"_humanoidState":8,"_cameraCFrame":[747.263,244.815,35.449,-0.998,0.065,-0.012,0,0.174,0.985,0.066,0.983,-0.173],"_shiftlockState":true,"_pose":"Running","_animationQueue":[],"_animationSpeed":1.103,"_zoom":16.125},{"_mousePosition":[683,384],"_rootPartCFrame":[748.952,228.308,38.016,-0.998,0,-0.066,0,1,0,0.066,0,-0.998],"_humanoidState":3,"_cameraCFrame":[747.021,245.688,35.338,-0.998,0.065,-0.012,0,0.174,0.985,0.066,0.983,-0.173],"_shiftlockState":true,"_pose":"Jumping","_animationQueue":[["walk",0.1],["jump",0.1]],"_animationSpeed":1,"_zoom":16.125},{"_mousePosition":[683,384],"_rootPartCFrame":[748.705,229.13,37.93,-1,0,0.026,0,1,0,-0.026,0,-1],"_humanoidState":5,"_cameraCFrame":[746.774,246.51,35.252,-0.998,0.065,-0.012,0,0.174,0.985,0.066,0.983,-0.173],"_shiftlockState":true,"_pose":"FreeFall","_animationQueue":[["jump",0.1]],"_animationSpeed":1,"_zoom":16.125},{"_mousePosition":[683,384],"_rootPartCFrame":[748.451,229.898,37.882,-0.998,0,0.062,0,1,0,-0.062,0,-0.998],"_humanoidState":5,"_cameraCFrame":[746.52,247.278,35.204,-0.998,0.065,-0.012,0,0.174,0.985,0.066,0.983,-0.173],"_shiftlockState":true,"_pose":"FreeFall","_animationQueue":[],"_animationSpeed":1,"_zoom":16.125},{"_mousePosition":[683,384],"_rootPartCFrame":[748.19,230.611,37.873,-0.998,0,0.066,0,1,0,-0.066,0,-0.998],"_humanoidState":5,"_cameraCFrame":[746.258,247.991,35.195,-0.998,0.065,-0.012,0,0.174,0.985,0.066,0.983,-0.173],"_shiftlockState":true,"_pose":"FreeFall","_animationQueue":[],"_animationSpeed":1,"_zoom":16.125},{"_mousePosition":[683,384],"_rootPartCFrame":[747.924,231.269,37.889,-0.998,0,0.067,0,1,0,-0.067,0,-0.998],"_humanoidState":5,"_cameraCFrame":[745.993,248.649,35.211,-0.998,0.065,-0.012,0,0.174,0.985,0.066,0.983,-0.173],"_shiftlockState":true,"_pose":"FreeFall","_animationQueue":[],"_animationSpeed":1,"_zoom":16.125},{"_mousePosition":[683,384],"_rootPartCFrame":[747.658,231.873,37.907,-0.998,0,0.067,0,1,0,-0.067,0,-0.998],"_humanoidState":5,"_cameraCFrame":[745.74,249.253,35.219,-0.998,0.06,-0.011,0,0.174,0.985,0.061,0.983,-0.173],"_shiftlockState":true,"_pose":"FreeFall","_animationQueue":[],"_animationSpeed":1,"_zoom":16.125},{"_mousePosition":[683,384],"_rootPartCFrame":[747.392,232.423,37.925,-0.997,0,0.072,0,1,0,-0.072,0,-0.997],"_humanoidState":5,"_cameraCFrame":[745.481,249.803,35.232,-0.998,0.058,-0.01,0,0.174,0.985,0.059,0.983,-0.173],"_shiftlockState":true,"_pose":"FreeFall","_animationQueue":[],"_animationSpeed":1,"_zoom":16.125},{"_mousePosition":[683,384],"_rootPartCFrame":[747.126,232.918,37.941,-0.997,0,0.074,0,1,0,-0.074,0,-0.997],"_humanoidState":5,"_cameraCFrame":[745.221,250.298,35.244,-0.998,0.055,-0.01,0,0.174,0.985,0.056,0.983,-0.173],"_shiftlockState":true,"_pose":"FreeFall","_animationQueue":[],"_animationSpeed":1,"_zoom":16.125},{"_mousePosition":[683,384],"_rootPartCFrame":[746.86,233.358,37.957,-0.997,0,0.077,0,1,0,-0.077,0,-0.997],"_humanoidState":5,"_cameraCFrame":[744.955,250.739,35.26,-0.998,0.055,-0.01,0,0.174,0.985,0.056,0.983,-0.173],"_shiftlockState":true,"_pose":"FreeFall","_animationQueue":[],"_animationSpeed":1,"_zoom":16.125},{"_mousePosition":[683,384],"_rootPartCFrame":[746.594,233.745,37.972,-0.997,0,0.077,0,1,0,-0.077,0,-0.997],"_humanoidState":5,"_cameraCFrame":[744.689,251.125,35.275,-0.998,0.055,-0.01,0,0.174,0.985,0.056,0.983,-0.173],"_shiftlockState":true,"_pose":"FreeFall","_animationQueue":[],"_animationSpeed":1,"_zoom":16.125},{"_mousePosition":[683,384],"_rootPartCFrame":[746.327,234.076,37.987,-0.997,0,0.077,0,1,0,-0.077,0,-0.997],"_humanoidState":5,"_cameraCFrame":[744.423,251.456,35.29,-0.998,0.055,-0.01,0,0.174,0.985,0.056,0.983,-0.173],"_shiftlockState":true,"_pose":"FreeFall","_animationQueue":[],"_animationSpeed":1,"_zoom":16.125},{"_mousePosition":[683,384],"_rootPartCFrame":[746.061,234.353,38.002,-0.997,0,0.077,0,1,0,-0.077,0,-0.997],"_humanoidState":5,"_cameraCFrame":[744.156,251.733,35.305,-0.998,0.055,-0.01,0,0.174,0.985,0.056,0.983,-0.173],"_shiftlockState":true,"_pose":"FreeFall","_animationQueue":[],"_animationSpeed":1,"_zoom":16.125},{"_mousePosition":[683,384],"_rootPartCFrame":[745.794,234.576,38.017,-0.997,0,0.077,0,1,0,-0.077,0,-0.997],"_humanoidState":5,"_cameraCFrame":[743.883,251.956,35.324,-0.998,0.058,-0.01,0,0.174,0.985,0.059,0.983,-0.173],"_shiftlockState":true,"_pose":"FreeFall","_animationQueue":[],"_animationSpeed":1,"_zoom":16.125},{"_mousePosition":[683,384],"_rootPartCFrame":[745.528,234.744,38.032,-0.997,0,0.074,0,1,0,-0.074,0,-0.997],"_humanoidState":5,"_cameraCFrame":[743.603,252.124,35.349,-0.998,0.063,-0.011,0,0.174,0.985,0.064,0.983,-0.173],"_shiftlockState":true,"_pose":"FreeFall","_animationQueue":[],"_animationSpeed":1,"_zoom":16.125},{"_mousePosition":[683,384],"_rootPartCFrame":[745.262,234.857,38.048,-0.998,0,0.069,0,1,0,-0.069,0,-0.998],"_humanoidState":5,"_cameraCFrame":[743.324,252.237,35.374,-0.998,0.068,-0.012,0,0.174,0.985,0.069,0.982,-0.173],"_shiftlockState":true,"_pose":"FreeFall","_animationQueue":[],"_animationSpeed":1,"_zoom":16.125},{"_mousePosition":[683,384],"_rootPartCFrame":[744.996,234.916,38.064,-0.998,0,0.064,0,1,0,-0.064,0,-0.998],"_humanoidState":5,"_cameraCFrame":[743.051,252.296,35.396,-0.997,0.07,-0.012,0,0.174,0.985,0.071,0.982,-0.173],"_shiftlockState":true,"_pose":"FreeFall","_animationQueue":[["fall",0.3]],"_animationSpee