[{"_mousePosition":[860,442],"_rootPartCFrame":[776.027,222.7,47.142,0,0,1,0,1,0,-1,0,0],"_humanoidState":8,"_cameraCFrame":[774.553,239.829,33.717,-0.994,0.083,-0.071,0,0.654,0.757,0.109,0.752,-0.65],"_shiftlockState":false,"_pose":"Standing","_animationQueue":[],"_animationSpeed":1,"_zoom":20.656},{"_mousePosition":[860,442],"_rootPartCFrame":[775.782,222.7,47.169,-0.015,0,1,0,1,0,-1,0,-0.015],"_humanoidState":8,"_cameraCFrame":[774.345,239.855,33.771,-0.994,0.081,-0.07,0,0.652,0.758,0.107,0.754,-0.649],"_shiftlockState":false,"_pose":"Standing","_animationQueue":[],"_animationSpeed":1,"_zoom":20.656},{"_mousePosition":[860,442],"_rootPartCFrame":[775.518,222.7,47.198,-0.028,0,1,0,1,0,-1,0,-0.028],"_humanoidState":8,"_cameraCFrame":[774.186,239.882,33.82,-0.995,0.075,-0.064,0,0.651,0.759,0.099,0.755,-0.648],"_shiftlockState":false,"_pose":"Running","_animationQueue":[["walk",0.1]],"_animationSpeed":1.066,"_zoom":20.656},{"_mousePosition":[860,442],"_rootPartCFrame":[775.253,222.7,47.227,-0.038,0,0.999,0,1,0,-0.999,0,-0.038],"_humanoidState":8,"_cameraCFrame":[774.061,239.934,33.896,-0.996,0.068,-0.058,0,0.648,0.762,0.089,0.759,-0.645],"_shiftlockState":false,"_pose":"Running","_animationQueue":[["walk",0.1]],"_animationSpeed":1.066,"_zoom":20.656},{"_mousePosition":[860,442],"_rootPartCFrame":[774.987,222.7,47.253,-0.047,0,0.999,0,1,0,-0.999,0,-0.047],"_humanoidState":8,"_cameraCFrame":[774.037,239.986,33.965,-0.997,0.055,-0.046,0,0.645,0.764,0.071,0.762,-0.643],"_shiftlockState":false,"_pose":"Running","_animationQueue":[],"_animationSpeed":1.066,"_zoom":20.656},{"_mousePosition":[860,442],"_rootPartCFrame":[774.722,222.7,47.277,-0.053,0,0.999,0,1,0,-0.999,0,-0.053],"_humanoidState":8,"_cameraCFrame":[774.077,240.038,34.033,-0.999,0.037,-0.031,0,0.642,0.767,0.049,0.766,-0.641],"_shiftlockState":false,"_pose":"Running","_animationQueue":[],"_animationSpeed":1.066,"_zoom":20.656},{"_mousePosition":[860,442],"_rootPartCFrame":[774.456,222.7,47.297,-0.055,0,0.998,0,1,0,-0.998,0,-0.055],"_humanoidState":8,"_cameraCFrame":[774.216,240.141,34.162,-1,0.014,-0.012,0,0.636,0.772,0.018,0.772,-0.636],"_shiftlockState":false,"_pose":"Running","_animationQueue":[],"_animationSpeed":1.066,"_zoom":20.656},{"_mousePosition":[860,442],"_rootPartCFrame":[774.189,222.7,47.31,-0.055,0,0.998,0,1,0,-0.998,0,-0.055],"_humanoidState":8,"_cameraCFrame":[774.314,240.242,34.299,-1,-0.007,0.006,0,0.63,0.777,-0.01,0.777,-0.63],"_shiftlockState":false,"_pose":"Running","_animationQueue":[],"_animationSpeed":1.066,"_zoom":20.656},{"_mousePosition":[860,442],"_rootPartCFrame":[773.923,222.7,47.316,-0.05,0,0.999,0,1,0,-0.999,0,-0.05],"_humanoidState":8,"_cameraCFrame":[774.372,240.343,34.437,-0.999,-0.027,0.022,0,0.624,0.782,-0.035,0.781,-0.623],"_shiftlockState":false,"_pose":"Running","_animationQueue":[],"_animationSpeed":1.066,"_zoom":20.656},{"_mousePosition":[860,442],"_rootPartCFrame":[773.656,222.7,47.314,-0.043,0,0.999,0,1,0,-0.999,0,-0.043],"_humanoidState":8,"_cameraCFrame":[774.39,240.468,34.606,-0.998,-0.045,0.036,0,0.616,0.788,-0.058,0.786,-0.615],"_shiftlockState":false,"_pose":"Running","_animationQueue":[],"_animationSpeed":1.066,"_zoom":20.656},{"_mousePosition":[860,442],"_rootPartCFrame":[773.39,222.7,47.305,-0.033,0,0.999,0,1,0,-0.999,0,-0.033],"_humanoidState":8,"_cameraCFrame":[774.4,240.591,34.776,-0.997,-0.064,0.049,0,0.609,0.794,-0.08,0.791,-0.607],"_shiftlockState":false,"_pose":"Running","_animationQueue":[["walk",0.1]],"_animationSpeed":1.066,"_zoom":20.656},{"_mousePosition":[860,442],"_rootPartCFrame":[773.123,222.7,47.29,-0.021,0,1,0,1,0,-1,0,-0.021],"_humanoidState":8,"_cameraCFrame":[774.191,240.64,34.83,-0.996,-0.068,0.052,0,0.605,0.796,-0.085,0.793,-0.603],"_shiftlockState":false,"_pose":"Running","_animationQueue":[],"_animationSpeed":1.066,"_zoom":20.656},{"_mousePosition":[860,442],"_rootPartCFrame":[772.857,222.7,47.269,-0.007,0,1,0,1,0,-1,0,-0.007],"_humanoidState":8,"_cameraCFrame":[773.954,240.665,34.844,-0.996,-0.07,0.053,0,0.604,0.797,-0.088,0.794,-0.602],"_shiftlockState":false,"_pose":"Running","_animationQueue":[],"_animationSpeed":1.066,"_zoom":20.656},{"_mousePosition":[860,442],"_rootPartCFrame":[772.592,222.7,47.247,0.005,0,1,0,1,0,-1,0,0.005],"_humanoidState":8,"_cameraCFrame":[773.72,240.665,34.824,-0.996,-0.072,0.055,0,0.604,0.797,-0.09,0.794,-0.601],"_shiftlockState":false,"_pose":"Running","_animationQueue":[],"_animationSpeed":1.066,"_zoom":20.656},{"_mousePosition":[860,442],"_rootPartCFrame":[772.326,222.7,47.223,0.016,0,1,0,1,0,-1,0,0.016],"_humanoidState":8,"_cameraCFrame":[773.445,240.737,34.897,-0.996,-0.072,0.054,0,0.599,0.801,-0.09,0.797,-0.597],"_shiftlockState":false,"_pose":"Running","_animationQueue":[],"_animationSpeed":1.066,"_zoom":20.656},{"_mousePosition":[860,442],"_rootPartCFrame":[772.06,222.7,47.199,0.026,0,1,0,1,0,-1,0,0.026],"_humanoidState":8,"_cameraCFrame":[773.168,240.833,35.002,-0.996,-0.073,0.054,0,0.593,0.805,-0.09,0.802,-0.59],"_shiftlockState":false,"_pose":"Running","_animationQueue":[],"_animationSpeed":1.066,"_zoom":20.656},{"_mousePosition":[860,442],"_rootPartCFrame":[771.795,222.7,47.175,0.035,0,0.999,0,1,0,-0.999,0,0.035],"_humanoidState":8,"_cameraCFrame":[772.891,240.928,35.107,-0.996,-0.073,0.053,0,0.587,0.81,-0.09,0.807,-0.584],"_shiftlockState":false,"_pose":"Running","_animationQueue":[],"_animationSpeed":1.066,"_zoom":20.656},{"_mousePosition":[860,442],"_rootPartCFrame":[771.529,222.7,47.151,0.042,0,0.999,0,1,0,-0.999,0,0.042],"_humanoidState":8,"_cameraCFrame":[772.613,241.022,35.213,-0.996,-0.074,0.052,0,0.58,0.814,-0.09,0.811,-0.578],"_shiftlockState":false,"_pose":"Running","_animationQueue":[["walk",0.1]],"_animationSpeed":1.066,"_zoom":20.656},{"_mousePosition":[860,442],"_rootPartCFrame":[771.264,222.7,47.127,0.049,0,0.999,0,1,0,-0.999,0,0.049],"_humanoidState":8,"_cameraCFrame":[772.339,241.092,35.287,-0.996,-0.074,0.052,0,0.576,0.818,-0.09,0.814,-0.573],"_shiftlockState":false,"_pose":"Running","_animationQueue":[],"_animationSpeed":1.066,"_zoom":20.656},{"_mousePosition":[860,442],"_rootPartCFrame":[770.998,222.7,47.103,0.055,0,0.999,0,1,0,-0.999,0,0.055],"_humanoidState":8,"_cameraCFrame":[772.064,241.161,35.362,-0.996,-0.074,0.052,0,0.571,0.821,-0.09,0.818,-0.568],"_shiftlockState":false,"_pose":"Running","_animationQueue":[],"_animationSpeed":1.066,"_zoom":20.656},{"_mousePosition":[860,442],"_rootPartCFrame":[770.732,222.7,47.079,0.059,0,0.998,0,1,0,-0.998,0,0.059],"_humanoidState":8,"_cameraCFrame":[771.79,241.23,35.436,-0.996,-0.075,0.051,0,0.566,0.824,-0.09,0.821,-0.564],"_shiftlockState":false,"_pose":"Running","_animationQueue":[],"_animationSpeed":1.066,"_zoom":20.656},{"_mousePosition":[860,442],"_rootPartCFrame":[770.467,222.7,47.054,0.064,0,0.998,0,1,0,-0.998,0,0.064],"_humanoidState":8,"_cameraCFrame":[771.515,241.298,35.512,-0.996,-0.075,0.051,0,0.561,0.828,-0.09,0.824,-0.559],"_shiftlockState":false,"_pose":"Running","_animationQueue":[],"_animationSpeed":1.066,"_zoom":20.656},{"_mousePosition":[860,442],"_rootPartCFrame":[770.267,222.679,47.036,0.067,0,0.998,0,1,0,-0.998,0,0.067],"_humanoidState":8,"_cameraCFrame":[771.31,241.322,35.56,-0.996,-0.075,0.05,0,0.558,0.83,-0.09,0.827,-0.556],"_shiftlockState":false,"_pose":"Running","_animationQueue":[],"_animationSpeed":1.066,"_zoom":20.656},{"_mousePosition":[860,442],"_rootPartCFrame":[769.935,222.577,47.006,0.072,0,0.997,0,1,0,-0.997,0,0.072],"_humanoidState":8,"_cameraCFrame":[770.972,241.265,35.597,-0.996,-0.075,0.05,0,0.555,0.832,-0.09,0.829,-0.552],"_shiftlockState":false,"_pose":"Running","_animationQueue":[],"_animationSpeed":1.066,"_zoom":20.656},{"_mousePosition":[860,442],"_rootPartCFrame":[769.67,222.434,46.982,0.076,0,0.997,0,1,0,-0.997,0,0.076],"_humanoidState":8,"_cameraCFrame":[770.637,241.211,35.701,-0.996,-0.071,0.047,0,0.548,0.836,-0.085,0.833,-0.546],"_shiftlockState":false,"_pose":"Running","_animationQueue":[["walk",0.1]],"_animationSpeed":1.066,"_zoom":20.656},{"_mousePosition":[860,442],"_rootPartCFrame":[769.404,223.307,46.958,0.08,0,0.997,0,1,0,-0.997,0,0.08],"_humanoidState":3,"_cameraCFrame":[770.337,242.128,35.742,-0.997,-0.069,0.045,0,0.545,0.839,-0.083,0.836,-0.543],"_shiftlockState":false,"_pose":"Jumping","_animationQueue":[["walk",0.1],["jump",0.1]],"_animationSpeed":1,"_zoom":20.656},{"_mousePosition":[860,442],"_rootPartCFrame":[769.139,224.129,46.935,0.082,0,0.997,0,1,0,-0.997,0,0.082],"_humanoidState":5,"_cameraCFrame":[770.069,242.972,35.752,-0.997,-0.07,0.045,0,0.543,0.84,-0.083,0.837,-0.541],"_shiftlockState":false,"_pose":"FreeFall","_animationQueue":[["jump",0.1]],"_animationSpeed":1,"_zoom":20.656},{"_mousePosition":[860,442],"_rootPartCFrame":[768.873,224.897,46.913,0.082,0,0.997,0,1,0,-0.997,0,0.082],"_humanoidState":5,"_cameraCFrame":[769.8,243.761,35.764,-0.997,-0.07,0.045,0,0.542,0.841,-0.083,0.838,-0.54],"_shiftlockState":false,"_pose":"FreeFall","_animationQueue":[],"_animationSpeed":1,"_zoom":20.656},{"_mousePosition":[860,442],"_rootPartCFrame":[768.673,225.437,46.896,0.082,0,0.997,0,1,0,-0.997,0,0.082],"_humanoidState":5,"_cameraCFrame":[769.57,244.323,35.779,-0.997,-0.068,0.043,0,0.54,0.842,-0.08,0.839,-0.538],"_shiftlockState":false,"_pose":"FreeFall","_animationQueue":[],"_animationSpeed":1,"_zoom":20.656},{"_mousePosition":[860,442],"_rootPartCFrame":[768.341,226.268,46.869,0.083,0,0.997,0,1,0,-0.997,0,0.083],"_humanoidState":5,"_cameraCFrame":[769.204,245.198,35.817,-0.997,-0.066,0.042,0,0.537,0.844,-0.078,0.841,-0.535],"_shiftlockState":false,"_pose":"FreeFall","_animationQueue":[],"_animationSpeed":1,"_zoom":20.656},{"_mousePosition":[860,442],"_rootPartCFrame":[768.075,226.872,46.847,0.082,0,0.997,0,1,0,-0.997,0,0.082],"_humanoidState":5,"_cameraCFrame":[768.905,245.845,35.861,-0.997,-0.064,0.04,0,0.533,0.846,-0.075,0.843,-0.532],"_shiftlockState":false,"_pose":"FreeFall","_animationQueue":[],"_animationSpeed":1,"_zoom":20.656},{"_mousePosition":[860,442],"_rootPartCFrame":[767.876,227.289,46.831,0.082,0,0.997,0,1,0,-0.997,0,0.082],"_humanoidState":5,"_cameraCFrame":[768.673,246.305,35.911,-0.997,-0.062,0.039,0,0.53,0.848,-0.073,0.846,-0.529],"_shiftlockState":false,"_pose":"FreeFall","_animationQueue":[],"_animationSpeed":1,"_zoom":20.656},{"_mousePosition":[860,442],"_rootPartCFrame":[767.544,227.917,46.806,0.081,0,0.997,0,1,0,-0.997,0,0.081],"_humanoidState":5,"_cameraCFrame":[768.281,246.975,35.95,-0.998,-0.058,0.036,0,0.527,0.85,-0.068,0.848,-0.526],"_shiftlockState":false,"_pose":"FreeFall","_animationQueue":[],"_animationSpeed":1,"_zoom":20.656},{"_mousePosition":[860,442],"_rootPartCFrame":[767.278,228.357,46.787,0.08,0,0.997,0,1,0,-0.997,0,0.08],"_humanoidState":5,"_cameraCFrame":[767.953,247.479,36.03,-0.998,-0.053,0.033,0,0.522,0.853,-0.063,0.851,-0.521],"_shiftlockState":false,"_pose":"FreeFall","_animationQueue":[],"_animationSpeed":1,"_zoom":20.656},{"_mousePosition":[860,442],"_rootPartCFrame":[767.078,228.652,46.773,0.079,0,0.997,0,1,0,-0.997,0,0.079],"_humanoidState":5,"_cameraCFrame":[767.695,247.815,36.081,-0.998,-0.049,0.03,0,0.518,0.855,-0.058,0.854,-0.518],"_shiftlockState":false,"_pose":"FreeFall","_animationQueue":[],"_animationSpeed":1,"_zoom":20.656},{"_mousePosition":[860,442],"_rootPartCFrame":[766.745,229.075,46.752,0.076,0,0.997,0,1,0,-0.997,0,0.076],"_humanoidState":5,"_cameraCFrame":[767.33,248.3,36.162,-0.998,-0.047,0.028,0,0.513,0.858,-0.055,0.857,-0.513],"_shiftlockState":false,"_pose":"FreeFall","_animationQueue":[],"_animationSpeed":1,"_zoom":20.656},{"_mousePosition":[860,442],"_rootPartCFrame":[766.479,229.352,46.736,0.074,0,0.997,0,1,0,-0.997,0,0.074],"_humanoidState":5,"_cameraCFrame":[767.008,248.598,36.178,-0.999,-0.043,0.026,0,0.512,0.859,-0.05,0.858,-0.511],"_shiftlockState":false,"_pose":"FreeFall","_animationQueue":[],"_animationSpeed":1,"_zoom":20.656},{"_mousePosition":[860,442],"_rootPartCFrame":[766.213,229.574,46.721,0.072,0,0.997,0,1,0,-0.997,0,0.072],"_humanoidState":5,"_cameraCFrame":[766.687,248.841,36.195,-0.999,-0.039,0.023,0,0.51,0.86,-0.045,0.859,-0.51],"_shiftlockState":false,"_pose":"FreeFall","_animationQueue":[],"_animationSpeed":1,"_zoom":20.656},{"_mousePosition":[860,442],"_rootPartCFrame":[765.947,229.742,46.708,0.069,0,0.998,0,1,0,-0.998,0,0.069],"_humanoidState":5,"_cameraCFrame":[766.338,249.05,36.248,-0.999,-0.032,0.019,0,0.507,0.862,-0.037,0.861,-0.506],"_shiftlockState":false,"_pose":"FreeFall","_animationQueue":[],"_animationSpeed":1,"_zoom":20.656},{"_mousePosition":[860,442],"_rootPartCFrame":[765.68,229.856,46.696,0.066,0,0.998,0,1,0,-0.998,0,0.066],"_humanoidState":5,"_cameraCFrame":[765.937,249.224,36.336,-1,-0.021,0.012,0,0.502,0.865,-0.025,0.865,-0.502],"_shiftlockState":false,"_pose":"FreeFall","_animationQueue":[],"_animationSpeed":1,"_zoom":20.656},{"_mousePosition":[860,442],"_rootPartCFrame":[765.414,229.915,46.685,0.062,0,0.998,0,1,0,-0.998,0,0.062],"_humanoidState":5,"_cameraCFrame":[765.512,249.364,36.462,-1,-0.008,0.005,0,0.495,0.869,-0.01,0.869,-0.495],"_shiftlockState":false,"_pose":"FreeFall","_animationQueue":[],"_animationSpeed":1,"_zoom":20.656},{"_mousePosition":[860,442],"_rootPartCFrame":[765.147,229.919,46.678,0.058,0,0.998,0,1,0,-0.998,0,0.058],"_humanoidState":5,"_cameraCFrame":[765.065,249.428,36.56,-1,0.007,-0.004,0,0.49,0.872,0.008,0.872,-0.49],"_shiftlockState":false,"_pose":"FreeFall","_animationQueue":[],"_animationSpeed":1,"_zoom":20.656},{"_mousePosition":[860,442],"_rootPartCFrame":[764.881,229.869,46.675,0.052,0,0.999,0,1,0,-0.999,0,0.052],"_humanoidState":5,"_cameraCFrame":[764.647,249.436,36.665,-1,0.02,-0.011,0,0.485,0.875,0.023,0.874,-0.485],"_shiftlockState":false,"_pose":"FreeFall","_animationQueue":[],"_animationSpeed":1,"_zoom":20.656},{"_mousePosition":[860,442],"_rootPartCFrame":[764.614,229.765,46.677,0.044,0,0.999,0,1,0,-0.999,0,0.044],"_humanoidState":5,"_cameraCFrame":[764.282,249.371,36.74,-0.999,0.029,-0.016,0,0.481,0.877,0.033,0.876,-0.481],"_shiftlockState":false,"_pose":"FreeFall","_animationQueue":[["fall",0.3]],"_animationSpeed":1,"_zoom":20.656},{"_mousePosition":[860,442],"_rootPartCFrame":[764.347,229.606,46.682,0.036,0,0.999,0,1,0,-0.999,0,0.036],"_humanoidState":5,"_cameraCFrame":[763.966,249.231,36.782,-0.999,0.034,-0.018,0,0.48,0.877,0.038,0.877,-0.479],"_shiftlockState":false,"_pose":"FreeFall","_animationQueue":[],"_animationSpeed":1,"_zoom":20.656},{"_mousePosition":[860,442],"_rootPartCFrame":[764.081,229.393,46.691,0.027,0,1,0,1,0,-1,0,0.027],"_humanoidState":5,"_cameraCFrame":[763.628,249.056,36.865,-0.999,0.041,-0.022,0,0.476,0.879,0.046,0.878,-0.476],"_shiftlockState":false,"_pose":"FreeFall","_animationQueue":[],"_animationSpeed":1,"_zoom":20.656},{"_mousePosition":[860,442],"_rootPartCFrame":[763.814,229.125,46.701,0.018,0,1,0,1,0,-1,0,0.018],"_humanoidState":5,"_cameraCFrame":[761.472,248.845,37.096,-0.998,0.054,-0.029,0,0.471,0.882,0.061,0.88,-0.47],"_shiftlockState":true,"_pose":"FreeFall","_animationQueue":[],"_animationSpeed":1,"_zoom":20.656},{"_mousePosition":[683,384],"_rootPartCFrame":[763.548,228.802,46.713,-1,0,0.028,0,1,0,-0.028,0,-1],"_humanoidState":5,"_cameraCFrame":[761.206,248.523,37.108,-0.998,0.054,-0.029,0,0.471,0.882,0.061,0.88,-0.47],"_shiftlockState":true,"_pose":"FreeFall","_animationQueue":[],"_animationSpeed":1,"_zoom":20.656},{"_mousePosition":[683,384],"_rootPartCFrame":[763.282,228.425,46.728,-0.998,0,0.067,0,1,0,-0.067,0,-0.998],"_humanoidState":5,"_cameraCFrame":[760.805,248.221,37.302,-0.997,0.068,-0.035,0,0.464,0.886,0.076,0.883,-0.463],"_shiftlockState":true,"_pose":"FreeFall","_animationQueue":[],"_animationSpeed":1,"_zoom":20.656},{"_mousePosition":[683,384],"_rootPartCFrame":[763.016,227.994,46.745,-0.998,0,0.056,0,1,0,-0.056,0,-0.998],"_humanoidState":5,"_cameraCFrame":[760.426,247.827,37.422,-0.996,0.079,-0.041,0,0.461,0.888,0.089,0.884,-0.459],"_shiftlockState":true,"_pose":"FreeFall","_animationQueue":[],"_animationSpeed":1,"_zoom":20.656},{"_mousePosition":[683,384],"_rootPartCFrame":[762.75,227.508,46.765,-0.999,0,0.044,0,1,0,-0.044,0,-0.999],"_humanoidState":5,"_cameraCFrame":[760.16,247.341,37.442,-0.996,0.079,-0.041,0,0.461,0.888,0.089,0.884,-0.459],"_shiftlockState":true,"_pose":"FreeFall","_animationQueue":[["fall",0.3]],"_animationSpeed":1,"_zoom":20.656},{"_mousePosition":[683,384],"_rootPartCFrame":[762.484,226.967,46.788,-0.999,0,0.044,0,1,0,-0.044,0,-0.999],"_humanoidState":5,"_cameraCFrame":[759.894,246.801,37.465,-0.996,0.079,-0.041,0,0.461,0.888,0.089,0.884,-0.459],"_shiftlockState":true,"_pose":"FreeFall","_animationQueue":[],"_animationSpeed":1,"_zoom":20.656},{"_mousePosition":[683,384],"_rootPartCFrame":[762.219,226.372,46.812,-0.999,0,0.044,0,1,0,-0.044,0,-0.999],"_humanoidState":5,"_cameraCFrame":[759.608,246.224,37.531,-0.996,0.081,-0.042,0,0.459,0.888,0.092,0.885,-0.457],"_shiftlockState":true,"_pose":"FreeFall","_animationQueue":[],"_animationSpeed":1,"_zoom":20.656},{"_mousePosition":[683,384],"_rootPartCFrame":[761.953,225.723,46.835,-0.999,0,0.042,0,1,0,-0.042,0,-0.999],"_humanoidState":5,"_cameraCFrame":[759.343,245.575,37.554,-0.996,0.081,-0.042,0,0.459,0.888,0.092,0.885,-0.457],"_shiftlockState":true,"_pose":"FreeFall","_animationQueue":[],"_animationSpeed":1,"_zoom":20.656},{"_mousePosition":[683,384],"_rootPartCFrame":[761.687,225.019,46.86,-0.999,0,0.042,0,1,0,-0.042,0,-0.999],"_humanoidState":5,"_cameraCFrame":[759.077,244.871,37.579,-0.996,0.081,-0.042,0,0.459,0.888,0.092,0.885,-0.457],"_shiftlockState":true,"_pose":"FreeFall","_animationQueue":[],"_animationSpeed":1,"_zoom":20.656},{"_mousePosition":[683,384],"_rootPartCFrame":[761.422,224.26,46.884,-0.999,0,0.042,0,1,0,-0.042,0,-0.999],"_humanoidState":5,"_cameraCFrame":[758.811,244.112,37.603,-0.996,0.081,-0.042,0,0.459,0.888,0.092,0.885,-0.457],"_shiftlockState":true,"_pose":"FreeFall","_animationQueue":[],"_animationSpeed":1,"_zoom":20.656},{"_mousePosition":[683,384],"_rootPartCFrame":[761.156,223.447,46.908,-0.999,0,0.042,0,1,0,-0.042,0,-0.999],"_humanoidState":5,"_cameraCFrame":[758.546,243.299,37.628,-0.996,0.081,-0.042,0,0.459,0.888,0.092,0.885,-0.457],"_shiftlockState":true,"_pose":"FreeFall","_animationQueue":[],"_animationSpeed":1,"_zoom":20.656},{"_mousePosition":[683,384],"_rootPartCFrame":[760.891,222.58,46.933,-0.998,0,-0.057,0,1,0,0.057,0,-0.998],"_humanoidState":7,"_cameraCFrame":[758.351,242.432,37.632,-0.996,0.075,-0.039,0,0.459,0.888,0.084,0.885,-0.457],"_shiftlockState":true,"_pose":"FreeFall","_animationQueue":[["fall",0.3],["walk",0.1],["fall",0.3],["fall",0.3]],"_animationSpeed":1,"_zoom":20.656},{"_mousePosition":[683,384],"_rootPartCFrame":[760.625,222.398,46.957,-0.997,0,-0.082,0,1,0,0.082,0,-0.997],"_humanoidState":7,"_cameraCFrame":[758.179,242.25,37.632,-0.997,0.066,-0.034,0,0.459,0.888,0.074,0.886,-0.458],"_shiftlockState":true,"_pose":"FreeFall","_animationQueue":[],"_animationSpeed":1,"_zoom":20.656},{"_mousePosition":[683,384],"_rootPartCFrame":[760.359,222.481,46.98,-0.997,0,-0.074,0,1,0,0.074,0,-0.997],"_humanoidState":8,"_cameraCFrame":[757.958,242.315,37.606,-0.998,0.061,-0.032,0,0.461,0.888,0.069,0.885,-0.46],"_shiftlockState":true,"_pose":"Running","_animationQueue":[["walk",0.1],["fall",0.3],["walk",0.1]],"_animationSpeed":1.103,"_zoom":20.656},{"_mousePosition":[683,384],"_rootPartCFrame":[760.093,222.554,47,-0.998,0,-0.069,0,1,0,0.069,0,-0.998],"_humanoidState":8,"_cameraCFrame":[757.74,242.388,37.614,-0.998,0.057,-0.029,0,0.461,0.888,0.064,0.886,-0.46],"_shiftlockState":true,"_pose":"Running","_animationQueue":[],"_animationSpeed":1.103,"_zoom":20.656},{"_mousePosition":[683,384],"_rootPartCFrame":[759.894,222.589,47.014,-0.998,0,-0.064,0,1,0,0.064,0,-0.998],"_humanoidState":8,"_cameraCFrame":[757.586,242.404,37.581,-0.998,0.052,-0.027,0,0.462,0.887,0.059,0.885,-0.462],"_shiftlockState":true,"_pose":"Running","_animationQueue":[],"_animationSpeed":1.103,"_zoom":20.656},{"_mousePosition":[683,384],"_rootPartCFrame":[759.561,222.621,47.035,-0.998,0,-0.059,0,1,0,0.059,0,-0.998],"_humanoidState":8,"_cameraCFrame":[757.347,242.418,37.544,-0.999,0.043,-0.023,0,0.464,0.886,0.049,0.885,-0.464],"_shiftlockState":true,"_pose":"Running","_animationQueue":[],"_animationSpeed":1.103,"_zoom":20.656},{"_mousePosition":[683,384],"_rootPartCFrame":[759.295,222.635,47.051,-0.999,0,-0.049,0,1,0,0.049,0,-0.999],"_humanoidState":8,"_cameraCFrame":[757.201,242.431,37.532,-0.999,0.032,-0.017,0,0.464,0.886,0.036,0.885,-0.464],"_shiftlockState":true,"_pose":"Running","_animationQueue":[],"_animationSpeed":1.103,"_zoom":20.656},{"_mousePosition":[683,384],"_rootPartCFrame":[759.029,222.642,47.065,-0.999,0,-0.036,0,1,0,0.036,0,-0.999],"_humanoidState":8,"_cameraCFrame":[757.031,242.438,37.525,-1,0.023,-0.012,0,0.464,0.886,0.026,0.885,-0.464],"_shiftlockState":true,"_pose":"Running","_animationQueue":[["walk",0.1]],"_animationSpeed":1.103,"_zoom":20.656},{"_mousePosition":[683,384],"_rootPartCFrame":[758.762,222.646,47.075,-1,0,-0.026,0,1,0,0.026,0,-1],"_humanoidState":8,"_cameraCFrame":[756.837,242.442,37.52,-1,0.016,-0.008,0,0.464,0.886,0.018,0.886,-0.464],"_shiftlockState":true,"_pose":"Running","_animationQueue":[],"_animationSpeed":1.103,"_zoom":20.656},{"_mousePosition":[683,384],"_rootPartCFrame":[758.496,222.648,47.082,-1,0,-0.018,0,1,0,0.018,0,-1],"_humanoidState":8,"_cameraCFrame":[756.668,242.444,37.509,-1,0.007,-0.004,0,0.464,0.886,0.008,0.886,-0.464],"_shiftlockState":true,"_pose":"Running","_animationQueue":[],"_animationSpeed":1.103,"_zoom":20.656},{"_mousePosition":[683,384],"_rootPartCFrame":[758.296,222.649,47.086,-1,0,-0.008,0,1,0,0.008,0,-1],"_humanoidState":8,"_cameraCFrame":[756.589,242.445,37.49,-1,-0.004,0.002,0,0.464,0.886,-0.005,0.886,-0.464],"_shiftlockState":true,"_pose":"Running","_animationQueue":[],"_animationSpeed":1.103,"_zoom":20.656},{"_mousePosition":[683,384],"_rootPartCFrame":[757.962,222.65,47.089,-1,0,0.005,0,1,0,-0.005,0,-1],"_humanoidState":8,"_cameraCFrame":[756.402,242.446,37.468,-1,-0.017,0.009,0,0.464,0.886,-0.02,0.886,-0.464],"_shiftlockState":true,"_pose":"Running","_animationQueue":[],"_animationSpeed":1.103,"_zoom":20.656},{"_mousePosition":[683,384],"_rootPartCFrame":[757.696,222.65,47.088,-1,0,0.02,0,1,0,-0.02,0,-1],"_humanoidState":8,"_cameraCFrame":[756.306,242.446,37.442,-0.999,-0.033,0.017,0,0.464,0.886,-0.037,0.885,-0.464],"_shiftlockState":true,"_pose":"Running","_animationQueue":[],"_animationSpeed":1.103,"_zoom":20.656},{"_mousePosition":[683,384],"_rootPartCFrame":[757.429,222.65,47.084,-0.999,0,0.037,0,1,0,-0.037,0,-0.999],"_humanoidState":8,"_cameraCFrame":[756.186,242.446,37.417,-0.999,-0.047,0.024,0,0.464,0.886,-0.053,0.885,-0.464],"_shiftlockState":true,"_pose":"Running","_animationQueue":[["walk",0.1]],"_animationSpeed":1.103,"_zoom":20.656},{"_mousePosition":[683,384],"_rootPartCFrame":[757.163,222.65,47.074,-0.999,0,0.053,0,1,0,-0.053,0,-0.999],"_humanoidState":8,"_cameraCFrame":[756.042,242.447,37.393,-0.998,-0.058,0.03,0,0.464,0.886,-0.065,0.884,-0.463],"_shiftlockState":true,"_pose":"Running","_animationQueue":[],"_animationSpeed":1.103,"_zoom":20.656},{"_mousePosition":[683,384],"_rootPartCFrame":[756.896,222.65,47.061,-0.998,0,0.065,0,1,0,-0.065,0,-0.998],"_humanoidState":8,"_cameraCFrame":[755.822,242.465,37.409,-0.998,-0.062,0.032,0,0.462,0.887,-0.07,0.884,-0.461],"_shiftlockState":true,"_pose":"Running","_animationQueue":[],"_animationSpeed":1.103,"_zoom":20.656},{"_mousePosition":[683,384],"_rootPartCFrame":[756.63,222.65,47.044,-0.998,0,0.07,0,1,0,-0.07,0,-0.998],"_humanoidState":8,"_cameraCFrame":[755.629,242.465,37.385,-0.997,-0.069,0.036,0,0.462,0.887,-0.078,0.884,-0.461],"_shiftlockState":true,"_pose":"Running","_animationQueue":[],"_animationSpeed":1.103,"_zoom":20.656},{"_mousePosition":[683,384],"_rootPartCFrame":[756.364,222.65,47.026,-0.997,0,0.078,0,1,0,-0.078,0,-0.997],"_humanoidState":8,"_cameraCFrame":[755.436,242.465,37.359,-0.996,-0.076,0.039,0,0.462,0.887,-0.085,0.883,-0.461],"_shiftlockState":true,"_pose":"Running","_animationQueue":[],"_animationSpeed":1.103,"_zoom":20.656},{"_mousePosition":[683,384],"_rootPartCFrame":[756.098,222.65,47.005,-0.996,0,0.085,0,1,0,-0.085,0,-0.996],"_humanoidState":8,"_cameraCFrame":[755.338,242.484,37.359,-0.995,-0.091,0.047,0,0.461,0.888,-0.103,0.883,-0.458],"_shiftlockState":true,"_pose":"Running","_animationQueue":[],"_animationSpeed":1.103,"_zoom":20.656},{"_mousePosition":[683,384],"_rootPartCFrame":[755.832,222.65,46.982,-0.995,0,0.103,0,1,0,-0.103,0,-0.995],"_humanoidState":8,"_cameraCFrame":[755.365,242.484,37.318,-0.991,-0.118,0.061,0,0.461,0.888,-0.133,0.88,-0.457],"_shiftlockState":true,"_pose":"Running","_animationQueue":[],"_animationSpeed":1.103,"_zoom":20.656},{"_mousePosition":[683,384],"_rootPartCFrame":[755.501,222.65,46.949,-0.991,0,0.133,0,1,0,-0.133,0,-0.991],"_humanoidState":8,"_cameraCFrame":[755.401,242.484,37.273,-0.985,-0.152,0.079,0,0.461,0.888,-0.171,0.875,-0.454],"_shiftlockState":true,"_pose":"Running","_animationQueue":[["walk",0.1]],"_animationSpeed":1.103,"_zoom":20.656},{"_mousePosition":[683,384],"_rootPartCFrame":[755.236,222.65,46.914,-0.985,0,0.171,0,1,0,-0.171,0,-0.985],"_humanoidState":8,"_cameraCFrame":[755.553,242.484,37.243,-0.977,-0.189,0.098,0,0.461,0.888,-0.213,0.867,-0.45],"_shiftlockState":true,"_pose":"Running","_animationQueue":[],"_animationSpeed":1.103,"_zoom":20.656},{"_mousePosition":[683,384],"_rootPartCFrame":[754.973,222.65,46.87,-0.977,0,0.213,0,1,0,-0.213,0,-0.977],"_humanoidState":8,"_cameraCFrame":[755.73,242.484,37.224,-0.966,-0.228,0.118,0,0.461,0.888,-0.257,0.858,-0.445],"_shiftlockState":true,"_pose":"Running","_animationQueue":[],"_animationSpeed":1.103,"_zoom":20.656},{"_mousePosition":[683,384],"_rootPartCFrame":[754.712,222.65,46.815,-0.966,0,0.257,0,1,0,-0.257,0,-0.966],"_humanoidState":8,"_cameraCFrame":[755.907,242.484,37.213,-0.954,-0.267,0.139,0,0.461,0.888,-0.301,0.846,-0.439],"_shiftlockState":true,"_pose":"Running","_animationQueue":[],"_animationSpeed":1.103,"_zoom":20.656},{"_mousePosition":[683,384],"_rootPartCFrame":[754.454,222.65,46.748,-0.954,0,0.301,0,1,0,-0.301,0,-0.954],"_humanoidState":8,"_cameraCFrame":[756.061,242.484,37.207,-0.94,-0.303,0.157,0,0.461,0.888,-0.342,0.834,-0.433],"_shiftlockState":true,"_pose":"Running","_animationQueue":[],"_animationSpeed":1.103,"_zoom":20.656},{"_mousePosition":[683,384],"_rootPartCFrame":[754.199,222.65,46.67,-0.94,0,0.342,0,1,0,-0.342,0,-0.94],"_humanoidState":8,"_cameraCFrame":[756.133,242.465,37.153,-0.928,-0.33,0.172,0,0.462,0.887,-0.372,0.823,-0.429],"_shiftlockState":true,"_pose":"Running","_animationQueue":[],"_animationSpeed":1.103,"_zoom":20.656},{"_mousePosition":[683,384],"_rootPartCFrame":[753.948,222.65,46.58,-0.928,0,0.372,0,1,0,-0.372,0,-0.928],"_humanoidState":8,"_cameraCFrame":[756.122,242.465,37.116,-0.918,-0.351,0.183,0,0.462,0.887,-0.396,0.814,-0.425],"_shiftlockState":true,"_pose":"Running","_animationQueue":[["walk",0.1]],"_animationSpeed":1.103,"_zoom":20.656},{"_mousePosition":[683,384],"_rootPartCFrame":[753.7,222.65,46.482,-0.918,0,0.396,0,1,0,-0.396,0,-0.918],"_humanoidState":8,"_cameraCFrame":[755.922,242.465,37.029,-0.916,-0.355,0.185,0,0.462,0.887,-0.4,0.812,-0.424],"_shiftlockState":true,"_pose":"Running","_animationQueue":[],"_animationSpeed":1.103,"_zoom":20.656},{"_mousePosition":[683,384],"_rootPartCFrame":[753.516,222.65,46.404,-0.916,0,0.4,0,1,0,-0.4,0,-0.916],"_humanoidState":8,"_cameraCFrame":[755.737,242.465,36.95,-0.916,-0.355,0.185,0,0.462,0.887,-0.4,0.812,-0.424],"_shiftlockState":true,"_pose":"Running","_animationQueue":[],"_animationSpeed":1.103,"_zoom":20.656},{"_mousePosition":[683,384],"_rootPartCFrame":[753.211,222.65,46.271,-0.916,0,0.4,0,1,0,-0.4,0,-0.916],"_humanoidState":8,"_cameraCFrame":[755.432,242.465,36.817,-0.916,-0.355,0.185,0,0.462,0.887,-0.4,0.812,-0.424],"_shiftlockState":true,"_pose":"Running","_animationQueue":[],"_animationSpeed":1.103,"_zoom":20.656},{"_mousePosition":[683,384],"_rootPartCFrame":[752.966,222.65,46.164,-0.916,0,0.4,0,1,0,-0.4,0,-0.916],"_humanoidState":8,"_cameraCFrame":[755.188,242.465,36.71,-0.916,-0.355,0.185,0,0.462,0.887,-0.4,0.812,-0.424],"_shiftlockState":true,"_pose":"Running","_animationQueue":[],"_animationSpeed":1.103,"_zoom":20.656},{"_mousePosition":[683,384],"_rootPartCFrame":[752.783,222.65,46.084,-0.916,0,0.4,0,1,0,-0.4,0,-0.916],"_humanoidState":8,"_cameraCFrame":[755.004,242.465,36.63,-0.916,-0.355,0.185,0,0.462,0.887,-0.4,0.812,-0.424],"_shiftlockState":true,"_pose":"Running","_animationQueue":[],"_animationSpeed":1.103,"_zoom":20.656},{"_mousePosition":[683,384],"_rootPartCFrame":[752.477,222.65,45.951,-0.916,0,0.4,0,1,0,-0.4,0,-0.916],"_humanoidState":8,"_cameraCFrame":[754.555,242.465,36.464,-0.922,-0.343,0.179,0,0.462,0.887,-0.386,0.818,-0.427],"_shiftlockState":true,"_pose":"Running","_animationQueue":[],"_animationSpeed":1.103,"_zoom":20.656},{"_mousePosition":[683,384],"_rootPartCFrame":[752.233,222.65,45.844,-0.922,0,0.386,0,1,0,-0.386,0,-0.922],"_humanoidState":8,"_cameraCFrame":[753.996,242.502,36.365,-0.934,-0.318,0.164,0,0.459,0.888,-0.358,0.829,-0.429],"_shiftlockState":true,"_pose":"Running","_animationQueue":[["walk",0.1]],"_animationSpeed":1.103,"_zoom":20.656},{"_mousePosition":[683,384],"_rootPartCFrame":[751.987,222.65,45.74,-0.934,0,0.358,0,1,0,-0.358,0,-0.934],"_humanoidState":8,"_cameraCFrame":[753.272,242.576,36.327,-0.949,-0.281,0.143,0,0.452,0.892,-0.315,0.846,-0.429],"_shiftlockState":true,"_pose":"Running","_animationQueue":[],"_animationSpeed":1.103,"_zoom":20.656},{"_mousePosition":[683,384],"_rootPartCFrame":[751.739,222.65,45.644,-0.949,0,0.315,0,1,0,-0.315,0,-0.949],"_humanoidState":8,"_cameraCFrame":[752.564,242.63,36.286,-0.962,-0.243,0.121,0,0.447,0.895,-0.272,0.861,-0.43],"_shiftlockState":true,"_pose":"Running","_animationQueue":[],"_animationSpeed":1.103,"_zoom":20.656},{"_mousePosition":[683,384],"_rootPartCFrame":[751.486,222.65,45.559,-0.962,0,0.272,0,1,0,-0.272,0,-0.962],"_humanoidState":8,"_cameraCFrame":[751.844,242.666,36.243,-0.974,-0.202,0.1,0,0.443,0.896,-0.225,0.873,-0.432],"_shiftlockState":true,"_pose":"Running","_animationQueue":[],"_animationSpeed":1.103,"_zoom":20.656},{"_mousePosition":[683,384],"_rootPartCFrame":[751.296,222.63,45.496,-0.974,0,0.225,0,1,0,-0.225,0,-0.974],"_humanoidState":8,"_cameraCFrame":[750.977,242.699,36.285,-0.988,-0.14,0.068,0,0.438,0.899,-0.156,0.888,-0.433],"_shiftlockState":true,"_pose":"Running","_animationQueue":[],"_animationSpeed":1.103,"_zoom":20.656},{"_mousePosition":[683,384],"_rootPartCFrame":[750.98,223.714,45.391,-0.988,0,0.156,0,1,0,-0.156,0,-0.988],"_humanoidState":3,"_cameraCFrame":[750.256,243.818,36.274,-0.994,-0.102,0.049,0,0.435,0.901,-0.113,0.895,-0.432],"_shiftlockState":true,"_pose":"Jumping","_animationQueue":[["walk",0.1],["jump",0.1]],"_animationSpeed":1,"_zoom":20.656},{"_mousePosition":[683,384],"_rootPartCFrame":[750.721,224.522,45.33,-0.979,0,0.204,0,1,0,-0.204,0,-0.979],"_humanoidState":5,"_cameraCFrame":[749.649,244.643,36.284,-0.997,-0.068,0.033,0,0.433,0.901,-0.075,0.899,-0.432],"_shiftlockState":true,"_pose":"FreeFall","_animationQueue":[["jump",0.1]],"_animationSpeed":1,"_zoom":20.656},{"_mousePosition":[683,384],"_rootPartCFrame":[750.523,225.093,45.305,-0.985,0,0.17,0,1,0,-0.17,0,-0.985],"_humanoidState":5,"_cameraCFrame":[749.128,245.249,36.375,-0.999,-0.036,0.017,0,0.429,0.903,-0.04,0.902,-0.429],"_shiftlockState":true,"_pose":"FreeFall","_animationQueue":[],"_animationSpeed":1,"_zoom":20.656},{"_mousePosition":[683,384],"_rootPartCFrame":[750.19,225.975,45.279,-0.979,0,0.204,0,1,0,-0.204,0,-0.979],"_humanoidState":5,"_cameraCFrame":[748.502,246.166,36.471,-1,-0.006,0.003,0,0.426,0.905,-0.007,0.905,-0.426],"_shiftlockState":true,"_pose":"FreeFall","_animationQueue":[],"_animationSpeed":1,"_zoom":20.656},{"_mousePosition":[683,384],"_rootPartCFrame":[749.924,226.62,45.267,-0.99,0,0.14,0,1,0,-0.14,0,-0.99],"_humanoidState":5,"_cameraCFrame":[747.95,246.862,36.629,-1,0.023,-0.011,0,0.42,0.907,0.026,0.907,-0.42],"_shiftlockState":true,"_pose":"FreeFall","_animationQueue":[],"_animationSpeed":1,"_zoom":20.656},{"_mousePosition":[683,384],"_rootPartCFrame":[749.657,227.211,45.263,-0.994,0,0.107,0,1,0,-0.107,0,-0.994],"_humanoidState":5,"_cameraCFrame":[747.405,247.486,36.768,-0.998,0.053,-0.024,0,0.417,0.909,0.059,0.907,-0.416],"_shiftlockState":true,"_pose":"FreeFall","_animationQueue":[],"_animationSpeed":1,"_zoom":20.656},{"_mousePosition":[683,384],"_rootPartCFrame":[749.391,227.747,45.269,-0.997,0,0.074,0,1,0,-0.074,0,-0.997],"_humanoidState":5,"_cameraCFrame":[746.87,248.072,36.962,-0.996,0.083,-0.038,0,0.412,0.911,0.092,0.908,-0.41],"_shiftlockState":true,"_pose":"FreeFall","_animationQueue":[],"_animationSpeed":1,"_zoom":20.656},{"_mousePosition":[683,384],"_rootPartCFrame":[749.125,228.228,45.283,-0.999,0,0.042,0,1,0,-0.042,0,-0.999],"_humanoidState":5,"_cameraCFrame":[746.362,248.586,37.13,-0.993,0.111,-0.05,0,0.408,0.913,0.122,0.906,-0.405],"_shiftlockState":true,"_pose":"FreeFall","_animationQueue":[],"_animationSpeed":1,"_zoom":20.656},{"_mousePosition":[683,384],"_rootPartCFrame":[748.859,228.655,45.306,-1,0,0.011,0,1,0,-0.011,0,-1],"_humanoidState":5,"_cameraCFrame":[745.901,249.046,37.298,-0.989,0.134,-0.059,0,0.405,0.915,0.147,0.905,-0.4],"_shiftlockState":true,"_pose":"FreeFall","_animationQueue":[],"_animationSpeed":1,"_zoom":20.656},{"_mousePosition":[683,384],"_rootPartCFrame":[748.594,229.027,45.338,-1,0,-0.014,0,1,0,0.014,0,-1],"_humanoidState":5,"_cameraCFrame":[745.467,249.451,37.471,-0.986,0.155,-0.068,0,0.401,0.916,0.169,0.903,-0.395],"_shiftlockState":true,"_pose":"FreeFall","_animationQueue":[],"_animationSpeed":1,"_zoom":20.656},{"_mousePosition":[683,384],"_rootPartCFrame":[748.33,229.345,45.376,-0.999,0,-0.037,0,1,0,0.037,0,-0.999],"_humanoidState":5,"_cameraCFrame":[745.032,249.785,37.619,-0.981,0.176,-0.077,0,0.399,0.917,0.192,0.9,-0.392],"_shiftlockState":true,"_pose":"FreeFall","_animationQueue":[],"_animationSpeed":1,"_zoom":20.656},{"_mousePosition":[683,384],"_rootPartCFrame":[748.067,229.609,45.42,-0.998,0,-0.06,0,1,0,0.06,0,-0.998],"_humanoidState":5,"_cameraCFrame":[744.628,250.08,37.804,-0.977,0.194,-0.084,0,0.396,0.918,0.212,0.898,-0.387],"_shiftlockState":true,"_pose":"FreeFall","_animationQueue":[],"_animationSpeed":1,"_zoom":20.656},{"_mousePosition":[683,384],"_rootPartCFrame":[747.805,229.817,45.47,-0.997,0,-0.08,0,1,0,0.08,0,-0.997],"_humanoidState":5,"_cameraCFrame":[744.164,250.336,38.07,-0.971,0.222,-0.094,0,0.39,0.921,0.241,0.894,-0.379],"_shiftlockState":true,"_pose":"FreeFall","_animationQueue":[],"_animationSpeed":1,"_zoom":20.656},{"_mousePosition":[683,384],"_rootPartCFrame":[747.559,229.972,45.442,-0.994,0,-0.108,0,1,0,0.108,0,-0.994],"_humanoidState":5,"_cameraCFrame":[743.806,250.522,38.179,-0.966,0.238,-0.1,0,0.387,0.922,0.258,0.891,-0.373],"_shiftlockState":true,"_pose":"FreeFall","_animationQueue":[],"_animationSpeed":1,"_zoom":20.656},{"_mousePosition":[683,384],"_rootPartCFrame":[747.32,230.072,45.396,-0.992,0,-0.126,0,1,0,0.126,0,-0.992],"_humanoidState":5,"_cameraCFrame":[743.514,250.653,38.243,-0.963,0.248,-0.103,0,0.383,0.924,0.268,0.89,-0.369],"_shiftlockState":true,"_pose":"FreeFall","_animationQueue":[["fall",0.3]],"_animationSpeed":1,"_zoom":20.656},{"_mousePosition":[683,384],"_rootPartCFrame":[747.084,230.117,45.372,-0.991,0,-0.137,0,1,0,0.137,0,-0.991],"_humanoidState":5,"_cameraCFrame":[743.324,250.714,38.236,-0.965,0.243,-0.1,0,0.381,0.924,0.263,0.892,-0.368],"_shiftlockState":true,"_pose":"FreeFall","_animationQueue":[],"_animationSpeed":1,"_zoom":20.656},{"_mousePosition":[683,384],"_rootPartCFrame":[746.848,230.108,45.385,-0.988,0,-0.153,0,1,0,0.153,0,-0.988],"_humanoidState":5,"_cameraCFrame":[743.498,250.72,38.087,-0.978,0.193,-0.079,0,0.379,0.925,0.209,0.905,-0.371],"_shiftlockState":true,"_pose":"FreeFall","_animationQueue":[],"_animationSpeed":1,"_zoom":20.656},{"_mousePosition":[683,384],"_rootPartCFrame":[746.629,230.044,45.433,-0.994,0,-0.11,0,1,0,0.11,0,-0.994],"_humanoidState":5,"_cameraCFrame":[744.526,250.532,37.383,-0.999,0.04,-0.017,0,0.394,0.919,0.044,0.918,-0.393],"_shiftlockState":true,"_pose":"FreeFall","_animationQueue":[],"_animationSpeed":1,"_zoom":20.656},{"_mousePosition":[683,384],"_rootPartCFrame":[746.426,229.926,45.518,-0.999,0,0.044,0,1,0,-0.044,0,-0.999],"_humanoidState":5,"_cameraCFrame":[746.812,250.252,36.846,-0.97,-0.223,0.101,0,0.412,0.911,-0.245,0.884,-0.399],"_shiftlockState":true,"_pose":"FreeFall","_animationQueue":[],"_animationSpeed":1,"_zoom":20.656},{"_mousePosition":[683,384],"_rootPartCFrame":[746.199,229.769,45.388,-0.969,-0.003,0.245,-0.003,1,-0.001,-0.245,-0.001,-0.969],"_humanoidState":5,"_cameraCFrame":[750.023,249.802,36.924,-0.817,-0.517,0.255,0,0.442,0.897,-0.576,0.733,-0.361],"_shiftlockState":true,"_pose":"FreeFall","_animationQueue":[],"_animationSpeed":1,"_zoom":20.656},{"_mousePosition":[683,384],"_rootPartCFrame":[746.028,230.132,45.161,-0.819,0.002,0.574,0,1,-0.003,-0.574,-0.002,-0.819],"_humanoidState":7,"_cameraCFrame":[752.436,249.853,37.626,-0.635,-0.681,0.364,0,0.471,0.882,-0.772,0.56,-0.299],"_shiftlockState":true,"_pose":"FreeFall","_animationQueue":[["walk",0.1],["fall",0.3],["fall",0.3]],"_animationSpeed":1,"_zoom":20.656},{"_mousePosition":[683,384],"_rootPartCFrame":[745.751,230.848,45.052,-0.632,0.004,0.775,0.002,1,-0.004,-0.775,-0.001,-0.632],"_humanoidState":7,"_cameraCFrame":[753.207,250.336,37.933,-0.558,-0.723,0.408,0,0.492,0.871,-0.83,0.486,-0.274],"_shiftlockState":true,"_pose":"FreeFall","_animationQueue":[["fall",0.3]],"_animationSpeed":1,"_zoom":20.656},{"_mousePosition":[683,384],"_rootPartCFrame":[745.555,231.353,45.031,-0.555,0.001,0.832,0,1,-0.001,-0.832,0,-0.555],"_humanoidState":8,"_cameraCFrame":[752.928,250.701,37.492,-0.589,-0.698,0.407,0,0.503,0.864,-0.808,0.509,-0.297],"_shiftlockState":true,"_pose":"Running","_animationQueue":[["walk",0.1],["fall",0.3],["walk",0.1]],"_animationSpeed":0.921,"_zoom":20.656},{"_mousePosition":[683,384],"_rootPartCFrame":[745.373,232.236,45.031,-0.588,-0.002,0.809,-0.001,1,0.002,-0.809,0,-0.588],"_humanoidState":3,"_cameraCFrame":[749.878,251.544,35.423,-0.823,-0.49,0.288,0,0.507,0.862,-0.568,0.709,-0.417],"_shiftlockState":true,"_pose":"Jumping","_animationQueue":[["walk",0.1],["jump",0.1]],"_animationSpeed":1,"_zoom":20.656},{"_mousePosition":[683,384],"_rootPartCFrame":[745.17,233.086,45.019,-0.767,-0.002,0.642,-0.001,1,0.001,-0.642,0,-0.767],"_humanoidState":5,"_cameraCFrame":[746.918,252.434,34.622,-0.945,-0.283,0.165,0,0.503,0.864,-0.327,0.816,-0.476],"_shiftlockState":true,"_pose":"FreeFall","_animationQueue":[["jump",0.1]],"_animationSpeed":1,"_zoom":20.656},{"_mousePosition":[683,384],"_rootPartCFrame":[744.953,233.88,44.976,-0.895,0,0.446,0,1,0.001,-0.446,0,-0.895],"_humanoidState":5,"_cameraCFrame":[744.114,253.289,34.569,-0.996,-0.076,0.044,0,0.498,0.867,-0.088,0.864,-0.496],"_shiftlockState":true,"_pose":"FreeFall","_animationQueue":[],"_animationSpeed":1,"_zoom":20.656},{"_mousePosition":[683,384],"_rootPartCFrame":[744.717,234.621,44.902,-0.976,0,0.219,0,1,0,-0.219,0,-0.976],"_humanoidState":5,"_cameraCFrame":[742.149,254.129,34.959,-0.997,0.071,-0.04,0,0.49,0.872,0.081,0.869,-0.488],"_shiftlockState":true,"_pose":"FreeFall","_animationQueue":[],"_animationSpeed":1,"_zoom":20.656},{"_mousePosition":[683,384],"_rootPartCFrame":[744.462,235.306,44.842,-0.999,0,0.052,0,1,0,-0.052,0,-0.999],"_humanoidState":5,"_cameraCFrame":[741.097,254.893,35.287,-0.986,0.144,-0.079,0,0.483,0.876,0.164,0.864,-0.476],"_shiftlockState":true,"_pose":"FreeFall","_animationQueue":[],"_animationSpeed":1,"_zoom":20.656},{"_mousePosition":[683,384],"_rootPartCFrame":[744.201,235.938,44.821,-0.999,0,-0.032,0,1,0,0.032,0,-0.999],"_humanoidState":5,"_cameraCFrame":[740.649,255.544,35.371,-0.983,0.161,-0.089,0,0.481,0.877,0.184,0.862,-0.473],"_shiftlockState":true,"_pose":"FreeFall","_animationQueue":[],"_animationSpeed":1,"_zoom":20.656},{"_mousePosition":[683,384],"_rootPa