[{"_mousePosition":[1179,372],"_rootPartCFrame":[776.031,222.953,47.142,-0.001,-0.003,1,0,1,0.003,-1,0,-0.001],"_humanoidState":8,"_cameraCFrame":[775.859,230.455,51.304,0.999,0.033,-0.023,0,0.57,0.822,0.04,-0.821,0.57],"_shiftlockState":false,"_pose":"Standing","_animationQueue":[],"_animationSpeed":1,"_zoom":7.306},{"_mousePosition":[1168,374],"_rootPartCFrame":[775.952,222.893,47.055,0.06,-0.001,0.998,0,1,0.001,-0.998,0,0.06],"_humanoidState":8,"_cameraCFrame":[775.781,230.396,51.218,0.999,0.033,-0.023,0,0.57,0.822,0.04,-0.821,0.57],"_shiftlockState":false,"_pose":"Standing","_animationQueue":[],"_animationSpeed":1,"_zoom":7.306},{"_mousePosition":[1106,390],"_rootPartCFrame":[775.774,222.76,46.863,0.161,0,0.987,0,1,0,-0.987,0,0.161],"_humanoidState":8,"_cameraCFrame":[775.606,230.262,51.025,0.999,0.033,-0.023,0,0.57,0.822,0.04,-0.821,0.57],"_shiftlockState":false,"_pose":"Running","_animationQueue":[["walk",0.1]],"_animationSpeed":0.834,"_zoom":7.306},{"_mousePosition":[1091,394],"_rootPartCFrame":[775.593,222.652,46.667,0.249,0,0.968,0,1,0,-0.968,0,0.249],"_humanoidState":8,"_cameraCFrame":[775.425,230.154,50.829,0.999,0.033,-0.023,0,0.57,0.822,0.04,-0.821,0.57],"_shiftlockState":false,"_pose":"Running","_animationQueue":[["walk",0.1]],"_animationSpeed":1.099,"_zoom":7.306},{"_mousePosition":[1027,408],"_rootPartCFrame":[775.412,222.661,46.471,0.324,0,0.946,0,1,0,-0.946,0,0.324],"_humanoidState":8,"_cameraCFrame":[775.244,230.163,50.633,0.999,0.033,-0.023,0,0.57,0.822,0.04,-0.821,0.57],"_shiftlockState":false,"_pose":"Running","_animationQueue":[],"_animationSpeed":1.099,"_zoom":7.306},{"_mousePosition":[1016,411],"_rootPartCFrame":[775.231,222.677,46.275,0.386,0,0.922,0,1,0,-0.922,0,0.386],"_humanoidState":8,"_cameraCFrame":[775.063,230.179,50.437,0.999,0.033,-0.023,0,0.57,0.822,0.04,-0.821,0.57],"_shiftlockState":false,"_pose":"Running","_animationQueue":[["walk",0.1]],"_animationSpeed":1.099,"_zoom":7.306},{"_mousePosition":[956,425],"_rootPartCFrame":[775.051,222.687,46.079,0.439,0,0.898,0,1,0,-0.898,0,0.439],"_humanoidState":8,"_cameraCFrame":[774.883,230.189,50.241,0.999,0.033,-0.023,0,0.57,0.822,0.04,-0.821,0.57],"_shiftlockState":false,"_pose":"Running","_animationQueue":[],"_animationSpeed":1.099,"_zoom":7.306},{"_mousePosition":[944,429],"_rootPartCFrame":[774.779,222.695,45.785,0.505,0,0.863,0,1,0,-0.863,0,0.505],"_humanoidState":8,"_cameraCFrame":[774.612,230.197,49.947,0.999,0.033,-0.023,0,0.57,0.822,0.04,-0.821,0.57],"_shiftlockState":false,"_pose":"Running","_animationQueue":[],"_animationSpeed":1.099,"_zoom":7.306},{"_mousePosition":[890,442],"_rootPartCFrame":[774.689,222.696,45.687,0.523,0,0.852,0,1,0,-0.852,0,0.523],"_humanoidState":8,"_cameraCFrame":[774.521,230.198,49.849,0.999,0.033,-0.023,0,0.57,0.822,0.04,-0.821,0.57],"_shiftlockState":false,"_pose":"Running","_animationQueue":[],"_animationSpeed":1.099,"_zoom":7.306},{"_mousePosition":[876,445],"_rootPartCFrame":[774.508,222.698,45.491,0.554,0,0.832,0,1,0,-0.832,0,0.554],"_humanoidState":8,"_cameraCFrame":[774.34,230.2,49.653,0.999,0.033,-0.023,0,0.57,0.822,0.04,-0.821,0.57],"_shiftlockState":false,"_pose":"Running","_animationQueue":[],"_animationSpeed":1.099,"_zoom":7.306},{"_mousePosition":[830,454],"_rootPartCFrame":[774.328,222.699,45.295,0.581,0,0.814,0,1,0,-0.814,0,0.581],"_humanoidState":8,"_cameraCFrame":[774.16,230.201,49.457,0.999,0.033,-0.023,0,0.57,0.822,0.04,-0.821,0.57],"_shiftlockState":false,"_pose":"Running","_animationQueue":[],"_animationSpeed":1.099,"_zoom":7.306},{"_mousePosition":[820,457],"_rootPartCFrame":[774.147,222.699,45.099,0.603,0,0.798,0,1,0,-0.798,0,0.603],"_humanoidState":8,"_cameraCFrame":[773.979,230.201,49.261,0.999,0.033,-0.023,0,0.57,0.822,0.04,-0.821,0.57],"_shiftlockState":false,"_pose":"Running","_animationQueue":[],"_animationSpeed":1.099,"_zoom":7.306},{"_mousePosition":[789,467],"_rootPartCFrame":[773.966,222.699,44.903,0.622,0,0.783,0,1,0,-0.783,0,0.622],"_humanoidState":8,"_cameraCFrame":[773.798,230.202,49.065,0.999,0.033,-0.023,0,0.57,0.822,0.04,-0.821,0.57],"_shiftlockState":false,"_pose":"Running","_animationQueue":[["walk",0.1]],"_animationSpeed":1.099,"_zoom":7.306},{"_mousePosition":[781,470],"_rootPartCFrame":[773.785,222.699,44.707,0.638,0,0.77,0,1,0,-0.77,0,0.638],"_humanoidState":8,"_cameraCFrame":[773.617,230.202,48.869,0.999,0.033,-0.023,0,0.57,0.822,0.04,-0.821,0.57],"_shiftlockState":false,"_pose":"Running","_animationQueue":[],"_animationSpeed":1.099,"_zoom":7.306},{"_mousePosition":[763,478],"_rootPartCFrame":[773.514,222.7,44.413,0.659,0,0.752,0,1,0,-0.752,0,0.659],"_humanoidState":8,"_cameraCFrame":[773.346,230.202,48.575,0.999,0.033,-0.023,0,0.57,0.822,0.04,-0.821,0.57],"_shiftlockState":false,"_pose":"Running","_animationQueue":[],"_animationSpeed":1.099,"_zoom":7.306},{"_mousePosition":[760,480],"_rootPartCFrame":[773.424,222.7,44.315,0.664,0,0.747,0,1,0,-0.747,0,0.664],"_humanoidState":8,"_cameraCFrame":[773.256,230.202,48.477,0.999,0.033,-0.023,0,0.57,0.822,0.04,-0.821,0.57],"_shiftlockState":false,"_pose":"Running","_animationQueue":[],"_animationSpeed":1.099,"_zoom":7.306},{"_mousePosition":[753,484],"_rootPartCFrame":[773.243,222.7,44.119,0.674,0,0.738,0,1,0,-0.738,0,0.674],"_humanoidState":8,"_cameraCFrame":[773.075,230.202,48.281,0.999,0.033,-0.023,0,0.57,0.822,0.04,-0.821,0.57],"_shiftlockState":false,"_pose":"Running","_animationQueue":[],"_animationSpeed":1.099,"_zoom":7.306},{"_mousePosition":[753,484],"_rootPartCFrame":[773.062,222.7,43.923,0.683,0,0.731,0,1,0,-0.731,0,0.683],"_humanoidState":8,"_cameraCFrame":[772.934,230.219,48.062,1,0.025,-0.018,0,0.567,0.824,0.031,-0.823,0.567],"_shiftlockState":false,"_pose":"Running","_animationQueue":[],"_animationSpeed":1.099,"_zoom":7.306},{"_mousePosition":[753,484],"_rootPartCFrame":[772.881,222.7,43.727,0.69,0,0.724,0,1,0,-0.724,0,0.69],"_humanoidState":8,"_cameraCFrame":[772.789,230.235,47.843,1,0.019,-0.013,0,0.564,0.826,0.023,-0.826,0.563],"_shiftlockState":false,"_pose":"Running","_animationQueue":[["walk",0.1]],"_animationSpeed":1.099,"_zoom":7.306},{"_mousePosition":[753,484],"_rootPartCFrame":[772.699,222.7,43.533,0.696,0,0.718,0,1,0,-0.718,0,0.696],"_humanoidState":8,"_cameraCFrame":[772.663,230.272,47.596,1,0.007,-0.005,0,0.556,0.831,0.009,-0.831,0.556],"_shiftlockState":false,"_pose":"Running","_animationQueue":[],"_animationSpeed":1.099,"_zoom":7.306},{"_mousePosition":[753,484],"_rootPartCFrame":[772.515,222.7,43.34,0.699,0,0.715,0,1,0,-0.715,0,0.699],"_humanoidState":8,"_cameraCFrame":[772.554,230.32,47.329,1,-0.008,0.005,0,0.546,0.838,-0.01,-0.838,0.546],"_shiftlockState":false,"_pose":"Running","_animationQueue":[],"_animationSpeed":1.099,"_zoom":7.306},{"_mousePosition":[753,484],"_rootPartCFrame":[772.328,222.7,43.149,0.702,0,0.713,0,1,0,-0.713,0,0.702],"_humanoidState":8,"_cameraCFrame":[772.445,230.371,47.058,1,-0.025,0.016,0,0.535,0.845,-0.03,-0.844,0.535],"_shiftlockState":false,"_pose":"Running","_animationQueue":[],"_animationSpeed":1.099,"_zoom":7.306},{"_mousePosition":[753,484],"_rootPartCFrame":[772.138,222.7,42.962,0.702,0,0.713,0,1,0,-0.713,0,0.702],"_humanoidState":8,"_cameraCFrame":[772.312,230.421,46.789,0.999,-0.039,0.024,0,0.524,0.852,-0.046,-0.851,0.524],"_shiftlockState":false,"_pose":"Running","_animationQueue":[],"_animationSpeed":1.099,"_zoom":7.306},{"_mousePosition":[753,484],"_rootPartCFrame":[771.944,222.7,42.779,0.7,0,0.715,0,1,0,-0.715,0,0.7],"_humanoidState":8,"_cameraCFrame":[772.175,230.642,46.617,0.998,-0.052,0.031,0,0.513,0.859,-0.06,-0.857,0.512],"_shiftlockState":false,"_pose":"Running","_animationQueue":[],"_animationSpeed":1.099,"_zoom":9.633},{"_mousePosition":[753,484],"_rootPartCFrame":[771.747,222.7,42.599,0.696,0,0.718,0,1,0,-0.718,0,0.696],"_humanoidState":8,"_cameraCFrame":[772.02,230.981,46.571,0.998,-0.059,0.035,0,0.506,0.862,-0.069,-0.86,0.505],"_shiftlockState":false,"_pose":"Running","_animationQueue":[["walk",0.1]],"_animationSpeed":1.099,"_zoom":9.633},{"_mousePosition":[753,484],"_rootPartCFrame":[771.548,222.7,42.422,0.692,0,0.722,0,1,0,-0.722,0,0.692],"_humanoidState":8,"_cameraCFrame":[771.885,231.372,46.518,0.997,-0.071,0.041,0,0.497,0.868,-0.082,-0.865,0.496],"_shiftlockState":false,"_pose":"Running","_animationQueue":[],"_animationSpeed":1.099,"_zoom":9.633},{"_mousePosition":[753,484],"_rootPartCFrame":[771.347,222.7,42.247,0.688,0,0.726,0,1,0,-0.726,0,0.688],"_humanoidState":8,"_cameraCFrame":[771.737,231.716,46.448,0.996,-0.081,0.045,0,0.49,0.872,-0.093,-0.868,0.487],"_shiftlockState":false,"_pose":"Running","_animationQueue":[],"_animationSpeed":1.099,"_zoom":9.633},{"_mousePosition":[753,484],"_rootPartCFrame":[771.144,222.7,42.074,0.682,0,0.731,0,1,0,-0.731,0,0.682],"_humanoidState":8,"_cameraCFrame":[771.602,231.991,46.325,0.994,-0.094,0.052,0,0.481,0.877,-0.107,-0.872,0.478],"_shiftlockState":false,"_pose":"Running","_animationQueue":[],"_animationSpeed":1.099,"_zoom":9.633},{"_mousePosition":[753,484],"_rootPartCFrame":[770.836,222.7,41.818,0.674,0,0.739,0,1,0,-0.739,0,0.674],"_humanoidState":8,"_cameraCFrame":[771.36,232.221,46.096,0.993,-0.107,0.058,0,0.473,0.881,-0.122,-0.874,0.47],"_shiftlockState":false,"_pose":"Running","_animationQueue":[],"_animationSpeed":1.099,"_zoom":9.633},{"_mousePosition":[753,484],"_rootPartCFrame":[770.682,222.679,41.691,0.669,0,0.743,0,1,0,-0.743,0,0.669],"_humanoidState":8,"_cameraCFrame":[771.269,232.383,45.956,0.991,-0.121,0.063,0,0.465,0.885,-0.136,-0.877,0.46],"_shiftlockState":false,"_pose":"Running","_animationQueue":[],"_animationSpeed":1.099,"_zoom":9.633},{"_mousePosition":[753,484],"_rootPartCFrame":[770.477,223.542,41.52,0.664,0,0.748,0,1,0,-0.748,0,0.664],"_humanoidState":3,"_cameraCFrame":[771.093,233.365,45.802,0.99,-0.126,0.066,0,0.461,0.887,-0.142,-0.878,0.456],"_shiftlockState":false,"_pose":"Jumping","_animationQueue":[["walk",0.1],["jump",0.1]],"_animationSpeed":1,"_zoom":9.633},{"_mousePosition":[753,484],"_rootPartCFrame":[770.265,224.351,41.358,0.657,0,0.754,0,1,0,-0.754,0,0.657],"_humanoidState":5,"_cameraCFrame":[770.894,234.249,45.66,0.99,-0.128,0.066,0,0.46,0.888,-0.145,-0.879,0.455],"_shiftlockState":false,"_pose":"FreeFall","_animationQueue":[["jump",0.1]],"_animationSpeed":1,"_zoom":9.633},{"_mousePosition":[753,484],"_rootPartCFrame":[770.052,225.104,41.198,0.649,0,0.761,0,1,0,-0.761,0,0.649],"_humanoidState":5,"_cameraCFrame":[770.683,235.052,45.516,0.99,-0.128,0.066,0,0.459,0.888,-0.145,-0.879,0.454],"_shiftlockState":false,"_pose":"FreeFall","_animationQueue":[],"_animationSpeed":1,"_zoom":9.633},{"_mousePosition":[753,484],"_rootPartCFrame":[769.892,225.634,41.078,0.644,0,0.765,0,1,0,-0.765,0,0.644],"_humanoidState":5,"_cameraCFrame":[770.525,235.621,45.417,0.99,-0.128,0.066,0,0.459,0.888,-0.145,-0.879,0.454],"_shiftlockState":false,"_pose":"FreeFall","_animationQueue":[],"_animationSpeed":1,"_zoom":9.633},{"_mousePosition":[753,484],"_rootPartCFrame":[769.624,226.449,40.879,0.636,0,0.772,0,1,0,-0.772,0,0.636],"_humanoidState":5,"_cameraCFrame":[770.26,236.458,45.229,0.99,-0.128,0.066,0,0.459,0.888,-0.145,-0.879,0.454],"_shiftlockState":false,"_pose":"FreeFall","_animationQueue":[],"_animationSpeed":1,"_zoom":9.633},{"_mousePosition":[753,484],"_rootPartCFrame":[769.411,227.039,40.72,0.631,0,0.776,0,1,0,-0.776,0,0.631],"_humanoidState":5,"_cameraCFrame":[770.008,237.076,45.063,0.991,-0.121,0.062,0,0.457,0.89,-0.136,-0.881,0.453],"_shiftlockState":false,"_pose":"FreeFall","_animationQueue":[],"_animationSpeed":1,"_zoom":9.633},{"_mousePosition":[753,484],"_rootPartCFrame":[769.197,227.575,40.56,0.626,0,0.78,0,1,0,-0.78,0,0.626],"_humanoidState":5,"_cameraCFrame":[769.733,237.632,44.896,0.992,-0.109,0.056,0,0.455,0.891,-0.123,-0.884,0.451],"_shiftlockState":false,"_pose":"FreeFall","_animationQueue":[],"_animationSpeed":1,"_zoom":9.633},{"_mousePosition":[753,484],"_rootPartCFrame":[768.984,228.056,40.4,0.623,0,0.783,0,1,0,-0.783,0,0.623],"_humanoidState":5,"_cameraCFrame":[769.44,238.135,44.72,0.994,-0.094,0.047,0,0.452,0.892,-0.105,-0.887,0.449],"_shiftlockState":false,"_pose":"FreeFall","_animationQueue":[],"_animationSpeed":1,"_zoom":9.633},{"_mousePosition":[753,484],"_rootPartCFrame":[768.773,228.483,40.236,0.621,0,0.784,0,1,0,-0.784,0,0.621],"_humanoidState":5,"_cameraCFrame":[770.898,238.581,44.384,0.996,-0.079,0.04,0,0.449,0.894,-0.088,-0.89,0.447],"_shiftlockState":true,"_pose":"FreeFall","_animationQueue":[],"_animationSpeed":1,"_zoom":9.633},{"_mousePosition":[683,384],"_rootPartCFrame":[768.566,228.856,40.069,0.987,0,0.162,0,1,0,-0.162,0,0.987],"_humanoidState":5,"_cameraCFrame":[770.691,238.956,44.219,0.996,-0.079,0.04,0,0.449,0.894,-0.088,-0.89,0.447],"_shiftlockState":true,"_pose":"FreeFall","_animationQueue":[],"_animationSpeed":1,"_zoom":9.633},{"_mousePosition":[683,384],"_rootPartCFrame":[768.361,229.174,39.898,0.982,0,0.189,0,1,0,-0.189,0,0.982],"_humanoidState":5,"_cameraCFrame":[770.406,239.284,44.075,0.998,-0.062,0.031,0,0.447,0.894,-0.07,-0.892,0.446],"_shiftlockState":true,"_pose":"FreeFall","_animationQueue":[],"_animationSpeed":1,"_zoom":9.633},{"_mousePosition":[683,384],"_rootPartCFrame":[768.156,229.437,39.727,0.985,0,0.175,0,1,0,-0.175,0,0.985],"_humanoidState":5,"_cameraCFrame":[770.157,239.552,43.918,0.998,-0.053,0.026,0,0.447,0.895,-0.059,-0.893,0.446],"_shiftlockState":true,"_pose":"FreeFall","_animationQueue":[],"_animationSpeed":1,"_zoom":9.633},{"_mousePosition":[683,384],"_rootPartCFrame":[767.955,229.646,39.553,0.986,0,0.165,0,1,0,-0.165,0,0.986],"_humanoidState":5,"_cameraCFrame":[769.925,239.765,43.752,0.999,-0.046,0.023,0,0.446,0.895,-0.052,-0.894,0.445],"_shiftlockState":true,"_pose":"FreeFall","_animationQueue":[],"_animationSpeed":1,"_zoom":9.633},{"_mousePosition":[683,384],"_rootPartCFrame":[767.755,229.8,39.376,0.988,0,0.157,0,1,0,-0.157,0,0.988],"_humanoidState":5,"_cameraCFrame":[769.689,239.927,43.578,0.999,-0.039,0.019,0,0.445,0.896,-0.043,-0.895,0.444],"_shiftlockState":true,"_pose":"FreeFall","_animationQueue":[],"_animationSpeed":1,"_zoom":9.633},{"_mousePosition":[683,384],"_rootPartCFrame":[767.507,229.917,39.153,0.985,0,0.175,0,1,0,-0.175,0,0.985],"_humanoidState":5,"_cameraCFrame":[769.393,240.044,43.377,0.999,-0.029,0.014,0,0.445,0.896,-0.032,-0.895,0.444],"_shiftlockState":true,"_pose":"FreeFall","_animationQueue":[],"_animationSpeed":1,"_zoom":9.633},{"_mousePosition":[683,384],"_rootPartCFrame":[767.365,229.944,39.104,0.999,0.001,0.052,-0.001,1,0,-0.052,0,0.999],"_humanoidState":5,"_cameraCFrame":[769.186,240.075,43.35,1,-0.015,0.007,0,0.444,0.896,-0.016,-0.896,0.444],"_shiftlockState":true,"_pose":"FreeFall","_animationQueue":[],"_animationSpeed":1,"_zoom":9.633},{"_mousePosition":[683,384],"_rootPartCFrame":[767.188,229.927,39.103,0.999,0.001,0.052,-0.001,1,0,-0.052,0,0.999],"_humanoidState":5,"_cameraCFrame":[768.947,240.058,43.376,1,-0.001,0.001,0,0.444,0.896,-0.002,-0.896,0.444],"_shiftlockState":true,"_pose":"FreeFall","_animationQueue":[],"_animationSpeed":1,"_zoom":9.633},{"_mousePosition":[683,384],"_rootPartCFrame":[766.999,229.858,39.12,0.998,-0.001,0.061,0.001,1,0,-0.061,0,0.998],"_humanoidState":5,"_cameraCFrame":[768.696,239.989,43.416,1,0.011,-0.005,0,0.444,0.896,0.012,-0.896,0.444],"_shiftlockState":true,"_pose":"FreeFall","_animationQueue":[],"_animationSpeed":1,"_zoom":9.633},{"_mousePosition":[683,384],"_rootPartCFrame":[766.803,229.738,39.154,0.997,-0.001,0.076,0.001,1,0,-0.076,0,0.997],"_humanoidState":5,"_cameraCFrame":[768.441,239.866,43.48,1,0.023,-0.011,0,0.445,0.896,0.026,-0.895,0.444],"_shiftlockState":true,"_pose":"FreeFall","_animationQueue":[],"_animationSpeed":1,"_zoom":9.633},{"_mousePosition":[683,384],"_rootPartCFrame":[766.609,229.563,39.148,0.997,0,0.079,0,1,0,-0.079,0,0.997],"_humanoidState":5,"_cameraCFrame":[768.184,239.691,43.497,0.999,0.036,-0.018,0,0.445,0.896,0.04,-0.895,0.444],"_shiftlockState":true,"_pose":"FreeFall","_animationQueue":[],"_animationSpeed":1,"_zoom":9.633},{"_mousePosition":[683,384],"_rootPartCFrame":[766.417,229.334,39.102,0.998,0,0.066,0,1,0,-0.066,0,0.998],"_humanoidState":5,"_cameraCFrame":[767.947,239.459,43.475,0.999,0.045,-0.023,0,0.445,0.895,0.051,-0.894,0.445],"_shiftlockState":true,"_pose":"FreeFall","_animationQueue":[],"_animationSpeed":1,"_zoom":9.633},{"_mousePosition":[683,384],"_rootPartCFrame":[766.224,229.057,39.078,1,-0.003,0.017,0.003,1,0,-0.017,0,1],"_humanoidState":5,"_cameraCFrame":[767.716,239.182,43.462,0.998,0.052,-0.026,0,0.445,0.895,0.058,-0.894,0.445],"_shiftlockState":true,"_pose":"FreeFall","_animationQueue":[["fall",0.3]],"_animationSpeed":1,"_zoom":9.633},{"_mousePosition":[683,384],"_rootPartCFrame":[766.057,228.746,39.149,1,-0.005,0.003,0.005,1,0,-0.003,0,1],"_humanoidState":5,"_cameraCFrame":[767.543,238.871,43.535,0.998,0.053,-0.026,0,0.445,0.895,0.059,-0.894,0.445],"_shiftlockState":true,"_pose":"FreeFall","_animationQueue":[],"_animationSpeed":1,"_zoom":9.633},{"_mousePosition":[683,384],"_rootPartCFrame":[765.888,228.381,39.162,0.999,-0.002,0.041,0.002,1,0,-0.041,0,0.999],"_humanoidState":5,"_cameraCFrame":[767.378,238.505,43.548,0.998,0.053,-0.026,0,0.445,0.895,0.059,-0.894,0.445],"_shiftlockState":true,"_pose":"FreeFall","_animationQueue":[],"_animationSpeed":1,"_zoom":9.633},{"_mousePosition":[683,384],"_rootPartCFrame":[765.717,227.96,39.136,0.999,0,0.045,0,1,0,-0.045,0,0.999],"_humanoidState":5,"_cameraCFrame":[767.209,238.085,43.521,0.998,0.053,-0.026,0,0.445,0.895,0.059,-0.894,0.445],"_shiftlockState":true,"_pose":"FreeFall","_animationQueue":[],"_animationSpeed":1,"_zoom":9.633},{"_mousePosition":[683,384],"_rootPartCFrame":[765.544,227.486,39.07,0.999,0,0.045,0,1,0,-0.045,0,0.999],"_humanoidState":5,"_cameraCFrame":[767.037,237.61,43.456,0.998,0.053,-0.026,0,0.445,0.895,0.059,-0.894,0.445],"_shiftlockState":true,"_pose":"FreeFall","_animationQueue":[],"_animationSpeed":1,"_zoom":9.633},{"_mousePosition":[683,384],"_rootPartCFrame":[765.42,226.957,39.073,0.999,0,0.047,0,1,-0.001,-0.047,0.001,0.999],"_humanoidState":5,"_cameraCFrame":[766.908,237.081,43.461,0.998,0.054,-0.027,0,0.445,0.895,0.06,-0.894,0.445],"_shiftlockState":true,"_pose":"FreeFall","_animationQueue":[],"_animationSpeed":1,"_zoom":9.633},{"_mousePosition":[683,384],"_rootPartCFrame":[765.298,226.373,39.103,0.999,0,0.046,0,1,-0.001,-0.046,0.001,0.999],"_humanoidState":5,"_cameraCFrame":[766.786,236.498,43.492,0.998,0.054,-0.027,0,0.445,0.895,0.06,-0.894,0.445],"_shiftlockState":true,"_pose":"FreeFall","_animationQueue":[["fall",0.3]],"_animationSpeed":1,"_zoom":9.633},{"_mousePosition":[683,384],"_rootPartCFrame":[765.172,225.735,39.131,0.999,0,0.045,0,1,-0.001,-0.045,0.001,0.999],"_humanoidState":5,"_cameraCFrame":[764.913,235.86,43.413,0.998,0.054,-0.027,0,0.445,0.895,0.06,-0.894,0.445],"_shiftlockState":false,"_pose":"FreeFall","_animationQueue":[],"_animationSpeed":1,"_zoom":9.633},{"_mousePosition":[683,384],"_rootPartCFrame":[765.008,225.051,39.17,0.994,-0.003,0.113,0.003,1,0,-0.113,0,0.994],"_humanoidState":5,"_cameraCFrame":[764.746,235.175,43.452,0.998,0.054,-0.027,0,0.445,0.895,0.06,-0.894,0.445],"_shiftlockState":false,"_pose":"FreeFall","_animationQueue":[],"_animationSpeed":1,"_zoom":9.633},{"_mousePosition":[683,384],"_rootPartCFrame":[764.819,224.321,39.221,0.984,-0.003,0.18,0.003,1,0.002,-0.18,-0.002,0.984],"_humanoidState":5,"_cameraCFrame":[764.556,234.446,43.501,0.998,0.054,-0.027,0,0.445,0.895,0.06,-0.894,0.445],"_shiftlockState":false,"_pose":"FreeFall","_animationQueue":[],"_animationSpeed":1,"_zoom":9.633},{"_mousePosition":[683,384],"_rootPartCFrame":[764.632,224.371,39.279,0.98,-0.001,0.198,0.001,1,0.002,-0.198,-0.002,0.98],"_humanoidState":12,"_cameraCFrame":[764.376,234.495,43.559,0.998,0.053,-0.026,0,0.445,0.895,0.059,-0.894,0.445],"_shiftlockState":false,"_pose":"Climbing","_animationQueue":[["walk",0.1],["fall",0.3],["climb",0.1],["climb",0]],"_animationSpeed":-3.73,"_zoom":9.633},{"_mousePosition":[683,384],"_rootPartCFrame":[764.482,224.505,39.327,0.98,0,0.2,0,1,0,-0.2,0,0.98],"_humanoidState":8,"_cameraCFrame":[764.345,234.623,43.627,0.999,0.029,-0.014,0,0.447,0.895,0.032,-0.894,0.447],"_shiftlockState":false,"_pose":"Running","_animationQueue":[["walk",0.1],["climb",0.1],["walk",0.1],["walk",0.1]],"_animationSpeed":0.75,"_zoom":9.633},{"_mousePosition":[683,384],"_rootPartCFrame":[764.37,224.585,39.362,0.98,0,0.2,0,1,0,-0.2,0,0.98],"_humanoidState":5,"_cameraCFrame":[764.713,234.688,43.68,0.997,-0.071,0.036,0,0.45,0.893,-0.079,-0.89,0.448],"_shiftlockState":false,"_pose":"FreeFall","_animationQueue":[["walk",0.1],["walk",0.1],["fall",0.3]],"_animationSpeed":1,"_zoom":9.633},{"_mousePosition":[683,384],"_rootPartCFrame":[764.296,224.61,39.385,0.98,0,0.2,0,1,0,-0.2,0,0.98],"_humanoidState":5,"_cameraCFrame":[765.47,234.668,43.647,0.964,-0.236,0.122,0,0.459,0.888,-0.265,-0.857,0.443],"_shiftlockState":false,"_pose":"FreeFall","_animationQueue":[],"_animationSpeed":1,"_zoom":9.633},{"_mousePosition":[683,384],"_rootPartCFrame":[764.26,224.58,39.396,0.98,0,0.2,0,1,0,-0.2,0,0.98],"_humanoidState":5,"_cameraCFrame":[766.723,234.547,43.272,0.844,-0.471,0.256,0,0.477,0.879,-0.536,-0.742,0.402],"_shiftlockState":false,"_pose":"FreeFall","_animationQueue":[],"_animationSpeed":1,"_zoom":9.633},{"_mousePosition":[683,384],"_rootPartCFrame":[764.255,224.497,39.397,0.98,0,0.2,0,1,0,-0.2,0,0.98],"_humanoidState":5,"_cameraCFrame":[767.892,234.392,42.409,0.638,-0.671,0.378,0,0.49,0.872,-0.77,-0.556,0.313],"_shiftlockState":false,"_pose":"FreeFall","_animationQueue":[],"_animationSpeed":1,"_zoom":9.633},{"_mousePosition":[683,384],"_rootPartCFrame":[764.255,224.358,39.397,0.98,0,0.2,0,1,0,-0.2,0,0.98],"_humanoidState":5,"_cameraCFrame":[769.298,234.235,39.9,0.437,-0.782,0.444,0,0.494,0.87,-0.9,-0.38,0.216],"_shiftlockState":true,"_pose":"FreeFall","_animationQueue":[],"_animationSpeed":1,"_zoom":9.633},{"_mousePosition":[683,384],"_rootPartCFrame":[764.134,224.632,39.757,0.385,0,0.923,0,1,0,-0.923,0,0.385],"_humanoidState":7,"_cameraCFrame":[769.177,234.508,40.259,0.437,-0.782,0.444,0,0.494,0.87,-0.9,-0.38,0.216],"_shiftlockState":true,"_pose":"FreeFall","_animationQueue":[["fall",0.3],["fall",0.3]],"_animationSpeed":1,"_zoom":9.633},{"_mousePosition":[683,384],"_rootPartCFrame":[764.01,224.816,39.907,0.396,0,0.918,0,1,0,-0.918,0,0.396],"_humanoidState":7,"_cameraCFrame":[769.094,234.677,40.204,0.398,-0.796,0.456,0,0.497,0.868,-0.918,-0.345,0.197],"_shiftlockState":true,"_pose":"FreeFall","_animationQueue":[["fall",0.3]],"_animationSpeed":1,"_zoom":9.633},{"_mousePosition":[683,384],"_rootPartCFrame":[763.857,225.014,40.092,0.38,0,0.925,0,1,0,-0.925,0,0.38],"_humanoidState":8,"_cameraCFrame":[768.952,234.863,40.509,0.418,-0.788,0.453,0,0.499,0.867,-0.909,-0.362,0.208],"_shiftlockState":true,"_pose":"Running","_animationQueue":[["walk",0.1],["fall",0.3],["walk",0.1]],"_animationSpeed":1.096,"_zoom":9.633},{"_mousePosition":[683,384],"_rootPartCFrame":[763.729,225.157,40.246,0.416,0,0.909,0,1,0,-0.909,0,0.416],"_humanoidState":8,"_cameraCFrame":[768.758,235.018,41.051,0.488,-0.758,0.433,0,0.497,0.868,-0.873,-0.423,0.242],"_shiftlockState":true,"_pose":"Running","_animationQueue":[["walk",0.1]],"_animationSpeed":0.931,"_zoom":9.633},{"_mousePosition":[683,384],"_rootPartCFrame":[763.611,226.03,40.389,0.487,0,0.873,0,1,0,-0.873,0,0.487],"_humanoidState":3,"_cameraCFrame":[768.451,235.945,41.661,0.576,-0.714,0.398,0,0.487,0.874,-0.817,-0.503,0.28],"_shiftlockState":true,"_pose":"Jumping","_animationQueue":[["walk",0.1],["jump",0.1]],"_animationSpeed":1,"_zoom":9.633},{"_mousePosition":[683,384],"_rootPartCFrame":[763.489,226.852,40.557,0.499,0,0.867,0,1,0,-0.867,0,0.499],"_humanoidState":5,"_cameraCFrame":[768.102,236.83,42.198,0.65,-0.669,0.361,0,0.475,0.88,-0.76,-0.572,0.308],"_shiftlockState":true,"_pose":"FreeFall","_animationQueue":[["jump",0.1]],"_animationSpeed":1,"_zoom":9.633},{"_mousePosition":[683,384],"_rootPartCFrame":[763.35,227.62,40.758,0.547,0,0.837,0,1,0,-0.837,0,0.547],"_humanoidState":5,"_cameraCFrame":[767.753,237.653,42.669,0.705,-0.628,0.329,0,0.464,0.886,-0.709,-0.625,0.327],"_shiftlockState":true,"_pose":"FreeFall","_animationQueue":[],"_animationSpeed":1,"_zoom":9.633},{"_mousePosition":[683,384],"_rootPartCFrame":[763.183,228.333,40.963,0.605,0,0.796,0,1,0,-0.796,0,0.605],"_humanoidState":5,"_cameraCFrame":[767.431,238.405,43.041,0.741,-0.598,0.306,0,0.456,0.89,-0.672,-0.659,0.338],"_shiftlockState":true,"_pose":"FreeFall","_animationQueue":[],"_animationSpeed":1,"_zoom":9.633},{"_mousePosition":[683,384],"_rootPartCFrame":[762.998,228.991,41.155,0.645,0,0.764,0,1,0,-0.764,0,0.645],"_humanoidState":5,"_cameraCFrame":[767.129,239.092,43.349,0.765,-0.574,0.29,0,0.45,0.893,-0.643,-0.683,0.345],"_shiftlockState":true,"_pose":"FreeFall","_animationQueue":[],"_animationSpeed":1,"_zoom":9.633},{"_mousePosition":[683,384],"_rootPartCFrame":[762.802,229.595,41.335,0.673,0,0.739,0,1,0,-0.739,0,0.673],"_humanoidState":5,"_cameraCFrame":[766.887,239.703,43.588,0.776,-0.563,0.283,0,0.449,0.894,-0.631,-0.694,0.348],"_shiftlockState":true,"_pose":"FreeFall","_animationQueue":[],"_animationSpeed":1,"_zoom":9.633},{"_mousePosition":[683,384],"_rootPartCFrame":[762.598,230.145,41.508,0.685,0,0.728,0,1,0,-0.728,0,0.685],"_humanoidState":5,"_cameraCFrame":[766.646,240.259,43.801,0.784,-0.555,0.278,0,0.447,0.894,-0.621,-0.701,0.351],"_shiftlockState":true,"_pose":"FreeFall","_animationQueue":[],"_animationSpeed":1,"_zoom":9.633},{"_mousePosition":[683,384],"_rootPartCFrame":[762.392,230.64,41.677,0.695,0,0.719,0,1,0,-0.719,0,0.695],"_humanoidState":5,"_cameraCFrame":[766.409,240.761,43.997,0.79,-0.549,0.274,0,0.446,0.895,-0.613,-0.707,0.352],"_shiftlockState":true,"_pose":"FreeFall","_animationQueue":[],"_animationSpeed":1,"_zoom":9.633},{"_mousePosition":[683,384],"_rootPartCFrame":[762.183,231.08,41.843,0.701,0,0.713,0,1,0,-0.713,0,0.701],"_humanoidState":5,"_cameraCFrame":[766.138,241.222,44.192,0.799,-0.539,0.265,0,0.442,0.897,-0.601,-0.717,0.353],"_shiftlockState":true,"_pose":"FreeFall","_animationQueue":[],"_animationSpeed":1,"_zoom":9.633},{"_mousePosition":[683,384],"_rootPartCFrame":[761.973,231.467,42.006,0.712,0,0.702,0,1,0,-0.702,0,0.712],"_humanoidState":5,"_cameraCFrame":[765.869,241.632,44.366,0.807,-0.531,0.258,0,0.437,0.9,-0.591,-0.726,0.352],"_shiftlockState":true,"_pose":"FreeFall","_animationQueue":[],"_animationSpeed":1,"_zoom":9.633},{"_mousePosition":[683,384],"_rootPartCFrame":[761.76,231.798,42.167,0.721,0,0.693,0,1,0,-0.693,0,0.721],"_humanoidState":5,"_cameraCFrame":[765.597,241.994,44.513,0.812,-0.526,0.251,0,0.43,0.903,-0.583,-0.733,0.349],"_shiftlockState":true,"_pose":"FreeFall","_animationQueue":[],"_animationSpeed":1,"_zoom":9.633},{"_mousePosition":[683,384],"_rootPartCFrame":[761.545,232.075,42.325,0.728,0,0.686,0,1,0,-0.686,0,0.728],"_humanoidState":5,"_cameraCFrame":[765.341,242.291,44.664,0.817,-0.522,0.246,0,0.426,0.905,-0.577,-0.739,0.348],"_shiftlockState":true,"_pose":"FreeFall","_animationQueue":[],"_animationSpeed":1,"_zoom":9.633},{"_mousePosition":[683,384],"_rootPartCFrame":[761.329,232.298,42.481,0.733,0,0.681,0,1,0,-0.681,0,0.733],"_humanoidState":5,"_cameraCFrame":[765.09,242.53,44.815,0.82,-0.519,0.241,0,0.422,0.907,-0.572,-0.744,0.346],"_shiftlockState":true,"_pose":"FreeFall","_animationQueue":[],"_animationSpeed":1,"_zoom":9.633},{"_mousePosition":[683,384],"_rootPartCFrame":[761.111,232.466,42.635,0.737,0,0.676,0,1,0,-0.676,0,0.737],"_humanoidState":5,"_cameraCFrame":[764.84,242.714,44.96,0.823,-0.516,0.238,0,0.418,0.908,-0.568,-0.748,0.344],"_shiftlockState":true,"_pose":"FreeFall","_animationQueue":[],"_animationSpeed":1,"_zoom":9.633},{"_mousePosition":[683,384],"_rootPartCFrame":[760.893,232.579,42.788,0.741,0,0.672,0,1,0,-0.672,0,0.741],"_humanoidState":5,"_cameraCFrame":[764.6,242.838,45.111,0.826,-0.513,0.235,0,0.416,0.909,-0.564,-0.751,0.344],"_shiftlockState":true,"_pose":"FreeFall","_animationQueue":[],"_animationSpeed":1,"_zoom":9.633},{"_mousePosition":[683,384],"_rootPartCFrame":[760.673,232.638,42.939,0.743,0,0.669,0,1,0,-0.669,0,0.743],"_humanoidState":5,"_cameraCFrame":[764.358,242.906,45.26,0.828,-0.51,0.232,0,0.414,0.91,-0.561,-0.754,0.343],"_shiftlockState":true,"_pose":"FreeFall","_animationQueue":[],"_animationSpeed":1,"_zoom":9.633},{"_mousePosition":[683,384],"_rootPartCFrame":[760.453,232.643,43.09,0.746,0,0.666,0,1,0,-0.666,0,0.746],"_humanoidState":5,"_cameraCFrame":[764.109,242.92,45.42,0.832,-0.505,0.228,0,0.412,0.911,-0.555,-0.758,0.343],"_shiftlockState":true,"_pose":"FreeFall","_animationQueue":[["fall",0.3]],"_animationSpeed":1,"_zoom":9.633},{"_mousePosition":[683,384],"_rootPartCFrame":[760.232,232.593,43.24,0.751,0,0.66,0,1,0,-0.66,0,0.751],"_humanoidState":5,"_cameraCFrame":[763.831,242.89,45.587,0.84,-0.495,0.221,0,0.407,0.913,-0.542,-0.767,0.342],"_shiftlockState":true,"_pose":"FreeFall","_animationQueue":[],"_animationSpeed":1,"_zoom":9.633},{"_mousePosition":[683,384],"_rootPartCFrame":[760.011,232.488,43.388,0.761,0,0.649,0,1,0,-0.649,0,0.761],"_humanoidState":5,"_cameraCFrame":[763.545,242.804,45.763,0.85,-0.483,0.213,0,0.403,0.915,-0.527,-0.778,0.342],"_shiftlockState":true,"_pose":"FreeFall","_animationQueue":[],"_animationSpeed":1,"_zoom":9.633},{"_mousePosition":[683,384],"_rootPartCFrame":[759.787,232.329,43.533,0.772,0,0.636,0,1,0,-0.636,0,0.772],"_humanoidState":5,"_cameraCFrame":[763.235,242.667,45.953,0.863,-0.464,0.201,0,0.398,0.917,-0.506,-0.791,0.343],"_shiftlockState":true,"_pose":"FreeFall","_animationQueue":[],"_animationSpeed":1,"_zoom":9.633},{"_mousePosition":[683,384],"_rootPartCFrame":[759.561,232.116,43.674,0.788,0,0.616,0,1,0,-0.616,0,0.788],"_humanoidState":5,"_cameraCFrame":[762.93,242.469,46.149,0.875,-0.445,0.191,0,0.394,0.919,-0.484,-0.804,0.345],"_shiftlockState":true,"_pose":"FreeFall","_animationQueue":[],"_animationSpeed":1,"_zoom":9.633},{"_mousePosition":[683,384],"_rootPartCFrame":[759.389,231.92,43.776,0.822,0,0.569,0,1,0,-0.569,0,0.822],"_humanoidState":5,"_cameraCFrame":[762.679,242.285,46.313,0.887,-0.424,0.18,0,0.391,0.92,-0.461,-0.817,0.347],"_shiftlockState":true,"_pose":"FreeFall","_animationQueue":[],"_animationSpeed":1,"_zoom":9.633},{"_mousePosition":[683,384],"_rootPartCFrame":[759.098,231.525,43.938,0.799,0,0.602,0,1,0,-0.602,0,0.799],"_humanoidState":5,"_cameraCFrame":[762.318,241.902,46.521,0.897,-0.407,0.171,0,0.388,0.922,-0.441,-0.827,0.348],"_shiftlockState":true,"_pose":"FreeFall","_animationQueue":[],"_animationSpeed":1,"_zoom":9.633},{"_mousePosition":[683,384],"_rootPartCFrame":[758.861,231.148,44.062,0.831,0,0.557,0,1,0,-0.557,0,0.831],"_humanoidState":5,"_cameraCFrame":[762.043,241.531,46.672,0.903,-0.397,0.166,0,0.387,0.922,-0.43,-0.833,0.349],"_shiftlockState":true,"_pose":"FreeFall","_animationQueue":[["fall",0.3]],"_animationSpeed":1,"_zoom":9.633},{"_mousePosition":[683,384],"_rootPartCFrame":[758.622,230.717,44.181,0.838,0,0.546,0,1,0,-0.546,0,0.838],"_humanoidState":5,"_cameraCFrame":[761.787,241.106,46.791,0.905,-0.393,0.164,0,0.385,0.923,-0.426,-0.835,0.348],"_shiftlockState":true,"_pose":"FreeFall","_animationQueue":[],"_animationSpeed":1,"_zoom":9.633},{"_mousePosition":[683,384],"_rootPartCFrame":[758.382,230.231,44.296,0.84,0,0.543,0,1,0,-0.543,0,0.84],"_humanoidState":5,"_cameraCFrame":[761.547,240.62,46.906,0.905,-0.393,0.164,0,0.385,0.923,-0.426,-0.835,0.348],"_shiftlockState":true,"_pose":"FreeFall","_animationQueue":[],"_animationSpeed":1,"_zoom":9.633},{"_mousePosition":[683,384],"_rootPartCFrame":[758.201,229.831,44.381,0.858,0,0.514,0,1,0,-0.514,0,0.858],"_humanoidState":5,"_cameraCFrame":[761.36,240.223,46.989,0.905,-0.393,0.164,0,0.384,0.923,-0.425,-0.835,0.348],"_shiftlockState":true,"_pose":"FreeFall","_animationQueue":[],"_animationSpeed":1,"_zoom":9.633},{"_mousePosition":[683,384],"_rootPartCFrame":[757.9,229.095,44.523,0.822,0,0.569,0,1,0,-0.569,0,0.822],"_humanoidState":5,"_cameraCFrame":[761.049,239.499,47.101,0.905,-0.394,0.163,0,0.381,0.924,-0.426,-0.836,0.345],"_shiftlockState":true,"_pose":"FreeFall","_animationQueue":[],"_animationSpeed":1,"_zoom":9.633},{"_mousePosition":[683,384],"_rootPartCFrame":[757.658,228.446,44.637,0.84,0,0.543,0,1,0,-0.543,0,0.84],"_humanoidState":5,"_cameraCFrame":[760.83,238.876,47.094,0.896,-0.412,0.166,0,0.375,0.927,-0.444,-0.831,0.336],"_shiftlockState":true,"_pose":"FreeFall","_animationQueue":[],"_animationSpeed":1,"_zoom":9.633},{"_mousePosition":[683,384],"_rootPartCFrame":[757.417,227.742,44.75,0.829,0,0.559,0,1,0,-0.559,0,0.829],"_humanoidState":5,"_cameraCFrame":[760.713,238.198,46.933,0.864,-0.468,0.185,0,0.368,0.93,-0.503,-0.804,0.318],"_shiftlockState":true,"_pose":"FreeFall","_animationQueue":[],"_animationSpeed":1,"_zoom":9.633},{"_mousePosition":[683,384],"_rootPartCFrame":[757.178,226.983,44.868,0.79,0,0.614,0,1,0,-0.614,0,0.79],"_humanoidState":5,"_cameraCFrame":[760.724,237.443,46.6,0.792,-0.568,0.224,0,0.367,0.93,-0.611,-0.736,0.291],"_shiftlockState":true,"_pose":"FreeFall","_animationQueue":[["fall",0.3]],"_animationSpeed":1,"_zoom":9.633},{"_mousePosition":[683,384],"_rootPartCFrame":[756.946,226.17,45,0.766,0,0.643,0,1,0,-0.643,0,0.766],"_humanoidState":7,"_cameraCFrame":[760.909,236.572,45.955,0.629,-0.718,0.297,0,0.382,0.924,-0.777,-0.581,0.24],"_shiftlockState":true,"_pose":"FreeFall","_animationQueue":[["walk",0.1],["fall",0.3],["fall",0.3]],"_animationSpeed":1,"_zoom":9.633},{"_mousePosition":[683,384],"_rootPartCFrame":[756.679,225.582,45.199,0.616,0,0.788,0,1,0,-0.788,0,0.616],"_humanoidState":7,"_cameraCFrame":[761.002,235.863,44.96,0.353,-0.853,0.385,0,0.411,0.912,-0.936,-0.322,0.145],"_shiftlockState":true,"_pose":"FreeFall","_animationQueue":[],"_animationSpeed":1,"_zoom":9.633},{"_mousePosition":[683,384],"_rootPartCFrame":[756.548,225.651,45.349,0.34,0,0.94,0,1,0,-0.94,0,0.34],"_humanoidState":8,"_cameraCFrame":[760.834,235.765,43.539,-0.014,-0.894,0.447,0,0.447,0.894,-1,0.013,-0.006],"_shiftlockState":true,"_pose":"Running","_animationQueue":[["walk",0.1],["fall",0.3],["walk",0.1]],"_animationSpeed":1.103,"_zoom":9.633},{"_mousePosition":[683,384],"_rootPartCFrame":[756.336,226.734,45.606,-0.038,0,0.999,0,1,0,-0.999,0,-0.038],"_humanoidState":3,"_cameraCFrame":[760.287,236.705,42.693,-0.267,-0.847,0.459,0,0.476,0.879,-0.964,0.235,-0.127],"_shiftlockState":true,"_pose":"Jumping","_animationQueue":[["walk",0.1],["jump",0.1]],"_animationSpeed":1,"_zoom":9.633},{"_mousePosition":[683,384],"_rootPartCFrame":[756.391,227.309,45.757,-0.251,0,0.968,-0.008,1,-0.002,-0.968,-0.008,-0.251],"_humanoidState":5,"_cameraCFrame":[759.993,237.147,42.091,-0.43,-0.781,0.452,0,0.501,0.866,-0.903,0.372,-0.215],"_shiftlockState":true,"_pose":"FreeFall","_animationQueue":[["jump",0.1]],"_animationSpeed":1,"_zoom":9.633},{"_mousePosition":[683,384],"_rootPartCFrame":[756.596,228.017,45.988,-0.502,0,0.865,-0.006,1,-0.004,-0.865,-0.007,-0.502],"_humanoidState":5,"_cameraCFrame":[759.958,237.776,41.936,-0.512,-0.736,0.442,0,0.515,0.857,-0.859,0.439,-0.264],"_shiftlockState":true,"_pose":"FreeFall","_animationQueue":[],"_animationSpeed":1,"_zoom":9.633},{"_mousePosition":[683,384],"_rootPartCFrame":[756.699,228.668,46.232,-0.616,0.001,0.787,-0.002,1,-0.002,-0.787,-0.002,-0.616],"_humanoidState":5,"_cameraCFrame":[759.996,238.419,42.116,-0.528,-0.727,0.438,0,0.516,0.857,-0.849,0.453,-0.273],"_shiftlockState":true,"_pose":"FreeFall","_animationQueue":[],"_animationSpeed":1,"_zoom":9.633},{"_mousePosition":[683,384],"_rootPartCFrame":[756.828,229.265,46.465,-0.636,0,0.772,0,1,0,-0.772,0,-0.636],"_humanoidState":5,"_cameraCFrame":[760.124,239.016,42.353,-0.528,-0.727,0.438,0,0.516,0.857,-0.849,0.453,-0.273],"_shiftlockState":true,"_pose":"FreeFall","_animationQueue":[],"_animationSpeed":1,"_zoom":9.633},{"_mousePosition":[683,384],"_rootPartCFrame":[756.968,229.807,46.692,-0.636,0,0.771,0,1,0,-0.771,0,-0.636],"_humanoidState":5,"_cameraCFrame":[760.278,239.59,42.657,-0.516,-0.737,0.437,0,0.51,0.86,-0.857,0.444,-0.263],"_shiftlockState":true,"_pose":"FreeFall","_animationQueue":[],"_animationSpeed":1,"_zoom":9.633},{"_mousePosition":[683,384],"_rootPartCFrame":[757.109,230.295,46.918,-0.625,0,0.781,0,1,0,-0.781,0,-0.625],"_humanoidState":5,"_cameraCFrame":[760.448,240.137,43.031,-0.49,-0.755,0.436,0,0.5,0.866,-0.871,0.425,-0.245],"_shiftlockState":true,"_pose":"FreeFall","_animationQueue":[],"_animationSpeed":1,"_zoom":9.633},{"_mousePosition":[683,384],"_rootPartCFrame":[757.247,230.728,47.146,-0.602,0,0.799,0,1,0,-0.799,0,-0.602],"_humanoidState":5,"_cameraCFrame":[760.633,240.639,43.454,-0.454,-0.778,0.434,0,0.487,0.873,-0.891,0.397,-0.222],"_shiftlockState":true,"_pose":"FreeFall","_animationQueue":[],"_animationSpeed":1,"_zoom":9.633},{"_mousePosition":[683,384],"_rootPartCFrame":[757.378,231.107,47.378,-0.405,0,0.914,0,1,0,-0.914,0,-0.405],"_humanoidState":5,"_cameraCFrame":[760.926,241.124,44.103,-0.366,-0.823,0.435,0,0.467,0.884,-0.931,0.324,-0.171],"_shiftlockState":true,"_pose":"FreeFall","_animationQueue":[["jump",0.1]],"_animationSpeed":1,"_zoom":9.633},{"_mousePosition":[683,384],"_rootPartCFrame":[757.519,231.504,47.68,-0.515,0,0.857,0,1,0,-0.857,0,-0.515],"_humanoidState":5,"_cameraCFrame":[761.161,241.554,44.599,-0.321,-0.841,0.436,0,0.461,0.888,-0.947,0.285,-0.148],"_shiftlockState":true,"_pose":"FreeFall","_animationQueue":[],"_animationSpeed":1,"_zoom":9.633},{"_mousePosition":[683,384],"_rootPartCFrame":[757.593,231.701,47.865,-0.414,0,0.91,0,1,0,-0.91,0,-0.414],"_humanoidState":5,"_cameraCFrame":[761.362,241.797,45.078,-0.251,-0.864,0.437,0,0.451,0.892,-0.968,0.224,-0.114],"_shiftlockState":true,"_pose":"FreeFall","_animationQueue":[],"_animationSpeed":1,"_zoom":9.633},{"_mousePosition":[683,384],"_rootPartCFrame":[757.681,231.916,48.117,-0.378,0,0.926,0,1,0,-0.926,0,-0.378],"_humanoidState":5,"_cameraCFrame":[761.543,242.047,45.577,-0.192,-0.879,0.436,0,0.444,0.896,-0.981,0.172,-0.085],"_shiftlockState":true,"_pose":"FreeFall","_animationQueue":[["fall",0.3]],"_animationSpeed":1,"_zoom":9.633},{"_mousePosition":[683,384],"_rootPartCFrame":[757.751,232.077,48.374,-0.321,0,0.947,0,1,0,-0.947,0,-0.321],"_humanoidState":5,"_cameraCFrame":[761.678,242.245,46.071,-0.135,-0.892,0.432,0,0.436,0.9,-0.991,0.122,-0.059],"_shiftlockState":true,"_pose":"FreeFall","_animationQueue":[],"_animationSpeed":1,"_zoom":9.633},{"_mousePosition":[683,384],"_rootPartCFrame":[757.818,232.202,48.701,-0.298,0,0.955,0,1,0,-0.955,0,-0.298],"_humanoidState":5,"_cameraCFrame":[761.811,242.403,46.654,-0.073,-0.901,0.428,0,0.429,0.903,-0.997,0.066,-0.031],"_shiftlockState":true,"_pose":"FreeFall","_animationQueue":[],"_animationSpeed":1,"_zoom":9.633},{"_mousePosition":[683,384],"_rootPartCFrame":[757.847,232.235,48.899,-0.172,0,0.985,0,1,0,-0.985,0,-0.172],"_humanoidState":5,"_cameraCFrame":[761.895,242.473,47.133,-0.004,-0.907,0.421,0,0.421,0.907,-1,0.004,-0.002],"_shiftlockState":true,"_pose":"FreeFall","_animationQueue":[],"_animationSpeed":1,"_zoom":9.633},{"_mousePosition":[683,384],"_rootPartCFrame":[757.875,232.224,49.231,-0.17,0,0.985,0,1,0,-0.985,0,-0.17],"_humanoidState":5,"_cameraCFrame":[761.959,242.491,47.71,0.057,-0.909,0.414,0,0.414,0.91,-0.998,-0.052,0.024],"_shiftlockState":true,"_pose":"FreeFall","_animationQueue":[],"_animationSpeed":1,"_zoom":9.633},{"_mousePosition":[683,384],"_rootPartCFrame":[757.879,232.176,49.431,-0.043,0,0.999,0,1,0,-0.999,0,-0.043],"_humanoidState":5,"_cameraCFrame":[761.989,242.459,48.083,0.1,-0.907,0.409,0,0.411,0.912,-0.995,-0.091,0.041],"_shiftlockState":true,"_pose":"FreeFall","_animationQueue":[],"_animationSpeed":1,"_zoom":9.633},{"_mousePosition":[683,384],"_rootPartCFrame":[757.867,232.064,49.697,-0.034,0,0.999,0,1,0,-0.999,0,-0.034],"_humanoidState":5,"_cameraCFrame":[762.01,242.354,48.499,0.136,-0.904,0.405,0,0.409,0.912,-0.991,-0.124,0.056],"_shiftlockState":true,"_pose":"FreeFall","_animationQueue":[],"_animationSpeed":1,"_zoom":9.633},{"_mousePosition":[683,384],"_rootPartCFrame":[757.842,231.898,49.962,0.003,0,1,0,1,0,-1,0,0.003],"_humanoidState":5