[{"_mousePosition":[861,424],"_rootPartCFrame":[776.025,222.7,47.142,0.003,0,1,0,1,0,-1,0,0.003],"_humanoidState":8,"_cameraCFrame":[776.386,240.08,44.366,-0.992,-0.127,0.022,0,0.174,0.985,-0.129,0.977,-0.172],"_shiftlockState":false,"_pose":"Standing","_animationQueue":[],"_animationSpeed":1,"_zoom":16.125},{"_mousePosition":[861,424],"_rootPartCFrame":[775.78,222.7,47.118,0.017,0,1,0,1,0,-1,0,0.017],"_humanoidState":8,"_cameraCFrame":[776.211,240.08,44.351,-0.988,-0.152,0.027,0,0.174,0.985,-0.154,0.973,-0.172],"_shiftlockState":false,"_pose":"Standing","_animationQueue":[],"_animationSpeed":1,"_zoom":16.125},{"_mousePosition":[861,424],"_rootPartCFrame":[775.516,222.7,47.084,0.031,0,1,0,1,0,-1,0,0.031],"_humanoidState":8,"_cameraCFrame":[776.003,240.08,44.327,-0.985,-0.171,0.03,0,0.174,0.985,-0.174,0.97,-0.171],"_shiftlockState":false,"_pose":"Running","_animationQueue":[["walk",0.1]],"_animationSpeed":1.066,"_zoom":16.125},{"_mousePosition":[861,424],"_rootPartCFrame":[775.252,222.7,47.044,0.048,0,0.999,0,1,0,-0.999,0,0.048],"_humanoidState":8,"_cameraCFrame":[775.774,240.08,44.293,-0.982,-0.184,0.032,0,0.174,0.985,-0.186,0.968,-0.171],"_shiftlockState":false,"_pose":"Running","_animationQueue":[],"_animationSpeed":1.066,"_zoom":16.125},{"_mousePosition":[861,424],"_rootPartCFrame":[774.99,222.7,46.998,0.064,0,0.998,0,1,0,-0.998,0,0.064],"_humanoidState":8,"_cameraCFrame":[775.512,240.08,44.247,-0.982,-0.184,0.032,0,0.174,0.985,-0.186,0.968,-0.171],"_shiftlockState":false,"_pose":"Running","_animationQueue":[],"_animationSpeed":1.066,"_zoom":16.125},{"_mousePosition":[861,424],"_rootPartCFrame":[774.728,222.7,46.948,0.081,0,0.997,0,1,0,-0.997,0,0.081],"_humanoidState":8,"_cameraCFrame":[775.256,240.08,44.199,-0.982,-0.186,0.033,0,0.174,0.985,-0.189,0.967,-0.171],"_shiftlockState":false,"_pose":"Running","_animationQueue":[],"_animationSpeed":1.066,"_zoom":16.125},{"_mousePosition":[861,424],"_rootPartCFrame":[774.466,222.7,46.899,0.095,0,0.995,0,1,0,-0.995,0,0.095],"_humanoidState":8,"_cameraCFrame":[775.008,240.08,44.152,-0.981,-0.191,0.034,0,0.174,0.985,-0.194,0.966,-0.17],"_shiftlockState":false,"_pose":"Running","_animationQueue":[],"_animationSpeed":1.066,"_zoom":16.125},{"_mousePosition":[861,424],"_rootPartCFrame":[774.204,222.7,46.848,0.108,0,0.994,0,1,0,-0.994,0,0.108],"_humanoidState":8,"_cameraCFrame":[774.774,240.08,44.107,-0.979,-0.201,0.035,0,0.174,0.985,-0.204,0.964,-0.17],"_shiftlockState":false,"_pose":"Running","_animationQueue":[],"_animationSpeed":1.066,"_zoom":16.125},{"_mousePosition":[861,424],"_rootPartCFrame":[773.942,222.7,46.797,0.12,0,0.993,0,1,0,-0.993,0,0.12],"_humanoidState":8,"_cameraCFrame":[774.547,240.08,44.063,-0.976,-0.213,0.038,0,0.174,0.985,-0.216,0.962,-0.17],"_shiftlockState":false,"_pose":"Running","_animationQueue":[["walk",0.1]],"_animationSpeed":1.066,"_zoom":16.125},{"_mousePosition":[861,424],"_rootPartCFrame":[773.681,222.7,46.743,0.131,0,0.991,0,1,0,-0.991,0,0.131],"_humanoidState":8,"_cameraCFrame":[774.328,240.08,44.018,-0.973,-0.227,0.04,0,0.174,0.985,-0.231,0.958,-0.169],"_shiftlockState":false,"_pose":"Running","_animationQueue":[],"_animationSpeed":1.066,"_zoom":16.125},{"_mousePosition":[861,424],"_rootPartCFrame":[773.421,222.7,46.685,0.142,0,0.99,0,1,0,-0.99,0,0.142],"_humanoidState":8,"_cameraCFrame":[774.109,240.08,43.971,-0.969,-0.242,0.043,0,0.174,0.985,-0.246,0.955,-0.168],"_shiftlockState":false,"_pose":"Running","_animationQueue":[],"_animationSpeed":1.066,"_zoom":16.125},{"_mousePosition":[861,424],"_rootPartCFrame":[773.161,222.7,46.624,0.154,0,0.988,0,1,0,-0.988,0,0.154],"_humanoidState":8,"_cameraCFrame":[773.876,240.08,43.917,-0.967,-0.252,0.044,0,0.174,0.985,-0.255,0.952,-0.168],"_shiftlockState":false,"_pose":"Running","_animationQueue":[],"_animationSpeed":1.066,"_zoom":16.125},{"_mousePosition":[861,424],"_rootPartCFrame":[772.902,222.7,46.559,0.166,0,0.986,0,1,0,-0.986,0,0.166],"_humanoidState":8,"_cameraCFrame":[773.659,240.08,43.863,-0.963,-0.266,0.047,0,0.174,0.985,-0.27,0.948,-0.167],"_shiftlockState":false,"_pose":"Running","_animationQueue":[],"_animationSpeed":1.066,"_zoom":16.125},{"_mousePosition":[861,424],"_rootPartCFrame":[772.645,222.7,46.491,0.178,0,0.984,0,1,0,-0.984,0,0.178],"_humanoidState":8,"_cameraCFrame":[773.421,240.08,43.801,-0.961,-0.273,0.048,0,0.174,0.985,-0.277,0.946,-0.167],"_shiftlockState":false,"_pose":"Running","_animationQueue":[],"_animationSpeed":1.066,"_zoom":16.125},{"_mousePosition":[861,424],"_rootPartCFrame":[772.388,222.7,46.419,0.191,0,0.982,0,1,0,-0.982,0,0.191],"_humanoidState":8,"_cameraCFrame":[773.171,240.08,43.731,-0.96,-0.276,0.049,0,0.174,0.985,-0.28,0.945,-0.167],"_shiftlockState":false,"_pose":"Running","_animationQueue":[["walk",0.1]],"_animationSpeed":1.066,"_zoom":16.125},{"_mousePosition":[861,424],"_rootPartCFrame":[772.131,222.7,46.345,0.202,0,0.979,0,1,0,-0.979,0,0.202],"_humanoidState":8,"_cameraCFrame":[772.922,240.08,43.659,-0.959,-0.278,0.049,0,0.174,0.985,-0.282,0.945,-0.167],"_shiftlockState":false,"_pose":"Running","_animationQueue":[],"_animationSpeed":1.066,"_zoom":16.125},{"_mousePosition":[861,424],"_rootPartCFrame":[771.875,222.7,46.271,0.213,0,0.977,0,1,0,-0.977,0,0.213],"_humanoidState":8,"_cameraCFrame":[772.68,240.08,43.589,-0.958,-0.283,0.05,0,0.174,0.985,-0.287,0.943,-0.166],"_shiftlockState":false,"_pose":"Running","_animationQueue":[],"_animationSpeed":1.066,"_zoom":16.125},{"_mousePosition":[861,424],"_rootPartCFrame":[771.62,222.7,46.196,0.222,0,0.975,0,1,0,-0.975,0,0.222],"_humanoidState":8,"_cameraCFrame":[772.453,240.074,43.49,-0.956,-0.29,0.052,0,0.176,0.984,-0.294,0.941,-0.168],"_shiftlockState":false,"_pose":"Running","_animationQueue":[],"_animationSpeed":1.066,"_zoom":16.125},{"_mousePosition":[861,424],"_rootPartCFrame":[771.364,222.7,46.119,0.231,0,0.973,0,1,0,-0.973,0,0.231],"_humanoidState":8,"_cameraCFrame":[772.234,240.069,43.393,-0.953,-0.299,0.054,0,0.177,0.984,-0.304,0.938,-0.169],"_shiftlockState":false,"_pose":"Running","_animationQueue":[],"_animationSpeed":1.066,"_zoom":16.125},{"_mousePosition":[861,424],"_rootPartCFrame":[771.109,222.7,46.041,0.24,0,0.971,0,1,0,-0.971,0,0.24],"_humanoidState":8,"_cameraCFrame":[770.365,240.057,42.716,-0.95,-0.309,0.057,0,0.181,0.983,-0.314,0.934,-0.172],"_shiftlockState":true,"_pose":"Running","_animationQueue":[],"_animationSpeed":1.066,"_zoom":16.125},{"_mousePosition":[683,384],"_rootPartCFrame":[770.855,222.7,45.96,-0.974,0,0.228,0,1,0,-0.228,0,-0.974],"_humanoidState":8,"_cameraCFrame":[770.111,240.057,42.635,-0.95,-0.309,0.057,0,0.181,0.983,-0.314,0.934,-0.172],"_shiftlockState":true,"_pose":"Running","_animationQueue":[["walk",0.1]],"_animationSpeed":1.066,"_zoom":16.125},{"_mousePosition":[683,384],"_rootPartCFrame":[770.602,222.7,45.876,-0.952,0,0.305,0,1,0,-0.305,0,-0.952],"_humanoidState":8,"_cameraCFrame":[769.883,240.057,42.546,-0.947,-0.316,0.058,0,0.181,0.983,-0.321,0.931,-0.172],"_shiftlockState":true,"_pose":"Running","_animationQueue":[],"_animationSpeed":1.066,"_zoom":16.125},{"_mousePosition":[683,384],"_rootPartCFrame":[770.349,222.7,45.793,-0.947,0,0.32,0,1,0,-0.32,0,-0.947],"_humanoidState":8,"_cameraCFrame":[769.63,240.057,42.462,-0.947,-0.316,0.058,0,0.181,0.983,-0.321,0.931,-0.172],"_shiftlockState":true,"_pose":"Running","_animationQueue":[],"_animationSpeed":1.066,"_zoom":16.125},{"_mousePosition":[683,384],"_rootPartCFrame":[770.032,223.77,45.688,-0.947,0,0.321,0,1,0,-0.321,0,-0.947],"_humanoidState":3,"_cameraCFrame":[769.313,241.127,42.358,-0.947,-0.316,0.058,0,0.181,0.983,-0.321,0.931,-0.172],"_shiftlockState":true,"_pose":"Jumping","_animationQueue":[["walk",0.1],["jump",0.1]],"_animationSpeed":1,"_zoom":16.125},{"_mousePosition":[683,384],"_rootPartCFrame":[769.843,224.371,45.624,-0.925,0,0.379,0,1,0,-0.379,0,-0.925],"_humanoidState":5,"_cameraCFrame":[769.124,241.729,42.294,-0.947,-0.316,0.058,0,0.181,0.983,-0.321,0.931,-0.172],"_shiftlockState":true,"_pose":"FreeFall","_animationQueue":[["jump",0.1]],"_animationSpeed":1,"_zoom":16.125},{"_mousePosition":[683,384],"_rootPartCFrame":[769.59,225.125,45.539,-0.9,0,0.437,0,1,0,-0.437,0,-0.9],"_humanoidState":5,"_cameraCFrame":[768.871,242.483,42.208,-0.947,-0.316,0.058,0,0.181,0.983,-0.321,0.931,-0.172],"_shiftlockState":true,"_pose":"FreeFall","_animationQueue":[],"_animationSpeed":1,"_zoom":16.125},{"_mousePosition":[683,384],"_rootPartCFrame":[769.338,225.824,45.453,-0.896,0,0.443,0,1,0,-0.443,0,-0.896],"_humanoidState":5,"_cameraCFrame":[768.619,243.182,42.122,-0.947,-0.316,0.058,0,0.181,0.983,-0.321,0.931,-0.172],"_shiftlockState":true,"_pose":"FreeFall","_animationQueue":[],"_animationSpeed":1,"_zoom":16.125},{"_mousePosition":[683,384],"_rootPartCFrame":[769.085,226.469,45.368,-0.896,0,0.444,0,1,0,-0.444,0,-0.896],"_humanoidState":5,"_cameraCFrame":[768.366,243.827,42.037,-0.947,-0.316,0.058,0,0.181,0.983,-0.321,0.931,-0.172],"_shiftlockState":true,"_pose":"FreeFall","_animationQueue":[],"_animationSpeed":1,"_zoom":16.125},{"_mousePosition":[683,384],"_rootPartCFrame":[768.833,227.06,45.282,-0.896,0,0.444,0,1,0,-0.444,0,-0.896],"_humanoidState":5,"_cameraCFrame":[768.114,244.417,41.951,-0.947,-0.316,0.058,0,0.181,0.983,-0.321,0.931,-0.172],"_shiftlockState":true,"_pose":"FreeFall","_animationQueue":[],"_animationSpeed":1,"_zoom":16.125},{"_mousePosition":[683,384],"_rootPartCFrame":[768.517,227.721,45.175,-0.881,0,0.474,0,1,0,-0.474,0,-0.881],"_humanoidState":5,"_cameraCFrame":[767.798,245.079,41.844,-0.947,-0.316,0.058,0,0.181,0.983,-0.321,0.931,-0.172],"_shiftlockState":true,"_pose":"FreeFall","_animationQueue":[],"_animationSpeed":1,"_zoom":16.125},{"_mousePosition":[683,384],"_rootPartCFrame":[768.328,228.077,45.111,-0.91,0,0.414,0,1,0,-0.414,0,-0.91],"_humanoidState":5,"_cameraCFrame":[767.609,245.435,41.78,-0.947,-0.316,0.058,0,0.181,0.983,-0.321,0.931,-0.172],"_shiftlockState":true,"_pose":"FreeFall","_animationQueue":[],"_animationSpeed":1,"_zoom":16.125},{"_mousePosition":[683,384],"_rootPartCFrame":[768.076,228.504,45.025,-0.896,0,0.444,0,1,0,-0.444,0,-0.896],"_humanoidState":5,"_cameraCFrame":[767.365,245.861,41.693,-0.946,-0.318,0.059,0,0.181,0.983,-0.323,0.931,-0.172],"_shiftlockState":true,"_pose":"FreeFall","_animationQueue":[],"_animationSpeed":1,"_zoom":16.125},{"_mousePosition":[683,384],"_rootPartCFrame":[767.76,228.961,44.918,-0.88,0,0.476,0,1,0,-0.476,0,-0.88],"_humanoidState":5,"_cameraCFrame":[767.049,246.318,41.586,-0.946,-0.318,0.059,0,0.181,0.983,-0.323,0.931,-0.172],"_shiftlockState":true,"_pose":"FreeFall","_animationQueue":[],"_animationSpeed":1,"_zoom":16.125},{"_mousePosition":[683,384],"_rootPartCFrame":[767.571,229.194,44.854,-0.909,0,0.416,0,1,0,-0.416,0,-0.909],"_humanoidState":5,"_cameraCFrame":[766.868,246.552,41.519,-0.945,-0.32,0.059,0,0.181,0.983,-0.326,0.93,-0.171],"_shiftlockState":true,"_pose":"FreeFall","_animationQueue":[],"_animationSpeed":1,"_zoom":16.125},{"_mousePosition":[683,384],"_rootPartCFrame":[767.255,229.515,44.746,-0.878,0,0.478,0,1,0,-0.478,0,-0.878],"_humanoidState":5,"_cameraCFrame":[766.553,246.872,41.412,-0.945,-0.32,0.059,0,0.181,0.983,-0.326,0.93,-0.171],"_shiftlockState":true,"_pose":"FreeFall","_animationQueue":[],"_animationSpeed":1,"_zoom":16.125},{"_mousePosition":[683,384],"_rootPartCFrame":[767.066,229.666,44.681,-0.908,0,0.418,0,1,0,-0.418,0,-0.908],"_humanoidState":5,"_cameraCFrame":[766.372,247.024,41.345,-0.945,-0.323,0.059,0,0.181,0.983,-0.328,0.929,-0.171],"_shiftlockState":true,"_pose":"FreeFall","_animationQueue":[],"_animationSpeed":1,"_zoom":16.125},{"_mousePosition":[683,384],"_rootPartCFrame":[766.814,229.821,44.594,-0.893,0,0.451,0,1,0,-0.451,0,-0.893],"_humanoidState":5,"_cameraCFrame":[766.128,247.178,41.256,-0.944,-0.325,0.06,0,0.181,0.983,-0.33,0.928,-0.171],"_shiftlockState":true,"_pose":"FreeFall","_animationQueue":[],"_animationSpeed":1,"_zoom":16.125},{"_mousePosition":[683,384],"_rootPartCFrame":[766.562,229.921,44.507,-0.892,0,0.453,0,1,0,-0.453,0,-0.892],"_humanoidState":5,"_cameraCFrame":[765.876,247.278,41.169,-0.944,-0.325,0.06,0,0.181,0.983,-0.33,0.928,-0.171],"_shiftlockState":true,"_pose":"FreeFall","_animationQueue":[],"_animationSpeed":1,"_zoom":16.125},{"_mousePosition":[683,384],"_rootPartCFrame":[766.31,229.966,44.419,-0.892,0,0.453,0,1,0,-0.453,0,-0.892],"_humanoidState":5,"_cameraCFrame":[765.633,247.324,41.079,-0.943,-0.327,0.06,0,0.181,0.983,-0.333,0.927,-0.171],"_shiftlockState":true,"_pose":"FreeFall","_animationQueue":[],"_animationSpeed":1,"_zoom":16.125},{"_mousePosition":[683,384],"_rootPartCFrame":[766.058,229.957,44.331,-0.89,0,0.455,0,1,0,-0.455,0,-0.89],"_humanoidState":5,"_cameraCFrame":[765.379,247.32,41.018,-0.942,-0.33,0.06,0,0.179,0.984,-0.335,0.927,-0.169],"_shiftlockState":true,"_pose":"FreeFall","_animationQueue":[],"_animationSpeed":1,"_zoom":16.125},{"_mousePosition":[683,384],"_rootPartCFrame":[765.807,229.893,44.242,-0.889,0,0.457,0,1,0,-0.457,0,-0.889],"_humanoidState":5,"_cameraCFrame":[765.136,247.257,40.928,-0.941,-0.332,0.061,0,0.179,0.984,-0.338,0.926,-0.169],"_shiftlockState":true,"_pose":"FreeFall","_animationQueue":[],"_animationSpeed":1,"_zoom":16.125},{"_mousePosition":[683,384],"_rootPartCFrame":[765.556,229.775,44.153,-0.888,0,0.46,0,1,0,-0.46,0,-0.888],"_humanoidState":5,"_cameraCFrame":[764.875,247.144,40.868,-0.941,-0.332,0.06,0,0.177,0.984,-0.338,0.926,-0.167],"_shiftlockState":true,"_pose":"FreeFall","_animationQueue":[["fall",0.3]],"_animationSpeed":1,"_zoom":16.125},{"_mousePosition":[683,384],"_rootPartCFrame":[765.305,229.603,44.063,-0.888,0,0.46,0,1,0,-0.46,0,-0.888],"_humanoidState":5,"_cameraCFrame":[764.624,246.972,40.778,-0.941,-0.332,0.06,0,0.177,0.984,-0.338,0.926,-0.167],"_shiftlockState":true,"_pose":"FreeFall","_animationQueue":[],"_animationSpeed":1,"_zoom":16.125},{"_mousePosition":[683,384],"_rootPartCFrame":[765.054,229.375,43.973,-0.888,0,0.46,0,1,0,-0.46,0,-0.888],"_humanoidState":5,"_cameraCFrame":[764.381,246.744,40.686,-0.94,-0.335,0.06,0,0.177,0.984,-0.34,0.925,-0.167],"_shiftlockState":true,"_pose":"FreeFall","_animationQueue":[],"_animationSpeed":1,"_zoom":16.125},{"_mousePosition":[683,384],"_rootPartCFrame":[764.74,229.015,43.86,-0.871,0,0.491,0,1,0,-0.491,0,-0.871],"_humanoidState":5,"_cameraCFrame":[764.065,246.389,40.601,-0.94,-0.337,0.06,0,0.176,0.984,-0.342,0.925,-0.165],"_shiftlockState":true,"_pose":"FreeFall","_animationQueue":[],"_animationSpeed":1,"_zoom":16.125},{"_mousePosition":[683,384],"_rootPartCFrame":[764.552,228.758,43.792,-0.901,0,0.434,0,1,0,-0.434,0,-0.901],"_humanoidState":5,"_cameraCFrame":[763.875,246.138,40.56,-0.939,-0.34,0.06,0,0.174,0.985,-0.345,0.924,-0.163],"_shiftlockState":true,"_pose":"FreeFall","_animationQueue":[],"_animationSpeed":1,"_zoom":16.125},{"_mousePosition":[683,384],"_rootPartCFrame":[764.301,228.367,43.701,-0.885,0,0.466,0,1,0,-0.466,0,-0.885],"_humanoidState":5,"_cameraCFrame":[763.649,245.747,40.464,-0.936,-0.347,0.061,0,0.174,0.985,-0.352,0.922,-0.163],"_shiftlockState":true,"_pose":"FreeFall","_animationQueue":[],"_animationSpeed":1,"_zoom":16.125},{"_mousePosition":[683,384],"_rootPartCFrame":[763.988,227.802,43.586,-0.865,0,0.502,0,1,0,-0.502,0,-0.865],"_humanoidState":5,"_cameraCFrame":[763.344,245.182,40.348,-0.935,-0.349,0.062,0,0.174,0.985,-0.354,0.921,-0.162],"_shiftlockState":true,"_pose":"FreeFall","_animationQueue":[["fall",0.3]],"_animationSpeed":1,"_zoom":16.125},{"_mousePosition":[683,384],"_rootPartCFrame":[763.739,227.289,43.493,-0.88,0,0.475,0,1,0,-0.475,0,-0.88],"_humanoidState":5,"_cameraCFrame":[763.094,244.669,40.254,-0.935,-0.349,0.062,0,0.174,0.985,-0.354,0.921,-0.162],"_shiftlockState":true,"_pose":"FreeFall","_animationQueue":[],"_animationSpeed":1,"_zoom":16.125},{"_mousePosition":[683,384],"_rootPartCFrame":[763.552,226.868,43.422,-0.895,0,0.446,0,1,0,-0.446,0,-0.895],"_humanoidState":5,"_cameraCFrame":[762.907,244.248,40.183,-0.935,-0.349,0.062,0,0.174,0.985,-0.354,0.921,-0.162],"_shiftlockState":true,"_pose":"FreeFall","_animationQueue":[],"_animationSpeed":1,"_zoom":16.125},{"_mousePosition":[683,384],"_rootPartCFrame":[763.302,226.26,43.327,-0.88,0,0.475,0,1,0,-0.475,0,-0.88],"_humanoidState":5,"_cameraCFrame":[762.658,243.64,40.089,-0.935,-0.349,0.062,0,0.174,0.985,-0.354,0.921,-0.162],"_shiftlockState":true,"_pose":"FreeFall","_animationQueue":[],"_animationSpeed":1,"_zoom":16.125},{"_mousePosition":[683,384],"_rootPartCFrame":[763.053,225.597,43.233,-0.88,0,0.475,0,1,0,-0.475,0,-0.88],"_humanoidState":5,"_cameraCFrame":[762.417,242.977,39.993,-0.934,-0.351,0.062,0,0.174,0.985,-0.357,0.92,-0.162],"_shiftlockState":true,"_pose":"FreeFall","_animationQueue":[],"_animationSpeed":1,"_zoom":16.125},{"_mousePosition":[683,384],"_rootPartCFrame":[762.804,224.879,43.138,-0.879,0,0.478,0,1,0,-0.478,0,-0.879],"_humanoidState":5,"_cameraCFrame":[762.192,242.259,39.894,-0.932,-0.358,0.063,0,0.174,0.985,-0.364,0.917,-0.162],"_shiftlockState":true,"_pose":"FreeFall","_animationQueue":[],"_animationSpeed":1,"_zoom":16.125},{"_mousePosition":[683,384],"_rootPartCFrame":[762.555,224.107,43.043,-0.875,0,0.484,0,1,0,-0.484,0,-0.875],"_humanoidState":5,"_cameraCFrame":[761.992,241.487,39.79,-0.926,-0.372,0.066,0,0.174,0.985,-0.378,0.912,-0.161],"_shiftlockState":true,"_pose":"FreeFall","_animationQueue":[],"_animationSpeed":1,"_zoom":16.125},{"_mousePosition":[683,384],"_rootPartCFrame":[762.306,223.28,42.947,-0.867,0,0.497,0,1,0,-0.497,0,-0.867],"_humanoidState":5,"_cameraCFrame":[761.801,240.66,39.684,-0.919,-0.388,0.068,0,0.174,0.985,-0.394,0.905,-0.16],"_shiftlockState":true,"_pose":"FreeFall","_animationQueue":[["fall",0.3]],"_animationSpeed":1,"_zoom":16.125},{"_mousePosition":[683,384],"_rootPartCFrame":[762.059,222.508,42.846,-0.904,0,0.427,0,1,0,-0.427,0,-0.904],"_humanoidState":7,"_cameraCFrame":[761.629,239.888,39.573,-0.91,-0.409,0.072,0,0.174,0.985,-0.415,0.896,-0.158],"_shiftlockState":true,"_pose":"FreeFall","_animationQueue":[["walk",0.1],["fall",0.3],["fall",0.3]],"_animationSpeed":1,"_zoom":16.125},{"_mousePosition":[683,384],"_rootPartCFrame":[761.814,222.46,42.742,-0.909,0,0.417,0,1,0,-0.417,0,-0.909],"_humanoidState":7,"_cameraCFrame":[761.475,239.84,39.458,-0.898,-0.433,0.076,0,0.174,0.985,-0.44,0.884,-0.156],"_shiftlockState":true,"_pose":"FreeFall","_animationQueue":[],"_animationSpeed":1,"_zoom":16.125},{"_mousePosition":[683,384],"_rootPartCFrame":[761.51,222.57,42.604,-0.898,0,0.44,0,1,0,-0.44,0,-0.898],"_humanoidState":8,"_cameraCFrame":[761.271,239.95,39.311,-0.884,-0.46,0.081,0,0.174,0.985,-0.467,0.871,-0.154],"_shiftlockState":true,"_pose":"Running","_animationQueue":[["walk",0.1],["fall",0.3],["walk",0.1]],"_animationSpeed":1.103,"_zoom":16.125},{"_mousePosition":[683,384],"_rootPartCFrame":[761.27,222.629,42.488,-0.884,0,0.467,0,1,0,-0.467,0,-0.884],"_humanoidState":8,"_cameraCFrame":[761.139,240.009,39.189,-0.868,-0.488,0.086,0,0.174,0.985,-0.496,0.855,-0.151],"_shiftlockState":true,"_pose":"Running","_animationQueue":[],"_animationSpeed":1.103,"_zoom":16.125},{"_mousePosition":[683,384],"_rootPartCFrame":[761.034,222.661,42.365,-0.868,0,0.496,0,1,0,-0.496,0,-0.868],"_humanoidState":8,"_cameraCFrame":[761.012,240.041,39.063,-0.852,-0.516,0.091,0,0.174,0.985,-0.524,0.839,-0.148],"_shiftlockState":true,"_pose":"Running","_animationQueue":[],"_animationSpeed":1.103,"_zoom":16.125},{"_mousePosition":[683,384],"_rootPartCFrame":[760.802,222.678,42.233,-0.852,0,0.524,0,1,0,-0.524,0,-0.852],"_humanoidState":8,"_cameraCFrame":[760.905,240.059,38.933,-0.831,-0.548,0.097,0,0.174,0.985,-0.556,0.818,-0.144],"_shiftlockState":true,"_pose":"Running","_animationQueue":[["walk",0.1]],"_animationSpeed":1.103,"_zoom":16.125},{"_mousePosition":[683,384],"_rootPartCFrame":[760.517,222.69,42.06,-0.831,0,0.556,0,1,0,-0.556,0,-0.831],"_humanoidState":8,"_cameraCFrame":[760.671,240.07,38.761,-0.822,-0.56,0.099,0,0.174,0.985,-0.569,0.81,-0.143],"_shiftlockState":true,"_pose":"Running","_animationQueue":[],"_animationSpeed":1.103,"_zoom":16.125},{"_mousePosition":[683,384],"_rootPartCFrame":[760.35,222.693,41.95,-0.822,0,0.569,0,1,0,-0.569,0,-0.822],"_humanoidState":8,"_cameraCFrame":[760.529,240.073,38.653,-0.818,-0.566,0.1,0,0.174,0.985,-0.575,0.806,-0.142],"_shiftlockState":true,"_pose":"Running","_animationQueue":[],"_animationSpeed":1.103,"_zoom":16.125},{"_mousePosition":[683,384],"_rootPartCFrame":[760.13,222.696,41.799,-0.818,0,0.575,0,1,0,-0.575,0,-0.818],"_humanoidState":8,"_cameraCFrame":[760.309,240.076,38.501,-0.818,-0.566,0.1,0,0.174,0.985,-0.575,0.806,-0.142],"_shiftlockState":true,"_pose":"Running","_animationQueue":[],"_animationSpeed":1.103,"_zoom":16.125},{"_mousePosition":[683,384],"_rootPartCFrame":[759.912,222.698,41.646,-0.818,0,0.575,0,1,0,-0.575,0,-0.818],"_humanoidState":8,"_cameraCFrame":[760.091,240.078,38.348,-0.818,-0.566,0.1,0,0.174,0.985,-0.575,0.806,-0.142],"_shiftlockState":true,"_pose":"Running","_animationQueue":[],"_animationSpeed":1.103,"_zoom":16.125},{"_mousePosition":[683,384],"_rootPartCFrame":[759.694,222.699,41.492,-0.818,0,0.575,0,1,0,-0.575,0,-0.818],"_humanoidState":8,"_cameraCFrame":[759.872,240.079,38.195,-0.818,-0.566,0.1,0,0.174,0.985,-0.575,0.806,-0.142],"_shiftlockState":true,"_pose":"Running","_animationQueue":[],"_animationSpeed":1.103,"_zoom":16.125},{"_mousePosition":[683,384],"_rootPartCFrame":[759.476,222.699,41.339,-0.818,0,0.575,0,1,0,-0.575,0,-0.818],"_humanoidState":8,"_cameraCFrame":[759.629,240.079,38.04,-0.822,-0.56,0.099,0,0.174,0.985,-0.569,0.81,-0.143],"_shiftlockState":true,"_pose":"Running","_animationQueue":[],"_animationSpeed":1.103,"_zoom":16.125},{"_mousePosition":[683,384],"_rootPartCFrame":[759.257,222.665,41.185,-0.822,0,0.569,0,1,0,-0.569,0,-0.822],"_humanoidState":8,"_cameraCFrame":[759.344,240.045,37.885,-0.834,-0.544,0.096,0,0.174,0.985,-0.552,0.821,-0.145],"_shiftlockState":true,"_pose":"Running","_animationQueue":[["walk",0.1]],"_animationSpeed":1.103,"_zoom":16.125},{"_mousePosition":[683,384],"_rootPartCFrame":[758.984,222.547,40.994,-0.834,0,0.552,0,1,0,-0.552,0,-0.834],"_humanoidState":8,"_cameraCFrame":[758.971,239.927,37.692,-0.85,-0.518,0.091,0,0.174,0.985,-0.526,0.837,-0.148],"_shiftlockState":true,"_pose":"Running","_animationQueue":[],"_animationSpeed":1.103,"_zoom":16.125},{"_mousePosition":[683,384],"_rootPartCFrame":[758.821,223.206,40.879,-0.85,0,0.526,0,1,0,-0.526,0,-0.85],"_humanoidState":3,"_cameraCFrame":[758.682,240.586,37.58,-0.87,-0.486,0.086,0,0.174,0.985,-0.494,0.856,-0.151],"_shiftlockState":true,"_pose":"Jumping","_animationQueue":[["walk",0.1],["jump",0.1]],"_animationSpeed":1,"_zoom":16.125},{"_mousePosition":[683,384],"_rootPartCFrame":[758.595,224.041,40.736,-0.82,0,0.572,0,1,0,-0.572,0,-0.82],"_humanoidState":5,"_cameraCFrame":[758.206,241.421,37.457,-0.905,-0.42,0.074,0,0.174,0.985,-0.426,0.891,-0.157],"_shiftlockState":true,"_pose":"FreeFall","_animationQueue":[["jump",0.1]],"_animationSpeed":1,"_zoom":16.125},{"_mousePosition":[683,384],"_rootPartCFrame":[758.364,224.822,40.603,-0.842,0,0.539,0,1,0,-0.539,0,-0.842],"_humanoidState":5,"_cameraCFrame":[757.893,242.203,37.335,-0.915,-0.397,0.07,0,0.174,0.985,-0.403,0.901,-0.159],"_shiftlockState":true,"_pose":"FreeFall","_animationQueue":[],"_animationSpeed":1,"_zoom":16.125},{"_mousePosition":[683,384],"_rootPartCFrame":[758.125,225.549,40.486,-0.854,0,0.521,0,1,0,-0.521,0,-0.854],"_humanoidState":5,"_cameraCFrame":[757.398,242.929,37.265,-0.944,-0.325,0.057,0,0.174,0.985,-0.33,0.929,-0.164],"_shiftlockState":true,"_pose":"FreeFall","_animationQueue":[],"_animationSpeed":1,"_zoom":16.125},{"_mousePosition":[683,384],"_rootPartCFrame":[757.82,226.381,40.351,-0.876,0,0.482,0,1,0,-0.482,0,-0.876],"_humanoidState":5,"_cameraCFrame":[756.94,243.761,37.168,-0.959,-0.28,0.049,0,0.174,0.985,-0.285,0.944,-0.166],"_shiftlockState":true,"_pose":"FreeFall","_animationQueue":[],"_animationSpeed":1,"_zoom":16.125},{"_mousePosition":[683,384],"_rootPartCFrame":[757.57,226.985,40.258,-0.912,0,0.41,0,1,0,-0.41,0,-0.912],"_humanoidState":5,"_cameraCFrame":[756.546,244.365,37.119,-0.971,-0.237,0.042,0,0.174,0.985,-0.241,0.956,-0.169],"_shiftlockState":true,"_pose":"FreeFall","_animationQueue":[],"_animationSpeed":1,"_zoom":16.125},{"_mousePosition":[683,384],"_rootPartCFrame":[757.379,227.402,40.2,-0.942,0,0.336,0,1,0,-0.336,0,-0.942],"_humanoidState":5,"_cameraCFrame":[756.221,244.782,37.108,-0.98,-0.196,0.035,0,0.174,0.985,-0.199,0.965,-0.17],"_shiftlockState":true,"_pose":"FreeFall","_animationQueue":[],"_animationSpeed":1,"_zoom":16.125},{"_mousePosition":[683,384],"_rootPartCFrame":[757.121,227.911,40.134,-0.945,0,0.327,0,1,0,-0.327,0,-0.945],"_humanoidState":5,"_cameraCFrame":[755.823,245.291,37.098,-0.988,-0.152,0.027,0,0.174,0.985,-0.154,0.973,-0.172],"_shiftlockState":true,"_pose":"FreeFall","_animationQueue":[],"_animationSpeed":1,"_zoom":16.125},{"_mousePosition":[683,384],"_rootPartCFrame":[756.86,228.365,40.079,-0.959,0,0.284,0,1,0,-0.284,0,-0.959],"_humanoidState":5,"_cameraCFrame":[755.432,245.745,37.101,-0.994,-0.11,0.019,0,0.174,0.985,-0.111,0.979,-0.173],"_shiftlockState":true,"_pose":"FreeFall","_animationQueue":[],"_animationSpeed":1,"_zoom":16.125},{"_mousePosition":[683,384],"_rootPartCFrame":[756.597,228.765,40.036,-0.97,0,0.242,0,1,0,-0.242,0,-0.97],"_humanoidState":5,"_cameraCFrame":[755.028,246.145,37.131,-0.998,-0.062,0.011,0,0.174,0.985,-0.063,0.983,-0.173],"_shiftlockState":true,"_pose":"FreeFall","_animationQueue":[],"_animationSpeed":1,"_zoom":16.125},{"_mousePosition":[683,384],"_rootPartCFrame":[756.332,229.11,40.005,-0.981,0,0.195,0,1,0,-0.195,0,-0.981],"_humanoidState":5,"_cameraCFrame":[754.625,246.49,37.178,-1,-0.015,0.003,0,0.174,0.985,-0.015,0.985,-0.174],"_shiftlockState":true,"_pose":"FreeFall","_animationQueue":[],"_animationSpeed":1,"_zoom":16.125},{"_mousePosition":[683,384],"_rootPartCFrame":[755.999,229.464,39.982,-0.983,0,0.181,0,1,0,-0.181,0,-0.983],"_humanoidState":5,"_cameraCFrame":[754.145,246.844,37.25,-0.999,0.037,-0.007,0,0.174,0.985,0.038,0.984,-0.174],"_shiftlockState":true,"_pose":"FreeFall","_animationQueue":[],"_animationSpeed":1,"_zoom":16.125},{"_mousePosition":[683,384],"_rootPartCFrame":[755.799,229.636,39.977,-0.998,0,0.062,0,1,0,-0.062,0,-0.998],"_humanoidState":5,"_cameraCFrame":[753.803,247.016,37.347,-0.996,0.089,-0.016,0,0.174,0.985,0.091,0.981,-0.173],"_shiftlockState":true,"_pose":"FreeFall","_animationQueue":[],"_animationSpeed":1,"_zoom":16.125},{"_mousePosition":[683,384],"_rootPartCFrame":[755.466,229.855,39.987,-0.997,0,0.076,0,1,0,-0.076,0,-0.997],"_humanoidState":5,"_cameraCFrame":[753.333,247.235,37.467,-0.99,0.141,-0.025,0,0.174,0.985,0.144,0.975,-0.172],"_shiftlockState":true,"_pose":"FreeFall","_animationQueue":[],"_animationSpeed":1,"_zoom":16.125},{"_mousePosition":[683,384],"_rootPartCFrame":[755.267,229.945,40.003,-0.999,0,-0.044,0,1,0,0.044,0,-0.999],"_humanoidState":5,"_cameraCFrame":[753.008,247.325,37.594,-0.981,0.19,-0.034,0,0.174,0.985,0.193,0.966,-0.17],"_shiftlockState":true,"_pose":"FreeFall","_animationQueue":[],"_animationSpeed":1,"_zoom":16.125},{"_mousePosition":[683,384],"_rootPartCFrame":[755.003,230.018,40.039,-0.998,0,-0.061,0,1,0,0.061,0,-0.998],"_humanoidState":5,"_cameraCFrame":[752.571,247.392,37.767,-0.965,0.258,-0.046,0,0.176,0.984,0.262,0.95,-0.169],"_shiftlockState":true,"_pose":"FreeFall","_animationQueue":[],"_animationSpeed":1,"_zoom":16.125},{"_mousePosition":[683,384],"_rootPartCFrame":[754.741,230.036,40.089,-0.991,0,-0.132,0,1,0,0.132,0,-0.991],"_humanoidState":5,"_cameraCFrame":[752.208,247.411,37.929,-0.952,0.301,-0.054,0,0.176,0.984,0.306,0.937,-0.167],"_shiftlockState":true,"_pose":"FreeFall","_animationQueue":[],"_animationSpeed":1,"_zoom":16.125},{"_mousePosition":[683,384],"_rootPartCFrame":[754.483,230,40.155,-0.984,0,-0.177,0,1,0,0.177,0,-0.984],"_humanoidState":5,"_cameraCFrame":[751.865,247.374,38.1,-0.939,0.339,-0.06,0,0.176,0.984,0.344,0.924,-0.165],"_shiftlockState":true,"_pose":"FreeFall","_animationQueue":[],"_animationSpeed":1,"_zoom":16.125},{"_mousePosition":[683,384],"_rootPartCFrame":[754.228,229.909,40.235,-0.976,0,-0.217,0,1,0,0.217,0,-0.976],"_humanoidState":5,"_cameraCFrame":[751.539,247.283,38.274,-0.926,0.372,-0.066,0,0.176,0.984,0.377,0.912,-0.163],"_shiftlockState":true,"_pose":"FreeFall","_animationQueue":[["fall",0.3]],"_animationSpeed":1,"_zoom":16.125},{"_mousePosition":[683,384],"_rootPartCFrame":[753.977,229.763,40.325,-0.968,0,-0.251,0,1,0,0.251,0,-0.968],"_humanoidState":5,"_cameraCFrame":[751.218,247.132,38.418,-0.914,0.399,-0.072,0,0.177,0.984,0.405,0.9,-0.162],"_shiftlockState":true,"_pose":"FreeFall","_animationQueue":[],"_animationSpeed":1,"_zoom":16.125},{"_mousePosition":[683,384],"_rootPartCFrame":[753.73,229.564,40.425,-0.96,0,-0.28,0,1,0,0.28,0,-0.96],"_humanoidState":5,"_cameraCFrame":[750.918,246.933,38.595,-0.903,0.424,-0.076,0,0.177,0.984,0.431,0.888,-0.16],"_shiftlockState":true,"_pose":"FreeFall","_animationQueue":[],"_animationSpeed":1,"_zoom":16.125},{"_mousePosition":[683,384],"_rootPartCFrame":[753.486,229.309,40.532,-0.952,0,-0.307,0,1,0,0.307,0,-0.952],"_humanoidState":5,"_cameraCFrame":[750.624,246.678,38.781,-0.89,0.448,-0.081,0,0.177,0.984,0.456,0.876,-0.158],"_shiftlockState":true,"_pose":"FreeFall","_animationQueue":[],"_animationSpeed":1,"_zoom":16.125},{"_mousePosition":[683,384],"_rootPartCFrame":[753.184,228.915,40.674,-0.953,0,-0.302,0,1,0,0.302,0,-0.953],"_humanoidState":5,"_cameraCFrame":[750.275,246.284,39.004,-0.877,0.473,-0.085,0,0.177,0.984,0.48,0.863,-0.156],"_shiftlockState":true,"_pose":"FreeFall","_animationQueue":[],"_animationSpeed":1,"_zoom":16.125},{"_mousePosition":[683,384],"_rootPartCFrame":[753.006,228.637,40.764,-0.921,0,-0.39,0,1,0,0.39,0,-0.921],"_humanoidState":5,"_cameraCFrame":[750.055,246.006,39.168,-0.865,0.494,-0.089,0,0.177,0.984,0.502,0.851,-0.153],"_shiftlockState":true,"_pose":"FreeFall","_animationQueue":[],"_animationSpeed":1,"_zoom":16.125},{"_mousePosition":[683,384],"_rootPartCFrame":[752.772,228.219,40.891,-0.924,0,-0.383,0,1,0,0.383,0,-0.924],"_humanoidState":5,"_cameraCFrame":[749.785,245.588,39.363,-0.853,0.513,-0.093,0,0.177,0.984,0.522,0.84,-0.151],"_shiftlockState":true,"_pose":"FreeFall","_animationQueue":[],"_animationSpeed":1,"_zoom":16.125},{"_mousePosition":[683,384],"_rootPartCFrame":[752.54,227.747,41.024,-0.915,0,-0.404,0,1,0,0.404,0,-0.915],"_humanoidState":5,"_cameraCFrame":[749.541,245.121,39.583,-0.842,0.531,-0.095,0,0.176,0.984,0.539,0.829,-0.148],"_shiftlockState":true,"_pose":"FreeFall","_animationQueue":[["fall",0.3]],"_animationSpeed":1,"_zoom":16.125},{"_mousePosition":[683,384],"_rootPartCFrame":[752.313,227.22,41.163,-0.906,0,-0.422,0,1,0,0.422,0,-0.906],"_humanoidState":5,"_cameraCFrame":[749.308,244.6,39.793,-0.834,0.543,-0.096,0,0.174,0.985,0.552,0.821,-0.145],"_shiftlockState":true,"_pose":"FreeFall","_animationQueue":[],"_animationSpeed":1,"_zoom":16.125},{"_mousePosition":[683,384],"_rootPartCFrame":[752.087,226.639,41.306,-0.9,0,-0.436,0,1,0,0.436,0,-0.9],"_humanoidState":5,"_cameraCFrame":[749.056,244.019,39.997,-0.823,0.56,-0.099,0,0.174,0.985,0.568,0.81,-0.143],"_shiftlockState":true,"_pose":"FreeFall","_animationQueue":[],"_animationSpeed":1,"_zoom":16.125},{"_mousePosition":[683,384],"_rootPartCFrame":[751.865,226.003,41.452,-0.891,0,-0.454,0,1,0,0.454,0,-0.891],"_humanoidState":5,"_cameraCFrame":[748.82,243.383,40.174,-0.817,0.568,-0.1,0,0.174,0.985,0.577,0.805,-0.142],"_shiftlockState":true,"_pose":"FreeFall","_animationQueue":[],"_animationSpeed":1,"_zoom":16.125},{"_mousePosition":[683,384],"_rootPartCFrame":[751.645,225.312,41.603,-0.886,0,-0.463,0,1,0,0.463,0,-0.886],"_humanoidState":5,"_cameraCFrame":[748.597,242.692,40.333,-0.815,0.57,-0.101,0,0.174,0.985,0.579,0.803,-0.142],"_shiftlockState":true,"_pose":"FreeFall","_animationQueue":[],"_animationSpeed":1,"_zoom":16.125},{"_mousePosition":[683,384],"_rootPartCFrame":[751.427,224.568,41.757,-0.885,0,-0.465,0,1,0,0.465,0,-0.885],"_humanoidState":5,"_cameraCFrame":[748.379,241.948,40.486,-0.815,0.57,-0.101,0,0.174,0.985,0.579,0.803,-0.142],"_shiftlockState":true,"_pose":"FreeFall","_animationQueue":[],"_animationSpeed":1,"_zoom":16.125},{"_mousePosition":[683,384],"_rootPartCFrame":[751.209,223.768,41.911,-0.885,0,-0.465,0,1,0,0.465,0,-0.885],"_humanoidState":5,"_cameraCFrame":[748.161,241.148,40.641,-0.815,0.57,-0.101,0,0.174,0.985,0.579,0.803,-0.142],"_shiftlockState":true,"_pose":"FreeFall","_animationQueue":[],"_animationSpeed":1,"_zoom":16.125},{"_mousePosition":[683,384],"_rootPartCFrame":[750.992,222.914,42.065,-0.835,0,-0.55,0,1,0,0.55,0,-0.835],"_humanoidState":7,"_cameraCFrame":[747.944,240.294,40.795,-0.815,0.57,-0.101,0,0.174,0.985,0.579,0.803,-0.142],"_shiftlockState":true,"_pose":"FreeFall","_animationQueue":[["fall",0.3],["walk",0.1],["fall",0.3],["fall",0.3]],"_animationSpeed":1,"_zoom":16.125},{"_mousePosition":[683,384],"_rootPartCFrame":[750.774,222.492,42.22,-0.817,0,-0.577,0,1,0,0.577,0,-0.817],"_humanoidState":7,"_cameraCFrame":[747.726,239.872,40.949,-0.815,0.57,-0.101,0,0.174,0.985,0.579,0.803,-0.142],"_shiftlockState":true,"_pose":"FreeFall","_animationQueue":[],"_animationSpeed":1,"_zoom":16.125},{"_mousePosition":[683,384],"_rootPartCFrame":[750.502,222.562,42.413,-0.816,0,-0.579,0,1,0,0.579,0,-0.816],"_humanoidState":8,"_cameraCFrame":[747.455,239.942,41.142,-0.815,0.57,-0.101,0,0.174,0.985,0.579,0.803,-0.142],"_shiftlockState":true,"_pose":"Running","_animationQueue":[["walk",0.1],["fall",0.3],["walk",0.1]],"_animationSpeed":1.103,"_zoom":16.125},{"_mousePosition":[683,384],"_rootPartCFrame":[750.285,222.621,42.567,-0.815,0,-0.579,0,1,0,0.579,0,-0.815],"_humanoidState":8,"_cameraCFrame":[747.237,240.001,41.297,-0.815,0.57,-0.101,0,0.174,0.985,0.579,0.803,-0.142],"_shiftlockState":true,"_pose":"Running","_animationQueue":[],"_animationSpeed":1.103,"_zoom":16.125},{"_mousePosition":[683,384],"_rootPartCFrame":[750.067,222.656,42.721,-0.815,0,-0.579,0,1,0,0.579,0,-0.815],"_humanoidState":8,"_cameraCFrame":[747.02,240.036,41.451,-0.815,0.57,-0.101,0,0.174,0.985,0.579,0.803,-0.142],"_shiftlockState":true,"_pose":"Running","_animationQueue":[],"_animationSpeed":1.103,"_zoom":16.125},{"_mousePosition":[683,384],"_rootPartCFrame":[749.85,223.53,42.876,-0.815,0,-0.579,0,1,0,0.579,0,-0.815],"_humanoidState":3,"_cameraCFrame":[746.802,240.91,41.605,-0.815,0.57,-0.101,0,0.174,0.985,0.579,0.803,-0.142],"_shiftlockState":true,"_pose":"Jumping","_animationQueue":[["walk",0.1],["jump",0.1]],"_animationSpeed":1,"_zoom":16.125},{"_mousePosition":[683,384],"_rootPartCFrame":[749.632,224.352,43.03,-0.865,0,-0.501,0,1,0,0.501,0,-0.865],"_humanoidState":5,"_cameraCFrame":[746.581,241.732,41.767,-0.814,0.572,-0.101,0,0.174,0.985,0.581,0.802,-0.141],"_shiftlockState":true,"_pose":"FreeFall","_animationQueue":[["jump",0.1]],"_animationSpeed":1,"_zoom":16.125},{"_mousePosition":[683,384],"_rootPartCFrame":[749.415,225.119,43.184,-0.882,0,-0.472,0,1,0,0.472,0,-0.882],"_humanoidState":5,"_cameraCFrame":[746.361,242.499,41.929,-0.813,0.574,-0.101,0,0.174,0.985,0.583,0.8,-0.141],"_shiftlockState":true,"_pose":"FreeFall","_animationQueue":[],"_animationSpeed":1,"_zoom":16.125},{"_mousePosition":[683,384],"_rootPartCFrame":[749.198,225.832,43.339,-0.883,0,-0.47,0,1,0,0.47,0,-0.883],"_humanoidState":5,"_cameraCFrame":[746.137,243.212,42.1,-0.81,0.578,-0.102,0,0.174,0.985,0.587,0.797,-0.141],"_shiftlockState":true,"_pose":"FreeFall","_animationQueue":[],"_animationSpeed":1,"_zoom":16.125},{"_mousePosition":[683,384],"_rootPartCFrame":[748.981,226.491,43.495,-0.88,0,-0.474,0,1,0,0.474,0,-0.88],"_humanoidState":5,"_cameraCFrame":[745.914,243.871,42.271,-0.807,0.582,-0.103,0,0.174,0.985,0.591,0.794,-0.14],"_shiftlockState":true,"_pose":"FreeFall","_animationQueue":[],"_animationSpeed":1,"_zoom":16.125},{"_mousePosition":[683,384],"_rootPartCFrame":[748.765,227.095,43.651,-0.878,0,-0.479,0,1,0,0.479,0,-0.878],"_humanoidState":5,"_cameraCFrame":[745.692,244.475,42.443,-0.804,0.586,-0.103,0,0.174,0.985,0.595,0.791,-0.14],"_shiftlockState":true,"_pose":"FreeFall","_animationQueue":[],"_animationSpeed":1,"_zoom":16.125},{"_mousePosition":[683,384],"_rootPartCFrame":[748.55,227.644,43.808,-0.876,0,-0.483,0,1,0,0.483,0,-0.876],"_humanoidState":5,"_cameraCFrame":[745.471,245.024,42.616,-0.801,0.59,-0.104,0,0.174,0.985,0.599,0.788,-0.139],"_shiftlockState":true,"_pose":"FreeFall","_animationQueue":[],"_animationSpeed":1,"_zoom":16.125},{"_mousePosition":[683,384],"_rootPartCFrame":[748.335,228.139,43.967,-0.873,0,-0.488,0,1,0,0.488,0,-0.873],"_humanoidState":5,"_cameraCFrame":[745.25,245.519,42.79,-0.798,0.594,-0.105,0,0.174,0.985,0.603,0.785,-0.138],"_shiftlockState":true,"_pose":"FreeFall","_animationQueue":[],"_animationSpeed":1,"_zoom":16.125},{"_mousePosition":[683,384],"_rootPartCFrame":[748.122,228.58,44.127,-0.871,0,-0.492,0,1,0,0.492,0,-0.871],"_humanoidState":5,"_cameraCFrame":[745.034,245.96,42.957,-0.796,0.596,-0.105,0,0.174,0.985,0.605,0.784,-0.138],"_shiftlockState":true,"_pose":"FreeFall","_animationQueue":[],"_animationSpeed":1,"_zoom":16.125},{"_mousePosition":[683,384],"_rootPartCFrame":[747.856,229.054,44.328,-0.885,0,-0.465,0,1,0,0.465,0,-0.885],"_humanoidState":5,"_cameraCFrame":[744.768,246.434,43.158,-0.796,0.596,-0.105,0,0.174,0.985,0.605,0.784,-0.138],"_shiftlockState":true,"_pose":"FreeFall","_animationQueue":[],"_animationSpeed":1,"_zoom":16.125},{"_mousePosition":[683,384],"_rootPartCFrame":[747.697,229.297,44.449,-0.852,0,-0.523,0,1,0,0.523,0,-0.852],"_humanoidState":5,"_cameraCFrame":[744.609,246.677,43.279,-0.796,0.596,-0.105,0,0.174,0.985,0.605,0.784,-0.138],"_shiftlockState":true,"_pose":"FreeFall","_animationQueue":[],"_animationSpeed":1,"_zoom":16.125},{"_mousePosition":[683,384],"_rootPartCFrame":[747.484,229.574,44.61,-0.869,0,-0.494,0,1,0,0.494,0,-0.869],"_humanoidState":5,"_cameraCFrame":[744.396,246.954,43.441,-0.796,0.596,-0.105,0,0.174,0.985,0.605,0.784,-0.138],"_shiftlockState":true,"_pose":"FreeFall","_animationQueue":[],"_animationSpeed":1,"_zoom":16.125},{"_mousePosition":[683,384],"_rootPartCFrame":[747.272,229.797,44.771,-0.869,0,-0.494,0,1,0,0.494,0,-0.869],"_humanoidState":5,"_cameraCFrame":[744.184,247.177,43.602,-0.796,0.596,-0.105,0,0.174,0.985,0.605,0.784,-0.138],"_shiftlockState":true,"_pose":"FreeFall","_animationQueue":[],"_animationSpeed":1,"_zoom":16.125},{"_mousePosition":[683,384],"_rootPartCFrame":[747.06,229.965,44.933,-0.869,0,-0.494,0,1,0,0.494,0,-0.869],"_humanoidState":5,"_cameraCFrame":[743.972,247.345,43.763,-0.796,0.596,-0.105,0,0.174,0.985,0.605,0.784,-0.138],"_shiftlockState":true,"_pose":"FreeFall","_animationQueue":[],"_animationSpeed":1,"_zoom":16.125},{"_mousePosition":[683,384],"_rootPartCFrame":[746.848,230.078,45.094,-0.869,0,-0.494,0,1,0,0.494,0,-0.869],"_humanoidState":5,"_cameraCFrame":[743.76,247.458,43.925,-0.796,0.596,-0.105,0,0.174,0.985,0.605,0.784,-0.138],"_shiftlockState":true,"_pose":"FreeFall","_animationQueue":[],"_animationSpeed":1,"_zoom":16.125},{"_mousePosition":[683,384],"_rootPartCFrame":[746.583,230.144,45.296,-0.885,0,-0.465,0,1,0,0.465,0,-0.885],"_humanoidState":5,"_cameraCFrame":[743.501,247.524,44.111,-0.799,0.592,-0.104,0,0.174,0.985,0.601,0.787,-0.139],"_shiftlockState":true,"_pose":"FreeFall","_animationQueue":[["fall",0.3]],"_animationSpeed":1,"_zoom":16.125},{"_mousePosition":[683,384],"_rootPartCFrame":[746.424,230.142,45.417,-0.855,0,-0.519,0,1,0,0.519,0,-0.855],"_humanoidState":5,"_cameraCFrame":[743.357,247.522,44.193,-0.807,0.582,-0.103,0,0.174,0.985,0.591,0.794,-0.14],"_shiftlockState":true,"_pose":"FreeFall","_animationQueue":[],"_animationSpeed":1,"_zoom":16.125},{"_mousePosition":[683,384],"_rootPartCFrame":[746.211,230.092,45.578,-0.878,0,-0.479,0,1,0,0.479,0,-0.878],"_humanoidState":5,"_cameraCFrame":[743.169,247.472,44.292,-0.818,0.566,-0.1,0,0.174,0.985,0.575,0.806,-0.142],"_shiftlockState":true,"_pose":"FreeFall","_animationQueue":[],"_animationSpeed":1,"_zoom":16.125},{"_mousePosition":[683,384],"_rootPartCFrame":[