[{"_mousePosition":[1212,367],"_rootPartCFrame":[776.023,222.963,47.142,0.003,0.005,1,0,1,-0.005,-1,0,0.003],"_humanoidState":8,"_cameraCFrame":[787.184,230.195,47.124,-0.002,-0.457,0.889,0,0.889,0.457,-1,0.001,-0.001],"_shiftlockState":false,"_pose":"Standing","_animationQueue":[],"_animationSpeed":1,"_zoom":12.541},{"_mousePosition":[1212,367],"_rootPartCFrame":[776.023,222.776,47.142,0.003,0,1,0,1,0,-1,0,0.003],"_humanoidState":8,"_cameraCFrame":[787.177,230.008,47.124,-0.002,-0.457,0.889,0,0.889,0.457,-1,0.001,-0.001],"_shiftlockState":false,"_pose":"Standing","_animationQueue":[],"_animationSpeed":1,"_zoom":12.541},{"_mousePosition":[1212,367],"_rootPartCFrame":[776.023,222.735,47.142,0.003,0,1,0,1,0,-1,0,0.003],"_humanoidState":8,"_cameraCFrame":[787.177,229.967,47.124,-0.002,-0.457,0.889,0,0.889,0.457,-1,0.001,-0.001],"_shiftlockState":false,"_pose":"Standing","_animationQueue":[],"_animationSpeed":1,"_zoom":12.541},{"_mousePosition":[1212,367],"_rootPartCFrame":[776.023,222.652,47.142,0.003,0,1,0,1,0,-1,0,0.003],"_humanoidState":8,"_cameraCFrame":[787.177,229.885,47.124,-0.002,-0.457,0.889,0,0.889,0.457,-1,0.001,-0.001],"_shiftlockState":false,"_pose":"Standing","_animationQueue":[],"_animationSpeed":1,"_zoom":12.541},{"_mousePosition":[1211,366],"_rootPartCFrame":[776.023,222.663,47.142,0.003,0,1,0,1,0,-1,0,0.003],"_humanoidState":8,"_cameraCFrame":[787.177,229.896,47.124,-0.002,-0.457,0.889,0,0.889,0.457,-1,0.001,-0.001],"_shiftlockState":false,"_pose":"Standing","_animationQueue":[],"_animationSpeed":1,"_zoom":12.541},{"_mousePosition":[1210,366],"_rootPartCFrame":[776.023,222.678,47.142,0.003,0,1,0,1,0,-1,0,0.003],"_humanoidState":8,"_cameraCFrame":[787.177,229.911,47.124,-0.002,-0.457,0.889,0,0.889,0.457,-1,0.001,-0.001],"_shiftlockState":false,"_pose":"Standing","_animationQueue":[],"_animationSpeed":1,"_zoom":12.541},{"_mousePosition":[1207,366],"_rootPartCFrame":[776.023,222.688,47.142,0.003,0,1,0,1,0,-1,0,0.003],"_humanoidState":8,"_cameraCFrame":[787.177,229.92,47.124,-0.002,-0.457,0.889,0,0.889,0.457,-1,0.001,-0.001],"_shiftlockState":false,"_pose":"Standing","_animationQueue":[],"_animationSpeed":1,"_zoom":12.541},{"_mousePosition":[1207,366],"_rootPartCFrame":[776.023,222.694,47.142,0.003,0,1,0,1,0,-1,0,0.003],"_humanoidState":8,"_cameraCFrame":[787.177,229.926,47.124,-0.002,-0.457,0.889,0,0.889,0.457,-1,0.001,-0.001],"_shiftlockState":false,"_pose":"Standing","_animationQueue":[],"_animationSpeed":1,"_zoom":12.541},{"_mousePosition":[1206,366],"_rootPartCFrame":[776.023,222.696,47.142,0.003,0,1,0,1,0,-1,0,0.003],"_humanoidState":8,"_cameraCFrame":[787.177,229.928,47.124,-0.002,-0.457,0.889,0,0.889,0.457,-1,0.001,-0.001],"_shiftlockState":false,"_pose":"Standing","_animationQueue":[],"_animationSpeed":1,"_zoom":12.541},{"_mousePosition":[1206,366],"_rootPartCFrame":[776.023,222.698,47.142,0.003,0,1,0,1,0,-1,0,0.003],"_humanoidState":8,"_cameraCFrame":[787.177,229.93,47.124,-0.002,-0.457,0.889,0,0.889,0.457,-1,0.001,-0.001],"_shiftlockState":false,"_pose":"Standing","_animationQueue":[],"_animationSpeed":1,"_zoom":12.541},{"_mousePosition":[1205,366],"_rootPartCFrame":[776.023,222.699,47.142,0.003,0,1,0,1,0,-1,0,0.003],"_humanoidState":8,"_cameraCFrame":[787.177,229.931,47.124,-0.002,-0.457,0.889,0,0.889,0.457,-1,0.001,-0.001],"_shiftlockState":false,"_pose":"Standing","_animationQueue":[],"_animationSpeed":1,"_zoom":12.541},{"_mousePosition":[1205,366],"_rootPartCFrame":[776.023,222.699,47.142,0.003,0,1,0,1,0,-1,0,0.003],"_humanoidState":8,"_cameraCFrame":[787.177,229.931,47.124,-0.002,-0.457,0.889,0,0.889,0.457,-1,0.001,-0.001],"_shiftlockState":false,"_pose":"Standing","_animationQueue":[],"_animationSpeed":1,"_zoom":12.541},{"_mousePosition":[1205,366],"_rootPartCFrame":[776.023,222.699,47.142,0.003,0,1,0,1,0,-1,0,0.003],"_humanoidState":8,"_cameraCFrame":[787.177,229.932,47.124,-0.002,-0.457,0.889,0,0.889,0.457,-1,0.001,-0.001],"_shiftlockState":false,"_pose":"Standing","_animationQueue":[],"_animationSpeed":1,"_zoom":12.541},{"_mousePosition":[1205,366],"_rootPartCFrame":[776.023,222.699,47.142,0.003,0,1,0,1,0,-1,0,0.003],"_humanoidState":8,"_cameraCFrame":[787.177,229.932,47.124,-0.002,-0.457,0.889,0,0.889,0.457,-1,0.001,-0.001],"_shiftlockState":false,"_pose":"Standing","_animationQueue":[],"_animationSpeed":1,"_zoom":12.541},{"_mousePosition":[1205,366],"_rootPartCFrame":[776.023,222.7,47.142,0.003,0,1,0,1,0,-1,0,0.003],"_humanoidState":8,"_cameraCFrame":[787.177,229.932,47.124,-0.002,-0.457,0.889,0,0.889,0.457,-1,0.001,-0.001],"_shiftlockState":false,"_pose":"Standing","_animationQueue":[],"_animationSpeed":1,"_zoom":12.541},{"_mousePosition":[1205,366],"_rootPartCFrame":[776.023,222.7,47.142,0.003,0,1,0,1,0,-1,0,0.003],"_humanoidState":8,"_cameraCFrame":[787.177,229.932,47.124,-0.002,-0.457,0.889,0,0.889,0.457,-1,0.001,-0.001],"_shiftlockState":false,"_pose":"Standing","_animationQueue":[],"_animationSpeed":1,"_zoom":12.541},{"_mousePosition":[1205,366],"_rootPartCFrame":[776.023,222.7,47.142,0.003,0,1,0,1,0,-1,0,0.003],"_humanoidState":8,"_cameraCFrame":[787.177,229.932,47.124,-0.002,-0.457,0.889,0,0.889,0.457,-1,0.001,-0.001],"_shiftlockState":false,"_pose":"Standing","_animationQueue":[],"_animationSpeed":1,"_zoom":12.541},{"_mousePosition":[1205,366],"_rootPartCFrame":[776.023,222.7,47.142,0.003,0,1,0,1,0,-1,0,0.003],"_humanoidState":8,"_cameraCFrame":[787.177,229.932,47.124,-0.002,-0.457,0.889,0,0.889,0.457,-1,0.001,-0.001],"_shiftlockState":false,"_pose":"Standing","_animationQueue":[["idle",0]],"_animationSpeed":1,"_zoom":12.541},{"_mousePosition":[1205,366],"_rootPartCFrame":[776.023,222.7,47.142,0.003,0,1,0,1,0,-1,0,0.003],"_humanoidState":8,"_cameraCFrame":[787.177,229.932,47.124,-0.002,-0.457,0.889,0,0.889,0.457,-1,0.001,-0.001],"_shiftlockState":false,"_pose":"Standing","_animationQueue":[],"_animationSpeed":1,"_zoom":12.541},{"_mousePosition":[1205,366],"_rootPartCFrame":[776.023,222.7,47.142,0.003,0,1,0,1,0,-1,0,0.003],"_humanoidState":8,"_cameraCFrame":[787.177,229.932,47.124,-0.002,-0.457,0.889,0,0.889,0.457,-1,0.001,-0.001],"_shiftlockState":false,"_pose":"Standing","_animationQueue":[],"_animationSpeed":1,"_zoom":12.541},{"_mousePosition":[1205,366],"_rootPartCFrame":[776.023,222.7,47.142,0.003,0,1,0,1,0,-1,0,0.003],"_humanoidState":8,"_cameraCFrame":[787.177,229.932,47.124,-0.002,-0.457,0.889,0,0.889,0.457,-1,0.001,-0.001],"_shiftlockState":false,"_pose":"Standing","_animationQueue":[],"_animationSpeed":1,"_zoom":12.541},{"_mousePosition":[1205,366],"_rootPartCFrame":[776.023,222.7,47.142,0.003,0,1,0,1,0,-1,0,0.003],"_humanoidState":8,"_cameraCFrame":[787.177,229.932,47.124,-0.002,-0.457,0.889,0,0.889,0.457,-1,0.001,-0.001],"_shiftlockState":false,"_pose":"Standing","_animationQueue":[],"_animationSpeed":1,"_zoom":12.541},{"_mousePosition":[1205,366],"_rootPartCFrame":[776.023,222.7,47.142,0.003,0,1,0,1,0,-1,0,0.003],"_humanoidState":8,"_cameraCFrame":[787.177,229.932,47.124,-0.002,-0.457,0.889,0,0.889,0.457,-1,0.001,-0.001],"_shiftlockState":false,"_pose":"Standing","_animationQueue":[],"_animationSpeed":1,"_zoom":12.541},{"_mousePosition":[1205,366],"_rootPartCFrame":[776.023,222.7,47.142,0.003,0,1,0,1,0,-1,0,0.003],"_humanoidState":8,"_cameraCFrame":[787.177,229.932,47.124,-0.002,-0.457,0.889,0,0.889,0.457,-1,0.001,-0.001],"_shiftlockState":false,"_pose":"Standing","_animationQueue":[],"_animationSpeed":1,"_zoom":12.541},{"_mousePosition":[1205,366],"_rootPartCFrame":[776.023,222.7,47.142,0.003,0,1,0,1,0,-1,0,0.003],"_humanoidState":8,"_cameraCFrame":[787.177,229.932,47.124,-0.002,-0.457,0.889,0,0.889,0.457,-1,0.001,-0.001],"_shiftlockState":false,"_pose":"Standing","_animationQueue":[],"_animationSpeed":1,"_zoom":12.541},{"_mousePosition":[1205,366],"_rootPartCFrame":[776.023,222.7,47.142,0.003,0,1,0,1,0,-1,0,0.003],"_humanoidState":8,"_cameraCFrame":[787.177,229.932,47.124,-0.002,-0.457,0.889,0,0.889,0.457,-1,0.001,-0.001],"_shiftlockState":false,"_pose":"Standing","_animationQueue":[],"_animationSpeed":1,"_zoom":12.541},{"_mousePosition":[1205,366],"_rootPartCFrame":[776.023,222.7,47.142,0.003,0,1,0,1,0,-1,0,0.003],"_humanoidState":8,"_cameraCFrame":[787.177,229.932,47.124,-0.002,-0.457,0.889,0,0.889,0.457,-1,0.001,-0.001],"_shiftlockState":false,"_pose":"Standing","_animationQueue":[],"_animationSpeed":1,"_zoom":12.541},{"_mousePosition":[1205,366],"_rootPartCFrame":[776.023,222.7,47.142,0.003,0,1,0,1,0,-1,0,0.003],"_humanoidState":8,"_cameraCFrame":[787.177,229.932,47.124,-0.002,-0.457,0.889,0,0.889,0.457,-1,0.001,-0.001],"_shiftlockState":false,"_pose":"Standing","_animationQueue":[],"_animationSpeed":1,"_zoom":12.541},{"_mousePosition":[1205,366],"_rootPartCFrame":[776.023,222.7,47.142,0.003,0,1,0,1,0,-1,0,0.003],"_humanoidState":8,"_cameraCFrame":[787.177,229.932,47.124,-0.002,-0.457,0.889,0,0.889,0.457,-1,0.001,-0.001],"_shiftlockState":false,"_pose":"Standing","_animationQueue":[],"_animationSpeed":1,"_zoom":12.541},{"_mousePosition":[1205,366],"_rootPartCFrame":[776.023,222.7,47.142,0.003,0,1,0,1,0,-1,0,0.003],"_humanoidState":8,"_cameraCFrame":[787.177,229.932,47.124,-0.002,-0.457,0.889,0,0.889,0.457,-1,0.001,-0.001],"_shiftlockState":false,"_pose":"Standing","_animationQueue":[],"_animationSpeed":1,"_zoom":12.541},{"_mousePosition":[1205,366],"_rootPartCFrame":[776.023,222.7,47.142,0.003,0,1,0,1,0,-1,0,0.003],"_humanoidState":8,"_cameraCFrame":[787.177,229.932,47.124,-0.002,-0.457,0.889,0,0.889,0.457,-1,0.001,-0.001],"_shiftlockState":false,"_pose":"Standing","_animationQueue":[],"_animationSpeed":1,"_zoom":12.541},{"_mousePosition":[1205,366],"_rootPartCFrame":[776.023,222.7,47.142,0.003,0,1,0,1,0,-1,0,0.003],"_humanoidState":8,"_cameraCFrame":[787.177,229.932,47.124,-0.002,-0.457,0.889,0,0.889,0.457,-1,0.001,-0.001],"_shiftlockState":false,"_pose":"Standing","_animationQueue":[],"_animationSpeed":1,"_zoom":12.541},{"_mousePosition":[1205,366],"_rootPartCFrame":[776.023,222.7,47.142,0.003,0,1,0,1,0,-1,0,0.003],"_humanoidState":8,"_cameraCFrame":[787.177,229.932,47.124,-0.002,-0.457,0.889,0,0.889,0.457,-1,0.001,-0.001],"_shiftlockState":false,"_pose":"Standing","_animationQueue":[],"_animationSpeed":1,"_zoom":12.541},{"_mousePosition":[1205,366],"_rootPartCFrame":[776.023,222.7,47.142,0.003,0,1,0,1,0,-1,0,0.003],"_humanoidState":8,"_cameraCFrame":[787.177,229.932,47.124,-0.002,-0.457,0.889,0,0.889,0.457,-1,0.001,-0.001],"_shiftlockState":false,"_pose":"Standing","_animationQueue":[],"_animationSpeed":1,"_zoom":12.541},{"_mousePosition":[1205,366],"_rootPartCFrame":[776.023,222.7,47.142,0.003,0,1,0,1,0,-1,0,0.003],"_humanoidState":8,"_cameraCFrame":[787.177,229.932,47.124,-0.002,-0.457,0.889,0,0.889,0.457,-1,0.001,-0.001],"_shiftlockState":false,"_pose":"Standing","_animationQueue":[],"_animationSpeed":1,"_zoom":12.541},{"_mousePosition":[1205,366],"_rootPartCFrame":[776.023,222.7,47.142,0.003,0,1,0,1,0,-1,0,0.003],"_humanoidState":8,"_cameraCFrame":[787.177,229.932,47.124,-0.002,-0.457,0.889,0,0.889,0.457,-1,0.001,-0.001],"_shiftlockState":false,"_pose":"Standing","_animationQueue":[],"_animationSpeed":1,"_zoom":12.541},{"_mousePosition":[1205,366],"_rootPartCFrame":[776.023,222.7,47.142,0.003,0,1,0,1,0,-1,0,0.003],"_humanoidState":8,"_cameraCFrame":[787.177,229.932,47.124,-0.002,-0.457,0.889,0,0.889,0.457,-1,0.001,-0.001],"_shiftlockState":false,"_pose":"Standing","_animationQueue":[],"_animationSpeed":1,"_zoom":12.541},{"_mousePosition":[1205,366],"_rootPartCFrame":[776.023,222.7,47.142,0.003,0,1,0,1,0,-1,0,0.003],"_humanoidState":8,"_cameraCFrame":[787.177,229.932,47.124,-0.002,-0.457,0.889,0,0.889,0.457,-1,0.001,-0.001],"_shiftlockState":false,"_pose":"Standing","_animationQueue":[],"_animationSpeed":1,"_zoom":12.541},{"_mousePosition":[1205,366],"_rootPartCFrame":[776.023,222.7,47.142,0.003,0,1,0,1,0,-1,0,0.003],"_humanoidState":8,"_cameraCFrame":[787.177,229.932,47.124,-0.002,-0.457,0.889,0,0.889,0.457,-1,0.001,-0.001],"_shiftlockState":false,"_pose":"Standing","_animationQueue":[],"_animationSpeed":1,"_zoom":12.541},{"_mousePosition":[1205,366],"_rootPartCFrame":[776.023,222.7,47.142,0.003,0,1,0,1,0,-1,0,0.003],"_humanoidState":8,"_cameraCFrame":[787.177,229.932,47.124,-0.002,-0.457,0.889,0,0.889,0.457,-1,0.001,-0.001],"_shiftlockState":false,"_pose":"Standing","_animationQueue":[],"_animationSpeed":1,"_zoom":12.541},{"_mousePosition":[1205,366],"_rootPartCFrame":[776.023,222.7,47.142,0.003,0,1,0,1,0,-1,0,0.003],"_humanoidState":8,"_cameraCFrame":[787.177,229.932,47.124,-0.002,-0.457,0.889,0,0.889,0.457,-1,0.001,-0.001],"_shiftlockState":false,"_pose":"Standing","_animationQueue":[],"_animationSpeed":1,"_zoom":12.541},{"_mousePosition":[1205,366],"_rootPartCFrame":[776.023,222.7,47.142,0.003,0,1,0,1,0,-1,0,0.003],"_humanoidState":8,"_cameraCFrame":[787.177,229.932,47.124,-0.002,-0.457,0.889,0,0.889,0.457,-1,0.001,-0.001],"_shiftlockState":false,"_pose":"Standing","_animationQueue":[],"_animationSpeed":1,"_zoom":12.541},{"_mousePosition":[1205,366],"_rootPartCFrame":[776.023,222.7,47.142,0.003,0,1,0,1,0,-1,0,0.003],"_humanoidState":8,"_cameraCFrame":[787.177,229.932,47.124,-0.002,-0.457,0.889,0,0.889,0.457,-1,0.001,-0.001],"_shiftlockState":false,"_pose":"Standing","_animationQueue":[],"_animationSpeed":1,"_zoom":12.541},{"_mousePosition":[1205,366],"_rootPartCFrame":[776.023,222.7,47.142,0.003,0,1,0,1,0,-1,0,0.003],"_humanoidState":8,"_cameraCFrame":[787.177,229.932,47.124,-0.002,-0.457,0.889,0,0.889,0.457,-1,0.001,-0.001],"_shiftlockState":false,"_pose":"Standing","_animationQueue":[],"_animationSpeed":1,"_zoom":12.541},{"_mousePosition":[1205,366],"_rootPartCFrame":[776.023,222.7,47.142,0.003,0,1,0,1,0,-1,0,0.003],"_humanoidState":8,"_cameraCFrame":[787.177,229.932,47.124,-0.002,-0.457,0.889,0,0.889,0.457,-1,0.001,-0.001],"_shiftlockState":false,"_pose":"Standing","_animationQueue":[],"_animationSpeed":1,"_zoom":12.541},{"_mousePosition":[1205,366],"_rootPartCFrame":[776.023,222.7,47.142,0.003,0,1,0,1,0,-1,0,0.003],"_humanoidState":8,"_cameraCFrame":[787.177,229.932,47.124,-0.002,-0.457,0.889,0,0.889,0.457,-1,0.001,-0.001],"_shiftlockState":false,"_pose":"Standing","_animationQueue":[],"_animationSpeed":1,"_zoom":12.541},{"_mousePosition":[1205,366],"_rootPartCFrame":[776.023,222.7,47.142,0.003,0,1,0,1,0,-1,0,0.003],"_humanoidState":8,"_cameraCFrame":[787.177,229.932,47.124,-0.002,-0.457,0.889,0,0.889,0.457,-1,0.001,-0.001],"_shiftlockState":false,"_pose":"Standing","_animationQueue":[],"_animationSpeed":1,"_zoom":12.541},{"_mousePosition":[1205,366],"_rootPartCFrame":[776.023,222.7,47.142,0.003,0,1,0,1,0,-1,0,0.003],"_humanoidState":8,"_cameraCFrame":[787.177,229.932,47.124,-0.002,-0.457,0.889,0,0.889,0.457,-1,0.001,-0.001],"_shiftlockState":false,"_pose":"Standing","_animationQueue":[],"_animationSpeed":1,"_zoom":12.541},{"_mousePosition":[1205,366],"_rootPartCFrame":[776.023,222.7,47.142,0.003,0,1,0,1,0,-1,0,0.003],"_humanoidState":8,"_cameraCFrame":[787.177,229.932,47.124,-0.002,-0.457,0.889,0,0.889,0.457,-1,0.001,-0.001],"_shiftlockState":false,"_pose":"Standing","_animationQueue":[],"_animationSpeed":1,"_zoom":12.541},{"_mousePosition":[1205,366],"_rootPartCFrame":[776.023,222.7,47.142,0.003,0,1,0,1,0,-1,0,0.003],"_humanoidState":8,"_cameraCFrame":[787.177,229.932,47.124,-0.002,-0.457,0.889,0,0.889,0.457,-1,0.001,-0.001],"_shiftlockState":false,"_pose":"Standing","_animationQueue":[],"_animationSpeed":1,"_zoom":12.541},{"_mousePosition":[1205,366],"_rootPartCFrame":[776.023,222.7,47.142,0.003,0,1,0,1,0,-1,0,0.003],"_humanoidState":8,"_cameraCFrame":[787.177,229.932,47.124,-0.002,-0.457,0.889,0,0.889,0.457,-1,0.001,-0.001],"_shiftlockState":false,"_pose":"Standing","_animationQueue":[],"_animationSpeed":1,"_zoom":12.541},{"_mousePosition":[1205,366],"_rootPartCFrame":[776.023,222.7,47.142,0.003,0,1,0,1,0,-1,0,0.003],"_humanoidState":8,"_cameraCFrame":[787.177,229.932,47.124,-0.002,-0.457,0.889,0,0.889,0.457,-1,0.001,-0.001],"_shiftlockState":false,"_pose":"Standing","_animationQueue":[],"_animationSpeed":1,"_zoom":12.541},{"_mousePosition":[1205,366],"_rootPartCFrame":[776.023,222.7,47.142,0.003,0,1,0,1,0,-1,0,0.003],"_humanoidState":8,"_cameraCFrame":[787.177,229.932,47.124,-0.002,-0.457,0.889,0,0.889,0.457,-1,0.001,-0.001],"_shiftlockState":false,"_pose":"Standing","_animationQueue":[],"_animationSpeed":1,"_zoom":12.541},{"_mousePosition":[1205,366],"_rootPartCFrame":[776.023,222.7,47.142,0.003,0,1,0,1,0,-1,0,0.003],"_humanoidState":8,"_cameraCFrame":[787.177,229.932,47.124,-0.002,-0.457,0.889,0,0.889,0.457,-1,0.001,-0.001],"_shiftlockState":false,"_pose":"Standing","_animationQueue":[],"_animationSpeed":1,"_zoom":12.541},{"_mousePosition":[1205,366],"_rootPartCFrame":[776.023,222.7,47.142,0.003,0,1,0,1,0,-1,0,0.003],"_humanoidState":8,"_cameraCFrame":[787.177,229.932,47.124,-0.002,-0.457,0.889,0,0.889,0.457,-1,0.001,-0.001],"_shiftlockState":false,"_pose":"Standing","_animationQueue":[],"_animationSpeed":1,"_zoom":12.541},{"_mousePosition":[1205,366],"_rootPartCFrame":[776.023,222.7,47.142,0.003,0,1,0,1,0,-1,0,0.003],"_humanoidState":8,"_cameraCFrame":[787.177,229.932,47.124,-0.002,-0.457,0.889,0,0.889,0.457,-1,0.001,-0.001],"_shiftlockState":false,"_pose":"Standing","_animationQueue":[],"_animationSpeed":1,"_zoom":12.541},{"_mousePosition":[1205,366],"_rootPartCFrame":[776.023,222.7,47.142,0.003,0,1,0,1,0,-1,0,0.003],"_humanoidState":8,"_cameraCFrame":[787.177,229.932,47.124,-0.002,-0.457,0.889,0,0.889,0.457,-1,0.001,-0.001],"_shiftlockState":false,"_pose":"Standing","_animationQueue":[],"_animationSpeed":1,"_zoom":12.541},{"_mousePosition":[1205,366],"_rootPartCFrame":[776.023,222.7,47.142,0.003,0,1,0,1,0,-1,0,0.003],"_humanoidState":8,"_cameraCFrame":[787.177,229.932,47.124,-0.002,-0.457,0.889,0,0.889,0.457,-1,0.001,-0.001],"_shiftlockState":false,"_pose":"Standing","_animationQueue":[],"_animationSpeed":1,"_zoom":12.541},{"_mousePosition":[1205,366],"_rootPartCFrame":[776.023,222.7,47.142,0.003,0,1,0,1,0,-1,0,0.003],"_humanoidState":8,"_cameraCFrame":[787.177,229.932,47.124,-0.002,-0.457,0.889,0,0.889,0.457,-1,0.001,-0.001],"_shiftlockState":false,"_pose":"Standing","_animationQueue":[],"_animationSpeed":1,"_zoom":12.541},{"_mousePosition":[1205,366],"_rootPartCFrame":[776.023,222.7,47.142,0.003,0,1,0,1,0,-1,0,0.003],"_humanoidState":8,"_cameraCFrame":[787.177,229.932,47.124,-0.002,-0.457,0.889,0,0.889,0.457,-1,0.001,-0.001],"_shiftlockState":false,"_pose":"Standing","_animationQueue":[],"_animationSpeed":1,"_zoom":12.541},{"_mousePosition":[1205,366],"_rootPartCFrame":[776.023,222.7,47.142,0.003,0,1,0,1,0,-1,0,0.003],"_humanoidState":8,"_cameraCFrame":[787.177,229.932,47.124,-0.002,-0.457,0.889,0,0.889,0.457,-1,0.001,-0.001],"_shiftlockState":false,"_pose":"Standing","_animationQueue":[],"_animationSpeed":1,"_zoom":12.541},{"_mousePosition":[1205,366],"_rootPartCFrame":[776.023,222.7,47.142,0.003,0,1,0,1,0,-1,0,0.003],"_humanoidState":8,"_cameraCFrame":[787.177,229.932,47.124,-0.002,-0.457,0.889,0,0.889,0.457,-1,0.001,-0.001],"_shiftlockState":false,"_pose":"Standing","_animationQueue":[],"_animationSpeed":1,"_zoom":12.541},{"_mousePosition":[1205,366],"_rootPartCFrame":[776.023,222.7,47.142,0.003,0,1,0,1,0,-1,0,0.003],"_humanoidState":8,"_cameraCFrame":[787.177,229.932,47.124,-0.002,-0.457,0.889,0,0.889,0.457,-1,0.001,-0.001],"_shiftlockState":false,"_pose":"Standing","_animationQueue":[],"_animationSpeed":1,"_zoom":12.541},{"_mousePosition":[1205,366],"_rootPartCFrame":[776.023,222.7,47.142,0.003,0,1,0,1,0,-1,0,0.003],"_humanoidState":8,"_cameraCFrame":[787.177,229.932,47.124,-0.002,-0.457,0.889,0,0.889,0.457,-1,0.001,-0.001],"_shiftlockState":false,"_pose":"Standing","_animationQueue":[],"_animationSpeed":1,"_zoom":12.541},{"_mousePosition":[1205,366],"_rootPartCFrame":[776.023,222.7,47.142,0.003,0,1,0,1,0,-1,0,0.003],"_humanoidState":8,"_cameraCFrame":[787.177,229.932,47.124,-0.002,-0.457,0.889,0,0.889,0.457,-1,0.001,-0.001],"_shiftlockState":false,"_pose":"Standing","_animationQueue":[],"_animationSpeed":1,"_zoom":12.541},{"_mousePosition":[1205,366],"_rootPartCFrame":[776.023,222.7,47.142,0.003,0,1,0,1,0,-1,0,0.003],"_humanoidState":8,"_cameraCFrame":[787.177,229.932,47.124,-0.002,-0.457,0.889,0,0.889,0.457,-1,0.001,-0.001],"_shiftlockState":false,"_pose":"Standing","_animationQueue":[],"_animationSpeed":1,"_zoom":12.541},{"_mousePosition":[1205,366],"_rootPartCFrame":[776.023,222.7,47.142,0.003,0,1,0,1,0,-1,0,0.003],"_humanoidState":8,"_cameraCFrame":[787.177,229.932,47.124,-0.002,-0.457,0.889,0,0.889,0.457,-1,0.001,-0.001],"_shiftlockState":false,"_pose":"Standing","_animationQueue":[],"_animationSpeed":1,"_zoom":12.541},{"_mousePosition":[1205,366],"_rootPartCFrame":[776.023,222.7,47.142,0.003,0,1,0,1,0,-1,0,0.003],"_humanoidState":8,"_cameraCFrame":[787.177,229.932,47.124,-0.002,-0.457,0.889,0,0.889,0.457,-1,0.001,-0.001],"_shiftlockState":false,"_pose":"Standing","_animationQueue":[],"_animationSpeed":1,"_zoom":12.541},{"_mousePosition":[1205,366],"_rootPartCFrame":[776.023,222.7,47.142,0.003,0,1,0,1,0,-1,0,0.003],"_humanoidState":8,"_cameraCFrame":[787.177,229.932,47.124,-0.002,-0.457,0.889,0,0.889,0.457,-1,0.001,-0.001],"_shiftlockState":false,"_pose":"Standing","_animationQueue":[],"_animationSpeed":1,"_zoom":12.541},{"_mousePosition":[1205,366],"_rootPartCFrame":[776.023,222.7,47.142,0.003,0,1,0,1,0,-1,0,0.003],"_humanoidState":8,"_cameraCFrame":[787.177,229.932,47.124,-0.002,-0.457,0.889,0,0.889,0.457,-1,0.001,-0.001],"_shiftlockState":false,"_pose":"Standing","_animationQueue":[],"_animationSpeed":1,"_zoom":12.541},{"_mousePosition":[1205,366],"_rootPartCFrame":[776.023,222.7,47.142,0.003,0,1,0,1,0,-1,0,0.003],"_humanoidState":8,"_cameraCFrame":[787.177,229.932,47.124,-0.002,-0.457,0.889,0,0.889,0.457,-1,0.001,-0.001],"_shiftlockState":false,"_pose":"Standing","_animationQueue":[],"_animationSpeed":1,"_zoom":12.541},{"_mousePosition":[1205,366],"_rootPartCFrame":[776.023,222.7,47.142,0.003,0,1,0,1,0,-1,0,0.003],"_humanoidState":8,"_cameraCFrame":[787.177,229.932,47.124,-0.002,-0.457,0.889,0,0.889,0.457,-1,0.001,-0.001],"_shiftlockState":false,"_pose":"Standing","_animationQueue":[],"_animationSpeed":1,"_zoom":12.541},{"_mousePosition":[1205,366],"_rootPartCFrame":[776.023,222.7,47.142,0.003,0,1,0,1,0,-1,0,0.003],"_humanoidState":8,"_cameraCFrame":[787.177,229.932,47.124,-0.002,-0.457,0.889,0,0.889,0.457,-1,0.001,-0.001],"_shiftlockState":false,"_pose":"Standing","_animationQueue":[],"_animationSpeed":1,"_zoom":12.541},{"_mousePosition":[1205,366],"_rootPartCFrame":[776.023,222.7,47.142,0.003,0,1,0,1,0,-1,0,0.003],"_humanoidState":8,"_cameraCFrame":[787.177,229.932,47.124,-0.002,-0.457,0.889,0,0.889,0.457,-1,0.001,-0.001],"_shiftlockState":false,"_pose":"Standing","_animationQueue":[],"_animationSpeed":1,"_zoom":12.541},{"_mousePosition":[1205,366],"_rootPartCFrame":[776.023,222.7,47.142,0.003,0,1,0,1,0,-1,0,0.003],"_humanoidState":8,"_cameraCFrame":[787.177,229.932,47.124,-0.002,-0.457,0.889,0,0.889,0.457,-1,0.001,-0.001],"_shiftlockState":false,"_pose":"Standing","_animationQueue":[],"_animationSpeed":1,"_zoom":12.541},{"_mousePosition":[1205,366],"_rootPartCFrame":[776.023,222.7,47.142,0.003,0,1,0,1,0,-1,0,0.003],"_humanoidState":8,"_cameraCFrame":[787.177,229.932,47.124,-0.002,-0.457,0.889,0,0.889,0.457,-1,0.001,-0.001],"_shiftlockState":false,"_pose":"Standing","_animationQueue":[],"_animationSpeed":1,"_zoom":12.541},{"_mousePosition":[1205,366],"_rootPartCFrame":[776.023,222.7,47.142,0.003,0,1,0,1,0,-1,0,0.003],"_humanoidState":8,"_cameraCFrame":[787.177,229.932,47.124,-0.002,-0.457,0.889,0,0.889,0.457,-1,0.001,-0.001],"_shiftlockState":false,"_pose":"Standing","_animationQueue":[],"_animationSpeed":1,"_zoom":12.541},{"_mousePosition":[1205,366],"_rootPartCFrame":[776.023,222.7,47.142,0.003,0,1,0,1,0,-1,0,0.003],"_humanoidState":8,"_cameraCFrame":[787.177,229.932,47.124,-0.002,-0.457,0.889,0,0.889,0.457,-1,0.001,-0.001],"_shiftlockState":false,"_pose":"Standing","_animationQueue":[["idle",0]],"_animationSpeed":1,"_zoom":12.541},{"_mousePosition":[1205,366],"_rootPartCFrame":[776.023,222.7,47.142,0.003,0,1,0,1,0,-1,0,0.003],"_humanoidState":8,"_cameraCFrame":[787.177,229.932,47.124,-0.002,-0.457,0.889,0,0.889,0.457,-1,0.001,-0.001],"_shiftlockState":false,"_pose":"Standing","_animationQueue":[],"_animationSpeed":1,"_zoom":12.541},{"_mousePosition":[1205,366],"_rootPartCFrame":[776.023,222.7,47.142,0.003,0,1,0,1,0,-1,0,0.003],"_humanoidState":8,"_cameraCFrame":[787.177,229.932,47.124,-0.002,-0.457,0.889,0,0.889,0.457,-1,0.001,-0.001],"_shiftlockState":false,"_pose":"Standing","_animationQueue":[],"_animationSpeed":1,"_zoom":12.541},{"_mousePosition":[1205,366],"_rootPartCFrame":[776.023,222.7,47.142,0.003,0,1,0,1,0,-1,0,0.003],"_humanoidState":8,"_cameraCFrame":[787.177,229.932,47.124,-0.002,-0.457,0.889,0,0.889,0.457,-1,0.001,-0.001],"_shiftlockState":false,"_pose":"Standing","_animationQueue":[],"_animationSpeed":1,"_zoom":12.541},{"_mousePosition":[1205,366],"_rootPartCFrame":[776.023,222.7,47.142,0.003,0,1,0,1,0,-1,0,0.003],"_humanoidState":8,"_cameraCFrame":[787.177,229.932,47.124,-0.002,-0.457,0.889,0,0.889,0.457,-1,0.001,-0.001],"_shiftlockState":false,"_pose":"Standing","_animationQueue":[],"_animationSpeed":1,"_zoom":12.541},{"_mousePosition":[1205,366],"_rootPartCFrame":[776.023,222.7,47.142,0.003,0,1,0,1,0,-1,0,0.003],"_humanoidState":8,"_cameraCFrame":[787.177,229.932,47.124,-0.002,-0.457,0.889,0,0.889,0.457,-1,0.001,-0.001],"_shiftlockState":false,"_pose":"Standing","_animationQueue":[],"_animationSpeed":1,"_zoom":12.541},{"_mousePosition":[1205,366],"_rootPartCFrame":[776.023,222.7,47.142,0.003,0,1,0,1,0,-1,0,0.003],"_humanoidState":8,"_cameraCFrame":[787.177,229.932,47.124,-0.002,-0.457,0.889,0,0.889,0.457,-1,0.001,-0.001],"_shiftlockState":false,"_pose":"Standing","_animationQueue":[],"_animationSpeed":1,"_zoom":12.541},{"_mousePosition":[1205,366],"_rootPartCFrame":[776.023,222.7,47.142,0.003,0,1,0,1,0,-1,0,0.003],"_humanoidState":8,"_cameraCFrame":[787.177,229.932,47.124,-0.002,-0.457,0.889,0,0.889,0.457,-1,0.001,-0.001],"_shiftlockState":false,"_pose":"Standing","_animationQueue":[],"_animationSpeed":1,"_zoom":12.541},{"_mousePosition":[1205,366],"_rootPartCFrame":[776.023,222.7,47.142,0.003,0,1,0,1,0,-1,0,0.003],"_humanoidState":8,"_cameraCFrame":[787.177,229.932,47.124,-0.002,-0.457,0.889,0,0.889,0.457,-1,0.001,-0.001],"_shiftlockState":false,"_pose":"Standing","_animationQueue":[],"_animationSpeed":1,"_zoom":12.541},{"_mousePosition":[1205,366],"_rootPartCFrame":[776.023,222.7,47.142,0.003,0,1,0,1,0,-1,0,0.003],"_humanoidState":8,"_cameraCFrame":[787.177,229.932,47.124,-0.002,-0.457,0.889,0,0.889,0.457,-1,0.001,-0.001],"_shiftlockState":false,"_pose":"Standing","_animationQueue":[],"_animationSpeed":1,"_zoom":12.541},{"_mousePosition":[1205,366],"_rootPartCFrame":[776.023,222.7,47.142,0.003,0,1,0,1,0,-1,0,0.003],"_humanoidState":8,"_cameraCFrame":[787.177,229.932,47.124,-0.002,-0.457,0.889,0,0.889,0.457,-1,0.001,-0.001],"_shiftlockState":false,"_pose":"Standing","_animationQueue":[],"_animationSpeed":1,"_zoom":12.541},{"_mousePosition":[1205,366],"_rootPartCFrame":[776.023,222.7,47.142,0.003,0,1,0,1,0,-1,0,0.003],"_humanoidState":8,"_cameraCFrame":[787.177,229.932,47.124,-0.002,-0.457,0.889,0,0.889,0.457,-1,0.001,-0.001],"_shiftlockState":false,"_pose":"Standing","_animationQueue":[],"_animationSpeed":1,"_zoom":12.541},{"_mousePosition":[1205,366],"_rootPartCFrame":[776.023,222.7,47.142,0.003,0,1,0,1,0,-1,0,0.003],"_humanoidState":8,"_cameraCFrame":[787.177,229.932,47.124,-0.002,-0.457,0.889,0,0.889,0.457,-1,0.001,-0.001],"_shiftlockState":false,"_pose":"Standing","_animationQueue":[],"_animationSpeed":1,"_zoom":12.541},{"_mousePosition":[1205,366],"_rootPartCFrame":[776.023,222.7,47.142,0.003,0,1,0,1,0,-1,0,0.003],"_humanoidState":8,"_cameraCFrame":[787.177,229.932,47.124,-0.002,-0.457,0.889,0,0.889,0.457,-1,0.001,-0.001],"_shiftlockState":false,"_pose":"Standing","_animationQueue":[],"_animationSpeed":1,"_zoom":12.541},{"_mousePosition":[1205,366],"_rootPartCFrame":[776.023,222.7,47.142,0.003,0,1,0,1,0,-1,0,0.003],"_humanoidState":8,"_cameraCFrame":[787.177,229.932,47.124,-0.002,-0.457,0.889,0,0.889,0.457,-1,0.001,-0.001],"_shiftlockState":false,"_pose":"Standing","_animationQueue":[],"_animationSpeed":1,"_zoom":12.541},{"_mousePosition":[1205,366],"_rootPartCFrame":[776.023,222.7,47.142,0.003,0,1,0,1,0,-1,0,0.003],"_humanoidState":8,"_cameraCFrame":[787.177,229.932,47.124,-0.002,-0.457,0.889,0,0.889,0.457,-1,0.001,-0.001],"_shiftlockState":false,"_pose":"Standing","_animationQueue":[],"_animationSpeed":1,"_zoom":12.541},{"_mousePosition":[1205,366],"_rootPartCFrame":[776.023,222.7,47.142,0.003,0,1,0,1,0,-1,0,0.003],"_humanoidState":8,"_cameraCFrame":[787.177,229.932,47.124,-0.002,-0.457,0.889,0,0.889,0.457,-1,0.001,-0.001],"_shiftlockState":false,"_pose":"Standing","_animationQueue":[],"_animationSpeed":1,"_zoom":12.541},{"_mousePosition":[1205,366],"_rootPartCFrame":[776.023,222.7,47.142,0.003,0,1,0,1,0,-1,0,0.003],"_humanoidState":8,"_cameraCFrame":[787.177,229.932,47.124,-0.002,-0.457,0.889,0,0.889,0.457,-1,0.001,-0.001],"_shiftlockState":false,"_pose":"Standing","_animationQueue":[],"_animationSpeed":1,"_zoom":12.541},{"_mousePosition":[1205,366],"_rootPartCFrame":[776.023,222.7,47.142,0.003,0,1,0,1,0,-1,0,0.003],"_humanoidState":8,"_cameraCFrame":[787.177,229.932,47.124,-0.002,-0.457,0.889,0,0.889,0.457,-1,0.001,-0.001],"_shiftlockState":false,"_pose":"Standing","_animationQueue":[],"_animationSpeed":1,"_zoom":12.541},{"_mousePosition":[1205,366],"_rootPartCFrame":[776.023,222.7,47.142,0.003,0,1,0,1,0,-1,0,0.003],"_humanoidState":8,"_cameraCFrame":[787.177,229.932,47.124,-0.002,-0.457,0.889,0,0.889,0.457,-1,0.001,-0.001],"_shiftlockState":false,"_pose":"Standing","_animationQueue":[],"_animationSpeed":1,"_zoom":12.541},{"_mousePosition":[1205,366],"_rootPartCFrame":[776.023,222.7,47.142,0.003,0,1,0,1,0,-1,0,0.003],"_humanoidState":8,"_cameraCFrame":[787.177,229.932,47.124,-0.002,-0.457,0.889,0,0.889,0.457,-1,0.001,-0.001],"_shiftlockState":false,"_pose":"Standing","_animationQueue":[],"_animationSpeed":1,"_zoom":12.541},{"_mousePosition":[1205,366],"_rootPartCFrame":[776.023,222.7,47.142,0.003,0,1,0,1,0,-1,0,0.003],"_humanoidState":8,"_cameraCFrame":[787.177,229.932,47.124,-0.002,-0.457,0.889,0,0.889,0.457,-1,0.001,-0.001],"_shiftlockState":false,"_pose":"Standing","_animationQueue":[],"_animationSpeed":1,"_zoom":12.541},{"_mousePosition":[1205,366],"_rootPartCFrame":[776.023,222.7,47.142,0.003,0,1,0,1,0,-1,0,0.003],"_humanoidState":8,"_cameraCFrame":[787.177,229.932,47.124,-0.002,-0.457,0.889,0,0.889,0.457,-1,0.001,-0.001],"_shiftlockState":false,"_pose":"Standing","_animationQueue":[],"_animationSpeed":1,"_zoom":12.541},{"_mousePosition":[1205,366],"_rootPartCFrame":[776.023,222.7,47.142,0.003,0,1,0,1,0,-1,0,0.003],"_humanoidState":8,"_cameraCFrame":[787.177,229.932,47.124,-0.002,-0.457,0.889,0,0.889,0.457,-1,0.001,-0.001],"_shiftlockState":false,"_pose":"Standing","_animationQueue":[],"_animationSpeed":1,"_zoom":12.541},{"_mousePosition":[1205,366],"_rootPartCFrame":[776.023,222.7,47.142,0.003,0,1,0,1,0,-1,0,0.003],"_humanoidState":8,"_cameraCFrame":[787.177,229.932,47.124,-0.002,-0.457,0.889,0,0.889,0.457,-1,0.001,-0.001],"_shiftlockState":false,"_pose":"Standing","_animationQueue":[],"_animationSpeed":1,"_zoom":12.541},{"_mousePosition":[1205,366],"_rootPartCFrame":[776.023,222.7,47.142,0.003,0,1,0,1,0,-1,0,0.003],"_humanoidState":8,"_cameraCFrame":[787.177,229.932,47.124,-0.002,-0.457,0.889,0,0.889,0.457,-1,0.001,-0.001],"_shiftlockState":false,"_pose":"Standing","_animationQueue":[],"_animationSpeed":1,"_zoom":12.541},{"_mousePosition":[1205,366],"_rootPartCFrame":[776.023,222.7,47.142,0.003,0,1,0,1,0,-1,0,0.003],"_humanoidState":8,"_cameraCFrame":[787.177,229.932,47.124,-0.002,-0.457,0.889,0,0.889,0.457,-1,0.001,-0.001],"_shiftlockState":false,"_pose":"Standing","_animationQueue":[],"_animationSpeed":1,"_zoom":12.541},{"_mousePosition":[1205,366],"_rootPartCFrame":[776.023,222.7,47.142,0.003,0,1,0,1,0,-1,0,0.003],"_humanoidState":8,"_cameraCFrame":[787.177,229.932,47.124,-0.002,-0.457,0.889,0,0.889,0.457,-1,0.001,-0.001],"_shiftlockState":false,"_pose":"Standing","_animationQueue":[],"_animationSpeed":1,"_zoom":12.541},{"_mousePosition":[1205,366],"_rootPartCFrame":[776.023,222.7,47.142,0.003,0,1,0,1,0,-1,0,0.003],"_humanoidState":8,"_cameraCFrame":[787.177,229.932,47.124,-0.002,-0.457,0.889,0,0.889,0.457,-1,0.001,-0.001],"_shiftlockState":false,"_pose":"Standing","_animationQueue":[],"_animationSpeed":1,"_zoom":12.541},{"_mousePosition":[1205,366],"_rootPartCFrame":[776.023,222.7,47.142,0.003,0,1,0,1,0,-1,0,0.003],"_humanoidState":8,"_cameraCFrame":[787.177,229.932,47.124,-0.002,-0.457,0.889,0,0.889,0.457,-1,0.001,-0.001],"_shiftlockState":false,"_pose":"Standing","_animationQueue":[],"_animationSpeed":1,"_zoom":12.541},{"_mousePosition":[1205,366],"_rootPartCFrame":[776.023,222.7,47.142,0.003,0,1,0,1,0,-1,0,0.003],"_humanoidState":8,"_cameraCFrame":[787.177,229.932,47.124,-0.002,-0.457,0.889,0,0.889,0.457,-1,0.001,-0.001],"_shiftlockState":false,"_pose":"Standing","_animationQueue":[],"_animationSpeed":1,"_zoom":12.541},{"_mousePosition":[1205,366],"_rootPartCFrame":[776.023,222.7,47.142,0.003,0,1,0,1,0,-1,0,0.003],"_humanoidState":8,"_cameraCFrame":[787.177,229.932,47.124,-0.002,-0.457,0.889,0,0.889,0.457,-1,0.001,-0.001],"_shiftlockState":false,"_pose":"Standing","_animationQueue":[],"_animationSpeed":1,"_zoom":12.541},{"_mousePosition":[1205,366],"_rootPartCFrame":[776.023,222.7,47.142,0.003,0,1,0,1,0,-1,0,0.003],"_humanoidState":8,"_cameraCFrame":[787.177,229.932,47.124,-0.002,-0.457,0.889,0,0.889,0.457,-1,0.001,-0.001],"_shiftlockState":false,"_pose":"Standing","_animationQueue":[],"_animationSpeed":1,"_zoom":12.541},{"_mousePosition":[1205,366],"_rootPartCFrame":[776.023,222.7,47.142,0.003,0,1,0,1,0,-1,0,0.003],"_humanoidState":8,"_cameraCFrame":[787.177,229.932,47.124,-0.002,-0.457,0.889,0,0.889,0.457,-1,0.001,-0.001],"_shiftlockState":false,"_pose":"Standing","_animationQueue":[],"_animationSpeed":1,"_zoom":12.541},{"_mousePosition":[1205,366],"_rootPartCFrame":[776.023,222.7,47.142,0.003,0,1,0,1,0,-1,0,0.003],"_humanoidState":8,"_cameraCFrame":[787.177,229.932,47.124,-0.002,-0.457,0.889,0,0.889,0.457,-1,0.001,-0.001],"_shiftlockState":false,"_pose":"Standing","_animationQueue":[],"_animationSpeed":1,"_zoom":12.541},{"_mousePosition":[1205,366],"_rootPartCFrame":[776.023,222.7,47.142,0.003,0,1,0,1,0,-1,0,0.003],"_humanoidState":8,"_cameraCFrame":[787.177,229.932,47.124,-0.002,-0.457,0.889,0,0.889,0.457,-1,0.001,-0.001],"_shiftlockState":false,"_pose":"Standing","_animationQueue":[],"_animationSpeed":1,"_zoom":12.541},{"_mousePosition":[1205,366],"_rootPartCFrame":[776.023,222.7,47.142,0.003,0,1,0,1,0,-1,0,0.003],"_humanoidState":8,"_cameraCFrame":[787.177,229.932,47.124,-0.002,-0.457,0.889,0,0.889,0.457,-1,0.001,-0.001],"_shiftlockState":false,"_pose":"Standing","_animationQueue":[],"_animationSpeed":1,"_zoom":12.541},{"_mousePosition":[1205,366],"_rootPartCFrame":[776.023,222.7,47.142,0.003,0,1,0,1,0,-1,0,0.003],"_humanoidState":8,"_cameraCFrame":[787.177,229.932,47.124,-0.002,-0.457,0.889,0,0.889,0.457,-1,0.001,-0.001],"_shiftlockState":false,"_pose":"Standing","_animationQueue":[],"_animationSpeed":1,"_zoom":12.541},{"_mousePosition":[1205,366],"_rootPartCFrame":[776.023,222.7,47.142,0.003,0,1,0,1,0,-1,0,0.003],"_humanoidState":8,"_cameraCFrame":[787.177,229.932,47.124,-0.002,-0.457,0.889,0,0.889,0.457,-1,0.001,-0.001],"_shiftlockState":false,"_pose":"Standing","_animationQueue":[],"_animationSpeed":1,"_zoom":12.541},{"_mousePosition":[1205,366],"_rootPartCFrame":[776.023,222.7,47.142,0.003,0,1,0,1,0,-1,0,0.003],"_humanoidState":8,"_cameraCFrame":[787.177,229.932,47.124,-0.002,-0.457,0.889,0,0.889,0.457,-1,0.001,-0.001],"_shiftlockState":false,"_pose":"Standing","_animationQueue":[],"_animationSpeed":1,"_zoom":12.541},{"_mousePosition":[1205,366],"_rootPartCFrame":[776.023,222.7,47.142,0.003,0,1,0,1,0,-1,0,0.003],"_humanoidState":8,"_cameraCFrame":[787.177,229.932,47.124,-0.002,-0.457,0.889,0,0.889,0.457,-1,0.001,-0.001],"_shiftlockState":false,"_pose":"Standing","_animationQueue":[],"_animationSpeed":1,"_zoom":12.541},{"_mousePosition":[1205,366],"_rootPartCFrame":[776.023,222.7,47.142,0.003,0,1,0,1,0,-1,0,0.003],"_humanoidState":8,"_cameraCFrame":[787.177,229.932,47.124,-0.002,-0.457,0.889,0,0.889,0.457,-1,0.001,-0.001],"_shiftlockState":false,"_pose":"Standing","_animationQueue":[],"_animationSpeed":1,"_zoom":12.541},{"_mousePosition":[1205,366],"_rootPartCFrame":[776.023,222.7,47.142,0.003,0,1,0,1,0,-1,0,0.003],"_humanoidState":8,"_cameraCFrame":[787.177,229.932,47.124,-0.002,-0.457,0.889,0,0.889,0.457,-1,0.001,-0.001],"_shiftlockState":false,"_pose":"Standing","_animationQueue":[],"_animationSpeed":1,"_zoom":12.541},{"_mousePosition":[1205,366],"_rootPartCFrame":[776.023,222.7,47.142,0.003,0,1,0,1,0,-1,0,0.003],"_humanoidState":8,"_cameraCFrame":[787.177,229.932,47.124,-0.002,-0.457,0.889,0,0.889,0.457,-1,0.001,-0.001],"_shiftlockState":false,"_pose":"Standing","_animationQueue":[],"_animationSpeed":1,"_zoom":12.541},{"_mousePosition":[1205,366],"_rootPartCFrame":[776.023,222.7,47.142,0.003,0,1,0,1,0,-1,0,0.003],"_humanoidState":8,"_cameraCFrame":[787.177,229.932,47.124,-0.002,-0.457,0.889,0,0.889,0.457,-1,0.001,-0.001],"_shiftlockState":false,"_pose":"Standing","_animationQueue":[],"_animationSpeed":1,"_zoom":12.541},{"_mousePosition":[1205,366],"_rootPartCFrame":[776.023,222.7,47.142,0.003,0,1,0,1,0,-1,0,0.003],"_humanoidState":8,"_cameraCFrame":[787.177,229.932,47.124,-0.002,-0.457,0.889,0,0.889,0.457,-1,0.001,-0.001],"_shiftlockState":false,"_pose":"Standing","_animationQueue":[],"_animationSpeed":1,"_zoom":12.541},{"_mousePosition":[1205,366],"_rootPartCFrame":[776.023,222.7,47.142,0.003,0,1,0,1,0,-1,0,0.003],"_humanoidState":8,"_cameraCFrame":[787.177,229.932,47.124,-0.002,-0.457,0.889,0,0.889,0.457,-1,0.001,-0.001],"_shiftlockState":false,"_pose":"Standing","_animationQueue":[],"_animationSpeed":1,"_zoom":12.541},{"_mousePosition":[1205,366],"_rootPartCFrame":[776.023,222.7,47.142,0.003,0,1,0,1,0,-1,0,0.003],"_humanoidState":8,"_cameraCFrame":[787.177,229.932,47.124,-0.002,-0.457,0.889,0,0.889,0.457,-1,0.001,-0.001],"_shiftlockState":false,"_pose":"Standing","_animationQueue":[],"_animationSpeed":1,"_zoom":12.541},{"_mousePosition":[1205,366],"_rootPartCFrame":[776.023,222.7,47.142,0.003,0,1,0,1,0,-1,0,0.003],"_humanoidState":8,"_cameraCFrame":[787.177,229.932,47.124,-0.002,-0.457,0.889,0,0.889,0.457,-1,0.001,-0.001],"_shiftlockState":false,"_pose":"Standing","_animationQueue":[],"_animationSpeed":1,"_zoom":12.541},{"_mousePosition":[1205,366],"_rootPartCFrame":[776.023,222.7,47.142,0.003,0,1,0,1,0,-1,0,0.003],"_humanoidState":8,"_cameraCFrame":[787.177,229.932,47.124,-0.002,-0.457,0.889,0,0.889,0.457,-1,0.001,-0.001],"_shiftlockState":false,"_pose":"Standing","_animationQueue":[],"_animationSpeed":1,"_zoom":12.541},{"_mousePosition":[1205,366],"_rootPartCFrame":[776.023,222.7,47.142,0.003,0,1,0,1,0,-1,0,0.003],"_humanoidState":8,"_cameraCFrame":[787.177,229.932,47.124,-0.002,-0.457,0.889,0,0.889,0.457,-1,0.001,-0.001],"_shiftlockState":false,"_pose":"Standing","_animationQueue":[],"_animationSpeed":1,"_zoom":12.541},{"_mousePosition":[1205,366],"_rootPartCFrame":[776.023,222.7,47.142,0.003,0,1,0,1,0,-1,0,0.003],"_humanoidState":8,"_cameraCFrame":[787.177,229.932,47.124,-0.002,-0.457,0.889,0,0.889,0.457,-1,0.001,-0.001],"_shiftlockState":false,"_pose":"Standing","_animationQueue":[],"_animationSpeed":1,"_zoom":12.541},{"_mousePosition":[1205,366],"_rootPartCFrame":[776.023,222.7,47.142,0.003,0,1,0,1,0,-1,0,0.003],"_humanoidState":8,"_cameraCFrame":[787.177,229.932,47.124,-0.002,-0.457,0.889,0,0.889,0.457,-1,0.001,-0.001],"_shiftlockState":false,"_pose":"Standing","_animationQueue":[],"_animationSpeed":1,"_zoom":12.541},{"_mousePosition":[1205,366],"_roo