[{"_mousePosition":[1195,377],"_rootPartCFrame":[776.027,222.981,47.142,0.003,0.001,1,0,1,-0.001,-1,0,0.003],"_humanoidState":8,"_cameraCFrame":[777.591,227.599,40.722,-0.972,-0.101,0.214,0,0.904,0.427,-0.237,0.415,-0.879],"_shiftlockState":false,"_pose":"Standing","_animationQueue":[],"_animationSpeed":1,"_zoom":7.306},{"_mousePosition":[1209,383],"_rootPartCFrame":[775.912,222.915,47.114,0.02,0,1,0,1,0,-1,0,0.02],"_humanoidState":8,"_cameraCFrame":[777.476,227.533,40.695,-0.972,-0.101,0.214,0,0.904,0.427,-0.237,0.415,-0.879],"_shiftlockState":false,"_pose":"Standing","_animationQueue":[],"_animationSpeed":1,"_zoom":7.306},{"_mousePosition":[1277,410],"_rootPartCFrame":[775.658,222.771,47.052,0.049,0,0.999,0,1,0,-0.999,0,0.049],"_humanoidState":8,"_cameraCFrame":[777.221,227.39,40.633,-0.972,-0.101,0.214,0,0.904,0.427,-0.237,0.415,-0.879],"_shiftlockState":false,"_pose":"Running","_animationQueue":[["walk",0.1]],"_animationSpeed":0.837,"_zoom":7.306},{"_mousePosition":[1328,428],"_rootPartCFrame":[775.399,222.655,46.989,0.075,0,0.997,0,1,0,-0.997,0,0.075],"_humanoidState":8,"_cameraCFrame":[775.262,227.274,40.156,-0.972,-0.101,0.214,0,0.904,0.427,-0.237,0.415,-0.879],"_shiftlockState":true,"_pose":"Running","_animationQueue":[["walk",0.1]],"_animationSpeed":1.098,"_zoom":7.306},{"_mousePosition":[683,384],"_rootPartCFrame":[775.076,222.662,46.91,-0.987,0,0.16,0,1,0,-0.16,0,-0.987],"_humanoidState":8,"_cameraCFrame":[774.938,227.281,40.077,-0.972,-0.101,0.214,0,0.904,0.427,-0.237,0.415,-0.879],"_shiftlockState":true,"_pose":"Running","_animationQueue":[],"_animationSpeed":1.098,"_zoom":7.306},{"_mousePosition":[683,384],"_rootPartCFrame":[774.881,222.674,46.863,-0.977,0,0.213,0,1,0,-0.213,0,-0.977],"_humanoidState":8,"_cameraCFrame":[775.094,227.399,40.081,-0.958,-0.127,0.259,0,0.897,0.441,-0.288,0.423,-0.859],"_shiftlockState":true,"_pose":"Running","_animationQueue":[["walk",0.1]],"_animationSpeed":1.098,"_zoom":7.306},{"_mousePosition":[683,384],"_rootPartCFrame":[774.557,222.687,46.784,-0.959,0,0.283,0,1,0,-0.283,0,-0.959],"_humanoidState":8,"_cameraCFrame":[774.999,227.491,40.051,-0.947,-0.146,0.287,0,0.892,0.452,-0.322,0.428,-0.844],"_shiftlockState":true,"_pose":"Running","_animationQueue":[],"_animationSpeed":1.098,"_zoom":7.306},{"_mousePosition":[683,384],"_rootPartCFrame":[774.365,222.692,46.729,-0.947,0,0.322,0,1,0,-0.322,0,-0.947],"_humanoidState":8,"_cameraCFrame":[775.017,227.579,40.055,-0.935,-0.164,0.313,0,0.886,0.464,-0.354,0.434,-0.829],"_shiftlockState":true,"_pose":"Running","_animationQueue":[],"_animationSpeed":1.098,"_zoom":7.306},{"_mousePosition":[683,384],"_rootPartCFrame":[774.049,222.696,46.623,-0.935,0,0.353,0,1,0,-0.353,0,-0.935],"_humanoidState":8,"_cameraCFrame":[774.867,227.661,40.007,-0.925,-0.18,0.334,0,0.88,0.474,-0.379,0.439,-0.815],"_shiftlockState":true,"_pose":"Running","_animationQueue":[],"_animationSpeed":1.098,"_zoom":7.306},{"_mousePosition":[683,384],"_rootPartCFrame":[773.862,222.697,46.553,-0.925,0,0.379,0,1,0,-0.379,0,-0.925],"_humanoidState":8,"_cameraCFrame":[774.751,227.715,39.975,-0.921,-0.188,0.342,0,0.876,0.481,-0.39,0.443,-0.807],"_shiftlockState":true,"_pose":"Running","_animationQueue":[],"_animationSpeed":1.098,"_zoom":7.306},{"_mousePosition":[683,384],"_rootPartCFrame":[773.615,222.698,46.453,-0.921,0,0.39,0,1,0,-0.39,0,-0.921],"_humanoidState":8,"_cameraCFrame":[774.534,227.767,39.907,-0.918,-0.194,0.346,0,0.873,0.488,-0.396,0.448,-0.801],"_shiftlockState":true,"_pose":"Running","_animationQueue":[],"_animationSpeed":1.098,"_zoom":7.306},{"_mousePosition":[683,384],"_rootPartCFrame":[773.368,223.572,46.352,-0.918,0,0.396,0,1,0,-0.396,0,-0.918],"_humanoidState":3,"_cameraCFrame":[774.28,228.671,39.822,-0.918,-0.195,0.345,0,0.87,0.493,-0.396,0.452,-0.799],"_shiftlockState":true,"_pose":"Jumping","_animationQueue":[["walk",0.1],["walk",0.1],["jump",0.1]],"_animationSpeed":1,"_zoom":7.306},{"_mousePosition":[683,384],"_rootPartCFrame":[773.123,224.394,46.247,-0.878,0,0.479,0,1,0,-0.479,0,-0.878],"_humanoidState":5,"_cameraCFrame":[773.982,229.549,39.741,-0.921,-0.195,0.338,0,0.866,0.5,-0.39,0.461,-0.797],"_shiftlockState":true,"_pose":"FreeFall","_animationQueue":[["jump",0.1]],"_animationSpeed":1,"_zoom":7.306},{"_mousePosition":[683,384],"_rootPartCFrame":[772.878,225.161,46.142,-0.863,0,0.505,0,1,0,-0.505,0,-0.863],"_humanoidState":5,"_cameraCFrame":[773.605,230.388,39.659,-0.927,-0.191,0.322,0,0.86,0.51,-0.374,0.473,-0.798],"_shiftlockState":true,"_pose":"FreeFall","_animationQueue":[],"_animationSpeed":1,"_zoom":7.306},{"_mousePosition":[683,384],"_rootPartCFrame":[772.633,225.874,46.037,-0.87,0,0.493,0,1,0,-0.493,0,-0.87],"_humanoidState":5,"_cameraCFrame":[773.127,231.177,39.577,-0.939,-0.178,0.293,0,0.854,0.52,-0.343,0.489,-0.802],"_shiftlockState":true,"_pose":"FreeFall","_animationQueue":[],"_animationSpeed":1,"_zoom":7.306},{"_mousePosition":[683,384],"_rootPartCFrame":[772.385,226.533,45.937,-0.886,0,0.464,0,1,0,-0.464,0,-0.886],"_humanoidState":5,"_cameraCFrame":[772.601,231.911,39.506,-0.953,-0.161,0.258,0,0.848,0.531,-0.304,0.506,-0.807],"_shiftlockState":true,"_pose":"FreeFall","_animationQueue":[],"_animationSpeed":1,"_zoom":7.306},{"_mousePosition":[683,384],"_rootPartCFrame":[772.135,227.137,45.844,-0.904,0,0.428,0,1,0,-0.428,0,-0.904],"_humanoidState":5,"_cameraCFrame":[772.031,232.579,39.45,-0.966,-0.139,0.217,0,0.842,0.54,-0.258,0.521,-0.813],"_shiftlockState":true,"_pose":"FreeFall","_animationQueue":[],"_animationSpeed":1,"_zoom":7.306},{"_mousePosition":[683,384],"_rootPartCFrame":[771.894,227.455,45.749,-0.923,0.042,0.382,0.022,0.998,-0.057,-0.384,-0.044,-0.922],"_humanoidState":5,"_cameraCFrame":[771.532,232.944,39.333,-0.978,-0.115,0.176,0,0.838,0.546,-0.21,0.534,-0.819],"_shiftlockState":true,"_pose":"FreeFall","_animationQueue":[],"_animationSpeed":1,"_zoom":7.306},{"_mousePosition":[683,384],"_rootPartCFrame":[771.691,227.468,45.7,-0.967,0.086,0.238,0.077,0.996,-0.047,-0.241,-0.027,-0.97],"_humanoidState":12,"_cameraCFrame":[771.1,232.969,39.345,-0.986,-0.09,0.138,0,0.836,0.548,-0.165,0.541,-0.825],"_shiftlockState":true,"_pose":"Climbing","_animationQueue":[["walk",0.1],["climb",0.1],["climb",0]],"_animationSpeed":-0.706,"_zoom":7.306},{"_mousePosition":[683,384],"_rootPartCFrame":[771.585,227.501,45.645,-0.984,0.108,0.142,0.108,0.994,-0.008,-0.142,0.007,-0.99],"_humanoidState":12,"_cameraCFrame":[770.718,232.989,39.378,-0.993,-0.063,0.097,0,0.837,0.547,-0.116,0.543,-0.831],"_shiftlockState":true,"_pose":"Climbing","_animationQueue":[["climb",0.1],["climb",0]],"_animationSpeed":0.243,"_zoom":7.306},{"_mousePosition":[683,384],"_rootPartCFrame":[771.453,227.441,45.6,-0.994,0.03,0.107,0.031,1,0.006,-0.107,0.009,-0.994],"_humanoidState":8,"_cameraCFrame":[770.183,232.903,39.369,-0.998,-0.038,0.059,0,0.84,0.542,-0.07,0.541,-0.838],"_shiftlockState":true,"_pose":"Running","_animationQueue":[["walk",0.1],["climb",0.1],["walk",0.1],["walk",0.1]],"_animationSpeed":0.338,"_zoom":7.306},{"_mousePosition":[683,384],"_rootPartCFrame":[771.365,227.37,45.597,-0.993,0.003,0.121,0.004,1,0.003,-0.121,0.003,-0.993],"_humanoidState":5,"_cameraCFrame":[769.828,232.787,39.379,-0.999,-0.018,0.028,0,0.844,0.536,-0.034,0.536,-0.844],"_shiftlockState":true,"_pose":"FreeFall","_animationQueue":[["walk",0.1]],"_animationSpeed":0.487,"_zoom":7.306},{"_mousePosition":[683,384],"_rootPartCFrame":[771.239,227.226,45.624,-0.991,-0.004,0.136,-0.004,1,0.001,-0.136,0,-0.991],"_humanoidState":5,"_cameraCFrame":[769.536,232.599,39.414,-1,-0.004,0.007,0,0.848,0.53,-0.008,0.53,-0.848],"_shiftlockState":true,"_pose":"FreeFall","_animationQueue":[],"_animationSpeed":0.487,"_zoom":7.306},{"_mousePosition":[683,384],"_rootPartCFrame":[771.099,227.028,45.687,-0.993,-0.002,0.116,-0.002,1,0,-0.116,0,-0.993],"_humanoidState":5,"_cameraCFrame":[769.294,232.351,39.476,-1,0.004,-0.007,0,0.852,0.523,0.008,0.523,-0.852],"_shiftlockState":true,"_pose":"FreeFall","_animationQueue":[],"_animationSpeed":0.487,"_zoom":7.306},{"_mousePosition":[683,384],"_rootPartCFrame":[770.974,227.155,45.753,-1,0,0.025,0,1,0,-0.025,0,-1],"_humanoidState":12,"_cameraCFrame":[769.093,232.427,39.534,-1,0.011,-0.018,0,0.856,0.516,0.021,0.516,-0.856],"_shiftlockState":true,"_pose":"Climbing","_animationQueue":[["walk",0.1],["climb",0.1],["climb",0]],"_animationSpeed":-1.093,"_zoom":7.306},{"_mousePosition":[683,384],"_rootPartCFrame":[770.884,227.34,45.8,-1,0,-0.017,0,1,0,0.017,0,-1],"_humanoidState":12,"_cameraCFrame":[768.944,232.557,39.566,-1,0.015,-0.026,0,0.861,0.509,0.03,0.509,-0.861],"_shiftlockState":true,"_pose":"Climbing","_animationQueue":[["climb",0.1],["climb",0]],"_animationSpeed":0.893,"_zoom":7.306},{"_mousePosition":[683,384],"_rootPartCFrame":[770.829,227.527,45.828,-1,0,-0.03,0,1,0,0.03,0,-1],"_humanoidState":12,"_cameraCFrame":[768.836,232.693,39.581,-0.999,0.019,-0.033,0,0.865,0.502,0.039,0.501,-0.864],"_shiftlockState":true,"_pose":"Climbing","_animationQueue":[],"_animationSpeed":0.893,"_zoom":7.306},{"_mousePosition":[683,384],"_rootPartCFrame":[770.791,227.656,45.836,-0.999,0.005,-0.043,0.005,1,-0.007,0.043,-0.007,-0.999],"_humanoidState":12,"_cameraCFrame":[768.752,232.781,39.571,-0.999,0.023,-0.041,0,0.868,0.496,0.047,0.496,-0.867],"_shiftlockState":true,"_pose":"Climbing","_animationQueue":[],"_animationSpeed":0.893,"_zoom":7.306},{"_mousePosition":[683,384],"_rootPartCFrame":[770.691,227.709,45.851,-0.998,0.026,-0.053,0.027,0.999,-0.019,0.053,-0.021,-0.998],"_humanoidState":12,"_cameraCFrame":[768.637,232.792,39.558,-0.999,0.027,-0.047,0,0.871,0.491,0.054,0.49,-0.87],"_shiftlockState":true,"_pose":"Climbing","_animationQueue":[["climb",0.1]],"_animationSpeed":-0.229,"_zoom":7.306},{"_mousePosition":[683,384],"_rootPartCFrame":[770.575,227.787,45.869,-0.997,0.039,-0.065,0.041,0.999,-0.035,0.063,-0.038,-0.997],"_humanoidState":12,"_cameraCFrame":[768.485,232.833,39.548,-0.998,0.03,-0.055,0,0.874,0.486,0.063,0.485,-0.872],"_shiftlockState":true,"_pose":"Climbing","_animationQueue":[["climb",0.1]],"_animationSpeed":0.335,"_zoom":7.306},{"_mousePosition":[683,384],"_rootPartCFrame":[770.446,227.859,45.896,-0.996,0.047,-0.075,0.05,0.998,-0.047,0.073,-0.051,-0.996],"_humanoidState":12,"_cameraCFrame":[768.289,232.862,39.56,-0.997,0.036,-0.066,0,0.877,0.48,0.075,0.479,-0.875],"_shiftlockState":true,"_pose":"Climbing","_animationQueue":[["climb",0.1]],"_animationSpeed":0.369,"_zoom":7.306},{"_mousePosition":[683,384],"_rootPartCFrame":[770.315,227.897,45.923,-0.995,0.053,-0.089,0.058,0.997,-0.058,0.086,-0.063,-0.994],"_humanoidState":3,"_cameraCFrame":[768.107,232.873,39.577,-0.996,0.04,-0.074,0,0.879,0.476,0.085,0.475,-0.876],"_shiftlockState":true,"_pose":"Jumping","_animationQueue":[["climb",0.1],["jump",0.1]],"_animationSpeed":1,"_zoom":7.306},{"_mousePosition":[683,384],"_rootPartCFrame":[770.151,227.882,45.96,-1,0.027,0.004,0.027,0.999,-0.034,-0.005,-0.034,-0.999],"_humanoidState":5,"_cameraCFrame":[767.871,232.851,39.663,-0.996,0.043,-0.079,0,0.88,0.475,0.09,0.473,-0.876],"_shiftlockState":true,"_pose":"FreeFall","_animationQueue":[["jump",0.1]],"_animationSpeed":1,"_zoom":7.306},{"_mousePosition":[683,384],"_rootPartCFrame":[769.997,228.036,45.991,-0.999,0.002,-0.054,0.002,1,-0.005,0.054,-0.005,-0.999],"_humanoidState":12,"_cameraCFrame":[767.679,233.006,39.737,-0.996,0.043,-0.079,0,0.88,0.475,0.09,0.473,-0.876],"_shiftlockState":true,"_pose":"Climbing","_animationQueue":[["walk",0.1],["climb",0.1]],"_animationSpeed":-0.179,"_zoom":7.306},{"_mousePosition":[683,384],"_rootPartCFrame":[769.847,228.027,45.993,-0.995,0.031,-0.097,0.032,0.999,-0.008,0.096,-0.011,-0.995],"_humanoidState":3,"_cameraCFrame":[767.573,232.997,39.731,-0.996,0.043,-0.079,0,0.88,0.475,0.09,0.473,-0.876],"_shiftlockState":true,"_pose":"Jumping","_animationQueue":[["climb",0.1],["jump",0.1]],"_animationSpeed":1,"_zoom":7.306},{"_mousePosition":[683,384],"_rootPartCFrame":[769.661,227.964,46.003,-1,0.023,0,0.023,1,-0.007,0,-0.007,-1],"_humanoidState":5,"_cameraCFrame":[767.374,232.934,39.747,-0.996,0.043,-0.079,0,0.88,0.475,0.09,0.473,-0.876],"_shiftlockState":true,"_pose":"FreeFall","_animationQueue":[["jump",0.1]],"_animationSpeed":1,"_zoom":7.306},{"_mousePosition":[683,384],"_rootPartCFrame":[769.483,228.111,46.014,-0.999,0.004,-0.054,0.004,1,-0.002,0.054,-0.002,-0.999],"_humanoidState":12,"_cameraCFrame":[767.168,233.081,39.766,-0.996,0.043,-0.079,0,0.88,0.475,0.09,0.473,-0.876],"_shiftlockState":true,"_pose":"Climbing","_animationQueue":[["walk",0.1],["climb",0.1]],"_animationSpeed":-0.418,"_zoom":7.306},{"_mousePosition":[683,384],"_rootPartCFrame":[769.321,228.258,46.025,-0.997,-0.01,-0.076,-0.01,1,0.003,0.076,0.004,-0.997],"_humanoidState":3,"_cameraCFrame":[766.985,233.228,39.784,-0.996,0.043,-0.079,0,0.88,0.475,0.09,0.473,-0.876],"_shiftlockState":true,"_pose":"Jumping","_animationQueue":[["climb",0.1],["jump",0.1]],"_animationSpeed":1,"_zoom":7.306},{"_mousePosition":[683,384],"_rootPartCFrame":[769.139,228.35,46.036,-1,-0.008,0.006,-0.008,1,0.003,-0.006,0.003,-1],"_humanoidState":5,"_cameraCFrame":[766.806,233.321,39.796,-0.996,0.043,-0.079,0,0.88,0.475,0.09,0.473,-0.876],"_shiftlockState":true,"_pose":"FreeFall","_animationQueue":[["jump",0.1]],"_animationSpeed":1,"_zoom":7.306},{"_mousePosition":[683,384],"_rootPartCFrame":[768.968,228.52,46.048,-0.999,-0.001,-0.053,-0.001,1,0.001,0.053,0.001,-0.999],"_humanoidState":12,"_cameraCFrame":[766.645,233.491,39.804,-0.996,0.043,-0.079,0,0.88,0.475,0.09,0.473,-0.876],"_shiftlockState":true,"_pose":"Climbing","_animationQueue":[["walk",0.1],["climb",0.1]],"_animationSpeed":0.361,"_zoom":7.306},{"_mousePosition":[683,384],"_rootPartCFrame":[768.807,228.58,46.06,-0.997,0.033,-0.075,0.032,0.999,0.013,0.075,0.01,-0.997],"_humanoidState":3,"_cameraCFrame":[766.535,233.549,39.83,-0.996,0.043,-0.079,0,0.88,0.475,0.09,0.473,-0.876],"_shiftlockState":true,"_pose":"Jumping","_animationQueue":[["climb",0.1],["jump",0.1]],"_animationSpeed":1,"_zoom":7.306},{"_mousePosition":[683,384],"_rootPartCFrame":[768.605,228.554,46.072,-1,0.027,0.007,0.027,1,0.008,-0.006,0.008,-1],"_humanoidState":5,"_cameraCFrame":[766.324,233.524,39.838,-0.996,0.043,-0.079,0,0.88,0.475,0.09,0.473,-0.876],"_shiftlockState":true,"_pose":"FreeFall","_animationQueue":[["jump",0.1]],"_animationSpeed":1,"_zoom":7.306},{"_mousePosition":[683,384],"_rootPartCFrame":[768.408,228.707,46.084,-0.999,0.005,-0.053,0.005,1,0.001,0.053,0.001,-0.999],"_humanoidState":12,"_cameraCFrame":[766.096,233.677,39.839,-0.996,0.043,-0.079,0,0.88,0.475,0.09,0.473,-0.876],"_shiftlockState":true,"_pose":"Climbing","_animationQueue":[["walk",0.1],["climb",0.1]],"_animationSpeed":-0.228,"_zoom":7.306},{"_mousePosition":[683,384],"_rootPartCFrame":[768.228,228.855,46.096,-0.997,-0.012,-0.076,-0.012,1,-0.004,0.076,-0.003,-0.997],"_humanoidState":3,"_cameraCFrame":[765.89,233.825,39.845,-0.996,0.043,-0.079,0,0.88,0.475,0.09,0.473,-0.876],"_shiftlockState":true,"_pose":"Jumping","_animationQueue":[["climb",0.1],["jump",0.1]],"_animationSpeed":1,"_zoom":7.306},{"_mousePosition":[683,384],"_rootPartCFrame":[768.029,228.948,46.111,-1,-0.01,0.006,-0.01,1,-0.002,-0.006,-0.002,-1],"_humanoidState":5,"_cameraCFrame":[765.693,233.919,39.862,-0.996,0.043,-0.079,0,0.88,0.475,0.09,0.473,-0.876],"_shiftlockState":true,"_pose":"FreeFall","_animationQueue":[["jump",0.1]],"_animationSpeed":1,"_zoom":7.306},{"_mousePosition":[683,384],"_rootPartCFrame":[767.834,229.063,46.122,-0.998,0.015,-0.056,0.015,1,0.002,0.056,0.001,-0.998],"_humanoidState":12,"_cameraCFrame":[765.536,234.034,39.879,-0.996,0.043,-0.079,0,0.88,0.475,0.09,0.473,-0.876],"_shiftlockState":true,"_pose":"Climbing","_animationQueue":[["walk",0.1],["climb",0.1]],"_animationSpeed":0.365,"_zoom":7.306},{"_mousePosition":[683,384],"_rootPartCFrame":[767.643,229.122,46.124,-0.995,0.052,-0.083,0.051,0.999,0.008,0.083,0.003,-0.997],"_humanoidState":3,"_cameraCFrame":[765.4,234.091,39.883,-0.996,0.043,-0.079,0,0.88,0.475,0.09,0.473,-0.876],"_shiftlockState":true,"_pose":"Jumping","_animationQueue":[["climb",0.1],["jump",0.1]],"_animationSpeed":1,"_zoom":7.306},{"_mousePosition":[683,384],"_rootPartCFrame":[767.414,229.127,46.133,-0.999,0.035,0.004,0.035,0.999,0.002,-0.004,0.002,-1],"_humanoidState":5,"_cameraCFrame":[765.132,234.097,39.895,-0.996,0.044,-0.081,0,0.88,0.475,0.092,0.473,-0.876],"_shiftlockState":true,"_pose":"FreeFall","_animationQueue":[["jump",0.1]],"_animationSpeed":1,"_zoom":7.306},{"_mousePosition":[683,384],"_rootPartCFrame":[767.191,229.284,46.146,-0.998,0.006,-0.055,0.006,1,-0.001,0.055,-0.001,-0.998],"_humanoidState":12,"_cameraCFrame":[764.84,234.254,39.914,-0.995,0.046,-0.085,0,0.88,0.475,0.096,0.473,-0.876],"_shiftlockState":true,"_pose":"Climbing","_animationQueue":[["walk",0.1],["climb",0.1]],"_animationSpeed":-0.078,"_zoom":7.306},{"_mousePosition":[683,384],"_rootPartCFrame":[766.986,229.43,46.149,-0.997,-0.016,-0.078,-0.016,1,-0.005,0.078,-0.004,-0.997],"_humanoidState":3,"_cameraCFrame":[764.589,234.401,39.917,-0.995,0.047,-0.086,0,0.88,0.475,0.098,0.473,-0.876],"_shiftlockState":true,"_pose":"Jumping","_animationQueue":[["climb",0.1],["jump",0.1]],"_animationSpeed":1,"_zoom":7.306},{"_mousePosition":[683,384],"_rootPartCFrame":[766.764,229.523,46.159,-1,-0.013,-0.001,-0.013,1,-0.002,0.001,-0.002,-1],"_humanoidState":5,"_cameraCFrame":[764.372,234.493,39.93,-0.995,0.047,-0.086,0,0.88,0.475,0.098,0.473,-0.876],"_shiftlockState":true,"_pose":"FreeFall","_animationQueue":[["jump",0.1]],"_animationSpeed":1,"_zoom":7.306},{"_mousePosition":[683,384],"_rootPartCFrame":[766.553,229.659,46.156,-0.998,0.007,-0.061,0.007,1,0.003,0.061,0.003,-0.998],"_humanoidState":12,"_cameraCFrame":[764.19,234.63,39.934,-0.995,0.047,-0.086,0,0.88,0.475,0.098,0.473,-0.876],"_shiftlockState":true,"_pose":"Climbing","_animationQueue":[["walk",0.1],["climb",0.1]],"_animationSpeed":0.359,"_zoom":7.306},{"_mousePosition":[683,384],"_rootPartCFrame":[766.351,229.683,46.153,-0.995,0.054,-0.082,0.053,0.998,0.014,0.083,0.01,-0.997],"_humanoidState":3,"_cameraCFrame":[764.059,234.652,39.941,-0.995,0.047,-0.086,0,0.88,0.475,0.098,0.473,-0.876],"_shiftlockState":true,"_pose":"Jumping","_animationQueue":[["climb",0.1],["jump",0.1]],"_animationSpeed":1,"_zoom":7.306},{"_mousePosition":[683,384],"_rootPartCFrame":[766.108,229.653,46.161,-0.999,0.038,-0.002,0.038,0.999,0.006,0.002,0.006,-1],"_humanoidState":5,"_cameraCFrame":[763.792,234.623,39.943,-0.995,0.047,-0.086,0,0.88,0.475,0.098,0.473,-0.876],"_shiftlockState":true,"_pose":"FreeFall","_animationQueue":[["jump",0.1]],"_animationSpeed":1,"_zoom":7.306},{"_mousePosition":[683,384],"_rootPartCFrame":[765.872,229.805,46.156,-0.998,0.007,-0.06,0.007,1,0,0.06,-0.001,-0.998],"_humanoidState":12,"_cameraCFrame":[763.509,234.781,39.932,-0.995,0.047,-0.086,0,0.88,0.476,0.098,0.473,-0.875],"_shiftlockState":true,"_pose":"Climbing","_animationQueue":[["walk",0.1],["climb",0.1]],"_animationSpeed":-0.252,"_zoom":7.306},{"_mousePosition":[683,384],"_rootPartCFrame":[765.653,229.952,46.155,-0.997,-0.018,-0.081,-0.017,1,-0.003,0.081,-0.002,-0.997],"_humanoidState":3,"_cameraCFrame":[763.237,235.021,39.757,-0.995,0.047,-0.086,0,0.88,0.476,0.098,0.473,-0.875],"_shiftlockState":true,"_pose":"Jumping","_animationQueue":[["climb",0.1],["jump",0.1]],"_animationSpeed":1,"_zoom":9.633},{"_mousePosition":[683,384],"_rootPartCFrame":[765.419,230.044,46.164,-1,-0.014,0,-0.014,1,-0.002,0,-0.002,-1],"_humanoidState":5,"_cameraCFrame":[762.957,235.39,39.257,-0.995,0.047,-0.086,0,0.88,0.476,0.098,0.473,-0.875],"_shiftlockState":true,"_pose":"FreeFall","_animationQueue":[["jump",0.1]],"_animationSpeed":1,"_zoom":12.541},{"_mousePosition":[683,384],"_rootPartCFrame":[765.197,230.214,46.162,-0.998,-0.003,-0.06,-0.003,1,0,0.06,0,-0.998],"_humanoidState":12,"_cameraCFrame":[762.668,236.028,38.397,-0.995,0.047,-0.086,0,0.88,0.476,0.098,0.473,-0.875],"_shiftlockState":true,"_pose":"Climbing","_animationQueue":[["walk",0.1],["climb",0.1]],"_animationSpeed":0.359,"_zoom":12.541},{"_mousePosition":[683,384],"_rootPartCFrame":[764.94,230.386,46.144,-0.998,0.007,-0.065,0.008,1,-0.012,0.065,-0.012,-0.998],"_humanoidState":3,"_cameraCFrame":[762.352,236.605,37.616,-0.995,0.047,-0.086,0,0.88,0.476,0.098,0.473,-0.875],"_shiftlockState":true,"_pose":"Jumping","_animationQueue":[["climb",0.1],["jump",0.1]],"_animationSpeed":1,"_zoom":16.176},{"_mousePosition":[683,384],"_rootPartCFrame":[764.769,230.448,46.144,-1,0.006,-0.028,0.006,1,-0.01,0.028,-0.01,-1],"_humanoidState":5,"_cameraCFrame":[762.061,237.325,36.407,-0.995,0.047,-0.086,0,0.88,0.476,0.098,0.473,-0.875],"_shiftlockState":true,"_pose":"FreeFall","_animationQueue":[["jump",0.1]],"_animationSpeed":1,"_zoom":16.176},{"_mousePosition":[683,384],"_rootPartCFrame":[764.554,230.585,46.145,-0.998,0.011,-0.064,0.011,1,0,0.064,0,-0.998],"_humanoidState":12,"_cameraCFrame":[761.753,238.006,35.422,-0.995,0.047,-0.086,0,0.88,0.476,0.098,0.473,-0.875],"_shiftlockState":true,"_pose":"Climbing","_animationQueue":[["walk",0.1],["climb",0.1]],"_animationSpeed":0.348,"_zoom":16.176},{"_mousePosition":[683,384],"_rootPartCFrame":[764.35,230.611,46.145,-0.995,0.046,-0.084,0.045,0.999,0.013,0.085,0.009,-0.996],"_humanoidState":3,"_cameraCFrame":[761.514,238.512,34.551,-0.995,0.047,-0.086,0,0.88,0.476,0.098,0.473,-0.875],"_shiftlockState":true,"_pose":"Jumping","_animationQueue":[["climb",0.1],["jump",0.1]],"_animationSpeed":1,"_zoom":16.176},{"_mousePosition":[683,384],"_rootPartCFrame":[764.11,230.584,46.156,-1,0.031,-0.002,0.031,0.999,0.006,0.003,0.006,-1],"_humanoidState":5,"_cameraCFrame":[761.185,238.857,33.874,-0.995,0.047,-0.086,0,0.88,0.476,0.098,0.473,-0.875],"_shiftlockState":true,"_pose":"FreeFall","_animationQueue":[["jump",0.1]],"_animationSpeed":1,"_zoom":16.176},{"_mousePosition":[683,384],"_rootPartCFrame":[763.878,230.736,46.151,-0.998,0.005,-0.06,0.005,1,0,0.06,0,-0.998],"_humanoidState":12,"_cameraCFrame":[760.866,239.272,33.376,-0.995,0.047,-0.086,0,0.88,0.476,0.098,0.473,-0.875],"_shiftlockState":true,"_pose":"Climbing","_animationQueue":[["walk",0.1],["climb",0.1]],"_animationSpeed":-0.24,"_zoom":16.176},{"_mousePosition":[683,384],"_rootPartCFrame":[763.662,230.883,46.153,-0.996,-0.015,-0.082,-0.014,1,-0.003,0.082,-0.002,-0.997],"_humanoidState":3,"_cameraCFrame":[760.584,239.623,33.002,-0.995,0.047,-0.086,0,0.88,0.476,0.098,0.473,-0.875],"_shiftlockState":true,"_pose":"Jumping","_animationQueue":[["climb",0.1],["jump",0.1]],"_animationSpeed":1,"_zoom":16.176},{"_mousePosition":[683,384],"_rootPartCFrame":[763.429,230.977,46.165,-1,-0.012,-0.001,-0.012,1,-0.001,0.001,-0.001,-1],"_humanoidState":5,"_cameraCFrame":[760.33,239.854,32.762,-0.995,0.047,-0.086,0,0.88,0.476,0.098,0.473,-0.875],"_shiftlockState":true,"_pose":"FreeFall","_animationQueue":[["jump",0.1]],"_animationSpeed":1,"_zoom":16.176},{"_mousePosition":[683,384],"_rootPartCFrame":[763.209,231.146,46.162,-0.998,-0.002,-0.06,-0.002,1,0,0.06,0,-0.998],"_humanoidState":12,"_cameraCFrame":[760.106,240.121,32.582,-0.995,0.047,-0.086,0,0.88,0.476,0.098,0.473,-0.875],"_shiftlockState":true,"_pose":"Climbing","_animationQueue":[["walk",0.1],["climb",0.1]],"_animationSpeed":0.363,"_zoom":16.176},{"_mousePosition":[683,384],"_rootPartCFrame":[763.004,231.291,46.145,-0.997,0.004,-0.071,0.005,1,-0.009,0.071,-0.009,-0.997],"_humanoidState":3,"_cameraCFrame":[759.896,240.345,32.404,-0.995,0.047,-0.086,0,0.88,0.476,0.098,0.473,-0.875],"_shiftlockState":true,"_pose":"Jumping","_animationQueue":[["climb",0.1],["jump",0.1]],"_animationSpeed":1,"_zoom":16.176},{"_mousePosition":[683,384],"_rootPartCFrame":[762.773,231.381,46.15,-1,0.003,0.002,0.003,1,-0.007,-0.002,-0.007,-1],"_humanoidState":5,"_cameraCFrame":[759.657,240.48,32.331,-0.995,0.047,-0.086,0,0.88,0.476,0.098,0.473,-0.875],"_shiftlockState":true,"_pose":"FreeFall","_animationQueue":[["jump",0.1]],"_animationSpeed":1,"_zoom":16.176},{"_mousePosition":[683,384],"_rootPartCFrame":[762.55,231.519,46.151,-0.998,0.009,-0.061,0.009,1,0.001,0.061,0.001,-0.998],"_humanoidState":12,"_cameraCFrame":[759.437,240.651,32.283,-0.995,0.047,-0.086,0,0.88,0.476,0.098,0.473,-0.875],"_shiftlockState":true,"_pose":"Climbing","_animationQueue":[["walk",0.1],["climb",0.1]],"_animationSpeed":0.349,"_zoom":16.176},{"_mousePosition":[683,384],"_rootPartCFrame":[762.339,231.551,46.15,-0.996,0.045,-0.082,0.044,0.999,0.012,0.083,0.008,-0.997],"_humanoidState":3,"_cameraCFrame":[759.275,240.701,32.255,-0.995,0.047,-0.086,0,0.88,0.476,0.098,0.473,-0.875],"_shiftlockState":true,"_pose":"Jumping","_animationQueue":[["climb",0.1],["jump",0.1]],"_animationSpeed":1,"_zoom":16.176},{"_mousePosition":[683,384],"_rootPartCFrame":[762.092,231.528,46.16,-1,0.031,-0.002,0.031,1,0.005,0.002,0.005,-1],"_humanoidState":5,"_cameraCFrame":[759.004,240.694,32.234,-0.995,0.047,-0.086,0,0.88,0.476,0.098,0.473,-0.875],"_shiftlockState":true,"_pose":"FreeFall","_animationQueue":[["jump",0.1]],"_animationSpeed":1,"_zoom":16.176},{"_mousePosition":[683,384],"_rootPartCFrame":[761.852,231.681,46.157,-0.998,0.005,-0.06,0.005,1,0,0.06,-0.001,-0.998],"_humanoidState":12,"_cameraCFrame":[758.725,240.857,32.205,-0.995,0.047,-0.086,0,0.88,0.476,0.098,0.473,-0.875],"_shiftlockState":true,"_pose":"Climbing","_animationQueue":[["walk",0.1],["climb",0.1]],"_animationSpeed":-0.216,"_zoom":16.176},{"_mousePosition":[683,384],"_rootPartCFrame":[761.631,231.828,46.154,-0.997,-0.014,-0.08,-0.014,1,-0.005,0.08,-0.004,-0.997],"_humanoidState":3,"_cameraCFrame":[758.473,241.011,32.184,-0.995,0.047,-0.086,0,0.88,0.476,0.098,0.473,-0.875],"_shiftlockState":true,"_pose":"Jumping","_animationQueue":[["climb",0.1],["jump",0.1]],"_animationSpeed":1,"_zoom":16.176},{"_mousePosition":[683,384],"_rootPartCFrame":[761.391,231.921,46.166,-1,-0.012,-0.001,-0.012,1,-0.002,0.001,-0.002,-1],"_humanoidState":5,"_cameraCFrame":[758.236,241.108,32.191,-0.995,0.047,-0.086,0,0.88,0.476,0.098,0.473,-0.875],"_shiftlockState":true,"_pose":"FreeFall","_animationQueue":[["jump",0.1]],"_animationSpeed":1,"_zoom":16.176},{"_mousePosition":[683,384],"_rootPartCFrame":[761.164,232.09,46.163,-0.998,-0.002,-0.06,-0.002,1,0,0.06,0,-0.998],"_humanoidState":12,"_cameraCFrame":[758.022,241.281,32.186,-0.995,0.047,-0.086,0,0.88,0.476,0.098,0.473,-0.875],"_shiftlockState":true,"_pose":"Climbing","_animationQueue":[["walk",0.1],["climb",0.1]],"_animationSpeed":0.361,"_zoom":16.176},{"_mousePosition":[683,384],"_rootPartCFrame":[760.953,232.235,46.144,-0.997,0.004,-0.071,0.004,1,-0.009,0.071,-0.009,-0.997],"_humanoidState":3,"_cameraCFrame":[757.82,241.427,32.15,-0.995,0.047,-0.086,0,0.88,0.476,0.098,0.473,-0.875],"_shiftlockState":true,"_pose":"Jumping","_animationQueue":[["climb",0.1],["jump",0.1]],"_animationSpeed":1,"_zoom":16.176},{"_mousePosition":[683,384],"_rootPartCFrame":[760.716,232.325,46.15,-1,0.003,0.002,0.003,1,-0.007,-0.002,-0.007,-1],"_humanoidState":5,"_cameraCFrame":[757.582,241.518,32.157,-0.995,0.047,-0.086,0,0.88,0.476,0.098,0.473,-0.875],"_shiftlockState":true,"_pose":"FreeFall","_animationQueue":[["jump",0.1]],"_animationSpeed":1,"_zoom":16.176},{"_mousePosition":[683,384],"_rootPartCFrame":[760.49,232.494,46.153,-0.998,0,-0.06,0,1,-0.001,0.06,-0.001,-0.998],"_humanoidState":12,"_cameraCFrame":[757.352,241.688,32.167,-0.995,0.047,-0.086,0,0.88,0.476,0.098,0.473,-0.875],"_shiftlockState":true,"_pose":"Climbing","_animationQueue":[["walk",0.1],["climb",0.1]],"_animationSpeed":0.347,"_zoom":16.176},{"_mousePosition":[683,384],"_rootPartCFrame":[760.274,232.537,46.151,-0.996,0.032,-0.079,0.031,0.999,0.011,0.079,0.009,-0.997],"_humanoidState":3,"_cameraCFrame":[757.183,241.731,32.178,-0.995,0.047,-0.086,0,0.88,0.476,0.098,0.473,-0.875],"_shiftlockState":true,"_pose":"Jumping","_animationQueue":[["climb",0.1],["jump",0.1]],"_animationSpeed":1,"_zoom":16.176},{"_mousePosition":[683,384],"_rootPartCFrame":[760.025,232.528,46.161,-1,0.024,0,0.024,1,0.006,0,0.006,-1],"_humanoidState":5,"_cameraCFrame":[756.921,241.722,32.184,-0.995,0.047,-0.086,0,0.88,0.476,0.098,0.473,-0.875],"_shiftlockState":true,"_pose":"FreeFall","_animationQueue":[["jump",0.1]],"_animationSpeed":1,"_zoom":16.176},{"_mousePosition":[683,384],"_rootPartCFrame":[759.784,232.683,46.158,-0.998,0.004,-0.06,0.004,1,0,0.06,0,-0.998],"_humanoidState":12,"_cameraCFrame":[756.651,241.878,32.171,-0.995,0.047,-0.086,0,0.88,0.476,0.098,0.473,-0.875],"_shiftlockState":true,"_pose":"Climbing","_animationQueue":[["walk",0.1],["climb",0.1]],"_animationSpeed":-0.15,"_zoom":16.176},{"_mousePosition":[683,384],"_rootPartCFrame":[759.561,232.826,46.147,-0.997,-0.011,-0.075,-0.01,1,-0.011,0.075,-0.011,-0.997],"_humanoidState":3,"_cameraCFrame":[756.405,242.022,32.145,-0.995,0.047,-0.086,0,0.88,0.476,0.098,0.473,-0.875],"_shiftlockState":true,"_pose":"Jumping","_animationQueue":[["climb",0.1],["jump",0.1]],"_animationSpeed":1,"_zoom":16.176},{"_mousePosition":[683,384],"_rootPartCFrame":[759.319,232.916,46.156,-1,-0.009,0.001,-0.009,1,-0.007,-0.001,-0.007,-1],"_humanoidState":5,"_cameraCFrame":[756.166,242.111,32.158,-0.995,0.047,-0.086,0,0.88,0.476,0.098,0.473,-0.875],"_shiftlockState":true,"_pose":"FreeFall","_animationQueue":[["jump",0.1]],"_animationSpeed":1,"_zoom":16.176},{"_mousePosition":[683,384],"_rootPartCFrame":[759.09,233.085,46.157,-0.998,-0.002,-0.06,-0.002,1,-0.001,0.06,-0.001,-0.998],"_humanoidState":12,"_cameraCFrame":[755.948,242.281,32.169,-0.995,0.047,-0.086,0,0.88,0.476,0.098,0.473,-0.875],"_shiftlockState":true,"_pose":"Climbing","_animationQueue":[["walk",0.1],["climb",0.1]],"_animationSpeed":0.345,"_zoom":16.176},{"_mousePosition":[683,384],"_rootPartCFrame":[758.877,233.229,46.143,-0.998,0.003,-0.07,0.003,1,-0.007,0.07,-0.007,-0.998],"_humanoidState":3,"_cameraCFrame":[755.742,242.425,32.146,-0.995,0.047,-0.086,0,0.88,0.476,0.098,0.473,-0.875],"_shiftlockState":true,"_pose":"Jumping","_animationQueue":[["climb",0.1],["jump",0.1]],"_animationSpeed":1,"_zoom":16.176},{"_mousePosition":[683,384],"_rootPartCFrame":[758.64,233.319,46.151,-1,0.002,0.003,0.002,1,-0.005,-0.003,-0.005,-1],"_humanoidState":5,"_cameraCFrame":[755.505,242.515,32.156,-0.995,0.047,-0.086,0,0.88,0.476,0.098,0.473,-0.875],"_shiftlockState":true,"_pose":"FreeFall","_animationQueue":[["jump",0.1]],"_animationSpeed":1,"_zoom":16.176},{"_mousePosition":[683,384],"_rootPartCFrame":[758.409,233.455,46.151,-0.998,0.011,-0.062,0.011,1,0.001,0.062,0,-0.998],"_humanoidState":12,"_cameraCFrame":[755.287,242.651,32.164,-0.995,0.047,-0.086,0,0.88,0.476,0.098,0.473,-0.875],"_shiftlockState":true,"_pose":"Climbing","_animationQueue":[["walk",0.1],["climb",0.1]],"_animationSpeed":0.347,"_zoom":16.176},{"_mousePosition":[683,384],"_rootPartCFrame":[758.185,233.525,46.147,-0.996,0.039,-0.083,0.038,0.999,0.01,0.083,0.007,-0.996],"_humanoidState":3,"_cameraCFrame":[755.104,242.719,32.17,-0.995,0.047,-0.086,0,0.88,0.476,0.098,0.473,-0.875],"_shiftlockState":true,"_pose":"Jumping","_animationQueue":[["climb",0.1],["jump",0.1]],"_animationSpeed":1,"_zoom":16.176},{"_mousePosition":[683,384],"_rootPartCFrame":[757.929,233.54,46.16,-1,0.026,-0.002,0.026,1,0.004,0.002,0.004,-1],"_humanoidState":5,"_cameraCFrame":[754.829,242.735,32.18,-0.995,0.047,-0.086,0,0.88,0.476,0.098,0.473,-0.875],"_shiftlockState":true,"_pose":"FreeFall","_animationQueue":[["jump",0.1]],"_animationSpeed":1,"_zoom":16.176},{"_mousePosition":[683,384],"_rootPartCFrame":[757.686,233.698,46.16,-0.998,0.004,-0.06,0.004,1,0,0.06,-0.001,-0.998],"_humanoidState":12,"_cameraCFrame":[754.539,242.894,32.175,-0.995,0.047,-0.087,0,0.88,0.476,0.099,0.473,-0.875],"_shiftlockState":true,"_pose":"Climbing","_animationQueue":[["walk",0.1],["climb",0.1]],"_animationSpeed":0,"_zoom":16.176},{"_mousePosition":[683,384],"_rootPartCFrame":[757.46,233.843,46.148,-0.997,-0.013,-0.076,-0.012,1,-0.01,0.076,-0.009,-0.997],"_humanoidState":3,"_cameraCFrame":[754.229,243.039,32.164,-0.995,0.049,-0.091,0,0.88,0.476,0.103,0.473,-0.875],"_shiftlockState":true,"_pose":"Jumping","_animationQueue":[["climb",0.1],["jump",0.1]],"_animationSpeed":1,"_zoom":16.176},{"_mousePosition":[683,384],"_rootPartCFrame":[757.216,233.933,46.155,-1,-0.01,-0.004,-0.01,1,-0.006,0.004,-0.006,-1],"_humanoidState":5,"_cameraCFrame":[753.915,243.129,32.193,-0.994,0.052,-0.096,0,0.88,0.476,0.109,0.473,-0.874],"_shiftlockState":true,"_pose":"FreeFall","_animationQueue":[["jump",0.1]],"_animationSpeed":1,"_zoom":16.176},{"_mousePosition":[683,384],"_rootPartCFrame":[756.985,234.103,46.151,-0.998,-0.002,-0.07,-0.002,1,0,0.07,0,-0.998],"_humanoidState":12,"_cameraCFrame":[753.623,243.298,32.214,-0.993,0.054,-0.1,0,0.88,0.476,0.114,0.473,-0.874],"_shiftlockState":true,"_pose":"Climbing","_animationQueue":[["walk",0.1],["climb",0.1]],"_animationSpeed":0.349,"_zoom":16.176},{"_mousePosition":[683,384],"_rootPartCFrame":[756.766,234.191,46.138,-0.995,0.024,-0.093,0.024,1,0.007,0.093,0.004,-0.996],"_humanoidState":3,"_cameraCFrame":[753.386,243.386,32.222,-0.993,0.056,-0.104,0,0.88,0.476,0.118,0.472,-0.873],"_shiftlockState":true,"_pose":"Jumping","_animationQueue":[["climb",0.1],["jump",0.1]],"_animationSpeed":1,"_zoom":16.176},{"_mousePosition":[683,384],"_rootPartCFrame":[756.515,234.205,46.15,-1,0.02,-0.02,0.02,1,0.004,0.02,0.003,-1],"_humanoidState":5,"_cameraCFrame":[753.069,243.389,32.241,-0.993,0.058,-0.108,0,0.88,0.475,0.122,0.471,-0.873],"_shiftlockState":true,"_pose":"FreeFall","_animationQueue":[["jump",0.1]],"_animationSpeed":1,"_zoom":16.176},{"_mousePosition":[683,384],"_rootPartCFrame":[756.274,234.363,46.143,-0.997,0.004,-0.083,0.004,1,0,0.083,0,-0.997],"_humanoidState":12,"_cameraCFrame":[752.76,243.547,32.241,-0.992,0.06,-0.11,0,0.88,0.475,0.125,0.471,-0.873],"_shiftlockState":true,"_pose":"Climbing","_animationQueue":[["walk",0.1],["climb",0.1]],"_animationSpeed":0,"_zoom":16.176},{"_mousePosition":[683,384],"_rootPartCFrame":[756.051,234.506,46.125,-0.995,-0.011,-0.096,-0.01,1,-0.007,0.096,-0.006,-0.995],"_humanoidState":3,"_cameraCFrame":[752.486,243.69,32.221,-0.992,0.061,-0.112,0,0.88,0.475,0.127,0.471,-0.873],"_shiftlockState":true,"_pose":"Jumping","_animationQueue":[["climb",0.1],["jump",0.1]],"_animationSpeed":1,"_zoom":16.176},{"_mousePosition":[683,384],"_rootPartCFrame":[755.746,234.608,46.144,-1,-0.007,0.005,-0.007,1,-0.003,-0.005,-0.003,-1],"_humanoidState":5,"_cameraCFrame":[752.157,243.78,32.245,-0.992,0.061,-0.114,0,0.88,0.474,0.129,0.47,-0.873],"_shiftlockState":true,"_pose":"FreeFall","_animationQueue":[["jump",0.1]],"_animationSpeed":1,"_zoom":16.176},{"_mousePosition":[683,384],"_rootPartCFrame":[755.567,234.729,46.133,-0.996,-0.002,-0.093,-0.002,1,0,0.093,0,-0.996],"_humanoidState":12,"_cameraCFrame":[751.941,243.902,32.251,-0.991,0.063,-0.117,0,0.88,0.474,0.133,0.47,-0.873],"_shiftlockState":true,"_pose":"Climbing","_animationQueue":[["walk",0.1],["climb",0.1]],"_animationSpeed":0.272,"_zoom":16.176},{"_mousePosition":[683,384],"_rootPartCFrame":[755.339,234.868,46.12,-0.996,0.002,-0.094,0.002,1,-0.007,0.094,-0.007,-0.996],"_humanoidState":3,"_cameraCFrame":[751.689,244.029,32.228,-0.991,0.064,-0.119,0,0.881,0.474,0.135,0.469,-0.873],"_shiftlockState":true,"_pose":"Jumping","_animationQueue":[["climb",0.1],["jump",0.1]],"_animationSpeed":1,"_zoom":16.176},{"_mousePosition":[683,384],"_rootPartCFrame":[755.089,234.953,46.131,-1,0.002,-0.031,0.002,1,-0.005,0.031,-0.005,-1],"_humanoidState":5,"_cameraCFrame":[751.41,244.114,32.25,-0.991,0.065,-0.12,0,0.881,0.474,0.137,0.469,-0.872],"_shiftlockState":true,"_pose":"FreeFall","_animationQueue":[["jump",0.1]],"_animationSpeed":1,"_zoom":16.176},{"_mousePosition":[683,384],"_rootPartCFrame":[754.853,235.121,46.131,-0.995,0,-0.096,0,1,0,0.096,0,-0.995],"_humanoidState":12,"_cameraCFrame":[751.128,244.282,32.269,-0.99,0.066,-0.123,0,0.881,0.474,0.14,0.469,-0.872],"_shiftlockState":true,"_pose":"Climbing","_animationQueue":[["walk",0.1],["climb",0.1]],"_animationSpeed":0.321,"_zoom":16.176},{"_mousePosition":[683,384],"_rootPartCFrame":[754.627,235.17,46.117,-0.993,0.03,-0.117,0.029,1,0.011,0.117,0.007,-0.993],"_humanoidState":3,"_cameraCFrame":[750.947,244.331,32.266,-0.99,0.066,-0.123,0,0.881,0.474,0.14,0.469,-0.872],"_shiftlockState":true,"_pose":"Jumping","_animationQueue":[["climb",0.1],["jump",0.1]],"_animationSpeed":1,"_zoom":16.176},{"_mousePosition":[683,384],"_rootPartCFrame":[754.373,235.167,46.131,-0.999,0.022,-0.041,0.022,1,0.005,0.041,0.005,-0.999],"_humanoidState":5,"_cameraCFrame":[750.682,244.328,32.276,-0.99,0.066,-0.123,0,0.881,0.474,0.14,0.469,-0.872],"_shiftlockState":true,"_pose":"FreeFall","_animationQueue":[["jump",0.1]],"_animationSpeed":1,"_zoom":16.176},{"_mousePosition":[683,384],"_rootPartCFrame":[754.132,235.323,46.129,-0.995,0.004,-0.099,0.004,1,0,0.099,-0.001,-0.995],"_humanoidState":12,"_cameraCFrame":[750.399,244.484,32.27,-0.99,0.067,-0.124,0,0.881,0.474,0.141,0.469,-0.872],"_shiftlockState":true,"_pose":"Climbing","_animationQueue":[["walk",0.1],["climb",0.1]],"_animationSpeed":-0.116,"_zoom":16.176},{"_mousePosition":[683,384],"_rootPartCFrame":[753.91,235.465,46.112,-0.994,-0.012,-0.11,-0.011,1,-0.009,0.11,-0.008,-0.994],"_humanoidState":3,"_cameraCFrame":[750.153,244.626,32.242,-0.99,0.067,-0.124,0,0.881,0.474,0.141,0.469,-0.872],"_shiftlockState":true,"_pose":"Jumping","_animationQueue":[["climb",0.1],["jump",0.1]],"_animationSpeed":1,"_zoom":16.176},{"_mousePosition":[683,384],"_rootPartCFrame":[753.671,235.552,46.124,-0.999,-0.01,-0.039,-0.009,1,-0.006,0.039,-0.005,-0.999],"_humanoidState":5,"_cameraCFrame":[749.917,244.713,32.258,-0.99,0.067,-0.124,0,0.881,0.474,0.141,0.469,-0.872],"_shiftlockState":true,"_pose":"FreeFall","_animationQueue":[["jump",0.1]],"_animationSpeed":1,"_zoom":16.176},{"_mousePosition":[683,384],"_rootPartCFrame":[753.445,235.721,46.126,-0.995,-0.002,-0.102,-0.002,1,0,0.102,0,-0.995],"_humanoidState":12,"_cameraCFrame":[749.702,244.871,32.262,-0.99,0.067,-0.124,0,0.881,0.473,0.141,0.468,-0.872],"_shiftlockState":true,"_pose":"Climbing","_animationQueue":[["walk",0.1],["climb",0.1]],"_animationSpeed":0.336,"_zoom":16.176},{"_mousePosition":[683,384],"_rootPartCFrame":[753.236,235.861,46.104,-0.994,0.001,-0.106,0.002,1,-0.012,0.106,-0.012,-0.994],"_humanoidState":3,"_cameraCFrame":[749.497,245.01,32.223,-0.99,0.067,-0.124,0,0.881,0.473,0.141,0.468,-0.872],"_shiftlockState":true,"_pose":"Jumping","_animationQueue":[["climb",0.1],["jump",0.1]],"_animationSpeed":1,"_zoom":16.176},{"_mousePosition":[683,384],"_rootPartCFrame":[753.004,235.946,46.112,-0.999,0.001,-0.038,0.001,1,-0.008,0.038,-0.008,-0.999],"_humanoidState":5,"_cameraCFrame":[749.265,245.095,32.236,-0.99,0.067,-0.124,0,0.881,0.473,0.141,0.468,-0.872],"_shiftlockState":true,"_pose":"FreeFall","_animationQueue":[["jump",0.1]],"_animationSpeed":1,"_zoom":16.176},{"_mousePosition":[683,384],"_rootPartCFrame":[752.779,236.079,46.114,-0.994,0.011,-0.105,0.011,1,-0.001,0.105,-0.002,-0.994],"_humanoidState":12,"_cameraCFrame":[749.056,245.229,32.247,-0.99,0.067,-0.124,0,0.881,0.473,0.141,0.468,-0.872],"_shiftlockState":true,"_pose":"Climbing","_animationQueue":[["walk",0.1],["climb",0.1]],"_animationSpeed":0.323,"_zoom":16.176},{"_mousePosition":[683,384],"_rootPartCFrame":[752.561,236.145,46.107,-0.991,0.041,-0.127,0.04,0.999,0.008,0.127,0.002,-0.992],"_humanoidState":3,"_cameraCFrame":[748.882,245.293,32.246,-0.99,0.067,-0.124,0,0.881,0.473,0.141,0.468,-0.872],"_shiftlockState":true,"_pose":"Jumping","_animationQueue":[["climb",0.1],["jump",0.1]],"_animationSpeed":1,"_zoom":16.176},{"_mousePosition":[683,384],"_rootPartCFrame":[752.311,236.156,46.126,-0.999,0.028,-0.045,0.027,1,0.003,0.045,0.002,-0.999],"_humanoidState":5,"_cameraCFrame":[748.612,245.305,32.264,-0.99,0.067,-0.124,0,0.881,0.473,0.141,0.468,-0.872],"_shiftlockState":true,"_pose":"FreeFall","_animationQueue":[["jump",0.1]],"_animationSpeed":1,"_zoom":16.176},{"_mousePosition":[683,384],"_rootPartCFrame":[752.072,236.314,46.127,-0.995,0.004,-0.101,0.004,1,0,0.101,0,-0.995],"_humanoidState":12,"_cameraCFrame":[748.339,245.464,32.263,-0.9