[{"_mousePosition":[706,365],"_rootPartCFrame":[776.023,222.7,47.142,0.003,0,1,0,1,0,-1,0,0.003],"_humanoidState":8,"_cameraCFrame":[789.033,240.242,46.88,-0.02,-0.776,0.63,0,0.63,0.777,-1,0.016,-0.013],"_shiftlockState":false,"_pose":"Standing","_animationQueue":[],"_animationSpeed":1,"_zoom":20.656},{"_mousePosition":[706,365],"_rootPartCFrame":[775.852,222.7,47.146,0.001,0,1,0,1,0,-1,0,0.001],"_humanoidState":8,"_cameraCFrame":[788.861,240.242,46.884,-0.02,-0.776,0.63,0,0.63,0.777,-1,0.016,-0.013],"_shiftlockState":false,"_pose":"Standing","_animationQueue":[],"_animationSpeed":1,"_zoom":20.656},{"_mousePosition":[706,365],"_rootPartCFrame":[775.587,222.7,47.151,-0.002,0,1,0,1,0,-1,0,-0.002],"_humanoidState":8,"_cameraCFrame":[788.565,240.267,46.89,-0.02,-0.778,0.628,0,0.628,0.778,-1,0.016,-0.013],"_shiftlockState":false,"_pose":"Running","_animationQueue":[["walk",0.1]],"_animationSpeed":1.003,"_zoom":20.656},{"_mousePosition":[706,365],"_rootPartCFrame":[775.32,222.7,47.157,-0.004,0,1,0,1,0,-1,0,-0.004],"_humanoidState":8,"_cameraCFrame":[788.299,240.267,46.895,-0.02,-0.778,0.628,0,0.628,0.778,-1,0.016,-0.013],"_shiftlockState":false,"_pose":"Running","_animationQueue":[["walk",0.1],["walk",0.1]],"_animationSpeed":1.101,"_zoom":20.656},{"_mousePosition":[706,365],"_rootPartCFrame":[775.054,222.7,47.162,-0.007,0,1,0,1,0,-1,0,-0.007],"_humanoidState":8,"_cameraCFrame":[788.032,240.267,46.9,-0.02,-0.778,0.628,0,0.628,0.778,-1,0.016,-0.013],"_shiftlockState":false,"_pose":"Running","_animationQueue":[],"_animationSpeed":1.101,"_zoom":20.656},{"_mousePosition":[706,365],"_rootPartCFrame":[774.787,222.7,47.167,-0.008,0,1,0,1,0,-1,0,-0.008],"_humanoidState":8,"_cameraCFrame":[787.765,240.267,46.906,-0.02,-0.778,0.628,0,0.628,0.778,-1,0.016,-0.013],"_shiftlockState":false,"_pose":"Running","_animationQueue":[],"_animationSpeed":1.101,"_zoom":20.656},{"_mousePosition":[706,365],"_rootPartCFrame":[774.521,222.7,47.173,-0.01,0,1,0,1,0,-1,0,-0.01],"_humanoidState":8,"_cameraCFrame":[787.499,240.267,46.911,-0.02,-0.778,0.628,0,0.628,0.778,-1,0.016,-0.013],"_shiftlockState":false,"_pose":"Running","_animationQueue":[],"_animationSpeed":1.101,"_zoom":20.656},{"_mousePosition":[706,365],"_rootPartCFrame":[774.254,222.7,47.178,-0.011,0,1,0,1,0,-1,0,-0.011],"_humanoidState":8,"_cameraCFrame":[787.232,240.267,46.917,-0.02,-0.778,0.628,0,0.628,0.778,-1,0.016,-0.013],"_shiftlockState":false,"_pose":"Running","_animationQueue":[],"_animationSpeed":1.101,"_zoom":20.656},{"_mousePosition":[706,365],"_rootPartCFrame":[773.987,222.7,47.183,-0.013,0,1,0,1,0,-1,0,-0.013],"_humanoidState":8,"_cameraCFrame":[786.966,240.267,46.922,-0.02,-0.778,0.628,0,0.628,0.778,-1,0.016,-0.013],"_shiftlockState":false,"_pose":"Running","_animationQueue":[],"_animationSpeed":1.101,"_zoom":20.656},{"_mousePosition":[706,365],"_rootPartCFrame":[773.721,222.7,47.189,-0.014,0,1,0,1,0,-1,0,-0.014],"_humanoidState":8,"_cameraCFrame":[786.699,240.267,46.927,-0.02,-0.778,0.628,0,0.628,0.778,-1,0.016,-0.013],"_shiftlockState":false,"_pose":"Running","_animationQueue":[],"_animationSpeed":1.101,"_zoom":20.656},{"_mousePosition":[706,365],"_rootPartCFrame":[773.454,222.7,47.194,-0.014,0,1,0,1,0,-1,0,-0.014],"_humanoidState":8,"_cameraCFrame":[786.432,240.267,46.933,-0.02,-0.778,0.628,0,0.628,0.778,-1,0.016,-0.013],"_shiftlockState":false,"_pose":"Running","_animationQueue":[["walk",0.1]],"_animationSpeed":1.101,"_zoom":20.656},{"_mousePosition":[706,365],"_rootPartCFrame":[773.188,222.7,47.199,-0.015,0,1,0,1,0,-1,0,-0.015],"_humanoidState":8,"_cameraCFrame":[786.166,240.267,46.938,-0.02,-0.778,0.628,0,0.628,0.778,-1,0.016,-0.013],"_shiftlockState":false,"_pose":"Running","_animationQueue":[],"_animationSpeed":1.101,"_zoom":20.656},{"_mousePosition":[706,365],"_rootPartCFrame":[772.921,222.7,47.205,-0.016,0,1,0,1,0,-1,0,-0.016],"_humanoidState":8,"_cameraCFrame":[785.899,240.267,46.943,-0.02,-0.778,0.628,0,0.628,0.778,-1,0.016,-0.013],"_shiftlockState":false,"_pose":"Running","_animationQueue":[],"_animationSpeed":1.101,"_zoom":20.656},{"_mousePosition":[706,365],"_rootPartCFrame":[772.654,222.7,47.21,-0.016,0,1,0,1,0,-1,0,-0.016],"_humanoidState":8,"_cameraCFrame":[785.633,240.267,46.949,-0.02,-0.778,0.628,0,0.628,0.778,-1,0.016,-0.013],"_shiftlockState":false,"_pose":"Running","_animationQueue":[],"_animationSpeed":1.101,"_zoom":20.656},{"_mousePosition":[706,365],"_rootPartCFrame":[772.388,222.7,47.216,-0.017,0,1,0,1,0,-1,0,-0.017],"_humanoidState":8,"_cameraCFrame":[785.366,240.267,46.954,-0.02,-0.778,0.628,0,0.628,0.778,-1,0.016,-0.013],"_shiftlockState":false,"_pose":"Running","_animationQueue":[],"_animationSpeed":1.101,"_zoom":20.656},{"_mousePosition":[706,365],"_rootPartCFrame":[772.121,222.7,47.221,-0.017,0,1,0,1,0,-1,0,-0.017],"_humanoidState":8,"_cameraCFrame":[785.099,240.267,46.96,-0.02,-0.778,0.628,0,0.628,0.778,-1,0.016,-0.013],"_shiftlockState":false,"_pose":"Running","_animationQueue":[],"_animationSpeed":1.101,"_zoom":20.656},{"_mousePosition":[706,365],"_rootPartCFrame":[771.855,222.7,47.226,-0.018,0,1,0,1,0,-1,0,-0.018],"_humanoidState":8,"_cameraCFrame":[784.833,240.267,46.965,-0.02,-0.778,0.628,0,0.628,0.778,-1,0.016,-0.013],"_shiftlockState":false,"_pose":"Running","_animationQueue":[],"_animationSpeed":1.101,"_zoom":20.656},{"_mousePosition":[706,365],"_rootPartCFrame":[771.588,222.7,47.232,-0.018,0,1,0,1,0,-1,0,-0.018],"_humanoidState":8,"_cameraCFrame":[784.566,240.267,46.97,-0.02,-0.778,0.628,0,0.628,0.778,-1,0.016,-0.013],"_shiftlockState":false,"_pose":"Running","_animationQueue":[["walk",0.1]],"_animationSpeed":1.101,"_zoom":20.656},{"_mousePosition":[706,365],"_rootPartCFrame":[771.321,222.7,47.237,-0.018,0,1,0,1,0,-1,0,-0.018],"_humanoidState":8,"_cameraCFrame":[784.299,240.267,46.976,-0.02,-0.778,0.628,0,0.628,0.778,-1,0.016,-0.013],"_shiftlockState":false,"_pose":"Running","_animationQueue":[],"_animationSpeed":1.101,"_zoom":20.656},{"_mousePosition":[706,365],"_rootPartCFrame":[771.055,222.7,47.242,-0.019,0,1,0,1,0,-1,0,-0.019],"_humanoidState":8,"_cameraCFrame":[784.002,240.293,47.014,-0.018,-0.779,0.627,0,0.627,0.779,-1,0.014,-0.011],"_shiftlockState":false,"_pose":"Running","_animationQueue":[],"_animationSpeed":1.101,"_zoom":20.656},{"_mousePosition":[706,365],"_rootPartCFrame":[770.788,222.7,47.248,-0.019,0,1,0,1,0,-1,0,-0.019],"_humanoidState":8,"_cameraCFrame":[783.736,240.293,47.02,-0.018,-0.779,0.627,0,0.627,0.779,-1,0.014,-0.011],"_shiftlockState":false,"_pose":"Running","_animationQueue":[],"_animationSpeed":1.101,"_zoom":20.656},{"_mousePosition":[706,365],"_rootPartCFrame":[770.522,222.7,47.253,-0.019,0,1,0,1,0,-1,0,-0.019],"_humanoidState":8,"_cameraCFrame":[783.47,240.293,47.057,-0.015,-0.779,0.627,0,0.627,0.779,-1,0.012,-0.009],"_shiftlockState":false,"_pose":"Running","_animationQueue":[],"_animationSpeed":1.101,"_zoom":20.656},{"_mousePosition":[706,365],"_rootPartCFrame":[770.188,223.77,47.258,-0.019,0,1,0,1,0,-1,0,-0.019],"_humanoidState":3,"_cameraCFrame":[783.136,241.363,47.063,-0.015,-0.779,0.627,0,0.627,0.779,-1,0.012,-0.009],"_shiftlockState":false,"_pose":"Jumping","_animationQueue":[["walk",0.1],["jump",0.1]],"_animationSpeed":1,"_zoom":20.656},{"_mousePosition":[706,365],"_rootPartCFrame":[769.988,224.371,47.262,-0.018,0,1,0,1,0,-1,0,-0.018],"_humanoidState":5,"_cameraCFrame":[782.937,241.964,47.099,-0.013,-0.779,0.627,0,0.627,0.779,-1,0.01,-0.008],"_shiftlockState":false,"_pose":"FreeFall","_animationQueue":[["jump",0.1]],"_animationSpeed":1,"_zoom":20.656},{"_mousePosition":[706,365],"_rootPartCFrame":[769.655,225.305,47.267,-0.018,0,1,0,1,0,-1,0,-0.018],"_humanoidState":5,"_cameraCFrame":[782.604,242.898,47.104,-0.013,-0.779,0.627,0,0.627,0.779,-1,0.01,-0.008],"_shiftlockState":false,"_pose":"FreeFall","_animationQueue":[],"_animationSpeed":1,"_zoom":20.656},{"_mousePosition":[706,365],"_rootPartCFrame":[769.389,225.991,47.27,-0.017,0,1,0,1,0,-1,0,-0.017],"_humanoidState":5,"_cameraCFrame":[782.337,243.584,47.108,-0.013,-0.779,0.627,0,0.627,0.779,-1,0.01,-0.008],"_shiftlockState":false,"_pose":"FreeFall","_animationQueue":[],"_animationSpeed":1,"_zoom":20.656},{"_mousePosition":[706,365],"_rootPartCFrame":[769.122,226.622,47.273,-0.016,0,1,0,1,0,-1,0,-0.016],"_humanoidState":5,"_cameraCFrame":[782.07,244.215,47.111,-0.013,-0.779,0.627,0,0.627,0.779,-1,0.01,-0.008],"_shiftlockState":false,"_pose":"FreeFall","_animationQueue":[],"_animationSpeed":1,"_zoom":20.656},{"_mousePosition":[706,365],"_rootPartCFrame":[768.855,227.199,47.277,-0.016,0,1,0,1,0,-1,0,-0.016],"_humanoidState":5,"_cameraCFrame":[781.804,244.792,47.114,-0.013,-0.779,0.627,0,0.627,0.779,-1,0.01,-0.008],"_shiftlockState":false,"_pose":"FreeFall","_animationQueue":[],"_animationSpeed":1,"_zoom":20.656},{"_mousePosition":[706,365],"_rootPartCFrame":[768.589,227.721,47.28,-0.015,0,1,0,1,0,-1,0,-0.015],"_humanoidState":5,"_cameraCFrame":[781.537,245.314,47.118,-0.013,-0.779,0.627,0,0.627,0.779,-1,0.01,-0.008],"_shiftlockState":false,"_pose":"FreeFall","_animationQueue":[],"_animationSpeed":1,"_zoom":20.656},{"_mousePosition":[706,365],"_rootPartCFrame":[768.389,228.077,47.283,-0.015,0,1,0,1,0,-1,0,-0.015],"_humanoidState":5,"_cameraCFrame":[781.337,245.67,47.12,-0.013,-0.779,0.627,0,0.627,0.779,-1,0.01,-0.008],"_shiftlockState":false,"_pose":"FreeFall","_animationQueue":[],"_animationSpeed":1,"_zoom":20.656},{"_mousePosition":[706,365],"_rootPartCFrame":[768.056,228.602,47.287,-0.015,0,1,0,1,0,-1,0,-0.015],"_humanoidState":5,"_cameraCFrame":[781.004,246.195,47.124,-0.013,-0.779,0.627,0,0.627,0.779,-1,0.01,-0.008],"_shiftlockState":false,"_pose":"FreeFall","_animationQueue":[],"_animationSpeed":1,"_zoom":20.656},{"_mousePosition":[706,365],"_rootPartCFrame":[767.856,228.876,47.289,-0.014,0,1,0,1,0,-1,0,-0.014],"_humanoidState":5,"_cameraCFrame":[780.804,246.469,47.127,-0.013,-0.779,0.627,0,0.627,0.779,-1,0.01,-0.008],"_shiftlockState":false,"_pose":"FreeFall","_animationQueue":[],"_animationSpeed":1,"_zoom":20.656},{"_mousePosition":[706,365],"_rootPartCFrame":[767.589,229.194,47.293,-0.014,0,1,0,1,0,-1,0,-0.014],"_humanoidState":5,"_cameraCFrame":[780.537,246.787,47.13,-0.013,-0.779,0.627,0,0.627,0.779,-1,0.01,-0.008],"_shiftlockState":false,"_pose":"FreeFall","_animationQueue":[],"_animationSpeed":1,"_zoom":20.656},{"_mousePosition":[706,365],"_rootPartCFrame":[767.256,229.515,47.297,-0.014,0,1,0,1,0,-1,0,-0.014],"_humanoidState":5,"_cameraCFrame":[780.204,247.108,47.134,-0.013,-0.779,0.627,0,0.627,0.779,-1,0.01,-0.008],"_shiftlockState":false,"_pose":"FreeFall","_animationQueue":[],"_animationSpeed":1,"_zoom":20.656},{"_mousePosition":[706,365],"_rootPartCFrame":[766.989,229.71,47.3,-0.014,0,1,0,1,0,-1,0,-0.014],"_humanoidState":5,"_cameraCFrame":[779.938,247.303,47.138,-0.013,-0.779,0.627,0,0.627,0.779,-1,0.01,-0.008],"_shiftlockState":false,"_pose":"FreeFall","_animationQueue":[],"_animationSpeed":1,"_zoom":20.656},{"_mousePosition":[706,365],"_rootPartCFrame":[766.789,229.821,47.303,-0.014,0,1,0,1,0,-1,0,-0.014],"_humanoidState":5,"_cameraCFrame":[779.738,247.414,47.14,-0.013,-0.779,0.627,0,0.627,0.779,-1,0.01,-0.008],"_shiftlockState":false,"_pose":"FreeFall","_animationQueue":[],"_animationSpeed":1,"_zoom":20.656},{"_mousePosition":[706,365],"_rootPartCFrame":[766.456,229.937,47.307,-0.013,0,1,0,1,0,-1,0,-0.013],"_humanoidState":5,"_cameraCFrame":[779.404,247.53,47.144,-0.013,-0.779,0.627,0,0.627,0.779,-1,0.01,-0.008],"_shiftlockState":false,"_pose":"FreeFall","_animationQueue":[],"_animationSpeed":1,"_zoom":20.656},{"_mousePosition":[706,365],"_rootPartCFrame":[766.189,229.969,47.31,-0.013,0,1,0,1,0,-1,0,-0.013],"_humanoidState":5,"_cameraCFrame":[779.138,247.562,47.148,-0.013,-0.779,0.627,0,0.627,0.779,-1,0.01,-0.008],"_shiftlockState":false,"_pose":"FreeFall","_animationQueue":[["fall",0.3]],"_animationSpeed":1,"_zoom":20.656},{"_mousePosition":[706,365],"_rootPartCFrame":[765.923,229.946,47.314,-0.013,0,1,0,1,0,-1,0,-0.013],"_humanoidState":5,"_cameraCFrame":[778.871,247.539,47.151,-0.013,-0.779,0.627,0,0.627,0.779,-1,0.01,-0.008],"_shiftlockState":false,"_pose":"FreeFall","_animationQueue":[],"_animationSpeed":1,"_zoom":20.656},{"_mousePosition":[706,365],"_rootPartCFrame":[765.656,229.869,47.317,-0.013,0,1,0,1,0,-1,0,-0.013],"_humanoidState":5,"_cameraCFrame":[778.604,247.462,47.154,-0.013,-0.779,0.627,0,0.627,0.779,-1,0.01,-0.008],"_shiftlockState":false,"_pose":"FreeFall","_animationQueue":[],"_animationSpeed":1,"_zoom":20.656},{"_mousePosition":[706,365],"_rootPartCFrame":[765.39,229.737,47.32,-0.013,0,1,0,1,0,-1,0,-0.013],"_humanoidState":5,"_cameraCFrame":[778.338,247.33,47.19,-0.01,-0.779,0.627,0,0.627,0.779,-1,0.008,-0.006],"_shiftlockState":false,"_pose":"FreeFall","_animationQueue":[],"_animationSpeed":1,"_zoom":20.656},{"_mousePosition":[706,365],"_rootPartCFrame":[765.123,229.551,47.324,-0.013,0,1,0,1,0,-1,0,-0.013],"_humanoidState":5,"_cameraCFrame":[778.072,247.144,47.227,-0.007,-0.779,0.627,0,0.627,0.779,-1,0.006,-0.005],"_shiftlockState":false,"_pose":"FreeFall","_animationQueue":[],"_animationSpeed":1,"_zoom":20.656},{"_mousePosition":[706,365],"_rootPartCFrame":[764.856,229.31,47.326,-0.013,0,1,0,1,0,-1,0,-0.013],"_humanoidState":5,"_cameraCFrame":[777.774,246.928,47.262,-0.005,-0.78,0.625,0,0.625,0.78,-1,0.004,-0.003],"_shiftlockState":false,"_pose":"FreeFall","_animationQueue":[],"_animationSpeed":1,"_zoom":20.656},{"_mousePosition":[706,365],"_rootPartCFrame":[764.59,229.015,47.328,-0.012,0,1,0,1,0,-1,0,-0.012],"_humanoidState":5,"_cameraCFrame":[777.508,246.633,47.264,-0.005,-0.78,0.625,0,0.625,0.78,-1,0.004,-0.003],"_shiftlockState":false,"_pose":"FreeFall","_animationQueue":[["fall",0.3]],"_animationSpeed":1,"_zoom":20.656},{"_mousePosition":[706,365],"_rootPartCFrame":[764.323,228.665,47.33,-0.011,0,1,0,1,0,-1,0,-0.011],"_humanoidState":5,"_cameraCFrame":[777.178,246.334,47.299,-0.002,-0.783,0.622,0,0.622,0.783,-1,0.002,-0.002],"_shiftlockState":false,"_pose":"FreeFall","_animationQueue":[],"_animationSpeed":1,"_zoom":20.656},{"_mousePosition":[706,365],"_rootPartCFrame":[764.057,228.261,47.331,-0.01,0,1,0,1,0,-1,0,-0.01],"_humanoidState":5,"_cameraCFrame":[776.912,245.929,47.332,0,-0.783,0.622,0,0.622,0.783,-1,0,0],"_shiftlockState":false,"_pose":"FreeFall","_animationQueue":[],"_animationSpeed":1,"_zoom":20.656},{"_mousePosition":[706,365],"_rootPartCFrame":[763.79,227.802,47.332,-0.009,0,1,0,1,0,-1,0,-0.009],"_humanoidState":5,"_cameraCFrame":[776.613,245.496,47.366,0.003,-0.784,0.621,0,0.621,0.784,-1,-0.002,0.002],"_shiftlockState":false,"_pose":"FreeFall","_animationQueue":[],"_animationSpeed":1,"_zoom":20.656},{"_mousePosition":[706,365],"_rootPartCFrame":[763.523,227.289,47.332,-0.008,0,1,0,1,0,-1,0,-0.008],"_humanoidState":5,"_cameraCFrame":[776.347,244.982,47.366,0.003,-0.784,0.621,0,0.621,0.784,-1,-0.002,0.002],"_shiftlockState":false,"_pose":"FreeFall","_animationQueue":[],"_animationSpeed":1,"_zoom":20.656},{"_mousePosition":[706,365],"_rootPartCFrame":[763.257,226.721,47.331,-0.007,0,1,0,1,0,-1,0,-0.007],"_humanoidState":5,"_cameraCFrame":[776.08,244.415,47.365,0.003,-0.784,0.621,0,0.621,0.784,-1,-0.002,0.002],"_shiftlockState":false,"_pose":"FreeFall","_animationQueue":[],"_animationSpeed":1,"_zoom":20.656},{"_mousePosition":[706,365],"_rootPartCFrame":[762.99,226.099,47.331,-0.005,0,1,0,1,0,-1,0,-0.005],"_humanoidState":5,"_cameraCFrame":[775.782,243.817,47.364,0.003,-0.785,0.619,0,0.619,0.785,-1,-0.002,0.002],"_shiftlockState":false,"_pose":"FreeFall","_animationQueue":[["fall",0.3]],"_animationSpeed":1,"_zoom":20.656},{"_mousePosition":[706,365],"_rootPartCFrame":[762.724,225.422,47.33,-0.004,0,1,0,1,0,-1,0,-0.004],"_humanoidState":5,"_cameraCFrame":[775.484,243.166,47.396,0.005,-0.786,0.618,0,0.618,0.786,-1,-0.004,0.003],"_shiftlockState":false,"_pose":"FreeFall","_animationQueue":[],"_animationSpeed":1,"_zoom":20.656},{"_mousePosition":[706,365],"_rootPartCFrame":[762.457,224.691,47.329,-0.003,0,1,0,1,0,-1,0,-0.003],"_humanoidState":5,"_cameraCFrame":[775.185,242.459,47.395,0.005,-0.788,0.616,0,0.616,0.788,-1,-0.004,0.003],"_shiftlockState":false,"_pose":"FreeFall","_animationQueue":[],"_animationSpeed":1,"_zoom":20.656},{"_mousePosition":[706,365],"_rootPartCFrame":[762.19,223.905,47.328,-0.002,0,1,0,1,0,-1,0,-0.002],"_humanoidState":5,"_cameraCFrame":[774.919,241.673,47.426,0.008,-0.788,0.616,0,0.616,0.788,-1,-0.006,0.005],"_shiftlockState":false,"_pose":"FreeFall","_animationQueue":[],"_animationSpeed":1,"_zoom":20.656},{"_mousePosition":[706,365],"_rootPartCFrame":[761.924,223.065,47.327,-0.001,0,1,0,1,0,-1,0,-0.001],"_humanoidState":5,"_cameraCFrame":[774.652,240.833,47.425,0.008,-0.788,0.616,0,0.616,0.788,-1,-0.006,0.005],"_shiftlockState":false,"_pose":"FreeFall","_animationQueue":[],"_animationSpeed":1,"_zoom":20.656},{"_mousePosition":[706,365],"_rootPartCFrame":[761.724,222.508,47.325,0,0,1,0,1,0,-1,0,0],"_humanoidState":7,"_cameraCFrame":[774.452,240.276,47.423,0.008,-0.788,0.616,0,0.616,0.788,-1,-0.006,0.005],"_shiftlockState":false,"_pose":"FreeFall","_animationQueue":[["walk",0.1],["fall",0.3],["fall",0.3]],"_animationSpeed":1,"_zoom":20.656},{"_mousePosition":[706,365],"_rootPartCFrame":[761.457,222.46,47.323,0.001,0,1,0,1,0,-1,0,0.001],"_humanoidState":7,"_cameraCFrame":[774.185,240.228,47.421,0.008,-0.788,0.616,0,0.616,0.788,-1,-0.006,0.005],"_shiftlockState":false,"_pose":"FreeFall","_animationQueue":[],"_animationSpeed":1,"_zoom":20.656},{"_mousePosition":[706,365],"_rootPartCFrame":[761.191,222.548,47.321,0.002,0,1,0,1,0,-1,0,0.002],"_humanoidState":7,"_cameraCFrame":[773.919,240.316,47.419,0.008,-0.788,0.616,0,0.616,0.788,-1,-0.006,0.005],"_shiftlockState":false,"_pose":"FreeFall","_animationQueue":[["fall",0.3]],"_animationSpeed":1,"_zoom":20.656},{"_mousePosition":[706,365],"_rootPartCFrame":[760.857,222.625,47.319,0.003,0,1,0,1,0,-1,0,0.003],"_humanoidState":8,"_cameraCFrame":[773.586,240.393,47.416,0.008,-0.788,0.616,0,0.616,0.788,-1,-0.006,0.005],"_shiftlockState":false,"_pose":"Running","_animationQueue":[["walk",0.1],["fall",0.3],["walk",0.1]],"_animationSpeed":1.103,"_zoom":20.656},{"_mousePosition":[706,365],"_rootPartCFrame":[760.591,222.659,47.316,0.003,0,1,0,1,0,-1,0,0.003],"_humanoidState":8,"_cameraCFrame":[773.287,240.452,47.414,0.008,-0.789,0.615,0,0.615,0.789,-1,-0.006,0.005],"_shiftlockState":false,"_pose":"Running","_animationQueue":[],"_animationSpeed":1.103,"_zoom":20.656},{"_mousePosition":[706,365],"_rootPartCFrame":[760.324,222.678,47.314,0.004,0,1,0,1,0,-1,0,0.004],"_humanoidState":8,"_cameraCFrame":[773.021,240.47,47.412,0.008,-0.789,0.615,0,0.615,0.789,-1,-0.006,0.005],"_shiftlockState":false,"_pose":"Running","_animationQueue":[],"_animationSpeed":1.103,"_zoom":20.656},{"_mousePosition":[706,365],"_rootPartCFrame":[760.057,222.688,47.312,0.004,0,1,0,1,0,-1,0,0.004],"_humanoidState":8,"_cameraCFrame":[772.69,240.53,47.41,0.008,-0.791,0.612,0,0.612,0.791,-1,-0.006,0.005],"_shiftlockState":false,"_pose":"Running","_animationQueue":[],"_animationSpeed":1.103,"_zoom":20.656},{"_mousePosition":[706,365],"_rootPartCFrame":[759.791,222.693,47.31,0.005,0,1,0,1,0,-1,0,0.005],"_humanoidState":8,"_cameraCFrame":[772.392,240.56,47.407,0.008,-0.792,0.61,0,0.61,0.792,-1,-0.006,0.005],"_shiftlockState":false,"_pose":"Running","_animationQueue":[],"_animationSpeed":1.103,"_zoom":20.656},{"_mousePosition":[706,365],"_rootPartCFrame":[759.524,222.696,47.308,0.005,0,1,0,1,0,-1,0,0.005],"_humanoidState":8,"_cameraCFrame":[772.094,240.587,47.405,0.008,-0.794,0.609,0,0.609,0.794,-1,-0.006,0.005],"_shiftlockState":false,"_pose":"Running","_animationQueue":[["walk",0.1]],"_animationSpeed":1.103,"_zoom":20.656},{"_mousePosition":[706,365],"_rootPartCFrame":[759.258,222.697,47.306,0.006,0,1,0,1,0,-1,0,0.006],"_humanoidState":8,"_cameraCFrame":[771.827,240.589,47.403,0.008,-0.794,0.609,0,0.609,0.794,-1,-0.006,0.005],"_shiftlockState":false,"_pose":"Running","_animationQueue":[],"_animationSpeed":1.103,"_zoom":20.656},{"_mousePosition":[706,365],"_rootPartCFrame":[758.991,222.698,47.304,0.006,0,1,0,1,0,-1,0,0.006],"_humanoidState":8,"_cameraCFrame":[771.528,240.614,47.401,0.008,-0.795,0.607,0,0.607,0.795,-1,-0.006,0.005],"_shiftlockState":false,"_pose":"Running","_animationQueue":[],"_animationSpeed":1.103,"_zoom":20.656},{"_mousePosition":[706,365],"_rootPartCFrame":[758.724,222.699,47.302,0.006,0,1,0,1,0,-1,0,0.006],"_humanoidState":8,"_cameraCFrame":[771.23,240.639,47.398,0.008,-0.796,0.605,0,0.605,0.796,-1,-0.006,0.005],"_shiftlockState":false,"_pose":"Running","_animationQueue":[],"_animationSpeed":1.103,"_zoom":20.656},{"_mousePosition":[706,365],"_rootPartCFrame":[758.458,222.699,47.3,0.006,0,1,0,1,0,-1,0,0.006],"_humanoidState":8,"_cameraCFrame":[770.931,240.664,47.396,0.008,-0.797,0.604,0,0.604,0.797,-1,-0.006,0.005],"_shiftlockState":false,"_pose":"Running","_animationQueue":[],"_animationSpeed":1.103,"_zoom":20.656},{"_mousePosition":[706,365],"_rootPartCFrame":[758.191,222.699,47.298,0.007,0,1,0,1,0,-1,0,0.007],"_humanoidState":8,"_cameraCFrame":[770.664,240.664,47.394,0.008,-0.797,0.604,0,0.604,0.797,-1,-0.006,0.005],"_shiftlockState":false,"_pose":"Running","_animationQueue":[],"_animationSpeed":1.103,"_zoom":20.656},{"_mousePosition":[706,365],"_rootPartCFrame":[757.925,222.699,47.296,0.007,0,1,0,1,0,-1,0,0.007],"_humanoidState":8,"_cameraCFrame":[770.398,240.664,47.392,0.008,-0.797,0.604,0,0.604,0.797,-1,-0.006,0.005],"_shiftlockState":false,"_pose":"Running","_animationQueue":[],"_animationSpeed":1.103,"_zoom":20.656},{"_mousePosition":[706,365],"_rootPartCFrame":[757.658,222.699,47.294,0.007,0,1,0,1,0,-1,0,0.007],"_humanoidState":8,"_cameraCFrame":[770.131,240.664,47.39,0.008,-0.797,0.604,0,0.604,0.797,-1,-0.006,0.005],"_shiftlockState":false,"_pose":"Running","_animationQueue":[["walk",0.1]],"_animationSpeed":1.103,"_zoom":20.656},{"_mousePosition":[706,365],"_rootPartCFrame":[757.391,222.699,47.292,0.007,0,1,0,1,0,-1,0,0.007],"_humanoidState":8,"_cameraCFrame":[769.865,240.664,47.388,0.008,-0.797,0.604,0,0.604,0.797,-1,-0.006,0.005],"_shiftlockState":false,"_pose":"Running","_animationQueue":[],"_animationSpeed":1.103,"_zoom":20.656},{"_mousePosition":[706,365],"_rootPartCFrame":[757.125,222.699,47.29,0.007,0,1,0,1,0,-1,0,0.007],"_humanoidState":8,"_cameraCFrame":[769.598,240.664,47.386,0.008,-0.797,0.604,0,0.604,0.797,-1,-0.006,0.005],"_shiftlockState":false,"_pose":"Running","_animationQueue":[],"_animationSpeed":1.103,"_zoom":20.656},{"_mousePosition":[706,365],"_rootPartCFrame":[756.858,222.699,47.288,0.007,0,1,0,1,0,-1,0,0.007],"_humanoidState":8,"_cameraCFrame":[769.299,240.688,47.383,0.008,-0.798,0.602,0,0.602,0.798,-1,-0.006,0.005],"_shiftlockState":false,"_pose":"Running","_animationQueue":[],"_animationSpeed":1.103,"_zoom":20.656},{"_mousePosition":[706,365],"_rootPartCFrame":[756.592,222.699,47.286,0.007,0,1,0,1,0,-1,0,0.007],"_humanoidState":8,"_cameraCFrame":[769.001,240.712,47.381,0.008,-0.799,0.601,0,0.601,0.799,-1,-0.006,0.005],"_shiftlockState":false,"_pose":"Running","_animationQueue":[],"_animationSpeed":1.103,"_zoom":20.656},{"_mousePosition":[706,365],"_rootPartCFrame":[756.325,222.699,47.284,0.007,0,1,0,1,0,-1,0,0.007],"_humanoidState":8,"_cameraCFrame":[768.734,240.712,47.348,0.005,-0.799,0.601,0,0.601,0.799,-1,-0.004,0.003],"_shiftlockState":false,"_pose":"Running","_animationQueue":[],"_animationSpeed":1.103,"_zoom":20.656},{"_mousePosition":[706,365],"_rootPartCFrame":[756.058,222.699,47.282,0.007,0,1,0,1,0,-1,0,0.007],"_humanoidState":8,"_cameraCFrame":[768.435,240.736,47.346,0.005,-0.801,0.599,0,0.599,0.801,-1,-0.004,0.003],"_shiftlockState":false,"_pose":"Running","_animationQueue":[],"_animationSpeed":1.103,"_zoom":20.656},{"_mousePosition":[706,365],"_rootPartCFrame":[755.792,222.699,47.28,0.007,0,1,0,1,0,-1,0,0.007],"_humanoidState":8,"_cameraCFrame":[768.169,240.736,47.344,0.005,-0.801,0.599,0,0.599,0.801,-1,-0.004,0.003],"_shiftlockState":false,"_pose":"Running","_animationQueue":[["walk",0.1]],"_animationSpeed":1.103,"_zoom":20.656},{"_mousePosition":[706,365],"_rootPartCFrame":[755.525,222.699,47.279,0.007,0,1,0,1,0,-1,0,0.007],"_humanoidState":8,"_cameraCFrame":[767.902,240.736,47.343,0.005,-0.801,0.599,0,0.599,0.801,-1,-0.004,0.003],"_shiftlockState":false,"_pose":"Running","_animationQueue":[],"_animationSpeed":1.103,"_zoom":20.656},{"_mousePosition":[706,365],"_rootPartCFrame":[755.258,222.699,47.277,0.007,0,1,0,1,0,-1,0,0.007],"_humanoidState":8,"_cameraCFrame":[767.635,240.736,47.341,0.005,-0.801,0.599,0,0.599,0.801,-1,-0.004,0.003],"_shiftlockState":false,"_pose":"Running","_animationQueue":[],"_animationSpeed":1.103,"_zoom":20.656},{"_mousePosition":[706,365],"_rootPartCFrame":[754.992,222.699,47.276,0.006,0,1,0,1,0,-1,0,0.006],"_humanoidState":8,"_cameraCFrame":[767.369,240.736,47.34,0.005,-0.801,0.599,0,0.599,0.801,-1,-0.004,0.003],"_shiftlockState":false,"_pose":"Running","_animationQueue":[],"_animationSpeed":1.103,"_zoom":20.656},{"_mousePosition":[706,365],"_rootPartCFrame":[754.725,222.699,47.275,0.006,0,1,0,1,0,-1,0,0.006],"_humanoidState":8,"_cameraCFrame":[767.102,240.736,47.339,0.005,-0.801,0.599,0,0.599,0.801,-1,-0.004,0.003],"_shiftlockState":false,"_pose":"Running","_animationQueue":[],"_animationSpeed":1.103,"_zoom":20.656},{"_mousePosition":[706,365],"_rootPartCFrame":[754.458,222.699,47.273,0.006,0,1,0,1,0,-1,0,0.006],"_humanoidState":8,"_cameraCFrame":[766.835,240.736,47.337,0.005,-0.801,0.599,0,0.599,0.801,-1,-0.004,0.003],"_shiftlockState":false,"_pose":"Running","_animationQueue":[],"_animationSpeed":1.103,"_zoom":20.656},{"_mousePosition":[706,365],"_rootPartCFrame":[754.191,222.699,47.272,0.006,0,1,0,1,0,-1,0,0.006],"_humanoidState":8,"_cameraCFrame":[766.568,240.736,47.336,0.005,-0.801,0.599,0,0.599,0.801,-1,-0.004,0.003],"_shiftlockState":false,"_pose":"Running","_animationQueue":[],"_animationSpeed":1.103,"_zoom":20.656},{"_mousePosition":[706,365],"_rootPartCFrame":[753.925,222.699,47.27,0.006,0,1,0,1,0,-1,0,0.006],"_humanoidState":8,"_cameraCFrame":[766.302,240.736,47.334,0.005,-0.801,0.599,0,0.599,0.801,-1,-0.004,0.003],"_shiftlockState":false,"_pose":"Running","_animationQueue":[["walk",0.1]],"_animationSpeed":1.103,"_zoom":20.656},{"_mousePosition":[706,365],"_rootPartCFrame":[753.658,223.572,47.269,0.006,0,1,0,1,0,-1,0,0.006],"_humanoidState":3,"_cameraCFrame":[766.035,241.61,47.333,0.005,-0.801,0.599,0,0.599,0.801,-1,-0.004,0.003],"_shiftlockState":false,"_pose":"Jumping","_animationQueue":[["walk",0.1],["jump",0.1]],"_animationSpeed":1,"_zoom":20.656},{"_mousePosition":[706,365],"_rootPartCFrame":[753.458,224.194,47.268,0.006,0,1,0,1,0,-1,0,0.006],"_humanoidState":5,"_cameraCFrame":[765.835,242.231,47.332,0.005,-0.801,0.599,0,0.599,0.801,-1,-0.004,0.003],"_shiftlockState":false,"_pose":"FreeFall","_animationQueue":[["jump",0.1]],"_animationSpeed":1,"_zoom":20.656},{"_mousePosition":[706,365],"_rootPartCFrame":[753.192,224.975,47.267,0.006,0,1,0,1,0,-1,0,0.006],"_humanoidState":5,"_cameraCFrame":[765.568,243.012,47.331,0.005,-0.801,0.599,0,0.599,0.801,-1,-0.004,0.003],"_shiftlockState":false,"_pose":"FreeFall","_animationQueue":[],"_animationSpeed":1,"_zoom":20.656},{"_mousePosition":[706,365],"_rootPartCFrame":[752.858,225.875,47.265,0.006,0,1,0,1,0,-1,0,0.006],"_humanoidState":5,"_cameraCFrame":[765.235,243.912,47.329,0.005,-0.801,0.599,0,0.599,0.801,-1,-0.004,0.003],"_shiftlockState":false,"_pose":"FreeFall","_animationQueue":[],"_animationSpeed":1,"_zoom":20.656},{"_mousePosition":[706,365],"_rootPartCFrame":[752.658,226.374,47.264,0.005,0,1,0,1,0,-1,0,0.005],"_humanoidState":5,"_cameraCFrame":[765.035,244.411,47.328,0.005,-0.801,0.599,0,0.599,0.801,-1,-0.004,0.003],"_shiftlockState":false,"_pose":"FreeFall","_animationQueue":[],"_animationSpeed":1,"_zoom":20.656},{"_mousePosition":[706,365],"_rootPartCFrame":[752.392,226.992,47.263,0.005,0,1,0,1,0,-1,0,0.005],"_humanoidState":5,"_cameraCFrame":[764.769,245.029,47.327,0.005,-0.801,0.599,0,0.599,0.801,-1,-0.004,0.003],"_shiftlockState":false,"_pose":"FreeFall","_animationQueue":[],"_animationSpeed":1,"_zoom":20.656},{"_mousePosition":[706,365],"_rootPartCFrame":[752.059,227.687,47.261,0.005,0,1,0,1,0,-1,0,0.005],"_humanoidState":5,"_cameraCFrame":[764.435,245.724,47.325,0.005,-0.801,0.599,0,0.599,0.801,-1,-0.004,0.003],"_shiftlockState":false,"_pose":"FreeFall","_animationQueue":[],"_animationSpeed":1,"_zoom":20.656},{"_mousePosition":[706,365],"_rootPartCFrame":[751.859,228.063,47.26,0.005,0,1,0,1,0,-1,0,0.005],"_humanoidState":5,"_cameraCFrame":[764.235,246.101,47.324,0.005,-0.801,0.599,0,0.599,0.801,-1,-0.004,0.003],"_shiftlockState":false,"_pose":"FreeFall","_animationQueue":[],"_animationSpeed":1,"_zoom":20.656},{"_mousePosition":[706,365],"_rootPartCFrame":[751.525,228.623,47.258,0.005,0,1,0,1,0,-1,0,0.005],"_humanoidState":5,"_cameraCFrame":[763.902,246.66,47.322,0.005,-0.801,0.599,0,0.599,0.801,-1,-0.004,0.003],"_shiftlockState":false,"_pose":"FreeFall","_animationQueue":[],"_animationSpeed":1,"_zoom":20.656},{"_mousePosition":[706,365],"_rootPartCFrame":[751.259,229.009,47.257,0.005,0,1,0,1,0,-1,0,0.005],"_humanoidState":5,"_cameraCFrame":[763.603,247.07,47.321,0.005,-0.802,0.598,0,0.598,0.802,-1,-0.004,0.003],"_shiftlockState":false,"_pose":"FreeFall","_animationQueue":[],"_animationSpeed":1,"_zoom":20.656},{"_mousePosition":[706,365],"_rootPartCFrame":[750.992,229.34,47.255,0.005,0,1,0,1,0,-1,0,0.005],"_humanoidState":5,"_cameraCFrame":[763.337,247.401,47.319,0.005,-0.802,0.598,0,0.598,0.802,-1,-0.004,0.003],"_shiftlockState":false,"_pose":"FreeFall","_animationQueue":[],"_animationSpeed":1,"_zoom":20.656},{"_mousePosition":[706,365],"_rootPartCFrame":[750.726,229.617,47.254,0.005,0,1,0,1,0,-1,0,0.005],"_humanoidState":5,"_cameraCFrame":[763.07,247.678,47.318,0.005,-0.802,0.598,0,0.598,0.802,-1,-0.004,0.003],"_shiftlockState":false,"_pose":"FreeFall","_animationQueue":[],"_animationSpeed":1,"_zoom":20.656},{"_mousePosition":[706,365],"_rootPartCFrame":[750.526,229.789,47.253,0.005,0,1,0,1,0,-1,0,0.005],"_humanoidState":5,"_cameraCFrame":[762.87,247.85,47.317,0.005,-0.802,0.598,0,0.598,0.802,-1,-0.004,0.003],"_shiftlockState":false,"_pose":"FreeFall","_animationQueue":[],"_animationSpeed":1,"_zoom":20.656},{"_mousePosition":[706,365],"_rootPartCFrame":[750.192,230.008,47.251,0.005,0,1,0,1,0,-1,0,0.005],"_humanoidState":5,"_cameraCFrame":[762.537,248.069,47.315,0.005,-0.802,0.598,0,0.598,0.802,-1,-0.004,0.003],"_shiftlockState":false,"_pose":"FreeFall","_animationQueue":[],"_animationSpeed":1,"_zoom":20.656},{"_mousePosition":[706,365],"_rootPartCFrame":[749.926,230.121,47.25,0.005,0,1,0,1,0,-1,0,0.005],"_humanoidState":5,"_cameraCFrame":[762.271,248.182,47.282,0.003,-0.802,0.598,0,0.598,0.802,-1,-0.002,0.002],"_shiftlockState":false,"_pose":"FreeFall","_animationQueue":[],"_animationSpeed":1,"_zoom":20.656},{"_mousePosition":[706,365],"_rootPartCFrame":[749.659,230.18,47.248,0.005,0,1,0,1,0,-1,0,0.005],"_humanoidState":5,"_cameraCFrame":[761.939,248.289,47.281,0.003,-0.804,0.595,0,0.595,0.804,-1,-0.002,0.002],"_shiftlockState":false,"_pose":"FreeFall","_animationQueue":[],"_animationSpeed":1,"_zoom":20.656},{"_mousePosition":[706,365],"_rootPartCFrame":[749.393,230.185,47.248,0.005,0,1,0,1,0,-1,0,0.005],"_humanoidState":5,"_cameraCFrame":[761.64,248.318,47.249,0,-0.805,0.593,0,0.593,0.805,-1,0,0],"_shiftlockState":false,"_pose":"FreeFall","_animationQueue":[],"_animationSpeed":1,"_zoom":20.656},{"_mousePosition":[706,365],"_rootPartCFrame":[749.126,230.08,47.247,0.005,0,1,0,1,0,-1,0,0.005],"_humanoidState":7,"_cameraCFrame":[761.341,248.237,47.217,-0.002,-0.806,0.591,0,0.591,0.806,-1,0.002,-0.001],"_shiftlockState":false,"_pose":"FreeFall","_animationQueue":[["walk",0.1]],"_animationSpeed":1.103,"_zoom":20.656},{"_mousePosition":[706,365],"_rootPartCFrame":[748.926,229.961,47.247,0.004,0,1,0,1,0,-1,0,0.004],"_humanoidState":7,"_cameraCFrame":[761.141,248.118,47.217,-0.002,-0.806,0.591,0,0.591,0.806,-1,0.002,-0.001],"_shiftlockState":false,"_pose":"FreeFall","_animationQueue":[],"_animationSpeed":1.103,"_zoom":20.656},{"_mousePosition":[706,365],"_rootPartCFrame":[748.593,229.689,47.248,0.003,0,1,0,1,0,-1,0,0.003],"_humanoidState":8,"_cameraCFrame":[760.775,247.869,47.187,-0.005,-0.808,0.59,0,0.59,0.808,-1,0.004,-0.003],"_shiftlockState":false,"_pose":"Running","_animationQueue":[["fall",0.3],["walk",0.1],["fall",0.3],["walk",0.1]],"_animationSpeed":1.103,"_zoom":20.656},{"_mousePosition":[706,365],"_rootPartCFrame":[748.326,229.652,47.248,0.002,0,1,0,1,0,-1,0,0.002],"_humanoidState":8,"_cameraCFrame":[760.509,247.833,47.188,-0.005,-0.808,0.59,0,0.59,0.808,-1,0.004,-0.003],"_shiftlockState":false,"_pose":"Running","_animationQueue":[],"_animationSpeed":1.103,"_zoom":20.656},{"_mousePosition":[706,365],"_rootPartCFrame":[748.059,229.668,47.25,0.002,0,1,0,1,0,-1,0,0.002],"_humanoidState":8,"_cameraCFrame":[760.242,247.848,47.189,-0.005,-0.808,0.59,0,0.59,0.808,-1,0.004,-0.003],"_shiftlockState":false,"_pose":"Running","_animationQueue":[],"_animationSpeed":1.103,"_zoom":20.656},{"_mousePosition":[706,365],"_rootPartCFrame":[747.792,229.681,47.251,0.001,0,1,0,1,0,-1,0,0.001],"_humanoidState":8,"_cameraCFrame":[759.975,247.862,47.19,-0.005,-0.808,0.59,0,0.59,0.808,-1,0.004,-0.003],"_shiftlockState":false,"_pose":"Running","_animationQueue":[],"_animationSpeed":1.103,"_zoom":20.656},{"_mousePosition":[706,365],"_rootPartCFrame":[747.526,229.689,47.252,0,0,1,0,1,0,-1,0,0],"_humanoidState":8,"_cameraCFrame":[759.708,247.87,47.192,-0.005,-0.808,0.59,0,0.59,0.808,-1,0.004,-0.003],"_shiftlockState":false,"_pose":"Running","_animationQueue":[],"_animationSpeed":1.103,"_zoom":20.656},{"_mousePosition":[706,365],"_rootPartCFrame":[747.259,229.694,47.253,-0.001,0,1,0,1,0,-1,0,-0.001],"_humanoidState":8,"_cameraCFrame":[759.442,247.875,47.193,-0.005,-0.808,0.59,0,0.59,0.808,-1,0.004,-0.003],"_shiftlockState":false,"_pose":"Running","_animationQueue":[],"_animationSpeed":1.103,"_zoom":20.656},{"_mousePosition":[706,365],"_rootPartCFrame":[746.992,229.696,47.255,-0.001,0,1,0,1,0,-1,0,-0.001],"_humanoidState":8,"_cameraCFrame":[759.175,247.877,47.194,-0.005,-0.808,0.59,0,0.59,0.808,-1,0.004,-0.003],"_shiftlockState":false,"_pose":"Running","_animationQueue":[],"_animationSpeed":1.103,"_zoom":20.656},{"_mousePosition":[706,365],"_rootPartCFrame":[746.726,229.698,47.256,-0.002,0,1,0,1,0,-1,0,-0.002],"_humanoidState":8,"_cameraCFrame":[758.908,247.878,47.196,-0.005,-0.808,0.59,0,0.59,0.808,-1,0.004,-0.003],"_shiftlockState":false,"_pose":"Running","_animationQueue":[["walk",0.1]],"_animationSpeed":1.103,"_zoom":20.656},{"_mousePosition":[706,365],"_rootPartCFrame":[746.459,229.698,47.257,-0.002,0,1,0,1,0,-1,0,-0.002],"_humanoidState":8,"_cameraCFrame":[758.642,247.879,47.197,-0.005,-0.808,0.59,0,0.59,0.808,-1,0.004,-0.003],"_shiftlockState":false,"_pose":"Running","_animationQueue":[],"_animationSpeed":1.103,"_zoom":20.656},{"_mousePosition":[706,365],"_rootPartCFrame":[746.192,229.699,47.259,-0.003,0,1,0,1,0,-1,0,-0.003],"_humanoidState":8,"_cameraCFrame":[758.375,247.88,47.198,-0.005,-0.808,0.59,0,0.59,0.808,-1,0.004,-0.003],"_shiftlockState":false,"_pose":"Running","_animationQueue":[],"_animationSpeed":1.103,"_zoom":20.656},{"_mousePosition":[706,365],"_rootPartCFrame":[745.925,229.699,47.26,-0.003,0,1,0,1,0,-1,0,-0.003],"_humanoidState":8,"_cameraCFrame":[758.108,247.88,47.2,-0.005,-0.808,0.59,0,0.59,0.808,-1,0.004,-0.003],"_shiftlockState":false,"_pose":"Running","_animationQueue":[],"_animationSpeed":1.103,"_zoom":20.656},{"_mousePosition":[706,365],"_rootPartCFrame":[745.659,229.699,47.261,-0.003,0,1,0,1,0,-1,0,-0.003],"_humanoidState":8,"_cameraCFrame":[757.841,247.88,47.201,-0.005,-0.808,0.59,0,0.59,0.808,-1,0.004,-0.003],"_shiftlockState":false,"_pose":"Running","_animationQueue":[],"_animationSpeed":1.103,"_zoom":20.656},{"_mousePosition":[706,365],"_rootPartCFrame":[745.392,229.699,47.263,-0.003,0,1,0,1,0,-1,0,-0.003],"_humanoidState":8,"_cameraCFrame":[757.575,247.88,47.202,-0.005,-0.808,0.59,0,0.59,0.808,-1,0.004,-0.003],"_shiftlockState":false,"_pose":"Running","_animationQueue":[],"_animationSpeed":1.103,"_zoom":20.656},{"_mousePosition":[706,365],"_rootPartCFrame":[745.125,229.699,47.264,-0.004,0,1,0,1,0,-1,0,-0.004],"_humanoidState":8,"_cameraCFrame":[757.308,247.88,47.204,-0.005,-0.808,0.59,0,0.59,0.808,-1,0.004,-0.003],"_shiftlockState":false,"_pose":"Running","_animationQueue":[],"_animationSpeed":1.103,"_zoom":20.656},{"_mousePosition":[706,365],"_rootPartCFrame":[744.858,229.699,47.265,-0.004,0,1,0,1,0,-1,0,-0.004],"_humanoidState":8,"_cameraCFrame":[757.041,247.88,47.205,-0.005,-0.808,0.59,0,0.59,0.808,-1,0.004,-0.003],"_shiftlockState":false,"_pose":"Running","_animationQueue":[["walk",0.1]],"_animationSpeed":1.103,"_zoom":20.656},{"_mousePosition":[706,365],"_rootPartCFrame":[744.592,229.699,47.267,-0.004,0,1,0,1,0,-1,0,-0.004],"_humanoidState":8,"_cameraCFrame":[756.774,247.88,47.206,-0.005,-0.808,0.59,0,0.59,0.808,-1,0.004,-0.003],"_shiftlockState":false,"_pose":"Running","_animationQueue":[],"_animationSpeed":1.103,"_zoom":20.656},{"_mousePosition":[706,365],"_rootPartCFrame":[744.325,229.699,47.268,-0.004,0,1,0,1,0,-1,0,-0.004],"_humanoidState":8,"_cameraCFrame":[756.508,247.88,47.208,-0.005,-0.808,0.59,0,0.59,0.808,-1,0.004,-0.003],"_shiftlockState":false,"_pose":"Running","_animationQueue":[],"_animationSpeed":1.103,"_zoom":20.656},{"_mousePosition":[706,365],"_rootPartCFrame":[744.058,229.699,47.269,-0.004,0,1,0,1,0,-1,0,-0.004],"_humanoidState":8,"_cameraCFrame":[756.241,247.88,47.209,-0.005,-0.808,0.59,0,0.59,0.808,-1,0.004,-0.003],"_shiftlockState":false,"_pose":"Running","_animationQueue":[],"_animationSpeed":1.103,"_zoom":20.656},{"_mousePosition":[706,365],"_rootPartCFrame":[743.792,229.699,47.271,-0.004,0,1,0,1,0,-1,0,-0.004],"_humanoidState":8,"_cameraCFrame":[755.974,247.88,47.21,-0.005,-0.808,0.59,0,0.59,0.808,-1,0.004,-0.003],"_shiftlockState":false,"_pose":"Running","_animationQueue":[],"_animationSpeed":1.103,"_zoom":20.656},{"_mousePosition":[706,365],"_rootPartCFrame":[743.525,229.699,47.272,-0.004,0,1,0,1,0,-1,0,-0.004],"_humanoidState":8,"_cameraCFrame":[755.708,247.88,47.212,-0.005,-0.808,0.59,0,0.59,0.808,-1,0.004,-0.003],"_shiftlockState":false,"_pose":"Running","_animationQueue":[],"_animationSpeed":1.103,"_zoom":20.656},{"_mousePosition":[706,365],"_rootPartCFrame":[743.258,229.699,47.273,-0.004,0,1,0,1,0,-1,0,-0.004],"_humanoidState":8,"_cameraCFrame":[755.441,247.88,47.213,-0.005,-0.808,0.59,0,0.59,0.808,-1,0.004,-0.003],"_shiftlockState":false,"_pose":"Running","_animationQueue":[["walk",0.1]],"_animationSpeed":1.103,"_zoom":20.656},{"_mousePosition":[706,365],"_rootPartCFrame":[742.991,229.699,47.275,-0.005,0,1,0,1,0,-1,0,-0.005],"_humanoidState":8,"_cameraCFrame":[755.174,247.88,47.214,-0.005,-0.808,0.59,0,0.59,0.808,-1,0.004,-0.003],"_shiftlockState":false,"_pose":"Running","_animationQueue":[],"_animationSpeed":1.103,"_zoom":20.656},{"_mousePosition":[706,365],"_rootPartCFrame":[742.725,229.699,47.276,-0.005,0,1,0,1,0,-1,0,-0.005],"_humanoidState":8,"_cameraCFrame":[754.907,247.88,47.216,-0.005,-0.808,0.59,0,0.59,0.808,-1,0.004,-0.003],"_shiftlockState":false,"_pose":"Running","_animationQueue":[],"_animationSpeed":1.103,"_zoom":20.656},{"_mousePosition":[706,365],"_rootPartCFrame":[742.458,229.699,47.277,-0.005,0,1,0,1,0,-1,0,-0.005],"_humanoidState":8,"_cameraCFrame":[754.641,247.88,47.217,-0.005,-0.808,0.59,0,0.59,0.808,-1,0.004,-0.003],"_shiftlockState":false,"_pose":"Running","_animationQueue":[],"_animationSpeed":1.103,"_zoom":20.656},{"_mousePosition":[706,365],"_rootPartCFrame":[742.191,229.699,47.279,-0.005,0,1,0,1,0,-1,0,-0.005],"_humanoidState":8,"_cameraCFrame":[754.374,247.88,47.218,-0.005,-0.808,0.59,0,0.59,0.808,-1,0.004,-0.003],"_shiftlockState":false,"_pose":"Running","_animationQueue":[],"_animationSpeed":1.103,"_zoom":20.656},{"_mousePosition":[706,365],"_rootPartCFrame":[741.924,229.699,47.28,-0.005,0,1,0,1,0,-1,0,-0.005],"_humanoidState":8,"_cameraCFram