[{"_mousePosition":[770,402],"_rootPartCFrame":[776.028,222.7,47.142,0,0,1,0,1,0,-1,0,0],"_humanoidState":8,"_cameraCFrame":[785.985,236.878,46.74,-0.04,-0.786,0.617,0,0.618,0.786,-0.999,0.032,-0.025],"_shiftlockState":false,"_pose":"Standing","_animationQueue":[],"_animationSpeed":1,"_zoom":16.125},{"_mousePosition":[770,402],"_rootPartCFrame":[775.782,222.695,47.152,-0.006,0,1,0,1,0,-1,0,-0.006],"_humanoidState":8,"_cameraCFrame":[785.688,236.912,46.727,-0.043,-0.788,0.614,0,0.615,0.789,-0.999,0.034,-0.026],"_shiftlockState":false,"_pose":"Standing","_animationQueue":[],"_animationSpeed":1,"_zoom":16.125},{"_mousePosition":[770,402],"_rootPartCFrame":[775.516,222.697,47.163,-0.01,0,1,0,1,0,-1,0,-0.01],"_humanoidState":8,"_cameraCFrame":[785.372,236.952,46.74,-0.043,-0.79,0.611,0,0.612,0.791,-0.999,0.034,-0.026],"_shiftlockState":false,"_pose":"Running","_animationQueue":[["walk",0.1]],"_animationSpeed":1.066,"_zoom":16.125},{"_mousePosition":[770,402],"_rootPartCFrame":[775.25,222.698,47.174,-0.015,0,1,0,1,0,-1,0,-0.015],"_humanoidState":8,"_cameraCFrame":[784.956,237.067,46.757,-0.043,-0.797,0.602,0,0.603,0.798,-0.999,0.034,-0.026],"_shiftlockState":false,"_pose":"Running","_animationQueue":[],"_animationSpeed":1.066,"_zoom":16.125},{"_mousePosition":[770,402],"_rootPartCFrame":[774.983,222.699,47.186,-0.019,0,1,0,1,0,-1,0,-0.019],"_humanoidState":8,"_cameraCFrame":[784.463,237.237,46.779,-0.043,-0.808,0.588,0,0.588,0.809,-0.999,0.035,-0.025],"_shiftlockState":false,"_pose":"Running","_animationQueue":[["walk",0.1]],"_animationSpeed":1.066,"_zoom":16.125},{"_mousePosition":[770,402],"_rootPartCFrame":[774.717,222.699,47.197,-0.022,0,1,0,1,0,-1,0,-0.022],"_humanoidState":8,"_cameraCFrame":[783.839,237.491,46.829,-0.04,-0.824,0.566,0,0.566,0.824,-0.999,0.033,-0.023],"_shiftlockState":false,"_pose":"Running","_animationQueue":[],"_animationSpeed":1.066,"_zoom":16.125},{"_mousePosition":[770,402],"_rootPartCFrame":[774.45,222.699,47.208,-0.025,0,1,0,1,0,-1,0,-0.025],"_humanoidState":8,"_cameraCFrame":[783.102,237.803,46.903,-0.035,-0.843,0.537,0,0.537,0.844,-0.999,0.03,-0.019],"_shiftlockState":false,"_pose":"Running","_animationQueue":[],"_animationSpeed":1.066,"_zoom":16.125},{"_mousePosition":[770,402],"_rootPartCFrame":[774.184,222.7,47.219,-0.027,0,1,0,1,0,-1,0,-0.027],"_humanoidState":8,"_cameraCFrame":[782.301,238.13,46.974,-0.03,-0.864,0.503,0,0.504,0.864,-1,0.026,-0.015],"_shiftlockState":false,"_pose":"Running","_animationQueue":[],"_animationSpeed":1.066,"_zoom":16.125},{"_mousePosition":[770,402],"_rootPartCFrame":[773.917,222.7,47.229,-0.028,0,1,0,1,0,-1,0,-0.028],"_humanoidState":8,"_cameraCFrame":[781.514,238.421,47.018,-0.028,-0.882,0.471,0,0.471,0.882,-1,0.024,-0.013],"_shiftlockState":false,"_pose":"Running","_animationQueue":[],"_animationSpeed":1.066,"_zoom":16.125},{"_mousePosition":[770,402],"_rootPartCFrame":[773.651,222.7,47.237,-0.028,0,1,0,1,0,-1,0,-0.028],"_humanoidState":8,"_cameraCFrame":[780.745,238.679,47.076,-0.023,-0.898,0.44,0,0.44,0.898,-1,0.02,-0.01],"_shiftlockState":false,"_pose":"Running","_animationQueue":[],"_animationSpeed":1.066,"_zoom":16.125},{"_mousePosition":[770,402],"_rootPartCFrame":[773.384,222.7,47.244,-0.028,0,1,0,1,0,-1,0,-0.028],"_humanoidState":8,"_cameraCFrame":[780.025,238.893,47.128,-0.018,-0.911,0.412,0,0.412,0.911,-1,0.016,-0.007],"_shiftlockState":false,"_pose":"Running","_animationQueue":[],"_animationSpeed":1.066,"_zoom":16.125},{"_mousePosition":[770,402],"_rootPartCFrame":[773.117,222.7,47.25,-0.028,0,1,0,1,0,-1,0,-0.028],"_humanoidState":8,"_cameraCFrame":[779.413,239.045,47.14,-0.018,-0.92,0.39,0,0.39,0.921,-1,0.016,-0.007],"_shiftlockState":false,"_pose":"Running","_animationQueue":[["walk",0.1]],"_animationSpeed":1.066,"_zoom":16.125},{"_mousePosition":[770,402],"_rootPartCFrame":[772.851,222.7,47.255,-0.026,0,1,0,1,0,-1,0,-0.026],"_humanoidState":8,"_cameraCFrame":[778.914,239.141,47.164,-0.015,-0.926,0.376,0,0.376,0.927,-1,0.014,-0.006],"_shiftlockState":false,"_pose":"Running","_animationQueue":[],"_animationSpeed":1.066,"_zoom":16.125},{"_mousePosition":[770,402],"_rootPartCFrame":[772.584,222.7,47.26,-0.025,0,1,0,1,0,-1,0,-0.025],"_humanoidState":8,"_cameraCFrame":[778.502,239.199,47.186,-0.013,-0.93,0.367,0,0.367,0.93,-1,0.012,-0.005],"_shiftlockState":false,"_pose":"Running","_animationQueue":[],"_animationSpeed":1.066,"_zoom":16.125},{"_mousePosition":[770,402],"_rootPartCFrame":[772.318,222.7,47.264,-0.024,0,1,0,1,0,-1,0,-0.024],"_humanoidState":8,"_cameraCFrame":[778.177,239.222,47.191,-0.013,-0.932,0.363,0,0.363,0.932,-1,0.012,-0.005],"_shiftlockState":false,"_pose":"Running","_animationQueue":[],"_animationSpeed":1.066,"_zoom":16.125},{"_mousePosition":[770,402],"_rootPartCFrame":[772.051,222.7,47.267,-0.022,0,1,0,1,0,-1,0,-0.022],"_humanoidState":8,"_cameraCFrame":[777.91,239.222,47.194,-0.013,-0.932,0.363,0,0.363,0.932,-1,0.012,-0.005],"_shiftlockState":false,"_pose":"Running","_animationQueue":[],"_animationSpeed":1.066,"_zoom":16.125},{"_mousePosition":[770,402],"_rootPartCFrame":[771.784,222.7,47.271,-0.021,0,1,0,1,0,-1,0,-0.021],"_humanoidState":8,"_cameraCFrame":[777.644,239.222,47.197,-0.013,-0.932,0.363,0,0.363,0.932,-1,0.012,-0.005],"_shiftlockState":false,"_pose":"Running","_animationQueue":[],"_animationSpeed":1.066,"_zoom":16.125},{"_mousePosition":[770,402],"_rootPartCFrame":[771.518,222.7,47.274,-0.02,0,1,0,1,0,-1,0,-0.02],"_humanoidState":8,"_cameraCFrame":[777.377,239.222,47.201,-0.013,-0.932,0.363,0,0.363,0.932,-1,0.012,-0.005],"_shiftlockState":false,"_pose":"Running","_animationQueue":[],"_animationSpeed":1.066,"_zoom":16.125},{"_mousePosition":[770,402],"_rootPartCFrame":[771.251,222.7,47.277,-0.019,0,1,0,1,0,-1,0,-0.019],"_humanoidState":8,"_cameraCFrame":[777.11,239.222,47.204,-0.013,-0.932,0.363,0,0.363,0.932,-1,0.012,-0.005],"_shiftlockState":false,"_pose":"Running","_animationQueue":[["walk",0.1]],"_animationSpeed":1.066,"_zoom":16.125},{"_mousePosition":[770,402],"_rootPartCFrame":[770.985,222.7,47.281,-0.018,0,1,0,1,0,-1,0,-0.018],"_humanoidState":8,"_cameraCFrame":[776.844,239.222,47.207,-0.013,-0.932,0.363,0,0.363,0.932,-1,0.012,-0.005],"_shiftlockState":false,"_pose":"Running","_animationQueue":[],"_animationSpeed":1.066,"_zoom":16.125},{"_mousePosition":[770,402],"_rootPartCFrame":[770.718,223.563,47.284,-0.017,0,1,0,1,0,-1,0,-0.017],"_humanoidState":3,"_cameraCFrame":[776.577,240.085,47.211,-0.013,-0.932,0.363,0,0.363,0.932,-1,0.012,-0.005],"_shiftlockState":false,"_pose":"Jumping","_animationQueue":[["walk",0.1],["jump",0.1]],"_animationSpeed":1,"_zoom":16.125},{"_mousePosition":[770,402],"_rootPartCFrame":[770.451,224.371,47.287,-0.016,0,1,0,1,0,-1,0,-0.016],"_humanoidState":5,"_cameraCFrame":[776.311,240.894,47.214,-0.013,-0.932,0.363,0,0.363,0.932,-1,0.012,-0.005],"_shiftlockState":false,"_pose":"FreeFall","_animationQueue":[["jump",0.1]],"_animationSpeed":1,"_zoom":16.125},{"_mousePosition":[770,402],"_rootPartCFrame":[770.185,225.125,47.291,-0.016,0,1,0,1,0,-1,0,-0.016],"_humanoidState":5,"_cameraCFrame":[776.044,241.647,47.217,-0.013,-0.932,0.363,0,0.363,0.932,-1,0.012,-0.005],"_shiftlockState":false,"_pose":"FreeFall","_animationQueue":[],"_animationSpeed":1,"_zoom":16.125},{"_mousePosition":[770,402],"_rootPartCFrame":[769.918,225.824,47.294,-0.015,0,1,0,1,0,-1,0,-0.015],"_humanoidState":5,"_cameraCFrame":[775.777,242.347,47.221,-0.013,-0.932,0.363,0,0.363,0.932,-1,0.012,-0.005],"_shiftlockState":false,"_pose":"FreeFall","_animationQueue":[],"_animationSpeed":1,"_zoom":16.125},{"_mousePosition":[770,402],"_rootPartCFrame":[769.652,226.469,47.298,-0.015,0,1,0,1,0,-1,0,-0.015],"_humanoidState":5,"_cameraCFrame":[775.511,242.992,47.224,-0.013,-0.932,0.363,0,0.363,0.932,-1,0.012,-0.005],"_shiftlockState":false,"_pose":"FreeFall","_animationQueue":[],"_animationSpeed":1,"_zoom":16.125},{"_mousePosition":[770,402],"_rootPartCFrame":[769.385,227.06,47.301,-0.015,0,1,0,1,0,-1,0,-0.015],"_humanoidState":5,"_cameraCFrame":[775.244,243.582,47.227,-0.013,-0.932,0.363,0,0.363,0.932,-1,0.012,-0.005],"_shiftlockState":false,"_pose":"FreeFall","_animationQueue":[],"_animationSpeed":1,"_zoom":16.125},{"_mousePosition":[770,402],"_rootPartCFrame":[769.118,227.595,47.304,-0.014,0,1,0,1,0,-1,0,-0.014],"_humanoidState":5,"_cameraCFrame":[774.978,244.118,47.231,-0.013,-0.932,0.363,0,0.363,0.932,-1,0.012,-0.005],"_shiftlockState":false,"_pose":"FreeFall","_animationQueue":[],"_animationSpeed":1,"_zoom":16.125},{"_mousePosition":[770,402],"_rootPartCFrame":[768.852,228.077,47.308,-0.014,0,1,0,1,0,-1,0,-0.014],"_humanoidState":5,"_cameraCFrame":[774.711,244.599,47.234,-0.013,-0.932,0.363,0,0.363,0.932,-1,0.012,-0.005],"_shiftlockState":false,"_pose":"FreeFall","_animationQueue":[],"_animationSpeed":1,"_zoom":16.125},{"_mousePosition":[770,402],"_rootPartCFrame":[768.585,228.504,47.311,-0.014,0,1,0,1,0,-1,0,-0.014],"_humanoidState":5,"_cameraCFrame":[774.444,245.026,47.237,-0.013,-0.932,0.363,0,0.363,0.932,-1,0.012,-0.005],"_shiftlockState":false,"_pose":"FreeFall","_animationQueue":[],"_animationSpeed":1,"_zoom":16.125},{"_mousePosition":[770,402],"_rootPartCFrame":[768.319,228.876,47.314,-0.014,0,1,0,1,0,-1,0,-0.014],"_humanoidState":5,"_cameraCFrame":[774.178,245.399,47.241,-0.013,-0.932,0.363,0,0.363,0.932,-1,0.012,-0.005],"_shiftlockState":false,"_pose":"FreeFall","_animationQueue":[],"_animationSpeed":1,"_zoom":16.125},{"_mousePosition":[770,402],"_rootPartCFrame":[768.052,229.194,47.318,-0.014,0,1,0,1,0,-1,0,-0.014],"_humanoidState":5,"_cameraCFrame":[773.911,245.717,47.244,-0.013,-0.932,0.363,0,0.363,0.932,-1,0.012,-0.005],"_shiftlockState":false,"_pose":"FreeFall","_animationQueue":[],"_animationSpeed":1,"_zoom":16.125},{"_mousePosition":[770,402],"_rootPartCFrame":[767.785,229.457,47.321,-0.013,0,1,0,1,0,-1,0,-0.013],"_humanoidState":5,"_cameraCFrame":[773.645,245.98,47.247,-0.013,-0.932,0.363,0,0.363,0.932,-1,0.012,-0.005],"_shiftlockState":false,"_pose":"FreeFall","_animationQueue":[],"_animationSpeed":1,"_zoom":16.125},{"_mousePosition":[770,402],"_rootPartCFrame":[767.519,229.666,47.324,-0.013,0,1,0,1,0,-1,0,-0.013],"_humanoidState":5,"_cameraCFrame":[773.378,246.189,47.251,-0.013,-0.932,0.363,0,0.363,0.932,-1,0.012,-0.005],"_shiftlockState":false,"_pose":"FreeFall","_animationQueue":[],"_animationSpeed":1,"_zoom":16.125},{"_mousePosition":[770,402],"_rootPartCFrame":[767.252,229.821,47.328,-0.013,0,1,0,1,0,-1,0,-0.013],"_humanoidState":5,"_cameraCFrame":[773.111,246.343,47.254,-0.013,-0.932,0.363,0,0.363,0.932,-1,0.012,-0.005],"_shiftlockState":false,"_pose":"FreeFall","_animationQueue":[],"_animationSpeed":1,"_zoom":16.125},{"_mousePosition":[770,402],"_rootPartCFrame":[766.986,229.921,47.331,-0.013,0,1,0,1,0,-1,0,-0.013],"_humanoidState":5,"_cameraCFrame":[772.845,246.443,47.258,-0.013,-0.932,0.363,0,0.363,0.932,-1,0.012,-0.005],"_shiftlockState":false,"_pose":"FreeFall","_animationQueue":[],"_animationSpeed":1,"_zoom":16.125},{"_mousePosition":[770,402],"_rootPartCFrame":[766.652,229.969,47.335,-0.013,0,1,0,1,0,-1,0,-0.013],"_humanoidState":5,"_cameraCFrame":[772.512,246.491,47.262,-0.013,-0.932,0.363,0,0.363,0.932,-1,0.012,-0.005],"_shiftlockState":false,"_pose":"FreeFall","_animationQueue":[],"_animationSpeed":1,"_zoom":16.125},{"_mousePosition":[770,402],"_rootPartCFrame":[766.386,229.946,47.338,-0.013,0,1,0,1,0,-1,0,-0.013],"_humanoidState":5,"_cameraCFrame":[772.245,246.469,47.265,-0.013,-0.932,0.363,0,0.363,0.932,-1,0.012,-0.005],"_shiftlockState":false,"_pose":"FreeFall","_animationQueue":[],"_animationSpeed":1,"_zoom":16.125},{"_mousePosition":[770,402],"_rootPartCFrame":[766.186,229.893,47.341,-0.013,0,1,0,1,0,-1,0,-0.013],"_humanoidState":5,"_cameraCFrame":[772.045,246.416,47.268,-0.013,-0.932,0.363,0,0.363,0.932,-1,0.012,-0.005],"_shiftlockState":false,"_pose":"FreeFall","_animationQueue":[["fall",0.3]],"_animationSpeed":1,"_zoom":16.125},{"_mousePosition":[770,402],"_rootPartCFrame":[765.919,229.775,47.344,-0.013,0,1,0,1,0,-1,0,-0.013],"_humanoidState":5,"_cameraCFrame":[771.778,246.298,47.271,-0.013,-0.932,0.363,0,0.363,0.932,-1,0.012,-0.005],"_shiftlockState":false,"_pose":"FreeFall","_animationQueue":[],"_animationSpeed":1,"_zoom":16.125},{"_mousePosition":[770,402],"_rootPartCFrame":[765.653,229.603,47.348,-0.013,0,1,0,1,0,-1,0,-0.013],"_humanoidState":5,"_cameraCFrame":[771.512,246.125,47.274,-0.013,-0.932,0.363,0,0.363,0.932,-1,0.012,-0.005],"_shiftlockState":false,"_pose":"FreeFall","_animationQueue":[],"_animationSpeed":1,"_zoom":16.125},{"_mousePosition":[770,402],"_rootPartCFrame":[765.386,229.375,47.351,-0.013,0,1,0,1,0,-1,0,-0.013],"_humanoidState":5,"_cameraCFrame":[771.245,245.898,47.278,-0.013,-0.932,0.363,0,0.363,0.932,-1,0.012,-0.005],"_shiftlockState":false,"_pose":"FreeFall","_animationQueue":[],"_animationSpeed":1,"_zoom":16.125},{"_mousePosition":[770,402],"_rootPartCFrame":[765.119,229.094,47.354,-0.013,0,1,0,1,0,-1,0,-0.013],"_humanoidState":5,"_cameraCFrame":[770.979,245.616,47.281,-0.013,-0.932,0.363,0,0.363,0.932,-1,0.012,-0.005],"_shiftlockState":false,"_pose":"FreeFall","_animationQueue":[],"_animationSpeed":1,"_zoom":16.125},{"_mousePosition":[770,402],"_rootPartCFrame":[764.853,228.758,47.358,-0.013,0,1,0,1,0,-1,0,-0.013],"_humanoidState":5,"_cameraCFrame":[770.712,245.28,47.284,-0.013,-0.932,0.363,0,0.363,0.932,-1,0.012,-0.005],"_shiftlockState":false,"_pose":"FreeFall","_animationQueue":[],"_animationSpeed":1,"_zoom":16.125},{"_mousePosition":[770,402],"_rootPartCFrame":[764.586,228.367,47.361,-0.013,0,1,0,1,0,-1,0,-0.013],"_humanoidState":5,"_cameraCFrame":[770.445,244.89,47.288,-0.013,-0.932,0.363,0,0.363,0.932,-1,0.012,-0.005],"_shiftlockState":false,"_pose":"FreeFall","_animationQueue":[],"_animationSpeed":1,"_zoom":16.125},{"_mousePosition":[770,402],"_rootPartCFrame":[764.32,227.922,47.364,-0.013,0,1,0,1,0,-1,0,-0.013],"_humanoidState":5,"_cameraCFrame":[770.179,244.445,47.291,-0.013,-0.932,0.363,0,0.363,0.932,-1,0.012,-0.005],"_shiftlockState":false,"_pose":"FreeFall","_animationQueue":[["fall",0.3]],"_animationSpeed":1,"_zoom":16.125},{"_mousePosition":[770,402],"_rootPartCFrame":[764.053,227.422,47.368,-0.013,0,1,0,1,0,-1,0,-0.013],"_humanoidState":5,"_cameraCFrame":[769.912,243.945,47.294,-0.013,-0.932,0.363,0,0.363,0.932,-1,0.012,-0.005],"_shiftlockState":false,"_pose":"FreeFall","_animationQueue":[],"_animationSpeed":1,"_zoom":16.125},{"_mousePosition":[770,402],"_rootPartCFrame":[763.786,226.868,47.371,-0.013,0,1,0,1,0,-1,0,-0.013],"_humanoidState":5,"_cameraCFrame":[769.646,243.391,47.298,-0.013,-0.932,0.363,0,0.363,0.932,-1,0.012,-0.005],"_shiftlockState":false,"_pose":"FreeFall","_animationQueue":[],"_animationSpeed":1,"_zoom":16.125},{"_mousePosition":[770,402],"_rootPartCFrame":[763.52,226.26,47.374,-0.013,0,1,0,1,0,-1,0,-0.013],"_humanoidState":5,"_cameraCFrame":[769.379,242.782,47.301,-0.013,-0.932,0.363,0,0.363,0.932,-1,0.012,-0.005],"_shiftlockState":false,"_pose":"FreeFall","_animationQueue":[],"_animationSpeed":1,"_zoom":16.125},{"_mousePosition":[770,402],"_rootPartCFrame":[763.253,225.597,47.378,-0.013,0,1,0,1,0,-1,0,-0.013],"_humanoidState":5,"_cameraCFrame":[769.054,242.142,47.305,-0.013,-0.933,0.36,0,0.36,0.933,-1,0.012,-0.005],"_shiftlockState":false,"_pose":"FreeFall","_animationQueue":[],"_animationSpeed":1,"_zoom":16.125},{"_mousePosition":[770,402],"_rootPartCFrame":[762.987,224.879,47.381,-0.013,0,1,0,1,0,-1,0,-0.013],"_humanoidState":5,"_cameraCFrame":[768.729,241.447,47.309,-0.013,-0.934,0.356,0,0.356,0.934,-1,0.012,-0.004],"_shiftlockState":false,"_pose":"FreeFall","_animationQueue":[],"_animationSpeed":1,"_zoom":16.125},{"_mousePosition":[770,402],"_rootPartCFrame":[762.72,224.107,47.384,-0.013,0,1,0,1,0,-1,0,-0.013],"_humanoidState":7,"_cameraCFrame":[768.403,240.697,47.299,-0.015,-0.936,0.352,0,0.352,0.936,-1,0.014,-0.005],"_shiftlockState":false,"_pose":"FreeFall","_animationQueue":[["fall",0.3],["walk",0.1],["fall",0.3],["fall",0.3]],"_animationSpeed":1,"_zoom":16.125},{"_mousePosition":[770,402],"_rootPartCFrame":[762.453,223.554,47.388,-0.013,0,1,0,1,0,-1,0,-0.013],"_humanoidState":7,"_cameraCFrame":[768.048,240.177,47.275,-0.02,-0.938,0.347,0,0.347,0.938,-1,0.019,-0.007],"_shiftlockState":false,"_pose":"FreeFall","_animationQueue":[],"_animationSpeed":1,"_zoom":16.125},{"_mousePosition":[770,402],"_rootPartCFrame":[762.12,223.642,47.393,-0.013,0,1,0,1,0,-1,0,-0.013],"_humanoidState":8,"_cameraCFrame":[767.655,240.287,47.267,-0.023,-0.939,0.343,0,0.343,0.939,-1,0.021,-0.008],"_shiftlockState":false,"_pose":"Running","_animationQueue":[["walk",0.1],["fall",0.3],["walk",0.1]],"_animationSpeed":1.103,"_zoom":16.125},{"_mousePosition":[770,402],"_rootPartCFrame":[761.853,223.729,47.398,-0.014,0,1,0,1,0,-1,0,-0.014],"_humanoidState":8,"_cameraCFrame":[767.329,240.395,47.26,-0.025,-0.94,0.34,0,0.34,0.941,-1,0.024,-0.009],"_shiftlockState":false,"_pose":"Running","_animationQueue":[],"_animationSpeed":1.103,"_zoom":16.125},{"_mousePosition":[770,402],"_rootPartCFrame":[761.587,223.78,47.404,-0.015,0,1,0,1,0,-1,0,-0.015],"_humanoidState":8,"_cameraCFrame":[767.063,240.447,47.266,-0.025,-0.94,0.34,0,0.34,0.941,-1,0.024,-0.009],"_shiftlockState":false,"_pose":"Running","_animationQueue":[],"_animationSpeed":1.103,"_zoom":16.125},{"_mousePosition":[770,402],"_rootPartCFrame":[761.32,223.809,47.41,-0.016,0,1,0,1,0,-1,0,-0.016],"_humanoidState":8,"_cameraCFrame":[766.796,240.476,47.272,-0.025,-0.94,0.34,0,0.34,0.941,-1,0.024,-0.009],"_shiftlockState":false,"_pose":"Running","_animationQueue":[],"_animationSpeed":1.103,"_zoom":16.125},{"_mousePosition":[770,402],"_rootPartCFrame":[761.054,223.825,47.417,-0.017,0,1,0,1,0,-1,0,-0.017],"_humanoidState":8,"_cameraCFrame":[766.529,240.491,47.279,-0.025,-0.94,0.34,0,0.34,0.941,-1,0.024,-0.009],"_shiftlockState":false,"_pose":"Running","_animationQueue":[],"_animationSpeed":1.103,"_zoom":16.125},{"_mousePosition":[770,402],"_rootPartCFrame":[760.787,223.834,47.424,-0.018,0,1,0,1,0,-1,0,-0.018],"_humanoidState":8,"_cameraCFrame":[766.263,240.5,47.286,-0.025,-0.94,0.34,0,0.34,0.941,-1,0.024,-0.009],"_shiftlockState":false,"_pose":"Running","_animationQueue":[["walk",0.1]],"_animationSpeed":1.103,"_zoom":16.125},{"_mousePosition":[770,402],"_rootPartCFrame":[760.52,223.839,47.431,-0.019,0,1,0,1,0,-1,0,-0.019],"_humanoidState":8,"_cameraCFrame":[765.996,240.505,47.293,-0.025,-0.94,0.34,0,0.34,0.941,-1,0.024,-0.009],"_shiftlockState":false,"_pose":"Running","_animationQueue":[],"_animationSpeed":1.103,"_zoom":16.125},{"_mousePosition":[770,402],"_rootPartCFrame":[760.254,223.841,47.437,-0.02,0,1,0,1,0,-1,0,-0.02],"_humanoidState":8,"_cameraCFrame":[765.729,240.507,47.299,-0.025,-0.94,0.34,0,0.34,0.941,-1,0.024,-0.009],"_shiftlockState":false,"_pose":"Running","_animationQueue":[],"_animationSpeed":1.103,"_zoom":16.125},{"_mousePosition":[770,402],"_rootPartCFrame":[759.987,223.843,47.444,-0.021,0,1,0,1,0,-1,0,-0.021],"_humanoidState":8,"_cameraCFrame":[765.582,240.466,47.346,-0.018,-0.938,0.347,0,0.347,0.938,-1,0.016,-0.006],"_shiftlockState":false,"_pose":"Running","_animationQueue":[],"_animationSpeed":1.103,"_zoom":16.125},{"_mousePosition":[770,402],"_rootPartCFrame":[759.721,223.843,47.451,-0.022,0,1,0,1,0,-1,0,-0.022],"_humanoidState":8,"_cameraCFrame":[765.434,240.422,47.48,0.005,-0.935,0.354,0,0.354,0.935,-1,-0.005,0.002],"_shiftlockState":false,"_pose":"Running","_animationQueue":[],"_animationSpeed":1.103,"_zoom":16.125},{"_mousePosition":[770,402],"_rootPartCFrame":[759.454,223.844,47.456,-0.021,0,1,0,1,0,-1,0,-0.021],"_humanoidState":8,"_cameraCFrame":[765.167,240.423,47.485,0.005,-0.935,0.354,0,0.354,0.935,-1,-0.005,0.002],"_shiftlockState":false,"_pose":"Running","_animationQueue":[],"_animationSpeed":1.103,"_zoom":16.125},{"_mousePosition":[770,402],"_rootPartCFrame":[759.187,223.844,47.455,-0.019,0,1,0,1,0,-1,0,-0.019],"_humanoidState":8,"_cameraCFrame":[764.901,240.423,47.485,0.005,-0.935,0.354,0,0.354,0.935,-1,-0.005,0.002],"_shiftlockState":false,"_pose":"Running","_animationQueue":[["walk",0.1]],"_animationSpeed":1.103,"_zoom":16.125},{"_mousePosition":[770,402],"_rootPartCFrame":[758.921,223.844,47.454,-0.016,0,1,0,1,0,-1,0,-0.016],"_humanoidState":8,"_cameraCFrame":[764.634,240.423,47.483,0.005,-0.935,0.354,0,0.354,0.935,-1,-0.005,0.002],"_shiftlockState":false,"_pose":"Running","_animationQueue":[],"_animationSpeed":1.103,"_zoom":16.125},{"_mousePosition":[770,402],"_rootPartCFrame":[758.654,223.844,47.452,-0.013,0,1,0,1,0,-1,0,-0.013],"_humanoidState":8,"_cameraCFrame":[764.367,240.423,47.482,0.005,-0.935,0.354,0,0.354,0.935,-1,-0.005,0.002],"_shiftlockState":false,"_pose":"Running","_animationQueue":[],"_animationSpeed":1.103,"_zoom":16.125},{"_mousePosition":[770,402],"_rootPartCFrame":[758.388,223.844,47.451,-0.01,0,1,0,1,0,-1,0,-0.01],"_humanoidState":8,"_cameraCFrame":[764.101,240.423,47.481,0.005,-0.935,0.354,0,0.354,0.935,-1,-0.005,0.002],"_shiftlockState":false,"_pose":"Running","_animationQueue":[],"_animationSpeed":1.103,"_zoom":16.125},{"_mousePosition":[770,402],"_rootPartCFrame":[758.121,223.844,47.45,-0.008,0,1,0,1,0,-1,0,-0.008],"_humanoidState":8,"_cameraCFrame":[763.834,240.423,47.479,0.005,-0.935,0.354,0,0.354,0.935,-1,-0.005,0.002],"_shiftlockState":false,"_pose":"Running","_animationQueue":[],"_animationSpeed":1.103,"_zoom":16.125},{"_mousePosition":[770,402],"_rootPartCFrame":[757.788,223.844,47.448,-0.006,0,1,0,1,0,-1,0,-0.006],"_humanoidState":8,"_cameraCFrame":[763.501,240.423,47.478,0.005,-0.935,0.354,0,0.354,0.935,-1,-0.005,0.002],"_shiftlockState":false,"_pose":"Running","_animationQueue":[],"_animationSpeed":1.103,"_zoom":16.125},{"_mousePosition":[770,402],"_rootPartCFrame":[757.521,223.844,47.447,-0.004,0,1,0,1,0,-1,0,-0.004],"_humanoidState":8,"_cameraCFrame":[763.234,240.423,47.476,0.005,-0.935,0.354,0,0.354,0.935,-1,-0.005,0.002],"_shiftlockState":false,"_pose":"Running","_animationQueue":[],"_animationSpeed":1.103,"_zoom":16.125},{"_mousePosition":[770,402],"_rootPartCFrame":[757.254,223.844,47.445,-0.003,0,1,0,1,0,-1,0,-0.003],"_humanoidState":8,"_cameraCFrame":[762.967,240.423,47.475,0.005,-0.935,0.354,0,0.354,0.935,-1,-0.005,0.002],"_shiftlockState":false,"_pose":"Running","_animationQueue":[["walk",0.1]],"_animationSpeed":1.103,"_zoom":16.125},{"_mousePosition":[770,402],"_rootPartCFrame":[756.987,223.844,47.444,-0.002,0,1,0,1,0,-1,0,-0.002],"_humanoidState":8,"_cameraCFrame":[762.701,240.423,47.473,0.005,-0.935,0.354,0,0.354,0.935,-1,-0.005,0.002],"_shiftlockState":false,"_pose":"Running","_animationQueue":[],"_animationSpeed":1.103,"_zoom":16.125},{"_mousePosition":[770,402],"_rootPartCFrame":[756.721,223.844,47.442,-0.001,0,1,0,1,0,-1,0,-0.001],"_humanoidState":8,"_cameraCFrame":[762.434,240.423,47.472,0.005,-0.935,0.354,0,0.354,0.935,-1,-0.005,0.002],"_shiftlockState":false,"_pose":"Running","_animationQueue":[],"_animationSpeed":1.103,"_zoom":16.125},{"_mousePosition":[770,402],"_rootPartCFrame":[756.454,223.844,47.441,0,0,1,0,1,0,-1,0,0],"_humanoidState":8,"_cameraCFrame":[762.167,240.423,47.471,0.005,-0.935,0.354,0,0.354,0.935,-1,-0.005,0.002],"_shiftlockState":false,"_pose":"Running","_animationQueue":[],"_animationSpeed":1.103,"_zoom":16.125},{"_mousePosition":[770,402],"_rootPartCFrame":[756.187,223.844,47.44,0.001,0,1,0,1,0,-1,0,0.001],"_humanoidState":8,"_cameraCFrame":[761.9,240.423,47.469,0.005,-0.935,0.354,0,0.354,0.935,-1,-0.005,0.002],"_shiftlockState":false,"_pose":"Running","_animationQueue":[],"_animationSpeed":1.103,"_zoom":16.125},{"_mousePosition":[770,402],"_rootPartCFrame":[755.921,223.844,47.438,0.001,0,1,0,1,0,-1,0,0.001],"_humanoidState":8,"_cameraCFrame":[761.634,240.423,47.468,0.005,-0.935,0.354,0,0.354,0.935,-1,-0.005,0.002],"_shiftlockState":false,"_pose":"Running","_animationQueue":[],"_animationSpeed":1.103,"_zoom":16.125},{"_mousePosition":[770,402],"_rootPartCFrame":[755.654,223.844,47.437,0.002,0,1,0,1,0,-1,0,0.002],"_humanoidState":8,"_cameraCFrame":[761.367,240.423,47.467,0.005,-0.935,0.354,0,0.354,0.935,-1,-0.005,0.002],"_shiftlockState":false,"_pose":"Running","_animationQueue":[["walk",0.1]],"_animationSpeed":1.103,"_zoom":16.125},{"_mousePosition":[770,402],"_rootPartCFrame":[755.387,223.844,47.435,0.002,0,1,0,1,0,-1,0,0.002],"_humanoidState":8,"_cameraCFrame":[761.1,240.423,47.465,0.005,-0.935,0.354,0,0.354,0.935,-1,-0.005,0.002],"_shiftlockState":false,"_pose":"Running","_animationQueue":[],"_animationSpeed":1.103,"_zoom":16.125},{"_mousePosition":[770,402],"_rootPartCFrame":[755.12,223.844,47.434,0.003,0,1,0,1,0,-1,0,0.003],"_humanoidState":8,"_cameraCFrame":[760.833,240.423,47.464,0.005,-0.935,0.354,0,0.354,0.935,-1,-0.005,0.002],"_shiftlockState":false,"_pose":"Running","_animationQueue":[],"_animationSpeed":1.103,"_zoom":16.125},{"_mousePosition":[770,402],"_rootPartCFrame":[754.854,223.844,47.433,0.003,0,1,0,1,0,-1,0,0.003],"_humanoidState":8,"_cameraCFrame":[760.567,240.423,47.462,0.005,-0.935,0.354,0,0.354,0.935,-1,-0.005,0.002],"_shiftlockState":false,"_pose":"Running","_animationQueue":[],"_animationSpeed":1.103,"_zoom":16.125},{"_mousePosition":[770,402],"_rootPartCFrame":[754.587,223.844,47.431,0.003,0,1,0,1,0,-1,0,0.003],"_humanoidState":8,"_cameraCFrame":[760.3,240.423,47.461,0.005,-0.935,0.354,0,0.354,0.935,-1,-0.005,0.002],"_shiftlockState":false,"_pose":"Running","_animationQueue":[],"_animationSpeed":1.103,"_zoom":16.125},{"_mousePosition":[770,402],"_rootPartCFrame":[754.32,223.844,47.43,0.004,0,1,0,1,0,-1,0,0.004],"_humanoidState":8,"_cameraCFrame":[759.974,240.445,47.531,0.018,-0.936,0.351,0,0.351,0.937,-1,-0.017,0.006],"_shiftlockState":false,"_pose":"Running","_animationQueue":[],"_animationSpeed":1.103,"_zoom":16.125},{"_mousePosition":[770,402],"_rootPartCFrame":[754.054,223.844,47.429,0.004,0,1,0,1,0,-1,0,0.004],"_humanoidState":8,"_cameraCFrame":[759.648,240.467,47.543,0.02,-0.938,0.347,0,0.347,0.938,-1,-0.019,0.007],"_shiftlockState":false,"_pose":"Running","_animationQueue":[],"_animationSpeed":1.103,"_zoom":16.125},{"_mousePosition":[770,402],"_rootPartCFrame":[753.787,223.844,47.424,0.005,0,1,0,1,0,-1,0,0.005],"_humanoidState":8,"_cameraCFrame":[759.381,240.467,47.538,0.02,-0.938,0.347,0,0.347,0.938,-1,-0.019,0.007],"_shiftlockState":false,"_pose":"Running","_animationQueue":[["walk",0.1]],"_animationSpeed":1.103,"_zoom":16.125},{"_mousePosition":[770,402],"_rootPartCFrame":[753.52,223.844,47.419,0.007,0,1,0,1,0,-1,0,0.007],"_humanoidState":8,"_cameraCFrame":[759.115,240.467,47.533,0.02,-0.938,0.347,0,0.347,0.938,-1,-0.019,0.007],"_shiftlockState":false,"_pose":"Running","_animationQueue":[],"_animationSpeed":1.103,"_zoom":16.125},{"_mousePosition":[770,402],"_rootPartCFrame":[753.254,223.844,47.413,0.009,0,1,0,1,0,-1,0,0.009],"_humanoidState":8,"_cameraCFrame":[758.848,240.467,47.527,0.02,-0.938,0.347,0,0.347,0.938,-1,-0.019,0.007],"_shiftlockState":false,"_pose":"Running","_animationQueue":[],"_animationSpeed":1.103,"_zoom":16.125},{"_mousePosition":[770,402],"_rootPartCFrame":[752.987,223.844,47.408,0.011,0,1,0,1,0,-1,0,0.011],"_humanoidState":8,"_cameraCFrame":[758.522,240.489,47.535,0.023,-0.939,0.343,0,0.343,0.939,-1,-0.022,0.008],"_shiftlockState":false,"_pose":"Running","_animationQueue":[],"_animationSpeed":1.103,"_zoom":16.125},{"_mousePosition":[770,402],"_rootPartCFrame":[752.721,223.844,47.402,0.012,0,1,0,1,0,-1,0,0.012],"_humanoidState":8,"_cameraCFrame":[758.196,240.511,47.528,0.023,-0.94,0.34,0,0.34,0.941,-1,-0.022,0.008],"_shiftlockState":false,"_pose":"Running","_animationQueue":[],"_animationSpeed":1.103,"_zoom":16.125},{"_mousePosition":[770,402],"_rootPartCFrame":[752.454,223.844,47.396,0.013,0,1,0,1,0,-1,0,0.013],"_humanoidState":8,"_cameraCFrame":[757.841,240.542,47.506,0.02,-0.942,0.334,0,0.334,0.943,-1,-0.019,0.007],"_shiftlockState":false,"_pose":"Running","_animationQueue":[],"_animationSpeed":1.103,"_zoom":16.125},{"_mousePosition":[770,402],"_rootPartCFrame":[752.187,223.844,47.39,0.015,0,1,0,1,0,-1,0,0.015],"_humanoidState":8,"_cameraCFrame":[757.487,240.574,47.458,0.013,-0.944,0.329,0,0.329,0.944,-1,-0.012,0.004],"_shiftlockState":false,"_pose":"Running","_animationQueue":[["walk",0.1]],"_animationSpeed":1.103,"_zoom":16.125},{"_mousePosition":[770,402],"_rootPartCFrame":[751.921,223.844,47.385,0.016,0,1,0,1,0,-1,0,0.016],"_humanoidState":8,"_cameraCFrame":[757.161,240.594,47.412,0.005,-0.946,0.325,0,0.325,0.946,-1,-0.005,0.002],"_shiftlockState":false,"_pose":"Running","_animationQueue":[],"_animationSpeed":1.103,"_zoom":16.125},{"_mousePosition":[770,402],"_rootPartCFrame":[751.654,223.844,47.381,0.015,0,1,0,1,0,-1,0,0.015],"_humanoidState":8,"_cameraCFrame":[756.865,240.604,47.395,0.003,-0.946,0.323,0,0.323,0.946,-1,-0.003,0.001],"_shiftlockState":false,"_pose":"Running","_animationQueue":[],"_animationSpeed":1.103,"_zoom":16.125},{"_mousePosition":[770,402],"_rootPartCFrame":[751.387,223.844,47.38,0.014,0,1,0,1,0,-1,0,0.014],"_humanoidState":8,"_cameraCFrame":[756.598,240.604,47.394,0.003,-0.946,0.323,0,0.323,0.946,-1,-0.003,0.001],"_shiftlockState":false,"_pose":"Running","_animationQueue":[],"_animationSpeed":1.103,"_zoom":16.125},{"_mousePosition":[770,402],"_rootPartCFrame":[751.121,223.844,47.379,0.013,0,1,0,1,0,-1,0,0.013],"_humanoidState":8,"_cameraCFrame":[756.272,240.624,47.38,0,-0.948,0.319,0,0.319,0.948,-1,0,0],"_shiftlockState":false,"_pose":"Running","_animationQueue":[],"_animationSpeed":1.103,"_zoom":16.125},{"_mousePosition":[770,402],"_rootPartCFrame":[750.854,223.844,47.378,0.011,0,1,0,1,0,-1,0,0.011],"_humanoidState":8,"_cameraCFrame":[755.945,240.644,47.34,-0.007,-0.949,0.316,0,0.316,0.949,-1,0.007,-0.002],"_shiftlockState":false,"_pose":"Running","_animationQueue":[],"_animationSpeed":1.103,"_zoom":16.125},{"_mousePosition":[770,402],"_rootPartCFrame":[750.587,223.844,47.378,0.01,0,1,0,1,0,-1,0,0.01],"_humanoidState":8,"_cameraCFrame":[755.588,240.674,47.29,-0.018,-0.951,0.31,0,0.31,0.951,-1,0.017,-0.005],"_shiftlockState":false,"_pose":"Running","_animationQueue":[],"_animationSpeed":1.103,"_zoom":16.125},{"_mousePosition":[770,402],"_rootPartCFrame":[750.321,223.844,47.38,0.008,0,1,0,1,0,-1,0,0.008],"_humanoidState":8,"_cameraCFrame":[755.262,240.693,47.268,-0.023,-0.952,0.306,0,0.306,0.952,-1,0.022,-0.007],"_shiftlockState":false,"_pose":"Running","_animationQueue":[["walk",0.1]],"_animationSpeed":1.103,"_zoom":16.125},{"_mousePosition":[770,402],"_rootPartCFrame":[750.054,223.844,47.384,0.004,0,1,0,1,0,-1,0,0.004],"_humanoidState":8,"_cameraCFrame":[754.965,240.703,47.261,-0.025,-0.952,0.305,0,0.305,0.952,-1,0.024,-0.008],"_shiftlockState":false,"_pose":"Running","_animationQueue":[],"_animationSpeed":1.103,"_zoom":16.125},{"_mousePosition":[770,402],"_rootPartCFrame":[749.787,223.844,47.39,0.001,0,1,0,1,0,-1,0,0.001],"_humanoidState":8,"_cameraCFrame":[754.668,240.712,47.255,-0.028,-0.953,0.303,0,0.303,0.953,-1,0.026,-0.008],"_shiftlockState":false,"_pose":"Running","_animationQueue":[],"_animationSpeed":1.103,"_zoom":16.125},{"_mousePosition":[770,402],"_rootPartCFrame":[749.521,223.844,47.397,-0.003,0,1,0,1,0,-1,0,-0.003],"_humanoidState":8,"_cameraCFrame":[754.341,240.731,47.263,-0.028,-0.954,0.299,0,0.299,0.954,-1,0.026,-0.008],"_shiftlockState":false,"_pose":"Running","_animationQueue":[],"_animationSpeed":1.103,"_zoom":16.125},{"_mousePosition":[770,402],"_rootPartCFrame":[749.254,223.844,47.404,-0.006,0,1,0,1,0,-1,0,-0.006],"_humanoidState":8,"_cameraCFrame":[754.074,240.731,47.258,-0.03,-0.954,0.299,0,0.299,0.954,-1,0.029,-0.009],"_shiftlockState":false,"_pose":"Running","_animationQueue":[],"_animationSpeed":1.103,"_zoom":16.125},{"_mousePosition":[770,402],"_rootPartCFrame":[748.988,223.844,47.412,-0.009,0,1,0,1,0,-1,0,-0.009],"_humanoidState":8,"_cameraCFrame":[753.808,240.731,47.266,-0.03,-0.954,0.299,0,0.299,0.954,-1,0.029,-0.009],"_shiftlockState":false,"_pose":"Running","_animationQueue":[],"_animationSpeed":1.103,"_zoom":16.125},{"_mousePosition":[770,402],"_rootPartCFrame":[748.721,223.844,47.42,-0.012,0,1,0,1,0,-1,0,-0.012],"_humanoidState":8,"_cameraCFrame":[753.541,240.731,47.274,-0.03,-0.954,0.299,0,0.299,0.954,-1,0.029,-0.009],"_shiftlockState":false,"_pose":"Running","_animationQueue":[],"_animationSpeed":1.103,"_zoom":16.125},{"_mousePosition":[770,402],"_rootPartCFrame":[748.454,223.844,47.428,-0.014,0,1,0,1,0,-1,0,-0.014],"_humanoidState":8,"_cameraCFrame":[753.275,240.731,47.282,-0.03,-0.954,0.299,0,0.299,0.954,-1,0.029,-0.009],"_shiftlockState":false,"_pose":"Running","_animationQueue":[["walk",0.1]],"_animationSpeed":1.103,"_zoom":16.125},{"_mousePosition":[770,402],"_rootPartCFrame":[748.188,223.844,47.436,-0.016,0,1,0,1,0,-1,0,-0.016],"_humanoidState":8,"_cameraCFrame":[753.008,240.731,47.29,-0.03,-0.954,0.299,0,0.299,0.954,-1,0.029,-0.009],"_shiftlockState":false,"_pose":"Running","_animationQueue":[],"_animationSpeed":1.103,"_zoom":16.125},{"_mousePosition":[770,402],"_rootPartCFrame":[747.921,223.844,47.444,-0.018,0,1,0,1,0,-1,0,-0.018],"_humanoidState":8,"_cameraCFrame":[752.741,240.731,47.298,-0.03,-0.954,0.299,0,0.299,0.954,-1,0.029,-0.009],"_shiftlockState":false,"_pose":"Running","_animationQueue":[],"_animationSpeed":1.103,"_zoom":16.125},{"_mousePosition":[770,402],"_rootPartCFrame":[747.655,223.844,47.452,-0.02,0,1,0,1,0,-1,0,-0.02],"_humanoidState":8,"_cameraCFrame":[752.444,240.741,47.295,-0.033,-0.954,0.297,0,0.297,0.955,-0.999,0.031,-0.01],"_shiftlockState":false,"_pose":"Running","_animationQueue":[],"_animationSpeed":1.103,"_zoom":16.125},{"_mousePosition":[770,402],"_rootPartCFrame":[747.388,223.844,47.46,-0.021,0,1,0,1,0,-1,0,-0.021],"_humanoidState":8,"_cameraCFrame":[752.117,240.759,47.293,-0.035,-0.955,0.293,0,0.293,0.956,-0.999,0.034,-0.01],"_shiftlockState":false,"_pose":"Running","_animationQueue":[],"_animationSpeed":1.103,"_zoom":16.125},{"_mousePosition":[770,402],"_rootPartCFrame":[747.122,223.844,47.469,-0.023,0,1,0,1,0,-1,0,-0.023],"_humanoidState":8,"_cameraCFrame":[751.79,240.778,47.292,-0.038,-0.956,0.29,0,0.29,0.957,-0.999,0.036,-0.011],"_shiftlockState":false,"_pose":"Running","_animationQueue":[],"_animationSpeed":1.103,"_zoom":16.125},{"_mousePosition":[770,402],"_rootPartCFrame":[746.855,223.844,47.478,-0.025,0,1,0,1,0,-1,0,-0.025],"_humanoidState":8,"_cameraCFrame":[751.493,240.787,47.291,-0.04,-0.957,0.288,0,0.288,0.958,-0.999,0.039,-0.012],"_shiftlockState":false,"_pose":"Running","_animationQueue":[["walk",0.1]],"_animationSpeed":1.103,"_zoom":16.125},{"_mousePosition":[770,402],"_rootPartCFrame":[746.589,223.844,47.488,-0.026,0,1,0,1,0,-1,0,-0.026],"_humanoidState":8,"_cameraCFrame":[751.227,240.787,47.301,-0.04,-0.957,0.288,0,0.288,0.958,-0.999,0.039,-0.012],"_shiftlockState":false,"_pose":"Running","_animationQueue":[],"_animationSpeed":1.103,"_zoom":16.125},{"_mousePosition":[770,402],"_rootPartCFrame":[746.322,223.844,47.499,-0.028,0,1,0,1,0,-1,0,-0.028],"_humanoidState":8,"_cameraCFrame":[750.96,240.787,47.311,-0.04,-0.957,0.288,0,0.288,0.958,-0.999,0.039,-0.012],"_shiftlockState":false,"_pose":"Running","_animationQueue":[],"_animationSpeed":1.103,"_zoom":16.125},{"_mousePosition":[770,402],"_rootPartCFrame":[746.056,223.844,47.51,-0.03,0,1,0,1,0,-1,0,-0.03],"_humanoidState":8,"_cameraCFrame":[750.663,240.796,47.312,-0.043,-0.957,0.286,0,0.286,0.958,-0.999,0.041,-0.012],"_shiftlockState":false,"_pose":"Running","_animationQueue":[],"_animationSpeed":1.103,"_zoom":16.125},{"_mousePosition":[770,402],"_rootPartCFrame":[745.789,223.844,47.52,-0.031,0,1,0,1,0,-1,0,-0.031],"_humanoidState":8,"_cameraCFrame":[750.366,240.805,47.312,-0.045,-0.958,0.284,0,0.284,0.959,-0.999,0.044,-0.013],"_shiftlockState":false,"_pose":"Running","_animationQueue":[],"_animationSpeed":1.103,"_zoom":16.125},{"_mousePosition":[770,402],"_rootPartCFrame":[745.523,223.844,47.532,-0.033,0,0.999,0,1,0,-0.999,0,-0.033],"_humanoidState":8,"_cameraCFrame":[750.039,240.822,47.304,-0.05,-0.959,0.28,0,0.28,0.96,-0.999,0.048,-0.014],"_shiftlockState":false,"_pose":"Running","_animationQueue":[],"_animationSpeed":1.103,"_zoom":16.125},{"_mousePosition":[770,402],"_rootPartCFrame":[745.256,223.844,47.544,-0.034,0,0.999,0,1,0,-0.999,0,-0.034],"_humanoidState":8,"_cameraCFrame":[749.711,240.84,47.296,-0.056,-0.959,0.276,0,0.277,0.961,-0.998,0.053,-0.015],"_shiftlockState":false,"_pose":"Running","_animationQueue":[["walk",0.1]],"_animationSpeed":1.103,"_zoom":16.125},{"_mousePosition":[770,402],"_rootPartCFrame":[744.99,223.844,47.557,-0.037,0,0.999,0,1,0,-0.999,0,-0.037],"_humanoidState":8,"_cameraCFrame":[749.413,240.849,47.289,-0.061,-0.96,0.274,0,0.275,0.962,-0.998,0.058,-0.017],"_shiftlockState":false,"_pose":"Running","_animationQueue":[],"_animationSpeed":1.103,"_zoom":16.125},{"_mousePosition":[770,402],"_rootPartCFrame":[744.724,223.844,47.572,-0.039,0,0.999,0,1,0,-0.999,0,-0.039],"_humanoidState":8,"_cameraCFrame":[749.116,240.857,47.294,-0.063,-0.96,0.272,0,0.273,0.962,-0.998,0.061,-0.017],"_shiftlockState":false,"_pose":"Running","_animationQueue":[],"_animationSpeed":1.103,"_zoom":16.125},{"_mousePosition":[770,402],"_rootPartCFrame":[744.458,223.844,47.588,-0.042,0,0.999,0,1,0,-0.999,0,-0.042],"_humanoidState":8,"_cameraCFrame":[748.819,240.866,47.301,-0.066,-0.96,0.27,0,0.271,0.963,-0.998,0.063,-0.018],"_shiftlockState":false,"_pose":"Running","_animationQueue":[],"_animationSpeed":1.103,"_zoom":16.125},{"_mousePosition":[770,402],"_rootPartCFrame":[744.191,223.844,47.605,-0.045,0,0.999,0,1,0,-0.999,0,-0.045],"_humanoidState":8,"_cameraCFrame":[748.521,240.874,47.298,-0.071,-0.961,0.268,0,0.269,0.963,-0.997,0.068,-0.019],"_shiftlockState":false,"_pose":"Running","_animationQueue":[],"_animationSpeed":1.103,"_zoom":16.125},{"_mousePosition":[770,402],"_rootPartCFrame":[743.925,223.844,47.622,-0.047,0,0.999,0,1,0,-0.999,0,-0.047],"_humanoidState":8,"_cameraCFrame":[748.224,240.883,47.307,-0.073,-0.961,0.267,0,0.267,0.964,-0.997,0.071,-0.02],"_shiftlockState":false,"_pose":"Running","_animationQueue":[],"_animationSpeed":1.103,"_zoom":16.125},{"_mousePosition":[770,402],"_rootPartCFrame":[743.659,223.844,47.641,-0.051,0,0.999,0,1,0,-0.999,0,-0.051],"_humanoidState":8,"_cameraCFrame":[747.896,240.899,47.308,-0.078,-0.962,0.263,0,0.264,0.965,-0.997,0.075,-0.021],"_shiftlockState":false,"_pose":"Running","_animationQueue":[],"_animationSpeed":1.103,"_zoom":16.125},{"_mousePosition":[770,402],"_rootPartCFrame":[743.393,223.844,47.66,-0.054,0,0.999,0,1,0,-0.999,0,-0.054],"_humanoidState":8,"_cameraCFrame":[747.568,240.916,47.311,-0.083,-0.962,0.259,0,0.26,0.966,-0.997,0.08,-0.022],"_shiftlockState":false,"_pose":"Running","_animationQueue":[["walk",0.1]],"_animationSpeed":1.103,"_zoom":16.125},{"_mousePosition":[770,402],"_rootPartCFrame":[743.127,223.844,47.681,-0.057,0,0.998,0,1,0,-0.998,0,-0.057],"_humanoidState":8,"_cameraCFrame":[747.238,240.932,47.306,-0.091,-0.963,0.255,0,0.256,0.967,-0.996,0.088,-0.023],"_shiftlockState":false,"_pose":"Running","_animationQueue":[],"_animationSpeed":1.103,"_zoom":16.125},{"_mousePosition":[770,402],"_rootPartCFrame":[742.862,223.844,47.703,-0.06,0,0.998,0,1,0,-0.998,0,-0.06],"_humanoidState":8,"_cameraCFrame":[746.973,240.932,47.328,-0.091,-0.963,0.255,0,0.256,0.967,-0.996,0.088,-0.023],"_shiftlockState":false,"_pose":"Running","_animationQueue":[],"_animationSpeed":1.103,"_zoom":16.125},{"_mousePosition":[770,402],"_rootPartCFrame":[742.596,223.844,47.727,-0.064,0,0.998,0,1,0,-0.998,0,-0.064],"_humanoidState":8,"_cameraCFrame":[746.707,240.932,47.352,-0.091,-0.963,0.255,0,0.256,0.967,-0.996,0.088,-0.023],"_shiftlockState":false,"_pose":"Running","_animationQueue":[],"_animationSpeed":1.103,"_zoom":16.125},{"_mousePosition":[770,402],"_rootPartCFrame":[742.331,223.844,47.751,-0.068,0,0.998,0,1,0,-0.998,0,-0.068],"_humanoidState":8,"_cameraCFrame":[746.442,240.932,47.376,-0.091,-0.963,0.255,0,0.256,0.967,-0.996,0.088,-0.023],"_shiftlockState":false,"_pose":"Running","_animationQueue":[],"_animationSpeed":1.103,"_zoom":16.125},{"_mousePosition":[770,402],"_rootPartCFrame":[742.065,223.844,47.776,-0.071,0,0.997,0,1,0,-0