[{"_mousePosition":[1167,368],"_rootPartCFrame":[776.025,222.951,47.142,0.001,0.002,1,0,1,-0.002,-1,0,0.001],"_humanoidState":8,"_cameraCFrame":[775.865,237.236,44.082,-0.999,0.052,-0.012,0,0.233,0.972,0.053,0.971,-0.233],"_shiftlockState":false,"_pose":"Standing","_animationQueue":[],"_animationSpeed":1,"_zoom":13.147},{"_mousePosition":[1143,371],"_rootPartCFrame":[775.601,222.73,47.165,-0.011,0,1,0,1,0,-1,0,-0.011],"_humanoidState":8,"_cameraCFrame":[775.437,237.015,44.105,-0.999,0.052,-0.012,0,0.233,0.972,0.053,0.971,-0.233],"_shiftlockState":false,"_pose":"Standing","_animationQueue":[],"_animationSpeed":1,"_zoom":13.147},{"_mousePosition":[1143,371],"_rootPartCFrame":[775.468,222.664,47.172,-0.014,0,1,0,1,0,-1,0,-0.014],"_humanoidState":8,"_cameraCFrame":[775.304,236.949,44.112,-0.999,0.052,-0.012,0,0.233,0.972,0.053,0.971,-0.233],"_shiftlockState":false,"_pose":"Running","_animationQueue":[["walk",0.1]],"_animationSpeed":1.101,"_zoom":13.147},{"_mousePosition":[1030,381],"_rootPartCFrame":[775.268,222.651,47.183,-0.018,0,1,0,1,0,-1,0,-0.018],"_humanoidState":8,"_cameraCFrame":[775.104,236.936,44.123,-0.999,0.052,-0.012,0,0.233,0.972,0.053,0.971,-0.233],"_shiftlockState":false,"_pose":"Running","_animationQueue":[],"_animationSpeed":1.101,"_zoom":13.147},{"_mousePosition":[1002,383],"_rootPartCFrame":[775.069,222.662,47.194,-0.022,0,1,0,1,0,-1,0,-0.022],"_humanoidState":8,"_cameraCFrame":[774.905,236.947,44.133,-0.999,0.052,-0.012,0,0.233,0.972,0.053,0.971,-0.233],"_shiftlockState":false,"_pose":"Running","_animationQueue":[],"_animationSpeed":1.101,"_zoom":13.147},{"_mousePosition":[885,390],"_rootPartCFrame":[774.802,222.678,47.208,-0.026,0,1,0,1,0,-1,0,-0.026],"_humanoidState":8,"_cameraCFrame":[774.639,236.962,44.148,-0.999,0.052,-0.012,0,0.233,0.972,0.053,0.971,-0.233],"_shiftlockState":false,"_pose":"Running","_animationQueue":[],"_animationSpeed":1.101,"_zoom":13.147},{"_mousePosition":[867,390],"_rootPartCFrame":[774.536,222.687,47.222,-0.03,0,1,0,1,0,-1,0,-0.03],"_humanoidState":8,"_cameraCFrame":[774.372,236.972,44.162,-0.999,0.052,-0.012,0,0.233,0.972,0.053,0.971,-0.233],"_shiftlockState":false,"_pose":"Running","_animationQueue":[],"_animationSpeed":1.101,"_zoom":13.147},{"_mousePosition":[827,388],"_rootPartCFrame":[774.27,222.693,47.236,-0.033,0,0.999,0,1,0,-0.999,0,-0.033],"_humanoidState":8,"_cameraCFrame":[774.106,236.978,44.176,-0.999,0.052,-0.012,0,0.233,0.972,0.053,0.971,-0.233],"_shiftlockState":false,"_pose":"Running","_animationQueue":[],"_animationSpeed":1.101,"_zoom":13.147},{"_mousePosition":[827,388],"_rootPartCFrame":[774.003,222.696,47.251,-0.036,0,0.999,0,1,0,-0.999,0,-0.036],"_humanoidState":8,"_cameraCFrame":[773.839,236.981,44.19,-0.999,0.052,-0.012,0,0.233,0.972,0.053,0.971,-0.233],"_shiftlockState":false,"_pose":"Running","_animationQueue":[],"_animationSpeed":1.101,"_zoom":13.147},{"_mousePosition":[827,388],"_rootPartCFrame":[773.803,222.697,47.261,-0.038,0,0.999,0,1,0,-0.999,0,-0.038],"_humanoidState":8,"_cameraCFrame":[773.717,236.96,44.105,-1,0.026,-0.007,0,0.24,0.971,0.027,0.97,-0.24],"_shiftlockState":false,"_pose":"Running","_animationQueue":[["walk",0.1]],"_animationSpeed":1.101,"_zoom":13.147},{"_mousePosition":[827,388],"_rootPartCFrame":[773.47,222.699,47.279,-0.041,0,0.999,0,1,0,-0.999,0,-0.041],"_humanoidState":8,"_cameraCFrame":[773.491,236.94,44.04,-1,-0.006,0.002,0,0.246,0.969,-0.006,0.969,-0.246],"_shiftlockState":false,"_pose":"Running","_animationQueue":[],"_animationSpeed":1.101,"_zoom":13.147},{"_mousePosition":[827,388],"_rootPartCFrame":[773.271,222.699,47.286,-0.04,0,0.999,0,1,0,-0.999,0,-0.04],"_humanoidState":8,"_cameraCFrame":[773.419,236.922,43.978,-0.999,-0.044,0.011,0,0.252,0.968,-0.045,0.967,-0.252],"_shiftlockState":false,"_pose":"Running","_animationQueue":[],"_animationSpeed":1.101,"_zoom":13.147},{"_mousePosition":[827,388],"_rootPartCFrame":[773.004,222.699,47.285,-0.036,0,0.999,0,1,0,-0.999,0,-0.036],"_humanoidState":8,"_cameraCFrame":[773.263,236.914,43.953,-0.997,-0.075,0.02,0,0.254,0.967,-0.077,0.964,-0.253],"_shiftlockState":false,"_pose":"Running","_animationQueue":[],"_animationSpeed":1.101,"_zoom":13.147},{"_mousePosition":[827,388],"_rootPartCFrame":[772.738,222.699,47.275,-0.027,0,1,0,1,0,-1,0,-0.027],"_humanoidState":8,"_cameraCFrame":[773.07,236.912,43.939,-0.995,-0.096,0.025,0,0.255,0.967,-0.099,0.962,-0.254],"_shiftlockState":false,"_pose":"Running","_animationQueue":[],"_animationSpeed":1.101,"_zoom":13.147},{"_mousePosition":[827,388],"_rootPartCFrame":[772.405,222.7,47.25,-0.011,0,1,0,1,0,-1,0,-0.011],"_humanoidState":8,"_cameraCFrame":[772.795,236.909,43.91,-0.993,-0.112,0.03,0,0.256,0.967,-0.116,0.96,-0.254],"_shiftlockState":false,"_pose":"Running","_animationQueue":[],"_animationSpeed":1.101,"_zoom":13.147},{"_mousePosition":[827,388],"_rootPartCFrame":[772.206,222.7,47.231,0,0,1,0,1,0,-1,0,0],"_humanoidState":8,"_cameraCFrame":[772.641,236.909,43.897,-0.992,-0.125,0.033,0,0.256,0.967,-0.129,0.959,-0.254],"_shiftlockState":false,"_pose":"Running","_animationQueue":[["walk",0.1]],"_animationSpeed":1.101,"_zoom":13.147},{"_mousePosition":[827,388],"_rootPartCFrame":[771.941,222.7,47.201,0.015,0,1,0,1,0,-1,0,0.015],"_humanoidState":8,"_cameraCFrame":[772.411,236.909,43.871,-0.99,-0.135,0.036,0,0.256,0.967,-0.14,0.957,-0.253],"_shiftlockState":false,"_pose":"Running","_animationQueue":[],"_animationSpeed":1.101,"_zoom":13.147},{"_mousePosition":[827,388],"_rootPartCFrame":[771.677,222.7,47.167,0.031,0,1,0,1,0,-1,0,0.031],"_humanoidState":8,"_cameraCFrame":[772.173,236.912,43.851,-0.989,-0.143,0.038,0,0.255,0.967,-0.148,0.956,-0.252],"_shiftlockState":false,"_pose":"Running","_animationQueue":[],"_animationSpeed":1.101,"_zoom":13.147},{"_mousePosition":[827,388],"_rootPartCFrame":[771.413,222.7,47.13,0.045,0,0.999,0,1,0,-0.999,0,0.045],"_humanoidState":8,"_cameraCFrame":[771.916,236.912,43.815,-0.989,-0.145,0.038,0,0.255,0.967,-0.15,0.956,-0.252],"_shiftlockState":false,"_pose":"Running","_animationQueue":[],"_animationSpeed":1.101,"_zoom":13.147},{"_mousePosition":[827,388],"_rootPartCFrame":[771.149,222.7,47.09,0.059,0,0.998,0,1,0,-0.998,0,0.059],"_humanoidState":8,"_cameraCFrame":[771.651,236.915,43.786,-0.989,-0.145,0.038,0,0.254,0.967,-0.15,0.956,-0.251],"_shiftlockState":false,"_pose":"Running","_animationQueue":[],"_animationSpeed":1.101,"_zoom":13.147},{"_mousePosition":[827,388],"_rootPartCFrame":[770.753,222.7,47.03,0.078,0,0.997,0,1,0,-0.997,0,0.078],"_humanoidState":8,"_cameraCFrame":[771.255,236.915,43.726,-0.989,-0.145,0.038,0,0.254,0.967,-0.15,0.956,-0.251],"_shiftlockState":false,"_pose":"Running","_animationQueue":[],"_animationSpeed":1.101,"_zoom":13.147},{"_mousePosition":[827,388],"_rootPartCFrame":[770.621,222.7,47.01,0.083,0,0.997,0,1,0,-0.997,0,0.083],"_humanoidState":8,"_cameraCFrame":[771.123,236.915,43.706,-0.989,-0.145,0.038,0,0.254,0.967,-0.15,0.956,-0.251],"_shiftlockState":false,"_pose":"Running","_animationQueue":[["walk",0.1]],"_animationSpeed":1.101,"_zoom":13.147},{"_mousePosition":[827,388],"_rootPartCFrame":[770.358,222.7,46.97,0.092,0,0.996,0,1,0,-0.996,0,0.092],"_humanoidState":8,"_cameraCFrame":[770.86,236.915,43.666,-0.989,-0.145,0.038,0,0.254,0.967,-0.15,0.956,-0.251],"_shiftlockState":false,"_pose":"Running","_animationQueue":[],"_animationSpeed":1.101,"_zoom":13.147},{"_mousePosition":[827,388],"_rootPartCFrame":[770.028,222.649,46.92,0.103,0,0.995,0,1,0,-0.995,0,0.103],"_humanoidState":8,"_cameraCFrame":[770.53,236.864,43.616,-0.989,-0.145,0.038,0,0.254,0.967,-0.15,0.956,-0.251],"_shiftlockState":false,"_pose":"Running","_animationQueue":[],"_animationSpeed":1.101,"_zoom":13.147},{"_mousePosition":[827,388],"_rootPartCFrame":[769.764,222.546,46.88,0.112,0,0.994,0,1,0,-0.994,0,0.112],"_humanoidState":8,"_cameraCFrame":[768.536,236.761,43.313,-0.989,-0.145,0.038,0,0.254,0.967,-0.15,0.956,-0.251],"_shiftlockState":true,"_pose":"Running","_animationQueue":[],"_animationSpeed":1.101,"_zoom":13.147},{"_mousePosition":[683,384],"_rootPartCFrame":[769.567,223.205,46.85,-0.988,0,0.157,0,1,0,-0.157,0,-0.988],"_humanoidState":3,"_cameraCFrame":[768.338,237.421,43.283,-0.989,-0.145,0.038,0,0.254,0.967,-0.15,0.956,-0.251],"_shiftlockState":true,"_pose":"Jumping","_animationQueue":[["walk",0.1],["jump",0.1]],"_animationSpeed":1,"_zoom":13.147},{"_mousePosition":[683,384],"_rootPartCFrame":[769.237,224.242,46.8,-0.962,0,0.273,0,1,0,-0.273,0,-0.962],"_humanoidState":5,"_cameraCFrame":[768.009,238.457,43.233,-0.989,-0.145,0.038,0,0.254,0.967,-0.15,0.956,-0.251],"_shiftlockState":true,"_pose":"FreeFall","_animationQueue":[["jump",0.1]],"_animationSpeed":1,"_zoom":13.147},{"_mousePosition":[683,384],"_rootPartCFrame":[768.973,225.009,46.761,-0.961,0,0.278,0,1,0,-0.278,0,-0.961],"_humanoidState":5,"_cameraCFrame":[767.745,239.224,43.193,-0.989,-0.145,0.038,0,0.254,0.967,-0.15,0.956,-0.251],"_shiftlockState":true,"_pose":"FreeFall","_animationQueue":[],"_animationSpeed":1,"_zoom":13.147},{"_mousePosition":[683,384],"_rootPartCFrame":[768.776,225.549,46.731,-0.969,0,0.248,0,1,0,-0.248,0,-0.969],"_humanoidState":5,"_cameraCFrame":[767.547,239.764,43.164,-0.989,-0.145,0.038,0,0.254,0.967,-0.15,0.956,-0.251],"_shiftlockState":true,"_pose":"FreeFall","_animationQueue":[],"_animationSpeed":1,"_zoom":13.147},{"_mousePosition":[683,384],"_rootPartCFrame":[768.512,226.221,46.691,-0.96,0,0.28,0,1,0,-0.28,0,-0.96],"_humanoidState":5,"_cameraCFrame":[767.27,240.447,43.167,-0.989,-0.143,0.037,0,0.251,0.968,-0.148,0.957,-0.248],"_shiftlockState":true,"_pose":"FreeFall","_animationQueue":[],"_animationSpeed":1,"_zoom":13.147},{"_mousePosition":[683,384],"_rootPartCFrame":[768.182,226.985,46.641,-0.951,0,0.31,0,1,0,-0.31,0,-0.951],"_humanoidState":5,"_cameraCFrame":[766.908,241.229,43.196,-0.99,-0.138,0.035,0,0.246,0.969,-0.142,0.96,-0.243],"_shiftlockState":true,"_pose":"FreeFall","_animationQueue":[],"_animationSpeed":1,"_zoom":13.147},{"_mousePosition":[683,384],"_rootPartCFrame":[767.984,227.402,46.612,-0.971,0,0.24,0,1,0,-0.24,0,-0.971],"_humanoidState":5,"_cameraCFrame":[766.674,241.667,43.258,-0.991,-0.131,0.032,0,0.239,0.971,-0.135,0.962,-0.237],"_shiftlockState":true,"_pose":"FreeFall","_animationQueue":[],"_animationSpeed":1,"_zoom":13.147},{"_mousePosition":[683,384],"_rootPartCFrame":[767.654,228.029,46.564,-0.955,0,0.297,0,1,0,-0.297,0,-0.955],"_humanoidState":5,"_cameraCFrame":[766.309,242.314,43.302,-0.992,-0.124,0.03,0,0.233,0.972,-0.127,0.965,-0.231],"_shiftlockState":true,"_pose":"FreeFall","_animationQueue":[],"_animationSpeed":1,"_zoom":13.147},{"_mousePosition":[683,384],"_rootPartCFrame":[767.39,228.47,46.528,-0.966,0,0.258,0,1,0,-0.258,0,-0.966],"_humanoidState":5,"_cameraCFrame":[766.021,242.767,43.324,-0.993,-0.119,0.028,0,0.229,0.973,-0.122,0.966,-0.227],"_shiftlockState":true,"_pose":"FreeFall","_animationQueue":[],"_animationSpeed":1,"_zoom":13.147},{"_mousePosition":[683,384],"_rootPartCFrame":[767.192,228.764,46.503,-0.975,0,0.221,0,1,0,-0.221,0,-0.975],"_humanoidState":5,"_cameraCFrame":[765.811,243.071,43.343,-0.993,-0.117,0.027,0,0.226,0.974,-0.12,0.967,-0.224],"_shiftlockState":true,"_pose":"FreeFall","_animationQueue":[],"_animationSpeed":1,"_zoom":13.147},{"_mousePosition":[683,384],"_rootPartCFrame":[766.861,229.187,46.462,-0.959,0,0.283,0,1,0,-0.283,0,-0.959],"_humanoidState":5,"_cameraCFrame":[765.469,243.503,43.346,-0.993,-0.115,0.026,0,0.223,0.975,-0.118,0.968,-0.221],"_shiftlockState":true,"_pose":"FreeFall","_animationQueue":[],"_animationSpeed":1,"_zoom":13.147},{"_mousePosition":[683,384],"_rootPartCFrame":[766.662,229.4,46.438,-0.976,0,0.217,0,1,0,-0.217,0,-0.976],"_humanoidState":5,"_cameraCFrame":[765.267,243.723,43.353,-0.993,-0.115,0.026,0,0.221,0.975,-0.118,0.969,-0.219],"_shiftlockState":true,"_pose":"FreeFall","_animationQueue":[],"_animationSpeed":1,"_zoom":13.147},{"_mousePosition":[683,384],"_rootPartCFrame":[766.331,229.687,46.399,-0.96,0,0.281,0,1,0,-0.281,0,-0.96],"_humanoidState":5,"_cameraCFrame":[764.931,244.012,43.325,-0.993,-0.114,0.026,0,0.22,0.976,-0.117,0.969,-0.218],"_shiftlockState":true,"_pose":"FreeFall","_animationQueue":[],"_animationSpeed":1,"_zoom":13.147},{"_mousePosition":[683,384],"_rootPartCFrame":[766.132,229.818,46.376,-0.977,0,0.215,0,1,0,-0.215,0,-0.977],"_humanoidState":5,"_cameraCFrame":[764.73,244.148,43.322,-0.993,-0.114,0.026,0,0.218,0.976,-0.117,0.969,-0.217],"_shiftlockState":true,"_pose":"FreeFall","_animationQueue":[],"_animationSpeed":1,"_zoom":13.147},{"_mousePosition":[683,384],"_rootPartCFrame":[765.801,229.968,46.337,-0.96,0,0.28,0,1,0,-0.28,0,-0.96],"_humanoidState":5,"_cameraCFrame":[764.39,244.31,43.337,-0.993,-0.113,0.025,0,0.214,0.977,-0.116,0.97,-0.213],"_shiftlockState":true,"_pose":"FreeFall","_animationQueue":[],"_animationSpeed":1,"_zoom":13.147},{"_mousePosition":[683,384],"_rootPartCFrame":[765.536,230.027,46.306,-0.969,0,0.247,0,1,0,-0.247,0,-0.969],"_humanoidState":5,"_cameraCFrame":[764.112,244.38,43.36,-0.993,-0.111,0.024,0,0.21,0.978,-0.114,0.971,-0.209],"_shiftlockState":true,"_pose":"FreeFall","_animationQueue":[["fall",0.3]],"_animationSpeed":1,"_zoom":13.147},{"_mousePosition":[683,384],"_rootPartCFrame":[765.271,230.032,46.275,-0.97,0,0.245,0,1,0,-0.245,0,-0.97],"_humanoidState":5,"_cameraCFrame":[763.829,244.396,43.387,-0.994,-0.107,0.023,0,0.206,0.978,-0.11,0.973,-0.205],"_shiftlockState":true,"_pose":"FreeFall","_animationQueue":[],"_animationSpeed":1,"_zoom":13.147},{"_mousePosition":[683,384],"_rootPartCFrame":[765.006,229.982,46.245,-0.971,0,0.241,0,1,0,-0.241,0,-0.971],"_humanoidState":5,"_cameraCFrame":[763.55,244.357,43.413,-0.994,-0.104,0.022,0,0.202,0.979,-0.107,0.974,-0.201],"_shiftlockState":true,"_pose":"FreeFall","_animationQueue":[],"_animationSpeed":1,"_zoom":13.147},{"_mousePosition":[683,384],"_rootPartCFrame":[764.741,229.877,46.216,-0.971,0,0.238,0,1,0,-0.238,0,-0.971],"_humanoidState":5,"_cameraCFrame":[763.272,244.261,43.43,-0.995,-0.101,0.021,0,0.199,0.98,-0.103,0.975,-0.198],"_shiftlockState":true,"_pose":"FreeFall","_animationQueue":[],"_animationSpeed":1,"_zoom":13.147},{"_mousePosition":[683,384],"_rootPartCFrame":[764.476,229.718,46.188,-0.972,0,0.235,0,1,0,-0.235,0,-0.972],"_humanoidState":5,"_cameraCFrame":[762.994,244.108,43.437,-0.995,-0.098,0.02,0,0.197,0.98,-0.1,0.975,-0.196],"_shiftlockState":true,"_pose":"FreeFall","_animationQueue":[],"_animationSpeed":1,"_zoom":13.147},{"_mousePosition":[683,384],"_rootPartCFrame":[764.277,229.563,46.167,-0.98,0,0.199,0,1,0,-0.199,0,-0.98],"_humanoidState":5,"_cameraCFrame":[762.78,243.961,43.464,-0.995,-0.094,0.019,0,0.194,0.981,-0.096,0.977,-0.193],"_shiftlockState":true,"_pose":"FreeFall","_animationQueue":[],"_animationSpeed":1,"_zoom":13.147},{"_mousePosition":[683,384],"_rootPartCFrame":[763.945,229.237,46.134,-0.966,0,0.26,0,1,0,-0.26,0,-0.966],"_humanoidState":5,"_cameraCFrame":[762.437,243.641,43.466,-0.996,-0.091,0.018,0,0.191,0.982,-0.093,0.977,-0.191],"_shiftlockState":true,"_pose":"FreeFall","_animationQueue":[],"_animationSpeed":1,"_zoom":13.147},{"_mousePosition":[683,384],"_rootPartCFrame":[763.68,228.914,46.108,-0.974,0,0.224,0,1,0,-0.224,0,-0.974],"_humanoidState":5,"_cameraCFrame":[762.161,243.323,43.466,-0.996,-0.088,0.017,0,0.19,0.982,-0.09,0.978,-0.189],"_shiftlockState":true,"_pose":"FreeFall","_animationQueue":[["fall",0.3]],"_animationSpeed":1,"_zoom":13.147},{"_mousePosition":[683,384],"_rootPartCFrame":[763.481,228.637,46.09,-0.982,0,0.189,0,1,0,-0.189,0,-0.982],"_humanoidState":5,"_cameraCFrame":[761.953,243.047,43.463,-0.996,-0.085,0.016,0,0.189,0.982,-0.087,0.978,-0.188],"_shiftlockState":true,"_pose":"FreeFall","_animationQueue":[],"_animationSpeed":1,"_zoom":13.147},{"_mousePosition":[683,384],"_rootPartCFrame":[763.215,228.219,46.066,-0.976,0,0.218,0,1,0,-0.218,0,-0.976],"_humanoidState":5,"_cameraCFrame":[761.678,242.631,43.454,-0.996,-0.082,0.016,0,0.188,0.982,-0.084,0.979,-0.188],"_shiftlockState":true,"_pose":"FreeFall","_animationQueue":[],"_animationSpeed":1,"_zoom":13.147},{"_mousePosition":[683,384],"_rootPartCFrame":[762.949,227.747,46.043,-0.977,0,0.215,0,1,0,-0.215,0,-0.977],"_humanoidState":5,"_cameraCFrame":[761.404,242.159,43.436,-0.997,-0.079,0.015,0,0.188,0.982,-0.081,0.979,-0.188],"_shiftlockState":true,"_pose":"FreeFall","_animationQueue":[],"_animationSpeed":1,"_zoom":13.147},{"_mousePosition":[683,384],"_rootPartCFrame":[762.684,227.22,46.021,-0.977,0,0.212,0,1,0,-0.212,0,-0.977],"_humanoidState":5,"_cameraCFrame":[761.128,241.632,43.421,-0.997,-0.075,0.014,0,0.188,0.982,-0.076,0.979,-0.188],"_shiftlockState":true,"_pose":"FreeFall","_animationQueue":[],"_animationSpeed":1,"_zoom":13.147},{"_mousePosition":[683,384],"_rootPartCFrame":[762.418,226.638,45.999,-0.978,0,0.208,0,1,0,-0.208,0,-0.978],"_humanoidState":5,"_cameraCFrame":[760.848,241.051,43.407,-0.997,-0.07,0.013,0,0.188,0.982,-0.071,0.98,-0.188],"_shiftlockState":true,"_pose":"FreeFall","_animationQueue":[],"_animationSpeed":1,"_zoom":13.147},{"_mousePosition":[683,384],"_rootPartCFrame":[762.152,226.003,45.979,-0.979,0,0.203,0,1,0,-0.203,0,-0.979],"_humanoidState":5,"_cameraCFrame":[760.568,240.415,43.395,-0.998,-0.065,0.012,0,0.188,0.982,-0.066,0.98,-0.188],"_shiftlockState":true,"_pose":"FreeFall","_animationQueue":[],"_animationSpeed":1,"_zoom":13.147},{"_mousePosition":[683,384],"_rootPartCFrame":[761.886,225.312,45.96,-0.98,0,0.198,0,1,0,-0.198,0,-0.98],"_humanoidState":5,"_cameraCFrame":[760.294,239.726,43.392,-0.998,-0.062,0.012,0,0.187,0.982,-0.063,0.98,-0.187],"_shiftlockState":true,"_pose":"FreeFall","_animationQueue":[["fall",0.3]],"_animationSpeed":1,"_zoom":13.147},{"_mousePosition":[683,384],"_rootPartCFrame":[761.62,224.567,45.943,-0.981,0,0.195,0,1,0,-0.195,0,-0.981],"_humanoidState":5,"_cameraCFrame":[760.025,238.981,43.376,-0.998,-0.061,0.012,0,0.187,0.982,-0.062,0.98,-0.187],"_shiftlockState":true,"_pose":"FreeFall","_animationQueue":[],"_animationSpeed":1,"_zoom":13.147},{"_mousePosition":[683,384],"_rootPartCFrame":[761.287,223.56,45.922,-0.974,0,0.226,0,1,0,-0.226,0,-0.974],"_humanoidState":5,"_cameraCFrame":[759.692,237.974,43.355,-0.998,-0.061,0.012,0,0.187,0.982,-0.062,0.98,-0.187],"_shiftlockState":true,"_pose":"FreeFall","_animationQueue":[],"_animationSpeed":1,"_zoom":13.147},{"_mousePosition":[683,384],"_rootPartCFrame":[761.021,222.692,45.905,-0.995,0,0.095,0,1,0,-0.095,0,-0.995],"_humanoidState":7,"_cameraCFrame":[759.425,237.108,43.349,-0.998,-0.061,0.012,0,0.187,0.982,-0.062,0.981,-0.186],"_shiftlockState":true,"_pose":"FreeFall","_animationQueue":[["walk",0.1],["fall",0.3],["fall",0.3]],"_animationSpeed":1,"_zoom":13.147},{"_mousePosition":[683,384],"_rootPartCFrame":[760.821,222.492,45.893,-0.998,0,0.063,0,1,0,-0.063,0,-0.998],"_humanoidState":7,"_cameraCFrame":[759.226,236.908,43.337,-0.998,-0.061,0.012,0,0.187,0.982,-0.062,0.981,-0.186],"_shiftlockState":true,"_pose":"FreeFall","_animationQueue":[],"_animationSpeed":1,"_zoom":13.147},{"_mousePosition":[683,384],"_rootPartCFrame":[760.422,222.576,45.868,-0.998,0,0.062,0,1,0,-0.062,0,-0.998],"_humanoidState":8,"_cameraCFrame":[758.827,236.992,43.312,-0.998,-0.061,0.012,0,0.187,0.982,-0.062,0.981,-0.186],"_shiftlockState":true,"_pose":"Running","_animationQueue":[["walk",0.1],["fall",0.3],["walk",0.1]],"_animationSpeed":1.103,"_zoom":13.147},{"_mousePosition":[683,384],"_rootPartCFrame":[760.222,222.62,45.856,-0.998,0,0.062,0,1,0,-0.062,0,-0.998],"_humanoidState":8,"_cameraCFrame":[758.627,237.036,43.3,-0.998,-0.061,0.012,0,0.187,0.982,-0.062,0.981,-0.186],"_shiftlockState":true,"_pose":"Running","_animationQueue":[],"_animationSpeed":1.103,"_zoom":13.147},{"_mousePosition":[683,384],"_rootPartCFrame":[759.89,222.662,45.835,-0.998,0,0.062,0,1,0,-0.062,0,-0.998],"_humanoidState":8,"_cameraCFrame":[758.32,237.082,43.283,-0.997,-0.071,0.013,0,0.185,0.983,-0.072,0.98,-0.185],"_shiftlockState":true,"_pose":"Running","_animationQueue":[["walk",0.1]],"_animationSpeed":1.103,"_zoom":13.147},{"_mousePosition":[683,384],"_rootPartCFrame":[759.624,222.679,45.819,-0.997,0,0.072,0,1,0,-0.072,0,-0.997],"_humanoidState":8,"_cameraCFrame":[758.112,237.101,43.242,-0.995,-0.093,0.018,0,0.184,0.983,-0.095,0.978,-0.183],"_shiftlockState":true,"_pose":"Running","_animationQueue":[],"_animationSpeed":1.103,"_zoom":13.147},{"_mousePosition":[683,384],"_rootPartCFrame":[759.424,222.687,45.805,-0.995,0,0.095,0,1,0,-0.095,0,-0.995],"_humanoidState":8,"_cameraCFrame":[758.026,237.107,43.155,-0.99,-0.135,0.025,0,0.185,0.983,-0.138,0.973,-0.183],"_shiftlockState":true,"_pose":"Running","_animationQueue":[],"_animationSpeed":1.103,"_zoom":13.147},{"_mousePosition":[683,384],"_rootPartCFrame":[759.092,222.694,45.774,-0.99,0,0.138,0,1,0,-0.138,0,-0.99],"_humanoidState":8,"_cameraCFrame":[757.809,237.108,43.039,-0.984,-0.175,0.033,0,0.187,0.982,-0.178,0.967,-0.184],"_shiftlockState":true,"_pose":"Running","_animationQueue":[],"_animationSpeed":1.103,"_zoom":13.147},{"_mousePosition":[683,384],"_rootPartCFrame":[758.894,222.696,45.748,-0.984,0,0.178,0,1,0,-0.178,0,-0.984],"_humanoidState":8,"_cameraCFrame":[757.717,237.108,42.956,-0.977,-0.211,0.04,0,0.188,0.982,-0.215,0.959,-0.184],"_shiftlockState":true,"_pose":"Running","_animationQueue":[],"_animationSpeed":1.103,"_zoom":13.147},{"_mousePosition":[683,384],"_rootPartCFrame":[758.631,222.698,45.702,-0.977,0,0.215,0,1,0,-0.215,0,-0.977],"_humanoidState":8,"_cameraCFrame":[757.578,237.11,42.861,-0.966,-0.253,0.049,0,0.188,0.982,-0.258,0.949,-0.182],"_shiftlockState":true,"_pose":"Running","_animationQueue":[],"_animationSpeed":1.103,"_zoom":13.147},{"_mousePosition":[683,384],"_rootPartCFrame":[758.305,222.699,45.632,-0.966,0,0.258,0,1,0,-0.258,0,-0.966],"_humanoidState":8,"_cameraCFrame":[757.354,237.113,42.764,-0.956,-0.288,0.055,0,0.187,0.982,-0.293,0.939,-0.179],"_shiftlockState":true,"_pose":"Running","_animationQueue":[],"_animationSpeed":1.103,"_zoom":13.147},{"_mousePosition":[683,384],"_rootPartCFrame":[758.047,222.699,45.565,-0.956,0,0.293,0,1,0,-0.293,0,-0.956],"_humanoidState":8,"_cameraCFrame":[757.15,237.117,42.698,-0.95,-0.308,0.058,0,0.186,0.983,-0.313,0.933,-0.176],"_shiftlockState":true,"_pose":"Running","_animationQueue":[["walk",0.1]],"_animationSpeed":1.103,"_zoom":13.147},{"_mousePosition":[683,384],"_rootPartCFrame":[757.792,222.699,45.489,-0.95,0,0.313,0,1,0,-0.313,0,-0.95],"_humanoidState":8,"_cameraCFrame":[756.903,237.117,42.618,-0.949,-0.31,0.059,0,0.186,0.983,-0.316,0.932,-0.176],"_shiftlockState":true,"_pose":"Running","_animationQueue":[],"_animationSpeed":1.103,"_zoom":13.147},{"_mousePosition":[683,384],"_rootPartCFrame":[757.602,222.699,45.427,-0.949,0,0.316,0,1,0,-0.316,0,-0.949],"_humanoidState":8,"_cameraCFrame":[756.71,237.118,42.557,-0.949,-0.309,0.059,0,0.186,0.983,-0.315,0.933,-0.176],"_shiftlockState":true,"_pose":"Running","_animationQueue":[],"_animationSpeed":1.103,"_zoom":13.147},{"_mousePosition":[683,384],"_rootPartCFrame":[757.285,222.7,45.322,-0.949,0,0.315,0,1,0,-0.315,0,-0.949],"_humanoidState":8,"_cameraCFrame":[756.376,237.114,42.44,-0.952,-0.302,0.058,0,0.187,0.982,-0.307,0.935,-0.178],"_shiftlockState":true,"_pose":"Running","_animationQueue":[],"_animationSpeed":1.103,"_zoom":13.147},{"_mousePosition":[683,384],"_rootPartCFrame":[757.032,222.7,45.238,-0.952,0,0.307,0,1,0,-0.307,0,-0.952],"_humanoidState":8,"_cameraCFrame":[756.09,237.108,42.34,-0.956,-0.288,0.056,0,0.19,0.982,-0.293,0.939,-0.181],"_shiftlockState":true,"_pose":"Running","_animationQueue":[],"_animationSpeed":1.103,"_zoom":13.147},{"_mousePosition":[683,384],"_rootPartCFrame":[756.842,222.679,45.175,-0.956,0,0.293,0,1,0,-0.293,0,-0.956],"_humanoidState":8,"_cameraCFrame":[755.839,237.085,42.288,-0.962,-0.267,0.052,0,0.191,0.982,-0.272,0.945,-0.183],"_shiftlockState":true,"_pose":"Running","_animationQueue":[],"_animationSpeed":1.103,"_zoom":13.147},{"_mousePosition":[683,384],"_rootPartCFrame":[756.526,223.763,45.07,-0.962,0,0.272,0,1,0,-0.272,0,-0.962],"_humanoidState":3,"_cameraCFrame":[755.469,238.169,42.202,-0.967,-0.249,0.048,0,0.191,0.982,-0.254,0.95,-0.184],"_shiftlockState":true,"_pose":"Jumping","_animationQueue":[["walk",0.1],["jump",0.1]],"_animationSpeed":1,"_zoom":13.147},{"_mousePosition":[683,384],"_rootPartCFrame":[756.334,224.374,45.014,-0.95,0,0.314,0,1,0,-0.314,0,-0.95],"_humanoidState":5,"_cameraCFrame":[755.226,238.78,42.166,-0.972,-0.232,0.045,0,0.191,0.982,-0.236,0.954,-0.185],"_shiftlockState":true,"_pose":"FreeFall","_animationQueue":[["jump",0.1]],"_animationSpeed":1,"_zoom":13.147},{"_mousePosition":[683,384],"_rootPartCFrame":[756.076,225.142,44.945,-0.935,0,0.356,0,1,0,-0.356,0,-0.935],"_humanoidState":5,"_cameraCFrame":[754.915,239.55,42.128,-0.976,-0.215,0.042,0,0.19,0.982,-0.219,0.958,-0.185],"_shiftlockState":true,"_pose":"FreeFall","_animationQueue":[],"_animationSpeed":1,"_zoom":13.147},{"_mousePosition":[683,384],"_rootPartCFrame":[755.752,226.025,44.866,-0.926,0,0.377,0,1,0,-0.377,0,-0.926],"_humanoidState":5,"_cameraCFrame":[754.543,240.437,42.088,-0.979,-0.2,0.038,0,0.188,0.982,-0.204,0.962,-0.184],"_shiftlockState":true,"_pose":"FreeFall","_animationQueue":[],"_animationSpeed":1,"_zoom":13.147},{"_mousePosition":[683,384],"_rootPartCFrame":[755.492,226.67,44.807,-0.943,0,0.332,0,1,0,-0.332,0,-0.943],"_humanoidState":5,"_cameraCFrame":[754.232,241.084,42.061,-0.982,-0.183,0.035,0,0.187,0.982,-0.186,0.965,-0.184],"_shiftlockState":true,"_pose":"FreeFall","_animationQueue":[],"_animationSpeed":1,"_zoom":13.147},{"_mousePosition":[683,384],"_rootPartCFrame":[755.231,227.26,44.753,-0.949,0,0.315,0,1,0,-0.315,0,-0.949],"_humanoidState":5,"_cameraCFrame":[753.903,241.68,42.067,-0.987,-0.161,0.03,0,0.185,0.983,-0.164,0.969,-0.183],"_shiftlockState":true,"_pose":"FreeFall","_animationQueue":[],"_animationSpeed":1,"_zoom":13.147},{"_mousePosition":[683,384],"_rootPartCFrame":[755.035,227.667,44.715,-0.965,0,0.261,0,1,0,-0.261,0,-0.965],"_humanoidState":5,"_cameraCFrame":[753.625,242.095,42.109,-0.991,-0.133,0.025,0,0.182,0.983,-0.136,0.974,-0.18],"_shiftlockState":true,"_pose":"FreeFall","_animationQueue":[],"_animationSpeed":1,"_zoom":13.147},{"_mousePosition":[683,384],"_rootPartCFrame":[754.706,228.277,44.66,-0.955,0,0.298,0,1,0,-0.298,0,-0.955],"_humanoidState":5,"_cameraCFrame":[753.213,242.715,42.15,-0.994,-0.104,0.019,0,0.178,0.984,-0.106,0.979,-0.177],"_shiftlockState":true,"_pose":"FreeFall","_animationQueue":[],"_animationSpeed":1,"_zoom":13.147},{"_mousePosition":[683,384],"_rootPartCFrame":[754.508,228.603,44.632,-0.979,0,0.204,0,1,0,-0.204,0,-0.979],"_humanoidState":5,"_cameraCFrame":[752.917,243.05,42.235,-0.998,-0.067,0.012,0,0.174,0.985,-0.068,0.983,-0.173],"_shiftlockState":true,"_pose":"FreeFall","_animationQueue":[],"_animationSpeed":1,"_zoom":13.147},{"_mousePosition":[683,384],"_rootPartCFrame":[754.243,228.989,44.603,-0.98,0,0.2,0,1,0,-0.2,0,-0.98],"_humanoidState":5,"_cameraCFrame":[752.543,243.436,42.282,-1,-0.022,0.004,0,0.174,0.985,-0.022,0.985,-0.174],"_shiftlockState":true,"_pose":"FreeFall","_animationQueue":[],"_animationSpeed":1,"_zoom":13.147},{"_mousePosition":[683,384],"_rootPartCFrame":[753.91,229.394,44.579,-0.982,0,0.187,0,1,0,-0.187,0,-0.982],"_humanoidState":5,"_cameraCFrame":[752.115,243.842,42.331,-1,0.02,-0.003,0,0.174,0.985,0.02,0.985,-0.174],"_shiftlockState":true,"_pose":"FreeFall","_animationQueue":[],"_animationSpeed":1,"_zoom":13.147},{"_mousePosition":[683,384],"_rootPartCFrame":[753.644,229.658,44.571,-0.994,0,0.113,0,1,0,-0.113,0,-0.994],"_humanoidState":5,"_cameraCFrame":[751.765,244.105,42.393,-0.998,0.057,-0.01,0,0.174,0.985,0.058,0.983,-0.173],"_shiftlockState":true,"_pose":"FreeFall","_animationQueue":[],"_animationSpeed":1,"_zoom":13.147},{"_mousePosition":[683,384],"_rootPartCFrame":[753.377,229.867,44.575,-0.997,0,0.076,0,1,0,-0.076,0,-0.997],"_humanoidState":5,"_cameraCFrame":[751.427,244.314,42.461,-0.996,0.09,-0.016,0,0.174,0.985,0.091,0.981,-0.173],"_shiftlockState":true,"_pose":"FreeFall","_animationQueue":[],"_animationSpeed":1,"_zoom":13.147},{"_mousePosition":[683,384],"_rootPartCFrame":[753.111,230.021,44.589,-0.999,0,0.042,0,1,0,-0.042,0,-0.999],"_humanoidState":5,"_cameraCFrame":[751.117,244.468,42.516,-0.994,0.11,-0.019,0,0.174,0.985,0.112,0.979,-0.173],"_shiftlockState":true,"_pose":"FreeFall","_animationQueue":[],"_animationSpeed":1,"_zoom":13.147},{"_mousePosition":[683,384],"_rootPartCFrame":[752.912,230.101,44.606,-1,0,-0.012,0,1,0,0.012,0,-1],"_humanoidState":5,"_cameraCFrame":[750.874,244.548,42.576,-0.991,0.131,-0.023,0,0.174,0.985,0.133,0.976,-0.172],"_shiftlockState":true,"_pose":"FreeFall","_animationQueue":[],"_animationSpeed":1,"_zoom":13.147},{"_mousePosition":[683,384],"_rootPartCFrame":[752.58,230.166,44.643,-0.999,0,0.034,0,1,0,-0.034,0,-0.999],"_humanoidState":5,"_cameraCFrame":[750.516,244.614,42.64,-0.989,0.144,-0.025,0,0.174,0.985,0.146,0.974,-0.172],"_shiftlockState":true,"_pose":"FreeFall","_animationQueue":[],"_animationSpeed":1,"_zoom":13.147},{"_mousePosition":[683,384],"_rootPartCFrame":[752.382,230.165,44.669,-0.999,0,-0.047,0,1,0,0.047,0,-0.999],"_humanoidState":5,"_cameraCFrame":[750.293,244.61,42.68,-0.988,0.155,-0.027,0,0.174,0.985,0.158,0.972,-0.172],"_shiftlockState":true,"_pose":"FreeFall","_animationQueue":[],"_animationSpeed":1,"_zoom":13.147},{"_mousePosition":[683,384],"_rootPartCFrame":[752.052,230.094,44.718,-1,0,0.008,0,1,0,-0.008,0,-1],"_humanoidState":5,"_cameraCFrame":[749.942,244.539,42.75,-0.986,0.165,-0.029,0,0.174,0.985,0.168,0.971,-0.172],"_shiftlockState":true,"_pose":"FreeFall","_animationQueue":[],"_animationSpeed":1,"_zoom":13.147},{"_mousePosition":[683,384],"_rootPartCFrame":[751.855,230.01,44.749,-0.998,0,-0.069,0,1,0,0.069,0,-0.998],"_humanoidState":5,"_cameraCFrame":[749.722,244.454,42.794,-0.984,0.175,-0.031,0,0.175,0.985,0.178,0.969,-0.172],"_shiftlockState":true,"_pose":"FreeFall","_animationQueue":[],"_animationSpeed":1,"_zoom":13.147},{"_mousePosition":[683,384],"_rootPartCFrame":[751.526,229.803,44.805,-1,0,-0.013,0,1,0,0.013,0,-1],"_humanoidState":5,"_cameraCFrame":[749.379,244.245,42.853,-0.983,0.181,-0.032,0,0.176,0.984,0.184,0.968,-0.173],"_shiftlockState":true,"_pose":"FreeFall","_animationQueue":[],"_animationSpeed":1,"_zoom":13.147},{"_mousePosition":[683,384],"_rootPartCFrame":[751.329,229.638,44.84,-0.996,0,-0.085,0,1,0,0.085,0,-0.996],"_humanoidState":5,"_cameraCFrame":[749.17,244.079,42.902,-0.982,0.188,-0.034,0,0.176,0.984,0.191,0.966,-0.173],"_shiftlockState":true,"_pose":"FreeFall","_animationQueue":[],"_animationSpeed":1,"_zoom":13.147},{"_mousePosition":[683,384],"_rootPartCFrame":[751.002,229.294,44.902,-1,0,-0.025,0,1,0,0.025,0,-1],"_humanoidState":5,"_cameraCFrame":[748.837,243.736,42.97,-0.981,0.191,-0.034,0,0.176,0.984,0.194,0.966,-0.173],"_shiftlockState":true,"_pose":"FreeFall","_animationQueue":[["fall",0.3]],"_animationSpeed":1,"_zoom":13.147},{"_mousePosition":[683,384],"_rootPartCFrame":[750.805,229.047,44.94,-0.996,0,-0.095,0,1,0,0.095,0,-0.996],"_humanoidState":5,"_cameraCFrame":[748.638,243.489,43.01,-0.981,0.192,-0.034,0,0.176,0.984,0.195,0.966,-0.173],"_shiftlockState":true,"_pose":"FreeFall","_animationQueue":[],"_animationSpeed":1,"_zoom":13.147},{"_mousePosition":[683,384],"_rootPartCFrame":[750.544,228.67,44.991,-0.998,0,-0.063,0,1,0,0.063,0,-0.998],"_humanoidState":5,"_cameraCFrame":[748.377,243.112,43.062,-0.981,0.192,-0.034,0,0.176,0.984,0.195,0.966,-0.173],"_shiftlockState":true,"_pose":"FreeFall","_animationQueue":[],"_animationSpeed":1,"_zoom":13.147},{"_mousePosition":[683,384],"_rootPartCFrame":[750.282,228.239,45.043,-0.998,0,-0.063,0,1,0,0.063,0,-0.998],"_humanoidState":5,"_cameraCFrame":[748.125,242.682,43.115,-0.982,0.188,-0.033,0,0.175,0.985,0.191,0.966,-0.172],"_shiftlockState":true,"_pose":"FreeFall","_animationQueue":[],"_animationSpeed":1,"_zoom":13.147},{"_mousePosition":[683,384],"_rootPartCFrame":[749.955,227.623,45.109,-1,0,-0.025,0,1,0,0.025,0,-1],"_humanoidState":5,"_cameraCFrame":[747.819,242.068,43.17,-0.983,0.178,-0.032,0,0.174,0.985,0.181,0.968,-0.172],"_shiftlockState":true,"_pose":"FreeFall","_animationQueue":[],"_animationSpeed":1,"_zoom":13.147},{"_mousePosition":[683,384],"_rootPartCFrame":[749.694,227.069,45.16,-0.999,0,-0.049,0,1,0,0.049,0,-0.999],"_humanoidState":5,"_cameraCFrame":[747.584,241.514,43.193,-0.986,0.165,-0.029,0,0.174,0.985,0.168,0.971,-0.172],"_shiftlockState":true,"_pose":"FreeFall","_animationQueue":[],"_animationSpeed":1,"_zoom":13.147},{"_mousePosition":[683,384],"_rootPartCFrame":[749.432,226.46,45.209,-0.999,0,-0.035,0,1,0,0.035,0,-0.999],"_humanoidState":5,"_cameraCFrame":[747.353,240.906,43.209,-0.988,0.15,-0.027,0,0.174,0.985,0.152,0.973,-0.172],"_shiftlockState":true,"_pose":"FreeFall","_animationQueue":[],"_animationSpeed":1,"_zoom":13.147},{"_mousePosition":[683,384],"_rootPartCFrame":[749.169,225.797,45.254,-1,0,-0.02,0,1,0,0.02,0,-1],"_humanoidState":5,"_cameraCFrame":[747.113,240.242,43.23,-0.99,0.139,-0.025,0,0.174,0.985,0.141,0.975,-0.173],"_shiftlockState":true,"_pose":"FreeFall","_animationQueue":[["fall",0.3]],"_animationSpeed":1,"_zoom":13.147},{"_mousePosition":[683,384],"_rootPartCFrame":[748.971,225.264,45.286,-0.999,0,-0.041,0,1,0,0.041,0,-0.999],"_humanoidState":5,"_cameraCFrame":[746.935,239.709,43.242,-0.991,0.13,-0.023,0,0.174,0.985,0.132,0.976,-0.173],"_shiftlockState":true,"_pose":"FreeFall","_animationQueue":[],"_animationSpeed":1,"_zoom":13.147},{"_mousePosition":[683,384],"_rootPartCFrame":[748.641,224.307,45.333,-0.999,0,0.035,0,1,0,-0.035,0,-0.999],"_humanoidState":5,"_cameraCFrame":[746.616,238.753,43.28,-0.992,0.124,-0.022,0,0.174,0.985,0.126,0.977,-0.173],"_shiftlockState":true,"_pose":"FreeFall","_animationQueue":[],"_animationSpeed":1,"_zoom":13.147},{"_mousePosition":[683,384],"_rootPartCFrame":[748.377,223.481,45.369,-1,0,0.007,0,1,0,-0.007,0,-1],"_humanoidState":5,"_cameraCFrame":[746.353,237.926,43.313,-0.992,0.123,-0.022,0,0.174,0.985,0.125,0.977,-0.173],"_shiftlockState":true,"_pose":"FreeFall","_animationQueue":[],"_animationSpeed":1,"_zoom":13.147},{"_mousePosition":[683,384],"_rootPartCFrame":[748.113,222.6,45.403,-0.996,0,-0.09,0,1,0,0.09,0,-0.996],"_humanoidState":7,"_cameraCFrame":[746.089,237.045,43.347,-0.992,0.123,-0.022,0,0.174,0.985,0.125,0.977,-0.173],"_shiftlockState":true,"_pose":"FreeFall","_animationQueue":[["walk",0.1],["fall",0.3],["fall",0.3]],"_animationSpeed":1,"_zoom":13.147},{"_mousePosition":[683,384],"_rootPartCFrame":[747.914,222.417,45.428,-0.992,0,-0.123,0,1,0,0.123,0,-0.992],"_humanoidState":7,"_cameraCFrame":[745.89,236.862,43.372,-0.992,0.123,-0.022,0,0.174,0.985,0.125,0.977,-0.173],"_shiftlockState":true,"_pose":"FreeFall","_animationQueue":[],"_animationSpeed":1,"_zoom":13.147},{"_mousePosition":[683,384],"_rootPartCFrame":[747.649,222.49,45.462,-0.992,0,-0.125,0,1,0,0.125,0,-0.992],"_humanoidState":7,"_cameraCFrame":[745.628,236.935,43.404,-0.992,0.122,-0.022,0,0.174,0.985,0.124,0.977,-0.173],"_shiftlockState":true,"_pose":"FreeFall","_animationQueue":[],"_animationSpeed":1,"_zoom":13.147},{"_mousePosition":[683,384],"_rootPartCFrame":[747.385,222.577,45.495,-0.992,0,-0.124,0,1,0,0.124,0,-0.992],"_humanoidState":8,"_cameraCFrame":[745.381,237.022,43.42,-0.993,0.114,-0.02,0,0.174,0.985,0.116,0.978,-0.173],"_shiftlockState":true,"_pose":"Running","_animationQueue":[["fall",0.3],["walk",0.1],["fall",0.3],["walk",0.1]],"_animationSpeed":1.103,"_zoom":13.147},{"_mousePosition":[683,384],"_rootPartCFrame":[747.12,222.632,45.528,-0.993,0,-0.116,0,1,0,0.116,0,-0.993],"_humanoidState":8,"_cameraCFrame":[745.154,237.076,43.405,-0.995,0.096,-0.017,0,0.175,0.985,0.097,0.98,-0.174],"_shiftlockState":true,"_pose":"Running","_animationQueue":[],"_animationSpeed":1.103,"_zoom":13.147},{"_mousePosition":[683,384],"_rootPartCFrame":[746.855,222.663,45.559,-0.995,0,-0.097,0,1,0,0.097,0,-0.995],"_humanoidState":8,"_cameraCFrame":[744.956,237.105,43.365,-0.998,0.065,-0.012,0,0.176,0.984,0.066,0.982,-0.176],"_shiftlockState":true,"_pose":"Running","_animationQueue":[],"_animationSpeed":1.103,"_zoom":13.147},{"_mousePosition":[683,384],"_rootPartCFrame":[746.457,222.685,45.599,-0.998,0,-0.066,0,1,0,0.066,0,-0.998],"_humanoidState":8,"_cameraCFrame":[744.646,237.121,43.3,-1,0.026,-0.005,0,0.178,0.984,0.026,0.984,-0.178],"_shiftlockState":true,"_pose":"Running","_animationQueue":[],"_animationSpeed":1.103,"_zoom":13.147},{"_mousePosition":[683,384],"_rootPartCFrame":[746.191,222.692,45.617,-1,0,-0.026,0,1,0,0.026,0,-1],"_humanoidState":8,"_cameraCFrame":[744.459,237.124,43.238,-1,-0.007,0.001,0,0.18,0.984,-0.007,0.984,-0.18],"_shiftlockState":true,"_pose":"Running","_animationQueue":[],"_animationSpeed":1.103,"_zoom":13.147},{"_mousePosition":[683,384],"_rootPartCFrame":[745.991,222.695,45.624,-1,0,0.007,0,1,0,-0.007,0,-1],"_humanoidState":8,"_cameraCFrame":[744.337,237.125,43.18,-0.999,-0.039,0.007,0,0.181,0.984,-0.04,0.983,-0.181],"_shiftlockState":true,"_pose":"Running","_animationQueue":[],"_animationSpeed":1.103,"_zoom":13.147},{"_mousePosition":[683,384],"_rootPartCFrame":[745.658,222.697,45.623,-0.999,0,0.04,0,1,0,-0.04,0,-0.999],"_humanoidState":8,"_cameraCFrame":[744.072,237.126,43.124,-0.998,-0.066,0.012,0,0.182,0.983,-0.067,0.981,-0.181],"_shiftlockState":true,"_pose":"Running","_animationQueue":[["walk",0.1]],"_animationSpeed":1.103,"_zoom":13.147},{"_mousePosition":[683,384],"_rootPartCFrame":[745.392,222.698,45.614,-0.998,0,0.067,0,1,0,-0.067,0,-0.998],"_humanoidState":8,"_cameraCFrame":[743.853,237.127,43.085,-0.996,-0.084,0.016,0,0.182,0.983,-0.086,0.98,-0.181],"_shiftlockState":true,"_pose":"Running","_animationQueue":[],"_animationSpeed":1.103,"_zoom":13.147},{"_mousePosition":[683,384],"_rootPartCFrame":[745.192,222.699,45.602,-0.996,0,0.086,0,1,0,-0.086,0,-0.996],"_humanoidState":8,"_cameraCFrame":[743.702,237.125,43.034,-0.995,-0.103,0.019,0,0.182,0.983,-0.104,0.978,-0.181],"_shiftlockState":true,"_pose":"Running","_animationQueue":[],"_animationSpeed":1.103,"_zoom":13.147},{"_mousePosition":[683,384],"_rootPartCFrame":[744.86,222.699,45.574,-0.995,0,0.104,0,1,0,-0.104,0,-0.995],"_humanoidState":8,"_cameraCFrame":[743.412,237.124,42.973,-0.993,-0.118,0.022,0,0.183,0.983,-0.12,0.976,-0.182],"_shiftlockState":true,"_pose":"Running","_animationQueue":[],"_animationSpeed":1.103,"_zoom":13.147},{"_mousePosition":[683,384],"_rootPartCFrame":[744.595,222.699,45.547,-0.993,0,0.12,0,1,0,-0.12,0,-0.993],"_humanoidState":8,"_cameraCFrame":[743.186,237.122,42.914,-0.991,-0.132,0.025,0,0.184,0.983,-0.135,0.974,-0.182],"_shiftlockState":true,"_pose":"Running","_animationQueue":[],"_animationSpeed":1.103,"_zoom":13.147},{"_mousePosition":[683,384],"_rootPartCFrame":[744.396,222.7,45.523,-0.991,0,0.135,0,1,0,-0.135,0,-0.991],"_humanoidState":8,"_cameraCFrame":[743.028,237.12,42.86,-0.989,-0.147,0.028,0,0.185,0.983,-0.149,0.972,-0.183],"_shiftlockState":true,"_pose":"Running","_animationQueue":[],"_animationSpeed":1.103,"_zoom":13.147},{"_mousePosition":[683,384],"_rootPartCFrame":[744.066,222.7,45.479,-0.989,0,0.149,0,1,0,-0.149,0,-0.989],"_humanoidState":8,"_cameraCFrame":[742.745,237.12,42.792,-0.986,-0.164,0.031,0,0.185,0.983,-0.167,0.969,-0.182],"_shiftlockState":true,"_pose":"Running","_animationQueue":[],"_animationSpeed":1.103,"_zoom":13.147},{"_mousePosition":[683,384],"_rootPartCFrame":[743.802,222.7,45.44,-0.986,0,0.167,0,1,0,-0.167,0,-0.986],"_humanoidState":8,"_cameraCFrame":[742.53,237.12,42.73,-0.983,-0.181,0.034,0,0.185,0.983,-0.184,0.966,-0.182],"_shiftlockState":true,"_pose":"Running","_animationQueue":[["walk",0.1]],"_animationSpeed":1.103,"_zoom":13.147},{"_mousePosition":[683,384],"_rootPartCFrame":[743.539,222.7,45.396,-0.983,0,0.184,0,1,0,-0.184,0,-0.983],"_humanoidState":8,"_cameraCFrame":[742.304,237.12,42.669,-0.98,-0.194,0.037,0,0.185,0.983,-0.198,0.963,-0.181],"_shiftlockState":true,"_pose":"Running","_animationQueue":[],"_animationSpeed":1.103,"_zoom":13.147},{"_mousePosition":[683,384],"_rootPartCFrame":[743.342,222.7,45.36,-0.98,0,0.198,0,1,0,-0.198,0,-0.98],"_hu