[{"_mousePosition":[763,333],"_rootPartCFrame":[776.028,222.7,47.142,0,0,1,0,1,0,-1,0,0],"_humanoidState":8,"_cameraCFrame":[787.722,241.225,46.873,-0.023,-0.824,0.566,0,0.566,0.824,-1,0.019,-0.013],"_shiftlockState":false,"_pose":"Standing","_animationQueue":[],"_animationSpeed":1,"_zoom":20.656},{"_mousePosition":[763,333],"_rootPartCFrame":[775.781,222.695,47.148,-0.003,0,1,0,1,0,-1,0,-0.003],"_humanoidState":8,"_cameraCFrame":[787.476,241.22,46.879,-0.023,-0.824,0.566,0,0.566,0.824,-1,0.019,-0.013],"_shiftlockState":false,"_pose":"Standing","_animationQueue":[],"_animationSpeed":1,"_zoom":20.656},{"_mousePosition":[763,333],"_rootPartCFrame":[775.516,222.697,47.154,-0.006,0,1,0,1,0,-1,0,-0.006],"_humanoidState":8,"_cameraCFrame":[787.21,241.222,46.885,-0.023,-0.824,0.566,0,0.566,0.824,-1,0.019,-0.013],"_shiftlockState":false,"_pose":"Running","_animationQueue":[["walk",0.1]],"_animationSpeed":1.066,"_zoom":20.656},{"_mousePosition":[763,333],"_rootPartCFrame":[775.249,222.698,47.16,-0.008,0,1,0,1,0,-1,0,-0.008],"_humanoidState":8,"_cameraCFrame":[786.943,241.223,46.891,-0.023,-0.824,0.566,0,0.566,0.824,-1,0.019,-0.013],"_shiftlockState":false,"_pose":"Running","_animationQueue":[],"_animationSpeed":1.066,"_zoom":20.656},{"_mousePosition":[763,333],"_rootPartCFrame":[774.982,222.699,47.166,-0.01,0,1,0,1,0,-1,0,-0.01],"_humanoidState":8,"_cameraCFrame":[786.677,241.224,46.897,-0.023,-0.824,0.566,0,0.566,0.824,-1,0.019,-0.013],"_shiftlockState":false,"_pose":"Running","_animationQueue":[],"_animationSpeed":1.066,"_zoom":20.656},{"_mousePosition":[763,333],"_rootPartCFrame":[774.716,222.699,47.172,-0.012,0,1,0,1,0,-1,0,-0.012],"_humanoidState":8,"_cameraCFrame":[786.41,241.224,46.904,-0.023,-0.824,0.566,0,0.566,0.824,-1,0.019,-0.013],"_shiftlockState":false,"_pose":"Running","_animationQueue":[],"_animationSpeed":1.066,"_zoom":20.656},{"_mousePosition":[763,333],"_rootPartCFrame":[774.449,222.699,47.178,-0.013,0,1,0,1,0,-1,0,-0.013],"_humanoidState":8,"_cameraCFrame":[786.143,241.224,46.91,-0.023,-0.824,0.566,0,0.566,0.824,-1,0.019,-0.013],"_shiftlockState":false,"_pose":"Running","_animationQueue":[],"_animationSpeed":1.066,"_zoom":20.656},{"_mousePosition":[763,333],"_rootPartCFrame":[774.183,222.7,47.184,-0.015,0,1,0,1,0,-1,0,-0.015],"_humanoidState":8,"_cameraCFrame":[785.877,241.224,46.916,-0.023,-0.824,0.566,0,0.566,0.824,-1,0.019,-0.013],"_shiftlockState":false,"_pose":"Running","_animationQueue":[],"_animationSpeed":1.066,"_zoom":20.656},{"_mousePosition":[763,333],"_rootPartCFrame":[773.916,222.7,47.191,-0.016,0,1,0,1,0,-1,0,-0.016],"_humanoidState":8,"_cameraCFrame":[785.61,241.224,46.922,-0.023,-0.824,0.566,0,0.566,0.824,-1,0.019,-0.013],"_shiftlockState":false,"_pose":"Running","_animationQueue":[["walk",0.1]],"_animationSpeed":1.066,"_zoom":20.656},{"_mousePosition":[763,333],"_rootPartCFrame":[773.649,222.7,47.197,-0.017,0,1,0,1,0,-1,0,-0.017],"_humanoidState":8,"_cameraCFrame":[785.344,241.224,46.928,-0.023,-0.824,0.566,0,0.566,0.824,-1,0.019,-0.013],"_shiftlockState":false,"_pose":"Running","_animationQueue":[],"_animationSpeed":1.066,"_zoom":20.656},{"_mousePosition":[763,333],"_rootPartCFrame":[773.383,222.7,47.203,-0.018,0,1,0,1,0,-1,0,-0.018],"_humanoidState":8,"_cameraCFrame":[785.077,241.224,46.934,-0.023,-0.824,0.566,0,0.566,0.824,-1,0.019,-0.013],"_shiftlockState":false,"_pose":"Running","_animationQueue":[],"_animationSpeed":1.066,"_zoom":20.656},{"_mousePosition":[763,333],"_rootPartCFrame":[773.116,222.7,47.209,-0.018,0,1,0,1,0,-1,0,-0.018],"_humanoidState":8,"_cameraCFrame":[784.81,241.224,46.94,-0.023,-0.824,0.566,0,0.566,0.824,-1,0.019,-0.013],"_shiftlockState":false,"_pose":"Running","_animationQueue":[],"_animationSpeed":1.066,"_zoom":20.656},{"_mousePosition":[763,333],"_rootPartCFrame":[772.85,222.7,47.215,-0.019,0,1,0,1,0,-1,0,-0.019],"_humanoidState":8,"_cameraCFrame":[784.511,241.247,46.977,-0.02,-0.825,0.565,0,0.565,0.825,-1,0.017,-0.012],"_shiftlockState":false,"_pose":"Running","_animationQueue":[],"_animationSpeed":1.066,"_zoom":20.656},{"_mousePosition":[763,333],"_rootPartCFrame":[772.583,222.7,47.221,-0.02,0,1,0,1,0,-1,0,-0.02],"_humanoidState":8,"_cameraCFrame":[784.211,241.27,46.984,-0.02,-0.826,0.563,0,0.563,0.826,-1,0.017,-0.012],"_shiftlockState":false,"_pose":"Running","_animationQueue":[],"_animationSpeed":1.066,"_zoom":20.656},{"_mousePosition":[763,333],"_rootPartCFrame":[772.316,222.7,47.227,-0.02,0,1,0,1,0,-1,0,-0.02],"_humanoidState":8,"_cameraCFrame":[783.945,241.27,46.989,-0.02,-0.826,0.563,0,0.563,0.826,-1,0.017,-0.012],"_shiftlockState":false,"_pose":"Running","_animationQueue":[],"_animationSpeed":1.066,"_zoom":20.656},{"_mousePosition":[763,333],"_rootPartCFrame":[772.05,222.7,47.232,-0.02,0,1,0,1,0,-1,0,-0.02],"_humanoidState":8,"_cameraCFrame":[783.645,241.293,46.995,-0.02,-0.827,0.561,0,0.561,0.828,-1,0.017,-0.011],"_shiftlockState":false,"_pose":"Running","_animationQueue":[["walk",0.1]],"_animationSpeed":1.066,"_zoom":20.656},{"_mousePosition":[763,333],"_rootPartCFrame":[771.783,222.7,47.238,-0.02,0,1,0,1,0,-1,0,-0.02],"_humanoidState":8,"_cameraCFrame":[783.378,241.293,47.001,-0.02,-0.827,0.561,0,0.561,0.828,-1,0.017,-0.011],"_shiftlockState":false,"_pose":"Running","_animationQueue":[],"_animationSpeed":1.066,"_zoom":20.656},{"_mousePosition":[763,333],"_rootPartCFrame":[771.517,222.7,47.243,-0.02,0,1,0,1,0,-1,0,-0.02],"_humanoidState":8,"_cameraCFrame":[783.112,241.293,47.006,-0.02,-0.827,0.561,0,0.561,0.828,-1,0.017,-0.011],"_shiftlockState":false,"_pose":"Running","_animationQueue":[],"_animationSpeed":1.066,"_zoom":20.656},{"_mousePosition":[763,333],"_rootPartCFrame":[771.25,223.573,47.248,-0.02,0,1,0,1,0,-1,0,-0.02],"_humanoidState":3,"_cameraCFrame":[782.846,242.166,47.041,-0.018,-0.827,0.561,0,0.561,0.828,-1,0.015,-0.01],"_shiftlockState":false,"_pose":"Jumping","_animationQueue":[["walk",0.1],["jump",0.1]],"_animationSpeed":1,"_zoom":20.656},{"_mousePosition":[763,333],"_rootPartCFrame":[770.917,224.592,47.255,-0.02,0,1,0,1,0,-1,0,-0.02],"_humanoidState":5,"_cameraCFrame":[782.479,243.207,47.048,-0.018,-0.828,0.56,0,0.56,0.829,-1,0.015,-0.01],"_shiftlockState":false,"_pose":"FreeFall","_animationQueue":[["jump",0.1]],"_animationSpeed":1,"_zoom":20.656},{"_mousePosition":[763,333],"_rootPartCFrame":[770.717,225.162,47.259,-0.02,0,1,0,1,0,-1,0,-0.02],"_humanoidState":5,"_cameraCFrame":[782.279,243.778,47.052,-0.018,-0.828,0.56,0,0.56,0.829,-1,0.015,-0.01],"_shiftlockState":false,"_pose":"FreeFall","_animationQueue":[],"_animationSpeed":1,"_zoom":20.656},{"_mousePosition":[763,333],"_rootPartCFrame":[770.45,225.875,47.264,-0.02,0,1,0,1,0,-1,0,-0.02],"_humanoidState":5,"_cameraCFrame":[781.979,244.513,47.057,-0.018,-0.83,0.558,0,0.558,0.83,-1,0.015,-0.01],"_shiftlockState":false,"_pose":"FreeFall","_animationQueue":[],"_animationSpeed":1,"_zoom":20.656},{"_mousePosition":[763,333],"_rootPartCFrame":[770.117,226.69,47.27,-0.019,0,1,0,1,0,-1,0,-0.019],"_humanoidState":5,"_cameraCFrame":[781.646,245.328,47.063,-0.018,-0.83,0.558,0,0.558,0.83,-1,0.015,-0.01],"_shiftlockState":false,"_pose":"FreeFall","_animationQueue":[],"_animationSpeed":1,"_zoom":20.656},{"_mousePosition":[763,333],"_rootPartCFrame":[769.917,227.138,47.273,-0.019,0,1,0,1,0,-1,0,-0.019],"_humanoidState":5,"_cameraCFrame":[781.446,245.776,47.096,-0.015,-0.83,0.558,0,0.558,0.83,-1,0.013,-0.009],"_shiftlockState":false,"_pose":"FreeFall","_animationQueue":[],"_animationSpeed":1,"_zoom":20.656},{"_mousePosition":[763,333],"_rootPartCFrame":[769.65,227.687,47.278,-0.019,0,1,0,1,0,-1,0,-0.019],"_humanoidState":5,"_cameraCFrame":[781.146,246.348,47.101,-0.015,-0.831,0.557,0,0.557,0.831,-1,0.013,-0.009],"_shiftlockState":false,"_pose":"FreeFall","_animationQueue":[],"_animationSpeed":1,"_zoom":20.656},{"_mousePosition":[763,333],"_rootPartCFrame":[769.384,228.182,47.282,-0.019,0,1,0,1,0,-1,0,-0.019],"_humanoidState":5,"_cameraCFrame":[780.88,246.843,47.135,-0.013,-0.831,0.557,0,0.557,0.831,-1,0.011,-0.007],"_shiftlockState":false,"_pose":"FreeFall","_animationQueue":[],"_animationSpeed":1,"_zoom":20.656},{"_mousePosition":[763,333],"_rootPartCFrame":[769.117,228.623,47.286,-0.018,0,1,0,1,0,-1,0,-0.018],"_humanoidState":5,"_cameraCFrame":[780.614,247.283,47.139,-0.013,-0.831,0.557,0,0.557,0.831,-1,0.011,-0.007],"_shiftlockState":false,"_pose":"FreeFall","_animationQueue":[],"_animationSpeed":1,"_zoom":20.656},{"_mousePosition":[763,333],"_rootPartCFrame":[768.851,229.009,47.29,-0.018,0,1,0,1,0,-1,0,-0.018],"_humanoidState":5,"_cameraCFrame":[780.314,247.692,47.143,-0.013,-0.832,0.555,0,0.555,0.832,-1,0.011,-0.007],"_shiftlockState":false,"_pose":"FreeFall","_animationQueue":[],"_animationSpeed":1,"_zoom":20.656},{"_mousePosition":[763,333],"_rootPartCFrame":[768.584,229.34,47.293,-0.017,0,1,0,1,0,-1,0,-0.017],"_humanoidState":5,"_cameraCFrame":[780.047,248.023,47.175,-0.01,-0.832,0.555,0,0.555,0.832,-1,0.009,-0.006],"_shiftlockState":false,"_pose":"FreeFall","_animationQueue":[],"_animationSpeed":1,"_zoom":20.656},{"_mousePosition":[763,333],"_rootPartCFrame":[768.317,229.617,47.297,-0.016,0,1,0,1,0,-1,0,-0.016],"_humanoidState":5,"_cameraCFrame":[779.747,248.323,47.179,-0.01,-0.833,0.553,0,0.553,0.833,-1,0.009,-0.006],"_shiftlockState":false,"_pose":"FreeFall","_animationQueue":[],"_animationSpeed":1,"_zoom":20.656},{"_mousePosition":[763,333],"_rootPartCFrame":[767.984,229.887,47.3,-0.015,0,1,0,1,0,-1,0,-0.015],"_humanoidState":5,"_cameraCFrame":[779.414,248.592,47.211,-0.008,-0.833,0.553,0,0.553,0.833,-1,0.006,-0.004],"_shiftlockState":false,"_pose":"FreeFall","_animationQueue":[],"_animationSpeed":1,"_zoom":20.656},{"_mousePosition":[763,333],"_rootPartCFrame":[767.784,230.008,47.302,-0.015,0,1,0,1,0,-1,0,-0.015],"_humanoidState":5,"_cameraCFrame":[779.214,248.713,47.213,-0.008,-0.833,0.553,0,0.553,0.833,-1,0.006,-0.004],"_shiftlockState":false,"_pose":"FreeFall","_animationQueue":[],"_animationSpeed":1,"_zoom":20.656},{"_mousePosition":[763,333],"_rootPartCFrame":[767.518,230.122,47.304,-0.014,0,1,0,1,0,-1,0,-0.014],"_humanoidState":5,"_cameraCFrame":[778.914,248.849,47.245,-0.005,-0.834,0.552,0,0.552,0.834,-1,0.004,-0.003],"_shiftlockState":false,"_pose":"FreeFall","_animationQueue":[],"_animationSpeed":1,"_zoom":20.656},{"_mousePosition":[763,333],"_rootPartCFrame":[767.251,230.181,47.307,-0.013,0,1,0,1,0,-1,0,-0.013],"_humanoidState":5,"_cameraCFrame":[778.648,248.908,47.247,-0.005,-0.834,0.552,0,0.552,0.834,-1,0.004,-0.003],"_shiftlockState":false,"_pose":"FreeFall","_animationQueue":[],"_animationSpeed":1,"_zoom":20.656},{"_mousePosition":[763,333],"_rootPartCFrame":[766.984,230.185,47.308,-0.012,0,1,0,1,0,-1,0,-0.012],"_humanoidState":5,"_cameraCFrame":[778.381,248.912,47.248,-0.005,-0.834,0.552,0,0.552,0.834,-1,0.004,-0.003],"_shiftlockState":false,"_pose":"FreeFall","_animationQueue":[],"_animationSpeed":1,"_zoom":20.656},{"_mousePosition":[763,333],"_rootPartCFrame":[766.718,230.135,47.309,-0.011,0,1,0,1,0,-1,0,-0.011],"_humanoidState":5,"_cameraCFrame":[778.115,248.862,47.25,-0.005,-0.834,0.552,0,0.552,0.834,-1,0.004,-0.003],"_shiftlockState":false,"_pose":"FreeFall","_animationQueue":[],"_animationSpeed":1,"_zoom":20.656},{"_mousePosition":[763,333],"_rootPartCFrame":[766.451,230.031,47.311,-0.01,0,1,0,1,0,-1,0,-0.01],"_humanoidState":5,"_cameraCFrame":[777.848,248.758,47.28,-0.003,-0.834,0.552,0,0.552,0.834,-1,0.002,-0.001],"_shiftlockState":false,"_pose":"FreeFall","_animationQueue":[["fall",0.3]],"_animationSpeed":1,"_zoom":20.656},{"_mousePosition":[763,333],"_rootPartCFrame":[766.185,229.872,47.312,-0.01,0,1,0,1,0,-1,0,-0.01],"_humanoidState":5,"_cameraCFrame":[777.581,248.599,47.281,-0.003,-0.834,0.552,0,0.552,0.834,-1,0.002,-0.001],"_shiftlockState":false,"_pose":"FreeFall","_animationQueue":[],"_animationSpeed":1,"_zoom":20.656},{"_mousePosition":[763,333],"_rootPartCFrame":[765.851,229.596,47.313,-0.009,0,1,0,1,0,-1,0,-0.009],"_humanoidState":5,"_cameraCFrame":[777.248,248.324,47.282,-0.003,-0.834,0.552,0,0.552,0.834,-1,0.002,-0.001],"_shiftlockState":false,"_pose":"FreeFall","_animationQueue":[],"_animationSpeed":1,"_zoom":20.656},{"_mousePosition":[763,333],"_rootPartCFrame":[765.651,229.39,47.314,-0.008,0,1,0,1,0,-1,0,-0.008],"_humanoidState":5,"_cameraCFrame":[777.048,248.118,47.283,-0.003,-0.834,0.552,0,0.552,0.834,-1,0.002,-0.001],"_shiftlockState":false,"_pose":"FreeFall","_animationQueue":[],"_animationSpeed":1,"_zoom":20.656},{"_mousePosition":[763,333],"_rootPartCFrame":[765.385,229.068,47.315,-0.007,0,1,0,1,0,-1,0,-0.007],"_humanoidState":5,"_cameraCFrame":[776.782,247.795,47.284,-0.003,-0.834,0.552,0,0.552,0.834,-1,0.002,-0.001],"_shiftlockState":false,"_pose":"FreeFall","_animationQueue":[],"_animationSpeed":1,"_zoom":20.656},{"_mousePosition":[763,333],"_rootPartCFrame":[765.118,228.691,47.315,-0.007,0,1,0,1,0,-1,0,-0.007],"_humanoidState":5,"_cameraCFrame":[776.515,247.418,47.313,0,-0.834,0.552,0,0.552,0.834,-1,0,0],"_shiftlockState":false,"_pose":"FreeFall","_animationQueue":[],"_animationSpeed":1,"_zoom":20.656},{"_mousePosition":[763,333],"_rootPartCFrame":[764.852,228.259,47.316,-0.006,0,1,0,1,0,-1,0,-0.006],"_humanoidState":5,"_cameraCFrame":[776.248,246.987,47.314,0,-0.834,0.552,0,0.552,0.834,-1,0,0],"_shiftlockState":false,"_pose":"FreeFall","_animationQueue":[["fall",0.3]],"_animationSpeed":1,"_zoom":20.656},{"_mousePosition":[763,333],"_rootPartCFrame":[764.585,227.773,47.316,-0.005,0,1,0,1,0,-1,0,-0.005],"_humanoidState":5,"_cameraCFrame":[775.982,246.501,47.314,0,-0.834,0.552,0,0.552,0.834,-1,0,0],"_shiftlockState":false,"_pose":"FreeFall","_animationQueue":[],"_animationSpeed":1,"_zoom":20.656},{"_mousePosition":[763,333],"_rootPartCFrame":[764.318,227.233,47.316,-0.005,0,1,0,1,0,-1,0,-0.005],"_humanoidState":5,"_cameraCFrame":[775.715,245.96,47.314,0,-0.834,0.552,0,0.552,0.834,-1,0,0],"_shiftlockState":false,"_pose":"FreeFall","_animationQueue":[],"_animationSpeed":1,"_zoom":20.656},{"_mousePosition":[763,333],"_rootPartCFrame":[763.985,226.481,47.316,-0.004,0,1,0,1,0,-1,0,-0.004],"_humanoidState":5,"_cameraCFrame":[775.382,245.208,47.314,0,-0.834,0.552,0,0.552,0.834,-1,0,0],"_shiftlockState":false,"_pose":"FreeFall","_animationQueue":[],"_animationSpeed":1,"_zoom":20.656},{"_mousePosition":[763,333],"_rootPartCFrame":[763.785,225.988,47.316,-0.003,0,1,0,1,0,-1,0,-0.003],"_humanoidState":5,"_cameraCFrame":[775.182,244.716,47.314,0,-0.834,0.552,0,0.552,0.834,-1,0,0],"_shiftlockState":false,"_pose":"FreeFall","_animationQueue":[],"_animationSpeed":1,"_zoom":20.656},{"_mousePosition":[763,333],"_rootPartCFrame":[763.452,225.1,47.316,-0.003,0,1,0,1,0,-1,0,-0.003],"_humanoidState":5,"_cameraCFrame":[774.849,243.827,47.314,0,-0.834,0.552,0,0.552,0.834,-1,0,0],"_shiftlockState":false,"_pose":"FreeFall","_animationQueue":[],"_animationSpeed":1,"_zoom":20.656},{"_mousePosition":[763,333],"_rootPartCFrame":[763.252,224.526,47.316,-0.003,0,1,0,1,0,-1,0,-0.003],"_humanoidState":5,"_cameraCFrame":[774.649,243.253,47.314,0,-0.834,0.552,0,0.552,0.834,-1,0,0],"_shiftlockState":false,"_pose":"FreeFall","_animationQueue":[],"_animationSpeed":1,"_zoom":20.656},{"_mousePosition":[763,333],"_rootPartCFrame":[762.985,223.713,47.316,-0.002,0,1,0,1,0,-1,0,-0.002],"_humanoidState":5,"_cameraCFrame":[774.382,242.44,47.314,0,-0.834,0.552,0,0.552,0.834,-1,0,0],"_shiftlockState":false,"_pose":"FreeFall","_animationQueue":[["fall",0.3]],"_animationSpeed":1,"_zoom":20.656},{"_mousePosition":[763,333],"_rootPartCFrame":[762.652,222.62,47.317,-0.002,0,1,0,1,0,-1,0,-0.002],"_humanoidState":7,"_cameraCFrame":[774.049,241.347,47.314,0,-0.834,0.552,0,0.552,0.834,-1,0,0],"_shiftlockState":false,"_pose":"FreeFall","_animationQueue":[["walk",0.1],["fall",0.3],["fall",0.3]],"_animationSpeed":1,"_zoom":20.656},{"_mousePosition":[763,333],"_rootPartCFrame":[762.452,222.432,47.317,-0.002,0,1,0,1,0,-1,0,-0.002],"_humanoidState":7,"_cameraCFrame":[773.849,241.16,47.314,0,-0.834,0.552,0,0.552,0.834,-1,0,0],"_shiftlockState":false,"_pose":"FreeFall","_animationQueue":[],"_animationSpeed":1,"_zoom":20.656},{"_mousePosition":[763,333],"_rootPartCFrame":[762.119,222.531,47.317,-0.001,0,1,0,1,0,-1,0,-0.001],"_humanoidState":8,"_cameraCFrame":[773.516,241.258,47.314,0,-0.834,0.552,0,0.552,0.834,-1,0,0],"_shiftlockState":false,"_pose":"Running","_animationQueue":[["walk",0.1],["fall",0.3],["walk",0.1]],"_animationSpeed":1.103,"_zoom":20.656},{"_mousePosition":[763,333],"_rootPartCFrame":[761.852,223.404,47.317,-0.001,0,1,0,1,0,-1,0,-0.001],"_humanoidState":3,"_cameraCFrame":[773.249,242.131,47.315,0,-0.834,0.552,0,0.552,0.834,-1,0,0],"_shiftlockState":false,"_pose":"Jumping","_animationQueue":[["walk",0.1],["jump",0.1]],"_animationSpeed":1,"_zoom":20.656},{"_mousePosition":[763,333],"_rootPartCFrame":[761.586,224.226,47.317,-0.001,0,1,0,1,0,-1,0,-0.001],"_humanoidState":5,"_cameraCFrame":[772.982,242.953,47.315,0,-0.834,0.552,0,0.552,0.834,-1,0,0],"_shiftlockState":false,"_pose":"FreeFall","_animationQueue":[["jump",0.1]],"_animationSpeed":1,"_zoom":20.656},{"_mousePosition":[763,333],"_rootPartCFrame":[761.319,224.993,47.317,-0.001,0,1,0,1,0,-1,0,-0.001],"_humanoidState":5,"_cameraCFrame":[772.716,243.721,47.315,0,-0.834,0.552,0,0.552,0.834,-1,0,0],"_shiftlockState":false,"_pose":"FreeFall","_animationQueue":[],"_animationSpeed":1,"_zoom":20.656},{"_mousePosition":[763,333],"_rootPartCFrame":[761.052,225.706,47.317,-0.001,0,1,0,1,0,-1,0,-0.001],"_humanoidState":5,"_cameraCFrame":[772.449,244.434,47.315,0,-0.834,0.552,0,0.552,0.834,-1,0,0],"_shiftlockState":false,"_pose":"FreeFall","_animationQueue":[],"_animationSpeed":1,"_zoom":20.656},{"_mousePosition":[763,333],"_rootPartCFrame":[760.786,226.365,47.317,-0.001,0,1,0,1,0,-1,0,-0.001],"_humanoidState":5,"_cameraCFrame":[772.183,245.092,47.315,0,-0.834,0.552,0,0.552,0.834,-1,0,0],"_shiftlockState":false,"_pose":"FreeFall","_animationQueue":[],"_animationSpeed":1,"_zoom":20.656},{"_mousePosition":[763,333],"_rootPartCFrame":[760.519,226.969,47.317,-0.001,0,1,0,1,0,-1,0,-0.001],"_humanoidState":5,"_cameraCFrame":[771.916,245.696,47.315,0,-0.834,0.552,0,0.552,0.834,-1,0,0],"_shiftlockState":false,"_pose":"FreeFall","_animationQueue":[],"_animationSpeed":1,"_zoom":20.656},{"_mousePosition":[763,333],"_rootPartCFrame":[760.253,227.519,47.317,-0.001,0,1,0,1,0,-1,0,-0.001],"_humanoidState":5,"_cameraCFrame":[771.649,246.246,47.315,0,-0.834,0.552,0,0.552,0.834,-1,0,0],"_shiftlockState":false,"_pose":"FreeFall","_animationQueue":[],"_animationSpeed":1,"_zoom":20.656},{"_mousePosition":[763,333],"_rootPartCFrame":[759.919,228.129,47.317,-0.001,0,1,0,1,0,-1,0,-0.001],"_humanoidState":5,"_cameraCFrame":[771.316,246.856,47.315,0,-0.834,0.552,0,0.552,0.834,-1,0,0],"_shiftlockState":false,"_pose":"FreeFall","_animationQueue":[],"_animationSpeed":1,"_zoom":20.656},{"_mousePosition":[763,333],"_rootPartCFrame":[759.719,228.454,47.317,0,0,1,0,1,0,-1,0,0],"_humanoidState":5,"_cameraCFrame":[771.116,247.181,47.315,0,-0.834,0.552,0,0.552,0.834,-1,0,0],"_shiftlockState":false,"_pose":"FreeFall","_animationQueue":[],"_animationSpeed":1,"_zoom":20.656},{"_mousePosition":[763,333],"_rootPartCFrame":[759.453,228.84,47.317,0,0,1,0,1,0,-1,0,0],"_humanoidState":5,"_cameraCFrame":[770.85,247.567,47.315,0,-0.834,0.552,0,0.552,0.834,-1,0,0],"_shiftlockState":false,"_pose":"FreeFall","_animationQueue":[],"_animationSpeed":1,"_zoom":20.656},{"_mousePosition":[763,333],"_rootPartCFrame":[759.119,229.246,47.317,0,0,1,0,1,0,-1,0,0],"_humanoidState":5,"_cameraCFrame":[770.516,247.973,47.315,0,-0.834,0.552,0,0.552,0.834,-1,0,0],"_shiftlockState":false,"_pose":"FreeFall","_animationQueue":[],"_animationSpeed":1,"_zoom":20.656},{"_mousePosition":[763,333],"_rootPartCFrame":[758.919,229.449,47.317,0,0,1,0,1,0,-1,0,0],"_humanoidState":5,"_cameraCFrame":[770.316,248.176,47.315,0,-0.834,0.552,0,0.552,0.834,-1,0,0],"_shiftlockState":false,"_pose":"FreeFall","_animationQueue":[],"_animationSpeed":1,"_zoom":20.656},{"_mousePosition":[763,333],"_rootPartCFrame":[758.586,229.718,47.317,0,0,1,0,1,0,-1,0,0],"_humanoidState":5,"_cameraCFrame":[769.983,248.446,47.315,0,-0.834,0.552,0,0.552,0.834,-1,0,0],"_shiftlockState":false,"_pose":"FreeFall","_animationQueue":[],"_animationSpeed":1,"_zoom":20.656},{"_mousePosition":[763,333],"_rootPartCFrame":[758.386,229.839,47.317,0,0,1,0,1,0,-1,0,0],"_humanoidState":5,"_cameraCFrame":[769.783,248.566,47.315,0,-0.834,0.552,0,0.552,0.834,-1,0,0],"_shiftlockState":false,"_pose":"FreeFall","_animationQueue":[],"_animationSpeed":1,"_zoom":20.656},{"_mousePosition":[763,333],"_rootPartCFrame":[758.12,229.953,47.317,0,0,1,0,1,0,-1,0,0],"_humanoidState":5,"_cameraCFrame":[769.517,248.68,47.315,0,-0.834,0.552,0,0.552,0.834,-1,0,0],"_shiftlockState":false,"_pose":"FreeFall","_animationQueue":[],"_animationSpeed":1,"_zoom":20.656},{"_mousePosition":[763,333],"_rootPartCFrame":[757.853,230.012,47.317,0,0,1,0,1,0,-1,0,0],"_humanoidState":5,"_cameraCFrame":[769.25,248.739,47.315,0,-0.834,0.552,0,0.552,0.834,-1,0,0],"_shiftlockState":false,"_pose":"FreeFall","_animationQueue":[["fall",0.3]],"_animationSpeed":1,"_zoom":20.656},{"_mousePosition":[763,333],"_rootPartCFrame":[757.586,230.016,47.317,0,0,1,0,1,0,-1,0,0],"_humanoidState":5,"_cameraCFrame":[768.983,248.744,47.315,0,-0.834,0.552,0,0.552,0.834,-1,0,0],"_shiftlockState":false,"_pose":"FreeFall","_animationQueue":[],"_animationSpeed":1,"_zoom":20.656},{"_mousePosition":[763,333],"_rootPartCFrame":[757.32,229.966,47.317,0,0,1,0,1,0,-1,0,0],"_humanoidState":5,"_cameraCFrame":[768.717,248.694,47.315,0,-0.834,0.552,0,0.552,0.834,-1,0,0],"_shiftlockState":false,"_pose":"FreeFall","_animationQueue":[],"_animationSpeed":1,"_zoom":20.656},{"_mousePosition":[763,333],"_rootPartCFrame":[757.053,229.862,47.317,0,0,1,0,1,0,-1,0,0],"_humanoidState":5,"_cameraCFrame":[768.45,248.589,47.315,0,-0.834,0.552,0,0.552,0.834,-1,0,0],"_shiftlockState":false,"_pose":"FreeFall","_animationQueue":[],"_animationSpeed":1,"_zoom":20.656},{"_mousePosition":[763,333],"_rootPartCFrame":[756.787,229.703,47.318,0,0,1,0,1,0,-1,0,0],"_humanoidState":5,"_cameraCFrame":[768.184,248.43,47.315,0,-0.834,0.552,0,0.552,0.834,-1,0,0],"_shiftlockState":false,"_pose":"FreeFall","_animationQueue":[],"_animationSpeed":1,"_zoom":20.656},{"_mousePosition":[763,333],"_rootPartCFrame":[756.52,229.489,47.318,0,0,1,0,1,0,-1,0,0],"_humanoidState":5,"_cameraCFrame":[767.917,248.217,47.315,0,-0.834,0.552,0,0.552,0.834,-1,0,0],"_shiftlockState":false,"_pose":"FreeFall","_animationQueue":[],"_animationSpeed":1,"_zoom":20.656},{"_mousePosition":[763,333],"_rootPartCFrame":[756.253,229.221,47.318,0,0,1,0,1,0,-1,0,0],"_humanoidState":5,"_cameraCFrame":[767.65,247.949,47.315,0,-0.834,0.552,0,0.552,0.834,-1,0,0],"_shiftlockState":false,"_pose":"FreeFall","_animationQueue":[],"_animationSpeed":1,"_zoom":20.656},{"_mousePosition":[763,333],"_rootPartCFrame":[755.987,228.899,47.318,0,0,1,0,1,0,-1,0,0],"_humanoidState":5,"_cameraCFrame":[767.384,247.626,47.316,0,-0.834,0.552,0,0.552,0.834,-1,0,0],"_shiftlockState":false,"_pose":"FreeFall","_animationQueue":[["fall",0.3]],"_animationSpeed":1,"_zoom":20.656},{"_mousePosition":[763,333],"_rootPartCFrame":[755.72,228.522,47.318,0,0,1,0,1,0,-1,0,0],"_humanoidState":5,"_cameraCFrame":[767.117,247.249,47.316,0,-0.834,0.552,0,0.552,0.834,-1,0,0],"_shiftlockState":false,"_pose":"FreeFall","_animationQueue":[],"_animationSpeed":1,"_zoom":20.656},{"_mousePosition":[763,333],"_rootPartCFrame":[755.454,228.09,47.318,0,0,1,0,1,0,-1,0,0],"_humanoidState":5,"_cameraCFrame":[766.851,246.818,47.316,0,-0.834,0.552,0,0.552,0.834,-1,0,0],"_shiftlockState":false,"_pose":"FreeFall","_animationQueue":[],"_animationSpeed":1,"_zoom":20.656},{"_mousePosition":[763,333],"_rootPartCFrame":[755.187,227.604,47.318,0,0,1,0,1,0,-1,0,0],"_humanoidState":5,"_cameraCFrame":[766.584,246.332,47.316,0,-0.834,0.552,0,0.552,0.834,-1,0,0],"_shiftlockState":false,"_pose":"FreeFall","_animationQueue":[],"_animationSpeed":1,"_zoom":20.656},{"_mousePosition":[763,333],"_rootPartCFrame":[754.92,227.064,47.318,0,0,1,0,1,0,-1,0,0],"_humanoidState":5,"_cameraCFrame":[766.317,245.791,47.316,0,-0.834,0.552,0,0.552,0.834,-1,0,0],"_shiftlockState":false,"_pose":"FreeFall","_animationQueue":[],"_animationSpeed":1,"_zoom":20.656},{"_mousePosition":[763,333],"_rootPartCFrame":[754.654,226.469,47.318,0,0,1,0,1,0,-1,0,0],"_humanoidState":5,"_cameraCFrame":[766.051,245.196,47.316,0,-0.834,0.552,0,0.552,0.834,-1,0,0],"_shiftlockState":false,"_pose":"FreeFall","_animationQueue":[],"_animationSpeed":1,"_zoom":20.656},{"_mousePosition":[763,333],"_rootPartCFrame":[754.387,225.819,47.318,0,0,1,0,1,0,-1,0,0],"_humanoidState":5,"_cameraCFrame":[765.784,244.547,47.316,0,-0.834,0.552,0,0.552,0.834,-1,0,0],"_shiftlockState":false,"_pose":"FreeFall","_animationQueue":[["fall",0.3]],"_animationSpeed":1,"_zoom":20.656},{"_mousePosition":[763,333],"_rootPartCFrame":[754.121,225.115,47.318,0,0,1,0,1,0,-1,0,0],"_humanoidState":5,"_cameraCFrame":[765.518,243.843,47.316,0,-0.834,0.552,0,0.552,0.834,-1,0,0],"_shiftlockState":false,"_pose":"FreeFall","_animationQueue":[],"_animationSpeed":1,"_zoom":20.656},{"_mousePosition":[763,333],"_rootPartCFrame":[753.854,224.357,47.318,0,0,1,0,1,0,-1,0,0],"_humanoidState":5,"_cameraCFrame":[765.251,243.084,47.316,0,-0.834,0.552,0,0.552,0.834,-1,0,0],"_shiftlockState":false,"_pose":"FreeFall","_animationQueue":[],"_animationSpeed":1,"_zoom":20.656},{"_mousePosition":[763,333],"_rootPartCFrame":[753.587,223.544,47.318,0,0,1,0,1,0,-1,0,0],"_humanoidState":5,"_cameraCFrame":[764.984,242.271,47.316,0,-0.834,0.552,0,0.552,0.834,-1,0,0],"_shiftlockState":false,"_pose":"FreeFall","_animationQueue":[],"_animationSpeed":1,"_zoom":20.656},{"_mousePosition":[763,333],"_rootPartCFrame":[753.321,222.677,47.318,0,0,1,0,1,0,-1,0,0],"_humanoidState":7,"_cameraCFrame":[764.718,241.404,47.316,0,-0.834,0.552,0,0.552,0.834,-1,0,0],"_shiftlockState":false,"_pose":"FreeFall","_animationQueue":[["walk",0.1],["fall",0.3],["fall",0.3]],"_animationSpeed":1,"_zoom":20.656},{"_mousePosition":[763,333],"_rootPartCFrame":[753.054,222.48,47.318,0,0,1,0,1,0,-1,0,0],"_humanoidState":7,"_cameraCFrame":[764.451,241.207,47.316,0,-0.834,0.552,0,0.552,0.834,-1,0,0],"_shiftlockState":false,"_pose":"FreeFall","_animationQueue":[],"_animationSpeed":1,"_zoom":20.656},{"_mousePosition":[763,333],"_rootPartCFrame":[752.721,222.57,47.318,0,0,1,0,1,0,-1,0,0],"_humanoidState":8,"_cameraCFrame":[764.118,241.298,47.316,0,-0.834,0.552,0,0.552,0.834,-1,0,0],"_shiftlockState":false,"_pose":"Running","_animationQueue":[["walk",0.1],["fall",0.3],["walk",0.1]],"_animationSpeed":1.103,"_zoom":20.656},{"_mousePosition":[763,333],"_rootPartCFrame":[752.454,222.627,47.318,0,0,1,0,1,0,-1,0,0],"_humanoidState":8,"_cameraCFrame":[763.851,241.355,47.316,0,-0.834,0.552,0,0.552,0.834,-1,0,0],"_shiftlockState":false,"_pose":"Running","_animationQueue":[["walk",0.1]],"_animationSpeed":1.103,"_zoom":20.656},{"_mousePosition":[763,333],"_rootPartCFrame":[752.187,222.66,47.318,0,0,1,0,1,0,-1,0,0],"_humanoidState":8,"_cameraCFrame":[763.584,241.388,47.316,0,-0.834,0.552,0,0.552,0.834,-1,0,0],"_shiftlockState":false,"_pose":"Running","_animationQueue":[],"_animationSpeed":1.103,"_zoom":20.656},{"_mousePosition":[763,333],"_rootPartCFrame":[751.921,222.678,47.318,0,0,1,0,1,0,-1,0,0],"_humanoidState":8,"_cameraCFrame":[763.318,241.406,47.316,0,-0.834,0.552,0,0.552,0.834,-1,0,0],"_shiftlockState":false,"_pose":"Running","_animationQueue":[],"_animationSpeed":1.103,"_zoom":20.656},{"_mousePosition":[763,333],"_rootPartCFrame":[751.654,222.688,47.318,0,0,1,0,1,0,-1,0,0],"_humanoidState":8,"_cameraCFrame":[763.051,241.415,47.316,0,-0.834,0.552,0,0.552,0.834,-1,0,0],"_shiftlockState":false,"_pose":"Running","_animationQueue":[],"_animationSpeed":1.103,"_zoom":20.656},{"_mousePosition":[763,333],"_rootPartCFrame":[751.387,222.693,47.319,0,0,1,0,1,0,-1,0,0],"_humanoidState":8,"_cameraCFrame":[762.784,241.421,47.316,0,-0.834,0.552,0,0.552,0.834,-1,0,0],"_shiftlockState":false,"_pose":"Running","_animationQueue":[],"_animationSpeed":1.103,"_zoom":20.656},{"_mousePosition":[763,333],"_rootPartCFrame":[751.121,222.696,47.319,0,0,1,0,1,0,-1,0,0],"_humanoidState":8,"_cameraCFrame":[762.484,241.446,47.316,0,-0.835,0.55,0,0.55,0.835,-1,0,0],"_shiftlockState":false,"_pose":"Running","_animationQueue":[],"_animationSpeed":1.103,"_zoom":20.656},{"_mousePosition":[763,333],"_rootPartCFrame":[750.854,222.698,47.319,0,0,1,0,1,0,-1,0,0],"_humanoidState":8,"_cameraCFrame":[762.217,241.447,47.316,0,-0.835,0.55,0,0.55,0.835,-1,0,0],"_shiftlockState":false,"_pose":"Running","_animationQueue":[["walk",0.1]],"_animationSpeed":1.103,"_zoom":20.656},{"_mousePosition":[763,333],"_rootPartCFrame":[750.521,223.781,47.319,0,0,1,0,1,0,-1,0,0],"_humanoidState":3,"_cameraCFrame":[761.884,242.531,47.317,0,-0.835,0.55,0,0.55,0.835,-1,0,0],"_shiftlockState":false,"_pose":"Jumping","_animationQueue":[["walk",0.1],["jump",0.1]],"_animationSpeed":1,"_zoom":20.656},{"_mousePosition":[763,333],"_rootPartCFrame":[750.321,224.393,47.319,0,0,1,0,1,0,-1,0,0],"_humanoidState":5,"_cameraCFrame":[761.684,243.142,47.317,0,-0.835,0.55,0,0.55,0.835,-1,0,0],"_shiftlockState":false,"_pose":"FreeFall","_animationQueue":[["jump",0.1]],"_animationSpeed":1,"_zoom":20.656},{"_mousePosition":[763,333],"_rootPartCFrame":[750.054,225.16,47.319,0,0,1,0,1,0,-1,0,0],"_humanoidState":5,"_cameraCFrame":[761.417,243.91,47.317,0,-0.835,0.55,0,0.55,0.835,-1,0,0],"_shiftlockState":false,"_pose":"FreeFall","_animationQueue":[],"_animationSpeed":1,"_zoom":20.656},{"_mousePosition":[763,333],"_rootPartCFrame":[749.787,225.873,47.319,0,0,1,0,1,0,-1,0,0],"_humanoidState":5,"_cameraCFrame":[761.151,244.623,47.317,0,-0.835,0.55,0,0.55,0.835,-1,0,0],"_shiftlockState":false,"_pose":"FreeFall","_animationQueue":[],"_animationSpeed":1,"_zoom":20.656},{"_mousePosition":[763,333],"_rootPartCFrame":[749.521,226.532,47.319,0,0,1,0,1,0,-1,0,0],"_humanoidState":5,"_cameraCFrame":[760.884,245.281,47.317,0,-0.835,0.55,0,0.55,0.835,-1,0,0],"_shiftlockState":false,"_pose":"FreeFall","_animationQueue":[],"_animationSpeed":1,"_zoom":20.656},{"_mousePosition":[763,333],"_rootPartCFrame":[749.254,227.136,47.319,0,0,1,0,1,0,-1,0,0],"_humanoidState":5,"_cameraCFrame":[760.618,245.885,47.317,0,-0.835,0.55,0,0.55,0.835,-1,0,0],"_shiftlockState":false,"_pose":"FreeFall","_animationQueue":[],"_animationSpeed":1,"_zoom":20.656},{"_mousePosition":[763,333],"_rootPartCFrame":[748.988,227.685,47.319,0,0,1,0,1,0,-1,0,0],"_humanoidState":5,"_cameraCFrame":[760.351,246.435,47.317,0,-0.835,0.55,0,0.55,0.835,-1,0,0],"_shiftlockState":false,"_pose":"FreeFall","_animationQueue":[],"_animationSpeed":1,"_zoom":20.656},{"_mousePosition":[763,333],"_rootPartCFrame":[748.721,228.18,47.319,0,0,1,0,1,0,-1,0,0],"_humanoidState":5,"_cameraCFrame":[760.084,246.93,47.317,0,-0.835,0.55,0,0.55,0.835,-1,0,0],"_shiftlockState":false,"_pose":"FreeFall","_animationQueue":[],"_animationSpeed":1,"_zoom":20.656},{"_mousePosition":[763,333],"_rootPartCFrame":[748.454,228.621,47.319,0,0,1,0,1,0,-1,0,0],"_humanoidState":5,"_cameraCFrame":[759.818,247.37,47.317,0,-0.835,0.55,0,0.55,0.835,-1,0,0],"_shiftlockState":false,"_pose":"FreeFall","_animationQueue":[],"_animationSpeed":1,"_zoom":20.656},{"_mousePosition":[763,333],"_rootPartCFrame":[748.188,229.007,47.319,0,0,1,0,1,0,-1,0,0],"_humanoidState":5,"_cameraCFrame":[759.551,247.756,47.317,0,-0.835,0.55,0,0.55,0.835,-1,0,0],"_shiftlockState":false,"_pose":"FreeFall","_animationQueue":[],"_animationSpeed":1,"_zoom":20.656},{"_mousePosition":[763,333],"_rootPartCFrame":[747.855,229.413,47.319,0,0,1,0,1,0,-1,0,0],"_humanoidState":5,"_cameraCFrame":[759.218,248.162,47.317,0,-0.835,0.55,0,0.55,0.835,-1,0,0],"_shiftlockState":false,"_pose":"FreeFall","_animationQueue":[],"_animationSpeed":1,"_zoom":20.656},{"_mousePosition":[763,333],"_rootPartCFrame":[747.588,229.676,47.319,0,0,1,0,1,0,-1,0,0],"_humanoidState":5,"_cameraCFrame":[758.951,248.426,47.317,0,-0.835,0.55,0,0.55,0.835,-1,0,0],"_shiftlockState":false,"_pose":"FreeFall","_animationQueue":[],"_animationSpeed":1,"_zoom":20.656},{"_mousePosition":[763,333],"_rootPartCFrame":[747.321,229.885,47.319,0,0,1,0,1,0,-1,0,0],"_humanoidState":5,"_cameraCFrame":[758.685,248.635,47.317,0,-0.835,0.55,0,0.55,0.835,-1,0,0],"_shiftlockState":false,"_pose":"FreeFall","_animationQueue":[],"_animationSpeed":1,"_zoom":20.656},{"_mousePosition":[763,333],"_rootPartCFrame":[747.055,230.039,47.319,0,0,1,0,1,0,-1,0,0],"_humanoidState":5,"_cameraCFrame":[758.418,248.789,47.317,0,-0.835,0.55,0,0.55,0.835,-1,0,0],"_shiftlockState":false,"_pose":"FreeFall","_animationQueue":[],"_animationSpeed":1,"_zoom":20.656},{"_mousePosition":[763,333],"_rootPartCFrame":[746.855,230.119,47.319,0,0,1,0,1,0,-1,0,0],"_humanoidState":5,"_cameraCFrame":[758.218,248.869,47.317,0,-0.835,0.55,0,0.55,0.835,-1,0,0],"_shiftlockState":false,"_pose":"FreeFall","_animationQueue":[],"_animationSpeed":1,"_zoom":20.656},{"_mousePosition":[763,333],"_rootPartCFrame":[746.588,230.178,47.319,0,0,1,0,1,0,-1,0,0],"_humanoidState":5,"_cameraCFrame":[757.952,248.928,47.317,0,-0.835,0.55,0,0.55,0.835,-1,0,0],"_shiftlockState":false,"_pose":"FreeFall","_animationQueue":[],"_animationSpeed":1,"_zoom":20.656},{"_mousePosition":[763,333],"_rootPartCFrame":[746.322,230.183,47.319,0,0,1,0,1,0,-1,0,0],"_humanoidState":5,"_cameraCFrame":[757.685,248.932,47.317,0,-0.835,0.55,0,0.55,0.835,-1,0,0],"_shiftlockState":false,"_pose":"FreeFall","_animationQueue":[],"_animationSpeed":1,"_zoom":20.656},{"_mousePosition":[763,333],"_rootPartCFrame":[746.055,230.133,47.319,0,0,1,0,1,0,-1,0,0],"_humanoidState":5,"_cameraCFrame":[757.418,248.883,47.317,0,-0.835,0.55,0,0.55,0.835,-1,0,0],"_shiftlockState":false,"_pose":"FreeFall","_animationQueue":[],"_animationSpeed":1,"_zoom":20.656},{"_mousePosition":[763,333],"_rootPartCFrame":[745.722,229.994,47.319,0,0,1,0,1,0,-1,0,0],"_humanoidState":5,"_cameraCFrame":[757.085,248.743,47.317,0,-0.835,0.55,0,0.55,0.835,-1,0,0],"_shiftlockState":false,"_pose":"FreeFall","_animationQueue":[["fall",0.3]],"_animationSpeed":1,"_zoom":20.656},{"_mousePosition":[763,333],"_rootPartCFrame":[745.522,229.87,47.32,0,0,1,0,1,0,-1,0,0],"_humanoidState":5,"_cameraCFrame":[756.885,248.619,47.317,0,-0.835,0.55,0,0.55,0.835,-1,0,0],"_shiftlockState":false,"_pose":"FreeFall","_animationQueue":[],"_animationSpeed":1,"_zoom":20.656},{"_mousePosition":[763,333],"_rootPartCFrame":[745.255,229.656,47.32,0,0,1,0,1,0,-1,0,0],"_humanoidState":5,"_cameraCFrame":[756.619,248.406,47.317,0,-0.835,0.55,0,0.55,0.835,-1,0,0],"_shiftlockState":false,"_pose":"FreeFall","_animationQueue":[],"_animationSpeed":1,"_zoom":20.656},{"_mousePosition":[763,333],"_rootPartCFrame":[744.989,229.388,47.32,0,0,1,0,1,0,-1,0,0],"_humanoidState":5,"_cameraCFrame":[756.352,248.138,47.317,0,-0.835,0.55,0,0.55,0.835,-1,0,0],"_shiftlockState":false,"_pose":"FreeFall","_animationQueue":[],"_animationSpeed":1,"_zoom":20.656},{"_mousePosition":[763,333],"_rootPartCFrame":[744.655,228.976,47.32,0,0,1,0,1,0,-1,0,0],"_humanoidState":5,"_cameraCFrame":[756.019,247.726,47.318,0,-0.835,0.55,0,0.55,0.835,-1,0,0],"_shiftlockState":false,"_pose":"FreeFall","_animationQueue":[],"_animationSpeed":1,"_zoom":20.656},{"_mousePosition":[763,333],"_rootPartCFrame":[744.389,228.586,47.32,0,0,1,0,1,0,-1,0,0],"_humanoidState":5,"_cameraCFrame":[755.752,247.335,47.318,0,-0.835,0.55,0,0.55,0.835,-1,0,0],"_shiftlockState":false,"_pose":"FreeFall","_animationQueue":[],"_animationSpeed":1,"_zoom":20.656},{"_mousePosition":[763,333],"_rootPartCFrame":[744.122,228.141,47.32,0,0,1,0,1,0,-1,0,0],"_humanoidState":5,"_cameraCFrame":[755.485,246.89,47.318,0,-0.835,0.55,0,0.55,0.835,-1,0,0],"_shiftlockState":false,"_pose":"FreeFall","_animationQueue":[],"_animationSpeed":1,"_zoom":20.656},{"_mousePosition":[763,333],"_rootPartCFrame":[743.922,227.771,47.32,0,0,1,0,1,0,-1,0,0],"_humanoidState":5,"_cameraCFrame":[755.286,246.521,47.318,0,-0.835,0.55,0,0.55,0.835,-1,0,0],"_shiftlockState":false,"_pose":"FreeFall","_animationQueue":[["fall",0.3]],"_animationSpeed":1,"_zoom":20.656},{"_mousePosition":[763,333],"_rootPartCFrame":[743.656,227.231,47.32,0,0,1,0,1,0,-1,0,0],"_humanoidState":5,"_cameraCFrame":[755.019,245.98,47.318,0,-0.835,0.55,0,0.55,0.835,-1,0,0],"_shiftlockState":false,"_pose":"FreeFall","_animationQueue":[],"_animationSpeed":1,"_zoom":20.656},{"_mousePosition":[763,333],"_rootPartCFrame":[743.389,226.636,47.32,0,0,1,0,1,0,-1,0,0],"_humanoidState":5,"_cameraCFrame":[754.719,245.407,47.318,0,-0.836,0.548,0,0.548,0.836,-1,0,0],"_shiftlockState":false,"_pose":"FreeFall","_animationQueue":[],"_animationSpeed":1,"_zoom":20.656},{"_mousePosition":[763,333],"_rootPartCFrame":[743.122,225.986,47.32,0,0,1,0,1,0,-1,0,0],"_humanoidState":5,"_cameraCFrame":[754.452,244.758,47.318,0,-0.836,0.548,0,0.548,0.836,-1,0,0],"_shiftlockState":false,"_pose":"FreeFall","_animationQueue":[],"_animationSpeed":1,"_zoom":20.656},{"_mousePosition":[763,333],"_rootPartCFrame":[742.856,225.282,47.32,0,0,1,0,1,0,-1,0,0],"_humanoidState":5,"_cameraCFrame":[754.185,244.054,47.318,0,-0.836,0.548,0,0.548,0.836,-1,0,0],"_shiftlockState":false,"_pose":"FreeFall","_animationQueue":[],"_animationSpeed":1,"_zoom":20.656},{"_mousePosition":[763,333],"_rootPartCFrame":[742.589,224.524,47.32,0,0,1,0,1,0,-1,0,0],"_humanoidState":5,"_cameraCFrame":[753.919,243.295,47.318,0,-0.836,0.548,0,0.548,0.836,-1,0,0],"_shiftlockState":false,"_pose":"FreeFall","_animationQueue":[],"_animationSpeed":1,"_zoom":20.656},{"_mousePosition":[763,333],"_rootPartCFrame":[742.323,223.711,47.32,0,0,1,0,1,0,-1,0,0],"_humanoidState":5,"_cameraCFrame":[753.619,242.504,47.318,0,-0.837,0.547,0,0.547,0.837,-1,0,0],"_shiftlockState":false,"_pose":"FreeFall","_animationQueue":[["fall",0.3]],"_animationSpeed":1,"_zoom":20.656},{"_mousePosition":[763,333],"_rootPartCFrame":[742.056,222.843,47.32,0,0,1,0,1,0,-1,0,0],"_humanoidState":7,"_cameraCFrame":[753.352,241.637,47.318,0,-0.837,0.547,0,0.547,0.837,-1,0,0],"_shiftlockState":false,"_pose":"FreeFall","_animationQueue":[["walk",0.1],["fall",0.3],["fall",0.3]],"_animationSpeed":1,"_zoom":20.656},{"_mousePosition":[763,333],"_rootPartCFrame":[741.789,222.431,47.32,0,0,1,0,1,0,-1,0,0],"_humanoidState":7,"_cameraCFrame":[753.085,241.224,47.318,0,-0.837,0.547,0,0.547,0.837,-1,0,0],"_shiftlockState":false,"_pose":"FreeFall","_animationQueue":[],"_animationSpeed":1,"_zoom":20.656},{"_mousePosition":[763,333],"_rootPartCFrame":[741.456,222.53,47.32,0,0,1,0,1,0,-1,0,0],"_humanoidState":8,"_cameraCFrame":[752.718,241.346,47.318,0,-0.838,0.545,0,0.545,0.838,-1,0,0],"_shiftlockState":false,"_pose":"Running","_animationQueue":[["walk",0.1],["fall",0.3],["walk",0.1]],"_animationSpeed":1.103,"_zoom":20.656},{"_mousePosition":[763,333],"_rootPartCFrame":[741.189,222.604,47.32,0,0,1,0,1,0,-1,0,0],"_humanoidState":8,"_cameraCFrame":[752.452,241.419,47.29,-0.003,-0.838,0.545,0,0.545,0.838,-1,0.002,-0.001],"_shiftlockState":false,"_pose":"Running","_animationQueue":[],"_animationSpeed":1.103,"_zoom":20.656},{"_mousePosition":[763,333],"_rootPartCFrame":[740.923,222.647,47.32,0,0,1,0,1,0,-1,0,0],"_humanoidState":8,"_cameraCFrame":[752.185,241.462,47.29,-0.003,-0.838,0.545,0,0.545,0.838,-1,0.002,-0.001],"_shiftlockState":false,"_pose":"Running","_animationQueue":[],"_animationSpeed":1.103,"_zoom":20.656},{"_mousePosition":[763,333],"_rootPartCFrame":[740.656,222.671,47.321,0,0,1,0,1,0,-1,0,0],"_humanoidState":8,"_cameraCFrame":[751.918,241.486,47.29,-0.003,-0.838,0.545,0,0.545,0.838,-1,0.002,-0.001],"_shiftlockState":false,"_pose":"Running","_animationQueue":[],"_animationSpeed":1.103,"_zoom":20.656},{"_mousePosition":[763,333],"_rootPartCFrame":[740.456,222.681,47.321,-0.001,0,1,0,1,0,-1,0,-0.001],"_humanoidState":8,"_cameraCFrame":[751.719,241.497,47.291,-0.003,-0.838,0.545,0,0.545,0.838,-1,0.002,-0.001],"_shiftlockState":false,"_pose":"Running","_animationQueue":[["walk",0.1]],"_animationSpeed":1.103,"_zoom":20.656},{"_mousePosition":[763,333],"_rootP