[{"_mousePosition":[777,398],"_rootPartCFrame":[776.023,222.7,47.142,0.003,0,1,0,1,0,-1,0,0.003],"_humanoidState":8,"_cameraCFrame":[782.855,234.667,47.212,0.01,-0.837,0.547,0,0.547,0.837,-1,-0.008,0.006],"_shiftlockState":false,"_pose":"Standing","_animationQueue":[["idle",0]],"_animationSpeed":1,"_zoom":12.5},{"_mousePosition":[777,398],"_rootPartCFrame":[775.777,222.7,47.14,0.004,0,1,0,1,0,-1,0,0.004],"_humanoidState":8,"_cameraCFrame":[782.608,234.667,47.209,0.01,-0.837,0.547,0,0.547,0.837,-1,-0.008,0.006],"_shiftlockState":false,"_pose":"Standing","_animationQueue":[],"_animationSpeed":1,"_zoom":12.5},{"_mousePosition":[777,398],"_rootPartCFrame":[775.511,222.7,47.137,0.005,0,1,0,1,0,-1,0,0.005],"_humanoidState":8,"_cameraCFrame":[782.342,234.667,47.206,0.01,-0.837,0.547,0,0.547,0.837,-1,-0.008,0.006],"_shiftlockState":false,"_pose":"Running","_animationQueue":[["walk",0.1]],"_animationSpeed":1.066,"_zoom":12.5},{"_mousePosition":[777,398],"_rootPartCFrame":[775.244,222.7,47.134,0.005,0,1,0,1,0,-1,0,0.005],"_humanoidState":8,"_cameraCFrame":[782.076,234.667,47.204,0.01,-0.837,0.547,0,0.547,0.837,-1,-0.008,0.006],"_shiftlockState":false,"_pose":"Running","_animationQueue":[],"_animationSpeed":1.066,"_zoom":12.5},{"_mousePosition":[777,398],"_rootPartCFrame":[774.978,222.7,47.132,0.006,0,1,0,1,0,-1,0,0.006],"_humanoidState":8,"_cameraCFrame":[781.809,234.667,47.201,0.01,-0.837,0.547,0,0.547,0.837,-1,-0.008,0.006],"_shiftlockState":false,"_pose":"Running","_animationQueue":[],"_animationSpeed":1.066,"_zoom":12.5},{"_mousePosition":[777,398],"_rootPartCFrame":[774.711,222.7,47.129,0.007,0,1,0,1,0,-1,0,0.007],"_humanoidState":8,"_cameraCFrame":[781.543,234.667,47.198,0.01,-0.837,0.547,0,0.547,0.837,-1,-0.008,0.006],"_shiftlockState":false,"_pose":"Running","_animationQueue":[],"_animationSpeed":1.066,"_zoom":12.5},{"_mousePosition":[777,398],"_rootPartCFrame":[774.444,222.7,47.126,0.007,0,1,0,1,0,-1,0,0.007],"_humanoidState":8,"_cameraCFrame":[781.276,234.667,47.196,0.01,-0.837,0.547,0,0.547,0.837,-1,-0.008,0.006],"_shiftlockState":false,"_pose":"Running","_animationQueue":[],"_animationSpeed":1.066,"_zoom":12.5},{"_mousePosition":[777,398],"_rootPartCFrame":[774.178,222.7,47.124,0.008,0,1,0,1,0,-1,0,0.008],"_humanoidState":8,"_cameraCFrame":[780.989,234.681,47.21,0.013,-0.838,0.545,0,0.545,0.838,-1,-0.011,0.007],"_shiftlockState":false,"_pose":"Running","_animationQueue":[],"_animationSpeed":1.066,"_zoom":12.5},{"_mousePosition":[777,398],"_rootPartCFrame":[773.911,222.7,47.121,0.008,0,1,0,1,0,-1,0,0.008],"_humanoidState":8,"_cameraCFrame":[780.722,234.681,47.207,0.013,-0.838,0.545,0,0.545,0.838,-1,-0.011,0.007],"_shiftlockState":false,"_pose":"Running","_animationQueue":[["walk",0.1]],"_animationSpeed":1.066,"_zoom":12.5},{"_mousePosition":[777,398],"_rootPartCFrame":[773.645,222.7,47.118,0.008,0,1,0,1,0,-1,0,0.008],"_humanoidState":8,"_cameraCFrame":[780.435,234.694,47.204,0.013,-0.839,0.543,0,0.543,0.84,-1,-0.011,0.007],"_shiftlockState":false,"_pose":"Running","_animationQueue":[],"_animationSpeed":1.066,"_zoom":12.5},{"_mousePosition":[777,398],"_rootPartCFrame":[773.378,222.7,47.114,0.009,0,1,0,1,0,-1,0,0.009],"_humanoidState":8,"_cameraCFrame":[780.169,234.694,47.2,0.013,-0.839,0.543,0,0.543,0.84,-1,-0.011,0.007],"_shiftlockState":false,"_pose":"Running","_animationQueue":[],"_animationSpeed":1.066,"_zoom":12.5},{"_mousePosition":[777,398],"_rootPartCFrame":[773.111,222.7,47.111,0.01,0,1,0,1,0,-1,0,0.01],"_humanoidState":8,"_cameraCFrame":[779.881,234.707,47.197,0.013,-0.841,0.542,0,0.542,0.841,-1,-0.011,0.007],"_shiftlockState":false,"_pose":"Running","_animationQueue":[],"_animationSpeed":1.066,"_zoom":12.5},{"_mousePosition":[777,398],"_rootPartCFrame":[772.845,222.7,47.108,0.01,0,1,0,1,0,-1,0,0.01],"_humanoidState":8,"_cameraCFrame":[779.594,234.72,47.193,0.013,-0.842,0.54,0,0.54,0.842,-1,-0.011,0.007],"_shiftlockState":false,"_pose":"Running","_animationQueue":[],"_animationSpeed":1.066,"_zoom":12.5},{"_mousePosition":[777,398],"_rootPartCFrame":[772.445,222.7,47.102,0.011,0,1,0,1,0,-1,0,0.011],"_humanoidState":8,"_cameraCFrame":[779.195,234.72,47.171,0.01,-0.842,0.54,0,0.54,0.842,-1,-0.009,0.005],"_shiftlockState":false,"_pose":"Running","_animationQueue":[],"_animationSpeed":1.066,"_zoom":12.5},{"_mousePosition":[777,398],"_rootPartCFrame":[772.312,222.7,47.101,0.011,0,1,0,1,0,-1,0,0.011],"_humanoidState":8,"_cameraCFrame":[779.061,234.72,47.169,0.01,-0.842,0.54,0,0.54,0.842,-1,-0.009,0.005],"_shiftlockState":false,"_pose":"Running","_animationQueue":[["walk",0.1]],"_animationSpeed":1.066,"_zoom":12.5},{"_mousePosition":[777,398],"_rootPartCFrame":[772.045,222.7,47.098,0.011,0,1,0,1,0,-1,0,0.011],"_humanoidState":8,"_cameraCFrame":[778.795,234.72,47.166,0.01,-0.842,0.54,0,0.54,0.842,-1,-0.009,0.005],"_shiftlockState":false,"_pose":"Running","_animationQueue":[],"_animationSpeed":1.066,"_zoom":12.5},{"_mousePosition":[777,398],"_rootPartCFrame":[771.778,222.7,47.095,0.011,0,1,0,1,0,-1,0,0.011],"_humanoidState":8,"_cameraCFrame":[778.528,234.72,47.164,0.01,-0.842,0.54,0,0.54,0.842,-1,-0.009,0.005],"_shiftlockState":false,"_pose":"Running","_animationQueue":[],"_animationSpeed":1.066,"_zoom":12.5},{"_mousePosition":[777,398],"_rootPartCFrame":[771.512,222.7,47.093,0.01,0,1,0,1,0,-1,0,0.01],"_humanoidState":8,"_cameraCFrame":[778.262,234.72,47.161,0.01,-0.842,0.54,0,0.54,0.842,-1,-0.009,0.005],"_shiftlockState":false,"_pose":"Running","_animationQueue":[],"_animationSpeed":1.066,"_zoom":12.5},{"_mousePosition":[777,398],"_rootPartCFrame":[771.178,223.783,47.089,0.01,0,1,0,1,0,-1,0,0.01],"_humanoidState":3,"_cameraCFrame":[777.908,235.817,47.157,0.01,-0.843,0.538,0,0.538,0.843,-1,-0.009,0.005],"_shiftlockState":false,"_pose":"Jumping","_animationQueue":[["walk",0.1],["jump",0.1]],"_animationSpeed":1,"_zoom":12.5},{"_mousePosition":[777,398],"_rootPartCFrame":[770.912,224.592,47.087,0.01,0,1,0,1,0,-1,0,0.01],"_humanoidState":5,"_cameraCFrame":[777.641,236.626,47.155,0.01,-0.843,0.538,0,0.538,0.843,-1,-0.009,0.005],"_shiftlockState":false,"_pose":"FreeFall","_animationQueue":[["jump",0.1]],"_animationSpeed":1,"_zoom":12.5},{"_mousePosition":[777,398],"_rootPartCFrame":[770.712,225.162,47.085,0.01,0,1,0,1,0,-1,0,0.01],"_humanoidState":5,"_cameraCFrame":[777.441,237.196,47.153,0.01,-0.843,0.538,0,0.538,0.843,-1,-0.009,0.005],"_shiftlockState":false,"_pose":"FreeFall","_animationQueue":[],"_animationSpeed":1,"_zoom":12.5},{"_mousePosition":[777,398],"_rootPartCFrame":[770.445,225.875,47.082,0.01,0,1,0,1,0,-1,0,0.01],"_humanoidState":5,"_cameraCFrame":[777.175,237.909,47.15,0.01,-0.843,0.538,0,0.538,0.843,-1,-0.009,0.005],"_shiftlockState":false,"_pose":"FreeFall","_animationQueue":[],"_animationSpeed":1,"_zoom":12.5},{"_mousePosition":[777,398],"_rootPartCFrame":[770.179,226.534,47.079,0.01,0,1,0,1,0,-1,0,0.01],"_humanoidState":5,"_cameraCFrame":[776.908,238.568,47.147,0.01,-0.843,0.538,0,0.538,0.843,-1,-0.009,0.005],"_shiftlockState":false,"_pose":"FreeFall","_animationQueue":[],"_animationSpeed":1,"_zoom":12.5},{"_mousePosition":[777,398],"_rootPartCFrame":[769.912,227.138,47.076,0.01,0,1,0,1,0,-1,0,0.01],"_humanoidState":5,"_cameraCFrame":[776.641,239.172,47.145,0.01,-0.843,0.538,0,0.538,0.843,-1,-0.009,0.005],"_shiftlockState":false,"_pose":"FreeFall","_animationQueue":[],"_animationSpeed":1,"_zoom":12.5},{"_mousePosition":[777,398],"_rootPartCFrame":[769.646,227.687,47.074,0.01,0,1,0,1,0,-1,0,0.01],"_humanoidState":5,"_cameraCFrame":[776.354,239.734,47.125,0.008,-0.844,0.537,0,0.537,0.844,-1,-0.006,0.004],"_shiftlockState":false,"_pose":"FreeFall","_animationQueue":[],"_animationSpeed":1,"_zoom":12.5},{"_mousePosition":[777,398],"_rootPartCFrame":[769.312,228.298,47.07,0.01,0,1,0,1,0,-1,0,0.01],"_humanoidState":5,"_cameraCFrame":[776.001,240.358,47.121,0.008,-0.845,0.535,0,0.535,0.845,-1,-0.006,0.004],"_shiftlockState":false,"_pose":"FreeFall","_animationQueue":[],"_animationSpeed":1,"_zoom":12.5},{"_mousePosition":[777,398],"_rootPartCFrame":[769.046,228.725,47.068,0.01,0,1,0,1,0,-1,0,0.01],"_humanoidState":5,"_cameraCFrame":[775.734,240.785,47.102,0.005,-0.845,0.535,0,0.535,0.845,-1,-0.004,0.003],"_shiftlockState":false,"_pose":"FreeFall","_animationQueue":[],"_animationSpeed":1,"_zoom":12.5},{"_mousePosition":[777,398],"_rootPartCFrame":[768.779,229.097,47.066,0.01,0,1,0,1,0,-1,0,0.01],"_humanoidState":5,"_cameraCFrame":[775.447,241.17,47.1,0.005,-0.846,0.533,0,0.533,0.846,-1,-0.004,0.003],"_shiftlockState":false,"_pose":"FreeFall","_animationQueue":[],"_animationSpeed":1,"_zoom":12.5},{"_mousePosition":[777,398],"_rootPartCFrame":[768.512,229.415,47.065,0.009,0,1,0,1,0,-1,0,0.009],"_humanoidState":5,"_cameraCFrame":[775.18,241.488,47.098,0.005,-0.846,0.533,0,0.533,0.846,-1,-0.004,0.003],"_shiftlockState":false,"_pose":"FreeFall","_animationQueue":[],"_animationSpeed":1,"_zoom":12.5},{"_mousePosition":[777,398],"_rootPartCFrame":[768.313,229.617,47.064,0.009,0,1,0,1,0,-1,0,0.009],"_humanoidState":5,"_cameraCFrame":[774.96,241.703,47.081,0.003,-0.847,0.532,0,0.532,0.847,-1,-0.002,0.001],"_shiftlockState":false,"_pose":"FreeFall","_animationQueue":[],"_animationSpeed":1,"_zoom":12.5},{"_mousePosition":[777,398],"_rootPartCFrame":[767.979,229.887,47.062,0.008,0,1,0,1,0,-1,0,0.008],"_humanoidState":5,"_cameraCFrame":[774.606,241.986,47.079,0.003,-0.848,0.53,0,0.53,0.848,-1,-0.002,0.001],"_shiftlockState":false,"_pose":"FreeFall","_animationQueue":[],"_animationSpeed":1,"_zoom":12.5},{"_mousePosition":[777,398],"_rootPartCFrame":[767.713,230.042,47.061,0.007,0,1,0,1,0,-1,0,0.007],"_humanoidState":5,"_cameraCFrame":[774.339,242.14,47.061,0,-0.848,0.53,0,0.53,0.848,-1,0,0],"_shiftlockState":false,"_pose":"FreeFall","_animationQueue":[],"_animationSpeed":1,"_zoom":12.5},{"_mousePosition":[777,398],"_rootPartCFrame":[767.446,230.141,47.061,0.007,0,1,0,1,0,-1,0,0.007],"_humanoidState":5,"_cameraCFrame":[774.031,242.266,47.044,-0.003,-0.85,0.527,0,0.527,0.85,-1,0.002,-0.001],"_shiftlockState":false,"_pose":"FreeFall","_animationQueue":[],"_animationSpeed":1,"_zoom":12.5},{"_mousePosition":[777,398],"_rootPartCFrame":[767.246,230.181,47.06,0.006,0,1,0,1,0,-1,0,0.006],"_humanoidState":5,"_cameraCFrame":[773.79,242.331,47.027,-0.005,-0.852,0.524,0,0.524,0.852,-1,0.004,-0.003],"_shiftlockState":false,"_pose":"FreeFall","_animationQueue":[],"_animationSpeed":1,"_zoom":12.5},{"_mousePosition":[777,398],"_rootPartCFrame":[766.913,230.178,47.061,0.005,0,1,0,1,0,-1,0,0.005],"_humanoidState":5,"_cameraCFrame":[773.436,242.341,47.012,-0.008,-0.853,0.522,0,0.522,0.853,-1,0.006,-0.004],"_shiftlockState":false,"_pose":"FreeFall","_animationQueue":[["fall",0.3]],"_animationSpeed":1,"_zoom":12.5},{"_mousePosition":[777,398],"_rootPartCFrame":[766.646,230.114,47.062,0.004,0,1,0,1,0,-1,0,0.004],"_humanoidState":5,"_cameraCFrame":[773.169,242.277,47.013,-0.008,-0.853,0.522,0,0.522,0.853,-1,0.006,-0.004],"_shiftlockState":false,"_pose":"FreeFall","_animationQueue":[],"_animationSpeed":1,"_zoom":12.5},{"_mousePosition":[777,398],"_rootPartCFrame":[766.446,230.031,47.064,0.002,0,1,0,1,0,-1,0,0.002],"_humanoidState":5,"_cameraCFrame":[772.969,242.194,47.014,-0.008,-0.853,0.522,0,0.522,0.853,-1,0.006,-0.004],"_shiftlockState":false,"_pose":"FreeFall","_animationQueue":[],"_animationSpeed":1,"_zoom":12.5},{"_mousePosition":[777,398],"_rootPartCFrame":[766.18,229.872,47.066,0.001,0,1,0,1,0,-1,0,0.001],"_humanoidState":5,"_cameraCFrame":[772.703,242.035,47.016,-0.008,-0.853,0.522,0,0.522,0.853,-1,0.006,-0.004],"_shiftlockState":false,"_pose":"FreeFall","_animationQueue":[],"_animationSpeed":1,"_zoom":12.5},{"_mousePosition":[777,398],"_rootPartCFrame":[765.913,229.658,47.068,0,0,1,0,1,0,-1,0,0],"_humanoidState":5,"_cameraCFrame":[772.436,241.821,47.018,-0.008,-0.853,0.522,0,0.522,0.853,-1,0.006,-0.004],"_shiftlockState":false,"_pose":"FreeFall","_animationQueue":[],"_animationSpeed":1,"_zoom":12.5},{"_mousePosition":[777,398],"_rootPartCFrame":[765.646,229.39,47.07,-0.001,0,1,0,1,0,-1,0,-0.001],"_humanoidState":5,"_cameraCFrame":[772.169,241.553,47.02,-0.008,-0.853,0.522,0,0.522,0.853,-1,0.006,-0.004],"_shiftlockState":false,"_pose":"FreeFall","_animationQueue":[],"_animationSpeed":1,"_zoom":12.5},{"_mousePosition":[777,398],"_rootPartCFrame":[765.38,229.068,47.072,-0.002,0,1,0,1,0,-1,0,-0.002],"_humanoidState":5,"_cameraCFrame":[771.903,241.231,47.022,-0.008,-0.853,0.522,0,0.522,0.853,-1,0.006,-0.004],"_shiftlockState":false,"_pose":"FreeFall","_animationQueue":[],"_animationSpeed":1,"_zoom":12.5},{"_mousePosition":[777,398],"_rootPartCFrame":[765.113,228.691,47.074,-0.003,0,1,0,1,0,-1,0,-0.003],"_humanoidState":5,"_cameraCFrame":[771.636,240.854,47.025,-0.008,-0.853,0.522,0,0.522,0.853,-1,0.006,-0.004],"_shiftlockState":false,"_pose":"FreeFall","_animationQueue":[["fall",0.3]],"_animationSpeed":1,"_zoom":12.5},{"_mousePosition":[777,398],"_rootPartCFrame":[764.847,228.259,47.076,-0.004,0,1,0,1,0,-1,0,-0.004],"_humanoidState":5,"_cameraCFrame":[771.37,240.422,47.027,-0.008,-0.853,0.522,0,0.522,0.853,-1,0.006,-0.004],"_shiftlockState":false,"_pose":"FreeFall","_animationQueue":[],"_animationSpeed":1,"_zoom":12.5},{"_mousePosition":[777,398],"_rootPartCFrame":[764.58,227.773,47.078,-0.004,0,1,0,1,0,-1,0,-0.004],"_humanoidState":5,"_cameraCFrame":[771.103,239.936,47.029,-0.008,-0.853,0.522,0,0.522,0.853,-1,0.006,-0.004],"_shiftlockState":false,"_pose":"FreeFall","_animationQueue":[],"_animationSpeed":1,"_zoom":12.5},{"_mousePosition":[777,398],"_rootPartCFrame":[764.247,227.089,47.081,-0.005,0,1,0,1,0,-1,0,-0.005],"_humanoidState":5,"_cameraCFrame":[770.749,239.265,47.031,-0.008,-0.854,0.52,0,0.52,0.854,-1,0.006,-0.004],"_shiftlockState":false,"_pose":"FreeFall","_animationQueue":[],"_animationSpeed":1,"_zoom":12.5},{"_mousePosition":[777,398],"_rootPartCFrame":[764.047,226.638,47.082,-0.005,0,1,0,1,0,-1,0,-0.005],"_humanoidState":5,"_cameraCFrame":[770.528,238.826,47.033,-0.008,-0.855,0.519,0,0.519,0.855,-1,0.006,-0.004],"_shiftlockState":false,"_pose":"FreeFall","_animationQueue":[],"_animationSpeed":1,"_zoom":12.5},{"_mousePosition":[777,398],"_rootPartCFrame":[763.78,225.988,47.084,-0.005,0,1,0,1,0,-1,0,-0.005],"_humanoidState":5,"_cameraCFrame":[770.241,238.189,47.035,-0.008,-0.856,0.517,0,0.517,0.856,-1,0.006,-0.004],"_shiftlockState":false,"_pose":"FreeFall","_animationQueue":[],"_animationSpeed":1,"_zoom":12.5},{"_mousePosition":[777,398],"_rootPartCFrame":[763.514,225.284,47.086,-0.006,0,1,0,1,0,-1,0,-0.006],"_humanoidState":5,"_cameraCFrame":[769.953,237.498,47.037,-0.008,-0.857,0.515,0,0.515,0.857,-1,0.007,-0.004],"_shiftlockState":false,"_pose":"FreeFall","_animationQueue":[["fall",0.3]],"_animationSpeed":1,"_zoom":12.5},{"_mousePosition":[777,398],"_rootPartCFrame":[763.247,224.526,47.088,-0.006,0,1,0,1,0,-1,0,-0.006],"_humanoidState":5,"_cameraCFrame":[769.687,236.739,47.039,-0.008,-0.857,0.515,0,0.515,0.857,-1,0.007,-0.004],"_shiftlockState":false,"_pose":"FreeFall","_animationQueue":[],"_animationSpeed":1,"_zoom":12.5},{"_mousePosition":[777,398],"_rootPartCFrame":[762.914,223.501,47.091,-0.006,0,1,0,1,0,-1,0,-0.006],"_humanoidState":5,"_cameraCFrame":[769.353,235.715,47.042,-0.008,-0.857,0.515,0,0.515,0.857,-1,0.007,-0.004],"_shiftlockState":false,"_pose":"FreeFall","_animationQueue":[],"_animationSpeed":1,"_zoom":12.5},{"_mousePosition":[777,398],"_rootPartCFrame":[762.647,222.62,47.093,-0.006,0,1,0,1,0,-1,0,-0.006],"_humanoidState":7,"_cameraCFrame":[769.087,234.834,47.044,-0.008,-0.857,0.515,0,0.515,0.857,-1,0.007,-0.004],"_shiftlockState":false,"_pose":"FreeFall","_animationQueue":[["walk",0.1],["fall",0.3],["fall",0.3]],"_animationSpeed":1,"_zoom":12.5},{"_mousePosition":[777,398],"_rootPartCFrame":[762.447,222.432,47.094,-0.007,0,1,0,1,0,-1,0,-0.007],"_humanoidState":7,"_cameraCFrame":[768.887,234.646,47.045,-0.008,-0.857,0.515,0,0.515,0.857,-1,0.007,-0.004],"_shiftlockState":false,"_pose":"FreeFall","_animationQueue":[],"_animationSpeed":1,"_zoom":12.5},{"_mousePosition":[777,398],"_rootPartCFrame":[762.114,222.531,47.097,-0.007,0,1,0,1,0,-1,0,-0.007],"_humanoidState":8,"_cameraCFrame":[768.554,234.744,47.048,-0.008,-0.857,0.515,0,0.515,0.857,-1,0.007,-0.004],"_shiftlockState":false,"_pose":"Running","_animationQueue":[["walk",0.1],["fall",0.3],["walk",0.1]],"_animationSpeed":1.103,"_zoom":12.5},{"_mousePosition":[777,398],"_rootPartCFrame":[761.914,223.19,47.098,-0.007,0,1,0,1,0,-1,0,-0.007],"_humanoidState":3,"_cameraCFrame":[768.354,235.403,47.049,-0.008,-0.857,0.515,0,0.515,0.857,-1,0.007,-0.004],"_shiftlockState":false,"_pose":"Jumping","_animationQueue":[["walk",0.1],["jump",0.1]],"_animationSpeed":1,"_zoom":12.5},{"_mousePosition":[777,398],"_rootPartCFrame":[761.647,224.026,47.1,-0.007,0,1,0,1,0,-1,0,-0.007],"_humanoidState":5,"_cameraCFrame":[768.087,236.239,47.052,-0.008,-0.857,0.515,0,0.515,0.857,-1,0.007,-0.004],"_shiftlockState":false,"_pose":"FreeFall","_animationQueue":[["jump",0.1]],"_animationSpeed":1,"_zoom":12.5},{"_mousePosition":[777,398],"_rootPartCFrame":[761.314,224.993,47.103,-0.007,0,1,0,1,0,-1,0,-0.007],"_humanoidState":5,"_cameraCFrame":[767.754,237.207,47.054,-0.008,-0.857,0.515,0,0.515,0.857,-1,0.007,-0.004],"_shiftlockState":false,"_pose":"FreeFall","_animationQueue":[],"_animationSpeed":1,"_zoom":12.5},{"_mousePosition":[777,398],"_rootPartCFrame":[761.048,225.706,47.105,-0.007,0,1,0,1,0,-1,0,-0.007],"_humanoidState":5,"_cameraCFrame":[767.487,237.92,47.056,-0.008,-0.857,0.515,0,0.515,0.857,-1,0.007,-0.004],"_shiftlockState":false,"_pose":"FreeFall","_animationQueue":[],"_animationSpeed":1,"_zoom":12.5},{"_mousePosition":[777,398],"_rootPartCFrame":[760.848,226.205,47.106,-0.007,0,1,0,1,0,-1,0,-0.007],"_humanoidState":5,"_cameraCFrame":[767.287,238.419,47.058,-0.008,-0.857,0.515,0,0.515,0.857,-1,0.007,-0.004],"_shiftlockState":false,"_pose":"FreeFall","_animationQueue":[],"_animationSpeed":1,"_zoom":12.5},{"_mousePosition":[777,398],"_rootPartCFrame":[760.581,226.823,47.109,-0.007,0,1,0,1,0,-1,0,-0.007],"_humanoidState":5,"_cameraCFrame":[767.021,239.037,47.06,-0.008,-0.857,0.515,0,0.515,0.857,-1,0.007,-0.004],"_shiftlockState":false,"_pose":"FreeFall","_animationQueue":[],"_animationSpeed":1,"_zoom":12.5},{"_mousePosition":[777,398],"_rootPartCFrame":[760.314,227.386,47.111,-0.007,0,1,0,1,0,-1,0,-0.007],"_humanoidState":5,"_cameraCFrame":[766.754,239.6,47.062,-0.008,-0.857,0.515,0,0.515,0.857,-1,0.007,-0.004],"_shiftlockState":false,"_pose":"FreeFall","_animationQueue":[],"_animationSpeed":1,"_zoom":12.5},{"_mousePosition":[777,398],"_rootPartCFrame":[759.981,228.014,47.113,-0.007,0,1,0,1,0,-1,0,-0.007],"_humanoidState":5,"_cameraCFrame":[766.421,240.227,47.08,-0.005,-0.857,0.515,0,0.515,0.857,-1,0.004,-0.003],"_shiftlockState":false,"_pose":"FreeFall","_animationQueue":[],"_animationSpeed":1,"_zoom":12.5},{"_mousePosition":[777,398],"_rootPartCFrame":[759.715,228.454,47.115,-0.007,0,1,0,1,0,-1,0,-0.007],"_humanoidState":5,"_cameraCFrame":[766.154,240.668,47.083,-0.005,-0.857,0.515,0,0.515,0.857,-1,0.004,-0.003],"_shiftlockState":false,"_pose":"FreeFall","_animationQueue":[],"_animationSpeed":1,"_zoom":12.5},{"_mousePosition":[777,398],"_rootPartCFrame":[759.515,228.749,47.116,-0.007,0,1,0,1,0,-1,0,-0.007],"_humanoidState":5,"_cameraCFrame":[765.954,240.962,47.084,-0.005,-0.857,0.515,0,0.515,0.857,-1,0.004,-0.003],"_shiftlockState":false,"_pose":"FreeFall","_animationQueue":[],"_animationSpeed":1,"_zoom":12.5},{"_mousePosition":[777,398],"_rootPartCFrame":[759.248,229.094,47.118,-0.007,0,1,0,1,0,-1,0,-0.007],"_humanoidState":5,"_cameraCFrame":[765.667,241.32,47.101,-0.003,-0.858,0.514,0,0.514,0.858,-1,0.002,-0.001],"_shiftlockState":false,"_pose":"FreeFall","_animationQueue":[],"_animationSpeed":1,"_zoom":12.5},{"_mousePosition":[777,398],"_rootPartCFrame":[758.915,229.449,47.119,-0.007,0,1,0,1,0,-1,0,-0.007],"_humanoidState":5,"_cameraCFrame":[765.334,241.675,47.103,-0.003,-0.858,0.514,0,0.514,0.858,-1,0.002,-0.001],"_shiftlockState":false,"_pose":"FreeFall","_animationQueue":[],"_animationSpeed":1,"_zoom":12.5},{"_mousePosition":[777,398],"_rootPartCFrame":[758.715,229.621,47.12,-0.006,0,1,0,1,0,-1,0,-0.006],"_humanoidState":5,"_cameraCFrame":[765.134,241.847,47.104,-0.003,-0.858,0.514,0,0.514,0.858,-1,0.002,-0.001],"_shiftlockState":false,"_pose":"FreeFall","_animationQueue":[],"_animationSpeed":1,"_zoom":12.5},{"_mousePosition":[777,398],"_rootPartCFrame":[758.448,229.802,47.121,-0.006,0,1,0,1,0,-1,0,-0.006],"_humanoidState":5,"_cameraCFrame":[764.867,242.028,47.104,-0.003,-0.858,0.514,0,0.514,0.858,-1,0.002,-0.001],"_shiftlockState":false,"_pose":"FreeFall","_animationQueue":[],"_animationSpeed":1,"_zoom":12.5},{"_mousePosition":[777,398],"_rootPartCFrame":[758.182,229.929,47.121,-0.005,0,1,0,1,0,-1,0,-0.005],"_humanoidState":5,"_cameraCFrame":[764.601,242.155,47.105,-0.003,-0.858,0.514,0,0.514,0.858,-1,0.002,-0.001],"_shiftlockState":false,"_pose":"FreeFall","_animationQueue":[],"_animationSpeed":1,"_zoom":12.5},{"_mousePosition":[777,398],"_rootPartCFrame":[757.915,230.002,47.122,-0.005,0,1,0,1,0,-1,0,-0.005],"_humanoidState":5,"_cameraCFrame":[764.334,242.228,47.106,-0.003,-0.858,0.514,0,0.514,0.858,-1,0.002,-0.001],"_shiftlockState":false,"_pose":"FreeFall","_animationQueue":[],"_animationSpeed":1,"_zoom":12.5},{"_mousePosition":[777,398],"_rootPartCFrame":[757.648,230.02,47.123,-0.005,0,1,0,1,0,-1,0,-0.005],"_humanoidState":5,"_cameraCFrame":[764.067,242.246,47.123,0,-0.858,0.514,0,0.514,0.858,-1,0,0],"_shiftlockState":false,"_pose":"FreeFall","_animationQueue":[],"_animationSpeed":1,"_zoom":12.5},{"_mousePosition":[777,398],"_rootPartCFrame":[757.315,229.966,47.123,-0.004,0,1,0,1,0,-1,0,-0.004],"_humanoidState":5,"_cameraCFrame":[763.734,242.192,47.123,0,-0.858,0.514,0,0.514,0.858,-1,0,0],"_shiftlockState":false,"_pose":"FreeFall","_animationQueue":[],"_animationSpeed":1,"_zoom":12.5},{"_mousePosition":[777,398],"_rootPartCFrame":[757.115,229.893,47.124,-0.004,0,1,0,1,0,-1,0,-0.004],"_humanoidState":5,"_cameraCFrame":[763.534,242.119,47.124,0,-0.858,0.514,0,0.514,0.858,-1,0,0],"_shiftlockState":false,"_pose":"FreeFall","_animationQueue":[],"_animationSpeed":1,"_zoom":12.5},{"_mousePosition":[777,398],"_rootPartCFrame":[756.849,229.748,47.124,-0.003,0,1,0,1,0,-1,0,-0.003],"_humanoidState":5,"_cameraCFrame":[763.268,241.974,47.124,0,-0.858,0.514,0,0.514,0.858,-1,0,0],"_shiftlockState":false,"_pose":"FreeFall","_animationQueue":[],"_animationSpeed":1,"_zoom":12.5},{"_mousePosition":[777,398],"_rootPartCFrame":[756.582,229.548,47.124,-0.003,0,1,0,1,0,-1,0,-0.003],"_humanoidState":5,"_cameraCFrame":[763.001,241.774,47.14,0.003,-0.858,0.514,0,0.514,0.858,-1,-0.002,0.001],"_shiftlockState":false,"_pose":"FreeFall","_animationQueue":[["fall",0.3]],"_animationSpeed":1,"_zoom":12.5},{"_mousePosition":[777,398],"_rootPartCFrame":[756.249,229.221,47.124,-0.002,0,1,0,1,0,-1,0,-0.002],"_humanoidState":5,"_cameraCFrame":[762.668,241.447,47.14,0.003,-0.858,0.514,0,0.514,0.858,-1,-0.002,0.001],"_shiftlockState":false,"_pose":"FreeFall","_animationQueue":[],"_animationSpeed":1,"_zoom":12.5},{"_mousePosition":[777,398],"_rootPartCFrame":[756.049,228.985,47.123,-0.002,0,1,0,1,0,-1,0,-0.002],"_humanoidState":5,"_cameraCFrame":[762.468,241.211,47.139,0.003,-0.858,0.514,0,0.514,0.858,-1,-0.002,0.001],"_shiftlockState":false,"_pose":"FreeFall","_animationQueue":[],"_animationSpeed":1,"_zoom":12.5},{"_mousePosition":[777,398],"_rootPartCFrame":[755.782,228.621,47.122,-0.001,0,1,0,1,0,-1,0,-0.001],"_humanoidState":5,"_cameraCFrame":[762.201,240.847,47.139,0.003,-0.858,0.514,0,0.514,0.858,-1,-0.002,0.001],"_shiftlockState":false,"_pose":"FreeFall","_animationQueue":[],"_animationSpeed":1,"_zoom":12.5},{"_mousePosition":[777,398],"_rootPartCFrame":[755.449,228.09,47.122,-0.001,0,1,0,1,0,-1,0,-0.001],"_humanoidState":5,"_cameraCFrame":[761.868,240.316,47.138,0.003,-0.858,0.514,0,0.514,0.858,-1,-0.002,0.001],"_shiftlockState":false,"_pose":"FreeFall","_animationQueue":[],"_animationSpeed":1,"_zoom":12.5},{"_mousePosition":[777,398],"_rootPartCFrame":[755.249,227.731,47.121,0,0,1,0,1,0,-1,0,0],"_humanoidState":5,"_cameraCFrame":[761.668,239.957,47.137,0.003,-0.858,0.514,0,0.514,0.858,-1,-0.002,0.001],"_shiftlockState":false,"_pose":"FreeFall","_animationQueue":[],"_animationSpeed":1,"_zoom":12.5},{"_mousePosition":[777,398],"_rootPartCFrame":[754.982,227.204,47.12,0,0,1,0,1,0,-1,0,0],"_humanoidState":5,"_cameraCFrame":[761.401,239.43,47.137,0.003,-0.858,0.514,0,0.514,0.858,-1,-0.002,0.001],"_shiftlockState":false,"_pose":"FreeFall","_animationQueue":[],"_animationSpeed":1,"_zoom":12.5},{"_mousePosition":[777,398],"_rootPartCFrame":[754.716,226.623,47.12,0,0,1,0,1,0,-1,0,0],"_humanoidState":5,"_cameraCFrame":[761.135,238.849,47.136,0.003,-0.858,0.514,0,0.514,0.858,-1,-0.002,0.001],"_shiftlockState":false,"_pose":"FreeFall","_animationQueue":[["fall",0.3]],"_animationSpeed":1,"_zoom":12.5},{"_mousePosition":[777,398],"_rootPartCFrame":[754.449,225.987,47.119,0.001,0,1,0,1,0,-1,0,0.001],"_humanoidState":5,"_cameraCFrame":[760.868,238.213,47.135,0.003,-0.858,0.514,0,0.514,0.858,-1,-0.002,0.001],"_shiftlockState":false,"_pose":"FreeFall","_animationQueue":[],"_animationSpeed":1,"_zoom":12.5},{"_mousePosition":[777,398],"_rootPartCFrame":[754.183,225.297,47.118,0.001,0,1,0,1,0,-1,0,0.001],"_humanoidState":5,"_cameraCFrame":[760.602,237.523,47.135,0.003,-0.858,0.514,0,0.514,0.858,-1,-0.002,0.001],"_shiftlockState":false,"_pose":"FreeFall","_animationQueue":[],"_animationSpeed":1,"_zoom":12.5},{"_mousePosition":[777,398],"_rootPartCFrame":[753.849,224.357,47.118,0.001,0,1,0,1,0,-1,0,0.001],"_humanoidState":5,"_cameraCFrame":[760.268,236.583,47.134,0.003,-0.858,0.514,0,0.514,0.858,-1,-0.002,0.001],"_shiftlockState":false,"_pose":"FreeFall","_animationQueue":[],"_animationSpeed":1,"_zoom":12.5},{"_mousePosition":[777,398],"_rootPartCFrame":[753.649,223.752,47.117,0.001,0,1,0,1,0,-1,0,0.001],"_humanoidState":5,"_cameraCFrame":[760.068,235.978,47.133,0.003,-0.858,0.514,0,0.514,0.858,-1,-0.002,0.001],"_shiftlockState":false,"_pose":"FreeFall","_animationQueue":[],"_animationSpeed":1,"_zoom":12.5},{"_mousePosition":[777,398],"_rootPartCFrame":[753.383,222.899,47.116,0.002,0,1,0,1,0,-1,0,0.002],"_humanoidState":7,"_cameraCFrame":[759.802,235.125,47.133,0.003,-0.858,0.514,0,0.514,0.858,-1,-0.002,0.001],"_shiftlockState":false,"_pose":"FreeFall","_animationQueue":[["walk",0.1],["fall",0.3],["fall",0.3]],"_animationSpeed":1,"_zoom":12.5},{"_mousePosition":[777,398],"_rootPartCFrame":[753.116,222.29,47.116,0.002,0,1,0,1,0,-1,0,0.002],"_humanoidState":7,"_cameraCFrame":[759.535,234.516,47.132,0.003,-0.858,0.514,0,0.514,0.858,-1,-0.002,0.001],"_shiftlockState":false,"_pose":"FreeFall","_animationQueue":[],"_animationSpeed":1,"_zoom":12.5},{"_mousePosition":[777,398],"_rootPartCFrame":[752.783,222.357,47.115,0.002,0,1,0,1,0,-1,0,0.002],"_humanoidState":8,"_cameraCFrame":[759.202,234.583,47.131,0.003,-0.858,0.514,0,0.514,0.858,-1,-0.002,0.001],"_shiftlockState":false,"_pose":"Running","_animationQueue":[["fall",0.3],["walk",0.1],["fall",0.3],["walk",0.1]],"_animationSpeed":1.103,"_zoom":12.5},{"_mousePosition":[777,398],"_rootPartCFrame":[752.583,223.016,47.114,0.002,0,1,0,1,0,-1,0,0.002],"_humanoidState":3,"_cameraCFrame":[759.002,235.242,47.131,0.003,-0.858,0.514,0,0.514,0.858,-1,-0.002,0.001],"_shiftlockState":false,"_pose":"Jumping","_animationQueue":[["walk",0.1],["jump",0.1]],"_animationSpeed":1,"_zoom":12.5},{"_mousePosition":[777,398],"_rootPartCFrame":[752.316,223.852,47.114,0.002,0,1,0,1,0,-1,0,0.002],"_humanoidState":5,"_cameraCFrame":[758.735,236.078,47.13,0.003,-0.858,0.514,0,0.514,0.858,-1,-0.002,0.001],"_shiftlockState":false,"_pose":"FreeFall","_animationQueue":[["jump",0.1]],"_animationSpeed":1,"_zoom":12.5},{"_mousePosition":[777,398],"_rootPartCFrame":[752.05,224.633,47.113,0.002,0,1,0,1,0,-1,0,0.002],"_humanoidState":5,"_cameraCFrame":[758.469,236.859,47.129,0.003,-0.858,0.514,0,0.514,0.858,-1,-0.002,0.001],"_shiftlockState":false,"_pose":"FreeFall","_animationQueue":[],"_animationSpeed":1,"_zoom":12.5},{"_mousePosition":[777,398],"_rootPartCFrame":[751.783,225.36,47.112,0.002,0,1,0,1,0,-1,0,0.002],"_humanoidState":5,"_cameraCFrame":[758.202,237.586,47.129,0.003,-0.858,0.514,0,0.514,0.858,-1,-0.002,0.001],"_shiftlockState":false,"_pose":"FreeFall","_animationQueue":[],"_animationSpeed":1,"_zoom":12.5},{"_mousePosition":[777,398],"_rootPartCFrame":[751.516,226.032,47.112,0.002,0,1,0,1,0,-1,0,0.002],"_humanoidState":5,"_cameraCFrame":[757.935,238.258,47.128,0.003,-0.858,0.514,0,0.514,0.858,-1,-0.002,0.001],"_shiftlockState":false,"_pose":"FreeFall","_animationQueue":[],"_animationSpeed":1,"_zoom":12.5},{"_mousePosition":[777,398],"_rootPartCFrame":[751.25,226.65,47.111,0.002,0,1,0,1,0,-1,0,0.002],"_humanoidState":5,"_cameraCFrame":[757.669,238.876,47.127,0.003,-0.858,0.514,0,0.514,0.858,-1,-0.002,0.001],"_shiftlockState":false,"_pose":"FreeFall","_animationQueue":[],"_animationSpeed":1,"_zoom":12.5},{"_mousePosition":[777,398],"_rootPartCFrame":[750.983,227.213,47.11,0.002,0,1,0,1,0,-1,0,0.002],"_humanoidState":5,"_cameraCFrame":[757.402,239.439,47.127,0.003,-0.858,0.514,0,0.514,0.858,-1,-0.002,0.001],"_shiftlockState":false,"_pose":"FreeFall","_animationQueue":[],"_animationSpeed":1,"_zoom":12.5},{"_mousePosition":[777,398],"_rootPartCFrame":[750.65,227.84,47.11,0.002,0,1,0,1,0,-1,0,0.002],"_humanoidState":5,"_cameraCFrame":[757.069,240.066,47.126,0.003,-0.858,0.514,0,0.514,0.858,-1,-0.002,0.001],"_shiftlockState":false,"_pose":"FreeFall","_animationQueue":[],"_animationSpeed":1,"_zoom":12.5},{"_mousePosition":[777,398],"_rootPartCFrame":[750.45,228.176,47.109,0.002,0,1,0,1,0,-1,0,0.002],"_humanoidState":5,"_cameraCFrame":[756.869,240.402,47.125,0.003,-0.858,0.514,0,0.514,0.858,-1,-0.002,0.001],"_shiftlockState":false,"_pose":"FreeFall","_animationQueue":[],"_animationSpeed":1,"_zoom":12.5},{"_mousePosition":[777,398],"_rootPartCFrame":[750.117,228.667,47.108,0.002,0,1,0,1,0,-1,0,0.002],"_humanoidState":5,"_cameraCFrame":[756.536,240.893,47.124,0.003,-0.858,0.514,0,0.514,0.858,-1,-0.002,0.001],"_shiftlockState":false,"_pose":"FreeFall","_animationQueue":[],"_animationSpeed":1,"_zoom":12.5},{"_mousePosition":[777,398],"_rootPartCFrame":[749.85,228.998,47.107,0.002,0,1,0,1,0,-1,0,0.002],"_humanoidState":5,"_cameraCFrame":[756.269,241.224,47.124,0.003,-0.858,0.514,0,0.514,0.858,-1,-0.002,0.001],"_shiftlockState":false,"_pose":"FreeFall","_animationQueue":[],"_animationSpeed":1,"_zoom":12.5},{"_mousePosition":[777,398],"_rootPartCFrame":[749.65,229.211,47.107,0.002,0,1,0,1,0,-1,0,0.002],"_humanoidState":5,"_cameraCFrame":[756.069,241.437,47.123,0.003,-0.858,0.514,0,0.514,0.858,-1,-0.002,0.001],"_shiftlockState":false,"_pose":"FreeFall","_animationQueue":[],"_animationSpeed":1,"_zoom":12.5},{"_mousePosition":[777,398],"_rootPartCFrame":[749.384,229.447,47.106,0.002,0,1,0,1,0,-1,0,0.002],"_humanoidState":5,"_cameraCFrame":[755.803,241.673,47.123,0.003,-0.858,0.514,0,0.514,0.858,-1,-0.002,0.001],"_shiftlockState":false,"_pose":"FreeFall","_animationQueue":[],"_animationSpeed":1,"_zoom":12.5},{"_mousePosition":[777,398],"_rootPartCFrame":[749.117,229.629,47.106,0.002,0,1,0,1,0,-1,0,0.002],"_humanoidState":5,"_cameraCFrame":[755.536,241.855,47.122,0.003,-0.858,0.514,0,0.514,0.858,-1,-0.002,0.001],"_shiftlockState":false,"_pose":"FreeFall","_animationQueue":[],"_animationSpeed":1,"_zoom":12.5},{"_mousePosition":[777,398],"_rootPartCFrame":[748.85,229.756,47.105,0.002,0,1,0,1,0,-1,0,0.002],"_humanoidState":5,"_cameraCFrame":[755.269,241.982,47.121,0.003,-0.858,0.514,0,0.514,0.858,-1,-0.002,0.001],"_shiftlockState":false,"_pose":"FreeFall","_animationQueue":[],"_animationSpeed":1,"_zoom":12.5},{"_mousePosition":[777,398],"_rootPartCFrame":[748.584,229.829,47.104,0.002,0,1,0,1,0,-1,0,0.002],"_humanoidState":5,"_cameraCFrame":[755.003,242.055,47.121,0.003,-0.858,0.514,0,0.514,0.858,-1,-0.002,0.001],"_shiftlockState":false,"_pose":"FreeFall","_animationQueue":[],"_animationSpeed":1,"_zoom":12.5},{"_mousePosition":[777,398],"_rootPartCFrame":[748.317,229.847,47.104,0.002,0,1,0,1,0,-1,0,0.002],"_humanoidState":5,"_cameraCFrame":[754.736,242.073,47.12,0.003,-0.858,0.514,0,0.514,0.858,-1,-0.002,0.001],"_shiftlockState":false,"_pose":"FreeFall","_animationQueue":[],"_animationSpeed":1,"_zoom":12.5},{"_mousePosition":[777,398],"_rootPartCFrame":[748.051,229.81,47.103,0.002,0,1,0,1,0,-1,0,0.002],"_humanoidState":5,"_cameraCFrame":[754.47,242.036,47.119,0.003,-0.858,0.514,0,0.514,0.858,-1,-0.002,0.001],"_shiftlockState":false,"_pose":"FreeFall","_animationQueue":[],"_animationSpeed":1,"_zoom":12.5},{"_mousePosition":[777,398],"_rootPartCFrame":[747.717,229.688,47.102,0.002,0,1,0,1,0,-1,0,0.002],"_humanoidState":5,"_cameraCFrame":[754.136,241.914,47.118,0.003,-0.858,0.514,0,0.514,0.858,-1,-0.002,0.001],"_shiftlockState":false,"_pose":"FreeFall","_animationQueue":[["fall",0.3]],"_animationSpeed":1,"_zoom":12.5},{"_mousePosition":[777,398],"_rootPartCFrame":[747.517,229.574,47.102,0.002,0,1,0,1,0,-1,0,0.002],"_humanoidState":5,"_cameraCFrame":[753.936,241.8,47.118,0.003,-0.858,0.514,0,0.514,0.858,-1,-0.002,0.001],"_shiftlockState":false,"_pose":"FreeFall","_animationQueue":[],"_animationSpeed":1,"_zoom":12.5},{"_mousePosition":[777,398],"_rootPartCFrame":[747.184,229.316,47.101,0.003,0,1,0,1,0,-1,0,0.003],"_humanoidState":5,"_cameraCFrame":[753.603,241.542,47.117,0.003,-0.858,0.514,0,0.514,0.858,-1,-0.002,0.001],"_shiftlockState":false,"_pose":"FreeFall","_animationQueue":[],"_animationSpeed":1,"_zoom":12.5},{"_mousePosition":[777,398],"_rootPartCFrame":[746.984,229.12,47.1,0.003,0,1,0,1,0,-1,0,0.003],"_humanoidState":5,"_cameraCFrame":[753.403,241.346,47.117,0.003,-0.858,0.514,0,0.514,0.858,-1,-0.002,0.001],"_shiftlockState":false,"_pose":"FreeFall","_animationQueue":[],"_animationSpeed":1,"_zoom":12.5},{"_mousePosition":[777,398],"_rootPartCFrame":[746.651,228.725,47.099,0.003,0,1,0,1,0,-1,0,0.003],"_humanoidState":5,"_cameraCFrame":[753.07,240.951,47.116,0.003,-0.858,0.514,0,0.514,0.858,-1,-0.002,0.001],"_shiftlockState":false,"_pose":"FreeFall","_animationQueue":[],"_animationSpeed":1,"_zoom":12.5},{"_mousePosition":[777,398],"_rootPartCFrame":[746.384,228.348,47.099,0.003,0,1,0,1,0,-1,0,0.003],"_humanoidState":5,"_cameraCFrame":[752.803,240.574,47.115,0.003,-0.858,0.514,0,0.514,0.858,-1,-0.002,0.001],"_shiftlockState":false,"_pose":"FreeFall","_animationQueue":[],"_animationSpeed":1,"_zoom":12.5},{"_mousePosition":[777,398],"_rootPartCFrame":[746.184,228.03,47.098,0.003,0,1,0,1,0,-1,0,0.003],"_humanoidState":5,"_cameraCFrame":[752.603,240.256,47.114,0.003,-0.858,0.514,0,0.514,0.858,-1,-0.002,0.001],"_shiftlockState":false,"_pose":"FreeFall","_animationQueue":[],"_animationSpeed":1,"_zoom":12.5},{"_mousePosition":[777,398],"_rootPartCFrame":[745.851,227.431,47.097,0.003,0,1,0,1,0,-1,0,0.003],"_humanoidState":5,"_cameraCFrame":[752.27,239.657,47.114,0.003,-0.858,0.514,0,0.514,0.858,-1,-0.002,0.001],"_shiftlockState":false,"_pose":"FreeFall","_animationQueue":[["fall",0.3]],"_animationSpeed":1,"_zoom":12.5},{"_mousePosition":[777,398],"_rootPartCFrame":[745.651,227.031,47.097,0.003,0,1,0,1,0,-1,0,0.003],"_humanoidState":5,"_cameraCFrame":[752.07,239.257,47.113,0.003,-0.858,0.514,0,0.514,0.858,-1,-0.002,0.001],"_shiftlockState":false,"_pose":"FreeFall","_animationQueue":[],"_animationSpeed":1,"_zoom":12.5},{"_mousePosition":[777,398],"_rootPartCFrame":[745.318,226.295,47.096,0.003,0,1,0,1,0,-1,0,0.003],"_humanoidState":5,"_cameraCFrame":[751.737,238.521,47.112,0.003,-0.858,0.514,0,0.514,0.858,-1,-0.002,0.001],"_shiftlockState":false,"_pose":"FreeFall","_animationQueue":[],"_animationSpeed":1,"_zoom":12.5},{"_mousePosition":[777,398],"_rootPartCFrame":[745.118,225.813,47.096,0.003,0,1,0,1,0,-1,0,0.003],"_humanoidState":5,"_cameraCFrame":[751.537,238.04,47.112,0.003,-0.858,0.514,0,0.514,0.858,-1,-0.002,0.001],"_shiftlockState":false,"_pose":"FreeFall","_animationQueue":[],"_animationSpeed":1,"_zoom":12.5},{"_mousePosition":[777,398],"_rootPartCFrame":[744.851,225.123,47.095,0.003,0,1,0,1,0,-1,0,0.003],"_humanoidState":5,"_cameraCFrame":[751.27,237.349,47.111,0.003,-0.858,0.514,0,0.514,0.858,-1,-0.002,0.001],"_shiftlockState":false,"_pose":"FreeFall","_animationQueue":[],"_animationSpeed":1,"_zoom":12.5},{"_mousePosition":[777,398],"_rootPartCFrame":[744.585,224.378,47.094,0.003,0,1,0,1,0,-1,0,0.003],"_humanoidState":5,"_cameraCFrame":[750.983,236.617,47.094,0,-0.859,0.512,0,0.512,0.859,-1,0,0],"_shiftlockState":false,"_pose":"FreeFall","_animationQueue":[],"_animationSpeed":1,"_zoom":12.5},{"_mousePosition":[777,398],"_rootPartCFrame":[744.252,223.371,47.093,0.003,0,1,0,1,0,-1,0,0.003],"_humanoidState":5,"_cameraCFrame":[750.65,235.609,47.093,0,-0.859,0.512,0,0.512,0.859,-1,0,0],"_shiftlockState":false,"_pose":"FreeFall","_animationQueue":[["fall",0.3]],"_animationSpeed":1,"_zoom":12.5},{"_mousePosition":[777,398],"_rootPartCFrame":[744.052,222.725,47.093,0.002,0,1,0,1,0,-1,0,0.002],"_humanoidState":7,"_cameraCFrame":[750.45,234.964,47.077,-0.003,-0.859,0.512,0,0.512,0.859,-1,0.002,-0.001],"_shiftlockState":false,"_pose":"FreeFall","_animationQueue":[["walk",0.1],["fall",0.3],["fall",0.3]],"_animationSpeed":1,"_zoom":12.5},{"_mousePosition":[777,398],"_rootPartCFrame":[743.718,222.36,47.093,0.002,0,1,0,1,0,-1,0,0.002],"_humanoidState":7,"_cameraCFrame":[750.116,234.598,47.077,-0.003,-0.859,0.512,0,0.512,0.859,-1,0.002,-0.001],"_shiftlockState":false,"_pose":"FreeFall","_animationQueue":[],"_animationSpeed":1,"_zoom":12.5},{"_mousePosition":[777,398],"_rootPartCFrame":[743.518,222.447,47.094,0.002,0,1,0,1,0,-1,0,0.002],"_humanoidState":7,"_cameraCFrame":[749.916,234.686,47.078,-0.003,-0.859,0.512,0,0.512,0.859,-1,0.002,-0.001],"_shiftlockState":false,"_pose":"FreeFall","_animationQueue":[],"_animationSpeed":1,"_zoom":12.5},{"_mousePosition":[777,398],"_rootPartCFrame":[743.185,222.573,47.095,0.001,0,1,0,1,0,-1,0,0.001],"_humanoidState":8,"_cameraCFrame":[749.583,234.812,47.078,-0.003,-0.859,0.512,0,0.512,0.859,-1,0.002,-0.001],"_shiftlockState":false,"_pose":"Running","_animationQueue":[["walk",0.1],["fall",0.3],["walk",0.1]],"_animationSpeed":1.103,"_zoom":12.5},{"_mousePosition":[777,398],"_rootPartCFrame":[742.918,222.631,47.095,0,0,1,0,1,0,-1,0,0],"_humanoidState":8,"_cameraCFrame":[749.316,234.869,47.079,-0.003,-0.859,0.512,0,0.512,0.859,-1,0.002,-0.001],"_shiftlockState":false,"_pose":"Running","_animationQueue":[],"_animationSpeed":1.103,"_zoom":12.5},{"_mousePosition":[777,398],"_rootPartCFrame":[742.652,222.662,47.096,0,0,1,0,1,0,-1,0,0],"_humanoidState":8,"_cameraCFrame":[749.05,234.901,47.08,-0.003,-0.859,0.512,0,0.512,0.859,-1,0.002,-0.001],"_shiftlockState":false,"_pose":"Running","_animationQueue":[],"_animationSpeed":1.103,"_zoom":12.5},{"_mousePosition":[777,398],"_rootPartCFrame":[742.385,222.679,47.097,0,0,1,0,1,0,-1,0,0],"_humanoidState":8,"_cameraCFrame":[748.783,234.918,47.08,-0.003,-0.859,0.512,0,0.512,0.859,-1,0.002,-0.001],"_shiftlockState":false,"_pose":"Running","_animationQueue":[["walk",0.1]],"_animationSpeed":1.103,"_zoom":12.5},{"_mousePosition":[777,398],"_rootPartCFrame":[742.118,222.689,47.097,-0.001,0,1,0,1,0,-1,0,-0.001],"_humanoidState":8,"_cameraCFrame":[748.516,234.927,47.081,-0.003,-0.859,0.512,0,0.512,0.859,-1,0.002,-0.001],"_shiftlockState":false,"_pose":"Running","_animationQueue":[],"_animationSpeed":1.103,"_zoom":12.5},{"_mousePosition":[777,398],"_rootPartCFrame":[741.851,222.694,47.098,-0.001,0,1,0,1,0,-1,0,-0.001],"_humanoidState":8,"_cameraCFrame":[748.249,234.932,47.082,-0.003,-0.859,0.512,0,0.512,0.859,-1,0.002,-0.001],"_shiftlockState":false,"_pose":"Running","_animationQueue":[],"_animationSpeed":1.103,"_zoom":12.5},{"_mousePosition":[777,398],"_rootPartCFrame":[741.585,222.696,47.099,-0.001,0,1,0,1,0,-1,0,-0.001],"_humanoidState":8,"_cameraCFrame":[747.983,234.935,47.082,-0.003,-0.859,0.512,0,0.512,0.859,-1,0.002,-0.001],"_shiftlockState":false,"_pose":"Running","_animationQueue":[],"_anima