[{"_mousePosition":[668,443],"_rootPartCFrame":[776.028,222.7,47.142,0,0,1,0,1,0,-1,0,0],"_humanoidState":8,"_cameraCFrame":[787.857,235.158,47.012,-0.011,-0.68,0.734,0,0.734,0.68,-1,0.007,-0.008],"_shiftlockState":false,"_pose":"Standing","_animationQueue":[],"_animationSpeed":1,"_zoom":16.125},{"_mousePosition":[668,443],"_rootPartCFrame":[775.856,222.695,47.144,-0.001,0,1,0,1,0,-1,0,-0.001],"_humanoidState":8,"_cameraCFrame":[787.599,235.245,47.015,-0.011,-0.685,0.728,0,0.728,0.685,-1,0.008,-0.008],"_shiftlockState":false,"_pose":"Standing","_animationQueue":[],"_animationSpeed":1,"_zoom":16.125},{"_mousePosition":[668,443],"_rootPartCFrame":[775.592,222.696,47.147,-0.003,0,1,0,1,0,-1,0,-0.003],"_humanoidState":8,"_cameraCFrame":[787.227,235.36,47.049,-0.008,-0.692,0.722,0,0.722,0.692,-1,0.006,-0.006],"_shiftlockState":false,"_pose":"Running","_animationQueue":[["walk",0.1]],"_animationSpeed":1.003,"_zoom":16.125},{"_mousePosition":[668,443],"_rootPartCFrame":[775.325,222.698,47.15,-0.004,0,1,0,1,0,-1,0,-0.004],"_humanoidState":8,"_cameraCFrame":[786.785,235.542,47.111,-0.003,-0.703,0.711,0,0.711,0.703,-1,0.002,-0.002],"_shiftlockState":false,"_pose":"Running","_animationQueue":[["walk",0.1],["walk",0.1]],"_animationSpeed":1.101,"_zoom":16.125},{"_mousePosition":[668,443],"_rootPartCFrame":[775.058,222.699,47.153,-0.004,0,1,0,1,0,-1,0,-0.004],"_humanoidState":8,"_cameraCFrame":[786.273,235.786,47.143,-0.001,-0.719,0.695,0,0.695,0.719,-1,0.001,-0.001],"_shiftlockState":false,"_pose":"Running","_animationQueue":[],"_animationSpeed":1.101,"_zoom":16.125},{"_mousePosition":[668,443],"_rootPartCFrame":[774.792,222.699,47.154,-0.004,0,1,0,1,0,-1,0,-0.004],"_humanoidState":8,"_cameraCFrame":[785.709,236.066,47.199,0.004,-0.736,0.677,0,0.677,0.736,-1,-0.003,0.003],"_shiftlockState":false,"_pose":"Running","_animationQueue":[],"_animationSpeed":1.101,"_zoom":16.125},{"_mousePosition":[668,443],"_rootPartCFrame":[774.525,222.699,47.154,-0.004,0,1,0,1,0,-1,0,-0.004],"_humanoidState":8,"_cameraCFrame":[785.114,236.36,47.252,0.009,-0.754,0.657,0,0.657,0.754,-1,-0.007,0.006],"_shiftlockState":false,"_pose":"Running","_animationQueue":[],"_animationSpeed":1.101,"_zoom":16.125},{"_mousePosition":[668,443],"_rootPartCFrame":[774.258,222.699,47.153,-0.003,0,1,0,1,0,-1,0,-0.003],"_humanoidState":8,"_cameraCFrame":[784.462,236.684,47.299,0.014,-0.774,0.633,0,0.633,0.774,-1,-0.011,0.009],"_shiftlockState":false,"_pose":"Running","_animationQueue":[],"_animationSpeed":1.101,"_zoom":16.125},{"_mousePosition":[668,443],"_rootPartCFrame":[773.992,222.7,47.15,-0.001,0,1,0,1,0,-1,0,-0.001],"_humanoidState":8,"_cameraCFrame":[783.65,237.11,47.362,0.022,-0.8,0.599,0,0.599,0.801,-1,-0.018,0.013],"_shiftlockState":false,"_pose":"Running","_animationQueue":[],"_animationSpeed":1.101,"_zoom":16.125},{"_mousePosition":[668,443],"_rootPartCFrame":[773.725,222.7,47.147,0.001,0,1,0,1,0,-1,0,0.001],"_humanoidState":8,"_cameraCFrame":[783.002,237.387,47.373,0.024,-0.818,0.575,0,0.575,0.818,-1,-0.02,0.014],"_shiftlockState":false,"_pose":"Running","_animationQueue":[["walk",0.1]],"_animationSpeed":1.101,"_zoom":16.125},{"_mousePosition":[668,443],"_rootPartCFrame":[773.458,222.7,47.141,0.003,0,1,0,1,0,-1,0,0.003],"_humanoidState":8,"_cameraCFrame":[782.424,237.601,47.36,0.024,-0.831,0.556,0,0.556,0.831,-1,-0.02,0.014],"_shiftlockState":false,"_pose":"Running","_animationQueue":[],"_animationSpeed":1.101,"_zoom":16.125},{"_mousePosition":[668,443],"_rootPartCFrame":[773.192,222.7,47.135,0.006,0,1,0,1,0,-1,0,0.006],"_humanoidState":8,"_cameraCFrame":[781.867,237.79,47.391,0.029,-0.842,0.538,0,0.538,0.843,-1,-0.025,0.016],"_shiftlockState":false,"_pose":"Running","_animationQueue":[],"_animationSpeed":1.101,"_zoom":16.125},{"_mousePosition":[668,443],"_rootPartCFrame":[772.925,222.7,47.128,0.009,0,1,0,1,0,-1,0,0.009],"_humanoidState":8,"_cameraCFrame":[781.361,237.94,47.377,0.029,-0.852,0.523,0,0.523,0.852,-1,-0.025,0.015],"_shiftlockState":false,"_pose":"Running","_animationQueue":[],"_animationSpeed":1.101,"_zoom":16.125},{"_mousePosition":[668,443],"_rootPartCFrame":[772.659,222.7,47.12,0.011,0,1,0,1,0,-1,0,0.011],"_humanoidState":8,"_cameraCFrame":[780.879,238.07,47.363,0.029,-0.86,0.51,0,0.51,0.86,-1,-0.025,0.015],"_shiftlockState":false,"_pose":"Running","_animationQueue":[],"_animationSpeed":1.101,"_zoom":16.125},{"_mousePosition":[668,443],"_rootPartCFrame":[772.392,222.7,47.112,0.014,0,1,0,1,0,-1,0,0.014],"_humanoidState":8,"_cameraCFrame":[780.396,238.196,47.349,0.029,-0.868,0.496,0,0.497,0.868,-1,-0.026,0.015],"_shiftlockState":false,"_pose":"Running","_animationQueue":[],"_animationSpeed":1.101,"_zoom":16.125},{"_mousePosition":[668,443],"_rootPartCFrame":[772.125,222.7,47.105,0.016,0,1,0,1,0,-1,0,0.016],"_humanoidState":8,"_cameraCFrame":[779.91,238.319,47.334,0.029,-0.875,0.483,0,0.483,0.876,-1,-0.026,0.014],"_shiftlockState":false,"_pose":"Running","_animationQueue":[],"_animationSpeed":1.101,"_zoom":16.125},{"_mousePosition":[668,443],"_rootPartCFrame":[771.859,222.7,47.097,0.018,0,1,0,1,0,-1,0,0.018],"_humanoidState":8,"_cameraCFrame":[779.45,238.424,47.321,0.029,-0.882,0.471,0,0.471,0.882,-1,-0.026,0.014],"_shiftlockState":false,"_pose":"Running","_animationQueue":[["walk",0.1]],"_animationSpeed":1.101,"_zoom":16.125},{"_mousePosition":[668,443],"_rootPartCFrame":[771.592,222.7,47.089,0.019,0,1,0,1,0,-1,0,0.019],"_humanoidState":8,"_cameraCFrame":[778.961,238.541,47.306,0.029,-0.889,0.457,0,0.457,0.889,-1,-0.026,0.013],"_shiftlockState":false,"_pose":"Running","_animationQueue":[],"_animationSpeed":1.101,"_zoom":16.125},{"_mousePosition":[668,443],"_rootPartCFrame":[771.326,222.7,47.081,0.021,0,1,0,1,0,-1,0,0.021],"_humanoidState":8,"_cameraCFrame":[778.47,238.654,47.292,0.029,-0.896,0.443,0,0.443,0.896,-1,-0.026,0.013],"_shiftlockState":false,"_pose":"Running","_animationQueue":[],"_animationSpeed":1.101,"_zoom":16.125},{"_mousePosition":[668,443],"_rootPartCFrame":[771.059,222.7,47.073,0.022,0,1,0,1,0,-1,0,0.022],"_humanoidState":8,"_cameraCFrame":[777.949,238.777,47.276,0.029,-0.904,0.427,0,0.427,0.904,-1,-0.027,0.013],"_shiftlockState":false,"_pose":"Running","_animationQueue":[],"_animationSpeed":1.101,"_zoom":16.125},{"_mousePosition":[668,443],"_rootPartCFrame":[770.792,222.7,47.065,0.023,0,1,0,1,0,-1,0,0.023],"_humanoidState":8,"_cameraCFrame":[777.397,238.909,47.243,0.027,-0.912,0.41,0,0.41,0.912,-1,-0.025,0.011],"_shiftlockState":false,"_pose":"Running","_animationQueue":[],"_animationSpeed":1.101,"_zoom":16.125},{"_mousePosition":[668,443],"_rootPartCFrame":[770.526,222.7,47.057,0.024,0,1,0,1,0,-1,0,0.024],"_humanoidState":8,"_cameraCFrame":[776.728,239.084,47.178,0.019,-0.923,0.385,0,0.385,0.923,-1,-0.018,0.007],"_shiftlockState":false,"_pose":"Running","_animationQueue":[],"_animationSpeed":1.101,"_zoom":16.125},{"_mousePosition":[668,443],"_rootPartCFrame":[770.259,222.666,47.05,0.025,0,1,0,1,0,-1,0,0.025],"_humanoidState":8,"_cameraCFrame":[776.171,239.168,47.119,0.012,-0.93,0.367,0,0.367,0.93,-1,-0.011,0.004],"_shiftlockState":false,"_pose":"Running","_animationQueue":[["walk",0.1]],"_animationSpeed":1.101,"_zoom":16.125},{"_mousePosition":[668,443],"_rootPartCFrame":[769.926,223.736,47.04,0.026,0,1,0,1,0,-1,0,0.026],"_humanoidState":3,"_cameraCFrame":[775.577,240.339,45.299,0.002,-0.937,0.35,0,0.35,0.937,-1,-0.002,0.001],"_shiftlockState":true,"_pose":"Jumping","_animationQueue":[["walk",0.1],["jump",0.1]],"_animationSpeed":1,"_zoom":16.125},{"_mousePosition":[683,384],"_rootPartCFrame":[769.726,224.337,47.037,0.003,0,1,0,1,0,-1,0,0.003],"_humanoidState":5,"_cameraCFrame":[775.377,240.94,45.296,0.002,-0.937,0.35,0,0.35,0.937,-1,-0.002,0.001],"_shiftlockState":true,"_pose":"FreeFall","_animationQueue":[["jump",0.1]],"_animationSpeed":1,"_zoom":16.125},{"_mousePosition":[683,384],"_rootPartCFrame":[769.459,225.091,47.036,0.002,0,1,0,1,0,-1,0,0.002],"_humanoidState":5,"_cameraCFrame":[774.929,241.759,45.281,-0.001,-0.941,0.339,0,0.339,0.941,-1,0.001,0],"_shiftlockState":true,"_pose":"FreeFall","_animationQueue":[],"_animationSpeed":1,"_zoom":16.125},{"_mousePosition":[683,384],"_rootPartCFrame":[769.193,225.79,47.035,-0.001,0,1,0,1,0,-1,0,-0.001],"_humanoidState":5,"_cameraCFrame":[774.544,242.501,45.281,-0.001,-0.943,0.332,0,0.332,0.943,-1,0.001,0],"_shiftlockState":true,"_pose":"FreeFall","_animationQueue":[],"_animationSpeed":1,"_zoom":16.125},{"_mousePosition":[683,384],"_rootPartCFrame":[768.926,226.435,47.036,-0.001,0,1,0,1,0,-1,0,-0.001],"_humanoidState":5,"_cameraCFrame":[774.214,243.166,45.268,-0.003,-0.945,0.328,0,0.328,0.945,-1,0.003,-0.001],"_shiftlockState":true,"_pose":"FreeFall","_animationQueue":[],"_animationSpeed":1,"_zoom":16.125},{"_mousePosition":[683,384],"_rootPartCFrame":[768.593,227.165,47.036,-0.003,0,1,0,1,0,-1,0,-0.003],"_humanoidState":5,"_cameraCFrame":[773.881,243.896,45.268,-0.003,-0.945,0.328,0,0.328,0.945,-1,0.003,-0.001],"_shiftlockState":true,"_pose":"FreeFall","_animationQueue":[],"_animationSpeed":1,"_zoom":16.125},{"_mousePosition":[683,384],"_rootPartCFrame":[768.393,227.561,47.036,-0.003,0,1,0,1,0,-1,0,-0.003],"_humanoidState":5,"_cameraCFrame":[773.681,244.293,45.268,-0.003,-0.945,0.328,0,0.328,0.945,-1,0.003,-0.001],"_shiftlockState":true,"_pose":"FreeFall","_animationQueue":[],"_animationSpeed":1,"_zoom":16.125},{"_mousePosition":[683,384],"_rootPartCFrame":[768.126,228.043,47.037,-0.003,0,1,0,1,0,-1,0,-0.003],"_humanoidState":5,"_cameraCFrame":[773.385,244.784,45.269,-0.003,-0.945,0.326,0,0.326,0.945,-1,0.003,-0.001],"_shiftlockState":true,"_pose":"FreeFall","_animationQueue":[],"_animationSpeed":1,"_zoom":16.125},{"_mousePosition":[683,384],"_rootPartCFrame":[767.86,228.47,47.038,-0.003,0,1,0,1,0,-1,0,-0.003],"_humanoidState":5,"_cameraCFrame":[773.054,245.232,45.257,-0.006,-0.946,0.323,0,0.323,0.946,-1,0.006,-0.002],"_shiftlockState":true,"_pose":"FreeFall","_animationQueue":[],"_animationSpeed":1,"_zoom":16.125},{"_mousePosition":[683,384],"_rootPartCFrame":[767.593,228.842,47.039,-0.006,0,1,0,1,0,-1,0,-0.006],"_humanoidState":5,"_cameraCFrame":[772.787,245.604,45.258,-0.006,-0.946,0.323,0,0.323,0.946,-1,0.006,-0.002],"_shiftlockState":true,"_pose":"FreeFall","_animationQueue":[],"_animationSpeed":1,"_zoom":16.125},{"_mousePosition":[683,384],"_rootPartCFrame":[767.327,229.16,47.041,-0.006,0,1,0,1,0,-1,0,-0.006],"_humanoidState":5,"_cameraCFrame":[772.521,245.922,45.26,-0.006,-0.946,0.323,0,0.323,0.946,-1,0.006,-0.002],"_shiftlockState":true,"_pose":"FreeFall","_animationQueue":[],"_animationSpeed":1,"_zoom":16.125},{"_mousePosition":[683,384],"_rootPartCFrame":[767.06,229.423,47.042,-0.006,0,1,0,1,0,-1,0,-0.006],"_humanoidState":5,"_cameraCFrame":[772.224,246.195,45.262,-0.006,-0.947,0.321,0,0.321,0.947,-1,0.006,-0.002],"_shiftlockState":true,"_pose":"FreeFall","_animationQueue":[],"_animationSpeed":1,"_zoom":16.125},{"_mousePosition":[683,384],"_rootPartCFrame":[766.793,229.632,47.044,-0.006,0,1,0,1,0,-1,0,-0.006],"_humanoidState":5,"_cameraCFrame":[771.889,246.424,45.238,-0.011,-0.948,0.317,0,0.317,0.948,-1,0.01,-0.003],"_shiftlockState":true,"_pose":"FreeFall","_animationQueue":[],"_animationSpeed":1,"_zoom":16.125},{"_mousePosition":[683,384],"_rootPartCFrame":[766.527,229.787,47.045,-0.011,0,1,0,1,0,-1,0,-0.011],"_humanoidState":5,"_cameraCFrame":[771.563,246.599,45.24,-0.011,-0.95,0.314,0,0.314,0.95,-1,0.01,-0.003],"_shiftlockState":true,"_pose":"FreeFall","_animationQueue":[],"_animationSpeed":1,"_zoom":16.125},{"_mousePosition":[683,384],"_rootPartCFrame":[766.26,229.887,47.048,-0.011,0,1,0,1,0,-1,0,-0.011],"_humanoidState":5,"_cameraCFrame":[771.296,246.698,45.243,-0.011,-0.95,0.314,0,0.314,0.95,-1,0.01,-0.003],"_shiftlockState":true,"_pose":"FreeFall","_animationQueue":[],"_animationSpeed":1,"_zoom":16.125},{"_mousePosition":[683,384],"_rootPartCFrame":[765.994,229.932,47.051,-0.011,0,1,0,1,0,-1,0,-0.011],"_humanoidState":5,"_cameraCFrame":[771.03,246.744,45.246,-0.011,-0.95,0.314,0,0.314,0.95,-1,0.01,-0.003],"_shiftlockState":true,"_pose":"FreeFall","_animationQueue":[],"_animationSpeed":1,"_zoom":16.125},{"_mousePosition":[683,384],"_rootPartCFrame":[765.727,229.923,47.054,-0.011,0,1,0,1,0,-1,0,-0.011],"_humanoidState":5,"_cameraCFrame":[770.763,246.735,45.248,-0.011,-0.95,0.314,0,0.314,0.95,-1,0.01,-0.003],"_shiftlockState":true,"_pose":"FreeFall","_animationQueue":[],"_animationSpeed":1,"_zoom":16.125},{"_mousePosition":[683,384],"_rootPartCFrame":[765.46,229.859,47.057,-0.011,0,1,0,1,0,-1,0,-0.011],"_humanoidState":5,"_cameraCFrame":[770.497,246.671,45.251,-0.011,-0.95,0.314,0,0.314,0.95,-1,0.01,-0.003],"_shiftlockState":true,"_pose":"FreeFall","_animationQueue":[],"_animationSpeed":1,"_zoom":16.125},{"_mousePosition":[683,384],"_rootPartCFrame":[765.194,229.741,47.06,-0.011,0,1,0,1,0,-1,0,-0.011],"_humanoidState":5,"_cameraCFrame":[770.23,246.553,45.254,-0.011,-0.95,0.314,0,0.314,0.95,-1,0.01,-0.003],"_shiftlockState":true,"_pose":"FreeFall","_animationQueue":[],"_animationSpeed":1,"_zoom":16.125},{"_mousePosition":[683,384],"_rootPartCFrame":[764.927,229.568,47.063,-0.011,0,1,0,1,0,-1,0,-0.011],"_humanoidState":5,"_cameraCFrame":[769.963,246.38,45.257,-0.011,-0.95,0.314,0,0.314,0.95,-1,0.01,-0.003],"_shiftlockState":true,"_pose":"FreeFall","_animationQueue":[["fall",0.3]],"_animationSpeed":1,"_zoom":16.125},{"_mousePosition":[683,384],"_rootPartCFrame":[764.661,229.341,47.066,-0.011,0,1,0,1,0,-1,0,-0.011],"_humanoidState":5,"_cameraCFrame":[769.697,246.153,45.26,-0.011,-0.95,0.314,0,0.314,0.95,-1,0.01,-0.003],"_shiftlockState":true,"_pose":"FreeFall","_animationQueue":[],"_animationSpeed":1,"_zoom":16.125},{"_mousePosition":[683,384],"_rootPartCFrame":[764.394,229.06,47.069,-0.011,0,1,0,1,0,-1,0,-0.011],"_humanoidState":5,"_cameraCFrame":[769.43,245.872,45.263,-0.011,-0.95,0.314,0,0.314,0.95,-1,0.01,-0.003],"_shiftlockState":true,"_pose":"FreeFall","_animationQueue":[],"_animationSpeed":1,"_zoom":16.125},{"_mousePosition":[683,384],"_rootPartCFrame":[764.127,228.724,47.072,-0.011,0,1,0,1,0,-1,0,-0.011],"_humanoidState":5,"_cameraCFrame":[769.164,245.536,45.266,-0.011,-0.95,0.314,0,0.314,0.95,-1,0.01,-0.003],"_shiftlockState":true,"_pose":"FreeFall","_animationQueue":[],"_animationSpeed":1,"_zoom":16.125},{"_mousePosition":[683,384],"_rootPartCFrame":[763.861,228.333,47.074,-0.011,0,1,0,1,0,-1,0,-0.011],"_humanoidState":5,"_cameraCFrame":[768.897,245.145,45.269,-0.011,-0.95,0.314,0,0.314,0.95,-1,0.01,-0.003],"_shiftlockState":true,"_pose":"FreeFall","_animationQueue":[],"_animationSpeed":1,"_zoom":16.125},{"_mousePosition":[683,384],"_rootPartCFrame":[763.594,227.888,47.077,-0.011,0,1,0,1,0,-1,0,-0.011],"_humanoidState":5,"_cameraCFrame":[768.63,244.7,45.272,-0.011,-0.95,0.314,0,0.314,0.95,-1,0.01,-0.003],"_shiftlockState":true,"_pose":"FreeFall","_animationQueue":[],"_animationSpeed":1,"_zoom":16.125},{"_mousePosition":[683,384],"_rootPartCFrame":[763.328,227.388,47.08,-0.011,0,1,0,1,0,-1,0,-0.011],"_humanoidState":5,"_cameraCFrame":[768.364,244.2,45.275,-0.011,-0.95,0.314,0,0.314,0.95,-1,0.01,-0.003],"_shiftlockState":true,"_pose":"FreeFall","_animationQueue":[],"_animationSpeed":1,"_zoom":16.125},{"_mousePosition":[683,384],"_rootPartCFrame":[763.061,226.834,47.083,-0.011,0,1,0,1,0,-1,0,-0.011],"_humanoidState":5,"_cameraCFrame":[768.097,243.646,45.278,-0.011,-0.95,0.314,0,0.314,0.95,-1,0.01,-0.003],"_shiftlockState":true,"_pose":"FreeFall","_animationQueue":[["fall",0.3]],"_animationSpeed":1,"_zoom":16.125},{"_mousePosition":[683,384],"_rootPartCFrame":[762.794,226.226,47.086,-0.011,0,1,0,1,0,-1,0,-0.011],"_humanoidState":5,"_cameraCFrame":[767.771,243.057,45.281,-0.011,-0.951,0.31,0,0.31,0.951,-1,0.01,-0.003],"_shiftlockState":true,"_pose":"FreeFall","_animationQueue":[],"_animationSpeed":1,"_zoom":16.125},{"_mousePosition":[683,384],"_rootPartCFrame":[762.528,225.563,47.089,-0.011,0,1,0,1,0,-1,0,-0.011],"_humanoidState":5,"_cameraCFrame":[767.445,242.413,45.285,-0.011,-0.952,0.306,0,0.306,0.952,-1,0.01,-0.003],"_shiftlockState":true,"_pose":"FreeFall","_animationQueue":[],"_animationSpeed":1,"_zoom":16.125},{"_mousePosition":[683,384],"_rootPartCFrame":[762.261,224.845,47.092,-0.011,0,1,0,1,0,-1,0,-0.011],"_humanoidState":5,"_cameraCFrame":[767.118,241.715,45.289,-0.011,-0.953,0.302,0,0.302,0.953,-1,0.01,-0.003],"_shiftlockState":true,"_pose":"FreeFall","_animationQueue":[],"_animationSpeed":1,"_zoom":16.125},{"_mousePosition":[683,384],"_rootPartCFrame":[761.995,224.073,47.095,-0.011,0,1,0,1,0,-1,0,-0.011],"_humanoidState":5,"_cameraCFrame":[766.732,240.98,45.293,-0.011,-0.955,0.295,0,0.295,0.956,-1,0.011,-0.003],"_shiftlockState":true,"_pose":"FreeFall","_animationQueue":[],"_animationSpeed":1,"_zoom":16.125},{"_mousePosition":[683,384],"_rootPartCFrame":[761.728,223.246,47.098,-0.011,0,1,0,1,0,-1,0,-0.011],"_humanoidState":5,"_cameraCFrame":[766.375,240.181,45.297,-0.011,-0.957,0.289,0,0.289,0.957,-1,0.011,-0.003],"_shiftlockState":true,"_pose":"FreeFall","_animationQueue":[],"_animationSpeed":1,"_zoom":16.125},{"_mousePosition":[683,384],"_rootPartCFrame":[761.461,222.476,47.101,-0.011,0,1,0,1,0,-1,0,-0.011],"_humanoidState":7,"_cameraCFrame":[766.018,239.438,45.301,-0.011,-0.959,0.284,0,0.284,0.959,-1,0.011,-0.003],"_shiftlockState":true,"_pose":"FreeFall","_animationQueue":[["fall",0.3],["walk",0.1],["fall",0.3],["fall",0.3]],"_animationSpeed":1,"_zoom":16.125},{"_mousePosition":[683,384],"_rootPartCFrame":[761.195,222.439,47.104,-0.011,0,1,0,1,0,-1,0,-0.011],"_humanoidState":7,"_cameraCFrame":[765.691,239.419,45.304,-0.011,-0.96,0.28,0,0.28,0.96,-1,0.011,-0.003],"_shiftlockState":true,"_pose":"FreeFall","_animationQueue":[],"_animationSpeed":1,"_zoom":16.125},{"_mousePosition":[683,384],"_rootPartCFrame":[760.928,222.537,47.107,-0.011,0,1,0,1,0,-1,0,-0.011],"_humanoidState":8,"_cameraCFrame":[765.364,239.534,45.308,-0.011,-0.961,0.276,0,0.276,0.961,-1,0.011,-0.003],"_shiftlockState":true,"_pose":"Running","_animationQueue":[["walk",0.1],["fall",0.3],["walk",0.1]],"_animationSpeed":1.103,"_zoom":16.125},{"_mousePosition":[683,384],"_rootPartCFrame":[760.662,222.609,47.11,-0.011,0,1,0,1,0,-1,0,-0.011],"_humanoidState":8,"_cameraCFrame":[765.007,239.632,45.312,-0.011,-0.963,0.271,0,0.271,0.963,-1,0.011,-0.003],"_shiftlockState":true,"_pose":"Running","_animationQueue":[],"_animationSpeed":1.103,"_zoom":16.125},{"_mousePosition":[683,384],"_rootPartCFrame":[760.395,222.65,47.113,-0.011,0,1,0,1,0,-1,0,-0.011],"_humanoidState":8,"_cameraCFrame":[764.68,239.69,45.315,-0.011,-0.964,0.267,0,0.267,0.964,-1,0.011,-0.003],"_shiftlockState":true,"_pose":"Running","_animationQueue":[],"_animationSpeed":1.103,"_zoom":16.125},{"_mousePosition":[683,384],"_rootPartCFrame":[760.128,222.673,47.116,-0.011,0,1,0,1,0,-1,0,-0.011],"_humanoidState":8,"_cameraCFrame":[764.322,239.737,45.319,-0.011,-0.965,0.261,0,0.261,0.965,-1,0.011,-0.003],"_shiftlockState":true,"_pose":"Running","_animationQueue":[],"_animationSpeed":1.103,"_zoom":16.125},{"_mousePosition":[683,384],"_rootPartCFrame":[759.862,222.685,47.118,-0.011,0,1,0,1,0,-1,0,-0.011],"_humanoidState":8,"_cameraCFrame":[763.995,239.766,45.323,-0.011,-0.966,0.258,0,0.258,0.966,-1,0.011,-0.003],"_shiftlockState":true,"_pose":"Running","_animationQueue":[["walk",0.1]],"_animationSpeed":1.103,"_zoom":16.125},{"_mousePosition":[683,384],"_rootPartCFrame":[759.595,222.692,47.121,-0.011,0,1,0,1,0,-1,0,-0.011],"_humanoidState":8,"_cameraCFrame":[763.667,239.789,45.326,-0.011,-0.967,0.254,0,0.254,0.967,-1,0.011,-0.003],"_shiftlockState":true,"_pose":"Running","_animationQueue":[],"_animationSpeed":1.103,"_zoom":16.125},{"_mousePosition":[683,384],"_rootPartCFrame":[759.329,222.695,47.124,-0.011,0,1,0,1,0,-1,0,-0.011],"_humanoidState":8,"_cameraCFrame":[763.31,239.816,45.33,-0.011,-0.969,0.248,0,0.248,0.969,-1,0.011,-0.003],"_shiftlockState":true,"_pose":"Running","_animationQueue":[],"_animationSpeed":1.103,"_zoom":16.125},{"_mousePosition":[683,384],"_rootPartCFrame":[759.062,222.697,47.127,-0.011,0,1,0,1,0,-1,0,-0.011],"_humanoidState":8,"_cameraCFrame":[762.982,239.834,45.334,-0.011,-0.97,0.244,0,0.244,0.97,-1,0.011,-0.003],"_shiftlockState":true,"_pose":"Running","_animationQueue":[],"_animationSpeed":1.103,"_zoom":16.125},{"_mousePosition":[683,384],"_rootPartCFrame":[758.795,222.698,47.13,-0.011,0,1,0,1,0,-1,0,-0.011],"_humanoidState":8,"_cameraCFrame":[762.655,239.85,45.338,-0.011,-0.971,0.241,0,0.241,0.971,-1,0.011,-0.003],"_shiftlockState":true,"_pose":"Running","_animationQueue":[],"_animationSpeed":1.103,"_zoom":16.125},{"_mousePosition":[683,384],"_rootPartCFrame":[758.529,222.699,47.133,-0.011,0,1,0,1,0,-1,0,-0.011],"_humanoidState":8,"_cameraCFrame":[762.296,239.873,45.342,-0.011,-0.972,0.235,0,0.235,0.972,-1,0.011,-0.003],"_shiftlockState":true,"_pose":"Running","_animationQueue":[],"_animationSpeed":1.103,"_zoom":16.125},{"_mousePosition":[683,384],"_rootPartCFrame":[758.262,222.699,47.136,-0.011,0,1,0,1,0,-1,0,-0.011],"_humanoidState":8,"_cameraCFrame":[761.938,239.895,45.345,-0.011,-0.973,0.229,0,0.229,0.973,-1,0.011,-0.003],"_shiftlockState":true,"_pose":"Running","_animationQueue":[],"_animationSpeed":1.103,"_zoom":16.125},{"_mousePosition":[683,384],"_rootPartCFrame":[757.996,222.699,47.139,-0.011,0,1,0,1,0,-1,0,-0.011],"_humanoidState":8,"_cameraCFrame":[761.518,239.931,45.35,-0.011,-0.976,0.22,0,0.22,0.976,-1,0.011,-0.002],"_shiftlockState":true,"_pose":"Running","_animationQueue":[["walk",0.1]],"_animationSpeed":1.103,"_zoom":16.125},{"_mousePosition":[683,384],"_rootPartCFrame":[757.729,222.666,47.142,-0.011,0,1,0,1,0,-1,0,-0.011],"_humanoidState":8,"_cameraCFrame":[761.19,239.91,45.354,-0.011,-0.976,0.216,0,0.216,0.976,-1,0.011,-0.002],"_shiftlockState":true,"_pose":"Running","_animationQueue":[],"_animationSpeed":1.103,"_zoom":16.125},{"_mousePosition":[683,384],"_rootPartCFrame":[757.462,222.577,47.145,-0.011,0,1,0,1,0,-1,0,-0.011],"_humanoidState":8,"_cameraCFrame":[760.862,239.835,45.357,-0.011,-0.977,0.212,0,0.212,0.977,-1,0.011,-0.002],"_shiftlockState":true,"_pose":"Running","_animationQueue":[],"_animationSpeed":1.103,"_zoom":16.125},{"_mousePosition":[683,384],"_rootPartCFrame":[757.196,222.434,47.148,-0.011,0,1,0,1,0,-1,0,-0.011],"_humanoidState":8,"_cameraCFrame":[760.565,239.699,45.361,-0.011,-0.978,0.21,0,0.21,0.978,-1,0.011,-0.002],"_shiftlockState":true,"_pose":"Running","_animationQueue":[],"_animationSpeed":1.103,"_zoom":16.125},{"_mousePosition":[683,384],"_rootPartCFrame":[756.929,222.237,47.151,-0.011,0,1,0,1,0,-1,0,-0.011],"_humanoidState":8,"_cameraCFrame":[760.299,239.502,45.363,-0.011,-0.978,0.21,0,0.21,0.978,-1,0.011,-0.002],"_shiftlockState":true,"_pose":"Running","_animationQueue":[],"_animationSpeed":1.103,"_zoom":16.125},{"_mousePosition":[683,384],"_rootPartCFrame":[756.663,223.1,47.154,-0.011,0,1,0,1,0,-1,0,-0.011],"_humanoidState":3,"_cameraCFrame":[760.032,240.365,45.366,-0.011,-0.978,0.21,0,0.21,0.978,-1,0.011,-0.002],"_shiftlockState":true,"_pose":"Jumping","_animationQueue":[["walk",0.1],["jump",0.1]],"_animationSpeed":1,"_zoom":16.125},{"_mousePosition":[683,384],"_rootPartCFrame":[756.396,223.908,47.157,-0.011,0,1,0,1,0,-1,0,-0.011],"_humanoidState":5,"_cameraCFrame":[759.765,241.173,45.369,-0.011,-0.978,0.21,0,0.21,0.978,-1,0.011,-0.002],"_shiftlockState":true,"_pose":"FreeFall","_animationQueue":[["jump",0.1]],"_animationSpeed":1,"_zoom":16.125},{"_mousePosition":[683,384],"_rootPartCFrame":[756.129,224.662,47.159,-0.011,0,1,0,1,0,-1,0,-0.011],"_humanoidState":5,"_cameraCFrame":[759.499,241.927,45.372,-0.011,-0.978,0.21,0,0.21,0.978,-1,0.011,-0.002],"_shiftlockState":true,"_pose":"FreeFall","_animationQueue":[],"_animationSpeed":1,"_zoom":16.125},{"_mousePosition":[683,384],"_rootPartCFrame":[755.863,225.361,47.162,-0.011,0,1,0,1,0,-1,0,-0.011],"_humanoidState":5,"_cameraCFrame":[759.232,242.626,45.375,-0.011,-0.978,0.21,0,0.21,0.978,-1,0.011,-0.002],"_shiftlockState":true,"_pose":"FreeFall","_animationQueue":[],"_animationSpeed":1,"_zoom":16.125},{"_mousePosition":[683,384],"_rootPartCFrame":[755.596,226.006,47.165,-0.011,0,1,0,1,0,-1,0,-0.011],"_humanoidState":5,"_cameraCFrame":[758.966,243.271,45.378,-0.011,-0.978,0.21,0,0.21,0.978,-1,0.011,-0.002],"_shiftlockState":true,"_pose":"FreeFall","_animationQueue":[],"_animationSpeed":1,"_zoom":16.125},{"_mousePosition":[683,384],"_rootPartCFrame":[755.33,226.597,47.168,-0.011,0,1,0,1,0,-1,0,-0.011],"_humanoidState":5,"_cameraCFrame":[758.699,243.861,45.381,-0.011,-0.978,0.21,0,0.21,0.978,-1,0.011,-0.002],"_shiftlockState":true,"_pose":"FreeFall","_animationQueue":[],"_animationSpeed":1,"_zoom":16.125},{"_mousePosition":[683,384],"_rootPartCFrame":[755.063,227.132,47.171,-0.011,0,1,0,1,0,-1,0,-0.011],"_humanoidState":5,"_cameraCFrame":[758.432,244.397,45.384,-0.011,-0.978,0.21,0,0.21,0.978,-1,0.011,-0.002],"_shiftlockState":true,"_pose":"FreeFall","_animationQueue":[],"_animationSpeed":1,"_zoom":16.125},{"_mousePosition":[683,384],"_rootPartCFrame":[754.796,227.614,47.174,-0.011,0,1,0,1,0,-1,0,-0.011],"_humanoidState":5,"_cameraCFrame":[758.166,244.879,45.387,-0.011,-0.978,0.21,0,0.21,0.978,-1,0.011,-0.002],"_shiftlockState":true,"_pose":"FreeFall","_animationQueue":[],"_animationSpeed":1,"_zoom":16.125},{"_mousePosition":[683,384],"_rootPartCFrame":[754.53,228.041,47.177,-0.011,0,1,0,1,0,-1,0,-0.011],"_humanoidState":5,"_cameraCFrame":[757.899,245.306,45.39,-0.011,-0.978,0.21,0,0.21,0.978,-1,0.011,-0.002],"_shiftlockState":true,"_pose":"FreeFall","_animationQueue":[],"_animationSpeed":1,"_zoom":16.125},{"_mousePosition":[683,384],"_rootPartCFrame":[754.263,228.413,47.18,-0.011,0,1,0,1,0,-1,0,-0.011],"_humanoidState":5,"_cameraCFrame":[757.633,245.678,45.393,-0.011,-0.978,0.21,0,0.21,0.978,-1,0.011,-0.002],"_shiftlockState":true,"_pose":"FreeFall","_animationQueue":[],"_animationSpeed":1,"_zoom":16.125},{"_mousePosition":[683,384],"_rootPartCFrame":[753.997,228.731,47.183,-0.011,0,1,0,1,0,-1,0,-0.011],"_humanoidState":5,"_cameraCFrame":[757.366,245.996,45.396,-0.011,-0.978,0.21,0,0.21,0.978,-1,0.011,-0.002],"_shiftlockState":true,"_pose":"FreeFall","_animationQueue":[],"_animationSpeed":1,"_zoom":16.125},{"_mousePosition":[683,384],"_rootPartCFrame":[753.73,228.994,47.186,-0.011,0,1,0,1,0,-1,0,-0.011],"_humanoidState":5,"_cameraCFrame":[757.099,246.259,45.399,-0.011,-0.978,0.21,0,0.21,0.978,-1,0.011,-0.002],"_shiftlockState":true,"_pose":"FreeFall","_animationQueue":[],"_animationSpeed":1,"_zoom":16.125},{"_mousePosition":[683,384],"_rootPartCFrame":[753.463,229.203,47.189,-0.011,0,1,0,1,0,-1,0,-0.011],"_humanoidState":5,"_cameraCFrame":[756.833,246.468,45.402,-0.011,-0.978,0.21,0,0.21,0.978,-1,0.011,-0.002],"_shiftlockState":true,"_pose":"FreeFall","_animationQueue":[],"_animationSpeed":1,"_zoom":16.125},{"_mousePosition":[683,384],"_rootPartCFrame":[753.197,229.358,47.192,-0.011,0,1,0,1,0,-1,0,-0.011],"_humanoidState":5,"_cameraCFrame":[756.566,246.623,45.405,-0.011,-0.978,0.21,0,0.21,0.978,-1,0.011,-0.002],"_shiftlockState":true,"_pose":"FreeFall","_animationQueue":[],"_animationSpeed":1,"_zoom":16.125},{"_mousePosition":[683,384],"_rootPartCFrame":[752.93,229.458,47.195,-0.011,0,1,0,1,0,-1,0,-0.011],"_humanoidState":5,"_cameraCFrame":[756.299,246.723,45.407,-0.011,-0.978,0.21,0,0.21,0.978,-1,0.011,-0.002],"_shiftlockState":true,"_pose":"FreeFall","_animationQueue":[],"_animationSpeed":1,"_zoom":16.125},{"_mousePosition":[683,384],"_rootPartCFrame":[752.664,229.503,47.198,-0.011,0,1,0,1,0,-1,0,-0.011],"_humanoidState":5,"_cameraCFrame":[756.033,246.768,45.41,-0.011,-0.978,0.21,0,0.21,0.978,-1,0.011,-0.002],"_shiftlockState":true,"_pose":"FreeFall","_animationQueue":[],"_animationSpeed":1,"_zoom":16.125},{"_mousePosition":[683,384],"_rootPartCFrame":[752.397,229.494,47.2,-0.011,0,1,0,1,0,-1,0,-0.011],"_humanoidState":5,"_cameraCFrame":[755.705,246.772,45.414,-0.011,-0.978,0.206,0,0.206,0.978,-1,0.011,-0.002],"_shiftlockState":true,"_pose":"FreeFall","_animationQueue":[],"_animationSpeed":1,"_zoom":16.125},{"_mousePosition":[683,384],"_rootPartCFrame":[752.13,229.43,47.203,-0.011,0,1,0,1,0,-1,0,-0.011],"_humanoidState":5,"_cameraCFrame":[755.438,246.708,45.417,-0.011,-0.978,0.206,0,0.206,0.978,-1,0.011,-0.002],"_shiftlockState":true,"_pose":"FreeFall","_animationQueue":[],"_animationSpeed":1,"_zoom":16.125},{"_mousePosition":[683,384],"_rootPartCFrame":[751.864,229.312,47.206,-0.011,0,1,0,1,0,-1,0,-0.011],"_humanoidState":5,"_cameraCFrame":[755.141,246.597,45.42,-0.011,-0.979,0.204,0,0.204,0.979,-1,0.011,-0.002],"_shiftlockState":true,"_pose":"FreeFall","_animationQueue":[],"_animationSpeed":1,"_zoom":16.125},{"_mousePosition":[683,384],"_rootPartCFrame":[751.597,229.14,47.209,-0.011,0,1,0,1,0,-1,0,-0.011],"_humanoidState":5,"_cameraCFrame":[754.839,246.43,45.415,-0.014,-0.979,0.203,0,0.203,0.979,-1,0.013,-0.003],"_shiftlockState":true,"_pose":"FreeFall","_animationQueue":[],"_animationSpeed":1,"_zoom":16.125},{"_mousePosition":[683,384],"_rootPartCFrame":[751.331,228.913,47.212,-0.013,0,1,0,1,0,-1,0,-0.013],"_humanoidState":5,"_cameraCFrame":[754.572,246.203,45.418,-0.014,-0.979,0.203,0,0.203,0.979,-1,0.013,-0.003],"_shiftlockState":true,"_pose":"FreeFall","_animationQueue":[],"_animationSpeed":1,"_zoom":16.125},{"_mousePosition":[683,384],"_rootPartCFrame":[751.064,228.631,47.216,-0.013,0,1,0,1,0,-1,0,-0.013],"_humanoidState":5,"_cameraCFrame":[754.306,245.922,45.422,-0.014,-0.979,0.203,0,0.203,0.979,-1,0.013,-0.003],"_shiftlockState":true,"_pose":"FreeFall","_animationQueue":[],"_animationSpeed":1,"_zoom":16.125},{"_mousePosition":[683,384],"_rootPartCFrame":[750.797,228.295,47.219,-0.014,0,1,0,1,0,-1,0,-0.014],"_humanoidState":5,"_cameraCFrame":[754.039,245.586,45.425,-0.014,-0.979,0.203,0,0.203,0.979,-1,0.013,-0.003],"_shiftlockState":true,"_pose":"FreeFall","_animationQueue":[["fall",0.3]],"_animationSpeed":1,"_zoom":16.125},{"_mousePosition":[683,384],"_rootPartCFrame":[750.531,227.904,47.223,-0.014,0,1,0,1,0,-1,0,-0.014],"_humanoidState":5,"_cameraCFrame":[753.737,245.201,45.421,-0.016,-0.98,0.201,0,0.201,0.98,-1,0.016,-0.003],"_shiftlockState":true,"_pose":"FreeFall","_animationQueue":[],"_animationSpeed":1,"_zoom":16.125},{"_mousePosition":[683,384],"_rootPartCFrame":[750.264,227.459,47.227,-0.016,0,1,0,1,0,-1,0,-0.016],"_humanoidState":5,"_cameraCFrame":[753.435,244.763,45.417,-0.019,-0.98,0.199,0,0.199,0.98,-1,0.018,-0.004],"_shiftlockState":true,"_pose":"FreeFall","_animationQueue":[],"_animationSpeed":1,"_zoom":16.125},{"_mousePosition":[683,384],"_rootPartCFrame":[749.997,226.96,47.231,-0.018,0,1,0,1,0,-1,0,-0.018],"_humanoidState":5,"_cameraCFrame":[753.164,244.263,45.413,-0.021,-0.98,0.199,0,0.199,0.98,-1,0.021,-0.004],"_shiftlockState":true,"_pose":"FreeFall","_animationQueue":[],"_animationSpeed":1,"_zoom":16.125},{"_mousePosition":[683,384],"_rootPartCFrame":[749.731,226.405,47.236,-0.021,0,1,0,1,0,-1,0,-0.021],"_humanoidState":5,"_cameraCFrame":[752.862,243.715,45.411,-0.024,-0.98,0.197,0,0.197,0.98,-1,0.023,-0.005],"_shiftlockState":true,"_pose":"FreeFall","_animationQueue":[],"_animationSpeed":1,"_zoom":16.125},{"_mousePosition":[683,384],"_rootPartCFrame":[749.464,225.797,47.241,-0.023,0,1,0,1,0,-1,0,-0.023],"_humanoidState":5,"_cameraCFrame":[752.596,243.106,45.417,-0.024,-0.98,0.197,0,0.197,0.98,-1,0.023,-0.005],"_shiftlockState":true,"_pose":"FreeFall","_animationQueue":[],"_animationSpeed":1,"_zoom":16.125},{"_mousePosition":[683,384],"_rootPartCFrame":[749.223,225.864,47.246,-0.024,0,1,0,1,0,-1,0,-0.024],"_humanoidState":12,"_cameraCFrame":[752.354,243.173,45.422,-0.024,-0.98,0.197,0,0.197,0.98,-1,0.023,-0.005],"_shiftlockState":true,"_pose":"Climbing","_animationQueue":[["walk",0.1],["fall",0.3],["climb",0.1],["climb",0]],"_animationSpeed":-3.145,"_zoom":16.125},{"_mousePosition":[683,384],"_rootPartCFrame":[749.251,226.013,47.245,-0.004,0,1,-0.002,1,0,-1,-0.002,-0.004],"_humanoidState":12,"_cameraCFrame":[752.382,243.322,45.417,-0.024,-0.98,0.197,0,0.197,0.98,-1,0.023,-0.005],"_shiftlockState":true,"_pose":"Climbing","_animationQueue":[["climb",0.1]],"_animationSpeed":0.853,"_zoom":16.125},{"_mousePosition":[683,384],"_rootPartCFrame":[749.31,226.197,47.244,-0.019,0,1,-0.001,1,0,-1,-0.001,-0.019],"_humanoidState":12,"_cameraCFrame":[752.441,243.507,45.418,-0.024,-0.98,0.197,0,0.197,0.98,-1,0.023,-0.005],"_shiftlockState":true,"_pose":"Climbing","_animationQueue":[],"_animationSpeed":0.853,"_zoom":16.125},{"_mousePosition":[683,384],"_rootPartCFrame":[749.329,226.384,47.243,-0.023,0,1,0,1,0,-1,0,-0.023],"_humanoidState":12,"_cameraCFrame":[752.461,243.694,45.419,-0.024,-0.98,0.197,0,0.197,0.98,-1,0.023,-0.005],"_shiftlockState":true,"_pose":"Climbing","_animationQueue":[["climb",0.1]],"_animationSpeed":0.932,"_zoom":16.125},{"_mousePosition":[683,384],"_rootPartCFrame":[749.33,226.571,47.243,-0.024,0,1,0,1,0,-1,0,-0.024],"_humanoidState":12,"_cameraCFrame":[752.461,243.88,45.419,-0.024,-0.98,0.197,0,0.197,0.98,-1,0.023,-0.005],"_shiftlockState":true,"_pose":"Climbing","_animationQueue":[["climb",0]],"_animationSpeed":0.932,"_zoom":16.125},{"_mousePosition":[683,384],"_rootPartCFrame":[749.33,226.757,47.243,-0.024,0,1,0,1,0,-1,0,-0.024],"_humanoidState":12,"_cameraCFrame":[752.461,244.067,45.419,-0.024,-0.98,0.197,0,0.197,0.98,-1,0.023,-0.005],"_shiftlockState":true,"_pose":"Climbing","_animationQueue":[],"_animationSpeed":0.932,"_zoom":16.125},{"_mousePosition":[683,384],"_rootPartCFrame":[749.33,226.944,47.243,-0.024,0,1,0,1,0,-1,0,-0.024],"_humanoidState":12,"_cameraCFrame":[752.461,244.253,45.419,-0.024,-0.98,0.197,0,0.197,0.98,-1,0.023,-0.005],"_shiftlockState":true,"_pose":"Climbing","_animationQueue":[],"_animationSpeed":0.932,"_zoom":16.125},{"_mousePosition":[683,384],"_rootPartCFrame":[749.33,227.13,47.243,-0.024,0,1,0,1,0,-1,0,-0.024],"_humanoidState":12,"_cameraCFrame":[752.461,244.44,45.419,-0.024,-0.98,0.197,0,0.197,0.98,-1,0.023,-0.005],"_shiftlockState":true,"_pose":"Climbing","_animationQueue":[],"_animationSpeed":0.932,"_zoom":16.125},{"_mousePosition":[683,384],"_rootPartCFrame":[749.33,227.317,47.243,-0.024,0,1,0,1,0,-1,0,-0.024],"_humanoidState":12,"_cameraCFrame":[752.461,244.627,45.419,-0.024,-0.98,0.197,0,0.197,0.98,-1,0.023,-0.005],"_shiftlockState":true,"_pose":"Climbing","_animationQueue":[],"_animationSpeed":0.932,"_zoom":16.125},{"_mousePosition":[683,384],"_rootPartCFrame":[749.33,227.504,47.243,-0.024,0,1,0,1,0,-1,0,-0.024],"_humanoidState":12,"_cameraCFrame":[752.461,244.813,45.419,-0.024,-0.98,0.197,0,0.197,0.98,-1,0.023,-0.005],"_shiftlockState":true,"_pose":"Climbing","_animationQueue":[],"_animationSpeed":0.932,"_zoom":16.125},{"_mousePosition":[683,384],"_rootPartCFrame":[749.33,227.69,47.243,-0.024,0,1,0,1,0,-1,0,-0.024],"_humanoidState":12,"_cameraCFrame":[752.461,245,45.419,-0.024,-0.98,0.197,0,0.197,0.98,-1,0.023,-0.005],"_shiftlockState":true,"_pose":"Climbing","_animationQueue":[],"_animationSpeed":0.932,"_zoom":16.125},{"_mousePosition":[683,384],"_rootPartCFrame":[749.33,227.877,47.243,-0.024,0,1,0,1,0,-1,0,-0.024],"_humanoidState":12,"_cameraCFrame":[752.461,245.187,45.419,-0.024,-0.98,0.197,0,0.197,0.98,-1,0.023,-0.005],"_shiftlockState":true,"_pose":"Climbing","_animationQueue":[],"_animationSpeed":0.932,"_zoom":16.125},{"_mousePosition":[683,384],"_rootPartCFrame":[749.33,228.064,47.243,-0.024,0,1,0,1,0,-1,0,-0.024],"_humanoidState":12,"_cameraCFrame":[752.461,245.373,45.419,-0.024,-0.98,0.197,0,0.197,0.98,-1,0.023,-0.005],"_shiftlockState":true,"_pose":"Climbing","_animationQueue":[],"_animationSpeed":0.932,"_zoom":16.125},{"_mousePosition":[683,384],"_rootPartCFrame":[749.33,228.25,47.243,-0.024,0,1,0,1,0,-1,0,-0.024],"_humanoidState":12,"_cameraCFrame":[752.461,245.56,45.419,-0.024,-0.98,0.197,0,0.197,0.98,-1,0.023,-0.005],"_shiftlockState":true,"_pose":"Climbing","_animationQueue":[],"_animationSpeed":0.932,"_zoom":16.125},{"_mousePosition":[683,384],"_rootPartCFrame":[749.33,228.437,47.243,-0.024,0,1,0,1,0,-1,0,-0.024],"_humanoidState":12,"_cameraCFrame":[752.461,245.747,45.419,-0.024,-0.98,0.197,0,0.197,0.98,-1,0.023,-0.005],"_shiftlockState":true,"_pose":"Climbing","_animationQueue":[],"_animationSpeed":0.932,"_zoom":16.125},{"_mousePosition":[683,384],"_rootPartCFrame":[749.33,228.624,47.243,-0.024,0,1,0,1,0,-1,0,-0.024],"_humanoidState":12,"_cameraCFrame":[752.461,245.933,45.419,-0.024,-0.98,0.197,0,0.197,0.98,-1,0.023,-0.005],"_shiftlockState":true,"_pose":"Climbing","_animationQueue":[],"_animationSpeed":0.932,"_zoom":16.125},{"_mousePosition":[683,384],"_rootPartCFrame":[749.33,228.81,47.243,-0.024,0,1,0,1,0,-1,0,-0.024],"_humanoidState":12,"_cameraCFrame":[752.461,246.12,45.419,-0.024,-0.98,0.197,0,0.197,0.98,-1,0.023,-0.005],"_shiftlockState":true,"_pose":"Climbing","_animationQueue":[],"_animationSpeed":0.932,"_zoom":16.125},{"_mousePosition":[683,384],"_rootPartCFrame":[749.33,228.997,47.243,-0.024,0,1,0,1,0,-1,0,-0.024],"_humanoidState":12,"_cameraCFrame":[752.461,246.307,45.419,-0.024,-0.98,0.197,0,0.197,0.98,-1,0.023,-0.005],"_shiftlockState":true,"_pose":"Climbing","_animationQueue":[],"_animationSpeed":0.932,"_zoom":16.125},{"_mousePosition":[683,384],"_rootPartCFrame":[749.33,229.184,47.243,-0.024,0,1,0,1,0,-1,0,-0.024],"_humanoidState":12,"_cameraCFrame":[752.461,246.493,45.419,-0.024,-0.98,0.197,0,0.197,0.98,-1,0.023,-0.005],"_shiftlockState":true,"_pose":"Climbing","_animationQueue":[],"_animationSpeed":0.932,"_zoom":16.125},{"_mousePosition":[683,384],"_rootPartCFrame":[749.33,229.37,47.243,-0.024,0,1,0,1,0,-1,0,-0.024],"_humanoidState":12,"_cameraCFrame":[752.461,246.68,45.419,-0.024,-0.98,0.197,0,0.197,0.98,-1,0.023,-0.005],"_shiftlockState":true,"_pose":"Climbing","_animationQueue":[],"_animationSpeed":0.932,"_zoom":16.125},{"_mousePosition":[683,384],"_rootPartCFrame":[749.33,229.557,47.243,-0.024,0,1,0,1,0,-1,0,-0.024],"_humanoidState":12,"_cameraCFrame":[752.461,246.866,45.419,-0.024,-0.98,0.197,0,0.197,0.98,-1,0.023,-0.005],"_shiftlockState":true,"_pose":"Climbing","_animationQueue":[],"_animationSpeed":0.932,"_zoom":16.125},{"_mousePosition":[683,384],"_rootPartCFrame":[749.33,229.743,47.243,-0.024,0,1,0,1,0,-1,0,-0.024],"_humanoidState":12,"_cameraCFrame":[752.466,247.053,45.426,-0.021,-0.98,0.197,0,0.197,0.98,-1,0.021,-0.004],"_shiftlockState":true,"_pose":"Climbing","_animationQueue":[],"_animationSpeed":0.932,"_zoom":16.125},{"_mousePosition":[683,384],"_rootPartCFrame":[749.33,229.93,47.243,-0.021,0,1,0,1,0,-1,0,-0.021],"_humanoidState":12,"_cameraCFrame":[752.47,247.24,45.434,-0.019,-0.98,0.197,0,0.197,0.98,-1,0.018,-0.004],"_shiftlockState":true,"_pose":"Climbing","_animationQueue":[],"_animationSpeed":0.932,"_zoom":16.125},{"_mousePosition":[683,384],"_rootPartCFrame":[749.33,230.117,47.243,-0.019,0,1,0,1,0,-1,0,-0.019],"_humanoidState":12,"_cameraCFrame":[752.475,247.426,45.442,-0.016,-0.98,0.197,0,0.197,0.98,-1,0.016,-0.003],"_shiftlockState":true,"_pose":"Climbing","_animationQueue":[],"_animationSpeed":0.932,"_zoom":16.125},{"_mousePosition":[683,384],"_rootPartCFrame":[749.305,230.269,47.244,-0.016,0,1,0,1,0,-1,0,-0.016],"_humanoidState":8,"_cameraCFrame":[752.455,247.579,45.451,-0.014,-0.98,0.197,0,0.197,0.98,-1,0.013,-0.003],"_shiftlockState":true,"_pose":"Standing","_animationQueue":[["climb",0.1],["idle",0.1],["idle",0.1]],"_animationSpeed":1,"_zoom":16.125},{"_mousePosition":[683,384],"_rootPartCFrame":[749.241,230.367,47.245,-0.014,0,1,0,1,0,-1,0,-0.014],"_humanoidState":5,"_cameraCFrame":[752.395,247.677,45.46,-0.011,-0.98,0.197,0,0.197,0.98,-1,0.011,-0.002],"_shiftlockState":true,"_pose":"FreeFall","_animationQueue":[["walk",0.1],["fall",0.3]],"_animationSpeed":1,"_zoom":16.125},{"_mousePosition":[683,384],"_rootPartCFrame":[749.136,230.411,47.246,-0.011,0,1,0,1,0,-1,0,-0.011],"_humanoidState":5,"_cameraCFrame":[752.295,247.721,45.47,-0.008,-0.98,0.197,0,0.197,0.98,-1,0.008,-0.002],"_shiftlockState":true,"_pose":"FreeFall","_animationQueue":[],"_animationSpeed":1,"_zoom":16.125},{"_mousePosition":[683,384],"_rootPartCFrame":[748.992,230.4,47.248,-0.009,0,1,0,1,0,-1,0,-0.009],"_humanoidStat