[{"_mousePosition":[1202,362],"_rootPartCFrame":[776.023,222.965,47.142,0.004,0.005,1,0,1,-0.005,-1,0,0.004],"_humanoidState":8,"_cameraCFrame":[787.347,240.716,47.657,0.045,-0.82,0.571,0,0.572,0.82,-0.999,-0.037,0.026],"_shiftlockState":false,"_pose":"Standing","_animationQueue":[],"_animationSpeed":1,"_zoom":19.81},{"_mousePosition":[1145,350],"_rootPartCFrame":[775.719,222.807,47.128,0.011,0,1,0,1,0,-1,0,0.011],"_humanoidState":8,"_cameraCFrame":[787.036,240.559,47.643,0.045,-0.82,0.571,0,0.572,0.82,-0.999,-0.037,0.026],"_shiftlockState":false,"_pose":"Standing","_animationQueue":[],"_animationSpeed":1,"_zoom":19.81},{"_mousePosition":[1090,336],"_rootPartCFrame":[775.587,222.725,47.122,0.013,0,1,0,1,0,-1,0,0.013],"_humanoidState":8,"_cameraCFrame":[786.903,240.477,47.637,0.045,-0.82,0.571,0,0.572,0.82,-0.999,-0.037,0.026],"_shiftlockState":false,"_pose":"Running","_animationQueue":[["walk",0.1]],"_animationSpeed":1.088,"_zoom":19.81},{"_mousePosition":[1053,326],"_rootPartCFrame":[775.187,222.622,47.104,0.02,0,1,0,1,0,-1,0,0.02],"_humanoidState":8,"_cameraCFrame":[786.504,240.373,47.619,0.045,-0.82,0.571,0,0.572,0.82,-0.999,-0.037,0.026],"_shiftlockState":false,"_pose":"Running","_animationQueue":[],"_animationSpeed":1.088,"_zoom":19.81},{"_mousePosition":[1034,320],"_rootPartCFrame":[774.921,222.651,47.092,0.023,0,1,0,1,0,-1,0,0.023],"_humanoidState":8,"_cameraCFrame":[786.238,240.403,47.607,0.045,-0.82,0.571,0,0.572,0.82,-0.999,-0.037,0.026],"_shiftlockState":false,"_pose":"Running","_animationQueue":[["walk",0.1]],"_animationSpeed":1.088,"_zoom":19.81},{"_mousePosition":[986,305],"_rootPartCFrame":[774.788,222.663,47.086,0.025,0,1,0,1,0,-1,0,0.025],"_humanoidState":8,"_cameraCFrame":[786.104,240.415,47.601,0.045,-0.82,0.571,0,0.572,0.82,-0.999,-0.037,0.026],"_shiftlockState":false,"_pose":"Running","_animationQueue":[],"_animationSpeed":1.088,"_zoom":19.81},{"_mousePosition":[968,298],"_rootPartCFrame":[774.388,222.685,47.068,0.029,0,1,0,1,0,-1,0,0.029],"_humanoidState":8,"_cameraCFrame":[785.705,240.436,47.583,0.045,-0.82,0.571,0,0.572,0.82,-0.999,-0.037,0.026],"_shiftlockState":false,"_pose":"Running","_animationQueue":[],"_animationSpeed":1.088,"_zoom":19.81},{"_mousePosition":[937,288],"_rootPartCFrame":[774.255,222.689,47.061,0.03,0,1,0,1,0,-1,0,0.03],"_humanoidState":8,"_cameraCFrame":[785.572,240.44,47.577,0.045,-0.82,0.571,0,0.572,0.82,-0.999,-0.037,0.026],"_shiftlockState":false,"_pose":"Running","_animationQueue":[],"_animationSpeed":1.088,"_zoom":19.81},{"_mousePosition":[927,286],"_rootPartCFrame":[773.856,222.695,47.043,0.033,0,0.999,0,1,0,-0.999,0,0.033],"_humanoidState":8,"_cameraCFrame":[785.172,240.447,47.559,0.045,-0.82,0.571,0,0.572,0.82,-0.999,-0.037,0.026],"_shiftlockState":false,"_pose":"Running","_animationQueue":[],"_animationSpeed":1.088,"_zoom":19.81},{"_mousePosition":[901,281],"_rootPartCFrame":[773.722,222.697,47.037,0.034,0,0.999,0,1,0,-0.999,0,0.034],"_humanoidState":8,"_cameraCFrame":[785.039,240.448,47.553,0.045,-0.82,0.571,0,0.572,0.82,-0.999,-0.037,0.026],"_shiftlockState":false,"_pose":"Running","_animationQueue":[],"_animationSpeed":1.088,"_zoom":19.81},{"_mousePosition":[887,279],"_rootPartCFrame":[773.323,222.698,47.019,0.036,0,0.999,0,1,0,-0.999,0,0.036],"_humanoidState":8,"_cameraCFrame":[784.639,240.45,47.534,0.045,-0.82,0.571,0,0.572,0.82,-0.999,-0.037,0.026],"_shiftlockState":false,"_pose":"Running","_animationQueue":[],"_animationSpeed":1.088,"_zoom":19.81},{"_mousePosition":[859,279],"_rootPartCFrame":[773.19,222.699,47.013,0.037,0,0.999,0,1,0,-0.999,0,0.037],"_humanoidState":8,"_cameraCFrame":[784.506,240.45,47.528,0.045,-0.82,0.571,0,0.572,0.82,-0.999,-0.037,0.026],"_shiftlockState":false,"_pose":"Running","_animationQueue":[["walk",0.1]],"_animationSpeed":1.088,"_zoom":19.81},{"_mousePosition":[847,279],"_rootPartCFrame":[772.79,222.699,46.995,0.039,0,0.999,0,1,0,-0.999,0,0.039],"_humanoidState":8,"_cameraCFrame":[784.107,240.451,47.51,0.045,-0.82,0.571,0,0.572,0.82,-0.999,-0.037,0.026],"_shiftlockState":false,"_pose":"Running","_animationQueue":[],"_animationSpeed":1.088,"_zoom":19.81},{"_mousePosition":[834,282],"_rootPartCFrame":[772.524,222.699,46.983,0.04,0,0.999,0,1,0,-0.999,0,0.04],"_humanoidState":8,"_cameraCFrame":[783.84,240.451,47.498,0.045,-0.82,0.571,0,0.572,0.82,-0.999,-0.037,0.026],"_shiftlockState":false,"_pose":"Running","_animationQueue":[],"_animationSpeed":1.088,"_zoom":19.81},{"_mousePosition":[830,283],"_rootPartCFrame":[772.391,222.7,46.977,0.04,0,0.999,0,1,0,-0.999,0,0.04],"_humanoidState":8,"_cameraCFrame":[783.707,240.451,47.492,0.045,-0.82,0.571,0,0.572,0.82,-0.999,-0.037,0.026],"_shiftlockState":false,"_pose":"Running","_animationQueue":[],"_animationSpeed":1.088,"_zoom":19.81},{"_mousePosition":[827,285],"_rootPartCFrame":[772.124,222.7,46.964,0.041,0,0.999,0,1,0,-0.999,0,0.041],"_humanoidState":8,"_cameraCFrame":[783.441,240.451,47.48,0.045,-0.82,0.571,0,0.572,0.82,-0.999,-0.037,0.026],"_shiftlockState":false,"_pose":"Running","_animationQueue":[],"_animationSpeed":1.088,"_zoom":19.81},{"_mousePosition":[825,285],"_rootPartCFrame":[771.858,222.7,46.952,0.041,0,0.999,0,1,0,-0.999,0,0.041],"_humanoidState":8,"_cameraCFrame":[783.174,240.451,47.468,0.045,-0.82,0.571,0,0.572,0.82,-0.999,-0.037,0.026],"_shiftlockState":false,"_pose":"Running","_animationQueue":[],"_animationSpeed":1.088,"_zoom":19.81},{"_mousePosition":[825,285],"_rootPartCFrame":[771.591,222.7,46.94,0.042,0,0.999,0,1,0,-0.999,0,0.042],"_humanoidState":8,"_cameraCFrame":[782.883,240.469,47.419,0.042,-0.821,0.57,0,0.571,0.821,-0.999,-0.035,0.024],"_shiftlockState":false,"_pose":"Running","_animationQueue":[],"_animationSpeed":1.088,"_zoom":19.81},{"_mousePosition":[825,285],"_rootPartCFrame":[771.192,222.7,46.922,0.043,0,0.999,0,1,0,-0.999,0,0.043],"_humanoidState":8,"_cameraCFrame":[782.459,240.487,47.376,0.04,-0.822,0.569,0,0.569,0.822,-0.999,-0.033,0.023],"_shiftlockState":false,"_pose":"Running","_animationQueue":[["walk",0.1]],"_animationSpeed":1.088,"_zoom":19.81},{"_mousePosition":[825,285],"_rootPartCFrame":[771.059,222.7,46.916,0.043,0,0.999,0,1,0,-0.999,0,0.043],"_humanoidState":8,"_cameraCFrame":[782.325,240.487,47.37,0.04,-0.822,0.569,0,0.569,0.822,-0.999,-0.033,0.023],"_shiftlockState":false,"_pose":"Running","_animationQueue":[],"_animationSpeed":1.088,"_zoom":19.81},{"_mousePosition":[825,285],"_rootPartCFrame":[770.792,222.7,46.905,0.042,0,0.999,0,1,0,-0.999,0,0.042],"_humanoidState":8,"_cameraCFrame":[782.046,240.497,47.347,0.039,-0.822,0.568,0,0.569,0.823,-0.999,-0.032,0.022],"_shiftlockState":false,"_pose":"Running","_animationQueue":[],"_animationSpeed":1.088,"_zoom":19.81},{"_mousePosition":[825,285],"_rootPartCFrame":[770.526,222.7,46.895,0.042,0,0.999,0,1,0,-0.999,0,0.042],"_humanoidState":8,"_cameraCFrame":[781.728,240.533,47.299,0.036,-0.824,0.566,0,0.566,0.824,-0.999,-0.03,0.02],"_shiftlockState":false,"_pose":"Running","_animationQueue":[],"_animationSpeed":1.088,"_zoom":19.81},{"_mousePosition":[825,285],"_rootPartCFrame":[770.259,223.563,46.884,0.042,0,0.999,0,1,0,-0.999,0,0.042],"_humanoidState":3,"_cameraCFrame":[781.398,241.441,47.239,0.032,-0.826,0.562,0,0.563,0.827,-0.999,-0.026,0.018],"_shiftlockState":false,"_pose":"Jumping","_animationQueue":[["walk",0.1],["jump",0.1]],"_animationSpeed":1,"_zoom":19.81},{"_mousePosition":[825,285],"_rootPartCFrame":[769.993,224.371,46.874,0.041,0,0.999,0,1,0,-0.999,0,0.041],"_humanoidState":5,"_cameraCFrame":[781.053,242.303,47.181,0.028,-0.829,0.558,0,0.559,0.829,-1,-0.023,0.015],"_shiftlockState":false,"_pose":"FreeFall","_animationQueue":[["jump",0.1]],"_animationSpeed":1,"_zoom":19.81},{"_mousePosition":[825,285],"_rootPartCFrame":[769.726,225.125,46.866,0.04,0,0.999,0,1,0,-0.999,0,0.04],"_humanoidState":5,"_cameraCFrame":[780.682,243.128,47.1,0.021,-0.833,0.553,0,0.553,0.833,-1,-0.018,0.012],"_shiftlockState":false,"_pose":"FreeFall","_animationQueue":[],"_animationSpeed":1,"_zoom":19.81},{"_mousePosition":[825,285],"_rootPartCFrame":[769.393,225.991,46.856,0.038,0,0.999,0,1,0,-0.999,0,0.038],"_humanoidState":5,"_cameraCFrame":[780.257,244.055,47.032,0.016,-0.836,0.548,0,0.548,0.836,-1,-0.014,0.009],"_shiftlockState":false,"_pose":"FreeFall","_animationQueue":[],"_animationSpeed":1,"_zoom":19.81},{"_mousePosition":[825,285],"_rootPartCFrame":[769.193,226.469,46.852,0.037,0,0.999,0,1,0,-0.999,0,0.037],"_humanoidState":5,"_cameraCFrame":[779.977,244.586,46.947,0.009,-0.839,0.544,0,0.544,0.839,-1,-0.007,0.005],"_shiftlockState":false,"_pose":"FreeFall","_animationQueue":[],"_animationSpeed":1,"_zoom":19.81},{"_mousePosition":[825,285],"_rootPartCFrame":[768.926,227.06,46.847,0.034,0,0.999,0,1,0,-0.999,0,0.034],"_humanoidState":5,"_cameraCFrame":[779.617,245.237,46.875,0.003,-0.842,0.54,0,0.54,0.842,-1,-0.002,0.001],"_shiftlockState":false,"_pose":"FreeFall","_animationQueue":[],"_animationSpeed":1,"_zoom":19.81},{"_mousePosition":[825,285],"_rootPartCFrame":[768.593,227.721,46.844,0.03,0,1,0,1,0,-1,0,0.03],"_humanoidState":5,"_cameraCFrame":[779.217,245.941,46.827,-0.002,-0.844,0.536,0,0.536,0.844,-1,0.001,-0.001],"_shiftlockState":false,"_pose":"FreeFall","_animationQueue":[],"_animationSpeed":1,"_zoom":19.81},{"_mousePosition":[825,285],"_rootPartCFrame":[768.327,228.189,46.843,0.027,0,1,0,1,0,-1,0,0.027],"_humanoidState":5,"_cameraCFrame":[778.896,246.443,46.793,-0.005,-0.846,0.534,0,0.534,0.846,-1,0.004,-0.003],"_shiftlockState":false,"_pose":"FreeFall","_animationQueue":[],"_animationSpeed":1,"_zoom":19.81},{"_mousePosition":[825,285],"_rootPartCFrame":[768.127,228.504,46.843,0.024,0,1,0,1,0,-1,0,0.024],"_humanoidState":5,"_cameraCFrame":[778.655,246.784,46.76,-0.008,-0.847,0.531,0,0.532,0.847,-1,0.007,-0.004],"_shiftlockState":false,"_pose":"FreeFall","_animationQueue":[],"_animationSpeed":1,"_zoom":19.81},{"_mousePosition":[825,285],"_rootPartCFrame":[767.793,228.961,46.845,0.019,0,1,0,1,0,-1,0,0.019],"_humanoidState":5,"_cameraCFrame":[778.295,247.258,46.751,-0.009,-0.848,0.53,0,0.53,0.848,-1,0.008,-0.005],"_shiftlockState":false,"_pose":"FreeFall","_animationQueue":[],"_animationSpeed":1,"_zoom":19.81},{"_mousePosition":[825,285],"_rootPartCFrame":[767.527,229.265,46.847,0.015,0,1,0,1,0,-1,0,0.015],"_humanoidState":5,"_cameraCFrame":[778.001,247.579,46.731,-0.011,-0.849,0.529,0,0.529,0.849,-1,0.009,-0.006],"_shiftlockState":false,"_pose":"FreeFall","_animationQueue":[],"_animationSpeed":1,"_zoom":19.81},{"_mousePosition":[825,285],"_rootPartCFrame":[767.327,229.457,46.848,0.013,0,1,0,1,0,-1,0,0.013],"_humanoidState":5,"_cameraCFrame":[777.76,247.797,46.7,-0.014,-0.85,0.527,0,0.527,0.85,-1,0.012,-0.007],"_shiftlockState":false,"_pose":"FreeFall","_animationQueue":[],"_animationSpeed":1,"_zoom":19.81},{"_mousePosition":[825,285],"_rootPartCFrame":[767.06,229.666,46.851,0.01,0,1,0,1,0,-1,0,0.01],"_humanoidState":5,"_cameraCFrame":[777.466,248.022,46.671,-0.017,-0.851,0.525,0,0.525,0.851,-1,0.015,-0.009],"_shiftlockState":false,"_pose":"FreeFall","_animationQueue":[],"_animationSpeed":1,"_zoom":19.81},{"_mousePosition":[825,285],"_rootPartCFrame":[766.794,229.821,46.855,0.006,0,1,0,1,0,-1,0,0.006],"_humanoidState":5,"_cameraCFrame":[777.185,248.185,46.664,-0.018,-0.851,0.525,0,0.525,0.851,-1,0.016,-0.01],"_shiftlockState":false,"_pose":"FreeFall","_animationQueue":[],"_animationSpeed":1,"_zoom":19.81},{"_mousePosition":[825,285],"_rootPartCFrame":[766.527,229.921,46.859,0.003,0,1,0,1,0,-1,0,0.003],"_humanoidState":5,"_cameraCFrame":[776.891,248.302,46.658,-0.019,-0.852,0.523,0,0.523,0.852,-1,0.017,-0.01],"_shiftlockState":false,"_pose":"FreeFall","_animationQueue":[],"_animationSpeed":1,"_zoom":19.81},{"_mousePosition":[825,285],"_rootPartCFrame":[766.26,229.966,46.864,0,0,1,0,1,0,-1,0,0],"_humanoidState":5,"_cameraCFrame":[776.611,248.356,46.641,-0.022,-0.852,0.522,0,0.523,0.853,-1,0.018,-0.011],"_shiftlockState":false,"_pose":"FreeFall","_animationQueue":[],"_animationSpeed":1,"_zoom":19.81},{"_mousePosition":[825,285],"_rootPartCFrame":[765.994,229.957,46.869,-0.002,0,1,0,1,0,-1,0,-0.002],"_humanoidState":5,"_cameraCFrame":[776.344,248.347,46.647,-0.022,-0.852,0.522,0,0.523,0.853,-1,0.018,-0.011],"_shiftlockState":false,"_pose":"FreeFall","_animationQueue":[["fall",0.3]],"_animationSpeed":1,"_zoom":19.81},{"_mousePosition":[825,285],"_rootPartCFrame":[765.727,229.893,46.875,-0.005,0,1,0,1,0,-1,0,-0.005],"_humanoidState":5,"_cameraCFrame":[776.077,248.283,46.652,-0.022,-0.852,0.522,0,0.523,0.853,-1,0.018,-0.011],"_shiftlockState":false,"_pose":"FreeFall","_animationQueue":[],"_animationSpeed":1,"_zoom":19.81},{"_mousePosition":[825,285],"_rootPartCFrame":[765.461,229.775,46.881,-0.007,0,1,0,1,0,-1,0,-0.007],"_humanoidState":5,"_cameraCFrame":[775.811,248.165,46.658,-0.022,-0.852,0.522,0,0.523,0.853,-1,0.018,-0.011],"_shiftlockState":false,"_pose":"FreeFall","_animationQueue":[],"_animationSpeed":1,"_zoom":19.81},{"_mousePosition":[825,285],"_rootPartCFrame":[765.194,229.603,46.886,-0.009,0,1,0,1,0,-1,0,-0.009],"_humanoidState":5,"_cameraCFrame":[775.544,247.992,46.664,-0.022,-0.852,0.522,0,0.523,0.853,-1,0.018,-0.011],"_shiftlockState":false,"_pose":"FreeFall","_animationQueue":[],"_animationSpeed":1,"_zoom":19.81},{"_mousePosition":[821,288],"_rootPartCFrame":[764.927,229.375,46.892,-0.011,0,1,0,1,0,-1,0,-0.011],"_humanoidState":5,"_cameraCFrame":[775.104,247.482,46.673,-0.022,-0.852,0.522,0,0.523,0.853,-1,0.018,-0.011],"_shiftlockState":false,"_pose":"FreeFall","_animationQueue":[],"_animationSpeed":1,"_zoom":15.448},{"_mousePosition":[821,288],"_rootPartCFrame":[764.661,229.094,46.898,-0.013,0,1,0,1,0,-1,0,-0.013],"_humanoidState":5,"_cameraCFrame":[774.441,246.553,46.687,-0.022,-0.852,0.522,0,0.523,0.853,-1,0.018,-0.011],"_shiftlockState":false,"_pose":"FreeFall","_animationQueue":[],"_animationSpeed":1,"_zoom":15.448},{"_mousePosition":[821,288],"_rootPartCFrame":[764.394,228.758,46.904,-0.014,0,1,0,1,0,-1,0,-0.014],"_humanoidState":5,"_cameraCFrame":[773.777,245.569,46.702,-0.022,-0.852,0.522,0,0.523,0.853,-1,0.018,-0.011],"_shiftlockState":false,"_pose":"FreeFall","_animationQueue":[],"_animationSpeed":1,"_zoom":15.448},{"_mousePosition":[821,288],"_rootPartCFrame":[764.128,228.367,46.909,-0.015,0,1,0,1,0,-1,0,-0.015],"_humanoidState":5,"_cameraCFrame":[773.185,244.647,46.714,-0.022,-0.852,0.522,0,0.523,0.853,-1,0.018,-0.011],"_shiftlockState":false,"_pose":"FreeFall","_animationQueue":[["fall",0.3]],"_animationSpeed":1,"_zoom":15.448},{"_mousePosition":[821,288],"_rootPartCFrame":[763.861,227.922,46.915,-0.016,0,1,0,1,0,-1,0,-0.016],"_humanoidState":5,"_cameraCFrame":[772.655,243.772,46.726,-0.022,-0.852,0.522,0,0.523,0.853,-1,0.018,-0.011],"_shiftlockState":false,"_pose":"FreeFall","_animationQueue":[],"_animationSpeed":1,"_zoom":15.448},{"_mousePosition":[821,288],"_rootPartCFrame":[763.594,227.422,46.921,-0.017,0,1,0,1,0,-1,0,-0.017],"_humanoidState":5,"_cameraCFrame":[772.174,242.924,46.736,-0.022,-0.852,0.522,0,0.523,0.853,-1,0.018,-0.011],"_shiftlockState":false,"_pose":"FreeFall","_animationQueue":[],"_animationSpeed":1,"_zoom":15.448},{"_mousePosition":[821,288],"_rootPartCFrame":[763.328,226.868,46.927,-0.017,0,1,0,1,0,-1,0,-0.017],"_humanoidState":5,"_cameraCFrame":[771.752,242.115,46.745,-0.022,-0.852,0.522,0,0.523,0.853,-1,0.018,-0.011],"_shiftlockState":false,"_pose":"FreeFall","_animationQueue":[],"_animationSpeed":1,"_zoom":15.448},{"_mousePosition":[821,288],"_rootPartCFrame":[763.061,226.26,46.932,-0.018,0,1,0,1,0,-1,0,-0.018],"_humanoidState":5,"_cameraCFrame":[771.379,241.334,46.753,-0.022,-0.852,0.522,0,0.523,0.853,-1,0.018,-0.011],"_shiftlockState":false,"_pose":"FreeFall","_animationQueue":[],"_animationSpeed":1,"_zoom":15.448},{"_mousePosition":[821,288],"_rootPartCFrame":[762.795,225.597,46.938,-0.018,0,1,0,1,0,-1,0,-0.018],"_humanoidState":5,"_cameraCFrame":[771.038,240.548,46.761,-0.022,-0.852,0.522,0,0.523,0.853,-1,0.018,-0.011],"_shiftlockState":false,"_pose":"FreeFall","_animationQueue":[],"_animationSpeed":1,"_zoom":15.448},{"_mousePosition":[825,285],"_rootPartCFrame":[762.528,224.879,46.944,-0.019,0,1,0,1,0,-1,0,-0.019],"_humanoidState":5,"_cameraCFrame":[770.745,239.715,46.767,-0.022,-0.851,0.525,0,0.525,0.851,-1,0.018,-0.011],"_shiftlockState":false,"_pose":"FreeFall","_animationQueue":[],"_animationSpeed":1,"_zoom":15.448},{"_mousePosition":[825,285],"_rootPartCFrame":[762.261,224.107,46.95,-0.019,0,1,0,1,0,-1,0,-0.019],"_humanoidState":5,"_cameraCFrame":[770.592,238.792,46.788,-0.019,-0.845,0.534,0,0.534,0.845,-1,0.016,-0.01],"_shiftlockState":false,"_pose":"FreeFall","_animationQueue":[["fall",0.3]],"_animationSpeed":1,"_zoom":15.448},{"_mousePosition":[825,285],"_rootPartCFrame":[761.995,223.28,46.955,-0.02,0,1,0,1,0,-1,0,-0.02],"_humanoidState":5,"_cameraCFrame":[770.531,237.774,46.816,-0.016,-0.836,0.549,0,0.549,0.836,-1,0.014,-0.009],"_shiftlockState":false,"_pose":"FreeFall","_animationQueue":[],"_animationSpeed":1,"_zoom":15.448},{"_mousePosition":[825,285],"_rootPartCFrame":[761.728,222.508,46.961,-0.02,0,1,0,1,0,-1,0,-0.02],"_humanoidState":7,"_cameraCFrame":[770.486,236.813,46.836,-0.014,-0.825,0.564,0,0.565,0.825,-1,0.012,-0.008],"_shiftlockState":false,"_pose":"FreeFall","_animationQueue":[["walk",0.1],["fall",0.3],["fall",0.3]],"_animationSpeed":1,"_zoom":15.448},{"_mousePosition":[825,285],"_rootPartCFrame":[761.462,222.46,46.965,-0.019,0,1,0,1,0,-1,0,-0.019],"_humanoidState":7,"_cameraCFrame":[770.462,236.568,46.847,-0.013,-0.814,0.581,0,0.581,0.814,-1,0.011,-0.008],"_shiftlockState":false,"_pose":"FreeFall","_animationQueue":[],"_animationSpeed":1,"_zoom":15.448},{"_mousePosition":[825,285],"_rootPartCFrame":[761.195,222.549,46.969,-0.019,0,1,0,1,0,-1,0,-0.019],"_humanoidState":8,"_cameraCFrame":[770.38,236.506,46.848,-0.013,-0.805,0.593,0,0.593,0.805,-1,0.011,-0.008],"_shiftlockState":false,"_pose":"Running","_animationQueue":[["walk",0.1],["fall",0.3],["walk",0.1]],"_animationSpeed":1.103,"_zoom":15.448},{"_mousePosition":[825,285],"_rootPartCFrame":[760.928,222.615,46.972,-0.018,0,1,0,1,0,-1,0,-0.018],"_humanoidState":8,"_cameraCFrame":[770.257,236.452,46.85,-0.013,-0.798,0.603,0,0.603,0.798,-1,0.01,-0.008],"_shiftlockState":false,"_pose":"Running","_animationQueue":[],"_animationSpeed":1.103,"_zoom":15.448},{"_mousePosition":[825,285],"_rootPartCFrame":[760.662,222.654,46.976,-0.017,0,1,0,1,0,-1,0,-0.017],"_humanoidState":8,"_cameraCFrame":[770.065,236.425,46.842,-0.014,-0.794,0.608,0,0.608,0.794,-1,0.011,-0.009],"_shiftlockState":false,"_pose":"Running","_animationQueue":[],"_animationSpeed":1.103,"_zoom":15.448},{"_mousePosition":[825,285],"_rootPartCFrame":[760.395,222.675,46.979,-0.017,0,1,0,1,0,-1,0,-0.017],"_humanoidState":8,"_cameraCFrame":[769.836,236.413,46.845,-0.014,-0.792,0.611,0,0.611,0.792,-1,0.011,-0.009],"_shiftlockState":false,"_pose":"Running","_animationQueue":[["walk",0.1]],"_animationSpeed":1.103,"_zoom":15.448},{"_mousePosition":[825,285],"_rootPartCFrame":[760.129,222.686,46.983,-0.016,0,1,0,1,0,-1,0,-0.016],"_humanoidState":8,"_cameraCFrame":[769.587,236.406,46.849,-0.014,-0.791,0.612,0,0.612,0.791,-1,0.011,-0.009],"_shiftlockState":false,"_pose":"Running","_animationQueue":[],"_animationSpeed":1.103,"_zoom":15.448},{"_mousePosition":[825,285],"_rootPartCFrame":[759.862,222.693,46.987,-0.016,0,1,0,1,0,-1,0,-0.016],"_humanoidState":8,"_cameraCFrame":[769.329,236.404,46.853,-0.014,-0.79,0.613,0,0.613,0.79,-1,0.011,-0.009],"_shiftlockState":false,"_pose":"Running","_animationQueue":[],"_animationSpeed":1.103,"_zoom":15.448},{"_mousePosition":[825,285],"_rootPartCFrame":[759.595,222.696,46.991,-0.016,0,1,0,1,0,-1,0,-0.016],"_humanoidState":8,"_cameraCFrame":[769.062,236.406,46.856,-0.014,-0.79,0.613,0,0.613,0.79,-1,0.011,-0.009],"_shiftlockState":false,"_pose":"Running","_animationQueue":[],"_animationSpeed":1.103,"_zoom":15.448},{"_mousePosition":[825,285],"_rootPartCFrame":[759.329,222.698,46.994,-0.016,0,1,0,1,0,-1,0,-0.016],"_humanoidState":8,"_cameraCFrame":[768.795,236.407,46.86,-0.014,-0.79,0.613,0,0.613,0.79,-1,0.011,-0.009],"_shiftlockState":false,"_pose":"Running","_animationQueue":[],"_animationSpeed":1.103,"_zoom":15.448},{"_mousePosition":[825,285],"_rootPartCFrame":[759.062,222.699,46.998,-0.015,0,1,0,1,0,-1,0,-0.015],"_humanoidState":8,"_cameraCFrame":[768.528,236.407,46.864,-0.014,-0.79,0.613,0,0.613,0.79,-1,0.011,-0.009],"_shiftlockState":false,"_pose":"Running","_animationQueue":[],"_animationSpeed":1.103,"_zoom":15.448},{"_mousePosition":[825,285],"_rootPartCFrame":[758.796,222.699,47.002,-0.015,0,1,0,1,0,-1,0,-0.015],"_humanoidState":8,"_cameraCFrame":[768.261,236.408,46.868,-0.014,-0.79,0.613,0,0.613,0.79,-1,0.011,-0.009],"_shiftlockState":false,"_pose":"Running","_animationQueue":[],"_animationSpeed":1.103,"_zoom":15.448},{"_mousePosition":[825,285],"_rootPartCFrame":[758.529,222.699,47.006,-0.015,0,1,0,1,0,-1,0,-0.015],"_humanoidState":8,"_cameraCFrame":[767.994,236.408,46.872,-0.014,-0.79,0.613,0,0.613,0.79,-1,0.011,-0.009],"_shiftlockState":false,"_pose":"Running","_animationQueue":[["walk",0.1]],"_animationSpeed":1.103,"_zoom":15.448},{"_mousePosition":[825,285],"_rootPartCFrame":[758.262,222.699,47.01,-0.015,0,1,0,1,0,-1,0,-0.015],"_humanoidState":8,"_cameraCFrame":[767.728,236.408,46.875,-0.014,-0.79,0.613,0,0.613,0.79,-1,0.011,-0.009],"_shiftlockState":false,"_pose":"Running","_animationQueue":[],"_animationSpeed":1.103,"_zoom":15.448},{"_mousePosition":[825,285],"_rootPartCFrame":[757.996,222.7,47.013,-0.015,0,1,0,1,0,-1,0,-0.015],"_humanoidState":8,"_cameraCFrame":[767.461,236.408,46.879,-0.014,-0.79,0.613,0,0.613,0.79,-1,0.011,-0.009],"_shiftlockState":false,"_pose":"Running","_animationQueue":[],"_animationSpeed":1.103,"_zoom":15.448},{"_mousePosition":[825,285],"_rootPartCFrame":[757.729,222.7,47.017,-0.015,0,1,0,1,0,-1,0,-0.015],"_humanoidState":8,"_cameraCFrame":[767.194,236.408,46.883,-0.014,-0.79,0.613,0,0.613,0.79,-1,0.011,-0.009],"_shiftlockState":false,"_pose":"Running","_animationQueue":[],"_animationSpeed":1.103,"_zoom":15.448},{"_mousePosition":[825,285],"_rootPartCFrame":[757.463,222.7,47.021,-0.015,0,1,0,1,0,-1,0,-0.015],"_humanoidState":8,"_cameraCFrame":[766.928,236.408,46.887,-0.014,-0.79,0.613,0,0.613,0.79,-1,0.011,-0.009],"_shiftlockState":false,"_pose":"Running","_animationQueue":[],"_animationSpeed":1.103,"_zoom":15.448},{"_mousePosition":[825,285],"_rootPartCFrame":[757.196,222.7,47.025,-0.015,0,1,0,1,0,-1,0,-0.015],"_humanoidState":8,"_cameraCFrame":[766.661,236.408,46.89,-0.014,-0.79,0.613,0,0.613,0.79,-1,0.011,-0.009],"_shiftlockState":false,"_pose":"Running","_animationQueue":[],"_animationSpeed":1.103,"_zoom":15.448},{"_mousePosition":[825,285],"_rootPartCFrame":[756.929,222.7,47.029,-0.015,0,1,0,1,0,-1,0,-0.015],"_humanoidState":8,"_cameraCFrame":[766.394,236.408,46.894,-0.014,-0.79,0.613,0,0.613,0.79,-1,0.011,-0.009],"_shiftlockState":false,"_pose":"Running","_animationQueue":[["walk",0.1]],"_animationSpeed":1.103,"_zoom":15.448},{"_mousePosition":[825,285],"_rootPartCFrame":[756.508,222.7,47.032,-0.015,0,1,0,1,0,-1,0,-0.015],"_humanoidState":8,"_cameraCFrame":[765.973,236.408,46.898,-0.014,-0.79,0.613,0,0.613,0.79,-1,0.011,-0.009],"_shiftlockState":false,"_pose":"Running","_animationQueue":[["walk",0.1]],"_animationSpeed":0.966,"_zoom":15.448},{"_mousePosition":[825,285],"_rootPartCFrame":[755.881,222.7,47.036,-0.014,0,1,0,1,0,-1,0,-0.014],"_humanoidState":8,"_cameraCFrame":[765.346,236.408,46.902,-0.014,-0.79,0.613,0,0.613,0.79,-1,0.011,-0.009],"_shiftlockState":false,"_pose":"Running","_animationQueue":[["walk",0.1]],"_animationSpeed":0.114,"_zoom":15.448},{"_mousePosition":[825,285],"_rootPartCFrame":[755.122,222.7,47.04,-0.014,0,1,0,1,0,-1,0,-0.014],"_humanoidState":8,"_cameraCFrame":[764.587,236.408,46.906,-0.014,-0.79,0.613,0,0.613,0.79,-1,0.011,-0.009],"_shiftlockState":false,"_pose":"Running","_animationQueue":[["walk",0.1]],"_animationSpeed":0.739,"_zoom":15.448},{"_mousePosition":[825,285],"_rootPartCFrame":[754.356,222.7,47.044,-0.014,0,1,0,1,0,-1,0,-0.014],"_humanoidState":8,"_cameraCFrame":[763.811,236.415,46.91,-0.014,-0.791,0.612,0,0.612,0.791,-1,0.011,-0.009],"_shiftlockState":false,"_pose":"Running","_animationQueue":[["walk",0.1]],"_animationSpeed":1.095,"_zoom":15.448},{"_mousePosition":[825,285],"_rootPartCFrame":[753.589,222.7,47.047,-0.014,0,1,0,1,0,-1,0,-0.014],"_humanoidState":8,"_cameraCFrame":[762.975,236.469,46.924,-0.013,-0.794,0.608,0,0.608,0.794,-1,0.01,-0.008],"_shiftlockState":false,"_pose":"Running","_animationQueue":[],"_animationSpeed":1.095,"_zoom":15.448},{"_mousePosition":[825,285],"_rootPartCFrame":[752.823,222.7,47.051,-0.014,0,1,0,1,0,-1,0,-0.014],"_humanoidState":8,"_cameraCFrame":[762.03,236.603,46.93,-0.013,-0.803,0.596,0,0.596,0.803,-1,0.011,-0.008],"_shiftlockState":false,"_pose":"Running","_animationQueue":[],"_animationSpeed":1.095,"_zoom":15.448},{"_mousePosition":[825,285],"_rootPartCFrame":[752.056,222.7,47.055,-0.014,0,1,0,1,0,-1,0,-0.014],"_humanoidState":8,"_cameraCFrame":[761.031,236.772,46.937,-0.013,-0.814,0.581,0,0.581,0.814,-1,0.011,-0.008],"_shiftlockState":false,"_pose":"Running","_animationQueue":[["walk",0.1]],"_animationSpeed":1.095,"_zoom":15.448},{"_mousePosition":[825,285],"_rootPartCFrame":[751.289,222.7,47.058,-0.014,0,1,0,1,0,-1,0,-0.014],"_humanoidState":8,"_cameraCFrame":[760.04,236.929,46.934,-0.014,-0.824,0.566,0,0.567,0.824,-1,0.012,-0.008],"_shiftlockState":false,"_pose":"Running","_animationQueue":[],"_animationSpeed":1.095,"_zoom":15.448},{"_mousePosition":[825,285],"_rootPartCFrame":[750.523,222.7,47.062,-0.014,0,1,0,1,0,-1,0,-0.014],"_humanoidState":8,"_cameraCFrame":[759.098,237.048,46.931,-0.015,-0.832,0.555,0,0.555,0.832,-1,0.013,-0.008],"_shiftlockState":false,"_pose":"Running","_animationQueue":[],"_animationSpeed":1.095,"_zoom":15.448},{"_mousePosition":[825,285],"_rootPartCFrame":[749.373,222.7,47.067,-0.014,0,1,0,1,0,-1,0,-0.014],"_humanoidState":8,"_cameraCFrame":[757.782,237.158,46.93,-0.016,-0.839,0.544,0,0.544,0.839,-1,0.014,-0.009],"_shiftlockState":false,"_pose":"Running","_animationQueue":[],"_animationSpeed":1.095,"_zoom":15.448},{"_mousePosition":[825,285],"_rootPartCFrame":[748.99,222.7,47.069,-0.014,0,1,0,1,0,-1,0,-0.014],"_humanoidState":8,"_cameraCFrame":[757.22,237.272,46.935,-0.016,-0.846,0.533,0,0.533,0.846,-1,0.014,-0.009],"_shiftlockState":false,"_pose":"Running","_animationQueue":[],"_animationSpeed":1.095,"_zoom":15.448},{"_mousePosition":[825,285],"_rootPartCFrame":[748.223,222.7,47.074,-0.014,0,1,0,1,0,-1,0,-0.014],"_humanoidState":8,"_cameraCFrame":[756.284,237.377,46.951,-0.015,-0.853,0.522,0,0.522,0.853,-1,0.013,-0.008],"_shiftlockState":false,"_pose":"Running","_animationQueue":[],"_animationSpeed":1.095,"_zoom":15.448},{"_mousePosition":[825,285],"_rootPartCFrame":[747.456,222.7,47.078,-0.015,0,1,0,1,0,-1,0,-0.015],"_humanoidState":8,"_cameraCFrame":[755.369,237.467,46.974,-0.013,-0.859,0.512,0,0.512,0.859,-1,0.011,-0.007],"_shiftlockState":false,"_pose":"Running","_animationQueue":[],"_animationSpeed":1.095,"_zoom":15.448},{"_mousePosition":[825,285],"_rootPartCFrame":[746.69,222.7,47.082,-0.015,0,1,0,1,0,-1,0,-0.015],"_humanoidState":8,"_cameraCFrame":[754.441,237.562,46.997,-0.011,-0.865,0.502,0,0.502,0.865,-1,0.01,-0.006],"_shiftlockState":false,"_pose":"Running","_animationQueue":[["walk",0.1]],"_animationSpeed":1.095,"_zoom":15.448},{"_mousePosition":[825,285],"_rootPartCFrame":[745.923,222.7,47.086,-0.015,0,1,0,1,0,-1,0,-0.015],"_humanoidState":8,"_cameraCFrame":[753.524,237.648,47.026,-0.008,-0.871,0.492,0,0.492,0.871,-1,0.007,-0.004],"_shiftlockState":false,"_pose":"Running","_animationQueue":[],"_animationSpeed":1.095,"_zoom":15.448},{"_mousePosition":[825,285],"_rootPartCFrame":[745.156,222.7,47.089,-0.014,0,1,0,1,0,-1,0,-0.014],"_humanoidState":8,"_cameraCFrame":[752.583,237.745,47.061,-0.004,-0.877,0.481,0,0.481,0.877,-1,0.003,-0.002],"_shiftlockState":false,"_pose":"Running","_animationQueue":[],"_animationSpeed":1.095,"_zoom":15.448},{"_mousePosition":[825,285],"_rootPartCFrame":[744.39,222.7,47.091,-0.013,0,1,0,1,0,-1,0,-0.013],"_humanoidState":8,"_cameraCFrame":[751.674,237.822,47.094,0,-0.882,0.472,0,0.472,0.882,-1,0,0],"_shiftlockState":false,"_pose":"Running","_animationQueue":[],"_animationSpeed":1.095,"_zoom":15.448},{"_mousePosition":[825,285],"_rootPartCFrame":[743.623,222.7,47.092,-0.012,0,1,0,1,0,-1,0,-0.012],"_humanoidState":8,"_cameraCFrame":[750.764,237.898,47.125,0.005,-0.887,0.462,0,0.462,0.887,-1,-0.004,0.002],"_shiftlockState":false,"_pose":"Running","_animationQueue":[],"_animationSpeed":1.095,"_zoom":15.448},{"_mousePosition":[825,285],"_rootPartCFrame":[742.856,222.7,47.092,-0.01,0,1,0,1,0,-1,0,-0.01],"_humanoidState":8,"_cameraCFrame":[749.864,237.967,47.147,0.008,-0.891,0.454,0,0.454,0.891,-1,-0.007,0.004],"_shiftlockState":false,"_pose":"Running","_animationQueue":[],"_animationSpeed":1.095,"_zoom":15.448},{"_mousePosition":[825,285],"_rootPartCFrame":[741.706,222.7,47.09,-0.007,0,1,0,1,0,-1,0,-0.007],"_humanoidState":8,"_cameraCFrame":[748.569,238.039,47.158,0.01,-0.896,0.444,0,0.444,0.896,-1,-0.009,0.004],"_shiftlockState":false,"_pose":"Running","_animationQueue":[["walk",0.1]],"_animationSpeed":1.095,"_zoom":15.448},{"_mousePosition":[825,285],"_rootPartCFrame":[741.323,222.7,47.089,-0.006,0,1,0,1,0,-1,0,-0.006],"_humanoidState":8,"_cameraCFrame":[747.984,238.137,47.169,0.012,-0.902,0.431,0,0.431,0.902,-1,-0.011,0.005],"_shiftlockState":false,"_pose":"Running","_animationQueue":[],"_animationSpeed":1.095,"_zoom":15.448},{"_mousePosition":[825,285],"_rootPartCFrame":[740.581,222.666,47.087,-0.004,0,1,0,1,0,-1,0,-0.004],"_humanoidState":8,"_cameraCFrame":[747.017,238.209,47.171,0.013,-0.909,0.417,0,0.417,0.909,-1,-0.012,0.005],"_shiftlockState":false,"_pose":"Running","_animationQueue":[["walk",0.1]],"_animationSpeed":3.172,"_zoom":15.448},{"_mousePosition":[825,285],"_rootPartCFrame":[739.879,222.577,47.085,-0.002,0,1,0,1,0,-1,0,-0.002],"_humanoidState":8,"_cameraCFrame":[746.019,238.252,47.178,0.015,-0.918,0.397,0,0.397,0.918,-1,-0.014,0.006],"_shiftlockState":false,"_pose":"Running","_animationQueue":[["walk",0.1]],"_animationSpeed":3.008,"_zoom":15.448},{"_mousePosition":[825,285],"_rootPartCFrame":[739.217,222.434,47.083,0,0,1,0,1,0,-1,0,0],"_humanoidState":8,"_cameraCFrame":[745.127,238.206,47.173,0.015,-0.924,0.383,0,0.383,0.924,-1,-0.014,0.006],"_shiftlockState":false,"_pose":"Running","_animationQueue":[["walk",0.1]],"_animationSpeed":2.844,"_zoom":15.448},{"_mousePosition":[825,285],"_rootPartCFrame":[738.569,223.307,47.081,0.002,0,1,0,1,0,-1,0,0.002],"_humanoidState":3,"_cameraCFrame":[744.272,239.164,47.168,0.015,-0.929,0.369,0,0.369,0.929,-1,-0.014,0.006],"_shiftlockState":false,"_pose":"Jumping","_animationQueue":[["walk",0.1],["jump",0.1]],"_animationSpeed":1,"_zoom":15.448},{"_mousePosition":[825,285],"_rootPartCFrame":[737.947,224.129,47.079,0.004,0,1,0,1,0,-1,0,0.004],"_humanoidState":5,"_cameraCFrame":[743.464,240.058,47.151,0.013,-0.934,0.357,0,0.357,0.934,-1,-0.012,0.005],"_shiftlockState":false,"_pose":"FreeFall","_animationQueue":[["jump",0.1]],"_animationSpeed":1,"_zoom":15.448},{"_mousePosition":[825,285],"_rootPartCFrame":[737.364,224.897,47.077,0.005,0,1,0,1,0,-1,0,0.005],"_humanoidState":5,"_cameraCFrame":[742.694,240.896,47.13,0.01,-0.939,0.345,0,0.345,0.939,-1,-0.009,0.003],"_shiftlockState":false,"_pose":"FreeFall","_animationQueue":[],"_animationSpeed":1,"_zoom":15.448},{"_mousePosition":[825,285],"_rootPartCFrame":[736.82,225.61,47.074,0.006,0,1,0,1,0,-1,0,0.006],"_humanoidState":5,"_cameraCFrame":[742.081,241.634,47.154,0.015,-0.94,0.341,0,0.341,0.94,-1,-0.014,0.005],"_shiftlockState":false,"_pose":"FreeFall","_animationQueue":[],"_animationSpeed":1,"_zoom":15.448},{"_mousePosition":[825,285],"_rootPartCFrame":[736.317,226.268,47.072,0.007,0,1,0,1,0,-1,0,0.007],"_humanoidState":5,"_cameraCFrame":[741.566,242.297,47.135,0.012,-0.94,0.34,0,0.34,0.941,-1,-0.011,0.004],"_shiftlockState":false,"_pose":"FreeFall","_animationQueue":[],"_animationSpeed":1,"_zoom":15.448},{"_mousePosition":[825,285],"_rootPartCFrame":[735.853,226.872,47.069,0.008,0,1,0,1,0,-1,0,0.008],"_humanoidState":5,"_cameraCFrame":[741.102,242.901,47.132,0.012,-0.94,0.34,0,0.34,0.941,-1,-0.011,0.004],"_shiftlockState":false,"_pose":"FreeFall","_animationQueue":[],"_animationSpeed":1,"_zoom":15.448},{"_mousePosition":[825,285],"_rootPartCFrame":[735.429,227.422,47.066,0.009,0,1,0,1,0,-1,0,0.009],"_humanoidState":5,"_cameraCFrame":[740.678,243.451,47.129,0.012,-0.94,0.34,0,0.34,0.941,-1,-0.011,0.004],"_shiftlockState":false,"_pose":"FreeFall","_animationQueue":[],"_animationSpeed":1,"_zoom":15.448},{"_mousePosition":[825,285],"_rootPartCFrame":[735.045,227.917,47.063,0.009,0,1,0,1,0,-1,0,0.009],"_humanoidState":5,"_cameraCFrame":[740.293,243.946,47.126,0.012,-0.94,0.34,0,0.34,0.941,-1,-0.011,0.004],"_shiftlockState":false,"_pose":"FreeFall","_animationQueue":[],"_animationSpeed":1,"_zoom":15.448},{"_mousePosition":[825,285],"_rootPartCFrame":[734.7,228.357,47.06,0.01,0,1,0,1,0,-1,0,0.01],"_humanoidState":5,"_cameraCFrame":[739.949,244.386,47.123,0.012,-0.94,0.34,0,0.34,0.941,-1,-0.011,0.004],"_shiftlockState":false,"_pose":"FreeFall","_animationQueue":[],"_animationSpeed":1,"_zoom":15.448},{"_mousePosition":[825,285],"_rootPartCFrame":[734.395,228.743,47.057,0.01,0,1,0,1,0,-1,0,0.01],"_humanoidState":5,"_cameraCFrame":[739.644,244.772,47.12,0.012,-0.94,0.34,0,0.34,0.941,-1,-0.011,0.004],"_shiftlockState":false,"_pose":"FreeFall","_animationQueue":[],"_animationSpeed":1,"_zoom":15.448},{"_mousePosition":[825,285],"_rootPartCFrame":[734.123,229.075,47.054,0.01,0,1,0,1,0,-1,0,0.01],"_humanoidState":5,"_cameraCFrame":[739.372,245.104,47.117,0.012,-0.94,0.34,0,0.34,0.941,-1,-0.011,0.004],"_shiftlockState":false,"_pose":"FreeFall","_animationQueue":[],"_animationSpeed":1,"_zoom":15.448},{"_mousePosition":[825,285],"_rootPartCFrame":[733.857,229.352,47.051,0.01,0,1,0,1,0,-1,0,0.01],"_humanoidState":5,"_cameraCFrame":[739.105,245.381,47.114,0.012,-0.94,0.34,0,0.34,0.941,-1,-0.011,0.004],"_shiftlockState":false,"_pose":"FreeFall","_animationQueue":[],"_animationSpeed":1,"_zoom":15.448},{"_mousePosition":[825,285],"_rootPartCFrame":[733.59,229.574,47.047,0.011,0,1,0,1,0,-1,0,0.011],"_humanoidState":5,"_cameraCFrame":[738.839,245.603,47.11,0.012,-0.94,0.34,0,0.34,0.941,-1,-0.011,0.004],"_shiftlockState":false,"_pose":"FreeFall","_animationQueue":[],"_animationSpeed":1,"_zoom":15.448},{"_mousePosition":[825,285],"_rootPartCFrame":[733.323,229.742,47.044,0.011,0,1,0,1,0,-1,0,0.011],"_humanoidState":5,"_cameraCFrame":[738.572,245.771,47.107,0.012,-0.94,0.34,0,0.34,0.941,-1,-0.011,0.004],"_shiftlockState":false,"_pose":"FreeFall","_animationQueue":[],"_animationSpeed":1,"_zoom":15.448},{"_mousePosition":[825,285],"_rootPartCFrame":[733.057,229.856,47.041,0.011,0,1,0,1,0,-1,0,0.011],"_humanoidState":5,"_cameraCFrame":[738.305,245.885,47.104,0.012,-0.94,0.34,0,0.34,0.941,-1,-0.011,0.004],"_shiftlockState":false,"_pose":"FreeFall","_animationQueue":[],"_animationSpeed":1,"_zoom":15.448},{"_mousePosition":[825,285],"_rootPartCFrame":[732.79,229.915,47.038,0.011,0,1,0,1,0,-1,0,0.011],"_humanoidState":5,"_cameraCFrame":[738.039,245.944,47.101,0.012,-0.94,0.34,0,0.34,0.941,-1,-0.011,0.004],"_shiftlockState":false,"_pose":"FreeFall","_animationQueue":[],"_animationSpeed":1,"_zoom":15.448},{"_mousePosition":[825,285],"_rootPartCFrame":[732.524,229.919,47.035,0.011,0,1,0,1,0,-1,0,0.011],"_humanoidState":5,"_cameraCFrame":[737.772,245.948,47.098,0.012,-0.94,0.34,0,0.34,0.941,-1,-0.011,0.004],"_shiftlockState":false,"_pose":"FreeFall","_animationQueue":[["fall",0.3]],"_animationSpeed":1,"_zoom":15.448},{"_mousePosition":[825,285],"_rootPartCFrame":[732.257,229.869,47.031,0.011,0,1,0,1,0,-1,0,0.011],"_humanoidState":5,"_cameraCFrame":[737.506,245.898,47.094,0.012,-0.94,0.34,0,0.34,0.941,-1,-0.011,0.004],"_shiftlockState":false,"_pose":"FreeFall","_animationQueue":[],"_animationSpeed":1,"_zoom":15.448},{"_mousePosition":[825,285],"_rootPartCFrame":[731.99,229.765,47.028,0.011,0,1,0,1,0,-1,0,0.011],"_humanoidState":5,"_cameraCFrame":[737.275,245.781,47.02,-0.002,-0.94,0.342,0,0.342,0.94,-1,0.002,-0.001],"_shiftlockState":false,"_pose":"FreeFall","_animationQueue":[],"_animationSpeed":1,"_zoom":15.448},{"_mousePosition":[825,285],"_rootPartCFrame":[731.724,229.606,47.025,0.012,0,1,0,1,0,-1,0,0.012],"_humanoidState":5,"_cameraCFrame":[737.008,245.622,47,-0.005,-0.94,0.342,0,0.342,0.94,-1,0.004,-0.002],"_shiftlockState":false,"_pose":"FreeFall","_animationQueue":[],"_animationSpeed":1,"_zoom":15.448},{"_mousePosition":[825,285],"_rootPartCFrame":[731.457,229.393,47.025,0.01,0,1,0,1,0,-1,0,0.01],"_humanoidState":5,"_cameraCFrame":[736.611,245.455,46.909,-0.023,-0.942,0.334,0,0.334,0.943,-1,0.021,-0.008],"_shiftlockState":false,"_pose":"FreeFall","_animationQueue":[],"_animationSpeed":1,"_zoom":15.448},{"_mousePosition":[825,285],"_rootPartCFrame":[731.191,229.125,47.026,0.008,0,1,0,1,0,-1,0,0.008],"_humanoidState":5,"_cameraCFrame":[736.205,245.232,46.692,-0.066,-0.944,0.325,0,0.325,0.946,-0.998,0.063,-0.022],"_shiftlockState":false,"_pose":"FreeFall","_animationQueue":[],"_animationSpeed":1,"_zoom":15.448},{"_mousePosition":[825,285],"_rootPartCFrame":[730.924,228.802,47.031,0.005,0,1,0,1,0,-1,0,0.005],"_humanoidState":5,"_cameraCFrame":[735.771,244.954,46.339,-0.141,-0.939,0.314,0,0.317,0.948,-0.99,0.134,-0.045],"_shiftlockState":false,"_pose":"FreeFall","_animationQueue":[["fall",0.3]],"_animationSpeed":1,"_zoom":15.448},{"_mousePosition":[825,285],"_rootPartCFrame":[730.658,228.425,47.047,-0.003,0,1,0,1,0,-1,0,-0.003],"_humanoidState":5,"_cameraCFrame":[735.164,244.343,45.847,-0.257,-0.919,0.297,0,0.308,0.951,-0.966,0.245,-0.079],"_shiftlockState":false,"_pose":"FreeFall","_animationQueue":[],"_animationSpeed":1,"_zoom":11.958},{"_mousePosition":[825,285],"_rootPartCFrame":[730.336,227.877,47.033,0.074,0,0.997,0,1,0,-0.997,0,0.074],"_humanoidState":5,"_cameraCFrame":[734.496,243.053,45.393,-0.367,-0.884,0.289,0,0.311,0.95,-0.93,0.349,-0.114],"_shiftlockState":false,"_pose":"FreeFall","_animationQueue":[],"_animationSpeed":1,"_zoom":9.167},{"_mousePosition":[825,285],"_rootPartCFrame":[730.108,227.968,47.006,0.098,0,0.995,0,1,0,-0.995,0,0.098],"_humanoidState":12,"_cameraCFrame":[733.787,242.04,44.931,-0.491,-0.826,0.277,0,0.318,0.948,-0.871,0.466,-0.156],"_shiftlockState":false,"_pose":"Climbing","_animationQueue":[["walk",0.1],["fall",0.3],["climb",0.1],["climb",0]],"_animationSpeed":-2.328,"_zoom":9.167},{"_mousePosition":[825,285],"_rootPartCFrame":[730.079,228.089,46.998,0.017,0,1,0.008,1,0,-1,0.008,0.017],"_humanoidState":12,"_cameraCFrame":[733.301,241.261,44.492,-0.616,-0.744,0.261,0,0.331,0.944,-0.788,0.581,-0.204],"_shiftlockState":false,"_pose":"Climbing","_animationQueue":[["climb",0.1]],"_animationSpeed":0.869,"_zoom":9.167},{"_mousePosition":[825,285],"_rootPartCFrame":[730.069,228.275,46.994,0,0,1,0.003,1,0,-1,0.003,0],"_humanoidState":12,"_cameraCFrame":[732.659,240.354,44.149,-0.74,-0.632,0.23,0,0.342,0.94,-0.673,0.695,-0.253],"_shiftlockState":false,"_pose":"Climbing","_animationQueue":[],"_animationSpeed":0.869,"_zoom":6.933},{"_mousePosition":[825,285],"_rootPartCFrame":[730.069,228.508,46.994,-0.002,0,1,0,1,0,-1,0,-0.002],"_humanoidState":12,"_cameraCFrame":[732.063,239.584,44.017,-0.831,-0.521,0.195,0,0.35,0.937,-0.556,0.778,-0.291],"_shiftlockState":false,"_pose":"Climbing","_animationQueue":[["climb",0.1],["climb",0]],"_animationSpeed":0.933,"_zoom":6.933},{"_mousePosition":[825,285],"_rootPartCFrame":[730.069,228.648,46.994,-0.003,0,1,0,1,0,-1,0,-0.003],"_humanoidState":12,"_cameraCFrame":[731.56,238.921,43.979,-0.896,-0.414,0.159,0,0.358,0.934,-0.443,0.837,-0.321],"_shiftlockState":false,"_pose":"Climbing","_animationQueue":[],"_animationSpeed":0.933,"_zoom":6.933},{"_mousePosition":[825,285],"_rootPartCFrame":[730.069,228.881,46.994,-0.003,0,1,0,1,0,-1,0,-0.003],"_humanoidState":12,"_cameraCFrame":[731.148,238.