[{"_mousePosition":[597,394],"_rootPartCFrame":[776.028,222.7,47.142,0,0,1,0,1,0,-1,0,0],"_humanoidState":8,"_cameraCFrame":[788.372,240.761,47.081,-0.005,-0.802,0.598,0,0.598,0.802,-1,0.004,-0.003],"_shiftlockState":false,"_pose":"Standing","_animationQueue":[],"_animationSpeed":1,"_zoom":20.656},{"_mousePosition":[597,394],"_rootPartCFrame":[775.781,222.7,47.144,-0.001,0,1,0,1,0,-1,0,-0.001],"_humanoidState":8,"_cameraCFrame":[788.125,240.761,47.082,-0.005,-0.802,0.598,0,0.598,0.802,-1,0.004,-0.003],"_shiftlockState":false,"_pose":"Standing","_animationQueue":[],"_animationSpeed":1,"_zoom":20.656},{"_mousePosition":[597,394],"_rootPartCFrame":[775.515,222.7,47.145,-0.001,0,1,0,1,0,-1,0,-0.001],"_humanoidState":8,"_cameraCFrame":[787.859,240.761,47.083,-0.005,-0.802,0.598,0,0.598,0.802,-1,0.004,-0.003],"_shiftlockState":false,"_pose":"Running","_animationQueue":[["walk",0.1]],"_animationSpeed":1.066,"_zoom":20.656},{"_mousePosition":[597,394],"_rootPartCFrame":[775.249,222.7,47.146,-0.002,0,1,0,1,0,-1,0,-0.002],"_humanoidState":8,"_cameraCFrame":[787.593,240.761,47.085,-0.005,-0.802,0.598,0,0.598,0.802,-1,0.004,-0.003],"_shiftlockState":false,"_pose":"Running","_animationQueue":[],"_animationSpeed":1.066,"_zoom":20.656},{"_mousePosition":[597,394],"_rootPartCFrame":[774.982,222.7,47.148,-0.002,0,1,0,1,0,-1,0,-0.002],"_humanoidState":8,"_cameraCFrame":[787.326,240.761,47.086,-0.005,-0.802,0.598,0,0.598,0.802,-1,0.004,-0.003],"_shiftlockState":false,"_pose":"Running","_animationQueue":[],"_animationSpeed":1.066,"_zoom":20.656},{"_mousePosition":[597,394],"_rootPartCFrame":[774.715,222.7,47.149,-0.003,0,1,0,1,0,-1,0,-0.003],"_humanoidState":8,"_cameraCFrame":[787.059,240.761,47.087,-0.005,-0.802,0.598,0,0.598,0.802,-1,0.004,-0.003],"_shiftlockState":false,"_pose":"Running","_animationQueue":[["walk",0.1]],"_animationSpeed":1.066,"_zoom":20.656},{"_mousePosition":[597,394],"_rootPartCFrame":[774.448,222.7,47.15,-0.003,0,1,0,1,0,-1,0,-0.003],"_humanoidState":8,"_cameraCFrame":[786.792,240.761,47.089,-0.005,-0.802,0.598,0,0.598,0.802,-1,0.004,-0.003],"_shiftlockState":false,"_pose":"Running","_animationQueue":[],"_animationSpeed":1.066,"_zoom":20.656},{"_mousePosition":[597,394],"_rootPartCFrame":[774.182,222.7,47.152,-0.003,0,1,0,1,0,-1,0,-0.003],"_humanoidState":8,"_cameraCFrame":[786.526,240.761,47.09,-0.005,-0.802,0.598,0,0.598,0.802,-1,0.004,-0.003],"_shiftlockState":false,"_pose":"Running","_animationQueue":[],"_animationSpeed":1.066,"_zoom":20.656},{"_mousePosition":[597,394],"_rootPartCFrame":[773.915,222.7,47.153,-0.003,0,1,0,1,0,-1,0,-0.003],"_humanoidState":8,"_cameraCFrame":[786.259,240.761,47.091,-0.005,-0.802,0.598,0,0.598,0.802,-1,0.004,-0.003],"_shiftlockState":false,"_pose":"Running","_animationQueue":[],"_animationSpeed":1.066,"_zoom":20.656},{"_mousePosition":[597,394],"_rootPartCFrame":[773.648,222.7,47.154,-0.004,0,1,0,1,0,-1,0,-0.004],"_humanoidState":8,"_cameraCFrame":[785.992,240.761,47.093,-0.005,-0.802,0.598,0,0.598,0.802,-1,0.004,-0.003],"_shiftlockState":false,"_pose":"Running","_animationQueue":[],"_animationSpeed":1.066,"_zoom":20.656},{"_mousePosition":[597,394],"_rootPartCFrame":[773.515,222.7,47.155,-0.004,0,1,0,1,0,-1,0,-0.004],"_humanoidState":8,"_cameraCFrame":[785.827,240.785,47.093,-0.005,-0.803,0.596,0,0.596,0.803,-1,0.004,-0.003],"_shiftlockState":false,"_pose":"Running","_animationQueue":[],"_animationSpeed":1.066,"_zoom":20.656},{"_mousePosition":[597,394],"_rootPartCFrame":[773.115,222.7,47.157,-0.004,0,1,0,1,0,-1,0,-0.004],"_humanoidState":8,"_cameraCFrame":[785.426,240.785,47.095,-0.005,-0.803,0.596,0,0.596,0.803,-1,0.004,-0.003],"_shiftlockState":false,"_pose":"Running","_animationQueue":[["walk",0.1]],"_animationSpeed":1.066,"_zoom":20.656},{"_mousePosition":[597,394],"_rootPartCFrame":[772.848,222.7,47.158,-0.004,0,1,0,1,0,-1,0,-0.004],"_humanoidState":8,"_cameraCFrame":[785.127,240.809,47.097,-0.005,-0.804,0.594,0,0.594,0.804,-1,0.004,-0.003],"_shiftlockState":false,"_pose":"Running","_animationQueue":[],"_animationSpeed":1.066,"_zoom":20.656},{"_mousePosition":[597,394],"_rootPartCFrame":[772.581,222.7,47.16,-0.004,0,1,0,1,0,-1,0,-0.004],"_humanoidState":8,"_cameraCFrame":[784.828,240.833,47.098,-0.005,-0.805,0.593,0,0.593,0.805,-1,0.004,-0.003],"_shiftlockState":false,"_pose":"Running","_animationQueue":[],"_animationSpeed":1.066,"_zoom":20.656},{"_mousePosition":[597,394],"_rootPartCFrame":[772.315,222.7,47.161,-0.004,0,1,0,1,0,-1,0,-0.004],"_humanoidState":8,"_cameraCFrame":[784.562,240.833,47.1,-0.005,-0.805,0.593,0,0.593,0.805,-1,0.004,-0.003],"_shiftlockState":false,"_pose":"Running","_animationQueue":[],"_animationSpeed":1.066,"_zoom":20.656},{"_mousePosition":[597,394],"_rootPartCFrame":[772.048,222.7,47.162,-0.004,0,1,0,1,0,-1,0,-0.004],"_humanoidState":8,"_cameraCFrame":[784.262,240.857,47.101,-0.005,-0.806,0.591,0,0.591,0.806,-1,0.004,-0.003],"_shiftlockState":false,"_pose":"Running","_animationQueue":[],"_animationSpeed":1.066,"_zoom":20.656},{"_mousePosition":[597,394],"_rootPartCFrame":[771.914,222.7,47.163,-0.004,0,1,0,1,0,-1,0,-0.004],"_humanoidState":8,"_cameraCFrame":[784.129,240.857,47.102,-0.005,-0.806,0.591,0,0.591,0.806,-1,0.004,-0.003],"_shiftlockState":false,"_pose":"Running","_animationQueue":[],"_animationSpeed":1.066,"_zoom":20.656},{"_mousePosition":[597,394],"_rootPartCFrame":[771.514,222.7,47.165,-0.005,0,1,0,1,0,-1,0,-0.005],"_humanoidState":8,"_cameraCFrame":[783.729,240.857,47.104,-0.005,-0.806,0.591,0,0.591,0.806,-1,0.004,-0.003],"_shiftlockState":false,"_pose":"Running","_animationQueue":[["walk",0.1]],"_animationSpeed":1.066,"_zoom":20.656},{"_mousePosition":[597,394],"_rootPartCFrame":[771.381,222.7,47.166,-0.005,0,1,0,1,0,-1,0,-0.005],"_humanoidState":8,"_cameraCFrame":[783.596,240.857,47.105,-0.005,-0.806,0.591,0,0.591,0.806,-1,0.004,-0.003],"_shiftlockState":false,"_pose":"Running","_animationQueue":[],"_animationSpeed":1.066,"_zoom":20.656},{"_mousePosition":[597,394],"_rootPartCFrame":[771.048,223.783,47.167,-0.005,0,1,0,1,0,-1,0,-0.005],"_humanoidState":3,"_cameraCFrame":[783.262,241.941,47.106,-0.005,-0.806,0.591,0,0.591,0.806,-1,0.004,-0.003],"_shiftlockState":false,"_pose":"Jumping","_animationQueue":[["walk",0.1],["jump",0.1]],"_animationSpeed":1,"_zoom":20.656},{"_mousePosition":[597,394],"_rootPartCFrame":[770.781,224.592,47.169,-0.005,0,1,0,1,0,-1,0,-0.005],"_humanoidState":5,"_cameraCFrame":[782.963,242.773,47.108,-0.005,-0.808,0.59,0,0.59,0.808,-1,0.004,-0.003],"_shiftlockState":false,"_pose":"FreeFall","_animationQueue":[["jump",0.1]],"_animationSpeed":1,"_zoom":20.656},{"_mousePosition":[597,394],"_rootPartCFrame":[770.515,225.346,47.17,-0.005,0,1,0,1,0,-1,0,-0.005],"_humanoidState":5,"_cameraCFrame":[782.697,243.527,47.109,-0.005,-0.808,0.59,0,0.59,0.808,-1,0.004,-0.003],"_shiftlockState":false,"_pose":"FreeFall","_animationQueue":[],"_animationSpeed":1,"_zoom":20.656},{"_mousePosition":[597,394],"_rootPartCFrame":[770.315,225.875,47.171,-0.005,0,1,0,1,0,-1,0,-0.005],"_humanoidState":5,"_cameraCFrame":[782.464,244.08,47.11,-0.005,-0.809,0.588,0,0.588,0.809,-1,0.004,-0.003],"_shiftlockState":false,"_pose":"FreeFall","_animationQueue":[],"_animationSpeed":1,"_zoom":20.656},{"_mousePosition":[597,394],"_rootPartCFrame":[769.981,226.69,47.173,-0.005,0,1,0,1,0,-1,0,-0.005],"_humanoidState":5,"_cameraCFrame":[782.131,244.895,47.112,-0.005,-0.809,0.588,0,0.588,0.809,-1,0.004,-0.003],"_shiftlockState":false,"_pose":"FreeFall","_animationQueue":[],"_animationSpeed":1,"_zoom":20.656},{"_mousePosition":[597,394],"_rootPartCFrame":[769.781,227.138,47.174,-0.005,0,1,0,1,0,-1,0,-0.005],"_humanoidState":5,"_cameraCFrame":[781.898,245.367,47.113,-0.005,-0.81,0.587,0,0.587,0.81,-1,0.004,-0.003],"_shiftlockState":false,"_pose":"FreeFall","_animationQueue":[],"_animationSpeed":1,"_zoom":20.656},{"_mousePosition":[597,394],"_rootPartCFrame":[769.448,227.816,47.175,-0.005,0,1,0,1,0,-1,0,-0.005],"_humanoidState":5,"_cameraCFrame":[781.565,246.045,47.115,-0.005,-0.81,0.587,0,0.587,0.81,-1,0.004,-0.003],"_shiftlockState":false,"_pose":"FreeFall","_animationQueue":[],"_animationSpeed":1,"_zoom":20.656},{"_mousePosition":[597,394],"_rootPartCFrame":[769.182,228.298,47.177,-0.005,0,1,0,1,0,-1,0,-0.005],"_humanoidState":5,"_cameraCFrame":[781.299,246.526,47.116,-0.005,-0.81,0.587,0,0.587,0.81,-1,0.004,-0.003],"_shiftlockState":false,"_pose":"FreeFall","_animationQueue":[],"_animationSpeed":1,"_zoom":20.656},{"_mousePosition":[597,394],"_rootPartCFrame":[768.982,228.623,47.178,-0.005,0,1,0,1,0,-1,0,-0.005],"_humanoidState":5,"_cameraCFrame":[781.066,246.875,47.117,-0.005,-0.811,0.585,0,0.585,0.811,-1,0.004,-0.003],"_shiftlockState":false,"_pose":"FreeFall","_animationQueue":[],"_animationSpeed":1,"_zoom":20.656},{"_mousePosition":[597,394],"_rootPartCFrame":[768.648,229.097,47.179,-0.005,0,1,0,1,0,-1,0,-0.005],"_humanoidState":5,"_cameraCFrame":[780.733,247.349,47.119,-0.005,-0.811,0.585,0,0.585,0.811,-1,0.004,-0.003],"_shiftlockState":false,"_pose":"FreeFall","_animationQueue":[],"_animationSpeed":1,"_zoom":20.656},{"_mousePosition":[597,394],"_rootPartCFrame":[768.382,229.415,47.181,-0.005,0,1,0,1,0,-1,0,-0.005],"_humanoidState":5,"_cameraCFrame":[780.466,247.667,47.12,-0.005,-0.811,0.585,0,0.585,0.811,-1,0.004,-0.003],"_shiftlockState":false,"_pose":"FreeFall","_animationQueue":[],"_animationSpeed":1,"_zoom":20.656},{"_mousePosition":[597,394],"_rootPartCFrame":[768.182,229.617,47.182,-0.005,0,1,0,1,0,-1,0,-0.005],"_humanoidState":5,"_cameraCFrame":[780.266,247.87,47.121,-0.005,-0.811,0.585,0,0.585,0.811,-1,0.004,-0.003],"_shiftlockState":false,"_pose":"FreeFall","_animationQueue":[],"_animationSpeed":1,"_zoom":20.656},{"_mousePosition":[597,394],"_rootPartCFrame":[767.915,229.84,47.183,-0.005,0,1,0,1,0,-1,0,-0.005],"_humanoidState":5,"_cameraCFrame":[780,248.092,47.122,-0.005,-0.811,0.585,0,0.585,0.811,-1,0.004,-0.003],"_shiftlockState":false,"_pose":"FreeFall","_animationQueue":[],"_animationSpeed":1,"_zoom":20.656},{"_mousePosition":[597,394],"_rootPartCFrame":[767.582,230.042,47.185,-0.005,0,1,0,1,0,-1,0,-0.005],"_humanoidState":5,"_cameraCFrame":[779.666,248.294,47.124,-0.005,-0.811,0.585,0,0.585,0.811,-1,0.004,-0.003],"_shiftlockState":false,"_pose":"FreeFall","_animationQueue":[],"_animationSpeed":1,"_zoom":20.656},{"_mousePosition":[597,394],"_rootPartCFrame":[767.315,230.141,47.186,-0.005,0,1,0,1,0,-1,0,-0.005],"_humanoidState":5,"_cameraCFrame":[779.4,248.394,47.125,-0.005,-0.811,0.585,0,0.585,0.811,-1,0.004,-0.003],"_shiftlockState":false,"_pose":"FreeFall","_animationQueue":[],"_animationSpeed":1,"_zoom":20.656},{"_mousePosition":[597,394],"_rootPartCFrame":[767.115,230.181,47.187,-0.005,0,1,0,1,0,-1,0,-0.005],"_humanoidState":5,"_cameraCFrame":[779.2,248.433,47.126,-0.005,-0.811,0.585,0,0.585,0.811,-1,0.004,-0.003],"_shiftlockState":false,"_pose":"FreeFall","_animationQueue":[],"_animationSpeed":1,"_zoom":20.656},{"_mousePosition":[597,394],"_rootPartCFrame":[766.782,230.178,47.189,-0.005,0,1,0,1,0,-1,0,-0.005],"_humanoidState":5,"_cameraCFrame":[778.834,248.453,47.128,-0.005,-0.812,0.583,0,0.583,0.812,-1,0.004,-0.003],"_shiftlockState":false,"_pose":"FreeFall","_animationQueue":[],"_animationSpeed":1,"_zoom":20.656},{"_mousePosition":[597,394],"_rootPartCFrame":[766.516,230.114,47.19,-0.005,0,1,0,1,0,-1,0,-0.005],"_humanoidState":5,"_cameraCFrame":[778.567,248.39,47.13,-0.005,-0.812,0.583,0,0.583,0.812,-1,0.004,-0.003],"_shiftlockState":false,"_pose":"FreeFall","_animationQueue":[["fall",0.3]],"_animationSpeed":1,"_zoom":20.656},{"_mousePosition":[597,394],"_rootPartCFrame":[766.249,229.996,47.191,-0.005,0,1,0,1,0,-1,0,-0.005],"_humanoidState":5,"_cameraCFrame":[778.301,248.272,47.131,-0.005,-0.812,0.583,0,0.583,0.812,-1,0.004,-0.003],"_shiftlockState":false,"_pose":"FreeFall","_animationQueue":[],"_animationSpeed":1,"_zoom":20.656},{"_mousePosition":[597,394],"_rootPartCFrame":[765.982,229.823,47.193,-0.005,0,1,0,1,0,-1,0,-0.005],"_humanoidState":5,"_cameraCFrame":[778.034,248.099,47.132,-0.005,-0.812,0.583,0,0.583,0.812,-1,0.004,-0.003],"_shiftlockState":false,"_pose":"FreeFall","_animationQueue":[],"_animationSpeed":1,"_zoom":20.656},{"_mousePosition":[597,394],"_rootPartCFrame":[765.716,229.596,47.194,-0.005,0,1,0,1,0,-1,0,-0.005],"_humanoidState":5,"_cameraCFrame":[777.767,247.872,47.134,-0.005,-0.812,0.583,0,0.583,0.812,-1,0.004,-0.003],"_shiftlockState":false,"_pose":"FreeFall","_animationQueue":[],"_animationSpeed":1,"_zoom":20.656},{"_mousePosition":[597,394],"_rootPartCFrame":[765.516,229.39,47.195,-0.005,0,1,0,1,0,-1,0,-0.005],"_humanoidState":5,"_cameraCFrame":[777.567,247.666,47.135,-0.005,-0.812,0.583,0,0.583,0.812,-1,0.004,-0.003],"_shiftlockState":false,"_pose":"FreeFall","_animationQueue":[],"_animationSpeed":1,"_zoom":20.656},{"_mousePosition":[597,394],"_rootPartCFrame":[765.183,228.979,47.196,-0.005,0,1,0,1,0,-1,0,-0.005],"_humanoidState":5,"_cameraCFrame":[777.234,247.254,47.136,-0.005,-0.812,0.583,0,0.583,0.812,-1,0.004,-0.003],"_shiftlockState":false,"_pose":"FreeFall","_animationQueue":[],"_animationSpeed":1,"_zoom":20.656},{"_mousePosition":[597,394],"_rootPartCFrame":[764.983,228.691,47.197,-0.005,0,1,0,1,0,-1,0,-0.005],"_humanoidState":5,"_cameraCFrame":[777.034,246.966,47.137,-0.005,-0.812,0.583,0,0.583,0.812,-1,0.004,-0.003],"_shiftlockState":false,"_pose":"FreeFall","_animationQueue":[],"_animationSpeed":1,"_zoom":20.656},{"_mousePosition":[597,394],"_rootPartCFrame":[764.716,228.259,47.199,-0.005,0,1,0,1,0,-1,0,-0.005],"_humanoidState":5,"_cameraCFrame":[776.768,246.535,47.139,-0.005,-0.812,0.583,0,0.583,0.812,-1,0.004,-0.003],"_shiftlockState":false,"_pose":"FreeFall","_animationQueue":[["fall",0.3]],"_animationSpeed":1,"_zoom":20.656},{"_mousePosition":[597,394],"_rootPartCFrame":[764.383,227.643,47.2,-0.005,0,1,0,1,0,-1,0,-0.005],"_humanoidState":5,"_cameraCFrame":[776.434,245.919,47.14,-0.005,-0.812,0.583,0,0.583,0.812,-1,0.004,-0.003],"_shiftlockState":false,"_pose":"FreeFall","_animationQueue":[],"_animationSpeed":1,"_zoom":20.656},{"_mousePosition":[597,394],"_rootPartCFrame":[764.183,227.233,47.201,-0.005,0,1,0,1,0,-1,0,-0.005],"_humanoidState":5,"_cameraCFrame":[776.234,245.509,47.141,-0.005,-0.812,0.583,0,0.583,0.812,-1,0.004,-0.003],"_shiftlockState":false,"_pose":"FreeFall","_animationQueue":[],"_animationSpeed":1,"_zoom":20.656},{"_mousePosition":[597,394],"_rootPartCFrame":[763.916,226.638,47.203,-0.005,0,1,0,1,0,-1,0,-0.005],"_humanoidState":5,"_cameraCFrame":[775.968,244.914,47.143,-0.005,-0.812,0.583,0,0.583,0.812,-1,0.004,-0.003],"_shiftlockState":false,"_pose":"FreeFall","_animationQueue":[],"_animationSpeed":1,"_zoom":20.656},{"_mousePosition":[597,394],"_rootPartCFrame":[763.583,225.817,47.204,-0.005,0,1,0,1,0,-1,0,-0.005],"_humanoidState":5,"_cameraCFrame":[775.635,244.093,47.144,-0.005,-0.812,0.583,0,0.583,0.812,-1,0.004,-0.003],"_shiftlockState":false,"_pose":"FreeFall","_animationQueue":[],"_animationSpeed":1,"_zoom":20.656},{"_mousePosition":[597,394],"_rootPartCFrame":[763.383,225.284,47.205,-0.005,0,1,0,1,0,-1,0,-0.005],"_humanoidState":5,"_cameraCFrame":[775.435,243.56,47.145,-0.005,-0.812,0.583,0,0.583,0.812,-1,0.004,-0.003],"_shiftlockState":false,"_pose":"FreeFall","_animationQueue":[],"_animationSpeed":1,"_zoom":20.656},{"_mousePosition":[597,394],"_rootPartCFrame":[763.05,224.328,47.207,-0.005,0,1,0,1,0,-1,0,-0.005],"_humanoidState":5,"_cameraCFrame":[775.101,242.603,47.147,-0.005,-0.812,0.583,0,0.583,0.812,-1,0.004,-0.003],"_shiftlockState":false,"_pose":"FreeFall","_animationQueue":[["fall",0.3]],"_animationSpeed":1,"_zoom":20.656},{"_mousePosition":[597,394],"_rootPartCFrame":[762.783,223.501,47.208,-0.005,0,1,0,1,0,-1,0,-0.005],"_humanoidState":5,"_cameraCFrame":[774.835,241.777,47.148,-0.005,-0.812,0.583,0,0.583,0.812,-1,0.004,-0.003],"_shiftlockState":false,"_pose":"FreeFall","_animationQueue":[],"_animationSpeed":1,"_zoom":20.656},{"_mousePosition":[597,394],"_rootPartCFrame":[762.587,222.62,47.21,-0.005,0,1,0,1,0,-1,0,-0.005],"_humanoidState":7,"_cameraCFrame":[774.639,240.896,47.15,-0.005,-0.812,0.583,0,0.583,0.812,-1,0.004,-0.003],"_shiftlockState":false,"_pose":"FreeFall","_animationQueue":[["walk",0.1],["fall",0.3],["fall",0.3]],"_animationSpeed":1,"_zoom":20.656},{"_mousePosition":[597,394],"_rootPartCFrame":[762.404,222.438,47.211,-0.005,0,1,0,1,0,-1,0,-0.005],"_humanoidState":7,"_cameraCFrame":[774.455,240.713,47.151,-0.005,-0.812,0.583,0,0.583,0.812,-1,0.004,-0.003],"_shiftlockState":false,"_pose":"FreeFall","_animationQueue":[],"_animationSpeed":1,"_zoom":20.656},{"_mousePosition":[597,394],"_rootPartCFrame":[762.175,222.549,47.213,-0.005,0,1,0,1,0,-1,0,-0.005],"_humanoidState":8,"_cameraCFrame":[774.226,240.825,47.153,-0.005,-0.812,0.583,0,0.583,0.812,-1,0.004,-0.003],"_shiftlockState":false,"_pose":"Running","_animationQueue":[["walk",0.1],["fall",0.3],["walk",0.1]],"_animationSpeed":1.104,"_zoom":20.656},{"_mousePosition":[597,394],"_rootPartCFrame":[761.991,223.412,47.214,-0.005,0,1,0,1,0,-1,0,-0.005],"_humanoidState":3,"_cameraCFrame":[774.043,241.688,47.154,-0.005,-0.812,0.583,0,0.583,0.812,-1,0.004,-0.003],"_shiftlockState":false,"_pose":"Jumping","_animationQueue":[["walk",0.1],["jump",0.1]],"_animationSpeed":1,"_zoom":20.656},{"_mousePosition":[597,394],"_rootPartCFrame":[761.783,224.22,47.215,-0.005,0,1,0,1,0,-1,0,-0.005],"_humanoidState":5,"_cameraCFrame":[773.835,242.496,47.155,-0.005,-0.812,0.583,0,0.583,0.812,-1,0.004,-0.003],"_shiftlockState":false,"_pose":"FreeFall","_animationQueue":[["jump",0.1]],"_animationSpeed":1,"_zoom":20.656},{"_mousePosition":[597,394],"_rootPartCFrame":[761.536,224.974,47.217,-0.005,0,1,0,1,0,-1,0,-0.005],"_humanoidState":5,"_cameraCFrame":[773.587,243.25,47.156,-0.005,-0.812,0.583,0,0.583,0.812,-1,0.004,-0.003],"_shiftlockState":false,"_pose":"FreeFall","_animationQueue":[],"_animationSpeed":1,"_zoom":20.656},{"_mousePosition":[597,394],"_rootPartCFrame":[761.27,225.674,47.218,-0.005,0,1,0,1,0,-1,0,-0.005],"_humanoidState":5,"_cameraCFrame":[773.321,243.949,47.158,-0.005,-0.812,0.583,0,0.583,0.812,-1,0.004,-0.003],"_shiftlockState":false,"_pose":"FreeFall","_animationQueue":[],"_animationSpeed":1,"_zoom":20.656},{"_mousePosition":[597,394],"_rootPartCFrame":[761.07,226.162,47.219,-0.005,0,1,0,1,0,-1,0,-0.005],"_humanoidState":5,"_cameraCFrame":[773.121,244.438,47.159,-0.005,-0.812,0.583,0,0.583,0.812,-1,0.004,-0.003],"_shiftlockState":false,"_pose":"FreeFall","_animationQueue":[],"_animationSpeed":1,"_zoom":20.656},{"_mousePosition":[597,394],"_rootPartCFrame":[760.736,226.909,47.221,-0.005,0,1,0,1,0,-1,0,-0.005],"_humanoidState":5,"_cameraCFrame":[772.788,245.185,47.16,-0.005,-0.812,0.583,0,0.583,0.812,-1,0.004,-0.003],"_shiftlockState":false,"_pose":"FreeFall","_animationQueue":[],"_animationSpeed":1,"_zoom":20.656},{"_mousePosition":[597,394],"_rootPartCFrame":[760.536,227.316,47.222,-0.005,0,1,0,1,0,-1,0,-0.005],"_humanoidState":5,"_cameraCFrame":[772.588,245.592,47.161,-0.005,-0.812,0.583,0,0.583,0.812,-1,0.004,-0.003],"_shiftlockState":false,"_pose":"FreeFall","_animationQueue":[],"_animationSpeed":1,"_zoom":20.656},{"_mousePosition":[597,394],"_rootPartCFrame":[760.203,227.926,47.223,-0.005,0,1,0,1,0,-1,0,-0.005],"_humanoidState":5,"_cameraCFrame":[772.255,246.202,47.163,-0.005,-0.812,0.583,0,0.583,0.812,-1,0.004,-0.003],"_shiftlockState":false,"_pose":"FreeFall","_animationQueue":[],"_animationSpeed":1,"_zoom":20.656},{"_mousePosition":[597,394],"_rootPartCFrame":[759.937,228.353,47.225,-0.005,0,1,0,1,0,-1,0,-0.005],"_humanoidState":5,"_cameraCFrame":[771.988,246.629,47.164,-0.005,-0.812,0.583,0,0.583,0.812,-1,0.004,-0.003],"_shiftlockState":false,"_pose":"FreeFall","_animationQueue":[],"_animationSpeed":1,"_zoom":20.656},{"_mousePosition":[597,394],"_rootPartCFrame":[759.737,228.638,47.226,-0.005,0,1,0,1,0,-1,0,-0.005],"_humanoidState":5,"_cameraCFrame":[771.788,246.913,47.165,-0.005,-0.812,0.583,0,0.583,0.812,-1,0.004,-0.003],"_shiftlockState":false,"_pose":"FreeFall","_animationQueue":[],"_animationSpeed":1,"_zoom":20.656},{"_mousePosition":[597,394],"_rootPartCFrame":[759.47,228.969,47.227,-0.005,0,1,0,1,0,-1,0,-0.005],"_humanoidState":5,"_cameraCFrame":[771.522,247.245,47.167,-0.005,-0.812,0.583,0,0.583,0.812,-1,0.004,-0.003],"_shiftlockState":false,"_pose":"FreeFall","_animationQueue":[],"_animationSpeed":1,"_zoom":20.656},{"_mousePosition":[597,394],"_rootPartCFrame":[759.137,229.307,47.229,-0.005,0,1,0,1,0,-1,0,-0.005],"_humanoidState":5,"_cameraCFrame":[771.188,247.583,47.168,-0.005,-0.812,0.583,0,0.583,0.812,-1,0.004,-0.003],"_shiftlockState":false,"_pose":"FreeFall","_animationQueue":[],"_animationSpeed":1,"_zoom":20.656},{"_mousePosition":[597,394],"_rootPartCFrame":[758.87,229.516,47.23,-0.005,0,1,0,1,0,-1,0,-0.005],"_humanoidState":5,"_cameraCFrame":[770.922,247.791,47.17,-0.005,-0.812,0.583,0,0.583,0.812,-1,0.004,-0.003],"_shiftlockState":false,"_pose":"FreeFall","_animationQueue":[],"_animationSpeed":1,"_zoom":20.656},{"_mousePosition":[597,394],"_rootPartCFrame":[758.604,229.67,47.231,-0.005,0,1,0,1,0,-1,0,-0.005],"_humanoidState":5,"_cameraCFrame":[770.655,247.946,47.171,-0.005,-0.812,0.583,0,0.583,0.812,-1,0.004,-0.003],"_shiftlockState":false,"_pose":"FreeFall","_animationQueue":[],"_animationSpeed":1,"_zoom":20.656},{"_mousePosition":[597,394],"_rootPartCFrame":[758.337,229.77,47.233,-0.005,0,1,0,1,0,-1,0,-0.005],"_humanoidState":5,"_cameraCFrame":[770.389,248.046,47.172,-0.005,-0.812,0.583,0,0.583,0.812,-1,0.004,-0.003],"_shiftlockState":false,"_pose":"FreeFall","_animationQueue":[],"_animationSpeed":1,"_zoom":20.656},{"_mousePosition":[597,394],"_rootPartCFrame":[758.07,229.815,47.234,-0.005,0,1,0,1,0,-1,0,-0.005],"_humanoidState":5,"_cameraCFrame":[770.122,248.091,47.174,-0.005,-0.812,0.583,0,0.583,0.812,-1,0.004,-0.003],"_shiftlockState":false,"_pose":"FreeFall","_animationQueue":[["fall",0.3]],"_animationSpeed":1,"_zoom":20.656},{"_mousePosition":[597,394],"_rootPartCFrame":[757.87,229.814,47.235,-0.005,0,1,0,1,0,-1,0,-0.005],"_humanoidState":5,"_cameraCFrame":[769.922,248.089,47.175,-0.005,-0.812,0.583,0,0.583,0.812,-1,0.004,-0.003],"_shiftlockState":false,"_pose":"FreeFall","_animationQueue":[],"_animationSpeed":1,"_zoom":20.656},{"_mousePosition":[597,394],"_rootPartCFrame":[757.537,229.743,47.237,-0.005,0,1,0,1,0,-1,0,-0.005],"_humanoidState":5,"_cameraCFrame":[769.589,248.018,47.176,-0.005,-0.812,0.583,0,0.583,0.812,-1,0.004,-0.003],"_shiftlockState":false,"_pose":"FreeFall","_animationQueue":[],"_animationSpeed":1,"_zoom":20.656},{"_mousePosition":[597,394],"_rootPartCFrame":[757.337,229.659,47.238,-0.005,0,1,0,1,0,-1,0,-0.005],"_humanoidState":5,"_cameraCFrame":[769.389,247.935,47.177,-0.005,-0.812,0.583,0,0.583,0.812,-1,0.004,-0.003],"_shiftlockState":false,"_pose":"FreeFall","_animationQueue":[],"_animationSpeed":1,"_zoom":20.656},{"_mousePosition":[597,394],"_rootPartCFrame":[757.071,229.5,47.239,-0.005,0,1,0,1,0,-1,0,-0.005],"_humanoidState":5,"_cameraCFrame":[769.122,247.776,47.179,-0.005,-0.812,0.583,0,0.583,0.812,-1,0.004,-0.003],"_shiftlockState":false,"_pose":"FreeFall","_animationQueue":[],"_animationSpeed":1,"_zoom":20.656},{"_mousePosition":[597,394],"_rootPartCFrame":[756.737,229.225,47.241,-0.005,0,1,0,1,0,-1,0,-0.005],"_humanoidState":5,"_cameraCFrame":[768.789,247.501,47.18,-0.005,-0.812,0.583,0,0.583,0.812,-1,0.004,-0.003],"_shiftlockState":false,"_pose":"FreeFall","_animationQueue":[],"_animationSpeed":1,"_zoom":20.656},{"_mousePosition":[597,394],"_rootPartCFrame":[756.537,229.019,47.242,-0.005,0,1,0,1,0,-1,0,-0.005],"_humanoidState":5,"_cameraCFrame":[768.589,247.294,47.181,-0.005,-0.812,0.583,0,0.583,0.812,-1,0.004,-0.003],"_shiftlockState":false,"_pose":"FreeFall","_animationQueue":[],"_animationSpeed":1,"_zoom":20.656},{"_mousePosition":[597,394],"_rootPartCFrame":[756.271,228.696,47.243,-0.005,0,1,0,1,0,-1,0,-0.005],"_humanoidState":5,"_cameraCFrame":[768.323,246.972,47.183,-0.005,-0.812,0.583,0,0.583,0.812,-1,0.004,-0.003],"_shiftlockState":false,"_pose":"FreeFall","_animationQueue":[["fall",0.3]],"_animationSpeed":1,"_zoom":20.656},{"_mousePosition":[597,394],"_rootPartCFrame":[755.938,228.217,47.245,-0.005,0,1,0,1,0,-1,0,-0.005],"_humanoidState":5,"_cameraCFrame":[767.957,246.516,47.185,-0.005,-0.813,0.582,0,0.582,0.813,-1,0.004,-0.003],"_shiftlockState":false,"_pose":"FreeFall","_animationQueue":[],"_animationSpeed":1,"_zoom":20.656},{"_mousePosition":[597,394],"_rootPartCFrame":[755.671,227.771,47.246,-0.005,0,1,0,1,0,-1,0,-0.005],"_humanoidState":5,"_cameraCFrame":[767.69,246.071,47.186,-0.005,-0.813,0.582,0,0.582,0.813,-1,0.004,-0.003],"_shiftlockState":false,"_pose":"FreeFall","_animationQueue":[],"_animationSpeed":1,"_zoom":20.656},{"_mousePosition":[597,394],"_rootPartCFrame":[755.404,227.272,47.247,-0.005,0,1,0,1,0,-1,0,-0.005],"_humanoidState":5,"_cameraCFrame":[767.423,245.571,47.187,-0.005,-0.813,0.582,0,0.582,0.813,-1,0.004,-0.003],"_shiftlockState":false,"_pose":"FreeFall","_animationQueue":[],"_animationSpeed":1,"_zoom":20.656},{"_mousePosition":[597,394],"_rootPartCFrame":[755.138,226.718,47.249,-0.005,0,1,0,1,0,-1,0,-0.005],"_humanoidState":5,"_cameraCFrame":[767.157,245.017,47.189,-0.005,-0.813,0.582,0,0.582,0.813,-1,0.004,-0.003],"_shiftlockState":false,"_pose":"FreeFall","_animationQueue":[],"_animationSpeed":1,"_zoom":20.656},{"_mousePosition":[597,394],"_rootPartCFrame":[754.871,226.109,47.25,-0.005,0,1,0,1,0,-1,0,-0.005],"_humanoidState":5,"_cameraCFrame":[766.89,244.408,47.19,-0.005,-0.813,0.582,0,0.582,0.813,-1,0.004,-0.003],"_shiftlockState":false,"_pose":"FreeFall","_animationQueue":[],"_animationSpeed":1,"_zoom":20.656},{"_mousePosition":[597,394],"_rootPartCFrame":[754.671,225.617,47.251,-0.005,0,1,0,1,0,-1,0,-0.005],"_humanoidState":5,"_cameraCFrame":[766.69,243.916,47.191,-0.005,-0.813,0.582,0,0.582,0.813,-1,0.004,-0.003],"_shiftlockState":false,"_pose":"FreeFall","_animationQueue":[],"_animationSpeed":1,"_zoom":20.656},{"_mousePosition":[597,394],"_rootPartCFrame":[754.338,224.728,47.253,-0.005,0,1,0,1,0,-1,0,-0.005],"_humanoidState":5,"_cameraCFrame":[766.357,243.028,47.192,-0.005,-0.813,0.582,0,0.582,0.813,-1,0.004,-0.003],"_shiftlockState":false,"_pose":"FreeFall","_animationQueue":[["fall",0.3]],"_animationSpeed":1,"_zoom":20.656},{"_mousePosition":[597,394],"_rootPartCFrame":[754.138,224.154,47.254,-0.005,0,1,0,1,0,-1,0,-0.005],"_humanoidState":5,"_cameraCFrame":[766.157,242.454,47.193,-0.005,-0.813,0.582,0,0.582,0.813,-1,0.004,-0.003],"_shiftlockState":false,"_pose":"FreeFall","_animationQueue":[],"_animationSpeed":1,"_zoom":20.656},{"_mousePosition":[597,394],"_rootPartCFrame":[753.805,223.13,47.255,-0.005,0,1,0,1,0,-1,0,-0.005],"_humanoidState":5,"_cameraCFrame":[765.824,241.429,47.195,-0.005,-0.813,0.582,0,0.582,0.813,-1,0.004,-0.003],"_shiftlockState":false,"_pose":"FreeFall","_animationQueue":[],"_animationSpeed":1,"_zoom":20.656},{"_mousePosition":[597,394],"_rootPartCFrame":[753.609,222.52,47.257,-0.005,0,1,0,1,0,-1,0,-0.005],"_humanoidState":7,"_cameraCFrame":[765.628,240.819,47.196,-0.005,-0.813,0.582,0,0.582,0.813,-1,0.004,-0.003],"_shiftlockState":false,"_pose":"FreeFall","_animationQueue":[["walk",0.1],["fall",0.3],["fall",0.3]],"_animationSpeed":1,"_zoom":20.656},{"_mousePosition":[597,394],"_rootPartCFrame":[753.425,222.522,47.258,-0.005,0,1,0,1,0,-1,0,-0.005],"_humanoidState":7,"_cameraCFrame":[765.444,240.821,47.198,-0.005,-0.813,0.582,0,0.582,0.813,-1,0.004,-0.003],"_shiftlockState":false,"_pose":"FreeFall","_animationQueue":[],"_animationSpeed":1,"_zoom":20.656},{"_mousePosition":[597,394],"_rootPartCFrame":[753.196,222.606,47.26,-0.005,0,1,0,1,0,-1,0,-0.005],"_humanoidState":8,"_cameraCFrame":[765.215,240.905,47.199,-0.005,-0.813,0.582,0,0.582,0.813,-1,0.004,-0.003],"_shiftlockState":false,"_pose":"Running","_animationQueue":[["walk",0.1],["fall",0.3],["walk",0.1]],"_animationSpeed":1.104,"_zoom":20.656},{"_mousePosition":[597,394],"_rootPartCFrame":[753.013,223.469,47.261,-0.005,0,1,0,1,0,-1,0,-0.005],"_humanoidState":3,"_cameraCFrame":[765.032,241.768,47.201,-0.005,-0.813,0.582,0,0.582,0.813,-1,0.004,-0.003],"_shiftlockState":false,"_pose":"Jumping","_animationQueue":[["walk",0.1],["walk",0.1],["jump",0.1]],"_animationSpeed":1,"_zoom":20.656},{"_mousePosition":[597,394],"_rootPartCFrame":[752.805,224.277,47.262,-0.005,0,1,0,1,0,-1,0,-0.005],"_humanoidState":5,"_cameraCFrame":[764.824,242.576,47.202,-0.005,-0.813,0.582,0,0.582,0.813,-1,0.004,-0.003],"_shiftlockState":false,"_pose":"FreeFall","_animationQueue":[["jump",0.1]],"_animationSpeed":1,"_zoom":20.656},{"_mousePosition":[597,394],"_rootPartCFrame":[752.623,224.848,47.263,-0.005,0,1,0,1,0,-1,0,-0.005],"_humanoidState":5,"_cameraCFrame":[764.641,243.147,47.203,-0.005,-0.813,0.582,0,0.582,0.813,-1,0.004,-0.003],"_shiftlockState":false,"_pose":"FreeFall","_animationQueue":[],"_animationSpeed":1,"_zoom":20.656},{"_mousePosition":[597,394],"_rootPartCFrame":[752.291,225.73,47.265,-0.005,0,1,0,1,0,-1,0,-0.005],"_humanoidState":5,"_cameraCFrame":[764.31,244.03,47.205,-0.005,-0.813,0.582,0,0.582,0.813,-1,0.004,-0.003],"_shiftlockState":false,"_pose":"FreeFall","_animationQueue":[],"_animationSpeed":1,"_zoom":20.656},{"_mousePosition":[597,394],"_rootPartCFrame":[752.025,226.375,47.266,-0.005,0,1,0,1,0,-1,0,-0.005],"_humanoidState":5,"_cameraCFrame":[764.044,244.674,47.206,-0.005,-0.813,0.582,0,0.582,0.813,-1,0.004,-0.003],"_shiftlockState":false,"_pose":"FreeFall","_animationQueue":[],"_animationSpeed":1,"_zoom":20.656},{"_mousePosition":[597,394],"_rootPartCFrame":[751.758,226.966,47.268,-0.005,0,1,0,1,0,-1,0,-0.005],"_humanoidState":5,"_cameraCFrame":[763.777,245.265,47.207,-0.005,-0.813,0.582,0,0.582,0.813,-1,0.004,-0.003],"_shiftlockState":false,"_pose":"FreeFall","_animationQueue":[],"_animationSpeed":1,"_zoom":20.656},{"_mousePosition":[597,394],"_rootPartCFrame":[751.492,227.502,47.269,-0.005,0,1,0,1,0,-1,0,-0.005],"_humanoidState":5,"_cameraCFrame":[763.51,245.801,47.209,-0.005,-0.813,0.582,0,0.582,0.813,-1,0.004,-0.003],"_shiftlockState":false,"_pose":"FreeFall","_animationQueue":[],"_animationSpeed":1,"_zoom":20.656},{"_mousePosition":[597,394],"_rootPartCFrame":[751.225,227.983,47.27,-0.005,0,1,0,1,0,-1,0,-0.005],"_humanoidState":5,"_cameraCFrame":[763.244,246.282,47.21,-0.005,-0.813,0.582,0,0.582,0.813,-1,0.004,-0.003],"_shiftlockState":false,"_pose":"FreeFall","_animationQueue":[],"_animationSpeed":1,"_zoom":20.656},{"_mousePosition":[597,394],"_rootPartCFrame":[750.958,228.41,47.272,-0.005,0,1,0,1,0,-1,0,-0.005],"_humanoidState":5,"_cameraCFrame":[762.977,246.709,47.211,-0.005,-0.813,0.582,0,0.582,0.813,-1,0.004,-0.003],"_shiftlockState":false,"_pose":"FreeFall","_animationQueue":[],"_animationSpeed":1,"_zoom":20.656},{"_mousePosition":[597,394],"_rootPartCFrame":[750.692,228.782,47.273,-0.005,0,1,0,1,0,-1,0,-0.005],"_humanoidState":5,"_cameraCFrame":[762.711,247.081,47.213,-0.005,-0.813,0.582,0,0.582,0.813,-1,0.004,-0.003],"_shiftlockState":false,"_pose":"FreeFall","_animationQueue":[],"_animationSpeed":1,"_zoom":20.656},{"_mousePosition":[597,394],"_rootPartCFrame":[750.425,229.1,47.274,-0.005,0,1,0,1,0,-1,0,-0.005],"_humanoidState":5,"_cameraCFrame":[762.444,247.399,47.214,-0.005,-0.813,0.582,0,0.582,0.813,-1,0.004,-0.003],"_shiftlockState":false,"_pose":"FreeFall","_animationQueue":[],"_animationSpeed":1,"_zoom":20.656},{"_mousePosition":[597,394],"_rootPartCFrame":[750.225,229.303,47.275,-0.005,0,1,0,1,0,-1,0,-0.005],"_humanoidState":5,"_cameraCFrame":[762.244,247.602,47.215,-0.005,-0.813,0.582,0,0.582,0.813,-1,0.004,-0.003],"_shiftlockState":false,"_pose":"FreeFall","_animationQueue":[],"_animationSpeed":1,"_zoom":20.656},{"_mousePosition":[597,394],"_rootPartCFrame":[749.892,229.572,47.277,-0.005,0,1,0,1,0,-1,0,-0.005],"_humanoidState":5,"_cameraCFrame":[761.911,247.872,47.217,-0.005,-0.813,0.582,0,0.582,0.813,-1,0.004,-0.003],"_shiftlockState":false,"_pose":"FreeFall","_animationQueue":[],"_animationSpeed":1,"_zoom":20.656},{"_mousePosition":[597,394],"_rootPartCFrame":[749.625,229.727,47.278,-0.005,0,1,0,1,0,-1,0,-0.005],"_humanoidState":5,"_cameraCFrame":[761.644,248.026,47.218,-0.005,-0.813,0.582,0,0.582,0.813,-1,0.004,-0.003],"_shiftlockState":false,"_pose":"FreeFall","_animationQueue":[],"_animationSpeed":1,"_zoom":20.656},{"_mousePosition":[597,394],"_rootPartCFrame":[749.425,229.807,47.279,-0.005,0,1,0,1,0,-1,0,-0.005],"_humanoidState":5,"_cameraCFrame":[761.444,248.106,47.219,-0.005,-0.813,0.582,0,0.582,0.813,-1,0.004,-0.003],"_shiftlockState":false,"_pose":"FreeFall","_animationQueue":[],"_animationSpeed":1,"_zoom":20.656},{"_mousePosition":[597,394],"_rootPartCFrame":[749.092,229.872,47.281,-0.005,0,1,0,1,0,-1,0,-0.005],"_humanoidState":5,"_cameraCFrame":[761.111,248.171,47.221,-0.005,-0.813,0.582,0,0.582,0.813,-1,0.004,-0.003],"_shiftlockState":false,"_pose":"FreeFall","_animationQueue":[],"_animationSpeed":1,"_zoom":20.656},{"_mousePosition":[597,394],"_rootPartCFrame":[748.892,229.87,47.282,-0.005,0,1,0,1,0,-1,0,-0.005],"_humanoidState":5,"_cameraCFrame":[760.911,248.17,47.222,-0.005,-0.813,0.582,0,0.582,0.813,-1,0.004,-0.003],"_shiftlockState":false,"_pose":"FreeFall","_animationQueue":[],"_animationSpeed":1,"_zoom":20.656},{"_mousePosition":[597,394],"_rootPartCFrame":[748.559,229.799,47.283,-0.005,0,1,0,1,0,-1,0,-0.005],"_humanoidState":5,"_cameraCFrame":[760.578,248.099,47.223,-0.005,-0.813,0.582,0,0.582,0.813,-1,0.004,-0.003],"_shiftlockState":false,"_pose":"FreeFall","_animationQueue":[],"_animationSpeed":1,"_zoom":20.656},{"_mousePosition":[597,394],"_rootPartCFrame":[748.292,229.681,47.285,-0.005,0,1,0,1,0,-1,0,-0.005],"_humanoidState":5,"_cameraCFrame":[760.311,247.98,47.225,-0.005,-0.813,0.582,0,0.582,0.813,-1,0.004,-0.003],"_shiftlockState":false,"_pose":"FreeFall","_animationQueue":[],"_animationSpeed":1,"_zoom":20.656},{"_mousePosition":[597,394],"_rootPartCFrame":[748.026,229.509,47.286,-0.005,0,1,0,1,0,-1,0,-0.005],"_humanoidState":5,"_cameraCFrame":[760.045,247.808,47.226,-0.005,-0.813,0.582,0,0.582,0.813,-1,0.004,-0.003],"_shiftlockState":false,"_pose":"FreeFall","_animationQueue":[["fall",0.3]],"_animationSpeed":1,"_zoom":20.656},{"_mousePosition":[597,394],"_rootPartCFrame":[747.826,229.344,47.287,-0.005,0,1,0,1,0,-1,0,-0.005],"_humanoidState":5,"_cameraCFrame":[759.845,247.643,47.227,-0.005,-0.813,0.582,0,0.582,0.813,-1,0.004,-0.003],"_shiftlockState":false,"_pose":"FreeFall","_animationQueue":[],"_animationSpeed":1,"_zoom":20.656},{"_mousePosition":[597,394],"_rootPartCFrame":[747.492,229,47.289,-0.005,0,1,0,1,0,-1,0,-0.005],"_humanoidState":5,"_cameraCFrame":[759.511,247.299,47.229,-0.005,-0.813,0.582,0,0.582,0.813,-1,0.004,-0.003],"_shiftlockState":false,"_pose":"FreeFall","_animationQueue":[],"_animationSpeed":1,"_zoom":20.656},{"_mousePosition":[597,394],"_rootPartCFrame":[747.293,228.753,47.29,-0.005,0,1,0,1,0,-1,0,-0.005],"_humanoidState":5,"_cameraCFrame":[759.311,247.052,47.23,-0.005,-0.813,0.582,0,0.582,0.813,-1,0.004,-0.003],"_shiftlockState":false,"_pose":"FreeFall","_animationQueue":[],"_animationSpeed":1,"_zoom":20.656},{"_mousePosition":[597,394],"_rootPartCFrame":[747.026,228.376,47.291,-0.005,0,1,0,1,0,-1,0,-0.005],"_humanoidState":5,"_cameraCFrame":[759.045,246.675,47.231,-0.005,-0.813,0.582,0,0.582,0.813,-1,0.004,-0.003],"_shiftlockState":false,"_pose":"FreeFall","_animationQueue":[],"_animationSpeed":1,"_zoom":20.656},{"_mousePosition":[597,394],"_rootPartCFrame":[746.693,227.828,47.293,-0.005,0,1,0,1,0,-1,0,-0.005],"_humanoidState":5,"_cameraCFrame":[758.712,246.127,47.233,-0.005,-0.813,0.582,0,0.582,0.813,-1,0.004,-0.003],"_shiftlockState":false,"_pose":"FreeFall","_animationQueue":[],"_animationSpeed":1,"_zoom":20.656},{"_mousePosition":[597,394],"_rootPartCFrame":[746.493,227.459,47.294,-0.005,0,1,0,1,0,-1,0,-0.005],"_humanoidState":5,"_cameraCFrame":[758.512,245.758,47.234,-0.005,-0.813,0.582,0,0.582,0.813,-1,0.004,-0.003],"_shiftlockState":false,"_pose":"FreeFall","_animationQueue":[],"_animationSpeed":1,"_zoom":20.656},{"_mousePosition":[597,394],"_rootPartCFrame":[746.226,226.918,47.295,-0.005,0,1,0,1,0,-1,0,-0.005],"_humanoidState":5,"_cameraCFrame":[758.245,245.217,47.235,-0.005,-0.813,0.582,0,0.582,0.813,-1,0.004,-0.003],"_shiftlockState":false,"_pose":"FreeFall","_animationQueue":[["fall",0.3]],"_animationSpeed":1,"_zoom":20.656},{"_mousePosition":[597,394],"_rootPartCFrame":[745.893,226.166,47.297,-0.005,0,1,0,1,0,-1,0,-0.005],"_humanoidState":5,"_cameraCFrame":[757.912,244.465,47.237,-0.005,-0.813,0.582,0,0.582,0.813,-1,0.004,-0.003],"_shiftlockState":false,"_pose":"FreeFall","_animationQueue":[],"_animationSpeed":1,"_zoom":20.656},{"_mousePosition":[597,394],"_rootPartCFrame":[745.626,225.503,47.298,-0.005,0,1,0,1,0,-1,0,-0.005],"_humanoidState":5,"_cameraCFrame":[757.645,243.802,47.238,-0.005,-0.813,0.582,0,0.582,0.813,-1,0.004,-0.003],"_shiftlockState":false,"_pose":"FreeFall","_animationQueue":[],"_animationSpeed":1,"_zoom":20.656},{"_mousePosition":[597,394],"_rootPartCFrame":[745.36,224.785,47.299,-0.005,0,1,0,1,0,-1,0,-0.005],"_humanoidState":5,"_cameraCFrame":[757.379,243.084,47.239,-0.005,-0.813,0.582,0,0.582,0.813,-1,0.004,-0.003],"_shiftlockState":false,"_pose":"FreeFall","_animationQueue":[],"_animationSpeed":1,"_zoom":20.656},{"_mousePosition":[597,394],"_rootPartCFrame":[745.093,224.013,47.301,-0.005,0,1,0,1,0,-1,0,-0.005],"_humanoidState":5,"_cameraCFrame":[757.112,242.312,47.241,-0.005,-0.813,0.582,0,0.582,0.813,-1,0.004,-0.003],"_shiftlockState":false,"_pose":"FreeFall","_animationQueue":[],"_animationSpeed":1,"_zoom":20.656},{"_mousePosition":[597,394],"_rootPartCFrame":[744.826,223.186,47.302,-0.005,0,1,0,1,0,-1,0,-0.005],"_humanoidState":5,"_cameraCFrame":[756.845,241.486,47.242,-0.005,-0.813,0.582,0,0.582,0.813,-1,0.004,-0.003],"_shiftlockState":false,"_pose":"FreeFall","_animationQueue":[],"_animationSpeed":1,"_zoom":20.656},{"_mousePosition":[597,394],"_rootPartCFrame":[744.677,222.531,47.303,-0.005,0,1,0,1,0,-1,0,-0.005],"_humanoidState":7,"_cameraCFrame":[756.696,240.83,47.243,-0.005,-0.813,0.582,0,0.582,0.813,-1,0.004,-0.003],"_shiftlockState":false,"_pose":"FreeFall","_animationQueue":[["walk",0.1],["fall",0.3],["fall",0.3]],"_animationSpeed":1,"_zoom":20.656},{"_mousePosition":[597,394],"_rootPartCFrame":[744.447,222.403,47.305,-0.005,0,1,0,1,0,-1,0,-0.005],"_humanoidState":7,"_cameraCFrame":[756.466,240.702,47.245,-0.005,-0.813,0.582,0,0.582,0.813,-1,0.004,-0.003],"_shiftlockState":false,"_pose":"FreeFall","_animationQueue":[["fall",0.3]],"_animationSpeed":1,"_zoom":20.656},{"_mousePosition":[597,394],"_rootPartCFrame":[744.218,222.542,47.306,-0.005,0,1,0,1,0,-1,0,-0.005],"_humanoidState":8,"_cameraCFrame":[756.237,240.841,47.246,-0.005,-0.813,0.582,0,0.582,0.813,-1,0.004,-0.003],"_shiftlockState":false,"_pose":"Running","_animationQueue":[["walk",0.1],["fall",0.3],["walk",0.1]],"_animationSpeed":1.104,"_zoom":20.656},{"_mousePosition":[597,394],"_rootPartCFrame":[744.08,223.194,47.307,-0.005,0,1,0,1,0,-1,0,-0.005],"_humanoidState":3,"_cameraCFrame":[756.099,241.493,47.247,-0.005,-0.813,0.582,0,0.582,0.813,-1,0.004,-0.003],"_shiftlockState":false,"_pose":"Jumping","_animationQueue":[["walk",0.1],["jump",0.1]],"_animationSpeed":1,"_zoom":20.656},{"_mousePosition":[597,394],"_rootPartCFrame":[743.814,224.213,47.309,-0.005,0,1,0,1,0,-1,0,-0.005],"_humanoidState":5,"_cameraCFrame":[755.833,242.512,47.249,-0.005,-0.813,0.582,0,0.582,0.813,-1,0.004,-0.003],"_shiftlockState":false,"_pose":"FreeFall","_animationQueue":[["jump",0.1]],"_animationSpeed":1,"_zoom":20.656},{"_mousePosition":[597,394],"_rootPartCFrame":[743.559,224.967,47.31,-0.005,0,1,0,1,0,-1,0,-0.005],"_humanoidState":5,"_cameraCFrame":[755.577,243.266,47.25,-0.005,-0.813,0.582,0,0.582,0.813,-1,0.004,-0.003],"_shiftlockState":false,"_pose":"FreeFall","_animationQueue":[],"_animationSpeed":1,"_zoom":20.656},{"_mousePosition":[597,394],"_rootPartCFrame":[743.359,225.497,47.311,-0.005,0,1,0,1,0,-1,0,-0.005],"_humanoidState":5,"_cameraCFrame":[755.378,243.796,47.251,-0.005