[{"_mousePosition":[1202,372],"_rootPartCFrame":[776.034,222.978,47.142,-0.001,-0.007,1,0,1,0.007,-1,0,-0.001],"_humanoidState":8,"_cameraCFrame":[777.608,232.719,39.426,-0.98,-0.145,0.139,0,0.691,0.723,-0.201,0.708,-0.677],"_shiftlockState":false,"_pose":"Standing","_animationQueue":[],"_animationSpeed":1,"_zoom":11.4},{"_mousePosition":[1160,422],"_rootPartCFrame":[775.738,222.815,47.081,0.033,0,0.999,0,1,0,-0.999,0,0.033],"_humanoidState":8,"_cameraCFrame":[775.607,232.555,39.013,-0.98,-0.145,0.139,0,0.691,0.723,-0.201,0.708,-0.677],"_shiftlockState":true,"_pose":"Standing","_animationQueue":[],"_animationSpeed":1,"_zoom":11.4},{"_mousePosition":[683,384],"_rootPartCFrame":[775.476,222.665,47.027,-0.989,0.001,0.146,0.001,1,0,-0.146,0,-0.989],"_humanoidState":8,"_cameraCFrame":[775.347,232.405,38.959,-0.98,-0.145,0.139,0,0.691,0.723,-0.201,0.708,-0.677],"_shiftlockState":true,"_pose":"Running","_animationQueue":[["walk",0.1]],"_animationSpeed":1.091,"_zoom":11.4},{"_mousePosition":[683,384],"_rootPartCFrame":[775.28,222.65,46.987,-0.984,0,0.179,0,1,0,-0.179,0,-0.984],"_humanoidState":8,"_cameraCFrame":[774.91,232.591,39.137,-0.984,-0.131,0.119,0,0.672,0.74,-0.176,0.729,-0.662],"_shiftlockState":true,"_pose":"Running","_animationQueue":[["walk",0.1]],"_animationSpeed":1.091,"_zoom":11.4},{"_mousePosition":[683,384],"_rootPartCFrame":[775.019,222.666,46.934,-0.985,0,0.172,0,1,0,-0.172,0,-0.985],"_humanoidState":8,"_cameraCFrame":[774.495,232.73,39.226,-0.987,-0.12,0.106,0,0.66,0.751,-0.16,0.742,-0.652],"_shiftlockState":true,"_pose":"Running","_animationQueue":[],"_animationSpeed":1.091,"_zoom":11.4},{"_mousePosition":[683,384],"_rootPartCFrame":[774.757,222.68,46.886,-0.987,0,0.159,0,1,0,-0.159,0,-0.987],"_humanoidState":8,"_cameraCFrame":[774.094,232.852,39.311,-0.99,-0.11,0.094,0,0.649,0.761,-0.144,0.753,-0.642],"_shiftlockState":true,"_pose":"Running","_animationQueue":[],"_animationSpeed":1.091,"_zoom":11.4},{"_mousePosition":[683,384],"_rootPartCFrame":[774.494,222.689,46.842,-0.99,0,0.144,0,1,0,-0.144,0,-0.99],"_humanoidState":8,"_cameraCFrame":[773.704,232.961,39.396,-0.992,-0.1,0.083,0,0.639,0.77,-0.13,0.763,-0.633],"_shiftlockState":true,"_pose":"Running","_animationQueue":[],"_animationSpeed":1.091,"_zoom":11.4},{"_mousePosition":[683,384],"_rootPartCFrame":[774.23,222.694,46.803,-0.992,0,0.13,0,1,0,-0.13,0,-0.992],"_humanoidState":8,"_cameraCFrame":[773.29,233.094,39.528,-0.994,-0.088,0.07,0,0.625,0.781,-0.112,0.776,-0.621],"_shiftlockState":true,"_pose":"Running","_animationQueue":[],"_animationSpeed":1.091,"_zoom":11.4},{"_mousePosition":[683,384],"_rootPartCFrame":[773.9,222.697,46.759,-0.994,0,0.112,0,1,0,-0.112,0,-0.994],"_humanoidState":8,"_cameraCFrame":[772.83,233.222,39.658,-0.995,-0.076,0.059,0,0.611,0.792,-0.097,0.788,-0.608],"_shiftlockState":true,"_pose":"Running","_animationQueue":[],"_animationSpeed":1.091,"_zoom":11.4},{"_mousePosition":[683,384],"_rootPartCFrame":[773.701,222.698,46.736,-0.995,0,0.097,0,1,0,-0.097,0,-0.995],"_humanoidState":8,"_cameraCFrame":[772.499,233.422,39.917,-0.997,-0.065,0.048,0,0.588,0.809,-0.081,0.806,-0.586],"_shiftlockState":true,"_pose":"Running","_animationQueue":[["walk",0.1]],"_animationSpeed":1.091,"_zoom":11.4},{"_mousePosition":[683,384],"_rootPartCFrame":[773.436,222.699,46.71,-0.997,0,0.081,0,1,0,-0.081,0,-0.997],"_humanoidState":8,"_cameraCFrame":[772.15,233.613,40.172,-0.997,-0.059,0.04,0,0.564,0.826,-0.072,0.824,-0.563],"_shiftlockState":true,"_pose":"Running","_animationQueue":[],"_animationSpeed":1.091,"_zoom":11.4},{"_mousePosition":[683,384],"_rootPartCFrame":[773.17,222.699,46.688,-0.997,0,0.072,0,1,0,-0.072,0,-0.997],"_humanoidState":8,"_cameraCFrame":[771.834,233.835,40.492,-0.998,-0.057,0.036,0,0.534,0.845,-0.067,0.843,-0.533],"_shiftlockState":true,"_pose":"Running","_animationQueue":[],"_animationSpeed":1.091,"_zoom":11.4},{"_mousePosition":[683,384],"_rootPartCFrame":[772.904,222.699,46.668,-0.998,0,0.067,0,1,0,-0.067,0,-0.998],"_humanoidState":8,"_cameraCFrame":[771.542,234.018,40.772,-0.998,-0.057,0.034,0,0.508,0.861,-0.066,0.859,-0.507],"_shiftlockState":true,"_pose":"Running","_animationQueue":[],"_animationSpeed":1.091,"_zoom":11.4},{"_mousePosition":[683,384],"_rootPartCFrame":[772.638,222.7,46.65,-0.998,0,0.066,0,1,0,-0.066,0,-0.998],"_humanoidState":8,"_cameraCFrame":[771.253,234.217,41.105,-0.998,-0.058,0.032,0,0.477,0.879,-0.066,0.877,-0.476],"_shiftlockState":true,"_pose":"Running","_animationQueue":[],"_animationSpeed":1.091,"_zoom":11.4},{"_mousePosition":[683,384],"_rootPartCFrame":[772.372,222.7,46.632,-0.998,0,0.066,0,1,0,-0.066,0,-0.998],"_humanoidState":8,"_cameraCFrame":[770.957,234.404,41.446,-0.998,-0.058,0.029,0,0.446,0.895,-0.065,0.893,-0.445],"_shiftlockState":true,"_pose":"Running","_animationQueue":[],"_animationSpeed":1.091,"_zoom":11.4},{"_mousePosition":[683,384],"_rootPartCFrame":[772.106,222.7,46.615,-0.998,0,0.065,0,1,0,-0.065,0,-0.998],"_humanoidState":8,"_cameraCFrame":[770.598,234.649,41.971,-0.999,-0.048,0.021,0,0.4,0.917,-0.053,0.915,-0.399],"_shiftlockState":true,"_pose":"Running","_animationQueue":[],"_animationSpeed":1.091,"_zoom":11.4},{"_mousePosition":[683,384],"_rootPartCFrame":[771.84,222.7,46.597,-0.999,0,0.053,0,1,0,-0.053,0,-0.999],"_humanoidState":8,"_cameraCFrame":[770.214,234.873,42.541,-1,-0.029,0.011,0,0.351,0.936,-0.031,0.936,-0.351],"_shiftlockState":true,"_pose":"Running","_animationQueue":[["walk",0.1]],"_animationSpeed":1.091,"_zoom":11.4},{"_mousePosition":[683,384],"_rootPartCFrame":[771.44,222.7,46.576,-1,0,0.031,0,1,0,-0.031,0,-1],"_humanoidState":8,"_cameraCFrame":[769.758,235.043,43.024,-1,-0.018,0.006,0,0.309,0.951,-0.019,0.951,-0.309],"_shiftlockState":true,"_pose":"Running","_animationQueue":[],"_animationSpeed":1.091,"_zoom":11.4},{"_mousePosition":[683,384],"_rootPartCFrame":[771.24,222.7,46.569,-1,0,0.019,0,1,0,-0.019,0,-1],"_humanoidState":8,"_cameraCFrame":[769.605,235.099,43.168,-0.999,-0.032,0.01,0,0.293,0.956,-0.034,0.955,-0.293],"_shiftlockState":true,"_pose":"Running","_animationQueue":[],"_animationSpeed":1.091,"_zoom":11.4},{"_mousePosition":[683,384],"_rootPartCFrame":[770.974,222.7,46.563,-0.999,0,0.034,0,1,0,-0.034,0,-0.999],"_humanoidState":8,"_cameraCFrame":[769.327,235.099,43.168,-1,-0.029,0.009,0,0.293,0.956,-0.031,0.956,-0.293],"_shiftlockState":true,"_pose":"Running","_animationQueue":[],"_animationSpeed":1.091,"_zoom":11.4},{"_mousePosition":[683,384],"_rootPartCFrame":[770.707,222.7,46.554,-1,0,0.031,0,1,0,-0.031,0,-1],"_humanoidState":8,"_cameraCFrame":[769.061,235.099,43.159,-1,-0.029,0.009,0,0.293,0.956,-0.031,0.956,-0.293],"_shiftlockState":true,"_pose":"Running","_animationQueue":[],"_animationSpeed":1.091,"_zoom":11.4},{"_mousePosition":[683,384],"_rootPartCFrame":[770.441,222.7,46.546,-1,0,0.031,0,1,0,-0.031,0,-1],"_humanoidState":8,"_cameraCFrame":[768.794,235.099,43.151,-1,-0.029,0.009,0,0.293,0.956,-0.031,0.956,-0.293],"_shiftlockState":true,"_pose":"Running","_animationQueue":[],"_animationSpeed":1.091,"_zoom":11.4},{"_mousePosition":[683,384],"_rootPartCFrame":[770.174,222.7,46.538,-1,0,0.031,0,1,0,-0.031,0,-1],"_humanoidState":8,"_cameraCFrame":[768.528,235.099,43.143,-1,-0.029,0.009,0,0.293,0.956,-0.031,0.956,-0.293],"_shiftlockState":true,"_pose":"Running","_animationQueue":[],"_animationSpeed":1.091,"_zoom":11.4},{"_mousePosition":[683,384],"_rootPartCFrame":[769.974,222.679,46.532,-1,0,0.031,0,1,0,-0.031,0,-1],"_humanoidState":8,"_cameraCFrame":[768.328,235.078,43.137,-1,-0.029,0.009,0,0.293,0.956,-0.031,0.956,-0.293],"_shiftlockState":true,"_pose":"Running","_animationQueue":[["walk",0.1]],"_animationSpeed":1.091,"_zoom":11.4},{"_mousePosition":[683,384],"_rootPartCFrame":[769.641,223.749,46.522,-1,0,0.031,0,1,0,-0.031,0,-1],"_humanoidState":3,"_cameraCFrame":[767.994,236.148,43.127,-1,-0.029,0.009,0,0.293,0.956,-0.031,0.956,-0.293],"_shiftlockState":true,"_pose":"Jumping","_animationQueue":[["walk",0.1],["jump",0.1]],"_animationSpeed":1,"_zoom":11.4},{"_mousePosition":[683,384],"_rootPartCFrame":[769.374,224.544,46.513,-0.992,0,0.123,0,1,0,-0.123,0,-0.992],"_humanoidState":5,"_cameraCFrame":[767.728,236.943,43.118,-1,-0.029,0.009,0,0.293,0.956,-0.031,0.956,-0.293],"_shiftlockState":true,"_pose":"FreeFall","_animationQueue":[["jump",0.1]],"_animationSpeed":1,"_zoom":11.4},{"_mousePosition":[683,384],"_rootPartCFrame":[769.108,225.284,46.505,-0.987,0,0.159,0,1,0,-0.159,0,-0.987],"_humanoidState":5,"_cameraCFrame":[767.461,237.683,43.11,-1,-0.029,0.009,0,0.293,0.956,-0.031,0.956,-0.293],"_shiftlockState":true,"_pose":"FreeFall","_animationQueue":[],"_animationSpeed":1,"_zoom":11.4},{"_mousePosition":[683,384],"_rootPartCFrame":[768.841,225.97,46.497,-0.987,0,0.163,0,1,0,-0.163,0,-0.987],"_humanoidState":5,"_cameraCFrame":[767.195,238.369,43.102,-1,-0.029,0.009,0,0.293,0.956,-0.031,0.956,-0.293],"_shiftlockState":true,"_pose":"FreeFall","_animationQueue":[],"_animationSpeed":1,"_zoom":11.4},{"_mousePosition":[683,384],"_rootPartCFrame":[768.574,226.601,46.489,-0.987,0,0.163,0,1,0,-0.163,0,-0.987],"_humanoidState":5,"_cameraCFrame":[766.928,239,43.094,-1,-0.029,0.009,0,0.293,0.956,-0.031,0.956,-0.293],"_shiftlockState":true,"_pose":"FreeFall","_animationQueue":[],"_animationSpeed":1,"_zoom":11.4},{"_mousePosition":[683,384],"_rootPartCFrame":[768.308,227.178,46.48,-0.987,0,0.163,0,1,0,-0.163,0,-0.987],"_humanoidState":5,"_cameraCFrame":[766.661,239.577,43.085,-1,-0.029,0.009,0,0.293,0.956,-0.031,0.956,-0.293],"_shiftlockState":true,"_pose":"FreeFall","_animationQueue":[],"_animationSpeed":1,"_zoom":11.4},{"_mousePosition":[683,384],"_rootPartCFrame":[768.041,227.7,46.472,-0.987,0,0.163,0,1,0,-0.163,0,-0.987],"_humanoidState":5,"_cameraCFrame":[766.395,240.099,43.077,-1,-0.029,0.009,0,0.293,0.956,-0.031,0.956,-0.293],"_shiftlockState":true,"_pose":"FreeFall","_animationQueue":[],"_animationSpeed":1,"_zoom":11.4},{"_mousePosition":[683,384],"_rootPartCFrame":[767.775,228.168,46.464,-0.987,0,0.163,0,1,0,-0.163,0,-0.987],"_humanoidState":5,"_cameraCFrame":[766.128,240.567,43.069,-1,-0.029,0.009,0,0.293,0.956,-0.031,0.956,-0.293],"_shiftlockState":true,"_pose":"FreeFall","_animationQueue":[],"_animationSpeed":1,"_zoom":11.4},{"_mousePosition":[683,384],"_rootPartCFrame":[767.508,228.581,46.456,-0.987,0,0.163,0,1,0,-0.163,0,-0.987],"_humanoidState":5,"_cameraCFrame":[765.862,240.98,43.061,-1,-0.029,0.009,0,0.293,0.956,-0.031,0.956,-0.293],"_shiftlockState":true,"_pose":"FreeFall","_animationQueue":[],"_animationSpeed":1,"_zoom":11.4},{"_mousePosition":[683,384],"_rootPartCFrame":[767.241,228.94,46.448,-0.987,0,0.163,0,1,0,-0.163,0,-0.987],"_humanoidState":5,"_cameraCFrame":[765.581,241.336,43.051,-1,-0.025,0.008,0,0.294,0.956,-0.027,0.955,-0.294],"_shiftlockState":true,"_pose":"FreeFall","_animationQueue":[],"_animationSpeed":1,"_zoom":11.4},{"_mousePosition":[683,384],"_rootPartCFrame":[766.908,229.312,46.437,-0.981,0,0.192,0,1,0,-0.192,0,-0.981],"_humanoidState":5,"_cameraCFrame":[765.216,241.697,43.021,-1,-0.016,0.005,0,0.297,0.955,-0.017,0.955,-0.297],"_shiftlockState":true,"_pose":"FreeFall","_animationQueue":[],"_animationSpeed":1,"_zoom":11.4},{"_mousePosition":[683,384],"_rootPartCFrame":[766.708,229.494,46.432,-0.993,0,0.117,0,1,0,-0.117,0,-0.993],"_humanoidState":5,"_cameraCFrame":[764.999,241.874,43.007,-1,-0.011,0.004,0,0.299,0.954,-0.012,0.954,-0.299],"_shiftlockState":true,"_pose":"FreeFall","_animationQueue":[],"_animationSpeed":1,"_zoom":11.4},{"_mousePosition":[683,384],"_rootPartCFrame":[766.442,229.69,46.427,-0.989,0,0.145,0,1,0,-0.145,0,-0.989],"_humanoidState":5,"_cameraCFrame":[764.757,242.072,42.998,-1,-0.018,0.006,0,0.298,0.955,-0.019,0.954,-0.298],"_shiftlockState":true,"_pose":"FreeFall","_animationQueue":[],"_animationSpeed":1,"_zoom":11.4},{"_mousePosition":[683,384],"_rootPartCFrame":[766.175,229.83,46.424,-0.988,0,0.152,0,1,0,-0.152,0,-0.988],"_humanoidState":5,"_cameraCFrame":[764.54,242.224,43.006,-0.999,-0.032,0.01,0,0.295,0.956,-0.034,0.955,-0.295],"_shiftlockState":true,"_pose":"FreeFall","_animationQueue":[],"_animationSpeed":1,"_zoom":11.4},{"_mousePosition":[683,384],"_rootPartCFrame":[765.908,229.917,46.419,-0.986,0,0.166,0,1,0,-0.166,0,-0.986],"_humanoidState":5,"_cameraCFrame":[764.307,242.324,43.028,-0.999,-0.042,0.013,0,0.291,0.957,-0.044,0.956,-0.291],"_shiftlockState":true,"_pose":"FreeFall","_animationQueue":[],"_animationSpeed":1,"_zoom":11.4},{"_mousePosition":[683,384],"_rootPartCFrame":[765.642,229.948,46.41,-0.984,0,0.177,0,1,0,-0.177,0,-0.984],"_humanoidState":5,"_cameraCFrame":[764.06,242.366,43.045,-0.999,-0.048,0.015,0,0.288,0.958,-0.051,0.956,-0.287],"_shiftlockState":true,"_pose":"FreeFall","_animationQueue":[],"_animationSpeed":1,"_zoom":11.4},{"_mousePosition":[683,384],"_rootPartCFrame":[765.375,229.926,46.399,-0.983,0,0.183,0,1,0,-0.183,0,-0.983],"_humanoidState":5,"_cameraCFrame":[763.82,242.354,43.055,-0.998,-0.057,0.017,0,0.285,0.959,-0.059,0.957,-0.284],"_shiftlockState":true,"_pose":"FreeFall","_animationQueue":[],"_animationSpeed":1,"_zoom":11.4},{"_mousePosition":[683,384],"_rootPartCFrame":[765.109,229.848,46.386,-0.982,0,0.191,0,1,0,-0.191,0,-0.982],"_humanoidState":5,"_cameraCFrame":[763.582,242.29,43.071,-0.998,-0.066,0.019,0,0.281,0.96,-0.068,0.957,-0.28],"_shiftlockState":true,"_pose":"FreeFall","_animationQueue":[],"_animationSpeed":1,"_zoom":11.4},{"_mousePosition":[683,384],"_rootPartCFrame":[764.843,229.717,46.37,-0.98,0,0.2,0,1,0,-0.2,0,-0.98],"_humanoidState":5,"_cameraCFrame":[763.341,241.97,43.125,-0.997,-0.075,0.022,0,0.279,0.96,-0.078,0.958,-0.278],"_shiftlockState":true,"_pose":"FreeFall","_animationQueue":[["fall",0.3]],"_animationSpeed":1,"_zoom":8.72},{"_mousePosition":[683,384],"_rootPartCFrame":[764.577,229.53,46.352,-0.978,0,0.21,0,1,0,-0.21,0,-0.978],"_humanoidState":5,"_cameraCFrame":[763.108,241.372,43.24,-0.996,-0.089,0.025,0,0.275,0.961,-0.092,0.957,-0.274],"_shiftlockState":true,"_pose":"FreeFall","_animationQueue":[],"_animationSpeed":1,"_zoom":8.72},{"_mousePosition":[683,384],"_rootPartCFrame":[764.311,229.29,46.332,-0.975,0,0.224,0,1,0,-0.224,0,-0.975],"_humanoidState":5,"_cameraCFrame":[762.88,240.694,43.353,-0.994,-0.106,0.03,0,0.272,0.962,-0.11,0.956,-0.271],"_shiftlockState":true,"_pose":"FreeFall","_animationQueue":[],"_animationSpeed":1,"_zoom":8.72},{"_mousePosition":[683,384],"_rootPartCFrame":[764.045,228.995,46.308,-0.97,0,0.241,0,1,0,-0.241,0,-0.97],"_humanoidState":5,"_cameraCFrame":[762.657,240.014,43.434,-0.992,-0.125,0.035,0,0.27,0.963,-0.13,0.955,-0.268],"_shiftlockState":true,"_pose":"FreeFall","_animationQueue":[],"_animationSpeed":1,"_zoom":8.72},{"_mousePosition":[683,384],"_rootPartCFrame":[763.78,228.645,46.279,-0.965,0,0.26,0,1,0,-0.26,0,-0.965],"_humanoidState":5,"_cameraCFrame":[762.433,239.357,43.487,-0.989,-0.144,0.04,0,0.268,0.964,-0.15,0.953,-0.265],"_shiftlockState":true,"_pose":"FreeFall","_animationQueue":[],"_animationSpeed":1,"_zoom":8.72},{"_mousePosition":[683,384],"_rootPartCFrame":[763.45,228.131,46.237,-0.95,0,0.311,0,1,0,-0.311,0,-0.95],"_humanoidState":5,"_cameraCFrame":[762.133,238.622,43.5,-0.986,-0.159,0.044,0,0.266,0.964,-0.165,0.951,-0.262],"_shiftlockState":true,"_pose":"FreeFall","_animationQueue":[],"_animationSpeed":1,"_zoom":8.72},{"_mousePosition":[683,384],"_rootPartCFrame":[763.252,227.782,46.208,-0.965,0,0.263,0,1,0,-0.263,0,-0.965],"_humanoidState":5,"_cameraCFrame":[761.954,238.108,43.517,-0.984,-0.169,0.046,0,0.265,0.964,-0.175,0.949,-0.26],"_shiftlockState":true,"_pose":"FreeFall","_animationQueue":[["fall",0.3]],"_animationSpeed":1,"_zoom":8.72},{"_mousePosition":[683,384],"_rootPartCFrame":[762.857,226.992,46.142,-0.93,0,0.367,0,1,0,-0.367,0,-0.93],"_humanoidState":5,"_cameraCFrame":[761.572,237.185,43.491,-0.983,-0.177,0.048,0,0.263,0.965,-0.184,0.948,-0.259],"_shiftlockState":true,"_pose":"FreeFall","_animationQueue":[],"_animationSpeed":1,"_zoom":8.72},{"_mousePosition":[683,384],"_rootPartCFrame":[762.66,226.55,46.108,-0.96,0,0.281,0,1,0,-0.281,0,-0.96],"_humanoidState":5,"_cameraCFrame":[761.374,236.659,43.478,-0.983,-0.178,0.049,0,0.263,0.965,-0.185,0.948,-0.258],"_shiftlockState":true,"_pose":"FreeFall","_animationQueue":[],"_animationSpeed":1,"_zoom":8.72},{"_mousePosition":[683,384],"_rootPartCFrame":[762.464,226.079,46.071,-0.959,0,0.282,0,1,0,-0.282,0,-0.959],"_humanoidState":5,"_cameraCFrame":[761.174,236.126,43.458,-0.983,-0.178,0.049,0,0.263,0.965,-0.185,0.948,-0.258],"_shiftlockState":true,"_pose":"FreeFall","_animationQueue":[],"_animationSpeed":1,"_zoom":8.72},{"_mousePosition":[683,384],"_rootPartCFrame":[762.201,225.402,46.022,-0.95,0,0.314,0,1,0,-0.314,0,-0.95],"_humanoidState":5,"_cameraCFrame":[760.91,235.408,43.42,-0.983,-0.178,0.049,0,0.263,0.965,-0.185,0.948,-0.258],"_shiftlockState":true,"_pose":"FreeFall","_animationQueue":[],"_animationSpeed":1,"_zoom":8.72},{"_mousePosition":[683,384],"_rootPartCFrame":[761.94,224.671,45.973,-0.95,0,0.314,0,1,0,-0.314,0,-0.95],"_humanoidState":5,"_cameraCFrame":[760.646,234.645,43.379,-0.983,-0.178,0.049,0,0.263,0.965,-0.185,0.948,-0.258],"_shiftlockState":true,"_pose":"FreeFall","_animationQueue":[],"_animationSpeed":1,"_zoom":8.72},{"_mousePosition":[683,384],"_rootPartCFrame":[761.678,223.885,45.923,-0.95,0,0.314,0,1,0,-0.314,0,-0.95],"_humanoidState":5,"_cameraCFrame":[760.383,233.839,43.335,-0.983,-0.178,0.049,0,0.263,0.965,-0.185,0.948,-0.258],"_shiftlockState":true,"_pose":"FreeFall","_animationQueue":[],"_animationSpeed":1,"_zoom":8.72},{"_mousePosition":[683,384],"_rootPartCFrame":[761.416,223.045,45.874,-0.976,0,0.219,0,1,0,-0.219,0,-0.976],"_humanoidState":7,"_cameraCFrame":[760.121,232.985,43.29,-0.983,-0.178,0.049,0,0.263,0.965,-0.185,0.948,-0.258],"_shiftlockState":true,"_pose":"FreeFall","_animationQueue":[["fall",0.3],["walk",0.1],["fall",0.3],["fall",0.3]],"_animationSpeed":1,"_zoom":8.72},{"_mousePosition":[683,384],"_rootPartCFrame":[761.154,222.654,45.825,-0.982,0,0.187,0,1,0,-0.187,0,-0.982],"_humanoidState":7,"_cameraCFrame":[759.858,232.586,43.243,-0.983,-0.178,0.049,0,0.263,0.965,-0.185,0.948,-0.258],"_shiftlockState":true,"_pose":"FreeFall","_animationQueue":[],"_animationSpeed":1,"_zoom":8.72},{"_mousePosition":[683,384],"_rootPartCFrame":[760.892,222.738,45.776,-0.983,0,0.185,0,1,0,-0.185,0,-0.983],"_humanoidState":8,"_cameraCFrame":[759.596,232.662,43.195,-0.983,-0.178,0.049,0,0.263,0.965,-0.185,0.948,-0.258],"_shiftlockState":true,"_pose":"Running","_animationQueue":[["walk",0.1],["fall",0.3],["walk",0.1]],"_animationSpeed":1.103,"_zoom":8.72},{"_mousePosition":[683,384],"_rootPartCFrame":[760.63,222.827,45.726,-0.983,0,0.185,0,1,0,-0.185,0,-0.983],"_humanoidState":8,"_cameraCFrame":[759.334,232.748,43.147,-0.983,-0.178,0.049,0,0.263,0.965,-0.185,0.948,-0.258],"_shiftlockState":true,"_pose":"Running","_animationQueue":[],"_animationSpeed":1.103,"_zoom":8.72},{"_mousePosition":[683,384],"_rootPartCFrame":[760.368,222.882,45.677,-0.983,0,0.185,0,1,0,-0.185,0,-0.983],"_humanoidState":8,"_cameraCFrame":[759.072,232.8,43.099,-0.983,-0.178,0.049,0,0.263,0.965,-0.185,0.948,-0.258],"_shiftlockState":true,"_pose":"Running","_animationQueue":[],"_animationSpeed":1.103,"_zoom":8.72},{"_mousePosition":[683,384],"_rootPartCFrame":[760.106,222.912,45.628,-0.983,0,0.185,0,1,0,-0.185,0,-0.983],"_humanoidState":8,"_cameraCFrame":[758.81,232.829,43.05,-0.983,-0.178,0.049,0,0.263,0.965,-0.185,0.948,-0.258],"_shiftlockState":true,"_pose":"Running","_animationQueue":[],"_animationSpeed":1.103,"_zoom":8.72},{"_mousePosition":[683,384],"_rootPartCFrame":[759.844,222.929,45.579,-0.983,0,0.185,0,1,0,-0.185,0,-0.983],"_humanoidState":8,"_cameraCFrame":[758.548,232.844,43.001,-0.983,-0.178,0.049,0,0.263,0.965,-0.185,0.948,-0.258],"_shiftlockState":true,"_pose":"Running","_animationQueue":[],"_animationSpeed":1.103,"_zoom":8.72},{"_mousePosition":[683,384],"_rootPartCFrame":[759.582,222.938,45.529,-0.983,0,0.185,0,1,0,-0.185,0,-0.983],"_humanoidState":8,"_cameraCFrame":[758.286,232.853,42.952,-0.983,-0.178,0.049,0,0.263,0.965,-0.185,0.948,-0.258],"_shiftlockState":true,"_pose":"Running","_animationQueue":[["walk",0.1]],"_animationSpeed":1.103,"_zoom":8.72},{"_mousePosition":[683,384],"_rootPartCFrame":[759.32,222.943,45.48,-0.983,0,0.185,0,1,0,-0.185,0,-0.983],"_humanoidState":8,"_cameraCFrame":[758.024,232.857,42.903,-0.983,-0.178,0.049,0,0.263,0.965,-0.185,0.948,-0.258],"_shiftlockState":true,"_pose":"Running","_animationQueue":[],"_animationSpeed":1.103,"_zoom":8.72},{"_mousePosition":[683,384],"_rootPartCFrame":[759.058,222.946,45.431,-0.983,0,0.185,0,1,0,-0.185,0,-0.983],"_humanoidState":8,"_cameraCFrame":[757.762,232.86,42.853,-0.983,-0.178,0.049,0,0.263,0.965,-0.185,0.948,-0.258],"_shiftlockState":true,"_pose":"Running","_animationQueue":[],"_animationSpeed":1.103,"_zoom":8.72},{"_mousePosition":[683,384],"_rootPartCFrame":[758.796,222.948,45.382,-0.983,0,0.185,0,1,0,-0.185,0,-0.983],"_humanoidState":8,"_cameraCFrame":[757.515,232.863,42.803,-0.982,-0.184,0.05,0,0.262,0.965,-0.191,0.947,-0.257],"_shiftlockState":true,"_pose":"Running","_animationQueue":[],"_animationSpeed":1.103,"_zoom":8.72},{"_mousePosition":[683,384],"_rootPartCFrame":[758.534,222.948,45.332,-0.982,0,0.191,0,1,0,-0.191,0,-0.982],"_humanoidState":8,"_cameraCFrame":[757.285,232.867,42.75,-0.979,-0.197,0.053,0,0.261,0.965,-0.204,0.945,-0.255],"_shiftlockState":true,"_pose":"Running","_animationQueue":[],"_animationSpeed":1.103,"_zoom":8.72},{"_mousePosition":[683,384],"_rootPartCFrame":[758.272,222.949,45.282,-0.979,0,0.204,0,1,0,-0.204,0,-0.979],"_humanoidState":8,"_cameraCFrame":[757.056,232.871,42.696,-0.976,-0.21,0.056,0,0.259,0.966,-0.218,0.943,-0.253],"_shiftlockState":true,"_pose":"Running","_animationQueue":[],"_animationSpeed":1.103,"_zoom":8.72},{"_mousePosition":[683,384],"_rootPartCFrame":[758.011,222.949,45.228,-0.976,0,0.218,0,1,0,-0.218,0,-0.976],"_humanoidState":8,"_cameraCFrame":[756.824,232.875,42.64,-0.973,-0.222,0.059,0,0.258,0.966,-0.23,0.94,-0.251],"_shiftlockState":true,"_pose":"Running","_animationQueue":[],"_animationSpeed":1.103,"_zoom":8.72},{"_mousePosition":[683,384],"_rootPartCFrame":[757.751,222.949,45.17,-0.973,0,0.23,0,1,0,-0.23,0,-0.973],"_humanoidState":8,"_cameraCFrame":[756.596,232.879,42.58,-0.97,-0.235,0.062,0,0.256,0.967,-0.243,0.938,-0.248],"_shiftlockState":true,"_pose":"Running","_animationQueue":[["walk",0.1]],"_animationSpeed":1.103,"_zoom":8.72},{"_mousePosition":[683,384],"_rootPartCFrame":[757.491,222.949,45.11,-0.97,0,0.243,0,1,0,-0.243,0,-0.97],"_humanoidState":8,"_cameraCFrame":[756.358,232.884,42.527,-0.967,-0.245,0.064,0,0.254,0.967,-0.253,0.936,-0.245],"_shiftlockState":true,"_pose":"Running","_animationQueue":[],"_animationSpeed":1.103,"_zoom":8.72},{"_mousePosition":[683,384],"_rootPartCFrame":[757.232,222.949,45.045,-0.967,0,0.253,0,1,0,-0.253,0,-0.967],"_humanoidState":8,"_cameraCFrame":[756.109,232.888,42.47,-0.966,-0.25,0.065,0,0.252,0.968,-0.258,0.935,-0.244],"_shiftlockState":true,"_pose":"Running","_animationQueue":[],"_animationSpeed":1.103,"_zoom":8.72},{"_mousePosition":[683,384],"_rootPartCFrame":[756.974,222.949,44.978,-0.966,0,0.258,0,1,0,-0.258,0,-0.966],"_humanoidState":8,"_cameraCFrame":[755.848,232.891,42.416,-0.966,-0.25,0.065,0,0.251,0.968,-0.258,0.935,-0.242],"_shiftlockState":true,"_pose":"Running","_animationQueue":[],"_animationSpeed":1.103,"_zoom":8.72},{"_mousePosition":[683,384],"_rootPartCFrame":[756.716,222.949,44.909,-0.966,0,0.258,0,1,0,-0.258,0,-0.966],"_humanoidState":8,"_cameraCFrame":[755.579,232.897,42.369,-0.967,-0.248,0.064,0,0.248,0.969,-0.256,0.936,-0.24],"_shiftlockState":true,"_pose":"Running","_animationQueue":[],"_animationSpeed":1.103,"_zoom":8.72},{"_mousePosition":[683,384],"_rootPartCFrame":[756.459,222.949,44.841,-0.967,0,0.256,0,1,0,-0.256,0,-0.967],"_humanoidState":8,"_cameraCFrame":[755.299,232.904,42.334,-0.968,-0.242,0.061,0,0.245,0.97,-0.25,0.939,-0.237],"_shiftlockState":true,"_pose":"Running","_animationQueue":[],"_animationSpeed":1.103,"_zoom":8.72},{"_mousePosition":[683,384],"_rootPartCFrame":[756.201,222.949,44.772,-0.968,0,0.25,0,1,0,-0.25,0,-0.968],"_humanoidState":8,"_cameraCFrame":[755.016,232.91,42.3,-0.97,-0.236,0.059,0,0.242,0.97,-0.243,0.941,-0.235],"_shiftlockState":true,"_pose":"Running","_animationQueue":[["walk",0.1]],"_animationSpeed":1.103,"_zoom":8.72},{"_mousePosition":[683,384],"_rootPartCFrame":[755.943,222.949,44.705,-0.97,0,0.243,0,1,0,-0.243,0,-0.97],"_humanoidState":8,"_cameraCFrame":[754.739,232.917,42.266,-0.971,-0.231,0.057,0,0.239,0.971,-0.238,0.943,-0.232],"_shiftlockState":true,"_pose":"Running","_animationQueue":[],"_animationSpeed":1.103,"_zoom":8.72},{"_mousePosition":[683,384],"_rootPartCFrame":[755.685,222.915,44.639,-0.971,0,0.238,0,1,0,-0.238,0,-0.971],"_humanoidState":8,"_cameraCFrame":[754.46,232.891,42.239,-0.973,-0.226,0.055,0,0.235,0.972,-0.233,0.945,-0.228],"_shiftlockState":true,"_pose":"Running","_animationQueue":[],"_animationSpeed":1.103,"_zoom":8.72},{"_mousePosition":[683,384],"_rootPartCFrame":[755.426,222.827,44.572,-0.973,0,0.233,0,1,0,-0.233,0,-0.973],"_humanoidState":8,"_cameraCFrame":[754.178,232.811,42.214,-0.974,-0.221,0.052,0,0.231,0.973,-0.227,0.948,-0.225],"_shiftlockState":true,"_pose":"Running","_animationQueue":[],"_animationSpeed":1.103,"_zoom":8.72},{"_mousePosition":[683,384],"_rootPartCFrame":[755.168,223.7,44.505,-0.974,0,0.227,0,1,0,-0.227,0,-0.974],"_humanoidState":3,"_cameraCFrame":[753.892,233.694,42.197,-0.976,-0.213,0.049,0,0.226,0.974,-0.219,0.951,-0.221],"_shiftlockState":true,"_pose":"Jumping","_animationQueue":[["walk",0.1],["jump",0.1]],"_animationSpeed":1,"_zoom":8.72},{"_mousePosition":[683,384],"_rootPartCFrame":[754.909,224.522,44.444,-0.952,0,0.307,0,1,0,-0.307,0,-0.952],"_humanoidState":5,"_cameraCFrame":[753.601,234.524,42.183,-0.978,-0.203,0.046,0,0.222,0.975,-0.208,0.954,-0.217],"_shiftlockState":true,"_pose":"FreeFall","_animationQueue":[["jump",0.1]],"_animationSpeed":1,"_zoom":8.72},{"_mousePosition":[683,384],"_rootPartCFrame":[754.648,225.289,44.385,-0.943,0,0.332,0,1,0,-0.332,0,-0.943],"_humanoidState":5,"_cameraCFrame":[753.295,235.3,42.187,-0.981,-0.187,0.042,0,0.218,0.976,-0.192,0.958,-0.214],"_shiftlockState":true,"_pose":"FreeFall","_animationQueue":[],"_animationSpeed":1,"_zoom":8.72},{"_mousePosition":[683,384],"_rootPartCFrame":[754.388,226.003,44.329,-0.947,0,0.32,0,1,0,-0.32,0,-0.947],"_humanoidState":5,"_cameraCFrame":[752.994,236.021,42.186,-0.984,-0.172,0.038,0,0.214,0.977,-0.176,0.962,-0.21],"_shiftlockState":true,"_pose":"FreeFall","_animationQueue":[],"_animationSpeed":1,"_zoom":8.72},{"_mousePosition":[683,384],"_rootPartCFrame":[754.126,226.661,44.278,-0.952,0,0.306,0,1,0,-0.306,0,-0.952],"_humanoidState":5,"_cameraCFrame":[752.697,236.686,42.182,-0.987,-0.158,0.034,0,0.211,0.978,-0.162,0.965,-0.208],"_shiftlockState":true,"_pose":"FreeFall","_animationQueue":[],"_animationSpeed":1,"_zoom":8.72},{"_mousePosition":[683,384],"_rootPartCFrame":[753.864,227.265,44.23,-0.957,0,0.292,0,1,0,-0.292,0,-0.957],"_humanoidState":5,"_cameraCFrame":[752.399,237.297,42.19,-0.989,-0.144,0.03,0,0.207,0.978,-0.148,0.968,-0.204],"_shiftlockState":true,"_pose":"FreeFall","_animationQueue":[],"_animationSpeed":1,"_zoom":8.72},{"_mousePosition":[683,384],"_rootPartCFrame":[753.601,227.815,44.186,-0.961,0,0.278,0,1,0,-0.278,0,-0.961],"_humanoidState":5,"_cameraCFrame":[752.094,237.855,42.214,-0.992,-0.127,0.026,0,0.202,0.979,-0.13,0.971,-0.2],"_shiftlockState":true,"_pose":"FreeFall","_animationQueue":[],"_animationSpeed":1,"_zoom":8.72},{"_mousePosition":[683,384],"_rootPartCFrame":[753.337,228.31,44.146,-0.965,0,0.26,0,1,0,-0.26,0,-0.965],"_humanoidState":5,"_cameraCFrame":[751.792,238.356,42.228,-0.994,-0.11,0.022,0,0.199,0.98,-0.112,0.974,-0.197],"_shiftlockState":true,"_pose":"FreeFall","_animationQueue":[],"_animationSpeed":1,"_zoom":8.72},{"_mousePosition":[683,384],"_rootPartCFrame":[753.073,228.75,44.111,-0.97,0,0.243,0,1,0,-0.243,0,-0.97],"_humanoidState":5,"_cameraCFrame":[751.484,238.802,42.255,-0.996,-0.089,0.018,0,0.196,0.981,-0.09,0.977,-0.195],"_shiftlockState":true,"_pose":"FreeFall","_animationQueue":[],"_animationSpeed":1,"_zoom":8.72},{"_mousePosition":[683,384],"_rootPartCFrame":[752.808,229.136,44.08,-0.975,0,0.222,0,1,0,-0.222,0,-0.975],"_humanoidState":5,"_cameraCFrame":[751.175,239.193,42.289,-0.998,-0.066,0.013,0,0.192,0.981,-0.067,0.979,-0.192],"_shiftlockState":true,"_pose":"FreeFall","_animationQueue":[],"_animationSpeed":1,"_zoom":8.72},{"_mousePosition":[683,384],"_rootPartCFrame":[752.542,229.468,44.055,-0.98,0,0.199,0,1,0,-0.199,0,-0.98],"_humanoidState":5,"_cameraCFrame":[750.868,239.529,42.323,-0.999,-0.044,0.008,0,0.19,0.982,-0.044,0.981,-0.19],"_shiftlockState":true,"_pose":"FreeFall","_animationQueue":[],"_animationSpeed":1,"_zoom":8.72},{"_mousePosition":[683,384],"_rootPartCFrame":[752.276,229.745,44.036,-0.984,0,0.177,0,1,0,-0.177,0,-0.984],"_humanoidState":5,"_cameraCFrame":[750.56,239.811,42.372,-1,-0.02,0.004,0,0.187,0.982,-0.02,0.982,-0.187],"_shiftlockState":true,"_pose":"FreeFall","_animationQueue":[],"_animationSpeed":1,"_zoom":8.72},{"_mousePosition":[683,384],"_rootPartCFrame":[752.01,229.967,44.024,-0.988,0,0.153,0,1,0,-0.153,0,-0.988],"_humanoidState":5,"_cameraCFrame":[750.252,240.036,42.417,-1,0.005,-0.001,0,0.185,0.983,0.005,0.983,-0.185],"_shiftlockState":true,"_pose":"FreeFall","_animationQueue":[],"_animationSpeed":1,"_zoom":8.72},{"_mousePosition":[683,384],"_rootPartCFrame":[751.743,230.135,44.017,-0.992,0,0.128,0,1,0,-0.128,0,-0.992],"_humanoidState":5,"_cameraCFrame":[749.948,240.207,42.467,-1,0.028,-0.005,0,0.184,0.983,0.029,0.983,-0.184],"_shiftlockState":true,"_pose":"FreeFall","_animationQueue":[],"_animationSpeed":1,"_zoom":8.72},{"_mousePosition":[683,384],"_rootPartCFrame":[751.477,230.249,44.018,-0.995,0,0.104,0,1,0,-0.104,0,-0.995],"_humanoidState":5,"_cameraCFrame":[749.647,240.324,42.53,-0.999,0.051,-0.009,0,0.181,0.983,0.052,0.982,-0.181],"_shiftlockState":true,"_pose":"FreeFall","_animationQueue":[],"_animationSpeed":1,"_zoom":8.72},{"_mousePosition":[683,384],"_rootPartCFrame":[751.21,230.308,44.024,-0.997,0,0.081,0,1,0,-0.081,0,-0.997],"_humanoidState":5,"_cameraCFrame":[749.358,240.385,42.572,-0.998,0.067,-0.012,0,0.18,0.984,0.068,0.981,-0.18],"_shiftlockState":true,"_pose":"FreeFall","_animationQueue":[],"_animationSpeed":1,"_zoom":8.72},{"_mousePosition":[683,384],"_rootPartCFrame":[750.944,230.312,44.037,-0.998,0,0.066,0,1,0,-0.066,0,-0.998],"_humanoidState":5,"_cameraCFrame":[749.077,240.39,42.612,-0.997,0.077,-0.014,0,0.18,0.984,0.078,0.981,-0.179],"_shiftlockState":true,"_pose":"FreeFall","_animationQueue":[["fall",0.3]],"_animationSpeed":1,"_zoom":8.72},{"_mousePosition":[683,384],"_rootPartCFrame":[750.678,230.262,44.055,-0.998,0,0.055,0,1,0,-0.055,0,-0.998],"_humanoidState":5,"_cameraCFrame":[748.799,240.34,42.645,-0.996,0.085,-0.016,0,0.18,0.984,0.086,0.98,-0.179],"_shiftlockState":true,"_pose":"FreeFall","_animationQueue":[],"_animationSpeed":1,"_zoom":8.72},{"_mousePosition":[683,384],"_rootPartCFrame":[750.412,230.158,44.075,-0.999,0,0.047,0,1,0,-0.047,0,-0.999],"_humanoidState":5,"_cameraCFrame":[748.518,240.236,42.685,-0.995,0.095,-0.017,0,0.18,0.984,0.097,0.979,-0.179],"_shiftlockState":true,"_pose":"FreeFall","_animationQueue":[],"_animationSpeed":1,"_zoom":8.72},{"_mousePosition":[683,384],"_rootPartCFrame":[750.146,229.999,44.098,-0.999,0,0.036,0,1,0,-0.036,0,-0.999],"_humanoidState":5,"_cameraCFrame":[748.234,240.077,42.734,-0.994,0.109,-0.02,0,0.18,0.984,0.11,0.978,-0.179],"_shiftlockState":true,"_pose":"FreeFall","_animationQueue":[],"_animationSpeed":1,"_zoom":8.72},{"_mousePosition":[683,384],"_rootPartCFrame":[749.881,229.785,44.123,-1,0,0.023,0,1,0,-0.023,0,-1],"_humanoidState":5,"_cameraCFrame":[747.946,239.861,42.775,-0.992,0.124,-0.023,0,0.181,0.983,0.126,0.976,-0.18],"_shiftlockState":true,"_pose":"FreeFall","_animationQueue":[],"_animationSpeed":1,"_zoom":8.72},{"_mousePosition":[683,384],"_rootPartCFrame":[749.616,229.517,44.152,-1,0,0.007,0,1,0,-0.007,0,-1],"_humanoidState":5,"_cameraCFrame":[747.653,239.592,42.836,-0.989,0.143,-0.027,0,0.182,0.983,0.146,0.973,-0.18],"_shiftlockState":true,"_pose":"FreeFall","_animationQueue":[],"_animationSpeed":1,"_zoom":8.72},{"_mousePosition":[683,384],"_rootPartCFrame":[749.351,229.195,44.185,-1,0,-0.013,0,1,0,0.013,0,-1],"_humanoidState":5,"_cameraCFrame":[747.361,239.265,42.886,-0.986,0.161,-0.03,0,0.184,0.983,0.164,0.969,-0.182],"_shiftlockState":true,"_pose":"FreeFall","_animationQueue":[],"_animationSpeed":1,"_zoom":8.72},{"_mousePosition":[683,384],"_rootPartCFrame":[749.087,228.818,44.223,-0.999,0,-0.032,0,1,0,0.032,0,-0.999],"_humanoidState":5,"_cameraCFrame":[747.071,238.883,42.928,-0.984,0.177,-0.034,0,0.188,0.982,0.18,0.966,-0.185],"_shiftlockState":true,"_pose":"FreeFall","_animationQueue":[],"_animationSpeed":1,"_zoom":8.72},{"_mousePosition":[683,384],"_rootPartCFrame":[748.824,228.386,44.266,-0.999,0,-0.047,0,1,0,0.047,0,-0.999],"_humanoidState":5,"_cameraCFrame":[746.792,238.446,42.961,-0.982,0.185,-0.036,0,0.191,0.982,0.188,0.964,-0.187],"_shiftlockState":true,"_pose":"FreeFall","_animationQueue":[["fall",0.3]],"_animationSpeed":1,"_zoom":8.72},{"_mousePosition":[683,384],"_rootPartCFrame":[748.561,227.9,44.314,-0.998,0,-0.056,0,1,0,0.056,0,-0.998],"_humanoidState":5,"_cameraCFrame":[746.524,237.956,42.99,-0.982,0.185,-0.037,0,0.193,0.981,0.189,0.963,-0.19],"_shiftlockState":true,"_pose":"FreeFall","_animationQueue":[],"_animationSpeed":1,"_zoom":8.72},{"_mousePosition":[683,384],"_rootPartCFrame":[748.299,227.36,44.363,-0.998,0,-0.057,0,1,0,0.057,0,-0.998],"_humanoidState":5,"_cameraCFrame":[746.254,237.399,42.948,-0.983,0.18,-0.037,0,0.203,0.979,0.184,0.963,-0.199],"_shiftlockState":true,"_pose":"FreeFall","_animationQueue":[],"_animationSpeed":1,"_zoom":8.72},{"_mousePosition":[683,384],"_rootPartCFrame":[748.037,226.765,44.414,-0.999,0,-0.052,0,1,0,0.052,0,-0.999],"_humanoidState":5,"_cameraCFrame":[745.996,236.776,42.834,-0.986,0.162,-0.036,0,0.218,0.976,0.166,0.962,-0.215],"_shiftlockState":true,"_pose":"FreeFall","_animationQueue":[],"_animationSpeed":1,"_zoom":8.72},{"_mousePosition":[683,384],"_rootPartCFrame":[747.775,226.116,44.463,-0.999,0,-0.034,0,1,0,0.034,0,-0.999],"_humanoidState":5,"_cameraCFrame":[745.746,236.09,42.682,-0.989,0.141,-0.034,0,0.236,0.972,0.145,0.962,-0.233],"_shiftlockState":true,"_pose":"FreeFall","_animationQueue":[],"_animationSpeed":1,"_zoom":8.72},{"_mousePosition":[683,384],"_rootPartCFrame":[747.512,225.412,44.508,-1,0,-0.012,0,1,0,0.012,0,-1],"_humanoidState":5,"_cameraCFrame":[745.503,235.326,42.445,-0.993,0.115,-0.031,0,0.262,0.965,0.119,0.958,-0.26],"_shiftlockState":true,"_pose":"FreeFall","_animationQueue":[],"_animationSpeed":1,"_zoom":8.72},{"_mousePosition":[683,384],"_rootPartCFrame":[747.203,224.455,44.595,-1,0,0.018,0,1,0,-0.018,0,-1],"_humanoidState":5,"_cameraCFrame":[745.212,234.31,42.286,-0.995,0.096,-0.029,0,0.286,0.958,0.1,0.953,-0.285],"_shiftlockState":true,"_pose":"FreeFall","_animationQueue":[["fall",0.3]],"_animationSpeed":1,"_zoom":8.72},{"_mousePosition":[683,384],"_rootPartCFrame":[747.033,223.84,44.673,-1,0,-0.023,0,1,0,0.023,0,-1],"_humanoidState":5,"_cameraCFrame":[745.057,233.615,42.08,-0.996,0.08,-0.027,0,0.316,0.949,0.084,0.946,-0.314],"_shiftlockState":true,"_pose":"FreeFall","_animationQueue":[],"_animationSpeed":1,"_zoom":8.72},{"_mousePosition":[683,384],"_rootPartCFrame":[746.823,222.973,44.807,-1,0,0.018,0,1,0,-0.018,0,-1],"_humanoidState":5,"_cameraCFrame":[744.853,232.659,41.944,-0.997,0.07,-0.026,0,0.344,0.939,0.075,0.936,-0.343],"_shiftlockState":true,"_pose":"FreeFall","_animationQueue":[],"_animationSpeed":1,"_zoom":8.72},{"_mousePosition":[683,384],"_rootPartCFrame":[746.633,222.051,44.976,-1,0,0.028,0,1,0,-0.028,0,-1],"_humanoidState":5,"_cameraCFrame":[744.666,231.672,41.932,-0.998,0.065,-0.025,0,0.364,0.931,0.07,0.929,-0.363],"_shiftlockState":true,"_pose":"FreeFall","_animationQueue":[],"_animationSpeed":1,"_zoom":8.72},{"_mousePosition":[683,384],"_rootPartCFrame":[746.457,221.074,45.174,-0.999,0,0.034,0,1,0,-0.034,0,-0.999],"_humanoidState":5,"_cameraCFrame":[744.486,230.636,41.976,-0.998,0.063,-0.026,0,0.381,0.924,0.068,0.922,-0.38],"_shiftlockState":true,"_pose":"FreeFall","_animationQueue":[],"_animationSpeed":1,"_zoom":8.72},{"_mousePosition":[683,384],"_rootPartCFrame":[746.299,221.087,45.357,-0.999,0,-0.036,0,1,0,0.036,0,-0.999],"_humanoidState":12,"_cameraCFrame":[744.319,230.594,42.029,-0.998,0.062,-0.027,0,0.396,0.918,0.068,0.916,-0.395],"_shiftlockState":true,"_pose":"Climbing","_animationQueue":[["walk",0.1],["fall",0.3],["climb",0.1],["climb",0]],"_animationSpeed":-4.985,"_zoom":8.72},{"_mousePosition":[683,384],"_rootPartCFrame":[746.167,221.27,45.51,-0.998,0,-0.064,0,1,0,0.064,0,-0.998],"_humanoidState":12,"_cameraCFrame":[744.172,230.723,42.064,-0.998,0.064,-0.029,0,0.41,0.912,0.07,0.91,-0.409],"_shiftlockState":true,"_pose":"Climbing","_animationQueue":[["climb",0.1]],"_animationSpeed":0.816,"_zoom":8.72},{"_mousePosition":[683,384],"_rootPartCFrame":[746.067,221.448,45.588,-0.999,-0.004,-0.032,-0.004,1,0,0.032,0,-0.999],"_humanoidState":12,"_cameraCFrame":[744.06,230.878,42.093,-0.997,0.064,-0.029,0,0.416,0.909,0.071,0.907,-0.415],"_shiftlockState":true,"_pose":"Climbing","_animationQueue":[["climb",0.1]],"_animationSpeed":0.931,"_zoom":8.72},{"_mousePosition":[683,384],"_rootPartCFrame":[746.012,221.633,45.603,-0.999,-0.002,-0.052,-0.002,1,0,0.052,0,-0.999],"_humanoidState":12,"_cameraCFrame":[744.007,231.063,42.109,-0.997,0.064,-0.029,0,0.416,0.909,0.071,0.907,-0.415],"_shiftlockState":true,"_pose":"Climbing","_animationQueue":[],"_animationSpeed":0.931,"_zoom":8.72},{"_mousePosition":[683,384],"_rootPartCFrame":[745.996,221.82,45.599,-0.998,0,-0.067,0,1,0,0.067,0,-0.998],"_humanoidState":12,"_cameraCFrame":[743.993,231.25,42.105,-0.997,0.064,-0.029,0,0.416,0.909,0.071,0.907,-0.415],"_shiftlockState":true,"_pose":"Climbing","_animationQueue":[],"_animationSpeed":0.931,"_zoom":8.72},{"_mousePosition":[683,384],"_rootPartCFrame":[745.995,222.007,45.597,-0.998,0,-0.07,0,1,0,0.07,0,-0.998],"_humanoidState":12,"_cameraCFrame":[743.993,231.436,42.102,-0.997,0.064,-0.029,0,0.416,0.909,0.071,0.907,-0.415],"_shiftlockState":true,"_pose":"Climbing","_animationQueue":[["climb",0]],"_animationSpeed":0.931,"_zoom":8.72},{"_mousePosition":[683,384],"_rootPartCFrame":[745.995,222.193,45.596,-0.997,0,-0.071,0,1,0,0.071,0,-0.997],"_humanoidState":12,"_cameraCFrame":[743.993,231.623,42.102,-0.997,0.064,-0.029,0,0.416,0.909,0.071,0.907,-0.415],"_shiftlockState":true,"_pose":"Climbing","_animationQueue":[],"_animationSpeed":0.931,"_zoom":8.72},{"_mousePosition":[683,384],"_rootPartCFrame":[745.995,222.38,45.596,-0.997,0,-0.071,0,1,0,0.071,0,-0.997],"_humanoidState":12,"_cameraCFrame":[743.993,231.81,42.102,-0.997,0.064,-0.029,0,0.416,0.909,0.071,0.907,-0.415],"_shiftlockState":true,"_pose":"Climbing","_animationQueue":[],"_animationSpeed":0.931,"_zoom":8.72},{"_mousePosition":[683,384],"_rootPartCFrame":[745.995,222.566,45.596,-0.997,0,-0.071,0,1,0,0.071,0,-0.997],"_humanoidState":12,"_cameraCFrame":[744.004,231.996,42.095,-0.998,0.061,-0.028,0,0.416,0.909,0.068,0.907,-0.415],"_shiftlockState":true,"_pose":"Climbing","_animationQueue":[],"_animationSpeed":0.931,"_zoom":8.72},{"_mousePosition":[683,384],"_rootPartCFrame":[745.979,222.716,45.604,-0.998,-0.001,-0.059,-0.001,1,0,0.059,0,-0.998],"_humanoidState":8,"_cameraCFrame":[744.253,232.113,41.895,-1,-0.006,0.003,0,0.424,0.906,-0.007,0.906,-0.424],"_shiftlockState":true,"_pose":"Standing","_animationQueue":[["climb",0.1],["idle",0.1],["idle",0.1]],"_animationSpeed":1,"_zoom":8.72},{"_mousePosition":[683,384],"_rootPartCFrame":[745.946,222.8,45.6,-0.999,0.003,0.041,0.003,1,0,-0.041,0,-0.999],"_humanoidState":5,"_cameraCFrame":[745.124,232.111,41.429,-0.974,-0.203,0.101,0,0.444,0.896,-0.227,0.873,-0.433],"_shiftlockState":true,"_pose":"FreeFall","_an