[{"_mousePosition":[470,305],"_rootPartCFrame":[776.035,222.7,47.142,-0.001,0,1,0,1,0,-1,0,-0.001],"_humanoidState":8,"_cameraCFrame":[787.687,241.255,47.267,0.011,-0.826,0.564,0,0.564,0.826,-1,-0.009,0.006],"_shiftlockState":false,"_pose":"Standing","_animationQueue":[],"_animationSpeed":1,"_zoom":20.656},{"_mousePosition":[470,305],"_rootPartCFrame":[775.788,222.7,47.139,0.001,0,1,0,1,0,-1,0,0.001],"_humanoidState":8,"_cameraCFrame":[787.374,241.3,47.233,0.008,-0.828,0.561,0,0.561,0.828,-1,-0.007,0.005],"_shiftlockState":false,"_pose":"Standing","_animationQueue":[["idle",0]],"_animationSpeed":1,"_zoom":20.656},{"_mousePosition":[470,305],"_rootPartCFrame":[775.522,222.7,47.136,0.002,0,1,0,1,0,-1,0,0.002],"_humanoidState":8,"_cameraCFrame":[787.042,241.345,47.23,0.008,-0.83,0.558,0,0.558,0.83,-1,-0.007,0.005],"_shiftlockState":false,"_pose":"Running","_animationQueue":[["walk",0.1]],"_animationSpeed":1.066,"_zoom":20.656},{"_mousePosition":[470,305],"_rootPartCFrame":[775.389,222.7,47.135,0.002,0,1,0,1,0,-1,0,0.002],"_humanoidState":8,"_cameraCFrame":[786.875,241.367,47.229,0.008,-0.831,0.556,0,0.556,0.831,-1,-0.007,0.005],"_shiftlockState":false,"_pose":"Running","_animationQueue":[],"_animationSpeed":1.066,"_zoom":20.656},{"_mousePosition":[470,305],"_rootPartCFrame":[775.122,222.7,47.133,0.003,0,1,0,1,0,-1,0,0.003],"_humanoidState":8,"_cameraCFrame":[786.609,241.367,47.197,0.006,-0.831,0.556,0,0.556,0.831,-1,-0.005,0.003],"_shiftlockState":false,"_pose":"Running","_animationQueue":[],"_animationSpeed":1.066,"_zoom":20.656},{"_mousePosition":[470,305],"_rootPartCFrame":[774.722,222.7,47.13,0.004,0,1,0,1,0,-1,0,0.004],"_humanoidState":8,"_cameraCFrame":[786.175,241.39,47.194,0.006,-0.832,0.554,0,0.554,0.832,-1,-0.005,0.003],"_shiftlockState":false,"_pose":"Running","_animationQueue":[],"_animationSpeed":1.066,"_zoom":20.656},{"_mousePosition":[470,305],"_rootPartCFrame":[774.589,222.7,47.129,0.004,0,1,0,1,0,-1,0,0.004],"_humanoidState":8,"_cameraCFrame":[786.008,241.412,47.193,0.006,-0.833,0.553,0,0.553,0.833,-1,-0.005,0.003],"_shiftlockState":false,"_pose":"Running","_animationQueue":[],"_animationSpeed":1.066,"_zoom":20.656},{"_mousePosition":[470,305],"_rootPartCFrame":[774.322,222.7,47.127,0.005,0,1,0,1,0,-1,0,0.005],"_humanoidState":8,"_cameraCFrame":[785.708,241.434,47.162,0.003,-0.834,0.551,0,0.551,0.834,-1,-0.003,0.002],"_shiftlockState":false,"_pose":"Running","_animationQueue":[],"_animationSpeed":1.066,"_zoom":20.656},{"_mousePosition":[470,305],"_rootPartCFrame":[774.056,222.7,47.126,0.005,0,1,0,1,0,-1,0,0.005],"_humanoidState":8,"_cameraCFrame":[785.442,241.434,47.161,0.003,-0.834,0.551,0,0.551,0.834,-1,-0.003,0.002],"_shiftlockState":false,"_pose":"Running","_animationQueue":[["walk",0.1]],"_animationSpeed":1.066,"_zoom":20.656},{"_mousePosition":[470,305],"_rootPartCFrame":[773.789,222.7,47.125,0.005,0,1,0,1,0,-1,0,0.005],"_humanoidState":8,"_cameraCFrame":[785.141,241.456,47.16,0.003,-0.835,0.55,0,0.55,0.835,-1,-0.003,0.002],"_shiftlockState":false,"_pose":"Running","_animationQueue":[],"_animationSpeed":1.066,"_zoom":20.656},{"_mousePosition":[470,305],"_rootPartCFrame":[773.522,222.7,47.124,0.004,0,1,0,1,0,-1,0,0.004],"_humanoidState":8,"_cameraCFrame":[784.841,241.478,47.13,0.001,-0.837,0.548,0,0.548,0.837,-1,0,0],"_shiftlockState":false,"_pose":"Running","_animationQueue":[],"_animationSpeed":1.066,"_zoom":20.656},{"_mousePosition":[470,305],"_rootPartCFrame":[773.256,222.7,47.123,0.004,0,1,0,1,0,-1,0,0.004],"_humanoidState":8,"_cameraCFrame":[784.541,241.5,47.13,0.001,-0.838,0.546,0,0.546,0.838,-1,0,0],"_shiftlockState":false,"_pose":"Running","_animationQueue":[],"_animationSpeed":1.066,"_zoom":20.656},{"_mousePosition":[470,305],"_rootPartCFrame":[772.855,222.7,47.123,0.003,0,1,0,1,0,-1,0,0.003],"_humanoidState":8,"_cameraCFrame":[784.107,241.522,47.101,-0.002,-0.839,0.545,0,0.545,0.839,-1,0.002,-0.001],"_shiftlockState":false,"_pose":"Running","_animationQueue":[],"_animationSpeed":1.066,"_zoom":20.656},{"_mousePosition":[470,305],"_rootPartCFrame":[772.722,222.7,47.123,0.003,0,1,0,1,0,-1,0,0.003],"_humanoidState":8,"_cameraCFrame":[783.94,241.544,47.072,-0.005,-0.84,0.543,0,0.543,0.84,-1,0.004,-0.002],"_shiftlockState":false,"_pose":"Running","_animationQueue":[],"_animationSpeed":1.066,"_zoom":20.656},{"_mousePosition":[470,305],"_rootPartCFrame":[772.322,222.7,47.124,0.002,0,1,0,1,0,-1,0,0.002],"_humanoidState":8,"_cameraCFrame":[783.472,241.588,47.073,-0.005,-0.842,0.54,0,0.54,0.842,-1,0.004,-0.002],"_shiftlockState":false,"_pose":"Running","_animationQueue":[["walk",0.1]],"_animationSpeed":1.066,"_zoom":20.656},{"_mousePosition":[470,305],"_rootPartCFrame":[772.189,222.7,47.124,0.002,0,1,0,1,0,-1,0,0.002],"_humanoidState":8,"_cameraCFrame":[783.338,241.588,47.046,-0.007,-0.842,0.54,0,0.54,0.842,-1,0.006,-0.004],"_shiftlockState":false,"_pose":"Running","_animationQueue":[],"_animationSpeed":1.066,"_zoom":20.656},{"_mousePosition":[470,305],"_rootPartCFrame":[771.789,222.7,47.126,0.001,0,1,0,1,0,-1,0,0.001],"_humanoidState":8,"_cameraCFrame":[782.904,241.61,47.048,-0.007,-0.843,0.538,0,0.538,0.843,-1,0.006,-0.004],"_shiftlockState":false,"_pose":"Running","_animationQueue":[],"_animationSpeed":1.066,"_zoom":20.656},{"_mousePosition":[470,305],"_rootPartCFrame":[771.522,222.7,47.128,0,0,1,0,1,0,-1,0,0],"_humanoidState":8,"_cameraCFrame":[782.604,241.631,47.05,-0.007,-0.844,0.536,0,0.537,0.844,-1,0.006,-0.004],"_shiftlockState":false,"_pose":"Running","_animationQueue":[],"_animationSpeed":1.066,"_zoom":20.656},{"_mousePosition":[470,305],"_rootPartCFrame":[771.389,222.7,47.129,-0.001,0,1,0,1,0,-1,0,-0.001],"_humanoidState":8,"_cameraCFrame":[782.47,241.631,47.023,-0.01,-0.844,0.536,0,0.537,0.844,-1,0.008,-0.005],"_shiftlockState":false,"_pose":"Running","_animationQueue":[],"_animationSpeed":1.066,"_zoom":20.656},{"_mousePosition":[470,305],"_rootPartCFrame":[771.122,222.7,47.131,-0.002,0,1,0,1,0,-1,0,-0.002],"_humanoidState":8,"_cameraCFrame":[782.204,241.631,47.025,-0.01,-0.844,0.536,0,0.537,0.844,-1,0.008,-0.005],"_shiftlockState":false,"_pose":"Running","_animationQueue":[],"_animationSpeed":1.066,"_zoom":20.656},{"_mousePosition":[470,305],"_rootPartCFrame":[770.855,222.7,47.133,-0.003,0,1,0,1,0,-1,0,-0.003],"_humanoidState":8,"_cameraCFrame":[781.937,241.631,47.027,-0.01,-0.844,0.536,0,0.537,0.844,-1,0.008,-0.005],"_shiftlockState":false,"_pose":"Running","_animationQueue":[],"_animationSpeed":1.066,"_zoom":20.656},{"_mousePosition":[470,305],"_rootPartCFrame":[770.456,222.7,47.137,-0.004,0,1,0,1,0,-1,0,-0.004],"_humanoidState":8,"_cameraCFrame":[781.537,241.631,47.031,-0.01,-0.844,0.536,0,0.537,0.844,-1,0.008,-0.005],"_shiftlockState":false,"_pose":"Running","_animationQueue":[["walk",0.1]],"_animationSpeed":1.066,"_zoom":20.656},{"_mousePosition":[470,305],"_rootPartCFrame":[770.189,223.563,47.14,-0.005,0,1,0,1,0,-1,0,-0.005],"_humanoidState":3,"_cameraCFrame":[781.271,242.494,47.033,-0.01,-0.844,0.536,0,0.537,0.844,-1,0.008,-0.005],"_shiftlockState":false,"_pose":"Jumping","_animationQueue":[["walk",0.1],["jump",0.1]],"_animationSpeed":1,"_zoom":20.656},{"_mousePosition":[470,305],"_rootPartCFrame":[769.989,224.174,47.141,-0.006,0,1,0,1,0,-1,0,-0.006],"_humanoidState":5,"_cameraCFrame":[781.071,243.105,47.035,-0.01,-0.844,0.536,0,0.537,0.844,-1,0.008,-0.005],"_shiftlockState":false,"_pose":"FreeFall","_animationQueue":[["jump",0.1]],"_animationSpeed":1,"_zoom":20.656},{"_mousePosition":[470,305],"_rootPartCFrame":[769.722,224.941,47.144,-0.006,0,1,0,1,0,-1,0,-0.006],"_humanoidState":5,"_cameraCFrame":[780.804,243.873,47.038,-0.01,-0.844,0.536,0,0.537,0.844,-1,0.008,-0.005],"_shiftlockState":false,"_pose":"FreeFall","_animationQueue":[],"_animationSpeed":1,"_zoom":20.656},{"_mousePosition":[470,305],"_rootPartCFrame":[769.456,225.654,47.147,-0.007,0,1,0,1,0,-1,0,-0.007],"_humanoidState":5,"_cameraCFrame":[780.537,244.586,47.041,-0.01,-0.844,0.536,0,0.537,0.844,-1,0.008,-0.005],"_shiftlockState":false,"_pose":"FreeFall","_animationQueue":[],"_animationSpeed":1,"_zoom":20.656},{"_mousePosition":[470,305],"_rootPartCFrame":[769.189,226.313,47.149,-0.007,0,1,0,1,0,-1,0,-0.007],"_humanoidState":5,"_cameraCFrame":[780.271,245.245,47.043,-0.01,-0.844,0.536,0,0.537,0.844,-1,0.008,-0.005],"_shiftlockState":false,"_pose":"FreeFall","_animationQueue":[],"_animationSpeed":1,"_zoom":20.656},{"_mousePosition":[470,305],"_rootPartCFrame":[768.923,226.917,47.152,-0.007,0,1,0,1,0,-1,0,-0.007],"_humanoidState":5,"_cameraCFrame":[780.004,245.849,47.046,-0.01,-0.844,0.536,0,0.537,0.844,-1,0.008,-0.005],"_shiftlockState":false,"_pose":"FreeFall","_animationQueue":[],"_animationSpeed":1,"_zoom":20.656},{"_mousePosition":[470,305],"_rootPartCFrame":[768.589,227.595,47.155,-0.008,0,1,0,1,0,-1,0,-0.008],"_humanoidState":5,"_cameraCFrame":[779.671,246.527,47.049,-0.01,-0.844,0.536,0,0.537,0.844,-1,0.008,-0.005],"_shiftlockState":false,"_pose":"FreeFall","_animationQueue":[],"_animationSpeed":1,"_zoom":20.656},{"_mousePosition":[470,305],"_rootPartCFrame":[768.389,227.962,47.157,-0.008,0,1,0,1,0,-1,0,-0.008],"_humanoidState":5,"_cameraCFrame":[779.471,246.893,47.051,-0.01,-0.844,0.536,0,0.537,0.844,-1,0.008,-0.005],"_shiftlockState":false,"_pose":"FreeFall","_animationQueue":[],"_animationSpeed":1,"_zoom":20.656},{"_mousePosition":[470,305],"_rootPartCFrame":[768.123,228.402,47.159,-0.008,0,1,0,1,0,-1,0,-0.008],"_humanoidState":5,"_cameraCFrame":[779.17,247.355,47.054,-0.01,-0.845,0.535,0,0.535,0.845,-1,0.008,-0.005],"_shiftlockState":false,"_pose":"FreeFall","_animationQueue":[],"_animationSpeed":1,"_zoom":20.656},{"_mousePosition":[470,305],"_rootPartCFrame":[767.856,228.788,47.162,-0.008,0,1,0,1,0,-1,0,-0.008],"_humanoidState":5,"_cameraCFrame":[778.904,247.741,47.056,-0.01,-0.845,0.535,0,0.535,0.845,-1,0.008,-0.005],"_shiftlockState":false,"_pose":"FreeFall","_animationQueue":[],"_animationSpeed":1,"_zoom":20.656},{"_mousePosition":[470,305],"_rootPartCFrame":[767.523,229.194,47.165,-0.009,0,1,0,1,0,-1,0,-0.009],"_humanoidState":5,"_cameraCFrame":[778.536,248.169,47.06,-0.01,-0.846,0.533,0,0.533,0.846,-1,0.008,-0.005],"_shiftlockState":false,"_pose":"FreeFall","_animationQueue":[],"_animationSpeed":1,"_zoom":20.656},{"_mousePosition":[470,305],"_rootPartCFrame":[767.323,229.397,47.167,-0.009,0,1,0,1,0,-1,0,-0.009],"_humanoidState":5,"_cameraCFrame":[778.337,248.371,47.089,-0.007,-0.846,0.533,0,0.533,0.846,-1,0.006,-0.004],"_shiftlockState":false,"_pose":"FreeFall","_animationQueue":[],"_animationSpeed":1,"_zoom":20.656},{"_mousePosition":[470,305],"_rootPartCFrame":[767.056,229.619,47.169,-0.009,0,1,0,1,0,-1,0,-0.009],"_humanoidState":5,"_cameraCFrame":[778.036,248.615,47.092,-0.007,-0.847,0.532,0,0.532,0.847,-1,0.006,-0.004],"_shiftlockState":false,"_pose":"FreeFall","_animationQueue":[],"_animationSpeed":1,"_zoom":20.656},{"_mousePosition":[470,305],"_rootPartCFrame":[766.723,229.821,47.172,-0.009,0,1,0,1,0,-1,0,-0.009],"_humanoidState":5,"_cameraCFrame":[777.703,248.817,47.095,-0.007,-0.847,0.532,0,0.532,0.847,-1,0.006,-0.004],"_shiftlockState":false,"_pose":"FreeFall","_animationQueue":[],"_animationSpeed":1,"_zoom":20.656},{"_mousePosition":[470,305],"_rootPartCFrame":[766.457,229.921,47.174,-0.008,0,1,0,1,0,-1,0,-0.008],"_humanoidState":5,"_cameraCFrame":[777.436,248.917,47.097,-0.007,-0.847,0.532,0,0.532,0.847,-1,0.006,-0.004],"_shiftlockState":false,"_pose":"FreeFall","_animationQueue":[],"_animationSpeed":1,"_zoom":20.656},{"_mousePosition":[470,305],"_rootPartCFrame":[766.257,229.96,47.175,-0.008,0,1,0,1,0,-1,0,-0.008],"_humanoidState":5,"_cameraCFrame":[777.236,248.956,47.098,-0.007,-0.847,0.532,0,0.532,0.847,-1,0.006,-0.004],"_shiftlockState":false,"_pose":"FreeFall","_animationQueue":[],"_animationSpeed":1,"_zoom":20.656},{"_mousePosition":[470,305],"_rootPartCFrame":[765.99,229.964,47.177,-0.008,0,1,0,1,0,-1,0,-0.008],"_humanoidState":5,"_cameraCFrame":[776.97,248.96,47.1,-0.007,-0.847,0.532,0,0.532,0.847,-1,0.006,-0.004],"_shiftlockState":false,"_pose":"FreeFall","_animationQueue":[],"_animationSpeed":1,"_zoom":20.656},{"_mousePosition":[470,305],"_rootPartCFrame":[765.657,229.893,47.179,-0.008,0,1,0,1,0,-1,0,-0.008],"_humanoidState":5,"_cameraCFrame":[776.636,248.889,47.102,-0.007,-0.847,0.532,0,0.532,0.847,-1,0.006,-0.004],"_shiftlockState":false,"_pose":"FreeFall","_animationQueue":[],"_animationSpeed":1,"_zoom":20.656},{"_mousePosition":[470,305],"_rootPartCFrame":[765.457,229.81,47.181,-0.008,0,1,0,1,0,-1,0,-0.008],"_humanoidState":5,"_cameraCFrame":[776.437,248.806,47.159,-0.002,-0.847,0.532,0,0.532,0.847,-1,0.002,-0.001],"_shiftlockState":false,"_pose":"FreeFall","_animationQueue":[],"_animationSpeed":1,"_zoom":20.656},{"_mousePosition":[470,305],"_rootPartCFrame":[765.124,229.603,47.183,-0.008,0,1,0,1,0,-1,0,-0.008],"_humanoidState":5,"_cameraCFrame":[776.103,248.599,47.161,-0.002,-0.847,0.532,0,0.532,0.847,-1,0.002,-0.001],"_shiftlockState":false,"_pose":"FreeFall","_animationQueue":[["fall",0.3]],"_animationSpeed":1,"_zoom":20.656},{"_mousePosition":[470,305],"_rootPartCFrame":[764.924,229.437,47.184,-0.007,0,1,0,1,0,-1,0,-0.007],"_humanoidState":5,"_cameraCFrame":[775.869,248.455,47.19,0.001,-0.848,0.53,0,0.53,0.848,-1,0,0],"_shiftlockState":false,"_pose":"FreeFall","_animationQueue":[],"_animationSpeed":1,"_zoom":20.656},{"_mousePosition":[470,305],"_rootPartCFrame":[764.657,229.169,47.184,-0.007,0,1,0,1,0,-1,0,-0.007],"_humanoidState":5,"_cameraCFrame":[775.603,248.187,47.218,0.003,-0.848,0.53,0,0.53,0.848,-1,-0.003,0.002],"_shiftlockState":false,"_pose":"FreeFall","_animationQueue":[],"_animationSpeed":1,"_zoom":20.656},{"_mousePosition":[470,305],"_rootPartCFrame":[764.39,228.847,47.184,-0.006,0,1,0,1,0,-1,0,-0.006],"_humanoidState":5,"_cameraCFrame":[775.302,247.886,47.273,0.008,-0.849,0.528,0,0.528,0.849,-1,-0.007,0.004],"_shiftlockState":false,"_pose":"FreeFall","_animationQueue":[],"_animationSpeed":1,"_zoom":20.656},{"_mousePosition":[470,305],"_rootPartCFrame":[764.124,228.47,47.184,-0.005,0,1,0,1,0,-1,0,-0.005],"_humanoidState":5,"_cameraCFrame":[775.001,247.53,47.3,0.011,-0.85,0.527,0,0.527,0.85,-1,-0.009,0.006],"_shiftlockState":false,"_pose":"FreeFall","_animationQueue":[],"_animationSpeed":1,"_zoom":20.656},{"_mousePosition":[470,305],"_rootPartCFrame":[763.857,228.038,47.182,-0.003,0,1,0,1,0,-1,0,-0.003],"_humanoidState":5,"_cameraCFrame":[774.733,247.098,47.38,0.018,-0.85,0.527,0,0.527,0.85,-1,-0.016,0.01],"_shiftlockState":false,"_pose":"FreeFall","_animationQueue":[],"_animationSpeed":1,"_zoom":20.656},{"_mousePosition":[470,305],"_rootPartCFrame":[763.524,227.422,47.178,-0.001,0,1,0,1,0,-1,0,-0.001],"_humanoidState":5,"_cameraCFrame":[774.399,246.482,47.404,0.021,-0.85,0.526,0,0.527,0.85,-1,-0.018,0.011],"_shiftlockState":false,"_pose":"FreeFall","_animationQueue":[["fall",0.3]],"_animationSpeed":1,"_zoom":20.656},{"_mousePosition":[470,305],"_rootPartCFrame":[763.257,226.868,47.174,0.001,0,1,0,1,0,-1,0,0.001],"_humanoidState":5,"_cameraCFrame":[774.132,245.928,47.427,0.023,-0.85,0.526,0,0.527,0.85,-1,-0.02,0.012],"_shiftlockState":false,"_pose":"FreeFall","_animationQueue":[],"_animationSpeed":1,"_zoom":20.656},{"_mousePosition":[470,305],"_rootPartCFrame":[763.057,226.417,47.169,0.003,0,1,0,1,0,-1,0,0.003],"_humanoidState":5,"_cameraCFrame":[773.93,245.477,47.478,0.028,-0.85,0.526,0,0.527,0.85,-1,-0.024,0.015],"_shiftlockState":false,"_pose":"FreeFall","_animationQueue":[],"_animationSpeed":1,"_zoom":20.656},{"_mousePosition":[470,305],"_rootPartCFrame":[762.791,225.768,47.163,0.006,0,1,0,1,0,-1,0,0.006],"_humanoidState":5,"_cameraCFrame":[773.628,244.849,47.526,0.033,-0.851,0.525,0,0.525,0.851,-0.999,-0.028,0.018],"_shiftlockState":false,"_pose":"FreeFall","_animationQueue":[],"_animationSpeed":1,"_zoom":20.656},{"_mousePosition":[470,305],"_rootPartCFrame":[762.458,224.879,47.154,0.01,0,1,0,1,0,-1,0,0.01],"_humanoidState":5,"_cameraCFrame":[773.293,243.96,47.572,0.039,-0.851,0.525,0,0.525,0.851,-0.999,-0.033,0.02],"_shiftlockState":false,"_pose":"FreeFall","_animationQueue":[],"_animationSpeed":1,"_zoom":20.656},{"_mousePosition":[470,305],"_rootPartCFrame":[762.258,224.305,47.148,0.012,0,1,0,1,0,-1,0,0.012],"_humanoidState":5,"_cameraCFrame":[773.091,243.386,47.62,0.044,-0.85,0.524,0,0.525,0.851,-0.999,-0.037,0.023],"_shiftlockState":false,"_pose":"FreeFall","_animationQueue":[],"_animationSpeed":1,"_zoom":20.656},{"_mousePosition":[470,305],"_rootPartCFrame":[761.925,223.28,47.135,0.016,0,1,0,1,0,-1,0,0.016],"_humanoidState":5,"_cameraCFrame":[772.758,242.361,47.607,0.044,-0.85,0.524,0,0.525,0.851,-0.999,-0.037,0.023],"_shiftlockState":false,"_pose":"FreeFall","_animationQueue":[],"_animationSpeed":1,"_zoom":20.656},{"_mousePosition":[470,305],"_rootPartCFrame":[761.725,222.625,47.126,0.019,0,1,0,1,0,-1,0,0.019],"_humanoidState":7,"_cameraCFrame":[772.558,241.706,47.599,0.044,-0.85,0.524,0,0.525,0.851,-0.999,-0.037,0.023],"_shiftlockState":false,"_pose":"FreeFall","_animationQueue":[["fall",0.3],["walk",0.1],["fall",0.3],["fall",0.3]],"_animationSpeed":1,"_zoom":20.656},{"_mousePosition":[470,305],"_rootPartCFrame":[761.458,222.444,47.115,0.022,0,1,0,1,0,-1,0,0.022],"_humanoidState":7,"_cameraCFrame":[772.291,241.525,47.587,0.044,-0.85,0.524,0,0.525,0.851,-0.999,-0.037,0.023],"_shiftlockState":false,"_pose":"FreeFall","_animationQueue":[],"_animationSpeed":1,"_zoom":20.656},{"_mousePosition":[470,305],"_rootPartCFrame":[761.192,222.526,47.103,0.025,0,1,0,1,0,-1,0,0.025],"_humanoidState":7,"_cameraCFrame":[772.025,241.607,47.576,0.044,-0.85,0.524,0,0.525,0.851,-0.999,-0.037,0.023],"_shiftlockState":false,"_pose":"FreeFall","_animationQueue":[],"_animationSpeed":1,"_zoom":20.656},{"_mousePosition":[470,305],"_rootPartCFrame":[760.793,222.625,47.086,0.029,0,1,0,1,0,-1,0,0.029],"_humanoidState":8,"_cameraCFrame":[771.591,241.727,47.557,0.044,-0.851,0.523,0,0.523,0.852,-0.999,-0.037,0.023],"_shiftlockState":false,"_pose":"Running","_animationQueue":[["walk",0.1],["fall",0.3],["walk",0.1]],"_animationSpeed":1.103,"_zoom":20.656},{"_mousePosition":[470,305],"_rootPartCFrame":[760.659,222.645,47.08,0.03,0,1,0,1,0,-1,0,0.03],"_humanoidState":8,"_cameraCFrame":[771.424,241.768,47.549,0.044,-0.852,0.521,0,0.522,0.853,-0.999,-0.037,0.023],"_shiftlockState":false,"_pose":"Running","_animationQueue":[],"_animationSpeed":1.103,"_zoom":20.656},{"_mousePosition":[470,305],"_rootPartCFrame":[760.26,222.678,47.063,0.033,0,0.999,0,1,0,-0.999,0,0.033],"_humanoidState":8,"_cameraCFrame":[770.921,241.864,47.527,0.044,-0.855,0.516,0,0.517,0.856,-0.999,-0.037,0.023],"_shiftlockState":false,"_pose":"Running","_animationQueue":[],"_animationSpeed":1.103,"_zoom":20.656},{"_mousePosition":[470,305],"_rootPartCFrame":[759.993,222.688,47.051,0.034,0,0.999,0,1,0,-0.999,0,0.034],"_humanoidState":8,"_cameraCFrame":[770.589,241.915,47.432,0.036,-0.858,0.513,0,0.513,0.858,-0.999,-0.031,0.018],"_shiftlockState":false,"_pose":"Running","_animationQueue":[["walk",0.1]],"_animationSpeed":1.103,"_zoom":20.656},{"_mousePosition":[470,305],"_rootPartCFrame":[759.86,222.691,47.045,0.035,0,0.999,0,1,0,-0.999,0,0.035],"_humanoidState":8,"_cameraCFrame":[770.389,241.959,47.344,0.028,-0.86,0.51,0,0.51,0.86,-1,-0.024,0.014],"_shiftlockState":false,"_pose":"Running","_animationQueue":[],"_animationSpeed":1.103,"_zoom":20.656},{"_mousePosition":[470,305],"_rootPartCFrame":[759.461,222.696,47.031,0.035,0,0.999,0,1,0,-0.999,0,0.035],"_humanoidState":8,"_cameraCFrame":[769.957,241.985,47.222,0.018,-0.861,0.508,0,0.508,0.861,-1,-0.016,0.009],"_shiftlockState":false,"_pose":"Running","_animationQueue":[],"_animationSpeed":1.103,"_zoom":20.656},{"_mousePosition":[470,305],"_rootPartCFrame":[759.327,222.697,47.027,0.035,0,0.999,0,1,0,-0.999,0,0.035],"_humanoidState":8,"_cameraCFrame":[769.79,242.006,47.165,0.013,-0.862,0.507,0,0.507,0.862,-1,-0.011,0.007],"_shiftlockState":false,"_pose":"Running","_animationQueue":[],"_animationSpeed":1.103,"_zoom":20.656},{"_mousePosition":[470,305],"_rootPartCFrame":[759.061,222.698,47.022,0.033,0,0.999,0,1,0,-0.999,0,0.033],"_humanoidState":8,"_cameraCFrame":[769.524,242.007,47.16,0.013,-0.862,0.507,0,0.507,0.862,-1,-0.011,0.007],"_shiftlockState":false,"_pose":"Running","_animationQueue":[],"_animationSpeed":1.103,"_zoom":20.656},{"_mousePosition":[470,305],"_rootPartCFrame":[758.661,222.699,47.016,0.029,0,1,0,1,0,-1,0,0.029],"_humanoidState":8,"_cameraCFrame":[769.124,242.008,47.154,0.013,-0.862,0.507,0,0.507,0.862,-1,-0.011,0.007],"_shiftlockState":false,"_pose":"Running","_animationQueue":[],"_animationSpeed":1.103,"_zoom":20.656},{"_mousePosition":[470,305],"_rootPartCFrame":[758.394,222.699,47.013,0.027,0,1,0,1,0,-1,0,0.027],"_humanoidState":8,"_cameraCFrame":[768.822,242.029,47.15,0.013,-0.863,0.505,0,0.505,0.863,-1,-0.011,0.007],"_shiftlockState":false,"_pose":"Running","_animationQueue":[["walk",0.1]],"_animationSpeed":1.103,"_zoom":20.656},{"_mousePosition":[470,305],"_rootPartCFrame":[758.261,222.699,47.011,0.026,0,1,0,1,0,-1,0,0.026],"_humanoidState":8,"_cameraCFrame":[768.689,242.029,47.122,0.011,-0.863,0.505,0,0.505,0.863,-1,-0.009,0.005],"_shiftlockState":false,"_pose":"Running","_animationQueue":[],"_animationSpeed":1.103,"_zoom":20.656},{"_mousePosition":[470,305],"_rootPartCFrame":[757.861,222.699,47.006,0.023,0,1,0,1,0,-1,0,0.023],"_humanoidState":8,"_cameraCFrame":[768.29,242.029,47.091,0.008,-0.863,0.505,0,0.505,0.863,-1,-0.007,0.004],"_shiftlockState":false,"_pose":"Running","_animationQueue":[],"_animationSpeed":1.103,"_zoom":20.656},{"_mousePosition":[470,305],"_rootPartCFrame":[757.728,222.699,47.004,0.022,0,1,0,1,0,-1,0,0.022],"_humanoidState":8,"_cameraCFrame":[768.156,242.029,47.089,0.008,-0.863,0.505,0,0.505,0.863,-1,-0.007,0.004],"_shiftlockState":false,"_pose":"Running","_animationQueue":[],"_animationSpeed":1.103,"_zoom":20.656},{"_mousePosition":[470,305],"_rootPartCFrame":[757.461,222.699,47.002,0.021,0,1,0,1,0,-1,0,0.021],"_humanoidState":8,"_cameraCFrame":[767.89,242.029,47.087,0.008,-0.863,0.505,0,0.505,0.863,-1,-0.007,0.004],"_shiftlockState":false,"_pose":"Running","_animationQueue":[],"_animationSpeed":1.103,"_zoom":20.656},{"_mousePosition":[470,305],"_rootPartCFrame":[757.194,222.699,47,0.019,0,1,0,1,0,-1,0,0.019],"_humanoidState":8,"_cameraCFrame":[767.623,242.029,47.085,0.008,-0.863,0.505,0,0.505,0.863,-1,-0.007,0.004],"_shiftlockState":false,"_pose":"Running","_animationQueue":[],"_animationSpeed":1.103,"_zoom":20.656},{"_mousePosition":[470,305],"_rootPartCFrame":[756.928,222.699,46.998,0.017,0,1,0,1,0,-1,0,0.017],"_humanoidState":8,"_cameraCFrame":[767.357,242.029,47.082,0.008,-0.863,0.505,0,0.505,0.863,-1,-0.007,0.004],"_shiftlockState":false,"_pose":"Running","_animationQueue":[],"_animationSpeed":1.103,"_zoom":20.656},{"_mousePosition":[470,305],"_rootPartCFrame":[756.661,222.699,46.995,0.016,0,1,0,1,0,-1,0,0.016],"_humanoidState":8,"_cameraCFrame":[767.09,242.029,47.08,0.008,-0.863,0.505,0,0.505,0.863,-1,-0.007,0.004],"_shiftlockState":false,"_pose":"Running","_animationQueue":[["walk",0.1]],"_animationSpeed":1.103,"_zoom":20.656},{"_mousePosition":[470,305],"_rootPartCFrame":[756.261,222.699,46.992,0.015,0,1,0,1,0,-1,0,0.015],"_humanoidState":8,"_cameraCFrame":[766.69,242.029,47.077,0.008,-0.863,0.505,0,0.505,0.863,-1,-0.007,0.004],"_shiftlockState":false,"_pose":"Running","_animationQueue":[],"_animationSpeed":1.103,"_zoom":20.656},{"_mousePosition":[470,305],"_rootPartCFrame":[756.128,222.699,46.991,0.014,0,1,0,1,0,-1,0,0.014],"_humanoidState":8,"_cameraCFrame":[766.557,242.029,47.076,0.008,-0.863,0.505,0,0.505,0.863,-1,-0.007,0.004],"_shiftlockState":false,"_pose":"Running","_animationQueue":[],"_animationSpeed":1.103,"_zoom":20.656},{"_mousePosition":[470,305],"_rootPartCFrame":[755.861,222.699,46.989,0.013,0,1,0,1,0,-1,0,0.013],"_humanoidState":8,"_cameraCFrame":[766.29,242.029,47.074,0.008,-0.863,0.505,0,0.505,0.863,-1,-0.007,0.004],"_shiftlockState":false,"_pose":"Running","_animationQueue":[],"_animationSpeed":1.103,"_zoom":20.656},{"_mousePosition":[470,305],"_rootPartCFrame":[755.462,222.699,46.986,0.012,0,1,0,1,0,-1,0,0.012],"_humanoidState":8,"_cameraCFrame":[765.89,242.029,47.071,0.008,-0.863,0.505,0,0.505,0.863,-1,-0.007,0.004],"_shiftlockState":false,"_pose":"Running","_animationQueue":[],"_animationSpeed":1.103,"_zoom":20.656},{"_mousePosition":[470,305],"_rootPartCFrame":[755.328,222.699,46.984,0.012,0,1,0,1,0,-1,0,0.012],"_humanoidState":8,"_cameraCFrame":[765.757,242.029,47.069,0.008,-0.863,0.505,0,0.505,0.863,-1,-0.007,0.004],"_shiftlockState":false,"_pose":"Running","_animationQueue":[],"_animationSpeed":1.103,"_zoom":20.656},{"_mousePosition":[470,305],"_rootPartCFrame":[754.928,222.699,46.981,0.011,0,1,0,1,0,-1,0,0.011],"_humanoidState":8,"_cameraCFrame":[765.357,242.029,47.066,0.008,-0.863,0.505,0,0.505,0.863,-1,-0.007,0.004],"_shiftlockState":false,"_pose":"Running","_animationQueue":[["walk",0.1]],"_animationSpeed":1.103,"_zoom":20.656},{"_mousePosition":[470,305],"_rootPartCFrame":[754.795,222.699,46.98,0.011,0,1,0,1,0,-1,0,0.011],"_humanoidState":8,"_cameraCFrame":[765.224,242.029,47.065,0.008,-0.863,0.505,0,0.505,0.863,-1,-0.007,0.004],"_shiftlockState":false,"_pose":"Running","_animationQueue":[],"_animationSpeed":1.103,"_zoom":20.656},{"_mousePosition":[470,305],"_rootPartCFrame":[754.528,222.699,46.978,0.011,0,1,0,1,0,-1,0,0.011],"_humanoidState":8,"_cameraCFrame":[764.957,242.029,47.063,0.008,-0.863,0.505,0,0.505,0.863,-1,-0.007,0.004],"_shiftlockState":false,"_pose":"Running","_animationQueue":[],"_animationSpeed":1.103,"_zoom":20.656},{"_mousePosition":[470,305],"_rootPartCFrame":[754.129,222.699,46.975,0.01,0,1,0,1,0,-1,0,0.01],"_humanoidState":8,"_cameraCFrame":[764.523,242.049,47.033,0.006,-0.864,0.503,0,0.503,0.864,-1,-0.005,0.003],"_shiftlockState":false,"_pose":"Running","_animationQueue":[],"_animationSpeed":1.103,"_zoom":20.656},{"_mousePosition":[470,305],"_rootPartCFrame":[753.862,222.699,46.973,0.01,0,1,0,1,0,-1,0,0.01],"_humanoidState":8,"_cameraCFrame":[764.222,242.07,46.978,0.001,-0.865,0.502,0,0.502,0.865,-1,0,0],"_shiftlockState":false,"_pose":"Running","_animationQueue":[],"_animationSpeed":1.103,"_zoom":20.656},{"_mousePosition":[470,305],"_rootPartCFrame":[753.729,222.699,46.972,0.01,0,1,0,1,0,-1,0,0.01],"_humanoidState":8,"_cameraCFrame":[764.053,242.09,46.951,-0.002,-0.866,0.5,0,0.5,0.866,-1,0.002,-0.001],"_shiftlockState":false,"_pose":"Running","_animationQueue":[],"_animationSpeed":1.103,"_zoom":20.656},{"_mousePosition":[470,305],"_rootPartCFrame":[753.395,223.783,46.97,0.009,0,1,0,1,0,-1,0,0.009],"_humanoidState":3,"_cameraCFrame":[763.685,243.194,46.897,-0.007,-0.867,0.498,0,0.498,0.867,-1,0.006,-0.004],"_shiftlockState":false,"_pose":"Jumping","_animationQueue":[["walk",0.1],["walk",0.1],["jump",0.1]],"_animationSpeed":1,"_zoom":20.656},{"_mousePosition":[470,305],"_rootPartCFrame":[753.195,224.394,46.97,0.008,0,1,0,1,0,-1,0,0.008],"_humanoidState":5,"_cameraCFrame":[763.485,243.805,46.871,-0.01,-0.867,0.498,0,0.498,0.867,-1,0.008,-0.005],"_shiftlockState":false,"_pose":"FreeFall","_animationQueue":[["jump",0.1]],"_animationSpeed":1,"_zoom":20.656},{"_mousePosition":[470,305],"_rootPartCFrame":[752.862,225.345,46.972,0.006,0,1,0,1,0,-1,0,0.006],"_humanoidState":5,"_cameraCFrame":[763.116,244.776,46.848,-0.012,-0.868,0.496,0,0.496,0.868,-1,0.011,-0.006],"_shiftlockState":false,"_pose":"FreeFall","_animationQueue":[],"_animationSpeed":1,"_zoom":20.656},{"_mousePosition":[470,305],"_rootPartCFrame":[752.596,226.045,46.974,0.004,0,1,0,1,0,-1,0,0.004],"_humanoidState":5,"_cameraCFrame":[762.85,245.475,46.85,-0.012,-0.868,0.496,0,0.496,0.868,-1,0.011,-0.006],"_shiftlockState":false,"_pose":"FreeFall","_animationQueue":[],"_animationSpeed":1,"_zoom":20.656},{"_mousePosition":[470,305],"_rootPartCFrame":[752.329,226.69,46.978,0.002,0,1,0,1,0,-1,0,0.002],"_humanoidState":5,"_cameraCFrame":[762.583,246.12,46.853,-0.012,-0.868,0.496,0,0.496,0.868,-1,0.011,-0.006],"_shiftlockState":false,"_pose":"FreeFall","_animationQueue":[],"_animationSpeed":1,"_zoom":20.656},{"_mousePosition":[470,305],"_rootPartCFrame":[752.129,227.137,46.98,0,0,1,0,1,0,-1,0,0],"_humanoidState":5,"_cameraCFrame":[762.383,246.568,46.856,-0.012,-0.868,0.496,0,0.496,0.868,-1,0.011,-0.006],"_shiftlockState":false,"_pose":"FreeFall","_animationQueue":[],"_animationSpeed":1,"_zoom":20.656},{"_mousePosition":[470,305],"_rootPartCFrame":[751.862,227.687,46.983,-0.001,0,1,0,1,0,-1,0,-0.001],"_humanoidState":5,"_cameraCFrame":[762.117,247.118,46.859,-0.012,-0.868,0.496,0,0.496,0.868,-1,0.011,-0.006],"_shiftlockState":false,"_pose":"FreeFall","_animationQueue":[],"_animationSpeed":1,"_zoom":20.656},{"_mousePosition":[470,305],"_rootPartCFrame":[751.596,228.182,46.986,-0.003,0,1,0,1,0,-1,0,-0.003],"_humanoidState":5,"_cameraCFrame":[761.85,247.613,46.862,-0.012,-0.868,0.496,0,0.496,0.868,-1,0.011,-0.006],"_shiftlockState":false,"_pose":"FreeFall","_animationQueue":[],"_animationSpeed":1,"_zoom":20.656},{"_mousePosition":[470,305],"_rootPartCFrame":[751.329,228.623,46.99,-0.004,0,1,0,1,0,-1,0,-0.004],"_humanoidState":5,"_cameraCFrame":[761.583,248.053,46.866,-0.012,-0.868,0.496,0,0.496,0.868,-1,0.011,-0.006],"_shiftlockState":false,"_pose":"FreeFall","_animationQueue":[],"_animationSpeed":1,"_zoom":20.656},{"_mousePosition":[470,305],"_rootPartCFrame":[750.996,229.097,46.994,-0.006,0,1,0,1,0,-1,0,-0.006],"_humanoidState":5,"_cameraCFrame":[761.25,248.527,46.87,-0.012,-0.868,0.496,0,0.496,0.868,-1,0.011,-0.006],"_shiftlockState":false,"_pose":"FreeFall","_animationQueue":[],"_animationSpeed":1,"_zoom":20.656},{"_mousePosition":[470,305],"_rootPartCFrame":[750.796,229.34,46.996,-0.006,0,1,0,1,0,-1,0,-0.006],"_humanoidState":5,"_cameraCFrame":[761.05,248.771,46.872,-0.012,-0.868,0.496,0,0.496,0.868,-1,0.011,-0.006],"_shiftlockState":false,"_pose":"FreeFall","_animationQueue":[],"_animationSpeed":1,"_zoom":20.656},{"_mousePosition":[470,305],"_rootPartCFrame":[750.529,229.617,46.999,-0.007,0,1,0,1,0,-1,0,-0.007],"_humanoidState":5,"_cameraCFrame":[760.784,249.048,46.875,-0.012,-0.868,0.496,0,0.496,0.868,-1,0.011,-0.006],"_shiftlockState":false,"_pose":"FreeFall","_animationQueue":[],"_animationSpeed":1,"_zoom":20.656},{"_mousePosition":[470,305],"_rootPartCFrame":[750.263,229.84,47.003,-0.008,0,1,0,1,0,-1,0,-0.008],"_humanoidState":5,"_cameraCFrame":[760.517,249.27,46.878,-0.012,-0.868,0.496,0,0.496,0.868,-1,0.011,-0.006],"_shiftlockState":false,"_pose":"FreeFall","_animationQueue":[],"_animationSpeed":1,"_zoom":20.656},{"_mousePosition":[470,305],"_rootPartCFrame":[749.93,230.041,47.007,-0.009,0,1,0,1,0,-1,0,-0.009],"_humanoidState":5,"_cameraCFrame":[760.184,249.472,46.882,-0.012,-0.868,0.496,0,0.496,0.868,-1,0.011,-0.006],"_shiftlockState":false,"_pose":"FreeFall","_animationQueue":[],"_animationSpeed":1,"_zoom":20.656},{"_mousePosition":[470,305],"_rootPartCFrame":[749.73,230.121,47.009,-0.009,0,1,0,1,0,-1,0,-0.009],"_humanoidState":5,"_cameraCFrame":[759.984,249.552,46.885,-0.012,-0.868,0.496,0,0.496,0.868,-1,0.011,-0.006],"_shiftlockState":false,"_pose":"FreeFall","_animationQueue":[],"_animationSpeed":1,"_zoom":20.656},{"_mousePosition":[470,305],"_rootPartCFrame":[749.463,230.18,47.012,-0.009,0,1,0,1,0,-1,0,-0.009],"_humanoidState":5,"_cameraCFrame":[759.717,249.611,46.888,-0.012,-0.868,0.496,0,0.496,0.868,-1,0.011,-0.006],"_shiftlockState":false,"_pose":"FreeFall","_animationQueue":[],"_animationSpeed":1,"_zoom":20.656},{"_mousePosition":[470,305],"_rootPartCFrame":[749.196,230.185,47.015,-0.01,0,1,0,1,0,-1,0,-0.01],"_humanoidState":5,"_cameraCFrame":[759.451,249.615,46.891,-0.012,-0.868,0.496,0,0.496,0.868,-1,0.011,-0.006],"_shiftlockState":false,"_pose":"FreeFall","_animationQueue":[],"_animationSpeed":1,"_zoom":20.656},{"_mousePosition":[470,305],"_rootPartCFrame":[748.93,230.135,47.019,-0.01,0,1,0,1,0,-1,0,-0.01],"_humanoidState":5,"_cameraCFrame":[759.184,249.565,46.895,-0.012,-0.868,0.496,0,0.496,0.868,-1,0.011,-0.006],"_shiftlockState":false,"_pose":"FreeFall","_animationQueue":[],"_animationSpeed":1,"_zoom":20.656},{"_mousePosition":[470,305],"_rootPartCFrame":[748.597,229.996,47.023,-0.01,0,1,0,1,0,-1,0,-0.01],"_humanoidState":5,"_cameraCFrame":[758.851,249.426,46.899,-0.012,-0.868,0.496,0,0.496,0.868,-1,0.011,-0.006],"_shiftlockState":false,"_pose":"FreeFall","_animationQueue":[],"_animationSpeed":1,"_zoom":20.656},{"_mousePosition":[470,305],"_rootPartCFrame":[748.397,229.871,47.025,-0.011,0,1,0,1,0,-1,0,-0.011],"_humanoidState":5,"_cameraCFrame":[758.651,249.302,46.901,-0.012,-0.868,0.496,0,0.496,0.868,-1,0.011,-0.006],"_shiftlockState":false,"_pose":"FreeFall","_animationQueue":[],"_animationSpeed":1,"_zoom":20.656},{"_mousePosition":[470,305],"_rootPartCFrame":[748.13,229.658,47.028,-0.011,0,1,0,1,0,-1,0,-0.011],"_humanoidState":5,"_cameraCFrame":[758.384,249.088,46.904,-0.012,-0.868,0.496,0,0.496,0.868,-1,0.011,-0.006],"_shiftlockState":false,"_pose":"FreeFall","_animationQueue":[["fall",0.3]],"_animationSpeed":1,"_zoom":20.656},{"_mousePosition":[470,305],"_rootPartCFrame":[747.797,229.314,47.032,-0.011,0,1,0,1,0,-1,0,-0.011],"_humanoidState":5,"_cameraCFrame":[758.121,248.705,46.907,-0.012,-0.866,0.5,0,0.5,0.866,-1,0.01,-0.006],"_shiftlockState":false,"_pose":"FreeFall","_animationQueue":[],"_animationSpeed":1,"_zoom":20.656},{"_mousePosition":[470,305],"_rootPartCFrame":[747.53,228.978,47.036,-0.011,0,1,0,1,0,-1,0,-0.011],"_humanoidState":5,"_cameraCFrame":[757.889,248.349,46.91,-0.012,-0.865,0.501,0,0.502,0.865,-1,0.01,-0.006],"_shiftlockState":false,"_pose":"FreeFall","_animationQueue":[],"_animationSpeed":1,"_zoom":20.656},{"_mousePosition":[470,305],"_rootPartCFrame":[747.33,228.69,47.038,-0.011,0,1,0,1,0,-1,0,-0.011],"_humanoidState":5,"_cameraCFrame":[757.759,248.02,46.912,-0.012,-0.863,0.505,0,0.505,0.863,-1,0.01,-0.006],"_shiftlockState":false,"_pose":"FreeFall","_animationQueue":[],"_animationSpeed":1,"_zoom":20.656},{"_mousePosition":[470,305],"_rootPartCFrame":[747.064,228.259,47.041,-0.011,0,1,0,1,0,-1,0,-0.011],"_humanoidState":5,"_cameraCFrame":[757.527,247.568,46.941,-0.01,-0.862,0.507,0,0.507,0.862,-1,0.008,-0.005],"_shiftlockState":false,"_pose":"FreeFall","_animationQueue":[],"_animationSpeed":1,"_zoom":20.656},{"_mousePosition":[470,305],"_rootPartCFrame":[746.73,227.643,47.045,-0.012,0,1,0,1,0,-1,0,-0.012],"_humanoidState":5,"_cameraCFrame":[757.263,246.911,46.944,-0.01,-0.86,0.51,0,0.51,0.86,-1,0.008,-0.005],"_shiftlockState":false,"_pose":"FreeFall","_animationQueue":[],"_animationSpeed":1,"_zoom":20.656},{"_mousePosition":[470,305],"_rootPartCFrame":[746.464,227.089,47.048,-0.011,0,1,0,1,0,-1,0,-0.011],"_humanoidState":5,"_cameraCFrame":[757.066,246.316,46.946,-0.01,-0.858,0.513,0,0.513,0.858,-1,0.008,-0.005],"_shiftlockState":false,"_pose":"FreeFall","_animationQueue":[["fall",0.3]],"_animationSpeed":1,"_zoom":20.656},{"_mousePosition":[470,305],"_rootPartCFrame":[746.197,226.48,47.05,-0.011,0,1,0,1,0,-1,0,-0.011],"_humanoidState":5,"_cameraCFrame":[756.903,245.645,46.975,-0.007,-0.855,0.518,0,0.518,0.855,-1,0.006,-0.004],"_shiftlockState":false,"_pose":"FreeFall","_animationQueue":[],"_animationSpeed":1,"_zoom":20.656},{"_mousePosition":[470,305],"_rootPartCFrame":[745.931,225.817,47.053,-0.011,0,1,0,1,0,-1,0,-0.011],"_humanoidState":5,"_cameraCFrame":[756.705,244.94,46.977,-0.007,-0.853,0.522,0,0.522,0.853,-1,0.006,-0.004],"_shiftlockState":false,"_pose":"FreeFall","_animationQueue":[],"_animationSpeed":1,"_zoom":20.656},{"_mousePosition":[470,305],"_rootPartCFrame":[745.731,225.284,47.054,-0.011,0,1,0,1,0,-1,0,-0.011],"_humanoidState":5,"_cameraCFrame":[756.574,244.365,46.978,-0.007,-0.851,0.525,0,0.525,0.851,-1,0.006,-0.004],"_shiftlockState":false,"_pose":"FreeFall","_animationQueue":[],"_animationSpeed":1,"_zoom":20.656},{"_mousePosition":[470,305],"_rootPartCFrame":[745.464,224.525,47.056,-0.01,0,1,0,1,0,-1,0,-0.01],"_humanoidState":5,"_cameraCFrame":[756.341,243.585,46.98,-0.007,-0.85,0.527,0,0.527,0.85,-1,0.006,-0.004],"_shiftlockState":false,"_pose":"FreeFall","_animationQueue":[],"_animationSpeed":1,"_zoom":20.656},{"_mousePosition":[470,305],"_rootPartCFrame":[745.197,223.713,47.058,-0.01,0,1,0,1,0,-1,0,-0.01],"_humanoidState":5,"_cameraCFrame":[756.143,242.73,46.981,-0.007,-0.848,0.53,0,0.53,0.848,-1,0.006,-0.004],"_shiftlockState":false,"_pose":"FreeFall","_animationQueue":[],"_animationSpeed":1,"_zoom":20.656},{"_mousePosition":[470,305],"_rootPartCFrame":[744.864,222.62,47.061,-0.009,0,1,0,1,0,-1,0,-0.009],"_humanoidState":7,"_cameraCFrame":[755.878,241.594,46.983,-0.007,-0.846,0.533,0,0.533,0.846,-1,0.006,-0.004],"_shiftlockState":false,"_pose":"FreeFall","_animationQueue":[["fall",0.3],["walk",0.1],["fall",0.3],["fall",0.3]],"_animationSpeed":1,"_zoom":20.656},{"_mousePosition":[470,305],"_rootPartCFrame":[744.664,222.432,47.062,-0.009,0,1,0,1,0,-1,0,-0.009],"_humanoidState":7,"_cameraCFrame":[755.78,241.342,46.984,-0.007,-0.843,0.538,0,0.538,0.843,-1,0.006,-0.004],"_shiftlockState":false,"_pose":"FreeFall","_animationQueue":[],"_animationSpeed":1,"_zoom":20.656},{"_mousePosition":[470,305],"_rootPartCFrame":[744.264,222.549,47.065,-0.009,0,1,0,1,0,-1,0,-0.009],"_humanoidState":8,"_cameraCFrame":[755.38,241.459,46.986,-0.007,-0.843,0.538,0,0.538,0.843,-1,0.006,-0.004],"_shiftlockState":false,"_pose":"Running","_animationQueue":[["walk",0.1],["fall",0.3],["walk",0.1]],"_animationSpeed":1.103,"_zoom":20.656},{"_mousePosition":[470,305],"_rootPartCFrame":[744.131,222.587,47.066,-0.008,0,1,0,1,0,-1,0,-0.008],"_humanoidState":8,"_cameraCFrame":[755.247,241.496,46.987,-0.007,-0.843,0.538,0,0.538,0.843,-1,0.006,-0.004],"_shiftlockState":false,"_pose":"Running","_animationQueue":[],"_animationSpeed":1.103,"_zoom":20.656},{"_mousePosition":[470,305],"_rootPartCFrame":[743.864,222.638,47.068,-0.008,0,1,0,1,0,-1,0,-0.008],"_humanoidState":8,"_cameraCFrame":[754.98,241.548,46.989,-0.007,-0.843,0.538,0,0.538,0.843,-1,0.006,-0.004],"_shiftlockState":false,"_pose":"Running","_animationQueue":[],"_animationSpeed":1.103,"_zoom":20.656},{"_mousePosition":[470,305],"_rootPartCFrame":[743.464,222.675,47.07,-0.008,0,1,0,1,0,-1,0,-0.008],"_humanoidState":8,"_cameraCFrame":[754.58,241.585,46.992,-0.007,-0.843,0.538,0,0.538,0.843,-1,0.006,-0.004],"_shiftlockState":false,"_pose":"Running","_animationQueue":[],"_animationSpeed":1.103,"_zoom":20.656},{"_mousePosition":[470,305],"_rootPartCFrame":[743.331,222.681,47.071,-0.008,0,1,0,1,0,-1,0,-0.008],"_humanoidState":8,"_cameraCFrame":[754.481,241.57,46.993,-0.007,-0.842,0.54,0,0.54,0.842,-1,0.006,-0.004],"_shiftlockState":false,"_pose":"Running","_animationQueue":[],"_animationSpeed":1.103,"_zoom":20.656},{"_mousePosition":[470,305],"_rootPartCFrame":[742.931,222.692,47.074,-0.008,0,1,0,1,0,-1,0,-0.008],"_humanoidState":8,"_cameraCFrame":[754.115,241.559,46.995,-0.007,-0.841,0.541,0,0.541,0.841,-1,0.006,-0.004],"_shiftlockState":false,"_pose":"Running","_animationQueue":[["walk",0.1]],"_animationSpeed":1.103,"_zoom":20.656},{"_mousePosition":[470,305],"_rootPartCFrame":[742.665,222.696,47.076,-0.008,0,1,0,1,0,-1,0,-0.008],"_humanoidState":8,"_cameraCFrame":[753.848,241.562,46.997,-0.007,-0.841,0.541,0,0.541,0.841,-1,0.006,-0.004],"_shiftlockState":false,"_pose":"Running","_animationQueue":[],"_animationSpeed":1.103,"_zoom":20.656},{"_mousePosition":[470,305],"_rootPartCFrame":[742.531,222.697,47.077,-0.008,0,1,0,1,0,-1,0,-0.008],"_humanoidState":8,"_cameraCFrame":[753.715,241.563,46.998,-0.007,-0.841,0.541,0,0.541,0.841,-1,0.006,-0.004],"_shiftlockState":false,"_pose":"Running","_animationQueue":[],"_animationSpeed":1.103,"_zoom":20.656},{"_mousePosition":[470,305],"_rootPartCFrame":[742.265,222.698,47.079,-0.008,0,1,0,1,0,-1,0,-0.008],"_humanoidState":8,"_cameraCFrame":[753.448,241.564,47,-0.007,-0.841,0.541,0,0.541,0.841,-1,0.006,-0.004],"_shiftlockState":false,"_pose":"Running","_animationQueue":[],"_animationSpeed":1.103,"_zoom":20.656},{"_mousePosition":[470,305],"_rootPartCFrame":[741.865,222.699,47.082,-0.007,0,1,0,1,0,-1,