[{"_mousePosition":[1184,365],"_rootPartCFrame":[776.028,222.95,47.142,0,0,1,0,1,0,-1,0,0],"_humanoidState":8,"_cameraCFrame":[783.74,232.753,48.383,0.159,-0.719,0.676,0,0.685,0.728,-0.987,-0.116,0.109],"_shiftlockState":false,"_pose":"Standing","_animationQueue":[],"_animationSpeed":1,"_zoom":11.4},{"_mousePosition":[1183,365],"_rootPartCFrame":[776.028,222.729,47.142,0,0,1,0,1,0,-1,0,0],"_humanoidState":8,"_cameraCFrame":[783.74,232.533,48.383,0.159,-0.719,0.676,0,0.685,0.728,-0.987,-0.116,0.109],"_shiftlockState":false,"_pose":"Standing","_animationQueue":[],"_animationSpeed":1,"_zoom":11.4},{"_mousePosition":[1169,362],"_rootPartCFrame":[776.028,222.686,47.142,0,0,1,0,1,0,-1,0,0],"_humanoidState":8,"_cameraCFrame":[783.74,232.49,48.383,0.159,-0.719,0.676,0,0.685,0.728,-0.987,-0.116,0.109],"_shiftlockState":false,"_pose":"Standing","_animationQueue":[],"_animationSpeed":1,"_zoom":11.4},{"_mousePosition":[1144,359],"_rootPartCFrame":[776.028,222.651,47.142,0,0,1,0,1,0,-1,0,0],"_humanoidState":8,"_cameraCFrame":[783.74,232.454,48.383,0.159,-0.719,0.676,0,0.685,0.728,-0.987,-0.116,0.109],"_shiftlockState":false,"_pose":"Standing","_animationQueue":[],"_animationSpeed":1,"_zoom":11.4},{"_mousePosition":[1113,356],"_rootPartCFrame":[776.028,222.666,47.142,0,0,1,0,1,0,-1,0,0],"_humanoidState":8,"_cameraCFrame":[783.74,232.47,48.383,0.159,-0.719,0.676,0,0.685,0.728,-0.987,-0.116,0.109],"_shiftlockState":false,"_pose":"Standing","_animationQueue":[],"_animationSpeed":1,"_zoom":11.4},{"_mousePosition":[1020,344],"_rootPartCFrame":[776.028,222.678,47.142,0,0,1,0,1,0,-1,0,0],"_humanoidState":8,"_cameraCFrame":[783.74,232.481,48.383,0.159,-0.719,0.676,0,0.685,0.728,-0.987,-0.116,0.109],"_shiftlockState":false,"_pose":"Standing","_animationQueue":[],"_animationSpeed":1,"_zoom":11.4},{"_mousePosition":[972,334],"_rootPartCFrame":[775.805,222.689,47.106,0.02,0,1,0,1,0,-1,0,0.02],"_humanoidState":8,"_cameraCFrame":[783.517,232.492,48.347,0.159,-0.719,0.676,0,0.685,0.728,-0.987,-0.116,0.109],"_shiftlockState":false,"_pose":"Standing","_animationQueue":[],"_animationSpeed":1,"_zoom":11.4},{"_mousePosition":[864,307],"_rootPartCFrame":[775.543,222.694,47.064,0.039,0,0.999,0,1,0,-0.999,0,0.039],"_humanoidState":8,"_cameraCFrame":[783.255,232.497,48.305,0.159,-0.719,0.676,0,0.685,0.728,-0.987,-0.116,0.109],"_shiftlockState":false,"_pose":"Running","_animationQueue":[["walk",0.1]],"_animationSpeed":1.066,"_zoom":11.4},{"_mousePosition":[795,289],"_rootPartCFrame":[775.345,222.696,47.033,0.051,0,0.999,0,1,0,-0.999,0,0.051],"_humanoidState":8,"_cameraCFrame":[783.057,232.499,48.273,0.159,-0.719,0.676,0,0.685,0.728,-0.987,-0.116,0.109],"_shiftlockState":false,"_pose":"Running","_animationQueue":[["walk",0.1]],"_animationSpeed":1.066,"_zoom":11.4},{"_mousePosition":[766,284],"_rootPartCFrame":[775.016,222.698,46.98,0.07,0,0.998,0,1,0,-0.998,0,0.07],"_humanoidState":8,"_cameraCFrame":[782.728,232.501,48.22,0.159,-0.719,0.676,0,0.685,0.728,-0.987,-0.116,0.109],"_shiftlockState":false,"_pose":"Running","_animationQueue":[],"_animationSpeed":1.066,"_zoom":11.4},{"_mousePosition":[766,284],"_rootPartCFrame":[774.753,222.699,46.937,0.083,0,0.997,0,1,0,-0.997,0,0.083],"_humanoidState":8,"_cameraCFrame":[782.53,232.496,47.74,0.103,-0.724,0.682,0,0.686,0.728,-0.995,-0.075,0.07],"_shiftlockState":false,"_pose":"Running","_animationQueue":[],"_animationSpeed":1.066,"_zoom":11.4},{"_mousePosition":[766,284],"_rootPartCFrame":[774.49,222.699,46.895,0.094,0,0.996,0,1,0,-0.996,0,0.094],"_humanoidState":8,"_cameraCFrame":[782.274,232.515,47.362,0.06,-0.728,0.683,0,0.684,0.729,-0.998,-0.044,0.041],"_shiftlockState":false,"_pose":"Running","_animationQueue":[],"_animationSpeed":1.066,"_zoom":11.4},{"_mousePosition":[766,284],"_rootPartCFrame":[774.225,222.699,46.865,0.098,0,0.995,0,1,0,-0.995,0,0.098],"_humanoidState":8,"_cameraCFrame":[781.959,232.572,47.078,0.028,-0.734,0.678,0,0.679,0.734,-1,-0.02,0.019],"_shiftlockState":false,"_pose":"Running","_animationQueue":[],"_animationSpeed":1.066,"_zoom":11.4},{"_mousePosition":[766,284],"_rootPartCFrame":[774.025,222.699,46.852,0.096,0,0.995,0,1,0,-0.995,0,0.096],"_humanoidState":8,"_cameraCFrame":[781.668,232.659,46.862,0.001,-0.742,0.67,0,0.67,0.742,-1,-0.001,0.001],"_shiftlockState":false,"_pose":"Running","_animationQueue":[],"_animationSpeed":1.066,"_zoom":11.4},{"_mousePosition":[766,284],"_rootPartCFrame":[773.692,222.7,46.841,0.086,0,0.996,0,1,0,-0.996,0,0.086],"_humanoidState":8,"_cameraCFrame":[781.244,232.738,46.693,-0.02,-0.749,0.662,0,0.663,0.749,-1,0.015,-0.013],"_shiftlockState":false,"_pose":"Running","_animationQueue":[["walk",0.1]],"_animationSpeed":1.066,"_zoom":11.4},{"_mousePosition":[766,284],"_rootPartCFrame":[773.492,222.7,46.84,0.079,0,0.997,0,1,0,-0.997,0,0.079],"_humanoidState":8,"_cameraCFrame":[780.942,232.823,46.522,-0.043,-0.756,0.653,0,0.654,0.756,-0.999,0.032,-0.028],"_shiftlockState":false,"_pose":"Running","_animationQueue":[],"_animationSpeed":1.066,"_zoom":11.4},{"_mousePosition":[766,284],"_rootPartCFrame":[773.159,222.7,46.846,0.063,0,0.998,0,1,0,-0.998,0,0.063],"_humanoidState":8,"_cameraCFrame":[780.508,232.901,46.347,-0.068,-0.762,0.645,0,0.646,0.763,-0.998,0.052,-0.044],"_shiftlockState":false,"_pose":"Running","_animationQueue":[],"_animationSpeed":1.066,"_zoom":11.4},{"_mousePosition":[766,284],"_rootPartCFrame":[772.893,222.7,46.857,0.049,0,0.999,0,1,0,-0.999,0,0.049],"_humanoidState":8,"_cameraCFrame":[780.119,232.989,46.16,-0.096,-0.767,0.634,0,0.637,0.771,-0.995,0.074,-0.061],"_shiftlockState":false,"_pose":"Running","_animationQueue":[],"_animationSpeed":1.066,"_zoom":11.4},{"_mousePosition":[766,284],"_rootPartCFrame":[772.626,222.7,46.874,0.033,0,0.999,0,1,0,-0.999,0,0.033],"_humanoidState":8,"_cameraCFrame":[779.736,233.071,46.023,-0.119,-0.773,0.624,0,0.628,0.778,-0.993,0.092,-0.075],"_shiftlockState":false,"_pose":"Running","_animationQueue":[],"_animationSpeed":1.066,"_zoom":11.4},{"_mousePosition":[766,284],"_rootPartCFrame":[772.361,222.7,46.899,0.016,0,1,0,1,0,-1,0,0.016],"_humanoidState":8,"_cameraCFrame":[779.371,233.14,45.948,-0.134,-0.777,0.615,0,0.621,0.784,-0.991,0.105,-0.083],"_shiftlockState":false,"_pose":"Running","_animationQueue":[],"_animationSpeed":1.066,"_zoom":11.4},{"_mousePosition":[766,284],"_rootPartCFrame":[772.096,222.7,46.93,-0.002,0,1,0,1,0,-1,0,-0.002],"_humanoidState":8,"_cameraCFrame":[778.995,233.219,45.921,-0.145,-0.783,0.605,0,0.612,0.791,-0.989,0.115,-0.089],"_shiftlockState":false,"_pose":"Running","_animationQueue":[],"_animationSpeed":1.066,"_zoom":11.4},{"_mousePosition":[766,284],"_rootPartCFrame":[771.832,222.7,46.966,-0.019,0,1,0,1,0,-1,0,-0.019],"_humanoidState":8,"_cameraCFrame":[778.63,233.291,45.927,-0.151,-0.788,0.596,0,0.603,0.798,-0.989,0.12,-0.091],"_shiftlockState":false,"_pose":"Running","_animationQueue":[["walk",0.1]],"_animationSpeed":1.066,"_zoom":11.4},{"_mousePosition":[766,284],"_rootPartCFrame":[771.568,222.7,47.004,-0.036,0,0.999,0,1,0,-0.999,0,-0.036],"_humanoidState":8,"_cameraCFrame":[778.27,233.363,45.966,-0.153,-0.794,0.588,0,0.595,0.804,-0.988,0.123,-0.091],"_shiftlockState":false,"_pose":"Running","_animationQueue":[],"_animationSpeed":1.066,"_zoom":11.4},{"_mousePosition":[766,284],"_rootPartCFrame":[771.304,222.7,47.044,-0.052,0,0.999,0,1,0,-0.999,0,-0.052],"_humanoidState":8,"_cameraCFrame":[777.895,233.444,46.016,-0.154,-0.801,0.578,0,0.585,0.811,-0.988,0.125,-0.09],"_shiftlockState":false,"_pose":"Running","_animationQueue":[],"_animationSpeed":1.066,"_zoom":11.4},{"_mousePosition":[766,284],"_rootPartCFrame":[771.041,222.7,47.085,-0.065,0,0.998,0,1,0,-0.998,0,-0.065],"_humanoidState":8,"_cameraCFrame":[777.506,233.535,46.077,-0.154,-0.809,0.567,0,0.574,0.819,-0.988,0.126,-0.088],"_shiftlockState":false,"_pose":"Running","_animationQueue":[],"_animationSpeed":1.066,"_zoom":11.4},{"_mousePosition":[766,284],"_rootPartCFrame":[770.777,222.7,47.126,-0.078,0,0.997,0,1,0,-0.997,0,-0.078],"_humanoidState":8,"_cameraCFrame":[777.087,233.644,46.156,-0.152,-0.819,0.554,0,0.56,0.828,-0.988,0.126,-0.085],"_shiftlockState":false,"_pose":"Running","_animationQueue":[],"_animationSpeed":1.066,"_zoom":11.4},{"_mousePosition":[766,284],"_rootPartCFrame":[770.514,222.7,47.167,-0.088,0,0.996,0,1,0,-0.996,0,-0.088],"_humanoidState":8,"_cameraCFrame":[776.619,233.781,46.228,-0.152,-0.831,0.536,0,0.542,0.84,-0.988,0.128,-0.082],"_shiftlockState":false,"_pose":"Running","_animationQueue":[],"_animationSpeed":1.066,"_zoom":11.4},{"_mousePosition":[766,284],"_rootPartCFrame":[770.25,222.666,47.208,-0.098,0,0.995,0,1,0,-0.995,0,-0.098],"_humanoidState":8,"_cameraCFrame":[776.094,233.913,46.31,-0.152,-0.845,0.513,0,0.519,0.855,-0.988,0.13,-0.079],"_shiftlockState":false,"_pose":"Running","_animationQueue":[],"_animationSpeed":1.066,"_zoom":11.4},{"_mousePosition":[766,284],"_rootPartCFrame":[769.987,222.577,47.249,-0.108,0,0.994,0,1,0,-0.994,0,-0.108],"_humanoidState":8,"_cameraCFrame":[775.507,234.014,46.389,-0.154,-0.861,0.484,0,0.49,0.872,-0.988,0.134,-0.076],"_shiftlockState":false,"_pose":"Running","_animationQueue":[["walk",0.1]],"_animationSpeed":1.066,"_zoom":11.4},{"_mousePosition":[766,284],"_rootPartCFrame":[769.658,222.39,47.301,-0.121,0,0.993,0,1,0,-0.993,0,-0.121],"_humanoidState":8,"_cameraCFrame":[774.837,234.01,46.46,-0.16,-0.876,0.454,0,0.46,0.888,-0.987,0.142,-0.074],"_shiftlockState":false,"_pose":"Running","_animationQueue":[],"_animationSpeed":1.066,"_zoom":11.4},{"_mousePosition":[766,284],"_rootPartCFrame":[769.46,222.236,47.332,-0.129,0,0.992,0,1,0,-0.992,0,-0.129],"_humanoidState":8,"_cameraCFrame":[774.297,234.029,46.541,-0.161,-0.891,0.424,0,0.43,0.903,-0.987,0.146,-0.069],"_shiftlockState":false,"_pose":"Running","_animationQueue":[],"_animationSpeed":1.066,"_zoom":11.4},{"_mousePosition":[766,284],"_rootPartCFrame":[769.131,223.32,47.383,-0.142,0,0.99,0,1,0,-0.99,0,-0.142],"_humanoidState":3,"_cameraCFrame":[773.673,235.251,46.65,-0.159,-0.903,0.398,0,0.404,0.915,-0.987,0.146,-0.064],"_shiftlockState":false,"_pose":"Jumping","_animationQueue":[["walk",0.1],["jump",0.1]],"_animationSpeed":1,"_zoom":11.4},{"_mousePosition":[766,284],"_rootPartCFrame":[768.868,224.129,47.426,-0.146,0,0.989,0,1,0,-0.989,0,-0.146],"_humanoidState":5,"_cameraCFrame":[773.094,236.195,46.758,-0.156,-0.916,0.371,0,0.375,0.927,-0.988,0.145,-0.059],"_shiftlockState":false,"_pose":"FreeFall","_animationQueue":[["jump",0.1]],"_animationSpeed":1,"_zoom":11.4},{"_mousePosition":[766,284],"_rootPartCFrame":[768.67,224.699,47.458,-0.148,0,0.989,0,1,0,-0.989,0,-0.148],"_humanoidState":5,"_cameraCFrame":[772.541,236.904,46.85,-0.155,-0.928,0.34,0,0.344,0.939,-0.988,0.146,-0.053],"_shiftlockState":false,"_pose":"FreeFall","_animationQueue":[],"_animationSpeed":1,"_zoom":11.4},{"_mousePosition":[766,284],"_rootPartCFrame":[768.341,225.582,47.51,-0.15,0,0.989,0,1,0,-0.989,0,-0.15],"_humanoidState":5,"_cameraCFrame":[772.004,237.864,46.974,-0.145,-0.936,0.321,0,0.325,0.946,-0.989,0.137,-0.047],"_shiftlockState":false,"_pose":"FreeFall","_animationQueue":[],"_animationSpeed":1,"_zoom":11.4},{"_mousePosition":[766,284],"_rootPartCFrame":[768.143,226.071,47.541,-0.151,0,0.989,0,1,0,-0.989,0,-0.151],"_humanoidState":5,"_cameraCFrame":[771.798,238.356,47.01,-0.144,-0.936,0.321,0,0.324,0.946,-0.99,0.136,-0.047],"_shiftlockState":false,"_pose":"FreeFall","_animationQueue":[],"_animationSpeed":1,"_zoom":11.4},{"_mousePosition":[766,284],"_rootPartCFrame":[767.88,226.675,47.58,-0.15,0,0.989,0,1,0,-0.989,0,-0.15],"_humanoidState":5,"_cameraCFrame":[771.534,238.96,47.049,-0.144,-0.936,0.321,0,0.324,0.946,-0.99,0.136,-0.047],"_shiftlockState":false,"_pose":"FreeFall","_animationQueue":[],"_animationSpeed":1,"_zoom":11.4},{"_mousePosition":[766,284],"_rootPartCFrame":[767.616,227.224,47.618,-0.149,0,0.989,0,1,0,-0.989,0,-0.149],"_humanoidState":5,"_cameraCFrame":[771.271,239.509,47.087,-0.144,-0.936,0.321,0,0.324,0.946,-0.99,0.136,-0.047],"_shiftlockState":false,"_pose":"FreeFall","_animationQueue":[],"_animationSpeed":1,"_zoom":11.4},{"_mousePosition":[766,284],"_rootPartCFrame":[767.352,227.719,47.657,-0.149,0,0.989,0,1,0,-0.989,0,-0.149],"_humanoidState":5,"_cameraCFrame":[771.007,240.004,47.126,-0.144,-0.936,0.321,0,0.324,0.946,-0.99,0.136,-0.047],"_shiftlockState":false,"_pose":"FreeFall","_animationQueue":[],"_animationSpeed":1,"_zoom":11.4},{"_mousePosition":[766,284],"_rootPartCFrame":[767.088,228.16,47.695,-0.148,0,0.989,0,1,0,-0.989,0,-0.148],"_humanoidState":5,"_cameraCFrame":[770.743,240.445,47.164,-0.144,-0.936,0.321,0,0.324,0.946,-0.99,0.136,-0.047],"_shiftlockState":false,"_pose":"FreeFall","_animationQueue":[],"_animationSpeed":1,"_zoom":11.4},{"_mousePosition":[766,284],"_rootPartCFrame":[766.758,228.634,47.743,-0.147,0,0.989,0,1,0,-0.989,0,-0.147],"_humanoidState":5,"_cameraCFrame":[770.413,240.919,47.212,-0.144,-0.936,0.321,0,0.324,0.946,-0.99,0.136,-0.047],"_shiftlockState":false,"_pose":"FreeFall","_animationQueue":[],"_animationSpeed":1,"_zoom":11.4},{"_mousePosition":[766,284],"_rootPartCFrame":[766.56,228.877,47.772,-0.147,0,0.989,0,1,0,-0.989,0,-0.147],"_humanoidState":5,"_cameraCFrame":[770.215,241.162,47.241,-0.144,-0.936,0.321,0,0.324,0.946,-0.99,0.136,-0.047],"_shiftlockState":false,"_pose":"FreeFall","_animationQueue":[],"_animationSpeed":1,"_zoom":11.4},{"_mousePosition":[766,284],"_rootPartCFrame":[766.296,229.154,47.81,-0.146,0,0.989,0,1,0,-0.989,0,-0.146],"_humanoidState":5,"_cameraCFrame":[769.951,241.439,47.279,-0.144,-0.936,0.321,0,0.324,0.946,-0.99,0.136,-0.047],"_shiftlockState":false,"_pose":"FreeFall","_animationQueue":[],"_animationSpeed":1,"_zoom":11.4},{"_mousePosition":[766,284],"_rootPartCFrame":[766.032,229.377,47.848,-0.146,0,0.989,0,1,0,-0.989,0,-0.146],"_humanoidState":5,"_cameraCFrame":[769.687,241.662,47.317,-0.144,-0.936,0.321,0,0.324,0.946,-0.99,0.136,-0.047],"_shiftlockState":false,"_pose":"FreeFall","_animationQueue":[],"_animationSpeed":1,"_zoom":11.4},{"_mousePosition":[766,284],"_rootPartCFrame":[765.768,229.545,47.887,-0.146,0,0.989,0,1,0,-0.989,0,-0.146],"_humanoidState":5,"_cameraCFrame":[769.423,241.83,47.356,-0.144,-0.936,0.321,0,0.324,0.946,-0.99,0.136,-0.047],"_shiftlockState":false,"_pose":"FreeFall","_animationQueue":[],"_animationSpeed":1,"_zoom":11.4},{"_mousePosition":[766,284],"_rootPartCFrame":[765.504,229.658,47.925,-0.145,0,0.989,0,1,0,-0.989,0,-0.145],"_humanoidState":5,"_cameraCFrame":[769.159,241.943,47.394,-0.144,-0.936,0.321,0,0.324,0.946,-0.99,0.136,-0.047],"_shiftlockState":false,"_pose":"FreeFall","_animationQueue":[],"_animationSpeed":1,"_zoom":11.4},{"_mousePosition":[766,284],"_rootPartCFrame":[765.24,229.717,47.963,-0.145,0,0.989,0,1,0,-0.989,0,-0.145],"_humanoidState":5,"_cameraCFrame":[768.895,242.003,47.432,-0.144,-0.936,0.321,0,0.324,0.946,-0.99,0.136,-0.047],"_shiftlockState":false,"_pose":"FreeFall","_animationQueue":[],"_animationSpeed":1,"_zoom":11.4},{"_mousePosition":[766,284],"_rootPartCFrame":[764.977,229.722,48.002,-0.145,0,0.989,0,1,0,-0.989,0,-0.145],"_humanoidState":5,"_cameraCFrame":[768.631,242.007,47.471,-0.144,-0.936,0.321,0,0.324,0.946,-0.99,0.136,-0.047],"_shiftlockState":false,"_pose":"FreeFall","_animationQueue":[["fall",0.3]],"_animationSpeed":1,"_zoom":11.4},{"_mousePosition":[766,284],"_rootPartCFrame":[764.713,229.672,48.04,-0.145,0,0.989,0,1,0,-0.989,0,-0.145],"_humanoidState":5,"_cameraCFrame":[768.367,241.957,47.509,-0.144,-0.936,0.321,0,0.324,0.946,-0.99,0.136,-0.047],"_shiftlockState":false,"_pose":"FreeFall","_animationQueue":[],"_animationSpeed":1,"_zoom":11.4},{"_mousePosition":[766,284],"_rootPartCFrame":[764.449,229.567,48.078,-0.145,0,0.989,0,1,0,-0.989,0,-0.145],"_humanoidState":5,"_cameraCFrame":[768.104,241.853,47.547,-0.144,-0.936,0.321,0,0.324,0.946,-0.99,0.136,-0.047],"_shiftlockState":false,"_pose":"FreeFall","_animationQueue":[],"_animationSpeed":1,"_zoom":11.4},{"_mousePosition":[766,284],"_rootPartCFrame":[764.185,229.408,48.117,-0.145,0,0.99,0,1,0,-0.99,0,-0.145],"_humanoidState":5,"_cameraCFrame":[767.549,241.676,45.714,-0.182,-0.929,0.323,0,0.329,0.944,-0.983,0.172,-0.06],"_shiftlockState":true,"_pose":"FreeFall","_animationQueue":[],"_animationSpeed":1,"_zoom":11.4},{"_mousePosition":[683,384],"_rootPartCFrame":[763.855,229.133,48.164,-0.177,0,0.984,0,1,0,-0.984,0,-0.177],"_humanoidState":5,"_cameraCFrame":[767.219,241.4,45.762,-0.182,-0.929,0.323,0,0.329,0.944,-0.983,0.172,-0.06],"_shiftlockState":true,"_pose":"FreeFall","_animationQueue":[],"_animationSpeed":1,"_zoom":11.4},{"_mousePosition":[683,384],"_rootPartCFrame":[763.658,228.927,48.199,-0.181,0,0.984,0,1,0,-0.984,0,-0.181],"_humanoidState":5,"_cameraCFrame":[766.898,241.206,45.683,-0.218,-0.923,0.318,0,0.325,0.946,-0.976,0.206,-0.071],"_shiftlockState":true,"_pose":"FreeFall","_animationQueue":[],"_animationSpeed":1,"_zoom":11.4},{"_mousePosition":[683,384],"_rootPartCFrame":[763.396,228.604,48.248,-0.214,0,0.977,0,1,0,-0.977,0,-0.214],"_humanoidState":5,"_cameraCFrame":[766.441,240.91,45.605,-0.263,-0.915,0.307,0,0.319,0.948,-0.965,0.249,-0.084],"_shiftlockState":true,"_pose":"FreeFall","_animationQueue":[["fall",0.3]],"_animationSpeed":1,"_zoom":11.4},{"_mousePosition":[683,384],"_rootPartCFrame":[763.07,228.125,48.319,-0.256,0,0.967,0,1,0,-0.967,0,-0.256],"_humanoidState":5,"_cameraCFrame":[765.938,240.451,45.564,-0.305,-0.904,0.298,0,0.313,0.95,-0.952,0.289,-0.095],"_shiftlockState":true,"_pose":"FreeFall","_animationQueue":[],"_animationSpeed":1,"_zoom":11.4},{"_mousePosition":[683,384],"_rootPartCFrame":[762.812,227.68,48.387,-0.299,0,0.954,0,1,0,-0.954,0,-0.299],"_humanoidState":5,"_cameraCFrame":[765.498,240.023,45.518,-0.349,-0.891,0.289,0,0.309,0.951,-0.937,0.332,-0.108],"_shiftlockState":true,"_pose":"FreeFall","_animationQueue":[],"_animationSpeed":1,"_zoom":11.4},{"_mousePosition":[683,384],"_rootPartCFrame":[762.621,227.31,48.447,-0.345,0,0.939,0,1,0,-0.939,0,-0.345],"_humanoidState":5,"_cameraCFrame":[765.133,239.67,45.486,-0.389,-0.878,0.28,0,0.304,0.953,-0.921,0.371,-0.118],"_shiftlockState":true,"_pose":"FreeFall","_animationQueue":[],"_animationSpeed":1,"_zoom":11.4},{"_mousePosition":[683,384],"_rootPartCFrame":[762.371,226.77,48.538,-0.384,0,0.923,0,1,0,-0.923,0,-0.384],"_humanoidState":5,"_cameraCFrame":[764.727,239.144,45.5,-0.425,-0.864,0.272,0,0.3,0.954,-0.905,0.405,-0.127],"_shiftlockState":true,"_pose":"FreeFall","_animationQueue":[],"_animationSpeed":1,"_zoom":11.4},{"_mousePosition":[683,384],"_rootPartCFrame":[762.063,226.017,48.666,-0.419,0,0.908,0,1,0,-0.908,0,-0.419],"_humanoidState":5,"_cameraCFrame":[764.208,238.413,45.551,-0.468,-0.845,0.26,0,0.294,0.956,-0.884,0.447,-0.138],"_shiftlockState":true,"_pose":"FreeFall","_animationQueue":[],"_animationSpeed":1,"_zoom":11.4},{"_mousePosition":[683,384],"_rootPartCFrame":[761.882,225.525,48.75,-0.464,0,0.886,0,1,0,-0.886,0,-0.464],"_humanoidState":5,"_cameraCFrame":[763.727,237.95,45.547,-0.527,-0.815,0.243,0,0.286,0.958,-0.85,0.505,-0.15],"_shiftlockState":true,"_pose":"FreeFall","_animationQueue":[["fall",0.3]],"_animationSpeed":1,"_zoom":11.4},{"_mousePosition":[683,384],"_rootPartCFrame":[761.647,225.535,48.871,-0.525,0,0.851,0,1,0,-0.851,0,-0.525],"_humanoidState":7,"_cameraCFrame":[763.141,237.986,45.575,-0.598,-0.77,0.223,0,0.278,0.961,-0.802,0.574,-0.166],"_shiftlockState":true,"_pose":"FreeFall","_animationQueue":[["walk",0.1],["fall",0.3],["fall",0.3]],"_animationSpeed":1,"_zoom":11.4},{"_mousePosition":[683,384],"_rootPartCFrame":[761.422,225.748,49.008,-0.598,0,0.802,0,1,0,-0.802,0,-0.598],"_humanoidState":7,"_cameraCFrame":[762.464,238.229,45.639,-0.683,-0.704,0.196,0,0.269,0.963,-0.731,0.658,-0.183],"_shiftlockState":true,"_pose":"FreeFall","_animationQueue":[],"_animationSpeed":1,"_zoom":11.4},{"_mousePosition":[683,384],"_rootPartCFrame":[761.156,225.976,49.203,-0.688,0,0.725,0,1,0,-0.725,0,-0.688],"_humanoidState":8,"_cameraCFrame":[761.762,238.479,45.799,-0.76,-0.627,0.17,0,0.262,0.965,-0.65,0.734,-0.199],"_shiftlockState":true,"_pose":"Running","_animationQueue":[["walk",0.1],["fall",0.3],["walk",0.1]],"_animationSpeed":1.091,"_zoom":11.4},{"_mousePosition":[683,384],"_rootPartCFrame":[760.91,226.084,49.249,-0.765,0,0.644,0,1,0,-0.644,0,-0.765],"_humanoidState":8,"_cameraCFrame":[761.133,238.604,45.853,-0.822,-0.55,0.146,0,0.256,0.967,-0.569,0.795,-0.211],"_shiftlockState":true,"_pose":"Running","_animationQueue":[],"_animationSpeed":1.091,"_zoom":11.4},{"_mousePosition":[683,384],"_rootPartCFrame":[760.649,226.154,49.267,-0.823,0,0.567,0,1,0,-0.567,0,-0.823],"_humanoidState":8,"_cameraCFrame":[760.561,238.692,45.925,-0.865,-0.485,0.125,0,0.25,0.968,-0.501,0.838,-0.216],"_shiftlockState":true,"_pose":"Running","_animationQueue":[],"_animationSpeed":1.091,"_zoom":11.4},{"_mousePosition":[683,384],"_rootPartCFrame":[760.39,226.21,49.31,-0.865,0,0.501,0,1,0,-0.501,0,-0.865],"_humanoidState":8,"_cameraCFrame":[759.961,238.774,46.078,-0.907,-0.409,0.102,0,0.241,0.97,-0.421,0.88,-0.219],"_shiftlockState":true,"_pose":"Running","_animationQueue":[["walk",0.1]],"_animationSpeed":1.091,"_zoom":11.4},{"_mousePosition":[683,384],"_rootPartCFrame":[760.198,226.248,49.357,-0.907,0,0.421,0,1,0,-0.421,0,-0.907],"_humanoidState":8,"_cameraCFrame":[759.416,238.838,46.286,-0.944,-0.32,0.076,0,0.232,0.973,-0.329,0.919,-0.219],"_shiftlockState":true,"_pose":"Running","_animationQueue":[],"_animationSpeed":1.091,"_zoom":11.4},{"_mousePosition":[683,384],"_rootPartCFrame":[759.895,226.306,49.28,-0.944,0,0.329,0,1,0,-0.329,0,-0.944],"_humanoidState":8,"_cameraCFrame":[758.887,238.914,46.345,-0.964,-0.258,0.06,0,0.225,0.974,-0.265,0.94,-0.217],"_shiftlockState":true,"_pose":"Running","_animationQueue":[],"_animationSpeed":1.091,"_zoom":11.4},{"_mousePosition":[683,384],"_rootPartCFrame":[759.71,226.339,49.212,-0.964,0,0.265,0,1,0,-0.265,0,-0.964],"_humanoidState":8,"_cameraCFrame":[758.494,238.965,46.429,-0.98,-0.196,0.044,0,0.218,0.976,-0.201,0.956,-0.213],"_shiftlockState":true,"_pose":"Running","_animationQueue":[],"_animationSpeed":1.091,"_zoom":11.4},{"_mousePosition":[683,384],"_rootPartCFrame":[759.457,226.381,49.139,-0.98,0,0.201,0,1,0,-0.201,0,-0.98],"_humanoidState":8,"_cameraCFrame":[758.113,239.018,46.457,-0.987,-0.154,0.034,0,0.214,0.977,-0.158,0.965,-0.211],"_shiftlockState":true,"_pose":"Running","_animationQueue":[],"_animationSpeed":1.091,"_zoom":11.4},{"_mousePosition":[683,384],"_rootPartCFrame":[759.136,226.434,49.071,-0.987,0,0.158,0,1,0,-0.158,0,-0.987],"_humanoidState":8,"_cameraCFrame":[757.706,239.075,46.45,-0.992,-0.124,0.027,0,0.212,0.977,-0.127,0.969,-0.21],"_shiftlockState":true,"_pose":"Running","_animationQueue":[],"_animationSpeed":1.091,"_zoom":11.4},{"_mousePosition":[683,384],"_rootPartCFrame":[758.812,226.489,49.017,-0.992,0,0.127,0,1,0,-0.127,0,-0.992],"_humanoidState":8,"_cameraCFrame":[757.329,239.133,46.443,-0.994,-0.104,0.023,0,0.211,0.978,-0.107,0.972,-0.209],"_shiftlockState":true,"_pose":"Running","_animationQueue":[["walk",0.1]],"_animationSpeed":1.091,"_zoom":11.4},{"_mousePosition":[683,384],"_rootPartCFrame":[758.486,226.544,48.974,-0.994,0,0.107,0,1,0,-0.107,0,-0.994],"_humanoidState":8,"_cameraCFrame":[756.964,239.192,46.44,-0.996,-0.09,0.019,0,0.209,0.978,-0.092,0.974,-0.208],"_shiftlockState":true,"_pose":"Running","_animationQueue":[],"_animationSpeed":1.091,"_zoom":11.4},{"_mousePosition":[683,384],"_rootPartCFrame":[758.225,226.589,48.946,-0.996,0,0.092,0,1,0,-0.092,0,-0.996],"_humanoidState":8,"_cameraCFrame":[756.691,239.239,46.427,-0.996,-0.086,0.018,0,0.208,0.978,-0.088,0.974,-0.207],"_shiftlockState":true,"_pose":"Running","_animationQueue":[],"_animationSpeed":1.091,"_zoom":11.4},{"_mousePosition":[683,384],"_rootPartCFrame":[758.095,226.62,48.933,-0.996,0,0.088,0,1,0,-0.088,0,-0.996],"_humanoidState":8,"_cameraCFrame":[756.561,239.27,46.414,-0.996,-0.086,0.018,0,0.208,0.978,-0.088,0.974,-0.207],"_shiftlockState":true,"_pose":"Running","_animationQueue":[],"_animationSpeed":1.091,"_zoom":11.4},{"_mousePosition":[683,384],"_rootPartCFrame":[757.83,226.557,48.909,-0.996,0,0.088,0,1,0,-0.088,0,-0.996],"_humanoidState":8,"_cameraCFrame":[756.296,239.207,46.39,-0.996,-0.086,0.018,0,0.208,0.978,-0.088,0.974,-0.207],"_shiftlockState":true,"_pose":"Running","_animationQueue":[],"_animationSpeed":1.091,"_zoom":11.4},{"_mousePosition":[683,384],"_rootPartCFrame":[757.633,226.58,48.892,-0.996,0,0.088,0,1,0,-0.088,0,-0.996],"_humanoidState":8,"_cameraCFrame":[756.105,239.23,46.37,-0.996,-0.088,0.019,0,0.208,0.978,-0.09,0.974,-0.207],"_shiftlockState":true,"_pose":"Running","_animationQueue":[],"_animationSpeed":1.091,"_zoom":11.4},{"_mousePosition":[683,384],"_rootPartCFrame":[757.372,226.628,48.869,-0.996,0,0.09,0,1,0,-0.09,0,-0.996],"_humanoidState":8,"_cameraCFrame":[755.846,239.279,46.345,-0.996,-0.089,0.019,0,0.208,0.978,-0.091,0.974,-0.207],"_shiftlockState":true,"_pose":"Running","_animationQueue":[],"_animationSpeed":1.091,"_zoom":11.4},{"_mousePosition":[683,384],"_rootPartCFrame":[757.11,226.675,48.846,-0.996,0,0.091,0,1,0,-0.091,0,-0.996],"_humanoidState":8,"_cameraCFrame":[755.584,239.325,46.322,-0.996,-0.089,0.019,0,0.208,0.978,-0.091,0.974,-0.207],"_shiftlockState":true,"_pose":"Running","_animationQueue":[],"_animationSpeed":1.091,"_zoom":11.4},{"_mousePosition":[683,384],"_rootPartCFrame":[756.848,226.721,48.822,-0.996,0,0.091,0,1,0,-0.091,0,-0.996],"_humanoidState":8,"_cameraCFrame":[755.322,239.371,46.299,-0.996,-0.089,0.019,0,0.208,0.978,-0.091,0.974,-0.207],"_shiftlockState":true,"_pose":"Running","_animationQueue":[["walk",0.1]],"_animationSpeed":1.091,"_zoom":11.4},{"_mousePosition":[683,384],"_rootPartCFrame":[756.587,226.767,48.799,-0.996,0,0.091,0,1,0,-0.091,0,-0.996],"_humanoidState":8,"_cameraCFrame":[755.056,239.421,46.295,-0.996,-0.088,0.019,0,0.207,0.978,-0.09,0.974,-0.206],"_shiftlockState":true,"_pose":"Running","_animationQueue":[],"_animationSpeed":1.091,"_zoom":11.4},{"_mousePosition":[683,384],"_rootPartCFrame":[756.259,226.825,48.77,-0.996,0,0.09,0,1,0,-0.09,0,-0.996],"_humanoidState":8,"_cameraCFrame":[754.698,239.486,46.32,-0.997,-0.077,0.016,0,0.204,0.979,-0.079,0.976,-0.203],"_shiftlockState":true,"_pose":"Running","_animationQueue":[],"_animationSpeed":1.091,"_zoom":11.4},{"_mousePosition":[683,384],"_rootPartCFrame":[755.998,227.698,48.747,-0.997,0,0.079,0,1,0,-0.079,0,-0.997],"_humanoidState":3,"_cameraCFrame":[754.393,240.367,46.359,-0.998,-0.061,0.012,0,0.2,0.98,-0.062,0.978,-0.2],"_shiftlockState":true,"_pose":"Jumping","_animationQueue":[["walk",0.1],["jump",0.1]],"_animationSpeed":1,"_zoom":11.4},{"_mousePosition":[683,384],"_rootPartCFrame":[755.732,228.52,48.726,-0.988,0,0.154,0,1,0,-0.154,0,-0.988],"_humanoidState":5,"_cameraCFrame":[754.074,241.194,46.401,-0.999,-0.039,0.008,0,0.198,0.98,-0.04,0.979,-0.198],"_shiftlockState":true,"_pose":"FreeFall","_animationQueue":[["jump",0.1]],"_animationSpeed":1,"_zoom":11.4},{"_mousePosition":[683,384],"_rootPartCFrame":[755.466,229.287,48.709,-0.986,0,0.168,0,1,0,-0.168,0,-0.986],"_humanoidState":5,"_cameraCFrame":[753.745,241.965,46.448,-1,-0.013,0.003,0,0.196,0.981,-0.013,0.98,-0.196],"_shiftlockState":true,"_pose":"FreeFall","_animationQueue":[],"_animationSpeed":1,"_zoom":11.4},{"_mousePosition":[683,384],"_rootPartCFrame":[755.2,230,48.697,-0.989,0,0.145,0,1,0,-0.145,0,-0.989],"_humanoidState":5,"_cameraCFrame":[753.427,242.678,46.476,-1,0.01,-0.002,0,0.196,0.981,0.01,0.98,-0.196],"_shiftlockState":true,"_pose":"FreeFall","_animationQueue":[],"_animationSpeed":1,"_zoom":11.4},{"_mousePosition":[683,384],"_rootPartCFrame":[754.933,230.659,48.693,-0.992,0,0.123,0,1,0,-0.123,0,-0.992],"_humanoidState":5,"_cameraCFrame":[753.108,243.337,46.515,-0.999,0.034,-0.007,0,0.196,0.981,0.034,0.98,-0.196],"_shiftlockState":true,"_pose":"FreeFall","_animationQueue":[],"_animationSpeed":1,"_zoom":11.4},{"_mousePosition":[683,384],"_rootPartCFrame":[754.667,231.263,48.694,-0.995,0,0.099,0,1,0,-0.099,0,-0.995],"_humanoidState":5,"_cameraCFrame":[752.814,243.941,46.54,-0.999,0.046,-0.009,0,0.196,0.981,0.047,0.979,-0.196],"_shiftlockState":true,"_pose":"FreeFall","_animationQueue":[],"_animationSpeed":1,"_zoom":11.4},{"_mousePosition":[683,384],"_rootPartCFrame":[754.4,231.812,48.703,-0.996,0,0.086,0,1,0,-0.086,0,-0.996],"_humanoidState":5,"_cameraCFrame":[752.531,244.489,46.553,-0.999,0.053,-0.011,0,0.197,0.98,0.054,0.979,-0.197],"_shiftlockState":true,"_pose":"FreeFall","_animationQueue":[],"_animationSpeed":1,"_zoom":11.4},{"_mousePosition":[683,384],"_rootPartCFrame":[754.134,232.307,48.715,-0.997,0,0.079,0,1,0,-0.079,0,-0.997],"_humanoidState":5,"_cameraCFrame":[752.251,244.984,46.577,-0.998,0.059,-0.012,0,0.197,0.98,0.06,0.979,-0.197],"_shiftlockState":true,"_pose":"FreeFall","_animationQueue":[],"_animationSpeed":1,"_zoom":11.4},{"_mousePosition":[683,384],"_rootPartCFrame":[753.934,232.643,48.725,-0.999,0,0.039,0,1,0,-0.039,0,-0.999],"_humanoidState":5,"_cameraCFrame":[752.043,245.319,46.595,-0.998,0.063,-0.013,0,0.197,0.98,0.065,0.978,-0.197],"_shiftlockState":true,"_pose":"FreeFall","_animationQueue":[],"_animationSpeed":1,"_zoom":11.4},{"_mousePosition":[683,384],"_rootPartCFrame":[753.668,233.043,48.741,-0.998,0,0.069,0,1,0,-0.069,0,-0.998],"_humanoidState":5,"_cameraCFrame":[751.772,245.719,46.615,-0.998,0.065,-0.013,0,0.197,0.98,0.067,0.978,-0.197],"_shiftlockState":true,"_pose":"FreeFall","_animationQueue":[],"_animationSpeed":1,"_zoom":11.4},{"_mousePosition":[683,384],"_rootPartCFrame":[753.402,233.388,48.758,-0.998,0,0.066,0,1,0,-0.066,0,-0.998],"_humanoidState":5,"_cameraCFrame":[751.496,246.062,46.631,-0.997,0.069,-0.014,0,0.198,0.98,0.071,0.978,-0.197],"_shiftlockState":true,"_pose":"FreeFall","_animationQueue":[],"_animationSpeed":1,"_zoom":11.4},{"_mousePosition":[683,384],"_rootPartCFrame":[753.136,233.678,48.776,-0.998,0,0.062,0,1,0,-0.062,0,-0.998],"_humanoidState":5,"_cameraCFrame":[751.226,246.353,46.653,-0.997,0.072,-0.014,0,0.198,0.98,0.073,0.978,-0.197],"_shiftlockState":true,"_pose":"FreeFall","_animationQueue":[],"_animationSpeed":1,"_zoom":11.4},{"_mousePosition":[683,384],"_rootPartCFrame":[752.87,233.914,48.795,-0.998,0,0.06,0,1,0,-0.06,0,-0.998],"_humanoidState":5,"_cameraCFrame":[750.955,246.589,46.675,-0.997,0.074,-0.015,0,0.198,0.98,0.075,0.977,-0.197],"_shiftlockState":true,"_pose":"FreeFall","_animationQueue":[],"_animationSpeed":1,"_zoom":11.4},{"_mousePosition":[683,384],"_rootPartCFrame":[752.604,234.096,48.814,-0.998,0,0.058,0,1,0,-0.058,0,-0.998],"_humanoidState":5,"_cameraCFrame":[750.683,246.77,46.701,-0.997,0.077,-0.015,0,0.198,0.98,0.078,0.977,-0.197],"_shiftlockState":true,"_pose":"FreeFall","_animationQueue":[],"_animationSpeed":1,"_zoom":11.4},{"_mousePosition":[683,384],"_rootPartCFrame":[752.271,234.247,48.839,-0.996,0,0.088,0,1,0,-0.088,0,-0.996],"_humanoidState":5,"_cameraCFrame":[750.348,246.921,46.728,-0.997,0.078,-0.016,0,0.198,0.98,0.079,0.977,-0.197],"_shiftlockState":true,"_pose":"FreeFall","_animationQueue":[],"_animationSpeed":1,"_zoom":11.4},{"_mousePosition":[683,384],"_rootPartCFrame":[752.072,234.296,48.854,-1,0,0.021,0,1,0,-0.021,0,-1],"_humanoidState":5,"_cameraCFrame":[750.142,246.97,46.749,-0.997,0.081,-0.016,0,0.198,0.98,0.082,0.977,-0.197],"_shiftlockState":true,"_pose":"FreeFall","_animationQueue":[],"_animationSpeed":1,"_zoom":11.4},{"_mousePosition":[683,384],"_rootPartCFrame":[751.806,234.314,48.875,-0.999,0,0.051,0,1,0,-0.051,0,-0.999],"_humanoidState":5,"_cameraCFrame":[749.866,246.985,46.76,-0.996,0.085,-0.017,0,0.2,0.98,0.087,0.976,-0.199],"_shiftlockState":true,"_pose":"FreeFall","_animationQueue":[],"_animationSpeed":1,"_zoom":11.4},{"_mousePosition":[683,384],"_rootPartCFrame":[751.54,234.278,48.897,-0.999,0,0.047,0,1,0,-0.047,0,-0.999],"_humanoidState":5,"_cameraCFrame":[749.586,246.943,46.766,-0.996,0.09,-0.019,0,0.202,0.979,0.092,0.975,-0.201],"_shiftlockState":true,"_pose":"FreeFall","_animationQueue":[["fall",0.3]],"_animationSpeed":1,"_zoom":11.4},{"_mousePosition":[683,384],"_rootPartCFrame":[751.225,234.156,48.958,-0.999,0,0.049,0,1,0,-0.049,0,-0.999],"_humanoidState":5,"_cameraCFrame":[749.258,246.815,46.809,-0.995,0.095,-0.02,0,0.204,0.979,0.097,0.974,-0.203],"_shiftlockState":true,"_pose":"FreeFall","_animationQueue":[],"_animationSpeed":1,"_zoom":11.4},{"_mousePosition":[683,384],"_rootPartCFrame":[751.05,234.042,49.021,-1,0,-0.018,0,1,0,0.018,0,-1],"_humanoidState":5,"_cameraCFrame":[749.068,246.695,46.856,-0.995,0.1,-0.021,0,0.207,0.978,0.102,0.973,-0.206],"_shiftlockState":true,"_pose":"FreeFall","_animationQueue":[],"_animationSpeed":1,"_zoom":11.4},{"_mousePosition":[683,384],"_rootPartCFrame":[750.832,233.842,49.135,-1,0,0.003,0,1,0,-0.003,0,-1],"_humanoidState":5,"_cameraCFrame":[748.836,246.49,46.954,-0.994,0.105,-0.022,0,0.209,0.978,0.107,0.972,-0.208],"_shiftlockState":true,"_pose":"FreeFall","_animationQueue":[],"_animationSpeed":1,"_zoom":11.4},{"_mousePosition":[683,384],"_rootPartCFrame":[750.633,233.587,49.284,-1,0,-0.002,0,1,0,0.002,0,-1],"_humanoidState":5,"_cameraCFrame":[748.626,246.232,47.094,-0.994,0.109,-0.023,0,0.211,0.978,0.112,0.971,-0.209],"_shiftlockState":true,"_pose":"FreeFall","_animationQueue":[],"_animationSpeed":1,"_zoom":11.4},{"_mousePosition":[683,384],"_rootPartCFrame":[750.411,233.193,49.52,-1,0,0.02,0,1,0,-0.02,0,-1],"_humanoidState":5,"_cameraCFrame":[748.39,245.833,47.322,-0.993,0.114,-0.025,0,0.212,0.977,0.117,0.971,-0.211],"_shiftlockState":true,"_pose":"FreeFall","_animationQueue":[],"_animationSpeed":1,"_zoom":11.4},{"_mousePosition":[683,384],"_rootPartCFrame":[750.244,232.816,49.728,-1,0,-0.012,0,1,0,0.012,0,-1],"_humanoidState":5,"_cameraCFrame":[748.205,245.452,47.527,-0.992,0.121,-0.027,0,0.214,0.977,0.124,0.969,-0.212],"_shiftlockState":true,"_pose":"FreeFall","_animationQueue":[["fall",0.3]],"_animationSpeed":1,"_zoom":11.4},{"_mousePosition":[683,384],"_rootPartCFrame":[750.078,232.384,49.937,-1,0,-0.019,0,1,0,0.019,0,-1],"_humanoidState":5,"_cameraCFrame":[748.019,245.017,47.735,-0.991,0.129,-0.028,0,0.215,0.977,0.132,0.968,-0.213],"_shiftlockState":true,"_pose":"FreeFall","_animationQueue":[],"_animationSpeed":1,"_zoom":11.4},{"_mousePosition":[683,384],"_rootPartCFrame":[749.901,231.898,50.124,-1,0,-0.008,0,1,0,0.008,0,-1],"_humanoidState":5,"_cameraCFrame":[747.821,244.527,47.922,-0.99,0.137,-0.031,0,0.217,0.976,0.141,0.966,-0.215],"_shiftlockState":true,"_pose":"FreeFall","_animationQueue":[],"_animationSpeed":1,"_zoom":11.4},{"_mousePosition":[683,384],"_rootPartCFrame":[749.755,231.498,50.242,-0.999,0,-0.042,0,1,0,0.042,0,-0.999],"_humanoidState":5,"_cameraCFrame":[747.645,244.121,48.038,-0.988,0.148,-0.033,0,0.219,0.976,0.152,0.964,-0.217],"_shiftlockState":true,"_pose":"FreeFall","_animationQueue":[],"_animationSpeed":1,"_zoom":11.4},{"_mousePosition":[683,384],"_rootPartCFrame":[749.543,230.917,50.37,-1,0,-0.02,0,1,0,0.02,0,-1],"_humanoidState":5,"_cameraCFrame":[747.419,243.535,48.159,-0.988,0.153,-0.035,0,0.221,0.975,0.157,0.963,-0.218],"_shiftlockState":true,"_pose":"FreeFall","_animationQueue":[],"_animationSpeed":1,"_zoom":11.4},{"_mousePosition":[683,384],"_rootPartCFrame":[749.25,230.113,50.481,-1,0,0.009,0,1,0,-0.009,0,-1],"_humanoidState":5,"_cameraCFrame":[747.122,242.73,48.263,-0.987,0.154,-0.035,0,0.222,0.975,0.158,0.963,-0.219],"_shiftlockState":true,"_pose":"FreeFall","_animationQueue":[],"_animationSpeed":1,"_zoom":11.4},{"_mousePosition":[683,384],"_rootPartCFrame":[749.083,229.59,50.493,-0.998,0,-0.058,0,1,0,0.058,0,-0.998],"_humanoidState":5,"_cameraCFrame":[746.965,242.193,48.196,-0.989,0.146,-0.034,0,0.227,0.974,0.15,0.963,-0.225],"_shiftlockState":true,"_pose":"FreeFall","_animationQueue":[],"_animationSpeed":1,"_zoom":11.4},{"_mousePosition":[683,384],"_rootPartCFrame":[748.832,229.69,50.507,-0.994,0,-0.106,0,1,0,0.106,0,-0.994],"_humanoidState":12,"_cameraCFrame":[746.859,242.262,47.95,-0.996,0.082,-0.02,0,0.238,0.971,0.084,0.968,-0.237],"_shiftlockState":true,"_pose":"Climbing","_animationQueue":[["fall",0.3],["walk",0.1],["fall",0.3],["climb",0.1],["climb",0]],"_animationSpeed":-3.554,"_zoom":11.4},{"_mousePosition":[683,384],"_rootPartCFrame":[748.606,230.383,49.983,-0.997,0,-0.075,0,1,0,0.075,0,-0.997],"_humanoidState":3,"_cameraCFrame":[747.073,242.931,47.046,-0.997,-0.073,0.019,0,0.247,0.969,-0.076,0.966,-0.246],"_shiftlockState":true,"_pose":"Jumping","_animationQueue":[["climb",0.1],["jump",0.1]],"_animationSpeed":1,"_zoom":11.4},{"_mousePosition":[683,384],"_rootPartCFrame":[748.381,231.021,49.483,-0.991,0,0.136,0,1,0,-0.136,0,-0.991],"_humanoidState":5,"_cameraCFrame":[747.746,243.548,46.163,-0.938,-0.336,0.088,0,0.254,0.967,-0.348,0.907,-0.238],"_shiftlockState":true,"_pose":"FreeFall","_animationQueue":[["jump",0.1]],"_animationSpeed":1,"_zoom":11.4},{"_mousePosition":[683,384],"_rootPartCFrame":[748.157,231.605,49.023,-0.911,0,0.412,0,1,0,-0.412,0,-0.911],"_humanoidState":5,"_cameraCFrame":[748.843,244.118,45.666,-0.74,-0.65,0.174,0,0.258,0.966,-0.672,0.715,-0.191],"_shiftlockState":true,"_pose":"FreeFall","_animationQueue":[],"_animationSpeed":1,"_zoom":11.4},{"_mousePosition":[683,384],"_rootPartCFrame":[747.934,232.134,48.603,-0.7,0,0.714,0,1,0,-0.714,0,-0.7],"_humanoidState":5,"_cameraCFrame":[749.851,244.645,45.754,-0.429,-0.872,0.234,0,0.259,0.966,-0.903,0.415,-0.111],"_shiftlockState":true,"_pose":"FreeFall","_animationQueue":[],"_animationSpeed":1,"_zoom":11.4},{"_mousePosition":[683,384],"_rootPartCFrame":[747.764,232.496,48.314,-0.393,0,0.92,0,1,0,-0.92,0,-0.393],"_humanoidState":5,"_cameraCFrame":[750.628,245.016,46.474,-0.031,-0.966,0.256,0,0.256,0.967,-1,0.03,-0.008],"_shiftlockState":true,"_pose":"FreeFall","_animationQueue":[],"_animationSpeed":1,"_zoom":11.4},{"_mousePosition":[683,384],"_rootPartCFrame":[747.535,232.93,47.963,0.02,0,1,0,1,0,-1,0,0.02],"_humanoidState":5,"_cameraCFrame":[750.836,245.466,47.389,0.368,-0.9,0.233,0,0.251,0.968,-0.93,-0.357,0.092],"_shiftlockState":true,"_pose":"FreeFall","_animationQueue":[],"_animationSpeed":1,"_zoom":11.4},{"_mousePosition":[683,384],"_rootPartCFrame":[747.243,233.395,47.58,0.337,0,0.942,0,1,0,-0.942,0,0.337],"_humanoidState":5,"_cameraCFrame":[750.526,245.943,48.022,0.637,-0.747,0.19,0,0.247,0.969,-0.771,-0.617,0.157],"_shiftlockState":true,"_pose":"FreeFall","_animationQueue":[],"_animationSpeed":1,"_zoom":11.4},{"_mousePosition":[683,384],"_rootPartCFrame":[747.006,233.707,47.318,0.603,0,0.798,0,1,0,-0.798,0,0.603],"_humanoidState":5,"_cameraCFrame":[750.052,246.257,48.6,0.817,-0.559,0.142,0,0.246,0.969,-0.576,-0.792,0.201],"_shiftlockState":true,"_pose":"FreeFall","_animationQueue":[],"_animationSpeed":1,"_zoom":11.4},{"_mousePosition":[683,384],"_rootPartCFrame":[746.778,233.964,47.094,0.795,0,0.607,0,1,0,-0.607,0,0.795],"_humanoidState":5,"_cameraCFrame":[749.559,246.497,48.975,0.91,-0.402,0.104,0,0.251,0.968,-0.415,-0.881,0.229],"_shiftlockState":true,"_pose":"FreeFall","_animationQueue":[],"_animationSpeed":1,"_zoom":11.4},{"_mousePosition":[683,384],"_rootPartCFrame":[746.58,234.166,46.881,0.898,0,0.441,0,1,0,-0.441,0,0.898],"_humanoidState":5,"_cameraCFrame":[749.094,246.679,49.209,0.959,-0.274,0.073,0,0.258,0.966,-0.284,-0.926,0.248],"_shiftlockState":true,"_pose":"FreeFall","_animationQueue":[],"_animationSpeed":1,"_zoom":11.4},{"_mousePosition":[683,384],"_rootPartCFrame":[746.384,234.314,46.688,0.928,0,0.372,0,1,0,-0.372,0,0.928],"_humanoidState":5,"_cameraCFrame":[748.69,246.814,49.274,0.98,-0.19,0.052,0,0.262,0.965,-0.197,-0.946,0.257],"_shiftlockState":true,"_pose":"FreeFall","_animationQueue":[],"_animationSpeed":1,"_zoom":11.4},{"_mousePosition":[683,384],"_rootPartCFrame":[746.225,234.389,46.566,0.96,0,0.281,0,1,0,-0.281,0,0.96],"_humanoidState":5,"_cameraCFrame":[748.359,246.887,49.304,0.991,-0.129,0.035,0,0.263,0.965,-0.133,-0.956,0.261],"_shiftlockState":true,"_pose":"FreeFall","_animationQueue":[],"_animationSpeed":1,"_zoom":11.4},{"_mousePosition":[683,384],"_rootPartCFrame":[745.948,234.446,46.38,0.962,0,0.273,0,1,0,-0.273,0,0.962],"_humanoidState":5,"_cam