[{"_mousePosition":[727,378],"_rootPartCFrame":[776.029,222.7,47.142,0,0,1,0,1,0,-1,0,0],"_humanoidState":8,"_cameraCFrame":[787.306,241.496,47.715,0.051,-0.836,0.546,0,0.547,0.837,-0.999,-0.042,0.028],"_shiftlockState":false,"_pose":"Standing","_animationQueue":[],"_animationSpeed":1,"_zoom":20.656},{"_mousePosition":[727,378],"_rootPartCFrame":[775.726,222.7,47.127,0.008,0,1,0,1,0,-1,0,0.008],"_humanoidState":8,"_cameraCFrame":[787.003,241.496,47.699,0.051,-0.836,0.546,0,0.547,0.837,-0.999,-0.042,0.028],"_shiftlockState":false,"_pose":"Standing","_animationQueue":[],"_animationSpeed":1,"_zoom":20.656},{"_mousePosition":[727,378],"_rootPartCFrame":[775.593,222.7,47.12,0.011,0,1,0,1,0,-1,0,0.011],"_humanoidState":8,"_cameraCFrame":[786.87,241.496,47.693,0.051,-0.836,0.546,0,0.547,0.837,-0.999,-0.042,0.028],"_shiftlockState":false,"_pose":"Running","_animationQueue":[["walk",0.1]],"_animationSpeed":1.089,"_zoom":20.656},{"_mousePosition":[727,378],"_rootPartCFrame":[775.327,222.7,47.107,0.016,0,1,0,1,0,-1,0,0.016],"_humanoidState":8,"_cameraCFrame":[786.604,241.496,47.679,0.051,-0.836,0.546,0,0.547,0.837,-0.999,-0.042,0.028],"_shiftlockState":false,"_pose":"Running","_animationQueue":[],"_animationSpeed":1.089,"_zoom":20.656},{"_mousePosition":[727,378],"_rootPartCFrame":[775.06,222.7,47.093,0.021,0,1,0,1,0,-1,0,0.021],"_humanoidState":8,"_cameraCFrame":[786.337,241.496,47.666,0.051,-0.836,0.546,0,0.547,0.837,-0.999,-0.042,0.028],"_shiftlockState":false,"_pose":"Running","_animationQueue":[],"_animationSpeed":1.089,"_zoom":20.656},{"_mousePosition":[727,378],"_rootPartCFrame":[774.794,222.7,47.08,0.025,0,1,0,1,0,-1,0,0.025],"_humanoidState":8,"_cameraCFrame":[786.071,241.496,47.652,0.051,-0.836,0.546,0,0.547,0.837,-0.999,-0.042,0.028],"_shiftlockState":false,"_pose":"Running","_animationQueue":[],"_animationSpeed":1.089,"_zoom":20.656},{"_mousePosition":[727,378],"_rootPartCFrame":[774.527,222.7,47.066,0.029,0,1,0,1,0,-1,0,0.029],"_humanoidState":8,"_cameraCFrame":[785.805,241.496,47.639,0.051,-0.836,0.546,0,0.547,0.837,-0.999,-0.042,0.028],"_shiftlockState":false,"_pose":"Running","_animationQueue":[["walk",0.1]],"_animationSpeed":1.089,"_zoom":20.656},{"_mousePosition":[727,378],"_rootPartCFrame":[774.261,222.7,47.053,0.032,0,1,0,1,0,-1,0,0.032],"_humanoidState":8,"_cameraCFrame":[785.538,241.496,47.625,0.051,-0.836,0.546,0,0.547,0.837,-0.999,-0.042,0.028],"_shiftlockState":false,"_pose":"Running","_animationQueue":[],"_animationSpeed":1.089,"_zoom":20.656},{"_mousePosition":[727,378],"_rootPartCFrame":[773.995,222.7,47.039,0.034,0,0.999,0,1,0,-0.999,0,0.034],"_humanoidState":8,"_cameraCFrame":[785.272,241.496,47.612,0.051,-0.836,0.546,0,0.547,0.837,-0.999,-0.042,0.028],"_shiftlockState":false,"_pose":"Running","_animationQueue":[],"_animationSpeed":1.089,"_zoom":20.656},{"_mousePosition":[727,378],"_rootPartCFrame":[773.728,222.7,47.026,0.036,0,0.999,0,1,0,-0.999,0,0.036],"_humanoidState":8,"_cameraCFrame":[785.006,241.496,47.598,0.051,-0.836,0.546,0,0.547,0.837,-0.999,-0.042,0.028],"_shiftlockState":false,"_pose":"Running","_animationQueue":[],"_animationSpeed":1.089,"_zoom":20.656},{"_mousePosition":[727,378],"_rootPartCFrame":[773.462,222.7,47.012,0.038,0,0.999,0,1,0,-0.999,0,0.038],"_humanoidState":8,"_cameraCFrame":[784.706,241.518,47.583,0.051,-0.837,0.544,0,0.545,0.838,-0.999,-0.043,0.028],"_shiftlockState":false,"_pose":"Running","_animationQueue":[],"_animationSpeed":1.089,"_zoom":20.656},{"_mousePosition":[727,378],"_rootPartCFrame":[773.196,222.7,46.999,0.04,0,0.999,0,1,0,-0.999,0,0.04],"_humanoidState":8,"_cameraCFrame":[784.406,241.54,47.568,0.051,-0.838,0.543,0,0.543,0.839,-0.999,-0.043,0.028],"_shiftlockState":false,"_pose":"Running","_animationQueue":[],"_animationSpeed":1.089,"_zoom":20.656},{"_mousePosition":[727,378],"_rootPartCFrame":[772.796,222.7,46.978,0.042,0,0.999,0,1,0,-0.999,0,0.042],"_humanoidState":8,"_cameraCFrame":[783.972,241.562,47.546,0.051,-0.839,0.541,0,0.542,0.841,-0.999,-0.043,0.027],"_shiftlockState":false,"_pose":"Running","_animationQueue":[["walk",0.1]],"_animationSpeed":1.089,"_zoom":20.656},{"_mousePosition":[727,378],"_rootPartCFrame":[772.663,222.7,46.972,0.043,0,0.999,0,1,0,-0.999,0,0.043],"_humanoidState":8,"_cameraCFrame":[783.839,241.562,47.539,0.051,-0.839,0.541,0,0.542,0.841,-0.999,-0.043,0.027],"_shiftlockState":false,"_pose":"Running","_animationQueue":[],"_animationSpeed":1.089,"_zoom":20.656},{"_mousePosition":[727,378],"_rootPartCFrame":[772.263,222.7,46.951,0.044,0,0.999,0,1,0,-0.999,0,0.044],"_humanoidState":8,"_cameraCFrame":[783.406,241.584,47.517,0.051,-0.841,0.539,0,0.54,0.842,-0.999,-0.043,0.027],"_shiftlockState":false,"_pose":"Running","_animationQueue":[],"_animationSpeed":1.089,"_zoom":20.656},{"_mousePosition":[727,378],"_rootPartCFrame":[772.13,222.7,46.944,0.045,0,0.999,0,1,0,-0.999,0,0.045],"_humanoidState":8,"_cameraCFrame":[783.239,241.605,47.508,0.051,-0.842,0.538,0,0.538,0.843,-0.999,-0.043,0.027],"_shiftlockState":false,"_pose":"Running","_animationQueue":[],"_animationSpeed":1.089,"_zoom":20.656},{"_mousePosition":[727,378],"_rootPartCFrame":[771.731,222.7,46.924,0.046,0,0.999,0,1,0,-0.999,0,0.046],"_humanoidState":8,"_cameraCFrame":[782.771,241.648,47.485,0.051,-0.844,0.534,0,0.535,0.845,-0.999,-0.043,0.027],"_shiftlockState":false,"_pose":"Running","_animationQueue":[],"_animationSpeed":1.089,"_zoom":20.656},{"_mousePosition":[727,378],"_rootPartCFrame":[771.598,222.7,46.917,0.046,0,0.999,0,1,0,-0.999,0,0.046],"_humanoidState":8,"_cameraCFrame":[782.567,241.691,47.53,0.056,-0.845,0.531,0,0.532,0.847,-0.998,-0.047,0.03],"_shiftlockState":false,"_pose":"Running","_animationQueue":[],"_animationSpeed":1.089,"_zoom":20.656},{"_mousePosition":[727,378],"_rootPartCFrame":[771.331,222.7,46.904,0.047,0,0.999,0,1,0,-0.999,0,0.047],"_humanoidState":8,"_cameraCFrame":[782.229,241.734,47.568,0.061,-0.847,0.528,0,0.529,0.849,-0.998,-0.052,0.032],"_shiftlockState":false,"_pose":"Running","_animationQueue":[],"_animationSpeed":1.089,"_zoom":20.656},{"_mousePosition":[727,378],"_rootPartCFrame":[770.932,222.7,46.882,0.049,0,0.999,0,1,0,-0.999,0,0.049],"_humanoidState":8,"_cameraCFrame":[781.794,241.755,47.571,0.063,-0.848,0.526,0,0.527,0.85,-0.998,-0.054,0.033],"_shiftlockState":false,"_pose":"Running","_animationQueue":[["walk",0.1]],"_animationSpeed":1.089,"_zoom":20.656},{"_mousePosition":[727,378],"_rootPartCFrame":[770.799,222.7,46.874,0.049,0,0.999,0,1,0,-0.999,0,0.049],"_humanoidState":8,"_cameraCFrame":[781.659,241.755,47.59,0.066,-0.848,0.526,0,0.527,0.85,-0.998,-0.056,0.035],"_shiftlockState":false,"_pose":"Running","_animationQueue":[],"_animationSpeed":1.089,"_zoom":20.656},{"_mousePosition":[727,378],"_rootPartCFrame":[770.533,222.7,46.857,0.051,0,0.999,0,1,0,-0.999,0,0.051],"_humanoidState":8,"_cameraCFrame":[781.393,241.755,47.574,0.066,-0.848,0.526,0,0.527,0.85,-0.998,-0.056,0.035],"_shiftlockState":false,"_pose":"Running","_animationQueue":[],"_animationSpeed":1.089,"_zoom":20.656},{"_mousePosition":[727,378],"_rootPartCFrame":[770.266,222.666,46.84,0.053,0,0.999,0,1,0,-0.999,0,0.053],"_humanoidState":8,"_cameraCFrame":[781.127,241.721,47.557,0.066,-0.848,0.526,0,0.527,0.85,-0.998,-0.056,0.035],"_shiftlockState":false,"_pose":"Running","_animationQueue":[],"_animationSpeed":1.089,"_zoom":20.656},{"_mousePosition":[727,378],"_rootPartCFrame":[770,222.577,46.823,0.055,0,0.998,0,1,0,-0.998,0,0.055],"_humanoidState":8,"_cameraCFrame":[780.861,241.633,47.54,0.066,-0.848,0.526,0,0.527,0.85,-0.998,-0.056,0.035],"_shiftlockState":false,"_pose":"Running","_animationQueue":[],"_animationSpeed":1.089,"_zoom":20.656},{"_mousePosition":[727,378],"_rootPartCFrame":[769.668,223.647,46.802,0.057,0,0.998,0,1,0,-0.998,0,0.057],"_humanoidState":3,"_cameraCFrame":[780.528,242.703,47.519,0.066,-0.848,0.526,0,0.527,0.85,-0.998,-0.056,0.035],"_shiftlockState":false,"_pose":"Jumping","_animationQueue":[["walk",0.1],["jump",0.1]],"_animationSpeed":1,"_zoom":20.656},{"_mousePosition":[727,378],"_rootPartCFrame":[769.468,224.248,46.789,0.058,0,0.998,0,1,0,-0.998,0,0.058],"_humanoidState":5,"_cameraCFrame":[780.329,243.304,47.506,0.066,-0.848,0.526,0,0.527,0.85,-0.998,-0.056,0.035],"_shiftlockState":false,"_pose":"FreeFall","_animationQueue":[["jump",0.1]],"_animationSpeed":1,"_zoom":20.656},{"_mousePosition":[727,378],"_rootPartCFrame":[769.202,225.002,46.771,0.059,0,0.998,0,1,0,-0.998,0,0.059],"_humanoidState":5,"_cameraCFrame":[780.063,244.058,47.488,0.066,-0.848,0.526,0,0.527,0.85,-0.998,-0.056,0.035],"_shiftlockState":false,"_pose":"FreeFall","_animationQueue":[],"_animationSpeed":1,"_zoom":20.656},{"_mousePosition":[727,378],"_rootPartCFrame":[768.936,225.702,46.754,0.06,0,0.998,0,1,0,-0.998,0,0.06],"_humanoidState":5,"_cameraCFrame":[779.797,244.757,47.471,0.066,-0.848,0.526,0,0.527,0.85,-0.998,-0.056,0.035],"_shiftlockState":false,"_pose":"FreeFall","_animationQueue":[],"_animationSpeed":1,"_zoom":20.656},{"_mousePosition":[727,378],"_rootPartCFrame":[768.67,226.347,46.736,0.061,0,0.998,0,1,0,-0.998,0,0.061],"_humanoidState":5,"_cameraCFrame":[779.53,245.402,47.453,0.066,-0.848,0.526,0,0.527,0.85,-0.998,-0.056,0.035],"_shiftlockState":false,"_pose":"FreeFall","_animationQueue":[],"_animationSpeed":1,"_zoom":20.656},{"_mousePosition":[727,378],"_rootPartCFrame":[768.404,226.937,46.719,0.062,0,0.998,0,1,0,-0.998,0,0.062],"_humanoidState":5,"_cameraCFrame":[779.264,245.993,47.435,0.066,-0.848,0.526,0,0.527,0.85,-0.998,-0.056,0.035],"_shiftlockState":false,"_pose":"FreeFall","_animationQueue":[],"_animationSpeed":1,"_zoom":20.656},{"_mousePosition":[727,378],"_rootPartCFrame":[768.138,227.473,46.701,0.062,0,0.998,0,1,0,-0.998,0,0.062],"_humanoidState":5,"_cameraCFrame":[778.998,246.529,47.418,0.066,-0.848,0.526,0,0.527,0.85,-0.998,-0.056,0.035],"_shiftlockState":false,"_pose":"FreeFall","_animationQueue":[],"_animationSpeed":1,"_zoom":20.656},{"_mousePosition":[727,378],"_rootPartCFrame":[767.871,227.954,46.684,0.063,0,0.998,0,1,0,-0.998,0,0.063],"_humanoidState":5,"_cameraCFrame":[778.732,247.01,47.4,0.066,-0.848,0.526,0,0.527,0.85,-0.998,-0.056,0.035],"_shiftlockState":false,"_pose":"FreeFall","_animationQueue":[],"_animationSpeed":1,"_zoom":20.656},{"_mousePosition":[727,378],"_rootPartCFrame":[767.605,228.381,46.666,0.063,0,0.998,0,1,0,-0.998,0,0.063],"_humanoidState":5,"_cameraCFrame":[778.466,247.437,47.383,0.066,-0.848,0.526,0,0.527,0.85,-0.998,-0.056,0.035],"_shiftlockState":false,"_pose":"FreeFall","_animationQueue":[],"_animationSpeed":1,"_zoom":20.656},{"_mousePosition":[727,378],"_rootPartCFrame":[767.339,228.753,46.648,0.064,0,0.998,0,1,0,-0.998,0,0.064],"_humanoidState":5,"_cameraCFrame":[778.2,247.809,47.365,0.066,-0.848,0.526,0,0.527,0.85,-0.998,-0.056,0.035],"_shiftlockState":false,"_pose":"FreeFall","_animationQueue":[],"_animationSpeed":1,"_zoom":20.656},{"_mousePosition":[727,378],"_rootPartCFrame":[767.073,229.071,46.631,0.064,0,0.998,0,1,0,-0.998,0,0.064],"_humanoidState":5,"_cameraCFrame":[777.934,248.127,47.348,0.066,-0.848,0.526,0,0.527,0.85,-0.998,-0.056,0.035],"_shiftlockState":false,"_pose":"FreeFall","_animationQueue":[],"_animationSpeed":1,"_zoom":20.656},{"_mousePosition":[727,378],"_rootPartCFrame":[766.807,229.335,46.613,0.064,0,0.998,0,1,0,-0.998,0,0.064],"_humanoidState":5,"_cameraCFrame":[777.668,248.391,47.33,0.066,-0.848,0.526,0,0.527,0.85,-0.998,-0.056,0.035],"_shiftlockState":false,"_pose":"FreeFall","_animationQueue":[],"_animationSpeed":1,"_zoom":20.656},{"_mousePosition":[727,378],"_rootPartCFrame":[766.541,229.544,46.596,0.064,0,0.998,0,1,0,-0.998,0,0.064],"_humanoidState":5,"_cameraCFrame":[777.401,248.599,47.313,0.066,-0.848,0.526,0,0.527,0.85,-0.998,-0.056,0.035],"_shiftlockState":false,"_pose":"FreeFall","_animationQueue":[],"_animationSpeed":1,"_zoom":20.656},{"_mousePosition":[727,378],"_rootPartCFrame":[766.275,229.698,46.578,0.065,0,0.998,0,1,0,-0.998,0,0.065],"_humanoidState":5,"_cameraCFrame":[777.135,248.754,47.295,0.066,-0.848,0.526,0,0.527,0.85,-0.998,-0.056,0.035],"_shiftlockState":false,"_pose":"FreeFall","_animationQueue":[],"_animationSpeed":1,"_zoom":20.656},{"_mousePosition":[727,378],"_rootPartCFrame":[765.942,229.814,46.556,0.065,0,0.998,0,1,0,-0.998,0,0.065],"_humanoidState":5,"_cameraCFrame":[776.803,248.87,47.273,0.066,-0.848,0.526,0,0.527,0.85,-0.998,-0.056,0.035],"_shiftlockState":false,"_pose":"FreeFall","_animationQueue":[],"_animationSpeed":1,"_zoom":20.656},{"_mousePosition":[727,378],"_rootPartCFrame":[765.743,229.843,46.543,0.065,0,0.998,0,1,0,-0.998,0,0.065],"_humanoidState":5,"_cameraCFrame":[776.603,248.899,47.26,0.066,-0.848,0.526,0,0.527,0.85,-0.998,-0.056,0.035],"_shiftlockState":false,"_pose":"FreeFall","_animationQueue":[],"_animationSpeed":1,"_zoom":20.656},{"_mousePosition":[727,378],"_rootPartCFrame":[765.476,229.834,46.525,0.065,0,0.998,0,1,0,-0.998,0,0.065],"_humanoidState":5,"_cameraCFrame":[776.337,248.89,47.242,0.066,-0.848,0.526,0,0.527,0.85,-0.998,-0.056,0.035],"_shiftlockState":false,"_pose":"FreeFall","_animationQueue":[["fall",0.3]],"_animationSpeed":1,"_zoom":20.656},{"_mousePosition":[727,378],"_rootPartCFrame":[765.21,229.771,46.508,0.065,0,0.998,0,1,0,-0.998,0,0.065],"_humanoidState":5,"_cameraCFrame":[776.071,248.826,47.225,0.066,-0.848,0.526,0,0.527,0.85,-0.998,-0.056,0.035],"_shiftlockState":false,"_pose":"FreeFall","_animationQueue":[],"_animationSpeed":1,"_zoom":20.656},{"_mousePosition":[727,378],"_rootPartCFrame":[764.944,229.653,46.49,0.065,0,0.998,0,1,0,-0.998,0,0.065],"_humanoidState":5,"_cameraCFrame":[775.805,248.708,47.207,0.066,-0.848,0.526,0,0.527,0.85,-0.998,-0.056,0.035],"_shiftlockState":false,"_pose":"FreeFall","_animationQueue":[],"_animationSpeed":1,"_zoom":20.656},{"_mousePosition":[727,378],"_rootPartCFrame":[764.678,229.48,46.473,0.065,0,0.998,0,1,0,-0.998,0,0.065],"_humanoidState":5,"_cameraCFrame":[775.539,248.536,47.19,0.066,-0.848,0.526,0,0.527,0.85,-0.998,-0.056,0.035],"_shiftlockState":false,"_pose":"FreeFall","_animationQueue":[],"_animationSpeed":1,"_zoom":20.656},{"_mousePosition":[727,378],"_rootPartCFrame":[764.412,229.253,46.455,0.065,0,0.998,0,1,0,-0.998,0,0.065],"_humanoidState":5,"_cameraCFrame":[775.273,248.309,47.172,0.066,-0.848,0.526,0,0.527,0.85,-0.998,-0.056,0.035],"_shiftlockState":false,"_pose":"FreeFall","_animationQueue":[],"_animationSpeed":1,"_zoom":20.656},{"_mousePosition":[727,378],"_rootPartCFrame":[764.146,228.971,46.438,0.065,0,0.998,0,1,0,-0.998,0,0.065],"_humanoidState":5,"_cameraCFrame":[775.006,248.027,47.154,0.066,-0.848,0.526,0,0.527,0.85,-0.998,-0.056,0.035],"_shiftlockState":false,"_pose":"FreeFall","_animationQueue":[],"_animationSpeed":1,"_zoom":20.656},{"_mousePosition":[727,378],"_rootPartCFrame":[763.88,228.635,46.42,0.066,0,0.998,0,1,0,-0.998,0,0.066],"_humanoidState":5,"_cameraCFrame":[774.74,247.691,47.137,0.066,-0.848,0.526,0,0.527,0.85,-0.998,-0.056,0.035],"_shiftlockState":false,"_pose":"FreeFall","_animationQueue":[["fall",0.3]],"_animationSpeed":1,"_zoom":20.656},{"_mousePosition":[727,378],"_rootPartCFrame":[763.614,228.245,46.403,0.066,0,0.998,0,1,0,-0.998,0,0.066],"_humanoidState":5,"_cameraCFrame":[774.474,247.3,47.119,0.066,-0.848,0.526,0,0.527,0.85,-0.998,-0.056,0.035],"_shiftlockState":false,"_pose":"FreeFall","_animationQueue":[],"_animationSpeed":1,"_zoom":20.656},{"_mousePosition":[727,378],"_rootPartCFrame":[763.348,227.799,46.385,0.066,0,0.998,0,1,0,-0.998,0,0.066],"_humanoidState":5,"_cameraCFrame":[774.208,246.855,47.102,0.066,-0.848,0.526,0,0.527,0.85,-0.998,-0.056,0.035],"_shiftlockState":false,"_pose":"FreeFall","_animationQueue":[],"_animationSpeed":1,"_zoom":20.656},{"_mousePosition":[727,378],"_rootPartCFrame":[763.081,227.3,46.367,0.066,0,0.998,0,1,0,-0.998,0,0.066],"_humanoidState":5,"_cameraCFrame":[773.942,246.356,47.084,0.066,-0.848,0.526,0,0.527,0.85,-0.998,-0.056,0.035],"_shiftlockState":false,"_pose":"FreeFall","_animationQueue":[],"_animationSpeed":1,"_zoom":20.656},{"_mousePosition":[727,378],"_rootPartCFrame":[762.815,226.746,46.35,0.066,0,0.998,0,1,0,-0.998,0,0.066],"_humanoidState":5,"_cameraCFrame":[773.642,245.823,47.064,0.066,-0.849,0.524,0,0.525,0.851,-0.998,-0.056,0.035],"_shiftlockState":false,"_pose":"FreeFall","_animationQueue":[],"_animationSpeed":1,"_zoom":20.656},{"_mousePosition":[727,378],"_rootPartCFrame":[762.483,225.976,46.328,0.066,0,0.998,0,1,0,-0.998,0,0.066],"_humanoidState":5,"_cameraCFrame":[773.309,245.053,47.042,0.066,-0.849,0.524,0,0.525,0.851,-0.998,-0.056,0.035],"_shiftlockState":false,"_pose":"FreeFall","_animationQueue":[],"_animationSpeed":1,"_zoom":20.656},{"_mousePosition":[727,378],"_rootPartCFrame":[762.283,225.474,46.315,0.066,0,0.998,0,1,0,-0.998,0,0.066],"_humanoidState":5,"_cameraCFrame":[773.11,244.551,47.029,0.066,-0.849,0.524,0,0.525,0.851,-0.998,-0.056,0.035],"_shiftlockState":false,"_pose":"FreeFall","_animationQueue":[["fall",0.3]],"_animationSpeed":1,"_zoom":20.656},{"_mousePosition":[727,378],"_rootPartCFrame":[762.017,224.756,46.297,0.066,0,0.998,0,1,0,-0.998,0,0.066],"_humanoidState":5,"_cameraCFrame":[772.843,243.833,47.012,0.066,-0.849,0.524,0,0.525,0.851,-0.998,-0.056,0.035],"_shiftlockState":false,"_pose":"FreeFall","_animationQueue":[],"_animationSpeed":1,"_zoom":20.656},{"_mousePosition":[727,378],"_rootPartCFrame":[761.684,223.783,46.275,0.066,0,0.998,0,1,0,-0.998,0,0.066],"_humanoidState":5,"_cameraCFrame":[772.511,242.86,46.99,0.066,-0.849,0.524,0,0.525,0.851,-0.998,-0.056,0.035],"_shiftlockState":false,"_pose":"FreeFall","_animationQueue":[],"_animationSpeed":1,"_zoom":20.656},{"_mousePosition":[727,378],"_rootPartCFrame":[761.41,223.158,46.262,0.066,0,0.998,0,1,0,-0.998,0,0.066],"_humanoidState":7,"_cameraCFrame":[772.237,242.235,46.977,0.066,-0.849,0.524,0,0.525,0.851,-0.998,-0.056,0.035],"_shiftlockState":false,"_pose":"FreeFall","_animationQueue":[["walk",0.1],["fall",0.3],["fall",0.3]],"_animationSpeed":1,"_zoom":20.656},{"_mousePosition":[727,378],"_rootPartCFrame":[760.981,222.392,46.244,0.066,0,0.998,0,1,0,-0.998,0,0.066],"_humanoidState":7,"_cameraCFrame":[771.811,241.469,46.904,0.061,-0.849,0.524,0,0.525,0.851,-0.998,-0.052,0.032],"_shiftlockState":false,"_pose":"FreeFall","_animationQueue":[],"_animationSpeed":1,"_zoom":20.656},{"_mousePosition":[727,378],"_rootPartCFrame":[760.332,222.465,46.218,0.066,0,0.998,0,1,0,-0.998,0,0.066],"_humanoidState":8,"_cameraCFrame":[771.164,241.542,46.85,0.058,-0.849,0.524,0,0.525,0.851,-0.998,-0.05,0.031],"_shiftlockState":false,"_pose":"Running","_animationQueue":[["walk",0.1],["fall",0.3],["walk",0.1]],"_animationSpeed":1.101,"_zoom":20.656},{"_mousePosition":[727,378],"_rootPartCFrame":[759.899,222.566,46.202,0.065,0,0.998,0,1,0,-0.998,0,0.065],"_humanoidState":8,"_cameraCFrame":[770.734,241.643,46.779,0.053,-0.85,0.525,0,0.525,0.851,-0.999,-0.045,0.028],"_shiftlockState":false,"_pose":"Running","_animationQueue":[["walk",0.1]],"_animationSpeed":1.101,"_zoom":20.656},{"_mousePosition":[727,378],"_rootPartCFrame":[759.466,222.626,46.186,0.065,0,0.998,0,1,0,-0.998,0,0.065],"_humanoidState":8,"_cameraCFrame":[770.304,241.703,46.709,0.048,-0.85,0.525,0,0.525,0.851,-0.999,-0.041,0.025],"_shiftlockState":false,"_pose":"Running","_animationQueue":[],"_animationSpeed":1.101,"_zoom":20.656},{"_mousePosition":[727,378],"_rootPartCFrame":[759.034,222.659,46.172,0.063,0,0.998,0,1,0,-0.998,0,0.063],"_humanoidState":8,"_cameraCFrame":[769.875,241.736,46.612,0.041,-0.85,0.525,0,0.525,0.851,-0.999,-0.035,0.021],"_shiftlockState":false,"_pose":"Running","_animationQueue":[],"_animationSpeed":1.101,"_zoom":20.656},{"_mousePosition":[727,378],"_rootPartCFrame":[758.6,222.678,46.159,0.061,0,0.998,0,1,0,-0.998,0,0.061],"_humanoidState":8,"_cameraCFrame":[769.445,241.755,46.517,0.033,-0.85,0.525,0,0.525,0.851,-0.999,-0.028,0.017],"_shiftlockState":false,"_pose":"Running","_animationQueue":[],"_animationSpeed":1.101,"_zoom":20.656},{"_mousePosition":[727,378],"_rootPartCFrame":[758.276,222.686,46.15,0.06,0,0.998,0,1,0,-0.998,0,0.06],"_humanoidState":8,"_cameraCFrame":[769.123,241.763,46.398,0.023,-0.851,0.525,0,0.525,0.851,-1,-0.019,0.012],"_shiftlockState":false,"_pose":"Running","_animationQueue":[],"_animationSpeed":1.101,"_zoom":20.656},{"_mousePosition":[727,378],"_rootPartCFrame":[757.842,222.692,46.141,0.056,0,0.998,0,1,0,-0.998,0,0.056],"_humanoidState":8,"_cameraCFrame":[768.692,241.769,46.28,0.013,-0.851,0.525,0,0.525,0.851,-1,-0.011,0.007],"_shiftlockState":false,"_pose":"Running","_animationQueue":[],"_animationSpeed":1.101,"_zoom":20.656},{"_mousePosition":[727,378],"_rootPartCFrame":[757.409,222.696,46.135,0.052,0,0.999,0,1,0,-0.999,0,0.052],"_humanoidState":8,"_cameraCFrame":[768.259,241.772,46.108,-0.002,-0.851,0.525,0,0.525,0.851,-1,0.002,-0.001],"_shiftlockState":false,"_pose":"Running","_animationQueue":[],"_animationSpeed":1.101,"_zoom":20.656},{"_mousePosition":[727,378],"_rootPartCFrame":[756.867,222.698,46.13,0.046,0,0.999,0,1,0,-0.999,0,0.046],"_humanoidState":8,"_cameraCFrame":[767.717,241.775,46.076,-0.005,-0.851,0.525,0,0.525,0.851,-1,0.004,-0.003],"_shiftlockState":false,"_pose":"Running","_animationQueue":[["walk",0.1]],"_animationSpeed":1.101,"_zoom":20.656},{"_mousePosition":[727,378],"_rootPartCFrame":[756.542,222.698,46.13,0.041,0,0.999,0,1,0,-0.999,0,0.041],"_humanoidState":8,"_cameraCFrame":[767.392,241.775,46.049,-0.007,-0.851,0.525,0,0.525,0.851,-1,0.006,-0.004],"_shiftlockState":false,"_pose":"Running","_animationQueue":[],"_animationSpeed":1.101,"_zoom":20.656},{"_mousePosition":[727,378],"_rootPartCFrame":[756.109,222.699,46.131,0.035,0,0.999,0,1,0,-0.999,0,0.035],"_humanoidState":8,"_cameraCFrame":[766.959,241.776,46.05,-0.007,-0.851,0.525,0,0.525,0.851,-1,0.006,-0.004],"_shiftlockState":false,"_pose":"Running","_animationQueue":[],"_animationSpeed":1.101,"_zoom":20.656},{"_mousePosition":[727,378],"_rootPartCFrame":[755.676,222.699,46.133,0.029,0,1,0,1,0,-1,0,0.029],"_humanoidState":8,"_cameraCFrame":[766.525,241.776,45.997,-0.013,-0.851,0.525,0,0.525,0.851,-1,0.011,-0.007],"_shiftlockState":false,"_pose":"Running","_animationQueue":[],"_animationSpeed":1.101,"_zoom":20.656},{"_mousePosition":[727,378],"_rootPartCFrame":[755.242,222.699,46.135,0.024,0,1,0,1,0,-1,0,0.024],"_humanoidState":8,"_cameraCFrame":[766.09,241.776,45.916,-0.02,-0.851,0.525,0,0.525,0.851,-1,0.017,-0.011],"_shiftlockState":false,"_pose":"Running","_animationQueue":[],"_animationSpeed":1.101,"_zoom":20.656},{"_mousePosition":[727,378],"_rootPartCFrame":[754.809,222.7,46.138,0.019,0,1,0,1,0,-1,0,0.019],"_humanoidState":8,"_cameraCFrame":[765.654,241.776,45.81,-0.03,-0.851,0.525,0,0.525,0.851,-1,0.026,-0.016],"_shiftlockState":false,"_pose":"Running","_animationQueue":[],"_animationSpeed":1.101,"_zoom":20.656},{"_mousePosition":[727,378],"_rootPartCFrame":[754.376,222.7,46.143,0.014,0,1,0,1,0,-1,0,0.014],"_humanoidState":8,"_cameraCFrame":[765.218,241.777,45.733,-0.038,-0.85,0.525,0,0.525,0.851,-0.999,0.032,-0.02],"_shiftlockState":false,"_pose":"Running","_animationQueue":[],"_animationSpeed":1.101,"_zoom":20.656},{"_mousePosition":[727,378],"_rootPartCFrame":[753.943,222.7,46.151,0.008,0,1,0,1,0,-1,0,0.008],"_humanoidState":8,"_cameraCFrame":[764.785,241.777,45.74,-0.038,-0.85,0.525,0,0.525,0.851,-0.999,0.032,-0.02],"_shiftlockState":false,"_pose":"Running","_animationQueue":[["walk",0.1]],"_animationSpeed":1.101,"_zoom":20.656},{"_mousePosition":[727,378],"_rootPartCFrame":[753.509,222.7,46.161,0.002,0,1,0,1,0,-1,0,0.002],"_humanoidState":8,"_cameraCFrame":[764.352,241.777,45.75,-0.038,-0.85,0.525,0,0.525,0.851,-0.999,0.032,-0.02],"_shiftlockState":false,"_pose":"Running","_animationQueue":[],"_animationSpeed":1.101,"_zoom":20.656},{"_mousePosition":[727,378],"_rootPartCFrame":[753.076,222.7,46.171,-0.003,0,1,0,1,0,-1,0,-0.003],"_humanoidState":8,"_cameraCFrame":[763.919,241.777,45.76,-0.038,-0.85,0.525,0,0.525,0.851,-0.999,0.032,-0.02],"_shiftlockState":false,"_pose":"Running","_animationQueue":[],"_animationSpeed":1.101,"_zoom":20.656},{"_mousePosition":[727,378],"_rootPartCFrame":[752.643,222.7,46.181,-0.008,0,1,0,1,0,-1,0,-0.008],"_humanoidState":8,"_cameraCFrame":[763.485,241.777,45.77,-0.038,-0.85,0.525,0,0.525,0.851,-0.999,0.032,-0.02],"_shiftlockState":false,"_pose":"Running","_animationQueue":[],"_animationSpeed":1.101,"_zoom":20.656},{"_mousePosition":[727,378],"_rootPartCFrame":[752.21,222.7,46.191,-0.012,0,1,0,1,0,-1,0,-0.012],"_humanoidState":8,"_cameraCFrame":[763.052,241.777,45.78,-0.038,-0.85,0.525,0,0.525,0.851,-0.999,0.032,-0.02],"_shiftlockState":false,"_pose":"Running","_animationQueue":[],"_animationSpeed":1.101,"_zoom":20.656},{"_mousePosition":[727,378],"_rootPartCFrame":[751.777,222.7,46.201,-0.015,0,1,0,1,0,-1,0,-0.015],"_humanoidState":8,"_cameraCFrame":[762.619,241.777,45.79,-0.038,-0.85,0.525,0,0.525,0.851,-0.999,0.032,-0.02],"_shiftlockState":false,"_pose":"Running","_animationQueue":[],"_animationSpeed":1.101,"_zoom":20.656},{"_mousePosition":[727,378],"_rootPartCFrame":[751.344,222.7,46.211,-0.018,0,1,0,1,0,-1,0,-0.018],"_humanoidState":8,"_cameraCFrame":[762.186,241.777,45.8,-0.038,-0.85,0.525,0,0.525,0.851,-0.999,0.032,-0.02],"_shiftlockState":false,"_pose":"Running","_animationQueue":[],"_animationSpeed":1.101,"_zoom":20.656},{"_mousePosition":[727,378],"_rootPartCFrame":[750.911,222.7,46.221,-0.021,0,1,0,1,0,-1,0,-0.021],"_humanoidState":8,"_cameraCFrame":[761.753,241.777,45.811,-0.038,-0.85,0.525,0,0.525,0.851,-0.999,0.032,-0.02],"_shiftlockState":false,"_pose":"Running","_animationQueue":[["walk",0.1]],"_animationSpeed":1.101,"_zoom":20.656},{"_mousePosition":[727,378],"_rootPartCFrame":[750.478,222.7,46.231,-0.023,0,1,0,1,0,-1,0,-0.023],"_humanoidState":8,"_cameraCFrame":[761.32,241.777,45.821,-0.038,-0.85,0.525,0,0.525,0.851,-0.999,0.032,-0.02],"_shiftlockState":false,"_pose":"Running","_animationQueue":[],"_animationSpeed":1.101,"_zoom":20.656},{"_mousePosition":[727,378],"_rootPartCFrame":[750.045,222.7,46.241,-0.025,0,1,0,1,0,-1,0,-0.025],"_humanoidState":8,"_cameraCFrame":[760.887,241.777,45.831,-0.038,-0.85,0.525,0,0.525,0.851,-0.999,0.032,-0.02],"_shiftlockState":false,"_pose":"Running","_animationQueue":[],"_animationSpeed":1.101,"_zoom":20.656},{"_mousePosition":[727,378],"_rootPartCFrame":[749.611,222.7,46.251,-0.027,0,1,0,1,0,-1,0,-0.027],"_humanoidState":8,"_cameraCFrame":[760.454,241.777,45.841,-0.038,-0.85,0.525,0,0.525,0.851,-0.999,0.032,-0.02],"_shiftlockState":false,"_pose":"Running","_animationQueue":[],"_animationSpeed":1.101,"_zoom":20.656},{"_mousePosition":[727,378],"_rootPartCFrame":[749.178,222.7,46.262,-0.028,0,1,0,1,0,-1,0,-0.028],"_humanoidState":8,"_cameraCFrame":[760.055,241.755,45.85,-0.038,-0.849,0.527,0,0.527,0.85,-0.999,0.032,-0.02],"_shiftlockState":false,"_pose":"Running","_animationQueue":[],"_animationSpeed":1.101,"_zoom":20.656},{"_mousePosition":[727,378],"_rootPartCFrame":[748.745,222.7,46.272,-0.03,0,1,0,1,0,-1,0,-0.03],"_humanoidState":8,"_cameraCFrame":[759.623,241.755,45.887,-0.035,-0.849,0.527,0,0.527,0.85,-0.999,0.03,-0.019],"_shiftlockState":false,"_pose":"Running","_animationQueue":[],"_animationSpeed":1.101,"_zoom":20.656},{"_mousePosition":[727,378],"_rootPartCFrame":[748.312,222.7,46.282,-0.031,0,1,0,1,0,-1,0,-0.031],"_humanoidState":8,"_cameraCFrame":[759.19,241.755,45.897,-0.035,-0.849,0.527,0,0.527,0.85,-0.999,0.03,-0.019],"_shiftlockState":false,"_pose":"Running","_animationQueue":[["walk",0.1]],"_animationSpeed":1.101,"_zoom":20.656},{"_mousePosition":[727,378],"_rootPartCFrame":[747.879,222.7,46.291,-0.031,0,1,0,1,0,-1,0,-0.031],"_humanoidState":8,"_cameraCFrame":[758.756,241.755,45.907,-0.035,-0.849,0.527,0,0.527,0.85,-0.999,0.03,-0.019],"_shiftlockState":false,"_pose":"Running","_animationQueue":[],"_animationSpeed":1.101,"_zoom":20.656},{"_mousePosition":[727,378],"_rootPartCFrame":[747.446,222.7,46.301,-0.032,0,0.999,0,1,0,-0.999,0,-0.032],"_humanoidState":8,"_cameraCFrame":[758.323,241.755,45.916,-0.035,-0.849,0.527,0,0.527,0.85,-0.999,0.03,-0.019],"_shiftlockState":false,"_pose":"Running","_animationQueue":[],"_animationSpeed":1.101,"_zoom":20.656},{"_mousePosition":[727,378],"_rootPartCFrame":[747.013,222.7,46.31,-0.032,0,0.999,0,1,0,-0.999,0,-0.032],"_humanoidState":8,"_cameraCFrame":[757.89,241.755,45.926,-0.035,-0.849,0.527,0,0.527,0.85,-0.999,0.03,-0.019],"_shiftlockState":false,"_pose":"Running","_animationQueue":[],"_animationSpeed":1.101,"_zoom":20.656},{"_mousePosition":[727,378],"_rootPartCFrame":[746.579,222.7,46.319,-0.033,0,0.999,0,1,0,-0.999,0,-0.033],"_humanoidState":8,"_cameraCFrame":[757.457,241.755,45.935,-0.035,-0.849,0.527,0,0.527,0.85,-0.999,0.03,-0.019],"_shiftlockState":false,"_pose":"Running","_animationQueue":[],"_animationSpeed":1.101,"_zoom":20.656},{"_mousePosition":[727,378],"_rootPartCFrame":[746.146,222.7,46.329,-0.033,0,0.999,0,1,0,-0.999,0,-0.033],"_humanoidState":8,"_cameraCFrame":[757.024,241.755,45.944,-0.035,-0.849,0.527,0,0.527,0.85,-0.999,0.03,-0.019],"_shiftlockState":false,"_pose":"Running","_animationQueue":[],"_animationSpeed":1.101,"_zoom":20.656},{"_mousePosition":[727,378],"_rootPartCFrame":[745.496,222.7,46.343,-0.034,0,0.999,0,1,0,-0.999,0,-0.034],"_humanoidState":8,"_cameraCFrame":[756.374,241.755,45.959,-0.035,-0.849,0.527,0,0.527,0.85,-0.999,0.03,-0.019],"_shiftlockState":false,"_pose":"Running","_animationQueue":[["walk",0.1]],"_animationSpeed":1.101,"_zoom":20.656},{"_mousePosition":[727,378],"_rootPartCFrame":[745.28,222.7,46.348,-0.034,0,0.999,0,1,0,-0.999,0,-0.034],"_humanoidState":8,"_cameraCFrame":[756.157,241.755,45.963,-0.035,-0.849,0.527,0,0.527,0.85,-0.999,0.03,-0.019],"_shiftlockState":false,"_pose":"Running","_animationQueue":[],"_animationSpeed":1.101,"_zoom":20.656},{"_mousePosition":[727,378],"_rootPartCFrame":[744.846,222.7,46.357,-0.034,0,0.999,0,1,0,-0.999,0,-0.034],"_humanoidState":8,"_cameraCFrame":[755.724,241.755,45.973,-0.035,-0.849,0.527,0,0.527,0.85,-0.999,0.03,-0.019],"_shiftlockState":false,"_pose":"Running","_animationQueue":[],"_animationSpeed":1.101,"_zoom":20.656},{"_mousePosition":[727,378],"_rootPartCFrame":[744.413,222.7,46.367,-0.034,0,0.999,0,1,0,-0.999,0,-0.034],"_humanoidState":8,"_cameraCFrame":[755.291,241.755,45.982,-0.035,-0.849,0.527,0,0.527,0.85,-0.999,0.03,-0.019],"_shiftlockState":false,"_pose":"Running","_animationQueue":[],"_animationSpeed":1.101,"_zoom":20.656},{"_mousePosition":[727,378],"_rootPartCFrame":[744.11,222.7,46.376,-0.034,0,0.999,0,1,0,-0.999,0,-0.034],"_humanoidState":8,"_cameraCFrame":[754.988,241.755,45.992,-0.035,-0.849,0.527,0,0.527,0.85,-0.999,0.03,-0.019],"_shiftlockState":false,"_pose":"Running","_animationQueue":[["walk",0.1]],"_animationSpeed":1.793,"_zoom":20.656},{"_mousePosition":[727,378],"_rootPartCFrame":[743.843,222.7,46.385,-0.034,0,0.999,0,1,0,-0.999,0,-0.034],"_humanoidState":8,"_cameraCFrame":[754.721,241.755,46.001,-0.035,-0.849,0.527,0,0.527,0.85,-0.999,0.03,-0.019],"_shiftlockState":false,"_pose":"Running","_animationQueue":[["walk",0.1]],"_animationSpeed":1.14,"_zoom":20.656},{"_mousePosition":[727,378],"_rootPartCFrame":[743.577,222.7,46.395,-0.035,0,0.999,0,1,0,-0.999,0,-0.035],"_humanoidState":8,"_cameraCFrame":[754.454,241.755,46.01,-0.035,-0.849,0.527,0,0.527,0.85,-0.999,0.03,-0.019],"_shiftlockState":false,"_pose":"Running","_animationQueue":[],"_animationSpeed":1.14,"_zoom":20.656},{"_mousePosition":[727,378],"_rootPartCFrame":[743.243,223.77,46.407,-0.035,0,0.999,0,1,0,-0.999,0,-0.035],"_humanoidState":3,"_cameraCFrame":[754.121,242.826,46.022,-0.035,-0.849,0.527,0,0.527,0.85,-0.999,0.03,-0.019],"_shiftlockState":false,"_pose":"Jumping","_animationQueue":[["walk",0.1],["walk",0.1],["jump",0.1]],"_animationSpeed":1,"_zoom":20.656},{"_mousePosition":[727,378],"_rootPartCFrame":[743.043,224.371,46.414,-0.035,0,0.999,0,1,0,-0.999,0,-0.035],"_humanoidState":5,"_cameraCFrame":[753.921,243.427,46.029,-0.035,-0.849,0.527,0,0.527,0.85,-0.999,0.03,-0.019],"_shiftlockState":false,"_pose":"FreeFall","_animationQueue":[["jump",0.1]],"_animationSpeed":1,"_zoom":20.656},{"_mousePosition":[727,378],"_rootPartCFrame":[742.777,225.125,46.423,-0.035,0,0.999,0,1,0,-0.999,0,-0.035],"_humanoidState":5,"_cameraCFrame":[753.654,244.181,46.039,-0.035,-0.849,0.527,0,0.527,0.85,-0.999,0.03,-0.019],"_shiftlockState":false,"_pose":"FreeFall","_animationQueue":[],"_animationSpeed":1,"_zoom":20.656},{"_mousePosition":[727,378],"_rootPartCFrame":[742.51,225.824,46.432,-0.035,0,0.999,0,1,0,-0.999,0,-0.035],"_humanoidState":5,"_cameraCFrame":[753.388,244.88,46.048,-0.035,-0.849,0.527,0,0.527,0.85,-0.999,0.03,-0.019],"_shiftlockState":false,"_pose":"FreeFall","_animationQueue":[],"_animationSpeed":1,"_zoom":20.656},{"_mousePosition":[727,378],"_rootPartCFrame":[742.244,226.469,46.442,-0.035,0,0.999,0,1,0,-0.999,0,-0.035],"_humanoidState":5,"_cameraCFrame":[753.121,245.525,46.057,-0.035,-0.849,0.527,0,0.527,0.85,-0.999,0.03,-0.019],"_shiftlockState":false,"_pose":"FreeFall","_animationQueue":[],"_animationSpeed":1,"_zoom":20.656},{"_mousePosition":[727,378],"_rootPartCFrame":[741.977,227.06,46.451,-0.035,0,0.999,0,1,0,-0.999,0,-0.035],"_humanoidState":5,"_cameraCFrame":[752.854,246.115,46.067,-0.035,-0.849,0.527,0,0.527,0.85,-0.999,0.03,-0.019],"_shiftlockState":false,"_pose":"FreeFall","_animationQueue":[],"_animationSpeed":1,"_zoom":20.656},{"_mousePosition":[727,378],"_rootPartCFrame":[741.71,227.595,46.461,-0.035,0,0.999,0,1,0,-0.999,0,-0.035],"_humanoidState":5,"_cameraCFrame":[752.588,246.651,46.076,-0.035,-0.849,0.527,0,0.527,0.85,-0.999,0.03,-0.019],"_shiftlockState":false,"_pose":"FreeFall","_animationQueue":[],"_animationSpeed":1,"_zoom":20.656},{"_mousePosition":[727,378],"_rootPartCFrame":[741.444,228.077,46.47,-0.035,0,0.999,0,1,0,-0.999,0,-0.035],"_humanoidState":5,"_cameraCFrame":[752.321,247.133,46.086,-0.035,-0.849,0.527,0,0.527,0.85,-0.999,0.03,-0.019],"_shiftlockState":false,"_pose":"FreeFall","_animationQueue":[],"_animationSpeed":1,"_zoom":20.656},{"_mousePosition":[727,378],"_rootPartCFrame":[741.111,228.602,46.482,-0.035,0,0.999,0,1,0,-0.999,0,-0.035],"_humanoidState":5,"_cameraCFrame":[751.988,247.658,46.097,-0.035,-0.849,0.527,0,0.527,0.85,-0.999,0.03,-0.019],"_shiftlockState":false,"_pose":"FreeFall","_animationQueue":[],"_animationSpeed":1,"_zoom":20.656},{"_mousePosition":[727,378],"_rootPartCFrame":[740.844,228.961,46.491,-0.035,0,0.999,0,1,0,-0.999,0,-0.035],"_humanoidState":5,"_cameraCFrame":[751.721,248.016,46.107,-0.035,-0.849,0.527,0,0.527,0.85,-0.999,0.03,-0.019],"_shiftlockState":false,"_pose":"FreeFall","_animationQueue":[],"_animationSpeed":1,"_zoom":20.656},{"_mousePosition":[727,378],"_rootPartCFrame":[740.644,229.194,46.498,-0.035,0,0.999,0,1,0,-0.999,0,-0.035],"_humanoidState":5,"_cameraCFrame":[751.521,248.25,46.114,-0.035,-0.849,0.527,0,0.527,0.85,-0.999,0.03,-0.019],"_shiftlockState":false,"_pose":"FreeFall","_animationQueue":[],"_animationSpeed":1,"_zoom":20.656},{"_mousePosition":[727,378],"_rootPartCFrame":[740.377,229.457,46.508,-0.035,0,0.999,0,1,0,-0.999,0,-0.035],"_humanoidState":5,"_cameraCFrame":[751.255,248.513,46.123,-0.035,-0.849,0.527,0,0.527,0.85,-0.999,0.03,-0.019],"_shiftlockState":false,"_pose":"FreeFall","_animationQueue":[],"_animationSpeed":1,"_zoom":20.656},{"_mousePosition":[727,378],"_rootPartCFrame":[740.111,229.666,46.517,-0.035,0,0.999,0,1,0,-0.999,0,-0.035],"_humanoidState":5,"_cameraCFrame":[750.988,248.722,46.133,-0.035,-0.849,0.527,0,0.527,0.85,-0.999,0.03,-0.019],"_shiftlockState":false,"_pose":"FreeFall","_animationQueue":[],"_animationSpeed":1,"_zoom":20.656},{"_mousePosition":[727,378],"_rootPartCFrame":[739.844,229.821,46.527,-0.035,0,0.999,0,1,0,-0.999,0,-0.035],"_humanoidState":5,"_cameraCFrame":[750.722,248.876,46.142,-0.035,-0.849,0.527,0,0.527,0.85,-0.999,0.03,-0.019],"_shiftlockState":false,"_pose":"FreeFall","_animationQueue":[],"_animationSpeed":1,"_zoom":20.656},{"_mousePosition":[727,378],"_rootPartCFrame":[739.578,229.921,46.536,-0.035,0,0.999,0,1,0,-0.999,0,-0.035],"_humanoidState":5,"_cameraCFrame":[750.455,248.976,46.152,-0.035,-0.849,0.527,0,0.527,0.85,-0.999,0.03,-0.019],"_shiftlockState":false,"_pose":"FreeFall","_animationQueue":[],"_animationSpeed":1,"_zoom":20.656},{"_mousePosition":[727,378],"_rootPartCFrame":[739.311,229.966,46.545,-0.035,0,0.999,0,1,0,-0.999,0,-0.035],"_humanoidState":5,"_cameraCFrame":[750.188,249.022,46.161,-0.035,-0.849,0.527,0,0.527,0.85,-0.999,0.03,-0.019],"_shiftlockState":false,"_pose":"FreeFall","_animationQueue":[],"_animationSpeed":1,"_zoom":20.656},{"_mousePosition":[727,378],"_rootPartCFrame":[739.044,229.957,46.555,-0.035,0,0.999,0,1,0,-0.999,0,-0.035],"_humanoidState":5,"_cameraCFrame":[749.884,249.034,46.089,-0.043,-0.85,0.525,0,0.525,0.851,-0.999,0.037,-0.023],"_shiftlockState":false,"_pose":"FreeFall","_animationQueue":[],"_animationSpeed":1,"_zoom":20.656},{"_mousePosition":[727,378],"_rootPartCFrame":[738.778,229.893,46.564,-0.035,0,0.999,0,1,0,-0.999,0,-0.035],"_humanoidState":5,"_cameraCFrame":[749.58,248.991,46.018,-0.05,-0.851,0.523,0,0.524,0.852,-0.999,0.043,-0.026],"_shiftlockState":false,"_pose":"FreeFall","_animationQueue":[],"_animationSpeed":1,"_zoom":20.656},{"_mousePosition":[727,378],"_rootPartCFrame":[738.445,229.737,46.578,-0.036,0,0.999,0,1,0,-0.999,0,-0.036],"_humanoidState":5,"_cameraCFrame":[749.205,248.856,45.898,-0.063,-0.851,0.521,0,0.522,0.853,-0.998,0.054,-0.033],"_shiftlockState":false,"_pose":"FreeFall","_animationQueue":[],"_animationSpeed":1,"_zoom":20.656},{"_mousePosition":[727,378],"_rootPartCFrame":[738.245,229.603,46.588,-0.037,0,0.999,0,1,0,-0.999,0,-0.037],"_humanoidState":5,"_cameraCFrame":[748.961,248.743,45.774,-0.076,-0.852,0.519,0,0.52,0.854,-0.997,0.065,-0.039],"_shiftlockState":false,"_pose":"FreeFall","_animationQueue":[],"_animationSpeed":1,"_zoom":20.656},{"_mousePosition":[727,378],"_rootPartCFrame":[737.979,229.375,46.604,-0.04,0,0.999,0,1,0,-0.999,0,-0.04],"_humanoidState":5,"_cameraCFrame":[748.652,248.536,45.685,-0.086,-0.852,0.517,0,0.519,0.855,-0.996,0.073,-0.045],"_shiftlockState":false,"_pose":"FreeFall","_animationQueue":[["fall",0.3]],"_animationSpeed":1,"_zoom":20.656},{"_mousePosition":[727,378],"_rootPartCFrame":[737.713,229.094,46.624,-0.045,0,0.999,0,1,0,-0.999,0,-0.045],"_humanoidState":5,"_cameraCFrame":[748.384,248.255,45.678,-0.088,-0.852,0.517,0,0.519,0.855,-0.996,0.076,-0.046],"_shiftlockState":false,"_pose":"FreeFall","_animationQueue":[],"_animationSpeed":1,"_zoom":20.656},{"_mousePosition":[727,378],"_rootPartCFrame":[737.447,228.758,46.647,-0.05,0,0.999,0,1,0,-0.999,0,-0.05],"_humanoidState":5,"_cameraCFrame":[748.116,247.919,45.673,-0.091,-0.851,0.516,0,0.519,0.855,-0.996,0.078,-0.047],"_shiftlockState":false,"_pose":"FreeFall","_animationQueue":[],"_animationSpeed":1,"_zoom":20.656},{"_mousePosition":[727,378],"_rootPartCFrame":[737.182,228.367,46.67,-0.055,0,0.998,0,1,0,-0.998,0,-0.055],"_humanoidState":5,"_cameraCFrame":[747.85,247.528,45.696,-0.091,-0.851,0.516,0,0.519,0.855,-0.996,0.078,-0.047],"_shiftlockState":false,"_pose":"FreeFall","_animationQueue":[],"_animationSpeed":1,"_zoom":20.656},{"_mousePosition":[727,378],"_rootPartCFrame":[736.916,227.922,46.694,-0.06,0,0.998,0,1,0,-0.998,0,-0.06],"_humanoidState":5,"_cameraCFrame":[747.585,247.083,45.721,-0.091,-0.851,0.516,0,0.519,0.855,-0.996,0.078,-0.047],"_shiftlockState":false,"_pose":"FreeFall","_animationQueue":[],"_animationSpeed":1,"_zoom":20.656},{"_mousePosition":[727,378],"_rootPartCFrame":[736.651,227.422,46.718,-0.064,0,0.998,0,1,0,-0.998,0,-0.064],"_humanoidState":5,"_cameraCFrame":[747.285,246.604,45.748,-0.091,-0.852,0.515,0,0.517,0.856,-0.996,0.078,-0.047],"_shiftlockState":false,"_pose":"FreeFall","_animationQueue":[],"_animationSpeed":1,"_zoom":20.656},{"_mousePosition":[727,378],"_rootPartCFrame":[736.385,226.868,46.743,-0.068,0,0.998,0,1,0,-0.998,0,-0.068],"_humanoidState":5,"_cameraCFrame":[747.024,246.05,45.826,-0.086,-0.853,0.515,0,0.517,0.856,-0.996,0.073,-0.044],"_shiftlockState":false,"_pose":"FreeFall","_animationQueue":[["fall",0.3]],"_animationSpeed":1,"_zoom"