[{"_mousePosition":[1159,365],"_rootPartCFrame":[776.035,222.973,47.142,-0.002,-0.008,1,0,1,0.008,-1,0,-0.002],"_humanoidState":8,"_cameraCFrame":[783.18,230.201,47.115,-0.004,-0.625,0.781,0,0.781,0.625,-1,0.002,-0.003],"_shiftlockState":false,"_pose":"Standing","_animationQueue":[],"_animationSpeed":1,"_zoom":9.167},{"_mousePosition":[1137,365],"_rootPartCFrame":[775.918,222.909,47.142,-0.002,-0.004,1,0,1,0.004,-1,0,-0.002],"_humanoidState":8,"_cameraCFrame":[783.07,230.136,47.115,-0.004,-0.625,0.781,0,0.781,0.625,-1,0.002,-0.003],"_shiftlockState":false,"_pose":"Standing","_animationQueue":[],"_animationSpeed":1,"_zoom":9.167},{"_mousePosition":[1112,364],"_rootPartCFrame":[775.656,222.768,47.143,-0.002,0,1,0,1,0,-1,0,-0.002],"_humanoidState":8,"_cameraCFrame":[782.814,229.996,47.116,-0.004,-0.625,0.781,0,0.781,0.625,-1,0.002,-0.003],"_shiftlockState":false,"_pose":"Running","_animationQueue":[["walk",0.1]],"_animationSpeed":0.828,"_zoom":9.167},{"_mousePosition":[1079,362],"_rootPartCFrame":[775.389,222.654,47.144,-0.003,0,1,0,1,0,-1,0,-0.003],"_humanoidState":8,"_cameraCFrame":[782.547,229.882,47.117,-0.004,-0.625,0.781,0,0.781,0.625,-1,0.002,-0.003],"_shiftlockState":false,"_pose":"Running","_animationQueue":[["walk",0.1]],"_animationSpeed":1.101,"_zoom":9.167},{"_mousePosition":[1046,357],"_rootPartCFrame":[775.123,222.662,47.146,-0.003,0,1,0,1,0,-1,0,-0.003],"_humanoidState":8,"_cameraCFrame":[782.28,229.89,47.118,-0.004,-0.625,0.781,0,0.781,0.625,-1,0.002,-0.003],"_shiftlockState":false,"_pose":"Running","_animationQueue":[],"_animationSpeed":1.101,"_zoom":9.167},{"_mousePosition":[1007,353],"_rootPartCFrame":[774.856,222.677,47.147,-0.003,0,1,0,1,0,-1,0,-0.003],"_humanoidState":8,"_cameraCFrame":[782.013,229.905,47.119,-0.004,-0.625,0.781,0,0.781,0.625,-1,0.002,-0.003],"_shiftlockState":false,"_pose":"Running","_animationQueue":[],"_animationSpeed":1.101,"_zoom":9.167},{"_mousePosition":[961,347],"_rootPartCFrame":[774.589,222.687,47.148,-0.003,0,1,0,1,0,-1,0,-0.003],"_humanoidState":8,"_cameraCFrame":[781.747,229.915,47.12,-0.004,-0.625,0.781,0,0.781,0.625,-1,0.002,-0.003],"_shiftlockState":false,"_pose":"Running","_animationQueue":[],"_animationSpeed":1.101,"_zoom":9.167},{"_mousePosition":[914,340],"_rootPartCFrame":[774.323,222.693,47.149,-0.003,0,1,0,1,0,-1,0,-0.003],"_humanoidState":8,"_cameraCFrame":[781.48,229.921,47.121,-0.004,-0.625,0.781,0,0.781,0.625,-1,0.002,-0.003],"_shiftlockState":false,"_pose":"Running","_animationQueue":[["walk",0.1]],"_animationSpeed":1.101,"_zoom":9.167},{"_mousePosition":[884,336],"_rootPartCFrame":[774.056,222.696,47.15,-0.003,0,1,0,1,0,-1,0,-0.003],"_humanoidState":8,"_cameraCFrame":[781.213,229.924,47.122,-0.004,-0.625,0.781,0,0.781,0.625,-1,0.002,-0.003],"_shiftlockState":false,"_pose":"Running","_animationQueue":[],"_animationSpeed":1.101,"_zoom":9.167},{"_mousePosition":[841,331],"_rootPartCFrame":[773.789,222.698,47.151,-0.003,0,1,0,1,0,-1,0,-0.003],"_humanoidState":8,"_cameraCFrame":[780.947,229.925,47.123,-0.004,-0.625,0.781,0,0.781,0.625,-1,0.002,-0.003],"_shiftlockState":false,"_pose":"Running","_animationQueue":[],"_animationSpeed":1.101,"_zoom":9.167},{"_mousePosition":[817,328],"_rootPartCFrame":[773.523,222.699,47.152,-0.003,0,1,0,1,0,-1,0,-0.003],"_humanoidState":8,"_cameraCFrame":[780.68,229.926,47.124,-0.004,-0.625,0.781,0,0.781,0.625,-1,0.002,-0.003],"_shiftlockState":false,"_pose":"Running","_animationQueue":[],"_animationSpeed":1.101,"_zoom":9.167},{"_mousePosition":[813,328],"_rootPartCFrame":[773.256,222.699,47.153,-0.003,0,1,0,1,0,-1,0,-0.003],"_humanoidState":8,"_cameraCFrame":[780.413,229.927,47.125,-0.004,-0.625,0.781,0,0.781,0.625,-1,0.002,-0.003],"_shiftlockState":false,"_pose":"Running","_animationQueue":[],"_animationSpeed":1.101,"_zoom":9.167},{"_mousePosition":[774,326],"_rootPartCFrame":[772.989,222.699,47.154,-0.003,0,1,0,1,0,-1,0,-0.003],"_humanoidState":8,"_cameraCFrame":[780.146,229.927,47.126,-0.004,-0.625,0.781,0,0.781,0.625,-1,0.002,-0.003],"_shiftlockState":false,"_pose":"Running","_animationQueue":[],"_animationSpeed":1.101,"_zoom":9.167},{"_mousePosition":[764,324],"_rootPartCFrame":[772.722,222.7,47.155,-0.004,0,1,0,1,0,-1,0,-0.004],"_humanoidState":8,"_cameraCFrame":[779.88,229.927,47.127,-0.004,-0.625,0.781,0,0.781,0.625,-1,0.002,-0.003],"_shiftlockState":false,"_pose":"Running","_animationQueue":[["walk",0.1]],"_animationSpeed":1.101,"_zoom":9.167},{"_mousePosition":[760,323],"_rootPartCFrame":[772.456,222.7,47.156,-0.004,0,1,0,1,0,-1,0,-0.004],"_humanoidState":8,"_cameraCFrame":[779.613,229.927,47.128,-0.004,-0.625,0.781,0,0.781,0.625,-1,0.002,-0.003],"_shiftlockState":false,"_pose":"Running","_animationQueue":[],"_animationSpeed":1.101,"_zoom":9.167},{"_mousePosition":[759,323],"_rootPartCFrame":[772.189,222.7,47.157,-0.004,0,1,0,1,0,-1,0,-0.004],"_humanoidState":8,"_cameraCFrame":[779.346,229.927,47.129,-0.004,-0.625,0.781,0,0.781,0.625,-1,0.002,-0.003],"_shiftlockState":false,"_pose":"Running","_animationQueue":[],"_animationSpeed":1.101,"_zoom":9.167},{"_mousePosition":[759,323],"_rootPartCFrame":[771.922,222.7,47.158,-0.004,0,1,0,1,0,-1,0,-0.004],"_humanoidState":8,"_cameraCFrame":[779.079,229.927,47.13,-0.004,-0.625,0.781,0,0.781,0.625,-1,0.002,-0.003],"_shiftlockState":false,"_pose":"Running","_animationQueue":[],"_animationSpeed":1.101,"_zoom":9.167},{"_mousePosition":[758,323],"_rootPartCFrame":[771.655,222.7,47.159,-0.004,0,1,0,1,0,-1,0,-0.004],"_humanoidState":8,"_cameraCFrame":[778.813,229.927,47.131,-0.004,-0.625,0.781,0,0.781,0.625,-1,0.002,-0.003],"_shiftlockState":false,"_pose":"Running","_animationQueue":[],"_animationSpeed":1.101,"_zoom":9.167},{"_mousePosition":[758,323],"_rootPartCFrame":[771.389,222.7,47.16,-0.004,0,1,0,1,0,-1,0,-0.004],"_humanoidState":8,"_cameraCFrame":[778.546,229.927,47.132,-0.004,-0.625,0.781,0,0.781,0.625,-1,0.002,-0.003],"_shiftlockState":false,"_pose":"Running","_animationQueue":[],"_animationSpeed":1.101,"_zoom":9.167},{"_mousePosition":[758,323],"_rootPartCFrame":[771.122,223.573,47.161,-0.004,0,1,0,1,0,-1,0,-0.004],"_humanoidState":3,"_cameraCFrame":[778.279,230.8,47.133,-0.004,-0.625,0.781,0,0.781,0.625,-1,0.002,-0.003],"_shiftlockState":false,"_pose":"Jumping","_animationQueue":[["walk",0.1],["walk",0.1],["jump",0.1]],"_animationSpeed":1,"_zoom":9.167},{"_mousePosition":[758,323],"_rootPartCFrame":[770.856,224.395,47.162,-0.004,0,1,0,1,0,-1,0,-0.004],"_humanoidState":5,"_cameraCFrame":[778.013,231.622,47.134,-0.004,-0.625,0.781,0,0.781,0.625,-1,0.002,-0.003],"_shiftlockState":false,"_pose":"FreeFall","_animationQueue":[["jump",0.1]],"_animationSpeed":1,"_zoom":9.167},{"_mousePosition":[758,323],"_rootPartCFrame":[770.589,225.162,47.163,-0.004,0,1,0,1,0,-1,0,-0.004],"_humanoidState":5,"_cameraCFrame":[777.746,232.39,47.135,-0.004,-0.625,0.781,0,0.781,0.625,-1,0.002,-0.003],"_shiftlockState":false,"_pose":"FreeFall","_animationQueue":[],"_animationSpeed":1,"_zoom":9.167},{"_mousePosition":[758,323],"_rootPartCFrame":[770.322,225.875,47.164,-0.004,0,1,0,1,0,-1,0,-0.004],"_humanoidState":5,"_cameraCFrame":[777.48,233.103,47.136,-0.004,-0.625,0.781,0,0.781,0.625,-1,0.002,-0.003],"_shiftlockState":false,"_pose":"FreeFall","_animationQueue":[],"_animationSpeed":1,"_zoom":9.167},{"_mousePosition":[758,323],"_rootPartCFrame":[770.056,226.534,47.165,-0.004,0,1,0,1,0,-1,0,-0.004],"_humanoidState":5,"_cameraCFrame":[777.213,233.762,47.137,-0.004,-0.625,0.781,0,0.781,0.625,-1,0.002,-0.003],"_shiftlockState":false,"_pose":"FreeFall","_animationQueue":[],"_animationSpeed":1,"_zoom":9.167},{"_mousePosition":[758,323],"_rootPartCFrame":[769.789,227.138,47.166,-0.004,0,1,0,1,0,-1,0,-0.004],"_humanoidState":5,"_cameraCFrame":[776.932,234.383,47.131,-0.005,-0.627,0.779,0,0.779,0.627,-1,0.003,-0.004],"_shiftlockState":false,"_pose":"FreeFall","_animationQueue":[],"_animationSpeed":1,"_zoom":9.167},{"_mousePosition":[758,323],"_rootPartCFrame":[769.523,227.687,47.167,-0.004,0,1,0,1,0,-1,0,-0.004],"_humanoidState":5,"_cameraCFrame":[776.601,235.013,47.118,-0.007,-0.635,0.772,0,0.772,0.635,-1,0.004,-0.005],"_shiftlockState":false,"_pose":"FreeFall","_animationQueue":[],"_animationSpeed":1,"_zoom":9.167},{"_mousePosition":[758,323],"_rootPartCFrame":[769.256,228.182,47.168,-0.004,0,1,0,1,0,-1,0,-0.004],"_humanoidState":5,"_cameraCFrame":[776.253,235.604,47.112,-0.008,-0.646,0.763,0,0.763,0.646,-1,0.005,-0.006],"_shiftlockState":false,"_pose":"FreeFall","_animationQueue":[],"_animationSpeed":1,"_zoom":9.167},{"_mousePosition":[758,323],"_rootPartCFrame":[768.989,228.623,47.17,-0.004,0,1,0,1,0,-1,0,-0.004],"_humanoidState":5,"_cameraCFrame":[775.885,236.162,47.115,-0.008,-0.659,0.752,0,0.752,0.659,-1,0.005,-0.006],"_shiftlockState":false,"_pose":"FreeFall","_animationQueue":[],"_animationSpeed":1,"_zoom":9.167},{"_mousePosition":[758,323],"_rootPartCFrame":[768.723,229.009,47.172,-0.005,0,1,0,1,0,-1,0,-0.005],"_humanoidState":5,"_cameraCFrame":[775.506,236.675,47.118,-0.008,-0.673,0.74,0,0.74,0.673,-1,0.005,-0.006],"_shiftlockState":false,"_pose":"FreeFall","_animationQueue":[],"_animationSpeed":1,"_zoom":9.167},{"_mousePosition":[758,323],"_rootPartCFrame":[768.389,229.415,47.175,-0.005,0,1,0,1,0,-1,0,-0.005],"_humanoidState":5,"_cameraCFrame":[775.042,237.222,47.135,-0.006,-0.688,0.726,0,0.726,0.688,-1,0.004,-0.004],"_shiftlockState":false,"_pose":"FreeFall","_animationQueue":[],"_animationSpeed":1,"_zoom":9.167},{"_mousePosition":[758,323],"_rootPartCFrame":[768.123,229.678,47.177,-0.006,0,1,0,1,0,-1,0,-0.006],"_humanoidState":5,"_cameraCFrame":[774.667,237.597,47.145,-0.005,-0.7,0.714,0,0.714,0.7,-1,0.003,-0.003],"_shiftlockState":false,"_pose":"FreeFall","_animationQueue":[],"_animationSpeed":1,"_zoom":9.167},{"_mousePosition":[758,323],"_rootPartCFrame":[767.923,229.84,47.178,-0.006,0,1,0,1,0,-1,0,-0.006],"_humanoidState":5,"_cameraCFrame":[774.305,237.92,47.174,-0.001,-0.718,0.696,0,0.696,0.718,-1,0.001,0],"_shiftlockState":false,"_pose":"FreeFall","_animationQueue":[],"_animationSpeed":1,"_zoom":9.167},{"_mousePosition":[758,323],"_rootPartCFrame":[767.656,230.008,47.18,-0.006,0,1,0,1,0,-1,0,-0.006],"_humanoidState":5,"_cameraCFrame":[773.872,238.246,47.201,0.003,-0.735,0.678,0,0.678,0.735,-1,-0.003,0.002],"_shiftlockState":false,"_pose":"FreeFall","_animationQueue":[],"_animationSpeed":1,"_zoom":9.167},{"_mousePosition":[758,323],"_rootPartCFrame":[767.39,230.122,47.18,-0.005,0,1,0,1,0,-1,0,-0.005],"_humanoidState":5,"_cameraCFrame":[773.435,238.513,47.22,0.007,-0.752,0.659,0,0.659,0.752,-1,-0.005,0.004],"_shiftlockState":false,"_pose":"FreeFall","_animationQueue":[],"_animationSpeed":1,"_zoom":9.167},{"_mousePosition":[758,323],"_rootPartCFrame":[767.123,230.181,47.179,-0.004,0,1,0,1,0,-1,0,-0.004],"_humanoidState":5,"_cameraCFrame":[772.977,238.735,47.218,0.007,-0.77,0.639,0,0.639,0.77,-1,-0.005,0.004],"_shiftlockState":false,"_pose":"FreeFall","_animationQueue":[],"_animationSpeed":1,"_zoom":9.167},{"_mousePosition":[758,323],"_rootPartCFrame":[766.857,230.185,47.177,-0.003,0,1,0,1,0,-1,0,-0.003],"_humanoidState":5,"_cameraCFrame":[772.48,238.924,47.215,0.007,-0.79,0.613,0,0.613,0.79,-1,-0.005,0.004],"_shiftlockState":false,"_pose":"FreeFall","_animationQueue":[],"_animationSpeed":1,"_zoom":9.167},{"_mousePosition":[758,323],"_rootPartCFrame":[766.59,230.135,47.176,-0.002,0,1,0,1,0,-1,0,-0.002],"_humanoidState":5,"_cameraCFrame":[771.989,239.043,47.206,0.006,-0.808,0.589,0,0.589,0.808,-1,-0.005,0.003],"_shiftlockState":false,"_pose":"FreeFall","_animationQueue":[],"_animationSpeed":1,"_zoom":9.167},{"_mousePosition":[758,323],"_rootPartCFrame":[766.323,230.031,47.174,0,0,1,0,1,0,-1,0,0],"_humanoidState":5,"_cameraCFrame":[771.432,239.142,47.208,0.007,-0.83,0.557,0,0.557,0.83,-1,-0.006,0.004],"_shiftlockState":false,"_pose":"FreeFall","_animationQueue":[],"_animationSpeed":1,"_zoom":9.167},{"_mousePosition":[758,323],"_rootPartCFrame":[765.99,229.823,47.172,0.001,0,1,0,1,0,-1,0,0.001],"_humanoidState":5,"_cameraCFrame":[770.831,239.107,47.219,0.01,-0.849,0.528,0,0.528,0.849,-1,-0.008,0.005],"_shiftlockState":false,"_pose":"FreeFall","_animationQueue":[["fall",0.3]],"_animationSpeed":1,"_zoom":9.167},{"_mousePosition":[758,323],"_rootPartCFrame":[765.79,229.658,47.171,0.001,0,1,0,1,0,-1,0,0.001],"_humanoidState":5,"_cameraCFrame":[770.359,239.105,47.235,0.014,-0.867,0.498,0,0.498,0.867,-1,-0.012,0.007],"_shiftlockState":false,"_pose":"FreeFall","_animationQueue":[],"_animationSpeed":1,"_zoom":9.167},{"_mousePosition":[758,323],"_rootPartCFrame":[765.523,229.39,47.168,0.002,0,1,0,1,0,-1,0,0.002],"_humanoidState":5,"_cameraCFrame":[769.866,238.963,47.247,0.018,-0.881,0.474,0,0.474,0.881,-1,-0.016,0.009],"_shiftlockState":false,"_pose":"FreeFall","_animationQueue":[],"_animationSpeed":1,"_zoom":9.167},{"_mousePosition":[758,323],"_rootPartCFrame":[765.257,229.068,47.165,0.004,0,1,0,1,0,-1,0,0.004],"_humanoidState":5,"_cameraCFrame":[769.395,238.747,47.262,0.023,-0.892,0.451,0,0.452,0.892,-1,-0.021,0.011],"_shiftlockState":false,"_pose":"FreeFall","_animationQueue":[],"_animationSpeed":1,"_zoom":9.167},{"_mousePosition":[758,323],"_rootPartCFrame":[764.99,228.691,47.16,0.006,0,1,0,1,0,-1,0,0.006],"_humanoidState":5,"_cameraCFrame":[768.949,238.458,47.273,0.029,-0.901,0.432,0,0.432,0.902,-1,-0.026,0.012],"_shiftlockState":false,"_pose":"FreeFall","_animationQueue":[],"_animationSpeed":1,"_zoom":9.167},{"_mousePosition":[758,323],"_rootPartCFrame":[764.724,228.259,47.154,0.008,0,1,0,1,0,-1,0,0.008],"_humanoidState":5,"_cameraCFrame":[768.542,238.092,47.279,0.033,-0.909,0.416,0,0.417,0.909,-0.999,-0.03,0.014],"_shiftlockState":false,"_pose":"FreeFall","_animationQueue":[],"_animationSpeed":1,"_zoom":9.167},{"_mousePosition":[758,323],"_rootPartCFrame":[764.457,227.773,47.147,0.01,0,1,0,1,0,-1,0,0.01],"_humanoidState":5,"_cameraCFrame":[768.304,237.879,45.534,0.036,-0.915,0.402,0,0.403,0.915,-0.999,-0.033,0.014],"_shiftlockState":true,"_pose":"FreeFall","_animationQueue":[],"_animationSpeed":1,"_zoom":11.959},{"_mousePosition":[683,384],"_rootPartCFrame":[764.124,227.089,47.136,0.036,0,0.999,0,1,0,-0.999,0,0.036],"_humanoidState":5,"_cameraCFrame":[768.156,237.617,45.53,0.036,-0.915,0.402,0,0.403,0.915,-0.999,-0.033,0.014],"_shiftlockState":true,"_pose":"FreeFall","_animationQueue":[["fall",0.3]],"_animationSpeed":1,"_zoom":11.959},{"_mousePosition":[683,384],"_rootPartCFrame":[763.924,226.638,47.129,0.036,0,0.999,0,1,0,-0.999,0,0.036],"_humanoidState":5,"_cameraCFrame":[767.99,237.647,45.532,0.038,-0.921,0.388,0,0.388,0.922,-0.999,-0.035,0.015],"_shiftlockState":true,"_pose":"FreeFall","_animationQueue":[],"_animationSpeed":1,"_zoom":11.959},{"_mousePosition":[683,384],"_rootPartCFrame":[763.657,225.988,47.119,0.038,0,0.999,0,1,0,-0.999,0,0.038],"_humanoidState":5,"_cameraCFrame":[767.756,237.444,45.537,0.041,-0.926,0.375,0,0.375,0.927,-0.999,-0.038,0.015],"_shiftlockState":true,"_pose":"FreeFall","_animationQueue":[],"_animationSpeed":1,"_zoom":11.959},{"_mousePosition":[683,384],"_rootPartCFrame":[763.391,225.284,47.109,0.041,0,0.999,0,1,0,-0.999,0,0.041],"_humanoidState":5,"_cameraCFrame":[767.606,237.336,45.54,0.043,-0.93,0.365,0,0.366,0.931,-0.999,-0.04,0.016],"_shiftlockState":true,"_pose":"FreeFall","_animationQueue":[],"_animationSpeed":1,"_zoom":15.448},{"_mousePosition":[683,384],"_rootPartCFrame":[763.125,224.526,47.098,0.043,0,0.999,0,1,0,-0.999,0,0.043],"_humanoidState":5,"_cameraCFrame":[767.548,237.445,45.552,0.046,-0.934,0.355,0,0.356,0.935,-0.999,-0.043,0.017],"_shiftlockState":true,"_pose":"FreeFall","_animationQueue":[],"_animationSpeed":1,"_zoom":15.448},{"_mousePosition":[683,384],"_rootPartCFrame":[762.858,223.713,47.087,0.046,0,0.999,0,1,0,-0.999,0,0.046],"_humanoidState":5,"_cameraCFrame":[767.416,237.381,45.565,0.051,-0.937,0.345,0,0.345,0.939,-0.999,-0.047,0.017],"_shiftlockState":true,"_pose":"FreeFall","_animationQueue":[],"_animationSpeed":1,"_zoom":15.448},{"_mousePosition":[683,384],"_rootPartCFrame":[762.592,222.845,47.075,0.05,0,0.999,0,1,0,-0.999,0,0.05],"_humanoidState":7,"_cameraCFrame":[767.182,237.249,45.578,0.056,-0.943,0.329,0,0.329,0.944,-0.998,-0.053,0.018],"_shiftlockState":true,"_pose":"FreeFall","_animationQueue":[["walk",0.1],["fall",0.3],["fall",0.3]],"_animationSpeed":1,"_zoom":15.448},{"_mousePosition":[683,384],"_rootPartCFrame":[762.325,222.433,47.061,0.056,0,0.998,0,1,0,-0.998,0,0.056],"_humanoidState":7,"_cameraCFrame":[766.876,237.364,45.582,0.06,-0.947,0.314,0,0.315,0.949,-0.998,-0.057,0.019],"_shiftlockState":true,"_pose":"FreeFall","_animationQueue":[["fall",0.3]],"_animationSpeed":1,"_zoom":15.448},{"_mousePosition":[683,384],"_rootPartCFrame":[761.993,222.531,47.043,0.06,0,0.998,0,1,0,-0.998,0,0.06],"_humanoidState":8,"_cameraCFrame":[766.444,237.884,45.58,0.065,-0.952,0.299,0,0.299,0.954,-0.998,-0.062,0.02],"_shiftlockState":true,"_pose":"Running","_animationQueue":[["walk",0.1],["fall",0.3],["walk",0.1]],"_animationSpeed":1.103,"_zoom":15.448},{"_mousePosition":[683,384],"_rootPartCFrame":[761.66,222.618,47.023,0.065,0,0.998,0,1,0,-0.998,0,0.065],"_humanoidState":8,"_cameraCFrame":[765.898,238.337,45.572,0.071,-0.958,0.278,0,0.279,0.96,-0.997,-0.069,0.02],"_shiftlockState":true,"_pose":"Running","_animationQueue":[],"_animationSpeed":1.103,"_zoom":15.448},{"_mousePosition":[683,384],"_rootPartCFrame":[761.46,222.647,47.01,0.071,0,0.997,0,1,0,-0.997,0,0.071],"_humanoidState":8,"_cameraCFrame":[765.4,238.652,45.558,0.077,-0.964,0.254,0,0.254,0.967,-0.997,-0.074,0.02],"_shiftlockState":true,"_pose":"Running","_animationQueue":[],"_animationSpeed":1.103,"_zoom":15.448},{"_mousePosition":[683,384],"_rootPartCFrame":[761.194,222.671,46.991,0.077,0,0.997,0,1,0,-0.997,0,0.077],"_humanoidState":8,"_cameraCFrame":[764.695,238.935,45.527,0.083,-0.972,0.222,0,0.222,0.975,-0.997,-0.081,0.018],"_shiftlockState":true,"_pose":"Running","_animationQueue":[],"_animationSpeed":1.103,"_zoom":15.448},{"_mousePosition":[683,384],"_rootPartCFrame":[760.929,222.684,46.971,0.083,0,0.997,0,1,0,-0.997,0,0.083],"_humanoidState":8,"_cameraCFrame":[763.906,239.161,45.475,0.087,-0.979,0.185,0,0.186,0.983,-0.996,-0.086,0.016],"_shiftlockState":true,"_pose":"Running","_animationQueue":[],"_animationSpeed":1.103,"_zoom":15.448},{"_mousePosition":[683,384],"_rootPartCFrame":[760.663,222.691,46.949,0.087,0,0.996,0,1,0,-0.996,0,0.087],"_humanoidState":8,"_cameraCFrame":[763.469,239.269,45.446,0.09,-0.981,0.173,0,0.174,0.985,-0.996,-0.089,0.016],"_shiftlockState":true,"_pose":"Running","_animationQueue":[["walk",0.1]],"_animationSpeed":1.103,"_zoom":15.448},{"_mousePosition":[683,384],"_rootPartCFrame":[760.397,222.695,46.926,0.09,0,0.996,0,1,0,-0.996,0,0.09],"_humanoidState":8,"_cameraCFrame":[763.217,239.317,45.436,0.094,-0.98,0.173,0,0.174,0.985,-0.996,-0.093,0.016],"_shiftlockState":true,"_pose":"Running","_animationQueue":[],"_animationSpeed":1.103,"_zoom":15.448},{"_mousePosition":[683,384],"_rootPartCFrame":[760.065,223.765,46.897,0.094,0,0.996,0,1,0,-0.996,0,0.094],"_humanoidState":3,"_cameraCFrame":[762.916,240.418,45.458,0.112,-0.979,0.173,0,0.174,0.985,-0.994,-0.11,0.019],"_shiftlockState":true,"_pose":"Jumping","_animationQueue":[["walk",0.1],["jump",0.1]],"_animationSpeed":1,"_zoom":15.448},{"_mousePosition":[683,384],"_rootPartCFrame":[759.866,224.366,46.878,0.111,0,0.994,0,1,0,-0.994,0,0.111],"_humanoidState":5,"_cameraCFrame":[762.756,241.039,45.512,0.137,-0.976,0.172,0,0.174,0.985,-0.991,-0.135,0.024],"_shiftlockState":true,"_pose":"FreeFall","_animationQueue":[["jump",0.1]],"_animationSpeed":1,"_zoom":15.448},{"_mousePosition":[683,384],"_rootPartCFrame":[759.601,225.12,46.849,0.134,0,0.991,0,1,0,-0.991,0,0.134],"_humanoidState":5,"_cameraCFrame":[762.493,241.806,45.483,0.137,-0.976,0.172,0,0.174,0.985,-0.991,-0.135,0.024],"_shiftlockState":true,"_pose":"FreeFall","_animationQueue":[],"_animationSpeed":1,"_zoom":15.448},{"_mousePosition":[683,384],"_rootPartCFrame":[759.337,225.82,46.814,0.136,0,0.991,0,1,0,-0.991,0,0.136],"_humanoidState":5,"_cameraCFrame":[762.231,242.516,45.448,0.137,-0.976,0.172,0,0.174,0.985,-0.991,-0.135,0.024],"_shiftlockState":true,"_pose":"FreeFall","_animationQueue":[],"_animationSpeed":1,"_zoom":15.448},{"_mousePosition":[683,384],"_rootPartCFrame":[759.073,226.464,46.777,0.137,0,0.991,0,1,0,-0.991,0,0.137],"_humanoidState":5,"_cameraCFrame":[761.968,243.166,45.411,0.137,-0.976,0.172,0,0.174,0.985,-0.991,-0.135,0.024],"_shiftlockState":true,"_pose":"FreeFall","_animationQueue":[],"_animationSpeed":1,"_zoom":15.448},{"_mousePosition":[683,384],"_rootPartCFrame":[758.808,227.055,46.741,0.137,0,0.991,0,1,0,-0.991,0,0.137],"_humanoidState":5,"_cameraCFrame":[761.704,243.761,45.375,0.137,-0.976,0.172,0,0.174,0.985,-0.991,-0.135,0.024],"_shiftlockState":true,"_pose":"FreeFall","_animationQueue":[],"_animationSpeed":1,"_zoom":15.448},{"_mousePosition":[683,384],"_rootPartCFrame":[758.544,227.591,46.704,0.137,0,0.991,0,1,0,-0.991,0,0.137],"_humanoidState":5,"_cameraCFrame":[761.441,244.3,45.338,0.137,-0.976,0.172,0,0.174,0.985,-0.991,-0.135,0.024],"_shiftlockState":true,"_pose":"FreeFall","_animationQueue":[],"_animationSpeed":1,"_zoom":15.448},{"_mousePosition":[683,384],"_rootPartCFrame":[758.28,228.072,46.667,0.137,0,0.991,0,1,0,-0.991,0,0.137],"_humanoidState":5,"_cameraCFrame":[761.177,244.783,45.302,0.137,-0.976,0.172,0,0.174,0.985,-0.991,-0.135,0.024],"_shiftlockState":true,"_pose":"FreeFall","_animationQueue":[],"_animationSpeed":1,"_zoom":15.448},{"_mousePosition":[683,384],"_rootPartCFrame":[758.016,228.499,46.631,0.137,0,0.991,0,1,0,-0.991,0,0.137],"_humanoidState":5,"_cameraCFrame":[760.913,245.211,45.265,0.137,-0.976,0.172,0,0.174,0.985,-0.991,-0.135,0.024],"_shiftlockState":true,"_pose":"FreeFall","_animationQueue":[],"_animationSpeed":1,"_zoom":15.448},{"_mousePosition":[683,384],"_rootPartCFrame":[757.752,228.871,46.594,0.137,0,0.991,0,1,0,-0.991,0,0.137],"_humanoidState":5,"_cameraCFrame":[760.649,245.584,45.229,0.137,-0.976,0.172,0,0.174,0.985,-0.991,-0.135,0.024],"_shiftlockState":true,"_pose":"FreeFall","_animationQueue":[],"_animationSpeed":1,"_zoom":15.448},{"_mousePosition":[683,384],"_rootPartCFrame":[757.488,229.189,46.558,0.137,0,0.991,0,1,0,-0.991,0,0.137],"_humanoidState":5,"_cameraCFrame":[760.385,245.902,45.192,0.137,-0.976,0.172,0,0.174,0.985,-0.991,-0.135,0.024],"_shiftlockState":true,"_pose":"FreeFall","_animationQueue":[],"_animationSpeed":1,"_zoom":15.448},{"_mousePosition":[683,384],"_rootPartCFrame":[757.223,229.453,46.521,0.137,0,0.991,0,1,0,-0.991,0,0.137],"_humanoidState":5,"_cameraCFrame":[760.12,246.166,45.156,0.137,-0.976,0.172,0,0.174,0.985,-0.991,-0.135,0.024],"_shiftlockState":true,"_pose":"FreeFall","_animationQueue":[],"_animationSpeed":1,"_zoom":15.448},{"_mousePosition":[683,384],"_rootPartCFrame":[756.959,229.662,46.485,0.137,0,0.991,0,1,0,-0.991,0,0.137],"_humanoidState":5,"_cameraCFrame":[759.856,246.375,45.119,0.137,-0.976,0.172,0,0.174,0.985,-0.991,-0.135,0.024],"_shiftlockState":true,"_pose":"FreeFall","_animationQueue":[],"_animationSpeed":1,"_zoom":15.448},{"_mousePosition":[683,384],"_rootPartCFrame":[756.695,229.816,46.448,0.137,0,0.991,0,1,0,-0.991,0,0.137],"_humanoidState":5,"_cameraCFrame":[759.595,246.53,45.088,0.139,-0.975,0.172,0,0.174,0.985,-0.99,-0.137,0.024],"_shiftlockState":true,"_pose":"FreeFall","_animationQueue":[],"_animationSpeed":1,"_zoom":15.448},{"_mousePosition":[683,384],"_rootPartCFrame":[756.431,229.916,46.412,0.139,0,0.99,0,1,0,-0.99,0,0.139],"_humanoidState":5,"_cameraCFrame":[759.324,246.366,45.104,0.159,-0.972,0.172,0,0.174,0.985,-0.987,-0.156,0.028],"_shiftlockState":true,"_pose":"FreeFall","_animationQueue":[],"_animationSpeed":1,"_zoom":11.959},{"_mousePosition":[683,384],"_rootPartCFrame":[756.167,229.961,46.375,0.157,0,0.988,0,1,0,-0.988,0,0.157],"_humanoidState":5,"_cameraCFrame":[759,245.852,45.162,0.198,-0.965,0.17,0,0.174,0.985,-0.98,-0.195,0.034],"_shiftlockState":true,"_pose":"FreeFall","_animationQueue":[],"_animationSpeed":1,"_zoom":11.959},{"_mousePosition":[683,384],"_rootPartCFrame":[755.903,229.952,46.333,0.194,0,0.981,0,1,0,-0.981,0,0.194],"_humanoidState":5,"_cameraCFrame":[758.674,245.247,45.191,0.231,-0.958,0.169,0,0.174,0.985,-0.973,-0.227,0.04],"_shiftlockState":true,"_pose":"FreeFall","_animationQueue":[],"_animationSpeed":1,"_zoom":11.959},{"_mousePosition":[683,384],"_rootPartCFrame":[755.642,229.889,46.282,0.226,0,0.974,0,1,0,-0.974,0,0.226],"_humanoidState":5,"_cameraCFrame":[758.331,244.662,45.139,0.238,-0.957,0.169,0,0.174,0.985,-0.971,-0.234,0.041],"_shiftlockState":true,"_pose":"FreeFall","_animationQueue":[],"_animationSpeed":1,"_zoom":11.959},{"_mousePosition":[683,384],"_rootPartCFrame":[755.382,229.771,46.221,0.236,0,0.972,0,1,0,-0.972,0,0.236],"_humanoidState":5,"_cameraCFrame":[758.004,244.149,45.062,0.238,-0.957,0.169,0,0.174,0.985,-0.971,-0.234,0.041],"_shiftlockState":true,"_pose":"FreeFall","_animationQueue":[["fall",0.3]],"_animationSpeed":1,"_zoom":11.959},{"_mousePosition":[683,384],"_rootPartCFrame":[755.123,229.598,46.158,0.237,0,0.971,0,1,0,-0.971,0,0.237],"_humanoidState":5,"_cameraCFrame":[757.689,243.654,44.985,0.238,-0.957,0.169,0,0.174,0.985,-0.971,-0.234,0.041],"_shiftlockState":true,"_pose":"FreeFall","_animationQueue":[],"_animationSpeed":1,"_zoom":11.959},{"_mousePosition":[683,384],"_rootPartCFrame":[754.864,229.371,46.095,0.238,0,0.971,0,1,0,-0.971,0,0.238],"_humanoidState":5,"_cameraCFrame":[757.391,243.19,44.914,0.239,-0.956,0.169,0,0.174,0.985,-0.971,-0.235,0.041],"_shiftlockState":true,"_pose":"FreeFall","_animationQueue":[],"_animationSpeed":1,"_zoom":11.959},{"_mousePosition":[683,384],"_rootPartCFrame":[754.605,229.089,46.031,0.239,0,0.971,0,1,0,-0.971,0,0.239],"_humanoidState":5,"_cameraCFrame":[757.108,242.747,44.852,0.242,-0.956,0.168,0,0.174,0.985,-0.97,-0.238,0.042],"_shiftlockState":true,"_pose":"FreeFall","_animationQueue":[],"_animationSpeed":1,"_zoom":11.959},{"_mousePosition":[683,384],"_rootPartCFrame":[754.346,228.753,45.968,0.242,0,0.97,0,1,0,-0.97,0,0.242],"_humanoidState":5,"_cameraCFrame":[756.84,242.302,44.805,0.25,-0.954,0.168,0,0.174,0.985,-0.968,-0.246,0.043],"_shiftlockState":true,"_pose":"FreeFall","_animationQueue":[],"_animationSpeed":1,"_zoom":11.959},{"_mousePosition":[683,384],"_rootPartCFrame":[754.087,228.362,45.903,0.249,0,0.968,0,1,0,-0.968,0,0.249],"_humanoidState":5,"_cameraCFrame":[756.587,241.815,44.783,0.268,-0.949,0.167,0,0.174,0.985,-0.963,-0.264,0.047],"_shiftlockState":true,"_pose":"FreeFall","_animationQueue":[],"_animationSpeed":1,"_zoom":11.959},{"_mousePosition":[683,384],"_rootPartCFrame":[753.829,227.917,45.837,0.266,0,0.964,0,1,0,-0.964,0,0.266],"_humanoidState":5,"_cameraCFrame":[756.344,241.315,44.772,0.29,-0.942,0.166,0,0.174,0.985,-0.957,-0.286,0.05],"_shiftlockState":true,"_pose":"FreeFall","_animationQueue":[["fall",0.3]],"_animationSpeed":1,"_zoom":11.959},{"_mousePosition":[683,384],"_rootPartCFrame":[753.571,227.418,45.766,0.288,0,0.958,0,1,0,-0.958,0,0.288],"_humanoidState":5,"_cameraCFrame":[756.109,240.775,44.77,0.317,-0.934,0.165,0,0.174,0.985,-0.948,-0.312,0.055],"_shiftlockState":true,"_pose":"FreeFall","_animationQueue":[],"_animationSpeed":1,"_zoom":11.959},{"_mousePosition":[683,384],"_rootPartCFrame":[753.316,226.864,45.69,0.314,0,0.949,0,1,0,-0.949,0,0.314],"_humanoidState":5,"_cameraCFrame":[755.873,240.195,44.753,0.34,-0.926,0.163,0,0.174,0.985,-0.94,-0.335,0.059],"_shiftlockState":true,"_pose":"FreeFall","_animationQueue":[],"_animationSpeed":1,"_zoom":11.959},{"_mousePosition":[683,384],"_rootPartCFrame":[753.063,226.255,45.606,0.337,0,0.942,0,1,0,-0.942,0,0.337],"_humanoidState":5,"_cameraCFrame":[755.636,239.568,44.722,0.36,-0.919,0.162,0,0.174,0.985,-0.933,-0.354,0.062],"_shiftlockState":true,"_pose":"FreeFall","_animationQueue":[],"_animationSpeed":1,"_zoom":11.959},{"_mousePosition":[683,384],"_rootPartCFrame":[752.812,225.592,45.516,0.357,0,0.934,0,1,0,-0.934,0,0.357],"_humanoidState":5,"_cameraCFrame":[755.397,238.893,44.675,0.375,-0.913,0.161,0,0.174,0.985,-0.927,-0.37,0.065],"_shiftlockState":true,"_pose":"FreeFall","_animationQueue":[],"_animationSpeed":1,"_zoom":11.959},{"_mousePosition":[683,384],"_rootPartCFrame":[752.563,224.874,45.421,0.373,0,0.928,0,1,0,-0.928,0,0.373],"_humanoidState":5,"_cameraCFrame":[755.157,238.167,44.612,0.387,-0.908,0.16,0,0.174,0.985,-0.922,-0.381,0.067],"_shiftlockState":true,"_pose":"FreeFall","_animationQueue":[],"_animationSpeed":1,"_zoom":11.959},{"_mousePosition":[683,384],"_rootPartCFrame":[752.254,223.901,45.297,0.385,0,0.923,0,1,0,-0.923,0,0.385],"_humanoidState":5,"_cameraCFrame":[754.859,237.188,44.525,0.4,-0.902,0.159,0,0.174,0.985,-0.916,-0.394,0.07],"_shiftlockState":true,"_pose":"FreeFall","_animationQueue":[["fall",0.3]],"_animationSpeed":1,"_zoom":11.959},{"_mousePosition":[683,384],"_rootPartCFrame":[752.069,223.276,45.22,0.399,0,0.917,0,1,0,-0.917,0,0.399],"_humanoidState":5,"_cameraCFrame":[754.685,236.559,44.486,0.414,-0.897,0.158,0,0.174,0.985,-0.91,-0.407,0.072],"_shiftlockState":true,"_pose":"FreeFall","_animationQueue":[],"_animationSpeed":1,"_zoom":11.959},{"_mousePosition":[683,384],"_rootPartCFrame":[751.824,222.504,45.114,0.413,0,0.911,0,1,0,-0.911,0,0.413],"_humanoidState":7,"_cameraCFrame":[754.451,235.785,44.421,0.428,-0.89,0.157,0,0.174,0.985,-0.904,-0.421,0.074],"_shiftlockState":true,"_pose":"FreeFall","_animationQueue":[["walk",0.1],["fall",0.3],["fall",0.3]],"_animationSpeed":1,"_zoom":11.959},{"_mousePosition":[683,384],"_rootPartCFrame":[751.581,222.457,45.004,0.428,0,0.904,0,1,0,-0.904,0,0.428],"_humanoidState":7,"_cameraCFrame":[754.216,235.737,44.344,0.439,-0.885,0.156,0,0.174,0.985,-0.898,-0.433,0.076],"_shiftlockState":true,"_pose":"FreeFall","_animationQueue":[],"_animationSpeed":1,"_zoom":11.959},{"_mousePosition":[683,384],"_rootPartCFrame":[751.28,222.569,44.862,0.439,0,0.898,0,1,0,-0.898,0,0.439],"_humanoidState":8,"_cameraCFrame":[753.921,235.848,44.23,0.449,-0.88,0.155,0,0.174,0.985,-0.894,-0.442,0.078],"_shiftlockState":true,"_pose":"Running","_animationQueue":[["walk",0.1],["fall",0.3],["walk",0.1]],"_animationSpeed":1.103,"_zoom":11.959},{"_mousePosition":[683,384],"_rootPartCFrame":[751.04,222.628,44.745,0.449,0,0.894,0,1,0,-0.894,0,0.449],"_humanoidState":8,"_cameraCFrame":[753.683,235.906,44.121,0.451,-0.879,0.155,0,0.174,0.985,-0.892,-0.445,0.078],"_shiftlockState":true,"_pose":"Running","_animationQueue":[],"_animationSpeed":1.103,"_zoom":11.959},{"_mousePosition":[683,384],"_rootPartCFrame":[750.802,222.66,44.626,0.452,0,0.892,0,1,0,-0.892,0,0.452],"_humanoidState":8,"_cameraCFrame":[753.445,235.938,44.002,0.451,-0.879,0.155,0,0.174,0.985,-0.892,-0.445,0.078],"_shiftlockState":true,"_pose":"Running","_animationQueue":[],"_animationSpeed":1.103,"_zoom":11.959},{"_mousePosition":[683,384],"_rootPartCFrame":[750.564,222.678,44.505,0.452,0,0.892,0,1,0,-0.892,0,0.452],"_humanoidState":8,"_cameraCFrame":[753.204,235.956,43.871,0.448,-0.881,0.155,0,0.174,0.985,-0.894,-0.441,0.078],"_shiftlockState":true,"_pose":"Running","_animationQueue":[["walk",0.1]],"_animationSpeed":1.103,"_zoom":11.959},{"_mousePosition":[683,384],"_rootPartCFrame":[750.326,222.688,44.385,0.448,0,0.894,0,1,0,-0.894,0,0.448],"_humanoidState":8,"_cameraCFrame":[752.944,235.965,43.665,0.418,-0.894,0.158,0,0.174,0.985,-0.908,-0.412,0.073],"_shiftlockState":true,"_pose":"Running","_animationQueue":[],"_animationSpeed":1.103,"_zoom":11.959},{"_mousePosition":[683,384],"_rootPartCFrame":[750.087,222.693,44.266,0.419,0,0.908,0,1,0,-0.908,0,0.419],"_humanoidState":8,"_cameraCFrame":[752.654,235.971,43.38,0.36,-0.919,0.162,0,0.174,0.985,-0.933,-0.354,0.062],"_shiftlockState":true,"_pose":"Running","_animationQueue":[],"_animationSpeed":1.103,"_zoom":11.959},{"_mousePosition":[683,384],"_rootPartCFrame":[749.846,222.696,44.153,0.36,0,0.933,0,1,0,-0.933,0,0.36],"_humanoidState":8,"_cameraCFrame":[752.312,235.973,43.016,0.265,-0.95,0.167,0,0.174,0.985,-0.964,-0.261,0.046],"_shiftlockState":true,"_pose":"Running","_animationQueue":[],"_animationSpeed":1.103,"_zoom":11.959},{"_mousePosition":[683,384],"_rootPartCFrame":[749.69,222.698,43.956,0.265,0,0.964,0,1,0,-0.964,0,0.265],"_humanoidState":8,"_cameraCFrame":[751.984,235.975,42.502,0.135,-0.976,0.172,0,0.174,0.985,-0.991,-0.133,0.023],"_shiftlockState":true,"_pose":"Running","_animationQueue":[],"_animationSpeed":1.103,"_zoom":11.959},{"_mousePosition":[683,384],"_rootPartCFrame":[749.56,222.699,43.724,0.129,0,0.992,0,1,0,-0.992,0,0.129],"_humanoidState":8,"_cameraCFrame":[751.572,235.976,41.9,-0.036,-0.984,0.174,0,0.174,0.985,-0.999,0.036,-0.006],"_shiftlockState":true,"_pose":"Running","_animationQueue":[],"_animationSpeed":1.103,"_zoom":11.959},{"_mousePosition":[683,384],"_rootPartCFrame":[749.403,222.699,43.509,-0.046,0,0.999,0,1,0,-0.999,0,-0.046],"_humanoidState":8,"_cameraCFrame":[750.98,235.976,41.298,-0.248,-0.954,0.168,0,0.174,0.985,-0.969,0.245,-0.043],"_shiftlockState":true,"_pose":"Running","_animationQueue":[["walk",0.1]],"_animationSpeed":1.103,"_zoom":11.959},{"_mousePosition":[683,384],"_rootPartCFrame":[749.438,222.699,43.182,-0.248,0.001,0.969,0,1,-0.001,-0.969,0,-0.248],"_humanoidState":8,"_cameraCFrame":[750.57,235.976,40.712,-0.427,-0.89,0.157,0,0.174,0.985,-0.904,0.421,-0.074],"_shiftlockState":true,"_pose":"Running","_animationQueue":[],"_animationSpeed":1.103,"_zoom":11.959},{"_mousePosition":[683,384],"_rootPartCFrame":[749.397,222.699,42.988,-0.435,0,0.9,0,1,0,-0.9,0,-0.435],"_humanoidState":8,"_cameraCFrame":[749.983,235.977,40.336,-0.608,-0.782,0.138,0,0.174,0.985,-0.794,0.598,-0.106],"_shiftlockState":true,"_pose":"Running","_animationQueue":[],"_animationSpeed":1.103,"_zoom":11.959},{"_mousePosition":[683,384],"_rootPartCFrame":[749.315,222.648,42.665,-0.62,0,0.785,0,1,0,-0.785,0,-0.62],"_humanoidState":8,"_cameraCFrame":[749.461,235.926,39.953,-0.729,-0.674,0.119,0,0.174,0.985,-0.685,0.718,-0.127],"_shiftlockState":true,"_pose":"Running","_animationQueue":[],"_animationSpeed":1.103,"_zoom":11.959},{"_mousePosition":[683,384],"_rootPartCFrame":[749.265,222.577,42.471,-0.735,0,0.678,0,1,0,-0.678,0,-0.735],"_humanoidState":8,"_cameraCFrame":[749.073,235.854,39.762,-0.808,-0.58,0.102,0,0.174,0.985,-0.589,0.796,-0.14],"_shiftlockState":true,"_pose":"Running","_animationQueue":[],"_animationSpeed":1.103,"_zoom":11.959},{"_mousePosition":[683,384],"_rootPartCFrame":[749.199,222.434,42.212,-0.816,0,0.579,0,1,0,-0.579,0,-0.816],"_humanoidState":8,"_cameraCFrame":[748.703,235.711,39.542,-0.869,-0.486,0.086,0,0.174,0.985,-0.494,0.856,-0.151],"_shiftlockState":true,"_pose":"Running","_animationQueue":[],"_animationSpeed":1.103,"_zoom":11.959},{"_mousePosition":[683,384],"_rootPartCFrame":[749.116,223.518,41.89,-0.877,0,0.48,0,1,0,-0.48,0,-0.877],"_humanoidState":3,"_cameraCFrame":[748.449,236.793,39.249,-0.9,-0.429,0.076,0,0.174,0.985,-0.436,0.886,-0.157],"_shiftlockState":true,"_pose":"Jumping","_animationQueue":[["walk",0.1],["walk",0.1],["jump",0.1]],"_animationSpeed":1,"_zoom":11.959},{"_mousePosition":[683,384],"_rootPartCFrame":[749.03,224.326,41.646,-0.858,0,0.513,0,1,0,-0.513,0,-0.858],"_humanoidState":5,"_cameraCFrame":[748.222,237.6,39.039,-0.923,-0.379,0.067,0,0.175,0.985,-0.385,0.909,-0.162],"_shiftlockState":true,"_pose":"FreeFall","_animationQueue":[["jump",0.1]],"_animationSpeed":1,"_zoom":11.959},{"_mousePosition":[683,384],"_rootPartCFrame":[748.945,224.897,41.48,-0.882,0,0.471,0,1,0,-0.471,0,-0.882],"_humanoidState":5,"_cameraCFrame":[748.008,238.174,38.931,-0.94,-0.336,0.059,0,0.174,0.985,-0.341,0.926,-0.163],"_shiftlockState":true,"_pose":"FreeFall","_animationQueue":[],"_animationSpeed":1,"_zoom":11.959},{"_mousePosition":[683,384],"_rootPartCFrame":[748.767,225.78,41.236,-0.871,0,0.491,0,1,0,-0.491,0,-0.871],"_humanoidState":5,"_cameraCFrame":[747.753,239.057,38.717,-0.95,-0.308,0.054,0,0.174,0.985,-0.312,0.936,-0.165],"_shiftlockState":true,"_pose":"FreeFall","_animationQueue":[],"_animationSpeed":1,"_zoom":11.959},{"_mousePosition":[683,384],"_rootPartCFrame":[748.638,226.268,41.11,-0.914,0,0.406,0,1,0,-0.406,0,-0.914],"_humanoidState":5,"_cameraCFrame":[747.532,239.545,38.63,-0.961,-0.273,0.048,0,0.174,0.985,-0.277,0.946,-0.167],"_shiftlockState":true,"_pose":"FreeFall","_animationQueue":[],"_animationSpeed":1,"_zoom":11.959},{"_mousePosition":[683,384],"_rootPartCFrame":[748.442,226.872,40.967,-0.915,0,0.402,0,1,0,-0.402,0,-0.915],"_humanoidState":5,"_cameraCFrame":[747.256,240.149,38.524,-0.969,-0.242,0.043,0,0.174,0.985,-0.246,0.955,-0.168],"_shiftlockState":true,"_pose":"FreeFall","_animationQueue":[],"_animationSpeed":1,"_zoom":11.959},{"_mousePosition":[683,384],"_rootPartCFrame":[748.219,227.422,40.853,-0.928,0,0.373,0,1,0,-0.373,0,-0.928],"_humanoidState":5,"_cameraCFrame":[746.96,240.699,38.447,-0.976,-0.213,0.038,0,0.174,0.985,-0.216,0.961,-0.17],"_shiftlockState":true,"_pose":"FreeFall","_animationQueue":[],"_animationSpeed":1,"_zoom":11.959},{"_mousePosition":[683,384],"_rootPartCFrame":[747.908,228.032,40.754,-0.927,0,0.375,0,1,0,-0.375,0,-0.927],"_humanoidState":5,"_cameraCFrame":[746.584,241.309,38.383,-0.982,-0.187,0.033,0,0.174,0.985,-0.19,0.967,-0.17],"_shiftlockState":true,"_pose":"FreeFall","_animationQueue":[],"_animationSpeed":1,"_zoom":11.959},{"_mousePosition":[683,384],"_rootPartCFrame":[747.713,228.357,40.71,-0.958,0,0.287,0,1,0,-0.287,0,-0.958],"_humanoidState":5,"_cameraCFrame":[746.308,241.634,38.386,-0.988,-0.153,0.027,0,0.174,0.985,-0.156,0.973,-0.172],"_shiftlockState":true,"_pose":"FreeFall","_animationQueue":[],"_animationSpeed":1,"_zoom":11.959},{"_mousePosition":[683,384],"_rootPartCFrame":[747.386,228.831,40.645,-0.948,0,0.317,0,1,0,-0.317,0,-0.948],"_humanoidState":5,"_cameraCFrame":[745.94,242.108,38.347,-0.99,-0.136,0.024,0,0.174,0.985,-0.138,0.975,-0.172],"_shiftlockState":true,"_pose":"FreeFall","_animationQueue":[],"_animationSpeed":1,"_zoom":11.959},{"_mousePosition":[683,384],"_rootPartCFrame":[747.189,229.075,40.613,-0.972,0,0.236,0,1,0,-0.236,0,-0.972],"_humanoidState":5,"_cameraCFrame":[745.712,242.352,38.334,-0.992,-0.123,0.022,0,0.174,0.985,-0.125,0.977,-0.172],"_shiftlockState":true,"_pose":"FreeFall","_animationQueue":[],"_animationSpeed":1,"_zoom":11.959},{"_mousePosition":[683,384],"_rootPartCFrame":[746.925,229.352,40.575,-0.967,0,0.255,0,1,0,-0.255,0,-0.967],"_humanoidState":5,"_cameraCFrame":[745.431,242.629,38.308,-0.993,-0.116,0.02,0,0.174,0.985,-0.117,0.978,-0.172],"_shiftlockState":true,"_pose":"FreeFall","_animationQueue":[],"_animationSpeed":1,"_zoom":11.959},{"_mousePosition":[683,384],"_rootPartCFrame":[746.66,229.574,40.542,-0.969,0,0.248,0,1,0,-0.248,0,-0.969],"_humanoidState":5,"_cameraCFrame":[745.15,242.852,38.285,-0.994,-0.108,0.019,0,0.174,0.985,-0.11,0.979,-0.173],"_shiftlockState":true,"_pose":"FreeFall","_animationQueue":[],"_animationSpeed":1,"_zoom":11.959},{"_mousePosition":[683,384],"_rootPartCFrame":[746.396,229.742,40.51,-0.97,0,0.241,0,1,0,-0.241,0,-0.97],"_humanoidState":5,"_cameraCFrame":[744.861,243.02,38.269,-0.995,-0.098,0.017,0,0.174,0.985,-0.1,0.98,-0.173],"_shiftlockState":true,"_pose":"FreeFall","_animationQueue":[],"_animationSpeed":1,"_zoom":11.959},{"_mousePosition":[683,384],"_rootPartCFrame":[746.131,229.856,40.48,-0.973,0,0.231,0,1,0,-0.231,0,-0.973],"_humanoidState":5,"_cameraCFrame":[744.561,243.133,38.264,-0.996,-0.083,0.015,0,0.174,0.985,-0.084,0.981,-0.173],"_shiftlockState":true,"_pose":"FreeFall","_animationQueue":[],"_animationSpeed":1,"_zoom":11.959},{"_mousePosition":[683,384],"_rootPartCFrame":[745.865,229.915,40.453,-0.976,0,0.216,0,1,0,-0.216,0,-0.976],"_humanoidState":5,"_cameraCFrame":[744.268,243.192,38.257,-0.997,-0.07,0.012,0,0.174,0.985,-0.071,0.982,-0.173],"_shiftlockState":true,"_pose":"FreeFall","_animationQueue":[],"_animationSpeed":1,"_zoom":11.959},{"_mousePosition":[683,384],"_rootPartCFrame":[745.6,229.92,40.43,-0.979,0,0.203,0,1,0,-0.203,0,-0.979],"_humanoidState":5,"_cameraCFrame":[743.984,243.197,38.247,-0.998,-0.062,0.011,0,0.174,0.985,-0.063,0.98