[{"_mousePosition":[122,348],"_rootPartCFrame":[776.031,222.984,47.142,0,-0.003,1,0,1,0.003,-1,0,0],"_humanoidState":8,"_cameraCFrame":[776.837,240.356,44.417,-0.958,-0.281,0.05,0,0.176,0.984,-0.285,0.943,-0.169],"_shiftlockState":false,"_pose":"Standing","_animationQueue":[],"_animationSpeed":1,"_zoom":16.125},{"_mousePosition":[122,348],"_rootPartCFrame":[775.795,222.852,47.072,0.04,0,0.999,0,1,0,-0.999,0,0.04],"_humanoidState":8,"_cameraCFrame":[776.605,240.224,44.347,-0.958,-0.281,0.05,0,0.176,0.984,-0.285,0.943,-0.169],"_shiftlockState":false,"_pose":"Standing","_animationQueue":[],"_animationSpeed":1,"_zoom":16.125},{"_mousePosition":[122,348],"_rootPartCFrame":[775.54,222.68,46.996,0.074,0,0.997,0,1,0,-0.997,0,0.074],"_humanoidState":8,"_cameraCFrame":[776.351,240.052,44.271,-0.958,-0.281,0.05,0,0.176,0.984,-0.285,0.943,-0.169],"_shiftlockState":false,"_pose":"Running","_animationQueue":[["walk",0.1]],"_animationSpeed":1.066,"_zoom":16.125},{"_mousePosition":[122,348],"_rootPartCFrame":[775.284,222.656,46.92,0.103,0,0.995,0,1,0,-0.995,0,0.103],"_humanoidState":8,"_cameraCFrame":[776.095,240.028,44.195,-0.958,-0.281,0.05,0,0.176,0.984,-0.285,0.943,-0.169],"_shiftlockState":false,"_pose":"Running","_animationQueue":[],"_animationSpeed":1.066,"_zoom":16.125},{"_mousePosition":[122,348],"_rootPartCFrame":[775.029,222.671,46.844,0.128,0,0.992,0,1,0,-0.992,0,0.128],"_humanoidState":8,"_cameraCFrame":[775.84,240.043,44.119,-0.958,-0.281,0.05,0,0.176,0.984,-0.285,0.943,-0.169],"_shiftlockState":false,"_pose":"Running","_animationQueue":[],"_animationSpeed":1.066,"_zoom":16.125},{"_mousePosition":[122,349],"_rootPartCFrame":[774.773,222.683,46.768,0.15,0,0.989,0,1,0,-0.989,0,0.15],"_humanoidState":8,"_cameraCFrame":[775.584,240.056,44.043,-0.958,-0.281,0.05,0,0.176,0.984,-0.285,0.943,-0.169],"_shiftlockState":false,"_pose":"Running","_animationQueue":[],"_animationSpeed":1.066,"_zoom":16.125},{"_mousePosition":[122,350],"_rootPartCFrame":[774.517,222.691,46.692,0.168,0,0.986,0,1,0,-0.986,0,0.168],"_humanoidState":8,"_cameraCFrame":[775.328,240.063,43.967,-0.958,-0.281,0.05,0,0.176,0.984,-0.285,0.943,-0.169],"_shiftlockState":false,"_pose":"Running","_animationQueue":[],"_animationSpeed":1.066,"_zoom":16.125},{"_mousePosition":[122,351],"_rootPartCFrame":[774.262,222.695,46.615,0.184,0,0.983,0,1,0,-0.983,0,0.184],"_humanoidState":8,"_cameraCFrame":[775.073,240.067,43.891,-0.958,-0.281,0.05,0,0.176,0.984,-0.285,0.943,-0.169],"_shiftlockState":false,"_pose":"Running","_animationQueue":[],"_animationSpeed":1.066,"_zoom":16.125},{"_mousePosition":[122,352],"_rootPartCFrame":[774.006,222.697,46.539,0.198,0,0.98,0,1,0,-0.98,0,0.198],"_humanoidState":8,"_cameraCFrame":[774.817,240.07,43.815,-0.958,-0.281,0.05,0,0.176,0.984,-0.285,0.943,-0.169],"_shiftlockState":false,"_pose":"Running","_animationQueue":[["walk",0.1]],"_animationSpeed":1.066,"_zoom":16.125},{"_mousePosition":[122,353],"_rootPartCFrame":[773.751,222.698,46.463,0.21,0,0.978,0,1,0,-0.978,0,0.21],"_humanoidState":8,"_cameraCFrame":[774.561,240.071,43.739,-0.958,-0.281,0.05,0,0.176,0.984,-0.285,0.943,-0.169],"_shiftlockState":false,"_pose":"Running","_animationQueue":[],"_animationSpeed":1.066,"_zoom":16.125},{"_mousePosition":[122,354],"_rootPartCFrame":[773.495,222.699,46.387,0.22,0,0.975,0,1,0,-0.975,0,0.22],"_humanoidState":8,"_cameraCFrame":[772.629,240.071,43.163,-0.958,-0.281,0.05,0,0.176,0.984,-0.285,0.943,-0.169],"_shiftlockState":true,"_pose":"Running","_animationQueue":[],"_animationSpeed":1.066,"_zoom":16.125},{"_mousePosition":[683,384],"_rootPartCFrame":[773.239,222.699,46.311,-0.98,0,0.198,0,1,0,-0.198,0,-0.98],"_humanoidState":8,"_cameraCFrame":[772.373,240.072,43.087,-0.958,-0.281,0.05,0,0.176,0.984,-0.285,0.943,-0.169],"_shiftlockState":true,"_pose":"Running","_animationQueue":[],"_animationSpeed":1.066,"_zoom":16.125},{"_mousePosition":[683,384],"_rootPartCFrame":[772.984,222.699,46.235,-0.961,0,0.276,0,1,0,-0.276,0,-0.961],"_humanoidState":8,"_cameraCFrame":[772.121,240.079,43.048,-0.957,-0.286,0.05,0,0.174,0.985,-0.29,0.942,-0.166],"_shiftlockState":true,"_pose":"Running","_animationQueue":[],"_animationSpeed":1.066,"_zoom":16.125},{"_mousePosition":[683,384],"_rootPartCFrame":[772.728,222.7,46.159,-0.957,0,0.29,0,1,0,-0.29,0,-0.957],"_humanoidState":8,"_cameraCFrame":[771.898,240.08,42.963,-0.954,-0.295,0.052,0,0.174,0.985,-0.3,0.94,-0.166],"_shiftlockState":true,"_pose":"Running","_animationQueue":[],"_animationSpeed":1.066,"_zoom":16.125},{"_mousePosition":[683,384],"_rootPartCFrame":[772.473,222.7,46.082,-0.954,0,0.3,0,1,0,-0.3,0,-0.954],"_humanoidState":8,"_cameraCFrame":[771.675,240.08,42.878,-0.951,-0.305,0.054,0,0.174,0.985,-0.309,0.936,-0.165],"_shiftlockState":true,"_pose":"Running","_animationQueue":[],"_animationSpeed":1.066,"_zoom":16.125},{"_mousePosition":[683,384],"_rootPartCFrame":[772.218,222.7,46.002,-0.951,0,0.309,0,1,0,-0.309,0,-0.951],"_humanoidState":8,"_cameraCFrame":[771.469,240.08,42.786,-0.946,-0.319,0.056,0,0.174,0.985,-0.324,0.932,-0.164],"_shiftlockState":true,"_pose":"Running","_animationQueue":[["walk",0.1]],"_animationSpeed":1.066,"_zoom":16.125},{"_mousePosition":[683,384],"_rootPartCFrame":[771.901,222.7,45.899,-0.946,0,0.324,0,1,0,-0.324,0,-0.946],"_humanoidState":8,"_cameraCFrame":[771.201,240.08,42.672,-0.941,-0.333,0.059,0,0.174,0.985,-0.338,0.927,-0.163],"_shiftlockState":true,"_pose":"Running","_animationQueue":[],"_animationSpeed":1.066,"_zoom":16.125},{"_mousePosition":[683,384],"_rootPartCFrame":[771.649,222.7,45.814,-0.941,0,0.338,0,1,0,-0.338,0,-0.941],"_humanoidState":8,"_cameraCFrame":[770.998,240.08,42.576,-0.936,-0.347,0.061,0,0.174,0.985,-0.352,0.922,-0.163],"_shiftlockState":true,"_pose":"Running","_animationQueue":[],"_animationSpeed":1.066,"_zoom":16.125},{"_mousePosition":[683,384],"_rootPartCFrame":[771.398,222.7,45.724,-0.936,0,0.352,0,1,0,-0.352,0,-0.936],"_humanoidState":8,"_cameraCFrame":[770.796,240.08,42.477,-0.93,-0.361,0.064,0,0.174,0.985,-0.367,0.916,-0.162],"_shiftlockState":true,"_pose":"Running","_animationQueue":[],"_animationSpeed":1.066,"_zoom":16.125},{"_mousePosition":[683,384],"_rootPartCFrame":[771.148,222.7,45.631,-0.93,0,0.367,0,1,0,-0.367,0,-0.93],"_humanoidState":8,"_cameraCFrame":[770.604,240.08,42.374,-0.924,-0.377,0.067,0,0.174,0.985,-0.383,0.91,-0.16],"_shiftlockState":true,"_pose":"Running","_animationQueue":[],"_animationSpeed":1.066,"_zoom":16.125},{"_mousePosition":[683,384],"_rootPartCFrame":[770.899,222.7,45.533,-0.924,0,0.383,0,1,0,-0.383,0,-0.924],"_humanoidState":8,"_cameraCFrame":[770.413,240.08,42.267,-0.917,-0.393,0.069,0,0.174,0.985,-0.399,0.903,-0.159],"_shiftlockState":true,"_pose":"Running","_animationQueue":[],"_animationSpeed":1.066,"_zoom":16.125},{"_mousePosition":[683,384],"_rootPartCFrame":[770.653,222.7,45.432,-0.917,0,0.399,0,1,0,-0.399,0,-0.917],"_humanoidState":8,"_cameraCFrame":[770.233,240.08,42.157,-0.909,-0.411,0.073,0,0.174,0.985,-0.418,0.895,-0.158],"_shiftlockState":true,"_pose":"Running","_animationQueue":[["walk",0.1]],"_animationSpeed":1.066,"_zoom":16.125},{"_mousePosition":[683,384],"_rootPartCFrame":[770.408,222.7,45.326,-0.909,0,0.418,0,1,0,-0.418,0,-0.909],"_humanoidState":8,"_cameraCFrame":[770.063,240.08,42.042,-0.899,-0.432,0.076,0,0.174,0.985,-0.438,0.885,-0.156],"_shiftlockState":true,"_pose":"Running","_animationQueue":[],"_animationSpeed":1.066,"_zoom":16.125},{"_mousePosition":[683,384],"_rootPartCFrame":[770.165,222.7,45.215,-0.899,0,0.438,0,1,0,-0.438,0,-0.899],"_humanoidState":8,"_cameraCFrame":[769.928,240.08,41.922,-0.884,-0.461,0.081,0,0.174,0.985,-0.468,0.87,-0.153],"_shiftlockState":true,"_pose":"Running","_animationQueue":[],"_animationSpeed":1.066,"_zoom":16.125},{"_mousePosition":[683,384],"_rootPartCFrame":[769.923,223.573,45.104,-0.884,0,0.468,0,1,0,-0.468,0,-0.884],"_humanoidState":3,"_cameraCFrame":[769.752,240.953,41.807,-0.874,-0.478,0.084,0,0.174,0.985,-0.485,0.861,-0.152],"_shiftlockState":true,"_pose":"Jumping","_animationQueue":[["walk",0.1],["jump",0.1]],"_animationSpeed":1,"_zoom":16.125},{"_mousePosition":[683,384],"_rootPartCFrame":[769.686,224.395,44.981,-0.826,0,0.564,0,1,0,-0.564,0,-0.826],"_humanoidState":5,"_cameraCFrame":[769.566,241.775,41.682,-0.867,-0.491,0.087,0,0.174,0.985,-0.499,0.854,-0.151],"_shiftlockState":true,"_pose":"FreeFall","_animationQueue":[["jump",0.1]],"_animationSpeed":1,"_zoom":16.125},{"_mousePosition":[683,384],"_rootPartCFrame":[769.453,225.162,44.853,-0.796,0,0.606,0,1,0,-0.606,0,-0.796],"_humanoidState":5,"_cameraCFrame":[769.366,242.542,41.552,-0.862,-0.5,0.088,0,0.174,0.985,-0.507,0.849,-0.15],"_shiftlockState":true,"_pose":"FreeFall","_animationQueue":[],"_animationSpeed":1,"_zoom":16.125},{"_mousePosition":[683,384],"_rootPartCFrame":[769.221,225.875,44.72,-0.787,0,0.617,0,1,0,-0.617,0,-0.787],"_humanoidState":5,"_cameraCFrame":[769.143,243.255,41.419,-0.86,-0.502,0.088,0,0.174,0.985,-0.51,0.847,-0.149],"_shiftlockState":true,"_pose":"FreeFall","_animationQueue":[],"_animationSpeed":1,"_zoom":16.125},{"_mousePosition":[683,384],"_rootPartCFrame":[768.991,226.534,44.585,-0.785,0,0.619,0,1,0,-0.619,0,-0.785],"_humanoidState":5,"_cameraCFrame":[768.913,243.914,41.284,-0.86,-0.502,0.088,0,0.174,0.985,-0.51,0.847,-0.149],"_shiftlockState":true,"_pose":"FreeFall","_animationQueue":[],"_animationSpeed":1,"_zoom":16.125},{"_mousePosition":[683,384],"_rootPartCFrame":[768.762,227.138,44.449,-0.785,0,0.619,0,1,0,-0.619,0,-0.785],"_humanoidState":5,"_cameraCFrame":[768.683,244.518,41.148,-0.86,-0.502,0.088,0,0.174,0.985,-0.51,0.847,-0.149],"_shiftlockState":true,"_pose":"FreeFall","_animationQueue":[],"_animationSpeed":1,"_zoom":16.125},{"_mousePosition":[683,384],"_rootPartCFrame":[768.59,227.555,44.348,-0.805,0,0.593,0,1,0,-0.593,0,-0.805],"_humanoidState":5,"_cameraCFrame":[768.511,244.935,41.046,-0.86,-0.502,0.088,0,0.174,0.985,-0.51,0.847,-0.149],"_shiftlockState":true,"_pose":"FreeFall","_animationQueue":[],"_animationSpeed":1,"_zoom":16.125},{"_mousePosition":[683,384],"_rootPartCFrame":[768.303,228.182,44.178,-0.764,0,0.645,0,1,0,-0.645,0,-0.764],"_humanoidState":5,"_cameraCFrame":[768.224,245.562,40.877,-0.86,-0.502,0.088,0,0.174,0.985,-0.51,0.847,-0.149],"_shiftlockState":true,"_pose":"FreeFall","_animationQueue":[],"_animationSpeed":1,"_zoom":16.125},{"_mousePosition":[683,384],"_rootPartCFrame":[768.073,228.623,44.042,-0.785,0,0.619,0,1,0,-0.619,0,-0.785],"_humanoidState":5,"_cameraCFrame":[768.011,246.003,40.74,-0.858,-0.506,0.089,0,0.174,0.985,-0.514,0.845,-0.149],"_shiftlockState":true,"_pose":"FreeFall","_animationQueue":[],"_animationSpeed":1,"_zoom":16.125},{"_mousePosition":[683,384],"_rootPartCFrame":[767.844,229.009,43.906,-0.782,0,0.623,0,1,0,-0.623,0,-0.782],"_humanoidState":5,"_cameraCFrame":[767.782,246.389,40.604,-0.858,-0.506,0.089,0,0.174,0.985,-0.514,0.845,-0.149],"_shiftlockState":true,"_pose":"FreeFall","_animationQueue":[],"_animationSpeed":1,"_zoom":16.125},{"_mousePosition":[683,384],"_rootPartCFrame":[767.615,229.34,43.769,-0.782,0,0.623,0,1,0,-0.623,0,-0.782],"_humanoidState":5,"_cameraCFrame":[767.553,246.72,40.468,-0.858,-0.506,0.089,0,0.174,0.985,-0.514,0.845,-0.149],"_shiftlockState":true,"_pose":"FreeFall","_animationQueue":[],"_animationSpeed":1,"_zoom":16.125},{"_mousePosition":[683,384],"_rootPartCFrame":[767.444,229.553,43.666,-0.802,0,0.597,0,1,0,-0.597,0,-0.802],"_humanoidState":5,"_cameraCFrame":[767.382,246.933,40.365,-0.858,-0.506,0.089,0,0.174,0.985,-0.514,0.845,-0.149],"_shiftlockState":true,"_pose":"FreeFall","_animationQueue":[],"_animationSpeed":1,"_zoom":16.125},{"_mousePosition":[683,384],"_rootPartCFrame":[767.215,229.789,43.529,-0.782,0,0.623,0,1,0,-0.623,0,-0.782],"_humanoidState":5,"_cameraCFrame":[767.153,247.169,40.228,-0.858,-0.506,0.089,0,0.174,0.985,-0.514,0.845,-0.149],"_shiftlockState":true,"_pose":"FreeFall","_animationQueue":[],"_animationSpeed":1,"_zoom":16.125},{"_mousePosition":[683,384],"_rootPartCFrame":[766.929,230.008,43.358,-0.761,0,0.649,0,1,0,-0.649,0,-0.761],"_humanoidState":5,"_cameraCFrame":[766.867,247.388,40.056,-0.858,-0.506,0.089,0,0.174,0.985,-0.514,0.845,-0.149],"_shiftlockState":true,"_pose":"FreeFall","_animationQueue":[],"_animationSpeed":1,"_zoom":16.125},{"_mousePosition":[683,384],"_rootPartCFrame":[766.7,230.122,43.221,-0.782,0,0.623,0,1,0,-0.623,0,-0.782],"_humanoidState":5,"_cameraCFrame":[766.638,247.502,39.919,-0.858,-0.506,0.089,0,0.174,0.985,-0.514,0.845,-0.149],"_shiftlockState":true,"_pose":"FreeFall","_animationQueue":[],"_animationSpeed":1,"_zoom":16.125},{"_mousePosition":[683,384],"_rootPartCFrame":[766.471,230.181,43.084,-0.782,0,0.623,0,1,0,-0.623,0,-0.782],"_humanoidState":5,"_cameraCFrame":[766.393,247.561,39.783,-0.86,-0.502,0.088,0,0.174,0.985,-0.51,0.847,-0.149],"_shiftlockState":true,"_pose":"FreeFall","_animationQueue":[],"_animationSpeed":1,"_zoom":16.125},{"_mousePosition":[683,384],"_rootPartCFrame":[766.243,230.185,42.947,-0.785,0,0.619,0,1,0,-0.619,0,-0.785],"_humanoidState":5,"_cameraCFrame":[766.114,247.565,39.647,-0.868,-0.489,0.086,0,0.174,0.985,-0.497,0.855,-0.151],"_shiftlockState":true,"_pose":"FreeFall","_animationQueue":[],"_animationSpeed":1,"_zoom":16.125},{"_mousePosition":[683,384],"_rootPartCFrame":[766.013,230.135,42.811,-0.794,0,0.607,0,1,0,-0.607,0,-0.794],"_humanoidState":5,"_cameraCFrame":[765.826,247.515,39.514,-0.877,-0.474,0.084,0,0.174,0.985,-0.481,0.863,-0.152],"_shiftlockState":true,"_pose":"FreeFall","_animationQueue":[["fall",0.3]],"_animationSpeed":1,"_zoom":16.125},{"_mousePosition":[683,384],"_rootPartCFrame":[765.782,230.031,42.678,-0.805,0,0.593,0,1,0,-0.593,0,-0.805],"_humanoidState":5,"_cameraCFrame":[765.528,247.411,39.385,-0.886,-0.456,0.08,0,0.174,0.985,-0.463,0.873,-0.154],"_shiftlockState":true,"_pose":"FreeFall","_animationQueue":[],"_animationSpeed":1,"_zoom":16.125},{"_mousePosition":[683,384],"_rootPartCFrame":[765.549,229.872,42.549,-0.817,0,0.577,0,1,0,-0.577,0,-0.817],"_humanoidState":5,"_cameraCFrame":[765.245,247.252,39.261,-0.893,-0.443,0.078,0,0.174,0.985,-0.45,0.88,-0.155],"_shiftlockState":true,"_pose":"FreeFall","_animationQueue":[],"_animationSpeed":1,"_zoom":16.125},{"_mousePosition":[683,384],"_rootPartCFrame":[765.313,229.658,42.425,-0.826,0,0.564,0,1,0,-0.564,0,-0.826],"_humanoidState":5,"_cameraCFrame":[764.959,247.038,39.142,-0.9,-0.429,0.076,0,0.174,0.985,-0.436,0.886,-0.156],"_shiftlockState":true,"_pose":"FreeFall","_animationQueue":[],"_animationSpeed":1,"_zoom":16.125},{"_mousePosition":[683,384],"_rootPartCFrame":[765.075,229.39,42.304,-0.834,0,0.552,0,1,0,-0.552,0,-0.834],"_humanoidState":5,"_cameraCFrame":[764.671,246.77,39.027,-0.906,-0.416,0.073,0,0.174,0.985,-0.422,0.893,-0.157],"_shiftlockState":true,"_pose":"FreeFall","_animationQueue":[],"_animationSpeed":1,"_zoom":16.125},{"_mousePosition":[683,384],"_rootPartCFrame":[764.835,229.068,42.187,-0.842,0,0.539,0,1,0,-0.539,0,-0.842],"_humanoidState":5,"_cameraCFrame":[764.407,246.448,38.913,-0.91,-0.409,0.072,0,0.174,0.985,-0.415,0.896,-0.158],"_shiftlockState":true,"_pose":"FreeFall","_animationQueue":[],"_animationSpeed":1,"_zoom":16.125},{"_mousePosition":[683,384],"_rootPartCFrame":[764.594,228.691,42.074,-0.846,0,0.533,0,1,0,-0.533,0,-0.846],"_humanoidState":5,"_cameraCFrame":[764.165,246.071,38.8,-0.91,-0.409,0.072,0,0.174,0.985,-0.415,0.896,-0.158],"_shiftlockState":true,"_pose":"FreeFall","_animationQueue":[],"_animationSpeed":1,"_zoom":16.125},{"_mousePosition":[683,384],"_rootPartCFrame":[764.351,228.259,41.963,-0.846,0,0.533,0,1,0,-0.533,0,-0.846],"_humanoidState":5,"_cameraCFrame":[763.915,245.639,38.69,-0.911,-0.407,0.072,0,0.174,0.985,-0.413,0.897,-0.158],"_shiftlockState":true,"_pose":"FreeFall","_animationQueue":[["fall",0.3]],"_animationSpeed":1,"_zoom":16.125},{"_mousePosition":[683,384],"_rootPartCFrame":[764.109,227.773,41.852,-0.848,0,0.531,0,1,0,-0.531,0,-0.848],"_humanoidState":5,"_cameraCFrame":[763.672,245.153,38.579,-0.911,-0.407,0.072,0,0.174,0.985,-0.413,0.897,-0.158],"_shiftlockState":true,"_pose":"FreeFall","_animationQueue":[],"_animationSpeed":1,"_zoom":16.125},{"_mousePosition":[683,384],"_rootPartCFrame":[763.866,227.233,41.742,-0.848,0,0.531,0,1,0,-0.531,0,-0.848],"_humanoidState":5,"_cameraCFrame":[763.421,244.613,38.47,-0.912,-0.405,0.071,0,0.174,0.985,-0.411,0.898,-0.158],"_shiftlockState":true,"_pose":"FreeFall","_animationQueue":[],"_animationSpeed":1,"_zoom":16.125},{"_mousePosition":[683,384],"_rootPartCFrame":[763.623,226.638,41.632,-0.849,0,0.528,0,1,0,-0.528,0,-0.849],"_humanoidState":5,"_cameraCFrame":[763.178,244.018,38.36,-0.912,-0.405,0.071,0,0.174,0.985,-0.411,0.898,-0.158],"_shiftlockState":true,"_pose":"FreeFall","_animationQueue":[],"_animationSpeed":1,"_zoom":16.125},{"_mousePosition":[683,384],"_rootPartCFrame":[763.38,225.988,41.522,-0.849,0,0.528,0,1,0,-0.528,0,-0.849],"_humanoidState":5,"_cameraCFrame":[762.935,243.368,38.25,-0.912,-0.405,0.071,0,0.174,0.985,-0.411,0.898,-0.158],"_shiftlockState":true,"_pose":"FreeFall","_animationQueue":[],"_animationSpeed":1,"_zoom":16.125},{"_mousePosition":[683,384],"_rootPartCFrame":[763.137,225.284,41.412,-0.849,0,0.528,0,1,0,-0.528,0,-0.849],"_humanoidState":5,"_cameraCFrame":[762.733,242.664,38.135,-0.906,-0.416,0.073,0,0.174,0.985,-0.422,0.893,-0.157],"_shiftlockState":true,"_pose":"FreeFall","_animationQueue":[],"_animationSpeed":1,"_zoom":16.125},{"_mousePosition":[683,384],"_rootPartCFrame":[762.893,224.526,41.303,-0.842,0,0.539,0,1,0,-0.539,0,-0.842],"_humanoidState":5,"_cameraCFrame":[762.589,241.906,38.015,-0.893,-0.443,0.078,0,0.174,0.985,-0.45,0.88,-0.155],"_shiftlockState":true,"_pose":"FreeFall","_animationQueue":[["fall",0.3]],"_animationSpeed":1,"_zoom":16.125},{"_mousePosition":[683,384],"_rootPartCFrame":[762.651,223.713,41.191,-0.826,0,0.564,0,1,0,-0.564,0,-0.826],"_humanoidState":5,"_cameraCFrame":[762.506,241.093,37.892,-0.871,-0.485,0.085,0,0.174,0.985,-0.492,0.857,-0.151],"_shiftlockState":true,"_pose":"FreeFall","_animationQueue":[],"_animationSpeed":1,"_zoom":16.125},{"_mousePosition":[683,384],"_rootPartCFrame":[762.413,222.845,41.072,-0.85,0,0.528,0,1,0,-0.528,0,-0.85],"_humanoidState":7,"_cameraCFrame":[762.443,240.225,37.77,-0.843,-0.529,0.093,0,0.174,0.985,-0.538,0.83,-0.146],"_shiftlockState":true,"_pose":"FreeFall","_animationQueue":[["walk",0.1],["fall",0.3],["fall",0.3]],"_animationSpeed":1,"_zoom":16.125},{"_mousePosition":[683,384],"_rootPartCFrame":[762.18,222.433,40.942,-0.841,0,0.542,0,1,0,-0.542,0,-0.841],"_humanoidState":7,"_cameraCFrame":[762.368,239.813,37.646,-0.816,-0.569,0.1,0,0.174,0.985,-0.578,0.804,-0.142],"_shiftlockState":true,"_pose":"FreeFall","_animationQueue":[],"_animationSpeed":1,"_zoom":16.125},{"_mousePosition":[683,384],"_rootPartCFrame":[761.954,222.503,40.801,-0.816,0,0.578,0,1,0,-0.578,0,-0.816],"_humanoidState":8,"_cameraCFrame":[762.234,239.883,37.511,-0.8,-0.591,0.104,0,0.174,0.985,-0.6,0.788,-0.139],"_shiftlockState":true,"_pose":"Running","_animationQueue":[["walk",0.1],["fall",0.3],["walk",0.1]],"_animationSpeed":1.103,"_zoom":16.125},{"_mousePosition":[683,384],"_rootPartCFrame":[761.735,222.586,40.648,-0.8,0,0.6,0,1,0,-0.6,0,-0.8],"_humanoidState":8,"_cameraCFrame":[762.032,239.966,37.36,-0.797,-0.595,0.105,0,0.174,0.985,-0.604,0.785,-0.138],"_shiftlockState":true,"_pose":"Running","_animationQueue":[],"_animationSpeed":1.103,"_zoom":16.125},{"_mousePosition":[683,384],"_rootPartCFrame":[761.521,222.636,40.489,-0.797,0,0.604,0,1,0,-0.604,0,-0.797],"_humanoidState":8,"_cameraCFrame":[761.727,240.017,37.194,-0.813,-0.573,0.101,0,0.174,0.985,-0.582,0.801,-0.141],"_shiftlockState":true,"_pose":"Running","_animationQueue":[["walk",0.1]],"_animationSpeed":1.103,"_zoom":16.125},{"_mousePosition":[683,384],"_rootPartCFrame":[761.309,222.665,40.328,-0.813,0,0.582,0,1,0,-0.582,0,-0.813],"_humanoidState":8,"_cameraCFrame":[761.23,240.045,37.027,-0.86,-0.502,0.088,0,0.174,0.985,-0.51,0.847,-0.149],"_shiftlockState":true,"_pose":"Running","_animationQueue":[],"_animationSpeed":1.103,"_zoom":16.125},{"_mousePosition":[683,384],"_rootPartCFrame":[761.092,222.681,40.172,-0.86,0,0.51,0,1,0,-0.51,0,-0.86],"_humanoidState":8,"_cameraCFrame":[760.78,240.061,36.885,-0.894,-0.441,0.078,0,0.174,0.985,-0.447,0.881,-0.155],"_shiftlockState":true,"_pose":"Running","_animationQueue":[],"_animationSpeed":1.103,"_zoom":16.125},{"_mousePosition":[683,384],"_rootPartCFrame":[760.865,222.689,40.034,-0.894,0,0.447,0,1,0,-0.447,0,-0.894],"_humanoidState":8,"_cameraCFrame":[760.304,240.069,36.78,-0.926,-0.373,0.066,0,0.174,0.985,-0.378,0.912,-0.161],"_shiftlockState":true,"_pose":"Running","_animationQueue":[],"_animationSpeed":1.103,"_zoom":16.125},{"_mousePosition":[683,384],"_rootPartCFrame":[760.635,223.562,39.897,-0.926,0,0.378,0,1,0,-0.378,0,-0.926],"_humanoidState":3,"_cameraCFrame":[759.846,240.942,36.691,-0.95,-0.307,0.054,0,0.174,0.985,-0.312,0.936,-0.165],"_shiftlockState":true,"_pose":"Jumping","_animationQueue":[["walk",0.1],["jump",0.1]],"_animationSpeed":1,"_zoom":16.125},{"_mousePosition":[683,384],"_rootPartCFrame":[760.396,224.384,39.782,-0.917,0,0.398,0,1,0,-0.398,0,-0.917],"_humanoidState":5,"_cameraCFrame":[759.405,241.764,36.633,-0.968,-0.247,0.044,0,0.174,0.985,-0.251,0.953,-0.168],"_shiftlockState":true,"_pose":"FreeFall","_animationQueue":[["jump",0.1]],"_animationSpeed":1,"_zoom":16.125},{"_mousePosition":[683,384],"_rootPartCFrame":[760.207,224.965,39.716,-0.94,0,0.342,0,1,0,-0.342,0,-0.94],"_humanoidState":5,"_cameraCFrame":[759.058,242.345,36.62,-0.979,-0.199,0.035,0,0.174,0.985,-0.202,0.965,-0.17],"_shiftlockState":true,"_pose":"FreeFall","_animationQueue":[],"_animationSpeed":1,"_zoom":16.125},{"_mousePosition":[683,384],"_rootPartCFrame":[759.886,225.865,39.629,-0.933,0,0.361,0,1,0,-0.361,0,-0.933],"_humanoidState":5,"_cameraCFrame":[758.605,243.245,36.585,-0.987,-0.157,0.028,0,0.174,0.985,-0.16,0.972,-0.171],"_shiftlockState":true,"_pose":"FreeFall","_animationQueue":[],"_animationSpeed":1,"_zoom":16.125},{"_mousePosition":[683,384],"_rootPartCFrame":[759.625,226.524,39.573,-0.957,0,0.289,0,1,0,-0.289,0,-0.957],"_humanoidState":5,"_cameraCFrame":[758.222,243.904,36.584,-0.993,-0.118,0.021,0,0.174,0.985,-0.119,0.978,-0.172],"_shiftlockState":true,"_pose":"FreeFall","_animationQueue":[],"_animationSpeed":1,"_zoom":16.125},{"_mousePosition":[683,384],"_rootPartCFrame":[759.428,226.982,39.539,-0.976,0,0.218,0,1,0,-0.218,0,-0.976],"_humanoidState":5,"_cameraCFrame":[757.897,244.362,36.613,-0.997,-0.075,0.013,0,0.174,0.985,-0.077,0.982,-0.173],"_shiftlockState":true,"_pose":"FreeFall","_animationQueue":[],"_animationSpeed":1,"_zoom":16.125},{"_mousePosition":[683,384],"_rootPartCFrame":[759.097,227.677,39.498,-0.971,0,0.241,0,1,0,-0.241,0,-0.971],"_humanoidState":5,"_cameraCFrame":[757.442,245.057,36.64,-0.999,-0.033,0.006,0,0.174,0.985,-0.034,0.984,-0.174],"_shiftlockState":true,"_pose":"FreeFall","_animationQueue":[],"_animationSpeed":1,"_zoom":16.125},{"_mousePosition":[683,384],"_rootPartCFrame":[758.831,228.172,39.476,-0.986,0,0.166,0,1,0,-0.166,0,-0.986],"_humanoidState":5,"_cameraCFrame":[757.048,245.552,36.697,-1,0.012,-0.002,0,0.174,0.985,0.012,0.985,-0.174],"_shiftlockState":true,"_pose":"FreeFall","_animationQueue":[],"_animationSpeed":1,"_zoom":16.125},{"_mousePosition":[683,384],"_rootPartCFrame":[758.632,228.508,39.467,-0.996,0,0.088,0,1,0,-0.088,0,-0.996],"_humanoidState":5,"_cameraCFrame":[756.717,245.888,36.777,-0.998,0.059,-0.01,0,0.174,0.985,0.06,0.983,-0.173],"_shiftlockState":true,"_pose":"FreeFall","_animationQueue":[],"_animationSpeed":1,"_zoom":16.125},{"_mousePosition":[683,384],"_rootPartCFrame":[758.298,228.999,39.469,-0.994,0,0.106,0,1,0,-0.106,0,-0.994],"_humanoidState":5,"_cameraCFrame":[756.179,246.379,36.937,-0.99,0.136,-0.024,0,0.174,0.985,0.138,0.975,-0.172],"_shiftlockState":true,"_pose":"FreeFall","_animationQueue":[],"_animationSpeed":1,"_zoom":16.125},{"_mousePosition":[683,384],"_rootPartCFrame":[758.032,229.33,39.483,-1,0,-0.005,0,1,0,0.005,0,-1],"_humanoidState":5,"_cameraCFrame":[755.787,246.71,37.062,-0.982,0.185,-0.033,0,0.174,0.985,0.188,0.967,-0.171],"_shiftlockState":true,"_pose":"FreeFall","_animationQueue":[],"_animationSpeed":1,"_zoom":16.125},{"_mousePosition":[683,384],"_rootPartCFrame":[757.768,229.607,39.516,-0.998,0,-0.056,0,1,0,0.056,0,-0.998],"_humanoidState":5,"_cameraCFrame":[755.409,246.987,37.205,-0.972,0.231,-0.041,0,0.174,0.985,0.235,0.957,-0.169],"_shiftlockState":true,"_pose":"FreeFall","_animationQueue":[],"_animationSpeed":1,"_zoom":16.125},{"_mousePosition":[683,384],"_rootPartCFrame":[757.571,229.779,39.551,-0.991,0,-0.137,0,1,0,0.137,0,-0.991],"_humanoidState":5,"_cameraCFrame":[755.12,247.159,37.338,-0.962,0.27,-0.048,0,0.174,0.985,0.274,0.947,-0.167],"_shiftlockState":true,"_pose":"FreeFall","_animationQueue":[],"_animationSpeed":1,"_zoom":16.125},{"_mousePosition":[683,384],"_rootPartCFrame":[757.246,229.998,39.628,-0.994,0,-0.111,0,1,0,0.111,0,-0.994],"_humanoidState":5,"_cameraCFrame":[754.741,247.378,37.477,-0.954,0.294,-0.052,0,0.174,0.985,0.298,0.94,-0.166],"_shiftlockState":true,"_pose":"FreeFall","_animationQueue":[],"_animationSpeed":1,"_zoom":16.125},{"_mousePosition":[683,384],"_rootPartCFrame":[756.99,230.111,39.699,-0.986,0,-0.169,0,1,0,0.169,0,-0.986],"_humanoidState":5,"_cameraCFrame":[754.468,247.491,37.568,-0.952,0.301,-0.053,0,0.174,0.985,0.306,0.938,-0.165],"_shiftlockState":true,"_pose":"FreeFall","_animationQueue":[],"_animationSpeed":1,"_zoom":16.125},{"_mousePosition":[683,384],"_rootPartCFrame":[756.735,230.17,39.778,-0.984,0,-0.176,0,1,0,0.176,0,-0.984],"_humanoidState":5,"_cameraCFrame":[754.213,247.55,37.646,-0.952,0.301,-0.053,0,0.174,0.985,0.306,0.938,-0.165],"_shiftlockState":true,"_pose":"FreeFall","_animationQueue":[],"_animationSpeed":1,"_zoom":16.125},{"_mousePosition":[683,384],"_rootPartCFrame":[756.481,230.175,39.859,-0.984,0,-0.176,0,1,0,0.176,0,-0.984],"_humanoidState":5,"_cameraCFrame":[754.008,247.555,37.671,-0.959,0.279,-0.049,0,0.174,0.985,0.284,0.944,-0.167],"_shiftlockState":true,"_pose":"FreeFall","_animationQueue":[["fall",0.3]],"_animationSpeed":1,"_zoom":16.125},{"_mousePosition":[683,384],"_rootPartCFrame":[756.29,230.142,39.92,-0.982,0,-0.187,0,1,0,0.187,0,-0.982],"_humanoidState":5,"_cameraCFrame":[753.973,247.522,37.568,-0.976,0.214,-0.038,0,0.174,0.985,0.218,0.961,-0.169],"_shiftlockState":true,"_pose":"FreeFall","_animationQueue":[],"_animationSpeed":1,"_zoom":16.125},{"_mousePosition":[683,384],"_rootPartCFrame":[755.997,230.02,40.051,-0.996,0,-0.088,0,1,0,0.088,0,-0.996],"_humanoidState":5,"_cameraCFrame":[753.752,247.4,37.629,-0.982,0.185,-0.033,0,0.174,0.985,0.188,0.967,-0.171],"_shiftlockState":true,"_pose":"FreeFall","_animationQueue":[],"_animationSpeed":1,"_zoom":16.125},{"_mousePosition":[683,384],"_rootPartCFrame":[755.789,229.861,40.19,-0.996,0,-0.089,0,1,0,0.089,0,-0.996],"_humanoidState":5,"_cameraCFrame":[753.715,247.241,37.621,-0.993,0.119,-0.021,0,0.174,0.985,0.12,0.978,-0.172],"_shiftlockState":true,"_pose":"FreeFall","_animationQueue":[],"_animationSpeed":1,"_zoom":16.125},{"_mousePosition":[683,384],"_rootPartCFrame":[755.605,229.648,40.362,-1,0,-0.024,0,1,0,0.024,0,-1],"_humanoidState":5,"_cameraCFrame":[753.864,247.028,37.556,-1,-0.003,0.001,0,0.174,0.985,-0.003,0.985,-0.174],"_shiftlockState":true,"_pose":"FreeFall","_animationQueue":[],"_animationSpeed":1,"_zoom":16.125},{"_mousePosition":[683,384],"_rootPartCFrame":[755.438,229.38,40.565,-0.996,0,0.094,0,1,0,-0.094,0,-0.996],"_humanoidState":5,"_cameraCFrame":[753.93,246.76,37.627,-0.996,-0.083,0.015,0,0.174,0.985,-0.084,0.981,-0.173],"_shiftlockState":true,"_pose":"FreeFall","_animationQueue":[],"_animationSpeed":1,"_zoom":16.125},{"_mousePosition":[683,384],"_rootPartCFrame":[755.256,229.057,40.759,-0.984,0,0.176,0,1,0,-0.176,0,-0.984],"_humanoidState":5,"_cameraCFrame":[753.968,246.437,37.719,-0.988,-0.155,0.027,0,0.174,0.985,-0.157,0.973,-0.171],"_shiftlockState":true,"_pose":"FreeFall","_animationQueue":[],"_animationSpeed":1,"_zoom":16.125},{"_mousePosition":[683,384],"_rootPartCFrame":[755.056,228.68,40.935,-0.968,0,0.249,0,1,0,-0.249,0,-0.968],"_humanoidState":5,"_cameraCFrame":[753.97,246.06,37.817,-0.975,-0.218,0.038,0,0.174,0.985,-0.222,0.96,-0.169],"_shiftlockState":true,"_pose":"FreeFall","_animationQueue":[["fall",0.3]],"_animationSpeed":1,"_zoom":16.125},{"_mousePosition":[683,384],"_rootPartCFrame":[754.843,228.249,41.095,-0.95,0,0.314,0,1,0,-0.314,0,-0.95],"_humanoidState":5,"_cameraCFrame":[753.94,245.629,37.919,-0.961,-0.274,0.048,0,0.174,0.985,-0.278,0.946,-0.167],"_shiftlockState":true,"_pose":"FreeFall","_animationQueue":[],"_animationSpeed":1,"_zoom":16.125},{"_mousePosition":[683,384],"_rootPartCFrame":[754.648,227.763,41.266,-0.954,0,0.301,0,1,0,-0.301,0,-0.954],"_humanoidState":5,"_cameraCFrame":[753.915,245.143,38.046,-0.944,-0.324,0.057,0,0.174,0.985,-0.329,0.93,-0.164],"_shiftlockState":true,"_pose":"FreeFall","_animationQueue":[],"_animationSpeed":1,"_zoom":16.125},{"_mousePosition":[683,384],"_rootPartCFrame":[754.486,227.222,41.459,-0.946,0,0.325,0,1,0,-0.325,0,-0.946],"_humanoidState":5,"_cameraCFrame":[753.909,244.603,38.208,-0.928,-0.368,0.065,0,0.174,0.985,-0.374,0.913,-0.161],"_shiftlockState":true,"_pose":"FreeFall","_animationQueue":[],"_animationSpeed":1,"_zoom":16.125},{"_mousePosition":[683,384],"_rootPartCFrame":[754.355,226.628,41.676,-0.93,0,0.368,0,1,0,-0.368,0,-0.93],"_humanoidState":5,"_cameraCFrame":[753.927,244.008,38.402,-0.91,-0.409,0.072,0,0.174,0.985,-0.415,0.896,-0.158],"_shiftlockState":true,"_pose":"FreeFall","_animationQueue":[],"_animationSpeed":1,"_zoom":16.125},{"_mousePosition":[683,384],"_rootPartCFrame":[754.275,226.146,41.856,-0.912,0,0.411,0,1,0,-0.411,0,-0.912],"_humanoidState":5,"_cameraCFrame":[753.996,243.526,38.566,-0.89,-0.45,0.079,0,0.174,0.985,-0.456,0.876,-0.155],"_shiftlockState":true,"_pose":"FreeFall","_animationQueue":[],"_animationSpeed":1,"_zoom":16.125},{"_mousePosition":[683,384],"_rootPartCFrame":[754.166,225.455,42.099,-0.893,0,0.451,0,1,0,-0.451,0,-0.893],"_humanoidState":5,"_cameraCFrame":[754.037,242.835,38.8,-0.868,-0.489,0.086,0,0.174,0.985,-0.497,0.855,-0.151],"_shiftlockState":true,"_pose":"FreeFall","_animationQueue":[],"_animationSpeed":1,"_zoom":16.125},{"_mousePosition":[683,384],"_rootPartCFrame":[754.015,224.516,42.397,-0.872,0,0.49,0,1,0,-0.49,0,-0.872],"_humanoidState":5,"_cameraCFrame":[754.02,241.896,39.095,-0.847,-0.523,0.092,0,0.174,0.985,-0.531,0.834,-0.147],"_shiftlockState":true,"_pose":"FreeFall","_animationQueue":[["fall",0.3]],"_animationSpeed":1,"_zoom":16.125},{"_mousePosition":[683,384],"_rootPartCFrame":[753.917,223.911,42.571,-0.849,0,0.528,0,1,0,-0.528,0,-0.849],"_humanoidState":5,"_cameraCFrame":[754.056,241.291,39.272,-0.825,-0.557,0.098,0,0.174,0.985,-0.565,0.812,-0.143],"_shiftlockState":true,"_pose":"FreeFall","_animationQueue":[],"_animationSpeed":1,"_zoom":16.125},{"_mousePosition":[683,384],"_rootPartCFrame":[753.742,222.835,42.855,-0.829,0,0.559,0,1,0,-0.559,0,-0.829],"_humanoidState":5,"_cameraCFrame":[754.03,240.215,39.565,-0.798,-0.593,0.105,0,0.174,0.985,-0.602,0.786,-0.139],"_shiftlockState":true,"_pose":"FreeFall","_animationQueue":[],"_animationSpeed":1,"_zoom":16.125},{"_mousePosition":[683,384],"_rootPartCFrame":[753.593,222.424,43.075,-0.799,0,0.601,0,1,0,-0.601,0,-0.799],"_humanoidState":7,"_cameraCFrame":[753.948,239.805,39.793,-0.786,-0.609,0.107,0,0.174,0.985,-0.618,0.774,-0.137],"_shiftlockState":true,"_pose":"FreeFall","_animationQueue":[["walk",0.1],["fall",0.3],["fall",0.3]],"_animationSpeed":1,"_zoom":16.125},{"_mousePosition":[683,384],"_rootPartCFrame":[753.434,222.495,43.289,-0.786,0,0.618,0,1,0,-0.618,0,-0.786],"_humanoidState":7,"_cameraCFrame":[753.839,239.875,40.012,-0.777,-0.62,0.109,0,0.174,0.985,-0.63,0.765,-0.135],"_shiftlockState":true,"_pose":"FreeFall","_animationQueue":[],"_animationSpeed":1,"_zoom":16.125},{"_mousePosition":[683,384],"_rootPartCFrame":[753.311,222.561,43.447,-0.777,0,0.63,0,1,0,-0.63,0,-0.777],"_humanoidState":7,"_cameraCFrame":[753.749,239.941,40.174,-0.77,-0.628,0.111,0,0.174,0.985,-0.638,0.758,-0.134],"_shiftlockState":true,"_pose":"FreeFall","_animationQueue":[],"_animationSpeed":1,"_zoom":16.125},{"_mousePosition":[683,384],"_rootPartCFrame":[753.101,222.633,43.706,-0.77,0,0.638,0,1,0,-0.638,0,-0.77],"_humanoidState":8,"_cameraCFrame":[753.564,240.013,40.437,-0.765,-0.634,0.112,0,0.174,0.985,-0.644,0.754,-0.133],"_shiftlockState":true,"_pose":"Running","_animationQueue":[["fall",0.3],["walk",0.1],["fall",0.3],["walk",0.1]],"_animationSpeed":1.103,"_zoom":16.125},{"_mousePosition":[683,384],"_rootPartCFrame":[752.931,222.663,43.912,-0.765,0,0.644,0,1,0,-0.644,0,-0.765],"_humanoidState":8,"_cameraCFrame":[753.427,240.043,40.647,-0.759,-0.641,0.113,0,0.174,0.985,-0.651,0.747,-0.132],"_shiftlockState":true,"_pose":"Running","_animationQueue":[],"_animationSpeed":1.103,"_zoom":16.125},{"_mousePosition":[683,384],"_rootPartCFrame":[752.76,222.68,44.116,-0.759,0,0.651,0,1,0,-0.651,0,-0.759],"_humanoidState":8,"_cameraCFrame":[753.289,240.06,40.857,-0.752,-0.649,0.114,0,0.174,0.985,-0.659,0.741,-0.131],"_shiftlockState":true,"_pose":"Running","_animationQueue":[],"_animationSpeed":1.103,"_zoom":16.125},{"_mousePosition":[683,384],"_rootPartCFrame":[752.586,222.689,44.318,-0.752,0,0.659,0,1,0,-0.659,0,-0.752],"_humanoidState":8,"_cameraCFrame":[753.156,240.069,41.066,-0.744,-0.658,0.116,0,0.174,0.985,-0.668,0.732,-0.129],"_shiftlockState":true,"_pose":"Running","_animationQueue":[],"_animationSpeed":1.103,"_zoom":16.125},{"_mousePosition":[683,384],"_rootPartCFrame":[752.41,222.694,44.519,-0.744,0,0.668,0,1,0,-0.668,0,-0.744],"_humanoidState":8,"_cameraCFrame":[753.03,240.074,41.276,-0.734,-0.669,0.118,0,0.174,0.985,-0.68,0.722,-0.127],"_shiftlockState":true,"_pose":"Running","_animationQueue":[],"_animationSpeed":1.103,"_zoom":16.125},{"_mousePosition":[683,384],"_rootPartCFrame":[752.232,222.697,44.718,-0.734,0,0.68,0,1,0,-0.68,0,-0.734],"_humanoidState":8,"_cameraCFrame":[752.901,240.077,41.484,-0.723,-0.68,0.12,0,0.174,0.985,-0.691,0.712,-0.126],"_shiftlockState":true,"_pose":"Running","_animationQueue":[],"_animationSpeed":1.103,"_zoom":16.125},{"_mousePosition":[683,384],"_rootPartCFrame":[752.051,222.698,44.914,-0.723,0,0.691,0,1,0,-0.691,0,-0.723],"_humanoidState":8,"_cameraCFrame":[752.826,240.078,41.704,-0.7,-0.703,0.124,0,0.174,0.985,-0.714,0.689,-0.122],"_shiftlockState":true,"_pose":"Running","_animationQueue":[],"_animationSpeed":1.103,"_zoom":16.125},{"_mousePosition":[683,384],"_rootPartCFrame":[751.87,223.561,45.109,-0.7,0,0.714,0,1,0,-0.714,0,-0.7],"_humanoidState":3,"_cameraCFrame":[752.686,240.941,41.909,-0.691,-0.712,0.126,0,0.174,0.985,-0.723,0.68,-0.12],"_shiftlockState":true,"_pose":"Jumping","_animationQueue":[["walk",0.1],["walk",0.1],["jump",0.1]],"_animationSpeed":1,"_zoom":16.125},{"_mousePosition":[683,384],"_rootPartCFrame":[751.729,224.172,45.25,-0.691,0,0.722,0,1,0,-0.722,0,-0.691],"_humanoidState":5,"_cameraCFrame":[752.673,241.552,42.086,-0.661,-0.739,0.13,0,0.174,0.985,-0.75,0.651,-0.115],"_shiftlockState":true,"_pose":"FreeFall","_animationQueue":[["jump",0.1]],"_animationSpeed":1,"_zoom":16.125},{"_mousePosition":[683,384],"_rootPartCFrame":[751.488,225.123,45.481,-0.665,0,0.747,0,1,0,-0.747,0,-0.665],"_humanoidState":5,"_cameraCFrame":[752.536,242.503,42.35,-0.636,-0.76,0.134,0,0.174,0.985,-0.772,0.626,-0.11],"_shiftlockState":true,"_pose":"FreeFall","_animationQueue":[],"_animationSpeed":1,"_zoom":16.125},{"_mousePosition":[683,384],"_rootPartCFrame":[751.339,225.653,45.615,-0.639,0,0.769,0,1,0,-0.769,0,-0.639],"_humanoidState":5,"_cameraCFrame":[752.505,243.033,42.525,-0.606,-0.783,0.138,0,0.174,0.985,-0.795,0.597,-0.105],"_shiftlockState":true,"_pose":"FreeFall","_animationQueue":[],"_animationSpeed":1,"_zoom":16.125},{"_mousePosition":[683,384],"_rootPartCFrame":[751.083,226.467,45.828,-0.611,0,0.792,0,1,0,-0.792,0,-0.611],"_humanoidState":5,"_cameraCFrame":[752.373,243.848,42.788,-0.574,-0.807,0.142,0,0.174,0.985,-0.819,0.565,-0.1],"_shiftlockState":true,"_pose":"FreeFall","_animationQueue":[],"_animationSpeed":1,"_zoom":16.125},{"_mousePosition":[683,384],"_rootPartCFrame":[750.872,227.058,45.99,-0.578,0,0.816,0,1,0,-0.816,0,-0.578],"_humanoidState":5,"_cameraCFrame":[752.299,244.438,43.013,-0.536,-0.832,0.147,0,0.174,0.985,-0.844,0.528,-0.093],"_shiftlockState":true,"_pose":"FreeFall","_animationQueue":[],"_animationSpeed":1,"_zoom":16.125},{"_mousePosition":[683,384],"_rootPartCFrame":[750.654,227.594,46.145,-0.541,0,0.841,0,1,0,-0.841,0,-0.541],"_humanoidState":5,"_cameraCFrame":[752.215,244.974,43.235,-0.497,-0.855,0.151,0,0.174,0.985,-0.868,0.489,-0.086],"_shiftlockState":true,"_pose":"FreeFall","_animationQueue":[],"_animationSpeed":1,"_zoom":16.125},{"_mousePosition":[683,384],"_rootPartCFrame":[750.486,227.96,46.253,-0.501,0,0.866,0,1,0,-0.866,0,-0.501],"_humanoidState":5,"_cameraCFrame":[752.178,245.34,43.418,-0.457,-0.876,0.154,0,0.174,0.985,-0.89,0.45,-0.079],"_shiftlockState":true,"_pose":"FreeFall","_animationQueue":[],"_animationSpeed":1,"_zoom":16.125},{"_mousePosition":[683,384],"_rootPartCFrame":[750.198,228.502,46.421,-0.463,0,0.886,0,1,0,-0.886,0,-0.463],"_humanoidState":5,"_cameraCFrame":[752.031,245.882,43.674,-0.411,-0.898,0.158,0,0.174,0.985,-0.912,0.405,-0.071],"_shiftlockState":true,"_pose":"FreeFall","_animationQueue":[],"_animationSpeed":1,"_zoom":16.125},{"_mousePosition":[683,384],"_rootPartCFrame":[749.962,228.874,46.544,-0.417,0,0.909,0,1,0,-0.909,0,-0.417],"_humanoidState":5,"_cameraCFrame":[751.938,246.254,43.899,-0.362,-0.918,0.162,0,0.174,0.985,-0.932,0.357,-0.063],"_shiftlockState":true,"_pose":"FreeFall","_animationQueue":[],"_animationSpeed":1,"_zoom":16.125},{"_mousePosition":[683,384],"_rootPartCFrame":[749.78,229.118,46.628,-0.367,0,0.93,0,1,0,-0.93,0,-0.367],"_humanoidState":5,"_cameraCFrame":[751.888,246.498,44.086,-0.314,-0.935,0.165,0,0.174,0.985,-0.949,0.31,-0.055],"_shiftlockState":true,"_pose":"FreeFall","_animationQueue":[],"_animationSpeed":1,"_zoom":16.125},{"_mousePosition":[683,384],"_rootPartCFrame":[749.47,229.456,46.751,-0.322,0,0.947,0,1,0,-0.947,0,-0.322],"_humanoidState":5,"_cameraCFrame":[751.753,246.836,44.365,-0.246,-0.954,0.168,0,0.174,0.985,-0.969,0.243,-0.043],"_shiftlockState":true,"_pose":"FreeFall","_animationQueue":[],"_animationSpeed":1,"_zoom":16.125},{"_mousePosition":[683,384],"_rootPartCFrame":[749.218,229.665,46.836,-0.255,0,0.967,0,1,0,-0.967,0,-0.255],"_humanoidState":5,"_cameraCFrame":[751.554,247.045,44.503,-0.224,-0.96,0.169,0,0.174,0.985,-0.975,0.221,-0.039],"_shiftlockState":true,"_pose":"FreeFall","_animationQueue":[],"_animationSpeed":1,"_zoom":16.125},{"_mousePosition":[683,384],"_rootPartCFrame":[748.96,229.819,46.906,-0.229,0,0.973,0,1,0,-0.973,0,-0.229],"_humanoidState":5,"_cameraCFrame":[751.456,247.199,44.743,-0.155,-0.973,0.172,0,0.174,0.985,-0.988,0.152,-0.027],"_shiftlockState":true,"_pose":"FreeFall","_animationQueue":[],"_animationSpeed":1,"_zoom":16.125},{"_mousePosition":[683,384],"_rootPartCFrame":[748.701,229.919,46.966,-0.162,0,0.987,0,1,0,-0.987,0,-0.162],"_humanoidState":5,"_cameraCFrame":[751.303,247.299,44.933,-0.105,-0.979,0.173,0,0.174,0.985,-0.995,0.103,-0.018],"_shiftlockState":true,"_pose":"FreeFall","_animationQueue":[],"_animationSpeed":1,"_zoom":16.125},{"_mousePosition":[683,384],"_rootPartCFrame":[748.438,229.964,47.011,-0.112,0,0.994,0,1,0,-0.994,0,-0.112],"_humanoidState":5,"_cameraCFrame":[751.144,247.344,45.119,-0.052,-0.983,0.173,0,0.174,0.985,-0.999,0.051,-0.009],"_shiftlockState":true,"_pose":"FreeFall","_animationQueue":[],"_animationSpeed":1,"_zoom":16.125},{"_mousePosition":[683,384],"_rootPartCFrame":[748.239,229.963,47.034,-0.057,0,0.998,0,1,0,-0.998,0,-0.057],"_humanoidState":5,"_cameraCFrame":[751.051,247.343,45.302,0.007,-0.985,0.174,0,0.174,0.985,-1,-0.007,0.001],"_shiftlockState":true,"_pose":"FreeFall","_animationQueue":[],"_animatio