[{"_mousePosition":[601,319],"_rootPartCFrame":[776.025,222.7,47.142,0.003,0,1,0,1,0,-1,0,0.003],"_humanoidState":8,"_cameraCFrame":[787.949,241.066,47.317,0.015,-0.816,0.577,0,0.577,0.817,-1,-0.012,0.008],"_shiftlockState":false,"_pose":"Standing","_animationQueue":[],"_animationSpeed":1,"_zoom":20.656},{"_mousePosition":[601,319],"_rootPartCFrame":[775.722,222.7,47.138,0.005,0,1,0,1,0,-1,0,0.005],"_humanoidState":8,"_cameraCFrame":[787.646,241.066,47.313,0.015,-0.816,0.577,0,0.577,0.817,-1,-0.012,0.008],"_shiftlockState":false,"_pose":"Standing","_animationQueue":[],"_animationSpeed":1,"_zoom":20.656},{"_mousePosition":[601,319],"_rootPartCFrame":[775.589,222.7,47.136,0.006,0,1,0,1,0,-1,0,0.006],"_humanoidState":8,"_cameraCFrame":[787.513,241.066,47.311,0.015,-0.816,0.577,0,0.577,0.817,-1,-0.012,0.008],"_shiftlockState":false,"_pose":"Running","_animationQueue":[["walk",0.1]],"_animationSpeed":1.089,"_zoom":20.656},{"_mousePosition":[601,319],"_rootPartCFrame":[775.322,222.7,47.132,0.007,0,1,0,1,0,-1,0,0.007],"_humanoidState":8,"_cameraCFrame":[787.147,241.135,47.306,0.015,-0.82,0.572,0,0.573,0.82,-1,-0.012,0.008],"_shiftlockState":false,"_pose":"Running","_animationQueue":[],"_animationSpeed":1.089,"_zoom":20.656},{"_mousePosition":[601,319],"_rootPartCFrame":[775.055,222.7,47.128,0.008,0,1,0,1,0,-1,0,0.008],"_humanoidState":8,"_cameraCFrame":[786.881,241.135,47.302,0.015,-0.82,0.572,0,0.573,0.82,-1,-0.012,0.008],"_shiftlockState":false,"_pose":"Running","_animationQueue":[],"_animationSpeed":1.089,"_zoom":20.656},{"_mousePosition":[601,319],"_rootPartCFrame":[774.789,222.7,47.124,0.009,0,1,0,1,0,-1,0,0.009],"_humanoidState":8,"_cameraCFrame":[786.581,241.158,47.297,0.015,-0.821,0.571,0,0.571,0.821,-1,-0.012,0.008],"_shiftlockState":false,"_pose":"Running","_animationQueue":[["walk",0.1]],"_animationSpeed":1.089,"_zoom":20.656},{"_mousePosition":[601,319],"_rootPartCFrame":[774.522,222.7,47.12,0.01,0,1,0,1,0,-1,0,0.01],"_humanoidState":8,"_cameraCFrame":[786.281,241.181,47.293,0.015,-0.822,0.569,0,0.569,0.822,-1,-0.012,0.008],"_shiftlockState":false,"_pose":"Running","_animationQueue":[],"_animationSpeed":1.089,"_zoom":20.656},{"_mousePosition":[601,319],"_rootPartCFrame":[774.256,222.7,47.116,0.01,0,1,0,1,0,-1,0,0.01],"_humanoidState":8,"_cameraCFrame":[785.982,241.204,47.288,0.015,-0.823,0.568,0,0.568,0.823,-1,-0.012,0.008],"_shiftlockState":false,"_pose":"Running","_animationQueue":[],"_animationSpeed":1.089,"_zoom":20.656},{"_mousePosition":[601,319],"_rootPartCFrame":[773.989,222.7,47.112,0.011,0,1,0,1,0,-1,0,0.011],"_humanoidState":8,"_cameraCFrame":[785.649,241.249,47.284,0.015,-0.825,0.564,0,0.565,0.825,-1,-0.012,0.008],"_shiftlockState":false,"_pose":"Running","_animationQueue":[],"_animationSpeed":1.089,"_zoom":20.656},{"_mousePosition":[601,319],"_rootPartCFrame":[773.722,222.7,47.109,0.011,0,1,0,1,0,-1,0,0.011],"_humanoidState":8,"_cameraCFrame":[785.349,241.272,47.279,0.015,-0.826,0.563,0,0.563,0.827,-1,-0.012,0.008],"_shiftlockState":false,"_pose":"Running","_animationQueue":[],"_animationSpeed":1.089,"_zoom":20.656},{"_mousePosition":[601,319],"_rootPartCFrame":[773.323,222.7,47.103,0.012,0,1,0,1,0,-1,0,0.012],"_humanoidState":8,"_cameraCFrame":[784.882,241.317,47.272,0.015,-0.829,0.56,0,0.56,0.829,-1,-0.012,0.008],"_shiftlockState":false,"_pose":"Running","_animationQueue":[],"_animationSpeed":1.089,"_zoom":20.656},{"_mousePosition":[601,319],"_rootPartCFrame":[773.189,222.7,47.101,0.012,0,1,0,1,0,-1,0,0.012],"_humanoidState":8,"_cameraCFrame":[784.683,241.362,47.24,0.012,-0.831,0.556,0,0.556,0.831,-1,-0.01,0.007],"_shiftlockState":false,"_pose":"Running","_animationQueue":[],"_animationSpeed":1.089,"_zoom":20.656},{"_mousePosition":[601,319],"_rootPartCFrame":[772.923,222.7,47.097,0.013,0,1,0,1,0,-1,0,0.013],"_humanoidState":8,"_cameraCFrame":[784.349,241.407,47.236,0.012,-0.833,0.553,0,0.553,0.833,-1,-0.01,0.007],"_shiftlockState":false,"_pose":"Running","_animationQueue":[["walk",0.1]],"_animationSpeed":1.089,"_zoom":20.656},{"_mousePosition":[601,319],"_rootPartCFrame":[772.656,222.7,47.094,0.013,0,1,0,1,0,-1,0,0.013],"_humanoidState":8,"_cameraCFrame":[783.982,241.473,47.231,0.012,-0.836,0.548,0,0.548,0.836,-1,-0.01,0.007],"_shiftlockState":false,"_pose":"Running","_animationQueue":[],"_animationSpeed":1.089,"_zoom":20.656},{"_mousePosition":[601,319],"_rootPartCFrame":[772.389,222.7,47.09,0.013,0,1,0,1,0,-1,0,0.013],"_humanoidState":8,"_cameraCFrame":[783.648,241.517,47.198,0.01,-0.838,0.545,0,0.545,0.838,-1,-0.008,0.005],"_shiftlockState":false,"_pose":"Running","_animationQueue":[],"_animationSpeed":1.089,"_zoom":20.656},{"_mousePosition":[601,319],"_rootPartCFrame":[772.123,222.7,47.087,0.012,0,1,0,1,0,-1,0,0.012],"_humanoidState":8,"_cameraCFrame":[783.28,241.583,47.194,0.01,-0.842,0.54,0,0.54,0.842,-1,-0.008,0.005],"_shiftlockState":false,"_pose":"Running","_animationQueue":[],"_animationSpeed":1.089,"_zoom":20.656},{"_mousePosition":[601,319],"_rootPartCFrame":[771.723,222.7,47.083,0.012,0,1,0,1,0,-1,0,0.012],"_humanoidState":8,"_cameraCFrame":[782.812,241.626,47.19,0.01,-0.844,0.537,0,0.537,0.844,-1,-0.008,0.005],"_shiftlockState":false,"_pose":"Running","_animationQueue":[],"_animationSpeed":1.089,"_zoom":20.656},{"_mousePosition":[601,319],"_rootPartCFrame":[771.59,222.7,47.082,0.012,0,1,0,1,0,-1,0,0.012],"_humanoidState":8,"_cameraCFrame":[782.645,241.648,47.188,0.01,-0.845,0.535,0,0.535,0.845,-1,-0.008,0.005],"_shiftlockState":false,"_pose":"Running","_animationQueue":[],"_animationSpeed":1.089,"_zoom":20.656},{"_mousePosition":[601,319],"_rootPartCFrame":[771.323,222.7,47.079,0.011,0,1,0,1,0,-1,0,0.011],"_humanoidState":8,"_cameraCFrame":[782.344,241.669,47.185,0.01,-0.846,0.534,0,0.534,0.846,-1,-0.008,0.005],"_shiftlockState":false,"_pose":"Running","_animationQueue":[["walk",0.1]],"_animationSpeed":1.089,"_zoom":20.656},{"_mousePosition":[601,319],"_rootPartCFrame":[770.923,222.7,47.075,0.011,0,1,0,1,0,-1,0,0.011],"_humanoidState":8,"_cameraCFrame":[781.944,241.669,47.181,0.01,-0.846,0.534,0,0.534,0.846,-1,-0.008,0.005],"_shiftlockState":false,"_pose":"Running","_animationQueue":[],"_animationSpeed":1.089,"_zoom":20.656},{"_mousePosition":[601,319],"_rootPartCFrame":[770.79,222.7,47.074,0.011,0,1,0,1,0,-1,0,0.011],"_humanoidState":8,"_cameraCFrame":[781.777,241.691,47.18,0.01,-0.847,0.532,0,0.532,0.847,-1,-0.008,0.005],"_shiftlockState":false,"_pose":"Running","_animationQueue":[],"_animationSpeed":1.089,"_zoom":20.656},{"_mousePosition":[601,319],"_rootPartCFrame":[770.523,222.7,47.072,0.011,0,1,0,1,0,-1,0,0.011],"_humanoidState":8,"_cameraCFrame":[781.443,241.733,47.149,0.007,-0.849,0.529,0,0.529,0.849,-1,-0.006,0.004],"_shiftlockState":false,"_pose":"Running","_animationQueue":[],"_animationSpeed":1.089,"_zoom":20.656},{"_mousePosition":[601,319],"_rootPartCFrame":[770.257,222.666,47.069,0.011,0,1,0,1,0,-1,0,0.011],"_humanoidState":8,"_cameraCFrame":[781.142,241.721,47.146,0.007,-0.85,0.527,0,0.527,0.85,-1,-0.006,0.004],"_shiftlockState":false,"_pose":"Running","_animationQueue":[],"_animationSpeed":1.089,"_zoom":20.656},{"_mousePosition":[601,319],"_rootPartCFrame":[769.99,222.577,47.066,0.01,0,1,0,1,0,-1,0,0.01],"_humanoidState":8,"_cameraCFrame":[780.807,241.674,47.143,0.007,-0.852,0.524,0,0.524,0.852,-1,-0.006,0.004],"_shiftlockState":false,"_pose":"Running","_animationQueue":[],"_animationSpeed":1.089,"_zoom":20.656},{"_mousePosition":[601,319],"_rootPartCFrame":[769.723,222.434,47.064,0.01,0,1,0,1,0,-1,0,0.01],"_humanoidState":8,"_cameraCFrame":[780.471,241.573,47.14,0.007,-0.854,0.52,0,0.52,0.854,-1,-0.006,0.004],"_shiftlockState":false,"_pose":"Running","_animationQueue":[],"_animationSpeed":1.089,"_zoom":20.656},{"_mousePosition":[601,319],"_rootPartCFrame":[769.39,223.518,47.061,0.01,0,1,0,1,0,-1,0,0.01],"_humanoidState":3,"_cameraCFrame":[780.138,242.657,47.137,0.007,-0.854,0.52,0,0.52,0.854,-1,-0.006,0.004],"_shiftlockState":false,"_pose":"Jumping","_animationQueue":[["walk",0.1],["walk",0.1],["jump",0.1]],"_animationSpeed":1,"_zoom":20.656},{"_mousePosition":[601,319],"_rootPartCFrame":[769.19,224.129,47.059,0.01,0,1,0,1,0,-1,0,0.01],"_humanoidState":5,"_cameraCFrame":[779.938,243.268,47.135,0.007,-0.854,0.52,0,0.52,0.854,-1,-0.006,0.004],"_shiftlockState":false,"_pose":"FreeFall","_animationQueue":[["jump",0.1]],"_animationSpeed":1,"_zoom":20.656},{"_mousePosition":[601,319],"_rootPartCFrame":[768.924,224.897,47.057,0.009,0,1,0,1,0,-1,0,0.009],"_humanoidState":5,"_cameraCFrame":[779.672,244.036,47.133,0.007,-0.854,0.52,0,0.52,0.854,-1,-0.006,0.004],"_shiftlockState":false,"_pose":"FreeFall","_animationQueue":[],"_animationSpeed":1,"_zoom":20.656},{"_mousePosition":[601,319],"_rootPartCFrame":[768.657,225.61,47.055,0.009,0,1,0,1,0,-1,0,0.009],"_humanoidState":5,"_cameraCFrame":[779.405,244.749,47.131,0.007,-0.854,0.52,0,0.52,0.854,-1,-0.006,0.004],"_shiftlockState":false,"_pose":"FreeFall","_animationQueue":[],"_animationSpeed":1,"_zoom":20.656},{"_mousePosition":[601,319],"_rootPartCFrame":[768.39,226.268,47.054,0.009,0,1,0,1,0,-1,0,0.009],"_humanoidState":5,"_cameraCFrame":[779.138,245.408,47.13,0.007,-0.854,0.52,0,0.52,0.854,-1,-0.006,0.004],"_shiftlockState":false,"_pose":"FreeFall","_animationQueue":[],"_animationSpeed":1,"_zoom":20.656},{"_mousePosition":[601,319],"_rootPartCFrame":[768.124,226.872,47.052,0.009,0,1,0,1,0,-1,0,0.009],"_humanoidState":5,"_cameraCFrame":[778.872,246.012,47.128,0.007,-0.854,0.52,0,0.52,0.854,-1,-0.006,0.004],"_shiftlockState":false,"_pose":"FreeFall","_animationQueue":[],"_animationSpeed":1,"_zoom":20.656},{"_mousePosition":[601,319],"_rootPartCFrame":[767.857,227.422,47.05,0.008,0,1,0,1,0,-1,0,0.008],"_humanoidState":5,"_cameraCFrame":[778.605,246.561,47.126,0.007,-0.854,0.52,0,0.52,0.854,-1,-0.006,0.004],"_shiftlockState":false,"_pose":"FreeFall","_animationQueue":[],"_animationSpeed":1,"_zoom":20.656},{"_mousePosition":[601,319],"_rootPartCFrame":[767.591,227.917,47.048,0.008,0,1,0,1,0,-1,0,0.008],"_humanoidState":5,"_cameraCFrame":[778.339,247.056,47.124,0.007,-0.854,0.52,0,0.52,0.854,-1,-0.006,0.004],"_shiftlockState":false,"_pose":"FreeFall","_animationQueue":[],"_animationSpeed":1,"_zoom":20.656},{"_mousePosition":[601,319],"_rootPartCFrame":[767.324,228.357,47.046,0.008,0,1,0,1,0,-1,0,0.008],"_humanoidState":5,"_cameraCFrame":[778.072,247.497,47.122,0.007,-0.854,0.52,0,0.52,0.854,-1,-0.006,0.004],"_shiftlockState":false,"_pose":"FreeFall","_animationQueue":[],"_animationSpeed":1,"_zoom":20.656},{"_mousePosition":[601,319],"_rootPartCFrame":[767.057,228.743,47.044,0.008,0,1,0,1,0,-1,0,0.008],"_humanoidState":5,"_cameraCFrame":[777.805,247.883,47.12,0.007,-0.854,0.52,0,0.52,0.854,-1,-0.006,0.004],"_shiftlockState":false,"_pose":"FreeFall","_animationQueue":[],"_animationSpeed":1,"_zoom":20.656},{"_mousePosition":[601,319],"_rootPartCFrame":[766.791,229.075,47.042,0.008,0,1,0,1,0,-1,0,0.008],"_humanoidState":5,"_cameraCFrame":[777.539,248.214,47.118,0.007,-0.854,0.52,0,0.52,0.854,-1,-0.006,0.004],"_shiftlockState":false,"_pose":"FreeFall","_animationQueue":[],"_animationSpeed":1,"_zoom":20.656},{"_mousePosition":[601,319],"_rootPartCFrame":[766.524,229.352,47.04,0.008,0,1,0,1,0,-1,0,0.008],"_humanoidState":5,"_cameraCFrame":[777.238,248.512,47.116,0.007,-0.855,0.519,0,0.519,0.855,-1,-0.006,0.004],"_shiftlockState":false,"_pose":"FreeFall","_animationQueue":[],"_animationSpeed":1,"_zoom":20.656},{"_mousePosition":[601,319],"_rootPartCFrame":[766.258,229.574,47.038,0.008,0,1,0,1,0,-1,0,0.008],"_humanoidState":5,"_cameraCFrame":[776.937,248.755,47.114,0.007,-0.856,0.517,0,0.517,0.856,-1,-0.006,0.004],"_shiftlockState":false,"_pose":"FreeFall","_animationQueue":[],"_animationSpeed":1,"_zoom":20.656},{"_mousePosition":[601,319],"_rootPartCFrame":[765.991,229.742,47.036,0.008,0,1,0,1,0,-1,0,0.008],"_humanoidState":5,"_cameraCFrame":[776.636,248.944,47.112,0.007,-0.857,0.515,0,0.515,0.857,-1,-0.006,0.004],"_shiftlockState":false,"_pose":"FreeFall","_animationQueue":[],"_animationSpeed":1,"_zoom":20.656},{"_mousePosition":[601,319],"_rootPartCFrame":[765.724,229.856,47.035,0.007,0,1,0,1,0,-1,0,0.007],"_humanoidState":5,"_cameraCFrame":[776.369,249.058,47.11,0.007,-0.857,0.515,0,0.515,0.857,-1,-0.006,0.004],"_shiftlockState":false,"_pose":"FreeFall","_animationQueue":[],"_animationSpeed":1,"_zoom":20.656},{"_mousePosition":[601,319],"_rootPartCFrame":[765.458,229.915,47.033,0.007,0,1,0,1,0,-1,0,0.007],"_humanoidState":5,"_cameraCFrame":[776.102,249.117,47.108,0.007,-0.857,0.515,0,0.515,0.857,-1,-0.006,0.004],"_shiftlockState":false,"_pose":"FreeFall","_animationQueue":[],"_animationSpeed":1,"_zoom":20.656},{"_mousePosition":[601,319],"_rootPartCFrame":[765.191,229.919,47.031,0.007,0,1,0,1,0,-1,0,0.007],"_humanoidState":5,"_cameraCFrame":[775.801,249.142,47.106,0.007,-0.858,0.514,0,0.514,0.858,-1,-0.006,0.004],"_shiftlockState":false,"_pose":"FreeFall","_animationQueue":[],"_animationSpeed":1,"_zoom":20.656},{"_mousePosition":[601,319],"_rootPartCFrame":[764.925,229.869,47.029,0.007,0,1,0,1,0,-1,0,0.007],"_humanoidState":5,"_cameraCFrame":[775.5,249.113,47.077,0.005,-0.859,0.512,0,0.512,0.859,-1,-0.004,0.002],"_shiftlockState":false,"_pose":"FreeFall","_animationQueue":[],"_animationSpeed":1,"_zoom":20.656},{"_mousePosition":[601,319],"_rootPartCFrame":[764.658,229.765,47.027,0.007,0,1,0,1,0,-1,0,0.007],"_humanoidState":5,"_cameraCFrame":[775.234,249.008,47.075,0.005,-0.859,0.512,0,0.512,0.859,-1,-0.004,0.002],"_shiftlockState":false,"_pose":"FreeFall","_animationQueue":[],"_animationSpeed":1,"_zoom":20.656},{"_mousePosition":[601,319],"_rootPartCFrame":[764.391,229.606,47.026,0.007,0,1,0,1,0,-1,0,0.007],"_humanoidState":5,"_cameraCFrame":[774.967,248.849,47.074,0.005,-0.859,0.512,0,0.512,0.859,-1,-0.004,0.002],"_shiftlockState":false,"_pose":"FreeFall","_animationQueue":[],"_animationSpeed":1,"_zoom":20.656},{"_mousePosition":[601,319],"_rootPartCFrame":[764.058,229.331,47.024,0.007,0,1,0,1,0,-1,0,0.007],"_humanoidState":5,"_cameraCFrame":[774.599,248.594,47.072,0.005,-0.86,0.51,0,0.51,0.86,-1,-0.004,0.002],"_shiftlockState":false,"_pose":"FreeFall","_animationQueue":[["fall",0.3]],"_animationSpeed":1,"_zoom":20.656},{"_mousePosition":[601,319],"_rootPartCFrame":[763.792,229.049,47.023,0.006,0,1,0,1,0,-1,0,0.006],"_humanoidState":5,"_cameraCFrame":[774.333,248.313,47.071,0.005,-0.86,0.51,0,0.51,0.86,-1,-0.004,0.002],"_shiftlockState":false,"_pose":"FreeFall","_animationQueue":[],"_animationSpeed":1,"_zoom":20.656},{"_mousePosition":[601,319],"_rootPartCFrame":[763.592,228.802,47.022,0.006,0,1,0,1,0,-1,0,0.006],"_humanoidState":5,"_cameraCFrame":[774.063,248.107,47.043,0.002,-0.862,0.507,0,0.507,0.862,-1,-0.002,0.001],"_shiftlockState":false,"_pose":"FreeFall","_animationQueue":[],"_animationSpeed":1,"_zoom":20.656},{"_mousePosition":[601,319],"_rootPartCFrame":[763.325,228.425,47.021,0.006,0,1,0,1,0,-1,0,0.006],"_humanoidState":5,"_cameraCFrame":[773.797,247.73,47.042,0.002,-0.862,0.507,0,0.507,0.862,-1,-0.002,0.001],"_shiftlockState":false,"_pose":"FreeFall","_animationQueue":[],"_animationSpeed":1,"_zoom":20.656},{"_mousePosition":[601,319],"_rootPartCFrame":[763.058,227.994,47.02,0.005,0,1,0,1,0,-1,0,0.005],"_humanoidState":5,"_cameraCFrame":[773.496,247.319,47.015,-0.001,-0.863,0.505,0,0.505,0.863,-1,0,0],"_shiftlockState":false,"_pose":"FreeFall","_animationQueue":[],"_animationSpeed":1,"_zoom":20.656},{"_mousePosition":[601,319],"_rootPartCFrame":[762.792,227.508,47.02,0.005,0,1,0,1,0,-1,0,0.005],"_humanoidState":5,"_cameraCFrame":[773.229,246.833,47.014,-0.001,-0.863,0.505,0,0.505,0.863,-1,0,0],"_shiftlockState":false,"_pose":"FreeFall","_animationQueue":[],"_animationSpeed":1,"_zoom":20.656},{"_mousePosition":[601,319],"_rootPartCFrame":[762.525,226.967,47.02,0.004,0,1,0,1,0,-1,0,0.004],"_humanoidState":5,"_cameraCFrame":[772.962,246.292,47.014,-0.001,-0.863,0.505,0,0.505,0.863,-1,0,0],"_shiftlockState":false,"_pose":"FreeFall","_animationQueue":[],"_animationSpeed":1,"_zoom":20.656},{"_mousePosition":[601,319],"_rootPartCFrame":[762.259,226.372,47.02,0.004,0,1,0,1,0,-1,0,0.004],"_humanoidState":5,"_cameraCFrame":[772.696,245.697,47.015,-0.001,-0.863,0.505,0,0.505,0.863,-1,0,0],"_shiftlockState":false,"_pose":"FreeFall","_animationQueue":[["fall",0.3]],"_animationSpeed":1,"_zoom":20.656},{"_mousePosition":[601,319],"_rootPartCFrame":[762.059,225.89,47.02,0.003,0,1,0,1,0,-1,0,0.003],"_humanoidState":5,"_cameraCFrame":[772.461,245.236,47.015,-0.001,-0.864,0.504,0,0.504,0.864,-1,0,0],"_shiftlockState":false,"_pose":"FreeFall","_animationQueue":[],"_animationSpeed":1,"_zoom":20.656},{"_mousePosition":[601,319],"_rootPartCFrame":[761.725,225.019,47.02,0.003,0,1,0,1,0,-1,0,0.003],"_humanoidState":5,"_cameraCFrame":[772.093,244.384,46.989,-0.003,-0.865,0.502,0,0.502,0.865,-1,0.003,-0.002],"_shiftlockState":false,"_pose":"FreeFall","_animationQueue":[],"_animationSpeed":1,"_zoom":20.656},{"_mousePosition":[601,319],"_rootPartCFrame":[761.459,224.502,47.02,0.002,0,1,0,1,0,-1,0,0.002],"_humanoidState":7,"_cameraCFrame":[771.826,243.867,46.989,-0.003,-0.865,0.502,0,0.502,0.865,-1,0.003,-0.002],"_shiftlockState":false,"_pose":"FreeFall","_animationQueue":[["walk",0.1],["fall",0.3],["fall",0.3]],"_animationSpeed":1,"_zoom":20.656},{"_mousePosition":[601,319],"_rootPartCFrame":[761.192,224.52,47.021,0.002,0,1,0,1,0,-1,0,0.002],"_humanoidState":7,"_cameraCFrame":[771.525,243.906,46.99,-0.003,-0.866,0.5,0,0.5,0.866,-1,0.003,-0.002],"_shiftlockState":false,"_pose":"FreeFall","_animationQueue":[],"_animationSpeed":1,"_zoom":20.656},{"_mousePosition":[601,319],"_rootPartCFrame":[760.926,224.591,47.022,0.001,0,1,0,1,0,-1,0,0.001],"_humanoidState":8,"_cameraCFrame":[771.258,243.977,46.99,-0.003,-0.866,0.5,0,0.5,0.866,-1,0.003,-0.002],"_shiftlockState":false,"_pose":"Running","_animationQueue":[["walk",0.1],["fall",0.3],["walk",0.1]],"_animationSpeed":1.103,"_zoom":20.656},{"_mousePosition":[601,319],"_rootPartCFrame":[760.659,224.639,47.023,0,0,1,0,1,0,-1,0,0],"_humanoidState":8,"_cameraCFrame":[770.992,244.025,46.991,-0.003,-0.866,0.5,0,0.5,0.866,-1,0.003,-0.002],"_shiftlockState":false,"_pose":"Running","_animationQueue":[],"_animationSpeed":1.103,"_zoom":20.656},{"_mousePosition":[601,319],"_rootPartCFrame":[760.392,224.667,47.023,0,0,1,0,1,0,-1,0,0],"_humanoidState":8,"_cameraCFrame":[770.725,244.053,46.992,-0.003,-0.866,0.5,0,0.5,0.866,-1,0.003,-0.002],"_shiftlockState":false,"_pose":"Running","_animationQueue":[["walk",0.1]],"_animationSpeed":1.103,"_zoom":20.656},{"_mousePosition":[601,319],"_rootPartCFrame":[760.125,224.682,47.024,0,0,1,0,1,0,-1,0,0],"_humanoidState":8,"_cameraCFrame":[770.458,244.068,46.993,-0.003,-0.866,0.5,0,0.5,0.866,-1,0.003,-0.002],"_shiftlockState":false,"_pose":"Running","_animationQueue":[],"_animationSpeed":1.103,"_zoom":20.656},{"_mousePosition":[601,319],"_rootPartCFrame":[759.859,224.69,47.025,-0.001,0,1,0,1,0,-1,0,-0.001],"_humanoidState":8,"_cameraCFrame":[770.191,244.076,46.994,-0.003,-0.866,0.5,0,0.5,0.866,-1,0.003,-0.002],"_shiftlockState":false,"_pose":"Running","_animationQueue":[],"_animationSpeed":1.103,"_zoom":20.656},{"_mousePosition":[601,319],"_rootPartCFrame":[759.592,224.694,47.026,-0.001,0,1,0,1,0,-1,0,-0.001],"_humanoidState":8,"_cameraCFrame":[769.925,244.08,46.994,-0.003,-0.866,0.5,0,0.5,0.866,-1,0.003,-0.002],"_shiftlockState":false,"_pose":"Running","_animationQueue":[],"_animationSpeed":1.103,"_zoom":20.656},{"_mousePosition":[601,319],"_rootPartCFrame":[759.325,224.697,47.027,-0.001,0,1,0,1,0,-1,0,-0.001],"_humanoidState":8,"_cameraCFrame":[769.658,244.082,46.995,-0.003,-0.866,0.5,0,0.5,0.866,-1,0.003,-0.002],"_shiftlockState":false,"_pose":"Running","_animationQueue":[],"_animationSpeed":1.103,"_zoom":20.656},{"_mousePosition":[601,319],"_rootPartCFrame":[759.058,224.698,47.027,-0.002,0,1,0,1,0,-1,0,-0.002],"_humanoidState":8,"_cameraCFrame":[769.391,244.084,46.996,-0.003,-0.866,0.5,0,0.5,0.866,-1,0.003,-0.002],"_shiftlockState":false,"_pose":"Running","_animationQueue":[],"_animationSpeed":1.103,"_zoom":20.656},{"_mousePosition":[601,319],"_rootPartCFrame":[758.792,224.698,47.028,-0.002,0,1,0,1,0,-1,0,-0.002],"_humanoidState":8,"_cameraCFrame":[769.125,244.084,46.997,-0.003,-0.866,0.5,0,0.5,0.866,-1,0.003,-0.002],"_shiftlockState":false,"_pose":"Running","_animationQueue":[["walk",0.1]],"_animationSpeed":1.103,"_zoom":20.656},{"_mousePosition":[601,319],"_rootPartCFrame":[758.525,224.699,47.029,-0.002,0,1,0,1,0,-1,0,-0.002],"_humanoidState":8,"_cameraCFrame":[768.858,244.085,46.998,-0.003,-0.866,0.5,0,0.5,0.866,-1,0.003,-0.002],"_shiftlockState":false,"_pose":"Running","_animationQueue":[],"_animationSpeed":1.103,"_zoom":20.656},{"_mousePosition":[601,319],"_rootPartCFrame":[758.258,224.699,47.03,-0.002,0,1,0,1,0,-1,0,-0.002],"_humanoidState":8,"_cameraCFrame":[768.591,244.085,46.998,-0.003,-0.866,0.5,0,0.5,0.866,-1,0.003,-0.002],"_shiftlockState":false,"_pose":"Running","_animationQueue":[],"_animationSpeed":1.103,"_zoom":20.656},{"_mousePosition":[601,319],"_rootPartCFrame":[757.992,224.699,47.031,-0.002,0,1,0,1,0,-1,0,-0.002],"_humanoidState":8,"_cameraCFrame":[768.324,244.085,46.999,-0.003,-0.866,0.5,0,0.5,0.866,-1,0.003,-0.002],"_shiftlockState":false,"_pose":"Running","_animationQueue":[],"_animationSpeed":1.103,"_zoom":20.656},{"_mousePosition":[601,319],"_rootPartCFrame":[757.725,224.699,47.032,-0.002,0,1,0,1,0,-1,0,-0.002],"_humanoidState":8,"_cameraCFrame":[768.058,244.085,47,-0.003,-0.866,0.5,0,0.5,0.866,-1,0.003,-0.002],"_shiftlockState":false,"_pose":"Running","_animationQueue":[],"_animationSpeed":1.103,"_zoom":20.656},{"_mousePosition":[601,319],"_rootPartCFrame":[757.458,224.699,47.032,-0.002,0,1,0,1,0,-1,0,-0.002],"_humanoidState":8,"_cameraCFrame":[767.791,244.085,47.001,-0.003,-0.866,0.5,0,0.5,0.866,-1,0.003,-0.002],"_shiftlockState":false,"_pose":"Running","_animationQueue":[],"_animationSpeed":1.103,"_zoom":20.656},{"_mousePosition":[601,319],"_rootPartCFrame":[757.191,224.699,47.033,-0.003,0,1,0,1,0,-1,0,-0.003],"_humanoidState":8,"_cameraCFrame":[767.524,244.085,47.002,-0.003,-0.866,0.5,0,0.5,0.866,-1,0.003,-0.002],"_shiftlockState":false,"_pose":"Running","_animationQueue":[],"_animationSpeed":1.103,"_zoom":20.656},{"_mousePosition":[601,319],"_rootPartCFrame":[756.925,224.699,47.034,-0.003,0,1,0,1,0,-1,0,-0.003],"_humanoidState":8,"_cameraCFrame":[767.257,244.085,47.002,-0.003,-0.866,0.5,0,0.5,0.866,-1,0.003,-0.002],"_shiftlockState":false,"_pose":"Running","_animationQueue":[["walk",0.1]],"_animationSpeed":1.103,"_zoom":20.656},{"_mousePosition":[601,319],"_rootPartCFrame":[756.658,224.699,47.035,-0.003,0,1,0,1,0,-1,0,-0.003],"_humanoidState":8,"_cameraCFrame":[766.991,244.085,47.003,-0.003,-0.866,0.5,0,0.5,0.866,-1,0.003,-0.002],"_shiftlockState":false,"_pose":"Running","_animationQueue":[],"_animationSpeed":1.103,"_zoom":20.656},{"_mousePosition":[601,319],"_rootPartCFrame":[756.391,224.699,47.036,-0.003,0,1,0,1,0,-1,0,-0.003],"_humanoidState":8,"_cameraCFrame":[766.724,244.085,47.004,-0.003,-0.866,0.5,0,0.5,0.866,-1,0.003,-0.002],"_shiftlockState":false,"_pose":"Running","_animationQueue":[],"_animationSpeed":1.103,"_zoom":20.656},{"_mousePosition":[601,319],"_rootPartCFrame":[756.125,224.699,47.036,-0.003,0,1,0,1,0,-1,0,-0.003],"_humanoidState":8,"_cameraCFrame":[766.457,244.085,47.005,-0.003,-0.866,0.5,0,0.5,0.866,-1,0.003,-0.002],"_shiftlockState":false,"_pose":"Running","_animationQueue":[],"_animationSpeed":1.103,"_zoom":20.656},{"_mousePosition":[601,319],"_rootPartCFrame":[755.858,224.699,47.037,-0.003,0,1,0,1,0,-1,0,-0.003],"_humanoidState":8,"_cameraCFrame":[766.191,244.085,47.006,-0.003,-0.866,0.5,0,0.5,0.866,-1,0.003,-0.002],"_shiftlockState":false,"_pose":"Running","_animationQueue":[],"_animationSpeed":1.103,"_zoom":20.656},{"_mousePosition":[601,319],"_rootPartCFrame":[755.591,224.699,47.038,-0.003,0,1,0,1,0,-1,0,-0.003],"_humanoidState":8,"_cameraCFrame":[765.924,244.085,47.007,-0.003,-0.866,0.5,0,0.5,0.866,-1,0.003,-0.002],"_shiftlockState":false,"_pose":"Running","_animationQueue":[],"_animationSpeed":1.103,"_zoom":20.656},{"_mousePosition":[601,319],"_rootPartCFrame":[755.324,224.699,47.039,-0.003,0,1,0,1,0,-1,0,-0.003],"_humanoidState":8,"_cameraCFrame":[765.657,244.085,47.007,-0.003,-0.866,0.5,0,0.5,0.866,-1,0.003,-0.002],"_shiftlockState":false,"_pose":"Running","_animationQueue":[],"_animationSpeed":1.103,"_zoom":20.656},{"_mousePosition":[601,319],"_rootPartCFrame":[755.058,224.699,47.04,-0.003,0,1,0,1,0,-1,0,-0.003],"_humanoidState":8,"_cameraCFrame":[765.39,244.085,47.008,-0.003,-0.866,0.5,0,0.5,0.866,-1,0.003,-0.002],"_shiftlockState":false,"_pose":"Running","_animationQueue":[["walk",0.1]],"_animationSpeed":1.103,"_zoom":20.656},{"_mousePosition":[601,319],"_rootPartCFrame":[754.791,224.699,47.04,-0.003,0,1,0,1,0,-1,0,-0.003],"_humanoidState":8,"_cameraCFrame":[765.124,244.085,47.009,-0.003,-0.866,0.5,0,0.5,0.866,-1,0.003,-0.002],"_shiftlockState":false,"_pose":"Running","_animationQueue":[],"_animationSpeed":1.103,"_zoom":20.656},{"_mousePosition":[601,319],"_rootPartCFrame":[754.524,224.699,47.041,-0.003,0,1,0,1,0,-1,0,-0.003],"_humanoidState":8,"_cameraCFrame":[764.857,244.085,47.01,-0.003,-0.866,0.5,0,0.5,0.866,-1,0.003,-0.002],"_shiftlockState":false,"_pose":"Running","_animationQueue":[],"_animationSpeed":1.103,"_zoom":20.656},{"_mousePosition":[601,319],"_rootPartCFrame":[754.257,224.699,47.042,-0.003,0,1,0,1,0,-1,0,-0.003],"_humanoidState":8,"_cameraCFrame":[764.59,244.085,47.011,-0.003,-0.866,0.5,0,0.5,0.866,-1,0.003,-0.002],"_shiftlockState":false,"_pose":"Running","_animationQueue":[],"_animationSpeed":1.103,"_zoom":20.656},{"_mousePosition":[601,319],"_rootPartCFrame":[753.991,224.699,47.043,-0.003,0,1,0,1,0,-1,0,-0.003],"_humanoidState":8,"_cameraCFrame":[764.323,244.085,47.011,-0.003,-0.866,0.5,0,0.5,0.866,-1,0.003,-0.002],"_shiftlockState":false,"_pose":"Running","_animationQueue":[],"_animationSpeed":1.103,"_zoom":20.656},{"_mousePosition":[601,319],"_rootPartCFrame":[753.724,224.699,47.044,-0.003,0,1,0,1,0,-1,0,-0.003],"_humanoidState":8,"_cameraCFrame":[764.057,244.085,47.012,-0.003,-0.866,0.5,0,0.5,0.866,-1,0.003,-0.002],"_shiftlockState":false,"_pose":"Running","_animationQueue":[],"_animationSpeed":1.103,"_zoom":20.656},{"_mousePosition":[601,319],"_rootPartCFrame":[753.457,225.572,47.044,-0.003,0,1,0,1,0,-1,0,-0.003],"_humanoidState":3,"_cameraCFrame":[763.79,244.958,47.013,-0.003,-0.866,0.5,0,0.5,0.866,-1,0.003,-0.002],"_shiftlockState":false,"_pose":"Jumping","_animationQueue":[["walk",0.1],["walk",0.1],["jump",0.1]],"_animationSpeed":1,"_zoom":20.656},{"_mousePosition":[601,319],"_rootPartCFrame":[753.191,226.394,47.045,-0.003,0,1,0,1,0,-1,0,-0.003],"_humanoidState":5,"_cameraCFrame":[763.524,245.78,47.014,-0.003,-0.866,0.5,0,0.5,0.866,-1,0.003,-0.002],"_shiftlockState":false,"_pose":"FreeFall","_animationQueue":[["jump",0.1]],"_animationSpeed":1,"_zoom":20.656},{"_mousePosition":[601,319],"_rootPartCFrame":[752.924,227.162,47.046,-0.003,0,1,0,1,0,-1,0,-0.003],"_humanoidState":5,"_cameraCFrame":[763.257,246.548,47.015,-0.003,-0.866,0.5,0,0.5,0.866,-1,0.003,-0.002],"_shiftlockState":false,"_pose":"FreeFall","_animationQueue":[],"_animationSpeed":1,"_zoom":20.656},{"_mousePosition":[601,319],"_rootPartCFrame":[752.658,227.875,47.047,-0.003,0,1,0,1,0,-1,0,-0.003],"_humanoidState":5,"_cameraCFrame":[762.99,247.261,47.015,-0.003,-0.866,0.5,0,0.5,0.866,-1,0.003,-0.002],"_shiftlockState":false,"_pose":"FreeFall","_animationQueue":[],"_animationSpeed":1,"_zoom":20.656},{"_mousePosition":[601,319],"_rootPartCFrame":[752.391,228.533,47.048,-0.003,0,1,0,1,0,-1,0,-0.003],"_humanoidState":5,"_cameraCFrame":[762.724,247.919,47.016,-0.003,-0.866,0.5,0,0.5,0.866,-1,0.003,-0.002],"_shiftlockState":false,"_pose":"FreeFall","_animationQueue":[],"_animationSpeed":1,"_zoom":20.656},{"_mousePosition":[601,319],"_rootPartCFrame":[752.124,229.137,47.049,-0.003,0,1,0,1,0,-1,0,-0.003],"_humanoidState":5,"_cameraCFrame":[762.457,248.523,47.017,-0.003,-0.866,0.5,0,0.5,0.866,-1,0.003,-0.002],"_shiftlockState":false,"_pose":"FreeFall","_animationQueue":[],"_animationSpeed":1,"_zoom":20.656},{"_mousePosition":[601,319],"_rootPartCFrame":[751.858,229.687,47.049,-0.003,0,1,0,1,0,-1,0,-0.003],"_humanoidState":5,"_cameraCFrame":[762.156,249.093,47.018,-0.003,-0.867,0.499,0,0.499,0.867,-1,0.003,-0.002],"_shiftlockState":false,"_pose":"FreeFall","_animationQueue":[],"_animationSpeed":1,"_zoom":20.656},{"_mousePosition":[601,319],"_rootPartCFrame":[751.591,230.182,47.05,-0.003,0,1,0,1,0,-1,0,-0.003],"_humanoidState":5,"_cameraCFrame":[761.889,249.588,47.019,-0.003,-0.867,0.499,0,0.499,0.867,-1,0.003,-0.002],"_shiftlockState":false,"_pose":"FreeFall","_animationQueue":[],"_animationSpeed":1,"_zoom":20.656},{"_mousePosition":[601,319],"_rootPartCFrame":[751.325,230.623,47.051,-0.003,0,1,0,1,0,-1,0,-0.003],"_humanoidState":5,"_cameraCFrame":[761.622,250.029,47.02,-0.003,-0.867,0.499,0,0.499,0.867,-1,0.003,-0.002],"_shiftlockState":false,"_pose":"FreeFall","_animationQueue":[],"_animationSpeed":1,"_zoom":20.656},{"_mousePosition":[601,319],"_rootPartCFrame":[751.058,231.009,47.052,-0.003,0,1,0,1,0,-1,0,-0.003],"_humanoidState":5,"_cameraCFrame":[761.356,250.415,47.02,-0.003,-0.867,0.499,0,0.499,0.867,-1,0.003,-0.002],"_shiftlockState":false,"_pose":"FreeFall","_animationQueue":[],"_animationSpeed":1,"_zoom":20.656},{"_mousePosition":[601,319],"_rootPartCFrame":[750.791,231.34,47.053,-0.003,0,1,0,1,0,-1,0,-0.003],"_humanoidState":5,"_cameraCFrame":[761.089,250.746,47.021,-0.003,-0.867,0.499,0,0.499,0.867,-1,0.003,-0.002],"_shiftlockState":false,"_pose":"FreeFall","_animationQueue":[],"_animationSpeed":1,"_zoom":20.656},{"_mousePosition":[601,319],"_rootPartCFrame":[750.525,231.617,47.053,-0.003,0,1,0,1,0,-1,0,-0.003],"_humanoidState":5,"_cameraCFrame":[760.823,251.023,47.022,-0.003,-0.867,0.499,0,0.499,0.867,-1,0.003,-0.002],"_shiftlockState":false,"_pose":"FreeFall","_animationQueue":[],"_animationSpeed":1,"_zoom":20.656},{"_mousePosition":[601,319],"_rootPartCFrame":[750.258,231.84,47.054,-0.003,0,1,0,1,0,-1,0,-0.003],"_humanoidState":5,"_cameraCFrame":[760.556,251.246,47.023,-0.003,-0.867,0.499,0,0.499,0.867,-1,0.003,-0.002],"_shiftlockState":false,"_pose":"FreeFall","_animationQueue":[],"_animationSpeed":1,"_zoom":20.656},{"_mousePosition":[601,319],"_rootPartCFrame":[749.992,232.008,47.055,-0.003,0,1,0,1,0,-1,0,-0.003],"_humanoidState":5,"_cameraCFrame":[760.254,251.434,46.998,-0.006,-0.868,0.497,0,0.497,0.868,-1,0.005,-0.003],"_shiftlockState":false,"_pose":"FreeFall","_animationQueue":[],"_animationSpeed":1,"_zoom":20.656},{"_mousePosition":[601,319],"_rootPartCFrame":[749.725,232.121,47.056,-0.003,0,1,0,1,0,-1,0,-0.003],"_humanoidState":5,"_cameraCFrame":[759.953,251.567,46.973,-0.008,-0.869,0.495,0,0.495,0.869,-1,0.007,-0.004],"_shiftlockState":false,"_pose":"FreeFall","_animationQueue":[],"_animationSpeed":1,"_zoom":20.656},{"_mousePosition":[601,319],"_rootPartCFrame":[749.392,232.186,47.058,-0.003,0,1,0,1,0,-1,0,-0.003],"_humanoidState":5,"_cameraCFrame":[759.584,251.652,46.975,-0.008,-0.87,0.493,0,0.493,0.87,-1,0.007,-0.004],"_shiftlockState":false,"_pose":"FreeFall","_animationQueue":[],"_animationSpeed":1,"_zoom":20.656},{"_mousePosition":[601,319],"_rootPartCFrame":[749.192,232.185,47.059,-0.004,0,1,0,1,0,-1,0,-0.004],"_humanoidState":5,"_cameraCFrame":[759.349,251.67,46.977,-0.008,-0.871,0.492,0,0.492,0.871,-1,0.007,-0.004],"_shiftlockState":false,"_pose":"FreeFall","_animationQueue":[],"_animationSpeed":1,"_zoom":20.656},{"_mousePosition":[601,319],"_rootPartCFrame":[748.925,232.135,47.061,-0.004,0,1,0,1,0,-1,0,-0.004],"_humanoidState":5,"_cameraCFrame":[759.083,251.62,46.979,-0.008,-0.871,0.492,0,0.492,0.871,-1,0.007,-0.004],"_shiftlockState":false,"_pose":"FreeFall","_animationQueue":[],"_animationSpeed":1,"_zoom":20.656},{"_mousePosition":[601,319],"_rootPartCFrame":[748.659,232.03,47.063,-0.005,0,1,0,1,0,-1,0,-0.005],"_humanoidState":5,"_cameraCFrame":[758.816,251.516,46.981,-0.008,-0.871,0.492,0,0.492,0.871,-1,0.007,-0.004],"_shiftlockState":false,"_pose":"FreeFall","_animationQueue":[],"_animationSpeed":1,"_zoom":20.656},{"_mousePosition":[601,319],"_rootPartCFrame":[748.392,231.871,47.066,-0.005,0,1,0,1,0,-1,0,-0.005],"_humanoidState":5,"_cameraCFrame":[758.55,251.357,46.983,-0.008,-0.871,0.492,0,0.492,0.871,-1,0.007,-0.004],"_shiftlockState":false,"_pose":"FreeFall","_animationQueue":[],"_animationSpeed":1,"_zoom":20.656},{"_mousePosition":[601,319],"_rootPartCFrame":[748.125,231.658,47.068,-0.006,0,1,0,1,0,-1,0,-0.006],"_humanoidState":5,"_cameraCFrame":[758.283,251.143,46.985,-0.008,-0.871,0.492,0,0.492,0.871,-1,0.007,-0.004],"_shiftlockState":false,"_pose":"FreeFall","_animationQueue":[],"_animationSpeed":1,"_zoom":20.656},{"_mousePosition":[601,319],"_rootPartCFrame":[747.859,231.39,47.07,-0.006,0,1,0,1,0,-1,0,-0.006],"_humanoidState":5,"_cameraCFrame":[758.016,250.876,46.988,-0.008,-0.871,0.492,0,0.492,0.871,-1,0.007,-0.004],"_shiftlockState":false,"_pose":"FreeFall","_animationQueue":[["fall",0.3]],"_animationSpeed":1,"_zoom":20.656},{"_mousePosition":[601,319],"_rootPartCFrame":[747.592,231.067,47.072,-0.006,0,1,0,1,0,-1,0,-0.006],"_humanoidState":5,"_cameraCFrame":[757.75,250.553,46.99,-0.008,-0.871,0.492,0,0.492,0.871,-1,0.007,-0.004],"_shiftlockState":false,"_pose":"FreeFall","_animationQueue":[],"_animationSpeed":1,"_zoom":20.656},{"_mousePosition":[601,319],"_rootPartCFrame":[747.326,230.69,47.074,-0.007,0,1,0,1,0,-1,0,-0.007],"_humanoidState":5,"_cameraCFrame":[757.483,250.176,46.992,-0.008,-0.871,0.492,0,0.492,0.871,-1,0.007,-0.004],"_shiftlockState":false,"_pose":"FreeFall","_animationQueue":[],"_animationSpeed":1,"_zoom":20.656},{"_mousePosition":[601,319],"_rootPartCFrame":[747.059,230.259,47.076,-0.007,0,1,0,1,0,-1,0,-0.007],"_humanoidState":5,"_cameraCFrame":[757.217,249.745,46.994,-0.008,-0.871,0.492,0,0.492,0.871,-1,0.007,-0.004],"_shiftlockState":false,"_pose":"FreeFall","_animationQueue":[],"_animationSpeed":1,"_zoom":20.656},{"_mousePosition":[601,319],"_rootPartCFrame":[746.792,229.773,47.079,-0.007,0,1,0,1,0,-1,0,-0.007],"_humanoidState":5,"_cameraCFrame":[756.95,249.259,46.996,-0.008,-0.871,0.492,0,0.492,0.871,-1,0.007,-0.004],"_shiftlockState":false,"_pose":"FreeFall","_animationQueue":[],"_animationSpeed":1,"_zoom":20.656},{"_mousePosition":[601,319],"_rootPartCFrame":[746.526,229.232,47.081,-0.007,0,1,0,1,0,-1,0,-0.007],"_humanoidState":7,"_cameraCFrame":[756.683,248.718,46.998,-0.008,-0.871,0.492,0,0.492,0.871,-1,0.007,-0.004],"_shiftlockState":false,"_pose":"FreeFall","_animationQueue":[["walk",0.1],["fall",0.3],["fall",0.3]],"_animationSpeed":1,"_zoom":20.656},{"_mousePosition":[601,319],"_rootPartCFrame":[746.259,228.637,47.083,-0.007,0,1,0,1,0,-1,0,-0.007],"_humanoidState":7,"_cameraCFrame":[756.417,248.123,47.001,-0.008,-0.871,0.492,0,0.492,0.871,-1,0.007,-0.004],"_shiftlockState":false,"_pose":"FreeFall","_animationQueue":[],"_animationSpeed":1,"_zoom":20.656},{"_mousePosition":[601,319],"_rootPartCFrame":[745.993,228.529,47.085,-0.007,0,1,0,1,0,-1,0,-0.007],"_humanoidState":8,"_cameraCFrame":[756.15,248.014,47.003,-0.008,-0.871,0.492,0,0.492,0.871,-1,0.007,-0.004],"_shiftlockState":false,"_pose":"Running","_animationQueue":[["fall",0.3],["walk",0.1],["fall",0.3],["walk",0.1]],"_animationSpeed":1.103,"_zoom":20.656},{"_mousePosition":[601,319],"_rootPartCFrame":[745.726,228.59,47.087,-0.007,0,1,0,1,0,-1,0,-0.007],"_humanoidState":8,"_cameraCFrame":[755.884,248.075,47.005,-0.008,-0.871,0.492,0,0.492,0.871,-1,0.007,-0.004],"_shiftlockState":false,"_pose":"Running","_animationQueue":[],"_animationSpeed":1.103,"_zoom":20.656},{"_mousePosition":[601,319],"_rootPartCFrame":[745.459,228.638,47.089,-0.008,0,1,0,1,0,-1,0,-0.008],"_humanoidState":8,"_cameraCFrame":[755.617,248.123,47.007,-0.008,-0.871,0.492,0,0.492,0.871,-1,0.007,-0.004],"_shiftlockState":false,"_pose":"Running","_animationQueue":[],"_animationSpeed":1.103,"_zoom":20.656},{"_mousePosition":[601,319],"_rootPartCFrame":[745.193,228.666,47.092,-0.008,0,1,0,1,0,-1,0,-0.008],"_humanoidState":8,"_cameraCFrame":[755.35,248.151,47.009,-0.008,-0.871,0.492,0,0.492,0.871,-1,0.007,-0.004],"_shiftlockState":false,"_pose":"Running","_animationQueue":[],"_animationSpeed":1.103,"_zoom":20.656},{"_mousePosition":[601,319],"_rootPartCFrame":[744.926,228.681,47.094,-0.008,0,1,0,1,0,-1,0,-0.008],"_humanoidState":8,"_cameraCFrame":[755.084,248.167,47.011,-0.008,-0.871,0.492,0,0.492,0.871,-1,0.007,-0.004],"_shiftlockState":false,"_pose":"Running","_animationQueue":[],"_animationSpeed":1.103,"_zoom":20.656},{"_mousePosition":[601,319],"_rootPartCFrame":[744.66,228.69,47.096,-0.008,0,1,0,1,0,-1,0,-0.008],"_humanoidState":8,"_cameraCFrame":[754.817,248.175,47.014,-0.008,-0.871,0.492,0,0.492,0.871,-1,0.007,-0.004],"_shiftlockState":false,"_pose":"Running","_animationQueue":[],"_animationSpeed":1.103,"_zoom":20.656},{"_mousePosition":[601,319],"_rootPartCFrame":[744.393,228.694,47.098,-0.008,0,1,0,1,0,-1,0,-0.008],"_humanoidState":8,"_cameraCFrame":[754.551,248.18,47.016,-0.008,-0.871,0.492,0,0.492,0.871,-1,0.007,-0.004],"_shiftlockState":false,"_pose":"Running","_animationQueue":[["walk",0.1]],"_animationSpeed":1.103,"_zoom":20.656},{"_mousePosition":[601,319],"_rootPartCFrame":[744.126,228.696,47.1,-0.008,0,1,0,1,0,-1,0,-0.008],"_humanoidState":8,"_cameraCFrame":[754.284,248.182,47.018,-0.008,-0.871,0.492,0,0.492,0.871,-1,0.007,-0.004],"_shiftlockState":false,"_pose":"Running","_animationQueue":[],"_animationSpeed":1.103,"_zoom":20.656},{"_mousePosition":[601,319],"_rootPartCFrame":[743.86,228.698,47.102,-0.008,0,1,0,1,0,-1,0,-0.008],"_humanoidState":8,"_cameraCFrame":[754.017,248.183,47.02,-0.008,-0.871,0.492,0,0.492,0.871,-1,0.007,-0.004],"_shiftlockState":false,"_pose":"Running","_animationQueue":[],"_animationSpeed":1.103,"_zoom":20.656},{"_mousePosition":[601,319],"_rootPartCFrame":[743.593,228.698,47.104,-0.008,0,1,0,1,0,-1,0,-0.008],"_humanoidState":8,"_cameraCFrame":[753.751,248.184,47.022,-0.008,-0.871,0.492,0,0.492,0.871,-1,0.007,-0.004],"_shiftlockState":false,"_pose":"Running","_animationQueue":[],"_animationSpeed":1.103,"_zoom":20.656},{"_mousePosition":[601,319],"_rootPartCFrame":[743.193,228.699,47.108,-0.008,0,1,0,1,0,-1,0,-0.008],"_humanoidState":8,"_cameraCFrame":[753.351,248.185,47.025,-0.008,-0.871,0.492,0,0.492,0.871,-1,0.007,-0.004],"_shiftlockState":false,"_pose":"Running","_animationQueue":[],"_animationSpeed":1.103,"_zoom":20.656},{"_mousePosition":[601,319],"_rootPartCFrame":[742.927,228.699,47.11,-0.008,0,1,0,1,0,-1,0,-0.008],"_humanoidState":8,"_cameraCFrame":[753.084,248.185,47.028,-0.008,-0.871,0.492,0,0.492,0.871,-1,0.007,-0.004],"_shiftlockState":false,"_pose":"Running","_animationQueue":[],"_animationSpeed":1.103,"_zoom":20.656},{"_mousePosition":[601,319],"_rootPartCFrame":[742.66,228.699,47.112,-0.008,0,1,0,1,0,-1,0,-0.008],"_humanoidState":8,"_cameraCFrame":[752.818,248.185,47.03,-0.008,-0.871,0.492,0,0.492,0.871,-1,0.007,-0.004],"_shiftlockState":false,"_pose":"Running","_animationQueue":[["walk",0.1]],"_animationSpeed":1.103,"_zoom":20.656},{"_mousePosition":[601,319],"_rootPartCFrame":[742.527,228.699,47.113,-0.008,0,1,0,1,0,-1,0,-0.008],"_humanoidState":8,"_cameraCFrame":[752.684,248.185,47.031,-0.008,-0.871,0.492,0,0.492,0.871,-1,0.007,-0.004],"_shiftlockState":false,"_pose":"Running","_animationQueue":[],"_animationSpeed":1.103,"_zoom":20.656},{"_mousePosition":[601,319],"_rootPartCFrame":[742.26,228.699,47.115,-0.008,0,1,0,1,0,-1,0,-0.008],"_humanoidState":8,"_cameraCFrame":[752.418,248.185,47.033,-0.008,-0.871,0.492,0,0.492,0.871,-1,0.007,-0.004],"_shiftlockState":false,"_pose":"Running","_animationQueue":[],"_animationSpeed":1.103,"_zoom":20.656},{"_mousePosition":[601,319],"_rootPartCFrame":[741.994,228.699,47.117,-0.008,0,1,0,1,0,-1,0,-0.008],"_humanoidState":8,"_cameraCFrame":[752.151,248.185,47.035,-0.008,-0.871,0.492,0,0.492,0.871,-1,0.007,-0.004],"_shiftlockState":false,"_pose":"Running","_animationQueue"