[{"_mousePosition":[754,357],"_rootPartCFrame":[776.032,222.7,47.142,0,0,1,0,1,0,-1,0,0],"_humanoidState":8,"_cameraCFrame":[776.248,244.189,41.941,-0.999,-0.04,0.01,0,0.252,0.968,-0.041,0.967,-0.252],"_shiftlockState":false,"_pose":"Standing","_animationQueue":[],"_animationSpeed":1,"_zoom":20.656},{"_mousePosition":[754,357],"_rootPartCFrame":[775.861,222.7,47.135,0.004,0,1,0,1,0,-1,0,0.004],"_humanoidState":8,"_cameraCFrame":[776.077,244.189,41.934,-0.999,-0.04,0.01,0,0.252,0.968,-0.041,0.967,-0.252],"_shiftlockState":false,"_pose":"Standing","_animationQueue":[],"_animationSpeed":1,"_zoom":20.656},{"_mousePosition":[754,357],"_rootPartCFrame":[775.596,222.7,47.124,0.009,0,1,0,1,0,-1,0,0.009],"_humanoidState":8,"_cameraCFrame":[775.838,244.189,41.924,-0.999,-0.045,0.012,0,0.252,0.968,-0.046,0.967,-0.252],"_shiftlockState":false,"_pose":"Running","_animationQueue":[["walk",0.1]],"_animationSpeed":1.003,"_zoom":20.656},{"_mousePosition":[754,357],"_rootPartCFrame":[775.33,222.7,47.113,0.013,0,1,0,1,0,-1,0,0.013],"_humanoidState":8,"_cameraCFrame":[775.611,244.189,41.915,-0.999,-0.052,0.014,0,0.252,0.968,-0.054,0.966,-0.252],"_shiftlockState":false,"_pose":"Running","_animationQueue":[["walk",0.1],["walk",0.1]],"_animationSpeed":1.101,"_zoom":20.656},{"_mousePosition":[754,357],"_rootPartCFrame":[775.064,222.7,47.101,0.018,0,1,0,1,0,-1,0,0.018],"_humanoidState":8,"_cameraCFrame":[775.395,244.199,41.945,-0.998,-0.062,0.016,0,0.25,0.968,-0.064,0.966,-0.25],"_shiftlockState":false,"_pose":"Running","_animationQueue":[],"_animationSpeed":1.101,"_zoom":20.656},{"_mousePosition":[754,357],"_rootPartCFrame":[774.797,222.7,47.087,0.023,0,1,0,1,0,-1,0,0.023],"_humanoidState":8,"_cameraCFrame":[775.201,244.219,42.014,-0.997,-0.077,0.02,0,0.246,0.969,-0.079,0.966,-0.246],"_shiftlockState":false,"_pose":"Running","_animationQueue":[],"_animationSpeed":1.101,"_zoom":20.656},{"_mousePosition":[754,357],"_rootPartCFrame":[774.531,222.7,47.07,0.028,0,1,0,1,0,-1,0,0.028],"_humanoidState":8,"_cameraCFrame":[775.03,244.239,42.084,-0.995,-0.097,0.024,0,0.243,0.97,-0.099,0.965,-0.241],"_shiftlockState":false,"_pose":"Running","_animationQueue":[],"_animationSpeed":1.101,"_zoom":20.656},{"_mousePosition":[754,357],"_rootPartCFrame":[774.265,222.7,47.049,0.035,0,0.999,0,1,0,-0.999,0,0.035],"_humanoidState":8,"_cameraCFrame":[774.855,244.258,42.152,-0.993,-0.116,0.029,0,0.239,0.971,-0.12,0.964,-0.237],"_shiftlockState":false,"_pose":"Running","_animationQueue":[],"_animationSpeed":1.101,"_zoom":20.656},{"_mousePosition":[754,357],"_rootPartCFrame":[774,222.7,47.023,0.043,0,0.999,0,1,0,-0.999,0,0.043],"_humanoidState":8,"_cameraCFrame":[774.702,244.277,42.219,-0.989,-0.141,0.034,0,0.235,0.972,-0.145,0.962,-0.233],"_shiftlockState":false,"_pose":"Running","_animationQueue":[],"_animationSpeed":1.101,"_zoom":20.656},{"_mousePosition":[754,357],"_rootPartCFrame":[773.735,222.7,46.991,0.053,0,0.999,0,1,0,-0.999,0,0.053],"_humanoidState":8,"_cameraCFrame":[774.522,244.296,42.28,-0.986,-0.16,0.038,0,0.231,0.973,-0.165,0.96,-0.228],"_shiftlockState":false,"_pose":"Running","_animationQueue":[],"_animationSpeed":1.101,"_zoom":20.656},{"_mousePosition":[754,357],"_rootPartCFrame":[773.471,222.7,46.953,0.065,0,0.998,0,1,0,-0.998,0,0.065],"_humanoidState":8,"_cameraCFrame":[774.317,244.296,42.253,-0.984,-0.172,0.041,0,0.231,0.973,-0.177,0.958,-0.228],"_shiftlockState":false,"_pose":"Running","_animationQueue":[["walk",0.1]],"_animationSpeed":1.101,"_zoom":20.656},{"_mousePosition":[754,357],"_rootPartCFrame":[773.208,222.7,46.91,0.078,0,0.997,0,1,0,-0.997,0,0.078],"_humanoidState":8,"_cameraCFrame":[774.059,244.305,42.25,-0.984,-0.175,0.041,0,0.229,0.973,-0.18,0.958,-0.226],"_shiftlockState":false,"_pose":"Running","_animationQueue":[],"_animationSpeed":1.101,"_zoom":20.656},{"_mousePosition":[754,357],"_rootPartCFrame":[772.946,222.7,46.863,0.092,0,0.996,0,1,0,-0.996,0,0.092],"_humanoidState":8,"_cameraCFrame":[773.797,244.305,42.203,-0.984,-0.175,0.041,0,0.229,0.973,-0.18,0.958,-0.226],"_shiftlockState":false,"_pose":"Running","_animationQueue":[],"_animationSpeed":1.101,"_zoom":20.656},{"_mousePosition":[754,357],"_rootPartCFrame":[772.683,222.7,46.815,0.104,0,0.995,0,1,0,-0.995,0,0.104],"_humanoidState":8,"_cameraCFrame":[773.534,244.305,42.155,-0.984,-0.175,0.041,0,0.229,0.973,-0.18,0.958,-0.226],"_shiftlockState":false,"_pose":"Running","_animationQueue":[],"_animationSpeed":1.101,"_zoom":20.656},{"_mousePosition":[754,357],"_rootPartCFrame":[772.421,222.7,46.767,0.114,0,0.993,0,1,0,-0.993,0,0.114],"_humanoidState":8,"_cameraCFrame":[773.272,244.305,42.107,-0.984,-0.175,0.041,0,0.229,0.973,-0.18,0.958,-0.226],"_shiftlockState":false,"_pose":"Running","_animationQueue":[],"_animationSpeed":1.101,"_zoom":20.656},{"_mousePosition":[754,357],"_rootPartCFrame":[772.159,222.7,46.719,0.123,0,0.992,0,1,0,-0.992,0,0.123],"_humanoidState":8,"_cameraCFrame":[773.01,244.305,42.059,-0.984,-0.175,0.041,0,0.229,0.973,-0.18,0.958,-0.226],"_shiftlockState":false,"_pose":"Running","_animationQueue":[],"_animationSpeed":1.101,"_zoom":20.656},{"_mousePosition":[754,357],"_rootPartCFrame":[771.896,222.7,46.671,0.131,0,0.991,0,1,0,-0.991,0,0.131],"_humanoidState":8,"_cameraCFrame":[772.759,244.305,42.014,-0.983,-0.177,0.042,0,0.229,0.973,-0.182,0.957,-0.225],"_shiftlockState":false,"_pose":"Running","_animationQueue":[["walk",0.1]],"_animationSpeed":1.101,"_zoom":20.656},{"_mousePosition":[754,357],"_rootPartCFrame":[771.634,222.7,46.623,0.137,0,0.991,0,1,0,-0.991,0,0.137],"_humanoidState":8,"_cameraCFrame":[772.497,244.305,41.966,-0.983,-0.177,0.042,0,0.229,0.973,-0.182,0.957,-0.225],"_shiftlockState":false,"_pose":"Running","_animationQueue":[],"_animationSpeed":1.101,"_zoom":20.656},{"_mousePosition":[754,357],"_rootPartCFrame":[771.306,223.783,46.564,0.145,0,0.989,0,1,0,-0.989,0,0.145],"_humanoidState":3,"_cameraCFrame":[772.169,245.389,41.906,-0.983,-0.177,0.042,0,0.229,0.973,-0.182,0.957,-0.225],"_shiftlockState":false,"_pose":"Jumping","_animationQueue":[["walk",0.1],["jump",0.1]],"_animationSpeed":1,"_zoom":20.656},{"_mousePosition":[754,357],"_rootPartCFrame":[771.044,224.592,46.515,0.151,0,0.989,0,1,0,-0.989,0,0.151],"_humanoidState":5,"_cameraCFrame":[771.907,246.197,41.857,-0.983,-0.177,0.042,0,0.229,0.973,-0.182,0.957,-0.225],"_shiftlockState":false,"_pose":"FreeFall","_animationQueue":[["jump",0.1]],"_animationSpeed":1,"_zoom":20.656},{"_mousePosition":[754,357],"_rootPartCFrame":[770.782,225.346,46.466,0.155,0,0.988,0,1,0,-0.988,0,0.155],"_humanoidState":5,"_cameraCFrame":[771.649,246.96,41.849,-0.983,-0.18,0.042,0,0.227,0.974,-0.185,0.957,-0.224],"_shiftlockState":false,"_pose":"FreeFall","_animationQueue":[],"_animationSpeed":1,"_zoom":20.656},{"_mousePosition":[754,357],"_rootPartCFrame":[770.519,226.045,46.418,0.159,0,0.987,0,1,0,-0.987,0,0.159],"_humanoidState":5,"_cameraCFrame":[771.399,247.66,41.803,-0.982,-0.182,0.043,0,0.227,0.974,-0.187,0.957,-0.223],"_shiftlockState":false,"_pose":"FreeFall","_animationQueue":[],"_animationSpeed":1,"_zoom":20.656},{"_mousePosition":[754,357],"_rootPartCFrame":[770.257,226.69,46.369,0.163,0,0.987,0,1,0,-0.987,0,0.163],"_humanoidState":5,"_cameraCFrame":[771.141,248.314,41.795,-0.982,-0.185,0.043,0,0.226,0.974,-0.19,0.957,-0.221],"_shiftlockState":false,"_pose":"FreeFall","_animationQueue":[],"_animationSpeed":1,"_zoom":20.656},{"_mousePosition":[754,357],"_rootPartCFrame":[769.995,227.28,46.319,0.166,0,0.986,0,1,0,-0.986,0,0.166],"_humanoidState":5,"_cameraCFrame":[770.871,248.913,41.783,-0.982,-0.185,0.042,0,0.224,0.975,-0.19,0.957,-0.22],"_shiftlockState":false,"_pose":"FreeFall","_animationQueue":[],"_animationSpeed":1,"_zoom":20.656},{"_mousePosition":[754,357],"_rootPartCFrame":[769.734,227.816,46.269,0.169,0,0.986,0,1,0,-0.986,0,0.169],"_humanoidState":5,"_cameraCFrame":[770.609,249.449,41.733,-0.982,-0.185,0.042,0,0.224,0.975,-0.19,0.957,-0.22],"_shiftlockState":false,"_pose":"FreeFall","_animationQueue":[],"_animationSpeed":1,"_zoom":20.656},{"_mousePosition":[754,357],"_rootPartCFrame":[769.472,228.298,46.218,0.172,0,0.985,0,1,0,-0.985,0,0.172],"_humanoidState":5,"_cameraCFrame":[770.348,249.93,41.682,-0.982,-0.185,0.042,0,0.224,0.975,-0.19,0.957,-0.22],"_shiftlockState":false,"_pose":"FreeFall","_animationQueue":[],"_animationSpeed":1,"_zoom":20.656},{"_mousePosition":[754,357],"_rootPartCFrame":[769.21,228.725,46.167,0.174,0,0.985,0,1,0,-0.985,0,0.174],"_humanoidState":5,"_cameraCFrame":[770.097,250.357,41.634,-0.981,-0.187,0.043,0,0.224,0.975,-0.192,0.957,-0.219],"_shiftlockState":false,"_pose":"FreeFall","_animationQueue":[],"_animationSpeed":1,"_zoom":20.656},{"_mousePosition":[754,357],"_rootPartCFrame":[768.948,229.097,46.117,0.177,0,0.984,0,1,0,-0.984,0,0.177],"_humanoidState":5,"_cameraCFrame":[769.84,250.739,41.624,-0.981,-0.19,0.043,0,0.222,0.975,-0.195,0.956,-0.217],"_shiftlockState":false,"_pose":"FreeFall","_animationQueue":[],"_animationSpeed":1,"_zoom":20.656},{"_mousePosition":[754,357],"_rootPartCFrame":[768.687,229.415,46.066,0.179,0,0.984,0,1,0,-0.984,0,0.179],"_humanoidState":5,"_cameraCFrame":[769.601,251.057,41.578,-0.98,-0.195,0.044,0,0.222,0.975,-0.2,0.955,-0.217],"_shiftlockState":false,"_pose":"FreeFall","_animationQueue":[],"_animationSpeed":1,"_zoom":20.656},{"_mousePosition":[754,357],"_rootPartCFrame":[768.425,229.678,46.014,0.181,0,0.984,0,1,0,-0.984,0,0.181],"_humanoidState":5,"_cameraCFrame":[769.354,251.329,41.569,-0.979,-0.199,0.045,0,0.22,0.976,-0.204,0.955,-0.215],"_shiftlockState":false,"_pose":"FreeFall","_animationQueue":[],"_animationSpeed":1,"_zoom":20.656},{"_mousePosition":[754,357],"_rootPartCFrame":[768.164,229.887,45.961,0.183,0,0.983,0,1,0,-0.983,0,0.183],"_humanoidState":5,"_cameraCFrame":[769.115,251.538,41.521,-0.978,-0.204,0.046,0,0.22,0.976,-0.209,0.954,-0.215],"_shiftlockState":false,"_pose":"FreeFall","_animationQueue":[],"_animationSpeed":1,"_zoom":20.656},{"_mousePosition":[754,357],"_rootPartCFrame":[767.903,230.042,45.907,0.186,0,0.983,0,1,0,-0.983,0,0.186],"_humanoidState":5,"_cameraCFrame":[767.167,251.692,41.096,-0.977,-0.209,0.047,0,0.22,0.976,-0.214,0.953,-0.215],"_shiftlockState":true,"_pose":"FreeFall","_animationQueue":[],"_animationSpeed":1,"_zoom":20.656},{"_mousePosition":[683,384],"_rootPartCFrame":[767.577,230.158,45.837,-0.943,0,0.334,0,1,0,-0.334,0,-0.943],"_humanoidState":5,"_cameraCFrame":[766.841,251.809,41.026,-0.977,-0.209,0.047,0,0.22,0.976,-0.214,0.953,-0.215],"_shiftlockState":true,"_pose":"FreeFall","_animationQueue":[],"_animationSpeed":1,"_zoom":20.656},{"_mousePosition":[683,384],"_rootPartCFrame":[767.381,230.187,45.794,-0.951,0,0.308,0,1,0,-0.308,0,-0.951],"_humanoidState":5,"_cameraCFrame":[766.682,251.837,40.978,-0.975,-0.216,0.049,0,0.22,0.976,-0.222,0.951,-0.214],"_shiftlockState":true,"_pose":"FreeFall","_animationQueue":[],"_animationSpeed":1,"_zoom":20.656},{"_mousePosition":[683,384],"_rootPartCFrame":[767.121,230.178,45.737,-0.937,0,0.349,0,1,0,-0.349,0,-0.937],"_humanoidState":5,"_cameraCFrame":[766.461,251.837,40.953,-0.973,-0.226,0.05,0,0.218,0.976,-0.232,0.949,-0.212],"_shiftlockState":true,"_pose":"FreeFall","_animationQueue":[],"_animationSpeed":1,"_zoom":20.656},{"_mousePosition":[683,384],"_rootPartCFrame":[766.861,230.114,45.678,-0.933,0,0.359,0,1,0,-0.359,0,-0.933],"_humanoidState":5,"_cameraCFrame":[766.25,251.774,40.887,-0.97,-0.236,0.053,0,0.218,0.976,-0.241,0.947,-0.211],"_shiftlockState":true,"_pose":"FreeFall","_animationQueue":[["fall",0.3]],"_animationSpeed":1,"_zoom":20.656},{"_mousePosition":[683,384],"_rootPartCFrame":[766.601,229.996,45.617,-0.93,0,0.368,0,1,0,-0.368,0,-0.93],"_humanoidState":5,"_cameraCFrame":[766.029,251.664,40.858,-0.968,-0.245,0.054,0,0.216,0.976,-0.251,0.945,-0.209],"_shiftlockState":true,"_pose":"FreeFall","_animationQueue":[],"_animationSpeed":1,"_zoom":20.656},{"_mousePosition":[683,384],"_rootPartCFrame":[766.278,229.772,45.537,-0.913,0,0.408,0,1,0,-0.408,0,-0.913],"_humanoidState":5,"_cameraCFrame":[765.754,251.44,40.772,-0.965,-0.255,0.056,0,0.216,0.976,-0.261,0.943,-0.209],"_shiftlockState":true,"_pose":"FreeFall","_animationQueue":[],"_animationSpeed":1,"_zoom":20.656},{"_mousePosition":[683,384],"_rootPartCFrame":[766.084,229.596,45.487,-0.934,0,0.356,0,1,0,-0.356,0,-0.934],"_humanoidState":5,"_cameraCFrame":[765.598,251.273,40.755,-0.963,-0.265,0.058,0,0.214,0.977,-0.271,0.94,-0.206],"_shiftlockState":true,"_pose":"FreeFall","_animationQueue":[],"_animationSpeed":1,"_zoom":20.656},{"_mousePosition":[683,384],"_rootPartCFrame":[765.827,229.315,45.418,-0.918,0,0.396,0,1,0,-0.396,0,-0.918],"_humanoidState":5,"_cameraCFrame":[765.377,251,40.719,-0.96,-0.274,0.06,0,0.212,0.977,-0.281,0.938,-0.204],"_shiftlockState":true,"_pose":"FreeFall","_animationQueue":[],"_animationSpeed":1,"_zoom":20.656},{"_mousePosition":[683,384],"_rootPartCFrame":[765.57,228.979,45.346,-0.914,0,0.406,0,1,0,-0.406,0,-0.914],"_humanoidState":5,"_cameraCFrame":[765.156,250.664,40.644,-0.958,-0.281,0.061,0,0.212,0.977,-0.288,0.936,-0.203],"_shiftlockState":true,"_pose":"FreeFall","_animationQueue":[],"_animationSpeed":1,"_zoom":20.656},{"_mousePosition":[683,384],"_rootPartCFrame":[765.314,228.588,45.271,-0.911,0,0.413,0,1,0,-0.413,0,-0.911],"_humanoidState":5,"_cameraCFrame":[764.923,250.273,40.567,-0.956,-0.286,0.062,0,0.212,0.977,-0.293,0.934,-0.203],"_shiftlockState":true,"_pose":"FreeFall","_animationQueue":[],"_animationSpeed":1,"_zoom":20.656},{"_mousePosition":[683,384],"_rootPartCFrame":[764.994,228.023,45.176,-0.894,0,0.447,0,1,0,-0.447,0,-0.894],"_humanoidState":5,"_cameraCFrame":[764.616,249.709,40.471,-0.955,-0.288,0.063,0,0.212,0.977,-0.295,0.934,-0.203],"_shiftlockState":true,"_pose":"FreeFall","_animationQueue":[["fall",0.3]],"_animationSpeed":1,"_zoom":20.656},{"_mousePosition":[683,384],"_rootPartCFrame":[764.803,227.643,45.117,-0.921,0,0.389,0,1,0,-0.389,0,-0.921],"_humanoidState":5,"_cameraCFrame":[764.425,249.337,40.449,-0.955,-0.291,0.063,0,0.21,0.978,-0.298,0.933,-0.201],"_shiftlockState":true,"_pose":"FreeFall","_animationQueue":[],"_animationSpeed":1,"_zoom":20.656},{"_mousePosition":[683,384],"_rootPartCFrame":[764.548,227.089,45.039,-0.907,0,0.422,0,1,0,-0.422,0,-0.907],"_humanoidState":5,"_cameraCFrame":[764.194,248.783,40.369,-0.953,-0.296,0.064,0,0.21,0.978,-0.302,0.932,-0.2],"_shiftlockState":true,"_pose":"FreeFall","_animationQueue":[],"_animationSpeed":1,"_zoom":20.656},{"_mousePosition":[683,384],"_rootPartCFrame":[764.294,226.481,44.96,-0.905,0,0.426,0,1,0,-0.426,0,-0.905],"_humanoidState":5,"_cameraCFrame":[763.974,248.183,40.323,-0.95,-0.305,0.065,0,0.208,0.978,-0.312,0.929,-0.198],"_shiftlockState":true,"_pose":"FreeFall","_animationQueue":[],"_animationSpeed":1,"_zoom":20.656},{"_mousePosition":[683,384],"_rootPartCFrame":[764.039,225.817,44.879,-0.9,0,0.435,0,1,0,-0.435,0,-0.9],"_humanoidState":5,"_cameraCFrame":[763.741,247.536,40.315,-0.947,-0.315,0.066,0,0.205,0.979,-0.322,0.927,-0.194],"_shiftlockState":true,"_pose":"FreeFall","_animationQueue":[],"_animationSpeed":1,"_zoom":20.656},{"_mousePosition":[683,384],"_rootPartCFrame":[763.786,225.1,44.796,-0.896,0,0.445,0,1,0,-0.445,0,-0.896],"_humanoidState":5,"_cameraCFrame":[763.567,246.827,40.264,-0.94,-0.334,0.069,0,0.203,0.979,-0.341,0.921,-0.191],"_shiftlockState":true,"_pose":"FreeFall","_animationQueue":[],"_animationSpeed":1,"_zoom":20.656},{"_mousePosition":[683,384],"_rootPartCFrame":[763.533,224.328,44.711,-0.887,0,0.463,0,1,0,-0.463,0,-0.887],"_humanoidState":5,"_cameraCFrame":[763.355,246.071,40.249,-0.935,-0.348,0.071,0,0.199,0.98,-0.355,0.916,-0.186],"_shiftlockState":true,"_pose":"FreeFall","_animationQueue":[],"_animationSpeed":1,"_zoom":20.656},{"_mousePosition":[683,384],"_rootPartCFrame":[763.282,223.501,44.621,-0.879,0,0.476,0,1,0,-0.476,0,-0.879],"_humanoidState":5,"_cameraCFrame":[763.161,245.245,40.157,-0.93,-0.359,0.073,0,0.199,0.98,-0.367,0.912,-0.185],"_shiftlockState":true,"_pose":"FreeFall","_animationQueue":[["fall",0.3]],"_animationSpeed":1,"_zoom":20.656},{"_mousePosition":[683,384],"_rootPartCFrame":[763.033,222.62,44.527,-0.917,0,0.4,0,1,0,-0.4,0,-0.917],"_humanoidState":7,"_cameraCFrame":[762.956,244.363,40.062,-0.927,-0.369,0.075,0,0.199,0.98,-0.376,0.908,-0.184],"_shiftlockState":true,"_pose":"FreeFall","_animationQueue":[["walk",0.1],["fall",0.3],["fall",0.3]],"_animationSpeed":1,"_zoom":20.656},{"_mousePosition":[683,384],"_rootPartCFrame":[762.785,222.438,44.429,-0.926,0,0.379,0,1,0,-0.379,0,-0.926],"_humanoidState":7,"_cameraCFrame":[762.716,244.189,40.001,-0.925,-0.373,0.075,0,0.197,0.98,-0.381,0.907,-0.182],"_shiftlockState":true,"_pose":"FreeFall","_animationQueue":[],"_animationSpeed":1,"_zoom":20.656},{"_mousePosition":[683,384],"_rootPartCFrame":[762.537,222.524,44.329,-0.925,0,0.381,0,1,0,-0.381,0,-0.925],"_humanoidState":8,"_cameraCFrame":[762.469,244.276,39.901,-0.925,-0.373,0.075,0,0.197,0.98,-0.381,0.907,-0.182],"_shiftlockState":true,"_pose":"Running","_animationQueue":[["walk",0.1],["fall",0.3],["walk",0.1]],"_animationSpeed":1.103,"_zoom":20.656},{"_mousePosition":[683,384],"_rootPartCFrame":[762.291,222.6,44.228,-0.925,0,0.381,0,1,0,-0.381,0,-0.925],"_humanoidState":8,"_cameraCFrame":[762.222,244.351,39.8,-0.925,-0.373,0.075,0,0.197,0.98,-0.381,0.907,-0.182],"_shiftlockState":true,"_pose":"Running","_animationQueue":[],"_animationSpeed":1.103,"_zoom":20.656},{"_mousePosition":[683,384],"_rootPartCFrame":[762.044,222.645,44.127,-0.925,0,0.381,0,1,0,-0.381,0,-0.925],"_humanoidState":8,"_cameraCFrame":[761.975,244.396,39.698,-0.925,-0.373,0.075,0,0.197,0.98,-0.381,0.907,-0.182],"_shiftlockState":true,"_pose":"Running","_animationQueue":[],"_animationSpeed":1.103,"_zoom":20.656},{"_mousePosition":[683,384],"_rootPartCFrame":[761.797,222.669,44.025,-0.925,0,0.381,0,1,0,-0.381,0,-0.925],"_humanoidState":8,"_cameraCFrame":[761.729,244.421,39.597,-0.925,-0.373,0.075,0,0.197,0.98,-0.381,0.907,-0.182],"_shiftlockState":true,"_pose":"Running","_animationQueue":[],"_animationSpeed":1.103,"_zoom":20.656},{"_mousePosition":[683,384],"_rootPartCFrame":[761.551,222.683,43.923,-0.925,0,0.381,0,1,0,-0.381,0,-0.925],"_humanoidState":8,"_cameraCFrame":[761.482,244.434,39.495,-0.925,-0.373,0.075,0,0.197,0.98,-0.381,0.907,-0.182],"_shiftlockState":true,"_pose":"Running","_animationQueue":[["walk",0.1]],"_animationSpeed":1.103,"_zoom":20.656},{"_mousePosition":[683,384],"_rootPartCFrame":[761.304,222.69,43.822,-0.925,0,0.381,0,1,0,-0.381,0,-0.925],"_humanoidState":8,"_cameraCFrame":[761.236,244.442,39.394,-0.925,-0.373,0.075,0,0.197,0.98,-0.381,0.907,-0.182],"_shiftlockState":true,"_pose":"Running","_animationQueue":[],"_animationSpeed":1.103,"_zoom":20.656},{"_mousePosition":[683,384],"_rootPartCFrame":[761.058,222.694,43.72,-0.925,0,0.381,0,1,0,-0.381,0,-0.925],"_humanoidState":8,"_cameraCFrame":[760.974,244.454,39.328,-0.925,-0.374,0.074,0,0.195,0.981,-0.381,0.907,-0.18],"_shiftlockState":true,"_pose":"Running","_animationQueue":[],"_animationSpeed":1.103,"_zoom":20.656},{"_mousePosition":[683,384],"_rootPartCFrame":[760.811,222.697,43.619,-0.925,0,0.381,0,1,0,-0.381,0,-0.925],"_humanoidState":8,"_cameraCFrame":[760.635,244.464,39.266,-0.931,-0.358,0.07,0,0.193,0.981,-0.364,0.914,-0.18],"_shiftlockState":true,"_pose":"Running","_animationQueue":[],"_animationSpeed":1.103,"_zoom":20.656},{"_mousePosition":[683,384],"_rootPartCFrame":[760.565,222.698,43.517,-0.931,0,0.364,0,1,0,-0.364,0,-0.931],"_humanoidState":8,"_cameraCFrame":[760.287,244.473,39.206,-0.938,-0.339,0.066,0,0.191,0.982,-0.345,0.921,-0.179],"_shiftlockState":true,"_pose":"Running","_animationQueue":[],"_animationSpeed":1.103,"_zoom":20.656},{"_mousePosition":[683,384],"_rootPartCFrame":[760.317,222.698,43.419,-0.938,0,0.345,0,1,0,-0.345,0,-0.938],"_humanoidState":8,"_cameraCFrame":[759.906,244.481,39.155,-0.948,-0.313,0.06,0,0.189,0.982,-0.319,0.931,-0.179],"_shiftlockState":true,"_pose":"Running","_animationQueue":[],"_animationSpeed":1.103,"_zoom":20.656},{"_mousePosition":[683,384],"_rootPartCFrame":[760.067,222.699,43.327,-0.948,0,0.319,0,1,0,-0.319,0,-0.948],"_humanoidState":8,"_cameraCFrame":[759.516,244.489,39.114,-0.957,-0.285,0.054,0,0.187,0.982,-0.29,0.94,-0.179],"_shiftlockState":true,"_pose":"Running","_animationQueue":[["walk",0.1]],"_animationSpeed":1.103,"_zoom":20.656},{"_mousePosition":[683,384],"_rootPartCFrame":[759.814,222.699,43.24,-0.957,0,0.29,0,1,0,-0.29,0,-0.957],"_humanoidState":8,"_cameraCFrame":[759.115,244.497,39.087,-0.966,-0.254,0.048,0,0.185,0.983,-0.259,0.949,-0.179],"_shiftlockState":true,"_pose":"Running","_animationQueue":[],"_animationSpeed":1.103,"_zoom":20.656},{"_mousePosition":[683,384],"_rootPartCFrame":[759.561,223.562,43.155,-0.966,0,0.259,0,1,0,-0.259,0,-0.966],"_humanoidState":3,"_cameraCFrame":[758.675,245.367,39.074,-0.976,-0.213,0.04,0,0.184,0.983,-0.217,0.96,-0.179],"_shiftlockState":true,"_pose":"Jumping","_animationQueue":[["walk",0.1],["jump",0.1]],"_animationSpeed":1,"_zoom":20.656},{"_mousePosition":[683,384],"_rootPartCFrame":[759.305,224.37,43.083,-0.952,0,0.306,0,1,0,-0.306,0,-0.952],"_humanoidState":5,"_cameraCFrame":[758.213,246.175,39.052,-0.986,-0.164,0.031,0,0.184,0.983,-0.167,0.969,-0.181],"_shiftlockState":true,"_pose":"FreeFall","_animationQueue":[["jump",0.1]],"_animationSpeed":1,"_zoom":20.656},{"_mousePosition":[683,384],"_rootPartCFrame":[759.045,225.124,43.024,-0.956,0,0.292,0,1,0,-0.292,0,-0.956],"_humanoidState":5,"_cameraCFrame":[757.731,246.929,39.06,-0.994,-0.11,0.021,0,0.184,0.983,-0.112,0.977,-0.182],"_shiftlockState":true,"_pose":"FreeFall","_animationQueue":[],"_animationSpeed":1,"_zoom":20.656},{"_mousePosition":[683,384],"_rootPartCFrame":[758.782,225.824,42.977,-0.97,0,0.243,0,1,0,-0.243,0,-0.97],"_humanoidState":5,"_cameraCFrame":[757.23,247.629,39.1,-0.999,-0.051,0.009,0,0.184,0.983,-0.052,0.982,-0.183],"_shiftlockState":true,"_pose":"FreeFall","_animationQueue":[],"_animationSpeed":1,"_zoom":20.656},{"_mousePosition":[683,384],"_rootPartCFrame":[758.518,226.469,42.945,-0.983,0,0.184,0,1,0,-0.184,0,-0.983],"_humanoidState":5,"_cameraCFrame":[756.723,248.273,39.174,-1,0.011,-0.002,0,0.184,0.983,0.012,0.983,-0.184],"_shiftlockState":true,"_pose":"FreeFall","_animationQueue":[],"_animationSpeed":1,"_zoom":20.656},{"_mousePosition":[683,384],"_rootPartCFrame":[758.251,227.059,42.929,-0.993,0,0.121,0,1,0,-0.121,0,-0.993],"_humanoidState":5,"_cameraCFrame":[756.216,248.871,39.323,-0.997,0.076,-0.014,0,0.182,0.983,0.077,0.98,-0.181],"_shiftlockState":true,"_pose":"FreeFall","_animationQueue":[],"_animationSpeed":1,"_zoom":20.656},{"_mousePosition":[683,384],"_rootPartCFrame":[757.985,227.595,42.929,-0.998,0,0.056,0,1,0,-0.056,0,-0.998],"_humanoidState":5,"_cameraCFrame":[755.717,249.407,39.465,-0.99,0.14,-0.026,0,0.182,0.983,0.143,0.973,-0.18],"_shiftlockState":true,"_pose":"FreeFall","_animationQueue":[],"_animationSpeed":1,"_zoom":20.656},{"_mousePosition":[683,384],"_rootPartCFrame":[757.719,228.076,42.947,-1,0,-0.01,0,1,0,0.01,0,-1],"_humanoidState":5,"_cameraCFrame":[755.121,249.889,39.723,-0.971,0.236,-0.044,0,0.182,0.983,0.24,0.955,-0.176],"_shiftlockState":true,"_pose":"FreeFall","_animationQueue":[],"_animationSpeed":1,"_zoom":20.656},{"_mousePosition":[683,384],"_rootPartCFrame":[757.454,228.503,42.982,-0.994,0,-0.109,0,1,0,0.109,0,-0.994],"_humanoidState":5,"_cameraCFrame":[754.673,250.315,39.915,-0.955,0.291,-0.054,0,0.182,0.983,0.296,0.939,-0.174],"_shiftlockState":true,"_pose":"FreeFall","_animationQueue":[],"_animationSpeed":1,"_zoom":20.656},{"_mousePosition":[683,384],"_rootPartCFrame":[757.194,228.875,43.039,-0.986,0,-0.166,0,1,0,0.166,0,-0.986],"_humanoidState":5,"_cameraCFrame":[754.261,250.688,40.117,-0.939,0.338,-0.062,0,0.182,0.983,0.344,0.923,-0.171],"_shiftlockState":true,"_pose":"FreeFall","_animationQueue":[],"_animationSpeed":1,"_zoom":20.656},{"_mousePosition":[683,384],"_rootPartCFrame":[756.939,229.193,43.115,-0.976,0,-0.216,0,1,0,0.216,0,-0.976],"_humanoidState":5,"_cameraCFrame":[753.876,251.006,40.33,-0.922,0.38,-0.07,0,0.182,0.983,0.386,0.907,-0.168],"_shiftlockState":true,"_pose":"FreeFall","_animationQueue":[],"_animationSpeed":1,"_zoom":20.656},{"_mousePosition":[683,384],"_rootPartCFrame":[756.688,229.457,43.205,-0.966,0,-0.26,0,1,0,0.26,0,-0.966],"_humanoidState":5,"_cameraCFrame":[753.535,251.269,40.521,-0.909,0.409,-0.076,0,0.182,0.983,0.416,0.894,-0.165],"_shiftlockState":true,"_pose":"FreeFall","_animationQueue":[],"_animationSpeed":1,"_zoom":20.656},{"_mousePosition":[683,384],"_rootPartCFrame":[756.441,229.666,43.306,-0.957,0,-0.292,0,1,0,0.292,0,-0.957],"_humanoidState":5,"_cameraCFrame":[753.228,251.478,40.695,-0.9,0.43,-0.079,0,0.182,0.983,0.437,0.885,-0.163],"_shiftlockState":true,"_pose":"FreeFall","_animationQueue":[],"_animationSpeed":1,"_zoom":20.656},{"_mousePosition":[683,384],"_rootPartCFrame":[756.198,229.82,43.416,-0.95,0,-0.313,0,1,0,0.313,0,-0.95],"_humanoidState":5,"_cameraCFrame":[752.972,251.632,40.821,-0.897,0.434,-0.08,0,0.182,0.983,0.441,0.882,-0.163],"_shiftlockState":true,"_pose":"FreeFall","_animationQueue":[],"_animationSpeed":1,"_zoom":20.656},{"_mousePosition":[683,384],"_rootPartCFrame":[755.958,229.92,43.532,-0.948,0,-0.318,0,1,0,0.318,0,-0.948],"_humanoidState":5,"_cameraCFrame":[752.738,251.732,40.929,-0.898,0.432,-0.08,0,0.182,0.983,0.439,0.884,-0.163],"_shiftlockState":true,"_pose":"FreeFall","_animationQueue":[],"_animationSpeed":1,"_zoom":20.656},{"_mousePosition":[683,384],"_rootPartCFrame":[755.718,229.965,43.649,-0.949,0,-0.316,0,1,0,0.316,0,-0.949],"_humanoidState":5,"_cameraCFrame":[752.545,251.778,40.99,-0.906,0.416,-0.077,0,0.182,0.983,0.423,0.891,-0.165],"_shiftlockState":true,"_pose":"FreeFall","_animationQueue":[],"_animationSpeed":1,"_zoom":20.656},{"_mousePosition":[683,384],"_rootPartCFrame":[755.479,229.956,43.766,-0.954,0,-0.299,0,1,0,0.299,0,-0.954],"_humanoidState":5,"_cameraCFrame":[752.395,251.769,41.004,-0.92,0.387,-0.071,0,0.182,0.983,0.393,0.904,-0.167],"_shiftlockState":true,"_pose":"FreeFall","_animationQueue":[],"_animationSpeed":1,"_zoom":20.656},{"_mousePosition":[683,384],"_rootPartCFrame":[755.238,229.893,43.88,-0.964,0,-0.267,0,1,0,0.267,0,-0.964],"_humanoidState":5,"_cameraCFrame":[752.268,251.705,40.995,-0.935,0.35,-0.065,0,0.182,0.983,0.356,0.919,-0.17],"_shiftlockState":true,"_pose":"FreeFall","_animationQueue":[],"_animationSpeed":1,"_zoom":20.656},{"_mousePosition":[683,384],"_rootPartCFrame":[754.993,229.775,43.986,-0.974,0,-0.228,0,1,0,0.228,0,-0.974],"_humanoidState":5,"_cameraCFrame":[752.181,251.587,40.947,-0.952,0.3,-0.055,0,0.182,0.983,0.305,0.936,-0.173],"_shiftlockState":true,"_pose":"FreeFall","_animationQueue":[["fall",0.3]],"_animationSpeed":1,"_zoom":20.656},{"_mousePosition":[683,384],"_rootPartCFrame":[754.744,229.602,44.082,-0.984,0,-0.176,0,1,0,0.176,0,-0.984],"_humanoidState":5,"_cameraCFrame":[752.22,251.407,40.755,-0.977,0.211,-0.039,0,0.184,0.983,0.215,0.96,-0.179],"_shiftlockState":true,"_pose":"FreeFall","_animationQueue":[],"_animationSpeed":1,"_zoom":20.656},{"_mousePosition":[683,384],"_rootPartCFrame":[754.491,229.375,44.166,-0.997,0,-0.083,0,1,0,0.083,0,-0.997],"_humanoidState":5,"_cameraCFrame":[752.2,251.18,40.674,-0.989,0.145,-0.027,0,0.184,0.983,0.148,0.972,-0.182],"_shiftlockState":true,"_pose":"FreeFall","_animationQueue":[],"_animationSpeed":1,"_zoom":20.656},{"_mousePosition":[683,384],"_rootPartCFrame":[754.232,229.093,44.229,-1,0,-0.015,0,1,0,0.015,0,-1],"_humanoidState":5,"_cameraCFrame":[752.13,250.898,40.62,-0.995,0.093,-0.017,0,0.184,0.983,0.095,0.979,-0.183],"_shiftlockState":true,"_pose":"FreeFall","_animationQueue":[],"_animationSpeed":1,"_zoom":20.656},{"_mousePosition":[683,384],"_rootPartCFrame":[753.969,228.757,44.272,-0.999,0,0.038,0,1,0,-0.038,0,-0.999],"_humanoidState":5,"_cameraCFrame":[752.005,250.562,40.586,-0.998,0.056,-0.011,0,0.184,0.983,0.057,0.981,-0.183],"_shiftlockState":true,"_pose":"FreeFall","_animationQueue":[],"_animationSpeed":1,"_zoom":20.656},{"_mousePosition":[683,384],"_rootPartCFrame":[753.704,228.367,44.299,-0.997,0,0.076,0,1,0,-0.076,0,-0.997],"_humanoidState":5,"_cameraCFrame":[751.824,250.172,40.57,-0.999,0.034,-0.006,0,0.184,0.983,0.034,0.982,-0.183],"_shiftlockState":true,"_pose":"FreeFall","_animationQueue":[],"_animationSpeed":1,"_zoom":20.656},{"_mousePosition":[683,384],"_rootPartCFrame":[753.438,227.921,44.316,-0.995,0,0.099,0,1,0,-0.099,0,-0.995],"_humanoidState":5,"_cameraCFrame":[751.586,249.726,40.572,-1,0.026,-0.005,0,0.184,0.983,0.027,0.983,-0.184],"_shiftlockState":true,"_pose":"FreeFall","_animationQueue":[],"_animationSpeed":1,"_zoom":20.656},{"_mousePosition":[683,384],"_rootPartCFrame":[753.171,227.422,44.326,-0.994,0,0.106,0,1,0,-0.106,0,-0.994],"_humanoidState":5,"_cameraCFrame":[751.32,249.227,40.582,-1,0.026,-0.005,0,0.184,0.983,0.027,0.983,-0.184],"_shiftlockState":true,"_pose":"FreeFall","_animationQueue":[["fall",0.3]],"_animationSpeed":1,"_zoom":20.656},{"_mousePosition":[683,384],"_rootPartCFrame":[752.905,226.868,44.333,-0.994,0,0.106,0,1,0,-0.106,0,-0.994],"_humanoidState":5,"_cameraCFrame":[751.053,248.673,40.59,-1,0.026,-0.005,0,0.184,0.983,0.027,0.983,-0.184],"_shiftlockState":true,"_pose":"FreeFall","_animationQueue":[],"_animationSpeed":1,"_zoom":20.656},{"_mousePosition":[683,384],"_rootPartCFrame":[752.638,226.259,44.341,-0.994,0,0.106,0,1,0,-0.106,0,-0.994],"_humanoidState":5,"_cameraCFrame":[750.787,248.064,40.597,-1,0.026,-0.005,0,0.184,0.983,0.027,0.983,-0.184],"_shiftlockState":true,"_pose":"FreeFall","_animationQueue":[],"_animationSpeed":1,"_zoom":20.656},{"_mousePosition":[683,384],"_rootPartCFrame":[752.371,225.596,44.348,-0.994,0,0.106,0,1,0,-0.106,0,-0.994],"_humanoidState":5,"_cameraCFrame":[750.53,247.401,40.6,-1,0.024,-0.004,0,0.184,0.983,0.024,0.983,-0.184],"_shiftlockState":true,"_pose":"FreeFall","_animationQueue":[],"_animationSpeed":1,"_zoom":20.656},{"_mousePosition":[683,384],"_rootPartCFrame":[752.105,224.878,44.355,-0.994,0,0.109,0,1,0,-0.109,0,-0.994],"_humanoidState":5,"_cameraCFrame":[750.282,246.683,40.598,-1,0.019,-0.004,0,0.184,0.983,0.019,0.983,-0.184],"_shiftlockState":true,"_pose":"FreeFall","_animationQueue":[],"_animationSpeed":1,"_zoom":20.656},{"_mousePosition":[683,384],"_rootPartCFrame":[751.838,224.106,44.362,-0.994,0,0.114,0,1,0,-0.114,0,-0.994],"_humanoidState":5,"_cameraCFrame":[750.034,245.911,40.595,-1,0.014,-0.003,0,0.184,0.983,0.014,0.983,-0.184],"_shiftlockState":true,"_pose":"FreeFall","_animationQueue":[],"_animationSpeed":1,"_zoom":20.656},{"_mousePosition":[683,384],"_rootPartCFrame":[751.572,223.28,44.367,-0.993,0,0.119,0,1,0,-0.119,0,-0.993],"_humanoidState":5,"_cameraCFrame":[749.825,245.092,40.613,-1,-0.001,0,0,0.182,0.983,-0.001,0.983,-0.182],"_shiftlockState":true,"_pose":"FreeFall","_animationQueue":[],"_animationSpeed":1,"_zoom":20.656},{"_mousePosition":[683,384],"_rootPartCFrame":[751.305,222.508,44.371,-0.999,0,0.037,0,1,0,-0.037,0,-0.999],"_humanoidState":7,"_cameraCFrame":[749.625,244.327,40.626,-1,-0.018,0.003,0,0.18,0.984,-0.019,0.984,-0.18],"_shiftlockState":true,"_pose":"FreeFall","_animationQueue":[["fall",0.3],["walk",0.1],["fall",0.3],["fall",0.3]],"_animationSpeed":1,"_zoom":20.656},{"_mousePosition":[683,384],"_rootPartCFrame":[751.038,222.46,44.371,-1,0,0.021,0,1,0,-0.021,0,-1],"_humanoidState":7,"_cameraCFrame":[749.433,244.286,40.633,-0.999,-0.038,0.007,0,0.178,0.984,-0.039,0.983,-0.178],"_shiftlockState":true,"_pose":"FreeFall","_animationQueue":[],"_animationSpeed":1,"_zoom":20.656},{"_mousePosition":[683,384],"_rootPartCFrame":[750.772,222.548,44.367,-0.999,0,0.039,0,1,0,-0.039,0,-0.999],"_humanoidState":8,"_cameraCFrame":[749.261,244.375,40.589,-0.998,-0.063,0.011,0,0.178,0.984,-0.064,0.982,-0.177],"_shiftlockState":true,"_pose":"Running","_animationQueue":[["walk",0.1],["fall",0.3],["walk",0.1]],"_animationSpeed":1.103,"_zoom":20.656},{"_mousePosition":[683,384],"_rootPartCFrame":[750.505,222.615,44.357,-0.998,0,0.064,0,1,0,-0.064,0,-0.998],"_humanoidState":8,"_cameraCFrame":[749.106,244.449,40.574,-0.996,-0.093,0.017,0,0.176,0.984,-0.094,0.98,-0.175],"_shiftlockState":true,"_pose":"Running","_animationQueue":[],"_animationSpeed":1.103,"_zoom":20.656},{"_mousePosition":[683,384],"_rootPartCFrame":[750.239,222.654,44.34,-0.996,0,0.094,0,1,0,-0.094,0,-0.996],"_humanoidState":8,"_cameraCFrame":[748.936,244.487,40.524,-0.993,-0.118,0.021,0,0.176,0.984,-0.12,0.977,-0.175],"_shiftlockState":true,"_pose":"Running","_animationQueue":[],"_animationSpeed":1.103,"_zoom":20.656},{"_mousePosition":[683,384],"_rootPartCFrame":[749.974,222.675,44.316,-0.993,0,0.12,0,1,0,-0.12,0,-0.993],"_humanoidState":8,"_cameraCFrame":[748.743,244.516,40.513,-0.99,-0.138,0.024,0,0.174,0.985,-0.14,0.975,-0.172],"_shiftlockState":true,"_pose":"Running","_animationQueue":[],"_animationSpeed":1.103,"_zoom":20.656},{"_mousePosition":[683,384],"_rootPartCFrame":[749.709,222.686,44.285,-0.99,0,0.14,0,1,0,-0.14,0,-0.99],"_humanoidState":8,"_cameraCFrame":[748.554,244.528,40.464,-0.987,-0.157,0.028,0,0.174,0.985,-0.16,0.972,-0.171],"_shiftlockState":true,"_pose":"Running","_animationQueue":[],"_animationSpeed":1.103,"_zoom":20.656},{"_mousePosition":[683,384],"_rootPartCFrame":[749.445,222.692,44.248,-0.987,0,0.16,0,1,0,-0.16,0,-0.987],"_humanoidState":8,"_cameraCFrame":[748.348,244.534,40.41,-0.985,-0.172,0.03,0,0.174,0.985,-0.175,0.97,-0.171],"_shiftlockState":true,"_pose":"Running","_animationQueue":[["walk",0.1]],"_animationSpeed":1.103,"_zoom":20.656},{"_mousePosition":[683,384],"_rootPartCFrame":[749.181,222.695,44.206,-0.985,0,0.175,0,1,0,-0.175,0,-0.985],"_humanoidState":8,"_cameraCFrame":[748.143,244.538,40.352,-0.982,-0.187,0.033,0,0.174,0.985,-0.19,0.967,-0.17],"_shiftlockState":true,"_pose":"Running","_animationQueue":[],"_animationSpeed":1.103,"_zoom":20.656},{"_mousePosition":[683,384],"_rootPartCFrame":[748.919,222.697,44.159,-0.982,0,0.19,0,1,0,-0.19,0,-0.982],"_humanoidState":8,"_cameraCFrame":[747.92,244.539,40.295,-0.98,-0.197,0.035,0,0.174,0.985,-0.2,0.965,-0.17],"_shiftlockState":true,"_pose":"Running","_animationQueue":[],"_animationSpeed":1.103,"_zoom":20.656},{"_mousePosition":[683,384],"_rootPartCFrame":[748.657,222.698,44.109,-0.98,0,0.2,0,1,0,-0.2,0,-0.98],"_humanoidState":8,"_cameraCFrame":[747.697,244.54,40.235,-0.978,-0.206,0.036,0,0.174,0.985,-0.209,0.963,-0.17],"_shiftlockState":true,"_pose":"Running","_animationQueue":[],"_animationSpeed":1.103,"_zoom":20.656},{"_mousePosition":[683,384],"_rootPartCFrame":[748.396,222.699,44.056,-0.978,0,0.209,0,1,0,-0.209,0,-0.978],"_humanoidState":8,"_cameraCFrame":[747.445,244.541,40.18,-0.977,-0.209,0.037,0,0.174,0.985,-0.212,0.962,-0.17],"_shiftlockState":true,"_pose":"Running","_animationQueue":[],"_animationSpeed":1.103,"_zoom":20.656},{"_mousePosition":[683,384],"_rootPartCFrame":[748.135,222.699,44,-0.977,0,0.212,0,1,0,-0.212,0,-0.977],"_humanoidState":8,"_cameraCFrame":[747.194,244.541,40.122,-0.977,-0.211,0.037,0,0.174,0.985,-0.214,0.962,-0.17],"_shiftlockState":true,"_pose":"Running","_animationQueue":[],"_animationSpeed":1.103,"_zoom":20.656},{"_mousePosition":[683,384],"_rootPartCFrame":[747.874,222.699,43.944,-0.977,0,0.214,0,1,0,-0.214,0,-0.977],"_humanoidState":8,"_cameraCFrame":[746.934,244.541,40.065,-0.977,-0.211,0.037,0,0.174,0.985,-0.214,0.962,-0.17],"_shiftlockState":true,"_pose":"Running","_animationQueue":[["walk",0.1]],"_animationSpeed":1.103,"_zoom":20.656},{"_mousePosition":[683,384],"_rootPartCFrame":[747.614,222.699,43.887,-0.977,0,0.214,0,1,0,-0.214,0,-0.977],"_humanoidState":8,"_cameraCFrame":[746.673,244.541,40.008,-0.977,-0.211,0.037,0,0.174,0.985,-0.214,0.962,-0.17],"_shiftlockState":true,"_pose":"Running","_animationQueue":[],"_animationSpeed":1.103,"_zoom":20.656},{"_mousePosition":[683,384],"_rootPartCFrame":[747.353,222.699,43.83,-0.977,0,0.214,0,1,0,-0.214,0,-0.977],"_humanoidState":8,"_cameraCFrame":[746.413,244.541,39.951,-0.977,-0.211,0.037,0,0.174,0.985,-0.214,0.962,-0.17],"_shiftlockState":true,"_pose":"Running","_animationQueue":[],"_animationSpeed":1.103,"_zoom":20.656},{"_mousePosition":[683,384],"_rootPartCFrame":[747.093,222.699,43.773,-0.977,0,0.214,0,1,0,-0.214,0,-0.977],"_humanoidState":8,"_cameraCFrame":[746.152,244.541,39.894,-0.977,-0.211,0.037,0,0.174,0.985,-0.214,0.962,-0.17],"_shiftlockState":true,"_pose":"Running","_animationQueue":[],"_animationSpeed":1.103,"_zoom":20.656},{"_mousePosition":[683,384],"_rootPartCFrame":[746.832,222.699,43.715,-0.977,0,0.214,0,1,0,-0.214,0,-0.977],"_humanoidState":8,"_cameraCFrame":[745.892,244.541,39.837,-0.977,-0.211,0.037,0,0.174,0.985,-0.214,0.962,-0.17],"_shiftlockState":true,"_pose":"Running","_animationQueue":[],"_animationSpeed":1.103,"_zoom":20.656},{"_mousePosition":[683,384],"_rootPartCFrame":[746.572,222.699,43.658,-0.977,0,0.214,0,1,0,-0.214,0,-0.977],"_humanoidState":8,"_cameraCFrame":[745.631,244.541,39.78,-0.977,-0.211,0.037,0,0.174,0.985,-0.214,0.962,-0.17],"_shiftlockState":true,"_pose":"Running","_animationQueue":[],"_animationSpeed":1.103,"_zoom":20.656},{"_mousePosition":[683,384],"_rootPartCFrame":[746.311,222.699,43.601,-0.977,0,0.214,0,1,0,-0.214,0,-0.977],"_humanoidState":8,"_cameraCFrame":[745.371,244.541,39.722,-0.977,-0.211,0.037,0,0.174,0.985,-0.214,0.962,-0.17],"_shiftlockState":true,"_pose":"Running","_animationQueue":[],"_animationSpeed":1.103,"_zoom":20.656},{"_mousePosition":[683,384],"_rootPartCFrame":[746.051,222.699,43.544,-0.977,0,0.214,0,1,0,-0.214,0,-0.977],"_humanoidState":8,"_cameraCFrame":[745.12,244.541,39.663,-0.976,-0.214,0.038,0,0.174,0.985,-0.217,0.961,-0.17],"_shiftlockState":true,"_pose":"Running","_animationQueue":[["walk",0.1]],"_animationSpeed":1.103,"_zoom":20.656},{"_mousePosition":[683,384],"_rootPartCFrame":[745.79,222.699,43.487,-0.976,0,0.217,0,1,0,-0.217,0,-0.976],"_humanoidState":8,"_cameraCFrame":[744.86,244.541,39.606,-0.976,-0.214,0.038,0,0.174,0.985,-0.217,0.961,-0.17],"_shiftlockState":true,"_pose":"Running","_animationQueue":[],"_animationSpeed":1.103,"_zoom":20.656},{"_mousePosition":[683,384],"_rootPartCFrame":[745.53,222.699,43.429,-0.976,0,0.217,0,1,0,-0.217,0,-0.976],"_humanoidState":8,"_cameraCFrame":[744.599,244.541,39.548,-0.976,-0.214,0.038,0,0.174,0.985,-0.217,0.961,-0.17],"_shiftlockState":true,"_pose":"Running","_animationQueue":[],"_animationSpeed":1.103,"_zoom":20.656},{"_mousePosition":[683,384],"_rootPartCFrame":[745.269,222.699,43.371,-0.976,0,0.217,0,1,0,-0.217,0,-0.976],"_humanoidState":8,"_cameraCFrame":[744.31,244.541,39.497,-0.978,-0.206,0.036,0,0.174,0.985,-0.209,0.963,-0.17],"_shiftlockState":true,"_pose":"Running","_animationQueue":[],"_animationSpeed":1.103,"_zoom":20.656},{"_mousePosition":[683,384],"_rootPartCFrame":[745.009,222.699,43.313,-0.978,0,0.209,0,1,0,-0.209,0,-0.978],"_humanoidState":8,"_cameraCFrame":[743.961,244.541,39.462,-0.982,-0.184,0.032,0,0.174,0.985,-0.187,0.967,-0.171],"_shiftlockState":true,"_pose":"Running","_animationQueue":[],"_animationSpeed":1.103,"_zoom":20.656},{"_mousePosition":[683,384],"_rootPartCFrame":[744.748,222.699,43.257,-0.982,0,0.187,0,1,0,-0.187,0,-0.982],"_humanoidState":8,"_cameraCFrame":[743.623,244.542,39.428,-0.986,-0.165,0.029,0,0.174,0.985,-0.167,0.971,-0.171],"_shiftlockState":true,"_pose":"Running","_animationQueue":[],"_animationSpeed":1.103,"_zoom":20.656},{"_mousePosition":[683,384],"_rootPartCFrame":[744.486,222.7,43.207,-0.986,0,0.167,0,1,0,-0.167,0,-0.986],"_humanoidState":8,"_cameraCFrame":[743.264,244.542,39.408,-0.99,-0.14,0.025,0,0.174,0.985,-0.142,0.975,-0.172],"_shiftlockState":true,"_pose":"Running","_animationQueue":[["walk",0.1]],"_animationSpeed":1.103,"_zoom":20.656},{"_mousePosition":[683,384],"_rootPartCFrame":[744.224,222.701,43.162,-0.99,0,0.142,0,1,0,-0.142,0,-0.99],"_humanoidState":8,"_cameraCFrame":[742.896,244.543,39.398,-0.993,-0.113,0.02,0,0.174,0.985,-0.115,0.978,-0.173],"_shiftlockState":true,"_pose":"Running","_animationQueue":[],"_animationSpeed":1.103,"_zoom":20.656},{"_mousePosition":[683,384],"_rootPartCFrame":[743.96,222.702