[{"_mousePosition":[914,366],"_rootPartCFrame":[776.026,222.7,47.142,0.001,0,1,0,1,0,-1,0,0.001],"_humanoidState":8,"_cameraCFrame":[776.592,240.08,44.4,-0.979,-0.199,0.035,0,0.174,0.985,-0.202,0.964,-0.17],"_shiftlockState":false,"_pose":"Standing","_animationQueue":[],"_animationSpeed":1,"_zoom":16.125},{"_mousePosition":[914,366],"_rootPartCFrame":[775.785,222.7,47.091,0.03,0,1,0,1,0,-1,0,0.03],"_humanoidState":8,"_cameraCFrame":[776.344,240.08,44.348,-0.98,-0.197,0.035,0,0.174,0.985,-0.2,0.965,-0.17],"_shiftlockState":false,"_pose":"Standing","_animationQueue":[],"_animationSpeed":1,"_zoom":16.125},{"_mousePosition":[914,366],"_rootPartCFrame":[775.525,222.7,47.037,0.053,0,0.999,0,1,0,-0.999,0,0.053],"_humanoidState":8,"_cameraCFrame":[776.077,240.08,44.292,-0.98,-0.194,0.034,0,0.174,0.985,-0.197,0.965,-0.17],"_shiftlockState":false,"_pose":"Running","_animationQueue":[["walk",0.1]],"_animationSpeed":1.066,"_zoom":16.125},{"_mousePosition":[914,366],"_rootPartCFrame":[775.263,222.7,46.984,0.073,0,0.997,0,1,0,-0.997,0,0.073],"_humanoidState":8,"_cameraCFrame":[775.815,240.08,44.239,-0.98,-0.194,0.034,0,0.174,0.985,-0.197,0.965,-0.17],"_shiftlockState":false,"_pose":"Running","_animationQueue":[],"_animationSpeed":1.066,"_zoom":16.125},{"_mousePosition":[914,366],"_rootPartCFrame":[775.002,222.7,46.932,0.09,0,0.996,0,1,0,-0.996,0,0.09],"_humanoidState":8,"_cameraCFrame":[775.547,240.08,44.185,-0.981,-0.192,0.034,0,0.174,0.985,-0.195,0.966,-0.17],"_shiftlockState":false,"_pose":"Running","_animationQueue":[],"_animationSpeed":1.066,"_zoom":16.125},{"_mousePosition":[914,366],"_rootPartCFrame":[774.74,222.7,46.879,0.105,0,0.994,0,1,0,-0.994,0,0.105],"_humanoidState":8,"_cameraCFrame":[775.286,240.08,44.132,-0.981,-0.192,0.034,0,0.174,0.985,-0.195,0.966,-0.17],"_shiftlockState":false,"_pose":"Running","_animationQueue":[],"_animationSpeed":1.066,"_zoom":16.125},{"_mousePosition":[914,366],"_rootPartCFrame":[774.479,222.7,46.827,0.117,0,0.993,0,1,0,-0.993,0,0.117],"_humanoidState":8,"_cameraCFrame":[775.017,240.08,44.079,-0.981,-0.189,0.033,0,0.174,0.985,-0.192,0.966,-0.17],"_shiftlockState":false,"_pose":"Running","_animationQueue":[["walk",0.1]],"_animationSpeed":1.066,"_zoom":16.125},{"_mousePosition":[914,366],"_rootPartCFrame":[774.217,222.7,46.775,0.128,0,0.992,0,1,0,-0.992,0,0.128],"_humanoidState":8,"_cameraCFrame":[774.748,240.08,44.026,-0.982,-0.187,0.033,0,0.174,0.985,-0.19,0.967,-0.17],"_shiftlockState":false,"_pose":"Running","_animationQueue":[],"_animationSpeed":1.066,"_zoom":16.125},{"_mousePosition":[914,366],"_rootPartCFrame":[773.955,222.7,46.724,0.136,0,0.991,0,1,0,-0.991,0,0.136],"_humanoidState":8,"_cameraCFrame":[774.48,240.08,43.973,-0.982,-0.184,0.033,0,0.174,0.985,-0.187,0.967,-0.171],"_shiftlockState":false,"_pose":"Running","_animationQueue":[],"_animationSpeed":1.066,"_zoom":16.125},{"_mousePosition":[914,366],"_rootPartCFrame":[773.694,222.7,46.673,0.144,0,0.99,0,1,0,-0.99,0,0.144],"_humanoidState":8,"_cameraCFrame":[774.204,240.08,43.92,-0.983,-0.179,0.032,0,0.174,0.985,-0.182,0.968,-0.171],"_shiftlockState":false,"_pose":"Running","_animationQueue":[],"_animationSpeed":1.066,"_zoom":16.125},{"_mousePosition":[914,366],"_rootPartCFrame":[773.432,222.7,46.623,0.15,0,0.989,0,1,0,-0.989,0,0.15],"_humanoidState":8,"_cameraCFrame":[773.935,240.08,43.869,-0.984,-0.177,0.031,0,0.174,0.985,-0.18,0.969,-0.171],"_shiftlockState":false,"_pose":"Running","_animationQueue":[],"_animationSpeed":1.066,"_zoom":16.125},{"_mousePosition":[914,366],"_rootPartCFrame":[773.169,222.7,46.574,0.154,0,0.988,0,1,0,-0.988,0,0.154],"_humanoidState":8,"_cameraCFrame":[773.673,240.08,43.82,-0.984,-0.177,0.031,0,0.174,0.985,-0.18,0.969,-0.171],"_shiftlockState":false,"_pose":"Running","_animationQueue":[],"_animationSpeed":1.066,"_zoom":16.125},{"_mousePosition":[914,366],"_rootPartCFrame":[772.907,222.7,46.526,0.158,0,0.987,0,1,0,-0.987,0,0.158],"_humanoidState":8,"_cameraCFrame":[773.397,240.08,43.769,-0.985,-0.172,0.03,0,0.174,0.985,-0.175,0.97,-0.171],"_shiftlockState":false,"_pose":"Running","_animationQueue":[],"_animationSpeed":1.066,"_zoom":16.125},{"_mousePosition":[914,366],"_rootPartCFrame":[772.645,222.7,46.478,0.161,0,0.987,0,1,0,-0.987,0,0.161],"_humanoidState":8,"_cameraCFrame":[773.127,240.08,43.72,-0.985,-0.17,0.03,0,0.174,0.985,-0.172,0.97,-0.171],"_shiftlockState":false,"_pose":"Running","_animationQueue":[["walk",0.1]],"_animationSpeed":1.066,"_zoom":16.125},{"_mousePosition":[914,366],"_rootPartCFrame":[772.382,222.7,46.432,0.163,0,0.987,0,1,0,-0.987,0,0.163],"_humanoidState":8,"_cameraCFrame":[772.858,240.08,43.672,-0.985,-0.167,0.029,0,0.174,0.985,-0.17,0.971,-0.171],"_shiftlockState":false,"_pose":"Running","_animationQueue":[],"_animationSpeed":1.066,"_zoom":16.125},{"_mousePosition":[914,366],"_rootPartCFrame":[772.12,222.7,46.386,0.164,0,0.986,0,1,0,-0.986,0,0.164],"_humanoidState":8,"_cameraCFrame":[772.595,240.08,43.626,-0.985,-0.167,0.029,0,0.174,0.985,-0.17,0.971,-0.171],"_shiftlockState":false,"_pose":"Running","_animationQueue":[],"_animationSpeed":1.066,"_zoom":16.125},{"_mousePosition":[914,366],"_rootPartCFrame":[771.857,222.7,46.34,0.165,0,0.986,0,1,0,-0.986,0,0.165],"_humanoidState":8,"_cameraCFrame":[772.325,240.08,43.58,-0.986,-0.165,0.029,0,0.174,0.985,-0.167,0.971,-0.171],"_shiftlockState":false,"_pose":"Running","_animationQueue":[],"_animationSpeed":1.066,"_zoom":16.125},{"_mousePosition":[914,366],"_rootPartCFrame":[771.594,222.7,46.295,0.166,0,0.986,0,1,0,-0.986,0,0.166],"_humanoidState":8,"_cameraCFrame":[772.055,240.08,43.533,-0.986,-0.162,0.029,0,0.174,0.985,-0.165,0.971,-0.171],"_shiftlockState":false,"_pose":"Running","_animationQueue":[],"_animationSpeed":1.066,"_zoom":16.125},{"_mousePosition":[914,366],"_rootPartCFrame":[771.331,222.7,46.25,0.166,0,0.986,0,1,0,-0.986,0,0.166],"_humanoidState":8,"_cameraCFrame":[771.785,240.08,43.487,-0.987,-0.16,0.028,0,0.174,0.985,-0.162,0.972,-0.171],"_shiftlockState":false,"_pose":"Running","_animationQueue":[],"_animationSpeed":1.066,"_zoom":16.125},{"_mousePosition":[914,366],"_rootPartCFrame":[771.068,222.7,46.206,0.166,0,0.986,0,1,0,-0.986,0,0.166],"_humanoidState":8,"_cameraCFrame":[769.78,240.08,43.166,-0.988,-0.155,0.027,0,0.174,0.985,-0.157,0.973,-0.171],"_shiftlockState":true,"_pose":"Running","_animationQueue":[["walk",0.1]],"_animationSpeed":1.066,"_zoom":16.125},{"_mousePosition":[683,384],"_rootPartCFrame":[770.805,222.7,46.163,-0.996,0,0.085,0,1,0,-0.085,0,-0.996],"_humanoidState":8,"_cameraCFrame":[769.517,240.08,43.123,-0.988,-0.155,0.027,0,0.174,0.985,-0.157,0.973,-0.171],"_shiftlockState":true,"_pose":"Running","_animationQueue":[],"_animationSpeed":1.066,"_zoom":16.125},{"_mousePosition":[683,384],"_rootPartCFrame":[770.541,222.7,46.121,-0.992,0,0.129,0,1,0,-0.129,0,-0.992],"_humanoidState":8,"_cameraCFrame":[769.231,240.08,43.09,-0.989,-0.148,0.026,0,0.174,0.985,-0.15,0.974,-0.172],"_shiftlockState":true,"_pose":"Running","_animationQueue":[],"_animationSpeed":1.066,"_zoom":16.125},{"_mousePosition":[683,384],"_rootPartCFrame":[770.278,222.7,46.079,-0.989,0,0.147,0,1,0,-0.147,0,-0.989],"_humanoidState":8,"_cameraCFrame":[768.96,240.08,43.052,-0.989,-0.145,0.026,0,0.174,0.985,-0.147,0.974,-0.172],"_shiftlockState":true,"_pose":"Running","_animationQueue":[],"_animationSpeed":1.066,"_zoom":16.125},{"_mousePosition":[683,384],"_rootPartCFrame":[770.014,222.7,46.039,-0.989,0,0.147,0,1,0,-0.147,0,-0.989],"_humanoidState":8,"_cameraCFrame":[768.688,240.08,43.015,-0.989,-0.143,0.025,0,0.174,0.985,-0.145,0.974,-0.172],"_shiftlockState":true,"_pose":"Running","_animationQueue":[],"_animationSpeed":1.066,"_zoom":16.125},{"_mousePosition":[683,384],"_rootPartCFrame":[769.751,223.563,45.999,-0.989,0,0.145,0,1,0,-0.145,0,-0.989],"_humanoidState":3,"_cameraCFrame":[768.417,240.943,42.978,-0.99,-0.14,0.025,0,0.174,0.985,-0.142,0.975,-0.172],"_shiftlockState":true,"_pose":"Jumping","_animationQueue":[["walk",0.1],["jump",0.1]],"_animationSpeed":1,"_zoom":16.125},{"_mousePosition":[683,384],"_rootPartCFrame":[769.487,224.371,45.96,-0.973,0,0.233,0,1,0,-0.233,0,-0.973],"_humanoidState":5,"_cameraCFrame":[768.145,241.751,42.943,-0.99,-0.138,0.024,0,0.174,0.985,-0.14,0.975,-0.172],"_shiftlockState":true,"_pose":"FreeFall","_animationQueue":[["jump",0.1]],"_animationSpeed":1,"_zoom":16.125},{"_mousePosition":[683,384],"_rootPartCFrame":[769.223,225.125,45.922,-0.964,0,0.266,0,1,0,-0.266,0,-0.964],"_humanoidState":5,"_cameraCFrame":[767.874,242.505,42.908,-0.991,-0.135,0.024,0,0.174,0.985,-0.137,0.975,-0.172],"_shiftlockState":true,"_pose":"FreeFall","_animationQueue":[],"_animationSpeed":1,"_zoom":16.125},{"_mousePosition":[683,384],"_rootPartCFrame":[768.959,225.824,45.884,-0.964,0,0.267,0,1,0,-0.267,0,-0.964],"_humanoidState":5,"_cameraCFrame":[767.602,243.204,42.874,-0.991,-0.133,0.023,0,0.174,0.985,-0.135,0.976,-0.172],"_shiftlockState":true,"_pose":"FreeFall","_animationQueue":[],"_animationSpeed":1,"_zoom":16.125},{"_mousePosition":[683,384],"_rootPartCFrame":[768.695,226.469,45.848,-0.964,0,0.265,0,1,0,-0.265,0,-0.964],"_humanoidState":5,"_cameraCFrame":[767.33,243.849,42.841,-0.991,-0.13,0.023,0,0.174,0.985,-0.132,0.976,-0.172],"_shiftlockState":true,"_pose":"FreeFall","_animationQueue":[],"_animationSpeed":1,"_zoom":16.125},{"_mousePosition":[683,384],"_rootPartCFrame":[768.43,227.06,45.812,-0.965,0,0.263,0,1,0,-0.263,0,-0.965],"_humanoidState":5,"_cameraCFrame":[767.059,244.44,42.808,-0.992,-0.128,0.023,0,0.174,0.985,-0.13,0.976,-0.172],"_shiftlockState":true,"_pose":"FreeFall","_animationQueue":[],"_animationSpeed":1,"_zoom":16.125},{"_mousePosition":[683,384],"_rootPartCFrame":[768.166,227.595,45.776,-0.966,0,0.26,0,1,0,-0.26,0,-0.966],"_humanoidState":5,"_cameraCFrame":[766.787,244.975,42.776,-0.992,-0.125,0.022,0,0.174,0.985,-0.127,0.977,-0.172],"_shiftlockState":true,"_pose":"FreeFall","_animationQueue":[],"_animationSpeed":1,"_zoom":16.125},{"_mousePosition":[683,384],"_rootPartCFrame":[767.836,228.189,45.733,-0.957,0,0.29,0,1,0,-0.29,0,-0.957],"_humanoidState":5,"_cameraCFrame":[766.456,245.569,42.733,-0.992,-0.125,0.022,0,0.174,0.985,-0.127,0.977,-0.172],"_shiftlockState":true,"_pose":"FreeFall","_animationQueue":[],"_animationSpeed":1,"_zoom":16.125},{"_mousePosition":[683,384],"_rootPartCFrame":[767.571,228.602,45.699,-0.966,0,0.258,0,1,0,-0.258,0,-0.966],"_humanoidState":5,"_cameraCFrame":[766.192,245.982,42.699,-0.992,-0.125,0.022,0,0.174,0.985,-0.127,0.977,-0.172],"_shiftlockState":true,"_pose":"FreeFall","_animationQueue":[],"_animationSpeed":1,"_zoom":16.125},{"_mousePosition":[683,384],"_rootPartCFrame":[767.373,228.876,45.673,-0.974,0,0.226,0,1,0,-0.226,0,-0.974],"_humanoidState":5,"_cameraCFrame":[765.993,246.256,42.673,-0.992,-0.125,0.022,0,0.174,0.985,-0.127,0.977,-0.172],"_shiftlockState":true,"_pose":"FreeFall","_animationQueue":[],"_animationSpeed":1,"_zoom":16.125},{"_mousePosition":[683,384],"_rootPartCFrame":[767.042,229.265,45.631,-0.957,0,0.29,0,1,0,-0.29,0,-0.957],"_humanoidState":5,"_cameraCFrame":[765.663,246.645,42.631,-0.992,-0.125,0.022,0,0.174,0.985,-0.127,0.977,-0.172],"_shiftlockState":true,"_pose":"FreeFall","_animationQueue":[],"_animationSpeed":1,"_zoom":16.125},{"_mousePosition":[683,384],"_rootPartCFrame":[766.844,229.457,45.606,-0.974,0,0.226,0,1,0,-0.226,0,-0.974],"_humanoidState":5,"_cameraCFrame":[765.465,246.837,42.606,-0.992,-0.125,0.022,0,0.174,0.985,-0.127,0.977,-0.172],"_shiftlockState":true,"_pose":"FreeFall","_animationQueue":[],"_animationSpeed":1,"_zoom":16.125},{"_mousePosition":[683,384],"_rootPartCFrame":[766.58,229.666,45.572,-0.966,0,0.258,0,1,0,-0.258,0,-0.966],"_humanoidState":5,"_cameraCFrame":[765.2,247.046,42.572,-0.992,-0.125,0.022,0,0.174,0.985,-0.127,0.977,-0.172],"_shiftlockState":true,"_pose":"FreeFall","_animationQueue":[],"_animationSpeed":1,"_zoom":16.125},{"_mousePosition":[683,384],"_rootPartCFrame":[766.315,229.821,45.538,-0.966,0,0.258,0,1,0,-0.258,0,-0.966],"_humanoidState":5,"_cameraCFrame":[764.936,247.201,42.538,-0.992,-0.125,0.022,0,0.174,0.985,-0.127,0.977,-0.172],"_shiftlockState":true,"_pose":"FreeFall","_animationQueue":[],"_animationSpeed":1,"_zoom":16.125},{"_mousePosition":[683,384],"_rootPartCFrame":[766.051,229.921,45.504,-0.966,0,0.258,0,1,0,-0.258,0,-0.966],"_humanoidState":5,"_cameraCFrame":[764.671,247.301,42.504,-0.992,-0.125,0.022,0,0.174,0.985,-0.127,0.977,-0.172],"_shiftlockState":true,"_pose":"FreeFall","_animationQueue":[],"_animationSpeed":1,"_zoom":16.125},{"_mousePosition":[683,384],"_rootPartCFrame":[765.786,229.966,45.47,-0.966,0,0.258,0,1,0,-0.258,0,-0.966],"_humanoidState":5,"_cameraCFrame":[764.399,247.346,42.473,-0.992,-0.123,0.022,0,0.174,0.985,-0.125,0.977,-0.172],"_shiftlockState":true,"_pose":"FreeFall","_animationQueue":[["fall",0.3]],"_animationSpeed":1,"_zoom":16.125},{"_mousePosition":[683,384],"_rootPartCFrame":[765.522,229.957,45.436,-0.967,0,0.255,0,1,0,-0.255,0,-0.967],"_humanoidState":5,"_cameraCFrame":[764.135,247.337,42.439,-0.992,-0.123,0.022,0,0.174,0.985,-0.125,0.977,-0.172],"_shiftlockState":true,"_pose":"FreeFall","_animationQueue":[],"_animationSpeed":1,"_zoom":16.125},{"_mousePosition":[683,384],"_rootPartCFrame":[765.257,229.893,45.403,-0.967,0,0.255,0,1,0,-0.255,0,-0.967],"_humanoidState":5,"_cameraCFrame":[763.87,247.273,42.406,-0.992,-0.123,0.022,0,0.174,0.985,-0.125,0.977,-0.172],"_shiftlockState":true,"_pose":"FreeFall","_animationQueue":[],"_animationSpeed":1,"_zoom":16.125},{"_mousePosition":[683,384],"_rootPartCFrame":[764.927,229.737,45.361,-0.958,0,0.288,0,1,0,-0.288,0,-0.958],"_humanoidState":5,"_cameraCFrame":[763.532,247.117,42.368,-0.993,-0.12,0.021,0,0.174,0.985,-0.122,0.977,-0.172],"_shiftlockState":true,"_pose":"FreeFall","_animationQueue":[],"_animationSpeed":1,"_zoom":16.125},{"_mousePosition":[683,384],"_rootPartCFrame":[764.728,229.603,45.336,-0.975,0,0.221,0,1,0,-0.221,0,-0.975],"_humanoidState":5,"_cameraCFrame":[763.326,246.983,42.347,-0.993,-0.118,0.021,0,0.174,0.985,-0.12,0.978,-0.172],"_shiftlockState":true,"_pose":"FreeFall","_animationQueue":[],"_animationSpeed":1,"_zoom":16.125},{"_mousePosition":[683,384],"_rootPartCFrame":[764.463,229.375,45.303,-0.968,0,0.251,0,1,0,-0.251,0,-0.968],"_humanoidState":5,"_cameraCFrame":[763.046,246.755,42.321,-0.993,-0.113,0.02,0,0.174,0.985,-0.115,0.978,-0.173],"_shiftlockState":true,"_pose":"FreeFall","_animationQueue":[],"_animationSpeed":1,"_zoom":16.125},{"_mousePosition":[683,384],"_rootPartCFrame":[764.133,229.015,45.263,-0.961,0,0.278,0,1,0,-0.278,0,-0.961],"_humanoidState":5,"_cameraCFrame":[762.685,246.395,42.295,-0.995,-0.103,0.018,0,0.174,0.985,-0.105,0.979,-0.173],"_shiftlockState":true,"_pose":"FreeFall","_animationQueue":[["fall",0.3]],"_animationSpeed":1,"_zoom":16.125},{"_mousePosition":[683,384],"_rootPartCFrame":[763.868,228.665,45.233,-0.972,0,0.236,0,1,0,-0.236,0,-0.972],"_humanoidState":5,"_cameraCFrame":[762.398,246.045,42.276,-0.995,-0.096,0.017,0,0.174,0.985,-0.097,0.98,-0.173],"_shiftlockState":true,"_pose":"FreeFall","_animationQueue":[],"_animationSpeed":1,"_zoom":16.125},{"_mousePosition":[683,384],"_rootPartCFrame":[763.669,228.367,45.211,-0.981,0,0.196,0,1,0,-0.196,0,-0.981],"_humanoidState":5,"_cameraCFrame":[762.169,245.747,42.269,-0.996,-0.086,0.015,0,0.174,0.985,-0.087,0.981,-0.173],"_shiftlockState":true,"_pose":"FreeFall","_animationQueue":[],"_animationSpeed":1,"_zoom":16.125},{"_mousePosition":[683,384],"_rootPartCFrame":[763.404,227.922,45.185,-0.976,0,0.219,0,1,0,-0.219,0,-0.976],"_humanoidState":5,"_cameraCFrame":[761.867,245.302,42.262,-0.997,-0.073,0.013,0,0.174,0.985,-0.074,0.982,-0.173],"_shiftlockState":true,"_pose":"FreeFall","_animationQueue":[],"_animationSpeed":1,"_zoom":16.125},{"_mousePosition":[683,384],"_rootPartCFrame":[763.138,227.422,45.161,-0.979,0,0.206,0,1,0,-0.206,0,-0.979],"_humanoidState":5,"_cameraCFrame":[761.564,244.802,42.259,-0.998,-0.061,0.011,0,0.174,0.985,-0.062,0.983,-0.173],"_shiftlockState":true,"_pose":"FreeFall","_animationQueue":[],"_animationSpeed":1,"_zoom":16.125},{"_mousePosition":[683,384],"_rootPartCFrame":[762.872,226.868,45.141,-0.981,0,0.194,0,1,0,-0.194,0,-0.981],"_humanoidState":5,"_cameraCFrame":[761.254,244.248,42.262,-0.999,-0.046,0.008,0,0.174,0.985,-0.047,0.984,-0.173],"_shiftlockState":true,"_pose":"FreeFall","_animationQueue":[],"_animationSpeed":1,"_zoom":16.125},{"_mousePosition":[683,384],"_rootPartCFrame":[762.606,226.26,45.124,-0.984,0,0.179,0,1,0,-0.179,0,-0.984],"_humanoidState":5,"_cameraCFrame":[760.945,243.64,42.27,-1,-0.031,0.005,0,0.174,0.985,-0.031,0.984,-0.174],"_shiftlockState":true,"_pose":"FreeFall","_animationQueue":[],"_animationSpeed":1,"_zoom":16.125},{"_mousePosition":[683,384],"_rootPartCFrame":[762.34,225.597,45.111,-0.986,0,0.164,0,1,0,-0.164,0,-0.986],"_humanoidState":5,"_cameraCFrame":[760.65,242.977,42.274,-1,-0.021,0.004,0,0.174,0.985,-0.021,0.985,-0.174],"_shiftlockState":true,"_pose":"FreeFall","_animationQueue":[["fall",0.3]],"_animationSpeed":1,"_zoom":16.125},{"_mousePosition":[683,384],"_rootPartCFrame":[762.073,224.879,45.102,-0.988,0,0.154,0,1,0,-0.154,0,-0.988],"_humanoidState":5,"_cameraCFrame":[760.354,242.259,42.283,-1,-0.011,0.002,0,0.174,0.985,-0.011,0.985,-0.174],"_shiftlockState":true,"_pose":"FreeFall","_animationQueue":[],"_animationSpeed":1,"_zoom":16.125},{"_mousePosition":[683,384],"_rootPartCFrame":[761.806,224.107,45.096,-0.99,0,0.144,0,1,0,-0.144,0,-0.99],"_humanoidState":5,"_cameraCFrame":[760.081,241.487,42.281,-1,-0.009,0.002,0,0.174,0.985,-0.009,0.985,-0.174],"_shiftlockState":true,"_pose":"FreeFall","_animationQueue":[],"_animationSpeed":1,"_zoom":16.125},{"_mousePosition":[683,384],"_rootPartCFrame":[761.54,223.28,45.093,-0.99,0,0.141,0,1,0,-0.141,0,-0.99],"_humanoidState":5,"_cameraCFrame":[759.814,240.66,42.277,-1,-0.009,0.002,0,0.174,0.985,-0.009,0.985,-0.174],"_shiftlockState":true,"_pose":"FreeFall","_animationQueue":[],"_animationSpeed":1,"_zoom":16.125},{"_mousePosition":[683,384],"_rootPartCFrame":[761.273,222.508,45.09,-0.999,0,0.044,0,1,0,-0.044,0,-0.999],"_humanoidState":7,"_cameraCFrame":[759.548,239.888,42.275,-1,-0.009,0.002,0,0.174,0.985,-0.009,0.985,-0.174],"_shiftlockState":true,"_pose":"FreeFall","_animationQueue":[["walk",0.1],["fall",0.3],["fall",0.3]],"_animationSpeed":1,"_zoom":16.125},{"_mousePosition":[683,384],"_rootPartCFrame":[761.007,222.46,45.088,-1,0,0.011,0,1,0,-0.011,0,-1],"_humanoidState":7,"_cameraCFrame":[759.281,239.84,42.273,-1,-0.009,0.002,0,0.174,0.985,-0.009,0.985,-0.174],"_shiftlockState":true,"_pose":"FreeFall","_animationQueue":[],"_animationSpeed":1,"_zoom":16.125},{"_mousePosition":[683,384],"_rootPartCFrame":[760.673,222.57,45.085,-1,0,0.009,0,1,0,-0.009,0,-1],"_humanoidState":8,"_cameraCFrame":[758.948,239.95,42.27,-1,-0.009,0.002,0,0.174,0.985,-0.009,0.985,-0.174],"_shiftlockState":true,"_pose":"Running","_animationQueue":[["walk",0.1],["fall",0.3],["walk",0.1]],"_animationSpeed":1.103,"_zoom":16.125},{"_mousePosition":[683,384],"_rootPartCFrame":[760.34,222.639,45.082,-1,0,0.009,0,1,0,-0.009,0,-1],"_humanoidState":8,"_cameraCFrame":[758.614,240.019,42.267,-1,-0.009,0.002,0,0.174,0.985,-0.009,0.985,-0.174],"_shiftlockState":true,"_pose":"Running","_animationQueue":[["walk",0.1]],"_animationSpeed":1.103,"_zoom":16.125},{"_mousePosition":[683,384],"_rootPartCFrame":[760.14,222.661,45.08,-1,0,0.009,0,1,0,-0.009,0,-1],"_humanoidState":8,"_cameraCFrame":[758.414,240.041,42.265,-1,-0.009,0.002,0,0.174,0.985,-0.009,0.985,-0.174],"_shiftlockState":true,"_pose":"Running","_animationQueue":[],"_animationSpeed":1.103,"_zoom":16.125},{"_mousePosition":[683,384],"_rootPartCFrame":[759.874,222.679,45.078,-1,0,0.009,0,1,0,-0.009,0,-1],"_humanoidState":8,"_cameraCFrame":[758.155,240.059,42.259,-1,-0.011,0.002,0,0.174,0.985,-0.011,0.985,-0.174],"_shiftlockState":true,"_pose":"Running","_animationQueue":[],"_animationSpeed":1.103,"_zoom":16.125},{"_mousePosition":[683,384],"_rootPartCFrame":[759.607,222.688,45.076,-1,0,0.011,0,1,0,-0.011,0,-1],"_humanoidState":8,"_cameraCFrame":[757.903,240.068,42.248,-1,-0.016,0.003,0,0.174,0.985,-0.016,0.985,-0.174],"_shiftlockState":true,"_pose":"Running","_animationQueue":[],"_animationSpeed":1.103,"_zoom":16.125},{"_mousePosition":[683,384],"_rootPartCFrame":[759.34,222.693,45.073,-1,0,0.016,0,1,0,-0.016,0,-1],"_humanoidState":8,"_cameraCFrame":[757.665,240.073,42.228,-1,-0.026,0.005,0,0.174,0.985,-0.026,0.984,-0.174],"_shiftlockState":true,"_pose":"Running","_animationQueue":[],"_animationSpeed":1.103,"_zoom":16.125},{"_mousePosition":[683,384],"_rootPartCFrame":[759.074,222.696,45.069,-1,0,0.026,0,1,0,-0.026,0,-1],"_humanoidState":8,"_cameraCFrame":[757.434,240.076,42.202,-0.999,-0.038,0.007,0,0.174,0.985,-0.039,0.984,-0.174],"_shiftlockState":true,"_pose":"Running","_animationQueue":[],"_animationSpeed":1.103,"_zoom":16.125},{"_mousePosition":[683,384],"_rootPartCFrame":[758.74,222.698,45.06,-0.999,0,0.039,0,1,0,-0.039,0,-0.999],"_humanoidState":8,"_cameraCFrame":[757.145,240.078,42.169,-0.999,-0.053,0.009,0,0.174,0.985,-0.054,0.983,-0.173],"_shiftlockState":true,"_pose":"Running","_animationQueue":[["walk",0.1]],"_animationSpeed":1.103,"_zoom":16.125},{"_mousePosition":[683,384],"_rootPartCFrame":[758.541,222.699,45.053,-0.999,0,0.054,0,1,0,-0.054,0,-0.999],"_humanoidState":8,"_cameraCFrame":[756.982,240.079,42.142,-0.998,-0.066,0.012,0,0.174,0.985,-0.067,0.983,-0.173],"_shiftlockState":true,"_pose":"Running","_animationQueue":[],"_animationSpeed":1.103,"_zoom":16.125},{"_mousePosition":[683,384],"_rootPartCFrame":[758.274,222.699,45.039,-0.998,0,0.067,0,1,0,-0.067,0,-0.998],"_humanoidState":8,"_cameraCFrame":[756.745,240.079,42.113,-0.997,-0.076,0.013,0,0.174,0.985,-0.077,0.982,-0.173],"_shiftlockState":true,"_pose":"Running","_animationQueue":[],"_animationSpeed":1.103,"_zoom":16.125},{"_mousePosition":[683,384],"_rootPartCFrame":[758.008,222.699,45.022,-0.997,0,0.077,0,1,0,-0.077,0,-0.997],"_humanoidState":8,"_cameraCFrame":[756.479,240.079,42.095,-0.997,-0.076,0.013,0,0.174,0.985,-0.077,0.982,-0.173],"_shiftlockState":true,"_pose":"Running","_animationQueue":[],"_animationSpeed":1.103,"_zoom":16.125},{"_mousePosition":[683,384],"_rootPartCFrame":[757.742,222.699,45.002,-0.997,0,0.077,0,1,0,-0.077,0,-0.997],"_humanoidState":8,"_cameraCFrame":[756.213,240.08,42.075,-0.997,-0.076,0.013,0,0.174,0.985,-0.077,0.982,-0.173],"_shiftlockState":true,"_pose":"Running","_animationQueue":[],"_animationSpeed":1.103,"_zoom":16.125},{"_mousePosition":[683,384],"_rootPartCFrame":[757.476,222.7,44.981,-0.997,0,0.077,0,1,0,-0.077,0,-0.997],"_humanoidState":8,"_cameraCFrame":[755.954,240.08,42.051,-0.997,-0.078,0.014,0,0.174,0.985,-0.079,0.982,-0.173],"_shiftlockState":true,"_pose":"Running","_animationQueue":[],"_animationSpeed":1.103,"_zoom":16.125},{"_mousePosition":[683,384],"_rootPartCFrame":[757.211,222.7,44.961,-0.997,0,0.079,0,1,0,-0.079,0,-0.997],"_humanoidState":8,"_cameraCFrame":[755.703,240.08,42.023,-0.996,-0.083,0.015,0,0.174,0.985,-0.084,0.981,-0.173],"_shiftlockState":true,"_pose":"Running","_animationQueue":[],"_animationSpeed":1.103,"_zoom":16.125},{"_mousePosition":[683,384],"_rootPartCFrame":[756.878,222.7,44.934,-0.996,0,0.084,0,1,0,-0.084,0,-0.996],"_humanoidState":8,"_cameraCFrame":[755.416,240.08,41.974,-0.995,-0.098,0.017,0,0.174,0.985,-0.1,0.98,-0.173],"_shiftlockState":true,"_pose":"Running","_animationQueue":[["walk",0.1]],"_animationSpeed":1.103,"_zoom":16.125},{"_mousePosition":[683,384],"_rootPartCFrame":[756.679,222.7,44.918,-0.995,0,0.1,0,1,0,-0.1,0,-0.995],"_humanoidState":8,"_cameraCFrame":[755.338,240.08,41.9,-0.99,-0.138,0.024,0,0.174,0.985,-0.14,0.975,-0.172],"_shiftlockState":true,"_pose":"Running","_animationQueue":[],"_animationSpeed":1.103,"_zoom":16.125},{"_mousePosition":[683,384],"_rootPartCFrame":[756.347,222.7,44.885,-0.99,0,0.14,0,1,0,-0.14,0,-0.99],"_humanoidState":8,"_cameraCFrame":[755.246,240.08,41.772,-0.976,-0.214,0.038,0,0.174,0.985,-0.217,0.961,-0.17],"_shiftlockState":true,"_pose":"Running","_animationQueue":[],"_animationSpeed":1.103,"_zoom":16.125},{"_mousePosition":[683,384],"_rootPartCFrame":[755.822,222.7,44.849,-0.976,0,0.217,0,1,0,-0.217,0,-0.976],"_humanoidState":8,"_cameraCFrame":[755.058,240.08,41.637,-0.948,-0.314,0.055,0,0.174,0.985,-0.319,0.933,-0.165],"_shiftlockState":true,"_pose":"Running","_animationQueue":[["walk",0.1]],"_animationSpeed":2.353,"_zoom":16.125},{"_mousePosition":[683,384],"_rootPartCFrame":[755.353,222.7,44.823,-0.947,0,0.322,0,1,0,-0.322,0,-0.947],"_humanoidState":8,"_cameraCFrame":[754.975,240.08,41.543,-0.903,-0.423,0.075,0,0.174,0.985,-0.43,0.889,-0.157],"_shiftlockState":true,"_pose":"Running","_animationQueue":[["walk",0.1]],"_animationSpeed":1.291,"_zoom":16.125},{"_mousePosition":[683,384],"_rootPartCFrame":[754.548,222.7,44.771,-0.9,0,0.436,0,1,0,-0.436,0,-0.9],"_humanoidState":8,"_cameraCFrame":[754.504,240.08,41.469,-0.855,-0.511,0.09,0,0.174,0.985,-0.519,0.842,-0.148],"_shiftlockState":true,"_pose":"Running","_animationQueue":[["walk",0.1]],"_animationSpeed":0.665,"_zoom":16.125},{"_mousePosition":[683,384],"_rootPartCFrame":[753.548,222.7,44.677,-0.854,0,0.521,0,1,0,-0.521,0,-0.854],"_humanoidState":8,"_cameraCFrame":[753.662,240.08,41.377,-0.829,-0.551,0.097,0,0.174,0.985,-0.559,0.817,-0.144],"_shiftlockState":true,"_pose":"Running","_animationQueue":[["walk",0.1]],"_animationSpeed":0.323,"_zoom":16.125},{"_mousePosition":[683,384],"_rootPartCFrame":[752.487,222.7,44.543,-0.829,0,0.559,0,1,0,-0.559,0,-0.829],"_humanoidState":8,"_cameraCFrame":[752.626,240.08,41.244,-0.825,-0.557,0.098,0,0.174,0.985,-0.565,0.812,-0.143],"_shiftlockState":true,"_pose":"Running","_animationQueue":[["walk",0.1],["walk",0.1]],"_animationSpeed":1.035,"_zoom":16.125},{"_mousePosition":[683,384],"_rootPartCFrame":[751.431,222.7,44.395,-0.825,0,0.565,0,1,0,-0.565,0,-0.825],"_humanoidState":8,"_cameraCFrame":[751.429,240.08,41.093,-0.848,-0.521,0.092,0,0.174,0.985,-0.529,0.836,-0.147],"_shiftlockState":true,"_pose":"Running","_animationQueue":[["walk",0.1]],"_animationSpeed":1.102,"_zoom":16.125},{"_mousePosition":[683,384],"_rootPartCFrame":[750.378,222.7,44.245,-0.848,0,0.529,0,1,0,-0.529,0,-0.848],"_humanoidState":8,"_cameraCFrame":[749.967,240.08,40.968,-0.907,-0.414,0.073,0,0.174,0.985,-0.42,0.894,-0.158],"_shiftlockState":true,"_pose":"Running","_animationQueue":[],"_animationSpeed":1.102,"_zoom":16.125},{"_mousePosition":[683,384],"_rootPartCFrame":[749.349,222.666,44.094,-0.907,0,0.42,0,1,0,-0.42,0,-0.907],"_humanoidState":8,"_cameraCFrame":[748.642,240.046,40.869,-0.942,-0.331,0.058,0,0.174,0.985,-0.336,0.928,-0.164],"_shiftlockState":true,"_pose":"Running","_animationQueue":[["walk",0.1]],"_animationSpeed":4.403,"_zoom":16.125},{"_mousePosition":[683,384],"_rootPartCFrame":[748.361,222.577,43.943,-0.942,0,0.336,0,1,0,-0.336,0,-0.942],"_humanoidState":8,"_cameraCFrame":[747.347,239.957,40.801,-0.97,-0.24,0.042,0,0.174,0.985,-0.244,0.955,-0.168],"_shiftlockState":true,"_pose":"Running","_animationQueue":[],"_animationSpeed":4.403,"_zoom":16.125},{"_mousePosition":[683,384],"_rootPartCFrame":[747.412,222.434,43.792,-0.97,0,0.244,0,1,0,-0.244,0,-0.97],"_humanoidState":8,"_cameraCFrame":[746.116,239.814,40.755,-0.988,-0.152,0.027,0,0.174,0.985,-0.155,0.973,-0.172],"_shiftlockState":true,"_pose":"Running","_animationQueue":[["walk",0.1]],"_animationSpeed":4.078,"_zoom":16.125},{"_mousePosition":[683,384],"_rootPartCFrame":[746.244,223.518,43.604,-0.988,0,0.155,0,1,0,-0.155,0,-0.988],"_humanoidState":3,"_cameraCFrame":[744.7,240.898,40.685,-0.997,-0.071,0.012,0,0.174,0.985,-0.072,0.982,-0.173],"_shiftlockState":true,"_pose":"Jumping","_animationQueue":[["walk",0.1],["walk",0.1],["jump",0.1]],"_animationSpeed":1,"_zoom":16.125},{"_mousePosition":[683,384],"_rootPartCFrame":[745.558,224.129,43.493,-0.991,0,0.134,0,1,0,-0.134,0,-0.991],"_humanoidState":5,"_cameraCFrame":[743.789,241.493,40.612,-1,0.006,-0.001,0,0.179,0.984,0.007,0.984,-0.179],"_shiftlockState":true,"_pose":"FreeFall","_animationQueue":[["jump",0.1]],"_animationSpeed":1,"_zoom":16.125},{"_mousePosition":[683,384],"_rootPartCFrame":[744.678,224.897,43.352,-0.993,0,0.118,0,1,0,-0.118,0,-0.993],"_humanoidState":5,"_cameraCFrame":[742.721,242.254,40.563,-0.997,0.071,-0.013,0,0.181,0.983,0.072,0.981,-0.181],"_shiftlockState":true,"_pose":"FreeFall","_animationQueue":[],"_animationSpeed":1,"_zoom":16.125},{"_mousePosition":[683,384],"_rootPartCFrame":[743.836,225.61,43.22,-0.998,0,0.06,0,1,0,-0.06,0,-0.998],"_humanoidState":5,"_cameraCFrame":[741.734,242.967,40.538,-0.992,0.123,-0.023,0,0.181,0.983,0.125,0.976,-0.18],"_shiftlockState":true,"_pose":"FreeFall","_animationQueue":[],"_animationSpeed":1,"_zoom":16.125},{"_mousePosition":[683,384],"_rootPartCFrame":[743.033,226.268,43.097,-1,0,0.008,0,1,0,-0.008,0,-1],"_humanoidState":5,"_cameraCFrame":[740.811,243.626,40.514,-0.985,0.167,-0.031,0,0.181,0.983,0.17,0.969,-0.179],"_shiftlockState":true,"_pose":"FreeFall","_animationQueue":[],"_animationSpeed":1,"_zoom":16.125},{"_mousePosition":[683,384],"_rootPartCFrame":[742.268,226.872,42.985,-0.999,0,-0.038,0,1,0,0.038,0,-0.999],"_humanoidState":5,"_cameraCFrame":[739.943,244.23,40.494,-0.978,0.206,-0.038,0,0.181,0.983,0.21,0.962,-0.177],"_shiftlockState":true,"_pose":"FreeFall","_animationQueue":[],"_animationSpeed":1,"_zoom":16.125},{"_mousePosition":[683,384],"_rootPartCFrame":[741.541,227.422,42.884,-0.997,0,-0.078,0,1,0,0.078,0,-0.997],"_humanoidState":5,"_cameraCFrame":[739.07,244.779,40.539,-0.963,0.264,-0.049,0,0.181,0.983,0.269,0.947,-0.175],"_shiftlockState":true,"_pose":"FreeFall","_animationQueue":[],"_animationSpeed":1,"_zoom":16.125},{"_mousePosition":[683,384],"_rootPartCFrame":[740.686,228.032,42.776,-0.994,0,-0.105,0,1,0,0.105,0,-0.994],"_humanoidState":5,"_cameraCFrame":[738.161,245.39,40.488,-0.957,0.286,-0.053,0,0.181,0.983,0.291,0.941,-0.173],"_shiftlockState":true,"_pose":"FreeFall","_animationQueue":[],"_animationSpeed":1,"_zoom":16.125},{"_mousePosition":[683,384],"_rootPartCFrame":[740.201,228.357,42.721,-0.981,0,-0.194,0,1,0,0.194,0,-0.981],"_humanoidState":5,"_cameraCFrame":[737.52,245.715,40.617,-0.934,0.352,-0.065,0,0.181,0.983,0.358,0.918,-0.169],"_shiftlockState":true,"_pose":"FreeFall","_animationQueue":[],"_animationSpeed":1,"_zoom":16.125},{"_mousePosition":[683,384],"_rootPartCFrame":[739.586,228.743,42.66,-0.973,0,-0.231,0,1,0,0.231,0,-0.973],"_humanoidState":5,"_cameraCFrame":[736.818,246.101,40.673,-0.918,0.391,-0.072,0,0.181,0.983,0.398,0.902,-0.166],"_shiftlockState":true,"_pose":"FreeFall","_animationQueue":[],"_animationSpeed":1,"_zoom":16.125},{"_mousePosition":[683,384],"_rootPartCFrame":[739.008,229.075,42.615,-0.962,0,-0.272,0,1,0,0.272,0,-0.962],"_humanoidState":5,"_cameraCFrame":[736.162,246.433,40.741,-0.901,0.427,-0.079,0,0.181,0.983,0.434,0.886,-0.163],"_shiftlockState":true,"_pose":"FreeFall","_animationQueue":[],"_animationSpeed":1,"_zoom":16.125},{"_mousePosition":[683,384],"_rootPartCFrame":[738.467,229.352,42.585,-0.95,0,-0.311,0,1,0,0.311,0,-0.95],"_humanoidState":5,"_cameraCFrame":[735.547,246.71,40.829,-0.882,0.463,-0.085,0,0.181,0.983,0.471,0.868,-0.16],"_shiftlockState":true,"_pose":"FreeFall","_animationQueue":[],"_animationSpeed":1,"_zoom":16.125},{"_mousePosition":[683,384],"_rootPartCFrame":[737.961,229.574,42.573,-0.937,0,-0.349,0,1,0,0.349,0,-0.937],"_humanoidState":5,"_cameraCFrame":[734.985,246.932,40.913,-0.866,0.491,-0.091,0,0.181,0.983,0.499,0.852,-0.157],"_shiftlockState":true,"_pose":"FreeFall","_animationQueue":[],"_animationSpeed":1,"_zoom":16.125},{"_mousePosition":[683,384],"_rootPartCFrame":[737.491,229.742,42.578,-0.925,0,-0.38,0,1,0,0.38,0,-0.925],"_humanoidState":5,"_cameraCFrame":[734.474,247.1,40.994,-0.854,0.512,-0.094,0,0.181,0.983,0.521,0.839,-0.155],"_shiftlockState":true,"_pose":"FreeFall","_animationQueue":[],"_animationSpeed":1,"_zoom":16.125},{"_mousePosition":[683,384],"_rootPartCFrame":[737.056,229.856,42.602,-0.915,0,-0.403,0,1,0,0.403,0,-0.915],"_humanoidState":5,"_cameraCFrame":[734,247.214,41.095,-0.84,0.533,-0.098,0,0.181,0.983,0.542,0.826,-0.152],"_shiftlockState":true,"_pose":"FreeFall","_animationQueue":[],"_animationSpeed":1,"_zoom":16.125},{"_mousePosition":[683,384],"_rootPartCFrame":[736.561,229.921,42.658,-0.918,0,-0.396,0,1,0,0.396,0,-0.918],"_humanoidState":5,"_cameraCFrame":[733.471,247.279,41.221,-0.827,0.552,-0.102,0,0.181,0.983,0.561,0.814,-0.15],"_shiftlockState":true,"_pose":"FreeFall","_animationQueue":[],"_animationSpeed":1,"_zoom":16.125},{"_mousePosition":[683,384],"_rootPartCFrame":[736.29,229.919,42.707,-0.879,0,-0.476,0,1,0,0.476,0,-0.879],"_humanoidState":5,"_cameraCFrame":[733.172,247.277,41.333,-0.816,0.569,-0.105,0,0.181,0.983,0.578,0.802,-0.148],"_shiftlockState":true,"_pose":"FreeFall","_animationQueue":[],"_animationSpeed":1,"_zoom":16.125},{"_mousePosition":[683,384],"_rootPartCFrame":[735.959,229.869,42.79,-0.886,0,-0.465,0,1,0,0.465,0,-0.886],"_humanoidState":5,"_cameraCFrame":[732.82,247.227,41.463,-0.807,0.581,-0.107,0,0.181,0.983,0.59,0.794,-0.146],"_shiftlockState":true,"_pose":"FreeFall","_animationQueue":[],"_animationSpeed":1,"_zoom":16.125},{"_mousePosition":[683,384],"_rootPartCFrame":[735.661,229.765,42.893,-0.878,0,-0.478,0,1,0,0.478,0,-0.878],"_humanoidState":5,"_cameraCFrame":[732.519,247.123,41.575,-0.806,0.583,-0.107,0,0.181,0.983,0.592,0.792,-0.146],"_shiftlockState":true,"_pose":"FreeFall","_animationQueue":[],"_animationSpeed":1,"_zoom":16.125},{"_mousePosition":[683,384],"_rootPartCFrame":[735.397,229.606,43.019,-0.877,0,-0.48,0,1,0,0.48,0,-0.877],"_humanoidState":5,"_cameraCFrame":[732.268,246.964,41.668,-0.812,0.575,-0.106,0,0.181,0.983,0.584,0.798,-0.147],"_shiftlockState":true,"_pose":"FreeFall","_animationQueue":[],"_animationSpeed":1,"_zoom":16.125},{"_mousePosition":[683,384],"_rootPartCFrame":[735.111,229.331,43.205,-0.897,0,-0.442,0,1,0,0.442,0,-0.897],"_humanoidState":5,"_cameraCFrame":[732.044,246.688,41.721,-0.836,0.54,-0.1,0,0.181,0.983,0.549,0.822,-0.152],"_shiftlockState":true,"_pose":"FreeFall","_animationQueue":[["fall",0.3]],"_animationSpeed":1,"_zoom":16.125},{"_mousePosition":[683,384],"_rootPartCFrame":[734.895,229.049,43.361,-0.901,0,-0.433,0,1,0,0.433,0,-0.901],"_humanoidState":5,"_cameraCFrame":[731.914,246.395,41.602,-0.874,0.478,-0.09,0,0.185,0.983,0.486,0.859,-0.162],"_shiftlockState":true,"_pose":"FreeFall","_animationQueue":[],"_animationSpeed":1,"_zoom":16.125},{"_mousePosition":[683,384],"_rootPartCFrame":[734.673,228.713,43.509,-0.931,0,-0.366,0,1,0,0.366,0,-0.931],"_humanoidState":5,"_cameraCFrame":[731.859,246.041,41.359,-0.921,0.383,-0.075,0,0.191,0.982,0.391,0.904,-0.176],"_shiftlockState":true,"_pose":"FreeFall","_animationQueue":[],"_animationSpeed":1,"_zoom":16.125},{"_mousePosition":[683,384],"_rootPartCFrame":[734.5,228.425,43.609,-0.955,0,-0.297,0,1,0,0.297,0,-0.955],"_humanoidState":5,"_cameraCFrame":[731.959,245.723,40.954,-0.965,0.259,-0.053,0,0.2,0.98,0.264,0.945,-0.193],"_shiftlockState":true,"_pose":"FreeFall","_animationQueue":[],"_animationSpeed":1,"_zoom":16.125},{"_mousePosition":[683,384],"_rootPartCFrame":[734.258,227.994,43.721,-0.991,0,-0.134,0,1,0,0.134,0,-0.991],"_humanoidState":5,"_cameraCFrame":[732.11,245.252,40.539,-0.993,0.117,-0.025,0,0.212,0.977,0.12,0.97,-0.21],"_shiftlockState":true,"_pose":"FreeFall","_animationQueue":[],"_animationSpeed":1,"_zoom":16.125},{"_mousePosition":[683,384],"_rootPartCFrame":[734.005,227.508,43.804,-1,0,0.013,0,1,0,-0.013,0,-1],"_humanoidState":5,"_cameraCFrame":[732.379,244.725,40.146,-0.999,-0.033,0.008,0,0.223,0.975,-0.034,0.974,-0.223],"_shiftlockState":true,"_pose":"FreeFall","_animationQueue":[],"_animationSpeed":1,"_zoom":16.125},{"_mousePosition":[683,384],"_rootPartCFrame":[733.763,226.967,43.898,-0.991,0,0.133,0,1,0,-0.133,0,-0.991],"_humanoidState":5,"_cameraCFrame":[732.748,244.134,39.825,-0.983,-0.18,0.044,0,0.237,0.972,-0.185,0.955,-0.233],"_shiftlockState":true,"_pose":"FreeFall","_animationQueue":[],"_animationSpeed":1,"_zoom":16.125},{"_mousePosition":[683,384],"_rootPartCFrame":[733.54,226.372,44.026,-0.963,0,0.269,0,1,0,-0.269,0,-0.963],"_humanoidState":5,"_cameraCFrame":[733.244,243.47,39.588,-0.944,-0.32,0.084,0,0.254,0.967,-0.331,0.913,-0.239],"_shiftlockState":true,"_pose":"FreeFall","_animationQueue":[["fall",0.3]],"_animationSpeed":1,"_zoom":16.125},{"_mousePosition":[683,384],"_rootPartCFrame":[733.266,225.552,44.213,-0.903,0,0.429,0,1,0,-0.429,0,-0.903],"_humanoidState":5,"_cameraCFrame":[733.711,242.584,39.562,-0.887,-0.444,0.124,0,0.269,0.963,-0.461,0.855,-0.238],"_shiftlockState":true,"_pose":"FreeFall","_animationQueue":[],"_animationSpeed":1,"_zoom":16.125},{"_mousePosition":[683,384],"_rootPartCFrame":[733.093,225.019,44.313,-0.856,0,0.517,0,1,0,-0.517,0,-0.856],"_humanoidState":5,"_cameraCFrame":[734.247,241.982,39.554,-0.823,-0.544,0.161,0,0.284,0.959,-0.567,0.79,-0.234],"_shiftlockState":true,"_pose":"FreeFall","_animationQueue":[],"_animationSpeed":1,"_zoom":16.125},{"_mousePosition":[683,384],"_rootPartCFrame":[732.876,224.26,44.455,-0.815,0,0.58,0,1,0,-0.58,0,-0.815],"_humanoidState":5,"_cameraCFrame":[734.614,241.178,39.727,-0.76,-0.621,0.19,0,0.293,0.956,-0.65,0.727,-0.223],"_shiftlockState":true,"_pose":"FreeFall","_animationQueue":[],"_animationSpeed":1,"_zoom":16.125},{"_mousePosition":[683,384],"_rootPartCFrame":[732.685,223.447,44.627,-0.767,0,0.641,0,1,0,-0.641,0,-0.767],"_humanoidState":5,"_cameraCFrame":[734.92,240.328,39.987,-0.7,-0.681,0.215,0,0.3,0.954,-0.714,0.667,-0.21],"_shiftlockState":true,"_pose":"FreeFall","_animationQueue":[],"_animationSpeed":1,"_zoom":16.125},{"_mousePosition":[683,384],"_rootPartCFrame":[732.51,222.58,44.826,-0.703,0,0.712,0,1,0,-0.712,0,-0.703],"_humanoidState":7,"_cameraCFrame":[735.285,239.432,40.387,-0.622,-0.745,0.24,0,0.306,0.952,-0.783,0.592,-0.19],"_shiftlockState":true,"_pose":"FreeFall","_animationQueue":[["walk",0.1],["fall",0.3],["fall",0.3]],"_animationSpeed":1,"_zoom":16.125},{"_mousePosition":[683,384],"_rootPartCFrame":[732.275,222.433,45.062,-0.617,0,0.787,0,1,0,-0.787,0,-0.617],"_humanoidState":7,"_cameraCFrame":[735.327,239.275,40.775,-0.575,-0.778,0.252,0,0.308,0.951,-0.818,0.547,-0.177],"_shiftlockState":true,"_pose":"FreeFall","_animationQueue":[["fall",0.3]],"_animationSpeed":1,"_zoom":16.125},{"_mousePosition":[683,384],"_rootPartCFrame":[732.068,222.533,45.231,-0.574,0,0.819,0,1,0,-0.819,0,-0.574],"_humanoidState":8,"_cameraCFrame":[735.323,239.375,41.095,-0.535,-0.804,0.26,0,0.308,0.951,-0.845,0.509,-0.165],"_shiftlockState":true,"_pose":"Running","_animationQueue":[["walk",0.1],["fall",0.3],["walk",0.1]],"_animationSpeed":1.103,"_zoom":16.125},{"_mousePosition":[683,384],"_rootPartCFrame":[731.852,222.607,45.386,-0.535,0,0.845,0,1,0,-0.845,0,-0.535],"_humanoidState":8,"_cameraCFrame":[735.302,239.449,41.412,-0.494,-0.827,0.268,0,0.308,0.951,-0.869,0.47,-0.152],"_shiftlockState":true,"_pose":"Running","_animationQueue":[],"_animationSpeed":1.103,"_zoom":16.125},{"_mousePosition":[683,384],"_rootPartCFrame":[731.628,222.649,45.53,-0.494,0,0.869,0,1,0,-0.869,0,-0.494],"_humanoidState":8,"_cameraCFrame":[735.301,239.481,41.722,-0.45,-0.849,0.277,0,0.31,0.951,-0.893,0.428,-0.139],"_shiftlockState":true,"_pose":"Running","_animationQueue":[],"_animationSpeed":1.103,"_zoom":16.125},{"_mousePosition":[683,384],"_rootPartCFrame":[731.339,222.676,45.697,-0.45,0,0.893,0,1,0,-0.893,0,-0.45],"_humanoidState":8,"_cameraCFrame":[735.218,239.498,42.058,-0.406,-0.868,0.285,0,0.312,0.95,-0.914,0.386,-0.127],"_shiftlockState":true,"_pose":"Running","_animationQueue":[],"_animationSpeed":1.103,"_zoom":16.125},{"_mousePosition":[683,384],"_rootPartCFrame":[731.161,222.685,45.789,-0.406,0,0.914,0,1,0,-0.914,0,-0.406],"_humanoidState":8,"_cameraCFrame":[735.211,239.507,42.34,-0.362,-0.886,0.29,0,0.312,0.95,-0.932,0.344,-0.113],"_shiftlockState":true,"_pose":"Running","_animationQueue":[],"_animationSpeed":1.103,"_zoom":16.125},{"_mousePosition":[683,384],"_rootPartCFra