[{"_mousePosition":[1222,373],"_rootPartCFrame":[776.025,222.952,47.142,0.001,0.003,1,0,1,-0.003,-1,0,0.001],"_humanoidState":8,"_cameraCFrame":[779.277,233.978,41.786,-0.855,-0.433,0.285,0,0.549,0.836,-0.519,0.714,-0.47],"_shiftlockState":false,"_pose":"Standing","_animationQueue":[],"_animationSpeed":1,"_zoom":11.401},{"_mousePosition":[1280,394],"_rootPartCFrame":[775.924,222.893,47.081,0.041,0.001,0.999,0,1,-0.001,-0.999,0,0.041],"_humanoidState":8,"_cameraCFrame":[779.174,233.919,41.725,-0.855,-0.433,0.285,0,0.549,0.836,-0.519,0.714,-0.47],"_shiftlockState":false,"_pose":"Standing","_animationQueue":[],"_animationSpeed":1,"_zoom":11.401},{"_mousePosition":[1334,415],"_rootPartCFrame":[775.7,222.76,46.945,0.108,0,0.994,0,1,0,-0.994,0,0.108],"_humanoidState":8,"_cameraCFrame":[778.948,233.786,41.589,-0.855,-0.433,0.285,0,0.549,0.836,-0.519,0.714,-0.47],"_shiftlockState":false,"_pose":"Running","_animationQueue":[["walk",0.1]],"_animationSpeed":0.839,"_zoom":11.401},{"_mousePosition":[1334,415],"_rootPartCFrame":[775.473,222.651,46.807,0.167,0,0.986,0,1,0,-0.986,0,0.167],"_humanoidState":8,"_cameraCFrame":[778.72,233.678,41.451,-0.855,-0.433,0.285,0,0.549,0.836,-0.519,0.714,-0.47],"_shiftlockState":false,"_pose":"Running","_animationQueue":[["walk",0.1]],"_animationSpeed":1.097,"_zoom":11.401},{"_mousePosition":[1365,454],"_rootPartCFrame":[775.245,222.661,46.669,0.217,0,0.976,0,1,0,-0.976,0,0.217],"_humanoidState":8,"_cameraCFrame":[778.492,233.687,41.313,-0.855,-0.433,0.285,0,0.549,0.836,-0.519,0.714,-0.47],"_shiftlockState":false,"_pose":"Running","_animationQueue":[],"_animationSpeed":1.097,"_zoom":11.401},{"_mousePosition":[1365,454],"_rootPartCFrame":[775.017,222.677,46.53,0.26,0,0.966,0,1,0,-0.966,0,0.26],"_humanoidState":8,"_cameraCFrame":[776.97,233.871,40.594,-0.824,-0.481,0.298,0,0.526,0.85,-0.566,0.701,-0.434],"_shiftlockState":true,"_pose":"Running","_animationQueue":[],"_animationSpeed":1.097,"_zoom":11.401},{"_mousePosition":[683,384],"_rootPartCFrame":[774.789,222.687,46.392,-0.848,0,0.53,0,1,0,-0.53,0,-0.848],"_humanoidState":8,"_cameraCFrame":[776.742,233.882,40.455,-0.824,-0.481,0.298,0,0.526,0.85,-0.566,0.701,-0.434],"_shiftlockState":true,"_pose":"Running","_animationQueue":[["walk",0.1]],"_animationSpeed":1.097,"_zoom":11.401},{"_mousePosition":[683,384],"_rootPartCFrame":[774.568,222.693,46.243,-0.836,0,0.549,0,1,0,-0.549,0,-0.836],"_humanoidState":8,"_cameraCFrame":[776.572,234.048,40.595,-0.804,-0.514,0.299,0,0.503,0.864,-0.595,0.695,-0.404],"_shiftlockState":true,"_pose":"Running","_animationQueue":[],"_animationSpeed":1.097,"_zoom":11.401},{"_mousePosition":[683,384],"_rootPartCFrame":[774.348,222.696,46.092,-0.805,0,0.593,0,1,0,-0.593,0,-0.805],"_humanoidState":8,"_cameraCFrame":[776.373,234.183,40.688,-0.786,-0.542,0.298,0,0.482,0.876,-0.618,0.688,-0.379],"_shiftlockState":true,"_pose":"Running","_animationQueue":[],"_animationSpeed":1.097,"_zoom":11.401},{"_mousePosition":[683,384],"_rootPartCFrame":[774.133,222.698,45.935,-0.786,0,0.618,0,1,0,-0.618,0,-0.786],"_humanoidState":8,"_cameraCFrame":[776.148,234.302,40.749,-0.771,-0.565,0.295,0,0.463,0.886,-0.637,0.683,-0.357],"_shiftlockState":true,"_pose":"Running","_animationQueue":[],"_animationSpeed":1.097,"_zoom":11.401},{"_mousePosition":[683,384],"_rootPartCFrame":[773.87,222.699,45.73,-0.771,0,0.637,0,1,0,-0.637,0,-0.771],"_humanoidState":8,"_cameraCFrame":[775.876,234.382,40.699,-0.759,-0.581,0.293,0,0.45,0.893,-0.651,0.678,-0.341],"_shiftlockState":true,"_pose":"Running","_animationQueue":[],"_animationSpeed":1.097,"_zoom":11.401},{"_mousePosition":[683,384],"_rootPartCFrame":[773.715,222.699,45.603,-0.759,0,0.651,0,1,0,-0.651,0,-0.759],"_humanoidState":8,"_cameraCFrame":[775.682,234.456,40.707,-0.752,-0.593,0.288,0,0.437,0.9,-0.659,0.676,-0.328],"_shiftlockState":true,"_pose":"Running","_animationQueue":[],"_animationSpeed":1.097,"_zoom":11.401},{"_mousePosition":[683,384],"_rootPartCFrame":[773.512,222.699,45.43,-0.752,0,0.659,0,1,0,-0.659,0,-0.752],"_humanoidState":8,"_cameraCFrame":[775.433,234.504,40.617,-0.749,-0.599,0.283,0,0.428,0.904,-0.663,0.677,-0.32],"_shiftlockState":true,"_pose":"Running","_animationQueue":[],"_animationSpeed":1.097,"_zoom":11.401},{"_mousePosition":[683,384],"_rootPartCFrame":[773.311,222.699,45.254,-0.749,0,0.663,0,1,0,-0.663,0,-0.749],"_humanoidState":8,"_cameraCFrame":[775.168,234.57,40.559,-0.745,-0.607,0.277,0,0.415,0.91,-0.667,0.678,-0.309],"_shiftlockState":true,"_pose":"Running","_animationQueue":[["walk",0.1]],"_animationSpeed":1.097,"_zoom":11.401},{"_mousePosition":[683,384],"_rootPartCFrame":[773.112,222.7,45.078,-0.745,0,0.667,0,1,0,-0.667,0,-0.745],"_humanoidState":8,"_cameraCFrame":[774.934,234.638,40.521,-0.735,-0.621,0.273,0,0.402,0.916,-0.678,0.673,-0.296],"_shiftlockState":true,"_pose":"Running","_animationQueue":[],"_animationSpeed":1.097,"_zoom":11.401},{"_mousePosition":[683,384],"_rootPartCFrame":[772.913,222.7,44.9,-0.735,0,0.678,0,1,0,-0.678,0,-0.735],"_humanoidState":8,"_cameraCFrame":[774.739,234.703,40.498,-0.718,-0.641,0.27,0,0.389,0.921,-0.696,0.662,-0.279],"_shiftlockState":true,"_pose":"Running","_animationQueue":[],"_animationSpeed":1.097,"_zoom":11.401},{"_mousePosition":[683,384],"_rootPartCFrame":[772.716,222.7,44.72,-0.718,0,0.696,0,1,0,-0.696,0,-0.718],"_humanoidState":8,"_cameraCFrame":[774.609,234.76,40.483,-0.692,-0.669,0.272,0,0.377,0.926,-0.722,0.641,-0.261],"_shiftlockState":true,"_pose":"Running","_animationQueue":[],"_animationSpeed":1.097,"_zoom":11.401},{"_mousePosition":[683,384],"_rootPartCFrame":[772.524,222.7,44.535,-0.692,0,0.722,0,1,0,-0.722,0,-0.692],"_humanoidState":8,"_cameraCFrame":[774.479,234.791,40.405,-0.671,-0.689,0.274,0,0.37,0.929,-0.741,0.623,-0.248],"_shiftlockState":true,"_pose":"Running","_animationQueue":[],"_animationSpeed":1.097,"_zoom":11.401},{"_mousePosition":[683,384],"_rootPartCFrame":[772.339,222.7,44.344,-0.664,0,0.748,0,1,0,-0.748,0,-0.664],"_humanoidState":8,"_cameraCFrame":[774.285,234.825,40.301,-0.661,-0.7,0.272,0,0.362,0.932,-0.751,0.616,-0.239],"_shiftlockState":true,"_pose":"Running","_animationQueue":[["walk",0.1]],"_animationSpeed":1.097,"_zoom":11.401},{"_mousePosition":[683,384],"_rootPartCFrame":[772.161,222.695,44.146,-0.661,0,0.751,0,1,0,-0.751,0,-0.661],"_humanoidState":8,"_cameraCFrame":[774.08,234.847,40.16,-0.656,-0.705,0.269,0,0.356,0.934,-0.755,0.613,-0.234],"_shiftlockState":true,"_pose":"Running","_animationQueue":[["walk",0.1]],"_animationSpeed":1.097,"_zoom":11.401},{"_mousePosition":[683,384],"_rootPartCFrame":[771.941,222.697,43.895,-0.649,0,0.76,0,1,0,-0.76,0,-0.649],"_humanoidState":8,"_cameraCFrame":[773.759,234.929,40.087,-0.643,-0.721,0.258,0,0.337,0.942,-0.766,0.605,-0.216],"_shiftlockState":true,"_pose":"Running","_animationQueue":[["walk",0.1]],"_animationSpeed":1.097,"_zoom":11.401},{"_mousePosition":[683,384],"_rootPartCFrame":[771.854,222.698,43.794,-0.643,0,0.766,0,1,0,-0.766,0,-0.643],"_humanoidState":8,"_cameraCFrame":[773.634,234.964,40.064,-0.635,-0.729,0.254,0,0.328,0.945,-0.772,0.6,-0.209],"_shiftlockState":true,"_pose":"Running","_animationQueue":[],"_animationSpeed":1.097,"_zoom":11.401},{"_mousePosition":[683,384],"_rootPartCFrame":[771.682,222.699,43.59,-0.635,0,0.772,0,1,0,-0.772,0,-0.635],"_humanoidState":8,"_cameraCFrame":[773.414,235.007,39.958,-0.626,-0.74,0.248,0,0.318,0.948,-0.78,0.593,-0.199],"_shiftlockState":true,"_pose":"Running","_animationQueue":[],"_animationSpeed":1.097,"_zoom":11.401},{"_mousePosition":[683,384],"_rootPartCFrame":[771.513,222.699,43.384,-0.626,0,0.78,0,1,0,-0.78,0,-0.626],"_humanoidState":8,"_cameraCFrame":[773.219,235.043,39.844,-0.613,-0.751,0.244,0,0.309,0.951,-0.79,0.583,-0.189],"_shiftlockState":true,"_pose":"Running","_animationQueue":[],"_animationSpeed":1.097,"_zoom":11.401},{"_mousePosition":[683,384],"_rootPartCFrame":[771.387,222.699,43.228,-0.613,0,0.79,0,1,0,-0.79,0,-0.613],"_humanoidState":8,"_cameraCFrame":[773.047,235.08,39.779,-0.603,-0.761,0.238,0,0.299,0.954,-0.798,0.576,-0.18],"_shiftlockState":true,"_pose":"Running","_animationQueue":[],"_animationSpeed":1.097,"_zoom":11.401},{"_mousePosition":[683,384],"_rootPartCFrame":[771.182,222.699,42.966,-0.603,0,0.798,0,1,0,-0.798,0,-0.603],"_humanoidState":8,"_cameraCFrame":[772.765,235.118,39.6,-0.598,-0.767,0.231,0,0.288,0.958,-0.801,0.573,-0.172],"_shiftlockState":true,"_pose":"Running","_animationQueue":[],"_animationSpeed":1.097,"_zoom":11.401},{"_mousePosition":[683,384],"_rootPartCFrame":[771.021,222.7,42.753,-0.598,0,0.801,0,1,0,-0.801,0,-0.598],"_humanoidState":8,"_cameraCFrame":[772.547,235.136,39.421,-0.6,-0.767,0.226,0,0.282,0.959,-0.8,0.575,-0.169],"_shiftlockState":true,"_pose":"Running","_animationQueue":[],"_animationSpeed":1.097,"_zoom":11.401},{"_mousePosition":[683,384],"_rootPartCFrame":[770.861,222.7,42.54,-0.6,0,0.8,0,1,0,-0.8,0,-0.6],"_humanoidState":8,"_cameraCFrame":[772.29,235.157,39.232,-0.61,-0.762,0.219,0,0.276,0.961,-0.792,0.586,-0.168],"_shiftlockState":true,"_pose":"Running","_animationQueue":[["walk",0.1]],"_animationSpeed":1.097,"_zoom":11.401},{"_mousePosition":[683,384],"_rootPartCFrame":[770.701,222.7,42.326,-0.61,0,0.792,0,1,0,-0.792,0,-0.61],"_humanoidState":8,"_cameraCFrame":[772.015,235.177,39.038,-0.624,-0.752,0.211,0,0.27,0.963,-0.781,0.601,-0.168],"_shiftlockState":true,"_pose":"Running","_animationQueue":[],"_animationSpeed":1.097,"_zoom":11.401},{"_mousePosition":[683,384],"_rootPartCFrame":[770.539,222.7,42.115,-0.624,0,0.781,0,1,0,-0.781,0,-0.624],"_humanoidState":8,"_cameraCFrame":[771.712,235.201,38.855,-0.641,-0.741,0.201,0,0.262,0.965,-0.768,0.619,-0.168],"_shiftlockState":true,"_pose":"Running","_animationQueue":[],"_animationSpeed":1.097,"_zoom":11.401},{"_mousePosition":[683,384],"_rootPartCFrame":[770.373,222.7,41.906,-0.641,0,0.768,0,1,0,-0.768,0,-0.641],"_humanoidState":8,"_cameraCFrame":[771.401,235.223,38.669,-0.661,-0.726,0.192,0,0.255,0.967,-0.751,0.639,-0.169],"_shiftlockState":true,"_pose":"Running","_animationQueue":[],"_animationSpeed":1.097,"_zoom":11.401},{"_mousePosition":[683,384],"_rootPartCFrame":[770.203,222.7,41.701,-0.661,0,0.751,0,1,0,-0.751,0,-0.661],"_humanoidState":8,"_cameraCFrame":[771.087,235.244,38.493,-0.68,-0.71,0.182,0,0.248,0.969,-0.733,0.659,-0.169],"_shiftlockState":true,"_pose":"Running","_animationQueue":[],"_animationSpeed":1.097,"_zoom":11.401},{"_mousePosition":[683,384],"_rootPartCFrame":[770.032,222.666,41.496,-0.68,0,0.733,0,1,0,-0.733,0,-0.68],"_humanoidState":8,"_cameraCFrame":[770.787,235.226,38.31,-0.699,-0.694,0.174,0,0.243,0.97,-0.715,0.678,-0.17],"_shiftlockState":true,"_pose":"Running","_animationQueue":[],"_animationSpeed":1.097,"_zoom":11.401},{"_mousePosition":[683,384],"_rootPartCFrame":[769.861,222.577,41.291,-0.699,0,0.715,0,1,0,-0.715,0,-0.699],"_humanoidState":8,"_cameraCFrame":[770.482,235.152,38.13,-0.719,-0.675,0.165,0,0.237,0.971,-0.695,0.699,-0.171],"_shiftlockState":true,"_pose":"Running","_animationQueue":[],"_animationSpeed":1.097,"_zoom":11.401},{"_mousePosition":[683,384],"_rootPartCFrame":[769.69,222.434,41.087,-0.719,0,0.695,0,1,0,-0.695,0,-0.719],"_humanoidState":8,"_cameraCFrame":[770.151,235.027,37.958,-0.743,-0.651,0.155,0,0.231,0.973,-0.669,0.723,-0.172],"_shiftlockState":true,"_pose":"Running","_animationQueue":[["walk",0.1]],"_animationSpeed":1.097,"_zoom":11.401},{"_mousePosition":[683,384],"_rootPartCFrame":[769.519,223.307,40.882,-0.743,0,0.669,0,1,0,-0.669,0,-0.743],"_humanoidState":3,"_cameraCFrame":[769.831,235.914,37.787,-0.766,-0.626,0.145,0,0.226,0.974,-0.643,0.746,-0.173],"_shiftlockState":true,"_pose":"Jumping","_animationQueue":[["walk",0.1],["jump",0.1]],"_animationSpeed":1,"_zoom":11.401},{"_mousePosition":[683,384],"_rootPartCFrame":[769.331,224.129,40.694,-0.704,0,0.71,0,1,0,-0.71,0,-0.704],"_humanoidState":5,"_cameraCFrame":[769.518,236.747,37.626,-0.786,-0.603,0.137,0,0.222,0.975,-0.618,0.766,-0.174],"_shiftlockState":true,"_pose":"FreeFall","_animationQueue":[["jump",0.1]],"_animationSpeed":1,"_zoom":11.401},{"_mousePosition":[683,384],"_rootPartCFrame":[769.128,224.897,40.521,-0.7,0,0.714,0,1,0,-0.714,0,-0.7],"_humanoidState":5,"_cameraCFrame":[769.201,237.522,37.478,-0.804,-0.58,0.13,0,0.218,0.976,-0.594,0.785,-0.176],"_shiftlockState":true,"_pose":"FreeFall","_animationQueue":[],"_animationSpeed":1,"_zoom":11.401},{"_mousePosition":[683,384],"_rootPartCFrame":[768.92,225.61,40.355,-0.719,0,0.695,0,1,0,-0.695,0,-0.719],"_humanoidState":5,"_cameraCFrame":[768.876,238.243,37.341,-0.823,-0.555,0.122,0,0.215,0.977,-0.569,0.803,-0.177],"_shiftlockState":true,"_pose":"FreeFall","_animationQueue":[],"_animationSpeed":1,"_zoom":11.401},{"_mousePosition":[683,384],"_rootPartCFrame":[768.706,226.268,40.196,-0.74,0,0.673,0,1,0,-0.673,0,-0.74],"_humanoidState":5,"_cameraCFrame":[768.586,238.906,37.198,-0.835,-0.538,0.118,0,0.214,0.977,-0.55,0.816,-0.178],"_shiftlockState":true,"_pose":"FreeFall","_animationQueue":[],"_animationSpeed":1,"_zoom":11.401},{"_mousePosition":[683,384],"_rootPartCFrame":[768.487,226.872,40.043,-0.754,0,0.656,0,1,0,-0.656,0,-0.754],"_humanoidState":5,"_cameraCFrame":[768.268,239.52,37.087,-0.848,-0.517,0.111,0,0.21,0.978,-0.529,0.83,-0.178],"_shiftlockState":true,"_pose":"FreeFall","_animationQueue":[],"_animationSpeed":1,"_zoom":11.401},{"_mousePosition":[683,384],"_rootPartCFrame":[768.265,227.422,39.895,-0.771,0,0.637,0,1,0,-0.637,0,-0.771],"_humanoidState":5,"_cameraCFrame":[767.951,240.077,36.978,-0.862,-0.496,0.105,0,0.207,0.978,-0.507,0.843,-0.178],"_shiftlockState":true,"_pose":"FreeFall","_animationQueue":[],"_animationSpeed":1,"_zoom":11.401},{"_mousePosition":[683,384],"_rootPartCFrame":[768.039,227.917,39.753,-0.787,0,0.617,0,1,0,-0.617,0,-0.787],"_humanoidState":5,"_cameraCFrame":[767.64,240.579,36.875,-0.873,-0.477,0.099,0,0.203,0.979,-0.487,0.855,-0.178],"_shiftlockState":true,"_pose":"FreeFall","_animationQueue":[],"_animationSpeed":1,"_zoom":11.401},{"_mousePosition":[683,384],"_rootPartCFrame":[767.81,228.357,39.617,-0.801,0,0.599,0,1,0,-0.599,0,-0.801],"_humanoidState":5,"_cameraCFrame":[767.296,241.031,36.801,-0.888,-0.45,0.091,0,0.199,0.98,-0.459,0.871,-0.177],"_shiftlockState":true,"_pose":"FreeFall","_animationQueue":[],"_animationSpeed":1,"_zoom":11.401},{"_mousePosition":[683,384],"_rootPartCFrame":[767.519,228.831,39.454,-0.8,0,0.6,0,1,0,-0.6,0,-0.8],"_humanoidState":5,"_cameraCFrame":[766.944,241.509,36.664,-0.897,-0.434,0.087,0,0.197,0.98,-0.442,0.879,-0.177],"_shiftlockState":true,"_pose":"FreeFall","_animationQueue":[],"_animationSpeed":1,"_zoom":11.401},{"_mousePosition":[683,384],"_rootPartCFrame":[767.342,229.075,39.361,-0.848,0,0.53,0,1,0,-0.53,0,-0.848],"_humanoidState":5,"_cameraCFrame":[766.692,241.757,36.61,-0.907,-0.414,0.082,0,0.195,0.981,-0.422,0.889,-0.177],"_shiftlockState":true,"_pose":"FreeFall","_animationQueue":[],"_animationSpeed":1,"_zoom":11.401},{"_mousePosition":[683,384],"_rootPartCFrame":[767.104,229.352,39.243,-0.843,0,0.538,0,1,0,-0.538,0,-0.843],"_humanoidState":5,"_cameraCFrame":[766.381,242.042,36.538,-0.915,-0.395,0.077,0,0.192,0.981,-0.403,0.898,-0.175],"_shiftlockState":true,"_pose":"FreeFall","_animationQueue":[],"_animationSpeed":1,"_zoom":11.401},{"_mousePosition":[683,384],"_rootPartCFrame":[766.862,229.574,39.129,-0.854,0,0.521,0,1,0,-0.521,0,-0.854],"_humanoidState":5,"_cameraCFrame":[766.074,242.273,36.48,-0.922,-0.379,0.072,0,0.188,0.982,-0.386,0.906,-0.173],"_shiftlockState":true,"_pose":"FreeFall","_animationQueue":[],"_animationSpeed":1,"_zoom":11.401},{"_mousePosition":[683,384],"_rootPartCFrame":[766.618,229.742,39.021,-0.863,0,0.505,0,1,0,-0.505,0,-0.863],"_humanoidState":5,"_cameraCFrame":[765.799,242.444,36.396,-0.926,-0.371,0.07,0,0.186,0.983,-0.377,0.91,-0.172],"_shiftlockState":true,"_pose":"FreeFall","_animationQueue":[],"_animationSpeed":1,"_zoom":11.401},{"_mousePosition":[683,384],"_rootPartCFrame":[766.373,229.856,38.918,-0.868,0,0.497,0,1,0,-0.497,0,-0.868],"_humanoidState":5,"_cameraCFrame":[765.533,242.56,36.306,-0.928,-0.365,0.069,0,0.185,0.983,-0.372,0.912,-0.172],"_shiftlockState":true,"_pose":"FreeFall","_animationQueue":[],"_animationSpeed":1,"_zoom":11.401},{"_mousePosition":[683,384],"_rootPartCFrame":[766.126,229.915,38.817,-0.871,0,0.492,0,1,0,-0.492,0,-0.871],"_humanoidState":5,"_cameraCFrame":[765.272,242.62,36.217,-0.93,-0.361,0.068,0,0.184,0.983,-0.368,0.914,-0.172],"_shiftlockState":true,"_pose":"FreeFall","_animationQueue":[],"_animationSpeed":1,"_zoom":11.401},{"_mousePosition":[683,384],"_rootPartCFrame":[765.878,229.919,38.717,-0.873,0,0.488,0,1,0,-0.488,0,-0.873],"_humanoidState":5,"_cameraCFrame":[765.011,242.625,36.122,-0.932,-0.357,0.067,0,0.184,0.983,-0.363,0.916,-0.172],"_shiftlockState":true,"_pose":"FreeFall","_animationQueue":[],"_animationSpeed":1,"_zoom":11.401},{"_mousePosition":[683,384],"_rootPartCFrame":[765.631,229.869,38.619,-0.875,0,0.483,0,1,0,-0.483,0,-0.875],"_humanoidState":5,"_cameraCFrame":[764.745,242.573,36.023,-0.935,-0.349,0.066,0,0.185,0.983,-0.355,0.919,-0.173],"_shiftlockState":true,"_pose":"FreeFall","_animationQueue":[],"_animationSpeed":1,"_zoom":11.401},{"_mousePosition":[683,384],"_rootPartCFrame":[765.382,229.765,38.522,-0.879,0,0.476,0,1,0,-0.476,0,-0.879],"_humanoidState":5,"_cameraCFrame":[764.464,242.469,35.937,-0.939,-0.337,0.064,0,0.185,0.983,-0.343,0.923,-0.174],"_shiftlockState":true,"_pose":"FreeFall","_animationQueue":[],"_animationSpeed":1,"_zoom":11.401},{"_mousePosition":[683,384],"_rootPartCFrame":[765.133,229.606,38.427,-0.885,0,0.465,0,1,0,-0.465,0,-0.885],"_humanoidState":5,"_cameraCFrame":[764.182,242.308,35.847,-0.944,-0.325,0.061,0,0.186,0.983,-0.33,0.927,-0.176],"_shiftlockState":true,"_pose":"FreeFall","_animationQueue":[["fall",0.3]],"_animationSpeed":1,"_zoom":11.401},{"_mousePosition":[683,384],"_rootPartCFrame":[764.883,229.393,38.335,-0.892,0,0.453,0,1,0,-0.453,0,-0.892],"_humanoidState":5,"_cameraCFrame":[763.881,242.091,35.759,-0.951,-0.304,0.058,0,0.188,0.982,-0.31,0.934,-0.178],"_shiftlockState":true,"_pose":"FreeFall","_animationQueue":[],"_animationSpeed":1,"_zoom":11.401},{"_mousePosition":[683,384],"_rootPartCFrame":[764.631,229.125,38.246,-0.901,0,0.433,0,1,0,-0.433,0,-0.901],"_humanoidState":5,"_cameraCFrame":[763.548,241.816,35.673,-0.961,-0.271,0.053,0,0.191,0.982,-0.276,0.944,-0.183],"_shiftlockState":true,"_pose":"FreeFall","_animationQueue":[],"_animationSpeed":1,"_zoom":11.401},{"_mousePosition":[683,384],"_rootPartCFrame":[764.378,228.802,38.163,-0.916,0,0.401,0,1,0,-0.401,0,-0.916],"_humanoidState":5,"_cameraCFrame":[763.204,241.483,35.583,-0.972,-0.232,0.046,0,0.196,0.981,-0.236,0.953,-0.19],"_shiftlockState":true,"_pose":"FreeFall","_animationQueue":[],"_animationSpeed":1,"_zoom":11.401},{"_mousePosition":[683,384],"_rootPartCFrame":[764.122,228.425,38.088,-0.932,0,0.363,0,1,0,-0.363,0,-0.932],"_humanoidState":5,"_cameraCFrame":[762.793,241.084,35.488,-0.986,-0.166,0.035,0,0.205,0.979,-0.169,0.965,-0.202],"_shiftlockState":true,"_pose":"FreeFall","_animationQueue":[],"_animationSpeed":1,"_zoom":11.401},{"_mousePosition":[683,384],"_rootPartCFrame":[763.863,227.994,38.024,-0.954,0,0.299,0,1,0,-0.299,0,-0.954],"_humanoidState":5,"_cameraCFrame":[762.336,240.615,35.374,-0.996,-0.084,0.019,0,0.22,0.975,-0.086,0.972,-0.219],"_shiftlockState":true,"_pose":"FreeFall","_animationQueue":[],"_animationSpeed":1,"_zoom":11.401},{"_mousePosition":[683,384],"_rootPartCFrame":[763.601,227.508,37.975,-0.976,0,0.218,0,1,0,-0.218,0,-0.976],"_humanoidState":5,"_cameraCFrame":[761.833,240.083,35.282,-1,0.007,-0.002,0,0.237,0.971,0.007,0.971,-0.237],"_shiftlockState":true,"_pose":"FreeFall","_animationQueue":[],"_animationSpeed":1,"_zoom":11.401},{"_mousePosition":[683,384],"_rootPartCFrame":[763.336,226.967,37.947,-0.992,0,0.126,0,1,0,-0.126,0,-0.992],"_humanoidState":5,"_cameraCFrame":[761.356,239.497,35.217,-0.997,0.079,-0.021,0,0.253,0.967,0.082,0.964,-0.252],"_shiftlockState":true,"_pose":"FreeFall","_animationQueue":[["fall",0.3]],"_animationSpeed":1,"_zoom":11.401},{"_mousePosition":[683,384],"_rootPartCFrame":[763.07,226.372,37.943,-0.999,0,0.051,0,1,0,-0.051,0,-0.999],"_humanoidState":5,"_cameraCFrame":[760.84,238.842,35.162,-0.987,0.156,-0.044,0,0.272,0.962,0.162,0.949,-0.269],"_shiftlockState":true,"_pose":"FreeFall","_animationQueue":[],"_animationSpeed":1,"_zoom":11.401},{"_mousePosition":[683,384],"_rootPartCFrame":[762.804,225.723,37.96,-1,0,-0.029,0,1,0,0.029,0,-1],"_humanoidState":5,"_cameraCFrame":[760.411,238.141,35.113,-0.978,0.199,-0.06,0,0.288,0.958,0.207,0.937,-0.282],"_shiftlockState":true,"_pose":"FreeFall","_animationQueue":[],"_animationSpeed":1,"_zoom":11.401},{"_mousePosition":[683,384],"_rootPartCFrame":[762.558,225.019,37.941,-0.997,0,-0.075,0,1,0,0.075,0,-0.997],"_humanoidState":5,"_cameraCFrame":[760.076,237.413,35.078,-0.973,0.222,-0.068,0,0.295,0.956,0.232,0.93,-0.287],"_shiftlockState":true,"_pose":"FreeFall","_animationQueue":[],"_animationSpeed":1,"_zoom":11.401},{"_mousePosition":[683,384],"_rootPartCFrame":[762.354,224.26,37.905,-0.993,0,-0.117,0,1,0,0.117,0,-0.993],"_humanoidState":5,"_cameraCFrame":[759.873,236.655,35.042,-0.973,0.222,-0.068,0,0.295,0.956,0.232,0.93,-0.287],"_shiftlockState":true,"_pose":"FreeFall","_animationQueue":[],"_animationSpeed":1,"_zoom":11.401},{"_mousePosition":[683,384],"_rootPartCFrame":[762.169,223.447,37.913,-0.992,0,-0.127,0,1,0,0.127,0,-0.992],"_humanoidState":5,"_cameraCFrame":[759.705,235.836,35.014,-0.974,0.215,-0.067,0,0.296,0.955,0.225,0.931,-0.289],"_shiftlockState":true,"_pose":"FreeFall","_animationQueue":[],"_animationSpeed":1,"_zoom":11.401},{"_mousePosition":[683,384],"_rootPartCFrame":[761.992,222.58,37.959,-0.993,0,-0.122,0,1,0,0.122,0,-0.993],"_humanoidState":5,"_cameraCFrame":[760.096,234.839,34.259,-0.999,0.037,-0.013,0,0.331,0.944,0.039,0.943,-0.331],"_shiftlockState":true,"_pose":"FreeFall","_animationQueue":[],"_animationSpeed":1,"_zoom":11.401},{"_mousePosition":[683,384],"_rootPartCFrame":[761.823,221.658,38.044,-0.999,0,0.048,0,1,0,-0.048,0,-0.999],"_humanoidState":5,"_cameraCFrame":[761.483,233.819,33.655,-0.946,-0.304,0.115,0,0.354,0.935,-0.326,0.884,-0.335],"_shiftlockState":true,"_pose":"FreeFall","_animationQueue":[["fall",0.3]],"_animationSpeed":1,"_zoom":11.401},{"_mousePosition":[683,384],"_rootPartCFrame":[761.722,221.791,37.865,-0.958,-0.005,0.288,-0.008,1,-0.01,-0.288,-0.012,-0.958],"_humanoidState":7,"_cameraCFrame":[762.935,233.936,33.577,-0.775,-0.59,0.226,0,0.358,0.934,-0.631,0.724,-0.278],"_shiftlockState":true,"_pose":"FreeFall","_animationQueue":[["walk",0.1],["fall",0.3],["fall",0.3]],"_animationSpeed":1,"_zoom":11.401},{"_mousePosition":[683,384],"_rootPartCFrame":[761.588,222.13,37.65,-0.812,0.007,0.583,0.001,1,-0.011,-0.584,-0.009,-0.812],"_humanoidState":7,"_cameraCFrame":[763.119,234.368,33.708,-0.698,-0.674,0.241,0,0.336,0.942,-0.716,0.658,-0.235],"_shiftlockState":true,"_pose":"FreeFall","_animationQueue":[],"_animationSpeed":1,"_zoom":11.401},{"_mousePosition":[683,384],"_rootPartCFrame":[761.429,222.399,37.579,-0.713,0.004,0.701,0.002,1,-0.004,-0.701,-0.001,-0.713],"_humanoidState":8,"_cameraCFrame":[761.467,234.996,34.43,-0.826,-0.549,0.129,0,0.229,0.973,-0.564,0.804,-0.189],"_shiftlockState":true,"_pose":"Running","_animationQueue":[["walk",0.1],["fall",0.3],["walk",0.1]],"_animationSpeed":0.787,"_zoom":11.401},{"_mousePosition":[683,384],"_rootPartCFrame":[761.285,223.282,37.574,-0.83,-0.002,0.558,-0.001,1,0.003,-0.558,0.002,-0.83],"_humanoidState":3,"_cameraCFrame":[760.417,236.01,35.08,-0.925,-0.375,0.066,0,0.174,0.985,-0.38,0.911,-0.161],"_shiftlockState":true,"_pose":"Jumping","_animationQueue":[["walk",0.1],["jump",0.1]],"_animationSpeed":1,"_zoom":11.401},{"_mousePosition":[683,384],"_rootPartCFrame":[761.12,224.132,37.579,-0.887,-0.002,0.461,-0.001,1,0.003,-0.461,0.002,-0.887],"_humanoidState":5,"_cameraCFrame":[760.124,236.859,35.133,-0.943,-0.327,0.058,0,0.174,0.985,-0.332,0.929,-0.164],"_shiftlockState":true,"_pose":"FreeFall","_animationQueue":[["jump",0.1]],"_animationSpeed":1,"_zoom":11.401},{"_mousePosition":[683,384],"_rootPartCFrame":[760.929,224.926,37.568,-0.893,-0.001,0.45,0,1,0.001,-0.45,0.001,-0.893],"_humanoidState":5,"_cameraCFrame":[759.817,237.654,35.172,-0.958,-0.281,0.05,0,0.174,0.985,-0.286,0.944,-0.166],"_shiftlockState":true,"_pose":"FreeFall","_animationQueue":[],"_animationSpeed":1,"_zoom":11.401},{"_mousePosition":[683,384],"_rootPartCFrame":[760.715,225.667,37.525,-0.912,0,0.41,0,1,0,-0.41,0,-0.912],"_humanoidState":5,"_cameraCFrame":[759.496,238.395,35.181,-0.97,-0.239,0.042,0,0.174,0.985,-0.242,0.955,-0.168],"_shiftlockState":true,"_pose":"FreeFall","_animationQueue":[],"_animationSpeed":1,"_zoom":11.401},{"_mousePosition":[683,384],"_rootPartCFrame":[760.471,226.352,37.457,-0.929,0,0.369,0,1,0,-0.369,0,-0.929],"_humanoidState":5,"_cameraCFrame":[759.183,239.08,35.15,-0.977,-0.209,0.037,0,0.174,0.985,-0.213,0.962,-0.17],"_shiftlockState":true,"_pose":"FreeFall","_animationQueue":[],"_animationSpeed":1,"_zoom":11.401},{"_mousePosition":[683,384],"_rootPartCFrame":[760.214,226.984,37.391,-0.94,0,0.341,0,1,0,-0.341,0,-0.94],"_humanoidState":5,"_cameraCFrame":[758.87,239.712,35.116,-0.982,-0.186,0.033,0,0.174,0.985,-0.189,0.967,-0.171],"_shiftlockState":true,"_pose":"FreeFall","_animationQueue":[],"_animationSpeed":1,"_zoom":11.401},{"_mousePosition":[683,384],"_rootPartCFrame":[759.953,227.561,37.333,-0.948,0,0.318,0,1,0,-0.318,0,-0.948],"_humanoidState":5,"_cameraCFrame":[758.524,240.284,35.087,-0.989,-0.147,0.026,0,0.176,0.984,-0.15,0.973,-0.174],"_shiftlockState":true,"_pose":"FreeFall","_animationQueue":[],"_animationSpeed":1,"_zoom":11.401},{"_mousePosition":[683,384],"_rootPartCFrame":[759.692,228.083,37.282,-0.96,0,0.28,0,1,0,-0.28,0,-0.96],"_humanoidState":5,"_cameraCFrame":[758.151,240.784,35.001,-0.996,-0.093,0.018,0,0.186,0.982,-0.095,0.978,-0.186],"_shiftlockState":true,"_pose":"FreeFall","_animationQueue":[],"_animationSpeed":1,"_zoom":11.401},{"_mousePosition":[683,384],"_rootPartCFrame":[759.428,228.551,37.24,-0.974,0,0.226,0,1,0,-0.226,0,-0.974],"_humanoidState":5,"_cameraCFrame":[757.758,241.229,34.938,-0.999,-0.035,0.007,0,0.197,0.98,-0.035,0.98,-0.197],"_shiftlockState":true,"_pose":"FreeFall","_animationQueue":[],"_animationSpeed":1,"_zoom":11.401},{"_mousePosition":[683,384],"_rootPartCFrame":[759.163,228.964,37.213,-0.986,0,0.168,0,1,0,-0.168,0,-0.986],"_humanoidState":5,"_cameraCFrame":[757.356,241.622,34.916,-1,0.024,-0.005,0,0.205,0.979,0.024,0.978,-0.205],"_shiftlockState":true,"_pose":"FreeFall","_animationQueue":[],"_animationSpeed":1,"_zoom":11.401},{"_mousePosition":[683,384],"_rootPartCFrame":[758.897,229.323,37.201,-0.994,0,0.109,0,1,0,-0.109,0,-0.994],"_humanoidState":5,"_cameraCFrame":[756.944,241.962,34.93,-0.996,0.084,-0.018,0,0.213,0.977,0.086,0.973,-0.212],"_shiftlockState":true,"_pose":"FreeFall","_animationQueue":[],"_animationSpeed":1,"_zoom":11.401},{"_mousePosition":[683,384],"_rootPartCFrame":[758.63,229.627,37.205,-0.999,0,0.047,0,1,0,-0.047,0,-0.999],"_humanoidState":5,"_cameraCFrame":[756.51,242.248,34.997,-0.988,0.152,-0.034,0,0.22,0.975,0.156,0.964,-0.218],"_shiftlockState":true,"_pose":"FreeFall","_animationQueue":[],"_animationSpeed":1,"_zoom":11.401},{"_mousePosition":[683,384],"_rootPartCFrame":[758.364,229.877,37.225,-1,0,-0.023,0,1,0,0.023,0,-1],"_humanoidState":5,"_cameraCFrame":[756.052,242.477,35.108,-0.972,0.229,-0.054,0,0.228,0.974,0.235,0.946,-0.222],"_shiftlockState":true,"_pose":"FreeFall","_animationQueue":[],"_animationSpeed":1,"_zoom":11.401},{"_mousePosition":[683,384],"_rootPartCFrame":[758.1,230.072,37.263,-0.995,0,-0.104,0,1,0,0.104,0,-0.995],"_humanoidState":5,"_cameraCFrame":[755.625,242.657,35.256,-0.953,0.295,-0.071,0,0.234,0.972,0.303,0.926,-0.223],"_shiftlockState":true,"_pose":"FreeFall","_animationQueue":[],"_animationSpeed":1,"_zoom":11.401},{"_mousePosition":[683,384],"_rootPartCFrame":[757.84,230.213,37.321,-0.985,0,-0.174,0,1,0,0.174,0,-0.985],"_humanoidState":5,"_cameraCFrame":[755.221,242.796,35.493,-0.928,0.362,-0.087,0,0.234,0.972,0.372,0.902,-0.218],"_shiftlockState":true,"_pose":"FreeFall","_animationQueue":[],"_animationSpeed":1,"_zoom":11.401},{"_mousePosition":[683,384],"_rootPartCFrame":[757.585,230.299,37.399,-0.969,0,-0.246,0,1,0,0.246,0,-0.969],"_humanoidState":5,"_cameraCFrame":[754.809,242.871,35.744,-0.896,0.432,-0.106,0,0.238,0.971,0.445,0.87,-0.213],"_shiftlockState":true,"_pose":"FreeFall","_animationQueue":[["fall",0.3]],"_animationSpeed":1,"_zoom":11.401},{"_mousePosition":[683,384],"_rootPartCFrame":[757.336,230.331,37.494,-0.947,0,-0.322,0,1,0,0.322,0,-0.947],"_humanoidState":5,"_cameraCFrame":[754.348,242.876,36.042,-0.845,0.518,-0.132,0,0.248,0.969,0.534,0.819,-0.209],"_shiftlockState":true,"_pose":"FreeFall","_animationQueue":[],"_animationSpeed":1,"_zoom":11.401},{"_mousePosition":[683,384],"_rootPartCFrame":[757.096,230.308,37.609,-0.909,0,-0.417,0,1,0,0.417,0,-0.909],"_humanoidState":5,"_cameraCFrame":[753.863,242.814,36.399,-0.777,0.608,-0.164,0,0.261,0.965,0.63,0.75,-0.203],"_shiftlockState":true,"_pose":"FreeFall","_animationQueue":[],"_animationSpeed":1,"_zoom":11.401},{"_mousePosition":[683,384],"_rootPartCFrame":[756.867,230.231,37.744,-0.854,0,-0.521,0,1,0,0.521,0,-0.854],"_humanoidState":5,"_cameraCFrame":[753.4,242.692,36.81,-0.698,0.689,-0.197,0,0.275,0.961,0.716,0.671,-0.192],"_shiftlockState":true,"_pose":"FreeFall","_animationQueue":[],"_animationSpeed":1,"_zoom":11.401},{"_mousePosition":[683,384],"_rootPartCFrame":[756.654,230.099,37.904,-0.787,0,-0.617,0,1,0,0.617,0,-0.787],"_humanoidState":5,"_cameraCFrame":[753.025,242.532,37.323,-0.609,0.76,-0.225,0,0.283,0.959,0.793,0.584,-0.173],"_shiftlockState":true,"_pose":"FreeFall","_animationQueue":[],"_animationSpeed":1,"_zoom":11.401},{"_mousePosition":[683,384],"_rootPartCFrame":[756.507,229.965,38.04,-0.685,0,-0.728,0,1,0,0.728,0,-0.685],"_humanoidState":5,"_cameraCFrame":[752.763,242.374,37.948,-0.489,0.835,-0.253,0,0.29,0.957,0.872,0.468,-0.142],"_shiftlockState":true,"_pose":"FreeFall","_animationQueue":[],"_animationSpeed":1,"_zoom":11.401},{"_mousePosition":[683,384],"_rootPartCFrame":[756.294,229.672,38.295,-0.627,0,-0.779,0,1,0,0.779,0,-0.627],"_humanoidState":5,"_cameraCFrame":[752.486,242.052,38.709,-0.358,0.891,-0.279,0,0.299,0.954,0.934,0.342,-0.107],"_shiftlockState":true,"_pose":"FreeFall","_animationQueue":[],"_animationSpeed":1,"_zoom":11.401},{"_mousePosition":[683,384],"_rootPartCFrame":[756.151,229.377,38.519,-0.479,0,-0.878,0,1,0,0.878,0,-0.479],"_humanoidState":5,"_cameraCFrame":[752.3,241.703,39.522,-0.199,0.931,-0.307,0,0.313,0.95,0.98,0.189,-0.062],"_shiftlockState":true,"_pose":"FreeFall","_animationQueue":[["fall",0.3]],"_animationSpeed":1,"_zoom":11.401},{"_mousePosition":[683,384],"_rootPartCFrame":[756.04,229.027,38.76,-0.328,0,-0.945,0,1,0,0.945,0,-0.328],"_humanoidState":5,"_cameraCFrame":[752.175,241.276,40.364,-0.038,0.942,-0.333,0,0.333,0.943,0.999,0.036,-0.013],"_shiftlockState":true,"_pose":"FreeFall","_animationQueue":[],"_animationSpeed":1,"_zoom":11.401},{"_mousePosition":[683,384],"_rootPartCFrame":[755.964,228.623,39.015,-0.171,0,-0.985,0,1,0,0.985,0,-0.171],"_humanoidState":5,"_cameraCFrame":[752.173,240.796,41.196,0.11,0.93,-0.349,0,0.352,0.936,0.994,-0.103,0.039],"_shiftlockState":true,"_pose":"FreeFall","_animationQueue":[],"_animationSpeed":1,"_zoom":11.401},{"_mousePosition":[683,384],"_rootPartCFrame":[755.927,228.164,39.277,-0.023,0,-1,0,1,0,1,0,-0.023],"_humanoidState":5,"_cameraCFrame":[752.303,240.255,42.062,0.259,0.897,-0.358,0,0.37,0.929,0.966,-0.241,0.096],"_shiftlockState":true,"_pose":"FreeFall","_animationQueue":[],"_animationSpeed":1,"_zoom":11.401},{"_mousePosition":[683,384],"_rootPartCFrame":[755.925,227.784,39.476,0.162,0,-0.987,0,1,0,0.987,0,0.162],"_humanoidState":5,"_cameraCFrame":[752.59,239.755,42.981,0.426,0.831,-0.358,0,0.396,0.918,0.905,-0.391,0.169],"_shiftlockState":true,"_pose":"FreeFall","_animationQueue":[],"_animationSpeed":1,"_zoom":11.401},{"_mousePosition":[683,384],"_rootPartCFrame":[755.971,227.083,39.802,0.27,0,-0.963,0,1,0,0.963,0,0.27],"_humanoidState":5,"_cameraCFrame":[753.005,238.93,43.948,0.564,0.749,-0.347,0,0.42,0.908,0.826,-0.512,0.237],"_shiftlockState":true,"_pose":"FreeFall","_animationQueue":[],"_animationSpeed":1,"_zoom":11.401},{"_mousePosition":[683,384],"_rootPartCFrame":[756.051,226.461,40.054,0.449,0,-0.893,0,1,0,0.893,0,0.449],"_humanoidState":5,"_cameraCFrame":[753.492,238.193,44.723,0.67,0.666,-0.327,0,0.441,0.897,0.742,-0.602,0.296],"_shiftlockState":true,"_pose":"FreeFall","_animationQueue":[["fall",0.3]],"_animationSpeed":1,"_zoom":11.401},{"_mousePosition":[683,384],"_rootPartCFrame":[756.168,225.784,40.29,0.566,0,-0.825,0,1,0,0.825,0,0.566],"_humanoidState":5,"_cameraCFrame":[754.06,237.413,45.39,0.755,0.582,-0.301,0,0.459,0.888,0.655,-0.671,0.347],"_shiftlockState":true,"_pose":"FreeFall","_animationQueue":[],"_animationSpeed":1,"_zoom":11.401},{"_mousePosition":[683,384],"_rootPartCFrame":[756.32,225.053,40.507,0.661,0,-0.75,0,1,0,0.75,0,0.661],"_humanoidState":5,"_cameraCFrame":[754.618,236.592,45.926,0.815,0.51,-0.274,0,0.474,0.881,0.579,-0.718,0.386],"_shiftlockState":true,"_pose":"FreeFall","_animationQueue":[],"_animationSpeed":1,"_zoom":11.401},{"_mousePosition":[683,384],"_rootPartCFrame":[756.502,224.267,40.698,0.731,0,-0.682,0,1,0,0.682,0,0.731],"_humanoidState":5,"_cameraCFrame":[755.183,235.718,46.381,0.861,0.443,-0.248,0,0.488,0.873,0.508,-0.752,0.421],"_shiftlockState":true,"_pose":"FreeFall","_animationQueue":[],"_animationSpeed":1,"_zoom":11.401},{"_mousePosition":[683,384],"_rootPartCFrame":[756.765,223.209,40.901,0.765,0,-0.644,0,1,0,0.644,0,0.765],"_humanoidState":5,"_cameraCFrame":[755.848,234.572,46.81,0.9,0.377,-0.219,0,0.501,0.865,0.436,-0.779,0.451],"_shiftlockState":true,"_pose":"FreeFall","_animationQueue":[],"_animationSpeed":1,"_zoom":11.401},{"_mousePosition":[683,384],"_rootPartCFrame":[756.935,222.532,41.006,0.887,0,-0.462,0,1,0,0.462,0,0.887],"_humanoidState":7,"_cameraCFrame":[756.546,233.808,47.116,0.938,0.297,-0.178,0,0.515,0.857,0.346,-0.804,0.483],"_shiftlockState":true,"_pose":"FreeFall","_animationQueue":[["walk",0.1],["fall",0.3],["fall",0.3]],"_animationSpeed":1,"_zoom":11.401},{"_mousePosition":[683,384],"_rootPartCFrame":[757.174,222.374,41.125,0.939,0,-0.345,0,1,0,0.345,0,0.939],"_humanoidState":7,"_cameraCFrame":[757.492,233.538,47.413,0.973,0.194,-0.121,0,0.53,0.848,0.229,-0.825,0.516],"_shiftlockState":true,"_pose":"FreeFall","_animationQueue":[],"_animationSpeed":1,"_zoom":11.401},{"_mousePosition":[683,384],"_rootPartCFrame":[757.422,222.485,41.221,0.975,0,-0.222,0,1,0,0.222,0,0.975],"_humanoidState":7,"_cameraCFrame":[758.582,233.496,47.643,0.996,0.077,-0.051,0,0.551,0.834,0.093,-0.831,0.549],"_shiftlockState":true,"_pose":"FreeFall","_animationQueue":[["fall",0.3]],"_animationSpeed":1,"_zoom":11.401},{"_mousePosition":[683,384],"_rootPartCFrame":[757.715,222.594,41.136,0.997,0,-0.082,0,1,0,0.082,0,0.997],"_humanoidState":8,"_cameraCFrame":[759.665,233.439,47.61,1,-0.025,0.018,0,0.573,0.82,-0.031,-0.819,0.573],"_shiftlockState":true,"_pose":"Running","_animationQueue":[["walk",0.1],["fall",0.3],["walk",0.1]],"_animationSpeed":1.103,"_zoom":11.401},{"_mousePosition":[683,384],"_rootPartCFrame":[757.923,222.643,40.972,0.999,0,0.039,0,1,0,-0.039,0,0.999],"_humanoidState":8,"_cameraCFrame":[759.949,233.472,47.445,0.999,-0.035,0.024,0,0.575,0.818,-0.042,-0.818,0.574],"_shiftlockState":true,"_pose":"Running","_animationQueue":[],"_animationSpeed":1.103,"_zoom":11.401},{"_mousePosition":[683,384],"_rootPartCFrame":[758.109,222.669,40.781,0.999,0,0.045,0,1,0,-0.045,0,0.999],"_humanoidState":8,"_cameraCFrame":[760.936,233.298,47.239,0.987,-0.129,0.096,0,0.599,0.801,-0.161,-0.79,0.591],"_shiftlockState":true,"_pose":"Running","_animationQueue":[],"_animationSpeed":1.103,"_zoom":11.401},{"_mousePosition":[683,384],"_rootPartCFrame":[758.29,222.683,40.585,0.986,0,0.167,0,1,0,-0.167,0,0.986],"_humanoidState":8,"_cameraCFrame":[761.91,233.035,47.032,0.963,-0.209,0.17,0,0.63,0.776,-0.269,-0.748,0.607],"_shiftlockState":true,"_pose":"Running","_animationQueue":[],"_animationSpeed":1.103,"_zoom":11.401},{"_mousePosition":[683,384],"_rootPartCFrame":[758.341,222.689,40.38,0.965,-0.003,0.263,0.01,1,-0.027,-0.263,0.029,0.964],"_humanoidState":8,"_cameraCFrame":[761.912,231.607,45.949,0.954,-0.228,0.195,0,0.65,0.76,-0.3,-0.725,0.62],"_shiftlockState":true,"_pose":"Running","_animationQueue":[],"_animationSpeed":1.103,"_zoom":11.401},{"_mousePosition":[683,384],"_rootPartCFrame":[758.26,222.693,40.282,0.99,-0.006,0.143,0.009,1,-0.017,-0.143,0.018,0.99],"_humanoidState":8,"_cameraCFrame":[761.469,231.006,45.623,0.967,-0.193,0.169,0,0.658,0.753,-0.256,-0.727,0.637],"_shiftlockState":true,"_pose":"Running","_animationQueue":[["walk",0.1],["walk",0.1]],"_animationSpeed":0.617,"_zoom":11.401},{"_mousePosition":[683,384],"_rootPartCFrame":[758.199,222.694,40.27,0.986,-0.006,0.169,0.009,1,-0.017,-0.169,0.018,0.986],"_humanoidState":8,"_cameraCFrame":[760.214,230.185,45.652,0.999,-0.037,0.034,0,0.673,0.74,-0.051,-0.739,0.672],"_shiftlockState":true,"_pose":"Running","_animationQueue":[["walk",0.1]],"_animationSpeed":0.522,"_zoom":11.401},{"_mousePosition":[683,384],"_rootPartCFrame":[758.131,222.69,40.139,1,-0.005,0.025,0.006,1,-0.008,-0.025,0.008,1],"_humanoidState":8,"_cameraCFrame":[757.77,229.886,45.609,0.925,0.281,-0.256,0,0.673,0.74,0.38,-0.684,0.622],"_shiftlockState":true,"_pose":"Running","_animationQueue":[],"_animationSpeed":0.522,"_zoom":11.401},{"_mousePosition":[683,384],"_rootPartCFrame":[758.29,223.573,40.492,0.961,0.037,-0.276,-0.031,0.999,0.027,0.277,-0.018,0.961],"_humanoidState":3,"_cameraCFrame":[755.391,230.933,45.383,0.659,0.55,-0.513,0,0.682,0.732,0.752,-0.482,0.45],"_shiftlockState":true,"_pose":"Jumping","_animationQueue":[["walk",0.1],["jump",0.1]],"_animationSpeed":1,"_zoom":11.401},{"_mousePosition":[683,384],"_rootPartCFrame":[758.327,224.457,40.766,0.734,0.078,-0.675,-0.041,0.997,0.071,0.678,-0.024,0.735],"_humanoidState":3,"_cameraCFrame":[754.769,232.233,45.68,0.601,0.582,-0.548,0,0.685,0.728,0.799,-0.437,0.412],"_shiftlockState":true,"_pose":"Jumping","_animationQueue":[],"_animationSpeed":1,"_zoom":11.401},{"_mousePosition":[683,384],"_rootPartCFrame":[758.363,225.34,40.837,0.676,0.118,-0.727,-0.047,0.992,0.117,0.735,-0.045,0.677],"_humanoidState":3,"_cameraCFrame":[753.289,233.434,44.893,0.39,0.659,-0.643,0,0.698,0.716,0.921,-0.279,0.272],"_shiftlockState":true,"_pose":"Jumping","_animationQueue":[],"_animationSpeed":1,"_zoom":11.401},{"_mousePosition":[683,384],"_rootPartCFrame":[758.398,226.192,40.908,0.37,0.073,-0.926,-0.018,0.997,0.071,0.929,-0.01,0.371],"_humanoidState":5,"_cameraCFrame":[752.091,234.652,43.931,0.192,0.698,-0.69,0,0.703,0.711,0.981,-0.137,0.135],"_shiftlockState":true,"_pose":"FreeFall","_animationQueue":[["jump",0.1]],"_animationSpeed":1,"_zoom":11.401},{"_mousePosition":[683,384],"_rootPartCFrame":[758.472,226.988,40.982,0.124,0.02,-0.992,-0.004,1,0.019,0.992,0.002,0.124],"_humanoidState":5,"_cameraCFrame":[751.611,235.921,43.359,0.089,0.721,-0.687,0,0.689,0.724,0.996,-0.065,0.062],"_shiftlockState":true,"_pose":"FreeFall","_animationQueue":[],"_animationSpeed":1,"_zoom":11.401},{"_mousePosition":[683,384],"_rootPartCFrame":[758.592,227.73,41.071,0.004,0.001,-1,0,1,0.001,1,0,0.004],"_humanoidState":5,"_cameraCFrame":[751.581,237.027,43.313,0.069,0.735,-0.674,0,0.676,0.737,0.998,-0.051,0.047],"_shiftlockState":true,"_pose":"FreeFall","_animationQueue":[],"_animationSpeed":1,"_zoom":11.401},{"_mousePosition":[683,384],"_rootPartCFrame":[758.745,228.417,41.186,-0.028,-0.002,-1,0,1,-0.002,1,0,-0.028],"_humanoidState":5,"_cameraCFrame":[751.722,237.971,43.618,0.096,0.741,-0.664,0,0.668,0.745,0.995,-0.071,0.064],"_shiftlockState":true,"_pose":"FreeFall","_animationQueue":[],"_animationSpeed":1,"_zoom":11.401},{"_mousePosition":[683,384],"_