[{"_mousePosition":[1006,370],"_rootPartCFrame":[776.031,222.952,47.142,0,-0.003,1,0,1,0.003,-1,0,0],"_humanoidState":8,"_cameraCFrame":[783.617,232.907,47.028,-0.015,-0.744,0.668,0,0.668,0.744,-1,0.011,-0.01],"_shiftlockState":false,"_pose":"Standing","_animationQueue":[],"_animationSpeed":1,"_zoom":11.363},{"_mousePosition":[1006,370],"_rootPartCFrame":[775.728,222.8,47.147,-0.002,0,1,0,1,0,-1,0,-0.002],"_humanoidState":8,"_cameraCFrame":[783.319,232.755,47.033,-0.015,-0.744,0.668,0,0.668,0.744,-1,0.011,-0.01],"_shiftlockState":false,"_pose":"Standing","_animationQueue":[],"_animationSpeed":1,"_zoom":11.363},{"_mousePosition":[1006,370],"_rootPartCFrame":[775.595,222.72,47.149,-0.003,0,1,0,1,0,-1,0,-0.003],"_humanoidState":8,"_cameraCFrame":[783.186,232.675,47.035,-0.015,-0.744,0.668,0,0.668,0.744,-1,0.011,-0.01],"_shiftlockState":false,"_pose":"Running","_animationQueue":[["walk",0.1]],"_animationSpeed":1.09,"_zoom":11.363},{"_mousePosition":[1006,370],"_rootPartCFrame":[775.328,222.611,47.153,-0.005,0,1,0,1,0,-1,0,-0.005],"_humanoidState":8,"_cameraCFrame":[782.919,232.565,47.039,-0.015,-0.744,0.668,0,0.668,0.744,-1,0.011,-0.01],"_shiftlockState":false,"_pose":"Running","_animationQueue":[],"_animationSpeed":1.09,"_zoom":11.363},{"_mousePosition":[1006,370],"_rootPartCFrame":[775.061,222.636,47.157,-0.006,0,1,0,1,0,-1,0,-0.006],"_humanoidState":8,"_cameraCFrame":[782.652,232.591,47.043,-0.015,-0.744,0.668,0,0.668,0.744,-1,0.011,-0.01],"_shiftlockState":false,"_pose":"Running","_animationQueue":[],"_animationSpeed":1.09,"_zoom":11.363},{"_mousePosition":[1006,370],"_rootPartCFrame":[774.795,222.663,47.16,-0.007,0,1,0,1,0,-1,0,-0.007],"_humanoidState":8,"_cameraCFrame":[782.386,232.618,47.047,-0.015,-0.744,0.668,0,0.668,0.744,-1,0.011,-0.01],"_shiftlockState":false,"_pose":"Running","_animationQueue":[],"_animationSpeed":1.09,"_zoom":11.363},{"_mousePosition":[1006,370],"_rootPartCFrame":[774.528,222.68,47.164,-0.008,0,1,0,1,0,-1,0,-0.008],"_humanoidState":8,"_cameraCFrame":[782.119,232.634,47.051,-0.015,-0.744,0.668,0,0.668,0.744,-1,0.011,-0.01],"_shiftlockState":false,"_pose":"Running","_animationQueue":[],"_animationSpeed":1.09,"_zoom":11.363},{"_mousePosition":[1006,370],"_rootPartCFrame":[774.261,222.689,47.168,-0.009,0,1,0,1,0,-1,0,-0.009],"_humanoidState":8,"_cameraCFrame":[781.852,232.643,47.055,-0.015,-0.744,0.668,0,0.668,0.744,-1,0.011,-0.01],"_shiftlockState":false,"_pose":"Running","_animationQueue":[],"_animationSpeed":1.09,"_zoom":11.363},{"_mousePosition":[1006,370],"_rootPartCFrame":[773.862,222.695,47.174,-0.01,0,1,0,1,0,-1,0,-0.01],"_humanoidState":8,"_cameraCFrame":[781.453,232.65,47.061,-0.015,-0.744,0.668,0,0.668,0.744,-1,0.011,-0.01],"_shiftlockState":false,"_pose":"Running","_animationQueue":[["walk",0.1]],"_animationSpeed":1.09,"_zoom":11.363},{"_mousePosition":[1006,370],"_rootPartCFrame":[773.728,222.697,47.176,-0.011,0,1,0,1,0,-1,0,-0.011],"_humanoidState":8,"_cameraCFrame":[781.319,232.651,47.063,-0.015,-0.744,0.668,0,0.668,0.744,-1,0.011,-0.01],"_shiftlockState":false,"_pose":"Running","_animationQueue":[],"_animationSpeed":1.09,"_zoom":11.363},{"_mousePosition":[1006,370],"_rootPartCFrame":[773.462,222.698,47.18,-0.011,0,1,0,1,0,-1,0,-0.011],"_humanoidState":8,"_cameraCFrame":[781.053,232.653,47.067,-0.015,-0.744,0.668,0,0.668,0.744,-1,0.011,-0.01],"_shiftlockState":false,"_pose":"Running","_animationQueue":[],"_animationSpeed":1.09,"_zoom":11.363},{"_mousePosition":[1006,370],"_rootPartCFrame":[773.195,222.699,47.184,-0.012,0,1,0,1,0,-1,0,-0.012],"_humanoidState":8,"_cameraCFrame":[780.786,232.653,47.071,-0.015,-0.744,0.668,0,0.668,0.744,-1,0.011,-0.01],"_shiftlockState":false,"_pose":"Running","_animationQueue":[],"_animationSpeed":1.09,"_zoom":11.363},{"_mousePosition":[1006,370],"_rootPartCFrame":[772.928,222.699,47.188,-0.012,0,1,0,1,0,-1,0,-0.012],"_humanoidState":8,"_cameraCFrame":[780.519,232.654,47.075,-0.015,-0.744,0.668,0,0.668,0.744,-1,0.011,-0.01],"_shiftlockState":false,"_pose":"Running","_animationQueue":[],"_animationSpeed":1.09,"_zoom":11.363},{"_mousePosition":[1006,370],"_rootPartCFrame":[772.662,222.699,47.192,-0.013,0,1,0,1,0,-1,0,-0.013],"_humanoidState":8,"_cameraCFrame":[780.253,232.654,47.079,-0.015,-0.744,0.668,0,0.668,0.744,-1,0.011,-0.01],"_shiftlockState":false,"_pose":"Running","_animationQueue":[],"_animationSpeed":1.09,"_zoom":11.363},{"_mousePosition":[1006,370],"_rootPartCFrame":[772.395,222.7,47.196,-0.013,0,1,0,1,0,-1,0,-0.013],"_humanoidState":8,"_cameraCFrame":[779.986,232.654,47.083,-0.015,-0.744,0.668,0,0.668,0.744,-1,0.011,-0.01],"_shiftlockState":false,"_pose":"Running","_animationQueue":[],"_animationSpeed":1.09,"_zoom":11.363},{"_mousePosition":[1006,370],"_rootPartCFrame":[772.129,222.7,47.2,-0.013,0,1,0,1,0,-1,0,-0.013],"_humanoidState":8,"_cameraCFrame":[779.72,232.654,47.087,-0.015,-0.744,0.668,0,0.668,0.744,-1,0.011,-0.01],"_shiftlockState":false,"_pose":"Running","_animationQueue":[["walk",0.1]],"_animationSpeed":1.09,"_zoom":11.363},{"_mousePosition":[1006,370],"_rootPartCFrame":[771.862,222.7,47.204,-0.013,0,1,0,1,0,-1,0,-0.013],"_humanoidState":8,"_cameraCFrame":[779.453,232.654,47.091,-0.015,-0.744,0.668,0,0.668,0.744,-1,0.011,-0.01],"_shiftlockState":false,"_pose":"Running","_animationQueue":[],"_animationSpeed":1.09,"_zoom":11.363},{"_mousePosition":[1006,370],"_rootPartCFrame":[771.595,222.7,47.208,-0.014,0,1,0,1,0,-1,0,-0.014],"_humanoidState":8,"_cameraCFrame":[779.186,232.654,47.095,-0.015,-0.744,0.668,0,0.668,0.744,-1,0.011,-0.01],"_shiftlockState":false,"_pose":"Running","_animationQueue":[],"_animationSpeed":1.09,"_zoom":11.363},{"_mousePosition":[1006,370],"_rootPartCFrame":[771.329,222.7,47.212,-0.014,0,1,0,1,0,-1,0,-0.014],"_humanoidState":8,"_cameraCFrame":[778.92,232.654,47.099,-0.015,-0.744,0.668,0,0.668,0.744,-1,0.011,-0.01],"_shiftlockState":false,"_pose":"Running","_animationQueue":[],"_animationSpeed":1.09,"_zoom":11.363},{"_mousePosition":[1006,370],"_rootPartCFrame":[771.062,222.7,47.216,-0.014,0,1,0,1,0,-1,0,-0.014],"_humanoidState":8,"_cameraCFrame":[778.653,232.654,47.103,-0.015,-0.744,0.668,0,0.668,0.744,-1,0.011,-0.01],"_shiftlockState":false,"_pose":"Running","_animationQueue":[],"_animationSpeed":1.09,"_zoom":11.363},{"_mousePosition":[1006,370],"_rootPartCFrame":[770.796,222.7,47.22,-0.014,0,1,0,1,0,-1,0,-0.014],"_humanoidState":8,"_cameraCFrame":[778.387,232.654,47.107,-0.015,-0.744,0.668,0,0.668,0.744,-1,0.011,-0.01],"_shiftlockState":false,"_pose":"Running","_animationQueue":[],"_animationSpeed":1.09,"_zoom":11.363},{"_mousePosition":[1006,370],"_rootPartCFrame":[770.529,222.7,47.224,-0.014,0,1,0,1,0,-1,0,-0.014],"_humanoidState":8,"_cameraCFrame":[778.12,232.654,47.111,-0.015,-0.744,0.668,0,0.668,0.744,-1,0.011,-0.01],"_shiftlockState":false,"_pose":"Running","_animationQueue":[["walk",0.1]],"_animationSpeed":1.09,"_zoom":11.363},{"_mousePosition":[1006,370],"_rootPartCFrame":[770.262,222.666,47.228,-0.014,0,1,0,1,0,-1,0,-0.014],"_humanoidState":8,"_cameraCFrame":[777.853,232.62,47.115,-0.015,-0.744,0.668,0,0.668,0.744,-1,0.011,-0.01],"_shiftlockState":false,"_pose":"Running","_animationQueue":[],"_animationSpeed":1.09,"_zoom":11.363},{"_mousePosition":[1006,370],"_rootPartCFrame":[769.929,223.736,47.233,-0.014,0,1,0,1,0,-1,0,-0.014],"_humanoidState":3,"_cameraCFrame":[777.52,233.69,47.12,-0.015,-0.744,0.668,0,0.668,0.744,-1,0.011,-0.01],"_shiftlockState":false,"_pose":"Jumping","_animationQueue":[["walk",0.1],["jump",0.1]],"_animationSpeed":1,"_zoom":11.363},{"_mousePosition":[1006,370],"_rootPartCFrame":[769.729,224.337,47.236,-0.015,0,1,0,1,0,-1,0,-0.015],"_humanoidState":5,"_cameraCFrame":[777.32,234.292,47.123,-0.015,-0.744,0.668,0,0.668,0.744,-1,0.011,-0.01],"_shiftlockState":false,"_pose":"FreeFall","_animationQueue":[["jump",0.1]],"_animationSpeed":1,"_zoom":11.363},{"_mousePosition":[1006,370],"_rootPartCFrame":[769.463,225.091,47.24,-0.015,0,1,0,1,0,-1,0,-0.015],"_humanoidState":5,"_cameraCFrame":[777.054,235.045,47.127,-0.015,-0.744,0.668,0,0.668,0.744,-1,0.011,-0.01],"_shiftlockState":false,"_pose":"FreeFall","_animationQueue":[],"_animationSpeed":1,"_zoom":11.363},{"_mousePosition":[1006,370],"_rootPartCFrame":[769.196,225.79,47.244,-0.015,0,1,0,1,0,-1,0,-0.015],"_humanoidState":5,"_cameraCFrame":[776.787,235.745,47.131,-0.015,-0.744,0.668,0,0.668,0.744,-1,0.011,-0.01],"_shiftlockState":false,"_pose":"FreeFall","_animationQueue":[],"_animationSpeed":1,"_zoom":11.363},{"_mousePosition":[994,372],"_rootPartCFrame":[768.929,226.435,47.248,-0.015,0,1,0,1,0,-1,0,-0.015],"_humanoidState":5,"_cameraCFrame":[776.52,236.39,47.134,-0.015,-0.744,0.668,0,0.668,0.744,-1,0.011,-0.01],"_shiftlockState":false,"_pose":"FreeFall","_animationQueue":[],"_animationSpeed":1,"_zoom":11.363},{"_mousePosition":[979,380],"_rootPartCFrame":[768.662,227.025,47.252,-0.015,0,1,0,1,0,-1,0,-0.015],"_humanoidState":5,"_cameraCFrame":[776.253,236.98,47.138,-0.015,-0.744,0.668,0,0.668,0.744,-1,0.011,-0.01],"_shiftlockState":false,"_pose":"FreeFall","_animationQueue":[],"_animationSpeed":1,"_zoom":11.363},{"_mousePosition":[970,386],"_rootPartCFrame":[768.529,227.3,47.254,-0.015,0,1,0,1,0,-1,0,-0.015],"_humanoidState":5,"_cameraCFrame":[776.12,237.255,47.14,-0.015,-0.744,0.668,0,0.668,0.744,-1,0.011,-0.01],"_shiftlockState":false,"_pose":"FreeFall","_animationQueue":[],"_animationSpeed":1,"_zoom":11.363},{"_mousePosition":[957,401],"_rootPartCFrame":[768.196,227.927,47.259,-0.015,0,1,0,1,0,-1,0,-0.015],"_humanoidState":5,"_cameraCFrame":[775.787,237.882,47.145,-0.015,-0.744,0.668,0,0.668,0.744,-1,0.011,-0.01],"_shiftlockState":false,"_pose":"FreeFall","_animationQueue":[],"_animationSpeed":1,"_zoom":11.363},{"_mousePosition":[955,411],"_rootPartCFrame":[767.929,228.368,47.263,-0.015,0,1,0,1,0,-1,0,-0.015],"_humanoidState":5,"_cameraCFrame":[775.52,238.323,47.149,-0.015,-0.744,0.668,0,0.668,0.744,-1,0.011,-0.01],"_shiftlockState":false,"_pose":"FreeFall","_animationQueue":[],"_animationSpeed":1,"_zoom":11.363},{"_mousePosition":[963,440],"_rootPartCFrame":[767.729,228.663,47.266,-0.015,0,1,0,1,0,-1,0,-0.015],"_humanoidState":5,"_cameraCFrame":[775.32,238.617,47.152,-0.015,-0.744,0.668,0,0.668,0.744,-1,0.011,-0.01],"_shiftlockState":false,"_pose":"FreeFall","_animationQueue":[["fall",0.3]],"_animationSpeed":1,"_zoom":11.363},{"_mousePosition":[991,470],"_rootPartCFrame":[767.396,229.085,47.271,-0.015,0,1,0,1,0,-1,0,-0.015],"_humanoidState":5,"_cameraCFrame":[774.987,239.04,47.157,-0.015,-0.744,0.668,0,0.668,0.744,-1,0.011,-0.01],"_shiftlockState":false,"_pose":"FreeFall","_animationQueue":[],"_animationSpeed":1,"_zoom":11.363},{"_mousePosition":[1042,500],"_rootPartCFrame":[767.129,229.362,47.275,-0.015,0,1,0,1,0,-1,0,-0.015],"_humanoidState":5,"_cameraCFrame":[774.694,239.317,45.412,-0.015,-0.744,0.668,0,0.668,0.744,-1,0.011,-0.01],"_shiftlockState":true,"_pose":"FreeFall","_animationQueue":[],"_animationSpeed":1,"_zoom":11.363},{"_mousePosition":[683,384],"_rootPartCFrame":[766.863,229.585,47.279,-0.015,0,1,0,1,0,-1,0,-0.015],"_humanoidState":5,"_cameraCFrame":[774.428,239.54,45.416,-0.015,-0.744,0.668,0,0.668,0.744,-1,0.011,-0.01],"_shiftlockState":true,"_pose":"FreeFall","_animationQueue":[],"_animationSpeed":1,"_zoom":11.363},{"_mousePosition":[683,384],"_rootPartCFrame":[766.663,229.716,47.282,-0.015,0,1,0,1,0,-1,0,-0.015],"_humanoidState":5,"_cameraCFrame":[774.182,239.804,45.906,0.05,-0.755,0.654,0,0.655,0.756,-0.999,-0.038,0.033],"_shiftlockState":true,"_pose":"FreeFall","_animationQueue":[],"_animationSpeed":1,"_zoom":11.363},{"_mousePosition":[683,384],"_rootPartCFrame":[766.396,229.843,47.286,0.044,0,0.999,0,1,0,-0.999,0,0.044],"_humanoidState":5,"_cameraCFrame":[773.851,240.038,46.284,0.101,-0.761,0.64,0,0.644,0.765,-0.995,-0.077,0.065],"_shiftlockState":true,"_pose":"FreeFall","_animationQueue":[],"_animationSpeed":1,"_zoom":11.363},{"_mousePosition":[683,384],"_rootPartCFrame":[766.13,229.916,47.276,0.094,0,0.996,0,1,0,-0.996,0,0.094],"_humanoidState":5,"_cameraCFrame":[773.524,240.193,46.589,0.145,-0.764,0.628,0,0.635,0.772,-0.989,-0.112,0.092],"_shiftlockState":true,"_pose":"FreeFall","_animationQueue":[["fall",0.3]],"_animationSpeed":1,"_zoom":11.363},{"_mousePosition":[683,384],"_rootPartCFrame":[765.865,229.934,47.251,0.139,0,0.99,0,1,0,-0.99,0,0.139],"_humanoidState":5,"_cameraCFrame":[773.181,240.292,46.817,0.181,-0.767,0.616,0,0.626,0.78,-0.984,-0.141,0.113],"_shiftlockState":true,"_pose":"FreeFall","_animationQueue":[],"_animationSpeed":1,"_zoom":11.363},{"_mousePosition":[683,384],"_rootPartCFrame":[765.6,229.898,47.214,0.176,0,0.984,0,1,0,-0.984,0,0.176],"_humanoidState":5,"_cameraCFrame":[772.846,240.318,46.902,0.199,-0.769,0.607,0,0.619,0.785,-0.98,-0.157,0.124],"_shiftlockState":true,"_pose":"FreeFall","_animationQueue":[],"_animationSpeed":1,"_zoom":11.363},{"_mousePosition":[683,384],"_rootPartCFrame":[765.272,229.776,47.155,0.196,0,0.981,0,1,0,-0.981,0,0.196],"_humanoidState":5,"_cameraCFrame":[772.464,240.242,46.9,0.209,-0.772,0.601,0,0.614,0.789,-0.978,-0.165,0.128],"_shiftlockState":true,"_pose":"FreeFall","_animationQueue":[],"_animationSpeed":1,"_zoom":11.363},{"_mousePosition":[683,384],"_rootPartCFrame":[765.011,229.617,47.103,0.207,0,0.978,0,1,0,-0.978,0,0.207],"_humanoidState":5,"_cameraCFrame":[772.175,240.105,46.856,0.211,-0.773,0.598,0,0.612,0.791,-0.978,-0.167,0.129],"_shiftlockState":true,"_pose":"FreeFall","_animationQueue":[],"_animationSpeed":1,"_zoom":11.363},{"_mousePosition":[683,384],"_rootPartCFrame":[764.815,229.462,47.061,0.21,0,0.978,0,1,0,-0.978,0,0.21],"_humanoidState":5,"_cameraCFrame":[771.944,239.978,46.807,0.211,-0.776,0.595,0,0.609,0.793,-0.978,-0.167,0.128],"_shiftlockState":true,"_pose":"FreeFall","_animationQueue":[],"_animationSpeed":1,"_zoom":11.363},{"_mousePosition":[683,384],"_rootPartCFrame":[764.489,229.135,46.991,0.211,0,0.978,0,1,0,-0.978,0,0.211],"_humanoidState":5,"_cameraCFrame":[771.596,239.668,46.725,0.21,-0.777,0.593,0,0.607,0.795,-0.978,-0.167,0.127],"_shiftlockState":true,"_pose":"FreeFall","_animationQueue":[["fall",0.3]],"_animationSpeed":1,"_zoom":11.363},{"_mousePosition":[683,384],"_rootPartCFrame":[764.229,228.813,46.935,0.21,0,0.978,0,1,0,-0.978,0,0.21],"_humanoidState":5,"_cameraCFrame":[771.314,239.362,46.664,0.21,-0.779,0.591,0,0.605,0.796,-0.978,-0.167,0.127],"_shiftlockState":true,"_pose":"FreeFall","_animationQueue":[],"_animationSpeed":1,"_zoom":11.363},{"_mousePosition":[683,384],"_rootPartCFrame":[764.117,228.553,46.919,0.257,-0.001,0.966,0.006,1,0,-0.966,0.006,0.257],"_humanoidState":5,"_cameraCFrame":[771.194,239.108,46.656,0.21,-0.779,0.591,0,0.604,0.797,-0.978,-0.167,0.127],"_shiftlockState":true,"_pose":"FreeFall","_animationQueue":[],"_animationSpeed":1,"_zoom":11.363},{"_mousePosition":[683,384],"_rootPartCFrame":[764.127,228.208,46.954,0.267,-0.002,0.964,0.008,1,-0.001,-0.964,0.008,0.267],"_humanoidState":5,"_cameraCFrame":[771.197,238.769,46.715,0.213,-0.779,0.59,0,0.603,0.797,-0.977,-0.17,0.128],"_shiftlockState":true,"_pose":"FreeFall","_animationQueue":[],"_animationSpeed":1,"_zoom":11.363},{"_mousePosition":[683,384],"_rootPartCFrame":[764.098,227.7,46.966,0.219,0,0.976,0.002,1,0,-0.976,0.002,0.219],"_humanoidState":5,"_cameraCFrame":[771.137,238.289,46.806,0.226,-0.779,0.585,0,0.6,0.8,-0.974,-0.181,0.136],"_shiftlockState":true,"_pose":"FreeFall","_animationQueue":[],"_animationSpeed":1,"_zoom":11.363},{"_mousePosition":[683,384],"_rootPartCFrame":[764.098,227.113,46.995,0.232,-0.002,0.973,0.001,1,0.002,-0.973,0,0.232],"_humanoidState":5,"_cameraCFrame":[771.114,237.718,46.908,0.237,-0.778,0.581,0,0.598,0.801,-0.971,-0.19,0.142],"_shiftlockState":true,"_pose":"FreeFall","_animationQueue":[],"_animationSpeed":1,"_zoom":11.363},{"_mousePosition":[683,384],"_rootPartCFrame":[764.09,226.854,46.996,0.237,-0.002,0.972,0,1,0.002,-0.972,0,0.237],"_humanoidState":5,"_cameraCFrame":[771.079,237.481,47.048,0.258,-0.776,0.576,0,0.596,0.803,-0.966,-0.207,0.153],"_shiftlockState":true,"_pose":"FreeFall","_animationQueue":[],"_animationSpeed":1,"_zoom":11.363},{"_mousePosition":[683,384],"_rootPartCFrame":[764.067,226.297,46.999,0.259,0.004,0.966,0,1,-0.004,-0.966,0.001,0.259],"_humanoidState":5,"_cameraCFrame":[771.015,236.956,47.318,0.296,-0.77,0.565,0,0.592,0.806,-0.955,-0.238,0.175],"_shiftlockState":true,"_pose":"FreeFall","_animationQueue":[["fall",0.3]],"_animationSpeed":1,"_zoom":11.363},{"_mousePosition":[683,384],"_rootPartCFrame":[764.095,225.689,46.959,0.295,0.007,0.956,0,1,-0.007,-0.956,0.002,0.295],"_humanoidState":5,"_cameraCFrame":[770.954,236.392,47.722,0.359,-0.756,0.547,0,0.587,0.81,-0.933,-0.291,0.211],"_shiftlockState":true,"_pose":"FreeFall","_animationQueue":[],"_animationSpeed":1,"_zoom":11.363},{"_mousePosition":[683,384],"_rootPartCFrame":[764.07,225.048,46.895,0.318,0.007,0.948,-0.006,1,-0.005,-0.948,-0.004,0.318],"_humanoidState":7,"_cameraCFrame":[770.692,235.83,48.406,0.468,-0.722,0.51,0,0.577,0.817,-0.884,-0.382,0.27],"_shiftlockState":true,"_pose":"FreeFall","_animationQueue":[["walk",0.1],["fall",0.3],["fall",0.3]],"_animationSpeed":1,"_zoom":11.363},{"_mousePosition":[683,384],"_rootPartCFrame":[764.118,224.468,46.791,0.369,0.012,0.929,-0.015,1,-0.007,-0.929,-0.011,0.369],"_humanoidState":7,"_cameraCFrame":[770.128,235.417,49.422,0.634,-0.643,0.43,0,0.555,0.832,-0.773,-0.527,0.352],"_shiftlockState":true,"_pose":"FreeFall","_animationQueue":[],"_animationSpeed":1,"_zoom":11.363},{"_mousePosition":[683,384],"_rootPartCFrame":[764.214,224.522,46.672,0.555,0.01,0.832,-0.003,1,-0.01,-0.832,0.003,0.555],"_humanoidState":8,"_cameraCFrame":[769.221,235.702,50.357,0.796,-0.515,0.317,0,0.524,0.852,-0.605,-0.678,0.417],"_shiftlockState":true,"_pose":"Running","_animationQueue":[["walk",0.1],["fall",0.3],["walk",0.1]],"_animationSpeed":0.448,"_zoom":11.363},{"_mousePosition":[683,384],"_rootPartCFrame":[764.33,224.57,46.557,0.764,0.006,0.646,0.001,1,-0.011,-0.646,0.009,0.763],"_humanoidState":8,"_cameraCFrame":[768.412,235.956,50.796,0.894,-0.39,0.221,0,0.493,0.87,-0.448,-0.778,0.441],"_shiftlockState":true,"_pose":"Running","_animationQueue":[["walk",0.1]],"_animationSpeed":0.424,"_zoom":11.363},{"_mousePosition":[683,384],"_rootPartCFrame":[764.362,224.602,46.449,0.883,0.003,0.47,0.001,1,-0.008,-0.47,0.007,0.883],"_humanoidState":8,"_cameraCFrame":[767.821,236.09,50.986,0.943,-0.293,0.159,0,0.477,0.879,-0.333,-0.829,0.45],"_shiftlockState":true,"_pose":"Running","_animationQueue":[["walk",0.1]],"_animationSpeed":0.497,"_zoom":11.363},{"_mousePosition":[683,384],"_rootPartCFrame":[764.375,224.632,46.416,0.911,0.002,0.412,-0.001,1,-0.004,-0.412,0.003,0.911],"_humanoidState":8,"_cameraCFrame":[767.711,236.142,50.99,0.951,-0.273,0.147,0,0.473,0.881,-0.31,-0.837,0.45],"_shiftlockState":true,"_pose":"Running","_animationQueue":[["walk",0.1],["walk",0.1]],"_animationSpeed":0.626,"_zoom":11.363},{"_mousePosition":[683,384],"_rootPartCFrame":[764.38,224.649,46.42,0.947,0.002,0.32,-0.001,1,-0.003,-0.32,0.002,0.947],"_humanoidState":8,"_cameraCFrame":[768.11,236.137,50.727,0.921,-0.343,0.186,0,0.477,0.879,-0.391,-0.809,0.439],"_shiftlockState":true,"_pose":"Running","_animationQueue":[["walk",0.1]],"_animationSpeed":0.115,"_zoom":11.363},{"_mousePosition":[683,384],"_rootPartCFrame":[764.421,224.67,46.542,0.92,0.001,0.392,0,1,-0.001,-0.392,0.001,0.92],"_humanoidState":8,"_cameraCFrame":[769.247,235.964,50.143,0.805,-0.511,0.301,0,0.507,0.862,-0.593,-0.694,0.408],"_shiftlockState":true,"_pose":"Standing","_animationQueue":[["idle",0.1]],"_animationSpeed":1,"_zoom":11.363},{"_mousePosition":[683,384],"_rootPartCFrame":[764.501,225.841,46.786,0.805,-0.001,0.594,0,1,0.002,-0.594,-0.001,0.805],"_humanoidState":3,"_cameraCFrame":[770.369,236.87,49.416,0.642,-0.643,0.418,0,0.545,0.839,-0.767,-0.538,0.35],"_shiftlockState":true,"_pose":"Jumping","_animationQueue":[["walk",0.1],["jump",0.1]],"_animationSpeed":1,"_zoom":11.363},{"_mousePosition":[683,384],"_rootPartCFrame":[764.549,226.543,46.933,0.642,-0.002,0.767,0,1,0.003,-0.767,-0.002,0.642],"_humanoidState":3,"_cameraCFrame":[771.424,237.18,48.098,0.409,-0.734,0.542,0,0.594,0.804,-0.912,-0.329,0.243],"_shiftlockState":true,"_pose":"Jumping","_animationQueue":[],"_animationSpeed":1,"_zoom":11.363},{"_mousePosition":[683,384],"_rootPartCFrame":[764.638,227.445,47.125,0.324,-0.002,0.946,-0.001,1,0.002,-0.946,-0.001,0.324],"_humanoidState":5,"_cameraCFrame":[772.109,237.681,47.068,0.227,-0.749,0.623,0,0.639,0.769,-0.974,-0.175,0.145],"_shiftlockState":true,"_pose":"FreeFall","_animationQueue":[["jump",0.1]],"_animationSpeed":1,"_zoom":11.363},{"_mousePosition":[683,384],"_rootPartCFrame":[764.764,228.293,47.302,0.1,0,0.995,0,1,0.001,-0.995,0,0.1],"_humanoidState":5,"_cameraCFrame":[772.683,238.074,46.363,0.103,-0.725,0.681,0,0.685,0.729,-0.995,-0.075,0.071],"_shiftlockState":true,"_pose":"FreeFall","_animationQueue":[],"_animationSpeed":1,"_zoom":11.363},{"_mousePosition":[683,384],"_rootPartCFrame":[764.904,229.276,47.495,0.076,0,0.997,0,1,0,-0.997,0,0.076],"_humanoidState":5,"_cameraCFrame":[773.075,238.776,46.304,0.069,-0.702,0.708,0,0.71,0.704,-0.998,-0.048,0.049],"_shiftlockState":true,"_pose":"FreeFall","_animationQueue":[],"_animationSpeed":1,"_zoom":11.363},{"_mousePosition":[683,384],"_rootPartCFrame":[764.962,229.825,47.597,0.073,0,0.997,0,1,0,-0.997,0,0.073],"_humanoidState":5,"_cameraCFrame":[773.38,239.054,46.335,0.058,-0.679,0.732,0,0.733,0.68,-0.998,-0.04,0.043],"_shiftlockState":true,"_pose":"FreeFall","_animationQueue":[],"_animationSpeed":1,"_zoom":11.363},{"_mousePosition":[683,384],"_rootPartCFrame":[765.014,230.672,47.746,0.061,0,0.998,0,1,0,-0.998,0,0.061],"_humanoidState":5,"_cameraCFrame":[773.656,239.649,46.489,0.057,-0.657,0.752,0,0.753,0.658,-0.998,-0.038,0.043],"_shiftlockState":true,"_pose":"FreeFall","_animationQueue":[],"_animationSpeed":1,"_zoom":11.363},{"_mousePosition":[683,384],"_rootPartCFrame":[765.017,231.139,47.823,0.058,0,0.998,0,1,0,-0.998,0,0.058],"_humanoidState":5,"_cameraCFrame":[773.831,239.914,46.567,0.056,-0.639,0.767,0,0.768,0.64,-0.998,-0.036,0.043],"_shiftlockState":true,"_pose":"FreeFall","_animationQueue":[],"_animationSpeed":1,"_zoom":11.363},{"_mousePosition":[683,384],"_rootPartCFrame":[764.99,231.714,47.913,0.056,0,0.998,0,1,0,-0.998,0,0.056],"_humanoidState":5,"_cameraCFrame":[773.926,240.34,46.663,0.056,-0.626,0.778,0,0.779,0.627,-0.998,-0.035,0.044],"_shiftlockState":true,"_pose":"FreeFall","_animationQueue":[],"_animationSpeed":1,"_zoom":11.363},{"_mousePosition":[683,384],"_rootPartCFrame":[764.927,232.235,47.986,0.056,0,0.998,0,1,0,-0.998,0,0.056],"_humanoidState":5,"_cameraCFrame":[773.932,240.775,46.75,0.057,-0.619,0.784,0,0.785,0.62,-0.998,-0.035,0.045],"_shiftlockState":true,"_pose":"FreeFall","_animationQueue":[],"_animationSpeed":1,"_zoom":11.363},{"_mousePosition":[683,384],"_rootPartCFrame":[764.827,232.701,48.044,0.057,0,0.998,0,1,0,-0.998,0,0.057],"_humanoidState":5,"_cameraCFrame":[773.881,241.178,46.808,0.057,-0.613,0.788,0,0.789,0.614,-0.998,-0.035,0.045],"_shiftlockState":true,"_pose":"FreeFall","_animationQueue":[["jump",0.1]],"_animationSpeed":1,"_zoom":11.363},{"_mousePosition":[683,384],"_rootPartCFrame":[764.691,233.113,48.086,0.057,0,0.998,0,1,0,-0.998,0,0.057],"_humanoidState":5,"_cameraCFrame":[773.745,241.59,46.85,0.057,-0.613,0.788,0,0.789,0.614,-0.998,-0.035,0.045],"_shiftlockState":true,"_pose":"FreeFall","_animationQueue":[["fall",0.3]],"_animationSpeed":1,"_zoom":11.363},{"_mousePosition":[683,384],"_rootPartCFrame":[764.518,233.47,48.111,0.057,0,0.998,0,1,0,-0.998,0,0.057],"_humanoidState":5,"_cameraCFrame":[773.572,241.947,46.876,0.057,-0.613,0.788,0,0.789,0.614,-0.998,-0.035,0.045],"_shiftlockState":true,"_pose":"FreeFall","_animationQueue":[],"_animationSpeed":1,"_zoom":11.363},{"_mousePosition":[683,384],"_rootPartCFrame":[764.309,233.773,48.121,0.057,0,0.998,0,1,0,-0.998,0,0.057],"_humanoidState":5,"_cameraCFrame":[773.363,242.25,46.885,0.057,-0.613,0.788,0,0.789,0.614,-0.998,-0.035,0.045],"_shiftlockState":true,"_pose":"FreeFall","_animationQueue":[],"_animationSpeed":1,"_zoom":11.363},{"_mousePosition":[683,384],"_rootPartCFrame":[764.282,233.996,48.128,-0.013,-0.026,1,0.005,1,0.026,-1,0.005,-0.013],"_humanoidState":12,"_cameraCFrame":[773.297,242.472,46.9,0.057,-0.613,0.788,0,0.789,0.614,-0.998,-0.035,0.045],"_shiftlockState":true,"_pose":"Climbing","_animationQueue":[["walk",0.1],["fall",0.3],["climb",0.1]],"_animationSpeed":1.412,"_zoom":11.363},{"_mousePosition":[683,384],"_rootPartCFrame":[764.287,234.134,48.128,0.048,-0.013,0.999,0.002,1,0.013,-0.999,0.001,0.048],"_humanoidState":12,"_cameraCFrame":[773.321,242.611,46.895,0.057,-0.613,0.788,0,0.789,0.614,-0.998,-0.035,0.045],"_shiftlockState":true,"_pose":"Climbing","_animationQueue":[["climb",0.1]],"_animationSpeed":0.921,"_zoom":11.363},{"_mousePosition":[683,384],"_rootPartCFrame":[764.29,234.32,48.129,0.052,-0.003,0.999,0,1,0.003,-0.999,0,0.052],"_humanoidState":12,"_cameraCFrame":[773.34,242.797,46.893,0.057,-0.613,0.788,0,0.789,0.614,-0.998,-0.035,0.045],"_shiftlockState":true,"_pose":"Climbing","_animationQueue":[],"_animationSpeed":0.921,"_zoom":11.363},{"_mousePosition":[683,384],"_rootPartCFrame":[764.289,234.507,48.129,0.056,0.001,0.998,0,1,-0.001,-0.998,0,0.056],"_humanoidState":12,"_cameraCFrame":[773.342,242.984,46.874,0.055,-0.613,0.788,0,0.789,0.614,-0.998,-0.034,0.043],"_shiftlockState":true,"_pose":"Climbing","_animationQueue":[],"_animationSpeed":0.921,"_zoom":11.363},{"_mousePosition":[683,384],"_rootPartCFrame":[764.289,234.693,48.129,0.055,0.001,0.998,0,1,-0.001,-0.998,0,0.055],"_humanoidState":12,"_cameraCFrame":[773.292,243.214,46.768,0.043,-0.617,0.786,0,0.786,0.618,-0.999,-0.027,0.034],"_shiftlockState":true,"_pose":"Climbing","_animationQueue":[],"_animationSpeed":0.921,"_zoom":11.363},{"_mousePosition":[683,384],"_rootPartCFrame":[764.289,234.88,48.129,0.043,0,0.999,0,1,0,-0.999,0,0.043],"_humanoidState":12,"_cameraCFrame":[773.228,243.458,46.654,0.031,-0.623,0.782,0,0.782,0.623,-1,-0.019,0.024],"_shiftlockState":true,"_pose":"Climbing","_animationQueue":[],"_animationSpeed":0.921,"_zoom":11.363},{"_mousePosition":[683,384],"_rootPartCFrame":[764.289,235.113,48.129,0.031,0,1,0,1,0,-1,0,0.031],"_humanoidState":12,"_cameraCFrame":[773.157,243.755,46.541,0.018,-0.628,0.778,0,0.778,0.629,-1,-0.012,0.014],"_shiftlockState":true,"_pose":"Climbing","_animationQueue":[],"_animationSpeed":0.921,"_zoom":11.363},{"_mousePosition":[683,384],"_rootPartCFrame":[764.274,235.233,48.128,0.018,0,1,0,1,0,-1,0,0.018],"_humanoidState":8,"_cameraCFrame":[773.024,243.974,46.346,-0.004,-0.637,0.771,0,0.771,0.637,-1,0.002,-0.003],"_shiftlockState":true,"_pose":"Standing","_animationQueue":[["climb",0.1],["idle",0.1],["idle",0.1]],"_animationSpeed":1,"_zoom":11.363},{"_mousePosition":[683,384],"_rootPartCFrame":[764.22,235.345,48.127,-0.002,0,1,0,1,0,-1,0,-0.002],"_humanoidState":5,"_cameraCFrame":[772.662,244.316,45.874,-0.059,-0.656,0.752,0,0.753,0.658,-0.998,0.039,-0.045],"_shiftlockState":true,"_pose":"FreeFall","_animationQueue":[["walk",0.1],["fall",0.3]],"_animationSpeed":1,"_zoom":11.363},{"_mousePosition":[683,384],"_rootPartCFrame":[764.095,235.408,48.126,-0.051,0,0.999,0,1,0,-0.999,0,-0.051],"_humanoidState":5,"_cameraCFrame":[772.018,244.712,45.208,-0.144,-0.68,0.719,0,0.727,0.687,-0.99,0.099,-0.104],"_shiftlockState":true,"_pose":"FreeFall","_animationQueue":[["fall",0.3]],"_animationSpeed":1,"_zoom":11.363},{"_mousePosition":[683,384],"_rootPartCFrame":[763.991,235.404,48.127,-0.136,0,0.991,0,1,0,-0.991,0,-0.136],"_humanoidState":5,"_cameraCFrame":[770.802,245.256,44.12,-0.304,-0.7,0.646,0,0.678,0.735,-0.953,0.223,-0.206],"_shiftlockState":true,"_pose":"FreeFall","_animationQueue":[],"_animationSpeed":1,"_zoom":11.363},{"_mousePosition":[683,384],"_rootPartCFrame":[763.746,235.71,47.982,-0.31,0,0.951,0,1,0,-0.951,0,-0.31],"_humanoidState":7,"_cameraCFrame":[769.324,246,43.103,-0.462,-0.686,0.562,0,0.634,0.774,-0.887,0.357,-0.293],"_shiftlockState":true,"_pose":"FreeFall","_animationQueue":[["walk",0.1],["fall",0.3],["fall",0.3]],"_animationSpeed":1,"_zoom":11.363},{"_mousePosition":[683,384],"_rootPartCFrame":[763.572,235.877,47.885,-0.469,0,0.883,0,1,0,-0.883,0,-0.469],"_humanoidState":7,"_cameraCFrame":[767.64,246.554,42.28,-0.635,-0.624,0.456,0,0.59,0.808,-0.773,0.513,-0.374],"_shiftlockState":true,"_pose":"FreeFall","_animationQueue":[],"_animationSpeed":1,"_zoom":11.363},{"_mousePosition":[683,384],"_rootPartCFrame":[763.32,236.02,47.799,-0.644,0,0.765,0,1,0,-0.765,0,-0.644],"_humanoidState":8,"_cameraCFrame":[765.818,246.98,41.761,-0.788,-0.513,0.341,0,0.554,0.833,-0.616,0.656,-0.436],"_shiftlockState":true,"_pose":"Running","_animationQueue":[["walk",0.1],["fall",0.3],["walk",0.1]],"_animationSpeed":1.102,"_zoom":11.363},{"_mousePosition":[683,384],"_rootPartCFrame":[763.084,236.116,47.577,-0.798,0,0.602,0,1,0,-0.602,0,-0.798],"_humanoidState":8,"_cameraCFrame":[764.267,247.289,41.477,-0.888,-0.391,0.241,0,0.525,0.851,-0.459,0.756,-0.466],"_shiftlockState":true,"_pose":"Running","_animationQueue":[],"_animationSpeed":1.102,"_zoom":11.363},{"_mousePosition":[683,384],"_rootPartCFrame":[762.88,236.154,47.407,-0.894,0,0.448,0,1,0,-0.448,0,-0.894],"_humanoidState":8,"_cameraCFrame":[763.204,247.431,41.367,-0.94,-0.293,0.173,0,0.51,0.86,-0.34,0.809,-0.479],"_shiftlockState":true,"_pose":"Running","_animationQueue":[["walk",0.1]],"_animationSpeed":1.102,"_zoom":11.363},{"_mousePosition":[683,384],"_rootPartCFrame":[762.647,236.175,47.279,-0.943,0,0.332,0,1,0,-0.332,0,-0.943],"_humanoidState":8,"_cameraCFrame":[762.34,247.494,41.305,-0.97,-0.21,0.122,0,0.503,0.864,-0.243,0.838,-0.488],"_shiftlockState":true,"_pose":"Running","_animationQueue":[],"_animationSpeed":1.102,"_zoom":11.363},{"_mousePosition":[683,384],"_rootPartCFrame":[762.461,236.184,47.206,-0.971,0,0.241,0,1,0,-0.241,0,-0.971],"_humanoidState":8,"_cameraCFrame":[761.714,247.535,41.325,-0.985,-0.149,0.086,0,0.498,0.867,-0.172,0.854,-0.491],"_shiftlockState":true,"_pose":"Running","_animationQueue":[],"_animationSpeed":1.102,"_zoom":11.363},{"_mousePosition":[683,384],"_rootPartCFrame":[762.139,236.192,47.121,-0.985,0,0.172,0,1,0,-0.172,0,-0.985],"_humanoidState":8,"_cameraCFrame":[761.152,247.57,41.322,-0.991,-0.116,0.066,0,0.494,0.869,-0.133,0.862,-0.49],"_shiftlockState":true,"_pose":"Running","_animationQueue":[],"_animationSpeed":1.102,"_zoom":11.363},{"_mousePosition":[683,384],"_rootPartCFrame":[761.942,236.195,47.084,-0.991,0,0.133,0,1,0,-0.133,0,-0.991],"_humanoidState":8,"_cameraCFrame":[760.855,247.591,41.334,-0.993,-0.101,0.057,0,0.491,0.871,-0.116,0.865,-0.488],"_shiftlockState":true,"_pose":"Running","_animationQueue":[],"_animationSpeed":1.102,"_zoom":11.363},{"_mousePosition":[683,384],"_rootPartCFrame":[761.678,236.197,47.047,-0.993,0,0.116,0,1,0,-0.116,0,-0.993],"_humanoidState":8,"_cameraCFrame":[760.578,247.598,41.307,-0.993,-0.1,0.056,0,0.491,0.871,-0.114,0.866,-0.488],"_shiftlockState":true,"_pose":"Running","_animationQueue":[],"_animationSpeed":1.102,"_zoom":11.363},{"_mousePosition":[683,384],"_rootPartCFrame":[761.414,236.198,47.015,-0.993,0,0.114,0,1,0,-0.114,0,-0.993],"_humanoidState":8,"_cameraCFrame":[760.313,247.599,41.275,-0.993,-0.1,0.056,0,0.491,0.871,-0.114,0.866,-0.488],"_shiftlockState":true,"_pose":"Running","_animationQueue":[],"_animationSpeed":1.102,"_zoom":11.363},{"_mousePosition":[683,384],"_rootPartCFrame":[761.149,236.199,46.984,-0.993,0,0.114,0,1,0,-0.114,0,-0.993],"_humanoidState":8,"_cameraCFrame":[760.048,247.599,41.244,-0.993,-0.1,0.056,0,0.491,0.871,-0.114,0.866,-0.488],"_shiftlockState":true,"_pose":"Running","_animationQueue":[["walk",0.1]],"_animationSpeed":1.102,"_zoom":11.363},{"_mousePosition":[683,384],"_rootPartCFrame":[760.884,236.199,46.954,-0.993,0,0.114,0,1,0,-0.114,0,-0.993],"_humanoidState":8,"_cameraCFrame":[759.782,247.604,41.222,-0.993,-0.1,0.056,0,0.49,0.872,-0.114,0.866,-0.487],"_shiftlockState":true,"_pose":"Running","_animationQueue":[],"_animationSpeed":1.102,"_zoom":11.363},{"_mousePosition":[683,384],"_rootPartCFrame":[760.553,236.199,46.916,-0.993,0,0.114,0,1,0,-0.114,0,-0.993],"_humanoidState":8,"_cameraCFrame":[759.443,247.613,41.201,-0.994,-0.099,0.055,0,0.489,0.872,-0.113,0.867,-0.485],"_shiftlockState":true,"_pose":"Running","_animationQueue":[],"_animationSpeed":1.102,"_zoom":11.363},{"_mousePosition":[683,384],"_rootPartCFrame":[760.354,236.199,46.893,-0.994,0,0.113,0,1,0,-0.113,0,-0.994],"_humanoidState":8,"_cameraCFrame":[759.199,247.631,41.218,-0.994,-0.093,0.052,0,0.486,0.874,-0.106,0.869,-0.483],"_shiftlockState":true,"_pose":"Running","_animationQueue":[],"_animationSpeed":1.102,"_zoom":11.363},{"_mousePosition":[683,384],"_rootPartCFrame":[760.023,236.2,46.855,-0.994,0,0.106,0,1,0,-0.106,0,-0.994],"_humanoidState":8,"_cameraCFrame":[758.818,247.649,41.222,-0.995,-0.086,0.047,0,0.483,0.876,-0.098,0.871,-0.481],"_shiftlockState":true,"_pose":"Running","_animationQueue":[],"_animationSpeed":1.102,"_zoom":11.363},{"_mousePosition":[683,384],"_rootPartCFrame":[759.758,236.2,46.826,-0.995,0,0.098,0,1,0,-0.098,0,-0.995],"_humanoidState":8,"_cameraCFrame":[758.497,247.662,41.229,-0.996,-0.077,0.042,0,0.481,0.877,-0.088,0.873,-0.479],"_shiftlockState":true,"_pose":"Running","_animationQueue":[],"_animationSpeed":1.102,"_zoom":11.363},{"_mousePosition":[683,384],"_rootPartCFrame":[759.493,236.165,46.798,-0.996,0,0.088,0,1,0,-0.088,0,-0.996],"_humanoidState":8,"_cameraCFrame":[759.927,247.646,41.383,-0.997,-0.07,0.038,0,0.478,0.878,-0.08,0.876,-0.477],"_shiftlockState":false,"_pose":"Running","_animationQueue":[["walk",0.1]],"_animationSpeed":1.102,"_zoom":11.363},{"_mousePosition":[683,384],"_rootPartCFrame":[759.228,236.077,46.77,-0.996,0,0.088,0,1,0,-0.088,0,-0.996],"_humanoidState":8,"_cameraCFrame":[759.662,247.557,41.355,-0.997,-0.07,0.038,0,0.478,0.878,-0.08,0.876,-0.477],"_shiftlockState":false,"_pose":"Running","_animationQueue":[],"_animationSpeed":1.102,"_zoom":11.363},{"_mousePosition":[683,384],"_rootPartCFrame":[758.962,235.934,46.741,-0.996,0,0.088,0,1,0,-0.088,0,-0.996],"_humanoidState":8,"_cameraCFrame":[759.343,247.436,41.363,-0.998,-0.062,0.033,0,0.475,0.88,-0.071,0.878,-0.473],"_shiftlockState":false,"_pose":"Running","_animationQueue":[],"_animationSpeed":1.102,"_zoom":11.363},{"_mousePosition":[683,384],"_rootPartCFrame":[758.764,235.791,46.72,-0.996,0,0.088,0,1,0,-0.088,0,-0.996],"_humanoidState":8,"_cameraCFrame":[759.078,247.328,41.402,-0.998,-0.052,0.028,0,0.469,0.883,-0.059,0.882,-0.468],"_shiftlockState":false,"_pose":"Running","_animationQueue":[],"_animationSpeed":1.102,"_zoom":11.363},{"_mousePosition":[683,384],"_rootPartCFrame":[758.432,235.484,46.685,-0.996,0,0.088,0,1,0,-0.088,0,-0.996],"_humanoidState":8,"_cameraCFrame":[758.676,247.068,41.453,-0.999,-0.041,0.021,0,0.461,0.887,-0.047,0.886,-0.46],"_shiftlockState":false,"_pose":"Running","_animationQueue":[],"_animationSpeed":1.102,"_zoom":11.363},{"_mousePosition":[683,384],"_rootPartCFrame":[758.167,236.357,46.657,-0.996,0,0.088,0,1,0,-0.088,0,-0.996],"_humanoidState":3,"_cameraCFrame":[758.337,247.987,41.511,-0.999,-0.029,0.015,0,0.453,0.891,-0.033,0.891,-0.453],"_shiftlockState":false,"_pose":"Jumping","_animationQueue":[["walk",0.1],["jump",0.1]],"_animationSpeed":1,"_zoom":11.363},{"_mousePosition":[683,384],"_rootPartCFrame":[757.967,236.979,46.645,-0.989,0,0.15,0,1,0,-0.15,0,-0.989],"_humanoidState":5,"_cameraCFrame":[758.043,248.674,41.628,-1,-0.014,0.007,0,0.442,0.897,-0.015,0.897,-0.441],"_shiftlockState":false,"_pose":"FreeFall","_animationQueue":[["jump",0.1]],"_animationSpeed":1,"_zoom":11.363},{"_mousePosition":[683,384],"_rootPartCFrame":[757.701,237.76,46.636,-0.962,0,0.273,0,1,0,-0.273,0,-0.962],"_humanoidState":5,"_cameraCFrame":[757.719,249.508,41.726,-1,-0.003,0.002,0,0.432,0.902,-0.004,0.902,-0.432],"_shiftlockState":false,"_pose":"FreeFall","_animationQueue":[],"_animationSpeed":1,"_zoom":11.363},{"_mousePosition":[683,384],"_rootPartCFrame":[757.368,238.66,46.63,-0.904,0,0.427,0,1,0,-0.427,0,-0.904],"_humanoidState":5,"_cameraCFrame":[757.33,250.458,41.828,-1,0.007,-0.003,0,0.423,0.906,0.008,0.906,-0.423],"_shiftlockState":false,"_pose":"FreeFall","_animationQueue":[],"_animationSpeed":1,"_zoom":11.363},{"_mousePosition":[683,384],"_rootPartCFrame":[757.168,239.159,46.629,-0.857,0,0.516,0,1,0,-0.516,0,-0.857],"_humanoidState":5,"_cameraCFrame":[757.086,251.007,41.935,-1,0.016,-0.007,0,0.413,0.911,0.017,0.911,-0.413],"_shiftlockState":false,"_pose":"FreeFall","_animationQueue":[],"_animationSpeed":1,"_zoom":11.363},{"_mousePosition":[683,384],"_rootPartCFrame":[756.834,239.923,46.631,-0.76,0,0.65,0,1,0,-0.65,0,-0.76],"_humanoidState":5,"_cameraCFrame":[756.705,251.84,42.093,-1,0.026,-0.011,0,0.4,0.917,0.028,0.916,-0.399],"_shiftlockState":false,"_pose":"FreeFall","_animationQueue":[],"_animationSpeed":1,"_zoom":11.363},{"_mousePosition":[683,384],"_rootPartCFrame":[756.501,240.601,46.639,-0.657,0,0.754,0,1,0,-0.754,0,-0.657],"_humanoidState":5,"_cameraCFrame":[756.368,252.526,42.118,-1,0.027,-0.012,0,0.398,0.917,0.029,0.917,-0.398],"_shiftlockState":false,"_pose":"FreeFall","_animationQueue":[["fall",0.3]],"_animationSpeed":1,"_zoom":11.363},{"_mousePosition":[683,384],"_rootPartCFrame":[756.301,240.968,46.645,-0.599,0,0.801,0,1,0,-0.801,0,-0.599],"_humanoidState":5,"_cameraCFrame":[756.169,252.903,42.149,-1,0.027,-0.012,0,0.396,0.918,0.029,0.918,-0.396],"_shiftlockState":false,"_pose":"FreeFall","_animationQueue":[],"_animationSpeed":1,"_zoom":11.363},{"_mousePosition":[683,384],"_rootPartCFrame":[756.034,241.408,46.653,-0.528,0,0.849,0,1,0,-0.849,0,-0.528],"_humanoidState":5,"_cameraCFrame":[755.898,253.354,42.182,-1,0.028,-0.012,0,0.394,0.919,0.03,0.919,-0.393],"_shiftlockState":false,"_pose":"FreeFall","_animationQueue":[],"_animationSpeed":1,"_zoom":11.363},{"_mousePosition":[683,384],"_rootPartCFrame":[755.768,241.794,46.661,-0.463,0,0.886,0,1,0,-0.886,0,-0.463],"_humanoidState":5,"_cameraCFrame":[755.632,253.747,42.207,-1,0.028,-0.012,0,0.392,0.92,0.03,0.919,-0.392],"_shiftlockState":false,"_pose":"FreeFall","_animationQueue":[],"_animationSpeed":1,"_zoom":11.363},{"_mousePosition":[683,384],"_rootPartCFrame":[755.501,242.126,46.669,-0.406,0,0.914,0,1,0,-0.914,0,-0.406],"_humanoidState":5,"_cameraCFrame":[755.361,254.086,42.232,-1,0.029,-0.012,0,0.391,0.921,0.031,0.92,-0.39],"_shiftlockState":false,"_pose":"FreeFall","_animationQueue":[],"_animationSpeed":1,"_zoom":11.363},{"_mousePosition":[683,384],"_rootPartCFrame":[755.234,242.403,46.677,-0.355,0,0.935,0,1,0,-0.935,0,-0.355],"_humanoidState":5,"_cameraCFrame":[755.091,254.377,42.274,-0.999,0.03,-0.013,0,0.388,0.922,0.033,0.921,-0.387],"_shiftlockState":false,"_pose":"FreeFall","_animationQueue":[],"_animationSpeed":1,"_zoom":11.363},{"_mousePosition":[683,384],"_rootPartCFrame":[754.968,242.625,46.685,-0.311,0,0.95,0,1,0,-0.95,0,-0.311],"_humanoidState":5,"_cameraCFrame":[754.821,254.614,42.317,-0.999,0.031,-0.013,0,0.385,0.923,0.034,0.923,-0.384],"_shiftlockState":false,"_pose":"FreeFall","_animationQueue":[],"_animationSpeed":1,"_zoom":11.363},{"_mousePosition":[683,384],"_rootPartCFrame":[754.701,242.793,46.694,-0.273,0,0.962,0,1,0,-0.962,0,-0.273],"_humanoidState":5,"_cameraCFrame":[754.551,254.799,42.368,-0.999,0.032,-0.013,0,0.381,0.925,0.035,0.924,-0.381],"_shiftlockState":false,"_pose":"FreeFall","_animationQueue":[["fall",0.3]],"_animationSpeed":1,"_zoom":11.363},{"_mousePosition":[683,384],"_rootPartCFrame":[754.368,242.927,46.705,-0.232,0,0.973,0,1,0,-0.973,0,-0.232],"_humanoidState":5,"_cameraCFrame":[754.214,254.943,42.404,-0.999,0.033,-0.014,0,0.379,0.926,0.036,0.925,-0.378],"_shiftlockState":false,"_pose":"FreeFall","_animationQueue":[],"_animationSpeed":1,"_zoom":11.363},{"_mousePosition":[683,384],"_rootPartCFrame":[754.168,242.966,46.712,-0.211,0,0.978,0,1,0,-0.978,0,-0.211],"_humanoidState":5,"_cameraCFrame":[754.007,255,42.454,-0.999,0.035,-0.014,0,0.375,0.927,0.038,0.926,-0.375