[{"_mousePosition":[1141,363],"_rootPartCFrame":[776.024,222.954,47.142,0.002,0.003,1,0,1,-0.003,-1,0,0.002],"_humanoidState":8,"_cameraCFrame":[784.921,233.296,47.142,0,-0.705,0.709,0,0.709,0.705,-1,0,0],"_shiftlockState":false,"_pose":"Standing","_animationQueue":[],"_animationSpeed":1,"_zoom":12.54},{"_mousePosition":[1129,369],"_rootPartCFrame":[775.906,222.894,47.142,0.002,0.001,1,0,1,-0.001,-1,0,0.002],"_humanoidState":8,"_cameraCFrame":[784.8,233.236,47.142,0,-0.705,0.709,0,0.709,0.705,-1,0,0],"_shiftlockState":false,"_pose":"Standing","_animationQueue":[],"_animationSpeed":1,"_zoom":12.54},{"_mousePosition":[1120,374],"_rootPartCFrame":[775.644,222.76,47.142,0.002,0,1,0,1,0,-1,0,0.002],"_humanoidState":8,"_cameraCFrame":[784.536,233.102,47.142,0,-0.705,0.709,0,0.709,0.705,-1,0,0],"_shiftlockState":false,"_pose":"Running","_animationQueue":[["walk",0.1]],"_animationSpeed":0.839,"_zoom":12.54},{"_mousePosition":[1110,379],"_rootPartCFrame":[775.378,222.652,47.142,0.001,0,1,0,1,0,-1,0,0.001],"_humanoidState":8,"_cameraCFrame":[784.27,232.994,47.142,0,-0.705,0.709,0,0.709,0.705,-1,0,0],"_shiftlockState":false,"_pose":"Running","_animationQueue":[["walk",0.1]],"_animationSpeed":1.097,"_zoom":12.54},{"_mousePosition":[1104,383],"_rootPartCFrame":[775.111,222.661,47.142,0.001,0,1,0,1,0,-1,0,0.001],"_humanoidState":8,"_cameraCFrame":[784.003,233.003,47.142,0,-0.705,0.709,0,0.709,0.705,-1,0,0],"_shiftlockState":false,"_pose":"Running","_animationQueue":[],"_animationSpeed":1.097,"_zoom":12.54},{"_mousePosition":[1094,389],"_rootPartCFrame":[774.845,222.677,47.142,0.001,0,1,0,1,0,-1,0,0.001],"_humanoidState":8,"_cameraCFrame":[783.737,233.019,47.142,0,-0.705,0.709,0,0.709,0.705,-1,0,0],"_shiftlockState":false,"_pose":"Running","_animationQueue":[],"_animationSpeed":1.097,"_zoom":12.54},{"_mousePosition":[1085,395],"_rootPartCFrame":[774.578,222.687,47.142,0.001,0,1,0,1,0,-1,0,0.001],"_humanoidState":8,"_cameraCFrame":[783.47,233.029,47.142,0,-0.705,0.709,0,0.709,0.705,-1,0,0],"_shiftlockState":false,"_pose":"Running","_animationQueue":[],"_animationSpeed":1.097,"_zoom":12.54},{"_mousePosition":[1070,403],"_rootPartCFrame":[774.311,222.693,47.142,0.001,0,1,0,1,0,-1,0,0.001],"_humanoidState":8,"_cameraCFrame":[783.203,233.035,47.142,0,-0.705,0.709,0,0.709,0.705,-1,0,0],"_shiftlockState":false,"_pose":"Running","_animationQueue":[],"_animationSpeed":1.097,"_zoom":12.54},{"_mousePosition":[1060,408],"_rootPartCFrame":[774.044,222.696,47.142,0.001,0,1,0,1,0,-1,0,0.001],"_humanoidState":8,"_cameraCFrame":[782.937,233.038,47.142,0,-0.705,0.709,0,0.709,0.705,-1,0,0],"_shiftlockState":false,"_pose":"Running","_animationQueue":[["walk",0.1]],"_animationSpeed":1.097,"_zoom":12.54},{"_mousePosition":[1042,417],"_rootPartCFrame":[773.911,222.697,47.142,0.001,0,1,0,1,0,-1,0,0.001],"_humanoidState":8,"_cameraCFrame":[782.803,233.039,47.142,0,-0.705,0.709,0,0.709,0.705,-1,0,0],"_shiftlockState":false,"_pose":"Running","_animationQueue":[],"_animationSpeed":1.097,"_zoom":12.54},{"_mousePosition":[1031,422],"_rootPartCFrame":[773.511,222.699,47.142,0,0,1,0,1,0,-1,0,0],"_humanoidState":8,"_cameraCFrame":[782.403,233.041,47.142,0,-0.705,0.709,0,0.709,0.705,-1,0,0],"_shiftlockState":false,"_pose":"Running","_animationQueue":[],"_animationSpeed":1.097,"_zoom":12.54},{"_mousePosition":[1009,431],"_rootPartCFrame":[773.244,222.699,47.142,0,0,1,0,1,0,-1,0,0],"_humanoidState":8,"_cameraCFrame":[782.136,233.041,47.142,0,-0.705,0.709,0,0.709,0.705,-1,0,0],"_shiftlockState":false,"_pose":"Running","_animationQueue":[],"_animationSpeed":1.097,"_zoom":12.54},{"_mousePosition":[992,435],"_rootPartCFrame":[772.978,222.699,47.142,0,0,1,0,1,0,-1,0,0],"_humanoidState":8,"_cameraCFrame":[781.87,233.041,47.142,0,-0.705,0.709,0,0.709,0.705,-1,0,0],"_shiftlockState":false,"_pose":"Running","_animationQueue":[],"_animationSpeed":1.097,"_zoom":12.54},{"_mousePosition":[975,440],"_rootPartCFrame":[772.711,222.699,47.142,0,0,1,0,1,0,-1,0,0],"_humanoidState":8,"_cameraCFrame":[781.603,233.041,47.142,0,-0.705,0.709,0,0.709,0.705,-1,0,0],"_shiftlockState":false,"_pose":"Running","_animationQueue":[],"_animationSpeed":1.097,"_zoom":12.54},{"_mousePosition":[949,447],"_rootPartCFrame":[772.444,222.7,47.142,0,0,1,0,1,0,-1,0,0],"_humanoidState":8,"_cameraCFrame":[781.336,233.042,47.142,0,-0.705,0.709,0,0.709,0.705,-1,0,0],"_shiftlockState":false,"_pose":"Running","_animationQueue":[],"_animationSpeed":1.097,"_zoom":12.54},{"_mousePosition":[931,455],"_rootPartCFrame":[772.177,222.7,47.142,0,0,1,0,1,0,-1,0,0],"_humanoidState":8,"_cameraCFrame":[781.07,233.042,47.142,0,-0.705,0.709,0,0.709,0.705,-1,0,0],"_shiftlockState":false,"_pose":"Running","_animationQueue":[["walk",0.1]],"_animationSpeed":1.097,"_zoom":12.54},{"_mousePosition":[910,468],"_rootPartCFrame":[771.911,222.7,47.142,0,0,1,0,1,0,-1,0,0],"_humanoidState":8,"_cameraCFrame":[780.803,233.042,47.142,0,-0.705,0.709,0,0.709,0.705,-1,0,0],"_shiftlockState":false,"_pose":"Running","_animationQueue":[],"_animationSpeed":1.097,"_zoom":12.54},{"_mousePosition":[899,482],"_rootPartCFrame":[771.644,223.563,47.142,0,0,1,0,1,0,-1,0,0],"_humanoidState":3,"_cameraCFrame":[780.536,233.905,47.142,0,-0.705,0.709,0,0.709,0.705,-1,0,0],"_shiftlockState":false,"_pose":"Jumping","_animationQueue":[["walk",0.1],["jump",0.1]],"_animationSpeed":1,"_zoom":12.54},{"_mousePosition":[899,482],"_rootPartCFrame":[771.378,224.371,47.142,0,0,1,0,1,0,-1,0,0],"_humanoidState":5,"_cameraCFrame":[780.052,234.925,47.024,-0.014,-0.722,0.692,0,0.692,0.722,-1,0.01,-0.009],"_shiftlockState":false,"_pose":"FreeFall","_animationQueue":[["jump",0.1]],"_animationSpeed":1,"_zoom":12.54},{"_mousePosition":[899,482],"_rootPartCFrame":[771.111,225.125,47.142,0,0,1,0,1,0,-1,0,0],"_humanoidState":5,"_cameraCFrame":[779.594,235.859,46.991,-0.018,-0.736,0.676,0,0.677,0.736,-1,0.013,-0.012],"_shiftlockState":false,"_pose":"FreeFall","_animationQueue":[],"_animationSpeed":1,"_zoom":12.54},{"_mousePosition":[899,482],"_rootPartCFrame":[770.844,225.824,47.145,-0.001,0,1,0,1,0,-1,0,-0.001],"_humanoidState":5,"_cameraCFrame":[779.169,236.701,46.988,-0.019,-0.748,0.664,0,0.664,0.748,-1,0.014,-0.013],"_shiftlockState":false,"_pose":"FreeFall","_animationQueue":[],"_animationSpeed":1,"_zoom":12.54},{"_mousePosition":[899,482],"_rootPartCFrame":[770.578,226.469,47.15,-0.003,0,1,0,1,0,-1,0,-0.003],"_humanoidState":5,"_cameraCFrame":[778.762,237.446,45.271,-0.016,-0.756,0.655,0,0.655,0.756,-1,0.012,-0.01],"_shiftlockState":true,"_pose":"FreeFall","_animationQueue":[],"_animationSpeed":1,"_zoom":12.54},{"_mousePosition":[683,384],"_rootPartCFrame":[770.244,227.199,47.156,-0.017,0,1,0,1,0,-1,0,-0.017],"_humanoidState":5,"_cameraCFrame":[778.428,238.175,45.277,-0.016,-0.756,0.655,0,0.655,0.756,-1,0.012,-0.01],"_shiftlockState":true,"_pose":"FreeFall","_animationQueue":[],"_animationSpeed":1,"_zoom":12.54},{"_mousePosition":[683,384],"_rootPartCFrame":[770.044,227.595,47.159,-0.016,0,1,0,1,0,-1,0,-0.016],"_humanoidState":5,"_cameraCFrame":[778.117,238.677,45.333,-0.009,-0.764,0.645,0,0.645,0.764,-1,0.007,-0.006],"_shiftlockState":true,"_pose":"FreeFall","_animationQueue":[],"_animationSpeed":1,"_zoom":12.54},{"_mousePosition":[683,384],"_rootPartCFrame":[769.778,228.077,47.163,-0.01,0,1,0,1,0,-1,0,-0.01],"_humanoidState":5,"_cameraCFrame":[777.73,239.269,45.388,-0.003,-0.773,0.635,0,0.635,0.773,-1,0.002,-0.002],"_shiftlockState":true,"_pose":"FreeFall","_animationQueue":[],"_animationSpeed":1,"_zoom":12.54},{"_mousePosition":[683,384],"_rootPartCFrame":[769.511,228.504,47.166,-0.004,0,1,0,1,0,-1,0,-0.004],"_humanoidState":5,"_cameraCFrame":[777.34,239.804,45.441,0.003,-0.781,0.624,0,0.624,0.782,-1,-0.002,0.002],"_shiftlockState":true,"_pose":"FreeFall","_animationQueue":[],"_animationSpeed":1,"_zoom":12.54},{"_mousePosition":[683,384],"_rootPartCFrame":[769.245,228.876,47.167,0.002,0,1,0,1,0,-1,0,0.002],"_humanoidState":5,"_cameraCFrame":[776.933,240.289,45.449,0.004,-0.79,0.612,0,0.612,0.79,-1,-0.003,0.003],"_shiftlockState":true,"_pose":"FreeFall","_animationQueue":[],"_animationSpeed":1,"_zoom":12.54},{"_mousePosition":[683,384],"_rootPartCFrame":[768.978,229.194,47.167,0.004,0,1,0,1,0,-1,0,0.004],"_humanoidState":5,"_cameraCFrame":[776.467,240.753,45.424,0.001,-0.802,0.597,0,0.597,0.802,-1,-0.001,0.001],"_shiftlockState":true,"_pose":"FreeFall","_animationQueue":[],"_animationSpeed":1,"_zoom":12.54},{"_mousePosition":[683,384],"_rootPartCFrame":[768.711,229.457,47.166,0.001,0,1,0,1,0,-1,0,0.001],"_humanoidState":5,"_cameraCFrame":[775.982,241.166,45.362,-0.007,-0.814,0.581,0,0.581,0.814,-1,0.006,-0.004],"_shiftlockState":true,"_pose":"FreeFall","_animationQueue":[],"_animationSpeed":1,"_zoom":12.54},{"_mousePosition":[683,384],"_rootPartCFrame":[768.445,229.666,47.165,-0.006,0,1,0,1,0,-1,0,-0.006],"_humanoidState":5,"_cameraCFrame":[775.49,241.519,45.297,-0.017,-0.825,0.564,0,0.564,0.826,-1,0.014,-0.009],"_shiftlockState":true,"_pose":"FreeFall","_animationQueue":[],"_animationSpeed":1,"_zoom":12.54},{"_mousePosition":[683,384],"_rootPartCFrame":[768.178,229.821,47.167,-0.016,0,1,0,1,0,-1,0,-0.016],"_humanoidState":5,"_cameraCFrame":[775.078,241.764,45.257,-0.023,-0.833,0.553,0,0.554,0.833,-1,0.019,-0.013],"_shiftlockState":true,"_pose":"FreeFall","_animationQueue":[],"_animationSpeed":1,"_zoom":12.54},{"_mousePosition":[683,384],"_rootPartCFrame":[767.912,229.921,47.171,-0.022,0,1,0,1,0,-1,0,-0.022],"_humanoidState":5,"_cameraCFrame":[774.738,241.909,45.242,-0.026,-0.836,0.548,0,0.548,0.836,-1,0.022,-0.014],"_shiftlockState":true,"_pose":"FreeFall","_animationQueue":[],"_animationSpeed":1,"_zoom":12.54},{"_mousePosition":[683,384],"_rootPartCFrame":[767.645,229.966,47.177,-0.026,0,1,0,1,0,-1,0,-0.026],"_humanoidState":5,"_cameraCFrame":[774.435,241.976,45.241,-0.027,-0.838,0.545,0,0.545,0.838,-1,0.023,-0.015],"_shiftlockState":true,"_pose":"FreeFall","_animationQueue":[],"_animationSpeed":1,"_zoom":12.54},{"_mousePosition":[683,384],"_rootPartCFrame":[767.378,229.957,47.184,-0.027,0,1,0,1,0,-1,0,-0.027],"_humanoidState":5,"_cameraCFrame":[774.131,241.989,45.235,-0.029,-0.84,0.543,0,0.543,0.84,-1,0.025,-0.016],"_shiftlockState":true,"_pose":"FreeFall","_animationQueue":[],"_animationSpeed":1,"_zoom":12.54},{"_mousePosition":[683,384],"_rootPartCFrame":[767.112,229.893,47.191,-0.029,0,1,0,1,0,-1,0,-0.029],"_humanoidState":5,"_cameraCFrame":[773.815,241.953,45.222,-0.032,-0.842,0.539,0,0.539,0.842,-0.999,0.027,-0.018],"_shiftlockState":true,"_pose":"FreeFall","_animationQueue":[],"_animationSpeed":1,"_zoom":12.54},{"_mousePosition":[683,384],"_rootPartCFrame":[766.845,229.775,47.199,-0.032,0,0.999,0,1,0,-0.999,0,-0.032],"_humanoidState":5,"_cameraCFrame":[773.511,241.856,45.217,-0.035,-0.843,0.536,0,0.537,0.844,-0.999,0.029,-0.019],"_shiftlockState":true,"_pose":"FreeFall","_animationQueue":[["fall",0.3]],"_animationSpeed":1,"_zoom":12.54},{"_mousePosition":[683,384],"_rootPartCFrame":[766.579,229.603,47.207,-0.034,0,0.999,0,1,0,-0.999,0,-0.034],"_humanoidState":5,"_cameraCFrame":[773.223,241.695,45.212,-0.037,-0.844,0.535,0,0.535,0.845,-0.999,0.031,-0.02],"_shiftlockState":true,"_pose":"FreeFall","_animationQueue":[],"_animationSpeed":1,"_zoom":12.54},{"_mousePosition":[683,384],"_rootPartCFrame":[766.312,229.375,47.216,-0.036,0,0.999,0,1,0,-0.999,0,-0.036],"_humanoidState":5,"_cameraCFrame":[772.948,241.473,45.222,-0.037,-0.845,0.534,0,0.535,0.845,-0.999,0.031,-0.02],"_shiftlockState":true,"_pose":"FreeFall","_animationQueue":[],"_animationSpeed":1,"_zoom":12.54},{"_mousePosition":[683,384],"_rootPartCFrame":[766.045,229.094,47.226,-0.037,0,0.999,0,1,0,-0.999,0,-0.037],"_humanoidState":5,"_cameraCFrame":[772.681,241.191,45.231,-0.037,-0.845,0.534,0,0.535,0.845,-0.999,0.031,-0.02],"_shiftlockState":true,"_pose":"FreeFall","_animationQueue":[],"_animationSpeed":1,"_zoom":12.54},{"_mousePosition":[683,384],"_rootPartCFrame":[765.779,228.758,47.236,-0.037,0,0.999,0,1,0,-0.999,0,-0.037],"_humanoidState":5,"_cameraCFrame":[772.414,240.855,45.241,-0.037,-0.845,0.534,0,0.535,0.845,-0.999,0.031,-0.02],"_shiftlockState":true,"_pose":"FreeFall","_animationQueue":[],"_animationSpeed":1,"_zoom":12.54},{"_mousePosition":[683,384],"_rootPartCFrame":[765.579,228.47,47.243,-0.037,0,0.999,0,1,0,-0.999,0,-0.037],"_humanoidState":5,"_cameraCFrame":[772.214,240.567,45.248,-0.037,-0.845,0.534,0,0.535,0.845,-0.999,0.031,-0.02],"_shiftlockState":true,"_pose":"FreeFall","_animationQueue":[],"_animationSpeed":1,"_zoom":12.54},{"_mousePosition":[683,384],"_rootPartCFrame":[765.246,227.922,47.255,-0.037,0,0.999,0,1,0,-0.999,0,-0.037],"_humanoidState":5,"_cameraCFrame":[771.881,240.019,45.261,-0.037,-0.845,0.534,0,0.535,0.845,-0.999,0.031,-0.02],"_shiftlockState":true,"_pose":"FreeFall","_animationQueue":[],"_animationSpeed":1,"_zoom":12.54},{"_mousePosition":[683,384],"_rootPartCFrame":[764.979,227.422,47.265,-0.037,0,0.999,0,1,0,-0.999,0,-0.037],"_humanoidState":5,"_cameraCFrame":[771.615,239.52,45.27,-0.037,-0.845,0.534,0,0.535,0.845,-0.999,0.031,-0.02],"_shiftlockState":true,"_pose":"FreeFall","_animationQueue":[["fall",0.3]],"_animationSpeed":1,"_zoom":12.54},{"_mousePosition":[683,384],"_rootPartCFrame":[764.779,227.012,47.272,-0.037,0,0.999,0,1,0,-0.999,0,-0.037],"_humanoidState":5,"_cameraCFrame":[771.415,239.109,45.278,-0.037,-0.845,0.534,0,0.535,0.845,-0.999,0.031,-0.02],"_shiftlockState":true,"_pose":"FreeFall","_animationQueue":[],"_animationSpeed":1,"_zoom":12.54},{"_mousePosition":[683,384],"_rootPartCFrame":[764.446,226.26,47.284,-0.037,0,0.999,0,1,0,-0.999,0,-0.037],"_humanoidState":5,"_cameraCFrame":[771.081,238.357,45.29,-0.037,-0.845,0.534,0,0.535,0.845,-0.999,0.031,-0.02],"_shiftlockState":true,"_pose":"FreeFall","_animationQueue":[],"_animationSpeed":1,"_zoom":12.54},{"_mousePosition":[683,384],"_rootPartCFrame":[764.179,225.597,47.294,-0.037,0,0.999,0,1,0,-0.999,0,-0.037],"_humanoidState":5,"_cameraCFrame":[770.86,237.683,45.397,-0.022,-0.844,0.536,0,0.536,0.844,-1,0.019,-0.012],"_shiftlockState":true,"_pose":"FreeFall","_animationQueue":[],"_animationSpeed":1,"_zoom":12.54},{"_mousePosition":[683,384],"_rootPartCFrame":[763.913,224.879,47.304,-0.023,0,1,0,1,0,-1,0,-0.023],"_humanoidState":5,"_cameraCFrame":[770.688,236.944,45.632,0.012,-0.842,0.539,0,0.539,0.842,-1,-0.01,0.006],"_shiftlockState":true,"_pose":"FreeFall","_animationQueue":[],"_animationSpeed":1,"_zoom":12.54},{"_mousePosition":[683,384],"_rootPartCFrame":[763.646,224.107,47.31,0.008,0,1,0,1,0,-1,0,0.008],"_humanoidState":5,"_cameraCFrame":[770.542,236.139,45.955,0.058,-0.838,0.542,0,0.543,0.84,-0.998,-0.048,0.031],"_shiftlockState":true,"_pose":"FreeFall","_animationQueue":[],"_animationSpeed":1,"_zoom":12.54},{"_mousePosition":[683,384],"_rootPartCFrame":[763.389,223.28,47.293,0.124,0,0.992,0,1,0,-0.992,0,0.124],"_humanoidState":5,"_cameraCFrame":[770.372,235.285,46.196,0.094,-0.834,0.544,0,0.546,0.838,-0.996,-0.079,0.051],"_shiftlockState":true,"_pose":"FreeFall","_animationQueue":[["fall",0.3]],"_animationSpeed":1,"_zoom":12.54},{"_mousePosition":[683,384],"_rootPartCFrame":[763.207,223.156,47.171,0.121,0,0.993,0,1,0,-0.993,0,0.121],"_humanoidState":7,"_cameraCFrame":[770.246,235.144,46.289,0.124,-0.83,0.544,0,0.548,0.836,-0.992,-0.104,0.068],"_shiftlockState":true,"_pose":"FreeFall","_animationQueue":[["walk",0.1],["fall",0.3],["fall",0.3]],"_animationSpeed":1,"_zoom":12.54},{"_mousePosition":[683,384],"_rootPartCFrame":[763.049,223.153,46.984,0.127,0,0.992,0,1,0,-0.992,0,0.127],"_humanoidState":7,"_cameraCFrame":[770.105,235.136,46.177,0.135,-0.828,0.544,0,0.549,0.836,-0.991,-0.113,0.074],"_shiftlockState":true,"_pose":"FreeFall","_animationQueue":[],"_animationSpeed":1,"_zoom":12.54},{"_mousePosition":[683,384],"_rootPartCFrame":[762.856,223.009,46.737,0.135,0,0.991,0,1,0,-0.991,0,0.135],"_humanoidState":8,"_cameraCFrame":[769.911,234.992,45.93,0.135,-0.828,0.544,0,0.549,0.836,-0.991,-0.113,0.074],"_shiftlockState":true,"_pose":"Running","_animationQueue":[["walk",0.1],["fall",0.3],["walk",0.1]],"_animationSpeed":1.031,"_zoom":12.54},{"_mousePosition":[683,384],"_rootPartCFrame":[762.702,223.882,46.539,0.135,0,0.991,0,1,0,-0.991,0,0.135],"_humanoidState":3,"_cameraCFrame":[769.694,235.903,45.687,0.129,-0.832,0.54,0,0.544,0.839,-0.992,-0.109,0.07],"_shiftlockState":true,"_pose":"Jumping","_animationQueue":[["walk",0.1],["jump",0.1]],"_animationSpeed":1,"_zoom":12.54},{"_mousePosition":[683,384],"_rootPartCFrame":[762.541,224.704,46.329,0.201,0,0.98,0,1,0,-0.98,0,0.201],"_humanoidState":5,"_cameraCFrame":[769.37,236.818,45.308,0.108,-0.841,0.529,0,0.533,0.846,-0.994,-0.091,0.057],"_shiftlockState":true,"_pose":"FreeFall","_animationQueue":[["jump",0.1]],"_animationSpeed":1,"_zoom":12.54},{"_mousePosition":[683,384],"_rootPartCFrame":[762.379,225.472,46.117,0.209,0,0.978,0,1,0,-0.978,0,0.209],"_humanoidState":5,"_cameraCFrame":[769.032,237.671,44.858,0.074,-0.851,0.52,0,0.522,0.853,-0.997,-0.063,0.039],"_shiftlockState":true,"_pose":"FreeFall","_animationQueue":[],"_animationSpeed":1,"_zoom":12.54},{"_mousePosition":[683,384],"_rootPartCFrame":[762.212,226.185,45.909,0.181,0,0.983,0,1,0,-0.983,0,0.181],"_humanoidState":5,"_cameraCFrame":[768.654,238.478,44.381,0.035,-0.86,0.509,0,0.509,0.861,-0.999,-0.03,0.018],"_shiftlockState":true,"_pose":"FreeFall","_animationQueue":[],"_animationSpeed":1,"_zoom":12.54},{"_mousePosition":[683,384],"_rootPartCFrame":[762.034,226.843,45.723,0.072,0,0.997,0,1,0,-0.997,0,0.072],"_humanoidState":5,"_cameraCFrame":[768.476,239.136,44.195,0.035,-0.86,0.509,0,0.509,0.861,-0.999,-0.03,0.018],"_shiftlockState":true,"_pose":"FreeFall","_animationQueue":[],"_animationSpeed":1,"_zoom":12.54},{"_mousePosition":[683,384],"_rootPartCFrame":[761.888,227.302,45.607,0.039,0,0.999,0,1,0,-0.999,0,0.039],"_humanoidState":5,"_cameraCFrame":[768.33,239.594,44.079,0.035,-0.86,0.509,0,0.509,0.861,-0.999,-0.03,0.018],"_shiftlockState":true,"_pose":"FreeFall","_animationQueue":[],"_animationSpeed":1,"_zoom":12.54},{"_mousePosition":[683,384],"_rootPartCFrame":[761.678,227.865,45.483,0.036,0,0.999,0,1,0,-0.999,0,0.036],"_humanoidState":5,"_cameraCFrame":[768.12,240.157,43.955,0.035,-0.86,0.509,0,0.509,0.861,-0.999,-0.03,0.018],"_shiftlockState":true,"_pose":"FreeFall","_animationQueue":[],"_animationSpeed":1,"_zoom":12.54},{"_mousePosition":[683,384],"_rootPartCFrame":[761.391,228.492,45.379,0.035,0,0.999,0,1,0,-0.999,0,0.035],"_humanoidState":5,"_cameraCFrame":[767.833,240.785,43.85,0.035,-0.86,0.509,0,0.509,0.861,-0.999,-0.03,0.018],"_shiftlockState":true,"_pose":"FreeFall","_animationQueue":[],"_animationSpeed":1,"_zoom":12.54},{"_mousePosition":[683,384],"_rootPartCFrame":[761.142,228.933,45.335,0.035,0,0.999,0,1,0,-0.999,0,0.035],"_humanoidState":5,"_cameraCFrame":[767.584,241.225,43.807,0.035,-0.86,0.509,0,0.509,0.861,-0.999,-0.03,0.018],"_shiftlockState":true,"_pose":"FreeFall","_animationQueue":[],"_animationSpeed":1,"_zoom":12.54},{"_mousePosition":[683,384],"_rootPartCFrame":[760.878,229.319,45.321,0.035,0,0.999,0,1,0,-0.999,0,0.035],"_humanoidState":5,"_cameraCFrame":[767.319,241.611,43.793,0.035,-0.86,0.509,0,0.509,0.861,-0.999,-0.03,0.018],"_shiftlockState":true,"_pose":"FreeFall","_animationQueue":[],"_animationSpeed":1,"_zoom":12.54},{"_mousePosition":[683,384],"_rootPartCFrame":[760.678,229.572,45.314,0.035,0,0.999,0,1,0,-0.999,0,0.035],"_humanoidState":5,"_cameraCFrame":[767.12,241.865,43.786,0.035,-0.86,0.509,0,0.509,0.861,-0.999,-0.03,0.018],"_shiftlockState":true,"_pose":"FreeFall","_animationQueue":[],"_animationSpeed":1,"_zoom":12.54},{"_mousePosition":[683,384],"_rootPartCFrame":[760.345,229.927,45.303,0.035,0,0.999,0,1,0,-0.999,0,0.035],"_humanoidState":5,"_cameraCFrame":[766.786,242.22,43.774,0.035,-0.86,0.509,0,0.509,0.861,-0.999,-0.03,0.018],"_shiftlockState":true,"_pose":"FreeFall","_animationQueue":[],"_animationSpeed":1,"_zoom":12.54},{"_mousePosition":[683,384],"_rootPartCFrame":[760.078,230.15,45.293,0.035,0,0.999,0,1,0,-0.999,0,0.035],"_humanoidState":5,"_cameraCFrame":[766.52,242.442,43.765,0.035,-0.86,0.509,0,0.509,0.861,-0.999,-0.03,0.018],"_shiftlockState":true,"_pose":"FreeFall","_animationQueue":[],"_animationSpeed":1,"_zoom":12.54},{"_mousePosition":[683,384],"_rootPartCFrame":[759.811,230.318,45.284,0.035,0,0.999,0,1,0,-0.999,0,0.035],"_humanoidState":5,"_cameraCFrame":[766.253,242.61,43.756,0.035,-0.86,0.509,0,0.509,0.861,-0.999,-0.03,0.018],"_shiftlockState":true,"_pose":"FreeFall","_animationQueue":[],"_animationSpeed":1,"_zoom":12.54},{"_mousePosition":[683,384],"_rootPartCFrame":[759.545,230.431,45.275,0.035,0,0.999,0,1,0,-0.999,0,0.035],"_humanoidState":5,"_cameraCFrame":[765.987,242.724,43.747,0.035,-0.86,0.509,0,0.509,0.861,-0.999,-0.03,0.018],"_shiftlockState":true,"_pose":"FreeFall","_animationQueue":[],"_animationSpeed":1,"_zoom":12.54},{"_mousePosition":[683,384],"_rootPartCFrame":[759.345,230.481,45.268,0.035,0,0.999,0,1,0,-0.999,0,0.035],"_humanoidState":5,"_cameraCFrame":[765.787,242.773,43.74,0.035,-0.86,0.509,0,0.509,0.861,-0.999,-0.03,0.018],"_shiftlockState":true,"_pose":"FreeFall","_animationQueue":[],"_animationSpeed":1,"_zoom":12.54},{"_mousePosition":[683,384],"_rootPartCFrame":[759.012,230.495,45.256,0.035,0,0.999,0,1,0,-0.999,0,0.035],"_humanoidState":5,"_cameraCFrame":[765.453,242.787,43.728,0.035,-0.86,0.509,0,0.509,0.861,-0.999,-0.03,0.018],"_shiftlockState":true,"_pose":"FreeFall","_animationQueue":[["fall",0.3]],"_animationSpeed":1,"_zoom":12.54},{"_mousePosition":[683,384],"_rootPartCFrame":[758.745,230.445,45.247,0.035,0,0.999,0,1,0,-0.999,0,0.035],"_humanoidState":5,"_cameraCFrame":[765.187,242.737,43.719,0.035,-0.86,0.509,0,0.509,0.861,-0.999,-0.03,0.018],"_shiftlockState":true,"_pose":"FreeFall","_animationQueue":[],"_animationSpeed":1,"_zoom":12.54},{"_mousePosition":[683,384],"_rootPartCFrame":[758.478,230.34,45.238,0.035,0,0.999,0,1,0,-0.999,0,0.035],"_humanoidState":5,"_cameraCFrame":[764.934,242.602,43.556,0.01,-0.858,0.513,0,0.513,0.858,-1,-0.009,0.005],"_shiftlockState":true,"_pose":"FreeFall","_animationQueue":[],"_animationSpeed":1,"_zoom":12.54},{"_mousePosition":[683,384],"_rootPartCFrame":[758.212,230.181,45.229,0.013,0,1,0,1,0,-1,0,0.013],"_humanoidState":5,"_cameraCFrame":[764.756,242.354,43.334,-0.022,-0.851,0.525,0,0.525,0.851,-1,0.019,-0.012],"_shiftlockState":true,"_pose":"FreeFall","_animationQueue":[],"_animationSpeed":1,"_zoom":12.54},{"_mousePosition":[683,384],"_rootPartCFrame":[757.945,229.968,45.225,-0.018,0,1,0,1,0,-1,0,-0.018],"_humanoidState":5,"_cameraCFrame":[764.564,242.071,43.203,-0.041,-0.845,0.533,0,0.534,0.846,-0.999,0.035,-0.022],"_shiftlockState":true,"_pose":"FreeFall","_animationQueue":[],"_animationSpeed":1,"_zoom":12.54},{"_mousePosition":[683,384],"_rootPartCFrame":[757.679,229.7,45.23,-0.038,0,0.999,0,1,0,-0.999,0,-0.038],"_humanoidState":5,"_cameraCFrame":[764.353,241.765,43.191,-0.043,-0.842,0.538,0,0.539,0.842,-0.999,0.036,-0.023],"_shiftlockState":true,"_pose":"FreeFall","_animationQueue":[],"_animationSpeed":1,"_zoom":12.54},{"_mousePosition":[683,384],"_rootPartCFrame":[757.412,229.377,45.24,-0.042,0,0.999,0,1,0,-0.999,0,-0.042],"_humanoidState":5,"_cameraCFrame":[764.156,241.393,43.177,-0.046,-0.838,0.544,0,0.545,0.839,-0.999,0.039,-0.025],"_shiftlockState":true,"_pose":"FreeFall","_animationQueue":[],"_animationSpeed":1,"_zoom":12.54},{"_mousePosition":[683,384],"_rootPartCFrame":[757.146,229,45.251,-0.046,0,0.999,0,1,0,-0.999,0,-0.046],"_humanoidState":5,"_cameraCFrame":[763.89,241.016,43.188,-0.046,-0.838,0.544,0,0.545,0.839,-0.999,0.039,-0.025],"_shiftlockState":true,"_pose":"FreeFall","_animationQueue":[["fall",0.3]],"_animationSpeed":1,"_zoom":12.54},{"_mousePosition":[683,384],"_rootPartCFrame":[757.062,228.6,45.271,0.015,0.018,1,0.007,1,-0.018,-1,0.007,0.015],"_humanoidState":5,"_cameraCFrame":[763.833,240.616,43.218,-0.046,-0.838,0.544,0,0.545,0.839,-0.999,0.039,-0.025],"_shiftlockState":true,"_pose":"FreeFall","_animationQueue":[],"_animationSpeed":1,"_zoom":12.54},{"_mousePosition":[683,384],"_rootPartCFrame":[757.116,228.188,45.304,-0.034,0.026,0.999,0.005,1,-0.025,-0.999,0.004,-0.034],"_humanoidState":5,"_cameraCFrame":[763.898,240.203,43.247,-0.046,-0.838,0.544,0,0.545,0.839,-0.999,0.039,-0.025],"_shiftlockState":true,"_pose":"FreeFall","_animationQueue":[],"_animationSpeed":1,"_zoom":12.54},{"_mousePosition":[683,384],"_rootPartCFrame":[757.107,227.721,45.327,-0.045,0.01,0.999,0.001,1,-0.01,-0.999,0.001,-0.045],"_humanoidState":5,"_cameraCFrame":[763.866,239.737,43.266,-0.046,-0.838,0.544,0,0.545,0.839,-0.999,0.039,-0.025],"_shiftlockState":true,"_pose":"FreeFall","_animationQueue":[],"_animationSpeed":1,"_zoom":12.54},{"_mousePosition":[683,384],"_rootPartCFrame":[757.068,227.2,45.332,0.026,0.002,1,0,1,-0.002,-1,0,0.026],"_humanoidState":5,"_cameraCFrame":[763.815,239.216,43.269,-0.046,-0.838,0.544,0,0.545,0.839,-0.999,0.039,-0.025],"_shiftlockState":true,"_pose":"FreeFall","_animationQueue":[],"_animationSpeed":1,"_zoom":12.54},{"_mousePosition":[683,384],"_rootPartCFrame":[757.083,226.628,45.325,0.043,0.016,0.999,-0.002,1,-0.016,-0.999,-0.001,0.043],"_humanoidState":5,"_cameraCFrame":[763.851,238.644,43.261,-0.046,-0.838,0.544,0,0.545,0.839,-0.999,0.039,-0.025],"_shiftlockState":true,"_pose":"FreeFall","_animationQueue":[],"_animationSpeed":1,"_zoom":12.54},{"_mousePosition":[683,384],"_rootPartCFrame":[757.121,226.006,45.304,0.053,0.013,0.999,-0.002,1,-0.013,-0.999,-0.002,0.053],"_humanoidState":5,"_cameraCFrame":[763.897,238.021,43.281,-0.04,-0.838,0.544,0,0.545,0.839,-0.999,0.033,-0.022],"_shiftlockState":true,"_pose":"FreeFall","_animationQueue":[["fall",0.3]],"_animationSpeed":1,"_zoom":12.54},{"_mousePosition":[683,384],"_rootPartCFrame":[757.127,225.329,45.255,0.064,0.004,0.998,-0.002,1,-0.004,-0.998,-0.001,0.064],"_humanoidState":5,"_cameraCFrame":[764.428,237.147,44.463,0.133,-0.816,0.563,0,0.568,0.823,-0.991,-0.109,0.075],"_shiftlockState":true,"_pose":"FreeFall","_animationQueue":[],"_animationSpeed":1,"_zoom":12.54},{"_mousePosition":[683,384],"_rootPartCFrame":[757.182,225.391,45.22,0.136,0.003,0.991,-0.002,1,-0.002,-0.991,-0.002,0.136],"_humanoidState":12,"_cameraCFrame":[764.195,236.974,48.301,0.601,-0.643,0.475,0,0.594,0.804,-0.799,-0.483,0.357],"_shiftlockState":true,"_pose":"Climbing","_animationQueue":[["walk",0.1],["fall",0.3],["climb",0.1],["climb",0]],"_animationSpeed":-3.487,"_zoom":12.54},{"_mousePosition":[683,384],"_rootPartCFrame":[757.511,226.116,45.039,0.57,-0.004,0.822,0.005,1,0.002,-0.822,0.003,0.57],"_humanoidState":8,"_cameraCFrame":[762.286,237.854,50.757,0.896,-0.362,0.256,0,0.578,0.816,-0.444,-0.732,0.518],"_shiftlockState":true,"_pose":"Running","_animationQueue":[["walk",0.1],["climb",0.1],["walk",0.1],["walk",0.1]],"_animationSpeed":0.133,"_zoom":12.54},{"_mousePosition":[683,384],"_rootPartCFrame":[757.648,226.999,44.9,0.885,-0.002,0.465,0.005,1,-0.005,-0.465,0.006,0.885],"_humanoidState":3,"_cameraCFrame":[760.826,239.009,51.214,0.977,-0.18,0.117,0,0.545,0.838,-0.215,-0.819,0.533],"_shiftlockState":true,"_pose":"Jumping","_animationQueue":[["walk",0.1],["jump",0.1]],"_animationSpeed":1,"_zoom":12.54},{"_mousePosition":[683,384],"_rootPartCFrame":[757.664,227.848,44.74,0.985,-0.002,0.173,0.002,1,-0.004,-0.173,0.004,0.985],"_humanoidState":5,"_cameraCFrame":[761.486,240.441,49.502,0.926,-0.333,0.176,0,0.466,0.885,-0.377,-0.819,0.432],"_shiftlockState":true,"_pose":"FreeFall","_animationQueue":[["jump",0.1]],"_animationSpeed":1,"_zoom":12.54},{"_mousePosition":[683,384],"_rootPartCFrame":[757.711,228.643,44.578,0.962,0,0.272,0,1,-0.001,-0.272,0.001,0.962],"_humanoidState":5,"_cameraCFrame":[762.272,241.606,47.424,0.776,-0.576,0.255,0,0.405,0.914,-0.63,-0.71,0.315],"_shiftlockState":true,"_pose":"FreeFall","_animationQueue":[],"_animationSpeed":1,"_zoom":12.54},{"_mousePosition":[683,384],"_rootPartCFrame":[757.794,229.383,44.43,0.852,0,0.524,0,1,0,-0.524,0,0.852],"_humanoidState":5,"_cameraCFrame":[762.72,242.447,45.958,0.603,-0.736,0.309,0,0.387,0.922,-0.798,-0.556,0.233],"_shiftlockState":true,"_pose":"FreeFall","_animationQueue":[],"_animationSpeed":1,"_zoom":12.54},{"_mousePosition":[683,384],"_rootPartCFrame":[757.88,230.069,44.265,0.703,0,0.711,0,1,0,-0.711,0,0.703],"_humanoidState":5,"_cameraCFrame":[762.907,243.156,45.146,0.5,-0.8,0.331,0,0.382,0.924,-0.866,-0.462,0.191],"_shiftlockState":true,"_pose":"FreeFall","_animationQueue":[],"_animationSpeed":1,"_zoom":12.54},{"_mousePosition":[683,384],"_rootPartCFrame":[757.938,230.7,44.072,0.604,0,0.797,0,1,0,-0.797,0,0.604],"_humanoidState":5,"_cameraCFrame":[763.015,243.791,44.499,0.421,-0.838,0.346,0,0.382,0.924,-0.907,-0.389,0.161],"_shiftlockState":true,"_pose":"FreeFall","_animationQueue":[],"_animationSpeed":1,"_zoom":12.54},{"_mousePosition":[683,384],"_rootPartCFrame":[757.962,231.412,43.804,0.55,0,0.835,0,1,0,-0.835,0,0.55],"_humanoidState":5,"_cameraCFrame":[763.214,244.433,43.884,0.348,-0.861,0.37,0,0.395,0.919,-0.938,-0.319,0.137],"_shiftlockState":true,"_pose":"FreeFall","_animationQueue":[],"_animationSpeed":1,"_zoom":12.54},{"_mousePosition":[683,384],"_rootPartCFrame":[757.941,231.921,43.59,0.388,0,0.922,0,1,0,-0.922,0,0.388],"_humanoidState":5,"_cameraCFrame":[763.307,244.889,43.499,0.31,-0.869,0.385,0,0.405,0.915,-0.951,-0.284,0.125],"_shiftlockState":true,"_pose":"FreeFall","_animationQueue":[],"_animationSpeed":1,"_zoom":12.54},{"_mousePosition":[683,384],"_rootPartCFrame":[757.902,232.267,43.442,0.318,0,0.948,0,1,0,-0.948,0,0.318],"_humanoidState":5,"_cameraCFrame":[763.353,245.193,43.254,0.288,-0.873,0.394,0,0.412,0.911,-0.958,-0.262,0.119],"_shiftlockState":true,"_pose":"FreeFall","_animationQueue":[],"_animationSpeed":1,"_zoom":12.54},{"_mousePosition":[683,384],"_rootPartCFrame":[757.82,232.68,43.262,0.293,0,0.956,0,1,0,-0.956,0,0.293],"_humanoidState":5,"_cameraCFrame":[763.338,245.573,43.002,0.272,-0.874,0.402,0,0.418,0.909,-0.962,-0.247,0.114],"_shiftlockState":true,"_pose":"FreeFall","_animationQueue":[],"_animationSpeed":1,"_zoom":12.54},{"_mousePosition":[683,384],"_rootPartCFrame":[757.704,233.039,43.101,0.275,0,0.962,0,1,0,-0.962,0,0.275],"_humanoidState":5,"_cameraCFrame":[763.308,245.885,42.687,0.241,-0.878,0.413,0,0.426,0.905,-0.971,-0.218,0.102],"_shiftlockState":true,"_pose":"FreeFall","_animationQueue":[],"_animationSpeed":1,"_zoom":12.54},{"_mousePosition":[683,384],"_rootPartCFrame":[757.553,233.343,42.962,0.244,0,0.97,0,1,0,-0.97,0,0.244],"_humanoidState":5,"_cameraCFrame":[763.223,246.146,42.32,0.198,-0.884,0.425,0,0.433,0.901,-0.98,-0.178,0.086],"_shiftlockState":true,"_pose":"FreeFall","_animationQueue":[],"_animationSpeed":1,"_zoom":12.54},{"_mousePosition":[683,384],"_rootPartCFrame":[757.37,233.593,42.844,0.203,0,0.979,0,1,0,-0.979,0,0.203],"_humanoidState":5,"_cameraCFrame":[763.086,246.351,41.902,0.143,-0.889,0.436,0,0.44,0.898,-0.99,-0.128,0.063],"_shiftlockState":true,"_pose":"FreeFall","_animationQueue":[],"_animationSpeed":1,"_zoom":12.54},{"_mousePosition":[683,384],"_rootPartCFrame":[757.156,233.788,42.752,0.15,0,0.989,0,1,0,-0.989,0,0.15],"_humanoidState":5,"_cameraCFrame":[762.894,246.511,41.554,0.097,-0.891,0.444,0,0.446,0.895,-0.995,-0.087,0.043],"_shiftlockState":true,"_pose":"FreeFall","_animationQueue":[],"_animationSpeed":1,"_zoom":12.54},{"_mousePosition":[683,384],"_rootPartCFrame":[757.046,233.902,42.671,0.027,-0.03,0.999,0.005,1,0.03,-1,0.004,0.028],"_humanoidState":5,"_cameraCFrame":[762.719,246.592,41.136,0.037,-0.892,0.451,0,0.451,0.892,-0.999,-0.033,0.017],"_shiftlockState":true,"_pose":"FreeFall","_animationQueue":[],"_animationSpeed":1,"_zoom":12.54},{"_mousePosition":[683,384],"_rootPartCFrame":[757.014,233.949,42.578,0.011,-0.024,1,0.003,1,0.024,-1,0.003,0.011],"_humanoidState":5,"_cameraCFrame":[762.647,246.608,40.671,-0.028,-0.89,0.456,0,0.456,0.89,-1,0.025,-0.013],"_shiftlockState":true,"_pose":"FreeFall","_animationQueue":[],"_animationSpeed":1,"_zoom":12.54},{"_mousePosition":[683,384],"_rootPartCFrame":[757.057,233.943,42.52,-0.03,-0.009,1,0.002,1,0.009,-1,0.002,-0.03],"_humanoidState":5,"_cameraCFrame":[762.598,246.56,40.101,-0.118,-0.88,0.459,0,0.463,0.887,-0.993,0.105,-0.055],"_shiftlockState":true,"_pose":"FreeFall","_animationQueue":[["fall",0.3]],"_animationSpeed":1,"_zoom":12.54},{"_mousePosition":[683,384],"_rootPartCFrame":[756.99,234.365,42.518,-0.116,0.004,0.993,0.001,1,-0.004,-0.993,0,-0.116],"_humanoidState":7,"_cameraCFrame":[762.33,246.944,39.501,-0.223,-0.861,0.457,0,0.468,0.884,-0.975,0.197,-0.105],"_shiftlockState":true,"_pose":"FreeFall","_animationQueue":[["walk",0.1],["fall",0.3],["fall",0.3]],"_animationSpeed":1,"_zoom":12.54},{"_mousePosition":[683,384],"_rootPartCFrame":[756.753,234.832,42.543,-0.228,0.004,0.974,0,1,-0.004,-0.974,-0.001,-0.228],"_humanoidState":7,"_cameraCFrame":[761.736,247.402,38.935,-0.332,-0.833,0.443,0,0.47,0.883,-0.943,0.293,-0.156],"_shiftlockState":true,"_pose":"FreeFall","_animationQueue":[],"_animationSpeed":1,"_zoom":12.54},{"_mousePosition":[683,384],"_rootPartCFrame":[756.429,235.367,42.613,-0.34,0,0.94,0,1,0,-0.94,0,-0.34],"_humanoidState":8,"_cameraCFrame":[760.719,248.03,38.456,-0.455,-0.793,0.406,0,0.456,0.89,-0.891,0.405,-0.207],"_shiftlockState":true,"_pose":"Running","_animationQueue":[["walk",0.1],["fall",0.3],["walk",0.1]],"_animationSpeed":1.076,"_zoom":12.54},{"_mousePosition":[683,384],"_rootPartCFrame":[756.176,235.632,42.698,-0.462,0,0.887,0,1,0,-0.887,0,-0.462],"_humanoidState":8,"_cameraCFrame":[759.235,248.487,38.005,-0.625,-0.707,0.331,0,0.424,0.905,-0.78,0.566,-0.265],"_shiftlockState":true,"_pose":"Running","_animationQueue":[],"_animationSpeed":1.076,"_zoom":12.54},{"_mousePosition":[683,384],"_rootPartCFrame":[755.923,235.777,42.67,-0.634,0,0.773,0,1,0,-0.773,0,-0.634],"_humanoidState":8,"_cameraCFrame":[757.529,248.801,37.678,-0.795,-0.557,0.239,0,0.394,0.919,-0.606,0.731,-0.314],"_shiftlockState":true,"_pose":"Running","_animationQueue":[],"_animationSpeed":1.076,"_zoom":12.54},{"_mousePosition":[683,384],"_rootPartCFrame":[755.594,235.869,42.627,-0.806,0,0.592,0,1,0,-0.592,0,-0.806],"_humanoidState":8,"_cameraCFrame":[755.957,248.96,37.545,-0.912,-0.379,0.156,0,0.382,0.924,-0.41,0.843,-0.348],"_shiftlockState":true,"_pose":"Running","_animationQueue":[["walk",0.1]],"_animationSpeed":1.076,"_zoom":12.54},{"_mousePosition":[683,384],"_rootPartCFrame":[755.421,235.898,42.54,-0.917,0,0.4,0,1,0,-0.4,0,-0.917],"_humanoidState":8,"_cameraCFrame":[754.959,248.99,37.466,-0.966,-0.237,0.098,0,0.382,0.924,-0.257,0.893,-0.369],"_shiftlockState":true,"_pose":"Running","_animationQueue":[],"_animationSpeed":1.076,"_zoom":12.54},{"_mousePosition":[683,384],"_rootPartCFrame":[755.182,235.922,42.425,-0.969,0,0.246,0,1,0,-0.246,0,-0.969],"_humanoidState":8,"_cameraCFrame":[754.214,249.009,37.414,-0.987,-0.146,0.061,0,0.382,0.924,-0.159,0.912,-0.377],"_shiftlockState":true,"_pose":"Running","_animationQueue":[],"_animationSpeed":1.076,"_zoom":12.54},{"_mousePosition":[683,384],"_rootPartCFrame":[754.926,235.934,42.35,-0.988,0,0.155,0,1,0,-0.155,0,-0.988],"_humanoidState":8,"_cameraCFrame":[753.578,249.022,37.428,-0.997,-0.076,0.032,0,0.382,0.924,-0.083,0.921,-0.381],"_shiftlockState":true,"_pose":"Running","_animationQueue":[],"_animationSpeed":1.076,"_zoom":12.54},{"_mousePosition":[683,384],"_rootPartCFrame":[754.664,235.941,42.304,-0.997,0,0.082,0,1,0,-0.082,0,-0.997],"_humanoidState":8,"_cameraCFrame":[752.944,249.013,37.461,-1,-0.006,0.002,0,0.385,0.923,-0.006,0.923,-0.385],"_shiftlockState":true,"_pose":"Running","_animationQueue":[],"_animationSpeed":1.076,"_zoom":12.54},{"_mousePosition":[683,384],"_rootPartCFrame":[754.398,235.945,42.279,-1,0,0.006,0,1,0,-0.006,0,-1],"_humanoidState":8,"_cameraCFrame":[752.38,248.958,37.41,-0.999,0.05,-0.022,0,0.396,0.918,0.054,0.917,-0.396],"_shiftlockState":true,"_pose":"Running","_animationQueue":[],"_animationSpeed":1.076,"_zoom":12.54},{"_mousePosition":[683,384],"_rootPartCFrame":[754.132,235.947,42.274,-0.999,0,-0.054,0,1,0,0.054,0,-0.999],"_humanoidState":8,"_cameraCFrame":[751.993,248.907,37.333,-0.997,0.071,-0.031,0,0.406,0.914,0.077,0.911,-0.405],"_shiftlockState":true,"_pose":"Running","_animationQueue":[],"_animationSpeed":1.076,"_zoom":12.54},{"_mousePosition":[683,384],"_rootPartCFrame":[753.866,235.948,42.286,-0.997,0,-0.077,0,1,0,0.077,0,-0.997],"_humanoidState":8,"_cameraCFrame":[751.813,248.896,37.28,-0.998,0.054,-0.024,0,0.408,0.913,0.06,0.911,-0.408],"_shiftlockState":true,"_pose":"Running","_animationQueue":[["walk",0.1]],"_animationSpeed":1.076,"_zoom":12.54},{"_mousePosition":[683,384],"_rootPartCFrame":[753.6,235.949,42.306,-0.998,0,-0.06,0,1,0,0.06,0,-0.998],"_humanoidState":8,"_cameraCFrame":[751.644,248.921,37.318,-0.999,0.037,-0.016,0,0.404,0.915,0.041,0.914,-0.403],"_shiftlockState":true,"_pose":"Running","_animationQueue":[],"_animationSpeed":1.076,"_zoom":12.54},{"_mousePosition":[683,384],"_rootPartCFrame":[753.333,235.949,42.322,-0.999,0,-0.041,0,1,0,0.041,0,-0.999],"_humanoidState":8,"_cameraCFrame":[751.378,248.921,37.334,-0.999,0.037,-0.016,0,0.404,0.915,0.041,0.914,-0.403],"_shiftlockState":true,"_pose":"Running","_animationQueue":[],"_animationSpeed":1.076,"_zoom":12.54},{"_mousePosition":[683,384],"_rootPartCFrame":[753.197,235.881,42.329,-0.999,0,-0.041,0,1,0,0.041,0,-0.999],"_humanoidState":8,"_cameraCFrame":[751.242,248.853,37.341,-0.999,0.037,-0.016,0,0.404,0.915,0.041,0.914,-0.403],"_shiftlockState":true,"_pose":"Running","_animationQueue":[],"_animationSpeed":1.076,"_zoom":12.54},{"_mousePosition":[683,384],"_rootPartCFrame":[753.011,235.687,42.337,-0.999,0,-0.041,0,1,0,0.041,0,-0.999],"_humanoidState":8,"_cameraCFrame":[751.056,248.659,37.349,-0.999,0.037,-0.016,0,0.404,0.915,0.041,0.914,-0.403],"_shiftlockState":true,"_pose":"Running","_animationQueue":[["walk",0.1]],"_animationSpeed":0.652,"_zoom":12.54},{"_mousePosition":[683,384],"_rootPartCFrame":[752.9,235.529,42.341,-0.999,0,-0.041,0,1,0,0.041,0,-0.999],"_humanoidState":8,"_cameraCFrame":[750.945,248.501,37.353,-0.999,0.037,-0.016,0,0.404,0.915,0.041,0.914,-0.403],"_shiftlockState":true,"_pose":"Running","_animationQueue":[["walk",0.1]],"_animationSpeed":0.613,"_zoom":12.54},{"_mousePosition":[683,384],"_rootPartCFrame":[752.678,235.115,42.35,-0.999,0,-0.041,0,1,0,0.041,0,-0.999],"_humanoidState":8,"_cameraCFrame":[750.723,248.087,37.362,-0.999,0.037,-0.016,0,0.404,0.915,0.041,0.914,-0.403],"_shiftlockState":true,"_pose":"Running","_animationQueue":[],"_animationSpeed":0.613,"_zoom":12.54},{"_mousePosition":[683,384],"_rootPartCFrame":[752.53,234.769,42.356,-0.999,0,-0.041,0,1,0,0.041,0,-0.999],"_humanoidState":8,"_cameraCFrame":[750.575,247.741,37.368,-0.999,0.037,-0.016,0,0.404,0.915,0.041,0.914,-0.403],"_shiftlockState":true,"_pose":"Running","_animationQueue":[["walk",0.1]],"_animationSpeed":0.613,"_zoom":12.54},{"_mousePosition":[683,384],"_rootPartCFrame":[752.383,234.87,42.363,-0.999,0,-0.041,0,1,0,0.041,0,-0.999],"_humanoidState":8,"_cameraCFrame":[750.427,247.842,37.374,-0.999,0.037,-0.016,0,0.404,0.915,0.041,0.914,-0.403],"_shiftlockState":true,"_pose":"Running","_animationQueue":[],"_animationSpeed":0.613,"_zoom":12.54},{"_mousePosition":[683,384],"_rootPartCFrame":[752.235,235.733,42.369,-0.999,0,-0.041,0,1,0,0.041,0,-0.999],"_humanoidState":3,"_cameraCFrame":[750.279,248.705,37.38,-0.999,0.037,-0.016,0,0.404,0.915,0.041,0.914,-0.403],"_shiftlockState":true,"_pose":"Jumping","_animationQueue":[["walk",0.1],["jump",0.1]],"_animationSpeed":1,"_zoom":12.54},{"_mousePosition":[683,384],"_rootPartCFrame":[752.062,236.542,42.376,-0.999,0,0.051,0,1,0,-0.051,0,-0.999],"_humanoidState":5,"_cameraCFrame":[750.107,249.514,37.387,-0.999,0.037,-0.016,0,0.404,0.915,0.041,0.914,-0.403],"_shiftlockState":true,"_pose":"FreeFall","_animationQueue":[["jump",0.1]],"_animationSpeed":1,"_zoom":12.54},{"_mousePosition":[683,384],"_rootPartCFrame":[751.906,237.112,42.382,-0.998,0,0.055,0,1,0,-0.055,0,-0.998],"_humanoidState":5,"_cameraCFrame":[749.951,250.084,37.394,-0.999,0.037,-0.016,0,0.404,0.915,0.0