[{"_mousePosition":[740,405],"_rootPartCFrame":[776.028,222.7,47.142,0,0,1,0,1,0,-1,0,0],"_humanoidState":8,"_cameraCFrame":[783.85,249.36,46.587,-0.071,-0.952,0.297,0,0.298,0.955,-0.997,0.068,-0.021],"_shiftlockState":false,"_pose":"Standing","_animationQueue":[],"_animationSpeed":1,"_zoom":26.32},{"_mousePosition":[740,405],"_rootPartCFrame":[775.782,222.7,47.16,-0.01,0,1,0,1,0,-1,0,-0.01],"_humanoidState":8,"_cameraCFrame":[783.306,249.438,46.626,-0.071,-0.956,0.286,0,0.286,0.958,-0.997,0.068,-0.02],"_shiftlockState":false,"_pose":"Standing","_animationQueue":[],"_animationSpeed":1,"_zoom":26.32},{"_mousePosition":[740,405],"_rootPartCFrame":[775.649,222.7,47.169,-0.014,0,1,0,1,0,-1,0,-0.014],"_humanoidState":8,"_cameraCFrame":[782.877,249.518,46.656,-0.071,-0.959,0.274,0,0.275,0.961,-0.997,0.068,-0.019],"_shiftlockState":false,"_pose":"Running","_animationQueue":[["walk",0.1]],"_animationSpeed":1.066,"_zoom":26.32},{"_mousePosition":[740,405],"_rootPartCFrame":[775.25,222.7,47.198,-0.025,0,1,0,1,0,-1,0,-0.025],"_humanoidState":8,"_cameraCFrame":[782.232,249.582,46.72,-0.068,-0.962,0.265,0,0.266,0.964,-0.998,0.066,-0.018],"_shiftlockState":false,"_pose":"Running","_animationQueue":[],"_animationSpeed":1.066,"_zoom":26.32},{"_mousePosition":[740,405],"_rootPartCFrame":[775.117,222.7,47.207,-0.029,0,1,0,1,0,-1,0,-0.029],"_humanoidState":8,"_cameraCFrame":[781.656,249.698,46.809,-0.061,-0.967,0.248,0,0.249,0.969,-0.998,0.059,-0.015],"_shiftlockState":false,"_pose":"Running","_animationQueue":[],"_animationSpeed":1.066,"_zoom":26.32},{"_mousePosition":[740,405],"_rootPartCFrame":[774.718,222.7,47.234,-0.037,0,0.999,0,1,0,-0.999,0,-0.037],"_humanoidState":8,"_cameraCFrame":[780.961,249.771,46.902,-0.053,-0.97,0.237,0,0.237,0.971,-0.999,0.052,-0.013],"_shiftlockState":false,"_pose":"Running","_animationQueue":[],"_animationSpeed":1.066,"_zoom":26.32},{"_mousePosition":[740,405],"_rootPartCFrame":[774.452,222.7,47.251,-0.04,0,0.999,0,1,0,-0.999,0,-0.04],"_humanoidState":8,"_cameraCFrame":[780.397,249.841,46.965,-0.048,-0.973,0.226,0,0.226,0.974,-0.999,0.047,-0.011],"_shiftlockState":false,"_pose":"Running","_animationQueue":[],"_animationSpeed":1.066,"_zoom":26.32},{"_mousePosition":[740,405],"_rootPartCFrame":[774.186,222.7,47.265,-0.042,0,0.999,0,1,0,-0.999,0,-0.042],"_humanoidState":8,"_cameraCFrame":[779.833,249.908,47.036,-0.04,-0.976,0.215,0,0.215,0.977,-0.999,0.04,-0.009],"_shiftlockState":false,"_pose":"Running","_animationQueue":[["walk",0.1]],"_animationSpeed":1.066,"_zoom":26.32},{"_mousePosition":[740,405],"_rootPartCFrame":[774.053,222.7,47.272,-0.042,0,0.999,0,1,0,-0.999,0,-0.042],"_humanoidState":8,"_cameraCFrame":[779.5,249.95,47.078,-0.035,-0.978,0.207,0,0.207,0.978,-0.999,0.035,-0.007],"_shiftlockState":false,"_pose":"Running","_animationQueue":[],"_animationSpeed":1.066,"_zoom":26.32},{"_mousePosition":[740,405],"_rootPartCFrame":[773.653,222.7,47.288,-0.042,0,0.999,0,1,0,-0.999,0,-0.042],"_humanoidState":8,"_cameraCFrame":[778.901,249.992,47.129,-0.03,-0.979,0.199,0,0.199,0.98,-1,0.03,-0.006],"_shiftlockState":false,"_pose":"Running","_animationQueue":[],"_animationSpeed":1.066,"_zoom":26.32},{"_mousePosition":[740,405],"_rootPartCFrame":[773.387,222.7,47.297,-0.041,0,0.999,0,1,0,-0.999,0,-0.041],"_humanoidState":8,"_cameraCFrame":[778.433,250.032,47.157,-0.028,-0.981,0.192,0,0.192,0.981,-1,0.027,-0.005],"_shiftlockState":false,"_pose":"Running","_animationQueue":[],"_animationSpeed":1.066,"_zoom":26.32},{"_mousePosition":[740,405],"_rootPartCFrame":[773.12,222.7,47.306,-0.04,0,0.999,0,1,0,-0.999,0,-0.04],"_humanoidState":8,"_cameraCFrame":[778.066,250.051,47.18,-0.025,-0.982,0.188,0,0.188,0.982,-1,0.025,-0.005],"_shiftlockState":false,"_pose":"Running","_animationQueue":[],"_animationSpeed":1.066,"_zoom":26.32},{"_mousePosition":[740,405],"_rootPartCFrame":[772.854,222.7,47.313,-0.038,0,0.999,0,1,0,-0.999,0,-0.038],"_humanoidState":8,"_cameraCFrame":[777.749,250.061,47.189,-0.025,-0.982,0.186,0,0.186,0.983,-1,0.025,-0.005],"_shiftlockState":false,"_pose":"Running","_animationQueue":[],"_animationSpeed":1.066,"_zoom":26.32},{"_mousePosition":[740,405],"_rootPartCFrame":[772.587,222.7,47.32,-0.037,0,0.999,0,1,0,-0.999,0,-0.037],"_humanoidState":8,"_cameraCFrame":[777.483,250.06,47.196,-0.025,-0.982,0.186,0,0.186,0.983,-1,0.025,-0.005],"_shiftlockState":false,"_pose":"Running","_animationQueue":[["walk",0.1]],"_animationSpeed":1.066,"_zoom":26.32},{"_mousePosition":[740,405],"_rootPartCFrame":[772.32,222.7,47.327,-0.035,0,0.999,0,1,0,-0.999,0,-0.035],"_humanoidState":8,"_cameraCFrame":[777.116,250.079,47.217,-0.023,-0.983,0.182,0,0.182,0.983,-1,0.022,-0.004],"_shiftlockState":false,"_pose":"Running","_animationQueue":[],"_animationSpeed":1.066,"_zoom":26.32},{"_mousePosition":[740,405],"_rootPartCFrame":[772.054,222.7,47.333,-0.034,0,0.999,0,1,0,-0.999,0,-0.034],"_humanoidState":8,"_cameraCFrame":[776.748,250.098,47.227,-0.023,-0.984,0.178,0,0.178,0.984,-1,0.022,-0.004],"_shiftlockState":false,"_pose":"Running","_animationQueue":[],"_animationSpeed":1.066,"_zoom":26.32},{"_mousePosition":[740,405],"_rootPartCFrame":[771.787,222.7,47.34,-0.032,0,0.999,0,1,0,-0.999,0,-0.032],"_humanoidState":8,"_cameraCFrame":[776.381,250.116,47.258,-0.018,-0.984,0.175,0,0.175,0.985,-1,0.017,-0.003],"_shiftlockState":false,"_pose":"Running","_animationQueue":[],"_animationSpeed":1.066,"_zoom":26.32},{"_mousePosition":[740,405],"_rootPartCFrame":[771.521,222.7,47.346,-0.031,0,1,0,1,0,-1,0,-0.031],"_humanoidState":8,"_cameraCFrame":[776.091,250.12,47.288,-0.013,-0.985,0.174,0,0.174,0.985,-1,0.012,-0.002],"_shiftlockState":false,"_pose":"Running","_animationQueue":[],"_animationSpeed":1.066,"_zoom":26.32},{"_mousePosition":[740,405],"_rootPartCFrame":[771.254,222.7,47.35,-0.029,0,1,0,1,0,-1,0,-0.029],"_humanoidState":8,"_cameraCFrame":[775.824,250.12,47.316,-0.008,-0.985,0.174,0,0.174,0.985,-1,0.007,-0.001],"_shiftlockState":false,"_pose":"Running","_animationQueue":[],"_animationSpeed":1.066,"_zoom":26.32},{"_mousePosition":[740,405],"_rootPartCFrame":[770.987,222.7,47.354,-0.027,0,1,0,1,0,-1,0,-0.027],"_humanoidState":8,"_cameraCFrame":[775.558,250.12,47.342,-0.003,-0.985,0.174,0,0.174,0.985,-1,0.002,0],"_shiftlockState":false,"_pose":"Running","_animationQueue":[],"_animationSpeed":1.066,"_zoom":26.32},{"_mousePosition":[740,405],"_rootPartCFrame":[770.721,222.7,47.356,-0.025,0,1,0,1,0,-1,0,-0.025],"_humanoidState":8,"_cameraCFrame":[775.291,250.12,47.368,0.003,-0.985,0.174,0,0.174,0.985,-1,-0.002,0],"_shiftlockState":false,"_pose":"Running","_animationQueue":[["walk",0.1]],"_animationSpeed":1.066,"_zoom":26.32},{"_mousePosition":[740,405],"_rootPartCFrame":[770.454,222.7,47.357,-0.022,0,1,0,1,0,-1,0,-0.022],"_humanoidState":8,"_cameraCFrame":[775.024,250.12,47.403,0.01,-0.985,0.174,0,0.174,0.985,-1,-0.01,0.002],"_shiftlockState":false,"_pose":"Running","_animationQueue":[],"_animationSpeed":1.066,"_zoom":26.32},{"_mousePosition":[740,405],"_rootPartCFrame":[770.187,222.666,47.358,-0.019,0,1,0,1,0,-1,0,-0.019],"_humanoidState":8,"_cameraCFrame":[774.757,250.086,47.427,0.015,-0.985,0.174,0,0.174,0.985,-1,-0.015,0.003],"_shiftlockState":false,"_pose":"Running","_animationQueue":[],"_animationSpeed":1.066,"_zoom":26.32},{"_mousePosition":[740,405],"_rootPartCFrame":[769.921,223.528,47.358,-0.016,0,1,0,1,0,-1,0,-0.016],"_humanoidState":3,"_cameraCFrame":[774.53,250.949,45.713,0.023,-0.985,0.174,0,0.174,0.985,-1,-0.022,0.004],"_shiftlockState":true,"_pose":"Jumping","_animationQueue":[["walk",0.1],["jump",0.1]],"_animationSpeed":1,"_zoom":26.32},{"_mousePosition":[683,384],"_rootPartCFrame":[769.654,224.337,47.355,0.023,0,1,0,1,0,-1,0,0.023],"_humanoidState":5,"_cameraCFrame":[774.263,251.757,45.709,0.023,-0.985,0.174,0,0.174,0.985,-1,-0.022,0.004],"_shiftlockState":true,"_pose":"FreeFall","_animationQueue":[["jump",0.1]],"_animationSpeed":1,"_zoom":26.32},{"_mousePosition":[683,384],"_rootPartCFrame":[769.388,225.091,47.349,0.023,0,1,0,1,0,-1,0,0.023],"_humanoidState":5,"_cameraCFrame":[774.106,252.493,45.73,0.028,-0.984,0.177,0,0.177,0.984,-1,-0.027,0.005],"_shiftlockState":true,"_pose":"FreeFall","_animationQueue":[],"_animationSpeed":1,"_zoom":26.32},{"_mousePosition":[683,384],"_rootPartCFrame":[769.121,225.79,47.343,0.027,0,1,0,1,0,-1,0,0.027],"_humanoidState":5,"_cameraCFrame":[773.839,253.193,45.724,0.028,-0.984,0.177,0,0.177,0.984,-1,-0.027,0.005],"_shiftlockState":true,"_pose":"FreeFall","_animationQueue":[],"_animationSpeed":1,"_zoom":26.32},{"_mousePosition":[683,384],"_rootPartCFrame":[768.854,226.435,47.336,0.028,0,1,0,1,0,-1,0,0.028],"_humanoidState":5,"_cameraCFrame":[773.573,253.838,45.717,0.028,-0.984,0.177,0,0.177,0.984,-1,-0.027,0.005],"_shiftlockState":true,"_pose":"FreeFall","_animationQueue":[],"_animationSpeed":1,"_zoom":26.32},{"_mousePosition":[683,384],"_rootPartCFrame":[768.588,227.025,47.328,0.028,0,1,0,1,0,-1,0,0.028],"_humanoidState":5,"_cameraCFrame":[773.306,254.428,45.709,0.028,-0.984,0.177,0,0.177,0.984,-1,-0.027,0.005],"_shiftlockState":true,"_pose":"FreeFall","_animationQueue":[],"_animationSpeed":1,"_zoom":26.32},{"_mousePosition":[683,384],"_rootPartCFrame":[768.388,227.432,47.323,0.028,0,1,0,1,0,-1,0,0.028],"_humanoidState":5,"_cameraCFrame":[773.106,254.835,45.704,0.028,-0.984,0.177,0,0.177,0.984,-1,-0.027,0.005],"_shiftlockState":true,"_pose":"FreeFall","_animationQueue":[],"_animationSpeed":1,"_zoom":26.32},{"_mousePosition":[683,384],"_rootPartCFrame":[768.121,227.928,47.315,0.028,0,1,0,1,0,-1,0,0.028],"_humanoidState":5,"_cameraCFrame":[772.755,254.86,45.694,0.028,-0.984,0.177,0,0.177,0.984,-1,-0.027,0.005],"_shiftlockState":true,"_pose":"FreeFall","_animationQueue":[],"_animationSpeed":1,"_zoom":20.656},{"_mousePosition":[683,384],"_rootPartCFrame":[767.788,228.47,47.306,0.028,0,1,0,1,0,-1,0,0.028],"_humanoidState":5,"_cameraCFrame":[772.266,254.537,45.68,0.028,-0.984,0.177,0,0.177,0.984,-1,-0.027,0.005],"_shiftlockState":true,"_pose":"FreeFall","_animationQueue":[],"_animationSpeed":1,"_zoom":20.656},{"_mousePosition":[683,384],"_rootPartCFrame":[767.588,228.754,47.301,0.028,0,1,0,1,0,-1,0,0.028],"_humanoidState":5,"_cameraCFrame":[771.891,253.855,45.67,0.028,-0.984,0.177,0,0.177,0.984,-1,-0.027,0.005],"_shiftlockState":true,"_pose":"FreeFall","_animationQueue":[],"_animationSpeed":1,"_zoom":20.656},{"_mousePosition":[683,384],"_rootPartCFrame":[767.255,229.16,47.291,0.028,0,1,0,1,0,-1,0,0.028],"_humanoidState":5,"_cameraCFrame":[771.342,253.038,45.665,0.03,-0.984,0.177,0,0.177,0.984,-1,-0.03,0.005],"_shiftlockState":true,"_pose":"FreeFall","_animationQueue":[],"_animationSpeed":1,"_zoom":16.125},{"_mousePosition":[683,384],"_rootPartCFrame":[766.988,229.423,47.284,0.03,0,1,0,1,0,-1,0,0.03],"_humanoidState":5,"_cameraCFrame":[770.835,251.968,45.65,0.03,-0.984,0.177,0,0.177,0.984,-1,-0.03,0.005],"_shiftlockState":true,"_pose":"FreeFall","_animationQueue":[],"_animationSpeed":1,"_zoom":16.125},{"_mousePosition":[683,384],"_rootPartCFrame":[766.788,229.585,47.278,0.03,0,1,0,1,0,-1,0,0.03],"_humanoidState":5,"_cameraCFrame":[770.401,250.834,45.637,0.03,-0.984,0.177,0,0.177,0.984,-1,-0.03,0.005],"_shiftlockState":true,"_pose":"FreeFall","_animationQueue":[],"_animationSpeed":1,"_zoom":16.125},{"_mousePosition":[683,384],"_rootPartCFrame":[766.522,229.753,47.27,0.03,0,1,0,1,0,-1,0,0.03],"_humanoidState":5,"_cameraCFrame":[769.934,249.887,45.623,0.03,-0.984,0.177,0,0.177,0.984,-1,-0.03,0.005],"_shiftlockState":true,"_pose":"FreeFall","_animationQueue":[],"_animationSpeed":1,"_zoom":16.125},{"_mousePosition":[683,384],"_rootPartCFrame":[766.188,229.887,47.26,0.03,0,1,0,1,0,-1,0,0.03],"_humanoidState":5,"_cameraCFrame":[769.463,249.259,45.608,0.03,-0.984,0.177,0,0.177,0.984,-1,-0.03,0.005],"_shiftlockState":true,"_pose":"FreeFall","_animationQueue":[],"_animationSpeed":1,"_zoom":16.125},{"_mousePosition":[683,384],"_rootPartCFrame":[765.922,229.932,47.252,0.03,0,1,0,1,0,-1,0,0.03],"_humanoidState":5,"_cameraCFrame":[769.088,248.702,45.597,0.03,-0.984,0.177,0,0.177,0.984,-1,-0.03,0.005],"_shiftlockState":true,"_pose":"FreeFall","_animationQueue":[],"_animationSpeed":1,"_zoom":16.125},{"_mousePosition":[683,384],"_rootPartCFrame":[765.655,229.923,47.244,0.03,0,1,0,1,0,-1,0,0.03],"_humanoidState":5,"_cameraCFrame":[768.747,248.28,45.587,0.03,-0.984,0.177,0,0.177,0.984,-1,-0.03,0.005],"_shiftlockState":true,"_pose":"FreeFall","_animationQueue":[["fall",0.3]],"_animationSpeed":1,"_zoom":16.125},{"_mousePosition":[683,384],"_rootPartCFrame":[765.389,229.859,47.235,0.03,0,1,0,1,0,-1,0,0.03],"_humanoidState":5,"_cameraCFrame":[768.37,247.602,45.575,0.03,-0.984,0.177,0,0.177,0.984,-1,-0.03,0.005],"_shiftlockState":true,"_pose":"FreeFall","_animationQueue":[],"_animationSpeed":1,"_zoom":12.5},{"_mousePosition":[683,384],"_rootPartCFrame":[765.122,229.741,47.227,0.03,0,1,0,1,0,-1,0,0.03],"_humanoidState":5,"_cameraCFrame":[767.966,246.723,45.563,0.03,-0.984,0.177,0,0.177,0.984,-1,-0.03,0.005],"_shiftlockState":true,"_pose":"FreeFall","_animationQueue":[],"_animationSpeed":1,"_zoom":12.5},{"_mousePosition":[683,384],"_rootPartCFrame":[764.922,229.617,47.221,0.03,0,1,0,1,0,-1,0,0.03],"_humanoidState":5,"_cameraCFrame":[767.627,245.827,45.553,0.03,-0.984,0.177,0,0.177,0.984,-1,-0.03,0.005],"_shiftlockState":true,"_pose":"FreeFall","_animationQueue":[],"_animationSpeed":1,"_zoom":12.5},{"_mousePosition":[683,384],"_rootPartCFrame":[764.589,229.341,47.211,0.03,0,1,0,1,0,-1,0,0.03],"_humanoidState":5,"_cameraCFrame":[767.183,244.94,45.539,0.03,-0.984,0.177,0,0.177,0.984,-1,-0.03,0.005],"_shiftlockState":true,"_pose":"FreeFall","_animationQueue":[],"_animationSpeed":1,"_zoom":12.5},{"_mousePosition":[683,384],"_rootPartCFrame":[764.389,229.135,47.205,0.03,0,1,0,1,0,-1,0,0.03],"_humanoidState":5,"_cameraCFrame":[766.891,244.221,45.53,0.03,-0.984,0.177,0,0.177,0.984,-1,-0.03,0.005],"_shiftlockState":true,"_pose":"FreeFall","_animationQueue":[],"_animationSpeed":1,"_zoom":12.5},{"_mousePosition":[683,384],"_rootPartCFrame":[764.122,228.813,47.197,0.03,0,1,0,1,0,-1,0,0.03],"_humanoidState":5,"_cameraCFrame":[766.502,243.516,47.269,0.03,-0.984,0.177,0,0.177,0.984,-1,-0.03,0.005],"_shiftlockState":false,"_pose":"FreeFall","_animationQueue":[],"_animationSpeed":1,"_zoom":12.5},{"_mousePosition":[683,384],"_rootPartCFrame":[763.789,228.333,47.187,0.03,0,1,0,1,0,-1,0,0.03],"_humanoidState":5,"_cameraCFrame":[766.121,242.772,47.258,0.03,-0.984,0.177,0,0.177,0.984,-1,-0.03,0.005],"_shiftlockState":false,"_pose":"FreeFall","_animationQueue":[["fall",0.3]],"_animationSpeed":1,"_zoom":12.5},{"_mousePosition":[683,384],"_rootPartCFrame":[763.547,228.432,47.179,0.03,0,1,0,1,0,-1,0,0.03],"_humanoidState":12,"_cameraCFrame":[765.844,242.67,47.249,0.03,-0.984,0.177,0,0.177,0.984,-1,-0.03,0.005],"_shiftlockState":false,"_pose":"Climbing","_animationQueue":[["walk",0.1],["fall",0.3],["climb",0.1],["climb",0]],"_animationSpeed":-2.055,"_zoom":12.5},{"_mousePosition":[683,384],"_rootPartCFrame":[763.578,228.587,47.166,0.009,0,1,0.001,1,0,-1,0.001,0.009],"_humanoidState":12,"_cameraCFrame":[765.848,242.677,47.236,0.03,-0.984,0.177,0,0.177,0.984,-1,-0.03,0.005],"_shiftlockState":false,"_pose":"Climbing","_animationQueue":[["climb",0.1]],"_animationSpeed":0.874,"_zoom":12.5},{"_mousePosition":[683,384],"_rootPartCFrame":[763.608,228.819,47.157,0.014,0,1,-0.001,1,0,-1,-0.001,0.014],"_humanoidState":12,"_cameraCFrame":[765.862,242.82,47.225,0.03,-0.984,0.177,0,0.177,0.984,-1,-0.03,0.005],"_shiftlockState":false,"_pose":"Climbing","_animationQueue":[["climb",0]],"_animationSpeed":0.874,"_zoom":12.5},{"_mousePosition":[683,384],"_rootPartCFrame":[763.609,228.959,47.157,0.014,0,1,0,1,0,-1,0,0.014],"_humanoidState":12,"_cameraCFrame":[765.851,242.897,47.225,0.03,-0.984,0.177,0,0.177,0.984,-1,-0.03,0.005],"_shiftlockState":false,"_pose":"Climbing","_animationQueue":[["climb",0.1]],"_animationSpeed":0.933,"_zoom":12.5},{"_mousePosition":[683,384],"_rootPartCFrame":[763.609,229.145,47.157,0.014,0,1,0,1,0,-1,0,0.014],"_humanoidState":12,"_cameraCFrame":[765.843,243.038,47.225,0.03,-0.984,0.177,0,0.177,0.984,-1,-0.03,0.005],"_shiftlockState":false,"_pose":"Climbing","_animationQueue":[],"_animationSpeed":0.933,"_zoom":12.5},{"_mousePosition":[683,384],"_rootPartCFrame":[763.609,229.332,47.157,0.014,0,1,0,1,0,-1,0,0.014],"_humanoidState":12,"_cameraCFrame":[765.838,243.195,47.225,0.03,-0.984,0.177,0,0.177,0.984,-1,-0.03,0.005],"_shiftlockState":false,"_pose":"Climbing","_animationQueue":[],"_animationSpeed":0.933,"_zoom":12.5},{"_mousePosition":[683,384],"_rootPartCFrame":[763.609,229.519,47.157,0.014,0,1,0,1,0,-1,0,0.014],"_humanoidState":12,"_cameraCFrame":[765.834,243.361,47.225,0.03,-0.984,0.177,0,0.177,0.984,-1,-0.03,0.005],"_shiftlockState":false,"_pose":"Climbing","_animationQueue":[],"_animationSpeed":0.933,"_zoom":12.5},{"_mousePosition":[683,384],"_rootPartCFrame":[763.609,229.705,47.157,0.014,0,1,0,1,0,-1,0,0.014],"_humanoidState":12,"_cameraCFrame":[765.831,243.534,47.225,0.03,-0.984,0.177,0,0.177,0.984,-1,-0.03,0.005],"_shiftlockState":false,"_pose":"Climbing","_animationQueue":[],"_animationSpeed":0.933,"_zoom":12.5},{"_mousePosition":[683,384],"_rootPartCFrame":[763.609,229.892,47.157,0.014,0,1,0,1,0,-1,0,0.014],"_humanoidState":12,"_cameraCFrame":[765.83,243.711,47.225,0.03,-0.984,0.177,0,0.177,0.984,-1,-0.03,0.005],"_shiftlockState":false,"_pose":"Climbing","_animationQueue":[],"_animationSpeed":0.933,"_zoom":12.5},{"_mousePosition":[683,384],"_rootPartCFrame":[763.609,230.032,47.157,0.014,0,1,0,1,0,-1,0,0.014],"_humanoidState":12,"_cameraCFrame":[765.828,243.845,47.225,0.03,-0.984,0.177,0,0.177,0.984,-1,-0.03,0.005],"_shiftlockState":false,"_pose":"Climbing","_animationQueue":[],"_animationSpeed":0.933,"_zoom":12.5},{"_mousePosition":[683,384],"_rootPartCFrame":[763.609,230.265,47.157,0.014,0,1,0,1,0,-1,0,0.014],"_humanoidState":12,"_cameraCFrame":[765.828,244.074,47.225,0.03,-0.984,0.177,0,0.177,0.984,-1,-0.03,0.005],"_shiftlockState":false,"_pose":"Climbing","_animationQueue":[],"_animationSpeed":0.933,"_zoom":12.5},{"_mousePosition":[683,384],"_rootPartCFrame":[763.609,230.452,47.157,0.014,0,1,0,1,0,-1,0,0.014],"_humanoidState":12,"_cameraCFrame":[765.827,244.258,47.225,0.03,-0.984,0.177,0,0.177,0.984,-1,-0.03,0.005],"_shiftlockState":false,"_pose":"Climbing","_animationQueue":[],"_animationSpeed":0.933,"_zoom":12.5},{"_mousePosition":[683,384],"_rootPartCFrame":[763.609,230.639,47.157,0.014,0,1,0,1,0,-1,0,0.014],"_humanoidState":12,"_cameraCFrame":[765.827,244.443,47.225,0.03,-0.984,0.177,0,0.177,0.984,-1,-0.03,0.005],"_shiftlockState":false,"_pose":"Climbing","_animationQueue":[],"_animationSpeed":0.933,"_zoom":12.5},{"_mousePosition":[683,384],"_rootPartCFrame":[763.609,230.825,47.157,0.014,0,1,0,1,0,-1,0,0.014],"_humanoidState":12,"_cameraCFrame":[765.827,244.629,47.225,0.03,-0.984,0.177,0,0.177,0.984,-1,-0.03,0.005],"_shiftlockState":false,"_pose":"Climbing","_animationQueue":[],"_animationSpeed":0.933,"_zoom":12.5},{"_mousePosition":[683,384],"_rootPartCFrame":[763.609,231.012,47.157,0.014,0,1,0,1,0,-1,0,0.014],"_humanoidState":12,"_cameraCFrame":[765.827,244.815,47.225,0.03,-0.984,0.177,0,0.177,0.984,-1,-0.03,0.005],"_shiftlockState":false,"_pose":"Climbing","_animationQueue":[],"_animationSpeed":0.933,"_zoom":12.5},{"_mousePosition":[683,384],"_rootPartCFrame":[763.609,231.199,47.157,0.014,0,1,0,1,0,-1,0,0.014],"_humanoidState":12,"_cameraCFrame":[765.826,245.001,47.23,0.033,-0.984,0.177,0,0.177,0.984,-0.999,-0.032,0.006],"_shiftlockState":false,"_pose":"Climbing","_animationQueue":[],"_animationSpeed":0.933,"_zoom":12.5},{"_mousePosition":[683,384],"_rootPartCFrame":[763.609,231.385,47.157,0.014,0,1,0,1,0,-1,0,0.014],"_humanoidState":12,"_cameraCFrame":[765.826,245.187,47.23,0.033,-0.984,0.177,0,0.177,0.984,-0.999,-0.032,0.006],"_shiftlockState":false,"_pose":"Climbing","_animationQueue":[],"_animationSpeed":0.933,"_zoom":12.5},{"_mousePosition":[683,384],"_rootPartCFrame":[763.609,231.572,47.157,0.014,0,1,0,1,0,-1,0,0.014],"_humanoidState":12,"_cameraCFrame":[765.826,245.374,47.236,0.035,-0.984,0.177,0,0.177,0.984,-0.999,-0.035,0.006],"_shiftlockState":false,"_pose":"Climbing","_animationQueue":[],"_animationSpeed":0.933,"_zoom":12.5},{"_mousePosition":[683,384],"_rootPartCFrame":[763.609,231.712,47.157,0.014,0,1,0,1,0,-1,0,0.014],"_humanoidState":12,"_cameraCFrame":[765.85,245.509,47.242,0.038,-0.983,0.179,0,0.179,0.984,-0.999,-0.037,0.007],"_shiftlockState":false,"_pose":"Climbing","_animationQueue":[],"_animationSpeed":0.933,"_zoom":12.5},{"_mousePosition":[683,384],"_rootPartCFrame":[763.609,231.945,47.157,0.014,0,1,0,1,0,-1,0,0.014],"_humanoidState":12,"_cameraCFrame":[765.85,245.742,47.248,0.04,-0.983,0.179,0,0.179,0.984,-0.999,-0.04,0.007],"_shiftlockState":false,"_pose":"Climbing","_animationQueue":[],"_animationSpeed":0.933,"_zoom":12.5},{"_mousePosition":[683,384],"_rootPartCFrame":[763.609,232.132,47.157,0.014,0,1,0,1,0,-1,0,0.014],"_humanoidState":12,"_cameraCFrame":[765.873,245.925,47.255,0.043,-0.983,0.181,0,0.181,0.983,-0.999,-0.042,0.008],"_shiftlockState":false,"_pose":"Climbing","_animationQueue":[],"_animationSpeed":0.933,"_zoom":12.5},{"_mousePosition":[683,384],"_rootPartCFrame":[763.609,232.318,47.157,0.014,0,1,0,1,0,-1,0,0.014],"_humanoidState":12,"_cameraCFrame":[765.873,246.111,47.266,0.048,-0.982,0.181,0,0.181,0.983,-0.999,-0.047,0.009],"_shiftlockState":false,"_pose":"Climbing","_animationQueue":[],"_animationSpeed":0.933,"_zoom":12.5},{"_mousePosition":[683,384],"_rootPartCFrame":[763.609,232.458,47.157,0.014,0,1,0,1,0,-1,0,0.014],"_humanoidState":12,"_cameraCFrame":[765.872,246.251,47.278,0.053,-0.982,0.181,0,0.181,0.983,-0.999,-0.052,0.01],"_shiftlockState":false,"_pose":"Climbing","_animationQueue":[],"_animationSpeed":0.933,"_zoom":12.5},{"_mousePosition":[683,384],"_rootPartCFrame":[763.609,232.692,47.157,0.014,0,1,0,1,0,-1,0,0.014],"_humanoidState":12,"_cameraCFrame":[765.872,246.484,47.289,0.058,-0.982,0.181,0,0.181,0.983,-0.998,-0.057,0.011],"_shiftlockState":false,"_pose":"Climbing","_animationQueue":[],"_animationSpeed":0.933,"_zoom":12.5},{"_mousePosition":[683,384],"_rootPartCFrame":[763.609,232.878,47.157,0.014,0,1,0,1,0,-1,0,0.014],"_humanoidState":12,"_cameraCFrame":[765.871,246.671,47.301,0.063,-0.981,0.181,0,0.181,0.983,-0.998,-0.062,0.011],"_shiftlockState":false,"_pose":"Climbing","_animationQueue":[],"_animationSpeed":0.933,"_zoom":12.5},{"_mousePosition":[683,384],"_rootPartCFrame":[763.609,233.298,47.157,0.014,0,1,0,1,0,-1,0,0.014],"_humanoidState":12,"_cameraCFrame":[765.87,247.091,47.306,0.066,-0.981,0.181,0,0.181,0.983,-0.998,-0.065,0.012],"_shiftlockState":false,"_pose":"Climbing","_animationQueue":[],"_animationSpeed":0.933,"_zoom":12.5},{"_mousePosition":[683,384],"_rootPartCFrame":[763.609,233.578,47.157,0.014,0,1,0,1,0,-1,0,0.014],"_humanoidState":12,"_cameraCFrame":[765.87,247.371,47.306,0.066,-0.981,0.181,0,0.181,0.983,-0.998,-0.065,0.012],"_shiftlockState":false,"_pose":"Climbing","_animationQueue":[],"_animationSpeed":0.933,"_zoom":12.5},{"_mousePosition":[683,384],"_rootPartCFrame":[763.609,233.625,47.157,0.014,0,1,0,1,0,-1,0,0.014],"_humanoidState":12,"_cameraCFrame":[765.87,247.418,47.306,0.066,-0.981,0.181,0,0.181,0.983,-0.998,-0.065,0.012],"_shiftlockState":false,"_pose":"Climbing","_animationQueue":[],"_animationSpeed":0.933,"_zoom":12.5},{"_mousePosition":[683,384],"_rootPartCFrame":[763.609,233.812,47.157,0.014,0,1,0,1,0,-1,0,0.014],"_humanoidState":12,"_cameraCFrame":[765.87,247.604,47.306,0.066,-0.981,0.181,0,0.181,0.983,-0.998,-0.065,0.012],"_shiftlockState":false,"_pose":"Climbing","_animationQueue":[],"_animationSpeed":0.933,"_zoom":12.5},{"_mousePosition":[683,384],"_rootPartCFrame":[763.609,233.952,47.157,0.014,0,1,0,1,0,-1,0,0.014],"_humanoidState":12,"_cameraCFrame":[765.87,247.744,47.306,0.066,-0.981,0.181,0,0.181,0.983,-0.998,-0.065,0.012],"_shiftlockState":false,"_pose":"Climbing","_animationQueue":[],"_animationSpeed":0.933,"_zoom":12.5},{"_mousePosition":[683,384],"_rootPartCFrame":[763.609,234.185,47.157,0.014,0,1,0,1,0,-1,0,0.014],"_humanoidState":12,"_cameraCFrame":[765.87,247.978,47.306,0.066,-0.981,0.181,0,0.181,0.983,-0.998,-0.065,0.012],"_shiftlockState":false,"_pose":"Climbing","_animationQueue":[],"_animationSpeed":0.933,"_zoom":12.5},{"_mousePosition":[683,384],"_rootPartCFrame":[763.609,234.371,47.157,0.014,0,1,0,1,0,-1,0,0.014],"_humanoidState":12,"_cameraCFrame":[765.87,248.164,47.306,0.066,-0.981,0.181,0,0.181,0.983,-0.998,-0.065,0.012],"_shiftlockState":false,"_pose":"Climbing","_animationQueue":[["climb",0]],"_animationSpeed":0.933,"_zoom":12.5},{"_mousePosition":[683,384],"_rootPartCFrame":[763.594,234.491,47.156,0.018,0,1,0,1,0,-1,0,0.018],"_humanoidState":8,"_cameraCFrame":[765.856,248.284,47.305,0.066,-0.981,0.181,0,0.181,0.983,-0.998,-0.065,0.012],"_shiftlockState":false,"_pose":"Standing","_animationQueue":[["climb",0.1],["idle",0.1],["idle",0.1]],"_animationSpeed":1,"_zoom":12.5},{"_mousePosition":[683,384],"_rootPartCFrame":[763.539,234.603,47.153,0.024,0,1,0,1,0,-1,0,0.024],"_humanoidState":5,"_cameraCFrame":[765.801,248.396,47.302,0.066,-0.981,0.181,0,0.181,0.983,-0.998,-0.065,0.012],"_shiftlockState":false,"_pose":"FreeFall","_animationQueue":[["walk",0.1],["fall",0.3]],"_animationSpeed":1,"_zoom":12.5},{"_mousePosition":[683,384],"_rootPartCFrame":[763.416,234.666,47.145,0.031,0,1,0,1,0,-1,0,0.031],"_humanoidState":5,"_cameraCFrame":[765.677,248.459,47.294,0.066,-0.981,0.181,0,0.181,0.983,-0.998,-0.065,0.012],"_shiftlockState":false,"_pose":"FreeFall","_animationQueue":[],"_animationSpeed":1,"_zoom":12.5},{"_mousePosition":[683,384],"_rootPartCFrame":[763.312,234.663,47.138,0.035,0,0.999,0,1,0,-0.999,0,0.035],"_humanoidState":5,"_cameraCFrame":[765.573,248.456,47.292,0.068,-0.981,0.181,0,0.181,0.983,-0.998,-0.067,0.012],"_shiftlockState":false,"_pose":"FreeFall","_animationQueue":[],"_animationSpeed":1,"_zoom":12.5},{"_mousePosition":[683,384],"_rootPartCFrame":[763.269,234.868,47.135,0.036,0,0.999,0,1,0,-0.999,0,0.036],"_humanoidState":7,"_cameraCFrame":[765.531,248.661,47.29,0.068,-0.981,0.181,0,0.181,0.983,-0.998,-0.067,0.012],"_shiftlockState":false,"_pose":"FreeFall","_animationQueue":[["walk",0.1],["fall",0.3],["fall",0.3]],"_animationSpeed":1,"_zoom":12.5},{"_mousePosition":[683,384],"_rootPartCFrame":[763.269,235.01,47.135,0.036,0,0.999,0,1,0,-0.999,0,0.036],"_humanoidState":7,"_cameraCFrame":[765.53,248.803,47.29,0.068,-0.981,0.181,0,0.181,0.983,-0.998,-0.067,0.012],"_shiftlockState":false,"_pose":"FreeFall","_animationQueue":[],"_animationSpeed":1,"_zoom":12.5},{"_mousePosition":[683,384],"_rootPartCFrame":[763.397,235.095,47.144,-0.247,0,0.969,0,1,0,-0.969,0,-0.247],"_humanoidState":8,"_cameraCFrame":[765.659,248.888,47.298,0.068,-0.981,0.181,0,0.181,0.983,-0.998,-0.067,0.012],"_shiftlockState":false,"_pose":"Standing","_animationQueue":[["fall",0.3],["fall",0.3],["idle",0.1]],"_animationSpeed":1,"_zoom":12.5},{"_mousePosition":[683,384],"_rootPartCFrame":[763.655,235.143,47.161,-0.584,0,0.812,0,1,0,-0.812,0,-0.584],"_humanoidState":8,"_cameraCFrame":[765.916,248.935,47.316,0.068,-0.981,0.181,0,0.181,0.983,-0.998,-0.067,0.012],"_shiftlockState":false,"_pose":"Running","_animationQueue":[["walk",0.1]],"_animationSpeed":0.852,"_zoom":12.5},{"_mousePosition":[683,384],"_rootPartCFrame":[763.92,235.169,47.179,-0.822,0,0.57,0,1,0,-0.57,0,-0.822],"_humanoidState":8,"_cameraCFrame":[766.182,248.961,47.328,0.066,-0.981,0.181,0,0.181,0.983,-0.998,-0.065,0.012],"_shiftlockState":false,"_pose":"Running","_animationQueue":[["walk",0.1]],"_animationSpeed":1.098,"_zoom":12.5},{"_mousePosition":[683,384],"_rootPartCFrame":[764.187,235.155,47.198,-0.962,0,0.274,0,1,0,-0.274,0,-0.962],"_humanoidState":8,"_cameraCFrame":[766.45,248.948,47.324,0.056,-0.982,0.181,0,0.181,0.983,-0.998,-0.055,0.01],"_shiftlockState":false,"_pose":"Running","_animationQueue":[],"_animationSpeed":1.098,"_zoom":12.5},{"_mousePosition":[683,384],"_rootPartCFrame":[764.519,235.061,47.22,-0.992,0,-0.13,0,1,0,0.13,0,-0.992],"_humanoidState":8,"_cameraCFrame":[766.887,248.85,45.577,0.046,-0.982,0.183,0,0.183,0.983,-0.999,-0.045,0.008],"_shiftlockState":true,"_pose":"Running","_animationQueue":[],"_animationSpeed":1.098,"_zoom":12.5},{"_mousePosition":[683,384],"_rootPartCFrame":[764.852,236.145,47.243,-0.355,0,0.935,0,1,0,-0.935,0,-0.355],"_humanoidState":3,"_cameraCFrame":[767.22,249.933,45.599,0.046,-0.982,0.183,0,0.183,0.983,-0.999,-0.045,0.008],"_shiftlockState":true,"_pose":"Jumping","_animationQueue":[["walk",0.1],["jump",0.1]],"_animationSpeed":1,"_zoom":12.5},{"_mousePosition":[683,384],"_rootPartCFrame":[765.052,236.756,47.253,-0.108,0,0.994,0,1,0,-0.994,0,-0.108],"_humanoidState":5,"_cameraCFrame":[767.419,250.545,45.609,0.046,-0.982,0.183,0,0.183,0.983,-0.999,-0.045,0.008],"_shiftlockState":true,"_pose":"FreeFall","_animationQueue":[["jump",0.1]],"_animationSpeed":1,"_zoom":12.5},{"_mousePosition":[683,384],"_rootPartCFrame":[765.237,237.337,47.262,-0.003,0,1,0,1,0,-1,0,-0.003],"_humanoidState":5,"_cameraCFrame":[767.604,251.125,45.618,0.046,-0.982,0.183,0,0.183,0.983,-0.999,-0.045,0.008],"_shiftlockState":true,"_pose":"FreeFall","_animationQueue":[],"_animationSpeed":1,"_zoom":12.5},{"_mousePosition":[683,384],"_rootPartCFrame":[765.448,238.064,47.272,0.035,0,0.999,0,1,0,-0.999,0,0.035],"_humanoidState":5,"_cameraCFrame":[767.816,251.852,45.628,0.046,-0.982,0.183,0,0.183,0.983,-0.999,-0.045,0.008],"_shiftlockState":true,"_pose":"FreeFall","_animationQueue":[],"_animationSpeed":1,"_zoom":12.5},{"_mousePosition":[683,384],"_rootPartCFrame":[765.62,238.736,47.28,0.044,0,0.999,0,1,0,-0.999,0,0.044],"_humanoidState":5,"_cameraCFrame":[767.988,252.524,45.636,0.046,-0.982,0.183,0,0.183,0.983,-0.999,-0.045,0.008],"_shiftlockState":true,"_pose":"FreeFall","_animationQueue":[],"_animationSpeed":1,"_zoom":12.5},{"_mousePosition":[683,384],"_rootPartCFrame":[765.753,239.353,47.286,0.045,0,0.999,0,1,0,-0.999,0,0.045],"_humanoidState":5,"_cameraCFrame":[768.121,253.142,45.642,0.046,-0.982,0.183,0,0.183,0.983,-0.999,-0.045,0.008],"_shiftlockState":true,"_pose":"FreeFall","_animationQueue":[],"_animationSpeed":1,"_zoom":12.5},{"_mousePosition":[683,384],"_rootPartCFrame":[765.846,239.917,47.29,0.046,0,0.999,0,1,0,-0.999,0,0.046],"_humanoidState":5,"_cameraCFrame":[768.214,253.705,45.646,0.046,-0.982,0.183,0,0.183,0.983,-0.999,-0.045,0.008],"_shiftlockState":true,"_pose":"FreeFall","_animationQueue":[],"_animationSpeed":1,"_zoom":12.5},{"_mousePosition":[683,384],"_rootPartCFrame":[765.899,240.425,47.293,0.046,0,0.999,0,1,0,-0.999,0,0.046],"_humanoidState":5,"_cameraCFrame":[768.267,254.214,45.649,0.046,-0.982,0.183,0,0.183,0.983,-0.999,-0.045,0.008],"_shiftlockState":true,"_pose":"FreeFall","_animationQueue":[],"_animationSpeed":1,"_zoom":12.5},{"_mousePosition":[683,384],"_rootPartCFrame":[765.913,240.771,47.294,0.046,0,0.999,0,1,0,-0.999,0,0.046],"_humanoidState":5,"_cameraCFrame":[768.28,254.559,45.65,0.046,-0.982,0.183,0,0.183,0.983,-0.999,-0.045,0.008],"_shiftlockState":true,"_pose":"FreeFall","_animationQueue":[],"_animationSpeed":1,"_zoom":12.5},{"_mousePosition":[683,384],"_rootPartCFrame":[765.886,241.279,47.292,0.046,0,0.999,0,1,0,-0.999,0,0.046],"_humanoidState":5,"_cameraCFrame":[768.254,255.067,45.649,0.046,-0.982,0.183,0,0.183,0.983,-0.999,-0.045,0.008],"_shiftlockState":true,"_pose":"FreeFall","_animationQueue":[],"_animationSpeed":1,"_zoom":12.5},{"_mousePosition":[683,384],"_rootPartCFrame":[765.82,241.624,47.29,0.046,0,0.999,0,1,0,-0.999,0,0.046],"_humanoidState":5,"_cameraCFrame":[768.188,255.413,45.646,0.046,-0.982,0.183,0,0.183,0.983,-0.999,-0.045,0.008],"_shiftlockState":true,"_pose":"FreeFall","_animationQueue":[],"_animationSpeed":1,"_zoom":12.5},{"_mousePosition":[683,384],"_rootPartCFrame":[765.745,241.847,47.286,0.046,0,0.999,0,1,0,-0.999,0,0.046],"_humanoidState":5,"_cameraCFrame":[768.112,255.636,45.642,0.046,-0.982,0.183,0,0.183,0.983,-0.999,-0.045,0.008],"_shiftlockState":true,"_pose":"FreeFall","_animationQueue":[],"_animationSpeed":1,"_zoom":12.5},{"_mousePosition":[683,384],"_rootPartCFrame":[765.569,242.151,47.278,0.046,0,0.999,0,1,0,-0.999,0,0.046],"_humanoidState":5,"_cameraCFrame":[767.937,255.939,45.634,0.046,-0.982,0.183,0,0.183,0.983,-0.999,-0.045,0.008],"_shiftlockState":true,"_pose":"FreeFall","_animationQueue":[],"_animationSpeed":1,"_zoom":12.5},{"_mousePosition":[683,384],"_rootPartCFrame":[765.434,242.292,47.272,0.046,0,0.999,0,1,0,-0.999,0,0.046],"_humanoidState":5,"_cameraCFrame":[767.802,256.081,45.628,0.046,-0.982,0.183,0,0.183,0.983,-0.999,-0.045,0.008],"_shiftlockState":true,"_pose":"FreeFall","_animationQueue":[],"_animationSpeed":1,"_zoom":12.5},{"_mousePosition":[683,384],"_rootPartCFrame":[765.159,242.46,47.26,0.046,0,0.999,0,1,0,-0.999,0,0.046],"_humanoidState":5,"_cameraCFrame":[767.527,256.248,45.616,0.046,-0.982,0.183,0,0.183,0.983,-0.999,-0.045,0.008],"_shiftlockState":true,"_pose":"FreeFall","_animationQueue":[],"_animationSpeed":1,"_zoom":12.5},{"_mousePosition":[683,384],"_rootPartCFrame":[764.9,242.532,47.248,0.046,0,0.999,0,1,0,-0.999,0,0.046],"_humanoidState":5,"_cameraCFrame":[767.268,256.321,45.604,0.046,-0.982,0.183,0,0.183,0.983,-0.999,-0.045,0.008],"_shiftlockState":true,"_pose":"FreeFall","_animationQueue":[],"_animationSpeed":1,"_zoom":12.5},{"_mousePosition":[683,384],"_rootPartCFrame":[764.634,242.551,47.236,0.046,0,0.999,0,1,0,-0.999,0,0.046],"_humanoidState":5,"_cameraCFrame":[767.001,256.339,45.592,0.046,-0.982,0.183,0,0.183,0.983,-0.999,-0.045,0.008],"_shiftlockState":true,"_pose":"FreeFall","_animationQueue":[],"_animationSpeed":1,"_zoom":12.5},{"_mousePosition":[683,384],"_rootPartCFrame":[764.434,242.528,47.226,0.046,0,0.999,0,1,0,-0.999,0,0.046],"_humanoidState":5,"_cameraCFrame":[766.802,256.317,45.583,0.046,-0.982,0.183,0,0.183,0.983,-0.999,-0.045,0.008],"_shiftlockState":true,"_pose":"FreeFall","_animationQueue":[],"_animationSpeed":1,"_zoom":12.5},{"_mousePosition":[683,384],"_rootPartCFrame":[764.101,242.423,47.211,0.046,0,0.999,0,1,0,-0.999,0,0.046],"_humanoidState":5,"_cameraCFrame":[766.493,256.207,45.569,0.046,-0.982,0.185,0,0.185,0.983,-0.999,-0.045,0.008],"_shiftlockState":true,"_pose":"FreeFall","_animationQueue":[],"_animationSpeed":1,"_zoom":12.5},{"_mousePosition":[683,384],"_rootPartCFrame":[763.835,242.278,47.199,0.046,0,0.999,0,1,0,-0.999,0,0.046],"_humanoidState":5,"_cameraCFrame":[766.258,256.057,45.57,0.051,-0.981,0.187,0,0.187,0.982,-0.999,-0.05,0.009],"_shiftlockState":true,"_pose":"FreeFall","_animationQueue":[],"_animationSpeed":1,"_zoom":12.5},{"_mousePosition":[683,384],"_rootPartCFrame":[763.568,242.078,47.187,0.05,0,0.999,0,1,0,-0.999,0,0.05],"_humanoidState":5,"_cameraCFrame":[766.028,255.853,45.577,0.058,-0.98,0.189,0,0.189,0.982,-0.998,-0.057,0.011],"_shiftlockState":true,"_pose":"FreeFall","_animationQueue":[],"_animationSpeed":1,"_zoom":12.5},{"_mousePosition":[683,384],"_rootPartCFrame":[763.302,241.824,47.174,0.057,0,0.998,0,1,0,-0.998,0,0.057],"_humanoidState":5,"_cameraCFrame":[765.818,255.589,45.58,0.063,-0.979,0.192,0,0.193,0.981,-0.998,-0.062,0.012],"_shiftlockState":true,"_pose":"FreeFall","_animationQueue":[["fall",0.3]],"_animationSpeed":1,"_zoom":12.5},{"_mousePosition":[683,384],"_rootPartCFrame":[763.036,242.028,47.159,0.063,0,0.998,0,1,0,-0.998,0,0.063],"_humanoidState":7,"_cameraCFrame":[765.671,255.774,45.61,0.078,-0.977,0.2,0,0.2,0.98,-0.997,-0.077,0.016],"_shiftlockState":true,"_pose":"FreeFall","_animationQueue":[["walk",0.1],["fall",0.3],["fall",0.3]],"_animationSpeed":1,"_zoom":12.5},{"_mousePosition":[683,384],"_rootPartCFrame":[762.77,242.303,47.142,0.078,0,0.997,0,1,0,-0.997,0,0.078],"_humanoidState":7,"_cameraCFrame":[765.464,256.04,45.618,0.086,-0.975,0.204,0,0.204,0.979,-0.996,-0.084,0.018],"_shiftlockState":true,"_pose":"FreeFall","_animationQueue":[],"_animationSpeed":1,"_zoom":12.5},{"_mousePosition":[683,384],"_rootPartCFrame":[762.437,242.509,47.116,0.086,0,0.996,0,1,0,-0.996,0,0.086],"_humanoidState":8,"_cameraCFrame":[765.159,256.241,45.601,0.088,-0.975,0.205,0,0.206,0.979,-0.996,-0.087,0.018],"_shiftlockState":true,"_pose":"Running","_animationQueue":[["walk",0.1],["fall",0.3],["walk",0.1]],"_animationSpeed":1.103,"_zoom":12.5},{"_mousePosition":[683,384],"_rootPartCFrame":[762.171,243.382,47.095,0.088,0,0.996,0,1,0,-0.996,0,0.088],"_humanoidState":3,"_cameraCFrame":[764.893,257.114,45.58,0.088,-0.975,0.205,0,0.206,0.979,-0.996,-0.087,0.018],"_shiftlockState":true,"_pose":"Jumping","_animationQueue":[["walk",0.1],["jump",0.1]],"_animationSpeed":1,"_zoom":12.5},{"_mousePosition":[683,384],"_rootPartCFrame":[761.972,244.004,47.078,0.088,0,0.996,0,1,0,-0.996,0,0.088],"_humanoidState":5,"_cameraCFrame":[764.694,257.735,45.563,0.088,-0.975,0.205,0,0.206,0.979,-0.996,-0.087,0.018],"_shiftlockState":true,"_pose":"FreeFall","_animationQueue":[["jump",0.1]],"_animationSpeed":1,"_zoom":12.5},{"_mousePosition":[683,384],"_rootPartCFrame":[761.64,244.972,47.049,0.088,0,0.996,0,1,0,-0.996,0,0.088],"_humanoidState":5,"_cameraCFrame":[764.386,258.698,45.536,0.088,-0.974,0.207,0,0.208,0.978,-0.996,-0.087,0.018],"_shiftlockState":true,"_pose":"FreeFall","_animationQueue":[],"_animationSpeed":1,"_zoom":12.5},{"_mousePosition":[683,384],"_rootPartCFrame":[761.441,245.512,47.031,0.088,0,0.996,0,1,0,-0.996,0,0.088],"_humanoidState":5,"_cameraCFrame":[764.186,259.238,45.518,0.088,-0.974,0.207,0,0.208,0.978,-0.996,-0.087,0.018],"_shiftlockState":true,"_pose":"FreeFall","_animationQueue":[],"_animationSpeed":1,"_zoom":12.5},{"_mousePosition":[683,384],"_rootPartCFrame":[761.175,246.184,47.007,0.088,0,0.996,0,1,0,-0.996,0,0.088],"_humanoidState":5,"_cameraCFrame":[763.921,259.91,45.494,0.088,-0.974,0.207,0,0.208,0.978,-0.996,-0.087,0.018],"_shiftlockState":true,"_pose":"FreeFall","_animationQueue":[],"_animationSpeed":1,"_zoom":12.5},{"_mousePosition":[683,384],"_rootPartCFrame":[760.843,246.947,46.978,0.088,0,0.996,0,1,0,-0.996,0,0.088],"_humanoidState":5,"_cameraCFrame":[763.589,260.674,45.465,0.088,-0.974,0.207,0,0.208,0.978,-0.996,-0.087,0.018],"_shiftlockState":true,"_pose":"FreeFall","_animationQueue":[],"_animationSpeed":1,"_zoom":12.5},{"_mousePosition":[683,384],"_rootPartCFrame":[760.578,247.497,46.954,0.088,0,0.996,0,1,0,-0.996,0,0.088],"_humanoidState":5,"_cameraCFrame":[763.323,261.223,45.441,0.088,-0.974,0.207,0,0.208,0.978,-0.996,-0.087,0.018],"_shiftlockState":true,"_pose":"FreeFall","_animationQueue":[],"_animationSpeed":1,"_zoom":12.5},{"_mousePosition":[683,384],"_rootPartCFrame":[760.312,247.992,46.931,0.088,0,0.996,0,1,0,-0.996,0,0.088],"_humanoidState":5,"_cameraCFrame":[763.058,261.718,45.418,0.088,-0.974,0.207,0,0.208,0.978,-0.996,-0.087,0.018],"_shiftlockState":true,"_pose":"FreeFall","_animationQueue":[],"_animationSpeed":1,"_zoom":12.5},{"_mousePosition":[683,384],"_rootPartCFrame":[760.046,248.432,46.907,0.088,0,0.996,0,1,0,-0.996,0,0.088],"_humanoidState":5,"_cameraCFrame":[762.792,262.159,45.394,0.088,-0.974,0.207,0,0.208,0.978,-0.996,-0.087,0.018],"_shiftlockState":true,"_pose":"FreeFall","_animationQueue":[],"_animationSpeed":1,"_zoom":12.5},{"_mousePosition":[683,384],"_rootPartCFrame":[759.847,248.727,46.889,0.088,0,0.996,0,1,0,-0.996,0,0.088],"_humanoidState":5,"_cameraCFrame":[762.593,262.453,45.376,0.088,-0.974,0.207,0,0.208,0.978,-0.996,-0.087,0.018],"_shiftlockState":true,"_pose":"FreeFall","_animationQueue":[],"_animationSpeed":1,"_zoom":12.5},{"_mousePosition":[683,384],"_rootPartCFrame":[759.582,249.072,46.866,0.088,0,0.996,0,1,0,-0.996,0,0.088],"_humanoidState":5,"_cameraCFrame":[762.327,262.799,45.353,0.088,-0.974,0.207,0,0.208,0.978,-0.996,-0.087,0.018],"_shiftlockState":true,"_pose":"FreeFall","_animationQueue":[],"_animationSpeed":1,"_zoom":12.5},{"_mousePosition":[683,384],"_rootPartCFrame":[759.35,249.403,46.84,0.057,0,0.998,0.004,1,0,-0.998,0.004,0.057],"_humanoidState":5,"_cameraCFrame":[762.095,263.13,45.333,0.088,-0.974,0.207,0,0.208,0.978,-0.996,-0.087,0.018],"_shiftl