[{"_mousePosition":[733,381],"_rootPartCFrame":[776.023,222.7,47.142,0.003,0,1,0,1,0,-1,0,0.003],"_humanoidState":8,"_cameraCFrame":[780.3,244.408,47.172,0.007,-0.978,0.207,0,0.207,0.978,-1,-0.007,0.001],"_shiftlockState":false,"_pose":"Standing","_animationQueue":[],"_animationSpeed":1,"_zoom":20.656},{"_mousePosition":[733,381],"_rootPartCFrame":[775.777,222.7,47.14,0.004,0,1,0,1,0,-1,0,0.004],"_humanoidState":8,"_cameraCFrame":[779.974,244.425,47.169,0.007,-0.979,0.203,0,0.203,0.979,-1,-0.007,0.001],"_shiftlockState":false,"_pose":"Standing","_animationQueue":[],"_animationSpeed":1,"_zoom":20.656},{"_mousePosition":[733,381],"_rootPartCFrame":[775.511,222.7,47.138,0.004,0,1,0,1,0,-1,0,0.004],"_humanoidState":8,"_cameraCFrame":[779.669,244.433,47.156,0.004,-0.98,0.201,0,0.201,0.98,-1,-0.004,0.001],"_shiftlockState":false,"_pose":"Running","_animationQueue":[["walk",0.1]],"_animationSpeed":1.066,"_zoom":20.656},{"_mousePosition":[733,381],"_rootPartCFrame":[775.244,222.7,47.136,0.005,0,1,0,1,0,-1,0,0.005],"_humanoidState":8,"_cameraCFrame":[779.323,244.449,47.144,0.002,-0.98,0.197,0,0.197,0.98,-1,-0.002,0],"_shiftlockState":false,"_pose":"Running","_animationQueue":[],"_animationSpeed":1.066,"_zoom":20.656},{"_mousePosition":[733,381],"_rootPartCFrame":[774.978,222.7,47.135,0.005,0,1,0,1,0,-1,0,0.005],"_humanoidState":8,"_cameraCFrame":[779.017,244.457,47.142,0.002,-0.981,0.196,0,0.196,0.981,-1,-0.002,0],"_shiftlockState":false,"_pose":"Running","_animationQueue":[],"_animationSpeed":1.066,"_zoom":20.656},{"_mousePosition":[733,381],"_rootPartCFrame":[774.711,222.7,47.135,0.004,0,1,0,1,0,-1,0,0.004],"_humanoidState":8,"_cameraCFrame":[778.751,244.457,47.142,0.002,-0.981,0.196,0,0.196,0.981,-1,-0.002,0],"_shiftlockState":false,"_pose":"Running","_animationQueue":[],"_animationSpeed":1.066,"_zoom":20.656},{"_mousePosition":[733,381],"_rootPartCFrame":[774.444,222.7,47.134,0.004,0,1,0,1,0,-1,0,0.004],"_humanoidState":8,"_cameraCFrame":[778.484,244.457,47.141,0.002,-0.981,0.196,0,0.196,0.981,-1,-0.002,0],"_shiftlockState":false,"_pose":"Running","_animationQueue":[["walk",0.1]],"_animationSpeed":1.066,"_zoom":20.656},{"_mousePosition":[733,381],"_rootPartCFrame":[774.177,222.7,47.134,0.004,0,1,0,1,0,-1,0,0.004],"_humanoidState":8,"_cameraCFrame":[778.217,244.457,47.141,0.002,-0.981,0.196,0,0.196,0.981,-1,-0.002,0],"_shiftlockState":false,"_pose":"Running","_animationQueue":[],"_animationSpeed":1.066,"_zoom":20.656},{"_mousePosition":[733,381],"_rootPartCFrame":[773.911,222.7,47.133,0.003,0,1,0,1,0,-1,0,0.003],"_humanoidState":8,"_cameraCFrame":[777.95,244.457,47.14,0.002,-0.981,0.196,0,0.196,0.981,-1,-0.002,0],"_shiftlockState":false,"_pose":"Running","_animationQueue":[],"_animationSpeed":1.066,"_zoom":20.656},{"_mousePosition":[733,381],"_rootPartCFrame":[773.644,222.7,47.133,0.003,0,1,0,1,0,-1,0,0.003],"_humanoidState":8,"_cameraCFrame":[777.684,244.457,47.14,0.002,-0.981,0.196,0,0.196,0.981,-1,-0.002,0],"_shiftlockState":false,"_pose":"Running","_animationQueue":[],"_animationSpeed":1.066,"_zoom":20.656},{"_mousePosition":[733,381],"_rootPartCFrame":[773.377,222.7,47.132,0.003,0,1,0,1,0,-1,0,0.003],"_humanoidState":8,"_cameraCFrame":[777.417,244.457,47.139,0.002,-0.981,0.196,0,0.196,0.981,-1,-0.002,0],"_shiftlockState":false,"_pose":"Running","_animationQueue":[],"_animationSpeed":1.066,"_zoom":20.656},{"_mousePosition":[733,381],"_rootPartCFrame":[773.111,222.7,47.132,0.003,0,1,0,1,0,-1,0,0.003],"_humanoidState":8,"_cameraCFrame":[777.15,244.457,47.139,0.002,-0.981,0.196,0,0.196,0.981,-1,-0.002,0],"_shiftlockState":false,"_pose":"Running","_animationQueue":[],"_animationSpeed":1.066,"_zoom":20.656},{"_mousePosition":[733,381],"_rootPartCFrame":[772.844,222.7,47.131,0.003,0,1,0,1,0,-1,0,0.003],"_humanoidState":8,"_cameraCFrame":[776.883,244.457,47.139,0.002,-0.981,0.196,0,0.196,0.981,-1,-0.002,0],"_shiftlockState":false,"_pose":"Running","_animationQueue":[],"_animationSpeed":1.066,"_zoom":20.656},{"_mousePosition":[733,381],"_rootPartCFrame":[772.577,222.7,47.131,0.003,0,1,0,1,0,-1,0,0.003],"_humanoidState":8,"_cameraCFrame":[776.617,244.457,47.138,0.002,-0.981,0.196,0,0.196,0.981,-1,-0.002,0],"_shiftlockState":false,"_pose":"Running","_animationQueue":[["walk",0.1]],"_animationSpeed":1.066,"_zoom":20.656},{"_mousePosition":[733,381],"_rootPartCFrame":[772.31,222.7,47.13,0.002,0,1,0,1,0,-1,0,0.002],"_humanoidState":8,"_cameraCFrame":[776.35,244.457,47.138,0.002,-0.981,0.196,0,0.196,0.981,-1,-0.002,0],"_shiftlockState":false,"_pose":"Running","_animationQueue":[],"_animationSpeed":1.066,"_zoom":20.656},{"_mousePosition":[733,381],"_rootPartCFrame":[772.044,222.7,47.13,0.002,0,1,0,1,0,-1,0,0.002],"_humanoidState":8,"_cameraCFrame":[776.083,244.457,47.137,0.002,-0.981,0.196,0,0.196,0.981,-1,-0.002,0],"_shiftlockState":false,"_pose":"Running","_animationQueue":[],"_animationSpeed":1.066,"_zoom":20.656},{"_mousePosition":[733,381],"_rootPartCFrame":[771.777,222.7,47.129,0.002,0,1,0,1,0,-1,0,0.002],"_humanoidState":8,"_cameraCFrame":[775.817,244.457,47.137,0.002,-0.981,0.196,0,0.196,0.981,-1,-0.002,0],"_shiftlockState":false,"_pose":"Running","_animationQueue":[],"_animationSpeed":1.066,"_zoom":20.656},{"_mousePosition":[733,381],"_rootPartCFrame":[771.51,223.573,47.129,0.002,0,1,0,1,0,-1,0,0.002],"_humanoidState":3,"_cameraCFrame":[775.55,245.33,47.136,0.002,-0.981,0.196,0,0.196,0.981,-1,-0.002,0],"_shiftlockState":false,"_pose":"Jumping","_animationQueue":[["walk",0.1],["jump",0.1]],"_animationSpeed":1,"_zoom":20.656},{"_mousePosition":[733,381],"_rootPartCFrame":[771.244,224.395,47.128,0.002,0,1,0,1,0,-1,0,0.002],"_humanoidState":5,"_cameraCFrame":[775.283,246.152,47.136,0.002,-0.981,0.196,0,0.196,0.981,-1,-0.002,0],"_shiftlockState":false,"_pose":"FreeFall","_animationQueue":[["jump",0.1]],"_animationSpeed":1,"_zoom":20.656},{"_mousePosition":[733,381],"_rootPartCFrame":[770.977,225.162,47.128,0.002,0,1,0,1,0,-1,0,0.002],"_humanoidState":5,"_cameraCFrame":[775.017,246.919,47.135,0.002,-0.981,0.196,0,0.196,0.981,-1,-0.002,0],"_shiftlockState":false,"_pose":"FreeFall","_animationQueue":[],"_animationSpeed":1,"_zoom":20.656},{"_mousePosition":[733,381],"_rootPartCFrame":[770.711,225.875,47.128,0.002,0,1,0,1,0,-1,0,0.002],"_humanoidState":5,"_cameraCFrame":[774.75,247.632,47.135,0.002,-0.981,0.196,0,0.196,0.981,-1,-0.002,0],"_shiftlockState":false,"_pose":"FreeFall","_animationQueue":[],"_animationSpeed":1,"_zoom":20.656},{"_mousePosition":[733,381],"_rootPartCFrame":[770.444,226.534,47.127,0.002,0,1,0,1,0,-1,0,0.002],"_humanoidState":5,"_cameraCFrame":[774.484,248.291,47.134,0.002,-0.981,0.196,0,0.196,0.981,-1,-0.002,0],"_shiftlockState":false,"_pose":"FreeFall","_animationQueue":[],"_animationSpeed":1,"_zoom":20.656},{"_mousePosition":[733,381],"_rootPartCFrame":[770.177,227.138,47.127,0.002,0,1,0,1,0,-1,0,0.002],"_humanoidState":5,"_cameraCFrame":[774.217,248.895,47.134,0.002,-0.981,0.196,0,0.196,0.981,-1,-0.002,0],"_shiftlockState":false,"_pose":"FreeFall","_animationQueue":[],"_animationSpeed":1,"_zoom":20.656},{"_mousePosition":[733,381],"_rootPartCFrame":[769.911,227.687,47.126,0.002,0,1,0,1,0,-1,0,0.002],"_humanoidState":5,"_cameraCFrame":[773.95,249.445,47.133,0.002,-0.981,0.196,0,0.196,0.981,-1,-0.002,0],"_shiftlockState":false,"_pose":"FreeFall","_animationQueue":[],"_animationSpeed":1,"_zoom":20.656},{"_mousePosition":[733,381],"_rootPartCFrame":[769.644,228.182,47.126,0.002,0,1,0,1,0,-1,0,0.002],"_humanoidState":5,"_cameraCFrame":[773.684,249.94,47.133,0.002,-0.981,0.196,0,0.196,0.981,-1,-0.002,0],"_shiftlockState":false,"_pose":"FreeFall","_animationQueue":[],"_animationSpeed":1,"_zoom":20.656},{"_mousePosition":[733,381],"_rootPartCFrame":[769.378,228.623,47.125,0.002,0,1,0,1,0,-1,0,0.002],"_humanoidState":5,"_cameraCFrame":[773.417,250.38,47.132,0.002,-0.981,0.196,0,0.196,0.981,-1,-0.002,0],"_shiftlockState":false,"_pose":"FreeFall","_animationQueue":[],"_animationSpeed":1,"_zoom":20.656},{"_mousePosition":[733,381],"_rootPartCFrame":[769.111,229.009,47.125,0.002,0,1,0,1,0,-1,0,0.002],"_humanoidState":5,"_cameraCFrame":[773.151,250.766,47.132,0.002,-0.981,0.196,0,0.196,0.981,-1,-0.002,0],"_shiftlockState":false,"_pose":"FreeFall","_animationQueue":[],"_animationSpeed":1,"_zoom":20.656},{"_mousePosition":[733,381],"_rootPartCFrame":[768.844,229.34,47.124,0.002,0,1,0,1,0,-1,0,0.002],"_humanoidState":5,"_cameraCFrame":[772.884,251.098,47.131,0.002,-0.981,0.196,0,0.196,0.981,-1,-0.002,0],"_shiftlockState":false,"_pose":"FreeFall","_animationQueue":[],"_animationSpeed":1,"_zoom":20.656},{"_mousePosition":[733,381],"_rootPartCFrame":[768.578,229.617,47.124,0.002,0,1,0,1,0,-1,0,0.002],"_humanoidState":5,"_cameraCFrame":[772.617,251.375,47.131,0.002,-0.981,0.196,0,0.196,0.981,-1,-0.002,0],"_shiftlockState":false,"_pose":"FreeFall","_animationQueue":[],"_animationSpeed":1,"_zoom":20.656},{"_mousePosition":[733,381],"_rootPartCFrame":[768.311,229.84,47.123,0.002,0,1,0,1,0,-1,0,0.002],"_humanoidState":5,"_cameraCFrame":[772.351,251.597,47.13,0.002,-0.981,0.196,0,0.196,0.981,-1,-0.002,0],"_shiftlockState":false,"_pose":"FreeFall","_animationQueue":[],"_animationSpeed":1,"_zoom":20.656},{"_mousePosition":[733,381],"_rootPartCFrame":[768.044,230.008,47.123,0.002,0,1,0,1,0,-1,0,0.002],"_humanoidState":5,"_cameraCFrame":[772.084,251.765,47.13,0.002,-0.981,0.196,0,0.196,0.981,-1,-0.002,0],"_shiftlockState":false,"_pose":"FreeFall","_animationQueue":[],"_animationSpeed":1,"_zoom":20.656},{"_mousePosition":[733,381],"_rootPartCFrame":[767.778,230.122,47.122,0.002,0,1,0,1,0,-1,0,0.002],"_humanoidState":5,"_cameraCFrame":[771.818,251.879,47.13,0.002,-0.981,0.196,0,0.196,0.981,-1,-0.002,0],"_shiftlockState":false,"_pose":"FreeFall","_animationQueue":[],"_animationSpeed":1,"_zoom":20.656},{"_mousePosition":[733,381],"_rootPartCFrame":[767.511,230.181,47.122,0.002,0,1,0,1,0,-1,0,0.002],"_humanoidState":5,"_cameraCFrame":[771.551,251.938,47.129,0.002,-0.981,0.196,0,0.196,0.981,-1,-0.002,0],"_shiftlockState":false,"_pose":"FreeFall","_animationQueue":[],"_animationSpeed":1,"_zoom":20.656},{"_mousePosition":[733,381],"_rootPartCFrame":[767.245,230.185,47.121,0.002,0,1,0,1,0,-1,0,0.002],"_humanoidState":5,"_cameraCFrame":[771.245,251.95,47.118,-0.001,-0.981,0.194,0,0.194,0.981,-1,0.001,0],"_shiftlockState":false,"_pose":"FreeFall","_animationQueue":[["fall",0.3]],"_animationSpeed":1,"_zoom":20.656},{"_mousePosition":[733,381],"_rootPartCFrame":[766.978,230.135,47.121,0.002,0,1,0,1,0,-1,0,0.002],"_humanoidState":5,"_cameraCFrame":[770.978,251.9,47.118,-0.001,-0.981,0.194,0,0.194,0.981,-1,0.001,0],"_shiftlockState":false,"_pose":"FreeFall","_animationQueue":[],"_animationSpeed":1,"_zoom":20.656},{"_mousePosition":[733,381],"_rootPartCFrame":[766.711,230.031,47.121,0.002,0,1,0,1,0,-1,0,0.002],"_humanoidState":5,"_cameraCFrame":[770.751,251.788,47.118,-0.001,-0.981,0.196,0,0.196,0.981,-1,0.001,0],"_shiftlockState":false,"_pose":"FreeFall","_animationQueue":[],"_animationSpeed":1,"_zoom":20.656},{"_mousePosition":[733,381],"_rootPartCFrame":[766.445,229.872,47.121,0.001,0,1,0,1,0,-1,0,0.001],"_humanoidState":5,"_cameraCFrame":[770.524,251.621,47.118,-0.001,-0.98,0.197,0,0.197,0.98,-1,0.001,0],"_shiftlockState":false,"_pose":"FreeFall","_animationQueue":[],"_animationSpeed":1,"_zoom":20.656},{"_mousePosition":[733,381],"_rootPartCFrame":[766.178,229.658,47.121,0.001,0,1,0,1,0,-1,0,0.001],"_humanoidState":5,"_cameraCFrame":[770.336,251.391,47.118,-0.001,-0.98,0.201,0,0.201,0.98,-1,0.001,0],"_shiftlockState":false,"_pose":"FreeFall","_animationQueue":[],"_animationSpeed":1,"_zoom":20.656},{"_mousePosition":[733,381],"_rootPartCFrame":[765.912,229.39,47.122,0.001,0,1,0,1,0,-1,0,0.001],"_humanoidState":5,"_cameraCFrame":[770.07,251.123,47.118,-0.001,-0.98,0.201,0,0.201,0.98,-1,0.001,0],"_shiftlockState":false,"_pose":"FreeFall","_animationQueue":[],"_animationSpeed":1,"_zoom":20.656},{"_mousePosition":[733,381],"_rootPartCFrame":[765.645,229.068,47.122,0.001,0,1,0,1,0,-1,0,0.001],"_humanoidState":5,"_cameraCFrame":[769.843,250.793,47.119,-0.001,-0.979,0.203,0,0.203,0.979,-1,0.001,0],"_shiftlockState":false,"_pose":"FreeFall","_animationQueue":[],"_animationSpeed":1,"_zoom":20.656},{"_mousePosition":[733,381],"_rootPartCFrame":[765.378,228.691,47.122,0,0,1,0,1,0,-1,0,0],"_humanoidState":5,"_cameraCFrame":[769.576,250.416,47.119,-0.001,-0.979,0.203,0,0.203,0.979,-1,0.001,0],"_shiftlockState":false,"_pose":"FreeFall","_animationQueue":[["fall",0.3]],"_animationSpeed":1,"_zoom":20.656},{"_mousePosition":[733,381],"_rootPartCFrame":[765.112,228.259,47.122,0,0,1,0,1,0,-1,0,0],"_humanoidState":5,"_cameraCFrame":[769.309,249.984,47.119,-0.001,-0.979,0.203,0,0.203,0.979,-1,0.001,0],"_shiftlockState":false,"_pose":"FreeFall","_animationQueue":[],"_animationSpeed":1,"_zoom":20.656},{"_mousePosition":[733,381],"_rootPartCFrame":[764.845,227.773,47.122,0,0,1,0,1,0,-1,0,0],"_humanoidState":5,"_cameraCFrame":[769.043,249.498,47.119,-0.001,-0.979,0.203,0,0.203,0.979,-1,0.001,0],"_shiftlockState":false,"_pose":"FreeFall","_animationQueue":[],"_animationSpeed":1,"_zoom":20.656},{"_mousePosition":[733,381],"_rootPartCFrame":[764.579,227.233,47.123,0,0,1,0,1,0,-1,0,0],"_humanoidState":5,"_cameraCFrame":[768.776,248.958,47.119,-0.001,-0.979,0.203,0,0.203,0.979,-1,0.001,0],"_shiftlockState":false,"_pose":"FreeFall","_animationQueue":[],"_animationSpeed":1,"_zoom":20.656},{"_mousePosition":[733,381],"_rootPartCFrame":[764.312,226.638,47.123,0,0,1,0,1,0,-1,0,0],"_humanoidState":5,"_cameraCFrame":[768.51,248.363,47.12,-0.001,-0.979,0.203,0,0.203,0.979,-1,0.001,0],"_shiftlockState":false,"_pose":"FreeFall","_animationQueue":[],"_animationSpeed":1,"_zoom":20.656},{"_mousePosition":[733,381],"_rootPartCFrame":[764.045,225.988,47.123,0,0,1,0,1,0,-1,0,0],"_humanoidState":5,"_cameraCFrame":[768.243,247.713,47.12,-0.001,-0.979,0.203,0,0.203,0.979,-1,0.001,0],"_shiftlockState":false,"_pose":"FreeFall","_animationQueue":[],"_animationSpeed":1,"_zoom":20.656},{"_mousePosition":[733,381],"_rootPartCFrame":[763.779,225.284,47.123,0,0,1,0,1,0,-1,0,0],"_humanoidState":5,"_cameraCFrame":[767.976,247.009,47.12,-0.001,-0.979,0.203,0,0.203,0.979,-1,0.001,0],"_shiftlockState":false,"_pose":"FreeFall","_animationQueue":[],"_animationSpeed":1,"_zoom":20.656},{"_mousePosition":[733,381],"_rootPartCFrame":[763.512,224.526,47.123,0,0,1,0,1,0,-1,0,0],"_humanoidState":5,"_cameraCFrame":[767.71,246.251,47.12,-0.001,-0.979,0.203,0,0.203,0.979,-1,0.001,0],"_shiftlockState":false,"_pose":"FreeFall","_animationQueue":[["fall",0.3]],"_animationSpeed":1,"_zoom":20.656},{"_mousePosition":[733,381],"_rootPartCFrame":[763.246,223.713,47.124,0,0,1,0,1,0,-1,0,0],"_humanoidState":5,"_cameraCFrame":[767.443,245.438,47.12,-0.001,-0.979,0.203,0,0.203,0.979,-1,0.001,0],"_shiftlockState":false,"_pose":"FreeFall","_animationQueue":[],"_animationSpeed":1,"_zoom":20.656},{"_mousePosition":[733,381],"_rootPartCFrame":[762.979,222.845,47.124,0,0,1,0,1,0,-1,0,0],"_humanoidState":5,"_cameraCFrame":[767.177,244.57,47.121,-0.001,-0.979,0.203,0,0.203,0.979,-1,0.001,0],"_shiftlockState":false,"_pose":"FreeFall","_animationQueue":[],"_animationSpeed":1,"_zoom":20.656},{"_mousePosition":[733,381],"_rootPartCFrame":[762.712,222.228,47.124,-0.001,0,1,0,1,0,-1,0,-0.001],"_humanoidState":7,"_cameraCFrame":[766.91,243.953,47.121,-0.001,-0.979,0.203,0,0.203,0.979,-1,0.001,0],"_shiftlockState":false,"_pose":"FreeFall","_animationQueue":[["walk",0.1],["fall",0.3],["fall",0.3]],"_animationSpeed":1,"_zoom":20.656},{"_mousePosition":[733,381],"_rootPartCFrame":[762.446,222.283,47.124,-0.001,0,1,0,1,0,-1,0,-0.001],"_humanoidState":7,"_cameraCFrame":[766.643,244.008,47.121,-0.001,-0.979,0.203,0,0.203,0.979,-1,0.001,0],"_shiftlockState":false,"_pose":"FreeFall","_animationQueue":[],"_animationSpeed":1,"_zoom":20.656},{"_mousePosition":[733,381],"_rootPartCFrame":[762.112,222.415,47.124,-0.001,0,1,0,1,0,-1,0,-0.001],"_humanoidState":8,"_cameraCFrame":[766.31,244.14,47.121,-0.001,-0.979,0.203,0,0.203,0.979,-1,0.001,0],"_shiftlockState":false,"_pose":"Running","_animationQueue":[["walk",0.1],["fall",0.3],["walk",0.1]],"_animationSpeed":1.103,"_zoom":20.656},{"_mousePosition":[733,381],"_rootPartCFrame":[761.846,223.288,47.125,-0.001,0,1,0,1,0,-1,0,-0.001],"_humanoidState":3,"_cameraCFrame":[766.043,245.013,47.121,-0.001,-0.979,0.203,0,0.203,0.979,-1,0.001,0],"_shiftlockState":false,"_pose":"Jumping","_animationQueue":[["walk",0.1],["walk",0.1],["jump",0.1]],"_animationSpeed":1,"_zoom":20.656},{"_mousePosition":[733,381],"_rootPartCFrame":[761.579,224.11,47.125,-0.001,0,1,0,1,0,-1,0,-0.001],"_humanoidState":5,"_cameraCFrame":[765.777,245.835,47.122,-0.001,-0.979,0.203,0,0.203,0.979,-1,0.001,0],"_shiftlockState":false,"_pose":"FreeFall","_animationQueue":[["jump",0.1]],"_animationSpeed":1,"_zoom":20.656},{"_mousePosition":[733,381],"_rootPartCFrame":[761.313,224.878,47.125,-0.001,0,1,0,1,0,-1,0,-0.001],"_humanoidState":5,"_cameraCFrame":[765.51,246.603,47.122,-0.001,-0.979,0.203,0,0.203,0.979,-1,0.001,0],"_shiftlockState":false,"_pose":"FreeFall","_animationQueue":[],"_animationSpeed":1,"_zoom":20.656},{"_mousePosition":[733,381],"_rootPartCFrame":[761.046,225.591,47.125,-0.001,0,1,0,1,0,-1,0,-0.001],"_humanoidState":5,"_cameraCFrame":[765.244,247.316,47.122,-0.001,-0.979,0.203,0,0.203,0.979,-1,0.001,0],"_shiftlockState":false,"_pose":"FreeFall","_animationQueue":[],"_animationSpeed":1,"_zoom":20.656},{"_mousePosition":[733,381],"_rootPartCFrame":[760.779,226.249,47.125,-0.001,0,1,0,1,0,-1,0,-0.001],"_humanoidState":5,"_cameraCFrame":[764.977,247.975,47.122,-0.001,-0.979,0.203,0,0.203,0.979,-1,0.001,0],"_shiftlockState":false,"_pose":"FreeFall","_animationQueue":[],"_animationSpeed":1,"_zoom":20.656},{"_mousePosition":[733,381],"_rootPartCFrame":[760.513,226.853,47.126,-0.001,0,1,0,1,0,-1,0,-0.001],"_humanoidState":5,"_cameraCFrame":[764.71,248.579,47.122,-0.001,-0.979,0.203,0,0.203,0.979,-1,0.001,0],"_shiftlockState":false,"_pose":"FreeFall","_animationQueue":[],"_animationSpeed":1,"_zoom":20.656},{"_mousePosition":[733,381],"_rootPartCFrame":[760.246,227.403,47.126,-0.001,0,1,0,1,0,-1,0,-0.001],"_humanoidState":5,"_cameraCFrame":[764.444,249.128,47.123,-0.001,-0.979,0.203,0,0.203,0.979,-1,0.001,0],"_shiftlockState":false,"_pose":"FreeFall","_animationQueue":[],"_animationSpeed":1,"_zoom":20.656},{"_mousePosition":[733,381],"_rootPartCFrame":[759.98,227.898,47.126,-0.001,0,1,0,1,0,-1,0,-0.001],"_humanoidState":5,"_cameraCFrame":[764.177,249.623,47.123,-0.001,-0.979,0.203,0,0.203,0.979,-1,0.001,0],"_shiftlockState":false,"_pose":"FreeFall","_animationQueue":[],"_animationSpeed":1,"_zoom":20.656},{"_mousePosition":[733,381],"_rootPartCFrame":[759.713,228.339,47.126,-0.001,0,1,0,1,0,-1,0,-0.001],"_humanoidState":5,"_cameraCFrame":[763.911,250.064,47.123,-0.001,-0.979,0.203,0,0.203,0.979,-1,0.001,0],"_shiftlockState":false,"_pose":"FreeFall","_animationQueue":[],"_animationSpeed":1,"_zoom":20.656},{"_mousePosition":[733,381],"_rootPartCFrame":[759.446,228.725,47.126,-0.001,0,1,0,1,0,-1,0,-0.001],"_humanoidState":5,"_cameraCFrame":[763.644,250.45,47.123,-0.001,-0.979,0.203,0,0.203,0.979,-1,0.001,0],"_shiftlockState":false,"_pose":"FreeFall","_animationQueue":[],"_animationSpeed":1,"_zoom":20.656},{"_mousePosition":[733,381],"_rootPartCFrame":[759.18,229.056,47.127,-0.001,0,1,0,1,0,-1,0,-0.001],"_humanoidState":5,"_cameraCFrame":[763.377,250.781,47.123,-0.001,-0.979,0.203,0,0.203,0.979,-1,0.001,0],"_shiftlockState":false,"_pose":"FreeFall","_animationQueue":[],"_animationSpeed":1,"_zoom":20.656},{"_mousePosition":[733,381],"_rootPartCFrame":[758.913,229.333,47.127,-0.001,0,1,0,1,0,-1,0,-0.001],"_humanoidState":5,"_cameraCFrame":[763.111,251.058,47.124,-0.001,-0.979,0.203,0,0.203,0.979,-1,0.001,0],"_shiftlockState":false,"_pose":"FreeFall","_animationQueue":[],"_animationSpeed":1,"_zoom":20.656},{"_mousePosition":[733,381],"_rootPartCFrame":[758.647,229.556,47.127,-0.001,0,1,0,1,0,-1,0,-0.001],"_humanoidState":5,"_cameraCFrame":[762.844,251.281,47.124,-0.001,-0.979,0.203,0,0.203,0.979,-1,0.001,0],"_shiftlockState":false,"_pose":"FreeFall","_animationQueue":[],"_animationSpeed":1,"_zoom":20.656},{"_mousePosition":[733,381],"_rootPartCFrame":[758.38,229.724,47.127,-0.001,0,1,0,1,0,-1,0,-0.001],"_humanoidState":5,"_cameraCFrame":[762.578,251.449,47.124,-0.001,-0.979,0.203,0,0.203,0.979,-1,0.001,0],"_shiftlockState":false,"_pose":"FreeFall","_animationQueue":[],"_animationSpeed":1,"_zoom":20.656},{"_mousePosition":[733,381],"_rootPartCFrame":[758.113,229.837,47.127,-0.001,0,1,0,1,0,-1,0,-0.001],"_humanoidState":5,"_cameraCFrame":[762.311,251.562,47.124,-0.001,-0.979,0.203,0,0.203,0.979,-1,0.001,0],"_shiftlockState":false,"_pose":"FreeFall","_animationQueue":[],"_animationSpeed":1,"_zoom":20.656},{"_mousePosition":[733,381],"_rootPartCFrame":[757.847,229.896,47.128,-0.001,0,1,0,1,0,-1,0,-0.001],"_humanoidState":5,"_cameraCFrame":[762.044,251.621,47.124,-0.001,-0.979,0.203,0,0.203,0.979,-1,0.001,0],"_shiftlockState":false,"_pose":"FreeFall","_animationQueue":[],"_animationSpeed":1,"_zoom":20.656},{"_mousePosition":[733,381],"_rootPartCFrame":[757.58,229.901,47.128,-0.001,0,1,0,1,0,-1,0,-0.001],"_humanoidState":5,"_cameraCFrame":[761.778,251.626,47.125,-0.001,-0.979,0.203,0,0.203,0.979,-1,0.001,0],"_shiftlockState":false,"_pose":"FreeFall","_animationQueue":[],"_animationSpeed":1,"_zoom":20.656},{"_mousePosition":[733,381],"_rootPartCFrame":[757.314,229.851,47.128,-0.001,0,1,0,1,0,-1,0,-0.001],"_humanoidState":5,"_cameraCFrame":[761.511,251.576,47.125,-0.001,-0.979,0.203,0,0.203,0.979,-1,0.001,0],"_shiftlockState":false,"_pose":"FreeFall","_animationQueue":[],"_animationSpeed":1,"_zoom":20.656},{"_mousePosition":[733,381],"_rootPartCFrame":[757.047,229.746,47.128,-0.001,0,1,0,1,0,-1,0,-0.001],"_humanoidState":5,"_cameraCFrame":[761.245,251.471,47.125,-0.001,-0.979,0.203,0,0.203,0.979,-1,0.001,0],"_shiftlockState":false,"_pose":"FreeFall","_animationQueue":[],"_animationSpeed":1,"_zoom":20.656},{"_mousePosition":[733,381],"_rootPartCFrame":[756.78,229.587,47.128,-0.001,0,1,0,1,0,-1,0,-0.001],"_humanoidState":5,"_cameraCFrame":[760.978,251.312,47.125,-0.001,-0.979,0.203,0,0.203,0.979,-1,0.001,0],"_shiftlockState":false,"_pose":"FreeFall","_animationQueue":[],"_animationSpeed":1,"_zoom":20.656},{"_mousePosition":[733,381],"_rootPartCFrame":[756.514,229.374,47.129,-0.001,0,1,0,1,0,-1,0,-0.001],"_humanoidState":5,"_cameraCFrame":[760.711,251.099,47.125,-0.001,-0.979,0.203,0,0.203,0.979,-1,0.001,0],"_shiftlockState":false,"_pose":"FreeFall","_animationQueue":[["fall",0.3]],"_animationSpeed":1,"_zoom":20.656},{"_mousePosition":[733,381],"_rootPartCFrame":[756.247,229.106,47.129,-0.001,0,1,0,1,0,-1,0,-0.001],"_humanoidState":5,"_cameraCFrame":[760.445,250.831,47.126,-0.001,-0.979,0.203,0,0.203,0.979,-1,0.001,0],"_shiftlockState":false,"_pose":"FreeFall","_animationQueue":[],"_animationSpeed":1,"_zoom":20.656},{"_mousePosition":[733,381],"_rootPartCFrame":[755.981,228.783,47.129,-0.001,0,1,0,1,0,-1,0,-0.001],"_humanoidState":5,"_cameraCFrame":[760.178,250.508,47.126,-0.001,-0.979,0.203,0,0.203,0.979,-1,0.001,0],"_shiftlockState":false,"_pose":"FreeFall","_animationQueue":[],"_animationSpeed":1,"_zoom":20.656},{"_mousePosition":[733,381],"_rootPartCFrame":[755.714,228.406,47.129,-0.001,0,1,0,1,0,-1,0,-0.001],"_humanoidState":5,"_cameraCFrame":[759.911,250.131,47.126,-0.001,-0.979,0.203,0,0.203,0.979,-1,0.001,0],"_shiftlockState":false,"_pose":"FreeFall","_animationQueue":[],"_animationSpeed":1,"_zoom":20.656},{"_mousePosition":[733,381],"_rootPartCFrame":[755.447,227.975,47.129,-0.001,0,1,0,1,0,-1,0,-0.001],"_humanoidState":5,"_cameraCFrame":[759.645,249.7,47.126,-0.001,-0.979,0.203,0,0.203,0.979,-1,0.001,0],"_shiftlockState":false,"_pose":"FreeFall","_animationQueue":[],"_animationSpeed":1,"_zoom":20.656},{"_mousePosition":[733,381],"_rootPartCFrame":[755.181,227.489,47.13,-0.001,0,1,0,1,0,-1,0,-0.001],"_humanoidState":5,"_cameraCFrame":[759.378,249.214,47.126,-0.001,-0.979,0.203,0,0.203,0.979,-1,0.001,0],"_shiftlockState":false,"_pose":"FreeFall","_animationQueue":[],"_animationSpeed":1,"_zoom":20.656},{"_mousePosition":[733,381],"_rootPartCFrame":[754.914,226.948,47.13,-0.001,0,1,0,1,0,-1,0,-0.001],"_humanoidState":5,"_cameraCFrame":[759.112,248.673,47.127,-0.001,-0.979,0.203,0,0.203,0.979,-1,0.001,0],"_shiftlockState":false,"_pose":"FreeFall","_animationQueue":[["fall",0.3]],"_animationSpeed":1,"_zoom":20.656},{"_mousePosition":[733,381],"_rootPartCFrame":[754.648,226.353,47.13,-0.001,0,1,0,1,0,-1,0,-0.001],"_humanoidState":5,"_cameraCFrame":[758.845,248.078,47.127,-0.001,-0.979,0.203,0,0.203,0.979,-1,0.001,0],"_shiftlockState":false,"_pose":"FreeFall","_animationQueue":[],"_animationSpeed":1,"_zoom":20.656},{"_mousePosition":[733,381],"_rootPartCFrame":[754.381,225.704,47.13,-0.001,0,1,0,1,0,-1,0,-0.001],"_humanoidState":5,"_cameraCFrame":[758.578,247.429,47.127,-0.001,-0.979,0.203,0,0.203,0.979,-1,0.001,0],"_shiftlockState":false,"_pose":"FreeFall","_animationQueue":[],"_animationSpeed":1,"_zoom":20.656},{"_mousePosition":[733,381],"_rootPartCFrame":[754.114,225,47.13,-0.001,0,1,0,1,0,-1,0,-0.001],"_humanoidState":5,"_cameraCFrame":[758.312,246.725,47.127,-0.001,-0.979,0.203,0,0.203,0.979,-1,0.001,0],"_shiftlockState":false,"_pose":"FreeFall","_animationQueue":[],"_animationSpeed":1,"_zoom":20.656},{"_mousePosition":[733,381],"_rootPartCFrame":[753.848,224.241,47.131,-0.001,0,1,0,1,0,-1,0,-0.001],"_humanoidState":5,"_cameraCFrame":[758.045,245.967,47.127,-0.001,-0.979,0.203,0,0.203,0.979,-1,0.001,0],"_shiftlockState":false,"_pose":"FreeFall","_animationQueue":[],"_animationSpeed":1,"_zoom":20.656},{"_mousePosition":[733,381],"_rootPartCFrame":[753.581,223.429,47.131,-0.001,0,1,0,1,0,-1,0,-0.001],"_humanoidState":5,"_cameraCFrame":[757.779,245.154,47.128,-0.001,-0.979,0.203,0,0.203,0.979,-1,0.001,0],"_shiftlockState":false,"_pose":"FreeFall","_animationQueue":[],"_animationSpeed":1,"_zoom":20.656},{"_mousePosition":[733,381],"_rootPartCFrame":[753.315,222.561,47.131,-0.001,0,1,0,1,0,-1,0,-0.001],"_humanoidState":7,"_cameraCFrame":[757.512,244.286,47.128,-0.001,-0.979,0.203,0,0.203,0.979,-1,0.001,0],"_shiftlockState":false,"_pose":"FreeFall","_animationQueue":[["walk",0.1],["fall",0.3],["fall",0.3]],"_animationSpeed":1,"_zoom":20.656},{"_mousePosition":[733,381],"_rootPartCFrame":[753.048,222.178,47.131,-0.001,0,1,0,1,0,-1,0,-0.001],"_humanoidState":7,"_cameraCFrame":[757.245,243.903,47.128,-0.001,-0.979,0.203,0,0.203,0.979,-1,0.001,0],"_shiftlockState":false,"_pose":"FreeFall","_animationQueue":[["fall",0.3]],"_animationSpeed":1,"_zoom":20.656},{"_mousePosition":[733,381],"_rootPartCFrame":[752.715,222.33,47.131,-0.001,0,1,0,1,0,-1,0,-0.001],"_humanoidState":8,"_cameraCFrame":[756.912,244.055,47.128,-0.001,-0.979,0.203,0,0.203,0.979,-1,0.001,0],"_shiftlockState":false,"_pose":"Running","_animationQueue":[["walk",0.1],["fall",0.3],["walk",0.1]],"_animationSpeed":1.103,"_zoom":20.656},{"_mousePosition":[733,381],"_rootPartCFrame":[752.381,223.414,47.132,-0.001,0,1,0,1,0,-1,0,-0.001],"_humanoidState":3,"_cameraCFrame":[756.579,245.139,47.129,-0.001,-0.979,0.203,0,0.203,0.979,-1,0.001,0],"_shiftlockState":false,"_pose":"Jumping","_animationQueue":[["walk",0.1],["jump",0.1]],"_animationSpeed":1,"_zoom":20.656},{"_mousePosition":[733,381],"_rootPartCFrame":[752.181,224.025,47.132,-0.001,0,1,0,1,0,-1,0,-0.001],"_humanoidState":5,"_cameraCFrame":[756.379,245.751,47.129,-0.001,-0.979,0.203,0,0.203,0.979,-1,0.001,0],"_shiftlockState":false,"_pose":"FreeFall","_animationQueue":[["jump",0.1]],"_animationSpeed":1,"_zoom":20.656},{"_mousePosition":[733,381],"_rootPartCFrame":[751.915,224.793,47.132,-0.001,0,1,0,1,0,-1,0,-0.001],"_humanoidState":5,"_cameraCFrame":[756.112,246.518,47.129,-0.001,-0.979,0.203,0,0.203,0.979,-1,0.001,0],"_shiftlockState":false,"_pose":"FreeFall","_animationQueue":[],"_animationSpeed":1,"_zoom":20.656},{"_mousePosition":[733,381],"_rootPartCFrame":[751.648,225.506,47.132,-0.001,0,1,0,1,0,-1,0,-0.001],"_humanoidState":5,"_cameraCFrame":[755.846,247.231,47.129,-0.001,-0.979,0.203,0,0.203,0.979,-1,0.001,0],"_shiftlockState":false,"_pose":"FreeFall","_animationQueue":[],"_animationSpeed":1,"_zoom":20.656},{"_mousePosition":[733,381],"_rootPartCFrame":[751.382,226.165,47.132,-0.001,0,1,0,1,0,-1,0,-0.001],"_humanoidState":5,"_cameraCFrame":[755.579,247.89,47.129,-0.001,-0.979,0.203,0,0.203,0.979,-1,0.001,0],"_shiftlockState":false,"_pose":"FreeFall","_animationQueue":[],"_animationSpeed":1,"_zoom":20.656},{"_mousePosition":[733,381],"_rootPartCFrame":[751.115,226.769,47.133,-0.001,0,1,0,1,0,-1,0,-0.001],"_humanoidState":5,"_cameraCFrame":[755.313,248.494,47.129,-0.001,-0.979,0.203,0,0.203,0.979,-1,0.001,0],"_shiftlockState":false,"_pose":"FreeFall","_animationQueue":[],"_animationSpeed":1,"_zoom":20.656},{"_mousePosition":[733,381],"_rootPartCFrame":[750.848,227.318,47.133,-0.001,0,1,0,1,0,-1,0,-0.001],"_humanoidState":5,"_cameraCFrame":[755.046,249.043,47.13,-0.001,-0.979,0.203,0,0.203,0.979,-1,0.001,0],"_shiftlockState":false,"_pose":"FreeFall","_animationQueue":[],"_animationSpeed":1,"_zoom":20.656},{"_mousePosition":[733,381],"_rootPartCFrame":[750.515,227.928,47.133,-0.001,0,1,0,1,0,-1,0,-0.001],"_humanoidState":5,"_cameraCFrame":[754.713,249.653,47.13,-0.001,-0.979,0.203,0,0.203,0.979,-1,0.001,0],"_shiftlockState":false,"_pose":"FreeFall","_animationQueue":[],"_animationSpeed":1,"_zoom":20.656},{"_mousePosition":[733,381],"_rootPartCFrame":[750.315,228.254,47.133,-0.001,0,1,0,1,0,-1,0,-0.001],"_humanoidState":5,"_cameraCFrame":[754.513,249.979,47.13,-0.001,-0.979,0.203,0,0.203,0.979,-1,0.001,0],"_shiftlockState":false,"_pose":"FreeFall","_animationQueue":[],"_animationSpeed":1,"_zoom":20.656},{"_mousePosition":[733,381],"_rootPartCFrame":[750.049,228.64,47.133,-0.001,0,1,0,1,0,-1,0,-0.001],"_humanoidState":5,"_cameraCFrame":[754.246,250.365,47.13,-0.001,-0.979,0.203,0,0.203,0.979,-1,0.001,0],"_shiftlockState":false,"_pose":"FreeFall","_animationQueue":[],"_animationSpeed":1,"_zoom":20.656},{"_mousePosition":[733,381],"_rootPartCFrame":[749.782,228.971,47.134,-0.001,0,1,0,1,0,-1,0,-0.001],"_humanoidState":5,"_cameraCFrame":[753.979,250.696,47.13,-0.001,-0.979,0.203,0,0.203,0.979,-1,0.001,0],"_shiftlockState":false,"_pose":"FreeFall","_animationQueue":[],"_animationSpeed":1,"_zoom":20.656},{"_mousePosition":[733,381],"_rootPartCFrame":[749.515,229.248,47.134,-0.001,0,1,0,1,0,-1,0,-0.001],"_humanoidState":5,"_cameraCFrame":[753.713,250.973,47.131,-0.001,-0.979,0.203,0,0.203,0.979,-1,0.001,0],"_shiftlockState":false,"_pose":"FreeFall","_animationQueue":[],"_animationSpeed":1,"_zoom":20.656},{"_mousePosition":[733,381],"_rootPartCFrame":[749.249,229.471,47.134,-0.001,0,1,0,1,0,-1,0,-0.001],"_humanoidState":5,"_cameraCFrame":[753.446,251.196,47.131,-0.001,-0.979,0.203,0,0.203,0.979,-1,0.001,0],"_shiftlockState":false,"_pose":"FreeFall","_animationQueue":[],"_animationSpeed":1,"_zoom":20.656},{"_mousePosition":[733,381],"_rootPartCFrame":[748.982,229.639,47.134,-0.001,0,1,0,1,0,-1,0,-0.001],"_humanoidState":5,"_cameraCFrame":[753.18,251.364,47.131,-0.001,-0.979,0.203,0,0.203,0.979,-1,0.001,0],"_shiftlockState":false,"_pose":"FreeFall","_animationQueue":[],"_animationSpeed":1,"_zoom":20.656},{"_mousePosition":[733,381],"_rootPartCFrame":[748.716,229.752,47.134,-0.001,0,1,0,1,0,-1,0,-0.001],"_humanoidState":5,"_cameraCFrame":[752.913,251.477,47.131,-0.001,-0.979,0.203,0,0.203,0.979,-1,0.001,0],"_shiftlockState":false,"_pose":"FreeFall","_animationQueue":[],"_animationSpeed":1,"_zoom":20.656},{"_mousePosition":[733,381],"_rootPartCFrame":[748.449,229.811,47.135,-0.001,0,1,0,1,0,-1,0,-0.001],"_humanoidState":5,"_cameraCFrame":[752.646,251.536,47.131,-0.001,-0.979,0.203,0,0.203,0.979,-1,0.001,0],"_shiftlockState":false,"_pose":"FreeFall","_animationQueue":[],"_animationSpeed":1,"_zoom":20.656},{"_mousePosition":[733,381],"_rootPartCFrame":[748.182,229.816,47.135,-0.001,0,1,0,1,0,-1,0,-0.001],"_humanoidState":5,"_cameraCFrame":[752.38,251.541,47.132,-0.001,-0.979,0.203,0,0.203,0.979,-1,0.001,0],"_shiftlockState":false,"_pose":"FreeFall","_animationQueue":[],"_animationSpeed":1,"_zoom":20.656},{"_mousePosition":[733,381],"_rootPartCFrame":[747.916,229.766,47.135,-0.001,0,1,0,1,0,-1,0,-0.001],"_humanoidState":5,"_cameraCFrame":[752.113,251.491,47.132,-0.001,-0.979,0.203,0,0.203,0.979,-1,0.001,0],"_shiftlockState":false,"_pose":"FreeFall","_animationQueue":[],"_animationSpeed":1,"_zoom":20.656},{"_mousePosition":[733,381],"_rootPartCFrame":[747.649,229.661,47.135,-0.001,0,1,0,1,0,-1,0,-0.001],"_humanoidState":5,"_cameraCFrame":[751.847,251.386,47.132,-0.001,-0.979,0.203,0,0.203,0.979,-1,0.001,0],"_shiftlockState":false,"_pose":"FreeFall","_animationQueue":[["fall",0.3]],"_animationSpeed":1,"_zoom":20.656},{"_mousePosition":[733,381],"_rootPartCFrame":[747.383,229.502,47.135,-0.001,0,1,0,1,0,-1,0,-0.001],"_humanoidState":5,"_cameraCFrame":[751.58,251.227,47.132,-0.001,-0.979,0.203,0,0.203,0.979,-1,0.001,0],"_shiftlockState":false,"_pose":"FreeFall","_animationQueue":[],"_animationSpeed":1,"_zoom":20.656},{"_mousePosition":[733,381],"_rootPartCFrame":[747.116,229.289,47.136,-0.001,0,1,0,1,0,-1,0,-0.001],"_humanoidState":5,"_cameraCFrame":[751.313,251.014,47.132,-0.001,-0.979,0.203,0,0.203,0.979,-1,0.001,0],"_shiftlockState":false,"_pose":"FreeFall","_animationQueue":[],"_animationSpeed":1,"_zoom":20.656},{"_mousePosition":[733,381],"_rootPartCFrame":[746.849,229.021,47.136,-0.001,0,1,0,1,0,-1,0,-0.001],"_humanoidState":5,"_cameraCFrame":[751.047,250.746,47.133,-0.001,-0.979,0.203,0,0.203,0.979,-1,0.001,0],"_shiftlockState":false,"_pose":"FreeFall","_animationQueue":[],"_animationSpeed":1,"_zoom":20.656},{"_mousePosition":[733,381],"_rootPartCFrame":[746.583,228.698,47.136,-0.001,0,1,0,1,0,-1,0,-0.001],"_humanoidState":5,"_cameraCFrame":[750.78,250.423,47.133,-0.001,-0.979,0.203,0,0.203,0.979,-1,0.001,0],"_shiftlockState":false,"_pose":"FreeFall","_animationQueue":[],"_animationSpeed":1,"_zoom":20.656},{"_mousePosition":[733,381],"_rootPartCFrame":[746.316,228.321,47.136,-0.001,0,1,0,1,0,-1,0,-0.001],"_humanoidState":5,"_cameraCFrame":[750.514,250.046,47.133,-0.001,-0.979,0.203,0,0.203,0.979,-1,0.001,0],"_shiftlockState":false,"_pose":"FreeFall","_animationQueue":[],"_animationSpeed":1,"_zoom":20.656},{"_mousePosition":[733,381],"_rootPartCFrame":[746.05,227.89,47.136,-0.001,0,1,0,1,0,-1,0,-0.001],"_humanoidState":5,"_cameraCFrame":[750.247,249.615,47.133,-0.001,-0.979,0.203,0,0.203,0.979,-1,0.001,0],"_shiftlockState":false,"_pose":"FreeFall","_animationQueue":[],"_animationSpeed":1,"_zoom":20.656},{"_mousePosition":[733,381],"_rootPartCFrame":[745.716,227.274,47.137,-0.001,0,1,0,1,0,-1,0,-0.001],"_humanoidState":5,"_cameraCFrame":[749.914,248.999,47.133,-0.001,-0.979,0.203,0,0.203,0.979,-1,0.001,0],"_shiftlockState":false,"_pose":"FreeFall","_animationQueue":[["fall",0.3]],"_animationSpeed":1,"_zoom":20.656},{"_mousePosition":[733,381],"_rootPartCFrame":[745.516,226.863,47.137,-0.001,0,1,0,1,0,-1,0,-0.001],"_humanoidState":5,"_cameraCFrame":[749.714,248.589,47.134,-0.001,-0.979,0.203,0,0.203,0.979,-1,0.001,0],"_shiftlockState":false,"_pose":"FreeFall","_animationQueue":[],"_animationSpeed":1,"_zoom":20.656},{"_mousePosition":[733,381],"_rootPartCFrame":[745.25,226.269,47.137,-0.001,0,1,0,1,0,-1,0,-0.001],"_humanoidState":5,"_cameraCFrame":[749.447,247.994,47.134,-0.001,-0.979,0.203,0,0.203,0.979,-1,0.001,0],"_shiftlockState":false,"_pose":"FreeFall","_animationQueue":[],"_animationSpeed":1,"_zoom":20.656},{"_mousePosition":[733,381],"_rootPartCFrame":[744.983,225.619,47.137,-0.001,0,1,0,1,0,-1,0,-0.001],"_humanoidState":5,"_cameraCFrame":[749.181,247.344,47.134,-0.001,-0.979,0.203,0,0.203,0.979,-1,0.001,0],"_shiftlockState":false,"_pose":"FreeFall","_animationQueue":[],"_animationSpeed":1,"_zoom":20.656},{"_mousePosition":[733,381],"_rootPartCFrame":[744.717,224.915,47.137,-0.001,0,1,0,1,0,-1,0,-0.001],"_humanoidState":5,"_cameraCFrame":[748.914,246.64,47.134,-0.001,-0.979,0.203,0,0.203,0.979,-1,0.001,0],"_shiftlockState":false,"_pose":"FreeFall","_animationQueue":[],"_animationSpeed":1,"_zoom":20.656},{"_mousePosition":[733,381],"_rootPartCFrame":[744.45,224.157,47.138,-0.001,0,1,0,1,0,-1,0,-0.001],"_humanoidState":5,"_cameraCFrame":[748.647,245.882,47.134,-0.001,-0.979,0.203,0,0.203,0.979,-1,0.001,0],"_shiftlockState":false,"_pose":"FreeFall","_animationQueue":[],"_animationSpeed":1,"_zoom":20.656},{"_mousePosition":[733,381],"_rootPartCFrame":[744.183,223.344,47.138,-0.001,0,1,0,1,0,-1,0,-0.001],"_humanoidState":5,"_cameraCFrame":[748.381,245.069,47.135,-0.001,-0.979,0.203,0,0.203,0.979,-1,0.001,0],"_shiftlockState":false,"_pose":"FreeFall","_animationQueue":[],"_animationSpeed":1,"_zoom":20.656},{"_mousePosition":[733,381],"_rootPartCFrame":[743.917,222.476,47.138,-0.001,0,1,0,1,0,-1,0,-0.001],"_humanoidState":7,"_cameraCFrame":[748.114,244.201,47.135,-0.001,-0.979,0.203,0,0.203,0.979,-1,0.001,0],"_shiftlockState":false,"_pose":"FreeFall","_animationQueue":[["fall",0.3],["walk",0.1],["fall",0.3],["fall",0.3]],"_animationSpeed":1,"_zoom":20.656},{"_mousePosition":[733,381],"_rootPartCFrame":[743.65,222.297,47.138,-0.001,0,1,0,1,0,-1,0,-0.001],"_humanoidState":7,"_cameraCFrame":[747.848,244.022,47.135,-0.001,-0.979,0.203,0,0.203,0.979,-1,0.001,0],"_shiftlockState":false,"_pose":"FreeFall","_animationQueue":[],"_animationSpeed":1,"_zoom":20.656},{"_mousePosition":[733,381],"_rootPartCFrame":[743.317,222.406,47.138,-0.001,0,1,0,1,0,-1,0,-0.001],"_humanoidState":8,"_cameraCFrame":[747.514,244.131,47.135,-0.001,-0.979,0.203,0,0.203,0.979,-1,0.001,0],"_shiftlockState":false,"_pose":"Running","_animationQueue":[["walk",0.1],["fall",0.3],["walk",0.1]],"_animationSpeed":1.103,"_zoom":20.656},{"_mousePosition":[733,381],"_rootPartCFrame":[743.05,222.472,47.139,-0.001,0,1,0,1,0,-1,0,-0.001],"_humanoidState":8,"_cameraCFrame":[747.248,244.197,47.135,-0.001,-0.979,0.203,0,0.203,0.979,-1,0.001,0],"_shiftlockState":false,"_pose":"Running","_animationQueue":[],"_animationSpeed":1.103,"_zoom":20.656},{"_mousePosition":[733,381],"_rootPartCFrame":[742.783,222.51,47.139,-0.001,0,1,0,1,0,-1,0,-0.001],"_humanoidState":8,"_cameraCFrame":[746.981,244.235,47.136,-0.001,-0.979,0.203,0,0.203,0.979,-1,0.001,0],"_shiftlockState":false,"_pose":"Running","_animationQueue":[],"_animationSpeed":1.103,"_zoom":20.656},{"_mousePosition":[733,381],"_rootPartCFrame":[742.517,222.53,47.139,-0.001,0,1,0,1,0,-1,0,-0.001],"_humanoidState":8,"_cameraCFrame":[746.714,244.255,47.136,-0.001,-0.979,0.203,0,0.203,0.979,-1,0.001,0],"_shiftlockState":false,"_pose":"Running","_animationQueue":[],"_animationSpeed":1.103,"_zoom":20.656},{"_mousePosition":[733,381],"_rootPartCFrame":[742.25,223.404,47.139,-0.001,0,1,0,1,0,-1,0,-0.001],"_humanoidState":3,"_cameraCFrame":[746.448,245.129,47.136,-0.001,-0.979,0.203,0,0.203,0.979,-1,0.001,0],"_shiftlockState":false,"_pose":"Jumping","_animationQueue":[["walk",0.1],["walk",0.1],["jump",0.1]],"_animationSpeed":1,"_zoom":20.656},{"_mousePosition":[733,381],"_rootPartCFrame":[741.983,224.226,47.139,-0.001,0,1,0,1,0,-1,0,-0.001],"_humanoidState":5,"_cameraCFrame":[746.181,245.951,47.136,-0.001,-0.979,0.203,0,0.203,0.979,-1,0.001,0],"_shiftlockState":false,"_pose":"FreeFall","_animationQueue":[["jump",0.1]],"_animationSpeed":1,"_zoom":20.656},{"_mousePosition":[733,381],"_rootPartCFrame":[741.717,224.993,47.14,-0.001,0,1,0,1,0,-1,0,-0.001],"_humanoidState":5,"_cameraCFrame":[745.914,246.718,47.136,-0.001,-0.979,0.203,0,0.203,0.979,-1,0.001,0],"_shiftlockState":false,"_pose":"FreeFall","_animationQueue":[],"_animationSpeed":1,"_zoom":20.656},{"_mousePosition":[733,381],"_rootPartCFrame":[741.45,225.706,47.14,-0.001,0,1,0,1,0,-1,0,-0.001],"_humanoidState":5,"_cameraCFrame":[745.648,247.431,47.137,-0.001,-0.979,0.203,0,0.203,0.979,-1,0.001,0],"_shiftlockState":false,"_pose":"FreeFall","_animationQueue":[],"_animationSpeed":1,"_zoom":20.656},{"_mousePosition":[733,381],"_rootPartC