[{"_mousePosition":[1163,356],"_rootPartCFrame":[776.028,222.95,47.142,0,0,1,0,1,0,-1,0,0],"_humanoidState":8,"_cameraCFrame":[776.803,231.121,41.902,-0.989,-0.115,0.091,0,0.622,0.783,-0.146,0.775,-0.615],"_shiftlockState":false,"_pose":"Standing","_animationQueue":[],"_animationSpeed":1,"_zoom":8.518},{"_mousePosition":[1102,369],"_rootPartCFrame":[775.858,222.865,47.117,0.015,0,1,0,1,0,-1,0,0.015],"_humanoidState":8,"_cameraCFrame":[776.633,231.036,41.877,-0.989,-0.115,0.091,0,0.622,0.783,-0.146,0.775,-0.615],"_shiftlockState":false,"_pose":"Standing","_animationQueue":[],"_animationSpeed":1,"_zoom":8.518},{"_mousePosition":[1091,371],"_rootPartCFrame":[775.596,222.719,47.078,0.032,0,0.999,0,1,0,-0.999,0,0.032],"_humanoidState":8,"_cameraCFrame":[776.372,230.89,41.838,-0.989,-0.115,0.091,0,0.622,0.783,-0.146,0.775,-0.615],"_shiftlockState":false,"_pose":"Running","_animationQueue":[["walk",0.1]],"_animationSpeed":1.003,"_zoom":8.518},{"_mousePosition":[1027,380],"_rootPartCFrame":[775.333,222.61,47.039,0.048,0,0.999,0,1,0,-0.999,0,0.048],"_humanoidState":8,"_cameraCFrame":[776.108,230.781,41.799,-0.989,-0.115,0.091,0,0.622,0.783,-0.146,0.775,-0.615],"_shiftlockState":false,"_pose":"Running","_animationQueue":[["walk",0.1]],"_animationSpeed":1.101,"_zoom":8.518},{"_mousePosition":[1014,382],"_rootPartCFrame":[775.069,222.636,47,0.061,0,0.998,0,1,0,-0.998,0,0.061],"_humanoidState":8,"_cameraCFrame":[775.844,230.807,41.76,-0.989,-0.115,0.091,0,0.622,0.783,-0.146,0.775,-0.615],"_shiftlockState":false,"_pose":"Running","_animationQueue":[],"_animationSpeed":1.101,"_zoom":8.518},{"_mousePosition":[962,389],"_rootPartCFrame":[774.805,222.663,46.961,0.073,0,0.997,0,1,0,-0.997,0,0.073],"_humanoidState":8,"_cameraCFrame":[775.58,230.834,41.721,-0.989,-0.115,0.091,0,0.622,0.783,-0.146,0.775,-0.615],"_shiftlockState":false,"_pose":"Running","_animationQueue":[],"_animationSpeed":1.101,"_zoom":8.518},{"_mousePosition":[951,390],"_rootPartCFrame":[774.541,222.68,46.922,0.083,0,0.997,0,1,0,-0.997,0,0.083],"_humanoidState":8,"_cameraCFrame":[775.316,230.85,41.682,-0.989,-0.115,0.091,0,0.622,0.783,-0.146,0.775,-0.615],"_shiftlockState":false,"_pose":"Running","_animationQueue":[],"_animationSpeed":1.101,"_zoom":8.518},{"_mousePosition":[899,396],"_rootPartCFrame":[774.277,222.689,46.883,0.091,0,0.996,0,1,0,-0.996,0,0.091],"_humanoidState":8,"_cameraCFrame":[775.053,230.86,41.643,-0.989,-0.115,0.091,0,0.622,0.783,-0.146,0.775,-0.615],"_shiftlockState":false,"_pose":"Running","_animationQueue":[],"_animationSpeed":1.101,"_zoom":8.518},{"_mousePosition":[888,398],"_rootPartCFrame":[774.014,222.694,46.844,0.099,0,0.995,0,1,0,-0.995,0,0.099],"_humanoidState":8,"_cameraCFrame":[774.789,230.865,41.604,-0.989,-0.115,0.091,0,0.622,0.783,-0.146,0.775,-0.615],"_shiftlockState":false,"_pose":"Running","_animationQueue":[["walk",0.1]],"_animationSpeed":1.101,"_zoom":8.518},{"_mousePosition":[846,408],"_rootPartCFrame":[773.75,222.697,46.805,0.105,0,0.994,0,1,0,-0.994,0,0.105],"_humanoidState":8,"_cameraCFrame":[774.525,230.867,41.565,-0.989,-0.115,0.091,0,0.622,0.783,-0.146,0.775,-0.615],"_shiftlockState":false,"_pose":"Running","_animationQueue":[],"_animationSpeed":1.101,"_zoom":8.518},{"_mousePosition":[837,411],"_rootPartCFrame":[773.486,222.698,46.766,0.111,0,0.994,0,1,0,-0.994,0,0.111],"_humanoidState":8,"_cameraCFrame":[772.53,230.869,41.27,-0.989,-0.115,0.091,0,0.622,0.783,-0.146,0.775,-0.615],"_shiftlockState":true,"_pose":"Running","_animationQueue":[],"_animationSpeed":1.101,"_zoom":8.518},{"_mousePosition":[683,384],"_rootPartCFrame":[773.222,222.699,46.727,-0.998,0,0.055,0,1,0,-0.055,0,-0.998],"_humanoidState":8,"_cameraCFrame":[772.266,230.87,41.231,-0.989,-0.115,0.091,0,0.622,0.783,-0.146,0.775,-0.615],"_shiftlockState":true,"_pose":"Running","_animationQueue":[],"_animationSpeed":1.101,"_zoom":8.518},{"_mousePosition":[683,384],"_rootPartCFrame":[772.958,222.699,46.688,-0.991,0,0.137,0,1,0,-0.137,0,-0.991],"_humanoidState":8,"_cameraCFrame":[771.854,230.904,41.262,-0.993,-0.095,0.074,0,0.617,0.787,-0.12,0.781,-0.612],"_shiftlockState":true,"_pose":"Running","_animationQueue":[],"_animationSpeed":1.101,"_zoom":8.518},{"_mousePosition":[683,384],"_rootPartCFrame":[772.695,222.699,46.649,-0.993,0,0.12,0,1,0,-0.12,0,-0.993],"_humanoidState":8,"_cameraCFrame":[771.449,230.942,41.301,-0.995,-0.076,0.058,0,0.611,0.792,-0.095,0.788,-0.608],"_shiftlockState":true,"_pose":"Running","_animationQueue":[],"_animationSpeed":1.101,"_zoom":8.518},{"_mousePosition":[683,384],"_rootPartCFrame":[772.43,222.7,46.616,-0.995,0,0.095,0,1,0,-0.095,0,-0.995],"_humanoidState":8,"_cameraCFrame":[771.075,230.98,41.343,-0.997,-0.06,0.046,0,0.605,0.796,-0.076,0.794,-0.604],"_shiftlockState":true,"_pose":"Running","_animationQueue":[["walk",0.1]],"_animationSpeed":1.101,"_zoom":8.518},{"_mousePosition":[683,384],"_rootPartCFrame":[772.165,222.7,46.59,-0.997,0,0.076,0,1,0,-0.076,0,-0.997],"_humanoidState":8,"_cameraCFrame":[770.724,231.021,41.394,-0.998,-0.048,0.036,0,0.599,0.801,-0.06,0.799,-0.598],"_shiftlockState":true,"_pose":"Running","_animationQueue":[],"_animationSpeed":1.101,"_zoom":8.518},{"_mousePosition":[683,384],"_rootPartCFrame":[771.899,222.7,46.569,-0.998,0,0.06,0,1,0,-0.06,0,-0.998],"_humanoidState":8,"_cameraCFrame":[770.373,231.071,41.462,-0.999,-0.036,0.026,0,0.591,0.807,-0.044,0.806,-0.59],"_shiftlockState":true,"_pose":"Running","_animationQueue":[],"_animationSpeed":1.101,"_zoom":8.518},{"_mousePosition":[683,384],"_rootPartCFrame":[771.633,222.7,46.553,-0.999,0,0.044,0,1,0,-0.044,0,-0.999],"_humanoidState":8,"_cameraCFrame":[770.025,231.127,41.549,-1,-0.023,0.017,0,0.582,0.813,-0.029,0.813,-0.582],"_shiftlockState":true,"_pose":"Running","_animationQueue":[],"_animationSpeed":1.101,"_zoom":8.518},{"_mousePosition":[683,384],"_rootPartCFrame":[771.366,222.7,46.541,-1,0,0.029,0,1,0,-0.029,0,-1],"_humanoidState":8,"_cameraCFrame":[769.684,231.186,41.645,-1,-0.011,0.008,0,0.572,0.82,-0.014,0.82,-0.572],"_shiftlockState":true,"_pose":"Running","_animationQueue":[],"_animationSpeed":1.101,"_zoom":8.518},{"_mousePosition":[683,384],"_rootPartCFrame":[771.1,222.7,46.533,-1,0,0.014,0,1,0,-0.014,0,-1],"_humanoidState":8,"_cameraCFrame":[769.326,231.264,41.783,-1,0.004,-0.003,0,0.559,0.829,0.005,0.829,-0.559],"_shiftlockState":true,"_pose":"Running","_animationQueue":[],"_animationSpeed":1.101,"_zoom":8.518},{"_mousePosition":[683,384],"_rootPartCFrame":[770.766,222.7,46.528,-1,0,-0.005,0,1,0,0.005,0,-1],"_humanoidState":8,"_cameraCFrame":[768.897,231.344,41.936,-1,0.022,-0.014,0,0.545,0.839,0.026,0.838,-0.544],"_shiftlockState":true,"_pose":"Running","_animationQueue":[],"_animationSpeed":1.101,"_zoom":8.518},{"_mousePosition":[683,384],"_rootPartCFrame":[770.5,222.7,46.528,-1,0,-0.026,0,1,0,0.026,0,-1],"_humanoidState":8,"_cameraCFrame":[768.54,231.421,42.098,-0.999,0.04,-0.025,0,0.53,0.848,0.047,0.847,-0.53],"_shiftlockState":true,"_pose":"Running","_animationQueue":[["walk",0.1]],"_animationSpeed":1.101,"_zoom":8.518},{"_mousePosition":[683,384],"_rootPartCFrame":[770.233,222.7,46.534,-0.999,0,-0.047,0,1,0,0.047,0,-0.999],"_humanoidState":8,"_cameraCFrame":[768.186,231.5,42.277,-0.998,0.059,-0.035,0,0.515,0.857,0.069,0.855,-0.514],"_shiftlockState":true,"_pose":"Running","_animationQueue":[],"_animationSpeed":1.101,"_zoom":8.518},{"_mousePosition":[683,384],"_rootPartCFrame":[769.967,222.7,46.546,-0.998,0,-0.069,0,1,0,0.069,0,-0.998],"_humanoidState":8,"_cameraCFrame":[767.846,231.573,42.454,-0.996,0.077,-0.044,0,0.501,0.866,0.089,0.862,-0.499],"_shiftlockState":true,"_pose":"Running","_animationQueue":[],"_animationSpeed":1.101,"_zoom":8.518},{"_mousePosition":[683,384],"_rootPartCFrame":[769.7,222.666,46.559,-0.996,0,-0.089,0,1,0,0.089,0,-0.996],"_humanoidState":8,"_cameraCFrame":[767.537,231.59,42.582,-0.995,0.088,-0.05,0,0.49,0.872,0.101,0.867,-0.488],"_shiftlockState":true,"_pose":"Running","_animationQueue":[],"_animationSpeed":1.101,"_zoom":8.518},{"_mousePosition":[683,384],"_rootPartCFrame":[769.434,222.577,46.571,-0.995,0,-0.101,0,1,0,0.101,0,-0.995],"_humanoidState":8,"_cameraCFrame":[767.241,231.539,42.681,-0.994,0.097,-0.053,0,0.482,0.876,0.11,0.871,-0.479],"_shiftlockState":true,"_pose":"Running","_animationQueue":[],"_animationSpeed":1.101,"_zoom":8.518},{"_mousePosition":[683,384],"_rootPartCFrame":[769.168,222.434,46.584,-0.994,0,-0.11,0,1,0,0.11,0,-0.994],"_humanoidState":8,"_cameraCFrame":[766.964,231.422,42.75,-0.993,0.101,-0.055,0,0.477,0.879,0.115,0.873,-0.474],"_shiftlockState":true,"_pose":"Running","_animationQueue":[],"_animationSpeed":1.101,"_zoom":8.518},{"_mousePosition":[683,384],"_rootPartCFrame":[768.901,222.236,46.596,-0.993,0,-0.115,0,1,0,0.115,0,-0.993],"_humanoidState":8,"_cameraCFrame":[766.697,231.241,42.795,-0.993,0.102,-0.055,0,0.473,0.881,0.116,0.875,-0.47],"_shiftlockState":true,"_pose":"Running","_animationQueue":[],"_animationSpeed":1.101,"_zoom":8.518},{"_mousePosition":[683,384],"_rootPartCFrame":[768.635,223.11,46.609,-0.993,0,-0.116,0,1,0,0.116,0,-0.993],"_humanoidState":3,"_cameraCFrame":[766.431,232.133,42.846,-0.993,0.103,-0.055,0,0.469,0.883,0.117,0.877,-0.466],"_shiftlockState":true,"_pose":"Jumping","_animationQueue":[["walk",0.1],["walk",0.1],["jump",0.1]],"_animationSpeed":1,"_zoom":8.518},{"_mousePosition":[683,384],"_rootPartCFrame":[768.436,223.731,46.628,-0.999,0,-0.054,0,1,0,0.054,0,-0.999],"_humanoidState":5,"_cameraCFrame":[766.226,232.796,42.954,-0.993,0.107,-0.056,0,0.46,0.888,0.121,0.882,-0.456],"_shiftlockState":true,"_pose":"FreeFall","_animationQueue":[["jump",0.1]],"_animationSpeed":1,"_zoom":8.518},{"_mousePosition":[683,384],"_rootPartCFrame":[768.105,224.699,46.667,-0.999,0,0.037,0,1,0,-0.037,0,-0.999],"_humanoidState":5,"_cameraCFrame":[765.883,233.811,43.098,-0.992,0.114,-0.057,0,0.449,0.894,0.127,0.886,-0.445],"_shiftlockState":true,"_pose":"FreeFall","_animationQueue":[],"_animationSpeed":1,"_zoom":8.518},{"_mousePosition":[683,384],"_rootPartCFrame":[767.84,225.412,46.699,-1,0,0.005,0,1,0,-0.005,0,-1],"_humanoidState":5,"_cameraCFrame":[765.623,234.527,43.133,-0.992,0.113,-0.056,0,0.448,0.894,0.126,0.887,-0.445],"_shiftlockState":true,"_pose":"FreeFall","_animationQueue":[],"_animationSpeed":1,"_zoom":8.518},{"_mousePosition":[683,384],"_rootPartCFrame":[767.576,226.071,46.733,-1,0,0.007,0,1,0,-0.007,0,-1],"_humanoidState":5,"_cameraCFrame":[765.359,235.186,43.167,-0.992,0.113,-0.056,0,0.448,0.894,0.126,0.887,-0.445],"_shiftlockState":true,"_pose":"FreeFall","_animationQueue":[],"_animationSpeed":1,"_zoom":8.518},{"_mousePosition":[683,384],"_rootPartCFrame":[767.311,226.675,46.767,-1,0,0.007,0,1,0,-0.007,0,-1],"_humanoidState":5,"_cameraCFrame":[765.094,235.79,43.201,-0.992,0.113,-0.056,0,0.448,0.894,0.126,0.887,-0.445],"_shiftlockState":true,"_pose":"FreeFall","_animationQueue":[],"_animationSpeed":1,"_zoom":8.518},{"_mousePosition":[683,384],"_rootPartCFrame":[767.047,227.224,46.8,-1,0,0.007,0,1,0,-0.007,0,-1],"_humanoidState":5,"_cameraCFrame":[764.829,236.339,43.234,-0.992,0.113,-0.056,0,0.448,0.894,0.126,0.887,-0.445],"_shiftlockState":true,"_pose":"FreeFall","_animationQueue":[],"_animationSpeed":1,"_zoom":8.518},{"_mousePosition":[683,384],"_rootPartCFrame":[766.782,227.719,46.834,-1,0,0.007,0,1,0,-0.007,0,-1],"_humanoidState":5,"_cameraCFrame":[764.565,236.834,43.268,-0.992,0.113,-0.056,0,0.448,0.894,0.126,0.887,-0.445],"_shiftlockState":true,"_pose":"FreeFall","_animationQueue":[],"_animationSpeed":1,"_zoom":8.518},{"_mousePosition":[683,384],"_rootPartCFrame":[766.517,228.16,46.867,-1,0,0.007,0,1,0,-0.007,0,-1],"_humanoidState":5,"_cameraCFrame":[764.3,237.275,43.302,-0.992,0.113,-0.056,0,0.448,0.894,0.126,0.887,-0.445],"_shiftlockState":true,"_pose":"FreeFall","_animationQueue":[],"_animationSpeed":1,"_zoom":8.518},{"_mousePosition":[683,384],"_rootPartCFrame":[766.253,228.546,46.901,-1,0,0.007,0,1,0,-0.007,0,-1],"_humanoidState":5,"_cameraCFrame":[764.035,237.661,43.335,-0.992,0.113,-0.056,0,0.448,0.894,0.126,0.887,-0.445],"_shiftlockState":true,"_pose":"FreeFall","_animationQueue":[],"_animationSpeed":1,"_zoom":8.518},{"_mousePosition":[683,384],"_rootPartCFrame":[765.988,228.877,46.935,-1,0,0.007,0,1,0,-0.007,0,-1],"_humanoidState":5,"_cameraCFrame":[763.771,237.992,43.369,-0.992,0.113,-0.056,0,0.448,0.894,0.126,0.887,-0.445],"_shiftlockState":true,"_pose":"FreeFall","_animationQueue":[],"_animationSpeed":1,"_zoom":8.518},{"_mousePosition":[683,384],"_rootPartCFrame":[765.723,229.154,46.968,-1,0,0.007,0,1,0,-0.007,0,-1],"_humanoidState":5,"_cameraCFrame":[763.506,238.269,43.402,-0.992,0.113,-0.056,0,0.448,0.894,0.126,0.887,-0.445],"_shiftlockState":true,"_pose":"FreeFall","_animationQueue":[],"_animationSpeed":1,"_zoom":8.518},{"_mousePosition":[683,384],"_rootPartCFrame":[765.459,229.377,47.002,-1,0,0.007,0,1,0,-0.007,0,-1],"_humanoidState":5,"_cameraCFrame":[763.241,238.492,43.436,-0.992,0.113,-0.056,0,0.448,0.894,0.126,0.887,-0.445],"_shiftlockState":true,"_pose":"FreeFall","_animationQueue":[],"_animationSpeed":1,"_zoom":8.518},{"_mousePosition":[683,384],"_rootPartCFrame":[765.26,229.508,47.027,-1,0,-0.026,0,1,0,0.026,0,-1],"_humanoidState":5,"_cameraCFrame":[763.107,238.626,43.428,-0.994,0.097,-0.048,0,0.447,0.894,0.108,0.889,-0.445],"_shiftlockState":true,"_pose":"FreeFall","_animationQueue":[],"_animationSpeed":1,"_zoom":8.518},{"_mousePosition":[683,384],"_rootPartCFrame":[764.929,229.658,47.069,-0.998,0,0.058,0,1,0,-0.058,0,-0.998],"_humanoidState":5,"_cameraCFrame":[762.868,238.779,43.424,-0.997,0.075,-0.037,0,0.447,0.895,0.083,0.892,-0.445],"_shiftlockState":true,"_pose":"FreeFall","_animationQueue":[],"_animationSpeed":1,"_zoom":8.518},{"_mousePosition":[683,384],"_rootPartCFrame":[764.664,229.717,47.099,-0.999,0,0.05,0,1,0,-0.05,0,-0.999],"_humanoidState":5,"_cameraCFrame":[762.699,238.835,43.394,-0.998,0.051,-0.026,0,0.447,0.894,0.057,0.893,-0.447],"_shiftlockState":true,"_pose":"FreeFall","_animationQueue":[],"_animationSpeed":1,"_zoom":8.518},{"_mousePosition":[683,384],"_rootPartCFrame":[764.399,229.722,47.122,-0.997,0,0.076,0,1,0,-0.076,0,-0.997],"_humanoidState":5,"_cameraCFrame":[762.452,238.831,43.389,-0.999,0.046,-0.023,0,0.45,0.893,0.052,0.892,-0.449],"_shiftlockState":true,"_pose":"FreeFall","_animationQueue":[],"_animationSpeed":1,"_zoom":8.518},{"_mousePosition":[683,384],"_rootPartCFrame":[764.133,229.672,47.138,-0.997,0,0.081,0,1,0,-0.081,0,-0.997],"_humanoidState":5,"_cameraCFrame":[762.187,238.759,43.36,-0.999,0.045,-0.023,0,0.455,0.891,0.051,0.89,-0.454],"_shiftlockState":true,"_pose":"FreeFall","_animationQueue":[],"_animationSpeed":1,"_zoom":8.518},{"_mousePosition":[683,384],"_rootPartCFrame":[763.866,229.567,47.152,-0.997,0,0.082,0,1,0,-0.082,0,-0.997],"_humanoidState":5,"_cameraCFrame":[761.916,238.607,43.283,-0.999,0.045,-0.024,0,0.465,0.885,0.051,0.884,-0.465],"_shiftlockState":true,"_pose":"FreeFall","_animationQueue":[],"_animationSpeed":1,"_zoom":8.518},{"_mousePosition":[683,384],"_rootPartCFrame":[763.611,229.408,47.189,-0.998,0,0.062,0,1,0,-0.062,0,-0.998],"_humanoidState":5,"_cameraCFrame":[761.65,238.38,43.195,-0.999,0.046,-0.025,0,0.48,0.877,0.052,0.876,-0.48],"_shiftlockState":true,"_pose":"FreeFall","_animationQueue":[],"_animationSpeed":1,"_zoom":8.518},{"_mousePosition":[683,384],"_rootPartCFrame":[763.372,229.195,47.261,-0.999,0,0.054,0,1,0,-0.054,0,-0.999],"_humanoidState":5,"_cameraCFrame":[761.392,238.096,43.147,-0.998,0.048,-0.027,0,0.495,0.869,0.055,0.868,-0.494],"_shiftlockState":true,"_pose":"FreeFall","_animationQueue":[],"_animationSpeed":1,"_zoom":8.518},{"_mousePosition":[683,384],"_rootPartCFrame":[763.151,228.927,47.369,-0.999,0,0.05,0,1,0,-0.05,0,-0.999],"_humanoidState":5,"_cameraCFrame":[761.156,237.763,43.147,-0.998,0.049,-0.029,0,0.508,0.861,0.057,0.86,-0.507],"_shiftlockState":true,"_pose":"FreeFall","_animationQueue":[["fall",0.3]],"_animationSpeed":1,"_zoom":8.518},{"_mousePosition":[683,384],"_rootPartCFrame":[762.946,228.604,47.513,-0.999,0,0.048,0,1,0,-0.048,0,-0.999],"_humanoidState":5,"_cameraCFrame":[760.95,237.43,43.273,-0.998,0.049,-0.029,0,0.51,0.86,0.057,0.859,-0.51],"_shiftlockState":true,"_pose":"FreeFall","_animationQueue":[],"_animationSpeed":1,"_zoom":8.518},{"_mousePosition":[683,384],"_rootPartCFrame":[762.759,228.228,47.692,-0.999,0,0.047,0,1,0,-0.047,0,-0.999],"_humanoidState":5,"_cameraCFrame":[760.763,237.053,43.452,-0.998,0.049,-0.029,0,0.51,0.86,0.057,0.859,-0.51],"_shiftlockState":true,"_pose":"FreeFall","_animationQueue":[],"_animationSpeed":1,"_zoom":8.518},{"_mousePosition":[683,384],"_rootPartCFrame":[762.582,227.796,47.89,-0.999,0,0.047,0,1,0,-0.047,0,-0.999],"_humanoidState":5,"_cameraCFrame":[760.585,236.621,43.651,-0.998,0.049,-0.029,0,0.51,0.86,0.057,0.859,-0.51],"_shiftlockState":true,"_pose":"FreeFall","_animationQueue":[],"_animationSpeed":1,"_zoom":8.518},{"_mousePosition":[683,384],"_rootPartCFrame":[762.448,227.437,48.04,-1,0,0.021,0,1,0,-0.021,0,-1],"_humanoidState":5,"_cameraCFrame":[760.452,236.262,43.8,-0.998,0.049,-0.029,0,0.51,0.86,0.057,0.859,-0.51],"_shiftlockState":true,"_pose":"FreeFall","_animationQueue":[],"_animationSpeed":1,"_zoom":8.518},{"_mousePosition":[683,384],"_rootPartCFrame":[762.271,226.91,48.239,-0.999,0,0.047,0,1,0,-0.047,0,-0.999],"_humanoidState":5,"_cameraCFrame":[760.275,235.735,43.999,-0.998,0.049,-0.029,0,0.51,0.86,0.057,0.859,-0.51],"_shiftlockState":true,"_pose":"FreeFall","_animationQueue":[],"_animationSpeed":1,"_zoom":8.518},{"_mousePosition":[683,384],"_rootPartCFrame":[762.075,226.182,48.433,-0.995,0.003,0.099,0.003,1,0,-0.099,0.001,-0.995],"_humanoidState":5,"_cameraCFrame":[760.083,235.007,44.194,-0.998,0.049,-0.029,0,0.51,0.86,0.057,0.859,-0.51],"_shiftlockState":true,"_pose":"FreeFall","_animationQueue":[["fall",0.3]],"_animationSpeed":1,"_zoom":8.518},{"_mousePosition":[683,384],"_rootPartCFrame":[762.046,225.562,48.363,-0.997,0.004,0.082,0.004,1,0.001,-0.082,0.001,-0.997],"_humanoidState":5,"_cameraCFrame":[760.056,234.387,44.125,-0.998,0.049,-0.029,0,0.51,0.86,0.057,0.859,-0.51],"_shiftlockState":true,"_pose":"FreeFall","_animationQueue":[],"_animationSpeed":1,"_zoom":8.518},{"_mousePosition":[683,384],"_rootPartCFrame":[762.023,225.061,48.31,-1,0.002,0.026,0.002,1,0,-0.026,0.001,-1],"_humanoidState":5,"_cameraCFrame":[760.03,233.886,44.07,-0.998,0.049,-0.029,0,0.51,0.86,0.057,0.859,-0.51],"_shiftlockState":true,"_pose":"FreeFall","_animationQueue":[],"_animationSpeed":1,"_zoom":8.518},{"_mousePosition":[683,384],"_rootPartCFrame":[761.966,224.158,48.25,-0.997,0,0.075,0,1,0,-0.075,0,-0.997],"_humanoidState":5,"_cameraCFrame":[760.246,232.886,43.733,-1,-0.006,0.003,0,0.529,0.849,-0.007,0.849,-0.529],"_shiftlockState":true,"_pose":"FreeFall","_animationQueue":[],"_animationSpeed":1,"_zoom":8.518},{"_mousePosition":[683,384],"_rootPartCFrame":[761.882,223.575,48.293,-0.999,0,0.036,0,1,0,-0.036,0,-0.999],"_humanoidState":7,"_cameraCFrame":[761.855,231.954,42.974,-0.946,-0.262,0.191,0,0.59,0.808,-0.324,0.764,-0.558],"_shiftlockState":true,"_pose":"FreeFall","_animationQueue":[["walk",0.1],["fall",0.3],["fall",0.3]],"_animationSpeed":1,"_zoom":8.518},{"_mousePosition":[683,384],"_rootPartCFrame":[761.685,223.236,48.446,-0.961,0.009,0.275,0,0.999,-0.033,-0.275,-0.031,-0.961],"_humanoidState":7,"_cameraCFrame":[764.232,231.452,43.493,-0.697,-0.565,0.441,0,0.615,0.789,-0.717,0.55,-0.429],"_shiftlockState":true,"_pose":"FreeFall","_animationQueue":[],"_animationSpeed":1,"_zoom":8.518},{"_mousePosition":[683,384],"_rootPartCFrame":[761.605,223.311,48.118,-0.773,0.018,0.634,0.004,1,-0.024,-0.634,-0.016,-0.773],"_humanoidState":8,"_cameraCFrame":[766.38,231.507,45.225,-0.221,-0.767,0.603,0,0.618,0.786,-0.975,0.174,-0.137],"_shiftlockState":true,"_pose":"Running","_animationQueue":[["walk",0.1],["fall",0.3],["walk",0.1]],"_animationSpeed":0.56,"_zoom":8.518},{"_mousePosition":[683,384],"_rootPartCFrame":[761.493,224.406,47.803,-0.358,0.026,0.934,0.012,1,-0.023,-0.934,0.003,-0.358],"_humanoidState":3,"_cameraCFrame":[766.415,232.805,45.764,-0.059,-0.809,0.585,0,0.586,0.81,-0.998,0.048,-0.035],"_shiftlockState":true,"_pose":"Jumping","_animationQueue":[["walk",0.1],["walk",0.1],["jump",0.1]],"_animationSpeed":1,"_zoom":8.518},{"_mousePosition":[683,384],"_rootPartCFrame":[761.355,225.289,47.738,-0.172,0.027,0.985,0.016,1,-0.025,-0.985,0.011,-0.172],"_humanoidState":3,"_cameraCFrame":[765.11,234.186,45.091,-0.227,-0.846,0.483,0,0.496,0.868,-0.974,0.197,-0.113],"_shiftlockState":true,"_pose":"Jumping","_animationQueue":[],"_animationSpeed":1,"_zoom":8.518},{"_mousePosition":[683,384],"_rootPartCFrame":[761.216,226.173,47.672,-0.336,0.031,0.941,0.02,0.999,-0.026,-0.942,0.01,-0.336],"_humanoidState":3,"_cameraCFrame":[763.669,235.344,44.377,-0.48,-0.79,0.381,0,0.434,0.901,-0.877,0.432,-0.208],"_shiftlockState":true,"_pose":"Jumping","_animationQueue":[],"_animationSpeed":1,"_zoom":8.518},{"_mousePosition":[683,384],"_rootPartCFrame":[761.053,227.022,47.589,-0.429,0.017,0.903,0.009,1,-0.014,-0.903,0.002,-0.429],"_humanoidState":5,"_cameraCFrame":[762.532,236.23,43.839,-0.683,-0.661,0.311,0,0.426,0.905,-0.731,0.618,-0.291],"_shiftlockState":true,"_pose":"FreeFall","_animationQueue":[["jump",0.1]],"_animationSpeed":1,"_zoom":8.518},{"_mousePosition":[683,384],"_rootPartCFrame":[760.855,227.817,47.502,-0.587,0.004,0.81,0.001,1,-0.005,-0.81,-0.002,-0.587],"_humanoidState":5,"_cameraCFrame":[761.823,236.932,43.412,-0.789,-0.549,0.275,0,0.448,0.894,-0.614,0.706,-0.354],"_shiftlockState":true,"_pose":"FreeFall","_animationQueue":[],"_animationSpeed":1,"_zoom":8.518},{"_mousePosition":[683,384],"_rootPartCFrame":[760.63,228.557,47.439,-0.705,-0.001,0.709,-0.001,1,-0.001,-0.709,-0.001,-0.705],"_humanoidState":5,"_cameraCFrame":[761.139,237.495,42.961,-0.872,-0.428,0.239,0,0.487,0.873,-0.49,0.761,-0.425],"_shiftlockState":true,"_pose":"FreeFall","_animationQueue":[],"_animationSpeed":1,"_zoom":8.518},{"_mousePosition":[683,384],"_rootPartCFrame":[760.388,229.243,47.41,-0.804,-0.001,0.595,-0.001,1,0,-0.595,0,-0.804],"_humanoidState":5,"_cameraCFrame":[760.482,237.986,42.598,-0.924,-0.325,0.201,0,0.526,0.85,-0.382,0.786,-0.486],"_shiftlockState":true,"_pose":"FreeFall","_animationQueue":[],"_animationSpeed":1,"_zoom":8.518},{"_mousePosition":[683,384],"_rootPartCFrame":[760.139,229.874,47.419,-0.871,0,0.492,0,1,0,-0.492,0,-0.871],"_humanoidState":5,"_cameraCFrame":[759.898,238.45,42.37,-0.954,-0.25,0.168,0,0.557,0.831,-0.301,0.792,-0.531],"_shiftlockState":true,"_pose":"FreeFall","_animationQueue":[],"_animationSpeed":1,"_zoom":8.518},{"_mousePosition":[683,384],"_rootPartCFrame":[759.889,230.451,47.468,-0.912,0,0.411,0,1,0,-0.411,0,-0.912],"_humanoidState":5,"_cameraCFrame":[759.423,238.938,42.312,-0.968,-0.207,0.144,0,0.572,0.82,-0.252,0.794,-0.554],"_shiftlockState":true,"_pose":"FreeFall","_animationQueue":[],"_animationSpeed":1,"_zoom":8.518},{"_mousePosition":[683,384],"_rootPartCFrame":[759.645,230.973,47.556,-0.933,0,0.36,0,1,0,-0.36,0,-0.933],"_humanoidState":5,"_cameraCFrame":[759.071,239.428,42.368,-0.973,-0.188,0.133,0,0.577,0.817,-0.23,0.795,-0.562],"_shiftlockState":true,"_pose":"FreeFall","_animationQueue":[],"_animationSpeed":1,"_zoom":8.518},{"_mousePosition":[683,384],"_rootPartCFrame":[759.469,231.329,47.647,-0.951,0,0.309,0,1,0,-0.309,0,-0.951],"_humanoidState":5,"_cameraCFrame":[758.891,239.78,42.454,-0.974,-0.187,0.132,0,0.578,0.816,-0.229,0.794,-0.563],"_shiftlockState":true,"_pose":"FreeFall","_animationQueue":[],"_animationSpeed":1,"_zoom":8.518},{"_mousePosition":[683,384],"_rootPartCFrame":[759.201,231.842,47.755,-0.954,0.005,0.3,0.006,1,0.002,-0.3,0.004,-0.954],"_humanoidState":5,"_cameraCFrame":[758.63,240.293,42.568,-0.974,-0.187,0.132,0,0.578,0.816,-0.229,0.794,-0.563],"_shiftlockState":true,"_pose":"FreeFall","_animationQueue":[],"_animationSpeed":1,"_zoom":8.518},{"_mousePosition":[683,384],"_rootPartCFrame":[759.017,232.152,47.701,-0.965,0.007,0.261,0.008,1,0.003,-0.261,0.005,-0.965],"_humanoidState":5,"_cameraCFrame":[758.449,240.603,42.516,-0.974,-0.187,0.132,0,0.578,0.816,-0.229,0.794,-0.563],"_shiftlockState":true,"_pose":"FreeFall","_animationQueue":[],"_animationSpeed":1,"_zoom":8.518},{"_mousePosition":[683,384],"_rootPartCFrame":[758.822,232.408,47.685,-0.947,0.003,0.321,0.003,1,0.001,-0.321,0.002,-0.947],"_humanoidState":5,"_cameraCFrame":[758.248,240.859,42.495,-0.974,-0.187,0.132,0,0.578,0.816,-0.229,0.794,-0.563],"_shiftlockState":true,"_pose":"FreeFall","_animationQueue":[],"_animationSpeed":1,"_zoom":8.518},{"_mousePosition":[683,384],"_rootPartCFrame":[758.629,232.599,47.642,-0.959,-0.002,0.283,0.002,1,0.014,-0.283,0.014,-0.959],"_humanoidState":5,"_cameraCFrame":[758.049,241.05,42.47,-0.974,-0.187,0.132,0,0.578,0.816,-0.229,0.794,-0.563],"_shiftlockState":true,"_pose":"FreeFall","_animationQueue":[],"_animationSpeed":1,"_zoom":8.518},{"_mousePosition":[683,384],"_rootPartCFrame":[758.441,232.727,47.569,-0.951,-0.001,0.308,0.002,1,0.011,-0.308,0.011,-0.951],"_humanoidState":5,"_cameraCFrame":[757.882,241.178,42.39,-0.973,-0.19,0.135,0,0.578,0.816,-0.233,0.794,-0.562],"_shiftlockState":true,"_pose":"FreeFall","_animationQueue":[],"_animationSpeed":1,"_zoom":8.518},{"_mousePosition":[683,384],"_rootPartCFrame":[758.245,232.801,47.534,-0.944,0,0.33,0.001,1,0.003,-0.33,0.004,-0.944],"_humanoidState":5,"_cameraCFrame":[758.293,241.188,42.231,-0.941,-0.273,0.199,0,0.588,0.809,-0.338,0.761,-0.554],"_shiftlockState":true,"_pose":"FreeFall","_animationQueue":[],"_animationSpeed":1,"_zoom":8.518},{"_mousePosition":[683,384],"_rootPartCFrame":[758.043,232.82,47.539,-0.905,0,0.425,0,1,0,-0.425,0,-0.905],"_humanoidState":5,"_cameraCFrame":[759.414,241.235,42.449,-0.825,-0.459,0.33,0,0.584,0.812,-0.566,0.669,-0.481],"_shiftlockState":true,"_pose":"FreeFall","_animationQueue":[],"_animationSpeed":1,"_zoom":8.518},{"_mousePosition":[683,384],"_rootPartCFrame":[757.748,233.577,47.664,-0.801,0,0.598,0,1,-0.001,-0.598,-0.001,-0.801],"_humanoidState":7,"_cameraCFrame":[759.334,242.316,43.114,-0.76,-0.552,0.342,0,0.527,0.85,-0.65,0.646,-0.401],"_shiftlockState":true,"_pose":"FreeFall","_animationQueue":[["walk",0.1]],"_animationSpeed":0.854,"_zoom":8.518},{"_mousePosition":[683,384],"_rootPartCFrame":[757.555,233.983,47.709,-0.757,0,0.653,0,1,0,-0.653,0,-0.757],"_humanoidState":7,"_cameraCFrame":[758.51,243.197,43.81,-0.77,-0.577,0.27,0,0.424,0.906,-0.638,0.698,-0.327],"_shiftlockState":true,"_pose":"FreeFall","_animationQueue":[],"_animationSpeed":0.854,"_zoom":8.518},{"_mousePosition":[683,384],"_rootPartCFrame":[757.289,234.33,47.735,-0.77,0,0.638,0,1,0,-0.638,0,-0.77],"_humanoidState":8,"_cameraCFrame":[757.742,243.773,44.225,-0.799,-0.561,0.217,0,0.361,0.933,-0.601,0.745,-0.289],"_shiftlockState":true,"_pose":"Running","_animationQueue":[["fall",0.3],["walk",0.1],["fall",0.3],["walk",0.1]],"_animationSpeed":1.102,"_zoom":8.518},{"_mousePosition":[683,384],"_rootPartCFrame":[757.024,235.203,47.756,-0.799,0,0.602,0,1,0,-0.602,0,-0.799],"_humanoidState":3,"_cameraCFrame":[757.247,244.746,44.457,-0.811,-0.553,0.193,0,0.329,0.944,-0.585,0.765,-0.267],"_shiftlockState":true,"_pose":"Jumping","_animationQueue":[["walk",0.1],["jump",0.1]],"_animationSpeed":1,"_zoom":8.518},{"_mousePosition":[683,384],"_rootPartCFrame":[756.759,236.025,47.791,-0.765,0,0.644,0,1,0,-0.644,0,-0.765],"_humanoidState":5,"_cameraCFrame":[756.875,245.623,44.623,-0.813,-0.553,0.181,0,0.31,0.951,-0.582,0.773,-0.252],"_shiftlockState":true,"_pose":"FreeFall","_animationQueue":[["jump",0.1]],"_animationSpeed":1,"_zoom":8.518},{"_mousePosition":[683,384],"_rootPartCFrame":[756.496,236.792,47.832,-0.75,0,0.662,0,1,0,-0.662,0,-0.75],"_humanoidState":5,"_cameraCFrame":[756.542,246.419,44.739,-0.816,-0.551,0.173,0,0.3,0.954,-0.578,0.779,-0.244],"_shiftlockState":true,"_pose":"FreeFall","_animationQueue":[],"_animationSpeed":1,"_zoom":8.518},{"_mousePosition":[683,384],"_rootPartCFrame":[756.233,237.505,47.876,-0.751,0,0.66,0,1,0,-0.66,0,-0.751],"_humanoidState":5,"_cameraCFrame":[756.259,247.134,44.788,-0.819,-0.547,0.171,0,0.299,0.954,-0.574,0.782,-0.245],"_shiftlockState":true,"_pose":"FreeFall","_animationQueue":[],"_animationSpeed":1,"_zoom":8.518},{"_mousePosition":[683,384],"_rootPartCFrame":[755.97,238.164,47.921,-0.754,0,0.656,0,1,0,-0.656,0,-0.754],"_humanoidState":5,"_cameraCFrame":[755.99,247.791,44.827,-0.821,-0.545,0.171,0,0.3,0.954,-0.571,0.783,-0.246],"_shiftlockState":true,"_pose":"FreeFall","_animationQueue":[],"_animationSpeed":1,"_zoom":8.518},{"_mousePosition":[683,384],"_rootPartCFrame":[755.707,238.768,47.967,-0.757,0,0.654,0,1,0,-0.654,0,-0.757],"_humanoidState":5,"_cameraCFrame":[755.743,248.382,44.841,-0.822,-0.542,0.173,0,0.304,0.953,-0.569,0.783,-0.25],"_shiftlockState":true,"_pose":"FreeFall","_animationQueue":[],"_animationSpeed":1,"_zoom":8.518},{"_mousePosition":[683,384],"_rootPartCFrame":[755.51,239.185,48.002,-0.775,0,0.632,0,1,0,-0.632,0,-0.775],"_humanoidState":5,"_cameraCFrame":[755.558,248.787,44.844,-0.824,-0.539,0.175,0,0.309,0.951,-0.567,0.784,-0.254],"_shiftlockState":true,"_pose":"FreeFall","_animationQueue":[],"_animationSpeed":1,"_zoom":8.518},{"_mousePosition":[683,384],"_rootPartCFrame":[755.182,239.813,48.061,-0.743,0,0.67,0,1,0,-0.67,0,-0.743],"_humanoidState":5,"_cameraCFrame":[755.231,249.41,44.892,-0.825,-0.537,0.175,0,0.31,0.951,-0.565,0.784,-0.256],"_shiftlockState":true,"_pose":"FreeFall","_animationQueue":[],"_animationSpeed":1,"_zoom":8.518},{"_mousePosition":[683,384],"_rootPartCFrame":[754.92,240.253,48.11,-0.761,0,0.648,0,1,0,-0.648,0,-0.761],"_humanoidState":5,"_cameraCFrame":[754.976,249.849,44.935,-0.825,-0.538,0.176,0,0.311,0.95,-0.566,0.784,-0.256],"_shiftlockState":true,"_pose":"FreeFall","_animationQueue":[],"_animationSpeed":1,"_zoom":8.518},{"_mousePosition":[683,384],"_rootPartCFrame":[754.723,240.548,48.147,-0.778,0,0.629,0,1,0,-0.629,0,-0.778],"_humanoidState":5,"_cameraCFrame":[754.813,250.143,44.973,-0.819,-0.546,0.179,0,0.311,0.95,-0.574,0.778,-0.255],"_shiftlockState":true,"_pose":"FreeFall","_animationQueue":[],"_animationSpeed":1,"_zoom":8.518},{"_mousePosition":[683,384],"_rootPartCFrame":[754.396,240.971,48.208,-0.738,0,0.675,0,1,0,-0.675,0,-0.738],"_humanoidState":5,"_cameraCFrame":[754.517,250.57,45.046,-0.811,-0.556,0.181,0,0.309,0.951,-0.585,0.771,-0.251],"_shiftlockState":true,"_pose":"FreeFall","_animationQueue":[],"_animationSpeed":1,"_zoom":8.518},{"_mousePosition":[683,384],"_rootPartCFrame":[754.133,241.248,48.254,-0.747,0,0.665,0,1,0,-0.665,0,-0.747],"_humanoidState":5,"_cameraCFrame":[754.266,250.854,45.109,-0.807,-0.562,0.181,0,0.307,0.952,-0.591,0.768,-0.248],"_shiftlockState":true,"_pose":"FreeFall","_animationQueue":[],"_animationSpeed":1,"_zoom":8.518},{"_mousePosition":[683,384],"_rootPartCFrame":[753.936,241.42,48.287,-0.759,0,0.651,0,1,0,-0.651,0,-0.759],"_humanoidState":5,"_cameraCFrame":[754.072,251.026,45.142,-0.806,-0.563,0.182,0,0.307,0.952,-0.591,0.767,-0.248],"_shiftlockState":true,"_pose":"FreeFall","_animationQueue":[],"_animationSpeed":1,"_zoom":8.518},{"_mousePosition":[683,384],"_rootPartCFrame":[753.606,241.638,48.338,-0.723,0,0.691,0,1,0,-0.691,0,-0.723],"_humanoidState":5,"_cameraCFrame":[753.738,251.248,45.204,-0.806,-0.564,0.181,0,0.306,0.952,-0.592,0.767,-0.246],"_shiftlockState":true,"_pose":"FreeFall","_animationQueue":[],"_animationSpeed":1,"_zoom":8.518},{"_mousePosition":[683,384],"_rootPartCFrame":[753.343,241.752,48.379,-0.74,0,0.673,0,1,0,-0.673,0,-0.74],"_humanoidState":5,"_cameraCFrame":[753.469,251.368,45.26,-0.805,-0.566,0.18,0,0.303,0.953,-0.594,0.767,-0.244],"_shiftlockState":true,"_pose":"FreeFall","_animationQueue":[],"_animationSpeed":1,"_zoom":8.518},{"_mousePosition":[683,384],"_rootPartCFrame":[753.079,241.811,48.419,-0.738,0,0.675,0,1,0,-0.675,0,-0.738],"_humanoidState":5,"_cameraCFrame":[753.219,251.436,45.323,-0.799,-0.574,0.181,0,0.3,0.954,-0.601,0.762,-0.24],"_shiftlockState":true,"_pose":"FreeFall","_animationQueue":[],"_animationSpeed":1,"_zoom":8.518},{"_mousePosition":[683,384],"_rootPartCFrame":[752.815,241.815,48.459,-0.732,0,0.681,0,1,0,-0.681,0,-0.732],"_humanoidState":5,"_cameraCFrame":[752.991,251.442,45.37,-0.791,-0.583,0.183,0,0.3,0.954,-0.611,0.755,-0.237],"_shiftlockState":true,"_pose":"FreeFall","_animationQueue":[],"_animationSpeed":1,"_zoom":8.518},{"_mousePosition":[683,384],"_rootPartCFrame":[752.551,241.765,48.496,-0.724,0,0.69,0,1,0,-0.69,0,-0.724],"_humanoidState":5,"_cameraCFrame":[752.771,251.394,45.416,-0.782,-0.595,0.186,0,0.299,0.954,-0.624,0.746,-0.233],"_shiftlockState":true,"_pose":"FreeFall","_animationQueue":[],"_animationSpeed":1,"_zoom":8.518},{"_mousePosition":[683,384],"_rootPartCFrame":[752.287,241.661,48.531,-0.713,0,0.701,0,1,0,-0.701,0,-0.713],"_humanoidState":5,"_cameraCFrame":[752.551,251.292,45.459,-0.772,-0.607,0.19,0,0.298,0.955,-0.636,0.737,-0.23],"_shiftlockState":true,"_pose":"FreeFall","_animationQueue":[],"_animationSpeed":1,"_zoom":8.518},{"_mousePosition":[683,384],"_rootPartCFrame":[752.022,241.502,48.561,-0.702,0,0.712,0,1,0,-0.712,0,-0.702],"_humanoidState":5,"_cameraCFrame":[752.318,251.133,45.492,-0.765,-0.615,0.192,0,0.298,0.955,-0.644,0.73,-0.228],"_shiftlockState":true,"_pose":"FreeFall","_animationQueue":[],"_animationSpeed":1,"_zoom":8.518},{"_mousePosition":[683,384],"_rootPartCFrame":[751.757,241.288,48.587,-0.695,0,0.719,0,1,0,-0.719,0,-0.695],"_humanoidState":5,"_cameraCFrame":[752.084,250.921,45.527,-0.757,-0.623,0.194,0,0.297,0.955,-0.653,0.723,-0.225],"_shiftlockState":true,"_pose":"FreeFall","_animationQueue":[["fall",0.3]],"_animationSpeed":1,"_zoom":8.518},{"_mousePosition":[683,384],"_rootPartCFrame":[751.491,241.02,48.61,-0.686,0,0.727,0,1,0,-0.727,0,-0.686],"_humanoidState":5,"_cameraCFrame":[751.85,250.653,45.554,-0.751,-0.631,0.196,0,0.297,0.955,-0.661,0.717,-0.223],"_shiftlockState":true,"_pose":"FreeFall","_animationQueue":[],"_animationSpeed":1,"_zoom":8.518},{"_mousePosition":[683,384],"_rootPartCFrame":[751.225,240.698,48.631,-0.679,0,0.735,0,1,0,-0.735,0,-0.679],"_humanoidState":5,"_cameraCFrame":[751.599,250.333,45.581,-0.746,-0.636,0.197,0,0.296,0.955,-0.665,0.713,-0.221],"_shiftlockState":true,"_pose":"FreeFall","_animationQueue":[],"_animationSpeed":1,"_zoom":8.518},{"_mousePosition":[683,384],"_rootPartCFrame":[751.026,240.42,48.644,-0.693,0,0.721,0,1,0,-0.721,0,-0.693],"_humanoidState":5,"_cameraCFrame":[751.409,250.055,45.596,-0.744,-0.638,0.198,0,0.296,0.955,-0.668,0.711,-0.221],"_shiftlockState":true,"_pose":"FreeFall","_animationQueue":[],"_animationSpeed":1,"_zoom":8.518},{"_mousePosition":[683,384],"_rootPartCFrame":[750.759,240.002,48.659,-0.671,0,0.742,0,1,0,-0.742,0,-0.671],"_humanoidState":5,"_cameraCFrame":[751.143,249.637,45.611,-0.744,-0.638,0.198,0,0.296,0.955,-0.668,0.711,-0.221],"_shiftlockState":true,"_pose":"FreeFall","_animationQueue":[],"_animationSpeed":1,"_zoom":8.518},{"_mousePosition":[683,384],"_rootPartCFrame":[750.426,239.403,48.677,-0.651,0,0.759,0,1,0,-0.759,0,-0.651],"_humanoidState":5,"_cameraCFrame":[750.81,249.039,45.629,-0.744,-0.638,0.198,0,0.296,0.955,-0.668,0.711,-0.221],"_shiftlockState":true,"_pose":"FreeFall","_animationQueue":[],"_animationSpeed":1,"_zoom":8.518},{"_mousePosition":[683,384],"_rootPartCFrame":[750.16,238.863,48.692,-0.671,0,0.742,0,1,0,-0.742,0,-0.671],"_humanoidState":5,"_cameraCFrame":[750.544,248.498,45.644,-0.744,-0.638,0.198,0,0.296,0.955,-0.668,0.711,-0.221],"_shiftlockState":true,"_pose":"FreeFall","_animationQueue":[["fall",0.3]],"_animationSpeed":1,"_zoom":8.518},{"_mousePosition":[683,384],"_rootPartCFrame":[749.96,238.422,48.703,-0.69,0,0.724,0,1,0,-0.724,0,-0.69],"_humanoidState":5,"_cameraCFrame":[750.341,248.057,45.654,-0.745,-0.637,0.198,0,0.296,0.955,-0.667,0.712,-0.221],"_shiftlockState":true,"_pose":"FreeFall","_animationQueue":[],"_animationSpeed":1,"_zoom":8.518},{"_mousePosition":[683,384],"_rootPartCFrame":[749.627,237.618,48.721,-0.652,0,0.759,0,1,0,-0.759,0,-0.652],"_humanoidState":5,"_cameraCFrame":[749.985,247.254,45.669,-0.75,-0.632,0.196,0,0.296,0.955,-0.662,0.716,-0.222],"_shiftlockState":true,"_pose":"FreeFall","_animationQueue":[],"_animationSpeed":1,"_zoom":8.518},{"_mousePosition":[683,384],"_rootPartCFrame":[749.361,236.914,48.735,-0.676,0,0.737,0,1,0,-0.737,0,-0.676],"_humanoidState":5,"_cameraCFrame":[749.686,246.552,45.686,-0.756,-0.625,0.193,0,0.296,0.955,-0.654,0.722,-0.224],"_shiftlockState":true,"_pose":"FreeFall","_animationQueue":[],"_animationSpeed":1,"_zoom":8.518},{"_mousePosition":[683,384],"_rootPartCFrame":[749.161,236.351,48.748,-0.739,0,0.674,0,1,0,-0.674,0,-0.739],"_humanoidState":7,"_cameraCFrame":[749.424,245.992,45.703,-0.768,-0.613,0.188,0,0.294,0.956,-0.641,0.734,-0.226],"_shiftlockState":true,"_pose":"FreeFall","_animationQueue":[["walk",0.1],["fall",0.3],["fall",0.3]],"_animationSpeed":1,"_zoom":8.518},{"_mousePosition":[683,384],"_rootPartCFrame":[748.829,236.248,48.771,-0.765,0,0.645,0,1,0,-0.645,0,-0.765],"_humanoidState":7,"_cameraCFrame":[749.026,245.893,45.732,-0.78,-0.599,0.183,0,0.293,0.956,-0.626,0.745,-0.228],"_shiftlockState":true,"_pose":"FreeFall","_animationQueue":[],"_animationSpeed":1,"_zoom":8.518},{"_mousePosition":[683,384],"_rootPartCFrame":[748.563,236.351,48.794,-0.779,0,0.626,0,1,0,-0.626,0,-0.779],"_humanoidState":8,"_cameraCFrame":[748.698,246,45.763,-0.791,-0.586,0.178,0,0.291,0.957,-0.612,0.756,-0.23],"_shiftlockState":true,"_pose":"Running","_animationQueue":[["walk",0.1],["fall",0.3],["walk",0.1]],"_animationSpeed":1.103,"_zoom":8.518},{"_mousePosition":[683,384],"_rootPartCFrame":[748.298,236.424,48.823,-0.791,0,0.612,0,1,0,-0.612,0,-0.791],"_humanoidState":8,"_cameraCFrame":[748.388,246.074,45.789,-0.8,-0.575,0.175,0,0.291,0.957,-0.601,0.765,-0.233],"_shiftlockState":true,"_pose":"Running","_animationQueue":[["walk",0.1]],"_animationSpeed":1.103,"_zoom":8.518},{"_mousePosition":[683,384],"_rootPartCFrame":[748.033,237.297,48.851,-0.8,0,0.601,0,1,0,-0.601,0,-0.8],"_humanoidState":3,"_cameraCFrame":[748.083,246.951,45.828,-0.806,-0.567,0.171,0,0.289,0.957,-0.592,0.771,-0.233],"_shiftlockState":true,"_pose":"Jumping","_animationQueue":[["walk",0.1],["jump",0.1]],"_animationSpeed":1,"_zoom":8.518},{"_mousePosition":[683,384],"_rootPartCFrame":[747.769,238.119,48.888,-0.76,0,0.65,0,1,0,-0.65,0,-0.76],"_humanoidState":5,"_cameraCFrame":[747.773,247.779,45.88,-0.813,-0.558,0.167,0,0.287,0.958,-0.583,0.778,-0.233],"_shiftlockState":true,"_pose":"FreeFall","_animationQueue":[["jump",0.1]],"_animationSpeed":1,"_zoom":8.518},{"_mousePosition":[683,384],"_rootPartCFrame":[747.571,238.7,48.917,-0.766,0,0.643,0,1,0,-0.643,0,-0.766],"_humanoidState":5,"_cameraCFrame":[747.509,248.369,45.937,-0.822,-0.547,0.162,0,0.283,0.959,-0.57,0.788,-0.233],"_shiftlockState":true,"_pose":"FreeFall","_animationQueue":[],"_animationSpeed":1,"_zoom":8.518},{"_mousePosition":[683,384],"_rootPartCFrame":[747.242,239.6,48.971,-0.739,0,0.674,0,1,0,-0.674,0,-0.739],"_humanoidState":5,"_cameraCFrame":[747.124,249.279,46.019,-0.829,-0.537,0.156,0,0.279,0.96,-0.56,0.796,-0.232],"_shiftlockState":true,"_pose":"FreeFall","_animationQueue":[],"_animationSpeed":1,"_zoom":8.518},{"_mousePosition":[683,384],"_rootPartCFrame":[746.914,240.415,49.03,-0.747,0,0.665,0,1,0,-0.665,0,-0.747],"_humanoidState":5,"_cameraCFrame":[746.747,250.101,46.101,-0.835,-0.529,0.152,0,0.276,0.961,-0.55,0.803,-0.231],"_shiftlockState":true,"_pose":"FreeFall","_animationQueue":[],"_animationSpeed":1,"_zoom":8.518},{"_mousePosition":[683,384],"_rootPartCFrame":[746.717,240.863,49.067,-0.789,0,0.615,0,1,0,-0.615,0,-0.789],"_humanoidState":5,"_cameraCFrame":[746.493,250.558,46.169,-0.842,-0.518,0.147,0,0.272,0.962,-0.539,0.811,-0.23],"_shiftlockState":true,"_pose":"FreeFall","_animationQueue":[],"_animationSpeed":1,"_zoom":8.518},{"_mousePosition":[683,384],"_rootPartCFrame":[746.456,241.412,49.12,-0.781,0,0.625,0,1,0,-0.625,0,-0.781],"_humanoidState":5,"_cameraCFrame":[746.166,251.117,46.255,-0.851,-0.505,0.141,0,0.269,0.963,-0.525,0.82,-