[{"_mousePosition":[721,407],"_rootPartCFrame":[776.028,222.7,47.142,0,0,1,0,1,0,-1,0,0],"_humanoidState":8,"_cameraCFrame":[777.033,244.468,43.289,-0.968,-0.248,0.049,0,0.193,0.981,-0.252,0.949,-0.187],"_shiftlockState":false,"_pose":"Standing","_animationQueue":[],"_animationSpeed":1,"_zoom":20.656},{"_mousePosition":[721,407],"_rootPartCFrame":[775.789,222.7,47.08,0.036,0,0.999,0,1,0,-0.999,0,0.036],"_humanoidState":8,"_cameraCFrame":[776.794,244.468,43.226,-0.968,-0.248,0.049,0,0.193,0.981,-0.252,0.949,-0.187],"_shiftlockState":false,"_pose":"Standing","_animationQueue":[],"_animationSpeed":1,"_zoom":20.656},{"_mousePosition":[721,407],"_rootPartCFrame":[775.661,222.7,47.047,0.051,0,0.999,0,1,0,-0.999,0,0.051],"_humanoidState":8,"_cameraCFrame":[776.666,244.468,43.193,-0.968,-0.248,0.049,0,0.193,0.981,-0.252,0.949,-0.187],"_shiftlockState":false,"_pose":"Running","_animationQueue":[["walk",0.1]],"_animationSpeed":1.066,"_zoom":20.656},{"_mousePosition":[721,407],"_rootPartCFrame":[775.403,222.7,46.979,0.078,0,0.997,0,1,0,-0.997,0,0.078],"_humanoidState":8,"_cameraCFrame":[776.408,244.468,43.126,-0.968,-0.248,0.049,0,0.193,0.981,-0.252,0.949,-0.187],"_shiftlockState":false,"_pose":"Running","_animationQueue":[],"_animationSpeed":1.066,"_zoom":20.656},{"_mousePosition":[721,407],"_rootPartCFrame":[775.016,222.7,46.878,0.114,0,0.994,0,1,0,-0.994,0,0.114],"_humanoidState":8,"_cameraCFrame":[776.021,244.468,43.025,-0.968,-0.248,0.049,0,0.193,0.981,-0.252,0.949,-0.187],"_shiftlockState":false,"_pose":"Running","_animationQueue":[],"_animationSpeed":1.066,"_zoom":20.656},{"_mousePosition":[721,407],"_rootPartCFrame":[774.887,222.7,46.845,0.123,0,0.992,0,1,0,-0.992,0,0.123],"_humanoidState":8,"_cameraCFrame":[775.891,244.468,42.991,-0.968,-0.248,0.049,0,0.193,0.981,-0.252,0.949,-0.187],"_shiftlockState":false,"_pose":"Running","_animationQueue":[],"_animationSpeed":1.066,"_zoom":20.656},{"_mousePosition":[721,407],"_rootPartCFrame":[774.628,222.7,46.778,0.141,0,0.99,0,1,0,-0.99,0,0.141],"_humanoidState":8,"_cameraCFrame":[775.633,244.468,42.924,-0.968,-0.248,0.049,0,0.193,0.981,-0.252,0.949,-0.187],"_shiftlockState":false,"_pose":"Running","_animationQueue":[],"_animationSpeed":1.066,"_zoom":20.656},{"_mousePosition":[721,407],"_rootPartCFrame":[774.37,222.7,46.71,0.156,0,0.988,0,1,0,-0.988,0,0.156],"_humanoidState":8,"_cameraCFrame":[775.375,244.468,42.857,-0.968,-0.248,0.049,0,0.193,0.981,-0.252,0.949,-0.187],"_shiftlockState":false,"_pose":"Running","_animationQueue":[["walk",0.1]],"_animationSpeed":1.066,"_zoom":20.656},{"_mousePosition":[721,407],"_rootPartCFrame":[774.112,222.7,46.643,0.169,0,0.986,0,1,0,-0.986,0,0.169],"_humanoidState":8,"_cameraCFrame":[775.117,244.468,42.789,-0.968,-0.248,0.049,0,0.193,0.981,-0.252,0.949,-0.187],"_shiftlockState":false,"_pose":"Running","_animationQueue":[],"_animationSpeed":1.066,"_zoom":20.656},{"_mousePosition":[721,407],"_rootPartCFrame":[773.854,222.7,46.576,0.181,0,0.984,0,1,0,-0.984,0,0.181],"_humanoidState":8,"_cameraCFrame":[774.859,244.468,42.722,-0.968,-0.248,0.049,0,0.193,0.981,-0.252,0.949,-0.187],"_shiftlockState":false,"_pose":"Running","_animationQueue":[],"_animationSpeed":1.066,"_zoom":20.656},{"_mousePosition":[721,407],"_rootPartCFrame":[773.596,222.7,46.508,0.19,0,0.982,0,1,0,-0.982,0,0.19],"_humanoidState":8,"_cameraCFrame":[774.611,244.468,42.657,-0.967,-0.25,0.049,0,0.193,0.981,-0.255,0.949,-0.186],"_shiftlockState":false,"_pose":"Running","_animationQueue":[],"_animationSpeed":1.066,"_zoom":20.656},{"_mousePosition":[721,407],"_rootPartCFrame":[773.338,222.7,46.441,0.199,0,0.98,0,1,0,-0.98,0,0.199],"_humanoidState":8,"_cameraCFrame":[774.363,244.468,42.592,-0.966,-0.252,0.05,0,0.193,0.981,-0.257,0.948,-0.186],"_shiftlockState":false,"_pose":"Running","_animationQueue":[],"_animationSpeed":1.066,"_zoom":20.656},{"_mousePosition":[721,407],"_rootPartCFrame":[773.08,222.7,46.373,0.206,0,0.978,0,1,0,-0.978,0,0.206],"_humanoidState":8,"_cameraCFrame":[774.124,244.468,42.53,-0.965,-0.257,0.051,0,0.193,0.981,-0.262,0.947,-0.186],"_shiftlockState":false,"_pose":"Running","_animationQueue":[],"_animationSpeed":1.066,"_zoom":20.656},{"_mousePosition":[721,407],"_rootPartCFrame":[772.823,222.7,46.305,0.213,0,0.977,0,1,0,-0.977,0,0.213],"_humanoidState":8,"_cameraCFrame":[773.905,244.468,42.472,-0.962,-0.267,0.052,0,0.193,0.981,-0.272,0.944,-0.186],"_shiftlockState":false,"_pose":"Running","_animationQueue":[["walk",0.1]],"_animationSpeed":1.066,"_zoom":20.656},{"_mousePosition":[721,407],"_rootPartCFrame":[772.565,222.7,46.235,0.22,0,0.976,0,1,0,-0.976,0,0.22],"_humanoidState":8,"_cameraCFrame":[773.664,244.483,42.489,-0.96,-0.277,0.053,0,0.189,0.982,-0.282,0.942,-0.181],"_shiftlockState":false,"_pose":"Running","_animationQueue":[],"_animationSpeed":1.066,"_zoom":20.656},{"_mousePosition":[721,407],"_rootPartCFrame":[772.309,222.7,46.163,0.227,0,0.974,0,1,0,-0.974,0,0.227],"_humanoidState":8,"_cameraCFrame":[771.758,244.506,42.029,-0.955,-0.291,0.054,0,0.183,0.983,-0.296,0.939,-0.175],"_shiftlockState":true,"_pose":"Running","_animationQueue":[],"_animationSpeed":1.066,"_zoom":20.656},{"_mousePosition":[683,384],"_rootPartCFrame":[771.925,222.7,46.05,-0.987,0,0.161,0,1,0,-0.161,0,-0.987],"_humanoidState":8,"_cameraCFrame":[771.374,244.506,41.917,-0.955,-0.291,0.054,0,0.183,0.983,-0.296,0.939,-0.175],"_shiftlockState":true,"_pose":"Running","_animationQueue":[],"_animationSpeed":1.066,"_zoom":20.656},{"_mousePosition":[683,384],"_rootPartCFrame":[771.734,222.7,45.991,-0.962,0,0.274,0,1,0,-0.274,0,-0.962],"_humanoidState":8,"_cameraCFrame":[771.188,244.528,41.966,-0.952,-0.301,0.054,0,0.177,0.984,-0.306,0.937,-0.169],"_shiftlockState":true,"_pose":"Running","_animationQueue":[],"_animationSpeed":1.066,"_zoom":20.656},{"_mousePosition":[683,384],"_rootPartCFrame":[771.479,222.7,45.913,-0.953,0,0.302,0,1,0,-0.302,0,-0.953],"_humanoidState":8,"_cameraCFrame":[771,244.542,41.95,-0.945,-0.322,0.057,0,0.174,0.985,-0.327,0.931,-0.164],"_shiftlockState":true,"_pose":"Running","_animationQueue":[],"_animationSpeed":1.066,"_zoom":20.656},{"_mousePosition":[683,384],"_rootPartCFrame":[771.225,222.7,45.831,-0.945,0,0.327,0,1,0,-0.327,0,-0.945],"_humanoidState":8,"_cameraCFrame":[770.766,244.202,41.921,-0.942,-0.332,0.059,0,0.174,0.985,-0.337,0.927,-0.163],"_shiftlockState":true,"_pose":"Running","_animationQueue":[["walk",0.1]],"_animationSpeed":1.066,"_zoom":16.125},{"_mousePosition":[683,384],"_rootPartCFrame":[770.973,222.7,45.745,-0.942,0,0.337,0,1,0,-0.337,0,-0.942],"_humanoidState":8,"_cameraCFrame":[770.482,243.519,41.947,-0.941,-0.334,0.059,0,0.174,0.985,-0.339,0.926,-0.163],"_shiftlockState":true,"_pose":"Running","_animationQueue":[],"_animationSpeed":1.066,"_zoom":16.125},{"_mousePosition":[683,384],"_rootPartCFrame":[770.721,222.638,45.655,-0.941,0,0.339,0,1,0,-0.339,0,-0.941],"_humanoidState":8,"_cameraCFrame":[770.182,242.638,41.993,-0.941,-0.334,0.059,0,0.174,0.985,-0.339,0.926,-0.163],"_shiftlockState":true,"_pose":"Running","_animationQueue":[],"_animationSpeed":1.066,"_zoom":16.125},{"_mousePosition":[683,384],"_rootPartCFrame":[770.471,222.51,45.565,-0.941,0,0.339,0,1,0,-0.339,0,-0.941],"_humanoidState":8,"_cameraCFrame":[769.904,241.906,42.001,-0.94,-0.337,0.059,0,0.174,0.985,-0.342,0.926,-0.163],"_shiftlockState":true,"_pose":"Running","_animationQueue":[],"_animationSpeed":1.066,"_zoom":16.125},{"_mousePosition":[683,384],"_rootPartCFrame":[770.22,223.383,45.475,-0.94,0,0.342,0,1,0,-0.342,0,-0.94],"_humanoidState":3,"_cameraCFrame":[769.61,241.92,42.052,-0.939,-0.339,0.06,0,0.174,0.985,-0.344,0.925,-0.163],"_shiftlockState":true,"_pose":"Jumping","_animationQueue":[["walk",0.1],["jump",0.1]],"_animationSpeed":1,"_zoom":12.5},{"_mousePosition":[683,384],"_rootPartCFrame":[769.969,224.205,45.384,-0.903,0,0.429,0,1,0,-0.429,0,-0.903],"_humanoidState":5,"_cameraCFrame":[769.306,241.723,42.128,-0.938,-0.341,0.06,0,0.174,0.985,-0.346,0.924,-0.163],"_shiftlockState":true,"_pose":"FreeFall","_animationQueue":[["jump",0.1]],"_animationSpeed":1,"_zoom":12.5},{"_mousePosition":[683,384],"_rootPartCFrame":[769.719,224.973,45.292,-0.886,0,0.464,0,1,0,-0.464,0,-0.886],"_humanoidState":5,"_cameraCFrame":[769.002,241.612,42.181,-0.938,-0.341,0.06,0,0.174,0.985,-0.346,0.924,-0.163],"_shiftlockState":true,"_pose":"FreeFall","_animationQueue":[],"_animationSpeed":1,"_zoom":12.5},{"_mousePosition":[683,384],"_rootPartCFrame":[769.406,225.855,45.177,-0.868,0,0.497,0,1,0,-0.497,0,-0.868],"_humanoidState":5,"_cameraCFrame":[768.64,241.685,42.2,-0.938,-0.341,0.06,0,0.174,0.985,-0.346,0.924,-0.163],"_shiftlockState":true,"_pose":"FreeFall","_animationQueue":[],"_animationSpeed":1,"_zoom":12.5},{"_mousePosition":[683,384],"_rootPartCFrame":[769.218,226.344,45.107,-0.899,0,0.438,0,1,0,-0.438,0,-0.899],"_humanoidState":5,"_cameraCFrame":[768.416,241.589,42.228,-0.938,-0.341,0.06,0,0.174,0.985,-0.346,0.924,-0.163],"_shiftlockState":true,"_pose":"FreeFall","_animationQueue":[],"_animationSpeed":1,"_zoom":12.5},{"_mousePosition":[683,384],"_rootPartCFrame":[768.968,226.948,45.015,-0.884,0,0.468,0,1,0,-0.468,0,-0.884],"_humanoidState":5,"_cameraCFrame":[768.142,241.804,42.199,-0.938,-0.341,0.06,0,0.174,0.985,-0.346,0.924,-0.163],"_shiftlockState":true,"_pose":"FreeFall","_animationQueue":[],"_animationSpeed":1,"_zoom":12.5},{"_mousePosition":[683,384],"_rootPartCFrame":[768.78,227.366,44.946,-0.899,0,0.438,0,1,0,-0.438,0,-0.899],"_humanoidState":5,"_cameraCFrame":[767.941,241.882,42.184,-0.937,-0.344,0.061,0,0.174,0.985,-0.349,0.923,-0.163],"_shiftlockState":true,"_pose":"FreeFall","_animationQueue":[],"_animationSpeed":1,"_zoom":12.5},{"_mousePosition":[683,384],"_rootPartCFrame":[768.467,227.993,44.83,-0.866,0,0.499,0,1,0,-0.499,0,-0.866],"_humanoidState":5,"_cameraCFrame":[767.615,242.297,42.104,-0.937,-0.344,0.061,0,0.174,0.985,-0.349,0.923,-0.163],"_shiftlockState":true,"_pose":"FreeFall","_animationQueue":[],"_animationSpeed":1,"_zoom":12.5},{"_mousePosition":[683,384],"_rootPartCFrame":[768.217,228.433,44.737,-0.883,0,0.47,0,1,0,-0.47,0,-0.883],"_humanoidState":5,"_cameraCFrame":[767.362,242.585,42.034,-0.936,-0.346,0.061,0,0.174,0.985,-0.351,0.922,-0.163],"_shiftlockState":true,"_pose":"FreeFall","_animationQueue":[],"_animationSpeed":1,"_zoom":12.5},{"_mousePosition":[683,384],"_rootPartCFrame":[767.967,228.819,44.644,-0.881,0,0.472,0,1,0,-0.472,0,-0.881],"_humanoidState":5,"_cameraCFrame":[767.112,242.854,41.958,-0.935,-0.348,0.061,0,0.174,0.985,-0.354,0.921,-0.162],"_shiftlockState":true,"_pose":"FreeFall","_animationQueue":[],"_animationSpeed":1,"_zoom":12.5},{"_mousePosition":[683,384],"_rootPartCFrame":[767.718,229.151,44.551,-0.88,0,0.475,0,1,0,-0.475,0,-0.88],"_humanoidState":5,"_cameraCFrame":[766.871,243.114,41.872,-0.934,-0.353,0.062,0,0.174,0.985,-0.358,0.919,-0.162],"_shiftlockState":true,"_pose":"FreeFall","_animationQueue":[],"_animationSpeed":1,"_zoom":12.5},{"_mousePosition":[683,384],"_rootPartCFrame":[767.468,229.428,44.456,-0.878,0,0.479,0,1,0,-0.479,0,-0.878],"_humanoidState":5,"_cameraCFrame":[766.646,243.342,41.777,-0.93,-0.362,0.064,0,0.174,0.985,-0.368,0.916,-0.161],"_shiftlockState":true,"_pose":"FreeFall","_animationQueue":[],"_animationSpeed":1,"_zoom":12.5},{"_mousePosition":[683,384],"_rootPartCFrame":[767.281,229.6,44.385,-0.889,0,0.459,0,1,0,-0.459,0,-0.889],"_humanoidState":5,"_cameraCFrame":[766.491,243.479,41.701,-0.925,-0.374,0.066,0,0.174,0.985,-0.379,0.911,-0.161],"_shiftlockState":true,"_pose":"FreeFall","_animationQueue":[],"_animationSpeed":1,"_zoom":12.5},{"_mousePosition":[683,384],"_rootPartCFrame":[766.971,229.818,44.263,-0.849,0,0.528,0,1,0,-0.528,0,-0.849],"_humanoidState":5,"_cameraCFrame":[766.22,243.674,41.571,-0.919,-0.387,0.068,0,0.174,0.985,-0.393,0.905,-0.16],"_shiftlockState":true,"_pose":"FreeFall","_animationQueue":[],"_animationSpeed":1,"_zoom":12.5},{"_mousePosition":[683,384],"_rootPartCFrame":[766.663,229.952,44.137,-0.841,0,0.54,0,1,0,-0.54,0,-0.841],"_humanoidState":5,"_cameraCFrame":[765.951,243.792,41.437,-0.913,-0.401,0.071,0,0.174,0.985,-0.407,0.899,-0.159],"_shiftlockState":true,"_pose":"FreeFall","_animationQueue":[],"_animationSpeed":1,"_zoom":12.5},{"_mousePosition":[683,384],"_rootPartCFrame":[766.478,229.991,44.058,-0.868,0,0.496,0,1,0,-0.496,0,-0.868],"_humanoidState":5,"_cameraCFrame":[765.793,243.821,41.353,-0.909,-0.41,0.072,0,0.174,0.985,-0.417,0.895,-0.158],"_shiftlockState":true,"_pose":"FreeFall","_animationQueue":[["fall",0.3]],"_animationSpeed":1,"_zoom":12.5},{"_mousePosition":[683,384],"_rootPartCFrame":[766.235,229.996,43.95,-0.846,0,0.534,0,1,0,-0.534,0,-0.846],"_humanoidState":5,"_cameraCFrame":[765.57,243.818,41.241,-0.906,-0.417,0.074,0,0.174,0.985,-0.423,0.892,-0.157],"_shiftlockState":true,"_pose":"FreeFall","_animationQueue":[],"_animationSpeed":1,"_zoom":12.5},{"_mousePosition":[683,384],"_rootPartCFrame":[765.992,229.946,43.84,-0.842,0,0.54,0,1,0,-0.54,0,-0.842],"_humanoidState":5,"_cameraCFrame":[765.333,243.764,41.129,-0.905,-0.419,0.074,0,0.174,0.985,-0.426,0.891,-0.157],"_shiftlockState":true,"_pose":"FreeFall","_animationQueue":[],"_animationSpeed":1,"_zoom":12.5},{"_mousePosition":[683,384],"_rootPartCFrame":[765.75,229.841,43.727,-0.84,0,0.542,0,1,0,-0.542,0,-0.84],"_humanoidState":5,"_cameraCFrame":[765.091,243.657,41.017,-0.905,-0.419,0.074,0,0.174,0.985,-0.426,0.891,-0.157],"_shiftlockState":true,"_pose":"FreeFall","_animationQueue":[],"_animationSpeed":1,"_zoom":12.5},{"_mousePosition":[683,384],"_rootPartCFrame":[765.509,229.682,43.614,-0.84,0,0.542,0,1,0,-0.542,0,-0.84],"_humanoidState":5,"_cameraCFrame":[764.85,243.496,40.904,-0.905,-0.419,0.074,0,0.174,0.985,-0.426,0.891,-0.157],"_shiftlockState":true,"_pose":"FreeFall","_animationQueue":[],"_animationSpeed":1,"_zoom":12.5},{"_mousePosition":[683,384],"_rootPartCFrame":[765.268,229.469,43.5,-0.84,0,0.542,0,1,0,-0.542,0,-0.84],"_humanoidState":5,"_cameraCFrame":[764.616,243.281,40.789,-0.904,-0.422,0.074,0,0.174,0.985,-0.428,0.89,-0.157],"_shiftlockState":true,"_pose":"FreeFall","_animationQueue":[],"_animationSpeed":1,"_zoom":12.5},{"_mousePosition":[683,384],"_rootPartCFrame":[765.087,229.273,43.415,-0.857,0,0.516,0,1,0,-0.516,0,-0.857],"_humanoidState":5,"_cameraCFrame":[764.435,243.084,40.704,-0.904,-0.422,0.074,0,0.174,0.985,-0.428,0.89,-0.157],"_shiftlockState":true,"_pose":"FreeFall","_animationQueue":[],"_animationSpeed":1,"_zoom":12.5},{"_mousePosition":[683,384],"_rootPartCFrame":[764.786,228.878,43.272,-0.82,0,0.572,0,1,0,-0.572,0,-0.82],"_humanoidState":5,"_cameraCFrame":[764.133,242.689,40.561,-0.904,-0.422,0.074,0,0.174,0.985,-0.428,0.89,-0.157],"_shiftlockState":true,"_pose":"FreeFall","_animationQueue":[["fall",0.3]],"_animationSpeed":1,"_zoom":12.5},{"_mousePosition":[683,384],"_rootPartCFrame":[764.545,228.501,43.158,-0.839,0,0.544,0,1,0,-0.544,0,-0.839],"_humanoidState":5,"_cameraCFrame":[763.892,242.312,40.447,-0.904,-0.422,0.074,0,0.174,0.985,-0.428,0.89,-0.157],"_shiftlockState":true,"_pose":"FreeFall","_animationQueue":[],"_animationSpeed":1,"_zoom":12.5},{"_mousePosition":[683,384],"_rootPartCFrame":[764.304,228.07,43.044,-0.839,0,0.544,0,1,0,-0.544,0,-0.839],"_humanoidState":5,"_cameraCFrame":[763.644,241.88,40.335,-0.905,-0.419,0.074,0,0.174,0.985,-0.426,0.891,-0.157],"_shiftlockState":true,"_pose":"FreeFall","_animationQueue":[],"_animationSpeed":1,"_zoom":12.5},{"_mousePosition":[683,384],"_rootPartCFrame":[764.063,227.584,42.93,-0.84,0,0.542,0,1,0,-0.542,0,-0.84],"_humanoidState":5,"_cameraCFrame":[763.39,241.394,40.224,-0.907,-0.415,0.073,0,0.174,0.985,-0.421,0.893,-0.157],"_shiftlockState":true,"_pose":"FreeFall","_animationQueue":[],"_animationSpeed":1,"_zoom":12.5},{"_mousePosition":[683,384],"_rootPartCFrame":[763.821,227.043,42.816,-0.843,0,0.538,0,1,0,-0.538,0,-0.843],"_humanoidState":5,"_cameraCFrame":[763.135,240.853,40.114,-0.909,-0.41,0.072,0,0.174,0.985,-0.417,0.895,-0.158],"_shiftlockState":true,"_pose":"FreeFall","_animationQueue":[],"_animationSpeed":1,"_zoom":12.5},{"_mousePosition":[683,384],"_rootPartCFrame":[763.58,226.448,42.704,-0.846,0,0.534,0,1,0,-0.534,0,-0.846],"_humanoidState":5,"_cameraCFrame":[762.886,240.258,40.003,-0.91,-0.408,0.072,0,0.174,0.985,-0.414,0.896,-0.158],"_shiftlockState":true,"_pose":"FreeFall","_animationQueue":[],"_animationSpeed":1,"_zoom":12.5},{"_mousePosition":[683,384],"_rootPartCFrame":[763.337,225.799,42.592,-0.847,0,0.532,0,1,0,-0.532,0,-0.847],"_humanoidState":5,"_cameraCFrame":[762.644,239.609,39.892,-0.91,-0.408,0.072,0,0.174,0.985,-0.414,0.896,-0.158],"_shiftlockState":true,"_pose":"FreeFall","_animationQueue":[["fall",0.3]],"_animationSpeed":1,"_zoom":12.5},{"_mousePosition":[683,384],"_rootPartCFrame":[763.095,225.095,42.482,-0.847,0,0.532,0,1,0,-0.532,0,-0.847],"_humanoidState":5,"_cameraCFrame":[762.401,238.905,39.781,-0.91,-0.408,0.072,0,0.174,0.985,-0.414,0.896,-0.158],"_shiftlockState":true,"_pose":"FreeFall","_animationQueue":[],"_animationSpeed":1,"_zoom":12.5},{"_mousePosition":[683,384],"_rootPartCFrame":[762.913,224.531,42.399,-0.864,0,0.503,0,1,0,-0.503,0,-0.864],"_humanoidState":5,"_cameraCFrame":[762.219,238.341,39.698,-0.91,-0.408,0.072,0,0.174,0.985,-0.414,0.896,-0.158],"_shiftlockState":true,"_pose":"FreeFall","_animationQueue":[],"_animationSpeed":1,"_zoom":12.5},{"_mousePosition":[683,384],"_rootPartCFrame":[762.609,223.523,42.261,-0.829,0,0.559,0,1,0,-0.559,0,-0.829],"_humanoidState":5,"_cameraCFrame":[761.916,237.333,39.56,-0.91,-0.408,0.072,0,0.174,0.985,-0.414,0.896,-0.158],"_shiftlockState":true,"_pose":"FreeFall","_animationQueue":[],"_animationSpeed":1,"_zoom":12.5},{"_mousePosition":[683,384],"_rootPartCFrame":[762.367,222.656,42.15,-0.847,0,0.532,0,1,0,-0.532,0,-0.847],"_humanoidState":5,"_cameraCFrame":[761.673,236.466,39.45,-0.91,-0.408,0.072,0,0.174,0.985,-0.414,0.896,-0.158],"_shiftlockState":true,"_pose":"FreeFall","_animationQueue":[],"_animationSpeed":1,"_zoom":12.5},{"_mousePosition":[683,384],"_rootPartCFrame":[762.185,221.969,42.068,-0.864,0,0.503,0,1,0,-0.503,0,-0.864],"_humanoidState":5,"_cameraCFrame":[761.491,235.779,39.367,-0.91,-0.408,0.072,0,0.174,0.985,-0.414,0.896,-0.158],"_shiftlockState":true,"_pose":"FreeFall","_animationQueue":[],"_animationSpeed":1,"_zoom":12.5},{"_mousePosition":[683,384],"_rootPartCFrame":[761.881,220.757,41.929,-0.829,0,0.559,0,1,0,-0.559,0,-0.829],"_humanoidState":5,"_cameraCFrame":[761.208,234.567,39.224,-0.907,-0.415,0.073,0,0.174,0.985,-0.421,0.893,-0.157],"_shiftlockState":true,"_pose":"FreeFall","_animationQueue":[],"_animationSpeed":1,"_zoom":12.5},{"_mousePosition":[683,384],"_rootPartCFrame":[761.642,220.299,41.82,-0.892,0,0.452,0,1,0,-0.452,0,-0.892],"_humanoidState":7,"_cameraCFrame":[761.072,234.109,39.091,-0.89,-0.448,0.079,0,0.174,0.985,-0.455,0.877,-0.155],"_shiftlockState":true,"_pose":"FreeFall","_animationQueue":[["fall",0.3],["walk",0.1],["fall",0.3],["fall",0.3]],"_animationSpeed":1,"_zoom":12.5},{"_mousePosition":[683,384],"_rootPartCFrame":[761.463,220.345,41.738,-0.89,0,0.457,0,1,0,-0.457,0,-0.89],"_humanoidState":7,"_cameraCFrame":[761.109,234.155,38.972,-0.852,-0.516,0.091,0,0.174,0.985,-0.524,0.839,-0.148],"_shiftlockState":true,"_pose":"FreeFall","_animationQueue":[],"_animationSpeed":1,"_zoom":12.5},{"_mousePosition":[683,384],"_rootPartCFrame":[761.17,220.438,41.589,-0.852,0,0.524,0,1,0,-0.524,0,-0.852],"_humanoidState":8,"_cameraCFrame":[761.147,234.248,38.801,-0.784,-0.612,0.108,0,0.174,0.985,-0.621,0.772,-0.136],"_shiftlockState":true,"_pose":"Running","_animationQueue":[["walk",0.1],["fall",0.3],["walk",0.1]],"_animationSpeed":1.087,"_zoom":12.5},{"_mousePosition":[683,384],"_rootPartCFrame":[760.945,220.462,41.453,-0.779,0,0.627,0,1,0,-0.627,0,-0.779],"_humanoidState":8,"_cameraCFrame":[761.323,234.272,38.691,-0.686,-0.716,0.126,0,0.174,0.985,-0.727,0.676,-0.119],"_shiftlockState":true,"_pose":"Running","_animationQueue":[],"_animationSpeed":1.087,"_zoom":12.5},{"_mousePosition":[683,384],"_rootPartCFrame":[760.738,220.435,41.292,-0.68,0,0.733,0,1,0,-0.733,0,-0.68],"_humanoidState":8,"_cameraCFrame":[761.549,234.245,38.625,-0.562,-0.814,0.144,0,0.174,0.985,-0.827,0.554,-0.098],"_shiftlockState":true,"_pose":"Running","_animationQueue":[],"_animationSpeed":1.087,"_zoom":12.5},{"_mousePosition":[683,384],"_rootPartCFrame":[760.508,220.344,41.057,-0.552,0,0.834,0,1,0,-0.834,0,-0.552],"_humanoidState":8,"_cameraCFrame":[761.708,234.154,38.54,-0.433,-0.888,0.157,0,0.174,0.985,-0.901,0.426,-0.075],"_shiftlockState":true,"_pose":"Running","_animationQueue":[],"_animationSpeed":1.087,"_zoom":12.5},{"_mousePosition":[683,384],"_rootPartCFrame":[760.355,220.318,40.843,-0.424,0,0.905,0,1,0,-0.905,0,-0.424],"_humanoidState":8,"_cameraCFrame":[761.863,234.128,38.497,-0.316,-0.934,0.165,0,0.174,0.985,-0.949,0.311,-0.055],"_shiftlockState":true,"_pose":"Running","_animationQueue":[["walk",0.1]],"_animationSpeed":1.087,"_zoom":12.5},{"_mousePosition":[683,384],"_rootPartCFrame":[760.236,220.259,40.608,-0.308,0,0.951,0,1,0,-0.951,0,-0.308],"_humanoidState":8,"_cameraCFrame":[761.951,234.069,38.409,-0.228,-0.959,0.169,0,0.174,0.985,-0.974,0.225,-0.04],"_shiftlockState":true,"_pose":"Running","_animationQueue":[],"_animationSpeed":1.087,"_zoom":12.5},{"_mousePosition":[683,384],"_rootPartCFrame":[760.122,220.146,40.37,-0.22,0,0.975,0,1,0,-0.975,0,-0.22],"_humanoidState":8,"_cameraCFrame":[761.966,233.956,38.279,-0.168,-0.971,0.171,0,0.174,0.985,-0.986,0.166,-0.029],"_shiftlockState":true,"_pose":"Running","_animationQueue":[],"_animationSpeed":1.087,"_zoom":12.5},{"_mousePosition":[683,384],"_rootPartCFrame":[760.053,220.142,40.115,-0.166,0,0.986,0,1,0,-0.986,0,-0.166],"_humanoidState":8,"_cameraCFrame":[761.908,233.952,38.033,-0.163,-0.972,0.171,0,0.174,0.985,-0.987,0.161,-0.028],"_shiftlockState":true,"_pose":"Running","_animationQueue":[],"_animationSpeed":1.087,"_zoom":12.5},{"_mousePosition":[683,384],"_rootPartCFrame":[760.006,220.166,39.854,-0.163,0,0.987,0,1,0,-0.987,0,-0.163],"_humanoidState":8,"_cameraCFrame":[761.786,233.976,37.708,-0.198,-0.965,0.17,0,0.174,0.985,-0.98,0.195,-0.034],"_shiftlockState":true,"_pose":"Running","_animationQueue":[],"_animationSpeed":1.087,"_zoom":12.5},{"_mousePosition":[683,384],"_rootPartCFrame":[759.961,220.15,39.592,-0.198,0,0.98,0,1,0,-0.98,0,-0.198],"_humanoidState":8,"_cameraCFrame":[761.608,233.96,37.342,-0.257,-0.952,0.168,0,0.174,0.985,-0.966,0.254,-0.045],"_shiftlockState":true,"_pose":"Running","_animationQueue":[],"_animationSpeed":1.087,"_zoom":12.5},{"_mousePosition":[683,384],"_rootPartCFrame":[759.917,220.08,39.331,-0.257,0,0.966,0,1,0,-0.966,0,-0.257],"_humanoidState":8,"_cameraCFrame":[761.405,233.886,36.951,-0.332,-0.928,0.166,0,0.176,0.984,-0.943,0.327,-0.058],"_shiftlockState":true,"_pose":"Running","_animationQueue":[["walk",0.1]],"_animationSpeed":1.087,"_zoom":12.5},{"_mousePosition":[683,384],"_rootPartCFrame":[759.872,219.955,39.069,-0.332,0,0.943,0,1,0,-0.943,0,-0.332],"_humanoidState":8,"_cameraCFrame":[761.163,233.761,36.576,-0.408,-0.899,0.16,0,0.176,0.984,-0.913,0.401,-0.072],"_shiftlockState":true,"_pose":"Running","_animationQueue":[],"_animationSpeed":1.087,"_zoom":12.5},{"_mousePosition":[683,384],"_rootPartCFrame":[759.827,220.828,38.807,-0.408,0,0.913,0,1,0,-0.913,0,-0.408],"_humanoidState":3,"_cameraCFrame":[760.94,234.63,36.21,-0.478,-0.864,0.156,0,0.177,0.984,-0.878,0.47,-0.085],"_shiftlockState":true,"_pose":"Jumping","_animationQueue":[["walk",0.1],["jump",0.1]],"_animationSpeed":1,"_zoom":12.5},{"_mousePosition":[683,384],"_rootPartCFrame":[759.759,221.651,38.553,-0.395,0,0.919,0,1,0,-0.919,0,-0.395],"_humanoidState":5,"_cameraCFrame":[760.684,235.452,35.883,-0.539,-0.829,0.15,0,0.177,0.984,-0.842,0.53,-0.096],"_shiftlockState":true,"_pose":"FreeFall","_animationQueue":[["jump",0.1]],"_animationSpeed":1,"_zoom":12.5},{"_mousePosition":[683,384],"_rootPartCFrame":[759.621,222.601,38.252,-0.396,0,0.918,0,1,0,-0.918,0,-0.396],"_humanoidState":5,"_cameraCFrame":[760.362,236.403,35.525,-0.595,-0.791,0.143,0,0.177,0.984,-0.804,0.586,-0.106],"_shiftlockState":true,"_pose":"FreeFall","_animationQueue":[],"_animationSpeed":1,"_zoom":12.5},{"_mousePosition":[683,384],"_rootPartCFrame":[759.517,223.131,38.081,-0.512,0,0.859,0,1,0,-0.859,0,-0.512],"_humanoidState":5,"_cameraCFrame":[760.071,236.932,35.31,-0.649,-0.749,0.135,0,0.177,0.984,-0.761,0.638,-0.115],"_shiftlockState":true,"_pose":"FreeFall","_animationQueue":[],"_animationSpeed":1,"_zoom":12.5},{"_mousePosition":[683,384],"_rootPartCFrame":[759.322,223.946,37.811,-0.514,0,0.858,0,1,0,-0.858,0,-0.514],"_humanoidState":5,"_cameraCFrame":[759.692,237.747,35.01,-0.697,-0.705,0.127,0,0.177,0.984,-0.717,0.686,-0.124],"_shiftlockState":true,"_pose":"FreeFall","_animationQueue":[],"_animationSpeed":1,"_zoom":12.5},{"_mousePosition":[683,384],"_rootPartCFrame":[759.195,224.394,37.657,-0.622,0,0.783,0,1,0,-0.783,0,-0.622],"_humanoidState":5,"_cameraCFrame":[759.38,238.195,34.837,-0.743,-0.659,0.119,0,0.177,0.984,-0.669,0.731,-0.132],"_shiftlockState":true,"_pose":"FreeFall","_animationQueue":[],"_animationSpeed":1,"_zoom":12.5},{"_mousePosition":[683,384],"_rootPartCFrame":[758.965,225.072,37.415,-0.622,0,0.783,0,1,0,-0.783,0,-0.622],"_humanoidState":5,"_cameraCFrame":[758.994,238.86,34.533,-0.788,-0.605,0.113,0,0.183,0.983,-0.615,0.775,-0.144],"_shiftlockState":true,"_pose":"FreeFall","_animationQueue":[],"_animationSpeed":1,"_zoom":12.5},{"_mousePosition":[683,384],"_rootPartCFrame":[758.769,225.553,37.235,-0.7,0,0.714,0,1,0,-0.714,0,-0.7],"_humanoidState":5,"_cameraCFrame":[758.538,239.314,34.246,-0.855,-0.509,0.101,0,0.195,0.981,-0.519,0.838,-0.166],"_shiftlockState":true,"_pose":"FreeFall","_animationQueue":[],"_animationSpeed":1,"_zoom":12.5},{"_mousePosition":[683,384],"_rootPartCFrame":[758.561,225.98,37.068,-0.778,0,0.628,0,1,0,-0.628,0,-0.778],"_humanoidState":5,"_cameraCFrame":[758.147,239.722,34.02,-0.891,-0.444,0.092,0,0.202,0.979,-0.453,0.873,-0.18],"_shiftlockState":true,"_pose":"FreeFall","_animationQueue":[],"_animationSpeed":1,"_zoom":12.5},{"_mousePosition":[683,384],"_rootPartCFrame":[758.339,226.353,36.921,-0.823,0,0.568,0,1,0,-0.568,0,-0.823],"_humanoidState":5,"_cameraCFrame":[757.721,240.084,33.868,-0.922,-0.378,0.08,0,0.206,0.979,-0.386,0.902,-0.19],"_shiftlockState":true,"_pose":"FreeFall","_animationQueue":[],"_animationSpeed":1,"_zoom":12.5},{"_mousePosition":[683,384],"_rootPartCFrame":[758.163,226.596,36.827,-0.879,0,0.477,0,1,0,-0.477,0,-0.879],"_humanoidState":5,"_cameraCFrame":[757.353,240.322,33.798,-0.946,-0.318,0.068,0,0.208,0.978,-0.325,0.925,-0.197],"_shiftlockState":true,"_pose":"FreeFall","_animationQueue":[],"_animationSpeed":1,"_zoom":12.5},{"_mousePosition":[683,384],"_rootPartCFrame":[757.919,226.873,36.72,-0.894,0,0.448,0,1,0,-0.448,0,-0.894],"_humanoidState":5,"_cameraCFrame":[756.927,240.599,33.746,-0.964,-0.261,0.056,0,0.208,0.978,-0.267,0.943,-0.201],"_shiftlockState":true,"_pose":"FreeFall","_animationQueue":[],"_animationSpeed":1,"_zoom":12.5},{"_mousePosition":[683,384],"_rootPartCFrame":[757.668,227.096,36.63,-0.92,0,0.393,0,1,0,-0.393,0,-0.92],"_humanoidState":5,"_cameraCFrame":[756.497,240.822,33.722,-0.978,-0.203,0.043,0,0.208,0.978,-0.208,0.957,-0.204],"_shiftlockState":true,"_pose":"FreeFall","_animationQueue":[],"_animationSpeed":1,"_zoom":12.5},{"_mousePosition":[683,384],"_rootPartCFrame":[757.412,227.264,36.556,-0.942,0,0.336,0,1,0,-0.336,0,-0.942],"_humanoidState":5,"_cameraCFrame":[756.081,240.99,33.718,-0.988,-0.15,0.032,0,0.208,0.978,-0.153,0.967,-0.206],"_shiftlockState":true,"_pose":"FreeFall","_animationQueue":[],"_animationSpeed":1,"_zoom":12.5},{"_mousePosition":[683,384],"_rootPartCFrame":[757.152,227.377,36.498,-0.959,0,0.283,0,1,0,-0.283,0,-0.959],"_humanoidState":5,"_cameraCFrame":[755.665,241.104,33.738,-0.995,-0.096,0.02,0,0.208,0.978,-0.098,0.973,-0.207],"_shiftlockState":true,"_pose":"FreeFall","_animationQueue":[],"_animationSpeed":1,"_zoom":12.5},{"_mousePosition":[683,384],"_rootPartCFrame":[756.889,227.436,36.455,-0.973,0,0.229,0,1,0,-0.229,0,-0.973],"_humanoidState":5,"_cameraCFrame":[755.271,241.163,33.77,-0.999,-0.049,0.01,0,0.208,0.978,-0.05,0.977,-0.208],"_shiftlockState":true,"_pose":"FreeFall","_animationQueue":[],"_animationSpeed":1,"_zoom":12.5},{"_mousePosition":[683,384],"_rootPartCFrame":[756.623,227.441,36.427,-0.983,0,0.182,0,1,0,-0.182,0,-0.983],"_humanoidState":5,"_cameraCFrame":[754.892,241.167,33.814,-1,-0.007,0.001,0,0.208,0.978,-0.007,0.978,-0.208],"_shiftlockState":true,"_pose":"FreeFall","_animationQueue":[],"_animationSpeed":1,"_zoom":12.5},{"_mousePosition":[683,384],"_rootPartCFrame":[756.357,227.391,36.412,-0.99,0,0.14,0,1,0,-0.14,0,-0.99],"_humanoidState":5,"_cameraCFrame":[754.541,241.117,33.857,-1,0.025,-0.005,0,0.208,0.978,0.026,0.978,-0.208],"_shiftlockState":true,"_pose":"FreeFall","_animationQueue":[],"_animationSpeed":1,"_zoom":12.5},{"_mousePosition":[683,384],"_rootPartCFrame":[756.091,227.286,36.408,-0.994,0,0.107,0,1,0,-0.107,0,-0.994],"_humanoidState":5,"_cameraCFrame":[754.218,241.018,33.919,-0.999,0.048,-0.01,0,0.206,0.979,0.049,0.977,-0.206],"_shiftlockState":true,"_pose":"FreeFall","_animationQueue":[["fall",0.3]],"_animationSpeed":1,"_zoom":12.5},{"_mousePosition":[683,384],"_rootPartCFrame":[755.824,227.127,36.414,-0.996,0,0.085,0,1,0,-0.085,0,-0.996],"_humanoidState":5,"_cameraCFrame":[753.884,240.864,34.001,-0.997,0.075,-0.016,0,0.204,0.979,0.076,0.976,-0.204],"_shiftlockState":true,"_pose":"FreeFall","_animationQueue":[],"_animationSpeed":1,"_zoom":12.5},{"_mousePosition":[683,384],"_rootPartCFrame":[755.558,226.914,36.426,-0.998,0,0.057,0,1,0,-0.057,0,-0.998],"_humanoidState":5,"_cameraCFrame":[753.584,240.655,34.067,-0.996,0.09,-0.019,0,0.202,0.979,0.091,0.975,-0.202],"_shiftlockState":true,"_pose":"FreeFall","_animationQueue":[],"_animationSpeed":1,"_zoom":12.5},{"_mousePosition":[683,384],"_rootPartCFrame":[755.292,226.646,36.445,-0.999,0,0.042,0,1,0,-0.042,0,-0.999],"_humanoidState":5,"_cameraCFrame":[753.281,240.397,34.169,-0.994,0.107,-0.022,0,0.199,0.98,0.109,0.974,-0.197],"_shiftlockState":true,"_pose":"FreeFall","_animationQueue":[],"_animationSpeed":1,"_zoom":12.5},{"_mousePosition":[683,384],"_rootPartCFrame":[755.026,226.323,36.469,-1,0,0.024,0,1,0,-0.024,0,-1],"_humanoidState":5,"_cameraCFrame":[752.99,240.079,34.242,-0.993,0.119,-0.024,0,0.197,0.98,0.122,0.973,-0.195],"_shiftlockState":true,"_pose":"FreeFall","_animationQueue":[],"_animationSpeed":1,"_zoom":12.5},{"_mousePosition":[683,384],"_rootPartCFrame":[754.562,225.628,36.519,-0.994,0,0.111,0,1,0,-0.111,0,-0.994],"_humanoidState":5,"_cameraCFrame":[752.504,239.384,34.313,-0.991,0.129,-0.026,0,0.197,0.98,0.132,0.972,-0.195],"_shiftlockState":true,"_pose":"FreeFall","_animationQueue":[],"_animationSpeed":1,"_zoom":12.5},{"_mousePosition":[683,384],"_rootPartCFrame":[754.496,225.515,36.527,-0.995,0,-0.099,0,1,0,0.099,0,-0.995],"_humanoidState":5,"_cameraCFrame":[752.43,239.276,34.355,-0.991,0.134,-0.027,0,0.195,0.981,0.137,0.972,-0.193],"_shiftlockState":true,"_pose":"FreeFall","_animationQueue":[["fall",0.3]],"_animationSpeed":1,"_zoom":12.5},{"_mousePosition":[683,384],"_rootPartCFrame":[754.232,225.029,36.561,-1,0,-0.004,0,1,0,0.004,0,-1],"_humanoidState":5,"_cameraCFrame":[752.163,238.794,34.418,-0.99,0.137,-0.027,0,0.193,0.981,0.139,0.972,-0.191],"_shiftlockState":true,"_pose":"FreeFall","_animationQueue":[],"_animationSpeed":1,"_zoom":12.5},{"_mousePosition":[683,384],"_rootPartCFrame":[754.033,224.629,36.588,-0.999,0,-0.04,0,1,0,0.04,0,-0.999],"_humanoidState":5,"_cameraCFrame":[751.965,238.394,34.446,-0.99,0.137,-0.027,0,0.193,0.981,0.139,0.972,-0.191],"_shiftlockState":true,"_pose":"FreeFall","_animationQueue":[],"_animationSpeed":1,"_zoom":12.5},{"_mousePosition":[683,384],"_rootPartCFrame":[753.703,223.894,36.635,-1,0,0.027,0,1,0,-0.027,0,-1],"_humanoidState":5,"_cameraCFrame":[751.635,237.659,34.492,-0.99,0.137,-0.027,0,0.193,0.981,0.139,0.972,-0.191],"_shiftlockState":true,"_pose":"FreeFall","_animationQueue":[],"_animationSpeed":1,"_zoom":12.5},{"_mousePosition":[683,384],"_rootPartCFrame":[753.439,223.244,36.672,-1,0,-0.006,0,1,0,0.006,0,-1],"_humanoidState":5,"_cameraCFrame":[751.374,237.014,34.553,-0.99,0.137,-0.027,0,0.191,0.982,0.139,0.972,-0.189],"_shiftlockState":true,"_pose":"FreeFall","_animationQueue":[],"_animationSpeed":1,"_zoom":12.5},{"_mousePosition":[683,384],"_rootPartCFrame":[753.241,222.721,36.7,-0.999,0,-0.04,0,1,0,0.04,0,-0.999],"_humanoidState":5,"_cameraCFrame":[751.197,236.491,34.56,-0.992,0.127,-0.025,0,0.191,0.982,0.129,0.973,-0.189],"_shiftlockState":true,"_pose":"FreeFall","_animationQueue":[],"_animationSpeed":1,"_zoom":12.5},{"_mousePosition":[683,384],"_rootPartCFrame":[752.911,221.782,36.746,-0.999,0,0.037,0,1,0,-0.037,0,-0.999],"_humanoidState":5,"_cameraCFrame":[750.927,235.552,34.55,-0.995,0.1,-0.019,0,0.191,0.982,0.102,0.977,-0.19],"_shiftlockState":true,"_pose":"FreeFall","_animationQueue":[],"_animationSpeed":1,"_zoom":12.5},{"_mousePosition":[683,384],"_rootPartCFrame":[752.646,220.969,36.781,-1,0,0.032,0,1,0,-0.032,0,-1],"_humanoidState":5,"_cameraCFrame":[750.759,234.739,34.502,-0.998,0.058,-0.011,0,0.191,0.982,0.059,0.98,-0.191],"_shiftlockState":true,"_pose":"FreeFall","_animationQueue":[["fall",0.3]],"_animationSpeed":1,"_zoom":12.5},{"_mousePosition":[683,384],"_rootPartCFrame":[752.382,220.846,36.809,-1,0,-0.017,0,1,0,0.017,0,-1],"_humanoidState":7,"_cameraCFrame":[750.691,234.616,34.38,-1,-0.024,0.005,0,0.191,0.982,-0.025,0.981,-0.191],"_shiftlockState":true,"_pose":"FreeFall","_animationQueue":[["walk",0.1],["fall",0.3],["fall",0.3]],"_animationSpeed":1,"_zoom":12.5},{"_mousePosition":[683,384],"_rootPartCFrame":[752.116,220.844,36.826,-1,0,0.03,0,1,0,-0.03,0,-1],"_humanoidState":7,"_cameraCFrame":[750.568,234.618,34.327,-0.997,-0.081,0.016,0,0.189,0.982,-0.083,0.979,-0.188],"_shiftlockState":true,"_pose":"FreeFall","_animationQueue":[],"_animationSpeed":1,"_zoom":12.5},{"_mousePosition":[683,384],"_rootPartCFrame":[751.851,220.74,36.823,-0.997,0,0.083,0,1,0,-0.083,0,-0.997],"_humanoidState":8,"_cameraCFrame":[750.421,234.519,34.276,-0.991,-0.128,0.024,0,0.187,0.982,-0.131,0.974,-0.185],"_shiftlockState":true,"_pose":"Running","_animationQueue":[["walk",0.1],["fall",0.3],["walk",0.1]],"_animationSpeed":1.1,"_zoom":12.5},{"_mousePosition":[683,384],"_rootPartCFrame":[751.586,220.57,36.802,-0.991,0,0.131,0,1,0,-0.131,0,-0.991],"_humanoidState":8,"_cameraCFrame":[750.237,234.354,34.233,-0.987,-0.16,0.03,0,0.185,0.983,-0.163,0.97,-0.183],"_shiftlockState":true,"_pose":"Running","_animationQueue":[],"_animationSpeed":1.1,"_zoom":12.5},{"_mousePosition":[683,384],"_rootPartCFrame":[751.322,220.347,36.768,-0.987,0,0.163,0,1,0,-0.163,0,-0.987],"_humanoidState":8,"_cameraCFrame":[750.021,234.135,34.196,-0.983,-0.18,0.034,0,0.183,0.983,-0.183,0.966,-0.18],"_shiftlockState":true,"_pose":"Running","_animationQueue":[],"_animationSpeed":1.1,"_zoom":12.5},{"_mousePosition":[683,384],"_rootPartCFrame":[751.06,220.068,36.726,-0.983,0,0.183,0,1,0,-0.183,0,-0.983],"_humanoidState":8,"_cameraCFrame":[749.772,233.857,34.147,-0.982,-0.185,0.034,0,0.183,0.983,-0.188,0.966,-0.18],"_shiftlockState":true,"_pose":"Running","_animationQueue":[["walk",0.1]],"_animationSpeed":1.1,"_zoom":12.5},{"_mousePosition":[683,384],"_rootPartCFrame":[750.799,220.07,36.678,-0.982,0,0.188,0,1,0,-0.188,0,-0.982],"_humanoidState":8,"_cameraCFrame":[749.511,233.858,34.099,-0.982,-0.185,0.034,0,0.183,0.983,-0.188,0.966,-0.18],"_shiftlockState":true,"_pose":"Running","_animationQueue":[],"_animationSpeed":1.1,"_zoom":12.5},{"_mousePosition":[683,384],"_rootPartCFrame":[750.54,220.131,36.628,-0.982,0,0.188,0,1,0,-0.188,0,-0.982],"_humanoidState":8,"_cameraCFrame":[749.259,233.919,34.046,-0.982,-0.187,0.035,0,0.183,0.983,-0.191,0.965,-0.18],"_shiftlockState":true,"_pose":"Running","_animationQueue":[],"_animationSpeed":1.1,"_zoom":12.5},{"_mousePosition":[683,384],"_rootPartCFrame":[750.153,220.219,36.554,-0.982,0,0.191,0,1,0,-0.191,0,-0.982],"_humanoidState":8,"_cameraCFrame":[748.893,234.011,33.983,-0.98,-0.197,0.036,0,0.181,0.983,-0.201,0.963,-0.178],"_shiftlockState":true,"_pose":"Running","_animationQueue":[],"_animationSpeed":1.1,"_zoom":12.5},{"_mousePosition":[683,384],"_rootPartCFrame":[749.895,220.268,36.504,-0.98,0,0.201,0,1,0,-0.201,0,-0.98],"_humanoidState":8,"_cameraCFrame":[748.683,234.07,33.951,-0.975,-0.219,0.04,0,0.177,0.984,-0.223,0.959,-0.173],"_shiftlockState":true,"_pose":"Running","_animationQueue":[],"_animationSpeed":1.1,"_zoom":12.5},{"_mousePosition":[683,384],"_rootPartCFrame":[749.702,220.303,36.465,-0.975,0,0.223,0,1,0,-0.223,0,-0.975],"_humanoidState":8,"_cameraCFrame":[748.575,234.109,33.894,-0.966,-0.253,0.045,0,0.176,0.984,-0.257,0.951,-0.17],"_shiftlockState":true,"_pose":"Running","_animationQueue":[],"_animationSpeed":1.1,"_zoom":12.5},{"_mousePosition":[683,384],"_rootPartCFrame":[749.445,220.349,36.407,-0.966,0,0.257,0,1,0,-0.257,0,-0.966],"_humanoidState":8,"_cameraCFrame":[748.443,234.159,33.805,-0.952,-0.301,0.053,0,0.174,0.985,-0.306,0.938,-0.165],"_shiftlockState":true,"_pose":"Running","_animationQueue":[["walk",0.1]],"_animationSpeed":1.1,"_zoom":12.5},{"_mousePosition":[683,384],"_rootPartCFrame":[749.191,220.395,36.341,-0.952,0,0.306,0,1,0,-0.306,0,-0.952],"_humanoidState":8,"_cameraCFrame":[748.262,234.205,33.712,-0.943,-0.327,0.058,0,0.174,0.985,-0.332,0.929,-0.164],"_shiftlockState":true,"_pose":"Running","_animationQueue":[],"_animationSpeed":1.1,"_zoom":12.5},{"_mousePosition":[683,384],"_rootPartCFrame":[748.94,220.441,36.262,-0.943,0,0.332,0,1,0,-0.332,0,-0.943],"_humanoidState":8,"_cameraCFrame":[748.071,234.25,33.613,-0.935,-0.348,0.061,0,0.174,0.985,-0.354,0.921,-0.162],"_shiftlockState":true,"_pose":"Running","_animationQueue":[],"_animationSpeed":1.1,"_zoom":12.5},{"_mousePosition":[683,384],"_rootPartCFrame":[748.692,220.486,36.176,-0.935,0,0.354,0,1,0,-0.354,0,-0.935],"_humanoidState":8,"_cameraCFrame":[747.836,234.296,33.523,-0.934,-0.353,0.062,0,0.174,0.985,-0.358,0.919,-0.162],"_shiftlockState":true,"_pose":"Running","_animationQueue":[],"_animationSpeed":1.1,"_zoom":12.5},{"_mousePosition":[683,384],"_rootPartCFrame":[748.446,220.532,36.084,-0.934,0,0.358,0,1,0,-0.358,0,-0.934],"_humanoidState":8,"_cameraCFrame":[747.59,234.342,33.431,-0.934,-0.353,0.062,0,0.174,0.985,-0.358,0.919,-0.162],"_shiftlockState":true,"_pose":"Running","_animationQueue":[],"_animationSpeed":1.1,"_zoom":12.5},{"_mousePosition":[683,384],"_rootPartCFrame":[748.263,220.567,36.014,-0.934,0,0.358,0,1,0,-0.358,0,-0.934],"_humanoidState":8,"_cameraCFrame":[747.413,234.376,33.358,-0.933,-0.355,0.063,0,0.174,0.985,-0.361,0.919,-0.162],"_shiftlockState":true,"_pose":"Running","_animationQueue":[],"_animationSpeed":1.1,"_zoom":12.5},{"_mousePosition":[683,384],"_rootPartCFrame":[747.956,220.624,35.896,-0.933,0,0.361,0,1,0,-0.361,0,-0.933],"_humanoidState":8,"_cameraCFrame":[747.107,234.434,33.241,-0.933,-0.355,0.063,0,0.174,0.985,-0.361,0.919,-0.162],"_shiftlockState":true,"_pose":"Running","_animationQueue":[],"_animationSpeed":1.1,"_zoom":12.5},{"_mousePosition":[683,384],"_rootPartCFrame":[747.772,220.659,35.825,-0.933,0,0.361,0,1,0,-0.361,0,-0.933],"_humanoidState":8,"_cameraCFrame":[746.896,234.469,33.178,-0.936,-0.346,0.061,0,0.174,0.985,-0.351,0.922,-0.163],"_shiftlockState":true,"_pose":"Running","_animationQueue":[["walk",0.1]],"_animationSpeed":1.1,"_zoom":12.5},{"_mousePosition":[683,384],"_rootPartCFrame":[747.471,220.721,35.709,-0.936,0,0.351,0,1,0,-0.351,0,-0.936],"_humanoidState":8,"_cameraCFrame":[746.555,234.531,33.076,-0.942,-0.332,0.059,0,0.174,0.985,-0.337,0.927,-0.163],"_shiftlockState":true,"_pose":"Running","_animationQueue":[],"_animationSpeed":1.1,"_zoom":12.5},{"_mousePosition":[683,384],"_rootPartCFrame":[747.23,220.779,35.618,-0.942,0,0.337,0,1,0,-0.337,0,-0.942],"_humanoidState":8,"_cameraCFrame":[746.241,234.589,33.011,-0.951,-0.306,0.054,0,0.174,0.985,-0.311,0.936,