[{"_mousePosition":[683,384],"_rootPartCFrame":[776.034,222.7,47.142,-0.002,0,1,0,1,0,-1,0,-0.002],"_humanoidState":8,"_cameraCFrame":[784.291,233.585,47.179,0.005,-0.751,0.661,0,0.661,0.751,-1,-0.003,0.003],"_shiftlockState":false,"_pose":"Standing","_animationQueue":[],"_animationSpeed":1,"_zoom":12.5},{"_mousePosition":[683,384],"_rootPartCFrame":[775.862,222.695,47.141,-0.001,0,1,0,1,0,-1,0,-0.001],"_humanoidState":8,"_cameraCFrame":[784.064,233.628,47.199,0.007,-0.755,0.656,0,0.656,0.755,-1,-0.005,0.005],"_shiftlockState":false,"_pose":"Standing","_animationQueue":[],"_animationSpeed":1,"_zoom":12.5},{"_mousePosition":[683,384],"_rootPartCFrame":[775.597,222.696,47.14,-0.001,0,1,0,1,0,-1,0,-0.001],"_humanoidState":8,"_cameraCFrame":[783.725,233.693,47.197,0.007,-0.76,0.65,0,0.65,0.76,-1,-0.005,0.005],"_shiftlockState":false,"_pose":"Running","_animationQueue":[["walk",0.1]],"_animationSpeed":1.003,"_zoom":12.5},{"_mousePosition":[683,384],"_rootPartCFrame":[775.331,222.698,47.138,0,0,1,0,1,0,-1,0,0],"_humanoidState":8,"_cameraCFrame":[783.365,233.773,47.235,0.012,-0.766,0.643,0,0.643,0.766,-1,-0.009,0.008],"_shiftlockState":false,"_pose":"Running","_animationQueue":[["walk",0.1]],"_animationSpeed":1.101,"_zoom":12.5},{"_mousePosition":[683,384],"_rootPartCFrame":[775.064,222.699,47.136,0.001,0,1,0,1,0,-1,0,0.001],"_humanoidState":8,"_cameraCFrame":[783.024,233.836,47.253,0.015,-0.771,0.637,0,0.637,0.771,-1,-0.011,0.009],"_shiftlockState":false,"_pose":"Running","_animationQueue":[],"_animationSpeed":1.101,"_zoom":12.5},{"_mousePosition":[683,384],"_rootPartCFrame":[774.798,222.699,47.133,0.003,0,1,0,1,0,-1,0,0.003],"_humanoidState":8,"_cameraCFrame":[782.693,233.914,45.518,0.017,-0.777,0.629,0,0.629,0.777,-1,-0.013,0.011],"_shiftlockState":true,"_pose":"Running","_animationQueue":[],"_animationSpeed":1.101,"_zoom":12.5},{"_mousePosition":[683,384],"_rootPartCFrame":[774.464,222.699,47.128,0.018,0,1,0,1,0,-1,0,0.018],"_humanoidState":8,"_cameraCFrame":[782.359,233.914,45.514,0.017,-0.777,0.629,0,0.629,0.777,-1,-0.013,0.011],"_shiftlockState":true,"_pose":"Running","_animationQueue":[["walk",0.1]],"_animationSpeed":1.101,"_zoom":12.5},{"_mousePosition":[683,384],"_rootPartCFrame":[774.264,222.7,47.125,0.017,0,1,0,1,0,-1,0,0.017],"_humanoidState":8,"_cameraCFrame":[782.068,233.99,45.528,0.02,-0.783,0.622,0,0.622,0.783,-1,-0.015,0.012],"_shiftlockState":true,"_pose":"Running","_animationQueue":[],"_animationSpeed":1.101,"_zoom":12.5},{"_mousePosition":[683,384],"_rootPartCFrame":[773.998,222.7,47.121,0.02,0,1,0,1,0,-1,0,0.02],"_humanoidState":8,"_cameraCFrame":[781.691,234.081,45.541,0.022,-0.79,0.612,0,0.612,0.79,-1,-0.018,0.014],"_shiftlockState":true,"_pose":"Running","_animationQueue":[],"_animationSpeed":1.101,"_zoom":12.5},{"_mousePosition":[683,384],"_rootPartCFrame":[773.665,222.7,47.114,0.022,0,1,0,1,0,-1,0,0.022],"_humanoidState":8,"_cameraCFrame":[781.246,234.17,45.551,0.025,-0.797,0.603,0,0.603,0.798,-1,-0.02,0.015],"_shiftlockState":true,"_pose":"Running","_animationQueue":[],"_animationSpeed":1.101,"_zoom":12.5},{"_mousePosition":[683,384],"_rootPartCFrame":[773.398,222.7,47.108,0.025,0,1,0,1,0,-1,0,0.025],"_humanoidState":8,"_cameraCFrame":[780.85,234.271,45.58,0.03,-0.805,0.592,0,0.592,0.806,-1,-0.024,0.018],"_shiftlockState":true,"_pose":"Running","_animationQueue":[],"_animationSpeed":1.101,"_zoom":12.5},{"_mousePosition":[683,384],"_rootPartCFrame":[773.198,222.7,47.103,0.03,0,1,0,1,0,-1,0,0.03],"_humanoidState":8,"_cameraCFrame":[780.5,234.386,45.607,0.035,-0.814,0.579,0,0.58,0.815,-0.999,-0.028,0.02],"_shiftlockState":true,"_pose":"Running","_animationQueue":[],"_animationSpeed":1.101,"_zoom":12.5},{"_mousePosition":[683,384],"_rootPartCFrame":[772.865,222.7,47.094,0.035,0,0.999,0,1,0,-0.999,0,0.035],"_humanoidState":8,"_cameraCFrame":[780.031,234.484,45.611,0.037,-0.822,0.568,0,0.568,0.823,-0.999,-0.031,0.021],"_shiftlockState":true,"_pose":"Running","_animationQueue":[],"_animationSpeed":1.101,"_zoom":12.5},{"_mousePosition":[683,384],"_rootPartCFrame":[772.598,222.7,47.085,0.037,0,0.999,0,1,0,-0.999,0,0.037],"_humanoidState":8,"_cameraCFrame":[779.57,234.62,45.629,0.042,-0.833,0.552,0,0.552,0.834,-0.999,-0.035,0.023],"_shiftlockState":true,"_pose":"Running","_animationQueue":[["walk",0.1]],"_animationSpeed":1.101,"_zoom":12.5},{"_mousePosition":[683,384],"_rootPartCFrame":[772.398,222.7,47.077,0.042,0,0.999,0,1,0,-0.999,0,0.042],"_humanoidState":8,"_cameraCFrame":[779.231,234.713,45.633,0.045,-0.84,0.54,0,0.541,0.841,-0.999,-0.038,0.024],"_shiftlockState":true,"_pose":"Running","_animationQueue":[],"_animationSpeed":1.101,"_zoom":12.5},{"_mousePosition":[683,384],"_rootPartCFrame":[772.065,222.7,47.063,0.045,0,0.999,0,1,0,-0.999,0,0.045],"_humanoidState":8,"_cameraCFrame":[778.779,234.792,45.631,0.048,-0.846,0.53,0,0.531,0.847,-0.999,-0.04,0.025],"_shiftlockState":true,"_pose":"Running","_animationQueue":[],"_animationSpeed":1.101,"_zoom":12.5},{"_mousePosition":[683,384],"_rootPartCFrame":[771.866,222.7,47.054,0.048,0,0.999,0,1,0,-0.999,0,0.048],"_humanoidState":8,"_cameraCFrame":[778.462,234.868,45.649,0.053,-0.852,0.52,0,0.521,0.854,-0.999,-0.045,0.027],"_shiftlockState":true,"_pose":"Running","_animationQueue":[],"_animationSpeed":1.101,"_zoom":12.5},{"_mousePosition":[683,384],"_rootPartCFrame":[771.533,222.7,47.039,0.053,0,0.999,0,1,0,-0.999,0,0.053],"_humanoidState":8,"_cameraCFrame":[778.049,234.919,45.646,0.055,-0.856,0.514,0,0.514,0.858,-0.998,-0.047,0.028],"_shiftlockState":true,"_pose":"Running","_animationQueue":[],"_animationSpeed":1.101,"_zoom":12.5},{"_mousePosition":[683,384],"_rootPartCFrame":[771.333,222.7,47.028,0.055,0,0.998,0,1,0,-0.998,0,0.055],"_humanoidState":8,"_cameraCFrame":[777.79,234.956,45.648,0.058,-0.859,0.509,0,0.509,0.861,-0.998,-0.05,0.029],"_shiftlockState":true,"_pose":"Running","_animationQueue":[],"_animationSpeed":1.101,"_zoom":12.5},{"_mousePosition":[683,384],"_rootPartCFrame":[771.066,222.7,47.014,0.058,0,0.998,0,1,0,-0.998,0,0.058],"_humanoidState":8,"_cameraCFrame":[777.486,234.981,45.647,0.06,-0.861,0.505,0,0.506,0.863,-0.998,-0.052,0.03],"_shiftlockState":true,"_pose":"Running","_animationQueue":[],"_animationSpeed":1.101,"_zoom":12.5},{"_mousePosition":[683,384],"_rootPartCFrame":[770.734,222.7,46.995,0.06,0,0.998,0,1,0,-0.998,0,0.06],"_humanoidState":8,"_cameraCFrame":[777.111,235.006,45.626,0.06,-0.863,0.502,0,0.503,0.864,-0.998,-0.052,0.03],"_shiftlockState":true,"_pose":"Running","_animationQueue":[["walk",0.1]],"_animationSpeed":1.101,"_zoom":12.5},{"_mousePosition":[683,384],"_rootPartCFrame":[770.468,222.7,46.979,0.06,0,0.998,0,1,0,-0.998,0,0.06],"_humanoidState":8,"_cameraCFrame":[776.803,235.03,45.607,0.06,-0.865,0.498,0,0.499,0.866,-0.998,-0.052,0.03],"_shiftlockState":true,"_pose":"Running","_animationQueue":[],"_animationSpeed":1.101,"_zoom":12.5},{"_mousePosition":[683,384],"_rootPartCFrame":[770.201,222.666,46.963,0.06,0,0.998,0,1,0,-0.998,0,0.06],"_humanoidState":8,"_cameraCFrame":[776.494,235.02,45.589,0.06,-0.867,0.495,0,0.496,0.868,-0.998,-0.052,0.03],"_shiftlockState":true,"_pose":"Running","_animationQueue":[],"_animationSpeed":1.101,"_zoom":12.5},{"_mousePosition":[683,384],"_rootPartCFrame":[769.935,222.577,46.947,0.06,0,0.998,0,1,0,-0.998,0,0.06],"_humanoidState":8,"_cameraCFrame":[776.165,234.968,45.569,0.06,-0.87,0.49,0,0.491,0.871,-0.998,-0.052,0.03],"_shiftlockState":true,"_pose":"Running","_animationQueue":[],"_animationSpeed":1.101,"_zoom":12.5},{"_mousePosition":[683,384],"_rootPartCFrame":[769.669,223.44,46.93,0.06,0,0.998,0,1,0,-0.998,0,0.06],"_humanoidState":3,"_cameraCFrame":[775.814,235.878,45.548,0.06,-0.873,0.483,0,0.484,0.875,-0.998,-0.053,0.029],"_shiftlockState":true,"_pose":"Jumping","_animationQueue":[["walk",0.1],["jump",0.1]],"_animationSpeed":1,"_zoom":12.5},{"_mousePosition":[683,384],"_rootPartCFrame":[769.403,224.248,46.914,0.06,0,0.998,0,1,0,-0.998,0,0.06],"_humanoidState":5,"_cameraCFrame":[775.462,236.733,45.526,0.06,-0.877,0.476,0,0.477,0.879,-0.998,-0.053,0.029],"_shiftlockState":true,"_pose":"FreeFall","_animationQueue":[["jump",0.1]],"_animationSpeed":1,"_zoom":12.5},{"_mousePosition":[683,384],"_rootPartCFrame":[769.137,225.002,46.898,0.06,0,0.998,0,1,0,-0.998,0,0.06],"_humanoidState":5,"_cameraCFrame":[775.107,237.533,45.49,0.058,-0.881,0.47,0,0.47,0.882,-0.998,-0.051,0.027],"_shiftlockState":true,"_pose":"FreeFall","_animationQueue":[],"_animationSpeed":1,"_zoom":12.5},{"_mousePosition":[683,384],"_rootPartCFrame":[768.871,225.702,46.882,0.058,0,0.998,0,1,0,-0.998,0,0.058],"_humanoidState":5,"_cameraCFrame":[774.65,238.323,45.391,0.045,-0.889,0.456,0,0.457,0.89,-0.999,-0.04,0.021],"_shiftlockState":true,"_pose":"FreeFall","_animationQueue":[],"_animationSpeed":1,"_zoom":12.5},{"_mousePosition":[683,384],"_rootPartCFrame":[768.605,226.347,46.867,0.046,0,0.999,0,1,0,-0.999,0,0.046],"_humanoidState":5,"_cameraCFrame":[774.264,239.023,45.328,0.037,-0.893,0.448,0,0.448,0.894,-0.999,-0.033,0.017],"_shiftlockState":true,"_pose":"FreeFall","_animationQueue":[],"_animationSpeed":1,"_zoom":12.5},{"_mousePosition":[683,384],"_rootPartCFrame":[768.405,226.794,46.857,0.038,0,0.999,0,1,0,-0.999,0,0.038],"_humanoidState":5,"_cameraCFrame":[773.939,239.525,45.258,0.027,-0.898,0.439,0,0.439,0.898,-1,-0.025,0.012],"_shiftlockState":true,"_pose":"FreeFall","_animationQueue":[],"_animationSpeed":1,"_zoom":12.5},{"_mousePosition":[683,384],"_rootPartCFrame":[768.072,227.473,46.845,0.029,0,1,0,1,0,-1,0,0.029],"_humanoidState":5,"_cameraCFrame":[773.502,240.246,45.188,0.017,-0.902,0.432,0,0.432,0.902,-1,-0.015,0.007],"_shiftlockState":true,"_pose":"FreeFall","_animationQueue":[],"_animationSpeed":1,"_zoom":12.5},{"_mousePosition":[683,384],"_rootPartCFrame":[767.805,227.954,46.837,0.019,0,1,0,1,0,-1,0,0.019],"_humanoidState":5,"_cameraCFrame":[773.135,240.769,45.138,0.01,-0.905,0.425,0,0.425,0.905,-1,-0.009,0.004],"_shiftlockState":true,"_pose":"FreeFall","_animationQueue":[],"_animationSpeed":1,"_zoom":12.5},{"_mousePosition":[683,384],"_rootPartCFrame":[767.539,228.381,46.832,0.011,0,1,0,1,0,-1,0,0.011],"_humanoidState":5,"_cameraCFrame":[772.811,241.216,45.092,0.002,-0.907,0.421,0,0.421,0.907,-1,-0.002,0.001],"_shiftlockState":true,"_pose":"FreeFall","_animationQueue":[],"_animationSpeed":1,"_zoom":12.5},{"_mousePosition":[683,384],"_rootPartCFrame":[767.272,228.753,46.829,0.003,0,1,0,1,0,-1,0,0.003],"_humanoidState":5,"_cameraCFrame":[772.491,241.609,45.063,-0.003,-0.908,0.418,0,0.418,0.908,-1,0.003,-0.001],"_shiftlockState":true,"_pose":"FreeFall","_animationQueue":[],"_animationSpeed":1,"_zoom":12.5},{"_mousePosition":[683,384],"_rootPartCFrame":[767.072,228.997,46.828,-0.002,0,1,0,1,0,-1,0,-0.002],"_humanoidState":5,"_cameraCFrame":[772.234,241.873,45.023,-0.011,-0.91,0.414,0,0.414,0.91,-1,0.01,-0.004],"_shiftlockState":true,"_pose":"FreeFall","_animationQueue":[],"_animationSpeed":1,"_zoom":12.5},{"_mousePosition":[683,384],"_rootPartCFrame":[766.806,229.274,46.829,-0.01,0,1,0,1,0,-1,0,-0.01],"_humanoidState":5,"_cameraCFrame":[771.909,242.17,44.986,-0.018,-0.912,0.411,0,0.411,0.912,-1,0.017,-0.008],"_shiftlockState":true,"_pose":"FreeFall","_animationQueue":[],"_animationSpeed":1,"_zoom":12.5},{"_mousePosition":[683,384],"_rootPartCFrame":[766.472,229.544,46.832,-0.017,0,1,0,1,0,-1,0,-0.017],"_humanoidState":5,"_cameraCFrame":[771.512,242.46,44.938,-0.028,-0.913,0.407,0,0.407,0.913,-1,0.026,-0.012],"_shiftlockState":true,"_pose":"FreeFall","_animationQueue":[],"_animationSpeed":1,"_zoom":12.5},{"_mousePosition":[683,384],"_rootPartCFrame":[766.272,229.665,46.836,-0.027,0,1,0,1,0,-1,0,-0.027],"_humanoidState":5,"_cameraCFrame":[771.248,242.6,44.893,-0.039,-0.914,0.403,0,0.404,0.915,-0.999,0.035,-0.016],"_shiftlockState":true,"_pose":"FreeFall","_animationQueue":[],"_animationSpeed":1,"_zoom":12.5},{"_mousePosition":[683,384],"_rootPartCFrame":[765.939,229.798,46.845,-0.037,0,0.999,0,1,0,-0.999,0,-0.037],"_humanoidState":5,"_cameraCFrame":[770.823,242.763,44.842,-0.051,-0.916,0.398,0,0.398,0.917,-0.999,0.047,-0.02],"_shiftlockState":true,"_pose":"FreeFall","_animationQueue":[],"_animationSpeed":1,"_zoom":12.5},{"_mousePosition":[683,384],"_rootPartCFrame":[765.673,229.843,46.855,-0.05,0,0.999,0,1,0,-0.999,0,-0.05],"_humanoidState":5,"_cameraCFrame":[770.514,242.818,44.804,-0.061,-0.916,0.396,0,0.397,0.918,-0.998,0.056,-0.024],"_shiftlockState":true,"_pose":"FreeFall","_animationQueue":[],"_animationSpeed":1,"_zoom":12.5},{"_mousePosition":[683,384],"_rootPartCFrame":[765.406,229.834,46.868,-0.06,0,0.998,0,1,0,-0.998,0,-0.06],"_humanoidState":5,"_cameraCFrame":[770.182,242.828,44.772,-0.071,-0.917,0.392,0,0.393,0.92,-0.997,0.066,-0.028],"_shiftlockState":true,"_pose":"FreeFall","_animationQueue":[["fall",0.3]],"_animationSpeed":1,"_zoom":12.5},{"_mousePosition":[683,384],"_rootPartCFrame":[765.14,229.771,46.884,-0.07,0,0.998,0,1,0,-0.998,0,-0.07],"_humanoidState":5,"_cameraCFrame":[769.872,242.774,44.741,-0.081,-0.917,0.39,0,0.391,0.92,-0.997,0.075,-0.032],"_shiftlockState":true,"_pose":"FreeFall","_animationQueue":[],"_animationSpeed":1,"_zoom":12.5},{"_mousePosition":[683,384],"_rootPartCFrame":[764.874,229.653,46.902,-0.08,0,0.997,0,1,0,-0.997,0,-0.08],"_humanoidState":5,"_cameraCFrame":[769.578,242.666,44.75,-0.084,-0.918,0.388,0,0.389,0.921,-0.996,0.077,-0.033],"_shiftlockState":true,"_pose":"FreeFall","_animationQueue":[],"_animationSpeed":1,"_zoom":12.5},{"_mousePosition":[683,384],"_rootPartCFrame":[764.67,229.493,46.935,-0.034,0,0.999,0.006,1,0,-0.999,0.006,-0.034],"_humanoidState":5,"_cameraCFrame":[769.352,242.515,44.793,-0.084,-0.919,0.386,0,0.388,0.922,-0.996,0.077,-0.033],"_shiftlockState":true,"_pose":"FreeFall","_animationQueue":[],"_animationSpeed":1,"_zoom":12.5},{"_mousePosition":[683,384],"_rootPartCFrame":[764.677,229.366,47.026,-0.028,0,1,0.009,1,0,-1,0.009,-0.028],"_humanoidState":5,"_cameraCFrame":[769.471,242.389,45.154,-0.028,-0.921,0.387,0,0.388,0.922,-1,0.026,-0.011],"_shiftlockState":true,"_pose":"FreeFall","_animationQueue":[],"_animationSpeed":1,"_zoom":12.5},{"_mousePosition":[683,384],"_rootPartCFrame":[764.653,229.088,47.169,-0.023,0,1,0.003,1,0,-1,0.003,-0.023],"_humanoidState":5,"_cameraCFrame":[769.843,242.072,46.476,0.205,-0.899,0.386,0,0.395,0.919,-0.979,-0.189,0.081],"_shiftlockState":true,"_pose":"FreeFall","_animationQueue":[],"_animationSpeed":1,"_zoom":12.5},{"_mousePosition":[683,384],"_rootPartCFrame":[764.824,228.805,47.175,0.173,0,0.985,0,1,0,-0.985,0,0.173],"_humanoidState":5,"_cameraCFrame":[769.971,241.711,48.824,0.597,-0.732,0.328,0,0.409,0.912,-0.802,-0.545,0.244],"_shiftlockState":true,"_pose":"FreeFall","_animationQueue":[],"_animationSpeed":1,"_zoom":12.5},{"_mousePosition":[683,384],"_rootPartCFrame":[765.106,228.568,47.149,0.58,0,0.815,-0.003,1,0.002,-0.815,-0.003,0.58],"_humanoidState":7,"_cameraCFrame":[768.892,241.32,51.432,0.916,-0.361,0.175,0,0.436,0.9,-0.401,-0.825,0.399],"_shiftlockState":true,"_pose":"FreeFall","_animationQueue":[["fall",0.3],["walk",0.1],["fall",0.3],["fall",0.3]],"_animationSpeed":1,"_zoom":12.5},{"_mousePosition":[683,384],"_rootPartCFrame":[765.249,228.139,47.102,0.925,0.001,0.381,-0.001,1,0.001,-0.381,-0.002,0.925],"_humanoidState":7,"_cameraCFrame":[766.878,240.647,53.056,1,0.018,-0.01,0,0.474,0.881,0.02,-0.88,0.474],"_shiftlockState":true,"_pose":"FreeFall","_animationQueue":[],"_animationSpeed":1,"_zoom":12.5},{"_mousePosition":[683,384],"_rootPartCFrame":[765.231,227.844,47.073,0.999,0,-0.043,0,1,-0.001,0.043,0.001,0.999],"_humanoidState":7,"_cameraCFrame":[765.39,240.088,53.696,0.971,0.207,-0.123,0,0.511,0.86,0.241,-0.834,0.496],"_shiftlockState":true,"_pose":"FreeFall","_animationQueue":[],"_animationSpeed":1,"_zoom":12.5},{"_mousePosition":[683,384],"_rootPartCFrame":[765.229,227.29,47.053,0.969,0.005,-0.247,-0.005,1,0.001,0.247,0,0.969],"_humanoidState":8,"_cameraCFrame":[765.236,239.304,54.037,0.968,0.211,-0.136,0,0.541,0.841,0.251,-0.814,0.524],"_shiftlockState":true,"_pose":"Running","_animationQueue":[["walk",0.1],["fall",0.3],["walk",0.1]],"_animationSpeed":0.216,"_zoom":12.5},{"_mousePosition":[683,384],"_rootPartCFrame":[765.23,227.953,47.052,0.968,0.004,-0.251,-0.003,1,0.001,0.251,0,0.968],"_humanoidState":3,"_cameraCFrame":[767.938,239.723,53.872,0.991,-0.112,0.078,0,0.57,0.822,-0.136,-0.814,0.565],"_shiftlockState":true,"_pose":"Jumping","_animationQueue":[["walk",0.1],["jump",0.1]],"_animationSpeed":1,"_zoom":12.5},{"_mousePosition":[683,384],"_rootPartCFrame":[765.238,229.006,47.014,0.996,0.001,0.088,-0.001,1,0.001,-0.088,-0.001,0.996],"_humanoidState":5,"_cameraCFrame":[770.661,240.72,52.071,0.835,-0.449,0.317,0,0.576,0.817,-0.55,-0.683,0.482],"_shiftlockState":true,"_pose":"FreeFall","_animationQueue":[["jump",0.1]],"_animationSpeed":1,"_zoom":12.5},{"_mousePosition":[683,384],"_rootPartCFrame":[765.247,229.597,46.962,0.858,0,0.514,0,1,0.001,-0.514,0,0.858],"_humanoidState":5,"_cameraCFrame":[772.204,241.353,49.354,0.541,-0.69,0.481,0,0.572,0.82,-0.841,-0.444,0.309],"_shiftlockState":true,"_pose":"FreeFall","_animationQueue":[],"_animationSpeed":1,"_zoom":12.5},{"_mousePosition":[683,384],"_rootPartCFrame":[765.235,230.337,46.866,0.587,0,0.809,0,1,0,-0.809,0,0.587],"_humanoidState":5,"_cameraCFrame":[772.513,242.148,46.808,0.233,-0.802,0.55,0,0.565,0.825,-0.973,-0.192,0.132],"_shiftlockState":true,"_pose":"FreeFall","_animationQueue":[],"_animationSpeed":1,"_zoom":12.5},{"_mousePosition":[683,384],"_rootPartCFrame":[765.187,231.023,46.755,0.279,0,0.96,0,1,0,-0.96,0,0.279],"_humanoidState":5,"_cameraCFrame":[772.291,242.862,45.359,0.05,-0.826,0.561,0,0.562,0.827,-0.999,-0.041,0.028],"_shiftlockState":true,"_pose":"FreeFall","_animationQueue":[],"_animationSpeed":1,"_zoom":12.5},{"_mousePosition":[683,384],"_rootPartCFrame":[765.072,231.803,46.623,0.088,0,0.996,0,1,0,-0.996,0,0.088],"_humanoidState":5,"_cameraCFrame":[772.063,243.656,44.816,-0.008,-0.828,0.56,0,0.56,0.828,-1,0.007,-0.005],"_shiftlockState":true,"_pose":"FreeFall","_animationQueue":[],"_animationSpeed":1,"_zoom":12.5},{"_mousePosition":[683,384],"_rootPartCFrame":[764.94,232.366,46.534,0.005,0,1,0,1,0,-1,0,0.005],"_humanoidState":5,"_cameraCFrame":[771.917,244.219,44.674,-0.016,-0.828,0.56,0,0.56,0.828,-1,0.013,-0.009],"_shiftlockState":true,"_pose":"FreeFall","_animationQueue":[],"_animationSpeed":1,"_zoom":12.5},{"_mousePosition":[683,384],"_rootPartCFrame":[764.728,232.994,46.453,-0.012,0,1,0,1,0,-1,0,-0.012],"_humanoidState":5,"_cameraCFrame":[771.694,244.86,44.629,-0.011,-0.829,0.559,0,0.559,0.829,-1,0.009,-0.006],"_shiftlockState":true,"_pose":"FreeFall","_animationQueue":[],"_animationSpeed":1,"_zoom":12.5},{"_mousePosition":[683,384],"_rootPartCFrame":[764.576,233.329,46.422,-0.011,0,1,0,1,0,-1,0,-0.011],"_humanoidState":5,"_cameraCFrame":[771.542,245.195,44.597,-0.011,-0.829,0.559,0,0.559,0.829,-1,0.009,-0.006],"_shiftlockState":true,"_pose":"FreeFall","_animationQueue":[],"_animationSpeed":1,"_zoom":12.5},{"_mousePosition":[683,384],"_rootPartCFrame":[764.345,233.729,46.4,-0.011,0,1,0,1,0,-1,0,-0.011],"_humanoidState":5,"_cameraCFrame":[771.278,245.595,44.452,-0.028,-0.829,0.559,0,0.559,0.829,-1,0.024,-0.016],"_shiftlockState":true,"_pose":"FreeFall","_animationQueue":[],"_animationSpeed":1,"_zoom":12.5},{"_mousePosition":[683,384],"_rootPartCFrame":[764.085,234.074,46.398,-0.027,0,1,0,1,0,-1,0,-0.027],"_humanoidState":5,"_cameraCFrame":[771.002,245.927,44.327,-0.046,-0.827,0.56,0,0.56,0.828,-0.999,0.038,-0.026],"_shiftlockState":true,"_pose":"FreeFall","_animationQueue":[],"_animationSpeed":1,"_zoom":12.5},{"_mousePosition":[683,384],"_rootPartCFrame":[763.819,234.365,46.405,-0.044,0,0.999,0,1,0,-0.999,0,-0.044],"_humanoidState":5,"_cameraCFrame":[770.736,246.217,44.334,-0.046,-0.827,0.56,0,0.56,0.828,-0.999,0.038,-0.026],"_shiftlockState":true,"_pose":"FreeFall","_animationQueue":[],"_animationSpeed":1,"_zoom":12.5},{"_mousePosition":[683,384],"_rootPartCFrame":[763.552,234.601,46.416,-0.045,0,0.999,0,1,0,-0.999,0,-0.045],"_humanoidState":5,"_cameraCFrame":[770.469,246.453,44.345,-0.046,-0.827,0.56,0,0.56,0.828,-0.999,0.038,-0.026],"_shiftlockState":true,"_pose":"FreeFall","_animationQueue":[],"_animationSpeed":1,"_zoom":12.5},{"_mousePosition":[683,384],"_rootPartCFrame":[763.286,234.782,46.429,-0.046,0,0.999,0,1,0,-0.999,0,-0.046],"_humanoidState":5,"_cameraCFrame":[770.203,246.635,44.358,-0.046,-0.827,0.56,0,0.56,0.828,-0.999,0.038,-0.026],"_shiftlockState":true,"_pose":"FreeFall","_animationQueue":[],"_animationSpeed":1,"_zoom":12.5},{"_mousePosition":[683,384],"_rootPartCFrame":[763.019,234.909,46.441,-0.046,0,0.999,0,1,0,-0.999,0,-0.046],"_humanoidState":5,"_cameraCFrame":[769.937,246.762,44.37,-0.046,-0.827,0.56,0,0.56,0.828,-0.999,0.038,-0.026],"_shiftlockState":true,"_pose":"FreeFall","_animationQueue":[],"_animationSpeed":1,"_zoom":12.5},{"_mousePosition":[683,384],"_rootPartCFrame":[762.82,234.969,46.45,-0.046,0,0.999,0,1,0,-0.999,0,-0.046],"_humanoidState":5,"_cameraCFrame":[769.737,246.822,44.379,-0.046,-0.827,0.56,0,0.56,0.828,-0.999,0.038,-0.026],"_shiftlockState":true,"_pose":"FreeFall","_animationQueue":[],"_animationSpeed":1,"_zoom":12.5},{"_mousePosition":[683,384],"_rootPartCFrame":[762.487,235,46.466,-0.046,0,0.999,0,1,0,-0.999,0,-0.046],"_humanoidState":5,"_cameraCFrame":[769.424,246.839,44.394,-0.046,-0.826,0.561,0,0.562,0.827,-0.999,0.038,-0.026],"_shiftlockState":true,"_pose":"FreeFall","_animationQueue":[["fall",0.3]],"_animationSpeed":1,"_zoom":12.5},{"_mousePosition":[683,384],"_rootPartCFrame":[762.287,234.978,46.475,-0.046,0,0.999,0,1,0,-0.999,0,-0.046],"_humanoidState":5,"_cameraCFrame":[769.264,246.79,44.401,-0.046,-0.824,0.565,0,0.565,0.825,-0.999,0.038,-0.026],"_shiftlockState":true,"_pose":"FreeFall","_animationQueue":[],"_animationSpeed":1,"_zoom":12.5},{"_mousePosition":[683,384],"_rootPartCFrame":[761.954,234.873,46.49,-0.046,0,0.999,0,1,0,-0.999,0,-0.046],"_humanoidState":5,"_cameraCFrame":[768.977,246.657,44.432,-0.044,-0.822,0.568,0,0.568,0.823,-0.999,0.036,-0.025],"_shiftlockState":true,"_pose":"FreeFall","_animationQueue":[],"_animationSpeed":1,"_zoom":12.5},{"_mousePosition":[683,384],"_rootPartCFrame":[761.754,234.769,46.499,-0.044,0,0.999,0,1,0,-0.999,0,-0.044],"_humanoidState":5,"_cameraCFrame":[768.802,246.539,44.458,-0.041,-0.821,0.57,0,0.57,0.822,-0.999,0.034,-0.023],"_shiftlockState":true,"_pose":"FreeFall","_animationQueue":[],"_animationSpeed":1,"_zoom":12.5},{"_mousePosition":[683,384],"_rootPartCFrame":[761.488,234.583,46.511,-0.041,0,0.999,0,1,0,-0.999,0,-0.041],"_humanoidState":5,"_cameraCFrame":[768.581,246.325,44.486,-0.039,-0.819,0.573,0,0.573,0.819,-0.999,0.032,-0.022],"_shiftlockState":true,"_pose":"FreeFall","_animationQueue":[],"_animationSpeed":1,"_zoom":12.5},{"_mousePosition":[683,384],"_rootPartCFrame":[761.155,234.273,46.525,-0.039,0,0.999,0,1,0,-0.999,0,-0.039],"_humanoidState":5,"_cameraCFrame":[768.268,246.002,44.499,-0.039,-0.818,0.574,0,0.575,0.818,-0.999,0.032,-0.022],"_shiftlockState":true,"_pose":"FreeFall","_animationQueue":[],"_animationSpeed":1,"_zoom":12.5},{"_mousePosition":[683,384],"_rootPartCFrame":[760.889,233.965,46.535,-0.039,0,0.999,0,1,0,-0.999,0,-0.039],"_humanoidState":5,"_cameraCFrame":[768.027,245.679,44.527,-0.036,-0.817,0.576,0,0.576,0.817,-0.999,0.029,-0.021],"_shiftlockState":true,"_pose":"FreeFall","_animationQueue":[],"_animationSpeed":1,"_zoom":12.5},{"_mousePosition":[683,384],"_rootPartCFrame":[760.689,233.697,46.543,-0.036,0,0.999,0,1,0,-0.999,0,-0.036],"_humanoidState":5,"_cameraCFrame":[767.837,245.411,44.571,-0.031,-0.817,0.576,0,0.576,0.817,-1,0.025,-0.018],"_shiftlockState":true,"_pose":"FreeFall","_animationQueue":[["fall",0.3]],"_animationSpeed":1,"_zoom":12.5},{"_mousePosition":[683,384],"_rootPartCFrame":[760.356,233.183,46.555,-0.032,0,0.999,0,1,0,-0.999,0,-0.032],"_humanoidState":5,"_cameraCFrame":[767.538,244.884,44.637,-0.023,-0.816,0.578,0,0.578,0.816,-1,0.019,-0.013],"_shiftlockState":true,"_pose":"FreeFall","_animationQueue":[],"_animationSpeed":1,"_zoom":12.5},{"_mousePosition":[683,384],"_rootPartCFrame":[760.156,232.834,46.561,-0.024,0,1,0,1,0,-1,0,-0.024],"_humanoidState":7,"_cameraCFrame":[767.353,244.534,44.698,-0.016,-0.816,0.578,0,0.578,0.816,-1,0.013,-0.009],"_shiftlockState":true,"_pose":"FreeFall","_animationQueue":[["walk",0.1],["fall",0.3],["fall",0.3]],"_animationSpeed":1,"_zoom":12.5},{"_mousePosition":[683,384],"_rootPartCFrame":[759.822,232.184,46.569,-0.016,0,1,0,1,0,-1,0,-0.016],"_humanoidState":7,"_cameraCFrame":[767.033,243.884,44.761,-0.008,-0.816,0.578,0,0.578,0.816,-1,0.007,-0.005],"_shiftlockState":true,"_pose":"FreeFall","_animationQueue":[],"_animationSpeed":1,"_zoom":12.5},{"_mousePosition":[683,384],"_rootPartCFrame":[759.622,232.063,46.573,-0.008,0,1,0,1,0,-1,0,-0.008],"_humanoidState":7,"_cameraCFrame":[766.842,243.763,44.801,-0.003,-0.816,0.578,0,0.578,0.816,-1,0.003,-0.002],"_shiftlockState":true,"_pose":"FreeFall","_animationQueue":[],"_animationSpeed":1,"_zoom":12.5},{"_mousePosition":[683,384],"_rootPartCFrame":[759.289,232.11,46.576,-0.003,0,1,0,1,0,-1,0,-0.003],"_humanoidState":8,"_cameraCFrame":[766.509,243.811,44.804,-0.003,-0.816,0.578,0,0.578,0.816,-1,0.003,-0.002],"_shiftlockState":true,"_pose":"Running","_animationQueue":[["walk",0.1],["fall",0.3],["walk",0.1]],"_animationSpeed":1.103,"_zoom":12.5},{"_mousePosition":[683,384],"_rootPartCFrame":[759.022,232.149,46.577,-0.003,0,1,0,1,0,-1,0,-0.003],"_humanoidState":8,"_cameraCFrame":[766.242,243.849,44.805,-0.003,-0.816,0.578,0,0.578,0.816,-1,0.003,-0.002],"_shiftlockState":true,"_pose":"Running","_animationQueue":[],"_animationSpeed":1.103,"_zoom":12.5},{"_mousePosition":[683,384],"_rootPartCFrame":[758.756,232.172,46.578,-0.003,0,1,0,1,0,-1,0,-0.003],"_humanoidState":8,"_cameraCFrame":[765.976,243.872,44.805,-0.003,-0.816,0.578,0,0.578,0.816,-1,0.003,-0.002],"_shiftlockState":true,"_pose":"Running","_animationQueue":[["walk",0.1]],"_animationSpeed":1.103,"_zoom":12.5},{"_mousePosition":[683,384],"_rootPartCFrame":[758.489,232.185,46.578,-0.003,0,1,0,1,0,-1,0,-0.003],"_humanoidState":8,"_cameraCFrame":[765.709,243.885,44.806,-0.003,-0.816,0.578,0,0.578,0.816,-1,0.003,-0.002],"_shiftlockState":true,"_pose":"Running","_animationQueue":[],"_animationSpeed":1.103,"_zoom":12.5},{"_mousePosition":[683,384],"_rootPartCFrame":[758.222,232.192,46.579,-0.003,0,1,0,1,0,-1,0,-0.003],"_humanoidState":8,"_cameraCFrame":[765.442,243.892,44.807,-0.003,-0.816,0.578,0,0.578,0.816,-1,0.003,-0.002],"_shiftlockState":true,"_pose":"Running","_animationQueue":[],"_animationSpeed":1.103,"_zoom":12.5},{"_mousePosition":[683,384],"_rootPartCFrame":[757.956,232.195,46.58,-0.003,0,1,0,1,0,-1,0,-0.003],"_humanoidState":8,"_cameraCFrame":[765.176,243.896,44.808,-0.003,-0.816,0.578,0,0.578,0.816,-1,0.003,-0.002],"_shiftlockState":true,"_pose":"Running","_animationQueue":[],"_animationSpeed":1.103,"_zoom":12.5},{"_mousePosition":[683,384],"_rootPartCFrame":[757.689,232.197,46.581,-0.003,0,1,0,1,0,-1,0,-0.003],"_humanoidState":8,"_cameraCFrame":[764.909,243.898,44.809,-0.003,-0.816,0.578,0,0.578,0.816,-1,0.003,-0.002],"_shiftlockState":true,"_pose":"Running","_animationQueue":[],"_animationSpeed":1.103,"_zoom":12.5},{"_mousePosition":[683,384],"_rootPartCFrame":[757.422,232.198,46.582,-0.003,0,1,0,1,0,-1,0,-0.003],"_humanoidState":8,"_cameraCFrame":[764.642,243.899,44.809,-0.003,-0.816,0.578,0,0.578,0.816,-1,0.003,-0.002],"_shiftlockState":true,"_pose":"Running","_animationQueue":[],"_animationSpeed":1.103,"_zoom":12.5},{"_mousePosition":[683,384],"_rootPartCFrame":[757.155,232.199,46.583,-0.003,0,1,0,1,0,-1,0,-0.003],"_humanoidState":8,"_cameraCFrame":[764.375,243.899,44.81,-0.003,-0.816,0.578,0,0.578,0.816,-1,0.003,-0.002],"_shiftlockState":true,"_pose":"Running","_animationQueue":[],"_animationSpeed":1.103,"_zoom":12.5},{"_mousePosition":[683,384],"_rootPartCFrame":[756.889,232.199,46.583,-0.003,0,1,0,1,0,-1,0,-0.003],"_humanoidState":8,"_cameraCFrame":[763.981,243.719,44.812,-0.003,-0.816,0.578,0,0.578,0.816,-1,0.003,-0.002],"_shiftlockState":true,"_pose":"Running","_animationQueue":[["walk",0.1]],"_animationSpeed":1.103,"_zoom":9.6},{"_mousePosition":[683,384],"_rootPartCFrame":[756.622,232.2,46.584,-0.003,0,1,0,1,0,-1,0,-0.003],"_humanoidState":8,"_cameraCFrame":[763.458,243.357,44.813,-0.003,-0.816,0.578,0,0.578,0.816,-1,0.003,-0.002],"_shiftlockState":true,"_pose":"Running","_animationQueue":[],"_animationSpeed":1.103,"_zoom":9.6},{"_mousePosition":[683,384],"_rootPartCFrame":[756.355,232.2,46.585,-0.003,0,1,0,1,0,-1,0,-0.003],"_humanoidState":8,"_cameraCFrame":[762.9,242.947,44.815,-0.003,-0.816,0.578,0,0.578,0.816,-1,0.003,-0.002],"_shiftlockState":true,"_pose":"Running","_animationQueue":[],"_animationSpeed":1.103,"_zoom":9.6},{"_mousePosition":[683,384],"_rootPartCFrame":[756.089,232.2,46.586,-0.003,0,1,0,1,0,-1,0,-0.003],"_humanoidState":8,"_cameraCFrame":[762.263,242.424,44.817,-0.003,-0.816,0.578,0,0.578,0.816,-1,0.003,-0.002],"_shiftlockState":true,"_pose":"Running","_animationQueue":[],"_animationSpeed":1.103,"_zoom":7.28},{"_mousePosition":[683,384],"_rootPartCFrame":[755.822,232.2,46.587,-0.003,0,1,0,1,0,-1,0,-0.003],"_humanoidState":8,"_cameraCFrame":[761.577,241.865,44.819,-0.003,-0.817,0.576,0,0.576,0.817,-1,0.003,-0.002],"_shiftlockState":true,"_pose":"Running","_animationQueue":[],"_animationSpeed":1.103,"_zoom":7.28},{"_mousePosition":[683,384],"_rootPartCFrame":[755.555,232.2,46.588,-0.003,0,1,0,1,0,-1,0,-0.003],"_humanoidState":8,"_cameraCFrame":[760.869,241.302,44.821,-0.003,-0.819,0.573,0,0.573,0.819,-1,0.003,-0.002],"_shiftlockState":true,"_pose":"Running","_animationQueue":[],"_animationSpeed":1.103,"_zoom":7.28},{"_mousePosition":[683,384],"_rootPartCFrame":[755.222,232.2,46.589,-0.003,0,1,0,1,0,-1,0,-0.003],"_humanoidState":8,"_cameraCFrame":[760.222,240.919,44.81,-0.006,-0.822,0.57,0,0.57,0.822,-1,0.005,-0.003],"_shiftlockState":true,"_pose":"Running","_animationQueue":[["walk",0.1]],"_animationSpeed":1.103,"_zoom":7.28},{"_mousePosition":[683,384],"_rootPartCFrame":[755.022,232.2,46.589,-0.006,0,1,0,1,0,-1,0,-0.006],"_humanoidState":8,"_cameraCFrame":[759.734,240.59,44.813,-0.006,-0.825,0.565,0,0.565,0.825,-1,0.005,-0.003],"_shiftlockState":true,"_pose":"Running","_animationQueue":[],"_animationSpeed":1.103,"_zoom":7.28},{"_mousePosition":[683,384],"_rootPartCFrame":[754.689,232.2,46.591,-0.006,0,1,0,1,0,-1,0,-0.006],"_humanoidState":8,"_cameraCFrame":[759.161,240.358,44.804,-0.008,-0.829,0.559,0,0.559,0.829,-1,0.007,-0.005],"_shiftlockState":true,"_pose":"Running","_animationQueue":[],"_animationSpeed":1.103,"_zoom":7.28},{"_mousePosition":[683,384],"_rootPartCFrame":[754.422,232.2,46.592,-0.008,0,1,0,1,0,-1,0,-0.008],"_humanoidState":8,"_cameraCFrame":[758.695,240.226,44.808,-0.008,-0.836,0.549,0,0.549,0.836,-1,0.007,-0.004],"_shiftlockState":true,"_pose":"Running","_animationQueue":[],"_animationSpeed":1.103,"_zoom":7.28},{"_mousePosition":[683,384],"_rootPartCFrame":[754.156,232.2,46.594,-0.008,0,1,0,1,0,-1,0,-0.008],"_humanoidState":8,"_cameraCFrame":[758.262,240.134,44.811,-0.008,-0.842,0.539,0,0.539,0.842,-1,0.007,-0.004],"_shiftlockState":true,"_pose":"Running","_animationQueue":[],"_animationSpeed":1.103,"_zoom":7.28},{"_mousePosition":[683,384],"_rootPartCFrame":[753.889,232.2,46.597,-0.008,0,1,0,1,0,-1,0,-0.008],"_humanoidState":8,"_cameraCFrame":[757.805,240.109,44.815,-0.008,-0.852,0.523,0,0.523,0.852,-1,0.007,-0.004],"_shiftlockState":true,"_pose":"Running","_animationQueue":[],"_animationSpeed":1.103,"_zoom":7.28},{"_mousePosition":[683,384],"_rootPartCFrame":[753.623,232.2,46.599,-0.008,0,1,0,1,0,-1,0,-0.008],"_humanoidState":8,"_cameraCFrame":[757.413,240.098,44.818,-0.008,-0.86,0.511,0,0.511,0.86,-1,0.007,-0.004],"_shiftlockState":true,"_pose":"Running","_animationQueue":[["walk",0.1]],"_animationSpeed":1.103,"_zoom":7.28},{"_mousePosition":[683,384],"_rootPartCFrame":[753.356,232.2,46.601,-0.008,0,1,0,1,0,-1,0,-0.008],"_humanoidState":8,"_cameraCFrame":[757.024,240.112,44.83,-0.006,-0.867,0.498,0,0.498,0.867,-1,0.005,-0.003],"_shiftlockState":true,"_pose":"Running","_animationQueue":[],"_animationSpeed":1.103,"_zoom":7.28},{"_mousePosition":[683,384],"_rootPartCFrame":[753.089,232.2,46.603,-0.006,0,1,0,1,0,-1,0,-0.006],"_humanoidState":8,"_cameraCFrame":[756.644,240.135,44.842,-0.003,-0.875,0.484,0,0.484,0.875,-1,0.003,-0.001],"_shiftlockState":true,"_pose":"Running","_animationQueue":[],"_animationSpeed":1.103,"_zoom":7.28},{"_mousePosition":[683,384],"_rootPartCFrame":[752.823,232.2,46.605,-0.003,0,1,0,1,0,-1,0,-0.003],"_humanoidState":8,"_cameraCFrame":[756.299,240.155,44.862,0.002,-0.881,0.474,0,0.474,0.881,-1,-0.002,0.001],"_shiftlockState":true,"_pose":"Running","_animationQueue":[],"_animationSpeed":1.103,"_zoom":7.28},{"_mousePosition":[683,384],"_rootPartCFrame":[752.623,232.2,46.605,0.002,0,1,0,1,0,-1,0,0.002],"_humanoidState":8,"_cameraCFrame":[756.02,240.18,44.871,0.005,-0.886,0.463,0,0.463,0.886,-1,-0.004,0.002],"_shiftlockState":true,"_pose":"Running","_animationQueue":[],"_animationSpeed":1.103,"_zoom":7.28},{"_mousePosition":[683,384],"_rootPartCFrame":[752.356,232.2,46.605,0.005,0,1,0,1,0,-1,0,0.005],"_humanoidState":8,"_cameraCFrame":[755.702,240.196,44.879,0.007,-0.89,0.456,0,0.457,0.89,-1,-0.006,0.003],"_shiftlockState":true,"_pose":"Running","_animationQueue":[],"_animationSpeed":1.103,"_zoom":7.28},{"_mousePosition":[683,384],"_rootPartCFrame":[752.023,232.2,46.604,0.007,0,1,0,1,0,-1,0,0.007],"_humanoidState":8,"_cameraCFrame":[755.319,240.216,44.885,0.01,-0.893,0.45,0,0.45,0.893,-1,-0.009,0.004],"_shiftlockState":true,"_pose":"Running","_animationQueue":[],"_animationSpeed":1.103,"_zoom":7.28},{"_mousePosition":[683,384],"_rootPartCFrame":[751.756,232.2,46.602,0.01,0,1,0,1,0,-1,0,0.01],"_humanoidState":8,"_cameraCFrame":[754.974,240.249,44.883,0.01,-0.898,0.439,0,0.439,0.898,-1,-0.009,0.004],"_shiftlockState":true,"_pose":"Running","_animationQueue":[["walk",0.1]],"_animationSpeed":1.103,"_zoom":7.28},{"_mousePosition":[683,384],"_rootPartCFrame":[751.49,232.2,46.599,0.01,0,1,0,1,0,-1,0,0.01],"_humanoidState":8,"_cameraCFrame":[754.62,240.289,44.887,0.012,-0.904,0.427,0,0.427,0.904,-1,-0.011,0.005],"_shiftlockState":true,"_pose":"Running","_animationQueue":[],"_animationSpeed":1.103,"_zoom":7.28},{"_mousePosition":[683,384],"_rootPartCFrame":[751.156,232.2,46.596,0.012,0,1,0,1,0,-1,0,0.012],"_humanoidState":8,"_cameraCFrame":[754.2,240.329,44.891,0.015,-0.91,0.414,0,0.414,0.91,-1,-0.013,0.006],"_shiftlockState":true,"_pose":"Running","_animationQueue":[],"_animationSpeed":1.103,"_zoom":7.28},{"_mousePosition":[683,384],"_rootPartCFrame":[750.956,232.2,46.594,0.015,0,1,0,1,0,-1,0,0.015],"_humanoidState":8,"_cameraCFrame":[753.905,240.374,44.902,0.02,-0.916,0.4,0,0.4,0.916,-1,-0.018,0.008],"_shiftlockState":true,"_pose":"Running","_animationQueue":[],"_animationSpeed":1.103,"_zoom":7.28},{"_mousePosition":[683,384],"_rootPartCFrame":[750.69,232.2,46.59,0.02,0,1,0,1,0,-1,0,0.02],"_humanoidState":8,"_cameraCFrame":[753.498,240.434,44.902,0.022,-0.925,0.38,0,0.38,0.925,-1,-0.021,0.008],"_shiftlockState":true,"_pose":"Running","_animationQueue":[],"_animationSpeed":1.103,"_zoom":7.28},{"_mousePosition":[683,384],"_rootPartCFrame":[750.357,232.2,46.584,0.022,0,1,0,1,0,-1,0,0.022],"_humanoidState":8,"_cameraCFrame":[753.086,240.465,44.894,0.022,-0.929,0.37,0,0.37,0.929,-1,-0.021,0.008],"_shiftlockState":true,"_pose":"Running","_animationQueue":[],"_animationSpeed":1.103,"_zoom":7.28},{"_mousePosition":[683,384],"_rootPartCFrame":[750.09,232.2,46.578,0.022,0,1,0,1,0,-1,0,0.022],"_humanoidState":8,"_cameraCFrame":[751.6,237.518,44.865,0.025,-0.933,0.359,0,0.359,0.933,-1,-0.023,0.009],"_shiftlockState":true,"_pose":"Running","_animationQueue":[["walk",0.1]],"_animationSpeed":1.103,"_zoom":7.28},{"_mousePosition":[683,384],"_rootPartCFrame":[749.89,232.2,46.574,0.025,0,1,0,1,0,-1,0,0.025],"_humanoidState":8,"_cameraCFrame":[751.358,237.519,44.859,0.025,-0.937,0.349,0,0.35,0.937,-1,-0.023,0.009],"_shiftlockState":true,"_pose":"Running","_animationQueue":[],"_animationSpeed":1.103,"_zoom":7.28},{"_mousePosition":[683,384],"_rootPartCFrame":[749.557,232.2,46.565,0.025,0,1,0,1,0,-1,0,0.025],"_humanoidState":8,"_cameraCFrame":[750.975,237.52,44.844,0.021,-0.94,0.34,0,0.34,0.94,-1,-0.02,0.007],"_shiftlockState":true,"_pose":"Running","_animationQueue":[["walk",0.1]],"_animationSpeed":1.103,"_zoom":7.28},{"_mousePosition":[683,384],"_rootPartCFrame":[749.29,232.195,46.559,0.021,0,1,0,1,0,-1,0,0.021],"_humanoidState":8,"_cameraCFrame":[750.706,237.52,44.834,0.018,-0.94,0.34,0,0.34,0.94,-1,-0.017,0.006],"_shiftlockState":true,"_pose":"Running","_animationQueue":[],"_animationSpeed":1.103,"_zoom":7.28},{"_mousePosition":[683,384],"_rootPartCFrame":[749.024,232.196,46.553,0.018,0,1,0,1,0,-1,0,0.018],"_humanoidState":8,"_cameraCFrame":[750.405,237.521,44.821,0.013,-0.942,0.335,0,0.335,0.942,-1,-0.012,0.004],"_shiftlockState":true,"_pose":"Running","_animationQueue":[["walk",0.1]],"_animationSpeed":1.103,"_zoom":7.28},{"_mousePosition":[683,384],"_rootPartCFrame":[748.757,232.198,46.548,0.013,0,1,0,1,0,-1,0,0.013],"_humanoidState":8,"_cameraCFrame":[750.117,237.521,44.813,0.011,-0.944,0.331,0,0.331,0.944,-1,-0.01,0.004],"_shiftlockState":true,"_pose":"Running","_animationQueue":[],"_animationSpeed":1.103,"_zoom":7.28},{"_mousePosition":[683,384],"_rootPartCFrame":[748.491,232.199,46.544,0.011,0,1,0,1,0,-1,0,0.011],"_humanoidState":8,"_cameraCFrame":[749.825,237.521,44.802,0.006,-0.945,0.327,0,0.327,0.945,-1,-0.005,0.002],"_shiftlockState":true,"_pose":"Running","_animationQueue":[],"_animationSpeed":1.103,"_zoom":7.28},{"_mousePosition":[683,384],"_rootPartCFrame":[748.224,232.199,46.541,0.006,0,1,0,1,0,-1,0,0.006],"_humanoidState":8,"_cameraCFrame":[749.52,237.522,44.789,-0.002,-0.947,0.322,0,0.322,0.947,-1,0.002,-0.001],"_shiftlockState":true,"_pose":"Running","_animationQueue":[],"_animationSpeed":1.103,"_zoom":7.28},{"_mousePosition":[683,384],"_rootPartCFrame":[747.891,232.199,46.539,-0.002,0,1,0,1,0,-1,0,-0.002],"_humanoidState":8,"_cameraCFrame":[749.148,237.523,44.777,-0.01,-0.949,0.316,0,0.316,0.949,-1,0.009,-0.003],"_shiftlockState":true,"_pose":"Running","_animationQueue":[],"_animationSpeed":1.103,"_zoom":7.28},{"_mousePosition":[683,384],"_rootPartCFrame":[747.691,232.2,46.539,-0.01,0,1,0,1,0,-1,0,-0.01],"_humanoidState":8,"_cameraCFrame":[748.919,237.523,44.774,-0.012,-0.95,0.311,0,0.311,0.951,-1,0.011,-0.004],"_shiftlockState":true,"_pose":"Running","_animationQueue":[],"_animationSpeed":1.103,"_zoom":7.28},{"_mousePosition":[683,384],"_rootPartCFrame":[747.424,232.2,46.542,-0.012,0,1,0,1,0,-1,0,-0.012],"_humanoidState":8,"_cameraCFrame":[748.619,237.524,44.771,-0.017,-0.952,0.305,0,0.305,0.952,-1,0.016,-0.005],"_shiftlockState":true,"_pose":"Running","_animationQueue":[],"_animationSpeed":1.103,"_zoom":7.28},{"_mousePosition":[683,384],"_rootPartCFrame":[747.091,232.2,46.546,-0.017,0,1,0,1,0,-1,0,-0.017],"_humanoidState":8,"_cameraCFrame":[748.265,237.524,44.772,-0.02,-0.953,0.301,0,0.301,0.953,-1,0.019,-0.006],"_shiftlockState":true,"_pose":"Running","_animationQueue":[["walk",0.1]],"_animationSpeed":1.103,"_zoom":7.28},{"_mousePosition":[683,384],"_rootPartCFrame":[746.891,232.2,46.549,-0.02,0,1,0,1,0,-1,0,-0.02],"_humanoidState":8,"_cameraCFrame":[748.036,237.525,44.773,-0.022,-0.955,0.296,0,0.296,0.955,-1,0.021,-0.007],"_shiftlockState":true,"_pose":"Running","_animationQueue":[],"_animationSpeed":1.103,"_zoom":7.28},{"_mousePosition":[683,384],"_rootPartCFrame":[746.624,232.2,46.554,-0.022,0,1,0,1,0,-1,0,-0.022],"_humanoidState":8,"_cameraCFrame":[747.749,237.525,44.776,-0.025,-0.956,0.292,0,0.292,0.956,-1,0.024,-0.007],"_shiftlockState":true,"_pose":"Running","_animationQueue":[],"_animationSpeed":1.103,"_zoom":7.28},{"_mousePosition":[683,384],"_rootPartCFrame":[746.291,232.2,46.561,-0.025,0,1,0,1,0,-1,0,-0.025],"_humanoidState":8,"_cameraCFrame":[747.4,237.525,44.783,-0.02