[{"_mousePosition":[1220,368],"_rootPartCFrame":[776.035,222.978,47.142,-0.001,-0.007,1,0,1,0.007,-1,0,-0.001],"_humanoidState":8,"_cameraCFrame":[778.931,239.083,37.535,-0.957,-0.239,0.164,0,0.566,0.824,-0.29,0.789,-0.542],"_shiftlockState":false,"_pose":"Standing","_animationQueue":[],"_animationSpeed":1,"_zoom":17.721},{"_mousePosition":[1220,368],"_rootPartCFrame":[775.8,222.848,47.071,0.04,-0.001,0.999,0,1,0.001,-0.999,0,0.04],"_humanoidState":8,"_cameraCFrame":[778.705,238.953,37.464,-0.957,-0.239,0.164,0,0.566,0.824,-0.29,0.789,-0.542],"_shiftlockState":false,"_pose":"Standing","_animationQueue":[],"_animationSpeed":1,"_zoom":17.721},{"_mousePosition":[1220,368],"_rootPartCFrame":[775.545,222.678,46.994,0.074,0,0.997,0,1,0,-0.997,0,0.074],"_humanoidState":8,"_cameraCFrame":[778.452,238.783,37.387,-0.957,-0.239,0.164,0,0.566,0.824,-0.29,0.789,-0.542],"_shiftlockState":false,"_pose":"Running","_animationQueue":[["walk",0.1]],"_animationSpeed":1.067,"_zoom":17.721},{"_mousePosition":[1220,368],"_rootPartCFrame":[775.289,222.655,46.916,0.104,0,0.995,0,1,0,-0.995,0,0.104],"_humanoidState":8,"_cameraCFrame":[778.196,238.76,37.31,-0.957,-0.239,0.164,0,0.566,0.824,-0.29,0.789,-0.542],"_shiftlockState":false,"_pose":"Running","_animationQueue":[],"_animationSpeed":1.067,"_zoom":17.721},{"_mousePosition":[1220,368],"_rootPartCFrame":[775.034,222.67,46.839,0.129,0,0.992,0,1,0,-0.992,0,0.129],"_humanoidState":8,"_cameraCFrame":[777.941,238.775,37.233,-0.957,-0.239,0.164,0,0.566,0.824,-0.29,0.789,-0.542],"_shiftlockState":false,"_pose":"Running","_animationQueue":[],"_animationSpeed":1.067,"_zoom":17.721},{"_mousePosition":[1214,368],"_rootPartCFrame":[774.779,222.683,46.762,0.151,0,0.988,0,1,0,-0.988,0,0.151],"_humanoidState":8,"_cameraCFrame":[777.686,238.788,37.155,-0.957,-0.239,0.164,0,0.566,0.824,-0.29,0.789,-0.542],"_shiftlockState":false,"_pose":"Running","_animationQueue":[["walk",0.1]],"_animationSpeed":1.067,"_zoom":17.721},{"_mousePosition":[1166,383],"_rootPartCFrame":[774.524,222.691,46.685,0.17,0,0.985,0,1,0,-0.985,0,0.17],"_humanoidState":8,"_cameraCFrame":[775.755,238.795,36.571,-0.957,-0.239,0.164,0,0.566,0.824,-0.29,0.789,-0.542],"_shiftlockState":true,"_pose":"Running","_animationQueue":[],"_animationSpeed":1.067,"_zoom":17.721},{"_mousePosition":[683,384],"_rootPartCFrame":[774.268,222.695,46.607,-0.978,0,0.207,0,1,0,-0.207,0,-0.978],"_humanoidState":8,"_cameraCFrame":[775.5,238.8,36.494,-0.957,-0.239,0.164,0,0.566,0.824,-0.29,0.789,-0.542],"_shiftlockState":true,"_pose":"Running","_animationQueue":[],"_animationSpeed":1.067,"_zoom":17.721},{"_mousePosition":[683,384],"_rootPartCFrame":[774.013,222.697,46.53,-0.96,0,0.281,0,1,0,-0.281,0,-0.96],"_humanoidState":8,"_cameraCFrame":[774.827,239.033,36.715,-0.966,-0.216,0.141,0,0.547,0.837,-0.258,0.809,-0.528],"_shiftlockState":true,"_pose":"Running","_animationQueue":[],"_animationSpeed":1.067,"_zoom":17.721},{"_mousePosition":[683,384],"_rootPartCFrame":[773.694,222.698,46.434,-0.966,0,0.258,0,1,0,-0.258,0,-0.966],"_humanoidState":8,"_cameraCFrame":[774.226,239.316,37.039,-0.97,-0.206,0.126,0,0.522,0.853,-0.241,0.828,-0.506],"_shiftlockState":true,"_pose":"Running","_animationQueue":[],"_animationSpeed":1.067,"_zoom":17.721},{"_mousePosition":[683,384],"_rootPartCFrame":[773.437,222.699,46.364,-0.97,0,0.241,0,1,0,-0.241,0,-0.97],"_humanoidState":8,"_cameraCFrame":[773.692,239.628,37.477,-0.974,-0.196,0.111,0,0.492,0.871,-0.225,0.848,-0.479],"_shiftlockState":true,"_pose":"Running","_animationQueue":[],"_animationSpeed":1.067,"_zoom":17.721},{"_mousePosition":[683,384],"_rootPartCFrame":[773.179,223.562,46.295,-0.974,0,0.225,0,1,0,-0.225,0,-0.974],"_humanoidState":3,"_cameraCFrame":[773.224,240.744,37.859,-0.977,-0.188,0.099,0,0.466,0.885,-0.213,0.865,-0.455],"_shiftlockState":true,"_pose":"Jumping","_animationQueue":[["walk",0.1],["walk",0.1],["jump",0.1]],"_animationSpeed":1,"_zoom":17.721},{"_mousePosition":[683,384],"_rootPartCFrame":[772.92,224.37,46.233,-0.953,0,0.302,0,1,0,-0.302,0,-0.953],"_humanoidState":5,"_cameraCFrame":[772.764,241.811,38.298,-0.98,-0.181,0.088,0,0.437,0.9,-0.201,0.881,-0.428],"_shiftlockState":true,"_pose":"FreeFall","_animationQueue":[["jump",0.1]],"_animationSpeed":1,"_zoom":17.721},{"_mousePosition":[683,384],"_rootPartCFrame":[772.659,225.124,46.176,-0.946,0,0.325,0,1,0,-0.325,0,-0.946],"_humanoidState":5,"_cameraCFrame":[772.337,242.806,38.75,-0.981,-0.176,0.079,0,0.408,0.913,-0.193,0.896,-0.4],"_shiftlockState":true,"_pose":"FreeFall","_animationQueue":[],"_animationSpeed":1,"_zoom":17.721},{"_mousePosition":[683,384],"_rootPartCFrame":[772.398,225.824,46.122,-0.947,0,0.321,0,1,0,-0.321,0,-0.947],"_humanoidState":5,"_cameraCFrame":[771.936,243.719,39.189,-0.982,-0.173,0.071,0,0.379,0.925,-0.187,0.909,-0.373],"_shiftlockState":true,"_pose":"FreeFall","_animationQueue":[],"_animationSpeed":1,"_zoom":17.721},{"_mousePosition":[683,384],"_rootPartCFrame":[772.137,226.469,46.07,-0.949,0,0.316,0,1,0,-0.316,0,-0.949],"_humanoidState":5,"_cameraCFrame":[771.561,244.547,39.596,-0.983,-0.171,0.065,0,0.353,0.936,-0.183,0.92,-0.347],"_shiftlockState":true,"_pose":"FreeFall","_animationQueue":[],"_animationSpeed":1,"_zoom":17.721},{"_mousePosition":[683,384],"_rootPartCFrame":[771.875,227.059,46.02,-0.95,0,0.312,0,1,0,-0.312,0,-0.95],"_humanoidState":5,"_cameraCFrame":[771.206,245.284,39.944,-0.984,-0.17,0.059,0,0.33,0.944,-0.18,0.928,-0.325],"_shiftlockState":true,"_pose":"FreeFall","_animationQueue":[],"_animationSpeed":1,"_zoom":17.721},{"_mousePosition":[683,384],"_rootPartCFrame":[771.612,227.595,45.971,-0.951,0,0.309,0,1,0,-0.309,0,-0.951],"_humanoidState":5,"_cameraCFrame":[770.872,245.944,40.256,-0.984,-0.17,0.055,0,0.31,0.951,-0.179,0.935,-0.305],"_shiftlockState":true,"_pose":"FreeFall","_animationQueue":[],"_animationSpeed":1,"_zoom":17.721},{"_mousePosition":[683,384],"_rootPartCFrame":[771.35,228.076,45.923,-0.951,0,0.308,0,1,0,-0.308,0,-0.951],"_humanoidState":5,"_cameraCFrame":[770.561,246.511,40.476,-0.984,-0.171,0.053,0,0.294,0.956,-0.179,0.94,-0.29],"_shiftlockState":true,"_pose":"FreeFall","_animationQueue":[],"_animationSpeed":1,"_zoom":17.721},{"_mousePosition":[683,384],"_rootPartCFrame":[771.088,228.503,45.875,-0.951,0,0.308,0,1,0,-0.308,0,-0.951],"_humanoidState":5,"_cameraCFrame":[770.257,247.008,40.657,-0.984,-0.171,0.05,0,0.281,0.96,-0.179,0.944,-0.277],"_shiftlockState":true,"_pose":"FreeFall","_animationQueue":[],"_animationSpeed":1,"_zoom":17.721},{"_mousePosition":[683,384],"_rootPartCFrame":[770.825,228.875,45.828,-0.951,0,0.308,0,1,0,-0.308,0,-0.951],"_humanoidState":5,"_cameraCFrame":[769.966,247.436,40.798,-0.984,-0.173,0.049,0,0.271,0.963,-0.18,0.947,-0.266],"_shiftlockState":true,"_pose":"FreeFall","_animationQueue":[],"_animationSpeed":1,"_zoom":17.721},{"_mousePosition":[683,384],"_rootPartCFrame":[770.563,229.193,45.78,-0.951,0,0.309,0,1,0,-0.309,0,-0.951],"_humanoidState":5,"_cameraCFrame":[769.691,247.781,40.844,-0.984,-0.174,0.048,0,0.265,0.964,-0.181,0.948,-0.261],"_shiftlockState":true,"_pose":"FreeFall","_animationQueue":[],"_animationSpeed":1,"_zoom":17.721},{"_mousePosition":[683,384],"_rootPartCFrame":[770.301,229.457,45.732,-0.951,0,0.31,0,1,0,-0.31,0,-0.951],"_humanoidState":5,"_cameraCFrame":[769.398,247.76,41.014,-0.983,-0.177,0.047,0,0.257,0.966,-0.183,0.95,-0.253],"_shiftlockState":true,"_pose":"FreeFall","_animationQueue":[],"_animationSpeed":1,"_zoom":13.777},{"_mousePosition":[683,384],"_rootPartCFrame":[770.038,229.666,45.684,-0.95,0,0.312,0,1,0,-0.312,0,-0.95],"_humanoidState":5,"_cameraCFrame":[769.102,247.405,41.22,-0.983,-0.18,0.047,0,0.251,0.968,-0.186,0.951,-0.247],"_shiftlockState":true,"_pose":"FreeFall","_animationQueue":[],"_animationSpeed":1,"_zoom":13.777},{"_mousePosition":[683,384],"_rootPartCFrame":[769.776,229.82,45.635,-0.949,0,0.315,0,1,0,-0.315,0,-0.949],"_humanoidState":5,"_cameraCFrame":[768.828,246.874,41.392,-0.981,-0.187,0.048,0,0.248,0.969,-0.193,0.951,-0.243],"_shiftlockState":true,"_pose":"FreeFall","_animationQueue":[],"_animationSpeed":1,"_zoom":13.777},{"_mousePosition":[683,384],"_rootPartCFrame":[769.514,229.92,45.586,-0.947,0,0.322,0,1,0,-0.322,0,-0.947],"_humanoidState":5,"_cameraCFrame":[768.561,246.446,41.53,-0.98,-0.195,0.049,0,0.244,0.97,-0.201,0.95,-0.239],"_shiftlockState":true,"_pose":"FreeFall","_animationQueue":[],"_animationSpeed":1,"_zoom":13.777},{"_mousePosition":[683,384],"_rootPartCFrame":[769.253,229.965,45.535,-0.944,0,0.33,0,1,0,-0.33,0,-0.944],"_humanoidState":5,"_cameraCFrame":[768.319,246.045,41.648,-0.976,-0.209,0.052,0,0.239,0.971,-0.216,0.948,-0.234],"_shiftlockState":true,"_pose":"FreeFall","_animationQueue":[],"_animationSpeed":1,"_zoom":13.777},{"_mousePosition":[683,384],"_rootPartCFrame":[768.991,229.956,45.481,-0.939,0,0.344,0,1,0,-0.344,0,-0.939],"_humanoidState":5,"_cameraCFrame":[768.068,245.478,41.763,-0.973,-0.222,0.054,0,0.236,0.972,-0.229,0.946,-0.23],"_shiftlockState":true,"_pose":"FreeFall","_animationQueue":[],"_animationSpeed":1,"_zoom":10.621},{"_mousePosition":[683,384],"_rootPartCFrame":[768.731,229.893,45.424,-0.934,0,0.356,0,1,0,-0.356,0,-0.934],"_humanoidState":5,"_cameraCFrame":[767.81,244.613,41.914,-0.97,-0.237,0.057,0,0.234,0.972,-0.244,0.943,-0.227],"_shiftlockState":true,"_pose":"FreeFall","_animationQueue":[],"_animationSpeed":1,"_zoom":10.621},{"_mousePosition":[683,384],"_rootPartCFrame":[768.471,229.775,45.364,-0.929,0,0.371,0,1,0,-0.371,0,-0.929],"_humanoidState":5,"_cameraCFrame":[767.557,243.821,42.007,-0.966,-0.251,0.06,0,0.233,0.972,-0.258,0.939,-0.225],"_shiftlockState":true,"_pose":"FreeFall","_animationQueue":[],"_animationSpeed":1,"_zoom":10.621},{"_mousePosition":[683,384],"_rootPartCFrame":[768.212,229.602,45.299,-0.923,0,0.384,0,1,0,-0.384,0,-0.923],"_humanoidState":5,"_cameraCFrame":[767.312,243.051,42.066,-0.962,-0.266,0.064,0,0.233,0.972,-0.274,0.935,-0.224],"_shiftlockState":true,"_pose":"FreeFall","_animationQueue":[],"_animationSpeed":1,"_zoom":10.621},{"_mousePosition":[683,384],"_rootPartCFrame":[767.954,229.375,45.231,-0.917,0,0.399,0,1,0,-0.399,0,-0.917],"_humanoidState":5,"_cameraCFrame":[767.068,242.383,42.087,-0.958,-0.279,0.067,0,0.233,0.972,-0.287,0.932,-0.223],"_shiftlockState":true,"_pose":"FreeFall","_animationQueue":[["fall",0.3]],"_animationSpeed":1,"_zoom":10.621},{"_mousePosition":[683,384],"_rootPartCFrame":[767.698,229.093,45.159,-0.911,0,0.411,0,1,0,-0.411,0,-0.911],"_humanoidState":5,"_cameraCFrame":[766.829,241.749,42.084,-0.954,-0.291,0.07,0,0.233,0.972,-0.3,0.928,-0.222],"_shiftlockState":true,"_pose":"FreeFall","_animationQueue":[],"_animationSpeed":1,"_zoom":10.621},{"_mousePosition":[683,384],"_rootPartCFrame":[767.442,228.757,45.083,-0.906,0,0.424,0,1,0,-0.424,0,-0.906],"_humanoidState":5,"_cameraCFrame":[766.591,241.17,42.053,-0.951,-0.302,0.072,0,0.233,0.972,-0.311,0.924,-0.222],"_shiftlockState":true,"_pose":"FreeFall","_animationQueue":[],"_animationSpeed":1,"_zoom":10.621},{"_mousePosition":[683,384],"_rootPartCFrame":[767.251,228.469,45.023,-0.915,0,0.404,0,1,0,-0.404,0,-0.915],"_humanoidState":5,"_cameraCFrame":[766.414,240.698,42.028,-0.948,-0.311,0.074,0,0.233,0.972,-0.32,0.921,-0.221],"_shiftlockState":true,"_pose":"FreeFall","_animationQueue":[],"_animationSpeed":1,"_zoom":10.621},{"_mousePosition":[683,384],"_rootPartCFrame":[766.934,227.921,44.92,-0.881,0,0.472,0,1,0,-0.472,0,-0.881],"_humanoidState":5,"_cameraCFrame":[766.119,240.026,41.937,-0.945,-0.319,0.077,0,0.234,0.972,-0.328,0.918,-0.221],"_shiftlockState":true,"_pose":"FreeFall","_animationQueue":[],"_animationSpeed":1,"_zoom":10.621},{"_mousePosition":[683,384],"_rootPartCFrame":[766.745,227.552,44.857,-0.907,0,0.421,0,1,0,-0.421,0,-0.907],"_humanoidState":5,"_cameraCFrame":[765.968,239.557,41.868,-0.94,-0.332,0.08,0,0.235,0.972,-0.341,0.914,-0.221],"_shiftlockState":true,"_pose":"FreeFall","_animationQueue":[],"_animationSpeed":1,"_zoom":10.621},{"_mousePosition":[683,384],"_rootPartCFrame":[766.43,226.868,44.747,-0.87,0,0.492,0,1,0,-0.492,0,-0.87],"_humanoidState":5,"_cameraCFrame":[765.685,238.811,41.748,-0.936,-0.341,0.083,0,0.237,0.972,-0.351,0.91,-0.222],"_shiftlockState":true,"_pose":"FreeFall","_animationQueue":[],"_animationSpeed":1,"_zoom":10.621},{"_mousePosition":[683,384],"_rootPartCFrame":[766.179,226.259,44.657,-0.881,0,0.472,0,1,0,-0.472,0,-0.881],"_humanoidState":5,"_cameraCFrame":[765.456,238.159,41.654,-0.934,-0.348,0.085,0,0.238,0.971,-0.358,0.907,-0.222],"_shiftlockState":true,"_pose":"FreeFall","_animationQueue":[["fall",0.3]],"_animationSpeed":1,"_zoom":10.621},{"_mousePosition":[683,384],"_rootPartCFrame":[765.929,225.596,44.564,-0.878,0,0.479,0,1,0,-0.479,0,-0.878],"_humanoidState":5,"_cameraCFrame":[765.223,237.469,41.562,-0.931,-0.353,0.086,0,0.238,0.971,-0.364,0.905,-0.221],"_shiftlockState":true,"_pose":"FreeFall","_animationQueue":[],"_animationSpeed":1,"_zoom":10.621},{"_mousePosition":[683,384],"_rootPartCFrame":[765.68,224.878,44.469,-0.875,0,0.484,0,1,0,-0.484,0,-0.875],"_humanoidState":5,"_cameraCFrame":[765.013,236.732,41.462,-0.926,-0.366,0.09,0,0.238,0.971,-0.376,0.9,-0.22],"_shiftlockState":true,"_pose":"FreeFall","_animationQueue":[],"_animationSpeed":1,"_zoom":10.621},{"_mousePosition":[683,384],"_rootPartCFrame":[765.431,224.106,44.372,-0.868,0,0.496,0,1,0,-0.496,0,-0.868],"_humanoidState":5,"_cameraCFrame":[764.829,235.948,41.354,-0.918,-0.385,0.094,0,0.238,0.971,-0.397,0.892,-0.218],"_shiftlockState":true,"_pose":"FreeFall","_animationQueue":[],"_animationSpeed":1,"_zoom":10.621},{"_mousePosition":[683,384],"_rootPartCFrame":[765.184,223.28,44.272,-0.857,0,0.515,0,1,0,-0.515,0,-0.857],"_humanoidState":5,"_cameraCFrame":[764.711,235.112,41.233,-0.9,-0.423,0.104,0,0.238,0.971,-0.436,0.874,-0.214],"_shiftlockState":true,"_pose":"FreeFall","_animationQueue":[],"_animationSpeed":1,"_zoom":10.621},{"_mousePosition":[683,384],"_rootPartCFrame":[764.939,222.506,44.167,-0.881,0,0.473,0,1,0,-0.473,0,-0.881],"_humanoidState":7,"_cameraCFrame":[764.646,234.329,41.093,-0.874,-0.472,0.116,0,0.239,0.971,-0.486,0.849,-0.209],"_shiftlockState":true,"_pose":"FreeFall","_animationQueue":[["walk",0.1],["fall",0.3],["fall",0.3]],"_animationSpeed":1,"_zoom":10.621},{"_mousePosition":[683,384],"_rootPartCFrame":[764.698,222.444,44.052,-0.872,0,0.49,0,1,0,-0.49,0,-0.872],"_humanoidState":7,"_cameraCFrame":[764.627,234.26,40.952,-0.838,-0.529,0.131,0,0.241,0.971,-0.545,0.814,-0.202],"_shiftlockState":true,"_pose":"FreeFall","_animationQueue":[["fall",0.3]],"_animationSpeed":1,"_zoom":10.621},{"_mousePosition":[683,384],"_rootPartCFrame":[764.523,222.502,43.957,-0.838,0,0.546,0,1,0,-0.546,0,-0.838],"_humanoidState":7,"_cameraCFrame":[764.685,234.315,40.861,-0.795,-0.589,0.146,0,0.241,0.971,-0.607,0.771,-0.191],"_shiftlockState":true,"_pose":"FreeFall","_animationQueue":[],"_animationSpeed":1,"_zoom":10.621},{"_mousePosition":[683,384],"_rootPartCFrame":[764.242,222.581,43.777,-0.795,0,0.607,0,1,0,-0.607,0,-0.795],"_humanoidState":8,"_cameraCFrame":[764.585,234.399,40.717,-0.755,-0.637,0.157,0,0.239,0.971,-0.656,0.733,-0.18],"_shiftlockState":true,"_pose":"Running","_animationQueue":[["walk",0.1],["fall",0.3],["walk",0.1]],"_animationSpeed":1.103,"_zoom":10.621},{"_mousePosition":[683,384],"_rootPartCFrame":[763.975,222.623,43.578,-0.755,0,0.656,0,1,0,-0.656,0,-0.755],"_humanoidState":8,"_cameraCFrame":[764.451,234.446,40.556,-0.721,-0.673,0.164,0,0.236,0.972,-0.693,0.701,-0.17],"_shiftlockState":true,"_pose":"Running","_animationQueue":[],"_animationSpeed":1.103,"_zoom":10.621},{"_mousePosition":[683,384],"_rootPartCFrame":[763.823,222.636,43.448,-0.721,0,0.693,0,1,0,-0.693,0,-0.721],"_humanoidState":8,"_cameraCFrame":[764.356,234.464,40.457,-0.704,-0.691,0.166,0,0.234,0.972,-0.71,0.684,-0.165],"_shiftlockState":true,"_pose":"Running","_animationQueue":[],"_animationSpeed":1.103,"_zoom":10.621},{"_mousePosition":[683,384],"_rootPartCFrame":[763.581,222.648,43.219,-0.704,0,0.71,0,1,0,-0.71,0,-0.704],"_humanoidState":8,"_cameraCFrame":[764.111,234.478,40.234,-0.703,-0.692,0.166,0,0.233,0.972,-0.711,0.684,-0.164],"_shiftlockState":true,"_pose":"Running","_animationQueue":[],"_animationSpeed":1.103,"_zoom":10.621},{"_mousePosition":[683,384],"_rootPartCFrame":[763.393,222.653,43.03,-0.703,0,0.711,0,1,0,-0.711,0,-0.703],"_humanoidState":8,"_cameraCFrame":[763.883,234.487,40.052,-0.71,-0.685,0.163,0,0.231,0.973,-0.705,0.69,-0.164],"_shiftlockState":true,"_pose":"Running","_animationQueue":[],"_animationSpeed":1.103,"_zoom":10.621},{"_mousePosition":[683,384],"_rootPartCFrame":[763.205,222.656,42.84,-0.71,0,0.705,0,1,0,-0.705,0,-0.71],"_humanoidState":8,"_cameraCFrame":[763.58,234.499,39.88,-0.73,-0.666,0.156,0,0.228,0.974,-0.683,0.711,-0.166],"_shiftlockState":true,"_pose":"Running","_animationQueue":[["walk",0.1]],"_animationSpeed":1.103,"_zoom":10.621},{"_mousePosition":[683,384],"_rootPartCFrame":[763.063,222.657,42.699,-0.73,0,0.683,0,1,0,-0.683,0,-0.73],"_humanoidState":8,"_cameraCFrame":[763.262,234.512,39.762,-0.762,-0.631,0.144,0,0.223,0.975,-0.648,0.743,-0.17],"_shiftlockState":true,"_pose":"Running","_animationQueue":[],"_animationSpeed":1.103,"_zoom":10.621},{"_mousePosition":[683,384],"_rootPartCFrame":[762.821,222.658,42.471,-0.762,0,0.648,0,1,0,-0.648,0,-0.762],"_humanoidState":8,"_cameraCFrame":[762.827,234.526,39.574,-0.796,-0.591,0.132,0,0.217,0.976,-0.606,0.777,-0.173],"_shiftlockState":true,"_pose":"Running","_animationQueue":[],"_animationSpeed":1.103,"_zoom":10.621},{"_mousePosition":[683,384],"_rootPartCFrame":[762.619,222.659,42.297,-0.796,0,0.606,0,1,0,-0.606,0,-0.796],"_humanoidState":8,"_cameraCFrame":[762.403,234.541,39.461,-0.833,-0.541,0.117,0,0.211,0.977,-0.554,0.814,-0.176],"_shiftlockState":true,"_pose":"Running","_animationQueue":[],"_animationSpeed":1.103,"_zoom":10.621},{"_mousePosition":[683,384],"_rootPartCFrame":[762.408,222.659,42.133,-0.833,0,0.554,0,1,0,-0.554,0,-0.833],"_humanoidState":8,"_cameraCFrame":[761.96,234.557,39.385,-0.869,-0.485,0.101,0,0.204,0.979,-0.495,0.851,-0.177],"_shiftlockState":true,"_pose":"Running","_animationQueue":[],"_animationSpeed":1.103,"_zoom":10.621},{"_mousePosition":[683,384],"_rootPartCFrame":[762.188,222.659,41.984,-0.869,0,0.495,0,1,0,-0.495,0,-0.869],"_humanoidState":8,"_cameraCFrame":[761.512,234.574,39.349,-0.901,-0.425,0.085,0,0.196,0.981,-0.433,0.884,-0.177],"_shiftlockState":true,"_pose":"Running","_animationQueue":[],"_animationSpeed":1.103,"_zoom":10.621},{"_mousePosition":[683,384],"_rootPartCFrame":[761.966,223.532,41.836,-0.901,0,0.433,0,1,0,-0.433,0,-0.901],"_humanoidState":3,"_cameraCFrame":[761.078,235.464,39.332,-0.929,-0.363,0.07,0,0.188,0.982,-0.37,0.913,-0.175],"_shiftlockState":true,"_pose":"Jumping","_animationQueue":[["walk",0.1],["walk",0.1],["jump",0.1]],"_animationSpeed":1,"_zoom":10.621},{"_mousePosition":[683,384],"_rootPartCFrame":[761.732,224.354,41.708,-0.891,0,0.454,0,1,0,-0.454,0,-0.891],"_humanoidState":5,"_cameraCFrame":[760.611,236.305,39.383,-0.957,-0.287,0.052,0,0.179,0.984,-0.292,0.941,-0.171],"_shiftlockState":true,"_pose":"FreeFall","_animationQueue":[["jump",0.1]],"_animationSpeed":1,"_zoom":10.621},{"_mousePosition":[683,384],"_rootPartCFrame":[761.486,225.122,41.605,-0.911,0,0.412,0,1,0,-0.412,0,-0.911],"_humanoidState":5,"_cameraCFrame":[760.18,237.082,39.424,-0.976,-0.214,0.038,0,0.174,0.985,-0.218,0.961,-0.169],"_shiftlockState":true,"_pose":"FreeFall","_animationQueue":[],"_animationSpeed":1,"_zoom":10.621},{"_mousePosition":[683,384],"_rootPartCFrame":[761.296,225.661,41.543,-0.95,0,0.314,0,1,0,-0.314,0,-0.95],"_humanoidState":5,"_cameraCFrame":[759.793,237.622,39.492,-0.992,-0.124,0.022,0,0.174,0.985,-0.126,0.977,-0.172],"_shiftlockState":true,"_pose":"FreeFall","_animationQueue":[],"_animationSpeed":1,"_zoom":10.621},{"_mousePosition":[683,384],"_rootPartCFrame":[760.972,226.493,41.465,-0.957,0,0.289,0,1,0,-0.289,0,-0.957],"_humanoidState":5,"_cameraCFrame":[759.282,238.453,39.566,-0.999,-0.032,0.006,0,0.174,0.985,-0.032,0.984,-0.174],"_shiftlockState":true,"_pose":"FreeFall","_animationQueue":[],"_animationSpeed":1,"_zoom":10.621},{"_mousePosition":[683,384],"_rootPartCFrame":[760.709,227.097,41.426,-0.986,0,0.165,0,1,0,-0.165,0,-0.986],"_humanoidState":5,"_cameraCFrame":[758.86,239.057,39.68,-0.998,0.054,-0.01,0,0.174,0.985,0.055,0.983,-0.173],"_shiftlockState":true,"_pose":"FreeFall","_animationQueue":[],"_animationSpeed":1,"_zoom":10.621},{"_mousePosition":[683,384],"_rootPartCFrame":[760.443,227.647,41.411,-0.997,0,0.078,0,1,0,-0.078,0,-0.997],"_humanoidState":5,"_cameraCFrame":[758.485,239.607,39.789,-0.993,0.118,-0.021,0,0.174,0.985,0.12,0.978,-0.172],"_shiftlockState":true,"_pose":"FreeFall","_animationQueue":[],"_animationSpeed":1,"_zoom":10.621},{"_mousePosition":[683,384],"_rootPartCFrame":[760.243,228.023,41.417,-1,0,-0.02,0,1,0,0.02,0,-1],"_humanoidState":5,"_cameraCFrame":[758.193,239.983,39.912,-0.984,0.175,-0.031,0,0.174,0.985,0.178,0.969,-0.171],"_shiftlockState":true,"_pose":"FreeFall","_animationQueue":[],"_animationSpeed":1,"_zoom":10.621},{"_mousePosition":[683,384],"_rootPartCFrame":[759.912,228.582,41.453,-1,0,-0.012,0,1,0,0.012,0,-1],"_humanoidState":5,"_cameraCFrame":[757.813,240.542,40.018,-0.978,0.207,-0.037,0,0.174,0.985,0.21,0.963,-0.17],"_shiftlockState":true,"_pose":"FreeFall","_animationQueue":[],"_animationSpeed":1,"_zoom":10.621},{"_mousePosition":[683,384],"_rootPartCFrame":[759.649,228.968,41.498,-0.997,0,-0.079,0,1,0,0.079,0,-0.997],"_humanoidState":5,"_cameraCFrame":[757.519,240.928,40.109,-0.973,0.228,-0.04,0,0.174,0.985,0.232,0.958,-0.169],"_shiftlockState":true,"_pose":"FreeFall","_animationQueue":[],"_animationSpeed":1,"_zoom":10.621},{"_mousePosition":[683,384],"_rootPartCFrame":[759.388,229.3,41.553,-0.995,0,-0.101,0,1,0,0.101,0,-0.995],"_humanoidState":5,"_cameraCFrame":[757.242,241.26,40.189,-0.97,0.239,-0.042,0,0.174,0.985,0.243,0.955,-0.168],"_shiftlockState":true,"_pose":"FreeFall","_animationQueue":[],"_animationSpeed":1,"_zoom":10.621},{"_mousePosition":[683,384],"_rootPartCFrame":[759.128,229.577,41.614,-0.969,0,-0.249,0,1,0,0.249,0,-0.969],"_humanoidState":5,"_cameraCFrame":[756.973,241.535,40.253,-0.969,0.244,-0.043,0,0.174,0.985,0.248,0.954,-0.169],"_shiftlockState":true,"_pose":"FreeFall","_animationQueue":[],"_animationSpeed":1,"_zoom":10.621},{"_mousePosition":[683,384],"_rootPartCFrame":[758.805,229.847,41.696,-0.996,0,-0.084,0,1,0,0.084,0,-0.996],"_humanoidState":5,"_cameraCFrame":[756.65,241.805,40.335,-0.969,0.244,-0.043,0,0.174,0.985,0.248,0.954,-0.169],"_shiftlockState":true,"_pose":"FreeFall","_animationQueue":[],"_animationSpeed":1,"_zoom":10.621},{"_mousePosition":[683,384],"_rootPartCFrame":[758.611,229.968,41.746,-0.989,0,-0.15,0,1,0,0.15,0,-0.989],"_humanoidState":5,"_cameraCFrame":[756.456,241.926,40.384,-0.969,0.244,-0.043,0,0.174,0.985,0.248,0.954,-0.169],"_shiftlockState":true,"_pose":"FreeFall","_animationQueue":[],"_animationSpeed":1,"_zoom":10.621},{"_mousePosition":[683,384],"_rootPartCFrame":[758.288,230.101,41.828,-0.996,0,-0.084,0,1,0,0.084,0,-0.996],"_humanoidState":5,"_cameraCFrame":[756.133,242.059,40.467,-0.969,0.244,-0.043,0,0.174,0.985,0.248,0.954,-0.169],"_shiftlockState":true,"_pose":"FreeFall","_animationQueue":[],"_animationSpeed":1,"_zoom":10.621},{"_mousePosition":[683,384],"_rootPartCFrame":[758.095,230.14,41.878,-0.989,0,-0.15,0,1,0,0.15,0,-0.989],"_humanoidState":5,"_cameraCFrame":[755.959,242.1,40.498,-0.972,0.232,-0.041,0,0.174,0.985,0.236,0.957,-0.169],"_shiftlockState":true,"_pose":"FreeFall","_animationQueue":[],"_animationSpeed":1,"_zoom":10.621},{"_mousePosition":[683,384],"_rootPartCFrame":[757.772,230.137,41.96,-0.997,0,-0.071,0,1,0,0.071,0,-0.997],"_humanoidState":5,"_cameraCFrame":[755.708,242.097,40.475,-0.982,0.184,-0.032,0,0.174,0.985,0.187,0.967,-0.171],"_shiftlockState":true,"_pose":"FreeFall","_animationQueue":[["fall",0.3]],"_animationSpeed":1,"_zoom":10.621},{"_mousePosition":[683,384],"_rootPartCFrame":[757.578,230.095,42.008,-0.996,0,-0.088,0,1,0,0.088,0,-0.996],"_humanoidState":5,"_cameraCFrame":[755.746,242.054,40.245,-0.999,0.045,-0.008,0,0.174,0.985,0.045,0.984,-0.174],"_shiftlockState":true,"_pose":"FreeFall","_animationQueue":[],"_animationSpeed":1,"_zoom":10.621},{"_mousePosition":[683,384],"_rootPartCFrame":[757.25,229.956,42.072,-0.993,0,0.121,0,1,0,-0.121,0,-0.993],"_humanoidState":5,"_cameraCFrame":[755.834,241.903,39.901,-0.987,-0.16,0.029,0,0.18,0.984,-0.162,0.971,-0.178],"_shiftlockState":true,"_pose":"FreeFall","_animationQueue":[],"_animationSpeed":1,"_zoom":10.621},{"_mousePosition":[683,384],"_rootPartCFrame":[756.986,229.783,42.099,-0.956,0,0.292,0,1,0,-0.292,0,-0.956],"_humanoidState":5,"_cameraCFrame":[756.3,241.674,39.374,-0.911,-0.404,0.085,0,0.207,0.978,-0.413,0.891,-0.188],"_shiftlockState":true,"_pose":"FreeFall","_animationQueue":[],"_animationSpeed":1,"_zoom":10.621},{"_mousePosition":[683,384],"_rootPartCFrame":[756.721,229.556,42.089,-0.848,0,0.531,0,1,0,-0.531,0,-0.848],"_humanoidState":5,"_cameraCFrame":[756.983,241.356,38.974,-0.779,-0.609,0.153,0,0.244,0.97,-0.627,0.755,-0.19],"_shiftlockState":true,"_pose":"FreeFall","_animationQueue":[],"_animationSpeed":1,"_zoom":10.621},{"_mousePosition":[683,384],"_rootPartCFrame":[756.46,229.274,42.089,-0.719,0,0.695,0,1,0,-0.695,0,-0.719],"_humanoidState":5,"_cameraCFrame":[757.574,240.99,38.887,-0.639,-0.74,0.21,0,0.273,0.962,-0.769,0.615,-0.175],"_shiftlockState":true,"_pose":"FreeFall","_animationQueue":[],"_animationSpeed":1,"_zoom":10.621},{"_mousePosition":[683,384],"_rootPartCFrame":[756.262,229.027,42.109,-0.593,0,0.805,0,1,0,-0.805,0,-0.593],"_humanoidState":5,"_cameraCFrame":[758.196,240.665,39.051,-0.481,-0.837,0.261,0,0.298,0.955,-0.877,0.459,-0.143],"_shiftlockState":true,"_pose":"FreeFall","_animationQueue":[],"_animationSpeed":1,"_zoom":10.621},{"_mousePosition":[683,384],"_rootPartCFrame":[755.945,228.547,42.178,-0.479,0,0.878,0,1,0,-0.878,0,-0.479],"_humanoidState":5,"_cameraCFrame":[758.444,240.122,39.328,-0.363,-0.884,0.295,0,0.317,0.949,-0.932,0.344,-0.115],"_shiftlockState":true,"_pose":"FreeFall","_animationQueue":[["fall",0.3]],"_animationSpeed":1,"_zoom":10.621},{"_mousePosition":[683,384],"_rootPartCFrame":[755.764,228.219,42.247,-0.375,0,0.927,0,1,0,-0.927,0,-0.375],"_humanoidState":5,"_cameraCFrame":[758.708,239.729,39.604,-0.27,-0.907,0.322,0,0.334,0.943,-0.963,0.255,-0.09],"_shiftlockState":true,"_pose":"FreeFall","_animationQueue":[],"_animationSpeed":1,"_zoom":10.621},{"_mousePosition":[683,384],"_rootPartCFrame":[755.455,227.603,42.369,-0.287,0,0.958,0,1,0,-0.958,0,-0.287],"_humanoidState":5,"_cameraCFrame":[758.745,239.049,39.896,-0.204,-0.917,0.343,0,0.351,0.936,-0.979,0.191,-0.072],"_shiftlockState":true,"_pose":"FreeFall","_animationQueue":[],"_animationSpeed":1,"_zoom":10.621},{"_mousePosition":[683,384],"_rootPartCFrame":[755.2,227.049,42.447,-0.214,0,0.977,0,1,0,-0.977,0,-0.214],"_humanoidState":5,"_cameraCFrame":[758.751,238.433,40.091,-0.162,-0.918,0.361,0,0.366,0.931,-0.987,0.151,-0.059],"_shiftlockState":true,"_pose":"FreeFall","_animationQueue":[],"_animationSpeed":1,"_zoom":10.621},{"_mousePosition":[683,384],"_rootPartCFrame":[755.005,226.597,42.491,-0.167,0,0.986,0,1,0,-0.986,0,-0.167],"_humanoidState":5,"_cameraCFrame":[758.679,237.95,40.191,-0.143,-0.918,0.369,0,0.373,0.928,-0.99,0.133,-0.053],"_shiftlockState":true,"_pose":"FreeFall","_animationQueue":[],"_animationSpeed":1,"_zoom":10.621},{"_mousePosition":[683,384],"_rootPartCFrame":[754.742,225.948,42.536,-0.147,0,0.989,0,1,0,-0.989,0,-0.147],"_humanoidState":5,"_cameraCFrame":[758.426,237.298,40.239,-0.142,-0.918,0.37,0,0.374,0.927,-0.99,0.132,-0.053],"_shiftlockState":true,"_pose":"FreeFall","_animationQueue":[],"_animationSpeed":1,"_zoom":10.621},{"_mousePosition":[683,384],"_rootPartCFrame":[754.668,225.804,42.56,-0.137,0.069,0.988,0.009,0.998,-0.068,-0.991,-0.001,-0.137],"_humanoidState":5,"_cameraCFrame":[758.455,237.151,40.261,-0.142,-0.918,0.37,0,0.374,0.927,-0.99,0.132,-0.053],"_shiftlockState":true,"_pose":"FreeFall","_animationQueue":[],"_animationSpeed":1,"_zoom":10.621},{"_mousePosition":[683,384],"_rootPartCFrame":[754.711,226.021,42.57,-0.139,0.055,0.989,0.007,0.998,-0.055,-0.99,-0.001,-0.139],"_humanoidState":5,"_cameraCFrame":[758.478,237.368,40.271,-0.142,-0.918,0.37,0,0.374,0.927,-0.99,0.132,-0.053],"_shiftlockState":true,"_pose":"FreeFall","_animationQueue":[["fall",0.3]],"_animationSpeed":1,"_zoom":10.621},{"_mousePosition":[683,384],"_rootPartCFrame":[754.708,226.183,42.584,-0.142,0.018,0.99,0.002,1,-0.018,-0.99,0,-0.142],"_humanoidState":5,"_cameraCFrame":[758.419,237.533,40.286,-0.142,-0.918,0.37,0,0.374,0.927,-0.99,0.132,-0.053],"_shiftlockState":true,"_pose":"FreeFall","_animationQueue":[],"_animationSpeed":1,"_zoom":10.621},{"_mousePosition":[683,384],"_rootPartCFrame":[754.672,226.291,42.602,-0.142,0.002,0.99,0,1,-0.002,-0.99,0,-0.142],"_humanoidState":5,"_cameraCFrame":[758.391,237.637,40.342,-0.132,-0.919,0.372,0,0.375,0.927,-0.991,0.122,-0.049],"_shiftlockState":true,"_pose":"FreeFall","_animationQueue":[],"_animationSpeed":1,"_zoom":10.621},{"_mousePosition":[683,384],"_rootPartCFrame":[754.575,226.348,42.628,-0.133,-0.001,0.991,0,1,0.001,-0.991,0,-0.133],"_humanoidState":5,"_cameraCFrame":[758.698,237.623,40.808,-0.017,-0.92,0.391,0,0.391,0.92,-1,0.016,-0.007],"_shiftlockState":true,"_pose":"FreeFall","_animationQueue":[],"_animationSpeed":1,"_zoom":10.621},{"_mousePosition":[683,384],"_rootPartCFrame":[754.488,226.342,42.647,-0.025,-0.001,1,0,1,0.001,-1,0,-0.025],"_humanoidState":5,"_cameraCFrame":[759.307,237.466,42.621,0.358,-0.846,0.395,0,0.423,0.906,-0.934,-0.324,0.151],"_shiftlockState":true,"_pose":"FreeFall","_animationQueue":[],"_animationSpeed":1,"_zoom":10.621},{"_mousePosition":[683,384],"_rootPartCFrame":[754.192,226.873,42.658,0.377,0,0.926,0,1,0,-0.926,0,0.377],"_humanoidState":7,"_cameraCFrame":[758.377,238.062,44.777,0.752,-0.601,0.27,0,0.41,0.912,-0.659,-0.686,0.308],"_shiftlockState":true,"_pose":"FreeFall","_animationQueue":[["walk",0.1],["fall",0.3],["fall",0.3]],"_animationSpeed":1,"_zoom":10.621},{"_mousePosition":[683,384],"_rootPartCFrame":[754.305,227.192,42.607,0.728,0.001,0.686,0.005,1,-0.007,-0.686,0.009,0.728],"_humanoidState":7,"_cameraCFrame":[756.964,238.658,45.697,0.964,-0.248,0.091,0,0.346,0.938,-0.264,-0.905,0.333],"_shiftlockState":true,"_pose":"FreeFall","_animationQueue":[["fall",0.3]],"_animationSpeed":1,"_zoom":10.621},{"_mousePosition":[683,384],"_rootPartCFrame":[754.32,227.417,42.598,0.972,-0.001,0.237,0.001,1,-0.002,-0.237,0.002,0.972],"_humanoidState":8,"_cameraCFrame":[756.371,239.211,44.986,0.993,-0.117,0.03,0,0.246,0.969,-0.12,-0.962,0.244],"_shiftlockState":true,"_pose":"Running","_animationQueue":[["walk",0.1],["fall",0.3],["walk",0.1]],"_animationSpeed":0.325,"_zoom":10.621},{"_mousePosition":[683,384],"_rootPartCFrame":[754.321,228.146,42.597,0.995,0,0.097,-0.001,1,0.003,-0.097,-0.003,0.995],"_humanoidState":3,"_cameraCFrame":[756.461,240.106,43.966,0.971,-0.235,0.041,0,0.174,0.985,-0.239,-0.956,0.169],"_shiftlockState":true,"_pose":"Jumping","_animationQueue":[["walk",0.1],["jump",0.1]],"_animationSpeed":1,"_zoom":10.621},{"_mousePosition":[683,384],"_rootPartCFrame":[754.322,229.361,42.595,0.98,0.003,0.2,-0.005,1,0.01,-0.2,-0.011,0.98],"_humanoidState":3,"_cameraCFrame":[756.68,241.32,43.542,0.912,-0.405,0.071,0,0.174,0.985,-0.411,-0.898,0.158],"_shiftlockState":true,"_pose":"Jumping","_animationQueue":[],"_animationSpeed":1,"_zoom":10.621},{"_mousePosition":[683,384],"_rootPartCFrame":[754.339,230.089,42.594,0.921,0.002,0.389,-0.008,1,0.014,-0.389,-0.016,0.921],"_humanoidState":3,"_cameraCFrame":[757.086,241.986,43.076,0.758,-0.638,0.133,0,0.205,0.979,-0.652,-0.742,0.155],"_shiftlockState":true,"_pose":"Jumping","_animationQueue":[],"_animationSpeed":1,"_zoom":10.621},{"_mousePosition":[683,384],"_rootPartCFrame":[754.34,231.253,42.597,0.765,-0.001,0.644,-0.004,1,0.006,-0.644,-0.007,0.765],"_humanoidState":5,"_cameraCFrame":[757.255,243.113,42.407,0.549,-0.815,0.184,0,0.22,0.975,-0.836,-0.535,0.121],"_shiftlockState":true,"_pose":"FreeFall","_animationQueue":[["jump",0.1]],"_animationSpeed":1,"_zoom":10.621},{"_mousePosition":[683,384],"_rootPartCFrame":[754.324,232.122,42.58,0.571,-0.001,0.821,-0.001,1,0.002,-0.821,-0.001,0.571],"_humanoidState":5,"_cameraCFrame":[757.187,243.979,41.936,0.406,-0.891,0.203,0,0.222,0.975,-0.914,-0.396,0.09],"_shiftlockState":true,"_pose":"FreeFall","_animationQueue":[],"_animationSpeed":1,"_zoom":10.621},{"_mousePosition":[683,384],"_rootPartCFrame":[754.277,232.937,42.537,0.429,0,0.903,0,1,0,-0.903,0,0.429],"_humanoidState":5,"_cameraCFrame":[757.044,244.78,41.425,0.242,-0.945,0.221,0,0.227,0.974,-0.97,-0.236,0.055],"_shiftlockState":true,"_pose":"FreeFall","_animationQueue":[],"_animationSpeed":1,"_zoom":10.621},{"_mousePosition":[683,384],"_rootPartCFrame":[754.193,233.698,42.479,0.265,0,0.964,0,1,0,-0.964,0,0.265],"_humanoidState":5,"_cameraCFrame":[756.937,245.505,41.027,0.112,-0.964,0.24,0,0.241,0.97,-0.994,-0.108,0.027],"_shiftlockState":true,"_pose":"FreeFall","_animationQueue":[],"_animationSpeed":1,"_zoom":10.621},{"_mousePosition":[683,384],"_rootPartCFrame":[754.105,234.233,42.432,0.126,0,0.992,0,1,0,-0.992,0,0.126],"_humanoidState":5,"_cameraCFrame":[756.77,246.007,40.645,-0.014,-0.967,0.253,0,0.253,0.967,-1,0.013,-0.004],"_shiftlockState":true,"_pose":"FreeFall","_animationQueue":[],"_animationSpeed":1,"_zoom":10.621},{"_mousePosition":[683,384],"_rootPartCFrame":[753.909,235.055,42.363,0.008,0,1,0,1,0,-1,0,0.008],"_humanoidState":5,"_cameraCFrame":[756.462,246.824,40.386,-0.086,-0.963,0.255,0,0.256,0.967,-0.996,0.083,-0.022],"_shiftlockState":true,"_pose":"FreeFall","_animationQueue":[],"_animationSpeed":1,"_zoom":10.621},{"_mousePosition":[683,384],"_rootPartCFrame":[753.775,235.643,42.331,-0.039,0,0.999,-0.004,1,0,-0.999,-0.004,-0.039],"_humanoidState":5,"_cameraCFrame":[756.163,247.424,40.214,-0.142,-0.958,0.248,0,0.251,0.968,-0.99,0.138,-0.036],"_shiftlockState":true,"_pose":"FreeFall","_animationQueue":[],"_animationSpeed":1,"_zoom":10.621},{"_mousePosition":[683,384],"_rootPartCFrame":[753.84,236.027,42.371,-0.094,0,0.996,-0.007,1,0,-0.996,-0.007,-0.094],"_humanoidState":5,"_cameraCFrame":[756.096,247.821,40.168,-0.18,-0.953,0.242,0,0.246,0.969,-0.984,0.175,-0.044],"_shiftlockState":true,"_pose":"FreeFall","_animationQueue":[],"_animationSpeed":1,"_zoom":10.621},{"_mousePosition":[683,384],"_rootPartCFrame":[753.93,236.599,42.489,-0.162,0,0.987,-0.002,1,0,-0.987,-0.002,-0.162],"_humanoidState":5,"_cameraCFrame":[756.057,248.405,40.224,-0.215,-0.948,0.236,0,0.241,0.97,-0.977,0.209,-0.052],"_shiftlockState":true,"_pose":"FreeFall","_animationQueue":[],"_animationSpeed":1,"_zoom":10.621},{"_mousePosition":[683,384],"_rootPartCFrame":[753.939,236.994,42.57,-0.21,0,0.978,0,1,0,-0.978,0,-0.21],"_humanoidState":5,"_cameraCFrame":[755.955,248.809,40.245,-0.249,-0.941,0.231,0,0.238,0.971,-0.969,0.242,-0.059],"_shiftlockState":true,"_pose":"FreeFall","_animationQueue":[],"_animationSpeed":1,"_zoom":10.621},{"_mousePosition":[683,384],"_rootPartCFrame":[753.92,237.256,42.629,-0.246,0,0.969,0,1,0,-0.969,0,-0.246],"_humanoidState":5,"_cameraCFrame":[755.781,249.083,40.23,-0.292,-0.93,0.223,0,0.234,0.972,-0.956,0.284,-0.068],"_shiftlockState":true,"_pose":"FreeFall","_animationQueue":[],"_animationSpeed":1,"_zoom":10.621},{"_mousePosition":[683,384],"_rootPartCFrame":[753.838,237.623,42.723,-0.286,0,0.958,0,1,0,-0.958,0,-0.286],"_humanoidState":5,"_cameraCFrame":[755.475,249.466,40.23,-0.355,-0.91,0.213,0,0.227,0.974,-0.935,0.345,-0.081],"_shiftlockState":true,"_pose":"FreeFall","_animationQueue":[],"_animationSpeed":1,"_zoom":10.621},{"_mousePosition":[683,384],"_rootPartCFrame":[753.729,237.855,42.798,-0.347,0,0.938,0,1,0,-0.938,0,-0.347],"_humanoidState":5,"_cameraCFrame":[754.973,249.719,40.169,-0.464,-0.864,0.194,0,0.219,0.976,-0.886,0.453,-0.102],"_shiftlockState":true,"_pose":"FreeFall","_animationQueue":[],"_animationSpeed":1,"_zoom":10.621},{"_mousePosition":[683,384],"_rootPartCFrame":[753.579,238.033,42.877,-0.452,0,0.892,0,1,0,-0.892,0,-0.452],"_humanoidState":5,"_cameraCFrame":[754.324,249.916,40.134,-0.599,-0.783,0.169,0,0.211,0.978,-0.801,0.586,-0.126],"_shiftlockState":true,"_pose":"FreeFall","_animationQueue":[],"_animationSpeed":1,"_zoom":10.621},{"_mousePosition":[683,384],"_rootPartCFrame":[753.394,238.157,42.971,-0.583,0,0.812,0,1,0,-0.812,0,-0.583],"_humanoidState":5,"_cameraCFrame":[753.599,250.067,40.241,-0.719,-0.681,0.138,0,0.198,0.98,-0.695,0.705,-0.143],"_shiftlockState":true,"_pose":"FreeFall","_animationQueue":[],"_animationSpeed":1,"_zoom":10.621},{"_mousePosition":[683,384],"_rootPartCFrame":[753.19,238.226,43.096,-0.704,0,0.71,0,1,0,-0.71,0,-0.704],"_humanoidState":5,"_cameraCFrame":[752.747,250.181,40.574,-0.837,-0.538,0.096,0,0.176,0.984,-0.547,0.824,-0.147],"_shiftlockState":true,"_pose":"FreeFall","_animationQueue":[["fall",0.3]],"_animationSpeed":1,"_zoom":10.621},{"_mousePosition":[683,384],"_rootPartCFrame":[752.991,238.24,43.259,-0.824,0,0.567,0,1,0,-0.567,0,-0.824],"_humanoidState":5,"_cameraCFrame":[752.125,250.2,40.869,-0.917,-0.394,0.069,0,0.174,0.985,-0.4,0.903,-0.159],"_shiftlockState":true,"_pose":"FreeFall","_animationQueue":[],"_animationSpeed":1,"_zoom":10.621},{"_mousePosition":[683,384],"_rootPartCFrame":[752.839,238.458,43.475,-0.917,0,0.399,0,1,0,-0.399,0,-0.917],"_humanoidState":7,"_cameraCFrame":[751.646,250.418,41.23,-0.964,-0.264,0.046,0,0.174,0.985,-0.268,0.949,-0.167],"_shiftlockState":true,"_pose":"FreeFall","_animationQueue":[["walk",0.1],["fall",0.3],["fall",0.3]],"_animationSpeed":1,"_zoom":10.621},{"_mousePosition":[683,384],"_rootPartCFrame":[752.753,238.624,43.655,-0.993,0,0.114,0,1,0,-0.114,0,-0.993],"_humanoidState":7,"_cameraCFrame":[751.222,250.569,41.551,-0.994,-0.107,0.02,0,0.181,0.983,-0.109,0.978,-0.18],"_shiftlockState":true,"_pose":"FreeFall","_animationQueue":[],"_animationSpeed":1,"_zoom":10.621},{"_mousePosition":[683,384],"_rootPartCFrame":[752.574,238.771,43.775,-0.994,0,0.106,0,1,0,-0.106,0,-0.994],"_humanoidState":8,"_cameraCFrame":[751.026,250.716,41.684,-0.995,-0.099,0.018,0,0.181,0.983,-0.1,0.978,-0.18],"_shiftlockState":true,"_pose":"Running","_animationQueue":[["walk",0.1],["fall",0.3],["walk",0.1]],"_animationSpeed":1.103,"_zoom":10.621},{"_mousePosition":[683,384],"_rootPartCFrame":[752.32,238.858,43.765,-0.995,0,0.1,0,1,0,-0.1,0,-0.995],"_humanoidState":8,"_cameraCFrame":[750.747,250.806,41.709,-0.996,-0.087,0.016,0,0.18,0.984,-0.089,0.98,-0.179],"_shiftlockState":true,"_pose":"Running","_animationQueue":[["walk",0.1],["walk",0.1]],"_animationSpeed":0.911,"_zoom":10.621},{"_mousePosition":[683,384],"_rootPartCFrame":[752.055,238.904,43.739,-0.996,0,0.089,0,1,0,-0.089,0,-0.996],"_humanoidState":8,"_cameraCFrame":[750.449,250.858,41.739,-0.997,-0.073,0.013,0,0.177,0.984,-0.074,0.982,-0.176],"_shiftlockState":true,"_pose":"Running","_animationQueue":[["walk",0.1]],"_animationSpeed":1.096,"_zoom":10.621},{"_mousePosition":[683,384],"_rootPartCFrame":[751.79,238.929,43.715,-0.997,0,0.074,0,1,0,-0.074,0,-0.997],"_humanoidState":8,"_cameraCFrame":[750.151,250.889,41.771,-0.998,-0.058,0.01,0,0.174,0.985,-0.059,0.983,-0.173],"_shiftlockState":true,"_pose":"Running","_animationQueue":[],"_animationSpeed":1.096,"_zoom":10.621},{"_mousePosition":[683,384],"_rootPartCFrame":[751.524,238.943,43.694,-0.998,0,0.059,0,1,0,-0.059,0,-0.998],"_humanoidState":8,"_cameraCFrame":[749.858,250.903,41.773,-0.999,-0.044,0.008,0,0.174,0.985,-0.045,0.984,-0.173],"_shiftlockState":true,"_pose":"Running","_animationQueue":[],"_animationSpeed":1.096,"_zoom":10.621},{"_mousePosition":[683,384],"_rootPartCFrame":[751.258,238.95,43.678,-0.999,0,0.045,0,1,0,-0.045,0,-0.999],"_humanoidState":8,"_cameraCFrame":[749.572,250.91,41.774,-0.999,-0.034,0.006,0,0.174,0.985,-0.034,0.984,-0.174],"_shiftlockState":true,"_pose":"Running","_animationQueue":[],"_animationSpeed":1.09