[{"_mousePosition":[1209,366],"_rootPartCFrame":[776.024,222.954,47.142,0.002,0.003,1,0,1,-0.003,-1,0,0.002],"_humanoidState":8,"_cameraCFrame":[776.029,234.874,32.809,-1,0,0,0,0.809,0.588,0,0.588,-0.809],"_shiftlockState":false,"_pose":"Standing","_animationQueue":[],"_animationSpeed":1,"_zoom":17.72},{"_mousePosition":[1209,366],"_rootPartCFrame":[775.777,222.834,47.142,0.002,0,1,0,1,0,-1,0,0.002],"_humanoidState":8,"_cameraCFrame":[775.778,234.754,32.809,-1,0,0,0,0.809,0.588,0,0.588,-0.809],"_shiftlockState":false,"_pose":"Standing","_animationQueue":[],"_animationSpeed":1,"_zoom":17.72},{"_mousePosition":[1209,366],"_rootPartCFrame":[775.511,222.673,47.142,0.001,0,1,0,1,0,-1,0,0.001],"_humanoidState":8,"_cameraCFrame":[775.511,234.593,32.809,-1,0,0,0,0.809,0.588,0,0.588,-0.809],"_shiftlockState":false,"_pose":"Running","_animationQueue":[["walk",0.1]],"_animationSpeed":1.066,"_zoom":17.72},{"_mousePosition":[1209,366],"_rootPartCFrame":[775.245,222.653,47.142,0.001,0,1,0,1,0,-1,0,0.001],"_humanoidState":8,"_cameraCFrame":[775.245,234.573,32.809,-1,0,0,0,0.809,0.588,0,0.588,-0.809],"_shiftlockState":false,"_pose":"Running","_animationQueue":[],"_animationSpeed":1.066,"_zoom":17.72},{"_mousePosition":[1209,366],"_rootPartCFrame":[774.978,222.67,47.142,0.001,0,1,0,1,0,-1,0,0.001],"_humanoidState":8,"_cameraCFrame":[774.978,234.589,32.809,-1,0,0,0,0.809,0.588,0,0.588,-0.809],"_shiftlockState":false,"_pose":"Running","_animationQueue":[],"_animationSpeed":1.066,"_zoom":17.72},{"_mousePosition":[1209,366],"_rootPartCFrame":[774.711,222.683,47.142,0.001,0,1,0,1,0,-1,0,0.001],"_humanoidState":8,"_cameraCFrame":[774.711,234.602,32.809,-1,0,0,0,0.809,0.588,0,0.588,-0.809],"_shiftlockState":false,"_pose":"Running","_animationQueue":[],"_animationSpeed":1.066,"_zoom":17.72},{"_mousePosition":[1209,366],"_rootPartCFrame":[774.445,222.69,47.142,0.001,0,1,0,1,0,-1,0,0.001],"_humanoidState":8,"_cameraCFrame":[772.695,234.61,32.809,-1,0,0,0,0.809,0.588,0,0.588,-0.809],"_shiftlockState":true,"_pose":"Running","_animationQueue":[],"_animationSpeed":1.066,"_zoom":17.72},{"_mousePosition":[683,384],"_rootPartCFrame":[774.178,222.695,47.142,-0.997,0,-0.072,0,1,0,0.072,0,-0.997],"_humanoidState":8,"_cameraCFrame":[772.428,234.614,32.809,-1,0,0,0,0.809,0.588,0,0.588,-0.809],"_shiftlockState":true,"_pose":"Running","_animationQueue":[],"_animationSpeed":1.066,"_zoom":17.72},{"_mousePosition":[683,384],"_rootPartCFrame":[773.911,222.697,47.142,-1,0,-0.029,0,1,0,0.029,0,-1],"_humanoidState":8,"_cameraCFrame":[772.161,234.617,32.809,-1,0,0,0,0.809,0.588,0,0.588,-0.809],"_shiftlockState":true,"_pose":"Running","_animationQueue":[["walk",0.1]],"_animationSpeed":1.066,"_zoom":17.72},{"_mousePosition":[683,384],"_rootPartCFrame":[773.645,222.698,47.142,-1,0,-0.003,0,1,0,0.003,0,-1],"_humanoidState":8,"_cameraCFrame":[771.895,234.618,32.809,-1,0,0,0,0.809,0.588,0,0.588,-0.809],"_shiftlockState":true,"_pose":"Running","_animationQueue":[],"_animationSpeed":1.066,"_zoom":17.72},{"_mousePosition":[683,384],"_rootPartCFrame":[773.378,222.699,47.142,-1,0,0,0,1,0,0,0,-1],"_humanoidState":8,"_cameraCFrame":[771.628,234.618,32.809,-1,0,0,0,0.809,0.588,0,0.588,-0.809],"_shiftlockState":true,"_pose":"Running","_animationQueue":[],"_animationSpeed":1.066,"_zoom":17.72},{"_mousePosition":[683,384],"_rootPartCFrame":[773.112,222.699,47.142,-1,0,0,0,1,0,0,0,-1],"_humanoidState":8,"_cameraCFrame":[771.362,234.619,32.809,-1,0,0,0,0.809,0.588,0,0.588,-0.809],"_shiftlockState":true,"_pose":"Running","_animationQueue":[],"_animationSpeed":1.066,"_zoom":17.72},{"_mousePosition":[683,384],"_rootPartCFrame":[772.845,222.699,47.142,-1,0,0,0,1,0,0,0,-1],"_humanoidState":8,"_cameraCFrame":[771.095,234.619,32.809,-1,0,0,0,0.809,0.588,0,0.588,-0.809],"_shiftlockState":true,"_pose":"Running","_animationQueue":[],"_animationSpeed":1.066,"_zoom":17.72},{"_mousePosition":[683,384],"_rootPartCFrame":[772.578,222.7,47.142,-1,0,0,0,1,0,0,0,-1],"_humanoidState":8,"_cameraCFrame":[770.828,234.619,32.809,-1,0,0,0,0.809,0.588,0,0.588,-0.809],"_shiftlockState":true,"_pose":"Running","_animationQueue":[],"_animationSpeed":1.066,"_zoom":17.72},{"_mousePosition":[683,384],"_rootPartCFrame":[772.367,222.7,47.009,-1,0,0,0,1,0,0,0,-1],"_humanoidState":8,"_cameraCFrame":[770.617,234.619,32.676,-1,0,0,0,0.809,0.588,0,0.588,-0.809],"_shiftlockState":true,"_pose":"Running","_animationQueue":[],"_animationSpeed":1.066,"_zoom":17.72},{"_mousePosition":[683,384],"_rootPartCFrame":[772.177,222.7,46.822,-1,0,0,0,1,0,0,0,-1],"_humanoidState":8,"_cameraCFrame":[770.427,234.619,32.489,-1,0,0,0,0.809,0.588,0,0.588,-0.809],"_shiftlockState":true,"_pose":"Running","_animationQueue":[["walk",0.1]],"_animationSpeed":1.066,"_zoom":17.72},{"_mousePosition":[683,384],"_rootPartCFrame":[771.989,223.573,46.634,-1,0,0,0,1,0,0,0,-1],"_humanoidState":3,"_cameraCFrame":[770.239,235.492,32.301,-1,0,0,0,0.809,0.588,0,0.588,-0.809],"_shiftlockState":true,"_pose":"Jumping","_animationQueue":[["walk",0.1],["jump",0.1]],"_animationSpeed":1,"_zoom":17.72},{"_mousePosition":[683,384],"_rootPartCFrame":[771.8,224.395,46.445,-0.996,0,0.092,0,1,0,-0.092,0,-0.996],"_humanoidState":5,"_cameraCFrame":[770.05,236.314,32.112,-1,0,0,0,0.809,0.588,0,0.588,-0.809],"_shiftlockState":true,"_pose":"FreeFall","_animationQueue":[["jump",0.1]],"_animationSpeed":1,"_zoom":17.72},{"_mousePosition":[683,384],"_rootPartCFrame":[771.612,225.162,46.257,-0.992,0,0.128,0,1,0,-0.128,0,-0.992],"_humanoidState":5,"_cameraCFrame":[769.862,237.082,31.924,-1,0,0,0,0.809,0.588,0,0.588,-0.809],"_shiftlockState":true,"_pose":"FreeFall","_animationQueue":[],"_animationSpeed":1,"_zoom":17.72},{"_mousePosition":[683,384],"_rootPartCFrame":[771.414,225.875,46.091,-0.991,0,0.132,0,1,0,-0.132,0,-0.991],"_humanoidState":5,"_cameraCFrame":[769.664,237.795,31.758,-1,0,0,0,0.809,0.588,0,0.588,-0.809],"_shiftlockState":true,"_pose":"FreeFall","_animationQueue":[],"_animationSpeed":1,"_zoom":17.72},{"_mousePosition":[683,384],"_rootPartCFrame":[771.2,226.534,45.962,-0.991,0,0.133,0,1,0,-0.133,0,-0.991],"_humanoidState":5,"_cameraCFrame":[769.45,238.453,31.629,-1,0,0,0,0.809,0.588,0,0.588,-0.809],"_shiftlockState":true,"_pose":"FreeFall","_animationQueue":[],"_animationSpeed":1,"_zoom":17.72},{"_mousePosition":[683,384],"_rootPartCFrame":[770.972,227.138,45.87,-0.991,0,0.133,0,1,0,-0.133,0,-0.991],"_humanoidState":5,"_cameraCFrame":[769.222,239.057,31.537,-1,0,0,0,0.809,0.588,0,0.588,-0.809],"_shiftlockState":true,"_pose":"FreeFall","_animationQueue":[],"_animationSpeed":1,"_zoom":17.72},{"_mousePosition":[683,384],"_rootPartCFrame":[770.728,227.687,45.814,-0.991,0,0.133,0,1,0,-0.133,0,-0.991],"_humanoidState":5,"_cameraCFrame":[768.978,239.607,31.481,-1,0,0,0,0.809,0.588,0,0.588,-0.809],"_shiftlockState":true,"_pose":"FreeFall","_animationQueue":[],"_animationSpeed":1,"_zoom":17.72},{"_mousePosition":[683,384],"_rootPartCFrame":[770.469,228.182,45.795,-0.991,0,0.133,0,1,0,-0.133,0,-0.991],"_humanoidState":5,"_cameraCFrame":[768.719,240.102,31.462,-1,0,0,0,0.809,0.588,0,0.588,-0.809],"_shiftlockState":true,"_pose":"FreeFall","_animationQueue":[],"_animationSpeed":1,"_zoom":17.72},{"_mousePosition":[683,384],"_rootPartCFrame":[770.203,228.623,45.795,-0.991,0,0.133,0,1,0,-0.133,0,-0.991],"_humanoidState":5,"_cameraCFrame":[768.453,240.542,31.462,-1,0,0,0,0.809,0.588,0,0.588,-0.809],"_shiftlockState":true,"_pose":"FreeFall","_animationQueue":[],"_animationSpeed":1,"_zoom":17.72},{"_mousePosition":[683,384],"_rootPartCFrame":[769.937,229.009,45.795,-0.991,0,0.133,0,1,0,-0.133,0,-0.991],"_humanoidState":5,"_cameraCFrame":[768.187,240.928,31.462,-1,0,0,0,0.809,0.588,0,0.588,-0.809],"_shiftlockState":true,"_pose":"FreeFall","_animationQueue":[],"_animationSpeed":1,"_zoom":17.72},{"_mousePosition":[683,384],"_rootPartCFrame":[769.67,229.34,45.795,-0.991,0,0.133,0,1,0,-0.133,0,-0.991],"_humanoidState":5,"_cameraCFrame":[767.92,241.26,31.462,-1,0,0,0,0.809,0.588,0,0.588,-0.809],"_shiftlockState":true,"_pose":"FreeFall","_animationQueue":[],"_animationSpeed":1,"_zoom":17.72},{"_mousePosition":[683,384],"_rootPartCFrame":[769.403,229.617,45.795,-0.991,0,0.133,0,1,0,-0.133,0,-0.991],"_humanoidState":5,"_cameraCFrame":[767.653,241.537,31.462,-1,0,0,0,0.809,0.588,0,0.588,-0.809],"_shiftlockState":true,"_pose":"FreeFall","_animationQueue":[],"_animationSpeed":1,"_zoom":17.72},{"_mousePosition":[683,384],"_rootPartCFrame":[769.137,229.84,45.795,-0.991,0,0.133,0,1,0,-0.133,0,-0.991],"_humanoidState":5,"_cameraCFrame":[767.387,241.76,31.462,-1,0,0,0,0.809,0.588,0,0.588,-0.809],"_shiftlockState":true,"_pose":"FreeFall","_animationQueue":[],"_animationSpeed":1,"_zoom":17.72},{"_mousePosition":[683,384],"_rootPartCFrame":[768.87,230.008,45.795,-0.991,0,0.133,0,1,0,-0.133,0,-0.991],"_humanoidState":5,"_cameraCFrame":[767.12,241.928,31.462,-1,0,0,0,0.809,0.588,0,0.588,-0.809],"_shiftlockState":true,"_pose":"FreeFall","_animationQueue":[],"_animationSpeed":1,"_zoom":17.72},{"_mousePosition":[683,384],"_rootPartCFrame":[768.604,230.122,45.795,-0.991,0,0.133,0,1,0,-0.133,0,-0.991],"_humanoidState":5,"_cameraCFrame":[766.854,242.041,31.462,-1,0,0,0,0.809,0.588,0,0.588,-0.809],"_shiftlockState":true,"_pose":"FreeFall","_animationQueue":[],"_animationSpeed":1,"_zoom":17.72},{"_mousePosition":[683,384],"_rootPartCFrame":[768.337,230.181,45.795,-0.991,0,0.133,0,1,0,-0.133,0,-0.991],"_humanoidState":5,"_cameraCFrame":[766.587,242.1,31.462,-1,0,0,0,0.809,0.588,0,0.588,-0.809],"_shiftlockState":true,"_pose":"FreeFall","_animationQueue":[],"_animationSpeed":1,"_zoom":17.72},{"_mousePosition":[683,384],"_rootPartCFrame":[768.078,230.185,45.79,-0.996,0,0.088,0,1,0,-0.088,0,-0.996],"_humanoidState":5,"_cameraCFrame":[766.328,242.105,31.457,-1,0,0,0,0.809,0.588,0,0.588,-0.809],"_shiftlockState":true,"_pose":"FreeFall","_animationQueue":[],"_animationSpeed":1,"_zoom":17.72},{"_mousePosition":[683,384],"_rootPartCFrame":[767.827,230.135,45.74,-0.997,0,0.075,0,1,0,-0.075,0,-0.997],"_humanoidState":5,"_cameraCFrame":[766.077,242.055,31.407,-1,0,0,0,0.809,0.588,0,0.588,-0.809],"_shiftlockState":true,"_pose":"FreeFall","_animationQueue":[],"_animationSpeed":1,"_zoom":17.72},{"_mousePosition":[683,384],"_rootPartCFrame":[767.585,230.031,45.729,-0.995,0,0.101,0,1,0,-0.101,0,-0.995],"_humanoidState":5,"_cameraCFrame":[765.835,241.951,31.396,-1,0,0,0,0.809,0.588,0,0.588,-0.809],"_shiftlockState":true,"_pose":"FreeFall","_animationQueue":[],"_animationSpeed":1,"_zoom":17.72},{"_mousePosition":[683,384],"_rootPartCFrame":[767.354,229.872,45.755,-0.995,0,0.104,0,1,0,-0.104,0,-0.995],"_humanoidState":5,"_cameraCFrame":[765.604,241.792,31.423,-1,0,0,0,0.809,0.588,0,0.588,-0.809],"_shiftlockState":true,"_pose":"FreeFall","_animationQueue":[["fall",0.3]],"_animationSpeed":1,"_zoom":17.72},{"_mousePosition":[683,384],"_rootPartCFrame":[767.133,229.659,45.821,-0.995,0,0.104,0,1,0,-0.104,0,-0.995],"_humanoidState":5,"_cameraCFrame":[765.383,241.578,31.488,-1,0,0,0,0.809,0.588,0,0.588,-0.809],"_shiftlockState":true,"_pose":"FreeFall","_animationQueue":[],"_animationSpeed":1,"_zoom":17.72},{"_mousePosition":[683,384],"_rootPartCFrame":[766.917,229.404,45.822,-0.999,-0.005,0.043,-0.005,1,-0.001,-0.043,-0.001,-0.999],"_humanoidState":5,"_cameraCFrame":[765.159,241.323,31.488,-1,0,0,0,0.809,0.588,0,0.588,-0.809],"_shiftlockState":true,"_pose":"FreeFall","_animationQueue":[],"_animationSpeed":1,"_zoom":17.72},{"_mousePosition":[683,384],"_rootPartCFrame":[766.706,229.107,45.803,-0.997,-0.004,0.077,-0.004,1,0,-0.077,0,-0.997],"_humanoidState":5,"_cameraCFrame":[764.95,241.026,31.47,-1,0,0,0,0.809,0.588,0,0.588,-0.809],"_shiftlockState":true,"_pose":"FreeFall","_animationQueue":[],"_animationSpeed":1,"_zoom":17.72},{"_mousePosition":[683,384],"_rootPartCFrame":[766.495,228.758,45.794,-0.996,-0.001,0.087,-0.002,1,-0.011,-0.087,-0.011,-0.996],"_humanoidState":5,"_cameraCFrame":[764.743,240.678,31.444,-1,0,0,0,0.809,0.588,0,0.588,-0.809],"_shiftlockState":true,"_pose":"FreeFall","_animationQueue":[],"_animationSpeed":1,"_zoom":17.72},{"_mousePosition":[683,384],"_rootPartCFrame":[766.273,228.363,45.769,-0.996,0,0.087,-0.001,1,-0.016,-0.087,-0.016,-0.996],"_humanoidState":5,"_cameraCFrame":[764.523,240.283,31.412,-1,0,0,0,0.809,0.588,0,0.588,-0.809],"_shiftlockState":true,"_pose":"FreeFall","_animationQueue":[],"_animationSpeed":1,"_zoom":17.72},{"_mousePosition":[683,384],"_rootPartCFrame":[766.056,227.914,45.787,-0.995,-0.001,0.102,-0.001,1,-0.006,-0.102,-0.006,-0.995],"_humanoidState":5,"_cameraCFrame":[764.305,239.833,31.445,-1,0,0,0,0.809,0.588,0,0.588,-0.809],"_shiftlockState":true,"_pose":"FreeFall","_animationQueue":[],"_animationSpeed":1,"_zoom":17.72},{"_mousePosition":[683,384],"_rootPartCFrame":[765.841,227.416,45.793,-0.997,-0.004,0.074,-0.004,1,-0.003,-0.074,-0.003,-0.997],"_humanoidState":5,"_cameraCFrame":[764.085,239.336,31.455,-1,0,0,0,0.809,0.588,0,0.588,-0.809],"_shiftlockState":true,"_pose":"FreeFall","_animationQueue":[["fall",0.3]],"_animationSpeed":1,"_zoom":17.72},{"_mousePosition":[683,384],"_rootPartCFrame":[765.617,226.884,45.75,-0.998,-0.005,0.068,-0.005,1,-0.002,-0.068,-0.002,-0.998],"_humanoidState":5,"_cameraCFrame":[774.508,238.803,34.374,-0.707,-0.416,0.572,0,0.809,0.588,-0.707,0.416,-0.572],"_shiftlockState":true,"_pose":"FreeFall","_animationQueue":[],"_animationSpeed":1,"_zoom":17.72},{"_mousePosition":[683,384],"_rootPartCFrame":[765.359,226.497,45.317,-0.676,0.001,0.737,-0.001,1,-0.002,-0.737,-0.003,-0.676],"_humanoidState":7,"_cameraCFrame":[774.258,238.417,33.941,-0.707,-0.416,0.572,0,0.809,0.588,-0.707,0.416,-0.572],"_shiftlockState":true,"_pose":"FreeFall","_animationQueue":[["walk",0.1],["fall",0.3],["fall",0.3]],"_animationSpeed":1,"_zoom":17.72},{"_mousePosition":[683,384],"_rootPartCFrame":[765.093,226.345,45.315,-0.674,0.001,0.739,0,1,-0.001,-0.739,0,-0.674],"_humanoidState":7,"_cameraCFrame":[773.992,238.264,33.942,-0.707,-0.416,0.572,0,0.809,0.588,-0.707,0.416,-0.572],"_shiftlockState":true,"_pose":"FreeFall","_animationQueue":[],"_animationSpeed":1,"_zoom":17.72},{"_mousePosition":[683,384],"_rootPartCFrame":[764.851,226.137,45.314,-0.697,0,0.717,0,1,0,-0.717,0,-0.697],"_humanoidState":8,"_cameraCFrame":[773.748,238.057,33.943,-0.707,-0.416,0.572,0,0.809,0.588,-0.707,0.416,-0.572],"_shiftlockState":true,"_pose":"Running","_animationQueue":[["walk",0.1],["fall",0.3],["walk",0.1]],"_animationSpeed":1.105,"_zoom":17.72},{"_mousePosition":[683,384],"_rootPartCFrame":[764.623,227.017,45.314,-0.703,0,0.711,0,1,0.001,-0.711,0,-0.703],"_humanoidState":3,"_cameraCFrame":[762.873,238.937,30.981,-1,0,0,0,0.809,0.588,0,0.588,-0.809],"_shiftlockState":true,"_pose":"Jumping","_animationQueue":[["walk",0.1],["jump",0.1]],"_animationSpeed":1,"_zoom":17.72},{"_mousePosition":[683,384],"_rootPartCFrame":[764.401,227.853,45.337,-0.997,0,0.074,0,1,0,-0.074,0,-0.997],"_humanoidState":5,"_cameraCFrame":[762.651,239.773,31.005,-1,0,0,0,0.809,0.588,0,0.588,-0.809],"_shiftlockState":true,"_pose":"FreeFall","_animationQueue":[["jump",0.1]],"_animationSpeed":1,"_zoom":17.72},{"_mousePosition":[683,384],"_rootPartCFrame":[764.187,228.634,45.399,-0.995,0,0.101,0,1,0,-0.101,0,-0.995],"_humanoidState":5,"_cameraCFrame":[762.437,240.554,31.067,-1,0,0,0,0.809,0.588,0,0.588,-0.809],"_shiftlockState":true,"_pose":"FreeFall","_animationQueue":[],"_animationSpeed":1,"_zoom":17.72},{"_mousePosition":[683,384],"_rootPartCFrame":[763.961,229.361,45.456,-0.992,0,0.124,0,1,0,-0.124,0,-0.992],"_humanoidState":5,"_cameraCFrame":[762.211,241.28,31.123,-1,0,0,0,0.809,0.588,0,0.588,-0.809],"_shiftlockState":true,"_pose":"FreeFall","_animationQueue":[],"_animationSpeed":1,"_zoom":17.72},{"_mousePosition":[683,384],"_rootPartCFrame":[763.712,230.033,45.481,-0.991,0,0.132,0,1,0,-0.132,0,-0.991],"_humanoidState":5,"_cameraCFrame":[761.962,241.953,31.148,-1,0,0,0,0.809,0.588,0,0.588,-0.809],"_shiftlockState":true,"_pose":"FreeFall","_animationQueue":[],"_animationSpeed":1,"_zoom":17.72},{"_mousePosition":[683,384],"_rootPartCFrame":[763.447,230.651,45.483,-0.991,0,0.133,0,1,0,-0.133,0,-0.991],"_humanoidState":5,"_cameraCFrame":[761.697,242.57,31.15,-1,0,0,0,0.809,0.588,0,0.588,-0.809],"_shiftlockState":true,"_pose":"FreeFall","_animationQueue":[],"_animationSpeed":1,"_zoom":17.72},{"_mousePosition":[683,384],"_rootPartCFrame":[763.18,231.214,45.483,-0.991,0,0.133,0,1,0,-0.133,0,-0.991],"_humanoidState":5,"_cameraCFrame":[761.43,243.133,31.15,-1,0,0,0,0.809,0.588,0,0.588,-0.809],"_shiftlockState":true,"_pose":"FreeFall","_animationQueue":[],"_animationSpeed":1,"_zoom":17.72},{"_mousePosition":[683,384],"_rootPartCFrame":[762.914,231.722,45.483,-0.991,0,0.133,0,1,0,-0.133,0,-0.991],"_humanoidState":5,"_cameraCFrame":[761.164,243.642,31.15,-1,0,0,0,0.809,0.588,0,0.588,-0.809],"_shiftlockState":true,"_pose":"FreeFall","_animationQueue":[],"_animationSpeed":1,"_zoom":17.72},{"_mousePosition":[683,384],"_rootPartCFrame":[762.647,232.177,45.483,-0.991,0,0.133,0,1,0,-0.133,0,-0.991],"_humanoidState":5,"_cameraCFrame":[760.897,244.096,31.15,-1,0,0,0,0.809,0.588,0,0.588,-0.809],"_shiftlockState":true,"_pose":"FreeFall","_animationQueue":[],"_animationSpeed":1,"_zoom":17.72},{"_mousePosition":[683,384],"_rootPartCFrame":[762.381,232.576,45.483,-0.991,0,0.133,0,1,0,-0.133,0,-0.991],"_humanoidState":5,"_cameraCFrame":[760.631,244.496,31.15,-1,0,0,0,0.809,0.588,0,0.588,-0.809],"_shiftlockState":true,"_pose":"FreeFall","_animationQueue":[],"_animationSpeed":1,"_zoom":17.72},{"_mousePosition":[683,384],"_rootPartCFrame":[762.114,232.921,45.483,-0.991,0,0.133,0,1,0,-0.133,0,-0.991],"_humanoidState":5,"_cameraCFrame":[760.364,244.841,31.15,-1,0,0,0,0.809,0.588,0,0.588,-0.809],"_shiftlockState":true,"_pose":"FreeFall","_animationQueue":[],"_animationSpeed":1,"_zoom":17.72},{"_mousePosition":[683,384],"_rootPartCFrame":[761.847,233.212,45.483,-0.991,0,0.133,0,1,0,-0.133,0,-0.991],"_humanoidState":5,"_cameraCFrame":[760.097,245.132,31.15,-1,0,0,0,0.809,0.588,0,0.588,-0.809],"_shiftlockState":true,"_pose":"FreeFall","_animationQueue":[],"_animationSpeed":1,"_zoom":17.72},{"_mousePosition":[683,384],"_rootPartCFrame":[761.581,233.448,45.483,-0.991,0,0.133,0,1,0,-0.133,0,-0.991],"_humanoidState":5,"_cameraCFrame":[759.831,245.368,31.15,-1,0,0,0,0.809,0.588,0,0.588,-0.809],"_shiftlockState":true,"_pose":"FreeFall","_animationQueue":[],"_animationSpeed":1,"_zoom":17.72},{"_mousePosition":[683,384],"_rootPartCFrame":[761.314,233.63,45.483,-0.991,0,0.133,0,1,0,-0.133,0,-0.991],"_humanoidState":5,"_cameraCFrame":[759.564,245.549,31.15,-1,0,0,0,0.809,0.588,0,0.588,-0.809],"_shiftlockState":true,"_pose":"FreeFall","_animationQueue":[],"_animationSpeed":1,"_zoom":17.72},{"_mousePosition":[683,384],"_rootPartCFrame":[761.048,233.757,45.483,-0.991,0,0.133,0,1,0,-0.133,0,-0.991],"_humanoidState":5,"_cameraCFrame":[759.298,245.676,31.15,-1,0,0,0,0.809,0.588,0,0.588,-0.809],"_shiftlockState":true,"_pose":"FreeFall","_animationQueue":[],"_animationSpeed":1,"_zoom":17.72},{"_mousePosition":[683,384],"_rootPartCFrame":[760.781,233.83,45.483,-0.991,0,0.133,0,1,0,-0.133,0,-0.991],"_humanoidState":5,"_cameraCFrame":[759.031,245.749,31.15,-1,0,0,0,0.809,0.588,0,0.588,-0.809],"_shiftlockState":true,"_pose":"FreeFall","_animationQueue":[],"_animationSpeed":1,"_zoom":17.72},{"_mousePosition":[683,384],"_rootPartCFrame":[760.514,233.848,45.483,-0.991,0,0.133,0,1,0,-0.133,0,-0.991],"_humanoidState":5,"_cameraCFrame":[758.764,245.767,31.15,-1,0,0,0,0.809,0.588,0,0.588,-0.809],"_shiftlockState":true,"_pose":"FreeFall","_animationQueue":[],"_animationSpeed":1,"_zoom":17.72},{"_mousePosition":[683,384],"_rootPartCFrame":[760.248,233.811,45.483,-0.991,0,0.133,0,1,0,-0.133,0,-0.991],"_humanoidState":5,"_cameraCFrame":[758.498,245.731,31.15,-1,0,0,0,0.809,0.588,0,0.588,-0.809],"_shiftlockState":true,"_pose":"FreeFall","_animationQueue":[],"_animationSpeed":1,"_zoom":17.72},{"_mousePosition":[683,384],"_rootPartCFrame":[759.981,233.721,45.483,-0.991,0,0.133,0,1,0,-0.133,0,-0.991],"_humanoidState":5,"_cameraCFrame":[758.231,245.64,31.15,-1,0,0,0,0.809,0.588,0,0.588,-0.809],"_shiftlockState":true,"_pose":"FreeFall","_animationQueue":[],"_animationSpeed":1,"_zoom":17.72},{"_mousePosition":[683,384],"_rootPartCFrame":[759.715,233.575,45.483,-0.991,0,0.133,0,1,0,-0.133,0,-0.991],"_humanoidState":5,"_cameraCFrame":[757.965,245.495,31.15,-1,0,0,0,0.809,0.588,0,0.588,-0.809],"_shiftlockState":true,"_pose":"FreeFall","_animationQueue":[],"_animationSpeed":1,"_zoom":17.72},{"_mousePosition":[683,384],"_rootPartCFrame":[759.448,233.375,45.483,-0.991,0,0.133,0,1,0,-0.133,0,-0.991],"_humanoidState":5,"_cameraCFrame":[757.698,245.295,31.15,-1,0,0,0,0.809,0.588,0,0.588,-0.809],"_shiftlockState":true,"_pose":"FreeFall","_animationQueue":[],"_animationSpeed":1,"_zoom":17.72},{"_mousePosition":[683,384],"_rootPartCFrame":[759.181,233.121,45.483,-0.991,0,0.133,0,1,0,-0.133,0,-0.991],"_humanoidState":5,"_cameraCFrame":[757.431,245.04,31.15,-1,0,0,0,0.809,0.588,0,0.588,-0.809],"_shiftlockState":true,"_pose":"FreeFall","_animationQueue":[],"_animationSpeed":1,"_zoom":17.72},{"_mousePosition":[683,384],"_rootPartCFrame":[758.915,232.812,45.483,-0.991,0,0.133,0,1,0,-0.133,0,-0.991],"_humanoidState":5,"_cameraCFrame":[757.165,244.732,31.15,-1,0,0,0,0.809,0.588,0,0.588,-0.809],"_shiftlockState":true,"_pose":"FreeFall","_animationQueue":[["fall",0.3]],"_animationSpeed":1,"_zoom":17.72},{"_mousePosition":[683,384],"_rootPartCFrame":[758.658,232.449,45.506,-0.994,0,0.113,0,1,0,-0.113,0,-0.994],"_humanoidState":5,"_cameraCFrame":[756.908,244.368,31.173,-1,0,0,0,0.809,0.588,0,0.588,-0.809],"_shiftlockState":true,"_pose":"FreeFall","_animationQueue":[],"_animationSpeed":1,"_zoom":17.72},{"_mousePosition":[683,384],"_rootPartCFrame":[758.416,232.031,45.565,-0.994,0,0.105,0,1,0,-0.105,0,-0.994],"_humanoidState":5,"_cameraCFrame":[756.666,243.95,31.232,-1,0,0,0,0.809,0.588,0,0.588,-0.809],"_shiftlockState":true,"_pose":"FreeFall","_animationQueue":[],"_animationSpeed":1,"_zoom":17.72},{"_mousePosition":[683,384],"_rootPartCFrame":[758.189,231.559,45.662,-0.995,0,0.105,0,1,0,-0.105,0,-0.995],"_humanoidState":5,"_cameraCFrame":[756.439,243.478,31.329,-1,0,0,0,0.809,0.588,0,0.588,-0.809],"_shiftlockState":true,"_pose":"FreeFall","_animationQueue":[],"_animationSpeed":1,"_zoom":17.72},{"_mousePosition":[683,384],"_rootPartCFrame":[757.977,231.032,45.795,-0.995,0,0.104,0,1,0,-0.104,0,-0.995],"_humanoidState":5,"_cameraCFrame":[756.227,242.951,31.462,-1,0,0,0,0.809,0.588,0,0.588,-0.809],"_shiftlockState":true,"_pose":"FreeFall","_animationQueue":[],"_animationSpeed":1,"_zoom":17.72},{"_mousePosition":[683,384],"_rootPartCFrame":[757.772,230.474,45.83,-1,-0.009,0.021,-0.009,1,-0.001,-0.021,-0.001,-1],"_humanoidState":5,"_cameraCFrame":[756.009,242.393,31.496,-1,0,0,0,0.809,0.588,0,0.588,-0.809],"_shiftlockState":true,"_pose":"FreeFall","_animationQueue":[],"_animationSpeed":1,"_zoom":17.72},{"_mousePosition":[683,384],"_rootPartCFrame":[757.571,229.885,45.83,-0.998,-0.007,0.067,-0.007,1,0,-0.067,0,-0.998],"_humanoidState":5,"_cameraCFrame":[755.811,241.805,31.496,-1,0,0,0,0.809,0.588,0,0.588,-0.809],"_shiftlockState":true,"_pose":"FreeFall","_animationQueue":[],"_animationSpeed":1,"_zoom":17.72},{"_mousePosition":[683,384],"_rootPartCFrame":[757.362,229.253,45.799,-0.998,-0.006,0.063,-0.006,1,0,-0.063,0,-0.998],"_humanoidState":5,"_cameraCFrame":[755.602,241.173,31.465,-1,0,0,0,0.809,0.588,0,0.588,-0.809],"_shiftlockState":true,"_pose":"FreeFall","_animationQueue":[["fall",0.3]],"_animationSpeed":1,"_zoom":17.72},{"_mousePosition":[683,384],"_rootPartCFrame":[757.147,228.577,45.759,-0.996,-0.003,0.087,-0.003,1,0,-0.087,0,-0.996],"_humanoidState":5,"_cameraCFrame":[755.392,240.497,31.426,-1,0,0,0,0.809,0.588,0,0.588,-0.809],"_shiftlockState":true,"_pose":"FreeFall","_animationQueue":[],"_animationSpeed":1,"_zoom":17.72},{"_mousePosition":[683,384],"_rootPartCFrame":[756.937,227.847,45.758,-0.995,-0.001,0.102,-0.001,1,0,-0.102,0,-0.995],"_humanoidState":5,"_cameraCFrame":[755.185,239.766,31.425,-1,0,0,0,0.809,0.588,0,0.588,-0.809],"_shiftlockState":true,"_pose":"FreeFall","_animationQueue":[],"_animationSpeed":1,"_zoom":17.72},{"_mousePosition":[683,384],"_rootPartCFrame":[756.731,227.062,45.797,-0.995,0,0.104,0,1,0,-0.104,0,-0.995],"_humanoidState":5,"_cameraCFrame":[754.981,238.981,31.464,-1,0,0,0,0.809,0.588,0,0.588,-0.809],"_shiftlockState":true,"_pose":"FreeFall","_animationQueue":[],"_animationSpeed":1,"_zoom":17.72},{"_mousePosition":[683,384],"_rootPartCFrame":[756.494,226.231,45.778,-0.996,-0.001,0.095,-0.003,1,-0.024,-0.095,-0.024,-0.995],"_humanoidState":5,"_cameraCFrame":[765.391,238.15,34.369,-0.707,-0.416,0.572,0,0.809,0.588,-0.707,0.416,-0.572],"_shiftlockState":true,"_pose":"FreeFall","_animationQueue":[],"_animationSpeed":1,"_zoom":17.72},{"_mousePosition":[683,384],"_rootPartCFrame":[756.283,226.181,45.233,-0.67,0.001,0.742,-0.007,1,-0.008,-0.742,-0.01,-0.67],"_humanoidState":7,"_cameraCFrame":[765.182,238.101,33.845,-0.707,-0.416,0.572,0,0.809,0.588,-0.707,0.416,-0.572],"_shiftlockState":true,"_pose":"FreeFall","_animationQueue":[["walk",0.1],["fall",0.3],["fall",0.3]],"_animationSpeed":1,"_zoom":17.72},{"_mousePosition":[683,384],"_rootPartCFrame":[756.095,226.306,45.046,-0.673,-0.005,0.74,-0.001,1,0.006,-0.74,0.003,-0.673],"_humanoidState":7,"_cameraCFrame":[754.337,238.225,30.718,-1,0,0,0,0.809,0.588,0,0.588,-0.809],"_shiftlockState":true,"_pose":"FreeFall","_animationQueue":[["fall",0.3]],"_animationSpeed":1,"_zoom":17.72},{"_mousePosition":[683,384],"_rootPartCFrame":[755.926,226.375,44.871,-1,-0.001,0.014,-0.001,1,0.004,-0.014,0.004,-1],"_humanoidState":8,"_cameraCFrame":[754.175,238.295,30.545,-1,0,0,0,0.809,0.588,0,0.588,-0.809],"_shiftlockState":true,"_pose":"Running","_animationQueue":[["walk",0.1],["fall",0.3],["walk",0.1]],"_animationSpeed":1.101,"_zoom":17.72},{"_mousePosition":[683,384],"_rootPartCFrame":[755.767,227.259,44.706,-1,0.001,0.005,0.001,1,-0.001,-0.005,-0.001,-1],"_humanoidState":3,"_cameraCFrame":[754.018,239.178,30.372,-1,0,0,0,0.809,0.588,0,0.588,-0.809],"_shiftlockState":true,"_pose":"Jumping","_animationQueue":[["walk",0.1],["jump",0.1]],"_animationSpeed":1,"_zoom":17.72},{"_mousePosition":[683,384],"_rootPartCFrame":[755.594,228.108,44.563,-0.996,0.001,0.094,0,1,-0.002,-0.094,-0.002,-0.996],"_humanoidState":5,"_cameraCFrame":[753.845,240.027,30.228,-1,0,0,0,0.809,0.588,0,0.588,-0.809],"_shiftlockState":true,"_pose":"FreeFall","_animationQueue":[["jump",0.1]],"_animationSpeed":1,"_zoom":17.72},{"_mousePosition":[683,384],"_rootPartCFrame":[755.399,228.903,44.453,-0.992,0,0.128,0,1,-0.001,-0.128,-0.001,-0.992],"_humanoidState":5,"_cameraCFrame":[753.65,240.822,30.119,-1,0,0,0,0.809,0.588,0,0.588,-0.809],"_shiftlockState":true,"_pose":"FreeFall","_animationQueue":[],"_animationSpeed":1,"_zoom":17.72},{"_mousePosition":[683,384],"_rootPartCFrame":[755.183,229.643,44.377,-0.991,0,0.132,0,1,0,-0.132,0,-0.991],"_humanoidState":5,"_cameraCFrame":[753.433,241.563,30.044,-1,0,0,0,0.809,0.588,0,0.588,-0.809],"_shiftlockState":true,"_pose":"FreeFall","_animationQueue":[],"_animationSpeed":1,"_zoom":17.72},{"_mousePosition":[683,384],"_rootPartCFrame":[754.945,230.329,44.333,-0.991,0,0.133,0,1,0,-0.133,0,-0.991],"_humanoidState":5,"_cameraCFrame":[753.195,242.248,30,-1,0,0,0,0.809,0.588,0,0.588,-0.809],"_shiftlockState":true,"_pose":"FreeFall","_animationQueue":[],"_animationSpeed":1,"_zoom":17.72},{"_mousePosition":[683,384],"_rootPartCFrame":[754.686,230.96,44.322,-0.991,0,0.133,0,1,0,-0.133,0,-0.991],"_humanoidState":5,"_cameraCFrame":[752.936,242.88,29.989,-1,0,0,0,0.809,0.588,0,0.588,-0.809],"_shiftlockState":true,"_pose":"FreeFall","_animationQueue":[],"_animationSpeed":1,"_zoom":17.72},{"_mousePosition":[683,384],"_rootPartCFrame":[754.419,231.537,44.322,-0.991,0,0.133,0,1,0,-0.133,0,-0.991],"_humanoidState":5,"_cameraCFrame":[752.669,243.456,29.989,-1,0,0,0,0.809,0.588,0,0.588,-0.809],"_shiftlockState":true,"_pose":"FreeFall","_animationQueue":[],"_animationSpeed":1,"_zoom":17.72},{"_mousePosition":[683,384],"_rootPartCFrame":[754.153,232.059,44.322,-0.991,0,0.133,0,1,0,-0.133,0,-0.991],"_humanoidState":5,"_cameraCFrame":[752.403,243.979,29.989,-1,0,0,0,0.809,0.588,0,0.588,-0.809],"_shiftlockState":true,"_pose":"FreeFall","_animationQueue":[],"_animationSpeed":1,"_zoom":17.72},{"_mousePosition":[683,384],"_rootPartCFrame":[753.886,232.527,44.322,-0.991,0,0.133,0,1,0,-0.133,0,-0.991],"_humanoidState":5,"_cameraCFrame":[752.136,244.446,29.989,-1,0,0,0,0.809,0.588,0,0.588,-0.809],"_shiftlockState":true,"_pose":"FreeFall","_animationQueue":[],"_animationSpeed":1,"_zoom":17.72},{"_mousePosition":[683,384],"_rootPartCFrame":[753.62,232.94,44.322,-0.991,0,0.133,0,1,0,-0.133,0,-0.991],"_humanoidState":5,"_cameraCFrame":[751.87,244.86,29.989,-1,0,0,0,0.809,0.588,0,0.588,-0.809],"_shiftlockState":true,"_pose":"FreeFall","_animationQueue":[],"_animationSpeed":1,"_zoom":17.72},{"_mousePosition":[683,384],"_rootPartCFrame":[753.353,233.299,44.322,-0.991,0,0.133,0,1,0,-0.133,0,-0.991],"_humanoidState":5,"_cameraCFrame":[751.603,245.218,29.989,-1,0,0,0,0.809,0.588,0,0.588,-0.809],"_shiftlockState":true,"_pose":"FreeFall","_animationQueue":[],"_animationSpeed":1,"_zoom":17.72},{"_mousePosition":[683,384],"_rootPartCFrame":[753.086,233.603,44.322,-0.991,0,0.133,0,1,0,-0.133,0,-0.991],"_humanoidState":5,"_cameraCFrame":[751.336,245.523,29.989,-1,0,0,0,0.809,0.588,0,0.588,-0.809],"_shiftlockState":true,"_pose":"FreeFall","_animationQueue":[],"_animationSpeed":1,"_zoom":17.72},{"_mousePosition":[683,384],"_rootPartCFrame":[752.82,233.853,44.322,-0.991,0,0.133,0,1,0,-0.133,0,-0.991],"_humanoidState":5,"_cameraCFrame":[751.07,245.772,29.989,-1,0,0,0,0.809,0.588,0,0.588,-0.809],"_shiftlockState":true,"_pose":"FreeFall","_animationQueue":[],"_animationSpeed":1,"_zoom":17.72},{"_mousePosition":[683,384],"_rootPartCFrame":[752.553,234.048,44.322,-0.991,0,0.133,0,1,0,-0.133,0,-0.991],"_humanoidState":5,"_cameraCFrame":[750.803,245.968,29.989,-1,0,0,0,0.809,0.588,0,0.588,-0.809],"_shiftlockState":true,"_pose":"FreeFall","_animationQueue":[],"_animationSpeed":1,"_zoom":17.72},{"_mousePosition":[683,384],"_rootPartCFrame":[752.286,234.189,44.322,-0.991,0,0.133,0,1,0,-0.133,0,-0.991],"_humanoidState":5,"_cameraCFrame":[750.536,246.109,29.989,-1,0,0,0,0.809,0.588,0,0.588,-0.809],"_shiftlockState":true,"_pose":"FreeFall","_animationQueue":[],"_animationSpeed":1,"_zoom":17.72},{"_mousePosition":[683,384],"_rootPartCFrame":[752.02,234.275,44.322,-0.991,0,0.133,0,1,0,-0.133,0,-0.991],"_humanoidState":5,"_cameraCFrame":[750.27,246.195,29.989,-1,0,0,0,0.809,0.588,0,0.588,-0.809],"_shiftlockState":true,"_pose":"FreeFall","_animationQueue":[],"_animationSpeed":1,"_zoom":17.72},{"_mousePosition":[683,384],"_rootPartCFrame":[751.753,234.307,44.322,-0.991,0,0.133,0,1,0,-0.133,0,-0.991],"_humanoidState":5,"_cameraCFrame":[750.003,246.227,29.989,-1,0,0,0,0.809,0.588,0,0.588,-0.809],"_shiftlockState":true,"_pose":"FreeFall","_animationQueue":[],"_animationSpeed":1,"_zoom":17.72},{"_mousePosition":[683,384],"_rootPartCFrame":[751.487,234.284,44.322,-0.991,0,0.133,0,1,0,-0.133,0,-0.991],"_humanoidState":5,"_cameraCFrame":[749.737,246.204,29.989,-1,0,0,0,0.809,0.588,0,0.588,-0.809],"_shiftlockState":true,"_pose":"FreeFall","_animationQueue":[],"_animationSpeed":1,"_zoom":17.72},{"_mousePosition":[683,384],"_rootPartCFrame":[751.22,234.207,44.322,-0.991,0,0.133,0,1,0,-0.133,0,-0.991],"_humanoidState":5,"_cameraCFrame":[749.47,246.127,29.989,-1,0,0,0,0.809,0.588,0,0.588,-0.809],"_shiftlockState":true,"_pose":"FreeFall","_animationQueue":[],"_animationSpeed":1,"_zoom":17.72},{"_mousePosition":[683,384],"_rootPartCFrame":[750.953,234.075,44.322,-0.991,0,0.133,0,1,0,-0.133,0,-0.991],"_humanoidState":5,"_cameraCFrame":[749.203,245.995,29.989,-1,0,0,0,0.809,0.588,0,0.588,-0.809],"_shiftlockState":true,"_pose":"FreeFall","_animationQueue":[["fall",0.3]],"_animationSpeed":1,"_zoom":17.72},{"_mousePosition":[683,384],"_rootPartCFrame":[750.687,233.889,44.322,-0.991,0,0.133,0,1,0,-0.133,0,-0.991],"_humanoidState":5,"_cameraCFrame":[748.937,245.809,29.989,-1,0,0,0,0.809,0.588,0,0.588,-0.809],"_shiftlockState":true,"_pose":"FreeFall","_animationQueue":[],"_animationSpeed":1,"_zoom":17.72},{"_mousePosition":[683,384],"_rootPartCFrame":[750.42,233.648,44.322,-0.991,0,0.133,0,1,0,-0.133,0,-0.991],"_humanoidState":5,"_cameraCFrame":[748.67,245.568,29.989,-1,0,0,0,0.809,0.588,0,0.588,-0.809],"_shiftlockState":true,"_pose":"FreeFall","_animationQueue":[],"_animationSpeed":1,"_zoom":17.72},{"_mousePosition":[683,384],"_rootPartCFrame":[750.163,233.353,44.344,-0.994,0,0.113,0,1,0,-0.113,0,-0.994],"_humanoidState":5,"_cameraCFrame":[748.413,245.273,30.012,-1,0,0,0,0.809,0.588,0,0.588,-0.809],"_shiftlockState":true,"_pose":"FreeFall","_animationQueue":[],"_animationSpeed":1,"_zoom":17.72},{"_mousePosition":[683,384],"_rootPartCFrame":[749.921,233.003,44.404,-0.994,0,0.105,0,1,0,-0.105,0,-0.994],"_humanoidState":5,"_cameraCFrame":[748.171,244.923,30.071,-1,0,0,0,0.809,0.588,0,0.588,-0.809],"_shiftlockState":true,"_pose":"FreeFall","_animationQueue":[],"_animationSpeed":1,"_zoom":17.72},{"_mousePosition":[683,384],"_rootPartCFrame":[749.694,232.599,44.5,-0.995,0,0.105,0,1,0,-0.105,0,-0.995],"_humanoidState":5,"_cameraCFrame":[747.944,244.519,30.168,-1,0,0,0,0.809,0.588,0,0.588,-0.809],"_shiftlockState":true,"_pose":"FreeFall","_animationQueue":[],"_animationSpeed":1,"_zoom":17.72},{"_mousePosition":[683,384],"_rootPartCFrame":[749.483,232.14,44.633,-0.995,0,0.104,0,1,0,-0.104,0,-0.995],"_humanoidState":5,"_cameraCFrame":[747.733,244.06,30.301,-1,0,0,0,0.809,0.588,0,0.588,-0.809],"_shiftlockState":true,"_pose":"FreeFall","_animationQueue":[["fall",0.3]],"_animationSpeed":1,"_zoom":17.72},{"_mousePosition":[683,384],"_rootPartCFrame":[749.286,231.627,44.803,-0.995,0,0.104,0,1,0,-0.104,0,-0.995],"_humanoidState":5,"_cameraCFrame":[747.536,243.547,30.47,-1,0,0,0,0.809,0.588,0,0.588,-0.809],"_shiftlockState":true,"_pose":"FreeFall","_animationQueue":[],"_animationSpeed":1,"_zoom":17.72},{"_mousePosition":[683,384],"_rootPartCFrame":[749.097,231.059,44.991,-0.995,0,0.104,0,1,0,-0.104,0,-0.995],"_humanoidState":5,"_cameraCFrame":[747.347,242.979,30.658,-1,0,0,0,0.809,0.588,0,0.588,-0.809],"_shiftlockState":true,"_pose":"FreeFall","_animationQueue":[],"_animationSpeed":1,"_zoom":17.72},{"_mousePosition":[683,384],"_rootPartCFrame":[748.909,230.437,45.179,-0.995,0,0.104,0,1,0,-0.104,0,-0.995],"_humanoidState":5,"_cameraCFrame":[747.159,242.357,30.847,-1,0,0,0,0.809,0.588,0,0.588,-0.809],"_shiftlockState":true,"_pose":"FreeFall","_animationQueue":[],"_animationSpeed":1,"_zoom":17.72},{"_mousePosition":[683,384],"_rootPartCFrame":[748.721,229.761,45.368,-0.995,0,0.104,0,1,0,-0.104,0,-0.995],"_humanoidState":5,"_cameraCFrame":[746.971,241.68,31.035,-1,0,0,0,0.809,0.588,0,0.588,-0.809],"_shiftlockState":true,"_pose":"FreeFall","_animationQueue":[],"_animationSpeed":1,"_zoom":17.72},{"_mousePosition":[683,384],"_rootPartCFrame":[748.532,229.029,45.557,-0.995,0,0.104,0,1,0,-0.104,0,-0.995],"_humanoidState":5,"_cameraCFrame":[746.782,240.949,31.224,-1,0,0,0,0.809,0.588,0,0.588,-0.809],"_shiftlockState":true,"_pose":"FreeFall","_animationQueue":[],"_animationSpeed":1,"_zoom":17.72},{"_mousePosition":[683,384],"_rootPartCFrame":[748.344,228.244,45.745,-0.995,0,0.104,0,1,0,-0.104,0,-0.995],"_humanoidState":5,"_cameraCFrame":[746.594,240.163,31.412,-1,0,0,0,0.809,0.588,0,0.588,-0.809],"_shiftlockState":true,"_pose":"FreeFall","_animationQueue":[],"_animationSpeed":1,"_zoom":17.72},{"_mousePosition":[683,384],"_rootPartCFrame":[748.143,227.42,45.816,-0.999,-0.003,0.049,-0.005,0.999,-0.046,-0.049,-0.046,-0.998],"_humanoidState":5,"_cameraCFrame":[746.389,239.338,31.414,-1,0,0,0,0.809,0.588,0,0.588,-0.809],"_shiftlockState":true,"_pose":"FreeFall","_animationQueue":[["fall",0.3]],"_animationSpeed":1,"_zoom":17.72},{"_mousePosition":[683,384],"_rootPartCFrame":[747.925,226.569,45.805,-0.999,-0.008,0.049,-0.009,1,-0.027,-0.049,-0.027,-0.998],"_humanoidState":5,"_cameraCFrame":[746.163,238.488,31.432,-1,0,0,0,0.809,0.588,0,0.588,-0.809],"_shiftlockState":true,"_pose":"FreeFall","_animationQueue":[],"_animationSpeed":1,"_zoom":17.72},{"_mousePosition":[683,384],"_rootPartCFrame":[747.682,225.674,45.766,-0.995,-0.006,0.097,-0.007,1,-0.019,-0.097,-0.02,-0.995],"_humanoidState":5,"_cameraCFrame":[756.572,237.593,34.363,-0.707,-0.416,0.572,0,0.809,0.588,-0.707,0.416,-0.572],"_shiftlockState":true,"_pose":"FreeFall","_animationQueue":[],"_animationSpeed":1,"_zoom":17.72},{"_mousePosition":[683,384],"_rootPartCFrame":[747.475,225.779,45.227,-0.671,0.003,0.741,-0.01,1,-0.013,-0.741,-0.016,-0.671],"_humanoidState":7,"_cameraCFrame":[756.377,237.699,33.83,-0.707,-0.416,0.572,0,0.809,0.588,-0.707,0.416,-0.572],"_shiftlockState":true,"_pose":"FreeFall","_animationQueue":[["walk",0.1],["fall",0.3],["fall",0.3]],"_animationSpeed":1,"_zoom":17.72},{"_mousePosition":[683,384],"_rootPartCFrame":[747.286,226.099,45.04,-0.673,-0.003,0.74,0,1,0.004,-0.74,0.002,-0.673],"_humanoidState":7,"_cameraCFrame":[756.18,238.019,33.672,-0.707,-0.416,0.572,0,0.809,0.588,-0.707,0.416,-0.572],"_shiftlockState":true,"_pose":"FreeFall","_animationQueue":[],"_animationSpeed":1,"_zoom":17.72},{"_mousePosition":[683,384],"_rootPartCFrame":[747.117,226.365,44.865,-0.697,-0.001,0.717,0.002,1,0.004,-0.717,0.004,-0.697],"_humanoidState":8,"_cameraCFrame":[745.365,238.285,30.538,-1,0,0,0,0.809,0.588,0,0.588,-0.809],"_shiftlockState":true,"_pose":"Running","_animationQueue":[["walk",0.1],["fall",0.3],["walk",0.1]],"_animationSpeed":1.103,"_zoom":17.72},{"_mousePosition":[683,384],"_rootPartCFrame":[746.958,227.248,44.698,-1,0.004,0.005,0.004,1,0.001,-0.005,0.001,-1],"_humanoidState":3,"_cameraCFrame":[745.214,239.168,30.367,-1,0,0,0,0.809,0.588,0,0.588,-0.809],"_shiftlockState":true,"_pose":"Jumping","_animationQueue":[["walk",0.1],["walk",0.1],["jump",0.1]],"_animationSpeed":1,"_zoom":17.72},{"_mousePosition":[683,384],"_rootPartCFrame":[746.785,228.098,44.553,-0.996,0.003,0.094,0.002,1,-0.001,-0.094,0,-0.996],"_humanoidState":5,"_cameraCFrame":[745.038,240.017,30.22,-1,0,0,0,0.809,0.588,0,0.588,-0.809],"_shiftlockState":true,"_pose":"FreeFall","_animationQueue":[["jump",0.1]],"_animationSpeed":1,"_zoom":17.72},{"_mousePosition":[683,384],"_rootPartCFrame":[746.589,228.892,44.442,-0.992,0.001,0.128,0.001,1,0,-0.128,0,-0.992],"_humanoidState":5,"_cameraCFrame":[744.84,240.812,30.109,-1,0,0,0,0.809,0.588,0,0.588,-0.809],"_shiftlockState":true,"_pose":"FreeFall","_animationQueue":[],"_animationSpeed":1,"_zoom":17.72},{"_mousePosition":[683,384],"_rootPartCFrame":[746.373,229.633,44.364,-0.991,0,0.132,0,1,0,-0.132,0,-0.991],"_humanoidState":5,"_cameraCFrame":[744.623,241.552,30.031,-1,0,0,0,0.809,0.588,0,0.588,-0.809],"_shiftlockState":true,"_pose":"FreeFall","_animationQueue":[],"_animationSpeed":1,"_zoom":17.72},{"_mousePosition":[683,384],"_rootPartCFrame":[746.135,230.318,44.32,-0.991,0,0.133,0,1,0,-0.133,0,-0.991],"_humanoidState":5,"_cameraCFrame":[744.385,242.238,29.987,-1,0,0,0,0.809,0.588,0,0.588,-0.809],"_shiftlockState":true,"_pose":"FreeFall","_animationQueue":[],"_animationSpeed":1,"_zoom":17.72},{"_mousePosition":[683,384],"_rootPartCFrame":[745.876,230.95,44.308,-0.991,0,0.133,0,1,0,-0.133,0,-0.991],"_humanoidState":5,"_cameraCFrame":[744.126,242.869,29.975,-1,0,0,0,0.809,0.588,0,0.588,-0.809],"_shiftlockState":true,"_pose":"FreeFall","_animationQueue":[],"_animationSpeed":1,"_zoom":17.72},{"_mousePosition":[683,384],"_rootPartCFrame":[745.61,231.527,44.307,-0.991,0,0.133,0,1,0,-0.133,0,-0.991],"_humanoidState":5,"_cameraCFrame":[743.86,243.446,29.974,-1,0,0,0,0.809,0.588,0,0.588,-0.809],"_shiftlockState":true,"_pose":"FreeFall","_animationQueue":[],"_animationSpeed":1,"_zoom":17.72},{"_mousePosition":[683,384],"_rootPartCFrame":[745.343,232.049,44.307,-0.991,0,0.133,0,1,0,-0.133,0,-0.991],"_humanoidState":5,"_cameraCFrame":[743