[{"_mousePosition":[1135,358],"_rootPartCFrame":[776.031,222.984,47.142,0.001,-0.003,1,0,1,0.003,-1,0,0.001],"_humanoidState":8,"_cameraCFrame":[788.414,230.506,47.376,0.019,-0.437,0.899,0,0.899,0.437,-1,-0.008,0.017],"_shiftlockState":false,"_pose":"Standing","_animationQueue":[],"_animationSpeed":1,"_zoom":13.776},{"_mousePosition":[1105,352],"_rootPartCFrame":[775.785,222.852,47.137,0.004,0,1,0,1,0,-1,0,0.004],"_humanoidState":8,"_cameraCFrame":[788.172,230.373,47.372,0.019,-0.437,0.899,0,0.899,0.437,-1,-0.008,0.017],"_shiftlockState":false,"_pose":"Standing","_animationQueue":[],"_animationSpeed":1,"_zoom":13.776},{"_mousePosition":[1069,346],"_rootPartCFrame":[775.519,222.68,47.132,0.006,0,1,0,1,0,-1,0,0.006],"_humanoidState":8,"_cameraCFrame":[787.907,230.201,47.367,0.019,-0.437,0.899,0,0.899,0.437,-1,-0.008,0.017],"_shiftlockState":false,"_pose":"Running","_animationQueue":[["walk",0.1]],"_animationSpeed":1.066,"_zoom":13.776},{"_mousePosition":[1038,340],"_rootPartCFrame":[775.252,222.656,47.127,0.007,0,1,0,1,0,-1,0,0.007],"_humanoidState":8,"_cameraCFrame":[787.64,230.177,47.362,0.019,-0.437,0.899,0,0.899,0.437,-1,-0.008,0.017],"_shiftlockState":false,"_pose":"Running","_animationQueue":[],"_animationSpeed":1.066,"_zoom":13.776},{"_mousePosition":[1011,337],"_rootPartCFrame":[774.985,222.671,47.122,0.009,0,1,0,1,0,-1,0,0.009],"_humanoidState":8,"_cameraCFrame":[787.373,230.192,47.356,0.019,-0.437,0.899,0,0.899,0.437,-1,-0.008,0.017],"_shiftlockState":false,"_pose":"Running","_animationQueue":[],"_animationSpeed":1.066,"_zoom":13.776},{"_mousePosition":[986,336],"_rootPartCFrame":[774.719,222.683,47.117,0.01,0,1,0,1,0,-1,0,0.01],"_humanoidState":8,"_cameraCFrame":[787.107,230.205,47.351,0.019,-0.437,0.899,0,0.899,0.437,-1,-0.008,0.017],"_shiftlockState":false,"_pose":"Running","_animationQueue":[],"_animationSpeed":1.066,"_zoom":13.776},{"_mousePosition":[962,337],"_rootPartCFrame":[774.452,222.691,47.112,0.011,0,1,0,1,0,-1,0,0.011],"_humanoidState":8,"_cameraCFrame":[786.84,230.212,47.346,0.019,-0.437,0.899,0,0.899,0.437,-1,-0.008,0.017],"_shiftlockState":false,"_pose":"Running","_animationQueue":[],"_animationSpeed":1.066,"_zoom":13.776},{"_mousePosition":[944,343],"_rootPartCFrame":[774.186,222.695,47.107,0.012,0,1,0,1,0,-1,0,0.012],"_humanoidState":8,"_cameraCFrame":[786.574,230.217,47.341,0.019,-0.437,0.899,0,0.899,0.437,-1,-0.008,0.017],"_shiftlockState":false,"_pose":"Running","_animationQueue":[],"_animationSpeed":1.066,"_zoom":13.776},{"_mousePosition":[904,369],"_rootPartCFrame":[773.919,222.697,47.102,0.013,0,1,0,1,0,-1,0,0.013],"_humanoidState":8,"_cameraCFrame":[786.307,230.219,47.336,0.019,-0.437,0.899,0,0.899,0.437,-1,-0.008,0.017],"_shiftlockState":false,"_pose":"Running","_animationQueue":[["walk",0.1]],"_animationSpeed":1.066,"_zoom":13.776},{"_mousePosition":[904,369],"_rootPartCFrame":[773.586,222.698,47.096,0.014,0,1,0,1,0,-1,0,0.014],"_humanoidState":8,"_cameraCFrame":[785.974,230.22,47.33,0.019,-0.437,0.899,0,0.899,0.437,-1,-0.008,0.017],"_shiftlockState":false,"_pose":"Running","_animationQueue":[],"_animationSpeed":1.066,"_zoom":13.776},{"_mousePosition":[904,369],"_rootPartCFrame":[773.319,222.699,47.091,0.015,0,1,0,1,0,-1,0,0.015],"_humanoidState":8,"_cameraCFrame":[785.707,230.221,47.325,0.019,-0.437,0.899,0,0.899,0.437,-1,-0.008,0.017],"_shiftlockState":false,"_pose":"Running","_animationQueue":[],"_animationSpeed":1.066,"_zoom":13.776},{"_mousePosition":[904,369],"_rootPartCFrame":[773.053,222.699,47.086,0.015,0,1,0,1,0,-1,0,0.015],"_humanoidState":8,"_cameraCFrame":[785.441,230.221,47.32,0.019,-0.437,0.899,0,0.899,0.437,-1,-0.008,0.017],"_shiftlockState":false,"_pose":"Running","_animationQueue":[],"_animationSpeed":1.066,"_zoom":13.776},{"_mousePosition":[904,369],"_rootPartCFrame":[772.786,222.699,47.081,0.016,0,1,0,1,0,-1,0,0.016],"_humanoidState":8,"_cameraCFrame":[785.174,230.221,47.315,0.019,-0.437,0.899,0,0.899,0.437,-1,-0.008,0.017],"_shiftlockState":false,"_pose":"Running","_animationQueue":[["walk",0.1]],"_animationSpeed":1.066,"_zoom":13.776},{"_mousePosition":[904,369],"_rootPartCFrame":[772.519,222.7,47.076,0.016,0,1,0,1,0,-1,0,0.016],"_humanoidState":8,"_cameraCFrame":[784.907,230.221,47.31,0.019,-0.437,0.899,0,0.899,0.437,-1,-0.008,0.017],"_shiftlockState":false,"_pose":"Running","_animationQueue":[],"_animationSpeed":1.066,"_zoom":13.776},{"_mousePosition":[904,369],"_rootPartCFrame":[772.253,222.7,47.07,0.017,0,1,0,1,0,-1,0,0.017],"_humanoidState":8,"_cameraCFrame":[784.612,230.281,47.265,0.016,-0.441,0.897,0,0.897,0.441,-1,-0.007,0.014],"_shiftlockState":false,"_pose":"Running","_animationQueue":[],"_animationSpeed":1.066,"_zoom":13.776},{"_mousePosition":[904,369],"_rootPartCFrame":[771.986,222.7,47.065,0.017,0,1,0,1,0,-1,0,0.017],"_humanoidState":8,"_cameraCFrame":[784.262,230.45,47.182,0.009,-0.454,0.891,0,0.891,0.454,-1,-0.004,0.008],"_shiftlockState":false,"_pose":"Running","_animationQueue":[],"_animationSpeed":1.066,"_zoom":13.776},{"_mousePosition":[904,369],"_rootPartCFrame":[771.72,222.7,47.061,0.017,0,1,0,1,0,-1,0,0.017],"_humanoidState":8,"_cameraCFrame":[783.878,230.677,47.113,0.004,-0.47,0.883,0,0.883,0.47,-1,-0.002,0.004],"_shiftlockState":false,"_pose":"Running","_animationQueue":[],"_animationSpeed":1.066,"_zoom":13.776},{"_mousePosition":[904,369],"_rootPartCFrame":[771.453,222.7,47.059,0.016,0,1,0,1,0,-1,0,0.016],"_humanoidState":8,"_cameraCFrame":[783.446,230.979,47.084,0.002,-0.492,0.871,0,0.871,0.492,-1,-0.001,0.002],"_shiftlockState":false,"_pose":"Running","_animationQueue":[],"_animationSpeed":1.066,"_zoom":13.776},{"_mousePosition":[904,369],"_rootPartCFrame":[771.186,222.7,47.057,0.014,0,1,0,1,0,-1,0,0.014],"_humanoidState":8,"_cameraCFrame":[782.971,231.333,47.12,0.005,-0.518,0.855,0,0.855,0.518,-1,-0.003,0.005],"_shiftlockState":false,"_pose":"Running","_animationQueue":[["walk",0.1]],"_animationSpeed":1.066,"_zoom":13.776},{"_mousePosition":[904,369],"_rootPartCFrame":[770.919,222.7,47.057,0.013,0,1,0,1,0,-1,0,0.013],"_humanoidState":8,"_cameraCFrame":[782.406,231.803,47.214,0.014,-0.552,0.834,0,0.834,0.552,-1,-0.008,0.011],"_shiftlockState":false,"_pose":"Running","_animationQueue":[],"_animationSpeed":1.066,"_zoom":13.776},{"_mousePosition":[904,369],"_rootPartCFrame":[770.653,222.7,47.055,0.012,0,1,0,1,0,-1,0,0.012],"_humanoidState":8,"_cameraCFrame":[781.777,232.322,47.289,0.021,-0.589,0.807,0,0.808,0.59,-1,-0.012,0.017],"_shiftlockState":false,"_pose":"Running","_animationQueue":[],"_animationSpeed":1.066,"_zoom":13.776},{"_mousePosition":[904,369],"_rootPartCFrame":[770.386,222.7,47.052,0.012,0,1,0,1,0,-1,0,0.012],"_humanoidState":8,"_cameraCFrame":[781.062,232.903,47.298,0.023,-0.632,0.775,0,0.775,0.632,-1,-0.015,0.018],"_shiftlockState":false,"_pose":"Running","_animationQueue":[],"_animationSpeed":1.066,"_zoom":13.776},{"_mousePosition":[904,369],"_rootPartCFrame":[770.12,222.666,47.048,0.012,0,1,0,1,0,-1,0,0.012],"_humanoidState":8,"_cameraCFrame":[780.304,233.441,47.23,0.018,-0.673,0.739,0,0.739,0.673,-1,-0.012,0.013],"_shiftlockState":false,"_pose":"Running","_animationQueue":[],"_animationSpeed":1.066,"_zoom":13.776},{"_mousePosition":[904,369],"_rootPartCFrame":[769.72,222.512,47.043,0.012,0,1,0,1,0,-1,0,0.012],"_humanoidState":8,"_cameraCFrame":[779.413,233.801,47.165,0.013,-0.71,0.704,0,0.704,0.711,-1,-0.009,0.009],"_shiftlockState":false,"_pose":"Running","_animationQueue":[],"_animationSpeed":1.066,"_zoom":13.776},{"_mousePosition":[904,369],"_rootPartCFrame":[769.586,222.434,47.041,0.013,0,1,0,1,0,-1,0,0.013],"_humanoidState":8,"_cameraCFrame":[778.753,234.217,47.147,0.012,-0.746,0.665,0,0.665,0.746,-1,-0.009,0.008],"_shiftlockState":false,"_pose":"Running","_animationQueue":[["walk",0.1]],"_animationSpeed":1.066,"_zoom":13.776},{"_mousePosition":[904,369],"_rootPartCFrame":[769.32,222.236,47.037,0.013,0,1,0,1,0,-1,0,0.013],"_humanoidState":8,"_cameraCFrame":[777.892,234.52,47.163,0.015,-0.783,0.622,0,0.622,0.783,-1,-0.012,0.009],"_shiftlockState":false,"_pose":"Running","_animationQueue":[],"_animationSpeed":1.066,"_zoom":13.776},{"_mousePosition":[904,369],"_rootPartCFrame":[768.987,223.32,47.033,0.013,0,1,0,1,0,-1,0,0.013],"_humanoidState":3,"_cameraCFrame":[776.99,236.031,47.192,0.02,-0.814,0.581,0,0.581,0.814,-1,-0.016,0.012],"_shiftlockState":false,"_pose":"Jumping","_animationQueue":[["walk",0.1],["jump",0.1]],"_animationSpeed":1,"_zoom":13.776},{"_mousePosition":[904,369],"_rootPartCFrame":[768.72,224.129,47.029,0.013,0,1,0,1,0,-1,0,0.013],"_humanoidState":5,"_cameraCFrame":[776.124,237.244,47.223,0.026,-0.843,0.537,0,0.538,0.843,-1,-0.022,0.014],"_shiftlockState":false,"_pose":"FreeFall","_animationQueue":[["jump",0.1]],"_animationSpeed":1,"_zoom":13.776},{"_mousePosition":[904,369],"_rootPartCFrame":[768.387,225.062,47.022,0.014,0,1,0,1,0,-1,0,0.014],"_humanoidState":5,"_cameraCFrame":[775.192,238.539,47.208,0.027,-0.869,0.494,0,0.494,0.869,-1,-0.024,0.013],"_shiftlockState":false,"_pose":"FreeFall","_animationQueue":[],"_animationSpeed":1,"_zoom":13.776},{"_mousePosition":[904,369],"_rootPartCFrame":[768.253,225.412,47.019,0.015,0,1,0,1,0,-1,0,0.015],"_humanoidState":5,"_cameraCFrame":[774.334,239.273,47.128,0.018,-0.897,0.441,0,0.441,0.897,-1,-0.016,0.008],"_shiftlockState":false,"_pose":"FreeFall","_animationQueue":[],"_animationSpeed":1,"_zoom":13.776},{"_mousePosition":[904,369],"_rootPartCFrame":[767.92,226.227,47.01,0.017,0,1,0,1,0,-1,0,0.017],"_humanoidState":5,"_cameraCFrame":[773.478,240.332,47.057,0.008,-0.915,0.403,0,0.403,0.915,-1,-0.008,0.003],"_shiftlockState":false,"_pose":"FreeFall","_animationQueue":[],"_animationSpeed":1,"_zoom":13.776},{"_mousePosition":[904,369],"_rootPartCFrame":[767.72,226.675,47.006,0.017,0,1,0,1,0,-1,0,0.017],"_humanoidState":5,"_cameraCFrame":[773.074,240.868,47.04,0.006,-0.921,0.389,0,0.389,0.921,-1,-0.006,0.002],"_shiftlockState":false,"_pose":"FreeFall","_animationQueue":[],"_animationSpeed":1,"_zoom":13.776},{"_mousePosition":[904,369],"_rootPartCFrame":[767.454,227.224,47.003,0.017,0,1,0,1,0,-1,0,0.017],"_humanoidState":5,"_cameraCFrame":[772.787,241.426,47.015,0.002,-0.922,0.387,0,0.387,0.922,-1,-0.002,0.001],"_shiftlockState":false,"_pose":"FreeFall","_animationQueue":[],"_animationSpeed":1,"_zoom":13.776},{"_mousePosition":[904,369],"_rootPartCFrame":[767.187,227.719,47.002,0.015,0,1,0,1,0,-1,0,0.015],"_humanoidState":5,"_cameraCFrame":[772.52,241.921,47.013,0.002,-0.922,0.387,0,0.387,0.922,-1,-0.002,0.001],"_shiftlockState":false,"_pose":"FreeFall","_animationQueue":[],"_animationSpeed":1,"_zoom":13.776},{"_mousePosition":[904,369],"_rootPartCFrame":[766.92,228.16,47.001,0.014,0,1,0,1,0,-1,0,0.014],"_humanoidState":5,"_cameraCFrame":[772.254,242.361,47.012,0.002,-0.922,0.387,0,0.387,0.922,-1,-0.002,0.001],"_shiftlockState":false,"_pose":"FreeFall","_animationQueue":[],"_animationSpeed":1,"_zoom":13.776},{"_mousePosition":[904,369],"_rootPartCFrame":[766.654,228.546,47,0.012,0,1,0,1,0,-1,0,0.012],"_humanoidState":5,"_cameraCFrame":[771.987,242.747,47.012,0.002,-0.922,0.387,0,0.387,0.922,-1,-0.002,0.001],"_shiftlockState":false,"_pose":"FreeFall","_animationQueue":[],"_animationSpeed":1,"_zoom":13.776},{"_mousePosition":[904,369],"_rootPartCFrame":[766.387,228.877,47,0.011,0,1,0,1,0,-1,0,0.011],"_humanoidState":5,"_cameraCFrame":[771.72,243.079,47.011,0.002,-0.922,0.387,0,0.387,0.922,-1,-0.002,0.001],"_shiftlockState":false,"_pose":"FreeFall","_animationQueue":[],"_animationSpeed":1,"_zoom":13.776},{"_mousePosition":[904,369],"_rootPartCFrame":[766.121,229.154,46.999,0.01,0,1,0,1,0,-1,0,0.01],"_humanoidState":5,"_cameraCFrame":[771.454,243.356,47.011,0.002,-0.922,0.387,0,0.387,0.922,-1,-0.002,0.001],"_shiftlockState":false,"_pose":"FreeFall","_animationQueue":[],"_animationSpeed":1,"_zoom":13.776},{"_mousePosition":[904,369],"_rootPartCFrame":[765.921,229.326,46.999,0.009,0,1,0,1,0,-1,0,0.009],"_humanoidState":5,"_cameraCFrame":[771.254,243.528,47.01,0.002,-0.922,0.387,0,0.387,0.922,-1,-0.002,0.001],"_shiftlockState":false,"_pose":"FreeFall","_animationQueue":[],"_animationSpeed":1,"_zoom":13.776},{"_mousePosition":[904,369],"_rootPartCFrame":[765.587,229.545,46.998,0.008,0,1,0,1,0,-1,0,0.008],"_humanoidState":5,"_cameraCFrame":[770.921,243.747,47.01,0.002,-0.922,0.387,0,0.387,0.922,-1,-0.002,0.001],"_shiftlockState":false,"_pose":"FreeFall","_animationQueue":[],"_animationSpeed":1,"_zoom":13.776},{"_mousePosition":[904,369],"_rootPartCFrame":[765.321,229.658,46.997,0.007,0,1,0,1,0,-1,0,0.007],"_humanoidState":5,"_cameraCFrame":[770.654,243.86,47.009,0.002,-0.922,0.387,0,0.387,0.922,-1,-0.002,0.001],"_shiftlockState":false,"_pose":"FreeFall","_animationQueue":[],"_animationSpeed":1,"_zoom":13.776},{"_mousePosition":[683,384],"_rootPartCFrame":[765.054,229.717,46.997,0.006,0,1,0,1,0,-1,0,0.006],"_humanoidState":5,"_cameraCFrame":[770.386,243.919,47.011,0.003,-0.922,0.387,0,0.387,0.922,-1,-0.002,0.001],"_shiftlockState":false,"_pose":"FreeFall","_animationQueue":[],"_animationSpeed":1,"_zoom":13.776},{"_mousePosition":[683,384],"_rootPartCFrame":[764.787,229.722,46.996,0.005,0,1,0,1,0,-1,0,0.005],"_humanoidState":5,"_cameraCFrame":[770.119,243.924,47.01,0.003,-0.922,0.387,0,0.387,0.922,-1,-0.002,0.001],"_shiftlockState":false,"_pose":"FreeFall","_animationQueue":[],"_animationSpeed":1,"_zoom":13.776},{"_mousePosition":[683,384],"_rootPartCFrame":[764.521,229.672,46.996,0.005,0,1,0,1,0,-1,0,0.005],"_humanoidState":5,"_cameraCFrame":[769.853,243.874,47.009,0.003,-0.922,0.387,0,0.387,0.922,-1,-0.002,0.001],"_shiftlockState":false,"_pose":"FreeFall","_animationQueue":[],"_animationSpeed":1,"_zoom":13.776},{"_mousePosition":[683,384],"_rootPartCFrame":[764.254,229.567,46.995,0.005,0,1,0,1,0,-1,0,0.005],"_humanoidState":5,"_cameraCFrame":[769.586,243.769,47.009,0.003,-0.922,0.387,0,0.387,0.922,-1,-0.002,0.001],"_shiftlockState":false,"_pose":"FreeFall","_animationQueue":[],"_animationSpeed":1,"_zoom":13.776},{"_mousePosition":[683,384],"_rootPartCFrame":[764.054,229.453,46.994,0.004,0,1,0,1,0,-1,0,0.004],"_humanoidState":5,"_cameraCFrame":[769.386,243.655,47.008,0.003,-0.922,0.387,0,0.387,0.922,-1,-0.002,0.001],"_shiftlockState":false,"_pose":"FreeFall","_animationQueue":[],"_animationSpeed":1,"_zoom":13.776},{"_mousePosition":[683,384],"_rootPartCFrame":[763.721,229.195,46.994,0.004,0,1,0,1,0,-1,0,0.004],"_humanoidState":5,"_cameraCFrame":[769.053,243.397,47.007,0.003,-0.922,0.387,0,0.387,0.922,-1,-0.002,0.001],"_shiftlockState":false,"_pose":"FreeFall","_animationQueue":[],"_animationSpeed":1,"_zoom":13.776},{"_mousePosition":[683,384],"_rootPartCFrame":[763.454,228.927,46.993,0.004,0,1,0,1,0,-1,0,0.004],"_humanoidState":5,"_cameraCFrame":[768.786,243.129,47.007,0.003,-0.922,0.387,0,0.387,0.922,-1,-0.002,0.001],"_shiftlockState":false,"_pose":"FreeFall","_animationQueue":[["fall",0.3]],"_animationSpeed":1,"_zoom":13.776},{"_mousePosition":[683,384],"_rootPartCFrame":[763.188,228.604,46.992,0.004,0,1,0,1,0,-1,0,0.004],"_humanoidState":5,"_cameraCFrame":[768.52,242.807,47.006,0.003,-0.922,0.387,0,0.387,0.922,-1,-0.002,0.001],"_shiftlockState":false,"_pose":"FreeFall","_animationQueue":[],"_animationSpeed":1,"_zoom":13.776},{"_mousePosition":[683,384],"_rootPartCFrame":[762.921,228.227,46.992,0.004,0,1,0,1,0,-1,0,0.004],"_humanoidState":5,"_cameraCFrame":[768.253,242.43,47.005,0.003,-0.922,0.387,0,0.387,0.922,-1,-0.002,0.001],"_shiftlockState":false,"_pose":"FreeFall","_animationQueue":[],"_animationSpeed":1,"_zoom":13.776},{"_mousePosition":[683,384],"_rootPartCFrame":[762.655,227.796,46.991,0.003,0,1,0,1,0,-1,0,0.003],"_humanoidState":5,"_cameraCFrame":[767.935,242.019,46.977,-0.003,-0.924,0.383,0,0.383,0.924,-1,0.002,-0.001],"_shiftlockState":false,"_pose":"FreeFall","_animationQueue":[],"_animationSpeed":1,"_zoom":13.776},{"_mousePosition":[683,384],"_rootPartCFrame":[762.188,226.909,46.99,0.003,0,1,0,1,0,-1,0,0.003],"_humanoidState":5,"_cameraCFrame":[767.448,241.142,46.959,-0.006,-0.924,0.382,0,0.382,0.924,-1,0.005,-0.002],"_shiftlockState":false,"_pose":"FreeFall","_animationQueue":[],"_animationSpeed":1,"_zoom":13.776},{"_mousePosition":[683,384],"_rootPartCFrame":[761.855,226.174,46.99,0.002,0,1,0,1,0,-1,0,0.002],"_humanoidState":5,"_cameraCFrame":[767.104,240.411,46.949,-0.008,-0.925,0.381,0,0.381,0.925,-1,0.007,-0.003],"_shiftlockState":false,"_pose":"FreeFall","_animationQueue":[["fall",0.3]],"_animationSpeed":1,"_zoom":13.776},{"_mousePosition":[683,384],"_rootPartCFrame":[761.588,225.525,46.992,0.001,0,1,0,1,0,-1,0,0.001],"_humanoidState":5,"_cameraCFrame":[766.827,239.766,46.95,-0.008,-0.925,0.38,0,0.38,0.925,-1,0.007,-0.003],"_shiftlockState":false,"_pose":"FreeFall","_animationQueue":[],"_animationSpeed":1,"_zoom":13.776},{"_mousePosition":[683,384],"_rootPartCFrame":[761.322,224.821,46.994,0,0,1,0,1,0,-1,0,0],"_humanoidState":5,"_cameraCFrame":[766.547,239.062,45.202,-0.008,-0.925,0.38,0,0.38,0.925,-1,0.007,-0.003],"_shiftlockState":true,"_pose":"FreeFall","_animationQueue":[],"_animationSpeed":1,"_zoom":13.776},{"_mousePosition":[683,384],"_rootPartCFrame":[761.055,224.062,46.996,-0.008,0,1,0,1,0,-1,0,-0.008],"_humanoidState":5,"_cameraCFrame":[766.28,238.303,45.205,-0.008,-0.925,0.38,0,0.38,0.925,-1,0.007,-0.003],"_shiftlockState":true,"_pose":"FreeFall","_animationQueue":[],"_animationSpeed":1,"_zoom":13.776},{"_mousePosition":[683,384],"_rootPartCFrame":[760.788,223.249,46.998,-0.008,0,1,0,1,0,-1,0,-0.008],"_humanoidState":5,"_cameraCFrame":[766.012,237.49,45.201,-0.009,-0.925,0.38,0,0.38,0.925,-1,0.008,-0.003],"_shiftlockState":true,"_pose":"FreeFall","_animationQueue":[],"_animationSpeed":1,"_zoom":13.776},{"_mousePosition":[683,384],"_rootPartCFrame":[760.522,222.382,47,-0.009,0,1,0,1,0,-1,0,-0.009],"_humanoidState":5,"_cameraCFrame":[765.731,236.627,45.193,-0.011,-0.925,0.38,0,0.38,0.925,-1,0.01,-0.004],"_shiftlockState":true,"_pose":"FreeFall","_animationQueue":[],"_animationSpeed":1,"_zoom":13.776},{"_mousePosition":[683,384],"_rootPartCFrame":[760.255,221.46,47.002,-0.011,0,1,0,1,0,-1,0,-0.011],"_humanoidState":5,"_cameraCFrame":[765.457,235.705,45.173,-0.015,-0.925,0.38,0,0.38,0.925,-1,0.014,-0.006],"_shiftlockState":true,"_pose":"FreeFall","_animationQueue":[],"_animationSpeed":1,"_zoom":13.776},{"_mousePosition":[683,384],"_rootPartCFrame":[760.317,221.502,47.006,0.011,0,1,0.009,1,0,-1,0.009,0.011],"_humanoidState":12,"_cameraCFrame":[765.515,235.747,45.179,-0.017,-0.925,0.38,0,0.38,0.925,-1,0.016,-0.007],"_shiftlockState":true,"_pose":"Climbing","_animationQueue":[["fall",0.3],["walk",0.1],["fall",0.3],["climb",0.1],["climb",0]],"_animationSpeed":-4.712,"_zoom":13.776},{"_mousePosition":[683,384],"_rootPartCFrame":[760.361,221.686,47.005,-0.023,0,1,0.002,1,0,-1,0.002,-0.023],"_humanoidState":12,"_cameraCFrame":[765.559,235.931,45.168,-0.017,-0.925,0.38,0,0.38,0.925,-1,0.016,-0.007],"_shiftlockState":true,"_pose":"Climbing","_animationQueue":[["climb",0.1]],"_animationSpeed":0.836,"_zoom":13.776},{"_mousePosition":[683,384],"_rootPartCFrame":[760.369,221.872,47.005,-0.018,0,1,0,1,0,-1,0,-0.018],"_humanoidState":12,"_cameraCFrame":[765.567,236.117,45.164,-0.017,-0.925,0.38,0,0.38,0.925,-1,0.016,-0.007],"_shiftlockState":true,"_pose":"Climbing","_animationQueue":[["climb",0.1]],"_animationSpeed":0.931,"_zoom":13.776},{"_mousePosition":[683,384],"_rootPartCFrame":[760.369,222.059,47.005,-0.017,0,1,0,1,0,-1,0,-0.017],"_humanoidState":12,"_cameraCFrame":[765.64,236.287,45.257,0,-0.924,0.383,0,0.383,0.924,-1,0,0],"_shiftlockState":true,"_pose":"Climbing","_animationQueue":[],"_animationSpeed":0.931,"_zoom":13.776},{"_mousePosition":[683,384],"_rootPartCFrame":[760.369,222.246,47.005,0,0,1,0,1,0,-1,0,0],"_humanoidState":12,"_cameraCFrame":[766.319,236.288,46.649,0.236,-0.885,0.402,0,0.414,0.91,-0.972,-0.215,0.098],"_shiftlockState":true,"_pose":"Climbing","_animationQueue":[],"_animationSpeed":0.931,"_zoom":13.776},{"_mousePosition":[683,384],"_rootPartCFrame":[760.441,222.432,47.005,0.232,0,0.973,0,1,0,-0.973,0,0.232],"_humanoidState":12,"_cameraCFrame":[766.089,236.348,49.614,0.658,-0.679,0.326,0,0.433,0.901,-0.753,-0.593,0.285],"_shiftlockState":true,"_pose":"Climbing","_animationQueue":[["climb",0]],"_animationSpeed":0.931,"_zoom":13.776},{"_mousePosition":[683,384],"_rootPartCFrame":[760.715,222.622,46.968,0.629,0.009,0.777,-0.001,1,-0.011,-0.777,0.006,0.629],"_humanoidState":8,"_cameraCFrame":[763.962,236.556,52.248,0.966,-0.235,0.112,0,0.43,0.903,-0.26,-0.871,0.416],"_shiftlockState":true,"_pose":"Standing","_animationQueue":[["climb",0.1],["idle",0.1],["idle",0.1]],"_animationSpeed":1,"_zoom":13.776},{"_mousePosition":[683,384],"_rootPartCFrame":[760.796,222.615,46.936,0.968,0.01,0.252,-0.009,1,-0.006,-0.252,0.003,0.968],"_humanoidState":8,"_cameraCFrame":[762.454,236.748,52.469,1,0.018,-0.008,0,0.399,0.917,0.019,-0.917,0.399],"_shiftlockState":true,"_pose":"Running","_animationQueue":[["walk",0.1]],"_animationSpeed":0.159,"_zoom":13.776},{"_mousePosition":[683,384],"_rootPartCFrame":[760.791,222.577,46.881,0.999,0.004,-0.037,-0.004,1,0.001,0.037,-0.001,0.999],"_humanoidState":8,"_cameraCFrame":[763.352,237.474,49.497,0.962,-0.264,0.063,0,0.233,0.972,-0.271,-0.936,0.224],"_shiftlockState":true,"_pose":"Running","_animationQueue":[["walk",0.1]],"_animationSpeed":0.137,"_zoom":13.776},{"_mousePosition":[683,384],"_rootPartCFrame":[760.843,223.681,46.796,0.969,0.002,0.248,-0.003,1,0.004,-0.248,-0.005,0.969],"_humanoidState":3,"_cameraCFrame":[763.716,238.748,47.531,0.773,-0.624,0.11,0,0.174,0.985,-0.634,-0.762,0.134],"_shiftlockState":true,"_pose":"Jumping","_animationQueue":[["walk",0.1],["jump",0.1]],"_animationSpeed":1,"_zoom":13.776},{"_mousePosition":[683,384],"_rootPartCFrame":[760.847,224.321,46.733,0.791,0,0.611,-0.002,1,0.003,-0.611,-0.003,0.791],"_humanoidState":5,"_cameraCFrame":[763.81,239.388,46.775,0.603,-0.785,0.138,0,0.174,0.985,-0.797,-0.594,0.105],"_shiftlockState":true,"_pose":"FreeFall","_animationQueue":[["jump",0.1]],"_animationSpeed":1,"_zoom":13.776},{"_mousePosition":[683,384],"_rootPartCFrame":[760.847,224.927,46.655,0.624,-0.001,0.782,-0.001,1,0.001,-0.782,-0.001,0.624],"_humanoidState":5,"_cameraCFrame":[764.328,239.869,46.522,0.469,-0.862,0.193,0,0.219,0.976,-0.883,-0.458,0.103],"_shiftlockState":true,"_pose":"FreeFall","_animationQueue":[],"_animationSpeed":1,"_zoom":13.776},{"_mousePosition":[683,384],"_rootPartCFrame":[760.801,225.867,46.51,0.496,0,0.868,0,1,0,-0.868,0,0.496],"_humanoidState":5,"_cameraCFrame":[764.45,240.756,46.02,0.354,-0.909,0.22,0,0.235,0.972,-0.935,-0.344,0.083],"_shiftlockState":true,"_pose":"FreeFall","_animationQueue":[],"_animationSpeed":1,"_zoom":13.776},{"_mousePosition":[683,384],"_rootPartCFrame":[760.72,226.558,46.388,0.371,0,0.929,0,1,0,-0.929,0,0.371],"_humanoidState":5,"_cameraCFrame":[764.517,241.391,45.577,0.254,-0.936,0.243,0,0.252,0.968,-0.967,-0.246,0.064],"_shiftlockState":true,"_pose":"FreeFall","_animationQueue":[],"_animationSpeed":1,"_zoom":13.776},{"_mousePosition":[683,384],"_rootPartCFrame":[760.599,227.194,46.27,0.269,0,0.963,0,1,0,-0.963,0,0.269],"_humanoidState":5,"_cameraCFrame":[764.638,241.943,45.261,0.188,-0.945,0.269,0,0.274,0.962,-0.982,-0.181,0.052],"_shiftlockState":true,"_pose":"FreeFall","_animationQueue":[],"_animationSpeed":1,"_zoom":13.776},{"_mousePosition":[683,384],"_rootPartCFrame":[760.441,227.776,46.164,0.198,0,0.98,0,1,0,-0.98,0,0.198],"_humanoidState":5,"_cameraCFrame":[764.609,242.481,45.113,0.171,-0.944,0.281,0,0.285,0.959,-0.985,-0.164,0.049],"_shiftlockState":true,"_pose":"FreeFall","_animationQueue":[],"_animationSpeed":1,"_zoom":13.776},{"_mousePosition":[683,384],"_rootPartCFrame":[760.39,228.276,46.064,0.11,-0.006,0.994,0.007,1,0.005,-0.994,0.006,0.11],"_humanoidState":5,"_cameraCFrame":[764.559,242.977,45.02,0.17,-0.944,0.282,0,0.286,0.958,-0.985,-0.163,0.049],"_shiftlockState":true,"_pose":"FreeFall","_animationQueue":[],"_animationSpeed":1,"_zoom":13.776},{"_mousePosition":[683,384],"_rootPartCFrame":[760.39,228.504,45.993,0.155,-0.003,0.988,0.003,1,0.003,-0.988,0.003,0.155],"_humanoidState":12,"_cameraCFrame":[764.563,243.205,44.943,0.17,-0.944,0.282,0,0.286,0.958,-0.985,-0.163,0.049],"_shiftlockState":true,"_pose":"Climbing","_animationQueue":[["walk",0.1],["climb",0.1]],"_animationSpeed":2.349,"_zoom":13.776},{"_mousePosition":[683,384],"_rootPartCFrame":[760.388,228.691,45.961,0.166,-0.001,0.986,0,1,0.001,-0.986,0,0.166],"_humanoidState":12,"_cameraCFrame":[764.564,243.393,44.908,0.17,-0.944,0.282,0,0.286,0.958,-0.985,-0.163,0.049],"_shiftlockState":true,"_pose":"Climbing","_animationQueue":[["climb",0.1]],"_animationSpeed":0.958,"_zoom":13.776},{"_mousePosition":[683,384],"_rootPartCFrame":[760.388,228.878,45.959,0.17,0,0.985,0,1,0,-0.985,0,0.17],"_humanoidState":12,"_cameraCFrame":[764.566,243.579,44.905,0.17,-0.944,0.282,0,0.286,0.958,-0.985,-0.163,0.049],"_shiftlockState":true,"_pose":"Climbing","_animationQueue":[],"_animationSpeed":0.958,"_zoom":13.776},{"_mousePosition":[683,384],"_rootPartCFrame":[760.388,229.018,45.959,0.17,0,0.985,0,1,0,-0.985,0,0.17],"_humanoidState":12,"_cameraCFrame":[764.566,243.719,44.905,0.17,-0.944,0.282,0,0.286,0.958,-0.985,-0.163,0.049],"_shiftlockState":true,"_pose":"Climbing","_animationQueue":[],"_animationSpeed":0.958,"_zoom":13.776},{"_mousePosition":[683,384],"_rootPartCFrame":[760.351,229.2,45.953,0.17,0,0.985,0,1,0,-0.985,0,0.17],"_humanoidState":8,"_cameraCFrame":[764.529,243.901,44.899,0.17,-0.944,0.282,0,0.286,0.958,-0.985,-0.163,0.049],"_shiftlockState":true,"_pose":"Standing","_animationQueue":[["climb",0.1],["idle",0.1],["idle",0.1]],"_animationSpeed":1,"_zoom":13.776},{"_mousePosition":[683,384],"_rootPartCFrame":[760.277,229.285,45.94,0.17,0,0.985,0,1,0,-0.985,0,0.17],"_humanoidState":5,"_cameraCFrame":[764.455,243.986,44.886,0.17,-0.944,0.282,0,0.286,0.958,-0.985,-0.163,0.049],"_shiftlockState":true,"_pose":"FreeFall","_animationQueue":[["walk",0.1]],"_animationSpeed":0.206,"_zoom":13.776},{"_mousePosition":[683,384],"_rootPartCFrame":[760.165,229.314,45.92,0.17,0,0.985,0,1,0,-0.985,0,0.17],"_humanoidState":5,"_cameraCFrame":[764.343,244.016,44.867,0.17,-0.944,0.282,0,0.286,0.958,-0.985,-0.163,0.049],"_shiftlockState":true,"_pose":"FreeFall","_animationQueue":[],"_animationSpeed":0.206,"_zoom":13.776},{"_mousePosition":[683,384],"_rootPartCFrame":[760.013,229.29,45.894,0.17,0,0.985,0,1,0,-0.985,0,0.17],"_humanoidState":5,"_cameraCFrame":[764.191,243.991,44.84,0.17,-0.944,0.282,0,0.286,0.958,-0.985,-0.163,0.049],"_shiftlockState":true,"_pose":"FreeFall","_animationQueue":[],"_animationSpeed":0.206,"_zoom":13.776},{"_mousePosition":[683,384],"_rootPartCFrame":[759.768,229.697,45.852,0.17,0,0.985,0,1,0,-0.985,0,0.17],"_humanoidState":7,"_cameraCFrame":[763.964,244.396,44.831,0.178,-0.943,0.282,0,0.287,0.958,-0.984,-0.17,0.051],"_shiftlockState":true,"_pose":"FreeFall","_animationQueue":[["walk",0.1]],"_animationSpeed":0.699,"_zoom":13.776},{"_mousePosition":[683,384],"_rootPartCFrame":[759.506,230.101,45.806,0.178,0,0.984,0,1,0,-0.984,0,0.178],"_humanoidState":7,"_cameraCFrame":[763.708,244.8,44.812,0.184,-0.942,0.282,0,0.287,0.958,-0.983,-0.176,0.053],"_shiftlockState":true,"_pose":"FreeFall","_animationQueue":[["fall",0.3]],"_animationSpeed":1,"_zoom":13.776},{"_mousePosition":[683,384],"_rootPartCFrame":[759.178,230.358,45.747,0.184,0,0.983,0,1,0,-0.983,0,0.184],"_humanoidState":8,"_cameraCFrame":[763.38,245.056,44.753,0.184,-0.942,0.282,0,0.287,0.958,-0.983,-0.176,0.053],"_shiftlockState":true,"_pose":"Running","_animationQueue":[["walk",0.1],["fall",0.3],["walk",0.1]],"_animationSpeed":1.103,"_zoom":13.776},{"_mousePosition":[683,384],"_rootPartCFrame":[758.85,231.442,45.688,0.184,0,0.983,0,1,0,-0.983,0,0.184],"_humanoidState":3,"_cameraCFrame":[763.051,246.14,44.689,0.183,-0.942,0.282,0,0.287,0.958,-0.983,-0.175,0.052],"_shiftlockState":true,"_pose":"Jumping","_animationQueue":[["walk",0.1],["jump",0.1]],"_animationSpeed":1,"_zoom":13.776},{"_mousePosition":[683,384],"_rootPartCFrame":[758.587,232.25,45.639,0.183,0,0.983,0,1,0,-0.983,0,0.183],"_humanoidState":5,"_cameraCFrame":[762.755,246.955,44.584,0.17,-0.945,0.281,0,0.285,0.959,-0.985,-0.163,0.049],"_shiftlockState":true,"_pose":"FreeFall","_animationQueue":[["jump",0.1]],"_animationSpeed":1,"_zoom":13.776},{"_mousePosition":[683,384],"_rootPartCFrame":[758.391,232.821,45.603,0.171,0,0.985,0,1,0,-0.985,0,0.171],"_humanoidState":5,"_cameraCFrame":[762.506,247.535,44.464,0.152,-0.948,0.279,0,0.283,0.959,-0.988,-0.146,0.043],"_shiftlockState":true,"_pose":"FreeFall","_animationQueue":[],"_animationSpeed":1,"_zoom":13.776},{"_mousePosition":[683,384],"_rootPartCFrame":[758.128,233.534,45.557,0.154,0,0.988,0,1,0,-0.988,0,0.154],"_humanoidState":5,"_cameraCFrame":[762.166,248.263,44.325,0.131,-0.952,0.276,0,0.279,0.96,-0.991,-0.126,0.037],"_shiftlockState":true,"_pose":"FreeFall","_animationQueue":[],"_animationSpeed":1,"_zoom":13.776},{"_mousePosition":[683,384],"_rootPartCFrame":[757.733,234.501,45.496,0.135,0,0.991,0,1,0,-0.991,0,0.135],"_humanoidState":5,"_cameraCFrame":[761.682,249.246,44.149,0.104,-0.956,0.273,0,0.275,0.961,-0.995,-0.1,0.029],"_shiftlockState":true,"_pose":"FreeFall","_animationQueue":[],"_animationSpeed":1,"_zoom":13.776},{"_mousePosition":[683,384],"_rootPartCFrame":[757.469,235.078,45.46,0.107,0,0.994,0,1,0,-0.994,0,0.107],"_humanoidState":5,"_cameraCFrame":[761.391,249.829,44.094,0.1,-0.957,0.272,0,0.273,0.962,-0.995,-0.096,0.027],"_shiftlockState":true,"_pose":"FreeFall","_animationQueue":[],"_animationSpeed":1,"_zoom":13.776},{"_mousePosition":[683,384],"_rootPartCFrame":[757.336,235.346,45.445,0.101,0,0.995,0,1,0,-0.995,0,0.101],"_humanoidState":5,"_cameraCFrame":[761.19,250.091,43.845,0.039,-0.961,0.275,0,0.275,0.961,-0.999,-0.038,0.011],"_shiftlockState":true,"_pose":"FreeFall","_animationQueue":[],"_animationSpeed":1,"_zoom":13.776},{"_mousePosition":[683,384],"_rootPartCFrame":[757.071,235.841,45.418,0.045,0,0.999,0,1,0,-0.999,0,0.045],"_humanoidState":5,"_cameraCFrame":[760.97,250.564,43.751,0.021,-0.96,0.28,0,0.28,0.96,-1,-0.021,0.006],"_shiftlockState":true,"_pose":"FreeFall","_animationQueue":[],"_animationSpeed":1,"_zoom":13.776},{"_mousePosition":[683,384],"_rootPartCFrame":[756.738,236.383,45.402,0.026,0,1,0,1,0,-1,0,0.026],"_humanoidState":5,"_cameraCFrame":[760.699,251.087,43.733,0.02,-0.958,0.285,0,0.285,0.959,-1,-0.02,0.006],"_shiftlockState":true,"_pose":"FreeFall","_animationQueue":[],"_animationSpeed":1,"_zoom":13.776},{"_mousePosition":[683,384],"_rootPartCFrame":[756.471,236.755,45.396,0.021,0,1,0,1,0,-1,0,0.021],"_humanoidState":5,"_cameraCFrame":[760.392,251.472,43.73,0.021,-0.959,0.282,0,0.282,0.959,-1,-0.021,0.006],"_shiftlockState":true,"_pose":"FreeFall","_animationQueue":[],"_animationSpeed":1,"_zoom":13.776},{"_mousePosition":[683,384],"_rootPartCFrame":[756.271,236.999,45.392,0.021,0,1,0,1,0,-1,0,0.021],"_humanoidState":5,"_cameraCFrame":[760.192,251.716,43.726,0.021,-0.959,0.282,0,0.282,0.959,-1,-0.021,0.006],"_shiftlockState":true,"_pose":"FreeFall","_animationQueue":[],"_animationSpeed":1,"_zoom":13.776},{"_mousePosition":[683,384],"_rootPartCFrame":[756.005,237.276,45.386,0.021,0,1,0,1,0,-1,0,0.021],"_humanoidState":5,"_cameraCFrame":[759.925,251.993,43.72,0.021,-0.959,0.282,0,0.282,0.959,-1,-0.021,0.006],"_shiftlockState":true,"_pose":"FreeFall","_animationQueue":[],"_animationSpeed":1,"_zoom":13.776},{"_mousePosition":[683,384],"_rootPartCFrame":[755.738,237.498,45.381,0.021,0,1,0,1,0,-1,0,0.021],"_humanoidState":5,"_cameraCFrame":[759.659,252.215,43.714,0.021,-0.959,0.282,0,0.282,0.959,-1,-0.021,0.006],"_shiftlockState":true,"_pose":"FreeFall","_animationQueue":[],"_animationSpeed":1,"_zoom":13.776},{"_mousePosition":[683,384],"_rootPartCFrame":[755.405,237.7,45.373,0.021,0,1,0,1,0,-1,0,0.021],"_humanoidState":5,"_cameraCFrame":[759.325,252.417,43.707,0.021,-0.959,0.282,0,0.282,0.959,-1,-0.021,0.006],"_shiftlockState":true,"_pose":"FreeFall","_animationQueue":[],"_animationSpeed":1,"_zoom":13.776},{"_mousePosition":[683,384],"_rootPartCFrame":[755.205,237.78,45.369,0.021,0,1,0,1,0,-1,0,0.021],"_humanoidState":5,"_cameraCFrame":[759.125,252.497,43.703,0.021,-0.959,0.282,0,0.282,0.959,-1,-0.021,0.006],"_shiftlockState":true,"_pose":"FreeFall","_animationQueue":[],"_animationSpeed":1,"_zoom":13.776},{"_mousePosition":[683,384],"_rootPartCFrame":[754.938,237.839,45.363,0.021,0,1,0,1,0,-1,0,0.021],"_humanoidState":5,"_cameraCFrame":[758.859,252.556,43.697,0.021,-0.959,0.282,0,0.282,0.959,-1,-0.021,0.006],"_shiftlockState":true,"_pose":"FreeFall","_animationQueue":[],"_animationSpeed":1,"_zoom":13.776},{"_mousePosition":[683,384],"_rootPartCFrame":[754.605,237.836,45.356,0.021,0,1,0,1,0,-1,0,0.021],"_humanoidState":5,"_cameraCFrame":[758.526,252.553,43.69,0.021,-0.959,0.282,0,0.282,0.959,-1,-0.021,0.006],"_shiftlockState":true,"_pose":"FreeFall","_animationQueue":[],"_animationSpeed":1,"_zoom":13.776},{"_mousePosition":[683,384],"_rootPartCFrame":[754.405,237.793,45.352,0.021,0,1,0,1,0,-1,0,0.021],"_humanoidState":5,"_cameraCFrame":[758.326,252.511,43.686,0.021,-0.959,0.282,0,0.282,0.959,-1,-0.021,0.006],"_shiftlockState":true,"_pose":"FreeFall","_animationQueue":[],"_animationSpeed":1,"_zoom":13.776},{"_mousePosition":[683,384],"_rootPartCFrame":[754.139,237.689,45.346,0.021,0,1,0,1,0,-1,0,0.021],"_humanoidState":5,"_cameraCFrame":[758.059,252.406,43.68,0.021,-0.959,0.282,0,0.282,0.959,-1,-0.021,0.006],"_shiftlockState":true,"_pose":"FreeFall","_animationQueue":[],"_animationSpeed":1,"_zoom":13.776},{"_mousePosition":[683,384],"_rootPartCFrame":[753.872,237.53,45.34,0.021,0,1,0,1,0,-1,0,0.021],"_humanoidState":5,"_cameraCFrame":[757.792,252.247,43.674,0.021,-0.959,0.282,0,0.282,0.959,-1,-0.021,0.006],"_shiftlockState":true,"_pose":"FreeFall","_animationQueue":[["fall",0.3]],"_animationSpeed":1,"_zoom":13.776},{"_mousePosition":[683,384],"_rootPartCFrame":[753.605,237.317,45.335,0.021,0,1,0,1,0,-1,0,0.021],"_humanoidState":5,"_cameraCFrame":[757.526,252.034,43.668,0.021,-0.959,0.282,0,0.282,0.959,-1,-0.021,0.006],"_shiftlockState":true,"_pose":"FreeFall","_animationQueue":[],"_animationSpeed":1,"_zoom":13.776},{"_mousePosition":[683,384],"_rootPartCFrame":[753.339,237.049,45.329,0.021,0,1,0,1,0,-1,0,0.021],"_humanoidState":5,"_cameraCFrame":[757.259,251.766,43.663,0.021,-0.959,0.282,0,0.282,0.959,-1,-0.021,0.006],"_shiftlockState":true,"_pose":"FreeFall","_animationQueue":[],"_animationSpeed":1,"_zoom":13.776},{"_mousePosition":[683,384],"_rootPartCFrame":[753.072,236.726,45.323,0.021,0,1,0,1,0,-1,0,0.021],"_humanoidState":5,"_cameraCFrame":[756.993,251.443,43.657,0.021,-0.959,0.282,0,0.282,0.959,-1,-0.021,0.006],"_shiftlockState":true,"_pose":"FreeFall","_animationQueue":[],"_animationSpeed":1,"_zoom":13.776},{"_mousePosition":[683,384],"_rootPartCFrame":[752.806,236.349,45.318,0.021,0,1,0,1,0,-1,0,0.021],"_humanoidState":5,"_cameraCFrame":[756.715,251.063,43.602,0.009,-0.959,0.283,0,0.283,0.959,-1,-0.009,0.003],"_shiftlockState":true,"_pose":"FreeFall","_animationQueue":[],"_animationSpeed":1,"_zoom":13.776},{"_mousePosition":[683,384],"_rootPartCFrame":[752.539,235.918,45.312,0.01,0,1,0,1,0,-1,0,0.01],"_humanoidState":5,"_cameraCFrame":[756.423,250.628,43.515,-0.012,-0.959,0.283,0,0.283,0.959,-1,0.012,-0.003],"_shiftlockState":true,"_pose":"FreeFall","_animationQueue":[],"_animationSpeed":1,"_zoom":13.776},{"_mousePosition":[683,384],"_rootPartCFrame":[752.272,235.432,45.309,-0.01,0,1,0,1,0,-1,0,-0.01],"_humanoidState":5,"_cameraCFrame":[756.145,250.142,43.488,-0.018,-0.959,0.283,0,0.283,0.959,-1,0.018,-0.005],"_shiftlockState":true,"_pose":"FreeFall","_animationQueue":[],"_animationSpeed":1,"_zoom":13.776},{"_mousePosition":[683,384],"_rootPartCFrame":[752.006,234.891,45.311,-0.017,0,1,0,1,0,-1,0,-0.017],"_humanoidState":5,"_cameraCFrame":[755.842,249.611,43.483,-0.02,-0.959,0.281,0,0.281,0.96,-1,0.02,-0.006],"_shiftlockState":true,"_pose":"FreeFall","_animationQueue":[["fall",0.3]],"_animationSpeed":1,"_zoom":13.776},{"_mousePosition":[683,384],"_rootPartCFrame":[751.739,234.296,45.316,-0.023,0,1,0,1,0,-1,0,-0.023],"_humanoidState":5,"_cameraCFrame":[755.417,249.054,43.432,-0.036,-0.962,0.272,0,0.272,0.962,-0.999,0.035,-0.01],"_shiftlockState":true,"_pose":"FreeFall","_animationQueue":[["fall",0.3]],"_animationSpeed":1,"_zoom":13.776},{"_mousePosition":[683,384],"_rootPartCFrame":[751.472,233.647,45.322,-0.035,0,0.999,0,1,0,-0.999,0,-0.035],"_humanoidState":5,"_cameraCFrame":[754.982,248.44,43.368,-0.057,-0.963,0.262,0,0.262,0.965,-0.998,0.055,-0.015],"_shiftlockState":true,"_pose":"FreeFall","_animationQueue":[],"_animationSpeed":1,"_zoom":13.776},{"_mousePosition":[683,384],"_rootPartCFrame":[751.206,232.943,45.331,-0.055,0,0.999,0,1,0,-0.999,0,-0.055],"_humanoidState":5,"_cameraCFrame":[754.502,247.779,43.299,-0.083,-0.965,0.25,0,0.251,0.968,-0.997,0.081,-0.021],"_shiftlockState":true,"_pose":"FreeFall","_animationQueue":[],"_animationSpeed":1,"_zoom":13.776},{"_mousePosition":[683,384],"_rootPartCFrame":[750.939,232.184,45.345,-0.08,0,0.997,0,1,0,-0.997,0,-0.08],"_humanoidState":5,"_cameraCFrame":[754.021,247.061,43.246,-0.109,-0.965,0.238,0,0.239,0.971,-0.994,0.106,-0.026],"_shiftlockState":true,"_pose":"FreeFall","_animationQueue":[],"_animationSpeed":1,"_zoom":13.776},{"_mousePosition":[683,384],"_rootPartCFrame":[750.674,231.371,45.366,-0.106,0,0.994,0,1,0,-0.994,0,-0.106],"_humanoidState":5,"_cameraCFrame":[753.61,246.274,43.226,-0.127,-0.965,0.229,0,0.231,0.973,-0.992,0.124,-0.029],"_shiftlockState":true,"_pose":"FreeFall","_animationQueue":[["fall",0.3]],"_animationSpeed":1,"_zoom":13.776},{"_mousePosition":[683,384],"_rootPartCFrame":[750.408,230.61,45.394,-0.126,0,0.992,0,1,0,-0.992,0,-0.126],"_humanoidState":7,"_cameraCFrame":[753.253,245.528,43.226,-0.139,-0.965,0.224,0,0.226,0.974,-0.99,0.136,-0.032],"_shiftlockState":true,"_pose":"FreeFall","_animationQueue":[["walk",0.1],["fall",0.3],["fall",0.3]],"_animationSpeed":1,"_zoom":13.776},{"_mousePosition":[683,384],"_rootPartCFrame":[750.21,230.543,45.419,-0.139,0,0.99,0,1,0,-0.99,0,-0.139],"_humanoidState":7,"_cameraCFrame":[752.972,245.474,43.221,-0.153,-0.963,0.22,0,0.223,0.975,-0.988,0.149,-0.034],"_shiftlockState":true,"_pose":"FreeFall","_animationQueue":[],"_animationSpeed":1,"_zoom":13.776},{"_mousePosition":[683,384],"_rootPartCFrame":[749.814,230.661,45.474,-0.153,0,0.988,0,1,0,-0.988,0,-0.153],"_humanoidState":8,"_cameraCFrame":[752.501,245.604,43.259,-0.162,-0.963,0.216,0,0.219,0.976,-0.987,0.158,-0.035],"_shiftlockState":true,"_pose":"Running","_animationQueue":[["walk",0.1],["fall",0.3],["walk",0.1]],"_animationSpeed":1.103,"_zoom":13.776},{"_mousePosition":[683,384],"_rootPartCFrame":[749.55,230.717,45.515,-0.162,0,0.987,0,1,0,-0.987,0,-0.162],"_humanoidState":8,"_cameraCFrame":[752.194,245.667,43.291,-0.167,-0.963,0.213,0,0.216,0.976,-0.986,0.163,-0.036],"_shiftlockState":true,"_pose":"Running","_animationQueue":[],"_animationSpeed":1.103,"_zoom":13.776},{"_mousePosition":[683,384],"_rootPartCFrame":[749.287,230.747,45.558,-0.167,0,0.986,0,1,0,-0.986,0,-0.167],"_humanoidState":8,"_cameraCFrame":[751.929,245.698,43.331,-0.168,-0.962,0.213,0,0.216,0.976,-0.986,0.164,-0.036],"_shiftlockState":true,"_pose":"Running","_animationQueue":[],"_animationSpeed":1.103,"_zoom":13.776},{"_mousePosition":[683,384],"_rootPartCFrame":[749.024,230.764,45.602,-0.168,0,0.986,0,1,0,-0.986,0,-0.168],"_humanoidState":8,"_cameraCFrame":[751.666,245.714,43.375,-0.168,-0.962,0.213,0,0.216,0.976,-0.986,0.164,-0.036],"_shiftlockState":true,"_pose":"Running","_animationQueue":[],"_animationSpeed":1.103,"_zoom":13.776},{"_mousePosition":[683,384],"_rootPartCFrame":[748.827,230.772,45.636,-0.168,0,0.986,0,1,0,-0.986,0,-0.168],"_humanoidState":8,"_cameraCFrame":[751.468,245.722,43.409,-0.168,-0.962,0.213,0,0.216,0.976,-0.986,0.164,-0.036],"_shiftlockState":true,"_pose":"Running","_animationQueue":[["walk",0.1]],"_animationSpeed":1.103,"_zoom":13.776},{"_mousePosition":[683,384],"_rootPartCFrame":[748.498,230