[{"_mousePosition":[1197,360],"_rootPartCFrame":[776.024,222.973,47.142,0.004,0.004,1,0,1,-0.004,-1,0,0.004],"_humanoidState":8,"_cameraCFrame":[776.03,232.07,43.29,-1,0,0,0,0.452,0.892,0,0.892,-0.452],"_shiftlockState":false,"_pose":"Standing","_animationQueue":[],"_animationSpeed":1,"_zoom":8.518},{"_mousePosition":[1197,360],"_rootPartCFrame":[775.852,222.882,47.142,0.004,0.001,1,0,1,-0.001,-1,0,0.004],"_humanoidState":8,"_cameraCFrame":[775.854,231.979,43.29,-1,0,0,0,0.452,0.892,0,0.892,-0.452],"_shiftlockState":false,"_pose":"Standing","_animationQueue":[],"_animationSpeed":1,"_zoom":8.518},{"_mousePosition":[1197,360],"_rootPartCFrame":[775.587,222.729,47.142,0.003,0,1,0,1,0,-1,0,0.003],"_humanoidState":8,"_cameraCFrame":[775.587,231.826,43.29,-1,0,0,0,0.452,0.892,0,0.892,-0.452],"_shiftlockState":false,"_pose":"Running","_animationQueue":[["walk",0.1]],"_animationSpeed":1.005,"_zoom":8.518},{"_mousePosition":[1197,360],"_rootPartCFrame":[775.321,222.614,47.142,0.003,0,1,0,1,0,-1,0,0.003],"_humanoidState":8,"_cameraCFrame":[775.32,231.711,43.29,-1,0,0,0,0.452,0.892,0,0.892,-0.452],"_shiftlockState":false,"_pose":"Running","_animationQueue":[["walk",0.1]],"_animationSpeed":1.1,"_zoom":8.518},{"_mousePosition":[1197,360],"_rootPartCFrame":[775.054,222.638,47.142,0.002,0,1,0,1,0,-1,0,0.002],"_humanoidState":8,"_cameraCFrame":[775.054,231.735,43.29,-1,0,0,0,0.452,0.892,0,0.892,-0.452],"_shiftlockState":false,"_pose":"Running","_animationQueue":[],"_animationSpeed":1.1,"_zoom":8.518},{"_mousePosition":[1197,360],"_rootPartCFrame":[774.787,222.664,47.142,0.002,0,1,0,1,0,-1,0,0.002],"_humanoidState":8,"_cameraCFrame":[774.787,231.761,43.29,-1,0,0,0,0.452,0.892,0,0.892,-0.452],"_shiftlockState":false,"_pose":"Running","_animationQueue":[["walk",0.1]],"_animationSpeed":1.1,"_zoom":8.518},{"_mousePosition":[1197,360],"_rootPartCFrame":[774.521,222.68,47.142,0.002,0,1,0,1,0,-1,0,0.002],"_humanoidState":8,"_cameraCFrame":[774.521,231.777,43.29,-1,0,0,0,0.452,0.892,0,0.892,-0.452],"_shiftlockState":false,"_pose":"Running","_animationQueue":[],"_animationSpeed":1.1,"_zoom":8.518},{"_mousePosition":[1188,372],"_rootPartCFrame":[774.254,222.689,47.142,0.002,0,1,0,1,0,-1,0,0.002],"_humanoidState":8,"_cameraCFrame":[774.254,231.786,43.29,-1,0,0,0,0.452,0.892,0,0.892,-0.452],"_shiftlockState":false,"_pose":"Running","_animationQueue":[],"_animationSpeed":1.1,"_zoom":8.518},{"_mousePosition":[1178,380],"_rootPartCFrame":[773.854,222.696,47.142,0.001,0,1,0,1,0,-1,0,0.001],"_humanoidState":8,"_cameraCFrame":[773.854,231.793,43.29,-1,0,0,0,0.452,0.892,0,0.892,-0.452],"_shiftlockState":false,"_pose":"Running","_animationQueue":[],"_animationSpeed":1.1,"_zoom":8.518},{"_mousePosition":[1161,390],"_rootPartCFrame":[773.721,222.697,47.142,0.001,0,1,0,1,0,-1,0,0.001],"_humanoidState":8,"_cameraCFrame":[773.721,231.794,43.29,-1,0,0,0,0.452,0.892,0,0.892,-0.452],"_shiftlockState":false,"_pose":"Running","_animationQueue":[],"_animationSpeed":1.1,"_zoom":8.518},{"_mousePosition":[1141,399],"_rootPartCFrame":[773.454,222.698,47.142,0.001,0,1,0,1,0,-1,0,0.001],"_humanoidState":8,"_cameraCFrame":[773.454,231.795,43.29,-1,0,0,0,0.452,0.892,0,0.892,-0.452],"_shiftlockState":false,"_pose":"Running","_animationQueue":[],"_animationSpeed":1.1,"_zoom":8.518},{"_mousePosition":[1117,408],"_rootPartCFrame":[773.187,222.699,47.142,0.001,0,1,0,1,0,-1,0,0.001],"_humanoidState":8,"_cameraCFrame":[773.187,231.796,43.29,-1,0,0,0,0.452,0.892,0,0.892,-0.452],"_shiftlockState":false,"_pose":"Running","_animationQueue":[["walk",0.1]],"_animationSpeed":1.1,"_zoom":8.518},{"_mousePosition":[1093,415],"_rootPartCFrame":[772.787,222.699,47.142,0.001,0,1,0,1,0,-1,0,0.001],"_humanoidState":8,"_cameraCFrame":[772.787,231.797,43.29,-1,0,0,0,0.452,0.892,0,0.892,-0.452],"_shiftlockState":false,"_pose":"Running","_animationQueue":[],"_animationSpeed":1.1,"_zoom":8.518},{"_mousePosition":[1068,421],"_rootPartCFrame":[772.654,222.699,47.142,0.001,0,1,0,1,0,-1,0,0.001],"_humanoidState":8,"_cameraCFrame":[770.904,231.797,43.29,-1,0,0,0,0.452,0.892,0,0.892,-0.452],"_shiftlockState":true,"_pose":"Running","_animationQueue":[],"_animationSpeed":1.1,"_zoom":8.518},{"_mousePosition":[683,384],"_rootPartCFrame":[772.254,222.7,47.142,-0.989,0,-0.146,0,1,0,0.146,0,-0.989],"_humanoidState":8,"_cameraCFrame":[770.504,231.797,43.29,-1,0,0,0,0.452,0.892,0,0.892,-0.452],"_shiftlockState":true,"_pose":"Running","_animationQueue":[],"_animationSpeed":1.1,"_zoom":8.518},{"_mousePosition":[683,384],"_rootPartCFrame":[772.054,222.7,47.142,-1,0,-0.025,0,1,0,0.025,0,-1],"_humanoidState":8,"_cameraCFrame":[770.153,231.815,43.399,-0.999,0.036,-0.018,0,0.448,0.894,0.04,0.893,-0.448],"_shiftlockState":true,"_pose":"Running","_animationQueue":[],"_animationSpeed":1.1,"_zoom":8.518},{"_mousePosition":[683,384],"_rootPartCFrame":[771.787,222.7,47.142,-0.999,0,-0.044,0,1,0,0.044,0,-0.999],"_humanoidState":8,"_cameraCFrame":[769.739,231.84,43.529,-0.997,0.072,-0.036,0,0.442,0.897,0.081,0.894,-0.441],"_shiftlockState":true,"_pose":"Running","_animationQueue":[],"_animationSpeed":1.1,"_zoom":8.518},{"_mousePosition":[683,384],"_rootPartCFrame":[771.454,222.7,47.154,-0.997,0,-0.081,0,1,0,0.081,0,-0.997],"_humanoidState":8,"_cameraCFrame":[769.274,231.864,43.672,-0.993,0.107,-0.052,0,0.436,0.9,0.119,0.893,-0.433],"_shiftlockState":true,"_pose":"Running","_animationQueue":[["walk",0.1]],"_animationSpeed":1.1,"_zoom":8.518},{"_mousePosition":[683,384],"_rootPartCFrame":[771.254,222.7,47.168,-0.993,0,-0.119,0,1,0,0.119,0,-0.993],"_humanoidState":8,"_cameraCFrame":[768.938,231.888,43.83,-0.987,0.145,-0.069,0,0.431,0.903,0.161,0.891,-0.425],"_shiftlockState":true,"_pose":"Running","_animationQueue":[],"_animationSpeed":1.1,"_zoom":8.518},{"_mousePosition":[683,384],"_rootPartCFrame":[770.923,222.7,47.206,-0.987,0,-0.161,0,1,0,0.161,0,-0.987],"_humanoidState":8,"_cameraCFrame":[768.514,231.906,43.976,-0.982,0.172,-0.081,0,0.426,0.905,0.19,0.888,-0.418],"_shiftlockState":true,"_pose":"Running","_animationQueue":[],"_animationSpeed":1.1,"_zoom":8.518},{"_mousePosition":[683,384],"_rootPartCFrame":[770.726,222.7,47.237,-0.982,0,-0.19,0,1,0,0.19,0,-0.982],"_humanoidState":8,"_cameraCFrame":[768.231,231.917,44.1,-0.976,0.198,-0.092,0,0.423,0.906,0.218,0.884,-0.413],"_shiftlockState":true,"_pose":"Running","_animationQueue":[],"_animationSpeed":1.1,"_zoom":8.518},{"_mousePosition":[683,384],"_rootPartCFrame":[770.462,223.563,47.279,-0.976,0,-0.218,0,1,0,0.218,0,-0.976],"_humanoidState":3,"_cameraCFrame":[767.911,232.789,44.211,-0.971,0.215,-0.1,0,0.421,0.907,0.238,0.881,-0.409],"_shiftlockState":true,"_pose":"Jumping","_animationQueue":[["walk",0.1],["jump",0.1]],"_animationSpeed":1,"_zoom":8.518},{"_mousePosition":[683,384],"_rootPartCFrame":[770.202,224.371,47.335,-0.989,0,-0.147,0,1,0,0.147,0,-0.989],"_humanoidState":5,"_cameraCFrame":[767.629,233.606,44.306,-0.969,0.223,-0.103,0,0.419,0.908,0.246,0.88,-0.406],"_shiftlockState":true,"_pose":"FreeFall","_animationQueue":[["jump",0.1]],"_animationSpeed":1,"_zoom":8.518},{"_mousePosition":[683,384],"_rootPartCFrame":[769.943,225.125,47.397,-0.993,0,-0.119,0,1,0,0.119,0,-0.993],"_humanoidState":5,"_cameraCFrame":[767.371,234.374,44.405,-0.969,0.225,-0.103,0,0.415,0.91,0.248,0.881,-0.402],"_shiftlockState":true,"_pose":"FreeFall","_animationQueue":[],"_animationSpeed":1,"_zoom":8.518},{"_mousePosition":[683,384],"_rootPartCFrame":[769.684,225.824,47.463,-0.993,0,-0.117,0,1,0,0.117,0,-0.993],"_humanoidState":5,"_cameraCFrame":[767.122,235.085,44.491,-0.969,0.225,-0.102,0,0.412,0.911,0.247,0.883,-0.399],"_shiftlockState":true,"_pose":"FreeFall","_animationQueue":[],"_animationSpeed":1,"_zoom":8.518},{"_mousePosition":[683,384],"_rootPartCFrame":[769.426,226.469,47.528,-0.993,0,-0.116,0,1,0,0.116,0,-0.993],"_humanoidState":5,"_cameraCFrame":[766.898,235.747,44.572,-0.971,0.218,-0.097,0,0.408,0.913,0.239,0.887,-0.396],"_shiftlockState":true,"_pose":"FreeFall","_animationQueue":[],"_animationSpeed":1,"_zoom":8.518},{"_mousePosition":[683,384],"_rootPartCFrame":[769.167,227.059,47.594,-0.994,0,-0.107,0,1,0,0.107,0,-0.994],"_humanoidState":5,"_cameraCFrame":[766.743,236.365,44.624,-0.978,0.191,-0.084,0,0.4,0.916,0.209,0.896,-0.392],"_shiftlockState":true,"_pose":"FreeFall","_animationQueue":[],"_animationSpeed":1,"_zoom":8.518},{"_mousePosition":[683,384],"_rootPartCFrame":[768.908,227.595,47.658,-0.997,0,-0.077,0,1,0,0.077,0,-0.997],"_humanoidState":5,"_cameraCFrame":[766.683,236.941,44.64,-0.989,0.137,-0.058,0,0.389,0.921,0.149,0.911,-0.385],"_shiftlockState":true,"_pose":"FreeFall","_animationQueue":[],"_animationSpeed":1,"_zoom":8.518},{"_mousePosition":[683,384],"_rootPartCFrame":[768.648,228.077,47.715,-1,0,-0.016,0,1,0,0.016,0,-1],"_humanoidState":5,"_cameraCFrame":[766.643,237.46,44.639,-0.997,0.075,-0.031,0,0.379,0.925,0.081,0.922,-0.378],"_shiftlockState":true,"_pose":"FreeFall","_animationQueue":[],"_animationSpeed":1,"_zoom":8.518},{"_mousePosition":[683,384],"_rootPartCFrame":[768.385,228.504,47.757,-0.999,0,0.053,0,1,0,-0.053,0,-0.999],"_humanoidState":5,"_cameraCFrame":[766.566,237.917,44.646,-1,0.02,-0.008,0,0.37,0.929,0.022,0.929,-0.37],"_shiftlockState":true,"_pose":"FreeFall","_animationQueue":[],"_animationSpeed":1,"_zoom":8.518},{"_mousePosition":[683,384],"_rootPartCFrame":[768.119,228.876,47.782,-0.994,0,0.111,0,1,0,-0.111,0,-0.994],"_humanoidState":5,"_cameraCFrame":[766.405,238.322,44.694,-1,-0.011,0.004,0,0.36,0.933,-0.012,0.933,-0.36],"_shiftlockState":true,"_pose":"FreeFall","_animationQueue":[],"_animationSpeed":1,"_zoom":8.518},{"_mousePosition":[683,384],"_rootPartCFrame":[767.853,229.194,47.791,-0.99,0,0.144,0,1,0,-0.144,0,-0.99],"_humanoidState":5,"_cameraCFrame":[766.2,238.674,44.757,-0.999,-0.03,0.011,0,0.35,0.937,-0.032,0.936,-0.349],"_shiftlockState":true,"_pose":"FreeFall","_animationQueue":[],"_animationSpeed":1,"_zoom":8.518},{"_mousePosition":[683,384],"_rootPartCFrame":[767.586,229.457,47.789,-0.986,0,0.165,0,1,0,-0.165,0,-0.986],"_humanoidState":5,"_cameraCFrame":[765.977,238.976,44.833,-0.999,-0.045,0.016,0,0.338,0.941,-0.048,0.94,-0.337],"_shiftlockState":true,"_pose":"FreeFall","_animationQueue":[],"_animationSpeed":1,"_zoom":8.518},{"_mousePosition":[683,384],"_rootPartCFrame":[767.32,229.666,47.781,-0.984,0,0.18,0,1,0,-0.18,0,-0.984],"_humanoidState":5,"_cameraCFrame":[765.725,239.207,44.88,-0.999,-0.051,0.018,0,0.33,0.944,-0.054,0.943,-0.329],"_shiftlockState":true,"_pose":"FreeFall","_animationQueue":[],"_animationSpeed":1,"_zoom":8.518},{"_mousePosition":[683,384],"_rootPartCFrame":[767.053,229.821,47.769,-0.982,0,0.187,0,1,0,-0.187,0,-0.982],"_humanoidState":5,"_cameraCFrame":[765.466,239.375,44.902,-0.998,-0.054,0.019,0,0.325,0.946,-0.058,0.944,-0.325],"_shiftlockState":true,"_pose":"FreeFall","_animationQueue":[],"_animationSpeed":1,"_zoom":8.518},{"_mousePosition":[683,384],"_rootPartCFrame":[766.787,229.921,47.755,-0.982,0,0.19,0,1,0,-0.19,0,-0.982],"_humanoidState":5,"_cameraCFrame":[765.198,239.484,44.913,-0.998,-0.054,0.019,0,0.322,0.947,-0.058,0.945,-0.322],"_shiftlockState":true,"_pose":"FreeFall","_animationQueue":[],"_animationSpeed":1,"_zoom":8.518},{"_mousePosition":[683,384],"_rootPartCFrame":[766.521,229.966,47.739,-0.982,0,0.19,0,1,0,-0.19,0,-0.982],"_humanoidState":5,"_cameraCFrame":[764.938,239.545,44.939,-0.998,-0.058,0.019,0,0.317,0.948,-0.061,0.947,-0.316],"_shiftlockState":true,"_pose":"FreeFall","_animationQueue":[],"_animationSpeed":1,"_zoom":8.518},{"_mousePosition":[683,384],"_rootPartCFrame":[766.255,229.957,47.724,-0.981,0,0.193,0,1,0,-0.193,0,-0.981],"_humanoidState":5,"_cameraCFrame":[764.696,239.559,44.978,-0.997,-0.068,0.022,0,0.309,0.951,-0.071,0.949,-0.308],"_shiftlockState":true,"_pose":"FreeFall","_animationQueue":[["fall",0.3]],"_animationSpeed":1,"_zoom":8.518},{"_mousePosition":[683,384],"_rootPartCFrame":[765.988,229.893,47.708,-0.979,0,0.203,0,1,0,-0.203,0,-0.979],"_humanoidState":5,"_cameraCFrame":[764.482,239.525,45.02,-0.996,-0.089,0.028,0,0.298,0.955,-0.093,0.951,-0.296],"_shiftlockState":true,"_pose":"FreeFall","_animationQueue":[],"_animationSpeed":1,"_zoom":8.518},{"_mousePosition":[683,384],"_rootPartCFrame":[765.722,229.775,47.689,-0.974,0,0.225,0,1,0,-0.225,0,-0.974],"_humanoidState":5,"_cameraCFrame":[764.302,239.431,45.028,-0.992,-0.123,0.037,0,0.288,0.957,-0.128,0.95,-0.286],"_shiftlockState":true,"_pose":"FreeFall","_animationQueue":[],"_animationSpeed":1,"_zoom":8.518},{"_mousePosition":[683,384],"_rootPartCFrame":[765.39,229.551,47.659,-0.957,0,0.291,0,1,0,-0.291,0,-0.957],"_humanoidState":5,"_cameraCFrame":[764.049,239.222,45.005,-0.987,-0.154,0.045,0,0.282,0.959,-0.161,0.947,-0.279],"_shiftlockState":true,"_pose":"FreeFall","_animationQueue":[],"_animationSpeed":1,"_zoom":8.518},{"_mousePosition":[683,384],"_rootPartCFrame":[765.192,229.375,47.635,-0.966,0,0.258,0,1,0,-0.258,0,-0.966],"_humanoidState":5,"_cameraCFrame":[763.927,239.058,44.978,-0.981,-0.184,0.053,0,0.278,0.961,-0.191,0.943,-0.273],"_shiftlockState":true,"_pose":"FreeFall","_animationQueue":[],"_animationSpeed":1,"_zoom":8.518},{"_mousePosition":[683,384],"_rootPartCFrame":[764.928,229.094,47.593,-0.947,0,0.32,0,1,0,-0.32,0,-0.947],"_humanoidState":5,"_cameraCFrame":[763.717,238.784,44.936,-0.977,-0.205,0.058,0,0.275,0.962,-0.213,0.939,-0.268],"_shiftlockState":true,"_pose":"FreeFall","_animationQueue":[],"_animationSpeed":1,"_zoom":8.518},{"_mousePosition":[683,384],"_rootPartCFrame":[764.667,228.758,47.544,-0.94,0,0.341,0,1,0,-0.341,0,-0.94],"_humanoidState":5,"_cameraCFrame":[763.48,238.452,44.886,-0.975,-0.215,0.061,0,0.273,0.962,-0.223,0.938,-0.266],"_shiftlockState":true,"_pose":"FreeFall","_animationQueue":[],"_animationSpeed":1,"_zoom":8.518},{"_mousePosition":[683,384],"_rootPartCFrame":[764.406,228.367,47.488,-0.936,0,0.351,0,1,0,-0.351,0,-0.936],"_humanoidState":5,"_cameraCFrame":[763.22,238.063,44.835,-0.975,-0.216,0.061,0,0.272,0.962,-0.224,0.938,-0.265],"_shiftlockState":true,"_pose":"FreeFall","_animationQueue":[["fall",0.3]],"_animationSpeed":1,"_zoom":8.518},{"_mousePosition":[683,384],"_rootPartCFrame":[764.146,227.922,47.429,-0.936,0,0.352,0,1,0,-0.352,0,-0.936],"_humanoidState":5,"_cameraCFrame":[762.963,237.618,44.775,-0.974,-0.217,0.061,0,0.272,0.962,-0.225,0.937,-0.265],"_shiftlockState":true,"_pose":"FreeFall","_animationQueue":[],"_animationSpeed":1,"_zoom":8.518},{"_mousePosition":[683,384],"_rootPartCFrame":[763.886,227.422,47.369,-0.936,0,0.353,0,1,0,-0.353,0,-0.936],"_humanoidState":5,"_cameraCFrame":[762.703,237.119,44.715,-0.974,-0.217,0.061,0,0.272,0.962,-0.225,0.937,-0.265],"_shiftlockState":true,"_pose":"FreeFall","_animationQueue":[],"_animationSpeed":1,"_zoom":8.518},{"_mousePosition":[683,384],"_rootPartCFrame":[763.561,226.721,47.294,-0.923,0,0.384,0,1,0,-0.384,0,-0.923],"_humanoidState":5,"_cameraCFrame":[762.379,236.418,44.64,-0.974,-0.217,0.061,0,0.272,0.962,-0.225,0.937,-0.265],"_shiftlockState":true,"_pose":"FreeFall","_animationQueue":[],"_animationSpeed":1,"_zoom":8.518},{"_mousePosition":[683,384],"_rootPartCFrame":[763.366,226.26,47.249,-0.947,0,0.321,0,1,0,-0.321,0,-0.947],"_humanoidState":5,"_cameraCFrame":[762.185,235.958,44.6,-0.974,-0.218,0.061,0,0.271,0.962,-0.226,0.937,-0.264],"_shiftlockState":true,"_pose":"FreeFall","_animationQueue":[],"_animationSpeed":1,"_zoom":8.518},{"_mousePosition":[683,384],"_rootPartCFrame":[763.107,225.597,47.189,-0.935,0,0.354,0,1,0,-0.354,0,-0.935],"_humanoidState":5,"_cameraCFrame":[761.925,235.295,44.54,-0.974,-0.218,0.061,0,0.271,0.962,-0.226,0.937,-0.264],"_shiftlockState":true,"_pose":"FreeFall","_animationQueue":[],"_animationSpeed":1,"_zoom":8.518},{"_mousePosition":[683,384],"_rootPartCFrame":[762.847,224.879,47.128,-0.935,0,0.354,0,1,0,-0.354,0,-0.935],"_humanoidState":5,"_cameraCFrame":[761.666,234.577,44.48,-0.974,-0.218,0.061,0,0.271,0.962,-0.226,0.937,-0.264],"_shiftlockState":true,"_pose":"FreeFall","_animationQueue":[],"_animationSpeed":1,"_zoom":8.518},{"_mousePosition":[683,384],"_rootPartCFrame":[762.587,224.107,47.068,-0.935,0,0.354,0,1,0,-0.354,0,-0.935],"_humanoidState":5,"_cameraCFrame":[761.403,233.809,44.432,-0.974,-0.218,0.061,0,0.27,0.963,-0.226,0.938,-0.263],"_shiftlockState":true,"_pose":"FreeFall","_animationQueue":[["fall",0.3]],"_animationSpeed":1,"_zoom":8.518},{"_mousePosition":[683,384],"_rootPartCFrame":[762.327,223.28,47.008,-0.935,0,0.354,0,1,0,-0.354,0,-0.935],"_humanoidState":5,"_cameraCFrame":[761.136,232.988,44.393,-0.974,-0.217,0.06,0,0.268,0.964,-0.225,0.939,-0.261],"_shiftlockState":true,"_pose":"FreeFall","_animationQueue":[],"_animationSpeed":1,"_zoom":8.518},{"_mousePosition":[683,384],"_rootPartCFrame":[762.068,222.506,46.947,-0.966,0,0.259,0,1,0,-0.259,0,-0.966],"_humanoidState":7,"_cameraCFrame":[760.863,232.223,44.367,-0.975,-0.215,0.059,0,0.264,0.965,-0.223,0.94,-0.257],"_shiftlockState":true,"_pose":"FreeFall","_animationQueue":[["walk",0.1],["fall",0.3],["fall",0.3]],"_animationSpeed":1,"_zoom":8.518},{"_mousePosition":[683,384],"_rootPartCFrame":[761.808,222.444,46.887,-0.974,0,0.226,0,1,0,-0.226,0,-0.974],"_humanoidState":7,"_cameraCFrame":[760.587,232.168,44.338,-0.976,-0.212,0.057,0,0.261,0.965,-0.219,0.942,-0.254],"_shiftlockState":true,"_pose":"FreeFall","_animationQueue":[],"_animationSpeed":1,"_zoom":8.518},{"_mousePosition":[683,384],"_rootPartCFrame":[761.548,222.523,46.828,-0.976,0,0.219,0,1,0,-0.219,0,-0.976],"_humanoidState":8,"_cameraCFrame":[760.308,232.257,44.322,-0.977,-0.208,0.055,0,0.256,0.967,-0.215,0.944,-0.25],"_shiftlockState":true,"_pose":"Running","_animationQueue":[["walk",0.1],["fall",0.3],["walk",0.1]],"_animationSpeed":1.103,"_zoom":8.518},{"_mousePosition":[683,384],"_rootPartCFrame":[761.288,222.583,46.769,-0.977,0,0.215,0,1,0,-0.215,0,-0.977],"_humanoidState":8,"_cameraCFrame":[760.034,232.324,44.294,-0.977,-0.205,0.054,0,0.253,0.968,-0.212,0.946,-0.247],"_shiftlockState":true,"_pose":"Running","_animationQueue":[],"_animationSpeed":1.103,"_zoom":8.518},{"_mousePosition":[683,384],"_rootPartCFrame":[761.027,222.618,46.712,-0.977,0,0.212,0,1,0,-0.212,0,-0.977],"_humanoidState":8,"_cameraCFrame":[759.763,232.366,44.265,-0.978,-0.203,0.052,0,0.25,0.968,-0.21,0.947,-0.244],"_shiftlockState":true,"_pose":"Running","_animationQueue":[["walk",0.1]],"_animationSpeed":1.103,"_zoom":8.518},{"_mousePosition":[683,384],"_rootPartCFrame":[760.767,222.637,46.655,-0.978,0,0.21,0,1,0,-0.21,0,-0.978],"_humanoidState":8,"_cameraCFrame":[759.496,232.391,44.229,-0.978,-0.202,0.052,0,0.247,0.969,-0.209,0.948,-0.242],"_shiftlockState":true,"_pose":"Running","_animationQueue":[],"_animationSpeed":1.103,"_zoom":8.518},{"_mousePosition":[683,384],"_rootPartCFrame":[760.506,222.648,46.599,-0.978,0,0.209,0,1,0,-0.209,0,-0.978],"_humanoidState":8,"_cameraCFrame":[759.232,232.404,44.186,-0.978,-0.203,0.051,0,0.246,0.969,-0.209,0.948,-0.24],"_shiftlockState":true,"_pose":"Running","_animationQueue":[],"_animationSpeed":1.103,"_zoom":8.518},{"_mousePosition":[683,384],"_rootPartCFrame":[760.245,222.653,46.543,-0.978,0,0.209,0,1,0,-0.209,0,-0.978],"_humanoidState":8,"_cameraCFrame":[758.971,232.41,44.13,-0.978,-0.203,0.051,0,0.246,0.969,-0.209,0.948,-0.24],"_shiftlockState":true,"_pose":"Running","_animationQueue":[],"_animationSpeed":1.103,"_zoom":8.518},{"_mousePosition":[683,384],"_rootPartCFrame":[759.984,222.656,46.487,-0.978,0,0.209,0,1,0,-0.209,0,-0.978],"_humanoidState":8,"_cameraCFrame":[758.709,232.415,44.081,-0.978,-0.203,0.051,0,0.245,0.97,-0.209,0.948,-0.24],"_shiftlockState":true,"_pose":"Running","_animationQueue":[],"_animationSpeed":1.103,"_zoom":8.518},{"_mousePosition":[683,384],"_rootPartCFrame":[759.724,222.658,46.432,-0.978,0,0.209,0,1,0,-0.209,0,-0.978],"_humanoidState":8,"_cameraCFrame":[758.447,232.418,44.032,-0.978,-0.203,0.051,0,0.244,0.97,-0.209,0.948,-0.239],"_shiftlockState":true,"_pose":"Running","_animationQueue":[],"_animationSpeed":1.103,"_zoom":8.518},{"_mousePosition":[683,384],"_rootPartCFrame":[759.463,222.659,46.376,-0.978,0,0.209,0,1,0,-0.209,0,-0.978],"_humanoidState":8,"_cameraCFrame":[759.893,232.424,44.361,-0.978,-0.203,0.051,0,0.242,0.97,-0.209,0.949,-0.237],"_shiftlockState":false,"_pose":"Running","_animationQueue":[],"_animationSpeed":1.103,"_zoom":8.518},{"_mousePosition":[683,384],"_rootPartCFrame":[759.202,222.659,46.32,-0.921,0,0.389,0,1,0,-0.389,0,-0.921],"_humanoidState":8,"_cameraCFrame":[759.633,232.424,44.306,-0.978,-0.203,0.051,0,0.242,0.97,-0.209,0.949,-0.237],"_shiftlockState":false,"_pose":"Running","_animationQueue":[["walk",0.1]],"_animationSpeed":1.103,"_zoom":8.518},{"_mousePosition":[683,384],"_rootPartCFrame":[758.942,222.659,46.265,-0.833,0,0.553,0,1,0,-0.553,0,-0.833],"_humanoidState":8,"_cameraCFrame":[759.368,232.431,44.276,-0.978,-0.204,0.05,0,0.239,0.971,-0.21,0.949,-0.233],"_shiftlockState":false,"_pose":"Running","_animationQueue":[],"_animationSpeed":1.103,"_zoom":8.518},{"_mousePosition":[683,384],"_rootPartCFrame":[758.55,222.659,46.181,-0.677,0,0.736,0,1,0,-0.736,0,-0.677],"_humanoidState":8,"_cameraCFrame":[758.97,232.439,44.225,-0.978,-0.204,0.049,0,0.235,0.972,-0.21,0.95,-0.23],"_shiftlockState":false,"_pose":"Running","_animationQueue":[],"_animationSpeed":1.103,"_zoom":8.518},{"_mousePosition":[683,384],"_rootPartCFrame":[758.42,222.659,46.153,-0.627,0,0.779,0,1,0,-0.779,0,-0.627],"_humanoidState":8,"_cameraCFrame":[758.826,232.45,44.242,-0.978,-0.202,0.048,0,0.229,0.973,-0.208,0.952,-0.224],"_shiftlockState":false,"_pose":"Running","_animationQueue":[],"_animationSpeed":1.103,"_zoom":8.518},{"_mousePosition":[683,384],"_rootPartCFrame":[758.159,222.66,46.097,-0.529,0,0.849,0,1,0,-0.849,0,-0.529],"_humanoidState":8,"_cameraCFrame":[758.548,232.461,44.231,-0.979,-0.199,0.046,0,0.224,0.975,-0.204,0.954,-0.219],"_shiftlockState":false,"_pose":"Running","_animationQueue":[],"_animationSpeed":1.103,"_zoom":8.518},{"_mousePosition":[683,384],"_rootPartCFrame":[757.899,223.533,46.041,-0.425,0,0.905,0,1,0,-0.905,0,-0.425],"_humanoidState":3,"_cameraCFrame":[758.271,233.344,44.212,-0.98,-0.195,0.044,0,0.219,0.976,-0.2,0.956,-0.215],"_shiftlockState":false,"_pose":"Jumping","_animationQueue":[["walk",0.1],["jump",0.1]],"_animationSpeed":1,"_zoom":8.518},{"_mousePosition":[683,384],"_rootPartCFrame":[757.572,224.552,45.973,-0.315,0,0.949,0,1,0,-0.949,0,-0.315],"_humanoidState":5,"_cameraCFrame":[757.93,234.369,44.169,-0.981,-0.19,0.042,0,0.216,0.976,-0.195,0.958,-0.212],"_shiftlockState":false,"_pose":"FreeFall","_animationQueue":[["jump",0.1]],"_animationSpeed":1,"_zoom":8.518},{"_mousePosition":[683,384],"_rootPartCFrame":[757.376,225.122,45.933,-0.26,0,0.966,0,1,0,-0.966,0,-0.26],"_humanoidState":5,"_cameraCFrame":[757.721,234.944,44.146,-0.982,-0.185,0.04,0,0.214,0.977,-0.189,0.959,-0.21],"_shiftlockState":false,"_pose":"FreeFall","_animationQueue":[],"_animationSpeed":1,"_zoom":8.518},{"_mousePosition":[683,384],"_rootPartCFrame":[757.115,225.835,45.881,-0.197,0,0.98,0,1,0,-0.98,0,-0.197],"_humanoidState":5,"_cameraCFrame":[757.448,235.66,44.106,-0.983,-0.18,0.039,0,0.212,0.977,-0.184,0.961,-0.208],"_shiftlockState":false,"_pose":"FreeFall","_animationQueue":[],"_animationSpeed":1,"_zoom":8.518},{"_mousePosition":[683,384],"_rootPartCFrame":[756.853,226.494,45.83,-0.143,0,0.99,0,1,0,-0.99,0,-0.143],"_humanoidState":5,"_cameraCFrame":[757.166,236.322,44.072,-0.985,-0.171,0.037,0,0.21,0.978,-0.175,0.963,-0.206],"_shiftlockState":false,"_pose":"FreeFall","_animationQueue":[],"_animationSpeed":1,"_zoom":8.518},{"_mousePosition":[683,384],"_rootPartCFrame":[756.591,227.098,45.781,-0.096,0,0.995,0,1,0,-0.995,0,-0.096],"_humanoidState":5,"_cameraCFrame":[756.882,236.928,44.026,-0.987,-0.16,0.034,0,0.209,0.978,-0.164,0.965,-0.206],"_shiftlockState":false,"_pose":"FreeFall","_animationQueue":[],"_animationSpeed":1,"_zoom":8.518},{"_mousePosition":[683,384],"_rootPartCFrame":[756.329,227.647,45.734,-0.058,0,0.998,0,1,0,-0.998,0,-0.058],"_humanoidState":5,"_cameraCFrame":[756.595,237.479,43.981,-0.989,-0.147,0.031,0,0.208,0.978,-0.15,0.967,-0.206],"_shiftlockState":false,"_pose":"FreeFall","_animationQueue":[],"_animationSpeed":1,"_zoom":8.518},{"_mousePosition":[683,384],"_rootPartCFrame":[756.066,228.142,45.689,-0.026,0,1,0,1,0,-1,0,-0.026],"_humanoidState":5,"_cameraCFrame":[756.307,237.975,43.94,-0.991,-0.134,0.028,0,0.207,0.978,-0.137,0.969,-0.205],"_shiftlockState":false,"_pose":"FreeFall","_animationQueue":[],"_animationSpeed":1,"_zoom":8.518},{"_mousePosition":[683,384],"_rootPartCFrame":[755.802,228.583,45.649,0,0,1,0,1,0,-1,0,0],"_humanoidState":5,"_cameraCFrame":[756.023,238.416,43.897,-0.992,-0.123,0.026,0,0.207,0.978,-0.125,0.971,-0.206],"_shiftlockState":false,"_pose":"FreeFall","_animationQueue":[],"_animationSpeed":1,"_zoom":8.518},{"_mousePosition":[683,384],"_rootPartCFrame":[755.538,228.969,45.612,0.02,0,1,0,1,0,-1,0,0.02],"_humanoidState":5,"_cameraCFrame":[755.746,238.803,43.865,-0.993,-0.116,0.024,0,0.206,0.978,-0.118,0.972,-0.205],"_shiftlockState":false,"_pose":"FreeFall","_animationQueue":[],"_animationSpeed":1,"_zoom":8.518},{"_mousePosition":[683,384],"_rootPartCFrame":[755.274,229.3,45.578,0.036,0,0.999,0,1,0,-0.999,0,0.036],"_humanoidState":5,"_cameraCFrame":[755.479,239.135,43.831,-0.993,-0.114,0.024,0,0.206,0.978,-0.117,0.972,-0.205],"_shiftlockState":false,"_pose":"FreeFall","_animationQueue":[],"_animationSpeed":1,"_zoom":8.518},{"_mousePosition":[683,384],"_rootPartCFrame":[755.009,229.577,45.546,0.048,0,0.999,0,1,0,-0.999,0,0.048],"_humanoidState":5,"_cameraCFrame":[755.215,239.412,43.799,-0.993,-0.114,0.024,0,0.206,0.978,-0.117,0.972,-0.205],"_shiftlockState":false,"_pose":"FreeFall","_animationQueue":[],"_animationSpeed":1,"_zoom":8.518},{"_mousePosition":[683,384],"_rootPartCFrame":[754.744,229.8,45.515,0.058,0,0.998,0,1,0,-0.998,0,0.058],"_humanoidState":5,"_cameraCFrame":[754.95,239.634,43.768,-0.993,-0.114,0.024,0,0.206,0.978,-0.117,0.972,-0.205],"_shiftlockState":false,"_pose":"FreeFall","_animationQueue":[],"_animationSpeed":1,"_zoom":8.518},{"_mousePosition":[683,384],"_rootPartCFrame":[754.53,229.955,45.48,0.014,-0.005,1,0.006,1,0.004,-1,0.006,0.014],"_humanoidState":5,"_cameraCFrame":[754.729,239.789,43.742,-0.993,-0.114,0.024,0,0.206,0.978,-0.117,0.972,-0.205],"_shiftlockState":false,"_pose":"FreeFall","_animationQueue":[],"_animationSpeed":1,"_zoom":8.518},{"_mousePosition":[683,384],"_rootPartCFrame":[754.517,230.122,45.441,-0.021,-0.009,1,0.004,1,0.009,-1,0.004,-0.021],"_humanoidState":12,"_cameraCFrame":[754.71,239.957,43.701,-0.993,-0.114,0.024,0,0.206,0.978,-0.117,0.972,-0.205],"_shiftlockState":false,"_pose":"Climbing","_animationQueue":[["walk",0.1],["climb",0.1]],"_animationSpeed":0.476,"_zoom":8.518},{"_mousePosition":[683,384],"_rootPartCFrame":[754.525,230.308,45.433,-0.016,-0.003,1,-0.001,1,0.003,-1,-0.001,-0.016],"_humanoidState":12,"_cameraCFrame":[754.726,240.142,43.685,-0.993,-0.114,0.024,0,0.206,0.978,-0.117,0.972,-0.205],"_shiftlockState":false,"_pose":"Climbing","_animationQueue":[["climb",0.1]],"_animationSpeed":0.892,"_zoom":8.518},{"_mousePosition":[683,384],"_rootPartCFrame":[754.525,230.494,45.433,-0.016,0,1,-0.001,1,0,-1,-0.001,-0.016],"_humanoidState":12,"_cameraCFrame":[754.737,240.33,43.692,-0.993,-0.119,0.025,0,0.206,0.979,-0.121,0.971,-0.204],"_shiftlockState":false,"_pose":"Climbing","_animationQueue":[],"_animationSpeed":0.892,"_zoom":8.518},{"_mousePosition":[683,384],"_rootPartCFrame":[754.524,230.681,45.433,-0.016,0,1,0,1,0,-1,0,-0.016],"_humanoidState":12,"_cameraCFrame":[754.745,240.52,43.708,-0.992,-0.124,0.026,0,0.204,0.979,-0.126,0.971,-0.202],"_shiftlockState":false,"_pose":"Climbing","_animationQueue":[],"_animationSpeed":0.892,"_zoom":8.518},{"_mousePosition":[683,384],"_rootPartCFrame":[754.524,230.868,45.433,-0.016,0,1,0,1,0,-1,0,-0.016],"_humanoidState":12,"_cameraCFrame":[753.012,240.709,43.495,-0.992,-0.127,0.026,0,0.203,0.979,-0.129,0.971,-0.201],"_shiftlockState":true,"_pose":"Climbing","_animationQueue":[],"_animationSpeed":0.892,"_zoom":8.518},{"_mousePosition":[683,384],"_rootPartCFrame":[754.384,231.471,45.415,-0.998,0,0.059,0,1,0,-0.059,0,-0.998],"_humanoidState":8,"_cameraCFrame":[752.872,241.312,43.477,-0.992,-0.127,0.026,0,0.203,0.979,-0.129,0.971,-0.201],"_shiftlockState":true,"_pose":"Standing","_animationQueue":[["climb",0.1],["idle",0.1],["idle",0.1]],"_animationSpeed":1,"_zoom":8.518},{"_mousePosition":[683,384],"_rootPartCFrame":[754.128,231.986,45.381,-0.995,0,0.102,0,1,0,-0.102,0,-0.995],"_humanoidState":8,"_cameraCFrame":[752.619,241.83,43.454,-0.991,-0.129,0.026,0,0.201,0.98,-0.132,0.971,-0.199],"_shiftlockState":true,"_pose":"Running","_animationQueue":[["walk",0.1]],"_animationSpeed":0.852,"_zoom":8.518},{"_mousePosition":[683,384],"_rootPartCFrame":[753.864,232.289,45.347,-0.991,0,0.133,0,1,0,-0.133,0,-0.991],"_humanoidState":8,"_cameraCFrame":[752.35,242.135,43.433,-0.991,-0.128,0.026,0,0.2,0.98,-0.13,0.972,-0.198],"_shiftlockState":true,"_pose":"Running","_animationQueue":[["walk",0.1]],"_animationSpeed":1.098,"_zoom":8.518},{"_mousePosition":[683,384],"_rootPartCFrame":[753.6,232.456,45.312,-0.992,0,0.13,0,1,0,-0.13,0,-0.992],"_humanoidState":8,"_cameraCFrame":[752.095,242.304,43.397,-0.991,-0.133,0.027,0,0.199,0.98,-0.135,0.971,-0.197],"_shiftlockState":true,"_pose":"Running","_animationQueue":[],"_animationSpeed":1.098,"_zoom":8.518},{"_mousePosition":[683,384],"_rootPartCFrame":[753.335,232.55,45.278,-0.991,0,0.135,0,1,0,-0.135,0,-0.991],"_humanoidState":8,"_cameraCFrame":[751.851,242.403,43.37,-0.989,-0.145,0.029,0,0.196,0.981,-0.148,0.97,-0.194],"_shiftlockState":true,"_pose":"Running","_animationQueue":[],"_animationSpeed":1.098,"_zoom":8.518},{"_mousePosition":[683,384],"_rootPartCFrame":[753.071,232.6,45.242,-0.989,0,0.148,0,1,0,-0.148,0,-0.989],"_humanoidState":8,"_cameraCFrame":[751.616,242.457,43.33,-0.986,-0.161,0.032,0,0.193,0.981,-0.164,0.968,-0.191],"_shiftlockState":true,"_pose":"Running","_animationQueue":[],"_animationSpeed":1.098,"_zoom":8.518},{"_mousePosition":[683,384],"_rootPartCFrame":[752.807,232.627,45.203,-0.986,0,0.164,0,1,0,-0.164,0,-0.986],"_humanoidState":8,"_cameraCFrame":[751.398,242.487,43.268,-0.982,-0.186,0.036,0,0.192,0.981,-0.189,0.964,-0.188],"_shiftlockState":true,"_pose":"Running","_animationQueue":[],"_animationSpeed":1.098,"_zoom":8.518},{"_mousePosition":[683,384],"_rootPartCFrame":[752.544,232.642,45.16,-0.982,0,0.189,0,1,0,-0.189,0,-0.982],"_humanoidState":8,"_cameraCFrame":[751.196,242.506,43.198,-0.975,-0.218,0.042,0,0.189,0.982,-0.222,0.957,-0.185],"_shiftlockState":true,"_pose":"Running","_animationQueue":[],"_animationSpeed":1.098,"_zoom":8.518},{"_mousePosition":[683,384],"_rootPartCFrame":[752.282,232.65,45.11,-0.975,0,0.222,0,1,0,-0.222,0,-0.975],"_humanoidState":8,"_cameraCFrame":[750.987,242.518,43.13,-0.968,-0.246,0.047,0,0.187,0.982,-0.25,0.951,-0.181],"_shiftlockState":true,"_pose":"Running","_animationQueue":[["walk",0.1]],"_animationSpeed":1.098,"_zoom":8.518},{"_mousePosition":[683,384],"_rootPartCFrame":[752.022,232.654,45.052,-0.968,0,0.25,0,1,0,-0.25,0,-0.968],"_humanoidState":8,"_cameraCFrame":[750.788,242.528,43.059,-0.959,-0.28,0.052,0,0.183,0.983,-0.285,0.942,-0.175],"_shiftlockState":true,"_pose":"Running","_animationQueue":[],"_animationSpeed":1.098,"_zoom":8.518},{"_mousePosition":[683,384],"_rootPartCFrame":[751.763,232.624,44.987,-0.959,0,0.285,0,1,0,-0.285,0,-0.959],"_humanoidState":8,"_cameraCFrame":[750.57,242.5,42.98,-0.952,-0.301,0.055,0,0.181,0.983,-0.306,0.936,-0.173],"_shiftlockState":true,"_pose":"Running","_animationQueue":[],"_animationSpeed":1.098,"_zoom":8.518},{"_mousePosition":[683,384],"_rootPartCFrame":[751.507,232.539,44.912,-0.952,0,0.306,0,1,0,-0.306,0,-0.952],"_humanoidState":8,"_cameraCFrame":[750.333,242.416,42.899,-0.949,-0.31,0.057,0,0.181,0.984,-0.316,0.933,-0.171],"_shiftlockState":true,"_pose":"Running","_animationQueue":[],"_animationSpeed":1.098,"_zoom":8.518},{"_mousePosition":[683,384],"_rootPartCFrame":[751.253,232.399,44.831,-0.949,0,0.316,0,1,0,-0.316,0,-0.949],"_humanoidState":8,"_cameraCFrame":[750.085,242.277,42.815,-0.948,-0.313,0.058,0,0.181,0.984,-0.319,0.932,-0.171],"_shiftlockState":true,"_pose":"Running","_animationQueue":[],"_animationSpeed":1.098,"_zoom":8.518},{"_mousePosition":[683,384],"_rootPartCFrame":[751,232.205,44.748,-0.948,0,0.319,0,1,0,-0.319,0,-0.948],"_humanoidState":8,"_cameraCFrame":[749.832,242.083,42.731,-0.948,-0.313,0.058,0,0.181,0.984,-0.319,0.932,-0.171],"_shiftlockState":true,"_pose":"Running","_animationQueue":[],"_animationSpeed":1.098,"_zoom":8.518},{"_mousePosition":[683,384],"_rootPartCFrame":[750.747,231.956,44.663,-0.948,0,0.319,0,1,0,-0.319,0,-0.948],"_humanoidState":8,"_cameraCFrame":[749.579,241.834,42.646,-0.948,-0.313,0.058,0,0.181,0.984,-0.319,0.932,-0.171],"_shiftlockState":true,"_pose":"Running","_animationQueue":[],"_animationSpeed":1.098,"_zoom":8.518},{"_mousePosition":[683,384],"_rootPartCFrame":[750.495,232.829,44.578,-0.948,0,0.319,0,1,0,-0.319,0,-0.948],"_humanoidState":3,"_cameraCFrame":[749.324,242.707,42.563,-0.948,-0.312,0.057,0,0.181,0.984,-0.318,0.933,-0.171],"_shiftlockState":true,"_pose":"Jumping","_animationQueue":[["walk",0.1],["walk",0.1],["jump",0.1]],"_animationSpeed":1,"_zoom":8.518},{"_mousePosition":[683,384],"_rootPartCFrame":[750.242,233.651,44.493,-0.915,0,0.403,0,1,0,-0.403,0,-0.915],"_humanoidState":5,"_cameraCFrame":[749.069,243.529,42.479,-0.949,-0.311,0.057,0,0.181,0.984,-0.317,0.933,-0.171],"_shiftlockState":true,"_pose":"FreeFall","_animationQueue":[["jump",0.1]],"_animationSpeed":1,"_zoom":8.518},{"_mousePosition":[683,384],"_rootPartCFrame":[749.989,234.419,44.408,-0.9,0,0.436,0,1,0,-0.436,0,-0.9],"_humanoidState":5,"_cameraCFrame":[748.812,244.298,42.402,-0.949,-0.311,0.057,0,0.18,0.984,-0.316,0.933,-0.171],"_shiftlockState":true,"_pose":"FreeFall","_animationQueue":[],"_animationSpeed":1,"_zoom":8.518},{"_mousePosition":[683,384],"_rootPartCFrame":[749.736,235.132,44.324,-0.899,0,0.438,0,1,0,-0.438,0,-0.899],"_humanoidState":5,"_cameraCFrame":[748.547,245.013,42.335,-0.95,-0.307,0.056,0,0.178,0.984,-0.312,0.935,-0.169],"_shiftlockState":true,"_pose":"FreeFall","_animationQueue":[],"_animationSpeed":1,"_zoom":8.518},{"_mousePosition":[683,384],"_rootPartCFrame":[749.483,235.79,44.239,-0.9,0,0.435,0,1,0,-0.435,0,-0.9],"_humanoidState":5,"_cameraCFrame":[748.269,245.677,42.287,-0.953,-0.299,0.053,0,0.175,0.985,-0.304,0.938,-0.167],"_shiftlockState":true,"_pose":"FreeFall","_animationQueue":[],"_animationSpeed":1,"_zoom":8.518},{"_mousePosition":[683,384],"_rootPartCFrame":[749.23,236.394,44.156,-0.904,0,0.428,0,1,0,-0.428,0,-0.904],"_humanoidState":5,"_cameraCFrame":[747.977,246.283,42.237,-0.958,-0.282,0.05,0,0.174,0.985,-0.287,0.943,-0.166],"_shiftlockState":true,"_pose":"FreeFall","_animationQueue":[],"_animationSpeed":1,"_zoom":8.518},{"_mousePosition":[683,384],"_rootPartCFrame":[748.976,236.944,44.075,-0.911,0,0.411,0,1,0,-0.411,0,-0.911],"_humanoidState":5,"_cameraCFrame":[747.671,246.832,42.191,-0.965,-0.257,0.045,0,0.174,0.985,-0.261,0.951,-0.168],"_shiftlockState":true,"_pose":"FreeFall","_animationQueue":[],"_animationSpeed":1,"_zoom":8.518},{"_mousePosition":[683,384],"_rootPartCFrame":[748.72,237.439,43.998,-0.922,0,0.386,0,1,0,-0.386,0,-0.922],"_humanoidState":5,"_cameraCFrame":[747.36,247.327,42.154,-0.973,-0.228,0.04,0,0.174,0.985,-0.231,0.958,-0.169],"_shiftlockState":true,"_pose":"FreeFall","_animationQueue":[],"_animationSpeed":1,"_zoom":8.518},{"_mousePosition":[683,384],"_rootPartCFrame":[748.463,237.879,43.927,-0.934,0,0.358,0,1,0,-0.358,0,-0.934],"_humanoidState":5,"_cameraCFrame":[747.055,247.768,42.12,-0.979,-0.202,0.036,0,0.174,0.985,-0.206,0.964,-0.17],"_shiftlockState":true,"_pose":"FreeFall","_animationQueue":[],"_animationSpeed":1,"_zoom":8.518},{"_mousePosition":[683,384],"_rootPartCFrame":[748.204,238.265,43.864,-0.943,0,0.334,0,1,0,-0.334,0,-0.943],"_humanoidState":5,"_cameraCFrame":[746.751,248.154,42.093,-0.984,-0.178,0.031,0,0.174,0.985,-0.181,0.969,-0.171],"_shiftlockState":true,"_pose":"FreeFall","_animationQueue":[],"_animationSpeed":1,"_zoom":8.518},{"_mousePosition":[683,384],"_rootPartCFrame":[747.943,238.597,43.809,-0.951,0,0.31,0,1,0,-0.31,0,-0.951],"_humanoidState":5,"_cameraCFrame":[746.435,248.486,42.084,-0.989,-0.148,0.026,0,0.174,0.985,-0.15,0.974,-0.172],"_shiftlockState":true,"_pose":"FreeFall","_animationQueue":[],"_animationSpeed":1,"_zoom":8.518},{"_mousePosition":[683,384],"_rootPartCFrame":[747.616,238.935,43.747,-0.95,0,0.312,0,1,0,-0.312,0,-0.95],"_humanoidState":5,"_cameraCFrame":[746.073,248.823,42.053,-0.991,-0.128,0.023,0,0.174,0.985,-0.13,0.976,-0.172],"_shiftlockState":true,"_pose":"FreeFall","_animationQueue":[],"_animationSpeed":1,"_zoom":8.518},{"_mousePosition":[683,384],"_rootPartCFrame":[747.418,239.096,43.716,-0.974,0,0.228,0,1,0,-0.228,0,-0.974],"_humanoidState":5,"_cameraCFrame":[745.834,248.985,42.061,-0.994,-0.104,0.018,0,0.174,0.985,-0.105,0.979,-0.173],"_shiftlockState":true,"_pose":"FreeFall","_animationQueue":[],"_animationSpeed":1,"_zoom":8.518},{"_mousePosition":[683,384],"_rootPartCFrame":[747.154,239.265,43.681,-0.972,0,0.236,0,1,0,-0.236,0,-0.972],"_humanoidState":5,"_cameraCFrame":[745.538,249.153,42.056,-0.996,-0.085,0.015,0,0.174,0.985,-0.086,0.981,-0.173],"_shiftlockState":true,"_pose":"FreeFall","_animationQueue":[],"_animationSpeed":1,"_zoom":8.518},{"_mousePosition":[683,384],"_rootPartCFrame":[746.889,239.378,43.652,-0.976,0,0.218,0,1,0,-0.218,0,-0.976],"_humanoidState":5,"_cameraCFrame":[745.24,249.267,42.061,-0.998,-0.065,0.011,0,0.174,0.985,-0.066,0.983,-0.173],"_shiftlockState":true,"_pose":"FreeFall","_animationQueue":[],"_animationSpeed":1,"_zoom":8.518},{"_mousePosition":[683,384],"_rootPartCFrame":[746.623,239.437,43.628,-0.98,0,0.198,0,1,0,-0.198,0,-0.98],"_humanoidState":5,"_cameraCFrame":[744.925,249.326,42.09,-0.999,-0.034,0.006,0,0.174,0.985,-0.034,0.984,-0.174],"_shiftlockState":true,"_pose":"FreeFall","_animationQueue":[],"_animationSpeed":1,"_zoom":8.518},{"_mousePosition":[683,384],"_rootPartCFrame":[746.357,239.442,43.609,-0.986,0,0.167,0,1,0,-0.167,0,-0.986],"_humanoidState":5,"_cameraCFrame":[744.594,249.33,42.146,-1,0.009,-0.002,0,0.174,0.985,0.009,0.985,-0.174],"_shiftlockState":true,"_pose":"FreeFall","_animationQueue":[],"_animationSpeed":1,"_zoom":8.518},{"_mousePosition":[683,384],"_rootPartCFrame":[746.091,239.392,43.599,-0.992,0,0.124,0,1,0,-0.124,0,-0.992],"_humanoidState":5,"_cameraCFrame":[744.265,249.28,42.214,-0.999,0.052,-0.009,0,0.174,0.985,0.053,0.983,-0.173],"_shiftlockState":true,"_pose":"FreeFall","_animationQueue":[],"_animationSpeed":1,"_zoom":8.518},{"_mousePosition":[683,384],"_rootPartCFrame":[745.824,239.287,43.6,-0.997,0,0.081,0,1,0,-0.081,0,-0.997],"_humanoidState":5,"_cameraCFrame":[743.937,249.176,42.3,-0.995,0.097,-0.017,0,0.174,0.985,0.099,0.98,-0.173],"_shiftlockState":true,"_pose":"FreeFall","_animationQueue":[],"_animationSpeed":1,"_zoom":8.518},{"_mousePosition":[683,384],"_rootPartCFrame":[745.491,239.08,43.615,-0.998,0,0.068,0,1,0,-0.068,0,-0.998],"_humanoidState":5,"_cameraCFrame":[743.544,248.968,42.408,-0.989,0.144,-0.025,0,0.174,0.985,0.146,0.974,-0.172],"_shiftlockState":true,"_pose":"FreeFall","_animationQueue":[],"_animationSpeed":1,"_zoom":8.518},{"_mousePosition":[683,384],"_rootPartCFrame":[745.292,238.915,43.633,-0.999,0,-0.047,0,1,0,0.047,0,-0.999],"_humanoidState":5,"_cameraCFrame":[743.275,248.803,42.547,-0.979,0.203,-0.036,0,0.174,0.985,0.206,0.964,-0.17],"_shiftlockState":true,"_pose":"FreeFall","_animationQueue":[["fall",0.3]],"_animationSpeed":1,"_zoom":8.518},{"_mousePosition":[683,384],"_rootPartCFrame":[745.028,238.647,43.67,-0.997,0,-0.074,0,1,0,0.074,0,-0.997],"_humanoidState":5,"_cameraCFrame":[742.949,248.532,42.676,-0.966,0.255,-0.046,0,0.176,0.984,0.259,0.951,-0.17],"_shiftlockState":true,"_pose":"FreeFall","_animationQueue":[],"_animationSpeed":1,"_zoom":8.518},{"_mousePosition":[683,384],"_rootPartCFrame":[744.767,238.324,43.7