[{"_mousePosition":[1235,374],"_rootPartCFrame":[776.028,222.95,47.142,0,0,1,0,1,0,-1,0,0],"_humanoidState":8,"_cameraCFrame":[778.892,236.472,36.706,-0.964,-0.197,0.177,0,0.669,0.743,-0.265,0.717,-0.645],"_shiftlockState":false,"_pose":"Standing","_animationQueue":[],"_animationSpeed":1,"_zoom":16.175},{"_mousePosition":[1252,387],"_rootPartCFrame":[775.862,222.865,47.097,0.026,0,1,0,1,0,-1,0,0.026],"_humanoidState":8,"_cameraCFrame":[778.726,236.387,36.661,-0.964,-0.197,0.177,0,0.669,0.743,-0.265,0.717,-0.645],"_shiftlockState":false,"_pose":"Standing","_animationQueue":[],"_animationSpeed":1,"_zoom":16.175},{"_mousePosition":[1262,396],"_rootPartCFrame":[775.607,222.719,47.027,0.059,0,0.998,0,1,0,-0.998,0,0.059],"_humanoidState":8,"_cameraCFrame":[778.471,236.241,36.591,-0.964,-0.197,0.177,0,0.669,0.743,-0.265,0.717,-0.645],"_shiftlockState":false,"_pose":"Running","_animationQueue":[["walk",0.1]],"_animationSpeed":1.003,"_zoom":16.175},{"_mousePosition":[1288,413],"_rootPartCFrame":[775.35,222.61,46.956,0.087,0,0.996,0,1,0,-0.996,0,0.087],"_humanoidState":8,"_cameraCFrame":[776.526,236.132,36.057,-0.964,-0.197,0.177,0,0.669,0.743,-0.265,0.717,-0.645],"_shiftlockState":true,"_pose":"Running","_animationQueue":[["walk",0.1]],"_animationSpeed":1.101,"_zoom":16.175},{"_mousePosition":[683,384],"_rootPartCFrame":[774.964,222.651,46.85,-0.99,0,0.14,0,1,0,-0.14,0,-0.99],"_humanoidState":8,"_cameraCFrame":[776.14,236.172,35.951,-0.964,-0.197,0.177,0,0.669,0.743,-0.265,0.717,-0.645],"_shiftlockState":true,"_pose":"Running","_animationQueue":[],"_animationSpeed":1.101,"_zoom":16.175},{"_mousePosition":[683,384],"_rootPartCFrame":[774.771,222.668,46.797,-0.97,0,0.244,0,1,0,-0.244,0,-0.97],"_humanoidState":8,"_cameraCFrame":[776.271,236.345,36.113,-0.955,-0.224,0.196,0,0.658,0.753,-0.298,0.719,-0.628],"_shiftlockState":true,"_pose":"Running","_animationQueue":[],"_animationSpeed":1.101,"_zoom":16.175},{"_mousePosition":[683,384],"_rootPartCFrame":[774.514,222.682,46.727,-0.956,0,0.294,0,1,0,-0.294,0,-0.956],"_humanoidState":8,"_cameraCFrame":[776.423,236.563,36.346,-0.94,-0.261,0.22,0,0.643,0.765,-0.341,0.719,-0.605],"_shiftlockState":true,"_pose":"Running","_animationQueue":[],"_animationSpeed":1.101,"_zoom":16.175},{"_mousePosition":[683,384],"_rootPartCFrame":[774.259,222.69,46.648,-0.94,0,0.341,0,1,0,-0.341,0,-0.94],"_humanoidState":8,"_cameraCFrame":[776.547,236.803,36.63,-0.923,-0.3,0.241,0,0.626,0.78,-0.385,0.72,-0.578],"_shiftlockState":true,"_pose":"Running","_animationQueue":[["walk",0.1]],"_animationSpeed":1.101,"_zoom":16.175},{"_mousePosition":[683,384],"_rootPartCFrame":[774.008,222.695,46.559,-0.923,0,0.385,0,1,0,-0.385,0,-0.923],"_humanoidState":8,"_cameraCFrame":[776.503,237.065,36.924,-0.909,-0.332,0.253,0,0.606,0.796,-0.417,0.723,-0.551],"_shiftlockState":true,"_pose":"Running","_animationQueue":[],"_animationSpeed":1.101,"_zoom":16.175},{"_mousePosition":[683,384],"_rootPartCFrame":[773.761,222.697,46.458,-0.909,0,0.417,0,1,0,-0.417,0,-0.909],"_humanoidState":8,"_cameraCFrame":[776.329,237.269,37.12,-0.9,-0.352,0.256,0,0.589,0.808,-0.435,0.728,-0.53],"_shiftlockState":true,"_pose":"Running","_animationQueue":[],"_animationSpeed":1.101,"_zoom":16.175},{"_mousePosition":[683,384],"_rootPartCFrame":[773.454,223.767,46.33,-0.9,0,0.435,0,1,0,-0.435,0,-0.9],"_humanoidState":3,"_cameraCFrame":[776.044,238.431,37.127,-0.897,-0.36,0.257,0,0.581,0.814,-0.443,0.73,-0.521],"_shiftlockState":true,"_pose":"Jumping","_animationQueue":[["walk",0.1],["jump",0.1]],"_animationSpeed":1,"_zoom":16.175},{"_mousePosition":[683,384],"_rootPartCFrame":[773.273,224.368,46.245,-0.867,0,0.498,0,1,0,-0.498,0,-0.867],"_humanoidState":5,"_cameraCFrame":[775.863,239.032,37.042,-0.897,-0.36,0.257,0,0.581,0.814,-0.443,0.73,-0.521],"_shiftlockState":true,"_pose":"FreeFall","_animationQueue":[["jump",0.1]],"_animationSpeed":1,"_zoom":16.175},{"_mousePosition":[683,384],"_rootPartCFrame":[773.093,224.939,46.157,-0.852,0,0.524,0,1,0,-0.524,0,-0.852],"_humanoidState":5,"_cameraCFrame":[775.683,239.603,36.954,-0.897,-0.36,0.257,0,0.581,0.814,-0.443,0.73,-0.521],"_shiftlockState":true,"_pose":"FreeFall","_animationQueue":[],"_animationSpeed":1,"_zoom":16.175},{"_mousePosition":[683,384],"_rootPartCFrame":[772.854,225.652,46.039,-0.831,0,0.556,0,1,0,-0.556,0,-0.831],"_humanoidState":5,"_cameraCFrame":[775.444,240.316,36.836,-0.897,-0.36,0.257,0,0.581,0.814,-0.443,0.73,-0.521],"_shiftlockState":true,"_pose":"FreeFall","_animationQueue":[],"_animationSpeed":1,"_zoom":16.175},{"_mousePosition":[683,384],"_rootPartCFrame":[772.555,226.466,45.891,-0.811,0,0.585,0,1,0,-0.585,0,-0.811],"_humanoidState":5,"_cameraCFrame":[775.145,241.13,36.689,-0.897,-0.36,0.257,0,0.581,0.814,-0.443,0.73,-0.521],"_shiftlockState":true,"_pose":"FreeFall","_animationQueue":[],"_animationSpeed":1,"_zoom":16.175},{"_mousePosition":[683,384],"_rootPartCFrame":[772.376,226.914,45.803,-0.848,0,0.53,0,1,0,-0.53,0,-0.848],"_humanoidState":5,"_cameraCFrame":[774.966,241.578,36.6,-0.897,-0.36,0.257,0,0.581,0.814,-0.443,0.73,-0.521],"_shiftlockState":true,"_pose":"FreeFall","_animationQueue":[],"_animationSpeed":1,"_zoom":16.175},{"_mousePosition":[683,384],"_rootPartCFrame":[772.077,227.593,45.655,-0.811,0,0.585,0,1,0,-0.585,0,-0.811],"_humanoidState":5,"_cameraCFrame":[774.667,242.257,36.453,-0.897,-0.36,0.257,0,0.581,0.814,-0.443,0.73,-0.521],"_shiftlockState":true,"_pose":"FreeFall","_animationQueue":[],"_animationSpeed":1,"_zoom":16.175},{"_mousePosition":[683,384],"_rootPartCFrame":[771.838,228.074,45.537,-0.83,0,0.558,0,1,0,-0.558,0,-0.83],"_humanoidState":5,"_cameraCFrame":[774.428,242.738,36.335,-0.897,-0.36,0.257,0,0.581,0.814,-0.443,0.73,-0.521],"_shiftlockState":true,"_pose":"FreeFall","_animationQueue":[],"_animationSpeed":1,"_zoom":16.175},{"_mousePosition":[683,384],"_rootPartCFrame":[771.599,228.501,45.419,-0.83,0,0.558,0,1,0,-0.558,0,-0.83],"_humanoidState":5,"_cameraCFrame":[774.189,243.165,36.216,-0.897,-0.36,0.257,0,0.581,0.814,-0.443,0.73,-0.521],"_shiftlockState":true,"_pose":"FreeFall","_animationQueue":[],"_animationSpeed":1,"_zoom":16.175},{"_mousePosition":[683,384],"_rootPartCFrame":[771.36,228.873,45.301,-0.83,0,0.558,0,1,0,-0.558,0,-0.83],"_humanoidState":5,"_cameraCFrame":[773.95,243.537,36.098,-0.897,-0.36,0.257,0,0.581,0.814,-0.443,0.73,-0.521],"_shiftlockState":true,"_pose":"FreeFall","_animationQueue":[],"_animationSpeed":1,"_zoom":16.175},{"_mousePosition":[683,384],"_rootPartCFrame":[771.121,229.191,45.183,-0.83,0,0.558,0,1,0,-0.558,0,-0.83],"_humanoidState":5,"_cameraCFrame":[773.711,243.855,35.98,-0.897,-0.36,0.257,0,0.581,0.814,-0.443,0.73,-0.521],"_shiftlockState":true,"_pose":"FreeFall","_animationQueue":[],"_animationSpeed":1,"_zoom":16.175},{"_mousePosition":[683,384],"_rootPartCFrame":[770.882,229.455,45.065,-0.83,0,0.558,0,1,0,-0.558,0,-0.83],"_humanoidState":5,"_cameraCFrame":[773.453,244.119,35.857,-0.898,-0.359,0.256,0,0.581,0.814,-0.441,0.731,-0.522],"_shiftlockState":true,"_pose":"FreeFall","_animationQueue":[],"_animationSpeed":1,"_zoom":16.175},{"_mousePosition":[683,384],"_rootPartCFrame":[770.643,229.663,44.947,-0.831,0,0.556,0,1,0,-0.556,0,-0.831],"_humanoidState":5,"_cameraCFrame":[772.869,244.065,35.759,-0.912,-0.334,0.24,0,0.584,0.812,-0.411,0.74,-0.533],"_shiftlockState":true,"_pose":"FreeFall","_animationQueue":[],"_animationSpeed":1,"_zoom":12.54},{"_mousePosition":[683,384],"_rootPartCFrame":[770.404,229.818,44.83,-0.849,0,0.529,0,1,0,-0.529,0,-0.849],"_humanoidState":5,"_cameraCFrame":[772.297,243.709,35.876,-0.921,-0.316,0.229,0,0.587,0.81,-0.39,0.745,-0.54],"_shiftlockState":true,"_pose":"FreeFall","_animationQueue":[],"_animationSpeed":1,"_zoom":12.54},{"_mousePosition":[683,384],"_rootPartCFrame":[770.161,229.918,44.719,-0.861,0,0.509,0,1,0,-0.509,0,-0.861],"_humanoidState":5,"_cameraCFrame":[771.855,243.1,36.238,-0.921,-0.316,0.229,0,0.587,0.81,-0.39,0.745,-0.54],"_shiftlockState":true,"_pose":"FreeFall","_animationQueue":[],"_animationSpeed":1,"_zoom":9.632},{"_mousePosition":[683,384],"_rootPartCFrame":[769.916,229.963,44.614,-0.861,0,0.509,0,1,0,-0.509,0,-0.861],"_humanoidState":5,"_cameraCFrame":[771.373,242.309,36.691,-0.921,-0.316,0.229,0,0.587,0.81,-0.39,0.745,-0.54],"_shiftlockState":true,"_pose":"FreeFall","_animationQueue":[],"_animationSpeed":1,"_zoom":9.632},{"_mousePosition":[683,384],"_rootPartCFrame":[769.671,229.954,44.51,-0.861,0,0.509,0,1,0,-0.509,0,-0.861],"_humanoidState":5,"_cameraCFrame":[770.923,241.578,37.069,-0.921,-0.316,0.229,0,0.587,0.81,-0.39,0.745,-0.54],"_shiftlockState":true,"_pose":"FreeFall","_animationQueue":[["fall",0.3]],"_animationSpeed":1,"_zoom":9.632},{"_mousePosition":[683,384],"_rootPartCFrame":[769.425,229.89,44.406,-0.861,0,0.509,0,1,0,-0.509,0,-0.861],"_humanoidState":5,"_cameraCFrame":[770.498,240.881,37.388,-0.921,-0.316,0.229,0,0.587,0.81,-0.39,0.745,-0.54],"_shiftlockState":true,"_pose":"FreeFall","_animationQueue":[],"_animationSpeed":1,"_zoom":9.632},{"_mousePosition":[683,384],"_rootPartCFrame":[769.179,229.772,44.302,-0.861,0,0.509,0,1,0,-0.509,0,-0.861],"_humanoidState":5,"_cameraCFrame":[770.122,240.299,37.593,-0.921,-0.316,0.229,0,0.587,0.81,-0.39,0.745,-0.54],"_shiftlockState":true,"_pose":"FreeFall","_animationQueue":[],"_animationSpeed":1,"_zoom":9.632},{"_mousePosition":[683,384],"_rootPartCFrame":[768.995,229.648,44.224,-0.877,0,0.48,0,1,0,-0.48,0,-0.877],"_humanoidState":5,"_cameraCFrame":[769.828,239.788,37.774,-0.921,-0.316,0.229,0,0.587,0.81,-0.39,0.745,-0.54],"_shiftlockState":true,"_pose":"FreeFall","_animationQueue":[],"_animationSpeed":1,"_zoom":9.632},{"_mousePosition":[683,384],"_rootPartCFrame":[768.688,229.373,44.094,-0.843,0,0.537,0,1,0,-0.537,0,-0.843],"_humanoidState":5,"_cameraCFrame":[769.452,239.283,37.806,-0.921,-0.316,0.229,0,0.586,0.81,-0.39,0.746,-0.54],"_shiftlockState":true,"_pose":"FreeFall","_animationQueue":[],"_animationSpeed":1,"_zoom":9.632},{"_mousePosition":[683,384],"_rootPartCFrame":[768.443,229.091,43.99,-0.861,0,0.509,0,1,0,-0.509,0,-0.861],"_humanoidState":5,"_cameraCFrame":[769.149,238.8,37.837,-0.921,-0.316,0.229,0,0.586,0.81,-0.39,0.746,-0.54],"_shiftlockState":true,"_pose":"FreeFall","_animationQueue":[],"_animationSpeed":1,"_zoom":9.632},{"_mousePosition":[683,384],"_rootPartCFrame":[768.197,228.755,43.886,-0.861,0,0.509,0,1,0,-0.509,0,-0.861],"_humanoidState":5,"_cameraCFrame":[768.898,238.343,37.825,-0.919,-0.32,0.231,0,0.586,0.811,-0.395,0.745,-0.538],"_shiftlockState":true,"_pose":"FreeFall","_animationQueue":[],"_animationSpeed":1,"_zoom":9.632},{"_mousePosition":[683,384],"_rootPartCFrame":[767.951,228.364,43.781,-0.858,0,0.514,0,1,0,-0.514,0,-0.858],"_humanoidState":5,"_cameraCFrame":[768.731,237.881,37.828,-0.911,-0.336,0.241,0,0.582,0.813,-0.413,0.74,-0.53],"_shiftlockState":true,"_pose":"FreeFall","_animationQueue":[["fall",0.3]],"_animationSpeed":1,"_zoom":9.632},{"_mousePosition":[683,384],"_rootPartCFrame":[767.706,227.919,43.676,-0.848,0,0.531,0,1,0,-0.531,0,-0.848],"_humanoidState":5,"_cameraCFrame":[768.633,237.406,37.831,-0.897,-0.36,0.255,0,0.578,0.816,-0.442,0.732,-0.518],"_shiftlockState":true,"_pose":"FreeFall","_animationQueue":[],"_animationSpeed":1,"_zoom":9.632},{"_mousePosition":[683,384],"_rootPartCFrame":[767.463,227.42,43.567,-0.831,0,0.557,0,1,0,-0.557,0,-0.831],"_humanoidState":5,"_cameraCFrame":[768.611,236.907,37.844,-0.876,-0.395,0.275,0,0.572,0.82,-0.482,0.719,-0.501],"_shiftlockState":true,"_pose":"FreeFall","_animationQueue":[],"_animationSpeed":1,"_zoom":9.632},{"_mousePosition":[683,384],"_rootPartCFrame":[767.223,226.866,43.45,-0.805,0,0.594,0,1,0,-0.594,0,-0.805],"_humanoidState":5,"_cameraCFrame":[768.735,236.369,37.897,-0.839,-0.448,0.307,0,0.565,0.825,-0.544,0.692,-0.474],"_shiftlockState":true,"_pose":"FreeFall","_animationQueue":[],"_animationSpeed":1,"_zoom":9.632},{"_mousePosition":[683,384],"_rootPartCFrame":[766.989,226.257,43.323,-0.76,0,0.65,0,1,0,-0.65,0,-0.76],"_humanoidState":5,"_cameraCFrame":[768.958,235.772,37.974,-0.787,-0.511,0.346,0,0.561,0.828,-0.617,0.652,-0.441],"_shiftlockState":true,"_pose":"FreeFall","_animationQueue":[],"_animationSpeed":1,"_zoom":9.632},{"_mousePosition":[683,384],"_rootPartCFrame":[766.763,225.594,43.182,-0.698,0,0.716,0,1,0,-0.716,0,-0.698],"_humanoidState":5,"_cameraCFrame":[769.158,235.127,38.065,-0.73,-0.568,0.38,0,0.556,0.831,-0.684,0.607,-0.406],"_shiftlockState":true,"_pose":"FreeFall","_animationQueue":[],"_animationSpeed":1,"_zoom":9.632},{"_mousePosition":[683,384],"_rootPartCFrame":[766.602,225.061,43.063,-0.658,0,0.753,0,1,0,-0.753,0,-0.658],"_humanoidState":5,"_cameraCFrame":[769.276,234.615,38.142,-0.685,-0.608,0.401,0,0.551,0.834,-0.728,0.572,-0.378],"_shiftlockState":true,"_pose":"FreeFall","_animationQueue":[],"_animationSpeed":1,"_zoom":9.632},{"_mousePosition":[683,384],"_rootPartCFrame":[766.355,224.104,42.84,-0.555,0,0.832,0,1,0,-0.832,0,-0.555],"_humanoidState":5,"_cameraCFrame":[769.084,233.678,37.996,-0.672,-0.62,0.405,0,0.547,0.837,-0.74,0.563,-0.368],"_shiftlockState":true,"_pose":"FreeFall","_animationQueue":[["fall",0.3]],"_animationSpeed":1,"_zoom":9.632},{"_mousePosition":[683,384],"_rootPartCFrame":[766.216,223.489,42.696,-0.648,0,0.762,0,1,0,-0.762,0,-0.648],"_humanoidState":7,"_cameraCFrame":[768.849,233.093,37.858,-0.681,-0.616,0.397,0,0.542,0.841,-0.732,0.572,-0.369],"_shiftlockState":true,"_pose":"FreeFall","_animationQueue":[["walk",0.1],["fall",0.3],["fall",0.3]],"_animationSpeed":1,"_zoom":9.632},{"_mousePosition":[683,384],"_rootPartCFrame":[765.992,223.136,42.45,-0.676,0,0.736,0,1,0,-0.736,0,-0.676],"_humanoidState":7,"_cameraCFrame":[768.321,232.816,37.591,-0.712,-0.596,0.371,0,0.529,0.849,-0.702,0.605,-0.377],"_shiftlockState":true,"_pose":"FreeFall","_animationQueue":[],"_animationSpeed":1,"_zoom":9.632},{"_mousePosition":[683,384],"_rootPartCFrame":[765.81,223.246,42.254,-0.712,0,0.702,0,1,0,-0.702,0,-0.712],"_humanoidState":8,"_cameraCFrame":[767.646,233.038,37.376,-0.763,-0.556,0.329,0,0.509,0.86,-0.646,0.657,-0.389],"_shiftlockState":true,"_pose":"Running","_animationQueue":[["walk",0.1],["fall",0.3],["walk",0.1]],"_animationSpeed":1.103,"_zoom":9.632},{"_mousePosition":[683,384],"_rootPartCFrame":[765.629,224.109,42.059,-0.763,0,0.646,0,1,0,-0.646,0,-0.763],"_humanoidState":3,"_cameraCFrame":[767.064,233.977,37.181,-0.804,-0.517,0.295,0,0.496,0.869,-0.595,0.698,-0.398],"_shiftlockState":true,"_pose":"Jumping","_animationQueue":[["walk",0.1],["jump",0.1]],"_animationSpeed":1,"_zoom":9.632},{"_mousePosition":[683,384],"_rootPartCFrame":[765.432,224.917,41.879,-0.745,0,0.667,0,1,0,-0.667,0,-0.745],"_humanoidState":5,"_cameraCFrame":[766.522,234.838,37.004,-0.838,-0.477,0.265,0,0.486,0.874,-0.546,0.732,-0.407],"_shiftlockState":true,"_pose":"FreeFall","_animationQueue":[["jump",0.1]],"_animationSpeed":1,"_zoom":9.632},{"_mousePosition":[683,384],"_rootPartCFrame":[765.22,225.671,41.718,-0.761,0,0.649,0,1,0,-0.649,0,-0.761],"_humanoidState":5,"_cameraCFrame":[766.012,235.626,36.844,-0.866,-0.439,0.24,0,0.479,0.878,-0.5,0.76,-0.415],"_shiftlockState":true,"_pose":"FreeFall","_animationQueue":[],"_animationSpeed":1,"_zoom":9.632},{"_mousePosition":[683,384],"_rootPartCFrame":[764.998,226.371,41.57,-0.792,0,0.61,0,1,0,-0.61,0,-0.792],"_humanoidState":5,"_cameraCFrame":[765.525,236.347,36.699,-0.89,-0.401,0.216,0,0.475,0.88,-0.456,0.783,-0.423],"_shiftlockState":true,"_pose":"FreeFall","_animationQueue":[],"_animationSpeed":1,"_zoom":9.632},{"_mousePosition":[683,384],"_rootPartCFrame":[764.711,227.168,41.402,-0.802,0,0.597,0,1,0,-0.597,0,-0.802],"_humanoidState":5,"_cameraCFrame":[765.037,237.159,36.539,-0.907,-0.371,0.199,0,0.472,0.881,-0.421,0.8,-0.428],"_shiftlockState":true,"_pose":"FreeFall","_animationQueue":[],"_animationSpeed":1,"_zoom":9.632},{"_mousePosition":[683,384],"_rootPartCFrame":[764.533,227.606,41.309,-0.861,0,0.509,0,1,0,-0.509,0,-0.861],"_humanoidState":5,"_cameraCFrame":[764.668,237.615,36.469,-0.922,-0.342,0.182,0,0.469,0.883,-0.387,0.814,-0.432],"_shiftlockState":true,"_pose":"FreeFall","_animationQueue":[],"_animationSpeed":1,"_zoom":9.632},{"_mousePosition":[683,384],"_rootPartCFrame":[764.292,228.142,41.195,-0.862,0,0.506,0,1,0,-0.506,0,-0.862],"_humanoidState":5,"_cameraCFrame":[764.24,238.172,36.392,-0.935,-0.314,0.164,0,0.464,0.886,-0.354,0.828,-0.434],"_shiftlockState":true,"_pose":"FreeFall","_animationQueue":[],"_animationSpeed":1,"_zoom":9.632},{"_mousePosition":[683,384],"_rootPartCFrame":[764.047,228.623,41.09,-0.88,0,0.475,0,1,0,-0.475,0,-0.88],"_humanoidState":5,"_cameraCFrame":[763.771,238.675,36.334,-0.95,-0.278,0.144,0,0.46,0.888,-0.313,0.843,-0.437],"_shiftlockState":true,"_pose":"FreeFall","_animationQueue":[],"_animationSpeed":1,"_zoom":9.632},{"_mousePosition":[683,384],"_rootPartCFrame":[763.798,229.05,40.995,-0.9,0,0.436,0,1,0,-0.436,0,-0.9],"_humanoidState":5,"_cameraCFrame":[763.345,239.116,36.277,-0.96,-0.248,0.127,0,0.457,0.889,-0.279,0.854,-0.439],"_shiftlockState":true,"_pose":"FreeFall","_animationQueue":[],"_animationSpeed":1,"_zoom":9.632},{"_mousePosition":[683,384],"_rootPartCFrame":[763.545,229.423,40.91,-0.915,0,0.404,0,1,0,-0.404,0,-0.915],"_humanoidState":5,"_cameraCFrame":[762.907,239.496,36.227,-0.97,-0.215,0.11,0,0.456,0.89,-0.241,0.864,-0.442],"_shiftlockState":true,"_pose":"FreeFall","_animationQueue":[],"_animationSpeed":1,"_zoom":9.632},{"_mousePosition":[683,384],"_rootPartCFrame":[763.29,229.74,40.834,-0.93,0,0.368,0,1,0,-0.368,0,-0.93],"_humanoidState":5,"_cameraCFrame":[762.483,239.817,36.183,-0.978,-0.184,0.094,0,0.455,0.89,-0.207,0.871,-0.445],"_shiftlockState":true,"_pose":"FreeFall","_animationQueue":[],"_animationSpeed":1,"_zoom":9.632},{"_mousePosition":[683,384],"_rootPartCFrame":[763.031,230.004,40.768,-0.942,0,0.335,0,1,0,-0.335,0,-0.942],"_humanoidState":5,"_cameraCFrame":[762.079,240.081,36.145,-0.984,-0.157,0.08,0,0.455,0.89,-0.176,0.877,-0.448],"_shiftlockState":true,"_pose":"FreeFall","_animationQueue":[],"_animationSpeed":1,"_zoom":9.632},{"_mousePosition":[683,384],"_rootPartCFrame":[762.771,230.213,40.712,-0.952,0,0.305,0,1,0,-0.305,0,-0.952],"_humanoidState":5,"_cameraCFrame":[761.695,240.282,36.103,-0.989,-0.133,0.068,0,0.457,0.89,-0.149,0.88,-0.451],"_shiftlockState":true,"_pose":"FreeFall","_animationQueue":[],"_animationSpeed":1,"_zoom":9.632},{"_mousePosition":[683,384],"_rootPartCFrame":[762.509,230.367,40.663,-0.96,0,0.279,0,1,0,-0.279,0,-0.96],"_humanoidState":5,"_cameraCFrame":[761.282,240.426,36.073,-0.993,-0.103,0.053,0,0.459,0.889,-0.116,0.883,-0.456],"_shiftlockState":true,"_pose":"FreeFall","_animationQueue":[],"_animationSpeed":1,"_zoom":9.632},{"_mousePosition":[683,384],"_rootPartCFrame":[762.245,230.467,40.623,-0.969,0,0.247,0,1,0,-0.247,0,-0.969],"_humanoidState":5,"_cameraCFrame":[760.886,240.515,36.049,-0.996,-0.077,0.04,0,0.461,0.887,-0.087,0.884,-0.459],"_shiftlockState":true,"_pose":"FreeFall","_animationQueue":[],"_animationSpeed":1,"_zoom":9.632},{"_mousePosition":[683,384],"_rootPartCFrame":[761.98,230.512,40.59,-0.976,0,0.218,0,1,0,-0.218,0,-0.976],"_humanoidState":5,"_cameraCFrame":[760.47,240.546,36.038,-0.999,-0.047,0.025,0,0.464,0.886,-0.053,0.885,-0.463],"_shiftlockState":true,"_pose":"FreeFall","_animationQueue":[["fall",0.3]],"_animationSpeed":1,"_zoom":9.632},{"_mousePosition":[683,384],"_rootPartCFrame":[761.715,230.503,40.566,-0.983,0,0.185,0,1,0,-0.185,0,-0.983],"_humanoidState":5,"_cameraCFrame":[760.049,240.508,36.013,-1,-0.016,0.009,0,0.469,0.883,-0.019,0.883,-0.469],"_shiftlockState":true,"_pose":"FreeFall","_animationQueue":[],"_animationSpeed":1,"_zoom":9.632},{"_mousePosition":[683,384],"_rootPartCFrame":[761.457,230.44,40.567,-1,0,-0.018,0,1,0,0.018,0,-1],"_humanoidState":5,"_cameraCFrame":[759.408,240.368,36.028,-0.998,0.057,-0.031,0,0.484,0.875,0.065,0.873,-0.483],"_shiftlockState":true,"_pose":"FreeFall","_animationQueue":[["fall",0.3]],"_animationSpeed":1,"_zoom":9.632},{"_mousePosition":[683,384],"_rootPartCFrame":[761.333,230.388,40.581,-1,0,-0.009,0,1,0,0.009,0,-1],"_humanoidState":5,"_cameraCFrame":[759.093,240.278,36.062,-0.994,0.092,-0.052,0,0.491,0.871,0.106,0.866,-0.488],"_shiftlockState":true,"_pose":"FreeFall","_animationQueue":[],"_animationSpeed":1,"_zoom":9.632},{"_mousePosition":[683,384],"_rootPartCFrame":[761.097,230.242,40.637,-1,0,0.005,0,1,0,-0.005,0,-1],"_humanoidState":5,"_cameraCFrame":[758.714,240.087,36.105,-0.991,0.117,-0.067,0,0.5,0.866,0.135,0.858,-0.495],"_shiftlockState":true,"_pose":"FreeFall","_animationQueue":[],"_animationSpeed":1,"_zoom":9.632},{"_mousePosition":[683,384],"_rootPartCFrame":[760.876,230.043,40.729,-1,0,-0.026,0,1,0,0.026,0,-1],"_humanoidState":5,"_cameraCFrame":[758.42,239.836,36.144,-0.989,0.128,-0.075,0,0.509,0.861,0.148,0.852,-0.503],"_shiftlockState":true,"_pose":"FreeFall","_animationQueue":[["fall",0.3]],"_animationSpeed":1,"_zoom":9.632},{"_mousePosition":[683,384],"_rootPartCFrame":[760.673,229.788,40.857,-0.989,0,-0.149,0,1,0,0.149,0,-0.989],"_humanoidState":5,"_cameraCFrame":[758.205,239.538,36.2,-0.989,0.127,-0.077,0,0.516,0.857,0.148,0.847,-0.51],"_shiftlockState":true,"_pose":"FreeFall","_animationQueue":[],"_animationSpeed":1,"_zoom":9.632},{"_mousePosition":[683,384],"_rootPartCFrame":[760.488,229.479,41.02,-0.999,0,-0.044,0,1,0,0.044,0,-0.999],"_humanoidState":5,"_cameraCFrame":[758.025,239.229,36.361,-0.989,0.126,-0.076,0,0.516,0.857,0.147,0.847,-0.51],"_shiftlockState":true,"_pose":"FreeFall","_animationQueue":[],"_animationSpeed":1,"_zoom":9.632},{"_mousePosition":[683,384],"_rootPartCFrame":[760.361,229.212,41.166,-0.998,0,-0.069,0,1,0,0.069,0,-0.998],"_humanoidState":5,"_cameraCFrame":[757.913,238.962,36.499,-0.99,0.123,-0.074,0,0.516,0.857,0.144,0.848,-0.511],"_shiftlockState":true,"_pose":"FreeFall","_animationQueue":[],"_animationSpeed":1,"_zoom":9.632},{"_mousePosition":[683,384],"_rootPartCFrame":[760.162,228.698,41.432,-1,0,-0.014,0,1,0,0.014,0,-1],"_humanoidState":5,"_cameraCFrame":[757.86,238.44,36.678,-0.994,0.097,-0.058,0,0.517,0.856,0.113,0.85,-0.514],"_shiftlockState":true,"_pose":"FreeFall","_animationQueue":[],"_animationSpeed":1,"_zoom":9.632},{"_mousePosition":[683,384],"_rootPartCFrame":[760.018,228.793,41.627,-0.997,0,-0.081,0,1,0,0.081,0,-0.997],"_humanoidState":12,"_cameraCFrame":[758.9,238.365,36.203,-0.993,-0.099,0.064,0,0.545,0.838,-0.118,0.832,-0.542],"_shiftlockState":true,"_pose":"Climbing","_animationQueue":[["fall",0.3],["walk",0.1],["fall",0.3],["climb",0.1],["climb",0]],"_animationSpeed":-2.191,"_zoom":9.632},{"_mousePosition":[683,384],"_rootPartCFrame":[759.917,228.966,41.699,-0.999,0.006,0.051,0.006,1,0,-0.051,0,-0.999],"_humanoidState":12,"_cameraCFrame":[761.892,238.365,36.261,-0.793,-0.499,0.348,0,0.572,0.82,-0.609,0.651,-0.454],"_shiftlockState":true,"_pose":"Climbing","_animationQueue":[["climb",0.1]],"_animationSpeed":0.872,"_zoom":9.632},{"_mousePosition":[683,384],"_rootPartCFrame":[759.903,229.152,41.302,-0.81,0.002,0.587,0.002,1,-0.001,-0.587,0,-0.81],"_humanoidState":12,"_cameraCFrame":[764.568,238.48,37.719,-0.346,-0.763,0.547,0,0.583,0.813,-0.938,0.281,-0.201],"_shiftlockState":true,"_pose":"Climbing","_animationQueue":[["climb",0]],"_animationSpeed":0.872,"_zoom":9.632},{"_mousePosition":[683,384],"_rootPartCFrame":[759.877,229.303,41.187,-0.321,0,0.947,0,1,0,-0.947,0,-0.321],"_humanoidState":8,"_cameraCFrame":[764.993,238.808,38.821,-0.117,-0.825,0.552,0,0.556,0.831,-0.993,0.097,-0.065],"_shiftlockState":true,"_pose":"Standing","_animationQueue":[["climb",0.1],["walk",0.1],["idle",0.1]],"_animationSpeed":1,"_zoom":9.632},{"_mousePosition":[683,384],"_rootPartCFrame":[759.815,229.4,41.177,-0.097,0,0.995,0,1,0,-0.995,0,-0.097],"_humanoidState":8,"_cameraCFrame":[763.391,239.485,38.121,-0.32,-0.844,0.43,0,0.453,0.891,-0.947,0.285,-0.145],"_shiftlockState":true,"_pose":"Running","_animationQueue":[["walk",0.1]],"_animationSpeed":0.169,"_zoom":9.632},{"_mousePosition":[683,384],"_rootPartCFrame":[759.723,229.442,41.141,-0.325,0,0.946,0,1,0,-0.946,0,-0.325],"_humanoidState":8,"_cameraCFrame":[761.88,239.818,37.62,-0.551,-0.769,0.324,0,0.388,0.922,-0.835,0.508,-0.214],"_shiftlockState":true,"_pose":"Running","_animationQueue":[["walk",0.1]],"_animationSpeed":0.319,"_zoom":9.632},{"_mousePosition":[683,384],"_rootPartCFrame":[759.621,230.393,41.093,-0.56,0,0.828,0,1,0,-0.828,0,-0.56],"_humanoidState":3,"_cameraCFrame":[761.209,240.797,37.345,-0.664,-0.691,0.285,0,0.382,0.924,-0.748,0.614,-0.253],"_shiftlockState":true,"_pose":"Jumping","_animationQueue":[["walk",0.1],["jump",0.1]],"_animationSpeed":1,"_zoom":9.632},{"_mousePosition":[683,384],"_rootPartCFrame":[759.495,231.29,41.046,-0.6,0,0.8,0,1,0,-0.8,0,-0.6],"_humanoidState":5,"_cameraCFrame":[760.642,241.642,37.025,-0.758,-0.599,0.257,0,0.394,0.919,-0.652,0.697,-0.299],"_shiftlockState":true,"_pose":"FreeFall","_animationQueue":[["jump",0.1]],"_animationSpeed":1,"_zoom":9.632},{"_mousePosition":[683,384],"_rootPartCFrame":[759.329,232.132,41.003,-0.676,0,0.737,0,1,0,-0.737,0,-0.676],"_humanoidState":5,"_cameraCFrame":[760.015,242.341,36.584,-0.849,-0.477,0.226,0,0.427,0.904,-0.528,0.768,-0.363],"_shiftlockState":true,"_pose":"FreeFall","_animationQueue":[],"_animationSpeed":1,"_zoom":9.632},{"_mousePosition":[683,384],"_rootPartCFrame":[759.129,232.92,40.979,-0.778,0,0.629,0,1,0,-0.629,0,-0.778],"_humanoidState":5,"_cameraCFrame":[759.223,242.856,36.013,-0.929,-0.324,0.179,0,0.483,0.876,-0.37,0.814,-0.448],"_shiftlockState":true,"_pose":"FreeFall","_animationQueue":[],"_animationSpeed":1,"_zoom":9.632},{"_mousePosition":[683,384],"_rootPartCFrame":[758.903,233.653,40.984,-0.875,0,0.485,0,1,0,-0.485,0,-0.875],"_humanoidState":5,"_cameraCFrame":[758.401,243.234,35.481,-0.973,-0.192,0.125,0,0.544,0.839,-0.229,0.817,-0.53],"_shiftlockState":true,"_pose":"FreeFall","_animationQueue":[],"_animationSpeed":1,"_zoom":9.632},{"_mousePosition":[683,384],"_rootPartCFrame":[758.666,234.332,41.027,-0.937,0,0.349,0,1,0,-0.349,0,-0.937],"_humanoidState":5,"_cameraCFrame":[757.677,243.582,35.127,-0.991,-0.105,0.077,0,0.594,0.805,-0.13,0.798,-0.589],"_shiftlockState":true,"_pose":"FreeFall","_animationQueue":[],"_animationSpeed":1,"_zoom":9.632},{"_mousePosition":[683,384],"_rootPartCFrame":[758.431,234.956,41.108,-0.969,0,0.248,0,1,0,-0.248,0,-0.969],"_humanoidState":5,"_cameraCFrame":[757.036,243.881,34.882,-0.998,-0.044,0.037,0,0.637,0.771,-0.057,0.77,-0.636],"_shiftlockState":true,"_pose":"FreeFall","_animationQueue":[],"_animationSpeed":1,"_zoom":9.632},{"_mousePosition":[683,384],"_rootPartCFrame":[758.205,235.526,41.229,-0.985,0,0.172,0,1,0,-0.172,0,-0.985],"_humanoidState":5,"_cameraCFrame":[756.528,244.249,34.837,-1,-0.009,0.008,0,0.662,0.75,-0.011,0.75,-0.662],"_shiftlockState":true,"_pose":"FreeFall","_animationQueue":[],"_animationSpeed":1,"_zoom":9.632},{"_mousePosition":[683,384],"_rootPartCFrame":[758.047,235.917,41.343,-0.995,0,0.096,0,1,0,-0.096,0,-0.995],"_humanoidState":5,"_cameraCFrame":[756.221,244.558,34.899,-1,0.009,-0.008,0,0.671,0.741,0.012,0.741,-0.671],"_shiftlockState":true,"_pose":"FreeFall","_animationQueue":[],"_animationSpeed":1,"_zoom":9.632},{"_mousePosition":[683,384],"_rootPartCFrame":[757.803,236.502,41.568,-0.992,0,0.124,0,1,0,-0.124,0,-0.992],"_humanoidState":5,"_cameraCFrame":[755.958,245.137,35.124,-1,0.011,-0.01,0,0.672,0.741,0.015,0.741,-0.672],"_shiftlockState":true,"_pose":"FreeFall","_animationQueue":[],"_animationSpeed":1,"_zoom":9.632},{"_mousePosition":[683,384],"_rootPartCFrame":[757.663,236.812,41.711,-0.998,0,0.065,0,1,0,-0.065,0,-0.998],"_humanoidState":5,"_cameraCFrame":[755.817,245.447,35.266,-1,0.011,-0.01,0,0.672,0.741,0.015,0.741,-0.672],"_shiftlockState":true,"_pose":"FreeFall","_animationQueue":[],"_animationSpeed":1,"_zoom":9.632},{"_mousePosition":[683,384],"_rootPartCFrame":[757.451,237.209,41.708,-1,0.008,0.004,0.008,1,0.003,-0.004,0.003,-1],"_humanoidState":5,"_cameraCFrame":[755.618,245.844,35.268,-1,0.011,-0.01,0,0.672,0.741,0.015,0.741,-0.672],"_shiftlockState":true,"_pose":"FreeFall","_animationQueue":[],"_animationSpeed":1,"_zoom":9.632},{"_mousePosition":[683,384],"_rootPartCFrame":[757.287,237.455,41.69,-0.997,0.004,0.078,0.004,1,0.001,-0.078,0.001,-0.997],"_humanoidState":5,"_cameraCFrame":[755.447,246.09,35.248,-1,0.011,-0.01,0,0.672,0.741,0.015,0.741,-0.672],"_shiftlockState":true,"_pose":"FreeFall","_animationQueue":[],"_animationSpeed":1,"_zoom":9.632},{"_mousePosition":[683,384],"_rootPartCFrame":[757.118,237.646,41.712,-0.996,0.001,0.088,0.001,1,0,-0.088,0,-0.996],"_humanoidState":5,"_cameraCFrame":[755.288,246.281,35.264,-1,0.009,-0.009,0,0.672,0.741,0.013,0.741,-0.672],"_shiftlockState":true,"_pose":"FreeFall","_animationQueue":[],"_animationSpeed":1,"_zoom":9.632},{"_mousePosition":[683,384],"_rootPartCFrame":[756.985,237.75,41.725,-0.99,0,0.142,0.001,1,0.008,-0.142,0.008,-0.99],"_humanoidState":5,"_cameraCFrame":[756.229,246.261,34.946,-0.989,-0.107,0.101,0,0.686,0.728,-0.148,0.72,-0.678],"_shiftlockState":true,"_pose":"FreeFall","_animationQueue":[],"_animationSpeed":1,"_zoom":9.632},{"_mousePosition":[683,384],"_rootPartCFrame":[756.775,237.845,41.611,-0.99,0,0.143,0.001,1,0.01,-0.143,0.01,-0.99],"_humanoidState":5,"_cameraCFrame":[756.349,246.382,34.834,-0.981,-0.143,0.134,0,0.683,0.731,-0.196,0.716,-0.67],"_shiftlockState":true,"_pose":"FreeFall","_animationQueue":[],"_animationSpeed":1,"_zoom":9.632},{"_mousePosition":[683,384],"_rootPartCFrame":[756.638,237.859,41.567,-0.982,0,0.191,0,1,0.003,-0.191,0.003,-0.982],"_humanoidState":5,"_cameraCFrame":[757.042,246.443,34.828,-0.949,-0.233,0.214,0,0.677,0.736,-0.316,0.698,-0.643],"_shiftlockState":true,"_pose":"FreeFall","_animationQueue":[],"_animationSpeed":1,"_zoom":9.632},{"_mousePosition":[683,384],"_rootPartCFrame":[756.513,237.818,41.482,-0.953,0,0.302,0,1,0.001,-0.302,0.001,-0.953],"_humanoidState":5,"_cameraCFrame":[758.11,246.523,35.05,-0.872,-0.365,0.324,0,0.664,0.748,-0.489,0.653,-0.579],"_shiftlockState":true,"_pose":"FreeFall","_animationQueue":[],"_animationSpeed":1,"_zoom":9.632},{"_mousePosition":[683,384],"_rootPartCFrame":[756.391,237.891,41.43,-0.887,-0.009,0.461,-0.018,1,-0.014,-0.461,-0.021,-0.887],"_humanoidState":5,"_cameraCFrame":[759.093,246.748,35.539,-0.759,-0.497,0.42,0,0.645,0.764,-0.651,0.58,-0.49],"_shiftlockState":true,"_pose":"FreeFall","_animationQueue":[["fall",0.3]],"_animationSpeed":1,"_zoom":9.632},{"_mousePosition":[683,384],"_rootPartCFrame":[756.265,238.518,41.514,-0.759,-0.002,0.651,-0.006,1,-0.004,-0.651,-0.007,-0.759],"_humanoidState":7,"_cameraCFrame":[759.888,247.46,36.277,-0.633,-0.598,0.492,0,0.635,0.773,-0.774,0.489,-0.402],"_shiftlockState":true,"_pose":"FreeFall","_animationQueue":[["walk",0.1],["fall",0.3],["fall",0.3]],"_animationSpeed":1,"_zoom":9.632},{"_mousePosition":[683,384],"_rootPartCFrame":[756.098,239.121,41.709,-0.624,0.001,0.781,0.007,1,0.004,-0.781,0.008,-0.624],"_humanoidState":7,"_cameraCFrame":[760.428,248.111,37.139,-0.508,-0.67,0.542,0,0.629,0.778,-0.862,0.395,-0.319],"_shiftlockState":true,"_pose":"FreeFall","_animationQueue":[],"_animationSpeed":1,"_zoom":9.632},{"_mousePosition":[683,384],"_rootPartCFrame":[755.896,239.488,41.88,-0.499,0,0.867,0.003,1,0.002,-0.867,0.004,-0.499],"_humanoidState":8,"_cameraCFrame":[760.726,248.527,37.927,-0.392,-0.72,0.573,0,0.622,0.783,-0.92,0.307,-0.244],"_shiftlockState":true,"_pose":"Running","_animationQueue":[["walk",0.1],["fall",0.3],["walk",0.1]],"_animationSpeed":1.092,"_zoom":9.632},{"_mousePosition":[683,384],"_rootPartCFrame":[755.727,239.677,41.987,-0.386,0,0.923,0,1,0,-0.923,0,-0.386],"_humanoidState":8,"_cameraCFrame":[760.894,248.77,38.596,-0.29,-0.754,0.589,0,0.615,0.788,-0.957,0.228,-0.178],"_shiftlockState":true,"_pose":"Running","_animationQueue":[],"_animationSpeed":1.092,"_zoom":9.632},{"_mousePosition":[683,384],"_rootPartCFrame":[755.484,239.85,42.097,-0.283,0,0.959,-0.001,1,0,-0.959,-0.001,-0.283],"_humanoidState":8,"_cameraCFrame":[760.887,248.98,39.193,-0.202,-0.776,0.598,0,0.61,0.792,-0.979,0.16,-0.123],"_shiftlockState":true,"_pose":"Running","_animationQueue":[],"_animationSpeed":1.092,"_zoom":9.632},{"_mousePosition":[683,384],"_rootPartCFrame":[755.167,240.017,42.197,-0.2,0,0.98,0,1,0,-0.98,0,-0.2],"_humanoidState":8,"_cameraCFrame":[760.719,249.166,39.649,-0.139,-0.786,0.602,0,0.608,0.794,-0.99,0.111,-0.085],"_shiftlockState":true,"_pose":"Running","_animationQueue":[["walk",0.1]],"_animationSpeed":1.092,"_zoom":9.632},{"_mousePosition":[683,384],"_rootPartCFrame":[754.972,240.082,42.241,-0.139,0,0.99,0,1,0,-0.99,0,-0.139],"_humanoidState":8,"_cameraCFrame":[760.608,249.245,39.929,-0.098,-0.792,0.603,0,0.606,0.796,-0.995,0.078,-0.059],"_shiftlockState":true,"_pose":"Running","_animationQueue":[],"_animationSpeed":1.092,"_zoom":9.632},{"_mousePosition":[683,384],"_rootPartCFrame":[754.708,240.109,42.281,-0.098,0,0.995,0,1,0,-0.995,0,-0.098],"_humanoidState":8,"_cameraCFrame":[760.368,249.273,40.028,-0.087,-0.793,0.604,0,0.606,0.796,-0.996,0.069,-0.053],"_shiftlockState":true,"_pose":"Running","_animationQueue":[],"_animationSpeed":1.092,"_zoom":9.632},{"_mousePosition":[683,384],"_rootPartCFrame":[754.376,240.123,42.315,-0.087,0,0.996,0,1,0,-0.996,0,-0.087],"_humanoidState":8,"_cameraCFrame":[760.037,249.286,40.062,-0.087,-0.793,0.604,0,0.606,0.796,-0.996,0.069,-0.053],"_shiftlockState":true,"_pose":"Running","_animationQueue":[],"_animationSpeed":1.092,"_zoom":9.632},{"_mousePosition":[683,384],"_rootPartCFrame":[754.177,240.109,42.333,-0.087,0,0.996,0,1,0,-0.996,0,-0.087],"_humanoidState":8,"_cameraCFrame":[759.816,249.272,40.027,-0.097,-0.792,0.603,0,0.606,0.796,-0.995,0.077,-0.059],"_shiftlockState":true,"_pose":"Running","_animationQueue":[],"_animationSpeed":1.092,"_zoom":9.632},{"_mousePosition":[683,384],"_rootPartCFrame":[753.912,240.043,42.356,-0.097,0,0.995,0,1,0,-0.995,0,-0.097],"_humanoidState":8,"_cameraCFrame":[759.512,249.211,39.974,-0.11,-0.791,0.601,0,0.605,0.796,-0.994,0.088,-0.067],"_shiftlockState":true,"_pose":"Running","_animationQueue":[],"_animationSpeed":1.092,"_zoom":9.632},{"_mousePosition":[683,384],"_rootPartCFrame":[753.58,240.027,42.388,-0.11,0,0.994,0,1,0,-0.994,0,-0.11],"_humanoidState":8,"_cameraCFrame":[759.152,249.199,39.954,-0.12,-0.791,0.6,0,0.605,0.797,-0.993,0.095,-0.072],"_shiftlockState":true,"_pose":"Running","_animationQueue":[],"_animationSpeed":1.092,"_zoom":9.632},{"_mousePosition":[683,384],"_rootPartCFrame":[753.315,239.998,42.417,-0.12,0,0.993,0,1,0,-0.993,0,-0.12],"_humanoidState":8,"_cameraCFrame":[758.867,249.176,39.955,-0.125,-0.791,0.599,0,0.604,0.797,-0.992,0.099,-0.075],"_shiftlockState":true,"_pose":"Running","_animationQueue":[["walk",0.1]],"_animationSpeed":1.092,"_zoom":9.632},{"_mousePosition":[683,384],"_rootPartCFrame":[753.116,239.942,42.441,-0.125,0,0.992,0,1,0,-0.992,0,-0.125],"_humanoidState":8,"_cameraCFrame":[758.669,249.119,39.978,-0.125,-0.791,0.599,0,0.604,0.797,-0.992,0.099,-0.075],"_shiftlockState":true,"_pose":"Running","_animationQueue":[],"_animationSpeed":1.092,"_zoom":9.632},{"_mousePosition":[683,384],"_rootPartCFrame":[752.851,239.924,42.474,-0.125,0,0.992,0,1,0,-0.992,0,-0.125],"_humanoidState":8,"_cameraCFrame":[758.404,249.101,40.011,-0.125,-0.791,0.599,0,0.604,0.797,-0.992,0.099,-0.075],"_shiftlockState":true,"_pose":"Running","_animationQueue":[],"_animationSpeed":1.092,"_zoom":9.632},{"_mousePosition":[683,384],"_rootPartCFrame":[752.587,239.932,42.507,-0.125,0,0.992,0,1,0,-0.992,0,-0.125],"_humanoidState":8,"_cameraCFrame":[758.127,249.119,40.046,-0.125,-0.792,0.598,0,0.603,0.798,-0.992,0.1,-0.075],"_shiftlockState":true,"_pose":"Running","_animationQueue":[],"_animationSpeed":1.092,"_zoom":9.632},{"_mousePosition":[683,384],"_rootPartCFrame":[752.256,241.016,42.549,-0.125,0,0.992,0,1,0,-0.992,0,-0.125],"_humanoidState":3,"_cameraCFrame":[757.77,250.23,40.116,-0.121,-0.795,0.594,0,0.599,0.801,-0.993,0.097,-0.072],"_shiftlockState":true,"_pose":"Jumping","_animationQueue":[["walk",0.1],["jump",0.1]],"_animationSpeed":1,"_zoom":9.632},{"_mousePosition":[683,384],"_rootPartCFrame":[751.991,241.824,42.582,-0.121,0,0.993,0,1,0,-0.993,0,-0.121],"_humanoidState":5,"_cameraCFrame":[757.473,251.076,40.195,-0.113,-0.8,0.59,0,0.594,0.805,-0.994,0.091,-0.067],"_shiftlockState":true,"_pose":"FreeFall","_animationQueue":[["jump",0.1]],"_animationSpeed":1,"_zoom":9.632},{"_mousePosition":[683,384],"_rootPartCFrame":[751.793,242.395,42.606,-0.114,0,0.993,0,1,0,-0.993,0,-0.114],"_humanoidState":5,"_cameraCFrame":[757.242,251.683,40.265,-0.106,-0.804,0.585,0,0.588,0.809,-0.994,0.086,-0.062],"_shiftlockState":true,"_pose":"FreeFall","_animationQueue":[],"_animationSpeed":1,"_zoom":9.632},{"_mousePosition":[683,384],"_rootPartCFrame":[751.528,243.108,42.637,-0.107,0,0.994,0,1,0,-0.994,0,-0.107],"_humanoidState":5,"_cameraCFrame":[756.933,252.446,40.359,-0.096,-0.81,0.579,0,0.581,0.814,-0.995,0.078,-0.056],"_shiftlockState":true,"_pose":"FreeFall","_animationQueue":[],"_animationSpeed":1,"_zoom":9.632},{"_mousePosition":[683,384],"_rootPartCFrame":[751.197,243.922,42.672,-0.097,0,0.995,0,1,0,-0.995,0,-0.097],"_humanoidState":5,"_cameraCFrame":[756.549,253.314,40.458,-0.085,-0.816,0.571,0,0.573,0.819,-0.996,0.07,-0.049],"_shiftlockState":true,"_pose":"FreeFall","_animationQueue":[],"_animationSpeed":1,"_zoom":9.632},{"_mousePosition":[683,384],"_rootPartCFrame":[750.931,244.513,42.698,-0.087,0,0.996,0,1,0,-0.996,0,-0.087],"_humanoidState":5,"_cameraCFrame":[756.213,253.971,40.553,-0.074,-0.824,0.562,0,0.563,0.826,-0.997,0.061,-0.042],"_shiftlockState":true,"_pose":"FreeFall","_animationQueue":[],"_animationSpeed":1,"_zoom":9.632},{"_mousePosition":[683,384],"_rootPartCFrame":[750.732,244.92,42.716,-0.075,0,0.997,0,1,0,-0.997,0,-0.075],"_humanoidState":5,"_cameraCFrame":[755.918,254.456,40.628,-0.064,-0.833,0.55,0,0.551,0.834,-0.998,0.054,-0.035],"_shiftlockState":true,"_pose":"FreeFall","_animationQueue":[],"_animationSpeed":1,"_zoom":9.632},{"_mousePosition":[683,384],"_rootPartCFrame":[750.4,245.53,42.741,-0.066,0,0.998,0,1,0,-0.998,0,-0.066],"_humanoidState":5,"_cameraCFrame":[755.464,255.155,40.699,-0.057,-0.842,0.536,0,0.537,0.844,-0.998,0.048,-0.031],"_shiftlockState":true,"_pose":"FreeFall","_animationQueue":[],"_animationSpeed":1,"_zoom":9.632},{"_mousePosition":[683,384],"_rootPartCFrame":[750.133,245.957,42.758,-0.058,0,0.998,0,1,0,-0.998,0,-0.058],"_humanoidState":5,"_cameraCFrame":[755.007,255.705,40.743,-0.054,-0.855,0.516,0,0.516,0.856,-0.999,0.046,-0.028],"_shiftlockState":true,"_pose":"FreeFall","_animationQueue":[],"_animationSpeed":1,"_zoom":9.632},{"_mousePosition":[683,384],"_rootPartCFrame":[749.934,246.241,42.77,-0.054,0,0.999,0,1,0,-0.999,0,-0.054],"_humanoidState":5,"_cameraCFrame":[754.57,256.13,40.777,-0.052,-0.87,0.491,0,0.491,0.871,-0.999,0.045,-0.025],"_shiftlockState":true,"_pose":"FreeFall","_animationQueue":[],"_animationSpeed":1,"_zoom":9.632},{"_mousePosition":[683,384],"_rootPartCFrame":[749.601,246.647,42.788,-0.052,0,0.999,0,1,0,-0.999,0,-0.052],"_humanoidState":5,"_cameraCFrame":[754.206,256.566,40.851,-0.04,-0.873,0.485,0,0.486,0.874,-0.999,0.035,-0.02],"_shiftlockState":true,"_pose":"FreeFall","_animationQueue":[],"_animationSpeed":1,"_zoom":9.632},{"_mousePosition":[683,384],"_rootPartCFrame":[749.401,246.85,42.799,-0.041,0,0.999,0,1,0,-0.999,0,-0.041],"_humanoidState":5,"_cameraCFrame":[754.016,256.769,40.886,-0.035,-0.874,0.485,0,0.486,0.874,-0.999,0.031,-0.017],"_shiftlockState":true,"_pose":"FreeFall","_animationQueue":[],"_animationSpeed":1,"_zoom":9.632},{"_mousePosition":[683,384],"_rootPartCFrame":[749.135,247.072,42.81,-0.036,0,0.999,0,1,0,-0.999,0,-0.036],"_humanoidState":5,"_cameraCFrame":[753.75,256.991,40.897,-0.035,-0.874,0.485,0,0.486,0.874,-0.999,0.031,-0.017],"_shiftlockState":true,"_pose":"FreeFall","_animationQueue":[],"_animationSpeed":1,"_zoom":9.632},{"_mousePosition":[683,384],"_rootPartCFrame":[748.868,247.24,42.819,-0.035,0,0.999,0,1,0,-0.999,0,-0.035],"_humanoidState":5,"_cameraCFrame":[753.483,257.159,40.