[{"_mousePosition":[1085,353],"_rootPartCFrame":[776.029,222.951,47.142,0,-0.001,1,0,1,0.001,-1,0,0],"_humanoidState":8,"_cameraCFrame":[785.458,232.715,47.267,0.013,-0.659,0.752,0,0.752,0.659,-1,-0.009,0.01],"_shiftlockState":false,"_pose":"Standing","_animationQueue":[],"_animationSpeed":1,"_zoom":12.54},{"_mousePosition":[1067,352],"_rootPartCFrame":[775.857,222.866,47.14,0.001,0,1,0,1,0,-1,0,0.001],"_humanoidState":8,"_cameraCFrame":[785.288,232.63,47.265,0.013,-0.659,0.752,0,0.752,0.659,-1,-0.009,0.01],"_shiftlockState":false,"_pose":"Standing","_animationQueue":[],"_animationSpeed":1,"_zoom":12.54},{"_mousePosition":[1029,349],"_rootPartCFrame":[775.593,222.72,47.136,0.003,0,1,0,1,0,-1,0,0.003],"_humanoidState":8,"_cameraCFrame":[785.023,232.484,47.262,0.013,-0.659,0.752,0,0.752,0.659,-1,-0.009,0.01],"_shiftlockState":false,"_pose":"Running","_animationQueue":[["walk",0.1]],"_animationSpeed":1.003,"_zoom":12.54},{"_mousePosition":[1013,348],"_rootPartCFrame":[775.326,222.611,47.133,0.004,0,1,0,1,0,-1,0,0.004],"_humanoidState":8,"_cameraCFrame":[784.757,232.375,47.258,0.013,-0.659,0.752,0,0.752,0.659,-1,-0.009,0.01],"_shiftlockState":false,"_pose":"Running","_animationQueue":[["walk",0.1]],"_animationSpeed":1.102,"_zoom":12.54},{"_mousePosition":[983,345],"_rootPartCFrame":[775.059,222.636,47.129,0.006,0,1,0,1,0,-1,0,0.006],"_humanoidState":8,"_cameraCFrame":[784.49,232.4,47.255,0.013,-0.659,0.752,0,0.752,0.659,-1,-0.009,0.01],"_shiftlockState":false,"_pose":"Running","_animationQueue":[],"_animationSpeed":1.102,"_zoom":12.54},{"_mousePosition":[969,344],"_rootPartCFrame":[774.793,222.663,47.126,0.007,0,1,0,1,0,-1,0,0.007],"_humanoidState":8,"_cameraCFrame":[784.223,232.427,47.251,0.013,-0.659,0.752,0,0.752,0.659,-1,-0.009,0.01],"_shiftlockState":false,"_pose":"Running","_animationQueue":[["walk",0.1]],"_animationSpeed":1.102,"_zoom":12.54},{"_mousePosition":[952,344],"_rootPartCFrame":[774.526,222.68,47.122,0.007,0,1,0,1,0,-1,0,0.007],"_humanoidState":8,"_cameraCFrame":[783.957,232.444,47.247,0.013,-0.659,0.752,0,0.752,0.659,-1,-0.009,0.01],"_shiftlockState":false,"_pose":"Running","_animationQueue":[],"_animationSpeed":1.102,"_zoom":12.54},{"_mousePosition":[947,344],"_rootPartCFrame":[774.26,222.689,47.118,0.008,0,1,0,1,0,-1,0,0.008],"_humanoidState":8,"_cameraCFrame":[783.69,232.453,47.244,0.013,-0.659,0.752,0,0.752,0.659,-1,-0.009,0.01],"_shiftlockState":false,"_pose":"Running","_animationQueue":[],"_animationSpeed":1.102,"_zoom":12.54},{"_mousePosition":[940,349],"_rootPartCFrame":[773.993,222.694,47.115,0.009,0,1,0,1,0,-1,0,0.009],"_humanoidState":8,"_cameraCFrame":[783.424,232.458,47.24,0.013,-0.659,0.752,0,0.752,0.659,-1,-0.009,0.01],"_shiftlockState":false,"_pose":"Running","_animationQueue":[],"_animationSpeed":1.102,"_zoom":12.54},{"_mousePosition":[934,356],"_rootPartCFrame":[773.726,222.697,47.111,0.01,0,1,0,1,0,-1,0,0.01],"_humanoidState":8,"_cameraCFrame":[783.157,232.461,47.237,0.013,-0.659,0.752,0,0.752,0.659,-1,-0.009,0.01],"_shiftlockState":false,"_pose":"Running","_animationQueue":[],"_animationSpeed":1.102,"_zoom":12.54},{"_mousePosition":[926,373],"_rootPartCFrame":[773.46,222.698,47.108,0.01,0,1,0,1,0,-1,0,0.01],"_humanoidState":8,"_cameraCFrame":[782.89,232.462,47.233,0.013,-0.659,0.752,0,0.752,0.659,-1,-0.009,0.01],"_shiftlockState":false,"_pose":"Running","_animationQueue":[],"_animationSpeed":1.102,"_zoom":12.54},{"_mousePosition":[926,373],"_rootPartCFrame":[773.193,222.699,47.104,0.01,0,1,0,1,0,-1,0,0.01],"_humanoidState":8,"_cameraCFrame":[782.503,232.599,47.199,0.01,-0.67,0.742,0,0.742,0.67,-1,-0.007,0.008],"_shiftlockState":false,"_pose":"Running","_animationQueue":[],"_animationSpeed":1.102,"_zoom":12.54},{"_mousePosition":[926,373],"_rootPartCFrame":[772.927,222.699,47.101,0.011,0,1,0,1,0,-1,0,0.011],"_humanoidState":8,"_cameraCFrame":[782.073,232.778,47.165,0.007,-0.684,0.729,0,0.729,0.684,-1,-0.005,0.005],"_shiftlockState":false,"_pose":"Running","_animationQueue":[],"_animationSpeed":1.102,"_zoom":12.54},{"_mousePosition":[926,373],"_rootPartCFrame":[772.66,222.699,47.098,0.011,0,1,0,1,0,-1,0,0.011],"_humanoidState":8,"_cameraCFrame":[781.56,233.033,47.132,0.004,-0.704,0.71,0,0.71,0.704,-1,-0.003,0.003],"_shiftlockState":false,"_pose":"Running","_animationQueue":[["walk",0.1]],"_animationSpeed":1.102,"_zoom":12.54},{"_mousePosition":[926,373],"_rootPartCFrame":[772.393,222.7,47.096,0.01,0,1,0,1,0,-1,0,0.01],"_humanoidState":8,"_cameraCFrame":[781.004,233.316,47.12,0.003,-0.727,0.687,0,0.687,0.727,-1,-0.002,0.002],"_shiftlockState":false,"_pose":"Running","_animationQueue":[],"_animationSpeed":1.102,"_zoom":12.54},{"_mousePosition":[926,373],"_rootPartCFrame":[772.127,222.7,47.095,0.01,0,1,0,1,0,-1,0,0.01],"_humanoidState":8,"_cameraCFrame":[780.439,233.589,47.11,0.002,-0.749,0.663,0,0.663,0.749,-1,-0.001,0.001],"_shiftlockState":false,"_pose":"Running","_animationQueue":[],"_animationSpeed":1.102,"_zoom":12.54},{"_mousePosition":[926,373],"_rootPartCFrame":[771.86,222.7,47.094,0.009,0,1,0,1,0,-1,0,0.009],"_humanoidState":8,"_cameraCFrame":[779.85,233.865,47.117,0.003,-0.771,0.637,0,0.637,0.771,-1,-0.002,0.002],"_shiftlockState":false,"_pose":"Running","_animationQueue":[],"_animationSpeed":1.102,"_zoom":12.54},{"_mousePosition":[926,373],"_rootPartCFrame":[771.593,222.7,47.094,0.008,0,1,0,1,0,-1,0,0.008],"_humanoidState":8,"_cameraCFrame":[779.323,234.074,47.124,0.004,-0.787,0.616,0,0.616,0.787,-1,-0.003,0.002],"_shiftlockState":false,"_pose":"Running","_animationQueue":[],"_animationSpeed":1.102,"_zoom":12.54},{"_mousePosition":[926,373],"_rootPartCFrame":[771.326,222.7,47.093,0.007,0,1,0,1,0,-1,0,0.007],"_humanoidState":8,"_cameraCFrame":[778.726,234.324,47.122,0.004,-0.807,0.59,0,0.59,0.807,-1,-0.003,0.002],"_shiftlockState":false,"_pose":"Running","_animationQueue":[],"_animationSpeed":1.102,"_zoom":12.54},{"_mousePosition":[926,373],"_rootPartCFrame":[771.06,222.7,47.092,0.007,0,1,0,1,0,-1,0,0.007],"_humanoidState":8,"_cameraCFrame":[778.179,234.523,47.082,-0.001,-0.823,0.568,0,0.568,0.823,-1,0.001,-0.001],"_shiftlockState":false,"_pose":"Running","_animationQueue":[["walk",0.1]],"_animationSpeed":1.102,"_zoom":12.54},{"_mousePosition":[926,373],"_rootPartCFrame":[770.793,222.7,47.091,0.006,0,1,0,1,0,-1,0,0.006],"_humanoidState":8,"_cameraCFrame":[777.66,234.692,47.038,-0.008,-0.837,0.548,0,0.548,0.837,-1,0.006,-0.004],"_shiftlockState":false,"_pose":"Running","_animationQueue":[],"_animationSpeed":1.102,"_zoom":12.54},{"_mousePosition":[926,373],"_rootPartCFrame":[770.526,222.7,47.091,0.005,0,1,0,1,0,-1,0,0.005],"_humanoidState":8,"_cameraCFrame":[777.154,234.845,46.992,-0.015,-0.849,0.529,0,0.529,0.849,-1,0.013,-0.008],"_shiftlockState":false,"_pose":"Running","_animationQueue":[],"_animationSpeed":1.102,"_zoom":12.54},{"_mousePosition":[926,373],"_rootPartCFrame":[770.26,222.666,47.091,0.004,0,1,0,1,0,-1,0,0.004],"_humanoidState":8,"_cameraCFrame":[776.592,234.988,46.944,-0.023,-0.863,0.505,0,0.505,0.863,-1,0.02,-0.012],"_shiftlockState":false,"_pose":"Running","_animationQueue":[],"_animationSpeed":1.102,"_zoom":12.54},{"_mousePosition":[926,373],"_rootPartCFrame":[769.926,223.736,47.092,0.003,0,1,0,1,0,-1,0,0.003],"_humanoidState":3,"_cameraCFrame":[776.074,236.164,46.923,-0.028,-0.871,0.49,0,0.49,0.871,-1,0.024,-0.014],"_shiftlockState":false,"_pose":"Jumping","_animationQueue":[["walk",0.1],["jump",0.1]],"_animationSpeed":1,"_zoom":12.54},{"_mousePosition":[926,373],"_rootPartCFrame":[769.727,224.337,47.096,0.001,0,1,0,1,0,-1,0,0.001],"_humanoidState":5,"_cameraCFrame":[775.67,236.877,46.92,-0.03,-0.88,0.474,0,0.474,0.88,-1,0.026,-0.014],"_shiftlockState":false,"_pose":"FreeFall","_animationQueue":[["jump",0.1]],"_animationSpeed":1,"_zoom":12.54},{"_mousePosition":[926,373],"_rootPartCFrame":[769.393,225.271,47.105,-0.003,0,1,0,1,0,-1,0,-0.003],"_humanoidState":5,"_cameraCFrame":[775.149,237.91,46.934,-0.03,-0.888,0.459,0,0.459,0.888,-1,0.026,-0.014],"_shiftlockState":false,"_pose":"FreeFall","_animationQueue":[],"_animationSpeed":1,"_zoom":12.54},{"_mousePosition":[926,373],"_rootPartCFrame":[769.193,225.79,47.111,-0.006,0,1,0,1,0,-1,0,-0.006],"_humanoidState":5,"_cameraCFrame":[774.832,238.49,46.943,-0.03,-0.893,0.45,0,0.45,0.893,-1,0.026,-0.013],"_shiftlockState":false,"_pose":"FreeFall","_animationQueue":[],"_animationSpeed":1,"_zoom":12.54},{"_mousePosition":[926,373],"_rootPartCFrame":[768.927,226.435,47.118,-0.009,0,1,0,1,0,-1,0,-0.009],"_humanoidState":5,"_cameraCFrame":[774.439,239.197,46.949,-0.031,-0.898,0.44,0,0.44,0.898,-1,0.028,-0.013],"_shiftlockState":false,"_pose":"FreeFall","_animationQueue":[],"_animationSpeed":1,"_zoom":12.54},{"_mousePosition":[926,373],"_rootPartCFrame":[768.66,227.025,47.126,-0.012,0,1,0,1,0,-1,0,-0.012],"_humanoidState":5,"_cameraCFrame":[774.036,239.854,46.961,-0.031,-0.903,0.429,0,0.429,0.903,-1,0.028,-0.013],"_shiftlockState":false,"_pose":"FreeFall","_animationQueue":[],"_animationSpeed":1,"_zoom":12.54},{"_mousePosition":[926,373],"_rootPartCFrame":[768.393,227.561,47.135,-0.015,0,1,0,1,0,-1,0,-0.015],"_humanoidState":5,"_cameraCFrame":[773.794,240.683,46.963,-0.032,-0.906,0.421,0,0.422,0.907,-0.999,0.029,-0.013],"_shiftlockState":false,"_pose":"FreeFall","_animationQueue":[],"_animationSpeed":1,"_zoom":16.175},{"_mousePosition":[926,373],"_rootPartCFrame":[768.127,228.043,47.143,-0.017,0,1,0,1,0,-1,0,-0.017],"_humanoidState":5,"_cameraCFrame":[773.66,241.758,46.961,-0.033,-0.91,0.413,0,0.413,0.911,-0.999,0.03,-0.014],"_shiftlockState":false,"_pose":"FreeFall","_animationQueue":[],"_animationSpeed":1,"_zoom":16.175},{"_mousePosition":[926,373],"_rootPartCFrame":[767.86,228.47,47.151,-0.019,0,1,0,1,0,-1,0,-0.019],"_humanoidState":5,"_cameraCFrame":[773.498,242.828,46.954,-0.035,-0.915,0.401,0,0.402,0.916,-0.999,0.032,-0.014],"_shiftlockState":false,"_pose":"FreeFall","_animationQueue":[],"_animationSpeed":1,"_zoom":16.175},{"_mousePosition":[926,373],"_rootPartCFrame":[767.594,228.842,47.16,-0.021,0,1,0,1,0,-1,0,-0.021],"_humanoidState":5,"_cameraCFrame":[773.3,243.769,46.937,-0.039,-0.92,0.391,0,0.391,0.92,-0.999,0.036,-0.015],"_shiftlockState":false,"_pose":"FreeFall","_animationQueue":[],"_animationSpeed":1,"_zoom":16.175},{"_mousePosition":[926,373],"_rootPartCFrame":[767.26,229.231,47.171,-0.023,0,1,0,1,0,-1,0,-0.023],"_humanoidState":5,"_cameraCFrame":[772.984,244.604,46.924,-0.043,-0.923,0.381,0,0.382,0.924,-0.999,0.04,-0.017],"_shiftlockState":false,"_pose":"FreeFall","_animationQueue":[],"_animationSpeed":1,"_zoom":16.175},{"_mousePosition":[926,373],"_rootPartCFrame":[766.994,229.481,47.182,-0.025,0,1,0,1,0,-1,0,-0.025],"_humanoidState":5,"_cameraCFrame":[772.617,245.229,45.169,-0.046,-0.927,0.372,0,0.372,0.928,-0.999,0.043,-0.017],"_shiftlockState":true,"_pose":"FreeFall","_animationQueue":[],"_animationSpeed":1,"_zoom":16.175},{"_mousePosition":[683,384],"_rootPartCFrame":[766.728,229.676,47.193,-0.047,0,0.999,0,1,0,-0.999,0,-0.047],"_humanoidState":5,"_cameraCFrame":[772.444,245.657,45.176,-0.046,-0.927,0.372,0,0.372,0.928,-0.999,0.043,-0.017],"_shiftlockState":true,"_pose":"FreeFall","_animationQueue":[],"_animationSpeed":1,"_zoom":16.175},{"_mousePosition":[683,384],"_rootPartCFrame":[766.528,229.787,47.202,-0.046,0,0.999,0,1,0,-0.999,0,-0.046],"_humanoidState":5,"_cameraCFrame":[772.261,245.953,45.178,-0.047,-0.928,0.369,0,0.369,0.929,-0.999,0.044,-0.017],"_shiftlockState":true,"_pose":"FreeFall","_animationQueue":[],"_animationSpeed":1,"_zoom":16.175},{"_mousePosition":[683,384],"_rootPartCFrame":[766.262,229.887,47.214,-0.047,0,0.999,0,1,0,-0.999,0,-0.047],"_humanoidState":5,"_cameraCFrame":[772.039,246.165,45.188,-0.047,-0.928,0.369,0,0.369,0.929,-0.999,0.044,-0.017],"_shiftlockState":true,"_pose":"FreeFall","_animationQueue":[],"_animationSpeed":1,"_zoom":16.175},{"_mousePosition":[683,384],"_rootPartCFrame":[765.995,229.932,47.227,-0.047,0,0.999,0,1,0,-0.999,0,-0.047],"_humanoidState":5,"_cameraCFrame":[771.805,246.291,45.199,-0.047,-0.928,0.369,0,0.369,0.929,-0.999,0.044,-0.017],"_shiftlockState":true,"_pose":"FreeFall","_animationQueue":[],"_animationSpeed":1,"_zoom":16.175},{"_mousePosition":[683,384],"_rootPartCFrame":[765.729,229.923,47.24,-0.047,0,0.999,0,1,0,-0.999,0,-0.047],"_humanoidState":5,"_cameraCFrame":[771.561,246.339,45.211,-0.047,-0.928,0.369,0,0.369,0.929,-0.999,0.044,-0.017],"_shiftlockState":true,"_pose":"FreeFall","_animationQueue":[["fall",0.3]],"_animationSpeed":1,"_zoom":16.175},{"_mousePosition":[683,384],"_rootPartCFrame":[765.463,229.859,47.252,-0.047,0,0.999,0,1,0,-0.999,0,-0.047],"_humanoidState":5,"_cameraCFrame":[771.31,246.315,45.223,-0.047,-0.928,0.369,0,0.369,0.929,-0.999,0.044,-0.017],"_shiftlockState":true,"_pose":"FreeFall","_animationQueue":[],"_animationSpeed":1,"_zoom":16.175},{"_mousePosition":[683,384],"_rootPartCFrame":[765.13,229.703,47.268,-0.047,0,0.999,0,1,0,-0.999,0,-0.047],"_humanoidState":5,"_cameraCFrame":[770.987,246.182,45.238,-0.047,-0.928,0.369,0,0.369,0.929,-0.999,0.044,-0.017],"_shiftlockState":true,"_pose":"FreeFall","_animationQueue":[],"_animationSpeed":1,"_zoom":16.175},{"_mousePosition":[683,384],"_rootPartCFrame":[764.93,229.568,47.278,-0.047,0,0.999,0,1,0,-0.999,0,-0.047],"_humanoidState":5,"_cameraCFrame":[770.867,246.039,45.244,-0.047,-0.927,0.373,0,0.373,0.928,-0.999,0.044,-0.018],"_shiftlockState":true,"_pose":"FreeFall","_animationQueue":[],"_animationSpeed":1,"_zoom":16.175},{"_mousePosition":[683,384],"_rootPartCFrame":[764.597,229.276,47.293,-0.047,0,0.999,0,1,0,-0.999,0,-0.047],"_humanoidState":5,"_cameraCFrame":[770.539,245.757,45.259,-0.047,-0.927,0.373,0,0.373,0.928,-0.999,0.044,-0.018],"_shiftlockState":true,"_pose":"FreeFall","_animationQueue":[],"_animationSpeed":1,"_zoom":16.175},{"_mousePosition":[683,384],"_rootPartCFrame":[764.397,229.06,47.303,-0.047,0,0.999,0,1,0,-0.999,0,-0.047],"_humanoidState":5,"_cameraCFrame":[770.342,245.549,45.269,-0.047,-0.927,0.373,0,0.373,0.928,-0.999,0.044,-0.018],"_shiftlockState":true,"_pose":"FreeFall","_animationQueue":[],"_animationSpeed":1,"_zoom":16.175},{"_mousePosition":[683,384],"_rootPartCFrame":[764.131,228.724,47.316,-0.047,0,0.999,0,1,0,-0.999,0,-0.047],"_humanoidState":5,"_cameraCFrame":[770.078,245.218,45.281,-0.047,-0.927,0.373,0,0.373,0.928,-0.999,0.044,-0.018],"_shiftlockState":true,"_pose":"FreeFall","_animationQueue":[],"_animationSpeed":1,"_zoom":16.175},{"_mousePosition":[683,384],"_rootPartCFrame":[763.864,228.333,47.328,-0.047,0,0.999,0,1,0,-0.999,0,-0.047],"_humanoidState":5,"_cameraCFrame":[769.813,244.831,45.294,-0.047,-0.927,0.373,0,0.373,0.928,-0.999,0.044,-0.018],"_shiftlockState":true,"_pose":"FreeFall","_animationQueue":[["fall",0.3]],"_animationSpeed":1,"_zoom":16.175},{"_mousePosition":[683,384],"_rootPartCFrame":[763.598,227.888,47.341,-0.047,0,0.999,0,1,0,-0.999,0,-0.047],"_humanoidState":5,"_cameraCFrame":[769.548,244.388,45.306,-0.047,-0.927,0.373,0,0.373,0.928,-0.999,0.044,-0.018],"_shiftlockState":true,"_pose":"FreeFall","_animationQueue":[],"_animationSpeed":1,"_zoom":16.175},{"_mousePosition":[683,384],"_rootPartCFrame":[763.356,227.979,47.352,-0.047,0,0.999,0,1,0,-0.999,0,-0.047],"_humanoidState":12,"_cameraCFrame":[769.414,244.456,45.46,-0.023,-0.926,0.377,0,0.377,0.926,-1,0.022,-0.009],"_shiftlockState":true,"_pose":"Climbing","_animationQueue":[["walk",0.1],["fall",0.3],["climb",0.1],["climb",0]],"_animationSpeed":-2.328,"_zoom":16.175},{"_mousePosition":[683,384],"_rootPartCFrame":[763.155,228.164,47.362,-0.023,0,1,0,1,0,-1,0,-0.023],"_humanoidState":12,"_cameraCFrame":[769.906,244.453,46.797,0.177,-0.9,0.398,0,0.405,0.914,-0.984,-0.162,0.072],"_shiftlockState":true,"_pose":"Climbing","_animationQueue":[["climb",0.1]],"_animationSpeed":0.869,"_zoom":16.175},{"_mousePosition":[683,384],"_rootPartCFrame":[763.246,228.383,47.387,0.107,-0.001,0.994,0.004,1,0,-0.994,0.004,0.107],"_humanoidState":12,"_cameraCFrame":[769.911,244.56,49.582,0.539,-0.764,0.354,0,0.42,0.907,-0.842,-0.489,0.226],"_shiftlockState":true,"_pose":"Climbing","_animationQueue":[["climb",0.1],["climb",0]],"_animationSpeed":0.932,"_zoom":16.175},{"_mousePosition":[683,384],"_rootPartCFrame":[763.573,228.497,47.295,0.512,0,0.859,0.004,1,-0.002,-0.859,0.004,0.512],"_humanoidState":8,"_cameraCFrame":[769.265,244.809,50.892,0.735,-0.621,0.272,0,0.402,0.916,-0.678,-0.673,0.295],"_shiftlockState":true,"_pose":"Standing","_animationQueue":[["climb",0.1],["walk",0.1],["idle",0.1]],"_animationSpeed":1,"_zoom":16.175},{"_mousePosition":[683,384],"_rootPartCFrame":[763.707,228.54,47.139,0.733,0,0.68,0.001,1,-0.002,-0.68,0.002,0.733],"_humanoidState":8,"_cameraCFrame":[768.68,245.288,49.87,0.728,-0.646,0.229,0,0.334,0.943,-0.686,-0.686,0.243],"_shiftlockState":true,"_pose":"Running","_animationQueue":[["walk",0.1]],"_animationSpeed":0.566,"_zoom":16.175},{"_mousePosition":[683,384],"_rootPartCFrame":[763.717,228.531,46.95,0.729,0,0.685,0,1,0,-0.685,0,0.729],"_humanoidState":8,"_cameraCFrame":[768.052,245.684,47.878,0.578,-0.79,0.205,0,0.252,0.968,-0.816,-0.56,0.146],"_shiftlockState":true,"_pose":"Running","_animationQueue":[["walk",0.1]],"_animationSpeed":0.68,"_zoom":16.175},{"_mousePosition":[683,384],"_rootPartCFrame":[763.723,228.467,46.722,0.571,0,0.821,0,1,0,-0.821,0,0.571],"_humanoidState":8,"_cameraCFrame":[767.522,245.783,46.389,0.379,-0.905,0.194,0,0.209,0.978,-0.925,-0.371,0.079],"_shiftlockState":true,"_pose":"Running","_animationQueue":[["walk",0.1]],"_animationSpeed":0.842,"_zoom":16.175},{"_mousePosition":[683,384],"_rootPartCFrame":[763.707,228.348,46.471,0.367,0,0.93,0,1,0,-0.93,0,0.367],"_humanoidState":8,"_cameraCFrame":[767.024,245.732,45.288,0.177,-0.967,0.186,0,0.189,0.982,-0.984,-0.174,0.033],"_shiftlockState":true,"_pose":"Running","_animationQueue":[["walk",0.1]],"_animationSpeed":1.005,"_zoom":16.175},{"_mousePosition":[683,384],"_rootPartCFrame":[763.652,228.176,46.217,0.163,0,0.987,0,1,0,-0.987,0,0.163],"_humanoidState":8,"_cameraCFrame":[766.39,245.605,44.359,-0.039,-0.984,0.174,0,0.174,0.985,-0.999,0.038,-0.007],"_shiftlockState":true,"_pose":"Running","_animationQueue":[["walk",0.1]],"_animationSpeed":1.071,"_zoom":16.175},{"_mousePosition":[683,384],"_rootPartCFrame":[763.565,229.246,45.903,-0.056,0,0.998,0,1,0,-0.998,0,-0.056],"_humanoidState":3,"_cameraCFrame":[765.977,246.675,43.637,-0.196,-0.966,0.17,0,0.174,0.985,-0.981,0.193,-0.034],"_shiftlockState":true,"_pose":"Jumping","_animationQueue":[["walk",0.1],["jump",0.1]],"_animationSpeed":1,"_zoom":16.175},{"_mousePosition":[683,384],"_rootPartCFrame":[763.5,229.847,45.722,-0.141,0,0.99,0,1,0,-0.99,0,-0.141],"_humanoidState":5,"_cameraCFrame":[765.779,247.231,43.041,-0.339,-0.924,0.178,0,0.189,0.982,-0.941,0.333,-0.064],"_shiftlockState":true,"_pose":"FreeFall","_animationQueue":[["jump",0.1]],"_animationSpeed":1,"_zoom":16.175},{"_mousePosition":[683,384],"_rootPartCFrame":[763.385,230.601,45.5,-0.228,0,0.974,0,1,0,-0.974,0,-0.228],"_humanoidState":5,"_cameraCFrame":[765.472,247.95,42.475,-0.453,-0.873,0.178,0,0.2,0.98,-0.891,0.444,-0.091],"_shiftlockState":true,"_pose":"FreeFall","_animationQueue":[],"_animationSpeed":1,"_zoom":16.175},{"_mousePosition":[683,384],"_rootPartCFrame":[763.251,231.467,45.206,-0.303,0,0.953,0,1,0,-0.953,0,-0.303],"_humanoidState":5,"_cameraCFrame":[765.076,248.792,41.9,-0.552,-0.816,0.173,0,0.207,0.978,-0.834,0.54,-0.114],"_shiftlockState":true,"_pose":"FreeFall","_animationQueue":[],"_animationSpeed":1,"_zoom":16.175},{"_mousePosition":[683,384],"_rootPartCFrame":[763.168,231.945,45.026,-0.466,0,0.885,0,1,0,-0.885,0,-0.466],"_humanoidState":5,"_cameraCFrame":[764.697,249.248,41.474,-0.64,-0.751,0.164,0,0.213,0.977,-0.768,0.625,-0.136],"_shiftlockState":true,"_pose":"FreeFall","_animationQueue":[],"_animationSpeed":1,"_zoom":16.175},{"_mousePosition":[683,384],"_rootPartCFrame":[763.03,232.536,44.798,-0.532,0,0.847,0,1,0,-0.847,0,-0.532],"_humanoidState":5,"_cameraCFrame":[764.203,249.819,41.029,-0.724,-0.673,0.151,0,0.219,0.976,-0.69,0.707,-0.158],"_shiftlockState":true,"_pose":"FreeFall","_animationQueue":[],"_animationSpeed":1,"_zoom":16.175},{"_mousePosition":[683,384],"_rootPartCFrame":[762.867,233.071,44.587,-0.626,0,0.78,0,1,0,-0.78,0,-0.626],"_humanoidState":5,"_cameraCFrame":[763.59,250.335,40.626,-0.808,-0.574,0.132,0,0.224,0.975,-0.589,0.787,-0.181],"_shiftlockState":true,"_pose":"FreeFall","_animationQueue":[],"_animationSpeed":1,"_zoom":16.175},{"_mousePosition":[683,384],"_rootPartCFrame":[762.682,233.553,44.396,-0.723,0,0.691,0,1,0,-0.691,0,-0.723],"_humanoidState":5,"_cameraCFrame":[762.952,250.798,40.31,-0.874,-0.473,0.111,0,0.229,0.973,-0.486,0.851,-0.2],"_shiftlockState":true,"_pose":"FreeFall","_animationQueue":[],"_animationSpeed":1,"_zoom":16.175},{"_mousePosition":[683,384],"_rootPartCFrame":[762.475,233.98,44.229,-0.802,0,0.598,0,1,0,-0.598,0,-0.802],"_humanoidState":5,"_cameraCFrame":[762.116,251.207,40.08,-0.94,-0.331,0.08,0,0.234,0.972,-0.34,0.914,-0.22],"_shiftlockState":true,"_pose":"FreeFall","_animationQueue":[],"_animationSpeed":1,"_zoom":16.175},{"_mousePosition":[683,384],"_rootPartCFrame":[762.248,234.352,44.089,-0.887,0,0.462,0,1,0,-0.462,0,-0.887],"_humanoidState":5,"_cameraCFrame":[761.186,251.567,40.015,-0.985,-0.168,0.041,0,0.237,0.972,-0.173,0.957,-0.233],"_shiftlockState":true,"_pose":"FreeFall","_animationQueue":[],"_animationSpeed":1,"_zoom":16.175},{"_mousePosition":[683,384],"_rootPartCFrame":[761.944,234.741,43.957,-0.943,0,0.334,0,1,0,-0.334,0,-0.943],"_humanoidState":5,"_cameraCFrame":[760.253,251.956,40.101,-1,-0.015,0.004,0,0.237,0.972,-0.015,0.971,-0.237],"_shiftlockState":true,"_pose":"FreeFall","_animationQueue":[],"_animationSpeed":1,"_zoom":16.175},{"_mousePosition":[683,384],"_rootPartCFrame":[761.752,234.933,43.902,-0.993,0,0.115,0,1,0,-0.115,0,-0.993],"_humanoidState":5,"_cameraCFrame":[759.392,252.145,40.401,-0.986,0.16,-0.039,0,0.238,0.971,0.165,0.958,-0.234],"_shiftlockState":true,"_pose":"FreeFall","_animationQueue":[],"_animationSpeed":1,"_zoom":16.175},{"_mousePosition":[683,384],"_rootPartCFrame":[761.424,235.186,43.859,-1,0,0.001,0,1,0,-0.001,0,-1],"_humanoidState":5,"_cameraCFrame":[758.543,252.401,40.788,-0.948,0.31,-0.076,0,0.237,0.972,0.319,0.921,-0.224],"_shiftlockState":true,"_pose":"FreeFall","_animationQueue":[],"_animationSpeed":1,"_zoom":16.175},{"_mousePosition":[683,384],"_rootPartCFrame":[761.226,235.297,43.863,-0.975,0,-0.223,0,1,0,0.223,0,-0.975],"_humanoidState":5,"_cameraCFrame":[757.955,252.512,41.211,-0.896,0.432,-0.105,0,0.237,0.972,0.445,0.87,-0.212],"_shiftlockState":true,"_pose":"FreeFall","_animationQueue":[],"_animationSpeed":1,"_zoom":16.175},{"_mousePosition":[683,384],"_rootPartCFrame":[760.966,235.397,43.902,-0.947,0,-0.322,0,1,0,0.322,0,-0.947],"_humanoidState":5,"_cameraCFrame":[757.301,252.587,41.647,-0.825,0.548,-0.137,0,0.243,0.97,0.565,0.8,-0.201],"_shiftlockState":true,"_pose":"FreeFall","_animationQueue":[],"_animationSpeed":1,"_zoom":16.175},{"_mousePosition":[683,384],"_rootPartCFrame":[760.655,235.445,44.005,-0.907,0,-0.42,0,1,0,0.42,0,-0.907],"_humanoidState":5,"_cameraCFrame":[756.727,252.612,42.058,-0.765,0.624,-0.16,0,0.249,0.969,0.644,0.741,-0.19],"_shiftlockState":true,"_pose":"FreeFall","_animationQueue":[],"_animationSpeed":1,"_zoom":16.175},{"_mousePosition":[683,384],"_rootPartCFrame":[760.422,235.422,44.13,-0.844,0,-0.537,0,1,0,0.537,0,-0.844],"_humanoidState":5,"_cameraCFrame":[756.279,252.57,42.494,-0.703,0.688,-0.18,0,0.253,0.967,0.711,0.68,-0.178],"_shiftlockState":true,"_pose":"FreeFall","_animationQueue":[],"_animationSpeed":1,"_zoom":16.175},{"_mousePosition":[683,384],"_rootPartCFrame":[760.26,235.369,44.245,-0.771,0,-0.637,0,1,0,0.637,0,-0.771],"_humanoidState":5,"_cameraCFrame":[755.912,252.494,42.956,-0.632,0.748,-0.2,0,0.259,0.966,0.775,0.611,-0.164],"_shiftlockState":true,"_pose":"FreeFall","_animationQueue":[],"_animationSpeed":1,"_zoom":16.175},{"_mousePosition":[683,384],"_rootPartCFrame":[760.018,235.213,44.473,-0.752,0,-0.659,0,1,0,0.659,0,-0.752],"_humanoidState":5,"_cameraCFrame":[755.512,252.317,43.523,-0.563,0.797,-0.218,0,0.263,0.965,0.827,0.543,-0.148],"_shiftlockState":true,"_pose":"FreeFall","_animationQueue":[],"_animationSpeed":1,"_zoom":16.175},{"_mousePosition":[683,384],"_rootPartCFrame":[759.887,235.079,44.623,-0.642,0,-0.766,0,1,0,0.766,0,-0.642],"_humanoidState":5,"_cameraCFrame":[755.271,252.169,44.048,-0.488,0.841,-0.233,0,0.266,0.964,0.873,0.47,-0.13],"_shiftlockState":true,"_pose":"FreeFall","_animationQueue":[],"_animationSpeed":1,"_zoom":16.175},{"_mousePosition":[683,384],"_rootPartCFrame":[759.732,234.852,44.84,-0.6,0,-0.8,0,1,0,0.8,0,-0.6],"_humanoidState":5,"_cameraCFrame":[755.034,251.928,44.775,-0.385,0.889,-0.249,0,0.27,0.963,0.923,0.371,-0.104],"_shiftlockState":true,"_pose":"FreeFall","_animationQueue":[],"_animationSpeed":1,"_zoom":16.175},{"_mousePosition":[683,384],"_rootPartCFrame":[759.58,234.491,45.121,-0.522,0,-0.853,0,1,0,0.853,0,-0.522],"_humanoidState":5,"_cameraCFrame":[754.806,251.539,45.529,-0.285,0.921,-0.264,0,0.276,0.961,0.959,0.274,-0.079],"_shiftlockState":true,"_pose":"FreeFall","_animationQueue":[],"_animationSpeed":1,"_zoom":16.175},{"_mousePosition":[683,384],"_rootPartCFrame":[759.519,234.234,45.293,-0.369,0,-0.929,0,1,0,0.929,0,-0.369],"_humanoidState":5,"_cameraCFrame":[754.684,251.238,46.267,-0.163,0.946,-0.281,0,0.285,0.959,0.987,0.157,-0.047],"_shiftlockState":true,"_pose":"FreeFall","_animationQueue":[["fall",0.3]],"_animationSpeed":1,"_zoom":16.175},{"_mousePosition":[683,384],"_rootPartCFrame":[759.471,233.843,45.525,-0.281,0,-0.96,0,1,0,0.96,0,-0.281],"_humanoidState":5,"_cameraCFrame":[754.592,250.79,47.033,-0.05,0.954,-0.296,0,0.297,0.955,0.999,0.048,-0.015],"_shiftlockState":true,"_pose":"FreeFall","_animationQueue":[],"_animationSpeed":1,"_zoom":16.175},{"_mousePosition":[683,384],"_rootPartCFrame":[759.468,233.278,45.811,-0.199,0,-0.98,0,1,0,0.98,0,-0.199],"_humanoidState":5,"_cameraCFrame":[754.579,250.17,47.779,0.044,0.951,-0.307,0,0.307,0.952,0.999,-0.042,0.014],"_shiftlockState":true,"_pose":"FreeFall","_animationQueue":[],"_animationSpeed":1,"_zoom":16.175},{"_mousePosition":[683,384],"_rootPartCFrame":[759.51,232.765,46.034,-0.074,0,-0.997,0,1,0,0.997,0,-0.074],"_humanoidState":5,"_cameraCFrame":[754.62,249.604,48.379,0.118,0.942,-0.315,0,0.317,0.948,0.993,-0.112,0.038],"_shiftlockState":true,"_pose":"FreeFall","_animationQueue":[],"_animationSpeed":1,"_zoom":16.175},{"_mousePosition":[683,384],"_rootPartCFrame":[759.583,232.197,46.236,0.075,0,-0.997,0,1,0,0.997,0,0.075],"_humanoidState":5,"_cameraCFrame":[754.704,248.995,48.86,0.171,0.932,-0.32,0,0.325,0.946,0.985,-0.162,0.056],"_shiftlockState":true,"_pose":"FreeFall","_animationQueue":[],"_animationSpeed":1,"_zoom":16.175},{"_mousePosition":[683,384],"_rootPartCFrame":[759.654,231.736,46.368,0.162,0,-0.987,0,1,0,0.987,0,0.162],"_humanoidState":5,"_cameraCFrame":[754.808,248.503,49.217,0.213,0.922,-0.323,0,0.33,0.944,0.977,-0.201,0.07],"_shiftlockState":true,"_pose":"FreeFall","_animationQueue":[],"_animationSpeed":1,"_zoom":16.175},{"_mousePosition":[683,384],"_rootPartCFrame":[759.771,231.073,46.516,0.206,0,-0.978,0,1,0,0.978,0,0.206],"_humanoidState":5,"_cameraCFrame":[754.511,247.814,47.809,0.239,0.915,-0.325,0,0.335,0.942,0.971,-0.225,0.08],"_shiftlockState":false,"_pose":"FreeFall","_animationQueue":[["fall",0.3]],"_animationSpeed":1,"_zoom":16.175},{"_mousePosition":[683,384],"_rootPartCFrame":[759.949,230.167,46.655,0.205,0,-0.979,0,1,0,0.979,0,0.205],"_humanoidState":5,"_cameraCFrame":[754.69,246.908,47.949,0.239,0.915,-0.325,0,0.335,0.942,0.971,-0.225,0.08],"_shiftlockState":false,"_pose":"FreeFall","_animationQueue":[],"_animationSpeed":1,"_zoom":16.175},{"_mousePosition":[683,384],"_rootPartCFrame":[759.982,229.6,46.696,0.163,0,-0.987,0.005,1,0.001,0.987,-0.005,0.163],"_humanoidState":5,"_cameraCFrame":[754.71,246.337,47.979,0.238,0.915,-0.326,0,0.336,0.942,0.971,-0.224,0.08],"_shiftlockState":false,"_pose":"FreeFall","_animationQueue":[],"_animationSpeed":1,"_zoom":16.175},{"_mousePosition":[683,384],"_rootPartCFrame":[760.018,228.807,46.722,0.152,0,-0.988,0.004,1,0.001,0.988,-0.004,0.152],"_humanoidState":5,"_cameraCFrame":[754.492,245.472,47.76,0.186,0.921,-0.342,0,0.348,0.938,0.983,-0.174,0.065],"_shiftlockState":false,"_pose":"FreeFall","_animationQueue":[],"_animationSpeed":1,"_zoom":16.175},{"_mousePosition":[683,384],"_rootPartCFrame":[760.039,227.972,46.733,0.132,0,-0.991,0.004,1,0.001,0.991,-0.004,0.132],"_humanoidState":5,"_cameraCFrame":[754.171,244.545,46.716,-0.002,0.932,-0.363,0,0.363,0.932,1,0.002,-0.001],"_shiftlockState":false,"_pose":"FreeFall","_animationQueue":[],"_animationSpeed":1,"_zoom":16.175},{"_mousePosition":[683,384],"_rootPartCFrame":[760.04,227.847,46.735,0.12,0,-0.993,0.001,1,0,0.993,-0.001,0.12],"_humanoidState":12,"_cameraCFrame":[754.407,244.357,44.593,-0.355,0.868,-0.348,0,0.373,0.928,0.935,0.33,-0.132],"_shiftlockState":false,"_pose":"Climbing","_animationQueue":[["walk",0.1],["fall",0.3],["climb",0.1],["climb",0]],"_animationSpeed":-4.257,"_zoom":16.175},{"_mousePosition":[683,384],"_rootPartCFrame":[760.04,227.846,46.735,0.119,0,-0.993,0,1,0,0.993,0,0.119],"_humanoidState":12,"_cameraCFrame":[755.821,244.371,42.483,-0.71,0.654,-0.261,0,0.37,0.929,0.704,0.659,-0.263],"_shiftlockState":false,"_pose":"Climbing","_animationQueue":[["climb",0.1]],"_animationSpeed":0,"_zoom":16.175},{"_mousePosition":[683,384],"_rootPartCFrame":[760.04,227.846,46.735,0.119,0,-0.993,0,1,0,0.993,0,0.119],"_humanoidState":12,"_cameraCFrame":[758.18,244.361,41.016,-0.951,0.287,-0.115,0,0.372,0.928,0.309,0.883,-0.354],"_shiftlockState":false,"_pose":"Climbing","_animationQueue":[],"_animationSpeed":0,"_zoom":16.175},{"_mousePosition":[683,384],"_rootPartCFrame":[760.04,227.64,46.735,0.119,0,-0.993,0,1,0,0.993,0,0.119],"_humanoidState":12,"_cameraCFrame":[760.007,244.146,40.697,-1,0.005,-0.002,0,0.373,0.928,0.006,0.928,-0.373],"_shiftlockState":false,"_pose":"Climbing","_animationQueue":[],"_animationSpeed":0,"_zoom":16.175},{"_mousePosition":[683,384],"_rootPartCFrame":[760.04,227.547,46.735,0.119,0,-0.993,0,1,0,0.993,0,0.119],"_humanoidState":12,"_cameraCFrame":[761.052,244.067,40.819,-0.986,-0.156,0.063,0,0.371,0.929,-0.169,0.915,-0.366],"_shiftlockState":false,"_pose":"Climbing","_animationQueue":[["climb",0.1]],"_animationSpeed":-0.926,"_zoom":16.175},{"_mousePosition":[683,384],"_rootPartCFrame":[760.04,227.314,46.735,0.119,0,-0.993,0,1,0,0.993,0,0.119],"_humanoidState":12,"_cameraCFrame":[759.871,243.82,40.45,-0.968,-0.234,0.094,0,0.373,0.928,-0.252,0.898,-0.361],"_shiftlockState":true,"_pose":"Climbing","_animationQueue":[],"_animationSpeed":-0.926,"_zoom":16.175},{"_mousePosition":[683,384],"_rootPartCFrame":[759.415,227.698,46.584,-0.946,0.003,0.324,0.003,1,0,-0.324,0.001,-0.946],"_humanoidState":8,"_cameraCFrame":[759.25,244.204,40.3,-0.968,-0.234,0.094,0,0.373,0.928,-0.252,0.898,-0.361],"_shiftlockState":true,"_pose":"Standing","_animationQueue":[["climb",0.1],["idle",0.1],["idle",0.1]],"_animationSpeed":1,"_zoom":16.175},{"_mousePosition":[683,384],"_rootPartCFrame":[759.19,228.16,46.536,-0.957,0,0.289,0,1,0,-0.289,0,-0.957],"_humanoidState":8,"_cameraCFrame":[759.021,244.666,40.252,-0.968,-0.234,0.094,0,0.373,0.928,-0.252,0.898,-0.361],"_shiftlockState":true,"_pose":"Running","_animationQueue":[["walk",0.1]],"_animationSpeed":0.856,"_zoom":16.175},{"_mousePosition":[683,384],"_rootPartCFrame":[758.952,229.043,46.481,-0.964,-0.001,0.266,-0.001,1,0,-0.266,0,-0.964],"_humanoidState":3,"_cameraCFrame":[758.781,245.549,40.196,-0.968,-0.234,0.094,0,0.373,0.928,-0.252,0.898,-0.361],"_shiftlockState":true,"_pose":"Jumping","_animationQueue":[["walk",0.1],["walk",0.1],["jump",0.1]],"_animationSpeed":1,"_zoom":16.175},{"_mousePosition":[683,384],"_rootPartCFrame":[758.763,229.685,46.433,-0.949,-0.001,0.316,-0.001,1,0,-0.316,0,-0.949],"_humanoidState":5,"_cameraCFrame":[758.566,246.191,40.149,-0.969,-0.23,0.093,0,0.373,0.928,-0.248,0.899,-0.362],"_shiftlockState":true,"_pose":"FreeFall","_animationQueue":[["jump",0.1]],"_animationSpeed":1,"_zoom":16.175},{"_mousePosition":[683,384],"_rootPartCFrame":[758.506,230.494,46.366,-0.93,0,0.368,0,1,0,-0.368,0,-0.93],"_humanoidState":5,"_cameraCFrame":[758.303,247,40.082,-0.969,-0.229,0.092,0,0.373,0.928,-0.247,0.899,-0.362],"_shiftlockState":true,"_pose":"FreeFall","_animationQueue":[],"_animationSpeed":1,"_zoom":16.175},{"_mousePosition":[683,384],"_rootPartCFrame":[758.183,231.428,46.283,-0.915,0,0.404,0,1,0,-0.404,0,-0.915],"_humanoidState":5,"_cameraCFrame":[757.981,247.933,40,-0.969,-0.229,0.092,0,0.373,0.928,-0.247,0.899,-0.362],"_shiftlockState":true,"_pose":"FreeFall","_animationQueue":[],"_animationSpeed":1,"_zoom":16.175},{"_mousePosition":[683,384],"_rootPartCFrame":[757.989,231.947,46.233,-0.939,0,0.343,0,1,0,-0.343,0,-0.939],"_humanoidState":5,"_cameraCFrame":[757.84,248.453,39.949,-0.967,-0.237,0.095,0,0.373,0.928,-0.255,0.897,-0.361],"_shiftlockState":true,"_pose":"FreeFall","_animationQueue":[],"_animationSpeed":1,"_zoom":16.175},{"_mousePosition":[683,384],"_rootPartCFrame":[757.667,232.745,46.151,-0.911,0,0.412,0,1,0,-0.412,0,-0.911],"_humanoidState":5,"_cameraCFrame":[757.586,249.255,39.876,-0.964,-0.247,0.099,0,0.373,0.928,-0.267,0.894,-0.359],"_shiftlockState":true,"_pose":"FreeFall","_animationQueue":[],"_animationSpeed":1,"_zoom":16.175},{"_mousePosition":[683,384],"_rootPartCFrame":[757.473,233.182,46.1,-0.932,0,0.361,0,1,0,-0.361,0,-0.932],"_humanoidState":5,"_cameraCFrame":[757.413,249.693,39.825,-0.963,-0.25,0.1,0,0.373,0.928,-0.27,0.894,-0.359],"_shiftlockState":true,"_pose":"FreeFall","_animationQueue":[],"_animationSpeed":1,"_zoom":16.175},{"_mousePosition":[683,384],"_rootPartCFrame":[757.216,233.718,46.03,-0.919,0,0.395,0,1,0,-0.395,0,-0.919],"_humanoidState":5,"_cameraCFrame":[757.156,250.229,39.755,-0.963,-0.25,0.1,0,0.373,0.928,-0.27,0.894,-0.359],"_shiftlockState":true,"_pose":"FreeFall","_animationQueue":[],"_animationSpeed":1,"_zoom":16.175},{"_mousePosition":[683,384],"_rootPartCFrame":[756.959,234.2,45.958,-0.919,0,0.395,0,1,0,-0.395,0,-0.919],"_humanoidState":5,"_cameraCFrame":[756.869,250.715,39.695,-0.964,-0.247,0.099,0,0.372,0.928,-0.266,0.895,-0.358],"_shiftlockState":true,"_pose":"FreeFall","_animationQueue":[],"_animationSpeed":1,"_zoom":16.175},{"_mousePosition":[683,384],"_rootPartCFrame":[756.638,234.725,45.868,-0.907,0,0.422,0,1,0,-0.422,0,-0.907],"_humanoidState":5,"_cameraCFrame":[758.211,251.24,40.063,-0.965,-0.243,0.097,0,0.372,0.928,-0.262,0.896,-0.359],"_shiftlockState":false,"_pose":"FreeFall","_animationQueue":[],"_animationSpeed":1,"_zoom":16.175},{"_mousePosition":[683,384],"_rootPartCFrame":[756.445,234.999,45.815,-0.86,0,0.51,0,1,0,-0.51,0,-0.86],"_humanoidState":5,"_cameraCFrame":[758.018,251.514,40.01,-0.965,-0.243,0.097,0,0.372,0.928,-0.262,0.896,-0.359],"_shiftlockState":false,"_pose":"FreeFall","_animationQueue":[],"_animationSpeed":1,"_zoom":16.175},{"_mousePosition":[683,384],"_rootPartCFrame":[756.188,235.317,45.745,-0.785,0,0.62,0,1,0,-0.62,0,-0.785],"_humanoidState":5,"_cameraCFrame":[757.724,251.842,39.955,-0.967,-0.238,0.095,0,0.37,0.929,-0.256,0.898,-0.358],"_shiftlockState":false,"_pose":"FreeFall","_animationQueue":[],"_animationSpeed":1,"_zoom":16.175},{"_mousePosition":[683,384],"_rootPartCFrame":[755.931,235.58,45.675,-0.695,0,0.719,0,1,0,-0.719,0,-0.695],"_humanoidState":5,"_cameraCFrame":[757.373,252.129,39.924,-0.97,-0.226,0.089,0,0.367,0.93,-0.243,0.902,-0.356],"_shiftlockState":false,"_pose":"FreeFall","_animationQueue":[],"_animationSpeed":1,"_zoom":16.175},{"_mousePosition":[683,384],"_rootPartCFrame":[755.608,235.833,45.589,-0.567,0,0.824,0,1,0,-0.824,0,-0.567],"_humanoidState":5,"_cameraCFrame":[756.896,252.411,39.876,-0.976,-0.205,0.08,0,0.362,0.932,-0.22,0.909,-0.353],"_shiftlockState":false,"_pose":"FreeFall","_animationQueue":[],"_animationSpeed":1,"_zoom":16.175},{"_mousePosition":[683,384],"_rootPartCFrame":[755.415,235.944,45.54,-0.49,0,0.872,0,1,0,-0.872,0,-0.49],"_humanoidState":5,"_cameraCFrame":[756.497,252.549,39.859,-0.982,-0.175,0.067,0,0.358,0.934,-0.187,0.917,-0.351],"_shiftlockState":false,"_pose":"FreeFall","_animationQueue":[],"_animationSpeed":1,"_zoom":16.175},{"_mousePosition":[683,384],"_rootPartCFrame":[755.155,236.044,45.481,-0.397,0,0.918,0,1,0,-0.918,0,-0.397],"_humanoidState":5,"_cameraCFrame":[756.034,252.677,39.839,-0.988,-0.144,0.054,0,0.353,0.936,-0.154,0.924,-0.349],"_shiftlockState":false,"_pose":"FreeFall","_animationQueue":[],"_animationSpeed":1,"_zoom":16.175},{"_mousePosition":[683,384],"_rootPartCFrame":[754.828,236.092,45.417,-0.298,0,0.955,0,1,0,-0.955,0,-0.298],"_humanoidState":5,"_cameraCFrame":[755.545,252.748,39.814,-0.992,-0.119,0.044,0,0.349,0.937,-0.127,0.929,-0.346],"_shiftlockState":false,"_pose":"FreeFall","_animationQueue":[],"_animationSpeed":1,"_zoom":16.175},{"_mousePosition":[683,384],"_rootPartCFrame":[754.63,236.08,45.385,-0.248,0,0.969,0,1,0,-0.969,0,-0.248],"_humanoidState":5,"_cameraCFrame":[755.27,252.741,39.784,-0.994,-0.106,0.04,0,0.348,0.937,-0.114,0.931,-0.346],"_shiftlockState":false,"_pose":"FreeFall","_animationQueue":[],"_animationSpeed":1,"_zoom":16.175},{"_mousePosition":[683,384],"_rootPartCFrame":[754.366,236.016,45.35,-0.195,0,0.981,0,1,0,-0.981,0,-0.195],"_humanoidState":5,"_cameraCFrame":[754.994,252.677,39.748,-0.994,-0.105,0.039,0,0.348,0.937,-0.112,0.931,-0.346],"_shiftlockState":false,"_pose":"FreeFall","_animationQueue":[],"_animationSpeed":1,"_zoom":16.175},{"_mousePosition":[683,384],"_rootPartCFrame":[754.101,235.898,45.319,-0.151,0,0.989,0,1,0,-0.989,0,-0.151],"_humanoidState":5,"_cameraCFrame":[754.729,252.559,39.717,-0.994,-0.105,0.039,0,0.348,0.937,-0.112,0.931,-0.346],"_shiftlockState":false,"_pose":"FreeFall","_animationQueue":[],"_animationSpeed":1,"_zoom":16.175},{"_mousePosition":[683,384],"_rootPartCFrame":[753.836,235.725,45.289,-0.114,0,0.994,0,1,0,-0.994,0,-0.114],"_humanoidState":5,"_cameraCFrame":[754.465,252.387,39.687,-0.994,-0.105,0.039,0,0.348,0.937,-0.112,0.931,-0.346],"_shiftlockState":false,"_pose":"FreeFall","_animationQueue":[["fall",0.3]],"_animationSpeed":1,"_zoom":16.175},{"_mousePosition":[683,384],"_rootPartCFrame":[753.571,235.498,45.259,-0.082,0,0.997,0,1,0,-0.997,0,-0.082],"_humanoidState":5,"_cameraCFrame":[754.2,252.159,39.658,-0.994,-0.105,0.039,0,0.348,0.937,-0.112,0.931,-0.346],"_shiftlockState":false,"_pose":"FreeFall","_animationQueue":[],"_animationSpeed":1,"_zoom":16.175},{"_mousePosition":[683,384],"_rootPartCFrame":[753.503,235.623,45.236,0.029,0,1,0.001,1,0,-1,0.001,0.029],"_humanoidState":12,"_cameraCFrame":[754.131,252.284,39.635,-0.994,-0.105,0.039,0,0.348,0.937,-0.112,0.931,-0.346],"_shiftlockState":false,"_pose":"Climbing","_animationQueue":[["walk",0.1],["fall",0.3],["climb",0.1],["climb",0]],"_animationSpeed":-1.238,"_zoom":16.175},{"_mousePosition":[683,384],"_rootPartCFrame":[753.506,235.802,45.232,0.008,0,1,0.003,1,0,-1,0.003,0.008],"_humanoidState":12,"_cameraCFrame":[754.135,252.463,39.634,-0.994,-0.105,0.039,0,0.348,0.937,-0.112,0.931,-0.346],"_shiftlockState":false,"_pose":"Climbing","_animationQueue":[["climb",0.1],["climb",0]],"_animationSpeed":0.891,"_zoom":16.175},{"_mousePosition":[683,384],"_rootPartCFrame":[753.506,235.988,45.231,0.006,0,1,0.001,1,0,-1,0.001,0.006],"_humanoidState":12,"_cameraCFrame":[754.135,252.649,39.631,-0.994,-0.105,0.039,0,0.348,0.937,-0.112,0.931,-0.346],"_shiftlockState":false,"_pose":"Climbing","_animationQueue":[],"_animationSpeed":0.891,"_zoom":16.175},{"_mousePosition":[683,384],"_rootPartCFrame":[753.506,236.175,45.232,0.005,0,1,0,1,0,-1,0,0.005],"_humanoidState":12,"_cameraCFrame":[754.135,252.836,39.63,-0.994,-0.105,0.039,0,0.348,0.937,-0.112,0.931,-0.346],"_shiftlockState":false,"_pose":"Climbing","_animationQueue":[],"_animationSpeed":0.891,"_zoom":16.175},{"_mousePosition":[683,384],"_rootPartCFrame":[753.506,236.362,45.232,0.005,0,1,0,1,0,-1,0,0.005],"_humanoidState":12,"_cameraCF