[{"_mousePosition":[685,383],"_rootPartCFrame":[776.028,222.7,47.142,0,0,1,0,1,0,-1,0,0],"_humanoidState":8,"_cameraCFrame":[786.778,236.139,48.521,0.127,-0.734,0.667,0,0.672,0.74,-0.992,-0.094,0.085],"_shiftlockState":false,"_pose":"Standing","_animationQueue":[],"_animationSpeed":1,"_zoom":16.125},{"_mousePosition":[685,383],"_rootPartCFrame":[775.911,222.7,47.128,0.009,0,1,0,1,0,-1,0,0.009],"_humanoidState":8,"_cameraCFrame":[786.558,236.223,48.575,0.135,-0.739,0.66,0,0.666,0.746,-0.991,-0.1,0.09],"_shiftlockState":false,"_pose":"Standing","_animationQueue":[],"_animationSpeed":1,"_zoom":16.125},{"_mousePosition":[685,383],"_rootPartCFrame":[775.651,222.7,47.095,0.025,0,1,0,1,0,-1,0,0.025],"_humanoidState":8,"_cameraCFrame":[786.218,236.285,48.613,0.142,-0.742,0.655,0,0.662,0.75,-0.99,-0.107,0.094],"_shiftlockState":false,"_pose":"Running","_animationQueue":[["walk",0.1]],"_animationSpeed":0.836,"_zoom":16.125},{"_mousePosition":[685,383],"_rootPartCFrame":[775.387,222.7,47.059,0.04,0,0.999,0,1,0,-0.999,0,0.04],"_humanoidState":8,"_cameraCFrame":[785.891,236.327,48.677,0.152,-0.743,0.651,0,0.659,0.752,-0.988,-0.114,0.1],"_shiftlockState":false,"_pose":"Running","_animationQueue":[["walk",0.1]],"_animationSpeed":1.098,"_zoom":16.125},{"_mousePosition":[685,383],"_rootPartCFrame":[775.123,222.7,47.021,0.053,0,0.999,0,1,0,-0.999,0,0.053],"_humanoidState":8,"_cameraCFrame":[785.517,236.409,48.73,0.162,-0.747,0.645,0,0.653,0.757,-0.987,-0.123,0.106],"_shiftlockState":false,"_pose":"Running","_animationQueue":[["walk",0.1]],"_animationSpeed":1.098,"_zoom":16.125},{"_mousePosition":[685,383],"_rootPartCFrame":[774.86,222.7,46.981,0.067,0,0.998,0,1,0,-0.998,0,0.067],"_humanoidState":8,"_cameraCFrame":[785.141,236.491,48.778,0.172,-0.751,0.638,0,0.647,0.762,-0.985,-0.131,0.111],"_shiftlockState":false,"_pose":"Running","_animationQueue":[],"_animationSpeed":1.098,"_zoom":16.125},{"_mousePosition":[685,383],"_rootPartCFrame":[774.596,222.7,46.938,0.079,0,0.997,0,1,0,-0.997,0,0.079],"_humanoidState":8,"_cameraCFrame":[784.76,236.572,48.847,0.185,-0.754,0.63,0,0.641,0.767,-0.983,-0.142,0.118],"_shiftlockState":false,"_pose":"Running","_animationQueue":[],"_animationSpeed":1.098,"_zoom":16.125},{"_mousePosition":[685,383],"_rootPartCFrame":[774.334,222.7,46.892,0.092,0,0.996,0,1,0,-0.996,0,0.092],"_humanoidState":8,"_cameraCFrame":[784.396,236.632,48.941,0.2,-0.756,0.624,0,0.637,0.771,-0.98,-0.154,0.127],"_shiftlockState":false,"_pose":"Running","_animationQueue":[],"_animationSpeed":1.098,"_zoom":16.125},{"_mousePosition":[685,383],"_rootPartCFrame":[774.072,222.7,46.843,0.104,0,0.995,0,1,0,-0.995,0,0.104],"_humanoidState":8,"_cameraCFrame":[784.041,236.692,48.979,0.209,-0.758,0.618,0,0.632,0.775,-0.978,-0.162,0.132],"_shiftlockState":false,"_pose":"Running","_animationQueue":[],"_animationSpeed":1.098,"_zoom":16.125},{"_mousePosition":[685,383],"_rootPartCFrame":[773.81,222.7,46.79,0.117,0,0.993,0,1,0,-0.993,0,0.117],"_humanoidState":8,"_cameraCFrame":[783.686,236.752,49.011,0.219,-0.759,0.612,0,0.628,0.778,-0.976,-0.171,0.138],"_shiftlockState":false,"_pose":"Running","_animationQueue":[],"_animationSpeed":1.098,"_zoom":16.125},{"_mousePosition":[685,383],"_rootPartCFrame":[773.549,222.7,46.735,0.129,0,0.992,0,1,0,-0.992,0,0.129],"_humanoidState":8,"_cameraCFrame":[783.734,236.81,47.309,0.227,-0.762,0.607,0,0.623,0.782,-0.974,-0.177,0.141],"_shiftlockState":true,"_pose":"Running","_animationQueue":[],"_animationSpeed":1.098,"_zoom":16.125},{"_mousePosition":[683,384],"_rootPartCFrame":[773.289,222.7,46.676,0.228,0,0.974,0,1,0,-0.974,0,0.228],"_humanoidState":8,"_cameraCFrame":[783.473,236.81,47.251,0.227,-0.762,0.607,0,0.623,0.782,-0.974,-0.177,0.141],"_shiftlockState":true,"_pose":"Running","_animationQueue":[["walk",0.1]],"_animationSpeed":1.098,"_zoom":16.125},{"_mousePosition":[683,384],"_rootPartCFrame":[773.029,222.7,46.616,0.227,0,0.974,0,1,0,-0.974,0,0.227],"_humanoidState":8,"_cameraCFrame":[783.163,236.85,47.23,0.232,-0.763,0.603,0,0.62,0.784,-0.973,-0.182,0.144],"_shiftlockState":true,"_pose":"Running","_animationQueue":[],"_animationSpeed":1.098,"_zoom":16.125},{"_mousePosition":[683,384],"_rootPartCFrame":[772.705,222.7,46.541,0.232,0,0.973,0,1,0,-0.973,0,0.232],"_humanoidState":8,"_cameraCFrame":[782.812,236.869,47.175,0.234,-0.764,0.601,0,0.619,0.786,-0.972,-0.184,0.145],"_shiftlockState":true,"_pose":"Running","_animationQueue":[],"_animationSpeed":1.098,"_zoom":16.125},{"_mousePosition":[683,384],"_rootPartCFrame":[772.51,222.7,46.495,0.234,0,0.972,0,1,0,-0.972,0,0.234],"_humanoidState":8,"_cameraCFrame":[782.618,236.869,47.129,0.234,-0.764,0.601,0,0.619,0.786,-0.972,-0.184,0.145],"_shiftlockState":true,"_pose":"Running","_animationQueue":[],"_animationSpeed":1.098,"_zoom":16.125},{"_mousePosition":[683,384],"_rootPartCFrame":[772.251,222.7,46.432,0.234,0,0.972,0,1,0,-0.972,0,0.234],"_humanoidState":8,"_cameraCFrame":[782.358,236.869,47.066,0.234,-0.764,0.601,0,0.619,0.786,-0.972,-0.184,0.145],"_shiftlockState":true,"_pose":"Running","_animationQueue":[],"_animationSpeed":1.098,"_zoom":16.125},{"_mousePosition":[683,384],"_rootPartCFrame":[771.992,222.7,46.37,0.234,0,0.972,0,1,0,-0.972,0,0.234],"_humanoidState":8,"_cameraCFrame":[782.099,236.869,47.004,0.234,-0.764,0.601,0,0.619,0.786,-0.972,-0.184,0.145],"_shiftlockState":true,"_pose":"Running","_animationQueue":[],"_animationSpeed":1.098,"_zoom":16.125},{"_mousePosition":[683,384],"_rootPartCFrame":[771.667,223.783,46.292,0.234,0,0.972,0,1,0,-0.972,0,0.234],"_humanoidState":3,"_cameraCFrame":[781.775,237.953,46.926,0.234,-0.764,0.601,0,0.619,0.786,-0.972,-0.184,0.145],"_shiftlockState":true,"_pose":"Jumping","_animationQueue":[["walk",0.1],["walk",0.1],["jump",0.1]],"_animationSpeed":1,"_zoom":16.125},{"_mousePosition":[683,384],"_rootPartCFrame":[771.473,224.395,46.245,0.234,0,0.972,0,1,0,-0.972,0,0.234],"_humanoidState":5,"_cameraCFrame":[781.557,238.584,46.873,0.234,-0.765,0.6,0,0.617,0.787,-0.972,-0.184,0.144],"_shiftlockState":true,"_pose":"FreeFall","_animationQueue":[["jump",0.1]],"_animationSpeed":1,"_zoom":16.125},{"_mousePosition":[683,384],"_rootPartCFrame":[771.149,225.346,46.167,0.234,0,0.972,0,1,0,-0.972,0,0.234],"_humanoidState":5,"_cameraCFrame":[781.184,239.573,46.784,0.234,-0.767,0.597,0,0.614,0.789,-0.972,-0.185,0.144],"_shiftlockState":true,"_pose":"FreeFall","_animationQueue":[],"_animationSpeed":1,"_zoom":16.125},{"_mousePosition":[683,384],"_rootPartCFrame":[770.89,226.045,46.104,0.234,0,0.972,0,1,0,-0.972,0,0.234],"_humanoidState":5,"_cameraCFrame":[780.853,240.33,46.704,0.234,-0.771,0.592,0,0.609,0.793,-0.972,-0.186,0.143],"_shiftlockState":true,"_pose":"FreeFall","_animationQueue":[],"_animationSpeed":1,"_zoom":16.125},{"_mousePosition":[683,384],"_rootPartCFrame":[770.63,226.69,46.042,0.234,0,0.972,0,1,0,-0.972,0,0.234],"_humanoidState":5,"_cameraCFrame":[780.501,241.051,46.518,0.224,-0.777,0.588,0,0.603,0.798,-0.975,-0.179,0.135],"_shiftlockState":true,"_pose":"FreeFall","_animationQueue":[],"_animationSpeed":1,"_zoom":16.125},{"_mousePosition":[683,384],"_rootPartCFrame":[770.306,227.419,45.964,0.225,0,0.974,0,1,0,-0.974,0,0.225],"_humanoidState":5,"_cameraCFrame":[780.083,241.856,46.318,0.214,-0.784,0.583,0,0.597,0.802,-0.977,-0.172,0.128],"_shiftlockState":true,"_pose":"FreeFall","_animationQueue":[],"_animationSpeed":1,"_zoom":16.125},{"_mousePosition":[683,384],"_rootPartCFrame":[770.111,227.816,45.919,0.215,0,0.977,0,1,0,-0.977,0,0.215],"_humanoidState":5,"_cameraCFrame":[779.818,242.309,46.159,0.204,-0.789,0.58,0,0.592,0.806,-0.979,-0.165,0.121],"_shiftlockState":true,"_pose":"FreeFall","_animationQueue":[],"_animationSpeed":1,"_zoom":16.125},{"_mousePosition":[683,384],"_rootPartCFrame":[769.851,228.298,45.861,0.206,0,0.979,0,1,0,-0.979,0,0.206],"_humanoidState":5,"_cameraCFrame":[779.41,242.901,45.925,0.19,-0.798,0.572,0,0.583,0.813,-0.982,-0.154,0.111],"_shiftlockState":true,"_pose":"FreeFall","_animationQueue":[],"_animationSpeed":1,"_zoom":16.125},{"_mousePosition":[683,384],"_rootPartCFrame":[769.59,228.725,45.806,0.191,0,0.982,0,1,0,-0.982,0,0.191],"_humanoidState":5,"_cameraCFrame":[779.048,243.401,45.707,0.175,-0.805,0.568,0,0.576,0.817,-0.985,-0.143,0.101],"_shiftlockState":true,"_pose":"FreeFall","_animationQueue":[],"_animationSpeed":1,"_zoom":16.125},{"_mousePosition":[683,384],"_rootPartCFrame":[769.328,229.097,45.755,0.177,0,0.984,0,1,0,-0.984,0,0.177],"_humanoidState":5,"_cameraCFrame":[778.681,243.845,45.448,0.155,-0.812,0.563,0,0.57,0.822,-0.988,-0.127,0.088],"_shiftlockState":true,"_pose":"FreeFall","_animationQueue":[],"_animationSpeed":1,"_zoom":16.125},{"_mousePosition":[683,384],"_rootPartCFrame":[769.066,229.415,45.708,0.157,0,0.988,0,1,0,-0.988,0,0.157],"_humanoidState":5,"_cameraCFrame":[778.256,244.27,45.191,0.135,-0.821,0.555,0,0.56,0.828,-0.991,-0.112,0.075],"_shiftlockState":true,"_pose":"FreeFall","_animationQueue":[],"_animationSpeed":1,"_zoom":16.125},{"_mousePosition":[683,384],"_rootPartCFrame":[768.869,229.617,45.676,0.137,0,0.991,0,1,0,-0.991,0,0.137],"_humanoidState":5,"_cameraCFrame":[777.887,244.577,44.91,0.11,-0.83,0.547,0,0.551,0.835,-0.994,-0.091,0.06],"_shiftlockState":true,"_pose":"FreeFall","_animationQueue":[],"_animationSpeed":1,"_zoom":16.125},{"_mousePosition":[683,384],"_rootPartCFrame":[768.604,229.84,45.639,0.113,0,0.994,0,1,0,-0.994,0,0.113],"_humanoidState":5,"_cameraCFrame":[777.474,244.886,44.679,0.089,-0.837,0.54,0,0.543,0.84,-0.996,-0.075,0.049],"_shiftlockState":true,"_pose":"FreeFall","_animationQueue":[],"_animationSpeed":1,"_zoom":16.125},{"_mousePosition":[683,384],"_rootPartCFrame":[768.339,230.008,45.609,0.092,0,0.996,0,1,0,-0.996,0,0.092],"_humanoidState":5,"_cameraCFrame":[777.053,245.138,44.438,0.067,-0.843,0.533,0,0.534,0.845,-0.998,-0.056,0.036],"_shiftlockState":true,"_pose":"FreeFall","_animationQueue":[],"_animationSpeed":1,"_zoom":16.125},{"_mousePosition":[683,384],"_rootPartCFrame":[768.074,230.122,45.585,0.07,0,0.998,0,1,0,-0.998,0,0.07],"_humanoidState":5,"_cameraCFrame":[776.659,245.319,44.254,0.049,-0.848,0.527,0,0.528,0.849,-0.999,-0.042,0.026],"_shiftlockState":true,"_pose":"FreeFall","_animationQueue":[],"_animationSpeed":1,"_zoom":16.125},{"_mousePosition":[683,384],"_rootPartCFrame":[767.808,230.181,45.566,0.052,0,0.999,0,1,0,-0.999,0,0.052],"_humanoidState":5,"_cameraCFrame":[776.288,245.427,44.081,0.031,-0.852,0.522,0,0.523,0.852,-1,-0.027,0.016],"_shiftlockState":true,"_pose":"FreeFall","_animationQueue":[],"_animationSpeed":1,"_zoom":16.125},{"_mousePosition":[683,384],"_rootPartCFrame":[767.542,230.185,45.552,0.034,0,0.999,0,1,0,-0.999,0,0.034],"_humanoidState":5,"_cameraCFrame":[775.948,245.464,43.959,0.019,-0.854,0.519,0,0.519,0.855,-1,-0.016,0.01],"_shiftlockState":true,"_pose":"FreeFall","_animationQueue":[],"_animationSpeed":1,"_zoom":16.125},{"_mousePosition":[683,384],"_rootPartCFrame":[767.208,230.114,45.541,0.021,0,1,0,1,0,-1,0,0.021],"_humanoidState":5,"_cameraCFrame":[775.54,245.426,43.841,0.006,-0.857,0.516,0,0.516,0.857,-1,-0.005,0.003],"_shiftlockState":true,"_pose":"FreeFall","_animationQueue":[],"_animationSpeed":1,"_zoom":16.125},{"_mousePosition":[683,384],"_rootPartCFrame":[767.008,230.031,45.537,0.007,0,1,0,1,0,-1,0,0.007],"_humanoidState":5,"_cameraCFrame":[775.269,245.375,43.753,-0.004,-0.859,0.513,0,0.513,0.859,-1,0.004,-0.002],"_shiftlockState":true,"_pose":"FreeFall","_animationQueue":[],"_animationSpeed":1,"_zoom":16.125},{"_mousePosition":[683,384],"_rootPartCFrame":[766.742,229.872,45.535,-0.003,0,1,0,1,0,-1,0,-0.003],"_humanoidState":5,"_cameraCFrame":[774.92,245.248,43.626,-0.019,-0.86,0.509,0,0.509,0.861,-1,0.017,-0.01],"_shiftlockState":true,"_pose":"FreeFall","_animationQueue":[],"_animationSpeed":1,"_zoom":16.125},{"_mousePosition":[683,384],"_rootPartCFrame":[766.409,229.596,45.536,-0.017,0,1,0,1,0,-1,0,-0.017],"_humanoidState":5,"_cameraCFrame":[774.54,244.988,43.546,-0.029,-0.861,0.507,0,0.508,0.862,-1,0.025,-0.015],"_shiftlockState":true,"_pose":"FreeFall","_animationQueue":[["fall",0.3]],"_animationSpeed":1,"_zoom":16.125},{"_mousePosition":[683,384],"_rootPartCFrame":[766.142,229.315,45.54,-0.028,0,1,0,1,0,-1,0,-0.028],"_humanoidState":5,"_cameraCFrame":[774.199,244.739,43.47,-0.04,-0.863,0.504,0,0.504,0.864,-0.999,0.034,-0.02],"_shiftlockState":true,"_pose":"FreeFall","_animationQueue":[],"_animationSpeed":1,"_zoom":16.125},{"_mousePosition":[683,384],"_rootPartCFrame":[765.942,229.068,45.546,-0.038,0,0.999,0,1,0,-0.999,0,-0.038],"_humanoidState":5,"_cameraCFrame":[773.912,244.523,43.356,-0.055,-0.864,0.5,0,0.501,0.865,-0.999,0.047,-0.027],"_shiftlockState":true,"_pose":"FreeFall","_animationQueue":[],"_animationSpeed":1,"_zoom":16.125},{"_mousePosition":[683,384],"_rootPartCFrame":[765.676,228.691,45.556,-0.053,0,0.999,0,1,0,-0.999,0,-0.053],"_humanoidState":5,"_cameraCFrame":[773.612,244.146,43.246,-0.07,-0.863,0.5,0,0.501,0.865,-0.998,0.06,-0.035],"_shiftlockState":true,"_pose":"FreeFall","_animationQueue":[],"_animationSpeed":1,"_zoom":16.125},{"_mousePosition":[683,384],"_rootPartCFrame":[765.409,228.259,45.57,-0.068,0,0.998,0,1,0,-0.998,0,-0.068],"_humanoidState":5,"_cameraCFrame":[773.307,243.731,43.222,-0.075,-0.864,0.498,0,0.499,0.866,-0.997,0.065,-0.037],"_shiftlockState":true,"_pose":"FreeFall","_animationQueue":[],"_animationSpeed":1,"_zoom":16.125},{"_mousePosition":[683,384],"_rootPartCFrame":[765.143,227.773,45.588,-0.074,0,0.997,0,1,0,-0.997,0,-0.074],"_humanoidState":5,"_cameraCFrame":[773.04,243.245,43.24,-0.075,-0.864,0.498,0,0.499,0.866,-0.997,0.065,-0.037],"_shiftlockState":true,"_pose":"FreeFall","_animationQueue":[],"_animationSpeed":1,"_zoom":16.125},{"_mousePosition":[683,384],"_rootPartCFrame":[765.032,227.858,45.603,0.02,-0.01,1,0,1,0.01,-1,0,0.02],"_humanoidState":12,"_cameraCFrame":[772.944,243.329,43.355,-0.062,-0.865,0.498,0,0.499,0.866,-0.998,0.054,-0.031],"_shiftlockState":true,"_pose":"Climbing","_animationQueue":[["walk",0.1],["fall",0.3],["climb",0.1],["climb",0]],"_animationSpeed":-2.532,"_zoom":16.125},{"_mousePosition":[683,384],"_rootPartCFrame":[765.047,228.042,45.609,-0.036,-0.004,0.999,0,1,0.004,-0.999,0,-0.036],"_humanoidState":12,"_cameraCFrame":[773.254,243.466,44.281,0.052,-0.862,0.504,0,0.504,0.864,-0.999,-0.045,0.026],"_shiftlockState":true,"_pose":"Climbing","_animationQueue":[["climb",0.1]],"_animationSpeed":0.865,"_zoom":16.125},{"_mousePosition":[683,384],"_rootPartCFrame":[765.057,228.228,45.61,0.049,-0.002,0.999,0,1,0.002,-0.999,0,0.049],"_humanoidState":12,"_cameraCFrame":[773.381,243.62,46.481,0.31,-0.819,0.483,0,0.508,0.862,-0.951,-0.267,0.157],"_shiftlockState":true,"_pose":"Climbing","_animationQueue":[["climb",0.1]],"_animationSpeed":0.93,"_zoom":16.125},{"_mousePosition":[683,384],"_rootPartCFrame":[765.278,228.414,45.61,0.299,0,0.954,0,1,0,-0.954,0,0.299],"_humanoidState":12,"_cameraCFrame":[773.025,243.71,49.182,0.596,-0.687,0.416,0,0.518,0.856,-0.803,-0.51,0.309],"_shiftlockState":true,"_pose":"Climbing","_animationQueue":[["climb",0]],"_animationSpeed":0.93,"_zoom":16.125},{"_mousePosition":[683,384],"_rootPartCFrame":[765.499,229.127,45.56,0.556,0,0.831,0.006,1,-0.004,-0.831,0.007,0.556],"_humanoidState":8,"_cameraCFrame":[771.949,244.139,51.81,0.822,-0.477,0.311,0,0.546,0.838,-0.569,-0.689,0.449],"_shiftlockState":true,"_pose":"Standing","_animationQueue":[["climb",0.1],["idle",0.1],["idle",0.1]],"_animationSpeed":1,"_zoom":16.125},{"_mousePosition":[683,384],"_rootPartCFrame":[765.633,229.799,45.471,0.822,0,0.569,0.002,1,-0.002,-0.569,0.003,0.822],"_humanoidState":8,"_cameraCFrame":[771.902,244.671,52.18,0.847,-0.441,0.297,0,0.559,0.829,-0.531,-0.703,0.473],"_shiftlockState":true,"_pose":"Running","_animationQueue":[["walk",0.1]],"_animationSpeed":0.257,"_zoom":16.125},{"_mousePosition":[683,384],"_rootPartCFrame":[765.644,230.682,45.392,0.855,0,0.519,-0.001,1,0.001,-0.519,-0.002,0.855],"_humanoidState":3,"_cameraCFrame":[772.589,245.376,51.772,0.801,-0.489,0.344,0,0.575,0.818,-0.598,-0.656,0.461],"_shiftlockState":true,"_pose":"Jumping","_animationQueue":[["walk",0.1],["jump",0.1]],"_animationSpeed":1,"_zoom":16.125},{"_mousePosition":[683,384],"_rootPartCFrame":[765.635,231.324,45.323,0.807,0,0.591,-0.001,1,0.002,-0.591,-0.002,0.807],"_humanoidState":5,"_cameraCFrame":[773.842,245.853,50.411,0.672,-0.598,0.436,0,0.589,0.808,-0.74,-0.543,0.396],"_shiftlockState":true,"_pose":"FreeFall","_animationQueue":[["jump",0.1]],"_animationSpeed":1,"_zoom":16.125},{"_mousePosition":[683,384],"_rootPartCFrame":[765.596,232.132,45.209,0.688,0,0.726,-0.001,1,0.001,-0.726,-0.001,0.688],"_humanoidState":5,"_cameraCFrame":[774.868,246.569,48.329,0.483,-0.702,0.523,0,0.597,0.802,-0.875,-0.388,0.289],"_shiftlockState":true,"_pose":"FreeFall","_animationQueue":[],"_animationSpeed":1,"_zoom":16.125},{"_mousePosition":[683,384],"_rootPartCFrame":[765.523,232.886,45.076,0.508,0,0.861,0,1,0,-0.861,0,0.508],"_humanoidState":5,"_cameraCFrame":[775.314,247.285,45.987,0.268,-0.771,0.578,0,0.6,0.8,-0.963,-0.215,0.161],"_shiftlockState":true,"_pose":"FreeFall","_animationQueue":[],"_animationSpeed":1,"_zoom":16.125},{"_mousePosition":[683,384],"_rootPartCFrame":[765.45,233.585,44.959,0.277,0,0.961,0,1,0,-0.961,0,0.277],"_humanoidState":5,"_cameraCFrame":[775.225,248.003,44.154,0.097,-0.797,0.596,0,0.599,0.801,-0.995,-0.078,0.058],"_shiftlockState":true,"_pose":"FreeFall","_animationQueue":[],"_animationSpeed":1,"_zoom":16.125},{"_mousePosition":[683,384],"_rootPartCFrame":[765.397,234.23,44.876,0.098,0,0.995,0,1,0,-0.995,0,0.098],"_humanoidState":5,"_cameraCFrame":[775.011,248.667,43.062,-0.007,-0.802,0.597,0,0.597,0.802,-1,0.005,-0.004],"_shiftlockState":true,"_pose":"FreeFall","_animationQueue":[],"_animationSpeed":1,"_zoom":16.125},{"_mousePosition":[683,384],"_rootPartCFrame":[765.366,234.821,44.826,-0.007,0,1,0,1,0,-1,0,-0.007],"_humanoidState":5,"_cameraCFrame":[774.898,249.257,42.625,-0.047,-0.801,0.596,0,0.597,0.802,-0.999,0.038,-0.028],"_shiftlockState":true,"_pose":"FreeFall","_animationQueue":[],"_animationSpeed":1,"_zoom":16.125},{"_mousePosition":[683,384],"_rootPartCFrame":[765.355,235.356,44.81,-0.047,0,0.999,0,1,0,-0.999,0,-0.047],"_humanoidState":5,"_cameraCFrame":[774.871,249.793,42.536,-0.055,-0.801,0.596,0,0.597,0.802,-0.999,0.044,-0.033],"_shiftlockState":true,"_pose":"FreeFall","_animationQueue":[],"_animationSpeed":1,"_zoom":16.125},{"_mousePosition":[683,384],"_rootPartCFrame":[765.355,235.838,44.809,-0.055,0,0.999,0,1,0,-0.999,0,-0.055],"_humanoidState":5,"_cameraCFrame":[774.847,250.275,42.439,-0.065,-0.801,0.596,0,0.597,0.802,-0.998,0.052,-0.039],"_shiftlockState":true,"_pose":"FreeFall","_animationQueue":[],"_animationSpeed":1,"_zoom":16.125},{"_mousePosition":[683,384],"_rootPartCFrame":[765.355,236.363,44.809,-0.065,0,0.998,0,1,0,-0.998,0,-0.065],"_humanoidState":5,"_cameraCFrame":[774.791,250.8,42.223,-0.088,-0.799,0.595,0,0.597,0.802,-0.996,0.07,-0.052],"_shiftlockState":true,"_pose":"FreeFall","_animationQueue":[],"_animationSpeed":1,"_zoom":16.125},{"_mousePosition":[683,384],"_rootPartCFrame":[765.355,236.722,44.809,-0.088,0,0.996,0,1,0,-0.996,0,-0.088],"_humanoidState":5,"_cameraCFrame":[774.646,251.177,41.823,-0.13,-0.797,0.59,0,0.595,0.803,-0.991,0.105,-0.078],"_shiftlockState":true,"_pose":"FreeFall","_animationQueue":[],"_animationSpeed":1,"_zoom":16.125},{"_mousePosition":[683,384],"_rootPartCFrame":[765.355,237.026,44.809,-0.13,0,0.991,0,1,0,-0.991,0,-0.13],"_humanoidState":5,"_cameraCFrame":[774.407,251.519,41.297,-0.188,-0.791,0.582,0,0.592,0.806,-0.982,0.151,-0.111],"_shiftlockState":true,"_pose":"FreeFall","_animationQueue":[],"_animationSpeed":1,"_zoom":16.125},{"_mousePosition":[683,384],"_rootPartCFrame":[765.355,237.276,44.809,-0.188,0,0.982,0,1,0,-0.982,0,-0.188],"_humanoidState":5,"_cameraCFrame":[774.309,251.787,41.12,-0.208,-0.789,0.578,0,0.591,0.807,-0.978,0.167,-0.123],"_shiftlockState":true,"_pose":"FreeFall","_animationQueue":[],"_animationSpeed":1,"_zoom":16.125},{"_mousePosition":[683,384],"_rootPartCFrame":[765.355,237.471,44.809,-0.208,0,0.978,0,1,0,-0.978,0,-0.208],"_humanoidState":5,"_cameraCFrame":[774.309,251.982,41.12,-0.208,-0.789,0.578,0,0.591,0.807,-0.978,0.167,-0.123],"_shiftlockState":true,"_pose":"FreeFall","_animationQueue":[],"_animationSpeed":1,"_zoom":16.125},{"_mousePosition":[683,384],"_rootPartCFrame":[765.355,237.612,44.809,-0.208,0,0.978,0,1,0,-0.978,0,-0.208],"_humanoidState":5,"_cameraCFrame":[774.309,252.123,41.12,-0.208,-0.789,0.578,0,0.591,0.807,-0.978,0.167,-0.123],"_shiftlockState":true,"_pose":"FreeFall","_animationQueue":[],"_animationSpeed":1,"_zoom":16.125},{"_mousePosition":[683,384],"_rootPartCFrame":[765.331,237.698,44.814,-0.208,0,0.978,0,1,0,-0.978,0,-0.208],"_humanoidState":5,"_cameraCFrame":[774.34,252.209,41.262,-0.193,-0.792,0.58,0,0.591,0.807,-0.981,0.155,-0.114],"_shiftlockState":true,"_pose":"FreeFall","_animationQueue":[],"_animationSpeed":1,"_zoom":16.125},{"_mousePosition":[683,384],"_rootPartCFrame":[765.267,237.73,44.828,-0.194,0,0.981,0,1,0,-0.981,0,-0.194],"_humanoidState":5,"_cameraCFrame":[774.709,252.204,42.461,-0.065,-0.803,0.593,0,0.594,0.805,-0.998,0.052,-0.038],"_shiftlockState":true,"_pose":"FreeFall","_animationQueue":[],"_animationSpeed":1,"_zoom":16.125},{"_mousePosition":[683,384],"_rootPartCFrame":[765.195,237.718,44.843,-0.073,0,0.997,0,1,0,-0.997,0,-0.073],"_humanoidState":5,"_cameraCFrame":[774.943,252.173,45.29,0.224,-0.783,0.58,0,0.595,0.803,-0.975,-0.18,0.134],"_shiftlockState":true,"_pose":"FreeFall","_animationQueue":[],"_animationSpeed":1,"_zoom":16.125},{"_mousePosition":[683,384],"_rootPartCFrame":[765.22,237.687,44.775,0.175,0.009,0.985,-0.009,1,-0.008,-0.985,-0.008,0.175],"_humanoidState":5,"_cameraCFrame":[774.117,252.029,49.149,0.594,-0.641,0.486,0,0.605,0.796,-0.804,-0.473,0.359],"_shiftlockState":true,"_pose":"FreeFall","_animationQueue":[],"_animationSpeed":1,"_zoom":16.125},{"_mousePosition":[683,384],"_rootPartCFrame":[765.503,238.28,44.706,0.565,-0.005,0.825,0.002,1,0.005,-0.825,-0.001,0.565],"_humanoidState":7,"_cameraCFrame":[772.581,252.39,52.042,0.828,-0.439,0.35,0,0.623,0.782,-0.561,-0.647,0.516],"_shiftlockState":true,"_pose":"FreeFall","_animationQueue":[["walk",0.1]],"_animationSpeed":0.375,"_zoom":16.125},{"_mousePosition":[683,384],"_rootPartCFrame":[765.61,238.923,44.643,0.831,-0.017,0.556,0.015,1,0.008,-0.556,0.002,0.831],"_humanoidState":7,"_cameraCFrame":[771.649,252.835,53.145,0.9,-0.336,0.278,0,0.638,0.77,-0.436,-0.693,0.574],"_shiftlockState":true,"_pose":"FreeFall","_animationQueue":[],"_animationSpeed":0.375,"_zoom":16.125},{"_mousePosition":[683,384],"_rootPartCFrame":[765.598,239.509,44.603,0.903,-0.005,0.43,0.005,1,0.002,-0.43,0,0.903],"_humanoidState":8,"_cameraCFrame":[772.093,253.28,52.983,0.88,-0.361,0.308,0,0.649,0.761,-0.474,-0.67,0.571],"_shiftlockState":true,"_pose":"Running","_animationQueue":[["fall",0.3],["walk",0.1],["fall",0.3],["walk",0.1]],"_animationSpeed":0.278,"_zoom":16.125},{"_mousePosition":[683,384],"_rootPartCFrame":[765.59,240.393,44.577,0.881,0.006,0.472,-0.005,1,-0.004,-0.472,0.001,0.881],"_humanoidState":3,"_cameraCFrame":[774.669,254.041,50.344,0.667,-0.561,0.49,0,0.658,0.753,-0.745,-0.502,0.438],"_shiftlockState":true,"_pose":"Jumping","_animationQueue":[["walk",0.1],["jump",0.1]],"_animationSpeed":1,"_zoom":16.125},{"_mousePosition":[683,384],"_rootPartCFrame":[765.567,241.242,44.53,0.691,0.006,0.723,-0.004,1,-0.004,-0.723,-0.001,0.691],"_humanoidState":5,"_cameraCFrame":[775.816,254.952,47.549,0.436,-0.681,0.588,0,0.653,0.757,-0.9,-0.33,0.285],"_shiftlockState":true,"_pose":"FreeFall","_animationQueue":[["jump",0.1]],"_animationSpeed":1,"_zoom":16.125},{"_mousePosition":[683,384],"_rootPartCFrame":[765.497,242.227,44.433,0.479,0.001,0.878,-0.001,1,-0.001,-0.878,-0.001,0.479],"_humanoidState":5,"_cameraCFrame":[776.076,256.018,44.773,0.197,-0.747,0.635,0,0.647,0.762,-0.98,-0.15,0.128],"_shiftlockState":true,"_pose":"FreeFall","_animationQueue":[],"_animationSpeed":1,"_zoom":16.125},{"_mousePosition":[683,384],"_rootPartCFrame":[765.428,242.777,44.364,0.223,0,0.975,0,1,0,-0.975,0,0.223],"_humanoidState":5,"_cameraCFrame":[775.685,256.71,42.546,-0.007,-0.771,0.637,0,0.637,0.771,-1,0.005,-0.004],"_shiftlockState":true,"_pose":"FreeFall","_animationQueue":[],"_animationSpeed":1,"_zoom":16.125},{"_mousePosition":[683,384],"_rootPartCFrame":[765.304,243.463,44.277,0.023,0,1,0,1,0,-1,0,0.023],"_humanoidState":5,"_cameraCFrame":[775.128,257.455,41.039,-0.148,-0.766,0.625,0,0.632,0.775,-0.989,0.115,-0.093],"_shiftlockState":true,"_pose":"FreeFall","_animationQueue":[],"_animationSpeed":1,"_zoom":16.125},{"_mousePosition":[683,384],"_rootPartCFrame":[765.144,244.094,44.207,-0.126,0,0.992,0,1,0,-0.992,0,-0.126],"_humanoidState":5,"_cameraCFrame":[774.654,258.087,40.137,-0.232,-0.754,0.615,0,0.632,0.775,-0.973,0.18,-0.147],"_shiftlockState":true,"_pose":"FreeFall","_animationQueue":[],"_animationSpeed":1,"_zoom":16.125},{"_mousePosition":[683,384],"_rootPartCFrame":[764.955,244.671,44.163,-0.219,0,0.976,0,1,0,-0.976,0,-0.219],"_humanoidState":5,"_cameraCFrame":[774.293,258.663,39.712,-0.271,-0.746,0.609,0,0.632,0.775,-0.962,0.21,-0.172],"_shiftlockState":true,"_pose":"FreeFall","_animationQueue":[],"_animationSpeed":1,"_zoom":16.125},{"_mousePosition":[683,384],"_rootPartCFrame":[764.743,245.193,44.152,-0.264,0,0.964,0,1,0,-0.964,0,-0.264],"_humanoidState":5,"_cameraCFrame":[773.989,259.186,39.512,-0.291,-0.741,0.605,0,0.632,0.775,-0.957,0.225,-0.184],"_shiftlockState":true,"_pose":"FreeFall","_animationQueue":[],"_animationSpeed":1,"_zoom":16.125},{"_mousePosition":[683,384],"_rootPartCFrame":[764.511,245.661,44.175,-0.287,0,0.958,0,1,0,-0.958,0,-0.287],"_humanoidState":5,"_cameraCFrame":[773.625,259.653,39.28,-0.317,-0.735,0.6,0,0.632,0.775,-0.948,0.246,-0.201],"_shiftlockState":true,"_pose":"FreeFall","_animationQueue":[],"_animationSpeed":1,"_zoom":16.125},{"_mousePosition":[683,384],"_rootPartCFrame":[764.264,246.074,44.235,-0.314,0,0.949,0,1,0,-0.949,0,-0.314],"_humanoidState":5,"_cameraCFrame":[773.117,260.067,38.884,-0.365,-0.721,0.589,0,0.632,0.775,-0.931,0.283,-0.231],"_shiftlockState":true,"_pose":"FreeFall","_animationQueue":[],"_animationSpeed":1,"_zoom":16.125},{"_mousePosition":[683,384],"_rootPartCFrame":[764.011,246.433,44.317,-0.36,0,0.933,0,1,0,-0.933,0,-0.36],"_humanoidState":5,"_cameraCFrame":[772.509,260.426,38.418,-0.423,-0.702,0.573,0,0.632,0.775,-0.906,0.328,-0.268],"_shiftlockState":true,"_pose":"FreeFall","_animationQueue":[],"_animationSpeed":1,"_zoom":16.125},{"_mousePosition":[683,384],"_rootPartCFrame":[763.7,246.805,44.437,-0.414,0,0.91,0,1,0,-0.91,0,-0.414],"_humanoidState":5,"_cameraCFrame":[771.732,260.837,37.995,-0.484,-0.68,0.551,0,0.629,0.777,-0.875,0.376,-0.305],"_shiftlockState":true,"_pose":"FreeFall","_animationQueue":[],"_animationSpeed":1,"_zoom":16.125},{"_mousePosition":[683,384],"_rootPartCFrame":[763.517,246.987,44.519,-0.478,0,0.878,0,1,0,-0.878,0,-0.478],"_humanoidState":5,"_cameraCFrame":[771.12,261.059,37.647,-0.534,-0.659,0.529,0,0.626,0.78,-0.845,0.416,-0.334],"_shiftlockState":true,"_pose":"FreeFall","_animationQueue":[],"_animationSpeed":1,"_zoom":16.125},{"_mousePosition":[683,384],"_rootPartCFrame":[763.282,247.182,44.645,-0.527,0,0.85,0,1,0,-0.85,0,-0.527],"_humanoidState":5,"_cameraCFrame":[770.359,261.293,37.299,-0.591,-0.631,0.503,0,0.623,0.782,-0.807,0.462,-0.368],"_shiftlockState":true,"_pose":"FreeFall","_animationQueue":[],"_animationSpeed":1,"_zoom":16.125},{"_mousePosition":[683,384],"_rootPartCFrame":[763.056,247.323,44.785,-0.583,0,0.812,0,1,0,-0.812,0,-0.583],"_humanoidState":5,"_cameraCFrame":[769.924,261.473,37.31,-0.609,-0.622,0.492,0,0.62,0.784,-0.793,0.478,-0.378],"_shiftlockState":true,"_pose":"FreeFall","_animationQueue":[],"_animationSpeed":1,"_zoom":16.125},{"_mousePosition":[683,384],"_rootPartCFrame":[762.839,247.409,44.94,-0.605,0,0.796,0,1,0,-0.796,0,-0.605],"_humanoidState":5,"_cameraCFrame":[769.63,261.598,37.46,-0.613,-0.622,0.488,0,0.617,0.787,-0.79,0.482,-0.378],"_shiftlockState":true,"_pose":"FreeFall","_animationQueue":[],"_animationSpeed":1,"_zoom":16.125},{"_mousePosition":[683,384],"_rootPartCFrame":[762.627,247.441,45.102,-0.611,0,0.791,0,1,0,-0.791,0,-0.611],"_humanoidState":5,"_cameraCFrame":[769.454,261.669,37.721,-0.605,-0.629,0.489,0,0.614,0.789,-0.796,0.477,-0.371],"_shiftlockState":true,"_pose":"FreeFall","_animationQueue":[],"_animationSpeed":1,"_zoom":16.125},{"_mousePosition":[683,384],"_rootPartCFrame":[762.416,247.419,45.265,-0.605,0,0.796,0,1,0,-0.796,0,-0.605],"_humanoidState":5,"_cameraCFrame":[769.505,261.742,38.309,-0.564,-0.657,0.501,0,0.606,0.795,-0.826,0.448,-0.342],"_shiftlockState":true,"_pose":"FreeFall","_animationQueue":[],"_animationSpeed":1,"_zoom":16.125},{"_mousePosition":[683,384],"_rootPartCFrame":[762.268,247.359,45.392,-0.529,0.003,0.849,0.005,1,0,-0.849,0.004,-0.529],"_humanoidState":5,"_cameraCFrame":[769.782,261.759,39.051,-0.499,-0.693,0.52,0,0.6,0.8,-0.866,0.399,-0.3],"_shiftlockState":true,"_pose":"FreeFall","_animationQueue":[["fall",0.3]],"_animationSpeed":1,"_zoom":16.125},{"_mousePosition":[683,384],"_rootPartCFrame":[762.289,247.301,45.423,-0.457,0.004,0.89,0.008,1,-0.001,-0.89,0.006,-0.457],"_humanoidState":5,"_cameraCFrame":[770.246,261.775,39.816,-0.421,-0.73,0.539,0,0.594,0.805,-0.907,0.339,-0.25],"_shiftlockState":true,"_pose":"FreeFall","_animationQueue":[],"_animationSpeed":1,"_zoom":16.125},{"_mousePosition":[683,384],"_rootPartCFrame":[762.273,247.187,45.468,-0.425,0.002,0.905,0.003,1,0,-0.905,0.003,-0.425],"_humanoidState":5,"_cameraCFrame":[770.644,261.736,40.699,-0.329,-0.764,0.555,0,0.588,0.809,-0.944,0.267,-0.194],"_shiftlockState":true,"_pose":"FreeFall","_animationQueue":[],"_animationSpeed":1,"_zoom":16.125},{"_mousePosition":[683,384],"_rootPartCFrame":[762.219,247.019,45.526,-0.341,0,0.94,0.001,1,0,-0.94,0.001,-0.341],"_humanoidState":5,"_cameraCFrame":[770.968,261.605,41.614,-0.235,-0.789,0.568,0,0.584,0.811,-0.972,0.19,-0.137],"_shiftlockState":true,"_pose":"FreeFall","_animationQueue":[],"_animationSpeed":1,"_zoom":16.125},{"_mousePosition":[683,384],"_rootPartCFrame":[762.127,246.797,45.592,-0.247,0,0.969,0,1,0,-0.969,0,-0.247],"_humanoidState":5,"_cameraCFrame":[771.172,261.382,42.422,-0.153,-0.802,0.578,0,0.584,0.811,-0.988,0.124,-0.089],"_shiftlockState":true,"_pose":"FreeFall","_animationQueue":[],"_animationSpeed":1,"_zoom":16.125},{"_mousePosition":[683,384],"_rootPartCFrame":[762.107,246.915,45.612,-0.116,0,0.993,-0.002,1,0,-0.993,-0.002,-0.116],"_humanoidState":12,"_cameraCFrame":[771.289,261.537,43.046,-0.088,-0.811,0.579,0,0.581,0.814,-0.996,0.071,-0.051],"_shiftlockState":true,"_pose":"Climbing","_animationQueue":[["walk",0.1],["fall",0.3],["climb",0.1],["climb",0]],"_animationSpeed":-1.214,"_zoom":16.125},{"_mousePosition":[683,384],"_rootPartCFrame":[762.107,247.1,45.612,-0.079,0,0.997,-0.001,1,0,-0.997,-0.001,-0.079],"_humanoidState":12,"_cameraCFrame":[771.3,261.795,43.496,-0.04,-0.818,0.574,0,0.575,0.818,-0.999,0.032,-0.023],"_shiftlockState":true,"_pose":"Climbing","_animationQueue":[["climb",0.1],["climb",0]],"_animationSpeed":0.88,"_zoom":16.125},{"_mousePosition":[683,384],"_rootPartCFrame":[762.107,247.333,45.612,-0.038,0,0.999,0,1,0,-0.999,0,-0.038],"_humanoidState":12,"_cameraCFrame":[771.285,262.046,43.545,-0.034,-0.819,0.573,0,0.573,0.819,-0.999,0.028,-0.02],"_shiftlockState":true,"_pose":"Climbing","_animationQueue":[["climb",0.1]],"_animationSpeed":0.932,"_zoom":16.125},{"_mousePosition":[683,384],"_rootPartCFrame":[762.107,247.613,45.612,-0.034,0,0.999,0,1,0,-0.999,0,-0.034],"_humanoidState":12,"_cameraCFrame":[771.285,262.326,43.545,-0.034,-0.819,0.573,0,0.573,0.819,-0.999,0.028,-0.02],"_shiftlockState":true,"_pose":"Climbing","_animationQueue":[],"_animationSpeed":0.932,"_zoom":16.125},{"_mousePosition":[683,384],"_rootPartCFrame":[762.107,247.707,45.612,-0.034,0,0.999,0,1,0,-0.999,0,-0.034],"_humanoidState":12,"_cameraCFrame":[771.285,262.419,43.545,-0.034,-0.819,0.573,0,0.573,0.819,-0.999,0.028,-0.02],"_shiftlockState":true,"_pose":"Climbing","_animationQueue":[],"_animationSpeed":0.932,"_zoom":16.125},{"_mousePosition":[683,384],"_rootPartCFrame":[762.107,247.893,45.612,-0.034,0,0.999,0,1,0,-0.999,0,-0.034],"_humanoidState":12,"_cameraCFrame":[771.265,262.624,43.569,-0.032,-0.82,0.571,0,0.572,0.82,-0.999,0.026,-0.018],"_shiftlockState":true,"_pose":"Climbing","_animationQueue":[],"_animationSpeed":0.932,"_zoom":16.125},{"_mousePosition":[683,384],"_rootPartCFrame":[762.107,248.08,45.612,-0.032,0,0.999,0,1,0,-0.999,0,-0.032],"_humanoidState":12,"_cameraCFrame":[771.218,262.846,43.593,-0.029,-0.822,0.568,0,0.568,0.823,-1,0.024,-0.017],"_shiftlockState":true,"_pose":"Climbing","_animationQueue":[],"_animationSpeed":0.932,"_zoom":16.125},{"_mousePosition":[683,384],"_rootPartCFrame":[762.107,248.267,45.612,-0.029,0,1,0,1,0,-1,0,-0.029],"_humanoidState":12,"_cameraCFrame":[771.192,263.051,43.594,-0.029,-0.823,0.567,0,0.567,0.824,-1,0.024,-0.017],"_shiftlockState":true,"_pose":"Climbing","_animationQueue":[],"_animationSpeed":0.932,"_zoom":16.125},{"_mousePosition":[683,384],"_rootPartCFrame":[762.107,248.5,45.612,-0.029,0,1,0,1,0,-1,0,-0.029],"_humanoidState":12,"_cameraCFrame":[771.192,263.284,43.594,-0.029,-0.823,0.567,0,0.567,0.824,-1,0.024,-0.017],"_shiftlockState":true,"_pose":"Climbing","_animationQueue":[],"_animationSpeed":0.932,"_zoom":16.125},{"_mousePosition":[683,384],"_rootPartCFrame":[762.092,248.62,45.613,-0.029,0,1,0,1,0,-1,0,-0.029],"_humanoidState":8,"_cameraCFrame":[771.177,263.404,43.595,-0.029,-0.823,0.567,0,0.567,0.824,-1,0.024,-0.017],"_shiftlockState":true,"_pose":"Standing","_animationQueue":[["climb",0.1],["idle",0.1],["idle",0.1]],"_animationSpeed":1,"_zoom":16.125},{"_mousePosition":[683,384],"_rootPartCFrame":[762.038,248.731,45.614,-0.029,0,1,0,1,0,-1,0,-0.029],"_humanoidState":5,"_cameraCFrame":[771.123,263.516,43.596,-0.029,-0.823,0.567,0,0.567,0.824,-1,0.024,-0.017],"_shiftlockState":true,"_pose":"FreeFall","_animationQueue":[["walk",0.1],["fall",0.3]],"_animationSpeed":1,"_zoom":16.125},{"_mousePosition":[683,384],"_rootPartCFrame":[761.971,248.779,45.616,-0.029,0,1,0,1,0,-1,0,-0.029],"_humanoidState":5,"_cameraCFrame":[771.056,263.564,43.598,-0.029,-0.823,0.567,0,0.567,0.824,-1,0.024,-0.017],"_shiftlockState":true,"_pose":"FreeFall","_animationQueue":[],"_animationSpeed":1,"_zoom":16.125},{"_mousePosition":[683,384],"_rootPartCFrame":[761.847,248.796,45.62,-0.029,0,1,0,1,0,-1,0,-0.029],"_humanoidState":5,"_cameraCFrame":[770.906,263.598,43.603,-0.029,-0.825,0.565,0,0.565,0.825,-1,0.024,-0.017],"_shiftlockState":true,"_pose":"FreeFall","_animationQueue":[],"_animationSpeed":1,"_zoom":16.125},{"_mousePosition":[683,384],"_rootPartCFrame":[761.61,249.185,45.627,-0.029,0,1,0,1,0,-1,0,-0.029],"_humanoidState":7,"_cameraCFrame":[770.622,264.005,43.519,-0.04,-0.825,0.563,0,0.564,0.826,-0.999,0.033,-0.022],"_shiftlockState":true,"_pose":"FreeFall","_animationQueue":[["walk",0.1],["fall",0.3],["fall",0.3]],"_animationSpeed":1,"_zoom":16.125},{"_mousePosition":[683,384],"_rootPartCFrame":[761.545,249.542,45.628,-0.039,0,0.999,0,1,0,-0.999,0,-0.039],"_humanoidState":7,"_cameraCFrame":[770.509,264.379,43.43,-0.05,-0.826,0.561,0,0.562,0.827,-0.999,0.041,-0.028],"_shiftlockState":true,"_pose":"FreeFall","_animationQueue":[],"_animationSpeed":1,"_zoom":16.125},{"_mousePosition":[683,384],"_rootPartCFrame":[761.776,249.814,45.619,-0.049,0,0.999,0,1,0,-0.999,0,-0.049],"_humanoidState":8,"_cameraCFrame":[770.724,264.651,43.353,-0.057,-0.826,0.561,0,0.562,0.827,-0.998,0.047,-0.032],"_shiftlockState":true,"_pose":"Running","_animationQueue":[["fall",0.3],["walk",0.1],["fall",0.3],["walk",0.1]],"_animationSpeed":0.086,"_zoom":16.125},{"_mousePosition":[683,384],"_rootPartCFrame":[762.041,249.935,45.606,-0.057,0,0.998,0,1,0,-0.998,0,-0.057],"_humanoidState":8,"_cameraCFrame":[770.933,264.79,43.229,-0.07,-0.826,0.559,0,0.56,0.828,-0.998,0.058,-0.039],"_shiftlockState":true,"_pose":"Running","_animationQueue":[["walk",0.1]],"_animationSpeed":1.042,"_zoom":16.125},{"_mousePosition":[683,384],"_rootPartCFrame":[762.24,249.984,45.596,-0.07,0,0.998,0,1,0,-0.998,0,-0.07],"_humanoidState":8,"_cameraCFrame":[771.024,264.874,43.022,-0.093,-0.827,0.555,0,0.557,0.83,-0.996,0.077,-0.052],"_shiftlockState":true,"_pose":"Running","_animationQueue":[["walk",0.1]],"_animationSpeed":1.102,"_zoom":16.125},{"_mousePosition":[683,384],"_rootPartCFrame":[762.507,250.003,45.583,-0.093,0,0.996,0,1,0,-0.996,0,-0.093],"_humanoidState":8,"_cameraCFrame":[771.127,264.928,42.663,-0.133,-0.825,0.549,0,0.554,0.833,-0.991,0.111,-0.074],"_shiftlockState":true,"_pose":"Running","_animationQueue":[],"_animationSpeed":1.102,"_zoom":16.125},{"_mousePosition":[683,384],"_rootPartCFrame":[762.773,249.967,45.57,-0.133,0,0.991,0,1,0,-0.991,0,-0.133],"_humanoidState":8,"_cameraCFrame":[771.149,264.944,42.21,-0.185,-0.821,0.54,0,0.549,0.836,-0.983,0.155,-0.102],"_shiftlockState":true,"_pose":"Running","_animationQueue":[],"_animationSpeed":1.102,"_zoom":16.125},{"_mousePosition":[683,384],"_rootPartCFrame":[763.039,250.83,45.557,-0.185,0,0.983,0,1,0,-0.983,0,-0.185],"_humanoidState":3,"_cameraCFrame":[771.164,265.841,41.749,-0.24,-0.814,0.53,0,0.546,0.838,-0.971,0.201,-0.131],"_shiftlockState":true,"_pose":"Jumping","_animationQueue":[["walk",0.1],["jump",0.1]],"_animationSpeed":1,"_zoom":16.125},{"_mousePosition":[683,384],"_rootPartCFrame":[763.303,251.638,45.52,-0.328,0,0.945,0,1,0,-0.945,0,-0.328],"_humanoidState":5,"_cameraCFrame":[771.185,266.684,41.341,-0.286,-0.805,0.52,0,0.543,0.84,-0.958,0.24,-0.155],"_shiftlockState":true,"_pose":"FreeFall","_animationQueue":[["jump",0.1]],"_animationSpeed":1,"_zoom":16.125},{"_mousePosition":[683,384],"_rootPartCFrame":[763.541,252.392,45.478,-0.321,0,0.947,0,1,0,-0.947,0,-0.321],"_humanoidState":5,"_cameraCFrame":[771.242,267.472,41.078,-0.315,-0.799,0.512,0,0.539,0.842,-0.949,0.265,-0.17],"_shiftlockState":true,"_pose":"FreeFall","_animationQueue":[],"_animationSpeed":1,"_zoom":16.125},{"_mousePosition":[683,384],"_rootPartCFrame":[763.74,253.092,45.442,-0.319,0,0.948,0,1,0,-0.948,0,-0.319],"_humanoidState":5,"_cameraCFrame":[771.337,268.188,40.915,-0.332,-0.795,0.507,0,0.538,0.843,-0.943,0.28,-0.178],"_shiftlockState":true,"_pose":"FreeFall","_animationQueue":[],"_animationSpeed":1,"_zoom":16.125},{"_mousePosition":[683,384],"_rootPartCFrame":[763.9,253.737,45.415,-0.331,0,0.944,0,1,0,-0.944,0,-0.331],"_humanoidState":5,"_cameraCFrame":[771.439,268.833,40.793,-0.344,-0.792,0.505,0,0.538,0.843,-0.939,0.29,-0.185],"_shiftlockState":true,"_pose":"FreeFall","_animationQueue":[],"_animationSpeed":1,"_zoom":16.125},{"_mousePosition":[683,384],"_rootPartCFrame":[764.022,254.327,45.399,-0.342,0,0.94,0,1,0,-0.94,0,-0.342],"_humanoidState":5,"_cameraCFrame":[771.465,269.44,40.672,-0.358,-0.788,0.5,0,0.536,0.844,-0.934,0.302,-0.192],"_shiftlockState":true,"_pose":"FreeFall","_animationQueue":[],"_animationSpeed":1,"_zoom":16.125},{"_mousePosition":[683,384],"_rootPartCFrame":[764.105,254.863,45.394,-0.356,0,0.934,0,1,0,-0.934,0,-0.356],"_humanoidState":5,"_cameraCFrame":[771.427,270.01,40.575,-0.372,-0.786,0.494,0,0.533,0.846,-0.928,0.315,-0.198],"_shiftlockState":true,"_pose":"FreeFall","_animationQueue":[],"_animationSpeed":1,"_zoom":16.125},{"_mousePosition":[683,384],"_rootPartCFrame":[764.151,255.344,45.401,-0.37,0,0.929,0,1,0,-0.929,0,-0.37],"_humanoidState":5,"_cameraCFrame":[771.349,270.508,40.444,-0.391,-0.78,0.489,0,0.531,0.847,-0.921,0.331,-0.207],"_shiftlockState":true,"_pose":"FreeFall","_animationQueue":[],"_animationSpeed":1,"_zoom":16.125},{"_mousePosition":[683,384],"_rootPartCFrame":[764.158,255.771,45.419,-0.388,0,0.921,0,1,0,-0.921,0,-0.388],"_humanoidState":5,"_cameraCFrame":[771.357,270.935,40.462,-0.391,-0.78,0.489,0,0.531,0.847,-0.921,0.331,-0.207],"_shiftlockState":true,"_pose":"FreeFall","_animationQueue":[],"_animationSpeed":1,"_zoom":16.125},{"_mousePo