[{"_mousePosition":[752,361],"_rootPartCFrame":[776.035,222.7,47.142,-0.002,0,1,0,1,0,-1,0,-0.002],"_humanoidState":8,"_cameraCFrame":[776.034,240.08,44.342,-1,0,0,0,0.174,0.985,0,0.985,-0.174],"_shiftlockState":false,"_pose":"Standing","_animationQueue":[],"_animationSpeed":1,"_zoom":16.125},{"_mousePosition":[752,361],"_rootPartCFrame":[775.788,222.7,47.146,-0.003,0,1,0,1,0,-1,0,-0.003],"_humanoidState":8,"_cameraCFrame":[775.83,240.08,44.346,-1,-0.015,0.003,0,0.174,0.985,-0.015,0.985,-0.174],"_shiftlockState":false,"_pose":"Standing","_animationQueue":[],"_animationSpeed":1,"_zoom":16.125},{"_mousePosition":[752,361],"_rootPartCFrame":[775.522,222.7,47.146,-0.003,0,1,0,1,0,-1,0,-0.003],"_humanoidState":8,"_cameraCFrame":[775.607,240.08,44.348,-1,-0.03,0.005,0,0.174,0.985,-0.03,0.984,-0.174],"_shiftlockState":false,"_pose":"Running","_animationQueue":[["walk",0.1]],"_animationSpeed":1.066,"_zoom":16.125},{"_mousePosition":[752,361],"_rootPartCFrame":[775.255,222.7,47.143,-0.001,0,1,0,1,0,-1,0,-0.001],"_humanoidState":8,"_cameraCFrame":[775.34,240.08,44.344,-1,-0.03,0.005,0,0.174,0.985,-0.03,0.984,-0.174],"_shiftlockState":false,"_pose":"Running","_animationQueue":[],"_animationSpeed":1.066,"_zoom":16.125},{"_mousePosition":[752,361],"_rootPartCFrame":[774.989,222.7,47.135,0.003,0,1,0,1,0,-1,0,0.003],"_humanoidState":8,"_cameraCFrame":[775.073,240.08,44.336,-1,-0.03,0.005,0,0.174,0.985,-0.03,0.984,-0.174],"_shiftlockState":false,"_pose":"Running","_animationQueue":[],"_animationSpeed":1.066,"_zoom":16.125},{"_mousePosition":[752,361],"_rootPartCFrame":[774.722,222.7,47.127,0.007,0,1,0,1,0,-1,0,0.007],"_humanoidState":8,"_cameraCFrame":[774.821,240.08,44.329,-0.999,-0.035,0.006,0,0.174,0.985,-0.035,0.984,-0.174],"_shiftlockState":false,"_pose":"Running","_animationQueue":[],"_animationSpeed":1.066,"_zoom":16.125},{"_mousePosition":[752,361],"_rootPartCFrame":[774.456,222.7,47.119,0.01,0,1,0,1,0,-1,0,0.01],"_humanoidState":8,"_cameraCFrame":[774.576,240.08,44.321,-0.999,-0.042,0.007,0,0.174,0.985,-0.043,0.984,-0.173],"_shiftlockState":false,"_pose":"Running","_animationQueue":[["walk",0.1]],"_animationSpeed":1.066,"_zoom":16.125},{"_mousePosition":[752,361],"_rootPartCFrame":[774.189,222.7,47.11,0.013,0,1,0,1,0,-1,0,0.013],"_humanoidState":8,"_cameraCFrame":[774.345,240.08,44.314,-0.998,-0.055,0.01,0,0.174,0.985,-0.055,0.983,-0.173],"_shiftlockState":false,"_pose":"Running","_animationQueue":[],"_animationSpeed":1.066,"_zoom":16.125},{"_mousePosition":[752,361],"_rootPartCFrame":[773.923,222.7,47.098,0.017,0,1,0,1,0,-1,0,0.017],"_humanoidState":8,"_cameraCFrame":[774.135,240.08,44.306,-0.997,-0.075,0.013,0,0.174,0.985,-0.076,0.982,-0.173],"_shiftlockState":false,"_pose":"Running","_animationQueue":[],"_animationSpeed":1.066,"_zoom":16.125},{"_mousePosition":[752,361],"_rootPartCFrame":[773.656,222.7,47.084,0.022,0,1,0,1,0,-1,0,0.022],"_humanoidState":8,"_cameraCFrame":[773.942,240.074,44.267,-0.995,-0.099,0.018,0,0.176,0.984,-0.101,0.979,-0.175],"_shiftlockState":false,"_pose":"Running","_animationQueue":[],"_animationSpeed":1.066,"_zoom":16.125},{"_mousePosition":[752,361],"_rootPartCFrame":[773.391,222.7,47.064,0.029,0,1,0,1,0,-1,0,0.029],"_humanoidState":8,"_cameraCFrame":[773.748,240.063,44.193,-0.992,-0.122,0.022,0,0.179,0.984,-0.124,0.976,-0.178],"_shiftlockState":false,"_pose":"Running","_animationQueue":[],"_animationSpeed":1.066,"_zoom":16.125},{"_mousePosition":[752,361],"_rootPartCFrame":[773.125,222.7,47.038,0.038,0,0.999,0,1,0,-0.999,0,0.038],"_humanoidState":8,"_cameraCFrame":[773.542,240.052,44.113,-0.99,-0.139,0.026,0,0.183,0.983,-0.141,0.973,-0.181],"_shiftlockState":false,"_pose":"Running","_animationQueue":[],"_animationSpeed":1.066,"_zoom":16.125},{"_mousePosition":[752,361],"_rootPartCFrame":[772.86,222.7,47.005,0.05,0,0.999,0,1,0,-0.999,0,0.05],"_humanoidState":8,"_cameraCFrame":[773.304,240.046,44.053,-0.989,-0.146,0.028,0,0.185,0.983,-0.149,0.972,-0.183],"_shiftlockState":false,"_pose":"Running","_animationQueue":[["walk",0.1]],"_animationSpeed":1.066,"_zoom":16.125},{"_mousePosition":[752,361],"_rootPartCFrame":[772.596,222.7,46.968,0.062,0,0.998,0,1,0,-0.998,0,0.062],"_humanoidState":8,"_cameraCFrame":[773.04,240.046,44.016,-0.989,-0.146,0.028,0,0.185,0.983,-0.149,0.972,-0.183],"_shiftlockState":false,"_pose":"Running","_animationQueue":[],"_animationSpeed":1.066,"_zoom":16.125},{"_mousePosition":[752,361],"_rootPartCFrame":[772.333,222.7,46.929,0.073,0,0.997,0,1,0,-0.997,0,0.073],"_humanoidState":8,"_cameraCFrame":[772.776,240.046,43.976,-0.989,-0.146,0.028,0,0.185,0.983,-0.149,0.972,-0.183],"_shiftlockState":false,"_pose":"Running","_animationQueue":[],"_animationSpeed":1.066,"_zoom":16.125},{"_mousePosition":[752,361],"_rootPartCFrame":[772.069,222.7,46.889,0.084,0,0.996,0,1,0,-0.996,0,0.084],"_humanoidState":8,"_cameraCFrame":[772.513,240.046,43.937,-0.989,-0.146,0.028,0,0.185,0.983,-0.149,0.972,-0.183],"_shiftlockState":false,"_pose":"Running","_animationQueue":[],"_animationSpeed":1.066,"_zoom":16.125},{"_mousePosition":[752,361],"_rootPartCFrame":[771.805,222.7,46.849,0.092,0,0.996,0,1,0,-0.996,0,0.092],"_humanoidState":8,"_cameraCFrame":[772.249,240.046,43.897,-0.989,-0.146,0.028,0,0.185,0.983,-0.149,0.972,-0.183],"_shiftlockState":false,"_pose":"Running","_animationQueue":[],"_animationSpeed":1.066,"_zoom":16.125},{"_mousePosition":[752,361],"_rootPartCFrame":[771.542,222.7,46.81,0.1,0,0.995,0,1,0,-0.995,0,0.1],"_humanoidState":8,"_cameraCFrame":[771.985,240.046,43.857,-0.989,-0.146,0.028,0,0.185,0.983,-0.149,0.972,-0.183],"_shiftlockState":false,"_pose":"Running","_animationQueue":[],"_animationSpeed":1.066,"_zoom":16.125},{"_mousePosition":[752,361],"_rootPartCFrame":[771.278,222.7,46.77,0.107,0,0.994,0,1,0,-0.994,0,0.107],"_humanoidState":8,"_cameraCFrame":[769.991,240.046,43.558,-0.989,-0.146,0.028,0,0.185,0.983,-0.149,0.972,-0.183],"_shiftlockState":true,"_pose":"Running","_animationQueue":[],"_animationSpeed":1.066,"_zoom":16.125},{"_mousePosition":[683,384],"_rootPartCFrame":[771.014,222.7,46.73,-0.997,0,0.081,0,1,0,-0.081,0,-0.997],"_humanoidState":8,"_cameraCFrame":[769.727,240.046,43.518,-0.989,-0.146,0.028,0,0.185,0.983,-0.149,0.972,-0.183],"_shiftlockState":true,"_pose":"Running","_animationQueue":[["walk",0.1]],"_animationSpeed":1.066,"_zoom":16.125},{"_mousePosition":[683,384],"_rootPartCFrame":[770.751,222.7,46.691,-0.993,0,0.121,0,1,0,-0.121,0,-0.993],"_humanoidState":8,"_cameraCFrame":[769.464,240.046,43.478,-0.989,-0.146,0.028,0,0.185,0.983,-0.149,0.972,-0.183],"_shiftlockState":true,"_pose":"Running","_animationQueue":[],"_animationSpeed":1.066,"_zoom":16.125},{"_mousePosition":[683,384],"_rootPartCFrame":[770.487,222.7,46.651,-0.989,0,0.145,0,1,0,-0.145,0,-0.989],"_humanoidState":8,"_cameraCFrame":[769.2,240.046,43.439,-0.989,-0.146,0.028,0,0.185,0.983,-0.149,0.972,-0.183],"_shiftlockState":true,"_pose":"Running","_animationQueue":[],"_animationSpeed":1.066,"_zoom":16.125},{"_mousePosition":[683,384],"_rootPartCFrame":[770.223,222.7,46.612,-0.989,0,0.148,0,1,0,-0.148,0,-0.989],"_humanoidState":8,"_cameraCFrame":[768.936,240.046,43.399,-0.989,-0.146,0.028,0,0.185,0.983,-0.149,0.972,-0.183],"_shiftlockState":true,"_pose":"Running","_animationQueue":[],"_animationSpeed":1.066,"_zoom":16.125},{"_mousePosition":[683,384],"_rootPartCFrame":[769.96,223.563,46.572,-0.989,0,0.148,0,1,0,-0.148,0,-0.989],"_humanoidState":3,"_cameraCFrame":[768.673,240.909,43.36,-0.989,-0.146,0.028,0,0.185,0.983,-0.149,0.972,-0.183],"_shiftlockState":true,"_pose":"Jumping","_animationQueue":[["walk",0.1],["jump",0.1]],"_animationSpeed":1,"_zoom":16.125},{"_mousePosition":[683,384],"_rootPartCFrame":[769.696,224.371,46.532,-0.971,0,0.239,0,1,0,-0.239,0,-0.971],"_humanoidState":5,"_cameraCFrame":[768.409,241.717,43.32,-0.989,-0.146,0.028,0,0.185,0.983,-0.149,0.972,-0.183],"_shiftlockState":true,"_pose":"FreeFall","_animationQueue":[["jump",0.1]],"_animationSpeed":1,"_zoom":16.125},{"_mousePosition":[683,384],"_rootPartCFrame":[769.432,225.125,46.493,-0.962,0,0.274,0,1,0,-0.274,0,-0.962],"_humanoidState":5,"_cameraCFrame":[768.145,242.471,43.28,-0.989,-0.146,0.028,0,0.185,0.983,-0.149,0.972,-0.183],"_shiftlockState":true,"_pose":"FreeFall","_animationQueue":[],"_animationSpeed":1,"_zoom":16.125},{"_mousePosition":[683,384],"_rootPartCFrame":[769.169,225.824,46.453,-0.961,0,0.278,0,1,0,-0.278,0,-0.961],"_humanoidState":5,"_cameraCFrame":[767.882,243.17,43.241,-0.989,-0.146,0.028,0,0.185,0.983,-0.149,0.972,-0.183],"_shiftlockState":true,"_pose":"FreeFall","_animationQueue":[],"_animationSpeed":1,"_zoom":16.125},{"_mousePosition":[683,384],"_rootPartCFrame":[768.905,226.469,46.413,-0.96,0,0.279,0,1,0,-0.279,0,-0.96],"_humanoidState":5,"_cameraCFrame":[767.618,243.815,43.201,-0.989,-0.146,0.028,0,0.185,0.983,-0.149,0.972,-0.183],"_shiftlockState":true,"_pose":"FreeFall","_animationQueue":[],"_animationSpeed":1,"_zoom":16.125},{"_mousePosition":[683,384],"_rootPartCFrame":[768.641,227.06,46.374,-0.96,0,0.279,0,1,0,-0.279,0,-0.96],"_humanoidState":5,"_cameraCFrame":[767.354,244.406,43.161,-0.989,-0.146,0.028,0,0.185,0.983,-0.149,0.972,-0.183],"_shiftlockState":true,"_pose":"FreeFall","_animationQueue":[],"_animationSpeed":1,"_zoom":16.125},{"_mousePosition":[683,384],"_rootPartCFrame":[768.378,227.595,46.334,-0.96,0,0.279,0,1,0,-0.279,0,-0.96],"_humanoidState":5,"_cameraCFrame":[767.091,244.942,43.122,-0.989,-0.146,0.028,0,0.185,0.983,-0.149,0.972,-0.183],"_shiftlockState":true,"_pose":"FreeFall","_animationQueue":[],"_animationSpeed":1,"_zoom":16.125},{"_mousePosition":[683,384],"_rootPartCFrame":[768.114,228.077,46.295,-0.96,0,0.279,0,1,0,-0.279,0,-0.96],"_humanoidState":5,"_cameraCFrame":[766.827,245.423,43.082,-0.989,-0.146,0.028,0,0.185,0.983,-0.149,0.972,-0.183],"_shiftlockState":true,"_pose":"FreeFall","_animationQueue":[],"_animationSpeed":1,"_zoom":16.125},{"_mousePosition":[683,384],"_rootPartCFrame":[767.85,228.504,46.255,-0.96,0,0.279,0,1,0,-0.279,0,-0.96],"_humanoidState":5,"_cameraCFrame":[766.563,245.85,43.042,-0.989,-0.146,0.028,0,0.185,0.983,-0.149,0.972,-0.183],"_shiftlockState":true,"_pose":"FreeFall","_animationQueue":[],"_animationSpeed":1,"_zoom":16.125},{"_mousePosition":[683,384],"_rootPartCFrame":[767.587,228.876,46.215,-0.96,0,0.279,0,1,0,-0.279,0,-0.96],"_humanoidState":5,"_cameraCFrame":[766.3,246.222,43.003,-0.989,-0.146,0.028,0,0.185,0.983,-0.149,0.972,-0.183],"_shiftlockState":true,"_pose":"FreeFall","_animationQueue":[],"_animationSpeed":1,"_zoom":16.125},{"_mousePosition":[683,384],"_rootPartCFrame":[767.323,229.194,46.176,-0.96,0,0.279,0,1,0,-0.279,0,-0.96],"_humanoidState":5,"_cameraCFrame":[766.036,246.54,42.963,-0.989,-0.146,0.028,0,0.185,0.983,-0.149,0.972,-0.183],"_shiftlockState":true,"_pose":"FreeFall","_animationQueue":[],"_animationSpeed":1,"_zoom":16.125},{"_mousePosition":[683,384],"_rootPartCFrame":[767.059,229.457,46.136,-0.96,0,0.279,0,1,0,-0.279,0,-0.96],"_humanoidState":5,"_cameraCFrame":[765.781,246.804,42.92,-0.989,-0.148,0.028,0,0.185,0.983,-0.151,0.971,-0.183],"_shiftlockState":true,"_pose":"FreeFall","_animationQueue":[],"_animationSpeed":1,"_zoom":16.125},{"_mousePosition":[683,384],"_rootPartCFrame":[766.796,229.666,46.096,-0.96,0,0.281,0,1,0,-0.281,0,-0.96],"_humanoidState":5,"_cameraCFrame":[765.533,247.012,42.874,-0.988,-0.153,0.029,0,0.185,0.983,-0.156,0.971,-0.183],"_shiftlockState":true,"_pose":"FreeFall","_animationQueue":[],"_animationSpeed":1,"_zoom":16.125},{"_mousePosition":[683,384],"_rootPartCFrame":[766.532,229.821,46.056,-0.958,0,0.286,0,1,0,-0.286,0,-0.958],"_humanoidState":5,"_cameraCFrame":[765.286,247.167,42.828,-0.987,-0.158,0.03,0,0.185,0.983,-0.161,0.97,-0.183],"_shiftlockState":true,"_pose":"FreeFall","_animationQueue":[],"_animationSpeed":1,"_zoom":16.125},{"_mousePosition":[683,384],"_rootPartCFrame":[766.268,229.921,46.015,-0.957,0,0.291,0,1,0,-0.291,0,-0.957],"_humanoidState":5,"_cameraCFrame":[765.025,247.273,42.814,-0.987,-0.161,0.03,0,0.183,0.983,-0.164,0.97,-0.181],"_shiftlockState":true,"_pose":"FreeFall","_animationQueue":[],"_animationSpeed":1,"_zoom":16.125},{"_mousePosition":[683,384],"_rootPartCFrame":[766.005,229.966,45.972,-0.956,0,0.293,0,1,0,-0.293,0,-0.956],"_humanoidState":5,"_cameraCFrame":[764.77,247.318,42.768,-0.986,-0.163,0.03,0,0.183,0.983,-0.166,0.969,-0.181],"_shiftlockState":true,"_pose":"FreeFall","_animationQueue":[],"_animationSpeed":1,"_zoom":16.125},{"_mousePosition":[683,384],"_rootPartCFrame":[765.742,229.957,45.929,-0.955,0,0.296,0,1,0,-0.296,0,-0.955],"_humanoidState":5,"_cameraCFrame":[764.51,247.315,42.752,-0.986,-0.166,0.031,0,0.181,0.983,-0.169,0.969,-0.179],"_shiftlockState":true,"_pose":"FreeFall","_animationQueue":[["fall",0.3]],"_animationSpeed":1,"_zoom":16.125},{"_mousePosition":[683,384],"_rootPartCFrame":[765.479,229.893,45.884,-0.955,0,0.298,0,1,0,-0.298,0,-0.955],"_humanoidState":5,"_cameraCFrame":[764.247,247.251,42.707,-0.986,-0.166,0.031,0,0.181,0.983,-0.169,0.969,-0.179],"_shiftlockState":true,"_pose":"FreeFall","_animationQueue":[],"_animationSpeed":1,"_zoom":16.125},{"_mousePosition":[683,384],"_rootPartCFrame":[765.216,229.775,45.839,-0.955,0,0.298,0,1,0,-0.298,0,-0.955],"_humanoidState":5,"_cameraCFrame":[763.984,247.133,42.663,-0.986,-0.166,0.031,0,0.181,0.983,-0.169,0.969,-0.179],"_shiftlockState":true,"_pose":"FreeFall","_animationQueue":[],"_animationSpeed":1,"_zoom":16.125},{"_mousePosition":[683,384],"_rootPartCFrame":[764.953,229.603,45.795,-0.955,0,0.298,0,1,0,-0.298,0,-0.955],"_humanoidState":5,"_cameraCFrame":[763.721,246.96,42.618,-0.986,-0.166,0.031,0,0.181,0.983,-0.169,0.969,-0.179],"_shiftlockState":true,"_pose":"FreeFall","_animationQueue":[],"_animationSpeed":1,"_zoom":16.125},{"_mousePosition":[683,384],"_rootPartCFrame":[764.69,229.375,45.75,-0.955,0,0.298,0,1,0,-0.298,0,-0.955],"_humanoidState":5,"_cameraCFrame":[763.458,246.733,42.573,-0.986,-0.166,0.031,0,0.181,0.983,-0.169,0.969,-0.179],"_shiftlockState":true,"_pose":"FreeFall","_animationQueue":[],"_animationSpeed":1,"_zoom":16.125},{"_mousePosition":[683,384],"_rootPartCFrame":[764.427,229.094,45.705,-0.955,0,0.298,0,1,0,-0.298,0,-0.955],"_humanoidState":5,"_cameraCFrame":[763.195,246.452,42.528,-0.986,-0.166,0.031,0,0.181,0.983,-0.169,0.969,-0.179],"_shiftlockState":true,"_pose":"FreeFall","_animationQueue":[],"_animationSpeed":1,"_zoom":16.125},{"_mousePosition":[683,384],"_rootPartCFrame":[764.164,228.758,45.66,-0.955,0,0.298,0,1,0,-0.298,0,-0.955],"_humanoidState":5,"_cameraCFrame":[762.932,246.115,42.483,-0.986,-0.166,0.031,0,0.181,0.983,-0.169,0.969,-0.179],"_shiftlockState":true,"_pose":"FreeFall","_animationQueue":[],"_animationSpeed":1,"_zoom":16.125},{"_mousePosition":[683,384],"_rootPartCFrame":[763.902,228.367,45.615,-0.955,0,0.298,0,1,0,-0.298,0,-0.955],"_humanoidState":5,"_cameraCFrame":[762.669,245.725,42.438,-0.986,-0.166,0.031,0,0.181,0.983,-0.169,0.969,-0.179],"_shiftlockState":true,"_pose":"FreeFall","_animationQueue":[["fall",0.3]],"_animationSpeed":1,"_zoom":16.125},{"_mousePosition":[683,384],"_rootPartCFrame":[763.639,227.922,45.57,-0.955,0,0.298,0,1,0,-0.298,0,-0.955],"_humanoidState":5,"_cameraCFrame":[762.407,245.28,42.393,-0.986,-0.166,0.031,0,0.181,0.983,-0.169,0.969,-0.179],"_shiftlockState":true,"_pose":"FreeFall","_animationQueue":[],"_animationSpeed":1,"_zoom":16.125},{"_mousePosition":[683,384],"_rootPartCFrame":[763.376,227.422,45.525,-0.955,0,0.298,0,1,0,-0.298,0,-0.955],"_humanoidState":5,"_cameraCFrame":[762.144,244.78,42.348,-0.986,-0.166,0.031,0,0.181,0.983,-0.169,0.969,-0.179],"_shiftlockState":true,"_pose":"FreeFall","_animationQueue":[],"_animationSpeed":1,"_zoom":16.125},{"_mousePosition":[683,384],"_rootPartCFrame":[763.047,226.721,45.469,-0.944,0,0.33,0,1,0,-0.33,0,-0.944],"_humanoidState":5,"_cameraCFrame":[761.815,244.079,42.292,-0.986,-0.166,0.031,0,0.181,0.983,-0.169,0.969,-0.179],"_shiftlockState":true,"_pose":"FreeFall","_animationQueue":[],"_animationSpeed":1,"_zoom":16.125},{"_mousePosition":[683,384],"_rootPartCFrame":[762.85,226.26,45.435,-0.964,0,0.266,0,1,0,-0.266,0,-0.964],"_humanoidState":5,"_cameraCFrame":[761.618,243.617,42.258,-0.986,-0.166,0.031,0,0.181,0.983,-0.169,0.969,-0.179],"_shiftlockState":true,"_pose":"FreeFall","_animationQueue":[],"_animationSpeed":1,"_zoom":16.125},{"_mousePosition":[683,384],"_rootPartCFrame":[762.587,225.597,45.39,-0.955,0,0.298,0,1,0,-0.298,0,-0.955],"_humanoidState":5,"_cameraCFrame":[761.355,242.954,42.213,-0.986,-0.166,0.031,0,0.181,0.983,-0.169,0.969,-0.179],"_shiftlockState":true,"_pose":"FreeFall","_animationQueue":[],"_animationSpeed":1,"_zoom":16.125},{"_mousePosition":[683,384],"_rootPartCFrame":[762.258,224.691,45.334,-0.944,0,0.33,0,1,0,-0.33,0,-0.944],"_humanoidState":5,"_cameraCFrame":[761.026,242.049,42.157,-0.986,-0.166,0.031,0,0.181,0.983,-0.169,0.969,-0.179],"_shiftlockState":true,"_pose":"FreeFall","_animationQueue":[["fall",0.3]],"_animationSpeed":1,"_zoom":16.125},{"_mousePosition":[683,384],"_rootPartCFrame":[761.995,223.905,45.289,-0.955,0,0.298,0,1,0,-0.298,0,-0.955],"_humanoidState":5,"_cameraCFrame":[760.758,241.269,42.142,-0.986,-0.166,0.03,0,0.179,0.984,-0.169,0.97,-0.177],"_shiftlockState":true,"_pose":"FreeFall","_animationQueue":[],"_animationSpeed":1,"_zoom":16.125},{"_mousePosition":[683,384],"_rootPartCFrame":[761.732,223.065,45.244,-0.955,0,0.298,0,1,0,-0.298,0,-0.955],"_humanoidState":5,"_cameraCFrame":[760.495,240.429,42.097,-0.986,-0.166,0.03,0,0.179,0.984,-0.169,0.97,-0.177],"_shiftlockState":true,"_pose":"FreeFall","_animationQueue":[],"_animationSpeed":1,"_zoom":16.125},{"_mousePosition":[683,384],"_rootPartCFrame":[761.469,222.17,45.199,-0.979,0,0.203,0,1,0,-0.203,0,-0.979],"_humanoidState":7,"_cameraCFrame":[760.224,239.534,42.056,-0.986,-0.163,0.03,0,0.179,0.984,-0.166,0.97,-0.177],"_shiftlockState":true,"_pose":"FreeFall","_animationQueue":[["walk",0.1],["fall",0.3],["fall",0.3]],"_animationSpeed":1,"_zoom":16.125},{"_mousePosition":[683,384],"_rootPartCFrame":[761.272,221.969,45.165,-0.986,0,0.168,0,1,0,-0.168,0,-0.986],"_humanoidState":7,"_cameraCFrame":[760.011,239.332,42.028,-0.987,-0.158,0.029,0,0.179,0.984,-0.161,0.971,-0.177],"_shiftlockState":true,"_pose":"FreeFall","_animationQueue":[],"_animationSpeed":1,"_zoom":16.125},{"_mousePosition":[683,384],"_rootPartCFrame":[761.009,222.02,45.121,-0.987,0,0.162,0,1,0,-0.162,0,-0.987],"_humanoidState":7,"_cameraCFrame":[759.724,239.384,41.993,-0.988,-0.151,0.028,0,0.179,0.984,-0.154,0.972,-0.177],"_shiftlockState":true,"_pose":"FreeFall","_animationQueue":[],"_animationSpeed":1,"_zoom":16.125},{"_mousePosition":[683,384],"_rootPartCFrame":[760.68,222.109,45.067,-0.988,0,0.154,0,1,0,-0.154,0,-0.988],"_humanoidState":8,"_cameraCFrame":[759.367,239.478,41.98,-0.989,-0.144,0.026,0,0.177,0.984,-0.146,0.974,-0.176],"_shiftlockState":true,"_pose":"Running","_animationQueue":[["walk",0.1],["fall",0.3],["walk",0.1]],"_animationSpeed":1.103,"_zoom":16.125},{"_mousePosition":[683,384],"_rootPartCFrame":[760.219,222.168,44.995,-0.989,0,0.146,0,1,0,-0.146,0,-0.989],"_humanoidState":8,"_cameraCFrame":[758.883,239.537,41.918,-0.99,-0.136,0.025,0,0.177,0.984,-0.139,0.975,-0.176],"_shiftlockState":true,"_pose":"Running","_animationQueue":[["walk",0.1]],"_animationSpeed":1.103,"_zoom":16.125},{"_mousePosition":[683,384],"_rootPartCFrame":[760.153,222.173,44.985,-0.99,0,0.139,0,1,0,-0.139,0,-0.99],"_humanoidState":8,"_cameraCFrame":[758.786,239.542,41.922,-0.992,-0.127,0.023,0,0.177,0.984,-0.129,0.976,-0.176],"_shiftlockState":true,"_pose":"Running","_animationQueue":[],"_animationSpeed":1.103,"_zoom":16.125},{"_mousePosition":[683,384],"_rootPartCFrame":[759.889,222.185,44.948,-0.992,0,0.129,0,1,0,-0.129,0,-0.992],"_humanoidState":8,"_cameraCFrame":[758.487,239.56,41.929,-0.993,-0.117,0.021,0,0.176,0.984,-0.119,0.978,-0.174],"_shiftlockState":true,"_pose":"Running","_animationQueue":[],"_animationSpeed":1.103,"_zoom":16.125},{"_mousePosition":[683,384],"_rootPartCFrame":[759.625,222.192,44.913,-0.993,0,0.119,0,1,0,-0.119,0,-0.993],"_humanoidState":8,"_cameraCFrame":[758.192,239.566,41.909,-0.994,-0.107,0.019,0,0.176,0.984,-0.108,0.979,-0.175],"_shiftlockState":true,"_pose":"Running","_animationQueue":[],"_animationSpeed":1.103,"_zoom":16.125},{"_mousePosition":[683,384],"_rootPartCFrame":[759.36,222.195,44.881,-0.994,0,0.108,0,1,0,-0.108,0,-0.994],"_humanoidState":8,"_cameraCFrame":[757.887,239.575,41.926,-0.995,-0.094,0.017,0,0.174,0.985,-0.096,0.98,-0.173],"_shiftlockState":true,"_pose":"Running","_animationQueue":[],"_animationSpeed":1.103,"_zoom":16.125},{"_mousePosition":[683,384],"_rootPartCFrame":[759.095,222.197,44.852,-0.995,0,0.096,0,1,0,-0.096,0,-0.995],"_humanoidState":8,"_cameraCFrame":[757.577,239.577,41.919,-0.997,-0.08,0.014,0,0.174,0.985,-0.081,0.982,-0.173],"_shiftlockState":true,"_pose":"Running","_animationQueue":[],"_animationSpeed":1.103,"_zoom":16.125},{"_mousePosition":[683,384],"_rootPartCFrame":[758.83,222.198,44.826,-0.997,0,0.081,0,1,0,-0.081,0,-0.997],"_humanoidState":8,"_cameraCFrame":[757.253,239.578,41.925,-0.998,-0.06,0.011,0,0.174,0.985,-0.061,0.983,-0.173],"_shiftlockState":true,"_pose":"Running","_animationQueue":[],"_animationSpeed":1.103,"_zoom":16.125},{"_mousePosition":[683,384],"_rootPartCFrame":[758.564,222.199,44.803,-0.998,0,0.061,0,1,0,-0.061,0,-0.998],"_humanoidState":8,"_cameraCFrame":[756.943,239.579,41.927,-0.999,-0.045,0.008,0,0.174,0.985,-0.045,0.984,-0.173],"_shiftlockState":true,"_pose":"Running","_animationQueue":[["walk",0.1]],"_animationSpeed":1.103,"_zoom":16.125},{"_mousePosition":[683,384],"_rootPartCFrame":[758.298,222.199,44.786,-0.999,0,0.045,0,1,0,-0.045,0,-0.999],"_humanoidState":8,"_cameraCFrame":[756.648,239.579,41.926,-0.999,-0.035,0.006,0,0.174,0.985,-0.035,0.984,-0.174],"_shiftlockState":true,"_pose":"Running","_animationQueue":[],"_animationSpeed":1.103,"_zoom":16.125},{"_mousePosition":[683,384],"_rootPartCFrame":[758.031,222.199,44.774,-0.999,0,0.035,0,1,0,-0.035,0,-0.999],"_humanoidState":8,"_cameraCFrame":[756.352,239.579,41.931,-1,-0.025,0.004,0,0.174,0.985,-0.025,0.984,-0.174],"_shiftlockState":true,"_pose":"Running","_animationQueue":[],"_animationSpeed":1.103,"_zoom":16.125},{"_mousePosition":[683,384],"_rootPartCFrame":[757.765,222.199,44.764,-1,0,0.025,0,1,0,-0.025,0,-1],"_humanoidState":8,"_cameraCFrame":[756.086,239.58,41.921,-1,-0.025,0.004,0,0.174,0.985,-0.025,0.984,-0.174],"_shiftlockState":true,"_pose":"Running","_animationQueue":[],"_animationSpeed":1.103,"_zoom":16.125},{"_mousePosition":[683,384],"_rootPartCFrame":[757.498,222.2,44.757,-1,0,0.025,0,1,0,-0.025,0,-1],"_humanoidState":8,"_cameraCFrame":[755.819,239.58,41.914,-1,-0.025,0.004,0,0.174,0.985,-0.025,0.984,-0.174],"_shiftlockState":true,"_pose":"Running","_animationQueue":[],"_animationSpeed":1.103,"_zoom":16.125},{"_mousePosition":[683,384],"_rootPartCFrame":[757.103,222.2,44.75,-1,0,0.025,0,1,0,-0.025,0,-1],"_humanoidState":8,"_cameraCFrame":[755.446,239.58,41.894,-0.999,-0.032,0.006,0,0.174,0.985,-0.033,0.984,-0.174],"_shiftlockState":true,"_pose":"Running","_animationQueue":[["walk",0.1]],"_animationSpeed":2.345,"_zoom":16.125},{"_mousePosition":[683,384],"_rootPartCFrame":[756.502,222.2,44.743,-0.999,0,0.033,0,1,0,-0.033,0,-0.999],"_humanoidState":8,"_cameraCFrame":[754.976,239.58,41.815,-0.997,-0.077,0.014,0,0.174,0.985,-0.078,0.982,-0.173],"_shiftlockState":true,"_pose":"Running","_animationQueue":[["walk",0.1]],"_animationSpeed":1.493,"_zoom":16.125},{"_mousePosition":[683,384],"_rootPartCFrame":[755.694,222.2,44.736,-0.997,0,0.078,0,1,0,-0.078,0,-0.997],"_humanoidState":8,"_cameraCFrame":[754.434,239.58,41.684,-0.986,-0.164,0.029,0,0.174,0.985,-0.166,0.971,-0.171],"_shiftlockState":true,"_pose":"Running","_animationQueue":[["walk",0.1],["walk",0.1]],"_animationSpeed":0.641,"_zoom":16.125},{"_mousePosition":[683,384],"_rootPartCFrame":[754.395,222.2,44.715,-0.986,0,0.166,0,1,0,-0.166,0,-0.986],"_humanoidState":8,"_cameraCFrame":[753.538,239.58,41.526,-0.957,-0.287,0.051,0,0.174,0.985,-0.292,0.942,-0.166],"_shiftlockState":true,"_pose":"Running","_animationQueue":[["walk",0.1]],"_animationSpeed":0.215,"_zoom":16.125},{"_mousePosition":[683,384],"_rootPartCFrame":[753.3,222.2,44.674,-0.955,0,0.297,0,1,0,-0.297,0,-0.955],"_humanoidState":8,"_cameraCFrame":[753.16,239.58,41.375,-0.87,-0.486,0.086,0,0.174,0.985,-0.494,0.857,-0.151],"_shiftlockState":true,"_pose":"Running","_animationQueue":[["walk",0.1]],"_animationSpeed":1.068,"_zoom":16.125},{"_mousePosition":[683,384],"_rootPartCFrame":[752.21,222.2,44.601,-0.864,0,0.504,0,1,0,-0.504,0,-0.864],"_humanoidState":8,"_cameraCFrame":[752.287,239.58,41.3,-0.835,-0.541,0.095,0,0.174,0.985,-0.55,0.823,-0.145],"_shiftlockState":true,"_pose":"Running","_animationQueue":[],"_animationSpeed":1.068,"_zoom":16.125},{"_mousePosition":[683,384],"_rootPartCFrame":[751.142,222.2,44.477,-0.833,0,0.553,0,1,0,-0.553,0,-0.833],"_humanoidState":8,"_cameraCFrame":[751.61,239.58,41.209,-0.764,-0.635,0.112,0,0.174,0.985,-0.645,0.753,-0.133],"_shiftlockState":true,"_pose":"Running","_animationQueue":[],"_animationSpeed":1.068,"_zoom":16.125},{"_mousePosition":[683,384],"_rootPartCFrame":[750.101,222.165,44.347,-0.764,0,0.645,0,1,0,-0.645,0,-0.764],"_humanoidState":8,"_cameraCFrame":[750.602,239.546,41.083,-0.758,-0.643,0.113,0,0.174,0.985,-0.653,0.746,-0.132],"_shiftlockState":true,"_pose":"Running","_animationQueue":[["walk",0.1]],"_animationSpeed":4.443,"_zoom":16.125},{"_mousePosition":[683,384],"_rootPartCFrame":[749.1,222.077,44.216,-0.758,0,0.653,0,1,0,-0.653,0,-0.758],"_humanoidState":8,"_cameraCFrame":[749.452,239.457,40.933,-0.787,-0.608,0.107,0,0.174,0.985,-0.617,0.775,-0.137],"_shiftlockState":true,"_pose":"Running","_animationQueue":[],"_animationSpeed":4.443,"_zoom":16.125},{"_mousePosition":[683,384],"_rootPartCFrame":[748.138,221.934,44.086,-0.787,0,0.617,0,1,0,-0.617,0,-0.787],"_humanoidState":8,"_cameraCFrame":[748.199,239.314,40.784,-0.838,-0.537,0.095,0,0.174,0.985,-0.545,0.825,-0.146],"_shiftlockState":true,"_pose":"Running","_animationQueue":[["walk",0.1],["walk",0.1]],"_animationSpeed":4.117,"_zoom":16.125},{"_mousePosition":[683,384],"_rootPartCFrame":[747.192,222.807,43.955,-0.838,0,0.545,0,1,0,-0.545,0,-0.838],"_humanoidState":3,"_cameraCFrame":[746.91,240.187,40.665,-0.89,-0.449,0.079,0,0.174,0.985,-0.456,0.877,-0.155],"_shiftlockState":true,"_pose":"Jumping","_animationQueue":[["walk",0.1],["jump",0.1]],"_animationSpeed":1,"_zoom":16.125},{"_mousePosition":[683,384],"_rootPartCFrame":[746.27,223.629,43.824,-0.845,0,0.536,0,1,0,-0.536,0,-0.845],"_humanoidState":5,"_cameraCFrame":[745.649,241.009,40.581,-0.933,-0.356,0.063,0,0.174,0.985,-0.361,0.918,-0.162],"_shiftlockState":true,"_pose":"FreeFall","_animationQueue":[["jump",0.1]],"_animationSpeed":1,"_zoom":16.125},{"_mousePosition":[683,384],"_rootPartCFrame":[745.388,224.397,43.693,-0.879,0,0.478,0,1,0,-0.478,0,-0.879],"_humanoidState":5,"_cameraCFrame":[744.466,241.777,40.522,-0.962,-0.268,0.047,0,0.174,0.985,-0.272,0.948,-0.167],"_shiftlockState":true,"_pose":"FreeFall","_animationQueue":[],"_animationSpeed":1,"_zoom":16.125},{"_mousePosition":[683,384],"_rootPartCFrame":[744.546,225.11,43.563,-0.918,0,0.397,0,1,0,-0.397,0,-0.918],"_humanoidState":5,"_cameraCFrame":[743.386,242.49,40.471,-0.98,-0.195,0.034,0,0.174,0.985,-0.198,0.965,-0.17],"_shiftlockState":true,"_pose":"FreeFall","_animationQueue":[],"_animationSpeed":1,"_zoom":16.125},{"_mousePosition":[683,384],"_rootPartCFrame":[743.743,225.768,43.437,-0.945,0,0.327,0,1,0,-0.327,0,-0.945],"_humanoidState":5,"_cameraCFrame":[742.39,243.148,40.425,-0.991,-0.134,0.024,0,0.174,0.985,-0.136,0.976,-0.172],"_shiftlockState":true,"_pose":"FreeFall","_animationQueue":[],"_animationSpeed":1,"_zoom":16.125},{"_mousePosition":[683,384],"_rootPartCFrame":[742.795,226.515,43.286,-0.954,0,0.298,0,1,0,-0.298,0,-0.954],"_humanoidState":5,"_cameraCFrame":[741.269,243.895,40.358,-0.997,-0.077,0.014,0,0.174,0.985,-0.078,0.982,-0.173],"_shiftlockState":true,"_pose":"FreeFall","_animationQueue":[],"_animationSpeed":1,"_zoom":16.125},{"_mousePosition":[683,384],"_rootPartCFrame":[742.255,226.922,43.2,-0.984,0,0.177,0,1,0,-0.177,0,-0.984],"_humanoidState":5,"_cameraCFrame":[740.555,244.302,40.369,-1,-0.017,0.003,0,0.174,0.985,-0.018,0.985,-0.174],"_shiftlockState":true,"_pose":"FreeFall","_animationQueue":[],"_animationSpeed":1,"_zoom":16.125},{"_mousePosition":[683,384],"_rootPartCFrame":[741.405,227.532,43.066,-0.983,0,0.183,0,1,0,-0.183,0,-0.983],"_humanoidState":5,"_cameraCFrame":[739.522,244.912,40.354,-0.999,0.047,-0.008,0,0.174,0.985,0.048,0.984,-0.173],"_shiftlockState":true,"_pose":"FreeFall","_animationQueue":[],"_animationSpeed":1,"_zoom":16.125},{"_mousePosition":[683,384],"_rootPartCFrame":[740.924,227.857,42.993,-0.999,0,0.052,0,1,0,-0.052,0,-0.999],"_humanoidState":5,"_cameraCFrame":[738.777,245.237,40.484,-0.989,0.147,-0.026,0,0.174,0.985,0.149,0.974,-0.172],"_shiftlockState":true,"_pose":"FreeFall","_animationQueue":[],"_animationSpeed":1,"_zoom":16.125},{"_mousePosition":[683,384],"_rootPartCFrame":[740.17,228.331,42.884,-1,0,0.017,0,1,0,-0.017,0,-1],"_humanoidState":5,"_cameraCFrame":[737.874,245.711,40.51,-0.978,0.205,-0.036,0,0.174,0.985,0.209,0.963,-0.17],"_shiftlockState":true,"_pose":"FreeFall","_animationQueue":[],"_animationSpeed":1,"_zoom":16.125},{"_mousePosition":[683,384],"_rootPartCFrame":[739.609,228.649,42.811,-0.997,0,-0.077,0,1,0,0.077,0,-0.997],"_humanoidState":5,"_cameraCFrame":[737.179,246.029,40.575,-0.964,0.261,-0.046,0,0.174,0.985,0.265,0.95,-0.167],"_shiftlockState":true,"_pose":"FreeFall","_animationQueue":[],"_animationSpeed":1,"_zoom":16.125},{"_mousePosition":[683,384],"_rootPartCFrame":[739.085,228.912,42.753,-0.991,0,-0.135,0,1,0,0.135,0,-0.991],"_humanoidState":5,"_cameraCFrame":[736.539,246.292,40.65,-0.949,0.311,-0.055,0,0.174,0.985,0.316,0.934,-0.165],"_shiftlockState":true,"_pose":"FreeFall","_animationQueue":[],"_animationSpeed":1,"_zoom":16.125},{"_mousePosition":[683,384],"_rootPartCFrame":[738.715,229.074,42.721,-0.976,0,-0.22,0,1,0,0.22,0,-0.976],"_humanoidState":5,"_cameraCFrame":[736.067,246.454,40.749,-0.932,0.358,-0.063,0,0.174,0.985,0.364,0.917,-0.162],"_shiftlockState":true,"_pose":"FreeFall","_animationQueue":[],"_animationSpeed":1,"_zoom":16.125},{"_mousePosition":[683,384],"_rootPartCFrame":[738.253,229.242,42.694,-0.972,0,-0.237,0,1,0,0.237,0,-0.972],"_humanoidState":5,"_cameraCFrame":[735.513,246.622,40.851,-0.913,0.402,-0.071,0,0.174,0.985,0.408,0.899,-0.159],"_shiftlockState":true,"_pose":"FreeFall","_animationQueue":[],"_animationSpeed":1,"_zoom":16.125},{"_mousePosition":[683,384],"_rootPartCFrame":[737.826,229.356,42.686,-0.959,0,-0.283,0,1,0,0.283,0,-0.959],"_humanoidState":5,"_cameraCFrame":[735.009,246.736,40.963,-0.895,0.44,-0.078,0,0.174,0.985,0.447,0.881,-0.155],"_shiftlockState":true,"_pose":"FreeFall","_animationQueue":[],"_animationSpeed":1,"_zoom":16.125},{"_mousePosition":[683,384],"_rootPartCFrame":[737.432,229.415,42.699,-0.946,0,-0.324,0,1,0,0.324,0,-0.946],"_humanoidState":5,"_cameraCFrame":[734.556,246.795,41.077,-0.878,0.471,-0.083,0,0.174,0.985,0.478,0.865,-0.152],"_shiftlockState":true,"_pose":"FreeFall","_animationQueue":[],"_animationSpeed":1,"_zoom":16.125},{"_mousePosition":[683,384],"_rootPartCFrame":[737.072,229.419,42.734,-0.934,0,-0.357,0,1,0,0.357,0,-0.934],"_humanoidState":5,"_cameraCFrame":[734.152,246.799,41.193,-0.865,0.495,-0.087,0,0.174,0.985,0.503,0.851,-0.15],"_shiftlockState":true,"_pose":"FreeFall","_animationQueue":[],"_animationSpeed":1,"_zoom":16.125},{"_mousePosition":[683,384],"_rootPartCFrame":[736.744,229.369,42.793,-0.924,0,-0.383,0,1,0,0.383,0,-0.924],"_humanoidState":5,"_cameraCFrame":[733.8,246.749,41.296,-0.857,0.508,-0.09,0,0.174,0.985,0.516,0.844,-0.149],"_shiftlockState":true,"_pose":"FreeFall","_animationQueue":[],"_animationSpeed":1,"_zoom":16.125},{"_mousePosition":[683,384],"_rootPartCFrame":[736.447,229.265,42.875,-0.918,0,-0.397,0,1,0,0.397,0,-0.918],"_humanoidState":5,"_cameraCFrame":[733.478,246.645,41.431,-0.848,0.523,-0.092,0,0.174,0.985,0.531,0.835,-0.147],"_shiftlockState":true,"_pose":"FreeFall","_animationQueue":[["fall",0.3]],"_animationSpeed":1,"_zoom":16.125},{"_mousePosition":[683,384],"_rootPartCFrame":[736.181,229.106,42.983,-0.911,0,-0.413,0,1,0,0.413,0,-0.911],"_humanoidState":5,"_cameraCFrame":[733.201,246.486,41.561,-0.843,0.529,-0.093,0,0.174,0.985,0.537,0.831,-0.146],"_shiftlockState":true,"_pose":"FreeFall","_animationQueue":[],"_animationSpeed":1,"_zoom":16.125},{"_mousePosition":[683,384],"_rootPartCFrame":[735.945,228.892,43.115,-0.907,0,-0.42,0,1,0,0.42,0,-0.907],"_humanoidState":5,"_cameraCFrame":[732.961,246.272,41.701,-0.842,0.531,-0.094,0,0.174,0.985,0.539,0.829,-0.146],"_shiftlockState":true,"_pose":"FreeFall","_animationQueue":[],"_animationSpeed":1,"_zoom":16.125},{"_mousePosition":[683,384],"_rootPartCFrame":[735.719,228.624,43.258,-0.906,0,-0.423,0,1,0,0.423,0,-0.906],"_humanoidState":5,"_cameraCFrame":[732.736,246.004,41.843,-0.842,0.531,-0.094,0,0.174,0.985,0.539,0.829,-0.146],"_shiftlockState":true,"_pose":"FreeFall","_animationQueue":[],"_animationSpeed":1,"_zoom":16.125},{"_mousePosition":[683,384],"_rootPartCFrame":[735.495,228.302,43.401,-0.906,0,-0.423,0,1,0,0.423,0,-0.906],"_humanoidState":5,"_cameraCFrame":[732.511,245.682,41.987,-0.842,0.531,-0.094,0,0.174,0.985,0.539,0.829,-0.146],"_shiftlockState":true,"_pose":"FreeFall","_animationQueue":[],"_animationSpeed":1,"_zoom":16.125},{"_mousePosition":[683,384],"_rootPartCFrame":[735.27,227.925,43.545,-0.906,0,-0.423,0,1,0,0.423,0,-0.906],"_humanoidState":5,"_cameraCFrame":[732.286,245.305,42.131,-0.842,0.531,-0.094,0,0.174,0.985,0.539,0.829,-0.146],"_shiftlockState":true,"_pose":"FreeFall","_animationQueue":[],"_animationSpeed":1,"_zoom":16.125},{"_mousePosition":[683,384],"_rootPartCFrame":[735.046,227.493,43.689,-0.906,0,-0.423,0,1,0,0.423,0,-0.906],"_humanoidState":5,"_cameraCFrame":[732.062,244.874,42.275,-0.842,0.531,-0.094,0,0.174,0.985,0.539,0.829,-0.146],"_shiftlockState":true,"_pose":"FreeFall","_animationQueue":[],"_animationSpeed":1,"_zoom":16.125},{"_mousePosition":[683,384],"_rootPartCFrame":[734.821,227.008,43.833,-0.906,0,-0.423,0,1,0,0.423,0,-0.906],"_humanoidState":5,"_cameraCFrame":[731.844,244.388,42.403,-0.845,0.527,-0.093,0,0.174,0.985,0.535,0.832,-0.147],"_shiftlockState":true,"_pose":"FreeFall","_animationQueue":[["fall",0.3]],"_animationSpeed":1,"_zoom":16.125},{"_mousePosition":[683,384],"_rootPartCFrame":[734.596,226.467,43.977,-0.908,0,-0.418,0,1,0,0.418,0,-0.908],"_humanoidState":5,"_cameraCFrame":[731.653,243.847,42.48,-0.857,0.508,-0.09,0,0.174,0.985,0.516,0.844,-0.149],"_shiftlockState":true,"_pose":"FreeFall","_animationQueue":[],"_animationSpeed":1,"_zoom":16.125},{"_mousePosition":[683,384],"_rootPartCFrame":[734.371,225.872,44.119,-0.918,0,-0.397,0,1,0,0.397,0,-0.918],"_humanoidState":5,"_cameraCFrame":[731.512,243.252,42.468,-0.883,0.462,-0.082,0,0.174,0.985,0.469,0.87,-0.153],"_shiftlockState":true,"_pose":"FreeFall","_animationQueue":[],"_animationSpeed":1,"_zoom":16.125},{"_mousePosition":[683,384],"_rootPartCFrame":[734.143,225.223,44.258,-0.938,0,-0.348,0,1,0,0.348,0,-0.938],"_humanoidState":5,"_cameraCFrame":[731.441,242.603,42.36,-0.921,0.384,-0.068,0,0.174,0.985,0.389,0.907,-0.16],"_shiftlockState":true,"_pose":"FreeFall","_animationQueue":[],"_animationSpeed":1,"_zoom":16.125},{"_mousePosition":[683,384],"_rootPartCFrame":[733.909,224.519,44.385,-0.965,0,-0.264,0,1,0,0.264,0,-0.965],"_humanoidState":5,"_cameraCFrame":[731.457,241.888,42.096,-0.964,0.263,-0.048,0,0.177,0.984,0.268,0.948,-0.171],"_shiftlockState":true,"_pose":"FreeFall","_animationQueue":[],"_animationSpeed":1,"_zoom":16.125},{"_mousePosition":[683,384],"_rootPartCFrame":[733.665,223.76,44.494,-0.991,0,-0.137,0,1,0,0.137,0,-0.991],"_humanoidState":5,"_cameraCFrame":[731.807,241.089,41.48,-0.999,0.035,-0.007,0,0.191,0.982,0.036,0.981,-0.191],"_shiftlockState":true,"_pose":"FreeFall","_animationQueue":[],"_animationSpeed":1,"_zoom":16.125},{"_mousePosition":[683,384],"_rootPartCFrame":[733.412,222.947,44.576,-0.995,0,0.098,0,1,0,-0.098,0,-0.995],"_humanoidState":5,"_cameraCFrame":[732.096,240.239,41.115,-0.992,-0.126,0.026,0,0.202,0.979,-0.129,0.971,-0.201],"_shiftlockState":true,"_pose":"FreeFall","_animationQueue":[["fall",0.3]],"_animationSpeed":1,"_zoom":16.125},{"_mousePosition":[683,384],"_rootPartCFrame":[733.165,221.966,44.787,-0.985,0,0.172,0,1,0,-0.172,0,-0.985],"_humanoidState":7,"_cameraCFrame":[732.15,239.231,41.114,-0.979,-0.201,0.043,0,0.21,0.978,-0.206,0.957,-0.205],"_shiftlockState":true,"_pose":"FreeFall","_animationQueue":[["walk",0.1],["fall",0.3],["fall",0.3]],"_animationSpeed":1,"_zoom":16.125},{"_mousePosition":[683,384],"_rootPartCFrame":[733.011,221.913,44.914,-0.978,0,0.208,0,1,0,-0.208,0,-0.978],"_humanoidState":7,"_cameraCFrame":[732.765,239.095,40.78,-0.93,-0.358,0.086,0,0.233,0.973,-0.368,0.904,-0.216],"_shiftlockState":true,"_pose":"FreeFall","_animationQueue":[],"_animationSpeed":1,"_zoom":16.125},{"_mousePosition":[683,384],"_rootPartCFrame":[732.733,222.037,45.098,-0.925,0,0.379,0,1,0,-0.379,0,-0.925],"_humanoidState":8,"_cameraCFrame":[732.808,239.167,40.763,-0.908,-0.406,0.103,0,0.246,0.969,-0.419,0.88,-0.223],"_shiftlockState":true,"_pose":"Running","_animationQueue":[["walk",0.1],["fall",0.3],["walk",0.1]],"_animationSpeed":1.103,"_zoom":16.125},{"_mousePosition":[683,384],"_rootPartCFrame":[732.492,222.11,45.21,-0.906,0,0.422,0,1,0,-0.422,0,-0.906],"_humanoidState":8,"_cameraCFrame":[732.721,239.2,40.74,-0.899,-0.423,0.112,0,0.255,0.967,-0.438,0.869,-0.23],"_shiftlockState":true,"_pose":"Running","_animationQueue":[],"_animationSpeed":1.103,"_zoom":16.125},{"_mousePosition":[683,384],"_rootPartCFrame":[732.242,222.15,45.304,-0.899,0,0.438,0,1,0,-0.438,0,-0.899],"_humanoidState":8,"_cameraCFrame":[732.44,239.224,40.777,-0.905,-0.412,0.11,0,0.259,0.966,-0.426,0.874,-0.235],"_shiftlockState":true,"_pose":"Running","_animationQueue":[],"_animationSpeed":1.103,"_zoom":16.125},{"_mousePosition":[683,384],"_rootPartCFrame":[731.991,222.173,45.392,-0.905,0,0.426,0,1,0,-0.426,0,-0.905],"_humanoidState":8,"_cameraCFrame":[731.971,239.247,40.861,-0.924,-0.369,0.099,0,0.259,0.966,-0.382,0.893,-0.24],"_shiftlockState":true,"_pose":"Running","_animationQueue":[],"_animationSpeed":1.103,"_zoom":16.125},{"_mousePosition":[683,384],"_rootPartCFrame":[731.74,222.185,45.482,-0.924,0,0.382,0,1,0,-0.382,0,-0.924],"_humanoidState":8,"_cameraCFrame":[731.378,239.267,40.993,-0.95,-0.303,0.081,0,0.257,0.966,-0.313,0.918,-0.244],"_shiftlockState":true,"_pose":"Running","_animationQueue":[["walk",0.1]],"_animationSpeed":1.103,"_zoom":16.125},{"_mousePosition":[683,384],"_rootPartCFrame":[731.493,222.192,45.582,-0.95,0,0.313,0,1,0,-0.313,0,-0.95],"_humanoidState":8,"_cameraCFrame":[730.682,239.298,41.238,-0.975,-0.214,0.056,0,0.252,0.968,-0.221,0.944,-0.245],"_shiftlockState":true,"_pose":"Running","_animationQueue":[],"_animationSpeed":1.103,"_zoom":16.125},{"_mousePosition":[683,384],"_rootPartCFrame":[731.242,222.195,45.564,-0.975,0,0.221,0,1,0,-0.221,0,-0.975],"_humanoidState":8,"_cameraCFrame":[729.908,239.332,41.467,-0.995,-0.1,0.025,0,0.244,0.97,-0.103,0.965,-0.243],"_shiftlockState":true,"_pose":"Running","_animationQueue":[],"_animationSpeed":1.103,"_zoom":16.125},{"_mousePosition":[683,384],"_rootPartCFrame":[730.983,222.197,45.503,-0.995,0,0.098,0,1,0,-0.098,0,-0.995],"_humanoidState":8,"_cameraCFrame":[729.119,239.379,41.804,-1,0.03,-0.007,0,0.233,0.973,0.031,0.972,-0.233],"_shiftlockState":true,"_pose":"Running","_animationQueue":[],"_animationSpeed":1.103,"_zoom":16.125},{"_mousePosition":[683,384],"_rootPartCFrame":[730.718,222.198,45.471,-0.999,0,-0.039,0,1,0,0.039,0,-0.999],"_humanoidState":8,"_cameraCFrame":[728.428,239.43,42.254,-0.987,0.155,-0.035,0,0.219,0.976,0.159,0.963,-0.217],"_shiftlockState":true,"_pose":"Running","_animationQueue":[],"_animationSpeed":1.103,"_zoom":16.125},{"