[{"_mousePosition":[970,363],"_rootPartCFrame":[776.023,222.967,47.142,0.004,0.005,1,0,1,-0.005,-1,0,0.004],"_humanoidState":8,"_cameraCFrame":[783.658,228.628,47.272,0.017,-0.479,0.878,0,0.878,0.479,-1,-0.008,0.015],"_shiftlockState":false,"_pose":"Standing","_animationQueue":[["idle",0]],"_animationSpeed":1,"_zoom":8.69},{"_mousePosition":[933,367],"_rootPartCFrame":[775.851,222.877,47.139,0.005,0.002,1,0,1,-0.002,-1,0,0.005],"_humanoidState":8,"_cameraCFrame":[783.481,228.539,47.269,0.017,-0.479,0.878,0,0.878,0.479,-1,-0.008,0.015],"_shiftlockState":false,"_pose":"Standing","_animationQueue":[],"_animationSpeed":1,"_zoom":8.69},{"_mousePosition":[903,372],"_rootPartCFrame":[775.453,222.663,47.132,0.008,0,1,0,1,0,-1,0,0.008],"_humanoidState":8,"_cameraCFrame":[783.08,228.325,47.263,0.017,-0.479,0.878,0,0.878,0.479,-1,-0.008,0.015],"_shiftlockState":false,"_pose":"Running","_animationQueue":[["walk",0.1]],"_animationSpeed":1.005,"_zoom":8.69},{"_mousePosition":[872,379],"_rootPartCFrame":[775.32,222.651,47.13,0.008,0,1,0,1,0,-1,0,0.008],"_humanoidState":8,"_cameraCFrame":[782.947,228.312,47.26,0.017,-0.479,0.878,0,0.878,0.479,-1,-0.008,0.015],"_shiftlockState":false,"_pose":"Running","_animationQueue":[["walk",0.1]],"_animationSpeed":1.102,"_zoom":8.69},{"_mousePosition":[840,387],"_rootPartCFrame":[775.053,222.663,47.125,0.009,0,1,0,1,0,-1,0,0.009],"_humanoidState":8,"_cameraCFrame":[782.681,228.325,47.256,0.017,-0.479,0.878,0,0.878,0.479,-1,-0.008,0.015],"_shiftlockState":false,"_pose":"Running","_animationQueue":[],"_animationSpeed":1.102,"_zoom":8.69},{"_mousePosition":[812,394],"_rootPartCFrame":[774.787,222.679,47.121,0.011,0,1,0,1,0,-1,0,0.011],"_humanoidState":8,"_cameraCFrame":[782.414,228.34,47.251,0.017,-0.479,0.878,0,0.878,0.479,-1,-0.008,0.015],"_shiftlockState":false,"_pose":"Running","_animationQueue":[["walk",0.1]],"_animationSpeed":1.102,"_zoom":8.69},{"_mousePosition":[788,398],"_rootPartCFrame":[774.52,222.688,47.116,0.011,0,1,0,1,0,-1,0,0.011],"_humanoidState":8,"_cameraCFrame":[782.148,228.349,47.247,0.017,-0.479,0.878,0,0.878,0.479,-1,-0.008,0.015],"_shiftlockState":false,"_pose":"Running","_animationQueue":[],"_animationSpeed":1.102,"_zoom":8.69},{"_mousePosition":[760,400],"_rootPartCFrame":[774.253,222.693,47.112,0.012,0,1,0,1,0,-1,0,0.012],"_humanoidState":8,"_cameraCFrame":[781.881,228.355,47.242,0.017,-0.479,0.878,0,0.878,0.479,-1,-0.008,0.015],"_shiftlockState":false,"_pose":"Running","_animationQueue":[],"_animationSpeed":1.102,"_zoom":8.69},{"_mousePosition":[735,402],"_rootPartCFrame":[773.987,222.696,47.107,0.013,0,1,0,1,0,-1,0,0.013],"_humanoidState":8,"_cameraCFrame":[781.615,228.358,47.238,0.017,-0.479,0.878,0,0.878,0.479,-1,-0.008,0.015],"_shiftlockState":false,"_pose":"Running","_animationQueue":[],"_animationSpeed":1.102,"_zoom":8.69},{"_mousePosition":[712,403],"_rootPartCFrame":[773.587,222.698,47.1,0.014,0,1,0,1,0,-1,0,0.014],"_humanoidState":8,"_cameraCFrame":[781.215,228.36,47.231,0.017,-0.479,0.878,0,0.878,0.479,-1,-0.008,0.015],"_shiftlockState":false,"_pose":"Running","_animationQueue":[],"_animationSpeed":1.102,"_zoom":8.69},{"_mousePosition":[700,406],"_rootPartCFrame":[773.32,222.699,47.096,0.014,0,1,0,1,0,-1,0,0.014],"_humanoidState":8,"_cameraCFrame":[780.948,228.36,47.226,0.017,-0.479,0.878,0,0.878,0.479,-1,-0.008,0.015],"_shiftlockState":false,"_pose":"Running","_animationQueue":[],"_animationSpeed":1.102,"_zoom":8.69},{"_mousePosition":[688,409],"_rootPartCFrame":[773.187,222.699,47.094,0.014,0,1,0,1,0,-1,0,0.014],"_humanoidState":8,"_cameraCFrame":[780.815,228.361,47.224,0.017,-0.479,0.878,0,0.878,0.479,-1,-0.008,0.015],"_shiftlockState":false,"_pose":"Running","_animationQueue":[],"_animationSpeed":1.102,"_zoom":8.69},{"_mousePosition":[678,412],"_rootPartCFrame":[772.92,222.699,47.089,0.015,0,1,0,1,0,-1,0,0.015],"_humanoidState":8,"_cameraCFrame":[780.548,228.361,47.219,0.017,-0.479,0.878,0,0.878,0.479,-1,-0.008,0.015],"_shiftlockState":false,"_pose":"Running","_animationQueue":[["walk",0.1]],"_animationSpeed":1.102,"_zoom":8.69},{"_mousePosition":[671,414],"_rootPartCFrame":[772.654,222.7,47.084,0.015,0,1,0,1,0,-1,0,0.015],"_humanoidState":8,"_cameraCFrame":[780.282,228.361,47.215,0.017,-0.479,0.878,0,0.878,0.479,-1,-0.008,0.015],"_shiftlockState":false,"_pose":"Running","_animationQueue":[],"_animationSpeed":1.102,"_zoom":8.69},{"_mousePosition":[665,417],"_rootPartCFrame":[772.387,222.7,47.08,0.015,0,1,0,1,0,-1,0,0.015],"_humanoidState":8,"_cameraCFrame":[780.015,228.361,47.21,0.017,-0.479,0.878,0,0.878,0.479,-1,-0.008,0.015],"_shiftlockState":false,"_pose":"Running","_animationQueue":[],"_animationSpeed":1.102,"_zoom":8.69},{"_mousePosition":[662,421],"_rootPartCFrame":[772.121,222.7,47.075,0.016,0,1,0,1,0,-1,0,0.016],"_humanoidState":8,"_cameraCFrame":[779.748,228.361,47.206,0.017,-0.479,0.878,0,0.878,0.479,-1,-0.008,0.015],"_shiftlockState":false,"_pose":"Running","_animationQueue":[],"_animationSpeed":1.102,"_zoom":8.69},{"_mousePosition":[658,430],"_rootPartCFrame":[771.854,222.7,47.071,0.016,0,1,0,1,0,-1,0,0.016],"_humanoidState":8,"_cameraCFrame":[779.482,228.361,47.201,0.017,-0.479,0.878,0,0.878,0.479,-1,-0.008,0.015],"_shiftlockState":false,"_pose":"Running","_animationQueue":[],"_animationSpeed":1.102,"_zoom":8.69},{"_mousePosition":[652,447],"_rootPartCFrame":[771.454,222.7,47.064,0.016,0,1,0,1,0,-1,0,0.016],"_humanoidState":8,"_cameraCFrame":[779.082,228.361,47.194,0.017,-0.479,0.878,0,0.878,0.479,-1,-0.008,0.015],"_shiftlockState":false,"_pose":"Running","_animationQueue":[],"_animationSpeed":1.102,"_zoom":8.69},{"_mousePosition":[652,447],"_rootPartCFrame":[771.188,223.573,47.059,0.016,0,1,0,1,0,-1,0,0.016],"_humanoidState":3,"_cameraCFrame":[778.751,229.351,47.133,0.01,-0.492,0.87,0,0.87,0.492,-1,-0.005,0.008],"_shiftlockState":false,"_pose":"Jumping","_animationQueue":[["walk",0.1],["walk",0.1],["jump",0.1]],"_animationSpeed":1,"_zoom":8.69},{"_mousePosition":[652,447],"_rootPartCFrame":[770.921,224.395,47.055,0.016,0,1,0,1,0,-1,0,0.016],"_humanoidState":5,"_cameraCFrame":[778.422,230.282,47.081,0.003,-0.505,0.863,0,0.863,0.505,-1,-0.002,0.003],"_shiftlockState":false,"_pose":"FreeFall","_animationQueue":[["jump",0.1]],"_animationSpeed":1,"_zoom":8.69},{"_mousePosition":[652,447],"_rootPartCFrame":[770.721,224.976,47.053,0.016,0,1,0,1,0,-1,0,0.016],"_humanoidState":5,"_cameraCFrame":[778.132,231.013,47.016,-0.005,-0.522,0.853,0,0.853,0.522,-1,0.003,-0.004],"_shiftlockState":false,"_pose":"FreeFall","_animationQueue":[],"_animationSpeed":1,"_zoom":8.69},{"_mousePosition":[652,447],"_rootPartCFrame":[770.454,225.702,47.051,0.015,0,1,0,1,0,-1,0,0.015],"_humanoidState":5,"_cameraCFrame":[777.765,231.9,46.962,-0.012,-0.541,0.841,0,0.841,0.541,-1,0.007,-0.01],"_shiftlockState":false,"_pose":"FreeFall","_animationQueue":[],"_animationSpeed":1,"_zoom":8.69},{"_mousePosition":[652,447],"_rootPartCFrame":[770.188,226.374,47.052,0.012,0,1,0,1,0,-1,0,0.012],"_humanoidState":5,"_cameraCFrame":[777.397,232.724,46.904,-0.021,-0.558,0.83,0,0.83,0.558,-1,0.012,-0.017],"_shiftlockState":false,"_pose":"FreeFall","_animationQueue":[],"_animationSpeed":1,"_zoom":8.69},{"_mousePosition":[652,447],"_rootPartCFrame":[769.921,226.992,47.055,0.009,0,1,0,1,0,-1,0,0.009],"_humanoidState":5,"_cameraCFrame":[777.022,233.498,46.857,-0.028,-0.576,0.817,0,0.817,0.576,-1,0.016,-0.023],"_shiftlockState":false,"_pose":"FreeFall","_animationQueue":[],"_animationSpeed":1,"_zoom":8.69},{"_mousePosition":[652,447],"_rootPartCFrame":[769.655,227.555,47.061,0.006,0,1,0,1,0,-1,0,0.006],"_humanoidState":5,"_cameraCFrame":[776.643,234.214,46.814,-0.035,-0.593,0.804,0,0.805,0.594,-0.999,0.021,-0.028],"_shiftlockState":false,"_pose":"FreeFall","_animationQueue":[],"_animationSpeed":1,"_zoom":8.69},{"_mousePosition":[652,447],"_rootPartCFrame":[769.388,228.064,47.068,0.001,0,1,0,1,0,-1,0,0.001],"_humanoidState":5,"_cameraCFrame":[776.231,234.913,46.776,-0.043,-0.615,0.787,0,0.788,0.616,-0.999,0.026,-0.034],"_shiftlockState":false,"_pose":"FreeFall","_animationQueue":[],"_animationSpeed":1,"_zoom":8.69},{"_mousePosition":[652,447],"_rootPartCFrame":[769.121,228.518,47.077,-0.003,0,1,0,1,0,-1,0,-0.003],"_humanoidState":5,"_cameraCFrame":[775.831,235.531,46.756,-0.048,-0.634,0.772,0,0.773,0.634,-0.999,0.03,-0.037],"_shiftlockState":false,"_pose":"FreeFall","_animationQueue":[],"_animationSpeed":1,"_zoom":8.69},{"_mousePosition":[652,447],"_rootPartCFrame":[768.855,228.918,47.088,-0.009,0,1,0,1,0,-1,0,-0.009],"_humanoidState":5,"_cameraCFrame":[775.405,236.118,46.747,-0.052,-0.655,0.754,0,0.755,0.656,-0.999,0.034,-0.039],"_shiftlockState":false,"_pose":"FreeFall","_animationQueue":[],"_animationSpeed":1,"_zoom":8.69},{"_mousePosition":[652,447],"_rootPartCFrame":[768.589,229.263,47.1,-0.014,0,1,0,1,0,-1,0,-0.014],"_humanoidState":5,"_cameraCFrame":[775.027,236.589,46.758,-0.053,-0.67,0.741,0,0.742,0.67,-0.999,0.036,-0.039],"_shiftlockState":false,"_pose":"FreeFall","_animationQueue":[],"_animationSpeed":1,"_zoom":8.69},{"_mousePosition":[652,447],"_rootPartCFrame":[768.322,229.553,47.114,-0.019,0,1,0,1,0,-1,0,-0.019],"_humanoidState":5,"_cameraCFrame":[774.662,236.988,46.791,-0.051,-0.682,0.73,0,0.73,0.683,-0.999,0.035,-0.037],"_shiftlockState":false,"_pose":"FreeFall","_animationQueue":[],"_animationSpeed":1,"_zoom":8.69},{"_mousePosition":[652,447],"_rootPartCFrame":[768.056,229.789,47.128,-0.024,0,1,0,1,0,-1,0,-0.024],"_humanoidState":5,"_cameraCFrame":[774.31,237.316,46.822,-0.049,-0.693,0.72,0,0.721,0.693,-0.999,0.034,-0.035],"_shiftlockState":false,"_pose":"FreeFall","_animationQueue":[],"_animationSpeed":1,"_zoom":8.69},{"_mousePosition":[652,447],"_rootPartCFrame":[767.79,229.971,47.142,-0.028,0,1,0,1,0,-1,0,-0.028],"_humanoidState":5,"_cameraCFrame":[773.971,237.572,46.852,-0.047,-0.701,0.711,0,0.712,0.702,-0.999,0.033,-0.033],"_shiftlockState":false,"_pose":"FreeFall","_animationQueue":[],"_animationSpeed":1,"_zoom":8.69},{"_mousePosition":[652,447],"_rootPartCFrame":[767.523,230.098,47.155,-0.031,0,1,0,1,0,-1,0,-0.031],"_humanoidState":5,"_cameraCFrame":[773.65,237.754,46.874,-0.046,-0.708,0.705,0,0.706,0.708,-0.999,0.032,-0.032],"_shiftlockState":false,"_pose":"FreeFall","_animationQueue":[],"_animationSpeed":1,"_zoom":8.69},{"_mousePosition":[652,447],"_rootPartCFrame":[767.257,230.171,47.168,-0.033,0,0.999,0,1,0,-0.999,0,-0.033],"_humanoidState":5,"_cameraCFrame":[773.345,237.866,46.902,-0.044,-0.712,0.701,0,0.701,0.713,-0.999,0.031,-0.031],"_shiftlockState":false,"_pose":"FreeFall","_animationQueue":[],"_animationSpeed":1,"_zoom":8.69},{"_mousePosition":[652,447],"_rootPartCFrame":[766.991,230.189,47.18,-0.035,0,0.999,0,1,0,-0.999,0,-0.035],"_humanoidState":5,"_cameraCFrame":[773.034,237.929,46.928,-0.042,-0.717,0.695,0,0.696,0.718,-0.999,0.03,-0.029],"_shiftlockState":false,"_pose":"FreeFall","_animationQueue":[],"_animationSpeed":1,"_zoom":8.69},{"_mousePosition":[652,447],"_rootPartCFrame":[766.724,230.153,47.191,-0.036,0,0.999,0,1,0,-0.999,0,-0.036],"_humanoidState":5,"_cameraCFrame":[772.733,237.926,46.967,-0.037,-0.721,0.691,0,0.692,0.722,-0.999,0.027,-0.026],"_shiftlockState":false,"_pose":"FreeFall","_animationQueue":[],"_animationSpeed":1,"_zoom":8.69},{"_mousePosition":[652,447],"_rootPartCFrame":[766.458,230.062,47.203,-0.037,0,0.999,0,1,0,-0.999,0,-0.037],"_humanoidState":5,"_cameraCFrame":[772.428,237.874,47.03,-0.029,-0.726,0.687,0,0.687,0.726,-1,0.021,-0.02],"_shiftlockState":false,"_pose":"FreeFall","_animationQueue":[],"_animationSpeed":1,"_zoom":8.69},{"_mousePosition":[652,447],"_rootPartCFrame":[766.191,229.917,47.213,-0.037,0,0.999,0,1,0,-0.999,0,-0.037],"_humanoidState":5,"_cameraCFrame":[772.132,237.758,47.084,-0.022,-0.73,0.684,0,0.684,0.73,-1,0.016,-0.015],"_shiftlockState":false,"_pose":"FreeFall","_animationQueue":[],"_animationSpeed":1,"_zoom":8.69},{"_mousePosition":[652,447],"_rootPartCFrame":[765.925,229.717,47.221,-0.037,0,0.999,0,1,0,-0.999,0,-0.037],"_humanoidState":5,"_cameraCFrame":[771.851,237.572,47.13,-0.015,-0.731,0.682,0,0.682,0.731,-1,0.011,-0.01],"_shiftlockState":false,"_pose":"FreeFall","_animationQueue":[],"_animationSpeed":1,"_zoom":8.69},{"_mousePosition":[652,447],"_rootPartCFrame":[765.658,229.462,47.227,-0.035,0,0.999,0,1,0,-0.999,0,-0.035],"_humanoidState":5,"_cameraCFrame":[771.574,237.327,47.173,-0.009,-0.732,0.681,0,0.681,0.732,-1,0.007,-0.006],"_shiftlockState":false,"_pose":"FreeFall","_animationQueue":[["fall",0.3]],"_animationSpeed":1,"_zoom":8.69},{"_mousePosition":[652,447],"_rootPartCFrame":[765.392,229.153,47.231,-0.033,0,0.999,0,1,0,-0.999,0,-0.033],"_humanoidState":5,"_cameraCFrame":[771.287,237.037,47.233,0,-0.735,0.678,0,0.678,0.735,-1,0,0],"_shiftlockState":false,"_pose":"FreeFall","_animationQueue":[],"_animationSpeed":1,"_zoom":8.69},{"_mousePosition":[652,447],"_rootPartCFrame":[765.125,228.79,47.234,-0.03,0,1,0,1,0,-1,0,-0.03],"_humanoidState":5,"_cameraCFrame":[771,236.693,47.316,0.014,-0.737,0.676,0,0.676,0.737,-1,-0.01,0.009],"_shiftlockState":false,"_pose":"FreeFall","_animationQueue":[],"_animationSpeed":1,"_zoom":8.69},{"_mousePosition":[652,447],"_rootPartCFrame":[764.858,228.372,47.234,-0.026,0,1,0,1,0,-1,0,-0.026],"_humanoidState":5,"_cameraCFrame":[770.71,236.294,47.408,0.03,-0.739,0.673,0,0.674,0.739,-1,-0.022,0.02],"_shiftlockState":false,"_pose":"FreeFall","_animationQueue":[],"_animationSpeed":1,"_zoom":8.69},{"_mousePosition":[652,447],"_rootPartCFrame":[764.592,227.9,47.231,-0.021,0,1,0,1,0,-1,0,-0.021],"_humanoidState":5,"_cameraCFrame":[770.431,235.831,47.472,0.041,-0.739,0.672,0,0.673,0.74,-0.999,-0.03,0.028],"_shiftlockState":false,"_pose":"FreeFall","_animationQueue":[],"_animationSpeed":1,"_zoom":8.69},{"_mousePosition":[652,447],"_rootPartCFrame":[764.325,227.373,47.224,-0.015,0,1,0,1,0,-1,0,-0.015],"_humanoidState":5,"_cameraCFrame":[770.152,235.314,47.513,0.05,-0.74,0.67,0,0.671,0.741,-0.999,-0.037,0.033],"_shiftlockState":false,"_pose":"FreeFall","_animationQueue":[],"_animationSpeed":1,"_zoom":8.69},{"_mousePosition":[652,447],"_rootPartCFrame":[764.059,226.792,47.213,-0.008,0,1,0,1,0,-1,0,-0.008],"_humanoidState":5,"_cameraCFrame":[769.868,234.746,47.544,0.057,-0.742,0.668,0,0.67,0.743,-0.998,-0.042,0.038],"_shiftlockState":false,"_pose":"FreeFall","_animationQueue":[],"_animationSpeed":1,"_zoom":8.69},{"_mousePosition":[652,447],"_rootPartCFrame":[763.792,226.156,47.2,0,0,1,0,1,0,-1,0,0],"_humanoidState":5,"_cameraCFrame":[769.582,234.125,47.591,0.067,-0.743,0.666,0,0.668,0.744,-0.998,-0.05,0.045],"_shiftlockState":false,"_pose":"FreeFall","_animationQueue":[["fall",0.3]],"_animationSpeed":1,"_zoom":8.69},{"_mousePosition":[652,447],"_rootPartCFrame":[763.526,225.465,47.186,0.008,0,1,0,1,0,-1,0,0.008],"_humanoidState":5,"_cameraCFrame":[769.295,233.448,47.635,0.078,-0.744,0.664,0,0.666,0.746,-0.997,-0.058,0.052],"_shiftlockState":false,"_pose":"FreeFall","_animationQueue":[],"_animationSpeed":1,"_zoom":8.69},{"_mousePosition":[652,447],"_rootPartCFrame":[763.26,224.721,47.168,0.015,0,1,0,1,0,-1,0,0.015],"_humanoidState":5,"_cameraCFrame":[769.01,232.717,47.665,0.086,-0.745,0.662,0,0.664,0.748,-0.996,-0.064,0.057],"_shiftlockState":false,"_pose":"FreeFall","_animationQueue":[],"_animationSpeed":1,"_zoom":8.69},{"_mousePosition":[652,447],"_rootPartCFrame":[762.994,223.921,47.148,0.024,0,1,0,1,0,-1,0,0.024],"_humanoidState":5,"_cameraCFrame":[768.737,231.923,47.662,0.089,-0.745,0.661,0,0.664,0.748,-0.996,-0.067,0.059],"_shiftlockState":false,"_pose":"FreeFall","_animationQueue":[],"_animationSpeed":1,"_zoom":8.69},{"_mousePosition":[652,447],"_rootPartCFrame":[762.728,223.067,47.125,0.032,0,0.999,0,1,0,-0.999,0,0.032],"_humanoidState":5,"_cameraCFrame":[768.471,231.069,47.64,0.089,-0.745,0.661,0,0.664,0.748,-0.996,-0.067,0.059],"_shiftlockState":false,"_pose":"FreeFall","_animationQueue":[],"_animationSpeed":1,"_zoom":8.69},{"_mousePosition":[652,447],"_rootPartCFrame":[762.463,222.939,47.101,0.04,0,0.999,0,1,0,-0.999,0,0.04],"_humanoidState":7,"_cameraCFrame":[768.206,230.94,47.616,0.089,-0.745,0.661,0,0.664,0.748,-0.996,-0.067,0.059],"_shiftlockState":false,"_pose":"FreeFall","_animationQueue":[["walk",0.1],["fall",0.3],["fall",0.3]],"_animationSpeed":1,"_zoom":8.69},{"_mousePosition":[652,447],"_rootPartCFrame":[762.197,222.936,47.078,0.047,0,0.999,0,1,0,-0.999,0,0.047],"_humanoidState":7,"_cameraCFrame":[767.941,230.938,47.586,0.088,-0.745,0.661,0,0.664,0.748,-0.996,-0.066,0.059],"_shiftlockState":false,"_pose":"FreeFall","_animationQueue":[],"_animationSpeed":1,"_zoom":8.69},{"_mousePosition":[652,447],"_rootPartCFrame":[761.932,222.855,47.054,0.053,0,0.999,0,1,0,-0.999,0,0.053],"_humanoidState":8,"_cameraCFrame":[767.689,230.847,47.521,0.081,-0.745,0.663,0,0.665,0.747,-0.997,-0.06,0.054],"_shiftlockState":false,"_pose":"Running","_animationQueue":[["fall",0.3],["walk",0.1],["fall",0.3],["walk",0.1]],"_animationSpeed":1.103,"_zoom":8.69},{"_mousePosition":[652,447],"_rootPartCFrame":[761.6,223.925,47.024,0.06,0,0.998,0,1,0,-0.998,0,0.06],"_humanoidState":3,"_cameraCFrame":[767.384,231.899,47.414,0.067,-0.743,0.666,0,0.667,0.745,-0.998,-0.05,0.045],"_shiftlockState":false,"_pose":"Jumping","_animationQueue":[["walk",0.1],["jump",0.1]],"_animationSpeed":1,"_zoom":8.69},{"_mousePosition":[652,447],"_rootPartCFrame":[761.334,224.72,47.002,0.064,0,0.998,0,1,0,-0.998,0,0.064],"_humanoidState":5,"_cameraCFrame":[767.15,232.67,47.291,0.05,-0.741,0.669,0,0.67,0.742,-0.999,-0.037,0.033],"_shiftlockState":false,"_pose":"FreeFall","_animationQueue":[["jump",0.1]],"_animationSpeed":1,"_zoom":8.69},{"_mousePosition":[652,447],"_rootPartCFrame":[761.134,225.28,46.988,0.065,0,0.998,0,1,0,-0.998,0,0.065],"_humanoidState":5,"_cameraCFrame":[766.974,233.212,47.204,0.037,-0.74,0.672,0,0.673,0.74,-0.999,-0.027,0.025],"_shiftlockState":false,"_pose":"FreeFall","_animationQueue":[],"_animationSpeed":1,"_zoom":8.69},{"_mousePosition":[652,447],"_rootPartCFrame":[760.868,225.98,46.974,0.064,0,0.998,0,1,0,-0.998,0,0.064],"_humanoidState":5,"_cameraCFrame":[766.779,233.897,45.405,0.031,-0.738,0.674,0,0.674,0.738,-1,-0.023,0.021],"_shiftlockState":true,"_pose":"FreeFall","_animationQueue":[],"_animationSpeed":1,"_zoom":8.69},{"_mousePosition":[683,352.5],"_rootPartCFrame":[760.602,226.625,46.964,0.031,0,1,0,1,0,-1,0,0.031],"_humanoidState":5,"_cameraCFrame":[766.512,234.542,45.395,0.031,-0.738,0.674,0,0.674,0.738,-1,-0.023,0.021],"_shiftlockState":true,"_pose":"FreeFall","_animationQueue":[],"_animationSpeed":1,"_zoom":8.69},{"_mousePosition":[683,352.5],"_rootPartCFrame":[760.335,227.215,46.955,0.031,0,1,0,1,0,-1,0,0.031],"_humanoidState":5,"_cameraCFrame":[766.267,235.099,45.331,0.021,-0.734,0.678,0,0.678,0.735,-1,-0.016,0.014],"_shiftlockState":true,"_pose":"FreeFall","_animationQueue":[],"_animationSpeed":1,"_zoom":8.69},{"_mousePosition":[683,352.5],"_rootPartCFrame":[760.068,227.751,46.947,0.022,0,1,0,1,0,-1,0,0.022],"_humanoidState":5,"_cameraCFrame":[766.023,235.587,45.224,0.005,-0.729,0.684,0,0.684,0.729,-1,-0.003,0.003],"_shiftlockState":true,"_pose":"FreeFall","_animationQueue":[],"_animationSpeed":1,"_zoom":8.69},{"_mousePosition":[683,352.5],"_rootPartCFrame":[759.735,228.344,46.94,0.007,0,1,0,1,0,-1,0,0.007],"_humanoidState":5,"_cameraCFrame":[765.732,236.093,45.053,-0.023,-0.719,0.695,0,0.695,0.719,-1,0.016,-0.016],"_shiftlockState":true,"_pose":"FreeFall","_animationQueue":[],"_animationSpeed":1,"_zoom":8.69},{"_mousePosition":[683,352.5],"_rootPartCFrame":[759.535,228.659,46.938,-0.02,0,1,0,1,0,-1,0,-0.02],"_humanoidState":5,"_cameraCFrame":[765.603,236.265,44.825,-0.059,-0.701,0.71,0,0.711,0.703,-0.998,0.042,-0.042],"_shiftlockState":true,"_pose":"FreeFall","_animationQueue":[],"_animationSpeed":1,"_zoom":8.69},{"_mousePosition":[683,352.5],"_rootPartCFrame":[759.268,229.031,46.943,-0.055,0,0.998,0,1,0,-0.998,0,-0.055],"_humanoidState":5,"_cameraCFrame":[765.424,236.466,44.606,-0.094,-0.68,0.727,0,0.73,0.683,-0.996,0.064,-0.069],"_shiftlockState":true,"_pose":"FreeFall","_animationQueue":[],"_animationSpeed":1,"_zoom":8.69},{"_mousePosition":[683,352.5],"_rootPartCFrame":[759.002,229.349,46.958,-0.089,0,0.996,0,1,0,-0.996,0,-0.089],"_humanoidState":5,"_cameraCFrame":[765.26,236.618,44.481,-0.114,-0.66,0.743,0,0.748,0.664,-0.994,0.075,-0.085],"_shiftlockState":true,"_pose":"FreeFall","_animationQueue":[],"_animationSpeed":1,"_zoom":8.69},{"_mousePosition":[683,352.5],"_rootPartCFrame":[758.737,229.613,46.981,-0.11,0,0.994,0,1,0,-0.994,0,-0.11],"_humanoidState":5,"_cameraCFrame":[765.006,236.866,44.496,-0.115,-0.658,0.745,0,0.749,0.662,-0.993,0.076,-0.086],"_shiftlockState":true,"_pose":"FreeFall","_animationQueue":[],"_animationSpeed":1,"_zoom":8.69},{"_mousePosition":[683,352.5],"_rootPartCFrame":[758.472,229.822,47.011,-0.114,0,0.994,0,1,0,-0.994,0,-0.114],"_humanoidState":5,"_cameraCFrame":[764.741,237.075,44.526,-0.115,-0.658,0.745,0,0.749,0.662,-0.993,0.076,-0.086],"_shiftlockState":true,"_pose":"FreeFall","_animationQueue":[],"_animationSpeed":1,"_zoom":8.69},{"_mousePosition":[683,352.5],"_rootPartCFrame":[758.328,229.955,47.052,-0.052,0.031,0.998,-0.008,0.999,-0.031,-0.999,-0.01,-0.052],"_humanoidState":5,"_cameraCFrame":[764.644,237.208,44.552,-0.115,-0.658,0.745,0,0.749,0.662,-0.993,0.076,-0.086],"_shiftlockState":true,"_pose":"FreeFall","_animationQueue":[],"_animationSpeed":1,"_zoom":8.69},{"_mousePosition":[683,352.5],"_rootPartCFrame":[758.378,230.009,47.185,-0.078,0.021,0.997,-0.008,1,-0.022,-0.997,-0.009,-0.078],"_humanoidState":5,"_cameraCFrame":[764.996,237.14,45.306,-0.017,-0.648,0.762,0,0.762,0.648,-1,0.011,-0.013],"_shiftlockState":true,"_pose":"FreeFall","_animationQueue":[],"_animationSpeed":1,"_zoom":8.69},{"_mousePosition":[683,352.5],"_rootPartCFrame":[758.397,230.009,47.35,-0.023,0.007,1,-0.002,1,-0.007,-1,-0.002,-0.022],"_humanoidState":5,"_cameraCFrame":[765.436,236.858,48.096,0.349,-0.577,0.739,0,0.788,0.616,-0.937,-0.215,0.275],"_shiftlockState":true,"_pose":"FreeFall","_animationQueue":[],"_animationSpeed":1,"_zoom":8.69},{"_mousePosition":[683,352.5],"_rootPartCFrame":[758.507,230.058,47.451,0.332,0,0.943,0.003,1,-0.001,-0.943,0.003,0.332],"_humanoidState":7,"_cameraCFrame":[764.661,236.924,50.907,0.69,-0.447,0.569,0,0.787,0.617,-0.724,-0.426,0.543],"_shiftlockState":true,"_pose":"FreeFall","_animationQueue":[["walk",0.1]],"_animationSpeed":0.654,"_zoom":8.69},{"_mousePosition":[683,352.5],"_rootPartCFrame":[758.782,230.105,47.338,0.672,0,0.741,0.003,1,-0.003,-0.741,0.004,0.672],"_humanoidState":7,"_cameraCFrame":[763.935,237.183,51.917,0.832,-0.356,0.425,0,0.767,0.642,-0.555,-0.534,0.638],"_shiftlockState":true,"_pose":"FreeFall","_animationQueue":[],"_animationSpeed":0.654,"_zoom":8.69},{"_mousePosition":[683,352.5],"_rootPartCFrame":[758.852,230.114,47.202,0.826,0,0.564,0.001,1,-0.001,-0.564,0.001,0.826],"_humanoidState":8,"_cameraCFrame":[764.112,238.083,50.215,0.726,-0.512,0.459,0,0.668,0.744,-0.687,-0.541,0.485],"_shiftlockState":true,"_pose":"Running","_animationQueue":[["walk",0.1],["walk",0.1]],"_animationSpeed":0.672,"_zoom":8.69},{"_mousePosition":[683,352.5],"_rootPartCFrame":[758.852,230.997,47.081,0.723,0,0.69,-0.001,1,0.001,-0.69,-0.002,0.723],"_humanoidState":3,"_cameraCFrame":[763.884,239.737,47.994,0.505,-0.719,0.477,0,0.553,0.833,-0.863,-0.421,0.279],"_shiftlockState":true,"_pose":"Jumping","_animationQueue":[["walk",0.1],["walk",0.1],["jump",0.1]],"_animationSpeed":1,"_zoom":8.69},{"_mousePosition":[683,352.5],"_rootPartCFrame":[758.852,231.847,46.937,0.581,0,0.814,-0.001,1,0.001,-0.814,-0.001,0.581],"_humanoidState":5,"_cameraCFrame":[763.773,240.716,47.185,0.402,-0.776,0.485,0,0.53,0.848,-0.916,-0.341,0.213],"_shiftlockState":true,"_pose":"FreeFall","_animationQueue":[["jump",0.1]],"_animationSpeed":1,"_zoom":8.69},{"_mousePosition":[683,352.5],"_rootPartCFrame":[758.84,232.641,46.757,0.508,0,0.861,0,1,0,-0.861,0,0.508],"_humanoidState":5,"_cameraCFrame":[763.844,241.458,46.716,0.342,-0.791,0.507,0,0.54,0.842,-0.94,-0.288,0.185],"_shiftlockState":true,"_pose":"FreeFall","_animationQueue":[],"_animationSpeed":1,"_zoom":8.69},{"_mousePosition":[683,352.5],"_rootPartCFrame":[758.799,233.382,46.551,0.25,0,0.968,0,1,0,-0.968,0,0.25],"_humanoidState":5,"_cameraCFrame":[763.785,242.19,45.997,0.243,-0.816,0.525,0,0.541,0.841,-0.97,-0.205,0.132],"_shiftlockState":true,"_pose":"FreeFall","_animationQueue":[],"_animationSpeed":1,"_zoom":8.69},{"_mousePosition":[683,352.5],"_rootPartCFrame":[758.721,234.068,46.331,0.347,0,0.938,0,1,0,-0.938,0,0.347],"_humanoidState":5,"_cameraCFrame":[763.7,242.88,45.755,0.239,-0.817,0.525,0,0.54,0.841,-0.971,-0.201,0.129],"_shiftlockState":true,"_pose":"FreeFall","_animationQueue":[],"_animationSpeed":1,"_zoom":8.69},{"_mousePosition":[683,352.5],"_rootPartCFrame":[758.605,234.699,46.105,0.34,0,0.94,0,1,0,-0.94,0,0.34],"_humanoidState":5,"_cameraCFrame":[763.577,243.515,45.528,0.239,-0.817,0.524,0,0.54,0.842,-0.971,-0.201,0.129],"_shiftlockState":true,"_pose":"FreeFall","_animationQueue":[],"_animationSpeed":1,"_zoom":8.69},{"_mousePosition":[683,352.5],"_rootPartCFrame":[758.567,235.253,45.887,0.271,0,0.963,0.007,1,-0.002,-0.963,0.007,0.271],"_humanoidState":5,"_cameraCFrame":[763.54,244.069,45.32,0.239,-0.817,0.524,0,0.54,0.842,-0.971,-0.201,0.129],"_shiftlockState":true,"_pose":"FreeFall","_animationQueue":[["fall",0.3]],"_animationSpeed":1,"_zoom":8.69},{"_mousePosition":[683,352.5],"_rootPartCFrame":[758.582,235.731,45.67,0.308,0,0.951,0.006,1,-0.002,-0.951,0.006,0.308],"_humanoidState":5,"_cameraCFrame":[763.554,244.546,45.096,0.238,-0.818,0.524,0,0.54,0.842,-0.971,-0.2,0.129],"_shiftlockState":true,"_pose":"FreeFall","_animationQueue":[],"_animationSpeed":1,"_zoom":8.69},{"_mousePosition":[683,352.5],"_rootPartCFrame":[758.558,236.153,45.449,0.335,0,0.942,0.002,1,-0.001,-0.942,0.002,0.335],"_humanoidState":5,"_cameraCFrame":[763.519,244.973,44.826,0.23,-0.82,0.525,0,0.539,0.842,-0.973,-0.194,0.124],"_shiftlockState":true,"_pose":"FreeFall","_animationQueue":[],"_animationSpeed":1,"_zoom":8.69},{"_mousePosition":[683,352.5],"_rootPartCFrame":[758.575,236.505,45.246,0.268,-0.017,0.963,0.004,1,0.017,-0.963,0,0.268],"_humanoidState":5,"_cameraCFrame":[763.466,245.343,44.505,0.209,-0.826,0.524,0,0.536,0.844,-0.978,-0.176,0.112],"_shiftlockState":true,"_pose":"FreeFall","_animationQueue":[],"_animationSpeed":1,"_zoom":8.69},{"_mousePosition":[683,352.5],"_rootPartCFrame":[758.632,236.785,45.058,0.283,-0.014,0.959,0.004,1,0.014,-0.959,0,0.283],"_humanoidState":5,"_cameraCFrame":[763.457,245.649,44.13,0.173,-0.835,0.523,0,0.531,0.847,-0.985,-0.146,0.092],"_shiftlockState":true,"_pose":"FreeFall","_animationQueue":[],"_animationSpeed":1,"_zoom":8.69},{"_mousePosition":[683,352.5],"_rootPartCFrame":[758.652,237.011,44.862,0.275,-0.005,0.961,0.002,1,0.004,-0.961,0.001,0.275],"_humanoidState":5,"_cameraCFrame":[763.416,245.898,43.744,0.134,-0.842,0.522,0,0.527,0.85,-0.991,-0.114,0.071],"_shiftlockState":true,"_pose":"FreeFall","_animationQueue":[],"_animationSpeed":1,"_zoom":8.69},{"_mousePosition":[683,352.5],"_rootPartCFrame":[758.631,237.182,44.661,0.242,-0.001,0.97,0.001,1,0,-0.97,0.001,0.242],"_humanoidState":5,"_cameraCFrame":[763.287,246.098,43.285,0.081,-0.851,0.52,0,0.521,0.853,-0.997,-0.069,0.042],"_shiftlockState":true,"_pose":"FreeFall","_animationQueue":[],"_animationSpeed":1,"_zoom":8.69},{"_mousePosition":[683,352.5],"_rootPartCFrame":[758.569,237.299,44.456,0.191,0,0.982,0,1,0,-0.982,0,0.191],"_humanoidState":5,"_cameraCFrame":[763.123,246.24,42.884,0.039,-0.856,0.516,0,0.516,0.856,-0.999,-0.034,0.02],"_shiftlockState":true,"_pose":"FreeFall","_animationQueue":[["fall",0.3]],"_animationSpeed":1,"_zoom":8.69},{"_mousePosition":[683,352.5],"_rootPartCFrame":[758.468,237.361,44.25,0.149,0,0.989,0,1,0,-0.989,0,0.149],"_humanoidState":5,"_cameraCFrame":[762.924,246.324,42.513,0.003,-0.859,0.512,0,0.512,0.859,-1,-0.002,0.001],"_shiftlockState":true,"_pose":"FreeFall","_animationQueue":[],"_animationSpeed":1,"_zoom":8.69},{"_mousePosition":[683,352.5],"_rootPartCFrame":[758.327,237.369,44.049,0.112,0,0.994,0,1,0,-0.994,0,0.112],"_humanoidState":5,"_cameraCFrame":[762.699,246.346,42.163,-0.031,-0.86,0.509,0,0.509,0.86,-1,0.026,-0.016],"_shiftlockState":true,"_pose":"FreeFall","_animationQueue":[],"_animationSpeed":1,"_zoom":8.69},{"_mousePosition":[683,352.5],"_rootPartCFrame":[758.15,237.322,43.856,0.078,0,0.997,0,1,0,-0.997,0,0.078],"_humanoidState":5,"_cameraCFrame":[762.387,246.321,41.761,-0.08,-0.86,0.504,0,0.505,0.863,-0.997,0.069,-0.04],"_shiftlockState":true,"_pose":"FreeFall","_animationQueue":[],"_animationSpeed":1,"_zoom":8.69},{"_mousePosition":[683,352.5],"_rootPartCFrame":[758.06,237.47,43.759,-0.04,-0.003,0.999,-0.001,1,0.003,-0.999,-0.001,-0.04],"_humanoidState":12,"_cameraCFrame":[762.12,246.479,41.378,-0.149,-0.855,0.498,0,0.503,0.864,-0.989,0.128,-0.075],"_shiftlockState":true,"_pose":"Climbing","_animationQueue":[["walk",0.1],["fall",0.3],["climb",0.1]],"_animationSpeed":-0.336,"_zoom":8.69},{"_mousePosition":[683,352.5],"_rootPartCFrame":[758.134,237.65,43.784,-0.146,-0.006,0.989,-0.007,1,0.005,-0.989,-0.006,-0.146],"_humanoidState":12,"_cameraCFrame":[761.937,246.677,41.058,-0.234,-0.842,0.486,0,0.5,0.866,-0.972,0.203,-0.117],"_shiftlockState":true,"_pose":"Climbing","_animationQueue":[["climb",0.1]],"_animationSpeed":0.873,"_zoom":8.69},{"_mousePosition":[683,352.5],"_rootPartCFrame":[758.134,237.843,43.784,-0.234,-0.001,0.972,-0.002,1,0.001,-0.972,-0.001,-0.234],"_humanoidState":12,"_cameraCFrame":[761.626,246.894,40.725,-0.326,-0.821,0.468,0,0.495,0.869,-0.945,0.284,-0.161],"_shiftlockState":true,"_pose":"Climbing","_animationQueue":[["climb",0.1]],"_animationSpeed":0.927,"_zoom":8.69},{"_mousePosition":[683,352.5],"_rootPartCFrame":[758.134,238.076,43.784,-0.326,0,0.945,0,1,0,-0.945,0,-0.326],"_humanoidState":12,"_cameraCFrame":[761.19,247.158,40.357,-0.437,-0.785,0.44,0,0.489,0.873,-0.9,0.381,-0.213],"_shiftlockState":true,"_pose":"Climbing","_animationQueue":[],"_animationSpeed":0.927,"_zoom":8.69},{"_mousePosition":[683,352.5],"_rootPartCFrame":[758.134,238.216,43.784,-0.437,0,0.9,0,1,0,-0.9,0,-0.437],"_humanoidState":12,"_cameraCFrame":[760.561,247.322,39.932,-0.576,-0.715,0.395,0,0.484,0.875,-0.817,0.504,-0.279],"_shiftlockState":true,"_pose":"Climbing","_animationQueue":[],"_animationSpeed":0.927,"_zoom":8.69},{"_mousePosition":[683,352.5],"_rootPartCFrame":[758,238.722,43.737,-0.583,0,0.813,0,1,0,-0.813,0,-0.583],"_humanoidState":8,"_cameraCFrame":[759.644,247.835,39.505,-0.721,-0.607,0.334,0,0.482,0.876,-0.693,0.631,-0.347],"_shiftlockState":true,"_pose":"Standing","_animationQueue":[["climb",0.1],["idle",0.1],["idle",0.1]],"_animationSpeed":1,"_zoom":8.69},{"_mousePosition":[683,352.5],"_rootPartCFrame":[757.747,238.995,43.689,-0.729,0,0.685,0,1,0,-0.685,0,-0.729],"_humanoidState":8,"_cameraCFrame":[758.783,248.108,39.268,-0.81,-0.513,0.282,0,0.482,0.876,-0.586,0.71,-0.391],"_shiftlockState":true,"_pose":"Running","_animationQueue":[["walk",0.1]],"_animationSpeed":0.853,"_zoom":8.69},{"_mousePosition":[683,352.5],"_rootPartCFrame":[757.481,239.148,43.686,-0.816,0,0.578,0,1,0,-0.578,0,-0.816],"_humanoidState":8,"_cameraCFrame":[757.945,248.278,39.198,-0.877,-0.422,0.23,0,0.479,0.878,-0.48,0.77,-0.42],"_shiftlockState":true,"_pose":"Running","_animationQueue":[["walk",0.1]],"_animationSpeed":1.098,"_zoom":8.69},{"_mousePosition":[683,352.5],"_rootPartCFrame":[757.218,239.27,43.723,-0.881,0,0.473,0,1,0,-0.473,0,-0.881],"_humanoidState":8,"_cameraCFrame":[757.297,248.41,39.228,-0.914,-0.356,0.193,0,0.477,0.879,-0.405,0.804,-0.436],"_shiftlockState":true,"_pose":"Running","_animationQueue":[],"_animationSpeed":1.098,"_zoom":8.69},{"_mousePosition":[683,352.5],"_rootPartCFrame":[756.961,239.365,43.793,-0.94,0,0.34,0,1,0,-0.34,0,-0.94],"_humanoidState":8,"_cameraCFrame":[756.669,248.534,39.356,-0.943,-0.293,0.156,0,0.47,0.882,-0.332,0.832,-0.444],"_shiftlockState":true,"_pose":"Running","_animationQueue":[],"_animationSpeed":1.098,"_zoom":8.69},{"_mousePosition":[683,352.5],"_rootPartCFrame":[756.709,239.488,43.75,-0.943,0,0.332,0,1,0,-0.332,0,-0.943],"_humanoidState":8,"_cameraCFrame":[756.387,248.666,39.333,-0.945,-0.289,0.153,0,0.468,0.884,-0.327,0.835,-0.442],"_shiftlockState":true,"_pose":"Running","_animationQueue":[["walk",0.1]],"_animationSpeed":1.098,"_zoom":8.69},{"_mousePosition":[683,352.5],"_rootPartCFrame":[756.457,239.581,43.663,-0.945,0,0.327,0,1,0,-0.327,0,-0.945],"_humanoidState":8,"_cameraCFrame":[756.125,248.763,39.252,-0.946,-0.288,0.152,0,0.468,0.884,-0.325,0.836,-0.442],"_shiftlockState":true,"_pose":"Running","_animationQueue":[],"_animationSpeed":1.098,"_zoom":8.69},{"_mousePosition":[683,352.5],"_rootPartCFrame":[756.205,239.635,43.575,-0.946,0,0.325,0,1,0,-0.325,0,-0.946],"_humanoidState":8,"_cameraCFrame":[755.866,248.82,39.171,-0.946,-0.287,0.151,0,0.467,0.884,-0.324,0.837,-0.442],"_shiftlockState":true,"_pose":"Running","_animationQueue":[],"_animationSpeed":1.098,"_zoom":8.69},{"_mousePosition":[683,352.5],"_rootPartCFrame":[756.017,239.654,43.51,-0.946,0,0.324,0,1,0,-0.324,0,-0.946],"_humanoidState":8,"_cameraCFrame":[755.677,248.839,39.105,-0.946,-0.287,0.151,0,0.467,0.884,-0.324,0.837,-0.442],"_shiftlockState":true,"_pose":"Running","_animationQueue":[],"_animationSpeed":1.098,"_zoom":8.69},{"_mousePosition":[683,352.5],"_rootPartCFrame":[755.765,239.654,43.424,-0.946,0,0.324,0,1,0,-0.324,0,-0.946],"_humanoidState":8,"_cameraCFrame":[755.425,248.839,39.019,-0.946,-0.287,0.151,0,0.467,0.884,-0.324,0.837,-0.442],"_shiftlockState":true,"_pose":"Running","_animationQueue":[],"_animationSpeed":1.098,"_zoom":8.69},{"_mousePosition":[683,352.5],"_rootPartCFrame":[755.514,239.624,43.338,-0.946,0,0.324,0,1,0,-0.324,0,-0.946],"_humanoidState":8,"_cameraCFrame":[755.175,248.809,38.933,-0.946,-0.287,0.151,0,0.467,0.884,-0.324,0.837,-0.442],"_shiftlockState":true,"_pose":"Running","_animationQueue":[],"_animationSpeed":1.098,"_zoom":8.69},{"_mousePosition":[683,352.5],"_rootPartCFrame":[755.265,239.616,43.252,-0.946,0,0.324,0,1,0,-0.324,0,-0.946],"_humanoidState":8,"_cameraCFrame":[756.581,248.801,39.415,-0.946,-0.287,0.151,0,0.467,0.884,-0.324,0.837,-0.442],"_shiftlockState":false,"_pose":"Running","_animationQueue":[],"_animationSpeed":1.098,"_zoom":8.69},{"_mousePosition":[683,352.5],"_rootPartCFrame":[754.95,239.646,43.144,-0.866,0,0.5,0,1,0,-0.5,0,-0.866],"_humanoidState":8,"_cameraCFrame":[756.266,248.831,39.307,-0.946,-0.287,0.151,0,0.467,0.884,-0.324,0.837,-0.442],"_shiftlockState":false,"_pose":"Running","_animationQueue":[],"_animationSpeed":1.098,"_zoom":8.69},{"_mousePosition":[683,352.5],"_rootPartCFrame":[754.698,239.669,43.058,-0.758,0,0.653,0,1,0,-0.653,0,-0.758],"_humanoidState":8,"_cameraCFrame":[756.014,248.854,39.221,-0.946,-0.287,0.151,0,0.467,0.884,-0.324,0.837,-0.442],"_shiftlockState":false,"_pose":"Running","_animationQueue":[["walk",0.1]],"_animationSpeed":1.098,"_zoom":8.69},{"_mousePosition":[683,352.5],"_rootPartCFrame":[754.446,239.683,42.971,-0.639,0,0.769,0,1,0,-0.769,0,-0.639],"_humanoidState":8,"_cameraCFrame":[755.762,248.868,39.134,-0.946,-0.287,0.151,0,0.467,0.884,-0.324,0.837,-0.442],"_shiftlockState":false,"_pose":"Running","_animationQueue":[],"_animationSpeed":1.098,"_zoom":8.69},{"_mousePosition":[683,352.5],"_rootPartCFrame":[754.194,239.685,42.885,-0.509,0,0.861,0,1,0,-0.861,0,-0.509],"_humanoidState":8,"_cameraCFrame":[755.505,248.87,39.046,-0.946,-0.286,0.151,0,0.467,0.884,-0.323,0.837,-0.442],"_shiftlockState":false,"_pose":"Running","_animationQueue":[],"_animationSpeed":1.098,"_zoom":8.69},{"_mousePosition":[683,352.5],"_rootPartCFrame":[753.941,239.685,42.798,-0.366,0,0.931,0,1,0,-0.931,0,-0.366],"_humanoidState":8,"_cameraCFrame":[755.239,248.873,38.962,-0.947,-0.284,0.149,0,0.466,0.885,-0.32,0.838,-0.442],"_shiftlockState":false,"_pose":"Running","_animationQueue":[],"_animationSpeed":1.098,"_zoom":8.69},{"_mousePosition":[683,352.5],"_rootPartCFrame":[753.689,239.685,42.712,-0.215,0,0.977,0,1,0,-0.977,0,-0.215],"_humanoidState":8,"_cameraCFrame":[754.957,248.883,38.885,-0.949,-0.279,0.146,0,0.464,0.886,-0.314,0.841,-0.44],"_shiftlockState":false,"_pose":"Running","_animationQueue":[],"_animationSpeed":1.098,"_zoom":8.69},{"_mousePosition":[683,352.5],"_rootPartCFrame":[753.437,240.548,42.625,-0.058,0,0.998,0,1,0,-0.998,0,-0.058],"_humanoidState":3,"_cameraCFrame":[754.675,249.756,38.808,-0.951,-0.274,0.142,0,0.462,0.887,-0.309,0.844,-0.439],"_shiftlockState":false,"_pose":"Jumping","_animationQueue":[["walk",0.1],["jump",0.1]],"_animationSpeed":1,"_zoom":8.69},{"_mousePosition":[683,352.5],"_rootPartCFrame":[753.184,241.356,42.541,0.026,0,1,0,1,0,-1,0,0.026],"_humanoidState":5,"_cameraCFrame":[754.377,250.58,38.742,-0.954,-0.266,0.137,0,0.458,0.889,-0.3,0.848,-0.437],"_shiftlockState":false,"_pose":"FreeFall","_animationQueue":[["jump",0.1]],"_animationSpeed":1,"_zoom":8.69},{"_mousePosition":[683,352.5],"_rootPartCFrame":[752.93,242.11,42.459,0.072,0,0.997,0,1,0,-0.997,0,0.072],"_humanoidState":5,"_cameraCFrame":[754.098,251.344,38.671,-0.956,-0.262,0.134,0,0.456,0.89,-0.295,0.85,-0.436],"_shiftlockState":false,"_pose":"FreeFall","_animationQueue":[],"_animationSpeed":1,"_zoom":8.69},{"_mousePosition":[683,352.5],"_rootPartCFrame":[752.676,242.809,42.378,0.106,0,0.994,0,1,0,-0.994,0,0.106],"_humanoidState":5,"_cameraCFrame":[753.828,252.049,38.599,-0.957,-0.26,0.133,0,0.455,0.891,-0.292,0.852,-0.435],"_shiftlockState":false,"_pose":"FreeFall","_animationQueue":[],"_animationSpeed":1,"_zoom":8.69},{"_mousePosition":[683,352.5],"_rootPartCFrame":[752.421,243.454,42.3,0.133,0,0.991,0,1,0,-0.991,0,0.133],"_humanoidState":5,"_cameraCFrame":[753.567,252.697,38.525,-0.957,-0.259,0.132,0,0.454,0.891,-0.291,0.853,-0.434],"_shiftlockState":false,"_pose":"FreeFall","_animationQueue":[],"_animationSpeed":1,"_zoom":8.69},{"_mousePosition":[683,352.5],"_rootPartCFrame":[752.166,244.045,42.222,0.156,0,0.988,0,1,0,-0.988,0,0.156],"_humanoidState":5,"_cameraCFrame":[753.312,253.288,38.447,-0.957,-0.259,0.132,0,0.454,0.891,-0.291,0.853,-0.434],"_shiftlockState":false,"_pose":"FreeFall","_animationQueue":[],"_animationSpeed":1,"_zoom":8.69},{"_mousePosition":[683,352.5],"_rootPartCFrame":[751.911,244.58,42.144,0.176,0,0.984,0,1,0,-0.984,0,0.176],"_humanoidState":5,"_cameraCFrame":[753.057,253.824,38.37,-0.957,-0.259,0.132,0,0.454,0.891,-0.291,0.853,-0.434],"_shiftlockState":false,"_pose":"FreeFall","_animationQueue":[],"_animationSpeed":1,"_zoom":8.69},{"_mousePosition":[683,352.5],"_rootPartCFrame":[751.656,245.062,42.067,0.192,0,0.981,0,1,0,-0.981,0,0.192],"_humanoidState":5,"_cameraCFrame":[752.802,254.305,38.292,-0.957,-0.259,0.132,0,0.454,0.891,-0.291,0.853,-0.434],"_shiftlockState":false,"_pose":"FreeFall","_animationQueue":[],"_animationSpeed":1,"_zoom":8.69},{"_mousePosition":[683,352.5],"_rootPartCFrame":[751.401,245.489,41.989,0.206,0,0.979,0,1,0,-0.979,0,0.206],"_humanoidState":5,"_cameraCFrame":[752.547,254.732,38.215,-0.957,-0.259,0.132,0,0.454,0.891,-0.291,0.853,-0.434],"_shiftlockState":false,"_pose":"FreeFall","_animationQueue":[],"_animationSpeed":1,"_zoom":8.69},{"_mousePosition":[683,352.5],"_rootPartCFrame":[751.146,245.861,41.912,0.218,0,0.976,0,1,0,-0.976,0,0.218],"_humanoidState":5,"_cameraCFrame":[752.292,255.104,38.137,-0.957,-0.259,0.132,0,0.454,0.891,-0.291,0.853,-0.434],"_shiftlockState":false,"_pose":"FreeFall","_animationQueue":[],"_animationSpeed":1,"_zoom":8.69},{"_mousePosition":[683,352.5],"_rootPartCFrame":[750.954,246.105,41.854,0.226,0,0.974,0,1,0,-0.974,0,0.226],"_humanoidState":5,"_cameraCFrame":[752.1,255.348,38.079,-0.957,-0.259,0.132,0,0.454,0.891,-0.291,0.853,-0.434],"_shiftlockState":false,"_pose":"FreeFall","_animationQueue":[],"_animationSpeed":1,"_zoom":8.69},{"_mousePosition":[683,352.5],"_rootPartCFrame":[750.699,246.382,41.776,0.235,0,0.972,0,1,0,-0.972,0,0.235],"_humanoidState":5,"_cameraCFrame":[751.821,255.625,37.995,-0.959,-0.254,0.129,0,0.454,0.891,-0.285,0.854,-0.435],"_sh