[{"_mousePosition":[683,384],"_rootPartCFrame":[776.029,222.7,47.142,0,0,1,0,1,0,-1,0,0],"_humanoidState":8,"_cameraCFrame":[776.395,240.077,49.933,0.992,-0.128,0.023,0,0.175,0.985,-0.13,-0.976,0.173],"_shiftlockState":false,"_pose":"Standing","_animationQueue":[["idle",0]],"_animationSpeed":1,"_zoom":16.125},{"_mousePosition":[683,384],"_rootPartCFrame":[775.859,222.695,47.165,-0.013,0,1,0,1,0,-1,0,-0.013],"_humanoidState":8,"_cameraCFrame":[776.225,240.072,49.956,0.992,-0.128,0.023,0,0.175,0.985,-0.13,-0.976,0.173],"_shiftlockState":false,"_pose":"Standing","_animationQueue":[],"_animationSpeed":1,"_zoom":16.125},{"_mousePosition":[683,384],"_rootPartCFrame":[775.596,222.696,47.199,-0.029,0,1,0,1,0,-1,0,-0.029],"_humanoidState":8,"_cameraCFrame":[775.96,240.076,49.976,0.992,-0.128,0.023,0,0.174,0.985,-0.13,-0.976,0.172],"_shiftlockState":false,"_pose":"Running","_animationQueue":[["walk",0.1]],"_animationSpeed":1.003,"_zoom":16.125},{"_mousePosition":[683,384],"_rootPartCFrame":[775.332,222.698,47.234,-0.043,0,0.999,0,1,0,-0.999,0,-0.043],"_humanoidState":8,"_cameraCFrame":[775.689,240.078,50.011,0.992,-0.126,0.022,0,0.174,0.985,-0.128,-0.977,0.172],"_shiftlockState":false,"_pose":"Running","_animationQueue":[["walk",0.1]],"_animationSpeed":1.101,"_zoom":16.125},{"_mousePosition":[683,384],"_rootPartCFrame":[775.068,222.699,47.269,-0.054,0,0.999,0,1,0,-0.999,0,-0.054],"_humanoidState":8,"_cameraCFrame":[775.425,240.079,50.046,0.992,-0.126,0.022,0,0.174,0.985,-0.128,-0.977,0.172],"_shiftlockState":false,"_pose":"Running","_animationQueue":[],"_animationSpeed":1.101,"_zoom":16.125},{"_mousePosition":[683,384],"_rootPartCFrame":[774.803,222.699,47.303,-0.064,0,0.998,0,1,0,-0.998,0,-0.064],"_humanoidState":8,"_cameraCFrame":[775.153,240.079,50.081,0.992,-0.123,0.022,0,0.174,0.985,-0.125,-0.977,0.172],"_shiftlockState":false,"_pose":"Running","_animationQueue":[],"_animationSpeed":1.101,"_zoom":16.125},{"_mousePosition":[683,384],"_rootPartCFrame":[774.539,222.699,47.337,-0.073,0,0.997,0,1,0,-0.997,0,-0.073],"_humanoidState":8,"_cameraCFrame":[774.882,240.079,50.116,0.992,-0.121,0.021,0,0.174,0.985,-0.123,-0.977,0.172],"_shiftlockState":false,"_pose":"Running","_animationQueue":[["walk",0.1]],"_animationSpeed":1.101,"_zoom":16.125},{"_mousePosition":[683,384],"_rootPartCFrame":[774.274,222.699,47.37,-0.08,0,0.997,0,1,0,-0.997,0,-0.08],"_humanoidState":8,"_cameraCFrame":[774.61,240.08,50.15,0.993,-0.118,0.021,0,0.174,0.985,-0.12,-0.978,0.172],"_shiftlockState":false,"_pose":"Running","_animationQueue":[],"_animationSpeed":1.101,"_zoom":16.125},{"_mousePosition":[683,384],"_rootPartCFrame":[774.009,222.7,47.403,-0.086,0,0.996,0,1,0,-0.996,0,-0.086],"_humanoidState":8,"_cameraCFrame":[774.345,240.08,50.183,0.993,-0.118,0.021,0,0.174,0.985,-0.12,-0.978,0.172],"_shiftlockState":false,"_pose":"Running","_animationQueue":[],"_animationSpeed":1.101,"_zoom":16.125},{"_mousePosition":[683,384],"_rootPartCFrame":[773.745,222.7,47.435,-0.091,0,0.996,0,1,0,-0.996,0,-0.091],"_humanoidState":8,"_cameraCFrame":[774.081,240.08,50.215,0.993,-0.118,0.021,0,0.174,0.985,-0.12,-0.978,0.172],"_shiftlockState":false,"_pose":"Running","_animationQueue":[],"_animationSpeed":1.101,"_zoom":16.125},{"_mousePosition":[683,384],"_rootPartCFrame":[773.48,222.7,47.467,-0.095,0,0.996,0,1,0,-0.996,0,-0.095],"_humanoidState":8,"_cameraCFrame":[773.816,240.08,50.247,0.993,-0.118,0.021,0,0.174,0.985,-0.12,-0.978,0.172],"_shiftlockState":false,"_pose":"Running","_animationQueue":[],"_animationSpeed":1.101,"_zoom":16.125},{"_mousePosition":[683,384],"_rootPartCFrame":[773.215,222.7,47.499,-0.098,0,0.995,0,1,0,-0.995,0,-0.098],"_humanoidState":8,"_cameraCFrame":[773.551,240.08,50.279,0.993,-0.118,0.021,0,0.174,0.985,-0.12,-0.978,0.172],"_shiftlockState":false,"_pose":"Running","_animationQueue":[],"_animationSpeed":1.101,"_zoom":16.125},{"_mousePosition":[683,384],"_rootPartCFrame":[772.95,222.7,47.531,-0.101,0,0.995,0,1,0,-0.995,0,-0.101],"_humanoidState":8,"_cameraCFrame":[773.286,240.08,50.311,0.993,-0.118,0.021,0,0.174,0.985,-0.12,-0.978,0.172],"_shiftlockState":false,"_pose":"Running","_animationQueue":[["walk",0.1]],"_animationSpeed":1.101,"_zoom":16.125},{"_mousePosition":[683,384],"_rootPartCFrame":[772.685,222.7,47.563,-0.104,0,0.995,0,1,0,-0.995,0,-0.104],"_humanoidState":8,"_cameraCFrame":[773.014,240.08,50.343,0.993,-0.116,0.02,0,0.174,0.985,-0.117,-0.978,0.172],"_shiftlockState":false,"_pose":"Running","_animationQueue":[],"_animationSpeed":1.101,"_zoom":16.125},{"_mousePosition":[683,384],"_rootPartCFrame":[772.421,222.7,47.595,-0.106,0,0.994,0,1,0,-0.994,0,-0.106],"_humanoidState":8,"_cameraCFrame":[772.743,240.08,50.376,0.993,-0.113,0.02,0,0.174,0.985,-0.115,-0.978,0.172],"_shiftlockState":false,"_pose":"Running","_animationQueue":[],"_animationSpeed":1.101,"_zoom":16.125},{"_mousePosition":[683,384],"_rootPartCFrame":[772.156,222.7,47.626,-0.107,0,0.994,0,1,0,-0.994,0,-0.107],"_humanoidState":8,"_cameraCFrame":[772.478,240.08,50.408,0.993,-0.113,0.02,0,0.174,0.985,-0.115,-0.978,0.172],"_shiftlockState":false,"_pose":"Running","_animationQueue":[],"_animationSpeed":1.101,"_zoom":16.125},{"_mousePosition":[683,384],"_rootPartCFrame":[771.891,222.7,47.657,-0.108,0,0.994,0,1,0,-0.994,0,-0.108],"_humanoidState":8,"_cameraCFrame":[773.945,240.08,50.242,0.994,-0.111,0.02,0,0.174,0.985,-0.112,-0.979,0.173],"_shiftlockState":true,"_pose":"Running","_animationQueue":[],"_animationSpeed":1.101,"_zoom":16.125},{"_mousePosition":[683,384],"_rootPartCFrame":[771.494,222.7,47.703,0.999,0,-0.033,0,1,0,0.033,0,0.999],"_humanoidState":8,"_cameraCFrame":[773.547,240.08,50.288,0.994,-0.111,0.02,0,0.174,0.985,-0.112,-0.979,0.173],"_shiftlockState":true,"_pose":"Running","_animationQueue":[],"_animationSpeed":1.101,"_zoom":16.125},{"_mousePosition":[683,384],"_rootPartCFrame":[771.229,222.7,47.733,0.996,0,0.087,0,1,0,-0.087,0,0.996],"_humanoidState":8,"_cameraCFrame":[773.276,240.08,50.324,0.994,-0.108,0.019,0,0.174,0.985,-0.11,-0.979,0.173],"_shiftlockState":true,"_pose":"Running","_animationQueue":[["walk",0.1]],"_animationSpeed":1.101,"_zoom":16.125},{"_mousePosition":[683,384],"_rootPartCFrame":[771.03,222.7,47.755,0.994,0,0.109,0,1,0,-0.109,0,0.994],"_humanoidState":8,"_cameraCFrame":[773.077,240.08,50.346,0.994,-0.108,0.019,0,0.174,0.985,-0.11,-0.979,0.173],"_shiftlockState":true,"_pose":"Running","_animationQueue":[],"_animationSpeed":1.101,"_zoom":16.125},{"_mousePosition":[683,384],"_rootPartCFrame":[770.765,222.7,47.785,0.994,0,0.11,0,1,0,-0.11,0,0.994],"_humanoidState":8,"_cameraCFrame":[772.812,240.08,50.376,0.994,-0.108,0.019,0,0.174,0.985,-0.11,-0.979,0.173],"_shiftlockState":true,"_pose":"Running","_animationQueue":[],"_animationSpeed":1.101,"_zoom":16.125},{"_mousePosition":[683,384],"_rootPartCFrame":[770.434,223.783,47.822,0.994,0,0.11,0,1,0,-0.11,0,0.994],"_humanoidState":3,"_cameraCFrame":[772.481,241.163,50.412,0.994,-0.108,0.019,0,0.174,0.985,-0.11,-0.979,0.173],"_shiftlockState":true,"_pose":"Jumping","_animationQueue":[["walk",0.1],["jump",0.1]],"_animationSpeed":1,"_zoom":16.125},{"_mousePosition":[683,384],"_rootPartCFrame":[770.235,224.395,47.844,0.985,0,0.172,0,1,0,-0.172,0,0.985],"_humanoidState":5,"_cameraCFrame":[772.282,241.775,50.434,0.994,-0.108,0.019,0,0.174,0.985,-0.11,-0.979,0.173],"_shiftlockState":true,"_pose":"FreeFall","_animationQueue":[["jump",0.1]],"_animationSpeed":1,"_zoom":16.125},{"_mousePosition":[683,384],"_rootPartCFrame":[769.97,225.162,47.873,0.972,0,0.233,0,1,0,-0.233,0,0.972],"_humanoidState":5,"_cameraCFrame":[772.017,242.542,50.464,0.994,-0.108,0.019,0,0.174,0.985,-0.11,-0.979,0.173],"_shiftlockState":true,"_pose":"FreeFall","_animationQueue":[],"_animationSpeed":1,"_zoom":16.125},{"_mousePosition":[683,384],"_rootPartCFrame":[769.704,225.875,47.902,0.971,0,0.24,0,1,0,-0.24,0,0.971],"_humanoidState":5,"_cameraCFrame":[771.752,243.255,50.493,0.994,-0.108,0.019,0,0.174,0.985,-0.11,-0.979,0.173],"_shiftlockState":true,"_pose":"FreeFall","_animationQueue":[],"_animationSpeed":1,"_zoom":16.125},{"_mousePosition":[683,384],"_rootPartCFrame":[769.506,226.374,47.924,0.978,0,0.208,0,1,0,-0.208,0,0.978],"_humanoidState":5,"_cameraCFrame":[771.553,243.754,50.515,0.994,-0.108,0.019,0,0.174,0.985,-0.11,-0.979,0.173],"_shiftlockState":true,"_pose":"FreeFall","_animationQueue":[],"_animationSpeed":1,"_zoom":16.125},{"_mousePosition":[683,384],"_rootPartCFrame":[769.174,227.138,47.961,0.962,0,0.273,0,1,0,-0.273,0,0.962],"_humanoidState":5,"_cameraCFrame":[771.221,244.518,50.551,0.994,-0.108,0.019,0,0.174,0.985,-0.11,-0.979,0.173],"_shiftlockState":true,"_pose":"FreeFall","_animationQueue":[],"_animationSpeed":1,"_zoom":16.125},{"_mousePosition":[683,384],"_rootPartCFrame":[768.909,227.687,47.99,0.971,0,0.241,0,1,0,-0.241,0,0.971],"_humanoidState":5,"_cameraCFrame":[770.956,245.067,50.581,0.994,-0.108,0.019,0,0.174,0.985,-0.11,-0.979,0.173],"_shiftlockState":true,"_pose":"FreeFall","_animationQueue":[],"_animationSpeed":1,"_zoom":16.125},{"_mousePosition":[683,384],"_rootPartCFrame":[768.71,228.064,48.012,0.978,0,0.209,0,1,0,-0.209,0,0.978],"_humanoidState":5,"_cameraCFrame":[770.751,245.444,50.608,0.994,-0.106,0.019,0,0.174,0.985,-0.107,-0.979,0.173],"_shiftlockState":true,"_pose":"FreeFall","_animationQueue":[],"_animationSpeed":1,"_zoom":16.125},{"_mousePosition":[683,384],"_rootPartCFrame":[768.379,228.623,48.049,0.963,0,0.271,0,1,0,-0.271,0,0.963],"_humanoidState":5,"_cameraCFrame":[770.419,246.003,50.645,0.994,-0.106,0.019,0,0.174,0.985,-0.107,-0.979,0.173],"_shiftlockState":true,"_pose":"FreeFall","_animationQueue":[],"_animationSpeed":1,"_zoom":16.125},{"_mousePosition":[683,384],"_rootPartCFrame":[768.114,229.009,48.077,0.971,0,0.239,0,1,0,-0.239,0,0.971],"_humanoidState":5,"_cameraCFrame":[770.154,246.389,50.673,0.994,-0.106,0.019,0,0.174,0.985,-0.107,-0.979,0.173],"_shiftlockState":true,"_pose":"FreeFall","_animationQueue":[],"_animationSpeed":1,"_zoom":16.125},{"_mousePosition":[683,384],"_rootPartCFrame":[767.849,229.34,48.106,0.971,0,0.239,0,1,0,-0.239,0,0.971],"_humanoidState":5,"_cameraCFrame":[769.889,246.72,50.702,0.994,-0.106,0.019,0,0.174,0.985,-0.107,-0.979,0.173],"_shiftlockState":true,"_pose":"FreeFall","_animationQueue":[],"_animationSpeed":1,"_zoom":16.125},{"_mousePosition":[683,384],"_rootPartCFrame":[767.583,229.617,48.135,0.971,0,0.239,0,1,0,-0.239,0,0.971],"_humanoidState":5,"_cameraCFrame":[769.617,246.998,50.736,0.994,-0.103,0.018,0,0.174,0.985,-0.105,-0.979,0.173],"_shiftlockState":true,"_pose":"FreeFall","_animationQueue":[],"_animationSpeed":1,"_zoom":16.125},{"_mousePosition":[683,384],"_rootPartCFrame":[767.318,229.84,48.163,0.972,0,0.236,0,1,0,-0.236,0,0.972],"_humanoidState":5,"_cameraCFrame":[769.352,247.22,50.764,0.994,-0.103,0.018,0,0.174,0.985,-0.105,-0.979,0.173],"_shiftlockState":true,"_pose":"FreeFall","_animationQueue":[],"_animationSpeed":1,"_zoom":16.125},{"_mousePosition":[683,384],"_rootPartCFrame":[767.053,230.008,48.191,0.972,0,0.236,0,1,0,-0.236,0,0.972],"_humanoidState":5,"_cameraCFrame":[769.081,247.388,50.798,0.995,-0.101,0.018,0,0.174,0.985,-0.102,-0.98,0.173],"_shiftlockState":true,"_pose":"FreeFall","_animationQueue":[],"_animationSpeed":1,"_zoom":16.125},{"_mousePosition":[683,384],"_rootPartCFrame":[766.788,230.122,48.219,0.972,0,0.234,0,1,0,-0.234,0,0.972],"_humanoidState":5,"_cameraCFrame":[768.815,247.502,50.826,0.995,-0.101,0.018,0,0.174,0.985,-0.102,-0.98,0.173],"_shiftlockState":true,"_pose":"FreeFall","_animationQueue":[],"_animationSpeed":1,"_zoom":16.125},{"_mousePosition":[683,384],"_rootPartCFrame":[766.523,230.181,48.247,0.972,0,0.234,0,1,0,-0.234,0,0.972],"_humanoidState":5,"_cameraCFrame":[768.55,247.561,50.853,0.995,-0.101,0.018,0,0.174,0.985,-0.102,-0.98,0.173],"_shiftlockState":true,"_pose":"FreeFall","_animationQueue":[],"_animationSpeed":1,"_zoom":16.125},{"_mousePosition":[683,384],"_rootPartCFrame":[766.324,230.189,48.267,0.98,0,0.201,0,1,0,-0.201,0,0.98],"_humanoidState":5,"_cameraCFrame":[768.351,247.569,50.873,0.995,-0.101,0.018,0,0.174,0.985,-0.102,-0.98,0.173],"_shiftlockState":true,"_pose":"FreeFall","_animationQueue":[],"_animationSpeed":1,"_zoom":16.125},{"_mousePosition":[683,384],"_rootPartCFrame":[765.992,230.135,48.301,0.964,0,0.266,0,1,0,-0.266,0,0.964],"_humanoidState":5,"_cameraCFrame":[768.019,247.515,50.908,0.995,-0.101,0.018,0,0.174,0.985,-0.102,-0.98,0.173],"_shiftlockState":true,"_pose":"FreeFall","_animationQueue":[["fall",0.3]],"_animationSpeed":1,"_zoom":16.125},{"_mousePosition":[683,384],"_rootPartCFrame":[765.793,230.062,48.322,0.98,0,0.201,0,1,0,-0.201,0,0.98],"_humanoidState":5,"_cameraCFrame":[767.82,247.442,50.928,0.995,-0.101,0.018,0,0.174,0.985,-0.102,-0.98,0.173],"_shiftlockState":true,"_pose":"FreeFall","_animationQueue":[],"_animationSpeed":1,"_zoom":16.125},{"_mousePosition":[683,384],"_rootPartCFrame":[765.461,229.872,48.356,0.964,0,0.266,0,1,0,-0.266,0,0.964],"_humanoidState":5,"_cameraCFrame":[767.489,247.252,50.962,0.995,-0.101,0.018,0,0.174,0.985,-0.102,-0.98,0.173],"_shiftlockState":true,"_pose":"FreeFall","_animationQueue":[],"_animationSpeed":1,"_zoom":16.125},{"_mousePosition":[683,384],"_rootPartCFrame":[765.196,229.658,48.383,0.972,0,0.234,0,1,0,-0.234,0,0.972],"_humanoidState":5,"_cameraCFrame":[767.223,247.038,50.989,0.995,-0.101,0.018,0,0.174,0.985,-0.102,-0.98,0.173],"_shiftlockState":true,"_pose":"FreeFall","_animationQueue":[],"_animationSpeed":1,"_zoom":16.125},{"_mousePosition":[683,384],"_rootPartCFrame":[764.93,229.39,48.411,0.972,0,0.234,0,1,0,-0.234,0,0.972],"_humanoidState":5,"_cameraCFrame":[766.958,246.77,51.017,0.995,-0.101,0.018,0,0.174,0.985,-0.102,-0.98,0.173],"_shiftlockState":true,"_pose":"FreeFall","_animationQueue":[],"_animationSpeed":1,"_zoom":16.125},{"_mousePosition":[683,384],"_rootPartCFrame":[764.665,229.068,48.438,0.972,0,0.234,0,1,0,-0.234,0,0.972],"_humanoidState":5,"_cameraCFrame":[766.693,246.448,51.044,0.995,-0.101,0.018,0,0.174,0.985,-0.102,-0.98,0.173],"_shiftlockState":true,"_pose":"FreeFall","_animationQueue":[],"_animationSpeed":1,"_zoom":16.125},{"_mousePosition":[683,384],"_rootPartCFrame":[764.4,228.691,48.465,0.972,0,0.234,0,1,0,-0.234,0,0.972],"_humanoidState":5,"_cameraCFrame":[766.427,246.071,51.071,0.995,-0.101,0.018,0,0.174,0.985,-0.102,-0.98,0.173],"_shiftlockState":true,"_pose":"FreeFall","_animationQueue":[["fall",0.3]],"_animationSpeed":1,"_zoom":16.125},{"_mousePosition":[683,384],"_rootPartCFrame":[764.134,228.259,48.492,0.972,0,0.234,0,1,0,-0.234,0,0.972],"_humanoidState":5,"_cameraCFrame":[766.162,245.639,51.099,0.995,-0.101,0.018,0,0.174,0.985,-0.102,-0.98,0.173],"_shiftlockState":true,"_pose":"FreeFall","_animationQueue":[],"_animationSpeed":1,"_zoom":16.125},{"_mousePosition":[683,384],"_rootPartCFrame":[763.935,227.9,48.513,0.98,0,0.201,0,1,0,-0.201,0,0.98],"_humanoidState":5,"_cameraCFrame":[765.976,245.28,51.109,0.994,-0.106,0.019,0,0.174,0.985,-0.107,-0.979,0.173],"_shiftlockState":true,"_pose":"FreeFall","_animationQueue":[],"_animationSpeed":1,"_zoom":16.125},{"_mousePosition":[683,384],"_rootPartCFrame":[763.604,227.233,48.547,0.963,0,0.271,0,1,0,-0.271,0,0.963],"_humanoidState":5,"_cameraCFrame":[765.651,244.613,51.138,0.994,-0.108,0.019,0,0.174,0.985,-0.11,-0.979,0.173],"_shiftlockState":true,"_pose":"FreeFall","_animationQueue":[],"_animationSpeed":1,"_zoom":16.125},{"_mousePosition":[683,384],"_rootPartCFrame":[763.338,226.638,48.576,0.971,0,0.241,0,1,0,-0.241,0,0.971],"_humanoidState":5,"_cameraCFrame":[765.399,244.018,51.156,0.993,-0.113,0.02,0,0.174,0.985,-0.115,-0.978,0.172],"_shiftlockState":true,"_pose":"FreeFall","_animationQueue":[],"_animationSpeed":1,"_zoom":16.125},{"_mousePosition":[683,384],"_rootPartCFrame":[763.007,225.817,48.612,0.961,0,0.278,0,1,0,-0.278,0,0.961],"_humanoidState":5,"_cameraCFrame":[765.074,243.197,51.187,0.993,-0.116,0.02,0,0.174,0.985,-0.117,-0.978,0.172],"_shiftlockState":true,"_pose":"FreeFall","_animationQueue":[],"_animationSpeed":1,"_zoom":16.125},{"_mousePosition":[683,384],"_rootPartCFrame":[762.808,225.284,48.635,0.976,0,0.216,0,1,0,-0.216,0,0.976],"_humanoidState":5,"_cameraCFrame":[764.888,242.664,51.199,0.992,-0.121,0.021,0,0.174,0.985,-0.123,-0.977,0.172],"_shiftlockState":true,"_pose":"FreeFall","_animationQueue":[["fall",0.3]],"_animationSpeed":1,"_zoom":16.125},{"_mousePosition":[683,384],"_rootPartCFrame":[762.543,224.526,48.666,0.967,0,0.253,0,1,0,-0.253,0,0.967],"_humanoidState":5,"_cameraCFrame":[764.649,241.906,51.21,0.991,-0.131,0.023,0,0.174,0.985,-0.133,-0.976,0.172],"_shiftlockState":true,"_pose":"FreeFall","_animationQueue":[],"_animationSpeed":1,"_zoom":16.125},{"_mousePosition":[683,384],"_rootPartCFrame":[762.345,223.921,48.69,0.973,0,0.231,0,1,0,-0.231,0,0.973],"_humanoidState":5,"_cameraCFrame":[764.476,241.301,51.212,0.99,-0.14,0.025,0,0.174,0.985,-0.143,-0.975,0.172],"_shiftlockState":true,"_pose":"FreeFall","_animationQueue":[],"_animationSpeed":1,"_zoom":16.125},{"_mousePosition":[683,384],"_rootPartCFrame":[762.014,222.845,48.734,0.952,0,0.305,0,1,0,-0.305,0,0.952],"_humanoidState":5,"_cameraCFrame":[764.184,240.225,51.224,0.988,-0.155,0.027,0,0.174,0.985,-0.158,-0.973,0.171],"_shiftlockState":true,"_pose":"FreeFall","_animationQueue":[],"_animationSpeed":1,"_zoom":16.125},{"_mousePosition":[683,384],"_rootPartCFrame":[761.618,222.454,48.791,0.982,0,0.19,0,1,0,-0.19,0,0.982],"_humanoidState":7,"_cameraCFrame":[763.832,239.834,51.241,0.985,-0.172,0.03,0,0.174,0.985,-0.175,-0.97,0.171],"_shiftlockState":true,"_pose":"FreeFall","_animationQueue":[["walk",0.1],["fall",0.3],["fall",0.3]],"_animationSpeed":1,"_zoom":16.125},{"_mousePosition":[683,384],"_rootPartCFrame":[761.487,222.499,48.811,0.985,0,0.174,0,1,0,-0.174,0,0.985],"_humanoidState":7,"_cameraCFrame":[763.761,239.879,51.205,0.98,-0.197,0.035,0,0.174,0.985,-0.2,-0.965,0.17],"_shiftlockState":true,"_pose":"FreeFall","_animationQueue":[],"_animationSpeed":1,"_zoom":16.125},{"_mousePosition":[683,384],"_rootPartCFrame":[761.093,222.612,48.881,0.98,0,0.2,0,1,0,-0.2,0,0.98],"_humanoidState":8,"_cameraCFrame":[763.451,239.992,51.192,0.972,-0.231,0.041,0,0.174,0.985,-0.234,-0.957,0.169],"_shiftlockState":true,"_pose":"Running","_animationQueue":[["fall",0.3],["walk",0.1],["fall",0.3],["walk",0.1]],"_animationSpeed":1.103,"_zoom":16.125},{"_mousePosition":[683,384],"_rootPartCFrame":[760.831,222.652,48.933,0.972,0,0.234,0,1,0,-0.234,0,0.972],"_humanoidState":8,"_cameraCFrame":[763.292,240.032,51.135,0.96,-0.274,0.048,0,0.174,0.985,-0.279,-0.946,0.167],"_shiftlockState":true,"_pose":"Running","_animationQueue":[],"_animationSpeed":1.103,"_zoom":16.125},{"_mousePosition":[683,384],"_rootPartCFrame":[760.637,222.67,48.978,0.96,0,0.279,0,1,0,-0.279,0,0.96],"_humanoidState":8,"_cameraCFrame":[763.221,240.05,51.034,0.943,-0.329,0.058,0,0.174,0.985,-0.334,-0.928,0.164],"_shiftlockState":true,"_pose":"Running","_animationQueue":[],"_animationSpeed":1.103,"_zoom":16.125},{"_mousePosition":[683,384],"_rootPartCFrame":[760.316,222.686,49.069,0.943,0,0.334,0,1,0,-0.334,0,0.943],"_humanoidState":8,"_cameraCFrame":[763.025,240.066,50.957,0.92,-0.387,0.068,0,0.174,0.985,-0.393,-0.906,0.16],"_shiftlockState":true,"_pose":"Running","_animationQueue":[],"_animationSpeed":1.103,"_zoom":16.125},{"_mousePosition":[683,384],"_rootPartCFrame":[760.127,222.691,49.134,0.92,0,0.393,0,1,0,-0.393,0,0.92],"_humanoidState":8,"_cameraCFrame":[762.967,240.071,50.818,0.888,-0.452,0.08,0,0.174,0.985,-0.459,-0.875,0.154],"_shiftlockState":true,"_pose":"Running","_animationQueue":[],"_animationSpeed":1.103,"_zoom":16.125},{"_mousePosition":[683,384],"_rootPartCFrame":[759.881,222.695,49.236,0.888,0,0.459,0,1,0,-0.459,0,0.888],"_humanoidState":8,"_cameraCFrame":[762.887,240.075,50.602,0.833,-0.545,0.096,0,0.174,0.985,-0.553,-0.821,0.145],"_shiftlockState":true,"_pose":"Running","_animationQueue":[],"_animationSpeed":1.103,"_zoom":16.125},{"_mousePosition":[683,384],"_rootPartCFrame":[759.583,222.697,49.387,0.829,0,0.559,0,1,0,-0.559,0,0.829],"_humanoidState":8,"_cameraCFrame":[762.689,240.072,50.584,0.797,-0.595,0.106,0,0.176,0.984,-0.605,-0.784,0.14],"_shiftlockState":true,"_pose":"Running","_animationQueue":[["walk",0.1]],"_animationSpeed":1.103,"_zoom":16.125},{"_mousePosition":[683,384],"_rootPartCFrame":[759.414,222.698,49.494,0.795,0,0.606,0,1,0,-0.606,0,0.795],"_humanoidState":8,"_cameraCFrame":[762.582,240.073,50.516,0.762,-0.638,0.114,0,0.176,0.984,-0.648,-0.75,0.134],"_shiftlockState":true,"_pose":"Running","_animationQueue":[],"_animationSpeed":1.103,"_zoom":16.125},{"_mousePosition":[683,384],"_rootPartCFrame":[759.201,222.699,49.653,0.761,0,0.648,0,1,0,-0.648,0,0.761],"_humanoidState":8,"_cameraCFrame":[762.416,240.073,50.514,0.728,-0.675,0.12,0,0.176,0.984,-0.686,-0.717,0.128],"_shiftlockState":true,"_pose":"Running","_animationQueue":[],"_animationSpeed":1.103,"_zoom":16.125},{"_mousePosition":[683,384],"_rootPartCFrame":[758.996,222.699,49.824,0.728,0,0.686,0,1,0,-0.686,0,0.728],"_humanoidState":8,"_cameraCFrame":[762.243,240.074,50.554,0.7,-0.703,0.125,0,0.176,0.984,-0.715,-0.689,0.123],"_shiftlockState":true,"_pose":"Running","_animationQueue":[],"_animationSpeed":1.103,"_zoom":16.125},{"_mousePosition":[683,384],"_rootPartCFrame":[758.801,222.699,50.005,0.7,0,0.715,0,1,0,-0.715,0,0.7],"_humanoidState":8,"_cameraCFrame":[762.07,240.074,50.628,0.676,-0.726,0.129,0,0.176,0.984,-0.737,-0.665,0.119],"_shiftlockState":true,"_pose":"Running","_animationQueue":[],"_animationSpeed":1.103,"_zoom":16.125},{"_mousePosition":[683,384],"_rootPartCFrame":[758.613,222.7,50.195,0.676,0,0.737,0,1,0,-0.737,0,0.676],"_humanoidState":8,"_cameraCFrame":[761.897,240.074,50.735,0.657,-0.742,0.132,0,0.176,0.984,-0.754,-0.647,0.115],"_shiftlockState":true,"_pose":"Running","_animationQueue":[],"_animationSpeed":1.103,"_zoom":16.125},{"_mousePosition":[683,384],"_rootPartCFrame":[758.432,222.7,50.39,0.657,0,0.754,0,1,0,-0.754,0,0.657],"_humanoidState":8,"_cameraCFrame":[761.725,240.074,50.872,0.643,-0.754,0.134,0,0.176,0.984,-0.766,-0.633,0.113],"_shiftlockState":true,"_pose":"Running","_animationQueue":[],"_animationSpeed":1.103,"_zoom":16.125},{"_mousePosition":[683,384],"_rootPartCFrame":[758.256,222.7,50.591,0.643,0,0.766,0,1,0,-0.766,0,0.643],"_humanoidState":8,"_cameraCFrame":[761.532,240.08,51.003,0.632,-0.763,0.135,0,0.174,0.985,-0.775,-0.622,0.11],"_shiftlockState":true,"_pose":"Running","_animationQueue":[["walk",0.1]],"_animationSpeed":1.103,"_zoom":16.125},{"_mousePosition":[683,384],"_rootPartCFrame":[758.084,222.7,50.794,0.632,0,0.775,0,1,0,-0.775,0,0.632],"_humanoidState":8,"_cameraCFrame":[761.364,240.08,51.173,0.624,-0.77,0.136,0,0.174,0.985,-0.782,-0.614,0.108],"_shiftlockState":true,"_pose":"Running","_animationQueue":[],"_animationSpeed":1.103,"_zoom":16.125},{"_mousePosition":[683,384],"_rootPartCFrame":[757.915,222.7,51.001,0.624,0,0.782,0,1,0,-0.782,0,0.624],"_humanoidState":8,"_cameraCFrame":[761.196,240.08,51.371,0.622,-0.771,0.136,0,0.174,0.985,-0.783,-0.612,0.108],"_shiftlockState":true,"_pose":"Running","_animationQueue":[],"_animationSpeed":1.103,"_zoom":16.125},{"_mousePosition":[683,384],"_rootPartCFrame":[757.748,222.7,51.209,0.622,0,0.783,0,1,0,-0.783,0,0.622],"_humanoidState":8,"_cameraCFrame":[761.029,240.08,51.58,0.622,-0.771,0.136,0,0.174,0.985,-0.783,-0.612,0.108],"_shiftlockState":true,"_pose":"Running","_animationQueue":[],"_animationSpeed":1.103,"_zoom":16.125},{"_mousePosition":[683,384],"_rootPartCFrame":[757.582,222.7,51.418,0.622,0,0.783,0,1,0,-0.783,0,0.622],"_humanoidState":8,"_cameraCFrame":[760.863,240.08,51.788,0.622,-0.771,0.136,0,0.174,0.985,-0.783,-0.612,0.108],"_shiftlockState":true,"_pose":"Running","_animationQueue":[],"_animationSpeed":1.103,"_zoom":16.125},{"_mousePosition":[683,384],"_rootPartCFrame":[757.375,223.783,51.679,0.622,0,0.783,0,1,0,-0.783,0,0.622],"_humanoidState":3,"_cameraCFrame":[760.655,241.163,52.058,0.624,-0.77,0.136,0,0.174,0.985,-0.782,-0.614,0.108],"_shiftlockState":true,"_pose":"Jumping","_animationQueue":[["walk",0.1],["jump",0.1]],"_animationSpeed":1,"_zoom":16.125},{"_mousePosition":[683,384],"_rootPartCFrame":[757.209,224.592,51.888,0.549,0,0.836,0,1,0,-0.836,0,0.549],"_humanoidState":5,"_cameraCFrame":[760.485,241.972,52.3,0.632,-0.763,0.135,0,0.174,0.985,-0.775,-0.622,0.11],"_shiftlockState":true,"_pose":"FreeFall","_animationQueue":[["jump",0.1]],"_animationSpeed":1,"_zoom":16.125},{"_mousePosition":[683,384],"_rootPartCFrame":[757.043,225.346,52.096,0.527,0,0.85,0,1,0,-0.85,0,0.527],"_humanoidState":5,"_cameraCFrame":[760.311,242.726,52.566,0.645,-0.752,0.133,0,0.174,0.985,-0.764,-0.636,0.112],"_shiftlockState":true,"_pose":"FreeFall","_animationQueue":[],"_animationSpeed":1,"_zoom":16.125},{"_mousePosition":[683,384],"_rootPartCFrame":[756.875,226.045,52.303,0.539,0,0.843,0,1,0,-0.843,0,0.539],"_humanoidState":5,"_cameraCFrame":[760.132,243.425,52.847,0.663,-0.738,0.13,0,0.174,0.985,-0.749,-0.652,0.115],"_shiftlockState":true,"_pose":"FreeFall","_animationQueue":[],"_animationSpeed":1,"_zoom":16.125},{"_mousePosition":[683,384],"_rootPartCFrame":[756.703,226.69,52.507,0.557,0,0.83,0,1,0,-0.83,0,0.557],"_humanoidState":5,"_cameraCFrame":[759.945,244.07,53.134,0.681,-0.721,0.127,0,0.174,0.985,-0.732,-0.671,0.118],"_shiftlockState":true,"_pose":"FreeFall","_animationQueue":[],"_animationSpeed":1,"_zoom":16.125},{"_mousePosition":[683,384],"_rootPartCFrame":[756.527,227.28,52.708,0.578,0,0.816,0,1,0,-0.816,0,0.578],"_humanoidState":5,"_cameraCFrame":[759.749,244.66,53.432,0.703,-0.7,0.123,0,0.174,0.985,-0.711,-0.693,0.122],"_shiftlockState":true,"_pose":"FreeFall","_animationQueue":[],"_animationSpeed":1,"_zoom":16.125},{"_mousePosition":[683,384],"_rootPartCFrame":[756.346,227.816,52.903,0.602,0,0.798,0,1,0,-0.798,0,0.602],"_humanoidState":5,"_cameraCFrame":[759.544,245.196,53.726,0.724,-0.679,0.12,0,0.174,0.985,-0.689,-0.713,0.126],"_shiftlockState":true,"_pose":"FreeFall","_animationQueue":[],"_animationSpeed":1,"_zoom":16.125},{"_mousePosition":[683,384],"_rootPartCFrame":[756.16,228.298,53.094,0.626,0,0.779,0,1,0,-0.779,0,0.626],"_humanoidState":5,"_cameraCFrame":[759.329,245.678,54.021,0.747,-0.655,0.115,0,0.174,0.985,-0.665,-0.735,0.13],"_shiftlockState":true,"_pose":"FreeFall","_animationQueue":[],"_animationSpeed":1,"_zoom":16.125},{"_mousePosition":[683,384],"_rootPartCFrame":[755.967,228.725,53.279,0.652,0,0.758,0,1,0,-0.758,0,0.652],"_humanoidState":5,"_cameraCFrame":[759.109,246.105,54.293,0.765,-0.634,0.112,0,0.174,0.985,-0.644,-0.753,0.133],"_shiftlockState":true,"_pose":"FreeFall","_animationQueue":[],"_animationSpeed":1,"_zoom":16.125},{"_mousePosition":[683,384],"_rootPartCFrame":[755.769,229.097,53.457,0.673,0,0.74,0,1,0,-0.74,0,0.673],"_humanoidState":5,"_cameraCFrame":[758.89,246.477,54.535,0.778,-0.619,0.109,0,0.174,0.985,-0.628,-0.766,0.135],"_shiftlockState":true,"_pose":"FreeFall","_animationQueue":[],"_animationSpeed":1,"_zoom":16.125},{"_mousePosition":[683,384],"_rootPartCFrame":[755.566,229.415,53.63,0.687,0,0.726,0,1,0,-0.726,0,0.687],"_humanoidState":5,"_cameraCFrame":[758.664,246.795,54.771,0.79,-0.603,0.106,0,0.174,0.985,-0.613,-0.778,0.137],"_shiftlockState":true,"_pose":"FreeFall","_animationQueue":[],"_animationSpeed":1,"_zoom":16.125},{"_mousePosition":[683,384],"_rootPartCFrame":[755.359,229.678,53.798,0.702,0,0.712,0,1,0,-0.712,0,0.702],"_humanoidState":5,"_cameraCFrame":[758.406,247.058,55.071,0.816,-0.569,0.1,0,0.174,0.985,-0.578,-0.804,0.142],"_shiftlockState":true,"_pose":"FreeFall","_animationQueue":[],"_animationSpeed":1,"_zoom":16.125},{"_mousePosition":[683,384],"_rootPartCFrame":[755.149,229.887,53.962,0.732,0,0.681,0,1,0,-0.681,0,0.732],"_humanoidState":5,"_cameraCFrame":[758.138,247.267,55.365,0.84,-0.534,0.094,0,0.174,0.985,-0.542,-0.827,0.146],"_shiftlockState":true,"_pose":"FreeFall","_animationQueue":[],"_animationSpeed":1,"_zoom":16.125},{"_mousePosition":[683,384],"_rootPartCFrame":[754.932,230.042,54.117,0.761,0,0.649,0,1,0,-0.649,0,0.761],"_humanoidState":5,"_cameraCFrame":[757.838,247.422,55.685,0.869,-0.487,0.086,0,0.174,0.985,-0.495,-0.856,0.151],"_shiftlockState":true,"_pose":"FreeFall","_animationQueue":[],"_animationSpeed":1,"_zoom":16.125},{"_mousePosition":[683,384],"_rootPartCFrame":[754.709,230.141,54.263,0.796,0,0.606,0,1,0,-0.606,0,0.796],"_humanoidState":5,"_cameraCFrame":[757.515,247.521,56.004,0.897,-0.434,0.077,0,0.174,0.985,-0.441,-0.884,0.156],"_shiftlockState":true,"_pose":"FreeFall","_animationQueue":[],"_animationSpeed":1,"_zoom":16.125},{"_mousePosition":[683,384],"_rootPartCFrame":[754.478,230.187,54.397,0.831,0,0.556,0,1,0,-0.556,0,0.831],"_humanoidState":5,"_cameraCFrame":[757.159,247.567,56.326,0.925,-0.373,0.066,0,0.174,0.985,-0.379,-0.911,0.161],"_shiftlockState":true,"_pose":"FreeFall","_animationQueue":[["fall",0.3]],"_animationSpeed":1,"_zoom":16.125},{"_mousePosition":[683,384],"_rootPartCFrame":[754.24,230.178,54.517,0.867,0,0.498,0,1,0,-0.498,0,0.867],"_humanoidState":5,"_cameraCFrame":[756.777,247.558,56.63,0.95,-0.308,0.054,0,0.174,0.985,-0.312,-0.936,0.165],"_shiftlockState":true,"_pose":"FreeFall","_animationQueue":[],"_animationSpeed":1,"_zoom":16.125},{"_mousePosition":[683,384],"_rootPartCFrame":[753.995,230.114,54.621,0.9,0,0.436,0,1,0,-0.436,0,0.9],"_humanoidState":5,"_cameraCFrame":[756.376,247.494,56.909,0.97,-0.241,0.042,0,0.174,0.985,-0.244,-0.955,0.168],"_shiftlockState":true,"_pose":"FreeFall","_animationQueue":[],"_animationSpeed":1,"_zoom":16.125},{"_mousePosition":[683,384],"_rootPartCFrame":[753.743,229.996,54.708,0.929,0,0.371,0,1,0,-0.371,0,0.929],"_humanoidState":5,"_cameraCFrame":[755.95,247.376,57.164,0.985,-0.17,0.03,0,0.174,0.985,-0.173,-0.97,0.171],"_shiftlockState":true,"_pose":"FreeFall","_animationQueue":[],"_animationSpeed":1,"_zoom":16.125},{"_mousePosition":[683,384],"_rootPartCFrame":[753.421,229.772,54.793,0.943,0,0.333,0,1,0,-0.333,0,0.943],"_humanoidState":5,"_cameraCFrame":[755.435,247.152,57.409,0.995,-0.096,0.017,0,0.174,0.985,-0.097,-0.98,0.173],"_shiftlockState":true,"_pose":"FreeFall","_animationQueue":[],"_animationSpeed":1,"_zoom":16.125},{"_mousePosition":[683,384],"_rootPartCFrame":[753.224,229.596,54.831,0.981,0,0.196,0,1,0,-0.196,0,0.981],"_humanoidState":5,"_cameraCFrame":[755.02,246.976,57.602,1,-0.016,0.003,0,0.174,0.985,-0.017,-0.985,0.174],"_shiftlockState":true,"_pose":"FreeFall","_animationQueue":[],"_animationSpeed":1,"_zoom":16.125},{"_mousePosition":[683,384],"_rootPartCFrame":[752.96,229.315,54.862,0.989,0,0.149,0,1,0,-0.149,0,0.989],"_humanoidState":5,"_cameraCFrame":[754.526,246.695,57.769,0.998,0.063,-0.011,0,0.174,0.985,0.064,-0.983,0.173],"_shiftlockState":true,"_pose":"FreeFall","_animationQueue":[["fall",0.3]],"_animationSpeed":1,"_zoom":16.125},{"_mousePosition":[683,384],"_rootPartCFrame":[752.693,228.979,54.871,0.998,0,0.069,0,1,0,-0.069,0,0.998],"_humanoidState":5,"_cameraCFrame":[754.019,246.359,57.895,0.989,0.143,-0.025,0,0.174,0.985,0.145,-0.974,0.172],"_shiftlockState":true,"_pose":"FreeFall","_animationQueue":[],"_animationSpeed":1,"_zoom":16.125},{"_mousePosition":[683,384],"_rootPartCFrame":[752.427,228.588,54.858,1,0,-0.012,0,1,0,0.012,0,1],"_humanoidState":5,"_cameraCFrame":[753.417,245.968,58.009,0.968,0.248,-0.044,0,0.174,0.985,0.252,-0.953,0.168],"_shiftlockState":true,"_pose":"FreeFall","_animationQueue":[],"_animationSpeed":1,"_zoom":16.125},{"_mousePosition":[683,384],"_rootPartCFrame":[752.097,228.023,54.815,0.996,0,-0.088,0,1,0,0.088,0,0.996],"_humanoidState":5,"_cameraCFrame":[752.885,245.403,58.021,0.95,0.307,-0.054,0,0.174,0.985,0.312,-0.936,0.165],"_shiftlockState":true,"_pose":"FreeFall","_animationQueue":[],"_animationSpeed":1,"_zoom":16.125},{"_mousePosition":[683,384],"_rootPartCFrame":[751.902,227.643,54.773,0.976,0,-0.216,0,1,0,0.216,0,0.976],"_humanoidState":5,"_cameraCFrame":[752.502,245.023,58.019,0.93,0.361,-0.064,0,0.174,0.985,0.367,-0.916,0.162],"_shiftlockState":true,"_pose":"FreeFall","_animationQueue":[],"_animationSpeed":1,"_zoom":16.125},{"_mousePosition":[683,384],"_rootPartCFrame":[751.647,227.089,54.693,0.971,0,-0.24,0,1,0,0.24,0,0.971],"_humanoidState":5,"_cameraCFrame":[752.091,244.469,57.965,0.912,0.405,-0.071,0,0.174,0.985,0.411,-0.898,0.158],"_shiftlockState":true,"_pose":"FreeFall","_animationQueue":[],"_animationSpeed":1,"_zoom":16.125},{"_mousePosition":[683,384],"_rootPartCFrame":[751.398,226.481,54.598,0.958,0,-0.286,0,1,0,0.286,0,0.958],"_humanoidState":5,"_cameraCFrame":[751.709,243.861,57.885,0.894,0.441,-0.078,0,0.174,0.985,0.448,-0.881,0.155],"_shiftlockState":true,"_pose":"FreeFall","_animationQueue":[],"_animationSpeed":1,"_zoom":16.125},{"_mousePosition":[683,384],"_rootPartCFrame":[751.154,225.817,54.49,0.946,0,-0.325,0,1,0,0.325,0,0.946],"_humanoidState":5,"_cameraCFrame":[751.357,243.197,57.786,0.879,0.47,-0.083,0,0.174,0.985,0.477,-0.866,0.153],"_shiftlockState":true,"_pose":"FreeFall","_animationQueue":[["fall",0.3]],"_animationSpeed":1,"_zoom":16.125},{"_mousePosition":[683,384],"_rootPartCFrame":[750.915,225.1,54.372,0.934,0,-0.356,0,1,0,0.356,0,0.934],"_humanoidState":5,"_cameraCFrame":[751.034,242.48,57.672,0.867,0.491,-0.087,0,0.174,0.985,0.499,-0.853,0.15],"_shiftlockState":true,"_pose":"FreeFall","_animationQueue":[],"_animationSpeed":1,"_zoom":16.125},{"_mousePosition":[683,384],"_rootPartCFrame":[750.68,224.328,54.246,0.925,0,-0.38,0,1,0,0.38,0,0.925],"_humanoidState":5,"_cameraCFrame":[750.749,241.708,57.547,0.859,0.504,-0.089,0,0.174,0.985,0.512,-0.846,0.149],"_shiftlockState":true,"_pose":"FreeFall","_animationQueue":[],"_animationSpeed":1,"_zoom":16.125},{"_mousePosition":[683,384],"_rootPartCFrame":[750.449,223.501,54.114,0.919,0,-0.394,0,1,0,0.394,0,0.919],"_humanoidState":5,"_cameraCFrame":[750.518,240.881,57.415,0.859,0.504,-0.089,0,0.174,0.985,0.512,-0.846,0.149],"_shiftlockState":true,"_pose":"FreeFall","_animationQueue":[],"_animationSpeed":1,"_zoom":16.125},{"_mousePosition":[683,384],"_rootPartCFrame":[750.277,222.845,54.012,0.875,0,-0.483,0,1,0,0.483,0,0.875],"_humanoidState":7,"_cameraCFrame":[750.346,240.225,57.313,0.859,0.504,-0.089,0,0.174,0.985,0.512,-0.846,0.149],"_shiftlockState":true,"_pose":"FreeFall","_animationQueue":[["walk",0.1],["fall",0.3],["fall",0.3]],"_animationSpeed":1,"_zoom":16.125},{"_mousePosition":[683,384],"_rootPartCFrame":[749.991,222.438,53.841,0.862,0,-0.507,0,1,0,0.507,0,0.862],"_humanoidState":7,"_cameraCFrame":[750.059,239.818,57.142,0.859,0.504,-0.089,0,0.174,0.985,0.512,-0.846,0.149],"_shiftlockState":true,"_pose":"FreeFall","_animationQueue":[],"_animationSpeed":1,"_zoom":16.125},{"_mousePosition":[683,384],"_rootPartCFrame":[749.819,222.499,53.739,0.859,0,-0.512,0,1,0,0.512,0,0.859],"_humanoidState":7,"_cameraCFrame":[749.871,239.879,57.04,0.856,0.509,-0.09,0,0.174,0.985,0.517,-0.843,0.149],"_shiftlockState":true,"_pose":"FreeFall","_animationQueue":[],"_animationSpeed":1,"_zoom":16.125},{"_mousePosition":[683,384],"_rootPartCFrame":[749.533,222.599,53.568,0.856,0,-0.516,0,1,0,0.516,0,0.856],"_humanoidState":8,"_cameraCFrame":[749.585,239.979,56.869,0.856,0.509,-0.09,0,0.174,0.985,0.517,-0.843,0.149],"_shiftlockState":true,"_pose":"Running","_animationQueue":[["fall",0.3],["walk",0.1],["fall",0.3],["walk",0.1]],"_animationSpeed":1.103,"_zoom":16.125},{"_mousePosition":[683,384],"_rootPartCFrame":[749.304,222.645,53.43,0.856,0,-0.517,0,1,0,0.517,0,0.856],"_humanoidState":8,"_cameraCFrame":[749.34,240.025,56.732,0.854,0.513,-0.09,0,0.174,0.985,0.521,-0.841,0.148],"_shiftlockState":true,"_pose":"Running","_animationQueue":[],"_animationSpeed":1.103,"_zoom":16.125},{"_mousePosition":[683,384],"_rootPartCFrame":[749.076,222.67,53.292,0.854,0,-0.521,0,1,0,0.521,0,0.854],"_humanoidState":8,"_cameraCFrame":[749.111,240.05,56.594,0.854,0.513,-0.09,0,0.174,0.985,0.521,-0.841,0.148],"_shiftlockState":true,"_pose":"Running","_animationQueue":[],"_animationSpeed":1.103,"_zoom":16.125},{"_mousePosition":[683,384],"_rootPartCFrame":[748.848,222.684,53.154,0.854,0,-0.521,0,1,0,0.521,0,0.854],"_humanoidState":8,"_cameraCFrame":[748.884,240.064,56.455,0.854,0.513,-0.09,0,0.174,0.985,0.521,-0.841,0.148],"_shiftlockState":true,"_pose":"Running","_animationQueue":[],"_animationSpeed":1.103,"_zoom":16.125},{"_mousePosition":[683,384],"_rootPartCFrame":[748.62,222.691,53.015,0.854,0,-0.521,0,1,0,0.521,0,0.854],"_humanoidState":8,"_cameraCFrame":[748.639,240.071,56.317,0.851,0.517,-0.091,0,0.174,0.985,0.525,-0.838,0.148],"_shiftlockState":true,"_pose":"Running","_animationQueue":[],"_animationSpeed":1.103,"_zoom":16.125},{"_mousePosition":[683,384],"_rootPartCFrame":[748.393,222.695,52.876,0.851,0,-0.525,0,1,0,0.525,0,0.851],"_humanoidState":8,"_cameraCFrame":[748.395,240.075,56.178,0.848,0.521,-0.092,0,0.174,0.985,0.529,-0.835,0.147],"_shiftlockState":true,"_pose":"Running","_animationQueue":[],"_animationSpeed":1.103,"_zoom":16.125},{"_mousePosition":[683,384],"_rootPartCFrame":[748.109,222.698,52.701,0.848,0,-0.529,0,1,0,0.529,0,0.848],"_humanoidState":8,"_cameraCFrame":[748.103,240.078,56.003,0.847,0.524,-0.092,0,0.174,0.985,0.532,-0.834,0.147],"_shiftlockState":true,"_pose":"Running","_animationQueue":[],"_animationSpeed":1.103,"_zoom":16.125},{"_mousePosition":[683,384],"_rootPartCFrame":[747.882,222.699,52.56,0.847,0,-0.532,0,1,0,0.532,0,0.847],"_humanoidState":8,"_cameraCFrame":[747.859,240.079,55.862,0.844,0.528,-0.093,0,0.174,0.985,0.536,-0.831,0.147],"_shiftlockState":true,"_pose":"Running","_animationQueue":[["walk",0.1]],"_animationSpeed":1.103,"_zoom":16.125},{"_mousePosition":[683,384],"_rootPartCFrame":[747.657,222.699,52.418,0.844,0,-0.536,0,1,0,0.536,0,0.844],"_humanoidState":8,"_cameraCFrame":[747.617,240.079,55.72,0.842,0.532,-0.094,0,0.174,0.985,0.54,-0.829,0.146],"_shiftlockState":true,"_pose":"Running","_animationQueue":[],"_animationSpeed":1.103,"_zoom":16.125},{"_mousePosition":[683,384],"_rootPartCFrame":[747.431,222.699,52.276,0.842,0,-0.54,0,1,0,0.54,0,0.842],"_humanoidState":8,"_cameraCFrame":[747.367,240.079,55.577,0.837,0.538,-0.095,0,0.174,0.985,0.547,-0.825,0.145],"_shiftlockState":true,"_pose":"Running","_animationQueue":[],"_animationSpeed":1.103,"_zoom":16.125},{"_mousePosition":[683,384],"_rootPartCFrame":[747.207,222.699,52.132,0.837,0,-0.547,0,1,0,0.547,0,0.837],"_humanoidState":8,"_cameraCFrame":[747.117,240.08,55.432,0.833,0.544,-0.096,0,0.174,0.985,0.553,-0.821,0.145],"_shiftlockState":true,"_pose":"Running","_animationQueue":[],"_animationSpeed":1.103,"_zoom":16.125},{"_mousePosition":[683,384],"_rootPartCFrame":[746.983,222.7,51.986,0.833,0,-0.553,0,1,0,0.553,0,0.833],"_humanoidState":8,"_cameraCFrame":[746.835,240.08,55.285,0.823,0.559,-0.099,0,0.174,0.985,0.568,-0.811,0.143],"_shiftlockState":true,"_pose":"Running","_animationQueue":[],"_animationSpeed":1.103,"_zoom":16.125},{"_mousePosition":[683,384],"_rootPartCFrame":[746.761,222.7,51.839,0.823,0,-0.568,0,1,0,0.568,0,0.823],"_humanoidState":8,"_cameraCFrame":[746.546,240.08,55.134,0.812,0.575,-0.101,0,0.174,0.985,0.584,-0.799,0.141],"_shiftlockState":true,"_pose":"Running","_animationQueue":[],"_animationSpeed":1.103,"_zoom":16.125},{"_mousePosition":[683,384],"_rootPartCFrame":[746.541,222.7,51.688,0.812,0,-0.584,0,1,0,0.584,0,0.812],"_humanoidState":8,"_cameraCFrame":[746.243,240.08,54.977,0.797,0.595,-0.105,0,0.174,0.985,0.604,-0.785,0.138],"_shiftlockState":true,"_pose":"Running","_animationQueue":[["walk",0.1]],"_animationSpeed":1.103,"_zoom":16.125},{"_mousePosition":[683,384],"_rootPartCFrame":[746.324,222.7,51.533,0.797,0,-0.604,0,1,0,0.604,0,0.797],"_humanoidState":8,"_cameraCFrame":[745.926,240.08,54.811,0.778,0.619,-0.109,0,0.174,0.985,0.628,-0.766,0.135],"_shiftlockState":true,"_pose":"Running","_animationQueue":[],"_animationSpeed":1.103,"_zoom":16.125},{"_mousePosition":[683,384],"_rootPartCFrame":[746.111,222.7,51.373,0.778,0,-0.628,0,1,0,0.628,0,0.778],"_humanoidState":8,"_cameraCFrame":[745.606,240.08,54.636,0.757,0.644,-0.113,0,0.174,0.985,0.654,-0.745,0.131],"_shiftlockState":true,"_pose":"Running","_a