[{"_mousePosition":[709,295],"_rootPartCFrame":[776.031,222.7,47.142,0,0,1,0,1,0,-1,0,0],"_humanoidState":8,"_cameraCFrame":[778.06,239.954,44.362,-0.808,-0.576,0.126,0,0.213,0.977,-0.59,0.789,-0.172],"_shiftlockState":false,"_pose":"Standing","_animationQueue":[],"_animationSpeed":1,"_zoom":16.125},{"_mousePosition":[709,295],"_rootPartCFrame":[775.892,222.695,47.041,0.062,0,0.998,0,1,0,-0.998,0,0.062],"_humanoidState":8,"_cameraCFrame":[777.917,239.955,44.296,-0.805,-0.58,0.126,0,0.212,0.977,-0.594,0.787,-0.17],"_shiftlockState":false,"_pose":"Standing","_animationQueue":[],"_animationSpeed":1,"_zoom":16.125},{"_mousePosition":[709,295],"_rootPartCFrame":[775.678,222.696,46.885,0.138,0,0.99,0,1,0,-0.99,0,0.138],"_humanoidState":8,"_cameraCFrame":[777.68,239.97,44.2,-0.802,-0.585,0.124,0,0.208,0.978,-0.598,0.784,-0.167],"_shiftlockState":false,"_pose":"Running","_animationQueue":[["walk",0.1]],"_animationSpeed":1.003,"_zoom":16.125},{"_mousePosition":[709,295],"_rootPartCFrame":[775.464,222.698,46.726,0.204,0,0.979,0,1,0,-0.979,0,0.204],"_humanoidState":8,"_cameraCFrame":[777.455,239.984,44.111,-0.796,-0.593,0.124,0,0.204,0.979,-0.606,0.779,-0.162],"_shiftlockState":false,"_pose":"Running","_animationQueue":[["walk",0.1]],"_animationSpeed":1.101,"_zoom":16.125},{"_mousePosition":[709,295],"_rootPartCFrame":[775.25,222.699,46.567,0.261,0,0.965,0,1,0,-0.965,0,0.261],"_humanoidState":8,"_cameraCFrame":[777.192,240.01,44.069,-0.789,-0.602,0.12,0,0.196,0.981,-0.614,0.774,-0.155],"_shiftlockState":false,"_pose":"Running","_animationQueue":[],"_animationSpeed":1.101,"_zoom":16.125},{"_mousePosition":[709,295],"_rootPartCFrame":[775.038,222.699,46.406,0.311,0,0.95,0,1,0,-0.95,0,0.311],"_humanoidState":8,"_cameraCFrame":[776.942,240.029,43.995,-0.785,-0.608,0.118,0,0.191,0.982,-0.62,0.77,-0.15],"_shiftlockState":false,"_pose":"Running","_animationQueue":[],"_animationSpeed":1.101,"_zoom":16.125},{"_mousePosition":[709,295],"_rootPartCFrame":[774.827,222.699,46.242,0.355,0,0.935,0,1,0,-0.935,0,0.355],"_humanoidState":8,"_cameraCFrame":[776.691,240.047,43.918,-0.78,-0.615,0.116,0,0.185,0.983,-0.626,0.767,-0.144],"_shiftlockState":false,"_pose":"Running","_animationQueue":[],"_animationSpeed":1.101,"_zoom":16.125},{"_mousePosition":[709,295],"_rootPartCFrame":[774.618,222.699,46.077,0.393,0,0.919,0,1,0,-0.919,0,0.393],"_humanoidState":8,"_cameraCFrame":[776.482,240.047,43.753,-0.78,-0.615,0.116,0,0.185,0.983,-0.626,0.767,-0.144],"_shiftlockState":false,"_pose":"Running","_animationQueue":[],"_animationSpeed":1.101,"_zoom":16.125},{"_mousePosition":[709,295],"_rootPartCFrame":[774.409,222.7,45.91,0.427,0,0.904,0,1,0,-0.904,0,0.427],"_humanoidState":8,"_cameraCFrame":[776.274,240.047,43.586,-0.78,-0.615,0.116,0,0.185,0.983,-0.626,0.767,-0.144],"_shiftlockState":false,"_pose":"Running","_animationQueue":[["walk",0.1]],"_animationSpeed":1.101,"_zoom":16.125},{"_mousePosition":[709,295],"_rootPartCFrame":[774.201,222.7,45.744,0.455,0,0.89,0,1,0,-0.89,0,0.455],"_humanoidState":8,"_cameraCFrame":[776.066,240.047,43.42,-0.78,-0.615,0.116,0,0.185,0.983,-0.626,0.767,-0.144],"_shiftlockState":false,"_pose":"Running","_animationQueue":[],"_animationSpeed":1.101,"_zoom":16.125},{"_mousePosition":[709,295],"_rootPartCFrame":[773.993,222.7,45.577,0.48,0,0.877,0,1,0,-0.877,0,0.48],"_humanoidState":8,"_cameraCFrame":[774.493,240.047,42.158,-0.78,-0.615,0.116,0,0.185,0.983,-0.626,0.767,-0.144],"_shiftlockState":true,"_pose":"Running","_animationQueue":[],"_animationSpeed":1.101,"_zoom":16.125},{"_mousePosition":[683,357.5],"_rootPartCFrame":[773.681,222.7,45.326,-0.853,0,0.521,0,1,0,-0.521,0,-0.853],"_humanoidState":8,"_cameraCFrame":[774.181,240.047,41.907,-0.78,-0.615,0.116,0,0.185,0.983,-0.626,0.767,-0.144],"_shiftlockState":true,"_pose":"Running","_animationQueue":[],"_animationSpeed":1.101,"_zoom":16.125},{"_mousePosition":[683,357.5],"_rootPartCFrame":[773.473,222.7,45.16,-0.781,0,0.625,0,1,0,-0.625,0,-0.781],"_humanoidState":8,"_cameraCFrame":[773.973,240.047,41.74,-0.78,-0.615,0.116,0,0.185,0.983,-0.626,0.767,-0.144],"_shiftlockState":true,"_pose":"Running","_animationQueue":[],"_animationSpeed":1.101,"_zoom":16.125},{"_mousePosition":[683,357.5],"_rootPartCFrame":[773.369,222.7,45.076,-0.779,0,0.627,0,1,0,-0.627,0,-0.779],"_humanoidState":8,"_cameraCFrame":[773.869,240.047,41.657,-0.78,-0.615,0.116,0,0.185,0.983,-0.626,0.767,-0.144],"_shiftlockState":true,"_pose":"Running","_animationQueue":[],"_animationSpeed":1.101,"_zoom":16.125},{"_mousePosition":[683,357.5],"_rootPartCFrame":[773.109,222.7,44.868,-0.78,0,0.626,0,1,0,-0.626,0,-0.78],"_humanoidState":8,"_cameraCFrame":[773.609,240.047,41.448,-0.78,-0.615,0.116,0,0.185,0.983,-0.626,0.767,-0.144],"_shiftlockState":true,"_pose":"Running","_animationQueue":[],"_animationSpeed":1.101,"_zoom":16.125},{"_mousePosition":[683,357.5],"_rootPartCFrame":[772.953,222.7,44.742,-0.78,0,0.626,0,1,0,-0.626,0,-0.78],"_humanoidState":8,"_cameraCFrame":[773.442,240.053,41.349,-0.778,-0.617,0.115,0,0.183,0.983,-0.628,0.765,-0.142],"_shiftlockState":true,"_pose":"Running","_animationQueue":[["walk",0.1]],"_animationSpeed":1.101,"_zoom":16.125},{"_mousePosition":[683,357.5],"_rootPartCFrame":[772.641,222.7,44.492,-0.778,0,0.628,0,1,0,-0.628,0,-0.778],"_humanoidState":8,"_cameraCFrame":[773.091,240.064,41.146,-0.778,-0.618,0.112,0,0.179,0.984,-0.628,0.766,-0.139],"_shiftlockState":true,"_pose":"Running","_animationQueue":[],"_animationSpeed":1.101,"_zoom":16.125},{"_mousePosition":[683,357.5],"_rootPartCFrame":[772.538,222.7,44.409,-0.778,0,0.628,0,1,0,-0.628,0,-0.778],"_humanoidState":8,"_cameraCFrame":[772.948,240.075,41.111,-0.778,-0.618,0.11,0,0.175,0.985,-0.628,0.766,-0.136],"_shiftlockState":true,"_pose":"Running","_animationQueue":[],"_animationSpeed":1.101,"_zoom":16.125},{"_mousePosition":[683,357.5],"_rootPartCFrame":[772.33,222.7,44.241,-0.778,0,0.628,0,1,0,-0.628,0,-0.778],"_humanoidState":8,"_cameraCFrame":[772.725,240.08,40.963,-0.778,-0.618,0.109,0,0.174,0.985,-0.628,0.767,-0.135],"_shiftlockState":true,"_pose":"Running","_animationQueue":[],"_animationSpeed":1.101,"_zoom":16.125},{"_mousePosition":[683,357.5],"_rootPartCFrame":[772.071,222.7,44.032,-0.778,0,0.628,0,1,0,-0.628,0,-0.778],"_humanoidState":8,"_cameraCFrame":[772.458,240.08,40.753,-0.78,-0.616,0.109,0,0.174,0.985,-0.626,0.768,-0.135],"_shiftlockState":true,"_pose":"Running","_animationQueue":[],"_animationSpeed":1.101,"_zoom":16.125},{"_mousePosition":[683,357.5],"_rootPartCFrame":[771.863,222.7,43.865,-0.78,0,0.626,0,1,0,-0.626,0,-0.78],"_humanoidState":8,"_cameraCFrame":[772.233,240.08,40.583,-0.783,-0.612,0.108,0,0.174,0.985,-0.622,0.771,-0.136],"_shiftlockState":true,"_pose":"Running","_animationQueue":[],"_animationSpeed":1.101,"_zoom":16.125},{"_mousePosition":[683,357.5],"_rootPartCFrame":[771.655,222.7,43.698,-0.783,0,0.622,0,1,0,-0.622,0,-0.783],"_humanoidState":8,"_cameraCFrame":[772.001,240.08,40.414,-0.788,-0.606,0.107,0,0.174,0.985,-0.616,0.776,-0.137],"_shiftlockState":true,"_pose":"Running","_animationQueue":[],"_animationSpeed":1.101,"_zoom":16.125},{"_mousePosition":[683,357.5],"_rootPartCFrame":[771.446,222.7,43.532,-0.788,0,0.616,0,1,0,-0.616,0,-0.788],"_humanoidState":8,"_cameraCFrame":[771.75,240.08,40.244,-0.796,-0.597,0.105,0,0.174,0.985,-0.606,0.784,-0.138],"_shiftlockState":true,"_pose":"Running","_animationQueue":[["walk",0.1]],"_animationSpeed":1.101,"_zoom":16.125},{"_mousePosition":[683,357.5],"_rootPartCFrame":[771.237,222.7,43.367,-0.796,0,0.606,0,1,0,-0.606,0,-0.796],"_humanoidState":8,"_cameraCFrame":[771.482,240.08,40.074,-0.806,-0.583,0.103,0,0.174,0.985,-0.592,0.794,-0.14],"_shiftlockState":true,"_pose":"Running","_animationQueue":[],"_animationSpeed":1.101,"_zoom":16.125},{"_mousePosition":[683,357.5],"_rootPartCFrame":[771.025,222.7,43.205,-0.806,0,0.592,0,1,0,-0.592,0,-0.806],"_humanoidState":8,"_cameraCFrame":[771.195,240.08,39.908,-0.82,-0.564,0.1,0,0.174,0.985,-0.573,0.807,-0.142],"_shiftlockState":true,"_pose":"Running","_animationQueue":[],"_animationSpeed":1.101,"_zoom":16.125},{"_mousePosition":[683,357.5],"_rootPartCFrame":[770.81,222.7,43.047,-0.819,0,0.573,0,1,0,-0.573,0,-0.819],"_humanoidState":8,"_cameraCFrame":[770.889,240.08,39.746,-0.835,-0.542,0.096,0,0.174,0.985,-0.55,0.822,-0.145],"_shiftlockState":true,"_pose":"Running","_animationQueue":[],"_animationSpeed":1.101,"_zoom":16.125},{"_mousePosition":[683,357.5],"_rootPartCFrame":[770.592,222.7,42.893,-0.835,0,0.55,0,1,0,-0.55,0,-0.835],"_humanoidState":8,"_cameraCFrame":[770.554,240.08,39.592,-0.854,-0.512,0.09,0,0.174,0.985,-0.52,0.841,-0.148],"_shiftlockState":true,"_pose":"Running","_animationQueue":[],"_animationSpeed":1.101,"_zoom":16.125},{"_mousePosition":[683,357.5],"_rootPartCFrame":[770.426,222.7,42.782,-0.854,0,0.52,0,1,0,-0.52,0,-0.854],"_humanoidState":8,"_cameraCFrame":[770.27,240.08,39.484,-0.872,-0.482,0.085,0,0.174,0.985,-0.49,0.859,-0.151],"_shiftlockState":true,"_pose":"Running","_animationQueue":[],"_animationSpeed":1.101,"_zoom":16.125},{"_mousePosition":[683,357.5],"_rootPartCFrame":[770.142,222.7,42.608,-0.872,0,0.49,0,1,0,-0.49,0,-0.872],"_humanoidState":8,"_cameraCFrame":[769.886,240.08,39.316,-0.886,-0.456,0.08,0,0.174,0.985,-0.463,0.873,-0.154],"_shiftlockState":true,"_pose":"Running","_animationQueue":[["walk",0.1]],"_animationSpeed":1.101,"_zoom":16.125},{"_mousePosition":[683,357.5],"_rootPartCFrame":[769.91,222.7,42.477,-0.886,0,0.463,0,1,0,-0.463,0,-0.886],"_humanoidState":8,"_cameraCFrame":[769.555,240.08,39.194,-0.9,-0.429,0.076,0,0.174,0.985,-0.436,0.886,-0.156],"_shiftlockState":true,"_pose":"Running","_animationQueue":[],"_animationSpeed":1.101,"_zoom":16.125},{"_mousePosition":[683,357.5],"_rootPartCFrame":[769.677,222.666,42.346,-0.9,0,0.436,0,1,0,-0.436,0,-0.9],"_humanoidState":8,"_cameraCFrame":[769.231,240.046,39.074,-0.912,-0.404,0.071,0,0.174,0.985,-0.41,0.898,-0.158],"_shiftlockState":true,"_pose":"Running","_animationQueue":[],"_animationSpeed":1.101,"_zoom":16.125},{"_mousePosition":[683,357.5],"_rootPartCFrame":[769.445,222.577,42.216,-0.912,0,0.41,0,1,0,-0.41,0,-0.912],"_humanoidState":8,"_cameraCFrame":[768.899,239.957,38.959,-0.924,-0.377,0.066,0,0.174,0.985,-0.383,0.91,-0.16],"_shiftlockState":true,"_pose":"Running","_animationQueue":[],"_animationSpeed":1.101,"_zoom":16.125},{"_mousePosition":[683,357.5],"_rootPartCFrame":[769.212,222.434,42.085,-0.924,0,0.383,0,1,0,-0.383,0,-0.924],"_humanoidState":8,"_cameraCFrame":[768.56,239.814,38.848,-0.936,-0.347,0.061,0,0.174,0.985,-0.352,0.922,-0.163],"_shiftlockState":true,"_pose":"Running","_animationQueue":[],"_animationSpeed":1.101,"_zoom":16.125},{"_mousePosition":[683,357.5],"_rootPartCFrame":[768.98,223.307,41.955,-0.936,0,0.352,0,1,0,-0.352,0,-0.936],"_humanoidState":3,"_cameraCFrame":[768.173,240.687,38.753,-0.952,-0.302,0.053,0,0.174,0.985,-0.307,0.937,-0.165],"_shiftlockState":true,"_pose":"Jumping","_animationQueue":[["walk",0.1],["jump",0.1]],"_animationSpeed":1,"_zoom":16.125},{"_mousePosition":[683,357.5],"_rootPartCFrame":[768.675,224.326,41.822,-0.907,0,0.421,0,1,0,-0.421,0,-0.907],"_humanoidState":5,"_cameraCFrame":[767.763,241.706,38.648,-0.961,-0.271,0.048,0,0.174,0.985,-0.275,0.947,-0.167],"_shiftlockState":true,"_pose":"FreeFall","_animationQueue":[["jump",0.1]],"_animationSpeed":1,"_zoom":16.125},{"_mousePosition":[683,357.5],"_rootPartCFrame":[768.485,224.897,41.759,-0.93,0,0.367,0,1,0,-0.367,0,-0.93],"_humanoidState":5,"_cameraCFrame":[767.453,242.277,38.622,-0.971,-0.235,0.041,0,0.174,0.985,-0.238,0.956,-0.169],"_shiftlockState":true,"_pose":"FreeFall","_animationQueue":[],"_animationSpeed":1,"_zoom":16.125},{"_mousePosition":[683,357.5],"_rootPartCFrame":[768.293,225.437,41.702,-0.943,0,0.334,0,1,0,-0.334,0,-0.943],"_humanoidState":5,"_cameraCFrame":[767.159,242.817,38.601,-0.978,-0.203,0.036,0,0.174,0.985,-0.206,0.964,-0.17],"_shiftlockState":true,"_pose":"FreeFall","_animationQueue":[],"_animationSpeed":1,"_zoom":16.125},{"_mousePosition":[683,357.5],"_rootPartCFrame":[767.97,226.268,41.621,-0.931,0,0.366,0,1,0,-0.366,0,-0.931],"_humanoidState":5,"_cameraCFrame":[766.75,243.648,38.553,-0.984,-0.176,0.031,0,0.174,0.985,-0.179,0.969,-0.171],"_shiftlockState":true,"_pose":"FreeFall","_animationQueue":[],"_animationSpeed":1,"_zoom":16.125},{"_mousePosition":[683,357.5],"_rootPartCFrame":[767.709,226.872,41.565,-0.951,0,0.308,0,1,0,-0.308,0,-0.951],"_humanoidState":5,"_cameraCFrame":[766.435,244.252,38.519,-0.987,-0.159,0.028,0,0.174,0.985,-0.162,0.972,-0.171],"_shiftlockState":true,"_pose":"FreeFall","_animationQueue":[],"_animationSpeed":1,"_zoom":16.125},{"_mousePosition":[683,357.5],"_rootPartCFrame":[767.513,227.289,41.528,-0.966,0,0.259,0,1,0,-0.259,0,-0.966],"_humanoidState":5,"_cameraCFrame":[766.2,244.669,38.498,-0.989,-0.147,0.026,0,0.174,0.985,-0.149,0.974,-0.172],"_shiftlockState":true,"_pose":"FreeFall","_animationQueue":[],"_animationSpeed":1,"_zoom":16.125},{"_mousePosition":[683,357.5],"_rootPartCFrame":[767.184,227.917,41.474,-0.95,0,0.311,0,1,0,-0.311,0,-0.95],"_humanoidState":5,"_cameraCFrame":[765.84,245.297,38.457,-0.99,-0.137,0.024,0,0.174,0.985,-0.139,0.975,-0.172],"_shiftlockState":true,"_pose":"FreeFall","_animationQueue":[],"_animationSpeed":1,"_zoom":16.125},{"_mousePosition":[683,357.5],"_rootPartCFrame":[766.92,228.357,41.433,-0.963,0,0.269,0,1,0,-0.269,0,-0.963],"_humanoidState":5,"_cameraCFrame":[765.562,245.737,38.424,-0.991,-0.132,0.023,0,0.174,0.985,-0.134,0.976,-0.172],"_shiftlockState":true,"_pose":"FreeFall","_animationQueue":[],"_animationSpeed":1,"_zoom":16.125},{"_mousePosition":[683,357.5],"_rootPartCFrame":[766.722,228.652,41.405,-0.973,0,0.232,0,1,0,-0.232,0,-0.973],"_humanoidState":5,"_cameraCFrame":[765.348,246.032,38.403,-0.992,-0.127,0.022,0,0.174,0.985,-0.129,0.977,-0.172],"_shiftlockState":true,"_pose":"FreeFall","_animationQueue":[],"_animationSpeed":1,"_zoom":16.125},{"_mousePosition":[683,357.5],"_rootPartCFrame":[766.458,228.997,41.369,-0.966,0,0.26,0,1,0,-0.26,0,-0.966],"_humanoidState":5,"_cameraCFrame":[765.069,246.377,38.374,-0.992,-0.122,0.022,0,0.174,0.985,-0.124,0.977,-0.172],"_shiftlockState":true,"_pose":"FreeFall","_animationQueue":[],"_animationSpeed":1,"_zoom":16.125},{"_mousePosition":[683,357.5],"_rootPartCFrame":[766.128,229.352,41.326,-0.958,0,0.287,0,1,0,-0.287,0,-0.958],"_humanoidState":5,"_cameraCFrame":[764.723,246.732,38.337,-0.993,-0.117,0.021,0,0.174,0.985,-0.119,0.978,-0.172],"_shiftlockState":true,"_pose":"FreeFall","_animationQueue":[],"_animationSpeed":1,"_zoom":16.125},{"_mousePosition":[683,357.5],"_rootPartCFrame":[765.929,229.524,41.301,-0.976,0,0.217,0,1,0,-0.217,0,-0.976],"_humanoidState":5,"_cameraCFrame":[764.502,246.904,38.323,-0.994,-0.11,0.019,0,0.174,0.985,-0.111,0.979,-0.173],"_shiftlockState":true,"_pose":"FreeFall","_animationQueue":[],"_animationSpeed":1,"_zoom":16.125},{"_mousePosition":[683,357.5],"_rootPartCFrame":[765.598,229.742,41.261,-0.962,0,0.275,0,1,0,-0.275,0,-0.962],"_humanoidState":5,"_cameraCFrame":[764.134,247.122,38.302,-0.995,-0.097,0.017,0,0.174,0.985,-0.099,0.98,-0.173],"_shiftlockState":true,"_pose":"FreeFall","_animationQueue":[],"_animationSpeed":1,"_zoom":16.125},{"_mousePosition":[683,357.5],"_rootPartCFrame":[765.333,229.856,41.231,-0.973,0,0.23,0,1,0,-0.23,0,-0.973],"_humanoidState":5,"_cameraCFrame":[763.824,247.236,38.294,-0.996,-0.082,0.015,0,0.174,0.985,-0.084,0.981,-0.173],"_shiftlockState":true,"_pose":"FreeFall","_animationQueue":[],"_animationSpeed":1,"_zoom":16.125},{"_mousePosition":[683,357.5],"_rootPartCFrame":[765.068,229.915,41.204,-0.977,0,0.215,0,1,0,-0.215,0,-0.977],"_humanoidState":5,"_cameraCFrame":[763.507,247.295,38.294,-0.998,-0.065,0.011,0,0.174,0.985,-0.066,0.983,-0.173],"_shiftlockState":true,"_pose":"FreeFall","_animationQueue":[],"_animationSpeed":1,"_zoom":16.125},{"_mousePosition":[683,357.5],"_rootPartCFrame":[764.803,229.919,41.181,-0.98,0,0.198,0,1,0,-0.198,0,-0.98],"_humanoidState":5,"_cameraCFrame":[763.197,247.299,38.296,-0.999,-0.05,0.009,0,0.174,0.985,-0.051,0.984,-0.173],"_shiftlockState":true,"_pose":"FreeFall","_animationQueue":[],"_animationSpeed":1,"_zoom":16.125},{"_mousePosition":[683,357.5],"_rootPartCFrame":[764.536,229.869,41.163,-0.983,0,0.183,0,1,0,-0.183,0,-0.983],"_humanoidState":5,"_cameraCFrame":[762.888,247.249,38.302,-0.999,-0.035,0.006,0,0.174,0.985,-0.036,0.984,-0.174],"_shiftlockState":true,"_pose":"FreeFall","_animationQueue":[],"_animationSpeed":1,"_zoom":16.125},{"_mousePosition":[683,357.5],"_rootPartCFrame":[764.337,229.796,41.152,-0.991,0,0.135,0,1,0,-0.135,0,-0.991],"_humanoidState":5,"_cameraCFrame":[762.659,247.176,38.308,-1,-0.025,0.004,0,0.174,0.985,-0.026,0.984,-0.174],"_shiftlockState":true,"_pose":"FreeFall","_animationQueue":[],"_animationSpeed":1,"_zoom":16.125},{"_mousePosition":[683,357.5],"_rootPartCFrame":[764.004,229.606,41.14,-0.982,0,0.191,0,1,0,-0.191,0,-0.982],"_humanoidState":5,"_cameraCFrame":[762.319,246.986,38.3,-1,-0.023,0.004,0,0.174,0.985,-0.023,0.985,-0.174],"_shiftlockState":true,"_pose":"FreeFall","_animationQueue":[],"_animationSpeed":1,"_zoom":16.125},{"_mousePosition":[683,357.5],"_rootPartCFrame":[763.737,229.393,41.132,-0.988,0,0.156,0,1,0,-0.156,0,-0.988],"_humanoidState":5,"_cameraCFrame":[762.052,246.773,38.292,-1,-0.023,0.004,0,0.174,0.985,-0.023,0.985,-0.174],"_shiftlockState":true,"_pose":"FreeFall","_animationQueue":[],"_animationSpeed":1,"_zoom":16.125},{"_mousePosition":[683,357.5],"_rootPartCFrame":[763.537,229.197,41.128,-0.992,0,0.123,0,1,0,-0.123,0,-0.992],"_humanoidState":5,"_cameraCFrame":[761.845,246.577,38.292,-1,-0.02,0.004,0,0.174,0.985,-0.021,0.985,-0.174],"_shiftlockState":true,"_pose":"FreeFall","_animationQueue":[["fall",0.3]],"_animationSpeed":1,"_zoom":16.125},{"_mousePosition":[683,357.5],"_rootPartCFrame":[763.204,228.802,41.12,-0.983,0,0.186,0,1,0,-0.186,0,-0.983],"_humanoidState":5,"_cameraCFrame":[761.483,246.182,38.302,-1,-0.01,0.002,0,0.174,0.985,-0.01,0.985,-0.174],"_shiftlockState":true,"_pose":"FreeFall","_animationQueue":[],"_animationSpeed":1,"_zoom":16.125},{"_mousePosition":[683,357.5],"_rootPartCFrame":[762.939,228.428,41.085,-0.991,-0.001,0.136,-0.001,1,0,-0.136,0,-0.991],"_humanoidState":5,"_cameraCFrame":[761.182,245.808,38.288,-1,0.002,0,0,0.174,0.985,0.002,0.985,-0.174],"_shiftlockState":true,"_pose":"FreeFall","_animationQueue":[],"_animationSpeed":1,"_zoom":16.125},{"_mousePosition":[683,357.5],"_rootPartCFrame":[762.743,228.12,41.026,-0.996,-0.001,0.089,-0.001,1,-0.001,-0.089,-0.001,-0.996],"_humanoidState":5,"_cameraCFrame":[760.93,245.5,38.265,-1,0.022,-0.004,0,0.174,0.985,0.022,0.985,-0.174],"_shiftlockState":true,"_pose":"FreeFall","_animationQueue":[],"_animationSpeed":1,"_zoom":16.125},{"_mousePosition":[683,357.5],"_rootPartCFrame":[762.414,227.538,40.977,-0.99,0,0.142,0,1,0,-0.142,0,-0.99],"_humanoidState":5,"_cameraCFrame":[760.497,244.918,38.288,-0.998,0.059,-0.01,0,0.174,0.985,0.06,0.983,-0.173],"_shiftlockState":true,"_pose":"FreeFall","_animationQueue":[],"_animationSpeed":1,"_zoom":16.125},{"_mousePosition":[683,357.5],"_rootPartCFrame":[762.148,227.011,40.977,-0.997,0,0.073,0,1,0,-0.073,0,-0.997],"_humanoidState":5,"_cameraCFrame":[760.171,244.391,38.332,-0.997,0.082,-0.014,0,0.174,0.985,0.083,0.981,-0.173],"_shiftlockState":true,"_pose":"FreeFall","_animationQueue":[],"_animationSpeed":1,"_zoom":16.125},{"_mousePosition":[683,357.5],"_rootPartCFrame":[761.881,226.43,40.992,-0.999,0,0.05,0,1,0,-0.05,0,-0.999],"_humanoidState":5,"_cameraCFrame":[759.852,243.81,38.388,-0.995,0.102,-0.018,0,0.174,0.985,0.103,0.98,-0.173],"_shiftlockState":true,"_pose":"FreeFall","_animationQueue":[["fall",0.3]],"_animationSpeed":1,"_zoom":16.125},{"_mousePosition":[683,357.5],"_rootPartCFrame":[761.615,225.794,41.013,-1,0,0.03,0,1,0,-0.03,0,-1],"_humanoidState":5,"_cameraCFrame":[759.546,243.174,38.44,-0.993,0.117,-0.021,0,0.174,0.985,0.118,0.978,-0.172],"_shiftlockState":true,"_pose":"FreeFall","_animationQueue":[],"_animationSpeed":1,"_zoom":16.125},{"_mousePosition":[683,357.5],"_rootPartCFrame":[761.416,225.95,41.033,-0.996,0,-0.086,0,1,0,0.086,0,-0.996],"_humanoidState":7,"_cameraCFrame":[759.309,243.33,38.491,-0.991,0.131,-0.023,0,0.174,0.985,0.133,0.976,-0.172],"_shiftlockState":true,"_pose":"FreeFall","_animationQueue":[["walk",0.1],["fall",0.3],["fall",0.3]],"_animationSpeed":1,"_zoom":16.125},{"_mousePosition":[683,357.5],"_rootPartCFrame":[761.153,226.426,41.031,-0.993,-0.001,-0.114,-0.001,1,0,0.114,0,-0.993],"_humanoidState":7,"_cameraCFrame":[759.018,243.806,38.51,-0.99,0.141,-0.025,0,0.174,0.985,0.143,0.975,-0.172],"_shiftlockState":true,"_pose":"FreeFall","_animationQueue":[],"_animationSpeed":1,"_zoom":16.125},{"_mousePosition":[683,357.5],"_rootPartCFrame":[760.827,226.818,41.026,-0.993,-0.002,-0.119,-0.002,1,0,0.119,0,-0.993],"_humanoidState":8,"_cameraCFrame":[758.69,244.198,38.505,-0.99,0.141,-0.025,0,0.174,0.985,0.143,0.975,-0.172],"_shiftlockState":true,"_pose":"Running","_animationQueue":[["walk",0.1],["fall",0.3],["walk",0.1]],"_animationSpeed":1.09,"_zoom":16.125},{"_mousePosition":[683,357.5],"_rootPartCFrame":[760.845,226.917,41.032,-0.997,-0.001,-0.072,0,1,-0.01,0.072,-0.01,-0.997],"_humanoidState":8,"_cameraCFrame":[760.442,244.297,38.246,-0.99,0.141,-0.025,0,0.174,0.985,0.143,0.975,-0.172],"_shiftlockState":false,"_pose":"Running","_animationQueue":[],"_animationSpeed":1.09,"_zoom":16.125},{"_mousePosition":[683,357.5],"_rootPartCFrame":[760.804,228.242,41.083,-1,0.001,0.004,0.001,1,-0.013,-0.004,-0.013,-1],"_humanoidState":3,"_cameraCFrame":[760.404,245.622,38.292,-0.99,0.141,-0.025,0,0.174,0.985,0.143,0.975,-0.172],"_shiftlockState":false,"_pose":"Jumping","_animationQueue":[["walk",0.1],["walk",0.1],["jump",0.1]],"_animationSpeed":1,"_zoom":16.125},{"_mousePosition":[683,357.5],"_rootPartCFrame":[760.796,228.898,41.098,-1,0,0.024,-0.001,1,-0.008,-0.024,-0.008,-1],"_humanoidState":3,"_cameraCFrame":[760.404,246.245,38.127,-0.991,0.129,-0.024,0,0.185,0.983,0.131,0.974,-0.184],"_shiftlockState":false,"_pose":"Jumping","_animationQueue":[],"_animationSpeed":1,"_zoom":16.125},{"_mousePosition":[683,357],"_rootPartCFrame":[760.803,229.782,41.1,-1,-0.011,0.006,-0.011,1,0.019,-0.006,0.019,-1],"_humanoidState":3,"_cameraCFrame":[760.395,247.128,38.168,-0.991,0.129,-0.024,0,0.185,0.983,0.131,0.974,-0.184],"_shiftlockState":false,"_pose":"Jumping","_animationQueue":[],"_animationSpeed":1,"_zoom":16.125},{"_mousePosition":[690,348],"_rootPartCFrame":[760.805,230.63,41.091,-1,-0.008,-0.003,-0.008,1,0.013,0.003,0.013,-1],"_humanoidState":5,"_cameraCFrame":[760.403,247.976,38.15,-0.991,0.129,-0.024,0,0.185,0.983,0.131,0.974,-0.184],"_shiftlockState":false,"_pose":"FreeFall","_animationQueue":[["jump",0.1]],"_animationSpeed":1,"_zoom":16.125},{"_mousePosition":[694,343],"_rootPartCFrame":[760.807,231.423,41.088,-1,-0.002,-0.004,-0.002,1,0.004,0.004,0.004,-1],"_humanoidState":5,"_cameraCFrame":[760.413,248.77,38.134,-0.991,0.129,-0.024,0,0.185,0.983,0.131,0.974,-0.184],"_shiftlockState":false,"_pose":"FreeFall","_animationQueue":[],"_animationSpeed":1,"_zoom":16.125},{"_mousePosition":[706,326],"_rootPartCFrame":[760.807,232.162,41.087,-1,0,-0.004,0,1,0,0.004,0,-1],"_humanoidState":5,"_cameraCFrame":[760.416,249.509,38.128,-0.991,0.129,-0.024,0,0.185,0.983,0.131,0.974,-0.184],"_shiftlockState":false,"_pose":"FreeFall","_animationQueue":[],"_animationSpeed":1,"_zoom":16.125},{"_mousePosition":[722,303],"_rootPartCFrame":[760.808,232.847,41.087,-1,0,-0.004,0,1,0,0.004,0,-1],"_humanoidState":5,"_cameraCFrame":[760.417,250.193,38.127,-0.991,0.129,-0.024,0,0.185,0.983,0.131,0.974,-0.184],"_shiftlockState":false,"_pose":"FreeFall","_animationQueue":[],"_animationSpeed":1,"_zoom":16.125},{"_mousePosition":[727,294],"_rootPartCFrame":[760.808,233.477,41.087,-1,0,-0.004,0,1,0,0.004,0,-1],"_humanoidState":5,"_cameraCFrame":[760.417,250.823,38.127,-0.991,0.129,-0.024,0,0.185,0.983,0.131,0.974,-0.184],"_shiftlockState":false,"_pose":"FreeFall","_animationQueue":[],"_animationSpeed":1,"_zoom":16.125},{"_mousePosition":[737,271],"_rootPartCFrame":[760.808,233.914,41.087,-1,0,-0.004,0,1,0,0.004,0,-1],"_humanoidState":5,"_cameraCFrame":[760.417,251.26,38.127,-0.991,0.129,-0.024,0,0.185,0.983,0.131,0.974,-0.184],"_shiftlockState":false,"_pose":"FreeFall","_animationQueue":[],"_animationSpeed":1,"_zoom":16.125},{"_mousePosition":[747,236],"_rootPartCFrame":[760.808,234.574,41.087,-1,0,-0.004,0,1,0,0.004,0,-1],"_humanoidState":5,"_cameraCFrame":[760.417,251.92,38.127,-0.991,0.129,-0.024,0,0.185,0.983,0.131,0.974,-0.184],"_shiftlockState":false,"_pose":"FreeFall","_animationQueue":[],"_animationSpeed":1,"_zoom":16.125},{"_mousePosition":[758,195],"_rootPartCFrame":[760.808,234.929,41.087,-1,0,-0.004,0,1,0,0.004,0,-1],"_humanoidState":5,"_cameraCFrame":[760.417,252.275,38.127,-0.991,0.129,-0.024,0,0.185,0.983,0.131,0.974,-0.184],"_shiftlockState":false,"_pose":"FreeFall","_animationQueue":[],"_animationSpeed":1,"_zoom":16.125},{"_mousePosition":[766,151],"_rootPartCFrame":[760.808,235.452,41.087,-1,0,-0.004,0,1,0,0.004,0,-1],"_humanoidState":5,"_cameraCFrame":[760.417,252.799,38.127,-0.991,0.129,-0.024,0,0.185,0.983,0.131,0.974,-0.184],"_shiftlockState":false,"_pose":"FreeFall","_animationQueue":[],"_animationSpeed":1,"_zoom":16.125},{"_mousePosition":[770,73],"_rootPartCFrame":[760.808,235.81,41.087,-1,0,-0.004,0,1,0,0.004,0,-1],"_humanoidState":5,"_cameraCFrame":[760.417,253.156,38.127,-0.991,0.129,-0.024,0,0.185,0.983,0.131,0.974,-0.184],"_shiftlockState":false,"_pose":"FreeFall","_animationQueue":[],"_animationSpeed":1,"_zoom":16.125},{"_mousePosition":[772,45],"_rootPartCFrame":[760.808,236.113,41.087,-1,0,-0.004,0,1,0,0.004,0,-1],"_humanoidState":5,"_cameraCFrame":[760.417,253.459,38.127,-0.991,0.129,-0.024,0,0.185,0.983,0.131,0.974,-0.184],"_shiftlockState":false,"_pose":"FreeFall","_animationQueue":[],"_animationSpeed":1,"_zoom":16.125},{"_mousePosition":[772,45],"_rootPartCFrame":[760.808,236.304,41.087,-1,0,-0.004,0,1,0,0.004,0,-1],"_humanoidState":5,"_cameraCFrame":[760.417,253.651,38.127,-0.991,0.129,-0.024,0,0.185,0.983,0.131,0.974,-0.184],"_shiftlockState":false,"_pose":"FreeFall","_animationQueue":[],"_animationSpeed":1,"_zoom":16.125},{"_mousePosition":[772,45],"_rootPartCFrame":[760.808,236.556,41.087,-1,0,-0.004,0,1,0,0.004,0,-1],"_humanoidState":5,"_cameraCFrame":[760.417,253.902,38.127,-0.991,0.129,-0.024,0,0.185,0.983,0.131,0.974,-0.184],"_shiftlockState":false,"_pose":"FreeFall","_animationQueue":[],"_animationSpeed":1,"_zoom":16.125},{"_mousePosition":[772,45],"_rootPartCFrame":[760.808,236.695,41.087,-1,0,-0.004,0,1,0,0.004,0,-1],"_humanoidState":5,"_cameraCFrame":[760.417,254.041,38.127,-0.991,0.129,-0.024,0,0.185,0.983,0.131,0.974,-0.184],"_shiftlockState":false,"_pose":"FreeFall","_animationQueue":[],"_animationSpeed":1,"_zoom":16.125},{"_mousePosition":[772,45],"_rootPartCFrame":[760.808,236.78,41.087,-1,0,-0.004,0,1,0,0.004,0,-1],"_humanoidState":5,"_cameraCFrame":[760.417,254.126,38.127,-0.991,0.129,-0.024,0,0.185,0.983,0.131,0.974,-0.184],"_shiftlockState":false,"_pose":"FreeFall","_animationQueue":[],"_animationSpeed":1,"_zoom":16.125},{"_mousePosition":[772,45],"_rootPartCFrame":[760.808,236.811,41.087,-1,0,-0.004,0,1,0,0.004,0,-1],"_humanoidState":5,"_cameraCFrame":[760.417,254.157,38.127,-0.991,0.129,-0.024,0,0.185,0.983,0.131,0.974,-0.184],"_shiftlockState":false,"_pose":"FreeFall","_animationQueue":[],"_animationSpeed":1,"_zoom":16.125},{"_mousePosition":[772,45],"_rootPartCFrame":[760.808,236.798,41.087,-1,0,-0.004,0,1,0,0.004,0,-1],"_humanoidState":5,"_cameraCFrame":[760.417,254.144,38.127,-0.991,0.129,-0.024,0,0.185,0.983,0.131,0.974,-0.184],"_shiftlockState":false,"_pose":"FreeFall","_animationQueue":[],"_animationSpeed":1,"_zoom":16.125},{"_mousePosition":[772,45],"_rootPartCFrame":[760.808,236.733,41.087,-1,0,-0.004,0,1,0,0.004,0,-1],"_humanoidState":5,"_cameraCFrame":[760.417,254.079,38.127,-0.991,0.129,-0.024,0,0.185,0.983,0.131,0.974,-0.184],"_shiftlockState":false,"_pose":"FreeFall","_animationQueue":[],"_animationSpeed":1,"_zoom":16.125},{"_mousePosition":[772,45],"_rootPartCFrame":[760.808,236.614,41.087,-1,0,-0.004,0,1,0,0.004,0,-1],"_humanoidState":5,"_cameraCFrame":[760.417,253.96,38.127,-0.991,0.129,-0.024,0,0.185,0.983,0.131,0.974,-0.184],"_shiftlockState":false,"_pose":"FreeFall","_animationQueue":[["fall",0.3]],"_animationSpeed":1,"_zoom":16.125},{"_mousePosition":[772,45],"_rootPartCFrame":[760.808,236.388,41.087,-1,0,-0.004,0,1,0,0.004,0,-1],"_humanoidState":5,"_cameraCFrame":[760.417,253.734,38.127,-0.991,0.129,-0.024,0,0.185,0.983,0.131,0.974,-0.184],"_shiftlockState":false,"_pose":"FreeFall","_animationQueue":[],"_animationSpeed":1,"_zoom":16.125},{"_mousePosition":[772,45],"_rootPartCFrame":[760.808,236.212,41.087,-1,0,-0.004,0,1,0,0.004,0,-1],"_humanoidState":5,"_cameraCFrame":[760.417,253.558,38.127,-0.991,0.129,-0.024,0,0.185,0.983,0.131,0.974,-0.184],"_shiftlockState":false,"_pose":"FreeFall","_animationQueue":[],"_animationSpeed":1,"_zoom":16.125},{"_mousePosition":[772,45],"_rootPartCFrame":[760.808,235.929,41.087,-1,0,-0.004,0,1,0,0.004,0,-1],"_humanoidState":5,"_cameraCFrame":[760.417,253.275,38.127,-0.991,0.129,-0.024,0,0.185,0.983,0.131,0.974,-0.184],"_shiftlockState":false,"_pose":"FreeFall","_animationQueue":[],"_animationSpeed":1,"_zoom":16.125},{"_mousePosition":[772,45],"_rootPartCFrame":[760.808,235.499,41.087,-1,0,-0.004,0,1,0,0.004,0,-1],"_humanoidState":5,"_cameraCFrame":[760.417,252.845,38.127,-0.991,0.129,-0.024,0,0.185,0.983,0.131,0.974,-0.184],"_shiftlockState":false,"_pose":"FreeFall","_animationQueue":[],"_animationSpeed":1,"_zoom":16.125},{"_mousePosition":[772,45],"_rootPartCFrame":[760.808,235.2,41.087,-1,0,-0.004,0,1,0,0.004,0,-1],"_humanoidState":5,"_cameraCFrame":[760.417,252.546,38.127,-0.991,0.129,-0.024,0,0.185,0.983,0.131,0.974,-0.184],"_shiftlockState":false,"_pose":"FreeFall","_animationQueue":[],"_animationSpeed":1,"_zoom":16.125},{"_mousePosition":[772,45],"_rootPartCFrame":[760.808,234.753,41.087,-1,0,-0.004,0,1,0,0.004,0,-1],"_humanoidState":5,"_cameraCFrame":[760.417,252.1,38.127,-0.991,0.129,-0.024,0,0.185,0.983,0.131,0.974,-0.184],"_shiftlockState":false,"_pose":"FreeFall","_animationQueue":[],"_animationSpeed":1,"_zoom":16.125},{"_mousePosition":[772,45],"_rootPartCFrame":[760.808,234.252,41.087,-1,0,-0.004,0,1,0,0.004,0,-1],"_humanoidState":5,"_cameraCFrame":[760.417,251.599,38.127,-0.991,0.129,-0.024,0,0.185,0.983,0.131,0.974,-0.184],"_shiftlockState":false,"_pose":"FreeFall","_animationQueue":[["fall",0.3]],"_animationSpeed":1,"_zoom":16.125},{"_mousePosition":[772,45],"_rootPartCFrame":[760.808,233.697,41.087,-1,0,-0.004,0,1,0,0.004,0,-1],"_humanoidState":5,"_cameraCFrame":[760.417,251.043,38.127,-0.991,0.129,-0.024,0,0.185,0.983,0.131,0.974,-0.184],"_shiftlockState":false,"_pose":"FreeFall","_animationQueue":[],"_animationSpeed":1,"_zoom":16.125},{"_mousePosition":[772,45],"_rootPartCFrame":[760.808,232.926,41.087,-1,0,-0.004,0,1,0,0.004,0,-1],"_humanoidState":5,"_cameraCFrame":[760.417,250.273,38.127,-0.991,0.129,-0.024,0,0.185,0.983,0.131,0.974,-0.184],"_shiftlockState":false,"_pose":"FreeFall","_animationQueue":[],"_animationSpeed":1,"_zoom":16.125},{"_mousePosition":[772,45],"_rootPartCFrame":[760.811,232.248,41.112,-1,0,-0.016,0,1,0,0.016,0,-1],"_humanoidState":5,"_cameraCFrame":[760.42,249.595,38.152,-0.991,0.129,-0.024,0,0.185,0.983,0.131,0.974,-0.184],"_shiftlockState":false,"_pose":"FreeFall","_animationQueue":[],"_animationSpeed":1,"_zoom":16.125},{"_mousePosition":[772,45],"_rootPartCFrame":[760.835,231.709,41.118,-1,0.002,-0.012,0.002,1,0,0.012,0,-1],"_humanoidState":5,"_cameraCFrame":[760.446,249.055,38.158,-0.991,0.129,-0.024,0,0.185,0.983,0.131,0.974,-0.184],"_shiftlockState":false,"_pose":"FreeFall","_animationQueue":[],"_animationSpeed":1,"_zoom":16.125},{"_mousePosition":[772,45],"_rootPartCFrame":[760.859,230.945,41.106,-1,0.001,-0.021,0.001,1,0,0.021,0,-1],"_humanoidState":5,"_cameraCFrame":[760.47,248.292,38.146,-0.991,0.129,-0.024,0,0.185,0.983,0.131,0.974,-0.184],"_shiftlockState":false,"_pose":"FreeFall","_animationQueue":[],"_animationSpeed":1,"_zoom":16.125},{"_mousePosition":[772,45],"_rootPartCFrame":[760.901,230.128,41.108,-1,0.001,-0.03,0.001,1,0,0.03,0,-1],"_humanoidState":5,"_cameraCFrame":[760.512,247.475,38.148,-0.991,0.129,-0.024,0,0.185,0.983,0.131,0.974,-0.184],"_shiftlockState":false,"_pose":"FreeFall","_animationQueue":[["fall",0.3]],"_animationSpeed":1,"_zoom":16.125},{"_mousePosition":[772,45],"_rootPartCFrame":[760.994,229.036,41.099,-0.999,0.001,-0.039,0.001,1,0,0.039,0,-0.999],"_humanoidState":5,"_cameraCFrame":[760.605,246.382,38.139,-0.991,0.129,-0.024,0,0.185,0.983,0.131,0.974,-0.184],"_shiftlockState":false,"_pose":"FreeFall","_animationQueue":[],"_animationSpeed":1,"_zoom":16.125},{"_mousePosition":[772,45],"_rootPartCFrame":[761.053,228.342,41.097,-0.999,0.001,-0.042,0.001,1,0,0.042,0,-0.999],"_humanoidState":5,"_cameraCFrame":[760.664,245.688,38.137,-0.991,0.129,-0.024,0,0.185,0.983,0.131,0.974,-0.184],"_shiftlockState":false,"_pose":"FreeFall","_animationQueue":[],"_animationSpeed":1,"_zoom":16.125},{"_mousePosition":[772,45],"_rootPartCFrame":[761.144,227.126,41.111,-0.999,0.002,-0.037,0.002,1,0,0.037,0,-0.999],"_humanoidState":5,"_cameraCFrame":[760.756,244.472,38.151,-0.991,0.129,-0.024,0,0.185,0.983,0.131,0.974,-0.184],"_shiftlockState":false,"_pose":"FreeFall","_animationQueue":[],"_animationSpeed":1,"_zoom":16.125},{"_mousePosition":[772,45],"_rootPartCFrame":[761.122,226.932,41.131,-1,-0.002,0.014,-0.002,1,-0.026,-0.014,-0.026,-1],"_humanoidState":7,"_cameraCFrame":[760.729,244.278,38.131,-0.991,0.129,-0.024,0,0.185,0.983,0.131,0.974,-0.184],"_shiftlockState":false,"_pose":"FreeFall","_animationQueue":[["walk",0.1],["fall",0.3],["fall",0.3]],"_animationSpeed":1,"_zoom":16.125},{"_mousePosition":[772,45],"_rootPartCFrame":[761.045,227.01,41.138,-1,0.003,0.004,0.002,1,-0.012,-0.004,-0.012,-1],"_humanoidState":7,"_cameraCFrame":[760.658,244.356,38.16,-0.991,0.129,-0.024,0,0.185,0.983,0.131,0.974,-0.184],"_shiftlockState":false,"_pose":"FreeFall","_animationQueue":[],"_animationSpeed":1,"_zoom":16.125},{"_mousePosition":[772,45],"_rootPartCFrame":[760.945,227.071,41.134,-1,0.008,0.003,0.008,1,-0.014,-0.003,-0.014,-1],"_humanoidState":8,"_cameraCFrame":[760.566,244.417,38.153,-0.991,0.129,-0.024,0,0.185,0.983,0.131,0.974,-0.184],"_shiftlockState":false,"_pose":"Running","_animationQueue":[["fall",0.3],["walk",0.1],["fall",0.3],["walk",0.1]],"_animationSpeed":0.393,"_zoom":16.125},{"_mousePosition":[772,45],"_rootPartCFrame":[760.842,227.954,41.117,-1,0.012,0.002,0.012,1,-0.022,-0.003,-0.022,-1],"_humanoidState":3,"_cameraCFrame":[760.47,245.3,38.124,-0.991,0.129,-0.024,0,0.185,0.983,0.131,0.974,-0.184],"_shiftlockState":false,"_pose":"Jumping","_animationQueue":[["walk",0.1],["jump",0.1]],"_animationSpeed":1,"_zoom":16.125},{"_mousePosition":[772,45],"_rootPartCFrame":[760.943,231.474,41.005,-1,0.003,0.005,0.004,1,0.02,-0.005,0.02,-1],"_humanoidState":3,"_cameraCFrame":[760.557,248.82,38.075,-0.991,0.129,-0.024,0,0.185,0.983,0.131,0.974,-0.184],"_shiftlockState":false,"_pose":"Jumping","_animationQueue":[],"_animationSpeed":1,"_zoom":16.125},{"_mousePosition":[772,45],"_rootPartCFrame":[760.971,232.324,40.982,-1,0.003,0.007,0.003,1,0.013,-0.007,0.013,-1],"_humanoidState":5,"_cameraCFrame":[760.584,249.67,38.042,-0.991,0.129,-0.024,0,0.185,0.983,0.131,0.974,-0.184],"_shiftlockState":false,"_pose":"FreeFall","_animationQueue":[["jump",0.1]],"_animationSpeed":1,"_zoom":16.125},{"_mousePosition":[772,45],"_rootPartCFrame":[760.973,232.728,40.978,-1,0.002,0.007,0.002,1,0.008,-0.007,0.008,-1],"_humanoidState":5,"_cameraCFrame":[760.585,250.074,38.03,-0.991,0.129,-0.024,0,0.185,0.983,0.131,0.974,-0.184],"_shiftlockState":false,"_pose":"FreeFall","_animationQueue":[],"_animationSpeed":1,"_zoom":16.125},{"_mousePosition":[772,45],"_rootPartCFrame":[760.973,233.309,40.976,-1,0.001,0.008,0.001,1,0.003,-0.008,0.003,-1],"_humanoidState":5,"_cameraCFrame":[760.583,250.655,38.02,-0.991,0.129,-0.024,0,0.185,0.983,0.131,0.974,-0.184],"_shiftlockState":false,"_pose":"FreeFall","_animationQueue":[],"_animationSpeed":1,"_zoom":16.125},{"_mousePosition":[772,45],"_rootPartCFrame":[760.973,234.035,40.976,-1,0,0.008,0,1,0,-0.008,0,-1],"_humanoidState":5,"_cameraCFrame":[760.583,251.382,38.016,-0.991,0.129,-0.024,0,0.185,0.983,0.131,0.974,-0.184],"_shiftlockState":false,"_pose":"FreeFall","_animationQueue":[],"_animationSpeed":1,"_zoom":16.125},{"_mousePosition":[772,45],"_rootPartCFrame":[760.973,234.708,40.976,-1,0,0.008,0,1,0,-0.008,0,-1],"_humanoidState":5,"_cameraCFrame":[760.582,252.054,38.015,-0.991,0.129,-0.024,0,0.185,0.983,0.131,0.974,-0.184],"_shiftlockState":false,"_pose":"FreeFall","_animationQueue":[],"_animationSpeed":1,"_zoom":16.125},{"_mousePosition":[772,45],"_rootPartCFrame":[760.973,235.176,40.976,-1,0,0.008,0,1,0,-0.008,0,-1],"_humanoidState":5,"_cameraCFrame":[760.582,252.522,38.016,-0.991,0.129,-0.024,0,0.185,0.983,0.131,0.974,-0.184],"_shiftlockState":false,"_pose":"FreeFall","_animationQueue":[],"_animationSpeed":1,"_zoom":16.125},{"_mousePosition":[772,45],"_rootPartCFrame":[760.973,235.888,40.976,-1,0,0.008,0,1,0,-0.008,0,-1],"_humanoidState":5,"_cameraCFrame":[760.583,253.235,38.016,-0.991,0.129,-0.024,0,0.185,0.983,0.131,0.974,-0.184],"_shiftlockState":false,"_pose":"FreeFall","_animationQueue":[],"_animationSpeed":1,"_zoom":16.125},{"_mousePosition":[772,45],"_rootPartCFrame":[760.973,236.397,40.976,-1,0,0.008,0,1,0,-0.008,0,-1],"_humanoidState":5,"_cameraCFrame":[760.583,253.743,38.016,-0.991,0.129,-0.024,0,0.185,0.983,0.131,0.974,-0.184],"_shiftlockState":false,"_pose":"FreeFall","_animationQueue":[],"_animationSpeed":1,"_zoom":16.125},{"_mousePosition":[772,45],"_rootPartCFrame":[760.973,236.851,40.976,-1,0,0.008,0,1,0,-0.008,0,-1],"_humanoidState":5,"_cameraCFrame":[760.583,254.198,38.016,-0.991,0.129,-0.024,0,0.185,0.983,0.131,0.974,-0.184],"_shiftlockState":false,"_pose":"FreeFall","_animationQueue":[],"_animationSpeed":1,"_zoom":16.125},{"_mousePosition":[772,45],"_rootPartCFrame":[760.977,237.251,41,-1,0,-0.005,0,1,0,0.005,0,-1],"_humanoidState":5,"_cameraCFrame":[760.586,254.597,38.04,-0.991,0.129,-0.024,0,0.185,0.983,0.131,0.974,-0.184],"_shiftlockState":false,"_pose":"FreeFall","_animationQueue":[],"_animationSpeed":1,"_zoom":16.125},{"_mousePosition":[772,45],"_rootPartCFrame":[760.985,237.596,41.064,-1,0,-0.022,0,1,0,0.022,0,-1],"_humanoidState":5,"_cameraCFrame":[760.594,254.942,38.104,-0.991,0.129,-0.024,0,0.185,0.983,0.131,0.974,-0.184],"_shiftlockState":false,"_pose":"FreeFall","_animationQueue":[],"_animationSpeed":1,"_zoom":16.125},{"_mousePosition":[772,45],"_rootPartCFrame":[760.995,237.819,41.138,-0.999,0,-0.033,0,1,0,0.033,0,-0.999],"_humanoidState":5,"_cameraCFrame":[760.604,255.166,38.178,-0.991,0.129,-0.024,0,0.185,0.983,0.131,0.974,-0.184],"_shiftlockState":false,"_pose":"FreeFall","_animationQueue":[],"_animationSpeed":1,"_zoom":16.125},{"_mousePosition":[772,45],"_rootPartCFrame":[761.046,238.1,41.135,-1,-0.003,-0.009,-0.003,1,0.012,0.009,0.012,-1],"_humanoidState":5,"_cameraCFrame":[760.651,255.446,38.192,-0.991,0.129,-0.024,0,0.185,0.983,0.131,0.974,-0.184],"_shiftlockState":false,"_pose":"FreeFall","_animationQueue":[],"_animationSpeed":1,"_zoom":16.125},{"_mousePosition":[772,45],"_rootPartCFrame":[761.082,238.262,41.158,-1,-0.001,-0.021,-0.001,1,0.004,0.021,0.005,-1],"_humanoidState":5,"_cameraCFrame":[760.689,255.609,38.205,-0.991,0.129,-0.024,0,0.185,0.983,0.131,0.974,-0.184],"_shiftlockState":false,"_pose":"FreeFall","_animationQueue":[],"_animationSpeed":1,"_zoom":16.125},{"_mousePosition":[772,45],"_rootPartCFrame":[761.117,238.371,41.222,-0.999,0,-0.036,0,1,0.001,0.036,0.001,-0.999],"_humanoidState":5,"_cameraCFrame":[760.726,255.717,38.263,-0.991,0.129,-0.024,0,0.185,0.983,0.131,0.974,-0.184],"_shiftlockState":false,"_pose":"FreeFall","_animationQu