[{"_mousePosition":[806,403],"_rootPartCFrame":[776.028,222.7,47.142,0,0,1,0,1,0,-1,0,0],"_humanoidState":8,"_cameraCFrame":[776.667,239.984,43.908,-0.981,-0.19,0.04,0,0.204,0.979,-0.194,0.96,-0.201],"_shiftlockState":false,"_pose":"Standing","_animationQueue":[],"_animationSpeed":1,"_zoom":16.125},{"_mousePosition":[806,403],"_rootPartCFrame":[775.656,222.7,47.064,0.043,0,0.999,0,1,0,-0.999,0,0.043],"_humanoidState":8,"_cameraCFrame":[776.24,240.009,43.945,-0.983,-0.18,0.036,0,0.197,0.98,-0.184,0.964,-0.193],"_shiftlockState":false,"_pose":"Standing","_animationQueue":[],"_animationSpeed":1,"_zoom":16.125},{"_mousePosition":[806,403],"_rootPartCFrame":[775.526,222.7,47.038,0.054,0,0.999,0,1,0,-0.999,0,0.054],"_humanoidState":8,"_cameraCFrame":[776.09,240.022,43.978,-0.983,-0.178,0.035,0,0.193,0.981,-0.181,0.965,-0.19],"_shiftlockState":false,"_pose":"Running","_animationQueue":[["walk",0.1]],"_animationSpeed":1.098,"_zoom":16.125},{"_mousePosition":[806,403],"_rootPartCFrame":[775.395,222.7,47.013,0.063,0,0.998,0,1,0,-0.998,0,0.063],"_humanoidState":8,"_cameraCFrame":[775.941,240.034,44.013,-0.984,-0.176,0.034,0,0.189,0.982,-0.179,0.966,-0.186],"_shiftlockState":false,"_pose":"Running","_animationQueue":[],"_animationSpeed":1.098,"_zoom":16.125},{"_mousePosition":[806,403],"_rootPartCFrame":[775.002,222.7,46.941,0.087,0,0.996,0,1,0,-0.996,0,0.087],"_humanoidState":8,"_cameraCFrame":[775.529,240.045,43.999,-0.984,-0.173,0.033,0,0.185,0.983,-0.176,0.967,-0.182],"_shiftlockState":false,"_pose":"Running","_animationQueue":[],"_animationSpeed":1.098,"_zoom":16.125},{"_mousePosition":[806,403],"_rootPartCFrame":[774.87,222.7,46.917,0.093,0,0.996,0,1,0,-0.996,0,0.093],"_humanoidState":8,"_cameraCFrame":[775.358,240.057,44.031,-0.986,-0.164,0.03,0,0.181,0.983,-0.166,0.97,-0.179],"_shiftlockState":false,"_pose":"Running","_animationQueue":[],"_animationSpeed":1.098,"_zoom":16.125},{"_mousePosition":[806,403],"_rootPartCFrame":[774.477,222.7,46.846,0.11,0,0.994,0,1,0,-0.994,0,0.11],"_humanoidState":8,"_cameraCFrame":[774.901,240.08,44.078,-0.988,-0.149,0.026,0,0.174,0.985,-0.151,0.973,-0.172],"_shiftlockState":false,"_pose":"Running","_animationQueue":[],"_animationSpeed":1.098,"_zoom":16.125},{"_mousePosition":[806,403],"_rootPartCFrame":[774.214,222.7,46.802,0.118,0,0.993,0,1,0,-0.993,0,0.118],"_humanoidState":8,"_cameraCFrame":[774.596,240.08,44.028,-0.991,-0.134,0.024,0,0.174,0.985,-0.136,0.976,-0.172],"_shiftlockState":false,"_pose":"Running","_animationQueue":[],"_animationSpeed":1.098,"_zoom":16.125},{"_mousePosition":[806,403],"_rootPartCFrame":[774.082,222.7,46.781,0.12,0,0.993,0,1,0,-0.993,0,0.12],"_humanoidState":8,"_cameraCFrame":[774.422,240.08,44.002,-0.993,-0.12,0.021,0,0.174,0.985,-0.121,0.978,-0.172],"_shiftlockState":false,"_pose":"Running","_animationQueue":[],"_animationSpeed":1.098,"_zoom":16.125},{"_mousePosition":[806,403],"_rootPartCFrame":[773.818,222.7,46.744,0.123,0,0.992,0,1,0,-0.992,0,0.123],"_humanoidState":8,"_cameraCFrame":[774.109,240.08,43.959,-0.995,-0.102,0.018,0,0.174,0.985,-0.104,0.979,-0.173],"_shiftlockState":false,"_pose":"Running","_animationQueue":[["walk",0.1]],"_animationSpeed":1.098,"_zoom":16.125},{"_mousePosition":[806,403],"_rootPartCFrame":[773.421,222.7,46.695,0.123,0,0.992,0,1,0,-0.992,0,0.123],"_humanoidState":8,"_cameraCFrame":[773.655,240.08,43.905,-0.996,-0.082,0.015,0,0.174,0.985,-0.084,0.981,-0.173],"_shiftlockState":false,"_pose":"Running","_animationQueue":[],"_animationSpeed":1.098,"_zoom":16.125},{"_mousePosition":[806,403],"_rootPartCFrame":[773.288,222.7,46.681,0.122,0,0.993,0,1,0,-0.993,0,0.122],"_humanoidState":8,"_cameraCFrame":[773.466,240.08,43.887,-0.998,-0.062,0.011,0,0.174,0.985,-0.063,0.983,-0.173],"_shiftlockState":false,"_pose":"Running","_animationQueue":[],"_animationSpeed":1.098,"_zoom":16.125},{"_mousePosition":[806,403],"_rootPartCFrame":[773.023,222.7,46.658,0.117,0,0.993,0,1,0,-0.993,0,0.117],"_humanoidState":8,"_cameraCFrame":[773.144,240.08,43.861,-0.999,-0.043,0.008,0,0.174,0.985,-0.043,0.984,-0.173],"_shiftlockState":false,"_pose":"Running","_animationQueue":[],"_animationSpeed":1.098,"_zoom":16.125},{"_mousePosition":[806,403],"_rootPartCFrame":[772.623,222.7,46.633,0.107,0,0.994,0,1,0,-0.994,0,0.107],"_humanoidState":8,"_cameraCFrame":[772.695,240.08,43.833,-1,-0.025,0.004,0,0.174,0.985,-0.026,0.984,-0.174],"_shiftlockState":false,"_pose":"Running","_animationQueue":[],"_animationSpeed":1.098,"_zoom":16.125},{"_mousePosition":[806,403],"_rootPartCFrame":[772.357,222.7,46.621,0.098,0,0.995,0,1,0,-0.995,0,0.098],"_humanoidState":8,"_cameraCFrame":[770.643,240.08,43.798,-1,-0.013,0.002,0,0.174,0.985,-0.013,0.985,-0.174],"_shiftlockState":true,"_pose":"Running","_animationQueue":[],"_animationSpeed":1.098,"_zoom":16.125},{"_mousePosition":[683,384],"_rootPartCFrame":[772.091,222.7,46.613,-0.998,0,-0.066,0,1,0,0.066,0,-0.998],"_humanoidState":8,"_cameraCFrame":[770.377,240.08,43.791,-1,-0.013,0.002,0,0.174,0.985,-0.013,0.985,-0.174],"_shiftlockState":true,"_pose":"Running","_animationQueue":[["walk",0.1]],"_animationSpeed":1.098,"_zoom":16.125},{"_mousePosition":[683,384],"_rootPartCFrame":[771.824,222.7,46.609,-1,0,-0.018,0,1,0,0.018,0,-1],"_humanoidState":8,"_cameraCFrame":[770.11,240.08,43.787,-1,-0.013,0.002,0,0.174,0.985,-0.013,0.985,-0.174],"_shiftlockState":true,"_pose":"Running","_animationQueue":[],"_animationSpeed":1.098,"_zoom":16.125},{"_mousePosition":[683,384],"_rootPartCFrame":[771.624,222.7,46.607,-1,0,0.01,0,1,0,-0.01,0,-1],"_humanoidState":8,"_cameraCFrame":[769.91,240.08,43.784,-1,-0.013,0.002,0,0.174,0.985,-0.013,0.985,-0.174],"_shiftlockState":true,"_pose":"Running","_animationQueue":[],"_animationSpeed":1.098,"_zoom":16.125},{"_mousePosition":[683,384],"_rootPartCFrame":[771.291,222.7,46.602,-1,0,0.012,0,1,0,-0.012,0,-1],"_humanoidState":8,"_cameraCFrame":[769.577,240.08,43.78,-1,-0.013,0.002,0,0.174,0.985,-0.013,0.985,-0.174],"_shiftlockState":true,"_pose":"Running","_animationQueue":[],"_animationSpeed":1.098,"_zoom":16.125},{"_mousePosition":[683,384],"_rootPartCFrame":[771.024,223.573,46.599,-1,0,0.013,0,1,0,-0.013,0,-1],"_humanoidState":3,"_cameraCFrame":[769.31,240.953,43.776,-1,-0.013,0.002,0,0.174,0.985,-0.013,0.985,-0.174],"_shiftlockState":true,"_pose":"Jumping","_animationQueue":[["walk",0.1],["jump",0.1]],"_animationSpeed":1,"_zoom":16.125},{"_mousePosition":[683,384],"_rootPartCFrame":[770.758,224.395,46.595,-0.995,0,0.105,0,1,0,-0.105,0,-0.995],"_humanoidState":5,"_cameraCFrame":[769.044,241.775,43.773,-1,-0.013,0.002,0,0.174,0.985,-0.013,0.985,-0.174],"_shiftlockState":true,"_pose":"FreeFall","_animationQueue":[["jump",0.1]],"_animationSpeed":1,"_zoom":16.125},{"_mousePosition":[683,384],"_rootPartCFrame":[770.491,225.162,46.592,-0.99,0,0.141,0,1,0,-0.141,0,-0.99],"_humanoidState":5,"_cameraCFrame":[768.784,242.542,43.765,-1,-0.015,0.003,0,0.174,0.985,-0.015,0.985,-0.174],"_shiftlockState":true,"_pose":"FreeFall","_animationQueue":[],"_animationSpeed":1,"_zoom":16.125},{"_mousePosition":[683,384],"_rootPartCFrame":[770.224,225.875,46.589,-0.989,0,0.148,0,1,0,-0.148,0,-0.989],"_humanoidState":5,"_cameraCFrame":[768.532,243.255,43.753,-1,-0.02,0.004,0,0.174,0.985,-0.02,0.985,-0.174],"_shiftlockState":true,"_pose":"FreeFall","_animationQueue":[],"_animationSpeed":1,"_zoom":16.125},{"_mousePosition":[683,384],"_rootPartCFrame":[769.958,226.534,46.585,-0.988,0,0.153,0,1,0,-0.153,0,-0.988],"_humanoidState":5,"_cameraCFrame":[768.294,243.914,43.732,-1,-0.03,0.005,0,0.174,0.985,-0.031,0.984,-0.174],"_shiftlockState":true,"_pose":"FreeFall","_animationQueue":[],"_animationSpeed":1,"_zoom":16.125},{"_mousePosition":[683,384],"_rootPartCFrame":[769.691,227.138,46.579,-0.987,0,0.163,0,1,0,-0.163,0,-0.987],"_humanoidState":5,"_cameraCFrame":[768.064,244.518,43.706,-0.999,-0.043,0.008,0,0.174,0.985,-0.043,0.984,-0.173],"_shiftlockState":true,"_pose":"FreeFall","_animationQueue":[],"_animationSpeed":1,"_zoom":16.125},{"_mousePosition":[683,384],"_rootPartCFrame":[769.358,227.816,46.569,-0.978,0,0.208,0,1,0,-0.208,0,-0.978],"_humanoidState":5,"_cameraCFrame":[767.774,245.196,43.672,-0.998,-0.058,0.01,0,0.174,0.985,-0.058,0.983,-0.173],"_shiftlockState":true,"_pose":"FreeFall","_animationQueue":[],"_animationSpeed":1,"_zoom":16.125},{"_mousePosition":[683,384],"_rootPartCFrame":[769.091,228.298,46.558,-0.982,0,0.191,0,1,0,-0.191,0,-0.982],"_humanoidState":5,"_cameraCFrame":[767.552,245.678,43.637,-0.997,-0.072,0.013,0,0.174,0.985,-0.074,0.982,-0.173],"_shiftlockState":true,"_pose":"FreeFall","_animationQueue":[],"_animationSpeed":1,"_zoom":16.125},{"_mousePosition":[683,384],"_rootPartCFrame":[768.892,228.623,46.547,-0.985,0,0.173,0,1,0,-0.173,0,-0.985],"_humanoidState":5,"_cameraCFrame":[767.375,246.003,43.615,-0.997,-0.08,0.014,0,0.174,0.985,-0.081,0.982,-0.173],"_shiftlockState":true,"_pose":"FreeFall","_animationQueue":[],"_animationSpeed":1,"_zoom":16.125},{"_mousePosition":[683,384],"_rootPartCFrame":[768.626,229.009,46.528,-0.977,0,0.213,0,1,0,-0.213,0,-0.977],"_humanoidState":5,"_cameraCFrame":[767.124,246.389,43.588,-0.996,-0.085,0.015,0,0.174,0.985,-0.086,0.981,-0.173],"_shiftlockState":true,"_pose":"FreeFall","_animationQueue":[],"_animationSpeed":1,"_zoom":16.125},{"_mousePosition":[683,384],"_rootPartCFrame":[768.426,229.263,46.512,-0.983,0,0.185,0,1,0,-0.185,0,-0.983],"_humanoidState":5,"_cameraCFrame":[766.939,246.643,43.564,-0.996,-0.09,0.016,0,0.174,0.985,-0.091,0.981,-0.173],"_shiftlockState":true,"_pose":"FreeFall","_animationQueue":[],"_animationSpeed":1,"_zoom":16.125},{"_mousePosition":[683,384],"_rootPartCFrame":[768.094,229.617,46.484,-0.967,0,0.255,0,1,0,-0.255,0,-0.967],"_humanoidState":5,"_cameraCFrame":[766.637,246.998,43.521,-0.995,-0.1,0.018,0,0.174,0.985,-0.101,0.98,-0.173],"_shiftlockState":true,"_pose":"FreeFall","_animationQueue":[],"_animationSpeed":1,"_zoom":16.125},{"_mousePosition":[683,384],"_rootPartCFrame":[767.829,229.84,46.46,-0.973,0,0.233,0,1,0,-0.233,0,-0.973],"_humanoidState":5,"_cameraCFrame":[766.417,247.22,43.475,-0.993,-0.115,0.02,0,0.174,0.985,-0.116,0.978,-0.172],"_shiftlockState":true,"_pose":"FreeFall","_animationQueue":[],"_animationSpeed":1,"_zoom":16.125},{"_mousePosition":[683,384],"_rootPartCFrame":[767.563,230.008,46.433,-0.969,0,0.247,0,1,0,-0.247,0,-0.969],"_humanoidState":5,"_cameraCFrame":[766.219,247.388,43.417,-0.99,-0.137,0.024,0,0.174,0.985,-0.139,0.975,-0.172],"_shiftlockState":true,"_pose":"FreeFall","_animationQueue":[],"_animationSpeed":1,"_zoom":16.125},{"_mousePosition":[683,384],"_rootPartCFrame":[767.298,230.122,46.403,-0.963,0,0.269,0,1,0,-0.269,0,-0.963],"_humanoidState":5,"_cameraCFrame":[766.055,247.502,43.344,-0.985,-0.169,0.03,0,0.174,0.985,-0.171,0.97,-0.171],"_shiftlockState":true,"_pose":"FreeFall","_animationQueue":[],"_animationSpeed":1,"_zoom":16.125},{"_mousePosition":[683,384],"_rootPartCFrame":[767.034,230.181,46.367,-0.954,0,0.301,0,1,0,-0.301,0,-0.954],"_humanoidState":5,"_cameraCFrame":[765.923,247.561,43.257,-0.977,-0.21,0.037,0,0.174,0.985,-0.214,0.962,-0.17],"_shiftlockState":true,"_pose":"FreeFall","_animationQueue":[],"_animationSpeed":1,"_zoom":16.125},{"_mousePosition":[683,384],"_rootPartCFrame":[766.837,230.189,46.334,-0.951,0,0.31,0,1,0,-0.31,0,-0.951],"_humanoidState":5,"_cameraCFrame":[765.877,247.569,43.174,-0.966,-0.256,0.045,0,0.174,0.985,-0.26,0.951,-0.168],"_shiftlockState":true,"_pose":"FreeFall","_animationQueue":[["fall",0.3]],"_animationSpeed":1,"_zoom":16.125},{"_mousePosition":[683,384],"_rootPartCFrame":[766.511,230.135,46.264,-0.909,0,0.417,0,1,0,-0.417,0,-0.909],"_humanoidState":5,"_cameraCFrame":[765.728,247.515,43.056,-0.95,-0.309,0.054,0,0.174,0.985,-0.314,0.935,-0.165],"_shiftlockState":true,"_pose":"FreeFall","_animationQueue":[],"_animationSpeed":1,"_zoom":16.125},{"_mousePosition":[683,384],"_rootPartCFrame":[766.253,230.031,46.196,-0.899,0,0.437,0,1,0,-0.437,0,-0.899],"_humanoidState":5,"_cameraCFrame":[765.641,247.411,42.952,-0.932,-0.358,0.063,0,0.174,0.985,-0.364,0.917,-0.162],"_shiftlockState":true,"_pose":"FreeFall","_animationQueue":[],"_animationSpeed":1,"_zoom":16.125},{"_mousePosition":[683,384],"_rootPartCFrame":[766.063,229.917,46.136,-0.891,0,0.455,0,1,0,-0.455,0,-0.891],"_humanoidState":5,"_cameraCFrame":[765.616,247.297,42.864,-0.912,-0.404,0.071,0,0.174,0.985,-0.41,0.898,-0.158],"_shiftlockState":true,"_pose":"FreeFall","_animationQueue":[],"_animationSpeed":1,"_zoom":16.125},{"_mousePosition":[683,384],"_rootPartCFrame":[765.751,229.658,46.017,-0.831,0,0.556,0,1,0,-0.556,0,-0.831],"_humanoidState":5,"_cameraCFrame":[765.471,247.038,42.727,-0.89,-0.449,0.079,0,0.174,0.985,-0.456,0.876,-0.155],"_shiftlockState":true,"_pose":"FreeFall","_animationQueue":[],"_animationSpeed":1,"_zoom":16.125},{"_mousePosition":[683,384],"_rootPartCFrame":[765.507,229.39,45.909,-0.822,0,0.57,0,1,0,-0.57,0,-0.822],"_humanoidState":5,"_cameraCFrame":[765.377,246.77,42.61,-0.868,-0.489,0.086,0,0.174,0.985,-0.496,0.855,-0.151],"_shiftlockState":true,"_pose":"FreeFall","_animationQueue":[],"_animationSpeed":1,"_zoom":16.125},{"_mousePosition":[683,384],"_rootPartCFrame":[765.269,229.068,45.789,-0.795,0,0.607,0,1,0,-0.607,0,-0.795],"_humanoidState":5,"_cameraCFrame":[765.281,246.448,42.487,-0.846,-0.525,0.093,0,0.174,0.985,-0.533,0.833,-0.147],"_shiftlockState":true,"_pose":"FreeFall","_animationQueue":[["fall",0.3]],"_animationSpeed":1,"_zoom":16.125},{"_mousePosition":[683,384],"_rootPartCFrame":[765.037,228.691,45.659,-0.768,0,0.641,0,1,0,-0.641,0,-0.768],"_humanoidState":5,"_cameraCFrame":[765.19,246.071,42.36,-0.822,-0.56,0.099,0,0.174,0.985,-0.569,0.81,-0.143],"_shiftlockState":true,"_pose":"FreeFall","_animationQueue":[],"_animationSpeed":1,"_zoom":16.125},{"_mousePosition":[683,384],"_rootPartCFrame":[764.867,228.372,45.553,-0.762,0,0.648,0,1,0,-0.648,0,-0.762],"_humanoidState":5,"_cameraCFrame":[765.262,245.752,42.275,-0.779,-0.618,0.109,0,0.174,0.985,-0.628,0.767,-0.135],"_shiftlockState":true,"_pose":"FreeFall","_animationQueue":[],"_animationSpeed":1,"_zoom":16.125},{"_mousePosition":[683,384],"_rootPartCFrame":[764.591,227.773,45.365,-0.664,0,0.748,0,1,0,-0.748,0,-0.664],"_humanoidState":5,"_cameraCFrame":[765.168,245.153,42.114,-0.742,-0.66,0.116,0,0.174,0.985,-0.67,0.731,-0.129],"_shiftlockState":true,"_pose":"FreeFall","_animationQueue":[],"_animationSpeed":1,"_zoom":16.125},{"_mousePosition":[683,384],"_rootPartCFrame":[764.434,227.373,45.243,-0.672,0,0.741,0,1,0,-0.741,0,-0.672],"_humanoidState":5,"_cameraCFrame":[765.215,244.753,42.035,-0.699,-0.705,0.124,0,0.174,0.985,-0.716,0.688,-0.121],"_shiftlockState":true,"_pose":"FreeFall","_animationQueue":[],"_animationSpeed":1,"_zoom":16.125},{"_mousePosition":[683,384],"_rootPartCFrame":[764.234,226.792,45.066,-0.597,0,0.802,0,1,0,-0.802,0,-0.597],"_humanoidState":5,"_cameraCFrame":[765.248,244.172,41.924,-0.644,-0.753,0.133,0,0.174,0.985,-0.765,0.634,-0.112],"_shiftlockState":true,"_pose":"FreeFall","_animationQueue":[],"_animationSpeed":1,"_zoom":16.125},{"_mousePosition":[683,384],"_rootPartCFrame":[763.999,225.988,44.83,-0.508,0,0.861,0,1,0,-0.861,0,-0.508],"_humanoidState":5,"_cameraCFrame":[765.287,243.368,41.789,-0.574,-0.806,0.142,0,0.174,0.985,-0.819,0.565,-0.1],"_shiftlockState":true,"_pose":"FreeFall","_animationQueue":[["fall",0.3]],"_animationSpeed":1,"_zoom":16.125},{"_mousePosition":[683,384],"_rootPartCFrame":[763.825,225.284,44.628,-0.46,0,0.888,0,1,0,-0.888,0,-0.46],"_humanoidState":5,"_cameraCFrame":[765.406,242.664,41.73,-0.491,-0.858,0.151,0,0.174,0.985,-0.871,0.483,-0.085],"_shiftlockState":true,"_pose":"FreeFall","_animationQueue":[],"_animationSpeed":1,"_zoom":16.125},{"_mousePosition":[683,384],"_rootPartCFrame":[763.706,224.721,44.468,-0.401,0,0.916,0,1,0,-0.916,0,-0.401],"_humanoidState":5,"_cameraCFrame":[765.572,242.101,41.744,-0.4,-0.903,0.159,0,0.174,0.985,-0.917,0.394,-0.069],"_shiftlockState":true,"_pose":"FreeFall","_animationQueue":[],"_animationSpeed":1,"_zoom":16.125},{"_mousePosition":[683,384],"_rootPartCFrame":[763.535,223.713,44.182,-0.242,0,0.97,0,1,0,-0.97,0,-0.242],"_humanoidState":5,"_cameraCFrame":[765.635,241.093,41.633,-0.317,-0.934,0.165,0,0.174,0.985,-0.948,0.313,-0.055],"_shiftlockState":true,"_pose":"FreeFall","_animationQueue":[],"_animationSpeed":1,"_zoom":16.125},{"_mousePosition":[683,384],"_rootPartCFrame":[763.425,222.956,43.939,-0.278,0,0.961,0,1,0,-0.961,0,-0.278],"_humanoidState":7,"_cameraCFrame":[765.694,240.336,41.54,-0.252,-0.953,0.168,0,0.174,0.985,-0.968,0.248,-0.044],"_shiftlockState":true,"_pose":"FreeFall","_animationQueue":[["walk",0.1],["fall",0.3],["fall",0.3]],"_animationSpeed":1,"_zoom":16.125},{"_mousePosition":[683,384],"_rootPartCFrame":[763.358,222.908,43.75,-0.248,0,0.969,0,1,0,-0.969,0,-0.248],"_humanoidState":7,"_cameraCFrame":[765.699,240.288,41.422,-0.222,-0.96,0.169,0,0.174,0.985,-0.975,0.219,-0.039],"_shiftlockState":true,"_pose":"FreeFall","_animationQueue":[],"_animationSpeed":1,"_zoom":16.125},{"_mousePosition":[683,384],"_rootPartCFrame":[763.263,222.907,43.47,-0.221,0,0.975,0,1,0,-0.975,0,-0.221],"_humanoidState":8,"_cameraCFrame":[765.58,240.287,41.118,-0.232,-0.958,0.169,0,0.174,0.985,-0.973,0.229,-0.04],"_shiftlockState":true,"_pose":"Running","_animationQueue":[["walk",0.1],["fall",0.3],["walk",0.1]],"_animationSpeed":1.103,"_zoom":16.125},{"_mousePosition":[683,384],"_rootPartCFrame":[763.201,222.846,43.288,-0.232,0,0.973,0,1,0,-0.973,0,-0.232],"_humanoidState":8,"_cameraCFrame":[765.348,240.198,40.608,-0.353,-0.92,0.171,0,0.183,0.983,-0.936,0.347,-0.065],"_shiftlockState":true,"_pose":"Running","_animationQueue":[["walk",0.1],["walk",0.1]],"_animationSpeed":0.898,"_zoom":16.125},{"_mousePosition":[683,384],"_rootPartCFrame":[763.144,223.719,43.121,-0.353,0,0.936,0,1,0,-0.936,0,-0.353],"_humanoidState":3,"_cameraCFrame":[764.905,241.071,40.173,-0.477,-0.864,0.161,0,0.183,0.983,-0.879,0.469,-0.087],"_shiftlockState":true,"_pose":"Jumping","_animationQueue":[["walk",0.1],["jump",0.1]],"_animationSpeed":1,"_zoom":16.125},{"_mousePosition":[683,384],"_rootPartCFrame":[763.077,224.541,42.93,-0.394,0,0.919,0,1,0,-0.919,0,-0.394],"_humanoidState":5,"_cameraCFrame":[764.413,241.881,39.709,-0.607,-0.781,0.149,0,0.187,0.982,-0.795,0.596,-0.113],"_shiftlockState":true,"_pose":"FreeFall","_animationQueue":[["jump",0.1]],"_animationSpeed":1,"_zoom":16.125},{"_mousePosition":[683,384],"_rootPartCFrame":[762.982,225.308,42.714,-0.5,0,0.866,0,1,0,-0.866,0,-0.5],"_humanoidState":5,"_cameraCFrame":[763.892,242.625,39.237,-0.722,-0.679,0.135,0,0.195,0.981,-0.692,0.708,-0.141],"_shiftlockState":true,"_pose":"FreeFall","_animationQueue":[],"_animationSpeed":1,"_zoom":16.125},{"_mousePosition":[683,384],"_rootPartCFrame":[762.85,226.021,42.496,-0.624,0,0.782,0,1,0,-0.782,0,-0.624],"_humanoidState":5,"_cameraCFrame":[763.34,243.306,38.798,-0.814,-0.569,0.119,0,0.204,0.979,-0.581,0.797,-0.166],"_shiftlockState":true,"_pose":"FreeFall","_animationQueue":[],"_animationSpeed":1,"_zoom":16.125},{"_mousePosition":[683,384],"_rootPartCFrame":[762.682,226.68,42.294,-0.729,0,0.684,0,1,0,-0.684,0,-0.729],"_humanoidState":5,"_cameraCFrame":[762.764,243.918,38.374,-0.885,-0.454,0.101,0,0.218,0.976,-0.465,0.864,-0.193],"_shiftlockState":true,"_pose":"FreeFall","_animationQueue":[],"_animationSpeed":1,"_zoom":16.125},{"_mousePosition":[683,384],"_rootPartCFrame":[762.431,227.426,42.079,-0.796,0,0.605,0,1,0,-0.605,0,-0.796],"_humanoidState":5,"_cameraCFrame":[762.083,244.608,37.953,-0.939,-0.335,0.08,0,0.233,0.973,-0.345,0.913,-0.219],"_shiftlockState":true,"_pose":"FreeFall","_animationQueue":[],"_animationSpeed":1,"_zoom":16.125},{"_mousePosition":[683,384],"_rootPartCFrame":[762.263,227.833,41.973,-0.9,0,0.437,0,1,0,-0.437,0,-0.9],"_humanoidState":5,"_cameraCFrame":[761.448,244.97,37.742,-0.974,-0.219,0.055,0,0.244,0.97,-0.226,0.945,-0.238],"_shiftlockState":true,"_pose":"FreeFall","_animationQueue":[],"_animationSpeed":1,"_zoom":16.125},{"_mousePosition":[683,384],"_rootPartCFrame":[762.022,228.328,41.862,-0.935,0,0.353,0,1,0,-0.353,0,-0.935],"_humanoidState":5,"_cameraCFrame":[760.734,245.41,37.546,-0.994,-0.105,0.028,0,0.257,0.966,-0.109,0.961,-0.256],"_shiftlockState":true,"_pose":"FreeFall","_animationQueue":[],"_animationSpeed":1,"_zoom":16.125},{"_mousePosition":[683,384],"_rootPartCFrame":[761.768,228.769,41.786,-0.971,0,0.24,0,1,0,-0.24,0,-0.971],"_humanoidState":5,"_cameraCFrame":[759.92,245.793,37.465,-1,0.022,-0.006,0,0.271,0.963,0.023,0.962,-0.27],"_shiftlockState":true,"_pose":"FreeFall","_animationQueue":[],"_animationSpeed":1,"_zoom":16.125},{"_mousePosition":[683,384],"_rootPartCFrame":[761.505,229.155,41.745,-0.994,0,0.11,0,1,0,-0.11,0,-0.994],"_humanoidState":5,"_cameraCFrame":[759.02,246.118,37.526,-0.986,0.159,-0.047,0,0.284,0.959,0.166,0.946,-0.28],"_shiftlockState":true,"_pose":"FreeFall","_animationQueue":[],"_animationSpeed":1,"_zoom":16.125},{"_mousePosition":[683,384],"_rootPartCFrame":[761.239,229.486,41.737,-0.999,0,-0.034,0,1,0,0.034,0,-0.999],"_humanoidState":5,"_cameraCFrame":[758.029,246.376,37.747,-0.946,0.308,-0.096,0,0.299,0.954,0.323,0.903,-0.283],"_shiftlockState":true,"_pose":"FreeFall","_animationQueue":[],"_animationSpeed":1,"_zoom":16.125},{"_mousePosition":[683,384],"_rootPartCFrame":[760.975,229.763,41.765,-0.981,0,-0.194,0,1,0,0.194,0,-0.981],"_humanoidState":5,"_cameraCFrame":[756.986,246.576,38.203,-0.874,0.462,-0.153,0,0.313,0.95,0.487,0.83,-0.274],"_shiftlockState":true,"_pose":"FreeFall","_animationQueue":[],"_animationSpeed":1,"_zoom":16.125},{"_mousePosition":[683,384],"_rootPartCFrame":[760.781,229.935,41.809,-0.918,0,-0.397,0,1,0,0.397,0,-0.918],"_humanoidState":5,"_cameraCFrame":[755.672,246.605,39.187,-0.706,0.666,-0.24,0,0.339,0.941,0.708,0.664,-0.239],"_shiftlockState":true,"_pose":"FreeFall","_animationQueue":[],"_animationSpeed":1,"_zoom":16.125},{"_mousePosition":[683,384],"_rootPartCFrame":[760.533,230.117,41.901,-0.794,0,-0.608,0,1,0,0.608,0,-0.794],"_humanoidState":5,"_cameraCFrame":[754.753,246.654,40.019,-0.57,0.766,-0.297,0,0.361,0.933,0.821,0.532,-0.206],"_shiftlockState":true,"_pose":"FreeFall","_animationQueue":[],"_animationSpeed":1,"_zoom":16.125},{"_mousePosition":[683,384],"_rootPartCFrame":[760.251,230.268,42.065,-0.699,0,-0.716,0,1,0,0.716,0,-0.699],"_humanoidState":5,"_cameraCFrame":[753.926,246.665,40.989,-0.43,0.834,-0.346,0,0.383,0.924,0.903,0.398,-0.165],"_shiftlockState":true,"_pose":"FreeFall","_animationQueue":[],"_animationSpeed":1,"_zoom":16.125},{"_mousePosition":[683,384],"_rootPartCFrame":[760.052,230.327,42.231,-0.546,0,-0.837,0,1,0,0.837,0,-0.546],"_humanoidState":5,"_cameraCFrame":[753.34,246.588,41.879,-0.311,0.87,-0.383,0,0.402,0.915,0.951,0.284,-0.125],"_shiftlockState":true,"_pose":"FreeFall","_animationQueue":[],"_animationSpeed":1,"_zoom":16.125},{"_mousePosition":[683,384],"_rootPartCFrame":[759.922,230.335,42.374,-0.404,0,-0.915,0,1,0,0.915,0,-0.404],"_humanoidState":5,"_cameraCFrame":[753.01,246.506,42.607,-0.22,0.887,-0.405,0,0.415,0.91,0.975,0.2,-0.091],"_shiftlockState":true,"_pose":"FreeFall","_animationQueue":[],"_animationSpeed":1,"_zoom":16.125},{"_mousePosition":[683,384],"_rootPartCFrame":[759.745,230.281,42.641,-0.379,0,-0.925,0,1,0,0.925,0,-0.379],"_humanoidState":5,"_cameraCFrame":[752.76,246.4,43.399,-0.143,0.897,-0.418,0,0.422,0.907,0.99,0.13,-0.06],"_shiftlockState":true,"_pose":"FreeFall","_animationQueue":[],"_animationSpeed":1,"_zoom":16.125},{"_mousePosition":[683,384],"_rootPartCFrame":[759.664,230.208,42.817,-0.241,0,-0.97,0,1,0,0.97,0,-0.241],"_humanoidState":5,"_cameraCFrame":[752.706,246.3,44.133,-0.063,0.903,-0.425,0,0.426,0.905,0.998,0.057,-0.027],"_shiftlockState":true,"_pose":"FreeFall","_animationQueue":[["fall",0.3]],"_animationSpeed":1,"_zoom":16.125},{"_mousePosition":[683,384],"_rootPartCFrame":[759.589,230.062,43.065,-0.195,0,-0.981,0,1,0,0.981,0,-0.195],"_humanoidState":5,"_cameraCFrame":[752.666,246.101,45.012,0.028,0.901,-0.432,0,0.433,0.902,1,-0.026,0.012],"_shiftlockState":true,"_pose":"FreeFall","_animationQueue":[],"_animationSpeed":1,"_zoom":16.125},{"_mousePosition":[683,384],"_rootPartCFrame":[759.55,229.863,43.325,-0.105,0,-0.995,0,1,0,0.995,0,-0.105],"_humanoidState":5,"_cameraCFrame":[752.706,245.832,45.946,0.124,0.89,-0.438,0,0.441,0.897,0.992,-0.111,0.055],"_shiftlockState":true,"_pose":"FreeFall","_animationQueue":[],"_animationSpeed":1,"_zoom":16.125},{"_mousePosition":[683,384],"_rootPartCFrame":[759.548,229.608,43.591,-0.009,0,-1,0,1,0,1,0,-0.009],"_humanoidState":5,"_cameraCFrame":[752.861,245.522,46.848,0.214,0.873,-0.438,0,0.448,0.894,0.977,-0.191,0.096],"_shiftlockState":true,"_pose":"FreeFall","_animationQueue":[],"_animationSpeed":1,"_zoom":16.125},{"_mousePosition":[683,384],"_rootPartCFrame":[759.582,229.214,43.923,0.049,0,-0.999,0,1,0,0.999,0,0.049],"_humanoidState":5,"_cameraCFrame":[753.11,245.085,47.75,0.295,0.852,-0.433,0,0.454,0.891,0.956,-0.263,0.134],"_shiftlockState":true,"_pose":"FreeFall","_animationQueue":[],"_animationSpeed":1,"_zoom":16.125},{"_mousePosition":[683,384],"_rootPartCFrame":[759.634,228.837,44.184,0.165,0,-0.986,0,1,0,0.986,0,0.165],"_humanoidState":5,"_cameraCFrame":[753.448,244.708,48.46,0.362,0.831,-0.423,0,0.454,0.891,0.932,-0.322,0.164],"_shiftlockState":true,"_pose":"FreeFall","_animationQueue":[],"_animationSpeed":1,"_zoom":16.125},{"_mousePosition":[683,384],"_rootPartCFrame":[759.688,228.518,44.376,0.267,0,-0.964,0,1,0,0.964,0,0.267],"_humanoidState":5,"_cameraCFrame":[753.869,244.389,49.139,0.436,0.802,-0.408,0,0.454,0.891,0.9,-0.388,0.198],"_shiftlockState":true,"_pose":"FreeFall","_animationQueue":[],"_animationSpeed":1,"_zoom":16.125},{"_mousePosition":[683,384],"_rootPartCFrame":[759.78,228.046,44.626,0.312,0,-0.95,0,1,0,0.95,0,0.312],"_humanoidState":5,"_cameraCFrame":[754.096,243.917,49.549,0.461,0.791,-0.403,0,0.454,0.891,0.888,-0.411,0.209],"_shiftlockState":true,"_pose":"FreeFall","_animationQueue":[["fall",0.3]],"_animationSpeed":1,"_zoom":16.125},{"_mousePosition":[683,384],"_rootPartCFrame":[759.892,227.519,44.868,0.339,0,-0.941,0,1,0,0.941,0,0.339],"_humanoidState":5,"_cameraCFrame":[754.27,243.419,49.78,0.463,0.792,-0.399,0,0.45,0.893,0.886,-0.413,0.208],"_shiftlockState":true,"_pose":"FreeFall","_animationQueue":[],"_animationSpeed":1,"_zoom":16.125},{"_mousePosition":[683,384],"_rootPartCFrame":[760.045,226.784,45.165,0.31,0,-0.951,0,1,0,0.951,0,0.31],"_humanoidState":5,"_cameraCFrame":[754.327,242.712,49.878,0.436,0.805,-0.402,0,0.447,0.895,0.9,-0.39,0.195],"_shiftlockState":true,"_pose":"FreeFall","_animationQueue":[],"_animationSpeed":1,"_zoom":16.125},{"_mousePosition":[683,384],"_rootPartCFrame":[760.137,226.302,45.342,0.344,0,-0.939,0,1,0,0.939,0,0.344],"_humanoidState":5,"_cameraCFrame":[754.14,242.285,49.507,0.357,0.839,-0.411,0,0.44,0.898,0.934,-0.321,0.157],"_shiftlockState":true,"_pose":"FreeFall","_animationQueue":[],"_animationSpeed":1,"_zoom":16.125},{"_mousePosition":[683,384],"_rootPartCFrame":[760.255,225.611,45.581,0.23,0,-0.973,0,1,0,0.973,0,0.23],"_humanoidState":5,"_cameraCFrame":[753.887,241.677,48.804,0.219,0.881,-0.419,0,0.429,0.903,0.976,-0.198,0.094],"_shiftlockState":true,"_pose":"FreeFall","_animationQueue":[],"_animationSpeed":1,"_zoom":16.125},{"_mousePosition":[683,384],"_rootPartCFrame":[760.354,224.867,45.828,0.087,0,-0.996,0,1,0,0.996,0,0.087],"_humanoidState":5,"_cameraCFrame":[753.721,241.038,47.784,0.031,0.909,-0.415,0,0.415,0.91,1,-0.028,0.013],"_shiftlockState":true,"_pose":"FreeFall","_animationQueue":[],"_animationSpeed":1,"_zoom":16.125},{"_mousePosition":[683,384],"_rootPartCFrame":[760.427,224.067,46.084,-0.102,0,-0.995,0,1,0,0.995,0,-0.102],"_humanoidState":5,"_cameraCFrame":[753.695,240.316,46.56,-0.191,0.898,-0.397,0,0.404,0.915,0.982,0.174,-0.077],"_shiftlockState":true,"_pose":"FreeFall","_animationQueue":[],"_animationSpeed":1,"_zoom":16.125},{"_mousePosition":[683,384],"_rootPartCFrame":[760.444,223.213,46.35,-0.231,0,-0.973,0,1,0,0.973,0,-0.231],"_humanoidState":7,"_cameraCFrame":[754.032,239.574,45.285,-0.423,0.835,-0.352,0,0.388,0.922,0.906,0.39,-0.164],"_shiftlockState":true,"_pose":"FreeFall","_animationQueue":[["walk",0.1],["fall",0.3],["fall",0.3]],"_animationSpeed":1,"_zoom":16.125},{"_mousePosition":[683,384],"_rootPartCFrame":[760.402,222.835,46.612,-0.436,0,-0.9,0,1,0,0.9,0,-0.436],"_humanoidState":7,"_cameraCFrame":[754.771,239.35,44.174,-0.643,0.713,-0.279,0,0.365,0.931,0.766,0.598,-0.234],"_shiftlockState":true,"_pose":"FreeFall","_animationQueue":[["fall",0.3]],"_animationSpeed":1,"_zoom":16.125},{"_mousePosition":[683,384],"_rootPartCFrame":[760.297,222.947,46.856,-0.655,0,-0.756,0,1,0,0.756,0,-0.655],"_humanoidState":8,"_cameraCFrame":[756.184,239.658,43.014,-0.876,0.455,-0.16,0,0.332,0.943,0.482,0.826,-0.291],"_shiftlockState":true,"_pose":"Running","_animationQueue":[["walk",0.1],["fall",0.3],["walk",0.1]],"_animationSpeed":1.103,"_zoom":16.125},{"_mousePosition":[683,384],"_rootPartCFrame":[760.092,223.075,47.117,-0.889,0,-0.458,0,1,0,0.458,0,-0.889],"_humanoidState":8,"_cameraCFrame":[756.49,239.858,43.052,-0.922,0.367,-0.123,0,0.319,0.948,0.387,0.874,-0.294],"_shiftlockState":true,"_pose":"Running","_animationQueue":[],"_animationSpeed":1.103,"_zoom":16.125},{"_mousePosition":[683,384],"_rootPartCFrame":[759.87,223.132,47.26,-0.925,0,-0.38,0,1,0,0.38,0,-0.925],"_humanoidState":8,"_cameraCFrame":[757.408,240.077,42.963,-0.987,0.152,-0.046,0,0.287,0.958,0.159,0.946,-0.284],"_shiftlockState":true,"_pose":"Running","_animationQueue":[],"_animationSpeed":1.103,"_zoom":16.125},{"_mousePosition":[683,384],"_rootPartCFrame":[759.688,223.157,47.342,-0.989,0,-0.151,0,1,0,0.151,0,-0.989],"_humanoidState":8,"_cameraCFrame":[757.65,240.155,43.013,-0.998,0.063,-0.018,0,0.276,0.961,0.066,0.959,-0.276],"_shiftlockState":true,"_pose":"Running","_animationQueue":[],"_animationSpeed":1.103,"_zoom":16.125},{"_mousePosition":[683,384],"_rootPartCFrame":[759.361,223.181,47.404,-0.998,0,-0.061,0,1,0,0.061,0,-0.998],"_humanoidState":8,"_cameraCFrame":[757.524,240.204,43.078,-1,0.019,-0.005,0,0.271,0.963,0.02,0.963,-0.27],"_shiftlockState":true,"_pose":"Running","_animationQueue":[],"_animationSpeed":1.103,"_zoom":16.125},{"_mousePosition":[683,384],"_rootPartCFrame":[759.096,223.19,47.425,-1,0,-0.02,0,1,0,0.02,0,-1],"_humanoidState":8,"_cameraCFrame":[757.259,240.214,43.099,-1,0.019,-0.005,0,0.271,0.963,0.02,0.963,-0.27],"_shiftlockState":true,"_pose":"Running","_animationQueue":[["walk",0.1]],"_animationSpeed":1.103,"_zoom":16.125},{"_mousePosition":[683,384],"_rootPartCFrame":[758.896,223.194,47.431,-1,0,-0.02,0,1,0,0.02,0,-1],"_humanoidState":8,"_cameraCFrame":[757.103,240.226,43.117,-1,0.01,-0.003,0,0.269,0.963,0.01,0.963,-0.269],"_shiftlockState":true,"_pose":"Running","_animationQueue":[],"_animationSpeed":1.103,"_zoom":16.125},{"_mousePosition":[683,384],"_rootPartCFrame":[758.496,224.468,47.44,-1,0,-0.01,0,1,0,0.01,0,-1],"_humanoidState":3,"_cameraCFrame":[756.681,241.5,43.135,-1,0.014,-0.004,0,0.269,0.963,0.015,0.963,-0.269],"_shiftlockState":true,"_pose":"Jumping","_animationQueue":[["walk",0.1],["jump",0.1]],"_animationSpeed":1,"_zoom":16.125},{"_mousePosition":[683,384],"_rootPartCFrame":[758.229,225.249,47.443,-0.997,0,0.077,0,1,0,-0.077,0,-0.997],"_humanoidState":5,"_cameraCFrame":[756.404,242.281,43.142,-1,0.017,-0.005,0,0.269,0.963,0.017,0.963,-0.269],"_shiftlockState":true,"_pose":"FreeFall","_animationQueue":[["jump",0.1]],"_animationSpeed":1,"_zoom":16.125},{"_mousePosition":[683,384],"_rootPartCFrame":[758.029,225.799,47.446,-0.997,0,0.078,0,1,0,-0.078,0,-0.997],"_humanoidState":5,"_cameraCFrame":[756.204,242.832,43.145,-1,0.017,-0.005,0,0.269,0.963,0.017,0.963,-0.269],"_shiftlockState":true,"_pose":"FreeFall","_animationQueue":[],"_animationSpeed":1,"_zoom":16.125},{"_mousePosition":[683,384],"_rootPartCFrame":[757.763,226.485,47.45,-0.993,0,0.115,0,1,0,-0.115,0,-0.993],"_humanoidState":5,"_cameraCFrame":[755.937,243.517,43.15,-1,0.017,-0.005,0,0.269,0.963,0.017,0.963,-0.269],"_shiftlockState":true,"_pose":"FreeFall","_animationQueue":[],"_animationSpeed":1,"_zoom":16.125},{"_mousePosition":[683,384],"_rootPartCFrame":[757.496,227.116,47.455,-0.993,0,0.115,0,1,0,-0.115,0,-0.993],"_humanoidState":5,"_cameraCFrame":[755.66,244.149,43.159,-1,0.019,-0.005,0,0.269,0.963,0.02,0.963,-0.269],"_shiftlockState":true,"_pose":"FreeFall","_animationQueue":[],"_animationSpeed":1,"_zoom":16.125},{"_mousePosition":[683,384],"_rootPartCFrame":[757.23,227.693,47.459,-0.994,0,0.113,0,1,0,-0.113,0,-0.994],"_humanoidState":5,"_cameraCFrame":[755.382,244.725,43.168,-1,0.022,-0.006,0,0.269,0.963,0.023,0.963,-0.269],"_shiftlockState":true,"_pose":"FreeFall","_animationQueue":[],"_animationSpeed":1,"_zoom":16.125},{"_mousePosition":[683,384],"_rootPartCFrame":[756.963,228.215,47.465,-0.994,0,0.11,0,1,0,-0.11,0,-0.994],"_humanoidState":5,"_cameraCFrame":[755.116,245.248,43.174,-1,0.022,-0.006,0,0.269,0.963,0.023,0.963,-0.269],"_shiftlockState":true,"_pose":"FreeFall","_animationQueue":[],"_animationSpeed":1,"_zoom":16.125},{"_mousePosition":[683,384],"_rootPartCFrame":[756.696,228.683,47.471,-0.994,0,0.11,0,1,0,-0.11,0,-0.994],"_humanoidState":5,"_cameraCFrame":[754.849,245.715,43.18,-1,0.022,-0.006,0,0.269,0.963,0.023,0.963,-0.269],"_shiftlockState":true,"_pose":"FreeFall","_animationQueue":[],"_animationSpeed":1,"_zoom":16.125},{"_mousePosition":[683,384],"_rootPartCFrame":[756.496,228.998,47.475,-0.997,0,0.077,0,1,0,-0.077,0,-0.997],"_humanoidState":5,"_cameraCFrame":[754.649,246.031,43.184,-1,0.022,-0.006,0,0.269,0.963,0.023,0.963,-0.269],"_shiftlockState":true,"_pose":"FreeFall","_animationQueue":[],"_animationSpeed":1,"_zoom":16.125},{"_mousePosition":[683,384],"_rootPartCFrame":[756.163,229.455,47.483,-0.99,0,0.144,0,1,0,-0.144,0,-0.99],"_humanoidState":5,"_cameraCFrame":[754.316,246.487,43.192,-1,0.022,-0.006,0,0.269,0.963,0.023,0.963,-0.269],"_shiftlockState":true,"_pose":"FreeFall","_animationQueue":[],"_animationSpeed":1,"_zoom":16.125},{"_mousePosition":[683,384],"_rootPartCFrame":[755.963,229.688,47.487,-0.997,0,0.077,0,1,0,-0.077,0,-0.997],"_humanoidState":5,"_cameraCFrame":[754.116,246.721,43.196,-1,0.022,-0.006,0,0.269,0.963,0.023,0.963,-0.269],"_shiftlockState":true,"_pose":"FreeFall","_animationQueue":[],"_animationSpeed":1,"_zoom":16.125},{"_mousePosition":[683,384],"_rootPartCFrame":[755.697,229.952,47.493,-0.994,0,0.11,0,1,0,-0.11,0,-0.994],"_humanoidState":5,"_cameraCFrame":[753.851,247.001,43.263,-1,0.022,-0.006,0,0.265,0.964,0.023,0.964,-0.265],"_shiftlockState":true,"_pose":"FreeFall","_animationQueue":[],"_animationSpeed":1,"_zoom":16.125},{"_mousePosition":[683,384],"_rootPartCFrame":[755.363,230.204,47.501,-0.99,0,0.144,0,1,0,-0.144,0,-0.99],"_humanoidState":5,"_cameraCFrame":[753.531,247.286,43.387,-1,0.019,-0.005,0,0.257,0.966,0.02,0.966,-0.257],"_shiftlockState":true,"_pose":"FreeFall","_animationQueue":[],"_animationSpeed":1,"_zoom":16.125},{"_mousePosition":[683,384],"_rootPartCFrame":[755.163,230.315,47.505,-0.997,0,0.08,0,1,0,-0.08,0,-0.997],"_humanoidState":5,"_cameraCFrame":[753.374,247.429,43.495,-1,0.01,-0.002,0,0.25,0.968,0.01,0.968,-0.25],"_shiftlockState":true,"_pose":"FreeFall","_animationQueue":[],"_animationSpeed":1,"_zoom":16.125},{"_mousePosition":[683,384],"_rootPartCFrame":[754.897,230.415,47.511,-0.992,0,0.123,0,1,0,-0.123,0,-0.992],"_humanoidState":5,"_cameraCFrame":[753.148,247.56,43.604,-1,0,0,0,0.242,0.97,0,0.97,-0.242],"_shiftlockState":true,"_pose":"FreeFall","_animationQueue":[],"_animationSpeed":1,"_zoom":16.125},{"_mousePosition":[683,384],"_rootPartCFrame":[754.63,230.46,47.514,-0.991,0,0.133,0,1,0,-0.133,0,-0.991],"_humanoidState":5,"_cameraCFrame":[752.929,247.635,43.707,-1,-0.013,0.003,0,0.235,0.972,-0.013,0.972,-0.235],"_shiftlockState":true,"_pose":"FreeFall","_animationQueue":[],"_animationSpeed":1,"_zoom":16.125},{"_mousePosition":[683,384],"_rootPartCFrame":[754.364,230.451,47.514,-0.989,0,0.146,0,1,0,-0.146,0,-0.989],"_humanoidState":5,"_cameraCFrame":[752.707,247.662,43.839,-1,-0.025,0.006,0,0.225,0.974,-0.026,0.974,-0.225],"_shiftlockState":true,"_pose":"FreeFall","_animationQueue":[],"_animationSpeed":1,"_zoom":16.125},{"_mousePosition":[683,384],"_rootPartCFrame":[754.03,230.363,47.51,-0.982,0,0.191,0,1,0,-0.191,0,-0.982],"_humanoidState":5,"_cameraCFrame":[752.45,247.609,43.952,-0.999,-0.047,0.01,0,0.216,0.976,-0.048,0.975,-0.215],"_shiftlockState":true,"_pose":"FreeFall","_animationQueue":[["fall",0.3]],"_animationSpeed":1,"_zoom":16.125},{"_mousePosition":[683,384],"_rootPartCFrame":[753.764,230.232,47.504,-0.984,0,0.181,0,1,0,-0.181,0,-0.984],"_humanoidState":5,"_cameraCFrame":[752.209,247.484,43.964,-0.998,-0.055,0.012,0,0.214,0.977,-0.056,0.975,-0.213],"_shiftlockState":true,"_pose":"FreeFall","_animationQueue":[],"_animationSpeed":1,"_zoom":16.125},{"_mousePosition":[683,384],"_rootPartCFrame":[753.564,230.097,47.495,-0.988,0,0.155,0,1,0,-0.155,0,-0.988],"_humanoidState":5,"_cameraCFrame":[752.086,247.363,43.982,-0.997,-0.077,0.017,0,0.21,0.978,-0.079,0.975,-0.209],"_shiftlockState":true,"_pose":"FreeFall","_animationQueue":[],"_animationSpeed":1,"_zoom":16.125},{"_mousePosition":[683,384],"_rootPartCFrame":[753.231,229.805,47.477,-0.97,0,0.243,0,1,0,-0.243,0,-0.97],"_humanoidState":5,"_cameraCFrame":[751.786,247.077,43.98,-0.996,-0.087,0.018,0,0.208,0.978,-0.089,0.974,-0.207],"_shiftlockState":true,"_pose":"FreeFall","_animationQueue":[],"_animationSpeed":1,"_zoom":16.125},{"_mousePosition":[683,384],"_rootPartCFrame":[753.032,229.588,47.462,-0.982,0,0.188,0,1,0,-0.188,0,-0.982],"_humanoidState":5,"_cameraCFrame":[751.619,246.867,43.981,-0.995,-0.097,0.02,0,0.206,0.979,-0.099,0.974,-0.205],"_shiftlockState":true,"_pose":"FreeFall","_animationQueue":[],"_animationSpeed":1,"_zoom":16.125},{"_mousePosition":[683,384],"_rootPartCFrame":[752.766,229.252,47.439,-0.973,0,0.23,0,1,0,-0.23,0,-0.973],"_humanoidState":5,"_cameraCFrame":[751.376,246.537,43.978,-0.994,-0.104,0.022,0,0.204,0.979,-0.106,0.973,-0.203],"_shiftlockState":true,"_pose":"FreeFall","_animationQueue":[],"_animationSpeed":1,"_zoom":16.125},{"_mousePosition":[683,384],"_rootPartCFrame":[752.501,228.862,47.413,-0.971,0,0.238,0,1,0,-0.238,0,-0.971],"_humanoidState":5,"_cameraCFrame":[751.125,246.153,43.975,-0.994,-0.109,0.023,0,0.202,0.979,-0.111,0.973,-0.201],"_shiftlockState":true,"_pose":"FreeFall","_animationQueue":[],"_animationSpeed":1,"_zoom":16.125},{"_mousePosition":[683,384],"_rootPartCFrame":[752.169,228.297,47.378,-0.962,0,0.275,0,1,0,-0.275,0,-0.962],"_humanoidState":5,"_cameraCFrame":[750.793,245.588,43.94,-0.994,-0.109,0.023,0,0.202,0.979,-0.111,0.973,-0.201],"_shiftlockState":true,"_pose":"FreeFall","_animationQueue":[["fall",0.3]],"_animationSpeed":1,"_zoom":16.125},{"_mousePosition":[683,384],"_rootPartCFrame":[751.97,227.917,47.356,-0.978,0,0.21,0,1,0,-0.21,0,-0.978],"_humanoidState":5,"_cameraCFrame":[750.6,245.215,43.945,-0.993,-0.112,0.023,0,0.2,0.98,-0.114,0.973,-0.199],"_shiftlockState":true,"_pose":"FreeFall","_animationQueue":[],"_animationSpeed":1,"_zoom":16.125},{"_mousePosition":[683,384],"_rootPartCFrame":[751.639,227.216,47.319,-0.961,0,0.277,0,1,0,-0.277,0,-0.961],"_humanoidState":5,"_cameraCFrame":[750.269,244.513,43.908,-0.993,-0.112,0.023,0,0.2,0.98,-0.114,0.973,-0.199],"_shiftlockState":true,"_pose":"FreeFall","_animationQueue":[],"_animationSpeed":1,"_zoom":16.125},{"_mousePosition":[683,384],"_rootPartCFrame":[751.441,226.754,47.296,-0.977,0,0.212,0,1,0,-0.212,0,-0.977],"_humanoidState":5,"_cameraCFrame":[750.063,244.064,43.947,-0.993,-0.112,0.022,0,0.197,0.98,-0.114,0.974,-0.195],"_shiftlockState":true,"_pose":"FreeFall","_animationQueue":[],"_animationSpeed":1,"_zoom":16.125},{"_mousePosition":[683,384],"_rootPartCFrame":[751.176,226.091,47.266,-0.97,0,0.245,0,1,0,-0.245,0,-0.97],"_humanoidState":5,"_cameraCFrame":[749.791,243.414,43.977,-0.993,-0.112,0.022,0,0.193,0.981,-0.114,0.975,-0.192],"_shiftlockState":true,"_pose":"FreeFall","_animationQueue":[],"_anima