[{"_mousePosition":[1238,352],"_rootPartCFrame":[776.033,222.958,47.142,-0.001,-0.005,1,0,1,0.005,-1,0,-0.001],"_humanoidState":8,"_cameraCFrame":[778.241,236.278,36.325,-0.98,-0.147,0.137,0,0.683,0.731,-0.201,0.716,-0.669],"_shiftlockState":false,"_pose":"Standing","_animationQueue":[],"_animationSpeed":1,"_zoom":16.175},{"_mousePosition":[1219,361],"_rootPartCFrame":[775.792,222.836,47.093,0.027,-0.001,1,0,1,0.001,-1,0,0.027],"_humanoidState":8,"_cameraCFrame":[778.006,236.156,36.275,-0.98,-0.147,0.137,0,0.683,0.731,-0.201,0.716,-0.669],"_shiftlockState":false,"_pose":"Standing","_animationQueue":[],"_animationSpeed":1,"_zoom":16.175},{"_mousePosition":[1211,363],"_rootPartCFrame":[775.531,222.674,47.039,0.051,0,0.999,0,1,0,-0.999,0,0.051],"_humanoidState":8,"_cameraCFrame":[777.747,235.994,36.222,-0.98,-0.147,0.137,0,0.683,0.731,-0.201,0.716,-0.669],"_shiftlockState":false,"_pose":"Running","_animationQueue":[["walk",0.1]],"_animationSpeed":1.066,"_zoom":16.175},{"_mousePosition":[1187,373],"_rootPartCFrame":[775.27,222.653,46.986,0.071,0,0.997,0,1,0,-0.997,0,0.071],"_humanoidState":8,"_cameraCFrame":[777.485,235.973,36.168,-0.98,-0.147,0.137,0,0.683,0.731,-0.201,0.716,-0.669],"_shiftlockState":false,"_pose":"Running","_animationQueue":[],"_animationSpeed":1.066,"_zoom":16.175},{"_mousePosition":[1181,376],"_rootPartCFrame":[775.008,222.67,46.932,0.089,0,0.996,0,1,0,-0.996,0,0.089],"_humanoidState":8,"_cameraCFrame":[777.224,235.99,36.115,-0.98,-0.147,0.137,0,0.683,0.731,-0.201,0.716,-0.669],"_shiftlockState":false,"_pose":"Running","_animationQueue":[],"_animationSpeed":1.066,"_zoom":16.175},{"_mousePosition":[1148,392],"_rootPartCFrame":[774.747,222.683,46.879,0.104,0,0.995,0,1,0,-0.995,0,0.104],"_humanoidState":8,"_cameraCFrame":[776.962,236.003,36.061,-0.98,-0.147,0.137,0,0.683,0.731,-0.201,0.716,-0.669],"_shiftlockState":false,"_pose":"Running","_animationQueue":[],"_animationSpeed":1.066,"_zoom":16.175},{"_mousePosition":[1139,397],"_rootPartCFrame":[774.486,222.69,46.825,0.117,0,0.993,0,1,0,-0.993,0,0.117],"_humanoidState":8,"_cameraCFrame":[776.701,236.01,36.008,-0.98,-0.147,0.137,0,0.683,0.731,-0.201,0.716,-0.669],"_shiftlockState":false,"_pose":"Running","_animationQueue":[["walk",0.1]],"_animationSpeed":1.066,"_zoom":16.175},{"_mousePosition":[1099,416],"_rootPartCFrame":[774.225,222.695,46.772,0.129,0,0.992,0,1,0,-0.992,0,0.129],"_humanoidState":8,"_cameraCFrame":[776.44,236.015,35.954,-0.98,-0.147,0.137,0,0.683,0.731,-0.201,0.716,-0.669],"_shiftlockState":false,"_pose":"Running","_animationQueue":[],"_animationSpeed":1.066,"_zoom":16.175},{"_mousePosition":[1091,421],"_rootPartCFrame":[773.964,222.697,46.718,0.138,0,0.99,0,1,0,-0.99,0,0.138],"_humanoidState":8,"_cameraCFrame":[774.464,236.017,35.55,-0.98,-0.147,0.137,0,0.683,0.731,-0.201,0.716,-0.669],"_shiftlockState":true,"_pose":"Running","_animationQueue":[],"_animationSpeed":1.066,"_zoom":16.175},{"_mousePosition":[683,384],"_rootPartCFrame":[773.702,222.698,46.665,-0.991,0,0.135,0,1,0,-0.135,0,-0.991],"_humanoidState":8,"_cameraCFrame":[774.203,236.018,35.496,-0.98,-0.147,0.137,0,0.683,0.731,-0.201,0.716,-0.669],"_shiftlockState":true,"_pose":"Running","_animationQueue":[],"_animationSpeed":1.066,"_zoom":16.175},{"_mousePosition":[683,384],"_rootPartCFrame":[773.441,222.699,46.611,-0.985,0,0.174,0,1,0,-0.174,0,-0.985],"_humanoidState":8,"_cameraCFrame":[773.703,236.16,35.586,-0.983,-0.135,0.123,0,0.673,0.739,-0.182,0.727,-0.662],"_shiftlockState":true,"_pose":"Running","_animationQueue":[],"_animationSpeed":1.066,"_zoom":16.175},{"_mousePosition":[683,384],"_rootPartCFrame":[773.115,222.699,46.544,-0.984,0,0.179,0,1,0,-0.179,0,-0.984],"_humanoidState":8,"_cameraCFrame":[773.202,236.291,35.66,-0.986,-0.126,0.112,0,0.664,0.748,-0.169,0.737,-0.655],"_shiftlockState":true,"_pose":"Running","_animationQueue":[],"_animationSpeed":1.066,"_zoom":16.175},{"_mousePosition":[683,384],"_rootPartCFrame":[772.918,222.699,46.507,-0.986,0,0.169,0,1,0,-0.169,0,-0.986],"_humanoidState":8,"_cameraCFrame":[772.881,236.412,35.758,-0.987,-0.12,0.105,0,0.656,0.755,-0.159,0.745,-0.647],"_shiftlockState":true,"_pose":"Running","_animationQueue":[],"_animationSpeed":1.066,"_zoom":16.175},{"_mousePosition":[683,384],"_rootPartCFrame":[772.655,222.7,46.462,-0.987,0,0.159,0,1,0,-0.159,0,-0.987],"_humanoidState":8,"_cameraCFrame":[772.519,236.531,35.85,-0.988,-0.116,0.098,0,0.647,0.762,-0.152,0.754,-0.64],"_shiftlockState":true,"_pose":"Running","_animationQueue":[["walk",0.1]],"_animationSpeed":1.066,"_zoom":16.175},{"_mousePosition":[683,384],"_rootPartCFrame":[772.392,222.7,46.419,-0.988,0,0.152,0,1,0,-0.152,0,-0.988],"_humanoidState":8,"_cameraCFrame":[772.154,236.665,35.967,-0.989,-0.112,0.092,0,0.637,0.771,-0.145,0.763,-0.631],"_shiftlockState":true,"_pose":"Running","_animationQueue":[],"_animationSpeed":1.066,"_zoom":16.175},{"_mousePosition":[683,384],"_rootPartCFrame":[772.129,222.7,46.378,-0.989,0,0.145,0,1,0,-0.145,0,-0.989],"_humanoidState":8,"_cameraCFrame":[771.738,236.862,36.17,-0.991,-0.105,0.083,0,0.622,0.783,-0.134,0.776,-0.617],"_shiftlockState":true,"_pose":"Running","_animationQueue":[],"_animationSpeed":1.066,"_zoom":16.175},{"_mousePosition":[683,384],"_rootPartCFrame":[771.865,222.7,46.339,-0.991,0,0.134,0,1,0,-0.134,0,-0.991],"_humanoidState":8,"_cameraCFrame":[771.262,237.133,36.488,-0.993,-0.093,0.07,0,0.601,0.8,-0.117,0.794,-0.596],"_shiftlockState":true,"_pose":"Running","_animationQueue":[],"_animationSpeed":1.066,"_zoom":16.175},{"_mousePosition":[683,384],"_rootPartCFrame":[771.601,222.7,46.303,-0.993,0,0.117,0,1,0,-0.117,0,-0.993],"_humanoidState":8,"_cameraCFrame":[770.789,237.38,36.799,-0.995,-0.081,0.058,0,0.58,0.815,-0.099,0.811,-0.577],"_shiftlockState":true,"_pose":"Running","_animationQueue":[],"_animationSpeed":1.066,"_zoom":16.175},{"_mousePosition":[683,384],"_rootPartCFrame":[771.336,222.7,46.271,-0.995,0,0.099,0,1,0,-0.099,0,-0.995],"_humanoidState":8,"_cameraCFrame":[770.271,237.69,37.239,-0.997,-0.064,0.042,0,0.552,0.834,-0.076,0.832,-0.55],"_shiftlockState":true,"_pose":"Running","_animationQueue":[],"_animationSpeed":1.066,"_zoom":16.175},{"_mousePosition":[683,384],"_rootPartCFrame":[771.07,222.7,46.244,-0.997,0,0.076,0,1,0,-0.076,0,-0.997],"_humanoidState":8,"_cameraCFrame":[769.773,237.998,37.722,-0.999,-0.045,0.028,0,0.522,0.853,-0.053,0.852,-0.521],"_shiftlockState":true,"_pose":"Running","_animationQueue":[],"_animationSpeed":1.066,"_zoom":16.175},{"_mousePosition":[683,384],"_rootPartCFrame":[770.805,222.7,46.223,-0.999,0,0.053,0,1,0,-0.053,0,-0.999],"_humanoidState":8,"_cameraCFrame":[769.296,238.288,38.228,-1,-0.026,0.015,0,0.491,0.871,-0.03,0.871,-0.491],"_shiftlockState":true,"_pose":"Running","_animationQueue":[["walk",0.1]],"_animationSpeed":1.066,"_zoom":16.175},{"_mousePosition":[683,384],"_rootPartCFrame":[770.538,222.7,46.208,-1,0,0.03,0,1,0,-0.03,0,-1],"_humanoidState":8,"_cameraCFrame":[768.912,238.585,38.785,-1,-0.015,0.008,0,0.457,0.889,-0.017,0.889,-0.457],"_shiftlockState":true,"_pose":"Running","_animationQueue":[],"_animationSpeed":1.066,"_zoom":16.175},{"_mousePosition":[683,384],"_rootPartCFrame":[770.272,222.7,46.199,-1,0,0.017,0,1,0,-0.017,0,-1],"_humanoidState":8,"_cameraCFrame":[768.623,238.8,39.212,-1,-0.013,0.006,0,0.43,0.903,-0.015,0.903,-0.43],"_shiftlockState":true,"_pose":"Running","_animationQueue":[],"_animationSpeed":1.066,"_zoom":16.175},{"_mousePosition":[683,384],"_rootPartCFrame":[770.005,222.7,46.194,-1,0,0.015,0,1,0,-0.015,0,-1],"_humanoidState":8,"_cameraCFrame":[768.4,238.964,39.55,-1,-0.02,0.009,0,0.408,0.913,-0.022,0.913,-0.408],"_shiftlockState":true,"_pose":"Running","_animationQueue":[],"_animationSpeed":1.066,"_zoom":16.175},{"_mousePosition":[683,384],"_rootPartCFrame":[769.739,222.666,46.189,-1,0,0.022,0,1,0,-0.022,0,-1],"_humanoidState":8,"_cameraCFrame":[768.21,239.105,39.931,-0.999,-0.033,0.014,0,0.383,0.924,-0.035,0.923,-0.383],"_shiftlockState":true,"_pose":"Running","_animationQueue":[],"_animationSpeed":1.066,"_zoom":16.175},{"_mousePosition":[683,384],"_rootPartCFrame":[769.472,222.577,46.185,-0.999,0,0.035,0,1,0,-0.035,0,-0.999],"_humanoidState":8,"_cameraCFrame":[768.008,239.186,40.33,-0.999,-0.046,0.018,0,0.357,0.934,-0.049,0.933,-0.357],"_shiftlockState":true,"_pose":"Running","_animationQueue":[],"_animationSpeed":1.066,"_zoom":16.175},{"_mousePosition":[683,384],"_rootPartCFrame":[769.206,223.44,46.18,-0.999,0,0.049,0,1,0,-0.049,0,-0.999],"_humanoidState":3,"_cameraCFrame":[767.758,240.179,40.671,-0.998,-0.052,0.019,0,0.335,0.942,-0.055,0.941,-0.335],"_shiftlockState":true,"_pose":"Jumping","_animationQueue":[["walk",0.1],["walk",0.1],["jump",0.1]],"_animationSpeed":1,"_zoom":16.175},{"_mousePosition":[683,384],"_rootPartCFrame":[768.939,224.248,46.168,-0.989,0,0.147,0,1,0,-0.147,0,-0.989],"_humanoidState":5,"_cameraCFrame":[767.473,241.106,41.004,-0.998,-0.053,0.017,0,0.314,0.949,-0.055,0.948,-0.313],"_shiftlockState":true,"_pose":"FreeFall","_animationQueue":[["jump",0.1]],"_animationSpeed":1,"_zoom":16.175},{"_mousePosition":[683,384],"_rootPartCFrame":[768.673,225.002,46.154,-0.983,0,0.183,0,1,0,-0.183,0,-0.983],"_humanoidState":5,"_cameraCFrame":[767.188,241.936,41.226,-0.999,-0.052,0.016,0,0.299,0.954,-0.054,0.953,-0.299],"_shiftlockState":true,"_pose":"FreeFall","_animationQueue":[],"_animationSpeed":1,"_zoom":16.175},{"_mousePosition":[683,384],"_rootPartCFrame":[768.406,225.702,46.139,-0.983,0,0.186,0,1,0,-0.186,0,-0.983],"_humanoidState":5,"_cameraCFrame":[766.918,242.655,41.274,-0.999,-0.052,0.016,0,0.295,0.955,-0.054,0.954,-0.295],"_shiftlockState":true,"_pose":"FreeFall","_animationQueue":[],"_animationSpeed":1,"_zoom":16.175},{"_mousePosition":[683,384],"_rootPartCFrame":[768.14,226.347,46.125,-0.982,0,0.186,0,1,0,-0.186,0,-0.982],"_humanoidState":5,"_cameraCFrame":[766.652,243.3,41.259,-0.999,-0.052,0.016,0,0.295,0.955,-0.054,0.954,-0.295],"_shiftlockState":true,"_pose":"FreeFall","_animationQueue":[],"_animationSpeed":1,"_zoom":16.175},{"_mousePosition":[683,384],"_rootPartCFrame":[767.874,226.937,46.11,-0.982,0,0.186,0,1,0,-0.186,0,-0.982],"_humanoidState":5,"_cameraCFrame":[766.386,243.89,41.245,-0.999,-0.052,0.016,0,0.295,0.955,-0.054,0.954,-0.295],"_shiftlockState":true,"_pose":"FreeFall","_animationQueue":[],"_animationSpeed":1,"_zoom":16.175},{"_mousePosition":[683,384],"_rootPartCFrame":[767.607,227.473,46.096,-0.982,0,0.187,0,1,0,-0.187,0,-0.982],"_humanoidState":5,"_cameraCFrame":[766.119,244.426,41.23,-0.999,-0.052,0.016,0,0.295,0.955,-0.054,0.954,-0.295],"_shiftlockState":true,"_pose":"FreeFall","_animationQueue":[],"_animationSpeed":1,"_zoom":16.175},{"_mousePosition":[683,384],"_rootPartCFrame":[767.341,227.954,46.081,-0.982,0,0.187,0,1,0,-0.187,0,-0.982],"_humanoidState":5,"_cameraCFrame":[765.853,244.908,41.216,-0.999,-0.052,0.016,0,0.295,0.955,-0.054,0.954,-0.295],"_shiftlockState":true,"_pose":"FreeFall","_animationQueue":[],"_animationSpeed":1,"_zoom":16.175},{"_mousePosition":[683,384],"_rootPartCFrame":[767.075,228.381,46.067,-0.982,0,0.187,0,1,0,-0.187,0,-0.982],"_humanoidState":5,"_cameraCFrame":[765.587,245.334,41.201,-0.999,-0.052,0.016,0,0.295,0.955,-0.054,0.954,-0.295],"_shiftlockState":true,"_pose":"FreeFall","_animationQueue":[],"_animationSpeed":1,"_zoom":16.175},{"_mousePosition":[683,384],"_rootPartCFrame":[766.808,228.753,46.052,-0.982,0,0.187,0,1,0,-0.187,0,-0.982],"_humanoidState":5,"_cameraCFrame":[765.32,245.707,41.187,-0.999,-0.052,0.016,0,0.295,0.955,-0.054,0.954,-0.295],"_shiftlockState":true,"_pose":"FreeFall","_animationQueue":[],"_animationSpeed":1,"_zoom":16.175},{"_mousePosition":[683,384],"_rootPartCFrame":[766.542,229.071,46.038,-0.982,0,0.187,0,1,0,-0.187,0,-0.982],"_humanoidState":5,"_cameraCFrame":[765.054,246.025,41.172,-0.999,-0.052,0.016,0,0.295,0.955,-0.054,0.954,-0.295],"_shiftlockState":true,"_pose":"FreeFall","_animationQueue":[],"_animationSpeed":1,"_zoom":16.175},{"_mousePosition":[683,384],"_rootPartCFrame":[766.276,229.335,46.023,-0.982,0,0.187,0,1,0,-0.187,0,-0.982],"_humanoidState":5,"_cameraCFrame":[764.788,246.288,41.158,-0.999,-0.052,0.016,0,0.295,0.955,-0.054,0.954,-0.295],"_shiftlockState":true,"_pose":"FreeFall","_animationQueue":[],"_animationSpeed":1,"_zoom":16.175},{"_mousePosition":[683,384],"_rootPartCFrame":[766.009,229.544,46.009,-0.982,0,0.187,0,1,0,-0.187,0,-0.982],"_humanoidState":5,"_cameraCFrame":[764.521,246.497,41.143,-0.999,-0.052,0.016,0,0.295,0.955,-0.054,0.954,-0.295],"_shiftlockState":true,"_pose":"FreeFall","_animationQueue":[],"_animationSpeed":1,"_zoom":16.175},{"_mousePosition":[683,384],"_rootPartCFrame":[765.743,229.698,45.994,-0.982,0,0.187,0,1,0,-0.187,0,-0.982],"_humanoidState":5,"_cameraCFrame":[764.255,246.651,41.129,-0.999,-0.052,0.016,0,0.295,0.955,-0.054,0.954,-0.295],"_shiftlockState":true,"_pose":"FreeFall","_animationQueue":[],"_animationSpeed":1,"_zoom":16.175},{"_mousePosition":[683,384],"_rootPartCFrame":[765.477,229.798,45.98,-0.982,0,0.187,0,1,0,-0.187,0,-0.982],"_humanoidState":5,"_cameraCFrame":[763.934,246.744,41.107,-0.999,-0.041,0.013,0,0.297,0.955,-0.043,0.954,-0.297],"_shiftlockState":true,"_pose":"FreeFall","_animationQueue":[],"_animationSpeed":1,"_zoom":16.175},{"_mousePosition":[683,384],"_rootPartCFrame":[765.21,229.843,45.965,-0.985,0,0.175,0,1,0,-0.175,0,-0.985],"_humanoidState":5,"_cameraCFrame":[763.551,246.781,41.106,-1,-0.018,0.006,0,0.298,0.954,-0.019,0.954,-0.298],"_shiftlockState":true,"_pose":"FreeFall","_animationQueue":[],"_animationSpeed":1,"_zoom":16.175},{"_mousePosition":[683,384],"_rootPartCFrame":[764.944,229.834,45.954,-0.988,0,0.151,0,1,0,-0.151,0,-0.988],"_humanoidState":5,"_cameraCFrame":[763.213,246.531,41.275,-1,-0.004,0.001,0,0.294,0.956,-0.004,0.956,-0.294],"_shiftlockState":true,"_pose":"FreeFall","_animationQueue":[],"_animationSpeed":1,"_zoom":12.54},{"_mousePosition":[683,384],"_rootPartCFrame":[764.677,229.771,45.948,-0.991,0,0.137,0,1,0,-0.137,0,-0.991],"_humanoidState":5,"_cameraCFrame":[762.945,245.939,41.445,-1,-0.004,0.001,0,0.293,0.956,-0.004,0.956,-0.293],"_shiftlockState":true,"_pose":"FreeFall","_animationQueue":[],"_animationSpeed":1,"_zoom":12.54},{"_mousePosition":[683,384],"_rootPartCFrame":[764.411,229.653,45.946,-0.991,0,0.137,0,1,0,-0.137,0,-0.991],"_humanoidState":5,"_cameraCFrame":[762.664,245.006,41.784,-1,-0.001,0,0,0.288,0.958,-0.001,0.958,-0.288],"_shiftlockState":true,"_pose":"FreeFall","_animationQueue":[],"_animationSpeed":1,"_zoom":9.632},{"_mousePosition":[683,384],"_rootPartCFrame":[764.144,229.48,45.945,-0.991,0,0.134,0,1,0,-0.134,0,-0.991],"_humanoidState":5,"_cameraCFrame":[762.386,243.866,42.18,-1,0.002,-0.001,0,0.281,0.96,0.002,0.96,-0.281],"_shiftlockState":true,"_pose":"FreeFall","_animationQueue":[["fall",0.3]],"_animationSpeed":1,"_zoom":9.632},{"_mousePosition":[683,384],"_rootPartCFrame":[763.877,229.253,45.944,-0.991,0,0.131,0,1,0,-0.131,0,-0.991],"_humanoidState":5,"_cameraCFrame":[762.109,242.744,42.51,-1,0.005,-0.001,0,0.276,0.961,0.005,0.961,-0.276],"_shiftlockState":true,"_pose":"FreeFall","_animationQueue":[],"_animationSpeed":1,"_zoom":9.632},{"_mousePosition":[683,384],"_rootPartCFrame":[763.611,228.971,45.945,-0.992,0,0.128,0,1,0,-0.128,0,-0.992],"_humanoidState":5,"_cameraCFrame":[761.841,241.731,42.781,-1,0.006,-0.002,0,0.271,0.962,0.006,0.962,-0.271],"_shiftlockState":true,"_pose":"FreeFall","_animationQueue":[],"_animationSpeed":1,"_zoom":9.632},{"_mousePosition":[683,384],"_rootPartCFrame":[763.344,228.635,45.946,-0.992,0,0.127,0,1,0,-0.127,0,-0.992],"_humanoidState":5,"_cameraCFrame":[761.569,240.863,42.992,-1,0.008,-0.002,0,0.267,0.964,0.008,0.964,-0.267],"_shiftlockState":true,"_pose":"FreeFall","_animationQueue":[],"_animationSpeed":1,"_zoom":9.632},{"_mousePosition":[683,384],"_rootPartCFrame":[763.078,228.245,45.948,-0.992,0,0.124,0,1,0,-0.124,0,-0.992],"_humanoidState":5,"_cameraCFrame":[761.304,240.049,43.156,-1,0.008,-0.002,0,0.263,0.965,0.008,0.965,-0.263],"_shiftlockState":true,"_pose":"FreeFall","_animationQueue":[],"_animationSpeed":1,"_zoom":9.632},{"_mousePosition":[683,384],"_rootPartCFrame":[762.811,227.799,45.95,-0.992,0,0.124,0,1,0,-0.124,0,-0.992],"_humanoidState":5,"_cameraCFrame":[761.035,239.303,43.268,-1,0.009,-0.002,0,0.261,0.965,0.01,0.965,-0.26],"_shiftlockState":true,"_pose":"FreeFall","_animationQueue":[],"_animationSpeed":1,"_zoom":9.632},{"_mousePosition":[683,384],"_rootPartCFrame":[762.544,227.3,45.952,-0.992,0,0.123,0,1,0,-0.123,0,-0.992],"_humanoidState":5,"_cameraCFrame":[760.769,238.594,43.335,-1,0.009,-0.002,0,0.26,0.966,0.01,0.966,-0.26],"_shiftlockState":true,"_pose":"FreeFall","_animationQueue":[],"_animationSpeed":1,"_zoom":9.632},{"_mousePosition":[683,384],"_rootPartCFrame":[762.278,226.746,45.955,-0.992,0,0.123,0,1,0,-0.123,0,-0.992],"_humanoidState":5,"_cameraCFrame":[760.503,237.876,43.39,-1,0.009,-0.002,0,0.259,0.966,0.01,0.966,-0.259],"_shiftlockState":true,"_pose":"FreeFall","_animationQueue":[["fall",0.3]],"_animationSpeed":1,"_zoom":9.632},{"_mousePosition":[683,384],"_rootPartCFrame":[762.011,226.137,45.957,-0.992,0,0.123,0,1,0,-0.123,0,-0.992],"_humanoidState":5,"_cameraCFrame":[760.24,237.17,43.433,-1,0.008,-0.002,0,0.257,0.966,0.008,0.966,-0.257],"_shiftlockState":true,"_pose":"FreeFall","_animationQueue":[],"_animationSpeed":1,"_zoom":9.632},{"_mousePosition":[683,384],"_rootPartCFrame":[761.745,225.474,45.96,-0.992,0,0.124,0,1,0,-0.124,0,-0.992],"_humanoidState":5,"_cameraCFrame":[759.981,236.436,43.465,-1,0.005,-0.001,0,0.256,0.967,0.005,0.967,-0.256],"_shiftlockState":true,"_pose":"FreeFall","_animationQueue":[],"_animationSpeed":1,"_zoom":9.632},{"_mousePosition":[683,384],"_rootPartCFrame":[761.478,224.756,45.962,-0.992,0,0.128,0,1,0,-0.128,0,-0.992],"_humanoidState":5,"_cameraCFrame":[759.722,235.677,43.489,-1,0.002,-0.001,0,0.254,0.967,0.002,0.967,-0.254],"_shiftlockState":true,"_pose":"FreeFall","_animationQueue":[],"_animationSpeed":1,"_zoom":9.632},{"_mousePosition":[683,384],"_rootPartCFrame":[761.211,223.984,45.964,-0.991,0,0.131,0,1,0,-0.131,0,-0.991],"_humanoidState":5,"_cameraCFrame":[759.464,234.871,43.51,-1,-0.001,0,0,0.253,0.968,-0.001,0.968,-0.253],"_shiftlockState":true,"_pose":"FreeFall","_animationQueue":[],"_animationSpeed":1,"_zoom":9.632},{"_mousePosition":[683,384],"_rootPartCFrame":[760.945,223.158,45.965,-0.991,0,0.134,0,1,0,-0.134,0,-0.991],"_humanoidState":5,"_cameraCFrame":[759.197,234.023,43.525,-1,-0.001,0,0,0.252,0.968,-0.001,0.968,-0.252],"_shiftlockState":true,"_pose":"FreeFall","_animationQueue":[],"_animationSpeed":1,"_zoom":9.632},{"_mousePosition":[683,384],"_rootPartCFrame":[760.75,223.09,45.964,-0.999,0,0.036,0,1,0,-0.036,0,-0.999],"_humanoidState":7,"_cameraCFrame":[759.005,233.946,43.549,-1,-0.002,0,0,0.25,0.968,-0.002,0.968,-0.25],"_shiftlockState":true,"_pose":"FreeFall","_animationQueue":[["fall",0.3],["walk",0.1],["fall",0.3],["fall",0.3]],"_animationSpeed":1,"_zoom":9.632},{"_mousePosition":[683,384],"_rootPartCFrame":[760.51,223.199,45.964,-1,0,0.004,0,1,0,-0.004,0,-1],"_humanoidState":7,"_cameraCFrame":[758.764,234.054,43.582,-1,-0.002,0,0,0.246,0.969,-0.002,0.969,-0.246],"_shiftlockState":true,"_pose":"FreeFall","_animationQueue":[],"_animationSpeed":1,"_zoom":9.632},{"_mousePosition":[683,384],"_rootPartCFrame":[760.179,223.428,45.964,-1,0,0.002,0,1,0,-0.002,0,-1],"_humanoidState":8,"_cameraCFrame":[758.433,234.287,43.628,-1,-0.002,0,0,0.242,0.97,-0.002,0.97,-0.242],"_shiftlockState":true,"_pose":"Running","_animationQueue":[["walk",0.1],["fall",0.3],["walk",0.1]],"_animationSpeed":1.031,"_zoom":9.632},{"_mousePosition":[683,384],"_rootPartCFrame":[759.997,223.567,45.963,-1,0,0.002,0,1,0,-0.002,0,-1],"_humanoidState":8,"_cameraCFrame":[758.252,234.431,43.667,-1,-0.002,0,0,0.238,0.971,-0.002,0.971,-0.238],"_shiftlockState":true,"_pose":"Running","_animationQueue":[["walk",0.1]],"_animationSpeed":1.103,"_zoom":9.632},{"_mousePosition":[683,384],"_rootPartCFrame":[759.769,223.628,45.963,-1,0,0.002,0,1,0,-0.002,0,-1],"_humanoidState":8,"_cameraCFrame":[758.023,234.498,43.705,-1,-0.002,0,0,0.234,0.972,-0.002,0.972,-0.234],"_shiftlockState":true,"_pose":"Running","_animationQueue":[["walk",0.1]],"_animationSpeed":0.673,"_zoom":9.632},{"_mousePosition":[683,384],"_rootPartCFrame":[759.506,223.661,45.962,-1,0,0.002,0,1,0,-0.002,0,-1],"_humanoidState":8,"_cameraCFrame":[757.758,234.537,43.737,-1,-0.001,0,0,0.231,0.973,-0.001,0.973,-0.231],"_shiftlockState":true,"_pose":"Running","_animationQueue":[["walk",0.1]],"_animationSpeed":0.986,"_zoom":9.632},{"_mousePosition":[683,384],"_rootPartCFrame":[759.24,223.679,45.962,-1,0,0.001,0,1,0,-0.001,0,-1],"_humanoidState":8,"_cameraCFrame":[757.492,234.558,43.759,-1,-0.001,0,0,0.228,0.974,-0.001,0.974,-0.228],"_shiftlockState":true,"_pose":"Running","_animationQueue":[["walk",0.1]],"_animationSpeed":1.101,"_zoom":9.632},{"_mousePosition":[683,384],"_rootPartCFrame":[758.973,223.688,45.961,-1,0,0.001,0,1,0,-0.001,0,-1],"_humanoidState":8,"_cameraCFrame":[757.225,234.572,43.782,-1,-0.001,0,0,0.226,0.974,-0.001,0.974,-0.226],"_shiftlockState":true,"_pose":"Running","_animationQueue":[["walk",0.1]],"_animationSpeed":1.101,"_zoom":9.632},{"_mousePosition":[683,384],"_rootPartCFrame":[758.706,223.694,45.961,-1,0,0.001,0,1,0,-0.001,0,-1],"_humanoidState":8,"_cameraCFrame":[756.956,234.584,43.814,-1,0,0,0,0.223,0.975,0,0.975,-0.223],"_shiftlockState":true,"_pose":"Running","_animationQueue":[],"_animationSpeed":1.101,"_zoom":9.632},{"_mousePosition":[683,384],"_rootPartCFrame":[758.44,223.696,45.961,-1,0,0,0,1,0,0,0,-1],"_humanoidState":8,"_cameraCFrame":[756.69,234.592,43.836,-1,0,0,0,0.221,0.975,0,0.975,-0.221],"_shiftlockState":true,"_pose":"Running","_animationQueue":[],"_animationSpeed":1.101,"_zoom":9.632},{"_mousePosition":[683,384],"_rootPartCFrame":[758.173,223.698,45.961,-1,0,0,0,1,0,0,0,-1],"_humanoidState":8,"_cameraCFrame":[758.171,234.603,43.882,-1,0.001,0,0,0.216,0.976,0.001,0.976,-0.216],"_shiftlockState":false,"_pose":"Running","_animationQueue":[],"_animationSpeed":1.101,"_zoom":9.632},{"_mousePosition":[683,384],"_rootPartCFrame":[757.907,223.699,45.961,-0.99,0,0.144,0,1,0,-0.144,0,-0.99],"_humanoidState":8,"_cameraCFrame":[757.904,234.604,43.882,-1,0.001,0,0,0.216,0.976,0.001,0.976,-0.216],"_shiftlockState":false,"_pose":"Running","_animationQueue":[],"_animationSpeed":1.101,"_zoom":9.632},{"_mousePosition":[683,384],"_rootPartCFrame":[757.64,223.699,45.961,-0.945,0,0.327,0,1,0,-0.327,0,-0.945],"_humanoidState":8,"_cameraCFrame":[757.638,234.618,43.943,-1,0.001,0,0,0.21,0.978,0.001,0.978,-0.21],"_shiftlockState":false,"_pose":"Running","_animationQueue":[],"_animationSpeed":1.101,"_zoom":9.632},{"_mousePosition":[683,384],"_rootPartCFrame":[757.373,223.7,45.962,-0.875,0,0.484,0,1,0,-0.484,0,-0.875],"_humanoidState":8,"_cameraCFrame":[757.369,234.634,44.019,-1,0.002,0,0,0.202,0.979,0.002,0.979,-0.202],"_shiftlockState":false,"_pose":"Running","_animationQueue":[],"_animationSpeed":1.101,"_zoom":9.632},{"_mousePosition":[683,384],"_rootPartCFrame":[757.11,223.666,45.962,-0.793,0,0.609,0,1,0,-0.609,0,-0.793],"_humanoidState":8,"_cameraCFrame":[757.106,234.615,44.095,-1,0.002,0,0,0.194,0.981,0.002,0.981,-0.194],"_shiftlockState":false,"_pose":"Running","_animationQueue":[["walk",0.1]],"_animationSpeed":1.101,"_zoom":9.632},{"_mousePosition":[683,384],"_rootPartCFrame":[756.851,223.601,45.962,-0.708,0,0.706,0,1,0,-0.706,0,-0.708],"_humanoidState":8,"_cameraCFrame":[756.847,234.565,44.172,-1,0.002,0,0,0.186,0.983,0.002,0.983,-0.186],"_shiftlockState":false,"_pose":"Running","_animationQueue":[],"_animationSpeed":1.101,"_zoom":9.632},{"_mousePosition":[683,384],"_rootPartCFrame":[756.596,223.569,45.963,-0.626,0,0.78,0,1,0,-0.78,0,-0.626],"_humanoidState":8,"_cameraCFrame":[756.593,234.547,44.249,-1,0.002,0,0,0.178,0.984,0.002,0.984,-0.178],"_shiftlockState":false,"_pose":"Running","_animationQueue":[],"_animationSpeed":1.101,"_zoom":9.632},{"_mousePosition":[683,384],"_rootPartCFrame":[756.357,223.49,45.964,-0.549,0,0.836,0,1,0,-0.836,0,-0.549],"_humanoidState":8,"_cameraCFrame":[756.355,234.475,44.291,-1,0.001,0,0,0.174,0.985,0.001,0.985,-0.174],"_shiftlockState":false,"_pose":"Running","_animationQueue":[],"_animationSpeed":1.101,"_zoom":9.632},{"_mousePosition":[683,384],"_rootPartCFrame":[756.053,223.307,45.964,-0.463,0,0.886,0,1,0,-0.886,0,-0.463],"_humanoidState":8,"_cameraCFrame":[756.052,234.293,44.292,-1,0,0,0,0.174,0.985,0,0.985,-0.174],"_shiftlockState":false,"_pose":"Running","_animationQueue":[["walk",0.1]],"_animationSpeed":0.983,"_zoom":9.632},{"_mousePosition":[683,384],"_rootPartCFrame":[755.748,223.046,45.965,-0.376,0,0.927,0,1,0,-0.927,0,-0.376],"_humanoidState":8,"_cameraCFrame":[755.753,234.032,44.292,-1,-0.003,0.001,0,0.174,0.985,-0.003,0.985,-0.174],"_shiftlockState":false,"_pose":"Running","_animationQueue":[],"_animationSpeed":0.983,"_zoom":9.632},{"_mousePosition":[683,384],"_rootPartCFrame":[755.565,222.849,45.965,-0.321,0,0.947,0,1,0,-0.947,0,-0.321],"_humanoidState":8,"_cameraCFrame":[755.578,233.835,44.293,-1,-0.008,0.001,0,0.174,0.985,-0.008,0.985,-0.174],"_shiftlockState":false,"_pose":"Running","_animationQueue":[["walk",0.1]],"_animationSpeed":0.983,"_zoom":9.632},{"_mousePosition":[683,384],"_rootPartCFrame":[755.32,223.722,45.966,-0.248,0,0.969,0,1,0,-0.969,0,-0.248],"_humanoidState":3,"_cameraCFrame":[755.338,234.708,44.293,-1,-0.01,0.002,0,0.174,0.985,-0.01,0.985,-0.174],"_shiftlockState":false,"_pose":"Jumping","_animationQueue":[["walk",0.1],["jump",0.1]],"_animationSpeed":1,"_zoom":9.632},{"_mousePosition":[683,384],"_rootPartCFrame":[755.059,224.544,45.964,-0.201,0,0.98,0,1,0,-0.98,0,-0.201],"_humanoidState":5,"_cameraCFrame":[755.074,235.53,44.292,-1,-0.009,0.002,0,0.174,0.985,-0.009,0.985,-0.174],"_shiftlockState":false,"_pose":"FreeFall","_animationQueue":[["jump",0.1]],"_animationSpeed":1,"_zoom":9.632},{"_mousePosition":[683,384],"_rootPartCFrame":[754.792,225.312,45.962,-0.17,0,0.985,0,1,0,-0.985,0,-0.17],"_humanoidState":5,"_cameraCFrame":[754.813,236.297,44.289,-1,-0.012,0.002,0,0.174,0.985,-0.012,0.985,-0.174],"_shiftlockState":false,"_pose":"FreeFall","_animationQueue":[],"_animationSpeed":1,"_zoom":9.632},{"_mousePosition":[683,384],"_rootPartCFrame":[754.526,226.025,45.959,-0.145,0,0.989,0,1,0,-0.989,0,-0.145],"_humanoidState":5,"_cameraCFrame":[754.562,237.01,44.287,-1,-0.022,0.004,0,0.174,0.985,-0.022,0.985,-0.174],"_shiftlockState":false,"_pose":"FreeFall","_animationQueue":[],"_animationSpeed":1,"_zoom":9.632},{"_mousePosition":[683,384],"_rootPartCFrame":[754.259,226.683,45.956,-0.123,0,0.992,0,1,0,-0.992,0,-0.123],"_humanoidState":5,"_cameraCFrame":[754.296,237.664,44.253,-1,-0.022,0.004,0,0.177,0.984,-0.022,0.984,-0.177],"_shiftlockState":false,"_pose":"FreeFall","_animationQueue":[],"_animationSpeed":1,"_zoom":9.632},{"_mousePosition":[683,384],"_rootPartCFrame":[753.992,227.287,45.95,-0.103,0,0.995,0,1,0,-0.995,0,-0.103],"_humanoidState":5,"_cameraCFrame":[754.03,238.268,44.248,-1,-0.022,0.004,0,0.177,0.984,-0.022,0.984,-0.177],"_shiftlockState":false,"_pose":"FreeFall","_animationQueue":[],"_animationSpeed":1,"_zoom":9.632},{"_mousePosition":[683,384],"_rootPartCFrame":[753.726,227.837,45.945,-0.085,0,0.996,0,1,0,-0.996,0,-0.085],"_humanoidState":5,"_cameraCFrame":[753.763,238.817,44.242,-1,-0.022,0.004,0,0.177,0.984,-0.022,0.984,-0.177],"_shiftlockState":false,"_pose":"FreeFall","_animationQueue":[],"_animationSpeed":1,"_zoom":9.632},{"_mousePosition":[683,384],"_rootPartCFrame":[753.459,228.332,45.939,-0.07,0,0.998,0,1,0,-0.998,0,-0.07],"_humanoidState":5,"_cameraCFrame":[753.496,239.312,44.236,-1,-0.022,0.004,0,0.177,0.984,-0.022,0.984,-0.177],"_shiftlockState":false,"_pose":"FreeFall","_animationQueue":[],"_animationSpeed":1,"_zoom":9.632},{"_mousePosition":[683,384],"_rootPartCFrame":[753.193,228.772,45.933,-0.057,0,0.998,0,1,0,-0.998,0,-0.057],"_humanoidState":5,"_cameraCFrame":[753.23,239.753,44.23,-1,-0.022,0.004,0,0.177,0.984,-0.022,0.984,-0.177],"_shiftlockState":false,"_pose":"FreeFall","_animationQueue":[],"_animationSpeed":1,"_zoom":9.632},{"_mousePosition":[683,384],"_rootPartCFrame":[752.926,229.158,45.927,-0.046,0,0.999,0,1,0,-0.999,0,-0.046],"_humanoidState":5,"_cameraCFrame":[752.963,240.139,44.224,-1,-0.022,0.004,0,0.177,0.984,-0.022,0.984,-0.177],"_shiftlockState":false,"_pose":"FreeFall","_animationQueue":[],"_animationSpeed":1,"_zoom":9.632},{"_mousePosition":[683,384],"_rootPartCFrame":[752.659,229.49,45.921,-0.037,0,0.999,0,1,0,-0.999,0,-0.037],"_humanoidState":5,"_cameraCFrame":[752.697,240.47,44.218,-1,-0.022,0.004,0,0.177,0.984,-0.022,0.984,-0.177],"_shiftlockState":false,"_pose":"FreeFall","_animationQueue":[],"_animationSpeed":1,"_zoom":9.632},{"_mousePosition":[683,384],"_rootPartCFrame":[752.393,229.767,45.915,-0.028,0,1,0,1,0,-1,0,-0.028],"_humanoidState":5,"_cameraCFrame":[752.43,240.747,44.213,-1,-0.022,0.004,0,0.177,0.984,-0.022,0.984,-0.177],"_shiftlockState":false,"_pose":"FreeFall","_animationQueue":[],"_animationSpeed":1,"_zoom":9.632},{"_mousePosition":[683,384],"_rootPartCFrame":[752.126,229.99,45.91,-0.021,0,1,0,1,0,-1,0,-0.021],"_humanoidState":5,"_cameraCFrame":[752.163,240.97,44.207,-1,-0.022,0.004,0,0.177,0.984,-0.022,0.984,-0.177],"_shiftlockState":false,"_pose":"FreeFall","_animationQueue":[],"_animationSpeed":1,"_zoom":9.632},{"_mousePosition":[683,384],"_rootPartCFrame":[751.86,230.158,45.904,-0.015,0,1,0,1,0,-1,0,-0.015],"_humanoidState":5,"_cameraCFrame":[751.897,241.138,44.201,-1,-0.022,0.004,0,0.177,0.984,-0.022,0.984,-0.177],"_shiftlockState":false,"_pose":"FreeFall","_animationQueue":[],"_animationSpeed":1,"_zoom":9.632},{"_mousePosition":[683,384],"_rootPartCFrame":[751.593,230.271,45.898,-0.01,0,1,0,1,0,-1,0,-0.01],"_humanoidState":5,"_cameraCFrame":[751.63,241.251,44.195,-1,-0.022,0.004,0,0.177,0.984,-0.022,0.984,-0.177],"_shiftlockState":false,"_pose":"FreeFall","_animationQueue":[],"_animationSpeed":1,"_zoom":9.632},{"_mousePosition":[683,384],"_rootPartCFrame":[751.326,230.33,45.892,-0.005,0,1,0,1,0,-1,0,-0.005],"_humanoidState":5,"_cameraCFrame":[751.364,241.31,44.189,-1,-0.022,0.004,0,0.177,0.984,-0.022,0.984,-0.177],"_shiftlockState":false,"_pose":"FreeFall","_animationQueue":[],"_animationSpeed":1,"_zoom":9.632},{"_mousePosition":[683,384],"_rootPartCFrame":[751.06,230.335,45.886,-0.002,0,1,0,1,0,-1,0,-0.002],"_humanoidState":5,"_cameraCFrame":[751.097,241.315,44.183,-1,-0.022,0.004,0,0.177,0.984,-0.022,0.984,-0.177],"_shiftlockState":false,"_pose":"FreeFall","_animationQueue":[],"_animationSpeed":1,"_zoom":9.632},{"_mousePosition":[683,384],"_rootPartCFrame":[750.793,230.285,45.88,0.002,0,1,0,1,0,-1,0,0.002],"_humanoidState":5,"_cameraCFrame":[750.83,241.265,44.178,-1,-0.022,0.004,0,0.177,0.984,-0.022,0.984,-0.177],"_shiftlockState":false,"_pose":"FreeFall","_animationQueue":[],"_animationSpeed":1,"_zoom":9.632},{"_mousePosition":[683,384],"_rootPartCFrame":[750.527,230.18,45.875,0.005,0,1,0,1,0,-1,0,0.005],"_humanoidState":5,"_cameraCFrame":[750.564,241.16,44.172,-1,-0.022,0.004,0,0.177,0.984,-0.022,0.984,-0.177],"_shiftlockState":false,"_pose":"FreeFall","_animationQueue":[["fall",0.3]],"_animationSpeed":1,"_zoom":9.632},{"_mousePosition":[683,384],"_rootPartCFrame":[750.26,230.021,45.869,0.007,0,1,0,1,0,-1,0,0.007],"_humanoidState":5,"_cameraCFrame":[750.297,241.001,44.166,-1,-0.022,0.004,0,0.177,0.984,-0.022,0.984,-0.177],"_shiftlockState":false,"_pose":"FreeFall","_animationQueue":[],"_animationSpeed":1,"_zoom":9.632},{"_mousePosition":[683,384],"_rootPartCFrame":[749.993,229.808,45.863,0.009,0,1,0,1,0,-1,0,0.009],"_humanoidState":5,"_cameraCFrame":[750.027,240.774,44.084,-1,-0.018,0.003,0,0.185,0.983,-0.019,0.983,-0.185],"_shiftlockState":false,"_pose":"FreeFall","_animationQueue":[],"_animationSpeed":1,"_zoom":9.632},{"_mousePosition":[683,384],"_rootPartCFrame":[749.727,229.54,45.857,0.011,0,1,0,1,0,-1,0,0.011],"_humanoidState":5,"_cameraCFrame":[749.757,240.497,44.032,-1,-0.016,0.003,0,0.19,0.982,-0.017,0.982,-0.189],"_shiftlockState":false,"_pose":"FreeFall","_animationQueue":[],"_animationSpeed":1,"_zoom":9.632},{"_mousePosition":[683,384],"_rootPartCFrame":[749.46,229.217,45.852,0.012,0,1,0,1,0,-1,0,0.012],"_humanoidState":5,"_cameraCFrame":[749.487,240.169,43.996,-1,-0.014,0.003,0,0.193,0.981,-0.015,0.981,-0.193],"_shiftlockState":false,"_pose":"FreeFall","_animationQueue":[],"_animationSpeed":1,"_zoom":9.632},{"_mousePosition":[683,384],"_rootPartCFrame":[749.194,228.84,45.847,0.013,0,1,0,1,0,-1,0,0.013],"_humanoidState":5,"_cameraCFrame":[749.219,239.786,43.961,-1,-0.013,0.003,0,0.196,0.981,-0.013,0.981,-0.196],"_shiftlockState":false,"_pose":"FreeFall","_animationQueue":[],"_animationSpeed":1,"_zoom":9.632},{"_mousePosition":[683,384],"_rootPartCFrame":[748.927,228.409,45.843,0.013,0,1,0,1,0,-1,0,0.013],"_humanoidState":5,"_cameraCFrame":[748.953,239.351,43.942,-1,-0.013,0.003,0,0.197,0.98,-0.013,0.98,-0.197],"_shiftlockState":false,"_pose":"FreeFall","_animationQueue":[["fall",0.3]],"_animationSpeed":1,"_zoom":9.632},{"_mousePosition":[683,384],"_rootPartCFrame":[748.66,227.923,45.84,0.013,0,1,0,1,0,-1,0,0.013],"_humanoidState":5,"_cameraCFrame":[748.684,238.864,43.931,-1,-0.012,0.002,0,0.198,0.98,-0.012,0.98,-0.198],"_shiftlockState":false,"_pose":"FreeFall","_animationQueue":[],"_animationSpeed":1,"_zoom":9.632},{"_mousePosition":[683,384],"_rootPartCFrame":[748.394,227.382,45.836,0.013,0,1,0,1,0,-1,0,0.013],"_humanoidState":5,"_cameraCFrame":[748.418,238.322,43.92,-1,-0.012,0.002,0,0.199,0.98,-0.012,0.98,-0.199],"_shiftlockState":false,"_pose":"FreeFall","_animationQueue":[],"_animationSpeed":1,"_zoom":9.632},{"_mousePosition":[683,384],"_rootPartCFrame":[748.194,226.941,45.834,0.013,0,1,0,1,0,-1,0,0.013],"_humanoidState":5,"_cameraCFrame":[748.218,237.881,43.917,-1,-0.012,0.002,0,0.199,0.98,-0.012,0.98,-0.199],"_shiftlockState":false,"_pose":"FreeFall","_animationQueue":[],"_animationSpeed":1,"_zoom":9.632},{"_mousePosition":[683,384],"_rootPartCFrame":[747.861,226.138,45.83,0.013,0,1,0,1,0,-1,0,0.013],"_humanoidState":5,"_cameraCFrame":[747.89,237.077,43.913,-1,-0.015,0.003,0,0.199,0.98,-0.016,0.98,-0.199],"_shiftlockState":false,"_pose":"FreeFall","_animationQueue":[],"_animationSpeed":1,"_zoom":9.632},{"_mousePosition":[683,384],"_rootPartCFrame":[747.594,225.434,45.826,0.013,0,1,0,1,0,-1,0,0.013],"_humanoidState":5,"_cameraCFrame":[747.636,236.372,43.902,-1,-0.021,0.004,0,0.2,0.98,-0.022,0.98,-0.2],"_shiftlockState":false,"_pose":"FreeFall","_animationQueue":[],"_animationSpeed":1,"_zoom":9.632},{"_mousePosition":[683,384],"_rootPartCFrame":[747.327,224.675,45.822,0.013,0,1,0,1,0,-1,0,0.013],"_humanoidState":5,"_cameraCFrame":[747.38,235.612,43.891,-1,-0.027,0.005,0,0.201,0.98,-0.027,0.979,-0.201],"_shiftlockState":false,"_pose":"FreeFall","_animationQueue":[],"_animationSpeed":1,"_zoom":9.632},{"_mousePosition":[683,384],"_rootPartCFrame":[747.061,223.862,45.817,0.014,0,1,0,1,0,-1,0,0.014],"_humanoidState":5,"_cameraCFrame":[747.125,234.799,43.886,-0.999,-0.033,0.007,0,0.201,0.98,-0.033,0.979,-0.2],"_shiftlockState":false,"_pose":"FreeFall","_animationQueue":[["fall",0.3]],"_animationSpeed":1,"_zoom":9.632},{"_mousePosition":[683,384],"_rootPartCFrame":[746.794,222.995,45.81,0.016,0,1,0,1,0,-1,0,0.016],"_humanoidState":5,"_cameraCFrame":[746.867,233.93,43.871,-0.999,-0.037,0.008,0,0.201,0.98,-0.038,0.979,-0.201],"_shiftlockState":false,"_pose":"FreeFall","_animationQueue":[],"_animationSpeed":1,"_zoom":9.632},{"_mousePosition":[683,384],"_rootPartCFrame":[746.594,222.309,45.803,0.017,0,1,0,1,0,-1,0,0.017],"_humanoidState":5,"_cameraCFrame":[746.679,233.243,43.865,-0.999,-0.043,0.009,0,0.201,0.98,-0.044,0.979,-0.201],"_shiftlockState":false,"_pose":"FreeFall","_animationQueue":[],"_animationSpeed":1,"_zoom":9.632},{"_mousePosition":[683,384],"_rootPartCFrame":[746.261,221.096,45.791,0.02,0,1,0,1,0,-1,0,0.02],"_humanoidState":5,"_cameraCFrame":[746.365,232.03,43.846,-0.999,-0.052,0.011,0,0.202,0.979,-0.053,0.978,-0.202],"_shiftlockState":false,"_pose":"FreeFall","_animationQueue":[],"_animationSpeed":1,"_zoom":9.632},{"_mousePosition":[683,384],"_rootPartCFrame":[746.326,220.159,45.777,0.004,-0.033,0.999,0,0.999,0.033,-1,0,0.004],"_humanoidState":5,"_cameraCFrame":[746.414,231.089,43.826,-0.998,-0.069,0.014,0,0.203,0.979,-0.07,0.977,-0.202],"_shiftlockState":false,"_pose":"FreeFall","_animationQueue":[],"_animationSpeed":1,"_zoom":9.632},{"_mousePosition":[683,384],"_rootPartCFrame":[746.357,220.179,45.768,0.012,-0.011,1,0.001,1,0.011,-1,0.001,0.012],"_humanoidState":12,"_cameraCFrame":[746.528,231.11,43.824,-0.995,-0.094,0.019,0,0.203,0.979,-0.096,0.975,-0.202],"_shiftlockState":false,"_pose":"Climbing","_animationQueue":[["walk",0.1],["fall",0.3],["climb",0.1],["climb",0]],"_animationSpeed":-4.728,"_zoom":9.632},{"_mousePosition":[683,384],"_rootPartCFrame":[746.358,220.362,45.768,0.013,0.001,1,0,1,-0.001,-1,0,0.013],"_humanoidState":12,"_cameraCFrame":[746.669,231.294,43.838,-0.987,-0.155,0.032,0,0.203,0.979,-0.158,0.967,-0.2],"_shiftlockState":false,"_pose":"Climbing","_animationQueue":[["climb",0.1]],"_animationSpeed":0.821,"_zoom":9.632},{"_mousePosition":[683,384],"_rootPartCFrame":[746.357,220.549,45.768,0.013,0.002,1,0,1,-0.002,-1,0,0.013],"_humanoidState":12,"_cameraCFrame":[746.825,231.477,43.853,-0.972,-0.231,0.048,0,0.205,0.979,-0.236,0.951,-0.199],"_shiftlockState":false,"_pose":"Climbing","_animationQueue":[["climb",0.1]],"_animationSpeed":0.931,"_zoom":9.632},{"_mousePosition":[683,384],"_rootPartCFrame":[746.357,220.735,45.768,0.013,0,1,0,1,0,-1,0,0.013],"_humanoidState":12,"_cameraCFrame":[747.087,231.659,43.913,-0.931,-0.358,0.076,0,0.207,0.978,-0.366,0.91,-0.193],"_shiftlockState":false,"_pose":"Climbing","_animationQueue":[],"_animationSpeed":0.931,"_zoom":9.632},{"_mousePosition":[683,384],"_rootPartCFrame":[746.333,220.888,45.762,0.034,0,0.999,0,1,0,-0.999,0,0.034],"_humanoidState":8,"_cameraCFrame":[747.322,231.812,44.032,-0.868,-0.486,0.103,0,0.207,0.978,-0.496,0.849,-0.18],"_shiftlockState":false,"_pose":"Standing","_animationQueue":[["climb",0.1],["idle",0.1],["idle",0.1]],"_animationSpeed":1,"_zoom":9.632},{"_mousePosition":[683,384],"_rootPartCFrame":[746.302,220.977,45.747,0.042,-0.01,0.999,0.003,1,0.01,-0.999,0.003,0.042],"_humanoidState":5,"_cameraCFrame":[747.486,231.913,44.237,-0.784,-0.608,0.125,0,0.201,0.98,-0.621,0.768,-0.157],"_shiftlockState":false,"_pose":"FreeFall","_animationQueue":[["walk",0.1],["fall",0.3]],"_animationSpeed":1,"_zoom":9.632},{"_mousePosition":[683,384],"_rootPartCFrame":[746.308,220.993,45.726,0.054,-0.017,0.998,0.004,1,0.017,-0.999,0.003,0.054],"_humanoidState":5,"_cameraCFrame":[746.37,231.943,43.175,-0.705,-0.696,0.137,0,0.193,0.981,-0.709,0.692,-0.136],"_shiftlockState":true,"_pose":"FreeFall","_animationQueue":[],"_animationSpeed":1,"_zoom":9.632},{"_mousePosition":[683,384],"_rootPartCFrame":[746.689,221.645,45.639,-0.718,-0.008,0.696,-0.003,1,0.007,-0.696,0.003,-0.718],"_humanoidState":7,"_cameraCFrame":[746.766,232.595,43.089,-0.705,-0.696,0.137,0,0.193,0.981,-0.709,0.692,-0.136],"_shiftlockState":true,"_pose":"FreeFall","_animationQueue":[["walk",0.1],["fall",0.3],["fall",0.3]],"_animationSpeed":1,"_zoom":9.632},{"_mousePosition":[683,384],"_rootPartCFrame":[746.529,222.153,45.51,-0.741,0.004,0.671,-0.001,1,-0.007,-0.671,-0.006,-0.741],"_humanoidState":7,"_cameraCFrame":[746.688,233.109,42.971,-0.68,-0.72,0.14,0,0.19,0.982,-0.733,0.668,-0.129],"_shiftlockState":true,"_pose":"FreeFall","_animationQueue":[],"_animationSpeed":1,"_zoom":9.632},{"_mousePosition":[683,384],"_rootPartCFrame":[746.358,222.641,45.346,-0.688,0.002,0.726,0,1,-0.002,-0.726,-0.001,-0.688],"_humanoidState":8,"_cameraCFrame":[746.527,233.6,42.826,-0.673,-0.726,0.14,0,0.189,0.982,-0.74,0.661,-0.127],"_shiftlockState":true,"_pose":"Running","_animationQueue":[["fall",0.3],["walk",0.1],["fall",0.3],["walk",0.1]],"_animationSpeed":0.889,"_zoom":9.632},{"_mousePosition":[683,384],"_rootPartCFrame":[746.235,222.864