[{"_mousePosition":[1128,371],"_rootPartCFrame":[776.027,222.982,47.142,0.002,0,1,0,1,0,-1,0,0.002],"_humanoidState":8,"_cameraCFrame":[780.555,241.728,34.836,-0.938,-0.275,0.209,0,0.605,0.796,-0.345,0.747,-0.568],"_shiftlockState":false,"_pose":"Standing","_animationQueue":[],"_animationSpeed":1,"_zoom":21.665},{"_mousePosition":[1114,378],"_rootPartCFrame":[775.796,222.85,47.057,0.051,0,0.999,0,1,0,-0.999,0,0.051],"_humanoidState":8,"_cameraCFrame":[780.324,241.596,34.751,-0.938,-0.275,0.209,0,0.605,0.796,-0.345,0.747,-0.568],"_shiftlockState":false,"_pose":"Standing","_animationQueue":[],"_animationSpeed":1,"_zoom":21.665},{"_mousePosition":[1097,387],"_rootPartCFrame":[775.546,222.679,46.965,0.092,0,0.996,0,1,0,-0.996,0,0.092],"_humanoidState":8,"_cameraCFrame":[780.074,241.425,34.659,-0.938,-0.275,0.209,0,0.605,0.796,-0.345,0.747,-0.568],"_shiftlockState":false,"_pose":"Running","_animationQueue":[["walk",0.1]],"_animationSpeed":1.066,"_zoom":21.665},{"_mousePosition":[1089,392],"_rootPartCFrame":[775.296,222.655,46.873,0.127,0,0.992,0,1,0,-0.992,0,0.127],"_humanoidState":8,"_cameraCFrame":[779.824,241.401,34.567,-0.938,-0.275,0.209,0,0.605,0.796,-0.345,0.747,-0.568],"_shiftlockState":false,"_pose":"Running","_animationQueue":[],"_animationSpeed":1.066,"_zoom":21.665},{"_mousePosition":[1070,404],"_rootPartCFrame":[775.171,222.663,46.827,0.142,0,0.99,0,1,0,-0.99,0,0.142],"_humanoidState":8,"_cameraCFrame":[779.699,241.409,34.521,-0.938,-0.275,0.209,0,0.605,0.796,-0.345,0.747,-0.568],"_shiftlockState":false,"_pose":"Running","_animationQueue":[],"_animationSpeed":1.066,"_zoom":21.665},{"_mousePosition":[1057,413],"_rootPartCFrame":[774.795,222.683,46.689,0.184,0,0.983,0,1,0,-0.983,0,0.184],"_humanoidState":8,"_cameraCFrame":[779.323,241.429,34.383,-0.938,-0.275,0.209,0,0.605,0.796,-0.345,0.747,-0.568],"_shiftlockState":false,"_pose":"Running","_animationQueue":[["walk",0.1]],"_animationSpeed":1.066,"_zoom":21.665},{"_mousePosition":[1047,422],"_rootPartCFrame":[774.545,222.691,46.597,0.206,0,0.979,0,1,0,-0.979,0,0.206],"_humanoidState":8,"_cameraCFrame":[779.073,241.437,34.29,-0.938,-0.275,0.209,0,0.605,0.796,-0.345,0.747,-0.568],"_shiftlockState":false,"_pose":"Running","_animationQueue":[],"_animationSpeed":1.066,"_zoom":21.665},{"_mousePosition":[1022,449],"_rootPartCFrame":[774.295,222.695,46.505,0.225,0,0.974,0,1,0,-0.974,0,0.225],"_humanoidState":8,"_cameraCFrame":[778.823,241.441,34.198,-0.938,-0.275,0.209,0,0.605,0.796,-0.345,0.747,-0.568],"_shiftlockState":false,"_pose":"Running","_animationQueue":[],"_animationSpeed":1.066,"_zoom":21.665},{"_mousePosition":[1010,464],"_rootPartCFrame":[774.044,222.697,46.412,0.242,0,0.97,0,1,0,-0.97,0,0.242],"_humanoidState":8,"_cameraCFrame":[778.573,241.443,34.106,-0.938,-0.275,0.209,0,0.605,0.796,-0.345,0.747,-0.568],"_shiftlockState":false,"_pose":"Running","_animationQueue":[],"_animationSpeed":1.066,"_zoom":21.665},{"_mousePosition":[977,505],"_rootPartCFrame":[773.794,222.698,46.32,0.256,0,0.967,0,1,0,-0.967,0,0.256],"_humanoidState":8,"_cameraCFrame":[778.322,241.444,34.014,-0.938,-0.275,0.209,0,0.605,0.796,-0.345,0.747,-0.568],"_shiftlockState":false,"_pose":"Running","_animationQueue":[],"_animationSpeed":1.066,"_zoom":21.665},{"_mousePosition":[959,530],"_rootPartCFrame":[773.544,222.699,46.228,0.268,0,0.963,0,1,0,-0.963,0,0.268],"_humanoidState":8,"_cameraCFrame":[776.43,241.445,33.318,-0.938,-0.275,0.209,0,0.605,0.796,-0.345,0.747,-0.568],"_shiftlockState":true,"_pose":"Running","_animationQueue":[],"_animationSpeed":1.066,"_zoom":21.665},{"_mousePosition":[683,384],"_rootPartCFrame":[773.294,222.699,46.136,-0.959,0,0.284,0,1,0,-0.284,0,-0.959],"_humanoidState":8,"_cameraCFrame":[776.18,241.445,33.226,-0.938,-0.275,0.209,0,0.605,0.796,-0.345,0.747,-0.568],"_shiftlockState":true,"_pose":"Running","_animationQueue":[["walk",0.1]],"_animationSpeed":1.066,"_zoom":21.665},{"_mousePosition":[683,384],"_rootPartCFrame":[773.044,222.699,46.044,-0.947,0,0.32,0,1,0,-0.32,0,-0.947],"_humanoidState":8,"_cameraCFrame":[775.587,241.758,33.487,-0.944,-0.268,0.194,0,0.586,0.81,-0.331,0.765,-0.553],"_shiftlockState":true,"_pose":"Running","_animationQueue":[],"_animationSpeed":1.066,"_zoom":21.665},{"_mousePosition":[683,384],"_rootPartCFrame":[772.793,222.7,45.952,-0.945,0,0.328,0,1,0,-0.328,0,-0.945],"_humanoidState":8,"_cameraCFrame":[775.176,241.91,33.579,-0.946,-0.265,0.186,0,0.576,0.817,-0.324,0.773,-0.545],"_shiftlockState":true,"_pose":"Running","_animationQueue":[],"_animationSpeed":1.066,"_zoom":21.665},{"_mousePosition":[683,384],"_rootPartCFrame":[772.542,222.7,45.863,-0.946,0,0.323,0,1,0,-0.323,0,-0.946],"_humanoidState":8,"_cameraCFrame":[774.594,242.129,33.748,-0.952,-0.253,0.172,0,0.561,0.828,-0.306,0.788,-0.535],"_shiftlockState":true,"_pose":"Running","_animationQueue":[],"_animationSpeed":1.066,"_zoom":21.665},{"_mousePosition":[683,384],"_rootPartCFrame":[772.29,222.7,45.777,-0.952,0,0.306,0,1,0,-0.306,0,-0.952],"_humanoidState":8,"_cameraCFrame":[773.772,242.128,34.302,-0.961,-0.233,0.149,0,0.538,0.843,-0.277,0.81,-0.517],"_shiftlockState":true,"_pose":"Running","_animationQueue":[],"_animationSpeed":1.066,"_zoom":16.932},{"_mousePosition":[683,384],"_rootPartCFrame":[772.036,222.7,45.695,-0.961,0,0.277,0,1,0,-0.277,0,-0.961],"_humanoidState":8,"_cameraCFrame":[772.909,241.805,35.023,-0.97,-0.209,0.125,0,0.514,0.857,-0.243,0.832,-0.499],"_shiftlockState":true,"_pose":"Running","_animationQueue":[],"_animationSpeed":1.066,"_zoom":16.932},{"_mousePosition":[683,384],"_rootPartCFrame":[771.782,223.573,45.613,-0.97,0,0.243,0,1,0,-0.243,0,-0.97],"_humanoidState":3,"_cameraCFrame":[772.016,241.792,35.79,-0.979,-0.174,0.101,0,0.501,0.866,-0.201,0.848,-0.49],"_shiftlockState":true,"_pose":"Jumping","_animationQueue":[["walk",0.1],["walk",0.1],["jump",0.1]],"_animationSpeed":1,"_zoom":13.146},{"_mousePosition":[683,384],"_rootPartCFrame":[771.524,224.395,45.545,-0.957,0,0.291,0,1,0,-0.291,0,-0.957],"_humanoidState":5,"_cameraCFrame":[771.181,241.539,36.386,-0.988,-0.134,0.077,0,0.499,0.867,-0.154,0.857,-0.493],"_shiftlockState":true,"_pose":"FreeFall","_animationQueue":[["jump",0.1]],"_animationSpeed":1,"_zoom":13.146},{"_mousePosition":[683,384],"_rootPartCFrame":[771.263,225.162,45.49,-0.96,0,0.279,0,1,0,-0.279,0,-0.96],"_humanoidState":5,"_cameraCFrame":[770.444,241.259,36.862,-0.994,-0.094,0.054,0,0.503,0.864,-0.108,0.859,-0.5],"_shiftlockState":true,"_pose":"FreeFall","_animationQueue":[],"_animationSpeed":1,"_zoom":13.146},{"_mousePosition":[683,384],"_rootPartCFrame":[771,225.875,45.447,-0.971,0,0.239,0,1,0,-0.239,0,-0.971],"_humanoidState":5,"_cameraCFrame":[769.89,241.073,37.324,-0.997,-0.068,0.04,0,0.505,0.863,-0.079,0.861,-0.503],"_shiftlockState":true,"_pose":"FreeFall","_animationQueue":[],"_animationSpeed":1,"_zoom":13.146},{"_mousePosition":[683,384],"_rootPartCFrame":[770.735,226.534,45.416,-0.978,0,0.211,0,1,0,-0.211,0,-0.978],"_humanoidState":5,"_cameraCFrame":[769.587,241.087,37.669,-0.997,-0.067,0.039,0,0.505,0.863,-0.078,0.861,-0.503],"_shiftlockState":true,"_pose":"FreeFall","_animationQueue":[],"_animationSpeed":1,"_zoom":13.146},{"_mousePosition":[683,384],"_rootPartCFrame":[770.536,226.992,45.399,-0.984,0,0.177,0,1,0,-0.177,0,-0.984],"_humanoidState":5,"_cameraCFrame":[769.365,241.034,37.951,-0.997,-0.067,0.039,0,0.505,0.863,-0.078,0.861,-0.503],"_shiftlockState":true,"_pose":"FreeFall","_animationQueue":[],"_animationSpeed":1,"_zoom":13.146},{"_mousePosition":[683,384],"_rootPartCFrame":[770.204,227.687,45.373,-0.97,0,0.242,0,1,0,-0.242,0,-0.97],"_humanoidState":5,"_cameraCFrame":[769.016,241.378,38.13,-0.997,-0.067,0.039,0,0.505,0.863,-0.078,0.861,-0.503],"_shiftlockState":true,"_pose":"FreeFall","_animationQueue":[],"_animationSpeed":1,"_zoom":13.146},{"_mousePosition":[683,384],"_rootPartCFrame":[770.004,228.064,45.357,-0.984,0,0.177,0,1,0,-0.177,0,-0.984],"_humanoidState":5,"_cameraCFrame":[768.805,241.487,38.27,-0.997,-0.067,0.039,0,0.505,0.863,-0.078,0.861,-0.503],"_shiftlockState":true,"_pose":"FreeFall","_animationQueue":[],"_animationSpeed":1,"_zoom":13.146},{"_mousePosition":[683,384],"_rootPartCFrame":[769.672,228.623,45.331,-0.97,0,0.242,0,1,0,-0.242,0,-0.97],"_humanoidState":5,"_cameraCFrame":[768.454,241.64,38.48,-0.997,-0.067,0.039,0,0.505,0.863,-0.078,0.861,-0.503],"_shiftlockState":true,"_pose":"FreeFall","_animationQueue":[],"_animationSpeed":1,"_zoom":10.116},{"_mousePosition":[683,384],"_rootPartCFrame":[769.406,229.009,45.31,-0.978,0,0.21,0,1,0,-0.21,0,-0.978],"_humanoidState":5,"_cameraCFrame":[768.162,241.465,38.787,-0.997,-0.067,0.039,0,0.505,0.863,-0.078,0.861,-0.503],"_shiftlockState":true,"_pose":"FreeFall","_animationQueue":[],"_animationSpeed":1,"_zoom":10.116},{"_mousePosition":[683,384],"_rootPartCFrame":[769.14,229.34,45.29,-0.978,0,0.21,0,1,0,-0.21,0,-0.978],"_humanoidState":5,"_cameraCFrame":[767.873,241.283,39.065,-0.997,-0.067,0.039,0,0.505,0.863,-0.078,0.861,-0.503],"_shiftlockState":true,"_pose":"FreeFall","_animationQueue":[],"_animationSpeed":1,"_zoom":10.116},{"_mousePosition":[683,384],"_rootPartCFrame":[768.941,229.553,45.274,-0.984,0,0.177,0,1,0,-0.177,0,-0.984],"_humanoidState":5,"_cameraCFrame":[767.651,241.012,39.332,-0.997,-0.067,0.039,0,0.505,0.863,-0.078,0.861,-0.503],"_shiftlockState":true,"_pose":"FreeFall","_animationQueue":[],"_animationSpeed":1,"_zoom":10.116},{"_mousePosition":[683,384],"_rootPartCFrame":[768.609,229.84,45.248,-0.97,0,0.242,0,1,0,-0.242,0,-0.97],"_humanoidState":5,"_cameraCFrame":[767.304,240.964,39.501,-0.997,-0.067,0.039,0,0.505,0.863,-0.078,0.861,-0.503],"_shiftlockState":true,"_pose":"FreeFall","_animationQueue":[],"_animationSpeed":1,"_zoom":10.116},{"_mousePosition":[683,384],"_rootPartCFrame":[768.343,230.008,45.227,-0.978,0,0.21,0,1,0,-0.21,0,-0.978],"_humanoidState":5,"_cameraCFrame":[767.026,240.864,39.636,-0.997,-0.067,0.039,0,0.505,0.863,-0.078,0.861,-0.503],"_shiftlockState":true,"_pose":"FreeFall","_animationQueue":[],"_animationSpeed":1,"_zoom":10.116},{"_mousePosition":[683,384],"_rootPartCFrame":[768.077,230.122,45.206,-0.978,0,0.21,0,1,0,-0.21,0,-0.978],"_humanoidState":5,"_cameraCFrame":[766.751,240.784,39.728,-0.997,-0.067,0.039,0,0.505,0.863,-0.078,0.861,-0.503],"_shiftlockState":true,"_pose":"FreeFall","_animationQueue":[],"_animationSpeed":1,"_zoom":10.116},{"_mousePosition":[683,384],"_rootPartCFrame":[767.811,230.181,45.185,-0.978,0,0.21,0,1,0,-0.21,0,-0.978],"_humanoidState":5,"_cameraCFrame":[766.486,240.673,39.699,-0.997,-0.067,0.04,0,0.512,0.859,-0.078,0.856,-0.511],"_shiftlockState":true,"_pose":"FreeFall","_animationQueue":[],"_animationSpeed":1,"_zoom":10.116},{"_mousePosition":[683,384],"_rootPartCFrame":[767.545,230.185,45.165,-0.978,0,0.21,0,1,0,-0.21,0,-0.978],"_humanoidState":5,"_cameraCFrame":[766.204,240.541,39.667,-0.997,-0.064,0.039,0,0.519,0.855,-0.075,0.852,-0.518],"_shiftlockState":true,"_pose":"FreeFall","_animationQueue":[],"_animationSpeed":1,"_zoom":10.116},{"_mousePosition":[683,384],"_rootPartCFrame":[767.346,230.153,45.149,-0.985,0,0.174,0,1,0,-0.174,0,-0.985],"_humanoidState":5,"_cameraCFrame":[766.013,240.44,39.69,-0.997,-0.066,0.04,0,0.519,0.855,-0.077,0.852,-0.518],"_shiftlockState":true,"_pose":"FreeFall","_animationQueue":[],"_animationSpeed":1,"_zoom":10.116},{"_mousePosition":[683,384],"_rootPartCFrame":[767.013,230.031,45.124,-0.97,0,0.241,0,1,0,-0.241,0,-0.97],"_humanoidState":5,"_cameraCFrame":[765.697,240.298,39.738,-0.997,-0.07,0.042,0,0.514,0.857,-0.081,0.855,-0.513],"_shiftlockState":true,"_pose":"FreeFall","_animationQueue":[],"_animationSpeed":1,"_zoom":10.116},{"_mousePosition":[683,384],"_rootPartCFrame":[766.747,229.872,45.103,-0.977,0,0.213,0,1,0,-0.213,0,-0.977],"_humanoidState":5,"_cameraCFrame":[765.438,240.164,39.823,-0.996,-0.073,0.043,0,0.505,0.863,-0.084,0.86,-0.504],"_shiftlockState":true,"_pose":"FreeFall","_animationQueue":[],"_animationSpeed":1,"_zoom":10.116},{"_mousePosition":[683,384],"_rootPartCFrame":[766.482,229.658,45.082,-0.976,0,0.216,0,1,0,-0.216,0,-0.976],"_humanoidState":5,"_cameraCFrame":[765.164,239.984,39.905,-0.996,-0.073,0.042,0,0.496,0.868,-0.084,0.865,-0.495],"_shiftlockState":true,"_pose":"FreeFall","_animationQueue":[],"_animationSpeed":1,"_zoom":10.116},{"_mousePosition":[683,384],"_rootPartCFrame":[766.216,229.39,45.059,-0.976,0,0.216,0,1,0,-0.216,0,-0.976],"_humanoidState":5,"_cameraCFrame":[764.896,239.78,40.031,-0.996,-0.076,0.042,0,0.482,0.876,-0.086,0.873,-0.481],"_shiftlockState":true,"_pose":"FreeFall","_animationQueue":[],"_animationSpeed":1,"_zoom":10.116},{"_mousePosition":[683,384],"_rootPartCFrame":[765.95,229.068,45.037,-0.976,0,0.218,0,1,0,-0.218,0,-0.976],"_humanoidState":5,"_cameraCFrame":[764.642,239.504,40.108,-0.996,-0.08,0.043,0,0.472,0.881,-0.091,0.878,-0.47],"_shiftlockState":true,"_pose":"FreeFall","_animationQueue":[["fall",0.3]],"_animationSpeed":1,"_zoom":10.116},{"_mousePosition":[683,384],"_rootPartCFrame":[765.751,228.79,45.02,-0.982,0,0.19,0,1,0,-0.19,0,-0.982],"_humanoidState":5,"_cameraCFrame":[764.46,239.265,40.174,-0.995,-0.085,0.044,0,0.464,0.886,-0.096,0.882,-0.462],"_shiftlockState":true,"_pose":"FreeFall","_animationQueue":[],"_animationSpeed":1,"_zoom":10.116},{"_mousePosition":[683,384],"_rootPartCFrame":[765.419,228.259,44.99,-0.966,0,0.26,0,1,0,-0.26,0,-0.966],"_humanoidState":5,"_cameraCFrame":[764.154,238.749,40.174,-0.995,-0.091,0.047,0,0.46,0.888,-0.102,0.883,-0.458],"_shiftlockState":true,"_pose":"FreeFall","_animationQueue":[],"_animationSpeed":1,"_zoom":10.116},{"_mousePosition":[683,384],"_rootPartCFrame":[765.154,227.773,44.964,-0.972,0,0.233,0,1,0,-0.233,0,-0.972],"_humanoidState":5,"_cameraCFrame":[763.907,238.267,40.16,-0.994,-0.094,0.049,0,0.459,0.889,-0.106,0.883,-0.456],"_shiftlockState":true,"_pose":"FreeFall","_animationQueue":[],"_animationSpeed":1,"_zoom":10.116},{"_mousePosition":[683,384],"_rootPartCFrame":[764.888,227.233,44.937,-0.971,0,0.237,0,1,0,-0.237,0,-0.971],"_humanoidState":5,"_cameraCFrame":[763.647,237.725,40.132,-0.994,-0.095,0.049,0,0.459,0.889,-0.107,0.883,-0.456],"_shiftlockState":true,"_pose":"FreeFall","_animationQueue":[],"_animationSpeed":1,"_zoom":10.116},{"_mousePosition":[683,384],"_rootPartCFrame":[764.623,226.638,44.909,-0.971,0,0.238,0,1,0,-0.238,0,-0.971],"_humanoidState":5,"_cameraCFrame":[763.382,237.129,40.105,-0.994,-0.095,0.049,0,0.459,0.889,-0.107,0.883,-0.456],"_shiftlockState":true,"_pose":"FreeFall","_animationQueue":[],"_animationSpeed":1,"_zoom":10.116},{"_mousePosition":[683,384],"_rootPartCFrame":[764.358,225.988,44.881,-0.971,0,0.238,0,1,0,-0.238,0,-0.971],"_humanoidState":5,"_cameraCFrame":[763.121,236.482,40.082,-0.994,-0.096,0.05,0,0.458,0.889,-0.108,0.884,-0.455],"_shiftlockState":true,"_pose":"FreeFall","_animationQueue":[],"_animationSpeed":1,"_zoom":10.116},{"_mousePosition":[683,384],"_rootPartCFrame":[764.159,225.465,44.859,-0.978,0,0.207,0,1,0,-0.207,0,-0.978],"_humanoidState":5,"_cameraCFrame":[762.96,235.97,40.073,-0.993,-0.104,0.053,0,0.456,0.89,-0.117,0.884,-0.453],"_shiftlockState":true,"_pose":"FreeFall","_animationQueue":[["fall",0.3]],"_animationSpeed":1,"_zoom":10.116},{"_mousePosition":[683,384],"_rootPartCFrame":[763.828,224.526,44.823,-0.96,0,0.28,0,1,0,-0.28,0,-0.96],"_humanoidState":5,"_cameraCFrame":[762.709,235.048,40.052,-0.991,-0.12,0.061,0,0.452,0.892,-0.134,0.884,-0.448],"_shiftlockState":true,"_pose":"FreeFall","_animationQueue":[],"_animationSpeed":1,"_zoom":10.116},{"_mousePosition":[683,384],"_rootPartCFrame":[763.563,223.713,44.792,-0.964,0,0.265,0,1,0,-0.265,0,-0.964],"_humanoidState":5,"_cameraCFrame":[762.596,234.261,40.037,-0.986,-0.15,0.075,0,0.447,0.894,-0.167,0.882,-0.441],"_shiftlockState":true,"_pose":"FreeFall","_animationQueue":[],"_animationSpeed":1,"_zoom":10.116},{"_mousePosition":[683,384],"_rootPartCFrame":[763.299,223.59,44.757,-0.978,0,0.208,0,1,0,-0.208,0,-0.978],"_humanoidState":7,"_cameraCFrame":[762.57,234.164,40.008,-0.976,-0.196,0.097,0,0.442,0.897,-0.219,0.875,-0.432],"_shiftlockState":true,"_pose":"FreeFall","_animationQueue":[["walk",0.1],["fall",0.3],["fall",0.3]],"_animationSpeed":1,"_zoom":10.116},{"_mousePosition":[683,384],"_rootPartCFrame":[763.035,223.588,44.714,-0.975,0,0.223,0,1,0,-0.223,0,-0.975],"_humanoidState":7,"_cameraCFrame":[762.766,234.186,39.964,-0.949,-0.283,0.138,0,0.437,0.899,-0.315,0.854,-0.415],"_shiftlockState":true,"_pose":"FreeFall","_animationQueue":[],"_animationSpeed":1,"_zoom":10.116},{"_mousePosition":[683,384],"_rootPartCFrame":[762.71,223.444,44.642,-0.949,0,0.315,0,1,0,-0.315,0,-0.949],"_humanoidState":8,"_cameraCFrame":[762.932,234.067,39.938,-0.91,-0.374,0.179,0,0.432,0.902,-0.415,0.82,-0.393],"_shiftlockState":true,"_pose":"Running","_animationQueue":[["walk",0.1],["fall",0.3],["walk",0.1]],"_animationSpeed":1.103,"_zoom":10.116},{"_mousePosition":[683,384],"_rootPartCFrame":[762.519,223.317,44.583,-0.908,0,0.418,0,1,0,-0.418,0,-0.908],"_humanoidState":8,"_cameraCFrame":[763.315,233.978,40.018,-0.847,-0.481,0.225,0,0.424,0.906,-0.531,0.767,-0.359],"_shiftlockState":true,"_pose":"Running","_animationQueue":[],"_animationSpeed":1.103,"_zoom":10.116},{"_mousePosition":[683,384],"_rootPartCFrame":[762.275,223.1,44.477,-0.843,0,0.538,0,1,0,-0.538,0,-0.843],"_humanoidState":8,"_cameraCFrame":[763.594,233.803,40.12,-0.772,-0.578,0.264,0,0.415,0.91,-0.636,0.702,-0.321],"_shiftlockState":true,"_pose":"Running","_animationQueue":[["walk",0.1]],"_animationSpeed":1.103,"_zoom":10.116},{"_mousePosition":[683,384],"_rootPartCFrame":[761.99,222.752,44.304,-0.766,0,0.643,0,1,0,-0.643,0,-0.766],"_humanoidState":8,"_cameraCFrame":[763.645,233.482,40.123,-0.713,-0.639,0.287,0,0.409,0.912,-0.701,0.651,-0.292],"_shiftlockState":true,"_pose":"Running","_animationQueue":[],"_animationSpeed":1.103,"_zoom":10.116},{"_mousePosition":[683,384],"_rootPartCFrame":[761.781,222.707,44.139,-0.711,0,0.703,0,1,0,-0.703,0,-0.711],"_humanoidState":8,"_cameraCFrame":[763.587,233.467,40.088,-0.679,-0.672,0.296,0,0.403,0.915,-0.734,0.621,-0.273],"_shiftlockState":true,"_pose":"Running","_animationQueue":[],"_animationSpeed":1.103,"_zoom":10.116},{"_mousePosition":[683,384],"_rootPartCFrame":[761.588,222.706,43.955,-0.678,0,0.735,0,1,0,-0.735,0,-0.678],"_humanoidState":8,"_cameraCFrame":[763.396,233.472,39.919,-0.676,-0.675,0.296,0,0.401,0.916,-0.737,0.619,-0.271],"_shiftlockState":true,"_pose":"Running","_animationQueue":[],"_animationSpeed":1.103,"_zoom":10.116},{"_mousePosition":[683,384],"_rootPartCFrame":[761.406,222.706,43.76,-0.676,0,0.737,0,1,0,-0.737,0,-0.676],"_humanoidState":8,"_cameraCFrame":[763.077,233.472,39.667,-0.701,-0.654,0.286,0,0.401,0.916,-0.714,0.642,-0.281],"_shiftlockState":true,"_pose":"Running","_animationQueue":[],"_animationSpeed":1.103,"_zoom":10.116},{"_mousePosition":[683,384],"_rootPartCFrame":[761.271,222.706,43.613,-0.701,0,0.714,0,1,0,-0.714,0,-0.701],"_humanoidState":8,"_cameraCFrame":[762.645,233.479,39.425,-0.748,-0.608,0.265,0,0.4,0.917,-0.663,0.686,-0.299],"_shiftlockState":true,"_pose":"Running","_animationQueue":[],"_animationSpeed":1.103,"_zoom":10.116},{"_mousePosition":[683,384],"_rootPartCFrame":[761.038,222.706,43.374,-0.748,0,0.663,0,1,0,-0.663,0,-0.748],"_humanoidState":8,"_cameraCFrame":[762.026,233.495,39.114,-0.802,-0.548,0.236,0,0.396,0.918,-0.597,0.737,-0.318],"_shiftlockState":true,"_pose":"Running","_animationQueue":[["walk",0.1]],"_animationSpeed":1.103,"_zoom":10.116},{"_mousePosition":[683,384],"_rootPartCFrame":[760.84,222.706,43.195,-0.802,0,0.597,0,1,0,-0.597,0,-0.802],"_humanoidState":8,"_cameraCFrame":[761.389,233.527,38.925,-0.854,-0.479,0.202,0,0.389,0.921,-0.52,0.787,-0.332],"_shiftlockState":true,"_pose":"Running","_animationQueue":[],"_animationSpeed":1.103,"_zoom":10.116},{"_mousePosition":[683,384],"_rootPartCFrame":[760.641,223.579,43.018,-0.854,0,0.52,0,1,0,-0.52,0,-0.854],"_humanoidState":3,"_cameraCFrame":[760.898,234.428,38.783,-0.884,-0.431,0.178,0,0.382,0.924,-0.467,0.817,-0.338],"_shiftlockState":true,"_pose":"Jumping","_animationQueue":[["walk",0.1],["jump",0.1]],"_animationSpeed":1,"_zoom":10.116},{"_mousePosition":[683,384],"_rootPartCFrame":[760.427,224.402,42.861,-0.838,0,0.546,0,1,0,-0.546,0,-0.838],"_humanoidState":5,"_cameraCFrame":[760.383,235.284,38.694,-0.912,-0.381,0.153,0,0.374,0.927,-0.41,0.846,-0.341],"_shiftlockState":true,"_pose":"FreeFall","_animationQueue":[["jump",0.1]],"_animationSpeed":1,"_zoom":10.116},{"_mousePosition":[683,384],"_rootPartCFrame":[760.203,225.169,42.713,-0.851,0,0.525,0,1,-0.001,-0.525,-0.001,-0.851],"_humanoidState":5,"_cameraCFrame":[759.952,236.082,38.62,-0.929,-0.345,0.136,0,0.366,0.93,-0.371,0.864,-0.34],"_shiftlockState":true,"_pose":"FreeFall","_animationQueue":[],"_animationSpeed":1,"_zoom":10.116},{"_mousePosition":[683,384],"_rootPartCFrame":[759.965,225.882,42.591,-0.871,0,0.491,0,1,-0.001,-0.491,-0.001,-0.871],"_humanoidState":5,"_cameraCFrame":[759.512,236.822,38.579,-0.944,-0.308,0.119,0,0.36,0.933,-0.33,0.881,-0.34],"_shiftlockState":true,"_pose":"FreeFall","_animationQueue":[],"_animationSpeed":1,"_zoom":10.116},{"_mousePosition":[683,384],"_rootPartCFrame":[759.72,226.541,42.485,-0.892,0,0.452,0,1,0,-0.452,0,-0.892],"_humanoidState":5,"_cameraCFrame":[759.036,237.504,38.561,-0.96,-0.261,0.099,0,0.354,0.935,-0.279,0.898,-0.34],"_shiftlockState":true,"_pose":"FreeFall","_animationQueue":[],"_animationSpeed":1,"_zoom":10.116},{"_mousePosition":[683,384],"_rootPartCFrame":[759.469,227.145,42.396,-0.915,0,0.404,0,1,0,-0.404,0,-0.915],"_humanoidState":5,"_cameraCFrame":[758.497,238.133,38.597,-0.978,-0.198,0.073,0,0.347,0.938,-0.211,0.917,-0.339],"_shiftlockState":true,"_pose":"FreeFall","_animationQueue":[],"_animationSpeed":1,"_zoom":10.116},{"_mousePosition":[683,384],"_rootPartCFrame":[759.213,227.694,42.319,-0.941,0,0.339,0,1,0,-0.339,0,-0.941],"_humanoidState":5,"_cameraCFrame":[757.974,238.714,38.679,-0.99,-0.135,0.049,0,0.338,0.941,-0.144,0.931,-0.335],"_shiftlockState":true,"_pose":"FreeFall","_animationQueue":[],"_animationSpeed":1,"_zoom":10.116},{"_mousePosition":[683,384],"_rootPartCFrame":[758.954,228.189,42.26,-0.962,0,0.274,0,1,0,-0.274,0,-0.962],"_humanoidState":5,"_cameraCFrame":[757.384,239.257,38.884,-0.999,-0.051,0.018,0,0.325,0.946,-0.054,0.944,-0.324],"_shiftlockState":true,"_pose":"FreeFall","_animationQueue":[],"_animationSpeed":1,"_zoom":10.116},{"_mousePosition":[683,384],"_rootPartCFrame":[758.69,228.63,42.218,-0.982,0,0.186,0,1,0,-0.186,0,-0.982],"_humanoidState":5,"_cameraCFrame":[756.832,239.749,39.15,-0.999,0.033,-0.011,0,0.309,0.951,0.035,0.95,-0.309],"_shiftlockState":true,"_pose":"FreeFall","_animationQueue":[],"_animationSpeed":1,"_zoom":10.116},{"_mousePosition":[683,384],"_rootPartCFrame":[758.425,229.016,42.198,-0.995,0,0.098,0,1,0,-0.098,0,-0.995],"_humanoidState":5,"_cameraCFrame":[756.298,240.18,39.462,-0.991,0.125,-0.039,0,0.296,0.955,0.131,0.947,-0.293],"_shiftlockState":true,"_pose":"FreeFall","_animationQueue":[],"_animationSpeed":1,"_zoom":10.116},{"_mousePosition":[683,384],"_rootPartCFrame":[758.158,229.347,42.202,-1,0,0.002,0,1,0,-0.002,0,-1],"_humanoidState":5,"_cameraCFrame":[755.847,240.531,39.692,-0.979,0.195,-0.059,0,0.289,0.957,0.204,0.937,-0.283],"_shiftlockState":true,"_pose":"FreeFall","_animationQueue":[],"_animationSpeed":1,"_zoom":10.116},{"_mousePosition":[683,384],"_rootPartCFrame":[757.893,229.624,42.23,-0.997,0,-0.072,0,1,0,0.072,0,-0.997],"_humanoidState":5,"_cameraCFrame":[755.421,240.815,39.908,-0.963,0.26,-0.078,0,0.287,0.958,0.271,0.922,-0.276],"_shiftlockState":true,"_pose":"FreeFall","_animationQueue":[],"_animationSpeed":1,"_zoom":10.116},{"_mousePosition":[683,384],"_rootPartCFrame":[757.646,229.847,42.206,-0.99,0,-0.14,0,1,0,0.14,0,-0.99],"_humanoidState":5,"_cameraCFrame":[755.001,241.042,40.106,-0.938,0.333,-0.099,0,0.286,0.958,0.348,0.898,-0.268],"_shiftlockState":true,"_pose":"FreeFall","_animationQueue":[],"_animationSpeed":1,"_zoom":10.116},{"_mousePosition":[683,384],"_rootPartCFrame":[757.389,230.015,42.23,-0.975,0,-0.22,0,1,0,0.22,0,-0.975],"_humanoidState":5,"_cameraCFrame":[754.595,241.214,40.356,-0.908,0.402,-0.119,0,0.284,0.959,0.419,0.87,-0.258],"_shiftlockState":true,"_pose":"FreeFall","_animationQueue":[],"_animationSpeed":1,"_zoom":10.116},{"_mousePosition":[683,384],"_rootPartCFrame":[757.135,230.128,42.294,-0.955,0,-0.295,0,1,0,0.295,0,-0.955],"_humanoidState":5,"_cameraCFrame":[754.202,241.333,40.673,-0.87,0.474,-0.14,0,0.283,0.959,0.494,0.834,-0.246],"_shiftlockState":true,"_pose":"FreeFall","_animationQueue":[],"_animationSpeed":1,"_zoom":10.116},{"_mousePosition":[683,384],"_rootPartCFrame":[756.89,230.187,42.395,-0.927,0,-0.374,0,1,0,0.374,0,-0.927],"_humanoidState":5,"_cameraCFrame":[753.791,241.392,41.119,-0.808,0.566,-0.167,0,0.283,0.959,0.59,0.775,-0.228],"_shiftlockState":true,"_pose":"FreeFall","_animationQueue":[],"_animationSpeed":1,"_zoom":10.116},{"_mousePosition":[683,384],"_rootPartCFrame":[756.655,230.192,42.522,-0.879,0,-0.477,0,1,0,0.477,0,-0.879],"_humanoidState":5,"_cameraCFrame":[753.406,241.382,41.548,-0.74,0.644,-0.193,0,0.287,0.958,0.672,0.709,-0.213],"_shiftlockState":true,"_pose":"FreeFall","_animationQueue":[],"_animationSpeed":1,"_zoom":10.116},{"_mousePosition":[683,384],"_rootPartCFrame":[756.549,230.312,42.588,-0.76,0,-0.65,0,1,0,0.65,0,-0.76],"_humanoidState":7,"_cameraCFrame":[753.154,241.481,41.959,-0.656,0.722,-0.222,0,0.294,0.956,0.755,0.627,-0.193],"_shiftlockState":true,"_pose":"FreeFall","_animationQueue":[["walk",0.1]],"_animationSpeed":1.103,"_zoom":10.116},{"_mousePosition":[683,384],"_rootPartCFrame":[756.447,230.49,42.676,-0.652,0,-0.758,0,1,0,0.758,0,-0.652],"_humanoidState":7,"_cameraCFrame":[752.972,241.644,42.331,-0.584,0.775,-0.242,0,0.299,0.954,0.812,0.557,-0.174],"_shiftlockState":true,"_pose":"FreeFall","_animationQueue":[["fall",0.3]],"_animationSpeed":1,"_zoom":10.116},{"_mousePosition":[683,384],"_rootPartCFrame":[756.351,230.563,42.784,-0.583,0,-0.813,0,1,0,0.813,0,-0.583],"_humanoidState":8,"_cameraCFrame":[752.828,241.705,42.638,-0.532,0.807,-0.256,0,0.303,0.953,0.847,0.507,-0.161],"_shiftlockState":true,"_pose":"Running","_animationQueue":[["walk",0.1],["fall",0.3],["walk",0.1]],"_animationSpeed":0.438,"_zoom":10.116},{"_mousePosition":[683,384],"_rootPartCFrame":[756.276,230.666,42.886,-0.532,0,-0.847,0,1,0,0.847,0,-0.532],"_humanoidState":8,"_cameraCFrame":[752.737,241.804,42.861,-0.501,0.825,-0.263,0,0.304,0.953,0.866,0.477,-0.152],"_shiftlockState":true,"_pose":"Running","_animationQueue":[["walk",0.1]],"_animationSpeed":0.484,"_zoom":10.116},{"_mousePosition":[683,384],"_rootPartCFrame":[756.202,230.741,43.001,-0.501,0,-0.866,0,1,0,0.866,0,-0.501],"_humanoidState":8,"_cameraCFrame":[752.663,241.878,42.979,-0.5,0.825,-0.263,0,0.304,0.953,0.866,0.476,-0.152],"_shiftlockState":true,"_pose":"Running","_animationQueue":[["walk",0.1]],"_animationSpeed":0.529,"_zoom":10.116},{"_mousePosition":[683,384],"_rootPartCFrame":[756.13,230.655,43.124,-0.5,0,-0.866,0,1,0,0.866,0,-0.5],"_humanoidState":8,"_cameraCFrame":[752.598,241.793,42.906,-0.547,0.797,-0.255,0,0.304,0.953,0.837,0.521,-0.166],"_shiftlockState":true,"_pose":"Running","_animationQueue":[["walk",0.1]],"_animationSpeed":0.568,"_zoom":10.116},{"_mousePosition":[683,384],"_rootPartCFrame":[756.059,230.501,43.248,-0.547,0,-0.837,0,1,0,0.837,0,-0.547],"_humanoidState":8,"_cameraCFrame":[752.568,241.634,42.587,-0.646,0.727,-0.233,0,0.306,0.952,0.763,0.615,-0.197],"_shiftlockState":true,"_pose":"Running","_animationQueue":[],"_animationSpeed":0.568,"_zoom":10.116},{"_mousePosition":[683,384],"_rootPartCFrame":[755.985,230.293,43.363,-0.65,0,-0.76,0,1,0,0.76,0,-0.65],"_humanoidState":8,"_cameraCFrame":[752.652,241.415,42.055,-0.774,0.603,-0.196,0,0.309,0.951,0.634,0.736,-0.239],"_shiftlockState":true,"_pose":"Running","_animationQueue":[],"_animationSpeed":0.568,"_zoom":10.116},{"_mousePosition":[683,384],"_rootPartCFrame":[755.909,230.03,43.456,-0.78,0,-0.626,0,1,0,0.626,0,-0.78],"_humanoidState":8,"_cameraCFrame":[752.855,241.184,41.763,-0.858,0.49,-0.153,0,0.299,0.954,0.514,0.819,-0.256],"_shiftlockState":true,"_pose":"Running","_animationQueue":[["walk",0.1]],"_animationSpeed":0.568,"_zoom":10.116},{"_mousePosition":[683,384],"_rootPartCFrame":[755.831,229.712,43.525,-0.863,0,-0.505,0,1,0,0.505,0,-0.863],"_humanoidState":8,"_cameraCFrame":[752.933,240.898,41.736,-0.888,0.44,-0.133,0,0.289,0.957,0.46,0.85,-0.256],"_shiftlockState":true,"_pose":"Running","_animationQueue":[["walk",0.1]],"_animationSpeed":0.491,"_zoom":10.116},{"_mousePosition":[683,384],"_rootPartCFrame":[755.751,229.34,43.575,-0.889,0,-0.457,0,1,0,0.457,0,-0.889],"_humanoidState":8,"_cameraCFrame":[752.929,240.535,41.719,-0.903,0.412,-0.123,0,0.286,0.958,0.43,0.865,-0.258],"_shiftlockState":true,"_pose":"Running","_animationQueue":[["walk",0.1]],"_animationSpeed":0.423,"_zoom":10.116},{"_mousePosition":[683,384],"_rootPartCFrame":[755.671,228.914,43.618,-0.903,0,-0.43,0,1,0,0.43,0,-0.903],"_humanoidState":8,"_cameraCFrame":[752.876,240.116,41.756,-0.907,0.404,-0.119,0,0.283,0.959,0.421,0.87,-0.257],"_shiftlockState":true,"_pose":"Running","_animationQueue":[["walk",0.1]],"_animationSpeed":0.386,"_zoom":10.116},{"_mousePosition":[683,384],"_rootPartCFrame":[755.59,229.776,43.659,-0.907,0,-0.421,0,1,0,0.421,0,-0.907],"_humanoidState":3,"_cameraCFrame":[752.796,240.978,41.798,-0.907,0.404,-0.119,0,0.283,0.959,0.421,0.87,-0.257],"_shiftlockState":true,"_pose":"Jumping","_animationQueue":[["walk",0.1],["jump",0.1]],"_animationSpeed":1,"_zoom":10.116},{"_mousePosition":[683,384],"_rootPartCFrame":[755.516,230.388,43.697,-0.931,0,-0.364,0,1,0,0.364,0,-0.931],"_humanoidState":5,"_cameraCFrame":[752.722,241.59,41.835,-0.907,0.404,-0.119,0,0.283,0.959,0.421,0.87,-0.257],"_shiftlockState":true,"_pose":"FreeFall","_animationQueue":[["jump",0.1]],"_animationSpeed":1,"_zoom":10.116},{"_mousePosition":[683,384],"_rootPartCFrame":[755.348,231.339,43.779,-0.962,0,-0.273,0,1,0,0.273,0,-0.962],"_humanoidState":5,"_cameraCFrame":[752.553,242.541,41.917,-0.907,0.404,-0.119,0,0.283,0.959,0.421,0.87,-0.257],"_shiftlockState":true,"_pose":"FreeFall","_animationQueue":[],"_animationSpeed":1,"_zoom":10.116},{"_mousePosition":[683,384],"_rootPartCFrame":[755.219,231.868,43.84,-0.944,0,-0.329,0,1,0,0.329,0,-0.944],"_humanoidState":5,"_cameraCFrame":[752.425,243.07,41.978,-0.907,0.404,-0.119,0,0.283,0.959,0.421,0.87,-0.257],"_shiftlockState":true,"_pose":"FreeFall","_animationQueue":[],"_animationSpeed":1,"_zoom":10.116},{"_mousePosition":[683,384],"_rootPartCFrame":[755.016,232.527,43.935,-0.955,0,-0.297,0,1,0,0.297,0,-0.955],"_humanoidState":5,"_cameraCFrame":[752.222,243.729,42.073,-0.907,0.404,-0.119,0,0.283,0.959,0.421,0.87,-0.257],"_shiftlockState":true,"_pose":"FreeFall","_animationQueue":[],"_animationSpeed":1,"_zoom":10.116},{"_mousePosition":[683,384],"_rootPartCFrame":[754.721,233.273,44.073,-0.964,0,-0.265,0,1,0,0.265,0,-0.964],"_humanoidState":5,"_cameraCFrame":[751.926,244.475,42.211,-0.907,0.404,-0.119,0,0.283,0.959,0.421,0.87,-0.257],"_shiftlockState":true,"_pose":"FreeFall","_animationQueue":[],"_animationSpeed":1,"_zoom":10.116},{"_mousePosition":[683,384],"_rootPartCFrame":[754.539,233.68,44.157,-0.944,0,-0.329,0,1,0,0.329,0,-0.944],"_humanoidState":5,"_cameraCFrame":[751.745,244.882,42.295,-0.907,0.404,-0.119,0,0.283,0.959,0.421,0.87,-0.257],"_shiftlockState":true,"_pose":"FreeFall","_animationQueue":[],"_animationSpeed":1,"_zoom":10.116},{"_mousePosition":[683,384],"_rootPartCFrame":[754.237,234.291,44.297,-0.964,0,-0.265,0,1,0,0.265,0,-0.964],"_humanoidState":5,"_cameraCFrame":[751.442,245.493,42.436,-0.907,0.404,-0.119,0,0.283,0.959,0.421,0.87,-0.257],"_shiftlockState":true,"_pose":"FreeFall","_animationQueue":[],"_animationSpeed":1,"_zoom":10.116},{"_mousePosition":[683,384],"_rootPartCFrame":[754.055,234.616,44.382,-0.944,0,-0.329,0,1,0,0.329,0,-0.944],"_humanoidState":5,"_cameraCFrame":[751.261,245.818,42.52,-0.907,0.404,-0.119,0,0.283,0.959,0.421,0.87,-0.257],"_shiftlockState":true,"_pose":"FreeFall","_animationQueue":[],"_animationSpeed":1,"_zoom":10.116},{"_mousePosition":[683,384],"_rootPartCFrame":[753.753,235.09,44.522,-0.964,0,-0.265,0,1,0,0.265,0,-0.964],"_humanoidState":5,"_cameraCFrame":[750.962,246.294,42.667,-0.907,0.404,-0.119,0,0.283,0.959,0.421,0.87,-0.256],"_shiftlockState":true,"_pose":"FreeFall","_animationQueue":[],"_animationSpeed":1,"_zoom":10.116},{"_mousePosition":[683,384],"_rootPartCFrame":[753.572,235.334,44.606,-0.944,0,-0.329,0,1,0,0.329,0,-0.944],"_humanoidState":5,"_cameraCFrame":[750.78,246.538,42.752,-0.907,0.404,-0.119,0,0.283,0.959,0.421,0.87,-0.256],"_shiftlockState":true,"_pose":"FreeFall","_animationQueue":[],"_animationSpeed":1,"_zoom":10.116},{"_mousePosition":[683,384],"_rootPartCFrame":[753.269,235.671,44.747,-0.964,0,-0.265,0,1,0,0.265,0,-0.964],"_humanoidState":5,"_cameraCFrame":[750.478,246.876,42.892,-0.907,0.404,-0.119,0,0.283,0.959,0.421,0.87,-0.256],"_shiftlockState":true,"_pose":"FreeFall","_animationQueue":[],"_animationSpeed":1,"_zoom":10.116},{"_mousePosition":[683,384],"_rootPartCFrame":[753.027,235.88,44.859,-0.955,0,-0.297,0,1,0,0.297,0,-0.955],"_humanoidState":5,"_cameraCFrame":[750.236,247.085,43.004,-0.907,0.404,-0.119,0,0.283,0.959,0.421,0.87,-0.256],"_shiftlockState":true,"_pose":"FreeFall","_animationQueue":[],"_animationSpeed":1,"_zoom":10.116},{"_mousePosition":[683,384],"_rootPartCFrame":[752.846,236.001,44.943,-0.944,0,-0.329,0,1,0,0.329,0,-0.944],"_humanoidState":5,"_cameraCFrame":[750.062,247.208,43.09,-0.908,0.402,-0.118,0,0.282,0.959,0.419,0.871,-0.256],"_shiftlockState":true,"_pose":"FreeFall","_animationQueue":[],"_animationSpeed":1,"_zoom":10.116},{"_mousePosition":[683,384],"_rootPartCFrame":[752.543,236.134,45.084,-0.965,0,-0.263,0,1,0,0.263,0,-0.965],"_humanoidState":5,"_cameraCFrame":[749.781,247.346,43.221,-0.911,0.395,-0.115,0,0.28,0.96,0.412,0.875,-0.255],"_shiftlockState":true,"_pose":"FreeFall","_animationQueue":[],"_animationSpeed":1,"_zoom":10.116},{"_mousePosition":[683,384],"_rootPartCFrame":[752.362,236.174,45.168,-0.948,0,-0.319,0,1,0,0.319,0,-0.948],"_humanoidState":5,"_cameraCFrame":[749.619,247.387,43.289,-0.915,0.388,-0.113,0,0.279,0.96,0.404,0.878,-0.256],"_shiftlockState":true,"_pose":"FreeFall","_animationQueue":[],"_animationSpeed":1,"_zoom":10.116},{"_mousePosition":[683,384],"_rootPartCFrame":[752.119,236.178,45.278,-0.96,0,-0.279,0,1,0,0.279,0,-0.96],"_humanoidState":5,"_cameraCFrame":[749.387,247.394,43.395,-0.916,0.384,-0.112,0,0.279,0.96,0.4,0.88,-0.255],"_shiftlockState":true,"_pose":"FreeFall","_animationQueue":[["fall",0.3]],"_animationSpeed":1,"_zoom":10.116},{"_mousePosition":[683,384],"_rootPartCFrame":[751.814,236.107,45.413,-0.97,0,-0.243,0,1,0,0.243,0,-0.97],"_humanoidState":5,"_cameraCFrame":[749.086,247.323,43.525,-0.917,0.383,-0.111,0,0.279,0.96,0.398,0.881,-0.256],"_shiftlockState":true,"_pose":"FreeFall","_animationQueue":[],"_animationSpeed":1,"_zoom":10.116},{"_mousePosition":[683,384],"_rootPartCFrame":[751.57,235.989,45.52,-0.962,0,-0.273,0,1,0,0.273,0,-0.962],"_humanoidState":5,"_cameraCFrame":[748.842,247.205,43.631,-0.917,0.383,-0.111,0,0.279,0.96,0.398,0.881,-0.256],"_shiftlockState":true,"_pose":"FreeFall","_animationQueue":[],"_animationSpeed":1,"_zoom":10.116},{"_mousePosition":[683,384],"_rootPartCFrame":[751.325,235.816,45.626,-0.962,0,-0.273,0,1,0,0.273,0,-0.962],"_humanoidState":5,"_cameraCFrame":[748.601,247.032,43.732,-0.918,0.381,-0.11,0,0.279,0.96,0.396,0.882,-0.256],"_shiftlockState":true,"_pose":"FreeFall","_animationQueue":[],"_animationSpeed":1,"_zoom":10.116},{"_mousePosition":[683,384],"_rootPartCFrame":[751.081,235.589,45.732,-0.963,0,-0.271,0,1,0,0.271,0,-0.963],"_humanoidState":5,"_cameraCFrame":[748.372,246.805,43.816,-0.921,0.373,-0.108,0,0.279,0.96,0.389,0.885,-0.257],"_shiftlockState":true,"_pose":"FreeFall","_animationQueue":[],"_animationSpeed":1,"_zoom":10.116},{"_mousePosition":[683,384],"_rootPartCFrame":[750.836,235.308,45.838,-0.965,0,-0.263,0,1,0,0.263,0,-0.965],"_humanoidState":5,"_cameraCFrame":[748.164,246.524,43.871,-0.928,0.357,-0.103,0,0.279,0.96,0.371,0.892,-0.259],"_shiftlockState":true,"_pose":"FreeFall","_animationQueue":[],"_animationSpeed":1,"_zoom":10.116},{"_mousePosition":[683,384],"_rootPartCFrame":[750.59,234.972,45.942,-0.97,0,-0.245,0,1,0,0.245,0,-0.97],"_humanoidState":5,"_cameraCFrame":[748.005,246.187,43.862,-0.944,0.318,-0.092,0,0.279,0.96,0.331,0.906,-0.263],"_shiftlockState":true,"_pose":"FreeFall","_animationQueue":[["fall",0.3]],"_animationSpeed":1,"_zoom":10.116},{"_mousePosition":[683,384],"_rootPartCFrame":[750.343,234.581,46.042,-0.979,0,-0.203,0,1,0,0.203,0,-0.979],"_humanoidState":5,"_cameraCFrame":[747.911,245.792,43.765,-0.965,0.252,-0.073,0,0.28,0.96,0.262,0.926,-0.27],"_shiftlockState":true,"_pose":"FreeFall","_animationQueue":[],"_animationSpeed":1,"_zoom":10.116},{"_mousePosition":[683,384],"_rootPartCFrame":[750.155,234.252,46.11,-0.986,0,-0.165,0,1,0,0.165,0,-0.986],"_humanoidState":5,"_cameraCFrame":[748.063,245.452,43.474,-0.992,0.118,-0.035,0,0.284,0.959,0.124,0.951,-0.282],"_shiftlockState":true,"_pose":"FreeFall","_animationQueue":[],"_animationSpeed":1,"_zoom":10.116},{"_mousePosition":[683,384],"_rootPartCFrame":[749.834,234.522,46.2,-0.997,0,-0.08,0,1,0,0.08,0,-0.997],"_humanoidState":7,"_cameraCFrame":[748.282,245.71,43.177,-0.998,-0.064,0.019,0,0.288,0.958,-0.067,0.956,-0.287],"_shiftlockState":true,"_pose":"FreeFall","_animationQueue":[["walk",0.1],["fall",0.3],["fall",0.3]],"_animationSpeed":1,"_zoom":10.116},{"_mousePosition":[683,384],"_rootPartCFrame":[749.57,234.807,46.238,-0.997,0,0.076,0,1,0,-0.076,0,-0.997],"_humanoidState":7,"_cameraCFrame":[748.584,245.992,42.98,-0.97,-0.233,0.07,0,0.289,0.957,-0.243,0.929,-0.28],"_shiftlockState":true,"_pose":"FreeFall","_animationQueue":[],"_animationSpeed":1,"_zoom":10.116},{"_mousePosition":[683,384],"_rootPartCFrame":[749.238,235.012,46.223,-0.966,0,0.257,0,1,0,-0.257,0,-0.966],"_humanoidState":8,"_cameraCFrame":[748.72,246.214,42.905,-0.924,-0.368,0.109,0,0.283,0.959,-0.383,0.886,-0.262],"_shiftlockState":true,"_pose":"Running","_animationQueue":[["walk",0.1],["fall",0.3],["walk",0.1]],"_animationSpeed":1.103,"_zoom":10.116},{"_mousePosition":[683,384],"_rootPartCFrame":[749.043,235.083,46.181,-0.921,0,0.39,0,1,0,-0.39,0,-0.921],"_humanoidState":8,"_cameraCFrame":[749.071,246.298,42.863,-0.845,-0.513,0.149,0,0.279,0.96,-0.535,0.812,-0.235],"_shiftlockState":true,"_pose":"Running","_animationQueue":[],"_animationSpeed":1.103,"_zoom":10.116},{"_mousePosition":[683,384],"_rootPartCFrame":[748.733,235.146,46.059,-0.838,0,0.546,0,1,0,-0.546,0,-0.838],"_humanoidState":8,"_cameraCFrame":[749.12,246.37,42.79,-0.779,-0.603,0.173,0,0.276,0.961,-0.627,0.749,-0.215],"_shiftlockState":true,"_pose":"Running","_animationQueue":[["walk",0.1]],"_animationSpeed":1.103,"_zoom":10.116},{"_mousePosition":[683,384],"_rootPartCFrame":[748.561,235.165,45.958,-0.775,0,0.632,0,1,0,-0.632,0,-0.775],"_humanoidState":8,"_cameraCFrame":[749.282,246.415,42.821,-0.696,-0.692,0.192,0,0.267,0.964,-0.718,0.671,-0.186],"_shiftlockState":true,"_pose":"Running","_animationQueue":[],"_animationSpeed":1.103,"_zoom":10.116},{"_mousePosition":[683,384],"_rootPartCFrame":[748.299,235.184,45.752,-0.689,0,0.725,0,1,0,-0.725,0,-0.689],"_humanoidState":8,"_cameraCFrame":[749.212,246.452,42.728,-0.637,-0.744,0.2,0,0.26,0.966,-0.771,0.615,-0.166],"_shiftlockState":true,"_pose":"Running","_animationQueue":[],"_animationSpeed":1.103,"_zoom":10.116},{"_mousePosition":[683,384],"_rootPartCFrame":[748.11,235.191,45.565,-0.635,0,0.772,0,1,0,-0.772,0,-0.635],"_humanoidState":8,"_cameraCFrame":[749.149,246.468,42.609,-0.597,-0.775,0.206,0,0.257,0.966,-0.802,0.577,-0.153],"_shiftlockState":true,"_pose":"Running","_animationQueue":[],"_animationSpeed":1.103,"_zoom":10.116},{"_mousePosition":[683,384],"_rootPartCFrame":[747.938,235.195,45.361,-0.597,0,0.802,0,1,0,-0.802,0,-0.597],"_humanoidState":8,"_cameraCFrame"