[{"_mousePosition":[1122,360],"_rootPartCFrame":[776.031,222.952,47.142,0,-0.003,1,0,1,0.003,-1,0,0],"_humanoidState":8,"_cameraCFrame":[783.945,231.53,47.069,-0.009,-0.666,0.746,0,0.746,0.666,-1,0.006,-0.007],"_shiftlockState":false,"_pose":"Standing","_animationQueue":[],"_animationSpeed":1,"_zoom":10.621},{"_mousePosition":[1109,361],"_rootPartCFrame":[775.86,222.867,47.144,-0.001,-0.001,1,0,1,0.001,-1,0,-0.001],"_humanoidState":8,"_cameraCFrame":[783.777,231.444,47.07,-0.009,-0.666,0.746,0,0.746,0.666,-1,0.006,-0.007],"_shiftlockState":false,"_pose":"Standing","_animationQueue":[],"_animationSpeed":1,"_zoom":10.621},{"_mousePosition":[1090,362],"_rootPartCFrame":[775.595,222.72,47.146,-0.002,0,1,0,1,0,-1,0,-0.002],"_humanoidState":8,"_cameraCFrame":[783.514,231.298,47.073,-0.009,-0.666,0.746,0,0.746,0.666,-1,0.006,-0.007],"_shiftlockState":false,"_pose":"Running","_animationQueue":[["walk",0.1]],"_animationSpeed":1.002,"_zoom":10.621},{"_mousePosition":[1083,362],"_rootPartCFrame":[775.328,222.611,47.149,-0.003,0,1,0,1,0,-1,0,-0.003],"_humanoidState":8,"_cameraCFrame":[783.247,231.189,47.075,-0.009,-0.666,0.746,0,0.746,0.666,-1,0.006,-0.007],"_shiftlockState":false,"_pose":"Running","_animationQueue":[["walk",0.1]],"_animationSpeed":1.103,"_zoom":10.621},{"_mousePosition":[1072,362],"_rootPartCFrame":[775.061,222.636,47.151,-0.004,0,1,0,1,0,-1,0,-0.004],"_humanoidState":8,"_cameraCFrame":[782.98,231.214,47.078,-0.009,-0.666,0.746,0,0.746,0.666,-1,0.006,-0.007],"_shiftlockState":false,"_pose":"Running","_animationQueue":[],"_animationSpeed":1.103,"_zoom":10.621},{"_mousePosition":[1064,362],"_rootPartCFrame":[774.795,222.663,47.153,-0.005,0,1,0,1,0,-1,0,-0.005],"_humanoidState":8,"_cameraCFrame":[782.713,231.241,47.08,-0.009,-0.666,0.746,0,0.746,0.666,-1,0.006,-0.007],"_shiftlockState":false,"_pose":"Running","_animationQueue":[],"_animationSpeed":1.103,"_zoom":10.621},{"_mousePosition":[1048,362],"_rootPartCFrame":[774.528,222.68,47.156,-0.005,0,1,0,1,0,-1,0,-0.005],"_humanoidState":8,"_cameraCFrame":[782.447,231.257,47.083,-0.009,-0.666,0.746,0,0.746,0.666,-1,0.006,-0.007],"_shiftlockState":false,"_pose":"Running","_animationQueue":[],"_animationSpeed":1.103,"_zoom":10.621},{"_mousePosition":[1036,364],"_rootPartCFrame":[774.261,222.689,47.158,-0.006,0,1,0,1,0,-1,0,-0.006],"_humanoidState":8,"_cameraCFrame":[782.18,231.267,47.085,-0.009,-0.666,0.746,0,0.746,0.666,-1,0.006,-0.007],"_shiftlockState":false,"_pose":"Running","_animationQueue":[],"_animationSpeed":1.103,"_zoom":10.621},{"_mousePosition":[1023,369],"_rootPartCFrame":[773.995,222.694,47.161,-0.006,0,1,0,1,0,-1,0,-0.006],"_humanoidState":8,"_cameraCFrame":[781.913,231.272,47.087,-0.009,-0.666,0.746,0,0.746,0.666,-1,0.006,-0.007],"_shiftlockState":false,"_pose":"Running","_animationQueue":[["walk",0.1]],"_animationSpeed":1.103,"_zoom":10.621},{"_mousePosition":[1014,373],"_rootPartCFrame":[773.728,222.697,47.163,-0.007,0,1,0,1,0,-1,0,-0.007],"_humanoidState":8,"_cameraCFrame":[781.647,231.274,47.09,-0.009,-0.666,0.746,0,0.746,0.666,-1,0.006,-0.007],"_shiftlockState":false,"_pose":"Running","_animationQueue":[],"_animationSpeed":1.103,"_zoom":10.621},{"_mousePosition":[995,382],"_rootPartCFrame":[773.462,222.698,47.166,-0.007,0,1,0,1,0,-1,0,-0.007],"_humanoidState":8,"_cameraCFrame":[781.38,231.276,47.092,-0.009,-0.666,0.746,0,0.746,0.666,-1,0.006,-0.007],"_shiftlockState":false,"_pose":"Running","_animationQueue":[],"_animationSpeed":1.103,"_zoom":10.621},{"_mousePosition":[984,388],"_rootPartCFrame":[773.195,222.699,47.168,-0.007,0,1,0,1,0,-1,0,-0.007],"_humanoidState":8,"_cameraCFrame":[781.114,231.277,47.095,-0.009,-0.666,0.746,0,0.746,0.666,-1,0.006,-0.007],"_shiftlockState":false,"_pose":"Running","_animationQueue":[],"_animationSpeed":1.103,"_zoom":10.621},{"_mousePosition":[972,397],"_rootPartCFrame":[772.928,222.699,47.171,-0.008,0,1,0,1,0,-1,0,-0.008],"_humanoidState":8,"_cameraCFrame":[780.847,231.277,47.097,-0.009,-0.666,0.746,0,0.746,0.666,-1,0.006,-0.007],"_shiftlockState":false,"_pose":"Running","_animationQueue":[],"_animationSpeed":1.103,"_zoom":10.621},{"_mousePosition":[968,403],"_rootPartCFrame":[772.662,222.699,47.173,-0.008,0,1,0,1,0,-1,0,-0.008],"_humanoidState":8,"_cameraCFrame":[780.58,231.277,47.1,-0.009,-0.666,0.746,0,0.746,0.666,-1,0.006,-0.007],"_shiftlockState":false,"_pose":"Running","_animationQueue":[],"_animationSpeed":1.103,"_zoom":10.621},{"_mousePosition":[968,403],"_rootPartCFrame":[772.395,222.7,47.176,-0.008,0,1,0,1,0,-1,0,-0.008],"_humanoidState":8,"_cameraCFrame":[780.256,231.341,47.095,-0.01,-0.672,0.74,0,0.74,0.672,-1,0.007,-0.008],"_shiftlockState":false,"_pose":"Running","_animationQueue":[["walk",0.1]],"_animationSpeed":1.103,"_zoom":10.621},{"_mousePosition":[968,403],"_rootPartCFrame":[772.129,222.7,47.178,-0.008,0,1,0,1,0,-1,0,-0.008],"_humanoidState":8,"_cameraCFrame":[779.915,231.423,47.098,-0.01,-0.68,0.733,0,0.733,0.68,-1,0.007,-0.008],"_shiftlockState":false,"_pose":"Running","_animationQueue":[],"_animationSpeed":1.103,"_zoom":10.621},{"_mousePosition":[968,403],"_rootPartCFrame":[771.862,222.7,47.181,-0.008,0,1,0,1,0,-1,0,-0.008],"_humanoidState":8,"_cameraCFrame":[779.566,231.511,47.118,-0.008,-0.688,0.725,0,0.725,0.688,-1,0.006,-0.006],"_shiftlockState":false,"_pose":"Running","_animationQueue":[],"_animationSpeed":1.103,"_zoom":10.621},{"_mousePosition":[968,403],"_rootPartCFrame":[771.595,222.7,47.184,-0.009,0,1,0,1,0,-1,0,-0.009],"_humanoidState":8,"_cameraCFrame":[779.181,231.634,47.161,-0.003,-0.7,0.714,0,0.714,0.7,-1,0.002,-0.002],"_shiftlockState":false,"_pose":"Running","_animationQueue":[],"_animationSpeed":1.103,"_zoom":10.621},{"_mousePosition":[968,403],"_rootPartCFrame":[771.329,222.7,47.186,-0.009,0,1,0,1,0,-1,0,-0.009],"_humanoidState":8,"_cameraCFrame":[778.75,231.797,47.249,0.009,-0.715,0.699,0,0.699,0.715,-1,-0.006,0.006],"_shiftlockState":false,"_pose":"Running","_animationQueue":[],"_animationSpeed":1.103,"_zoom":10.621},{"_mousePosition":[968,403],"_rootPartCFrame":[771.062,222.7,47.187,-0.008,0,1,0,1,0,-1,0,-0.008],"_humanoidState":8,"_cameraCFrame":[778.283,231.986,47.385,0.027,-0.733,0.68,0,0.68,0.733,-1,-0.02,0.019],"_shiftlockState":false,"_pose":"Running","_animationQueue":[],"_animationSpeed":1.103,"_zoom":10.621},{"_mousePosition":[968,403],"_rootPartCFrame":[770.796,222.7,47.185,-0.006,0,1,0,1,0,-1,0,-0.006],"_humanoidState":8,"_cameraCFrame":[777.816,232.164,47.473,0.041,-0.749,0.661,0,0.662,0.75,-0.999,-0.031,0.027],"_shiftlockState":false,"_pose":"Running","_animationQueue":[],"_animationSpeed":1.103,"_zoom":10.621},{"_mousePosition":[968,403],"_rootPartCFrame":[770.529,222.7,47.178,-0.002,0,1,0,1,0,-1,0,-0.002],"_humanoidState":8,"_cameraCFrame":[777.259,232.409,47.539,0.054,-0.772,0.634,0,0.635,0.773,-0.999,-0.041,0.034],"_shiftlockState":false,"_pose":"Running","_animationQueue":[],"_animationSpeed":1.103,"_zoom":10.621},{"_mousePosition":[968,403],"_rootPartCFrame":[770.196,223.77,47.169,0.004,0,1,0,1,0,-1,0,0.004],"_humanoidState":3,"_cameraCFrame":[776.736,233.629,47.561,0.06,-0.786,0.616,0,0.617,0.787,-0.998,-0.047,0.037],"_shiftlockState":false,"_pose":"Jumping","_animationQueue":[["walk",0.1],["jump",0.1]],"_animationSpeed":1,"_zoom":10.621},{"_mousePosition":[968,403],"_rootPartCFrame":[769.996,224.371,47.159,0.008,0,1,0,1,0,-1,0,0.008],"_humanoidState":5,"_cameraCFrame":[776.337,234.381,47.579,0.066,-0.799,0.597,0,0.598,0.801,-0.998,-0.053,0.04],"_shiftlockState":false,"_pose":"FreeFall","_animationQueue":[["jump",0.1]],"_animationSpeed":1,"_zoom":10.621},{"_mousePosition":[968,403],"_rootPartCFrame":[769.73,225.125,47.144,0.015,0,1,0,1,0,-1,0,0.015],"_humanoidState":5,"_cameraCFrame":[775.902,235.256,47.598,0.073,-0.81,0.581,0,0.583,0.813,-0.997,-0.06,0.043],"_shiftlockState":false,"_pose":"FreeFall","_animationQueue":[],"_animationSpeed":1,"_zoom":10.621},{"_mousePosition":[968,403],"_rootPartCFrame":[769.464,225.824,47.126,0.022,0,1,0,1,0,-1,0,0.022],"_humanoidState":5,"_cameraCFrame":[775.5,236.049,47.621,0.082,-0.819,0.568,0,0.57,0.821,-0.997,-0.067,0.047],"_shiftlockState":false,"_pose":"FreeFall","_animationQueue":[],"_animationSpeed":1,"_zoom":10.621},{"_mousePosition":[968,403],"_rootPartCFrame":[769.198,226.469,47.107,0.028,0,1,0,1,0,-1,0,0.028],"_humanoidState":5,"_cameraCFrame":[775.139,236.757,47.632,0.088,-0.824,0.559,0,0.562,0.827,-0.996,-0.073,0.049],"_shiftlockState":false,"_pose":"FreeFall","_animationQueue":[],"_animationSpeed":1,"_zoom":10.621},{"_mousePosition":[968,403],"_rootPartCFrame":[768.932,227.06,47.085,0.036,0,0.999,0,1,0,-0.999,0,0.036],"_humanoidState":5,"_cameraCFrame":[774.822,237.381,47.631,0.092,-0.827,0.555,0,0.557,0.831,-0.996,-0.077,0.051],"_shiftlockState":false,"_pose":"FreeFall","_animationQueue":[],"_animationSpeed":1,"_zoom":10.621},{"_mousePosition":[968,403],"_rootPartCFrame":[768.666,227.595,47.062,0.043,0,0.999,0,1,0,-0.999,0,0.043],"_humanoidState":5,"_cameraCFrame":[774.541,237.927,47.612,0.093,-0.828,0.553,0,0.556,0.831,-0.996,-0.078,0.052],"_shiftlockState":false,"_pose":"FreeFall","_animationQueue":[],"_animationSpeed":1,"_zoom":10.621},{"_mousePosition":[968,403],"_rootPartCFrame":[768.401,228.077,47.038,0.049,0,0.999,0,1,0,-0.999,0,0.049],"_humanoidState":5,"_cameraCFrame":[774.268,238.413,47.587,0.093,-0.828,0.552,0,0.555,0.832,-0.996,-0.078,0.052],"_shiftlockState":false,"_pose":"FreeFall","_animationQueue":[],"_animationSpeed":1,"_zoom":10.621},{"_mousePosition":[968,403],"_rootPartCFrame":[768.069,228.602,47.007,0.057,0,0.998,0,1,0,-0.998,0,0.057],"_humanoidState":5,"_cameraCFrame":[773.936,238.938,47.556,0.093,-0.828,0.552,0,0.555,0.832,-0.996,-0.078,0.052],"_shiftlockState":false,"_pose":"FreeFall","_animationQueue":[],"_animationSpeed":1,"_zoom":10.621},{"_mousePosition":[968,403],"_rootPartCFrame":[767.869,228.876,46.988,0.061,0,0.998,0,1,0,-0.998,0,0.061],"_humanoidState":5,"_cameraCFrame":[773.737,239.212,47.538,0.093,-0.828,0.552,0,0.555,0.832,-0.996,-0.078,0.052],"_shiftlockState":false,"_pose":"FreeFall","_animationQueue":[],"_animationSpeed":1,"_zoom":10.621},{"_mousePosition":[968,403],"_rootPartCFrame":[767.604,229.194,46.963,0.065,0,0.998,0,1,0,-0.998,0,0.065],"_humanoidState":5,"_cameraCFrame":[773.472,239.53,47.513,0.093,-0.828,0.552,0,0.555,0.832,-0.996,-0.078,0.052],"_shiftlockState":false,"_pose":"FreeFall","_animationQueue":[],"_animationSpeed":1,"_zoom":10.621},{"_mousePosition":[968,403],"_rootPartCFrame":[767.338,229.457,46.938,0.069,0,0.998,0,1,0,-0.998,0,0.069],"_humanoidState":5,"_cameraCFrame":[773.206,239.793,47.488,0.093,-0.828,0.552,0,0.555,0.832,-0.996,-0.078,0.052],"_shiftlockState":false,"_pose":"FreeFall","_animationQueue":[],"_animationSpeed":1,"_zoom":10.621},{"_mousePosition":[968,403],"_rootPartCFrame":[767.073,229.666,46.914,0.073,0,0.997,0,1,0,-0.997,0,0.073],"_humanoidState":5,"_cameraCFrame":[772.94,240.002,47.463,0.093,-0.828,0.552,0,0.555,0.832,-0.996,-0.078,0.052],"_shiftlockState":false,"_pose":"FreeFall","_animationQueue":[],"_animationSpeed":1,"_zoom":10.621},{"_mousePosition":[968,403],"_rootPartCFrame":[766.807,229.821,46.889,0.076,0,0.997,0,1,0,-0.997,0,0.076],"_humanoidState":5,"_cameraCFrame":[772.633,240.185,47.422,0.091,-0.831,0.549,0,0.551,0.835,-0.996,-0.076,0.05],"_shiftlockState":false,"_pose":"FreeFall","_animationQueue":[],"_animationSpeed":1,"_zoom":10.621},{"_mousePosition":[968,403],"_rootPartCFrame":[766.541,229.921,46.864,0.078,0,0.997,0,1,0,-0.997,0,0.078],"_humanoidState":5,"_cameraCFrame":[772.26,240.36,47.309,0.078,-0.839,0.538,0,0.54,0.842,-0.997,-0.065,0.042],"_shiftlockState":false,"_pose":"FreeFall","_animationQueue":[],"_animationSpeed":1,"_zoom":10.621},{"_mousePosition":[968,403],"_rootPartCFrame":[766.209,229.969,46.833,0.08,0,0.997,0,1,0,-0.997,0,0.08],"_humanoidState":5,"_cameraCFrame":[771.807,240.535,45.306,0.04,-0.853,0.52,0,0.521,0.854,-0.999,-0.034,0.021],"_shiftlockState":true,"_pose":"FreeFall","_animationQueue":[],"_animationSpeed":1,"_zoom":10.621},{"_mousePosition":[683,384],"_rootPartCFrame":[765.943,229.946,46.812,0.044,0,0.999,0,1,0,-0.999,0,0.044],"_humanoidState":5,"_cameraCFrame":[771.541,240.512,45.285,0.04,-0.853,0.52,0,0.521,0.854,-0.999,-0.034,0.021],"_shiftlockState":true,"_pose":"FreeFall","_animationQueue":[],"_animationSpeed":1,"_zoom":10.621},{"_mousePosition":[683,384],"_rootPartCFrame":[765.744,229.893,46.803,0.041,0,0.999,0,1,0,-0.999,0,0.041],"_humanoidState":5,"_cameraCFrame":[770.628,240.721,44.563,-0.098,-0.874,0.476,0,0.478,0.878,-0.995,0.086,-0.047],"_shiftlockState":true,"_pose":"FreeFall","_animationQueue":[],"_animationSpeed":1,"_zoom":10.621},{"_mousePosition":[683,384],"_rootPartCFrame":[765.411,229.737,46.789,-0.081,0,0.997,0,1,0,-0.997,0,-0.081],"_humanoidState":5,"_cameraCFrame":[769.552,240.746,43.91,-0.251,-0.867,0.431,0,0.445,0.895,-0.968,0.224,-0.112],"_shiftlockState":true,"_pose":"FreeFall","_animationQueue":[],"_animationSpeed":1,"_zoom":10.621},{"_mousePosition":[683,384],"_rootPartCFrame":[765.211,229.603,46.796,-0.236,0,0.972,0,1,0,-0.972,0,-0.236],"_humanoidState":5,"_cameraCFrame":[768.311,240.805,43.315,-0.443,-0.819,0.365,0,0.407,0.914,-0.897,0.404,-0.18],"_shiftlockState":true,"_pose":"FreeFall","_animationQueue":[],"_animationSpeed":1,"_zoom":10.621},{"_mousePosition":[683,384],"_rootPartCFrame":[764.95,229.375,46.84,-0.42,0,0.908,0,1,0,-0.908,0,-0.42],"_humanoidState":5,"_cameraCFrame":[766.796,240.794,43.088,-0.63,-0.725,0.278,0,0.358,0.934,-0.777,0.588,-0.225],"_shiftlockState":true,"_pose":"FreeFall","_animationQueue":[],"_animationSpeed":1,"_zoom":10.621},{"_mousePosition":[683,384],"_rootPartCFrame":[764.698,229.094,46.922,-0.607,0,0.794,0,1,0,-0.794,0,-0.607],"_humanoidState":5,"_cameraCFrame":[765.415,240.703,43.295,-0.772,-0.605,0.195,0,0.307,0.952,-0.635,0.735,-0.237],"_shiftlockState":true,"_pose":"FreeFall","_animationQueue":[["fall",0.3]],"_animationSpeed":1,"_zoom":10.621},{"_mousePosition":[683,384],"_rootPartCFrame":[764.384,228.665,47.005,-0.683,0,0.731,0,1,0,-0.731,0,-0.683],"_humanoidState":5,"_cameraCFrame":[764.323,240.4,43.671,-0.861,-0.491,0.136,0,0.267,0.964,-0.509,0.829,-0.23],"_shiftlockState":true,"_pose":"FreeFall","_animationQueue":[],"_animationSpeed":1,"_zoom":10.621},{"_mousePosition":[683,384],"_rootPartCFrame":[764.188,228.367,47.029,-0.809,0,0.587,0,1,0,-0.587,0,-0.809],"_humanoidState":5,"_cameraCFrame":[763.528,240.188,44.044,-0.924,-0.371,0.09,0,0.236,0.972,-0.382,0.898,-0.218],"_shiftlockState":true,"_pose":"FreeFall","_animationQueue":[],"_animationSpeed":1,"_zoom":10.621},{"_mousePosition":[683,384],"_rootPartCFrame":[763.865,227.802,47.027,-0.85,0,0.528,0,1,0,-0.528,0,-0.85],"_humanoidState":5,"_cameraCFrame":[762.863,239.651,44.239,-0.959,-0.276,0.064,0,0.225,0.974,-0.283,0.934,-0.216],"_shiftlockState":true,"_pose":"FreeFall","_animationQueue":[],"_animationSpeed":1,"_zoom":10.621},{"_mousePosition":[683,384],"_rootPartCFrame":[763.676,227.422,46.997,-0.926,0,0.377,0,1,0,-0.377,0,-0.926],"_humanoidState":5,"_cameraCFrame":[762.503,239.243,44.173,-0.977,-0.208,0.051,0,0.236,0.972,-0.214,0.949,-0.231],"_shiftlockState":true,"_pose":"FreeFall","_animationQueue":[],"_animationSpeed":1,"_zoom":10.621},{"_mousePosition":[683,384],"_rootPartCFrame":[763.357,226.721,46.908,-0.928,0,0.373,0,1,0,-0.373,0,-0.928],"_humanoidState":5,"_cameraCFrame":[762.15,238.503,43.957,-0.981,-0.186,0.048,0,0.251,0.968,-0.192,0.95,-0.246],"_shiftlockState":true,"_pose":"FreeFall","_animationQueue":[],"_animationSpeed":1,"_zoom":10.621},{"_mousePosition":[683,384],"_rootPartCFrame":[763.163,226.26,46.862,-0.957,0,0.289,0,1,0,-0.289,0,-0.957],"_humanoidState":5,"_cameraCFrame":[762.014,237.983,43.694,-0.98,-0.189,0.053,0,0.271,0.963,-0.197,0.944,-0.266],"_shiftlockState":true,"_pose":"FreeFall","_animationQueue":[],"_animationSpeed":1,"_zoom":10.621},{"_mousePosition":[683,384],"_rootPartCFrame":[762.901,225.597,46.81,-0.946,0,0.325,0,1,0,-0.325,0,-0.946],"_humanoidState":5,"_cameraCFrame":[761.752,237.32,43.642,-0.98,-0.189,0.053,0,0.271,0.963,-0.197,0.944,-0.266],"_shiftlockState":true,"_pose":"FreeFall","_animationQueue":[["fall",0.3]],"_animationSpeed":1,"_zoom":10.621},{"_mousePosition":[683,384],"_rootPartCFrame":[762.64,224.879,46.758,-0.946,0,0.325,0,1,0,-0.325,0,-0.946],"_humanoidState":5,"_cameraCFrame":[761.491,236.602,43.59,-0.98,-0.189,0.053,0,0.271,0.963,-0.197,0.944,-0.266],"_shiftlockState":true,"_pose":"FreeFall","_animationQueue":[],"_animationSpeed":1,"_zoom":10.621},{"_mousePosition":[683,384],"_rootPartCFrame":[762.378,224.107,46.705,-0.946,0,0.325,0,1,0,-0.325,0,-0.946],"_humanoidState":5,"_cameraCFrame":[761.229,235.83,43.537,-0.98,-0.189,0.053,0,0.271,0.963,-0.197,0.944,-0.266],"_shiftlockState":true,"_pose":"FreeFall","_animationQueue":[],"_animationSpeed":1,"_zoom":10.621},{"_mousePosition":[683,384],"_rootPartCFrame":[762.117,223.28,46.653,-0.946,0,0.325,0,1,0,-0.325,0,-0.946],"_humanoidState":5,"_cameraCFrame":[760.968,235.003,43.485,-0.98,-0.189,0.053,0,0.271,0.963,-0.197,0.944,-0.266],"_shiftlockState":true,"_pose":"FreeFall","_animationQueue":[],"_animationSpeed":1,"_zoom":10.621},{"_mousePosition":[683,384],"_rootPartCFrame":[761.855,222.508,46.6,-0.973,0,0.231,0,1,0,-0.231,0,-0.973],"_humanoidState":7,"_cameraCFrame":[760.706,234.231,43.433,-0.98,-0.189,0.053,0,0.271,0.963,-0.197,0.944,-0.266],"_shiftlockState":true,"_pose":"FreeFall","_animationQueue":[["walk",0.1],["fall",0.3],["fall",0.3]],"_animationSpeed":1,"_zoom":10.621},{"_mousePosition":[683,384],"_rootPartCFrame":[761.594,222.46,46.548,-0.98,0,0.199,0,1,0,-0.199,0,-0.98],"_humanoidState":7,"_cameraCFrame":[760.445,234.183,43.38,-0.98,-0.189,0.053,0,0.271,0.963,-0.197,0.944,-0.266],"_shiftlockState":true,"_pose":"FreeFall","_animationQueue":[],"_animationSpeed":1,"_zoom":10.621},{"_mousePosition":[683,384],"_rootPartCFrame":[761.332,222.549,46.495,-0.98,0,0.197,0,1,0,-0.197,0,-0.98],"_humanoidState":8,"_cameraCFrame":[760.183,234.272,43.328,-0.98,-0.189,0.053,0,0.271,0.963,-0.197,0.944,-0.266],"_shiftlockState":true,"_pose":"Running","_animationQueue":[["fall",0.3],["walk",0.1],["fall",0.3],["walk",0.1]],"_animationSpeed":1.103,"_zoom":10.621},{"_mousePosition":[683,384],"_rootPartCFrame":[761.071,222.615,46.443,-0.98,0,0.197,0,1,0,-0.197,0,-0.98],"_humanoidState":8,"_cameraCFrame":[759.922,234.339,43.275,-0.98,-0.189,0.053,0,0.271,0.963,-0.197,0.944,-0.266],"_shiftlockState":true,"_pose":"Running","_animationQueue":[],"_animationSpeed":1.103,"_zoom":10.621},{"_mousePosition":[683,384],"_rootPartCFrame":[760.809,222.654,46.39,-0.98,0,0.197,0,1,0,-0.197,0,-0.98],"_humanoidState":8,"_cameraCFrame":[759.66,234.377,43.223,-0.98,-0.189,0.053,0,0.271,0.963,-0.197,0.944,-0.266],"_shiftlockState":true,"_pose":"Running","_animationQueue":[],"_animationSpeed":1.103,"_zoom":10.621},{"_mousePosition":[683,384],"_rootPartCFrame":[760.483,222.679,46.325,-0.98,0,0.197,0,1,0,-0.197,0,-0.98],"_humanoidState":8,"_cameraCFrame":[759.333,234.402,43.157,-0.98,-0.189,0.053,0,0.271,0.963,-0.197,0.944,-0.266],"_shiftlockState":true,"_pose":"Running","_animationQueue":[],"_animationSpeed":1.103,"_zoom":10.621},{"_mousePosition":[683,384],"_rootPartCFrame":[760.221,222.688,46.272,-0.98,0,0.197,0,1,0,-0.197,0,-0.98],"_humanoidState":8,"_cameraCFrame":[759.072,234.412,43.105,-0.98,-0.189,0.053,0,0.271,0.963,-0.197,0.944,-0.266],"_shiftlockState":true,"_pose":"Running","_animationQueue":[],"_animationSpeed":1.103,"_zoom":10.621},{"_mousePosition":[683,384],"_rootPartCFrame":[759.96,222.694,46.22,-0.98,0,0.197,0,1,0,-0.197,0,-0.98],"_humanoidState":8,"_cameraCFrame":[758.81,234.417,43.052,-0.98,-0.189,0.053,0,0.271,0.963,-0.197,0.944,-0.266],"_shiftlockState":true,"_pose":"Running","_animationQueue":[],"_animationSpeed":1.103,"_zoom":10.621},{"_mousePosition":[683,384],"_rootPartCFrame":[759.698,222.696,46.167,-0.98,0,0.197,0,1,0,-0.197,0,-0.98],"_humanoidState":8,"_cameraCFrame":[758.557,234.422,43.004,-0.98,-0.192,0.054,0,0.27,0.963,-0.2,0.943,-0.265],"_shiftlockState":true,"_pose":"Running","_animationQueue":[],"_animationSpeed":1.103,"_zoom":10.621},{"_mousePosition":[683,384],"_rootPartCFrame":[759.437,222.698,46.115,-0.98,0,0.2,0,1,0,-0.2,0,-0.98],"_humanoidState":8,"_cameraCFrame":[758.324,234.421,42.934,-0.978,-0.2,0.056,0,0.271,0.963,-0.208,0.941,-0.265],"_shiftlockState":true,"_pose":"Running","_animationQueue":[["walk",0.1]],"_animationSpeed":1.103,"_zoom":10.621},{"_mousePosition":[683,384],"_rootPartCFrame":[759.175,222.699,46.062,-0.978,0,0.208,0,1,0,-0.208,0,-0.978],"_humanoidState":8,"_cameraCFrame":[758.1,234.412,42.838,-0.976,-0.209,0.06,0,0.274,0.962,-0.217,0.939,-0.268],"_shiftlockState":true,"_pose":"Running","_animationQueue":[],"_animationSpeed":1.103,"_zoom":10.621},{"_mousePosition":[683,384],"_rootPartCFrame":[758.915,222.699,46.006,-0.976,0,0.217,0,1,0,-0.217,0,-0.976],"_humanoidState":8,"_cameraCFrame":[757.882,234.411,42.762,-0.973,-0.221,0.063,0,0.275,0.961,-0.23,0.936,-0.268],"_shiftlockState":true,"_pose":"Running","_animationQueue":[],"_animationSpeed":1.103,"_zoom":10.621},{"_mousePosition":[683,384],"_rootPartCFrame":[758.654,222.699,45.949,-0.973,0,0.23,0,1,0,-0.23,0,-0.973],"_humanoidState":8,"_cameraCFrame":[757.681,234.413,42.693,-0.969,-0.238,0.068,0,0.274,0.962,-0.248,0.932,-0.266],"_shiftlockState":true,"_pose":"Running","_animationQueue":[],"_animationSpeed":1.103,"_zoom":10.621},{"_mousePosition":[683,384],"_rootPartCFrame":[758.395,222.699,45.888,-0.969,0,0.248,0,1,0,-0.248,0,-0.969],"_humanoidState":8,"_cameraCFrame":[757.453,234.423,42.653,-0.966,-0.25,0.07,0,0.271,0.963,-0.26,0.929,-0.262],"_shiftlockState":true,"_pose":"Running","_animationQueue":[],"_animationSpeed":1.103,"_zoom":10.621},{"_mousePosition":[683,384],"_rootPartCFrame":[758.136,222.7,45.823,-0.966,0,0.26,0,1,0,-0.26,0,-0.966],"_humanoidState":8,"_cameraCFrame":[757.2,234.425,42.593,-0.965,-0.252,0.071,0,0.27,0.963,-0.262,0.929,-0.261],"_shiftlockState":true,"_pose":"Running","_animationQueue":[],"_animationSpeed":1.103,"_zoom":10.621},{"_mousePosition":[683,384],"_rootPartCFrame":[757.878,222.7,45.754,-0.965,0,0.262,0,1,0,-0.262,0,-0.965],"_humanoidState":8,"_cameraCFrame":[756.936,234.427,42.533,-0.965,-0.251,0.07,0,0.27,0.963,-0.261,0.93,-0.26],"_shiftlockState":true,"_pose":"Running","_animationQueue":[],"_animationSpeed":1.103,"_zoom":10.621},{"_mousePosition":[683,384],"_rootPartCFrame":[757.621,222.7,45.684,-0.965,0,0.261,0,1,0,-0.261,0,-0.965],"_humanoidState":8,"_cameraCFrame":[756.625,234.45,42.554,-0.968,-0.242,0.066,0,0.262,0.965,-0.251,0.934,-0.253],"_shiftlockState":true,"_pose":"Running","_animationQueue":[["walk",0.1]],"_animationSpeed":1.103,"_zoom":10.621},{"_mousePosition":[683,384],"_rootPartCFrame":[757.364,222.7,45.615,-0.968,0,0.251,0,1,0,-0.251,0,-0.968],"_humanoidState":8,"_cameraCFrame":[756.297,234.481,42.61,-0.971,-0.23,0.06,0,0.251,0.968,-0.238,0.94,-0.244],"_shiftlockState":true,"_pose":"Running","_animationQueue":[],"_animationSpeed":1.103,"_zoom":10.621},{"_mousePosition":[683,384],"_rootPartCFrame":[757.041,222.7,45.531,-0.971,0,0.238,0,1,0,-0.238,0,-0.971],"_humanoidState":8,"_cameraCFrame":[755.924,234.506,42.633,-0.974,-0.222,0.055,0,0.242,0.97,-0.229,0.945,-0.235],"_shiftlockState":true,"_pose":"Running","_animationQueue":[],"_animationSpeed":1.103,"_zoom":10.621},{"_mousePosition":[683,384],"_rootPartCFrame":[756.847,222.7,45.482,-0.974,0,0.229,0,1,0,-0.229,0,-0.974],"_humanoidState":8,"_cameraCFrame":[755.691,234.529,42.682,-0.975,-0.216,0.052,0,0.233,0.973,-0.222,0.948,-0.227],"_shiftlockState":true,"_pose":"Running","_animationQueue":[],"_animationSpeed":1.103,"_zoom":10.621},{"_mousePosition":[683,384],"_rootPartCFrame":[756.458,222.7,45.391,-0.975,0,0.222,0,1,0,-0.222,0,-0.975],"_humanoidState":8,"_cameraCFrame":[755.265,234.552,42.694,-0.976,-0.212,0.049,0,0.223,0.975,-0.217,0.951,-0.218],"_shiftlockState":true,"_pose":"Running","_animationQueue":[],"_animationSpeed":1.103,"_zoom":10.621},{"_mousePosition":[683,384],"_rootPartCFrame":[756.198,223.573,45.33,-0.976,0,0.217,0,1,0,-0.217,0,-0.976],"_humanoidState":3,"_cameraCFrame":[754.985,235.438,42.694,-0.977,-0.209,0.047,0,0.218,0.976,-0.214,0.953,-0.213],"_shiftlockState":true,"_pose":"Jumping","_animationQueue":[["walk",0.1],["jump",0.1]],"_animationSpeed":1,"_zoom":10.621},{"_mousePosition":[683,384],"_rootPartCFrame":[756.003,224.194,45.286,-0.961,0,0.275,0,1,0,-0.275,0,-0.961],"_humanoidState":5,"_cameraCFrame":[754.769,236.073,42.711,-0.977,-0.206,0.045,0,0.212,0.977,-0.211,0.955,-0.208],"_shiftlockState":true,"_pose":"FreeFall","_animationQueue":[["jump",0.1]],"_animationSpeed":1,"_zoom":10.621},{"_mousePosition":[683,384],"_rootPartCFrame":[755.743,224.975,45.229,-0.943,0,0.331,0,1,0,-0.331,0,-0.943],"_humanoidState":5,"_cameraCFrame":[754.494,236.863,42.697,-0.978,-0.204,0.044,0,0.209,0.978,-0.209,0.956,-0.204],"_shiftlockState":true,"_pose":"FreeFall","_animationQueue":[],"_animationSpeed":1,"_zoom":10.621},{"_mousePosition":[683,384],"_rootPartCFrame":[755.417,225.875,45.158,-0.93,0,0.367,0,1,0,-0.367,0,-0.93],"_humanoidState":5,"_cameraCFrame":[754.162,237.766,42.644,-0.978,-0.204,0.043,0,0.207,0.978,-0.208,0.957,-0.202],"_shiftlockState":true,"_pose":"FreeFall","_animationQueue":[],"_animationSpeed":1,"_zoom":10.621},{"_mousePosition":[683,384],"_rootPartCFrame":[755.221,226.374,45.116,-0.952,0,0.305,0,1,0,-0.305,0,-0.952],"_humanoidState":5,"_cameraCFrame":[753.954,238.271,42.631,-0.979,-0.201,0.042,0,0.205,0.979,-0.205,0.958,-0.2],"_shiftlockState":true,"_pose":"FreeFall","_animationQueue":[],"_animationSpeed":1,"_zoom":10.621},{"_mousePosition":[683,384],"_rootPartCFrame":[754.96,226.992,45.061,-0.943,0,0.333,0,1,0,-0.333,0,-0.943],"_humanoidState":5,"_cameraCFrame":[753.67,238.894,42.61,-0.98,-0.194,0.04,0,0.202,0.979,-0.198,0.96,-0.198],"_shiftlockState":true,"_pose":"FreeFall","_animationQueue":[],"_animationSpeed":1,"_zoom":10.621},{"_mousePosition":[683,384],"_rootPartCFrame":[754.699,227.555,45.006,-0.945,0,0.326,0,1,0,-0.326,0,-0.945],"_humanoidState":5,"_cameraCFrame":[753.372,239.464,42.604,-0.983,-0.182,0.037,0,0.199,0.98,-0.185,0.963,-0.196],"_shiftlockState":true,"_pose":"FreeFall","_animationQueue":[],"_animationSpeed":1,"_zoom":10.621},{"_mousePosition":[683,384],"_rootPartCFrame":[754.373,228.182,44.94,-0.938,0,0.346,0,1,0,-0.346,0,-0.938],"_humanoidState":5,"_cameraCFrame":[753.005,240.099,42.598,-0.985,-0.169,0.034,0,0.195,0.981,-0.172,0.966,-0.192],"_shiftlockState":true,"_pose":"FreeFall","_animationQueue":[],"_animationSpeed":1,"_zoom":10.621},{"_mousePosition":[683,384],"_rootPartCFrame":[754.176,228.518,44.902,-0.963,0,0.27,0,1,0,-0.27,0,-0.963],"_humanoidState":5,"_cameraCFrame":[752.758,240.446,42.643,-0.988,-0.152,0.029,0,0.19,0.982,-0.155,0.97,-0.187],"_shiftlockState":true,"_pose":"FreeFall","_animationQueue":[],"_animationSpeed":1,"_zoom":10.621},{"_mousePosition":[683,384],"_rootPartCFrame":[753.914,228.918,44.856,-0.959,0,0.284,0,1,0,-0.284,0,-0.959],"_humanoidState":5,"_cameraCFrame":[752.448,240.857,42.68,-0.991,-0.135,0.025,0,0.184,0.983,-0.137,0.974,-0.182],"_shiftlockState":true,"_pose":"FreeFall","_animationQueue":[],"_animationSpeed":1,"_zoom":10.621},{"_mousePosition":[683,384],"_rootPartCFrame":[753.65,229.263,44.814,-0.964,0,0.267,0,1,0,-0.267,0,-0.964],"_humanoidState":5,"_cameraCFrame":[752.131,241.215,42.737,-0.993,-0.114,0.021,0,0.178,0.984,-0.116,0.977,-0.176],"_shiftlockState":true,"_pose":"FreeFall","_animationQueue":[],"_animationSpeed":1,"_zoom":10.621},{"_mousePosition":[683,384],"_rootPartCFrame":[753.386,229.553,44.777,-0.969,0,0.247,0,1,0,-0.247,0,-0.969],"_humanoidState":5,"_cameraCFrame":[751.807,241.513,42.784,-0.996,-0.088,0.015,0,0.174,0.985,-0.089,0.981,-0.173],"_shiftlockState":true,"_pose":"FreeFall","_animationQueue":[],"_animationSpeed":1,"_zoom":10.621},{"_mousePosition":[683,384],"_rootPartCFrame":[753.121,229.789,44.745,-0.975,0,0.221,0,1,0,-0.221,0,-0.975],"_humanoidState":5,"_cameraCFrame":[751.479,241.749,42.804,-0.998,-0.056,0.01,0,0.174,0.985,-0.057,0.983,-0.173],"_shiftlockState":true,"_pose":"FreeFall","_animationQueue":[],"_animationSpeed":1,"_zoom":10.621},{"_mousePosition":[683,384],"_rootPartCFrame":[752.856,229.971,44.72,-0.982,0,0.189,0,1,0,-0.189,0,-0.982],"_humanoidState":5,"_cameraCFrame":[751.145,241.931,42.839,-1,-0.021,0.004,0,0.174,0.985,-0.021,0.985,-0.174],"_shiftlockState":true,"_pose":"FreeFall","_animationQueue":[],"_animationSpeed":1,"_zoom":10.621},{"_mousePosition":[683,384],"_rootPartCFrame":[752.59,230.098,44.704,-0.988,0,0.154,0,1,0,-0.154,0,-0.988],"_humanoidState":5,"_cameraCFrame":[750.792,242.058,42.906,-1,0.026,-0.005,0,0.174,0.985,0.026,0.984,-0.174],"_shiftlockState":true,"_pose":"FreeFall","_animationQueue":[],"_animationSpeed":1,"_zoom":10.621},{"_mousePosition":[683,384],"_rootPartCFrame":[752.323,230.171,44.697,-0.994,0,0.107,0,1,0,-0.107,0,-0.994],"_humanoidState":5,"_cameraCFrame":[750.413,242.131,43.019,-0.996,0.089,-0.016,0,0.174,0.985,0.091,0.981,-0.173],"_shiftlockState":true,"_pose":"FreeFall","_animationQueue":[],"_animationSpeed":1,"_zoom":10.621},{"_mousePosition":[683,384],"_rootPartCFrame":[752.057,230.189,44.702,-0.999,0,0.042,0,1,0,-0.042,0,-0.999],"_humanoidState":5,"_cameraCFrame":[749.992,242.149,43.218,-0.982,0.184,-0.033,0,0.174,0.985,0.187,0.967,-0.171],"_shiftlockState":true,"_pose":"FreeFall","_animationQueue":[],"_animationSpeed":1,"_zoom":10.621},{"_mousePosition":[683,384],"_rootPartCFrame":[751.791,230.153,44.723,-0.998,0,-0.055,0,1,0,0.055,0,-0.998],"_humanoidState":5,"_cameraCFrame":[749.538,242.112,43.545,-0.946,0.319,-0.056,0,0.174,0.985,0.324,0.932,-0.164],"_shiftlockState":true,"_pose":"FreeFall","_animationQueue":[],"_animationSpeed":1,"_zoom":10.621},{"_mousePosition":[683,384],"_rootPartCFrame":[751.528,230.062,44.766,-0.981,0,-0.195,0,1,0,0.195,0,-0.981],"_humanoidState":5,"_cameraCFrame":[749.116,242.021,43.962,-0.882,0.463,-0.082,0,0.174,0.985,0.471,0.869,-0.153],"_shiftlockState":true,"_pose":"FreeFall","_animationQueue":[],"_animationSpeed":1,"_zoom":10.621},{"_mousePosition":[683,384],"_rootPartCFrame":[751.272,229.916,44.838,-0.937,0,-0.349,0,1,0,0.349,0,-0.937],"_humanoidState":5,"_cameraCFrame":[748.754,241.876,44.49,-0.781,0.615,-0.108,0,0.174,0.985,0.624,0.769,-0.136],"_shiftlockState":true,"_pose":"FreeFall","_animationQueue":[],"_animationSpeed":1,"_zoom":10.621},{"_mousePosition":[683,384],"_rootPartCFrame":[751.027,229.717,44.896,-0.858,0,-0.514,0,1,0,0.514,0,-0.858],"_humanoidState":5,"_cameraCFrame":[748.492,241.676,45.09,-0.631,0.764,-0.135,0,0.174,0.985,0.776,0.621,-0.11],"_shiftlockState":true,"_pose":"FreeFall","_animationQueue":[],"_animationSpeed":1,"_zoom":10.621},{"_mousePosition":[683,384],"_rootPartCFrame":[750.739,229.39,44.984,-0.751,0,-0.66,0,1,0,0.66,0,-0.751],"_humanoidState":5,"_cameraCFrame":[748.292,241.35,45.672,-0.466,0.871,-0.154,0,0.174,0.985,0.885,0.459,-0.081],"_shiftlockState":true,"_pose":"FreeFall","_animationQueue":[["fall",0.3]],"_animationSpeed":1,"_zoom":10.621},{"_mousePosition":[683,384],"_rootPartCFrame":[750.588,229.153,45.072,-0.552,0,-0.834,0,1,0,0.834,0,-0.552],"_humanoidState":5,"_cameraCFrame":[748.197,241.095,46.135,-0.309,0.935,-0.174,0,0.183,0.983,0.951,0.304,-0.057],"_shiftlockState":true,"_pose":"FreeFall","_animationQueue":[],"_animationSpeed":1,"_zoom":10.621},{"_mousePosition":[683,384],"_rootPartCFrame":[750.404,228.79,45.22,-0.433,0,-0.901,0,1,0,0.901,0,-0.433],"_humanoidState":5,"_cameraCFrame":[748.01,240.692,46.615,-0.156,0.967,-0.2,0,0.202,0.979,0.988,0.152,-0.031],"_shiftlockState":true,"_pose":"FreeFall","_animationQueue":[],"_animationSpeed":1,"_zoom":10.621},{"_mousePosition":[683,384],"_rootPartCFrame":[750.245,228.372,45.398,-0.285,0,-0.958,0,1,0,0.958,0,-0.285],"_humanoidState":5,"_cameraCFrame":[747.847,240.238,47.031,-0.049,0.975,-0.218,0,0.218,0.976,0.999,0.048,-0.011],"_shiftlockState":true,"_pose":"FreeFall","_animationQueue":[],"_animationSpeed":1,"_zoom":10.621},{"_mousePosition":[683,384],"_rootPartCFrame":[750.117,227.9,45.6,-0.182,0,-0.983,0,1,0,0.983,0,-0.182],"_humanoidState":5,"_cameraCFrame":[747.746,239.741,47.42,0.029,0.973,-0.228,0,0.228,0.974,1,-0.028,0.007],"_shiftlockState":true,"_pose":"FreeFall","_animationQueue":[],"_animationSpeed":1,"_zoom":10.621},{"_mousePosition":[683,384],"_rootPartCFrame":[750.006,227.233,45.881,-0.137,0,-0.991,0,1,0,0.991,0,-0.137],"_humanoidState":5,"_cameraCFrame":[747.652,239.056,47.822,0.078,0.969,-0.234,0,0.235,0.972,0.997,-0.076,0.018],"_shiftlockState":true,"_pose":"FreeFall","_animationQueue":[],"_animationSpeed":1,"_zoom":10.621},{"_mousePosition":[683,384],"_rootPartCFrame":[749.966,226.792,46.063,-0.022,0,-1,0,1,0,1,0,-0.022],"_humanoidState":5,"_cameraCFrame":[747.622,238.607,48.058,0.1,0.966,-0.237,0,0.238,0.971,0.995,-0.097,0.024],"_shiftlockState":true,"_pose":"FreeFall","_animationQueue":[],"_animationSpeed":1,"_zoom":10.621},{"_mousePosition":[683,384],"_rootPartCFrame":[749.945,226.156,46.316,-0.033,0,-0.999,0,1,0,0.999,0,-0.033],"_humanoidState":5,"_cameraCFrame":[747.585,237.969,48.302,0.096,0.967,-0.238,0,0.239,0.971,0.995,-0.093,0.023],"_shiftlockState":true,"_pose":"FreeFall","_animationQueue":[["fall",0.3]],"_animationSpeed":1,"_zoom":10.621},{"_mousePosition":[683,384],"_rootPartCFrame":[749.961,225.465,46.579,-0.037,0,-0.999,0,1,0,0.999,0,-0.037],"_humanoidState":5,"_cameraCFrame":[747.505,237.272,48.478,0.059,0.969,-0.241,0,0.241,0.97,0.998,-0.058,0.014],"_shiftlockState":true,"_pose":"FreeFall","_animationQueue":[],"_animationSpeed":1,"_zoom":10.621},{"_mousePosition":[683,384],"_rootPartCFrame":[749.986,224.721,46.844,-0.074,0,-0.997,0,1,0,0.997,0,-0.074],"_humanoidState":5,"_cameraCFrame":[747.342,236.519,48.522,-0.027,0.969,-0.245,0,0.245,0.97,1,0.027,-0.007],"_shiftlockState":true,"_pose":"FreeFall","_animationQueue":[],"_animationSpeed":1,"_zoom":10.621},{"_mousePosition":[683,384],"_rootPartCFrame":[750.004,224.021,47.11,-0.069,0,-0.998,0,1,0,0.998,0,-0.069],"_humanoidState":7,"_cameraCFrame":[747.127,235.807,48.451,-0.147,0.958,-0.247,0,0.249,0.968,0.989,0.143,-0.037],"_shiftlockState":true,"_pose":"FreeFall","_animationQueue":[["walk",0.1],["fall",0.3],["fall",0.3]],"_animationSpeed":1,"_zoom":10.621},{"_mousePosition":[683,384],"_rootPartCFrame":[750,223.979,47.377,-0.152,0,-0.988,0,1,0,0.988,0,-0.152],"_humanoidState":7,"_cameraCFrame":[746.855,235.745,48.14,-0.327,0.913,-0.242,0,0.256,0.967,0.945,0.316,-0.084],"_shiftlockState":true,"_pose":"FreeFall","_animationQueue":[],"_animationSpeed":1,"_zoom":10.621},{"_mousePosition":[683,384],"_rootPartCFrame":[749.965,224.061,47.641,-0.336,0,-0.942,0,1,0,0.942,0,-0.336],"_humanoidState":8,"_cameraCFrame":[746.709,235.82,47.714,-0.518,0.826,-0.221,0,0.259,0.966,0.855,0.501,-0.134],"_shiftlockState":true,"_pose":"Running","_animationQueue":[["walk",0.1],["fall",0.3],["walk",0.1]],"_animationSpeed":1.103,"_zoom":10.621},{"_mousePosition":[683,384],"_rootPartCFrame":[749.882,224.122,47.894,-0.529,0,-0.848,0,1,0,0.848,0,-0.529],"_humanoidState":8,"_cameraCFrame":[746.687,235.89,47.421,-0.659,0.727,-0.192,0,0.256,0.967,0.752,0.637,-0.168],"_shiftlockState":true,"_pose":"Running","_animationQueue":[],"_animationSpeed":1.103,"_zoom":10.621},{"_mousePosition":[683,384],"_rootPartCFrame":[749.748,224.158,48.124,-0.667,0,-0.745,0,1,0,0.745,0,-0.667],"_humanoidState":8,"_cameraCFrame":[746.726,235.948,47.199,-0.773,0.614,-0.157,0,0.248,0.969,0.634,0.749,-0.192],"_shiftlockState":true,"_pose":"Running","_animationQueue":[["walk",0.1]],"_animationSpeed":1.103,"_zoom":10.621},{"_mousePosition":[683,384],"_rootPartCFrame":[749.575,224.177,48.326,-0.78,0,-0.626,0,1,0,0.626,0,-0.78],"_humanoidState":8,"_cameraCFrame":[746.815,236.006,47.077,-0.863,0.491,-0.118,0,0.233,0.973,0.505,0.839,-0.201],"_shiftlockState":true,"_pose":"Running","_animationQueue":[],"_animationSpeed":1.103,"_zoom":10.621},{"_mousePosition":[683,384],"_rootPartCFrame":[749.268,224.191,48.583,-0.87,0,-0.493,0,1,0,0.493,0,-0.87],"_humanoidState":8,"_cameraCFrame":[746.638,236.036,47.191,-0.898,0.428,-0.1,0,0.227,0.974,0.44,0.875,-0.203],"_shiftlockState":true,"_pose":"Running","_animationQueue":[],"_animationSpeed":1.103,"_zoom":10.621},{"_mousePosition":[683,384],"_rootPartCFrame":[749.099,224.194,48.689,-0.899,0,-0.437,0,1,0,0.437,0,-0.899],"_humanoidState":8,"_cameraCFrame":[746.593,236.043,47.111,-0.93,0.359,-0.083,0,0.225,0.974,0.368,0.906,-0.209],"_shiftlockState":true,"_pose":"Running","_animationQueue":[],"_animationSpeed":1.103,"_zoom":10.621},{"_mousePosition":[683,384],"_rootPartCFrame":[748.869,224.164,48.824,-0.93,0,-0.367,0,1,0,0.367,0,-0.93],"_humanoidState":8,"_cameraCFrame":[746.433,236.011,47.126,-0.945,0.317,-0.074,0,0.226,0.974,0.326,0.921,-0.213],"_shiftlockState":true,"_pose":"Running","_animationQueue":[],"_animationSpeed":1.103,"_zoom":10.621},{"_mousePosition":[683,384],"_rootPartCFrame":[748.639,224.079,48.958,-0.945,0,-0.326,0,1,0,0.326,0,-0.945],"_humanoidState":8,"_cameraCFrame":[746.233,235.918,47.174,-0.953,0.296,-0.07,0,0.229,0.973,0.304,0.927,-0.218],"_shiftlockState":true,"_pose":"Running","_animationQueue":[],"_animationSpeed":1.103,"_zoom":10.621},{"_mousePosition":[683,384],"_rootPartCFrame":[748.351,225.163,49.127,-0.953,0,-0.304,0,1,0,0.304,0,-0.953],"_humanoidState":3,"_cameraCFrame":[745.951,236.998,47.311,-0.955,0.29,-0.069,0,0.23,0.973,0.298,0.929,-0.22],"_shiftlockState":true,"_pose":"Jumping","_animationQueue":[["walk",0.1],["walk",0.1],["jump",0.1]],"_animationSpeed":1,"_zoom":10.621},{"_mousePosition":[683,384],"_rootPartCFrame":[748.173,225.774,49.214,-0.971,0,-0.238,0,1,0,0.238,0,-0.971],"_humanoidState":5,"_cameraCFrame":[745.773,237.609,47.399,-0.955,0.29,-0.069,0,0.23,0.973,0.298,0.929,-0.22],"_shiftlockState":true,"_pose":"FreeFall","_animationQueue":[["jump",0.1]],"_animationSpeed":1,"_zoom":10.621},{"_mousePosition":[683,384],"_rootPartCFrame":[747.922,226.542,49.302,-0.984,0,-0.176,0,1,0,0.176,0,-0.984],"_humanoidState":5,"_cameraCFrame":[745.522,238.377,47.487,-0.955,0.29,-0.069,0,0.23,0.973,0.298,0.929,-0.22],"_shiftlockState":true,"_pose":"FreeFall","_animationQueue":[],"_animationSpeed":1,"_zoom":10.621},{"_mousePosition":[683,384],"_rootPartCFrame":[747.667,227.255,49.382,-0.986,0,-0.169,0,1,0,0.169,0,-0.986],"_humanoidState":5,"_cameraCFrame":[745.267,239.09,47.566,-0.955,0.29,-0.069,0,0.23,0.973,0.298,0.929,-0.22],"_shiftlockState":true,"_pose":"FreeFall","_animationQueue":[],"_animationSpeed":1,"_zoom":10.621},{"_mousePosition":[683,384],"_rootPartCFrame":[747.413,227.913,49.461,-0.986,0,-0.169,0,1,0,0.169,0,-0.986],"_humanoidState":5,"_cameraCFrame":[745.013,239.748,47.646,-0.955,0.29,-0.069,0,0.23,0.973,0.298,0.929,-0.22],"_shiftlockState":true,"_pose":"FreeFall","_animationQueue":[],"_animationSpeed":1,"_zoom":10.621},{"_mousePosition":[683,384],"_rootPartCFrame":[747.158,228.517,49.541,-0.986,0,-0.168,0,1,0,0.168,0,-0.986],"_humanoidState":5,"_cameraCFrame":[744.758,240.352,47.725,-0.955,0.29,-0.069,0,0.23,0.973,0.298,0.929,-0.22],"_shiftlockState":true,"_pose":"FreeFall","_animationQueue":[],"_animationSpeed":1,"_zoom":10.621},{"_mousePosition":[683,384],"_rootPartCFrame":[746.903,229.067,49.62,-0.986,0,-0.168,0,1,0,0.168,0,-0.986],"_humanoidState":5,"_cameraCFrame":[744.503,240.902,47.805,-0.955,0.29,-0.069,0,0.23,0.973,0.298,0.929,-0.22],"_shiftlockState":true,"_pose":"FreeFall","_animationQueue":[],"_animationSpeed":1,"_zoom":10.621},{"_mousePosition":[683,384],"_rootPartCFrame":[746.649,229.562,49.7,-0.986,0,-0.168,0,1,0,0.168,0,-0.986],"_humanoidState":5,"_cameraCFrame":[744.249,241.397,47.884,-0.955,0.29,-0.069,0,0.23,0.973,0.298,0.929,-0.22],"_shiftlockState":true,"_pose":"FreeFall","_animationQueue":[],"_animationSpeed":1,"_zoom":10.621},{"_mousePosition":[683,384],"_rootPartCFrame":[746.394,230.002,49.779,-0.986,0,-0.168,0,1,0,0.168,0,-0.986],"_humanoidState":5,"_cameraCFrame":[743.994,241.837,47.963,-0.955,0.29,-0.069,0,0.23,0.973,0.298,0.929,-0.22],"_shiftlockState":true,"_pose":"FreeFall","_an