[{"_mousePosition":[1072,358],"_rootPartCFrame":[776.032,222.984,47.142,0,-0.004,1,0,1,0.004,-1,0,0],"_humanoidState":8,"_cameraCFrame":[784.435,230.971,47.089,-0.006,-0.611,0.792,0,0.792,0.611,-1,0.004,-0.005],"_shiftlockState":false,"_pose":"Standing","_animationQueue":[],"_animationSpeed":1,"_zoom":10.621},{"_mousePosition":[1072,358],"_rootPartCFrame":[775.786,222.852,47.144,-0.001,-0.001,1,0,1,0.001,-1,0,-0.001],"_humanoidState":8,"_cameraCFrame":[784.194,230.839,47.09,-0.006,-0.611,0.792,0,0.792,0.611,-1,0.004,-0.005],"_shiftlockState":false,"_pose":"Standing","_animationQueue":[],"_animationSpeed":1,"_zoom":10.621},{"_mousePosition":[949,338],"_rootPartCFrame":[775.653,222.772,47.144,-0.001,0,1,0,1,0,-1,0,-0.001],"_humanoidState":8,"_cameraCFrame":[784.062,230.76,47.091,-0.006,-0.611,0.792,0,0.792,0.611,-1,0.004,-0.005],"_shiftlockState":false,"_pose":"Running","_animationQueue":[["walk",0.1]],"_animationSpeed":1.066,"_zoom":10.621},{"_mousePosition":[902,329],"_rootPartCFrame":[775.386,222.656,47.146,-0.002,0,1,0,1,0,-1,0,-0.002],"_humanoidState":8,"_cameraCFrame":[783.796,230.643,47.093,-0.006,-0.611,0.792,0,0.792,0.611,-1,0.004,-0.005],"_shiftlockState":false,"_pose":"Running","_animationQueue":[["walk",0.1]],"_animationSpeed":1.066,"_zoom":10.621},{"_mousePosition":[899,328],"_rootPartCFrame":[775.12,222.663,47.148,-0.003,0,1,0,1,0,-1,0,-0.003],"_humanoidState":8,"_cameraCFrame":[783.529,230.65,47.095,-0.006,-0.611,0.792,0,0.792,0.611,-1,0.004,-0.005],"_shiftlockState":false,"_pose":"Running","_animationQueue":[],"_animationSpeed":1.066,"_zoom":10.621},{"_mousePosition":[838,319],"_rootPartCFrame":[774.853,222.678,47.149,-0.003,0,1,0,1,0,-1,0,-0.003],"_humanoidState":8,"_cameraCFrame":[783.262,230.665,47.096,-0.006,-0.611,0.792,0,0.792,0.611,-1,0.004,-0.005],"_shiftlockState":false,"_pose":"Running","_animationQueue":[],"_animationSpeed":1.066,"_zoom":10.621},{"_mousePosition":[838,319],"_rootPartCFrame":[774.586,222.688,47.151,-0.003,0,1,0,1,0,-1,0,-0.003],"_humanoidState":8,"_cameraCFrame":[782.996,230.675,47.098,-0.006,-0.611,0.792,0,0.792,0.611,-1,0.004,-0.005],"_shiftlockState":false,"_pose":"Running","_animationQueue":[],"_animationSpeed":1.066,"_zoom":10.621},{"_mousePosition":[828,318],"_rootPartCFrame":[774.32,222.693,47.153,-0.004,0,1,0,1,0,-1,0,-0.004],"_humanoidState":8,"_cameraCFrame":[782.729,230.681,47.1,-0.006,-0.611,0.792,0,0.792,0.611,-1,0.004,-0.005],"_shiftlockState":false,"_pose":"Running","_animationQueue":[],"_animationSpeed":1.066,"_zoom":10.621},{"_mousePosition":[828,318],"_rootPartCFrame":[774.053,222.696,47.155,-0.004,0,1,0,1,0,-1,0,-0.004],"_humanoidState":8,"_cameraCFrame":[782.462,230.684,47.101,-0.006,-0.611,0.792,0,0.792,0.611,-1,0.004,-0.005],"_shiftlockState":false,"_pose":"Running","_animationQueue":[],"_animationSpeed":1.066,"_zoom":10.621},{"_mousePosition":[827,318],"_rootPartCFrame":[773.786,222.698,47.156,-0.004,0,1,0,1,0,-1,0,-0.004],"_humanoidState":8,"_cameraCFrame":[782.196,230.685,47.103,-0.006,-0.611,0.792,0,0.792,0.611,-1,0.004,-0.005],"_shiftlockState":false,"_pose":"Running","_animationQueue":[],"_animationSpeed":1.066,"_zoom":10.621},{"_mousePosition":[825,319],"_rootPartCFrame":[773.52,222.699,47.158,-0.005,0,1,0,1,0,-1,0,-0.005],"_humanoidState":8,"_cameraCFrame":[781.929,230.686,47.105,-0.006,-0.611,0.792,0,0.792,0.611,-1,0.004,-0.005],"_shiftlockState":false,"_pose":"Running","_animationQueue":[["walk",0.1]],"_animationSpeed":1.066,"_zoom":10.621},{"_mousePosition":[823,325],"_rootPartCFrame":[773.253,222.699,47.16,-0.005,0,1,0,1,0,-1,0,-0.005],"_humanoidState":8,"_cameraCFrame":[781.662,230.687,47.106,-0.006,-0.611,0.792,0,0.792,0.611,-1,0.004,-0.005],"_shiftlockState":false,"_pose":"Running","_animationQueue":[],"_animationSpeed":1.066,"_zoom":10.621},{"_mousePosition":[823,325],"_rootPartCFrame":[772.853,222.699,47.162,-0.005,0,1,0,1,0,-1,0,-0.005],"_humanoidState":8,"_cameraCFrame":[781.263,230.687,47.109,-0.006,-0.611,0.792,0,0.792,0.611,-1,0.004,-0.005],"_shiftlockState":false,"_pose":"Running","_animationQueue":[],"_animationSpeed":1.066,"_zoom":10.621},{"_mousePosition":[823,325],"_rootPartCFrame":[772.72,222.7,47.163,-0.005,0,1,0,1,0,-1,0,-0.005],"_humanoidState":8,"_cameraCFrame":[781.092,230.734,47.084,-0.009,-0.615,0.788,0,0.788,0.615,-1,0.006,-0.007],"_shiftlockState":false,"_pose":"Running","_animationQueue":[],"_animationSpeed":1.066,"_zoom":10.621},{"_mousePosition":[823,325],"_rootPartCFrame":[772.453,222.7,47.165,-0.005,0,1,0,1,0,-1,0,-0.005],"_humanoidState":8,"_cameraCFrame":[780.757,230.822,47.069,-0.012,-0.623,0.782,0,0.782,0.624,-1,0.007,-0.009],"_shiftlockState":false,"_pose":"Running","_animationQueue":[],"_animationSpeed":1.066,"_zoom":10.621},{"_mousePosition":[823,325],"_rootPartCFrame":[772.187,222.7,47.167,-0.006,0,1,0,1,0,-1,0,-0.006],"_humanoidState":8,"_cameraCFrame":[780.387,230.948,47.064,-0.013,-0.635,0.772,0,0.772,0.635,-1,0.008,-0.01],"_shiftlockState":false,"_pose":"Running","_animationQueue":[],"_animationSpeed":1.066,"_zoom":10.621},{"_mousePosition":[823,325],"_rootPartCFrame":[771.92,222.7,47.17,-0.007,0,1,0,1,0,-1,0,-0.007],"_humanoidState":8,"_cameraCFrame":[780,231.093,47.068,-0.013,-0.649,0.761,0,0.761,0.649,-1,0.008,-0.01],"_shiftlockState":false,"_pose":"Running","_animationQueue":[["walk",0.1]],"_animationSpeed":1.066,"_zoom":10.621},{"_mousePosition":[823,325],"_rootPartCFrame":[771.654,222.7,47.173,-0.007,0,1,0,1,0,-1,0,-0.007],"_humanoidState":8,"_cameraCFrame":[779.564,231.286,47.074,-0.013,-0.667,0.745,0,0.745,0.667,-1,0.008,-0.009],"_shiftlockState":false,"_pose":"Running","_animationQueue":[],"_animationSpeed":1.066,"_zoom":10.621},{"_mousePosition":[823,325],"_rootPartCFrame":[771.387,222.7,47.177,-0.008,0,1,0,1,0,-1,0,-0.008],"_humanoidState":8,"_cameraCFrame":[779.136,231.463,47.079,-0.013,-0.684,0.73,0,0.73,0.684,-1,0.009,-0.009],"_shiftlockState":false,"_pose":"Running","_animationQueue":[],"_animationSpeed":1.066,"_zoom":10.621},{"_mousePosition":[823,325],"_rootPartCFrame":[771.12,222.7,47.18,-0.009,0,1,0,1,0,-1,0,-0.009],"_humanoidState":8,"_cameraCFrame":[778.679,231.66,47.077,-0.014,-0.702,0.712,0,0.712,0.702,-1,0.01,-0.01],"_shiftlockState":false,"_pose":"Running","_animationQueue":[],"_animationSpeed":1.066,"_zoom":10.621},{"_mousePosition":[823,325],"_rootPartCFrame":[770.854,222.7,47.184,-0.009,0,1,0,1,0,-1,0,-0.009],"_humanoidState":8,"_cameraCFrame":[778.235,231.835,47.052,-0.018,-0.719,0.695,0,0.695,0.719,-1,0.013,-0.012],"_shiftlockState":false,"_pose":"Running","_animationQueue":[],"_animationSpeed":1.066,"_zoom":10.621},{"_mousePosition":[823,325],"_rootPartCFrame":[770.587,222.7,47.187,-0.01,0,1,0,1,0,-1,0,-0.01],"_humanoidState":8,"_cameraCFrame":[777.762,232.029,47.029,-0.022,-0.737,0.676,0,0.676,0.737,-1,0.016,-0.015],"_shiftlockState":false,"_pose":"Running","_animationQueue":[],"_animationSpeed":1.066,"_zoom":10.621},{"_mousePosition":[823,325],"_rootPartCFrame":[770.321,222.666,47.191,-0.01,0,1,0,1,0,-1,0,-0.01],"_humanoidState":8,"_cameraCFrame":[777.278,232.189,47.016,-0.025,-0.755,0.655,0,0.655,0.755,-1,0.019,-0.016],"_shiftlockState":false,"_pose":"Running","_animationQueue":[["walk",0.1]],"_animationSpeed":1.066,"_zoom":10.621},{"_mousePosition":[823,325],"_rootPartCFrame":[770.054,222.577,47.194,-0.011,0,1,0,1,0,-1,0,-0.011],"_humanoidState":8,"_cameraCFrame":[776.815,232.266,47.017,-0.026,-0.771,0.637,0,0.637,0.771,-1,0.02,-0.017],"_shiftlockState":false,"_pose":"Running","_animationQueue":[],"_animationSpeed":1.066,"_zoom":10.621},{"_mousePosition":[823,325],"_rootPartCFrame":[769.787,222.434,47.198,-0.012,0,1,0,1,0,-1,0,-0.012],"_humanoidState":8,"_cameraCFrame":[776.322,232.305,47.02,-0.027,-0.788,0.615,0,0.615,0.788,-1,0.021,-0.017],"_shiftlockState":false,"_pose":"Running","_animationQueue":[],"_animationSpeed":1.066,"_zoom":10.621},{"_mousePosition":[823,325],"_rootPartCFrame":[769.521,222.236,47.202,-0.012,0,1,0,1,0,-1,0,-0.012],"_humanoidState":8,"_cameraCFrame":[775.755,232.334,47.071,-0.021,-0.809,0.587,0,0.587,0.81,-1,0.017,-0.012],"_shiftlockState":false,"_pose":"Running","_animationQueue":[],"_animationSpeed":1.066,"_zoom":10.621},{"_mousePosition":[823,325],"_rootPartCFrame":[769.254,223.11,47.205,-0.013,0,1,0,1,0,-1,0,-0.013],"_humanoidState":3,"_cameraCFrame":[775.273,233.361,47.148,-0.009,-0.824,0.567,0,0.567,0.824,-1,0.008,-0.005],"_shiftlockState":false,"_pose":"Jumping","_animationQueue":[["walk",0.1],["jump",0.1]],"_animationSpeed":1,"_zoom":10.621},{"_mousePosition":[823,325],"_rootPartCFrame":[768.988,223.932,47.211,-0.014,0,1,0,1,0,-1,0,-0.014],"_humanoidState":5,"_cameraCFrame":[774.814,234.312,47.247,0.006,-0.836,0.549,0,0.549,0.836,-1,-0.005,0.003],"_shiftlockState":false,"_pose":"FreeFall","_animationQueue":[["jump",0.1]],"_animationSpeed":1,"_zoom":10.621},{"_mousePosition":[823,325],"_rootPartCFrame":[768.721,224.699,47.214,-0.014,0,1,0,1,0,-1,0,-0.014],"_humanoidState":5,"_cameraCFrame":[774.432,235.154,47.303,0.016,-0.843,0.538,0,0.538,0.843,-1,-0.013,0.008],"_shiftlockState":false,"_pose":"FreeFall","_animationQueue":[],"_animationSpeed":1,"_zoom":10.621},{"_mousePosition":[823,325],"_rootPartCFrame":[768.454,225.412,47.213,-0.012,0,1,0,1,0,-1,0,-0.012],"_humanoidState":5,"_cameraCFrame":[774.136,235.885,47.319,0.019,-0.845,0.535,0,0.535,0.845,-1,-0.016,0.01],"_shiftlockState":false,"_pose":"FreeFall","_animationQueue":[],"_animationSpeed":1,"_zoom":10.621},{"_mousePosition":[823,325],"_rootPartCFrame":[768.188,226.071,47.209,-0.008,0,1,0,1,0,-1,0,-0.008],"_humanoidState":5,"_cameraCFrame":[773.855,236.553,47.315,0.019,-0.846,0.534,0,0.534,0.846,-1,-0.016,0.01],"_shiftlockState":false,"_pose":"FreeFall","_animationQueue":[],"_animationSpeed":1,"_zoom":10.621},{"_mousePosition":[823,325],"_rootPartCFrame":[767.921,226.675,47.204,-0.005,0,1,0,1,0,-1,0,-0.005],"_humanoidState":5,"_cameraCFrame":[773.574,237.166,47.316,0.02,-0.846,0.532,0,0.532,0.847,-1,-0.017,0.011],"_shiftlockState":false,"_pose":"FreeFall","_animationQueue":[],"_animationSpeed":1,"_zoom":10.621},{"_mousePosition":[823,325],"_rootPartCFrame":[767.655,227.224,47.199,-0.002,0,1,0,1,0,-1,0,-0.002],"_humanoidState":5,"_cameraCFrame":[773.293,237.724,47.317,0.021,-0.847,0.531,0,0.531,0.847,-1,-0.018,0.011],"_shiftlockState":false,"_pose":"FreeFall","_animationQueue":[],"_animationSpeed":1,"_zoom":10.621},{"_mousePosition":[823,325],"_rootPartCFrame":[767.455,227.601,47.195,0.001,0,1,0,1,0,-1,0,0.001],"_humanoidState":5,"_cameraCFrame":[773.041,238.132,47.329,0.024,-0.85,0.526,0,0.526,0.85,-1,-0.02,0.013],"_shiftlockState":false,"_pose":"FreeFall","_animationQueue":[],"_animationSpeed":1,"_zoom":10.621},{"_mousePosition":[823,325],"_rootPartCFrame":[767.121,228.16,47.188,0.004,0,1,0,1,0,-1,0,0.004],"_humanoidState":5,"_cameraCFrame":[772.649,238.727,47.35,0.029,-0.853,0.52,0,0.521,0.854,-1,-0.025,0.015],"_shiftlockState":false,"_pose":"FreeFall","_animationQueue":[],"_animationSpeed":1,"_zoom":10.621},{"_mousePosition":[823,325],"_rootPartCFrame":[766.855,228.546,47.182,0.007,0,1,0,1,0,-1,0,0.007],"_humanoidState":5,"_cameraCFrame":[772.353,239.131,47.354,0.031,-0.855,0.518,0,0.518,0.855,-1,-0.027,0.016],"_shiftlockState":false,"_pose":"FreeFall","_animationQueue":[],"_animationSpeed":1,"_zoom":10.621},{"_mousePosition":[823,325],"_rootPartCFrame":[766.588,228.877,47.174,0.01,0,1,0,1,0,-1,0,0.01],"_humanoidState":5,"_cameraCFrame":[772.019,239.503,47.373,0.037,-0.859,0.511,0,0.512,0.859,-0.999,-0.031,0.019],"_shiftlockState":false,"_pose":"FreeFall","_animationQueue":[],"_animationSpeed":1,"_zoom":10.621},{"_mousePosition":[823,325],"_rootPartCFrame":[766.322,229.154,47.166,0.013,0,1,0,1,0,-1,0,0.013],"_humanoidState":5,"_cameraCFrame":[771.677,239.823,47.407,0.045,-0.862,0.504,0,0.505,0.863,-0.999,-0.039,0.023],"_shiftlockState":false,"_pose":"FreeFall","_animationQueue":[],"_animationSpeed":1,"_zoom":10.621},{"_mousePosition":[823,325],"_rootPartCFrame":[766.055,229.377,47.156,0.016,0,1,0,1,0,-1,0,0.016],"_humanoidState":5,"_cameraCFrame":[771.364,240.071,47.44,0.053,-0.864,0.5,0,0.501,0.866,-0.999,-0.046,0.027],"_shiftlockState":false,"_pose":"FreeFall","_animationQueue":[],"_animationSpeed":1,"_zoom":10.621},{"_mousePosition":[823,325],"_rootPartCFrame":[765.789,229.545,47.145,0.019,0,1,0,1,0,-1,0,0.019],"_humanoidState":5,"_cameraCFrame":[771.043,240.269,47.469,0.062,-0.867,0.495,0,0.496,0.869,-0.998,-0.054,0.031],"_shiftlockState":false,"_pose":"FreeFall","_animationQueue":[],"_animationSpeed":1,"_zoom":10.621},{"_mousePosition":[823,325],"_rootPartCFrame":[765.522,229.658,47.131,0.024,0,1,0,1,0,-1,0,0.024],"_humanoidState":5,"_cameraCFrame":[770.746,240.4,47.47,0.065,-0.868,0.492,0,0.493,0.87,-0.998,-0.056,0.032],"_shiftlockState":false,"_pose":"FreeFall","_animationQueue":[],"_animationSpeed":1,"_zoom":10.621},{"_mousePosition":[823,325],"_rootPartCFrame":[765.256,229.717,47.115,0.029,0,1,0,1,0,-1,0,0.029],"_humanoidState":5,"_cameraCFrame":[770.456,240.471,47.469,0.068,-0.869,0.49,0,0.491,0.871,-0.998,-0.059,0.033],"_shiftlockState":false,"_pose":"FreeFall","_animationQueue":[],"_animationSpeed":1,"_zoom":10.621},{"_mousePosition":[823,325],"_rootPartCFrame":[764.99,229.722,47.097,0.033,0,0.999,0,1,0,-0.999,0,0.033],"_humanoidState":5,"_cameraCFrame":[770.136,240.505,47.475,0.073,-0.872,0.485,0,0.486,0.874,-0.997,-0.064,0.036],"_shiftlockState":false,"_pose":"FreeFall","_animationQueue":[["fall",0.3]],"_animationSpeed":1,"_zoom":10.621},{"_mousePosition":[823,325],"_rootPartCFrame":[764.724,229.672,47.079,0.038,0,0.999,0,1,0,-0.999,0,0.038],"_humanoidState":5,"_cameraCFrame":[769.816,240.484,47.475,0.077,-0.874,0.479,0,0.481,0.877,-0.997,-0.068,0.037],"_shiftlockState":false,"_pose":"FreeFall","_animationQueue":[],"_animationSpeed":1,"_zoom":10.621},{"_mousePosition":[823,325],"_rootPartCFrame":[764.458,229.567,47.06,0.043,0,0.999,0,1,0,-0.999,0,0.043],"_humanoidState":5,"_cameraCFrame":[769.527,240.392,47.464,0.079,-0.875,0.477,0,0.479,0.878,-0.997,-0.07,0.038],"_shiftlockState":false,"_pose":"FreeFall","_animationQueue":[],"_animationSpeed":1,"_zoom":10.621},{"_mousePosition":[823,325],"_rootPartCFrame":[764.192,229.408,47.04,0.047,0,0.999,0,1,0,-0.999,0,0.047],"_humanoidState":5,"_cameraCFrame":[769.261,240.233,47.444,0.079,-0.875,0.477,0,0.479,0.878,-0.997,-0.07,0.038],"_shiftlockState":false,"_pose":"FreeFall","_animationQueue":[],"_animationSpeed":1,"_zoom":10.621},{"_mousePosition":[823,325],"_rootPartCFrame":[763.993,229.253,47.024,0.051,0,0.999,0,1,0,-0.999,0,0.051],"_humanoidState":5,"_cameraCFrame":[769.054,240.082,47.427,0.079,-0.876,0.477,0,0.478,0.878,-0.997,-0.07,0.038],"_shiftlockState":false,"_pose":"FreeFall","_animationQueue":[],"_animationSpeed":1,"_zoom":10.621},{"_mousePosition":[823,325],"_rootPartCFrame":[763.66,228.927,46.997,0.056,0,0.998,0,1,0,-0.998,0,0.056],"_humanoidState":5,"_cameraCFrame":[768.707,239.764,47.4,0.079,-0.876,0.475,0,0.477,0.879,-0.997,-0.07,0.038],"_shiftlockState":false,"_pose":"FreeFall","_animationQueue":[],"_animationSpeed":1,"_zoom":10.621},{"_mousePosition":[823,325],"_rootPartCFrame":[763.395,228.604,46.976,0.059,0,0.998,0,1,0,-0.998,0,0.059],"_humanoidState":5,"_cameraCFrame":[768.381,239.474,47.374,0.079,-0.879,0.469,0,0.471,0.882,-0.997,-0.07,0.037],"_shiftlockState":false,"_pose":"FreeFall","_animationQueue":[["fall",0.3]],"_animationSpeed":1,"_zoom":10.621},{"_mousePosition":[823,325],"_rootPartCFrame":[763.129,228.228,46.955,0.062,0,0.998,0,1,0,-0.998,0,0.062],"_humanoidState":5,"_cameraCFrame":[768.025,239.145,47.34,0.078,-0.884,0.461,0,0.462,0.887,-0.997,-0.07,0.036],"_shiftlockState":false,"_pose":"FreeFall","_animationQueue":[],"_animationSpeed":1,"_zoom":10.621},{"_mousePosition":[823,325],"_rootPartCFrame":[762.863,227.796,46.934,0.064,0,0.998,0,1,0,-0.998,0,0.064],"_humanoidState":5,"_cameraCFrame":[767.676,238.757,47.307,0.077,-0.888,0.453,0,0.455,0.891,-0.997,-0.069,0.035],"_shiftlockState":false,"_pose":"FreeFall","_animationQueue":[],"_animationSpeed":1,"_zoom":10.621},{"_mousePosition":[823,325],"_rootPartCFrame":[762.597,227.31,46.913,0.066,0,0.998,0,1,0,-0.998,0,0.066],"_humanoidState":5,"_cameraCFrame":[767.319,238.317,47.274,0.076,-0.892,0.445,0,0.446,0.895,-0.997,-0.068,0.034],"_shiftlockState":false,"_pose":"FreeFall","_animationQueue":[],"_animationSpeed":1,"_zoom":10.621},{"_mousePosition":[823,325],"_rootPartCFrame":[762.331,226.77,46.892,0.068,0,0.998,0,1,0,-0.998,0,0.068],"_humanoidState":5,"_cameraCFrame":[766.938,237.833,47.24,0.075,-0.898,0.434,0,0.435,0.9,-0.997,-0.068,0.033],"_shiftlockState":false,"_pose":"FreeFall","_animationQueue":[],"_animationSpeed":1,"_zoom":10.621},{"_mousePosition":[823,325],"_rootPartCFrame":[762.065,226.175,46.872,0.069,0,0.998,0,1,0,-0.998,0,0.069],"_humanoidState":5,"_cameraCFrame":[766.557,237.293,47.201,0.073,-0.903,0.423,0,0.424,0.906,-0.997,-0.066,0.031],"_shiftlockState":false,"_pose":"FreeFall","_animationQueue":[],"_animationSpeed":1,"_zoom":10.621},{"_mousePosition":[823,325],"_rootPartCFrame":[761.799,225.525,46.852,0.07,0,0.998,0,1,0,-0.998,0,0.07],"_humanoidState":5,"_cameraCFrame":[766.183,236.694,47.169,0.072,-0.908,0.413,0,0.414,0.91,-0.997,-0.066,0.03],"_shiftlockState":false,"_pose":"FreeFall","_animationQueue":[],"_animationSpeed":1,"_zoom":10.621},{"_mousePosition":[823,325],"_rootPartCFrame":[761.6,225.002,46.837,0.071,0,0.998,0,1,0,-0.998,0,0.071],"_humanoidState":5,"_cameraCFrame":[765.906,236.206,47.144,0.071,-0.911,0.405,0,0.406,0.914,-0.997,-0.065,0.029],"_shiftlockState":false,"_pose":"FreeFall","_animationQueue":[["fall",0.3]],"_animationSpeed":1,"_zoom":10.621},{"_mousePosition":[823,325],"_rootPartCFrame":[761.268,224.063,46.813,0.071,0,0.997,0,1,0,-0.997,0,0.071],"_humanoidState":5,"_cameraCFrame":[765.535,235.284,47.113,0.07,-0.913,0.402,0,0.403,0.915,-0.998,-0.064,0.028],"_shiftlockState":false,"_pose":"FreeFall","_animationQueue":[],"_animationSpeed":1,"_zoom":10.621},{"_mousePosition":[823,325],"_rootPartCFrame":[761.002,223.505,46.794,0.071,0,0.997,0,1,0,-0.997,0,0.071],"_humanoidState":7,"_cameraCFrame":[765.215,234.75,47.09,0.07,-0.915,0.397,0,0.398,0.918,-0.998,-0.064,0.028],"_shiftlockState":false,"_pose":"FreeFall","_animationQueue":[["walk",0.1],["fall",0.3],["fall",0.3]],"_animationSpeed":1,"_zoom":10.621},{"_mousePosition":[823,325],"_rootPartCFrame":[760.736,223.519,46.775,0.071,0,0.997,0,1,0,-0.997,0,0.071],"_humanoidState":7,"_cameraCFrame":[764.902,234.784,47.063,0.069,-0.917,0.392,0,0.393,0.919,-0.998,-0.063,0.027],"_shiftlockState":false,"_pose":"FreeFall","_animationQueue":[],"_animationSpeed":1,"_zoom":10.621},{"_mousePosition":[823,325],"_rootPartCFrame":[760.47,223.59,46.756,0.071,0,0.997,0,1,0,-0.997,0,0.071],"_humanoidState":8,"_cameraCFrame":[764.581,234.879,47.032,0.067,-0.92,0.387,0,0.388,0.922,-0.998,-0.062,0.026],"_shiftlockState":false,"_pose":"Running","_animationQueue":[["walk",0.1],["fall",0.3],["walk",0.1]],"_animationSpeed":1.103,"_zoom":10.621},{"_mousePosition":[823,325],"_rootPartCFrame":[760.204,223.639,46.738,0.071,0,0.998,0,1,0,-0.998,0,0.071],"_humanoidState":8,"_cameraCFrame":[764.253,234.955,46.993,0.063,-0.922,0.381,0,0.382,0.924,-0.998,-0.058,0.024],"_shiftlockState":false,"_pose":"Running","_animationQueue":[],"_animationSpeed":1.103,"_zoom":10.621},{"_mousePosition":[823,325],"_rootPartCFrame":[759.938,223.667,46.72,0.07,0,0.998,0,1,0,-0.998,0,0.07],"_humanoidState":8,"_cameraCFrame":[763.917,235.012,46.949,0.058,-0.925,0.375,0,0.375,0.927,-0.998,-0.053,0.022],"_shiftlockState":false,"_pose":"Running","_animationQueue":[["walk",0.1]],"_animationSpeed":1.103,"_zoom":10.621},{"_mousePosition":[823,325],"_rootPartCFrame":[759.671,223.683,46.703,0.069,0,0.998,0,1,0,-0.998,0,0.069],"_humanoidState":8,"_cameraCFrame":[763.573,235.059,46.903,0.051,-0.929,0.367,0,0.368,0.93,-0.999,-0.048,0.019],"_shiftlockState":false,"_pose":"Running","_animationQueue":[],"_animationSpeed":1.103,"_zoom":10.621},{"_mousePosition":[823,325],"_rootPartCFrame":[759.405,223.691,46.688,0.068,0,0.998,0,1,0,-0.998,0,0.068],"_humanoidState":8,"_cameraCFrame":[763.22,235.102,46.86,0.045,-0.932,0.359,0,0.36,0.933,-0.999,-0.042,0.016],"_shiftlockState":false,"_pose":"Running","_animationQueue":[],"_animationSpeed":1.103,"_zoom":10.621},{"_mousePosition":[823,325],"_rootPartCFrame":[759.139,223.696,46.674,0.066,0,0.998,0,1,0,-0.998,0,0.066],"_humanoidState":8,"_cameraCFrame":[762.883,235.134,46.819,0.039,-0.935,0.353,0,0.353,0.936,-0.999,-0.036,0.014],"_shiftlockState":false,"_pose":"Running","_animationQueue":[],"_animationSpeed":1.103,"_zoom":10.621},{"_mousePosition":[823,325],"_rootPartCFrame":[758.872,223.698,46.662,0.063,0,0.998,0,1,0,-0.998,0,0.063],"_humanoidState":8,"_cameraCFrame":[762.545,235.163,46.789,0.035,-0.938,0.346,0,0.346,0.938,-0.999,-0.032,0.012],"_shiftlockState":false,"_pose":"Running","_animationQueue":[],"_animationSpeed":1.103,"_zoom":10.621},{"_mousePosition":[823,325],"_rootPartCFrame":[758.606,223.699,46.651,0.06,0,0.998,0,1,0,-0.998,0,0.06],"_humanoidState":8,"_cameraCFrame":[762.223,235.185,46.769,0.032,-0.94,0.341,0,0.341,0.94,-0.999,-0.03,0.011],"_shiftlockState":false,"_pose":"Running","_animationQueue":[],"_animationSpeed":1.103,"_zoom":10.621},{"_mousePosition":[823,325],"_rootPartCFrame":[758.339,223.7,46.642,0.056,0,0.998,0,1,0,-0.998,0,0.056],"_humanoidState":8,"_cameraCFrame":[761.916,235.2,46.758,0.032,-0.941,0.337,0,0.337,0.942,-0.999,-0.031,0.011],"_shiftlockState":false,"_pose":"Running","_animationQueue":[["walk",0.1]],"_animationSpeed":1.103,"_zoom":10.621},{"_mousePosition":[823,325],"_rootPartCFrame":[758.073,223.7,46.633,0.053,0,0.999,0,1,0,-0.999,0,0.053],"_humanoidState":8,"_cameraCFrame":[761.609,235.215,46.748,0.032,-0.942,0.333,0,0.333,0.943,-0.999,-0.031,0.011],"_shiftlockState":false,"_pose":"Running","_animationQueue":[],"_animationSpeed":1.103,"_zoom":10.621},{"_mousePosition":[823,325],"_rootPartCFrame":[757.807,223.7,46.625,0.05,0,0.999,0,1,0,-0.999,0,0.05],"_humanoidState":8,"_cameraCFrame":[761.318,235.223,46.739,0.032,-0.943,0.331,0,0.331,0.944,-0.999,-0.031,0.011],"_shiftlockState":false,"_pose":"Running","_animationQueue":[],"_animationSpeed":1.103,"_zoom":10.621},{"_mousePosition":[823,325],"_rootPartCFrame":[757.54,223.7,46.616,0.048,0,0.999,0,1,0,-0.999,0,0.048],"_humanoidState":8,"_cameraCFrame":[761.027,235.232,46.736,0.035,-0.944,0.328,0,0.329,0.944,-0.999,-0.033,0.011],"_shiftlockState":false,"_pose":"Running","_animationQueue":[],"_animationSpeed":1.103,"_zoom":10.621},{"_mousePosition":[823,325],"_rootPartCFrame":[757.274,223.685,46.607,0.046,0,0.999,0,1,0,-0.999,0,0.046],"_humanoidState":8,"_cameraCFrame":[760.744,235.222,46.738,0.038,-0.944,0.327,0,0.327,0.945,-0.999,-0.036,0.012],"_shiftlockState":false,"_pose":"Running","_animationQueue":[],"_animationSpeed":1.103,"_zoom":10.621},{"_mousePosition":[823,325],"_rootPartCFrame":[757.007,223.69,46.598,0.044,0,0.999,0,1,0,-0.999,0,0.044],"_humanoidState":8,"_cameraCFrame":[760.453,235.235,46.735,0.04,-0.945,0.324,0,0.325,0.946,-0.999,-0.038,0.013],"_shiftlockState":false,"_pose":"Running","_animationQueue":[],"_animationSpeed":1.103,"_zoom":10.621},{"_mousePosition":[823,325],"_rootPartCFrame":[756.741,223.694,46.588,0.043,0,0.999,0,1,0,-0.999,0,0.043],"_humanoidState":8,"_cameraCFrame":[760.256,235.469,46.732,0.041,-0.945,0.324,0,0.324,0.946,-0.999,-0.039,0.013],"_shiftlockState":false,"_pose":"Running","_animationQueue":[["walk",0.1]],"_animationSpeed":1.103,"_zoom":13.776},{"_mousePosition":[819,335],"_rootPartCFrame":[756.474,223.697,46.578,0.043,0,0.999,0,1,0,-0.999,0,0.043],"_humanoidState":8,"_cameraCFrame":[760.243,236.213,46.732,0.041,-0.945,0.324,0,0.324,0.946,-0.999,-0.039,0.013],"_shiftlockState":false,"_pose":"Running","_animationQueue":[],"_animationSpeed":1.103,"_zoom":17.72},{"_mousePosition":[823,325],"_rootPartCFrame":[756.208,223.665,46.567,0.042,0,0.999,0,1,0,-0.999,0,0.042],"_humanoidState":8,"_cameraCFrame":[760.333,237.319,46.757,0.046,-0.946,0.321,0,0.322,0.947,-0.999,-0.044,0.015],"_shiftlockState":false,"_pose":"Running","_animationQueue":[],"_animationSpeed":1.103,"_zoom":17.72},{"_mousePosition":[823,325],"_rootPartCFrame":[755.941,224.528,46.556,0.042,0,0.999,0,1,0,-0.999,0,0.042],"_humanoidState":3,"_cameraCFrame":[760.439,239.355,46.797,0.053,-0.946,0.32,0,0.32,0.947,-0.999,-0.051,0.017],"_shiftlockState":false,"_pose":"Jumping","_animationQueue":[["walk",0.1],["jump",0.1]],"_animationSpeed":1,"_zoom":17.72},{"_mousePosition":[823,325],"_rootPartCFrame":[755.675,225.336,46.544,0.042,0,0.999,0,1,0,-0.999,0,0.042],"_humanoidState":5,"_cameraCFrame":[760.443,241.046,46.824,0.059,-0.946,0.318,0,0.319,0.948,-0.998,-0.056,0.019],"_shiftlockState":false,"_pose":"FreeFall","_animationQueue":[["jump",0.1]],"_animationSpeed":1,"_zoom":17.72},{"_mousePosition":[823,325],"_rootPartCFrame":[755.409,226.09,46.531,0.043,0,0.999,0,1,0,-0.999,0,0.043],"_humanoidState":5,"_cameraCFrame":[760.41,242.497,46.84,0.062,-0.946,0.318,0,0.319,0.948,-0.998,-0.058,0.02],"_shiftlockState":false,"_pose":"FreeFall","_animationQueue":[],"_animationSpeed":1,"_zoom":17.72},{"_mousePosition":[823,325],"_rootPartCFrame":[755.143,226.789,46.515,0.045,0,0.999,0,1,0,-0.999,0,0.045],"_humanoidState":5,"_cameraCFrame":[760.328,243.789,46.841,0.063,-0.946,0.317,0,0.318,0.948,-0.998,-0.06,0.02],"_shiftlockState":false,"_pose":"FreeFall","_animationQueue":[],"_animationSpeed":1,"_zoom":17.72},{"_mousePosition":[823,325],"_rootPartCFrame":[754.876,227.434,46.499,0.047,0,0.999,0,1,0,-0.999,0,0.047],"_humanoidState":5,"_cameraCFrame":[760.088,244.848,46.816,0.061,-0.948,0.311,0,0.312,0.95,-0.998,-0.058,0.019],"_shiftlockState":false,"_pose":"FreeFall","_animationQueue":[],"_animationSpeed":1,"_zoom":17.72},{"_mousePosition":[823,325],"_rootPartCFrame":[754.61,228.025,46.482,0.049,0,0.999,0,1,0,-0.999,0,0.049],"_humanoidState":5,"_cameraCFrame":[759.733,245.788,46.815,0.065,-0.952,0.3,0,0.301,0.954,-0.998,-0.062,0.02],"_shiftlockState":false,"_pose":"FreeFall","_animationQueue":[],"_animationSpeed":1,"_zoom":17.72},{"_mousePosition":[823,325],"_rootPartCFrame":[754.344,228.561,46.466,0.051,0,0.999,0,1,0,-0.999,0,0.051],"_humanoidState":5,"_cameraCFrame":[759.272,246.606,46.874,0.083,-0.955,0.285,0,0.286,0.958,-0.997,-0.079,0.024],"_shiftlockState":false,"_pose":"FreeFall","_animationQueue":[],"_animationSpeed":1,"_zoom":17.72},{"_mousePosition":[823,325],"_rootPartCFrame":[754.078,229.042,46.449,0.053,0,0.999,0,1,0,-0.999,0,0.053],"_humanoidState":5,"_cameraCFrame":[758.99,247.238,46.887,0.089,-0.955,0.282,0,0.283,0.959,-0.996,-0.085,0.025],"_shiftlockState":false,"_pose":"FreeFall","_animationQueue":[],"_animationSpeed":1,"_zoom":17.72},{"_mousePosition":[823,325],"_rootPartCFrame":[753.812,229.469,46.427,0.056,0,0.998,0,1,0,-0.998,0,0.056],"_humanoidState":5,"_cameraCFrame":[758.753,247.764,46.868,0.089,-0.955,0.282,0,0.283,0.959,-0.996,-0.085,0.025],"_shiftlockState":false,"_pose":"FreeFall","_animationQueue":[],"_animationSpeed":1,"_zoom":17.72},{"_mousePosition":[823,325],"_rootPartCFrame":[753.547,229.841,46.404,0.06,0,0.998,0,1,0,-0.998,0,0.06],"_humanoidState":5,"_cameraCFrame":[758.505,248.198,46.846,0.089,-0.955,0.282,0,0.283,0.959,-0.996,-0.085,0.025],"_shiftlockState":false,"_pose":"FreeFall","_animationQueue":[],"_animationSpeed":1,"_zoom":17.72},{"_mousePosition":[823,325],"_rootPartCFrame":[753.281,230.159,46.38,0.064,0,0.998,0,1,0,-0.998,0,0.064],"_humanoidState":5,"_cameraCFrame":[758.254,248.564,46.824,0.089,-0.955,0.282,0,0.283,0.959,-0.996,-0.085,0.025],"_shiftlockState":false,"_pose":"FreeFall","_animationQueue":[],"_animationSpeed":1,"_zoom":17.72},{"_mousePosition":[823,325],"_rootPartCFrame":[753.015,230.423,46.357,0.068,0,0.998,0,1,0,-0.998,0,0.068],"_humanoidState":5,"_cameraCFrame":[757.997,248.857,46.801,0.089,-0.955,0.282,0,0.283,0.959,-0.996,-0.085,0.025],"_shiftlockState":false,"_pose":"FreeFall","_animationQueue":[],"_animationSpeed":1,"_zoom":17.72},{"_mousePosition":[823,325],"_rootPartCFrame":[752.75,230.631,46.333,0.071,0,0.997,0,1,0,-0.997,0,0.071],"_humanoidState":5,"_cameraCFrame":[757.737,249.086,46.778,0.089,-0.955,0.282,0,0.283,0.959,-0.996,-0.085,0.025],"_shiftlockState":false,"_pose":"FreeFall","_animationQueue":[],"_animationSpeed":1,"_zoom":17.72},{"_mousePosition":[823,325],"_rootPartCFrame":[752.484,230.786,46.309,0.073,0,0.997,0,1,0,-0.997,0,0.073],"_humanoidState":5,"_cameraCFrame":[757.476,249.254,46.754,0.089,-0.955,0.282,0,0.283,0.959,-0.996,-0.085,0.025],"_shiftlockState":false,"_pose":"FreeFall","_animationQueue":[],"_animationSpeed":1,"_zoom":17.72},{"_mousePosition":[823,325],"_rootPartCFrame":[752.285,230.866,46.291,0.075,0,0.997,0,1,0,-0.997,0,0.075],"_humanoidState":5,"_cameraCFrame":[757.279,249.343,46.737,0.089,-0.955,0.282,0,0.283,0.959,-0.996,-0.085,0.025],"_shiftlockState":false,"_pose":"FreeFall","_animationQueue":[],"_animationSpeed":1,"_zoom":17.72},{"_mousePosition":[823,325],"_rootPartCFrame":[752.019,230.925,46.268,0.077,0,0.997,0,1,0,-0.997,0,0.077],"_humanoidState":5,"_cameraCFrame":[757.015,249.408,46.713,0.089,-0.955,0.282,0,0.283,0.959,-0.996,-0.085,0.025],"_shiftlockState":false,"_pose":"FreeFall","_animationQueue":[],"_animationSpeed":1,"_zoom":17.72},{"_mousePosition":[819,335],"_rootPartCFrame":[751.754,230.929,46.244,0.079,0,0.997,0,1,0,-0.997,0,0.079],"_humanoidState":5,"_cameraCFrame":[756.638,249.032,46.68,0.089,-0.955,0.282,0,0.283,0.959,-0.996,-0.085,0.025],"_shiftlockState":false,"_pose":"FreeFall","_animationQueue":[],"_animationSpeed":1,"_zoom":13.776},{"_mousePosition":[819,335],"_rootPartCFrame":[751.422,230.858,46.214,0.08,0,0.997,0,1,0,-0.997,0,0.08],"_humanoidState":5,"_cameraCFrame":[756.13,248.364,46.634,0.089,-0.955,0.282,0,0.283,0.959,-0.996,-0.085,0.025],"_shiftlockState":false,"_pose":"FreeFall","_animationQueue":[["fall",0.3]],"_animationSpeed":1,"_zoom":13.776},{"_mousePosition":[823,325],"_rootPartCFrame":[751.222,230.775,46.197,0.081,0,0.997,0,1,0,-0.997,0,0.081],"_humanoidState":5,"_cameraCFrame":[755.867,247.318,46.498,0.065,-0.953,0.295,0,0.296,0.955,-0.998,-0.062,0.019],"_shiftlockState":false,"_pose":"FreeFall","_animationQueue":[],"_animationSpeed":1,"_zoom":10.621},{"_mousePosition":[823,325],"_rootPartCFrame":[750.89,230.568,46.167,0.083,0,0.997,0,1,0,-0.997,0,0.083],"_humanoidState":5,"_cameraCFrame":[755.548,246.013,46.391,0.048,-0.947,0.317,0,0.317,0.948,-0.999,-0.046,0.015],"_shiftlockState":false,"_pose":"FreeFall","_animationQueue":[],"_animationSpeed":1,"_zoom":10.621},{"_mousePosition":[823,325],"_rootPartCFrame":[750.624,230.341,46.149,0.081,0,0.997,0,1,0,-0.997,0,0.081],"_humanoidState":5,"_cameraCFrame":[755.192,244.742,46.287,0.03,-0.942,0.334,0,0.334,0.943,-1,-0.029,0.01],"_shiftlockState":false,"_pose":"FreeFall","_animationQueue":[],"_animationSpeed":1,"_zoom":10.621},{"_mousePosition":[823,325],"_rootPartCFrame":[750.358,230.059,46.135,0.078,0,0.997,0,1,0,-0.997,0,0.078],"_humanoidState":5,"_cameraCFrame":[754.755,243.634,46.232,0.022,-0.939,0.342,0,0.342,0.94,-1,-0.021,0.008],"_shiftlockState":false,"_pose":"FreeFall","_animationQueue":[],"_animationSpeed":1,"_zoom":10.621},{"_mousePosition":[823,325],"_rootPartCFrame":[750.091,229.723,46.126,0.072,0,0.997,0,1,0,-0.997,0,0.072],"_humanoidState":5,"_cameraCFrame":[754.403,242.652,44.435,0.014,-0.936,0.351,0,0.351,0.936,-1,-0.013,0.005],"_shiftlockState":true,"_pose":"FreeFall","_animationQueue":[],"_animationSpeed":1,"_zoom":10.621},{"_mousePosition":[683,384],"_rootPartCFrame":[749.758,229.226,46.119,0.013,0,1,0,1,0,-1,0,0.013],"_humanoidState":5,"_cameraCFrame":[753.91,241.731,44.425,0.014,-0.936,0.351,0,0.351,0.936,-1,-0.013,0.005],"_shiftlockState":true,"_pose":"FreeFall","_animationQueue":[["fall",0.3]],"_animationSpeed":1,"_zoom":10.621},{"_mousePosition":[683,384],"_rootPartCFrame":[749.558,228.887,46.116,0.014,0,1,0,1,0,-1,0,0.014],"_humanoidState":5,"_cameraCFrame":[753.64,241.041,44.404,0.009,-0.934,0.357,0,0.357,0.934,-1,-0.009,0.003],"_shiftlockState":true,"_pose":"FreeFall","_animationQueue":[],"_animationSpeed":1,"_zoom":10.621},{"_mousePosition":[683,384],"_rootPartCFrame":[749.292,228.388,46.112,0.01,0,1,0,1,0,-1,0,0.01],"_humanoidState":5,"_cameraCFrame":[753.333,240.301,44.383,0.005,-0.933,0.361,0,0.361,0.933,-1,-0.005,0.002],"_shiftlockState":true,"_pose":"FreeFall","_animationQueue":[],"_animationSpeed":1,"_zoom":10.621},{"_mousePosition":[683,384],"_rootPartCFrame":[749.092,227.977,46.11,0.006,0,1,0,1,0,-1,0,0.006],"_humanoidState":5,"_cameraCFrame":[753.122,239.704,44.368,0.002,-0.93,0.366,0,0.366,0.93,-1,-0.002,0.001],"_shiftlockState":true,"_pose":"FreeFall","_animationQueue":[],"_animationSpeed":1,"_zoom":10.621},{"_mousePosition":[683,384],"_rootPartCFrame":[748.758,227.225,46.108,0.003,0,1,0,1,0,-1,0,0.003],"_humanoidState":5,"_cameraCFrame":[752.799,238.816,44.362,0.001,-0.928,0.372,0,0.372,0.928,-1,-0.001,0],"_shiftlockState":true,"_pose":"FreeFall","_animationQueue":[],"_animationSpeed":1,"_zoom":10.621},{"_mousePosition":[683,384],"_rootPartCFrame":[748.492,226.562,46.107,0.001,0,1,0,1,0,-1,0,0.001],"_humanoidState":5,"_cameraCFrame":[752.556,238.057,44.353,-0.001,-0.926,0.377,0,0.377,0.926,-1,0.001,0],"_shiftlockState":true,"_pose":"FreeFall","_animationQueue":[],"_animationSpeed":1,"_zoom":10.621},{"_mousePosition":[683,384],"_rootPartCFrame":[748.225,225.844,46.107,-0.001,0,1,0,1,0,-1,0,-0.001],"_humanoidState":5,"_cameraCFrame":[752.336,237.257,44.344,-0.003,-0.924,0.384,0,0.384,0.924,-1,0.003,-0.001],"_shiftlockState":true,"_pose":"FreeFall","_animationQueue":[],"_animationSpeed":1,"_zoom":10.621},{"_mousePosition":[683,384],"_rootPartCFrame":[747.959,225.072,46.107,-0.003,0,1,0,1,0,-1,0,-0.003],"_humanoidState":5,"_cameraCFrame":[752.188,236.393,44.339,-0.004,-0.918,0.396,0,0.396,0.918,-1,0.004,-0.002],"_shiftlockState":true,"_pose":"FreeFall","_animationQueue":[["fall",0.3]],"_animationSpeed":1,"_zoom":10.621},{"_mousePosition":[683,384],"_rootPartCFrame":[747.717,225.115,46.108,-0.004,0,1,0,1,0,-1,0,-0.004],"_humanoidState":12,"_cameraCFrame":[752.127,236.328,44.344,-0.003,-0.91,0.414,0,0.414,0.91,-1,0.003,-0.001],"_shiftlockState":true,"_pose":"Climbing","_animationQueue":[["walk",0.1],["fall",0.3],["climb",0.1],["climb",0]],"_animationSpeed":-3.963,"_zoom":10.621},{"_mousePosition":[683,384],"_rootPartCFrame":[747.515,225.299,46.108,-0.003,0,1,0,1,0,-1,0,-0.003],"_humanoidState":12,"_cameraCFrame":[752.106,236.414,44.367,0.002,-0.903,0.431,0,0.431,0.903,-1,-0.002,0.001],"_shiftlockState":true,"_pose":"Climbing","_animationQueue":[["climb",0.1]],"_animationSpeed":0.837,"_zoom":10.621},{"_mousePosition":[683,384],"_rootPartCFrame":[747.593,225.364,46.108,0.002,0,1,0,1,0,-1,0,0.002],"_humanoidState":8,"_cameraCFrame":[752.188,236.466,44.367,0.002,-0.902,0.431,0,0.431,0.902,-1,-0.002,0.001],"_shiftlockState":true,"_pose":"Running","_animationQueue":[["walk",0.1],["walk",0.1]],"_animationSpeed":0.775,"_zoom":10.621},{"_mousePosition":[683,384],"_rootPartCFrame":[747.632,225.374,46.108,0.002,0,1,0,1,0,-1,0,0.002],"_humanoidState":5,"_cameraCFrame":[752.224,236.469,44.368,0.002,-0.902,0.431,0,0.431,0.902,-1,-0.002,0.001],"_shiftlockState":true,"_pose":"FreeFall","_animationQueue":[["walk",0.1],["fall",0.3]],"_animationSpeed":1,"_zoom":10.621},{"_mousePosition":[683,384],"_rootPartCFrame":[747.635,225.346,46.108,0.002,0,1,0,1,0,-1,0,0.002],"_humanoidState":5,"_cameraCFrame":[752.225,236.437,44.368,0.002,-0.902,0.431,0,0.431,0.902,-1,-0.002,0.001],"_shiftlockState":true,"_pose":"FreeFall","_animationQueue":[],"_animationSpeed":1,"_zoom":10.621},{"_mousePosition":[683,384],"_rootPartCFrame":[747.602,225.232,46.082,0.099,0,0.995,0,1,0,-0.995,0,0.099],"_humanoidState":5,"_cameraCFrame":[752.343,236.285,44.582,0.053,-0.898,0.437,0,0.438,0.899,-0.999,-0.048,0.023],"_shiftlockState":true,"_pose":"FreeFall","_animationQueue":[],"_animationSpeed":1,"_zoom":10.621},{"_mousePosition":[683,384],"_rootPartCFrame":[747.592,225.37,46.064,0.069,0,0.998,0.002,1,0,-0.998,0.002,0.069],"_humanoidState":12,"_cameraCFrame":[752.826,236.279,45.894,0.303,-0.844,0.443,0,0.465,0.886,-0.953,-0.268,0.141],"_shiftlockState":true,"_pose":"Climbing","_animationQueue":[["fall",0.3],["walk",0.1],["fall",0.3],["climb",0.1],["climb",0]],"_animationSpeed":-0.595,"_zoom":10.621},{"_mousePosition":[683,384],"_rootPartCFrame":[747.737,225.498,45.969,0.261,0,0.965,0.005,1,-0.001,-0.965,0.006,0.261],"_humanoidState":8,"_cameraCFrame":[752.623,236.329,48.209,0.689,-0.637,0.346,0,0.478,0.878,-0.725,-0.605,0.329],"_shiftlockState":true,"_pose":"Standing","_animationQueue":[["climb",0.1],["walk",0.1],["idle",0.1]],"_animationSpeed":1,"_zoom":10.621},{"_mousePosition":[683,384],"_rootPartCFrame":[748.026,225.571,45.784,0.647,0,0.762,0.005,1,-0.004,-0.762,0.006,0.647],"_humanoidState":8,"_cameraCFrame":[751.665,236.514,49.467,0.907,-0.375,0.193,0,0.458,0.889,-0.422,-0.806,0.415],"_shiftlockState":true,"_pose":"Running","_animationQueue":[["walk",0.1]],"_animationSpeed":0.571,"_zoom":10.621},{"_mousePosition":[683,384],"_rootPartCFrame":[748.124,225.595,45.624,0.904,0,0.426,0.001,1,-0.002,-0.426,0.003,0.904],"_humanoidState":8,"_cameraCFrame":[751.203,236.898,48.839,0.936,-0.325,0.136,0,0.385,0.923,-0.353,-0.864,0.36],"_shiftlockState":true,"_pose":"Running","_animationQueue":[["walk",0.1]],"_animationSpeed":0.84,"_zoom":10.621},{"_mousePosition":[683,384],"_rootPartCFrame":[748.168,225.566,45.335,0.937,0,0.35,0,1,0,-0.35,0,0.937],"_humanoidState":8,"_cameraCFrame":[751.279,237.095,47.706,0.898,-0.415,0.145,0,0.329,0.944,-0.44,-0.848,0.296],"_shiftlockState":true,"_pose":"Running","_animationQueue":[["walk",0.1]],"_animationSpeed":0.923,"_zoom":10.621},{"_mousePosition":[683,384],"_rootPartCFrame":[748.222,226.449,45.097,0.898,0,0.439,-0.001,1,0.001,-0.439,-0.001,0.898],"_humanoidState":3,"_cameraCFrame":[751.491,238.009,47.094,0.854,-0.493,0.167,0,0.321,0.947,-0.521,-0.809,0.274],"_shiftlockState":true,"_pose":"Jumping","_animationQueue":[["walk",0.1],["jump",0.1]],"_animationSpeed":1,"_zoom":10.621},{"_mousePosition":[683,384],"_rootPartCFrame":[748.296,227.298,44.851,0.893,0,0.45,0,1,0.001,-0.45,-0.001,0.893],"_humanoidState":5,"_cameraCFrame":[751.826,238.855,46.359,0.769,-0.605,0.206,0,0.322,0.947,-0.639,-0.728,0.247],"_shiftlockState":true,"_pose":"FreeFall","_animationQueue":[["jump",0.1]],"_animationSpeed":1,"_zoom":10.621},{"_mousePosition":[683,384],"_rootPartCFrame":[748.364,228.093,44.593,0.839,0,0.544,0,1,0,-0.544,0,0.839],"_humanoidState":5,"_cameraCFrame":[752.154,239.622,45.557,0.654,-0.714,0.249,0,0.329,0.944,-0.756,-0.618,0.215],"_shiftlockState":true,"_pose":"FreeFall","_animationQueue":[],"_animationSpeed":1,"_zoom":10.621},{"_mousePosition":[683,384],"_rootPartCFrame":[748.404,228.833,44.33,0.743,0,0.669,0,1,0,-0.669,0,0.743],"_humanoidState":5,"_cameraCFrame":[752.376,240.328,44.783,0.537,-0.794,0.286,0,0.338,0.941,-0.844,-0.505,0.182],"_shiftlockState":true,"_pose":"FreeFall","_animationQueue":[],"_animationSpeed":1,"_zoom":10.621},{"_mousePosition":[683,384],"_rootPartCFrame":[748.407,229.519,44.065,0.638,0,0.77,0,1,0,-0.77,0,0.638],"_humanoidState":5,"_cameraCFrame":[752.448,240.996,43.99,0.416,-0.854,0.312,0,0.343,0.939,-0.909,-0.391,0.143],"_shiftlockState":true,"_pose":"FreeFall","_animationQueue":[],"_animationSpeed":1,"_zoom":10.621},{"_mousePosition":[683,384],"_rootPartCFrame":[748.371,230.15,43.802,0.525,0,0.851,0,1,0,-0.851,0,0.525],"_humanoidState":5,"_cameraCFrame":[752.417,241.612,43.301,0.315,-0.89,0.329,0,0.347,0.938,-0.949,-0.295,0.109],"_shiftlockState":true,"_pose":"FreeFall","_animationQueue":[],"_animationSpeed":1,"_zoom":10.621},{"_mousePosition":[683,384],"_rootPartCFrame":[748.296,230.727,43.547,0.427,0,0.904,0,1,0,-0.904,0,0.427],"_humanoidState":5,"_cameraCFrame":[752.303,242.177,42.65,0.218,-0.914,0.341,0,0.35,0.937,-0.976,-0.204,0.076],"_shiftlockState":true,"_pose":"FreeFall","_animationQueue":[],"_animationSpeed":1,"_zoom":10.621},{"_mousePosition":[683,384],"_rootPartCFrame":[748.187,231.249,