[{"_mousePosition":[1094,358],"_rootPartCFrame":[776.031,222.954,47.142,-0.001,-0.004,1,0,1,0.004,-1,0,-0.001],"_humanoidState":8,"_cameraCFrame":[790.662,234.43,46.646,-0.034,-0.563,0.826,0,0.826,0.563,-0.999,0.019,-0.028],"_shiftlockState":false,"_pose":"Standing","_animationQueue":[],"_animationSpeed":1,"_zoom":17.72},{"_mousePosition":[1088,356],"_rootPartCFrame":[775.86,222.868,47.148,-0.004,-0.001,1,0,1,0.001,-1,0,-0.004],"_humanoidState":8,"_cameraCFrame":[790.495,234.344,46.652,-0.034,-0.563,0.826,0,0.826,0.563,-0.999,0.019,-0.028],"_shiftlockState":false,"_pose":"Standing","_animationQueue":[],"_animationSpeed":1,"_zoom":17.72},{"_mousePosition":[995,339],"_rootPartCFrame":[775.595,222.721,47.157,-0.008,0,1,0,1,0,-1,0,-0.008],"_humanoidState":8,"_cameraCFrame":[790.232,234.197,46.661,-0.034,-0.563,0.826,0,0.826,0.563,-0.999,0.019,-0.028],"_shiftlockState":false,"_pose":"Running","_animationQueue":[["walk",0.1]],"_animationSpeed":1.002,"_zoom":17.72},{"_mousePosition":[987,337],"_rootPartCFrame":[775.328,222.611,47.166,-0.012,0,1,0,1,0,-1,0,-0.012],"_humanoidState":8,"_cameraCFrame":[789.965,234.087,46.67,-0.034,-0.563,0.826,0,0.826,0.563,-0.999,0.019,-0.028],"_shiftlockState":false,"_pose":"Running","_animationQueue":[["walk",0.1]],"_animationSpeed":1.103,"_zoom":17.72},{"_mousePosition":[926,323],"_rootPartCFrame":[775.062,222.636,47.175,-0.015,0,1,0,1,0,-1,0,-0.015],"_humanoidState":8,"_cameraCFrame":[789.698,234.112,46.679,-0.034,-0.563,0.826,0,0.826,0.563,-0.999,0.019,-0.028],"_shiftlockState":false,"_pose":"Running","_animationQueue":[],"_animationSpeed":1.103,"_zoom":17.72},{"_mousePosition":[921,322],"_rootPartCFrame":[774.795,222.663,47.184,-0.017,0,1,0,1,0,-1,0,-0.017],"_humanoidState":8,"_cameraCFrame":[789.432,234.139,46.688,-0.034,-0.563,0.826,0,0.826,0.563,-0.999,0.019,-0.028],"_shiftlockState":false,"_pose":"Running","_animationQueue":[],"_animationSpeed":1.103,"_zoom":17.72},{"_mousePosition":[891,321],"_rootPartCFrame":[774.529,222.68,47.193,-0.02,0,1,0,1,0,-1,0,-0.02],"_humanoidState":8,"_cameraCFrame":[789.165,234.156,46.697,-0.034,-0.563,0.826,0,0.826,0.563,-0.999,0.019,-0.028],"_shiftlockState":false,"_pose":"Running","_animationQueue":[["walk",0.1]],"_animationSpeed":1.103,"_zoom":17.72},{"_mousePosition":[889,321],"_rootPartCFrame":[774.262,222.689,47.202,-0.021,0,1,0,1,0,-1,0,-0.021],"_humanoidState":8,"_cameraCFrame":[788.899,234.165,46.706,-0.034,-0.563,0.826,0,0.826,0.563,-0.999,0.019,-0.028],"_shiftlockState":false,"_pose":"Running","_animationQueue":[],"_animationSpeed":1.103,"_zoom":17.72},{"_mousePosition":[872,330],"_rootPartCFrame":[773.996,222.694,47.211,-0.023,0,1,0,1,0,-1,0,-0.023],"_humanoidState":8,"_cameraCFrame":[788.633,234.17,46.715,-0.034,-0.563,0.826,0,0.826,0.563,-0.999,0.019,-0.028],"_shiftlockState":false,"_pose":"Running","_animationQueue":[],"_animationSpeed":1.103,"_zoom":17.72},{"_mousePosition":[871,332],"_rootPartCFrame":[773.729,222.697,47.22,-0.025,0,1,0,1,0,-1,0,-0.025],"_humanoidState":8,"_cameraCFrame":[788.366,234.173,46.724,-0.034,-0.563,0.826,0,0.826,0.563,-0.999,0.019,-0.028],"_shiftlockState":false,"_pose":"Running","_animationQueue":[],"_animationSpeed":1.103,"_zoom":17.72},{"_mousePosition":[860,363],"_rootPartCFrame":[773.463,222.698,47.229,-0.026,0,1,0,1,0,-1,0,-0.026],"_humanoidState":8,"_cameraCFrame":[788.1,234.174,46.733,-0.034,-0.563,0.826,0,0.826,0.563,-0.999,0.019,-0.028],"_shiftlockState":false,"_pose":"Running","_animationQueue":[],"_animationSpeed":1.103,"_zoom":17.72},{"_mousePosition":[859,367],"_rootPartCFrame":[773.197,222.699,47.238,-0.027,0,1,0,1,0,-1,0,-0.027],"_humanoidState":8,"_cameraCFrame":[787.833,234.175,46.742,-0.034,-0.563,0.826,0,0.826,0.563,-0.999,0.019,-0.028],"_shiftlockState":false,"_pose":"Running","_animationQueue":[],"_animationSpeed":1.103,"_zoom":17.72},{"_mousePosition":[849,408],"_rootPartCFrame":[772.93,222.699,47.247,-0.028,0,1,0,1,0,-1,0,-0.028],"_humanoidState":8,"_cameraCFrame":[787.567,234.175,46.751,-0.034,-0.563,0.826,0,0.826,0.563,-0.999,0.019,-0.028],"_shiftlockState":false,"_pose":"Running","_animationQueue":[["walk",0.1]],"_animationSpeed":1.103,"_zoom":17.72},{"_mousePosition":[848,415],"_rootPartCFrame":[772.664,222.699,47.256,-0.029,0,1,0,1,0,-1,0,-0.029],"_humanoidState":8,"_cameraCFrame":[787.3,234.176,46.76,-0.034,-0.563,0.826,0,0.826,0.563,-0.999,0.019,-0.028],"_shiftlockState":false,"_pose":"Running","_animationQueue":[],"_animationSpeed":1.103,"_zoom":17.72},{"_mousePosition":[840,452],"_rootPartCFrame":[772.397,222.7,47.265,-0.029,0,1,0,1,0,-1,0,-0.029],"_humanoidState":8,"_cameraCFrame":[787.034,234.176,46.769,-0.034,-0.563,0.826,0,0.826,0.563,-0.999,0.019,-0.028],"_shiftlockState":false,"_pose":"Running","_animationQueue":[],"_animationSpeed":1.103,"_zoom":17.72},{"_mousePosition":[839,457],"_rootPartCFrame":[772.131,222.7,47.274,-0.03,0,1,0,1,0,-1,0,-0.03],"_humanoidState":8,"_cameraCFrame":[786.767,234.176,46.778,-0.034,-0.563,0.826,0,0.826,0.563,-0.999,0.019,-0.028],"_shiftlockState":false,"_pose":"Running","_animationQueue":[],"_animationSpeed":1.103,"_zoom":17.72},{"_mousePosition":[829,505],"_rootPartCFrame":[771.864,222.7,47.283,-0.031,0,1,0,1,0,-1,0,-0.031],"_humanoidState":8,"_cameraCFrame":[786.501,234.176,46.787,-0.034,-0.563,0.826,0,0.826,0.563,-0.999,0.019,-0.028],"_shiftlockState":false,"_pose":"Running","_animationQueue":[],"_animationSpeed":1.103,"_zoom":17.72},{"_mousePosition":[827,510],"_rootPartCFrame":[771.598,222.7,47.292,-0.031,0,1,0,1,0,-1,0,-0.031],"_humanoidState":8,"_cameraCFrame":[786.234,234.176,46.796,-0.034,-0.563,0.826,0,0.826,0.563,-0.999,0.019,-0.028],"_shiftlockState":false,"_pose":"Running","_animationQueue":[],"_animationSpeed":1.103,"_zoom":17.72},{"_mousePosition":[827,510],"_rootPartCFrame":[771.331,222.7,47.301,-0.031,0,1,0,1,0,-1,0,-0.031],"_humanoidState":8,"_cameraCFrame":[785.49,234.838,46.703,-0.042,-0.6,0.799,0,0.8,0.6,-0.999,0.025,-0.034],"_shiftlockState":false,"_pose":"Running","_animationQueue":[["walk",0.1]],"_animationSpeed":1.103,"_zoom":17.72},{"_mousePosition":[827,510],"_rootPartCFrame":[771.065,222.7,47.31,-0.032,0,0.999,0,1,0,-0.999,0,-0.032],"_humanoidState":8,"_cameraCFrame":[784.725,235.467,46.647,-0.049,-0.635,0.771,0,0.772,0.636,-0.999,0.031,-0.037],"_shiftlockState":false,"_pose":"Running","_animationQueue":[],"_animationSpeed":1.103,"_zoom":17.72},{"_mousePosition":[827,510],"_rootPartCFrame":[770.731,223.77,47.322,-0.032,0,0.999,0,1,0,-0.999,0,-0.032],"_humanoidState":3,"_cameraCFrame":[783.904,237.101,46.599,-0.055,-0.667,0.743,0,0.744,0.668,-0.998,0.037,-0.041],"_shiftlockState":false,"_pose":"Jumping","_animationQueue":[["walk",0.1],["jump",0.1]],"_animationSpeed":1,"_zoom":17.72},{"_mousePosition":[827,510],"_rootPartCFrame":[770.532,224.371,47.331,-0.033,0,0.999,0,1,0,-0.999,0,-0.033],"_humanoidState":5,"_cameraCFrame":[783.309,238.121,46.509,-0.064,-0.69,0.721,0,0.723,0.691,-0.998,0.044,-0.046],"_shiftlockState":false,"_pose":"FreeFall","_animationQueue":[["jump",0.1]],"_animationSpeed":1,"_zoom":17.72},{"_mousePosition":[827,510],"_rootPartCFrame":[770.265,225.125,47.345,-0.036,0,0.999,0,1,0,-0.999,0,-0.036],"_humanoidState":5,"_cameraCFrame":[782.667,239.241,46.338,-0.081,-0.71,0.7,0,0.702,0.712,-0.997,0.058,-0.057],"_shiftlockState":false,"_pose":"FreeFall","_animationQueue":[],"_animationSpeed":1,"_zoom":17.72},{"_mousePosition":[827,510],"_rootPartCFrame":[769.999,225.824,47.362,-0.039,0,0.999,0,1,0,-0.999,0,-0.039],"_humanoidState":5,"_cameraCFrame":[782.003,240.287,45.994,-0.113,-0.727,0.677,0,0.682,0.732,-0.994,0.083,-0.077],"_shiftlockState":false,"_pose":"FreeFall","_animationQueue":[],"_animationSpeed":1,"_zoom":17.72},{"_mousePosition":[827,510],"_rootPartCFrame":[769.733,226.469,47.383,-0.044,0,0.999,0,1,0,-0.999,0,-0.044],"_humanoidState":5,"_cameraCFrame":[781.434,241.154,45.575,-0.153,-0.735,0.66,0,0.668,0.744,-0.988,0.114,-0.102],"_shiftlockState":false,"_pose":"FreeFall","_animationQueue":[],"_animationSpeed":1,"_zoom":17.72},{"_mousePosition":[827,510],"_rootPartCFrame":[769.468,227.06,47.412,-0.052,0,0.999,0,1,0,-0.999,0,-0.052],"_humanoidState":5,"_cameraCFrame":[781.197,241.706,45.512,-0.16,-0.732,0.662,0,0.671,0.742,-0.987,0.119,-0.107],"_shiftlockState":false,"_pose":"FreeFall","_animationQueue":[],"_animationSpeed":1,"_zoom":17.72},{"_mousePosition":[827,510],"_rootPartCFrame":[769.204,227.595,47.451,-0.064,0,0.998,0,1,0,-0.998,0,-0.064],"_humanoidState":5,"_cameraCFrame":[780.944,242.232,45.549,-0.16,-0.732,0.662,0,0.671,0.741,-0.987,0.119,-0.107],"_shiftlockState":false,"_pose":"FreeFall","_animationQueue":[],"_animationSpeed":1,"_zoom":17.72},{"_mousePosition":[827,510],"_rootPartCFrame":[768.941,228.077,47.493,-0.077,0,0.997,0,1,0,-0.997,0,-0.077],"_humanoidState":5,"_cameraCFrame":[780.681,242.713,45.592,-0.16,-0.732,0.662,0,0.671,0.741,-0.987,0.119,-0.107],"_shiftlockState":false,"_pose":"FreeFall","_animationQueue":[],"_animationSpeed":1,"_zoom":17.72},{"_mousePosition":[827,510],"_rootPartCFrame":[768.678,228.504,47.536,-0.089,0,0.996,0,1,0,-0.996,0,-0.089],"_humanoidState":5,"_cameraCFrame":[780.417,243.14,45.634,-0.16,-0.732,0.662,0,0.671,0.741,-0.987,0.119,-0.107],"_shiftlockState":false,"_pose":"FreeFall","_animationQueue":[],"_animationSpeed":1,"_zoom":17.72},{"_mousePosition":[827,510],"_rootPartCFrame":[768.415,228.876,47.578,-0.099,0,0.995,0,1,0,-0.995,0,-0.099],"_humanoidState":5,"_cameraCFrame":[780.154,243.513,45.677,-0.16,-0.732,0.662,0,0.671,0.741,-0.987,0.119,-0.107],"_shiftlockState":false,"_pose":"FreeFall","_animationQueue":[],"_animationSpeed":1,"_zoom":17.72},{"_mousePosition":[827,510],"_rootPartCFrame":[768.152,229.194,47.621,-0.107,0,0.994,0,1,0,-0.994,0,-0.107],"_humanoidState":5,"_cameraCFrame":[779.891,243.831,45.719,-0.16,-0.732,0.662,0,0.671,0.741,-0.987,0.119,-0.107],"_shiftlockState":false,"_pose":"FreeFall","_animationQueue":[],"_animationSpeed":1,"_zoom":17.72},{"_mousePosition":[827,510],"_rootPartCFrame":[767.888,229.457,47.664,-0.115,0,0.993,0,1,0,-0.993,0,-0.115],"_humanoidState":5,"_cameraCFrame":[779.628,244.094,45.762,-0.16,-0.732,0.662,0,0.671,0.741,-0.987,0.119,-0.107],"_shiftlockState":false,"_pose":"FreeFall","_animationQueue":[],"_animationSpeed":1,"_zoom":17.72},{"_mousePosition":[827,510],"_rootPartCFrame":[767.625,229.666,47.706,-0.121,0,0.993,0,1,0,-0.993,0,-0.121],"_humanoidState":5,"_cameraCFrame":[779.365,244.303,45.805,-0.16,-0.732,0.662,0,0.671,0.741,-0.987,0.119,-0.107],"_shiftlockState":false,"_pose":"FreeFall","_animationQueue":[],"_animationSpeed":1,"_zoom":17.72},{"_mousePosition":[827,510],"_rootPartCFrame":[767.362,229.821,47.749,-0.127,0,0.992,0,1,0,-0.992,0,-0.127],"_humanoidState":5,"_cameraCFrame":[778.822,244.457,44.12,-0.16,-0.732,0.662,0,0.671,0.741,-0.987,0.119,-0.107],"_shiftlockState":true,"_pose":"FreeFall","_animationQueue":[],"_animationSpeed":1,"_zoom":17.72},{"_mousePosition":[683,384],"_rootPartCFrame":[767.099,229.921,47.792,-0.162,0,0.987,0,1,0,-0.987,0,-0.162],"_humanoidState":5,"_cameraCFrame":[778.558,244.557,44.163,-0.16,-0.732,0.662,0,0.671,0.741,-0.987,0.119,-0.107],"_shiftlockState":true,"_pose":"FreeFall","_animationQueue":[],"_animationSpeed":1,"_zoom":17.72},{"_mousePosition":[683,384],"_rootPartCFrame":[766.836,229.966,47.834,-0.16,0,0.987,0,1,0,-0.987,0,-0.16],"_humanoidState":5,"_cameraCFrame":[778.295,244.603,44.205,-0.16,-0.732,0.662,0,0.671,0.741,-0.987,0.119,-0.107],"_shiftlockState":true,"_pose":"FreeFall","_animationQueue":[],"_animationSpeed":1,"_zoom":17.72},{"_mousePosition":[683,384],"_rootPartCFrame":[766.573,229.957,47.877,-0.16,0,0.987,0,1,0,-0.987,0,-0.16],"_humanoidState":5,"_cameraCFrame":[778.032,244.593,44.248,-0.16,-0.732,0.662,0,0.671,0.741,-0.987,0.119,-0.107],"_shiftlockState":true,"_pose":"FreeFall","_animationQueue":[],"_animationSpeed":1,"_zoom":17.72},{"_mousePosition":[683,384],"_rootPartCFrame":[766.309,229.893,47.92,-0.16,0,0.987,0,1,0,-0.987,0,-0.16],"_humanoidState":5,"_cameraCFrame":[777.805,244.472,44.196,-0.167,-0.728,0.665,0,0.675,0.738,-0.986,0.123,-0.113],"_shiftlockState":true,"_pose":"FreeFall","_animationQueue":[],"_animationSpeed":1,"_zoom":17.72},{"_mousePosition":[683,384],"_rootPartCFrame":[766.046,229.775,47.962,-0.166,0,0.986,0,1,0,-0.986,0,-0.166],"_humanoidState":5,"_cameraCFrame":[777.448,244.335,43.899,-0.196,-0.723,0.663,0,0.676,0.737,-0.981,0.144,-0.132],"_shiftlockState":true,"_pose":"FreeFall","_animationQueue":[["fall",0.3]],"_animationSpeed":1,"_zoom":17.72},{"_mousePosition":[683,384],"_rootPartCFrame":[765.783,229.603,48.007,-0.193,0,0.981,0,1,0,-0.981,0,-0.193],"_humanoidState":5,"_cameraCFrame":[776.817,244.306,43.426,-0.244,-0.723,0.647,0,0.667,0.745,-0.97,0.182,-0.163],"_shiftlockState":true,"_pose":"FreeFall","_animationQueue":[],"_animationSpeed":1,"_zoom":17.72},{"_mousePosition":[683,384],"_rootPartCFrame":[765.522,229.375,48.058,-0.239,0,0.971,0,1,0,-0.971,0,-0.239],"_humanoidState":5,"_cameraCFrame":[775.934,244.249,42.6,-0.327,-0.713,0.62,0,0.656,0.755,-0.945,0.247,-0.215],"_shiftlockState":true,"_pose":"FreeFall","_animationQueue":[],"_animationSpeed":1,"_zoom":17.72},{"_mousePosition":[683,384],"_rootPartCFrame":[765.263,229.094,48.121,-0.318,0,0.948,0,1,0,-0.948,0,-0.318],"_humanoidState":5,"_cameraCFrame":[774.864,244.208,41.835,-0.414,-0.699,0.583,0,0.64,0.768,-0.91,0.318,-0.265],"_shiftlockState":true,"_pose":"FreeFall","_animationQueue":[],"_animationSpeed":1,"_zoom":17.72},{"_mousePosition":[683,384],"_rootPartCFrame":[765.009,228.758,48.203,-0.403,0,0.915,0,1,0,-0.915,0,-0.403],"_humanoidState":5,"_cameraCFrame":[773.006,244.035,41.025,-0.538,-0.668,0.514,0,0.61,0.792,-0.843,0.426,-0.328],"_shiftlockState":true,"_pose":"FreeFall","_animationQueue":[],"_animationSpeed":1,"_zoom":13.776},{"_mousePosition":[683,384],"_rootPartCFrame":[764.703,228.261,48.335,-0.52,0,0.854,0,1,0,-0.854,0,-0.52],"_humanoidState":5,"_cameraCFrame":[771.04,243.511,40.817,-0.638,-0.63,0.443,0,0.575,0.818,-0.77,0.522,-0.367],"_shiftlockState":true,"_pose":"FreeFall","_animationQueue":[],"_animationSpeed":1,"_zoom":13.776},{"_mousePosition":[683,384],"_rootPartCFrame":[764.472,227.802,48.466,-0.624,0,0.781,0,1,0,-0.781,0,-0.624],"_humanoidState":5,"_cameraCFrame":[767.91,242.808,40.967,-0.8,-0.515,0.308,0,0.513,0.859,-0.6,0.687,-0.41],"_shiftlockState":true,"_pose":"FreeFall","_animationQueue":[["fall",0.3]],"_animationSpeed":1,"_zoom":10.621},{"_mousePosition":[683,384],"_rootPartCFrame":[764.24,227.289,48.583,-0.738,0,0.675,0,1,0,-0.675,0,-0.738],"_humanoidState":5,"_cameraCFrame":[765.604,241.861,41.701,-0.901,-0.384,0.2,0,0.461,0.887,-0.433,0.8,-0.416],"_shiftlockState":true,"_pose":"FreeFall","_animationQueue":[],"_animationSpeed":1,"_zoom":10.621},{"_mousePosition":[683,384],"_rootPartCFrame":[764.057,226.868,48.646,-0.856,0,0.517,0,1,0,-0.517,0,-0.856],"_humanoidState":5,"_cameraCFrame":[763.327,240.926,42.938,-0.984,-0.166,0.072,0,0.4,0.916,-0.181,0.901,-0.393],"_shiftlockState":true,"_pose":"FreeFall","_animationQueue":[],"_animationSpeed":1,"_zoom":10.621},{"_mousePosition":[683,384],"_rootPartCFrame":[763.806,226.26,48.732,-0.951,0,0.309,0,1,0,-0.309,0,-0.951],"_humanoidState":5,"_cameraCFrame":[761.874,239.78,44.113,-0.999,0.036,-0.014,0,0.364,0.932,0.039,0.931,-0.363],"_shiftlockState":true,"_pose":"FreeFall","_animationQueue":[],"_animationSpeed":1,"_zoom":10.621},{"_mousePosition":[683,384],"_rootPartCFrame":[763.566,225.597,48.842,-0.996,0,0.094,0,1,0,-0.094,0,-0.996],"_humanoidState":5,"_cameraCFrame":[760.809,238.541,45.038,-0.97,0.227,-0.086,0,0.356,0.934,0.243,0.906,-0.345],"_shiftlockState":true,"_pose":"FreeFall","_animationQueue":[],"_animationSpeed":1,"_zoom":10.621},{"_mousePosition":[683,384],"_rootPartCFrame":[763.347,224.879,48.986,-0.994,0,-0.113,0,1,0,0.113,0,-0.994],"_humanoidState":5,"_cameraCFrame":[760.205,237.331,45.511,-0.939,0.321,-0.127,0,0.369,0.93,0.345,0.872,-0.346],"_shiftlockState":true,"_pose":"FreeFall","_animationQueue":[],"_animationSpeed":1,"_zoom":10.621},{"_mousePosition":[683,384],"_rootPartCFrame":[763.154,224.107,49.159,-0.974,0,-0.227,0,1,0,0.227,0,-0.974],"_humanoidState":5,"_cameraCFrame":[759.898,236.19,45.852,-0.925,0.353,-0.143,0,0.376,0.927,0.381,0.857,-0.348],"_shiftlockState":true,"_pose":"FreeFall","_animationQueue":[],"_animationSpeed":1,"_zoom":10.621},{"_mousePosition":[683,384],"_rootPartCFrame":[762.991,223.28,49.358,-0.962,0,-0.274,0,1,0,0.274,0,-0.962],"_humanoidState":5,"_cameraCFrame":[759.806,235.093,46.037,-0.931,0.338,-0.139,0,0.382,0.924,0.366,0.86,-0.355],"_shiftlockState":true,"_pose":"FreeFall","_animationQueue":[["fall",0.3]],"_animationSpeed":1,"_zoom":10.621},{"_mousePosition":[683,384],"_rootPartCFrame":[762.881,222.508,49.599,-0.943,0,-0.333,0,1,0,0.333,0,-0.943],"_humanoidState":7,"_cameraCFrame":[759.718,234.177,46.333,-0.931,0.338,-0.139,0,0.382,0.924,0.366,0.86,-0.355],"_shiftlockState":true,"_pose":"FreeFall","_animationQueue":[["walk",0.1],["fall",0.3],["fall",0.3]],"_animationSpeed":1,"_zoom":10.621},{"_mousePosition":[683,384],"_rootPartCFrame":[762.775,222.46,49.844,-0.932,0,-0.362,0,1,0,0.362,0,-0.932],"_humanoidState":7,"_cameraCFrame":[759.63,234.008,46.624,-0.931,0.338,-0.139,0,0.382,0.924,0.366,0.86,-0.355],"_shiftlockState":true,"_pose":"FreeFall","_animationQueue":[],"_animationSpeed":1,"_zoom":10.621},{"_mousePosition":[683,384],"_rootPartCFrame":[762.642,222.57,50.149,-0.931,0,-0.365,0,1,0,0.365,0,-0.931],"_humanoidState":8,"_cameraCFrame":[759.508,234.045,46.957,-0.931,0.338,-0.139,0,0.382,0.924,0.366,0.86,-0.355],"_shiftlockState":true,"_pose":"Running","_animationQueue":[["walk",0.1],["fall",0.3],["walk",0.1]],"_animationSpeed":1.103,"_zoom":10.621},{"_mousePosition":[683,384],"_rootPartCFrame":[762.45,222.629,50.305,-0.931,0,-0.366,0,1,0,0.366,0,-0.931],"_humanoidState":8,"_cameraCFrame":[759.323,234.053,47.132,-0.931,0.338,-0.139,0,0.382,0.924,0.366,0.86,-0.355],"_shiftlockState":true,"_pose":"Running","_animationQueue":[],"_animationSpeed":1.103,"_zoom":10.621},{"_mousePosition":[683,384],"_rootPartCFrame":[762.203,222.661,50.404,-0.931,0,-0.366,0,1,0,0.366,0,-0.931],"_humanoidState":8,"_cameraCFrame":[759.083,234.049,47.245,-0.931,0.338,-0.139,0,0.382,0.924,0.366,0.86,-0.355],"_shiftlockState":true,"_pose":"Running","_animationQueue":[],"_animationSpeed":1.103,"_zoom":10.621},{"_mousePosition":[683,384],"_rootPartCFrame":[761.955,222.679,50.502,-0.931,0,-0.366,0,1,0,0.366,0,-0.931],"_humanoidState":8,"_cameraCFrame":[758.838,234.042,47.353,-0.931,0.338,-0.139,0,0.382,0.924,0.366,0.86,-0.355],"_shiftlockState":true,"_pose":"Running","_animationQueue":[],"_animationSpeed":1.103,"_zoom":10.621},{"_mousePosition":[683,384],"_rootPartCFrame":[761.707,222.688,50.599,-0.931,0,-0.366,0,1,0,0.366,0,-0.931],"_humanoidState":8,"_cameraCFrame":[758.592,234.038,47.455,-0.931,0.338,-0.139,0,0.382,0.924,0.366,0.86,-0.355],"_shiftlockState":true,"_pose":"Running","_animationQueue":[["walk",0.1]],"_animationSpeed":1.103,"_zoom":10.621},{"_mousePosition":[683,384],"_rootPartCFrame":[761.458,222.693,50.697,-0.931,0,-0.366,0,1,0,0.366,0,-0.931],"_humanoidState":8,"_cameraCFrame":[758.345,234.031,47.557,-0.931,0.338,-0.139,0,0.382,0.924,0.366,0.86,-0.355],"_shiftlockState":true,"_pose":"Running","_animationQueue":[],"_animationSpeed":1.103,"_zoom":10.621},{"_mousePosition":[683,384],"_rootPartCFrame":[761.21,222.696,50.794,-0.931,0,-0.366,0,1,0,0.366,0,-0.931],"_humanoidState":8,"_cameraCFrame":[758.098,234.027,47.657,-0.931,0.338,-0.139,0,0.382,0.924,0.366,0.86,-0.355],"_shiftlockState":true,"_pose":"Running","_animationQueue":[],"_animationSpeed":1.103,"_zoom":10.621},{"_mousePosition":[683,384],"_rootPartCFrame":[760.962,222.698,50.892,-0.931,0,-0.366,0,1,0,0.366,0,-0.931],"_humanoidState":8,"_cameraCFrame":[757.85,234.024,47.757,-0.931,0.338,-0.139,0,0.382,0.924,0.366,0.86,-0.355],"_shiftlockState":true,"_pose":"Running","_animationQueue":[],"_animationSpeed":1.103,"_zoom":10.621},{"_mousePosition":[683,384],"_rootPartCFrame":[760.714,222.699,50.989,-0.931,0,-0.366,0,1,0,0.366,0,-0.931],"_humanoidState":8,"_cameraCFrame":[757.593,234.022,47.865,-0.93,0.341,-0.141,0,0.382,0.924,0.368,0.859,-0.355],"_shiftlockState":true,"_pose":"Running","_animationQueue":[],"_animationSpeed":1.103,"_zoom":10.621},{"_mousePosition":[683,384],"_rootPartCFrame":[760.465,222.699,51.087,-0.93,0,-0.368,0,1,0,0.368,0,-0.93],"_humanoidState":8,"_cameraCFrame":[757.319,234.024,48,-0.926,0.349,-0.144,0,0.381,0.925,0.377,0.856,-0.353],"_shiftlockState":true,"_pose":"Running","_animationQueue":[],"_animationSpeed":1.103,"_zoom":10.621},{"_mousePosition":[683,384],"_rootPartCFrame":[760.155,222.699,51.209,-0.926,0,-0.377,0,1,0,0.377,0,-0.926],"_humanoidState":8,"_cameraCFrame":[756.983,234.036,48.192,-0.921,0.36,-0.147,0,0.378,0.926,0.389,0.853,-0.348],"_shiftlockState":true,"_pose":"Running","_animationQueue":[["walk",0.1]],"_animationSpeed":1.103,"_zoom":10.621},{"_mousePosition":[683,384],"_rootPartCFrame":[759.97,222.7,51.284,-0.921,0,-0.389,0,1,0,0.389,0,-0.921],"_humanoidState":8,"_cameraCFrame":[756.754,234.048,48.357,-0.914,0.377,-0.152,0,0.375,0.927,0.406,0.847,-0.342],"_shiftlockState":true,"_pose":"Running","_animationQueue":[],"_animationSpeed":1.103,"_zoom":10.621},{"_mousePosition":[683,384],"_rootPartCFrame":[759.724,222.7,51.388,-0.914,0,-0.406,0,1,0,0.406,0,-0.914],"_humanoidState":8,"_cameraCFrame":[756.5,234.06,48.513,-0.911,0.383,-0.153,0,0.372,0.928,0.413,0.846,-0.339],"_shiftlockState":true,"_pose":"Running","_animationQueue":[],"_animationSpeed":1.103,"_zoom":10.621},{"_mousePosition":[683,384],"_rootPartCFrame":[759.48,222.7,51.495,-0.911,0,-0.413,0,1,0,0.413,0,-0.911],"_humanoidState":8,"_cameraCFrame":[756.272,234.069,48.636,-0.912,0.382,-0.152,0,0.37,0.929,0.411,0.847,-0.337],"_shiftlockState":true,"_pose":"Running","_animationQueue":[],"_animationSpeed":1.103,"_zoom":10.621},{"_mousePosition":[683,384],"_rootPartCFrame":[759.237,222.7,51.605,-0.912,0,-0.411,0,1,0,0.411,0,-0.912],"_humanoidState":8,"_cameraCFrame":[756.1,234.094,48.754,-0.918,0.369,-0.144,0,0.364,0.932,0.397,0.855,-0.334],"_shiftlockState":true,"_pose":"Running","_animationQueue":[],"_animationSpeed":1.103,"_zoom":10.621},{"_mousePosition":[683,384],"_rootPartCFrame":[758.994,222.7,51.715,-0.918,0,-0.397,0,1,0,0.397,0,-0.918],"_humanoidState":8,"_cameraCFrame":[755.923,234.11,48.845,-0.925,0.355,-0.137,0,0.36,0.933,0.38,0.863,-0.333],"_shiftlockState":true,"_pose":"Running","_animationQueue":[],"_animationSpeed":1.103,"_zoom":10.621},{"_mousePosition":[683,384],"_rootPartCFrame":[758.688,222.7,51.847,-0.925,0,-0.38,0,1,0,0.38,0,-0.925],"_humanoidState":8,"_cameraCFrame":[755.668,234.122,48.966,-0.93,0.343,-0.131,0,0.357,0.934,0.367,0.869,-0.332],"_shiftlockState":true,"_pose":"Running","_animationQueue":[],"_animationSpeed":1.103,"_zoom":10.621},{"_mousePosition":[683,384],"_rootPartCFrame":[758.442,222.7,51.949,-0.93,0,-0.368,0,1,0,0.368,0,-0.93],"_humanoidState":8,"_cameraCFrame":[755.461,234.131,49.059,-0.934,0.335,-0.127,0,0.355,0.935,0.358,0.873,-0.331],"_shiftlockState":true,"_pose":"Running","_animationQueue":[["walk",0.1]],"_animationSpeed":1.103,"_zoom":10.621},{"_mousePosition":[683,384],"_rootPartCFrame":[758.194,222.7,52.048,-0.934,0,-0.358,0,1,0,0.358,0,-0.934],"_humanoidState":8,"_cameraCFrame":[755.243,234.14,49.159,-0.936,0.328,-0.124,0,0.352,0.936,0.351,0.876,-0.33],"_shiftlockState":true,"_pose":"Running","_animationQueue":[],"_animationSpeed":1.103,"_zoom":10.621},{"_mousePosition":[683,384],"_rootPartCFrame":[757.945,222.7,52.144,-0.936,0,-0.351,0,1,0,0.351,0,-0.936],"_humanoidState":8,"_cameraCFrame":[755.026,234.152,49.263,-0.939,0.322,-0.12,0,0.349,0.937,0.344,0.88,-0.328],"_shiftlockState":true,"_pose":"Running","_animationQueue":[],"_animationSpeed":1.103,"_zoom":10.621},{"_mousePosition":[683,384],"_rootPartCFrame":[757.696,222.7,52.237,-0.939,0,-0.344,0,1,0,0.344,0,-0.939],"_humanoidState":8,"_cameraCFrame":[754.832,234.173,49.373,-0.943,0.312,-0.114,0,0.344,0.939,0.332,0.886,-0.324],"_shiftlockState":true,"_pose":"Running","_animationQueue":[],"_animationSpeed":1.103,"_zoom":10.621},{"_mousePosition":[683,384],"_rootPartCFrame":[757.445,222.7,52.329,-0.943,0,-0.332,0,1,0,0.332,0,-0.943],"_humanoidState":8,"_cameraCFrame":[754.651,234.193,49.468,-0.949,0.297,-0.107,0,0.339,0.941,0.315,0.893,-0.321],"_shiftlockState":true,"_pose":"Running","_animationQueue":[],"_animationSpeed":1.103,"_zoom":10.621},{"_mousePosition":[683,384],"_rootPartCFrame":[757.194,222.7,52.419,-0.949,0,-0.315,0,1,0,0.315,0,-0.949],"_humanoidState":8,"_cameraCFrame":[754.483,234.21,49.537,-0.956,0.276,-0.098,0,0.334,0.943,0.292,0.901,-0.319],"_shiftlockState":true,"_pose":"Running","_animationQueue":[],"_animationSpeed":1.103,"_zoom":10.621},{"_mousePosition":[683,384],"_rootPartCFrame":[756.941,222.7,52.503,-0.956,0,-0.292,0,1,0,0.292,0,-0.956],"_humanoidState":8,"_cameraCFrame":[754.339,234.233,49.601,-0.965,0.248,-0.086,0,0.328,0.945,0.262,0.912,-0.317],"_shiftlockState":true,"_pose":"Running","_animationQueue":[["walk",0.1]],"_animationSpeed":1.103,"_zoom":10.621},{"_mousePosition":[683,384],"_rootPartCFrame":[756.687,222.7,52.582,-0.965,0,-0.262,0,1,0,0.262,0,-0.965],"_humanoidState":8,"_cameraCFrame":[754.215,234.258,49.652,-0.974,0.213,-0.072,0,0.321,0.947,0.225,0.923,-0.313],"_shiftlockState":true,"_pose":"Running","_animationQueue":[],"_animationSpeed":1.103,"_zoom":10.621},{"_mousePosition":[683,384],"_rootPartCFrame":[756.43,222.7,52.653,-0.974,0,-0.225,0,1,0,0.225,0,-0.974],"_humanoidState":8,"_cameraCFrame":[754.078,234.277,49.69,-0.982,0.179,-0.06,0,0.316,0.949,0.189,0.932,-0.31],"_shiftlockState":true,"_pose":"Running","_animationQueue":[],"_animationSpeed":1.103,"_zoom":10.621},{"_mousePosition":[683,384],"_rootPartCFrame":[756.17,222.7,52.715,-0.982,0,-0.189,0,1,0,0.189,0,-0.982],"_humanoidState":8,"_cameraCFrame":[753.919,234.296,49.738,-0.987,0.151,-0.049,0,0.31,0.951,0.159,0.939,-0.306],"_shiftlockState":true,"_pose":"Running","_animationQueue":[],"_animationSpeed":1.103,"_zoom":10.621},{"_mousePosition":[683,384],"_rootPartCFrame":[755.909,222.7,52.766,-0.987,0,-0.159,0,1,0,0.159,0,-0.987],"_humanoidState":8,"_cameraCFrame":[753.696,234.306,49.796,-0.989,0.14,-0.045,0,0.307,0.952,0.147,0.941,-0.304],"_shiftlockState":true,"_pose":"Running","_animationQueue":[],"_animationSpeed":1.103,"_zoom":10.621},{"_mousePosition":[683,384],"_rootPartCFrame":[755.646,222.7,52.81,-0.989,0,-0.147,0,1,0,0.147,0,-0.989],"_humanoidState":8,"_cameraCFrame":[753.44,234.306,49.835,-0.989,0.138,-0.045,0,0.307,0.952,0.145,0.941,-0.304],"_shiftlockState":true,"_pose":"Running","_animationQueue":[],"_animationSpeed":1.103,"_zoom":10.621},{"_mousePosition":[683,384],"_rootPartCFrame":[755.382,222.7,52.85,-0.989,0,-0.145,0,1,0,0.145,0,-0.989],"_humanoidState":8,"_cameraCFrame":[753.177,234.309,49.883,-0.989,0.138,-0.045,0,0.307,0.952,0.145,0.942,-0.303],"_shiftlockState":true,"_pose":"Running","_animationQueue":[],"_animationSpeed":1.103,"_zoom":10.621},{"_mousePosition":[683,384],"_rootPartCFrame":[755.052,222.7,52.898,-0.989,0,-0.145,0,1,0,0.145,0,-0.989],"_humanoidState":8,"_cameraCFrame":[752.866,234.317,49.944,-0.99,0.134,-0.043,0,0.304,0.953,0.14,0.943,-0.301],"_shiftlockState":true,"_pose":"Running","_animationQueue":[["walk",0.1]],"_animationSpeed":1.103,"_zoom":10.621},{"_mousePosition":[683,384],"_rootPartCFrame":[754.854,223.352,52.927,-0.99,0,-0.14,0,1,0,0.14,0,-0.99],"_humanoidState":3,"_cameraCFrame":[752.699,234.977,49.977,-0.991,0.125,-0.04,0,0.302,0.953,0.131,0.945,-0.299],"_shiftlockState":true,"_pose":"Jumping","_animationQueue":[["walk",0.1],["jump",0.1]],"_animationSpeed":1,"_zoom":10.621},{"_mousePosition":[683,384],"_rootPartCFrame":[754.59,224.174,52.965,-0.999,0,-0.039,0,1,0,0.039,0,-0.999],"_humanoidState":5,"_cameraCFrame":[752.468,235.804,50.008,-0.993,0.115,-0.036,0,0.3,0.954,0.121,0.947,-0.298],"_shiftlockState":true,"_pose":"FreeFall","_animationQueue":[["jump",0.1]],"_animationSpeed":1,"_zoom":10.621},{"_mousePosition":[683,384],"_rootPartCFrame":[754.326,224.941,53,-1,0,0.008,0,1,0,-0.008,0,-1],"_humanoidState":5,"_cameraCFrame":[752.213,236.572,50.037,-0.993,0.112,-0.035,0,0.3,0.954,0.117,0.947,-0.298],"_shiftlockState":true,"_pose":"FreeFall","_animationQueue":[],"_animationSpeed":1,"_zoom":10.621},{"_mousePosition":[683,384],"_rootPartCFrame":[754.061,225.655,53.033,-1,0,0.015,0,1,0,-0.015,0,-1],"_humanoidState":5,"_cameraCFrame":[751.949,237.285,50.07,-0.993,0.112,-0.035,0,0.3,0.954,0.117,0.947,-0.298],"_shiftlockState":true,"_pose":"FreeFall","_animationQueue":[],"_animationSpeed":1,"_zoom":10.621},{"_mousePosition":[683,384],"_rootPartCFrame":[753.796,226.313,53.064,-1,0,0.016,0,1,0,-0.016,0,-1],"_humanoidState":5,"_cameraCFrame":[751.684,237.943,50.101,-0.993,0.112,-0.035,0,0.3,0.954,0.117,0.947,-0.298],"_shiftlockState":true,"_pose":"FreeFall","_animationQueue":[],"_animationSpeed":1,"_zoom":10.621},{"_mousePosition":[683,384],"_rootPartCFrame":[753.531,226.917,53.096,-1,0,0.016,0,1,0,-0.016,0,-1],"_humanoidState":5,"_cameraCFrame":[751.419,238.547,50.132,-0.993,0.112,-0.035,0,0.3,0.954,0.117,0.947,-0.298],"_shiftlockState":true,"_pose":"FreeFall","_animationQueue":[],"_animationSpeed":1,"_zoom":10.621},{"_mousePosition":[683,384],"_rootPartCFrame":[753.266,227.467,53.127,-1,0,0.016,0,1,0,-0.016,0,-1],"_humanoidState":5,"_cameraCFrame":[751.154,239.097,50.164,-0.993,0.112,-0.035,0,0.3,0.954,0.117,0.947,-0.298],"_shiftlockState":true,"_pose":"FreeFall","_animationQueue":[],"_animationSpeed":1,"_zoom":10.621},{"_mousePosition":[683,384],"_rootPartCFrame":[753.002,227.962,53.158,-1,0,0.016,0,1,0,-0.016,0,-1],"_humanoidState":5,"_cameraCFrame":[750.874,239.568,50.127,-0.993,0.114,-0.037,0,0.307,0.952,0.119,0.945,-0.305],"_shiftlockState":true,"_pose":"FreeFall","_animationQueue":[],"_animationSpeed":1,"_zoom":10.621},{"_mousePosition":[683,384],"_rootPartCFrame":[752.749,228.402,53.211,-1,0,-0.006,0,1,0,0.006,0,-1],"_humanoidState":5,"_cameraCFrame":[750.622,239.974,50.066,-0.993,0.109,-0.037,0,0.317,0.948,0.115,0.942,-0.315],"_shiftlockState":true,"_pose":"FreeFall","_animationQueue":[],"_animationSpeed":1,"_zoom":10.621},{"_mousePosition":[683,384],"_rootPartCFrame":[752.516,228.788,53.299,-1,0,-0.01,0,1,0,0.01,0,-1],"_humanoidState":5,"_cameraCFrame":[750.397,240.355,50.13,-0.994,0.106,-0.036,0,0.319,0.948,0.112,0.942,-0.317],"_shiftlockState":true,"_pose":"FreeFall","_animationQueue":[],"_animationSpeed":1,"_zoom":10.621},{"_mousePosition":[683,384],"_rootPartCFrame":[752.302,229.12,53.421,-1,0,-0.008,0,1,0,0.008,0,-1],"_humanoidState":5,"_cameraCFrame":[750.183,240.686,50.253,-0.994,0.106,-0.036,0,0.319,0.948,0.112,0.942,-0.317],"_shiftlockState":true,"_pose":"FreeFall","_animationQueue":[],"_animationSpeed":1,"_zoom":10.621},{"_mousePosition":[683,384],"_rootPartCFrame":[752.107,229.397,53.578,-1,0,-0.008,0,1,0,0.008,0,-1],"_humanoidState":5,"_cameraCFrame":[749.988,240.963,50.41,-0.994,0.106,-0.036,0,0.319,0.948,0.112,0.942,-0.317],"_shiftlockState":true,"_pose":"FreeFall","_animationQueue":[],"_animationSpeed":1,"_zoom":10.621},{"_mousePosition":[683,384],"_rootPartCFrame":[751.932,229.619,53.77,-1,0,-0.008,0,1,0,0.008,0,-1],"_humanoidState":5,"_cameraCFrame":[749.813,241.186,50.601,-0.994,0.106,-0.036,0,0.319,0.948,0.112,0.942,-0.317],"_shiftlockState":true,"_pose":"FreeFall","_animationQueue":[],"_animationSpeed":1,"_zoom":10.621},{"_mousePosition":[683,384],"_rootPartCFrame":[751.765,229.787,53.978,-1,0,-0.008,0,1,0,0.008,0,-1],"_humanoidState":5,"_cameraCFrame":[749.646,241.354,50.809,-0.994,0.106,-0.036,0,0.319,0.948,0.112,0.942,-0.317],"_shiftlockState":true,"_pose":"FreeFall","_animationQueue":[],"_animationSpeed":1,"_zoom":10.621},{"_mousePosition":[683,384],"_rootPartCFrame":[751.612,229.899,54.155,-1,-0.001,0.009,-0.001,1,0,-0.009,0,-1],"_humanoidState":5,"_cameraCFrame":[749.652,241.437,50.801,-0.998,0.058,-0.02,0,0.326,0.945,0.061,0.943,-0.326],"_shiftlockState":true,"_pose":"FreeFall","_animationQueue":[],"_animationSpeed":1,"_zoom":10.621},{"_mousePosition":[683,384],"_rootPartCFrame":[751.527,229.967,54.129,-1,0.002,0.001,0.002,1,0,-0.001,0,-1],"_humanoidState":5,"_cameraCFrame":[750.362,241.452,50.28,-0.988,-0.146,0.053,0,0.341,0.94,-0.155,0.929,-0.337],"_shiftlockState":true,"_pose":"FreeFall","_animationQueue":[],"_animationSpeed":1,"_zoom":10.621},{"_mousePosition":[683,384],"_rootPartCFrame":[751.319,229.948,53.93,-0.978,0.002,0.208,0.002,1,0,-0.208,0,-0.978],"_humanoidState":5,"_cameraCFrame":[751.342,241.509,50.104,-0.887,-0.438,0.148,0,0.32,0.947,-0.462,0.84,-0.284],"_shiftlockState":true,"_pose":"FreeFall","_animationQueue":[],"_animationSpeed":1,"_zoom":10.621},{"_mousePosition":[683,384],"_rootPartCFrame":[750.992,230.719,53.694,-0.871,-0.001,0.491,0,1,0,-0.491,0,-0.871],"_humanoidState":7,"_cameraCFrame":[751.076,242.433,50.298,-0.844,-0.516,0.147,0,0.274,0.962,-0.536,0.812,-0.231],"_shiftlockState":true,"_pose":"FreeFall","_animationQueue":[["walk",0.1]],"_animationSpeed":1.183,"_zoom":10.621},{"_mousePosition":[683,384],"_rootPartCFrame":[750.795,231.203,53.654,-0.836,-0.001,0.548,-0.001,1,0,-0.548,0,-0.836],"_humanoidState":7,"_cameraCFrame":[749.778,243.163,51.323,-0.94,-0.336,0.059,0,0.174,0.985,-0.341,0.926,-0.163],"_shiftlockState":true,"_pose":"FreeFall","_animationQueue":[],"_animationSpeed":1.183,"_zoom":10.621},{"_mousePosition":[683,384],"_rootPartCFrame":[750.556,231.802,53.617,-0.938,0,0.347,0,1,0,-0.347,0,-0.938],"_humanoidState":8,"_cameraCFrame":[748.92,243.761,51.67,-0.998,-0.059,0.01,0,0.174,0.985,-0.06,0.983,-0.173],"_shiftlockState":true,"_pose":"Running","_animationQueue":[["walk",0.1],["walk",0.1]],"_animationSpeed":1.103,"_zoom":10.621},{"_mousePosition":[683,384],"_rootPartCFrame":[750.357,232.345,53.585,-0.998,0,0.061,0,1,0,-0.061,0,-0.998],"_humanoidState":8,"_cameraCFrame":[748.337,244.305,52.04,-0.987,0.155,-0.027,0,0.174,0.985,0.158,0.972,-0.171],"_shiftlockState":true,"_pose":"Running","_animationQueue":[["walk",0.1],["walk",0.1]],"_animationSpeed":0.938,"_zoom":10.621},{"_mousePosition":[683,384],"_rootPartCFrame":[750.126,233.429,53.549,-0.988,0,-0.158,0,1,0,0.158,0,-0.988],"_humanoidState":3,"_cameraCFrame":[747.982,245.389,52.183,-0.97,0.238,-0.042,0,0.174,0.985,0.242,0.956,-0.168],"_shiftlockState":true,"_pose":"Jumping","_animationQueue":[["walk",0.1],["jump",0.1]],"_animationSpeed":1,"_zoom":10.621},{"_mousePosition":[683,384],"_rootPartCFrame":[749.922,234.237,53.536,-0.988,0,-0.152,0,1,0,0.152,0,-0.988],"_humanoidState":5,"_cameraCFrame":[747.658,246.183,52.264,-0.949,0.309,-0.057,0,0.181,0.984,0.314,0.934,-0.172],"_shiftlockState":true,"_pose":"FreeFall","_animationQueue":[["jump",0.1]],"_animationSpeed":1,"_zoom":10.621},{"_mousePosition":[683,384],"_rootPartCFrame":[749.753,234.808,53.547,-0.975,0,-0.222,0,1,0,0.222,0,-0.975],"_humanoidState":5,"_cameraCFrame":[747.386,246.736,52.318,-0.93,0.361,-0.07,0,0.19,0.982,0.367,0.913,-0.176],"_shiftlockState":true,"_pose":"FreeFall","_animationQueue":[],"_animationSpeed":1,"_zoom":10.621},{"_mousePosition":[683,384],"_rootPartCFrame":[749.514,235.521,53.593,-0.97,0,-0.242,0,1,0,0.242,0,-0.97],"_humanoidState":5,"_cameraCFrame":[747.049,247.426,52.359,-0.913,0.399,-0.082,0,0.201,0.98,0.407,0.895,-0.183],"_shiftlockState":true,"_pose":"FreeFall","_animationQueue":[],"_animationSpeed":1,"_zoom":10.621},{"_mousePosition":[683,384],"_rootPartCFrame":[749.268,236.18,53.676,-0.959,0,-0.282,0,1,0,0.282,0,-0.959],"_humanoidState":5,"_cameraCFrame":[746.688,248.051,52.391,-0.898,0.43,-0.095,0,0.216,0.976,0.44,0.877,-0.194],"_shiftlockState":true,"_pose":"FreeFall","_animationQueue":[],"_animationSpeed":1,"_zoom":10.621},{"_mousePosition":[683,384],"_rootPartCFrame":[749.023,236.784,53.783,-0.948,0,-0.317,0,1,0,0.317,0,-0.948],"_humanoidState":5,"_cameraCFrame":[746.328,248.618,52.445,-0.883,0.457,-0.108,0,0.23,0.973,0.47,0.859,-0.203],"_shiftlockState":true,"_pose":"FreeFall","_animationQueue":[],"_animationSpeed":1,"_zoom":10.621},{"_mousePosition":[683,384],"_rootPartCFrame":[748.783,237.333,53.899,-0.937,0,-0.349,0,1,0,0.349,0,-0.937],"_humanoidState":5,"_cameraCFrame":[745.986,249.14,52.551,-0.866,0.485,-0.121,0,0.241,0.97,0.499,0.841,-0.209],"_shiftlockState":true,"_pose":"FreeFall","_animationQueue":[],"_animationSpeed":1,"_zoom":10.621},{"_mousePosition":[683,384],"_rootPartCFrame":[748.547,237.828,54.023,-0.925,0,-0.38,0,1,0,0.38,0,-0.925],"_humanoidState":5,"_cameraCFrame":[745.659,249.614,52.708,-0.847,0.514,-0.132,0,0.249,0.968,0.531,0.821,-0.211],"_shiftlockState":true,"_pose":"FreeFall","_animationQueue":[],"_animationSpeed":1,"_zoom":10.621},{"_mousePosition":[683,384],"_rootPartCFrame":[748.316,238.269,54.155,-0.91,0,-0.414,0,1,0,0.414,0,-0.91],"_humanoidState":5,"_cameraCFrame":[745.356,250.041,52.899,-0.829,0.541,-0.142,0,0.254,0.967,0.56,0.801,-0.21],"_shiftlockState":true,"_pose":"FreeFall","_animationQueue":[],"_animationSpeed":1,"_zoom":10.621},{"_mousePosition":[683,384],"_rootPartCFrame":[748.032,238.743,54.331,-0.91,0,-0.415,0,1,0,0.415,0,-0.91],"_humanoidState":5,"_cameraCFrame":[745.026,250.511,53.152,-0.811,0.565,-0.149,0,0.256,0.967,0.585,0.784,-0.207],"_shiftlockState":true,"_pose":"FreeFall","_animationQueue":[],"_animationSpeed":1,"_zoom":10.621},{"_mousePosition":[683,384],"_rootPartCFrame":[747.811,239.061,54.479,-0.882,0,-0.472,0,1,0,0.472,0,-0.882],"_humanoidState":5,"_cameraCFrame":[744.763,250.824,53.369,-0.795,0.586,-0.156,0,0.257,0.966,0.607,0.768,-0.204],"_shiftlockState":true,"_pose":"FreeFall","_animationQueue":[],"_animationSpeed":1,"_zoom":10.621},{"_mousePosition":[683,384],"_rootPartCFrame":[747.648,239.263,54.595,-0.852,0,-0.524,0,1,0,0.524,0,-0.852],"_humanoidState":5,"_cameraCFrame":[744.556,251.02,53.549,-0.778,0.606,-0.163,0,0.259,0.966,0.628,0.752,-0.202],"_shiftlockState":true,"_pose":"FreeFall","_animationQueue":[],"_animationSpeed":1,"_zoom":10.621},{"_mousePosition":[683,384],"_rootPartCFrame":[747.435,239.486,54.756,-0.855,0,-0.519,0,1,0,0.519,0,-0.855],"_humanoidState":5,"_cameraCFrame":[744.3,251.236,53.776,-0.761,0.626,-0.17,0,0.262,0.965,0.649,0.734,-0.199],"_shiftlockState":true,"_pose":"FreeFall","_animationQueue":[],"_animationSpeed":1,"_zoom":10.621},{"_mousePosition":[683,384],"_rootPartCFrame":[747.227,239.654,54.922,-0.84,0,-0.542,0,1,0,0.542,0,-0.84],"_humanoidState":5,"_cameraCFrame":[744.043,251.397,54.033,-0.738,0.651,-0.178,0,0.264,0.964,0.675,0.712,-0.195],"_shiftlockState":true,"_pose":"FreeFall","_animationQueue":[],"_animationSpeed":1,"_zoom":10.621},{"_mousePosition":[683,384],"_rootPartCFrame":[747.023,239.767,55.094,-0.821,0,-0.571,0,1,0,0.571,0,-0.821],"_humanoidState":5,"_cameraCFrame":[743.77,251.502,54.367,-0.698,0.69,-0.191,0,0.267,0.964,0.716,0.673,-0.186],"_shiftlockState":true,"_pose":"FreeFall","_animationQueue":[],"_animationSpeed":1,"_zoom":10.621},{"_mousePosition":[683,384],"_rootPartCFrame":[746.826,239.826,55.273,-0.787,0,-0.617,0,1,0,0.617,0,-0.787],"_humanoidState":5,"_cameraCFrame":[743.486,251.549,54.826,-0.628,0.749,-0.211,0,0.271,0.963,0.778,0.605,-0.17],"_shiftlockState":true,"_pose":"FreeFall","_animationQueue":[],"_animationSpeed":1,"_zoom":10.621},{"_mousePosition":[683,384],"_rootPartCFrame":[746.638,239.831,55.463,-0.726,0,-0.688,0,1,0,0.688,0,-0.726],"_humanoidState":5,"_cameraCFrame":[743.219,251.537,55.447,-0.516,0.823,-0.237,0,0.277,0.961,0.857,0.496,-0.143],"_shiftlockState":true,"_pose":"FreeFall","_animationQueue":[],"_animationSpeed":1,"_zoom":10.621},{"_mousePosition":[683,384],"_rootPartCFrame":[746.466,239.781,55.666,-0.625,0,-0.78,0,1,0,0.78,0,-0.625],"_humanoidState":5,"_cameraCFrame":[743.02,251.464,56.216,-0.359,0.895,-0.265,0,0.284,0.959,0.933,0.344,-0.102],"_shiftlockState":true,"_pose":"FreeFall","_animationQueue":[],"_animationSpeed":1,"_zoom":10.621},{"_mousePosition":[683,384],"_rootPartCFrame":[746.317,239.676,55.887,-0.48,0,-0.877,0,1,0,0.877,0,-0.48],"_humanoidState":5,"_cameraCFrame":[742.892,251.319,57.006,-0.19,0.938,-0.291,