[{"_mousePosition":[560,334],"_rootPartCFrame":[776.028,222.699,47.142,0,0,1,0,1,0,-1,0,0],"_humanoidState":8,"_cameraCFrame":[786.909,230.25,46.037,-0.101,-0.482,0.871,0,0.875,0.484,-0.995,0.049,-0.088],"_shiftlockState":false,"_pose":"Standing","_animationQueue":[],"_animationSpeed":1,"_zoom":12.5},{"_mousePosition":[560,334],"_rootPartCFrame":[776.028,222.699,47.142,0,0,1,0,1,0,-1,0,0],"_humanoidState":8,"_cameraCFrame":[786.909,230.251,46.037,-0.101,-0.482,0.871,0,0.875,0.484,-0.995,0.049,-0.088],"_shiftlockState":false,"_pose":"Standing","_animationQueue":[],"_animationSpeed":1,"_zoom":12.5},{"_mousePosition":[560,334],"_rootPartCFrame":[776.028,222.699,47.142,0,0,1,0,1,0,-1,0,0],"_humanoidState":8,"_cameraCFrame":[786.909,230.251,46.037,-0.101,-0.482,0.871,0,0.875,0.484,-0.995,0.049,-0.088],"_shiftlockState":false,"_pose":"Standing","_animationQueue":[],"_animationSpeed":1,"_zoom":12.5},{"_mousePosition":[560,334],"_rootPartCFrame":[776.028,222.7,47.142,0,0,1,0,1,0,-1,0,0],"_humanoidState":8,"_cameraCFrame":[786.909,230.251,46.037,-0.101,-0.482,0.871,0,0.875,0.484,-0.995,0.049,-0.088],"_shiftlockState":false,"_pose":"Standing","_animationQueue":[],"_animationSpeed":1,"_zoom":12.5},{"_mousePosition":[560,334],"_rootPartCFrame":[776.028,222.7,47.142,0,0,1,0,1,0,-1,0,0],"_humanoidState":8,"_cameraCFrame":[786.9,230.273,46.066,-0.099,-0.483,0.87,0,0.874,0.486,-0.995,0.048,-0.086],"_shiftlockState":false,"_pose":"Standing","_animationQueue":[],"_animationSpeed":1,"_zoom":12.5},{"_mousePosition":[560,334],"_rootPartCFrame":[776.028,222.7,47.142,0,0,1,0,1,0,-1,0,0],"_humanoidState":8,"_cameraCFrame":[786.882,230.315,46.123,-0.094,-0.487,0.868,0,0.872,0.489,-0.996,0.046,-0.082],"_shiftlockState":false,"_pose":"Standing","_animationQueue":[],"_animationSpeed":1,"_zoom":12.5},{"_mousePosition":[560,334],"_rootPartCFrame":[776.028,222.7,47.142,0,0,1,0,1,0,-1,0,0],"_humanoidState":8,"_cameraCFrame":[786.851,230.379,46.181,-0.088,-0.492,0.866,0,0.869,0.494,-0.996,0.044,-0.077],"_shiftlockState":false,"_pose":"Standing","_animationQueue":[],"_animationSpeed":1,"_zoom":12.5},{"_mousePosition":[560,334],"_rootPartCFrame":[776.028,222.7,47.142,0,0,1,0,1,0,-1,0,0],"_humanoidState":8,"_cameraCFrame":[786.773,230.527,46.27,-0.081,-0.504,0.86,0,0.862,0.506,-0.997,0.041,-0.07],"_shiftlockState":false,"_pose":"Standing","_animationQueue":[],"_animationSpeed":1,"_zoom":12.5},{"_mousePosition":[560,334],"_rootPartCFrame":[776.028,222.7,47.142,0,0,1,0,1,0,-1,0,0],"_humanoidState":8,"_cameraCFrame":[786.669,230.715,46.387,-0.071,-0.52,0.851,0,0.853,0.521,-0.997,0.037,-0.06],"_shiftlockState":false,"_pose":"Standing","_animationQueue":[],"_animationSpeed":1,"_zoom":12.5},{"_mousePosition":[560,334],"_rootPartCFrame":[776.028,222.7,47.142,0,0,1,0,1,0,-1,0,0],"_humanoidState":8,"_cameraCFrame":[786.547,230.921,46.503,-0.061,-0.537,0.842,0,0.843,0.538,-0.998,0.033,-0.051],"_shiftlockState":false,"_pose":"Standing","_animationQueue":[],"_animationSpeed":1,"_zoom":12.5},{"_mousePosition":[560,334],"_rootPartCFrame":[776.028,222.7,47.142,0,0,1,0,1,0,-1,0,0],"_humanoidState":8,"_cameraCFrame":[786.341,231.247,46.672,-0.046,-0.563,0.825,0,0.826,0.564,-0.999,0.026,-0.038],"_shiftlockState":false,"_pose":"Standing","_animationQueue":[],"_animationSpeed":1,"_zoom":12.5},{"_mousePosition":[560,334],"_rootPartCFrame":[775.84,222.7,47.154,-0.007,0,1,0,1,0,-1,0,-0.007],"_humanoidState":8,"_cameraCFrame":[786.087,231.347,46.765,-0.038,-0.571,0.82,0,0.82,0.572,-0.999,0.022,-0.031],"_shiftlockState":false,"_pose":"Standing","_animationQueue":[],"_animationSpeed":1,"_zoom":12.5},{"_mousePosition":[560,334],"_rootPartCFrame":[775.575,222.7,47.166,-0.013,0,1,0,1,0,-1,0,-0.013],"_humanoidState":8,"_cameraCFrame":[785.699,231.526,46.884,-0.028,-0.586,0.81,0,0.81,0.586,-1,0.016,-0.023],"_shiftlockState":false,"_pose":"Running","_animationQueue":[["walk",0.1]],"_animationSpeed":1.003,"_zoom":12.5},{"_mousePosition":[560,334],"_rootPartCFrame":[775.309,222.7,47.176,-0.016,0,1,0,1,0,-1,0,-0.016],"_humanoidState":8,"_cameraCFrame":[785.218,231.818,47.051,-0.013,-0.609,0.793,0,0.793,0.609,-1,0.008,-0.01],"_shiftlockState":false,"_pose":"Running","_animationQueue":[["walk",0.1]],"_animationSpeed":1.101,"_zoom":12.5},{"_mousePosition":[560,334],"_rootPartCFrame":[775.042,222.7,47.184,-0.018,0,1,0,1,0,-1,0,-0.018],"_humanoidState":8,"_cameraCFrame":[784.756,232.067,47.135,-0.005,-0.629,0.777,0,0.777,0.629,-1,0.003,-0.004],"_shiftlockState":false,"_pose":"Running","_animationQueue":[],"_animationSpeed":1.101,"_zoom":12.5},{"_mousePosition":[560,334],"_rootPartCFrame":[774.776,222.7,47.188,-0.017,0,1,0,1,0,-1,0,-0.017],"_humanoidState":8,"_cameraCFrame":[784.303,232.292,47.212,0.003,-0.647,0.762,0,0.762,0.647,-1,-0.002,0.002],"_shiftlockState":false,"_pose":"Running","_animationQueue":[],"_animationSpeed":1.101,"_zoom":12.5},{"_mousePosition":[560,334],"_rootPartCFrame":[774.509,222.7,47.189,-0.016,0,1,0,1,0,-1,0,-0.016],"_humanoidState":8,"_cameraCFrame":[783.828,232.531,47.26,0.008,-0.666,0.746,0,0.746,0.666,-1,-0.005,0.006],"_shiftlockState":false,"_pose":"Running","_animationQueue":[],"_animationSpeed":1.101,"_zoom":12.5},{"_mousePosition":[560,334],"_rootPartCFrame":[774.242,222.7,47.189,-0.014,0,1,0,1,0,-1,0,-0.014],"_humanoidState":8,"_cameraCFrame":[783.363,232.746,47.304,0.013,-0.684,0.73,0,0.73,0.684,-1,-0.009,0.009],"_shiftlockState":false,"_pose":"Running","_animationQueue":[["walk",0.1]],"_animationSpeed":1.101,"_zoom":12.5},{"_mousePosition":[560,334],"_rootPartCFrame":[773.976,222.7,47.187,-0.011,0,1,0,1,0,-1,0,-0.011],"_humanoidState":8,"_cameraCFrame":[782.894,232.957,47.3,0.013,-0.701,0.713,0,0.714,0.701,-1,-0.009,0.009],"_shiftlockState":false,"_pose":"Running","_animationQueue":[],"_animationSpeed":1.101,"_zoom":12.5},{"_mousePosition":[560,334],"_rootPartCFrame":[773.709,222.7,47.184,-0.008,0,1,0,1,0,-1,0,-0.008],"_humanoidState":8,"_cameraCFrame":[782.403,233.18,47.294,0.013,-0.718,0.696,0,0.696,0.718,-1,-0.009,0.009],"_shiftlockState":false,"_pose":"Running","_animationQueue":[],"_animationSpeed":1.101,"_zoom":12.5},{"_mousePosition":[560,334],"_rootPartCFrame":[773.442,222.7,47.18,-0.005,0,1,0,1,0,-1,0,-0.005],"_humanoidState":8,"_cameraCFrame":[781.906,233.398,47.287,0.013,-0.736,0.677,0,0.677,0.736,-1,-0.009,0.009],"_shiftlockState":false,"_pose":"Running","_animationQueue":[],"_animationSpeed":1.101,"_zoom":12.5},{"_mousePosition":[560,334],"_rootPartCFrame":[773.176,222.7,47.177,-0.003,0,1,0,1,0,-1,0,-0.003],"_humanoidState":8,"_cameraCFrame":[781.422,233.593,47.302,0.015,-0.751,0.66,0,0.66,0.751,-1,-0.011,0.01],"_shiftlockState":false,"_pose":"Running","_animationQueue":[],"_animationSpeed":1.101,"_zoom":12.5},{"_mousePosition":[560,334],"_rootPartCFrame":[772.909,222.7,47.174,0,0,1,0,1,0,-1,0,0],"_humanoidState":8,"_cameraCFrame":[780.914,233.799,47.315,0.018,-0.768,0.64,0,0.641,0.768,-1,-0.014,0.011],"_shiftlockState":false,"_pose":"Running","_animationQueue":[],"_animationSpeed":1.101,"_zoom":12.5},{"_mousePosition":[560,334],"_rootPartCFrame":[772.643,222.7,47.17,0.002,0,1,0,1,0,-1,0,0.002],"_humanoidState":8,"_cameraCFrame":[780.421,233.984,47.327,0.02,-0.783,0.622,0,0.622,0.783,-1,-0.016,0.013],"_shiftlockState":false,"_pose":"Running","_animationQueue":[["walk",0.1]],"_animationSpeed":1.101,"_zoom":12.5},{"_mousePosition":[560,334],"_rootPartCFrame":[772.376,222.7,47.165,0.004,0,1,0,1,0,-1,0,0.004],"_humanoidState":8,"_cameraCFrame":[779.923,234.163,47.318,0.02,-0.797,0.604,0,0.604,0.797,-1,-0.016,0.012],"_shiftlockState":false,"_pose":"Running","_animationQueue":[],"_animationSpeed":1.101,"_zoom":12.5},{"_mousePosition":[560,334],"_rootPartCFrame":[772.109,222.7,47.16,0.006,0,1,0,1,0,-1,0,0.006],"_humanoidState":8,"_cameraCFrame":[779.243,234.463,47.304,0.02,-0.821,0.571,0,0.571,0.821,-1,-0.017,0.012],"_shiftlockState":false,"_pose":"Running","_animationQueue":[],"_animationSpeed":1.101,"_zoom":12.5},{"_mousePosition":[560,334],"_rootPartCFrame":[771.843,222.7,47.154,0.008,0,1,0,1,0,-1,0,0.008],"_humanoidState":8,"_cameraCFrame":[778.694,234.654,47.293,0.02,-0.836,0.548,0,0.548,0.836,-1,-0.017,0.011],"_shiftlockState":false,"_pose":"Running","_animationQueue":[],"_animationSpeed":1.101,"_zoom":12.5},{"_mousePosition":[560,334],"_rootPartCFrame":[771.576,222.7,47.149,0.01,0,1,0,1,0,-1,0,0.01],"_humanoidState":8,"_cameraCFrame":[778.16,234.824,47.282,0.02,-0.85,0.527,0,0.527,0.85,-1,-0.017,0.011],"_shiftlockState":false,"_pose":"Running","_animationQueue":[],"_animationSpeed":1.101,"_zoom":12.5},{"_mousePosition":[560,334],"_rootPartCFrame":[771.31,222.7,47.143,0.011,0,1,0,1,0,-1,0,0.011],"_humanoidState":8,"_cameraCFrame":[777.644,234.975,47.256,0.018,-0.862,0.507,0,0.507,0.862,-1,-0.015,0.009],"_shiftlockState":false,"_pose":"Running","_animationQueue":[],"_animationSpeed":1.101,"_zoom":12.5},{"_mousePosition":[560,334],"_rootPartCFrame":[771.043,222.7,47.138,0.012,0,1,0,1,0,-1,0,0.012],"_humanoidState":8,"_cameraCFrame":[777.124,235.121,47.23,0.015,-0.874,0.486,0,0.487,0.874,-1,-0.013,0.007],"_shiftlockState":false,"_pose":"Running","_animationQueue":[["walk",0.1]],"_animationSpeed":1.101,"_zoom":12.5},{"_mousePosition":[560,334],"_rootPartCFrame":[770.776,222.7,47.133,0.013,0,1,0,1,0,-1,0,0.013],"_humanoidState":8,"_cameraCFrame":[776.622,235.248,47.207,0.013,-0.884,0.468,0,0.468,0.884,-1,-0.011,0.006],"_shiftlockState":false,"_pose":"Running","_animationQueue":[],"_animationSpeed":1.101,"_zoom":12.5},{"_mousePosition":[560,334],"_rootPartCFrame":[770.443,223.77,47.127,0.014,0,1,0,1,0,-1,0,0.014],"_humanoidState":3,"_cameraCFrame":[776.072,236.43,47.198,0.013,-0.893,0.45,0,0.45,0.893,-1,-0.011,0.006],"_shiftlockState":false,"_pose":"Jumping","_animationQueue":[["walk",0.1],["jump",0.1]],"_animationSpeed":1,"_zoom":12.5},{"_mousePosition":[560,334],"_rootPartCFrame":[770.243,224.371,47.124,0.014,0,1,0,1,0,-1,0,0.014],"_humanoidState":5,"_cameraCFrame":[775.72,237.118,45.444,0.013,-0.9,0.436,0,0.436,0.9,-1,-0.011,0.006],"_shiftlockState":true,"_pose":"FreeFall","_animationQueue":[["jump",0.1]],"_animationSpeed":1,"_zoom":12.5},{"_mousePosition":[683,384],"_rootPartCFrame":[769.91,225.305,47.12,0.013,0,1,0,1,0,-1,0,0.013],"_humanoidState":5,"_cameraCFrame":[775.386,238.052,45.439,0.013,-0.9,0.436,0,0.436,0.9,-1,-0.011,0.006],"_shiftlockState":true,"_pose":"FreeFall","_animationQueue":[],"_animationSpeed":1,"_zoom":12.5},{"_mousePosition":[683,384],"_rootPartCFrame":[769.71,225.824,47.118,0.013,0,1,0,1,0,-1,0,0.013],"_humanoidState":5,"_cameraCFrame":[775.099,238.613,45.436,0.013,-0.903,0.429,0,0.429,0.903,-1,-0.011,0.005],"_shiftlockState":true,"_pose":"FreeFall","_animationQueue":[],"_animationSpeed":1,"_zoom":12.5},{"_mousePosition":[683,384],"_rootPartCFrame":[769.443,226.469,47.114,0.013,0,1,0,1,0,-1,0,0.013],"_humanoidState":5,"_cameraCFrame":[774.752,239.3,45.458,0.018,-0.906,0.422,0,0.422,0.906,-1,-0.016,0.007],"_shiftlockState":true,"_pose":"FreeFall","_animationQueue":[],"_animationSpeed":1,"_zoom":12.5},{"_mousePosition":[683,384],"_rootPartCFrame":[769.11,227.199,47.11,0.017,0,1,0,1,0,-1,0,0.017],"_humanoidState":5,"_cameraCFrame":[774.419,240.029,45.454,0.018,-0.906,0.422,0,0.422,0.906,-1,-0.016,0.007],"_shiftlockState":true,"_pose":"FreeFall","_animationQueue":[],"_animationSpeed":1,"_zoom":12.5},{"_mousePosition":[683,384],"_rootPartCFrame":[768.843,227.721,47.106,0.018,0,1,0,1,0,-1,0,0.018],"_humanoidState":5,"_cameraCFrame":[774.095,240.582,45.475,0.023,-0.909,0.417,0,0.417,0.909,-1,-0.021,0.009],"_shiftlockState":true,"_pose":"FreeFall","_animationQueue":[],"_animationSpeed":1,"_zoom":12.5},{"_mousePosition":[683,384],"_rootPartCFrame":[768.643,228.077,47.102,0.022,0,1,0,1,0,-1,0,0.022],"_humanoidState":5,"_cameraCFrame":[773.899,240.938,45.485,0.025,-0.909,0.417,0,0.417,0.909,-1,-0.023,0.011],"_shiftlockState":true,"_pose":"FreeFall","_animationQueue":[],"_animationSpeed":1,"_zoom":12.5},{"_mousePosition":[683,384],"_rootPartCFrame":[768.377,228.504,47.096,0.025,0,1,0,1,0,-1,0,0.025],"_humanoidState":5,"_cameraCFrame":[773.614,241.375,45.491,0.028,-0.909,0.415,0,0.415,0.91,-1,-0.025,0.012],"_shiftlockState":true,"_pose":"FreeFall","_animationQueue":[],"_animationSpeed":1,"_zoom":12.5},{"_mousePosition":[683,384],"_rootPartCFrame":[767.977,229.042,47.086,0.027,0,1,0,1,0,-1,0,0.027],"_humanoidState":5,"_cameraCFrame":[773.2,241.923,45.507,0.033,-0.91,0.413,0,0.413,0.911,-0.999,-0.03,0.014],"_shiftlockState":true,"_pose":"FreeFall","_animationQueue":[],"_animationSpeed":1,"_zoom":12.5},{"_mousePosition":[683,384],"_rootPartCFrame":[767.844,229.194,47.083,0.033,0,0.999,0,1,0,-0.999,0,0.033],"_humanoidState":5,"_cameraCFrame":[773.03,242.096,45.528,0.038,-0.911,0.41,0,0.41,0.912,-0.999,-0.035,0.016],"_shiftlockState":true,"_pose":"FreeFall","_animationQueue":[],"_animationSpeed":1,"_zoom":12.5},{"_mousePosition":[683,384],"_rootPartCFrame":[767.51,229.515,47.072,0.037,0,0.999,0,1,0,-0.999,0,0.037],"_humanoidState":5,"_cameraCFrame":[772.642,242.446,45.554,0.046,-0.914,0.404,0,0.405,0.915,-0.999,-0.042,0.018],"_shiftlockState":true,"_pose":"FreeFall","_animationQueue":[],"_animationSpeed":1,"_zoom":12.5},{"_mousePosition":[683,384],"_rootPartCFrame":[767.177,229.75,47.059,0.044,0,0.999,0,1,0,-0.999,0,0.044],"_humanoidState":5,"_cameraCFrame":[772.28,242.701,45.591,0.056,-0.915,0.4,0,0.401,0.916,-0.998,-0.051,0.022],"_shiftlockState":true,"_pose":"FreeFall","_animationQueue":[],"_animationSpeed":1,"_zoom":12.5},{"_mousePosition":[683,384],"_rootPartCFrame":[767.044,229.821,47.054,0.055,0,0.998,0,1,0,-0.998,0,0.055],"_humanoidState":5,"_cameraCFrame":[772.245,243.034,45.63,0.063,-0.915,0.398,0,0.399,0.917,-0.998,-0.058,0.025],"_shiftlockState":true,"_pose":"FreeFall","_animationQueue":[],"_animationSpeed":1,"_zoom":16.125},{"_mousePosition":[683,384],"_rootPartCFrame":[766.711,229.937,47.035,0.062,0,0.998,0,1,0,-0.998,0,0.062],"_humanoidState":5,"_cameraCFrame":[772.147,243.659,45.68,0.073,-0.914,0.398,0,0.399,0.917,-0.997,-0.067,0.029],"_shiftlockState":true,"_pose":"FreeFall","_animationQueue":[],"_animationSpeed":1,"_zoom":16.125},{"_mousePosition":[683,384],"_rootPartCFrame":[766.445,229.969,47.019,0.072,0,0.997,0,1,0,-0.997,0,0.072],"_humanoidState":5,"_cameraCFrame":[772.279,244.363,45.766,0.086,-0.911,0.403,0,0.405,0.915,-0.996,-0.079,0.035],"_shiftlockState":true,"_pose":"FreeFall","_animationQueue":[],"_animationSpeed":1,"_zoom":16.125},{"_mousePosition":[683,384],"_rootPartCFrame":[765.98,229.893,46.985,0.083,0,0.997,0,1,0,-0.997,0,0.083],"_humanoidState":5,"_cameraCFrame":[772.185,244.827,45.81,0.094,-0.907,0.41,0,0.412,0.911,-0.996,-0.085,0.038],"_shiftlockState":true,"_pose":"FreeFall","_animationQueue":[],"_animationSpeed":1,"_zoom":16.125},{"_mousePosition":[683,384],"_rootPartCFrame":[765.847,229.841,46.974,0.093,0,0.996,0,1,0,-0.996,0,0.093],"_humanoidState":5,"_cameraCFrame":[772.181,244.932,45.78,0.088,-0.906,0.414,0,0.415,0.91,-0.996,-0.08,0.037],"_shiftlockState":true,"_pose":"FreeFall","_animationQueue":[["fall",0.3]],"_animationSpeed":1,"_zoom":16.125},{"_mousePosition":[683,384],"_rootPartCFrame":[765.515,229.651,46.943,0.089,0,0.996,0,1,0,-0.996,0,0.089],"_humanoidState":5,"_cameraCFrame":[772.041,245.106,45.733,0.083,-0.906,0.416,0,0.417,0.909,-0.997,-0.076,0.035],"_shiftlockState":true,"_pose":"FreeFall","_animationQueue":[],"_animationSpeed":1,"_zoom":16.125},{"_mousePosition":[683,384],"_rootPartCFrame":[765.449,229.603,46.937,0.084,0,0.997,0,1,0,-0.997,0,0.084],"_humanoidState":5,"_cameraCFrame":[772.058,245.239,45.734,0.083,-0.906,0.416,0,0.417,0.909,-0.997,-0.076,0.035],"_shiftlockState":true,"_pose":"FreeFall","_animationQueue":[],"_animationSpeed":1,"_zoom":16.125},{"_mousePosition":[683,384],"_rootPartCFrame":[764.984,229.169,46.898,0.084,0,0.996,0,1,0,-0.996,0,0.084],"_humanoidState":5,"_cameraCFrame":[771.663,244.96,45.701,0.083,-0.906,0.416,0,0.417,0.909,-0.997,-0.076,0.035],"_shiftlockState":true,"_pose":"FreeFall","_animationQueue":[],"_animationSpeed":1,"_zoom":16.125},{"_mousePosition":[683,384],"_rootPartCFrame":[764.917,229.094,46.892,0.083,0,0.997,0,1,0,-0.997,0,0.083],"_humanoidState":5,"_cameraCFrame":[771.648,244.995,45.7,0.083,-0.906,0.416,0,0.417,0.909,-0.997,-0.076,0.035],"_shiftlockState":true,"_pose":"FreeFall","_animationQueue":[],"_animationSpeed":1,"_zoom":16.125},{"_mousePosition":[683,384],"_rootPartCFrame":[764.453,228.47,46.854,0.083,0,0.997,0,1,0,-0.997,0,0.083],"_humanoidState":5,"_cameraCFrame":[771.221,244.454,45.664,0.083,-0.906,0.416,0,0.417,0.909,-0.997,-0.076,0.035],"_shiftlockState":true,"_pose":"FreeFall","_animationQueue":[],"_animationSpeed":1,"_zoom":16.125},{"_mousePosition":[683,384],"_rootPartCFrame":[764.386,228.367,46.848,0.083,0,0.997,0,1,0,-0.997,0,0.083],"_humanoidState":5,"_cameraCFrame":[771.179,244.405,45.66,0.083,-0.906,0.416,0,0.417,0.909,-0.997,-0.076,0.035],"_shiftlockState":true,"_pose":"FreeFall","_animationQueue":[],"_animationSpeed":1,"_zoom":16.125},{"_mousePosition":[683,384],"_rootPartCFrame":[763.722,227.152,46.792,0.083,0,0.997,0,1,0,-0.997,0,0.083],"_humanoidState":5,"_cameraCFrame":[770.544,243.255,45.607,0.083,-0.906,0.416,0,0.417,0.909,-0.997,-0.076,0.035],"_shiftlockState":true,"_pose":"FreeFall","_animationQueue":[["fall",0.3]],"_animationSpeed":1,"_zoom":16.125},{"_mousePosition":[683,384],"_rootPartCFrame":[763.589,226.868,46.781,0.083,0,0.997,0,1,0,-0.997,0,0.083],"_humanoidState":5,"_cameraCFrame":[770.445,242.976,45.582,0.081,-0.905,0.417,0,0.419,0.908,-0.997,-0.073,0.034],"_shiftlockState":true,"_pose":"FreeFall","_animationQueue":[],"_animationSpeed":1,"_zoom":16.125},{"_mousePosition":[683,384],"_rootPartCFrame":[762.925,225.245,46.726,0.082,0,0.997,0,1,0,-0.997,0,0.082],"_humanoidState":5,"_cameraCFrame":[769.788,241.373,45.51,0.078,-0.905,0.417,0,0.419,0.908,-0.997,-0.071,0.033],"_shiftlockState":true,"_pose":"FreeFall","_animationQueue":[],"_animationSpeed":1,"_zoom":16.125},{"_mousePosition":[683,384],"_rootPartCFrame":[762.726,224.691,46.709,0.079,0,0.997,0,1,0,-0.997,0,0.079],"_humanoidState":5,"_cameraCFrame":[769.59,240.824,45.494,0.078,-0.905,0.417,0,0.419,0.908,-0.997,-0.071,0.033],"_shiftlockState":true,"_pose":"FreeFall","_animationQueue":[],"_animationSpeed":1,"_zoom":16.125},{"_mousePosition":[683,384],"_rootPartCFrame":[762.393,223.7,46.683,0.078,0,0.997,0,1,0,-0.997,0,0.078],"_humanoidState":5,"_cameraCFrame":[769.382,239.784,45.529,0.086,-0.901,0.424,0,0.426,0.905,-0.996,-0.078,0.037],"_shiftlockState":true,"_pose":"FreeFall","_animationQueue":[],"_animationSpeed":1,"_zoom":16.125},{"_mousePosition":[683,384],"_rootPartCFrame":[762.26,223.28,46.673,0.086,0,0.996,0,1,0,-0.996,0,0.086],"_humanoidState":7,"_cameraCFrame":[769.284,239.352,45.557,0.091,-0.9,0.426,0,0.428,0.904,-0.996,-0.082,0.039],"_shiftlockState":true,"_pose":"FreeFall","_animationQueue":[["walk",0.1],["fall",0.3],["fall",0.3]],"_animationSpeed":1,"_zoom":16.125},{"_mousePosition":[683,384],"_rootPartCFrame":[761.995,222.508,46.65,0.091,0,0.996,0,1,0,-0.996,0,0.091],"_humanoidState":7,"_cameraCFrame":[769.022,238.582,45.552,0.094,-0.9,0.426,0,0.428,0.904,-0.996,-0.085,0.04],"_shiftlockState":true,"_pose":"FreeFall","_animationQueue":[["fall",0.3]],"_animationSpeed":1,"_zoom":16.125},{"_mousePosition":[683,384],"_rootPartCFrame":[761.663,222.481,46.62,0.094,0,0.996,0,1,0,-0.996,0,0.094],"_humanoidState":7,"_cameraCFrame":[768.662,238.569,45.52,0.094,-0.901,0.424,0,0.426,0.905,-0.996,-0.085,0.04],"_shiftlockState":true,"_pose":"FreeFall","_animationQueue":[],"_animationSpeed":1,"_zoom":16.125},{"_mousePosition":[683,384],"_rootPartCFrame":[761.132,222.626,46.57,0.093,0,0.996,0,1,0,-0.996,0,0.093],"_humanoidState":8,"_cameraCFrame":[767.933,238.808,45.451,0.094,-0.907,0.412,0,0.413,0.911,-0.996,-0.085,0.039],"_shiftlockState":true,"_pose":"Running","_animationQueue":[["walk",0.1],["fall",0.3],["walk",0.1]],"_animationSpeed":1.103,"_zoom":16.125},{"_mousePosition":[683,384],"_rootPartCFrame":[760.8,223.697,46.539,0.094,0,0.996,0,1,0,-0.996,0,0.094],"_humanoidState":3,"_cameraCFrame":[767.424,239.955,45.37,0.088,-0.912,0.401,0,0.403,0.915,-0.996,-0.081,0.036],"_shiftlockState":true,"_pose":"Jumping","_animationQueue":[["walk",0.1],["jump",0.1]],"_animationSpeed":1,"_zoom":16.125},{"_mousePosition":[683,384],"_rootPartCFrame":[760.734,223.9,46.533,0.089,0,0.996,0,1,0,-0.996,0,0.089],"_humanoidState":5,"_cameraCFrame":[767.358,240.159,45.364,0.088,-0.912,0.401,0,0.403,0.915,-0.996,-0.081,0.036],"_shiftlockState":true,"_pose":"FreeFall","_animationQueue":[["jump",0.1]],"_animationSpeed":1,"_zoom":16.125},{"_mousePosition":[683,384],"_rootPartCFrame":[760.601,224.298,46.521,0.089,0,0.996,0,1,0,-0.996,0,0.089],"_humanoidState":5,"_cameraCFrame":[766.983,240.656,45.267,0.078,-0.919,0.387,0,0.388,0.921,-0.997,-0.072,0.03],"_shiftlockState":true,"_pose":"FreeFall","_animationQueue":[],"_animationSpeed":1,"_zoom":16.125},{"_mousePosition":[683,384],"_rootPartCFrame":[760.335,225.052,46.497,0.079,0,0.997,0,1,0,-0.997,0,0.079],"_humanoidState":5,"_cameraCFrame":[766.592,241.458,45.187,0.071,-0.922,0.38,0,0.381,0.924,-0.997,-0.065,0.027],"_shiftlockState":true,"_pose":"FreeFall","_animationQueue":[],"_animationSpeed":1,"_zoom":16.125},{"_mousePosition":[683,384],"_rootPartCFrame":[760.069,225.751,46.476,0.072,0,0.997,0,1,0,-0.997,0,0.072],"_humanoidState":5,"_cameraCFrame":[766.229,242.194,45.113,0.063,-0.925,0.375,0,0.376,0.927,-0.998,-0.059,0.024],"_shiftlockState":true,"_pose":"FreeFall","_animationQueue":[],"_animationSpeed":1,"_zoom":16.125},{"_mousePosition":[683,384],"_rootPartCFrame":[759.803,226.396,46.457,0.064,0,0.998,0,1,0,-0.998,0,0.064],"_humanoidState":5,"_cameraCFrame":[765.803,242.897,45.023,0.053,-0.929,0.366,0,0.367,0.93,-0.999,-0.049,0.019],"_shiftlockState":true,"_pose":"FreeFall","_animationQueue":[],"_animationSpeed":1,"_zoom":16.125},{"_mousePosition":[683,384],"_rootPartCFrame":[759.537,226.986,46.44,0.054,0,0.999,0,1,0,-0.999,0,0.054],"_humanoidState":5,"_cameraCFrame":[765.409,243.533,44.955,0.046,-0.932,0.359,0,0.36,0.933,-0.999,-0.042,0.016],"_shiftlockState":true,"_pose":"FreeFall","_animationQueue":[],"_animationSpeed":1,"_zoom":16.125},{"_mousePosition":[683,384],"_rootPartCFrame":[759.296,227.522,46.424,0.046,0,0.999,0,1,0,-0.999,0,0.046],"_humanoidState":5,"_cameraCFrame":[765.072,244.102,44.907,0.04,-0.934,0.354,0,0.354,0.935,-0.999,-0.038,0.014],"_shiftlockState":true,"_pose":"FreeFall","_animationQueue":[],"_animationSpeed":1,"_zoom":16.125},{"_mousePosition":[683,384],"_rootPartCFrame":[759.094,228.004,46.411,0.041,0,0.999,0,1,0,-0.999,0,0.041],"_humanoidState":5,"_cameraCFrame":[764.804,244.606,44.863,0.035,-0.936,0.35,0,0.35,0.937,-0.999,-0.033,0.012],"_shiftlockState":true,"_pose":"FreeFall","_animationQueue":[],"_animationSpeed":1,"_zoom":16.125},{"_mousePosition":[683,384],"_rootPartCFrame":[758.932,228.431,46.401,0.035,0,0.999,0,1,0,-0.999,0,0.035],"_humanoidState":5,"_cameraCFrame":[764.575,245.055,44.822,0.03,-0.938,0.347,0,0.347,0.938,-1,-0.028,0.011],"_shiftlockState":true,"_pose":"FreeFall","_animationQueue":[],"_animationSpeed":1,"_zoom":16.125},{"_mousePosition":[683,384],"_rootPartCFrame":[758.81,228.803,46.393,0.03,0,1,0,1,0,-1,0,0.03],"_humanoidState":5,"_cameraCFrame":[764.389,245.449,44.798,0.028,-0.939,0.343,0,0.343,0.939,-1,-0.026,0.01],"_shiftlockState":true,"_pose":"FreeFall","_animationQueue":[],"_animationSpeed":1,"_zoom":16.125},{"_mousePosition":[683,384],"_rootPartCFrame":[758.677,229.121,46.386,0.028,0,1,0,1,0,-1,0,0.028],"_humanoidState":5,"_cameraCFrame":[764.194,245.788,44.775,0.025,-0.94,0.339,0,0.339,0.941,-1,-0.024,0.009],"_shiftlockState":true,"_pose":"FreeFall","_animationQueue":[],"_animationSpeed":1,"_zoom":16.125},{"_mousePosition":[683,384],"_rootPartCFrame":[758.505,229.384,46.379,0.026,0,1,0,1,0,-1,0,0.026],"_humanoidState":5,"_cameraCFrame":[763.959,246.073,44.753,0.023,-0.942,0.336,0,0.336,0.942,-1,-0.021,0.008],"_shiftlockState":true,"_pose":"FreeFall","_animationQueue":[],"_animationSpeed":1,"_zoom":16.125},{"_mousePosition":[683,384],"_rootPartCFrame":[758.293,229.593,46.372,0.023,0,1,0,1,0,-1,0,0.023],"_humanoidState":5,"_cameraCFrame":[763.679,246.303,44.717,0.018,-0.943,0.332,0,0.332,0.943,-1,-0.017,0.006],"_shiftlockState":true,"_pose":"FreeFall","_animationQueue":[],"_animationSpeed":1,"_zoom":16.125},{"_mousePosition":[683,384],"_rootPartCFrame":[758.043,229.747,46.366,0.018,0,1,0,1,0,-1,0,0.018],"_humanoidState":5,"_cameraCFrame":[763.357,246.478,44.669,0.01,-0.944,0.328,0,0.328,0.945,-1,-0.01,0.003],"_shiftlockState":true,"_pose":"FreeFall","_animationQueue":[],"_animationSpeed":1,"_zoom":16.125},{"_mousePosition":[683,384],"_rootPartCFrame":[757.777,229.847,46.361,0.011,0,1,0,1,0,-1,0,0.011],"_humanoidState":5,"_cameraCFrame":[763.014,246.598,44.611,0,-0.946,0.325,0,0.325,0.946,-1,0,0],"_shiftlockState":true,"_pose":"FreeFall","_animationQueue":[],"_animationSpeed":1,"_zoom":16.125},{"_mousePosition":[683,384],"_rootPartCFrame":[757.51,229.893,46.358,0.001,0,1,0,1,0,-1,0,0.001],"_humanoidState":5,"_cameraCFrame":[762.674,246.664,44.568,-0.008,-0.947,0.321,0,0.321,0.947,-1,0.007,-0.002],"_shiftlockState":true,"_pose":"FreeFall","_animationQueue":[["fall",0.3]],"_animationSpeed":1,"_zoom":16.125},{"_mousePosition":[683,384],"_rootPartCFrame":[757.244,229.884,46.357,-0.006,0,1,0,1,0,-1,0,-0.006],"_humanoidState":5,"_cameraCFrame":[762.33,246.675,44.517,-0.018,-0.948,0.317,0,0.317,0.948,-1,0.017,-0.006],"_shiftlockState":true,"_pose":"FreeFall","_animationQueue":[],"_animationSpeed":1,"_zoom":16.125},{"_mousePosition":[683,384],"_rootPartCFrame":[756.91,229.796,46.359,-0.016,0,1,0,1,0,-1,0,-0.016],"_humanoidState":5,"_cameraCFrame":[761.883,246.617,44.458,-0.03,-0.95,0.312,0,0.312,0.95,-1,0.029,-0.009],"_shiftlockState":true,"_pose":"FreeFall","_animationQueue":[],"_animationSpeed":1,"_zoom":16.125},{"_mousePosition":[683,384],"_rootPartCFrame":[756.644,229.664,46.364,-0.029,0,1,0,1,0,-1,0,-0.029],"_humanoidState":5,"_cameraCFrame":[761.542,246.504,44.426,-0.038,-0.951,0.308,0,0.308,0.951,-0.999,0.036,-0.012],"_shiftlockState":true,"_pose":"FreeFall","_animationQueue":[],"_animationSpeed":1,"_zoom":16.125},{"_mousePosition":[683,384],"_rootPartCFrame":[756.444,229.529,46.369,-0.037,0,0.999,0,1,0,-0.999,0,-0.037],"_humanoidState":5,"_cameraCFrame":[761.328,246.37,44.395,-0.046,-0.95,0.308,0,0.308,0.951,-0.999,0.043,-0.014],"_shiftlockState":true,"_pose":"FreeFall","_animationQueue":[],"_animationSpeed":1,"_zoom":16.125},{"_mousePosition":[683,384],"_rootPartCFrame":[756.177,229.302,46.379,-0.044,0,0.999,0,1,0,-0.999,0,-0.044],"_humanoidState":5,"_cameraCFrame":[761.061,246.143,44.405,-0.046,-0.95,0.308,0,0.308,0.951,-0.999,0.043,-0.014],"_shiftlockState":true,"_pose":"FreeFall","_animationQueue":[],"_animationSpeed":1,"_zoom":16.125},{"_mousePosition":[683,384],"_rootPartCFrame":[755.977,229.096,46.388,-0.045,0,0.999,0,1,0,-0.999,0,-0.045],"_humanoidState":5,"_cameraCFrame":[760.826,245.946,44.403,-0.048,-0.951,0.306,0,0.306,0.952,-0.999,0.046,-0.015],"_shiftlockState":true,"_pose":"FreeFall","_animationQueue":[],"_animationSpeed":1,"_zoom":16.125},{"_mousePosition":[683,384],"_rootPartCFrame":[755.645,228.685,46.403,-0.048,0,0.999,0,1,0,-0.999,0,-0.048],"_humanoidState":5,"_cameraCFrame":[760.478,245.535,44.381,-0.056,-0.95,0.306,0,0.306,0.952,-0.998,0.053,-0.017],"_shiftlockState":true,"_pose":"FreeFall","_animationQueue":[["fall",0.3]],"_animationSpeed":1,"_zoom":16.125},{"_mousePosition":[683,384],"_rootPartCFrame":[755.378,228.294,46.416,-0.055,0,0.998,0,1,0,-0.998,0,-0.055],"_humanoidState":5,"_cameraCFrame":[760.182,245.154,44.395,-0.056,-0.951,0.304,0,0.304,0.953,-0.998,0.053,-0.017],"_shiftlockState":true,"_pose":"FreeFall","_animationQueue":[],"_animationSpeed":1,"_zoom":16.125},{"_mousePosition":[683,384],"_rootPartCFrame":[755.112,227.849,46.43,-0.055,0,0.998,0,1,0,-0.998,0,-0.055],"_humanoidState":5,"_cameraCFrame":[759.896,244.718,44.436,-0.051,-0.952,0.302,0,0.303,0.953,-0.999,0.048,-0.015],"_shiftlockState":true,"_pose":"FreeFall","_animationQueue":[],"_animationSpeed":1,"_zoom":16.125},{"_mousePosition":[683,384],"_rootPartCFrame":[755.077,227.395,46.462,0.021,0.001,1,0.007,1,-0.001,-1,0.007,0.021],"_humanoidState":5,"_cameraCFrame":[759.949,244.283,44.869,0.03,-0.954,0.299,0,0.299,0.954,-1,-0.029,0.009],"_shiftlockState":true,"_pose":"FreeFall","_animationQueue":[],"_animationSpeed":1,"_zoom":16.125},{"_mousePosition":[683,384],"_rootPartCFrame":[755.108,227.489,46.466,0.022,0,1,0.001,1,0,-1,0.001,0.022],"_humanoidState":12,"_cameraCFrame":[760.196,244.386,46.127,0.28,-0.917,0.285,0,0.297,0.955,-0.96,-0.267,0.083],"_shiftlockState":true,"_pose":"Climbing","_animationQueue":[["walk",0.1],["fall",0.3],["climb",0.1],["climb",0]],"_animationSpeed":-2.213,"_zoom":16.125},{"_mousePosition":[683,384],"_rootPartCFrame":[755.131,227.674,46.467,0.278,0,0.961,-0.001,1,0,-0.961,-0.001,0.278],"_humanoidState":12,"_cameraCFrame":[759.906,244.581,48.174,0.641,-0.733,0.226,0,0.295,0.955,-0.767,-0.613,0.189],"_shiftlockState":true,"_pose":"Climbing","_animationQueue":[["climb",0.1]],"_animationSpeed":0.871,"_zoom":16.125},{"_mousePosition":[683,384],"_rootPartCFrame":[755.367,227.86,46.467,0.634,-0.003,0.773,0.001,1,0.003,-0.773,-0.001,0.634],"_humanoidState":12,"_cameraCFrame":[758.161,244.72,50.862,0.975,-0.212,0.068,0,0.304,0.953,-0.223,-0.929,0.297],"_shiftlockState":true,"_pose":"Climbing","_animationQueue":[["climb",0.1],["climb",0]],"_animationSpeed":0.932,"_zoom":16.125},{"_mousePosition":[683,384],"_rootPartCFrame":[755.551,228.009,46.375,0.982,-0.004,0.188,0.004,1,0.001,-0.188,-0.001,0.982],"_humanoidState":8,"_cameraCFrame":[757.634,244.81,51.332,0.998,-0.064,0.021,0,0.316,0.949,-0.067,-0.947,0.315],"_shiftlockState":true,"_pose":"Standing","_animationQueue":[["climb",0.1],["walk",0.1],["idle",0.1]],"_animationSpeed":1,"_zoom":16.125},{"_mousePosition":[683,384],"_rootPartCFrame":[755.547,228.892,46.273,0.999,-0.004,0.036,0.004,1,0,-0.036,0.001,0.999],"_humanoidState":3,"_cameraCFrame":[756.692,245.495,52.077,0.995,0.098,-0.037,0,0.35,0.937,0.104,-0.931,0.349],"_shiftlockState":true,"_pose":"Jumping","_animationQueue":[["walk",0.1],["jump",0.1]],"_animationSpeed":1,"_zoom":16.125},{"_mousePosition":[683,384],"_rootPartCFrame":[755.602,229.737,46.148,0.996,-0.001,-0.092,0.001,1,-0.001,0.092,0.001,0.996],"_humanoidState":5,"_cameraCFrame":[757.453,246.18,52.179,1,-0.016,0.006,0,0.376,0.927,-0.017,-0.927,0.376],"_shiftlockState":true,"_pose":"FreeFall","_animationQueue":[["jump",0.1]],"_animationSpeed":1,"_zoom":16.125},{"_mousePosition":[683,384],"_rootPartCFrame":[755.605,230.528,46.032,1,0,0.023,0,1,0,-0.023,0,1],"_humanoidState":5,"_cameraCFrame":[759.13,246.825,51.663,0.957,-0.265,0.115,0,0.397,0.918,-0.289,-0.879,0.381],"_shiftlockState":true,"_pose":"FreeFall","_animationQueue":[],"_animationSpeed":1,"_zoom":16.125},{"_mousePosition":[683,384],"_rootPartCFrame":[755.624,231.264,45.956,0.957,0,0.289,0,1,0,-0.289,0,0.957],"_humanoidState":5,"_cameraCFrame":[761.056,247.433,50.243,0.798,-0.548,0.25,0,0.415,0.91,-0.603,-0.726,0.331],"_shiftlockState":true,"_pose":"FreeFall","_animationQueue":[],"_animationSpeed":1,"_zoom":16.125},{"_mousePosition":[683,384],"_rootPartCFrame":[755.629,231.946,45.919,0.798,0,0.603,0,1,0,-0.603,0,0.798],"_humanoidState":5,"_cameraCFrame":[762.41,247.995,48.245,0.546,-0.756,0.361,0,0.431,0.902,-0.838,-0.492,0.235],"_shiftlockState":true,"_pose":"FreeFall","_animationQueue":[],"_animationSpeed":1,"_zoom":16.125},{"_mousePosition":[683,384],"_rootPartCFrame":[755.629,232.573,45.915,0.546,0,0.838,0,1,0,-0.838,0,0.546],"_humanoidState":5,"_cameraCFrame":[762.889,248.568,46.431,0.309,-0.855,0.417,0,0.438,0.899,-0.951,-0.277,0.135],"_shiftlockState":true,"_pose":"FreeFall","_animationQueue":[],"_animationSpeed":1,"_zoom":16.125},{"_mousePosition":[683,384],"_rootPartCFrame":[755.629,233.146,45.915,0.309,0,0.951,0,1,0,-0.951,0,0.309],"_humanoidState":5,"_cameraCFrame":[762.999,249.085,45.401,0.169,-0.883,0.439,0,0.445,0.895,-0.986,-0.151,0.075],"_shiftlockState":true,"_pose":"FreeFall","_animationQueue":[],"_animationSpeed":1,"_zoom":16.125},{"_mousePosition":[683,384],"_rootPartCFrame":[755.629,233.664,45.915,0.169,0,0.986,0,1,0,-0.986,0,0.169],"_humanoidState":5,"_cameraCFrame":[763.034,249.575,45.167,0.136,-0.885,0.444,0,0.449,0.894,-0.991,-0.122,0.061],"_shiftlockState":true,"_pose":"FreeFall","_animationQueue":[],"_animationSpeed":1,"_zoom":16.125},{"_mousePosition":[683,384],"_rootPartCFrame":[755.604,234.127,45.911,0.139,0,0.99,0,1,0,-0.99,0,0.139],"_humanoidState":5,"_cameraCFrame":[763.01,250.039,45.163,0.136,-0.885,0.444,0,0.449,0.894,-0.991,-0.122,0.061],"_shiftlockState":true,"_pose":"FreeFall","_animationQueue":[],"_animationSpeed":1,"_zoom":16.125},{"_mousePosition":[683,384],"_rootPartCFrame":[755.541,234.537,45.901,0.137,0,0.991,0,1,0,-0.991,0,0.137],"_humanoidState":5,"_cameraCFrame":[762.931,250.448,45.022,0.119,-0.887,0.445,0,0.449,0.894,-0.993,-0.106,0.053],"_shiftlockState":true,"_pose":"FreeFall","_animationQueue":[],"_animationSpeed":1,"_zoom":16.125},{"_mousePosition":[683,384],"_rootPartCFrame":[755.438,234.891,45.886,0.12,0,0.993,0,1,0,-0.993,0,0.12],"_humanoidState":5,"_cameraCFrame":[762.736,250.831,44.74,0.083,-0.892,0.444,0,0.445,0.895,-0.997,-0.075,0.037],"_shiftlockState":true,"_pose":"FreeFall","_animationQueue":[],"_animationSpeed":1,"_zoom":16.125},{"_mousePosition":[683,384],"_rootPartCFrame":[755.295,235.191,45.866,0.087,0,0.996,0,1,0,-0.996,0,0.087],"_humanoidState":5,"_cameraCFrame":[762.517,251.145,44.444,0.046,-0.895,0.443,0,0.443,0.896,-0.999,-0.041,0.02],"_shiftlockState":true,"_pose":"FreeFall","_animationQueue":[],"_animationSpeed":1,"_zoom":16.125},{"_mousePosition":[683,384],"_rootPartCFrame":[755.113,235.437,45.845,0.05,0,0.999,0,1,0,-0.999,0,0.05],"_humanoidState":5,"_cameraCFrame":[762.284,251.39,44.185,0.013,-0.896,0.443,0,0.443,0.896,-1,-0.011,0.006],"_shiftlockState":true,"_pose":"FreeFall","_animationQueue":[],"_animationSpeed":1,"_zoom":16.125},{"_mousePosition":[683,384],"_rootPartCFrame":[754.891,235.628,45.827,0.017,0,1,0,1,0,-1,0,0.017],"_humanoidState":5,"_cameraCFrame":[762.111,251.539,44.022,-0.008,-0.894,0.449,0,0.449,0.894,-1,0.007,-0.003],"_shiftlockState":true,"_pose":"FreeFall","_animationQueue":[],"_animationSpeed":1,"_zoom":16.125},{"_mousePosition":[683,384],"_rootPartCFrame":[754.634,235.765,45.819,-0.004,0,1,0,1,0,-1,0,-0.004],"_humanoidState":5,"_cameraCFrame":[761.892,251.648,43.94,-0.018,-0.892,0.452,0,0.452,0.892,-1,0.016,-0.008],"_shiftlockState":true,"_pose":"FreeFall","_animationQueue":[],"_animationSpeed":1,"_zoom":16.125},{"_mousePosition":[683,384],"_rootPartCFrame":[754.368,235.847,45.82,-0.016,0,1,0,1,0,-1,0,-0.016],"_humanoidState":5,"_cameraCFrame":[761.71,251.687,43.94,-0.018,-0.889,0.457,0,0.457,0.889,-1,0.016,-0.008],"_shiftlockState":true,"_pose":"FreeFall","_animationQueue":[],"_animationSpeed":1,"_zoom":16.125},{"_mousePosition":[683,384],"_rootPartCFrame":[754.168,235.873,45.823,-0.017,0,1,0,1,0,-1,0,-0.017],"_humanoidState":5,"_cameraCFrame":[761.51,251.713,43.943,-0.018,-0.889,0.457,0,0.457,0.889,-1,0.016,-0.008],"_shiftlockState":true,"_pose":"FreeFall","_animationQueue":[],"_animationSpeed":1,"_zoom":16.125},{"_mousePosition":[683,384],"_rootPartCFrame":[753.834,235.848,45.829,-0.018,0,1,0,1,0,-1,0,-0.018],"_humanoidState":5,"_cameraCFrame":[761.176,251.688,43.949,-0.018,-0.889,0.457,0,0.457,0.889,-1,0.016,-0.008],"_shiftlockState":true,"_pose":"FreeFall","_animationQueue":[],"_animationSpeed":1,"_zoom":16.125},{"_mousePosition":[683,384],"_rootPartCFrame":[753.568,235.733,45.834,-0.018,0,1,0,1,0,-1,0,-0.018],"_humanoidState":7,"_cameraCFrame":[760.91,251.573,43.954,-0.018,-0.889,0.457,0,0.457,0.889,-1,0.016,-0.008],"_shiftlockState":true,"_pose":"FreeFall","_animationQueue":[["fall",0.3],["walk",0.1],["fall",0.3],["fall",0.3]],"_animationSpeed":1,"_zoom":16.125},{"_mousePosition":[683,384],"_rootPartCFrame":[753.368,235.609,45.838,-0.018,0,1,0,1,0,-1,0,-0.018],"_humanoidState":7,"_cameraCFrame":[760.71,251.449,43.957,-0.018,-0.889,0.457,0,0.457,0.889,-1,0.016,-0.008],"_shiftlockState":true,"_pose":"FreeFall","_animationQueue":[],"_animationSpeed":1,"_zoom":16.125},{"_mousePosition":[683,384],"_rootPartCFrame":[752.968,235.263,45.845,-0.018,0,1,0,1,0,-1,0,-0.018],"_humanoidState":8,"_cameraCFrame":[760.31,251.103,43.964,-0.018,-0.889,0.457,0,0.457,0.889,-1,0.016,-0.008],"_shiftlockState":true,"_pose":"Running","_animationQueue":[["walk",0.1],["fall",0.3],["walk",0.1]],"_animationSpeed":1.103,"_zoom":16.125},{"_mousePosition":[683,384],"_rootPartCFrame":[752.768,235.14,45.848,-0.018,0,1,0,1,0,-1,0,-0.018],"_humanoidState":8,"_cameraCFrame":[760.11,250.98,43.968,-0.018,-0.889,0.457,0,0.457,0.889,-1,0.016,-0.008],"_shiftlockState":true,"_pose":"Running","_animationQueue":[],"_animationSpeed":1.103,"_zoom":16.125},{"_mousePosition":[683,384],"_rootPartCFrame":[752.498,235.148,45.693,-0.018,0,1,0,1,0,-1,0,-0.018],"_humanoidState":8,"_cameraCFrame":[759.84,250.988,43.813,-0.018,-0.889,0.457,0,0.457,0.889,-1,0.016,-0.008],"_shiftlockState":true,"_pose":"Running","_animationQueue":[],"_animationSpeed":1.103,"_zoom":16.125},{"_mousePosition":[683,384],"_rootPartCFrame":[752.5,235.165,45.563,-0.073,0,0.997,0,1,0,-0.997,0,-0.073],"_humanoidState":8,"_cameraCFrame":[759.842,251.005,43.684,-0.018,-0.889,0.457,0,0.457,0.889,-1,0.016,-0.008],"_shiftlockState":true,"_pose":"Running","_animationQueue":[],"_animationSpeed":1.103,"_zoom":16.125},{"_mousePosition":[683,384],"_rootPartCFrame":[752.488,235.174,45.461,-0.068,0,0.998,0.001,1,0,-0.998,0.001,-0.068],"_humanoidState":8,"_cameraCFrame":[759.885,250.985,43.581,-0.018,-0.887,0.461,0,0.461,0.888,-1,0.016,-0.008],"_shiftlockState":true,"_pose":"Running","_animationQueue":[["walk",0.1]],"_animationSpeed":0.698,"_zoom":16.125},{"_mousePosition":[683,384],"_rootPartCFrame":[752.493,235.186,45.157,-0.039,0,0.999,0,1,0,-0.999,0,-0.039],"_humanoidState":8,"_cameraCFrame":[759.868,251.012,43.295,-0.015,-0.888,0.459,0,0.459,0.888,-1,0.013,-0.007],"_shiftlockState":true,"_pose":"Running","_animationQueue":[["walk",0.1],["walk",0.1]],"_animationSpeed":0.597,"_zoom":16.125},{"_mousePosition":[683,384],"_rootPartCFrame":[752.506,235.192,44.891,-0.018,0,1,0,1,0,-1,0,-0.018],"_humanoidState":8,"_cameraCFrame":[759.783,251.061,42.975,-0.023,-0.891,0.454,0,0.454,0.891,-1,0.02,-0.01],"_shiftlockState":true,"_pose":"Running","_animationQueue":[["walk",0.1]],"_animationSpeed":1.097,"_zoom":16.125},{"_mousePosition":[683,384],"_rootPartCFrame":[752.502,235.196,44.624,-0.023,0,1,0,1,0,-1,0,-0.023],"_humanoidState":8,"_cameraCFrame":[759.621,251.121,42.548,-0.046,-0.894,0.446,0,0.447,0.895,-0.999,0.041,-0.02],"_shiftlockState":true,"_pose":"Running","_animationQueue":[],"_animationSpeed":1.097,"_zoom":16.125},{"_mousePosition":[683,384],"_rootPartCFrame":[752.497,235.197,44.358,-0.046,0,0.999,0,1,0,-0.999,0,-0.046],"_humanoidState":8,"_cameraCFrame":[759.401,251.178,41.97,-0.091,-0.894,0.438,0,0.44,0.898,-0.996,0.082,-0.04],"_shiftlockState":true,"_pose":"Running","_animationQueue":[],"_animationSpeed":1.097,"_zoom":16.125},{"_mousePosition":[683,384],"_rootPartCFrame":[752.485,235.198,44.091,-0.091,0,0.996,0,1,0,-0.996,0,-0.091],"_humanoidState":8,"_cameraCFrame":[758.994,251.275,41.219,-0.166,-0.891,0.422,0,0.428,0.904,-0.986,0.15,-0.071],"_shiftlockState":true,"_pose":"Running","_animationQueue":[],"_animationSpeed":1.097,"_zoom":16.125},{"_mousePosition":[683,384],"_rootPartCFrame":[752.463,235.199,43.826,-0.166,0,0.986,0,1,0,-0.986,0,-0.166],"_humanoidState":8,"_cameraCFrame":[758.401,251.381,40.326,-0.272,-0.876,0.398,0,0.413,0.911,-0.962,0.248,-0.113],"_shiftlockState":true,"_pose":"Running","_animationQueue":[],"_animationSpeed":1.097,"_zoom":16.125},{"_mousePosition":[683,384],"_rootPartCFrame":[752.422,235.199,43.562,-0.277,0,0.961,0,1,0,-0.961,0,-0.277],"_humanoidState":8,"_cameraCFrame":[757.612,251.496,39.416,-0.39