[{"_mousePosition":[1196,331],"_rootPartCFrame":[776.027,222.982,47.142,0.002,0.001,1,0,1,-0.001,-1,0,0.002],"_humanoidState":8,"_cameraCFrame":[784.641,235.23,46.839,-0.035,-0.78,0.625,0,0.626,0.78,-0.999,0.027,-0.022],"_shiftlockState":false,"_pose":"Standing","_animationQueue":[],"_animationSpeed":1,"_zoom":13.776},{"_mousePosition":[1196,331],"_rootPartCFrame":[775.78,222.85,47.151,-0.003,0,1,0,1,0,-1,0,-0.003],"_humanoidState":8,"_cameraCFrame":[784.393,235.098,46.848,-0.035,-0.78,0.625,0,0.626,0.78,-0.999,0.027,-0.022],"_shiftlockState":false,"_pose":"Standing","_animationQueue":[],"_animationSpeed":1,"_zoom":13.776},{"_mousePosition":[1188,348],"_rootPartCFrame":[775.648,222.772,47.155,-0.005,0,1,0,1,0,-1,0,-0.005],"_humanoidState":8,"_cameraCFrame":[784.26,235.02,46.852,-0.035,-0.78,0.625,0,0.626,0.78,-0.999,0.027,-0.022],"_shiftlockState":false,"_pose":"Running","_animationQueue":[["walk",0.1]],"_animationSpeed":1.066,"_zoom":13.776},{"_mousePosition":[1169,336],"_rootPartCFrame":[775.248,222.655,47.169,-0.011,0,1,0,1,0,-1,0,-0.011],"_humanoidState":8,"_cameraCFrame":[783.86,234.903,46.866,-0.035,-0.78,0.625,0,0.626,0.78,-0.999,0.027,-0.022],"_shiftlockState":false,"_pose":"Running","_animationQueue":[],"_animationSpeed":1.066,"_zoom":13.776},{"_mousePosition":[1157,331],"_rootPartCFrame":[774.982,222.671,47.179,-0.015,0,1,0,1,0,-1,0,-0.015],"_humanoidState":8,"_cameraCFrame":[783.594,234.919,46.876,-0.035,-0.78,0.625,0,0.626,0.78,-0.999,0.027,-0.022],"_shiftlockState":false,"_pose":"Running","_animationQueue":[],"_animationSpeed":1.066,"_zoom":13.776},{"_mousePosition":[1136,324],"_rootPartCFrame":[774.715,222.683,47.188,-0.017,0,1,0,1,0,-1,0,-0.017],"_humanoidState":8,"_cameraCFrame":[783.327,234.931,46.885,-0.035,-0.78,0.625,0,0.626,0.78,-0.999,0.027,-0.022],"_shiftlockState":false,"_pose":"Running","_animationQueue":[["walk",0.1]],"_animationSpeed":1.066,"_zoom":13.776},{"_mousePosition":[1124,322],"_rootPartCFrame":[774.449,222.691,47.198,-0.02,0,1,0,1,0,-1,0,-0.02],"_humanoidState":8,"_cameraCFrame":[783.061,234.939,46.894,-0.035,-0.78,0.625,0,0.626,0.78,-0.999,0.027,-0.022],"_shiftlockState":false,"_pose":"Running","_animationQueue":[],"_animationSpeed":1.066,"_zoom":13.776},{"_mousePosition":[1094,321],"_rootPartCFrame":[774.182,222.695,47.207,-0.022,0,1,0,1,0,-1,0,-0.022],"_humanoidState":8,"_cameraCFrame":[782.794,234.943,46.904,-0.035,-0.78,0.625,0,0.626,0.78,-0.999,0.027,-0.022],"_shiftlockState":false,"_pose":"Running","_animationQueue":[],"_animationSpeed":1.066,"_zoom":13.776},{"_mousePosition":[1074,322],"_rootPartCFrame":[773.916,222.697,47.216,-0.024,0,1,0,1,0,-1,0,-0.024],"_humanoidState":8,"_cameraCFrame":[782.528,234.945,46.913,-0.035,-0.78,0.625,0,0.626,0.78,-0.999,0.027,-0.022],"_shiftlockState":false,"_pose":"Running","_animationQueue":[],"_animationSpeed":1.066,"_zoom":13.776},{"_mousePosition":[1046,331],"_rootPartCFrame":[773.649,222.698,47.226,-0.025,0,1,0,1,0,-1,0,-0.025],"_humanoidState":8,"_cameraCFrame":[782.261,234.946,46.923,-0.035,-0.78,0.625,0,0.626,0.78,-0.999,0.027,-0.022],"_shiftlockState":false,"_pose":"Running","_animationQueue":[],"_animationSpeed":1.066,"_zoom":13.776},{"_mousePosition":[1034,339],"_rootPartCFrame":[773.383,222.699,47.235,-0.027,0,1,0,1,0,-1,0,-0.027],"_humanoidState":8,"_cameraCFrame":[781.995,234.947,46.932,-0.035,-0.78,0.625,0,0.626,0.78,-0.999,0.027,-0.022],"_shiftlockState":false,"_pose":"Running","_animationQueue":[],"_animationSpeed":1.066,"_zoom":13.776},{"_mousePosition":[1022,352],"_rootPartCFrame":[773.25,222.699,47.24,-0.027,0,1,0,1,0,-1,0,-0.027],"_humanoidState":8,"_cameraCFrame":[781.862,234.947,46.937,-0.035,-0.78,0.625,0,0.626,0.78,-0.999,0.027,-0.022],"_shiftlockState":false,"_pose":"Running","_animationQueue":[],"_animationSpeed":1.066,"_zoom":13.776},{"_mousePosition":[1016,363],"_rootPartCFrame":[772.85,222.699,47.254,-0.029,0,1,0,1,0,-1,0,-0.029],"_humanoidState":8,"_cameraCFrame":[781.462,234.947,46.951,-0.035,-0.78,0.625,0,0.626,0.78,-0.999,0.027,-0.022],"_shiftlockState":false,"_pose":"Running","_animationQueue":[["walk",0.1]],"_animationSpeed":1.066,"_zoom":13.776},{"_mousePosition":[1010,382],"_rootPartCFrame":[772.583,222.7,47.263,-0.03,0,1,0,1,0,-1,0,-0.03],"_humanoidState":8,"_cameraCFrame":[781.195,234.947,46.96,-0.035,-0.78,0.625,0,0.626,0.78,-0.999,0.027,-0.022],"_shiftlockState":false,"_pose":"Running","_animationQueue":[],"_animationSpeed":1.066,"_zoom":13.776},{"_mousePosition":[1007,395],"_rootPartCFrame":[772.317,222.7,47.273,-0.03,0,1,0,1,0,-1,0,-0.03],"_humanoidState":8,"_cameraCFrame":[780.929,234.948,46.969,-0.035,-0.78,0.625,0,0.626,0.78,-0.999,0.027,-0.022],"_shiftlockState":false,"_pose":"Running","_animationQueue":[],"_animationSpeed":1.066,"_zoom":13.776},{"_mousePosition":[1001,429],"_rootPartCFrame":[772.05,222.7,47.282,-0.031,0,1,0,1,0,-1,0,-0.031],"_humanoidState":8,"_cameraCFrame":[780.663,234.948,46.979,-0.035,-0.78,0.625,0,0.626,0.78,-0.999,0.027,-0.022],"_shiftlockState":false,"_pose":"Running","_animationQueue":[],"_animationSpeed":1.066,"_zoom":13.776},{"_mousePosition":[1001,429],"_rootPartCFrame":[771.784,223.563,47.291,-0.032,0,0.999,0,1,0,-0.999,0,-0.032],"_humanoidState":3,"_cameraCFrame":[780.009,236.109,46.976,-0.038,-0.801,0.597,0,0.597,0.802,-0.999,0.031,-0.023],"_shiftlockState":false,"_pose":"Jumping","_animationQueue":[["walk",0.1],["jump",0.1]],"_animationSpeed":1,"_zoom":13.776},{"_mousePosition":[1001,429],"_rootPartCFrame":[771.517,224.371,47.301,-0.032,0,0.999,0,1,0,-0.999,0,-0.032],"_humanoidState":5,"_cameraCFrame":[779.29,237.241,47.003,-0.038,-0.825,0.564,0,0.565,0.825,-0.999,0.032,-0.022],"_shiftlockState":false,"_pose":"FreeFall","_animationQueue":[["jump",0.1]],"_animationSpeed":1,"_zoom":13.776},{"_mousePosition":[1001,429],"_rootPartCFrame":[771.251,225.125,47.311,-0.033,0,0.999,0,1,0,-0.999,0,-0.033],"_humanoidState":5,"_cameraCFrame":[778.397,238.363,45.316,-0.034,-0.852,0.523,0,0.523,0.852,-0.999,0.029,-0.018],"_shiftlockState":true,"_pose":"FreeFall","_animationQueue":[],"_animationSpeed":1,"_zoom":13.776},{"_mousePosition":[683,384],"_rootPartCFrame":[770.984,225.824,47.321,-0.035,0,0.999,0,1,0,-0.999,0,-0.035],"_humanoidState":5,"_cameraCFrame":[778.131,239.063,45.326,-0.034,-0.852,0.523,0,0.523,0.852,-0.999,0.029,-0.018],"_shiftlockState":true,"_pose":"FreeFall","_animationQueue":[],"_animationSpeed":1,"_zoom":13.776},{"_mousePosition":[683,384],"_rootPartCFrame":[770.718,226.469,47.33,-0.034,0,0.999,0,1,0,-0.999,0,-0.034],"_humanoidState":5,"_cameraCFrame":[777.409,239.978,45.365,-0.032,-0.871,0.49,0,0.49,0.872,-0.999,0.028,-0.016],"_shiftlockState":true,"_pose":"FreeFall","_animationQueue":[],"_animationSpeed":1,"_zoom":13.776},{"_mousePosition":[683,384],"_rootPartCFrame":[770.451,227.06,47.339,-0.032,0,0.999,0,1,0,-0.999,0,-0.032],"_humanoidState":5,"_cameraCFrame":[776.578,240.871,45.405,-0.03,-0.893,0.449,0,0.449,0.894,-1,0.027,-0.013],"_shiftlockState":true,"_pose":"FreeFall","_animationQueue":[],"_animationSpeed":1,"_zoom":13.776},{"_mousePosition":[683,384],"_rootPartCFrame":[770.185,227.595,47.348,-0.03,0,1,0,1,0,-1,0,-0.03],"_humanoidState":5,"_cameraCFrame":[775.917,241.604,45.474,-0.022,-0.908,0.419,0,0.419,0.908,-1,0.02,-0.009],"_shiftlockState":true,"_pose":"FreeFall","_animationQueue":[],"_animationSpeed":1,"_zoom":13.776},{"_mousePosition":[683,384],"_rootPartCFrame":[769.918,228.077,47.356,-0.022,0,1,0,1,0,-1,0,-0.022],"_humanoidState":5,"_cameraCFrame":[775.274,242.261,45.547,-0.011,-0.921,0.39,0,0.39,0.921,-1,0.01,-0.004],"_shiftlockState":true,"_pose":"FreeFall","_animationQueue":[],"_animationSpeed":1,"_zoom":13.776},{"_mousePosition":[683,384],"_rootPartCFrame":[769.651,228.504,47.362,-0.012,0,1,0,1,0,-1,0,-0.012],"_humanoidState":5,"_cameraCFrame":[774.792,242.789,45.647,0.007,-0.928,0.372,0,0.372,0.928,-1,-0.006,0.002],"_shiftlockState":true,"_pose":"FreeFall","_animationQueue":[],"_animationSpeed":1,"_zoom":13.776},{"_mousePosition":[683,384],"_rootPartCFrame":[769.385,228.876,47.366,0.005,0,1,0,1,0,-1,0,0.005],"_humanoidState":5,"_cameraCFrame":[774.45,243.211,45.797,0.036,-0.931,0.363,0,0.363,0.932,-0.999,-0.034,0.013],"_shiftlockState":true,"_pose":"FreeFall","_animationQueue":[],"_animationSpeed":1,"_zoom":13.776},{"_mousePosition":[683,384],"_rootPartCFrame":[769.118,229.194,47.365,0.033,0,0.999,0,1,0,-0.999,0,0.033],"_humanoidState":5,"_cameraCFrame":[774.153,243.545,45.831,0.043,-0.932,0.36,0,0.36,0.933,-0.999,-0.04,0.016],"_shiftlockState":true,"_pose":"FreeFall","_animationQueue":[],"_animationSpeed":1,"_zoom":13.776},{"_mousePosition":[683,384],"_rootPartCFrame":[768.785,229.515,47.354,0.041,0,0.999,0,1,0,-0.999,0,0.041],"_humanoidState":5,"_cameraCFrame":[773.82,243.865,45.821,0.043,-0.932,0.36,0,0.36,0.933,-0.999,-0.04,0.016],"_shiftlockState":true,"_pose":"FreeFall","_animationQueue":[],"_animationSpeed":1,"_zoom":13.776},{"_mousePosition":[683,384],"_rootPartCFrame":[768.652,229.619,47.348,0.043,0,0.999,0,1,0,-0.999,0,0.043],"_humanoidState":5,"_cameraCFrame":[773.687,243.97,45.815,0.043,-0.932,0.36,0,0.36,0.933,-0.999,-0.04,0.016],"_shiftlockState":true,"_pose":"FreeFall","_animationQueue":[],"_animationSpeed":1,"_zoom":13.776},{"_mousePosition":[683,384],"_rootPartCFrame":[768.186,229.877,47.328,0.043,0,0.999,0,1,0,-0.999,0,0.043],"_humanoidState":5,"_cameraCFrame":[773.221,244.228,45.795,0.043,-0.932,0.36,0,0.36,0.933,-0.999,-0.04,0.016],"_shiftlockState":true,"_pose":"FreeFall","_animationQueue":[],"_animationSpeed":1,"_zoom":13.776},{"_mousePosition":[683,384],"_rootPartCFrame":[768.052,229.921,47.322,0.043,0,0.999,0,1,0,-0.999,0,0.043],"_humanoidState":5,"_cameraCFrame":[773.087,244.271,45.789,0.043,-0.932,0.36,0,0.36,0.933,-0.999,-0.04,0.016],"_shiftlockState":true,"_pose":"FreeFall","_animationQueue":[],"_animationSpeed":1,"_zoom":13.776},{"_mousePosition":[683,384],"_rootPartCFrame":[767.786,229.966,47.311,0.043,0,0.999,0,1,0,-0.999,0,0.043],"_humanoidState":5,"_cameraCFrame":[772.821,244.317,45.777,0.043,-0.932,0.36,0,0.36,0.933,-0.999,-0.04,0.016],"_shiftlockState":true,"_pose":"FreeFall","_animationQueue":[["fall",0.3]],"_animationSpeed":1,"_zoom":13.776},{"_mousePosition":[683,384],"_rootPartCFrame":[767.52,229.957,47.299,0.043,0,0.999,0,1,0,-0.999,0,0.043],"_humanoidState":5,"_cameraCFrame":[772.555,244.308,45.766,0.043,-0.932,0.36,0,0.36,0.933,-0.999,-0.04,0.016],"_shiftlockState":true,"_pose":"FreeFall","_animationQueue":[],"_animationSpeed":1,"_zoom":13.776},{"_mousePosition":[683,384],"_rootPartCFrame":[767.253,229.893,47.288,0.043,0,0.999,0,1,0,-0.999,0,0.043],"_humanoidState":5,"_cameraCFrame":[772.288,244.244,45.754,0.043,-0.932,0.36,0,0.36,0.933,-0.999,-0.04,0.016],"_shiftlockState":true,"_pose":"FreeFall","_animationQueue":[],"_animationSpeed":1,"_zoom":13.776},{"_mousePosition":[683,384],"_rootPartCFrame":[766.987,229.775,47.276,0.043,0,0.999,0,1,0,-0.999,0,0.043],"_humanoidState":5,"_cameraCFrame":[772.022,244.126,45.743,0.043,-0.932,0.36,0,0.36,0.933,-0.999,-0.04,0.016],"_shiftlockState":true,"_pose":"FreeFall","_animationQueue":[],"_animationSpeed":1,"_zoom":13.776},{"_mousePosition":[683,384],"_rootPartCFrame":[766.721,229.603,47.265,0.043,0,0.999,0,1,0,-0.999,0,0.043],"_humanoidState":5,"_cameraCFrame":[771.756,243.953,45.731,0.043,-0.932,0.36,0,0.36,0.933,-0.999,-0.04,0.016],"_shiftlockState":true,"_pose":"FreeFall","_animationQueue":[],"_animationSpeed":1,"_zoom":13.776},{"_mousePosition":[683,384],"_rootPartCFrame":[766.454,229.375,47.253,0.043,0,0.999,0,1,0,-0.999,0,0.043],"_humanoidState":5,"_cameraCFrame":[771.47,243.726,45.657,0.031,-0.932,0.36,0,0.36,0.933,-1,-0.029,0.011],"_shiftlockState":true,"_pose":"FreeFall","_animationQueue":[],"_animationSpeed":1,"_zoom":13.776},{"_mousePosition":[683,384],"_rootPartCFrame":[766.188,229.094,47.241,0.032,0,0.999,0,1,0,-0.999,0,0.032],"_humanoidState":5,"_cameraCFrame":[771.103,243.468,45.529,0.008,-0.935,0.356,0,0.356,0.935,-1,-0.007,0.003],"_shiftlockState":true,"_pose":"FreeFall","_animationQueue":[],"_animationSpeed":1,"_zoom":13.776},{"_mousePosition":[683,384],"_rootPartCFrame":[765.988,228.847,47.235,0.01,0,1,0,1,0,-1,0,0.01],"_humanoidState":5,"_cameraCFrame":[770.705,243.291,45.492,0.001,-0.94,0.342,0,0.342,0.94,-1,-0.001,0.001],"_shiftlockState":true,"_pose":"FreeFall","_animationQueue":[["fall",0.3]],"_animationSpeed":1,"_zoom":13.776},{"_mousePosition":[683,384],"_rootPartCFrame":[765.655,228.367,47.231,0.003,0,1,0,1,0,-1,0,0.003],"_humanoidState":5,"_cameraCFrame":[770.106,242.904,45.478,-0.001,-0.946,0.323,0,0.323,0.946,-1,0.001,0],"_shiftlockState":true,"_pose":"FreeFall","_animationQueue":[],"_animationSpeed":1,"_zoom":13.776},{"_mousePosition":[683,384],"_rootPartCFrame":[765.388,227.922,47.231,0,0,1,0,1,0,-1,0,0],"_humanoidState":5,"_cameraCFrame":[769.469,242.576,45.452,-0.007,-0.955,0.297,0,0.297,0.955,-1,0.007,-0.002],"_shiftlockState":true,"_pose":"FreeFall","_animationQueue":[],"_animationSpeed":1,"_zoom":13.776},{"_mousePosition":[683,384],"_rootPartCFrame":[765.122,227.422,47.231,-0.012,0,1,0,1,0,-1,0,-0.012],"_humanoidState":5,"_cameraCFrame":[768.943,242.153,45.448,-0.009,-0.96,0.278,0,0.278,0.96,-1,0.008,-0.002],"_shiftlockState":true,"_pose":"FreeFall","_animationQueue":[],"_animationSpeed":1,"_zoom":13.776},{"_mousePosition":[683,384],"_rootPartCFrame":[764.855,226.868,47.233,-0.009,0,1,0,1,0,-1,0,-0.009],"_humanoidState":5,"_cameraCFrame":[768.657,241.605,45.455,-0.008,-0.961,0.277,0,0.277,0.961,-1,0.007,-0.002],"_shiftlockState":true,"_pose":"FreeFall","_animationQueue":[],"_animationSpeed":1,"_zoom":13.776},{"_mousePosition":[683,384],"_rootPartCFrame":[764.589,226.259,47.236,-0.008,0,1,0,1,0,-1,0,-0.008],"_humanoidState":5,"_cameraCFrame":[768.371,241.003,45.461,-0.007,-0.961,0.275,0,0.275,0.961,-1,0.006,-0.002],"_shiftlockState":true,"_pose":"FreeFall","_animationQueue":[],"_animationSpeed":1,"_zoom":13.776},{"_mousePosition":[683,384],"_rootPartCFrame":[764.389,225.767,47.237,-0.007,0,1,0,1,0,-1,0,-0.007],"_humanoidState":5,"_cameraCFrame":[768.132,240.523,45.471,-0.004,-0.962,0.272,0,0.272,0.962,-1,0.004,-0.001],"_shiftlockState":true,"_pose":"FreeFall","_animationQueue":[],"_animationSpeed":1,"_zoom":13.776},{"_mousePosition":[683,384],"_rootPartCFrame":[764.056,224.879,47.24,-0.005,0,1,0,1,0,-1,0,-0.005],"_humanoidState":5,"_cameraCFrame":[767.77,239.643,45.481,-0.002,-0.963,0.27,0,0.27,0.963,-1,0.002,-0.001],"_shiftlockState":true,"_pose":"FreeFall","_animationQueue":[["fall",0.3]],"_animationSpeed":1,"_zoom":13.776},{"_mousePosition":[683,384],"_rootPartCFrame":[763.789,224.106,47.241,-0.003,0,1,0,1,0,-1,0,-0.003],"_humanoidState":5,"_cameraCFrame":[767.464,238.883,45.49,0,-0.964,0.267,0,0.267,0.964,-1,0,0],"_shiftlockState":true,"_pose":"FreeFall","_animationQueue":[],"_animationSpeed":1,"_zoom":13.776},{"_mousePosition":[683,384],"_rootPartCFrame":[763.589,223.492,47.241,0,0,1,0,1,0,-1,0,0],"_humanoidState":5,"_cameraCFrame":[767.216,238.283,45.502,0.003,-0.965,0.263,0,0.263,0.965,-1,-0.003,0.001],"_shiftlockState":true,"_pose":"FreeFall","_animationQueue":[],"_animationSpeed":1,"_zoom":13.776},{"_mousePosition":[683,384],"_rootPartCFrame":[763.256,222.508,47.242,0.003,0,1,0,1,0,-1,0,0.003],"_humanoidState":7,"_cameraCFrame":[766.847,237.311,45.517,0.007,-0.966,0.26,0,0.26,0.966,-1,-0.007,0.002],"_shiftlockState":true,"_pose":"FreeFall","_animationQueue":[["walk",0.1],["fall",0.3],["fall",0.3]],"_animationSpeed":1,"_zoom":13.776},{"_mousePosition":[683,384],"_rootPartCFrame":[762.989,222.46,47.241,0.007,0,1,0,1,0,-1,0,0.007],"_humanoidState":7,"_cameraCFrame":[766.554,237.271,45.527,0.01,-0.966,0.257,0,0.257,0.966,-1,-0.01,0.003],"_shiftlockState":true,"_pose":"FreeFall","_animationQueue":[],"_animationSpeed":1,"_zoom":13.776},{"_mousePosition":[683,384],"_rootPartCFrame":[762.656,222.57,47.239,0.01,0,1,0,1,0,-1,0,0.01],"_humanoidState":8,"_cameraCFrame":[766.173,237.396,45.536,0.013,-0.967,0.254,0,0.254,0.967,-1,-0.013,0.003],"_shiftlockState":true,"_pose":"Running","_animationQueue":[["walk",0.1],["fall",0.3],["walk",0.1]],"_animationSpeed":1.103,"_zoom":13.776},{"_mousePosition":[683,384],"_rootPartCFrame":[762.456,222.617,47.237,0.013,0,1,0,1,0,-1,0,0.013],"_humanoidState":8,"_cameraCFrame":[765.938,237.454,45.551,0.019,-0.968,0.25,0,0.25,0.968,-1,-0.018,0.005],"_shiftlockState":true,"_pose":"Running","_animationQueue":[],"_animationSpeed":1.103,"_zoom":13.776},{"_mousePosition":[683,384],"_rootPartCFrame":[762.123,222.661,47.232,0.019,0,1,0,1,0,-1,0,0.019],"_humanoidState":8,"_cameraCFrame":[765.558,237.512,45.56,0.023,-0.969,0.247,0,0.247,0.969,-1,-0.022,0.006],"_shiftlockState":true,"_pose":"Running","_animationQueue":[["walk",0.1]],"_animationSpeed":1.103,"_zoom":13.776},{"_mousePosition":[683,384],"_rootPartCFrame":[761.923,222.675,47.229,0.023,0,1,0,1,0,-1,0,0.023],"_humanoidState":8,"_cameraCFrame":[765.294,237.545,45.576,0.029,-0.97,0.241,0,0.241,0.971,-1,-0.028,0.007],"_shiftlockState":true,"_pose":"Running","_animationQueue":[],"_animationSpeed":1.103,"_zoom":13.776},{"_mousePosition":[683,384],"_rootPartCFrame":[761.656,222.686,47.223,0.029,0,1,0,1,0,-1,0,0.029],"_humanoidState":8,"_cameraCFrame":[764.94,237.58,45.588,0.035,-0.972,0.234,0,0.234,0.972,-0.999,-0.034,0.008],"_shiftlockState":true,"_pose":"Running","_animationQueue":[],"_animationSpeed":1.103,"_zoom":13.776},{"_mousePosition":[683,384],"_rootPartCFrame":[761.323,222.693,47.214,0.035,0,0.999,0,1,0,-0.999,0,0.035],"_humanoidState":8,"_cameraCFrame":[764.549,237.602,45.59,0.04,-0.973,0.229,0,0.229,0.973,-0.999,-0.038,0.009],"_shiftlockState":true,"_pose":"Running","_animationQueue":[],"_animationSpeed":1.103,"_zoom":13.776},{"_mousePosition":[683,384],"_rootPartCFrame":[761.056,223.567,47.206,0.04,0,0.999,0,1,0,-0.999,0,0.04],"_humanoidState":3,"_cameraCFrame":[764.221,238.49,45.586,0.042,-0.974,0.224,0,0.225,0.974,-0.999,-0.041,0.009],"_shiftlockState":true,"_pose":"Jumping","_animationQueue":[["walk",0.1],["jump",0.1]],"_animationSpeed":1,"_zoom":13.776},{"_mousePosition":[683,384],"_rootPartCFrame":[760.79,224.389,47.196,0.041,0,0.999,0,1,0,-0.999,0,0.041],"_humanoidState":5,"_cameraCFrame":[763.911,239.322,45.574,0.042,-0.974,0.221,0,0.221,0.975,-0.999,-0.041,0.009],"_shiftlockState":true,"_pose":"FreeFall","_animationQueue":[["jump",0.1]],"_animationSpeed":1,"_zoom":13.776},{"_mousePosition":[683,384],"_rootPartCFrame":[760.59,224.969,47.187,0.042,0,0.999,0,1,0,-0.999,0,0.042],"_humanoidState":5,"_cameraCFrame":[763.667,239.913,45.561,0.041,-0.975,0.218,0,0.218,0.976,-0.999,-0.04,0.009],"_shiftlockState":true,"_pose":"FreeFall","_animationQueue":[],"_animationSpeed":1,"_zoom":13.776},{"_mousePosition":[683,384],"_rootPartCFrame":[760.257,225.869,47.174,0.041,0,0.999,0,1,0,-0.999,0,0.041],"_humanoidState":5,"_cameraCFrame":[763.26,240.827,45.529,0.035,-0.976,0.213,0,0.214,0.977,-0.999,-0.035,0.008],"_shiftlockState":true,"_pose":"FreeFall","_animationQueue":[],"_animationSpeed":1,"_zoom":13.776},{"_mousePosition":[683,384],"_rootPartCFrame":[760.057,226.368,47.165,0.036,0,0.999,0,1,0,-0.999,0,0.036],"_humanoidState":5,"_cameraCFrame":[762.931,241.349,45.481,0.023,-0.978,0.206,0,0.206,0.979,-1,-0.022,0.005],"_shiftlockState":true,"_pose":"FreeFall","_animationQueue":[],"_animationSpeed":1,"_zoom":13.776},{"_mousePosition":[683,384],"_rootPartCFrame":[759.724,227.132,47.153,0.025,0,1,0,1,0,-1,0,0.025],"_humanoidState":5,"_cameraCFrame":[762.435,242.14,45.414,0.004,-0.981,0.196,0,0.196,0.981,-1,-0.004,0.001],"_shiftlockState":true,"_pose":"FreeFall","_animationQueue":[],"_animationSpeed":1,"_zoom":13.776},{"_mousePosition":[683,384],"_rootPartCFrame":[759.458,227.681,47.147,0.006,0,1,0,1,0,-1,0,0.006],"_humanoidState":5,"_cameraCFrame":[762.039,242.709,45.361,-0.014,-0.982,0.189,0,0.189,0.982,-1,0.014,-0.003],"_shiftlockState":true,"_pose":"FreeFall","_animationQueue":[],"_animationSpeed":1,"_zoom":13.776},{"_mousePosition":[683,384],"_rootPartCFrame":[759.258,228.058,47.145,-0.012,0,1,0,1,0,-1,0,-0.012],"_humanoidState":5,"_cameraCFrame":[761.764,243.103,47.074,-0.029,-0.983,0.182,0,0.182,0.983,-1,0.028,-0.005],"_shiftlockState":false,"_pose":"FreeFall","_animationQueue":[],"_animationSpeed":1,"_zoom":13.776},{"_mousePosition":[683,384],"_rootPartCFrame":[758.924,228.617,47.149,-0.012,0,1,0,1,0,-1,0,-0.012],"_humanoidState":5,"_cameraCFrame":[761.431,243.663,47.078,-0.029,-0.983,0.182,0,0.182,0.983,-1,0.028,-0.005],"_shiftlockState":false,"_pose":"FreeFall","_animationQueue":[],"_animationSpeed":1,"_zoom":13.776},{"_mousePosition":[683,384],"_rootPartCFrame":[758.658,229.003,47.156,-0.013,0,1,0,1,0,-1,0,-0.013],"_humanoidState":5,"_cameraCFrame":[761.164,244.049,47.082,-0.03,-0.983,0.182,0,0.182,0.983,-1,0.029,-0.005],"_shiftlockState":false,"_pose":"FreeFall","_animationQueue":[],"_animationSpeed":1,"_zoom":13.776},{"_mousePosition":[683,384],"_rootPartCFrame":[758.391,229.334,47.164,-0.015,0,1,0,1,0,-1,0,-0.015],"_humanoidState":5,"_cameraCFrame":[760.897,244.38,47.09,-0.03,-0.983,0.182,0,0.182,0.983,-1,0.029,-0.005],"_shiftlockState":false,"_pose":"FreeFall","_animationQueue":[],"_animationSpeed":1,"_zoom":13.776},{"_mousePosition":[683,384],"_rootPartCFrame":[758.191,229.547,47.17,-0.017,0,1,0,1,0,-1,0,-0.017],"_humanoidState":5,"_cameraCFrame":[760.676,244.597,47.133,-0.015,-0.983,0.18,0,0.18,0.984,-1,0.015,-0.003],"_shiftlockState":false,"_pose":"FreeFall","_animationQueue":[],"_animationSpeed":1,"_zoom":13.776},{"_mousePosition":[683,384],"_rootPartCFrame":[757.858,229.834,47.18,-0.019,0,1,0,1,0,-1,0,-0.019],"_humanoidState":5,"_cameraCFrame":[760.299,244.892,47.24,0.025,-0.984,0.177,0,0.177,0.984,-1,-0.024,0.004],"_shiftlockState":false,"_pose":"FreeFall","_animationQueue":[],"_animationSpeed":1,"_zoom":13.776},{"_mousePosition":[683,384],"_rootPartCFrame":[757.602,230.002,47.21,-0.091,0,0.996,0,1,0,-0.996,0,-0.091],"_humanoidState":5,"_cameraCFrame":[759.991,245.067,47.413,0.084,-0.981,0.173,0,0.174,0.985,-0.996,-0.083,0.015],"_shiftlockState":false,"_pose":"FreeFall","_animationQueue":[],"_animationSpeed":1,"_zoom":13.776},{"_mousePosition":[683,384],"_rootPartCFrame":[757.361,230.115,47.277,-0.18,0,0.984,0,1,0,-0.984,0,-0.18],"_humanoidState":5,"_cameraCFrame":[759.721,245.182,47.668,0.163,-0.972,0.171,0,0.174,0.985,-0.987,-0.161,0.028],"_shiftlockState":false,"_pose":"FreeFall","_animationQueue":[],"_animationSpeed":1,"_zoom":13.776},{"_mousePosition":[683,384],"_rootPartCFrame":[757.134,230.174,47.382,-0.254,0,0.967,0,1,0,-0.967,0,-0.254],"_humanoidState":5,"_cameraCFrame":[759.448,245.241,47.988,0.254,-0.953,0.168,0,0.174,0.985,-0.967,-0.25,0.044],"_shiftlockState":false,"_pose":"FreeFall","_animationQueue":[],"_animationSpeed":1,"_zoom":13.776},{"_mousePosition":[683,384],"_rootPartCFrame":[756.933,230.339,47.489,-0.275,0,0.961,0,1,0,-0.961,0,-0.275],"_humanoidState":12,"_cameraCFrame":[759.187,245.406,48.291,0.336,-0.928,0.164,0,0.174,0.985,-0.942,-0.33,0.058],"_shiftlockState":false,"_pose":"Climbing","_animationQueue":[["fall",0.3],["walk",0.1],["fall",0.3],["climb",0.1]],"_animationSpeed":0.193,"_zoom":13.776},{"_mousePosition":[683,384],"_rootPartCFrame":[756.856,230.525,47.53,-0.278,0,0.961,0,1,0,-0.961,0,-0.278],"_humanoidState":12,"_cameraCFrame":[759.013,245.592,48.564,0.432,-0.888,0.157,0,0.174,0.985,-0.902,-0.426,0.075],"_shiftlockState":false,"_pose":"Climbing","_animationQueue":[["climb",0.1]],"_animationSpeed":0.919,"_zoom":13.776},{"_mousePosition":[683,384],"_rootPartCFrame":[756.774,231.042,47.741,-0.402,0,0.915,0,1,0,-0.915,0,-0.402],"_humanoidState":8,"_cameraCFrame":[758.823,246.109,48.976,0.516,-0.844,0.149,0,0.174,0.985,-0.857,-0.508,0.09],"_shiftlockState":false,"_pose":"Running","_animationQueue":[["walk",0.1],["climb",0.1],["walk",0.1],["walk",0.1]],"_animationSpeed":0.09,"_zoom":13.776},{"_mousePosition":[683,384],"_rootPartCFrame":[756.664,231.336,47.981,-0.495,0,0.869,0,1,0,-0.869,0,-0.495],"_humanoidState":8,"_cameraCFrame":[758.596,246.403,49.391,0.589,-0.796,0.14,0,0.174,0.985,-0.808,-0.58,0.102],"_shiftlockState":false,"_pose":"Running","_animationQueue":[["walk",0.1]],"_animationSpeed":1.033,"_zoom":13.776},{"_mousePosition":[683,384],"_rootPartCFrame":[756.667,231.501,48.233,-0.619,0,0.785,0,1,0,-0.785,0,-0.619],"_humanoidState":8,"_cameraCFrame":[758.518,246.568,49.748,0.633,-0.762,0.134,0,0.174,0.985,-0.774,-0.624,0.11],"_shiftlockState":false,"_pose":"Running","_animationQueue":[["walk",0.1]],"_animationSpeed":1.102,"_zoom":13.776},{"_mousePosition":[683,384],"_rootPartCFrame":[756.71,231.591,48.496,-0.728,0,0.685,0,1,0,-0.685,0,-0.728],"_humanoidState":8,"_cameraCFrame":[758.48,246.658,50.106,0.673,-0.729,0.128,0,0.174,0.985,-0.74,-0.663,0.117],"_shiftlockState":false,"_pose":"Running","_animationQueue":[],"_animationSpeed":1.102,"_zoom":13.776},{"_mousePosition":[683,384],"_rootPartCFrame":[756.739,231.628,48.761,-0.807,0,0.591,0,1,0,-0.591,0,-0.807],"_humanoidState":8,"_cameraCFrame":[758.465,246.693,50.433,0.696,-0.707,0.125,0,0.174,0.985,-0.718,-0.685,0.121],"_shiftlockState":false,"_pose":"Running","_animationQueue":[],"_animationSpeed":1.102,"_zoom":13.776},{"_mousePosition":[683,384],"_rootPartCFrame":[756.806,231.598,49.076,-0.916,0,0.402,0,1,0,-0.402,0,-0.916],"_humanoidState":8,"_cameraCFrame":[758.537,246.657,50.789,0.703,-0.7,0.126,0,0.177,0.984,-0.711,-0.692,0.124],"_shiftlockState":false,"_pose":"Running","_animationQueue":[["walk",0.1]],"_animationSpeed":1.102,"_zoom":13.776},{"_mousePosition":[683,384],"_rootPartCFrame":[756.872,231.539,49.252,-0.96,0,0.28,0,1,0,-0.28,0,-0.96],"_humanoidState":8,"_cameraCFrame":[758.61,246.596,50.974,0.704,-0.699,0.126,0,0.178,0.984,-0.71,-0.693,0.125],"_shiftlockState":false,"_pose":"Running","_animationQueue":[],"_animationSpeed":1.102,"_zoom":13.776},{"_mousePosition":[683,384],"_rootPartCFrame":[756.959,231.449,49.418,-0.986,0,0.169,0,1,0,-0.169,0,-0.986],"_humanoidState":8,"_cameraCFrame":[758.697,246.506,51.14,0.704,-0.699,0.126,0,0.178,0.984,-0.71,-0.693,0.125],"_shiftlockState":false,"_pose":"Running","_animationQueue":[["walk",0.1]],"_animationSpeed":1.035,"_zoom":13.776},{"_mousePosition":[683,384],"_rootPartCFrame":[757.149,231.231,49.674,-1,0,0.003,0,1,0,-0.003,0,-1],"_humanoidState":8,"_cameraCFrame":[758.887,246.288,51.397,0.704,-0.699,0.126,0,0.178,0.984,-0.71,-0.693,0.125],"_shiftlockState":false,"_pose":"Running","_animationQueue":[],"_animationSpeed":1.035,"_zoom":13.776},{"_mousePosition":[683,384],"_rootPartCFrame":[757.319,232.104,49.871,-0.992,0,-0.125,0,1,0,0.125,0,-0.992],"_humanoidState":3,"_cameraCFrame":[759.057,247.161,51.593,0.704,-0.699,0.126,0,0.178,0.984,-0.71,-0.693,0.125],"_shiftlockState":false,"_pose":"Jumping","_animationQueue":[["walk",0.1],["jump",0.1]],"_animationSpeed":1,"_zoom":13.776},{"_mousePosition":[683,384],"_rootPartCFrame":[757.473,232.926,50.049,-0.986,0,-0.165,0,1,0,0.165,0,-0.986],"_humanoidState":5,"_cameraCFrame":[759.211,247.983,51.771,0.704,-0.699,0.126,0,0.178,0.984,-0.71,-0.693,0.125],"_shiftlockState":false,"_pose":"FreeFall","_animationQueue":[["jump",0.1]],"_animationSpeed":1,"_zoom":13.776},{"_mousePosition":[683,384],"_rootPartCFrame":[757.601,233.694,50.197,-0.986,0,-0.169,0,1,0,0.169,0,-0.986],"_humanoidState":5,"_cameraCFrame":[760.571,248.751,50.677,0.704,-0.699,0.126,0,0.178,0.984,-0.71,-0.693,0.125],"_shiftlockState":true,"_pose":"FreeFall","_animationQueue":[],"_animationSpeed":1,"_zoom":13.776},{"_mousePosition":[683,384],"_rootPartCFrame":[757.702,234.407,50.316,0.704,0,0.711,0,1,0,-0.711,0,0.704],"_humanoidState":5,"_cameraCFrame":[760.672,249.464,50.795,0.704,-0.699,0.126,0,0.178,0.984,-0.71,-0.693,0.125],"_shiftlockState":true,"_pose":"FreeFall","_animationQueue":[],"_animationSpeed":1,"_zoom":13.776},{"_mousePosition":[683,384],"_rootPartCFrame":[757.76,234.906,50.386,0.704,0,0.71,0,1,0,-0.71,0,0.704],"_humanoidState":5,"_cameraCFrame":[760.745,249.959,50.884,0.705,-0.698,0.127,0,0.179,0.984,-0.709,-0.693,0.126],"_shiftlockState":true,"_pose":"FreeFall","_animationQueue":[],"_animationSpeed":1,"_zoom":13.776},{"_mousePosition":[683,384],"_rootPartCFrame":[757.822,235.669,50.467,0.705,0,0.71,0,1,0,-0.71,0,0.705],"_humanoidState":5,"_cameraCFrame":[760.821,250.718,50.987,0.706,-0.696,0.128,0,0.181,0.984,-0.708,-0.695,0.128],"_shiftlockState":true,"_pose":"FreeFall","_animationQueue":[],"_animationSpeed":1,"_zoom":13.776},{"_mousePosition":[683,384],"_rootPartCFrame":[757.841,236.219,50.499,0.706,0,0.708,0,1,0,-0.708,0,0.706],"_humanoidState":5,"_cameraCFrame":[760.856,251.264,51.034,0.706,-0.696,0.129,0,0.182,0.983,-0.708,-0.694,0.129],"_shiftlockState":true,"_pose":"FreeFall","_animationQueue":[],"_animationSpeed":1,"_zoom":13.776},{"_mousePosition":[683,384],"_rootPartCFrame":[757.833,236.714,50.503,0.706,0,0.708,0,1,0,-0.708,0,0.706],"_humanoidState":5,"_cameraCFrame":[760.863,251.755,51.053,0.706,-0.696,0.13,0,0.184,0.983,-0.708,-0.694,0.13],"_shiftlockState":true,"_pose":"FreeFall","_animationQueue":[],"_animationSpeed":1,"_zoom":13.776},{"_mousePosition":[683,384],"_rootPartCFrame":[757.798,237.154,50.477,0.706,0,0.708,0,1,0,-0.708,0,0.706],"_humanoidState":5,"_cameraCFrame":[760.835,252.193,51.035,0.706,-0.696,0.131,0,0.185,0.983,-0.708,-0.694,0.13],"_shiftlockState":true,"_pose":"FreeFall","_animationQueue":[],"_animationSpeed":1,"_zoom":13.776},{"_mousePosition":[683,384],"_rootPartCFrame":[757.735,237.54,50.423,0.706,0,0.708,0,1,0,-0.708,0,0.706],"_humanoidState":5,"_cameraCFrame":[760.773,252.579,50.981,0.706,-0.696,0.131,0,0.185,0.983,-0.708,-0.694,0.13],"_shiftlockState":true,"_pose":"FreeFall","_animationQueue":[],"_animationSpeed":1,"_zoom":13.776},{"_mousePosition":[683,384],"_rootPartCFrame":[757.645,237.872,50.339,0.706,0,0.708,0,1,0,-0.708,0,0.706],"_humanoidState":5,"_cameraCFrame":[760.683,252.911,50.898,0.706,-0.696,0.131,0,0.185,0.983,-0.708,-0.694,0.13],"_shiftlockState":true,"_pose":"FreeFall","_animationQueue":[],"_animationSpeed":1,"_zoom":13.776},{"_mousePosition":[683,384],"_rootPartCFrame":[757.528,238.149,50.227,0.706,0,0.708,0,1,0,-0.708,0,0.706],"_humanoidState":5,"_cameraCFrame":[760.566,253.188,50.785,0.706,-0.696,0.131,0,0.185,0.983,-0.708,-0.694,0.13],"_shiftlockState":true,"_pose":"FreeFall","_animationQueue":[],"_animationSpeed":1,"_zoom":13.776},{"_mousePosition":[683,384],"_rootPartCFrame":[757.383,238.371,50.086,0.706,0,0.708,0,1,0,-0.708,0,0.706],"_humanoidState":5,"_cameraCFrame":[760.433,253.408,50.63,0.701,-0.701,0.132,0,0.186,0.983,-0.713,-0.689,0.13],"_shiftlockState":true,"_pose":"FreeFall","_animationQueue":[],"_animationSpeed":1,"_zoom":13.776},{"_mousePosition":[683,384],"_rootPartCFrame":[757.212,238.539,49.916,0.701,0,0.713,0,1,0,-0.713,0,0.701],"_humanoidState":5,"_cameraCFrame":[760.298,253.57,50.405,0.683,-0.718,0.137,0,0.188,0.982,-0.731,-0.671,0.128],"_shiftlockState":true,"_pose":"FreeFall","_animationQueue":[],"_animationSpeed":1,"_zoom":13.776},{"_mousePosition":[683,384],"_rootPartCFrame":[757.023,238.653,49.73,0.685,0,0.729,0,1,0,-0.729,0,0.685],"_humanoidState":5,"_cameraCFrame":[760.166,253.675,50.068,0.64,-0.754,0.147,0,0.191,0.982,-0.769,-0.628,0.122],"_shiftlockState":true,"_pose":"FreeFall","_animationQueue":[],"_animationSpeed":1,"_zoom":13.776},{"_mousePosition":[683,384],"_rootPartCFrame":[756.829,238.712,49.547,0.644,0,0.765,0,1,0,-0.765,0,0.644],"_humanoidState":5,"_cameraCFrame":[759.999,253.732,49.578,0.56,-0.813,0.159,0,0.192,0.981,-0.828,-0.55,0.107],"_shiftlockState":true,"_pose":"FreeFall","_animationQueue":[],"_animationSpeed":1,"_zoom":13.776},{"_mousePosition":[683,384],"_rootPartCFrame":[756.625,238.717,49.375,0.57,0,0.822,0,1,0,-0.822,0,0.57],"_humanoidState":5,"_cameraCFrame":[759.62,253.766,48.829,0.419,-0.893,0.164,0,0.181,0.984,-0.908,-0.412,0.076],"_shiftlockState":true,"_pose":"FreeFall","_animationQueue":[],"_animationSpeed":1,"_zoom":13.776},{"_mousePosition":[683,384],"_rootPartCFrame":[756.407,238.611,49.222,0.415,0,0.91,0,1,0,-0.91,0,0.415],"_humanoidState":7,"_cameraCFrame":[759.105,253.678,47.996,0.204,-0.964,0.17,0,0.174,0.985,-0.979,-0.2,0.035],"_shiftlockState":true,"_pose":"FreeFall","_animationQueue":[["fall",0.3],["walk",0.1],["fall",0.3],["fall",0.3]],"_animationSpeed":1,"_zoom":13.776},{"_mousePosition":[683,384],"_rootPartCFrame":[756.168,238.447,49.105,0.191,0,0.982,0,1,0,-0.982,0,0.191],"_humanoidState":7,"_cameraCFrame":[758.443,253.513,47.205,-0.064,-0.983,0.173,0,0.174,0.985,-0.998,0.063,-0.011],"_shiftlockState":true,"_pose":"FreeFall","_animationQueue":[],"_animationSpeed":1,"_zoom":13.776},{"_mousePosition":[683,384],"_rootPartCFrame":[755.844,238.157,49.03,-0.085,0,0.996,0,1,0,-0.996,0,-0.085],"_humanoidState":8,"_cameraCFrame":[757.537,253.224,46.597,-0.325,-0.931,0.164,0,0.174,0.985,-0.946,0.32,-0.056],"_shiftlockState":true,"_pose":"Running","_animationQueue":[["walk",0.1],["fall",0.3],["walk",0.1]],"_animationSpeed":1.103,"_zoom":13.776},{"_mousePosition":[683,384],"_rootPartCFrame":[755.629,238.112,48.884,-0.341,0,0.94,0,1,0,-0.94,0,-0.341],"_humanoidState":8,"_cameraCFrame":[756.753,253.179,46.141,-0.523,-0.84,0.148,0,0.174,0.985,-0.853,0.515,-0.091],"_shiftlockState":true,"_pose":"Running","_animationQueue":[],"_animationSpeed":1.103,"_zoom":13.776},{"_mousePosition":[683,384],"_rootPartCFrame":[755.395,238.142,48.758,-0.535,0,0.845,0,1,0,-0.845,0,-0.535],"_humanoidState":8,"_cameraCFrame":[755.845,253.208,45.829,-0.708,-0.695,0.123,0,0.174,0.985,-0.706,0.697,-0.123],"_shiftlockState":true,"_pose":"Running","_animationQueue":[],"_animationSpeed":1.103,"_zoom":13.776},{"_mousePosition":[683,384],"_rootPartCFrame":[755.228,238.166,48.561,-0.718,0,0.696,0,1,0,-0.696,0,-0.718],"_humanoidState":8,"_cameraCFrame":[755.149,253.229,45.581,-0.825,-0.557,0.099,0,0.175,0.985,-0.565,0.812,-0.145],"_shiftlockState":true,"_pose":"Running","_animationQueue":[],"_animationSpeed":1.103,"_zoom":13.776},{"_mousePosition":[683,384],"_rootPartCFrame":[755.045,238.181,48.368,-0.832,0,0.555,0,1,0,-0.555,0,-0.832],"_humanoidState":8,"_cameraCFrame":[754.562,253.238,45.399,-0.896,-0.436,0.079,0,0.178,0.984,-0.443,0.882,-0.159],"_shiftlockState":true,"_pose":"Running","_animationQueue":[],"_animationSpeed":1.103,"_zoom":13.776},{"_mousePosition":[683,384],"_rootPartCFrame":[754.83,238.19,48.212,-0.9,0,0.435,0,1,0,-0.435,0,-0.9],"_humanoidState":8,"_cameraCFrame":[753.966,253.247,45.33,-0.946,-0.319,0.057,0,0.178,0.984,-0.324,0.931,-0.168],"_shiftlockState":true,"_pose":"Running","_animationQueue":[["walk",0.1]],"_animationSpeed":1.103,"_zoom":13.776},{"_mousePosition":[683,384],"_rootPartCFrame":[754.594,238.194,48.089,-0.949,0,0.316,0,1,0,-0.316,0,-0.949],"_humanoidState":8,"_cameraCFrame":[753.465,253.245,45.271,-0.973,-0.227,0.042,0,0.18,0.984,-0.231,0.957,-0.175],"_shiftlockState":true,"_pose":"Running","_animationQueue":[],"_animationSpeed":1.103,"_zoom":13.776},{"_mousePosition":[683,384],"_rootPartCFrame":[754.344,238.197,47.997,-0.973,0,0.229,0,1,0,-0.229,0,-0.973],"_humanoidState":8,"_cameraCFrame":[753.022,253.242,45.236,-0.987,-0.159,0.029,0,0.182,0.983,-0.161,0.97,-0.18],"_shiftlockState":true,"_pose":"Running","_animationQueue":[],"_animationSpeed":1.103,"_zoom":13.776},{"_mousePosition":[683,384],"_rootPartCFrame":[754.085,238.198,47.932,-0.987,0,0.161,0,1,0,-0.161,0,-0.987],"_humanoidState":8,"_cameraCFrame":[752.616,253.237,45.215,-0.994,-0.105,0.02,0,0.185,0.983,-0.106,0.977,-0.184],"_shiftlockState":true,"_pose":"Running","_animationQueue":[],"_animationSpeed":1.103,"_zoom":13.776},{"_mousePosition":[683,384],"_rootPartCFrame":[753.823,238.199,47.886,-0.994,0,0.106,0,1,0,-0.106,0,-0.994],"_humanoidState":8,"_cameraCFrame":[752.242,252.952,45.295,-0.998,-0.066,0.012,0,0.184,0.983,-0.067,0.981,-0.184],"_shiftlockState":true,"_pose":"Running","_animationQueue":[],"_animationSpeed":1.103,"_zoom":10.621},{"_mousePosition":[683,384],"_rootPartCFrame":[753.558,238.199,47.856,-0.998,0,0.067,0,1,0,-0.067,0,-0.998],"_humanoidState":8,"_cameraCFrame":[751.925,252.471,45.414,-0.999,-0.048,0.009,0,0.182,0.983,-0.049,0.982,-0.181],"_shiftlockState":true,"_pose":"Running","_animationQueue":[],"_animationSpeed":1.103,"_zoom":10.621},{"_mousePosition":[683,384],"_rootPartCFrame":[753.292,238.199,47.836,-0.999,0,0.049,0,1,0,-0.049,0,-0.999],"_humanoidState":8,"_cameraCFrame":[751.622,251.941,45.546,-0.999,-0.035,0.006,0,0.179,0.984,-0.035,0.983,-0.179],"_shiftlockState":true,"_pose":"Running","_animationQueue":[["walk",0.1]],"_animationSpeed":1.103,"_zoom":10.621},{"_mousePosition":[683,384],"_rootPartCFrame":[753.026,238.2,47.822,-0.999,0,0.035,0,1,0,-0.035,0,-0.999],"_humanoidState":8,"_cameraCFrame":[751.325,251.32,45.713,-1,-0.023,0.004,0,0.175,0.985,-0.024,0.984,-0.175],"_shiftlockState":true,"_pose":"Running","_animationQueue":[],"_animationSpeed":1.103,"_zoom":8.097},{"_mousePosition":[683,384],"_rootPartCFrame":[752.759,238.2,47.812,-1,0,0.024,0,1,0,-0.024,0,-1],"_humanoidState":8,"_cameraCFrame":[751.039,250.54,45.874,-1,-0.015,0.003,0,0.174,0.985,-0.015,0.985,-0.174],"_shiftlockState":true,"_pose":"Running","_animationQueue":[],"_animationSpeed":1.103,"_zoom":8.097},{"_mousePosition":[683,384],"_rootPartCFrame":[752.492,238.2,47.806,-1,0,0.015,0,1,0,-0.015,0,-1],"_humanoidState":8,"_cameraCFrame":[750.766,249.823,45.997,-1,-0.013,0.002,0,0.174,0.985,-0.013,0.985,-0.174],"_shiftlockState":true,"_pose":"Running","_animationQueue":[],"_animationSpeed":1.103,"_zoom":8.097},{"_mousePosition":[683,384],"_rootPartCFrame":[752.226,238.2,47.801,-1,0,0.013,0,1,0,-0.013,0,-1],"_humanoidState":8,"_cameraCFrame":[750.497,249.235,46.098,-1,-0.012,0.002,0,0.174,0.985,-0.012,0.985,-0.174],"_shiftlockState":true,"_pose":"Running","_animationQueue":[],"_animationSpeed":1.103,"_zoom":8.097},{"_mousePosition":[683,384],"_rootPartCFrame":[752.026,238.2,47.798,-1,0,0.012,0,1,0,-0.012,0,-1],"_humanoidState":8,"_cameraCFrame":[750.296,248.784,46.175,-1,-0.012,0.002,0,0.174,0.985,-0.012,0.985,-0.174],"_shiftlockState":true,"_pose":"Running","_animationQueue":[],"_animationSpeed":1.103,"_zoom":8.097},{"_mousePosition":[683,384],"_rootPartCFrame":[751.626,238.2,47.793,-1,0,0.012,0,1,0,-0.012,0,-1],"_humanoidState":8,"_cameraCFrame":[749.895,248.483,46.223,-1,-0.012,0.002,0,0.174,0.985,-0.012,0.985,-0.174],"_shiftlockState":true,"_pose":"Running","_animationQueue":[],"_animationSpeed":1.103,"_zoom":8.097},{"_mousePosition":[683,384],"_rootPartCFrame":[751.426,238.2,47.791,-1,0,0.012,0,1,0,-0.012,0,-1],"_humanoidState":8,"_cameraCFrame":[749.695,248.232,46.265,-1,-0.012,0.002,0,0.174,0.985,-0.012,0.985,-0.174],"_shiftlockState":true,"_pose":"Running","_animationQueue":[["walk",0.1]],"_animationSpeed":1.103,"_zoom":8.097},{"_mousePosition":[683,384],"_rootPartCFrame":[751.159,238.2,47.788,-1,0,0.012,0,1,0,-0.012,0,-1],"_humanoidState":8,"_cameraCFrame":[749.44,248.055,46.279,-1,-0.02,0.004,0,0.174,0.985,-0.021,0.985,-0.174],"_shiftlockState":true,"_pose":"Running","_animationQueue":[],"_animationSpeed":1.103,"_zoom":8.097},{"_mousePosition":[683,384],"_rootPartCFrame":[750.826,238.2,47.784,-1,0,0.021,0,1,0,-0.021,0,-1],"_humanoidState":8,"_cameraCFrame":[749.145,247.938,46.252,-0.999,-0.045,0.008,0,0.174,0.985,-0.046,0.984,-0.173],"_shiftlockState":true,"_pose":"Running","_animationQueue":[],"_animationSpeed":1.103,"_zoom":8.097},{"_mousePosition":[683,384],"_rootPartCFrame":[750.626,238.2,47.78,-0.999,0,0.046,0,1,0,-0.046,0,-0.999],"_humanoidState":8,"_cameraCFrame":[748.994,247.848,46.211,-0.997,-0.077,0.014,0,0.174,0.985,-0.078,0.982,-0.173],"_shiftlockState":true,"_pose":"Running","_animationQueue":[],"_animationSpeed":1.103,"_zoom":8.097},{"_mousePosition":[683,384],"_rootPartCFrame":[750.293,238.2,47.766,-0.997,0,0.078,0,1,0,-0.078,0,-0.997],"_humanoidState":8,"_cameraCFrame":[748.7,247.793,46.165,-0.995,-0.102,0.018,0,0.174,0.985,-0.103,0.98,-0.173],"_shiftlockState":true,"_pose":"Running","_animationQueue":[],"_animationSpeed":1.103,"_zoom":8.097},{"_mousePosition":[683,384],"_rootPartCFrame":[750.027,238.2,47.746,-0.995,0,0.103,0,1,0,-0.103,0,-0.995],"_humanoidState":8,"_