[{"_mousePosition":[1148,366],"_rootPartCFrame":[776.032,222.955,47.142,-0.001,-0.004,1,0,1,0.004,-1,0,-0.001],"_humanoidState":8,"_cameraCFrame":[776.633,231.855,43.912,-0.983,-0.169,0.075,0,0.406,0.914,-0.185,0.898,-0.399],"_shiftlockState":false,"_pose":"Standing","_animationQueue":[],"_animationSpeed":1,"_zoom":8.097},{"_mousePosition":[1138,378],"_rootPartCFrame":[775.79,222.835,47.096,0.025,-0.001,1,0,1,0.001,-1,0,0.025],"_humanoidState":8,"_cameraCFrame":[776.396,231.735,43.866,-0.983,-0.169,0.075,0,0.406,0.914,-0.185,0.898,-0.399],"_shiftlockState":false,"_pose":"Standing","_animationQueue":[],"_animationSpeed":1,"_zoom":8.097},{"_mousePosition":[1130,387],"_rootPartCFrame":[775.528,222.673,47.047,0.047,0,0.999,0,1,0,-0.999,0,0.047],"_humanoidState":8,"_cameraCFrame":[776.136,231.573,43.817,-0.983,-0.169,0.075,0,0.406,0.914,-0.185,0.898,-0.399],"_shiftlockState":false,"_pose":"Running","_animationQueue":[["walk",0.1]],"_animationSpeed":1.066,"_zoom":8.097},{"_mousePosition":[1118,405],"_rootPartCFrame":[775.397,222.652,47.023,0.056,0,0.998,0,1,0,-0.998,0,0.056],"_humanoidState":8,"_cameraCFrame":[774.285,231.552,43.469,-0.983,-0.169,0.075,0,0.406,0.914,-0.185,0.898,-0.399],"_shiftlockState":true,"_pose":"Running","_animationQueue":[],"_animationSpeed":1.066,"_zoom":8.097},{"_mousePosition":[683,384],"_rootPartCFrame":[775.004,222.67,46.949,-0.999,0,0.053,0,1,0,-0.053,0,-0.999],"_humanoidState":8,"_cameraCFrame":[773.891,231.569,43.395,-0.983,-0.169,0.075,0,0.406,0.914,-0.185,0.898,-0.399],"_shiftlockState":true,"_pose":"Running","_animationQueue":[["walk",0.1]],"_animationSpeed":1.066,"_zoom":8.097},{"_mousePosition":[683,384],"_rootPartCFrame":[774.742,222.683,46.9,-0.987,0,0.162,0,1,0,-0.162,0,-0.987],"_humanoidState":8,"_cameraCFrame":[773.589,231.635,43.47,-0.984,-0.165,0.07,0,0.391,0.92,-0.18,0.905,-0.385],"_shiftlockState":true,"_pose":"Running","_animationQueue":[],"_animationSpeed":1.066,"_zoom":8.097},{"_mousePosition":[683,384],"_rootPartCFrame":[774.48,222.69,46.85,-0.984,0,0.179,0,1,0,-0.179,0,-0.984],"_humanoidState":8,"_cameraCFrame":[773.289,231.692,43.545,-0.985,-0.162,0.066,0,0.376,0.927,-0.174,0.912,-0.37],"_shiftlockState":true,"_pose":"Running","_animationQueue":[],"_animationSpeed":1.066,"_zoom":8.097},{"_mousePosition":[683,384],"_rootPartCFrame":[774.218,222.695,46.802,-0.985,0,0.174,0,1,0,-0.174,0,-0.985],"_humanoidState":8,"_cameraCFrame":[772.991,231.754,43.644,-0.985,-0.16,0.061,0,0.358,0.934,-0.171,0.92,-0.353],"_shiftlockState":true,"_pose":"Running","_animationQueue":[],"_animationSpeed":1.066,"_zoom":8.097},{"_mousePosition":[683,384],"_rootPartCFrame":[773.956,222.697,46.755,-0.985,0,0.171,0,1,0,-0.171,0,-0.985],"_humanoidState":8,"_cameraCFrame":[772.705,231.807,43.73,-0.985,-0.161,0.059,0,0.342,0.94,-0.171,0.926,-0.337],"_shiftlockState":true,"_pose":"Running","_animationQueue":[],"_animationSpeed":1.066,"_zoom":8.097},{"_mousePosition":[683,384],"_rootPartCFrame":[773.693,222.698,46.71,-0.985,0,0.171,0,1,0,-0.171,0,-0.985],"_humanoidState":8,"_cameraCFrame":[772.435,231.849,43.794,-0.984,-0.166,0.057,0,0.327,0.945,-0.175,0.93,-0.322],"_shiftlockState":true,"_pose":"Running","_animationQueue":[],"_animationSpeed":1.066,"_zoom":8.097},{"_mousePosition":[683,384],"_rootPartCFrame":[773.496,222.699,46.675,-0.984,0,0.175,0,1,0,-0.175,0,-0.984],"_humanoidState":8,"_cameraCFrame":[772.239,231.877,43.833,-0.984,-0.171,0.057,0,0.317,0.948,-0.181,0.933,-0.312],"_shiftlockState":true,"_pose":"Running","_animationQueue":[],"_animationSpeed":1.066,"_zoom":8.097},{"_mousePosition":[683,384],"_rootPartCFrame":[773.233,222.699,46.629,-0.984,0,0.181,0,1,0,-0.181,0,-0.984],"_humanoidState":8,"_cameraCFrame":[771.974,231.898,43.843,-0.983,-0.175,0.057,0,0.31,0.951,-0.184,0.935,-0.304],"_shiftlockState":true,"_pose":"Running","_animationQueue":[["walk",0.1]],"_animationSpeed":1.066,"_zoom":8.097},{"_mousePosition":[683,384],"_rootPartCFrame":[772.905,222.699,46.569,-0.983,0,0.184,0,1,0,-0.184,0,-0.983],"_humanoidState":8,"_cameraCFrame":[771.642,231.911,43.818,-0.983,-0.176,0.056,0,0.305,0.952,-0.185,0.936,-0.3],"_shiftlockState":true,"_pose":"Running","_animationQueue":[],"_animationSpeed":1.066,"_zoom":8.097},{"_mousePosition":[683,384],"_rootPartCFrame":[772.709,222.7,46.532,-0.983,0,0.185,0,1,0,-0.185,0,-0.983],"_humanoidState":8,"_cameraCFrame":[771.44,231.924,43.823,-0.983,-0.177,0.056,0,0.3,0.954,-0.186,0.937,-0.294],"_shiftlockState":true,"_pose":"Running","_animationQueue":[],"_animationSpeed":1.066,"_zoom":8.097},{"_mousePosition":[683,384],"_rootPartCFrame":[772.447,222.7,46.483,-0.983,0,0.186,0,1,0,-0.186,0,-0.983],"_humanoidState":8,"_cameraCFrame":[771.175,231.947,43.838,-0.982,-0.181,0.055,0,0.291,0.957,-0.19,0.939,-0.286],"_shiftlockState":true,"_pose":"Running","_animationQueue":[],"_animationSpeed":1.066,"_zoom":8.097},{"_mousePosition":[683,384],"_rootPartCFrame":[772.316,222.695,46.458,-0.982,0,0.19,0,1,0,-0.19,0,-0.982],"_humanoidState":8,"_cameraCFrame":[771.051,231.949,43.833,-0.981,-0.186,0.056,0,0.288,0.958,-0.194,0.94,-0.282],"_shiftlockState":true,"_pose":"Running","_animationQueue":[],"_animationSpeed":1.066,"_zoom":8.097},{"_mousePosition":[683,384],"_rootPartCFrame":[772.054,222.695,46.408,-0.981,0,0.194,0,1,0,-0.194,0,-0.981],"_humanoidState":8,"_cameraCFrame":[770.796,231.959,43.806,-0.98,-0.191,0.056,0,0.284,0.959,-0.199,0.94,-0.278],"_shiftlockState":true,"_pose":"Running","_animationQueue":[],"_animationSpeed":1.066,"_zoom":8.097},{"_mousePosition":[683,384],"_rootPartCFrame":[771.662,222.698,46.33,-0.98,0,0.199,0,1,0,-0.199,0,-0.98],"_humanoidState":8,"_cameraCFrame":[770.414,231.971,43.752,-0.979,-0.197,0.057,0,0.28,0.96,-0.205,0.94,-0.274],"_shiftlockState":true,"_pose":"Running","_animationQueue":[],"_animationSpeed":1.066,"_zoom":8.097},{"_mousePosition":[683,384],"_rootPartCFrame":[771.466,222.698,46.291,-0.979,0,0.205,0,1,0,-0.205,0,-0.979],"_humanoidState":8,"_cameraCFrame":[770.235,231.984,43.742,-0.977,-0.207,0.059,0,0.275,0.962,-0.215,0.939,-0.268],"_shiftlockState":true,"_pose":"Running","_animationQueue":[],"_animationSpeed":1.066,"_zoom":8.097},{"_mousePosition":[683,384],"_rootPartCFrame":[771.139,222.699,46.222,-0.977,0,0.215,0,1,0,-0.215,0,-0.977],"_humanoidState":8,"_cameraCFrame":[769.931,232.001,43.713,-0.974,-0.22,0.061,0,0.268,0.964,-0.229,0.938,-0.261],"_shiftlockState":true,"_pose":"Running","_animationQueue":[["walk",0.1]],"_animationSpeed":1.066,"_zoom":8.097},{"_mousePosition":[683,384],"_rootPartCFrame":[770.944,222.699,46.18,-0.974,0,0.229,0,1,0,-0.229,0,-0.974],"_humanoidState":8,"_cameraCFrame":[769.758,232.02,43.718,-0.97,-0.235,0.063,0,0.259,0.966,-0.244,0.937,-0.251],"_shiftlockState":true,"_pose":"Running","_animationQueue":[],"_animationSpeed":1.066,"_zoom":8.097},{"_mousePosition":[683,384],"_rootPartCFrame":[770.684,222.699,46.119,-0.97,0,0.244,0,1,0,-0.244,0,-0.97],"_humanoidState":8,"_cameraCFrame":[769.518,232.04,43.713,-0.966,-0.251,0.065,0,0.25,0.968,-0.259,0.935,-0.241],"_shiftlockState":true,"_pose":"Running","_animationQueue":[],"_animationSpeed":1.066,"_zoom":8.097},{"_mousePosition":[683,384],"_rootPartCFrame":[770.425,222.7,46.055,-0.966,0,0.259,0,1,0,-0.259,0,-0.966],"_humanoidState":8,"_cameraCFrame":[769.277,232.061,43.708,-0.961,-0.267,0.066,0,0.24,0.971,-0.275,0.933,-0.23],"_shiftlockState":true,"_pose":"Running","_animationQueue":[],"_animationSpeed":1.066,"_zoom":8.097},{"_mousePosition":[683,384],"_rootPartCFrame":[770.103,222.7,45.969,-0.961,0,0.275,0,1,0,-0.275,0,-0.961],"_humanoidState":8,"_cameraCFrame":[768.968,232.081,43.684,-0.957,-0.282,0.067,0,0.229,0.973,-0.29,0.931,-0.22],"_shiftlockState":true,"_pose":"Running","_animationQueue":[],"_animationSpeed":1.066,"_zoom":8.097},{"_mousePosition":[683,384],"_rootPartCFrame":[769.91,222.679,45.917,-0.957,0,0.29,0,1,0,-0.29,0,-0.957],"_humanoidState":8,"_cameraCFrame":[768.781,232.079,43.696,-0.953,-0.296,0.066,0,0.219,0.976,-0.303,0.93,-0.209],"_shiftlockState":true,"_pose":"Running","_animationQueue":[],"_animationSpeed":1.066,"_zoom":8.097},{"_mousePosition":[683,384],"_rootPartCFrame":[769.588,222.577,45.831,-0.953,0,0.303,0,1,0,-0.303,0,-0.953],"_humanoidState":8,"_cameraCFrame":[768.458,231.991,43.66,-0.95,-0.304,0.066,0,0.211,0.977,-0.311,0.929,-0.201],"_shiftlockState":true,"_pose":"Running","_animationQueue":[],"_animationSpeed":1.066,"_zoom":8.097},{"_mousePosition":[683,384],"_rootPartCFrame":[769.395,222.475,45.779,-0.95,0,0.311,0,1,0,-0.311,0,-0.95],"_humanoidState":8,"_cameraCFrame":[768.252,231.896,43.64,-0.951,-0.303,0.064,0,0.207,0.978,-0.31,0.93,-0.197],"_shiftlockState":true,"_pose":"Running","_animationQueue":[["walk",0.1]],"_animationSpeed":1.066,"_zoom":8.097},{"_mousePosition":[683,384],"_rootPartCFrame":[769.137,222.291,45.71,-0.951,0,0.31,0,1,0,-0.31,0,-0.951],"_humanoidState":8,"_cameraCFrame":[767.949,231.717,43.616,-0.956,-0.287,0.06,0,0.204,0.979,-0.293,0.936,-0.195],"_shiftlockState":true,"_pose":"Running","_animationQueue":[],"_animationSpeed":1.066,"_zoom":8.097},{"_mousePosition":[683,384],"_rootPartCFrame":[768.815,223.375,45.624,-0.956,0,0.293,0,1,0,-0.293,0,-0.956],"_humanoidState":3,"_cameraCFrame":[767.568,232.806,43.585,-0.963,-0.264,0.054,0,0.201,0.98,-0.269,0.943,-0.194],"_shiftlockState":true,"_pose":"Jumping","_animationQueue":[["walk",0.1],["jump",0.1]],"_animationSpeed":1,"_zoom":8.097},{"_mousePosition":[683,384],"_rootPartCFrame":[768.624,223.986,45.567,-0.944,0,0.329,0,1,0,-0.329,0,-0.944],"_humanoidState":5,"_cameraCFrame":[767.303,233.424,43.6,-0.971,-0.233,0.047,0,0.197,0.98,-0.238,0.952,-0.191],"_shiftlockState":true,"_pose":"FreeFall","_animationQueue":[["jump",0.1]],"_animationSpeed":1,"_zoom":8.097},{"_mousePosition":[683,384],"_rootPartCFrame":[768.367,224.754,45.494,-0.934,0,0.357,0,1,0,-0.357,0,-0.934],"_humanoidState":5,"_cameraCFrame":[766.981,234.202,43.616,-0.978,-0.206,0.04,0,0.191,0.982,-0.21,0.96,-0.187],"_shiftlockState":true,"_pose":"FreeFall","_animationQueue":[],"_animationSpeed":1,"_zoom":8.097},{"_mousePosition":[683,384],"_rootPartCFrame":[768.109,225.467,45.429,-0.941,0,0.337,0,1,0,-0.337,0,-0.941],"_humanoidState":5,"_cameraCFrame":[766.67,234.925,43.634,-0.982,-0.184,0.035,0,0.184,0.983,-0.188,0.965,-0.181],"_shiftlockState":true,"_pose":"FreeFall","_animationQueue":[],"_animationSpeed":1,"_zoom":8.097},{"_mousePosition":[683,384],"_rootPartCFrame":[767.783,226.281,45.358,-0.938,0,0.348,0,1,0,-0.348,0,-0.938],"_humanoidState":5,"_cameraCFrame":[766.299,235.748,43.638,-0.986,-0.164,0.03,0,0.179,0.984,-0.167,0.97,-0.176],"_shiftlockState":true,"_pose":"FreeFall","_animationQueue":[],"_animationSpeed":1,"_zoom":8.097},{"_mousePosition":[683,384],"_rootPartCFrame":[767.587,226.729,45.32,-0.964,0,0.265,0,1,0,-0.265,0,-0.964],"_humanoidState":5,"_cameraCFrame":[766.065,236.2,43.655,-0.989,-0.145,0.026,0,0.176,0.984,-0.147,0.974,-0.174],"_shiftlockState":true,"_pose":"FreeFall","_animationQueue":[],"_animationSpeed":1,"_zoom":8.097},{"_mousePosition":[683,384],"_rootPartCFrame":[767.324,227.279,45.274,-0.961,0,0.277,0,1,0,-0.277,0,-0.961],"_humanoidState":5,"_cameraCFrame":[765.773,236.753,43.652,-0.991,-0.129,0.023,0,0.174,0.985,-0.131,0.976,-0.172],"_shiftlockState":true,"_pose":"FreeFall","_animationQueue":[],"_animationSpeed":1,"_zoom":8.097},{"_mousePosition":[683,384],"_rootPartCFrame":[767.06,227.774,45.234,-0.965,0,0.261,0,1,0,-0.261,0,-0.965],"_humanoidState":5,"_cameraCFrame":[765.496,237.248,43.625,-0.992,-0.121,0.021,0,0.174,0.985,-0.122,0.977,-0.172],"_shiftlockState":true,"_pose":"FreeFall","_animationQueue":[],"_animationSpeed":1,"_zoom":8.097},{"_mousePosition":[683,384],"_rootPartCFrame":[766.796,228.214,45.199,-0.967,0,0.253,0,1,0,-0.253,0,-0.967],"_humanoidState":5,"_cameraCFrame":[765.228,237.688,43.592,-0.993,-0.119,0.021,0,0.174,0.985,-0.12,0.978,-0.172],"_shiftlockState":true,"_pose":"FreeFall","_animationQueue":[],"_animationSpeed":1,"_zoom":8.097},{"_mousePosition":[683,384],"_rootPartCFrame":[766.531,228.6,45.166,-0.968,0,0.251,0,1,0,-0.251,0,-0.968],"_humanoidState":5,"_cameraCFrame":[764.963,238.074,43.559,-0.993,-0.119,0.021,0,0.174,0.985,-0.12,0.978,-0.172],"_shiftlockState":true,"_pose":"FreeFall","_animationQueue":[],"_animationSpeed":1,"_zoom":8.097},{"_mousePosition":[683,384],"_rootPartCFrame":[766.267,228.932,45.134,-0.968,0,0.251,0,1,0,-0.251,0,-0.968],"_humanoidState":5,"_cameraCFrame":[764.698,238.406,43.527,-0.993,-0.119,0.021,0,0.174,0.985,-0.12,0.978,-0.172],"_shiftlockState":true,"_pose":"FreeFall","_animationQueue":[],"_animationSpeed":1,"_zoom":8.097},{"_mousePosition":[683,384],"_rootPartCFrame":[766.002,229.209,45.101,-0.968,0,0.251,0,1,0,-0.251,0,-0.968],"_humanoidState":5,"_cameraCFrame":[764.434,238.683,43.495,-0.993,-0.119,0.021,0,0.174,0.985,-0.12,0.978,-0.172],"_shiftlockState":true,"_pose":"FreeFall","_animationQueue":[],"_animationSpeed":1,"_zoom":8.097},{"_mousePosition":[683,384],"_rootPartCFrame":[765.737,229.431,45.069,-0.968,0,0.251,0,1,0,-0.251,0,-0.968],"_humanoidState":5,"_cameraCFrame":[764.169,238.905,43.463,-0.993,-0.119,0.021,0,0.174,0.985,-0.12,0.978,-0.172],"_shiftlockState":true,"_pose":"FreeFall","_animationQueue":[],"_animationSpeed":1,"_zoom":8.097},{"_mousePosition":[683,384],"_rootPartCFrame":[765.473,229.599,45.037,-0.968,0,0.251,0,1,0,-0.251,0,-0.968],"_humanoidState":5,"_cameraCFrame":[763.903,239.073,43.433,-0.993,-0.117,0.021,0,0.174,0.985,-0.119,0.978,-0.172],"_shiftlockState":true,"_pose":"FreeFall","_animationQueue":[],"_animationSpeed":1,"_zoom":8.097},{"_mousePosition":[683,384],"_rootPartCFrame":[765.208,229.713,45.005,-0.968,0,0.25,0,1,0,-0.25,0,-0.968],"_humanoidState":5,"_cameraCFrame":[763.633,239.187,43.405,-0.993,-0.114,0.02,0,0.174,0.985,-0.116,0.978,-0.172],"_shiftlockState":true,"_pose":"FreeFall","_animationQueue":[],"_animationSpeed":1,"_zoom":8.097},{"_mousePosition":[683,384],"_rootPartCFrame":[764.943,229.772,44.973,-0.969,0,0.247,0,1,0,-0.247,0,-0.969],"_humanoidState":5,"_cameraCFrame":[763.36,239.246,43.382,-0.994,-0.109,0.019,0,0.174,0.985,-0.111,0.979,-0.173],"_shiftlockState":true,"_pose":"FreeFall","_animationQueue":[],"_animationSpeed":1,"_zoom":8.097},{"_mousePosition":[683,384],"_rootPartCFrame":[764.678,229.776,44.942,-0.97,0,0.242,0,1,0,-0.242,0,-0.97],"_humanoidState":5,"_cameraCFrame":[763.077,239.25,43.369,-0.995,-0.098,0.017,0,0.174,0.985,-0.1,0.98,-0.173],"_shiftlockState":true,"_pose":"FreeFall","_animationQueue":[],"_animationSpeed":1,"_zoom":8.097},{"_mousePosition":[683,384],"_rootPartCFrame":[764.347,229.705,44.905,-0.965,0,0.263,0,1,0,-0.263,0,-0.965],"_humanoidState":5,"_cameraCFrame":[762.718,239.179,43.361,-0.997,-0.081,0.014,0,0.174,0.985,-0.082,0.982,-0.173],"_shiftlockState":true,"_pose":"FreeFall","_animationQueue":[["fall",0.3]],"_animationSpeed":1,"_zoom":8.097},{"_mousePosition":[683,384],"_rootPartCFrame":[764.082,229.587,44.878,-0.977,0,0.213,0,1,0,-0.213,0,-0.977],"_humanoidState":5,"_cameraCFrame":[762.419,239.061,43.37,-0.998,-0.059,0.01,0,0.174,0.985,-0.06,0.983,-0.173],"_shiftlockState":true,"_pose":"FreeFall","_animationQueue":[],"_animationSpeed":1,"_zoom":8.097},{"_mousePosition":[683,384],"_rootPartCFrame":[763.816,229.415,44.856,-0.981,0,0.192,0,1,0,-0.192,0,-0.981],"_humanoidState":5,"_cameraCFrame":[762.119,238.889,43.386,-0.999,-0.036,0.006,0,0.174,0.985,-0.037,0.984,-0.174],"_shiftlockState":true,"_pose":"FreeFall","_animationQueue":[],"_animationSpeed":1,"_zoom":8.097},{"_mousePosition":[683,384],"_rootPartCFrame":[763.617,229.249,44.843,-0.991,0,0.136,0,1,0,-0.136,0,-0.991],"_humanoidState":5,"_cameraCFrame":[761.877,238.723,43.424,-1,-0.007,0.001,0,0.174,0.985,-0.008,0.985,-0.174],"_shiftlockState":true,"_pose":"FreeFall","_animationQueue":[],"_animationSpeed":1,"_zoom":8.097},{"_mousePosition":[683,384],"_rootPartCFrame":[763.284,228.906,44.83,-0.985,0,0.173,0,1,0,-0.173,0,-0.985],"_humanoidState":5,"_cameraCFrame":[761.488,238.38,43.483,-0.999,0.033,-0.006,0,0.174,0.985,0.033,0.984,-0.174],"_shiftlockState":true,"_pose":"FreeFall","_animationQueue":[],"_animationSpeed":1,"_zoom":8.097},{"_mousePosition":[683,384],"_rootPartCFrame":[763.017,228.57,44.826,-0.995,0,0.1,0,1,0,-0.1,0,-0.995],"_humanoidState":5,"_cameraCFrame":[761.156,238.044,43.571,-0.997,0.082,-0.014,0,0.174,0.985,0.083,0.981,-0.173],"_shiftlockState":true,"_pose":"FreeFall","_animationQueue":[],"_animationSpeed":1,"_zoom":8.097},{"_mousePosition":[683,384],"_rootPartCFrame":[762.817,228.282,44.831,-1,0,0.016,0,1,0,-0.016,0,-1],"_humanoidState":5,"_cameraCFrame":[760.881,237.756,43.696,-0.989,0.144,-0.025,0,0.174,0.985,0.146,0.974,-0.172],"_shiftlockState":true,"_pose":"FreeFall","_animationQueue":[],"_animationSpeed":1,"_zoom":8.097},{"_mousePosition":[683,384],"_rootPartCFrame":[762.551,227.851,44.852,-1,0,-0.013,0,1,0,0.013,0,-1],"_humanoidState":5,"_cameraCFrame":[760.542,237.325,43.85,-0.977,0.21,-0.037,0,0.174,0.985,0.213,0.962,-0.17],"_shiftlockState":true,"_pose":"FreeFall","_animationQueue":[["fall",0.3]],"_animationSpeed":1,"_zoom":8.097},{"_mousePosition":[683,384],"_rootPartCFrame":[762.221,227.235,44.897,-0.999,0,-0.048,0,1,0,0.048,0,-0.999],"_humanoidState":5,"_cameraCFrame":[760.129,236.709,44.083,-0.954,0.296,-0.052,0,0.174,0.985,0.301,0.939,-0.166],"_shiftlockState":true,"_pose":"FreeFall","_animationQueue":[],"_animationSpeed":1,"_zoom":8.097},{"_mousePosition":[683,384],"_rootPartCFrame":[761.96,226.68,44.951,-0.985,0,-0.171,0,1,0,0.171,0,-0.985],"_humanoidState":5,"_cameraCFrame":[759.806,236.154,44.319,-0.924,0.376,-0.066,0,0.174,0.985,0.382,0.91,-0.161],"_shiftlockState":true,"_pose":"FreeFall","_animationQueue":[],"_animationSpeed":1,"_zoom":8.097},{"_mousePosition":[683,384],"_rootPartCFrame":[761.768,226.229,45.006,-0.958,0,-0.287,0,1,0,0.287,0,-0.958],"_humanoidState":5,"_cameraCFrame":[759.558,235.703,44.607,-0.878,0.471,-0.083,0,0.174,0.985,0.478,0.865,-0.153],"_shiftlockState":true,"_pose":"FreeFall","_animationQueue":[],"_animationSpeed":1,"_zoom":8.097},{"_mousePosition":[683,384],"_rootPartCFrame":[761.458,225.409,45.127,-0.945,0,-0.326,0,1,0,0.326,0,-0.945],"_humanoidState":5,"_cameraCFrame":[759.221,234.883,44.931,-0.831,0.547,-0.097,0,0.174,0.985,0.556,0.819,-0.144],"_shiftlockState":true,"_pose":"FreeFall","_animationQueue":[],"_animationSpeed":1,"_zoom":8.097},{"_mousePosition":[683,384],"_rootPartCFrame":[761.279,224.876,45.216,-0.883,0,-0.47,0,1,0,0.47,0,-0.883],"_humanoidState":5,"_cameraCFrame":[759.034,234.35,45.208,-0.782,0.614,-0.108,0,0.174,0.985,0.623,0.77,-0.136],"_shiftlockState":true,"_pose":"FreeFall","_animationQueue":[],"_animationSpeed":1,"_zoom":8.097},{"_mousePosition":[683,384],"_rootPartCFrame":[761.053,224.117,45.358,-0.858,0,-0.514,0,1,0,0.514,0,-0.858],"_humanoidState":5,"_cameraCFrame":[758.804,233.589,45.49,-0.738,0.664,-0.118,0,0.175,0.985,0.674,0.727,-0.129],"_shiftlockState":true,"_pose":"FreeFall","_animationQueue":[["fall",0.3]],"_animationSpeed":1,"_zoom":8.097},{"_mousePosition":[683,384],"_rootPartCFrame":[760.789,223.092,45.561,-0.84,0,-0.543,0,1,0,0.543,0,-0.84],"_humanoidState":5,"_cameraCFrame":[758.517,232.556,45.763,-0.707,0.695,-0.128,0,0.181,0.984,0.707,0.696,-0.128],"_shiftlockState":true,"_pose":"FreeFall","_animationQueue":[],"_animationSpeed":1,"_zoom":8.097},{"_mousePosition":[683,384],"_rootPartCFrame":[760.644,223.086,45.676,-0.733,0,-0.68,0,1,0,0.68,0,-0.733],"_humanoidState":12,"_cameraCFrame":[758.346,232.541,45.914,-0.686,0.715,-0.136,0,0.186,0.982,0.727,0.674,-0.128],"_shiftlockState":true,"_pose":"Climbing","_animationQueue":[["walk",0.1],["fall",0.3],["climb",0.1],["climb",0]],"_animationSpeed":-4.235,"_zoom":8.097},{"_mousePosition":[683,384],"_rootPartCFrame":[759.911,223.889,45.388,-0.71,0,-0.704,0,1,0,0.704,0,-0.71],"_humanoidState":3,"_cameraCFrame":[757.597,233.339,45.63,-0.679,0.721,-0.139,0,0.19,0.982,0.734,0.667,-0.129],"_shiftlockState":true,"_pose":"Jumping","_animationQueue":[["climb",0.1],["jump",0.1]],"_animationSpeed":1,"_zoom":8.097},{"_mousePosition":[683,384],"_rootPartCFrame":[759.482,224.33,45.226,-0.729,0,-0.685,0,1,0,0.685,0,-0.729],"_humanoidState":5,"_cameraCFrame":[757.146,233.775,45.428,-0.686,0.714,-0.14,0,0.193,0.981,0.727,0.673,-0.132],"_shiftlockState":true,"_pose":"FreeFall","_animationQueue":[["jump",0.1]],"_animationSpeed":1,"_zoom":8.097},{"_mousePosition":[683,384],"_rootPartCFrame":[758.8,224.997,44.991,-0.793,0,-0.609,0,1,0,0.609,0,-0.793],"_humanoidState":5,"_cameraCFrame":[756.448,234.439,45.141,-0.698,0.702,-0.14,0,0.195,0.981,0.716,0.685,-0.136],"_shiftlockState":true,"_pose":"FreeFall","_animationQueue":[],"_animationSpeed":1,"_zoom":8.097},{"_mousePosition":[683,384],"_rootPartCFrame":[758.412,225.356,44.872,-0.766,0,-0.643,0,1,0,0.643,0,-0.766],"_humanoidState":5,"_cameraCFrame":[756.056,234.798,44.967,-0.715,0.686,-0.136,0,0.195,0.981,0.7,0.701,-0.139],"_shiftlockState":true,"_pose":"FreeFall","_animationQueue":[],"_animationSpeed":1,"_zoom":8.097},{"_mousePosition":[683,384],"_rootPartCFrame":[757.798,225.887,44.709,-0.821,0,-0.571,0,1,0,0.571,0,-0.821],"_humanoidState":5,"_cameraCFrame":[755.446,235.33,44.755,-0.731,0.67,-0.133,0,0.194,0.981,0.683,0.717,-0.142],"_shiftlockState":true,"_pose":"FreeFall","_animationQueue":[],"_animationSpeed":1,"_zoom":8.097},{"_mousePosition":[683,384],"_rootPartCFrame":[757.338,226.251,44.612,-0.815,0,-0.58,0,1,0,0.58,0,-0.815],"_humanoidState":5,"_cameraCFrame":[754.998,235.697,44.603,-0.75,0.649,-0.127,0,0.192,0.981,0.661,0.736,-0.144],"_shiftlockState":true,"_pose":"FreeFall","_animationQueue":[],"_animationSpeed":1,"_zoom":8.097},{"_mousePosition":[683,384],"_rootPartCFrame":[756.906,226.559,44.543,-0.775,0,-0.633,0,1,0,0.633,0,-0.775],"_humanoidState":5,"_cameraCFrame":[754.591,236.012,44.447,-0.782,0.613,-0.117,0,0.188,0.982,0.624,0.768,-0.147],"_shiftlockState":true,"_pose":"FreeFall","_animationQueue":[],"_animationSpeed":1,"_zoom":8.097},{"_mousePosition":[683,384],"_rootPartCFrame":[756.508,226.813,44.49,-0.858,0,-0.514,0,1,0,0.514,0,-0.858],"_humanoidState":5,"_cameraCFrame":[754.198,236.268,44.377,-0.788,0.605,-0.115,0,0.187,0.982,0.616,0.774,-0.147],"_shiftlockState":true,"_pose":"FreeFall","_animationQueue":[["fall",0.3]],"_animationSpeed":1,"_zoom":8.097},{"_mousePosition":[683,384],"_rootPartCFrame":[756.235,226.968,44.455,-0.845,0,-0.535,0,1,0,0.535,0,-0.845],"_humanoidState":5,"_cameraCFrame":[753.926,236.423,44.323,-0.793,0.599,-0.114,0,0.187,0.982,0.61,0.779,-0.148],"_shiftlockState":true,"_pose":"FreeFall","_animationQueue":[],"_animationSpeed":1,"_zoom":8.097},{"_mousePosition":[683,384],"_rootPartCFrame":[755.83,227.159,44.403,-0.883,0,-0.47,0,1,0,0.47,0,-0.883],"_humanoidState":5,"_cameraCFrame":[753.521,236.613,44.267,-0.794,0.597,-0.114,0,0.187,0.982,0.608,0.78,-0.148],"_shiftlockState":true,"_pose":"FreeFall","_animationQueue":[],"_animationSpeed":1,"_zoom":8.097},{"_mousePosition":[683,384],"_rootPartCFrame":[755.535,227.249,44.388,-0.868,0,-0.497,0,1,0,0.497,0,-0.868],"_humanoidState":5,"_cameraCFrame":[753.226,236.704,44.251,-0.794,0.597,-0.114,0,0.187,0.982,0.608,0.78,-0.148],"_shiftlockState":true,"_pose":"FreeFall","_animationQueue":[],"_animationSpeed":1,"_zoom":8.097},{"_mousePosition":[683,384],"_rootPartCFrame":[755.325,227.282,44.4,-0.851,0,-0.526,0,1,0,0.526,0,-0.851],"_humanoidState":5,"_cameraCFrame":[753.017,236.736,44.26,-0.795,0.596,-0.113,0,0.187,0.982,0.607,0.781,-0.148],"_shiftlockState":true,"_pose":"FreeFall","_animationQueue":[],"_animationSpeed":1,"_zoom":8.097},{"_mousePosition":[683,384],"_rootPartCFrame":[755.06,227.277,44.447,-0.868,0,-0.496,0,1,0,0.496,0,-0.868],"_humanoidState":5,"_cameraCFrame":[752.756,236.733,44.301,-0.798,0.592,-0.112,0,0.186,0.983,0.603,0.784,-0.148],"_shiftlockState":true,"_pose":"FreeFall","_animationQueue":[],"_animationSpeed":1,"_zoom":8.097},{"_mousePosition":[683,384],"_rootPartCFrame":[754.753,227.195,44.557,-0.887,0,-0.462,0,1,0,0.462,0,-0.887],"_humanoidState":5,"_cameraCFrame":[752.454,236.652,44.389,-0.805,0.583,-0.11,0,0.185,0.983,0.594,0.791,-0.149],"_shiftlockState":true,"_pose":"FreeFall","_animationQueue":[],"_animationSpeed":1,"_zoom":8.097},{"_mousePosition":[683,384],"_rootPartCFrame":[754.58,227.105,44.65,-0.86,0,-0.51,0,1,0,0.51,0,-0.86],"_humanoidState":5,"_cameraCFrame":[752.288,236.563,44.456,-0.813,0.573,-0.107,0,0.184,0.983,0.583,0.799,-0.15],"_shiftlockState":true,"_pose":"FreeFall","_animationQueue":[["fall",0.3]],"_animationSpeed":1,"_zoom":8.097},{"_mousePosition":[683,384],"_rootPartCFrame":[754.309,226.886,44.841,-0.898,0,-0.44,0,1,0,0.44,0,-0.898],"_humanoidState":5,"_cameraCFrame":[752.023,236.345,44.631,-0.818,0.565,-0.106,0,0.184,0.983,0.575,0.804,-0.15],"_shiftlockState":true,"_pose":"FreeFall","_animationQueue":[],"_animationSpeed":1,"_zoom":8.097},{"_mousePosition":[683,384],"_rootPartCFrame":[754.147,226.714,44.958,-0.871,0,-0.491,0,1,0,0.491,0,-0.871],"_humanoidState":5,"_cameraCFrame":[751.861,236.173,44.739,-0.821,0.562,-0.105,0,0.184,0.983,0.572,0.807,-0.151],"_shiftlockState":true,"_pose":"FreeFall","_animationQueue":[],"_animationSpeed":1,"_zoom":8.097},{"_mousePosition":[683,384],"_rootPartCFrame":[753.929,226.437,45.112,-0.889,0,-0.458,0,1,0,0.458,0,-0.889],"_humanoidState":5,"_cameraCFrame":[751.643,235.896,44.895,-0.82,0.563,-0.105,0,0.184,0.983,0.572,0.806,-0.151],"_shiftlockState":true,"_pose":"FreeFall","_animationQueue":[],"_animationSpeed":1,"_zoom":8.097},{"_mousePosition":[683,384],"_rootPartCFrame":[753.719,226.108,45.234,-0.891,0.001,-0.454,0,1,0,0.454,0,-0.891],"_humanoidState":5,"_cameraCFrame":[751.42,235.563,45.032,-0.812,0.573,-0.109,0,0.186,0.983,0.584,0.798,-0.151],"_shiftlockState":true,"_pose":"FreeFall","_animationQueue":[],"_animationSpeed":1,"_zoom":8.097},{"_mousePosition":[683,384],"_rootPartCFrame":[753.558,225.73,45.151,-0.886,0.001,-0.463,0,1,0.001,0.463,0,-0.886],"_humanoidState":5,"_cameraCFrame":[751.231,235.178,44.984,-0.795,0.595,-0.116,0,0.191,0.982,0.606,0.781,-0.152],"_shiftlockState":true,"_pose":"FreeFall","_animationQueue":[],"_animationSpeed":1,"_zoom":8.097},{"_mousePosition":[683,384],"_rootPartCFrame":[753.393,225.298,45.083,-0.869,0,-0.494,0,1,0,0.494,0,-0.869],"_humanoidState":5,"_cameraCFrame":[751.165,234.767,44.697,-0.871,0.484,-0.087,0,0.177,0.984,0.492,0.857,-0.154],"_shiftlockState":true,"_pose":"FreeFall","_animationQueue":[],"_animationSpeed":1,"_zoom":8.097},{"_mousePosition":[683,384],"_rootPartCFrame":[753.163,224.681,45.062,-0.94,0,-0.341,0,1,0,0.341,0,-0.94],"_humanoidState":5,"_cameraCFrame":[750.932,234.151,44.689,-0.868,0.489,-0.088,0,0.177,0.984,0.497,0.854,-0.153],"_shiftlockState":true,"_pose":"FreeFall","_animationQueue":[],"_animationSpeed":1,"_zoom":8.097},{"_mousePosition":[683,384],"_rootPartCFrame":[753.016,224.271,45.077,-0.913,0,-0.408,0,1,0,0.408,0,-0.913],"_humanoidState":5,"_cameraCFrame":[750.777,233.739,44.734,-0.86,0.503,-0.091,0,0.178,0.984,0.511,0.846,-0.153],"_shiftlockState":true,"_pose":"FreeFall","_animationQueue":[],"_animationSpeed":1,"_zoom":8.097},{"_mousePosition":[683,384],"_rootPartCFrame":[752.81,223.675,45.131,-0.92,0,-0.392,0,1,0,0.392,0,-0.92],"_humanoidState":5,"_cameraCFrame":[750.561,233.143,44.851,-0.845,0.526,-0.095,0,0.178,0.984,0.535,0.831,-0.15],"_shiftlockState":true,"_pose":"FreeFall","_animationQueue":[],"_animationSpeed":1,"_zoom":8.097},{"_mousePosition":[683,384],"_rootPartCFrame":[752.592,223.025,45.223,-0.908,0,-0.418,0,1,0,0.418,0,-0.908],"_humanoidState":5,"_cameraCFrame":[750.34,232.495,45.024,-0.826,0.554,-0.1,0,0.177,0.984,0.563,0.813,-0.146],"_shiftlockState":true,"_pose":"FreeFall","_animationQueue":[],"_animationSpeed":1,"_zoom":8.097},{"_mousePosition":[683,384],"_rootPartCFrame":[752.375,222.334,45.265,-0.9,0.001,-0.436,0.001,1,0.001,0.436,0,-0.9],"_humanoidState":5,"_cameraCFrame":[750.125,231.805,45.171,-0.802,0.588,-0.105,0,0.175,0.985,0.597,0.79,-0.141],"_shiftlockState":true,"_pose":"FreeFall","_animationQueue":[["fall",0.3]],"_animationSpeed":1,"_zoom":8.097},{"_mousePosition":[683,384],"_rootPartCFrame":[752.142,221.588,45.369,-0.876,0,-0.483,0,1,0,0.483,-0.001,-0.876],"_humanoidState":5,"_cameraCFrame":[749.897,231.062,45.398,-0.771,0.627,-0.111,0,0.174,0.985,0.637,0.759,-0.134],"_shiftlockState":true,"_pose":"FreeFall","_animationQueue":[],"_animationSpeed":1,"_zoom":8.097},{"_mousePosition":[683,384],"_rootPartCFrame":[751.938,221.634,45.488,-0.797,0,-0.604,0,1,0,0.604,0,-0.797],"_humanoidState":12,"_cameraCFrame":[749.699,231.108,45.654,-0.731,0.672,-0.118,0,0.174,0.985,0.682,0.72,-0.127],"_shiftlockState":true,"_pose":"Climbing","_animationQueue":[["walk",0.1],["fall",0.3],["climb",0.1],["climb",0]],"_animationSpeed":-3.833,"_zoom":8.097},{"_mousePosition":[683,384],"_rootPartCFrame":[751.772,221.818,45.591,-0.734,0,-0.679,0,1,0,0.679,0,-0.734],"_humanoidState":12,"_cameraCFrame":[749.543,231.29,45.916,-0.678,0.724,-0.129,0,0.175,0.985,0.735,0.667,-0.119],"_shiftlockState":true,"_pose":"Climbing","_animationQueue":[["climb",0.1]],"_animationSpeed":0.839,"_zoom":8.097},{"_mousePosition":[683,384],"_rootPartCFrame":[751.613,222.051,45.69,-0.678,0,-0.735,0,1,0,0.735,0,-0.678],"_humanoidState":12,"_cameraCFrame":[749.372,231.511,46.18,-0.607,0.781,-0.146,0,0.183,0.983,0.795,0.597,-0.111],"_shiftlockState":true,"_pose":"Climbing","_animationQueue":[["climb",0.1]],"_animationSpeed":0.931,"_zoom":8.097},{"_mousePosition":[683,384],"_rootPartCFrame":[751.543,222.191,45.734,-0.607,0,-0.795,0,1,0,0.795,0,-0.607],"_humanoidState":12,"_cameraCFrame":[749.297,231.634,46.437,-0.51,0.844,-0.167,0,0.194,0.981,0.86,0.5,-0.099],"_shiftlockState":true,"_pose":"Climbing","_animationQueue":[],"_animationSpeed":0.931,"_zoom":8.097},{"_mousePosition":[683,384],"_rootPartCFrame":[751.012,222.862,45.523,-0.51,0,-0.86,0,1,0,0.86,0,-0.51],"_humanoidState":3,"_cameraCFrame":[748.77,232.286,46.418,-0.418,0.889,-0.187,0,0.205,0.979,0.908,0.409,-0.086],"_shiftlockState":true,"_pose":"Jumping","_animationQueue":[["climb",0.1],["jump",0.1]],"_animationSpeed":1,"_zoom":8.097},{"_mousePosition":[683,384],"_rootPartCFrame":[750.498,223.477,45.331,-0.322,0,-0.947,0,1,0,0.947,0,-0.322],"_humanoidState":5,"_cameraCFrame":[748.093,232.862,46.145,-0.42,0.884,-0.206,0,0.227,0.974,0.907,0.409,-0.096],"_shiftlockState":true,"_pose":"FreeFall","_animationQueue":[],"_animationSpeed":1,"_zoom":8.097},{"_mousePosition":[683,384],"_rootPartCFrame":[750.011,224.038,45.168,-0.494,0,-0.87,0,1,0,0.87,0,-0.494],"_humanoidState":5,"_cameraCFrame":[747.48,233.418,45.519,-0.578,0.794,-0.188,0,0.23,0.973,0.816,0.563,-0.133],"_shiftlockState":true,"_pose":"Jumping","_animationQueue":[],"_animationSpeed":1,"_zoom":8.097},{"_mousePosition":[683,384],"_rootPartCFrame":[749.663,224.423,45.065,-0.656,0,-0.754,0,1,0,0.754,0,-0.656],"_humanoidState":5,"_cameraCFrame":[747.124,233.808,45.184,-0.654,0.737,-0.172,0,0.228,0.974,0.756,0.637,-0.149],"_shiftlockState":true,"_pose":"Jumping","_animationQueue":[],"_animationSpeed":1,"_zoom":8.097},{"_mousePosition":[683,384],"_rootPartCFrame":[749.221,224.889,44.955,-0.728,0,-0.686,0,1,0,0.686,0,-0.728],"_humanoidState":5,"_cameraCFrame":[746.703,234.276,44.664,-0.769,0.623,-0.145,0,0.226,0.974,0.639,0.749,-0.174],"_shiftlockState":true,"_pose":"Jumping","_animationQueue":[],"_animationSpeed":1,"_zoom":8.097},{"_mousePosition":[683,384],"_rootPartCFrame":[748.706,225.395,44.859,-0.864,0,-0.503,0,1,0,0.503,0,-0.864],"_humanoidState":5,"_cameraCFrame":[746.209,234.782,44.426,-0.804,0.579,-0.135,0,0.226,0.974,0.595,0.783,-0.182],"_shiftlockState":true,"_pose":"Jumping","_animationQueue":[],"_animationSpeed":1,"_zoom":8.097},{"_mousePosition":[683,384],"_rootPartCFrame":[748.415,225.657,44.825,-0.859,0,-0.511,0,1,0,0.511,0,-0.859],"_humanoidState":5,"_cameraCFrame":[745.962,235.046,44.207,-0.847,0.518,-0.12,0,0.226,0.974,0.532,0.825,-0.191],"_shiftlockState":true,"_pose":"Jumping","_animationQueue":[],"_animationSpeed":1,"_zoom":8.097},{"_mousePosition":[683,384],"_rootPartCFrame":[748.051,225.96,44.805,-0.91,0,-0.414,0,1,0,0.414,0,-0.91],"_humanoidState":5,"_cameraCFrame":[745.649,235.35,44.026,-0.882,0.46,-0.106,0,0.225,0.974,0.472,0.859,-0.198],"_shiftlockState":true,"_pose":"Jumping","_animationQueue":[],"_animationSpeed":1,"_zoom":8.097},{"_mousePosition":[683,384],"_rootPartCFrame":[747.712,226.208,44.816,-0.937,0,-0.35,0,1,0,0.35,0,-0.937],"_humanoidState":5,"_cameraCFrame":[745.37,235.596,43.861,-0.913,0.397,-0.092,0,0.226,0.974,0.408,0.89,-0.206],"_shiftlockState":true,"_pose":"Jumping","_animationQueue":[],"_animationSpeed":1,"_zoom":8.097},{"_mousePosition":[683,384],"_rootPartCFrame":[747.4,226.401,44.856,-0.959,0,-0.283,0,1,0,0.283,0,-0.959],"_humanoidState":5,"_cameraCFrame":[745.098,235.785,43.775,-0.931,0.355,-0.083,0,0.228,0.974,0.364,0.907,-0.212],"_shiftlockState":true,"_pose":"Jumping","_animationQueue":[],"_animationSpeed":1,"_zoom":8.097},{"_mousePosition":[683,384],"_rootPartCFrame":[747.116,226.54,44.925,-0.945,0,-0.326,0,1,0,0.326,0,-0.945],"_humanoidState":5,"_cameraCFrame":[744.846,235.913,43.704,-0.946,0.316,-0.076,0,0.234,0.972,0.325,0.919,-0.221],"_shiftlockState":true,"_pose":"Jumping","_animationQueue":[],"_animationSpeed":1,"_zoom":8.097},{"_mousePosition":[683,384],"_rootPartCFrame":[746.859,226.624,45.01,-0.98,0,-0.197,0,1,0,0.197,0,-0.98],"_humanoidState":5,"_cameraCFrame":[744.589,235.997,43.789,-0.946,0.316,-0.076,0,0.234,0.972,0.325,0.919,-0.221],"_shiftlockState":true,"_pose":"Jumping","_animationQueue":[],"_animationSpeed":1,"_zoom":8.097},{"_mousePosition":[683,384],"_rootPartCFrame":[746.607,226.654,45.097,-0.98,0,-0.197,0,1,0,0.197,0,-0.98],"_humanoidState":5,"_cameraCFrame":[744.336,236.027,43.876,-0.946,0.316,-0.076,0,0.234,0.972,0.325,0.919,-0.221],"_shiftlockState":true,"_pose":"Jumping","_animationQueue":[],"_animationSpeed":1,"_zoom":8.097},{"_mousePosition":[683,384],"_rootPartCFrame":[746.355,226.63,45.183,-0.98,0,-0.197,0,1,0,0.197,0,-0.98],"_humanoidState":5,"_cameraCFrame":[744.084,236.003,43.963,-0.946,0.316,-0.076,0,0.234,0.972,0.325,0.919,-0.221],"_shiftlockState":true,"_pose":"Jumping","_animationQueue":[],"_animationSpeed":1,"_zoom":8.097},{"_mousePosition":[683,384],"_rootPartCFrame":[746.102,226.551,45.27,-0.98,0,-0.197,0,1,0,0.197,0,-0.98],"_humanoidState":5,"_cameraCFrame":[743.832,235.924,44.049,-0.946,0.316,-0.076,0,0.234,0.972,0.325,0.919,-0.221],"_shiftlockState":true,"_pose":"Jumping","_animationQueue":[],"_animationSpeed":1,"_zoom":8.097},{"_mousePosition":[683,384],"_rootPartCFrame":[745.85,226.417,45.357,-0.98,0,-0.197,0,1,0,0.197,0,-0.98],"_humanoidState":5,"_cameraCFrame":[743.58,235.79,44.136,-0.946,0.316,-0.076,0,0.234,0.972,0.325,0.919,-0.221],"_shiftlockState":true,"_pose":"Jumping","_animationQueue":[],"_animationSpeed":1,"_zoom":8.097},{"_mousePosition":[683,384],"_rootPartCFrame":[745.609,226.229,45.394,-0.981,0,-0.196,0,1,0,0.196,0,-0.981],"_humanoidState":5,"_cameraCFrame":[743.339,235.602,44.173,-0.946,0.316,-0.076,0,0.234,0.972,0.325,0.919,-0.221],"_shiftlockState":true,"_pose":"Jumping","_animationQueue":[],"_animationSpeed":1,"_zoom":8.097},{"_mousePosition":[683,384],"_rootPartCFrame":[745.367,225.987,45.362,-0.981,0,-0.195,0,1,0,0.195,0,-0.981],"_humanoidState":5,"_cameraCFrame":[743.097,235.359,44.141,-0.946,0.316,-0.076,0,0.234,0.972,0.325,0.919,-0.221],"_shiftlockState":true,"_pose":"Jumping","_animationQueue":[],"_animationSpeed":1,"_zoom":8.097},{"_mousePosition":[683,384],"_rootPartCFrame":[745.141,226.107,45.349,-0.958,0,-0.285,0,1,0,0.285,0,-0.958],"_humanoidState":12,"_cameraCFrame":[742.871,235.48,44.128,-0.946,0.316,-0.076,0,0.234,0.972,0.325,0.919,-0.221],"_shiftlockState":true,"_pose":"Climbing","_animationQueue":[["walk",0.1],["fall",0.3],["climb",0.1],["climb",0]],"_animationSpeed":-1.315,"_zoom":8.097},{"_mousePosition":[683,384],"_rootPartCFrame":[744.923,226.249,45.358,-0.949,0,-0.314,0,1,0,0.314,0,-0.949],"_humanoidState":8,"_cameraCFrame":[742.652,235.621,44.137,-0.946,0.316,-0.076,0,0.234,0.972,0.325,0.919,-0.221],"_shiftlockState":true,"_pose":"Running","_animationQueue":[["walk",0.1],["climb",0.1],["walk",0.1],["walk",0.1]],"_animationSpeed":0.872,"_zoom":8.097},{"_mousePosition":[683,384],"_rootPartCFrame":[744.693,226.334,45.39,-0.972,0,-0.233,0,1,0,0.233,0,-0.972],"_humanoidState":5,"_cameraCFrame":[742.422,235.706,44.169,-0.946,0.316,-0.076,0,0.234,0.972,0.325,0.919,-0.221],"_shiftlockState":true,"_pose":"FreeFall","_animationQueue":[["walk",0.1],["fall",0.3]],"_animationSpeed":1,"_zoom":8.097},{"_mousePosition":[683,384],"_rootPartCFrame":[744.47,226.364,45.425,-0.976,0,-0.219,0,1,0,0.219,0,-0.976],"_humanoidState":5,"_cameraCFrame":[742.237,235.723,44.056,-0.958,0.277,-0.069,0,0.241,0.971,0.285,0.93,-0.231],"_shiftlockState":true,"_pose":"FreeFall","_animationQueue":[],"_animationSpeed":1,"_zoom":8.097},{"_mousePosition":[683,384],"_rootPartCFrame":[744.272,226.34,45.48,-0.984,0,-0.179,0,1,0,0.179,0,-0.984],"_humanoidState":5,"_cameraCFrame":[742.538,235.574,43.071,-1,-0.007,0.002,0,0.296,0.955,-0.007,0.955,-0.296],"_shiftlockState":true,"_pose":"FreeFall","_animationQueue":[["fall",0.3]],"_animationSpeed":1,"_zoom":8.097},{"_mousePosition":[683,384],"_rootPartCFrame":[744.093,226.262,45.598,-0.996,0,0.086,0,1,0,-0.086,0,-0.996],"_humanoidState":5,"_cameraCFrame":[743.941,235.36,42.301,-0.871,-0.46,0.17,0,0.346,0.938,-0.491,0.818,-0.301],"_shiftlockState":true,"_pose":"FreeFall","_animationQueue":[],"_animationSpeed":1,"_zoom":8.097},{"_mousePosition":[683,384],"_rootPartCFrame":[743.938,226.464,45.288,-0.91,0.001,0.414,0,1,-0.002,-0.414,-0.002,-0.91],"_humanoidState":7,"_cameraCFrame":[745.373,235.542,42.26,-0.547,-0.784,0.295,0,0.352,0.936,-0.837,0.512,-0.193],"_shiftlockState":true,"_pose":"FreeFall","_animationQueue":[["walk",0.1],["fall",0.3],["fall",0.3]],"_animationSpeed":1,"_zoom":8.097},{"_mousePosition":[683,384],"_rootPartCFrame":[743.712,226.666,45.043,-0.567,0.006,0.824,0.004,1,-0.005,-0.824,0,-0.567],"_humanoidState":7,"_cameraCFrame":[745.323,235.9,42.545,-0.362,-0.891,0.276,0,0.296,0.955,-0.932,0.345,-0.107],"_shiftlockState":true,"_pose":"FreeFall","_animationQueue":[],"_animationSpeed":1,"_zoom":8.097},{"_mousePosition":[683,384],"_rootPartCFrame":[743.495,226.807,45.036,-0.365,0.002,0.931,0.001,1,-0.002,-0.931,0.001,-0.365],"_humanoidState":8,"_cameraCFrame":[743.885,236.281,42.825,-0.483,-0.862,0.152,0,0.174,0.985,-0.876,0.476,-0.084],"_shiftlockState":true,"_pose":"Running","_animationQueue":[["walk",0.1],["fall",0.3],["walk",0.1]],"_animationSpeed":0.993,"_zoom":8.097},{"_mousePosition":[683,384],"_rootPartCFrame":[743.294,227.691,45.023,-0.484,-0.002,0.875,-0.002,1,0.001,-0.875,-0.001,-0.484],"_humanoidState":3,"_cameraCFrame":[743.319,237.165,42.778,-0.616,-0.775,0.137,0,0.174,0.985,-0.787,0.607,-0.107],"_shiftlockState":true,"_pose":"Jumping","_animationQueue":[["walk",0.1],["jump",0.1]],"_animationSpeed":1,"_zoom":8.097},{"_mousePosition":[683,384],"_rootPartCFrame":[743.079,228.54,45.003,-0.546,-0.002,0.838,-0.001,1,0.002,-0.838,0,-0.546],"_humanoidState":5,"_cameraCFrame":[742.818,238.014,42.772,-0.712,-0.692,0.122,0,0.174,0.985,-0.702,0.701,-0.124],"_shiftlockState":true,"_pose":"FreeFall","_animationQueue":[["jump",0.1]],"_animationSpeed":1,"_zoom":8.097},{"_mousePosition":[683,384],"_rootPartCFrame":[742.765,229.525,44.962,-0.6,-0.001,0.8,0,1,0,-0.8,0,-0.6],"_humanoidState":5,"_cameraCFrame":[742.316,238.999,42.763,-0.769,-0.629,0.111,0,0.174,0.985,-0.639,0.758,-0.134],"_shiftlockState":true,"_pose":"FreeFall","_animationQueue":[],"_animationSpeed":1,"_zoom":8.097},{"_mousePosition":[683,384],"_rootPartCFrame":[742.567,230.075,44.953,-0.71,0,0.704,0,1,0,-0.704,0,-0.71],"_humanoidState":5,"_cameraCFrame":[741.994,239.548,42.778,-0.805,-0.584,0.103,0,0.174,0.985,-0.593,0.793,-0.141],"_shiftlockState":true,"_pose":"FreeFall","_animationQueue":[],"_animationSpeed":1,"_zoom":8.097},{"_mousePosition":[683,384],"_rootPartCFrame":[742.301,230.761,44.97,-0.733,0,0.68,0,1,0,-0.68,0,-0.733],"_humanoidState":5,"_cameraCFrame":[741.637,240.228,4