[{"_mousePosition":[746,324],"_rootPartCFrame":[776.034,222.7,47.142,-0.001,0,1,0,1,0,-1,0,-0.001],"_humanoidState":8,"_cameraCFrame":[776.916,237.69,38.354,-0.995,-0.084,0.055,0,0.548,0.837,-0.1,0.832,-0.545],"_shiftlockState":false,"_pose":"Standing","_animationQueue":[],"_animationSpeed":1,"_zoom":16.125},{"_mousePosition":[746,324],"_rootPartCFrame":[775.788,222.7,47.118,0.013,0,1,0,1,0,-1,0,0.013],"_humanoidState":8,"_cameraCFrame":[776.67,237.69,38.329,-0.995,-0.084,0.055,0,0.548,0.837,-0.1,0.832,-0.545],"_shiftlockState":false,"_pose":"Standing","_animationQueue":[],"_animationSpeed":1,"_zoom":16.125},{"_mousePosition":[746,324],"_rootPartCFrame":[775.524,222.7,47.091,0.025,0,1,0,1,0,-1,0,0.025],"_humanoidState":8,"_cameraCFrame":[776.406,237.69,38.303,-0.995,-0.084,0.055,0,0.548,0.837,-0.1,0.832,-0.545],"_shiftlockState":false,"_pose":"Running","_animationQueue":[["walk",0.1]],"_animationSpeed":1.066,"_zoom":16.125},{"_mousePosition":[746,324],"_rootPartCFrame":[775.258,222.7,47.065,0.035,0,0.999,0,1,0,-0.999,0,0.035],"_humanoidState":8,"_cameraCFrame":[776.14,237.69,38.276,-0.995,-0.084,0.055,0,0.548,0.837,-0.1,0.832,-0.545],"_shiftlockState":false,"_pose":"Running","_animationQueue":[],"_animationSpeed":1.066,"_zoom":16.125},{"_mousePosition":[746,324],"_rootPartCFrame":[774.993,222.7,47.038,0.044,0,0.999,0,1,0,-0.999,0,0.044],"_humanoidState":8,"_cameraCFrame":[775.872,237.708,38.276,-0.995,-0.084,0.055,0,0.546,0.838,-0.1,0.834,-0.543],"_shiftlockState":false,"_pose":"Running","_animationQueue":[],"_animationSpeed":1.066,"_zoom":16.125},{"_mousePosition":[746,324],"_rootPartCFrame":[774.727,222.7,47.011,0.051,0,0.999,0,1,0,-0.999,0,0.051],"_humanoidState":8,"_cameraCFrame":[775.607,237.708,38.249,-0.995,-0.084,0.055,0,0.546,0.838,-0.1,0.834,-0.543],"_shiftlockState":false,"_pose":"Running","_animationQueue":[],"_animationSpeed":1.066,"_zoom":16.125},{"_mousePosition":[746,324],"_rootPartCFrame":[774.462,222.7,46.985,0.058,0,0.998,0,1,0,-0.998,0,0.058],"_humanoidState":8,"_cameraCFrame":[775.386,237.708,38.227,-0.994,-0.088,0.057,0,0.546,0.838,-0.105,0.833,-0.543],"_shiftlockState":false,"_pose":"Running","_animationQueue":[],"_animationSpeed":1.066,"_zoom":16.125},{"_mousePosition":[746,324],"_rootPartCFrame":[774.197,222.7,46.958,0.064,0,0.998,0,1,0,-0.998,0,0.064],"_humanoidState":8,"_cameraCFrame":[775.187,237.708,38.208,-0.994,-0.094,0.061,0,0.546,0.838,-0.112,0.832,-0.543],"_shiftlockState":false,"_pose":"Running","_animationQueue":[["walk",0.1]],"_animationSpeed":1.066,"_zoom":16.125},{"_mousePosition":[746,324],"_rootPartCFrame":[773.799,222.7,46.916,0.072,0,0.997,0,1,0,-0.997,0,0.072],"_humanoidState":8,"_cameraCFrame":[774.811,237.708,38.168,-0.993,-0.096,0.063,0,0.546,0.838,-0.115,0.832,-0.543],"_shiftlockState":false,"_pose":"Running","_animationQueue":[],"_animationSpeed":1.066,"_zoom":16.125},{"_mousePosition":[746,324],"_rootPartCFrame":[773.666,222.7,46.901,0.075,0,0.997,0,1,0,-0.997,0,0.075],"_humanoidState":8,"_cameraCFrame":[774.704,237.69,38.13,-0.993,-0.098,0.064,0,0.548,0.837,-0.117,0.831,-0.544],"_shiftlockState":false,"_pose":"Running","_animationQueue":[],"_animationSpeed":1.066,"_zoom":16.125},{"_mousePosition":[746,324],"_rootPartCFrame":[773.401,222.7,46.871,0.08,0,0.997,0,1,0,-0.997,0,0.08],"_humanoidState":8,"_cameraCFrame":[774.483,237.69,38.105,-0.992,-0.102,0.067,0,0.548,0.837,-0.122,0.83,-0.544],"_shiftlockState":false,"_pose":"Running","_animationQueue":[],"_animationSpeed":1.066,"_zoom":16.125},{"_mousePosition":[746,324],"_rootPartCFrame":[773.137,222.7,46.839,0.085,0,0.996,0,1,0,-0.996,0,0.085],"_humanoidState":8,"_cameraCFrame":[774.219,237.69,38.073,-0.992,-0.102,0.067,0,0.548,0.837,-0.122,0.83,-0.544],"_shiftlockState":false,"_pose":"Running","_animationQueue":[],"_animationSpeed":1.066,"_zoom":16.125},{"_mousePosition":[746,324],"_rootPartCFrame":[772.872,222.7,46.807,0.09,0,0.996,0,1,0,-0.996,0,0.09],"_humanoidState":8,"_cameraCFrame":[773.954,237.69,38.041,-0.992,-0.102,0.067,0,0.548,0.837,-0.122,0.83,-0.544],"_shiftlockState":false,"_pose":"Running","_animationQueue":[],"_animationSpeed":1.066,"_zoom":16.125},{"_mousePosition":[746,324],"_rootPartCFrame":[772.607,222.7,46.774,0.094,0,0.996,0,1,0,-0.996,0,0.094],"_humanoidState":8,"_cameraCFrame":[773.689,237.69,38.008,-0.992,-0.102,0.067,0,0.548,0.837,-0.122,0.83,-0.544],"_shiftlockState":false,"_pose":"Running","_animationQueue":[["walk",0.1]],"_animationSpeed":1.066,"_zoom":16.125},{"_mousePosition":[746,324],"_rootPartCFrame":[772.343,222.7,46.742,0.098,0,0.995,0,1,0,-0.995,0,0.098],"_humanoidState":8,"_cameraCFrame":[771.688,237.69,37.761,-0.992,-0.102,0.067,0,0.548,0.837,-0.122,0.83,-0.544],"_shiftlockState":true,"_pose":"Running","_animationQueue":[],"_animationSpeed":1.066,"_zoom":16.125},{"_mousePosition":[683,384],"_rootPartCFrame":[772.012,222.7,46.701,-1,0,0.029,0,1,0,-0.029,0,-1],"_humanoidState":8,"_cameraCFrame":[771.357,237.69,37.72,-0.992,-0.102,0.067,0,0.548,0.837,-0.122,0.83,-0.544],"_shiftlockState":true,"_pose":"Running","_animationQueue":[],"_animationSpeed":1.066,"_zoom":16.125},{"_mousePosition":[683,384],"_rootPartCFrame":[771.747,222.7,46.668,-0.996,0,0.093,0,1,0,-0.093,0,-0.996],"_humanoidState":8,"_cameraCFrame":[771.092,237.69,37.688,-0.992,-0.102,0.067,0,0.548,0.837,-0.122,0.83,-0.544],"_shiftlockState":true,"_pose":"Running","_animationQueue":[],"_animationSpeed":1.066,"_zoom":16.125},{"_mousePosition":[683,384],"_rootPartCFrame":[771.549,222.7,46.644,-0.993,0,0.119,0,1,0,-0.119,0,-0.993],"_humanoidState":8,"_cameraCFrame":[770.894,237.69,37.663,-0.992,-0.102,0.067,0,0.548,0.837,-0.122,0.83,-0.544],"_shiftlockState":true,"_pose":"Running","_animationQueue":[],"_animationSpeed":1.066,"_zoom":16.125},{"_mousePosition":[683,384],"_rootPartCFrame":[771.284,222.7,46.611,-0.993,0,0.122,0,1,0,-0.122,0,-0.993],"_humanoidState":8,"_cameraCFrame":[770.629,237.69,37.631,-0.992,-0.102,0.067,0,0.548,0.837,-0.122,0.83,-0.544],"_shiftlockState":true,"_pose":"Running","_animationQueue":[],"_animationSpeed":1.066,"_zoom":16.125},{"_mousePosition":[683,384],"_rootPartCFrame":[771.019,222.7,46.578,-0.992,0,0.122,0,1,0,-0.122,0,-0.992],"_humanoidState":8,"_cameraCFrame":[770.365,237.69,37.598,-0.992,-0.102,0.067,0,0.548,0.837,-0.122,0.83,-0.544],"_shiftlockState":true,"_pose":"Running","_animationQueue":[],"_animationSpeed":1.066,"_zoom":16.125},{"_mousePosition":[683,384],"_rootPartCFrame":[770.755,222.7,46.546,-0.992,0,0.122,0,1,0,-0.122,0,-0.992],"_humanoidState":8,"_cameraCFrame":[770.1,237.69,37.565,-0.992,-0.102,0.067,0,0.548,0.837,-0.122,0.83,-0.544],"_shiftlockState":true,"_pose":"Running","_animationQueue":[["walk",0.1]],"_animationSpeed":1.066,"_zoom":16.125},{"_mousePosition":[683,384],"_rootPartCFrame":[770.49,222.7,46.513,-0.992,0,0.122,0,1,0,-0.122,0,-0.992],"_humanoidState":8,"_cameraCFrame":[769.835,237.69,37.533,-0.992,-0.102,0.067,0,0.548,0.837,-0.122,0.83,-0.544],"_shiftlockState":true,"_pose":"Running","_animationQueue":[],"_animationSpeed":1.066,"_zoom":16.125},{"_mousePosition":[683,384],"_rootPartCFrame":[770.159,223.77,46.472,-0.992,0,0.122,0,1,0,-0.122,0,-0.992],"_humanoidState":3,"_cameraCFrame":[769.504,238.761,37.492,-0.992,-0.102,0.067,0,0.548,0.837,-0.122,0.83,-0.544],"_shiftlockState":true,"_pose":"Jumping","_animationQueue":[["walk",0.1],["jump",0.1]],"_animationSpeed":1,"_zoom":16.125},{"_mousePosition":[683,384],"_rootPartCFrame":[769.895,224.565,46.439,-0.977,0,0.213,0,1,0,-0.213,0,-0.977],"_humanoidState":5,"_cameraCFrame":[769.24,239.555,37.459,-0.992,-0.102,0.067,0,0.548,0.837,-0.122,0.83,-0.544],"_shiftlockState":true,"_pose":"FreeFall","_animationQueue":[["jump",0.1]],"_animationSpeed":1,"_zoom":16.125},{"_mousePosition":[683,384],"_rootPartCFrame":[769.696,225.125,46.415,-0.976,0,0.217,0,1,0,-0.217,0,-0.976],"_humanoidState":5,"_cameraCFrame":[769.041,240.116,37.435,-0.992,-0.102,0.067,0,0.548,0.837,-0.122,0.83,-0.544],"_shiftlockState":true,"_pose":"FreeFall","_animationQueue":[],"_animationSpeed":1,"_zoom":16.125},{"_mousePosition":[683,384],"_rootPartCFrame":[769.365,225.991,46.374,-0.959,0,0.284,0,1,0,-0.284,0,-0.959],"_humanoidState":5,"_cameraCFrame":[768.711,240.981,37.394,-0.992,-0.102,0.067,0,0.548,0.837,-0.122,0.83,-0.544],"_shiftlockState":true,"_pose":"FreeFall","_animationQueue":[],"_animationSpeed":1,"_zoom":16.125},{"_mousePosition":[683,384],"_rootPartCFrame":[769.167,226.469,46.35,-0.975,0,0.221,0,1,0,-0.221,0,-0.975],"_humanoidState":5,"_cameraCFrame":[768.512,241.46,37.369,-0.992,-0.102,0.067,0,0.548,0.837,-0.122,0.83,-0.544],"_shiftlockState":true,"_pose":"FreeFall","_animationQueue":[],"_animationSpeed":1,"_zoom":16.125},{"_mousePosition":[683,384],"_rootPartCFrame":[768.902,227.06,46.317,-0.967,0,0.253,0,1,0,-0.253,0,-0.967],"_humanoidState":5,"_cameraCFrame":[768.27,242.05,37.335,-0.992,-0.105,0.068,0,0.548,0.837,-0.125,0.83,-0.543],"_shiftlockState":true,"_pose":"FreeFall","_animationQueue":[],"_animationSpeed":1,"_zoom":16.125},{"_mousePosition":[683,384],"_rootPartCFrame":[768.571,227.721,46.276,-0.958,0,0.288,0,1,0,-0.288,0,-0.958],"_humanoidState":5,"_cameraCFrame":[767.939,242.712,37.294,-0.992,-0.105,0.068,0,0.548,0.837,-0.125,0.83,-0.543],"_shiftlockState":true,"_pose":"FreeFall","_animationQueue":[],"_animationSpeed":1,"_zoom":16.125},{"_mousePosition":[683,384],"_rootPartCFrame":[768.307,228.189,46.243,-0.967,0,0.256,0,1,0,-0.256,0,-0.967],"_humanoidState":5,"_cameraCFrame":[767.675,243.179,37.261,-0.992,-0.105,0.068,0,0.548,0.837,-0.125,0.83,-0.543],"_shiftlockState":true,"_pose":"FreeFall","_animationQueue":[],"_animationSpeed":1,"_zoom":16.125},{"_mousePosition":[683,384],"_rootPartCFrame":[768.108,228.504,46.218,-0.975,0,0.223,0,1,0,-0.223,0,-0.975],"_humanoidState":5,"_cameraCFrame":[767.473,243.512,37.262,-0.992,-0.105,0.068,0,0.546,0.838,-0.125,0.831,-0.542],"_shiftlockState":true,"_pose":"FreeFall","_animationQueue":[],"_animationSpeed":1,"_zoom":16.125},{"_mousePosition":[683,384],"_rootPartCFrame":[767.778,228.961,46.176,-0.958,0,0.288,0,1,0,-0.288,0,-0.958],"_humanoidState":5,"_cameraCFrame":[767.09,244.003,37.276,-0.993,-0.101,0.065,0,0.543,0.84,-0.12,0.834,-0.539],"_shiftlockState":true,"_pose":"FreeFall","_animationQueue":[],"_animationSpeed":1,"_zoom":16.125},{"_mousePosition":[683,384],"_rootPartCFrame":[767.513,229.265,46.143,-0.968,0,0.251,0,1,0,-0.251,0,-0.968],"_humanoidState":5,"_cameraCFrame":[766.749,244.358,37.327,-0.994,-0.095,0.06,0,0.538,0.843,-0.112,0.838,-0.535],"_shiftlockState":true,"_pose":"FreeFall","_animationQueue":[],"_animationSpeed":1,"_zoom":16.125},{"_mousePosition":[683,384],"_rootPartCFrame":[767.314,229.457,46.119,-0.977,0,0.211,0,1,0,-0.211,0,-0.977],"_humanoidState":5,"_cameraCFrame":[766.478,244.584,37.361,-0.994,-0.089,0.056,0,0.535,0.845,-0.105,0.84,-0.532],"_shiftlockState":true,"_pose":"FreeFall","_animationQueue":[],"_animationSpeed":1,"_zoom":16.125},{"_mousePosition":[683,384],"_rootPartCFrame":[766.983,229.71,46.081,-0.963,0,0.268,0,1,0,-0.268,0,-0.963],"_humanoidState":5,"_cameraCFrame":[766.098,244.87,37.381,-0.995,-0.085,0.053,0,0.531,0.847,-0.1,0.843,-0.529],"_shiftlockState":true,"_pose":"FreeFall","_animationQueue":[],"_animationSpeed":1,"_zoom":16.125},{"_mousePosition":[683,384],"_rootPartCFrame":[766.718,229.851,46.053,-0.973,0,0.231,0,1,0,-0.231,0,-0.973],"_humanoidState":5,"_cameraCFrame":[765.737,245.061,37.442,-0.996,-0.076,0.047,0,0.526,0.85,-0.09,0.847,-0.524],"_shiftlockState":true,"_pose":"FreeFall","_animationQueue":[],"_animationSpeed":1,"_zoom":16.125},{"_mousePosition":[683,384],"_rootPartCFrame":[766.453,229.937,46.026,-0.975,0,0.221,0,1,0,-0.221,0,-0.975],"_humanoidState":5,"_cameraCFrame":[765.402,245.18,37.476,-0.997,-0.07,0.043,0,0.523,0.852,-0.082,0.849,-0.521],"_shiftlockState":true,"_pose":"FreeFall","_animationQueue":[],"_animationSpeed":1,"_zoom":16.125},{"_mousePosition":[683,384],"_rootPartCFrame":[766.187,229.969,46.001,-0.977,0,0.214,0,1,0,-0.214,0,-0.977],"_humanoidState":5,"_cameraCFrame":[765.046,245.245,37.516,-0.997,-0.062,0.037,0,0.52,0.854,-0.072,0.852,-0.518],"_shiftlockState":true,"_pose":"FreeFall","_animationQueue":[],"_animationSpeed":1,"_zoom":16.125},{"_mousePosition":[683,384],"_rootPartCFrame":[765.988,229.957,45.985,-0.985,0,0.171,0,1,0,-0.171,0,-0.985],"_humanoidState":5,"_cameraCFrame":[764.779,245.265,37.562,-0.998,-0.055,0.033,0,0.516,0.856,-0.065,0.855,-0.515],"_shiftlockState":true,"_pose":"FreeFall","_animationQueue":[],"_animationSpeed":1,"_zoom":16.125},{"_mousePosition":[683,384],"_rootPartCFrame":[765.722,229.893,45.965,-0.98,0,0.197,0,1,0,-0.197,0,-0.98],"_humanoidState":5,"_cameraCFrame":[764.446,245.234,37.606,-0.998,-0.049,0.029,0,0.513,0.858,-0.057,0.857,-0.512],"_shiftlockState":true,"_pose":"FreeFall","_animationQueue":[["fall",0.3]],"_animationSpeed":1,"_zoom":16.125},{"_mousePosition":[683,384],"_rootPartCFrame":[765.389,229.737,45.943,-0.975,0,0.222,0,1,0,-0.222,0,-0.975],"_humanoidState":5,"_cameraCFrame":[764.114,245.078,37.584,-0.998,-0.049,0.029,0,0.513,0.858,-0.057,0.857,-0.512],"_shiftlockState":true,"_pose":"FreeFall","_animationQueue":[],"_animationSpeed":1,"_zoom":16.125},{"_mousePosition":[683,384],"_rootPartCFrame":[765.123,229.551,45.928,-0.982,0,0.189,0,1,0,-0.189,0,-0.982],"_humanoidState":5,"_cameraCFrame":[763.847,244.892,37.568,-0.998,-0.049,0.029,0,0.513,0.858,-0.057,0.857,-0.512],"_shiftlockState":true,"_pose":"FreeFall","_animationQueue":[],"_animationSpeed":1,"_zoom":16.125},{"_mousePosition":[683,384],"_rootPartCFrame":[764.924,229.375,45.916,-0.988,0,0.156,0,1,0,-0.156,0,-0.988],"_humanoidState":5,"_cameraCFrame":[763.648,244.716,37.557,-0.998,-0.049,0.029,0,0.513,0.858,-0.057,0.857,-0.512],"_shiftlockState":true,"_pose":"FreeFall","_animationQueue":[],"_animationSpeed":1,"_zoom":16.125},{"_mousePosition":[683,384],"_rootPartCFrame":[764.658,229.094,45.901,-0.982,0,0.189,0,1,0,-0.189,0,-0.982],"_humanoidState":5,"_cameraCFrame":[763.382,244.435,37.542,-0.998,-0.049,0.029,0,0.513,0.858,-0.057,0.857,-0.512],"_shiftlockState":true,"_pose":"FreeFall","_animationQueue":[],"_animationSpeed":1,"_zoom":16.125},{"_mousePosition":[683,384],"_rootPartCFrame":[764.391,228.758,45.886,-0.982,0,0.189,0,1,0,-0.189,0,-0.982],"_humanoidState":5,"_cameraCFrame":[763.116,244.099,37.526,-0.998,-0.049,0.029,0,0.513,0.858,-0.057,0.857,-0.512],"_shiftlockState":true,"_pose":"FreeFall","_animationQueue":[],"_animationSpeed":1,"_zoom":16.125},{"_mousePosition":[683,384],"_rootPartCFrame":[764.125,228.367,45.871,-0.982,0,0.189,0,1,0,-0.189,0,-0.982],"_humanoidState":5,"_cameraCFrame":[762.848,243.724,37.538,-0.998,-0.049,0.029,0,0.511,0.859,-0.057,0.858,-0.511],"_shiftlockState":true,"_pose":"FreeFall","_animationQueue":[],"_animationSpeed":1,"_zoom":16.125},{"_mousePosition":[683,384],"_rootPartCFrame":[763.793,227.802,45.852,-0.975,0,0.222,0,1,0,-0.222,0,-0.975],"_humanoidState":5,"_cameraCFrame":[762.619,243.175,37.531,-0.998,-0.06,0.035,0,0.51,0.86,-0.07,0.858,-0.508],"_shiftlockState":true,"_pose":"FreeFall","_animationQueue":[["fall",0.3]],"_animationSpeed":1,"_zoom":16.125},{"_mousePosition":[683,384],"_rootPartCFrame":[763.527,227.289,45.837,-0.979,0,0.202,0,1,0,-0.202,0,-0.979],"_humanoidState":5,"_cameraCFrame":[762.625,242.678,37.508,-0.995,-0.088,0.052,0,0.508,0.861,-0.102,0.857,-0.505],"_shiftlockState":true,"_pose":"FreeFall","_animationQueue":[],"_animationSpeed":1,"_zoom":16.125},{"_mousePosition":[683,384],"_rootPartCFrame":[763.327,226.868,45.823,-0.98,0,0.201,0,1,0,-0.201,0,-0.98],"_humanoidState":5,"_cameraCFrame":[762.996,242.257,37.453,-0.985,-0.146,0.086,0,0.508,0.861,-0.17,0.849,-0.501],"_shiftlockState":true,"_pose":"FreeFall","_animationQueue":[],"_animationSpeed":1,"_zoom":16.125},{"_mousePosition":[683,384],"_rootPartCFrame":[763.062,226.26,45.797,-0.954,0,0.299,0,1,0,-0.299,0,-0.954],"_humanoidState":5,"_cameraCFrame":[763.557,241.649,37.435,-0.964,-0.229,0.135,0,0.508,0.861,-0.266,0.83,-0.49],"_shiftlockState":true,"_pose":"FreeFall","_animationQueue":[],"_animationSpeed":1,"_zoom":16.125},{"_mousePosition":[683,384],"_rootPartCFrame":[762.798,225.597,45.755,-0.92,0,0.392,0,1,0,-0.392,0,-0.92],"_humanoidState":5,"_cameraCFrame":[764.282,240.986,37.51,-0.925,-0.326,0.192,0,0.508,0.861,-0.379,0.797,-0.47],"_shiftlockState":true,"_pose":"FreeFall","_animationQueue":[],"_animationSpeed":1,"_zoom":16.125},{"_mousePosition":[683,384],"_rootPartCFrame":[762.54,224.879,45.691,-0.867,0,0.498,0,1,0,-0.498,0,-0.867],"_humanoidState":5,"_cameraCFrame":[765.052,240.268,37.699,-0.87,-0.424,0.25,0,0.508,0.861,-0.493,0.75,-0.442],"_shiftlockState":true,"_pose":"FreeFall","_animationQueue":[],"_animationSpeed":1,"_zoom":16.125},{"_mousePosition":[683,384],"_rootPartCFrame":[762.228,223.905,45.575,-0.777,0,0.63,0,1,0,-0.63,0,-0.777],"_humanoidState":5,"_cameraCFrame":[765.709,239.294,37.955,-0.803,-0.514,0.303,0,0.508,0.861,-0.596,0.691,-0.408],"_shiftlockState":true,"_pose":"FreeFall","_animationQueue":[["fall",0.3]],"_animationSpeed":1,"_zoom":16.125},{"_mousePosition":[683,384],"_rootPartCFrame":[762.049,223.28,45.486,-0.739,0,0.674,0,1,0,-0.674,0,-0.739],"_humanoidState":5,"_cameraCFrame":[766.374,238.637,38.25,-0.733,-0.584,0.348,0,0.511,0.859,-0.68,0.63,-0.375],"_shiftlockState":true,"_pose":"FreeFall","_animationQueue":[],"_animationSpeed":1,"_zoom":16.125},{"_mousePosition":[683,384],"_rootPartCFrame":[761.779,222.455,45.292,-0.703,0,0.711,0,1,0,-0.711,0,-0.703],"_humanoidState":7,"_cameraCFrame":[766.697,237.78,38.381,-0.678,-0.631,0.379,0,0.515,0.857,-0.735,0.581,-0.349],"_shiftlockState":true,"_pose":"FreeFall","_animationQueue":[["walk",0.1],["fall",0.3],["fall",0.3]],"_animationSpeed":1,"_zoom":16.125},{"_mousePosition":[683,384],"_rootPartCFrame":[761.629,222.46,45.159,-0.676,0,0.737,0,1,0,-0.737,0,-0.676],"_humanoidState":7,"_cameraCFrame":[766.844,237.769,38.436,-0.647,-0.653,0.394,0,0.516,0.856,-0.762,0.554,-0.334],"_shiftlockState":true,"_pose":"FreeFall","_animationQueue":[],"_animationSpeed":1,"_zoom":16.125},{"_mousePosition":[683,384],"_rootPartCFrame":[761.401,222.57,44.916,-0.647,0,0.763,0,1,0,-0.763,0,-0.647],"_humanoidState":8,"_cameraCFrame":[766.688,237.862,38.215,-0.641,-0.656,0.397,0,0.518,0.855,-0.767,0.549,-0.332],"_shiftlockState":true,"_pose":"Running","_animationQueue":[["walk",0.1],["fall",0.3],["walk",0.1]],"_animationSpeed":1.103,"_zoom":16.125},{"_mousePosition":[683,384],"_rootPartCFrame":[761.228,222.628,44.713,-0.641,0,0.767,0,1,0,-0.767,0,-0.641],"_humanoidState":8,"_cameraCFrame":[766.381,237.904,37.876,-0.659,-0.643,0.391,0,0.52,0.854,-0.752,0.563,-0.342],"_shiftlockState":true,"_pose":"Running","_animationQueue":[],"_animationSpeed":1.103,"_zoom":16.125},{"_mousePosition":[683,384],"_rootPartCFrame":[761.014,222.667,44.458,-0.659,0,0.752,0,1,0,-0.752,0,-0.659],"_humanoidState":8,"_cameraCFrame":[765.85,237.943,37.393,-0.692,-0.616,0.375,0,0.52,0.854,-0.722,0.591,-0.36],"_shiftlockState":true,"_pose":"Running","_animationQueue":[],"_animationSpeed":1.103,"_zoom":16.125},{"_mousePosition":[683,384],"_rootPartCFrame":[760.839,222.682,44.257,-0.692,0,0.722,0,1,0,-0.722,0,-0.692],"_humanoidState":8,"_cameraCFrame":[765.256,237.958,36.922,-0.733,-0.581,0.353,0,0.52,0.854,-0.68,0.626,-0.381],"_shiftlockState":true,"_pose":"Running","_animationQueue":[["walk",0.1]],"_animationSpeed":1.103,"_zoom":16.125},{"_mousePosition":[683,384],"_rootPartCFrame":[760.656,222.69,44.063,-0.733,0,0.68,0,1,0,-0.68,0,-0.733],"_humanoidState":8,"_cameraCFrame":[764.309,237.966,36.32,-0.798,-0.515,0.313,0,0.52,0.854,-0.603,0.682,-0.415],"_shiftlockState":true,"_pose":"Running","_animationQueue":[],"_animationSpeed":1.103,"_zoom":16.125},{"_mousePosition":[683,384],"_rootPartCFrame":[760.472,223.563,43.87,-0.798,0,0.603,0,1,0,-0.603,0,-0.798],"_humanoidState":3,"_cameraCFrame":[763.558,238.872,35.941,-0.837,-0.468,0.282,0,0.516,0.856,-0.547,0.717,-0.432],"_shiftlockState":true,"_pose":"Jumping","_animationQueue":[["walk",0.1],["jump",0.1]],"_animationSpeed":1,"_zoom":16.125},{"_mousePosition":[683,384],"_rootPartCFrame":[760.271,224.385,43.696,-0.784,0,0.621,0,1,0,-0.621,0,-0.784],"_humanoidState":5,"_cameraCFrame":[762.83,239.742,35.664,-0.869,-0.425,0.253,0,0.511,0.859,-0.495,0.747,-0.444],"_shiftlockState":true,"_pose":"FreeFall","_animationQueue":[["jump",0.1]],"_animationSpeed":1,"_zoom":16.125},{"_mousePosition":[683,384],"_rootPartCFrame":[760.106,224.966,43.583,-0.818,0,0.576,0,1,0,-0.576,0,-0.818],"_humanoidState":5,"_cameraCFrame":[762.207,240.387,35.528,-0.893,-0.389,0.227,0,0.505,0.863,-0.45,0.771,-0.451],"_shiftlockState":true,"_pose":"FreeFall","_animationQueue":[],"_animationSpeed":1,"_zoom":16.125},{"_mousePosition":[683,384],"_rootPartCFrame":[759.818,225.866,43.415,-0.807,0,0.591,0,1,0,-0.591,0,-0.807],"_humanoidState":5,"_cameraCFrame":[761.506,241.35,35.372,-0.913,-0.355,0.204,0,0.498,0.867,-0.409,0.791,-0.454],"_shiftlockState":true,"_pose":"FreeFall","_animationQueue":[],"_animationSpeed":1,"_zoom":16.125},{"_mousePosition":[683,384],"_rootPartCFrame":[759.581,226.524,43.293,-0.85,0,0.527,0,1,0,-0.527,0,-0.85],"_humanoidState":5,"_cameraCFrame":[760.921,242.07,35.294,-0.927,-0.326,0.184,0,0.491,0.871,-0.374,0.808,-0.455],"_shiftlockState":true,"_pose":"FreeFall","_animationQueue":[],"_animationSpeed":1,"_zoom":16.125},{"_mousePosition":[683,384],"_rootPartCFrame":[759.399,226.982,43.21,-0.885,0,0.465,0,1,0,-0.465,0,-0.885],"_humanoidState":5,"_cameraCFrame":[760.457,242.559,35.222,-0.939,-0.3,0.168,0,0.488,0.873,-0.343,0.82,-0.458],"_shiftlockState":true,"_pose":"FreeFall","_animationQueue":[],"_animationSpeed":1,"_zoom":16.125},{"_mousePosition":[683,384],"_rootPartCFrame":[759.091,227.678,43.084,-0.869,0,0.494,0,1,0,-0.494,0,-0.869],"_humanoidState":5,"_cameraCFrame":[759.92,243.3,35.15,-0.948,-0.28,0.154,0,0.483,0.876,-0.32,0.83,-0.457],"_shiftlockState":true,"_pose":"FreeFall","_animationQueue":[],"_animationSpeed":1,"_zoom":16.125},{"_mousePosition":[683,384],"_rootPartCFrame":[758.841,228.173,42.991,-0.897,0,0.443,0,1,0,-0.443,0,-0.897],"_humanoidState":5,"_cameraCFrame":[759.492,243.826,35.094,-0.954,-0.264,0.144,0,0.479,0.878,-0.3,0.837,-0.457],"_shiftlockState":true,"_pose":"FreeFall","_animationQueue":[],"_animationSpeed":1,"_zoom":16.125},{"_mousePosition":[683,384],"_rootPartCFrame":[758.589,228.613,42.905,-0.905,0,0.424,0,1,0,-0.424,0,-0.905],"_humanoidState":5,"_cameraCFrame":[759.084,244.296,35.051,-0.959,-0.249,0.135,0,0.476,0.88,-0.283,0.843,-0.456],"_shiftlockState":true,"_pose":"FreeFall","_animationQueue":[],"_animationSpeed":1,"_zoom":16.125},{"_mousePosition":[683,384],"_rootPartCFrame":[758.398,228.908,42.844,-0.926,0,0.378,0,1,0,-0.378,0,-0.926],"_humanoidState":5,"_cameraCFrame":[758.708,244.606,35.007,-0.965,-0.23,0.124,0,0.474,0.88,-0.261,0.85,-0.458],"_shiftlockState":true,"_pose":"FreeFall","_animationQueue":[],"_animationSpeed":1,"_zoom":16.125},{"_mousePosition":[683,384],"_rootPartCFrame":[758.079,229.331,42.749,-0.909,0,0.418,0,1,0,-0.418,0,-0.909],"_humanoidState":5,"_cameraCFrame":[758.275,245.058,34.963,-0.968,-0.22,0.117,0,0.471,0.882,-0.249,0.854,-0.456],"_shiftlockState":true,"_pose":"FreeFall","_animationQueue":[],"_animationSpeed":1,"_zoom":16.125},{"_mousePosition":[683,384],"_rootPartCFrame":[757.821,229.608,42.678,-0.927,0,0.376,0,1,0,-0.376,0,-0.927],"_humanoidState":5,"_cameraCFrame":[757.919,245.335,34.89,-0.972,-0.209,0.112,0,0.471,0.882,-0.237,0.857,-0.457],"_shiftlockState":true,"_pose":"FreeFall","_animationQueue":[],"_animationSpeed":1,"_zoom":16.125},{"_mousePosition":[683,384],"_rootPartCFrame":[757.628,229.78,42.628,-0.943,0,0.333,0,1,0,-0.333,0,-0.943],"_humanoidState":5,"_cameraCFrame":[757.602,245.522,34.866,-0.975,-0.196,0.104,0,0.469,0.883,-0.222,0.861,-0.457],"_shiftlockState":true,"_pose":"FreeFall","_animationQueue":[],"_animationSpeed":1,"_zoom":16.125},{"_mousePosition":[683,384],"_rootPartCFrame":[757.304,229.998,42.548,-0.925,0,0.381,0,1,0,-0.381,0,-0.925],"_humanoidState":5,"_cameraCFrame":[757.109,245.77,34.843,-0.979,-0.179,0.094,0,0.465,0.885,-0.202,0.867,-0.456],"_shiftlockState":true,"_pose":"FreeFall","_animationQueue":[],"_animationSpeed":1,"_zoom":16.125},{"_mousePosition":[683,384],"_rootPartCFrame":[757.109,230.089,42.503,-0.954,0,0.299,0,1,0,-0.299,0,-0.954],"_humanoidState":5,"_cameraCFrame":[756.754,245.875,34.831,-0.983,-0.162,0.085,0,0.464,0.886,-0.183,0.871,-0.456],"_shiftlockState":true,"_pose":"FreeFall","_animationQueue":[],"_animationSpeed":1,"_zoom":16.125},{"_mousePosition":[683,384],"_rootPartCFrame":[756.848,230.161,42.449,-0.95,0,0.312,0,1,0,-0.312,0,-0.95],"_humanoidState":5,"_cameraCFrame":[756.386,245.976,34.837,-0.985,-0.151,0.078,0,0.46,0.888,-0.17,0.875,-0.454],"_shiftlockState":true,"_pose":"FreeFall","_animationQueue":[],"_animationSpeed":1,"_zoom":16.125},{"_mousePosition":[683,384],"_rootPartCFrame":[756.529,230.175,42.417,-0.952,0,0.308,0,1,0,-0.308,0,-0.952],"_humanoidState":5,"_cameraCFrame":[756.029,245.991,34.808,-0.986,-0.147,0.076,0,0.46,0.888,-0.165,0.876,-0.454],"_shiftlockState":true,"_pose":"FreeFall","_animationQueue":[],"_animationSpeed":1,"_zoom":16.125},{"_mousePosition":[683,384],"_rootPartCFrame":[756.283,230.126,42.436,-0.963,0,0.269,0,1,0,-0.269,0,-0.963],"_humanoidState":5,"_cameraCFrame":[755.821,245.941,34.824,-0.985,-0.151,0.078,0,0.46,0.888,-0.17,0.875,-0.454],"_shiftlockState":true,"_pose":"FreeFall","_animationQueue":[],"_animationSpeed":1,"_zoom":16.125},{"_mousePosition":[683,384],"_rootPartCFrame":[756.156,230.021,42.382,-0.962,0,0.274,0,1,0,-0.274,0,-0.962],"_humanoidState":5,"_cameraCFrame":[756.091,245.807,34.702,-0.976,-0.195,0.102,0,0.464,0.886,-0.22,0.864,-0.452],"_shiftlockState":true,"_pose":"FreeFall","_animationQueue":[["fall",0.3]],"_animationSpeed":1,"_zoom":16.125},{"_mousePosition":[683,384],"_rootPartCFrame":[756.055,229.862,42.335,-0.949,0,0.316,0,1,0,-0.316,0,-0.949],"_humanoidState":5,"_cameraCFrame":[757.304,245.515,34.511,-0.928,-0.326,0.178,0,0.479,0.878,-0.372,0.815,-0.445],"_shiftlockState":true,"_pose":"FreeFall","_animationQueue":[],"_animationSpeed":1,"_zoom":16.125},{"_mousePosition":[683,384],"_rootPartCFrame":[755.928,229.649,42.308,-0.892,0,0.452,0,1,0,-0.452,0,-0.892],"_humanoidState":5,"_cameraCFrame":[759.344,245.225,35.01,-0.792,-0.533,0.298,0,0.488,0.873,-0.611,0.691,-0.386],"_shiftlockState":true,"_pose":"FreeFall","_animationQueue":[],"_animationSpeed":1,"_zoom":16.125},{"_mousePosition":[683,384],"_rootPartCFrame":[755.823,229.621,42.161,-0.826,-0.004,0.564,-0.005,1,0,-0.564,-0.003,-0.826],"_humanoidState":7,"_cameraCFrame":[761.662,245.105,36.381,-0.535,-0.733,0.421,0,0.498,0.867,-0.845,0.464,-0.267],"_shiftlockState":true,"_pose":"FreeFall","_animationQueue":[["walk",0.1],["fall",0.3],["fall",0.3]],"_animationSpeed":1,"_zoom":16.125},{"_mousePosition":[683,384],"_rootPartCFrame":[755.716,229.645,41.881,-0.605,0.002,0.796,0.001,1,-0.002,-0.796,-0.001,-0.605],"_humanoidState":7,"_cameraCFrame":[763.309,244.986,38.149,-0.246,-0.832,0.497,0,0.513,0.858,-0.969,0.211,-0.126],"_shiftlockState":true,"_pose":"FreeFall","_animationQueue":[],"_animationSpeed":1,"_zoom":16.125},{"_mousePosition":[683,384],"_rootPartCFrame":[755.625,229.64,41.696,-0.272,0.004,0.962,0.002,1,-0.003,-0.962,0.001,-0.272],"_humanoidState":7,"_cameraCFrame":[764.247,244.733,39.682,-0.031,-0.843,0.538,0,0.538,0.843,-1,0.026,-0.017],"_shiftlockState":true,"_pose":"FreeFall","_animationQueue":[],"_animationSpeed":1,"_zoom":16.125},{"_mousePosition":[683,384],"_rootPartCFrame":[755.431,229.564,41.604,-0.035,0.001,0.999,0,1,-0.001,-0.999,0,-0.035],"_humanoidState":8,"_cameraCFrame":[764,244.623,39.194,-0.076,-0.838,0.54,0,0.541,0.841,-0.997,0.064,-0.041],"_shiftlockState":true,"_pose":"Running","_animationQueue":[["walk",0.1],["fall",0.3],["walk",0.1]],"_animationSpeed":0.83,"_zoom":16.125},{"_mousePosition":[683,384],"_rootPartCFrame":[755.298,230.447,41.527,-0.077,-0.001,0.997,-0.001,1,0.001,-0.997,-0.001,-0.077],"_humanoidState":3,"_cameraCFrame":[763.097,245.557,37.404,-0.282,-0.81,0.514,0,0.536,0.844,-0.959,0.238,-0.151],"_shiftlockState":true,"_pose":"Jumping","_animationQueue":[["walk",0.1],["walk",0.1],["jump",0.1]],"_animationSpeed":1,"_zoom":16.125},{"_mousePosition":[683,384],"_rootPartCFrame":[755.186,231.089,41.475,-0.222,-0.001,0.975,-0.001,1,0.001,-0.975,0,-0.222],"_humanoidState":5,"_cameraCFrame":[761.326,246.216,35.176,-0.563,-0.699,0.442,0,0.535,0.845,-0.827,0.476,-0.301],"_shiftlockState":true,"_pose":"FreeFall","_animationQueue":[["jump",0.1]],"_animationSpeed":1,"_zoom":16.125},{"_mousePosition":[683,384],"_rootPartCFrame":[754.962,232.091,41.357,-0.426,0,0.905,0,1,0,-0.905,0,-0.426],"_humanoidState":5,"_cameraCFrame":[758.699,247.218,33.394,-0.803,-0.504,0.319,0,0.535,0.845,-0.596,0.678,-0.429],"_shiftlockState":true,"_pose":"FreeFall","_animationQueue":[],"_animationSpeed":1,"_zoom":16.125},{"_mousePosition":[683,384],"_rootPartCFrame":[754.775,232.832,41.23,-0.717,0,0.697,0,1,0,-0.697,0,-0.717],"_humanoidState":5,"_cameraCFrame":[756.205,247.992,32.603,-0.934,-0.303,0.19,0,0.531,0.847,-0.358,0.791,-0.496],"_shiftlockState":true,"_pose":"FreeFall","_animationQueue":[],"_animationSpeed":1,"_zoom":16.125},{"_mousePosition":[683,384],"_rootPartCFrame":[754.572,233.517,41.077,-0.878,0,0.479,0,1,0,-0.479,0,-0.878],"_humanoidState":5,"_cameraCFrame":[754.482,248.678,32.333,-0.982,-0.161,0.101,0,0.531,0.847,-0.19,0.832,-0.522],"_shiftlockState":true,"_pose":"FreeFall","_animationQueue":[],"_animationSpeed":1,"_zoom":16.125},{"_mousePosition":[683,384],"_rootPartCFrame":[754.348,234.149,40.941,-0.948,0,0.319,0,1,0,-0.319,0,-0.948],"_humanoidState":5,"_cameraCFrame":[753.462,249.309,32.241,-0.995,-0.085,0.053,0,0.531,0.847,-0.1,0.843,-0.529],"_shiftlockState":true,"_pose":"FreeFall","_animationQueue":[],"_animationSpeed":1,"_zoom":16.125},{"_mousePosition":[683,384],"_rootPartCFrame":[754.106,234.725,40.84,-0.973,0,0.231,0,1,0,-0.231,0,-0.973],"_humanoidState":5,"_cameraCFrame":[752.894,249.852,32.127,-0.998,-0.052,0.033,0,0.535,0.845,-0.062,0.843,-0.534],"_shiftlockState":true,"_pose":"FreeFall","_animationQueue":[],"_animationSpeed":1,"_zoom":16.125},{"_mousePosition":[683,384],"_rootPartCFrame":[753.852,235.248,40.777,-0.981,0,0.194,0,1,0,-0.194,0,-0.981],"_humanoidState":5,"_cameraCFrame":[752.444,250.341,32.041,-0.999,-0.033,0.021,0,0.538,0.843,-0.039,0.842,-0.538],"_shiftlockState":true,"_pose":"FreeFall","_animationQueue":[],"_animationSpeed":1,"_zoom":16.125},{"_mousePosition":[683,384],"_rootPartCFrame":[753.655,235.604,40.754,-0.99,0,0.139,0,1,0,-0.139,0,-0.99],"_humanoidState":5,"_cameraCFrame":[751.719,250.697,32.12,-1,0.018,-0.012,0,0.538,0.843,0.021,0.843,-0.538],"_shiftlockState":true,"_pose":"FreeFall","_animationQueue":[],"_animationSpeed":1,"_zoom":16.125},{"_mousePosition":[683,384],"_rootPartCFrame":[753.322,236.129,40.74,-0.989,0,0.145,0,1,0,-0.145,0,-0.989],"_humanoidState":5,"_cameraCFrame":[750.887,251.222,32.232,-0.997,0.067,-0.043,0,0.538,0.843,0.08,0.84,-0.536],"_shiftlockState":true,"_pose":"FreeFall","_animationQueue":[],"_animationSpeed":1,"_zoom":16.125},{"_mousePosition":[683,384],"_rootPartCFrame":[753.055,236.488,40.743,-0.999,0,0.054,0,1,0,-0.054,0,-0.999],"_humanoidState":5,"_cameraCFrame":[750.088,251.581,32.406,-0.99,0.12,-0.077,0,0.538,0.843,0.142,0.834,-0.532],"_shiftlockState":true,"_pose":"FreeFall","_animationQueue":[],"_animationSpeed":1,"_zoom":16.125},{"_mousePosition":[683,384],"_rootPartCFrame":[752.789,236.792,40.762,-1,0,-0.01,0,1,0,0.01,0,-1],"_humanoidState":5,"_cameraCFrame":[749.383,251.885,32.595,-0.981,0.164,-0.105,0,0.538,0.843,0.195,0.827,-0.528],"_shiftlockState":true,"_pose":"FreeFall","_animationQueue":[],"_animationSpeed":1,"_zoom":16.125},{"_mousePosition":[683,384],"_rootPartCFrame":[752.525,237.042,40.797,-0.998,0,-0.063,0,1,0,0.063,0,-0.998],"_humanoidState":5,"_cameraCFrame":[748.765,252.118,32.758,-0.972,0.199,-0.128,0,0.54,0.842,0.237,0.818,-0.524],"_shiftlockState":true,"_pose":"FreeFall","_animationQueue":[],"_animationSpeed":1,"_zoom":16.125},{"_mousePosition":[683,384],"_rootPartCFrame":[752.263,237.237,40.847,-0.994,0,-0.106,0,1,0,0.106,0,-0.994],"_humanoidState":5,"_cameraCFrame":[748.24,252.313,32.936,-0.963,0.226,-0.145,0,0.54,0.842,0.269,0.811,-0.52],"_shiftlockState":true,"_pose":"FreeFall","_animationQueue":[],"_animationSpeed":1,"_zoom":16.125},{"_mousePosition":[683,384],"_rootPartCFrame":[752.004,237.378,40.908,-0.99,0,-0.138,0,1,0,0.138,0,-0.99],"_humanoidState":5,"_cameraCFrame":[747.821,252.454,33.081,-0.958,0.243,-0.155,0,0.54,0.842,0.288,0.806,-0.517],"_shiftlockState":true,"_pose":"FreeFall","_animationQueue":[],"_animationSpeed":1,"_zoom":16.125},{"_mousePosition":[683,384],"_rootPartCFrame":[751.747,237.464,40.979,-0.987,0,-0.158,0,1,0,0.158,0,-0.987],"_humanoidState":5,"_cameraCFrame":[747.465,252.54,33.205,-0.954,0.253,-0.162,0,0.54,0.842,0.3,0.803,-0.515],"_shiftlockState":true,"_pose":"FreeFall","_animationQueue":[],"_animationSpeed":1,"_zoom":16.125},{"_mousePosition":[683,384],"_rootPartCFrame":[751.491,237.496,41.055,-0.985,0,-0.171,0,1,0,0.171,0,-0.985],"_humanoidState":5,"_cameraCFrame":[747.151,252.572,33.313,-0.952,0.259,-0.166,0,0.54,0.842,0.307,0.801,-0.513],"_shiftlockState":true,"_pose":"FreeFall","_animationQueue":[],"_animationSpeed":1,"_zoom":16.125},{"_mousePosition":[683,384],"_rootPartCFrame":[751.237,237.473,41.134,-0.984,0,-0.178,0,1,0,0.178,0,-0.984],"_humanoidState":5,"_cameraCFrame":[746.857,252.549,33.415,-0.95,0.263,-0.168,0,0.54,0.842,0.312,0.8,-0.513],"_shiftlockState":true,"_pose":"FreeFall","_animationQueue":[],"_animationSpeed":1,"_zoom":16.125},{"_mousePosition":[683,384],"_rootPartCFrame":[751.003,237.396,41.142,-0.983,0,-0.182,0,1,0,0.182,0,-0.983],"_humanoidState":5,"_cameraCFrame":[746.612,252.489,33.459,-0.949,0.265,-0.169,0,0.538,0.843,0.315,0.8,-0.511],"_shiftlockState":true,"_pose":"FreeFall","_animationQueue":[],"_animationSpeed":1,"_zoom":16.125},{"_mousePosition":[683,384],"_rootPartCFrame":[750.832,237.302,41.103,-0.976,0,-0.217,0,1,0,0.217,0,-0.976],"_humanoidState":5,"_cameraCFrame":[746.442,252.395,33.42,-0.949,0.265,-0.169,0,0.538,0.843,0.315,0.8,-0.511],"_shiftlockState":true,"_pose":"FreeFall","_animationQueue":[],"_animationSpeed":1,"_zoom":16.125},{"_mousePosition":[683,384],"_rootPartCFrame":[750.605,237.129,41.078,-0.983,0,-0.186,0,1,0,0.186,0,-0.983],"_humanoidState":5,"_cameraCFrame":[746.214,252.223,33.395,-0.949,0.265,-0.169,0,0.538,0.843,0.315,0.8,-0.511],"_shiftlockState":true,"_pose":"FreeFall","_animationQueue":[["fall",0.3]],"_animationSpeed":1,"_zoom":16.125},{"_mousePosition":[683,384],"_rootPartCFrame":[750.363,236.902,41.089,-0.983,0,-0.186,0,1,0,0.186,0,-0.983],"_humanoidState":5,"_cameraCFrame":[745.981,252.012,33.431,-0.949,0.266,-0.169,0,0.536,0.844,0.315,0.801,-0.509],"_shiftlockState":true,"_pose":"FreeFall","_animationQueue":[],"_animationSpeed":1,"_zoom":16.125},{"_mousePosition":[683,384],"_rootPartCFrame":[750.077,236.542,41.153,-0.984,0,-0.179,0,1,0,0.179,0,-0.984],"_humanoidState":5,"_cameraCFrame":[745.73,251.685,33.534,-0.95,0.264,-0.166,0,0.533,0.846,0.312,0.804,-0.506],"_shiftlockState":true,"_pose":"FreeFall","_animationQueue":[],"_animationSpeed":1,"_zoom":16.125},{"_mousePosition":[683,384],"_rootPartCFrame":[749.93,236.192,41.127,-0.978,0,-0.209,0,1,0,0.209,0,-0.978],"_humanoidState":5,"_cameraCFrame":[746.009,251.369,33.34,-0.965,0.222,-0.138,0,0.53,0.848,0.261,0.819,-0.511],"_shiftlockState":true,"_pose":"FreeFall","_animationQueue":[],"_animationSpeed":1,"_zoom":16.125},{"_mousePosition":[683,384],"_rootPartCFrame":[749.806,235.788,41.152,-0.986,0,-0.164,0,1,0,0.164,0,-0.986],"_humanoidState":5,"_cameraCFrame":[747.239,250.998,32.874,-0.995,0.083,-0.051,0,0.526,0.85,0.097,0.846,-0.524],"_shiftlockState":true,"_pose":"FreeFall","_animationQueue":[],"_animationSpeed":1,"_zoom":16.125},{"_mousePosition":[683,384],"_rootPartCFrame":[749.712,235.449,41.197,-1,0,-0.031,0,1,0,0.031,0,-1],"_humanoidState":5,"_cameraCFrame":[749.929,250.676,32.559,-0.974,-0.193,0.119,0,0.525,0.851,-0.227,0.829,-0.511],"_shiftlockState":true,"_pose":"FreeFall","_animationQueue":[],"_animationSpeed":1,"_zoom":16.125},{"_mousePosition":[683,384],"_rootPartCFrame":[749.554,234.974,41.138,-0.97,-0.004,0.243,-0.004,1,0,-0.243,-0.001,-0.97],"_humanoidState":5,"_cameraCFrame":[753.515,250.151,33.373,-0.781,-0.53,0.331,0,0.53,0.848,-0.625,0.662,-0.414],"_shiftlockState":true,"_pose":"FreeFall","_animationQueue":[["fall",0.3]],"_animationSpeed":1,"_zoom":16.125},{"_mousePosition":[683,384],"_rootPartCFrame":[749.32,235.145,40.901,-0.8,0.003,0.599,0.001,1,-0.004,-0.599,-0.002,-0.8],"_humanoidState":7,"_cameraCFrame":[756.243,250.136,35.134,-0.479,-0.735,0.481,0,0.548,0.837,-0.878,0.4,-0.262],"_shiftlockState":true,"_pose":"FreeFall","_animationQueue":[["walk",0.1],["fall",0.3],["fall",0.3]],"_animationSpeed":1,"_zoom":16.125},{"_mousePosition":[683,384],"_rootPartCFrame":[749.122,235.345,40.783,-0.48,0.006,0.877,0.002,1,-0.005,-0.877,0,-0.48],"_humanoidState":7,"_cameraCFrame":[757.433,250.162,36.681,-0.265,-0.796,0.544,0,0.564,0.826,-0.964,0.219,-0.15],"_shiftlockState":true,"_pose":"FreeFall","_animationQueue":[],"_animationSpeed":1,"_zoom":16.125},{"_mousePosition":[683,384],"_rootPartCFrame":[748.987,235.458,40.782,-0.262,0.002,0.965,0.001,1,-0.002,-0.965,0,-0.262],"_humanoidState":8,"_cameraCFrame":[757.534,250.203,36.955,-0.231,-0.799,0.555,0,0.57,0.821,-0.973,0.19,-0.132],"_shiftlockState":true,"_pose":"Running","_animationQueue":[["walk",0.1],["fall",0.3],["walk",0.1]],"_animationSpeed":0.827,"_zoom":16.125},{"_mousePosition":[683,384],"_rootPartCFrame":[748.774,236.562,40.781,-0.228,-0.003,0.974,-0.001,1,0.003,-0.974,0,-0.228],"_humanoidState":3,"_cameraCFrame":[756.609,251.307,35.664,-0.38,-0.76,0.528,0,0.57,0.821,-0.925,0.312,-0.217],"_shiftlockState":true,"_pose":"Jumping","_animationQueue":[["walk",0.1],["jump",0.1]],"_animationSpeed":1,"_zoom":16.125},{"_mousePosition":[683,384],"_rootPartCFrame":[748.614,237.412,40.753,-0.293,-0.003,0.956,-0.001,1,0.002,-0.956,0,-0.293],"_humanoidState":5,"_cameraCFrame":[754.725,252.156,33.663,-0.622,-0.643,0.447,0,0.57,0.821,-0.783,0.511,-0.355],"_shiftlockState":true,"_pose":"FreeFall","_animationQueue":[["jump",0.1]],"_animationSpeed":1,"_zoom":16.125},{"_mousePosition":[683,384],"_rootPartCFrame":[748.503,238.013,40.711,-0.544,-0.001,0.839,0,1,0.001,-0.839,0.001,-0.544],"_humanoidState":5,"_cameraCFrame":[752.222,252.667,31.983,-0.832,-0.453,0.321,0,0.578,0.816,-0.555,0.679,-0.481],"_shiftlockState":true,"_pose":"FreeFall","_animationQueue":[],"_animationSpeed":1,"_zoom":16.125},{"_mousePosition":[683,384],"_rootPartCFrame":[748.315,238.947,40.591,-0.729,0,0.685,0,1,0,-0.685,0,-0.729],"_humanoidState":5,"_cameraCFrame":[748.631,253.528,31.007,-0.977,-0.174,0.126,0,0.585,0.811,-0.215,0.792,-0.571],"_shiftlockState":true,"_pose":"FreeFall","_animationQueue":[],"_animationSpeed":1,"_zoom":16.125},{"_mousePosition":[683,384],"_rootPartCFrame":[748.139,239.632,40.465,-0.939,0,0.343,0,1,0,-0.343,0,-0.939],"_humanoidState":5,"_cameraCFrame":[747.155,254.14,30.826,-0.997,-0.064,0.047,0,0.591,0.807,-0.08,0.804,-0.589],"_shiftlockState":true,"_pose":"FreeFall","_animationQueue":[],"_animationSpeed":1,"_zoom":16.125},{"_mousePosition":[683,384],"_rootPartCFrame":[747.987,240.111,40.376,-0.984,0,0.179,0,1,0,-0.179,0,-0.984],"_humanoidState":5,"_cameraCFrame":[746.421,254.544,30.714,-1,-0.015,0.011,0,0.597,0.802,-0.019,0.802,-0.597],"_shiftlockState":true,"_pose":"FreeFall","_animationQueue":[],"_animationSpeed":1,"_zoom":16.125},{"_mousePosition":[683,384],"_rootPartCFrame":[747.706,240.84,40.269,-0.983,0,0.185,0,1,0,-0.185,0,-0.983],"_humanoidState":5,"_cameraCFrame":[745.871,255.255,30.629,-1,0.007,-0.005,0,0.599,0.801,0.009,0.801,-0.599],"_shiftlockState":true,"_pose":"FreeFall","_animationQueue":[],"_animationSpeed":1,"_zoom":16.125},{"_mousePosition":[683,384],"_rootPartCFrame":[747.459,241.363,40.223,-0.992,0,0.124,0,1,0,-0.124,0,