[{"_mousePosition":[1119,359],"_rootPartCFrame":[776.031,222.954,47.142,-0.001,-0.004,1,0,1,0.004,-1,0,-0.001],"_humanoidState":8,"_cameraCFrame":[778.899,232.899,40.458,-0.919,-0.299,0.258,0,0.653,0.758,-0.395,0.696,-0.6],"_shiftlockState":false,"_pose":"Standing","_animationQueue":[],"_animationSpeed":1,"_zoom":11.147},{"_mousePosition":[1073,376],"_rootPartCFrame":[775.874,222.868,47.074,0.039,-0.001,0.999,0,1,0.001,-0.999,0,0.039],"_humanoidState":8,"_cameraCFrame":[778.746,232.813,40.39,-0.919,-0.299,0.258,0,0.653,0.758,-0.395,0.696,-0.6],"_shiftlockState":false,"_pose":"Standing","_animationQueue":[],"_animationSpeed":1,"_zoom":11.147},{"_mousePosition":[1067,379],"_rootPartCFrame":[775.63,222.721,46.97,0.088,0,0.996,0,1,0,-0.996,0,0.088],"_humanoidState":8,"_cameraCFrame":[778.505,232.666,40.285,-0.919,-0.299,0.258,0,0.653,0.758,-0.395,0.696,-0.6],"_shiftlockState":false,"_pose":"Running","_animationQueue":[["walk",0.1]],"_animationSpeed":1.002,"_zoom":11.147},{"_mousePosition":[1027,403],"_rootPartCFrame":[775.385,222.611,46.864,0.131,0,0.991,0,1,0,-0.991,0,0.131],"_humanoidState":8,"_cameraCFrame":[778.26,232.556,40.18,-0.919,-0.299,0.258,0,0.653,0.758,-0.395,0.696,-0.6],"_shiftlockState":false,"_pose":"Running","_animationQueue":[["walk",0.1]],"_animationSpeed":1.103,"_zoom":11.147},{"_mousePosition":[1020,408],"_rootPartCFrame":[775.14,222.636,46.759,0.168,0,0.986,0,1,0,-0.986,0,0.168],"_humanoidState":8,"_cameraCFrame":[778.015,232.581,40.075,-0.919,-0.299,0.258,0,0.653,0.758,-0.395,0.696,-0.6],"_shiftlockState":false,"_pose":"Running","_animationQueue":[],"_animationSpeed":1.103,"_zoom":11.147},{"_mousePosition":[988,434],"_rootPartCFrame":[774.895,222.663,46.654,0.199,0,0.98,0,1,0,-0.98,0,0.199],"_humanoidState":8,"_cameraCFrame":[777.769,232.608,39.969,-0.919,-0.299,0.258,0,0.653,0.758,-0.395,0.696,-0.6],"_shiftlockState":false,"_pose":"Running","_animationQueue":[],"_animationSpeed":1.103,"_zoom":11.147},{"_mousePosition":[981,439],"_rootPartCFrame":[774.65,222.68,46.548,0.226,0,0.974,0,1,0,-0.974,0,0.226],"_humanoidState":8,"_cameraCFrame":[775.917,232.624,39.173,-0.919,-0.299,0.258,0,0.653,0.758,-0.395,0.696,-0.6],"_shiftlockState":true,"_pose":"Running","_animationQueue":[],"_animationSpeed":1.103,"_zoom":11.147},{"_mousePosition":[683,384],"_rootPartCFrame":[774.283,222.692,46.39,-0.961,0,0.275,0,1,0,-0.275,0,-0.961],"_humanoidState":8,"_cameraCFrame":[775.549,232.636,39.015,-0.919,-0.299,0.258,0,0.653,0.758,-0.395,0.696,-0.6],"_shiftlockState":true,"_pose":"Running","_animationQueue":[],"_animationSpeed":1.103,"_zoom":11.147},{"_mousePosition":[683,384],"_rootPartCFrame":[774.099,222.695,46.311,-0.927,0,0.375,0,1,0,-0.375,0,-0.927],"_humanoidState":8,"_cameraCFrame":[775.045,232.79,39.063,-0.932,-0.28,0.231,0,0.637,0.771,-0.363,0.718,-0.593],"_shiftlockState":true,"_pose":"Running","_animationQueue":[],"_animationSpeed":1.103,"_zoom":11.147},{"_mousePosition":[683,384],"_rootPartCFrame":[773.854,222.697,46.206,-0.933,0,0.36,0,1,0,-0.36,0,-0.933],"_humanoidState":8,"_cameraCFrame":[774.534,232.923,39.084,-0.942,-0.263,0.209,0,0.622,0.783,-0.336,0.737,-0.586],"_shiftlockState":true,"_pose":"Running","_animationQueue":[["walk",0.1]],"_animationSpeed":1.103,"_zoom":11.147},{"_mousePosition":[683,384],"_rootPartCFrame":[773.606,222.698,46.108,-0.942,0,0.335,0,1,0,-0.335,0,-0.942],"_humanoidState":8,"_cameraCFrame":[773.999,233.084,39.164,-0.952,-0.244,0.185,0,0.604,0.797,-0.306,0.759,-0.575],"_shiftlockState":true,"_pose":"Running","_animationQueue":[],"_animationSpeed":1.103,"_zoom":11.147},{"_mousePosition":[683,384],"_rootPartCFrame":[773.355,222.699,46.017,-0.952,0,0.306,0,1,0,-0.306,0,-0.952],"_humanoidState":8,"_cameraCFrame":[773.468,233.25,39.28,-0.961,-0.224,0.161,0,0.584,0.812,-0.276,0.78,-0.561],"_shiftlockState":true,"_pose":"Running","_animationQueue":[],"_animationSpeed":1.103,"_zoom":11.147},{"_mousePosition":[683,384],"_rootPartCFrame":[773.102,222.699,45.935,-0.961,0,0.276,0,1,0,-0.276,0,-0.961],"_humanoidState":8,"_cameraCFrame":[772.92,233.445,39.469,-0.97,-0.202,0.136,0,0.559,0.829,-0.243,0.805,-0.542],"_shiftlockState":true,"_pose":"Running","_animationQueue":[],"_animationSpeed":1.103,"_zoom":11.147},{"_mousePosition":[683,384],"_rootPartCFrame":[772.846,222.699,45.86,-0.97,0,0.243,0,1,0,-0.243,0,-0.97],"_humanoidState":8,"_cameraCFrame":[772.366,233.636,39.693,-0.978,-0.176,0.111,0,0.532,0.847,-0.208,0.828,-0.521],"_shiftlockState":true,"_pose":"Running","_animationQueue":[],"_animationSpeed":1.103,"_zoom":11.147},{"_mousePosition":[683,384],"_rootPartCFrame":[772.588,222.7,45.794,-0.978,0,0.208,0,1,0,-0.208,0,-0.978],"_humanoidState":8,"_cameraCFrame":[771.689,233.917,40.129,-0.988,-0.133,0.075,0,0.49,0.872,-0.152,0.862,-0.484],"_shiftlockState":true,"_pose":"Running","_animationQueue":[],"_animationSpeed":1.103,"_zoom":11.147},{"_mousePosition":[683,384],"_rootPartCFrame":[772.262,222.7,45.723,-0.988,0,0.152,0,1,0,-0.152,0,-0.988],"_humanoidState":8,"_cameraCFrame":[771.042,234.117,40.481,-0.995,-0.091,0.047,0,0.457,0.89,-0.102,0.885,-0.454],"_shiftlockState":true,"_pose":"Running","_animationQueue":[["walk",0.1]],"_animationSpeed":1.103,"_zoom":11.147},{"_mousePosition":[683,384],"_rootPartCFrame":[772.065,222.7,45.69,-0.995,0,0.102,0,1,0,-0.102,0,-0.995],"_humanoidState":8,"_cameraCFrame":[770.597,234.229,40.734,-0.998,-0.052,0.025,0,0.436,0.9,-0.057,0.898,-0.436],"_shiftlockState":true,"_pose":"Running","_animationQueue":[],"_animationSpeed":1.103,"_zoom":11.147},{"_mousePosition":[683,384],"_rootPartCFrame":[771.866,222.7,45.668,-0.998,0,0.057,0,1,0,-0.057,0,-0.998],"_humanoidState":8,"_cameraCFrame":[770.201,234.26,40.838,-1,-0.016,0.008,0,0.431,0.903,-0.018,0.902,-0.43],"_shiftlockState":true,"_pose":"Running","_animationQueue":[],"_animationSpeed":1.103,"_zoom":11.147},{"_mousePosition":[683,384],"_rootPartCFrame":[771.534,222.7,45.647,-1,0,0.018,0,1,0,-0.018,0,-1],"_humanoidState":8,"_cameraCFrame":[769.849,234.225,40.752,-1,-0.012,0.006,0,0.437,0.899,-0.013,0.899,-0.437],"_shiftlockState":true,"_pose":"Running","_animationQueue":[],"_animationSpeed":1.103,"_zoom":11.147},{"_mousePosition":[683,384],"_rootPartCFrame":[771.267,222.7,45.641,-1,0,0.013,0,1,0,-0.013,0,-1],"_humanoidState":8,"_cameraCFrame":[769.607,234.241,40.769,-1,-0.017,0.008,0,0.434,0.901,-0.019,0.901,-0.434],"_shiftlockState":true,"_pose":"Running","_animationQueue":[],"_animationSpeed":1.103,"_zoom":11.147},{"_mousePosition":[683,384],"_rootPartCFrame":[771.067,222.7,45.638,-1,0,0.019,0,1,0,-0.019,0,-1],"_humanoidState":8,"_cameraCFrame":[769.408,234.241,40.766,-1,-0.017,0.008,0,0.434,0.901,-0.019,0.901,-0.434],"_shiftlockState":true,"_pose":"Running","_animationQueue":[],"_animationSpeed":1.103,"_zoom":11.147},{"_mousePosition":[683,384],"_rootPartCFrame":[770.734,222.7,45.632,-1,0,0.019,0,1,0,-0.019,0,-1],"_humanoidState":8,"_cameraCFrame":[769.074,234.241,40.76,-1,-0.017,0.008,0,0.434,0.901,-0.019,0.901,-0.434],"_shiftlockState":true,"_pose":"Running","_animationQueue":[],"_animationSpeed":1.103,"_zoom":11.147},{"_mousePosition":[683,384],"_rootPartCFrame":[770.467,222.7,45.627,-1,0,0.019,0,1,0,-0.019,0,-1],"_humanoidState":8,"_cameraCFrame":[768.808,234.241,40.755,-1,-0.017,0.008,0,0.434,0.901,-0.019,0.901,-0.434],"_shiftlockState":true,"_pose":"Running","_animationQueue":[["walk",0.1]],"_animationSpeed":1.103,"_zoom":11.147},{"_mousePosition":[683,384],"_rootPartCFrame":[770.201,222.7,45.622,-1,0,0.019,0,1,0,-0.019,0,-1],"_humanoidState":8,"_cameraCFrame":[768.541,234.241,40.75,-1,-0.017,0.008,0,0.434,0.901,-0.019,0.901,-0.434],"_shiftlockState":true,"_pose":"Running","_animationQueue":[],"_animationSpeed":1.103,"_zoom":11.147},{"_mousePosition":[683,384],"_rootPartCFrame":[769.934,222.666,45.617,-1,0,0.019,0,1,0,-0.019,0,-1],"_humanoidState":8,"_cameraCFrame":[768.274,234.207,40.745,-1,-0.017,0.008,0,0.434,0.901,-0.019,0.901,-0.434],"_shiftlockState":true,"_pose":"Running","_animationQueue":[],"_animationSpeed":1.103,"_zoom":11.147},{"_mousePosition":[683,384],"_rootPartCFrame":[769.667,222.577,45.612,-1,0,0.019,0,1,0,-0.019,0,-1],"_humanoidState":8,"_cameraCFrame":[768.008,234.118,40.74,-1,-0.017,0.008,0,0.434,0.901,-0.019,0.901,-0.434],"_shiftlockState":true,"_pose":"Running","_animationQueue":[],"_animationSpeed":1.103,"_zoom":11.147},{"_mousePosition":[683,384],"_rootPartCFrame":[769.401,223.44,45.607,-1,0,0.019,0,1,0,-0.019,0,-1],"_humanoidState":3,"_cameraCFrame":[767.741,234.981,40.735,-1,-0.017,0.008,0,0.434,0.901,-0.019,0.901,-0.434],"_shiftlockState":true,"_pose":"Jumping","_animationQueue":[["walk",0.1],["jump",0.1]],"_animationSpeed":1,"_zoom":11.147},{"_mousePosition":[683,384],"_rootPartCFrame":[769.134,224.248,45.602,-0.994,0,0.11,0,1,0,-0.11,0,-0.994],"_humanoidState":5,"_cameraCFrame":[767.475,235.79,40.73,-1,-0.017,0.008,0,0.434,0.901,-0.019,0.901,-0.434],"_shiftlockState":true,"_pose":"FreeFall","_animationQueue":[["jump",0.1]],"_animationSpeed":1,"_zoom":11.147},{"_mousePosition":[683,384],"_rootPartCFrame":[768.868,225.002,45.597,-0.989,0,0.147,0,1,0,-0.147,0,-0.989],"_humanoidState":5,"_cameraCFrame":[767.208,236.544,40.725,-1,-0.017,0.008,0,0.434,0.901,-0.019,0.901,-0.434],"_shiftlockState":true,"_pose":"FreeFall","_animationQueue":[],"_animationSpeed":1,"_zoom":11.147},{"_mousePosition":[683,384],"_rootPartCFrame":[768.668,225.532,45.593,-0.993,0,0.118,0,1,0,-0.118,0,-0.993],"_humanoidState":5,"_cameraCFrame":[767.008,237.065,40.705,-1,-0.017,0.008,0,0.436,0.9,-0.019,0.9,-0.436],"_shiftlockState":true,"_pose":"FreeFall","_animationQueue":[],"_animationSpeed":1,"_zoom":11.147},{"_mousePosition":[683,384],"_rootPartCFrame":[768.334,226.347,45.587,-0.983,0,0.184,0,1,0,-0.184,0,-0.983],"_humanoidState":5,"_cameraCFrame":[766.681,237.853,40.641,-1,-0.018,0.009,0,0.441,0.898,-0.02,0.897,-0.441],"_shiftlockState":true,"_pose":"FreeFall","_animationQueue":[],"_animationSpeed":1,"_zoom":11.147},{"_mousePosition":[683,384],"_rootPartCFrame":[768.068,226.937,45.582,-0.988,0,0.152,0,1,0,-0.152,0,-0.988],"_humanoidState":5,"_cameraCFrame":[766.457,238.427,40.59,-1,-0.025,0.012,0,0.444,0.896,-0.028,0.896,-0.443],"_shiftlockState":true,"_pose":"FreeFall","_animationQueue":[],"_animationSpeed":1,"_zoom":11.147},{"_mousePosition":[683,384],"_rootPartCFrame":[767.801,227.473,45.577,-0.987,0,0.161,0,1,0,-0.161,0,-0.987],"_humanoidState":5,"_cameraCFrame":[766.206,238.967,40.588,-1,-0.028,0.014,0,0.443,0.897,-0.031,0.896,-0.443],"_shiftlockState":true,"_pose":"FreeFall","_animationQueue":[],"_animationSpeed":1,"_zoom":11.147},{"_mousePosition":[683,384],"_rootPartCFrame":[767.535,227.954,45.57,-0.987,0,0.164,0,1,0,-0.164,0,-0.987],"_humanoidState":5,"_cameraCFrame":[765.959,239.468,40.614,-0.999,-0.032,0.016,0,0.439,0.898,-0.035,0.898,-0.439],"_shiftlockState":true,"_pose":"FreeFall","_animationQueue":[],"_animationSpeed":1,"_zoom":11.147},{"_mousePosition":[683,384],"_rootPartCFrame":[767.268,228.381,45.562,-0.986,0,0.168,0,1,0,-0.168,0,-0.986],"_humanoidState":5,"_cameraCFrame":[765.71,239.93,40.672,-0.999,-0.036,0.017,0,0.433,0.902,-0.04,0.901,-0.432],"_shiftlockState":true,"_pose":"FreeFall","_animationQueue":[],"_animationSpeed":1,"_zoom":11.147},{"_mousePosition":[683,384],"_rootPartCFrame":[767.001,228.753,45.552,-0.985,0,0.172,0,1,0,-0.172,0,-0.985],"_humanoidState":5,"_cameraCFrame":[765.464,240.36,40.777,-0.999,-0.041,0.019,0,0.422,0.907,-0.045,0.906,-0.421],"_shiftlockState":true,"_pose":"FreeFall","_animationQueue":[],"_animationSpeed":1,"_zoom":11.147},{"_mousePosition":[683,384],"_rootPartCFrame":[766.735,229.071,45.542,-0.984,0,0.177,0,1,0,-0.177,0,-0.984],"_humanoidState":5,"_cameraCFrame":[765.227,240.727,40.861,-0.999,-0.047,0.021,0,0.412,0.911,-0.052,0.91,-0.412],"_shiftlockState":true,"_pose":"FreeFall","_animationQueue":[],"_animationSpeed":1,"_zoom":11.147},{"_mousePosition":[683,384],"_rootPartCFrame":[766.469,229.335,45.53,-0.983,0,0.184,0,1,0,-0.184,0,-0.983],"_humanoidState":5,"_cameraCFrame":[765.014,241.031,40.921,-0.998,-0.059,0.026,0,0.404,0.915,-0.065,0.913,-0.403],"_shiftlockState":true,"_pose":"FreeFall","_animationQueue":[],"_animationSpeed":1,"_zoom":11.147},{"_mousePosition":[683,384],"_rootPartCFrame":[766.202,229.544,45.517,-0.98,0,0.197,0,1,0,-0.197,0,-0.98],"_humanoidState":5,"_cameraCFrame":[764.815,241.268,40.951,-0.997,-0.074,0.032,0,0.398,0.917,-0.08,0.914,-0.397],"_shiftlockState":true,"_pose":"FreeFall","_animationQueue":[],"_animationSpeed":1,"_zoom":11.147},{"_mousePosition":[683,384],"_rootPartCFrame":[765.936,229.698,45.5,-0.977,0,0.212,0,1,0,-0.212,0,-0.977],"_humanoidState":5,"_cameraCFrame":[764.629,241.448,40.966,-0.995,-0.091,0.039,0,0.393,0.919,-0.099,0.915,-0.391],"_shiftlockState":true,"_pose":"FreeFall","_animationQueue":[],"_animationSpeed":1,"_zoom":11.147},{"_mousePosition":[683,384],"_rootPartCFrame":[765.67,229.798,45.479,-0.973,0,0.23,0,1,0,-0.23,0,-0.973],"_humanoidState":5,"_cameraCFrame":[764.434,241.569,40.973,-0.993,-0.107,0.045,0,0.389,0.921,-0.116,0.915,-0.386],"_shiftlockState":true,"_pose":"FreeFall","_animationQueue":[],"_animationSpeed":1,"_zoom":11.147},{"_mousePosition":[683,384],"_rootPartCFrame":[765.405,229.843,45.453,-0.969,0,0.247,0,1,0,-0.247,0,-0.969],"_humanoidState":5,"_cameraCFrame":[764.218,241.635,40.982,-0.992,-0.118,0.049,0,0.384,0.923,-0.128,0.916,-0.381],"_shiftlockState":true,"_pose":"FreeFall","_animationQueue":[],"_animationSpeed":1,"_zoom":11.147},{"_mousePosition":[683,384],"_rootPartCFrame":[765.14,229.834,45.423,-0.966,0,0.259,0,1,0,-0.259,0,-0.966],"_humanoidState":5,"_cameraCFrame":[763.97,241.646,40.995,-0.991,-0.123,0.051,0,0.38,0.925,-0.133,0.917,-0.376],"_shiftlockState":true,"_pose":"FreeFall","_animationQueue":[["fall",0.3]],"_animationSpeed":1,"_zoom":11.147},{"_mousePosition":[683,384],"_rootPartCFrame":[764.875,229.771,45.389,-0.965,0,0.264,0,1,0,-0.264,0,-0.965],"_humanoidState":5,"_cameraCFrame":[763.7,241.613,41.034,-0.991,-0.125,0.05,0,0.373,0.928,-0.134,0.919,-0.37],"_shiftlockState":true,"_pose":"FreeFall","_animationQueue":[],"_animationSpeed":1,"_zoom":11.147},{"_mousePosition":[683,384],"_rootPartCFrame":[764.611,229.653,45.354,-0.964,0,0.265,0,1,0,-0.265,0,-0.964],"_humanoidState":5,"_cameraCFrame":[763.419,241.532,41.091,-0.991,-0.124,0.049,0,0.365,0.931,-0.133,0.923,-0.361],"_shiftlockState":true,"_pose":"FreeFall","_animationQueue":[],"_animationSpeed":1,"_zoom":11.147},{"_mousePosition":[683,384],"_rootPartCFrame":[764.347,229.48,45.318,-0.965,0,0.264,0,1,0,-0.264,0,-0.965],"_humanoidState":5,"_cameraCFrame":[763.128,241.385,41.127,-0.992,-0.121,0.046,0,0.359,0.933,-0.129,0.926,-0.356],"_shiftlockState":true,"_pose":"FreeFall","_animationQueue":[],"_animationSpeed":1,"_zoom":11.147},{"_mousePosition":[683,384],"_rootPartCFrame":[764.083,229.253,45.283,-0.966,0,0.26,0,1,0,-0.26,0,-0.966],"_humanoidState":5,"_cameraCFrame":[762.847,241.171,41.128,-0.992,-0.118,0.045,0,0.356,0.935,-0.126,0.927,-0.353],"_shiftlockState":true,"_pose":"FreeFall","_animationQueue":[],"_animationSpeed":1,"_zoom":11.147},{"_mousePosition":[683,384],"_rootPartCFrame":[763.818,228.971,45.248,-0.966,0,0.257,0,1,0,-0.257,0,-0.966],"_humanoidState":5,"_cameraCFrame":[762.574,240.902,41.128,-0.992,-0.117,0.044,0,0.353,0.936,-0.125,0.928,-0.35],"_shiftlockState":true,"_pose":"FreeFall","_animationQueue":[],"_animationSpeed":1,"_zoom":11.147},{"_mousePosition":[683,384],"_rootPartCFrame":[763.554,228.635,45.214,-0.967,0,0.256,0,1,0,-0.256,0,-0.967],"_humanoidState":5,"_cameraCFrame":[762.302,240.588,41.153,-0.992,-0.117,0.043,0,0.347,0.938,-0.125,0.93,-0.345],"_shiftlockState":true,"_pose":"FreeFall","_animationQueue":[],"_animationSpeed":1,"_zoom":11.147},{"_mousePosition":[683,384],"_rootPartCFrame":[763.289,228.245,45.181,-0.967,0,0.256,0,1,0,-0.256,0,-0.967],"_humanoidState":5,"_cameraCFrame":[762.056,240.228,41.194,-0.991,-0.125,0.045,0,0.34,0.94,-0.132,0.932,-0.337],"_shiftlockState":true,"_pose":"FreeFall","_animationQueue":[["fall",0.3]],"_animationSpeed":1,"_zoom":11.147},{"_mousePosition":[683,384],"_rootPartCFrame":[763.024,227.799,45.147,-0.965,0,0.263,0,1,0,-0.263,0,-0.965],"_humanoidState":5,"_cameraCFrame":[761.829,239.813,41.229,-0.989,-0.137,0.048,0,0.332,0.943,-0.145,0.933,-0.329],"_shiftlockState":true,"_pose":"FreeFall","_animationQueue":[],"_animationSpeed":1,"_zoom":11.147},{"_mousePosition":[683,384],"_rootPartCFrame":[762.76,227.3,45.112,-0.961,0,0.275,0,1,0,-0.275,0,-0.961],"_humanoidState":5,"_cameraCFrame":[761.599,239.337,41.248,-0.988,-0.148,0.051,0,0.326,0.945,-0.156,0.934,-0.322],"_shiftlockState":true,"_pose":"FreeFall","_animationQueue":[],"_animationSpeed":1,"_zoom":11.147},{"_mousePosition":[683,384],"_rootPartCFrame":[762.496,226.746,45.074,-0.958,0,0.286,0,1,0,-0.286,0,-0.958],"_humanoidState":5,"_cameraCFrame":[761.349,238.815,41.294,-0.987,-0.155,0.052,0,0.318,0.948,-0.163,0.935,-0.313],"_shiftlockState":true,"_pose":"FreeFall","_animationQueue":[],"_animationSpeed":1,"_zoom":11.147},{"_mousePosition":[683,384],"_rootPartCFrame":[762.233,226.137,45.033,-0.956,0,0.293,0,1,0,-0.293,0,-0.956],"_humanoidState":5,"_cameraCFrame":[761.089,238.246,41.363,-0.986,-0.161,0.052,0,0.307,0.952,-0.17,0.938,-0.303],"_shiftlockState":true,"_pose":"FreeFall","_animationQueue":[],"_animationSpeed":1,"_zoom":11.147},{"_mousePosition":[683,384],"_rootPartCFrame":[761.904,225.3,44.979,-0.944,0,0.331,0,1,0,-0.331,0,-0.944],"_humanoidState":5,"_cameraCFrame":[760.758,237.46,41.461,-0.984,-0.169,0.052,0,0.292,0.956,-0.177,0.941,-0.288],"_shiftlockState":true,"_pose":"FreeFall","_animationQueue":[],"_animationSpeed":1,"_zoom":11.147},{"_mousePosition":[683,384],"_rootPartCFrame":[761.641,224.568,44.934,-0.952,0,0.306,0,1,0,-0.306,0,-0.952],"_humanoidState":5,"_cameraCFrame":[760.491,236.782,41.585,-0.983,-0.178,0.051,0,0.276,0.961,-0.185,0.944,-0.271],"_shiftlockState":true,"_pose":"FreeFall","_animationQueue":[["fall",0.3]],"_animationSpeed":1,"_zoom":11.147},{"_mousePosition":[683,384],"_rootPartCFrame":[761.444,223.984,44.899,-0.959,0,0.282,0,1,0,-0.282,0,-0.959],"_humanoidState":5,"_cameraCFrame":[760.275,236.26,41.762,-0.981,-0.186,0.049,0,0.256,0.967,-0.192,0.949,-0.251],"_shiftlockState":true,"_pose":"FreeFall","_animationQueue":[],"_animationSpeed":1,"_zoom":11.147},{"_mousePosition":[683,384],"_rootPartCFrame":[761.182,223.158,44.85,-0.947,0,0.321,0,1,0,-0.321,0,-0.947],"_humanoidState":5,"_cameraCFrame":[759.984,235.484,41.906,-0.981,-0.19,0.047,0,0.238,0.971,-0.195,0.953,-0.233],"_shiftlockState":true,"_pose":"FreeFall","_animationQueue":[],"_animationSpeed":1,"_zoom":11.147},{"_mousePosition":[683,384],"_rootPartCFrame":[760.92,222.392,44.799,-0.973,0,0.23,0,1,0,-0.23,0,-0.973],"_humanoidState":7,"_cameraCFrame":[759.691,234.76,42.025,-0.981,-0.192,0.044,0,0.222,0.975,-0.196,0.956,-0.218],"_shiftlockState":true,"_pose":"FreeFall","_animationQueue":[["walk",0.1],["fall",0.3],["fall",0.3]],"_animationSpeed":1,"_zoom":11.147},{"_mousePosition":[683,384],"_rootPartCFrame":[760.659,222.385,44.747,-0.98,0,0.199,0,1,0,-0.199,0,-0.98],"_humanoidState":7,"_cameraCFrame":[759.403,234.781,42.095,-0.981,-0.191,0.041,0,0.211,0.977,-0.195,0.959,-0.207],"_shiftlockState":true,"_pose":"FreeFall","_animationQueue":[],"_animationSpeed":1,"_zoom":11.147},{"_mousePosition":[683,384],"_rootPartCFrame":[760.397,222.506,44.694,-0.981,0,0.196,0,1,0,-0.196,0,-0.981],"_humanoidState":8,"_cameraCFrame":[759.105,234.924,42.154,-0.982,-0.185,0.038,0,0.202,0.979,-0.189,0.962,-0.198],"_shiftlockState":true,"_pose":"Running","_animationQueue":[["walk",0.1],["fall",0.3],["walk",0.1]],"_animationSpeed":1.103,"_zoom":11.147},{"_mousePosition":[683,384],"_rootPartCFrame":[760.136,222.592,44.642,-0.982,0,0.189,0,1,0,-0.189,0,-0.982],"_humanoidState":8,"_cameraCFrame":[758.81,235.026,42.19,-0.983,-0.179,0.035,0,0.195,0.981,-0.182,0.964,-0.191],"_shiftlockState":true,"_pose":"Running","_animationQueue":[],"_animationSpeed":1.103,"_zoom":11.147},{"_mousePosition":[683,384],"_rootPartCFrame":[759.874,222.641,44.592,-0.983,0,0.182,0,1,0,-0.182,0,-0.983],"_humanoidState":8,"_cameraCFrame":[758.502,235.09,42.235,-0.986,-0.166,0.032,0,0.188,0.982,-0.169,0.968,-0.185],"_shiftlockState":true,"_pose":"Running","_animationQueue":[["walk",0.1]],"_animationSpeed":1.103,"_zoom":11.147},{"_mousePosition":[683,384],"_rootPartCFrame":[759.612,223.504,44.541,-0.986,0,0.169,0,1,0,-0.169,0,-0.986],"_humanoidState":3,"_cameraCFrame":[758.176,235.968,42.294,-0.989,-0.144,0.027,0,0.18,0.984,-0.147,0.973,-0.178],"_shiftlockState":true,"_pose":"Jumping","_animationQueue":[["walk",0.1],["jump",0.1]],"_animationSpeed":1,"_zoom":11.147},{"_mousePosition":[683,384],"_rootPartCFrame":[759.349,224.312,44.495,-0.971,0,0.237,0,1,0,-0.237,0,-0.971],"_humanoidState":5,"_cameraCFrame":[757.849,236.79,42.361,-0.993,-0.12,0.021,0,0.174,0.985,-0.122,0.977,-0.172],"_shiftlockState":true,"_pose":"FreeFall","_animationQueue":[["jump",0.1]],"_animationSpeed":1,"_zoom":11.147},{"_mousePosition":[683,384],"_rootPartCFrame":[759.086,225.066,44.455,-0.969,0,0.248,0,1,0,-0.248,0,-0.969],"_humanoidState":5,"_cameraCFrame":[757.516,237.544,42.37,-0.996,-0.088,0.016,0,0.174,0.985,-0.09,0.981,-0.173],"_shiftlockState":true,"_pose":"FreeFall","_animationQueue":[],"_animationSpeed":1,"_zoom":11.147},{"_mousePosition":[683,384],"_rootPartCFrame":[758.821,225.765,44.422,-0.975,0,0.221,0,1,0,-0.221,0,-0.975],"_humanoidState":5,"_cameraCFrame":[757.177,238.243,42.396,-0.999,-0.052,0.009,0,0.174,0.985,-0.053,0.983,-0.173],"_shiftlockState":true,"_pose":"FreeFall","_animationQueue":[],"_animationSpeed":1,"_zoom":11.147},{"_mousePosition":[683,384],"_rootPartCFrame":[758.556,226.41,44.397,-0.983,0,0.185,0,1,0,-0.185,0,-0.983],"_humanoidState":5,"_cameraCFrame":[756.826,238.888,42.443,-1,-0.01,0.002,0,0.174,0.985,-0.01,0.985,-0.174],"_shiftlockState":true,"_pose":"FreeFall","_animationQueue":[],"_animationSpeed":1,"_zoom":11.147},{"_mousePosition":[683,384],"_rootPartCFrame":[758.289,227.001,44.381,-0.99,0,0.143,0,1,0,-0.143,0,-0.99],"_humanoidState":5,"_cameraCFrame":[756.467,239.478,42.513,-0.999,0.037,-0.007,0,0.174,0.985,0.038,0.984,-0.174],"_shiftlockState":true,"_pose":"FreeFall","_animationQueue":[],"_animationSpeed":1,"_zoom":11.147},{"_mousePosition":[683,384],"_rootPartCFrame":[758.023,227.537,44.376,-0.995,0,0.095,0,1,0,-0.095,0,-0.995],"_humanoidState":5,"_cameraCFrame":[756.105,240.014,42.606,-0.996,0.089,-0.016,0,0.174,0.985,0.09,0.981,-0.173],"_shiftlockState":true,"_pose":"FreeFall","_animationQueue":[],"_animationSpeed":1,"_zoom":11.147},{"_mousePosition":[683,384],"_rootPartCFrame":[757.756,228.018,44.385,-0.999,0,0.043,0,1,0,-0.043,0,-0.999],"_humanoidState":5,"_cameraCFrame":[755.715,240.485,42.686,-0.988,0.154,-0.028,0,0.179,0.984,0.157,0.972,-0.177],"_shiftlockState":true,"_pose":"FreeFall","_animationQueue":[],"_animationSpeed":1,"_zoom":11.147},{"_mousePosition":[683,384],"_rootPartCFrame":[757.501,228.445,44.417,-0.999,0,-0.038,0,1,0,0.038,0,-0.999],"_humanoidState":5,"_cameraCFrame":[755.273,240.883,42.77,-0.969,0.243,-0.048,0,0.193,0.981,0.248,0.951,-0.187],"_shiftlockState":true,"_pose":"FreeFall","_animationQueue":[],"_animationSpeed":1,"_zoom":11.147},{"_mousePosition":[683,384],"_rootPartCFrame":[757.264,228.817,44.484,-0.991,0,-0.133,0,1,0,0.133,0,-0.991],"_humanoidState":5,"_cameraCFrame":[754.78,241.204,42.864,-0.935,0.345,-0.076,0,0.215,0.977,0.354,0.914,-0.201],"_shiftlockState":true,"_pose":"FreeFall","_animationQueue":[],"_animationSpeed":1,"_zoom":11.147},{"_mousePosition":[683,384],"_rootPartCFrame":[757.047,229.135,44.586,-0.971,0,-0.24,0,1,0,0.24,0,-0.971],"_humanoidState":5,"_cameraCFrame":[754.207,241.432,42.951,-0.885,0.452,-0.116,0,0.249,0.969,0.466,0.857,-0.22],"_shiftlockState":true,"_pose":"FreeFall","_animationQueue":[],"_animationSpeed":1,"_zoom":11.147},{"_mousePosition":[683,384],"_rootPartCFrame":[756.853,229.399,44.719,-0.934,0,-0.357,0,1,0,0.357,0,-0.934],"_humanoidState":5,"_cameraCFrame":[753.618,241.57,42.996,-0.835,0.527,-0.159,0,0.289,0.957,0.551,0.799,-0.241],"_shiftlockState":true,"_pose":"FreeFall","_animationQueue":[],"_animationSpeed":1,"_zoom":11.147},{"_mousePosition":[683,384],"_rootPartCFrame":[756.686,229.607,44.883,-0.894,0,-0.448,0,1,0,0.448,0,-0.894],"_humanoidState":5,"_cameraCFrame":[753.13,241.652,43.018,-0.804,0.563,-0.193,0,0.324,0.946,0.595,0.761,-0.261],"_shiftlockState":true,"_pose":"FreeFall","_animationQueue":[],"_animationSpeed":1,"_zoom":11.147},{"_mousePosition":[683,384],"_rootPartCFrame":[756.548,229.762,45.073,-0.866,0,-0.5,0,1,0,0.5,0,-0.866],"_humanoidState":5,"_cameraCFrame":[752.834,241.744,43.162,-0.788,0.579,-0.209,0,0.34,0.94,0.616,0.741,-0.268],"_shiftlockState":true,"_pose":"FreeFall","_animationQueue":[],"_animationSpeed":1,"_zoom":11.147},{"_mousePosition":[683,384],"_rootPartCFrame":[756.441,229.862,45.287,-0.851,0,-0.526,0,1,0,0.526,0,-0.851],"_humanoidState":5,"_cameraCFrame":[752.709,241.838,43.378,-0.786,0.582,-0.211,0,0.342,0.94,0.619,0.738,-0.268],"_shiftlockState":true,"_pose":"FreeFall","_animationQueue":[],"_animationSpeed":1,"_zoom":11.147},{"_mousePosition":[683,384],"_rootPartCFrame":[756.367,229.907,45.524,-0.847,0,-0.532,0,1,0,0.532,0,-0.847],"_humanoidState":5,"_cameraCFrame":[752.641,241.877,43.571,-0.791,0.575,-0.21,0,0.343,0.939,0.612,0.743,-0.271],"_shiftlockState":true,"_pose":"FreeFall","_animationQueue":[],"_animationSpeed":1,"_zoom":11.147},{"_mousePosition":[683,384],"_rootPartCFrame":[756.325,229.898,45.782,-0.85,0,-0.527,0,1,0,0.527,0,-0.85],"_humanoidState":5,"_cameraCFrame":[752.811,241.753,42.997,-0.878,0.445,-0.177,0,0.37,0.929,0.479,0.815,-0.325],"_shiftlockState":true,"_pose":"FreeFall","_animationQueue":[],"_animationSpeed":1,"_zoom":11.147},{"_mousePosition":[683,384],"_rootPartCFrame":[756.185,229.845,45.837,-0.878,-0.003,-0.479,-0.002,1,-0.002,0.479,-0.001,-0.878],"_humanoidState":5,"_cameraCFrame":[753.75,241.514,41.591,-0.988,0.14,-0.063,0,0.41,0.912,0.154,0.901,-0.405],"_shiftlockState":true,"_pose":"FreeFall","_animationQueue":[],"_animationSpeed":1,"_zoom":11.147},{"_mousePosition":[683,384],"_rootPartCFrame":[755.837,230.166,45.779,-0.991,0,-0.132,0,1,0.001,0.132,0.001,-0.991],"_humanoidState":7,"_cameraCFrame":[755.383,241.801,40.842,-0.964,-0.242,0.111,0,0.416,0.909,-0.266,0.877,-0.401],"_shiftlockState":true,"_pose":"FreeFall","_animationQueue":[["walk",0.1]],"_animationSpeed":0.671,"_zoom":11.147},{"_mousePosition":[683,384],"_rootPartCFrame":[755.602,230.52,45.906,-0.957,0,0.289,0,1,0,-0.289,0,-0.957],"_humanoidState":7,"_cameraCFrame":[756.027,242.421,41.55,-0.873,-0.454,0.175,0,0.36,0.933,-0.487,0.815,-0.314],"_shiftlockState":true,"_pose":"FreeFall","_animationQueue":[["fall",0.3]],"_animationSpeed":1,"_zoom":11.147},{"_mousePosition":[683,384],"_rootPartCFrame":[755.389,230.821,46.022,-0.87,0,0.493,0,1,0,-0.493,0,-0.87],"_humanoidState":8,"_cameraCFrame":[755.015,243.159,42.906,-0.891,-0.442,0.106,0,0.234,0.972,-0.455,0.866,-0.208],"_shiftlockState":true,"_pose":"Running","_animationQueue":[["walk",0.1],["fall",0.3],["walk",0.1]],"_animationSpeed":1.104,"_zoom":11.147},{"_mousePosition":[683,384],"_rootPartCFrame":[755.19,231.694,46.131,-0.889,0,0.457,0,1,0,-0.457,0,-0.889],"_humanoidState":3,"_cameraCFrame":[754.347,244.172,43.661,-0.919,-0.389,0.069,0,0.174,0.985,-0.395,0.905,-0.16],"_shiftlockState":true,"_pose":"Jumping","_animationQueue":[["walk",0.1],["jump",0.1]],"_animationSpeed":1,"_zoom":11.147},{"_mousePosition":[683,384],"_rootPartCFrame":[754.986,232.516,46.215,-0.878,0,0.479,0,1,0,-0.479,0,-0.878],"_humanoidState":5,"_cameraCFrame":[754.025,244.994,43.789,-0.937,-0.345,0.061,0,0.174,0.985,-0.35,0.922,-0.163],"_shiftlockState":true,"_pose":"FreeFall","_animationQueue":[["jump",0.1]],"_animationSpeed":1,"_zoom":11.147},{"_mousePosition":[683,384],"_rootPartCFrame":[754.775,233.283,46.261,-0.884,0,0.468,0,1,0,-0.468,0,-0.884],"_humanoidState":5,"_cameraCFrame":[753.731,245.761,43.869,-0.948,-0.313,0.055,0,0.174,0.985,-0.318,0.934,-0.165],"_shiftlockState":true,"_pose":"FreeFall","_animationQueue":[],"_animationSpeed":1,"_zoom":11.147},{"_mousePosition":[683,384],"_rootPartCFrame":[754.554,233.996,46.268,-0.898,0,0.44,0,1,0,-0.44,0,-0.898],"_humanoidState":5,"_cameraCFrame":[753.46,246.463,43.848,-0.957,-0.286,0.052,0,0.179,0.984,-0.291,0.941,-0.171],"_shiftlockState":true,"_pose":"FreeFall","_animationQueue":[],"_animationSpeed":1,"_zoom":11.147},{"_mousePosition":[683,384],"_rootPartCFrame":[754.32,234.655,46.237,-0.91,0,0.415,0,1,0,-0.415,0,-0.91],"_humanoidState":5,"_cameraCFrame":[753.191,247.097,43.722,-0.965,-0.258,0.05,0,0.191,0.982,-0.263,0.947,-0.184],"_shiftlockState":true,"_pose":"FreeFall","_animationQueue":[],"_animationSpeed":1,"_zoom":11.147},{"_mousePosition":[683,384],"_rootPartCFrame":[754.071,235.259,46.172,-0.921,0,0.389,0,1,0,-0.389,0,-0.921],"_humanoidState":5,"_cameraCFrame":[752.911,247.669,43.534,-0.972,-0.231,0.049,0,0.205,0.979,-0.236,0.951,-0.2],"_shiftlockState":true,"_pose":"FreeFall","_animationQueue":[],"_animationSpeed":1,"_zoom":11.147},{"_mousePosition":[683,384],"_rootPartCFrame":[753.814,235.809,46.101,-0.932,0,0.363,0,1,0,-0.363,0,-0.932],"_humanoidState":5,"_cameraCFrame":[752.631,248.19,43.359,-0.976,-0.212,0.047,0,0.217,0.976,-0.217,0.953,-0.212],"_shiftlockState":true,"_pose":"FreeFall","_animationQueue":[],"_animationSpeed":1,"_zoom":11.147},{"_mousePosition":[683,384],"_rootPartCFrame":[753.555,236.304,46.037,-0.939,0,0.345,0,1,0,-0.345,0,-0.939],"_humanoidState":5,"_cameraCFrame":[752.348,248.667,43.235,-0.979,-0.197,0.045,0,0.224,0.975,-0.203,0.954,-0.22],"_shiftlockState":true,"_pose":"FreeFall","_animationQueue":[],"_animationSpeed":1,"_zoom":11.147},{"_mousePosition":[683,384],"_rootPartCFrame":[753.295,236.744,45.978,-0.944,0,0.331,0,1,0,-0.331,0,-0.944],"_humanoidState":5,"_cameraCFrame":[752.051,249.105,43.184,-0.982,-0.184,0.043,0,0.225,0.974,-0.189,0.957,-0.221],"_shiftlockState":true,"_pose":"FreeFall","_animationQueue":[],"_animationSpeed":1,"_zoom":11.147},{"_mousePosition":[683,384],"_rootPartCFrame":[753.034,237.13,45.924,-0.948,0,0.318,0,1,0,-0.318,0,-0.948],"_humanoidState":5,"_cameraCFrame":[751.767,249.491,43.14,-0.983,-0.176,0.041,0,0.225,0.974,-0.181,0.958,-0.221],"_shiftlockState":true,"_pose":"FreeFall","_animationQueue":[],"_animationSpeed":1,"_zoom":11.147},{"_mousePosition":[683,384],"_rootPartCFrame":[752.773,237.462,45.873,-0.951,0,0.31,0,1,0,-0.31,0,-0.951],"_humanoidState":5,"_cameraCFrame":[751.488,249.827,43.113,-0.984,-0.171,0.039,0,0.223,0.975,-0.176,0.96,-0.22],"_shiftlockState":true,"_pose":"FreeFall","_animationQueue":[],"_animationSpeed":1,"_zoom":11.147},{"_mousePosition":[683,384],"_rootPartCFrame":[752.51,237.739,45.824,-0.952,0,0.305,0,1,0,-0.305,0,-0.952],"_humanoidState":5,"_cameraCFrame":[751.213,250.106,43.079,-0.985,-0.167,0.038,0,0.223,0.975,-0.172,0.96,-0.219],"_shiftlockState":true,"_pose":"FreeFall","_animationQueue":[],"_animationSpeed":1,"_zoom":11.147},{"_mousePosition":[683,384],"_rootPartCFrame":[752.248,237.961,45.777,-0.954,0,0.301,0,1,0,-0.301,0,-0.954],"_humanoidState":5,"_cameraCFrame":[750.937,250.33,43.046,-0.986,-0.163,0.037,0,0.222,0.975,-0.168,0.961,-0.219],"_shiftlockState":true,"_pose":"FreeFall","_animationQueue":[],"_animationSpeed":1,"_zoom":11.147},{"_mousePosition":[683,384],"_rootPartCFrame":[751.985,238.129,45.731,-0.955,0,0.297,0,1,0,-0.297,0,-0.955],"_humanoidState":5,"_cameraCFrame":[750.664,250.5,43.012,-0.986,-0.16,0.036,0,0.221,0.975,-0.164,0.962,-0.218],"_shiftlockState":true,"_pose":"FreeFall","_animationQueue":[],"_animationSpeed":1,"_zoom":11.147},{"_mousePosition":[683,384],"_rootPartCFrame":[751.722,238.243,45.686,-0.956,0,0.294,0,1,0,-0.294,0,-0.956],"_humanoidState":5,"_cameraCFrame":[750.396,250.614,42.97,-0.987,-0.158,0.036,0,0.221,0.975,-0.162,0.962,-0.218],"_shiftlockState":true,"_pose":"FreeFall","_animationQueue":[],"_animationSpeed":1,"_zoom":11.147},{"_mousePosition":[683,384],"_rootPartCFrame":[751.459,238.302,45.642,-0.956,0,0.292,0,1,0,-0.292,0,-0.956],"_humanoidState":5,"_cameraCFrame":[750.133,250.673,42.926,-0.987,-0.158,0.036,0,0.221,0.975,-0.162,0.962,-0.218],"_shiftlockState":true,"_pose":"FreeFall","_animationQueue":[],"_animationSpeed":1,"_zoom":11.147},{"_mousePosition":[683,384],"_rootPartCFrame":[751.196,238.306,45.599,-0.956,0,0.292,0,1,0,-0.292,0,-0.956],"_humanoidState":5,"_cameraCFrame":[749.87,250.677,42.883,-0.987,-0.158,0.036,0,0.221,0.975,-0.162,0.962,-0.218],"_shiftlockState":true,"_pose":"FreeFall","_animationQueue":[],"_animationSpeed":1,"_zoom":11.147},{"_mousePosition":[683,384],"_rootPartCFrame":[750.933,238.256,45.556,-0.956,0,0.292,0,1,0,-0.292,0,-0.956],"_humanoidState":5,"_cameraCFrame":[749.607,250.627,42.84,-0.987,-0.158,0.036,0,0.221,0.975,-0.162,0.962,-0.218],"_shiftlockState":true,"_pose":"FreeFall","_animationQueue":[],"_animationSpeed":1,"_zoom":11.147},{"_mousePosition":[683,384],"_rootPartCFrame":[750.736,238.183,45.523,-0.966,0,0.26,0,1,0,-0.26,0,-0.966],"_humanoidState":5,"_cameraCFrame":[749.409,250.554,42.807,-0.987,-0.158,0.036,0,0.221,0.975,-0.162,0.962,-0.218],"_shiftlockState":true,"_pose":"FreeFall","_animationQueue":[],"_animationSpeed":1,"_zoom":11.147},{"_mousePosition":[683,384],"_rootPartCFrame":[750.407,237.993,45.469,-0.946,0,0.324,0,1,0,-0.324,0,-0.946],"_humanoidState":5,"_cameraCFrame":[749.08,250.364,42.753,-0.987,-0.158,0.036,0,0.221,0.975,-0.162,0.962,-0.218],"_shiftlockState":true,"_pose":"FreeFall","_animationQueue":[["fall",0.3]],"_animationSpeed":1,"_zoom":11.147},{"_mousePosition":[683,384],"_rootPartCFrame":[750.143,237.779,45.426,-0.956,0,0.292,0,1,0,-0.292,0,-0.956],"_humanoidState":5,"_cameraCFrame":[748.817,250.151,42.71,-0.987,-0.158,0.036,0,0.221,0.975,-0.162,0.962,-0.218],"_shiftlockState":true,"_pose":"FreeFall","_animationQueue":[],"_animationSpeed":1,"_zoom":11.147},{"_mousePosition":[683,384],"_rootPartCFrame":[749.88,237.511,45.382,-0.956,0,0.292,0,1,0,-0.292,0,-0.956],"_humanoidState":5,"_cameraCFrame":[748.559,249.883,42.664,-0.986,-0.16,0.036,0,0.221,0.975,-0.164,0.962,-0.218],"_shiftlockState":true,"_pose":"FreeFall","_animationQueue":[],"_animationSpeed":1,"_zoom":11.147},{"_mousePosition":[683,384],"_rootPartCFrame":[749.617,237.189,45.339,-0.956,0,0.294,0,1,0,-0.294,0,-0.956],"_humanoidState":5,"_cameraCFrame":[748.335,249.558,42.594,-0.984,-0.173,0.039,0,0.222,0.975,-0.178,0.96,-0.218],"_shiftlockState":true,"_pose":"FreeFall","_animationQueue":[],"_animationSpeed":1,"_zoom":11.147},{"_mousePosition":[683,384],"_rootPartCFrame":[749.354,236.812,45.295,-0.952,0,0.307,0,1,0,-0.307,0,-0.952],"_humanoidState":5,"_cameraCFrame":[748.181,249.191,42.54,-0.976,-0.215,0.048,0,0.218,0.976,-0.22,0.952,-0.213],"_shiftlockState":true,"_pose":"FreeFall","_animationQueue":[],"_animationSpeed":1,"_zoom":11.147},{"_mousePosition":[683,384],"_rootPartCFrame":[749.092,236.38,45.248,-0.938,0,0.348,0,1,0,-0.348,0,-0.938],"_humanoidState":5,"_cameraCFrame":[748.146,248.769,42.445,-0.953,-0.296,0.065,0,0.214,0.977,-0.303,0.931,-0.204],"_shiftlockState":true,"_pose":"FreeFall","_animationQueue":[],"_animationSpeed":1,"_zoom":11.147},{"_mousePosition":[683,384],"_rootPartCFrame":[748.831,236.055,45.191,-0.94,0,0.342,0,1,0,-0.342,0,-0.94],"_humanoidState":7,"_cameraCFrame":[748.359,248.424,42.199,-0.896,-0.432,0.098,0,0.222,0.975,-0.444,0.874,-0.199],"_shiftlockState":true,"_pose":"FreeFall","_animationQueue":[["walk",0.1],["fall",0.3],["fall",0.3]],"_animationSpeed":1,"_zoom":11.147},{"_mousePosition":[683,384],"_rootPartCFrame":[748.576,236.074,45.114,-0.892,0,0.452,0,1,0,-0.452,0,-0.892],"_humanoidState":7,"_cameraCFrame":[748.794,248.4,41.94,-0.795,-0.589,0.144,0,0.238,0.971,-0.606,0.772,-0.19],"_shiftlockState":true,"_pose":"FreeFall","_animationQueue":[["fall",0.3]],"_animationSpeed":1,"_zoom":11.147},{"_mousePosition":[683,384],"_rootPartCFrame":[748.335,236.124,45.001,-0.789,0,0.615,0,1,0,-0.615,0,-0.789],"_humanoidState":8,"_cameraCFrame":[749.239,248.432,41.889,-0.658,-0.731,0.184,0,0.245,0.97,-0.753,0.638,-0.161],"_shiftlockState":true,"_pose":"Running","_animationQueue":[["walk",0.1],["fall",0.3],["walk",0.1]],"_animationSpeed":1.103,"_zoom":11.147},{"_mousePosition":[683,384],"_rootPartCFrame":[748.121,236.158,44.843,-0.648,0,0.762,0,1,0,-0.762,0,-0.648],"_humanoidState":8,"_cameraCFrame":[749.475,248.498,42.02,-0.506,-0.839,0.201,0,0.233,0.973,-0.863,0.492,-0.118],"_shiftlockState":true,"_pose":"Running","_animationQueue":[],"_animationSpeed":1.103,"_zoom":11.147},{"_mousePosition":[683,384],"_rootPartCFrame":[747.942,236.177,44.645,-0.495,0,0.869,0,1,0,-0.869,0,-0.495],"_humanoidState":8,"_cameraCFrame":[749.482,248.577,42.168,-0.362,-0.911,0.195,0,0.209,0.978,-0.932,0.354,-0.076],"_shiftlockState":true,"_pose":"Running","_animationQueue":[],"_animationSpeed":1.103,"_zoom":11.147},{"_mousePosition":[683,384],"_rootPartCFrame":[747.804,236.187,44.417,-0.353,0,0.936,0,1,0,-0.936,0,-0.353],"_humanoidState":8,"_cameraCFrame":[749.389,248.638,42.203,-0.249,-0.951,0.181,0,0.187,0.982,-0.969,0.245,-0.047],"_shiftlockState":true,"_pose":"Running","_animationQueue":[],"_animationSpeed":1.103,"_zoom":11.147},{"_mousePosition":[683,384],"_rootPartCFrame":[747.705,236.193,44.17,-0.242,0,0.97,0,1,0,-0.97,0,-0.242],"_humanoidState":8,"_cameraCFrame":[749.282,248.671,42.092,-0.186,-0.968,0.171,0,0.174,0.985,-0.983,0.183,-0.032],"_shiftlockState":true,"_pose":"Running","_animationQueue":[],"_animationSpeed":1.103,"_zoom":11.147},{"_mousePosition":[683,384],"_rootPartCFrame":[747.636,236.196,43.913,-0.185,0,0.983,0,1,0,-0.983,0,-0.185],"_humanoidState":8,"_cameraCFrame":[749.226,248.674,41.844,-0.179,-0.969,0.171,0,0.174,0.985,-0.984,0.177,-0.031],"_shiftlockState":true,"_pose":"Running","_animationQueue":[["walk",0.1]],"_animationSpeed":1.103,"_zoom":11.147},{"_mousePosition":[683,384],"_rootPartCFrame":[747.585,236.198,43.651,-0.179,0,0.984,0,1,0,-0.984,0,-0.179],"_humanoidState":8,"_cameraCFrame":[749.071,248.675,41.507,-0.228,-0.959,0.169,0,0.174,0.985,-0.974,0.224,-0.04],"_shiftlockState":true,"_pose":"Running","_animationQueue":[],"_animationSpeed":1.103,"_zoom":11.147},{"_mousePosition":[683,384],"_rootPartCFrame":[747.537,236.199,43.389,-0.228,0,0.974,0,1,0,-0.974,0,-0.228],"_humanoidState":8,"_cameraCFrame":[748.821,248.675,41.11,-0.319,-0.933,0.165,0,0.174,0.985,-0.948,0.314,-0.056],"_shiftlockState":true,"_pose":"Running","_animationQueue":[],"_animationSpeed":1.103,"_zoom":11.147},{"_mousePosition":[683,384],"_rootPartCFrame":[747.489,236.165,43.126,-0.319,0,0.948,0,1,0,-0.948,0,-0.319],"_humanoidState":8,"_cameraCFrame":[748.509,248.638,40.703,-0.43,-0.889,0.159,0,0.176,0.984,-0.903,0.423,-0.076],"_shiftlockState":true,"_pose":"Running","_animationQueue":[],"_animationSpeed":1.103,"_zoom":11.147},{"_mousePosition":[683,384],"_rootPartCFrame":[747.441,236.077,42.864,-0.43,0,0.903,0,1,0,-0.903,0,-0.43],"_humanoidState":8,"_cameraCFrame":[748.084,248.547,40.301,-0.566,-0.811,0.146,0,0.178,0.984,-0.825,0.557,-0.1],"_shiftlockState":true,"_pose":"Running","_animationQueue":[],"_animationSpeed":1.103,"_zoom":11.147},{"_mousePosition":[683,384],"_rootPartCFrame":[747.393,236.94,42.602,-0.566,0,0.825,0,1,0,-0.825,0,-0.566],"_humanoidState":3,"_cameraCFrame":[747.702,249.409,39.971,-0.669,-0.732,0.133,0,0.178,0.984,-0.744,0.658,-0.119],"_shiftlockState":true,"_pose":"Jumping","_animationQueue":[["walk",0.1],["jump",0.1]],"_animationSpeed":1,"_zoom":11.147},{"_mousePosition":[683,384],"_rootPartCFrame":[747.322,237.749,42.349,-0.597,0,0.802,0,1,0,-0.802,0,-0.597],"_humanoidState":5,"_cameraCFrame":[747.289,250.212,39.68,-0.763,-0.635,0.117,0,0.181,0.984,-0.646,0.751,-0.138],"_shiftlockState":true,"_pose":"FreeFall","_animationQueue":[["jump",0.1]],"_animationSpeed":1,"_zoom":11.147},{"_mousePosition":[683,384],"_rootPartCFrame":[747.216,238.503,42.113,-0.674,0,0.739,0,1,0,-0.739,0,-0.674],"_humanoidState":5,"_cameraCFrame":[746.887,250.954,39.417,-0.837,-0.538,0.102,0,0.186,0.982,-0.547,0.822,-0.156],"_shiftlockSta