[{"_mousePosition":[747,297],"_rootPartCFrame":[776.028,222.7,47.142,0,0,1,0,1,0,-1,0,0],"_humanoidState":8,"_cameraCFrame":[778.608,236.498,37.037,-0.969,-0.189,0.16,0,0.647,0.763,-0.247,0.739,-0.627],"_shiftlockState":false,"_pose":"Standing","_animationQueue":[],"_animationSpeed":1,"_zoom":16.125},{"_mousePosition":[747,297],"_rootPartCFrame":[775.789,222.695,47.079,0.036,0,0.999,0,1,0,-0.999,0,0.036],"_humanoidState":8,"_cameraCFrame":[778.258,236.614,37.095,-0.971,-0.185,0.153,0,0.638,0.77,-0.24,0.748,-0.619],"_shiftlockState":false,"_pose":"Standing","_animationQueue":[],"_animationSpeed":1,"_zoom":16.125},{"_mousePosition":[747,297],"_rootPartCFrame":[775.532,222.697,47.013,0.065,0,0.998,0,1,0,-0.998,0,0.065],"_humanoidState":8,"_cameraCFrame":[777.843,236.814,37.242,-0.973,-0.18,0.143,0,0.623,0.782,-0.23,0.761,-0.606],"_shiftlockState":false,"_pose":"Running","_animationQueue":[["walk",0.1]],"_animationSpeed":1.066,"_zoom":16.125},{"_mousePosition":[747,297],"_rootPartCFrame":[775.273,222.698,46.949,0.089,0,0.996,0,1,0,-0.996,0,0.089],"_humanoidState":8,"_cameraCFrame":[777.414,237.066,37.47,-0.975,-0.176,0.133,0,0.603,0.798,-0.22,0.778,-0.588],"_shiftlockState":false,"_pose":"Running","_animationQueue":[],"_animationSpeed":1.066,"_zoom":16.125},{"_mousePosition":[747,297],"_rootPartCFrame":[775.014,222.699,46.887,0.108,0,0.994,0,1,0,-0.994,0,0.108],"_humanoidState":8,"_cameraCFrame":[777.002,237.345,37.763,-0.977,-0.174,0.123,0,0.579,0.815,-0.213,0.797,-0.566],"_shiftlockState":false,"_pose":"Running","_animationQueue":[],"_animationSpeed":1.066,"_zoom":16.125},{"_mousePosition":[747,297],"_rootPartCFrame":[774.753,222.699,46.829,0.124,0,0.992,0,1,0,-0.992,0,0.124],"_humanoidState":8,"_cameraCFrame":[776.582,237.647,38.121,-0.979,-0.171,0.113,0,0.552,0.834,-0.205,0.816,-0.54],"_shiftlockState":false,"_pose":"Running","_animationQueue":[["walk",0.1]],"_animationSpeed":1.066,"_zoom":16.125},{"_mousePosition":[747,297],"_rootPartCFrame":[774.493,222.699,46.772,0.136,0,0.991,0,1,0,-0.991,0,0.136],"_humanoidState":8,"_cameraCFrame":[776.176,237.968,38.548,-0.98,-0.171,0.104,0,0.521,0.854,-0.201,0.836,-0.51],"_shiftlockState":false,"_pose":"Running","_animationQueue":[],"_animationSpeed":1.066,"_zoom":16.125},{"_mousePosition":[747,297],"_rootPartCFrame":[774.232,222.7,46.717,0.146,0,0.989,0,1,0,-0.989,0,0.146],"_humanoidState":8,"_cameraCFrame":[775.767,238.284,39.017,-0.981,-0.171,0.095,0,0.487,0.873,-0.196,0.857,-0.477],"_shiftlockState":false,"_pose":"Running","_animationQueue":[],"_animationSpeed":1.066,"_zoom":16.125},{"_mousePosition":[747,297],"_rootPartCFrame":[773.971,222.7,46.663,0.153,0,0.988,0,1,0,-0.988,0,0.153],"_humanoidState":8,"_cameraCFrame":[775.385,238.565,39.477,-0.981,-0.172,0.088,0,0.454,0.891,-0.193,0.874,-0.446],"_shiftlockState":false,"_pose":"Running","_animationQueue":[],"_animationSpeed":1.066,"_zoom":16.125},{"_mousePosition":[747,297],"_rootPartCFrame":[773.709,222.7,46.611,0.159,0,0.987,0,1,0,-0.987,0,0.159],"_humanoidState":8,"_cameraCFrame":[775.014,238.84,39.979,-0.981,-0.175,0.081,0,0.419,0.908,-0.193,0.891,-0.411],"_shiftlockState":false,"_pose":"Running","_animationQueue":[],"_animationSpeed":1.066,"_zoom":16.125},{"_mousePosition":[747,297],"_rootPartCFrame":[773.448,222.7,46.559,0.164,0,0.987,0,1,0,-0.987,0,0.164],"_humanoidState":8,"_cameraCFrame":[774.516,239.233,40.825,-0.983,-0.171,0.066,0,0.362,0.932,-0.183,0.917,-0.356],"_shiftlockState":false,"_pose":"Running","_animationQueue":[],"_animationSpeed":1.066,"_zoom":16.125},{"_mousePosition":[747,297],"_rootPartCFrame":[773.186,222.7,46.508,0.168,0,0.986,0,1,0,-0.986,0,0.168],"_humanoidState":8,"_cameraCFrame":[774.107,239.448,41.346,-0.984,-0.166,0.057,0,0.325,0.946,-0.176,0.931,-0.32],"_shiftlockState":false,"_pose":"Running","_animationQueue":[["walk",0.1]],"_animationSpeed":1.066,"_zoom":16.125},{"_mousePosition":[747,297],"_rootPartCFrame":[772.924,222.7,46.459,0.17,0,0.985,0,1,0,-0.985,0,0.17],"_humanoidState":8,"_cameraCFrame":[773.704,239.623,41.819,-0.986,-0.158,0.048,0,0.292,0.956,-0.166,0.943,-0.288],"_shiftlockState":false,"_pose":"Running","_animationQueue":[],"_animationSpeed":1.066,"_zoom":16.125},{"_mousePosition":[747,297],"_rootPartCFrame":[772.661,222.7,46.412,0.171,0,0.985,0,1,0,-0.985,0,0.171],"_humanoidState":8,"_cameraCFrame":[773.325,239.77,42.273,-0.987,-0.153,0.041,0,0.26,0.966,-0.158,0.953,-0.257],"_shiftlockState":false,"_pose":"Running","_animationQueue":[],"_animationSpeed":1.066,"_zoom":16.125},{"_mousePosition":[747,297],"_rootPartCFrame":[772.399,222.7,46.367,0.17,0,0.985,0,1,0,-0.985,0,0.17],"_humanoidState":8,"_cameraCFrame":[771.241,239.886,42.408,-0.988,-0.149,0.035,0,0.232,0.973,-0.153,0.961,-0.229],"_shiftlockState":true,"_pose":"Running","_animationQueue":[],"_animationSpeed":1.066,"_zoom":16.125},{"_mousePosition":[683,384],"_rootPartCFrame":[772.135,222.7,46.325,-0.997,0,0.08,0,1,0,-0.08,0,-0.997],"_humanoidState":8,"_cameraCFrame":[770.978,239.886,42.366,-0.988,-0.149,0.035,0,0.232,0.973,-0.153,0.961,-0.229],"_shiftlockState":true,"_pose":"Running","_animationQueue":[],"_animationSpeed":1.066,"_zoom":16.125},{"_mousePosition":[683,384],"_rootPartCFrame":[771.872,222.7,46.284,-0.992,0,0.125,0,1,0,-0.125,0,-0.992],"_humanoidState":8,"_cameraCFrame":[770.663,239.963,42.658,-0.988,-0.15,0.032,0,0.211,0.978,-0.153,0.966,-0.208],"_shiftlockState":true,"_pose":"Running","_animationQueue":[],"_animationSpeed":1.066,"_zoom":16.125},{"_mousePosition":[683,384],"_rootPartCFrame":[771.609,222.7,46.243,-0.989,0,0.15,0,1,0,-0.15,0,-0.989],"_humanoidState":8,"_cameraCFrame":[770.353,240.014,42.863,-0.989,-0.148,0.029,0,0.195,0.981,-0.151,0.97,-0.193],"_shiftlockState":true,"_pose":"Running","_animationQueue":[],"_animationSpeed":1.066,"_zoom":16.125},{"_mousePosition":[683,384],"_rootPartCFrame":[771.345,222.7,46.202,-0.989,0,0.15,0,1,0,-0.15,0,-0.989],"_humanoidState":8,"_cameraCFrame":[770.062,240.049,43.006,-0.989,-0.148,0.028,0,0.184,0.983,-0.151,0.972,-0.182],"_shiftlockState":true,"_pose":"Running","_animationQueue":[["walk",0.1]],"_animationSpeed":1.066,"_zoom":16.125},{"_mousePosition":[683,384],"_rootPartCFrame":[771.081,222.7,46.162,-0.989,0,0.151,0,1,0,-0.151,0,-0.989],"_humanoidState":8,"_cameraCFrame":[769.773,240.08,43.13,-0.989,-0.148,0.026,0,0.174,0.985,-0.151,0.974,-0.172],"_shiftlockState":true,"_pose":"Running","_animationQueue":[],"_animationSpeed":1.066,"_zoom":16.125},{"_mousePosition":[683,384],"_rootPartCFrame":[770.818,222.7,46.122,-0.989,0,0.151,0,1,0,-0.151,0,-0.989],"_humanoidState":8,"_cameraCFrame":[769.51,240.08,43.09,-0.989,-0.148,0.026,0,0.174,0.985,-0.151,0.974,-0.172],"_shiftlockState":true,"_pose":"Running","_animationQueue":[],"_animationSpeed":1.066,"_zoom":16.125},{"_mousePosition":[683,384],"_rootPartCFrame":[770.554,222.7,46.081,-0.989,0,0.151,0,1,0,-0.151,0,-0.989],"_humanoidState":8,"_cameraCFrame":[769.246,240.08,43.05,-0.989,-0.148,0.026,0,0.174,0.985,-0.151,0.974,-0.172],"_shiftlockState":true,"_pose":"Running","_animationQueue":[],"_animationSpeed":1.066,"_zoom":16.125},{"_mousePosition":[683,384],"_rootPartCFrame":[770.29,223.563,46.041,-0.989,0,0.151,0,1,0,-0.151,0,-0.989],"_humanoidState":3,"_cameraCFrame":[768.975,240.943,43.013,-0.989,-0.146,0.026,0,0.174,0.985,-0.148,0.974,-0.172],"_shiftlockState":true,"_pose":"Jumping","_animationQueue":[["walk",0.1],["jump",0.1]],"_animationSpeed":1,"_zoom":16.125},{"_mousePosition":[683,384],"_rootPartCFrame":[770.027,224.371,46.001,-0.971,0,0.238,0,1,0,-0.238,0,-0.971],"_humanoidState":5,"_cameraCFrame":[768.696,241.751,42.979,-0.99,-0.141,0.025,0,0.174,0.985,-0.143,0.975,-0.172],"_shiftlockState":true,"_pose":"FreeFall","_animationQueue":[["jump",0.1]],"_animationSpeed":1,"_zoom":16.125},{"_mousePosition":[683,384],"_rootPartCFrame":[769.763,225.125,45.961,-0.963,0,0.269,0,1,0,-0.269,0,-0.963],"_humanoidState":5,"_cameraCFrame":[768.417,242.505,42.946,-0.99,-0.136,0.024,0,0.174,0.985,-0.138,0.975,-0.172],"_shiftlockState":true,"_pose":"FreeFall","_animationQueue":[],"_animationSpeed":1,"_zoom":16.125},{"_mousePosition":[683,384],"_rootPartCFrame":[769.499,225.824,45.923,-0.963,0,0.268,0,1,0,-0.268,0,-0.963],"_humanoidState":5,"_cameraCFrame":[768.145,243.204,42.911,-0.991,-0.134,0.024,0,0.174,0.985,-0.136,0.976,-0.172],"_shiftlockState":true,"_pose":"FreeFall","_animationQueue":[],"_animationSpeed":1,"_zoom":16.125},{"_mousePosition":[683,384],"_rootPartCFrame":[769.235,226.469,45.886,-0.964,0,0.266,0,1,0,-0.266,0,-0.964],"_humanoidState":5,"_cameraCFrame":[767.866,243.849,42.881,-0.991,-0.129,0.023,0,0.174,0.985,-0.131,0.976,-0.172],"_shiftlockState":true,"_pose":"FreeFall","_animationQueue":[],"_animationSpeed":1,"_zoom":16.125},{"_mousePosition":[683,384],"_rootPartCFrame":[768.971,227.06,45.85,-0.965,0,0.261,0,1,0,-0.261,0,-0.965],"_humanoidState":5,"_cameraCFrame":[767.602,244.44,42.845,-0.991,-0.129,0.023,0,0.174,0.985,-0.131,0.976,-0.172],"_shiftlockState":true,"_pose":"FreeFall","_animationQueue":[],"_animationSpeed":1,"_zoom":16.125},{"_mousePosition":[683,384],"_rootPartCFrame":[768.706,227.595,45.815,-0.965,0,0.261,0,1,0,-0.261,0,-0.965],"_humanoidState":5,"_cameraCFrame":[767.337,244.975,42.81,-0.991,-0.129,0.023,0,0.174,0.985,-0.131,0.976,-0.172],"_shiftlockState":true,"_pose":"FreeFall","_animationQueue":[],"_animationSpeed":1,"_zoom":16.125},{"_mousePosition":[683,384],"_rootPartCFrame":[768.442,228.077,45.78,-0.965,0,0.261,0,1,0,-0.261,0,-0.965],"_humanoidState":5,"_cameraCFrame":[767.073,245.457,42.775,-0.991,-0.129,0.023,0,0.174,0.985,-0.131,0.976,-0.172],"_shiftlockState":true,"_pose":"FreeFall","_animationQueue":[],"_animationSpeed":1,"_zoom":16.125},{"_mousePosition":[683,384],"_rootPartCFrame":[768.178,228.504,45.745,-0.965,0,0.261,0,1,0,-0.261,0,-0.965],"_humanoidState":5,"_cameraCFrame":[766.809,245.884,42.74,-0.991,-0.129,0.023,0,0.174,0.985,-0.131,0.976,-0.172],"_shiftlockState":true,"_pose":"FreeFall","_animationQueue":[],"_animationSpeed":1,"_zoom":16.125},{"_mousePosition":[683,384],"_rootPartCFrame":[767.913,228.876,45.71,-0.965,0,0.261,0,1,0,-0.261,0,-0.965],"_humanoidState":5,"_cameraCFrame":[766.544,246.256,42.705,-0.991,-0.129,0.023,0,0.174,0.985,-0.131,0.976,-0.172],"_shiftlockState":true,"_pose":"FreeFall","_animationQueue":[],"_animationSpeed":1,"_zoom":16.125},{"_mousePosition":[683,384],"_rootPartCFrame":[767.649,229.194,45.675,-0.965,0,0.261,0,1,0,-0.261,0,-0.965],"_humanoidState":5,"_cameraCFrame":[766.28,246.574,42.671,-0.991,-0.129,0.023,0,0.174,0.985,-0.131,0.976,-0.172],"_shiftlockState":true,"_pose":"FreeFall","_animationQueue":[],"_animationSpeed":1,"_zoom":16.125},{"_mousePosition":[683,384],"_rootPartCFrame":[767.384,229.457,45.641,-0.965,0,0.261,0,1,0,-0.261,0,-0.965],"_humanoidState":5,"_cameraCFrame":[766.015,246.837,42.636,-0.991,-0.129,0.023,0,0.174,0.985,-0.131,0.976,-0.172],"_shiftlockState":true,"_pose":"FreeFall","_animationQueue":[],"_animationSpeed":1,"_zoom":16.125},{"_mousePosition":[683,384],"_rootPartCFrame":[767.12,229.666,45.606,-0.965,0,0.261,0,1,0,-0.261,0,-0.965],"_humanoidState":5,"_cameraCFrame":[765.781,247.046,42.587,-0.99,-0.139,0.024,0,0.174,0.985,-0.141,0.975,-0.172],"_shiftlockState":true,"_pose":"FreeFall","_animationQueue":[],"_animationSpeed":1,"_zoom":16.125},{"_mousePosition":[683,384],"_rootPartCFrame":[766.856,229.821,45.571,-0.963,0,0.271,0,1,0,-0.271,0,-0.963],"_humanoidState":5,"_cameraCFrame":[765.548,247.201,42.539,-0.989,-0.148,0.026,0,0.174,0.985,-0.151,0.974,-0.172],"_shiftlockState":true,"_pose":"FreeFall","_animationQueue":[],"_animationSpeed":1,"_zoom":16.125},{"_mousePosition":[683,384],"_rootPartCFrame":[766.592,229.921,45.534,-0.96,0,0.281,0,1,0,-0.281,0,-0.96],"_humanoidState":5,"_cameraCFrame":[765.314,247.301,42.489,-0.987,-0.158,0.028,0,0.174,0.985,-0.161,0.972,-0.171],"_shiftlockState":true,"_pose":"FreeFall","_animationQueue":[],"_animationSpeed":1,"_zoom":16.125},{"_mousePosition":[683,384],"_rootPartCFrame":[766.328,229.966,45.494,-0.957,0,0.29,0,1,0,-0.29,0,-0.957],"_humanoidState":5,"_cameraCFrame":[765.074,247.346,42.439,-0.986,-0.166,0.029,0,0.174,0.985,-0.168,0.971,-0.171],"_shiftlockState":true,"_pose":"FreeFall","_animationQueue":[],"_animationSpeed":1,"_zoom":16.125},{"_mousePosition":[683,384],"_rootPartCFrame":[766.065,229.957,45.452,-0.955,0,0.298,0,1,0,-0.298,0,-0.955],"_humanoidState":5,"_cameraCFrame":[764.826,247.337,42.391,-0.985,-0.171,0.03,0,0.174,0.985,-0.173,0.97,-0.171],"_shiftlockState":true,"_pose":"FreeFall","_animationQueue":[["fall",0.3]],"_animationSpeed":1,"_zoom":16.125},{"_mousePosition":[683,384],"_rootPartCFrame":[765.802,229.893,45.407,-0.953,0,0.302,0,1,0,-0.302,0,-0.953],"_humanoidState":5,"_cameraCFrame":[764.563,247.273,42.346,-0.985,-0.171,0.03,0,0.174,0.985,-0.173,0.97,-0.171],"_shiftlockState":true,"_pose":"FreeFall","_animationQueue":[],"_animationSpeed":1,"_zoom":16.125},{"_mousePosition":[683,384],"_rootPartCFrame":[765.539,229.775,45.361,-0.953,0,0.302,0,1,0,-0.302,0,-0.953],"_humanoidState":5,"_cameraCFrame":[764.3,247.155,42.3,-0.985,-0.171,0.03,0,0.174,0.985,-0.173,0.97,-0.171],"_shiftlockState":true,"_pose":"FreeFall","_animationQueue":[],"_animationSpeed":1,"_zoom":16.125},{"_mousePosition":[683,384],"_rootPartCFrame":[765.276,229.603,45.315,-0.953,0,0.302,0,1,0,-0.302,0,-0.953],"_humanoidState":5,"_cameraCFrame":[764.038,246.983,42.254,-0.985,-0.171,0.03,0,0.174,0.985,-0.173,0.97,-0.171],"_shiftlockState":true,"_pose":"FreeFall","_animationQueue":[],"_animationSpeed":1,"_zoom":16.125},{"_mousePosition":[683,384],"_rootPartCFrame":[765.014,229.375,45.269,-0.953,0,0.302,0,1,0,-0.302,0,-0.953],"_humanoidState":5,"_cameraCFrame":[763.783,246.755,42.205,-0.984,-0.173,0.031,0,0.174,0.985,-0.176,0.969,-0.171],"_shiftlockState":true,"_pose":"FreeFall","_animationQueue":[],"_animationSpeed":1,"_zoom":16.125},{"_mousePosition":[683,384],"_rootPartCFrame":[764.751,229.094,45.222,-0.952,0,0.305,0,1,0,-0.305,0,-0.952],"_humanoidState":5,"_cameraCFrame":[763.52,246.474,42.159,-0.984,-0.173,0.031,0,0.174,0.985,-0.176,0.969,-0.171],"_shiftlockState":true,"_pose":"FreeFall","_animationQueue":[],"_animationSpeed":1,"_zoom":16.125},{"_mousePosition":[683,384],"_rootPartCFrame":[764.489,228.758,45.176,-0.952,0,0.305,0,1,0,-0.305,0,-0.952],"_humanoidState":5,"_cameraCFrame":[763.258,246.138,42.112,-0.984,-0.173,0.031,0,0.174,0.985,-0.176,0.969,-0.171],"_shiftlockState":true,"_pose":"FreeFall","_animationQueue":[],"_animationSpeed":1,"_zoom":16.125},{"_mousePosition":[683,384],"_rootPartCFrame":[764.226,228.367,45.129,-0.952,0,0.305,0,1,0,-0.305,0,-0.952],"_humanoidState":5,"_cameraCFrame":[762.995,245.747,42.065,-0.984,-0.173,0.031,0,0.174,0.985,-0.176,0.969,-0.171],"_shiftlockState":true,"_pose":"FreeFall","_animationQueue":[["fall",0.3]],"_animationSpeed":1,"_zoom":16.125},{"_mousePosition":[683,384],"_rootPartCFrame":[763.964,227.922,45.082,-0.952,0,0.305,0,1,0,-0.305,0,-0.952],"_humanoidState":5,"_cameraCFrame":[762.733,245.302,42.018,-0.984,-0.173,0.031,0,0.174,0.985,-0.176,0.969,-0.171],"_shiftlockState":true,"_pose":"FreeFall","_animationQueue":[],"_animationSpeed":1,"_zoom":16.125},{"_mousePosition":[683,384],"_rootPartCFrame":[763.701,227.422,45.035,-0.952,0,0.305,0,1,0,-0.305,0,-0.952],"_humanoidState":5,"_cameraCFrame":[762.478,244.802,41.968,-0.984,-0.175,0.031,0,0.174,0.985,-0.178,0.969,-0.171],"_shiftlockState":true,"_pose":"FreeFall","_animationQueue":[],"_animationSpeed":1,"_zoom":16.125},{"_mousePosition":[683,384],"_rootPartCFrame":[763.439,226.868,44.988,-0.952,0,0.307,0,1,0,-0.307,0,-0.952],"_humanoidState":5,"_cameraCFrame":[762.223,244.248,41.918,-0.984,-0.178,0.031,0,0.174,0.985,-0.181,0.969,-0.171],"_shiftlockState":true,"_pose":"FreeFall","_animationQueue":[],"_animationSpeed":1,"_zoom":16.125},{"_mousePosition":[683,384],"_rootPartCFrame":[763.176,226.26,44.941,-0.951,0,0.31,0,1,0,-0.31,0,-0.951],"_humanoidState":5,"_cameraCFrame":[761.976,243.64,41.865,-0.983,-0.183,0.032,0,0.174,0.985,-0.186,0.968,-0.171],"_shiftlockState":true,"_pose":"FreeFall","_animationQueue":[],"_animationSpeed":1,"_zoom":16.125},{"_mousePosition":[683,384],"_rootPartCFrame":[762.914,225.597,44.893,-0.949,0,0.315,0,1,0,-0.315,0,-0.949],"_humanoidState":5,"_cameraCFrame":[761.738,242.977,41.808,-0.981,-0.19,0.034,0,0.174,0.985,-0.193,0.966,-0.17],"_shiftlockState":true,"_pose":"FreeFall","_animationQueue":[],"_animationSpeed":1,"_zoom":16.125},{"_mousePosition":[683,384],"_rootPartCFrame":[762.652,224.879,44.844,-0.947,0,0.322,0,1,0,-0.322,0,-0.947],"_humanoidState":5,"_cameraCFrame":[761.515,242.259,41.744,-0.979,-0.202,0.036,0,0.174,0.985,-0.205,0.964,-0.17],"_shiftlockState":true,"_pose":"FreeFall","_animationQueue":[],"_animationSpeed":1,"_zoom":16.125},{"_mousePosition":[683,384],"_rootPartCFrame":[762.39,224.107,44.792,-0.943,0,0.334,0,1,0,-0.334,0,-0.943],"_humanoidState":5,"_cameraCFrame":[761.308,241.487,41.673,-0.975,-0.219,0.039,0,0.174,0.985,-0.223,0.96,-0.169],"_shiftlockState":true,"_pose":"FreeFall","_animationQueue":[["fall",0.3]],"_animationSpeed":1,"_zoom":16.125},{"_mousePosition":[683,384],"_rootPartCFrame":[762.129,223.28,44.738,-0.937,0,0.35,0,1,0,-0.35,0,-0.937],"_humanoidState":5,"_cameraCFrame":[761.11,240.66,41.597,-0.97,-0.239,0.042,0,0.174,0.985,-0.242,0.955,-0.168],"_shiftlockState":true,"_pose":"FreeFall","_animationQueue":[],"_animationSpeed":1,"_zoom":16.125},{"_mousePosition":[683,384],"_rootPartCFrame":[761.869,222.684,44.679,-0.961,0,0.277,0,1,0,-0.277,0,-0.961],"_humanoidState":7,"_cameraCFrame":[760.93,240.064,41.514,-0.964,-0.263,0.046,0,0.174,0.985,-0.267,0.949,-0.167],"_shiftlockState":true,"_pose":"FreeFall","_animationQueue":[["walk",0.1],["fall",0.3],["fall",0.3]],"_animationSpeed":1,"_zoom":16.125},{"_mousePosition":[683,384],"_rootPartCFrame":[761.61,222.719,44.615,-0.963,0,0.27,0,1,0,-0.27,0,-0.963],"_humanoidState":7,"_cameraCFrame":[760.752,240.099,41.427,-0.957,-0.287,0.051,0,0.174,0.985,-0.291,0.942,-0.166],"_shiftlockState":true,"_pose":"FreeFall","_animationQueue":[],"_animationSpeed":1,"_zoom":16.125},{"_mousePosition":[683,384],"_rootPartCFrame":[761.289,222.83,44.527,-0.957,0,0.291,0,1,0,-0.291,0,-0.957],"_humanoidState":8,"_cameraCFrame":[760.568,240.21,41.305,-0.943,-0.327,0.058,0,0.174,0.985,-0.332,0.929,-0.164],"_shiftlockState":true,"_pose":"Running","_animationQueue":[["walk",0.1],["fall",0.3],["walk",0.1]],"_animationSpeed":1.103,"_zoom":16.125},{"_mousePosition":[683,384],"_rootPartCFrame":[761.034,222.885,44.451,-0.943,0,0.332,0,1,0,-0.332,0,-0.943],"_humanoidState":8,"_cameraCFrame":[760.395,240.265,41.211,-0.935,-0.35,0.062,0,0.174,0.985,-0.356,0.92,-0.162],"_shiftlockState":true,"_pose":"Running","_animationQueue":[],"_animationSpeed":1.103,"_zoom":16.125},{"_mousePosition":[683,384],"_rootPartCFrame":[760.781,222.914,44.364,-0.935,0,0.356,0,1,0,-0.356,0,-0.935],"_humanoidState":8,"_cameraCFrame":[760.225,240.294,41.109,-0.925,-0.374,0.066,0,0.174,0.985,-0.379,0.911,-0.161],"_shiftlockState":true,"_pose":"Running","_animationQueue":[["walk",0.1]],"_animationSpeed":1.103,"_zoom":16.125},{"_mousePosition":[683,384],"_rootPartCFrame":[760.532,222.93,44.27,-0.925,0,0.379,0,1,0,-0.379,0,-0.925],"_humanoidState":8,"_cameraCFrame":[760.049,240.31,41.003,-0.916,-0.394,0.07,0,0.174,0.985,-0.4,0.902,-0.159],"_shiftlockState":true,"_pose":"Running","_animationQueue":[],"_animationSpeed":1.103,"_zoom":16.125},{"_mousePosition":[683,384],"_rootPartCFrame":[760.285,222.939,44.17,-0.916,0,0.4,0,1,0,-0.4,0,-0.916],"_humanoidState":8,"_cameraCFrame":[759.885,240.319,40.892,-0.906,-0.417,0.074,0,0.174,0.985,-0.423,0.892,-0.157],"_shiftlockState":true,"_pose":"Running","_animationQueue":[],"_animationSpeed":1.103,"_zoom":16.125},{"_mousePosition":[683,384],"_rootPartCFrame":[760.04,222.944,44.064,-0.906,0,0.423,0,1,0,-0.423,0,-0.906],"_humanoidState":8,"_cameraCFrame":[759.715,240.324,40.778,-0.896,-0.437,0.077,0,0.174,0.985,-0.444,0.882,-0.156],"_shiftlockState":true,"_pose":"Running","_animationQueue":[],"_animationSpeed":1.103,"_zoom":16.125},{"_mousePosition":[683,384],"_rootPartCFrame":[759.798,222.947,43.952,-0.896,0,0.444,0,1,0,-0.444,0,-0.896],"_humanoidState":8,"_cameraCFrame":[759.54,240.327,40.66,-0.887,-0.455,0.08,0,0.174,0.985,-0.462,0.873,-0.154],"_shiftlockState":true,"_pose":"Running","_animationQueue":[],"_animationSpeed":1.103,"_zoom":16.125},{"_mousePosition":[683,384],"_rootPartCFrame":[759.559,222.948,43.834,-0.887,0,0.462,0,1,0,-0.462,0,-0.887],"_humanoidState":8,"_cameraCFrame":[759.359,240.328,40.538,-0.879,-0.47,0.083,0,0.174,0.985,-0.478,0.865,-0.153],"_shiftlockState":true,"_pose":"Running","_animationQueue":[],"_animationSpeed":1.103,"_zoom":16.125},{"_mousePosition":[683,384],"_rootPartCFrame":[759.322,222.949,43.712,-0.879,0,0.478,0,1,0,-0.478,0,-0.879],"_humanoidState":8,"_cameraCFrame":[759.147,240.329,40.414,-0.875,-0.477,0.084,0,0.174,0.985,-0.484,0.862,-0.152],"_shiftlockState":true,"_pose":"Running","_animationQueue":[["walk",0.1]],"_animationSpeed":1.103,"_zoom":16.125},{"_mousePosition":[683,384],"_rootPartCFrame":[759.087,222.949,43.585,-0.875,0,0.484,0,1,0,-0.484,0,-0.875],"_humanoidState":8,"_cameraCFrame":[758.887,240.329,40.289,-0.879,-0.47,0.083,0,0.174,0.985,-0.478,0.865,-0.153],"_shiftlockState":true,"_pose":"Running","_animationQueue":[],"_animationSpeed":1.103,"_zoom":16.125},{"_mousePosition":[683,384],"_rootPartCFrame":[758.854,222.949,43.456,-0.879,0,0.478,0,1,0,-0.478,0,-0.879],"_humanoidState":8,"_cameraCFrame":[758.571,240.329,40.166,-0.89,-0.448,0.079,0,0.174,0.985,-0.455,0.877,-0.155],"_shiftlockState":true,"_pose":"Running","_animationQueue":[],"_animationSpeed":1.103,"_zoom":16.125},{"_mousePosition":[683,384],"_rootPartCFrame":[758.62,222.95,43.328,-0.89,0,0.455,0,1,0,-0.455,0,-0.89],"_humanoidState":8,"_cameraCFrame":[758.195,240.33,40.054,-0.909,-0.41,0.072,0,0.174,0.985,-0.417,0.895,-0.158],"_shiftlockState":true,"_pose":"Running","_animationQueue":[],"_animationSpeed":1.103,"_zoom":16.125},{"_mousePosition":[683,384],"_rootPartCFrame":[758.323,222.95,43.176,-0.909,0,0.417,0,1,0,-0.417,0,-0.909],"_humanoidState":8,"_cameraCFrame":[757.725,240.33,39.928,-0.93,-0.362,0.064,0,0.174,0.985,-0.368,0.916,-0.161],"_shiftlockState":true,"_pose":"Running","_animationQueue":[],"_animationSpeed":1.103,"_zoom":16.125},{"_mousePosition":[683,384],"_rootPartCFrame":[758.142,222.95,43.091,-0.93,0,0.368,0,1,0,-0.368,0,-0.93],"_humanoidState":8,"_cameraCFrame":[757.259,240.33,39.909,-0.959,-0.28,0.049,0,0.174,0.985,-0.284,0.944,-0.167],"_shiftlockState":true,"_pose":"Running","_animationQueue":[],"_animationSpeed":1.103,"_zoom":16.125},{"_mousePosition":[683,384],"_rootPartCFrame":[757.895,222.95,42.991,-0.959,0,0.284,0,1,0,-0.284,0,-0.959],"_humanoidState":8,"_cameraCFrame":[756.797,240.33,39.877,-0.976,-0.215,0.038,0,0.174,0.985,-0.218,0.961,-0.169],"_shiftlockState":true,"_pose":"Running","_animationQueue":[["walk",0.1]],"_animationSpeed":1.103,"_zoom":16.125},{"_mousePosition":[683,384],"_rootPartCFrame":[757.647,222.916,42.893,-0.976,0,0.218,0,1,0,-0.218,0,-0.976],"_humanoidState":8,"_cameraCFrame":[756.339,240.296,39.861,-0.989,-0.148,0.026,0,0.174,0.985,-0.151,0.974,-0.172],"_shiftlockState":true,"_pose":"Running","_animationQueue":[],"_animationSpeed":1.103,"_zoom":16.125},{"_mousePosition":[683,384],"_rootPartCFrame":[757.399,222.827,42.795,-0.989,0,0.151,0,1,0,-0.151,0,-0.989],"_humanoidState":8,"_cameraCFrame":[755.909,240.207,39.848,-0.996,-0.089,0.016,0,0.174,0.985,-0.09,0.981,-0.173],"_shiftlockState":true,"_pose":"Running","_animationQueue":[],"_animationSpeed":1.103,"_zoom":16.125},{"_mousePosition":[683,384],"_rootPartCFrame":[757.151,222.684,42.697,-0.996,0,0.09,0,1,0,-0.09,0,-0.996],"_humanoidState":8,"_cameraCFrame":[755.543,240.064,39.813,-0.999,-0.049,0.009,0,0.174,0.985,-0.05,0.984,-0.173],"_shiftlockState":true,"_pose":"Running","_animationQueue":[],"_animationSpeed":1.103,"_zoom":16.125},{"_mousePosition":[683,384],"_rootPartCFrame":[756.903,223.557,42.599,-0.999,0,0.05,0,1,0,-0.05,0,-0.999],"_humanoidState":3,"_cameraCFrame":[755.216,240.937,39.76,-1,-0.022,0.004,0,0.174,0.985,-0.022,0.985,-0.174],"_shiftlockState":true,"_pose":"Jumping","_animationQueue":[["walk",0.1],["jump",0.1]],"_animationSpeed":1,"_zoom":16.125},{"_mousePosition":[683,384],"_rootPartCFrame":[756.65,224.379,42.525,-0.993,0,0.114,0,1,0,-0.114,0,-0.993],"_humanoidState":5,"_cameraCFrame":[754.927,241.759,39.708,-1,-0.009,0.002,0,0.174,0.985,-0.01,0.985,-0.174],"_shiftlockState":true,"_pose":"FreeFall","_animationQueue":[["jump",0.1]],"_animationSpeed":1,"_zoom":16.125},{"_mousePosition":[683,384],"_rootPartCFrame":[756.389,225.147,42.49,-0.99,0,0.138,0,1,0,-0.138,0,-0.99],"_humanoidState":5,"_cameraCFrame":[754.644,242.527,39.687,-1,-0.002,0,0,0.174,0.985,-0.002,0.985,-0.174],"_shiftlockState":true,"_pose":"FreeFall","_animationQueue":[],"_animationSpeed":1,"_zoom":16.125},{"_mousePosition":[683,384],"_rootPartCFrame":[756.123,225.86,42.484,-0.991,0,0.134,0,1,0,-0.134,0,-0.991],"_humanoidState":5,"_cameraCFrame":[754.364,243.24,39.69,-1,0.003,-0.001,0,0.174,0.985,0.003,0.985,-0.174],"_shiftlockState":true,"_pose":"FreeFall","_animationQueue":[],"_animationSpeed":1,"_zoom":16.125},{"_mousePosition":[683,384],"_rootPartCFrame":[755.856,226.518,42.483,-0.992,0,0.13,0,1,0,-0.13,0,-0.992],"_humanoidState":5,"_cameraCFrame":[754.09,243.898,39.693,-1,0.006,-0.001,0,0.174,0.985,0.006,0.985,-0.174],"_shiftlockState":true,"_pose":"FreeFall","_animationQueue":[],"_animationSpeed":1,"_zoom":16.125},{"_mousePosition":[683,384],"_rootPartCFrame":[755.589,227.122,42.484,-0.992,0,0.127,0,1,0,-0.127,0,-0.992],"_humanoidState":5,"_cameraCFrame":[753.824,244.502,39.694,-1,0.006,-0.001,0,0.174,0.985,0.006,0.985,-0.174],"_shiftlockState":true,"_pose":"FreeFall","_animationQueue":[],"_animationSpeed":1,"_zoom":16.125},{"_mousePosition":[683,384],"_rootPartCFrame":[755.323,227.672,42.486,-0.992,0,0.127,0,1,0,-0.127,0,-0.992],"_humanoidState":5,"_cameraCFrame":[753.557,245.052,39.695,-1,0.006,-0.001,0,0.174,0.985,0.006,0.985,-0.174],"_shiftlockState":true,"_pose":"FreeFall","_animationQueue":[],"_animationSpeed":1,"_zoom":16.125},{"_mousePosition":[683,384],"_rootPartCFrame":[755.056,228.167,42.487,-0.992,0,0.127,0,1,0,-0.127,0,-0.992],"_humanoidState":5,"_cameraCFrame":[753.29,245.547,39.697,-1,0.006,-0.001,0,0.174,0.985,0.006,0.985,-0.174],"_shiftlockState":true,"_pose":"FreeFall","_animationQueue":[],"_animationSpeed":1,"_zoom":16.125},{"_mousePosition":[683,384],"_rootPartCFrame":[754.79,228.607,42.489,-0.992,0,0.127,0,1,0,-0.127,0,-0.992],"_humanoidState":5,"_cameraCFrame":[753.024,245.987,39.698,-1,0.006,-0.001,0,0.174,0.985,0.006,0.985,-0.174],"_shiftlockState":true,"_pose":"FreeFall","_animationQueue":[],"_animationSpeed":1,"_zoom":16.125},{"_mousePosition":[683,384],"_rootPartCFrame":[754.523,228.993,42.49,-0.992,0,0.127,0,1,0,-0.127,0,-0.992],"_humanoidState":5,"_cameraCFrame":[752.757,246.373,39.7,-1,0.006,-0.001,0,0.174,0.985,0.006,0.985,-0.174],"_shiftlockState":true,"_pose":"FreeFall","_animationQueue":[],"_animationSpeed":1,"_zoom":16.125},{"_mousePosition":[683,384],"_rootPartCFrame":[754.256,229.325,42.492,-0.992,0,0.127,0,1,0,-0.127,0,-0.992],"_humanoidState":5,"_cameraCFrame":[752.484,246.705,39.706,-1,0.008,-0.001,0,0.174,0.985,0.008,0.985,-0.174],"_shiftlockState":true,"_pose":"FreeFall","_animationQueue":[],"_animationSpeed":1,"_zoom":16.125},{"_mousePosition":[683,384],"_rootPartCFrame":[753.99,229.602,42.493,-0.992,0,0.125,0,1,0,-0.125,0,-0.992],"_humanoidState":5,"_cameraCFrame":[752.196,246.982,39.721,-1,0.016,-0.003,0,0.174,0.985,0.016,0.985,-0.174],"_shiftlockState":true,"_pose":"FreeFall","_animationQueue":[],"_animationSpeed":1,"_zoom":16.125},{"_mousePosition":[683,384],"_rootPartCFrame":[753.723,229.824,42.495,-0.993,0,0.117,0,1,0,-0.117,0,-0.993],"_humanoidState":5,"_cameraCFrame":[751.908,247.204,39.737,-1,0.023,-0.004,0,0.174,0.985,0.023,0.985,-0.174],"_shiftlockState":true,"_pose":"FreeFall","_animationQueue":[],"_animationSpeed":1,"_zoom":16.125},{"_mousePosition":[683,384],"_rootPartCFrame":[753.457,229.992,42.499,-0.994,0,0.11,0,1,0,-0.11,0,-0.994],"_humanoidState":5,"_cameraCFrame":[751.614,247.372,39.759,-0.999,0.033,-0.006,0,0.174,0.985,0.033,0.984,-0.174],"_shiftlockState":true,"_pose":"FreeFall","_animationQueue":[],"_animationSpeed":1,"_zoom":16.125},{"_mousePosition":[683,384],"_rootPartCFrame":[753.19,230.106,42.505,-0.995,0,0.1,0,1,0,-0.1,0,-0.995],"_humanoidState":5,"_cameraCFrame":[751.32,247.486,39.784,-0.999,0.043,-0.008,0,0.174,0.985,0.044,0.984,-0.173],"_shiftlockState":true,"_pose":"FreeFall","_animationQueue":[],"_animationSpeed":1,"_zoom":16.125},{"_mousePosition":[683,384],"_rootPartCFrame":[752.923,230.165,42.513,-0.996,0,0.09,0,1,0,-0.09,0,-0.996],"_humanoidState":5,"_cameraCFrame":[751.032,247.545,39.807,-0.999,0.05,-0.009,0,0.174,0.985,0.051,0.984,-0.173],"_shiftlockState":true,"_pose":"FreeFall","_animationQueue":[],"_animationSpeed":1,"_zoom":16.125},{"_mousePosition":[683,384],"_rootPartCFrame":[752.657,230.169,42.525,-0.997,0,0.082,0,1,0,-0.082,0,-0.997],"_humanoidState":5,"_cameraCFrame":[750.746,247.549,39.832,-0.998,0.058,-0.01,0,0.174,0.985,0.059,0.983,-0.173],"_shiftlockState":true,"_pose":"FreeFall","_animationQueue":[["fall",0.3]],"_animationSpeed":1,"_zoom":16.125},{"_mousePosition":[683,384],"_rootPartCFrame":[752.391,230.119,42.538,-0.997,0,0.074,0,1,0,-0.074,0,-0.997],"_humanoidState":5,"_cameraCFrame":[750.466,247.499,39.855,-0.998,0.063,-0.011,0,0.174,0.985,0.064,0.983,-0.173],"_shiftlockState":true,"_pose":"FreeFall","_animationQueue":[],"_animationSpeed":1,"_zoom":16.125},{"_mousePosition":[683,384],"_rootPartCFrame":[752.124,230.015,42.553,-0.998,0,0.069,0,1,0,-0.069,0,-0.998],"_humanoidState":5,"_cameraCFrame":[750.172,247.395,39.89,-0.997,0.073,-0.013,0,0.174,0.985,0.074,0.982,-0.173],"_shiftlockState":true,"_pose":"FreeFall","_animationQueue":[],"_animationSpeed":1,"_zoom":16.125},{"_mousePosition":[683,384],"_rootPartCFrame":[751.858,229.856,42.57,-0.998,0,0.059,0,1,0,-0.059,0,-0.998],"_humanoidState":5,"_cameraCFrame":[749.873,247.236,39.932,-0.996,0.085,-0.015,0,0.174,0.985,0.087,0.981,-0.173],"_shiftlockState":true,"_pose":"FreeFall","_animationQueue":[],"_animationSpeed":1,"_zoom":16.125},{"_mousePosition":[683,384],"_rootPartCFrame":[751.592,229.643,42.59,-0.999,0,0.047,0,1,0,-0.047,0,-0.999],"_humanoidState":5,"_cameraCFrame":[749.56,247.023,39.987,-0.995,0.103,-0.018,0,0.174,0.985,0.104,0.979,-0.173],"_shiftlockState":true,"_pose":"FreeFall","_animationQueue":[],"_animationSpeed":1,"_zoom":16.125},{"_mousePosition":[683,384],"_rootPartCFrame":[751.327,229.375,42.612,-1,0,0.029,0,1,0,-0.029,0,-1],"_humanoidState":5,"_cameraCFrame":[749.255,246.755,40.041,-0.993,0.117,-0.021,0,0.174,0.985,0.119,0.978,-0.172],"_shiftlockState":true,"_pose":"FreeFall","_animationQueue":[],"_animationSpeed":1,"_zoom":16.125},{"_mousePosition":[683,384],"_rootPartCFrame":[751.061,229.052,42.639,-1,0,0.014,0,1,0,-0.014,0,-1],"_humanoidState":5,"_cameraCFrame":[748.938,246.432,40.11,-0.99,0.137,-0.024,0,0.174,0.985,0.139,0.975,-0.172],"_shiftlockState":true,"_pose":"FreeFall","_animationQueue":[],"_animationSpeed":1,"_zoom":16.125},{"_mousePosition":[683,384],"_rootPartCFrame":[750.797,228.675,42.67,-1,0,-0.006,0,1,0,0.006,0,-1],"_humanoidState":5,"_cameraCFrame":[748.617,246.055,40.19,-0.987,0.159,-0.028,0,0.174,0.985,0.162,0.972,-0.171],"_shiftlockState":true,"_pose":"FreeFall","_animationQueue":[["fall",0.3]],"_animationSpeed":1,"_zoom":16.125},{"_mousePosition":[683,384],"_rootPartCFrame":[750.532,228.244,42.707,-1,0,-0.029,0,1,0,0.029,0,-1],"_humanoidState":5,"_cameraCFrame":[748.278,245.624,40.294,-0.981,0.189,-0.033,0,0.174,0.985,0.192,0.967,-0.17],"_shiftlockState":true,"_pose":"FreeFall","_animationQueue":[],"_animationSpeed":1,"_zoom":16.125},{"_mousePosition":[683,384],"_rootPartCFrame":[750.269,227.758,42.749,-0.998,0,-0.06,0,1,0,0.06,0,-0.998],"_humanoidState":5,"_cameraCFrame":[747.925,245.138,40.424,-0.973,0.225,-0.04,0,0.174,0.985,0.229,0.959,-0.169],"_shiftlockState":true,"_pose":"FreeFall","_animationQueue":[],"_animationSpeed":1,"_zoom":16.125},{"_mousePosition":[683,384],"_rootPartCFrame":[750.007,227.217,42.799,-0.995,0,-0.097,0,1,0,0.097,0,-0.995],"_humanoidState":5,"_cameraCFrame":[747.576,244.597,40.564,-0.964,0.262,-0.046,0,0.174,0.985,0.266,0.949,-0.167],"_shiftlockState":true,"_pose":"FreeFall","_animationQueue":[],"_animationSpeed":1,"_zoom":16.125},{"_mousePosition":[683,384],"_rootPartCFrame":[749.747,226.622,42.858,-0.991,0,-0.135,0,1,0,0.135,0,-0.991],"_humanoidState":5,"_cameraCFrame":[747.217,244.002,40.737,-0.951,0.305,-0.054,0,0.174,0.985,0.309,0.937,-0.165],"_shiftlockState":true,"_pose":"FreeFall","_animationQueue":[],"_animationSpeed":1,"_zoom":16.125},{"_mousePosition":[683,384],"_rootPartCFrame":[749.49,225.973,42.928,-0.984,0,-0.18,0,1,0,0.18,0,-0.984],"_humanoidState":5,"_cameraCFrame":[746.856,243.353,40.937,-0.934,0.352,-0.062,0,0.174,0.985,0.357,0.92,-0.162],"_shiftlockState":true,"_pose":"FreeFall","_animationQueue":[],"_animationSpeed":1,"_zoom":16.125},{"_mousePosition":[683,384],"_rootPartCFrame":[749.236,225.269,43.009,-0.973,0,-0.23,0,1,0,0.23,0,-0.973],"_humanoidState":5,"_cameraCFrame":[746.518,242.649,41.133,-0.918,0.391,-0.069,0,0.174,0.985,0.397,0.904,-0.159],"_shiftlockState":true,"_pose":"FreeFall","_animationQueue":[["fall",0.3]],"_animationSpeed":1,"_zoom":16.125},{"_mousePosition":[683,384],"_rootPartCFrame":[748.986,224.51,43.102,-0.962,0,-0.271,0,1,0,0.271,0,-0.962],"_humanoidState":5,"_cameraCFrame":[746.199,241.89,41.33,-0.902,0.425,-0.075,0,0.174,0.985,0.431,0.888,-0.157],"_shiftlockState":true,"_pose":"FreeFall","_animationQueue":[],"_animationSpeed":1,"_zoom":16.125},{"_mousePosition":[683,384],"_rootPartCFrame":[748.741,223.697,43.206,-0.951,0,-0.308,0,1,0,0.308,0,-0.951],"_humanoidState":5,"_cameraCFrame":[745.906,241.077,41.513,-0.89,0.449,-0.079,0,0.174,0.985,0.456,0.876,-0.155],"_shiftlockState":true,"_pose":"FreeFall","_animationQueue":[],"_animationSpeed":1,"_zoom":16.125},{"_mousePosition":[683,384],"_rootPartCFrame":[748.499,222.83,43.32,-0.905,0,-0.426,0,1,0,0.426,0,-0.905],"_humanoidState":7,"_cameraCFrame":[745.652,240.21,41.648,-0.886,0.456,-0.08,0,0.174,0.985,0.463,0.873,-0.154],"_shiftlockState":true,"_pose":"FreeFall","_animationQueue":[["walk",0.1],["fall",0.3],["fall",0.3]],"_animationSpeed":1,"_zoom":16.125},{"_mousePosition":[683,384],"_rootPartCFrame":[748.262,222.663,43.44,-0.887,0,-0.461,0,1,0,0.461,0,-0.887],"_humanoidState":7,"_cameraCFrame":[745.414,240.043,41.769,-0.886,0.456,-0.08,0,0.174,0.985,0.463,0.873,-0.154],"_shiftlockState":true,"_pose":"FreeFall","_animationQueue":[],"_animationSpeed":1,"_zoom":16.125},{"_mousePosition":[683,384],"_rootPartCFrame":[747.966,222.787,43.594,-0.886,0,-0.463,0,1,0,0.463,0,-0.886],"_humanoidState":8,"_cameraCFrame":[745.118,240.167,41.923,-0.886,0.456,-0.08,0,0.174,0.985,0.463,0.873,-0.154],"_shiftlockState":true,"_pose":"Running","_animationQueue":[["walk",0.1],["fall",0.3],["walk",0.1]],"_animationSpeed":1.103,"_zoom":16.125},{"_mousePosition":[683,384],"_rootPartCFrame":[747.73,222.86,43.718,-0.886,0,-0.463,0,1,0,0.463,0,-0.886],"_humanoidState":8,"_cameraCFrame":[744.895,240.24,42.025,-0.89,0.449,-0.079,0,0.174,0.985,0.456,0.876,-0.155],"_shiftlockState":true,"_pose":"Running","_animationQueue":[],"_animationSpeed":1.103,"_zoom":16.125},{"_mousePosition":[683,384],"_rootPartCFrame":[747.493,222.9,43.841,-0.89,0,-0.456,0,1,0,0.456,0,-0.89],"_humanoidState":8,"_cameraCFrame":[744.689,240.28,42.098,-0.898,0.434,-0.076,0,0.174,0.985,0.44,0.884,-0.156],"_shiftlockState":true,"_pose":"Running","_animationQueue":[["walk",0.1]],"_animationSpeed":1.103,"_zoom":16.125},{"_mousePosition":[683,384],"_rootPartCFrame":[747.256,222.923,43.963,-0.898,0,-0.44,0,1,0,0.44,0,-0.898],"_humanoidState":8,"_cameraCFrame":[744.488,240.303,42.164,-0.907,0.416,-0.073,0,0.174,0.985,0.422,0.893,-0.157],"_shiftlockState":true,"_pose":"Running","_animationQueue":[],"_animationSpeed":1.103,"_zoom":16.125},{"_mousePosition":[683,384],"_rootPartCFrame":[747.017,222.935,44.081,-0.907,0,-0.422,0,1,0,0.422,0,-0.907],"_humanoidState":8,"_cameraCFrame":[744.3,240.315,42.206,-0.918,0.391,-0.069,0,0.174,0.985,0.397,0.904,-0.159],"_shiftlockState":true,"_pose":"Running","_animationQueue":[],"_animationSpeed":1.103,"_zoom":16.125},{"_mousePosition":[683,384],"_rootPartCFrame":[746.776,222.942,44.195,-0.918,0,-0.397,0,1,0,0.397,0,-0.918],"_humanoidState":8,"_cameraCFrame":[744.11,240.316,42.202,-0.93,0.361,-0.064,0,0.176,0.984,0.366,0.916,-0.163],"_shiftlockState":true,"_pose":"Running","_animationQueue":[],"_animationSpeed":1.103,"_zoom":16.125},{"_mousePosition":[683,384],"_rootPartCFrame":[746.531,222.945,44.302,-0.93,0,-0.366,0,1,0,0.366,0,-0.93],"_humanoidState":8,"_cameraCFrame":[743.938,240.32,42.215,-0.943,0.328,-0.058,0,0.176,0.984,0.333,0.928,-0.166],"_shiftlockState":true,"_pose":"Running","_animationQueue":[],"_animationSpeed":1.103,"_zoom":16.125},{"_mousePosition":[683,384],"_rootPartCFrame":[746.284,222.947,44.4,-0.943,0,-0.333,0,1,0,0.333,0,-0.943],"_humanoidState":8,"_cameraCFrame":[743.766,240.322,42.224,-0.954,0.295,-0.053,0,0.176,0.984,0.3,0.939,-0.168],"_shiftlockState":true,"_pose":"Running","_animationQueue":[],"_animationSpeed":1.103,"_zoom":16.125},{"_mousePosition":[683,384],"_rootPartCFrame":[746.033,222.948,44.491,-0.954,0,-0.3,0,1,0,0.3,0,-0.954],"_humanoidState":8,"_cameraCFrame":[743.605,240.323,42.214,-0.965,0.257,-0.046,0,0.176,0.984,0.261,0.95,-0.169],"_shiftlockState":true,"_pose":"Running","_animationQueue":[],"_animationSpeed":1.103,"_zoom":16.125},{"_mousePosition":[683,384],"_rootPartCFrame":[745.779,222.949,44.572,-0.965,0,-0.261,0,1,0,0.261,0,-0.965],"_humanoidState":8,"_cameraCFrame":[743.439,240.324,42.205,-0.975,0.22,-0.039,0,0.176,0.984,0.224,0.959,-0.171],"_shiftlockState":true,"_pose":"Running","_animationQueue":[["walk",0.1]],"_animationSpeed":1.103,"_zoom":16.125},{"_mousePosition":[683,384],"_rootPartCFrame":[745.522,222.949,44.643,-0.975,0,-0.224,0,1,0,0.224,0,-0.975],"_humanoidState":8,"_cameraCFrame":[743.306,240.318,42.124,-0.985,0.169,-0.03,0,0.177,0.984,0.172,0.969,-0.175],"_shiftlockState":true,"_pose":"Running","_animationQueue":[],"_animationSpeed":1.103,"_zoom":16.125},{"_mousePosition":[683,384],"_rootPartCFrame":[745.262,222.949,44.704,-0.985,0,-0.172,0,1,0,0.172,0,-0.985],"_humanoidState":8,"_cameraCFrame":[743.124,240.318,42.119,-0.99,0.14,-0.025,0,0.177,0.984,0.142,0.974,-0.176],"_shiftlockState":true,"_pose":"Running","_animationQueue":[],"_animationSpeed":1.103,"_zoom":16.125},{"_mousePosition":[683,384],"_rootPartCFrame":[745,222.95,44.752,-0.99,0,-0.142,0,1,0,0.142,0,-0.99],"_humanoidState":8,"_cameraCFrame":[742.935,240.319,42.109,-0.993,0.112,-0.02,0,0.177,0.984,0.114,0.978,-0.176],"_shiftlockState":true,"_pose":"Running","_animationQueue":[],"_animationSpeed":1.103,"_zoom":16.125},{"_mousePosition":[683,384],"_rootPartCFrame":[744.736,222.95,44.791,-0.993,0,-0.114,0,1,0,0.114,0,-0.993],"_humanoidState":8,"_cameraCFrame":[742.738,240.319,42.096,-0.996,0.088,-0.016,0,0.177,0.984,0.089,0.98,-0.177],"_shiftlockState":true,"_pose":"Running","_animationQueue":[],"_animationSpeed":1.103,"_zoom":16.125},{"_mousePosition":[683,384],"_rootPartCFrame":[744.471,222.95,44.823,-0.996,0,-0.089,0,1,0,0.089,0,-0.996],"_humanoidState":8,"_cameraCFrame":[742.529,240.319,42.088,-0.998,0.068,-0.012,0,0.177,0.984,0.069,0.982,-0.177],"_shiftlockState":true,"_pose":"Running","_animationQueue":[],"_animationSpeed":1.103,"_zoom":16.125},{"_mousePosition":[683,384],"_rootPartCFrame":[744.206,222.95,44.847,-0.998,0,-0.069,0,1,0,0.069,0,-0.998],"_humanoidState":8,"_cameraCFrame":[742.291,240.319,42.093,-0.998,0.058,-0.01,0,0.177,0.984,0.059,0.982,-0.177],"_shiftlockState":true,"_pose":"Running","_animationQueue":[],"_animationSpeed":1.103,"_zoom":16.125},{"_mousePosition":[683,384],"_rootPartCFrame":[743.873,222