[{"_mousePosition":[1230,368],"_rootPartCFrame":[776.028,222.95,47.142,0,0,1,0,1,0,-1,0,0],"_humanoidState":8,"_cameraCFrame":[775.884,249.55,32.993,-1,0.009,-0.005,0,0.491,0.871,0.01,0.871,-0.491],"_shiftlockState":false,"_pose":"Standing","_animationQueue":[],"_animationSpeed":1,"_zoom":28.814},{"_mousePosition":[1232,374],"_rootPartCFrame":[775.856,222.865,47.144,-0.001,0,1,0,1,0,-1,0,-0.001],"_humanoidState":8,"_cameraCFrame":[775.712,249.465,32.994,-1,0.009,-0.005,0,0.491,0.871,0.01,0.871,-0.491],"_shiftlockState":false,"_pose":"Standing","_animationQueue":[],"_animationSpeed":1,"_zoom":28.814},{"_mousePosition":[1233,378],"_rootPartCFrame":[775.592,222.719,47.146,-0.002,0,1,0,1,0,-1,0,-0.002],"_humanoidState":8,"_cameraCFrame":[775.447,249.319,32.997,-1,0.009,-0.005,0,0.491,0.871,0.01,0.871,-0.491],"_shiftlockState":false,"_pose":"Running","_animationQueue":[["walk",0.1]],"_animationSpeed":1.003,"_zoom":28.814},{"_mousePosition":[1235,387],"_rootPartCFrame":[775.325,222.61,47.149,-0.003,0,1,0,1,0,-1,0,-0.003],"_humanoidState":8,"_cameraCFrame":[775.181,249.211,33,-1,0.009,-0.005,0,0.491,0.871,0.01,0.871,-0.491],"_shiftlockState":false,"_pose":"Running","_animationQueue":[["walk",0.1],["walk",0.1]],"_animationSpeed":1.101,"_zoom":28.814},{"_mousePosition":[1237,395],"_rootPartCFrame":[775.058,222.636,47.152,-0.004,0,1,0,1,0,-1,0,-0.004],"_humanoidState":8,"_cameraCFrame":[773.164,249.236,33.02,-1,0.009,-0.005,0,0.491,0.871,0.01,0.871,-0.491],"_shiftlockState":true,"_pose":"Running","_animationQueue":[],"_animationSpeed":1.101,"_zoom":28.814},{"_mousePosition":[683,384],"_rootPartCFrame":[774.725,222.667,47.155,-0.994,0,-0.107,0,1,0,0.107,0,-0.994],"_humanoidState":8,"_cameraCFrame":[772.831,249.268,33.024,-1,0.009,-0.005,0,0.491,0.871,0.01,0.871,-0.491],"_shiftlockState":true,"_pose":"Running","_animationQueue":[],"_animationSpeed":1.101,"_zoom":28.814},{"_mousePosition":[683,384],"_rootPartCFrame":[774.458,222.682,47.158,-0.999,0,-0.04,0,1,0,0.04,0,-0.999],"_humanoidState":8,"_cameraCFrame":[772.641,249.507,33.423,-1,0.004,-0.002,0,0.477,0.879,0.005,0.879,-0.477],"_shiftlockState":true,"_pose":"Running","_animationQueue":[],"_animationSpeed":1.101,"_zoom":28.814},{"_mousePosition":[683,384],"_rootPartCFrame":[774.259,222.688,47.16,-1,0,-0.008,0,1,0,0.008,0,-1],"_humanoidState":8,"_cameraCFrame":[772.526,249.743,33.845,-1,-0.001,0.001,0,0.462,0.887,-0.001,0.887,-0.462],"_shiftlockState":true,"_pose":"Running","_animationQueue":[],"_animationSpeed":1.101,"_zoom":28.814},{"_mousePosition":[683,384],"_rootPartCFrame":[773.925,222.694,47.162,-1,0,0.001,0,1,0,-0.001,0,-1],"_humanoidState":8,"_cameraCFrame":[772.274,249.96,34.25,-1,-0.007,0.003,0,0.448,0.894,-0.008,0.894,-0.448],"_shiftlockState":true,"_pose":"Running","_animationQueue":[],"_animationSpeed":1.101,"_zoom":28.814},{"_mousePosition":[683,384],"_rootPartCFrame":[773.659,222.697,47.162,-1,0,0.008,0,1,0,-0.008,0,-1],"_humanoidState":8,"_cameraCFrame":[772.071,250.116,34.554,-1,-0.012,0.006,0,0.437,0.9,-0.013,0.899,-0.437],"_shiftlockState":true,"_pose":"Running","_animationQueue":[["walk",0.1]],"_animationSpeed":1.101,"_zoom":28.814},{"_mousePosition":[683,384],"_rootPartCFrame":[773.392,222.698,47.16,-1,0,0.013,0,1,0,-0.013,0,-1],"_humanoidState":8,"_cameraCFrame":[771.85,250.298,34.923,-1,-0.015,0.007,0,0.424,0.906,-0.017,0.906,-0.424],"_shiftlockState":true,"_pose":"Running","_animationQueue":[],"_animationSpeed":1.101,"_zoom":28.814},{"_mousePosition":[683,384],"_rootPartCFrame":[773.192,222.699,47.158,-1,0,0.017,0,1,0,-0.017,0,-1],"_humanoidState":8,"_cameraCFrame":[771.668,250.492,35.34,-1,-0.017,0.008,0,0.409,0.913,-0.019,0.912,-0.409],"_shiftlockState":true,"_pose":"Running","_animationQueue":[],"_animationSpeed":1.101,"_zoom":28.814},{"_mousePosition":[683,384],"_rootPartCFrame":[772.926,222.699,47.153,-1,0,0.019,0,1,0,-0.019,0,-1],"_humanoidState":8,"_cameraCFrame":[771.403,250.724,35.866,-1,-0.019,0.008,0,0.391,0.921,-0.02,0.92,-0.39],"_shiftlockState":true,"_pose":"Running","_animationQueue":[],"_animationSpeed":1.101,"_zoom":28.814},{"_mousePosition":[683,384],"_rootPartCFrame":[772.592,222.699,47.147,-1,0,0.02,0,1,0,-0.02,0,-1],"_humanoidState":8,"_cameraCFrame":[771.055,251.023,36.591,-1,-0.019,0.007,0,0.365,0.931,-0.02,0.931,-0.365],"_shiftlockState":true,"_pose":"Running","_animationQueue":[],"_animationSpeed":1.101,"_zoom":28.814},{"_mousePosition":[683,384],"_rootPartCFrame":[772.326,222.7,47.142,-1,0,0.02,0,1,0,-0.02,0,-1],"_humanoidState":8,"_cameraCFrame":[770.754,251.286,37.284,-1,-0.017,0.006,0,0.341,0.94,-0.018,0.94,-0.341],"_shiftlockState":true,"_pose":"Running","_animationQueue":[],"_animationSpeed":1.101,"_zoom":28.814},{"_mousePosition":[683,384],"_rootPartCFrame":[772.059,222.7,47.136,-1,0,0.018,0,1,0,-0.018,0,-1],"_humanoidState":8,"_cameraCFrame":[770.465,251.531,37.983,-1,-0.016,0.005,0,0.317,0.949,-0.017,0.948,-0.317],"_shiftlockState":true,"_pose":"Running","_animationQueue":[["walk",0.1]],"_animationSpeed":1.101,"_zoom":28.814},{"_mousePosition":[683,384],"_rootPartCFrame":[771.792,222.7,47.131,-1,0,0.017,0,1,0,-0.017,0,-1],"_humanoidState":8,"_cameraCFrame":[770.18,251.709,38.532,-1,-0.015,0.005,0,0.298,0.955,-0.016,0.955,-0.297],"_shiftlockState":true,"_pose":"Running","_animationQueue":[],"_animationSpeed":1.101,"_zoom":28.814},{"_mousePosition":[683,384],"_rootPartCFrame":[771.593,222.7,47.128,-1,0,0.016,0,1,0,-0.016,0,-1],"_humanoidState":8,"_cameraCFrame":[769.981,251.857,39.016,-1,-0.016,0.005,0,0.281,0.96,-0.017,0.96,-0.28],"_shiftlockState":true,"_pose":"Running","_animationQueue":[],"_animationSpeed":1.101,"_zoom":28.814},{"_mousePosition":[683,384],"_rootPartCFrame":[771.259,222.7,47.122,-1,0,0.017,0,1,0,-0.017,0,-1],"_humanoidState":8,"_cameraCFrame":[769.673,251.971,39.406,-1,-0.02,0.006,0,0.267,0.964,-0.021,0.964,-0.267],"_shiftlockState":true,"_pose":"Running","_animationQueue":[],"_animationSpeed":1.101,"_zoom":28.814},{"_mousePosition":[683,384],"_rootPartCFrame":[770.859,222.7,47.116,-1,0,0.021,0,1,0,-0.021,0,-1],"_humanoidState":8,"_cameraCFrame":[769.298,252.044,39.662,-1,-0.025,0.007,0,0.257,0.966,-0.025,0.966,-0.257],"_shiftlockState":true,"_pose":"Running","_animationQueue":[],"_animationSpeed":1.101,"_zoom":28.814},{"_mousePosition":[683,384],"_rootPartCFrame":[770.726,222.7,47.113,-1,0,0.025,0,1,0,-0.025,0,-1],"_humanoidState":8,"_cameraCFrame":[769.178,251.605,40.031,-1,-0.028,0.007,0,0.249,0.969,-0.029,0.968,-0.249],"_shiftlockState":true,"_pose":"Running","_animationQueue":[],"_animationSpeed":1.101,"_zoom":22.651},{"_mousePosition":[683,384],"_rootPartCFrame":[770.459,222.7,47.106,-1,0,0.029,0,1,0,-0.029,0,-1],"_humanoidState":8,"_cameraCFrame":[768.917,250.682,40.529,-0.999,-0.031,0.008,0,0.239,0.971,-0.032,0.97,-0.239],"_shiftlockState":true,"_pose":"Running","_animationQueue":[],"_animationSpeed":1.101,"_zoom":22.651},{"_mousePosition":[683,384],"_rootPartCFrame":[770.193,222.7,47.099,-0.999,0,0.032,0,1,0,-0.032,0,-0.999],"_humanoidState":8,"_cameraCFrame":[768.641,249.177,41.018,-0.999,-0.032,0.008,0,0.235,0.972,-0.033,0.972,-0.234],"_shiftlockState":true,"_pose":"Running","_animationQueue":[["walk",0.1]],"_animationSpeed":1.101,"_zoom":17.721},{"_mousePosition":[683,384],"_rootPartCFrame":[769.86,223.783,47.089,-0.999,0,0.033,0,1,0,-0.033,0,-0.999],"_humanoidState":3,"_cameraCFrame":[768.286,248.688,41.489,-0.999,-0.031,0.007,0,0.231,0.973,-0.032,0.973,-0.231],"_shiftlockState":true,"_pose":"Jumping","_animationQueue":[["walk",0.1],["jump",0.1]],"_animationSpeed":1,"_zoom":17.721},{"_mousePosition":[683,384],"_rootPartCFrame":[769.593,224.592,47.081,-0.992,0,0.123,0,1,0,-0.123,0,-0.992],"_humanoidState":5,"_cameraCFrame":[767.99,247.668,42.101,-1,-0.029,0.007,0,0.223,0.975,-0.03,0.974,-0.223],"_shiftlockState":true,"_pose":"FreeFall","_animationQueue":[["jump",0.1]],"_animationSpeed":1,"_zoom":13.777},{"_mousePosition":[683,384],"_rootPartCFrame":[769.326,225.346,47.072,-0.988,0,0.157,0,1,0,-0.157,0,-0.988],"_humanoidState":5,"_cameraCFrame":[767.685,246.576,42.787,-1,-0.025,0.005,0,0.21,0.978,-0.025,0.977,-0.21],"_shiftlockState":true,"_pose":"FreeFall","_animationQueue":[],"_animationSpeed":1,"_zoom":13.777},{"_mousePosition":[683,384],"_rootPartCFrame":[769.06,226.045,47.064,-0.988,0,0.157,0,1,0,-0.157,0,-0.988],"_humanoidState":5,"_cameraCFrame":[767.407,245.774,43.361,-1,-0.026,0.005,0,0.197,0.98,-0.026,0.98,-0.197],"_shiftlockState":true,"_pose":"FreeFall","_animationQueue":[],"_animationSpeed":1,"_zoom":13.777},{"_mousePosition":[683,384],"_rootPartCFrame":[768.793,226.69,47.057,-0.987,0,0.159,0,1,0,-0.159,0,-0.987],"_humanoidState":5,"_cameraCFrame":[767.112,245.127,43.792,-1,-0.021,0.004,0,0.187,0.982,-0.021,0.982,-0.187],"_shiftlockState":true,"_pose":"FreeFall","_animationQueue":[],"_animationSpeed":1,"_zoom":13.777},{"_mousePosition":[683,384],"_rootPartCFrame":[768.527,227.28,47.05,-0.988,0,0.154,0,1,0,-0.154,0,-0.988],"_humanoidState":5,"_cameraCFrame":[766.842,244.765,43.967,-1,-0.021,0.004,0,0.187,0.982,-0.021,0.982,-0.187],"_shiftlockState":true,"_pose":"FreeFall","_animationQueue":[],"_animationSpeed":1,"_zoom":13.777},{"_mousePosition":[683,384],"_rootPartCFrame":[768.26,227.816,47.045,-0.988,0,0.154,0,1,0,-0.154,0,-0.988],"_humanoidState":5,"_cameraCFrame":[766.572,244.591,44.096,-1,-0.021,0.004,0,0.187,0.982,-0.021,0.982,-0.187],"_shiftlockState":true,"_pose":"FreeFall","_animationQueue":[],"_animationSpeed":1,"_zoom":13.777},{"_mousePosition":[683,384],"_rootPartCFrame":[768.06,228.182,47.04,-0.993,0,0.121,0,1,0,-0.121,0,-0.993],"_humanoidState":5,"_cameraCFrame":[766.37,244.44,44.19,-1,-0.021,0.004,0,0.187,0.982,-0.021,0.982,-0.187],"_shiftlockState":true,"_pose":"FreeFall","_animationQueue":[],"_animationSpeed":1,"_zoom":13.777},{"_mousePosition":[683,384],"_rootPartCFrame":[767.793,228.623,47.035,-0.988,0,0.154,0,1,0,-0.154,0,-0.988],"_humanoidState":5,"_cameraCFrame":[766.102,244.47,44.263,-1,-0.021,0.004,0,0.187,0.982,-0.021,0.982,-0.187],"_shiftlockState":true,"_pose":"FreeFall","_animationQueue":[],"_animationSpeed":1,"_zoom":13.777},{"_mousePosition":[683,384],"_rootPartCFrame":[767.46,229.097,47.028,-0.982,0,0.187,0,1,0,-0.187,0,-0.982],"_humanoidState":5,"_cameraCFrame":[765.768,244.679,44.306,-1,-0.021,0.004,0,0.187,0.982,-0.021,0.982,-0.187],"_shiftlockState":true,"_pose":"FreeFall","_animationQueue":[],"_animationSpeed":1,"_zoom":13.777},{"_mousePosition":[683,384],"_rootPartCFrame":[767.26,229.34,47.023,-0.993,0,0.121,0,1,0,-0.121,0,-0.993],"_humanoidState":5,"_cameraCFrame":[765.567,244.751,44.335,-1,-0.021,0.004,0,0.187,0.982,-0.021,0.982,-0.187],"_shiftlockState":true,"_pose":"FreeFall","_animationQueue":[],"_animationSpeed":1,"_zoom":13.777},{"_mousePosition":[683,384],"_rootPartCFrame":[766.994,229.617,47.018,-0.988,0,0.154,0,1,0,-0.154,0,-0.988],"_humanoidState":5,"_cameraCFrame":[765.3,244.908,44.352,-1,-0.021,0.004,0,0.187,0.982,-0.021,0.982,-0.187],"_shiftlockState":true,"_pose":"FreeFall","_animationQueue":[],"_animationSpeed":1,"_zoom":13.777},{"_mousePosition":[683,384],"_rootPartCFrame":[766.727,229.84,47.012,-0.988,0,0.154,0,1,0,-0.154,0,-0.988],"_humanoidState":5,"_cameraCFrame":[765.033,245.044,44.363,-1,-0.021,0.004,0,0.187,0.982,-0.021,0.982,-0.187],"_shiftlockState":true,"_pose":"FreeFall","_animationQueue":[],"_animationSpeed":1,"_zoom":13.777},{"_mousePosition":[683,384],"_rootPartCFrame":[766.46,230.008,47.006,-0.988,0,0.154,0,1,0,-0.154,0,-0.988],"_humanoidState":5,"_cameraCFrame":[764.766,245.151,44.369,-1,-0.021,0.004,0,0.187,0.982,-0.021,0.982,-0.187],"_shiftlockState":true,"_pose":"FreeFall","_animationQueue":[],"_animationSpeed":1,"_zoom":13.777},{"_mousePosition":[683,384],"_rootPartCFrame":[766.194,230.122,47.001,-0.988,0,0.154,0,1,0,-0.154,0,-0.988],"_humanoidState":5,"_cameraCFrame":[764.499,245.229,44.37,-1,-0.021,0.004,0,0.187,0.982,-0.021,0.982,-0.187],"_shiftlockState":true,"_pose":"FreeFall","_animationQueue":[],"_animationSpeed":1,"_zoom":13.777},{"_mousePosition":[683,384],"_rootPartCFrame":[765.927,230.181,46.995,-0.988,0,0.154,0,1,0,-0.154,0,-0.988],"_humanoidState":5,"_cameraCFrame":[764.233,245.262,44.369,-1,-0.021,0.004,0,0.187,0.982,-0.021,0.982,-0.187],"_shiftlockState":true,"_pose":"FreeFall","_animationQueue":[],"_animationSpeed":1,"_zoom":13.777},{"_mousePosition":[683,384],"_rootPartCFrame":[765.594,230.178,46.988,-0.982,0,0.187,0,1,0,-0.187,0,-0.982],"_humanoidState":5,"_cameraCFrame":[763.899,245.243,44.365,-1,-0.021,0.004,0,0.187,0.982,-0.021,0.982,-0.187],"_shiftlockState":true,"_pose":"FreeFall","_animationQueue":[],"_animationSpeed":1,"_zoom":13.777},{"_mousePosition":[683,384],"_rootPartCFrame":[765.394,230.135,46.984,-0.993,0,0.121,0,1,0,-0.121,0,-0.993],"_humanoidState":5,"_cameraCFrame":[763.699,245.189,44.363,-1,-0.021,0.004,0,0.187,0.982,-0.021,0.982,-0.187],"_shiftlockState":true,"_pose":"FreeFall","_animationQueue":[],"_animationSpeed":1,"_zoom":13.777},{"_mousePosition":[683,384],"_rootPartCFrame":[765.061,229.996,46.977,-0.982,0,0.187,0,1,0,-0.187,0,-0.982],"_humanoidState":5,"_cameraCFrame":[763.366,245.043,44.357,-1,-0.021,0.004,0,0.187,0.982,-0.021,0.982,-0.187],"_shiftlockState":true,"_pose":"FreeFall","_animationQueue":[["fall",0.3]],"_animationSpeed":1,"_zoom":13.777},{"_mousePosition":[683,384],"_rootPartCFrame":[764.861,229.872,46.972,-0.993,0,0.121,0,1,0,-0.121,0,-0.993],"_humanoidState":5,"_cameraCFrame":[763.165,244.92,44.387,-1,-0.021,0.004,0,0.185,0.983,-0.021,0.983,-0.185],"_shiftlockState":true,"_pose":"FreeFall","_animationQueue":[],"_animationSpeed":1,"_zoom":13.777},{"_mousePosition":[683,384],"_rootPartCFrame":[764.528,229.596,46.965,-0.982,0,0.187,0,1,0,-0.187,0,-0.982],"_humanoidState":5,"_cameraCFrame":[762.832,244.646,44.402,-1,-0.021,0.004,0,0.183,0.983,-0.021,0.983,-0.183],"_shiftlockState":true,"_pose":"FreeFall","_animationQueue":[],"_animationSpeed":1,"_zoom":13.777},{"_mousePosition":[683,384],"_rootPartCFrame":[764.261,229.315,46.96,-0.988,0,0.154,0,1,0,-0.154,0,-0.988],"_humanoidState":5,"_cameraCFrame":[762.561,244.37,44.442,-1,-0.02,0.004,0,0.18,0.984,-0.02,0.983,-0.18],"_shiftlockState":true,"_pose":"FreeFall","_animationQueue":[],"_animationSpeed":1,"_zoom":13.777},{"_mousePosition":[683,384],"_rootPartCFrame":[763.994,228.979,46.954,-0.988,0,0.153,0,1,0,-0.153,0,-0.988],"_humanoidState":5,"_cameraCFrame":[762.291,244.04,44.483,-1,-0.019,0.003,0,0.177,0.984,-0.019,0.984,-0.177],"_shiftlockState":true,"_pose":"FreeFall","_animationQueue":[],"_animationSpeed":1,"_zoom":13.777},{"_mousePosition":[683,384],"_rootPartCFrame":[763.728,228.588,46.949,-0.988,0,0.152,0,1,0,-0.152,0,-0.988],"_humanoidState":5,"_cameraCFrame":[762.024,243.655,44.51,-1,-0.019,0.003,0,0.175,0.985,-0.019,0.984,-0.175],"_shiftlockState":true,"_pose":"FreeFall","_animationQueue":[],"_animationSpeed":1,"_zoom":13.777},{"_mousePosition":[683,384],"_rootPartCFrame":[763.461,228.143,46.943,-0.988,0,0.152,0,1,0,-0.152,0,-0.988],"_humanoidState":5,"_cameraCFrame":[761.757,243.211,44.518,-1,-0.019,0.003,0,0.174,0.985,-0.019,0.985,-0.174],"_shiftlockState":true,"_pose":"FreeFall","_animationQueue":[],"_animationSpeed":1,"_zoom":13.777},{"_mousePosition":[683,384],"_rootPartCFrame":[763.261,227.773,46.94,-0.993,0,0.119,0,1,0,-0.119,0,-0.993],"_humanoidState":5,"_cameraCFrame":[761.557,242.841,44.514,-1,-0.019,0.003,0,0.174,0.985,-0.019,0.985,-0.174],"_shiftlockState":true,"_pose":"FreeFall","_animationQueue":[["fall",0.3]],"_animationSpeed":1,"_zoom":13.777},{"_mousePosition":[683,384],"_rootPartCFrame":[762.928,227.089,46.933,-0.983,0,0.185,0,1,0,-0.185,0,-0.983],"_humanoidState":5,"_cameraCFrame":[761.224,242.157,44.508,-1,-0.019,0.003,0,0.174,0.985,-0.019,0.985,-0.174],"_shiftlockState":true,"_pose":"FreeFall","_animationQueue":[],"_animationSpeed":1,"_zoom":13.777},{"_mousePosition":[683,384],"_rootPartCFrame":[762.661,226.481,46.928,-0.988,0,0.152,0,1,0,-0.152,0,-0.988],"_humanoidState":5,"_cameraCFrame":[760.957,241.548,44.503,-1,-0.019,0.003,0,0.174,0.985,-0.019,0.985,-0.174],"_shiftlockState":true,"_pose":"FreeFall","_animationQueue":[],"_animationSpeed":1,"_zoom":13.777},{"_mousePosition":[683,384],"_rootPartCFrame":[762.395,225.817,46.923,-0.988,0,0.152,0,1,0,-0.152,0,-0.988],"_humanoidState":5,"_cameraCFrame":[760.693,240.885,44.496,-1,-0.02,0.004,0,0.174,0.985,-0.02,0.985,-0.174],"_shiftlockState":true,"_pose":"FreeFall","_animationQueue":[],"_animationSpeed":1,"_zoom":13.777},{"_mousePosition":[683,384],"_rootPartCFrame":[762.195,225.284,46.919,-0.993,0,0.12,0,1,0,-0.12,0,-0.993],"_humanoidState":5,"_cameraCFrame":[760.493,240.352,44.492,-1,-0.02,0.004,0,0.174,0.985,-0.02,0.985,-0.174],"_shiftlockState":true,"_pose":"FreeFall","_animationQueue":[],"_animationSpeed":1,"_zoom":13.777},{"_mousePosition":[683,384],"_rootPartCFrame":[761.862,224.328,46.913,-0.983,0,0.186,0,1,0,-0.186,0,-0.983],"_humanoidState":5,"_cameraCFrame":[760.163,239.395,44.484,-1,-0.021,0.004,0,0.174,0.985,-0.021,0.985,-0.174],"_shiftlockState":true,"_pose":"FreeFall","_animationQueue":[],"_animationSpeed":1,"_zoom":13.777},{"_mousePosition":[683,384],"_rootPartCFrame":[761.595,223.501,46.907,-0.988,0,0.154,0,1,0,-0.154,0,-0.988],"_humanoidState":5,"_cameraCFrame":[759.896,238.569,44.478,-1,-0.021,0.004,0,0.174,0.985,-0.021,0.985,-0.174],"_shiftlockState":true,"_pose":"FreeFall","_animationQueue":[["fall",0.3]],"_animationSpeed":1,"_zoom":13.777},{"_mousePosition":[683,384],"_rootPartCFrame":[761.395,222.845,46.903,-0.999,0,0.054,0,1,0,-0.054,0,-0.999],"_humanoidState":7,"_cameraCFrame":[759.696,237.913,44.474,-1,-0.021,0.004,0,0.174,0.985,-0.021,0.985,-0.174],"_shiftlockState":true,"_pose":"FreeFall","_animationQueue":[["walk",0.1],["fall",0.3],["fall",0.3]],"_animationSpeed":1,"_zoom":13.777},{"_mousePosition":[683,384],"_rootPartCFrame":[761.128,222.46,46.897,-1,0,0.027,0,1,0,-0.027,0,-1],"_humanoidState":7,"_cameraCFrame":[759.43,237.527,44.468,-1,-0.021,0.004,0,0.174,0.985,-0.021,0.985,-0.174],"_shiftlockState":true,"_pose":"FreeFall","_animationQueue":[],"_animationSpeed":1,"_zoom":13.777},{"_mousePosition":[683,384],"_rootPartCFrame":[760.795,222.606,46.89,-1,0,0.022,0,1,0,-0.022,0,-1],"_humanoidState":8,"_cameraCFrame":[759.099,237.674,44.46,-1,-0.022,0.004,0,0.174,0.985,-0.022,0.985,-0.174],"_shiftlockState":true,"_pose":"Running","_animationQueue":[["walk",0.1],["fall",0.3],["walk",0.1]],"_animationSpeed":1.103,"_zoom":13.777},{"_mousePosition":[683,384],"_rootPartCFrame":[760.529,222.703,46.885,-1,0,0.022,0,1,0,-0.022,0,-1],"_humanoidState":8,"_cameraCFrame":[758.832,237.77,44.454,-1,-0.022,0.004,0,0.174,0.985,-0.022,0.985,-0.174],"_shiftlockState":true,"_pose":"Running","_animationQueue":[],"_animationSpeed":1.103,"_zoom":13.777},{"_mousePosition":[683,384],"_rootPartCFrame":[760.262,222.758,46.879,-1,0,0.022,0,1,0,-0.022,0,-1],"_humanoidState":8,"_cameraCFrame":[758.568,237.825,44.446,-1,-0.023,0.004,0,0.174,0.985,-0.023,0.985,-0.174],"_shiftlockState":true,"_pose":"Running","_animationQueue":[],"_animationSpeed":1.103,"_zoom":13.777},{"_mousePosition":[683,384],"_rootPartCFrame":[760.062,222.782,46.874,-1,0,0.023,0,1,0,-0.023,0,-1],"_humanoidState":8,"_cameraCFrame":[758.368,237.85,44.442,-1,-0.023,0.004,0,0.174,0.985,-0.023,0.985,-0.174],"_shiftlockState":true,"_pose":"Running","_animationQueue":[],"_animationSpeed":1.103,"_zoom":13.777},{"_mousePosition":[683,384],"_rootPartCFrame":[759.729,222.805,46.866,-1,0,0.023,0,1,0,-0.023,0,-1],"_humanoidState":8,"_cameraCFrame":[758.034,237.632,44.476,-1,-0.023,0.004,0,0.174,0.985,-0.023,0.985,-0.174],"_shiftlockState":true,"_pose":"Running","_animationQueue":[["walk",0.1]],"_animationSpeed":1.103,"_zoom":10.621},{"_mousePosition":[683,384],"_rootPartCFrame":[759.462,222.814,46.86,-1,0,0.023,0,1,0,-0.023,0,-1],"_humanoidState":8,"_cameraCFrame":[757.766,237.191,44.549,-1,-0.023,0.004,0,0.174,0.985,-0.023,0.985,-0.174],"_shiftlockState":true,"_pose":"Running","_animationQueue":[],"_animationSpeed":1.103,"_zoom":10.621},{"_mousePosition":[683,384],"_rootPartCFrame":[759.262,222.818,46.856,-1,0,0.023,0,1,0,-0.023,0,-1],"_humanoidState":8,"_cameraCFrame":[757.563,236.649,44.641,-1,-0.023,0.004,0,0.174,0.985,-0.023,0.985,-0.174],"_shiftlockState":true,"_pose":"Running","_animationQueue":[],"_animationSpeed":1.103,"_zoom":10.621},{"_mousePosition":[683,384],"_rootPartCFrame":[758.929,222.821,46.848,-1,0,0.023,0,1,0,-0.023,0,-1],"_humanoidState":8,"_cameraCFrame":[757.228,236.143,44.723,-1,-0.023,0.004,0,0.174,0.985,-0.023,0.985,-0.174],"_shiftlockState":true,"_pose":"Running","_animationQueue":[],"_animationSpeed":1.103,"_zoom":10.621},{"_mousePosition":[683,384],"_rootPartCFrame":[758.662,222.823,46.842,-1,0,0.023,0,1,0,-0.023,0,-1],"_humanoidState":8,"_cameraCFrame":[756.96,235.783,44.781,-1,-0.023,0.004,0,0.174,0.985,-0.023,0.985,-0.174],"_shiftlockState":true,"_pose":"Running","_animationQueue":[],"_animationSpeed":1.103,"_zoom":10.621},{"_mousePosition":[683,384],"_rootPartCFrame":[758.396,222.824,46.835,-1,0,0.023,0,1,0,-0.023,0,-1],"_humanoidState":8,"_cameraCFrame":[756.692,235.491,44.826,-1,-0.023,0.004,0,0.174,0.985,-0.023,0.985,-0.174],"_shiftlockState":true,"_pose":"Running","_animationQueue":[],"_animationSpeed":1.103,"_zoom":10.621},{"_mousePosition":[683,384],"_rootPartCFrame":[758.129,222.824,46.829,-1,0,0.023,0,1,0,-0.023,0,-1],"_humanoidState":8,"_cameraCFrame":[756.425,235.288,44.856,-1,-0.023,0.004,0,0.174,0.985,-0.023,0.985,-0.174],"_shiftlockState":true,"_pose":"Running","_animationQueue":[["walk",0.1]],"_animationSpeed":1.103,"_zoom":10.621},{"_mousePosition":[683,384],"_rootPartCFrame":[757.929,222.824,46.824,-1,0,0.023,0,1,0,-0.023,0,-1],"_humanoidState":8,"_cameraCFrame":[756.222,235.147,44.878,-1,-0.022,0.004,0,0.174,0.985,-0.022,0.985,-0.174],"_shiftlockState":true,"_pose":"Running","_animationQueue":[],"_animationSpeed":1.103,"_zoom":10.621},{"_mousePosition":[683,384],"_rootPartCFrame":[757.663,222.824,46.818,-1,0,0.022,0,1,0,-0.022,0,-1],"_humanoidState":8,"_cameraCFrame":[755.949,235.026,44.898,-1,-0.019,0.003,0,0.174,0.985,-0.019,0.985,-0.174],"_shiftlockState":true,"_pose":"Running","_animationQueue":[],"_animationSpeed":1.103,"_zoom":10.621},{"_mousePosition":[683,384],"_rootPartCFrame":[757.329,222.825,46.811,-1,0,0.019,0,1,0,-0.019,0,-1],"_humanoidState":8,"_cameraCFrame":[755.606,234.948,44.913,-1,-0.014,0.002,0,0.174,0.985,-0.014,0.985,-0.174],"_shiftlockState":true,"_pose":"Running","_animationQueue":[],"_animationSpeed":1.103,"_zoom":10.621},{"_mousePosition":[683,384],"_rootPartCFrame":[757.129,222.825,46.807,-1,0,0.014,0,1,0,-0.014,0,-1],"_humanoidState":8,"_cameraCFrame":[755.398,234.894,44.926,-1,-0.01,0.002,0,0.174,0.985,-0.01,0.985,-0.174],"_shiftlockState":true,"_pose":"Running","_animationQueue":[],"_animationSpeed":1.103,"_zoom":10.621},{"_mousePosition":[683,384],"_rootPartCFrame":[756.796,222.825,46.802,-1,0,0.01,0,1,0,-0.01,0,-1],"_humanoidState":8,"_cameraCFrame":[755.056,234.859,44.935,-1,-0.005,0.001,0,0.174,0.985,-0.006,0.985,-0.174],"_shiftlockState":true,"_pose":"Running","_animationQueue":[],"_animationSpeed":1.103,"_zoom":10.621},{"_mousePosition":[683,384],"_rootPartCFrame":[756.53,222.825,46.799,-1,0,0.006,0,1,0,-0.006,0,-1],"_humanoidState":8,"_cameraCFrame":[754.78,234.833,44.946,-1,0,0,0,0.174,0.985,0,0.985,-0.174],"_shiftlockState":true,"_pose":"Running","_animationQueue":[],"_animationSpeed":1.103,"_zoom":10.621},{"_mousePosition":[683,384],"_rootPartCFrame":[756.263,222.825,46.798,-1,0,0,0,1,0,0,0,-1],"_humanoidState":8,"_cameraCFrame":[754.508,234.818,44.952,-1,0.003,0,0,0.174,0.985,0.003,0.985,-0.174],"_shiftlockState":true,"_pose":"Running","_animationQueue":[["walk",0.1]],"_animationSpeed":1.103,"_zoom":10.621},{"_mousePosition":[683,384],"_rootPartCFrame":[755.996,222.825,46.798,-1,0,-0.003,0,1,0,0.003,0,-1],"_humanoidState":8,"_cameraCFrame":[754.239,234.807,44.956,-1,0.004,-0.001,0,0.174,0.985,0.004,0.985,-0.174],"_shiftlockState":true,"_pose":"Running","_animationQueue":[],"_animationSpeed":1.103,"_zoom":10.621},{"_mousePosition":[683,384],"_rootPartCFrame":[755.73,222.825,46.798,-1,0,-0.004,0,1,0,0.004,0,-1],"_humanoidState":8,"_cameraCFrame":[753.97,234.799,44.96,-1,0.005,-0.001,0,0.174,0.985,0.005,0.985,-0.174],"_shiftlockState":true,"_pose":"Running","_animationQueue":[],"_animationSpeed":1.103,"_zoom":10.621},{"_mousePosition":[683,384],"_rootPartCFrame":[755.463,222.825,46.799,-1,0,-0.005,0,1,0,0.005,0,-1],"_humanoidState":8,"_cameraCFrame":[753.704,234.794,44.962,-1,0.005,-0.001,0,0.174,0.985,0.005,0.985,-0.174],"_shiftlockState":true,"_pose":"Running","_animationQueue":[],"_animationSpeed":1.103,"_zoom":10.621},{"_mousePosition":[683,384],"_rootPartCFrame":[755.196,222.825,46.8,-1,0,-0.005,0,1,0,0.005,0,-1],"_humanoidState":8,"_cameraCFrame":[753.435,234.791,44.965,-1,0.006,-0.001,0,0.174,0.985,0.006,0.985,-0.174],"_shiftlockState":true,"_pose":"Running","_animationQueue":[],"_animationSpeed":1.103,"_zoom":10.621},{"_mousePosition":[683,384],"_rootPartCFrame":[754.93,222.825,46.802,-1,0,-0.006,0,1,0,0.006,0,-1],"_humanoidState":8,"_cameraCFrame":[753.169,234.789,44.967,-1,0.006,-0.001,0,0.174,0.985,0.006,0.985,-0.174],"_shiftlockState":true,"_pose":"Running","_animationQueue":[],"_animationSpeed":1.103,"_zoom":10.621},{"_mousePosition":[683,384],"_rootPartCFrame":[754.597,222.825,46.804,-1,0,-0.006,0,1,0,0.006,0,-1],"_humanoidState":8,"_cameraCFrame":[752.836,234.787,44.969,-1,0.006,-0.001,0,0.174,0.985,0.006,0.985,-0.174],"_shiftlockState":true,"_pose":"Running","_animationQueue":[["walk",0.1]],"_animationSpeed":1.103,"_zoom":10.621},{"_mousePosition":[683,384],"_rootPartCFrame":[754.397,222.825,46.805,-1,0,-0.006,0,1,0,0.006,0,-1],"_humanoidState":8,"_cameraCFrame":[752.634,234.786,44.973,-1,0.007,-0.001,0,0.174,0.985,0.007,0.985,-0.174],"_shiftlockState":true,"_pose":"Running","_animationQueue":[],"_animationSpeed":1.103,"_zoom":10.621},{"_mousePosition":[683,384],"_rootPartCFrame":[754.13,222.825,46.807,-1,0,-0.007,0,1,0,0.007,0,-1],"_humanoidState":8,"_cameraCFrame":[752.367,234.786,44.974,-1,0.007,-0.001,0,0.174,0.985,0.007,0.985,-0.174],"_shiftlockState":true,"_pose":"Running","_animationQueue":[],"_animationSpeed":1.103,"_zoom":10.621},{"_mousePosition":[683,384],"_rootPartCFrame":[753.863,222.825,46.808,-1,0,-0.007,0,1,0,0.007,0,-1],"_humanoidState":8,"_cameraCFrame":[752.102,234.785,44.974,-1,0.006,-0.001,0,0.174,0.985,0.006,0.985,-0.174],"_shiftlockState":true,"_pose":"Running","_animationQueue":[],"_animationSpeed":1.103,"_zoom":10.621},{"_mousePosition":[683,384],"_rootPartCFrame":[753.53,222.825,46.811,-1,0,-0.006,0,1,0,0.006,0,-1],"_humanoidState":8,"_cameraCFrame":[751.771,234.785,44.975,-1,0.005,-0.001,0,0.174,0.985,0.005,0.985,-0.174],"_shiftlockState":true,"_pose":"Running","_animationQueue":[],"_animationSpeed":1.103,"_zoom":10.621},{"_mousePosition":[683,384],"_rootPartCFrame":[753.33,222.825,46.812,-1,0,-0.005,0,1,0,0.005,0,-1],"_humanoidState":8,"_cameraCFrame":[751.575,234.785,44.972,-1,0.003,0,0,0.174,0.985,0.003,0.985,-0.174],"_shiftlockState":true,"_pose":"Running","_animationQueue":[],"_animationSpeed":1.103,"_zoom":10.621},{"_mousePosition":[683,384],"_rootPartCFrame":[753.064,222.825,46.813,-1,0,-0.003,0,1,0,0.003,0,-1],"_humanoidState":8,"_cameraCFrame":[751.314,234.785,44.968,-1,0,0,0,0.174,0.985,0,0.985,-0.174],"_shiftlockState":true,"_pose":"Running","_animationQueue":[],"_animationSpeed":1.103,"_zoom":10.621},{"_mousePosition":[683,384],"_rootPartCFrame":[752.73,222.825,46.814,-1,0,0,0,1,0,0,0,-1],"_humanoidState":8,"_cameraCFrame":[750.987,234.785,44.964,-1,-0.003,0.001,0,0.174,0.985,-0.003,0.985,-0.174],"_shiftlockState":true,"_pose":"Running","_animationQueue":[["walk",0.1]],"_animationSpeed":1.103,"_zoom":10.621},{"_mousePosition":[683,384],"_rootPartCFrame":[752.464,222.791,46.815,-1,0,0.003,0,1,0,-0.003,0,-1],"_humanoidState":8,"_cameraCFrame":[750.726,234.751,44.959,-1,-0.006,0.001,0,0.174,0.985,-0.007,0.985,-0.174],"_shiftlockState":true,"_pose":"Running","_animationQueue":[],"_animationSpeed":1.103,"_zoom":10.621},{"_mousePosition":[683,384],"_rootPartCFrame":[752.197,222.702,46.816,-1,0,0.007,0,1,0,-0.007,0,-1],"_humanoidState":8,"_cameraCFrame":[750.465,234.662,44.955,-1,-0.01,0.002,0,0.174,0.985,-0.01,0.985,-0.174],"_shiftlockState":true,"_pose":"Running","_animationQueue":[],"_animationSpeed":1.103,"_zoom":10.621},{"_mousePosition":[683,384],"_rootPartCFrame":[751.997,222.6,46.816,-1,0,0.01,0,1,0,-0.01,0,-1],"_humanoidState":8,"_cameraCFrame":[750.267,234.56,44.953,-1,-0.011,0.002,0,0.174,0.985,-0.011,0.985,-0.174],"_shiftlockState":true,"_pose":"Running","_animationQueue":[],"_animationSpeed":1.103,"_zoom":10.621},{"_mousePosition":[683,384],"_rootPartCFrame":[751.664,222.361,46.817,-1,0,0.011,0,1,0,-0.011,0,-1],"_humanoidState":8,"_cameraCFrame":[749.936,234.321,44.952,-1,-0.012,0.002,0,0.174,0.985,-0.012,0.985,-0.174],"_shiftlockState":true,"_pose":"Running","_animationQueue":[],"_animationSpeed":1.103,"_zoom":10.621},{"_mousePosition":[683,384],"_rootPartCFrame":[751.397,222.109,46.818,-1,0,0.012,0,1,0,-0.012,0,-1],"_humanoidState":8,"_cameraCFrame":[749.671,234.069,44.951,-1,-0.013,0.002,0,0.174,0.985,-0.013,0.985,-0.174],"_shiftlockState":true,"_pose":"Running","_animationQueue":[],"_animationSpeed":1.103,"_zoom":10.621},{"_mousePosition":[683,384],"_rootPartCFrame":[751.197,221.885,46.819,-1,0,0.013,0,1,0,-0.013,0,-1],"_humanoidState":8,"_cameraCFrame":[749.473,233.845,44.95,-1,-0.014,0.002,0,0.174,0.985,-0.014,0.985,-0.174],"_shiftlockState":true,"_pose":"Running","_animationQueue":[],"_animationSpeed":1.103,"_zoom":10.621},{"_mousePosition":[683,384],"_rootPartCFrame":[750.864,221.435,46.815,-1,0,0.014,0,1,0,-0.014,0,-1],"_humanoidState":8,"_cameraCFrame":[749.142,233.395,44.945,-1,-0.015,0.003,0,0.174,0.985,-0.015,0.985,-0.174],"_shiftlockState":true,"_pose":"Running","_animationQueue":[["walk",0.1]],"_animationSpeed":1.103,"_zoom":10.621},{"_mousePosition":[683,384],"_rootPartCFrame":[750.531,220.907,46.81,-1,0,0.015,0,1,0,-0.015,0,-1],"_humanoidState":8,"_cameraCFrame":[748.809,232.867,44.94,-1,-0.015,0.003,0,0.174,0.985,-0.015,0.985,-0.174],"_shiftlockState":true,"_pose":"Running","_animationQueue":[],"_animationSpeed":1.103,"_zoom":10.621},{"_mousePosition":[683,384],"_rootPartCFrame":[750.331,220.702,46.807,-1,0,0.015,0,1,0,-0.015,0,-1],"_humanoidState":8,"_cameraCFrame":[748.609,232.662,44.937,-1,-0.015,0.003,0,0.174,0.985,-0.015,0.985,-0.174],"_shiftlockState":true,"_pose":"Running","_animationQueue":[],"_animationSpeed":1.103,"_zoom":10.621},{"_mousePosition":[683,384],"_rootPartCFrame":[749.998,220.725,46.802,-1,0,0.015,0,1,0,-0.015,0,-1],"_humanoidState":8,"_cameraCFrame":[748.254,224.411,46.391,-1,-0.015,0.003,0,0.174,0.985,-0.015,0.985,-0.174],"_shiftlockState":true,"_pose":"Running","_animationQueue":[],"_animationSpeed":1.103,"_zoom":10.621},{"_mousePosition":[683,384],"_rootPartCFrame":[749.798,220.757,46.799,-1,0,0.015,0,1,0,-0.015,0,-1],"_humanoidState":8,"_cameraCFrame":[748.053,224.411,46.394,-1,-0.014,0.002,0,0.174,0.985,-0.014,0.985,-0.174],"_shiftlockState":true,"_pose":"Running","_animationQueue":[],"_animationSpeed":1.103,"_zoom":10.621},{"_mousePosition":[683,384],"_rootPartCFrame":[749.464,220.792,46.794,-1,0,0.014,0,1,0,-0.014,0,-1],"_humanoidState":8,"_cameraCFrame":[747.717,223.935,46.484,-1,-0.01,0.002,0,0.176,0.984,-0.01,0.984,-0.176],"_shiftlockState":true,"_pose":"Running","_animationQueue":[],"_animationSpeed":1.103,"_zoom":10.621},{"_mousePosition":[683,384],"_rootPartCFrame":[749.198,220.807,46.791,-1,0,0.01,0,1,0,-0.01,0,-1],"_humanoidState":8,"_cameraCFrame":[747.449,223.911,46.492,-1,-0.004,0.001,0,0.178,0.984,-0.004,0.984,-0.178],"_shiftlockState":true,"_pose":"Running","_animationQueue":[["walk",0.1]],"_animationSpeed":1.103,"_zoom":10.621},{"_mousePosition":[683,384],"_rootPartCFrame":[748.931,220.815,46.788,-1,0,0.004,0,1,0,-0.004,0,-1],"_humanoidState":8,"_cameraCFrame":[747.181,223.91,46.496,-1,0,0,0,0.18,0.984,0,0.984,-0.18],"_shiftlockState":true,"_pose":"Running","_animationQueue":[],"_animationSpeed":1.103,"_zoom":10.621},{"_mousePosition":[683,384],"_rootPartCFrame":[748.731,220.749,46.787,-1,0,0,0,1,0,0,0,-1],"_humanoidState":8,"_cameraCFrame":[746.981,224.591,46.36,-1,0.002,0,0,0.181,0.984,0.002,0.984,-0.181],"_shiftlockState":true,"_pose":"Running","_animationQueue":[],"_animationSpeed":1.103,"_zoom":10.621},{"_mousePosition":[683,384],"_rootPartCFrame":[748.398,220.56,46.787,-1,0,-0.002,0,1,0,0.002,0,-1],"_humanoidState":8,"_cameraCFrame":[746.646,225.101,46.23,-1,0.003,-0.001,0,0.182,0.983,0.003,0.983,-0.182],"_shiftlockState":true,"_pose":"Running","_animationQueue":[],"_animationSpeed":1.103,"_zoom":10.621},{"_mousePosition":[683,384],"_rootPartCFrame":[748.198,220.406,46.787,-1,0,-0.003,0,1,0,0.003,0,-1],"_humanoidState":8,"_cameraCFrame":[746.445,225.509,46.127,-1,0.005,-0.001,0,0.182,0.983,0.005,0.983,-0.182],"_shiftlockState":true,"_pose":"Running","_animationQueue":[],"_animationSpeed":1.103,"_zoom":10.621},{"_mousePosition":[683,384],"_rootPartCFrame":[747.932,220.187,46.788,-1,0,-0.005,0,1,0,0.005,0,-1],"_humanoidState":8,"_cameraCFrame":[746.166,226.578,45.911,-1,0.017,-0.003,0,0.182,0.983,0.018,0.983,-0.182],"_shiftlockState":true,"_pose":"Running","_animationQueue":[],"_animationSpeed":1.103,"_zoom":10.621},{"_mousePosition":[683,384],"_rootPartCFrame":[747.598,220.121,46.789,-1,0,-0.017,0,1,0,0.017,0,-1],"_humanoidState":8,"_cameraCFrame":[745.789,227.789,45.742,-0.999,0.053,-0.01,0,0.182,0.983,0.054,0.982,-0.182],"_shiftlockState":true,"_pose":"Running","_animationQueue":[["walk",0.1]],"_animationSpeed":1.103,"_zoom":10.621},{"_mousePosition":[683,384],"_rootPartCFrame":[747.332,220.092,46.793,-0.999,0,-0.054,0,1,0,0.054,0,-0.999],"_humanoidState":8,"_cameraCFrame":[745.438,228.817,45.708,-0.993,0.118,-0.021,0,0.178,0.984,0.12,0.977,-0.176],"_shiftlockState":true,"_pose":"Running","_animationQueue":[],"_animationSpeed":1.103,"_zoom":10.621},{"_mousePosition":[683,384],"_rootPartCFrame":[747.132,220.034,46.803,-0.993,0,-0.12,0,1,0,0.12,0,-0.993],"_humanoidState":8,"_cameraCFrame":[745.098,229.664,45.812,-0.973,0.228,-0.04,0,0.174,0.985,0.231,0.958,-0.169],"_shiftlockState":true,"_pose":"Running","_animationQueue":[],"_animationSpeed":1.103,"_zoom":10.621},{"_mousePosition":[683,384],"_rootPartCFrame":[746.867,219.919,46.832,-0.972,0,-0.236,0,1,0,0.236,0,-0.972],"_humanoidState":8,"_cameraCFrame":[744.648,230.233,46.086,-0.92,0.385,-0.068,0,0.174,0.985,0.391,0.906,-0.16],"_shiftlockState":true,"_pose":"Running","_animationQueue":[],"_animationSpeed":1.103,"_zoom":10.621},{"_mousePosition":[683,384],"_rootPartCFrame":[746.542,219.801,46.905,-0.915,0,-0.403,0,1,0,0.403,0,-0.915],"_humanoidState":8,"_cameraCFrame":[744.189,230.384,46.601,-0.818,0.566,-0.1,0,0.174,0.985,0.575,0.806,-0.142],"_shiftlockState":true,"_pose":"Running","_animationQueue":[],"_animationSpeed":1.103,"_zoom":10.621},{"_mousePosition":[683,384],"_rootPartCFrame":[746.282,220.674,46.967,-0.812,0,-0.584,0,1,0,0.584,0,-0.812],"_humanoidState":3,"_cameraCFrame":[743.893,231.251,47.158,-0.673,0.728,-0.131,0,0.178,0.984,0.739,0.663,-0.12],"_shiftlockState":true,"_pose":"Jumping","_animationQueue":[["walk",0.1],["jump",0.1]],"_animationSpeed":1,"_zoom":10.621},{"_mousePosition":[683,384],"_rootPartCFrame":[746.041,221.496,47.045,-0.736,0,-0.677,0,1,0,0.677,0,-0.736],"_humanoidState":5,"_cameraCFrame":[743.662,232.062,47.578,-0.548,0.822,-0.154,0,0.184,0.983,0.836,0.539,-0.101],"_shiftlockState":true,"_pose":"FreeFall","_animationQueue":[["jump",0.1]],"_animationSpeed":1,"_zoom":10.621},{"_mousePosition":[683,384],"_rootPartCFrame":[745.83,222.264,47.149,-0.647,0,-0.763,0,1,0,0.763,0,-0.647],"_humanoidState":5,"_cameraCFrame":[743.489,232.813,48.023,-0.406,0.897,-0.177,0,0.193,0.981,0.914,0.398,-0.079],"_shiftlockState":true,"_pose":"FreeFall","_animationQueue":[],"_animationSpeed":1,"_zoom":10.621},{"_mousePosition":[683,384],"_rootPartCFrame":[745.657,222.977,47.263,-0.454,0,-0.891,0,1,0,0.891,0,-0.454],"_humanoidState":5,"_cameraCFrame":[743.332,233.505,48.365,-0.3,0.934,-0.195,0,0.205,0.979,0.954,0.294,-0.061],"_shiftlockState":true,"_pose":"FreeFall","_animationQueue":[],"_animationSpeed":1,"_zoom":10.621},{"_mousePosition":[683,384],"_rootPartCFrame":[745.552,223.476,47.349,-0.316,0,-0.949,0,1,0,0.949,0,-0.316],"_humanoidState":5,"_cameraCFrame":[743.216,233.976,48.643,-0.207,0.955,-0.214,0,0.219,0.976,0.978,0.202,-0.045],"_shiftlockState":true,"_pose":"FreeFall","_animationQueue":[],"_animationSpeed":1,"_zoom":10.621},{"_mousePosition":[683,384],"_rootPartCFrame":[745.428,224.24,47.489,-0.225,0,-0.974,0,1,0,0.974,0,-0.225],"_humanoidState":5,"_cameraCFrame":[743.058,234.711,48.912,-0.144,0.963,-0.23,0,0.232,0.973,0.99,0.14,-0.033],"_shiftlockState":true,"_pose":"FreeFall","_animationQueue":[],"_animationSpeed":1,"_zoom":10.621},{"_mousePosition":[683,384],"_rootPartCFrame":[745.373,224.789,47.595,-0.154,0,-0.988,0,1,0,0.988,0,-0.154],"_humanoidState":5,"_cameraCFrame":[742.963,235.237,49.094,-0.108,0.965,-0.241,0,0.242,0.97,0.994,0.105,-0.026],"_shiftlockState":true,"_pose":"FreeFall","_animationQueue":[],"_animationSpeed":1,"_zoom":10.621},{"_mousePosition":[683,384],"_rootPartCFrame":[745.357,225.284,47.694,-0.114,0,-0.993,0,1,0,0.993,0,-0.114],"_humanoidState":5,"_cameraCFrame":[742.888,235.707,49.25,-0.081,0.964,-0.252,0,0.253,0.967,0.997,0.078,-0.02],"_shiftlockState":true,"_pose":"FreeFall","_animationQueue":[],"_animationSpeed":1,"_zoom":10.621},{"_mousePosition":[683,384],"_rootPartCFrame":[745.379,225.725,47.784,-0.085,0,-0.996,0,1,0,0.996,0,-0.085],"_humanoidState":5,"_cameraCFrame":[742.874,236.13,49.379,-0.063,0.964,-0.26,0,0.26,0.966,0.998,0.061,-0.016],"_shiftlockState":true,"_pose":"FreeFall","_animationQueue":[],"_animationSpeed":1,"_zoom":10.621},{"_mousePosition":[683,384],"_rootPartCFrame":[745.44,226.111,47.863,-0.066,0,-0.998,0,1,0,0.998,0,-0.066],"_humanoidState":5,"_cameraCFrame":[742.879,236.494,49.491,-0.048,0.962,-0.268,0,0.269,0.963,0.999,0.047,-0.013],"_shiftlockState":true,"_pose":"FreeFall","_animationQueue":[],"_animationSpeed":1,"_zoom":10.621},{"_mousePosition":[683,384],"_rootPartCFrame":[745.539,226.442,47.931,-0.051,0,-0.999,0,1,0,0.999,0,-0.051],"_humanoidState":5,"_cameraCFrame":[742.953,236.818,49.563,-0.046,0.961,-0.272,0,0.272,0.962,0.999,0.045,-0.013],"_shiftlockState":true,"_pose":"FreeFall","_animationQueue":[],"_animationSpeed":1,"_zoom":10.621},{"_mousePosition":[683,384],"_rootPartCFrame":[745.676,226.719,47.987,-0.047,0,-0.999,0,1,0,0.999,0,-0.047],"_humanoidState":5,"_cameraCFrame":[743.09,237.095,49.619,-0.046,0.961,-0.272,0,0.272,0.962,0.999,0.045,-0.013],"_shiftlockState":true,"_pose":"FreeFall","_animationQueue":[],"_animationSpeed":1,"_zoom":10.621},{"_mousePosition":[683,384],"_rootPartCFrame":[745.85,226.942,48.03,-0.046,0,-0.999,0,1,0,0.999,0,-0.046],"_humanoidState":5,"_cameraCFrame":[743.264,237.317,49.662,-0.046,0.961,-0.272,0,0.272,0.962,0.999,0.045,-0.013],"_shiftlockState":true,"_pose":"FreeFall","_animationQueue":[],"_animationSpeed":1,"_zoom":10.621},{"_mousePosition":[683,384],"_rootPartCFrame":[746.005,227.073,48.054,-0.046,0,-0.999,0,1,0,0.999,0,-0.046],"_humanoidState":5,"_cameraCFrame":[743.42,237.448,49.686,-0.046,0.961,-0.272,0,0.272,0.962,0.999,0.045,-0.013],"_shiftlockState":true,"_pose":"FreeFall","_animationQueue":[],"_animationSpeed":1,"_zoom":10.621},{"_mousePosition":[683,384],"_rootPartCFrame":[746.156,227.247,48.077,-0.011,0.011,-1,0.004,1,0.011,1,-0.004,-0.011],"_humanoidState":12,"_cameraCFrame":[743.586,237.622,49.704,-0.046,0.961,-0.272,0,0.272,0.962,0.999,0.045,-0.013],"_shiftlockState":true,"_pose":"Climbing","_animationQueue":[["walk",0.1],["climb",0.1]],"_animationSpeed":0.806,"_zoom":10.621},{"_mousePosition":[683,384],"_rootPartCFrame":[746.178,227.426,48.09,-0.01,0.016,-1,0.004,1,0.016,1,-0.004,-0.011],"_humanoidState":12,"_cameraCFrame":[743.616,237.802,49.716,-0.046,0.961,-0.272,0,0.272,0.962,0.999,