[{"_mousePosition":[694,398],"_rootPartCFrame":[776.025,222.7,47.142,0.002,0,1,0,1,0,-1,0,0.002],"_humanoidState":8,"_cameraCFrame":[775.978,246.545,22.318,-1,0.001,-0.001,0,0.743,0.669,0.002,0.669,-0.743],"_shiftlockState":false,"_pose":"Standing","_animationQueue":[],"_animationSpeed":1,"_zoom":33.4},{"_mousePosition":[694,398],"_rootPartCFrame":[775.778,222.7,47.143,0.001,0,1,0,1,0,-1,0,0.001],"_humanoidState":8,"_cameraCFrame":[775.731,246.545,22.319,-1,0.001,-0.001,0,0.743,0.669,0.002,0.669,-0.743],"_shiftlockState":false,"_pose":"Standing","_animationQueue":[],"_animationSpeed":1,"_zoom":33.4},{"_mousePosition":[694,398],"_rootPartCFrame":[775.512,222.7,47.143,0.001,0,1,0,1,0,-1,0,0.001],"_humanoidState":8,"_cameraCFrame":[775.465,246.545,22.319,-1,0.001,-0.001,0,0.743,0.669,0.002,0.669,-0.743],"_shiftlockState":false,"_pose":"Running","_animationQueue":[["walk",0.1]],"_animationSpeed":1.066,"_zoom":33.4},{"_mousePosition":[694,398],"_rootPartCFrame":[775.246,222.7,47.144,0,0,1,0,1,0,-1,0,0],"_humanoidState":8,"_cameraCFrame":[775.199,246.545,22.32,-1,0.001,-0.001,0,0.743,0.669,0.002,0.669,-0.743],"_shiftlockState":false,"_pose":"Running","_animationQueue":[],"_animationSpeed":1.066,"_zoom":33.4},{"_mousePosition":[694,398],"_rootPartCFrame":[774.979,222.7,47.144,0,0,1,0,1,0,-1,0,0],"_humanoidState":8,"_cameraCFrame":[774.932,246.545,22.32,-1,0.001,-0.001,0,0.743,0.669,0.002,0.669,-0.743],"_shiftlockState":false,"_pose":"Running","_animationQueue":[],"_animationSpeed":1.066,"_zoom":33.4},{"_mousePosition":[694,398],"_rootPartCFrame":[774.712,222.7,47.145,0,0,1,0,1,0,-1,0,0],"_humanoidState":8,"_cameraCFrame":[774.665,246.594,22.365,-1,0.001,-0.001,0,0.742,0.67,0.002,0.67,-0.742],"_shiftlockState":false,"_pose":"Running","_animationQueue":[],"_animationSpeed":1.066,"_zoom":33.4},{"_mousePosition":[694,398],"_rootPartCFrame":[774.445,222.7,47.145,0,0,1,0,1,0,-1,0,0],"_humanoidState":8,"_cameraCFrame":[774.398,246.594,22.365,-1,0.001,-0.001,0,0.742,0.67,0.002,0.67,-0.742],"_shiftlockState":false,"_pose":"Running","_animationQueue":[],"_animationSpeed":1.066,"_zoom":33.4},{"_mousePosition":[694,398],"_rootPartCFrame":[774.179,222.7,47.146,-0.001,0,1,0,1,0,-1,0,-0.001],"_humanoidState":8,"_cameraCFrame":[774.132,246.69,22.453,-1,0.001,-0.001,0,0.739,0.673,0.002,0.673,-0.739],"_shiftlockState":false,"_pose":"Running","_animationQueue":[],"_animationSpeed":1.066,"_zoom":33.4},{"_mousePosition":[694,398],"_rootPartCFrame":[773.912,222.7,47.146,-0.001,0,1,0,1,0,-1,0,-0.001],"_humanoidState":8,"_cameraCFrame":[773.928,246.786,22.541,-1,0,0,0,0.737,0.676,-0.001,0.676,-0.737],"_shiftlockState":false,"_pose":"Running","_animationQueue":[],"_animationSpeed":1.066,"_zoom":33.4},{"_mousePosition":[694,398],"_rootPartCFrame":[773.645,222.7,47.147,-0.001,0,1,0,1,0,-1,0,-0.001],"_humanoidState":8,"_cameraCFrame":[773.723,246.93,22.674,-1,-0.002,0.002,0,0.733,0.681,-0.003,0.681,-0.733],"_shiftlockState":false,"_pose":"Running","_animationQueue":[["walk",0.1]],"_animationSpeed":1.066,"_zoom":33.4},{"_mousePosition":[694,398],"_rootPartCFrame":[773.379,222.7,47.147,-0.001,0,1,0,1,0,-1,0,-0.001],"_humanoidState":8,"_cameraCFrame":[773.517,247.12,22.852,-1,-0.004,0.004,0,0.727,0.686,-0.006,0.686,-0.727],"_shiftlockState":false,"_pose":"Running","_animationQueue":[],"_animationSpeed":1.066,"_zoom":33.4},{"_mousePosition":[694,398],"_rootPartCFrame":[773.112,222.7,47.146,0,0,1,0,1,0,-1,0,0],"_humanoidState":8,"_cameraCFrame":[773.311,247.261,22.986,-1,-0.006,0.006,0,0.723,0.69,-0.008,0.69,-0.723],"_shiftlockState":false,"_pose":"Running","_animationQueue":[],"_animationSpeed":1.066,"_zoom":33.4},{"_mousePosition":[694,398],"_rootPartCFrame":[772.845,222.7,47.144,0,0,1,0,1,0,-1,0,0],"_humanoidState":8,"_cameraCFrame":[773.164,247.449,23.167,-1,-0.009,0.01,0,0.718,0.696,-0.013,0.696,-0.718],"_shiftlockState":false,"_pose":"Running","_animationQueue":[],"_animationSpeed":1.066,"_zoom":33.4},{"_mousePosition":[694,398],"_rootPartCFrame":[772.579,222.7,47.142,0.001,0,1,0,1,0,-1,0,0.001],"_humanoidState":8,"_cameraCFrame":[772.954,247.728,23.439,-1,-0.011,0.011,0,0.71,0.704,-0.016,0.704,-0.71],"_shiftlockState":false,"_pose":"Running","_animationQueue":[],"_animationSpeed":1.066,"_zoom":33.4},{"_mousePosition":[694,398],"_rootPartCFrame":[772.312,222.7,47.139,0.003,0,1,0,1,0,-1,0,0.003],"_humanoidState":8,"_cameraCFrame":[772.742,248.003,23.713,-1,-0.013,0.013,0,0.701,0.713,-0.018,0.713,-0.701],"_shiftlockState":false,"_pose":"Running","_animationQueue":[],"_animationSpeed":1.066,"_zoom":33.4},{"_mousePosition":[694,398],"_rootPartCFrame":[772.045,222.7,47.135,0.005,0,1,0,1,0,-1,0,0.005],"_humanoidState":8,"_cameraCFrame":[772.529,248.276,23.99,-1,-0.015,0.014,0,0.693,0.721,-0.021,0.721,-0.693],"_shiftlockState":false,"_pose":"Running","_animationQueue":[],"_animationSpeed":1.066,"_zoom":33.4},{"_mousePosition":[694,398],"_rootPartCFrame":[771.779,222.7,47.13,0.007,0,1,0,1,0,-1,0,0.007],"_humanoidState":8,"_cameraCFrame":[772.254,248.634,24.363,-1,-0.015,0.014,0,0.682,0.732,-0.021,0.731,-0.682],"_shiftlockState":false,"_pose":"Running","_animationQueue":[["walk",0.1]],"_animationSpeed":1.066,"_zoom":33.4},{"_mousePosition":[694,398],"_rootPartCFrame":[771.512,222.7,47.124,0.008,0,1,0,1,0,-1,0,0.008],"_humanoidState":8,"_cameraCFrame":[771.978,249.073,24.838,-1,-0.016,0.014,0,0.667,0.745,-0.021,0.745,-0.667],"_shiftlockState":false,"_pose":"Running","_animationQueue":[],"_animationSpeed":1.066,"_zoom":33.4},{"_mousePosition":[694,398],"_rootPartCFrame":[771.246,222.7,47.119,0.01,0,1,0,1,0,-1,0,0.01],"_humanoidState":8,"_cameraCFrame":[771.705,249.332,25.125,-1,-0.016,0.014,0,0.659,0.752,-0.021,0.752,-0.659],"_shiftlockState":false,"_pose":"Running","_animationQueue":[],"_animationSpeed":1.066,"_zoom":33.4},{"_mousePosition":[694,398],"_rootPartCFrame":[770.979,222.7,47.113,0.012,0,1,0,1,0,-1,0,0.012],"_humanoidState":8,"_cameraCFrame":[771.434,249.502,25.316,-1,-0.016,0.014,0,0.653,0.758,-0.021,0.757,-0.653],"_shiftlockState":false,"_pose":"Running","_animationQueue":[],"_animationSpeed":1.066,"_zoom":33.4},{"_mousePosition":[694,398],"_rootPartCFrame":[770.712,222.7,47.108,0.013,0,1,0,1,0,-1,0,0.013],"_humanoidState":8,"_cameraCFrame":[771.163,249.671,25.508,-1,-0.016,0.014,0,0.647,0.763,-0.021,0.762,-0.647],"_shiftlockState":false,"_pose":"Running","_animationQueue":[],"_animationSpeed":1.066,"_zoom":33.4},{"_mousePosition":[694,398],"_rootPartCFrame":[770.446,222.7,47.102,0.014,0,1,0,1,0,-1,0,0.014],"_humanoidState":8,"_cameraCFrame":[770.947,249.839,25.703,-1,-0.018,0.015,0,0.641,0.768,-0.023,0.767,-0.641],"_shiftlockState":false,"_pose":"Running","_animationQueue":[],"_animationSpeed":1.066,"_zoom":33.4},{"_mousePosition":[694,398],"_rootPartCFrame":[770.179,223.573,47.097,0.015,0,1,0,1,0,-1,0,0.015],"_humanoidState":3,"_cameraCFrame":[770.676,250.878,25.898,-1,-0.018,0.015,0,0.635,0.773,-0.023,0.772,-0.635],"_shiftlockState":false,"_pose":"Jumping","_animationQueue":[["walk",0.1],["walk",0.1],["jump",0.1]],"_animationSpeed":1,"_zoom":33.4},{"_mousePosition":[694,398],"_rootPartCFrame":[769.913,224.395,47.09,0.016,0,1,0,1,0,-1,0,0.016],"_humanoidState":5,"_cameraCFrame":[770.459,251.824,26.044,-1,-0.02,0.016,0,0.63,0.776,-0.026,0.776,-0.63],"_shiftlockState":false,"_pose":"FreeFall","_animationQueue":[["jump",0.1]],"_animationSpeed":1,"_zoom":33.4},{"_mousePosition":[694,398],"_rootPartCFrame":[769.646,225.162,47.084,0.017,0,1,0,1,0,-1,0,0.017],"_humanoidState":5,"_cameraCFrame":[770.188,252.714,26.19,-1,-0.02,0.016,0,0.626,0.78,-0.026,0.78,-0.626],"_shiftlockState":false,"_pose":"FreeFall","_animationQueue":[],"_animationSpeed":1,"_zoom":33.4},{"_mousePosition":[694,398],"_rootPartCFrame":[769.379,225.875,47.077,0.018,0,1,0,1,0,-1,0,0.018],"_humanoidState":5,"_cameraCFrame":[769.919,253.508,26.284,-1,-0.02,0.016,0,0.623,0.782,-0.026,0.782,-0.623],"_shiftlockState":false,"_pose":"FreeFall","_animationQueue":[],"_animationSpeed":1,"_zoom":33.4},{"_mousePosition":[694,398],"_rootPartCFrame":[769.113,226.534,47.07,0.019,0,1,0,1,0,-1,0,0.019],"_humanoidState":5,"_cameraCFrame":[769.702,254.248,26.381,-1,-0.022,0.018,0,0.62,0.785,-0.028,0.785,-0.619],"_shiftlockState":false,"_pose":"FreeFall","_animationQueue":[],"_animationSpeed":1,"_zoom":33.4},{"_mousePosition":[694,398],"_rootPartCFrame":[768.846,227.138,47.064,0.02,0,1,0,1,0,-1,0,0.02],"_humanoidState":5,"_cameraCFrame":[769.431,254.972,26.528,-1,-0.022,0.018,0,0.615,0.788,-0.028,0.788,-0.615],"_shiftlockState":false,"_pose":"FreeFall","_animationQueue":[],"_animationSpeed":1,"_zoom":33.4},{"_mousePosition":[694,398],"_rootPartCFrame":[768.58,227.687,47.056,0.021,0,1,0,1,0,-1,0,0.021],"_humanoidState":5,"_cameraCFrame":[769.16,255.641,26.674,-1,-0.023,0.017,0,0.61,0.792,-0.028,0.792,-0.61],"_shiftlockState":false,"_pose":"FreeFall","_animationQueue":[],"_animationSpeed":1,"_zoom":33.4},{"_mousePosition":[694,398],"_rootPartCFrame":[768.313,228.182,47.048,0.022,0,1,0,1,0,-1,0,0.022],"_humanoidState":5,"_cameraCFrame":[768.939,256.294,26.875,-1,-0.025,0.019,0,0.604,0.797,-0.031,0.796,-0.604],"_shiftlockState":false,"_pose":"FreeFall","_animationQueue":[],"_animationSpeed":1,"_zoom":33.4},{"_mousePosition":[694,398],"_rootPartCFrame":[768.046,228.623,47.041,0.023,0,1,0,1,0,-1,0,0.023],"_humanoidState":5,"_cameraCFrame":[768.667,256.853,27.023,-1,-0.025,0.019,0,0.6,0.8,-0.031,0.8,-0.599],"_shiftlockState":false,"_pose":"FreeFall","_animationQueue":[],"_animationSpeed":1,"_zoom":33.4},{"_mousePosition":[694,398],"_rootPartCFrame":[767.78,229.009,47.033,0.024,0,1,0,1,0,-1,0,0.024],"_humanoidState":5,"_cameraCFrame":[768.385,256.875,27.527,-1,-0.025,0.018,0,0.595,0.804,-0.031,0.803,-0.595],"_shiftlockState":false,"_pose":"FreeFall","_animationQueue":[],"_animationSpeed":1,"_zoom":26.32},{"_mousePosition":[694,398],"_rootPartCFrame":[767.513,229.34,47.024,0.025,0,1,0,1,0,-1,0,0.025],"_humanoidState":5,"_cameraCFrame":[768.096,256.264,28.216,-1,-0.025,0.018,0,0.595,0.804,-0.031,0.803,-0.595],"_shiftlockState":false,"_pose":"FreeFall","_animationQueue":[],"_animationSpeed":1,"_zoom":26.32},{"_mousePosition":[694,398],"_rootPartCFrame":[767.247,229.617,47.016,0.026,0,1,0,1,0,-1,0,0.026],"_humanoidState":5,"_cameraCFrame":[767.809,255.615,28.893,-1,-0.025,0.018,0,0.595,0.804,-0.031,0.803,-0.595],"_shiftlockState":false,"_pose":"FreeFall","_animationQueue":[],"_animationSpeed":1,"_zoom":26.32},{"_mousePosition":[694,398],"_rootPartCFrame":[766.98,229.84,47.008,0.027,0,1,0,1,0,-1,0,0.027],"_humanoidState":5,"_cameraCFrame":[767.521,255.008,29.57,-1,-0.025,0.018,0,0.593,0.805,-0.031,0.805,-0.593],"_shiftlockState":false,"_pose":"FreeFall","_animationQueue":[],"_animationSpeed":1,"_zoom":26.32},{"_mousePosition":[694,398],"_rootPartCFrame":[766.713,230.008,47,0.027,0,1,0,1,0,-1,0,0.027],"_humanoidState":5,"_cameraCFrame":[767.237,254.516,30.116,-1,-0.025,0.018,0,0.592,0.806,-0.031,0.806,-0.592],"_shiftlockState":false,"_pose":"FreeFall","_animationQueue":[],"_animationSpeed":1,"_zoom":26.32},{"_mousePosition":[694,396],"_rootPartCFrame":[766.447,230.122,46.991,0.028,0,1,0,1,0,-1,0,0.028],"_humanoidState":5,"_cameraCFrame":[766.951,253.781,30.731,-1,-0.025,0.018,0,0.592,0.806,-0.031,0.806,-0.592],"_shiftlockState":false,"_pose":"FreeFall","_animationQueue":[],"_animationSpeed":1,"_zoom":20.656},{"_mousePosition":[694,396],"_rootPartCFrame":[766.18,230.181,46.983,0.028,0,1,0,1,0,-1,0,0.028],"_humanoidState":5,"_cameraCFrame":[766.658,252.7,31.559,-1,-0.025,0.018,0,0.592,0.806,-0.031,0.806,-0.592],"_shiftlockState":false,"_pose":"FreeFall","_animationQueue":[],"_animationSpeed":1,"_zoom":20.656},{"_mousePosition":[694,396],"_rootPartCFrame":[765.914,230.185,46.975,0.029,0,1,0,1,0,-1,0,0.029],"_humanoidState":5,"_cameraCFrame":[766.369,251.691,32.294,-1,-0.025,0.018,0,0.592,0.806,-0.031,0.806,-0.592],"_shiftlockState":false,"_pose":"FreeFall","_animationQueue":[],"_animationSpeed":1,"_zoom":20.656},{"_mousePosition":[694,396],"_rootPartCFrame":[765.647,230.135,46.967,0.029,0,1,0,1,0,-1,0,0.029],"_humanoidState":5,"_cameraCFrame":[766.082,250.739,32.948,-1,-0.025,0.018,0,0.592,0.806,-0.031,0.806,-0.592],"_shiftlockState":false,"_pose":"FreeFall","_animationQueue":[],"_animationSpeed":1,"_zoom":20.656},{"_mousePosition":[694,396],"_rootPartCFrame":[765.38,230.031,46.958,0.029,0,1,0,1,0,-1,0,0.029],"_humanoidState":5,"_cameraCFrame":[765.799,249.932,33.455,-1,-0.025,0.018,0,0.592,0.806,-0.031,0.806,-0.592],"_shiftlockState":false,"_pose":"FreeFall","_animationQueue":[],"_animationSpeed":1,"_zoom":20.656},{"_mousePosition":[694,396],"_rootPartCFrame":[765.114,229.872,46.95,0.029,0,1,0,1,0,-1,0,0.029],"_humanoidState":5,"_cameraCFrame":[765.521,249.25,33.831,-1,-0.025,0.018,0,0.592,0.806,-0.031,0.806,-0.592],"_shiftlockState":false,"_pose":"FreeFall","_animationQueue":[],"_animationSpeed":1,"_zoom":20.656},{"_mousePosition":[694,396],"_rootPartCFrame":[764.847,229.658,46.942,0.03,0,1,0,1,0,-1,0,0.03],"_humanoidState":5,"_cameraCFrame":[765.245,248.658,34.1,-1,-0.025,0.018,0,0.592,0.806,-0.031,0.806,-0.592],"_shiftlockState":false,"_pose":"FreeFall","_animationQueue":[],"_animationSpeed":1,"_zoom":20.656},{"_mousePosition":[694,396],"_rootPartCFrame":[764.581,229.39,46.933,0.03,0,1,0,1,0,-1,0,0.03],"_humanoidState":5,"_cameraCFrame":[764.973,248.135,34.279,-1,-0.025,0.018,0,0.592,0.806,-0.031,0.806,-0.592],"_shiftlockState":false,"_pose":"FreeFall","_animationQueue":[["fall",0.3]],"_animationSpeed":1,"_zoom":20.656},{"_mousePosition":[694,396],"_rootPartCFrame":[764.314,229.068,46.925,0.03,0,1,0,1,0,-1,0,0.03],"_humanoidState":5,"_cameraCFrame":[764.702,247.63,34.405,-1,-0.025,0.018,0,0.592,0.806,-0.031,0.806,-0.592],"_shiftlockState":false,"_pose":"FreeFall","_animationQueue":[],"_animationSpeed":1,"_zoom":20.656},{"_mousePosition":[694,396],"_rootPartCFrame":[764.047,228.691,46.917,0.03,0,1,0,1,0,-1,0,0.03],"_humanoidState":7,"_cameraCFrame":[764.432,247.112,34.5,-1,-0.025,0.018,0,0.592,0.806,-0.031,0.806,-0.592],"_shiftlockState":false,"_pose":"FreeFall","_animationQueue":[["walk",0.1],["fall",0.3],["fall",0.3]],"_animationSpeed":1,"_zoom":20.656},{"_mousePosition":[694,396],"_rootPartCFrame":[763.781,228.259,46.909,0.03,0,1,0,1,0,-1,0,0.03],"_humanoidState":7,"_cameraCFrame":[764.164,246.591,34.558,-1,-0.025,0.018,0,0.592,0.806,-0.031,0.806,-0.592],"_shiftlockState":false,"_pose":"FreeFall","_animationQueue":[],"_animationSpeed":1,"_zoom":20.656},{"_mousePosition":[694,396],"_rootPartCFrame":[763.448,228.085,46.898,0.03,0,1,0,1,0,-1,0,0.03],"_humanoidState":8,"_cameraCFrame":[763.829,246.362,34.587,-1,-0.025,0.018,0,0.592,0.806,-0.031,0.806,-0.592],"_shiftlockState":false,"_pose":"Running","_animationQueue":[["walk",0.1],["fall",0.3],["walk",0.1]],"_animationSpeed":1.103,"_zoom":20.656},{"_mousePosition":[694,396],"_rootPartCFrame":[763.181,228.125,46.89,0.03,0,1,0,1,0,-1,0,0.03],"_humanoidState":8,"_cameraCFrame":[763.562,246.359,34.611,-1,-0.025,0.018,0,0.592,0.806,-0.031,0.806,-0.592],"_shiftlockState":false,"_pose":"Running","_animationQueue":[],"_animationSpeed":1.103,"_zoom":20.656},{"_mousePosition":[694,396],"_rootPartCFrame":[762.915,228.157,46.882,0.031,0,1,0,1,0,-1,0,0.031],"_humanoidState":8,"_cameraCFrame":[763.295,246.363,34.623,-1,-0.025,0.018,0,0.592,0.806,-0.031,0.806,-0.592],"_shiftlockState":false,"_pose":"Running","_animationQueue":[],"_animationSpeed":1.103,"_zoom":20.656},{"_mousePosition":[694,396],"_rootPartCFrame":[762.648,228.177,46.874,0.031,0,1,0,1,0,-1,0,0.031],"_humanoidState":8,"_cameraCFrame":[763.028,246.364,34.628,-1,-0.025,0.018,0,0.592,0.806,-0.031,0.806,-0.592],"_shiftlockState":false,"_pose":"Running","_animationQueue":[["walk",0.1]],"_animationSpeed":1.103,"_zoom":20.656},{"_mousePosition":[694,396],"_rootPartCFrame":[762.382,228.187,46.865,0.031,0,1,0,1,0,-1,0,0.031],"_humanoidState":8,"_cameraCFrame":[762.761,246.362,34.629,-1,-0.025,0.018,0,0.592,0.806,-0.031,0.806,-0.592],"_shiftlockState":false,"_pose":"Running","_animationQueue":[],"_animationSpeed":1.103,"_zoom":20.656},{"_mousePosition":[694,396],"_rootPartCFrame":[762.115,228.193,46.857,0.031,0,1,0,1,0,-1,0,0.031],"_humanoidState":8,"_cameraCFrame":[762.494,246.359,34.627,-1,-0.025,0.018,0,0.592,0.806,-0.031,0.806,-0.592],"_shiftlockState":false,"_pose":"Running","_animationQueue":[],"_animationSpeed":1.103,"_zoom":20.656},{"_mousePosition":[694,396],"_rootPartCFrame":[761.849,229.056,46.849,0.031,0,1,0,1,0,-1,0,0.031],"_humanoidState":3,"_cameraCFrame":[762.228,247.217,34.623,-1,-0.025,0.018,0,0.592,0.806,-0.031,0.806,-0.592],"_shiftlockState":false,"_pose":"Jumping","_animationQueue":[["walk",0.1],["jump",0.1]],"_animationSpeed":1,"_zoom":20.656},{"_mousePosition":[694,398],"_rootPartCFrame":[761.582,229.864,46.84,0.031,0,1,0,1,0,-1,0,0.031],"_humanoidState":5,"_cameraCFrame":[761.991,248.046,34.651,-0.999,-0.027,0.02,0,0.59,0.807,-0.034,0.807,-0.59],"_shiftlockState":false,"_pose":"FreeFall","_animationQueue":[["jump",0.1]],"_animationSpeed":1,"_zoom":20.656},{"_mousePosition":[694,398],"_rootPartCFrame":[761.315,230.618,46.832,0.031,0,1,0,1,0,-1,0,0.031],"_humanoidState":5,"_cameraCFrame":[761.755,248.797,34.645,-0.999,-0.029,0.021,0,0.59,0.807,-0.036,0.807,-0.59],"_shiftlockState":false,"_pose":"FreeFall","_animationQueue":[],"_animationSpeed":1,"_zoom":20.656},{"_mousePosition":[694,398],"_rootPartCFrame":[761.049,231.318,46.823,0.031,0,1,0,1,0,-1,0,0.031],"_humanoidState":5,"_cameraCFrame":[761.55,249.495,34.64,-0.999,-0.033,0.024,0,0.59,0.807,-0.041,0.807,-0.59],"_shiftlockState":false,"_pose":"FreeFall","_animationQueue":[],"_animationSpeed":1,"_zoom":20.656},{"_mousePosition":[694,398],"_rootPartCFrame":[760.782,231.962,46.814,0.032,0,0.999,0,1,0,-0.999,0,0.032],"_humanoidState":5,"_cameraCFrame":[761.376,250.139,34.635,-0.999,-0.039,0.029,0,0.59,0.807,-0.049,0.806,-0.59],"_shiftlockState":false,"_pose":"FreeFall","_animationQueue":[],"_animationSpeed":1,"_zoom":20.656},{"_mousePosition":[694,398],"_rootPartCFrame":[760.516,232.553,46.803,0.033,0,0.999,0,1,0,-0.999,0,0.033],"_humanoidState":5,"_cameraCFrame":[761.173,250.705,34.596,-0.999,-0.043,0.032,0,0.592,0.806,-0.054,0.805,-0.591],"_shiftlockState":false,"_pose":"FreeFall","_animationQueue":[],"_animationSpeed":1,"_zoom":20.656},{"_mousePosition":[694,398],"_rootPartCFrame":[760.249,233.089,46.79,0.035,0,0.999,0,1,0,-0.999,0,0.035],"_humanoidState":5,"_cameraCFrame":[760.968,251.24,34.587,-0.998,-0.047,0.035,0,0.592,0.806,-0.059,0.805,-0.591],"_shiftlockState":false,"_pose":"FreeFall","_animationQueue":[],"_animationSpeed":1,"_zoom":20.656},{"_mousePosition":[694,398],"_rootPartCFrame":[759.983,233.57,46.776,0.037,0,0.999,0,1,0,-0.999,0,0.037],"_humanoidState":5,"_cameraCFrame":[760.795,251.721,34.579,-0.998,-0.054,0.039,0,0.592,0.806,-0.066,0.804,-0.59],"_shiftlockState":false,"_pose":"FreeFall","_animationQueue":[],"_animationSpeed":1,"_zoom":20.656},{"_mousePosition":[694,398],"_rootPartCFrame":[759.717,233.997,46.761,0.04,0,0.999,0,1,0,-0.999,0,0.04],"_humanoidState":5,"_cameraCFrame":[760.623,252.124,34.538,-0.997,-0.06,0.044,0,0.593,0.805,-0.074,0.803,-0.592],"_shiftlockState":false,"_pose":"FreeFall","_animationQueue":[],"_animationSpeed":1,"_zoom":20.656},{"_mousePosition":[694,398],"_rootPartCFrame":[759.451,234.369,46.743,0.043,0,0.999,0,1,0,-0.999,0,0.043],"_humanoidState":5,"_cameraCFrame":[760.512,252.496,34.533,-0.996,-0.07,0.051,0,0.593,0.805,-0.087,0.802,-0.591],"_shiftlockState":false,"_pose":"FreeFall","_animationQueue":[],"_animationSpeed":1,"_zoom":20.656},{"_mousePosition":[694,398],"_rootPartCFrame":[759.185,234.687,46.724,0.047,0,0.999,0,1,0,-0.999,0,0.047],"_humanoidState":5,"_cameraCFrame":[760.431,252.814,34.531,-0.995,-0.082,0.06,0,0.593,0.805,-0.102,0.801,-0.59],"_shiftlockState":false,"_pose":"FreeFall","_animationQueue":[],"_animationSpeed":1,"_zoom":20.656},{"_mousePosition":[694,398],"_rootPartCFrame":[758.919,234.951,46.701,0.052,0,0.999,0,1,0,-0.999,0,0.052],"_humanoidState":5,"_cameraCFrame":[760.474,253.078,34.544,-0.992,-0.102,0.075,0,0.593,0.805,-0.127,0.798,-0.589],"_shiftlockState":false,"_pose":"FreeFall","_animationQueue":[],"_animationSpeed":1,"_zoom":20.656},{"_mousePosition":[694,398],"_rootPartCFrame":[758.654,235.16,46.675,0.058,0,0.998,0,1,0,-0.998,0,0.058],"_humanoidState":5,"_cameraCFrame":[760.663,253.31,34.617,-0.986,-0.133,0.097,0,0.592,0.806,-0.164,0.795,-0.584],"_shiftlockState":false,"_pose":"FreeFall","_animationQueue":[],"_animationSpeed":1,"_zoom":20.656},{"_mousePosition":[694,398],"_rootPartCFrame":[758.389,235.314,46.642,0.066,0,0.998,0,1,0,-0.998,0,0.066],"_humanoidState":5,"_cameraCFrame":[760.878,253.488,34.707,-0.979,-0.165,0.121,0,0.59,0.807,-0.204,0.79,-0.578],"_shiftlockState":false,"_pose":"FreeFall","_animationQueue":[],"_animationSpeed":1,"_zoom":20.656},{"_mousePosition":[694,398],"_rootPartCFrame":[758.126,235.414,46.6,0.078,0,0.997,0,1,0,-0.997,0,0.078],"_humanoidState":5,"_cameraCFrame":[761.229,253.636,34.877,-0.967,-0.207,0.15,0,0.587,0.81,-0.256,0.783,-0.568],"_shiftlockState":false,"_pose":"FreeFall","_animationQueue":[],"_animationSpeed":1,"_zoom":20.656},{"_mousePosition":[694,398],"_rootPartCFrame":[757.865,235.459,46.547,0.094,0,0.996,0,1,0,-0.996,0,0.094],"_humanoidState":5,"_cameraCFrame":[761.234,253.681,34.898,-0.961,-0.225,0.163,0,0.587,0.81,-0.278,0.778,-0.564],"_shiftlockState":false,"_pose":"FreeFall","_animationQueue":[],"_animationSpeed":1,"_zoom":20.656},{"_mousePosition":[694,398],"_rootPartCFrame":[757.606,235.45,46.481,0.114,0,0.993,0,1,0,-0.993,0,0.114],"_humanoidState":5,"_cameraCFrame":[761.064,253.672,34.857,-0.958,-0.231,0.167,0,0.587,0.81,-0.285,0.776,-0.563],"_shiftlockState":false,"_pose":"FreeFall","_animationQueue":[],"_animationSpeed":1,"_zoom":20.656},{"_mousePosition":[694,398],"_rootPartCFrame":[757.35,235.341,46.407,0.136,0,0.991,0,1,0,-0.991,0,0.136],"_humanoidState":7,"_cameraCFrame":[760.807,253.563,34.784,-0.958,-0.231,0.167,0,0.587,0.81,-0.285,0.776,-0.563],"_shiftlockState":false,"_pose":"FreeFall","_animationQueue":[["fall",0.3],["walk",0.1],["fall",0.3],["fall",0.3]],"_animationSpeed":1,"_zoom":20.656},{"_mousePosition":[694,398],"_rootPartCFrame":[757.094,235.174,46.332,0.156,0,0.988,0,1,0,-0.988,0,0.156],"_humanoidState":7,"_cameraCFrame":[760.552,253.396,34.709,-0.958,-0.231,0.167,0,0.587,0.81,-0.285,0.776,-0.563],"_shiftlockState":false,"_pose":"FreeFall","_animationQueue":[],"_animationSpeed":1,"_zoom":20.656},{"_mousePosition":[694,398],"_rootPartCFrame":[756.775,234.882,46.237,0.179,0,0.984,0,1,0,-0.984,0,0.179],"_humanoidState":8,"_cameraCFrame":[760.232,253.104,34.614,-0.958,-0.231,0.167,0,0.587,0.81,-0.285,0.776,-0.563],"_shiftlockState":false,"_pose":"Running","_animationQueue":[["walk",0.1],["fall",0.3],["walk",0.1]],"_animationSpeed":1.103,"_zoom":20.656},{"_mousePosition":[694,398],"_rootPartCFrame":[756.519,234.585,46.161,0.193,0,0.981,0,1,0,-0.981,0,0.193],"_humanoidState":8,"_cameraCFrame":[759.977,252.807,34.538,-0.958,-0.231,0.167,0,0.587,0.81,-0.285,0.776,-0.563],"_shiftlockState":false,"_pose":"Running","_animationQueue":[],"_animationSpeed":1.103,"_zoom":20.656},{"_mousePosition":[694,398],"_rootPartCFrame":[756.263,234.234,46.085,0.206,0,0.979,0,1,0,-0.979,0,0.206],"_humanoidState":8,"_cameraCFrame":[759.721,252.456,34.461,-0.958,-0.231,0.167,0,0.587,0.81,-0.285,0.776,-0.563],"_shiftlockState":false,"_pose":"Running","_animationQueue":[],"_animationSpeed":1.103,"_zoom":20.656},{"_mousePosition":[694,398],"_rootPartCFrame":[756.008,233.829,46.009,0.217,0,0.976,0,1,0,-0.976,0,0.217],"_humanoidState":8,"_cameraCFrame":[759.495,252.051,34.394,-0.958,-0.233,0.169,0,0.587,0.81,-0.288,0.775,-0.562],"_shiftlockState":false,"_pose":"Running","_animationQueue":[],"_animationSpeed":1.103,"_zoom":20.656},{"_mousePosition":[694,398],"_rootPartCFrame":[755.752,233.815,45.933,0.226,0,0.974,0,1,0,-0.974,0,0.226],"_humanoidState":8,"_cameraCFrame":[759.239,252.037,34.318,-0.958,-0.233,0.169,0,0.587,0.81,-0.288,0.775,-0.562],"_shiftlockState":false,"_pose":"Running","_animationQueue":[],"_animationSpeed":1.103,"_zoom":20.656},{"_mousePosition":[694,398],"_rootPartCFrame":[755.497,233.866,45.856,0.234,0,0.972,0,1,0,-0.972,0,0.234],"_humanoidState":8,"_cameraCFrame":[758.954,252.088,34.233,-0.958,-0.231,0.167,0,0.587,0.81,-0.285,0.776,-0.563],"_shiftlockState":false,"_pose":"Running","_animationQueue":[["walk",0.1]],"_animationSpeed":1.103,"_zoom":20.656},{"_mousePosition":[694,398],"_rootPartCFrame":[755.242,233.903,45.779,0.242,0,0.97,0,1,0,-0.97,0,0.242],"_humanoidState":8,"_cameraCFrame":[758.611,252.125,34.13,-0.961,-0.225,0.163,0,0.587,0.81,-0.278,0.778,-0.564],"_shiftlockState":false,"_pose":"Running","_animationQueue":[],"_animationSpeed":1.103,"_zoom":20.656},{"_mousePosition":[694,398],"_rootPartCFrame":[754.986,233.924,45.703,0.248,0,0.969,0,1,0,-0.969,0,0.248],"_humanoidState":8,"_cameraCFrame":[758.237,252.146,34.021,-0.963,-0.217,0.157,0,0.587,0.81,-0.268,0.78,-0.566],"_shiftlockState":false,"_pose":"Running","_animationQueue":[],"_animationSpeed":1.103,"_zoom":20.656},{"_mousePosition":[694,398],"_rootPartCFrame":[754.73,233.936,45.629,0.252,0,0.968,0,1,0,-0.968,0,0.252],"_humanoidState":8,"_cameraCFrame":[757.951,252.158,33.938,-0.964,-0.215,0.156,0,0.587,0.81,-0.266,0.78,-0.566],"_shiftlockState":false,"_pose":"Running","_animationQueue":[],"_animationSpeed":1.103,"_zoom":20.656},{"_mousePosition":[694,398],"_rootPartCFrame":[754.473,233.942,45.557,0.254,0,0.967,0,1,0,-0.967,0,0.254],"_humanoidState":8,"_cameraCFrame":[757.665,252.164,33.858,-0.965,-0.213,0.155,0,0.587,0.81,-0.263,0.781,-0.566],"_shiftlockState":false,"_pose":"Running","_animationQueue":[],"_animationSpeed":1.103,"_zoom":20.656},{"_mousePosition":[694,398],"_rootPartCFrame":[754.216,233.946,45.486,0.256,0,0.967,0,1,0,-0.967,0,0.256],"_humanoidState":8,"_cameraCFrame":[757.378,252.168,33.779,-0.965,-0.211,0.153,0,0.587,0.81,-0.261,0.782,-0.567],"_shiftlockState":false,"_pose":"Running","_animationQueue":[],"_animationSpeed":1.103,"_zoom":20.656},{"_mousePosition":[694,398],"_rootPartCFrame":[753.959,233.948,45.416,0.257,0,0.966,0,1,0,-0.966,0,0.257],"_humanoidState":8,"_cameraCFrame":[757.121,252.169,33.709,-0.965,-0.211,0.153,0,0.587,0.81,-0.261,0.782,-0.567],"_shiftlockState":false,"_pose":"Running","_animationQueue":[],"_animationSpeed":1.103,"_zoom":20.656},{"_mousePosition":[694,398],"_rootPartCFrame":[753.701,233.949,45.346,0.257,0,0.966,0,1,0,-0.966,0,0.257],"_humanoidState":8,"_cameraCFrame":[756.834,252.17,33.632,-0.966,-0.209,0.152,0,0.587,0.81,-0.258,0.782,-0.567],"_shiftlockState":false,"_pose":"Running","_animationQueue":[["walk",0.1]],"_animationSpeed":1.103,"_zoom":20.656},{"_mousePosition":[694,398],"_rootPartCFrame":[753.444,233.949,45.277,0.258,0,0.966,0,1,0,-0.966,0,0.258],"_humanoidState":8,"_cameraCFrame":[756.525,252.147,33.515,-0.967,-0.205,0.149,0,0.589,0.808,-0.253,0.782,-0.569],"_shiftlockState":false,"_pose":"Running","_animationQueue":[],"_animationSpeed":1.103,"_zoom":20.656},{"_mousePosition":[694,398],"_rootPartCFrame":[753.122,235.033,45.19,0.258,0,0.966,0,1,0,-0.966,0,0.258],"_humanoidState":3,"_cameraCFrame":[756.1,253.183,33.334,-0.97,-0.196,0.144,0,0.592,0.806,-0.244,0.782,-0.574],"_shiftlockState":false,"_pose":"Jumping","_animationQueue":[["walk",0.1],["jump",0.1]],"_animationSpeed":1,"_zoom":20.656},{"_mousePosition":[694,398],"_rootPartCFrame":[752.929,235.644,45.139,0.258,0,0.966,0,1,0,-0.966,0,0.258],"_humanoidState":5,"_cameraCFrame":[754.093,253.771,32.813,-0.972,-0.188,0.139,0,0.593,0.805,-0.234,0.783,-0.577],"_shiftlockState":true,"_pose":"FreeFall","_animationQueue":[["jump",0.1]],"_animationSpeed":1,"_zoom":20.656},{"_mousePosition":[683,384],"_rootPartCFrame":[752.67,236.412,45.074,-0.947,0,0.322,0,1,0,-0.322,0,-0.947],"_humanoidState":5,"_cameraCFrame":[753.834,254.538,32.748,-0.972,-0.188,0.139,0,0.593,0.805,-0.234,0.783,-0.577],"_shiftlockState":true,"_pose":"FreeFall","_animationQueue":[],"_animationSpeed":1,"_zoom":20.656},{"_mousePosition":[683,384],"_rootPartCFrame":[752.411,237.125,45.011,-0.934,0,0.356,0,1,0,-0.356,0,-0.934],"_humanoidState":5,"_cameraCFrame":[753.489,255.228,32.645,-0.974,-0.182,0.135,0,0.595,0.804,-0.226,0.783,-0.579],"_shiftlockState":true,"_pose":"FreeFall","_animationQueue":[],"_animationSpeed":1,"_zoom":20.656},{"_mousePosition":[683,384],"_rootPartCFrame":[752.152,237.783,44.949,-0.936,0,0.353,0,1,0,-0.353,0,-0.936],"_humanoidState":5,"_cameraCFrame":[753.08,255.862,32.538,-0.977,-0.172,0.128,0,0.596,0.803,-0.214,0.784,-0.583],"_shiftlockState":true,"_pose":"FreeFall","_animationQueue":[],"_animationSpeed":1,"_zoom":20.656},{"_mousePosition":[683,384],"_rootPartCFrame":[751.892,238.387,44.888,-0.94,0,0.342,0,1,0,-0.342,0,-0.94],"_humanoidState":5,"_cameraCFrame":[752.758,256.466,32.473,-0.978,-0.168,0.125,0,0.596,0.803,-0.209,0.785,-0.583],"_shiftlockState":true,"_pose":"FreeFall","_animationQueue":[],"_animationSpeed":1,"_zoom":20.656},{"_mousePosition":[683,384],"_rootPartCFrame":[751.632,238.937,44.83,-0.941,0,0.337,0,1,0,-0.337,0,-0.941],"_humanoidState":5,"_cameraCFrame":[752.441,256.992,32.38,-0.979,-0.164,0.122,0,0.598,0.801,-0.204,0.785,-0.585],"_shiftlockState":true,"_pose":"FreeFall","_animationQueue":[],"_animationSpeed":1,"_zoom":20.656},{"_mousePosition":[683,384],"_rootPartCFrame":[751.371,239.432,44.774,-0.943,0,0.332,0,1,0,-0.332,0,-0.943],"_humanoidState":5,"_cameraCFrame":[752.086,257.487,32.318,-0.98,-0.158,0.118,0,0.598,0.801,-0.197,0.786,-0.586],"_shiftlockState":true,"_pose":"FreeFall","_animationQueue":[],"_animationSpeed":1,"_zoom":20.656},{"_mousePosition":[683,384],"_rootPartCFrame":[751.11,239.872,44.72,-0.946,0,0.325,0,1,0,-0.325,0,-0.946],"_humanoidState":5,"_cameraCFrame":[751.73,257.927,32.258,-0.982,-0.152,0.113,0,0.598,0.801,-0.189,0.787,-0.587],"_shiftlockState":true,"_pose":"FreeFall","_animationQueue":[],"_animationSpeed":1,"_zoom":20.656},{"_mousePosition":[683,384],"_rootPartCFrame":[750.849,240.258,44.667,-0.948,0,0.318,0,1,0,-0.318,0,-0.948],"_humanoidState":5,"_cameraCFrame":[751.311,258.313,32.199,-0.984,-0.142,0.106,0,0.598,0.801,-0.177,0.789,-0.589],"_shiftlockState":true,"_pose":"FreeFall","_animationQueue":[],"_animationSpeed":1,"_zoom":20.656},{"_mousePosition":[683,384],"_rootPartCFrame":[750.587,240.59,44.616,-0.952,0,0.306,0,1,0,-0.306,0,-0.952],"_humanoidState":5,"_cameraCFrame":[750.891,258.645,32.143,-0.986,-0.132,0.098,0,0.598,0.801,-0.164,0.791,-0.59],"_shiftlockState":true,"_pose":"FreeFall","_animationQueue":[],"_animationSpeed":1,"_zoom":20.656},{"_mousePosition":[683,384],"_rootPartCFrame":[750.324,240.867,44.568,-0.956,0,0.294,0,1,0,-0.294,0,-0.956],"_humanoidState":5,"_cameraCFrame":[750.534,258.922,32.093,-0.988,-0.126,0.094,0,0.598,0.801,-0.157,0.792,-0.591],"_shiftlockState":true,"_pose":"FreeFall","_animationQueue":[],"_animationSpeed":1,"_zoom":20.656},{"_mousePosition":[683,384],"_rootPartCFrame":[750.061,241.089,44.524,-0.958,0,0.287,0,1,0,-0.287,0,-0.958],"_humanoidState":5,"_cameraCFrame":[750.271,259.144,32.049,-0.988,-0.126,0.094,0,0.598,0.801,-0.157,0.792,-0.591],"_shiftlockState":true,"_pose":"FreeFall","_animationQueue":[],"_animationSpeed":1,"_zoom":20.656},{"_mousePosition":[683,384],"_rootPartCFrame":[749.798,241.257,44.482,-0.958,0,0.287,0,1,0,-0.287,0,-0.958],"_humanoidState":5,"_cameraCFrame":[749.976,259.312,32.006,-0.988,-0.124,0.092,0,0.598,0.801,-0.154,0.792,-0.591],"_shiftlockState":true,"_pose":"FreeFall","_animationQueue":[],"_animationSpeed":1,"_zoom":20.656},{"_mousePosition":[683,384],"_rootPartCFrame":[749.535,241.371,44.44,-0.959,0,0.284,0,1,0,-0.284,0,-0.959],"_humanoidState":5,"_cameraCFrame":[749.65,259.426,31.964,-0.989,-0.12,0.089,0,0.598,0.801,-0.149,0.792,-0.591],"_shiftlockState":true,"_pose":"FreeFall","_animationQueue":[],"_animationSpeed":1,"_zoom":20.656},{"_mousePosition":[683,384],"_rootPartCFrame":[749.271,241.43,44.399,-0.96,0,0.279,0,1,0,-0.279,0,-0.96],"_humanoidState":5,"_cameraCFrame":[749.292,259.485,31.922,-0.99,-0.114,0.085,0,0.598,0.801,-0.142,0.793,-0.592],"_shiftlockState":true,"_pose":"FreeFall","_animationQueue":[],"_animationSpeed":1,"_zoom":20.656},{"_mousePosition":[683,384],"_rootPartCFrame":[749.008,241.435,44.359,-0.962,0,0.272,0,1,0,-0.272,0,-0.962],"_humanoidState":5,"_cameraCFrame":[748.803,259.513,31.916,-0.992,-0.1,0.074,0,0.596,0.803,-0.124,0.796,-0.592],"_shiftlockState":true,"_pose":"FreeFall","_animationQueue":[["fall",0.3]],"_animationSpeed":1,"_zoom":20.656},{"_mousePosition":[683,384],"_rootPartCFrame":[748.744,241.385,44.321,-0.967,0,0.255,0,1,0,-0.255,0,-0.967],"_humanoidState":5,"_cameraCFrame":[748.413,259.463,31.88,-0.993,-0.092,0.068,0,0.596,0.803,-0.114,0.797,-0.593],"_shiftlockState":true,"_pose":"FreeFall","_animationQueue":[],"_animationSpeed":1,"_zoom":20.656},{"_mousePosition":[683,384],"_rootPartCFrame":[748.479,241.28,44.287,-0.969,0,0.245,0,1,0,-0.245,0,-0.969],"_humanoidState":5,"_cameraCFrame":[748.086,259.359,31.848,-0.994,-0.088,0.065,0,0.596,0.803,-0.109,0.798,-0.593],"_shiftlockState":true,"_pose":"FreeFall","_animationQueue":[],"_animationSpeed":1,"_zoom":20.656},{"_mousePosition":[683,384],"_rootPartCFrame":[748.214,241.121,44.256,-0.971,0,0.24,0,1,0,-0.24,0,-0.971],"_humanoidState":5,"_cameraCFrame":[747.789,259.2,31.818,-0.994,-0.086,0.064,0,0.596,0.803,-0.107,0.798,-0.593],"_shiftlockState":true,"_pose":"FreeFall","_animationQueue":[],"_animationSpeed":1,"_zoom":20.656},{"_mousePosition":[683,384],"_rootPartCFrame":[747.949,240.908,44.227,-0.971,0,0.238,0,1,0,-0.238,0,-0.971],"_humanoidState":5,"_cameraCFrame":[747.493,258.986,31.79,-0.995,-0.084,0.062,0,0.596,0.803,-0.104,0.798,-0.593],"_shiftlockState":true,"_pose":"FreeFall","_animationQueue":[],"_animationSpeed":1,"_zoom":20.656},{"_mousePosition":[683,384],"_rootPartCFrame":[747.684,240.64,44.198,-0.972,0,0.235,0,1,0,-0.235,0,-0.972],"_humanoidState":5,"_cameraCFrame":[747.227,258.719,31.762,-0.995,-0.084,0.062,0,0.596,0.803,-0.104,0.798,-0.593],"_shiftlockState":true,"_pose":"FreeFall","_animationQueue":[],"_animationSpeed":1,"_zoom":20.656},{"_mousePosition":[683,384],"_rootPartCFrame":[747.419,240.317,44.17,-0.972,0,0.235,0,1,0,-0.235,0,-0.972],"_humanoidState":5,"_cameraCFrame":[746.931,258.396,31.735,-0.995,-0.082,0.061,0,0.596,0.803,-0.102,0.798,-0.593],"_shiftlockState":true,"_pose":"FreeFall","_animationQueue":[],"_animationSpeed":1,"_zoom":20.656},{"_mousePosition":[683,384],"_rootPartCFrame":[747.154,239.94,44.142,-0.972,0,0.233,0,1,0,-0.233,0,-0.972],"_humanoidState":5,"_cameraCFrame":[746.666,258.019,31.707,-0.995,-0.082,0.061,0,0.596,0.803,-0.102,0.798,-0.593],"_shiftlockState":true,"_pose":"FreeFall","_animationQueue":[["fall",0.3]],"_animationSpeed":1,"_zoom":20.656},{"_mousePosition":[683,384],"_rootPartCFrame":[746.888,239.509,44.115,-0.972,0,0.233,0,1,0,-0.233,0,-0.972],"_humanoidState":5,"_cameraCFrame":[746.4,257.588,31.68,-0.995,-0.082,0.061,0,0.596,0.803,-0.102,0.798,-0.593],"_shiftlockState":true,"_pose":"FreeFall","_animationQueue":[],"_animationSpeed":1,"_zoom":20.656},{"_mousePosition":[683,384],"_rootPartCFrame":[746.623,239.023,44.088,-0.972,0,0.233,0,1,0,-0.233,0,-0.972],"_humanoidState":5,"_cameraCFrame":[746.135,257.102,31.653,-0.995,-0.082,0.061,0,0.596,0.803,-0.102,0.798,-0.593],"_shiftlockState":true,"_pose":"FreeFall","_animationQueue":[],"_animationSpeed":1,"_zoom":20.656},{"_mousePosition":[683,384],"_rootPartCFrame":[746.358,238.482,44.061,-0.972,0,0.233,0,1,0,-0.233,0,-0.972],"_humanoidState":5,"_cameraCFrame":[745.87,256.561,31.626,-0.995,-0.082,0.061,0,0.596,0.803,-0.102,0.798,-0.593],"_shiftlockState":true,"_pose":"FreeFall","_animationQueue":[],"_animationSpeed":1,"_zoom":20.656},{"_mousePosition":[683,384],"_rootPartCFrame":[746.092,237.887,44.034,-0.972,0,0.233,0,1,0,-0.233,0,-0.972],"_humanoidState":5,"_cameraCFrame":[745.604,255.966,31.599,-0.995,-0.082,0.061,0,0.596,0.803,-0.102,0.798,-0.593],"_shiftlockState":true,"_pose":"FreeFall","_animationQueue":[],"_animationSpeed":1,"_zoom":20.656},{"_mousePosition":[683,384],"_rootPartCFrame":[745.827,237.238,44.007,-0.972,0,0.233,0,1,0,-0.233,0,-0.972],"_humanoidState":5,"_cameraCFrame":[745.339,255.317,31.572,-0.995,-0.082,0.061,0,0.596,0.803,-0.102,0.798,-0.593],"_shiftlockState":true,"_pose":"FreeFall","_animationQueue":[],"_animationSpeed":1,"_zoom":20.656},{"_mousePosition":[683,384],"_rootPartCFrame":[745.562,236.534,43.98,-0.972,0,0.233,0,1,0,-0.233,0,-0.972],"_humanoidState":5,"_cameraCFrame":[745.074,254.613,31.544,-0.995,-0.082,0.061,0,0.596,0.803,-0.102,0.798,-0.593],"_shiftlockState":true,"_pose":"FreeFall","_animationQueue":[],"_animationSpeed":1,"_zoom":20.656},{"_mousePosition":[683,384],"_rootPartCFrame":[745.296,235.775,43.953,-0.972,0,0.233,0,1,0,-0.233,0,-0.972],"_humanoidState":5,"_cameraCFrame":[744.875,253.83,31.483,-0.994,-0.086,0.064,0,0.598,0.801,-0.107,0.797,-0.595],"_shiftlockState":true,"_pose":"FreeFall","_animationQueue":[["fall",0.3]],"_animationSpeed":1,"_zoom":20.656},{"_mousePosition":[683,384],"_rootPartCFrame":[745.031,234.962,43.925,-0.971,0,0.238,0,1,0,-0.238,0,-0.971],"_humanoidState":5,"_cameraCFrame":[744.862,253.017,31.45,-0.992,-0.102,0.076,0,0.598,0.801,-0.127,0.795,-0.593],"_shiftlockState":true,"_pose":"FreeFall","_animationQueue":[],"_animationSpeed":1,"_zoom":20.656},{"_mousePosition":[683,384],"_rootPartCFrame":[744.766,234.095,43.897,-0.966,0,0.258,0,1,0,-0.258,0,-0.966],"_humanoidState":5,"_cameraCFrame":[744.885,252.126,31.389,-0.989,-0.12,0.09,0,0.6,0.8,-0.149,0.791,-0.593],"_shiftlockState":true,"_pose":"FreeFall","_animationQueue":[],"_animationSpeed":1,"_zoom":20.656},{"_mousePosition":[683,384],"_rootPartCFrame":[744.501,233.173,43.864,-0.96,0,0.279,0,1,0,-0.279,0,-0.96],"_humanoidState":5,"_cameraCFrame":[745.076,251.155,31.305,-0.983,-0.147,0.111,0,0.603,0.798,-0.184,0.784,-0.592],"_shiftlockState":true,"_pose":"FreeFall","_animationQueue":[],"_animationSpeed":1,"_zoom":20.656},{"_mousePosition":[683,384],"_rootPartCFrame":[744.237,232.196,43.825,-0.95,0,0.313,0,1,0,-0.313,0,-0.95],"_humanoidState":5,"_cameraCFrame":[745.454,250.154,31.28,-0.972,-0.186,0.141,0,0.604,0.797,-0.234,0.775,-0.588],"_shiftlockState":true,"_pose":"FreeFall","_animationQueue":[],"_animationSpeed":1,"_zoom":20.656},{"_mousePosition":[683,384],"_rootPartCFrame":[743.975,231.165,43.777,-0.933,0,0.361,0,1,0,-0.361,0,-0.933],"_humanoidState":5,"_cameraCFrame":[746.087,249.099,31.319,-0.953,-0.24,0.183,0,0.606,0.796,-0.302,0.758,-0.578],"_shiftlockState":true,"_pose":"FreeFall","_animationQueue":[],"_animationSpeed":1,"_zoom":20.656},{"_mousePosition":[683,384],"_rootPartCFrame":[743.715,230.08,43.717,-0.905,0,0.426,0,1,0,-0.426,0,-0.905],"_humanoidState":5,"_cameraCFrame":[746.921,248.014,31.494,-0.923,-0.306,0.233,0,0.606,0.796,-0.385,0.734,-0.559],"_shiftlockState":true,"_pose":"FreeFall","_animationQueue":[["fall",0.3]],"_animationSpeed":1,"_zoom":20.656},{"_mousePosition":[683,384],"_rootPartCFrame":[743.46,228.94,43.64,-0.863,0,0.504,0,1,0,-0.504,0,-0.863],"_humanoidState":5,"_cameraCFrame":[747.809,246.849,31.742,-0.883,-0.373,0.285,0,0.607,0.794,-0.47,0.701,-0.536],"_shiftlockState":true,"_pose":"FreeFall","_animationQueue":[],"_animationSpeed":1,"_zoom":20.656},{"_mousePosition":[683,384],"_rootPartCFrame":[743.212,227.745,43.542,-0.813,0,0.583,0,1,0,-0.583,0,-0.813],"_humanoidState":5,"_cameraCFrame":[748.655,245.655,32.104,-0.835,-0.437,0.334,0,0.607,0.794,-0.55,0.663,-0.507],"_shiftlockState":true,"_pose":"FreeFall","_animationQueue":[],"_animationSpeed":1,"_zoom":20.656},{"_mousePosition":[683,384],"_rootPartCFrame":[742.974,226.496,43.423,-0.754,0,0.656,0,1,0,-0.656,0,-0.754],"_humanoidState":5,"_cameraCFrame":[749.918,244.381,32.791,-0.754,-0.521,0.4,0,0.609,0.793,-0.657,0.598,-0.459],"_shiftlockState":true,"_pose":"FreeFall","_animationQueue":[],"_animationSpeed":1,"_zoom":20.656},{"_mousePosition":[683,384],"_rootPartCFrame":[742.748,225.193,43.281,-0.66,0,0.751,0,1,0,-0.751,0,-0.66],"_humanoidState":5,"_cameraCFrame