[{"_mousePosition":[981,359],"_rootPartCFrame":[776.03,222.952,47.142,0,-0.003,1,0,1,0.003,-1,0,0],"_humanoidState":8,"_cameraCFrame":[786.933,230.549,46.805,-0.031,-0.488,0.873,0,0.873,0.488,-1,0.015,-0.027],"_shiftlockState":false,"_pose":"Standing","_animationQueue":[],"_animationSpeed":1,"_zoom":12.5},{"_mousePosition":[892,359],"_rootPartCFrame":[775.784,222.833,47.15,-0.004,0,1,0,1,0,-1,0,-0.004],"_humanoidState":8,"_cameraCFrame":[786.69,230.43,46.812,-0.031,-0.488,0.873,0,0.873,0.488,-1,0.015,-0.027],"_shiftlockState":false,"_pose":"Standing","_animationQueue":[],"_animationSpeed":1,"_zoom":12.5},{"_mousePosition":[840,359],"_rootPartCFrame":[775.518,222.673,47.158,-0.008,0,1,0,1,0,-1,0,-0.008],"_humanoidState":8,"_cameraCFrame":[786.425,230.27,46.821,-0.031,-0.488,0.873,0,0.873,0.488,-1,0.015,-0.027],"_shiftlockState":false,"_pose":"Running","_animationQueue":[["walk",0.1]],"_animationSpeed":1.066,"_zoom":12.5},{"_mousePosition":[819,359],"_rootPartCFrame":[775.251,222.653,47.166,-0.011,0,1,0,1,0,-1,0,-0.011],"_humanoidState":8,"_cameraCFrame":[786.158,230.25,46.829,-0.031,-0.488,0.873,0,0.873,0.488,-1,0.015,-0.027],"_shiftlockState":false,"_pose":"Running","_animationQueue":[],"_animationSpeed":1.066,"_zoom":12.5},{"_mousePosition":[743,354],"_rootPartCFrame":[774.985,222.669,47.174,-0.014,0,1,0,1,0,-1,0,-0.014],"_humanoidState":8,"_cameraCFrame":[785.892,230.266,46.837,-0.031,-0.488,0.873,0,0.873,0.488,-1,0.015,-0.027],"_shiftlockState":false,"_pose":"Running","_animationQueue":[],"_animationSpeed":1.066,"_zoom":12.5},{"_mousePosition":[725,353],"_rootPartCFrame":[774.718,222.683,47.183,-0.016,0,1,0,1,0,-1,0,-0.016],"_humanoidState":8,"_cameraCFrame":[785.625,230.28,46.845,-0.031,-0.488,0.873,0,0.873,0.488,-1,0.015,-0.027],"_shiftlockState":false,"_pose":"Running","_animationQueue":[["walk",0.1]],"_animationSpeed":1.066,"_zoom":12.5},{"_mousePosition":[661,346],"_rootPartCFrame":[774.452,222.69,47.191,-0.018,0,1,0,1,0,-1,0,-0.018],"_humanoidState":8,"_cameraCFrame":[785.359,230.287,46.853,-0.031,-0.488,0.873,0,0.873,0.488,-1,0.015,-0.027],"_shiftlockState":false,"_pose":"Running","_animationQueue":[],"_animationSpeed":1.066,"_zoom":12.5},{"_mousePosition":[647,344],"_rootPartCFrame":[774.185,222.695,47.199,-0.02,0,1,0,1,0,-1,0,-0.02],"_humanoidState":8,"_cameraCFrame":[785.092,230.292,46.862,-0.031,-0.488,0.873,0,0.873,0.488,-1,0.015,-0.027],"_shiftlockState":false,"_pose":"Running","_animationQueue":[],"_animationSpeed":1.066,"_zoom":12.5},{"_mousePosition":[585,336],"_rootPartCFrame":[773.919,222.697,47.207,-0.021,0,1,0,1,0,-1,0,-0.021],"_humanoidState":8,"_cameraCFrame":[784.826,230.294,46.87,-0.031,-0.488,0.873,0,0.873,0.488,-1,0.015,-0.027],"_shiftlockState":false,"_pose":"Running","_animationQueue":[],"_animationSpeed":1.066,"_zoom":12.5},{"_mousePosition":[572,335],"_rootPartCFrame":[773.652,222.698,47.216,-0.023,0,1,0,1,0,-1,0,-0.023],"_humanoidState":8,"_cameraCFrame":[784.559,230.295,46.878,-0.031,-0.488,0.873,0,0.873,0.488,-1,0.015,-0.027],"_shiftlockState":false,"_pose":"Running","_animationQueue":[],"_animationSpeed":1.066,"_zoom":12.5},{"_mousePosition":[530,331],"_rootPartCFrame":[773.386,222.699,47.224,-0.024,0,1,0,1,0,-1,0,-0.024],"_humanoidState":8,"_cameraCFrame":[784.293,230.296,46.886,-0.031,-0.488,0.873,0,0.873,0.488,-1,0.015,-0.027],"_shiftlockState":false,"_pose":"Running","_animationQueue":[],"_animationSpeed":1.066,"_zoom":12.5},{"_mousePosition":[523,331],"_rootPartCFrame":[773.119,222.699,47.232,-0.025,0,1,0,1,0,-1,0,-0.025],"_humanoidState":8,"_cameraCFrame":[784.026,230.296,46.895,-0.031,-0.488,0.873,0,0.873,0.488,-1,0.015,-0.027],"_shiftlockState":false,"_pose":"Running","_animationQueue":[["walk",0.1]],"_animationSpeed":1.066,"_zoom":12.5},{"_mousePosition":[505,338],"_rootPartCFrame":[772.853,222.699,47.24,-0.026,0,1,0,1,0,-1,0,-0.026],"_humanoidState":8,"_cameraCFrame":[783.76,230.296,46.903,-0.031,-0.488,0.873,0,0.873,0.488,-1,0.015,-0.027],"_shiftlockState":false,"_pose":"Running","_animationQueue":[],"_animationSpeed":1.066,"_zoom":12.5},{"_mousePosition":[502,341],"_rootPartCFrame":[772.586,222.7,47.248,-0.026,0,1,0,1,0,-1,0,-0.026],"_humanoidState":8,"_cameraCFrame":[783.493,230.296,46.911,-0.031,-0.488,0.873,0,0.873,0.488,-1,0.015,-0.027],"_shiftlockState":false,"_pose":"Running","_animationQueue":[],"_animationSpeed":1.066,"_zoom":12.5},{"_mousePosition":[502,341],"_rootPartCFrame":[772.32,222.7,47.257,-0.027,0,1,0,1,0,-1,0,-0.027],"_humanoidState":8,"_cameraCFrame":[783.096,230.524,46.901,-0.033,-0.506,0.862,0,0.863,0.506,-0.999,0.017,-0.028],"_shiftlockState":false,"_pose":"Running","_animationQueue":[],"_animationSpeed":1.066,"_zoom":12.5},{"_mousePosition":[502,341],"_rootPartCFrame":[771.92,222.7,47.269,-0.028,0,1,0,1,0,-1,0,-0.028],"_humanoidState":8,"_cameraCFrame":[782.566,230.74,46.906,-0.034,-0.523,0.852,0,0.852,0.523,-0.999,0.018,-0.029],"_shiftlockState":false,"_pose":"Running","_animationQueue":[],"_animationSpeed":1.066,"_zoom":12.5},{"_mousePosition":[502,341],"_rootPartCFrame":[771.787,222.7,47.273,-0.028,0,1,0,1,0,-1,0,-0.028],"_humanoidState":8,"_cameraCFrame":[782.193,231.114,46.875,-0.038,-0.553,0.832,0,0.833,0.553,-0.999,0.021,-0.032],"_shiftlockState":false,"_pose":"Running","_animationQueue":[],"_animationSpeed":1.066,"_zoom":12.5},{"_mousePosition":[502,341],"_rootPartCFrame":[771.52,222.7,47.282,-0.029,0,1,0,1,0,-1,0,-0.029],"_humanoidState":8,"_cameraCFrame":[781.638,231.528,46.853,-0.042,-0.586,0.809,0,0.81,0.586,-0.999,0.025,-0.034],"_shiftlockState":false,"_pose":"Running","_animationQueue":[],"_animationSpeed":1.066,"_zoom":12.5},{"_mousePosition":[502,339],"_rootPartCFrame":[771.254,222.7,47.293,-0.03,0,1,0,1,0,-1,0,-0.03],"_humanoidState":8,"_cameraCFrame":[780.85,232.196,46.805,-0.051,-0.639,0.768,0,0.769,0.64,-0.999,0.033,-0.039],"_shiftlockState":false,"_pose":"Running","_animationQueue":[],"_animationSpeed":1.066,"_zoom":12.5},{"_mousePosition":[502,339],"_rootPartCFrame":[770.921,222.695,47.309,-0.033,0,0.999,0,1,0,-0.999,0,-0.033],"_humanoidState":8,"_cameraCFrame":[780.344,232.391,46.77,-0.057,-0.655,0.754,0,0.755,0.656,-0.998,0.037,-0.043],"_shiftlockState":false,"_pose":"Running","_animationQueue":[],"_animationSpeed":1.066,"_zoom":12.5},{"_mousePosition":[502,339],"_rootPartCFrame":[770.655,222.697,47.322,-0.035,0,0.999,0,1,0,-0.999,0,-0.035],"_humanoidState":8,"_cameraCFrame":[779.844,232.648,46.7,-0.068,-0.675,0.735,0,0.737,0.676,-0.998,0.046,-0.05],"_shiftlockState":false,"_pose":"Running","_animationQueue":[],"_animationSpeed":1.066,"_zoom":12.5},{"_mousePosition":[502,339],"_rootPartCFrame":[770.388,222.698,47.337,-0.038,0,0.999,0,1,0,-0.999,0,-0.038],"_humanoidState":8,"_cameraCFrame":[779.263,232.971,46.606,-0.082,-0.699,0.71,0,0.712,0.702,-0.997,0.058,-0.059],"_shiftlockState":false,"_pose":"Running","_animationQueue":[],"_animationSpeed":1.066,"_zoom":12.5},{"_mousePosition":[502,339],"_rootPartCFrame":[770.122,222.665,47.353,-0.041,0,0.999,0,1,0,-0.999,0,-0.041],"_humanoidState":8,"_cameraCFrame":[778.622,233.29,46.49,-0.101,-0.726,0.68,0,0.683,0.73,-0.995,0.074,-0.069],"_shiftlockState":false,"_pose":"Running","_animationQueue":[],"_animationSpeed":1.066,"_zoom":12.5},{"_mousePosition":[502,339],"_rootPartCFrame":[769.856,223.528,47.368,-0.044,0,0.999,0,1,0,-0.999,0,-0.044],"_humanoidState":3,"_cameraCFrame":[778.032,234.437,46.426,-0.114,-0.748,0.654,0,0.658,0.753,-0.993,0.086,-0.075],"_shiftlockState":false,"_pose":"Jumping","_animationQueue":[["walk",0.1],["walk",0.1],["jump",0.1]],"_animationSpeed":1,"_zoom":12.5},{"_mousePosition":[502,339],"_rootPartCFrame":[769.591,224.336,47.393,-0.05,0,0.999,0,1,0,-0.999,0,-0.05],"_humanoidState":5,"_cameraCFrame":[777.392,235.55,46.378,-0.129,-0.771,0.624,0,0.629,0.777,-0.992,0.1,-0.081],"_shiftlockState":false,"_pose":"FreeFall","_animationQueue":[["jump",0.1]],"_animationSpeed":1,"_zoom":12.5},{"_mousePosition":[502,339],"_rootPartCFrame":[769.326,225.09,47.423,-0.058,0,0.998,0,1,0,-0.998,0,-0.058],"_humanoidState":5,"_cameraCFrame":[776.825,236.534,46.359,-0.14,-0.788,0.6,0,0.606,0.796,-0.99,0.112,-0.085],"_shiftlockState":false,"_pose":"FreeFall","_animationQueue":[],"_animationSpeed":1,"_zoom":12.5},{"_mousePosition":[502,339],"_rootPartCFrame":[769.061,225.79,47.457,-0.067,0,0.998,0,1,0,-0.998,0,-0.067],"_humanoidState":5,"_cameraCFrame":[776.308,237.414,46.344,-0.152,-0.801,0.58,0,0.587,0.81,-0.988,0.123,-0.089],"_shiftlockState":false,"_pose":"FreeFall","_animationQueue":[],"_animationSpeed":1,"_zoom":12.5},{"_mousePosition":[502,339],"_rootPartCFrame":[768.797,226.435,47.494,-0.077,0,0.997,0,1,0,-0.997,0,-0.077],"_humanoidState":5,"_cameraCFrame":[775.81,238.216,46.326,-0.164,-0.811,0.561,0,0.569,0.823,-0.986,0.135,-0.093],"_shiftlockState":false,"_pose":"FreeFall","_animationQueue":[],"_animationSpeed":1,"_zoom":12.5},{"_mousePosition":[502,339],"_rootPartCFrame":[768.534,227.025,47.534,-0.087,0,0.996,0,1,0,-0.996,0,-0.087],"_humanoidState":5,"_cameraCFrame":[775.314,238.953,46.295,-0.18,-0.821,0.542,0,0.551,0.834,-0.984,0.15,-0.099],"_shiftlockState":false,"_pose":"FreeFall","_animationQueue":[],"_animationSpeed":1,"_zoom":12.5},{"_mousePosition":[502,339],"_rootPartCFrame":[768.271,227.561,47.577,-0.097,0,0.995,0,1,0,-0.995,0,-0.097],"_humanoidState":5,"_cameraCFrame":[774.834,239.621,46.286,-0.193,-0.829,0.525,0,0.535,0.845,-0.981,0.163,-0.103],"_shiftlockState":false,"_pose":"FreeFall","_animationQueue":[],"_animationSpeed":1,"_zoom":12.5},{"_mousePosition":[502,339],"_rootPartCFrame":[768.008,228.042,47.625,-0.108,0,0.994,0,1,0,-0.994,0,-0.108],"_humanoidState":5,"_cameraCFrame":[774.345,240.229,46.253,-0.212,-0.836,0.507,0,0.519,0.855,-0.977,0.181,-0.11],"_shiftlockState":false,"_pose":"FreeFall","_animationQueue":[],"_animationSpeed":1,"_zoom":12.5},{"_mousePosition":[502,339],"_rootPartCFrame":[767.746,228.469,47.675,-0.119,0,0.993,0,1,0,-0.993,0,-0.119],"_humanoidState":5,"_cameraCFrame":[773.854,240.775,46.199,-0.235,-0.84,0.489,0,0.503,0.864,-0.972,0.203,-0.118],"_shiftlockState":false,"_pose":"FreeFall","_animationQueue":[],"_animationSpeed":1,"_zoom":12.5},{"_mousePosition":[502,339],"_rootPartCFrame":[767.485,228.842,47.731,-0.131,0,0.991,0,1,0,-0.991,0,-0.131],"_humanoidState":5,"_cameraCFrame":[773.396,241.242,46.151,-0.258,-0.842,0.473,0,0.489,0.872,-0.966,0.225,-0.126],"_shiftlockState":false,"_pose":"FreeFall","_animationQueue":[],"_animationSpeed":1,"_zoom":12.5},{"_mousePosition":[502,339],"_rootPartCFrame":[767.226,229.159,47.793,-0.145,0,0.989,0,1,0,-0.989,0,-0.145],"_humanoidState":5,"_cameraCFrame":[772.892,241.667,46.066,-0.292,-0.842,0.453,0,0.474,0.881,-0.957,0.257,-0.138],"_shiftlockState":false,"_pose":"FreeFall","_animationQueue":[],"_animationSpeed":1,"_zoom":12.5},{"_mousePosition":[502,339],"_rootPartCFrame":[766.968,229.423,47.861,-0.159,0,0.987,0,1,0,-0.987,0,-0.159],"_humanoidState":5,"_cameraCFrame":[772.403,242.024,45.997,-0.324,-0.84,0.435,0,0.46,0.888,-0.946,0.288,-0.149],"_shiftlockState":false,"_pose":"FreeFall","_animationQueue":[],"_animationSpeed":1,"_zoom":12.5},{"_mousePosition":[502,339],"_rootPartCFrame":[766.713,229.632,47.937,-0.176,0,0.984,0,1,0,-0.984,0,-0.176],"_humanoidState":5,"_cameraCFrame":[771.901,242.324,45.924,-0.362,-0.835,0.415,0,0.445,0.895,-0.932,0.324,-0.161],"_shiftlockState":false,"_pose":"FreeFall","_animationQueue":[],"_animationSpeed":1,"_zoom":12.5},{"_mousePosition":[502,339],"_rootPartCFrame":[766.46,229.786,48.022,-0.196,0,0.981,0,1,0,-0.981,0,-0.196],"_humanoidState":5,"_cameraCFrame":[771.418,242.55,45.83,-0.404,-0.824,0.397,0,0.434,0.901,-0.915,0.364,-0.175],"_shiftlockState":false,"_pose":"FreeFall","_animationQueue":[],"_animationSpeed":1,"_zoom":12.5},{"_mousePosition":[502,339],"_rootPartCFrame":[766.211,229.886,48.117,-0.217,0,0.976,0,1,0,-0.976,0,-0.217],"_humanoidState":5,"_cameraCFrame":[770.096,242.693,44.071,-0.469,-0.799,0.376,0,0.426,0.905,-0.883,0.425,-0.2],"_shiftlockState":true,"_pose":"FreeFall","_animationQueue":[],"_animationSpeed":1,"_zoom":12.5},{"_mousePosition":[683,384],"_rootPartCFrame":[765.905,229.934,48.251,-0.468,0,0.884,0,1,0,-0.884,0,-0.468],"_humanoidState":5,"_cameraCFrame":[769.79,242.741,44.204,-0.469,-0.799,0.376,0,0.426,0.905,-0.883,0.425,-0.2],"_shiftlockState":true,"_pose":"FreeFall","_animationQueue":[],"_animationSpeed":1,"_zoom":12.5},{"_mousePosition":[683,384],"_rootPartCFrame":[765.727,229.922,48.341,-0.468,0,0.884,0,1,0,-0.884,0,-0.468],"_humanoidState":5,"_cameraCFrame":[769.319,242.716,43.999,-0.535,-0.764,0.362,0,0.429,0.904,-0.845,0.483,-0.229],"_shiftlockState":true,"_pose":"FreeFall","_animationQueue":[],"_animationSpeed":1,"_zoom":12.5},{"_mousePosition":[683,384],"_rootPartCFrame":[765.492,229.859,48.466,-0.528,0,0.849,0,1,0,-0.849,0,-0.528],"_humanoidState":5,"_cameraCFrame":[768.663,242.605,43.693,-0.624,-0.703,0.341,0,0.437,0.9,-0.781,0.561,-0.272],"_shiftlockState":true,"_pose":"FreeFall","_animationQueue":[],"_animationSpeed":1,"_zoom":12.5},{"_mousePosition":[683,384],"_rootPartCFrame":[765.192,229.703,48.586,-0.532,0,0.847,0,1,0,-0.847,0,-0.532],"_humanoidState":5,"_cameraCFrame":[768.007,242.409,43.505,-0.688,-0.651,0.322,0,0.443,0.896,-0.726,0.617,-0.305],"_shiftlockState":true,"_pose":"FreeFall","_animationQueue":[],"_animationSpeed":1,"_zoom":12.5},{"_mousePosition":[683,384],"_rootPartCFrame":[765.008,229.568,48.628,-0.623,0,0.782,0,1,0,-0.782,0,-0.623],"_humanoidState":5,"_cameraCFrame":[767.284,242.225,43.182,-0.767,-0.573,0.289,0,0.451,0.893,-0.642,0.684,-0.346],"_shiftlockState":true,"_pose":"FreeFall","_animationQueue":[["fall",0.3]],"_animationSpeed":1,"_zoom":12.5},{"_mousePosition":[683,384],"_rootPartCFrame":[764.685,229.276,48.651,-0.664,0,0.748,0,1,0,-0.748,0,-0.664],"_humanoidState":5,"_cameraCFrame":[766.642,241.914,43.046,-0.805,-0.529,0.269,0,0.454,0.891,-0.593,0.717,-0.365],"_shiftlockState":true,"_pose":"FreeFall","_animationQueue":[],"_animationSpeed":1,"_zoom":12.5},{"_mousePosition":[683,384],"_rootPartCFrame":[764.486,229.059,48.664,-0.751,0,0.661,0,1,0,-0.661,0,-0.751],"_humanoidState":5,"_cameraCFrame":[766.198,241.684,42.952,-0.831,-0.494,0.253,0,0.456,0.89,-0.556,0.74,-0.379],"_shiftlockState":true,"_pose":"FreeFall","_animationQueue":[],"_animationSpeed":1,"_zoom":12.5},{"_mousePosition":[683,384],"_rootPartCFrame":[764.222,228.723,48.7,-0.764,0,0.645,0,1,0,-0.645,0,-0.764],"_humanoidState":5,"_cameraCFrame":[765.741,241.325,42.89,-0.852,-0.465,0.241,0,0.46,0.888,-0.524,0.757,-0.392],"_shiftlockState":true,"_pose":"FreeFall","_animationQueue":[],"_animationSpeed":1,"_zoom":12.5},{"_mousePosition":[683,384],"_rootPartCFrame":[763.96,228.333,48.751,-0.789,0,0.614,0,1,0,-0.614,0,-0.789],"_humanoidState":5,"_cameraCFrame":[765.381,240.915,42.88,-0.862,-0.449,0.234,0,0.462,0.887,-0.507,0.764,-0.399],"_shiftlockState":true,"_pose":"FreeFall","_animationQueue":[],"_animationSpeed":1,"_zoom":12.5},{"_mousePosition":[683,384],"_rootPartCFrame":[763.857,227.91,48.711,-0.777,0.006,0.629,0.004,1,-0.004,-0.629,-0.001,-0.777],"_humanoidState":5,"_cameraCFrame":[765.253,240.483,42.813,-0.866,-0.443,0.232,0,0.464,0.886,-0.5,0.767,-0.402],"_shiftlockState":true,"_pose":"FreeFall","_animationQueue":[],"_animationSpeed":1,"_zoom":12.5},{"_mousePosition":[683,384],"_rootPartCFrame":[763.785,228.003,48.664,-0.841,0.005,0.541,0.002,1,-0.005,-0.541,-0.003,-0.841],"_humanoidState":12,"_cameraCFrame":[766.689,240.577,43.636,-0.866,-0.443,0.232,0,0.464,0.886,-0.5,0.767,-0.402],"_shiftlockState":false,"_pose":"Climbing","_animationQueue":[["walk",0.1],["fall",0.3],["climb",0.1],["climb",0]],"_animationSpeed":-2.216,"_zoom":12.5},{"_mousePosition":[683,384],"_rootPartCFrame":[763.743,228.188,48.644,-0.837,0.001,0.547,0,1,-0.002,-0.547,-0.001,-0.837],"_humanoidState":12,"_cameraCFrame":[766.641,240.762,43.618,-0.866,-0.443,0.232,0,0.464,0.886,-0.5,0.767,-0.402],"_shiftlockState":false,"_pose":"Climbing","_animationQueue":[["climb",0.1]],"_animationSpeed":0.862,"_zoom":12.5},{"_mousePosition":[683,384],"_rootPartCFrame":[763.734,228.375,48.64,-0.836,0,0.548,0,1,0,-0.548,0,-0.836],"_humanoidState":12,"_cameraCFrame":[766.63,240.948,43.616,-0.866,-0.443,0.232,0,0.464,0.886,-0.5,0.767,-0.402],"_shiftlockState":false,"_pose":"Climbing","_animationQueue":[["climb",0.1],["climb",0]],"_animationSpeed":0.932,"_zoom":12.5},{"_mousePosition":[683,384],"_rootPartCFrame":[763.734,228.561,48.639,-0.836,0,0.548,0,1,0,-0.548,0,-0.836],"_humanoidState":12,"_cameraCFrame":[766.63,241.135,43.616,-0.866,-0.443,0.232,0,0.464,0.886,-0.5,0.767,-0.402],"_shiftlockState":false,"_pose":"Climbing","_animationQueue":[],"_animationSpeed":0.932,"_zoom":12.5},{"_mousePosition":[683,384],"_rootPartCFrame":[763.734,228.748,48.639,-0.836,0,0.548,0,1,0,-0.548,0,-0.836],"_humanoidState":12,"_cameraCFrame":[766.64,241.317,43.611,-0.866,-0.443,0.233,0,0.465,0.886,-0.5,0.767,-0.402],"_shiftlockState":false,"_pose":"Climbing","_animationQueue":[],"_animationSpeed":0.932,"_zoom":12.5},{"_mousePosition":[683,384],"_rootPartCFrame":[763.734,228.935,48.639,-0.836,0,0.548,0,1,0,-0.548,0,-0.836],"_humanoidState":12,"_cameraCFrame":[766.775,241.531,43.753,-0.849,-0.469,0.243,0,0.46,0.888,-0.528,0.754,-0.391],"_shiftlockState":false,"_pose":"Climbing","_animationQueue":[["climb",0]],"_animationSpeed":0.932,"_zoom":12.5},{"_mousePosition":[683,384],"_rootPartCFrame":[763.734,229.028,48.639,-0.836,0,0.548,0,1,0,-0.548,0,-0.836],"_humanoidState":12,"_cameraCFrame":[766.777,241.648,43.807,-0.846,-0.474,0.243,0,0.457,0.89,-0.533,0.753,-0.387],"_shiftlockState":false,"_pose":"Climbing","_animationQueue":[],"_animationSpeed":0.932,"_zoom":12.5},{"_mousePosition":[683,384],"_rootPartCFrame":[763.734,229.168,48.639,-0.836,0,0.548,0,1,0,-0.548,0,-0.836],"_humanoidState":12,"_cameraCFrame":[766.783,241.829,43.907,-0.841,-0.484,0.244,0,0.45,0.893,-0.542,0.751,-0.379],"_shiftlockState":false,"_pose":"Climbing","_animationQueue":[],"_animationSpeed":0.932,"_zoom":12.5},{"_mousePosition":[683,384],"_rootPartCFrame":[763.734,229.355,48.639,-0.836,0,0.548,0,1,0,-0.548,0,-0.836],"_humanoidState":12,"_cameraCFrame":[766.798,242.052,44.003,-0.834,-0.494,0.245,0,0.445,0.896,-0.551,0.747,-0.371],"_shiftlockState":false,"_pose":"Climbing","_animationQueue":[],"_animationSpeed":0.932,"_zoom":12.5},{"_mousePosition":[683,384],"_rootPartCFrame":[763.734,229.542,48.639,-0.836,0,0.548,0,1,0,-0.548,0,-0.836],"_humanoidState":12,"_cameraCFrame":[766.804,242.296,44.148,-0.826,-0.508,0.246,0,0.435,0.9,-0.564,0.743,-0.359],"_shiftlockState":false,"_pose":"Climbing","_animationQueue":[],"_animationSpeed":0.932,"_zoom":12.5},{"_mousePosition":[683,384],"_rootPartCFrame":[763.734,229.728,48.639,-0.836,0,0.548,0,1,0,-0.548,0,-0.836],"_humanoidState":12,"_cameraCFrame":[766.821,242.53,44.282,-0.816,-0.523,0.247,0,0.427,0.904,-0.578,0.738,-0.349],"_shiftlockState":false,"_pose":"Climbing","_animationQueue":[],"_animationSpeed":0.932,"_zoom":12.5},{"_mousePosition":[683,384],"_rootPartCFrame":[763.734,229.915,48.639,-0.836,0,0.548,0,1,0,-0.548,0,-0.836],"_humanoidState":12,"_cameraCFrame":[766.85,242.802,44.53,-0.797,-0.55,0.249,0,0.413,0.911,-0.604,0.726,-0.329],"_shiftlockState":false,"_pose":"Climbing","_animationQueue":[],"_animationSpeed":0.932,"_zoom":12.5},{"_mousePosition":[683,384],"_rootPartCFrame":[763.734,230.148,48.639,-0.836,0,0.548,0,1,0,-0.548,0,-0.836],"_humanoidState":12,"_cameraCFrame":[766.864,243.092,44.704,-0.783,-0.57,0.25,0,0.402,0.916,-0.622,0.717,-0.315],"_shiftlockState":false,"_pose":"Climbing","_animationQueue":[],"_animationSpeed":0.932,"_zoom":12.5},{"_mousePosition":[683,384],"_rootPartCFrame":[763.734,230.288,48.639,-0.836,0,0.548,0,1,0,-0.548,0,-0.836],"_humanoidState":12,"_cameraCFrame":[766.884,243.285,44.876,-0.767,-0.59,0.252,0,0.393,0.92,-0.642,0.705,-0.301],"_shiftlockState":false,"_pose":"Climbing","_animationQueue":[],"_animationSpeed":0.932,"_zoom":12.5},{"_mousePosition":[683,384],"_rootPartCFrame":[763.734,230.475,48.639,-0.836,0,0.548,0,1,0,-0.548,0,-0.836],"_humanoidState":12,"_cameraCFrame":[766.905,243.51,45.016,-0.752,-0.608,0.254,0,0.385,0.923,-0.659,0.694,-0.29],"_shiftlockState":false,"_pose":"Climbing","_animationQueue":[],"_animationSpeed":0.932,"_zoom":12.5},{"_mousePosition":[681,382],"_rootPartCFrame":[763.734,230.661,48.639,-0.836,0,0.548,0,1,0,-0.548,0,-0.836],"_humanoidState":12,"_cameraCFrame":[766.933,243.731,45.153,-0.737,-0.626,0.256,0,0.378,0.926,-0.676,0.682,-0.279],"_shiftlockState":false,"_pose":"Climbing","_animationQueue":[],"_animationSpeed":0.932,"_zoom":12.5},{"_mousePosition":[681,382],"_rootPartCFrame":[763.734,230.848,48.639,-0.836,0,0.548,0,1,0,-0.548,0,-0.836],"_humanoidState":12,"_cameraCFrame":[766.94,243.918,45.16,-0.735,-0.627,0.256,0,0.378,0.926,-0.678,0.681,-0.278],"_shiftlockState":false,"_pose":"Climbing","_animationQueue":[],"_animationSpeed":0.932,"_zoom":12.5},{"_mousePosition":[681,382],"_rootPartCFrame":[763.734,231.034,48.639,-0.836,0,0.548,0,1,0,-0.548,0,-0.836],"_humanoidState":12,"_cameraCFrame":[766.985,244.112,45.227,-0.724,-0.639,0.26,0,0.377,0.926,-0.69,0.671,-0.273],"_shiftlockState":false,"_pose":"Climbing","_animationQueue":[],"_animationSpeed":0.932,"_zoom":12.5},{"_mousePosition":[681,382],"_rootPartCFrame":[763.734,231.221,48.639,-0.836,0,0.548,0,1,0,-0.548,0,-0.836],"_humanoidState":12,"_cameraCFrame":[767.183,244.333,45.553,-0.667,-0.692,0.276,0,0.37,0.929,-0.745,0.619,-0.247],"_shiftlockState":false,"_pose":"Climbing","_animationQueue":[],"_animationSpeed":0.932,"_zoom":12.5},{"_mousePosition":[681,382],"_rootPartCFrame":[763.734,231.408,48.639,-0.836,0,0.548,0,1,0,-0.548,0,-0.836],"_humanoidState":12,"_cameraCFrame":[767.491,244.628,46.454,-0.503,-0.811,0.301,0,0.348,0.938,-0.864,0.471,-0.175],"_shiftlockState":false,"_pose":"Climbing","_animationQueue":[],"_animationSpeed":0.932,"_zoom":12.5},{"_mousePosition":[681,382],"_rootPartCFrame":[763.734,231.594,48.639,-0.836,0,0.548,0,1,0,-0.548,0,-0.836],"_humanoidState":12,"_cameraCFrame":[767.521,244.967,47.671,-0.248,-0.92,0.303,0,0.313,0.95,-0.969,0.235,-0.077],"_shiftlockState":false,"_pose":"Climbing","_animationQueue":[],"_animationSpeed":0.932,"_zoom":12.5},{"_mousePosition":[681,382],"_rootPartCFrame":[763.734,231.781,48.639,-0.836,0,0.548,0,1,0,-0.548,0,-0.836],"_humanoidState":12,"_cameraCFrame":[767.104,245.316,48.869,0.068,-0.961,0.27,0,0.27,0.963,-0.998,-0.065,0.018],"_shiftlockState":false,"_pose":"Climbing","_animationQueue":[],"_animationSpeed":0.932,"_zoom":12.5},{"_mousePosition":[681,382],"_rootPartCFrame":[763.734,231.968,48.639,-0.836,0,0.548,0,1,0,-0.548,0,-0.836],"_humanoidState":12,"_cameraCFrame":[766.418,245.626,49.738,0.379,-0.9,0.215,0,0.232,0.973,-0.925,-0.368,0.088],"_shiftlockState":false,"_pose":"Climbing","_animationQueue":[],"_animationSpeed":0.932,"_zoom":12.5},{"_mousePosition":[681,382],"_rootPartCFrame":[763.734,232.154,48.639,-0.836,0,0.548,0,1,0,-0.548,0,-0.836],"_humanoidState":12,"_cameraCFrame":[766.844,245.886,48.802,0.605,-0.779,0.164,0,0.206,0.979,-0.797,-0.592,0.125],"_shiftlockState":true,"_pose":"Climbing","_animationQueue":[],"_animationSpeed":0.932,"_zoom":12.5},{"_mousePosition":[683,384],"_rootPartCFrame":[764.026,232.862,48.342,0.677,0.002,0.736,-0.001,1,-0.002,-0.736,0.001,0.677],"_humanoidState":8,"_cameraCFrame":[767.139,246.593,48.506,0.605,-0.779,0.164,0,0.206,0.979,-0.797,-0.592,0.125],"_shiftlockState":true,"_pose":"Standing","_animationQueue":[["climb",0.1],["idle",0.1],["idle",0.1]],"_animationSpeed":1,"_zoom":12.5},{"_mousePosition":[683,384],"_rootPartCFrame":[764.038,233.426,48.329,0.63,0,0.777,0,1,0,-0.777,0,0.63],"_humanoidState":8,"_cameraCFrame":[767.121,247.162,48.639,0.645,-0.748,0.156,0,0.204,0.979,-0.764,-0.631,0.132],"_shiftlockState":true,"_pose":"Running","_animationQueue":[["walk",0.1]],"_animationSpeed":0.059,"_zoom":12.5},{"_mousePosition":[683,384],"_rootPartCFrame":[764.067,233.937,48.293,0.647,0,0.762,0,1,0,-0.762,0,0.647],"_humanoidState":8,"_cameraCFrame":[767.174,247.667,48.596,0.638,-0.753,0.159,0,0.207,0.978,-0.77,-0.624,0.132],"_shiftlockState":true,"_pose":"Running","_animationQueue":[["walk",0.1]],"_animationSpeed":0.097,"_zoom":12.5},{"_mousePosition":[683,384],"_rootPartCFrame":[764.119,234.393,48.228,0.639,0,0.77,0,1,0,-0.77,0,0.639],"_humanoidState":8,"_cameraCFrame":[767.286,248.11,48.396,0.595,-0.785,0.17,0,0.212,0.977,-0.803,-0.582,0.126],"_shiftlockState":true,"_pose":"Running","_animationQueue":[["walk",0.1]],"_animationSpeed":0.247,"_zoom":12.5},{"_mousePosition":[683,384],"_rootPartCFrame":[764.198,234.795,48.132,0.595,0,0.803,0,1,0,-0.803,0,0.595],"_humanoidState":8,"_cameraCFrame":[767.465,248.486,47.991,0.498,-0.846,0.192,0,0.221,0.975,-0.867,-0.486,0.11],"_shiftlockState":true,"_pose":"Running","_animationQueue":[["walk",0.1]],"_animationSpeed":0.409,"_zoom":12.5},{"_mousePosition":[683,384],"_rootPartCFrame":[764.299,235.142,48.006,0.494,0,0.87,0,1,0,-0.87,0,0.494],"_humanoidState":8,"_cameraCFrame":[767.639,248.801,47.443,0.367,-0.905,0.216,0,0.232,0.973,-0.93,-0.357,0.085],"_shiftlockState":true,"_pose":"Running","_animationQueue":[["walk",0.1]],"_animationSpeed":0.574,"_zoom":12.5},{"_mousePosition":[683,384],"_rootPartCFrame":[764.407,236.005,47.868,0.361,0,0.933,0,1,0,-0.933,0,0.361],"_humanoidState":3,"_cameraCFrame":[767.732,249.635,46.811,0.216,-0.947,0.236,0,0.241,0.97,-0.976,-0.21,0.052],"_shiftlockState":true,"_pose":"Jumping","_animationQueue":[["walk",0.1],["jump",0.1]],"_animationSpeed":1,"_zoom":12.5},{"_mousePosition":[683,384],"_rootPartCFrame":[764.523,236.814,47.673,0.072,0,0.997,0,1,0,-0.997,0,0.072],"_humanoidState":5,"_cameraCFrame":[767.511,250.462,45.993,0.024,-0.972,0.236,0,0.236,0.972,-1,-0.023,0.006],"_shiftlockState":true,"_pose":"FreeFall","_animationQueue":[["jump",0.1]],"_animationSpeed":1,"_zoom":12.5},{"_mousePosition":[683,384],"_rootPartCFrame":[764.637,237.748,47.385,0.184,0,0.983,0,1,0,-0.983,0,0.184],"_humanoidState":5,"_cameraCFrame":[767.528,251.407,45.622,-0.005,-0.973,0.232,0,0.232,0.973,-1,0.004,-0.001],"_shiftlockState":true,"_pose":"FreeFall","_animationQueue":[],"_animationSpeed":1,"_zoom":12.5},{"_mousePosition":[683,384],"_rootPartCFrame":[764.678,238.267,47.2,0.095,0,0.995,0,1,0,-0.995,0,0.095],"_humanoidState":5,"_cameraCFrame":[767.461,251.938,45.345,-0.037,-0.973,0.228,0,0.228,0.974,-0.999,0.036,-0.008],"_shiftlockState":true,"_pose":"FreeFall","_animationQueue":[["fall",0.3]],"_animationSpeed":1,"_zoom":12.5},{"_mousePosition":[683,384],"_rootPartCFrame":[764.701,238.912,46.941,0.096,0,0.995,0,1,0,-0.995,0,0.096],"_humanoidState":5,"_cameraCFrame":[767.392,252.59,45,-0.069,-0.972,0.225,0,0.226,0.974,-0.998,0.068,-0.016],"_shiftlockState":true,"_pose":"FreeFall","_animationQueue":[],"_animationSpeed":1,"_zoom":12.5},{"_mousePosition":[683,384],"_rootPartCFrame":[764.694,239.503,46.675,0.064,0,0.998,0,1,0,-0.998,0,0.064],"_humanoidState":5,"_cameraCFrame":[767.285,253.185,44.627,-0.11,-0.969,0.223,0,0.224,0.975,-0.994,0.107,-0.025],"_shiftlockState":true,"_pose":"FreeFall","_animationQueue":[],"_animationSpeed":1,"_zoom":12.5},{"_mousePosition":[683,384],"_rootPartCFrame":[764.677,240.038,46.409,0.023,0,1,0,1,0,-1,0,0.023],"_humanoidState":5,"_cameraCFrame":[767.152,253.723,44.235,-0.16,-0.962,0.22,0,0.223,0.975,-0.987,0.156,-0.036],"_shiftlockState":true,"_pose":"FreeFall","_animationQueue":[],"_animationSpeed":1,"_zoom":12.5},{"_mousePosition":[683,384],"_rootPartCFrame":[764.649,240.52,46.144,-0.027,0,1,0,1,0,-1,0,-0.027],"_humanoidState":5,"_cameraCFrame":[766.958,254.207,43.807,-0.228,-0.949,0.217,0,0.222,0.975,-0.974,0.222,-0.051],"_shiftlockState":true,"_pose":"FreeFall","_animationQueue":[],"_animationSpeed":1,"_zoom":12.5},{"_mousePosition":[683,384],"_rootPartCFrame":[764.598,241.045,45.815,-0.063,0,0.998,0,1,0,-0.998,0,-0.063],"_humanoidState":5,"_cameraCFrame":[766.773,254.736,43.374,-0.274,-0.938,0.212,0,0.221,0.975,-0.962,0.268,-0.061],"_shiftlockState":true,"_pose":"FreeFall","_animationQueue":[],"_animationSpeed":1,"_zoom":12.5},{"_mousePosition":[683,384],"_rootPartCFrame":[764.556,241.319,45.619,-0.177,0,0.984,0,1,0,-0.984,0,-0.177],"_humanoidState":5,"_cameraCFrame":[766.526,255.017,43.043,-0.341,-0.917,0.205,0,0.219,0.976,-0.94,0.333,-0.075],"_shiftlockState":true,"_pose":"FreeFall","_animationQueue":[["fall",0.3]],"_animationSpeed":1,"_zoom":12.5},{"_mousePosition":[683,384],"_rootPartCFrame":[764.484,241.637,45.362,-0.213,0,0.977,0,1,0,-0.977,0,-0.213],"_humanoidState":5,"_cameraCFrame":[766.273,255.335,42.656,-0.405,-0.892,0.2,0,0.219,0.976,-0.914,0.395,-0.089],"_shiftlockState":true,"_pose":"FreeFall","_animationQueue":[],"_animationSpeed":1,"_zoom":12.5},{"_mousePosition":[683,384],"_rootPartCFrame":[764.397,241.9,45.111,-0.28,0,0.96,0,1,0,-0.96,0,-0.28],"_humanoidState":5,"_cameraCFrame":[766.005,255.589,42.255,-0.475,-0.858,0.195,0,0.222,0.975,-0.88,0.463,-0.105],"_shiftlockState":true,"_pose":"FreeFall","_animationQueue":[],"_animationSpeed":1,"_zoom":12.5},{"_mousePosition":[683,384],"_rootPartCFrame":[764.292,242.109,44.866,-0.354,0,0.935,0,1,0,-0.935,0,-0.354],"_humanoidState":5,"_cameraCFrame":[765.714,255.785,41.857,-0.544,-0.817,0.19,0,0.226,0.974,-0.839,0.53,-0.123],"_shiftlockState":true,"_pose":"FreeFall","_animationQueue":[],"_animationSpeed":1,"_zoom":12.5},{"_mousePosition":[683,384],"_rootPartCFrame":[764.169,242.264,44.629,-0.428,0,0.904,0,1,0,-0.904,0,-0.428],"_humanoidState":5,"_cameraCFrame":[765.353,255.923,41.457,-0.621,-0.762,0.182,0,0.232,0.973,-0.783,0.605,-0.144],"_shiftlockState":true,"_pose":"FreeFall","_animationQueue":[],"_animationSpeed":1,"_zoom":12.5},{"_mousePosition":[683,384],"_rootPartCFrame":[764.028,242.364,44.403,-0.512,0,0.859,0,1,0,-0.859,0,-0.512],"_humanoidState":5,"_cameraCFrame":[764.895,256.009,41.077,-0.704,-0.69,0.168,0,0.237,0.972,-0.71,0.684,-0.167],"_shiftlockState":true,"_pose":"FreeFall","_animationQueue":[],"_animationSpeed":1,"_zoom":12.5},{"_mousePosition":[683,384],"_rootPartCFrame":[763.868,242.409,44.19,-0.604,0,0.797,0,1,0,-0.797,0,-0.604],"_humanoidState":5,"_cameraCFrame":[764.356,256.03,40.703,-0.79,-0.594,0.15,0,0.244,0.97,-0.613,0.766,-0.193],"_shiftlockState":true,"_pose":"FreeFall","_animationQueue":[["fall",0.3]],"_animationSpeed":1,"_zoom":12.5},{"_mousePosition":[683,384],"_rootPartCFrame":[763.687,242.4,43.995,-0.702,0,0.712,0,1,0,-0.712,0,-0.702],"_humanoidState":5,"_cameraCFrame":[763.712,255.985,40.355,-0.873,-0.471,0.124,0,0.255,0.967,-0.487,0.845,-0.223],"_shiftlockState":true,"_pose":"FreeFall","_animationQueue":[],"_animationSpeed":1,"_zoom":12.5},{"_mousePosition":[683,384],"_rootPartCFrame":[763.485,242.336,43.822,-0.801,0,0.599,0,1,0,-0.599,0,-0.801],"_humanoidState":5,"_cameraCFrame":[762.931,255.877,40.077,-0.945,-0.315,0.088,0,0.269,0.963,-0.327,0.91,-0.254],"_shiftlockState":true,"_pose":"FreeFall","_animationQueue":[],"_animationSpeed":1,"_zoom":12.5},{"_mousePosition":[683,384],"_rootPartCFrame":[763.262,242.218,43.677,-0.893,0,0.45,0,1,0,-0.45,0,-0.893],"_humanoidState":5,"_cameraCFrame":[762.208,255.72,39.915,-0.982,-0.182,0.053,0,0.279,0.96,-0.19,0.943,-0.274],"_shiftlockState":true,"_pose":"FreeFall","_animationQueue":[],"_animationSpeed":1,"_zoom":12.5},{"_mousePosition":[683,384],"_rootPartCFrame":[763.021,242.045,43.566,-0.948,0,0.319,0,1,0,-0.319,0,-0.948],"_humanoidState":5,"_cameraCFrame":[761.289,255.484,39.852,-1,-0.005,0.001,0,0.296,0.955,-0.005,0.955,-0.296],"_shiftlockState":true,"_pose":"FreeFall","_animationQueue":[],"_animationSpeed":1,"_zoom":12.5},{"_mousePosition":[683,384],"_rootPartCFrame":[762.767,241.818,43.492,-0.99,0,0.138,0,1,0,-0.138,0,-0.99],"_humanoidState":5,"_cameraCFrame":[760.508,255.198,39.876,-0.991,0.128,-0.042,0,0.311,0.95,0.135,0.942,-0.308],"_shiftlockState":true,"_pose":"FreeFall","_animationQueue":[],"_animationSpeed":1,"_zoom":12.5},{"_mousePosition":[683,384],"_rootPartCFrame":[762.504,241.537,43.456,-1,0,-0.002,0,1,0,0.002,0,-1],"_humanoidState":5,"_cameraCFrame":[759.675,254.849,40.026,-0.96,0.266,-0.092,0,0.327,0.945,0.281,0.907,-0.314],"_shiftlockState":true,"_pose":"FreeFall","_animationQueue":[],"_animationSpeed":1,"_zoom":12.5},{"_mousePosition":[683,384],"_rootPartCFrame":[762.174,241.108,43.468,-0.993,0,-0.118,0,1,0,0.118,0,-0.993],"_humanoidState":5,"_cameraCFrame":[758.846,254.367,40.311,-0.913,0.384,-0.138,0,0.339,0.941,0.408,0.859,-0.31],"_shiftlockState":true,"_pose":"FreeFall","_animationQueue":[["fall",0.3]],"_animationSpeed":1,"_zoom":12.5},{"_mousePosition":[683,384],"_rootPartCFrame":[761.979,240.81,43.504,-0.949,0,-0.315,0,1,0,0.315,0,-0.949],"_humanoidState":5,"_cameraCFrame":[758.255,254.038,40.693,-0.858,0.482,-0.178,0,0.346,0.938,0.514,0.805,-0.297],"_shiftlockState":true,"_pose":"FreeFall","_animationQueue":[],"_animationSpeed":1,"_zoom":12.5},{"_mousePosition":[683,384],"_rootPartCFrame":[761.727,240.365,43.587,-0.919,0,-0.395,0,1,0,0.395,0,-0.919],"_humanoidState":5,"_cameraCFrame":[757.714,253.575,41.121,-0.803,0.559,-0.209,0,0.35,0.937,0.597,0.752,-0.281],"_shiftlockState":true,"_pose":"FreeFall","_animationQueue":[],"_animationSpeed":1,"_zoom":12.5},{"_mousePosition":[683,384],"_rootPartCFrame":[761.49,239.865,43.705,-0.875,0,-0.485,0,1,0,0.485,0,-0.875],"_humanoidState":5,"_cameraCFrame":[757.251,253.058,41.553,-0.749,0.62,-0.234,0,0.354,0.935,0.662,0.701,-0.265],"_shiftlockState":true,"_pose":"FreeFall","_animationQueue":[],"_animationSpeed":1,"_zoom":12.5},{"_mousePosition":[683,384],"_rootPartCFrame":[761.271,239.311,43.856,-0.831,0,-0.557,0,1,0,0.557,0,-0.831],"_humanoidState":5,"_cameraCFrame":[756.871,252.482,41.921,-0.708,0.659,-0.253,0,0.358,0.934,0.706,0.661,-0.254],"_shiftlockState":true,"_pose":"FreeFall","_animationQueue":[],"_animationSpeed":1,"_zoom":12.5},{"_mousePosition":[683,384],"_rootPartCFrame":[761.067,238.703,44.028,-0.796,0,-0.606,0,1,0,0.606,0,-0.796],"_humanoidState":5,"_cameraCFrame":[756.486,251.841,42.331,-0.66,0.699,-0.274,0,0.365,0.931,0.751,0.615,-0.241],"_shiftlockState":true,"_pose":"FreeFall","_animationQueue":[],"_animationSpeed":1,"_zoom":12.5},{"_mousePosition":[683,384],"_rootPartCFrame":[760.877,238.039,44.215,-0.754,0,-0.657,0,1,0,0.657,0,-0.754],"_humanoidState":5,"_cameraCFrame":[756.083,251.129,42.794,-0.602,0.741,-0.299,0,0.375,0.927,0.799,0.558,-0.225],"_shiftlockState":true,"_pose":"FreeFall","_animationQueue":[],"_animationSpeed":1,"_zoom":12.5},{"_mousePosition":[683,384],"_rootPartCFrame":[760.698,237.322,44.413,-0.703,0,-0.712,0,1,0,0.712,0,-0.703],"_humanoidState":5,"_cameraCFrame":[755.65,250.346,43.404,-0.518,0.789,-0.331,0,0.387,0.922,0.856,0.477,-0.2],"_shiftlockState":true,"_pose":"FreeFall","_animationQueue":[["fall",0.3]],"_animationSpeed":1,"_zoom":12.5},{"_mousePosition":[683,384],"_rootPartCFrame":[760.536,237.575,44.624,-0.543,0,-0.839,0,1,0,0.839,0,-0.543],"_humanoidState":7,"_cameraCFrame":[755.318,250.556,44.094,-0.427,0.83,-0.358,0,0.395,0.918,0.904,0.392,-0.169],"_shiftlockState":true,"_pose":"FreeFall","_animationQueue":[["walk",0.1],["fall",0.3],["fall",0.3]],"_animationSpeed":1,"_zoom":12.5},{"_mousePosition":[683,384],"_rootPartCFrame":[760.394,238.03,44.85,-0.422,0,-0.907,0,1,0,0.907,0,-0.422],"_humanoidState":7,"_cameraCFrame":[755.073,250.975,44.946,-0.312,0.87,-0.382,0,0.402,0.916,0.95,0.285,-0.125],"_shiftlockState":true,"_pose":"FreeFall","_animationQueue":[],"_animationSpeed":1,"_zoom":12.5},{"_mousePosition":[683,384],"_rootPartCFrame":[760.249,238.379,45.149,-0.302,0,-0.953,0,1,0,0.953,0,-0.302],"_humanoidState":8,"_cameraCFrame":[754.919,251.308,45.694,-0.229,0.89,-0.394,0,0.405,0.914,0.973,0.209,-0.093],"_shiftlockState":true,"_pose":"Running","_animationQueue":[["walk",0.1],["fall",0.3],["walk",0.1]],"_animationSpeed":1.103,"_zoom":12.5},{"_mousePosition":[683,384],"_rootPartCFrame":[760.182,238.502,45.338,-0.227,0,-0.974,0,1,0,0.974,0,-0.227],"_humanoidState":8,"_cameraCFrame":[754.912,251.418,46.438,-0.125,0.906,-0.404,0,0.407,0.913,0.992,0.114,-0.051],"_shiftlockState":true,"_pose":"Running","_animationQueue":[],"_animationSpeed":1.103,"_zoom":12.5},{"_mousePosition":[683,384],"_rootPartCFrame":[760.117,238.595,45.596,0.07,0,-0.998,0,1,0,0.998,0,0.07],"_humanoidState":8,"_cameraCFrame":[759.12,246.429,47.417,0.067,0.983,-0.173,0,0.174,0.985,0.998,-0.066,0.012],"_shiftlockState":true,"_pose":"Running","_animationQueue":[["walk",0.1]],"_animationSpeed":1.103,"_zoom":12.5},{"_mousePosition":[683,384],"_rootPartCFrame":[760.062,238.644,45.705,0.07,-0.005,-0.998,0.008,1,-0.004,0.997,-0.008,0.07],"_humanoidState":8,"_cameraCFrame":[759.112,246.161,47.509,0.066,0.983,-0.173,0,0.174,0.985,0.998,-0.065,0.011],"_shiftlockState":true,"_pose":"Running","_animationQueue":[["walk",0.1]],"_animationSpeed":1.103,"_zoom":12.5},{"_mousePosition":[683,384],"_rootPartCFrame":[760.041,238.66,45.685,0.067,-0.005,-0.998,0.009,1,-0.005,0.998,-0.009,0.067],"_humanoidState":8,"_cameraCFrame":[759.114,246.039,47.487,0.066,0.983,-0.173,0,0.174,0.985,0.998,-0.065,0.011],"_shiftlockState":true,"_pose":"Running","_animationQueue":[["walk",0.1]],"_animationSpeed":0.267,"_zoom":12.5},{"_mousePosition":[683,384],"_rootPartCFrame":[760.015,238.68,45.5,0.066,-0.002,-0.998,0.003,1,-0.001,0.998,-0.003,0.066],"_humanoidState":8,"_cameraCFrame":[759.129,245.898,47.313,0.07,0.982,-0.173,0,0.174,0.985,0.998,-0.069,0.012],"_shiftlockState":true,"_pose":"Running","_animationQueue":[["walk",0.1]],"_animationSpeed":0.308,"_zoom":12.5},{"_mousePosition":[683,384],"_rootPartCFrame":[759.997,238.691,45.237,0.07,0,-0.998,0,1,0,0.998,0,0.07],"_humanoidState":8,"_cameraCFrame":[759.153,245.97,47.078,0.097,0.98,-0.173,0,0.174,0.985,0.995,-0.096,0.017],"_shiftlockState":true,"_pose":"Running","_animationQueue":[["walk",0.1]],"_animationSpeed":1.026,"_zoom":12.5},{"_mousePosition":[683,384],"_rootPartCFrame":[759.978,238.697,44.97,0.097,0,-0.995,0,1,0,0.995,0,0.097],"_humanoidState":8,"_cameraCFrame":[759.178,246.457,46.879,0.165,0.971,-0.171,0,0.174,0.985,0.986,-0.162,0.029],"_shiftlockState":true,"_pose":"Running","_animationQueue":[["walk",0.1]],"_animationSpeed":1.104,"_zoom":12.5},{"_mousePosition":[683,384],"_rootPartCFrame":[760.011,239.581,44.716,0.147,0.021,-0.989,-0.008,1,0.02,0.989,0.005,0.147],"_humanoidState":3,"_cameraCFrame":[759.326,247.85,46.716,0.251,0.953,-0.168,0,0.174,0.985,0.968,-0.247,0.044],"_shiftlockState":true,"_pose":"Jumping","_animationQueue":[["walk",0.1],["jump",0.1]],"_animationSpeed":1,"_zoom":12.5},{"_mousePosition":[683,384],"_rootPartCFrame":[760.027,240.464,44.459,0.234,0.041,-0.971,-0.016,0.999,0.038,0.972,0.007,0.235],"_humanoidState":3,"_cameraCFrame":[759.443,249.67,46.593,0.359,0.919,-0.163,0,0.174,0.985,0.933,-0.354,0.063],"_shiftlockState":true,"_pose":"Jumping","_animationQueue":[],"_animationSpeed":1,"_zoom":12.5},{"_mousePosition":[683,384],"_rootPartCFrame":[760.037,241.347,44.203,0.343,0.061,-0.937,-0.027,0.998,0.055,0.939,0.006,0.344],"_humanoidState":3,"_cameraCFrame":[759.543,251.649,46.518,0.475,0.865,-0.158,0,0.18,0.984,0.88,-0.468,0.086],"_shiftlockState":true,"_pose":"Jumping","_animationQueue":[],"_animationSpeed":1,"_zoom":12.5},{"_mousePosition":[683,384],"_rootPartCFrame":[760.009,242.197,43.949,0.549,0.036,-0.835,-0.02,0.999,0.03,0.836,0,0.549],"_humanoidState":5,"_cameraCFrame":[759.656,252.701,46.398,0.584,0.796,-0.156,0,0.192,0.981,0.811,-0.574,0.112],"_shiftlockState":true,"_pose":"FreeFall","_animationQueue":[["jump",0.1]],"_animationSpeed":1,"_zoom":12.5},{"_mousePosition":[683,384],"_rootPartCFrame":[759.942,242.993,43.701,0.683,0.01,-0.73,-0.007,1,0.007,0.73,0,0.683],"_humanoidState":5,"_cameraCFrame":[759.929,252.699,46.215,0.71,0.688,-0.151,0,0.215,0.977,0.704,-0.694,0.153],"_shiftlockState":true,"_pose":"FreeFall","_animationQueue":[],"_animationSpeed":1,"_zoom":12.5},{"_mousePosition":[683,384],"_rootPartCFrame":[759.842,243.733,43.464,0.797,0.001,-0.604,-0.001,1,0,0.604,0,0.797],"_humanoidState":5,"_cameraCFrame":[760.145,252.698,45.943,0.793,0.593,-0.141,0,0.232,0.973,0.61,-0.771,0.184],"_shiftlockState":true,"_