[{"_mousePosition":[1128,352],"_rootPartCFrame":[776.028,222.95,47.142,0,0,1,0,1,0,-1,0,0],"_humanoidState":8,"_cameraCFrame":[783.862,231.947,46.468,-0.086,-0.688,0.721,0,0.724,0.69,-0.996,0.059,-0.062],"_shiftlockState":false,"_pose":"Standing","_animationQueue":[],"_animationSpeed":1,"_zoom":10.864},{"_mousePosition":[1082,346],"_rootPartCFrame":[775.726,222.799,47.168,-0.014,0,1,0,1,0,-1,0,-0.014],"_humanoidState":8,"_cameraCFrame":[783.56,231.796,46.494,-0.086,-0.688,0.721,0,0.724,0.69,-0.996,0.059,-0.062],"_shiftlockState":false,"_pose":"Standing","_animationQueue":[],"_animationSpeed":1,"_zoom":10.864},{"_mousePosition":[1067,344],"_rootPartCFrame":[775.593,222.719,47.179,-0.019,0,1,0,1,0,-1,0,-0.019],"_humanoidState":8,"_cameraCFrame":[783.427,231.716,46.506,-0.086,-0.688,0.721,0,0.724,0.69,-0.996,0.059,-0.062],"_shiftlockState":false,"_pose":"Running","_animationQueue":[["walk",0.1]],"_animationSpeed":1.089,"_zoom":10.864},{"_mousePosition":[1033,342],"_rootPartCFrame":[775.327,222.61,47.202,-0.028,0,1,0,1,0,-1,0,-0.028],"_humanoidState":8,"_cameraCFrame":[783.161,231.607,46.529,-0.086,-0.688,0.721,0,0.724,0.69,-0.996,0.059,-0.062],"_shiftlockState":false,"_pose":"Running","_animationQueue":[],"_animationSpeed":1.089,"_zoom":10.864},{"_mousePosition":[1028,341],"_rootPartCFrame":[775.062,222.636,47.225,-0.036,0,0.999,0,1,0,-0.999,0,-0.036],"_humanoidState":8,"_cameraCFrame":[782.896,231.633,46.551,-0.086,-0.688,0.721,0,0.724,0.69,-0.996,0.059,-0.062],"_shiftlockState":false,"_pose":"Running","_animationQueue":[["walk",0.1]],"_animationSpeed":1.089,"_zoom":10.864},{"_mousePosition":[1015,343],"_rootPartCFrame":[774.796,222.663,47.248,-0.043,0,0.999,0,1,0,-0.999,0,-0.043],"_humanoidState":8,"_cameraCFrame":[782.63,231.66,46.574,-0.086,-0.688,0.721,0,0.724,0.69,-0.996,0.059,-0.062],"_shiftlockState":false,"_pose":"Running","_animationQueue":[],"_animationSpeed":1.089,"_zoom":10.864},{"_mousePosition":[1012,345],"_rootPartCFrame":[774.53,222.68,47.271,-0.048,0,0.999,0,1,0,-0.999,0,-0.048],"_humanoidState":8,"_cameraCFrame":[782.364,231.676,46.597,-0.086,-0.688,0.721,0,0.724,0.69,-0.996,0.059,-0.062],"_shiftlockState":false,"_pose":"Running","_animationQueue":[],"_animationSpeed":1.089,"_zoom":10.864},{"_mousePosition":[1007,361],"_rootPartCFrame":[774.132,222.692,47.305,-0.056,0,0.998,0,1,0,-0.998,0,-0.056],"_humanoidState":8,"_cameraCFrame":[781.966,231.689,46.631,-0.086,-0.688,0.721,0,0.724,0.69,-0.996,0.059,-0.062],"_shiftlockState":false,"_pose":"Running","_animationQueue":[],"_animationSpeed":1.089,"_zoom":10.864},{"_mousePosition":[1006,369],"_rootPartCFrame":[773.866,222.695,47.328,-0.06,0,0.998,0,1,0,-0.998,0,-0.06],"_humanoidState":8,"_cameraCFrame":[781.7,231.692,46.654,-0.086,-0.688,0.721,0,0.724,0.69,-0.996,0.059,-0.062],"_shiftlockState":false,"_pose":"Running","_animationQueue":[],"_animationSpeed":1.089,"_zoom":10.864},{"_mousePosition":[1006,385],"_rootPartCFrame":[773.733,222.697,47.339,-0.062,0,0.998,0,1,0,-0.998,0,-0.062],"_humanoidState":8,"_cameraCFrame":[781.567,231.693,46.666,-0.086,-0.688,0.721,0,0.724,0.69,-0.996,0.059,-0.062],"_shiftlockState":false,"_pose":"Running","_animationQueue":[],"_animationSpeed":1.089,"_zoom":10.864},{"_mousePosition":[1006,388],"_rootPartCFrame":[773.467,222.698,47.362,-0.065,0,0.998,0,1,0,-0.998,0,-0.065],"_humanoidState":8,"_cameraCFrame":[781.301,231.695,46.689,-0.086,-0.688,0.721,0,0.724,0.69,-0.996,0.059,-0.062],"_shiftlockState":false,"_pose":"Running","_animationQueue":[],"_animationSpeed":1.089,"_zoom":10.864},{"_mousePosition":[1006,388],"_rootPartCFrame":[773.202,222.699,47.385,-0.068,0,0.998,0,1,0,-0.998,0,-0.068],"_humanoidState":8,"_cameraCFrame":[780.91,231.828,46.747,-0.083,-0.7,0.71,0,0.712,0.702,-0.997,0.058,-0.059],"_shiftlockState":false,"_pose":"Running","_animationQueue":[["walk",0.1]],"_animationSpeed":1.089,"_zoom":10.864},{"_mousePosition":[1006,388],"_rootPartCFrame":[772.803,222.699,47.419,-0.071,0,0.997,0,1,0,-0.997,0,-0.071],"_humanoidState":8,"_cameraCFrame":[780.32,232.025,46.9,-0.069,-0.719,0.692,0,0.694,0.72,-0.998,0.05,-0.048],"_shiftlockState":false,"_pose":"Running","_animationQueue":[],"_animationSpeed":1.089,"_zoom":10.864},{"_mousePosition":[1006,388],"_rootPartCFrame":[772.537,222.699,47.441,-0.073,0,0.997,0,1,0,-0.997,0,-0.073],"_humanoidState":8,"_cameraCFrame":[779.781,232.288,47.078,-0.05,-0.744,0.667,0,0.668,0.745,-0.999,0.037,-0.033],"_shiftlockState":false,"_pose":"Running","_animationQueue":[],"_animationSpeed":1.089,"_zoom":10.864},{"_mousePosition":[1006,388],"_rootPartCFrame":[772.404,222.7,47.451,-0.073,0,0.997,0,1,0,-0.997,0,-0.073],"_humanoidState":8,"_cameraCFrame":[779.322,232.574,47.249,-0.029,-0.77,0.637,0,0.637,0.771,-1,0.023,-0.019],"_shiftlockState":false,"_pose":"Running","_animationQueue":[],"_animationSpeed":1.089,"_zoom":10.864},{"_mousePosition":[1006,388],"_rootPartCFrame":[772.138,222.7,47.465,-0.07,0,0.998,0,1,0,-0.998,0,-0.07],"_humanoidState":8,"_cameraCFrame":[778.743,232.825,47.396,-0.01,-0.794,0.608,0,0.608,0.794,-1,0.008,-0.006],"_shiftlockState":false,"_pose":"Running","_animationQueue":[],"_animationSpeed":1.089,"_zoom":10.864},{"_mousePosition":[1006,388],"_rootPartCFrame":[771.805,223.783,47.482,-0.066,0,0.998,0,1,0,-0.998,0,-0.066],"_humanoidState":3,"_cameraCFrame":[778.136,234.112,47.489,0.001,-0.813,0.583,0,0.583,0.813,-1,-0.001,0.001],"_shiftlockState":false,"_pose":"Jumping","_animationQueue":[["walk",0.1],["jump",0.1]],"_animationSpeed":1,"_zoom":10.864},{"_mousePosition":[1006,388],"_rootPartCFrame":[771.605,224.395,47.485,-0.062,0,0.998,0,1,0,-0.998,0,-0.062],"_humanoidState":5,"_cameraCFrame":[777.604,234.952,47.517,0.005,-0.834,0.552,0,0.552,0.834,-1,-0.004,0.003],"_shiftlockState":false,"_pose":"FreeFall","_animationQueue":[["jump",0.1]],"_animationSpeed":1,"_zoom":10.864},{"_mousePosition":[1006,388],"_rootPartCFrame":[771.272,225.346,47.485,-0.052,0,0.999,0,1,0,-0.999,0,-0.052],"_humanoidState":5,"_cameraCFrame":[776.939,236.115,47.504,0.003,-0.853,0.522,0,0.522,0.853,-1,-0.003,0.002],"_shiftlockState":false,"_pose":"FreeFall","_animationQueue":[],"_animationSpeed":1,"_zoom":10.864},{"_mousePosition":[1006,388],"_rootPartCFrame":[771.005,226.045,47.484,-0.044,0,0.999,0,1,0,-0.999,0,-0.044],"_humanoidState":5,"_cameraCFrame":[776.506,236.913,47.588,0.019,-0.862,0.506,0,0.506,0.862,-1,-0.016,0.01],"_shiftlockState":false,"_pose":"FreeFall","_animationQueue":[],"_animationSpeed":1,"_zoom":10.864},{"_mousePosition":[1006,388],"_rootPartCFrame":[770.805,226.534,47.483,-0.039,0,0.999,0,1,0,-0.999,0,-0.039],"_humanoidState":5,"_cameraCFrame":[776.296,237.406,47.679,0.036,-0.862,0.505,0,0.506,0.863,-0.999,-0.031,0.018],"_shiftlockState":false,"_pose":"FreeFall","_animationQueue":[],"_animationSpeed":1,"_zoom":10.864},{"_mousePosition":[1006,388],"_rootPartCFrame":[770.539,227.138,47.479,-0.032,0,0.999,0,1,0,-0.999,0,-0.032],"_humanoidState":5,"_cameraCFrame":[776.029,238.01,47.675,0.036,-0.862,0.505,0,0.506,0.863,-0.999,-0.031,0.018],"_shiftlockState":false,"_pose":"FreeFall","_animationQueue":[],"_animationSpeed":1,"_zoom":10.864},{"_mousePosition":[1006,388],"_rootPartCFrame":[770.272,227.687,47.47,-0.023,0,1,0,1,0,-1,0,-0.023],"_humanoidState":5,"_cameraCFrame":[775.763,238.56,47.666,0.036,-0.862,0.505,0,0.506,0.863,-0.999,-0.031,0.018],"_shiftlockState":false,"_pose":"FreeFall","_animationQueue":[],"_animationSpeed":1,"_zoom":10.864},{"_mousePosition":[1006,388],"_rootPartCFrame":[770.005,228.182,47.461,-0.015,0,1,0,1,0,-1,0,-0.015],"_humanoidState":5,"_cameraCFrame":[775.496,239.055,47.657,0.036,-0.862,0.505,0,0.506,0.863,-0.999,-0.031,0.018],"_shiftlockState":false,"_pose":"FreeFall","_animationQueue":[],"_animationSpeed":1,"_zoom":10.864},{"_mousePosition":[1006,388],"_rootPartCFrame":[769.739,228.623,47.451,-0.008,0,1,0,1,0,-1,0,-0.008],"_humanoidState":5,"_cameraCFrame":[775.229,239.495,47.647,0.036,-0.862,0.505,0,0.506,0.863,-0.999,-0.031,0.018],"_shiftlockState":false,"_pose":"FreeFall","_animationQueue":[],"_animationSpeed":1,"_zoom":10.864},{"_mousePosition":[1006,388],"_rootPartCFrame":[769.472,229.009,47.441,-0.002,0,1,0,1,0,-1,0,-0.002],"_humanoidState":5,"_cameraCFrame":[774.963,239.881,47.638,0.036,-0.862,0.505,0,0.506,0.863,-0.999,-0.031,0.018],"_shiftlockState":false,"_pose":"FreeFall","_animationQueue":[],"_animationSpeed":1,"_zoom":10.864},{"_mousePosition":[1006,388],"_rootPartCFrame":[769.206,229.34,47.432,0.003,0,1,0,1,0,-1,0,0.003],"_humanoidState":5,"_cameraCFrame":[774.696,240.213,47.628,0.036,-0.862,0.505,0,0.506,0.863,-0.999,-0.031,0.018],"_shiftlockState":false,"_pose":"FreeFall","_animationQueue":[],"_animationSpeed":1,"_zoom":10.864},{"_mousePosition":[1006,388],"_rootPartCFrame":[768.939,229.617,47.422,0.008,0,1,0,1,0,-1,0,0.008],"_humanoidState":5,"_cameraCFrame":[774.43,240.49,47.618,0.036,-0.862,0.505,0,0.506,0.863,-0.999,-0.031,0.018],"_shiftlockState":false,"_pose":"FreeFall","_animationQueue":[],"_animationSpeed":1,"_zoom":10.864},{"_mousePosition":[1006,388],"_rootPartCFrame":[768.672,229.84,47.413,0.012,0,1,0,1,0,-1,0,0.012],"_humanoidState":5,"_cameraCFrame":[774.225,240.712,45.86,0.036,-0.862,0.505,0,0.506,0.863,-0.999,-0.031,0.018],"_shiftlockState":true,"_pose":"FreeFall","_animationQueue":[],"_animationSpeed":1,"_zoom":10.864},{"_mousePosition":[683,384],"_rootPartCFrame":[768.406,230.008,47.403,0.037,0,0.999,0,1,0,-0.999,0,0.037],"_humanoidState":5,"_cameraCFrame":[773.959,240.88,45.851,0.036,-0.862,0.505,0,0.506,0.863,-0.999,-0.031,0.018],"_shiftlockState":true,"_pose":"FreeFall","_animationQueue":[],"_animationSpeed":1,"_zoom":10.864},{"_mousePosition":[683,384],"_rootPartCFrame":[768.139,230.121,47.394,0.036,0,0.999,0,1,0,-0.999,0,0.036],"_humanoidState":5,"_cameraCFrame":[773.692,240.994,45.841,0.036,-0.862,0.505,0,0.506,0.863,-0.999,-0.031,0.018],"_shiftlockState":true,"_pose":"FreeFall","_animationQueue":[],"_animationSpeed":1,"_zoom":10.864},{"_mousePosition":[683,384],"_rootPartCFrame":[767.873,230.181,47.384,0.036,0,0.999,0,1,0,-0.999,0,0.036],"_humanoidState":5,"_cameraCFrame":[773.426,241.053,45.832,0.036,-0.862,0.505,0,0.506,0.863,-0.999,-0.031,0.018],"_shiftlockState":true,"_pose":"FreeFall","_animationQueue":[],"_animationSpeed":1,"_zoom":10.864},{"_mousePosition":[683,384],"_rootPartCFrame":[767.606,230.185,47.375,0.036,0,0.999,0,1,0,-0.999,0,0.036],"_humanoidState":5,"_cameraCFrame":[773.145,241.008,45.509,-0.021,-0.858,0.513,0,0.513,0.858,-1,0.018,-0.011],"_shiftlockState":true,"_pose":"FreeFall","_animationQueue":[],"_animationSpeed":1,"_zoom":10.864},{"_mousePosition":[683,384],"_rootPartCFrame":[767.339,230.183,47.365,-0.021,0,1,0,1,0,-1,0,-0.021],"_humanoidState":7,"_cameraCFrame":[772.574,241.019,44.812,-0.148,-0.85,0.506,0,0.511,0.859,-0.989,0.127,-0.076],"_shiftlockState":true,"_pose":"FreeFall","_animationQueue":[["walk",0.1]],"_animationSpeed":1.103,"_zoom":10.864},{"_mousePosition":[683,384],"_rootPartCFrame":[767.073,230.183,47.369,-0.154,0,0.988,0,1,0,-0.988,0,-0.154],"_humanoidState":7,"_cameraCFrame":[771.48,241.236,44.143,-0.301,-0.839,0.454,0,0.476,0.879,-0.954,0.265,-0.143],"_shiftlockState":true,"_pose":"FreeFall","_animationQueue":[],"_animationSpeed":1.103,"_zoom":10.864},{"_mousePosition":[683,384],"_rootPartCFrame":[766.809,230.079,47.403,-0.31,0,0.951,0,1,0,-0.951,0,-0.31],"_humanoidState":8,"_cameraCFrame":[770.02,241.427,43.691,-0.473,-0.798,0.372,0,0.422,0.907,-0.881,0.429,-0.2],"_shiftlockState":true,"_pose":"Running","_animationQueue":[["walk",0.1],["walk",0.1]],"_animationSpeed":1.103,"_zoom":10.864},{"_mousePosition":[683,384],"_rootPartCFrame":[766.566,229.91,47.315,-0.484,0,0.875,0,1,0,-0.875,0,-0.484],"_humanoidState":8,"_cameraCFrame":[768.404,241.568,43.503,-0.641,-0.718,0.272,0,0.355,0.935,-0.768,0.599,-0.227],"_shiftlockState":true,"_pose":"Running","_animationQueue":[["walk",0.1]],"_animationSpeed":1.103,"_zoom":10.864},{"_mousePosition":[683,384],"_rootPartCFrame":[766.185,229.653,47.196,-0.655,0,0.756,0,1,0,-0.756,0,-0.655],"_humanoidState":8,"_cameraCFrame":[766.957,241.531,43.619,-0.758,-0.623,0.193,0,0.296,0.955,-0.653,0.724,-0.224],"_shiftlockState":true,"_pose":"Running","_animationQueue":[],"_animationSpeed":1.103,"_zoom":10.864},{"_mousePosition":[683,384],"_rootPartCFrame":[765.987,229.649,47.171,-0.763,0,0.647,0,1,0,-0.647,0,-0.763],"_humanoidState":8,"_cameraCFrame":[765.789,241.702,44.058,-0.862,-0.493,0.121,0,0.238,0.971,-0.507,0.837,-0.205],"_shiftlockState":true,"_pose":"Running","_animationQueue":[],"_animationSpeed":1.103,"_zoom":10.864},{"_mousePosition":[683,384],"_rootPartCFrame":[765.715,229.671,46.999,-0.869,0,0.495,0,1,0,-0.495,0,-0.869],"_humanoidState":8,"_cameraCFrame":[765.092,241.773,44.121,-0.912,-0.401,0.09,0,0.218,0.976,-0.411,0.89,-0.199],"_shiftlockState":true,"_pose":"Running","_animationQueue":[],"_animationSpeed":1.103,"_zoom":10.864},{"_mousePosition":[683,384],"_rootPartCFrame":[765.546,229.681,46.892,-0.913,0,0.408,0,1,0,-0.408,0,-0.913],"_humanoidState":8,"_cameraCFrame":[764.664,241.787,44.097,-0.945,-0.32,0.071,0,0.216,0.976,-0.328,0.922,-0.204],"_shiftlockState":true,"_pose":"Running","_animationQueue":[],"_animationSpeed":1.103,"_zoom":10.864},{"_mousePosition":[683,384],"_rootPartCFrame":[765.245,229.691,46.751,-0.945,0,0.327,0,1,0,-0.327,0,-0.945],"_humanoidState":8,"_cameraCFrame":[764.178,241.79,43.992,-0.965,-0.255,0.057,0,0.22,0.976,-0.261,0.942,-0.212],"_shiftlockState":true,"_pose":"Running","_animationQueue":[],"_animationSpeed":1.103,"_zoom":10.864},{"_mousePosition":[683,384],"_rootPartCFrame":[765.057,229.694,46.683,-0.965,0,0.261,0,1,0,-0.261,0,-0.965],"_humanoidState":8,"_cameraCFrame":[763.833,241.783,43.951,-0.979,-0.197,0.045,0,0.224,0.975,-0.202,0.955,-0.219],"_shiftlockState":true,"_pose":"Running","_animationQueue":[],"_animationSpeed":1.103,"_zoom":10.864},{"_mousePosition":[683,384],"_rootPartCFrame":[764.8,229.697,46.61,-0.979,0,0.202,0,1,0,-0.202,0,-0.979],"_humanoidState":8,"_cameraCFrame":[763.474,241.778,43.896,-0.987,-0.158,0.037,0,0.227,0.974,-0.163,0.961,-0.224],"_shiftlockState":true,"_pose":"Running","_animationQueue":[["walk",0.1]],"_animationSpeed":1.103,"_zoom":10.864},{"_mousePosition":[683,384],"_rootPartCFrame":[764.54,229.698,46.554,-0.987,0,0.163,0,1,0,-0.163,0,-0.987],"_humanoidState":8,"_cameraCFrame":[763.163,241.779,43.865,-0.99,-0.14,0.033,0,0.227,0.974,-0.144,0.964,-0.224],"_shiftlockState":true,"_pose":"Running","_animationQueue":[],"_animationSpeed":1.103,"_zoom":10.864},{"_mousePosition":[683,384],"_rootPartCFrame":[764.277,229.699,46.509,-0.99,0,0.144,0,1,0,-0.144,0,-0.99],"_humanoidState":8,"_cameraCFrame":[762.871,241.786,43.859,-0.991,-0.131,0.03,0,0.224,0.975,-0.135,0.966,-0.222],"_shiftlockState":true,"_pose":"Running","_animationQueue":[],"_animationSpeed":1.103,"_zoom":10.864},{"_mousePosition":[683,384],"_rootPartCFrame":[764.013,229.699,46.47,-0.991,0,0.135,0,1,0,-0.135,0,-0.991],"_humanoidState":8,"_cameraCFrame":[762.591,241.79,43.844,-0.992,-0.126,0.029,0,0.223,0.975,-0.13,0.967,-0.221],"_shiftlockState":true,"_pose":"Running","_animationQueue":[],"_animationSpeed":1.103,"_zoom":10.864},{"_mousePosition":[683,384],"_rootPartCFrame":[763.749,229.699,46.433,-0.992,0,0.13,0,1,0,-0.13,0,-0.992],"_humanoidState":8,"_cameraCFrame":[762.32,241.794,43.827,-0.992,-0.124,0.028,0,0.221,0.975,-0.127,0.967,-0.219],"_shiftlockState":true,"_pose":"Running","_animationQueue":[],"_animationSpeed":1.103,"_zoom":10.864},{"_mousePosition":[683,384],"_rootPartCFrame":[763.484,229.7,46.399,-0.992,0,0.128,0,1,0,-0.128,0,-0.992],"_humanoidState":8,"_cameraCFrame":[762.055,241.795,43.793,-0.992,-0.124,0.028,0,0.221,0.975,-0.127,0.967,-0.219],"_shiftlockState":true,"_pose":"Running","_animationQueue":[],"_animationSpeed":1.103,"_zoom":10.864},{"_mousePosition":[683,384],"_rootPartCFrame":[763.22,229.7,46.365,-0.992,0,0.128,0,1,0,-0.128,0,-0.992],"_humanoidState":8,"_cameraCFrame":[761.79,241.797,43.767,-0.992,-0.124,0.028,0,0.22,0.975,-0.127,0.967,-0.219],"_shiftlockState":true,"_pose":"Running","_animationQueue":[],"_animationSpeed":1.103,"_zoom":10.864},{"_mousePosition":[683,384],"_rootPartCFrame":[762.956,229.7,46.331,-0.992,0,0.127,0,1,0,-0.127,0,-0.992],"_humanoidState":8,"_cameraCFrame":[761.519,241.799,43.744,-0.992,-0.122,0.028,0,0.22,0.976,-0.125,0.968,-0.218],"_shiftlockState":true,"_pose":"Running","_animationQueue":[["walk",0.1]],"_animationSpeed":1.103,"_zoom":10.864},{"_mousePosition":[683,384],"_rootPartCFrame":[762.625,229.7,46.288,-0.992,0,0.125,0,1,0,-0.125,0,-0.992],"_humanoidState":8,"_cameraCFrame":[761.184,241.801,43.712,-0.992,-0.121,0.027,0,0.219,0.976,-0.124,0.968,-0.217],"_shiftlockState":true,"_pose":"Running","_animationQueue":[],"_animationSpeed":1.103,"_zoom":10.864},{"_mousePosition":[683,384],"_rootPartCFrame":[762.427,229.7,46.263,-0.992,0,0.124,0,1,0,-0.124,0,-0.992],"_humanoidState":8,"_cameraCFrame":[760.986,241.801,43.687,-0.992,-0.121,0.027,0,0.219,0.976,-0.124,0.968,-0.217],"_shiftlockState":true,"_pose":"Running","_animationQueue":[],"_animationSpeed":1.103,"_zoom":10.864},{"_mousePosition":[683,384],"_rootPartCFrame":[762.162,229.615,46.23,-0.992,0,0.124,0,1,0,-0.124,0,-0.992],"_humanoidState":8,"_cameraCFrame":[760.74,241.722,43.667,-0.991,-0.13,0.029,0,0.216,0.976,-0.133,0.968,-0.215],"_shiftlockState":true,"_pose":"Running","_animationQueue":[],"_animationSpeed":1.103,"_zoom":10.864},{"_mousePosition":[683,384],"_rootPartCFrame":[761.897,229.469,46.197,-0.991,0,0.133,0,1,0,-0.133,0,-0.991],"_humanoidState":8,"_cameraCFrame":[760.522,241.585,43.647,-0.988,-0.15,0.033,0,0.212,0.977,-0.153,0.966,-0.21],"_shiftlockState":true,"_pose":"Running","_animationQueue":[],"_animationSpeed":1.103,"_zoom":10.864},{"_mousePosition":[683,384],"_rootPartCFrame":[761.633,229.522,46.161,-0.988,0,0.153,0,1,0,-0.153,0,-0.988],"_humanoidState":8,"_cameraCFrame":[760.324,241.645,43.608,-0.983,-0.177,0.038,0,0.209,0.978,-0.181,0.962,-0.206],"_shiftlockState":true,"_pose":"Running","_animationQueue":[],"_animationSpeed":1.103,"_zoom":10.864},{"_mousePosition":[683,384],"_rootPartCFrame":[761.369,229.559,46.121,-0.983,0,0.181,0,1,0,-0.181,0,-0.983],"_humanoidState":8,"_cameraCFrame":[760.136,241.688,43.553,-0.977,-0.208,0.044,0,0.207,0.978,-0.212,0.956,-0.202],"_shiftlockState":true,"_pose":"Running","_animationQueue":[],"_animationSpeed":1.103,"_zoom":10.864},{"_mousePosition":[683,384],"_rootPartCFrame":[761.107,229.514,46.074,-0.977,0,0.212,0,1,0,-0.212,0,-0.977],"_humanoidState":8,"_cameraCFrame":[759.949,241.65,43.5,-0.97,-0.239,0.05,0,0.204,0.979,-0.244,0.949,-0.198],"_shiftlockState":true,"_pose":"Running","_animationQueue":[["walk",0.1]],"_animationSpeed":1.103,"_zoom":10.864},{"_mousePosition":[683,384],"_rootPartCFrame":[760.845,229.505,46.026,-0.97,0,0.244,0,1,0,-0.244,0,-0.97],"_humanoidState":8,"_cameraCFrame":[759.798,241.656,43.47,-0.956,-0.287,0.058,0,0.197,0.98,-0.293,0.937,-0.188],"_shiftlockState":true,"_pose":"Running","_animationQueue":[],"_animationSpeed":1.103,"_zoom":10.864},{"_mousePosition":[683,384],"_rootPartCFrame":[760.517,229.504,45.965,-0.956,0,0.293,0,1,0,-0.293,0,-0.956],"_humanoidState":8,"_cameraCFrame":[759.566,241.671,43.436,-0.941,-0.332,0.064,0,0.19,0.982,-0.338,0.924,-0.178],"_shiftlockState":true,"_pose":"Running","_animationQueue":[],"_animationSpeed":1.103,"_zoom":10.864},{"_mousePosition":[683,384],"_rootPartCFrame":[760.32,229.504,45.929,-0.941,0,0.338,0,1,0,-0.338,0,-0.941],"_humanoidState":8,"_cameraCFrame":[759.451,241.694,43.466,-0.923,-0.379,0.069,0,0.178,0.984,-0.385,0.908,-0.165],"_shiftlockState":true,"_pose":"Running","_animationQueue":[],"_animationSpeed":1.103,"_zoom":10.864},{"_mousePosition":[683,384],"_rootPartCFrame":[759.993,230.575,45.869,-0.923,0,0.385,0,1,0,-0.385,0,-0.923],"_humanoidState":3,"_cameraCFrame":[759.145,242.772,43.432,-0.917,-0.393,0.07,0,0.175,0.985,-0.399,0.903,-0.16],"_shiftlockState":true,"_pose":"Jumping","_animationQueue":[["walk",0.1],["jump",0.1]],"_animationSpeed":1,"_zoom":10.864},{"_mousePosition":[683,384],"_rootPartCFrame":[759.8,231.176,45.818,-0.89,0,0.456,0,1,0,-0.456,0,-0.89],"_humanoidState":5,"_cameraCFrame":[758.982,243.375,43.378,-0.911,-0.405,0.071,0,0.174,0.985,-0.412,0.898,-0.158],"_shiftlockState":true,"_pose":"FreeFall","_animationQueue":[["jump",0.1]],"_animationSpeed":1,"_zoom":10.864},{"_mousePosition":[683,384],"_rootPartCFrame":[759.553,231.93,45.721,-0.853,0,0.522,0,1,0,-0.522,0,-0.853],"_humanoidState":5,"_cameraCFrame":[758.747,244.129,43.277,-0.909,-0.41,0.072,0,0.174,0.985,-0.416,0.895,-0.158],"_shiftlockState":true,"_pose":"FreeFall","_animationQueue":[],"_animationSpeed":1,"_zoom":10.864},{"_mousePosition":[683,384],"_rootPartCFrame":[759.31,232.629,45.612,-0.846,0,0.533,0,1,0,-0.533,0,-0.846],"_humanoidState":5,"_cameraCFrame":[758.506,244.828,43.167,-0.909,-0.411,0.072,0,0.174,0.985,-0.417,0.895,-0.158],"_shiftlockState":true,"_pose":"FreeFall","_animationQueue":[],"_animationSpeed":1,"_zoom":10.864},{"_mousePosition":[683,384],"_rootPartCFrame":[759.067,233.274,45.501,-0.845,0,0.534,0,1,0,-0.534,0,-0.845],"_humanoidState":5,"_cameraCFrame":[758.264,245.473,43.056,-0.909,-0.411,0.072,0,0.174,0.985,-0.417,0.895,-0.158],"_shiftlockState":true,"_pose":"FreeFall","_animationQueue":[],"_animationSpeed":1,"_zoom":10.864},{"_mousePosition":[683,384],"_rootPartCFrame":[758.825,233.864,45.39,-0.845,0,0.534,0,1,0,-0.534,0,-0.845],"_humanoidState":5,"_cameraCFrame":[758.016,246.063,42.947,-0.91,-0.409,0.072,0,0.174,0.985,-0.415,0.896,-0.158],"_shiftlockState":true,"_pose":"FreeFall","_animationQueue":[],"_animationSpeed":1,"_zoom":10.864},{"_mousePosition":[683,384],"_rootPartCFrame":[758.582,234.4,45.278,-0.846,0,0.533,0,1,0,-0.533,0,-0.846],"_humanoidState":5,"_cameraCFrame":[757.756,246.599,42.841,-0.913,-0.403,0.071,0,0.174,0.985,-0.409,0.899,-0.158],"_shiftlockState":true,"_pose":"FreeFall","_animationQueue":[],"_animationSpeed":1,"_zoom":10.864},{"_mousePosition":[683,384],"_rootPartCFrame":[758.279,234.993,45.14,-0.832,0,0.554,0,1,0,-0.554,0,-0.832],"_humanoidState":5,"_cameraCFrame":[757.435,247.192,42.709,-0.916,-0.396,0.07,0,0.174,0.985,-0.402,0.902,-0.159],"_shiftlockState":true,"_pose":"FreeFall","_animationQueue":[],"_animationSpeed":1,"_zoom":10.864},{"_mousePosition":[683,384],"_rootPartCFrame":[758.096,235.308,45.058,-0.871,0,0.491,0,1,0,-0.491,0,-0.871],"_humanoidState":5,"_cameraCFrame":[757.237,247.507,42.632,-0.918,-0.39,0.069,0,0.174,0.985,-0.396,0.904,-0.159],"_shiftlockState":true,"_pose":"FreeFall","_animationQueue":[],"_animationSpeed":1,"_zoom":10.864},{"_mousePosition":[683,384],"_rootPartCFrame":[757.852,235.681,44.95,-0.857,0,0.515,0,1,0,-0.515,0,-0.857],"_humanoidState":5,"_cameraCFrame":[756.968,247.88,42.534,-0.922,-0.381,0.067,0,0.174,0.985,-0.387,0.908,-0.16],"_shiftlockState":true,"_pose":"FreeFall","_animationQueue":[],"_animationSpeed":1,"_zoom":10.864},{"_mousePosition":[683,384],"_rootPartCFrame":[757.608,235.999,44.844,-0.863,0,0.506,0,1,0,-0.506,0,-0.863],"_humanoidState":5,"_cameraCFrame":[756.7,248.198,42.436,-0.926,-0.372,0.066,0,0.174,0.985,-0.378,0.912,-0.161],"_shiftlockState":true,"_pose":"FreeFall","_animationQueue":[],"_animationSpeed":1,"_zoom":10.864},{"_mousePosition":[683,384],"_rootPartCFrame":[757.362,236.262,44.741,-0.867,0,0.498,0,1,0,-0.498,0,-0.867],"_humanoidState":5,"_cameraCFrame":[756.427,248.461,42.343,-0.93,-0.362,0.064,0,0.174,0.985,-0.367,0.916,-0.162],"_shiftlockState":true,"_pose":"FreeFall","_animationQueue":[],"_animationSpeed":1,"_zoom":10.864},{"_mousePosition":[683,384],"_rootPartCFrame":[757.115,236.471,44.64,-0.873,0,0.488,0,1,0,-0.488,0,-0.873],"_humanoidState":5,"_cameraCFrame":[756.168,248.67,42.247,-0.932,-0.357,0.063,0,0.174,0.985,-0.362,0.918,-0.162],"_shiftlockState":true,"_pose":"FreeFall","_animationQueue":[],"_animationSpeed":1,"_zoom":10.864},{"_mousePosition":[683,384],"_rootPartCFrame":[756.867,236.625,44.541,-0.876,0,0.483,0,1,0,-0.483,0,-0.876],"_humanoidState":5,"_cameraCFrame":[755.92,248.824,42.149,-0.932,-0.357,0.063,0,0.174,0.985,-0.362,0.918,-0.162],"_shiftlockState":true,"_pose":"FreeFall","_animationQueue":[],"_animationSpeed":1,"_zoom":10.864},{"_mousePosition":[683,384],"_rootPartCFrame":[756.619,236.725,44.445,-0.876,0,0.483,0,1,0,-0.483,0,-0.876],"_humanoidState":5,"_cameraCFrame":[755.671,248.924,42.052,-0.932,-0.357,0.063,0,0.174,0.985,-0.362,0.918,-0.162],"_shiftlockState":true,"_pose":"FreeFall","_animationQueue":[],"_animationSpeed":1,"_zoom":10.864},{"_mousePosition":[683,384],"_rootPartCFrame":[756.37,236.771,44.348,-0.876,0,0.483,0,1,0,-0.483,0,-0.876],"_humanoidState":5,"_cameraCFrame":[755.42,248.97,41.956,-0.932,-0.356,0.063,0,0.174,0.985,-0.361,0.918,-0.162],"_shiftlockState":true,"_pose":"FreeFall","_animationQueue":[["fall",0.3]],"_animationSpeed":1,"_zoom":10.864},{"_mousePosition":[683,384],"_rootPartCFrame":[756.122,236.762,44.251,-0.876,0,0.482,0,1,0,-0.482,0,-0.876],"_humanoidState":5,"_cameraCFrame":[755.186,248.956,41.834,-0.932,-0.358,0.064,0,0.176,0.984,-0.363,0.917,-0.164],"_shiftlockState":true,"_pose":"FreeFall","_animationQueue":[],"_animationSpeed":1,"_zoom":10.864},{"_mousePosition":[683,384],"_rootPartCFrame":[755.873,236.698,44.155,-0.875,0,0.484,0,1,0,-0.484,0,-0.875],"_humanoidState":5,"_cameraCFrame":[754.997,248.88,41.661,-0.927,-0.37,0.069,0,0.182,0.983,-0.376,0.911,-0.169],"_shiftlockState":true,"_pose":"FreeFall","_animationQueue":[],"_animationSpeed":1,"_zoom":10.864},{"_mousePosition":[683,384],"_rootPartCFrame":[755.563,236.542,44.034,-0.851,0,0.524,0,1,0,-0.524,0,-0.851],"_humanoidState":5,"_cameraCFrame":[754.814,248.699,41.396,-0.915,-0.396,0.078,0,0.194,0.981,-0.404,0.897,-0.178],"_shiftlockState":true,"_pose":"FreeFall","_animationQueue":[],"_animationSpeed":1,"_zoom":10.864},{"_mousePosition":[683,384],"_rootPartCFrame":[755.377,236.407,43.959,-0.87,0,0.493,0,1,0,-0.493,0,-0.87],"_humanoidState":5,"_cameraCFrame":[754.865,248.525,41.116,-0.89,-0.445,0.096,0,0.212,0.977,-0.455,0.87,-0.188],"_shiftlockState":true,"_pose":"FreeFall","_animationQueue":[],"_animationSpeed":1,"_zoom":10.864},{"_mousePosition":[683,384],"_rootPartCFrame":[755.133,236.18,43.852,-0.822,0,0.569,0,1,0,-0.569,0,-0.822],"_humanoidState":5,"_cameraCFrame":[754.918,248.256,40.819,-0.856,-0.503,0.118,0,0.229,0.973,-0.516,0.834,-0.196],"_shiftlockState":true,"_pose":"FreeFall","_animationQueue":[],"_animationSpeed":1,"_zoom":10.864},{"_mousePosition":[683,384],"_rootPartCFrame":[754.894,235.899,43.733,-0.78,0,0.626,0,1,0,-0.626,0,-0.78],"_humanoidState":5,"_cameraCFrame":[754.957,247.933,40.552,-0.824,-0.549,0.139,0,0.245,0.97,-0.566,0.799,-0.202],"_shiftlockState":true,"_pose":"FreeFall","_animationQueue":[["fall",0.3]],"_animationSpeed":1,"_zoom":10.864},{"_mousePosition":[683,384],"_rootPartCFrame":[754.607,235.47,43.564,-0.719,0,0.695,0,1,0,-0.695,0,-0.719],"_humanoidState":5,"_cameraCFrame":[754.945,247.453,40.235,-0.795,-0.585,0.159,0,0.263,0.965,-0.606,0.767,-0.209],"_shiftlockState":true,"_pose":"FreeFall","_animationQueue":[],"_animationSpeed":1,"_zoom":10.864},{"_mousePosition":[683,384],"_rootPartCFrame":[754.441,235.172,43.453,-0.731,0,0.683,0,1,0,-0.683,0,-0.731],"_humanoidState":5,"_cameraCFrame":[755.012,247.095,39.972,-0.776,-0.605,0.178,0,0.282,0.959,-0.63,0.745,-0.219],"_shiftlockState":true,"_pose":"FreeFall","_animationQueue":[],"_animationSpeed":1,"_zoom":10.864},{"_mousePosition":[683,384],"_rootPartCFrame":[754.157,234.607,43.301,-0.684,0,0.73,0,1,0,-0.73,0,-0.684],"_humanoidState":5,"_cameraCFrame":[754.819,246.493,39.725,-0.774,-0.605,0.186,0,0.294,0.956,-0.633,0.74,-0.227],"_shiftlockState":true,"_pose":"FreeFall","_animationQueue":[],"_animationSpeed":1,"_zoom":10.864},{"_mousePosition":[683,384],"_rootPartCFrame":[753.919,234.094,43.223,-0.705,0,0.709,0,1,0,-0.709,0,-0.705],"_humanoidState":5,"_cameraCFrame":[754.656,245.918,39.488,-0.782,-0.592,0.194,0,0.311,0.95,-0.623,0.743,-0.243],"_shiftlockState":true,"_pose":"FreeFall","_animationQueue":[],"_animationSpeed":1,"_zoom":10.864},{"_mousePosition":[683,384],"_rootPartCFrame":[753.752,234.131,43.179,-0.764,0,0.645,0,1,0,-0.645,0,-0.764],"_humanoidState":12,"_cameraCFrame":[754.56,245.799,39.05,-0.813,-0.545,0.205,0,0.352,0.936,-0.583,0.761,-0.286],"_shiftlockState":true,"_pose":"Climbing","_animationQueue":[["walk",0.1],["fall",0.3],["climb",0.1],["climb",0]],"_animationSpeed":-2.668,"_zoom":10.864},{"_mousePosition":[683,384],"_rootPartCFrame":[753.564,234.313,43.13,-0.809,0,0.588,0,1,0,-0.588,0,-0.809],"_humanoidState":12,"_cameraCFrame":[754.353,245.773,38.519,-0.851,-0.482,0.21,0,0.399,0.917,-0.525,0.78,-0.34],"_shiftlockState":true,"_pose":"Climbing","_animationQueue":[["climb",0.1]],"_animationSpeed":0.743,"_zoom":10.864},{"_mousePosition":[683,384],"_rootPartCFrame":[753.413,234.499,43.09,-0.851,0,0.526,0,1,0,-0.526,0,-0.851],"_humanoidState":12,"_cameraCFrame":[754.077,245.679,37.899,-0.892,-0.402,0.205,0,0.454,0.891,-0.451,0.795,-0.405],"_shiftlockState":true,"_pose":"Climbing","_animationQueue":[["climb",0.1],["climb",0]],"_animationSpeed":0.93,"_zoom":10.864},{"_mousePosition":[683,384],"_rootPartCFrame":[753.301,234.686,43.061,-0.892,0,0.451,0,1,0,-0.451,0,-0.892],"_humanoidState":12,"_cameraCFrame":[753.734,245.576,37.34,-0.927,-0.325,0.189,0,0.503,0.864,-0.376,0.801,-0.466],"_shiftlockState":true,"_pose":"Climbing","_animationQueue":[],"_animationSpeed":0.93,"_zoom":10.864},{"_mousePosition":[683,384],"_rootPartCFrame":[753.228,234.872,43.041,-0.927,0,0.376,0,1,0,-0.376,0,-0.927],"_humanoidState":12,"_cameraCFrame":[753.503,245.568,37.003,-0.943,-0.282,0.177,0,0.533,0.846,-0.333,0.798,-0.502],"_shiftlockState":true,"_pose":"Climbing","_animationQueue":[],"_animationSpeed":0.93,"_zoom":10.864},{"_mousePosition":[683,384],"_rootPartCFrame":[753.193,235.059,43.032,-0.943,0,0.333,0,1,0,-0.333,0,-0.943],"_humanoidState":12,"_cameraCFrame":[753.443,245.641,36.823,-0.947,-0.268,0.176,0,0.549,0.836,-0.32,0.792,-0.52],"_shiftlockState":true,"_pose":"Climbing","_animationQueue":[],"_animationSpeed":0.93,"_zoom":10.864},{"_mousePosition":[683,384],"_rootPartCFrame":[753.188,235.246,43.031,-0.947,0,0.32,0,1,0,-0.32,0,-0.947],"_humanoidState":12,"_cameraCFrame":[753.438,245.827,36.822,-0.947,-0.268,0.176,0,0.549,0.836,-0.32,0.792,-0.52],"_shiftlockState":true,"_pose":"Climbing","_animationQueue":[],"_animationSpeed":0.93,"_zoom":10.864},{"_mousePosition":[683,384],"_rootPartCFrame":[753.188,235.432,43.031,-0.947,0,0.32,0,1,0,-0.32,0,-0.947],"_humanoidState":12,"_cameraCFrame":[753.438,246.014,36.822,-0.947,-0.268,0.176,0,0.549,0.836,-0.32,0.792,-0.52],"_shiftlockState":true,"_pose":"Climbing","_animationQueue":[],"_animationSpeed":0.93,"_zoom":10.864},{"_mousePosition":[683,384],"_rootPartCFrame":[753.188,235.619,43.031,-0.947,0,0.32,0,1,0,-0.32,0,-0.947],"_humanoidState":12,"_cameraCFrame":[753.438,246.201,36.822,-0.947,-0.268,0.176,0,0.549,0.836,-0.32,0.792,-0.52],"_shiftlockState":true,"_pose":"Climbing","_animationQueue":[],"_animationSpeed":0.93,"_zoom":10.864},{"_mousePosition":[683,384],"_rootPartCFrame":[753.188,235.806,43.031,-0.947,0,0.32,0,1,0,-0.32,0,-0.947],"_humanoidState":12,"_cameraCFrame":[753.438,246.387,36.822,-0.947,-0.268,0.176,0,0.549,0.836,-0.32,0.792,-0.52],"_shiftlockState":true,"_pose":"Climbing","_animationQueue":[],"_animationSpeed":0.93,"_zoom":10.864},{"_mousePosition":[683,384],"_rootPartCFrame":[753.188,235.992,43.031,-0.947,0,0.32,0,1,0,-0.32,0,-0.947],"_humanoidState":12,"_cameraCFrame":[755.096,246.574,37.382,-0.947,-0.268,0.176,0,0.549,0.836,-0.32,0.792,-0.52],"_shiftlockState":false,"_pose":"Climbing","_animationQueue":[],"_animationSpeed":0.93,"_zoom":10.864},{"_mousePosition":[683,384],"_rootPartCFrame":[753.188,236.179,43.031,-0.947,0,0.32,0,1,0,-0.32,0,-0.947],"_humanoidState":12,"_cameraCFrame":[755.096,246.761,37.382,-0.947,-0.268,0.176,0,0.549,0.836,-0.32,0.792,-0.52],"_shiftlockState":false,"_pose":"Climbing","_animationQueue":[],"_animationSpeed":0.93,"_zoom":10.864},{"_mousePosition":[683,384],"_rootPartCFrame":[753.188,236.366,43.031,-0.947,0,0.32,0,1,0,-0.32,0,-0.947],"_humanoidState":12,"_cameraCFrame":[755.096,246.947,37.382,-0.947,-0.268,0.176,0,0.549,0.836,-0.32,0.792,-0.52],"_shiftlockState":false,"_pose":"Climbing","_animationQueue":[],"_animationSpeed":0.93,"_zoom":10.864},{"_mousePosition":[683,384],"_rootPartCFrame":[753.188,236.552,43.031,-0.947,0,0.32,0,1,0,-0.32,0,-0.947],"_humanoidState":12,"_cameraCFrame":[755.096,247.134,37.382,-0.947,-0.268,0.176,0,0.549,0.836,-0.32,0.792,-0.52],"_shiftlockState":false,"_pose":"Climbing","_animationQueue":[],"_animationSpeed":0.93,"_zoom":10.864},{"_mousePosition":[683,384],"_rootPartCFrame":[753.188,236.739,43.031,-0.947,0,0.32,0,1,0,-0.32,0,-0.947],"_humanoidState":12,"_cameraCFrame":[755.096,247.321,37.382,-0.947,-0.268,0.176,0,0.549,0.836,-0.32,0.792,-0.52],"_shiftlockState":false,"_pose":"Climbing","_animationQueue":[],"_animationSpeed":0.93,"_zoom":10.864},{"_mousePosition":[683,384],"_rootPartCFrame":[753.188,236.926,43.031,-0.947,0,0.32,0,1,0,-0.32,0,-0.947],"_humanoidState":12,"_cameraCFrame":[755.096,247.507,37.382,-0.947,-0.268,0.176,0,0.549,0.836,-0.32,0.792,-0.52],"_shiftlockState":false,"_pose":"Climbing","_animationQueue":[],"_animationSpeed":0.93,"_zoom":10.864},{"_mousePosition":[683,384],"_rootPartCFrame":[753.188,237.112,43.031,-0.947,0,0.32,0,1,0,-0.32,0,-0.947],"_humanoidState":12,"_cameraCFrame":[754.883,247.621,37.201,-0.96,-0.231,0.156,0,0.559,0.829,-0.279,0.796,-0.537],"_shiftlockState":false,"_pose":"Climbing","_animationQueue":[],"_animationSpeed":0.93,"_zoom":10.864},{"_mousePosition":[683,384],"_rootPartCFrame":[753.188,237.299,43.031,-0.947,0,0.32,0,1,0,-0.32,0,-0.947],"_humanoidState":12,"_cameraCFrame":[754.564,247.709,36.969,-0.975,-0.181,0.127,0,0.572,0.82,-0.221,0.8,-0.558],"_shiftlockState":false,"_pose":"Climbing","_animationQueue":[],"_animationSpeed":0.93,"_zoom":10.864},{"_mousePosition":[683,384],"_rootPartCFrame":[753.188,237.532,43.031,-0.947,0,0.32,0,1,0,-0.32,0,-0.947],"_humanoidState":12,"_cameraCFrame":[754.373,247.892,36.856,-0.982,-0.154,0.109,0,0.579,0.815,-0.188,0.801,-0.568],"_shiftlockState":false,"_pose":"Climbing","_animationQueue":[],"_animationSpeed":0.93,"_zoom":10.864},{"_mousePosition":[683,384],"_rootPartCFrame":[753.188,237.672,43.031,-0.947,0,0.32,0,1,0,-0.32,0,-0.947],"_humanoidState":12,"_cameraCFrame":[754.197,247.981,36.752,-0.987,-0.129,0.093,0,0.585,0.811,-0.159,0.801,-0.578],"_shiftlockState":false,"_pose":"Climbing","_animationQueue":[],"_animationSpeed":0.93,"_zoom":10.864},{"_mousePosition":[683,384],"_rootPartCFrame":[753.188,237.905,43.031,-0.947,0,0.32,0,1,0,-0.32,0,-0.947],"_humanoidState":12,"_cameraCFrame":[754.002,248.121,36.596,-0.992,-0.101,0.075,0,0.597,0.802,-0.125,0.796,-0.592],"_shiftlockState":false,"_pose":"Climbing","_animationQueue":[],"_animationSpeed":0.93,"_zoom":10.864},{"_mousePosition":[683,384],"_rootPartCFrame":[753.188,238.092,43.031,-0.947,0,0.32,0,1,0,-0.32,0,-0.947],"_humanoidState":12,"_cameraCFrame":[753.799,248.196,36.426,-0.996,-0.073,0.056,0,0.611,0.792,-0.092,0.789,-0.608],"_shiftlockState":false,"_pose":"Climbing","_animationQueue":[],"_animationSpeed":0.93,"_zoom":10.864},{"_mousePosition":[683,384],"_rootPartCFrame":[753.188,238.232,43.031,-0.947,0,0.32,0,1,0,-0.32,0,-0.947],"_humanoidState":12,"_cameraCFrame":[753.609,248.201,36.239,-0.998,-0.048,0.039,0,0.626,0.78,-0.062,0.778,-0.625],"_shiftlockState":false,"_pose":"Climbing","_animationQueue":[],"_animationSpeed":0.93,"_zoom":10.864},{"_mousePosition":[683,384],"_rootPartCFrame":[753.188,238.419,43.031,-0.947,0,0.32,0,1,0,-0.32,0,-0.947],"_humanoidState":12,"_cameraCFrame":[753.394,248.226,36.033,-1,-0.022,0.019,0,0.644,0.765,-0.029,0.764,-0.644],"_shiftlockState":false,"_pose":"Climbing","_animationQueue":[],"_animationSpeed":0.93,"_zoom":10.864},{"_mousePosition":[683,384],"_rootPartCFrame":[753.188,238.652,43.031,-0.947,0,0.32,0,1,0,-0.32,0,-0.947],"_humanoidState":12,"_cameraCFrame":[753.248,248.363,35.917,-1,-0.006,0.006,0,0.655,0.756,-0.008,0.756,-0.655],"_shiftlockState":false,"_pose":"Climbing","_animationQueue":[],"_animationSpeed":0.93,"_zoom":10.864},{"_mousePosition":[683,384],"_rootPartCFrame":[753.188,238.792,43.031,-0.947,0,0.32,0,1,0,-0.32,0,-0.947],"_humanoidState":12,"_cameraCFrame":[753.128,248.416,35.818,-1,0.006,-0.006,0,0.664,0.748,0.008,0.748,-0.664],"_shiftlockState":false,"_pose":"Climbing","_animationQueue":[],"_animationSpeed":0.93,"_zoom":10.864},{"_mousePosition":[683,384],"_rootPartCFrame":[753.188,238.979,43.031,-0.947,0,0.32,0,1,0,-0.32,0,-0.947],"_humanoidState":12,"_cameraCFrame":[753.09,248.55,35.76,-1,0.01,-0.009,0,0.669,0.743,0.014,0.743,-0.669],"_shiftlockState":false,"_pose":"Climbing","_animationQueue":[],"_animationSpeed":0.93,"_zoom":10.864},{"_mousePosition":[683,384],"_rootPartCFrame":[753.188,239.165,43.031,-0.947,0,0.32,0,1,0,-0.32,0,-0.947],"_humanoidState":12,"_cameraCFrame":[753.082,248.713,35.734,-1,0.011,-0.01,0,0.672,0.741,0.015,0.741,-0.672],"_shiftlockState":false,"_pose":"Climbing","_animationQueue":[],"_animationSpeed":0.93,"_zoom":10.864},{"_mousePosition":[683,384],"_rootPartCFrame":[753.188,239.352,43.031,-0.947,0,0.32,0,1,0,-0.32,0,-0.947],"_humanoidState":12,"_cameraCFrame":[753.074,248.876,35.708,-1,0.012,-0.011,0,0.674,0.739,0.016,0.739,-0.674],"_shiftlockState":false,"_pose":"Climbing","_animationQueue":[],"_animationSpeed":0.93,"_zoom":10.864},{"_mousePosition":[683,384],"_rootPartCFrame":[753.188,239.505,43.056,-0.957,0,0.29,0,1,0,-0.29,0,-0.957],"_humanoidState":8,"_cameraCFrame":[753.089,248.987,35.688,-1,0.01,-0.009,0,0.678,0.735,0.014,0.735,-0.678],"_shiftlockState":false,"_pose":"Standing","_animationQueue":[["climb",0.1],["idle",0.1],["idle",0.1]],"_animationSpeed":1,"_zoom":10.864},{"_mousePosition":[683,384],"_rootPartCFrame":[753.189,239.603,43.12,-0.968,0,0.251,0,1,0,-0.251,0,-0.968],"_humanoidState":5,"_cameraCFrame":[753.245,249.008,35.668,-1,-0.005,0.005,0,0.686,0.728,-0.007,0.728,-0.686],"_shiftlockState":false,"_pose":"FreeFall","_animationQueue":[["walk",0.1],["fall",0.3]],"_animationSpeed":1,"_zoom":10.864},{"_mousePosition":[683,384],"_rootPartCFrame":[753.191,239.646,43.225,-0.977,0,0.215,0,1,0,-0.215,0,-0.977],"_humanoidState":5,"_cameraCFrame":[753.919,248.942,35.694,-0.995,-0.069,0.067,0,0.696,0.718,-0.096,0.714,-0.693],"_shiftlockState":false,"_pose":"FreeFall","_animationQueue":[],"_animationSpeed":1,"_zoom":10.864},{"_mousePosition":[683,384],"_rootPartCFrame":[753.201,239.626,43.248,-0.981,0,0.192,0,1,0,-0.192,0,-0.981],"_humanoidState":5,"_cameraCFrame":[755.922,248.775,36.028,-0.936,-0.248,0.25,0,0.71,0.704,-0.353,0.659,-0.665],"_shiftlockState":false,"_pose":"FreeFall","_animationQueue":[],"_animationSpeed":1,"_zoom":10.864},{"_mousePosition":[683,384],"_rootPartCFrame":[753.21,239.55,43.226,-0.984,0,0.178,0,1,0,-0.178,0,-0.984],"_humanoidState":5,"_cameraCFrame":[758.815,248.516,37.669,-0.704,-0.488,0.516,0,0.726,0.687,-0.71,0.484,-0.511],"_shiftlockState":false,"_pose":"FreeFall","_animationQueue":[],"_animationSpeed":1,"_zoom":10.864},{"_mousePosition":[683,384],"_rootPartCFrame":[753.195,239.42,43.228,-0.966,0,0.26,0,1,0,-0.26,0,-0.966],"_humanoidState":5,"_cameraCFrame":[760.03,248.518,39.151,-0.311,-0.665,0.679,0,0.715,0.699,-0.95,0.217,-0.222],"_shiftlockState":true,"_pose":"FreeFall","_animationQueue":[["fall",0.3]],"_animationSpeed":1,"_zoom":10.864},{"_mousePosition":[683,384],"_rootPartCFrame":[753.225,239.771,42.686,-0.258,0,0.966,0,1,0,-0.966,0,-0.258],"_humanoidState":7,"_cameraCFrame":[760.061,248.869,38.609,-0.311,-0.665,0.679,0,0.715,0.699,-0.95,0.217,-0.222],"_shiftlockState":true,"_pose":"FreeFall","_animationQueue":[["walk",0.1],["fall",0.3],["fall",0.3]],"_animationSpeed":1,"_zoom":10.864},{"_mousePosition":[683,384],"_rootPartCFrame":[752.991,240.469,42.63,-0.231,0,0.973,0,1,0,-0.973,0,-0.231],"_humanoidState":7,"_cameraCFrame":[760.131,249.826,39.736,-0.155,-0.714,0.682,0,0.691,0.723,-0.988,0.112,-0.107],"