[{"_mousePosition":[1117,367],"_rootPartCFrame":[776.028,222.95,47.142,0,0,1,0,1,0,-1,0,0],"_humanoidState":8,"_cameraCFrame":[781.262,230.878,47.3,0.03,-0.775,0.631,0,0.632,0.775,-1,-0.023,0.019],"_shiftlockState":false,"_pose":"Standing","_animationQueue":[],"_animationSpeed":1,"_zoom":8.291},{"_mousePosition":[1103,377],"_rootPartCFrame":[775.856,222.865,47.137,0.003,0,1,0,1,0,-1,0,0.003],"_humanoidState":8,"_cameraCFrame":[781.09,230.793,47.294,0.03,-0.775,0.631,0,0.632,0.775,-1,-0.023,0.019],"_shiftlockState":false,"_pose":"Standing","_animationQueue":[],"_animationSpeed":1,"_zoom":8.291},{"_mousePosition":[1092,387],"_rootPartCFrame":[775.592,222.719,47.129,0.007,0,1,0,1,0,-1,0,0.007],"_humanoidState":8,"_cameraCFrame":[780.826,230.648,47.286,0.03,-0.775,0.631,0,0.632,0.775,-1,-0.023,0.019],"_shiftlockState":false,"_pose":"Running","_animationQueue":[["walk",0.1]],"_animationSpeed":1.003,"_zoom":8.291},{"_mousePosition":[1078,398],"_rootPartCFrame":[775.325,222.61,47.121,0.01,0,1,0,1,0,-1,0,0.01],"_humanoidState":8,"_cameraCFrame":[780.559,230.539,47.278,0.03,-0.775,0.631,0,0.632,0.775,-1,-0.023,0.019],"_shiftlockState":false,"_pose":"Running","_animationQueue":[["walk",0.1]],"_animationSpeed":1.101,"_zoom":8.291},{"_mousePosition":[1063,410],"_rootPartCFrame":[775.059,222.636,47.113,0.013,0,1,0,1,0,-1,0,0.013],"_humanoidState":8,"_cameraCFrame":[780.292,230.564,47.27,0.03,-0.775,0.631,0,0.632,0.775,-1,-0.023,0.019],"_shiftlockState":false,"_pose":"Running","_animationQueue":[],"_animationSpeed":1.101,"_zoom":8.291},{"_mousePosition":[1051,420],"_rootPartCFrame":[774.659,222.672,47.101,0.016,0,1,0,1,0,-1,0,0.016],"_humanoidState":8,"_cameraCFrame":[779.893,230.601,47.258,0.03,-0.775,0.631,0,0.632,0.775,-1,-0.023,0.019],"_shiftlockState":false,"_pose":"Running","_animationQueue":[],"_animationSpeed":1.101,"_zoom":8.291},{"_mousePosition":[1035,432],"_rootPartCFrame":[774.525,222.68,47.097,0.017,0,1,0,1,0,-1,0,0.017],"_humanoidState":8,"_cameraCFrame":[779.759,230.608,47.254,0.03,-0.775,0.631,0,0.632,0.775,-1,-0.023,0.019],"_shiftlockState":false,"_pose":"Running","_animationQueue":[],"_animationSpeed":1.101,"_zoom":8.291},{"_mousePosition":[1022,441],"_rootPartCFrame":[774.259,222.689,47.089,0.019,0,1,0,1,0,-1,0,0.019],"_humanoidState":8,"_cameraCFrame":[779.493,230.617,47.246,0.03,-0.775,0.631,0,0.632,0.775,-1,-0.023,0.019],"_shiftlockState":false,"_pose":"Running","_animationQueue":[["walk",0.1]],"_animationSpeed":1.101,"_zoom":8.291},{"_mousePosition":[1011,448],"_rootPartCFrame":[773.992,222.694,47.081,0.02,0,1,0,1,0,-1,0,0.02],"_humanoidState":8,"_cameraCFrame":[779.226,230.622,47.238,0.03,-0.775,0.631,0,0.632,0.775,-1,-0.023,0.019],"_shiftlockState":false,"_pose":"Running","_animationQueue":[],"_animationSpeed":1.101,"_zoom":8.291},{"_mousePosition":[1000,456],"_rootPartCFrame":[773.726,222.697,47.073,0.022,0,1,0,1,0,-1,0,0.022],"_humanoidState":8,"_cameraCFrame":[778.959,230.625,47.23,0.03,-0.775,0.631,0,0.632,0.775,-1,-0.023,0.019],"_shiftlockState":false,"_pose":"Running","_animationQueue":[],"_animationSpeed":1.101,"_zoom":8.291},{"_mousePosition":[991,462],"_rootPartCFrame":[773.459,222.698,47.065,0.023,0,1,0,1,0,-1,0,0.023],"_humanoidState":8,"_cameraCFrame":[778.693,230.626,47.222,0.03,-0.775,0.631,0,0.632,0.775,-1,-0.023,0.019],"_shiftlockState":false,"_pose":"Running","_animationQueue":[],"_animationSpeed":1.101,"_zoom":8.291},{"_mousePosition":[978,470],"_rootPartCFrame":[773.192,222.699,47.057,0.024,0,1,0,1,0,-1,0,0.024],"_humanoidState":8,"_cameraCFrame":[778.426,230.627,47.214,0.03,-0.775,0.631,0,0.632,0.775,-1,-0.023,0.019],"_shiftlockState":false,"_pose":"Running","_animationQueue":[],"_animationSpeed":1.101,"_zoom":8.291},{"_mousePosition":[965,477],"_rootPartCFrame":[772.926,222.699,47.049,0.025,0,1,0,1,0,-1,0,0.025],"_humanoidState":8,"_cameraCFrame":[778.16,230.627,47.206,0.03,-0.775,0.631,0,0.632,0.775,-1,-0.023,0.019],"_shiftlockState":false,"_pose":"Running","_animationQueue":[],"_animationSpeed":1.101,"_zoom":8.291},{"_mousePosition":[945,495],"_rootPartCFrame":[772.659,222.699,47.041,0.025,0,1,0,1,0,-1,0,0.025],"_humanoidState":8,"_cameraCFrame":[777.946,230.628,45.449,0.03,-0.775,0.631,0,0.632,0.775,-1,-0.023,0.019],"_shiftlockState":true,"_pose":"Running","_animationQueue":[],"_animationSpeed":1.101,"_zoom":8.291},{"_mousePosition":[683,384],"_rootPartCFrame":[772.259,223.99,47.029,0.031,0,1,0,1,0,-1,0,0.031],"_humanoidState":3,"_cameraCFrame":[777.546,231.919,45.437,0.03,-0.775,0.631,0,0.632,0.775,-1,-0.023,0.019],"_shiftlockState":true,"_pose":"Jumping","_animationQueue":[["walk",0.1],["walk",0.1],["jump",0.1]],"_animationSpeed":1,"_zoom":8.291},{"_mousePosition":[683,384],"_rootPartCFrame":[772.193,224.194,47.027,0.03,0,1,0,1,0,-1,0,0.03],"_humanoidState":5,"_cameraCFrame":[777.388,232.177,45.357,0.015,-0.782,0.623,0,0.623,0.782,-1,-0.012,0.01],"_shiftlockState":true,"_pose":"FreeFall","_animationQueue":[["jump",0.1]],"_animationSpeed":1,"_zoom":8.291},{"_mousePosition":[683,384],"_rootPartCFrame":[771.859,225.162,47.016,0.017,0,1,0,1,0,-1,0,0.017],"_humanoidState":5,"_cameraCFrame":[777.033,233.153,45.314,0.009,-0.783,0.622,0,0.622,0.783,-1,-0.007,0.006],"_shiftlockState":true,"_pose":"FreeFall","_animationQueue":[],"_animationSpeed":1,"_zoom":8.291},{"_mousePosition":[683,384],"_rootPartCFrame":[771.593,225.875,47.012,0.01,0,1,0,1,0,-1,0,0.01],"_humanoidState":5,"_cameraCFrame":[776.754,233.866,45.271,0.002,-0.783,0.622,0,0.622,0.783,-1,-0.001,0.001],"_shiftlockState":true,"_pose":"FreeFall","_animationQueue":[],"_animationSpeed":1,"_zoom":8.291},{"_mousePosition":[683,384],"_rootPartCFrame":[771.326,226.534,47.009,0.003,0,1,0,1,0,-1,0,0.003],"_humanoidState":5,"_cameraCFrame":[776.495,234.504,45.214,-0.009,-0.78,0.625,0,0.625,0.78,-1,0.007,-0.005],"_shiftlockState":true,"_pose":"FreeFall","_animationQueue":[],"_animationSpeed":1,"_zoom":8.291},{"_mousePosition":[683,384],"_rootPartCFrame":[771.06,227.138,47.008,-0.007,0,1,0,1,0,-1,0,-0.007],"_humanoidState":5,"_cameraCFrame":[776.259,235.074,45.181,-0.015,-0.776,0.63,0,0.63,0.776,-1,0.012,-0.009],"_shiftlockState":true,"_pose":"FreeFall","_animationQueue":[],"_animationSpeed":1,"_zoom":8.291},{"_mousePosition":[683,384],"_rootPartCFrame":[770.793,227.687,47.01,-0.014,0,1,0,1,0,-1,0,-0.014],"_humanoidState":5,"_cameraCFrame":[776.043,235.586,45.193,-0.013,-0.772,0.636,0,0.636,0.772,-1,0.01,-0.008],"_shiftlockState":true,"_pose":"FreeFall","_animationQueue":[],"_animationSpeed":1,"_zoom":8.291},{"_mousePosition":[683,384],"_rootPartCFrame":[770.526,228.182,47.014,-0.013,0,1,0,1,0,-1,0,-0.013],"_humanoidState":5,"_cameraCFrame":[775.778,236.081,45.202,-0.012,-0.772,0.636,0,0.636,0.772,-1,0.009,-0.007],"_shiftlockState":true,"_pose":"FreeFall","_animationQueue":[],"_animationSpeed":1,"_zoom":8.291},{"_mousePosition":[683,384],"_rootPartCFrame":[770.26,228.623,47.017,-0.012,0,1,0,1,0,-1,0,-0.012],"_humanoidState":5,"_cameraCFrame":[775.511,236.521,45.205,-0.012,-0.772,0.636,0,0.636,0.772,-1,0.009,-0.007],"_shiftlockState":true,"_pose":"FreeFall","_animationQueue":[],"_animationSpeed":1,"_zoom":8.291},{"_mousePosition":[683,384],"_rootPartCFrame":[770.236,228.955,47.031,-0.01,0.007,1,0.001,1,-0.007,-1,0.001,-0.01],"_humanoidState":5,"_cameraCFrame":[775.499,236.854,45.22,-0.012,-0.772,0.636,0,0.636,0.772,-1,0.009,-0.007],"_shiftlockState":true,"_pose":"FreeFall","_animationQueue":[],"_animationSpeed":1,"_zoom":8.291},{"_mousePosition":[683,384],"_rootPartCFrame":[770.287,229.192,47.041,-0.022,-0.003,1,0.002,1,0.003,-1,0.002,-0.022],"_humanoidState":5,"_cameraCFrame":[775.534,237.091,45.231,-0.012,-0.772,0.636,0,0.636,0.772,-1,0.009,-0.007],"_shiftlockState":true,"_pose":"FreeFall","_animationQueue":[],"_animationSpeed":1,"_zoom":8.291},{"_mousePosition":[683,384],"_rootPartCFrame":[770.302,229.374,47.05,-0.013,-0.002,1,0.001,1,0.002,-1,0.001,-0.013],"_humanoidState":5,"_cameraCFrame":[775.55,237.273,45.239,-0.012,-0.772,0.636,0,0.636,0.772,-1,0.009,-0.007],"_shiftlockState":true,"_pose":"FreeFall","_animationQueue":[],"_animationSpeed":1,"_zoom":8.291},{"_mousePosition":[683,384],"_rootPartCFrame":[770.264,229.526,47.06,-0.012,0,1,0,1,0,-1,0,-0.012],"_humanoidState":5,"_cameraCFrame":[775.569,237.416,45.381,0.013,-0.771,0.637,0,0.637,0.771,-1,-0.01,0.009],"_shiftlockState":true,"_pose":"FreeFall","_animationQueue":[],"_animationSpeed":1,"_zoom":8.291},{"_mousePosition":[683,384],"_rootPartCFrame":[770.211,229.576,47.066,0.012,0,1,0,1,0,-1,0,0.012],"_humanoidState":5,"_cameraCFrame":[775.897,237.358,46.965,0.291,-0.725,0.624,0,0.653,0.758,-0.957,-0.22,0.19],"_shiftlockState":true,"_pose":"FreeFall","_animationQueue":[],"_animationSpeed":1,"_zoom":8.291},{"_mousePosition":[683,384],"_rootPartCFrame":[770.471,229.568,46.912,0.312,0,0.95,0.002,1,-0.001,-0.95,0.002,0.312],"_humanoidState":5,"_cameraCFrame":[775.642,237.458,48.971,0.643,-0.59,0.488,0,0.637,0.771,-0.766,-0.495,0.41],"_shiftlockState":true,"_pose":"FreeFall","_animationQueue":[],"_animationSpeed":1,"_zoom":8.291},{"_mousePosition":[683,384],"_rootPartCFrame":[770.708,229.913,46.749,0.656,0,0.755,0.001,1,-0.001,-0.755,0.001,0.656],"_humanoidState":7,"_cameraCFrame":[774.996,238.2,49.462,0.793,-0.499,0.35,0,0.574,0.819,-0.609,-0.649,0.456],"_shiftlockState":true,"_pose":"FreeFall","_animationQueue":[["walk",0.1]],"_animationSpeed":1.007,"_zoom":8.291},{"_mousePosition":[683,384],"_rootPartCFrame":[770.776,230.431,46.528,0.802,0,0.597,0.001,1,0,-0.597,0.001,0.802],"_humanoidState":7,"_cameraCFrame":[774.539,239.491,47.228,0.612,-0.721,0.325,0,0.411,0.912,-0.791,-0.558,0.251],"_shiftlockState":true,"_pose":"FreeFall","_animationQueue":[],"_animationSpeed":1.007,"_zoom":8.291},{"_mousePosition":[683,384],"_rootPartCFrame":[770.745,230.893,46.304,0.63,0,0.776,0,1,0,-0.776,0,0.63],"_humanoidState":7,"_cameraCFrame":[773.177,240.427,45.143,0.259,-0.936,0.239,0,0.247,0.969,-0.966,-0.251,0.064],"_shiftlockState":true,"_pose":"FreeFall","_animationQueue":[],"_animationSpeed":1.007,"_zoom":8.291},{"_mousePosition":[683,384],"_rootPartCFrame":[770.703,231.301,46.103,0.266,0,0.964,0,1,0,-0.964,0,0.266],"_humanoidState":8,"_cameraCFrame":[772.911,240.819,44.481,0.059,-0.965,0.254,0,0.254,0.967,-0.998,-0.057,0.015],"_shiftlockState":true,"_pose":"Running","_animationQueue":[["walk",0.1],["walk",0.1]],"_animationSpeed":0.954,"_zoom":8.291},{"_mousePosition":[683,384],"_rootPartCFrame":[770.665,232.163,45.916,0.062,0,0.998,0,1,0,-0.998,0,0.062],"_humanoidState":3,"_cameraCFrame":[772.896,241.563,43.812,-0.148,-0.942,0.3,0,0.304,0.953,-0.989,0.141,-0.045],"_shiftlockState":true,"_pose":"Jumping","_animationQueue":[["walk",0.1],["jump",0.1]],"_animationSpeed":1,"_zoom":8.291},{"_mousePosition":[683,384],"_rootPartCFrame":[770.602,232.972,45.727,-0.057,0,0.998,0,1,0,-0.998,0,-0.057],"_humanoidState":5,"_cameraCFrame":[772.848,242.312,43.428,-0.219,-0.923,0.317,0,0.325,0.946,-0.976,0.208,-0.071],"_shiftlockState":true,"_pose":"FreeFall","_animationQueue":[["jump",0.1]],"_animationSpeed":1,"_zoom":8.291},{"_mousePosition":[683,384],"_rootPartCFrame":[770.5,233.726,45.542,-0.106,0,0.994,0,1,0,-0.994,0,-0.106],"_humanoidState":5,"_cameraCFrame":[772.746,243.066,43.244,-0.219,-0.923,0.317,0,0.325,0.946,-0.976,0.208,-0.071],"_shiftlockState":true,"_pose":"FreeFall","_animationQueue":[],"_animationSpeed":1,"_zoom":8.291},{"_mousePosition":[683,384],"_rootPartCFrame":[770.36,234.425,45.369,-0.113,0,0.994,0,1,0,-0.994,0,-0.113],"_humanoidState":5,"_cameraCFrame":[772.607,243.766,43.071,-0.219,-0.923,0.317,0,0.325,0.946,-0.976,0.208,-0.071],"_shiftlockState":true,"_pose":"FreeFall","_animationQueue":[],"_animationSpeed":1,"_zoom":8.291},{"_mousePosition":[683,384],"_rootPartCFrame":[770.183,235.07,45.21,-0.116,0,0.993,0,1,0,-0.993,0,-0.116],"_humanoidState":5,"_cameraCFrame":[772.429,244.41,42.911,-0.219,-0.923,0.317,0,0.325,0.946,-0.976,0.208,-0.071],"_shiftlockState":true,"_pose":"FreeFall","_animationQueue":[],"_animationSpeed":1,"_zoom":8.291},{"_mousePosition":[683,384],"_rootPartCFrame":[769.97,235.66,45.063,-0.116,0,0.993,0,1,0,-0.993,0,-0.116],"_humanoidState":5,"_cameraCFrame":[772.216,245.001,42.764,-0.219,-0.923,0.317,0,0.325,0.946,-0.976,0.208,-0.071],"_shiftlockState":true,"_pose":"FreeFall","_animationQueue":[],"_animationSpeed":1,"_zoom":8.291},{"_mousePosition":[683,384],"_rootPartCFrame":[769.745,236.196,44.92,-0.116,0,0.993,0,1,0,-0.993,0,-0.116],"_humanoidState":5,"_cameraCFrame":[771.991,245.537,42.621,-0.219,-0.923,0.317,0,0.325,0.946,-0.976,0.208,-0.071],"_shiftlockState":true,"_pose":"FreeFall","_animationQueue":[],"_animationSpeed":1,"_zoom":8.291},{"_mousePosition":[683,384],"_rootPartCFrame":[769.519,236.678,44.778,-0.116,0,0.993,0,1,0,-0.993,0,-0.116],"_humanoidState":5,"_cameraCFrame":[771.766,246.018,42.479,-0.219,-0.923,0.317,0,0.325,0.946,-0.976,0.208,-0.071],"_shiftlockState":true,"_pose":"FreeFall","_animationQueue":[],"_animationSpeed":1,"_zoom":8.291},{"_mousePosition":[683,384],"_rootPartCFrame":[769.294,237.105,44.635,-0.116,0,0.993,0,1,0,-0.993,0,-0.116],"_humanoidState":5,"_cameraCFrame":[771.54,246.445,42.336,-0.219,-0.923,0.317,0,0.325,0.946,-0.976,0.208,-0.071],"_shiftlockState":true,"_pose":"FreeFall","_animationQueue":[],"_animationSpeed":1,"_zoom":8.291},{"_mousePosition":[683,384],"_rootPartCFrame":[769.069,237.477,44.492,-0.116,0,0.993,0,1,0,-0.993,0,-0.116],"_humanoidState":5,"_cameraCFrame":[771.315,246.817,42.193,-0.219,-0.923,0.317,0,0.325,0.946,-0.976,0.208,-0.071],"_shiftlockState":true,"_pose":"FreeFall","_animationQueue":[],"_animationSpeed":1,"_zoom":8.291},{"_mousePosition":[683,384],"_rootPartCFrame":[768.843,237.795,44.35,-0.116,0,0.993,0,1,0,-0.993,0,-0.116],"_humanoidState":5,"_cameraCFrame":[771.083,247.133,42.038,-0.225,-0.921,0.318,0,0.326,0.945,-0.974,0.212,-0.073],"_shiftlockState":true,"_pose":"FreeFall","_animationQueue":[],"_animationSpeed":1,"_zoom":8.291},{"_mousePosition":[683,384],"_rootPartCFrame":[768.562,238.116,44.172,-0.095,0,0.995,0,1,0,-0.995,0,-0.095],"_humanoidState":5,"_cameraCFrame":[770.569,247.445,41.628,-0.326,-0.893,0.311,0,0.329,0.944,-0.945,0.308,-0.107],"_shiftlockState":true,"_pose":"FreeFall","_animationQueue":[],"_animationSpeed":1,"_zoom":8.291},{"_mousePosition":[683,384],"_rootPartCFrame":[768.392,238.267,44.065,-0.244,0,0.97,0,1,0,-0.97,0,-0.244],"_humanoidState":5,"_cameraCFrame":[769.96,247.64,41.351,-0.439,-0.853,0.282,0,0.314,0.95,-0.898,0.417,-0.138],"_shiftlockState":true,"_pose":"FreeFall","_animationQueue":[],"_animationSpeed":1,"_zoom":8.291},{"_mousePosition":[683,384],"_rootPartCFrame":[768.156,238.422,43.942,-0.329,0,0.944,0,1,0,-0.944,0,-0.329],"_humanoidState":5,"_cameraCFrame":[769.057,247.887,41.195,-0.567,-0.791,0.228,0,0.278,0.961,-0.823,0.545,-0.157],"_shiftlockState":true,"_pose":"FreeFall","_animationQueue":[],"_animationSpeed":1,"_zoom":8.291},{"_mousePosition":[683,384],"_rootPartCFrame":[767.908,238.521,43.845,-0.462,0,0.887,0,1,0,-0.887,0,-0.462],"_humanoidState":5,"_cameraCFrame":[767.945,248.086,41.243,-0.731,-0.664,0.159,0,0.232,0.973,-0.683,0.711,-0.17],"_shiftlockState":true,"_pose":"FreeFall","_animationQueue":[],"_animationSpeed":1,"_zoom":8.291},{"_mousePosition":[683,384],"_rootPartCFrame":[767.585,238.57,43.767,-0.61,0,0.793,0,1,0,-0.793,0,-0.61],"_humanoidState":5,"_cameraCFrame":[767.288,248.16,41.264,-0.797,-0.59,0.132,0,0.219,0.976,-0.604,0.777,-0.174],"_shiftlockState":true,"_pose":"FreeFall","_animationQueue":[],"_animationSpeed":1,"_zoom":8.291},{"_mousePosition":[683,384],"_rootPartCFrame":[767.387,238.558,43.745,-0.737,0,0.676,0,1,0,-0.676,0,-0.737],"_humanoidState":5,"_cameraCFrame":[766.652,248.172,41.415,-0.881,-0.463,0.097,0,0.206,0.979,-0.473,0.862,-0.181],"_shiftlockState":true,"_pose":"FreeFall","_animationQueue":[],"_animationSpeed":1,"_zoom":8.291},{"_mousePosition":[683,384],"_rootPartCFrame":[767.123,238.494,43.749,-0.816,0,0.579,0,1,0,-0.579,0,-0.816],"_humanoidState":5,"_cameraCFrame":[766.029,248.115,41.591,-0.943,-0.326,0.067,0,0.202,0.979,-0.333,0.924,-0.19],"_shiftlockState":true,"_pose":"FreeFall","_animationQueue":[],"_animationSpeed":1,"_zoom":8.291},{"_mousePosition":[683,384],"_rootPartCFrame":[766.863,238.376,43.794,-0.894,0,0.448,0,1,0,-0.448,0,-0.894],"_humanoidState":5,"_cameraCFrame":[765.458,247.983,41.767,-0.983,-0.178,0.038,0,0.209,0.978,-0.182,0.961,-0.206],"_shiftlockState":true,"_pose":"FreeFall","_animationQueue":[],"_animationSpeed":1,"_zoom":8.291},{"_mousePosition":[683,384],"_rootPartCFrame":[766.612,238.203,43.876,-0.953,0,0.303,0,1,0,-0.303,0,-0.953],"_humanoidState":5,"_cameraCFrame":[764.969,247.802,42.001,-0.998,-0.057,0.012,0,0.214,0.977,-0.058,0.975,-0.214],"_shiftlockState":true,"_pose":"FreeFall","_animationQueue":[],"_animationSpeed":1,"_zoom":8.291},{"_mousePosition":[683,384],"_rootPartCFrame":[766.377,237.976,43.995,-0.984,0,0.18,0,1,0,-0.18,0,-0.984],"_humanoidState":5,"_cameraCFrame":[764.552,247.283,42.384,-0.999,0.044,-0.01,0,0.212,0.977,0.045,0.976,-0.212],"_shiftlockState":true,"_pose":"FreeFall","_animationQueue":[["fall",0.3]],"_animationSpeed":1,"_zoom":8.291},{"_mousePosition":[683,384],"_rootPartCFrame":[766.142,237.695,44.103,-0.996,0,0.084,0,1,0,-0.084,0,-0.996],"_humanoidState":5,"_cameraCFrame":[764.221,247.03,42.624,-0.994,0.106,-0.023,0,0.209,0.978,0.108,0.972,-0.208],"_shiftlockState":true,"_pose":"FreeFall","_animationQueue":[],"_animationSpeed":1,"_zoom":8.291},{"_mousePosition":[683,384],"_rootPartCFrame":[765.895,237.359,44.174,-1,0,0.025,0,1,0,-0.025,0,-1],"_humanoidState":5,"_cameraCFrame":[763.926,246.74,42.747,-0.99,0.137,-0.029,0,0.209,0.978,0.14,0.968,-0.207],"_shiftlockState":true,"_pose":"FreeFall","_animationQueue":[],"_animationSpeed":1,"_zoom":8.291},{"_mousePosition":[683,384],"_rootPartCFrame":[765.634,236.968,44.211,-1,0,-0.007,0,1,0,0.007,0,-1],"_humanoidState":5,"_cameraCFrame":[763.655,246.398,42.787,-0.989,0.143,-0.031,0,0.209,0.978,0.146,0.967,-0.207],"_shiftlockState":true,"_pose":"FreeFall","_animationQueue":[],"_animationSpeed":1,"_zoom":8.291},{"_mousePosition":[683,384],"_rootPartCFrame":[765.37,236.523,44.247,-1,0,-0.014,0,1,0,0.014,0,-1],"_humanoidState":5,"_cameraCFrame":[763.392,246.001,42.809,-0.99,0.141,-0.03,0,0.209,0.978,0.144,0.968,-0.207],"_shiftlockState":true,"_pose":"FreeFall","_animationQueue":[],"_animationSpeed":1,"_zoom":8.291},{"_mousePosition":[683,384],"_rootPartCFrame":[765.106,236.023,44.286,-1,0,-0.012,0,1,0,0.012,0,-1],"_humanoidState":5,"_cameraCFrame":[763.146,245.531,42.792,-0.992,0.127,-0.027,0,0.212,0.977,0.13,0.969,-0.21],"_shiftlockState":true,"_pose":"FreeFall","_animationQueue":[],"_animationSpeed":1,"_zoom":8.291},{"_mousePosition":[683,384],"_rootPartCFrame":[764.842,235.469,44.325,-1,0,0.003,0,1,0,-0.003,0,-1],"_humanoidState":5,"_cameraCFrame":[762.893,245.005,42.802,-0.993,0.119,-0.026,0,0.213,0.977,0.121,0.97,-0.211],"_shiftlockState":true,"_pose":"FreeFall","_animationQueue":[],"_animationSpeed":1,"_zoom":8.291},{"_mousePosition":[683,384],"_rootPartCFrame":[764.578,234.861,44.36,-1,0,0.012,0,1,0,-0.012,0,-1],"_humanoidState":5,"_cameraCFrame":[762.628,244.415,42.833,-0.993,0.119,-0.026,0,0.213,0.977,0.121,0.97,-0.211],"_shiftlockState":true,"_pose":"FreeFall","_animationQueue":[["fall",0.3]],"_animationSpeed":1,"_zoom":8.291},{"_mousePosition":[683,384],"_rootPartCFrame":[764.313,234.198,44.393,-1,0,0.012,0,1,0,-0.012,0,-1],"_humanoidState":5,"_cameraCFrame":[762.363,243.766,42.862,-0.993,0.119,-0.026,0,0.213,0.977,0.121,0.97,-0.211],"_shiftlockState":true,"_pose":"FreeFall","_animationQueue":[],"_animationSpeed":1,"_zoom":8.291},{"_mousePosition":[683,384],"_rootPartCFrame":[764.049,233.568,44.425,-0.996,0,-0.087,0,1,0,0.087,0,-0.996],"_humanoidState":7,"_cameraCFrame":[762.098,243.147,42.893,-0.993,0.119,-0.026,0,0.213,0.977,0.121,0.97,-0.211],"_shiftlockState":true,"_pose":"FreeFall","_animationQueue":[["walk",0.1],["fall",0.3],["fall",0.3]],"_animationSpeed":1,"_zoom":8.291},{"_mousePosition":[683,384],"_rootPartCFrame":[763.784,233.52,44.457,-0.993,0,-0.119,0,1,0,0.119,0,-0.993],"_humanoidState":7,"_cameraCFrame":[761.833,243.106,42.923,-0.993,0.119,-0.026,0,0.213,0.977,0.121,0.97,-0.211],"_shiftlockState":true,"_pose":"FreeFall","_animationQueue":[],"_animationSpeed":1,"_zoom":8.291},{"_mousePosition":[683,384],"_rootPartCFrame":[763.519,233.586,44.49,-0.993,0,-0.121,0,1,0,0.121,0,-0.993],"_humanoidState":8,"_cameraCFrame":[761.569,243.176,42.955,-0.993,0.119,-0.026,0,0.213,0.977,0.121,0.97,-0.211],"_shiftlockState":true,"_pose":"Running","_animationQueue":[["walk",0.1],["fall",0.3],["walk",0.1]],"_animationSpeed":1.103,"_zoom":8.291},{"_mousePosition":[683,384],"_rootPartCFrame":[763.255,233.604,44.522,-0.993,0,-0.121,0,1,0,0.121,0,-0.993],"_humanoidState":8,"_cameraCFrame":[761.3,243.2,42.999,-0.992,0.122,-0.026,0,0.212,0.977,0.125,0.97,-0.21],"_shiftlockState":true,"_pose":"Running","_animationQueue":[],"_animationSpeed":1.103,"_zoom":8.291},{"_mousePosition":[683,384],"_rootPartCFrame":[762.99,233.59,44.554,-0.992,0,-0.125,0,1,0,0.125,0,-0.992],"_humanoidState":8,"_cameraCFrame":[761.022,243.196,43.086,-0.991,0.133,-0.028,0,0.208,0.978,0.136,0.969,-0.206],"_shiftlockState":true,"_pose":"Running","_animationQueue":[],"_animationSpeed":1.103,"_zoom":8.291},{"_mousePosition":[683,384],"_rootPartCFrame":[762.725,233.593,44.588,-0.991,0,-0.136,0,1,0,0.136,0,-0.991],"_humanoidState":8,"_cameraCFrame":[760.75,243.202,43.144,-0.99,0.139,-0.029,0,0.206,0.978,0.142,0.969,-0.204],"_shiftlockState":true,"_pose":"Running","_animationQueue":[["walk",0.1]],"_animationSpeed":1.103,"_zoom":8.291},{"_mousePosition":[683,384],"_rootPartCFrame":[762.461,233.596,44.624,-0.99,0,-0.142,0,1,0,0.142,0,-0.99],"_humanoidState":8,"_cameraCFrame":[760.485,243.208,43.188,-0.99,0.14,-0.029,0,0.206,0.979,0.143,0.969,-0.203],"_shiftlockState":true,"_pose":"Running","_animationQueue":[],"_animationSpeed":1.103,"_zoom":8.291},{"_mousePosition":[683,384],"_rootPartCFrame":[762.197,233.598,44.661,-0.99,0,-0.143,0,1,0,0.143,0,-0.99],"_humanoidState":8,"_cameraCFrame":[760.221,243.21,43.226,-0.99,0.14,-0.029,0,0.206,0.979,0.143,0.969,-0.203],"_shiftlockState":true,"_pose":"Running","_animationQueue":[],"_animationSpeed":1.103,"_zoom":8.291},{"_mousePosition":[683,384],"_rootPartCFrame":[761.933,233.551,44.7,-0.99,0,-0.143,0,1,0,0.143,0,-0.99],"_humanoidState":8,"_cameraCFrame":[761.689,243.164,43.013,-0.99,0.14,-0.029,0,0.206,0.979,0.143,0.969,-0.203],"_shiftlockState":false,"_pose":"Running","_animationQueue":[],"_animationSpeed":1.103,"_zoom":8.291},{"_mousePosition":[683,384],"_rootPartCFrame":[761.669,233.423,44.738,-0.999,0,0.045,0,1,0,-0.045,0,-0.999],"_humanoidState":8,"_cameraCFrame":[761.425,243.036,43.051,-0.99,0.14,-0.029,0,0.206,0.979,0.143,0.969,-0.203],"_shiftlockState":false,"_pose":"Running","_animationQueue":[],"_animationSpeed":1.103,"_zoom":8.291},{"_mousePosition":[683,384],"_rootPartCFrame":[761.406,233.241,44.776,-0.973,0,0.229,0,1,0,-0.229,0,-0.973],"_humanoidState":8,"_cameraCFrame":[761.191,242.857,43.099,-0.992,0.124,-0.026,0,0.204,0.979,0.127,0.971,-0.202],"_shiftlockState":false,"_pose":"Running","_animationQueue":[],"_animationSpeed":1.103,"_zoom":8.291},{"_mousePosition":[683,384],"_rootPartCFrame":[761.142,233.108,44.814,-0.924,0,0.383,0,1,0,-0.383,0,-0.924],"_humanoidState":8,"_cameraCFrame":[760.963,242.731,43.166,-0.994,0.106,-0.022,0,0.2,0.98,0.108,0.974,-0.199],"_shiftlockState":false,"_pose":"Running","_animationQueue":[["walk",0.1]],"_animationSpeed":1.103,"_zoom":8.291},{"_mousePosition":[683,384],"_rootPartCFrame":[760.877,233.132,44.848,-0.86,0,0.51,0,1,0,-0.51,0,-0.86],"_humanoidState":8,"_cameraCFrame":[760.723,242.761,43.224,-0.996,0.093,-0.019,0,0.197,0.98,0.094,0.976,-0.196],"_shiftlockState":false,"_pose":"Running","_animationQueue":[],"_animationSpeed":1.103,"_zoom":8.291},{"_mousePosition":[683,384],"_rootPartCFrame":[760.613,234.005,44.882,-0.78,0,0.625,0,1,0,-0.625,0,-0.78],"_humanoidState":3,"_cameraCFrame":[760.471,243.638,43.276,-0.996,0.086,-0.017,0,0.194,0.981,0.088,0.977,-0.194],"_shiftlockState":false,"_pose":"Jumping","_animationQueue":[["walk",0.1],["jump",0.1]],"_animationSpeed":1,"_zoom":8.291},{"_mousePosition":[683,384],"_rootPartCFrame":[760.347,234.827,44.909,-0.702,0,0.712,0,1,0,-0.712,0,-0.702],"_humanoidState":5,"_cameraCFrame":[760.209,244.461,43.309,-0.996,0.084,-0.017,0,0.194,0.981,0.086,0.977,-0.193],"_shiftlockState":false,"_pose":"FreeFall","_animationQueue":[["jump",0.1]],"_animationSpeed":1,"_zoom":8.291},{"_mousePosition":[683,384],"_rootPartCFrame":[760.082,235.595,44.932,-0.629,0,0.777,0,1,0,-0.777,0,-0.629],"_humanoidState":5,"_cameraCFrame":[759.944,245.23,43.339,-0.996,0.084,-0.017,0,0.193,0.981,0.086,0.978,-0.192],"_shiftlockState":false,"_pose":"FreeFall","_animationQueue":[],"_animationSpeed":1,"_zoom":8.291},{"_mousePosition":[683,384],"_rootPartCFrame":[759.816,236.308,44.955,-0.562,0,0.827,0,1,0,-0.827,0,-0.562],"_humanoidState":5,"_cameraCFrame":[759.679,245.943,43.362,-0.996,0.084,-0.017,0,0.193,0.981,0.086,0.978,-0.192],"_shiftlockState":false,"_pose":"FreeFall","_animationQueue":[],"_animationSpeed":1,"_zoom":8.291},{"_mousePosition":[683,384],"_rootPartCFrame":[759.551,236.966,44.978,-0.501,0,0.866,0,1,0,-0.866,0,-0.501],"_humanoidState":5,"_cameraCFrame":[759.413,246.602,43.385,-0.996,0.084,-0.017,0,0.193,0.981,0.086,0.978,-0.192],"_shiftlockState":false,"_pose":"FreeFall","_animationQueue":[],"_animationSpeed":1,"_zoom":8.291},{"_mousePosition":[683,384],"_rootPartCFrame":[759.285,237.57,45.001,-0.446,0,0.895,0,1,0,-0.895,0,-0.446],"_humanoidState":5,"_cameraCFrame":[759.149,247.206,43.408,-0.996,0.083,-0.016,0,0.193,0.981,0.085,0.978,-0.192],"_shiftlockState":false,"_pose":"FreeFall","_animationQueue":[],"_animationSpeed":1,"_zoom":8.291},{"_mousePosition":[683,384],"_rootPartCFrame":[759.019,238.12,45.024,-0.398,0,0.917,0,1,0,-0.917,0,-0.398],"_humanoidState":5,"_cameraCFrame":[758.884,247.756,43.437,-0.996,0.083,-0.016,0,0.192,0.981,0.085,0.978,-0.191],"_shiftlockState":false,"_pose":"FreeFall","_animationQueue":[],"_animationSpeed":1,"_zoom":8.291},{"_mousePosition":[683,384],"_rootPartCFrame":[758.754,238.615,45.047,-0.356,0,0.935,0,1,0,-0.935,0,-0.356],"_humanoidState":5,"_cameraCFrame":[758.618,248.251,43.46,-0.996,0.083,-0.016,0,0.192,0.981,0.085,0.978,-0.191],"_shiftlockState":false,"_pose":"FreeFall","_animationQueue":[],"_animationSpeed":1,"_zoom":8.291},{"_mousePosition":[683,384],"_rootPartCFrame":[758.488,239.055,45.07,-0.319,0,0.948,0,1,0,-0.948,0,-0.319],"_humanoidState":5,"_cameraCFrame":[758.353,248.692,43.483,-0.996,0.083,-0.016,0,0.192,0.981,0.085,0.978,-0.191],"_shiftlockState":false,"_pose":"FreeFall","_animationQueue":[],"_animationSpeed":1,"_zoom":8.291},{"_mousePosition":[683,384],"_rootPartCFrame":[758.222,239.441,45.092,-0.287,0,0.958,0,1,0,-0.958,0,-0.287],"_humanoidState":5,"_cameraCFrame":[758.087,249.078,43.505,-0.996,0.083,-0.016,0,0.192,0.981,0.085,0.978,-0.191],"_shiftlockState":false,"_pose":"FreeFall","_animationQueue":[],"_animationSpeed":1,"_zoom":8.291},{"_mousePosition":[683,384],"_rootPartCFrame":[757.957,239.773,45.115,-0.259,0,0.966,0,1,0,-0.966,0,-0.259],"_humanoidState":5,"_cameraCFrame":[757.821,249.41,43.528,-0.996,0.083,-0.016,0,0.192,0.981,0.085,0.978,-0.191],"_shiftlockState":false,"_pose":"FreeFall","_animationQueue":[],"_animationSpeed":1,"_zoom":8.291},{"_mousePosition":[683,384],"_rootPartCFrame":[757.691,240.05,45.138,-0.235,0,0.972,0,1,0,-0.972,0,-0.235],"_humanoidState":5,"_cameraCFrame":[757.556,249.687,43.551,-0.996,0.083,-0.016,0,0.192,0.981,0.085,0.978,-0.191],"_shiftlockState":false,"_pose":"FreeFall","_animationQueue":[],"_animationSpeed":1,"_zoom":8.291},{"_mousePosition":[683,384],"_rootPartCFrame":[757.426,240.272,45.16,-0.214,0,0.977,0,1,0,-0.977,0,-0.214],"_humanoidState":5,"_cameraCFrame":[757.29,249.909,43.573,-0.996,0.083,-0.016,0,0.192,0.981,0.085,0.978,-0.191],"_shiftlockState":false,"_pose":"FreeFall","_animationQueue":[],"_animationSpeed":1,"_zoom":8.291},{"_mousePosition":[683,384],"_rootPartCFrame":[757.16,240.441,45.183,-0.196,0,0.981,0,1,0,-0.981,0,-0.196],"_humanoidState":5,"_cameraCFrame":[757.025,250.077,43.596,-0.996,0.083,-0.016,0,0.192,0.981,0.085,0.978,-0.191],"_shiftlockState":false,"_pose":"FreeFall","_animationQueue":[],"_animationSpeed":1,"_zoom":8.291},{"_mousePosition":[683,384],"_rootPartCFrame":[756.894,240.554,45.206,-0.18,0,0.984,0,1,0,-0.984,0,-0.18],"_humanoidState":5,"_cameraCFrame":[756.755,250.192,43.626,-0.996,0.086,-0.017,0,0.191,0.982,0.088,0.978,-0.191],"_shiftlockState":false,"_pose":"FreeFall","_animationQueue":[],"_animationSpeed":1,"_zoom":8.291},{"_mousePosition":[683,384],"_rootPartCFrame":[756.629,240.613,45.228,-0.167,0,0.986,0,1,0,-0.986,0,-0.167],"_humanoidState":5,"_cameraCFrame":[756.433,250.253,43.667,-0.992,0.122,-0.024,0,0.19,0.982,0.125,0.974,-0.188],"_shiftlockState":false,"_pose":"FreeFall","_animationQueue":[],"_animationSpeed":1,"_zoom":8.291},{"_mousePosition":[683,384],"_rootPartCFrame":[756.363,240.618,45.252,-0.156,0,0.988,0,1,0,-0.988,0,-0.156],"_humanoidState":5,"_cameraCFrame":[756.052,250.257,43.703,-0.98,0.193,-0.038,0,0.191,0.982,0.197,0.962,-0.187],"_shiftlockState":false,"_pose":"FreeFall","_animationQueue":[],"_animationSpeed":1,"_zoom":8.291},{"_mousePosition":[683,384],"_rootPartCFrame":[756.266,240.568,45.305,-0.059,0,0.998,0,1,0,-0.998,0,-0.059],"_humanoidState":5,"_cameraCFrame":[754.056,250.187,44.308,-0.943,0.327,-0.068,0,0.202,0.979,0.334,0.923,-0.191],"_shiftlockState":true,"_pose":"FreeFall","_animationQueue":[],"_animationSpeed":1,"_zoom":8.291},{"_mousePosition":[683,384],"_rootPartCFrame":[756.919,240.365,45.291,-0.926,-0.083,-0.369,-0.075,0.997,-0.036,0.371,-0.005,-0.929],"_humanoidState":7,"_cameraCFrame":[755.046,243.283,45.59,-0.943,0.327,-0.068,0,0.202,0.979,0.334,0.923,-0.191],"_shiftlockState":true,"_pose":"FreeFall","_animationQueue":[["fall",0.3],["walk",0.1],["fall",0.3],["fall",0.3]],"_animationSpeed":1,"_zoom":8.291},{"_mousePosition":[683,384],"_rootPartCFrame":[757.113,240.449,45.283,-0.913,-0.088,-0.398,-0.074,0.996,-0.051,0.401,-0.017,-0.916],"_humanoidState":7,"_cameraCFrame":[755.344,243.281,45.954,-0.835,0.536,-0.128,0,0.233,0.972,0.551,0.812,-0.194],"_shiftlockState":true,"_pose":"FreeFall","_animationQueue":[],"_animationSpeed":1,"_zoom":8.291},{"_mousePosition":[683,384],"_rootPartCFrame":[757.36,240.515,45.279,-0.815,-0.02,-0.579,-0.015,1,-0.012,0.579,-0.001,-0.815],"_humanoidState":8,"_cameraCFrame":[755.793,243.671,46.229,-0.69,0.698,-0.192,0,0.265,0.964,0.723,0.666,-0.183],"_shiftlockState":true,"_pose":"Running","_animationQueue":[["walk",0.1],["fall",0.3],["walk",0.1]],"_animationSpeed":1.101,"_zoom":8.291},{"_mousePosition":[683,384],"_rootPartCFrame":[757.587,241.398,45.274,-0.682,0.039,-0.73,0.024,0.999,0.031,0.731,0.004,-0.683],"_humanoidState":3,"_cameraCFrame":[756.118,245.063,46.376,-0.544,0.8,-0.254,0,0.302,0.953,0.839,0.518,-0.164],"_shiftlockState":true,"_pose":"Jumping","_animationQueue":[["walk",0.1],["jump",0.1]],"_animationSpeed":1,"_zoom":8.291},{"_mousePosition":[683,384],"_rootPartCFrame":[757.783,242.248,45.29,-0.613,0.033,-0.789,0.021,0.999,0.025,0.79,-0.001,-0.614],"_humanoidState":5,"_cameraCFrame":[756.088,246.855,46.382,-0.44,0.848,-0.296,0,0.33,0.944,0.898,0.415,-0.145],"_shiftlockState":true,"_pose":"FreeFall","_animationQueue":[["jump",0.1]],"_animationSpeed":1,"_zoom":8.291},{"_mousePosition":[683,384],"_rootPartCFrame":[757.952,243.043,45.34,-0.542,0.011,-0.84,0.009,1,0.007,0.84,-0.004,-0.543],"_humanoidState":5,"_cameraCFrame":[755.896,248.626,46.413,-0.358,0.873,-0.331,0,0.355,0.935,0.934,0.335,-0.127],"_shiftlockState":true,"_pose":"FreeFall","_animationQueue":[],"_animationSpeed":1,"_zoom":8.291},{"_mousePosition":[683,384],"_rootPartCFrame":[758.108,243.784,45.425,-0.465,0.001,-0.885,0.003,1,0,0.885,-0.002,-0.465],"_humanoidState":5,"_cameraCFrame":[755.633,250.304,46.512,-0.285,0.887,-0.364,0,0.38,0.925,0.959,0.263,-0.108],"_shiftlockState":true,"_pose":"FreeFall","_animationQueue":[],"_animationSpeed":1,"_zoom":8.291},{"_mousePosition":[683,384],"_rootPartCFrame":[758.253,244.47,45.548,-0.393,-0.001,-0.919,0,1,-0.001,0.919,-0.001,-0.393],"_humanoidState":5,"_cameraCFrame":[755.455,251.654,46.639,-0.247,0.89,-0.382,0,0.394,0.919,0.969,0.227,-0.098],"_shiftlockState":true,"_pose":"FreeFall","_animationQueue":[],"_animationSpeed":1,"_zoom":8.291},{"_mousePosition":[683,384],"_rootPartCFrame":[758.416,245.102,45.673,-0.285,-0.001,-0.958,0,1,0,0.958,0,-0.285],"_humanoidState":5,"_cameraCFrame":[755.388,252.774,46.77,-0.225,0.893,-0.391,0,0.401,0.916,0.974,0.206,-0.09],"_shiftlockState":true,"_pose":"FreeFall","_animationQueue":[],"_animationSpeed":1,"_zoom":8.291},{"_mousePosition":[683,384],"_rootPartCFrame":[758.613,245.679,45.777,-0.232,0,-0.973,0,1,0,0.973,0,-0.232],"_humanoidState":5,"_cameraCFrame":[755.387,253.783,46.872,-0.211,0.894,-0.396,0,0.405,0.914,0.978,0.193,-0.085],"_shiftlockState":true,"_pose":"FreeFall","_animationQueue":[],"_animationSpeed":1,"_zoom":8.291},{"_mousePosition":[683,384],"_rootPartCFrame":[758.842,246.202,45.859,-0.213,0,-0.977,0,1,0,0.977,0,-0.213],"_humanoidState":5,"_cameraCFrame":[755.48,254.622,46.964,-0.198,0.896,-0.398,0,0.406,0.914,0.98,0.181,-0.081],"_shiftlockState":true,"_pose":"FreeFall","_animationQueue":[],"_animationSpeed":1,"_zoom":8.291},{"_mousePosition":[683,384],"_rootPartCFrame":[759.164,246.778,45.934,-0.201,0,-0.98,0,1,0,0.98,0,-0.201],"_humanoidState":5,"_cameraCFrame":[755.708,255.389,47.067,-0.184,0.897,-0.402,0,0.409,0.912,0.983,0.168,-0.075],"_shiftlockState":true,"_pose":"FreeFall","_animationQueue":[],"_animationSpeed":1,"_zoom":8.291},{"_mousePosition":[683,384],"_rootPartCFrame":[759.359,247.083,45.974,-0.185,0,-0.983,0,1,0,0.983,0,-0.185],"_humanoidState":5,"_cameraCFrame":[755.814,255.814,47.143,-0.169,0.897,-0.409,0,0.415,0.91,0.986,0.153,-0.07],"_shiftlockState":true,"_pose":"FreeFall","_animationQueue":[],"_animationSpeed":1,"_zoom":8.291},{"_mousePosition":[683,384],"_rootPartCFrame":[759.621,247.443,46.024,-0.171,0,-0.985,0,1,0,0.985,0,-0.171],"_humanoidState":5,"_cameraCFrame":[755.924,256.213,47.251,-0.145,0.892,-0.427,0,0.432,0.902,0.989,0.131,-0.063],"_shiftlockState":true,"_pose":"FreeFall","_animationQueue":[],"_animationSpeed":1,"_zoom":8.291},{"_mousePosition":[683,384],"_rootPartCFrame":[759.812,247.734,46.076,-0.097,0.002,-0.995,0.006,1,0.001,0.995,-0.006,-0.097],"_humanoidState":5,"_cameraCFrame":[755.887,256.463,47.332,-0.126,0.881,-0.456,0,0.459,0.888,0.992,0.112,-0.058],"_shiftlockState":true,"_pose":"FreeFall","_animationQueue":[],"_animationSpeed":1,"_zoom":8.291},{"_mousePosition":[683,384],"_rootPartCFrame":[759.847,247.974,46.141,-0.063,0.002,-0.998,0.005,1,0.001,0.998,-0.005,-0.063],"_humanoidState":12,"_cameraCFrame":[755.765,256.673,47.395,-0.122,0.873,-0.473,0,0.476,0.879,0.993,0.107,-0.058],"_shiftlockState":true,"_pose":"Climbing","_animationQueue":[["walk",0.1],["climb",0.1]],"_animationSpeed":1.153,"_zoom":8.291},{"_mousePosition":[683,384],"_rootPartCFrame":[759.838,248.113,46.154,-0.115,0.001,-0.993,0.001,1,0.001,0.993,-0.001,-0.115],"_humanoidState":12,"_cameraCFrame":[755.732,256.841,47.411,-0.122,0.872,-0.473,0,0.477,0.879,0.993,0.107,-0.058],"_shiftlockState":true,"_pose":"Climbing","_animationQueue":[["climb",0.1]],"_animationSpeed":0.935,"_zoom":8.291},{"_mousePosition":[683,384],"_rootPartCFrame":[759.834,248.3,46.155,-0.12,0,-0.993,0,1,0,0.993,0,-0.12],"_humanoidState":12,"_cameraCFrame":[755.716,257.046,47.413,-0.122,0.872,-0.473,0,0.477,0.879,0.993,0.107,-0.058],"_shiftlockState":true,"_pose":"Climbing","_animationQueue":[],"_animationSpeed":0.935,"_zoom":8.291},{"_mousePosition":[683,384],"_rootPartCFrame":[759.833,248.487,46.155,-0.122,0,-0.993,0,1,0,0.993,0,-0.122],"_humanoidState":12,"_cameraCFrame":[755.708,257.247,47.412,-0.122,0.872,-0.473,0,0.477,0.879,0.993,0.107,-0.058],"_shiftlockState":true,"_pose":"Climbing","_animationQueue":[],"_animationSpeed":0.935,"_zoom":8.291},{"_mousePosition":[683,384],"_rootPartCFrame":[759.833,248.673,46.155,-0.122,0,-0.993,0,1,0,0.993,0,-0.122],"_humanoidState":12,"_cameraCFrame":[755.703,257.443,47.411,-0.122,0.872,-0.473,0,0.477,0.879,0.993,0.107,-0.058],"_shiftlockState":true,"_pose":"Climbing","_animationQueue":[],"_animationSpeed":0.935,"_zoom":8.291},{"_mousePosition":[683,384],"_rootPartCFrame":[759.833,248.86,46.155,-0.122,0,-0.993,0,1,0,0.993,0,-0.122],"_humanoidState":12,"_cameraCFrame":[755.7,257.635,47.41,-0.122,0.872,-0.473,0,0.477,0.879,0.993,0.107,-0.058],"_shiftlockState":true,"_pose":"Climbing","_animationQueue":[],"_animationSpeed":0.935,"_zoom":8.291},{"_mousePosition":[683,384],"_rootPartCFrame":[759.833,249.047,46.155,-0.122,0,-0.993,0,1,0,0.993,0,-0.122],"_humanoidState":12,"_cameraCFrame":[755.461,257.751,46.959,-0.221,0.848,-0.481,0,0.493,0.87,0.975,0.192,-0.109],"_shiftlockState":true,"_pose":"Climbing","_animationQueue":[],"_animationSpeed":0.935,"_zoom":8.291},{"_mousePosition":[683,384],"_rootPartCFrame":[759.833,249.233,46.155,-0.221,0,-0.975,0,1,0,0.975,0,-0.221],"_humanoidState":12,"_cameraCFrame":[755.296,257.826,45.249,-0.552,0.714,-0.431,0,0.517,0.856,0.834,0.473,-0.285],"_shiftlockState":true,"_pose":"Climbing","_animationQueue":[],"_animationSpeed":0.935,"_zoom":8.291},{"_mousePosition":[683,384],"_rootPartCFrame":[759.977,249.969,46.384,-0.577,0,-0.817,0,1,0,0.817,0,-0.577],"_humanoidState":8,"_cameraCFrame":[755.977,258.621,44.241,-0.776,0.545,-0.319,0,0.505,0.863,0.631,0.669,-0.392],"_shiftlockState":true,"_pose":"Standing","_animationQueue":[["climb",0.1],["idle",0.1],["idle",0.1]],"_animationSpeed":1,"_zoom":8.291},{"_mousePosition":[683,384],"_rootPartCFrame":[760.031,250.235,46.573,-0.785,0,-0.619,0,1,0,0.619,0,-0.785],"_humanoidState":8,"_cameraCFrame":[756.458,259.27,45.085,-0.76,0.591,-0.271,0,0.416,0.909,0.65,0.691,-0.317],"_shiftlockState":true,"_pose":"Running","_animationQueue":[["walk",0.1]],"_animationSpeed":1.068,"_zoom":8.291},{"_mousePosition":[683,384],"_rootPartCFrame":[760.018,250.446,46.837,-0.764,0,-0.645,0,1,0,0.645,0,-0.764],"_humanoidState":8,"_cameraCFrame":[757.2,259.933,47.024,-0.566,0.794,-0.22,0,0.267,0.964,0.824,0.546,-0.151],"_shiftlockState":true,"_pose":"Running","_animationQueue":[],"_animationSpeed":1.068,"_zoom":8.291},{"_mousePosition":[683,384],"_rootPartCFrame":[759.992,251.309,47.102,-0.568,0,-0.823,0,1,0,0.823,0,-0.568],"_humanoidState":3,"_cameraCFrame":[757.409,260.853,47.739,-0.458,0.862,-0.215,0,0.242,0.97,0.889,0.445,-0.111],"_shiftlockState":true,"_pose":"Jumping","_animationQueue":[["walk",0.1],["jump",0.1]],"_animationSpeed":1,"_zoom":8.291},{"_mousePosition":[683,384],"_rootPartCFrame":[759.992,252.117,47.366,-0.532,0,-0.847,0,1,0,0.847,0,-0.532],"_humanoidState":5,"_cameraCFrame":[757.433,261.639,48.317,-0.334,0.912,-0.238,0,0.253,0.968,0.943,0.323,-0.084],"_shiftlockState":true,"_pose":"FreeFall","_animationQueue":[["jump",0.1]],"_animationSpeed":1,"_zoom":8.291},{"_mousePosition":[683,384],"_rootPartCFrame":[760.03,252.871,47.626,-0.442,0,-0.897,0,1,0,0.897,0,-0.442],"_humanoidState":5,"_cameraCFrame":[757.504,262.351,48.946,-0.179,0.947,-0.267,0,0.271,0.962,0.984,0.172,-0.049],"_shiftlockState":true,"_pose":"FreeFall","_animationQueue":[],"_animationSpeed":1,"_zoom":8.291},{"_mousePosition":[683,384],"_rootPartCFrame":[760.133,253.737,47.938,-0.329,0,-0.944,0,1,0,0.944,0,-0.329],"_humanoidState":5,"_cameraCFrame":[757.558,263.154,49.515,-0.069,0.953,-0.296,0,0.297,0.955,0.998,0.066,-0.02],"_shiftlockState":true,"_pose":"FreeFall","_animationQueue":[],"_animationSpeed":1,"_zoom":8.291},{"_mousePosition":[683,384],"_rootPartCFrame":[760.219,254.215,48.11,-0.111,0,-0.994,0,1,0,0.994,0,-0.111],"_humanoidState":5,"_cameraCFrame":[757.568,263.56,49.909,0.018,0.946,-0.324,0,0.324,0.946,1,-0.017,0.006],"_shiftlockState":true,"_pose":"FreeFall","_animationQueue":[],"_animationSpeed":1,"_zoom":8.291},{"_mousePosition":[683,384],