[{"_mousePosition":[1156,355],"_rootPartCFrame":[776.035,222.97,47.142,-0.002,-0.008,1,0,1,0.008,-1,0,-0.002],"_humanoidState":8,"_cameraCFrame":[780.367,233.939,47.074,-0.016,-0.909,0.417,0,0.417,0.909,-1,0.014,-0.007],"_shiftlockState":false,"_pose":"Standing","_animationQueue":[],"_animationSpeed":1,"_zoom":10.418},{"_mousePosition":[1156,355],"_rootPartCFrame":[775.583,222.715,47.149,-0.005,0,1,0,1,0,-1,0,-0.005],"_humanoidState":8,"_cameraCFrame":[779.927,233.683,47.081,-0.016,-0.909,0.417,0,0.417,0.909,-1,0.014,-0.007],"_shiftlockState":false,"_pose":"Standing","_animationQueue":[],"_animationSpeed":1,"_zoom":10.418},{"_mousePosition":[1157,355],"_rootPartCFrame":[775.583,222.715,47.149,-0.005,0,1,0,1,0,-1,0,-0.005],"_humanoidState":8,"_cameraCFrame":[779.927,233.683,47.081,-0.016,-0.909,0.417,0,0.417,0.909,-1,0.014,-0.007],"_shiftlockState":false,"_pose":"Running","_animationQueue":[["walk",0.1]],"_animationSpeed":1.104,"_zoom":10.418},{"_mousePosition":[1156,355],"_rootPartCFrame":[775.316,222.601,47.154,-0.007,0,1,0,1,0,-1,0,-0.007],"_humanoidState":8,"_cameraCFrame":[779.66,233.57,47.086,-0.016,-0.909,0.417,0,0.417,0.909,-1,0.014,-0.007],"_shiftlockState":false,"_pose":"Running","_animationQueue":[],"_animationSpeed":1.104,"_zoom":10.418},{"_mousePosition":[1156,355],"_rootPartCFrame":[775.049,222.63,47.158,-0.008,0,1,0,1,0,-1,0,-0.008],"_humanoidState":8,"_cameraCFrame":[779.393,233.599,47.09,-0.016,-0.909,0.417,0,0.417,0.909,-1,0.014,-0.007],"_shiftlockState":false,"_pose":"Running","_animationQueue":[],"_animationSpeed":1.104,"_zoom":10.418},{"_mousePosition":[1155,357],"_rootPartCFrame":[774.783,222.66,47.162,-0.009,0,1,0,1,0,-1,0,-0.009],"_humanoidState":8,"_cameraCFrame":[779.126,233.628,47.094,-0.016,-0.909,0.417,0,0.417,0.909,-1,0.014,-0.007],"_shiftlockState":false,"_pose":"Running","_animationQueue":[],"_animationSpeed":1.104,"_zoom":10.418},{"_mousePosition":[1152,359],"_rootPartCFrame":[774.516,222.678,47.166,-0.01,0,1,0,1,0,-1,0,-0.01],"_humanoidState":8,"_cameraCFrame":[778.86,233.646,47.098,-0.016,-0.909,0.417,0,0.417,0.909,-1,0.014,-0.007],"_shiftlockState":false,"_pose":"Running","_animationQueue":[["walk",0.1]],"_animationSpeed":1.104,"_zoom":10.418},{"_mousePosition":[1140,363],"_rootPartCFrame":[774.249,222.688,47.17,-0.011,0,1,0,1,0,-1,0,-0.011],"_humanoidState":8,"_cameraCFrame":[778.593,233.657,47.102,-0.016,-0.909,0.417,0,0.417,0.909,-1,0.014,-0.007],"_shiftlockState":false,"_pose":"Running","_animationQueue":[],"_animationSpeed":1.104,"_zoom":10.418},{"_mousePosition":[1133,364],"_rootPartCFrame":[773.849,222.695,47.177,-0.012,0,1,0,1,0,-1,0,-0.012],"_humanoidState":8,"_cameraCFrame":[778.193,233.664,47.109,-0.016,-0.909,0.417,0,0.417,0.909,-1,0.014,-0.007],"_shiftlockState":false,"_pose":"Running","_animationQueue":[],"_animationSpeed":1.104,"_zoom":10.418},{"_mousePosition":[1119,367],"_rootPartCFrame":[773.716,222.696,47.179,-0.012,0,1,0,1,0,-1,0,-0.012],"_humanoidState":8,"_cameraCFrame":[778.06,233.665,47.111,-0.016,-0.909,0.417,0,0.417,0.909,-1,0.014,-0.007],"_shiftlockState":false,"_pose":"Running","_animationQueue":[],"_animationSpeed":1.104,"_zoom":10.418},{"_mousePosition":[1118,367],"_rootPartCFrame":[773.45,222.698,47.183,-0.012,0,1,0,1,0,-1,0,-0.012],"_humanoidState":8,"_cameraCFrame":[777.793,233.667,47.115,-0.016,-0.909,0.417,0,0.417,0.909,-1,0.014,-0.007],"_shiftlockState":false,"_pose":"Running","_animationQueue":[],"_animationSpeed":1.104,"_zoom":10.418},{"_mousePosition":[1087,374],"_rootPartCFrame":[773.183,222.699,47.187,-0.013,0,1,0,1,0,-1,0,-0.013],"_humanoidState":8,"_cameraCFrame":[777.527,233.667,47.119,-0.016,-0.909,0.417,0,0.417,0.909,-1,0.014,-0.007],"_shiftlockState":false,"_pose":"Running","_animationQueue":[],"_animationSpeed":1.104,"_zoom":10.418},{"_mousePosition":[1086,374],"_rootPartCFrame":[772.916,222.699,47.191,-0.013,0,1,0,1,0,-1,0,-0.013],"_humanoidState":8,"_cameraCFrame":[777.26,233.668,47.123,-0.016,-0.909,0.417,0,0.417,0.909,-1,0.014,-0.007],"_shiftlockState":false,"_pose":"Running","_animationQueue":[["walk",0.1]],"_animationSpeed":1.104,"_zoom":10.418},{"_mousePosition":[1086,374],"_rootPartCFrame":[772.65,222.699,47.195,-0.014,0,1,0,1,0,-1,0,-0.014],"_humanoidState":8,"_cameraCFrame":[776.993,233.668,47.127,-0.016,-0.909,0.417,0,0.417,0.909,-1,0.014,-0.007],"_shiftlockState":false,"_pose":"Running","_animationQueue":[],"_animationSpeed":1.104,"_zoom":10.418},{"_mousePosition":[1086,374],"_rootPartCFrame":[772.383,222.7,47.2,-0.014,0,1,0,1,0,-1,0,-0.014],"_humanoidState":8,"_cameraCFrame":[776.727,233.668,47.131,-0.016,-0.909,0.417,0,0.417,0.909,-1,0.014,-0.007],"_shiftlockState":false,"_pose":"Running","_animationQueue":[],"_animationSpeed":1.104,"_zoom":10.418},{"_mousePosition":[1086,374],"_rootPartCFrame":[772.117,222.7,47.204,-0.014,0,1,0,1,0,-1,0,-0.014],"_humanoidState":8,"_cameraCFrame":[776.514,233.644,47.181,-0.005,-0.907,0.422,0,0.422,0.907,-1,0.005,-0.002],"_shiftlockState":false,"_pose":"Running","_animationQueue":[],"_animationSpeed":1.104,"_zoom":10.418},{"_mousePosition":[1086,374],"_rootPartCFrame":[771.85,222.7,47.208,-0.014,0,1,0,1,0,-1,0,-0.014],"_humanoidState":8,"_cameraCFrame":[776.316,233.611,47.231,0.005,-0.903,0.429,0,0.429,0.903,-1,-0.005,0.002],"_shiftlockState":false,"_pose":"Running","_animationQueue":[],"_animationSpeed":1.104,"_zoom":10.418},{"_mousePosition":[1086,374],"_rootPartCFrame":[771.583,222.7,47.21,-0.013,0,1,0,1,0,-1,0,-0.013],"_humanoidState":8,"_cameraCFrame":[776.124,233.575,47.295,0.019,-0.9,0.436,0,0.436,0.9,-1,-0.017,0.008],"_shiftlockState":false,"_pose":"Running","_animationQueue":[],"_animationSpeed":1.104,"_zoom":10.418},{"_mousePosition":[1086,374],"_rootPartCFrame":[771.317,222.7,47.208,-0.011,0,1,0,1,0,-1,0,-0.011],"_humanoidState":8,"_cameraCFrame":[775.924,233.542,47.349,0.03,-0.896,0.442,0,0.442,0.897,-1,-0.027,0.013],"_shiftlockState":false,"_pose":"Running","_animationQueue":[],"_animationSpeed":1.104,"_zoom":10.418},{"_mousePosition":[1086,374],"_rootPartCFrame":[771.05,222.7,47.204,-0.007,0,1,0,1,0,-1,0,-0.007],"_humanoidState":8,"_cameraCFrame":[775.694,233.523,47.379,0.038,-0.894,0.446,0,0.446,0.895,-0.999,-0.034,0.017],"_shiftlockState":false,"_pose":"Running","_animationQueue":[["walk",0.1]],"_animationSpeed":1.104,"_zoom":10.418},{"_mousePosition":[1086,374],"_rootPartCFrame":[770.783,222.7,47.196,-0.002,0,1,0,1,0,-1,0,-0.002],"_humanoidState":8,"_cameraCFrame":[775.45,233.512,47.382,0.04,-0.893,0.448,0,0.448,0.894,-0.999,-0.036,0.018],"_shiftlockState":false,"_pose":"Running","_animationQueue":[],"_animationSpeed":1.104,"_zoom":10.418},{"_mousePosition":[1086,374],"_rootPartCFrame":[770.517,222.7,47.186,0.003,0,1,0,1,0,-1,0,0.003],"_humanoidState":8,"_cameraCFrame":[775.183,233.512,47.377,0.041,-0.893,0.448,0,0.448,0.894,-0.999,-0.037,0.018],"_shiftlockState":false,"_pose":"Running","_animationQueue":[],"_animationSpeed":1.104,"_zoom":10.418},{"_mousePosition":[1086,374],"_rootPartCFrame":[770.251,222.666,47.176,0.008,0,1,0,1,0,-1,0,0.008],"_humanoidState":8,"_cameraCFrame":[774.917,233.478,47.367,0.041,-0.893,0.448,0,0.448,0.894,-0.999,-0.037,0.018],"_shiftlockState":false,"_pose":"Running","_animationQueue":[],"_animationSpeed":1.104,"_zoom":10.418},{"_mousePosition":[1086,374],"_rootPartCFrame":[769.984,223.528,47.166,0.014,0,1,0,1,0,-1,0,0.014],"_humanoidState":3,"_cameraCFrame":[774.65,234.341,47.357,0.041,-0.893,0.448,0,0.448,0.894,-0.999,-0.037,0.018],"_shiftlockState":false,"_pose":"Jumping","_animationQueue":[["walk",0.1],["jump",0.1]],"_animationSpeed":1,"_zoom":10.418},{"_mousePosition":[1086,374],"_rootPartCFrame":[769.718,224.337,47.155,0.018,0,1,0,1,0,-1,0,0.018],"_humanoidState":5,"_cameraCFrame":[774.384,235.149,47.346,0.041,-0.893,0.448,0,0.448,0.894,-0.999,-0.037,0.018],"_shiftlockState":false,"_pose":"FreeFall","_animationQueue":[["jump",0.1]],"_animationSpeed":1,"_zoom":10.418},{"_mousePosition":[1086,374],"_rootPartCFrame":[769.451,225.091,47.144,0.021,0,1,0,1,0,-1,0,0.021],"_humanoidState":5,"_cameraCFrame":[774.117,235.903,47.335,0.041,-0.893,0.448,0,0.448,0.894,-0.999,-0.037,0.018],"_shiftlockState":false,"_pose":"FreeFall","_animationQueue":[],"_animationSpeed":1,"_zoom":10.418},{"_mousePosition":[1086,374],"_rootPartCFrame":[769.185,225.79,47.133,0.024,0,1,0,1,0,-1,0,0.024],"_humanoidState":5,"_cameraCFrame":[773.829,236.614,47.323,0.041,-0.894,0.446,0,0.446,0.895,-0.999,-0.037,0.018],"_shiftlockState":false,"_pose":"FreeFall","_animationQueue":[],"_animationSpeed":1,"_zoom":10.418},{"_mousePosition":[1086,374],"_rootPartCFrame":[768.919,226.435,47.122,0.026,0,1,0,1,0,-1,0,0.026],"_humanoidState":5,"_cameraCFrame":[773.471,237.303,47.318,0.043,-0.898,0.437,0,0.437,0.899,-0.999,-0.039,0.019],"_shiftlockState":false,"_pose":"FreeFall","_animationQueue":[],"_animationSpeed":1,"_zoom":10.418},{"_mousePosition":[1086,374],"_rootPartCFrame":[768.652,227.025,47.111,0.028,0,1,0,1,0,-1,0,0.028],"_humanoidState":5,"_cameraCFrame":[773.084,237.952,47.307,0.044,-0.904,0.425,0,0.426,0.905,-0.999,-0.04,0.019],"_shiftlockState":false,"_pose":"FreeFall","_animationQueue":[],"_animationSpeed":1,"_zoom":10.418},{"_mousePosition":[1086,374],"_rootPartCFrame":[768.386,227.561,47.1,0.03,0,1,0,1,0,-1,0,0.03],"_humanoidState":5,"_cameraCFrame":[772.794,238.498,47.299,0.045,-0.905,0.423,0,0.424,0.906,-0.999,-0.041,0.019],"_shiftlockState":false,"_pose":"FreeFall","_animationQueue":[],"_animationSpeed":1,"_zoom":10.418},{"_mousePosition":[1086,374],"_rootPartCFrame":[768.186,227.928,47.091,0.032,0,0.999,0,1,0,-0.999,0,0.032],"_humanoidState":5,"_cameraCFrame":[772.595,238.864,47.29,0.045,-0.905,0.423,0,0.424,0.906,-0.999,-0.041,0.019],"_shiftlockState":false,"_pose":"FreeFall","_animationQueue":[],"_animationSpeed":1,"_zoom":10.418},{"_mousePosition":[1086,374],"_rootPartCFrame":[767.92,228.368,47.079,0.034,0,0.999,0,1,0,-0.999,0,0.034],"_humanoidState":5,"_cameraCFrame":[772.328,239.305,47.278,0.045,-0.905,0.423,0,0.424,0.906,-0.999,-0.041,0.019],"_shiftlockState":false,"_pose":"FreeFall","_animationQueue":[],"_animationSpeed":1,"_zoom":10.418},{"_mousePosition":[1086,374],"_rootPartCFrame":[767.587,228.842,47.064,0.036,0,0.999,0,1,0,-0.999,0,0.036],"_humanoidState":5,"_cameraCFrame":[771.995,239.779,47.263,0.045,-0.905,0.423,0,0.424,0.906,-0.999,-0.041,0.019],"_shiftlockState":false,"_pose":"FreeFall","_animationQueue":[],"_animationSpeed":1,"_zoom":10.418},{"_mousePosition":[1086,374],"_rootPartCFrame":[767.387,229.086,47.055,0.037,0,0.999,0,1,0,-0.999,0,0.037],"_humanoidState":5,"_cameraCFrame":[771.796,240.023,47.254,0.045,-0.905,0.423,0,0.424,0.906,-0.999,-0.041,0.019],"_shiftlockState":false,"_pose":"FreeFall","_animationQueue":[],"_animationSpeed":1,"_zoom":10.418},{"_mousePosition":[1086,374],"_rootPartCFrame":[767.054,229.423,47.04,0.038,0,0.999,0,1,0,-0.999,0,0.038],"_humanoidState":5,"_cameraCFrame":[771.463,240.36,47.239,0.045,-0.905,0.423,0,0.424,0.906,-0.999,-0.041,0.019],"_shiftlockState":false,"_pose":"FreeFall","_animationQueue":[],"_animationSpeed":1,"_zoom":10.418},{"_mousePosition":[1086,374],"_rootPartCFrame":[766.788,229.632,47.028,0.039,0,0.999,0,1,0,-0.999,0,0.039],"_humanoidState":5,"_cameraCFrame":[771.196,240.569,47.227,0.045,-0.905,0.423,0,0.424,0.906,-0.999,-0.041,0.019],"_shiftlockState":false,"_pose":"FreeFall","_animationQueue":[],"_animationSpeed":1,"_zoom":10.418},{"_mousePosition":[1086,374],"_rootPartCFrame":[766.522,229.787,47.016,0.04,0,0.999,0,1,0,-0.999,0,0.04],"_humanoidState":5,"_cameraCFrame":[770.93,240.724,47.215,0.045,-0.905,0.423,0,0.424,0.906,-0.999,-0.041,0.019],"_shiftlockState":false,"_pose":"FreeFall","_animationQueue":[],"_animationSpeed":1,"_zoom":10.418},{"_mousePosition":[1086,374],"_rootPartCFrame":[766.322,229.867,47.007,0.04,0,0.999,0,1,0,-0.999,0,0.04],"_humanoidState":5,"_cameraCFrame":[770.73,240.804,47.206,0.045,-0.905,0.423,0,0.424,0.906,-0.999,-0.041,0.019],"_shiftlockState":false,"_pose":"FreeFall","_animationQueue":[],"_animationSpeed":1,"_zoom":10.418},{"_mousePosition":[1086,374],"_rootPartCFrame":[766.055,229.926,46.995,0.041,0,0.999,0,1,0,-0.999,0,0.041],"_humanoidState":5,"_cameraCFrame":[770.456,240.866,47.198,0.046,-0.905,0.422,0,0.423,0.906,-0.999,-0.042,0.019],"_shiftlockState":false,"_pose":"FreeFall","_animationQueue":[],"_animationSpeed":1,"_zoom":10.418},{"_mousePosition":[1086,374],"_rootPartCFrame":[765.722,229.923,46.98,0.042,0,0.999,0,1,0,-0.999,0,0.042],"_humanoidState":5,"_cameraCFrame":[770.137,240.856,47.207,0.051,-0.904,0.424,0,0.424,0.906,-0.999,-0.046,0.022],"_shiftlockState":false,"_pose":"FreeFall","_animationQueue":[["fall",0.3]],"_animationSpeed":1,"_zoom":10.418},{"_mousePosition":[1086,374],"_rootPartCFrame":[765.456,229.859,46.968,0.042,0,0.999,0,1,0,-0.999,0,0.042],"_humanoidState":5,"_cameraCFrame":[769.922,240.767,47.23,0.059,-0.902,0.429,0,0.429,0.903,-0.998,-0.053,0.025],"_shiftlockState":false,"_pose":"FreeFall","_animationQueue":[],"_animationSpeed":1,"_zoom":10.418},{"_mousePosition":[1086,374],"_rootPartCFrame":[765.19,229.741,46.955,0.043,0,0.999,0,1,0,-0.999,0,0.043],"_humanoidState":5,"_cameraCFrame":[769.692,240.628,47.347,0.087,-0.898,0.432,0,0.434,0.901,-0.996,-0.078,0.038],"_shiftlockState":false,"_pose":"FreeFall","_animationQueue":[],"_animationSpeed":1,"_zoom":10.418},{"_mousePosition":[1086,374],"_rootPartCFrame":[764.857,229.517,46.935,0.046,0,0.999,0,1,0,-0.999,0,0.046],"_humanoidState":5,"_cameraCFrame":[769.371,240.389,47.501,0.124,-0.893,0.433,0,0.437,0.9,-0.992,-0.112,0.054],"_shiftlockState":false,"_pose":"FreeFall","_animationQueue":[],"_animationSpeed":1,"_zoom":10.418},{"_mousePosition":[1086,374],"_rootPartCFrame":[764.724,229.403,46.925,0.048,0,0.999,0,1,0,-0.999,0,0.048],"_humanoidState":5,"_cameraCFrame":[769.243,240.26,47.665,0.162,-0.886,0.434,0,0.44,0.898,-0.987,-0.145,0.071],"_shiftlockState":false,"_pose":"FreeFall","_animationQueue":[],"_animationSpeed":1,"_zoom":10.418},{"_mousePosition":[1086,374],"_rootPartCFrame":[764.393,229.06,46.885,0.058,0,0.998,0,1,0,-0.998,0,0.058],"_humanoidState":5,"_cameraCFrame":[768.909,239.906,47.771,0.193,-0.88,0.433,0,0.442,0.897,-0.981,-0.173,0.085],"_shiftlockState":false,"_pose":"FreeFall","_animationQueue":[],"_animationSpeed":1,"_zoom":10.418},{"_mousePosition":[1086,374],"_rootPartCFrame":[764.13,228.724,46.843,0.071,0,0.997,0,1,0,-0.997,0,0.071],"_humanoidState":5,"_cameraCFrame":[768.649,239.555,47.859,0.219,-0.874,0.434,0,0.445,0.896,-0.976,-0.196,0.097],"_shiftlockState":false,"_pose":"FreeFall","_animationQueue":[],"_animationSpeed":1,"_zoom":10.418},{"_mousePosition":[1086,374],"_rootPartCFrame":[763.868,228.333,46.793,0.086,0,0.996,0,1,0,-0.996,0,0.086],"_humanoidState":5,"_cameraCFrame":[768.379,239.153,47.941,0.247,-0.867,0.433,0,0.447,0.895,-0.969,-0.221,0.11],"_shiftlockState":false,"_pose":"FreeFall","_animationQueue":[["fall",0.3]],"_animationSpeed":1,"_zoom":10.418},{"_mousePosition":[1086,374],"_rootPartCFrame":[763.608,227.888,46.736,0.104,0,0.995,0,1,0,-0.995,0,0.104],"_humanoidState":5,"_cameraCFrame":[768.083,238.704,48.041,0.28,-0.858,0.43,0,0.448,0.894,-0.96,-0.25,0.125],"_shiftlockState":false,"_pose":"FreeFall","_animationQueue":[],"_animationSpeed":1,"_zoom":10.418},{"_mousePosition":[1086,374],"_rootPartCFrame":[763.349,227.388,46.671,0.122,0,0.992,0,1,0,-0.992,0,0.122],"_humanoidState":5,"_cameraCFrame":[767.768,238.208,48.133,0.314,-0.849,0.424,0,0.447,0.895,-0.949,-0.281,0.14],"_shiftlockState":false,"_pose":"FreeFall","_animationQueue":[],"_animationSpeed":1,"_zoom":10.418},{"_mousePosition":[1086,374],"_rootPartCFrame":[763.092,226.834,46.598,0.143,0,0.99,0,1,0,-0.99,0,0.143],"_humanoidState":5,"_cameraCFrame":[767.448,237.665,48.176,0.341,-0.842,0.418,0,0.445,0.896,-0.94,-0.305,0.152],"_shiftlockState":false,"_pose":"FreeFall","_animationQueue":[],"_animationSpeed":1,"_zoom":10.418},{"_mousePosition":[1086,374],"_rootPartCFrame":[762.839,226.226,46.515,0.165,0,0.986,0,1,0,-0.986,0,0.165],"_humanoidState":5,"_cameraCFrame":[767.155,237.061,48.177,0.359,-0.836,0.414,0,0.444,0.896,-0.933,-0.322,0.16],"_shiftlockState":false,"_pose":"FreeFall","_animationQueue":[],"_animationSpeed":1,"_zoom":10.418},{"_mousePosition":[1086,374],"_rootPartCFrame":[762.588,225.563,46.426,0.189,0,0.982,0,1,0,-0.982,0,0.189],"_humanoidState":5,"_cameraCFrame":[766.89,236.397,48.124,0.367,-0.833,0.413,0,0.444,0.896,-0.93,-0.329,0.163],"_shiftlockState":false,"_pose":"FreeFall","_animationQueue":[],"_animationSpeed":1,"_zoom":10.418},{"_mousePosition":[1086,374],"_rootPartCFrame":[762.339,224.845,46.331,0.212,0,0.977,0,1,0,-0.977,0,0.212],"_humanoidState":5,"_cameraCFrame":[766.639,235.68,48.033,0.368,-0.833,0.413,0,0.444,0.896,-0.93,-0.33,0.163],"_shiftlockState":false,"_pose":"FreeFall","_animationQueue":[],"_animationSpeed":1,"_zoom":10.418},{"_mousePosition":[1086,374],"_rootPartCFrame":[762.091,224.073,46.233,0.234,0,0.972,0,1,0,-0.972,0,0.234],"_humanoidState":5,"_cameraCFrame":[766.391,234.908,47.936,0.368,-0.833,0.413,0,0.444,0.896,-0.93,-0.33,0.163],"_shiftlockState":false,"_pose":"FreeFall","_animationQueue":[["fall",0.3]],"_animationSpeed":1,"_zoom":10.418},{"_mousePosition":[1086,374],"_rootPartCFrame":[761.905,223.458,46.159,0.248,0,0.969,0,1,0,-0.969,0,0.248],"_humanoidState":5,"_cameraCFrame":[766.205,234.293,47.862,0.368,-0.833,0.413,0,0.444,0.896,-0.93,-0.33,0.163],"_shiftlockState":false,"_pose":"FreeFall","_animationQueue":[],"_animationSpeed":1,"_zoom":10.418},{"_mousePosition":[1086,374],"_rootPartCFrame":[761.657,222.698,46.061,0.265,0,0.964,0,1,0,-0.964,0,0.265],"_humanoidState":7,"_cameraCFrame":[765.956,233.533,47.764,0.368,-0.833,0.413,0,0.444,0.896,-0.93,-0.33,0.163],"_shiftlockState":false,"_pose":"FreeFall","_animationQueue":[["walk",0.1],["fall",0.3],["fall",0.3]],"_animationSpeed":1,"_zoom":10.418},{"_mousePosition":[1086,374],"_rootPartCFrame":[761.409,222.648,45.963,0.28,0,0.96,0,1,0,-0.96,0,0.28],"_humanoidState":7,"_cameraCFrame":[765.708,233.483,47.666,0.368,-0.833,0.413,0,0.444,0.896,-0.93,-0.33,0.163],"_shiftlockState":false,"_pose":"FreeFall","_animationQueue":[],"_animationSpeed":1,"_zoom":10.418},{"_mousePosition":[1086,374],"_rootPartCFrame":[761.099,222.754,45.84,0.295,0,0.955,0,1,0,-0.955,0,0.295],"_humanoidState":8,"_cameraCFrame":[765.398,233.589,47.543,0.368,-0.833,0.413,0,0.444,0.896,-0.93,-0.33,0.163],"_shiftlockState":false,"_pose":"Running","_animationQueue":[["walk",0.1],["fall",0.3],["walk",0.1]],"_animationSpeed":1.103,"_zoom":10.418},{"_mousePosition":[1086,374],"_rootPartCFrame":[760.851,222.811,45.742,0.305,0,0.952,0,1,0,-0.952,0,0.305],"_humanoidState":8,"_cameraCFrame":[765.151,233.646,47.445,0.368,-0.833,0.413,0,0.444,0.896,-0.93,-0.33,0.163],"_shiftlockState":false,"_pose":"Running","_animationQueue":[],"_animationSpeed":1.103,"_zoom":10.418},{"_mousePosition":[1086,374],"_rootPartCFrame":[760.603,222.843,45.644,0.314,0,0.949,0,1,0,-0.949,0,0.314],"_humanoidState":8,"_cameraCFrame":[764.903,233.678,47.347,0.368,-0.833,0.413,0,0.444,0.896,-0.93,-0.33,0.163],"_shiftlockState":false,"_pose":"Running","_animationQueue":[],"_animationSpeed":1.103,"_zoom":10.418},{"_mousePosition":[1086,374],"_rootPartCFrame":[760.355,222.86,45.546,0.321,0,0.947,0,1,0,-0.947,0,0.321],"_humanoidState":8,"_cameraCFrame":[764.655,233.695,47.248,0.368,-0.833,0.413,0,0.444,0.896,-0.93,-0.33,0.163],"_shiftlockState":false,"_pose":"Running","_animationQueue":[["walk",0.1]],"_animationSpeed":1.103,"_zoom":10.418},{"_mousePosition":[1086,374],"_rootPartCFrame":[760.107,222.869,45.448,0.328,0,0.945,0,1,0,-0.945,0,0.328],"_humanoidState":8,"_cameraCFrame":[764.359,233.73,47.126,0.367,-0.836,0.408,0,0.439,0.899,-0.93,-0.33,0.161],"_shiftlockState":false,"_pose":"Running","_animationQueue":[],"_animationSpeed":1.103,"_zoom":10.418},{"_mousePosition":[1086,374],"_rootPartCFrame":[759.859,222.874,45.349,0.333,0,0.943,0,1,0,-0.943,0,0.333],"_humanoidState":8,"_cameraCFrame":[764.041,233.775,46.98,0.363,-0.841,0.401,0,0.431,0.902,-0.932,-0.328,0.157],"_shiftlockState":false,"_pose":"Running","_animationQueue":[],"_animationSpeed":1.103,"_zoom":10.418},{"_mousePosition":[1086,374],"_rootPartCFrame":[759.611,222.877,45.252,0.338,0,0.941,0,1,0,-0.941,0,0.338],"_humanoidState":8,"_cameraCFrame":[763.675,233.842,46.807,0.357,-0.849,0.39,0,0.418,0.909,-0.934,-0.325,0.149],"_shiftlockState":false,"_pose":"Running","_animationQueue":[],"_animationSpeed":1.103,"_zoom":10.418},{"_mousePosition":[1086,374],"_rootPartCFrame":[759.363,223.74,45.154,0.342,0,0.94,0,1,0,-0.94,0,0.342],"_humanoidState":3,"_cameraCFrame":[763.295,234.767,46.668,0.359,-0.853,0.377,0,0.405,0.915,-0.933,-0.329,0.145],"_shiftlockState":false,"_pose":"Jumping","_animationQueue":[["walk",0.1],["jump",0.1]],"_animationSpeed":1,"_zoom":10.418},{"_mousePosition":[1086,374],"_rootPartCFrame":[759.114,224.548,45.058,0.345,0,0.939,0,1,0,-0.939,0,0.345],"_humanoidState":5,"_cameraCFrame":[762.939,235.619,46.572,0.368,-0.854,0.367,0,0.395,0.919,-0.93,-0.338,0.145],"_shiftlockState":false,"_pose":"FreeFall","_animationQueue":[["jump",0.1]],"_animationSpeed":1,"_zoom":10.418},{"_mousePosition":[1086,374],"_rootPartCFrame":[758.865,225.302,44.962,0.347,0,0.938,0,1,0,-0.938,0,0.347],"_humanoidState":5,"_cameraCFrame":[762.69,236.373,46.477,0.368,-0.854,0.367,0,0.395,0.919,-0.93,-0.338,0.145],"_shiftlockState":false,"_pose":"FreeFall","_animationQueue":[],"_animationSpeed":1,"_zoom":10.418},{"_mousePosition":[1086,374],"_rootPartCFrame":[758.617,226.002,44.864,0.35,0,0.937,0,1,0,-0.937,0,0.35],"_humanoidState":5,"_cameraCFrame":[762.442,237.073,46.379,0.368,-0.854,0.367,0,0.395,0.919,-0.93,-0.338,0.145],"_shiftlockState":false,"_pose":"FreeFall","_animationQueue":[],"_animationSpeed":1,"_zoom":10.418},{"_mousePosition":[1086,374],"_rootPartCFrame":[758.431,226.49,44.791,0.352,0,0.936,0,1,0,-0.936,0,0.352],"_humanoidState":5,"_cameraCFrame":[762.256,237.561,46.305,0.368,-0.854,0.367,0,0.395,0.919,-0.93,-0.338,0.145],"_shiftlockState":false,"_pose":"FreeFall","_animationQueue":[],"_animationSpeed":1,"_zoom":10.418},{"_mousePosition":[1086,374],"_rootPartCFrame":[758.183,227.094,44.693,0.354,0,0.935,0,1,0,-0.935,0,0.354],"_humanoidState":5,"_cameraCFrame":[762.008,238.165,46.207,0.368,-0.854,0.367,0,0.395,0.919,-0.93,-0.338,0.145],"_shiftlockState":false,"_pose":"FreeFall","_animationQueue":[],"_animationSpeed":1,"_zoom":10.418},{"_mousePosition":[1086,374],"_rootPartCFrame":[757.935,227.644,44.594,0.356,0,0.934,0,1,0,-0.934,0,0.356],"_humanoidState":5,"_cameraCFrame":[761.76,238.715,46.109,0.368,-0.854,0.367,0,0.395,0.919,-0.93,-0.338,0.145],"_shiftlockState":false,"_pose":"FreeFall","_animationQueue":[],"_animationSpeed":1,"_zoom":10.418},{"_mousePosition":[1086,374],"_rootPartCFrame":[757.625,228.254,44.472,0.358,0,0.934,0,1,0,-0.934,0,0.358],"_humanoidState":5,"_cameraCFrame":[761.45,239.325,45.986,0.368,-0.854,0.367,0,0.395,0.919,-0.93,-0.338,0.145],"_shiftlockState":false,"_pose":"FreeFall","_animationQueue":[],"_animationSpeed":1,"_zoom":10.418},{"_mousePosition":[1086,374],"_rootPartCFrame":[757.439,228.579,44.398,0.359,0,0.933,0,1,0,-0.933,0,0.359],"_humanoidState":5,"_cameraCFrame":[761.264,239.65,45.913,0.368,-0.854,0.367,0,0.395,0.919,-0.93,-0.338,0.145],"_shiftlockState":false,"_pose":"FreeFall","_animationQueue":[],"_animationSpeed":1,"_zoom":10.418},{"_mousePosition":[1086,374],"_rootPartCFrame":[757.191,228.965,44.3,0.36,0,0.933,0,1,0,-0.933,0,0.36],"_humanoidState":5,"_cameraCFrame":[761.016,240.036,45.814,0.368,-0.854,0.367,0,0.395,0.919,-0.93,-0.338,0.145],"_shiftlockState":false,"_pose":"FreeFall","_animationQueue":[],"_animationSpeed":1,"_zoom":10.418},{"_mousePosition":[1086,374],"_rootPartCFrame":[756.881,229.371,44.177,0.362,0,0.932,0,1,0,-0.932,0,0.362],"_humanoidState":5,"_cameraCFrame":[760.706,240.442,45.692,0.368,-0.854,0.367,0,0.395,0.919,-0.93,-0.338,0.145],"_shiftlockState":false,"_pose":"FreeFall","_animationQueue":[],"_animationSpeed":1,"_zoom":10.418},{"_mousePosition":[1086,374],"_rootPartCFrame":[756.695,229.574,44.103,0.362,0,0.932,0,1,0,-0.932,0,0.362],"_humanoidState":5,"_cameraCFrame":[760.52,240.645,45.618,0.368,-0.854,0.367,0,0.395,0.919,-0.93,-0.338,0.145],"_shiftlockState":false,"_pose":"FreeFall","_animationQueue":[],"_animationSpeed":1,"_zoom":10.418},{"_mousePosition":[1086,374],"_rootPartCFrame":[756.447,229.797,44.005,0.363,0,0.932,0,1,0,-0.932,0,0.363],"_humanoidState":5,"_cameraCFrame":[760.271,240.868,45.52,0.368,-0.854,0.367,0,0.395,0.919,-0.93,-0.338,0.145],"_shiftlockState":false,"_pose":"FreeFall","_animationQueue":[],"_animationSpeed":1,"_zoom":10.418},{"_mousePosition":[1086,374],"_rootPartCFrame":[756.136,229.998,43.883,0.364,0,0.931,0,1,0,-0.931,0,0.364],"_humanoidState":5,"_cameraCFrame":[759.961,241.069,45.397,0.368,-0.854,0.367,0,0.395,0.919,-0.93,-0.338,0.145],"_shiftlockState":false,"_pose":"FreeFall","_animationQueue":[],"_animationSpeed":1,"_zoom":10.418},{"_mousePosition":[1086,374],"_rootPartCFrame":[755.95,230.078,43.809,0.365,0,0.931,0,1,0,-0.931,0,0.365],"_humanoidState":5,"_cameraCFrame":[759.775,241.149,45.323,0.368,-0.854,0.367,0,0.395,0.919,-0.93,-0.338,0.145],"_shiftlockState":false,"_pose":"FreeFall","_animationQueue":[],"_animationSpeed":1,"_zoom":10.418},{"_mousePosition":[1086,374],"_rootPartCFrame":[755.702,230.137,43.711,0.365,0,0.931,0,1,0,-0.931,0,0.365],"_humanoidState":5,"_cameraCFrame":[759.527,241.208,45.225,0.368,-0.854,0.367,0,0.395,0.919,-0.93,-0.338,0.145],"_shiftlockState":false,"_pose":"FreeFall","_animationQueue":[["fall",0.3]],"_animationSpeed":1,"_zoom":10.418},{"_mousePosition":[1086,374],"_rootPartCFrame":[755.392,230.134,43.588,0.366,0,0.931,0,1,0,-0.931,0,0.366],"_humanoidState":5,"_cameraCFrame":[759.218,241.209,45.08,0.363,-0.856,0.367,0,0.394,0.919,-0.932,-0.334,0.143],"_shiftlockState":false,"_pose":"FreeFall","_animationQueue":[],"_animationSpeed":1,"_zoom":10.418},{"_mousePosition":[1086,374],"_rootPartCFrame":[755.144,230.071,43.49,0.366,0,0.931,0,1,0,-0.931,0,0.366],"_humanoidState":5,"_cameraCFrame":[758.951,241.174,44.833,0.333,-0.869,0.365,0,0.387,0.922,-0.943,-0.307,0.129],"_shiftlockState":false,"_pose":"FreeFall","_animationQueue":[],"_animationSpeed":1,"_zoom":10.418},{"_mousePosition":[1086,374],"_rootPartCFrame":[754.958,229.987,43.417,0.366,0,0.931,0,1,0,-0.931,0,0.366],"_humanoidState":5,"_cameraCFrame":[758.725,241.13,44.585,0.296,-0.884,0.362,0,0.379,0.926,-0.955,-0.274,0.112],"_shiftlockState":false,"_pose":"FreeFall","_animationQueue":[],"_animationSpeed":1,"_zoom":10.418},{"_mousePosition":[1086,374],"_rootPartCFrame":[754.644,229.78,43.305,0.362,0,0.932,0,1,0,-0.932,0,0.362],"_humanoidState":5,"_cameraCFrame":[758.354,240.96,44.333,0.267,-0.895,0.356,0,0.37,0.929,-0.964,-0.248,0.099],"_shiftlockState":false,"_pose":"FreeFall","_animationQueue":[],"_animationSpeed":1,"_zoom":10.418},{"_mousePosition":[1086,374],"_rootPartCFrame":[754.454,229.615,43.244,0.357,0,0.934,0,1,0,-0.934,0,0.357],"_humanoidState":5,"_cameraCFrame":[758.49,240.841,42.406,0.231,-0.908,0.349,0,0.358,0.934,-0.973,-0.216,0.083],"_shiftlockState":true,"_pose":"FreeFall","_animationQueue":[],"_animationSpeed":1,"_zoom":10.418},{"_mousePosition":[683,384],"_rootPartCFrame":[754.133,229.271,43.154,0.233,0,0.972,0,1,0,-0.972,0,0.233],"_humanoidState":5,"_cameraCFrame":[758.169,240.497,42.315,0.231,-0.908,0.349,0,0.358,0.934,-0.973,-0.216,0.083],"_shiftlockState":true,"_pose":"FreeFall","_animationQueue":[["fall",0.3]],"_animationSpeed":1,"_zoom":10.418},{"_mousePosition":[683,384],"_rootPartCFrame":[753.874,228.935,43.091,0.233,0,0.973,0,1,0,-0.973,0,0.233],"_humanoidState":5,"_cameraCFrame":[757.809,240.191,42.127,0.205,-0.917,0.343,0,0.351,0.936,-0.979,-0.192,0.072],"_shiftlockState":true,"_pose":"FreeFall","_animationQueue":[],"_animationSpeed":1,"_zoom":10.418},{"_mousePosition":[683,384],"_rootPartCFrame":[753.679,228.647,43.045,0.207,0,0.978,0,1,0,-0.978,0,0.207],"_humanoidState":5,"_cameraCFrame":[757.522,239.926,41.954,0.176,-0.924,0.339,0,0.345,0.939,-0.984,-0.165,0.061],"_shiftlockState":true,"_pose":"FreeFall","_animationQueue":[],"_animationSpeed":1,"_zoom":10.418},{"_mousePosition":[683,384],"_rootPartCFrame":[753.353,228.099,42.975,0.181,0,0.984,0,1,0,-0.984,0,0.181],"_humanoidState":5,"_cameraCFrame":[757.115,239.399,41.788,0.153,-0.93,0.335,0,0.339,0.941,-0.988,-0.144,0.052],"_shiftlockState":true,"_pose":"FreeFall","_animationQueue":[],"_animationSpeed":1,"_zoom":10.418},{"_mousePosition":[683,384],"_rootPartCFrame":[753.091,227.6,42.927,0.157,0,0.988,0,1,0,-0.988,0,0.157],"_humanoidState":5,"_cameraCFrame":[756.791,238.913,41.664,0.135,-0.933,0.333,0,0.336,0.942,-0.991,-0.127,0.045],"_shiftlockState":true,"_pose":"FreeFall","_animationQueue":[],"_animationSpeed":1,"_zoom":10.418},{"_mousePosition":[683,384],"_rootPartCFrame":[752.827,227.046,42.885,0.137,0,0.991,0,1,0,-0.991,0,0.137],"_humanoidState":5,"_cameraCFrame":[756.484,238.368,41.561,0.119,-0.936,0.331,0,0.333,0.943,-0.993,-0.112,0.04],"_shiftlockState":true,"_pose":"FreeFall","_animationQueue":[],"_animationSpeed":1,"_zoom":10.418},{"_mousePosition":[683,384],"_rootPartCFrame":[752.629,226.594,42.858,0.121,0,0.993,0,1,0,-0.993,0,0.121],"_humanoidState":5,"_cameraCFrame":[756.228,237.927,41.462,0.1,-0.939,0.329,0,0.33,0.944,-0.995,-0.095,0.033],"_shiftlockState":true,"_pose":"FreeFall","_animationQueue":[],"_animationSpeed":1,"_zoom":10.418},{"_mousePosition":[683,384],"_rootPartCFrame":[752.299,225.774,42.817,0.103,0,0.995,0,1,0,-0.995,0,0.103],"_humanoidState":5,"_cameraCFrame":[755.836,237.118,41.344,0.08,-0.942,0.326,0,0.327,0.945,-0.997,-0.075,0.026],"_shiftlockState":true,"_pose":"FreeFall","_animationQueue":[["fall",0.3]],"_animationSpeed":1,"_zoom":10.418},{"_mousePosition":[683,384],"_rootPartCFrame":[752.033,225.056,42.79,0.082,0,0.997,0,1,0,-0.997,0,0.082],"_humanoidState":5,"_cameraCFrame":[755.505,236.409,41.219,0.052,-0.944,0.325,0,0.325,0.946,-0.999,-0.05,0.017],"_shiftlockState":true,"_pose":"FreeFall","_animationQueue":[],"_animationSpeed":1,"_zoom":10.418},{"_mousePosition":[683,384],"_rootPartCFrame":[751.767,224.284,42.768,0.056,0,0.998,0,1,0,-0.998,0,0.056],"_humanoidState":5,"_cameraCFrame":[755.156,235.645,41.071,0.016,-0.946,0.323,0,0.323,0.947,-1,-0.015,0.005],"_shiftlockState":true,"_pose":"FreeFall","_animationQueue":[],"_animationSpeed":1,"_zoom":10.418},{"_mousePosition":[683,384],"_rootPartCFrame":[751.501,223.458,42.753,0.02,0,1,0,1,0,-1,0,0.02],"_humanoidState":5,"_cameraCFrame":[754.802,234.824,40.919,-0.025,-0.947,0.321,0,0.321,0.947,-1,0.024,-0.008],"_shiftlockState":true,"_pose":"FreeFall","_animationQueue":[],"_animationSpeed":1,"_zoom":10.418},{"_mousePosition":[683,384],"_rootPartCFrame":[751.301,222.802,42.748,-0.024,0,1,0,1,0,-1,0,-0.024],"_humanoidState":7,"_cameraCFrame":[754.485,234.171,40.732,-0.082,-0.944,0.319,0,0.32,0.947,-0.997,0.077,-0.026],"_shiftlockState":true,"_pose":"FreeFall","_animationQueue":[["walk",0.1],["fall",0.3],["fall",0.3]],"_animationSpeed":1,"_zoom":10.418},{"_mousePosition":[683,384],"_rootPartCFrame":[750.968,222.639,42.755,-0.081,0,0.997,0,1,0,-0.997,0,-0.081],"_humanoidState":7,"_cameraCFrame":[754.043,234.005,40.564,-0.137,-0.938,0.318,0,0.321,0.947,-0.991,0.129,-0.044],"_shiftlockState":true,"_pose":"FreeFall","_animationQueue":[],"_animationSpeed":1,"_zoom":10.418},{"_mousePosition":[683,384],"_rootPartCFrame":[750.702,222.728,42.774,-0.137,0,0.991,0,1,0,-0.991,0,-0.137],"_humanoidState":8,"_cameraCFrame":[753.728,234.075,40.434,-0.182,-0.929,0.321,0,0.326,0.945,-0.983,0.172,-0.059],"_shiftlockState":true,"_pose":"Running","_animationQueue":[["walk",0.1],["fall",0.3],["walk",0.1]],"_animationSpeed":1.103,"_zoom":10.418},{"_mousePosition":[683,384],"_rootPartCFrame":[750.438,222.795,42.81,-0.182,0,0.983,0,1,0,-0.983,0,-0.182],"_humanoidState":8,"_cameraCFrame":[753.478,234.1,40.318,-0.223,-0.917,0.329,0,0.338,0.941,-0.975,0.21,-0.075],"_shiftlockState":true,"_pose":"Running","_animationQueue":[["walk",0.1]],"_animationSpeed":1.103,"_zoom":10.418},{"_mousePosition":[683,384],"_rootPartCFrame":[750.176,222.834,42.857,-0.223,0,0.975,0,1,0,-0.975,0,-0.223],"_humanoidState":8,"_cameraCFrame":[753.254,234.084,40.201,-0.264,-0.903,0.34,0,0.352,0.936,-0.965,0.247,-0.093],"_shiftlockState":true,"_pose":"Running","_animationQueue":[],"_animationSpeed":1.103,"_zoom":10.418},{"_mousePosition":[683,384],"_rootPartCFrame":[749.915,222.855,42.916,-0.264,0,0.965,0,1,0,-0.965,0,-0.264],"_humanoidState":8,"_cameraCFrame":[753.047,234.039,40.084,-0.303,-0.886,0.351,0,0.369,0.93,-0.953,0.282,-0.112],"_shiftlockState":true,"_pose":"Running","_animationQueue":[],"_animationSpeed":1.103,"_zoom":10.418},{"_mousePosition":[683,384],"_rootPartCFrame":[749.658,222.867,42.985,-0.303,0,0.953,0,1,0,-0.953,0,-0.303],"_humanoidState":8,"_cameraCFrame":[752.85,234.009,40.082,-0.315,-0.878,0.359,0,0.379,0.926,-0.949,0.292,-0.119],"_shiftlockState":true,"_pose":"Running","_animationQueue":[],"_animationSpeed":1.103,"_zoom":10.418},{"_mousePosition":[683,384],"_rootPartCFrame":[749.404,222.873,43.065,-0.315,0,0.949,0,1,0,-0.949,0,-0.315],"_humanoidState":8,"_cameraCFrame":[752.647,233.993,40.145,-0.315,-0.876,0.364,0,0.384,0.923,-0.949,0.291,-0.121],"_shiftlockState":true,"_pose":"Running","_animationQueue":[],"_animationSpeed":1.103,"_zoom":10.418},{"_mousePosition":[683,384],"_rootPartCFrame":[749.15,222.876,43.149,-0.315,0,0.949,0,1,0,-0.949,0,-0.315],"_humanoidState":8,"_cameraCFrame":[752.394,233.996,40.229,-0.315,-0.876,0.364,0,0.384,0.923,-0.949,0.291,-0.121],"_shiftlockState":true,"_pose":"Running","_animationQueue":[],"_animationSpeed":1.103,"_zoom":10.418},{"_mousePosition":[683,384],"_rootPartCFrame":[748.834,222.878,43.254,-0.315,0,0.949,0,1,0,-0.949,0,-0.315],"_humanoidState":8,"_cameraCFrame":[752.077,233.998,40.334,-0.315,-0.876,0.364,0,0.384,0.923,-0.949,0.291,-0.121],"_shiftlockState":true,"_pose":"Running","_animationQueue":[["walk",0.1]],"_animationSpeed":1.103,"_zoom":10.418},{"_mousePosition":[683,384],"_rootPartCFrame":[748.683,222.879,43.337,-0.226,0.016,0.974,0.002,1,-0.016,-0.974,-0.001,-0.226],"_humanoidState":8,"_cameraCFrame":[752.148,233.97,40.549,-0.271,-0.886,0.376,0,0.39,0.921,-0.963,0.249,-0.106],"_shiftlockState":true,"_pose":"Running","_animationQueue":[],"_animationSpeed":1.103,"_zoom":10.418},{"_mousePosition":[683,384],"_rootPartCFrame":[748.601,222.879,43.344,-0.174,0.02,0.985,0.003,1,-0.019,-0.985,0,-0.174],"_humanoidState":8,"_cameraCFrame":[752.833,233.875,41.407,-0.044,-0.911,0.411,0,0.411,0.912,-0.999,0.04,-0.018],"_shiftlockState":true,"_pose":"Running","_animationQueue":[["walk",0.1]],"_animationSpeed":0.635,"_zoom":10.418},{"_mousePosition":[683,384],"_rootPartCFrame":[748.422,222.879,43.251,-0.011,0.007,1,0.002,1,-0.007,-1,0.002,-0.011],"_humanoidState":8,"_cameraCFrame":[752.926,233.927,42.764,0.285,-0.878,0.383,0,0.4,0.916,-0.959,-0.261,0.114],"_shiftlockState":true,"_pose":"Running","_animationQueue":[["walk",0.1]],"_animationSpeed":0.333,"_zoom":10.418},{"_mousePosition":[683,384],"_rootPartCFrame":[748.689,222.879,43.234,0.25,0.006,0.968,0.001,1,-0.006,-0.968,0.003,0.25],"_humanoidState":8,"_cameraCFrame":[752.813,234.108,43.21,0.419,-0.848,0.325,0,0.358,0.934,-0.908,-0.391,0.15],"_shiftlockState":true,"_pose":"Running","_animationQueue":[["walk",0.1]],"_animationSpeed":1.055,"_zoom":10.418},{"_mousePosition":[683,384],"_rootPartCFrame":[748.779,222.878,43.055,0.377,0.004,0.926,0,1,-0.004,-0.926,0.002,0.377],"_humanoidState":8,"_cameraCFrame":[751.951,234.415,42.142,0.275,-0.926,0.258,0,0.268,0.963,-0.961,-0.265,0.074],"_shiftlockState":true,"_pose":"Running","_animationQueue":[["walk",0.1]],"_animationSpeed":0.235,"_zoom":10.418},{"_mousePosition":[683,384],"_rootPartCFrame":[748.737,223.762,42.864,0.216,0.004,0.976,-0.001,1,-0.004,-0.976,0,0.216],"_humanoidState":3,"_cameraCFrame":[751.387,235.385,41.409,0.115,-0.965,0.234,0,0.236,0.972,-0.993,-0.112,0.027],"_shiftlockState":true,"_pose":"Jumping","_animationQueue":[["walk",0.1],["walk",0.1],["jump",0.1]],"_animationSpeed":1,"_zoom":10.418},{"_mousePosition":[683,384],"_rootPartCFrame":[748.705,224.424,42.721,0.07,0.004,0.998,-0.001,1,-0.004,-0.998,-0.001,0.07],"_humanoidState":3,"_cameraCFrame":[751,236.06,40.815,-0.066,-0.971,0.231,0,0.231,0.973,-0.998,0.064,-0.015],"_shiftlockState":true,"_pose":"Jumping","_animationQueue":[],"_animationSpeed":1,"_zoom":10.418},{"_mousePosition":[683,384],"_rootPartCFrame":[748.652,225.529,42.483,-0.141,0.004,0.99,-0.002,1,-0.004,-0.99,-0.003,-0.141],"_humanoidState":3,"_cameraCFrame":[750.589,237.152,40.16,-0.255,-0.94,0.228,0,0.236,0.972,-0.967,0.248,-0.06],"_shiftlockState":true,"_pose":"Jumping","_animationQueue":[],"_animationSpeed":1,"_zoom":10.418},{"_mousePosition":[683,384],"_rootPartCFrame":[748.584,226.378,42.295,-0.185,0.002,0.983,-0.001,1,-0.002,-0.983,-0.002,-0.185],"_humanoidState":5,"_cameraCFrame":[750.214,237.967,39.617,-0.418,-0.88,0.226,0,0.249,0.968,-0.908,0.405,-0.104],"_shiftlockState":true,"_pose":"FreeFall","_animationQueue":[["jump",0.1]],"_animationSpeed":1,"_zoom":10.418},{"_mousePosition":[683,384],"_rootPartCFrame":[748.508,226.979,42.161,-0.334,0,0.942,-0.001,1,-0.001,-0.942,-0.001,-0.334],"_humanoidState":5,"_cameraCFrame":[749.728,238.547,39.201,-0.566,-0.797,0.212,0,0.257,0.966,-0.825,0.547,-0.145],"_shiftlockState":true,"_pose":"FreeFall","_animationQueue":[],"_animationSpeed":1,"_zoom":10.418},{"_mousePosition":[683,384],"_rootPartCFrame":[748.359,227.911,41.948,-0.429,0.008,0.903,0,1,-0.008,-0.904,-0.004,-0.429],"_humanoidState":5,"_cameraCFrame":[749.173,239.474,38.831,-0.676,-0.712,0.191,0,0.259,0.966,-0.737,0.653,-0.175],"_shiftlockState":true,"_pose":"FreeFall","_animationQueue":[],"_animationSpeed":1,"_zoom":10.418},{"_mousePosition":[683,384],"_rootPartCFrame":[748.246,228.583,41.775,-0.582,0.005,0.813,0,1,-0.005,-0.813,-0.003,-0.582],"_humanoidState":5,"_cameraCFrame":[748.648,240.126,38.52,-0.774,-0.61,0.168,0,0.266,0.964,-0.633,0.747,-0.206],"_shiftlockState":true,"_pose":"FreeFall","_animationQueue":[],"_animationSpeed":1,"_zoom":10.418},{"_mousePosition":[683,384],"_rootPartCFrame":[748.154,229.043,41.658,-0.714,0,0.7,0,1,-0.001,-0.7,-0.001,-0.714],"_humanoidState":5,"_cameraCFrame":[748.167,240.541,38.245,-0.856,-0.495,0.145,0,0.281,0.96,-0.516,0.822,-0.241],"_shiftlockState":true,"_pose":"FreeFall","_animationQueue":[],"_animationSpeed":1,"_zoom":10.418},{"_mousePosition":[683,384],"_rootPartCFrame":[748.01,229.609,41.529,-0.787,-0.001,0.618,0,1,0.001,-0.618,0,-0.787],"_humanoidState":5,"_cameraCFrame":[747.59,241.048,37.974,-0.923,-0.366,0.115,0,0.3,0.954,-0.384,0.881,-0.277],"_shiftlockState":true,"_pose":"FreeFall","_animationQueue":[],"_animationSpeed":1,"_zoom":10.418},{"_mousePosition":[683,384],"_rootPartCFrame":[747.8,230.24,41.413,-0.853,0,0.522,0,1,0,-0.522,0,-0.853],"_humanoidState":5,"_cameraCFrame":[747.081,241.656,37.843,-0.955,-0.284,0.091,0,0.307,0.952,-0.298,0.909,-0.293],"_shiftlockState":true,"_pose":"FreeFall","_animationQueue":[],"_animationSpeed":1,"_zoom":10.418},{"_mousePosition":[683,384],"_rootPartCFrame":[747.661,230.577,41.37,-0.924,0,0.382,0,1,0,-0.382,0,-0.924],"_humanoidState":5,"_cameraCFrame":[746.604,241.973,37.827,-0.979,-0.192,0.063,0,0.313,0.95,-0.202,0.93,-0.306],"_shiftlockState":true,"_pose":"FreeFall","_animationQueue":[],"_animationSpeed":1,"_zoom":10.418},{"_mousePosition":[683,384],"_rootPartCFrame":[747.415,231.072,41.347,-0.939,0,0.344,0,1,0,-0.344,0,-0.939],"_humanoidState":5,"_cameraCFrame":[745.917,242.413,37.813,-0.997,-0.068,0.024,0,0.328,0.945,-0.072,0.942,-0.327],"_shiftlockState":true,"_pose":"FreeFall","_animationQueue":[],"_animationSpeed":1,"_zoom":10.418},{"_mousePosition":[683,384],"_rootPartCFrame":[747.157,231.481,41.384,-0.975,0,0.222,0,1,0,-0.222,0,-0.975],"_humanoidState":5,"_cameraCFrame":[745.47,242.786,37.834,-1,-0.017,0.006,0,0.338,0.941,-0.018,0.941,-0.338],"_shiftlockState":true,"_pose":"FreeFall","_animationQueue":[],"_animationSpeed":1,"_zoom":10.418},{"_mousePosit