[{"_mousePosition":[1146,370],"_rootPartCFrame":[776.024,222.954,47.142,0.002,0.003,1,0,1,-0.003,-1,0,0.002],"_humanoidState":8,"_cameraCFrame":[776.204,232.33,44.38,-0.998,-0.06,0.021,0,0.331,0.943,-0.063,0.942,-0.331],"_shiftlockState":false,"_pose":"Standing","_animationQueue":[],"_animationSpeed":1,"_zoom":8.348},{"_mousePosition":[1119,388],"_rootPartCFrame":[775.777,222.834,47.126,0.011,0,1,0,1,0,-1,0,0.011],"_humanoidState":8,"_cameraCFrame":[775.953,232.21,44.365,-0.998,-0.06,0.021,0,0.331,0.943,-0.063,0.942,-0.331],"_shiftlockState":false,"_pose":"Standing","_animationQueue":[],"_animationSpeed":1,"_zoom":8.348},{"_mousePosition":[1114,391],"_rootPartCFrame":[775.512,222.673,47.11,0.018,0,1,0,1,0,-1,0,0.018],"_humanoidState":8,"_cameraCFrame":[775.687,232.049,44.348,-0.998,-0.06,0.021,0,0.331,0.943,-0.063,0.942,-0.331],"_shiftlockState":false,"_pose":"Running","_animationQueue":[["walk",0.1]],"_animationSpeed":1.066,"_zoom":8.348},{"_mousePosition":[1091,404],"_rootPartCFrame":[775.246,222.653,47.093,0.024,0,1,0,1,0,-1,0,0.024],"_humanoidState":8,"_cameraCFrame":[775.421,232.029,44.331,-0.998,-0.06,0.021,0,0.331,0.943,-0.063,0.942,-0.331],"_shiftlockState":false,"_pose":"Running","_animationQueue":[],"_animationSpeed":1.066,"_zoom":8.348},{"_mousePosition":[1086,407],"_rootPartCFrame":[774.98,222.67,47.076,0.029,0,1,0,1,0,-1,0,0.029],"_humanoidState":8,"_cameraCFrame":[775.155,232.046,44.314,-0.998,-0.06,0.021,0,0.331,0.943,-0.063,0.942,-0.331],"_shiftlockState":false,"_pose":"Running","_animationQueue":[],"_animationSpeed":1.066,"_zoom":8.348},{"_mousePosition":[1070,415],"_rootPartCFrame":[774.714,222.683,47.059,0.034,0,0.999,0,1,0,-0.999,0,0.034],"_humanoidState":8,"_cameraCFrame":[774.889,232.059,44.297,-0.998,-0.06,0.021,0,0.331,0.943,-0.063,0.942,-0.331],"_shiftlockState":false,"_pose":"Running","_animationQueue":[],"_animationSpeed":1.066,"_zoom":8.348},{"_mousePosition":[1065,418],"_rootPartCFrame":[774.448,222.69,47.042,0.038,0,0.999,0,1,0,-0.999,0,0.038],"_humanoidState":8,"_cameraCFrame":[774.623,232.066,44.28,-0.998,-0.06,0.021,0,0.331,0.943,-0.063,0.942,-0.331],"_shiftlockState":false,"_pose":"Running","_animationQueue":[],"_animationSpeed":1.066,"_zoom":8.348},{"_mousePosition":[1053,424],"_rootPartCFrame":[774.182,222.695,47.025,0.041,0,0.999,0,1,0,-0.999,0,0.041],"_humanoidState":8,"_cameraCFrame":[774.357,232.071,44.264,-0.998,-0.06,0.021,0,0.331,0.943,-0.063,0.942,-0.331],"_shiftlockState":false,"_pose":"Running","_animationQueue":[],"_animationSpeed":1.066,"_zoom":8.348},{"_mousePosition":[1050,425],"_rootPartCFrame":[773.916,222.697,47.008,0.044,0,0.999,0,1,0,-0.999,0,0.044],"_humanoidState":8,"_cameraCFrame":[774.091,232.073,44.247,-0.998,-0.06,0.021,0,0.331,0.943,-0.063,0.942,-0.331],"_shiftlockState":false,"_pose":"Running","_animationQueue":[],"_animationSpeed":1.066,"_zoom":8.348},{"_mousePosition":[1037,433],"_rootPartCFrame":[773.65,222.698,46.991,0.047,0,0.999,0,1,0,-0.999,0,0.047],"_humanoidState":8,"_cameraCFrame":[773.825,232.074,44.23,-0.998,-0.06,0.021,0,0.331,0.943,-0.063,0.942,-0.331],"_shiftlockState":false,"_pose":"Running","_animationQueue":[["walk",0.1]],"_animationSpeed":1.066,"_zoom":8.348},{"_mousePosition":[1033,435],"_rootPartCFrame":[773.383,222.699,46.974,0.049,0,0.999,0,1,0,-0.999,0,0.049],"_humanoidState":8,"_cameraCFrame":[771.812,232.075,44.102,-0.998,-0.06,0.021,0,0.331,0.943,-0.063,0.942,-0.331],"_shiftlockState":true,"_pose":"Running","_animationQueue":[],"_animationSpeed":1.066,"_zoom":8.348},{"_mousePosition":[683,384],"_rootPartCFrame":[773.117,222.699,46.958,-1,0,-0.008,0,1,0,0.008,0,-1],"_humanoidState":8,"_cameraCFrame":[771.546,232.075,44.085,-0.998,-0.06,0.021,0,0.331,0.943,-0.063,0.942,-0.331],"_shiftlockState":true,"_pose":"Running","_animationQueue":[],"_animationSpeed":1.066,"_zoom":8.348},{"_mousePosition":[683,384],"_rootPartCFrame":[772.851,222.699,46.941,-0.999,0,0.035,0,1,0,-0.035,0,-0.999],"_humanoidState":8,"_cameraCFrame":[771.273,232.078,44.078,-0.998,-0.058,0.02,0,0.331,0.944,-0.061,0.942,-0.33],"_shiftlockState":true,"_pose":"Running","_animationQueue":[],"_animationSpeed":1.066,"_zoom":8.348},{"_mousePosition":[683,384],"_rootPartCFrame":[772.519,222.7,46.92,-0.998,0,0.058,0,1,0,-0.058,0,-0.998],"_humanoidState":8,"_cameraCFrame":[770.941,232.078,44.057,-0.998,-0.058,0.02,0,0.331,0.944,-0.061,0.942,-0.33],"_shiftlockState":true,"_pose":"Running","_animationQueue":[],"_animationSpeed":1.066,"_zoom":8.348},{"_mousePosition":[683,384],"_rootPartCFrame":[772.319,222.7,46.907,-0.998,0,0.061,0,1,0,-0.061,0,-0.998],"_humanoidState":8,"_cameraCFrame":[770.741,232.078,44.044,-0.998,-0.058,0.02,0,0.331,0.944,-0.061,0.942,-0.33],"_shiftlockState":true,"_pose":"Running","_animationQueue":[],"_animationSpeed":1.066,"_zoom":8.348},{"_mousePosition":[683,384],"_rootPartCFrame":[772.053,222.7,46.891,-0.998,0,0.061,0,1,0,-0.061,0,-0.998],"_humanoidState":8,"_cameraCFrame":[770.472,232.078,44.03,-0.998,-0.057,0.02,0,0.331,0.944,-0.06,0.942,-0.33],"_shiftlockState":true,"_pose":"Running","_animationQueue":[],"_animationSpeed":1.066,"_zoom":8.348},{"_mousePosition":[683,384],"_rootPartCFrame":[771.787,222.7,46.875,-0.998,0,0.06,0,1,0,-0.06,0,-0.998],"_humanoidState":8,"_cameraCFrame":[770.19,232.085,44.041,-0.998,-0.052,0.018,0,0.328,0.945,-0.055,0.943,-0.328],"_shiftlockState":true,"_pose":"Running","_animationQueue":[["walk",0.1]],"_animationSpeed":1.066,"_zoom":8.348},{"_mousePosition":[683,384],"_rootPartCFrame":[771.521,222.7,46.858,-0.998,0,0.055,0,1,0,-0.055,0,-0.998],"_humanoidState":8,"_cameraCFrame":[769.886,232.102,44.096,-0.999,-0.04,0.014,0,0.322,0.947,-0.042,0.946,-0.322],"_shiftlockState":true,"_pose":"Running","_animationQueue":[],"_animationSpeed":1.066,"_zoom":8.348},{"_mousePosition":[683,384],"_rootPartCFrame":[771.254,222.7,46.844,-0.999,0,0.042,0,1,0,-0.042,0,-0.999],"_humanoidState":8,"_cameraCFrame":[769.57,232.119,44.162,-1,-0.023,0.008,0,0.316,0.949,-0.025,0.948,-0.316],"_shiftlockState":true,"_pose":"Running","_animationQueue":[],"_animationSpeed":1.066,"_zoom":8.348},{"_mousePosition":[683,384],"_rootPartCFrame":[770.988,222.7,46.832,-1,0,0.025,0,1,0,-0.025,0,-1],"_humanoidState":8,"_cameraCFrame":[769.261,232.136,44.228,-1,-0.008,0.003,0,0.31,0.951,-0.009,0.951,-0.31],"_shiftlockState":true,"_pose":"Running","_animationQueue":[],"_animationSpeed":1.066,"_zoom":8.348},{"_mousePosition":[683,384],"_rootPartCFrame":[770.721,222.7,46.825,-1,0,0.009,0,1,0,-0.009,0,-1],"_humanoidState":8,"_cameraCFrame":[768.951,232.149,44.288,-1,0.007,-0.002,0,0.305,0.952,0.008,0.952,-0.305],"_shiftlockState":true,"_pose":"Running","_animationQueue":[],"_animationSpeed":1.066,"_zoom":8.348},{"_mousePosition":[683,384],"_rootPartCFrame":[770.388,223.77,46.816,-1,0,-0.008,0,1,0,0.008,0,-1],"_humanoidState":3,"_cameraCFrame":[768.585,233.231,44.343,-1,0.02,-0.006,0,0.301,0.954,0.021,0.953,-0.301],"_shiftlockState":true,"_pose":"Jumping","_animationQueue":[["walk",0.1],["jump",0.1]],"_animationSpeed":1,"_zoom":8.348},{"_mousePosition":[683,384],"_rootPartCFrame":[770.188,224.371,46.817,-0.999,0,0.041,0,1,0,-0.041,0,-0.999],"_humanoidState":5,"_cameraCFrame":[768.37,233.838,44.374,-1,0.026,-0.008,0,0.299,0.954,0.028,0.954,-0.298],"_shiftlockState":true,"_pose":"FreeFall","_animationQueue":[["jump",0.1]],"_animationSpeed":1,"_zoom":8.348},{"_mousePosition":[683,384],"_rootPartCFrame":[769.922,225.125,46.822,-0.995,0,0.097,0,1,0,-0.097,0,-0.995],"_humanoidState":5,"_cameraCFrame":[768.103,234.592,44.379,-1,0.026,-0.008,0,0.299,0.954,0.028,0.954,-0.298],"_shiftlockState":true,"_pose":"FreeFall","_animationQueue":[],"_animationSpeed":1,"_zoom":8.348},{"_mousePosition":[683,384],"_rootPartCFrame":[769.655,225.824,46.829,-0.995,0,0.104,0,1,0,-0.104,0,-0.995],"_humanoidState":5,"_cameraCFrame":[767.836,235.291,44.386,-1,0.026,-0.008,0,0.299,0.954,0.028,0.954,-0.298],"_shiftlockState":true,"_pose":"FreeFall","_animationQueue":[],"_animationSpeed":1,"_zoom":8.348},{"_mousePosition":[683,384],"_rootPartCFrame":[769.388,226.469,46.836,-0.994,0,0.105,0,1,0,-0.105,0,-0.994],"_humanoidState":5,"_cameraCFrame":[767.57,235.936,44.393,-1,0.026,-0.008,0,0.299,0.954,0.028,0.954,-0.298],"_shiftlockState":true,"_pose":"FreeFall","_animationQueue":[],"_animationSpeed":1,"_zoom":8.348},{"_mousePosition":[683,384],"_rootPartCFrame":[769.122,227.059,46.844,-0.994,0,0.105,0,1,0,-0.105,0,-0.994],"_humanoidState":5,"_cameraCFrame":[767.302,236.715,44.342,-1,0.026,-0.008,0,0.299,0.954,0.028,0.954,-0.298],"_shiftlockState":true,"_pose":"FreeFall","_animationQueue":[],"_animationSpeed":1,"_zoom":10.935},{"_mousePosition":[683,384],"_rootPartCFrame":[768.855,227.595,46.851,-0.994,0,0.105,0,1,0,-0.105,0,-0.994],"_humanoidState":5,"_cameraCFrame":[767.032,237.654,44.223,-1,0.026,-0.008,0,0.299,0.954,0.028,0.954,-0.298],"_shiftlockState":true,"_pose":"FreeFall","_animationQueue":[],"_animationSpeed":1,"_zoom":10.935},{"_mousePosition":[683,384],"_rootPartCFrame":[768.589,228.077,46.858,-0.994,0,0.105,0,1,0,-0.105,0,-0.994],"_humanoidState":5,"_cameraCFrame":[766.761,238.587,44.089,-1,0.026,-0.008,0,0.299,0.954,0.028,0.954,-0.298],"_shiftlockState":true,"_pose":"FreeFall","_animationQueue":[],"_animationSpeed":1,"_zoom":10.935},{"_mousePosition":[683,384],"_rootPartCFrame":[768.322,228.504,46.866,-0.994,0,0.105,0,1,0,-0.105,0,-0.994],"_humanoidState":5,"_cameraCFrame":[766.491,239.384,43.981,-1,0.026,-0.008,0,0.299,0.954,0.028,0.954,-0.298],"_shiftlockState":true,"_pose":"FreeFall","_animationQueue":[],"_animationSpeed":1,"_zoom":10.935},{"_mousePosition":[683,384],"_rootPartCFrame":[768.055,228.876,46.873,-0.994,0,0.105,0,1,0,-0.105,0,-0.994],"_humanoidState":5,"_cameraCFrame":[766.222,240.052,43.896,-1,0.026,-0.008,0,0.299,0.954,0.028,0.954,-0.298],"_shiftlockState":true,"_pose":"FreeFall","_animationQueue":[],"_animationSpeed":1,"_zoom":10.935},{"_mousePosition":[683,384],"_rootPartCFrame":[767.789,229.194,46.881,-0.994,0,0.105,0,1,0,-0.105,0,-0.994],"_humanoidState":5,"_cameraCFrame":[765.953,240.593,43.833,-1,0.026,-0.008,0,0.299,0.954,0.028,0.954,-0.298],"_shiftlockState":true,"_pose":"FreeFall","_animationQueue":[],"_animationSpeed":1,"_zoom":10.935},{"_mousePosition":[683,384],"_rootPartCFrame":[767.456,229.515,46.89,-0.99,0,0.138,0,1,0,-0.138,0,-0.99],"_humanoidState":5,"_cameraCFrame":[765.619,241.061,43.797,-1,0.026,-0.008,0,0.299,0.954,0.028,0.954,-0.298],"_shiftlockState":true,"_pose":"FreeFall","_animationQueue":[],"_animationSpeed":1,"_zoom":10.935},{"_mousePosition":[683,384],"_rootPartCFrame":[767.256,229.666,46.895,-0.997,0,0.072,0,1,0,-0.072,0,-0.997],"_humanoidState":5,"_cameraCFrame":[765.418,241.335,43.764,-1,0.026,-0.008,0,0.299,0.954,0.028,0.954,-0.298],"_shiftlockState":true,"_pose":"FreeFall","_animationQueue":[],"_animationSpeed":1,"_zoom":10.935},{"_mousePosition":[683,384],"_rootPartCFrame":[766.989,229.821,46.903,-0.994,0,0.105,0,1,0,-0.105,0,-0.994],"_humanoidState":5,"_cameraCFrame":[765.151,241.575,43.745,-1,0.026,-0.008,0,0.299,0.954,0.028,0.954,-0.298],"_shiftlockState":true,"_pose":"FreeFall","_animationQueue":[],"_animationSpeed":1,"_zoom":10.935},{"_mousePosition":[683,384],"_rootPartCFrame":[766.722,229.921,46.91,-0.994,0,0.105,0,1,0,-0.105,0,-0.994],"_humanoidState":5,"_cameraCFrame":[764.884,241.728,43.735,-1,0.026,-0.008,0,0.299,0.954,0.028,0.954,-0.298],"_shiftlockState":true,"_pose":"FreeFall","_animationQueue":[["fall",0.3]],"_animationSpeed":1,"_zoom":10.935},{"_mousePosition":[683,384],"_rootPartCFrame":[766.456,229.966,46.918,-0.994,0,0.105,0,1,0,-0.105,0,-0.994],"_humanoidState":5,"_cameraCFrame":[764.617,241.82,43.728,-1,0.026,-0.008,0,0.299,0.954,0.028,0.954,-0.298],"_shiftlockState":true,"_pose":"FreeFall","_animationQueue":[],"_animationSpeed":1,"_zoom":10.935},{"_mousePosition":[683,384],"_rootPartCFrame":[766.189,229.957,46.925,-0.994,0,0.105,0,1,0,-0.105,0,-0.994],"_humanoidState":5,"_cameraCFrame":[764.35,241.837,43.728,-1,0.026,-0.008,0,0.299,0.954,0.028,0.954,-0.298],"_shiftlockState":true,"_pose":"FreeFall","_animationQueue":[],"_animationSpeed":1,"_zoom":10.935},{"_mousePosition":[683,384],"_rootPartCFrame":[765.923,229.893,46.932,-0.994,0,0.105,0,1,0,-0.105,0,-0.994],"_humanoidState":5,"_cameraCFrame":[764.083,241.792,43.729,-1,0.026,-0.008,0,0.299,0.954,0.028,0.954,-0.298],"_shiftlockState":true,"_pose":"FreeFall","_animationQueue":[],"_animationSpeed":1,"_zoom":10.935},{"_mousePosition":[683,384],"_rootPartCFrame":[765.656,229.775,46.94,-0.994,0,0.105,0,1,0,-0.105,0,-0.994],"_humanoidState":5,"_cameraCFrame":[763.816,241.686,43.733,-1,0.026,-0.008,0,0.299,0.954,0.028,0.954,-0.298],"_shiftlockState":true,"_pose":"FreeFall","_animationQueue":[],"_animationSpeed":1,"_zoom":10.935},{"_mousePosition":[683,384],"_rootPartCFrame":[765.389,229.603,46.947,-0.994,0,0.105,0,1,0,-0.105,0,-0.994],"_humanoidState":5,"_cameraCFrame":[763.55,241.523,43.737,-1,0.026,-0.008,0,0.299,0.954,0.028,0.954,-0.298],"_shiftlockState":true,"_pose":"FreeFall","_animationQueue":[],"_animationSpeed":1,"_zoom":10.935},{"_mousePosition":[683,384],"_rootPartCFrame":[765.123,229.375,46.955,-0.994,0,0.105,0,1,0,-0.105,0,-0.994],"_humanoidState":5,"_cameraCFrame":[763.283,241.301,43.743,-1,0.026,-0.008,0,0.299,0.954,0.028,0.954,-0.298],"_shiftlockState":true,"_pose":"FreeFall","_animationQueue":[["fall",0.3]],"_animationSpeed":1,"_zoom":10.935},{"_mousePosition":[683,384],"_rootPartCFrame":[764.856,229.094,46.962,-0.994,0,0.105,0,1,0,-0.105,0,-0.994],"_humanoidState":5,"_cameraCFrame":[763.033,241.023,43.74,-1,0.021,-0.007,0,0.299,0.954,0.023,0.954,-0.298],"_shiftlockState":true,"_pose":"FreeFall","_animationQueue":[],"_animationSpeed":1,"_zoom":10.935},{"_mousePosition":[683,384],"_rootPartCFrame":[764.59,228.758,46.969,-0.994,0,0.111,0,1,0,-0.111,0,-0.994],"_humanoidState":5,"_cameraCFrame":[762.79,240.687,43.725,-1,0.014,-0.005,0,0.299,0.954,0.015,0.954,-0.299],"_shiftlockState":true,"_pose":"FreeFall","_animationQueue":[],"_animationSpeed":1,"_zoom":10.935},{"_mousePosition":[683,384],"_rootPartCFrame":[764.323,228.367,46.976,-0.993,0,0.118,0,1,0,-0.118,0,-0.993],"_humanoidState":5,"_cameraCFrame":[762.558,240.298,43.712,-1,0.004,-0.001,0,0.299,0.954,0.005,0.954,-0.299],"_shiftlockState":true,"_pose":"FreeFall","_animationQueue":[],"_animationSpeed":1,"_zoom":10.935},{"_mousePosition":[683,384],"_rootPartCFrame":[764.056,227.922,46.98,-0.992,0,0.128,0,1,0,-0.128,0,-0.992],"_humanoidState":5,"_cameraCFrame":[762.349,239.854,43.685,-1,-0.012,0.004,0,0.299,0.954,-0.013,0.954,-0.299],"_shiftlockState":true,"_pose":"FreeFall","_animationQueue":[],"_animationSpeed":1,"_zoom":10.935},{"_mousePosition":[683,384],"_rootPartCFrame":[763.79,227.422,46.982,-0.989,0,0.146,0,1,0,-0.146,0,-0.989],"_humanoidState":5,"_cameraCFrame":[762.159,239.355,43.648,-0.999,-0.034,0.011,0,0.299,0.954,-0.036,0.954,-0.299],"_shiftlockState":true,"_pose":"FreeFall","_animationQueue":[],"_animationSpeed":1,"_zoom":10.935},{"_mousePosition":[683,384],"_rootPartCFrame":[763.523,226.868,46.979,-0.986,0,0.169,0,1,0,-0.169,0,-0.986],"_humanoidState":5,"_cameraCFrame":[761.949,238.801,43.618,-0.999,-0.05,0.016,0,0.299,0.954,-0.053,0.953,-0.299],"_shiftlockState":true,"_pose":"FreeFall","_animationQueue":[["fall",0.3]],"_animationSpeed":1,"_zoom":10.935},{"_mousePosition":[683,384],"_rootPartCFrame":[763.257,226.26,46.97,-0.983,0,0.185,0,1,0,-0.185,0,-0.983],"_humanoidState":5,"_cameraCFrame":[761.7,238.19,43.593,-0.998,-0.055,0.017,0,0.3,0.954,-0.058,0.952,-0.3],"_shiftlockState":true,"_pose":"FreeFall","_animationQueue":[],"_animationSpeed":1,"_zoom":10.935},{"_mousePosition":[683,384],"_rootPartCFrame":[762.924,225.422,46.953,-0.975,0,0.223,0,1,0,-0.223,0,-0.975],"_humanoidState":5,"_cameraCFrame":[761.367,237.353,43.576,-0.998,-0.055,0.017,0,0.3,0.954,-0.058,0.952,-0.3],"_shiftlockState":true,"_pose":"FreeFall","_animationQueue":[],"_animationSpeed":1,"_zoom":10.935},{"_mousePosition":[683,384],"_rootPartCFrame":[762.724,224.879,46.942,-0.988,0,0.157,0,1,0,-0.157,0,-0.988],"_humanoidState":5,"_cameraCFrame":[761.167,236.81,43.564,-0.998,-0.055,0.017,0,0.3,0.954,-0.058,0.952,-0.3],"_shiftlockState":true,"_pose":"FreeFall","_animationQueue":[],"_animationSpeed":1,"_zoom":10.935},{"_mousePosition":[683,384],"_rootPartCFrame":[762.458,224.107,46.926,-0.982,0,0.19,0,1,0,-0.19,0,-0.982],"_humanoidState":5,"_cameraCFrame":[760.907,236.324,43.459,-0.998,-0.055,0.017,0,0.3,0.954,-0.058,0.952,-0.3],"_shiftlockState":true,"_pose":"FreeFall","_animationQueue":[],"_animationSpeed":1,"_zoom":14.169},{"_mousePosition":[683,384],"_rootPartCFrame":[762.192,223.28,46.911,-0.982,0,0.19,0,1,0,-0.19,0,-0.982],"_humanoidState":5,"_cameraCFrame":[760.65,236.014,43.281,-0.998,-0.055,0.017,0,0.3,0.954,-0.058,0.952,-0.3],"_shiftlockState":true,"_pose":"FreeFall","_animationQueue":[],"_animationSpeed":1,"_zoom":14.169},{"_mousePosition":[683,384],"_rootPartCFrame":[761.926,223.156,46.895,-0.996,0,0.093,0,1,0,-0.093,0,-0.996],"_humanoidState":7,"_cameraCFrame":[760.393,236.389,43.108,-0.998,-0.055,0.017,0,0.3,0.954,-0.058,0.952,-0.3],"_shiftlockState":true,"_pose":"FreeFall","_animationQueue":[["walk",0.1],["fall",0.3],["fall",0.3]],"_animationSpeed":1,"_zoom":14.169},{"_mousePosition":[683,384],"_rootPartCFrame":[761.659,223.153,46.88,-0.998,0,0.06,0,1,0,-0.06,0,-0.998],"_humanoidState":7,"_cameraCFrame":[760.135,236.825,42.955,-0.998,-0.055,0.017,0,0.3,0.954,-0.058,0.952,-0.3],"_shiftlockState":true,"_pose":"FreeFall","_animationQueue":[["fall",0.3]],"_animationSpeed":1,"_zoom":14.169},{"_mousePosition":[683,384],"_rootPartCFrame":[761.327,223.028,46.861,-0.998,0,0.058,0,1,0,-0.058,0,-0.998],"_humanoidState":8,"_cameraCFrame":[759.815,237.4,42.716,-0.998,-0.055,0.017,0,0.3,0.954,-0.058,0.952,-0.3],"_shiftlockState":true,"_pose":"Running","_animationQueue":[["walk",0.1],["fall",0.3],["walk",0.1]],"_animationSpeed":1.103,"_zoom":18.211},{"_mousePosition":[683,384],"_rootPartCFrame":[761.061,222.883,46.845,-0.998,0,0.058,0,1,0,-0.058,0,-0.998],"_humanoidState":8,"_cameraCFrame":[759.571,238.446,42.326,-0.998,-0.055,0.017,0,0.3,0.954,-0.058,0.952,-0.3],"_shiftlockState":true,"_pose":"Running","_animationQueue":[],"_animationSpeed":1.103,"_zoom":18.211},{"_mousePosition":[683,384],"_rootPartCFrame":[760.661,222.869,46.822,-0.998,0,0.058,0,1,0,-0.058,0,-0.998],"_humanoidState":8,"_cameraCFrame":[759.182,239.038,42.113,-0.998,-0.055,0.017,0,0.3,0.954,-0.058,0.952,-0.3],"_shiftlockState":true,"_pose":"Running","_animationQueue":[],"_animationSpeed":1.103,"_zoom":18.211},{"_mousePosition":[683,384],"_rootPartCFrame":[760.528,222.873,46.814,-0.998,0,0.058,0,1,0,-0.058,0,-0.998],"_humanoidState":8,"_cameraCFrame":[759.061,239.692,41.901,-0.998,-0.055,0.017,0,0.3,0.954,-0.058,0.952,-0.3],"_shiftlockState":true,"_pose":"Running","_animationQueue":[],"_animationSpeed":1.103,"_zoom":18.211},{"_mousePosition":[683,384],"_rootPartCFrame":[760.262,222.879,46.799,-0.998,0,0.058,0,1,0,-0.058,0,-0.998],"_humanoidState":8,"_cameraCFrame":[758.806,240.282,41.702,-0.998,-0.055,0.017,0,0.3,0.954,-0.058,0.952,-0.3],"_shiftlockState":true,"_pose":"Running","_animationQueue":[],"_animationSpeed":1.103,"_zoom":18.211},{"_mousePosition":[683,384],"_rootPartCFrame":[759.996,222.883,46.783,-0.998,0,0.058,0,1,0,-0.058,0,-0.998],"_humanoidState":8,"_cameraCFrame":[758.548,240.723,41.549,-0.998,-0.055,0.017,0,0.3,0.954,-0.058,0.952,-0.3],"_shiftlockState":true,"_pose":"Running","_animationQueue":[],"_animationSpeed":1.103,"_zoom":18.211},{"_mousePosition":[683,384],"_rootPartCFrame":[759.73,222.885,46.768,-0.998,0,0.058,0,1,0,-0.058,0,-0.998],"_humanoidState":8,"_cameraCFrame":[758.287,241.043,41.434,-0.998,-0.055,0.017,0,0.3,0.954,-0.058,0.952,-0.3],"_shiftlockState":true,"_pose":"Running","_animationQueue":[["walk",0.1]],"_animationSpeed":1.103,"_zoom":18.211},{"_mousePosition":[683,384],"_rootPartCFrame":[759.464,222.886,46.752,-0.998,0,0.058,0,1,0,-0.058,0,-0.998],"_humanoidState":8,"_cameraCFrame":[758.025,241.258,41.351,-0.998,-0.055,0.017,0,0.3,0.954,-0.058,0.952,-0.3],"_shiftlockState":true,"_pose":"Running","_animationQueue":[],"_animationSpeed":1.103,"_zoom":18.211},{"_mousePosition":[683,384],"_rootPartCFrame":[759.198,222.887,46.737,-0.998,0,0.058,0,1,0,-0.058,0,-0.998],"_humanoidState":8,"_cameraCFrame":[757.762,241.427,41.283,-0.998,-0.055,0.017,0,0.3,0.954,-0.058,0.952,-0.3],"_shiftlockState":true,"_pose":"Running","_animationQueue":[],"_animationSpeed":1.103,"_zoom":18.211},{"_mousePosition":[683,384],"_rootPartCFrame":[758.932,222.887,46.721,-0.998,0,0.058,0,1,0,-0.058,0,-0.998],"_humanoidState":8,"_cameraCFrame":[757.498,241.531,41.235,-0.998,-0.055,0.017,0,0.3,0.954,-0.058,0.952,-0.3],"_shiftlockState":true,"_pose":"Running","_animationQueue":[],"_animationSpeed":1.103,"_zoom":18.211},{"_mousePosition":[683,384],"_rootPartCFrame":[758.666,222.887,46.706,-0.998,0,0.058,0,1,0,-0.058,0,-0.998],"_humanoidState":8,"_cameraCFrame":[757.233,241.607,41.195,-0.998,-0.055,0.017,0,0.3,0.954,-0.058,0.952,-0.3],"_shiftlockState":true,"_pose":"Running","_animationQueue":[],"_animationSpeed":1.103,"_zoom":18.211},{"_mousePosition":[683,384],"_rootPartCFrame":[758.399,222.887,46.69,-0.998,0,0.058,0,1,0,-0.058,0,-0.998],"_humanoidState":8,"_cameraCFrame":[756.951,241.656,41.169,-0.998,-0.052,0.016,0,0.3,0.954,-0.055,0.952,-0.3],"_shiftlockState":true,"_pose":"Running","_animationQueue":[],"_animationSpeed":1.103,"_zoom":18.211},{"_mousePosition":[683,384],"_rootPartCFrame":[758.133,222.887,46.675,-0.998,0,0.055,0,1,0,-0.055,0,-0.998],"_humanoidState":8,"_cameraCFrame":[756.662,241.693,41.148,-0.999,-0.048,0.015,0,0.3,0.954,-0.051,0.953,-0.3],"_shiftlockState":true,"_pose":"Running","_animationQueue":[["walk",0.1]],"_animationSpeed":1.103,"_zoom":18.211},{"_mousePosition":[683,384],"_rootPartCFrame":[757.8,222.887,46.656,-0.999,0,0.051,0,1,0,-0.051,0,-0.999],"_humanoidState":8,"_cameraCFrame":[756.296,241.416,41.225,-0.999,-0.043,0.014,0,0.3,0.954,-0.046,0.953,-0.3],"_shiftlockState":true,"_pose":"Running","_animationQueue":[],"_animationSpeed":1.103,"_zoom":14.169},{"_mousePosition":[683,384],"_rootPartCFrame":[757.534,222.887,46.643,-0.999,0,0.046,0,1,0,-0.046,0,-0.999],"_humanoidState":8,"_cameraCFrame":[756,240.832,41.401,-0.999,-0.039,0.012,0,0.3,0.954,-0.041,0.953,-0.3],"_shiftlockState":true,"_pose":"Running","_animationQueue":[],"_animationSpeed":1.103,"_zoom":14.169},{"_mousePosition":[683,384],"_rootPartCFrame":[757.334,222.887,46.633,-0.999,0,0.041,0,1,0,-0.041,0,-0.999],"_humanoidState":8,"_cameraCFrame":[755.781,240.21,41.59,-0.999,-0.037,0.012,0,0.3,0.954,-0.039,0.953,-0.3],"_shiftlockState":true,"_pose":"Running","_animationQueue":[],"_animationSpeed":1.103,"_zoom":14.169},{"_mousePosition":[683,384],"_rootPartCFrame":[757.001,222.887,46.619,-0.999,0,0.039,0,1,0,-0.039,0,-0.999],"_humanoidState":8,"_cameraCFrame":[755.426,239.649,41.744,-0.999,-0.034,0.011,0,0.301,0.954,-0.036,0.953,-0.301],"_shiftlockState":true,"_pose":"Running","_animationQueue":[],"_animationSpeed":1.103,"_zoom":14.169},{"_mousePosition":[683,384],"_rootPartCFrame":[756.735,222.887,46.609,-0.999,0,0.036,0,1,0,-0.036,0,-0.999],"_humanoidState":8,"_cameraCFrame":[755.144,239.142,41.897,-0.999,-0.032,0.01,0,0.301,0.954,-0.034,0.953,-0.301],"_shiftlockState":true,"_pose":"Running","_animationQueue":[],"_animationSpeed":1.103,"_zoom":14.169},{"_mousePosition":[683,384],"_rootPartCFrame":[756.468,222.887,46.599,-0.999,0,0.034,0,1,0,-0.034,0,-0.999],"_humanoidState":8,"_cameraCFrame":[754.864,238.798,41.999,-0.999,-0.03,0.01,0,0.301,0.954,-0.032,0.953,-0.301],"_shiftlockState":true,"_pose":"Running","_animationQueue":[["walk",0.1]],"_animationSpeed":1.103,"_zoom":14.169},{"_mousePosition":[683,384],"_rootPartCFrame":[756.202,222.887,46.59,-0.999,0,0.032,0,1,0,-0.032,0,-0.999],"_humanoidState":8,"_cameraCFrame":[754.581,238.526,42.081,-1,-0.027,0.009,0,0.301,0.954,-0.029,0.953,-0.301],"_shiftlockState":true,"_pose":"Running","_animationQueue":[],"_animationSpeed":1.103,"_zoom":14.169},{"_mousePosition":[683,384],"_rootPartCFrame":[755.935,222.887,46.581,-1,0,0.029,0,1,0,-0.029,0,-1],"_humanoidState":8,"_cameraCFrame":[754.303,238.326,42.138,-1,-0.025,0.008,0,0.301,0.954,-0.027,0.953,-0.301],"_shiftlockState":true,"_pose":"Running","_animationQueue":[],"_animationSpeed":1.103,"_zoom":14.169},{"_mousePosition":[683,384],"_rootPartCFrame":[755.668,222.887,46.573,-1,0,0.027,0,1,0,-0.027,0,-1],"_humanoidState":8,"_cameraCFrame":[754.036,238.211,42.167,-1,-0.025,0.008,0,0.301,0.954,-0.027,0.953,-0.301],"_shiftlockState":true,"_pose":"Running","_animationQueue":[],"_animationSpeed":1.103,"_zoom":14.169},{"_mousePosition":[683,384],"_rootPartCFrame":[755.402,222.888,46.566,-1,0,0.027,0,1,0,-0.027,0,-1],"_humanoidState":8,"_cameraCFrame":[753.763,238.106,42.195,-1,-0.024,0.008,0,0.301,0.954,-0.026,0.953,-0.301],"_shiftlockState":true,"_pose":"Running","_animationQueue":[],"_animationSpeed":1.103,"_zoom":14.169},{"_mousePosition":[683,384],"_rootPartCFrame":[755.135,222.888,46.559,-1,0,0.026,0,1,0,-0.026,0,-1],"_humanoidState":8,"_cameraCFrame":[753.496,238.038,42.209,-1,-0.024,0.008,0,0.301,0.954,-0.026,0.953,-0.301],"_shiftlockState":true,"_pose":"Running","_animationQueue":[],"_animationSpeed":1.103,"_zoom":14.169},{"_mousePosition":[683,384],"_rootPartCFrame":[754.869,222.888,46.552,-1,0,0.026,0,1,0,-0.026,0,-1],"_humanoidState":8,"_cameraCFrame":[753.229,237.992,42.216,-1,-0.024,0.008,0,0.301,0.954,-0.026,0.953,-0.301],"_shiftlockState":true,"_pose":"Running","_animationQueue":[],"_animationSpeed":1.103,"_zoom":14.169},{"_mousePosition":[683,384],"_rootPartCFrame":[754.602,222.888,46.545,-1,0,0.026,0,1,0,-0.026,0,-1],"_humanoidState":8,"_cameraCFrame":[752.962,237.963,42.219,-1,-0.024,0.008,0,0.301,0.954,-0.026,0.953,-0.301],"_shiftlockState":true,"_pose":"Running","_animationQueue":[["walk",0.1]],"_animationSpeed":1.103,"_zoom":14.169},{"_mousePosition":[683,384],"_rootPartCFrame":[754.335,222.888,46.539,-1,0,0.026,0,1,0,-0.026,0,-1],"_humanoidState":8,"_cameraCFrame":[752.691,237.941,42.221,-1,-0.023,0.007,0,0.301,0.954,-0.025,0.953,-0.301],"_shiftlockState":true,"_pose":"Running","_animationQueue":[],"_animationSpeed":1.103,"_zoom":14.169},{"_mousePosition":[683,384],"_rootPartCFrame":[754.069,222.888,46.532,-1,0,0.025,0,1,0,-0.025,0,-1],"_humanoidState":8,"_cameraCFrame":[752.424,237.927,42.218,-1,-0.023,0.007,0,0.301,0.954,-0.025,0.953,-0.301],"_shiftlockState":true,"_pose":"Running","_animationQueue":[],"_animationSpeed":1.103,"_zoom":14.169},{"_mousePosition":[683,384],"_rootPartCFrame":[753.802,222.888,46.525,-1,0,0.025,0,1,0,-0.025,0,-1],"_humanoidState":8,"_cameraCFrame":[752.158,237.918,42.214,-1,-0.023,0.007,0,0.301,0.954,-0.025,0.953,-0.301],"_shiftlockState":true,"_pose":"Running","_animationQueue":[],"_animationSpeed":1.103,"_zoom":14.169},{"_mousePosition":[683,384],"_rootPartCFrame":[753.536,222.888,46.519,-1,0,0.025,0,1,0,-0.025,0,-1],"_humanoidState":8,"_cameraCFrame":[751.891,237.912,42.21,-1,-0.023,0.007,0,0.301,0.954,-0.025,0.953,-0.301],"_shiftlockState":true,"_pose":"Running","_animationQueue":[],"_animationSpeed":1.103,"_zoom":14.169},{"_mousePosition":[683,384],"_rootPartCFrame":[753.269,222.888,46.512,-1,0,0.025,0,1,0,-0.025,0,-1],"_humanoidState":8,"_cameraCFrame":[751.629,237.904,42.192,-1,-0.024,0.008,0,0.302,0.953,-0.026,0.953,-0.302],"_shiftlockState":true,"_pose":"Running","_animationQueue":[],"_animationSpeed":1.103,"_zoom":14.169},{"_mousePosition":[683,384],"_rootPartCFrame":[753.002,222.888,46.505,-1,0,0.026,0,1,0,-0.026,0,-1],"_humanoidState":8,"_cameraCFrame":[751.386,237.895,42.156,-1,-0.029,0.009,0,0.303,0.953,-0.031,0.952,-0.303],"_shiftlockState":true,"_pose":"Running","_animationQueue":[],"_animationSpeed":1.103,"_zoom":14.169},{"_mousePosition":[683,384],"_rootPartCFrame":[752.669,222.888,46.497,-1,0,0.031,0,1,0,-0.031,0,-1],"_humanoidState":8,"_cameraCFrame":[751.108,237.886,42.106,-0.999,-0.041,0.013,0,0.305,0.952,-0.043,0.952,-0.304],"_shiftlockState":true,"_pose":"Running","_animationQueue":[["walk",0.1]],"_animationSpeed":1.103,"_zoom":14.169},{"_mousePosition":[683,384],"_rootPartCFrame":[752.336,222.888,46.487,-0.999,0,0.043,0,1,0,-0.043,0,-0.999],"_humanoidState":8,"_cameraCFrame":[750.85,237.881,42.06,-0.998,-0.057,0.018,0,0.305,0.952,-0.06,0.95,-0.305],"_shiftlockState":true,"_pose":"Running","_animationQueue":[],"_animationSpeed":1.103,"_zoom":14.169},{"_mousePosition":[683,384],"_rootPartCFrame":[752.07,222.888,46.476,-0.998,0,0.06,0,1,0,-0.06,0,-0.998],"_humanoidState":8,"_cameraCFrame":[750.715,237.877,41.997,-0.996,-0.085,0.027,0,0.306,0.952,-0.089,0.948,-0.305],"_shiftlockState":true,"_pose":"Running","_animationQueue":[],"_animationSpeed":1.103,"_zoom":14.169},{"_mousePosition":[683,384],"_rootPartCFrame":[751.87,222.888,46.464,-0.996,0,0.089,0,1,0,-0.089,0,-0.996],"_humanoidState":8,"_cameraCFrame":[750.754,237.87,41.899,-0.99,-0.135,0.044,0,0.308,0.951,-0.141,0.942,-0.305],"_shiftlockState":true,"_pose":"Running","_animationQueue":[],"_animationSpeed":1.103,"_zoom":14.169},{"_mousePosition":[683,384],"_rootPartCFrame":[751.538,222.888,46.436,-0.99,0,0.141,0,1,0,-0.141,0,-0.99],"_humanoidState":8,"_cameraCFrame":[750.713,237.866,41.799,-0.979,-0.193,0.063,0,0.309,0.951,-0.203,0.931,-0.302],"_shiftlockState":true,"_pose":"Running","_animationQueue":[],"_animationSpeed":1.103,"_zoom":14.169},{"_mousePosition":[683,384],"_rootPartCFrame":[751.34,222.888,46.409,-0.979,0,0.203,0,1,0,-0.203,0,-0.979],"_humanoidState":8,"_cameraCFrame":[750.855,237.862,41.715,-0.962,-0.26,0.085,0,0.309,0.951,-0.273,0.915,-0.298],"_shiftlockState":true,"_pose":"Running","_animationQueue":[],"_animationSpeed":1.103,"_zoom":14.169},{"_mousePosition":[683,384],"_rootPartCFrame":[751.078,222.888,46.358,-0.962,0,0.273,0,1,0,-0.273,0,-0.962],"_humanoidState":8,"_cameraCFrame":[750.904,237.862,41.642,-0.942,-0.32,0.104,0,0.309,0.951,-0.336,0.896,-0.291],"_shiftlockState":true,"_pose":"Running","_animationQueue":[["walk",0.1]],"_animationSpeed":1.103,"_zoom":14.169},{"_mousePosition":[683,384],"_rootPartCFrame":[750.821,222.888,46.288,-0.942,0,0.336,0,1,0,-0.336,0,-0.942],"_humanoidState":8,"_cameraCFrame":[750.884,237.862,41.569,-0.924,-0.364,0.119,0,0.309,0.951,-0.383,0.878,-0.286],"_shiftlockState":true,"_pose":"Running","_animationQueue":[],"_animationSpeed":1.103,"_zoom":14.169},{"_mousePosition":[683,384],"_rootPartCFrame":[750.569,222.888,46.2,-0.924,0,0.383,0,1,0,-0.383,0,-0.924],"_humanoidState":8,"_cameraCFrame":[750.836,237.879,41.539,-0.904,-0.407,0.131,0,0.305,0.952,-0.427,0.861,-0.276],"_shiftlockState":true,"_pose":"Running","_animationQueue":[],"_animationSpeed":1.103,"_zoom":14.169},{"_mousePosition":[683,384],"_rootPartCFrame":[750.322,222.888,46.1,-0.904,0,0.427,0,1,0,-0.427,0,-0.904],"_humanoidState":8,"_cameraCFrame":[750.705,237.897,41.498,-0.891,-0.433,0.137,0,0.302,0.953,-0.454,0.849,-0.269],"_shiftlockState":true,"_pose":"Running","_animationQueue":[],"_animationSpeed":1.103,"_zoom":14.169},{"_mousePosition":[683,384],"_rootPartCFrame":[750.08,222.888,45.988,-0.891,0,0.454,0,1,0,-0.454,0,-0.891],"_humanoidState":8,"_cameraCFrame":[750.553,237.914,41.445,-0.879,-0.455,0.142,0,0.298,0.955,-0.477,0.839,-0.262],"_shiftlockState":true,"_pose":"Running","_animationQueue":[],"_animationSpeed":1.103,"_zoom":14.169},{"_mousePosition":[683,384],"_rootPartCFrame":[749.842,222.888,45.868,-0.879,0,0.477,0,1,0,-0.477,0,-0.879],"_humanoidState":8,"_cameraCFrame":[750.41,237.938,41.406,-0.865,-0.48,0.147,0,0.292,0.956,-0.502,0.827,-0.253],"_shiftlockState":true,"_pose":"Running","_animationQueue":[],"_animationSpeed":1.103,"_zoom":14.169},{"_mousePosition":[683,384],"_rootPartCFrame":[749.607,222.888,45.742,-0.865,0,0.502,0,1,0,-0.502,0,-0.865],"_humanoidState":8,"_cameraCFrame":[750.232,237.964,41.369,-0.853,-0.5,0.149,0,0.286,0.958,-0.522,0.817,-0.244],"_shiftlockState":true,"_pose":"Running","_animationQueue":[],"_animationSpeed":1.103,"_zoom":14.169},{"_mousePosition":[683,384],"_rootPartCFrame":[749.314,223.972,45.583,-0.853,0,0.522,0,1,0,-0.522,0,-0.853],"_humanoidState":3,"_cameraCFrame":[749.941,239.067,41.271,-0.849,-0.508,0.149,0,0.282,0.96,-0.529,0.814,-0.239],"_shiftlockState":true,"_pose":"Jumping","_animationQueue":[["walk",0.1],["walk",0.1],["jump",0.1]],"_animationSpeed":1,"_zoom":14.169},{"_mousePosition":[683,384],"_rootPartCFrame":[749.142,224.583,45.48,-0.814,0,0.581,0,1,0,-0.581,0,-0.814],"_humanoidState":5,"_cameraCFrame":[749.731,239.704,41.244,-0.847,-0.51,0.146,0,0.275,0.961,-0.531,0.815,-0.233],"_shiftlockState":true,"_pose":"FreeFall","_animationQueue":[["jump",0.1]],"_animationSpeed":1,"_zoom":14.169},{"_mousePosition":[683,384],"_rootPartCFrame":[748.916,225.351,45.34,-0.775,0,0.633,0,1,0,-0.633,0,-0.775],"_humanoidState":5,"_cameraCFrame":[749.407,240.512,41.222,-0.85,-0.508,0.14,0,0.265,0.964,-0.527,0.82,-0.226],"_shiftlockState":true,"_pose":"FreeFall","_animationQueue":[],"_animationSpeed":1,"_zoom":14.169},{"_mousePosition":[683,384],"_rootPartCFrame":[748.633,226.233,45.163,-0.752,0,0.659,0,1,0,-0.659,0,-0.752],"_humanoidState":5,"_cameraCFrame":[748.985,241.436,41.171,-0.858,-0.497,0.131,0,0.254,0.967,-0.514,0.83,-0.218],"_shiftlockState":true,"_pose":"FreeFall","_animationQueue":[],"_animationSpeed":1,"_zoom":14.169},{"_mousePosition":[683,384],"_rootPartCFrame":[748.464,226.722,45.057,-0.802,0,0.597,0,1,0,-0.597,0,-0.802],"_humanoidState":5,"_cameraCFrame":[748.619,241.97,41.212,-0.871,-0.476,0.119,0,0.242,0.97,-0.49,0.846,-0.211],"_shiftlockState":true,"_pose":"FreeFall","_animationQueue":[],"_animationSpeed":1,"_zoom":14.169},{"_mousePosition":[683,384],"_rootPartCFrame":[748.235,227.326,44.92,-0.799,0,0.602,0,1,0,-0.602,0,-0.799],"_humanoidState":5,"_cameraCFrame":[748.129,242.62,41.24,-0.893,-0.438,0.103,0,0.229,0.974,-0.45,0.869,-0.204],"_shiftlockState":true,"_pose":"FreeFall","_animationQueue":[],"_animationSpeed":1,"_zoom":14.169},{"_mousePosition":[683,384],"_rootPartCFrame":[747.945,228.005,44.755,-0.806,0,0.592,0,1,0,-0.592,0,-0.806],"_humanoidState":5,"_cameraCFrame":[747.596,243.329,41.208,-0.915,-0.394,0.088,0,0.219,0.976,-0.403,0.893,-0.201],"_shiftlockState":true,"_pose":"FreeFall","_animationQueue":[],"_animationSpeed":1,"_zoom":14.169},{"_mousePosition":[683,384],"_rootPartCFrame":[747.767,228.371,44.664,-0.87,0,0.493,0,1,0,-0.493,0,-0.87],"_humanoidState":5,"_cameraCFrame":[747.111,243.727,41.288,-0.942,-0.328,0.07,0,0.209,0.978,-0.335,0.921,-0.197],"_shiftlockState":true,"_pose":"FreeFall","_animationQueue":[],"_animationSpeed":1,"_zoom":14.169},{"_mousePosition":[683,384],"_rootPartCFrame":[747.524,228.811,44.554,-0.889,0,0.457,0,1,0,-0.457,0,-0.889],"_humanoidState":5,"_cameraCFrame":[746.559,244.188,41.344,-0.967,-0.249,0.051,0,0.202,0.979,-0.254,0.947,-0.195],"_shiftlockState":true,"_pose":"FreeFall","_animationQueue":[],"_animationSpeed":1,"_zoom":14.169},{"_mousePosition":[683,384],"_rootPartCFrame":[747.212,229.285,44.439,-0.912,0,0.411,0,1,0,-0.411,0,-0.912],"_humanoidState":5,"_cameraCFrame":[745.924,244.669,41.375,-0.988,-0.153,0.031,0,0.199,0.98,-0.156,0.968,-0.197],"_shiftlockState":true,"_pose":"FreeFall","_animationQueue":[],"_animationSpeed":1,"_zoom":14.169},{"_mousePosition":[683,384],"_rootPartCFrame":[746.963,229.603,44.374,-0.961,0,0.276,0,1,0,-0.276,0,-0.961],"_humanoidState":5,"_cameraCFrame":[745.42,244.987,41.43,-0.997,-0.07,0.014,0,0.199,0.98,-0.072,0.977,-0.199],"_shiftlockState":true,"_pose":"FreeFall","_animationQueue":[],"_animationSpeed":1,"_zoom":14.169},{"_mousePosition":[683,384],"_rootPartCFrame":[746.779,229.806,44.351,-0.987,0,0.159,0,1,0,-0.159,0,-0.987],"_humanoidState":5,"_cameraCFrame":[744.922,245.185,41.572,-0.999,0.037,-0.008,0,0.201,0.98,0.038,0.979,-0.201],"_shiftlockState":true,"_pose":"FreeFall","_animationQueue":[],"_animationSpeed":1,"_zoom":14.169},{"_mousePosition":[683,384],"_rootPartCFrame":[746.484,230.075,44.362,-0.994,0,0.11,0,1,0,-0.11,0,-0.994],"_humanoidState":5,"_cameraCFrame":[744.394,245.45,41.728,-0.992,0.12,-0.025,0,0.203,0.979,0.123,0.972,-0.201],"_shiftlockState":true,"_pose":"FreeFall","_animationQueue":[],"_animationSpeed":1,"_zoom":14.169},{"_mousePosition":[683,384],"_rootPartCFrame":[746.313,230.196,44.397,-0.999,0,-0.035,0,1,0,0.035,0,-0.999],"_humanoidState":5,"_cameraCFrame":[743.983,245.567,41.947,-0.977,0.21,-0.044,0,0.204,0.979,0.215,0.956,-0.199],"_shiftlockState":true,"_pose":"FreeFall","_animationQueue":[],"_animationSpeed":1,"_zoom":14.169},{"_mousePosition":[683,384],"_rootPartCFrame":[746.099,230.31,44.477,-0.995,0,-0.099,0,1,0,0.099,0,-0.995],"_humanoidState":5,"_cameraCFrame":[743.509,245.661,42.185,-0.951,0.304,-0.065,0,0.21,0.978,0.311,0.929,-0.2],"_shiftlockState":true,"_pose":"FreeFall","_animationQueue":[],"_animationSpeed":1,"_zoom":14.169},{"_mousePosition":[683,384],"_rootPartCFrame":[745.853,230.375,44.627,-0.918,0,-0.397,0,1,0,0.397,0,-0.918],"_humanoidState":5,"_cameraCFrame":[742.994,245.707,42.545,-0.911,0.402,-0.089,0,0.217,0.976,0.411,0.89,-0.198],"_shiftlockState":true,"_pose":"FreeFall","_animationQueue":[["fall",0.3]],"_animationSpeed":1,"_zoom":14.169},{"_mousePosition":[683,384],"_rootPartCFrame":[745.727,230.373,44.736,-0.925,0,-0.38,0,1,0,0.38,0,-0.925],"_humanoidState":5,"_cameraCFrame":[742.829,245.715,42.776,-0.899,0.427,-0.093,0,0.214,0.977,0.437,0.879,-0.192],"_shiftlockState":true,"_pose":"FreeFall","_animationQueue":[],"_animationSpeed":1,"_zoom":14.169},{"_mousePosition":[683,384],"_rootPartCFrame":[745.563,230.302,44.933,-0.905,0,-0.426,0,1,0,0.426,0,-0.905],"_humanoidState":5,"_cameraCFrame":[742.563,245.661,43.268,-0.864,0.493,-0.105,0,0.208,0.978,0.504,0.845,-0.18],"_shiftlockState":true,"_pose":"FreeFall","_animationQueue":[],"_animationSpeed":1,"_zoom":14.169},{"_mousePosition":[683,384],"_rootPartCFrame":[745.513,230.25,45.018,-0.865,0,-0.501,0,1,0,0.501,0,-0.865],"_humanoidState":5,"_cameraCFrame":[742.374,245.611,43.658,-0.811,0.572,-0.121,0,0.207,0.978,0.585,0.793,-0.168],"_shiftlockState":true,"_pose":"FreeFall","_animationQueue":[],"_animationSpeed":1,"_zoom":14.169},{"_mousePosition":[683,384],"_rootPartCFrame":[745.458,230.146,45.15,-0.816,0,-0.578,0,1,0,0.578,0,-0.816],"_humanoidState":5,"_cameraCFrame":[742.025,245.468,44.149,-0.714,0.683,-0.154,0,0.22,0.975,0.7,0.696,-0.157],"_shiftlockState":true,"_pose":"FreeFall","_animationQueue":[],"_animationSpeed":1,"_zoom":14.169},{"_mousePosition":[683,384],"_rootPartCFrame":[745.504,230.124,45.263,-0.711,0,-0.703,0,1,0,0.703,0,-0.711],"_humanoidState":7,"_cameraCFrame":[741.832,245.404,44.594,-0.62,0.763,-0.183,0,0.233,0.973,0.785,0.603,-0.144],"_shiftlockState":true,"_pose":"FreeFall","_animationQueue":[["walk",0.1],["fall",0.3],["fall",0.3]],"_animationSpeed":1,"_zoom":14.169},{"_mousePosition":[683,384],"_rootPartCFrame":[745.724,230.149,45.28,-0.612,0,-0.791,0,1,0,0.791,0,-0.612],"_humanoidState":7,"_cameraCFrame":[741.872,245.391,44.911,-0.535,0.819,-0.206,0,0.244,0.97,0.845,0.519,-0.13],"_shiftlockState":true,"_pose":"FreeFall","_animationQueue":[],"_animationSpeed":1,"_zoom":14.169},{"_mousePosition":[683,384],"_rootPartCFrame":[745.88,230.251,45.16,-0.533,0,-0.846,0,1,0,0.846,0,-0.533],"_humanoidState":8,"_cameraCFrame":[741.876,245.454,44.976,-0.477,0.85,-0.224,0,0.255,0.967,0.879,0.462,-0.122],"_shiftlockState":true,"_pose":"Running","_animationQueue":[["fall",0.3],["walk",0.1],["fall",0.3],["walk",0.1]],"_animationSpeed":0.777,"_zoom":14.169},{"_mousePosition":[683,384],"_rootPartCFrame":[746.04,230.426,44.917,-0.477,0,-0.879,0,1,0,0.879,0,-0.477],"_humanoidState":8,"_cameraCFrame":[741.846,245.571,44.743,-0.454,0.858,-0.24,0,0.269,0.963,0.891,0.437,-0.122],"_shiftlockState":true,"_pose":"Running","_animationQueue":[["walk",0.1]],"_animationSpeed":0.909,"_zoom":14.169},{"_mousePosition":[683,384],"_rootPartCFrame":[746.166,231.299,44.718,-0.454,0,-0.891,0,1,0,0.891,0,-0.454],"_humanoidState":3,"_cameraCFrame":[741.837,246.4,44.429,-0.463,0.851,-0.248,0,0.28,0.96,0.886,0.445,-0.13],"_shiftlockState":tr