[{"_mousePosition":[1110,365],"_rootPartCFrame":[776.028,222.95,47.142,0,0,1,0,1,0,-1,0,0],"_humanoidState":8,"_cameraCFrame":[782.648,229.517,47.584,0.067,-0.606,0.793,0,0.795,0.607,-0.998,-0.04,0.053],"_shiftlockState":false,"_pose":"Standing","_animationQueue":[],"_animationSpeed":1,"_zoom":8.348},{"_mousePosition":[1087,364],"_rootPartCFrame":[775.91,222.891,47.134,0.005,0,1,0,1,0,-1,0,0.005],"_humanoidState":8,"_cameraCFrame":[782.53,229.458,47.577,0.067,-0.606,0.793,0,0.795,0.607,-0.998,-0.04,0.053],"_shiftlockState":false,"_pose":"Standing","_animationQueue":[],"_animationSpeed":1,"_zoom":8.348},{"_mousePosition":[1012,361],"_rootPartCFrame":[775.65,222.759,47.117,0.013,0,1,0,1,0,-1,0,0.013],"_humanoidState":8,"_cameraCFrame":[782.269,229.326,47.559,0.067,-0.606,0.793,0,0.795,0.607,-0.998,-0.04,0.053],"_shiftlockState":false,"_pose":"Running","_animationQueue":[["walk",0.1]],"_animationSpeed":0.836,"_zoom":8.348},{"_mousePosition":[988,360],"_rootPartCFrame":[775.384,222.651,47.099,0.02,0,1,0,1,0,-1,0,0.02],"_humanoidState":8,"_cameraCFrame":[782.003,229.218,47.541,0.067,-0.606,0.793,0,0.795,0.607,-0.998,-0.04,0.053],"_shiftlockState":false,"_pose":"Running","_animationQueue":[["walk",0.1]],"_animationSpeed":1.098,"_zoom":8.348},{"_mousePosition":[928,359],"_rootPartCFrame":[775.118,222.661,47.081,0.027,0,1,0,1,0,-1,0,0.027],"_humanoidState":8,"_cameraCFrame":[781.737,229.228,47.524,0.067,-0.606,0.793,0,0.795,0.607,-0.998,-0.04,0.053],"_shiftlockState":false,"_pose":"Running","_animationQueue":[],"_animationSpeed":1.098,"_zoom":8.348},{"_mousePosition":[904,357],"_rootPartCFrame":[774.851,222.677,47.063,0.032,0,0.999,0,1,0,-0.999,0,0.032],"_humanoidState":8,"_cameraCFrame":[781.471,229.244,47.506,0.067,-0.606,0.793,0,0.795,0.607,-0.998,-0.04,0.053],"_shiftlockState":false,"_pose":"Running","_animationQueue":[["walk",0.1]],"_animationSpeed":1.098,"_zoom":8.348},{"_mousePosition":[842,353],"_rootPartCFrame":[774.585,222.687,47.046,0.037,0,0.999,0,1,0,-0.999,0,0.037],"_humanoidState":8,"_cameraCFrame":[781.205,229.254,47.488,0.067,-0.606,0.793,0,0.795,0.607,-0.998,-0.04,0.053],"_shiftlockState":false,"_pose":"Running","_animationQueue":[],"_animationSpeed":1.098,"_zoom":8.348},{"_mousePosition":[824,353],"_rootPartCFrame":[774.319,222.693,47.028,0.041,0,0.999,0,1,0,-0.999,0,0.041],"_humanoidState":8,"_cameraCFrame":[780.939,229.26,47.47,0.067,-0.606,0.793,0,0.795,0.607,-0.998,-0.04,0.053],"_shiftlockState":false,"_pose":"Running","_animationQueue":[],"_animationSpeed":1.098,"_zoom":8.348},{"_mousePosition":[776,350],"_rootPartCFrame":[774.053,222.696,47.01,0.044,0,0.999,0,1,0,-0.999,0,0.044],"_humanoidState":8,"_cameraCFrame":[780.673,229.263,47.452,0.067,-0.606,0.793,0,0.795,0.607,-0.998,-0.04,0.053],"_shiftlockState":false,"_pose":"Running","_animationQueue":[],"_animationSpeed":1.098,"_zoom":8.348},{"_mousePosition":[746,350],"_rootPartCFrame":[773.787,222.698,46.992,0.047,0,0.999,0,1,0,-0.999,0,0.047],"_humanoidState":8,"_cameraCFrame":[780.407,229.265,47.435,0.067,-0.606,0.793,0,0.795,0.607,-0.998,-0.04,0.053],"_shiftlockState":false,"_pose":"Running","_animationQueue":[],"_animationSpeed":1.098,"_zoom":8.348},{"_mousePosition":[731,348],"_rootPartCFrame":[773.521,222.699,46.974,0.05,0,0.999,0,1,0,-0.999,0,0.05],"_humanoidState":8,"_cameraCFrame":[780.141,229.266,47.417,0.067,-0.606,0.793,0,0.795,0.607,-0.998,-0.04,0.053],"_shiftlockState":false,"_pose":"Running","_animationQueue":[],"_animationSpeed":1.098,"_zoom":8.348},{"_mousePosition":[701,347],"_rootPartCFrame":[773.255,222.699,46.957,0.052,0,0.999,0,1,0,-0.999,0,0.052],"_humanoidState":8,"_cameraCFrame":[779.874,229.266,47.399,0.067,-0.606,0.793,0,0.795,0.607,-0.998,-0.04,0.053],"_shiftlockState":false,"_pose":"Running","_animationQueue":[["walk",0.1]],"_animationSpeed":1.098,"_zoom":8.348},{"_mousePosition":[694,348],"_rootPartCFrame":[772.989,222.699,46.939,0.054,0,0.999,0,1,0,-0.999,0,0.054],"_humanoidState":8,"_cameraCFrame":[779.608,229.266,47.381,0.067,-0.606,0.793,0,0.795,0.607,-0.998,-0.04,0.053],"_shiftlockState":false,"_pose":"Running","_animationQueue":[],"_animationSpeed":1.098,"_zoom":8.348},{"_mousePosition":[691,350],"_rootPartCFrame":[772.723,222.699,46.921,0.056,0,0.998,0,1,0,-0.998,0,0.056],"_humanoidState":8,"_cameraCFrame":[779.342,229.266,47.364,0.067,-0.606,0.793,0,0.795,0.607,-0.998,-0.04,0.053],"_shiftlockState":false,"_pose":"Running","_animationQueue":[],"_animationSpeed":1.098,"_zoom":8.348},{"_mousePosition":[684,353],"_rootPartCFrame":[772.456,222.7,46.903,0.057,0,0.998,0,1,0,-0.998,0,0.057],"_humanoidState":8,"_cameraCFrame":[779.076,229.267,47.346,0.067,-0.606,0.793,0,0.795,0.607,-0.998,-0.04,0.053],"_shiftlockState":false,"_pose":"Running","_animationQueue":[],"_animationSpeed":1.098,"_zoom":8.348},{"_mousePosition":[679,358],"_rootPartCFrame":[772.19,222.7,46.886,0.059,0,0.998,0,1,0,-0.998,0,0.059],"_humanoidState":8,"_cameraCFrame":[778.81,229.267,47.328,0.067,-0.606,0.793,0,0.795,0.607,-0.998,-0.04,0.053],"_shiftlockState":false,"_pose":"Running","_animationQueue":[],"_animationSpeed":1.098,"_zoom":8.348},{"_mousePosition":[679,358],"_rootPartCFrame":[771.924,222.7,46.868,0.06,0,0.998,0,1,0,-0.998,0,0.06],"_humanoidState":8,"_cameraCFrame":[778.452,229.394,47.174,0.047,-0.622,0.782,0,0.783,0.622,-0.999,-0.029,0.037],"_shiftlockState":false,"_pose":"Running","_animationQueue":[],"_animationSpeed":1.098,"_zoom":8.348},{"_mousePosition":[679,358],"_rootPartCFrame":[771.658,222.7,46.85,0.061,0,0.998,0,1,0,-0.998,0,0.061],"_humanoidState":8,"_cameraCFrame":[778.084,229.525,47.05,0.031,-0.638,0.77,0,0.77,0.638,-1,-0.02,0.024],"_shiftlockState":false,"_pose":"Running","_animationQueue":[["walk",0.1]],"_animationSpeed":1.098,"_zoom":8.348},{"_mousePosition":[679,358],"_rootPartCFrame":[771.392,222.7,46.837,0.059,0,0.998,0,1,0,-0.998,0,0.059],"_humanoidState":8,"_cameraCFrame":[777.646,229.729,46.881,0.007,-0.662,0.749,0,0.749,0.662,-1,-0.005,0.005],"_shiftlockState":false,"_pose":"Running","_animationQueue":[],"_animationSpeed":1.098,"_zoom":8.348},{"_mousePosition":[679,358],"_rootPartCFrame":[771.125,222.7,46.828,0.056,0,0.998,0,1,0,-0.998,0,0.056],"_humanoidState":8,"_cameraCFrame":[777.169,229.957,46.725,-0.017,-0.69,0.724,0,0.724,0.69,-1,0.012,-0.012],"_shiftlockState":false,"_pose":"Running","_animationQueue":[],"_animationSpeed":1.098,"_zoom":8.348},{"_mousePosition":[679,358],"_rootPartCFrame":[770.859,222.7,46.826,0.049,0,0.999,0,1,0,-0.999,0,0.049],"_humanoidState":8,"_cameraCFrame":[776.717,230.145,46.659,-0.029,-0.712,0.702,0,0.702,0.712,-1,0.02,-0.02],"_shiftlockState":false,"_pose":"Running","_animationQueue":[],"_animationSpeed":1.098,"_zoom":8.348},{"_mousePosition":[679,358],"_rootPartCFrame":[770.592,222.7,46.83,0.041,0,0.999,0,1,0,-0.999,0,0.041],"_humanoidState":8,"_cameraCFrame":[776.275,230.312,46.65,-0.032,-0.732,0.681,0,0.681,0.732,-0.999,0.023,-0.022],"_shiftlockState":false,"_pose":"Running","_animationQueue":[],"_animationSpeed":1.098,"_zoom":8.348},{"_mousePosition":[679,358],"_rootPartCFrame":[770.325,222.666,46.835,0.032,0,0.999,0,1,0,-0.999,0,0.032],"_humanoidState":8,"_cameraCFrame":[775.849,230.423,46.688,-0.026,-0.749,0.662,0,0.662,0.75,-1,0.02,-0.018],"_shiftlockState":false,"_pose":"Running","_animationQueue":[],"_animationSpeed":1.098,"_zoom":8.348},{"_mousePosition":[679,358],"_rootPartCFrame":[770.059,222.577,46.839,0.023,0,1,0,1,0,-1,0,0.023],"_humanoidState":8,"_cameraCFrame":[775.38,230.509,46.754,-0.016,-0.77,0.637,0,0.637,0.771,-1,0.012,-0.01],"_shiftlockState":false,"_pose":"Running","_animationQueue":[],"_animationSpeed":1.098,"_zoom":8.348},{"_mousePosition":[679,358],"_rootPartCFrame":[769.792,223.44,46.844,0.014,0,1,0,1,0,-1,0,0.014],"_humanoidState":3,"_cameraCFrame":[774.935,231.516,46.821,-0.004,-0.788,0.616,0,0.616,0.788,-1,0.004,-0.003],"_shiftlockState":false,"_pose":"Jumping","_animationQueue":[["walk",0.1],["walk",0.1],["jump",0.1]],"_animationSpeed":1,"_zoom":8.348},{"_mousePosition":[679,358],"_rootPartCFrame":[769.526,224.248,46.848,0.009,0,1,0,1,0,-1,0,0.009],"_humanoidState":5,"_cameraCFrame":[774.443,232.494,46.857,0.002,-0.808,0.589,0,0.589,0.808,-1,-0.001,0.001],"_shiftlockState":false,"_pose":"FreeFall","_animationQueue":[["jump",0.1]],"_animationSpeed":1,"_zoom":8.348},{"_mousePosition":[679,358],"_rootPartCFrame":[769.259,225.002,46.85,0.006,0,1,0,1,0,-1,0,0.006],"_humanoidState":5,"_cameraCFrame":[773.923,233.426,46.853,0.001,-0.829,0.559,0,0.559,0.829,-1,-0.001,0],"_shiftlockState":false,"_pose":"FreeFall","_animationQueue":[],"_animationSpeed":1,"_zoom":8.348},{"_mousePosition":[679,358],"_rootPartCFrame":[768.992,225.702,46.849,0.005,0,1,0,1,0,-1,0,0.005],"_humanoidState":5,"_cameraCFrame":[773.517,234.475,46.796,-0.012,-0.849,0.528,0,0.528,0.849,-1,0.01,-0.006],"_shiftlockState":false,"_pose":"FreeFall","_animationQueue":[],"_animationSpeed":1,"_zoom":10.935},{"_mousePosition":[679,358],"_rootPartCFrame":[768.726,226.347,46.849,0.004,0,1,0,1,0,-1,0,0.004],"_humanoidState":5,"_cameraCFrame":[773.355,235.812,46.707,-0.031,-0.864,0.502,0,0.503,0.864,-1,0.026,-0.015],"_shiftlockState":false,"_pose":"FreeFall","_animationQueue":[],"_animationSpeed":1,"_zoom":14.169},{"_mousePosition":[679,358],"_rootPartCFrame":[768.459,226.937,46.852,0.003,0,1,0,1,0,-1,0,0.003],"_humanoidState":5,"_cameraCFrame":[773.292,237.34,46.653,-0.041,-0.878,0.477,0,0.477,0.879,-0.999,0.036,-0.02],"_shiftlockState":false,"_pose":"FreeFall","_animationQueue":[],"_animationSpeed":1,"_zoom":14.169},{"_mousePosition":[679,358],"_rootPartCFrame":[768.193,227.473,46.859,-0.001,0,1,0,1,0,-1,0,-0.001],"_humanoidState":5,"_cameraCFrame":[773.408,239.241,46.661,-0.038,-0.891,0.453,0,0.453,0.891,-0.999,0.034,-0.017],"_shiftlockState":false,"_pose":"FreeFall","_animationQueue":[],"_animationSpeed":1,"_zoom":18.211},{"_mousePosition":[679,358],"_rootPartCFrame":[767.926,227.954,46.87,-0.006,0,1,0,1,0,-1,0,-0.006],"_humanoidState":5,"_cameraCFrame":[773.735,240.892,46.649,-0.038,-0.891,0.453,0,0.453,0.891,-0.999,0.034,-0.017],"_shiftlockState":false,"_pose":"FreeFall","_animationQueue":[],"_animationSpeed":1,"_zoom":18.211},{"_mousePosition":[679,358],"_rootPartCFrame":[767.66,228.381,46.88,-0.01,0,1,0,1,0,-1,0,-0.01],"_humanoidState":5,"_cameraCFrame":[774.114,242.588,46.635,-0.038,-0.891,0.453,0,0.453,0.891,-0.999,0.034,-0.017],"_shiftlockState":false,"_pose":"FreeFall","_animationQueue":[],"_animationSpeed":1,"_zoom":18.211},{"_mousePosition":[679,358],"_rootPartCFrame":[767.393,228.753,46.89,-0.014,0,1,0,1,0,-1,0,-0.014],"_humanoidState":5,"_cameraCFrame":[774.288,243.828,46.628,-0.038,-0.891,0.453,0,0.453,0.891,-0.999,0.034,-0.017],"_shiftlockState":false,"_pose":"FreeFall","_animationQueue":[],"_animationSpeed":1,"_zoom":18.211},{"_mousePosition":[679,358],"_rootPartCFrame":[767.127,229.071,46.9,-0.018,0,1,0,1,0,-1,0,-0.018],"_humanoidState":5,"_cameraCFrame":[774.432,244.953,46.623,-0.038,-0.891,0.453,0,0.453,0.891,-0.999,0.034,-0.017],"_shiftlockState":false,"_pose":"FreeFall","_animationQueue":[],"_animationSpeed":1,"_zoom":18.211},{"_mousePosition":[679,358],"_rootPartCFrame":[766.861,229.335,46.91,-0.021,0,1,0,1,0,-1,0,-0.021],"_humanoidState":5,"_cameraCFrame":[774.435,245.747,46.623,-0.038,-0.891,0.453,0,0.453,0.891,-0.999,0.034,-0.017],"_shiftlockState":false,"_pose":"FreeFall","_animationQueue":[],"_animationSpeed":1,"_zoom":18.211},{"_mousePosition":[679,358],"_rootPartCFrame":[766.594,229.544,46.921,-0.023,0,1,0,1,0,-1,0,-0.023],"_humanoidState":5,"_cameraCFrame":[774.377,246.367,46.625,-0.038,-0.891,0.453,0,0.453,0.891,-0.999,0.034,-0.017],"_shiftlockState":false,"_pose":"FreeFall","_animationQueue":[],"_animationSpeed":1,"_zoom":18.211},{"_mousePosition":[679,358],"_rootPartCFrame":[766.328,229.698,46.931,-0.025,0,1,0,1,0,-1,0,-0.025],"_humanoidState":5,"_cameraCFrame":[774.25,246.796,46.63,-0.038,-0.891,0.453,0,0.453,0.891,-0.999,0.034,-0.017],"_shiftlockState":false,"_pose":"FreeFall","_animationQueue":[],"_animationSpeed":1,"_zoom":18.211},{"_mousePosition":[679,358],"_rootPartCFrame":[766.062,229.798,46.941,-0.027,0,1,0,1,0,-1,0,-0.027],"_humanoidState":5,"_cameraCFrame":[774.083,247.092,46.636,-0.038,-0.891,0.453,0,0.453,0.891,-0.999,0.034,-0.017],"_shiftlockState":false,"_pose":"FreeFall","_animationQueue":[],"_animationSpeed":1,"_zoom":18.211},{"_mousePosition":[679,358],"_rootPartCFrame":[765.795,229.843,46.951,-0.029,0,1,0,1,0,-1,0,-0.029],"_humanoidState":5,"_cameraCFrame":[773.897,247.296,46.643,-0.038,-0.891,0.453,0,0.453,0.891,-0.999,0.034,-0.017],"_shiftlockState":false,"_pose":"FreeFall","_animationQueue":[],"_animationSpeed":1,"_zoom":18.211},{"_mousePosition":[679,358],"_rootPartCFrame":[765.529,229.834,46.961,-0.03,0,1,0,1,0,-1,0,-0.03],"_humanoidState":5,"_cameraCFrame":[773.8,247.29,46.054,-0.109,-0.881,0.46,0,0.462,0.887,-0.994,0.097,-0.05],"_shiftlockState":false,"_pose":"FreeFall","_animationQueue":[],"_animationSpeed":1,"_zoom":18.211},{"_mousePosition":[679,358],"_rootPartCFrame":[765.263,229.771,46.971,-0.031,0,1,0,1,0,-1,0,-0.031],"_humanoidState":5,"_cameraCFrame":[773.459,247.311,45.565,-0.169,-0.875,0.454,0,0.46,0.888,-0.986,0.15,-0.078],"_shiftlockState":false,"_pose":"FreeFall","_animationQueue":[],"_animationSpeed":1,"_zoom":18.211},{"_mousePosition":[679,358],"_rootPartCFrame":[764.997,229.653,46.997,-0.039,0,0.999,0,1,0,-0.999,0,-0.039],"_humanoidState":5,"_cameraCFrame":[773.028,247.296,45.235,-0.214,-0.87,0.443,0,0.454,0.891,-0.977,0.191,-0.097],"_shiftlockState":false,"_pose":"FreeFall","_animationQueue":[],"_animationSpeed":1,"_zoom":18.211},{"_mousePosition":[679,358],"_rootPartCFrame":[764.734,229.48,47.039,-0.053,0,0.999,0,1,0,-0.999,0,-0.053],"_humanoidState":5,"_cameraCFrame":[772.654,247.185,45.03,-0.246,-0.865,0.436,0,0.45,0.893,-0.969,0.22,-0.111],"_shiftlockState":false,"_pose":"FreeFall","_animationQueue":[],"_animationSpeed":1,"_zoom":18.211},{"_mousePosition":[679,358],"_rootPartCFrame":[764.473,229.253,47.094,-0.074,0,0.997,0,1,0,-0.997,0,-0.074],"_humanoidState":5,"_cameraCFrame":[772.327,246.995,44.953,-0.263,-0.863,0.432,0,0.448,0.894,-0.965,0.235,-0.118],"_shiftlockState":false,"_pose":"FreeFall","_animationQueue":[["fall",0.3]],"_animationSpeed":1,"_zoom":18.211},{"_mousePosition":[679,358],"_rootPartCFrame":[764.215,228.971,47.159,-0.096,0,0.995,0,1,0,-0.995,0,-0.096],"_humanoidState":5,"_cameraCFrame":[772.039,246.733,44.936,-0.273,-0.86,0.43,0,0.447,0.894,-0.962,0.244,-0.122],"_shiftlockState":false,"_pose":"FreeFall","_animationQueue":[],"_animationSpeed":1,"_zoom":18.211},{"_mousePosition":[679,358],"_rootPartCFrame":[763.957,228.635,47.228,-0.119,0,0.993,0,1,0,-0.993,0,-0.119],"_humanoidState":5,"_cameraCFrame":[771.786,246.406,45.005,-0.273,-0.86,0.43,0,0.447,0.894,-0.962,0.244,-0.122],"_shiftlockState":false,"_pose":"FreeFall","_animationQueue":[],"_animationSpeed":1,"_zoom":18.211},{"_mousePosition":[679,358],"_rootPartCFrame":[763.7,228.245,47.301,-0.14,0,0.99,0,1,0,-0.99,0,-0.14],"_humanoidState":5,"_cameraCFrame":[771.534,246.021,45.085,-0.272,-0.861,0.43,0,0.447,0.894,-0.962,0.243,-0.122],"_shiftlockState":false,"_pose":"FreeFall","_animationQueue":[],"_animationSpeed":1,"_zoom":18.211},{"_mousePosition":[679,358],"_rootPartCFrame":[763.444,227.799,47.374,-0.159,0,0.987,0,1,0,-0.987,0,-0.159],"_humanoidState":5,"_cameraCFrame":[771.543,245.5,45.561,-0.218,-0.869,0.445,0,0.456,0.89,-0.976,0.194,-0.1],"_shiftlockState":false,"_pose":"FreeFall","_animationQueue":[],"_animationSpeed":1,"_zoom":18.211},{"_mousePosition":[679,358],"_rootPartCFrame":[763.269,227.314,47.455,-0.124,0.005,0.992,0.006,1,-0.004,-0.992,0.006,-0.124],"_humanoidState":5,"_cameraCFrame":[771.939,244.825,47.225,-0.028,-0.879,0.476,0,0.476,0.879,-1,0.024,-0.013],"_shiftlockState":false,"_pose":"FreeFall","_animationQueue":[],"_animationSpeed":1,"_zoom":18.211},{"_mousePosition":[679,358],"_rootPartCFrame":[763.246,227.402,47.52,-0.063,0.006,0.998,0.002,1,-0.006,-0.998,0.002,-0.063],"_humanoidState":12,"_cameraCFrame":[771.163,244.873,51.252,0.426,-0.793,0.434,0,0.48,0.877,-0.905,-0.374,0.205],"_shiftlockState":false,"_pose":"Climbing","_animationQueue":[["walk",0.1],["fall",0.3],["climb",0.1],["climb",0]],"_animationSpeed":-2.323,"_zoom":18.211},{"_mousePosition":[679,358],"_rootPartCFrame":[763.242,227.583,47.521,-0.05,0.001,0.999,-0.002,1,-0.001,-0.999,-0.002,-0.05],"_humanoidState":12,"_cameraCFrame":[768.004,245.573,53.599,0.787,-0.558,0.261,0,0.424,0.906,-0.616,-0.713,0.334],"_shiftlockState":false,"_pose":"Climbing","_animationQueue":[["climb",0.1]],"_animationSpeed":0.812,"_zoom":18.211},{"_mousePosition":[679,358],"_rootPartCFrame":[763.243,227.77,47.521,-0.048,-0.001,0.999,0,1,0.001,-0.999,0,-0.048],"_humanoidState":12,"_cameraCFrame":[766.558,246.449,52.861,0.963,-0.255,0.09,0,0.332,0.943,-0.27,-0.908,0.319],"_shiftlockState":true,"_pose":"Climbing","_animationQueue":[["climb",0.1]],"_animationSpeed":0.928,"_zoom":18.211},{"_mousePosition":[683,384],"_rootPartCFrame":[763.728,228.337,47.307,0.982,0,0.188,0,1,0,-0.188,0,0.982],"_humanoidState":8,"_cameraCFrame":[767.045,247.017,52.648,0.963,-0.255,0.09,0,0.332,0.943,-0.27,-0.908,0.319],"_shiftlockState":true,"_pose":"Standing","_animationQueue":[["climb",0.1],["walk",0.1],["idle",0.1]],"_animationSpeed":1,"_zoom":18.211},{"_mousePosition":[683,384],"_rootPartCFrame":[763.759,229.221,47.064,0.982,-0.001,0.187,0.001,1,-0.001,-0.187,0.001,0.982],"_humanoidState":3,"_cameraCFrame":[767.137,247.905,52.351,0.959,-0.266,0.093,0,0.331,0.944,-0.282,-0.905,0.317],"_shiftlockState":true,"_pose":"Jumping","_animationQueue":[["walk",0.1],["jump",0.1]],"_animationSpeed":1,"_zoom":18.211},{"_mousePosition":[683,384],"_rootPartCFrame":[763.815,230.07,46.824,0.983,-0.001,0.185,0.001,1,0,-0.185,0,0.983],"_humanoidState":5,"_cameraCFrame":[767.717,248.726,51.837,0.928,-0.352,0.125,0,0.335,0.942,-0.373,-0.874,0.311],"_shiftlockState":true,"_pose":"FreeFall","_animationQueue":[["jump",0.1]],"_animationSpeed":1,"_zoom":18.211},{"_mousePosition":[683,384],"_rootPartCFrame":[763.911,230.865,46.587,0.964,0,0.266,0,1,0,-0.266,0,0.964],"_humanoidState":5,"_cameraCFrame":[768.835,249.456,50.869,0.834,-0.517,0.19,0,0.345,0.939,-0.551,-0.783,0.288],"_shiftlockState":true,"_pose":"FreeFall","_animationQueue":[],"_animationSpeed":1,"_zoom":18.211},{"_mousePosition":[683,384],"_rootPartCFrame":[763.996,231.605,46.35,0.863,0,0.505,0,1,0,-0.505,0,0.863],"_humanoidState":5,"_cameraCFrame":[769.77,250.176,49.505,0.696,-0.673,0.25,0,0.348,0.937,-0.718,-0.652,0.242],"_shiftlockState":true,"_pose":"FreeFall","_animationQueue":[],"_animationSpeed":1,"_zoom":18.211},{"_mousePosition":[683,384],"_rootPartCFrame":[764.042,232.291,46.114,0.718,0,0.696,0,1,0,-0.696,0,0.718],"_humanoidState":5,"_cameraCFrame":[770.347,250.897,47.64,0.489,-0.819,0.299,0,0.343,0.939,-0.872,-0.459,0.168],"_shiftlockState":true,"_pose":"FreeFall","_animationQueue":[],"_animationSpeed":1,"_zoom":18.211},{"_mousePosition":[683,384],"_rootPartCFrame":[764.197,232.892,45.975,0.539,0.001,0.842,-0.002,1,0,-0.842,-0.002,0.539],"_humanoidState":5,"_cameraCFrame":[770.639,251.513,46.244,0.312,-0.893,0.324,0,0.341,0.94,-0.95,-0.293,0.106],"_shiftlockState":true,"_pose":"FreeFall","_animationQueue":[],"_animationSpeed":1,"_zoom":18.211},{"_mousePosition":[683,384],"_rootPartCFrame":[764.309,233.435,45.83,0.343,0,0.939,-0.001,1,0,-0.939,-0.001,0.343],"_humanoidState":5,"_cameraCFrame":[770.7,252.066,45.211,0.179,-0.926,0.334,0,0.339,0.941,-0.984,-0.168,0.061],"_shiftlockState":true,"_pose":"FreeFall","_animationQueue":[],"_animationSpeed":1,"_zoom":18.211},{"_mousePosition":[683,384],"_rootPartCFrame":[764.378,233.923,45.703,0.2,0,0.98,0,1,0,-0.98,0,0.2],"_humanoidState":5,"_cameraCFrame":[770.651,252.569,44.543,0.095,-0.937,0.335,0,0.337,0.942,-0.995,-0.089,0.032],"_shiftlockState":true,"_pose":"FreeFall","_animationQueue":[],"_animationSpeed":1,"_zoom":18.211},{"_mousePosition":[683,384],"_rootPartCFrame":[764.4,234.457,45.567,0.112,0,0.994,0,1,0,-0.994,0,0.112],"_humanoidState":5,"_cameraCFrame":[770.569,253.113,44.046,0.037,-0.941,0.335,0,0.335,0.942,-0.999,-0.035,0.013],"_shiftlockState":true,"_pose":"FreeFall","_animationQueue":[],"_animationSpeed":1,"_zoom":18.211},{"_mousePosition":[683,384],"_rootPartCFrame":[764.385,234.736,45.492,0.044,0,0.999,0,1,0,-0.999,0,0.044],"_humanoidState":5,"_cameraCFrame":[770.47,253.393,43.664,-0.013,-0.942,0.335,0,0.335,0.942,-1,0.012,-0.004],"_shiftlockState":true,"_pose":"FreeFall","_animationQueue":[],"_animationSpeed":1,"_zoom":18.211},{"_mousePosition":[683,384],"_rootPartCFrame":[764.331,235.061,45.404,-0.006,0,1,0,1,0,-1,0,-0.006],"_humanoidState":5,"_cameraCFrame":[770.425,253.693,43.382,-0.044,-0.94,0.339,0,0.339,0.941,-0.999,0.042,-0.015],"_shiftlockState":true,"_pose":"FreeFall","_animationQueue":[],"_animationSpeed":1,"_zoom":18.211},{"_mousePosition":[683,384],"_rootPartCFrame":[764.241,235.332,45.331,-0.039,0,0.999,0,1,0,-0.999,0,-0.039],"_humanoidState":5,"_cameraCFrame":[770.375,253.923,43.104,-0.077,-0.936,0.344,0,0.345,0.939,-0.997,0.072,-0.026],"_shiftlockState":true,"_pose":"FreeFall","_animationQueue":[],"_animationSpeed":1,"_zoom":18.211},{"_mousePosition":[683,384],"_rootPartCFrame":[764.115,235.548,45.275,-0.072,0,0.997,0,1,0,-0.997,0,-0.072],"_humanoidState":5,"_cameraCFrame":[770.348,254.077,42.858,-0.105,-0.93,0.352,0,0.354,0.935,-0.994,0.098,-0.037],"_shiftlockState":true,"_pose":"FreeFall","_animationQueue":[],"_animationSpeed":1,"_zoom":18.211},{"_mousePosition":[683,384],"_rootPartCFrame":[763.953,235.709,45.237,-0.101,0,0.995,0,1,0,-0.995,0,-0.101],"_humanoidState":5,"_cameraCFrame":[770.249,254.197,42.69,-0.124,-0.926,0.358,0,0.36,0.933,-0.992,0.115,-0.045],"_shiftlockState":true,"_pose":"FreeFall","_animationQueue":[],"_animationSpeed":1,"_zoom":18.211},{"_mousePosition":[683,384],"_rootPartCFrame":[763.758,235.816,45.22,-0.121,0,0.993,0,1,0,-0.993,0,-0.121],"_humanoidState":5,"_cameraCFrame":[770.064,254.298,42.664,-0.125,-0.925,0.358,0,0.361,0.933,-0.992,0.116,-0.045],"_shiftlockState":true,"_pose":"FreeFall","_animationQueue":[],"_animationSpeed":1,"_zoom":18.211},{"_mousePosition":[683,384],"_rootPartCFrame":[763.53,235.868,45.226,-0.124,0,0.992,0,1,0,-0.992,0,-0.124],"_humanoidState":5,"_cameraCFrame":[769.837,254.351,42.67,-0.125,-0.925,0.358,0,0.361,0.933,-0.992,0.116,-0.045],"_shiftlockState":true,"_pose":"FreeFall","_animationQueue":[],"_animationSpeed":1,"_zoom":18.211},{"_mousePosition":[683,384],"_rootPartCFrame":[763.273,235.866,45.253,-0.124,0,0.992,0,1,0,-0.992,0,-0.124],"_humanoidState":5,"_cameraCFrame":[769.752,254.311,42.888,-0.093,-0.926,0.365,0,0.366,0.93,-0.996,0.087,-0.034],"_shiftlockState":true,"_pose":"FreeFall","_animationQueue":[],"_animationSpeed":1,"_zoom":18.211},{"_mousePosition":[683,384],"_rootPartCFrame":[763.009,235.861,45.286,-0.093,0,0.996,0,1,0,-0.996,0,-0.093],"_humanoidState":7,"_cameraCFrame":[770.088,254.185,44.042,0.072,-0.921,0.382,0,0.383,0.924,-0.997,-0.066,0.028],"_shiftlockState":true,"_pose":"FreeFall","_animationQueue":[["fall",0.3],["walk",0.1],["fall",0.3],["fall",0.3]],"_animationSpeed":1,"_zoom":18.211},{"_mousePosition":[683,384],"_rootPartCFrame":[762.743,235.909,45.313,0.08,0,0.997,0,1,0,-0.997,0,0.08],"_humanoidState":7,"_cameraCFrame":[769.792,254.277,46.003,0.34,-0.871,0.354,0,0.377,0.926,-0.94,-0.315,0.128],"_shiftlockState":true,"_pose":"FreeFall","_animationQueue":[],"_animationSpeed":1,"_zoom":18.211},{"_mousePosition":[683,384],"_rootPartCFrame":[762.623,236.004,45.324,0.36,0,0.933,0,1,0,-0.933,0,0.36],"_humanoidState":8,"_cameraCFrame":[769.083,254.549,46.884,0.482,-0.82,0.308,0,0.352,0.936,-0.876,-0.452,0.17],"_shiftlockState":true,"_pose":"Running","_animationQueue":[["walk",0.1],["fall",0.3],["walk",0.1]],"_animationSpeed":1.103,"_zoom":18.211},{"_mousePosition":[683,384],"_rootPartCFrame":[762.6,236.877,45.326,0.498,0,0.867,0,1,0,-0.867,0,0.498],"_humanoidState":3,"_cameraCFrame":[768.548,255.625,46.681,0.492,-0.824,0.279,0,0.321,0.947,-0.87,-0.466,0.158],"_shiftlockState":true,"_pose":"Jumping","_animationQueue":[["walk",0.1],["jump",0.1]],"_animationSpeed":1,"_zoom":18.211},{"_mousePosition":[683,384],"_rootPartCFrame":[762.595,237.699,45.327,0.497,0,0.868,0,1,0,-0.868,0,0.497],"_humanoidState":5,"_cameraCFrame":[768.287,256.57,46.069,0.426,-0.863,0.272,0,0.3,0.954,-0.905,-0.406,0.128],"_shiftlockState":true,"_pose":"FreeFall","_animationQueue":[["jump",0.1]],"_animationSpeed":1,"_zoom":18.211},{"_mousePosition":[683,384],"_rootPartCFrame":[762.595,238.467,45.327,0.426,0,0.905,0,1,0,-0.905,0,0.426],"_humanoidState":5,"_cameraCFrame":[768.183,257.385,45.584,0.356,-0.894,0.273,0,0.292,0.956,-0.934,-0.341,0.104],"_shiftlockState":true,"_pose":"FreeFall","_animationQueue":[],"_animationSpeed":1,"_zoom":18.211},{"_mousePosition":[683,384],"_rootPartCFrame":[762.595,239.18,45.327,0.356,0,0.934,0,1,0,-0.934,0,0.356],"_humanoidState":5,"_cameraCFrame":[768.011,258.153,45.098,0.283,-0.92,0.27,0,0.282,0.959,-0.959,-0.271,0.08],"_shiftlockState":true,"_pose":"FreeFall","_animationQueue":[],"_animationSpeed":1,"_zoom":18.211},{"_mousePosition":[683,384],"_rootPartCFrame":[762.595,239.838,45.327,0.283,0,0.959,0,1,0,-0.959,0,0.283],"_humanoidState":5,"_cameraCFrame":[767.864,258.848,44.753,0.226,-0.937,0.268,0,0.275,0.962,-0.974,-0.217,0.062],"_shiftlockState":true,"_pose":"FreeFall","_animationQueue":[],"_animationSpeed":1,"_zoom":18.211},{"_mousePosition":[683,384],"_rootPartCFrame":[762.595,240.442,45.327,0.226,0,0.974,0,1,0,-0.974,0,0.226],"_humanoidState":5,"_cameraCFrame":[767.804,259.464,44.596,0.198,-0.943,0.267,0,0.272,0.962,-0.98,-0.191,0.054],"_shiftlockState":true,"_pose":"FreeFall","_animationQueue":[],"_animationSpeed":1,"_zoom":18.211},{"_mousePosition":[683,384],"_rootPartCFrame":[762.595,240.992,45.327,0.198,0,0.98,0,1,0,-0.98,0,0.198],"_humanoidState":5,"_cameraCFrame":[767.781,260.018,44.528,0.186,-0.946,0.267,0,0.272,0.962,-0.983,-0.179,0.051],"_shiftlockState":true,"_pose":"FreeFall","_animationQueue":[],"_animationSpeed":1,"_zoom":18.211},{"_mousePosition":[683,384],"_rootPartCFrame":[762.595,241.487,45.327,0.186,0,0.983,0,1,0,-0.983,0,0.186],"_humanoidState":5,"_cameraCFrame":[767.764,260.517,44.509,0.183,-0.946,0.266,0,0.271,0.963,-0.983,-0.176,0.05],"_shiftlockState":true,"_pose":"FreeFall","_animationQueue":[],"_animationSpeed":1,"_zoom":18.211},{"_mousePosition":[683,384],"_rootPartCFrame":[762.599,241.927,45.302,0.273,0,0.962,0,1,0,-0.962,0,0.273],"_humanoidState":5,"_cameraCFrame":[767.769,260.957,44.484,0.183,-0.946,0.266,0,0.271,0.963,-0.983,-0.176,0.05],"_shiftlockState":true,"_pose":"FreeFall","_animationQueue":[],"_animationSpeed":1,"_zoom":18.211},{"_mousePosition":[683,384],"_rootPartCFrame":[762.611,242.313,45.239,0.307,0,0.952,0,1,0,-0.952,0,0.307],"_humanoidState":5,"_cameraCFrame":[767.78,261.344,44.415,0.182,-0.947,0.266,0,0.271,0.963,-0.983,-0.175,0.049],"_shiftlockState":true,"_pose":"FreeFall","_animationQueue":[],"_animationSpeed":1,"_zoom":18.211},{"_mousePosition":[683,384],"_rootPartCFrame":[762.631,242.645,45.136,0.31,0,0.951,0,1,0,-0.951,0,0.31],"_humanoidState":5,"_cameraCFrame":[767.724,261.695,44.263,0.175,-0.949,0.263,0,0.267,0.964,-0.985,-0.168,0.047],"_shiftlockState":true,"_pose":"FreeFall","_animationQueue":[],"_animationSpeed":1,"_zoom":18.211},{"_mousePosition":[683,384],"_rootPartCFrame":[762.626,242.983,44.971,0.311,0,0.95,0,1,0,-0.95,0,0.311],"_humanoidState":5,"_cameraCFrame":[767.627,262.056,44.035,0.165,-0.952,0.259,0,0.262,0.965,-0.986,-0.16,0.043],"_shiftlockState":true,"_pose":"FreeFall","_animationQueue":[],"_animationSpeed":1,"_zoom":18.211},{"_mousePosition":[683,384],"_rootPartCFrame":[762.597,243.144,44.857,0.244,0,0.97,0,1,0,-0.97,0,0.244],"_humanoidState":5,"_cameraCFrame":[767.459,262.252,43.834,0.152,-0.956,0.252,0,0.255,0.967,-0.988,-0.147,0.039],"_shiftlockState":true,"_pose":"FreeFall","_animationQueue":[],"_animationSpeed":1,"_zoom":18.211},{"_mousePosition":[683,384],"_rootPartCFrame":[762.529,243.312,44.687,0.256,0,0.967,0,1,0,-0.967,0,0.256],"_humanoidState":5,"_cameraCFrame":[767.265,262.449,43.587,0.14,-0.959,0.247,0,0.249,0.968,-0.99,-0.135,0.035],"_shiftlockState":true,"_pose":"FreeFall","_animationQueue":[],"_animationSpeed":1,"_zoom":18.211},{"_mousePosition":[683,384],"_rootPartCFrame":[762.426,243.426,44.499,0.244,0,0.97,0,1,0,-0.97,0,0.244],"_humanoidState":5,"_cameraCFrame":[767.051,262.588,43.337,0.129,-0.962,0.242,0,0.244,0.97,-0.992,-0.125,0.031],"_shiftlockState":true,"_pose":"FreeFall","_animationQueue":[],"_animationSpeed":1,"_zoom":18.211},{"_mousePosition":[683,384],"_rootPartCFrame":[762.286,243.485,44.295,0.234,0,0.972,0,1,0,-0.972,0,0.234],"_humanoidState":5,"_cameraCFrame":[766.814,262.669,43.074,0.119,-0.964,0.237,0,0.239,0.971,-0.993,-0.115,0.028],"_shiftlockState":true,"_pose":"FreeFall","_animationQueue":[],"_animationSpeed":1,"_zoom":18.211},{"_mousePosition":[683,384],"_rootPartCFrame":[762.125,243.489,44.084,0.223,0,0.975,0,1,0,-0.975,0,0.223],"_humanoidState":5,"_cameraCFrame":[766.555,262.694,42.811,0.109,-0.966,0.233,0,0.234,0.972,-0.994,-0.106,0.026],"_shiftlockState":true,"_pose":"FreeFall","_animationQueue":[],"_animationSpeed":1,"_zoom":18.211},{"_mousePosition":[683,384],"_rootPartCFrame":[761.96,243.439,43.874,0.214,0,0.977,0,1,0,-0.977,0,0.214],"_humanoidState":5,"_cameraCFrame":[766.292,262.664,42.547,0.099,-0.969,0.228,0,0.229,0.973,-0.995,-0.096,0.023],"_shiftlockState":true,"_pose":"FreeFall","_animationQueue":[],"_animationSpeed":1,"_zoom":18.211},{"_mousePosition":[683,384],"_rootPartCFrame":[761.794,243.335,43.666,0.204,0,0.979,0,1,0,-0.979,0,0.204],"_humanoidState":5,"_cameraCFrame":[766.009,262.583,42.275,0.087,-0.971,0.223,0,0.224,0.975,-0.996,-0.084,0.019],"_shiftlockState":true,"_pose":"FreeFall","_animationQueue":[["fall",0.3]],"_animationSpeed":1,"_zoom":18.211},{"_mousePosition":[683,384],"_rootPartCFrame":[761.625,243.176,43.459,0.192,0,0.981,0,1,0,-0.981,0,0.192],"_humanoidState":5,"_cameraCFrame":[765.716,262.447,41.991,0.07,-0.973,0.218,0,0.218,0.976,-0.998,-0.068,0.015],"_shiftlockState":true,"_pose":"FreeFall","_animationQueue":[],"_animationSpeed":1,"_zoom":18.211},{"_mousePosition":[683,384],"_rootPartCFrame":[761.454,242.963,43.255,0.176,0,0.984,0,1,0,-0.984,0,0.176],"_humanoidState":5,"_cameraCFrame":[765.328,262.256,43.44,0.048,-0.976,0.213,0,0.213,0.977,-0.999,-0.047,0.01],"_shiftlockState":false,"_pose":"FreeFall","_animationQueue":[],"_animationSpeed":1,"_zoom":18.211},{"_mousePosition":[683,384],"_rootPartCFrame":[761.271,242.695,43.073,0.198,0,0.98,0,1,0,-0.98,0,0.198],"_humanoidState":5,"_cameraCFrame":[765.145,261.988,43.258,0.048,-0.976,0.213,0,0.213,0.977,-0.999,-0.047,0.01],"_shiftlockState":false,"_pose":"FreeFall","_animationQueue":[],"_animationSpeed":1,"_zoom":18.211},{"_mousePosition":[683,384],"_rootPartCFrame":[760.909,242.094,42.84,0.17,0,0.985,0,1,0,-0.985,0,0.17],"_humanoidState":5,"_cameraCFrame":[764.742,261.397,42.963,0.032,-0.977,0.211,0,0.211,0.978,-0.999,-0.031,0.007],"_shiftlockState":false,"_pose":"FreeFall","_animationQueue":[],"_animationSpeed":1,"_zoom":18.211},{"_mousePosition":[683,384],"_rootPartCFrame":[760.795,241.892,42.793,0.162,0,0.987,0,1,0,-0.987,0,0.162],"_humanoidState":5,"_cameraCFrame":[764.573,261.207,42.863,0.019,-0.978,0.207,0,0.207,0.978,-1,-0.018,0.004],"_shiftlockState":false,"_pose":"FreeFall","_animationQueue":[],"_animationSpeed":1,"_zoom":18.211},{"_mousePosition":[683,384],"_rootPartCFrame":[760.617,241.564,42.74,0.149,0,0.989,0,1,0,-0.989,0,0.149],"_humanoidState":5,"_cameraCFrame":[764.323,260.893,42.77,0.008,-0.979,0.204,0,0.204,0.979,-1,-0.008,0.002],"_shiftlockState":false,"_pose":"FreeFall","_animationQueue":[],"_animationSpeed":1,"_zoom":18.211},{"_mousePosition":[683,384],"_rootPartCFrame":[760.454,241.497,42.725,0.131,0,0.991,0,1,0,-0.991,0,0.131],"_humanoidState":7,"_cameraCFrame":[764.145,260.83,42.747,0.006,-0.979,0.203,0,0.203,0.979,-1,-0.006,0.001],"_shiftlockState":false,"_pose":"FreeFall","_animationQueue":[["fall",0.3],["walk",0.1],["fall",0.3],["fall",0.3]],"_animationSpeed":1,"_zoom":18.211},{"_mousePosition":[683,384],"_rootPartCFrame":[760.337,241.496,42.807,0.043,0,0.999,0,1,0,-0.999,0,0.043],"_humanoidState":7,"_cameraCFrame":[764.028,260.829,42.83,0.006,-0.979,0.203,0,0.203,0.979,-1,-0.006,0.001],"_shiftlockState":false,"_pose":"FreeFall","_animationQueue":[],"_animationSpeed":1,"_zoom":18.211},{"_mousePosition":[683,384],"_rootPartCFrame":[760.302,241.352,43.091,-0.202,0,0.979,0,1,0,-0.979,0,-0.202],"_humanoidState":8,"_cameraCFrame":[763.993,260.685,43.113,0.006,-0.979,0.203,0,0.203,0.979,-1,-0.006,0.001],"_shiftlockState":false,"_pose":"Running","_animationQueue":[["walk",0.1],["fall",0.3],["walk",0.1]],"_animationSpeed":0.627,"_zoom":18.211},{"_mousePosition":[683,384],"_rootPartCFrame":[760.297,242.225,43.353,-0.404,0,0.915,0,1,0,-0.915,0,-0.404],"_humanoidState":3,"_cameraCFrame":[763.989,261.558,43.375,0.006,-0.979,0.203,0,0.203,0.979,-1,-0.006,0.001],"_shiftlockState":false,"_pose":"Jumping","_animationQueue":[["walk",0.1],["jump",0.1]],"_animationSpeed":1,"_zoom":18.211},{"_mousePosition":[683,384],"_rootPartCFrame":[760.292,243.047,43.59,-0.463,0,0.886,0,1,0,-0.886,0,-0.463],"_humanoidState":5,"_cameraCFrame":[763.984,262.38,43.612,0.006,-0.979,0.203,0,0.203,0.979,-1,-0.006,0.001],"_shiftlockState":false,"_pose":"FreeFall","_animationQueue":[["jump",0.1]],"_animationSpeed":1,"_zoom":18.211},{"_mousePosition":[683,384],"_rootPartCFrame":[760.289,243.815,43.788,-0.47,0,0.883,0,1,0,-0.883,0,-0.47],"_humanoidState":5,"_cameraCFrame":[763.995,263.144,43.806,0.005,-0.979,0.204,0,0.204,0.979,-1,-0.005,0.001],"_shiftlockState":false,"_pose":"FreeFall","_animationQueue":[],"_animationSpeed":1,"_zoom":18.211},{"_mousePosition":[683,384],"_rootPartCFrame":[760.286,244.528,43.945,-0.471,0,0.882,0,1,0,-0.882,0,-0.471],"_humanoidState":5,"_cameraCFrame":[764.05,263.845,43.956,0.003,-0.978,0.207,0,0.207,0.978,-1,-0.003,0.001],"_shiftlockState":false,"_pose":"FreeFall","_animationQueue":[],"_animationSpeed":1,"_zoom":18.211},{"_mousePosition":[683,384],"_rootPartCFrame":[760.284,245.186,44.063,-0.471,0,0.882,0,1,0,-0.882,0,-0.471],"_humanoidState":5,"_cameraCFrame":[764.248,264.46,44.091,0.007,-0.976,0.218,0,0.218,0.976,-1,-0.007,0.002],"_shiftlockState":false,"_pose":"FreeFall","_animationQueue":[],"_animationSpeed":1,"_zoom":18.211},{"_mousePosition":[683,384],"_rootPartCFrame":[760.282,245.79,44.141,-0.471,0,0.882,0,1,0,-0.882,0,-0.471],"_humanoidState":5,"_cameraCFrame":[764.546,264.995,44.247,0.025,-0.972,0.234,0,0.234,0.972,-1,-0.024,0.006],"_shiftlockState":false,"_pose":"FreeFall","_animationQueue":[],"_animationSpeed":1,"_zoom":18.211},{"_mousePosition":[683,384],"_rootPartCFrame":[760.281,246.468,44.258,-0.576,0,0.818,0,1,0,-0.818,0,-0.576],"_humanoidState":5,"_cameraCFrame":[764.833,265.598,44.586,0.072,-0.966,0.25,0,0.251,0.968,-0.997,-0.07,0.018],"_shiftlockState":false,"_pose":"FreeFall","_animationQueue":[],"_animationSpeed":1,"_zoom":18.211},{"_mousePosition":[683,384],"_rootPartCFrame":[760.266,246.835,44.347,-0.611,0,0.791,0,1,0,-0.791,0,-0.611],"_humanoidState":5,"_cameraCFrame":[764.818,265.964,44.68,0.073,-0.966,0.25,0,0.251,0.968,-0.997,-0.071,0.018],"_shiftlockState":false,"_pose":"FreeFall","_animationQueue":[],"_animationSpeed":1,"_zoom":18.211},{"_mousePosition":[683,384],"_rootPartCFrame":[760.23,247.17,44.444,-0.623,0,0.782,0,1,0,-0.782,0,-0.623],"_humanoidState":5,"_cameraCFrame":[764.782,266.3,44.777,0.073,-0.966,0.25,0,0.251,0.968,-0.997,-0.071,0.018],"_shiftlockState":false,"_pose":"FreeFall","_animationQueue":[],"_animationSpeed":1,"_zoom":18.211},{"_mousePosition":[683,384],"_rootPartCFrame":[760.122,247.661,44.619,-0.63,0,0.776,0,1,0,-0.776,0,-0.63],"_humanoidState":5,"_cameraCFrame":[764.674,266.791,44.952,0.073,-0.966,0.25,0,0.251,0.968,-0.997,-0.071,0.018],"_shiftlockState":false,"_pose":"FreeFall","_animationQueue":[],"_animationSpeed":1,"_zoom":18.211},{"_mousePosition":[683,384],"_rootPartCFrame":[759.999,247.993,44.747,-0.576,0,0.817,0,1,0,-0.817,0,-0.576],"_humanoidState":5,"_cameraCFrame":[764.551,267.122,45.08,0.073,-0.966,0.25,0,0.251,0.968,-0.997,-0.071,0.018],"_shiftlockState":false,"_pose":"FreeFall","_animationQueue":[],"_animationSpeed":1,"_zoom":18.211},{"_mousePosition":[683,384],"_rootPartCFrame":[759.889,248.206,44.825,-0.52,0,0.854,0,1,0,-0.854,0,-0.52],"_humanoidState":5,"_cameraCFrame":[764.441,267.335,45.158,0.073,-0.966,0.25,0,0.251,0.968,-0.997,-0.071,0.018],"_shiftlockState":false,"_pose":"FreeFall","_animationQueue":[],"_animationSpeed":1,"_zoom":18.211},{"_mousePosition":[683,384],"_rootPartCFrame":[759.67,248.492,44.918,-0.426,0,0.905,0,1,0,-0.905,0,-0.426],"_humanoidState":5,"_cameraCFrame":[764.222,267.622,45.251,0.073,-0.966,0.25,0,0.251,0.968,-0.997,-0.071,0.018],"_shiftlockState":false,"_pose":"FreeFall","_animationQueue":[],"_animationSpeed":1,"_zoom":18.211},{"_mousePosition":[683,384],"_rootPartCFrame":[759.467,248.659,44.931,-0.361,0,0.933,0,1,0,-0.933,0,-0.361],"_humanoidState":5,"_cameraCFrame":[764.019,267.789,45.264,0.073,-0.966,0.25,0,0.251,0.968,-0.997,-0.071,0.018],"_shiftlockState":false,"_pose":"FreeFall","_animationQueue":[],"_animationSpeed":1,"_zoom":18.211},{"_mousePosition":[683,384],"_rootPartCFrame":[759.292,248.747,44.92,-0.317,0,0.948,0,1,0,-0.948,0,-0.317],"_humanoidState":5,"_cameraCFrame":[763.844,267.877,45.253,0.073,-0.966,0.25,0,0.251,0.968,-0.997,-0.071,0.018],"_shiftlockState":false,"_pose":"FreeFall","_animationQueue":[],"_animationSpeed":1,"_zoom":18.211},{"_mousePosition":[683,384],"_rootPartCFrame":[758.964,248.827,44.896,-0.251,0,0.968,0,1,0,-0.968,0,-0.251],"_humanoidState":5,"_cameraCFrame":[763.516,267.956,45.229,0.073,-0.966,0.25,0,0.251,0.968,-0.997,-0.071,0.018],"_shiftlockState":false,"_pose":"FreeFall","_animationQueue":[],"_animationSpeed":1,"_zoom":18.211},{"_mousePosition":[683,384],"_rootPartCFrame":[758.699,248.829,44.876,-0.206,0,0.979,0,1,0,-0.979,0,-0.206],"_humanoidState":5,"_cameraCFrame":[763.25,267.958,45.209,0.073,-0.966,0.25,0,0.251,0.968,-0.997,-0.071,0.018],"_shiftlockState":false,"_pose":"FreeFall","_animationQueue":[["fall",0.3]],"_animationSpeed":1,"_zoom":18.211},{"_mousePosition":[683,384],"_rootPartCFrame":[758.433,248.776,44.857,-0.167,0,0.986,0,1,0,-0.986,0,-0.167],"_humanoidState":5,"_cameraCFrame":[762.985,267.906,45.19,0.073,-0.966,0.25,0,0.251,0.968,-0.997,-0.071,0.018],"_shiftlockState":false,"_pose":"FreeFall","_animationQueue":[],"_animationSpeed":1,"_zoom":18.211},{"_mousePosition":[683,384],"_rootPartCFrame":[758.235,248.912,44.839,-0.111,0,0.994,-0.005,1,-0.001,-0.994,-0.005,-0.111],"_humanoidState":12,"_cameraCFrame":[762.942,268,45.191,0.076,-0.963,0.258,0,0.259,0.966,-0.997,-0.073,0.02],"_shiftlockState":false,"_pose":"Climbing","_animationQueue":[["walk",0.1],["fall",0.3],["climb",0.1]],"_animationSpeed":-0.365,"_zoom":18.211},{"_mousePosition":[683,384],"_rootPartCFrame":[758.207,249.09,44.835,-0.054,0,0.999,-0.006,1,0,-0.998,-0.006,-0.054],"_humanoidState":12,"_cameraCFrame":[763.096,268.128,45.209,0.078,-0.96,0.268,0,0.269,0.963,-0.997,-0.075,0.021],"_shiftlockState":false,"_pose":"Climbing","_animationQueue":[["climb",0.1]],"_animationSpeed":0.649,"_zoom":18.211},{"_mousePosition":[683,384],"_rootPartCFrame":[758.205,249.276,44.835,-0.048,0,0.999,-0.001,1,0,-0.999,-0.001,-0.048],"_humanoidState":12,"_cameraCFrame":[763.193,268.287,45.219,0.077,-0.959,0.274,0,0.275,0.962,-0.997,-0.074,0.021],"_shiftlockState":false,"_pose":"Climbing","_animationQueue":[["climb",0.1]],"_animationSpeed":0.928,"_zoom":18.211},{"_mousePosition":[683,384],"_rootPartCFrame":[758.205,249.463,44.834,-0.047,0,0.999,0,1,0,-0.999,0,-0.047],"_humanoidState":12,"_cameraCFrame":[763.207,268.469,45.222,0.077,-0.958,0.275,0,0.276,0.961,-0.997,-0.074,0.021],"_shiftlockState":false,"_pose":"Climbing","_animationQueue":[],"_animationSpeed":0.928,"_zoom":18.211},{"_mousePosition":[683,384],"_rootPartCF