[{"_mousePosition":[652,342],"_rootPartCFrame":[776.034,222.7,47.142,-0.002,0,1,0,1,0,-1,0,-0.002],"_humanoidState":8,"_cameraCFrame":[776.17,244.542,50.727,0.999,-0.037,0.007,0,0.174,0.985,-0.038,-0.984,0.174],"_shiftlockState":false,"_pose":"Standing","_animationQueue":[],"_animationSpeed":1,"_zoom":20.656},{"_mousePosition":[652,342],"_rootPartCFrame":[775.863,222.7,47.149,-0.005,0,1,0,1,0,-1,0,-0.005],"_humanoidState":8,"_cameraCFrame":[775.998,244.542,50.733,0.999,-0.037,0.007,0,0.174,0.985,-0.038,-0.984,0.174],"_shiftlockState":false,"_pose":"Standing","_animationQueue":[],"_animationSpeed":1,"_zoom":20.656},{"_mousePosition":[652,342],"_rootPartCFrame":[775.598,222.7,47.159,-0.01,0,1,0,1,0,-1,0,-0.01],"_humanoidState":8,"_cameraCFrame":[775.734,244.542,50.743,0.999,-0.037,0.007,0,0.174,0.985,-0.038,-0.984,0.174],"_shiftlockState":false,"_pose":"Running","_animationQueue":[["walk",0.1]],"_animationSpeed":1.003,"_zoom":20.656},{"_mousePosition":[652,342],"_rootPartCFrame":[775.332,222.7,47.169,-0.013,0,1,0,1,0,-1,0,-0.013],"_humanoidState":8,"_cameraCFrame":[775.467,244.542,50.753,0.999,-0.037,0.007,0,0.174,0.985,-0.038,-0.984,0.174],"_shiftlockState":false,"_pose":"Running","_animationQueue":[["walk",0.1]],"_animationSpeed":1.101,"_zoom":20.656},{"_mousePosition":[652,342],"_rootPartCFrame":[775.065,222.7,47.179,-0.017,0,1,0,1,0,-1,0,-0.017],"_humanoidState":8,"_cameraCFrame":[775.201,244.542,50.763,0.999,-0.037,0.007,0,0.174,0.985,-0.038,-0.984,0.174],"_shiftlockState":false,"_pose":"Running","_animationQueue":[],"_animationSpeed":1.101,"_zoom":20.656},{"_mousePosition":[652,342],"_rootPartCFrame":[774.799,222.7,47.189,-0.019,0,1,0,1,0,-1,0,-0.019],"_humanoidState":8,"_cameraCFrame":[776.683,244.542,50.707,0.999,-0.037,0.007,0,0.174,0.985,-0.038,-0.984,0.174],"_shiftlockState":true,"_pose":"Running","_animationQueue":[],"_animationSpeed":1.101,"_zoom":20.656},{"_mousePosition":[683,384],"_rootPartCFrame":[774.532,222.7,47.199,0.998,0,-0.055,0,1,0,0.055,0,0.998],"_humanoidState":8,"_cameraCFrame":[776.417,244.542,50.717,0.999,-0.037,0.007,0,0.174,0.985,-0.038,-0.984,0.174],"_shiftlockState":true,"_pose":"Running","_animationQueue":[],"_animationSpeed":1.101,"_zoom":20.656},{"_mousePosition":[683,384],"_rootPartCFrame":[774.266,222.7,47.209,1,0,0.028,0,1,0,-0.028,0,1],"_humanoidState":8,"_cameraCFrame":[776.141,244.542,50.732,0.999,-0.035,0.006,0,0.174,0.985,-0.035,-0.984,0.174],"_shiftlockState":true,"_pose":"Running","_animationQueue":[],"_animationSpeed":1.101,"_zoom":20.656},{"_mousePosition":[683,384],"_rootPartCFrame":[773.999,222.7,47.219,0.999,0,0.035,0,1,0,-0.035,0,0.999],"_humanoidState":8,"_cameraCFrame":[775.875,244.542,50.742,0.999,-0.035,0.006,0,0.174,0.985,-0.035,-0.984,0.174],"_shiftlockState":true,"_pose":"Running","_animationQueue":[["walk",0.1]],"_animationSpeed":1.101,"_zoom":20.656},{"_mousePosition":[683,384],"_rootPartCFrame":[773.733,222.7,47.229,0.999,0,0.035,0,1,0,-0.035,0,0.999],"_humanoidState":8,"_cameraCFrame":[775.608,244.542,50.752,0.999,-0.035,0.006,0,0.174,0.985,-0.035,-0.984,0.174],"_shiftlockState":true,"_pose":"Running","_animationQueue":[],"_animationSpeed":1.101,"_zoom":20.656},{"_mousePosition":[683,384],"_rootPartCFrame":[773.4,222.7,47.24,0.999,0,0.035,0,1,0,-0.035,0,0.999],"_humanoidState":8,"_cameraCFrame":[775.275,244.542,50.764,0.999,-0.035,0.006,0,0.174,0.985,-0.035,-0.984,0.174],"_shiftlockState":true,"_pose":"Running","_animationQueue":[],"_animationSpeed":1.101,"_zoom":20.656},{"_mousePosition":[683,384],"_rootPartCFrame":[773.2,222.7,47.248,0.999,0,0.035,0,1,0,-0.035,0,0.999],"_humanoidState":8,"_cameraCFrame":[775.075,244.542,50.771,0.999,-0.035,0.006,0,0.174,0.985,-0.035,-0.984,0.174],"_shiftlockState":true,"_pose":"Running","_animationQueue":[],"_animationSpeed":1.101,"_zoom":20.656},{"_mousePosition":[683,384],"_rootPartCFrame":[772.866,222.7,47.259,0.999,0,0.035,0,1,0,-0.035,0,0.999],"_humanoidState":8,"_cameraCFrame":[774.742,244.542,50.782,0.999,-0.035,0.006,0,0.174,0.985,-0.035,-0.984,0.174],"_shiftlockState":true,"_pose":"Running","_animationQueue":[],"_animationSpeed":1.101,"_zoom":20.656},{"_mousePosition":[683,384],"_rootPartCFrame":[772.6,223.573,47.269,0.999,0,0.035,0,1,0,-0.035,0,0.999],"_humanoidState":3,"_cameraCFrame":[774.475,245.415,50.792,0.999,-0.035,0.006,0,0.174,0.985,-0.035,-0.984,0.174],"_shiftlockState":true,"_pose":"Jumping","_animationQueue":[["walk",0.1],["jump",0.1]],"_animationSpeed":1,"_zoom":20.656},{"_mousePosition":[683,384],"_rootPartCFrame":[772.4,224.194,47.276,0.995,0,0.098,0,1,0,-0.098,0,0.995],"_humanoidState":5,"_cameraCFrame":[774.275,246.037,50.799,0.999,-0.035,0.006,0,0.174,0.985,-0.035,-0.984,0.174],"_shiftlockState":true,"_pose":"FreeFall","_animationQueue":[["jump",0.1]],"_animationSpeed":1,"_zoom":20.656},{"_mousePosition":[683,384],"_rootPartCFrame":[772.067,225.162,47.287,0.981,0,0.192,0,1,0,-0.192,0,0.981],"_humanoidState":5,"_cameraCFrame":[773.942,247.005,50.811,0.999,-0.035,0.006,0,0.174,0.985,-0.035,-0.984,0.174],"_shiftlockState":true,"_pose":"FreeFall","_animationQueue":[],"_animationSpeed":1,"_zoom":20.656},{"_mousePosition":[683,384],"_rootPartCFrame":[771.8,225.875,47.297,0.986,0,0.167,0,1,0,-0.167,0,0.986],"_humanoidState":5,"_cameraCFrame":[773.675,247.718,50.82,0.999,-0.035,0.006,0,0.174,0.985,-0.035,-0.984,0.174],"_shiftlockState":true,"_pose":"FreeFall","_animationQueue":[],"_animationSpeed":1,"_zoom":20.656},{"_mousePosition":[683,384],"_rootPartCFrame":[771.6,226.374,47.304,0.991,0,0.135,0,1,0,-0.135,0,0.991],"_humanoidState":5,"_cameraCFrame":[773.475,248.217,50.827,0.999,-0.035,0.006,0,0.174,0.985,-0.035,-0.984,0.174],"_shiftlockState":true,"_pose":"FreeFall","_animationQueue":[],"_animationSpeed":1,"_zoom":20.656},{"_mousePosition":[683,384],"_rootPartCFrame":[771.267,227.138,47.316,0.98,0,0.2,0,1,0,-0.2,0,0.98],"_humanoidState":5,"_cameraCFrame":[773.142,248.98,50.839,0.999,-0.035,0.006,0,0.174,0.985,-0.035,-0.984,0.174],"_shiftlockState":true,"_pose":"FreeFall","_animationQueue":[],"_animationSpeed":1,"_zoom":20.656},{"_mousePosition":[683,384],"_rootPartCFrame":[771,227.687,47.325,0.986,0,0.168,0,1,0,-0.168,0,0.986],"_humanoidState":5,"_cameraCFrame":[772.875,249.53,50.848,0.999,-0.035,0.006,0,0.174,0.985,-0.035,-0.984,0.174],"_shiftlockState":true,"_pose":"FreeFall","_animationQueue":[],"_animationSpeed":1,"_zoom":20.656},{"_mousePosition":[683,384],"_rootPartCFrame":[770.667,228.298,47.337,0.98,0,0.2,0,1,0,-0.2,0,0.98],"_humanoidState":5,"_cameraCFrame":[772.542,250.14,50.86,0.999,-0.035,0.006,0,0.174,0.985,-0.035,-0.984,0.174],"_shiftlockState":true,"_pose":"FreeFall","_animationQueue":[],"_animationSpeed":1,"_zoom":20.656},{"_mousePosition":[683,384],"_rootPartCFrame":[770.534,228.518,47.341,0.995,0,0.102,0,1,0,-0.102,0,0.995],"_humanoidState":5,"_cameraCFrame":[772.409,250.36,50.865,0.999,-0.035,0.006,0,0.174,0.985,-0.035,-0.984,0.174],"_shiftlockState":true,"_pose":"FreeFall","_animationQueue":[],"_animationSpeed":1,"_zoom":20.656},{"_mousePosition":[683,384],"_rootPartCFrame":[770.2,229.009,47.353,0.98,0,0.2,0,1,0,-0.2,0,0.98],"_humanoidState":5,"_cameraCFrame":[772.076,250.851,50.876,0.999,-0.035,0.006,0,0.174,0.985,-0.035,-0.984,0.174],"_shiftlockState":true,"_pose":"FreeFall","_animationQueue":[],"_animationSpeed":1,"_zoom":20.656},{"_mousePosition":[683,384],"_rootPartCFrame":[770,229.263,47.36,0.991,0,0.135,0,1,0,-0.135,0,0.991],"_humanoidState":5,"_cameraCFrame":[771.876,251.105,50.883,0.999,-0.035,0.006,0,0.174,0.985,-0.035,-0.984,0.174],"_shiftlockState":true,"_pose":"FreeFall","_animationQueue":[],"_animationSpeed":1,"_zoom":20.656},{"_mousePosition":[683,384],"_rootPartCFrame":[769.734,229.553,47.37,0.986,0,0.168,0,1,0,-0.168,0,0.986],"_humanoidState":5,"_cameraCFrame":[771.609,251.396,50.893,0.999,-0.035,0.006,0,0.174,0.985,-0.035,-0.984,0.174],"_shiftlockState":true,"_pose":"FreeFall","_animationQueue":[],"_animationSpeed":1,"_zoom":20.656},{"_mousePosition":[683,384],"_rootPartCFrame":[769.401,229.84,47.381,0.98,0,0.2,0,1,0,-0.2,0,0.98],"_humanoidState":5,"_cameraCFrame":[771.276,251.682,50.905,0.999,-0.035,0.006,0,0.174,0.985,-0.035,-0.984,0.174],"_shiftlockState":true,"_pose":"FreeFall","_animationQueue":[],"_animationSpeed":1,"_zoom":20.656},{"_mousePosition":[683,384],"_rootPartCFrame":[769.134,230.008,47.391,0.986,0,0.168,0,1,0,-0.168,0,0.986],"_humanoidState":5,"_cameraCFrame":[771.009,251.85,50.914,0.999,-0.035,0.006,0,0.174,0.985,-0.035,-0.984,0.174],"_shiftlockState":true,"_pose":"FreeFall","_animationQueue":[],"_animationSpeed":1,"_zoom":20.656},{"_mousePosition":[683,384],"_rootPartCFrame":[768.867,230.122,47.4,0.986,0,0.168,0,1,0,-0.168,0,0.986],"_humanoidState":5,"_cameraCFrame":[770.752,251.964,50.919,0.999,-0.037,0.007,0,0.174,0.985,-0.038,-0.984,0.174],"_shiftlockState":true,"_pose":"FreeFall","_animationQueue":[],"_animationSpeed":1,"_zoom":20.656},{"_mousePosition":[683,384],"_rootPartCFrame":[768.601,230.181,47.41,0.985,0,0.17,0,1,0,-0.17,0,0.985],"_humanoidState":5,"_cameraCFrame":[770.521,252.023,50.909,0.999,-0.047,0.008,0,0.174,0.985,-0.048,-0.984,0.173],"_shiftlockState":true,"_pose":"FreeFall","_animationQueue":[],"_animationSpeed":1,"_zoom":20.656},{"_mousePosition":[683,384],"_rootPartCFrame":[768.334,230.185,47.42,0.984,0,0.18,0,1,0,-0.18,0,0.984],"_humanoidState":5,"_cameraCFrame":[770.307,252.028,50.889,0.998,-0.062,0.011,0,0.174,0.985,-0.063,-0.983,0.173],"_shiftlockState":true,"_pose":"FreeFall","_animationQueue":[["fall",0.3]],"_animationSpeed":1,"_zoom":20.656},{"_mousePosition":[683,384],"_rootPartCFrame":[768.135,230.153,47.429,0.987,0,0.162,0,1,0,-0.162,0,0.987],"_humanoidState":5,"_cameraCFrame":[770.177,251.995,50.858,0.997,-0.082,0.014,0,0.174,0.985,-0.083,-0.981,0.173],"_shiftlockState":true,"_pose":"FreeFall","_animationQueue":[],"_animationSpeed":1,"_zoom":20.656},{"_mousePosition":[683,384],"_rootPartCFrame":[767.802,230.031,47.449,0.969,0,0.247,0,1,0,-0.247,0,0.969],"_humanoidState":5,"_cameraCFrame":[769.939,251.873,50.82,0.994,-0.109,0.019,0,0.174,0.985,-0.111,-0.979,0.173],"_shiftlockState":true,"_pose":"FreeFall","_animationQueue":[],"_animationSpeed":1,"_zoom":20.656},{"_mousePosition":[683,384],"_rootPartCFrame":[767.536,229.872,47.471,0.97,0,0.242,0,1,0,-0.242,0,0.97],"_humanoidState":5,"_cameraCFrame":[769.783,251.714,50.769,0.99,-0.141,0.025,0,0.174,0.985,-0.144,-0.975,0.172],"_shiftlockState":true,"_pose":"FreeFall","_animationQueue":[],"_animationSpeed":1,"_zoom":20.656},{"_mousePosition":[683,384],"_rootPartCFrame":[767.271,229.658,47.499,0.962,0,0.274,0,1,0,-0.274,0,0.962],"_humanoidState":5,"_cameraCFrame":[769.633,251.501,50.716,0.984,-0.176,0.031,0,0.174,0.985,-0.179,-0.969,0.171],"_shiftlockState":true,"_pose":"FreeFall","_animationQueue":[],"_animationSpeed":1,"_zoom":20.656},{"_mousePosition":[683,384],"_rootPartCFrame":[767.007,229.39,47.536,0.951,0,0.308,0,1,0,-0.308,0,0.951],"_humanoidState":5,"_cameraCFrame":[769.481,251.233,50.667,0.977,-0.21,0.037,0,0.174,0.985,-0.213,-0.962,0.17],"_shiftlockState":true,"_pose":"FreeFall","_animationQueue":[],"_animationSpeed":1,"_zoom":20.656},{"_mousePosition":[683,384],"_rootPartCFrame":[766.744,229.068,47.582,0.94,0,0.341,0,1,0,-0.341,0,0.94],"_humanoidState":5,"_cameraCFrame":[769.359,250.91,50.597,0.966,-0.254,0.045,0,0.174,0.985,-0.258,-0.952,0.168],"_shiftlockState":true,"_pose":"FreeFall","_animationQueue":[],"_animationSpeed":1,"_zoom":20.656},{"_mousePosition":[683,384],"_rootPartCFrame":[766.483,228.691,47.638,0.923,0,0.384,0,1,0,-0.384,0,0.923],"_humanoidState":5,"_cameraCFrame":[769.362,250.533,50.403,0.939,-0.339,0.06,0,0.174,0.985,-0.344,-0.925,0.163],"_shiftlockState":true,"_pose":"FreeFall","_animationQueue":[["fall",0.3]],"_animationSpeed":1,"_zoom":20.656},{"_mousePosition":[683,384],"_rootPartCFrame":[766.225,228.259,47.705,0.885,0,0.466,0,1,0,-0.466,0,0.885],"_humanoidState":5,"_cameraCFrame":[769.186,250.102,50.381,0.928,-0.367,0.065,0,0.174,0.985,-0.373,-0.914,0.161],"_shiftlockState":true,"_pose":"FreeFall","_animationQueue":[],"_animationSpeed":1,"_zoom":20.656},{"_mousePosition":[683,384],"_rootPartCFrame":[765.973,227.773,47.791,0.87,0,0.493,0,1,0,-0.493,0,0.87],"_humanoidState":5,"_cameraCFrame":[769.171,249.616,50.179,0.889,-0.451,0.08,0,0.174,0.985,-0.458,-0.876,0.154],"_shiftlockState":true,"_pose":"FreeFall","_animationQueue":[],"_animationSpeed":1,"_zoom":20.656},{"_mousePosition":[683,384],"_rootPartCFrame":[765.725,227.233,47.889,0.82,0,0.572,0,1,0,-0.572,0,0.82],"_humanoidState":5,"_cameraCFrame":[769.057,249.075,50.087,0.861,-0.501,0.088,0,0.174,0.985,-0.509,-0.848,0.149],"_shiftlockState":true,"_pose":"FreeFall","_animationQueue":[],"_animationSpeed":1,"_zoom":20.656},{"_mousePosition":[683,384],"_rootPartCFrame":[765.486,226.638,48.006,0.786,0,0.619,0,1,0,-0.619,0,0.786],"_humanoidState":5,"_cameraCFrame":[768.94,248.48,50.006,0.83,-0.55,0.097,0,0.174,0.985,-0.558,-0.817,0.144],"_shiftlockState":true,"_pose":"FreeFall","_animationQueue":[],"_animationSpeed":1,"_zoom":20.656},{"_mousePosition":[683,384],"_rootPartCFrame":[765.312,226.156,48.105,0.77,0,0.638,0,1,0,-0.638,0,0.77],"_humanoidState":5,"_cameraCFrame":[768.895,247.998,49.865,0.79,-0.604,0.107,0,0.174,0.985,-0.613,-0.778,0.137],"_shiftlockState":true,"_pose":"FreeFall","_animationQueue":[],"_animationSpeed":1,"_zoom":20.656},{"_mousePosition":[683,384],"_rootPartCFrame":[765.034,225.284,48.289,0.677,0,0.736,0,1,0,-0.736,0,0.677],"_humanoidState":5,"_cameraCFrame":[768.732,247.127,49.791,0.744,-0.658,0.116,0,0.174,0.985,-0.668,-0.733,0.129],"_shiftlockState":true,"_pose":"FreeFall","_animationQueue":[["fall",0.3]],"_animationSpeed":1,"_zoom":20.656},{"_mousePosition":[683,384],"_rootPartCFrame":[764.822,224.526,48.45,0.649,0,0.761,0,1,0,-0.761,0,0.649],"_humanoidState":5,"_cameraCFrame":[768.62,246.368,49.677,0.693,-0.71,0.125,0,0.174,0.985,-0.721,-0.683,0.12],"_shiftlockState":true,"_pose":"FreeFall","_animationQueue":[],"_animationSpeed":1,"_zoom":20.656},{"_mousePosition":[683,384],"_rootPartCFrame":[764.671,223.921,48.581,0.618,0,0.786,0,1,0,-0.786,0,0.618],"_humanoidState":5,"_cameraCFrame":[768.551,245.764,49.516,0.637,-0.759,0.134,0,0.174,0.985,-0.771,-0.627,0.111],"_shiftlockState":true,"_pose":"FreeFall","_animationQueue":[],"_animationSpeed":1,"_zoom":20.656},{"_mousePosition":[683,384],"_rootPartCFrame":[764.437,222.958,48.819,0.603,0,0.798,0,1,0,-0.798,0,0.603],"_humanoidState":7,"_cameraCFrame":[768.375,244.801,49.467,0.579,-0.803,0.142,0,0.174,0.985,-0.816,-0.57,0.1],"_shiftlockState":true,"_pose":"FreeFall","_animationQueue":[["walk",0.1],["fall",0.3],["fall",0.3]],"_animationSpeed":1,"_zoom":20.656},{"_mousePosition":[683,384],"_rootPartCFrame":[764.265,222.944,49.023,0.576,0,0.817,0,1,0,-0.817,0,0.576],"_humanoidState":7,"_cameraCFrame":[768.237,244.787,49.41,0.524,-0.839,0.148,0,0.174,0.985,-0.852,-0.516,0.091],"_shiftlockState":true,"_pose":"FreeFall","_animationQueue":[],"_animationSpeed":1,"_zoom":20.656},{"_mousePosition":[683,384],"_rootPartCFrame":[764.109,223.058,49.238,0.523,0,0.852,0,1,0,-0.852,0,0.523],"_humanoidState":8,"_cameraCFrame":[768.095,244.901,49.434,0.482,-0.863,0.152,0,0.174,0.985,-0.876,-0.475,0.084],"_shiftlockState":true,"_pose":"Running","_animationQueue":[["walk",0.1],["fall",0.3],["walk",0.1]],"_animationSpeed":1.103,"_zoom":20.656},{"_mousePosition":[683,384],"_rootPartCFrame":[763.967,223.14,49.464,0.482,0,0.876,0,1,0,-0.876,0,0.482],"_humanoidState":8,"_cameraCFrame":[767.957,244.982,49.559,0.46,-0.875,0.154,0,0.174,0.985,-0.888,-0.453,0.08],"_shiftlockState":true,"_pose":"Running","_animationQueue":[],"_animationSpeed":1.103,"_zoom":20.656},{"_mousePosition":[683,384],"_rootPartCFrame":[763.805,223.194,49.755,0.46,0,0.888,0,1,0,-0.888,0,0.46],"_humanoidState":8,"_cameraCFrame":[767.795,245.036,49.85,0.46,-0.875,0.154,0,0.174,0.985,-0.888,-0.453,0.08],"_shiftlockState":true,"_pose":"Running","_animationQueue":[["walk",0.1]],"_animationSpeed":1.103,"_zoom":20.656},{"_mousePosition":[683,384],"_rootPartCFrame":[763.708,223.197,49.93,0.46,0,0.888,0,1,0,-0.888,0,0.46],"_humanoidState":8,"_cameraCFrame":[767.698,245.039,50.015,0.458,-0.876,0.154,0,0.174,0.985,-0.889,-0.451,0.079],"_shiftlockState":true,"_pose":"Running","_animationQueue":[],"_animationSpeed":1.103,"_zoom":20.656},{"_mousePosition":[683,384],"_rootPartCFrame":[763.547,224.28,50.222,0.458,0,0.889,0,1,0,-0.889,0,0.458],"_humanoidState":3,"_cameraCFrame":[767.532,246.123,50.439,0.487,-0.86,0.152,0,0.174,0.985,-0.874,-0.479,0.084],"_shiftlockState":true,"_pose":"Jumping","_animationQueue":[["walk",0.1],["jump",0.1]],"_animationSpeed":1,"_zoom":20.656},{"_mousePosition":[683,384],"_rootPartCFrame":[763.424,225.089,50.459,0.404,0,0.915,0,1,0,-0.915,0,0.404],"_humanoidState":5,"_cameraCFrame":[767.387,246.931,50.937,0.543,-0.827,0.146,0,0.174,0.985,-0.84,-0.535,0.094],"_shiftlockState":true,"_pose":"FreeFall","_animationQueue":[["jump",0.1]],"_animationSpeed":1,"_zoom":20.656},{"_mousePosition":[683,384],"_rootPartCFrame":[763.296,225.843,50.693,0.431,0,0.902,0,1,0,-0.902,0,0.431],"_humanoidState":5,"_cameraCFrame":[767.2,247.685,51.519,0.615,-0.777,0.137,0,0.174,0.985,-0.788,-0.606,0.107],"_shiftlockState":true,"_pose":"FreeFall","_animationQueue":[],"_animationSpeed":1,"_zoom":20.656},{"_mousePosition":[683,384],"_rootPartCFrame":[763.19,226.372,50.862,0.534,0,0.846,0,1,0,-0.846,0,0.534],"_humanoidState":5,"_cameraCFrame":[766.994,248.215,52.069,0.69,-0.713,0.126,0,0.174,0.985,-0.724,-0.679,0.12],"_shiftlockState":true,"_pose":"FreeFall","_animationQueue":[],"_animationSpeed":1,"_zoom":20.656},{"_mousePosition":[683,384],"_rootPartCFrame":[762.989,227.187,51.128,0.56,0,0.828,0,1,0,-0.828,0,0.56],"_humanoidState":5,"_cameraCFrame":[766.632,249.029,52.76,0.768,-0.631,0.111,0,0.174,0.985,-0.641,-0.756,0.133],"_shiftlockState":true,"_pose":"FreeFall","_animationQueue":[],"_animationSpeed":1,"_zoom":20.656},{"_mousePosition":[683,384],"_rootPartCFrame":[762.811,227.777,51.326,0.676,0,0.737,0,1,0,-0.737,0,0.676],"_humanoidState":5,"_cameraCFrame":[766.228,249.62,53.387,0.84,-0.535,0.094,0,0.174,0.985,-0.543,-0.827,0.146],"_shiftlockState":true,"_pose":"FreeFall","_animationQueue":[],"_animationSpeed":1,"_zoom":20.656},{"_mousePosition":[683,384],"_rootPartCFrame":[762.613,228.313,51.504,0.76,0,0.65,0,1,0,-0.65,0,0.76],"_humanoidState":5,"_cameraCFrame":[765.749,250.156,53.971,0.9,-0.429,0.076,0,0.174,0.985,-0.435,-0.887,0.156],"_shiftlockState":true,"_pose":"FreeFall","_animationQueue":[],"_animationSpeed":1,"_zoom":20.656},{"_mousePosition":[683,384],"_rootPartCFrame":[762.396,228.795,51.658,0.835,0,0.551,0,1,0,-0.551,0,0.835],"_humanoidState":5,"_cameraCFrame":[765.217,250.637,54.48,0.946,-0.32,0.056,0,0.174,0.985,-0.325,-0.931,0.164],"_shiftlockState":true,"_pose":"FreeFall","_animationQueue":[],"_animationSpeed":1,"_zoom":20.656},{"_mousePosition":[683,384],"_rootPartCFrame":[762.221,229.12,51.755,0.908,0,0.418,0,1,0,-0.418,0,0.908],"_humanoidState":5,"_cameraCFrame":[764.704,250.962,54.88,0.976,-0.212,0.037,0,0.174,0.985,-0.216,-0.962,0.17],"_shiftlockState":true,"_pose":"FreeFall","_animationQueue":[],"_animationSpeed":1,"_zoom":20.656},{"_mousePosition":[683,384],"_rootPartCFrame":[761.912,229.594,51.876,0.927,0,0.375,0,1,0,-0.375,0,0.927],"_humanoidState":5,"_cameraCFrame":[764.014,251.436,55.268,0.995,-0.099,0.018,0,0.174,0.985,-0.101,-0.98,0.173],"_shiftlockState":true,"_pose":"FreeFall","_animationQueue":[],"_animationSpeed":1,"_zoom":20.656},{"_mousePosition":[683,384],"_rootPartCFrame":[761.654,229.912,51.943,0.973,0,0.232,0,1,0,-0.232,0,0.973],"_humanoidState":5,"_cameraCFrame":[763.33,251.754,55.565,1,0.02,-0.004,0,0.174,0.985,0.02,-0.985,0.174],"_shiftlockState":true,"_pose":"FreeFall","_animationQueue":[],"_animationSpeed":1,"_zoom":20.656},{"_mousePosition":[683,384],"_rootPartCFrame":[761.39,230.175,51.98,0.994,0,0.113,0,1,0,-0.113,0,0.994],"_humanoidState":5,"_cameraCFrame":[762.431,252.018,55.833,0.982,0.186,-0.033,0,0.174,0.985,0.189,-0.967,0.171],"_shiftlockState":true,"_pose":"FreeFall","_animationQueue":[],"_animationSpeed":1,"_zoom":20.656},{"_mousePosition":[683,384],"_rootPartCFrame":[761.124,230.384,51.986,0.998,0,-0.057,0,1,0,0.057,0,0.998],"_humanoidState":5,"_cameraCFrame":[761.751,252.227,55.928,0.956,0.288,-0.051,0,0.174,0.985,0.292,-0.942,0.166],"_shiftlockState":true,"_pose":"FreeFall","_animationQueue":[],"_animationSpeed":1,"_zoom":20.656},{"_mousePosition":[683,384],"_rootPartCFrame":[760.86,230.539,51.958,0.987,0,-0.162,0,1,0,0.162,0,0.987],"_humanoidState":5,"_cameraCFrame":[761.085,252.381,55.943,0.922,0.381,-0.067,0,0.174,0.985,0.387,-0.908,0.16],"_shiftlockState":true,"_pose":"FreeFall","_animationQueue":[],"_animationSpeed":1,"_zoom":20.656},{"_mousePosition":[683,384],"_rootPartCFrame":[760.666,230.619,51.911,0.956,0,-0.293,0,1,0,0.293,0,0.956],"_humanoidState":5,"_cameraCFrame":[760.487,252.461,55.898,0.878,0.471,-0.083,0,0.174,0.985,0.478,-0.865,0.152],"_shiftlockState":true,"_pose":"FreeFall","_animationQueue":[],"_animationSpeed":1,"_zoom":20.656},{"_mousePosition":[683,384],"_rootPartCFrame":[760.375,230.684,51.861,0.946,0,-0.325,0,1,0,0.325,0,0.946],"_humanoidState":5,"_cameraCFrame":[759.804,252.526,55.811,0.827,0.554,-0.098,0,0.174,0.985,0.563,-0.814,0.144],"_shiftlockState":true,"_pose":"FreeFall","_animationQueue":[],"_animationSpeed":1,"_zoom":20.656},{"_mousePosition":[683,384],"_rootPartCFrame":[760.161,230.675,51.793,0.894,0,-0.448,0,1,0,0.448,0,0.894],"_humanoidState":5,"_cameraCFrame":[759.194,252.517,55.665,0.766,0.633,-0.112,0,0.174,0.985,0.643,-0.754,0.133],"_shiftlockState":true,"_pose":"FreeFall","_animationQueue":[],"_animationSpeed":1,"_zoom":20.656},{"_mousePosition":[683,384],"_rootPartCFrame":[760.018,230.632,51.832,0.827,0,-0.563,0,1,0,0.563,0,0.827],"_humanoidState":5,"_cameraCFrame":[758.683,252.475,55.593,0.7,0.703,-0.124,0,0.174,0.985,0.714,-0.69,0.122],"_shiftlockState":true,"_pose":"FreeFall","_animationQueue":[],"_animationSpeed":1,"_zoom":20.656},{"_mousePosition":[683,384],"_rootPartCFrame":[759.779,230.493,51.906,0.809,0,-0.587,0,1,0,0.587,0,0.809],"_humanoidState":5,"_cameraCFrame":[758.126,252.336,55.538,0.636,0.76,-0.134,0,0.174,0.985,0.771,-0.627,0.111],"_shiftlockState":true,"_pose":"FreeFall","_animationQueue":[["fall",0.3]],"_animationSpeed":1,"_zoom":20.656},{"_mousePosition":[683,384],"_rootPartCFrame":[759.582,230.32,51.896,0.733,0,-0.68,0,1,0,0.68,0,0.733],"_humanoidState":5,"_cameraCFrame":[757.667,252.163,55.398,0.578,0.804,-0.142,0,0.174,0.985,0.816,-0.569,0.1],"_shiftlockState":true,"_pose":"FreeFall","_animationQueue":[],"_animationSpeed":1,"_zoom":20.656},{"_mousePosition":[683,384],"_rootPartCFrame":[759.39,230.093,51.847,0.681,0,-0.732,0,1,0,0.732,0,0.681],"_humanoidState":5,"_cameraCFrame":[757.274,251.936,55.231,0.53,0.835,-0.147,0,0.174,0.985,0.848,-0.522,0.092],"_shiftlockState":true,"_pose":"FreeFall","_animationQueue":[],"_animationSpeed":1,"_zoom":20.656},{"_mousePosition":[683,384],"_rootPartCFrame":[759.25,229.887,51.784,0.612,0,-0.791,0,1,0,0.791,0,0.612],"_humanoidState":5,"_cameraCFrame":[756.992,251.73,55.075,0.493,0.857,-0.151,0,0.174,0.985,0.87,-0.485,0.086],"_shiftlockState":true,"_pose":"FreeFall","_animationQueue":[],"_animationSpeed":1,"_zoom":20.656},{"_mousePosition":[683,384],"_rootPartCFrame":[759.032,229.476,51.633,0.63,0,-0.776,0,1,0,0.776,0,0.63],"_humanoidState":5,"_cameraCFrame":[756.732,251.318,54.894,0.482,0.863,-0.152,0,0.174,0.985,0.876,-0.474,0.084],"_shiftlockState":true,"_pose":"FreeFall","_animationQueue":[],"_animationSpeed":1,"_zoom":20.656},{"_mousePosition":[683,384],"_rootPartCFrame":[758.911,229.188,51.514,0.567,0,-0.824,0,1,0,0.824,0,0.567],"_humanoidState":5,"_cameraCFrame":[756.595,251.03,54.763,0.477,0.865,-0.153,0,0.174,0.985,0.879,-0.47,0.083],"_shiftlockState":true,"_pose":"FreeFall","_animationQueue":[],"_animationSpeed":1,"_zoom":20.656},{"_mousePosition":[683,384],"_rootPartCFrame":[758.73,228.64,51.27,0.616,0,-0.787,0,1,0,0.787,0,0.616],"_humanoidState":5,"_cameraCFrame":[756.446,250.482,54.543,0.486,0.861,-0.152,0,0.174,0.985,0.874,-0.479,0.084],"_shiftlockState":true,"_pose":"FreeFall","_animationQueue":[],"_animationSpeed":1,"_zoom":20.656},{"_mousePosition":[683,384],"_rootPartCFrame":[758.6,228.14,51.04,0.598,0,-0.802,0,1,0,0.802,0,0.598],"_humanoidState":5,"_cameraCFrame":[756.4,249.983,54.37,0.508,0.848,-0.15,0,0.174,0.985,0.861,-0.5,0.088],"_shiftlockState":true,"_pose":"FreeFall","_animationQueue":[["fall",0.3]],"_animationSpeed":1,"_zoom":20.656},{"_mousePosition":[683,384],"_rootPartCFrame":[758.503,227.73,50.865,0.592,0,-0.806,0,1,0,0.806,0,0.592],"_humanoidState":5,"_cameraCFrame":[756.448,249.572,54.287,0.545,0.826,-0.146,0,0.174,0.985,0.839,-0.536,0.095],"_shiftlockState":true,"_pose":"FreeFall","_animationQueue":[],"_animationSpeed":1,"_zoom":20.656},{"_mousePosition":[683,384],"_rootPartCFrame":[758.335,226.978,50.578,0.676,0,-0.737,0,1,0,0.737,0,0.676],"_humanoidState":5,"_cameraCFrame":[756.5,248.82,54.122,0.597,0.79,-0.139,0,0.174,0.985,0.803,-0.588,0.104],"_shiftlockState":true,"_pose":"FreeFall","_animationQueue":[],"_animationSpeed":1,"_zoom":20.656},{"_mousePosition":[683,384],"_rootPartCFrame":[758.191,226.315,50.353,0.698,0,-0.716,0,1,0,0.716,0,0.698],"_humanoidState":5,"_cameraCFrame":[756.621,248.157,54.022,0.654,0.745,-0.131,0,0.174,0.985,0.757,-0.644,0.114],"_shiftlockState":true,"_pose":"FreeFall","_animationQueue":[],"_animationSpeed":1,"_zoom":20.656},{"_mousePosition":[683,384],"_rootPartCFrame":[758.034,225.597,50.137,0.749,0,-0.663,0,1,0,0.663,0,0.749],"_humanoidState":5,"_cameraCFrame":[756.719,247.439,53.905,0.704,0.699,-0.123,0,0.174,0.985,0.71,-0.693,0.122],"_shiftlockState":true,"_pose":"FreeFall","_animationQueue":[],"_animationSpeed":1,"_zoom":20.656},{"_mousePosition":[683,384],"_rootPartCFrame":[757.863,224.825,49.933,0.792,0,-0.61,0,1,0,0.61,0,0.792],"_humanoidState":5,"_cameraCFrame":[756.769,246.667,53.771,0.744,0.658,-0.116,0,0.174,0.985,0.668,-0.733,0.129],"_shiftlockState":true,"_pose":"FreeFall","_animationQueue":[],"_animationSpeed":1,"_zoom":20.656},{"_mousePosition":[683,384],"_rootPartCFrame":[757.677,223.998,49.741,0.826,0,-0.563,0,1,0,0.563,0,0.826],"_humanoidState":5,"_cameraCFrame":[756.74,245.841,53.621,0.771,0.628,-0.111,0,0.174,0.985,0.637,-0.759,0.134],"_shiftlockState":true,"_pose":"FreeFall","_animationQueue":[["fall",0.3]],"_animationSpeed":1,"_zoom":20.656},{"_mousePosition":[683,384],"_rootPartCFrame":[757.53,223.342,49.606,0.794,0,-0.608,0,1,0,0.608,0,0.794],"_humanoidState":7,"_cameraCFrame":[756.701,245.185,53.51,0.788,0.606,-0.107,0,0.174,0.985,0.616,-0.776,0.137],"_shiftlockState":true,"_pose":"FreeFall","_animationQueue":[["walk",0.1],["fall",0.3],["fall",0.3]],"_animationSpeed":1,"_zoom":20.656},{"_mousePosition":[683,384],"_rootPartCFrame":[757.326,222.939,49.435,0.793,0,-0.609,0,1,0,0.609,0,0.793],"_humanoidState":7,"_cameraCFrame":[756.546,244.782,53.349,0.796,0.596,-0.105,0,0.174,0.985,0.606,-0.784,0.138],"_shiftlockState":true,"_pose":"FreeFall","_animationQueue":[],"_animationSpeed":1,"_zoom":20.656},{"_mousePosition":[683,384],"_rootPartCFrame":[757.064,223.055,49.229,0.796,0,-0.605,0,1,0,0.605,0,0.796],"_humanoidState":8,"_cameraCFrame":[756.304,244.898,53.147,0.799,0.592,-0.104,0,0.174,0.985,0.602,-0.787,0.139],"_shiftlockState":true,"_pose":"Running","_animationQueue":[["walk",0.1],["fall",0.3],["walk",0.1]],"_animationSpeed":1.103,"_zoom":20.656},{"_mousePosition":[683,384],"_rootPartCFrame":[756.905,223.12,49.107,0.799,0,-0.602,0,1,0,0.602,0,0.799],"_humanoidState":8,"_cameraCFrame":[756.155,244.963,53.027,0.8,0.59,-0.104,0,0.174,0.985,0.6,-0.788,0.139],"_shiftlockState":true,"_pose":"Running","_animationQueue":[],"_animationSpeed":1.103,"_zoom":20.656},{"_mousePosition":[683,384],"_rootPartCFrame":[756.692,223.175,48.947,0.8,0,-0.6,0,1,0,0.6,0,0.8],"_humanoidState":8,"_cameraCFrame":[755.962,245.017,52.871,0.803,0.586,-0.103,0,0.174,0.985,0.596,-0.791,0.139],"_shiftlockState":true,"_pose":"Running","_animationQueue":[],"_animationSpeed":1.103,"_zoom":20.656},{"_mousePosition":[683,384],"_rootPartCFrame":[756.426,223.21,48.747,0.803,0,-0.596,0,1,0,0.596,0,0.803],"_humanoidState":8,"_cameraCFrame":[755.725,245.053,52.676,0.808,0.58,-0.102,0,0.174,0.985,0.589,-0.796,0.14],"_shiftlockState":true,"_pose":"Running","_animationQueue":[],"_animationSpeed":1.103,"_zoom":20.656},{"_mousePosition":[683,384],"_rootPartCFrame":[756.211,223.224,48.588,0.808,0,-0.589,0,1,0,0.589,0,0.808],"_humanoidState":8,"_cameraCFrame":[755.551,245.067,52.524,0.814,0.572,-0.101,0,0.174,0.985,0.581,-0.801,0.141],"_shiftlockState":true,"_pose":"Running","_animationQueue":[["walk",0.1]],"_animationSpeed":1.103,"_zoom":20.656},{"_mousePosition":[683,384],"_rootPartCFrame":[756.05,223.231,48.47,0.814,0,-0.581,0,1,0,0.581,0,0.814],"_humanoidState":8,"_cameraCFrame":[755.439,245.073,52.414,0.821,0.562,-0.099,0,0.174,0.985,0.571,-0.809,0.143],"_shiftlockState":true,"_pose":"Running","_animationQueue":[],"_animationSpeed":1.103,"_zoom":20.656},{"_mousePosition":[683,384],"_rootPartCFrame":[755.779,223.237,48.276,0.821,0,-0.571,0,1,0,0.571,0,0.821],"_humanoidState":8,"_cameraCFrame":[755.288,245.079,52.236,0.838,0.537,-0.095,0,0.174,0.985,0.546,-0.825,0.146],"_shiftlockState":true,"_pose":"Running","_animationQueue":[],"_animationSpeed":1.103,"_zoom":20.656},{"_mousePosition":[683,384],"_rootPartCFrame":[755.615,223.238,48.161,0.838,0,-0.546,0,1,0,0.546,0,0.838],"_humanoidState":8,"_cameraCFrame":[755.315,245.081,52.141,0.863,0.497,-0.088,0,0.174,0.985,0.505,-0.85,0.15],"_shiftlockState":true,"_pose":"Running","_animationQueue":[],"_animationSpeed":1.103,"_zoom":20.656},{"_mousePosition":[683,384],"_rootPartCFrame":[755.337,223.24,47.978,0.863,0,-0.505,0,1,0,0.505,0,0.863],"_humanoidState":8,"_cameraCFrame":[755.309,245.083,51.969,0.896,0.438,-0.077,0,0.174,0.985,0.445,-0.882,0.156],"_shiftlockState":true,"_pose":"Running","_animationQueue":[],"_animationSpeed":1.103,"_zoom":20.656},{"_mousePosition":[683,384],"_rootPartCFrame":[755.107,223.241,47.842,0.896,0,-0.445,0,1,0,0.445,0,0.896],"_humanoidState":8,"_cameraCFrame":[755.383,245.083,51.824,0.927,0.37,-0.065,0,0.174,0.985,0.375,-0.913,0.161],"_shiftlockState":true,"_pose":"Running","_animationQueue":[],"_animationSpeed":1.103,"_zoom":20.656},{"_mousePosition":[683,384],"_rootPartCFrame":[754.87,223.241,47.721,0.927,0,-0.375,0,1,0,0.375,0,0.927],"_humanoidState":8,"_cameraCFrame":[755.436,245.084,51.672,0.952,0.302,-0.053,0,0.174,0.985,0.306,-0.937,0.165],"_shiftlockState":true,"_pose":"Running","_animationQueue":[["walk",0.1]],"_animationSpeed":1.103,"_zoom":20.656},{"_mousePosition":[683,384],"_rootPartCFrame":[754.691,223.221,47.632,0.952,0,-0.306,0,1,0,0.306,0,0.952],"_humanoidState":8,"_cameraCFrame":[755.466,245.063,51.547,0.967,0.252,-0.044,0,0.174,0.985,0.255,-0.952,0.168],"_shiftlockState":true,"_pose":"Running","_animationQueue":[],"_animationSpeed":1.103,"_zoom":20.656},{"_mousePosition":[683,384],"_rootPartCFrame":[754.392,223.119,47.484,0.967,0,-0.255,0,1,0,0.255,0,0.967],"_humanoidState":8,"_cameraCFrame":[755.227,244.962,51.387,0.971,0.237,-0.042,0,0.174,0.985,0.241,-0.956,0.169],"_shiftlockState":true,"_pose":"Running","_animationQueue":[],"_animationSpeed":1.103,"_zoom":20.656},{"_mousePosition":[683,384],"_rootPartCFrame":[754.154,222.976,47.365,0.971,0,-0.241,0,1,0,0.241,0,0.971],"_humanoidState":8,"_cameraCFrame":[754.988,244.819,51.268,0.971,0.237,-0.042,0,0.174,0.985,0.241,-0.956,0.169],"_shiftlockState":true,"_pose":"Running","_animationQueue":[],"_animationSpeed":1.103,"_zoom":20.656},{"_mousePosition":[683,384],"_rootPartCFrame":[753.974,222.834,47.276,0.971,0,-0.241,0,1,0,0.241,0,0.971],"_humanoidState":8,"_cameraCFrame":[754.809,244.676,51.179,0.971,0.237,-0.042,0,0.174,0.985,0.241,-0.956,0.169],"_shiftlockState":true,"_pose":"Running","_animationQueue":[],"_animationSpeed":1.103,"_zoom":20.656},{"_mousePosition":[683,384],"_rootPartCFrame":[753.736,222.595,47.158,0.971,0,-0.241,0,1,0,0.241,0,0.971],"_humanoidState":8,"_cameraCFrame":[754.571,244.438,51.061,0.971,0.237,-0.042,0,0.174,0.985,0.241,-0.956,0.169],"_shiftlockState":true,"_pose":"Running","_animationQueue":[],"_animationSpeed":1.103,"_zoom":20.656},{"_mousePosition":[683,384],"_rootPartCFrame":[753.437,223.679,47.01,0.971,0,-0.241,0,1,0,0.241,0,0.971],"_humanoidState":3,"_cameraCFrame":[754.272,245.522,50.912,0.971,0.237,-0.042,0,0.174,0.985,0.241,-0.956,0.169],"_shiftlockState":true,"_pose":"Jumping","_animationQueue":[["walk",0.1],["jump",0.1]],"_animationSpeed":1,"_zoom":20.656},{"_mousePosition":[683,384],"_rootPartCFrame":[753.253,224.291,46.935,0.984,0,-0.18,0,1,0,0.18,0,0.984],"_humanoidState":5,"_cameraCFrame":[754.108,246.133,50.833,0.972,0.232,-0.041,0,0.174,0.985,0.236,-0.957,0.169],"_shiftlockState":true,"_pose":"FreeFall","_animationQueue":[["jump",0.1]],"_animationSpeed":1,"_zoom":20.656},{"_mousePosition":[683,384],"_rootPartCFrame":[752.932,225.241,46.847,0.997,0,-0.08,0,1,0,0.08,0,0.997],"_humanoidState":5,"_cameraCFrame":[753.787,247.084,50.746,0.972,0.232,-0.041,0,0.174,0.985,0.236,-0.957,0.169],"_shiftlockState":true,"_pose":"FreeFall","_animationQueue":[],"_animationSpeed":1,"_zoom":20.656},{"_mousePosition":[683,384],"_rootPartCFrame":[752.738,225.771,46.8,0.99,0,-0.138,0,1,0,0.138,0,0.99],"_humanoidState":5,"_cameraCFrame":[753.593,247.614,50.698,0.972,0.232,-0.041,0,0.174,0.985,0.236,-0.957,0.169],"_shiftlockState":true,"_pose":"FreeFall","_animationQueue":[],"_animationSpeed":1,"_zoom":20.656},{"_mousePosition":[683,384],"_rootPartCFrame":[752.479,226.43,46.737,0.995,0,-0.105,0,1,0,0.105,0,0.995],"_humanoidState":5,"_cameraCFrame":[753.314,248.272,50.639,0.971,0.237,-0.042,0,0.174,0.985,0.241,-0.956,0.169],"_shiftlockState":true,"_pose":"FreeFall","_animationQueue":[],"_animationSpeed":1,"_zoom":20.656},{"_mousePosition":[683,384],"_rootPartCFrame":[752.22,227.034,46.674,0.994,0,-0.11,0,1,0,0.11,0,0.994],"_humanoidState":5,"_cameraCFrame":[753.045,248.876,50.579,0.97,0.24,-0.042,0,0.174,0.985,0.243,-0.955,0.168],"_shiftlockState":true,"_pose":"FreeFall","_animationQueue":[],"_animationSpeed":1,"_zoom":20.656},{"_mousePosition":[683,384],"_rootPartCFrame":[751.961,227.583,46.61,0.994,0,-0.112,0,1,0,0.112,0,0.994],"_humanoidState":5,"_cameraCFrame":[752.786,249.426,50.515,0.97,0.24,-0.042,0,0.174,0.985,0.243,-0.955,0.168],"_shiftlockState":true,"_pose":"FreeFall","_animationQueue":[],"_animationSpeed":1,"_zoom":20.656},{"_mousePosition":[683,384],"_rootPartCFrame":[751.702,228.078,46.545,0.994,0,-0.112,0,1,0,0.112,0,0.994],"_humanoidState":5,"_cameraCFrame":[752.517,249.921,50.452,0.969,0.242,-0.043,0,0.174,0.985,0.246,-0.955,0.168],"_shiftlockState":true,"_pose":"FreeFall","_animationQueue":[],"_animationSpeed":1,"_zoom":20.656},{"_mousePosition":[683,384],"_rootPartCFrame":[751.379,228.62,46.464,0.997,0,-0.082,0,1,0,0.082,0,0.997],"_humanoidState":5,"_cameraCFrame":[752.194,250.463,50.371,0.969,0.242,-0.043,0,0.174,0.985,0.246,-0.955,0.168],"_shiftlockState":true,"_pose":"FreeFall","_animationQueue":[],"_animationSpeed":1,"_zoom":20.656},{"_mousePosition":[683,384],"_rootPartCFrame":[751.185,228.905,46.415,0.989,0,-0.148,0,1,0,0.148,0,0.989],"_humanoidState":5,"_cameraCFrame":[752,250.747,50.322,0.969,0.242,-0.043,0,0.174,0.985,0.246,-0.955,0.168],"_shiftlockState":true,"_pose":"FreeFall","_animationQueue":[],"_animationSpeed":1,"_zoom":20.656},{"_mousePosition":[683,384],"_rootPartCFrame":[750.927,229.236,46.349,0.993,0,-0.115,0,1,0,0.115,0,0.993],"_humanoidState":5,"_cameraCFrame":[751.742,251.079,50.256,0.969,0.242,-0.043,0,0.174,0.985,0.246,-0.955,0.168],"_shiftlockState":true,"_pose":"FreeFall","_animationQueue":[],"_animationSpeed":1,"_zoom":20.656},{"_mousePosition":[683,384],"_rootPartCFrame":[750.668,229.513,46.284,0.993,0,-0.115,0,1,0,0.115,0,0.993],"_humanoidState":5,"_cameraCFrame":[751.483,251.356,50.191,0.969,0.242,-0.043,0,0.174,0.985,0.246,-0.955,0.168],"_shiftlockState":true,"_pose":"FreeFall","_animationQueue":[],"_animationSpeed":1,"_zoom":20.656},{"_mousePosition":[683,384],"_rootPartCFrame":[750.429,229.736,46.274,0.993,0,-0.114,0,1,0,0.114,0,0.993],"_humanoidState":5,"_cameraCFrame":[751.245,251.578,50.181,0.969,0.242,-0.043,0,0.174,0.985,0.246,-0.955,0.168],"_shiftlockState":true,"_pose":"FreeFall","_animationQueue":[],"_animationSpeed":1,"_zoom":20.656},{"_mousePosition":[683,384],"_rootPartCFrame":[750.129,229.937,46.305,0.997,0,-0.081,0,1,0,0.081,0,0.997],"_humanoidState":5,"_cameraCFrame":[750.944,251.78,50.211,0.969,0.242,-0.043,0,0.174,0.985,0.246,-0.955,0.168],"_shiftlockState":true,"_pose":"FreeFall","_animationQueue":[],"_animationSpeed":1,"_zoom":20.656},{"_mousePosition":[683,384],"_rootPartCFrame":[749.937,230.017,46.291,0.989,0,-0.148,0,1,0,0.148,0,0.989],"_humanoidState":5,"_cameraCFrame":[750.752,251.86,50.198,0.969,0.242,-0.043,0,0.174,0.985,0.246,-0.955,0.168],"_shiftlockState":true,"_pose":"FreeFall","_animationQueue":[],"_animationSpeed":1,"_zoom":20.656},{"_mousePosition":[683,384],"_rootPartCFrame":[749.632,230.083,46.3,0.997,0,-0.081,0,1,0,0.081,0,0.997],"_humanoidState":5,"_cameraCFrame":[750.448,251.925,50.207,0.969,0.242,-0.043,0,0.174,0.985,0.246,-0.955,0.168],"_shiftlockState":true,"_pose":"FreeFall","_animationQueue":[],"_animationSpeed":1,"_zoom":20.656},{"_mousePosition":[683,384],"_rootPartCFrame":[749.375,230.073,46.276,0.993,0,-0.115,0,1,0,0.115,0,0.993],"_humanoidState":5,"_cameraCFrame":[750.19,251.916,50.183,0.969,0.242,-0.043,0,0.174,0.985,0.246,-0.955,0.168],"_shiftlockState":true,"_pose":"FreeFall","_animationQueue":[],"_animationSpeed":1,"_zoom":20.656},{"_mousePosition":[683,384],"_rootPartCFrame":[749.197,230.031,46.288,0.989,0,-0.147,0,1,0,0.147,0,0.989],"_humanoidState":5,"_cameraCFrame":[750.012,251.873,50.195,0.969,0.242,-0.043,0,0.174,0.985,0.246,-0.955,0.168],"_shiftlockState":true,"_pose":"FreeFall","_animationQueue":[],"_animationSpeed":1,"_zoom":20.656},{"_mousePosition":[683,384],"_rootPartCFrame":[748.898,229.892,46.312,0.997,0,-0.081,0,1,0,0.081,0,0.997],"_humanoidState":5,"_cameraCFrame":[749.713,251.734,50.219,0.969,0.242,-0.043,0,0.174,0.985,0.246,-0.955,0.168],"_shiftlockState":true,"_pose":"FreeFall","_animationQueue":[],"_animationSpeed":1,"_zoom":20.656},{"_mousePosition":[683,384],"_rootPartCFrame":[748.642,229.719,46.29,0.993,0,-0.115,0,1,0,0.115,0,0.993],"_humanoidState":5,"_cameraCFrame":[749.457,251.562,50.197,0.969,0.242,-0.043,0,0.174,0.985,0.246,-0.955,0.168],"_shiftlockState":true,"_pose":"FreeFall","_animationQueue":[],"_animationSpeed":1,"_zoom":20.656},{"_mousePosition":[683,384],"_rootPartCFrame":[748.384,229.492,46.233,0.993,0,-0.115,0,1,0,0.115,0,0.993],"_humanoidState":5,"_cameraCFrame":[749.189,251.334,50.142,0.969,0.244,-0.043,0,0.174,0.985,0.248,-0.954,0.168],"_shiftlockState":true,"_pose":"FreeFall","_animationQueue":[],"_animationSpeed":1,"_zoom":20.656},{"_mousePosition":[683,384],"_rootPartCFrame":[748.125,229.21,46.168,0.993,0,-0.117,0,1,0,0.117,0,0.993],"_humanoidState":5,"_cameraCFrame":[748.861,251.053,50.09,0.964,0.261,-0.046,0,0.174,0.985,0.265,-0.95,0.167],"_shiftlockState":true,"_pose":"FreeFall","_animationQueue":[["fall",0.3]],"_animationSpeed":1,"_zoom":20.656},{"_mousePosition":[683,384],"_rootPartCFrame":[747.867,228.874,46.101,0.991,0,-0.135,0,1,0,0.135,0,0.991],"_humanoidState":5,"_cameraCFrame":[748.484,250.717,50.045,0.956,0.29,-0.051,0,0.174,0.985,0.294,-0.941,0.166],"_shiftlockState":true,"_pose":"FreeFall","_animationQueue":[],"_animationSpeed":1,"_zoom":20.656},{"_mousePosition":[683,384],"_rootPartCFrame":[747.61,228.484,46.031,0.965,0,-0.262,0,1,0,0.262,0,0.965],"_humanoidState":7,"_cameraCFrame":[748.036,250.326,50,0.94,0.335,-0.059,0,0.174,0.985,0.34,-0.926,0.163],"_shiftlockState":true,"_pose":"FreeFall","_animationQueue":[["walk",0.1],["fall",0.3],["fall",0.3]],"_animationSpeed":1,"_zoom":20.656},{"_mousePosition":[683,384],"_rootPartCFrame":[747.355,228.039,45.954,0.941,0,-0.33