[{"_mousePosition":[634,421],"_rootPartCFrame":[776.034,222.7,47.142,-0.001,0,1,0,1,0,-1,0,-0.001],"_humanoidState":8,"_cameraCFrame":[781.606,235.237,48.982,0.313,-0.838,0.446,0,0.469,0.883,-0.95,-0.277,0.147],"_shiftlockState":false,"_pose":"Standing","_animationQueue":[],"_animationSpeed":1,"_zoom":12.5},{"_mousePosition":[634,421],"_rootPartCFrame":[775.8,222.7,47.066,0.043,0,0.999,0,1,0,-0.999,0,0.043],"_humanoidState":8,"_cameraCFrame":[781.346,235.248,48.912,0.316,-0.839,0.444,0,0.468,0.884,-0.949,-0.279,0.148],"_shiftlockState":false,"_pose":"Standing","_animationQueue":[],"_animationSpeed":1,"_zoom":12.5},{"_mousePosition":[634,421],"_rootPartCFrame":[775.547,222.7,46.982,0.08,0,0.997,0,1,0,-0.997,0,0.08],"_humanoidState":8,"_cameraCFrame":[781.064,235.26,48.85,0.321,-0.838,0.441,0,0.466,0.885,-0.947,-0.284,0.149],"_shiftlockState":false,"_pose":"Running","_animationQueue":[["walk",0.1]],"_animationSpeed":1.066,"_zoom":12.5},{"_mousePosition":[634,421],"_rootPartCFrame":[775.294,222.7,46.898,0.113,0,0.994,0,1,0,-0.994,0,0.113],"_humanoidState":8,"_cameraCFrame":[780.781,235.271,48.787,0.325,-0.837,0.439,0,0.464,0.886,-0.946,-0.288,0.151],"_shiftlockState":false,"_pose":"Running","_animationQueue":[],"_animationSpeed":1.066,"_zoom":12.5},{"_mousePosition":[634,421],"_rootPartCFrame":[775.041,222.7,46.813,0.141,0,0.99,0,1,0,-0.99,0,0.141],"_humanoidState":8,"_cameraCFrame":[780.473,235.294,48.729,0.333,-0.837,0.435,0,0.461,0.888,-0.943,-0.295,0.153],"_shiftlockState":false,"_pose":"Running","_animationQueue":[],"_animationSpeed":1.066,"_zoom":12.5},{"_mousePosition":[634,421],"_rootPartCFrame":[774.789,222.7,46.726,0.167,0,0.986,0,1,0,-0.986,0,0.167],"_humanoidState":8,"_cameraCFrame":[780.161,235.316,48.682,0.342,-0.836,0.43,0,0.457,0.889,-0.94,-0.304,0.156],"_shiftlockState":false,"_pose":"Running","_animationQueue":[["walk",0.1]],"_animationSpeed":1.066,"_zoom":12.5},{"_mousePosition":[634,421],"_rootPartCFrame":[774.538,222.7,46.637,0.189,0,0.982,0,1,0,-0.982,0,0.189],"_humanoidState":8,"_cameraCFrame":[779.848,235.338,48.633,0.352,-0.834,0.425,0,0.454,0.891,-0.936,-0.313,0.16],"_shiftlockState":false,"_pose":"Running","_animationQueue":[],"_animationSpeed":1.066,"_zoom":12.5},{"_mousePosition":[634,421],"_rootPartCFrame":[774.287,222.7,46.546,0.21,0,0.978,0,1,0,-0.978,0,0.21],"_humanoidState":8,"_cameraCFrame":[779.516,235.371,48.572,0.361,-0.833,0.418,0,0.449,0.894,-0.933,-0.323,0.162],"_shiftlockState":false,"_pose":"Running","_animationQueue":[],"_animationSpeed":1.066,"_zoom":12.5},{"_mousePosition":[634,421],"_rootPartCFrame":[774.037,222.7,46.453,0.23,0,0.973,0,1,0,-0.973,0,0.23],"_humanoidState":8,"_cameraCFrame":[779.18,235.404,48.52,0.373,-0.832,0.411,0,0.443,0.896,-0.928,-0.334,0.165],"_shiftlockState":false,"_pose":"Running","_animationQueue":[],"_animationSpeed":1.066,"_zoom":12.5},{"_mousePosition":[634,421],"_rootPartCFrame":[773.789,222.7,46.357,0.248,0,0.969,0,1,0,-0.969,0,0.248],"_humanoidState":8,"_cameraCFrame":[778.855,235.436,48.438,0.38,-0.831,0.405,0,0.438,0.899,-0.925,-0.342,0.166],"_shiftlockState":false,"_pose":"Running","_animationQueue":[],"_animationSpeed":1.066,"_zoom":12.5},{"_mousePosition":[634,421],"_rootPartCFrame":[773.541,222.7,46.258,0.265,0,0.964,0,1,0,-0.964,0,0.265],"_humanoidState":8,"_cameraCFrame":[778.556,235.457,48.347,0.385,-0.831,0.401,0,0.435,0.901,-0.923,-0.346,0.167],"_shiftlockState":false,"_pose":"Running","_animationQueue":[],"_animationSpeed":1.066,"_zoom":12.5},{"_mousePosition":[634,421],"_rootPartCFrame":[773.294,222.7,46.156,0.28,0,0.96,0,1,0,-0.96,0,0.28],"_humanoidState":8,"_cameraCFrame":[778.279,235.468,48.263,0.389,-0.83,0.399,0,0.433,0.901,-0.921,-0.351,0.169],"_shiftlockState":false,"_pose":"Running","_animationQueue":[["walk",0.1]],"_animationSpeed":1.066,"_zoom":12.5},{"_mousePosition":[634,421],"_rootPartCFrame":[773.048,222.7,46.054,0.295,0,0.956,0,1,0,-0.956,0,0.295],"_humanoidState":8,"_cameraCFrame":[778.027,235.468,48.173,0.392,-0.829,0.398,0,0.433,0.901,-0.92,-0.353,0.17],"_shiftlockState":false,"_pose":"Running","_animationQueue":[],"_animationSpeed":1.066,"_zoom":12.5},{"_mousePosition":[634,421],"_rootPartCFrame":[772.802,222.7,45.95,0.308,0,0.952,0,1,0,-0.952,0,0.308],"_humanoidState":8,"_cameraCFrame":[777.781,235.468,48.069,0.392,-0.829,0.398,0,0.433,0.901,-0.92,-0.353,0.17],"_shiftlockState":false,"_pose":"Running","_animationQueue":[],"_animationSpeed":1.066,"_zoom":12.5},{"_mousePosition":[634,421],"_rootPartCFrame":[772.557,222.7,45.846,0.319,0,0.948,0,1,0,-0.948,0,0.319],"_humanoidState":8,"_cameraCFrame":[777.51,235.478,47.969,0.394,-0.829,0.396,0,0.431,0.902,-0.919,-0.355,0.17],"_shiftlockState":false,"_pose":"Running","_animationQueue":[],"_animationSpeed":1.066,"_zoom":12.5},{"_mousePosition":[634,421],"_rootPartCFrame":[772.312,222.7,45.741,0.329,0,0.944,0,1,0,-0.944,0,0.329],"_humanoidState":8,"_cameraCFrame":[777.254,235.478,47.889,0.399,-0.828,0.395,0,0.431,0.902,-0.917,-0.36,0.172],"_shiftlockState":false,"_pose":"Running","_animationQueue":[],"_animationSpeed":1.066,"_zoom":12.5},{"_mousePosition":[634,421],"_rootPartCFrame":[772.067,222.7,45.636,0.338,0,0.941,0,1,0,-0.941,0,0.338],"_humanoidState":8,"_cameraCFrame":[776.983,235.489,47.788,0.401,-0.827,0.393,0,0.429,0.903,-0.916,-0.362,0.172],"_shiftlockState":false,"_pose":"Running","_animationQueue":[],"_animationSpeed":1.066,"_zoom":12.5},{"_mousePosition":[634,421],"_rootPartCFrame":[771.822,222.7,45.53,0.346,0,0.938,0,1,0,-0.938,0,0.346],"_humanoidState":8,"_cameraCFrame":[776.713,235.499,47.686,0.403,-0.827,0.391,0,0.428,0.904,-0.915,-0.365,0.172],"_shiftlockState":false,"_pose":"Running","_animationQueue":[],"_animationSpeed":1.066,"_zoom":12.5},{"_mousePosition":[634,421],"_rootPartCFrame":[771.578,222.7,45.423,0.354,0,0.935,0,1,0,-0.935,0,0.354],"_humanoidState":8,"_cameraCFrame":[776.463,235.499,47.591,0.406,-0.826,0.391,0,0.428,0.904,-0.914,-0.367,0.173],"_shiftlockState":false,"_pose":"Running","_animationQueue":[["walk",0.1]],"_animationSpeed":1.066,"_zoom":12.5},{"_mousePosition":[634,421],"_rootPartCFrame":[771.334,222.7,45.316,0.36,0,0.933,0,1,0,-0.933,0,0.36],"_humanoidState":8,"_cameraCFrame":[776.219,235.499,47.484,0.406,-0.826,0.391,0,0.428,0.904,-0.914,-0.367,0.173],"_shiftlockState":false,"_pose":"Running","_animationQueue":[],"_animationSpeed":1.066,"_zoom":12.5},{"_mousePosition":[634,421],"_rootPartCFrame":[771.09,222.7,45.208,0.366,0,0.93,0,1,0,-0.93,0,0.366],"_humanoidState":8,"_cameraCFrame":[776.685,235.499,45.776,0.406,-0.826,0.391,0,0.428,0.904,-0.914,-0.367,0.173],"_shiftlockState":true,"_pose":"Running","_animationQueue":[],"_animationSpeed":1.066,"_zoom":12.5},{"_mousePosition":[683,384],"_rootPartCFrame":[770.846,222.7,45.1,0.406,0,0.914,0,1,0,-0.914,0,0.406],"_humanoidState":8,"_cameraCFrame":[776.442,235.499,45.668,0.406,-0.826,0.391,0,0.428,0.904,-0.914,-0.367,0.173],"_shiftlockState":true,"_pose":"Running","_animationQueue":[],"_animationSpeed":1.066,"_zoom":12.5},{"_mousePosition":[683,384],"_rootPartCFrame":[770.541,223.783,44.964,0.406,0,0.914,0,1,0,-0.914,0,0.406],"_humanoidState":3,"_cameraCFrame":[776.137,236.583,45.532,0.406,-0.826,0.391,0,0.428,0.904,-0.914,-0.367,0.173],"_shiftlockState":true,"_pose":"Jumping","_animationQueue":[["walk",0.1],["jump",0.1]],"_animationSpeed":1,"_zoom":12.5},{"_mousePosition":[683,384],"_rootPartCFrame":[770.298,224.592,44.856,0.406,0,0.914,0,1,0,-0.914,0,0.406],"_humanoidState":5,"_cameraCFrame":[775.893,237.391,45.424,0.406,-0.826,0.391,0,0.428,0.904,-0.914,-0.367,0.173],"_shiftlockState":true,"_pose":"FreeFall","_animationQueue":[["jump",0.1]],"_animationSpeed":1,"_zoom":12.5},{"_mousePosition":[683,384],"_rootPartCFrame":[770.115,225.162,44.775,0.406,0,0.914,0,1,0,-0.914,0,0.406],"_humanoidState":5,"_cameraCFrame":[775.711,237.962,45.343,0.406,-0.826,0.391,0,0.428,0.904,-0.914,-0.367,0.173],"_shiftlockState":true,"_pose":"FreeFall","_animationQueue":[],"_animationSpeed":1,"_zoom":12.5},{"_mousePosition":[683,384],"_rootPartCFrame":[769.81,226.045,44.64,0.406,0,0.914,0,1,0,-0.914,0,0.406],"_humanoidState":5,"_cameraCFrame":[775.514,239.094,45.256,0.406,-0.826,0.391,0,0.428,0.904,-0.914,-0.367,0.173],"_shiftlockState":true,"_pose":"FreeFall","_animationQueue":[],"_animationSpeed":1,"_zoom":16.125},{"_mousePosition":[683,384],"_rootPartCFrame":[769.567,226.69,44.532,0.406,0,0.914,0,1,0,-0.914,0,0.406],"_humanoidState":5,"_cameraCFrame":[775.502,240.275,45.251,0.406,-0.826,0.391,0,0.428,0.904,-0.914,-0.367,0.173],"_shiftlockState":true,"_pose":"FreeFall","_animationQueue":[],"_animationSpeed":1,"_zoom":16.125},{"_mousePosition":[683,384],"_rootPartCFrame":[769.384,227.138,44.451,0.406,0,0.914,0,1,0,-0.914,0,0.406],"_humanoidState":5,"_cameraCFrame":[775.551,241.259,45.272,0.406,-0.826,0.391,0,0.428,0.904,-0.914,-0.367,0.173],"_shiftlockState":true,"_pose":"FreeFall","_animationQueue":[],"_animationSpeed":1,"_zoom":16.125},{"_mousePosition":[683,384],"_rootPartCFrame":[769.14,227.687,44.343,0.406,0,0.914,0,1,0,-0.914,0,0.406],"_humanoidState":5,"_cameraCFrame":[775.52,242.311,45.293,0.41,-0.824,0.39,0,0.428,0.904,-0.912,-0.371,0.175],"_shiftlockState":true,"_pose":"FreeFall","_animationQueue":[],"_animationSpeed":1,"_zoom":16.125},{"_mousePosition":[683,384],"_rootPartCFrame":[768.836,228.298,44.208,0.41,0,0.912,0,1,0,-0.912,0,0.41],"_humanoidState":5,"_cameraCFrame":[775.393,243.346,45.273,0.415,-0.823,0.389,0,0.428,0.904,-0.91,-0.375,0.177],"_shiftlockState":true,"_pose":"FreeFall","_animationQueue":[],"_animationSpeed":1,"_zoom":16.125},{"_mousePosition":[683,384],"_rootPartCFrame":[768.593,228.725,44.098,0.414,0,0.91,0,1,0,-0.91,0,0.414],"_humanoidState":5,"_cameraCFrame":[775.267,244.059,45.254,0.419,-0.821,0.388,0,0.428,0.904,-0.908,-0.379,0.179],"_shiftlockState":true,"_pose":"FreeFall","_animationQueue":[],"_animationSpeed":1,"_zoom":16.125},{"_mousePosition":[683,384],"_rootPartCFrame":[768.35,229.097,43.988,0.419,0,0.908,0,1,0,-0.908,0,0.419],"_humanoidState":5,"_cameraCFrame":[775.11,244.645,45.22,0.424,-0.819,0.387,0,0.428,0.904,-0.906,-0.383,0.181],"_shiftlockState":true,"_pose":"FreeFall","_animationQueue":[],"_animationSpeed":1,"_zoom":16.125},{"_mousePosition":[683,384],"_rootPartCFrame":[768.108,229.415,43.876,0.423,0,0.906,0,1,0,-0.906,0,0.423],"_humanoidState":5,"_cameraCFrame":[774.932,245.128,45.176,0.429,-0.817,0.386,0,0.428,0.904,-0.904,-0.387,0.183],"_shiftlockState":true,"_pose":"FreeFall","_animationQueue":[],"_animationSpeed":1,"_zoom":16.125},{"_mousePosition":[683,384],"_rootPartCFrame":[767.866,229.678,43.763,0.428,0,0.904,0,1,0,-0.904,0,0.428],"_humanoidState":5,"_cameraCFrame":[774.74,245.507,45.087,0.429,-0.817,0.386,0,0.428,0.904,-0.904,-0.387,0.183],"_shiftlockState":true,"_pose":"FreeFall","_animationQueue":[],"_animationSpeed":1,"_zoom":16.125},{"_mousePosition":[683,384],"_rootPartCFrame":[767.625,229.887,43.649,0.428,0,0.904,0,1,0,-0.904,0,0.428],"_humanoidState":5,"_cameraCFrame":[774.53,245.797,45.007,0.431,-0.816,0.386,0,0.428,0.904,-0.902,-0.389,0.184],"_shiftlockState":true,"_pose":"FreeFall","_animationQueue":[],"_animationSpeed":1,"_zoom":16.125},{"_mousePosition":[683,384],"_rootPartCFrame":[767.384,230.042,43.535,0.431,0,0.903,0,1,0,-0.903,0,0.431],"_humanoidState":5,"_cameraCFrame":[774.305,246.003,44.938,0.435,-0.814,0.385,0,0.428,0.904,-0.9,-0.394,0.186],"_shiftlockState":true,"_pose":"FreeFall","_animationQueue":[],"_animationSpeed":1,"_zoom":16.125},{"_mousePosition":[683,384],"_rootPartCFrame":[767.143,230.141,43.42,0.435,0,0.9,0,1,0,-0.9,0,0.435],"_humanoidState":5,"_cameraCFrame":[774.065,246.14,44.901,0.444,-0.81,0.383,0,0.428,0.904,-0.896,-0.402,0.19],"_shiftlockState":true,"_pose":"FreeFall","_animationQueue":[],"_animationSpeed":1,"_zoom":16.125},{"_mousePosition":[683,384],"_rootPartCFrame":[766.903,230.187,43.304,0.443,0,0.896,0,1,0,-0.896,0,0.443],"_humanoidState":5,"_cameraCFrame":[773.824,246.211,44.843,0.451,-0.807,0.382,0,0.428,0.904,-0.892,-0.408,0.193],"_shiftlockState":true,"_pose":"FreeFall","_animationQueue":[],"_animationSpeed":1,"_zoom":16.125},{"_mousePosition":[683,384],"_rootPartCFrame":[766.664,230.178,43.186,0.45,0,0.893,0,1,0,-0.893,0,0.45],"_humanoidState":5,"_cameraCFrame":[773.577,246.22,44.799,0.46,-0.803,0.38,0,0.428,0.904,-0.888,-0.416,0.197],"_shiftlockState":true,"_pose":"FreeFall","_animationQueue":[["fall",0.3]],"_animationSpeed":1,"_zoom":16.125},{"_mousePosition":[683,384],"_rootPartCFrame":[766.426,230.114,43.066,0.459,0,0.888,0,1,0,-0.888,0,0.459],"_humanoidState":5,"_cameraCFrame":[773.327,246.167,44.751,0.469,-0.798,0.378,0,0.428,0.904,-0.883,-0.424,0.201],"_shiftlockState":true,"_pose":"FreeFall","_animationQueue":[],"_animationSpeed":1,"_zoom":16.125},{"_mousePosition":[683,384],"_rootPartCFrame":[766.189,229.996,42.944,0.468,0,0.884,0,1,0,-0.884,0,0.468],"_humanoidState":5,"_cameraCFrame":[773.084,246.057,44.665,0.474,-0.796,0.377,0,0.428,0.904,-0.881,-0.428,0.203],"_shiftlockState":true,"_pose":"FreeFall","_animationQueue":[],"_animationSpeed":1,"_zoom":16.125},{"_mousePosition":[683,384],"_rootPartCFrame":[765.953,229.823,42.819,0.473,0,0.881,0,1,0,-0.881,0,0.473],"_humanoidState":5,"_cameraCFrame":[772.846,245.89,44.559,0.476,-0.795,0.376,0,0.428,0.904,-0.879,-0.43,0.204],"_shiftlockState":true,"_pose":"FreeFall","_animationQueue":[],"_animationSpeed":1,"_zoom":16.125},{"_mousePosition":[683,384],"_rootPartCFrame":[765.719,229.596,42.693,0.476,0,0.88,0,1,0,-0.88,0,0.476],"_humanoidState":5,"_cameraCFrame":[772.629,245.653,44.482,0.48,-0.792,0.377,0,0.429,0.903,-0.877,-0.434,0.206],"_shiftlockState":true,"_pose":"FreeFall","_animationQueue":[],"_animationSpeed":1,"_zoom":16.125},{"_mousePosition":[683,384],"_rootPartCFrame":[765.484,229.315,42.566,0.48,0,0.877,0,1,0,-0.877,0,0.48],"_humanoidState":5,"_cameraCFrame":[772.415,245.36,44.387,0.483,-0.79,0.378,0,0.431,0.902,-0.876,-0.435,0.208],"_shiftlockState":true,"_pose":"FreeFall","_animationQueue":[],"_animationSpeed":1,"_zoom":16.125},{"_mousePosition":[683,384],"_rootPartCFrame":[765.25,228.979,42.438,0.482,0,0.876,0,1,0,-0.876,0,0.482],"_humanoidState":5,"_cameraCFrame":[772.173,245.025,44.295,0.487,-0.788,0.377,0,0.431,0.902,-0.873,-0.439,0.21],"_shiftlockState":true,"_pose":"FreeFall","_animationQueue":[],"_animationSpeed":1,"_zoom":16.125},{"_mousePosition":[683,384],"_rootPartCFrame":[765.016,228.588,42.309,0.487,0,0.874,0,1,0,-0.874,0,0.487],"_humanoidState":5,"_cameraCFrame":[771.93,244.636,44.201,0.491,-0.786,0.375,0,0.431,0.902,-0.871,-0.443,0.212],"_shiftlockState":true,"_pose":"FreeFall","_animationQueue":[["fall",0.3]],"_animationSpeed":1,"_zoom":16.125},{"_mousePosition":[683,384],"_rootPartCFrame":[764.783,228.143,42.18,0.491,0,0.871,0,1,0,-0.871,0,0.491],"_humanoidState":5,"_cameraCFrame":[771.683,244.191,44.124,0.498,-0.782,0.374,0,0.431,0.902,-0.867,-0.449,0.215],"_shiftlockState":true,"_pose":"FreeFall","_animationQueue":[],"_animationSpeed":1,"_zoom":16.125},{"_mousePosition":[683,384],"_rootPartCFrame":[764.551,227.643,42.049,0.497,0,0.868,0,1,0,-0.868,0,0.497],"_humanoidState":5,"_cameraCFrame":[771.436,243.692,44.046,0.505,-0.779,0.372,0,0.431,0.902,-0.863,-0.455,0.218],"_shiftlockState":true,"_pose":"FreeFall","_animationQueue":[],"_animationSpeed":1,"_zoom":16.125},{"_mousePosition":[683,384],"_rootPartCFrame":[764.32,227.089,41.916,0.504,0,0.864,0,1,0,-0.864,0,0.504],"_humanoidState":5,"_cameraCFrame":[771.194,243.138,43.948,0.509,-0.777,0.371,0,0.431,0.902,-0.861,-0.459,0.219],"_shiftlockState":true,"_pose":"FreeFall","_animationQueue":[],"_animationSpeed":1,"_zoom":16.125},{"_mousePosition":[683,384],"_rootPartCFrame":[764.089,226.481,41.782,0.508,0,0.861,0,1,0,-0.861,0,0.508],"_humanoidState":5,"_cameraCFrame":[770.964,242.53,43.814,0.509,-0.777,0.371,0,0.431,0.902,-0.861,-0.459,0.219],"_shiftlockState":true,"_pose":"FreeFall","_animationQueue":[],"_animationSpeed":1,"_zoom":16.125},{"_mousePosition":[683,384],"_rootPartCFrame":[763.917,225.988,41.68,0.509,0,0.861,0,1,0,-0.861,0,0.509],"_humanoidState":5,"_cameraCFrame":[770.787,242.038,43.73,0.511,-0.776,0.371,0,0.431,0.902,-0.859,-0.461,0.22],"_shiftlockState":true,"_pose":"FreeFall","_animationQueue":[],"_animationSpeed":1,"_zoom":16.125},{"_mousePosition":[683,384],"_rootPartCFrame":[763.63,225.1,41.511,0.511,0,0.86,0,1,0,-0.86,0,0.511],"_humanoidState":5,"_cameraCFrame":[770.495,241.149,43.577,0.513,-0.774,0.37,0,0.431,0.902,-0.858,-0.463,0.221],"_shiftlockState":true,"_pose":"FreeFall","_animationQueue":[],"_animationSpeed":1,"_zoom":16.125},{"_mousePosition":[683,384],"_rootPartCFrame":[763.401,224.328,41.375,0.513,0,0.858,0,1,0,-0.858,0,0.513],"_humanoidState":5,"_cameraCFrame":[770.255,240.377,43.476,0.518,-0.772,0.369,0,0.431,0.902,-0.856,-0.467,0.223],"_shiftlockState":true,"_pose":"FreeFall","_animationQueue":[["fall",0.3]],"_animationSpeed":1,"_zoom":16.125},{"_mousePosition":[683,384],"_rootPartCFrame":[763.172,223.501,41.238,0.517,0,0.856,0,1,0,-0.856,0,0.517],"_humanoidState":5,"_cameraCFrame":[770.015,239.551,43.374,0.522,-0.77,0.368,0,0.431,0.902,-0.853,-0.471,0.225],"_shiftlockState":true,"_pose":"FreeFall","_animationQueue":[],"_animationSpeed":1,"_zoom":16.125},{"_mousePosition":[683,384],"_rootPartCFrame":[762.944,222.62,41.1,0.522,0,0.853,0,1,0,-0.853,0,0.522],"_humanoidState":7,"_cameraCFrame":[769.806,238.656,43.268,0.524,-0.768,0.369,0,0.433,0.901,-0.852,-0.472,0.227],"_shiftlockState":true,"_pose":"FreeFall","_animationQueue":[["walk",0.1],["fall",0.3],["fall",0.3]],"_animationSpeed":1,"_zoom":16.125},{"_mousePosition":[683,384],"_rootPartCFrame":[762.716,222.198,40.961,0.524,0,0.852,0,1,0,-0.852,0,0.524],"_humanoidState":7,"_cameraCFrame":[769.578,238.234,43.129,0.524,-0.768,0.369,0,0.433,0.901,-0.852,-0.472,0.227],"_shiftlockState":true,"_pose":"FreeFall","_animationQueue":[],"_animationSpeed":1,"_zoom":16.125},{"_mousePosition":[683,384],"_rootPartCFrame":[762.489,222.265,40.821,0.524,0,0.852,0,1,0,-0.852,0,0.524],"_humanoidState":8,"_cameraCFrame":[769.351,238.301,42.989,0.524,-0.768,0.369,0,0.433,0.901,-0.852,-0.472,0.227],"_shiftlockState":true,"_pose":"Running","_animationQueue":[["walk",0.1],["fall",0.3],["walk",0.1]],"_animationSpeed":1.103,"_zoom":16.125},{"_mousePosition":[683,384],"_rootPartCFrame":[762.319,222.328,40.716,0.524,0,0.852,0,1,0,-0.852,0,0.524],"_humanoidState":8,"_cameraCFrame":[769.181,238.364,42.885,0.524,-0.768,0.369,0,0.433,0.901,-0.852,-0.472,0.227],"_shiftlockState":true,"_pose":"Running","_animationQueue":[],"_animationSpeed":1.103,"_zoom":16.125},{"_mousePosition":[683,384],"_rootPartCFrame":[762.092,222.385,40.577,0.524,0,0.852,0,1,0,-0.852,0,0.524],"_humanoidState":8,"_cameraCFrame":[768.954,238.421,42.745,0.524,-0.768,0.369,0,0.433,0.901,-0.852,-0.472,0.227],"_shiftlockState":true,"_pose":"Running","_animationQueue":[],"_animationSpeed":1.103,"_zoom":16.125},{"_mousePosition":[683,384],"_rootPartCFrame":[761.865,222.418,40.437,0.524,0,0.852,0,1,0,-0.852,0,0.524],"_humanoidState":8,"_cameraCFrame":[768.727,238.454,42.605,0.524,-0.768,0.369,0,0.433,0.901,-0.852,-0.472,0.227],"_shiftlockState":true,"_pose":"Running","_animationQueue":[["walk",0.1]],"_animationSpeed":1.103,"_zoom":16.125},{"_mousePosition":[683,384],"_rootPartCFrame":[761.638,222.436,40.297,0.524,0,0.852,0,1,0,-0.852,0,0.524],"_humanoidState":8,"_cameraCFrame":[768.499,238.472,42.465,0.524,-0.768,0.369,0,0.433,0.901,-0.852,-0.472,0.227],"_shiftlockState":true,"_pose":"Running","_animationQueue":[],"_animationSpeed":1.103,"_zoom":16.125},{"_mousePosition":[683,384],"_rootPartCFrame":[761.411,222.445,40.157,0.52,0,0.854,0,1,0,-0.854,0,0.52],"_humanoidState":8,"_cameraCFrame":[768.271,238.506,42.158,0.507,-0.779,0.37,0,0.43,0.903,-0.862,-0.457,0.218],"_shiftlockState":true,"_pose":"Running","_animationQueue":[["walk",0.1],["walk",0.1]],"_animationSpeed":1.103,"_zoom":16.125},{"_mousePosition":[683,384],"_rootPartCFrame":[761.183,222.45,40.018,0.507,0,0.862,0,1,0,-0.862,0,0.507],"_humanoidState":8,"_cameraCFrame":[768.024,238.538,41.887,0.493,-0.787,0.371,0,0.426,0.905,-0.87,-0.446,0.21],"_shiftlockState":true,"_pose":"Running","_animationQueue":[],"_animationSpeed":1.103,"_zoom":16.125},{"_mousePosition":[683,384],"_rootPartCFrame":[760.954,222.454,39.883,0.493,0,0.87,0,1,0,-0.87,0,0.493],"_humanoidState":8,"_cameraCFrame":[767.801,238.554,41.616,0.478,-0.795,0.373,0,0.424,0.905,-0.878,-0.433,0.203],"_shiftlockState":true,"_pose":"Running","_animationQueue":[],"_animationSpeed":1.103,"_zoom":16.125},{"_mousePosition":[683,384],"_rootPartCFrame":[760.722,222.455,39.751,0.478,0,0.878,0,1,0,-0.878,0,0.478],"_humanoidState":8,"_cameraCFrame":[767.57,238.569,41.367,0.465,-0.803,0.374,0,0.423,0.906,-0.886,-0.421,0.196],"_shiftlockState":true,"_pose":"Running","_animationQueue":[],"_animationSpeed":1.103,"_zoom":16.125},{"_mousePosition":[683,384],"_rootPartCFrame":[760.488,222.456,39.623,0.465,0,0.886,0,1,0,-0.886,0,0.465],"_humanoidState":8,"_cameraCFrame":[767.316,238.597,41.074,0.446,-0.812,0.375,0,0.419,0.908,-0.895,-0.405,0.187],"_shiftlockState":true,"_pose":"Running","_animationQueue":[],"_animationSpeed":1.103,"_zoom":16.125},{"_mousePosition":[683,384],"_rootPartCFrame":[760.252,222.457,39.499,0.446,0,0.895,0,1,0,-0.895,0,0.446],"_humanoidState":8,"_cameraCFrame":[767.057,238.624,40.787,0.428,-0.822,0.376,0,0.416,0.91,-0.904,-0.39,0.178],"_shiftlockState":true,"_pose":"Running","_animationQueue":[],"_animationSpeed":1.103,"_zoom":16.125},{"_mousePosition":[683,384],"_rootPartCFrame":[759.954,222.457,39.349,0.428,0,0.904,0,1,0,-0.904,0,0.428],"_humanoidState":8,"_cameraCFrame":[766.757,238.637,40.488,0.41,-0.83,0.377,0,0.414,0.91,-0.912,-0.373,0.17],"_shiftlockState":true,"_pose":"Running","_animationQueue":[],"_animationSpeed":1.103,"_zoom":16.125},{"_mousePosition":[683,384],"_rootPartCFrame":[759.713,222.457,39.234,0.41,0,0.912,0,1,0,-0.912,0,0.41],"_humanoidState":8,"_cameraCFrame":[766.517,238.65,40.189,0.387,-0.84,0.38,0,0.412,0.911,-0.922,-0.352,0.159],"_shiftlockState":true,"_pose":"Running","_animationQueue":[["walk",0.1]],"_animationSpeed":1.103,"_zoom":16.125},{"_mousePosition":[683,384],"_rootPartCFrame":[759.471,222.457,39.124,0.387,0,0.922,0,1,0,-0.922,0,0.387],"_humanoidState":8,"_cameraCFrame":[766.298,238.65,39.889,0.361,-0.85,0.384,0,0.412,0.911,-0.933,-0.329,0.149],"_shiftlockState":true,"_pose":"Running","_animationQueue":[],"_animationSpeed":1.103,"_zoom":16.125},{"_mousePosition":[683,384],"_rootPartCFrame":[759.225,222.457,39.02,0.361,0,0.933,0,1,0,-0.933,0,0.361],"_humanoidState":8,"_cameraCFrame":[766.047,238.663,39.551,0.33,-0.861,0.387,0,0.41,0.912,-0.944,-0.301,0.135],"_shiftlockState":true,"_pose":"Running","_animationQueue":[],"_animationSpeed":1.103,"_zoom":16.125},{"_mousePosition":[683,384],"_rootPartCFrame":[758.977,222.457,38.923,0.33,0,0.944,0,1,0,-0.944,0,0.33],"_humanoidState":8,"_cameraCFrame":[765.808,238.663,39.315,0.311,-0.867,0.39,0,0.41,0.912,-0.95,-0.283,0.128],"_shiftlockState":true,"_pose":"Running","_animationQueue":[],"_animationSpeed":1.103,"_zoom":16.125},{"_mousePosition":[683,384],"_rootPartCFrame":[758.726,222.457,38.834,0.311,0,0.95,0,1,0,-0.95,0,0.311],"_humanoidState":8,"_cameraCFrame":[765.56,238.663,39.157,0.301,-0.87,0.391,0,0.41,0.912,-0.954,-0.275,0.124],"_shiftlockState":true,"_pose":"Running","_animationQueue":[],"_animationSpeed":1.103,"_zoom":16.125},{"_mousePosition":[683,384],"_rootPartCFrame":[758.472,222.457,38.75,0.301,0,0.954,0,1,0,-0.954,0,0.301],"_humanoidState":8,"_cameraCFrame":[765.309,238.663,39.039,0.296,-0.871,0.392,0,0.41,0.912,-0.955,-0.27,0.122],"_shiftlockState":true,"_pose":"Running","_animationQueue":[],"_animationSpeed":1.103,"_zoom":16.125},{"_mousePosition":[683,384],"_rootPartCFrame":[758.282,222.457,38.689,0.296,0,0.955,0,1,0,-0.955,0,0.296],"_humanoidState":8,"_cameraCFrame":[765.118,238.663,38.978,0.296,-0.871,0.392,0,0.41,0.912,-0.955,-0.27,0.122],"_shiftlockState":true,"_pose":"Running","_animationQueue":[],"_animationSpeed":1.103,"_zoom":16.125},{"_mousePosition":[683,384],"_rootPartCFrame":[758.027,222.457,38.61,0.296,0,0.955,0,1,0,-0.955,0,0.296],"_humanoidState":8,"_cameraCFrame":[764.865,238.663,38.864,0.292,-0.872,0.392,0,0.41,0.912,-0.957,-0.266,0.12],"_shiftlockState":true,"_pose":"Running","_animationQueue":[["walk",0.1]],"_animationSpeed":1.103,"_zoom":16.125},{"_mousePosition":[683,384],"_rootPartCFrame":[757.773,222.457,38.531,0.292,0,0.957,0,1,0,-0.957,0,0.292],"_humanoidState":8,"_cameraCFrame":[764.557,238.689,38.717,0.284,-0.876,0.39,0,0.407,0.914,-0.959,-0.26,0.116],"_shiftlockState":true,"_pose":"Running","_animationQueue":[],"_animationSpeed":1.103,"_zoom":16.125},{"_mousePosition":[683,384],"_rootPartCFrame":[757.517,222.457,38.453,0.284,0,0.959,0,1,0,-0.959,0,0.284],"_humanoidState":8,"_cameraCFrame":[764.249,238.714,38.521,0.27,-0.881,0.388,0,0.403,0.915,-0.963,-0.247,0.109],"_shiftlockState":true,"_pose":"Running","_animationQueue":[],"_animationSpeed":1.103,"_zoom":16.125},{"_mousePosition":[683,384],"_rootPartCFrame":[757.198,222.457,38.358,0.27,0,0.963,0,1,0,-0.963,0,0.27],"_humanoidState":8,"_cameraCFrame":[763.874,238.739,38.309,0.255,-0.886,0.386,0,0.4,0.917,-0.967,-0.234,0.102],"_shiftlockState":true,"_pose":"Running","_animationQueue":[],"_animationSpeed":1.103,"_zoom":16.125},{"_mousePosition":[683,384],"_rootPartCFrame":[757.006,222.457,38.304,0.255,0,0.967,0,1,0,-0.967,0,0.255],"_humanoidState":8,"_cameraCFrame":[763.624,238.764,38.156,0.243,-0.891,0.384,0,0.396,0.918,-0.97,-0.223,0.096],"_shiftlockState":true,"_pose":"Running","_animationQueue":[],"_animationSpeed":1.103,"_zoom":16.125},{"_mousePosition":[683,384],"_rootPartCFrame":[756.683,222.457,38.218,0.243,0,0.97,0,1,0,-0.97,0,0.243],"_humanoidState":8,"_cameraCFrame":[763.271,238.777,37.963,0.228,-0.895,0.384,0,0.394,0.919,-0.974,-0.21,0.09],"_shiftlockState":true,"_pose":"Running","_animationQueue":[],"_animationSpeed":1.103,"_zoom":16.125},{"_mousePosition":[683,384],"_rootPartCFrame":[756.36,222.457,38.137,0.228,0,0.974,0,1,0,-0.974,0,0.228],"_humanoidState":8,"_cameraCFrame":[762.918,238.789,37.842,0.223,-0.897,0.382,0,0.392,0.92,-0.975,-0.205,0.088],"_shiftlockState":true,"_pose":"Running","_animationQueue":[],"_animationSpeed":1.103,"_zoom":16.125},{"_mousePosition":[683,384],"_rootPartCFrame":[756.166,222.457,38.09,0.223,0,0.975,0,1,0,-0.975,0,0.223],"_humanoidState":8,"_cameraCFrame":[762.631,238.826,37.645,0.203,-0.903,0.379,0,0.387,0.922,-0.979,-0.187,0.079],"_shiftlockState":true,"_pose":"Running","_animationQueue":[["walk",0.1]],"_animationSpeed":1.103,"_zoom":16.125},{"_mousePosition":[683,384],"_rootPartCFrame":[755.906,222.457,38.031,0.203,0,0.979,0,1,0,-0.979,0,0.203],"_humanoidState":8,"_cameraCFrame":[762.274,238.862,37.423,0.181,-0.909,0.375,0,0.382,0.924,-0.983,-0.167,0.069],"_shiftlockState":true,"_pose":"Running","_animationQueue":[],"_animationSpeed":1.103,"_zoom":16.125},{"_mousePosition":[683,384],"_rootPartCFrame":[755.581,223.541,37.956,0.181,0,0.983,0,1,0,-0.983,0,0.181],"_humanoidState":3,"_cameraCFrame":[761.843,239.982,37.158,0.153,-0.916,0.372,0,0.376,0.927,-0.988,-0.142,0.058],"_shiftlockState":true,"_pose":"Jumping","_animationQueue":[["walk",0.1],["jump",0.1]],"_animationSpeed":1,"_zoom":16.125},{"_mousePosition":[683,384],"_rootPartCFrame":[755.384,224.152,37.919,0.155,0,0.988,0,1,0,-0.988,0,0.155],"_humanoidState":5,"_cameraCFrame":[761.538,240.628,36.951,0.128,-0.921,0.368,0,0.371,0.929,-0.992,-0.119,0.048],"_shiftlockState":true,"_pose":"FreeFall","_animationQueue":[["jump",0.1]],"_animationSpeed":1,"_zoom":16.125},{"_mousePosition":[683,384],"_rootPartCFrame":[755.055,225.103,37.866,0.132,0,0.991,0,1,0,-0.991,0,0.132],"_humanoidState":5,"_cameraCFrame":[761.095,241.614,36.734,0.103,-0.926,0.363,0,0.365,0.931,-0.995,-0.096,0.038],"_shiftlockState":true,"_pose":"FreeFall","_animationQueue":[],"_animationSpeed":1,"_zoom":16.125},{"_mousePosition":[683,384],"_rootPartCFrame":[754.857,225.633,37.84,0.106,0,0.994,0,1,0,-0.994,0,0.106],"_humanoidState":5,"_cameraCFrame":[760.775,242.178,36.533,0.076,-0.93,0.359,0,0.36,0.933,-0.997,-0.071,0.027],"_shiftlockState":true,"_pose":"FreeFall","_animationQueue":[],"_animationSpeed":1,"_zoom":16.125},{"_mousePosition":[683,384],"_rootPartCFrame":[754.525,226.448,37.804,0.08,0,0.997,0,1,0,-0.997,0,0.08],"_humanoidState":5,"_cameraCFrame":[760.251,243.048,36.297,0.043,-0.936,0.35,0,0.351,0.936,-0.999,-0.04,0.015],"_shiftlockState":true,"_pose":"FreeFall","_animationQueue":[],"_animationSpeed":1,"_zoom":16.125},{"_mousePosition":[683,384],"_rootPartCFrame":[754.326,226.895,37.788,0.046,0,0.999,0,1,0,-0.999,0,0.046],"_humanoidState":5,"_cameraCFrame":[759.873,243.54,36.064,0.005,-0.939,0.343,0,0.343,0.939,-1,-0.004,0.002],"_shiftlockState":true,"_pose":"FreeFall","_animationQueue":[],"_animationSpeed":1,"_zoom":16.125},{"_mousePosition":[683,384],"_rootPartCFrame":[754.06,227.445,37.775,0.01,0,1,0,1,0,-1,0,0.01],"_humanoidState":5,"_cameraCFrame":[759.379,244.142,35.82,-0.038,-0.942,0.334,0,0.334,0.942,-0.999,0.036,-0.013],"_shiftlockState":true,"_pose":"FreeFall","_animationQueue":[],"_animationSpeed":1,"_zoom":16.125},{"_mousePosition":[683,384],"_rootPartCFrame":[753.793,227.94,37.772,-0.033,0,0.999,0,1,0,-0.999,0,-0.033],"_humanoidState":5,"_cameraCFrame":[758.906,244.679,35.6,-0.081,-0.942,0.326,0,0.327,0.945,-0.997,0.077,-0.027],"_shiftlockState":true,"_pose":"FreeFall","_animationQueue":[],"_animationSpeed":1,"_zoom":16.125},{"_mousePosition":[683,384],"_rootPartCFrame":[753.46,228.482,37.783,-0.074,0,0.997,0,1,0,-0.997,0,-0.074],"_humanoidState":5,"_cameraCFrame":[758.386,245.252,35.404,-0.124,-0.94,0.319,0,0.321,0.947,-0.992,0.117,-0.04],"_shiftlockState":true,"_pose":"FreeFall","_animationQueue":[],"_animationSpeed":1,"_zoom":16.125},{"_mousePosition":[683,384],"_rootPartCFrame":[753.194,228.855,37.803,-0.118,0,0.993,0,1,0,-0.993,0,-0.118],"_humanoidState":5,"_cameraCFrame":[757.806,245.674,35.134,-0.189,-0.933,0.307,0,0.312,0.95,-0.982,0.179,-0.059],"_shiftlockState":true,"_pose":"FreeFall","_animationQueue":[],"_animationSpeed":1,"_zoom":16.125},{"_mousePosition":[683,384],"_rootPartCFrame":[752.929,229.172,37.835,-0.181,0,0.983,0,1,0,-0.983,0,-0.181],"_humanoidState":5,"_cameraCFrame":[757.364,246.011,34.983,-0.231,-0.926,0.3,0,0.308,0.951,-0.973,0.22,-0.071],"_shiftlockState":true,"_pose":"FreeFall","_animationQueue":[],"_animationSpeed":1,"_zoom":16.125},{"_mousePosition":[683,384],"_rootPartCFrame":[752.667,229.436,37.882,-0.225,0,0.974,0,1,0,-0.974,0,-0.225],"_humanoidState":5,"_cameraCFrame":[756.948,246.294,34.902,-0.263,-0.919,0.294,0,0.305,0.952,-0.965,0.25,-0.08],"_shiftlockState":true,"_pose":"FreeFall","_animationQueue":[],"_animationSpeed":1,"_zoom":16.125},{"_mousePosition":[683,384],"_rootPartCFrame":[752.407,229.645,37.942,-0.258,0,0.966,0,1,0,-0.966,0,-0.258],"_humanoidState":5,"_cameraCFrame":[756.688,246.503,34.962,-0.263,-0.919,0.294,0,0.305,0.952,-0.965,0.25,-0.08],"_shiftlockState":true,"_pose":"FreeFall","_animationQueue":[],"_animationSpeed":1,"_zoom":16.125},{"_mousePosition":[683,384],"_rootPartCFrame":[752.214,229.766,37.993,-0.262,0,0.965,0,1,0,-0.965,0,-0.262],"_humanoidState":5,"_cameraCFrame":[756.459,246.633,35.01,-0.265,-0.919,0.292,0,0.303,0.953,-0.964,0.253,-0.08],"_shiftlockState":true,"_pose":"FreeFall","_animationQueue":[],"_animationSpeed":1,"_zoom":16.125},{"_mousePosition":[683,384],"_rootPartCFrame":[751.892,229.899,38.081,-0.265,0,0.964,0,1,0,-0.964,0,-0.265],"_humanoidState":5,"_cameraCFrame":[756.466,246.738,35.457,-0.181,-0.935,0.303,0,0.308,0.951,-0.983,0.173,-0.056],"_shiftlockState":true,"_pose":"FreeFall","_animationQueue":[],"_animationSpeed":1,"_zoom":16.125},{"_mousePosition":[683,384],"_rootPartCFrame":[751.699,229.938,38.134,-0.187,0,0.982,0,1,0,-0.982,0,-0.187],"_humanoidState":5,"_cameraCFrame":[757.049,246.697,36.864,0.091,-0.942,0.322,0,0.323,0.946,-0.996,-0.086,0.029],"_shiftlockState":true,"_pose":"FreeFall","_animationQueue":[],"_animationSpeed":1,"_zoom":16.125},{"_mousePosition":[683,384],"_rootPartCFrame":[751.588,229.919,38.135,-0.029,0,1,0.002,1,0,-1,0.002,-0.029],"_humanoidState":5,"_cameraCFrame":[757.086,246.637,39.261,0.496,-0.82,0.287,0,0.331,0.944,-0.869,-0.468,0.164],"_shiftlockState":true,"_pose":"FreeFall","_animationQueue":[],"_animationSpeed":1,"_zoom":16.125},{"_mousePosition":[683,384],"_rootPartCFrame":[751.942,230.359,38.122,0.43,0.007,0.903,0.004,1,-0.01,-0.903,0.007,0.43],"_humanoidState":7,"_cameraCFrame":[756.376,247.056,41.676,0.836,-0.518,0.184,0,0.334,0.942,-0.549,-0.788,0.279],"_shiftlockState":true,"_pose":"FreeFall","_animationQueue":[["fall",0.3],["walk",0.1],["fall",0.3],["fall",0.3]],"_animationSpeed":1,"_zoom":16.125},{"_mousePosition":[683,384],"_rootPartCFrame":[752.168,231.116,38.052,0.83,0.004,0.557,0.001,1,-0.007,-0.557,0.007,0.83],"_humanoidState":7,"_cameraCFrame":[755.107,247.771,43.042,0.975,-0.209,0.076,0,0.342,0.94,-0.223,-0.916,0.333],"_shiftlockState":true,"_pose":"FreeFall","_animationQueue":[],"_animationSpeed":1,"_zoom":16.125},{"_mousePosition":[683,384],"_rootPartCFrame":[752.158,231.795,37.986,0.975,-0.004,0.22,0.004,1,0.001,-0.22,0,0.975],"_humanoidState":8,"_cameraCFrame":[754.281,248.395,43.511,0.998,-0.063,0.024,0,0.351,0.936,-0.068,-0.934,0.35],"_shiftlockState":true,"_pose":"Running","_animationQueue":[["walk",0.1],["fall",0.3],["walk",0.1]],"_animationSpeed":0.385,"_zoom":16.125},{"_mousePosition":[683,384],"_rootPartCFrame":[752.153,232.457,37.949,0.998,-0.003,0.067,0.003,1,0.004,-0.067,-0.004,0.998],"_humanoidState":3,"_cameraCFrame":[754.631,248.991,43.503,0.992,-0.12,0.046,0,0.362,0.932,-0.128,-0.925,0.359],"_shiftlockState":true,"_pose":"Jumping","_animationQueue":[["walk",0.1],["jump",0.1]],"_animationSpeed":1,"_zoom":16.125},{"_mousePosition":[683,384],"_rootPartCFrame":[752.143,233.51,37.851,0.993,-0.001,0.12,0.001,1,0.002,-0.12,-0.002,0.993],"_humanoidState":5,"_cameraCFrame":[756.984,249.915,42.028,0.836,-0.508,0.21,0,0.382,0.924,-0.549,-0.772,0.319],"_shiftlockState":true,"_pose":"FreeFall","_animationQueue":[["jump",0.1]],"_animationSpeed":1,"_zoom":16.125},{"_mousePosition":[683,384],"_rootPartCFrame":[752.173,234.286,37.73,0.858,0.001,0.514,-0.001,1,-0.001,-0.514,0,0.858],"_humanoidState":5,"_cameraCFrame":[758.425,250.606,39.825,0.558,-0.763,0.327,0,0.394,0.919,-0.83,-0.513,0.22],"_shiftlockState":true,"_pose":"FreeFall","_animationQueue":[],"_animationSpeed":1,"_zoom":16.125},{"_mousePosition":[683,384],"_rootPartCFrame":[752.176,234.831,37.643,0.57,0,0.822,0,1,0,-0.822,0,0.57],"_humanoidState":5,"_cameraCFrame":[758.935,251.075,37.633,0.257,-0.884,0.391,0,0.405,0.914,-0.966,-0.235,0.104],"_shiftlockState":true,"_pose":"FreeFall","_animationQueue":[],"_animationSpeed":1,"_zoom":16.125},{"_mousePosition":[683,384],"_rootPartCFrame":[752.179,235.671,37.548,0.261,0,0.965,0,1,0,-0.965,0,0.261],"_humanoidState":5,"_cameraCFrame":[758.801,251.902,36.063,0.04,-0.913,0.406,0,0.407,0.914,-0.999,-0.037,0.016],"_shiftlockState":true,"_pose":"FreeFall","_animationQueue":[],"_animationSpeed":1,"_zoom":16.125},{"_mousePosition":[683,384],"_rootPartCFrame":[752.18,236.282,37.516,0.04,0,0.999,0,1,0,-0.999,0,0.04],"_humanoidState":5,"_cameraCFrame":[758.591,252.513,35.288,-0.074,-0.911,0.406,0,0.407,0.914,-0.997,0.067,-0.03],"_shiftlockState":true,"_pose":"FreeFall","_animationQueue":[],"_animationSpeed":1,"_zoom":16.125},{"_mousePosition":[683,384],"_rootPartCFrame":[752.18,236.704,37.514,-0.074,0,0.997,0,1,0,-0.997,0,-0.074],"_humanoidState":5,"_cameraCFrame":[758.538,252.936,35.14,-0.096,-0.909,0.405,0,0.407,0.914,-0.995,0.088,-0.039],"_shiftlockState":true,"_pose":"FreeFall","_animationQueue":[],"_animationSpeed":1,"_zoom":16.125},{"_mousePosition":[683,384],"_rootPartCFrame":[752.18,237.34,37.514,-0.096,0,0.995,0,1,0,-0.995,0,-0.096],"_humanoidState":5,"_cameraCFrame":[758.538,253.571,35.14,-0.096,-0.909,0.405,0,0.407,0.914,-0.995,0.088,-0.039],"_shiftlockState":true,"_pose":"FreeFall","_animationQueue":[],"_animationSpeed":1,"_zoom":16.125},{"_mousePosition":[683,384],"_rootPartCFrame":[752.18,237.68,37.514,-0.096,0,0.995,0,1,0,-0.995,0,-0.096],"_humanoidState":5,"_cameraCFrame":[758.495,253.912,35.028,-0.114,-0.908,0.404,0,0.407,0.914,-0.993,0.104,-0.046],"_shiftlockState":true,"_pose":"FreeFall","_animationQueue":[],"_animationSpeed":1,"_zoom":16.125},{"_mousePosition":[683,384],"_rootPartCFrame":[752.18,238.087,37.514,-0.114,0,0.993,0,1,0,-0.993,0,-0.114],"_humanoidState":5,"_cameraCFrame":[758.393,254.344,34.924,-0.131,-0.907,0.4,0,0.403,0.915,-0.991,0.12,-0.053],"_shiftlockState":true,"_pose":"FreeFall","_animationQueue":[],"_animationSpeed":1,"_zoom":16.125},{"_mousePosition":[683,384],"_rootPartCFrame":[752.18,238.518,37.514,-0.131,0,0.991,0,1,0,-0.991,0,-0.131],"_humanoidState":5,"_cameraCFrame":[758.141,254.825,34.634,-0.181,-0.903,0.389,0,0.396,0.918,-0.983,0.167,-0.072],"_shiftlockState":true,"_pose":"FreeFall","_animationQueue":[],"_animationSpeed":1,"_zoom":16.125},{"_mousePosition":[683,384],"_rootPartCFrame":[752.155,238.802,37.517,-0.177,0,0.984,0,1,0,-0.984,0,-0.177],"_humanoidState":5,"_cameraCFrame":[758.051,255.121,34.568,-0.194,-0.902,0.387,0,0.394,0.919,-0.981,0.178,-0.076],"_shiftlockState":true,"_pose":"FreeFall","_animationQueue":[],"_animationSpeed":1,"_zoom":16.125},{"_mousePosition":[683,384],"_rootPartCFrame":[752.092,239.031,37.527,-0.191,0,0.982,0,1,0,-0.982,0,-0.191],"_humanoidState":5,"_cameraCFrame":[757.965,255.351,34.533,-0.201,-0.9,0.386,0,0.394,0.919,-0.98,0.185,-0.079],"_shiftlockState":true,"_pose":"FreeFall","_animationQueue":[],"_animationSpeed":1,"_zoom":16.125},{"_mousePosition":[683,384],"_rootPartCFrame":[751.989,239.206,37.545,-0.2,0,0.98,0,1,0,-0.98,0,-0.2],"_humanoidState":5,"_cameraCFrame":[757.791,255.55,34.533,-0.206,-0.901,0.382,0,0.391,0.921,-0.978,0.19,-0.081],"_shiftlockState":true,"_pose":"FreeFall","_animationQueue":[],"_animationSpeed":1,"_zoom":16.125},{"_mousePosition":[683,384],"_rootPartCFrame":[751.847,239.326,37.571,-0.206,0,0.979,0,1,0,-0.979,0,-0.206],"_humanoidState":5,"_cameraCFrame":[757.693,255.719,34.905,-0.152,-0.913,0.379,0,0.383,0.924,-0.988,0.14,-0.058],"_shiftlockState":true,"_pose":"FreeFall","_animationQueue":[],"_animationSpeed":1,"_zoom":16.125},{"_mousePosition":[683,384],"_rootPartCFrame":[751.716,239.38,37.597,-0.155,0,0.988,0,1,0,-0.988,0,-0.155],"_humanoidState":5,"_cameraCFrame":[757.83,255.833,36.138,0.048,-0.926,0.374,0,0.374,0.927,-0.999,-0.044,0.018],"_shiftlockState":true,"_pose":"FreeFall","_animationQueue":[],"_animationSpeed":1,"_zoom":16.125},{"_mousePosition":[683,384],"_rootPartCFrame":[751.569,239.396,37.609,0.001,0,1,0.002,1,0,-1,0.002,0.001],"_humanoidState":5,"_cameraCFrame":[757.614,255.93,38.345,0.401,-0.854,0.331,0,0.362,0.932,-0.916,-0.374,0.145],"_shiftlockState":true,"_pose":"FreeFall","_animationQueue":[["fall",0.3]],"_animationSpeed":1,"_zoom":16.125},{"_mousePosition":[683,384],"_rootPartCFrame":[751.896,240.022,37.585,0.383,-0.004,0.924,0.006,1,0.002,-0.924,0.005,0.383],"_humanoidState":7,"_cameraCFrame":[757.13,256.601,40.469,0.717,-0.652,0.247,0,0.354,0.935,-0.697,-0.67,0.254],"_shiftlockState":true,"_pose":"FreeFall","_animationQueue":[["walk",0.1],["fall",0.3],["fall",0.3]],"_animationSpeed":1,"_zoom":16.125},{"_mousePosition":[683,384],"_rootPartCFrame":[752.081,240.481,37.544,0.702,-0.028,0.712,0.021,1,0.019,-0.712,0.002,0.702],"_humanoidState":7,"_cameraCFrame":[756.323,257.069,41.673,0.875,-0.453,0.171,0,0.353,0.936,-0.484,-0.819,0.308],"_shiftlockState":true,"_pose":"FreeFall","_animationQueue":[],"_animationSpeed":1,"_zoom":16.125},{"_mousePosition":[683,384],"_rootPartCFrame":[752.057,241.12,37.494,0.872,-0.011,0.49,0.009,1,0.007,-0.49,-0.002,0.872],"_humanoidState":8,"_cameraCFrame":[755.931,257.72,41.953,0.914,-0.379,0.142,0,0.351,0.936,-0.405,-0.856,0.321],"_shiftlockState":true,"_pose":"Running","_animationQueue":[["walk",0.1],["fall",0.3],["walk",0.1]],"_animationSpeed":0.341,"_zoom":16.125},{"_mousePosition":[683,384],