[{"_mousePosition":[704,361],"_rootPartCFrame":[776.033,222.7,47.142,-0.001,0,1,0,1,0,-1,0,-0.001],"_humanoidState":8,"_cameraCFrame":[780.291,239.748,47.513,0.087,-0.961,0.264,0,0.265,0.964,-0.996,-0.084,0.023],"_shiftlockState":false,"_pose":"Standing","_animationQueue":[],"_animationSpeed":1,"_zoom":16.125},{"_mousePosition":[704,361],"_rootPartCFrame":[776.033,223.563,47.142,-0.001,0,1,0,1,0,-1,0,-0.001],"_humanoidState":3,"_cameraCFrame":[780.291,240.611,47.513,0.087,-0.961,0.264,0,0.265,0.964,-0.996,-0.084,0.023],"_shiftlockState":false,"_pose":"Jumping","_animationQueue":[["idle",0.1],["jump",0.1]],"_animationSpeed":1,"_zoom":16.125},{"_mousePosition":[704,361],"_rootPartCFrame":[776.018,224.174,47.141,0.005,0,1,0,1,0,-1,0,0.005],"_humanoidState":5,"_cameraCFrame":[780.276,241.223,47.512,0.087,-0.961,0.264,0,0.265,0.964,-0.996,-0.084,0.023],"_shiftlockState":false,"_pose":"FreeFall","_animationQueue":[["jump",0.1]],"_animationSpeed":1,"_zoom":16.125},{"_mousePosition":[704,361],"_rootPartCFrame":[775.964,224.942,47.136,0.015,0,1,0,1,0,-1,0,0.015],"_humanoidState":5,"_cameraCFrame":[780.222,241.99,47.507,0.087,-0.961,0.264,0,0.265,0.964,-0.996,-0.084,0.023],"_shiftlockState":false,"_pose":"FreeFall","_animationQueue":[],"_animationSpeed":1,"_zoom":16.125},{"_mousePosition":[704,361],"_rootPartCFrame":[775.87,225.655,47.128,0.025,0,1,0,1,0,-1,0,0.025],"_humanoidState":5,"_cameraCFrame":[780.128,242.703,47.499,0.087,-0.961,0.264,0,0.265,0.964,-0.996,-0.084,0.023],"_shiftlockState":false,"_pose":"FreeFall","_animationQueue":[],"_animationSpeed":1,"_zoom":16.125},{"_mousePosition":[704,361],"_rootPartCFrame":[775.697,226.469,47.113,0.036,0,0.999,0,1,0,-0.999,0,0.036],"_humanoidState":5,"_cameraCFrame":[779.955,243.518,47.484,0.087,-0.961,0.264,0,0.265,0.964,-0.996,-0.084,0.023],"_shiftlockState":false,"_pose":"FreeFall","_animationQueue":[],"_animationSpeed":1,"_zoom":16.125},{"_mousePosition":[704,361],"_rootPartCFrame":[775.514,227.06,47.097,0.043,0,0.999,0,1,0,-0.999,0,0.043],"_humanoidState":5,"_cameraCFrame":[779.772,244.108,47.468,0.087,-0.961,0.264,0,0.265,0.964,-0.996,-0.084,0.023],"_shiftlockState":false,"_pose":"FreeFall","_animationQueue":[],"_animationSpeed":1,"_zoom":16.125},{"_mousePosition":[704,361],"_rootPartCFrame":[775.35,227.467,47.083,0.048,0,0.999,0,1,0,-0.999,0,0.048],"_humanoidState":5,"_cameraCFrame":[779.76,244.515,45.71,0.087,-0.961,0.264,0,0.265,0.964,-0.996,-0.084,0.023],"_shiftlockState":true,"_pose":"FreeFall","_animationQueue":[],"_animationSpeed":1,"_zoom":16.125},{"_mousePosition":[683,384],"_rootPartCFrame":[775.099,227.962,47.061,0.089,0,0.996,0,1,0,-0.996,0,0.089],"_humanoidState":5,"_cameraCFrame":[779.509,245.01,45.688,0.087,-0.961,0.264,0,0.265,0.964,-0.996,-0.084,0.023],"_shiftlockState":true,"_pose":"FreeFall","_animationQueue":[],"_animationSpeed":1,"_zoom":16.125},{"_mousePosition":[683,384],"_rootPartCFrame":[774.834,228.402,47.038,0.087,0,0.996,0,1,0,-0.996,0,0.087],"_humanoidState":5,"_cameraCFrame":[779.214,245.459,45.662,0.087,-0.961,0.262,0,0.263,0.965,-0.996,-0.084,0.023],"_shiftlockState":true,"_pose":"FreeFall","_animationQueue":[],"_animationSpeed":1,"_zoom":16.125},{"_mousePosition":[683,384],"_rootPartCFrame":[774.502,228.876,47.009,0.087,0,0.996,0,1,0,-0.996,0,0.087],"_humanoidState":5,"_cameraCFrame":[778.852,245.941,45.631,0.087,-0.962,0.26,0,0.261,0.965,-0.996,-0.084,0.023],"_shiftlockState":true,"_pose":"FreeFall","_animationQueue":[],"_animationSpeed":1,"_zoom":16.125},{"_mousePosition":[683,384],"_rootPartCFrame":[774.303,229.12,46.991,0.087,0,0.996,0,1,0,-0.996,0,0.087],"_humanoidState":5,"_cameraCFrame":[778.622,246.193,45.611,0.087,-0.962,0.258,0,0.259,0.966,-0.996,-0.084,0.023],"_shiftlockState":true,"_pose":"FreeFall","_animationQueue":[],"_animationSpeed":1,"_zoom":16.125},{"_mousePosition":[683,384],"_rootPartCFrame":[773.971,229.458,46.962,0.087,0,0.996,0,1,0,-0.996,0,0.087],"_humanoidState":5,"_cameraCFrame":[778.26,246.539,45.579,0.087,-0.963,0.257,0,0.258,0.966,-0.996,-0.084,0.022],"_shiftlockState":true,"_pose":"FreeFall","_animationQueue":[],"_animationSpeed":1,"_zoom":16.125},{"_mousePosition":[683,384],"_rootPartCFrame":[773.705,229.667,46.939,0.087,0,0.996,0,1,0,-0.996,0,0.087],"_humanoidState":5,"_cameraCFrame":[777.964,246.756,45.554,0.087,-0.963,0.255,0,0.256,0.967,-0.996,-0.084,0.022],"_shiftlockState":true,"_pose":"FreeFall","_animationQueue":[],"_animationSpeed":1,"_zoom":16.125},{"_mousePosition":[683,384],"_rootPartCFrame":[773.506,229.788,46.922,0.087,0,0.996,0,1,0,-0.996,0,0.087],"_humanoidState":5,"_cameraCFrame":[777.765,246.877,45.536,0.087,-0.963,0.255,0,0.256,0.967,-0.996,-0.084,0.022],"_shiftlockState":true,"_pose":"FreeFall","_animationQueue":[],"_animationSpeed":1,"_zoom":16.125},{"_mousePosition":[683,384],"_rootPartCFrame":[773.24,229.901,46.899,0.087,0,0.996,0,1,0,-0.996,0,0.087],"_humanoidState":5,"_cameraCFrame":[777.439,247.006,45.508,0.087,-0.964,0.251,0,0.252,0.968,-0.996,-0.084,0.022],"_shiftlockState":true,"_pose":"FreeFall","_animationQueue":[],"_animationSpeed":1,"_zoom":16.125},{"_mousePosition":[683,384],"_rootPartCFrame":[772.908,229.966,46.87,0.087,0,0.996,0,1,0,-0.996,0,0.087],"_humanoidState":5,"_cameraCFrame":[777.046,247.087,45.474,0.087,-0.965,0.247,0,0.248,0.969,-0.996,-0.084,0.022],"_shiftlockState":true,"_pose":"FreeFall","_animationQueue":[],"_animationSpeed":1,"_zoom":16.125},{"_mousePosition":[683,384],"_rootPartCFrame":[772.643,229.957,46.847,0.087,0,0.996,0,1,0,-0.996,0,0.087],"_humanoidState":5,"_cameraCFrame":[776.72,247.093,45.445,0.087,-0.966,0.243,0,0.244,0.97,-0.996,-0.084,0.021],"_shiftlockState":true,"_pose":"FreeFall","_animationQueue":[],"_animationSpeed":1,"_zoom":16.125},{"_mousePosition":[683,384],"_rootPartCFrame":[772.377,229.894,46.823,0.087,0,0.996,0,1,0,-0.996,0,0.087],"_humanoidState":5,"_cameraCFrame":[776.397,247.045,45.427,0.089,-0.967,0.24,0,0.241,0.971,-0.996,-0.087,0.021],"_shiftlockState":true,"_pose":"FreeFall","_animationQueue":[],"_animationSpeed":1,"_zoom":16.125},{"_mousePosition":[683,384],"_rootPartCFrame":[772.111,229.776,46.8,0.089,0,0.996,0,1,0,-0.996,0,0.089],"_humanoidState":5,"_cameraCFrame":[776.104,246.935,45.411,0.092,-0.967,0.238,0,0.239,0.971,-0.996,-0.089,0.022],"_shiftlockState":true,"_pose":"FreeFall","_animationQueue":[["fall",0.3]],"_animationSpeed":1,"_zoom":16.125},{"_mousePosition":[683,384],"_rootPartCFrame":[771.846,229.603,46.777,0.092,0,0.996,0,1,0,-0.996,0,0.092],"_humanoidState":5,"_cameraCFrame":[775.808,246.769,45.385,0.092,-0.967,0.236,0,0.237,0.972,-0.996,-0.089,0.022],"_shiftlockState":true,"_pose":"FreeFall","_animationQueue":[],"_animationSpeed":1,"_zoom":16.125},{"_mousePosition":[683,384],"_rootPartCFrame":[771.58,229.376,46.752,0.092,0,0.996,0,1,0,-0.996,0,0.092],"_humanoidState":5,"_cameraCFrame":[775.55,246.542,45.38,0.097,-0.967,0.236,0,0.237,0.972,-0.995,-0.094,0.023],"_shiftlockState":true,"_pose":"FreeFall","_animationQueue":[],"_animationSpeed":1,"_zoom":16.125},{"_mousePosition":[683,384],"_rootPartCFrame":[771.315,229.094,46.728,0.096,0,0.995,0,1,0,-0.995,0,0.096],"_humanoidState":5,"_cameraCFrame":[775.257,246.268,45.363,0.099,-0.967,0.234,0,0.235,0.972,-0.995,-0.097,0.023],"_shiftlockState":true,"_pose":"FreeFall","_animationQueue":[],"_animationSpeed":1,"_zoom":16.125},{"_mousePosition":[683,384],"_rootPartCFrame":[771.116,228.847,46.709,0.099,0,0.995,0,1,0,-0.995,0,0.099],"_humanoidState":5,"_cameraCFrame":[775.065,246.021,45.364,0.104,-0.967,0.234,0,0.235,0.972,-0.995,-0.102,0.025],"_shiftlockState":true,"_pose":"FreeFall","_animationQueue":[],"_animationSpeed":1,"_zoom":16.125},{"_mousePosition":[683,384],"_rootPartCFrame":[770.85,228.47,46.682,0.104,0,0.995,0,1,0,-0.995,0,0.104],"_humanoidState":5,"_cameraCFrame":[774.776,245.652,45.354,0.109,-0.967,0.232,0,0.233,0.972,-0.994,-0.106,0.026],"_shiftlockState":true,"_pose":"FreeFall","_animationQueue":[],"_animationSpeed":1,"_zoom":16.125},{"_mousePosition":[683,384],"_rootPartCFrame":[770.519,227.922,46.648,0.109,0,0.994,0,1,0,-0.994,0,0.109],"_humanoidState":5,"_cameraCFrame":[774.424,245.111,45.346,0.117,-0.966,0.229,0,0.231,0.973,-0.993,-0.114,0.027],"_shiftlockState":true,"_pose":"FreeFall","_animationQueue":[["fall",0.3]],"_animationSpeed":1,"_zoom":16.125},{"_mousePosition":[683,384],"_rootPartCFrame":[770.32,227.553,46.626,0.116,0,0.993,0,1,0,-0.993,0,0.116],"_humanoidState":5,"_cameraCFrame":[774.211,244.749,45.369,0.13,-0.965,0.227,0,0.229,0.973,-0.992,-0.126,0.03],"_shiftlockState":true,"_pose":"FreeFall","_animationQueue":[],"_animationSpeed":1,"_zoom":16.125},{"_mousePosition":[683,384],"_rootPartCFrame":[769.989,226.869,46.587,0.128,0,0.992,0,1,0,-0.992,0,0.128],"_humanoidState":5,"_cameraCFrame":[773.847,244.079,45.41,0.152,-0.963,0.223,0,0.225,0.974,-0.988,-0.148,0.034],"_shiftlockState":true,"_pose":"FreeFall","_animationQueue":[],"_animationSpeed":1,"_zoom":16.125},{"_mousePosition":[683,384],"_rootPartCFrame":[769.724,226.26,46.553,0.15,0,0.989,0,1,0,-0.989,0,0.15],"_humanoidState":5,"_cameraCFrame":[773.543,243.484,45.434,0.17,-0.961,0.218,0,0.222,0.975,-0.986,-0.165,0.038],"_shiftlockState":true,"_pose":"FreeFall","_animationQueue":[],"_animationSpeed":1,"_zoom":16.125},{"_mousePosition":[683,384],"_rootPartCFrame":[769.461,225.597,46.513,0.167,0,0.986,0,1,0,-0.986,0,0.167],"_humanoidState":5,"_cameraCFrame":[773.271,242.828,45.466,0.19,-0.958,0.216,0,0.22,0.976,-0.982,-0.185,0.042],"_shiftlockState":true,"_pose":"FreeFall","_animationQueue":[],"_animationSpeed":1,"_zoom":16.125},{"_mousePosition":[683,384],"_rootPartCFrame":[769.198,224.879,46.469,0.187,0,0.982,0,1,0,-0.982,0,0.187],"_humanoidState":5,"_cameraCFrame":[773.028,242.11,45.499,0.209,-0.954,0.215,0,0.22,0.976,-0.978,-0.204,0.046],"_shiftlockState":true,"_pose":"FreeFall","_animationQueue":[],"_animationSpeed":1,"_zoom":16.125},{"_mousePosition":[683,384],"_rootPartCFrame":[769.076,224.783,46.447,0.209,0,0.978,0,1,0,-0.978,0,0.209],"_humanoidState":7,"_cameraCFrame":[772.891,242.021,45.529,0.224,-0.951,0.212,0,0.218,0.976,-0.975,-0.219,0.049],"_shiftlockState":true,"_pose":"FreeFall","_animationQueue":[["walk",0.1],["fall",0.3],["fall",0.3]],"_animationSpeed":1,"_zoom":16.125},{"_mousePosition":[683,384],"_rootPartCFrame":[768.899,224.96,46.41,0.224,0,0.975,0,1,0,-0.975,0,0.224],"_humanoidState":7,"_cameraCFrame":[772.732,242.198,45.569,0.244,-0.947,0.211,0,0.218,0.976,-0.97,-0.238,0.053],"_shiftlockState":true,"_pose":"FreeFall","_animationQueue":[["fall",0.3]],"_animationSpeed":1,"_zoom":16.125},{"_mousePosition":[683,384],"_rootPartCFrame":[768.672,225.192,46.358,0.244,0,0.97,0,1,0,-0.97,0,0.244],"_humanoidState":8,"_cameraCFrame":[772.521,242.43,45.595,0.263,-0.942,0.21,0,0.218,0.976,-0.965,-0.257,0.057],"_shiftlockState":true,"_pose":"Running","_animationQueue":[["walk",0.1],["fall",0.3],["walk",0.1]],"_animationSpeed":0.611,"_zoom":16.125},{"_mousePosition":[683,384],"_rootPartCFrame":[768.487,225.356,46.312,0.263,0,0.965,0,1,0,-0.965,0,0.263],"_humanoidState":8,"_cameraCFrame":[772.351,242.594,45.627,0.283,-0.936,0.209,0,0.218,0.976,-0.959,-0.276,0.062],"_shiftlockState":true,"_pose":"Running","_animationQueue":[["walk",0.1]],"_animationSpeed":0.789,"_zoom":16.125},{"_mousePosition":[683,384],"_rootPartCFrame":[768.277,225.512,46.255,0.283,0,0.959,0,1,0,-0.959,0,0.283],"_humanoidState":8,"_cameraCFrame":[772.155,242.75,45.659,0.305,-0.93,0.207,0,0.218,0.976,-0.952,-0.297,0.066],"_shiftlockState":true,"_pose":"Running","_animationQueue":[],"_animationSpeed":0.789,"_zoom":16.125},{"_mousePosition":[683,384],"_rootPartCFrame":[768.053,225.603,46.19,0.305,0,0.952,0,1,0,-0.952,0,0.305],"_humanoidState":8,"_cameraCFrame":[771.942,242.841,45.672,0.324,-0.923,0.206,0,0.218,0.976,-0.946,-0.316,0.071],"_shiftlockState":true,"_pose":"Running","_animationQueue":[["walk",0.1]],"_animationSpeed":0.917,"_zoom":16.125},{"_mousePosition":[683,384],"_rootPartCFrame":[767.834,225.688,46.121,0.324,0,0.946,0,1,0,-0.946,0,0.324],"_humanoidState":8,"_cameraCFrame":[771.703,242.933,45.661,0.341,-0.918,0.203,0,0.216,0.976,-0.94,-0.333,0.074],"_shiftlockState":true,"_pose":"Running","_animationQueue":[["walk",0.1]],"_animationSpeed":0.976,"_zoom":16.125},{"_mousePosition":[683,384],"_rootPartCFrame":[767.596,225.742,46.04,0.341,0,0.94,0,1,0,-0.94,0,0.341],"_humanoidState":8,"_cameraCFrame":[771.472,242.987,45.639,0.355,-0.913,0.202,0,0.216,0.976,-0.935,-0.346,0.077],"_shiftlockState":true,"_pose":"Running","_animationQueue":[],"_animationSpeed":0.976,"_zoom":16.125},{"_mousePosition":[683,384],"_rootPartCFrame":[767.348,225.776,45.951,0.355,0,0.935,0,1,0,-0.935,0,0.355],"_humanoidState":8,"_cameraCFrame":[771.229,243.02,45.599,0.367,-0.908,0.201,0,0.216,0.976,-0.93,-0.358,0.079],"_shiftlockState":true,"_pose":"Running","_animationQueue":[["walk",0.1],["walk",0.1]],"_animationSpeed":1.051,"_zoom":16.125},{"_mousePosition":[683,384],"_rootPartCFrame":[767.1,225.792,45.857,0.367,0,0.93,0,1,0,-0.93,0,0.367],"_humanoidState":8,"_cameraCFrame":[770.982,243.036,45.525,0.371,-0.907,0.2,0,0.216,0.976,-0.928,-0.363,0.08],"_shiftlockState":true,"_pose":"Running","_animationQueue":[],"_animationSpeed":1.051,"_zoom":16.125},{"_mousePosition":[683,384],"_rootPartCFrame":[766.922,225.776,45.788,0.371,0,0.928,0,1,0,-0.928,0,0.371],"_humanoidState":8,"_cameraCFrame":[770.805,243.02,45.465,0.374,-0.906,0.2,0,0.216,0.976,-0.928,-0.365,0.081],"_shiftlockState":true,"_pose":"Running","_animationQueue":[],"_animationSpeed":1.051,"_zoom":16.125},{"_mousePosition":[683,384],"_rootPartCFrame":[766.684,225.703,45.693,0.374,0,0.928,0,1,0,-0.928,0,0.374],"_humanoidState":8,"_cameraCFrame":[770.567,242.948,45.37,0.374,-0.906,0.2,0,0.216,0.976,-0.928,-0.365,0.081],"_shiftlockState":true,"_pose":"Running","_animationQueue":[],"_animationSpeed":1.051,"_zoom":16.125},{"_mousePosition":[683,384],"_rootPartCFrame":[766.403,225.536,45.579,0.374,0,0.928,0,1,0,-0.928,0,0.374],"_humanoidState":8,"_cameraCFrame":[770.286,242.78,45.257,0.374,-0.906,0.2,0,0.216,0.976,-0.928,-0.365,0.081],"_shiftlockState":true,"_pose":"Running","_animationQueue":[],"_animationSpeed":1.051,"_zoom":16.125},{"_mousePosition":[683,384],"_rootPartCFrame":[766.233,225.394,45.511,0.374,0,0.928,0,1,0,-0.928,0,0.374],"_humanoidState":8,"_cameraCFrame":[770.116,242.639,45.189,0.374,-0.906,0.2,0,0.216,0.976,-0.928,-0.365,0.081],"_shiftlockState":true,"_pose":"Running","_animationQueue":[["walk",0.1]],"_animationSpeed":0.996,"_zoom":16.125},{"_mousePosition":[683,384],"_rootPartCFrame":[765.949,226.478,45.397,0.374,0,0.928,0,1,0,-0.928,0,0.374],"_humanoidState":3,"_cameraCFrame":[769.805,243.73,45.073,0.376,-0.905,0.198,0,0.214,0.977,-0.927,-0.367,0.08],"_shiftlockState":true,"_pose":"Jumping","_animationQueue":[["walk",0.1],["walk",0.1],["jump",0.1]],"_animationSpeed":1,"_zoom":16.125},{"_mousePosition":[683,384],"_rootPartCFrame":[765.707,227.287,45.299,0.376,0,0.927,0,1,0,-0.927,0,0.376],"_humanoidState":5,"_cameraCFrame":[769.563,244.538,44.985,0.378,-0.904,0.198,0,0.214,0.977,-0.926,-0.37,0.081],"_shiftlockState":true,"_pose":"FreeFall","_animationQueue":[["jump",0.1]],"_animationSpeed":1,"_zoom":16.125},{"_mousePosition":[683,384],"_rootPartCFrame":[765.521,227.857,45.224,0.378,0,0.926,0,1,0,-0.926,0,0.378],"_humanoidState":5,"_cameraCFrame":[769.379,245.109,44.929,0.383,-0.902,0.198,0,0.214,0.977,-0.924,-0.374,0.082],"_shiftlockState":true,"_pose":"FreeFall","_animationQueue":[],"_animationSpeed":1,"_zoom":16.125},{"_mousePosition":[683,384],"_rootPartCFrame":[765.213,228.74,45.098,0.382,0,0.924,0,1,0,-0.924,0,0.382],"_humanoidState":5,"_cameraCFrame":[769.072,245.991,44.823,0.388,-0.9,0.197,0,0.214,0.977,-0.922,-0.379,0.083],"_shiftlockState":true,"_pose":"FreeFall","_animationQueue":[],"_animationSpeed":1,"_zoom":16.125},{"_mousePosition":[683,384],"_rootPartCFrame":[764.966,229.385,44.996,0.387,0,0.922,0,1,0,-0.922,0,0.387],"_humanoidState":5,"_cameraCFrame":[768.798,246.643,44.719,0.39,-0.9,0.195,0,0.212,0.977,-0.921,-0.381,0.083],"_shiftlockState":true,"_pose":"FreeFall","_animationQueue":[],"_animationSpeed":1,"_zoom":16.125},{"_mousePosition":[683,384],"_rootPartCFrame":[764.782,229.833,44.919,0.39,0,0.921,0,1,0,-0.921,0,0.39],"_humanoidState":5,"_cameraCFrame":[768.616,247.091,44.68,0.399,-0.896,0.194,0,0.212,0.977,-0.917,-0.39,0.085],"_shiftlockState":true,"_pose":"FreeFall","_animationQueue":[],"_animationSpeed":1,"_zoom":16.125},{"_mousePosition":[683,384],"_rootPartCFrame":[764.475,230.511,44.789,0.398,0,0.917,0,1,0,-0.917,0,0.398],"_humanoidState":5,"_cameraCFrame":[768.311,247.769,44.589,0.409,-0.892,0.194,0,0.212,0.977,-0.913,-0.399,0.087],"_shiftlockState":true,"_pose":"FreeFall","_animationQueue":[],"_animationSpeed":1,"_zoom":16.125},{"_mousePosition":[683,384],"_rootPartCFrame":[764.23,230.992,44.683,0.407,0,0.913,0,1,0,-0.913,0,0.407],"_humanoidState":5,"_cameraCFrame":[768.041,248.257,44.518,0.42,-0.887,0.191,0,0.21,0.978,-0.907,-0.411,0.088],"_shiftlockState":true,"_pose":"FreeFall","_animationQueue":[],"_animationSpeed":1,"_zoom":16.125},{"_mousePosition":[683,384],"_rootPartCFrame":[764.047,231.318,44.601,0.419,0,0.908,0,1,0,-0.908,0,0.419],"_humanoidState":5,"_cameraCFrame":[767.861,248.583,44.543,0.445,-0.875,0.188,0,0.21,0.978,-0.895,-0.435,0.094],"_shiftlockState":true,"_pose":"FreeFall","_animationQueue":[],"_animationSpeed":1,"_zoom":16.125},{"_mousePosition":[683,384],"_rootPartCFrame":[763.684,231.876,44.434,0.441,0,0.898,0,1,0,-0.898,0,0.441],"_humanoidState":5,"_cameraCFrame":[767.499,249.141,44.434,0.459,-0.869,0.187,0,0.21,0.978,-0.889,-0.449,0.096],"_shiftlockState":true,"_pose":"FreeFall","_animationQueue":[],"_animationSpeed":1,"_zoom":16.125},{"_mousePosition":[683,384],"_rootPartCFrame":[763.565,232.035,44.375,0.458,0,0.889,0,1,0,-0.889,0,0.458],"_humanoidState":5,"_cameraCFrame":[767.378,249.3,44.452,0.477,-0.859,0.185,0,0.21,0.978,-0.879,-0.466,0.1],"_shiftlockState":true,"_pose":"FreeFall","_animationQueue":[],"_animationSpeed":1,"_zoom":16.125},{"_mousePosition":[683,384],"_rootPartCFrame":[763.327,232.312,44.253,0.474,0,0.88,0,1,0,-0.88,0,0.474],"_humanoidState":5,"_cameraCFrame":[767.165,249.57,44.423,0.494,-0.849,0.184,0,0.212,0.977,-0.869,-0.483,0.105],"_shiftlockState":true,"_pose":"FreeFall","_animationQueue":[],"_animationSpeed":1,"_zoom":16.125},{"_mousePosition":[683,384],"_rootPartCFrame":[763.034,232.582,44.095,0.491,0,0.871,0,1,0,-0.871,0,0.491],"_humanoidState":5,"_cameraCFrame":[766.894,249.833,44.358,0.512,-0.839,0.184,0,0.214,0.977,-0.859,-0.5,0.11],"_shiftlockState":true,"_pose":"FreeFall","_animationQueue":[],"_animationSpeed":1,"_zoom":16.125},{"_mousePosition":[683,384],"_rootPartCFrame":[762.86,232.703,43.997,0.51,0,0.86,0,1,0,-0.86,0,0.51],"_humanoidState":5,"_cameraCFrame":[766.767,249.941,44.351,0.525,-0.831,0.185,0,0.218,0.976,-0.851,-0.512,0.114],"_shiftlockState":true,"_pose":"FreeFall","_animationQueue":[],"_animationSpeed":1,"_zoom":16.125},{"_mousePosition":[683,384],"_rootPartCFrame":[762.63,232.816,43.861,0.523,0,0.852,0,1,0,-0.852,0,0.523],"_humanoidState":5,"_cameraCFrame":[766.532,250.054,44.274,0.538,-0.823,0.184,0,0.218,0.976,-0.843,-0.525,0.117],"_shiftlockState":true,"_pose":"FreeFall","_animationQueue":[],"_animationSpeed":1,"_zoom":16.125},{"_mousePosition":[683,384],"_rootPartCFrame":[762.346,232.882,43.687,0.536,0,0.844,0,1,0,-0.844,0,0.536],"_humanoidState":5,"_cameraCFrame":[766.242,250.12,44.149,0.548,-0.816,0.182,0,0.218,0.976,-0.836,-0.535,0.119],"_shiftlockState":true,"_pose":"FreeFall","_animationQueue":[],"_animationSpeed":1,"_zoom":16.125},{"_mousePosition":[683,384],"_rootPartCFrame":[762.121,232.872,43.544,0.547,0,0.837,0,1,0,-0.837,0,0.547],"_humanoidState":5,"_cameraCFrame":[766.039,250.104,44.053,0.555,-0.812,0.183,0,0.22,0.976,-0.832,-0.541,0.122],"_shiftlockState":true,"_pose":"FreeFall","_animationQueue":[],"_animationSpeed":1,"_zoom":16.125},{"_mousePosition":[683,384],"_rootPartCFrame":[761.953,232.83,43.435,0.554,0,0.833,0,1,0,-0.833,0,0.554],"_humanoidState":5,"_cameraCFrame":[765.893,250.054,43.991,0.561,-0.807,0.183,0,0.222,0.975,-0.828,-0.547,0.124],"_shiftlockState":true,"_pose":"FreeFall","_animationQueue":[],"_animationSpeed":1,"_zoom":16.125},{"_mousePosition":[683,384],"_rootPartCFrame":[761.731,232.725,43.287,0.56,0,0.828,0,1,0,-0.828,0,0.56],"_humanoidState":5,"_cameraCFrame":[765.67,249.95,43.853,0.563,-0.806,0.183,0,0.222,0.975,-0.826,-0.549,0.125],"_shiftlockState":true,"_pose":"FreeFall","_animationQueue":[],"_animationSpeed":1,"_zoom":16.125},{"_mousePosition":[683,384],"_rootPartCFrame":[761.455,232.518,43.1,0.563,0,0.827,0,1,0,-0.827,0,0.563],"_humanoidState":5,"_cameraCFrame":[765.416,249.735,43.703,0.567,-0.803,0.184,0,0.223,0.975,-0.824,-0.553,0.127],"_shiftlockState":true,"_pose":"FreeFall","_animationQueue":[],"_animationSpeed":1,"_zoom":16.125},{"_mousePosition":[683,384],"_rootPartCFrame":[761.302,232.604,42.996,0.567,0,0.824,0,1,0,-0.824,0,0.567],"_humanoidState":12,"_cameraCFrame":[765.263,249.821,43.6,0.567,-0.803,0.184,0,0.223,0.975,-0.824,-0.553,0.127],"_shiftlockState":true,"_pose":"Climbing","_animationQueue":[["fall",0.3],["walk",0.1],["fall",0.3],["climb",0.1],["climb",0]],"_animationSpeed":-0.965,"_zoom":16.125},{"_mousePosition":[683,384],"_rootPartCFrame":[761.261,232.827,42.969,0.562,-0.033,0.827,0,0.999,0.04,-0.827,-0.022,0.561],"_humanoidState":12,"_cameraCFrame":[765.171,250.043,43.539,0.567,-0.803,0.184,0,0.223,0.975,-0.824,-0.553,0.127],"_shiftlockState":true,"_pose":"Climbing","_animationQueue":[["climb",0.1],["climb",0]],"_animationSpeed":0.833,"_zoom":16.125},{"_mousePosition":[683,384],"_rootPartCFrame":[761.263,233.013,42.971,0.567,-0.009,0.824,0,1,0.01,-0.824,-0.006,0.567],"_humanoidState":12,"_cameraCFrame":[765.211,250.23,43.565,0.567,-0.803,0.184,0,0.223,0.975,-0.824,-0.553,0.127],"_shiftlockState":true,"_pose":"Climbing","_animationQueue":[["climb",0.1]],"_animationSpeed":0.928,"_zoom":16.125},{"_mousePosition":[683,384],"_rootPartCFrame":[761.248,233.133,42.961,0.567,0.001,0.824,0,1,-0.001,-0.824,0,0.567],"_humanoidState":8,"_cameraCFrame":[765.21,250.35,43.564,0.567,-0.803,0.184,0,0.223,0.975,-0.824,-0.553,0.127],"_shiftlockState":true,"_pose":"Standing","_animationQueue":[["climb",0.1],["walk",0.1],["idle",0.1]],"_animationSpeed":1,"_zoom":16.125},{"_mousePosition":[683,384],"_rootPartCFrame":[761.196,233.244,42.925,0.567,0.002,0.824,0,1,-0.002,-0.824,0.001,0.567],"_humanoidState":5,"_cameraCFrame":[765.165,250.461,43.5,0.561,-0.807,0.185,0,0.223,0.975,-0.828,-0.547,0.125],"_shiftlockState":true,"_pose":"FreeFall","_animationQueue":[["walk",0.1],["fall",0.3]],"_animationSpeed":1,"_zoom":16.125},{"_mousePosition":[683,384],"_rootPartCFrame":[761.085,233.307,42.848,0.562,0.001,0.827,0,1,-0.001,-0.827,0,0.562],"_humanoidState":5,"_cameraCFrame":[765.06,250.524,43.351,0.546,-0.816,0.187,0,0.223,0.975,-0.838,-0.532,0.122],"_shiftlockState":true,"_pose":"FreeFall","_animationQueue":[],"_animationSpeed":1,"_zoom":16.125},{"_mousePosition":[683,384],"_rootPartCFrame":[761.024,233.324,42.806,0.547,-0.011,0.837,0,1,0.013,-0.837,-0.007,0.547],"_humanoidState":5,"_cameraCFrame":[764.97,250.548,43.161,0.521,-0.833,0.189,0,0.222,0.975,-0.854,-0.508,0.115],"_shiftlockState":true,"_pose":"FreeFall","_animationQueue":[["fall",0.3]],"_animationSpeed":1,"_zoom":16.125},{"_mousePosition":[683,384],"_rootPartCFrame":[761.011,233.353,42.796,0.523,-0.016,0.852,-0.001,1,0.019,-0.852,-0.01,0.523],"_humanoidState":5,"_cameraCFrame":[764.961,250.576,42.975,0.483,-0.854,0.194,0,0.222,0.975,-0.875,-0.471,0.107],"_shiftlockState":true,"_pose":"FreeFall","_animationQueue":[],"_animationSpeed":1,"_zoom":16.125},{"_mousePosition":[683,384],"_rootPartCFrame":[761.011,233.354,42.797,0.49,-0.013,0.872,0,1,0.016,-0.872,-0.008,0.49],"_humanoidState":5,"_cameraCFrame":[764.97,250.578,42.779,0.438,-0.876,0.199,0,0.222,0.975,-0.899,-0.428,0.097],"_shiftlockState":true,"_pose":"FreeFall","_animationQueue":[],"_animationSpeed":1,"_zoom":16.125},{"_mousePosition":[683,384],"_rootPartCFrame":[760.845,234.086,42.849,0.44,0.003,0.898,0,1,-0.003,-0.898,0.002,0.44],"_humanoidState":7,"_cameraCFrame":[764.793,251.317,42.612,0.388,-0.899,0.203,0,0.22,0.976,-0.922,-0.378,0.085],"_shiftlockState":true,"_pose":"FreeFall","_animationQueue":[["fall",0.3],["fall",0.3]],"_animationSpeed":1,"_zoom":16.125},{"_mousePosition":[683,384],"_rootPartCFrame":[760.674,234.502,42.905,0.388,0.006,0.922,0,1,-0.006,-0.922,0.003,0.388],"_humanoidState":7,"_cameraCFrame":[764.603,251.733,42.421,0.329,-0.921,0.207,0,0.22,0.976,-0.944,-0.321,0.072],"_shiftlockState":true,"_pose":"FreeFall","_animationQueue":[],"_animationSpeed":1,"_zoom":16.125},{"_mousePosition":[683,384],"_rootPartCFrame":[760.332,234.984,43.042,0.329,0,0.944,0,1,0,-0.944,0,0.329],"_humanoidState":8,"_cameraCFrame":[764.211,252.215,42.287,0.263,-0.941,0.212,0,0.22,0.976,-0.965,-0.257,0.058],"_shiftlockState":true,"_pose":"Running","_animationQueue":[["walk",0.1],["fall",0.3],["walk",0.1]],"_animationSpeed":1.015,"_zoom":16.125},{"_mousePosition":[683,384],"_rootPartCFrame":[760.155,235.12,43.125,0.263,0,0.965,0,1,0.001,-0.965,0,0.263],"_humanoidState":8,"_cameraCFrame":[763.931,252.351,41.963,0.16,-0.963,0.217,0,0.22,0.976,-0.987,-0.156,0.035],"_shiftlockState":true,"_pose":"Running","_animationQueue":[],"_animationSpeed":1.015,"_zoom":16.125},{"_mousePosition":[683,384],"_rootPartCFrame":[759.888,235.207,43.274,0.153,0,0.988,0,1,0,-0.988,0,0.153],"_humanoidState":8,"_cameraCFrame":[763.58,252.438,41.866,0.094,-0.971,0.219,0,0.22,0.976,-0.996,-0.092,0.021],"_shiftlockState":true,"_pose":"Running","_animationQueue":[["walk",0.1],["walk",0.1]],"_animationSpeed":1.091,"_zoom":16.125},{"_mousePosition":[683,384],"_rootPartCFrame":[759.752,235.171,43.368,0.093,0,0.996,0,1,0,-0.996,0,0.093],"_humanoidState":8,"_cameraCFrame":[763.352,252.402,41.739,0.034,-0.975,0.22,0,0.22,0.976,-0.999,-0.033,0.007],"_shiftlockState":true,"_pose":"Running","_animationQueue":[["walk",0.1]],"_animationSpeed":1.002,"_zoom":16.125},{"_mousePosition":[683,384],"_rootPartCFrame":[759.553,235.056,43.529,0.033,0,0.999,0,1,0,-0.999,0,0.033],"_humanoidState":8,"_cameraCFrame":[763.057,252.287,41.702,-0.022,-0.975,0.22,0,0.22,0.976,-1,0.021,-0.005],"_shiftlockState":true,"_pose":"Running","_animationQueue":[["walk",0.1]],"_animationSpeed":0.895,"_zoom":16.125},{"_mousePosition":[683,384],"_rootPartCFrame":[759.31,235.04,43.754,-0.081,0,0.997,0,1,0,-0.997,0,-0.081],"_humanoidState":8,"_cameraCFrame":[762.456,252.298,41.551,-0.137,-0.968,0.21,0,0.212,0.977,-0.991,0.134,-0.029],"_shiftlockState":true,"_pose":"Running","_animationQueue":[["walk",0.1]],"_animationSpeed":1.085,"_zoom":16.125},{"_mousePosition":[683,384],"_rootPartCFrame":[759.094,235.042,44.003,-0.137,0,0.991,0,1,0,-0.991,0,-0.137],"_humanoidState":8,"_cameraCFrame":[761.956,252.326,41.608,-0.207,-0.958,0.2,0,0.204,0.979,-0.978,0.203,-0.042],"_shiftlockState":true,"_pose":"Running","_animationQueue":[],"_animationSpeed":1.085,"_zoom":16.125},{"_mousePosition":[683,384],"_rootPartCFrame":[758.932,235.054,44.213,-0.207,0,0.978,0,1,0,-0.978,0,-0.207],"_humanoidState":8,"_cameraCFrame":[761.568,252.345,41.61,-0.283,-0.939,0.194,0,0.203,0.979,-0.959,0.277,-0.057],"_shiftlockState":true,"_pose":"Running","_animationQueue":[],"_animationSpeed":1.085,"_zoom":16.125},{"_mousePosition":[683,384],"_rootPartCFrame":[758.785,235.064,44.435,-0.283,0,0.959,0,1,0,-0.959,0,-0.283],"_humanoidState":8,"_cameraCFrame":[761.216,252.355,41.64,-0.355,-0.915,0.189,0,0.203,0.979,-0.935,0.348,-0.072],"_shiftlockState":true,"_pose":"Running","_animationQueue":[],"_animationSpeed":1.085,"_zoom":16.125},{"_mousePosition":[683,384],"_rootPartCFrame":[758.655,235.034,44.667,-0.355,0,0.935,0,1,0,-0.935,0,-0.355],"_humanoidState":8,"_cameraCFrame":[760.986,252.299,41.649,-0.423,-0.886,0.19,0,0.21,0.978,-0.906,0.413,-0.089],"_shiftlockState":true,"_pose":"Running","_animationQueue":[["walk",0.1]],"_animationSpeed":1.085,"_zoom":16.125},{"_mousePosition":[683,384],"_rootPartCFrame":[758.543,235.031,44.908,-0.423,0,0.906,0,1,0,-0.906,0,-0.423],"_humanoidState":8,"_cameraCFrame":[760.77,252.269,41.679,-0.483,-0.854,0.191,0,0.218,0.976,-0.875,0.472,-0.105],"_shiftlockState":true,"_pose":"Running","_animationQueue":[],"_animationSpeed":1.085,"_zoom":16.125},{"_mousePosition":[683,384],"_rootPartCFrame":[758.472,235.041,45.095,-0.483,0,0.875,0,1,0,-0.875,0,-0.483],"_humanoidState":8,"_cameraCFrame":[760.49,252.265,41.667,-0.551,-0.814,0.185,0,0.222,0.975,-0.835,0.537,-0.122],"_shiftlockState":true,"_pose":"Running","_animationQueue":[],"_animationSpeed":1.085,"_zoom":16.125},{"_mousePosition":[683,384],"_rootPartCFrame":[758.377,235.074,45.413,-0.551,0,0.835,0,1,0,-0.835,0,-0.551],"_humanoidState":8,"_cameraCFrame":[760.291,252.298,41.926,-0.576,-0.797,0.181,0,0.222,0.975,-0.818,0.561,-0.128],"_shiftlockState":true,"_pose":"Running","_animationQueue":[],"_animationSpeed":1.085,"_zoom":16.125},{"_mousePosition":[683,384],"_rootPartCFrame":[758.303,235.947,45.669,-0.576,0,0.818,0,1,0,-0.818,0,-0.576],"_humanoidState":3,"_cameraCFrame":[760.155,253.171,42.148,-0.59,-0.787,0.179,0,0.222,0.975,-0.807,0.575,-0.131],"_shiftlockState":true,"_pose":"Jumping","_animationQueue":[["walk",0.1],["jump",0.1]],"_animationSpeed":1,"_zoom":16.125},{"_mousePosition":[683,384],"_rootPartCFrame":[758.25,236.769,45.929,-0.646,0,0.764,0,1,0,-0.764,0,-0.646],"_humanoidState":5,"_cameraCFrame":[760.074,253.993,42.395,-0.596,-0.783,0.178,0,0.222,0.975,-0.803,0.581,-0.132],"_shiftlockState":true,"_pose":"FreeFall","_animationQueue":[["jump",0.1]],"_animationSpeed":1,"_zoom":16.125},{"_mousePosition":[683,384],"_rootPartCFrame":[758.208,237.537,46.193,-0.673,0,0.74,0,1,0,-0.74,0,-0.673],"_humanoidState":5,"_cameraCFrame":[760.033,254.761,42.658,-0.596,-0.783,0.178,0,0.222,0.975,-0.803,0.581,-0.132],"_shiftlockState":true,"_pose":"FreeFall","_animationQueue":[],"_animationSpeed":1,"_zoom":16.125},{"_mousePosition":[683,384],"_rootPartCFrame":[758.178,238.077,46.391,-0.657,0,0.754,0,1,0,-0.754,0,-0.657],"_humanoidState":5,"_cameraCFrame":[760.003,255.301,42.856,-0.596,-0.783,0.178,0,0.222,0.975,-0.803,0.581,-0.132],"_shiftlockState":true,"_pose":"FreeFall","_animationQueue":[],"_animationSpeed":1,"_zoom":16.125},{"_mousePosition":[683,384],"_rootPartCFrame":[758.139,238.749,46.654,-0.677,0,0.736,0,1,0,-0.736,0,-0.677],"_humanoidState":5,"_cameraCFrame":[759.964,255.973,43.12,-0.596,-0.783,0.178,0,0.222,0.975,-0.803,0.581,-0.132],"_shiftlockState":true,"_pose":"FreeFall","_animationQueue":[],"_animationSpeed":1,"_zoom":16.125},{"_mousePosition":[683,384],"_rootPartCFrame":[758.1,239.366,46.918,-0.677,0,0.736,0,1,0,-0.736,0,-0.677],"_humanoidState":5,"_cameraCFrame":[759.925,256.591,43.383,-0.596,-0.783,0.178,0,0.222,0.975,-0.803,0.581,-0.132],"_shiftlockState":true,"_pose":"FreeFall","_animationQueue":[],"_animationSpeed":1,"_zoom":16.125},{"_mousePosition":[683,384],"_rootPartCFrame":[758.051,240.062,47.248,-0.696,0,0.718,0,1,0,-0.718,0,-0.696],"_humanoidState":5,"_cameraCFrame":[759.903,257.286,43.727,-0.59,-0.787,0.179,0,0.222,0.975,-0.807,0.575,-0.131],"_shiftlockState":true,"_pose":"FreeFall","_animationQueue":[],"_animationSpeed":1,"_zoom":16.125},{"_mousePosition":[683,384],"_rootPartCFrame":[758.012,240.557,47.512,-0.672,0,0.741,0,1,0,-0.741,0,-0.672],"_humanoidState":5,"_cameraCFrame":[759.796,257.041,44.094,-0.58,-0.794,0.182,0,0.223,0.975,-0.815,0.565,-0.13],"_shiftlockState":true,"_pose":"FreeFall","_animationQueue":[],"_animationSpeed":1,"_zoom":16.125},{"_mousePosition":[683,384],"_rootPartCFrame":[757.972,240.997,47.775,-0.663,0,0.749,0,1,0,-0.749,0,-0.663],"_humanoidState":5,"_cameraCFrame":[759.764,256.817,44.456,-0.559,-0.807,0.188,0,0.227,0.974,-0.829,0.544,-0.127],"_shiftlockState":true,"_pose":"FreeFall","_animationQueue":[],"_animationSpeed":1,"_zoom":16.125},{"_mousePosition":[683,384],"_rootPartCFrame":[757.928,241.383,48.038,-0.645,0,0.764,0,1,0,-0.764,0,-0.645],"_humanoidState":5,"_cameraCFrame":[759.708,256.759,44.817,-0.54,-0.82,0.191,0,0.227,0.974,-0.842,0.526,-0.123],"_shiftlockState":true,"_pose":"FreeFall","_animationQueue":[],"_animationSpeed":1,"_zoom":16.125},{"_mousePosition":[683,384],"_rootPartCFrame":[757.878,241.715,48.3,-0.627,0,0.779,0,1,0,-0.779,0,-0.627],"_humanoidState":5,"_cameraCFrame":[759.687,256.789,45.166,-0.516,-0.834,0.195,0,0.227,0.974,-0.856,0.503,-0.117],"_shiftlockState":true,"_pose":"FreeFall","_animationQueue":[],"_animationSpeed":1,"_zoom":16.125},{"_mousePosition":[683,384],"_rootPartCFrame":[757.822,241.992,48.561,-0.606,0,0.796,0,1,0,-0.796,0,-0.606],"_humanoidState":5,"_cameraCFrame":[759.714,256.896,45.517,-0.483,-0.852,0.199,0,0.227,0.974,-0.875,0.471,-0.11],"_shiftlockState":true,"_pose":"FreeFall","_animationQueue":[],"_animationSpeed":1,"_zoom":16.125},{"_mousePosition":[683,384],"_rootPartCFrame":[757.759,242.214,48.82,-0.576,0,0.817,0,1,0,-0.817,0,-0.576],"_humanoidState":5,"_cameraCFrame":[759.759,257.054,45.862,-0.448,-0.871,0.203,0,0.227,0.974,-0.894,0.436,-0.102],"_shiftlockState":true,"_pose":"FreeFall","_animationQueue":[],"_animationSpeed":1,"_zoom":16.125},{"_mousePosition":[683,384],"_rootPartCFrame":[757.668,242.416,49.141,-0.566,0,0.824,0,1,0,-0.824,0,-0.566],"_humanoidState":5,"_cameraCFrame":[759.81,257.435,46.238,-0.416,-0.886,0.207,0,0.227,0.974,-0.909,0.405,-0.094],"_shiftlockState":true,"_pose":"FreeFall","_animationQueue":[],"_animationSpeed":1,"_zoom":16.125},{"_mousePosition":[683,384],"_rootPartCFrame":[757.606,242.496,49.331,-0.489,0,0.872,0,1,0,-0.872,0,-0.489],"_humanoidState":5,"_cameraCFrame":[759.918,257.902,46.459,-0.388,-0.898,0.209,0,0.227,0.974,-0.922,0.378,-0.088],"_shiftlockState":true,"_pose":"FreeFall","_animationQueue":[],"_animationSpeed":1,"_zoom":16.125},{"_mousePosition":[683,384],"_rootPartCFrame":[757.515,242.555,49.581,-0.486,0,0.874,0,1,0,-0.874,0,-0.486],"_humanoidState":5,"_cameraCFrame":[759.959,258.4,46.736,-0.367,-0.906,0.21,0,0.225,0.974,-0.93,0.357,-0.083],"_shiftlockState":true,"_pose":"FreeFall","_animationQueue":[["fall",0.3]],"_animationSpeed":1,"_zoom":16.125},{"_mousePosition":[683,384],"_rootPartCFrame":[757.415,242.559,49.829,-0.465,0,0.885,0,1,0,-0.885,0,-0.465],"_humanoidState":5,"_cameraCFrame":[759.952,258.728,47.012,-0.35,-0.913,0.209,0,0.223,0.975,-0.937,0.341,-0.078],"_shiftlockState":true,"_pose":"FreeFall","_animationQueue":[],"_animationSpeed":1,"_zoom":16.125},{"_mousePosition":[683,384],"_rootPartCFrame":[757.31,242.51,50.074,-0.449,0,0.894,0,1,0,-0.894,0,-0.449],"_humanoidState":5,"_cameraCFrame":[759.924,258.976,47.283,-0.336,-0.918,0.209,0,0.222,0.975,-0.942,0.328,-0.074],"_shiftlockState":true,"_pose":"FreeFall","_animationQueue":[],"_animationSpeed":1,"_zoom":16.125},{"_mousePosition":[683,384],"_rootPartCFrame":[757.2,242.405,50.317,-0.435,0,0.901,0,1,0,-0.901,0,-0.435],"_humanoidState":5,"_cameraCFrame":[759.869,259.1,47.553,-0.324,-0.923,0.208,0,0.22,0.976,-0.946,0.316,-0.071],"_shiftlockState":true,"_pose":"FreeFall","_animationQueue":[],"_animationSpeed":1,"_zoom":16.125},{"_mousePosition":[683,384],"_rootPartCFrame":[757.086,242.246,50.558,-0.423,0,0.906,0,1,0,-0.906,0,-0.423],"_humanoidState":5,"_cameraCFrame":[759.802,259.096,47.796,-0.319,-0.925,0.208,0,0.22,0.976,-0.948,0.311,-0.07],"_shiftlockState":true,"_pose":"FreeFall","_animationQueue":[],"_animationSpeed":1,"_zoom":16.125},{"_mousePosition":[683,384],"_rootPartCFrame":[756.955,242.033,50.78,-0.351,0,0.936,0,1,0,-0.936,0,-0.351],"_humanoidState":5,"_cameraCFrame":[759.697,259.001,48.01,-0.319,-0.925,0.208,0,0.22,0.976,-0.948,0.311,-0.07],"_shiftlockState":true,"_pose":"FreeFall","_animationQueue":[],"_animationSpeed":1,"_zoom":16.125},{"_mousePosition":[683,384],"_rootPartCFrame":[756.84,241.837,50.928,-0.323,0,0.947,0,1,0,-0.947,0,-0.323],"_humanoidState":5,"_cameraCFrame":[759.6,258.893,48.151,-0.319,-0.925,0.208,0,0.22,0.976,-0.948,0.311,-0.07],"_shiftlockState":true,"_pose":"FreeFall","_animationQueue":[],"_animationSpeed":1,"_zoom":16.125},{"_mousePosition":[683,384],"_rootPartCFrame":[756.615,241.442,51.136,-0.32,0,0.947,0,1,0,-0.947,0,-0.32],"_humanoidState":5,"_cameraCFrame":[759.364,258.557,48.373,-0.317,-0.926,0.207,0,0.218,0.976,-0.948,0.309,-0.069],"_shiftlockState":true,"_pose":"FreeFall","_animationQueue":[["fall",0.3]],"_animationSpeed":1,"_zoom":16.125},{"_mousePosition":[683,384],"_rootPartCFrame":[756.46,241.165,51.239,-0.317,0,0.948,0,1,0,-0.948,0,-0.317],"_humanoidState":5,"_cameraCFrame":[759.16,258.333,48.492,-0.317,-0.927,0.203,0,0.214,0.977,-0.948,0.31,-0.068],"_shiftlockState":true,"_pose":"FreeFall","_animationQueue":[],"_animationSpeed":1,"_zoom":16.125},{"_mousePosition":[683,384],"_rootPartCFrame":[756.169,240.634,51.373,-0.317,0,0.948,0,1,0,-0.948,0,-0.317],"_humanoidState":5,"_cameraCFrame":[758.724,257.856,48.63,-0.329,-0.924,0.195,0,0.206,0.978,-0.944,0.322,-0.068],"_shiftlockState":true,"_pose":"FreeFall","_animationQueue":[],"_animationSpeed":1,"_zoom":16.125},{"_mousePosition":[683,384],"_rootPartCFrame":[755.917,240.148,51.459,-0.328,0,0.945,0,1,0,-0.945,0,-0.328],"_humanoidState":5,"_cameraCFrame":[758.247,257.426,48.728,-0.348,-0.92,0.183,0,0.195,0.981,-0.938,0.341,-0.068],"_shiftlockState":true,"_pose":"FreeFall","_animationQueue":[],"_animationSpeed":1,"_zoom":16.125},{"_mousePosition":[683,384],"_rootPartCFrame":[755.801,240.136,51.498,-0.348,0,0.938,0,1,0,-0.938,0,-0.348],"_humanoidState":7,"_cameraCFrame":[757.968,257.457,48.803,-0.355,-0.919,0.173,0,0.185,0.983,-0.935,0.349,-0.066],"_shiftlockState":true,"_pose":"FreeFall","_animationQueue":[["walk",0.1],["fall",0.3],["fall",0.3]],"_animationSpeed":1,"_zoom":16.125},{"_mousePosition":[683,384],"_rootPartCFrame":[755.724,240.247,51.526,-0.355,0,0.935,0,1,0,-0.935,0,-0.355],"_humanoidState":7,"_cameraCFrame":[757.882,257.588,48.89,-0.338,-0.925,0.171,0,0.181,0.983,-0.941,0.333,-0.061],"_shiftlockState":true,"_pose":"FreeFall","_animationQueue":[],"_animationSpeed":1,"_zoom":16.125},{"_mousePosition":[683,384],"_rootPartCFrame":[755.717,240.45,51.529,-0.338,0,0.941,0,1,0,-0.941,0,-0.338],"_humanoidState":8,"_cameraCFrame":[758.173,257.785,49.091,-0.249,-0.952,0.179,0,0.185,0.983,-0.969,0.245,-0.046],"_shiftlockState":true,"_pose":"Running","_animationQueue":[["fall",0.3],["walk",0.1],["fall",0.3],["walk",0.1]],"_animationSpeed":0.247,"_zoom":16.125},{"_mousePosition":[683,384],"_rootPartCFrame":[755.765,240.572,51.511,-0.249,0,0.969,0,1,0,-0.969,0,-0.249],"_humanoidState":8,"_cameraCFrame":[758.788,257.869,49.466,-0.095,-0.976,0.198,0,0.199,0.98,-0.996,0.093,-0.019],"_shiftlockState":true,"_pose":"Standing","_animationQueue":[["idle",0.1]],"_animationSpeed":1,"_zoom":16.125},{"_mousePosition":[683,384],"_rootPartCFrame":[755.821,240.638,51.491,-0.095,0,0.996,0,1,0,-0.996,0,-0.095],"_humanoidState":3,"_cameraCFrame":[759.468,257.864,49.974,0.065,-0.974,0.219,0,0.22,0.976,-0.998,-0.063,0.014],"_shiftlockState":true,"_pose":"Jumping","_animationQueue":[["walk",0.1],["jump",0.1]],"_animationSpeed":1,"_zoom":16.125},{"_mousePosition":[683,384],"_rootPartCFrame":[755.878,240.651,51.476,0.127,0,0.992,0,1,0,-0.992,0,0.127],"_humanoidState":5,"_cameraCFrame":[759.854,257.829,50.31,0.15,-0.961,0.23,0,0.233,0.972,-0.989,-0.146,0.035],"_shiftlockState":true,"_pose":"FreeFall","_animationQueue":[["jump",0.1]],"_animationSpeed":1,"_zoom":16.125},{"_mousePosition":[683,384],"_rootPartCFrame":[755.988,240.62,51.46,0.272,0,0.962,0,1,0,-0.962,0,0.272],"_humanoidState":5,"_cameraCFrame":[760.057,257.777,50.318,0.153,-0.96,0.236,0,0.239,0.971,-0.988,-0.148,0.036],"_shiftlockState":true,"_pose":"FreeFall","_animationQueue":[],"_animationSpeed":1,"_zoom":16.125},{"_mousePosition":[683,384],"_rootPartCFrame":[756.095,240.466,51.472,0.187,0,0.982,0,1,0,-0.982,0,0.187],"_humanoidState":7,"_cameraCFrame":[759.906,257.639,49.775,0.014,-0.972,0.235,0,0.235,0.972,-1,-0.014,0.003],"_shiftlockState":true,"_pose":"FreeFall","_animationQueue":[["walk",0.1]],"_animationSpeed":0.518,"