[{"_mousePosition":[716,452],"_rootPartCFrame":[776.032,222.7,47.142,0,0,1,0,1,0,-1,0,0],"_humanoidState":8,"_cameraCFrame":[781.307,235.044,36.438,-0.897,-0.297,0.327,0,0.74,0.673,-0.442,0.603,-0.664],"_shiftlockState":false,"_pose":"Standing","_animationQueue":[],"_animationSpeed":1,"_zoom":16.125},{"_mousePosition":[716,452],"_rootPartCFrame":[775.878,222.7,47.066,0.045,0,0.999,0,1,0,-0.999,0,0.045],"_humanoidState":8,"_cameraCFrame":[781.18,235.044,36.375,-0.896,-0.299,0.329,0,0.74,0.673,-0.444,0.602,-0.663],"_shiftlockState":false,"_pose":"Standing","_animationQueue":[],"_animationSpeed":1,"_zoom":16.125},{"_mousePosition":[716,452],"_rootPartCFrame":[775.64,222.7,46.949,0.1,0,0.995,0,1,0,-0.995,0,0.1],"_humanoidState":8,"_cameraCFrame":[780.96,235.067,36.29,-0.895,-0.301,0.33,0,0.739,0.674,-0.447,0.603,-0.661],"_shiftlockState":false,"_pose":"Running","_animationQueue":[["walk",0.1]],"_animationSpeed":1.003,"_zoom":16.125},{"_mousePosition":[716,452],"_rootPartCFrame":[775.401,222.7,46.831,0.149,0,0.989,0,1,0,-0.989,0,0.149],"_humanoidState":8,"_cameraCFrame":[780.802,235.067,36.213,-0.891,-0.306,0.335,0,0.739,0.674,-0.453,0.601,-0.659],"_shiftlockState":false,"_pose":"Running","_animationQueue":[["walk",0.1]],"_animationSpeed":1.101,"_zoom":16.125},{"_mousePosition":[716,452],"_rootPartCFrame":[775.163,222.7,46.712,0.19,0,0.982,0,1,0,-0.982,0,0.19],"_humanoidState":8,"_cameraCFrame":[780.697,235.067,36.163,-0.886,-0.313,0.343,0,0.739,0.674,-0.465,0.597,-0.654],"_shiftlockState":false,"_pose":"Running","_animationQueue":[],"_animationSpeed":1.101,"_zoom":16.125},{"_mousePosition":[716,452],"_rootPartCFrame":[774.925,222.7,46.591,0.227,0,0.974,0,1,0,-0.974,0,0.227],"_humanoidState":8,"_cameraCFrame":[780.619,235.067,36.127,-0.878,-0.322,0.353,0,0.739,0.674,-0.478,0.592,-0.649],"_shiftlockState":false,"_pose":"Running","_animationQueue":[],"_animationSpeed":1.101,"_zoom":16.125},{"_mousePosition":[716,452],"_rootPartCFrame":[774.689,222.7,46.468,0.26,0,0.966,0,1,0,-0.966,0,0.26],"_humanoidState":8,"_cameraCFrame":[780.515,235.067,36.077,-0.872,-0.33,0.361,0,0.739,0.674,-0.489,0.588,-0.644],"_shiftlockState":false,"_pose":"Running","_animationQueue":[],"_animationSpeed":1.101,"_zoom":16.125},{"_mousePosition":[716,452],"_rootPartCFrame":[774.454,222.7,46.34,0.291,0,0.957,0,1,0,-0.957,0,0.291],"_humanoidState":8,"_cameraCFrame":[780.396,235.044,35.991,-0.867,-0.335,0.368,0,0.74,0.673,-0.498,0.583,-0.642],"_shiftlockState":false,"_pose":"Running","_animationQueue":[],"_animationSpeed":1.101,"_zoom":16.125},{"_mousePosition":[716,452],"_rootPartCFrame":[774.222,222.7,46.21,0.318,0,0.948,0,1,0,-0.948,0,0.318],"_humanoidState":8,"_cameraCFrame":[780.242,235.044,35.906,-0.863,-0.339,0.373,0,0.74,0.673,-0.504,0.581,-0.639],"_shiftlockState":false,"_pose":"Running","_animationQueue":[["walk",0.1]],"_animationSpeed":1.101,"_zoom":16.125},{"_mousePosition":[716,452],"_rootPartCFrame":[773.99,222.7,46.078,0.343,0,0.939,0,1,0,-0.939,0,0.343],"_humanoidState":8,"_cameraCFrame":[780.01,235.044,35.773,-0.863,-0.339,0.373,0,0.74,0.673,-0.504,0.581,-0.639],"_shiftlockState":false,"_pose":"Running","_animationQueue":[],"_animationSpeed":1.101,"_zoom":16.125},{"_mousePosition":[716,452],"_rootPartCFrame":[773.76,222.7,45.943,0.366,0,0.931,0,1,0,-0.931,0,0.366],"_humanoidState":8,"_cameraCFrame":[779.78,235.044,35.639,-0.863,-0.339,0.373,0,0.74,0.673,-0.504,0.581,-0.639],"_shiftlockState":false,"_pose":"Running","_animationQueue":[],"_animationSpeed":1.101,"_zoom":16.125},{"_mousePosition":[716,452],"_rootPartCFrame":[773.53,222.7,45.809,0.385,0,0.923,0,1,0,-0.923,0,0.385],"_humanoidState":8,"_cameraCFrame":[778.039,235.044,34.622,-0.863,-0.339,0.373,0,0.74,0.673,-0.504,0.581,-0.639],"_shiftlockState":true,"_pose":"Running","_animationQueue":[],"_animationSpeed":1.101,"_zoom":16.125},{"_mousePosition":[683,384],"_rootPartCFrame":[773.3,222.7,45.674,-0.903,0,0.43,0,1,0,-0.43,0,-0.903],"_humanoidState":8,"_cameraCFrame":[777.808,235.044,34.487,-0.863,-0.339,0.373,0,0.74,0.673,-0.504,0.581,-0.639],"_shiftlockState":true,"_pose":"Running","_animationQueue":[],"_animationSpeed":1.101,"_zoom":16.125},{"_mousePosition":[683,384],"_rootPartCFrame":[773.069,222.7,45.54,-0.868,0,0.497,0,1,0,-0.497,0,-0.868],"_humanoidState":8,"_cameraCFrame":[777.493,235.044,34.319,-0.867,-0.335,0.368,0,0.74,0.673,-0.498,0.583,-0.642],"_shiftlockState":true,"_pose":"Running","_animationQueue":[],"_animationSpeed":1.101,"_zoom":16.125},{"_mousePosition":[683,384],"_rootPartCFrame":[772.839,222.7,45.405,-0.867,0,0.498,0,1,0,-0.498,0,-0.867],"_humanoidState":8,"_cameraCFrame":[776.988,235.02,34.057,-0.88,-0.319,0.353,0,0.741,0.671,-0.476,0.59,-0.652],"_shiftlockState":true,"_pose":"Running","_animationQueue":[["walk",0.1]],"_animationSpeed":1.101,"_zoom":16.125},{"_mousePosition":[683,384],"_rootPartCFrame":[772.608,222.7,45.272,-0.88,0,0.476,0,1,0,-0.476,0,-0.88],"_humanoidState":8,"_cameraCFrame":[776.274,234.997,33.737,-0.899,-0.293,0.325,0,0.743,0.67,-0.437,0.602,-0.668],"_shiftlockState":true,"_pose":"Running","_animationQueue":[],"_animationSpeed":1.101,"_zoom":16.125},{"_mousePosition":[683,384],"_rootPartCFrame":[772.374,222.7,45.145,-0.899,0,0.437,0,1,0,-0.437,0,-0.899],"_humanoidState":8,"_cameraCFrame":[775.408,234.95,33.385,-0.922,-0.258,0.288,0,0.745,0.667,-0.387,0.615,-0.687],"_shiftlockState":true,"_pose":"Running","_animationQueue":[],"_animationSpeed":1.101,"_zoom":16.125},{"_mousePosition":[683,384],"_rootPartCFrame":[772.134,222.7,45.028,-0.922,0,0.387,0,1,0,-0.387,0,-0.922],"_humanoidState":8,"_cameraCFrame":[774.403,234.903,33.054,-0.946,-0.216,0.243,0,0.748,0.664,-0.325,0.628,-0.707],"_shiftlockState":true,"_pose":"Running","_animationQueue":[],"_animationSpeed":1.101,"_zoom":16.125},{"_mousePosition":[683,384],"_rootPartCFrame":[771.889,222.7,44.923,-0.946,0,0.325,0,1,0,-0.325,0,-0.946],"_humanoidState":8,"_cameraCFrame":[772.857,234.833,32.714,-0.975,-0.146,0.166,0,0.752,0.659,-0.221,0.643,-0.733],"_shiftlockState":true,"_pose":"Running","_animationQueue":[],"_animationSpeed":1.101,"_zoom":16.125},{"_mousePosition":[683,384],"_rootPartCFrame":[771.637,222.7,44.835,-0.977,0,0.214,0,1,0,-0.214,0,-0.977],"_humanoidState":8,"_cameraCFrame":[771.739,234.833,32.588,-0.989,-0.1,0.114,0,0.752,0.659,-0.151,0.652,-0.743],"_shiftlockState":true,"_pose":"Running","_animationQueue":[],"_animationSpeed":1.101,"_zoom":16.125},{"_mousePosition":[683,384],"_rootPartCFrame":[771.378,222.7,44.774,-0.989,0,0.15,0,1,0,-0.15,0,-0.989],"_humanoidState":8,"_cameraCFrame":[770.675,234.809,32.526,-0.996,-0.056,0.065,0,0.753,0.658,-0.086,0.656,-0.75],"_shiftlockState":true,"_pose":"Running","_animationQueue":[],"_animationSpeed":1.101,"_zoom":16.125},{"_mousePosition":[683,384],"_rootPartCFrame":[771.115,222.7,44.732,-0.996,0,0.086,0,1,0,-0.086,0,-0.996],"_humanoidState":8,"_cameraCFrame":[769.701,234.785,32.525,-1,-0.018,0.021,0,0.754,0.656,-0.028,0.656,-0.754],"_shiftlockState":true,"_pose":"Running","_animationQueue":[["walk",0.1]],"_animationSpeed":1.101,"_zoom":16.125},{"_mousePosition":[683,384],"_rootPartCFrame":[770.849,222.7,44.708,-1,0,0.028,0,1,0,-0.028,0,-1],"_humanoidState":8,"_cameraCFrame":[768.881,234.762,32.557,-1,0.012,-0.014,0,0.756,0.655,0.018,0.655,-0.755],"_shiftlockState":true,"_pose":"Running","_animationQueue":[],"_animationSpeed":1.101,"_zoom":16.125},{"_mousePosition":[683,384],"_rootPartCFrame":[770.583,222.7,44.699,-1,0,-0.018,0,1,0,0.018,0,-1],"_humanoidState":8,"_cameraCFrame":[768.246,234.762,32.614,-0.999,0.032,-0.036,0,0.756,0.655,0.048,0.654,-0.755],"_shiftlockState":true,"_pose":"Running","_animationQueue":[],"_animationSpeed":1.101,"_zoom":16.125},{"_mousePosition":[683,384],"_rootPartCFrame":[770.316,223.573,44.692,-0.999,0,-0.048,0,1,0,0.048,0,-0.999],"_humanoidState":3,"_cameraCFrame":[767.766,235.635,32.649,-0.998,0.043,-0.05,0,0.756,0.655,0.066,0.654,-0.754],"_shiftlockState":true,"_pose":"Jumping","_animationQueue":[["walk",0.1],["jump",0.1]],"_animationSpeed":1,"_zoom":16.125},{"_mousePosition":[683,384],"_rootPartCFrame":[770.05,224.395,44.7,-1,0,0.026,0,1,0,-0.026,0,-1],"_humanoidState":5,"_cameraCFrame":[767.408,236.457,32.678,-0.997,0.048,-0.056,0,0.756,0.655,0.074,0.653,-0.754],"_shiftlockState":true,"_pose":"FreeFall","_animationQueue":[["jump",0.1]],"_animationSpeed":1,"_zoom":16.125},{"_mousePosition":[683,384],"_rootPartCFrame":[769.783,225.162,44.717,-0.998,0,0.055,0,1,0,-0.055,0,-0.998],"_humanoidState":5,"_cameraCFrame":[767.082,237.224,32.708,-0.997,0.051,-0.059,0,0.756,0.655,0.079,0.653,-0.753],"_shiftlockState":true,"_pose":"FreeFall","_animationQueue":[],"_animationSpeed":1,"_zoom":16.125},{"_mousePosition":[683,384],"_rootPartCFrame":[769.518,225.875,44.736,-0.999,0,0.054,0,1,0,-0.054,0,-0.999],"_humanoidState":5,"_cameraCFrame":[766.785,237.937,32.734,-0.997,0.053,-0.061,0,0.756,0.655,0.081,0.653,-0.753],"_shiftlockState":true,"_pose":"FreeFall","_animationQueue":[],"_animationSpeed":1,"_zoom":16.125},{"_mousePosition":[683,384],"_rootPartCFrame":[769.252,226.534,44.757,-0.999,0,0.052,0,1,0,-0.052,0,-0.999],"_humanoidState":5,"_cameraCFrame":[766.519,238.596,32.755,-0.997,0.053,-0.061,0,0.756,0.655,0.081,0.653,-0.753],"_shiftlockState":true,"_pose":"FreeFall","_animationQueue":[],"_animationSpeed":1,"_zoom":16.125},{"_mousePosition":[683,384],"_rootPartCFrame":[768.986,227.138,44.779,-0.999,0,0.052,0,1,0,-0.052,0,-0.999],"_humanoidState":5,"_cameraCFrame":[766.253,239.2,32.776,-0.997,0.053,-0.061,0,0.756,0.655,0.081,0.653,-0.753],"_shiftlockState":true,"_pose":"FreeFall","_animationQueue":[],"_animationSpeed":1,"_zoom":16.125},{"_mousePosition":[683,384],"_rootPartCFrame":[768.72,227.687,44.8,-0.999,0,0.052,0,1,0,-0.052,0,-0.999],"_humanoidState":5,"_cameraCFrame":[765.988,239.749,32.798,-0.997,0.053,-0.061,0,0.756,0.655,0.081,0.653,-0.753],"_shiftlockState":true,"_pose":"FreeFall","_animationQueue":[],"_animationSpeed":1,"_zoom":16.125},{"_mousePosition":[683,384],"_rootPartCFrame":[768.454,228.182,44.822,-0.999,0,0.052,0,1,0,-0.052,0,-0.999],"_humanoidState":5,"_cameraCFrame":[765.723,240.268,32.84,-0.997,0.053,-0.061,0,0.754,0.656,0.081,0.654,-0.752],"_shiftlockState":true,"_pose":"FreeFall","_animationQueue":[],"_animationSpeed":1,"_zoom":16.125},{"_mousePosition":[683,384],"_rootPartCFrame":[768.188,228.623,44.844,-0.999,0,0.052,0,1,0,-0.052,0,-0.999],"_humanoidState":5,"_cameraCFrame":[765.521,240.756,32.889,-0.997,0.05,-0.057,0,0.752,0.659,0.076,0.658,-0.75],"_shiftlockState":true,"_pose":"FreeFall","_animationQueue":[],"_animationSpeed":1,"_zoom":16.125},{"_mousePosition":[683,384],"_rootPartCFrame":[767.922,229.009,44.865,-0.998,0,0.057,0,1,0,-0.057,0,-0.998],"_humanoidState":5,"_cameraCFrame":[765.44,241.189,32.913,-0.998,0.04,-0.046,0,0.749,0.662,0.061,0.661,-0.748],"_shiftlockState":true,"_pose":"FreeFall","_animationQueue":[],"_animationSpeed":1,"_zoom":16.125},{"_mousePosition":[683,384],"_rootPartCFrame":[767.656,229.34,44.886,-0.997,0,0.072,0,1,0,-0.072,0,-0.997],"_humanoidState":5,"_cameraCFrame":[765.479,241.568,32.917,-0.999,0.024,-0.027,0,0.747,0.665,0.036,0.665,-0.746],"_shiftlockState":true,"_pose":"FreeFall","_animationQueue":[],"_animationSpeed":1,"_zoom":16.125},{"_mousePosition":[683,384],"_rootPartCFrame":[767.39,229.617,44.903,-0.995,0,0.097,0,1,0,-0.097,0,-0.995],"_humanoidState":5,"_cameraCFrame":[765.547,241.892,32.919,-1,0.005,-0.006,0,0.744,0.668,0.008,0.668,-0.744],"_shiftlockState":true,"_pose":"FreeFall","_animationQueue":[],"_animationSpeed":1,"_zoom":16.125},{"_mousePosition":[683,384],"_rootPartCFrame":[767.124,229.84,44.913,-0.992,0,0.125,0,1,0,-0.125,0,-0.992],"_humanoidState":5,"_cameraCFrame":[765.613,242.184,32.946,-1,-0.013,0.015,0,0.74,0.673,-0.02,0.672,-0.74],"_shiftlockState":true,"_pose":"FreeFall","_animationQueue":[],"_animationSpeed":1,"_zoom":16.125},{"_mousePosition":[683,384],"_rootPartCFrame":[766.857,230.008,44.916,-0.988,0,0.153,0,1,0,-0.153,0,-0.988],"_humanoidState":5,"_cameraCFrame":[765.557,242.399,32.967,-0.999,-0.025,0.028,0,0.737,0.675,-0.038,0.675,-0.737],"_shiftlockState":true,"_pose":"FreeFall","_animationQueue":[],"_animationSpeed":1,"_zoom":16.125},{"_mousePosition":[683,384],"_rootPartCFrame":[766.619,230.122,44.873,-0.985,0,0.171,0,1,0,-0.171,0,-0.985],"_humanoidState":5,"_cameraCFrame":[765.439,242.558,32.954,-0.999,-0.032,0.035,0,0.735,0.678,-0.048,0.677,-0.734],"_shiftlockState":true,"_pose":"FreeFall","_animationQueue":[],"_animationSpeed":1,"_zoom":16.125},{"_mousePosition":[683,384],"_rootPartCFrame":[766.356,230.181,44.858,-0.984,0,0.18,0,1,0,-0.18,0,-0.984],"_humanoidState":5,"_cameraCFrame":[765.233,242.663,32.975,-0.999,-0.036,0.039,0,0.732,0.681,-0.053,0.68,-0.731],"_shiftlockState":true,"_pose":"FreeFall","_animationQueue":[],"_animationSpeed":1,"_zoom":16.125},{"_mousePosition":[683,384],"_rootPartCFrame":[766.117,230.185,44.811,-0.983,0,0.186,0,1,0,-0.186,0,-0.983],"_humanoidState":5,"_cameraCFrame":[764.993,242.691,32.95,-0.999,-0.036,0.039,0,0.731,0.683,-0.053,0.682,-0.73],"_shiftlockState":true,"_pose":"FreeFall","_animationQueue":[],"_animationSpeed":1,"_zoom":16.125},{"_mousePosition":[683,384],"_rootPartCFrame":[765.854,230.135,44.792,-0.983,0,0.185,0,1,0,-0.185,0,-0.983],"_humanoidState":5,"_cameraCFrame":[764.697,242.687,32.977,-0.999,-0.035,0.037,0,0.728,0.685,-0.05,0.685,-0.727],"_shiftlockState":true,"_pose":"FreeFall","_animationQueue":[["fall",0.3]],"_animationSpeed":1,"_zoom":16.125},{"_mousePosition":[683,384],"_rootPartCFrame":[765.616,230.031,44.74,-0.983,0,0.183,0,1,0,-0.183,0,-0.983],"_humanoidState":5,"_cameraCFrame":[764.368,242.628,32.977,-0.999,-0.029,0.031,0,0.726,0.688,-0.043,0.688,-0.725],"_shiftlockState":true,"_pose":"FreeFall","_animationQueue":[],"_animationSpeed":1,"_zoom":16.125},{"_mousePosition":[683,384],"_rootPartCFrame":[765.384,229.872,44.687,-0.984,0,0.175,0,1,0,-0.175,0,-0.984],"_humanoidState":5,"_cameraCFrame":[764.014,242.56,33.024,-0.999,-0.023,0.024,0,0.72,0.694,-0.033,0.693,-0.72],"_shiftlockState":true,"_pose":"FreeFall","_animationQueue":[],"_animationSpeed":1,"_zoom":16.125},{"_mousePosition":[683,384],"_rootPartCFrame":[765.124,229.658,44.665,-0.986,0,0.165,0,1,0,-0.165,0,-0.986],"_humanoidState":5,"_cameraCFrame":[763.695,242.392,33.052,-1,-0.019,0.02,0,0.717,0.697,-0.028,0.696,-0.717],"_shiftlockState":true,"_pose":"FreeFall","_animationQueue":[],"_animationSpeed":1,"_zoom":16.125},{"_mousePosition":[683,384],"_rootPartCFrame":[764.893,229.39,44.615,-0.987,0,0.161,0,1,0,-0.161,0,-0.987],"_humanoidState":5,"_cameraCFrame":[763.374,242.169,33.058,-1,-0.014,0.014,0,0.715,0.699,-0.02,0.699,-0.715],"_shiftlockState":true,"_pose":"FreeFall","_animationQueue":[],"_animationSpeed":1,"_zoom":16.125},{"_mousePosition":[683,384],"_rootPartCFrame":[764.633,229.068,44.596,-0.988,0,0.153,0,1,0,-0.153,0,-0.988],"_humanoidState":5,"_cameraCFrame":[763.026,241.891,33.095,-1,-0.009,0.009,0,0.712,0.702,-0.012,0.702,-0.712],"_shiftlockState":true,"_pose":"FreeFall","_animationQueue":[],"_animationSpeed":1,"_zoom":16.125},{"_mousePosition":[683,384],"_rootPartCFrame":[764.405,228.691,44.54,-0.989,0,0.146,0,1,0,-0.146,0,-0.989],"_humanoidState":5,"_cameraCFrame":[762.711,241.559,33.096,-1,-0.003,0.003,0,0.709,0.705,-0.005,0.705,-0.709],"_shiftlockState":true,"_pose":"FreeFall","_animationQueue":[],"_animationSpeed":1,"_zoom":16.125},{"_mousePosition":[683,384],"_rootPartCFrame":[764.182,228.259,44.483,-0.99,0,0.138,0,1,0,-0.138,0,-0.99],"_humanoidState":5,"_cameraCFrame":[762.401,241.149,33.074,-1,0.002,-0.002,0,0.708,0.706,0.003,0.706,-0.708],"_shiftlockState":true,"_pose":"FreeFall","_animationQueue":[["fall",0.3]],"_animationSpeed":1,"_zoom":16.125},{"_mousePosition":[683,384],"_rootPartCFrame":[763.932,227.773,44.457,-0.991,0,0.13,0,1,0,-0.13,0,-0.991],"_humanoidState":5,"_cameraCFrame":[762.035,240.686,33.089,-1,0.009,-0.009,0,0.706,0.708,0.013,0.708,-0.706],"_shiftlockState":true,"_pose":"FreeFall","_animationQueue":[],"_animationSpeed":1,"_zoom":16.125},{"_mousePosition":[683,384],"_rootPartCFrame":[763.693,227.233,44.416,-0.993,0,0.12,0,1,0,-0.12,0,-0.993],"_humanoidState":5,"_cameraCFrame":[761.682,240.167,33.089,-1,0.016,-0.016,0,0.705,0.709,0.023,0.709,-0.705],"_shiftlockState":true,"_pose":"FreeFall","_animationQueue":[],"_animationSpeed":1,"_zoom":16.125},{"_mousePosition":[683,384],"_rootPartCFrame":[763.458,226.638,44.365,-0.994,0,0.11,0,1,0,-0.11,0,-0.994],"_humanoidState":5,"_cameraCFrame":[761.305,239.617,33.11,-0.999,0.025,-0.025,0,0.702,0.712,0.036,0.711,-0.702],"_shiftlockState":true,"_pose":"FreeFall","_animationQueue":[],"_animationSpeed":1,"_zoom":16.125},{"_mousePosition":[683,384],"_rootPartCFrame":[763.2,225.988,44.347,-0.995,0,0.097,0,1,0,-0.097,0,-0.995],"_humanoidState":5,"_cameraCFrame":[760.879,239.011,33.171,-0.999,0.036,-0.036,0,0.7,0.715,0.051,0.714,-0.699],"_shiftlockState":true,"_pose":"FreeFall","_animationQueue":[],"_animationSpeed":1,"_zoom":16.125},{"_mousePosition":[683,384],"_rootPartCFrame":[762.961,225.284,44.296,-0.997,0,0.083,0,1,0,-0.083,0,-0.997],"_humanoidState":5,"_cameraCFrame":[760.585,238.329,33.154,-0.998,0.04,-0.039,0,0.698,0.716,0.056,0.715,-0.697],"_shiftlockState":true,"_pose":"FreeFall","_animationQueue":[],"_animationSpeed":1,"_zoom":16.125},{"_mousePosition":[683,384],"_rootPartCFrame":[762.726,224.526,44.24,-0.997,0,0.078,0,1,0,-0.078,0,-0.997],"_humanoidState":5,"_cameraCFrame":[760.467,237.658,33.165,-0.999,0.033,-0.032,0,0.693,0.721,0.046,0.721,-0.692],"_shiftlockState":true,"_pose":"FreeFall","_animationQueue":[],"_animationSpeed":1,"_zoom":16.125},{"_mousePosition":[683,384],"_rootPartCFrame":[762.484,223.713,44.223,-0.998,0,0.067,0,1,0,-0.067,0,-0.998],"_humanoidState":5,"_cameraCFrame":[761.469,236.867,32.988,-0.998,-0.047,0.045,0,0.691,0.723,-0.066,0.721,-0.69],"_shiftlockState":true,"_pose":"FreeFall","_animationQueue":[["fall",0.3]],"_animationSpeed":1,"_zoom":16.125},{"_mousePosition":[683,384],"_rootPartCFrame":[762.254,222.845,44.244,-0.987,0,0.16,0,1,0,-0.16,0,-0.987],"_humanoidState":5,"_cameraCFrame":[764.395,235.912,33.077,-0.941,-0.242,0.235,0,0.697,0.717,-0.337,0.675,-0.656],"_shiftlockState":true,"_pose":"FreeFall","_animationQueue":[],"_animationSpeed":1,"_zoom":16.125},{"_mousePosition":[683,384],"_rootPartCFrame":[762.065,221.956,44.103,-0.94,-0.005,0.342,-0.007,1,-0.005,-0.342,-0.007,-0.94],"_humanoidState":5,"_cameraCFrame":[768.724,234.868,34.691,-0.719,-0.492,0.491,0,0.706,0.708,-0.696,0.509,-0.508],"_shiftlockState":true,"_pose":"FreeFall","_animationQueue":[],"_animationSpeed":1,"_zoom":16.125},{"_mousePosition":[683,384],"_rootPartCFrame":[761.897,222.13,43.833,-0.738,0.003,0.675,-0.005,1,-0.01,-0.675,-0.011,-0.738],"_humanoidState":7,"_cameraCFrame":[772.062,234.795,37.886,-0.37,-0.643,0.67,0,0.721,0.692,-0.929,0.256,-0.267],"_shiftlockState":true,"_pose":"FreeFall","_animationQueue":[["walk",0.1],["fall",0.3],["fall",0.3]],"_animationSpeed":1,"_zoom":16.125},{"_mousePosition":[683,384],"_rootPartCFrame":[761.713,222.499,43.672,-0.37,0.007,0.929,-0.001,1,-0.008,-0.929,-0.004,-0.37],"_humanoidState":7,"_cameraCFrame":[773.386,234.866,40.669,-0.106,-0.67,0.735,0,0.739,0.674,-0.994,0.071,-0.078],"_shiftlockState":true,"_pose":"FreeFall","_animationQueue":[],"_animationSpeed":1,"_zoom":16.125},{"_mousePosition":[683,384],"_rootPartCFrame":[761.533,222.811,43.652,-0.101,0.001,0.995,0.001,1,-0.001,-0.995,0.001,-0.101],"_humanoidState":8,"_cameraCFrame":[773.517,235.038,41.545,-0.03,-0.665,0.746,0,0.747,0.665,-1,0.02,-0.022],"_shiftlockState":true,"_pose":"Running","_animationQueue":[["walk",0.1],["fall",0.3],["walk",0.1]],"_animationSpeed":0.853,"_zoom":16.125},{"_mousePosition":[683,384],"_rootPartCFrame":[761.368,223.694,43.633,-0.028,-0.004,1,0.001,1,0.004,-1,0.001,-0.028],"_humanoidState":3,"_cameraCFrame":[773.077,235.875,40.203,-0.141,-0.656,0.742,0,0.749,0.662,-0.99,0.093,-0.105],"_shiftlockState":true,"_pose":"Jumping","_animationQueue":[["walk",0.1],["jump",0.1]],"_animationSpeed":1,"_zoom":16.125},{"_mousePosition":[683,384],"_rootPartCFrame":[761.2,224.544,43.589,-0.058,-0.003,0.998,0.001,1,0.003,-0.998,0.001,-0.058],"_humanoidState":5,"_cameraCFrame":[771.709,236.724,37.388,-0.379,-0.613,0.693,0,0.749,0.662,-0.925,0.251,-0.284],"_shiftlockState":true,"_pose":"FreeFall","_animationQueue":[["jump",0.1]],"_animationSpeed":1,"_zoom":16.125},{"_mousePosition":[683,384],"_rootPartCFrame":[761.02,225.339,43.507,-0.261,-0.001,0.965,0.001,1,0.001,-0.965,0.001,-0.261],"_humanoidState":5,"_cameraCFrame":[769.327,237.495,34.537,-0.629,-0.514,0.583,0,0.75,0.661,-0.777,0.416,-0.472],"_shiftlockState":true,"_pose":"FreeFall","_animationQueue":[],"_animationSpeed":1,"_zoom":16.125},{"_mousePosition":[683,384],"_rootPartCFrame":[760.846,226.079,43.39,-0.521,0,0.854,0,1,0,-0.854,0,-0.521],"_humanoidState":5,"_cameraCFrame":[766.369,238.236,32.481,-0.818,-0.38,0.431,0,0.75,0.661,-0.575,0.541,-0.614],"_shiftlockState":true,"_pose":"FreeFall","_animationQueue":[],"_animationSpeed":1,"_zoom":16.125},{"_mousePosition":[683,384],"_rootPartCFrame":[760.679,226.765,43.235,-0.735,0,0.678,0,1,0,-0.678,0,-0.735],"_humanoidState":5,"_cameraCFrame":[763.985,238.921,31.463,-0.914,-0.268,0.304,0,0.75,0.661,-0.405,0.604,-0.686],"_shiftlockState":true,"_pose":"FreeFall","_animationQueue":[],"_animationSpeed":1,"_zoom":16.125},{"_mousePosition":[683,384],"_rootPartCFrame":[760.488,227.396,43.073,-0.852,0,0.523,0,1,0,-0.523,0,-0.852],"_humanoidState":5,"_cameraCFrame":[762.618,239.553,31.033,-0.95,-0.207,0.235,0,0.75,0.661,-0.313,0.628,-0.713],"_shiftlockState":true,"_pose":"FreeFall","_animationQueue":[],"_animationSpeed":1,"_zoom":16.125},{"_mousePosition":[683,384],"_rootPartCFrame":[760.268,227.973,42.936,-0.9,0,0.437,0,1,0,-0.437,0,-0.9],"_humanoidState":5,"_cameraCFrame":[762.398,240.129,30.895,-0.95,-0.207,0.235,0,0.75,0.661,-0.313,0.628,-0.713],"_shiftlockState":true,"_pose":"FreeFall","_animationQueue":[],"_animationSpeed":1,"_zoom":16.125},{"_mousePosition":[683,384],"_rootPartCFrame":[760.026,228.495,42.831,-0.9,0,0.437,0,1,0,-0.437,0,-0.9],"_humanoidState":5,"_cameraCFrame":[761.912,240.652,30.75,-0.956,-0.194,0.221,0,0.75,0.661,-0.294,0.632,-0.717],"_shiftlockState":true,"_pose":"FreeFall","_animationQueue":[],"_animationSpeed":1,"_zoom":16.125},{"_mousePosition":[683,384],"_rootPartCFrame":[759.774,228.963,42.746,-0.908,0,0.418,0,1,0,-0.418,0,-0.908],"_humanoidState":5,"_cameraCFrame":[761.403,241.166,30.669,-0.962,-0.182,0.205,0,0.748,0.664,-0.275,0.638,-0.719],"_shiftlockState":true,"_pose":"FreeFall","_animationQueue":[],"_animationSpeed":1,"_zoom":16.125},{"_mousePosition":[683,384],"_rootPartCFrame":[759.519,229.376,42.667,-0.917,0,0.4,0,1,0,-0.4,0,-0.917],"_humanoidState":5,"_cameraCFrame":[760.633,241.697,30.636,-0.972,-0.158,0.175,0,0.741,0.671,-0.235,0.652,-0.721],"_shiftlockState":true,"_pose":"FreeFall","_animationQueue":[],"_animationSpeed":1,"_zoom":16.125},{"_mousePosition":[683,384],"_rootPartCFrame":[759.263,229.735,42.593,-0.932,0,0.363,0,1,0,-0.363,0,-0.932],"_humanoidState":5,"_cameraCFrame":[759.69,242.148,30.602,-0.983,-0.123,0.133,0,0.736,0.677,-0.181,0.666,-0.724],"_shiftlockState":true,"_pose":"FreeFall","_animationQueue":[],"_animationSpeed":1,"_zoom":16.125},{"_mousePosition":[683,384],"_rootPartCFrame":[759.004,230.039,42.529,-0.951,0,0.31,0,1,0,-0.31,0,-0.951],"_humanoidState":5,"_cameraCFrame":[758.846,242.522,30.594,-0.991,-0.091,0.098,0,0.732,0.681,-0.134,0.675,-0.726],"_shiftlockState":true,"_pose":"FreeFall","_animationQueue":[],"_animationSpeed":1,"_zoom":16.125},{"_mousePosition":[683,384],"_rootPartCFrame":[758.742,230.289,42.478,-0.965,0,0.264,0,1,0,-0.264,0,-0.965],"_humanoidState":5,"_cameraCFrame":[758.097,242.818,30.603,-0.996,-0.064,0.068,0,0.73,0.684,-0.093,0.681,-0.726],"_shiftlockState":true,"_pose":"FreeFall","_animationQueue":[],"_animationSpeed":1,"_zoom":16.125},{"_mousePosition":[683,384],"_rootPartCFrame":[758.478,230.484,42.441,-0.974,0,0.225,0,1,0,-0.225,0,-0.974],"_humanoidState":5,"_cameraCFrame":[757.471,243.059,30.633,-0.998,-0.043,0.046,0,0.727,0.687,-0.063,0.685,-0.725],"_shiftlockState":true,"_pose":"FreeFall","_animationQueue":[],"_animationSpeed":1,"_zoom":16.125},{"_mousePosition":[683,384],"_rootPartCFrame":[758.213,230.625,42.414,-0.981,0,0.195,0,1,0,-0.195,0,-0.981],"_humanoidState":5,"_cameraCFrame":[756.846,243.222,30.665,-0.999,-0.022,0.024,0,0.726,0.688,-0.033,0.688,-0.725],"_shiftlockState":true,"_pose":"FreeFall","_animationQueue":[],"_animationSpeed":1,"_zoom":16.125},{"_mousePosition":[683,384],"_rootPartCFrame":[757.947,230.711,42.396,-0.986,0,0.165,0,1,0,-0.165,0,-0.986],"_humanoidState":5,"_cameraCFrame":[756.136,243.354,30.75,-1,0.004,-0.004,0,0.723,0.691,0.005,0.691,-0.723],"_shiftlockState":true,"_pose":"FreeFall","_animationQueue":[],"_animationSpeed":1,"_zoom":16.125},{"_mousePosition":[683,384],"_rootPartCFrame":[757.681,230.743,42.386,-0.992,0,0.128,0,1,0,-0.128,0,-0.992],"_humanoidState":5,"_cameraCFrame":[755.372,243.431,30.872,-0.999,0.033,-0.035,0,0.72,0.694,0.048,0.693,-0.719],"_shiftlockState":true,"_pose":"FreeFall","_animationQueue":[],"_animationSpeed":1,"_zoom":16.125},{"_mousePosition":[683,384],"_rootPartCFrame":[757.414,230.72,42.386,-0.996,0,0.085,0,1,0,-0.085,0,-0.996],"_humanoidState":5,"_cameraCFrame":[754.647,243.476,31.041,-0.996,0.062,-0.063,0,0.716,0.698,0.089,0.695,-0.713],"_shiftlockState":true,"_pose":"FreeFall","_animationQueue":[],"_animationSpeed":1,"_zoom":16.125},{"_mousePosition":[683,384],"_rootPartCFrame":[757.148,230.643,42.397,-0.999,0,0.044,0,1,0,-0.044,0,-0.999],"_humanoidState":5,"_cameraCFrame":[753.904,243.466,31.247,-0.991,0.092,-0.094,0,0.712,0.702,0.131,0.696,-0.706],"_shiftlockState":true,"_pose":"FreeFall","_animationQueue":[],"_animationSpeed":1,"_zoom":16.125},{"_mousePosition":[683,384],"_rootPartCFrame":[756.882,230.511,42.419,-1,0,0.001,0,1,0,-0.001,0,-1],"_humanoidState":5,"_cameraCFrame":[753.364,243.379,31.398,-0.988,0.11,-0.111,0,0.709,0.705,0.156,0.696,-0.7],"_shiftlockState":true,"_pose":"FreeFall","_animationQueue":[],"_animationSpeed":1,"_zoom":16.125},{"_mousePosition":[683,384],"_rootPartCFrame":[756.617,230.325,42.453,-1,0,-0.024,0,1,0,0.024,0,-1],"_humanoidState":5,"_cameraCFrame":[752.747,243.237,31.597,-0.982,0.134,-0.133,0,0.706,0.708,0.189,0.695,-0.694],"_shiftlockState":true,"_pose":"FreeFall","_animationQueue":[],"_animationSpeed":1,"_zoom":16.125},{"_mousePosition":[683,384],"_rootPartCFrame":[756.354,230.084,42.494,-0.998,0,-0.057,0,1,0,0.057,0,-0.998],"_humanoidState":5,"_cameraCFrame":[751.977,243.041,31.879,-0.972,0.168,-0.166,0,0.704,0.71,0.236,0.69,-0.684],"_shiftlockState":true,"_pose":"FreeFall","_animationQueue":[["fall",0.3]],"_animationSpeed":1,"_zoom":16.125},{"_mousePosition":[683,384],"_rootPartCFrame":[756.092,229.789,42.543,-0.995,0,-0.105,0,1,0,0.105,0,-0.995],"_humanoidState":5,"_cameraCFrame":[751.111,242.768,32.222,-0.956,0.208,-0.205,0,0.702,0.712,0.292,0.681,-0.672],"_shiftlockState":true,"_pose":"FreeFall","_animationQueue":[],"_animationSpeed":1,"_zoom":16.125},{"_mousePosition":[683,384],"_rootPartCFrame":[755.832,229.439,42.604,-0.987,0,-0.162,0,1,0,0.162,0,-0.987],"_humanoidState":5,"_cameraCFrame":[750.217,242.44,32.64,-0.936,0.251,-0.247,0,0.701,0.713,0.352,0.668,-0.656],"_shiftlockState":true,"_pose":"FreeFall","_animationQueue":[],"_animationSpeed":1,"_zoom":16.125},{"_mousePosition":[683,384],"_rootPartCFrame":[755.576,229.035,42.679,-0.975,0,-0.224,0,1,0,0.224,0,-0.975],"_humanoidState":5,"_cameraCFrame":[749.328,242.058,33.126,-0.911,0.295,-0.289,0,0.7,0.715,0.413,0.651,-0.637],"_shiftlockState":true,"_pose":"FreeFall","_animationQueue":[],"_animationSpeed":1,"_zoom":16.125},{"_mousePosition":[683,384],"_rootPartCFrame":[755.326,228.576,42.77,-0.958,0,-0.288,0,1,0,0.288,0,-0.958],"_humanoidState":5,"_cameraCFrame":[748.553,241.643,33.637,-0.885,0.334,-0.324,0,0.697,0.717,0.465,0.635,-0.617],"_shiftlockState":true,"_pose":"FreeFall","_animationQueue":[],"_animationSpeed":1,"_zoom":16.125},{"_mousePosition":[683,384],"_rootPartCFrame":[755.094,228.063,42.881,-0.934,0,-0.357,0,1,0,0.357,0,-0.934],"_humanoidState":5,"_cameraCFrame":[747.935,241.173,34.105,-0.863,0.363,-0.35,0,0.694,0.72,0.505,0.622,-0.599],"_shiftlockState":true,"_pose":"FreeFall","_animationQueue":[],"_animationSpeed":1,"_zoom":16.125},{"_mousePosition":[683,384],"_rootPartCFrame":[754.89,227.495,43.02,-0.914,0,-0.405,0,1,0,0.405,0,-0.914],"_humanoidState":5,"_cameraCFrame":[747.428,240.649,34.56,-0.843,0.388,-0.371,0,0.691,0.723,0.537,0.61,-0.583],"_shiftlockState":true,"_pose":"FreeFall","_animationQueue":[],"_animationSpeed":1,"_zoom":16.125},{"_mousePosition":[683,384],"_rootPartCFrame":[754.734,226.878,43.09,-0.9,0.001,-0.435,0.001,1,0,0.435,0,-0.9],"_humanoidState":5,"_cameraCFrame":[747.094,240.054,34.821,-0.831,0.403,-0.384,0,0.69,0.724,0.556,0.602,-0.573],"_shiftlockState":true,"_pose":"FreeFall","_animationQueue":[["fall",0.3]],"_animationSpeed":1,"_zoom":16.125},{"_mousePosition":[683,384],"_rootPartCFrame":[754.63,226.206,43.041,-0.888,0,-0.461,0,1,0,0.461,0,-0.888],"_humanoidState":5,"_cameraCFrame":[746.99,239.382,34.772,-0.831,0.403,-0.384,0,0.69,0.724,0.556,0.602,-0.573],"_shiftlockState":true,"_pose":"FreeFall","_animationQueue":[],"_animationSpeed":1,"_zoom":16.125},{"_mousePosition":[683,384],"_rootPartCFrame":[754.556,225.48,43.021,-0.885,0,-0.465,0,1,0,0.465,0,-0.885],"_humanoidState":5,"_cameraCFrame":[747.246,238.678,34.488,-0.852,0.38,-0.361,0,0.688,0.725,0.524,0.618,-0.586],"_shiftlockState":true,"_pose":"FreeFall","_animationQueue":[],"_animationSpeed":1,"_zoom":16.125},{"_mousePosition":[683,384],"_rootPartCFrame":[754.478,224.7,43.046,-0.9,0,-0.436,0,1,0,0.436,0,-0.9],"_humanoidState":5,"_cameraCFrame":[749.009,237.897,33.231,-0.939,0.25,-0.237,0,0.688,0.725,0.345,0.681,-0.646],"_shiftlockState":true,"_pose":"FreeFall","_animationQueue":[],"_animationSpeed":1,"_zoom":16.125},{"_mousePosition":[683,384],"_rootPartCFrame":[754.404,223.864,43.111,-0.965,0,-0.264,0,1,0,0.264,0,-0.965],"_humanoidState":5,"_cameraCFrame":[753.105,236.996,31.882,-0.999,-0.029,0.028,0,0.693,0.721,-0.04,0.721,-0.692],"_shiftlockState":true,"_pose":"FreeFall","_animationQueue":[],"_animationSpeed":1,"_zoom":16.125},{"_mousePosition":[683,384],"_rootPartCFrame":[754.325,222.975,43.214,-0.995,0,0.101,0,1,0,-0.101,0,-0.995],"_humanoidState":5,"_cameraCFrame":[758.314,236.107,32.638,-0.87,-0.356,0.342,0,0.693,0.721,-0.493,0.627,-0.602],"_shiftlockState":true,"_pose":"FreeFall","_animationQueue":[],"_animationSpeed":1,"_zoom":16.125},{"_mousePosition":[683,384],"_rootPartCFrame":[754.169,222.877,43.01,-0.891,-0.007,0.454,-0.009,1,-0.002,-0.454,-0.005,-0.891],"_humanoidState":7,"_cameraCFrame":[761.902,235.965,34.706,-0.617,-0.566,0.547,0,0.695,0.719,-0.787,0.443,-0.429],"_shiftlockState":true,"_pose":"FreeFall","_animationQueue":[["walk",0.1],["fall",0.3],["fall",0.3]],"_animationSpeed":1,"_zoom":16.125},{"_mousePosition":[683,384],"_rootPartCFrame":[754.008,222.907,42.912,-0.619,0.004,0.785,-0.003,1,-0.007,-0.785,-0.006,-0.619],"_humanoidState":7,"_cameraCFrame":[763.327,235.929,36.303,-0.446,-0.64,0.626,0,0.7,0.715,-0.895,0.319,-0.312],"_shiftlockState":true,"_pose":"FreeFall","_animationQueue":[["fall",0.3]],"_animationSpeed":1,"_zoom":16.125},{"_mousePosition":[683,384],"_rootPartCFrame":[753.879,222.881,42.925,-0.442,0.003,0.897,-0.001,1,-0.004,-0.897,-0.003,-0.442],"_humanoidState":8,"_cameraCFrame":[763.178,235.926,36.332,-0.446,-0.641,0.625,0,0.698,0.716,-0.895,0.319,-0.312],"_shiftlockState":true,"_pose":"Running","_animationQueue":[["walk",0.1],["fall",0.3],["walk",0.1]],"_animationSpeed":0.63,"_zoom":16.125},{"_mousePosition":[683,384],"_rootPartCFrame":[753.735,223.986,42.929,-0.444,-0.001,0.896,0,1,0.001,-0.896,0.001,-0.444],"_humanoidState":3,"_cameraCFrame":[761.414,237.074,34.575,-0.623,-0.562,0.544,0,0.695,0.719,-0.782,0.448,-0.433],"_shiftlockState":true,"_pose":"Jumping","_animationQueue":[["walk",0.1],["jump",0.1]],"_animationSpeed":1,"_zoom":16.125},{"_mousePosition":[683,384],"_rootPartCFrame":[753.637,224.628,42.924,-0.573,-0.001,0.82,0,1,0.002,-0.82,0.001,-0.573],"_humanoidState":5,"_cameraCFrame":[758.151,237.716,32.514,-0.845,-0.384,0.372,0,0.695,0.719,-0.535,0.607,-0.588],"_shiftlockState":true,"_pose":"FreeFall","_animationQueue":[["jump",0.1]],"_animationSpeed":1,"_zoom":16.125},{"_mousePosition":[683,384],"_rootPartCFrame":[753.496,225.436,42.893,-0.772,0,0.636,0,1,0.001,-0.636,0.001,-0.772],"_humanoidState":5,"_cameraCFrame":[754.206,238.393,31.434,-0.977,-0.152,0.15,0,0.704,0.71,-0.213,0.694,-0.688],"_shiftlockState":true,"_pose":"FreeFall","_animationQueue":[],"_animationSpeed":1,"_zoom":16.125},{"_mousePosition":[683,384],"_rootPartCFrame":[753.337,226.19,42.828,-0.94,0,0.34,0,1,0,-0.34,0,-0.94],"_humanoidState":5,"_cameraCFrame":[750.744,238.968,31.464,-0.997,0.051,-0.053,0,0.715,0.699,0.074,0.698,-0.713],"_shiftlockState":true,"_pose":"FreeFall","_animationQueue":[],"_animationSpeed":1,"_zoom":16.125},{"_mousePosition":[683,384],"_rootPartCFrame":[753.143,226.889,42.757,-0.998,0,0.06,0,1,0,-0.06,0,-0.998],"_humanoidState":5,"_cameraCFrame":[748.452,239.555,31.968,-0.966,0.179,-0.186,0,0.721,0.692,0.258,0.669,-0.697],"_shiftlockState":true,"_pose":"FreeFall","_animationQueue":[],"_animationSpeed":1,"_zoom":16.125},{"_mousePosition":[683,384],"_rootPartCFrame":[752.922,227.534,42.71,-0.992,0,-0.127,0,1,0,0.127,0,-0.992],"_humanoidState":5,"_cameraCFrame":[747.313,240.177,32.343,-0.94,0.235,-0.246,0,0.723,0.691,0.34,0.65,-0.68],"_shiftlockState":true,"_pose":"FreeFall","_animationQueue":[],"_animationSpeed":1,"_zoom":16.125},{"_mousePosition":[683,384],"_rootPartCFrame":[752.685,228.125,42.699,-0.977,0,-0.212,0,1,0,0.212,0,-0.977],"_humanoidState":5,"_cameraCFrame":[747.077,240.768,32.333,-0.94,0.235,-0.246,0,0.723,0.691,0.34,0.65,-0.68],"_shiftlockState":true,"_pose":"FreeFall","_animationQueue":[],"_animationSpeed":1,"_zoom":16.125},{"_mousePosition":[683,384],"_rootPartCFrame":[752.442,228.661,42.727,-0.977,0,-0.212,0,1,0,0.212,0,-0.977],"_humanoidState":5,"_cameraCFrame":[746.581,241.326,32.526,-0.932,0.252,-0.262,0,0.721,0.692,0.364,0.645,-0.672],"_shiftlockState":true,"_pose":"FreeFall","_animationQueue":[],"_animationSpeed":1,"_zoom":16.125},{"_mousePosition":[683,384],"_rootPartCFrame":[752.194,229.142,42.795,-0.972,0,-0.237,0,1,0,0.237,0,-0.972],"_humanoidState":5,"_cameraCFrame":[746.22,241.92,32.786,-0.926,0.264,-0.27,0,0.715,0.699,0.378,0.648,-0.662],"_shiftlockState":true,"_pose":"FreeFall","_animationQueue":[],"_animationSpeed":1,"_zoom":16.125},{"_mousePosition":[683,384],"_rootPartCFrame":[751.946,229.569,42.89,-0.968,0,-0.251,0,1,0,0.251,0,-0.968],"_humanoidState":5,"_cameraCFrame":[745.731,242.437,33.131,-0.915,0.284,-0.286,0,0.709,0.705,0.403,0.645,-0.649],"_shiftlockState":true,"_pose":"FreeFall","_animationQueue":[],"_animationSpeed":1,"_zoom":16.125},{"_mousePosition":[683,384],"_rootPartCFrame":[751.699,229.941,42.99,-0.961,0,-0.278,0,1,0,0.278,0,-0.961],"_humanoidState":5,"_cameraCFrame":[745.234,242.854,33.448,-0.903,0.303,-0.303,0,0.706,0.708,0.429,0.639,-0.638],"_shiftlockState":true,"_pose":"FreeFall","_animationQueue":[],"_animationSpeed":1,"_zoom":16.125},{"_mousePosition":[683,384],"_rootPartCFrame":[751.454,230.259,43.096,-0.952,0,-0.305,0,1,0,0.305,0,-0.952],"_humanoidState":5,"_cameraCFrame":[744.865,243.216,33.694,-0.897,0.314,-0.311,0,0.704,0.71,0.442,0.637,-0.631],"_shiftlockState":true,"_pose":"FreeFall","_animationQueue":[],"_animationSpeed":1,"_zoom":16.125},{"_mousePosition":[683,384],"_rootPartCFrame":[751.213,230.523,43.21,-0.948,0,-0.319,0,1,0,0.319,0,-0.948],"_humanoidState":5,"_cameraCFrame":[744.502,243.523,33.948,-0.89,0.325,-0.32,0,0.701,0.713,0.456,0.635,-0.624],"_shiftlockState":true,"_pose":"FreeFall","_animationQueue":[],"_animationSpeed":1,"_zoom":16.125},{"_mousePosition":[683,384],"_rootPartCFrame":[750.973,230.731,43.327,-0.943,0,-0.334,0,1,0,0.334,0,-0.943],"_humanoidState":5,"_cameraCFrame":[744.165,243.82,34.248,-0.883,0.337,-0.326,0,0.695,0.719,0.469,0.635,-0.614],"_shiftlockState":true,"_pose":"FreeFall","_animationQueue":[],"_animationSpeed":1,"_zoom":16.125},{"_mousePosition":[683,384],"_rootPartCFrame":[750.736,230.886,43.448,-0.938,0,-0.348,0,1,0,0.348,0,-0.938],"_humanoidState":5,"_cameraCFrame":[743.856,244.061,34.536,-0.877,0.348,-0.331,0,0.69,0.724,0.481,0.635,-0.605],"_shiftlockState":true,"_pose":"FreeFall","_animationQueue":[],"_animationSpeed":1,"_zoom":16.125},{"_mousePosition":[683,384],"_rootPartCFrame":[750.5,230.986,43.573,-0.933,0,-0.36,0,1,0,0.36,0,-0.933],"_humanoidState":5,"_cameraCFrame":[743.609,244.183,34.698,-0.876,0.35,-0.332,0,0.688,0.725,0.483,0.635,-0.603],"_shiftlockState":true,"_pose":"FreeFall","_animationQueue":[],"_animationSpeed":1,"_zoom":16.125},{"_mousePosition":[683,384],"_rootPartCFrame":[750.266,231.031,43.701,-0.932,0,-0.362,0,1,0,0.362,0,-0.932],"_humanoidState":5,"_cameraCFrame":[743.397,244.272,34.865,-0.876,0.352,-0.331,0,0.685,0.728,0.483,0.638,-0.6],"_shiftlockState":true,"_pose":"FreeFall","_animationQueue":[],"_animationSpeed":1,"_zoom":16.125},{"_mousePosition":[683,384],"_rootPartCFrame":[750.048,231.022,43.754,-0.932,0,-0.362,0,1,0,0.362,0,-0.932],"_humanoidState":5,"_cameraCFrame":[743.201,244.305,34.959,-0.876,0.353,-0.33,0,0.683,0.731,0.483,0.64,-0.598],"_shiftlockState":true,"_pose":"FreeFall","_animationQueue":[],"_animationSpeed":1,"_zoom":16.125},{"_mousePosition":[683,384],"_rootPartCFrame":[749.827,230.958,43.741,-0.933,0,-0.361,0,1,0,0.361,0,-0.933],"_humanoidState":5,"_cameraCFrame":[743.069,244.285,34.935,-0.879,0.349,-0.324,0,0.68,0.733,0.476,0.645,-0.598],"_shiftlockState":true,"_pose":"FreeFall","_animationQueue":[["fall",0.3]],"_animationSpeed":1,"_zoom":16.125},{"_mousePosition":[683,384],"_rootPartCFrame":[749.597,230.84,43.788,-0.935,0,-0.355,0,1,0,0.355,0,-0.935],"_humanoidState":5,"_cameraCFrame":[742.928,244.209,34.972,-0.883,0.346,-0.318,0,0.677,0.736,0.469,0.65,-0.598],"_shiftlockState":true,"_pose":"FreeFall","_animationQueue":[],"_animationSpeed":1,"_zoom":16.125},{"_mousePosition":[683,384],"_rootPartCFrame":[749.379,230.668,43.802,-0.938,0,-0.348,0,1,0,0.348,0,-0.938],"_humanoidState":5,"_cameraCFrame":[742.71,244.037,34.985,-0.883,0.346,-0.318,0,0.677,0.736,0.469,0.65,-0.598],"_shiftlockState":true,"_pose":"FreeFall","_animationQueue":[],"_animationSpeed":1,"_zoom":16.125},{"_mousePosition":[683,384],"_rootPartCFrame":[749.147,230.441,43.851,-0.938,0,-0.348,0,1,0,0.348,0,-0.938],"_humanoidState":5,"_cameraCFrame":[742.478,243.809,35.034,-0.883,0.346,-0.318,0,0.677,0.736,0.469,0.65,-0.598],"_shiftlockState":true,"_pose":"FreeFall","_animationQueue":[],"_animationSpeed":1,"_zoom":16.125},{"_mousePosition":[683,384],"_rootPartCFrame":[748.927,230.159,43.864,-0.938,0,-0.348,0,1,0,0.348,0,-0.938],"_humanoidState":5,"_cameraCFrame":[742.258,243.528,35.048,-0.883,0.346,-0.318,0,0.677,0.736,0.469,0.65,-0.598],"_shiftlockState":true,"_pose":"FreeFall","_animationQueue":[],"_animationSpeed":1,"_zoom":16.125},{"_mousePosition":[683,384],"_rootPartCFrame":[748.694,229.823,43.915,-0.938,0,-0.348,0,1,0,0.348,0,-0.938],"_humanoidState":5,"_cameraCFrame":[742.058,243.213,35.102,-0.884,0.344,-0.316,0,0.675,0.737,0.467,0.652,-0.597],"_shiftlockState":true,"_pose":"FreeFall","_animationQueue":[],"_animationSpeed":1,"_zoom":16.125},{"_mousePosition":[683,384],"_rootPartCFrame":[748.468,229.432,43.934,-0.938,0,-0.345,0,1,0,0.345,0,-0.938],"_humanoidState":5,"_cameraCFrame":[741.842,242.844,35.142,-0.884,0.345,-0.315,0,0.674,0.739,0.467,0.653,-0.596],"_shiftlockState":true,"_pose":"FreeFall","_animationQueue":[["fall",0.3]],"_animationSpeed":1,"_zoom":16.125},{"_mousePosition":[683,384],"_rootPartCFrame":[748.229,228.987,43.989,-0.938,0,-0.346,0,1,0,0.346,0,-0.938],"_humanoidState":5,"_cameraCFrame":[741.604,242.398,35.197,-0.884,0.345,-0.315,0,0.674,0.739,0.467,0.653,-0.596],"_shiftlockState":true,"_pose":"FreeFall","_animat