[{"_mousePosition":[1172,369],"_rootPartCFrame":[776.024,222.973,47.142,0.004,0.004,1,0,1,-0.004,-1,0,0.004],"_humanoidState":8,"_cameraCFrame":[777.456,240.403,35.452,-0.993,-0.097,0.072,0,0.594,0.804,-0.121,0.798,-0.59],"_shiftlockState":false,"_pose":"Standing","_animationQueue":[],"_animationSpeed":1,"_zoom":19.81},{"_mousePosition":[1181,378],"_rootPartCFrame":[775.779,222.845,47.112,0.02,0.001,1,0,1,-0.001,-1,0,0.02],"_humanoidState":8,"_cameraCFrame":[777.206,240.275,35.422,-0.993,-0.097,0.072,0,0.594,0.804,-0.121,0.798,-0.59],"_shiftlockState":false,"_pose":"Standing","_animationQueue":[],"_animationSpeed":1,"_zoom":19.81},{"_mousePosition":[1200,392],"_rootPartCFrame":[775.515,222.677,47.08,0.034,0,0.999,0,1,0,-0.999,0,0.034],"_humanoidState":8,"_cameraCFrame":[776.941,240.107,35.39,-0.993,-0.097,0.072,0,0.594,0.804,-0.121,0.798,-0.59],"_shiftlockState":false,"_pose":"Running","_animationQueue":[["walk",0.1]],"_animationSpeed":1.065,"_zoom":19.81},{"_mousePosition":[1223,404],"_rootPartCFrame":[775.25,222.655,47.048,0.046,0,0.999,0,1,0,-0.999,0,0.046],"_humanoidState":8,"_cameraCFrame":[776.677,240.084,35.358,-0.993,-0.097,0.072,0,0.594,0.804,-0.121,0.798,-0.59],"_shiftlockState":false,"_pose":"Running","_animationQueue":[],"_animationSpeed":1.065,"_zoom":19.81},{"_mousePosition":[1248,419],"_rootPartCFrame":[774.986,222.67,47.015,0.056,0,0.998,0,1,0,-0.998,0,0.056],"_humanoidState":8,"_cameraCFrame":[774.675,240.1,35.114,-0.993,-0.097,0.072,0,0.594,0.804,-0.121,0.798,-0.59],"_shiftlockState":true,"_pose":"Running","_animationQueue":[],"_animationSpeed":1.065,"_zoom":19.81},{"_mousePosition":[683,384],"_rootPartCFrame":[774.721,222.683,46.983,-0.998,0,0.055,0,1,0,-0.055,0,-0.998],"_humanoidState":8,"_cameraCFrame":[774.41,240.113,35.081,-0.993,-0.097,0.072,0,0.594,0.804,-0.121,0.798,-0.59],"_shiftlockState":true,"_pose":"Running","_animationQueue":[],"_animationSpeed":1.065,"_zoom":19.81},{"_mousePosition":[683,384],"_rootPartCFrame":[774.456,222.69,46.951,-0.996,0,0.094,0,1,0,-0.094,0,-0.996],"_humanoidState":8,"_cameraCFrame":[774.651,240.308,35.302,-0.986,-0.136,0.097,0,0.581,0.814,-0.167,0.802,-0.573],"_shiftlockState":true,"_pose":"Running","_animationQueue":[["walk",0.1]],"_animationSpeed":1.065,"_zoom":19.81},{"_mousePosition":[683,384],"_rootPartCFrame":[774.192,222.695,46.918,-0.987,0,0.164,0,1,0,-0.164,0,-0.987],"_humanoidState":8,"_cameraCFrame":[774.846,240.487,35.532,-0.978,-0.173,0.119,0,0.569,0.822,-0.21,0.804,-0.556],"_shiftlockState":true,"_pose":"Running","_animationQueue":[],"_animationSpeed":1.065,"_zoom":19.81},{"_mousePosition":[683,384],"_rootPartCFrame":[773.929,222.697,46.876,-0.978,0,0.21,0,1,0,-0.21,0,-0.978],"_humanoidState":8,"_cameraCFrame":[775.066,240.66,35.777,-0.966,-0.213,0.143,0,0.556,0.831,-0.257,0.803,-0.538],"_shiftlockState":true,"_pose":"Running","_animationQueue":[],"_animationSpeed":1.065,"_zoom":19.81},{"_mousePosition":[683,384],"_rootPartCFrame":[773.668,222.698,46.821,-0.966,0,0.257,0,1,0,-0.257,0,-0.966],"_humanoidState":8,"_cameraCFrame":[775.359,240.836,36.06,-0.95,-0.262,0.169,0,0.543,0.84,-0.312,0.798,-0.516],"_shiftlockState":true,"_pose":"Running","_animationQueue":[],"_animationSpeed":1.065,"_zoom":19.81},{"_mousePosition":[683,384],"_rootPartCFrame":[773.409,222.699,46.755,-0.95,0,0.312,0,1,0,-0.312,0,-0.95],"_humanoidState":8,"_cameraCFrame":[775.661,240.974,36.314,-0.93,-0.312,0.196,0,0.532,0.847,-0.368,0.787,-0.495],"_shiftlockState":true,"_pose":"Running","_animationQueue":[],"_animationSpeed":1.065,"_zoom":19.81},{"_mousePosition":[683,384],"_rootPartCFrame":[773.155,222.699,46.674,-0.93,0,0.368,0,1,0,-0.368,0,-0.93],"_humanoidState":8,"_cameraCFrame":[775.913,241.093,36.55,-0.908,-0.358,0.219,0,0.522,0.853,-0.42,0.774,-0.474],"_shiftlockState":true,"_pose":"Running","_animationQueue":[],"_animationSpeed":1.065,"_zoom":19.81},{"_mousePosition":[683,384],"_rootPartCFrame":[772.907,222.699,46.578,-0.908,0,0.42,0,1,0,-0.42,0,-0.908],"_humanoidState":8,"_cameraCFrame":[776.089,241.184,36.735,-0.886,-0.398,0.239,0,0.515,0.857,-0.464,0.759,-0.456],"_shiftlockState":true,"_pose":"Running","_animationQueue":[["walk",0.1]],"_animationSpeed":1.065,"_zoom":19.81},{"_mousePosition":[683,384],"_rootPartCFrame":[772.664,222.7,46.468,-0.886,0,0.464,0,1,0,-0.464,0,-0.886],"_humanoidState":8,"_cameraCFrame":[776.073,241.282,36.873,-0.871,-0.424,0.249,0,0.506,0.862,-0.492,0.751,-0.441],"_shiftlockState":true,"_pose":"Running","_animationQueue":[],"_animationSpeed":1.065,"_zoom":19.81},{"_mousePosition":[683,384],"_rootPartCFrame":[772.427,222.7,46.346,-0.871,0,0.492,0,1,0,-0.492,0,-0.871],"_humanoidState":8,"_cameraCFrame":[775.929,241.37,36.944,-0.862,-0.44,0.253,0,0.499,0.867,-0.507,0.747,-0.43],"_shiftlockState":true,"_pose":"Running","_animationQueue":[],"_animationSpeed":1.065,"_zoom":19.81},{"_mousePosition":[683,384],"_rootPartCFrame":[772.252,222.7,46.249,-0.862,0,0.507,0,1,0,-0.507,0,-0.862],"_humanoidState":8,"_cameraCFrame":[775.754,241.426,36.949,-0.859,-0.445,0.253,0,0.494,0.87,-0.512,0.747,-0.424],"_shiftlockState":true,"_pose":"Running","_animationQueue":[],"_animationSpeed":1.065,"_zoom":19.81},{"_mousePosition":[683,384],"_rootPartCFrame":[771.964,222.7,46.08,-0.859,0,0.512,0,1,0,-0.512,0,-0.859],"_humanoidState":8,"_cameraCFrame":[775.366,241.206,36.969,-0.859,-0.447,0.251,0,0.49,0.872,-0.513,0.748,-0.421],"_shiftlockState":true,"_pose":"Running","_animationQueue":[],"_animationSpeed":1.065,"_zoom":15.448},{"_mousePosition":[683,384],"_rootPartCFrame":[771.792,222.7,45.978,-0.859,0,0.513,0,1,0,-0.513,0,-0.859],"_humanoidState":8,"_cameraCFrame":[774.931,240.606,37.251,-0.86,-0.446,0.247,0,0.485,0.874,-0.51,0.752,-0.418],"_shiftlockState":true,"_pose":"Running","_animationQueue":[],"_animationSpeed":1.065,"_zoom":15.448},{"_mousePosition":[683,384],"_rootPartCFrame":[771.563,222.7,45.842,-0.86,0,0.51,0,1,0,-0.51,0,-0.86],"_humanoidState":8,"_cameraCFrame":[774.353,240.046,37.472,-0.867,-0.437,0.239,0,0.479,0.878,-0.498,0.761,-0.415],"_shiftlockState":true,"_pose":"Running","_animationQueue":[],"_animationSpeed":1.065,"_zoom":15.448},{"_mousePosition":[683,384],"_rootPartCFrame":[771.334,222.7,45.705,-0.867,0,0.498,0,1,0,-0.498,0,-0.867],"_humanoidState":8,"_cameraCFrame":[773.582,239.362,37.809,-0.881,-0.418,0.221,0,0.468,0.884,-0.473,0.779,-0.412],"_shiftlockState":true,"_pose":"Running","_animationQueue":[["walk",0.1]],"_animationSpeed":1.065,"_zoom":11.958},{"_mousePosition":[683,384],"_rootPartCFrame":[770.987,222.7,45.506,-0.881,0,0.473,0,1,0,-0.473,0,-0.881],"_humanoidState":8,"_cameraCFrame":[772.695,238.408,38.197,-0.894,-0.399,0.205,0,0.457,0.89,-0.448,0.795,-0.408],"_shiftlockState":true,"_pose":"Running","_animationQueue":[],"_animationSpeed":1.065,"_zoom":11.958},{"_mousePosition":[683,384],"_rootPartCFrame":[770.753,222.7,45.379,-0.894,0,0.448,0,1,0,-0.448,0,-0.894],"_humanoidState":8,"_cameraCFrame":[771.974,237.54,38.625,-0.906,-0.379,0.188,0,0.445,0.895,-0.423,0.811,-0.404],"_shiftlockState":true,"_pose":"Running","_animationQueue":[],"_animationSpeed":1.065,"_zoom":11.958},{"_mousePosition":[683,384],"_rootPartCFrame":[770.515,222.7,45.258,-0.906,0,0.423,0,1,0,-0.423,0,-0.906],"_humanoidState":8,"_cameraCFrame":[771.297,236.781,39.013,-0.919,-0.356,0.171,0,0.433,0.901,-0.395,0.828,-0.398],"_shiftlockState":true,"_pose":"Running","_animationQueue":[],"_animationSpeed":1.065,"_zoom":11.958},{"_mousePosition":[683,384],"_rootPartCFrame":[770.213,222.7,45.116,-0.919,0,0.395,0,1,0,-0.395,0,-0.919],"_humanoidState":8,"_cameraCFrame":[770.795,236.426,39.107,-0.925,-0.344,0.163,0,0.427,0.904,-0.381,0.836,-0.395],"_shiftlockState":true,"_pose":"Running","_animationQueue":[],"_animationSpeed":1.065,"_zoom":11.958},{"_mousePosition":[683,384],"_rootPartCFrame":[770.03,222.7,45.036,-0.925,0,0.381,0,1,0,-0.381,0,-0.925],"_humanoidState":8,"_cameraCFrame":[770.403,236.006,39.278,-0.931,-0.33,0.154,0,0.422,0.907,-0.364,0.844,-0.393],"_shiftlockState":true,"_pose":"Running","_animationQueue":[],"_animationSpeed":1.065,"_zoom":11.958},{"_mousePosition":[683,384],"_rootPartCFrame":[769.785,222.666,44.931,-0.931,0,0.364,0,1,0,-0.364,0,-0.931],"_humanoidState":8,"_cameraCFrame":[770.005,235.686,39.335,-0.937,-0.317,0.147,0,0.419,0.908,-0.35,0.851,-0.393],"_shiftlockState":true,"_pose":"Running","_animationQueue":[["walk",0.1]],"_animationSpeed":1.065,"_zoom":11.958},{"_mousePosition":[683,384],"_rootPartCFrame":[769.54,222.577,44.825,-0.937,0,0.35,0,1,0,-0.35,0,-0.937],"_humanoidState":8,"_cameraCFrame":[769.626,235.407,39.341,-0.943,-0.303,0.139,0,0.417,0.909,-0.334,0.857,-0.393],"_shiftlockState":true,"_pose":"Running","_animationQueue":[],"_animationSpeed":1.065,"_zoom":11.958},{"_mousePosition":[683,384],"_rootPartCFrame":[769.295,223.44,44.72,-0.943,0,0.334,0,1,0,-0.334,0,-0.943],"_humanoidState":3,"_cameraCFrame":[769.255,236.14,39.302,-0.949,-0.287,0.132,0,0.416,0.909,-0.316,0.863,-0.395],"_shiftlockState":true,"_pose":"Jumping","_animationQueue":[["walk",0.1],["jump",0.1]],"_animationSpeed":1,"_zoom":11.958},{"_mousePosition":[683,384],"_rootPartCFrame":[769.045,224.248,44.628,-0.916,0,0.402,0,1,0,-0.402,0,-0.916],"_humanoidState":5,"_cameraCFrame":[768.781,236.82,39.282,-0.96,-0.255,0.116,0,0.416,0.91,-0.28,0.873,-0.399],"_shiftlockState":true,"_pose":"FreeFall","_animationQueue":[["jump",0.1]],"_animationSpeed":1,"_zoom":11.958},{"_mousePosition":[683,384],"_rootPartCFrame":[768.729,225.182,44.522,-0.902,0,0.431,0,1,0,-0.431,0,-0.902],"_humanoidState":5,"_cameraCFrame":[768.314,237.702,39.208,-0.967,-0.231,0.105,0,0.416,0.91,-0.254,0.88,-0.402],"_shiftlockState":true,"_pose":"FreeFall","_animationQueue":[],"_animationSpeed":1,"_zoom":11.958},{"_mousePosition":[683,384],"_rootPartCFrame":[768.538,225.702,44.465,-0.937,0,0.349,0,1,0,-0.349,0,-0.937],"_humanoidState":5,"_cameraCFrame":[767.946,238.178,39.186,-0.975,-0.202,0.092,0,0.416,0.91,-0.222,0.887,-0.405],"_shiftlockState":true,"_pose":"FreeFall","_animationQueue":[],"_animationSpeed":1,"_zoom":11.958},{"_mousePosition":[683,384],"_rootPartCFrame":[768.28,226.347,44.396,-0.937,0,0.35,0,1,0,-0.35,0,-0.937],"_humanoidState":5,"_cameraCFrame":[767.544,238.799,39.166,-0.98,-0.179,0.081,0,0.414,0.91,-0.197,0.892,-0.406],"_shiftlockState":true,"_pose":"FreeFall","_animationQueue":[],"_animationSpeed":1,"_zoom":11.958},{"_mousePosition":[683,384],"_rootPartCFrame":[768.085,226.794,44.35,-0.956,0,0.293,0,1,0,-0.293,0,-0.956],"_humanoidState":5,"_cameraCFrame":[767.225,239.228,39.158,-0.985,-0.158,0.072,0,0.413,0.911,-0.174,0.897,-0.407],"_shiftlockState":true,"_pose":"FreeFall","_animationQueue":[],"_animationSpeed":1,"_zoom":11.958},{"_mousePosition":[683,384],"_rootPartCFrame":[767.824,227.344,44.297,-0.953,0,0.303,0,1,0,-0.303,0,-0.953],"_humanoidState":5,"_cameraCFrame":[766.86,239.762,39.13,-0.988,-0.141,0.064,0,0.413,0.911,-0.154,0.9,-0.408],"_shiftlockState":true,"_pose":"FreeFall","_animationQueue":[],"_animationSpeed":1,"_zoom":11.958},{"_mousePosition":[683,384],"_rootPartCFrame":[767.496,227.954,44.238,-0.949,0,0.316,0,1,0,-0.316,0,-0.949],"_humanoidState":5,"_cameraCFrame":[766.441,240.359,39.084,-0.991,-0.124,0.057,0,0.414,0.91,-0.137,0.902,-0.41],"_shiftlockState":true,"_pose":"FreeFall","_animationQueue":[],"_animationSpeed":1,"_zoom":11.958},{"_mousePosition":[683,384],"_rootPartCFrame":[767.298,228.279,44.206,-0.972,0,0.235,0,1,0,-0.235,0,-0.972],"_humanoidState":5,"_cameraCFrame":[766.11,240.669,39.068,-0.994,-0.101,0.046,0,0.416,0.91,-0.111,0.904,-0.413],"_shiftlockState":true,"_pose":"FreeFall","_animationQueue":[],"_animationSpeed":1,"_zoom":11.958},{"_mousePosition":[683,384],"_rootPartCFrame":[766.968,228.753,44.16,-0.962,0,0.274,0,1,0,-0.274,0,-0.962],"_humanoidState":5,"_cameraCFrame":[765.653,241.13,39.038,-0.996,-0.078,0.036,0,0.417,0.909,-0.086,0.906,-0.415],"_shiftlockState":true,"_pose":"FreeFall","_animationQueue":[],"_animationSpeed":1,"_zoom":11.958},{"_mousePosition":[683,384],"_rootPartCFrame":[766.703,229.071,44.129,-0.976,0,0.217,0,1,0,-0.217,0,-0.976],"_humanoidState":5,"_cameraCFrame":[765.261,241.434,39.017,-0.998,-0.055,0.025,0,0.419,0.908,-0.061,0.906,-0.418],"_shiftlockState":true,"_pose":"FreeFall","_animationQueue":[],"_animationSpeed":1,"_zoom":11.958},{"_mousePosition":[683,384],"_rootPartCFrame":[766.446,229.335,44.123,-0.984,0,0.176,0,1,0,-0.176,0,-0.984],"_humanoidState":5,"_cameraCFrame":[764.919,241.679,39.002,-0.999,-0.04,0.019,0,0.422,0.907,-0.044,0.906,-0.422],"_shiftlockState":true,"_pose":"FreeFall","_animationQueue":[],"_animationSpeed":1,"_zoom":11.958},{"_mousePosition":[683,384],"_rootPartCFrame":[766.26,229.497,44.144,-0.992,0,0.125,0,1,0,-0.125,0,-0.992],"_humanoidState":5,"_cameraCFrame":[764.655,241.815,38.995,-1,-0.026,0.012,0,0.427,0.904,-0.028,0.904,-0.426],"_shiftlockState":true,"_pose":"FreeFall","_animationQueue":[],"_animationSpeed":1,"_zoom":11.958},{"_mousePosition":[683,384],"_rootPartCFrame":[765.966,229.698,44.225,-0.987,0,0.161,0,1,0,-0.161,0,-0.987],"_humanoidState":5,"_cameraCFrame":[764.281,241.974,39.015,-1,-0.011,0.005,0,0.434,0.901,-0.013,0.901,-0.434],"_shiftlockState":true,"_pose":"FreeFall","_animationQueue":[],"_animationSpeed":1,"_zoom":11.958},{"_mousePosition":[683,384],"_rootPartCFrame":[765.746,229.798,44.332,-0.993,0,0.119,0,1,0,-0.119,0,-0.993],"_humanoidState":5,"_cameraCFrame":[763.979,242.023,39.046,-1,0.003,-0.001,0,0.443,0.897,0.003,0.897,-0.443],"_shiftlockState":true,"_pose":"FreeFall","_animationQueue":[],"_animationSpeed":1,"_zoom":11.958},{"_mousePosition":[683,384],"_rootPartCFrame":[765.539,229.843,44.477,-0.995,0,0.103,0,1,0,-0.103,0,-0.995],"_humanoidState":5,"_cameraCFrame":[763.727,242.02,39.111,-1,0.01,-0.005,0,0.45,0.893,0.012,0.893,-0.45],"_shiftlockState":true,"_pose":"FreeFall","_animationQueue":[],"_animationSpeed":1,"_zoom":11.958},{"_mousePosition":[683,384],"_rootPartCFrame":[765.347,229.834,44.656,-0.996,0,0.094,0,1,0,-0.094,0,-0.996],"_humanoidState":5,"_cameraCFrame":[763.487,241.954,39.193,-1,0.018,-0.009,0,0.46,0.888,0.02,0.888,-0.46],"_shiftlockState":true,"_pose":"FreeFall","_animationQueue":[],"_animationSpeed":1,"_zoom":11.958},{"_mousePosition":[683,384],"_rootPartCFrame":[765.207,229.792,44.799,-0.998,0,0.059,0,1,0,-0.059,0,-0.998],"_humanoidState":5,"_cameraCFrame":[763.298,241.844,39.224,-1,0.025,-0.013,0,0.47,0.882,0.028,0.882,-0.47],"_shiftlockState":true,"_pose":"FreeFall","_animationQueue":[],"_animationSpeed":1,"_zoom":11.958},{"_mousePosition":[683,384],"_rootPartCFrame":[764.975,229.653,45.039,-0.995,0,0.104,0,1,0,-0.104,0,-0.995],"_humanoidState":5,"_cameraCFrame":[763.003,241.622,39.332,-0.999,0.034,-0.019,0,0.483,0.875,0.039,0.875,-0.483],"_shiftlockState":true,"_pose":"FreeFall","_animationQueue":[["fall",0.3]],"_animationSpeed":1,"_zoom":11.958},{"_mousePosition":[683,384],"_rootPartCFrame":[764.808,229.791,45.213,-1,0,-0.006,0,1,0,0.006,0,-1],"_humanoidState":12,"_cameraCFrame":[762.754,241.662,39.355,-0.999,0.045,-0.026,0,0.498,0.867,0.051,0.866,-0.497],"_shiftlockState":true,"_pose":"Climbing","_animationQueue":[["walk",0.1],["fall",0.3],["climb",0.1],["climb",0]],"_animationSpeed":-0.693,"_zoom":11.958},{"_mousePosition":[683,384],"_rootPartCFrame":[764.7,229.93,45.325,-0.999,0,-0.048,0,1,0,0.048,0,-0.999],"_humanoidState":12,"_cameraCFrame":[762.576,241.713,39.34,-0.998,0.053,-0.032,0,0.511,0.86,0.062,0.858,-0.51],"_shiftlockState":true,"_pose":"Climbing","_animationQueue":[["climb",0.1],["climb",0]],"_animationSpeed":0.901,"_zoom":11.958},{"_mousePosition":[683,384],"_rootPartCFrame":[764.555,230.164,45.476,-0.998,0,-0.061,0,1,0,0.061,0,-0.998],"_humanoidState":12,"_cameraCFrame":[762.394,241.892,39.411,-0.998,0.057,-0.035,0,0.518,0.855,0.067,0.853,-0.517],"_shiftlockState":true,"_pose":"Climbing","_animationQueue":[],"_animationSpeed":0.901,"_zoom":11.958},{"_mousePosition":[683,384],"_rootPartCFrame":[764.474,230.344,45.533,-0.999,-0.003,-0.04,-0.003,1,0,0.04,0,-0.999],"_humanoidState":12,"_cameraCFrame":[762.292,242.032,39.407,-0.998,0.059,-0.036,0,0.524,0.852,0.069,0.85,-0.522],"_shiftlockState":true,"_pose":"Climbing","_animationQueue":[],"_animationSpeed":0.901,"_zoom":11.958},{"_mousePosition":[683,384],"_rootPartCFrame":[764.441,230.483,45.541,-0.998,-0.002,-0.058,-0.002,1,0,0.058,0,-0.998],"_humanoidState":12,"_cameraCFrame":[762.214,242.11,39.331,-0.997,0.064,-0.04,0,0.532,0.847,0.075,0.844,-0.53],"_shiftlockState":true,"_pose":"Climbing","_animationQueue":[],"_animationSpeed":0.901,"_zoom":11.958},{"_mousePosition":[683,384],"_rootPartCFrame":[764.429,230.67,45.533,-0.997,0,-0.072,0,1,0,0.072,0,-0.997],"_humanoidState":12,"_cameraCFrame":[762.096,242.219,39.237,-0.996,0.076,-0.049,0,0.542,0.84,0.091,0.837,-0.54],"_shiftlockState":true,"_pose":"Climbing","_animationQueue":[],"_animationSpeed":0.901,"_zoom":11.958},{"_mousePosition":[683,384],"_rootPartCFrame":[764.429,230.903,45.516,-0.996,0,-0.09,0,1,0,0.09,0,-0.996],"_humanoidState":12,"_cameraCFrame":[762.033,242.378,39.127,-0.995,0.083,-0.055,0,0.552,0.834,0.099,0.83,-0.549],"_shiftlockState":true,"_pose":"Climbing","_animationQueue":[],"_animationSpeed":0.901,"_zoom":11.958},{"_mousePosition":[683,384],"_rootPartCFrame":[764.41,230.986,45.5,-0.995,0.004,-0.099,0.004,1,-0.007,0.099,-0.007,-0.995],"_humanoidState":12,"_cameraCFrame":[762.03,242.488,39.138,-0.995,0.082,-0.054,0,0.548,0.836,0.098,0.832,-0.546],"_shiftlockState":true,"_pose":"Climbing","_animationQueue":[],"_animationSpeed":0.901,"_zoom":11.958},{"_mousePosition":[683,384],"_rootPartCFrame":[764.296,231.094,45.485,-0.995,0.009,-0.1,0.011,1,-0.013,0.1,-0.014,-0.995],"_humanoidState":12,"_cameraCFrame":[761.925,242.595,39.113,-0.995,0.082,-0.054,0,0.548,0.836,0.098,0.832,-0.546],"_shiftlockState":true,"_pose":"Climbing","_animationQueue":[["climb",0.1]],"_animationSpeed":-0.205,"_zoom":11.958},{"_mousePosition":[683,384],"_rootPartCFrame":[764.158,231.193,45.478,-0.995,0.009,-0.104,0.011,1,-0.015,0.104,-0.016,-0.994],"_humanoidState":12,"_cameraCFrame":[761.786,242.694,39.103,-0.995,0.082,-0.054,0,0.548,0.836,0.098,0.832,-0.546],"_shiftlockState":true,"_pose":"Climbing","_animationQueue":[["climb",0.1]],"_animationSpeed":0.425,"_zoom":11.958},{"_mousePosition":[683,384],"_rootPartCFrame":[764.04,231.278,45.472,-0.995,0.008,-0.104,0.009,1,-0.016,0.104,-0.017,-0.994],"_humanoidState":12,"_cameraCFrame":[761.666,242.779,39.096,-0.995,0.082,-0.054,0,0.548,0.836,0.098,0.832,-0.546],"_shiftlockState":true,"_pose":"Climbing","_animationQueue":[["climb",0.1]],"_animationSpeed":0.533,"_zoom":11.958},{"_mousePosition":[683,384],"_rootPartCFrame":[763.871,231.4,45.464,-0.994,0.006,-0.107,0.008,1,-0.016,0.106,-0.017,-0.994],"_humanoidState":12,"_cameraCFrame":[761.494,242.901,39.088,-0.995,0.082,-0.054,0,0.548,0.836,0.098,0.832,-0.546],"_shiftlockState":true,"_pose":"Climbing","_animationQueue":[["climb",0.1]],"_animationSpeed":0.582,"_zoom":11.958},{"_mousePosition":[683,384],"_rootPartCFrame":[763.694,231.528,45.458,-0.994,0.005,-0.108,0.007,1,-0.017,0.108,-0.018,-0.994],"_humanoidState":12,"_cameraCFrame":[761.315,243.03,39.08,-0.995,0.082,-0.054,0,0.548,0.836,0.098,0.832,-0.546],"_shiftlockState":true,"_pose":"Climbing","_animationQueue":[["climb",0.1]],"_animationSpeed":0.622,"_zoom":11.958},{"_mousePosition":[683,384],"_rootPartCFrame":[763.464,231.693,45.453,-0.994,0.004,-0.113,0.006,1,-0.019,0.113,-0.019,-0.993],"_humanoidState":12,"_cameraCFrame":[761.084,243.194,39.072,-0.995,0.082,-0.054,0,0.548,0.836,0.098,0.832,-0.546],"_shiftlockState":true,"_pose":"Climbing","_animationQueue":[],"_animationSpeed":0.622,"_zoom":11.958},{"_mousePosition":[683,384],"_rootPartCFrame":[763.275,231.787,45.45,-0.994,0.004,-0.111,0.006,1,-0.02,0.111,-0.021,-0.994],"_humanoidState":3,"_cameraCFrame":[760.894,243.288,39.068,-0.995,0.082,-0.054,0,0.548,0.836,0.098,0.832,-0.546],"_shiftlockState":true,"_pose":"Jumping","_animationQueue":[["climb",0.1],["jump",0.1]],"_animationSpeed":1,"_zoom":11.958},{"_mousePosition":[683,384],"_rootPartCFrame":[763.122,231.827,45.456,-0.999,0.002,-0.039,0.003,1,-0.013,0.039,-0.013,-0.999],"_humanoidState":5,"_cameraCFrame":[760.739,243.328,39.085,-0.995,0.082,-0.054,0,0.548,0.836,0.098,0.832,-0.546],"_shiftlockState":true,"_pose":"FreeFall","_animationQueue":[["jump",0.1]],"_animationSpeed":1,"_zoom":11.958},{"_mousePosition":[683,384],"_rootPartCFrame":[762.934,231.992,45.466,-0.998,0,-0.066,0,1,-0.002,0.066,-0.002,-0.998],"_humanoidState":12,"_cameraCFrame":[760.547,243.493,39.112,-0.995,0.082,-0.054,0,0.548,0.836,0.098,0.832,-0.546],"_shiftlockState":true,"_pose":"Climbing","_animationQueue":[["walk",0.1],["climb",0.1]],"_animationSpeed":0.197,"_zoom":11.958},{"_mousePosition":[683,384],"_rootPartCFrame":[762.717,232.17,45.476,-0.997,-0.001,-0.083,-0.002,1,0.008,0.083,0.008,-0.996],"_humanoidState":3,"_cameraCFrame":[760.329,243.672,39.138,-0.995,0.082,-0.054,0,0.548,0.836,0.098,0.832,-0.546],"_shiftlockState":true,"_pose":"Jumping","_animationQueue":[["climb",0.1],["jump",0.1]],"_animationSpeed":1,"_zoom":11.958},{"_mousePosition":[683,384],"_rootPartCFrame":[762.573,232.236,45.484,-0.999,-0.001,-0.033,-0.001,1,0.007,0.033,0.007,-0.999],"_humanoidState":5,"_cameraCFrame":[760.186,243.738,39.144,-0.995,0.082,-0.054,0,0.548,0.836,0.098,0.832,-0.546],"_shiftlockState":true,"_pose":"FreeFall","_animationQueue":[["jump",0.1]],"_animationSpeed":1,"_zoom":11.958},{"_mousePosition":[683,384],"_rootPartCFrame":[762.396,232.407,45.493,-0.998,0,-0.065,0,1,0.002,0.065,0.002,-0.998],"_humanoidState":12,"_cameraCFrame":[760.01,243.908,39.144,-0.995,0.082,-0.054,0,0.548,0.836,0.098,0.832,-0.546],"_shiftlockState":true,"_pose":"Climbing","_animationQueue":[["walk",0.1],["climb",0.1]],"_animationSpeed":0.374,"_zoom":11.958},{"_mousePosition":[683,384],"_rootPartCFrame":[762.234,232.557,45.501,-0.996,0,-0.085,0.001,1,-0.003,0.085,-0.003,-0.996],"_humanoidState":3,"_cameraCFrame":[759.849,244.059,39.146,-0.995,0.082,-0.054,0,0.548,0.836,0.098,0.832,-0.546],"_shiftlockState":true,"_pose":"Jumping","_animationQueue":[["climb",0.1],["jump",0.1]],"_animationSpeed":1,"_zoom":11.958},{"_mousePosition":[683,384],"_rootPartCFrame":[762.047,232.653,45.514,-1,0,-0.002,0,1,-0.003,0.002,-0.003,-1],"_humanoidState":5,"_cameraCFrame":[759.662,244.154,39.159,-0.995,0.082,-0.054,0,0.548,0.836,0.098,0.832,-0.546],"_shiftlockState":true,"_pose":"FreeFall","_animationQueue":[["jump",0.1]],"_animationSpeed":1,"_zoom":11.958},{"_mousePosition":[683,384],"_rootPartCFrame":[761.871,232.823,45.514,-0.998,0,-0.061,0,1,0,0.061,0,-0.998],"_humanoidState":12,"_cameraCFrame":[759.485,244.325,39.162,-0.995,0.082,-0.054,0,0.548,0.836,0.098,0.832,-0.546],"_shiftlockState":true,"_pose":"Climbing","_animationQueue":[["walk",0.1],["climb",0.1]],"_animationSpeed":0.377,"_zoom":11.958},{"_mousePosition":[683,384],"_rootPartCFrame":[761.687,232.899,45.516,-0.997,0.009,-0.081,0.008,1,0.009,0.081,0.008,-0.997],"_humanoidState":3,"_cameraCFrame":[759.314,244.4,39.177,-0.995,0.082,-0.054,0,0.548,0.836,0.098,0.832,-0.546],"_shiftlockState":true,"_pose":"Jumping","_animationQueue":[["climb",0.1],["jump",0.1]],"_animationSpeed":1,"_zoom":11.958},{"_mousePosition":[683,384],"_rootPartCFrame":[761.475,232.92,45.524,-1,0.006,-0.001,0.006,1,0.006,0.001,0.006,-1],"_humanoidState":5,"_cameraCFrame":[759.099,244.422,39.182,-0.995,0.082,-0.054,0,0.548,0.836,0.098,0.832,-0.546],"_shiftlockState":true,"_pose":"FreeFall","_animationQueue":[["jump",0.1]],"_animationSpeed":1,"_zoom":11.958},{"_mousePosition":[683,384],"_rootPartCFrame":[761.228,233.126,45.521,-0.998,0.001,-0.058,0.001,1,0,0.058,0,-0.998],"_humanoidState":12,"_cameraCFrame":[758.843,244.628,39.17,-0.995,0.082,-0.054,0,0.548,0.836,0.098,0.832,-0.546],"_shiftlockState":true,"_pose":"Climbing","_animationQueue":[["walk",0.1],["climb",0.1]],"_animationSpeed":0,"_zoom":11.958},{"_mousePosition":[683,384],"_rootPartCFrame":[761.096,233.244,45.509,-0.996,-0.002,-0.089,-0.002,1,0,0.089,0,-0.996],"_humanoidState":3,"_cameraCFrame":[758.707,244.745,39.157,-0.995,0.082,-0.054,0,0.548,0.836,0.098,0.832,-0.546],"_shiftlockState":true,"_pose":"Jumping","_animationQueue":[["climb",0.1],["jump",0.1]],"_animationSpeed":1,"_zoom":11.958},{"_mousePosition":[683,384],"_rootPartCFrame":[760.84,233.372,45.523,-1,-0.002,0.029,-0.002,1,0,-0.029,0,-1],"_humanoidState":5,"_cameraCFrame":[758.452,244.874,39.172,-0.995,0.082,-0.054,0,0.548,0.836,0.098,0.832,-0.546],"_shiftlockState":true,"_pose":"FreeFall","_animationQueue":[["jump",0.1]],"_animationSpeed":1,"_zoom":11.958},{"_mousePosition":[683,384],"_rootPartCFrame":[760.641,233.543,45.518,-0.998,0,-0.059,0,1,0,0.059,0,-0.998],"_humanoidState":12,"_cameraCFrame":[758.255,245.044,39.167,-0.995,0.082,-0.054,0,0.548,0.836,0.098,0.832,-0.546],"_shiftlockState":true,"_pose":"Climbing","_animationQueue":[["walk",0.1],["climb",0.1]],"_animationSpeed":0.378,"_zoom":11.958},{"_mousePosition":[683,384],"_rootPartCFrame":[760.503,233.66,45.51,-0.996,0,-0.086,0,1,0,0.086,0,-0.996],"_humanoidState":3,"_cameraCFrame":[758.118,245.162,39.159,-0.995,0.082,-0.054,0,0.548,0.836,0.098,0.832,-0.546],"_shiftlockState":true,"_pose":"Jumping","_animationQueue":[["climb",0.1],["jump",0.1]],"_animationSpeed":1,"_zoom":11.958},{"_mousePosition":[683,384],"_rootPartCFrame":[760.294,233.77,45.521,-1,0,-0.001,0,1,0,0.001,0,-1],"_humanoidState":5,"_cameraCFrame":[757.909,245.271,39.17,-0.995,0.082,-0.054,0,0.548,0.836,0.098,0.832,-0.546],"_shiftlockState":true,"_pose":"FreeFall","_animationQueue":[["jump",0.1]],"_animationSpeed":1,"_zoom":11.958},{"_mousePosition":[683,384],"_rootPartCFrame":[760.095,233.942,45.518,-0.998,0,-0.06,0,1,0,0.06,0,-0.998],"_humanoidState":12,"_cameraCFrame":[757.709,245.444,39.167,-0.995,0.082,-0.054,0,0.548,0.836,0.098,0.832,-0.546],"_shiftlockState":true,"_pose":"Climbing","_animationQueue":[["walk",0.1],["climb",0.1]],"_animationSpeed":0.444,"_zoom":11.958},{"_mousePosition":[683,384],"_rootPartCFrame":[759.911,234.092,45.514,-0.997,0,-0.082,0,1,0,0.082,0,-0.997],"_humanoidState":3,"_cameraCFrame":[757.524,245.594,39.163,-0.995,0.082,-0.054,0,0.548,0.836,0.098,0.832,-0.546],"_shiftlockState":true,"_pose":"Jumping","_animationQueue":[["climb",0.1],["jump",0.1]],"_animationSpeed":1,"_zoom":11.958},{"_mousePosition":[683,384],"_rootPartCFrame":[759.702,234.188,45.523,-1,0,-0.001,0,1,0,0.001,0,-1],"_humanoidState":5,"_cameraCFrame":[757.316,245.69,39.172,-0.995,0.082,-0.054,0,0.548,0.836,0.098,0.832,-0.546],"_shiftlockState":true,"_pose":"FreeFall","_animationQueue":[["jump",0.1]],"_animationSpeed":1,"_zoom":11.958},{"_mousePosition":[683,384],"_rootPartCFrame":[759.504,234.358,45.519,-0.998,0,-0.06,0,1,0,0.06,0,-0.998],"_humanoidState":12,"_cameraCFrame":[757.118,245.86,39.168,-0.995,0.082,-0.054,0,0.548,0.836,0.098,0.832,-0.546],"_shiftlockState":true,"_pose":"Climbing","_animationQueue":[["walk",0.1],["climb",0.1]],"_animationSpeed":0.377,"_zoom":11.958},{"_mousePosition":[683,384],"_rootPartCFrame":[759.321,234.508,45.514,-0.997,0,-0.082,0,1,0,0.082,0,-0.997],"_humanoidState":3,"_cameraCFrame":[756.935,246.01,39.163,-0.995,0.082,-0.054,0,0.548,0.836,0.098,0.832,-0.546],"_shiftlockState":true,"_pose":"Jumping","_animationQueue":[["climb",0.1],["jump",0.1]],"_animationSpeed":1,"_zoom":11.958},{"_mousePosition":[683,384],"_rootPartCFrame":[759.113,234.604,45.523,-1,0,-0.001,0,1,0,0.001,0,-1],"_humanoidState":5,"_cameraCFrame":[756.727,246.105,39.172,-0.995,0.082,-0.054,0,0.548,0.836,0.098,0.832,-0.546],"_shiftlockState":true,"_pose":"FreeFall","_animationQueue":[["jump",0.1]],"_animationSpeed":1,"_zoom":11.958},{"_mousePosition":[683,384],"_rootPartCFrame":[758.872,234.82,45.523,-0.998,0,-0.058,0,1,0,0.058,0,-0.998],"_humanoidState":12,"_cameraCFrame":[756.486,246.322,39.172,-0.995,0.082,-0.054,0,0.548,0.836,0.098,0.832,-0.546],"_shiftlockState":true,"_pose":"Climbing","_animationQueue":[["walk",0.1],["climb",0.1]],"_animationSpeed":0.375,"_zoom":11.958},{"_mousePosition":[683,384],"_rootPartCFrame":[758.7,234.971,45.512,-0.996,0,-0.085,0,1,0,0.085,0,-0.996],"_humanoidState":3,"_cameraCFrame":[756.313,246.473,39.161,-0.995,0.082,-0.054,0,0.548,0.836,0.098,0.832,-0.546],"_shiftlockState":true,"_pose":"Jumping","_animationQueue":[["climb",0.1],["jump",0.1]],"_animationSpeed":1,"_zoom":11.958},{"_mousePosition":[683,384],"_rootPartCFrame":[758.556,235.049,45.517,-0.999,0,-0.032,0,1,0,0.032,0,-0.999],"_humanoidState":5,"_cameraCFrame":[756.17,246.55,39.166,-0.995,0.082,-0.054,0,0.548,0.836,0.098,0.832,-0.546],"_shiftlockState":true,"_pose":"FreeFall","_animationQueue":[["jump",0.1]],"_animationSpeed":1,"_zoom":11.958},{"_mousePosition":[683,384],"_rootPartCFrame":[758.341,235.268,45.518,-0.998,0,-0.062,0,1,0,0.062,0,-0.998],"_humanoidState":12,"_cameraCFrame":[755.955,246.769,39.167,-0.995,0.082,-0.054,0,0.548,0.836,0.098,0.832,-0.546],"_shiftlockState":true,"_pose":"Climbing","_animationQueue":[["walk",0.1],["climb",0.1]],"_animationSpeed":0.448,"_zoom":11.958},{"_mousePosition":[683,384],"_rootPartCFrame":[758.217,235.351,45.51,-0.996,0.004,-0.089,0.004,1,0.003,0.089,0.003,-0.996],"_humanoidState":3,"_cameraCFrame":[755.837,246.853,39.163,-0.995,0.082,-0.054,0,0.548,0.836,0.098,0.832,-0.546],"_shiftlockState":true,"_pose":"Jumping","_animationQueue":[["climb",0.1],["jump",0.1]],"_animationSpeed":1,"_zoom":11.958},{"_mousePosition":[683,384],"_rootPartCFrame":[758.018,235.392,45.52,-1,0.004,-0.003,0.004,1,0.003,0.003,0.003,-1],"_humanoidState":5,"_cameraCFrame":[755.637,246.894,39.173,-0.995,0.082,-0.054,0,0.548,0.836,0.098,0.832,-0.546],"_shiftlockState":true,"_pose":"FreeFall","_animationQueue":[["jump",0.1]],"_animationSpeed":1,"_zoom":11.958},{"_mousePosition":[683,384],"_rootPartCFrame":[757.828,235.554,45.516,-0.998,0.001,-0.061,0.001,1,0,0.061,0,-0.998],"_humanoidState":12,"_cameraCFrame":[755.443,247.056,39.165,-0.995,0.082,-0.054,0,0.548,0.836,0.098,0.832,-0.546],"_shiftlockState":true,"_pose":"Climbing","_animationQueue":[["walk",0.1],["climb",0.1]],"_animationSpeed":0.101,"_zoom":11.958},{"_mousePosition":[683,384],"_rootPartCFrame":[757.609,235.732,45.516,-0.997,-0.002,-0.08,-0.002,1,-0.001,0.08,-0.001,-0.997],"_humanoidState":3,"_cameraCFrame":[755.22,247.234,39.163,-0.995,0.082,-0.054,0,0.548,0.836,0.098,0.832,-0.546],"_shiftlockState":true,"_pose":"Jumping","_animationQueue":[["climb",0.1],["jump",0.1]],"_animationSpeed":1,"_zoom":11.958},{"_mousePosition":[683,384],"_rootPartCFrame":[757.464,235.798,45.519,-1,-0.002,-0.031,-0.002,1,-0.001,0.031,-0.001,-1],"_humanoidState":5,"_cameraCFrame":[755.075,247.3,39.166,-0.995,0.082,-0.054,0,0.548,0.836,0.098,0.832,-0.546],"_shiftlockState":true,"_pose":"FreeFall","_animationQueue":[["jump",0.1]],"_animationSpeed":1,"_zoom":11.958},{"_mousePosition":[683,384],"_rootPartCFrame":[757.286,235.968,45.517,-0.998,-0.001,-0.064,-0.001,1,0,0.064,0,-0.998],"_humanoidState":12,"_cameraCFrame":[754.899,247.47,39.166,-0.995,0.082,-0.054,0,0.548,0.836,0.098,0.832,-0.546],"_shiftlockState":true,"_pose":"Climbing","_animationQueue":[["walk",0.1],["climb",0.1]],"_animationSpeed":0.372,"_zoom":11.958},{"_mousePosition":[683,384],"_rootPartCFrame":[757.082,236.147,45.517,-0.997,0.001,-0.081,0.001,1,0.001,0.081,0,-0.997],"_humanoidState":3,"_cameraCFrame":[754.697,247.649,39.167,-0.995,0.082,-0.054,0,0.548,0.836,0.098,0.832,-0.546],"_shiftlockState":true,"_pose":"Jumping","_animationQueue":[["climb",0.1],["jump",0.1]],"_animationSpeed":1,"_zoom":11.958},{"_mousePosition":[683,384],"_rootPartCFrame":[756.944,236.214,45.521,-0.999,0.001,-0.032,0.001,1,0,0.032,0,-0.999],"_humanoidState":5,"_cameraCFrame":[754.56,247.716,39.17,-0.995,0.082,-0.054,0,0.548,0.836,0.098,0.832,-0.546],"_shiftlockState":true,"_pose":"FreeFall","_animationQueue":[["jump",0.1]],"_animationSpeed":1,"_zoom":11.958},{"_mousePosition":[683,384],"_rootPartCFrame":[756.775,236.384,45.518,-0.998,0,-0.064,0,1,0,0.064,0,-0.998],"_humanoidState":12,"_cameraCFrame":[754.39,247.886,39.167,-0.995,0.082,-0.054,0,0.548,0.836,0.098,0.832,-0.546],"_shiftlockState":true,"_pose":"Climbing","_animationQueue":[["walk",0.1],["climb",0.1]],"_animationSpeed":0.376,"_zoom":11.958},{"_mousePosition":[683,384],"_rootPartCFrame":[756.607,236.486,45.515,-0.997,0.005,-0.082,0.005,1,0.006,0.082,0.005,-0.997],"_humanoidState":3,"_cameraCFrame":[754.229,247.988,39.171,-0.995,0.082,-0.054,0,0.548,0.836,0.098,0.832,-0.546],"_shiftlockState":true,"_pose":"Jumping","_animationQueue":[["climb",0.1],["jump",0.1]],"_animationSpeed":1,"_zoom":11.958},{"_mousePosition":[683,384],"_rootPartCFrame":[756.407,236.518,45.524,-1,0.004,-0.001,0.004,1,0.004,0.001,0.004,-1],"_humanoidState":5,"_cameraCFrame":[754.028,248.02,39.179,-0.995,0.082,-0.054,0,0.548,0.836,0.098,0.832,-0.546],"_shiftlockState":true,"_pose":"FreeFall","_animationQueue":[["jump",0.1]],"_animationSpeed":1,"_zoom":11.958},{"_mousePosition":[683,384],"_rootPartCFrame":[756.175,236.725,45.522,-0.998,0,-0.058,0,1,0,0.058,0,-0.998],"_humanoidState":12,"_cameraCFrame":[753.79,248.227,39.171,-0.995,0.082,-0.054,0,0.548,0.836,0.098,0.832,-0.546],"_shiftlockState":true,"_pose":"Climbing","_animationQueue":[["walk",0.1],["climb",0.1]],"_animationSpeed":0.056,"_zoom":11.958},{"_mousePosition":[683,384],"_rootPartCFrame":[756.011,236.876,45.512,-0.996,-0.002,-0.086,-0.002,1,0,0.086,0,-0.996],"_humanoidState":3,"_cameraCFrame":[753.633,248.193,39.281,-0.995,0.082,-0.054,0,0.548,0.836,0.098,0.832,-0.546],"_shiftlockState":true,"_pose":"Jumping","_animationQueue":[["climb",0.1],["jump",0.1]],"_animationSpeed":1,"_zoom":9.167},{"_mousePosition":[683,384],"_rootPartCFrame":[755.822,236.972,45.521,-1,-0.002,-0.003,-0.002,1,0,0.003,0,-1],"_humanoidState":5,"_cameraCFrame":[753.47,247.906,39.54,-0.995,0.082,-0.054,0,0.548,0.836,0.098,0.832,-0.546],"_shiftlockState":true,"_pose":"FreeFall","_animationQueue":[["jump",0.1]],"_animationSpeed":1,"_zoom":9.167},{"_mousePosition":[683,384],"_rootPartCFrame":[755.685,237.096,45.513,-0.998,-0.001,-0.064,-0.001,1,0,0.064,0,-0.998],"_humanoidState":12,"_cameraCFrame":[753.373,247.43,39.924,-0.995,0.082,-0.054,0,0.548,0.836,0.098,0.832,-0.546],"_shiftlockState":true,"_pose":"Climbing","_animationQueue":[["walk",0.1],["climb",0.1]],"_animationSpeed":0.378,"_zoom":6.933},{"_mousePosition":[683,384],"_rootPartCFrame":[755.469,237.271,45.518,-0.998,0.001,-0.068,0.001,1,0,0.068,0,-0.998],"_humanoidState":3,"_cameraCFrame":[753.194,246.977,40.331,-0.995,0.083,-0.055,0,0.549,0.836,0.099,0.832,-0.546],"_shiftlockState":true,"_pose":"Jumping","_animationQueue":[["climb",0.1],["jump",0.1]],"_animationSpeed":1,"_zoom":6.933},{"_mousePosition":[683,384],"_rootPartCFrame":[755.27,237.35,45.524,-1,0.001,0,0.001,1,0,0,0,-1],"_humanoidState":5,"_cameraCFrame":[753.03,246.468,40.686,-0.995,0.083,-0.055,0,0.552,0.834,0.099,0.83,-0.549],"_shiftlockState":true,"_pose":"FreeFall","_animationQueue":[["jump",0.1]],"_animationSpeed":1,"_zoom":6.933},{"_mousePosition":[683,384],"_rootPartCFrame":[755.082,237.517,45.519,-0.995,0,-0.1,0,1,0,0.1,0,-0.995],"_humanoidState":12,"_cameraCFrame":[753.011,244.8,41.859,-0.996,0.071,-0.047,0,0.552,0.834,0.086,0.831,-0.55],"_shiftlockState":true,"_pose":"Climbing","_animationQueue":[],"_animationSpeed":0.291,"_zoom":6.933},{"_mousePosition":[683,384],"_rootPartCFrame":[754.928,237.674,45.514,-0.997,0.002,-0.079,0.002,1,-0.003,0.079,-0.003,-0.997],"_humanoidState":12,"_cameraCFrame":[752.909,244.956,41.822,-0.997,0.06,-0.04,0,0.552,0.834,0.072,0.832,-0.55],"_shiftlockState":true,"_pose":"Climbing","_animationQueue":[],"_animationSpeed":0.291,"_zoom":6.933},{"_mousePosition":[683,384],"_rootPartCFrame":[754.804,237.761,45.51,-0.997,0.005,-0.072,0.006,1,-0.006,0.072,-0.006,-0.997],"_humanoidState":12,"_cameraCFrame":[752.822,245.047,41.801,-0.998,0.053,-0.035,0,0.551,0.835,0.064,0.833,-0.55],"_shiftlockState":true,"_pose":"Climbing","_animationQueue":[["climb",0.1]],"_animationSpeed":0.355,"_zoom":6.933},{"_mousePosition":[683,384],"_rootPartCFrame":[754.582,237.918,45.506,-0.998,0.007,-0.068,0.008,1,-0.007,0.068,-0.008,-0.998],"_humanoidState":12,"_cameraCFrame":[752.622,245.204,41.784,-0.998,0.049,-0.032,0,0.551,0.835,0.058,0.833,-0.55],"_shiftlockState":true,"_pose":"Climbing","_animationQueue":[["climb",0.1]],"_animationSpeed":0.596,"_zoom":6.933},{"_mousePosition":[683,384],"_rootPartCFrame":[754.443,238.015,45.504,-0.998,0.007,-0.062,0.007,1,-0.008,0.062,-0.008,-0.998],"_humanoidState":12,"_cameraCFrame":[752.506,245.301,41.769,-0.999,0.044,-0.029,0,0.551,0.835,0.052,0.833,-0.55],"_shiftlockState":true,"_pose":"Climbing","_animationQueue":[["climb",0.1]],"_animationSpeed":0.645,"_zoom":6.933},{"_mousePosition":[683,384],"_rootPartCFrame":[754.252,238.143,45.503,-0.998,0.006,-0.057,0.006,1,-0.008,0.057,-0.008,-0.998],"_humanoidState":12,"_cameraCFrame":[752.329,245.432,41.764,-0.999,0.04,-0.026,0,0.55,0.835,0.048,0.834,-0.55],"_shiftlockState":true,"_pose":"Climbing","_animationQueue":[],"_animationSpeed":0.645,"_zoom":6.933},{"_mousePosition":[683,384],"_rootPartCFrame":[754.059,238.275,45.503,-0.999,0.006,-0.053,0.006,1,-0.008,0.053,-0.008,-0.999],"_humanoidState":12,"_cameraCFrame":[752.159,245.567,41.757,-0.999,0.035,-0.023,0,0.55,0.835,0.042,0.835,-0.549],"_shiftlockState":true,"_pose":"Climbing","_animationQueue":[],"_animationSpeed":0.645,"_zoom":6.933},{"_mousePosition":[683,384],"_rootPartCFrame":[753.815,238.442,45.504,-0.999,0.005,-0.048,0.006,1,-0.008,0.048,-0.008,-0.999],"_humanoidState":12,"_cameraCFrame":[751.943,245.734,41.744,-0.999,0.029,-0.019,0,0.55,0.835,0.034,0.835,-0.549],"_shiftlockState":true,"_pose":"Climbing","_animationQueue":[["climb",0.1]],"_animationSpeed":0.681,"_zoom":6.933},{"_mousePosition":[683,384],"_rootPartCFrame":[753.619,238.575,45.505,-0.999,0.005,-0.039,0.006,1,-0.007,0.039,-0.008,-0.999],"_humanoidState":12,"_cameraCFrame":[751.774,245.87,41.737,-1,0.023,-0.015,0,0.549,0.836,0.027,0.836,-0.549],"_shiftlockState":true,"_pose":"Climbing","_animationQueue":[],"_animationSpeed":0.681,"_zoom":6.933},{"_mousePosition":[683,384],"_rootPartCFrame":[753.422,238.709,45.506,-0.999,0.005,-0.032,0.006,1,-0.007,0.032,-0.007,-0.999],"_humanoidState":12,"_cameraCFrame":[751.613,246.007,41.726,-1,0.015,-0.01,0,0.548,0.836,0.018,0.836,-0.548],"_shiftlockState":true,"_pose":"Climbing","_animationQueue":[],"_animationSpeed":0.681,"_zoom":6.933},{"_mousePosition":[683,384],"_rootPartCFrame":[753.273,238.809,45.507,-1,0.005,-0.021,0.005,1,-0.007,0.021,-0.007,-1],"_humanoidState":12,"_cameraCFrame":[751.503,246.11,41.713,-1,0.006,-0.004,0,0.548,0.837,0.007,0.837,-0.548],"_shiftlockState":true,"_pose":"Climbing","_animationQueue":[],"_animationSpeed":0.681,"_zoom":6.933},{"_mousePosition":[683,384],"_rootPartCFrame":[753.026,238.978,45.509,-1,0.005,-0.013,0.005,1,-0.007,0.013,-0.007,-1],"_humanoidState":12,"_cameraCFrame":[751.284,246.282,41.707,-1,0,0,0,0.547,0.837,0,0.837,-0.547],"_shiftlockState":true,"_pose":"Climbing","_animationQueue":[],"_animationSpeed":0.681,"_zoom":6.933},{"_mousePosition":[683,384],"_rootPartCFrame":[752.877,239.079,45.51,-1,0.005,-0.003,0.005,1,-0.006,0.003,-0.007,-1],"_humanoidState":12,"_cameraCFrame":[751.156,246.383,41.7,-1,-0.004,0.003,0,0.547,0.837,-0.005,0.837,-0.547],"_shiftlockState":true,"_pose":"Climbing","_animationQueue":[],"_animationSpeed":0.681,"_zoom":6.933},{"_mousePosition":[683,384],"_rootPartCFrame":[752.631,239.251,45.512,-1,0.005,0,0.005,1,-0.006,-0.001,-0.006,-1],"_humanoidState":12,"_cameraCFrame":[750.918,246.555,41.698,-1,-0.006,0.004,0,0.547,0.837,-0.007,0.837,-0.547],"_shiftlockState":true,"_pose":"Climbing","_animationQueue":[],"_animationSpeed":0.681,"_zoom":6.933},{"_mousePosition":[683,384],"_rootPartCFrame":[752.483,239.353,45.513,-1,0.005,0.005,0.005,1,-0.006,-0.005,-0.006,-1],"_humanoidState":12,"_cameraCFrame":[750.77,246.657,41.699,-1,-0.006,0.004,0,0.547,0.837,-0.007,0.837,-0.547],"_shiftlockState":true,"_pose":"Climbing","_animationQueue":[],"_animationSpeed":0.681,"_zoom":6.933},{"_mousePosition":[683,384],"_rootPartCFrame":[752.287,239.491,45.515,-