[{"_mousePosition":[1201,369],"_rootPartCFrame":[776.034,222.978,47.142,-0.001,-0.007,1,0,1,0.007,-1,0,-0.001],"_humanoidState":8,"_cameraCFrame":[786.063,236.062,45.242,-0.186,-0.737,0.65,0,0.661,0.75,-0.983,0.139,-0.123],"_shiftlockState":false,"_pose":"Standing","_animationQueue":[],"_animationSpeed":1,"_zoom":15.447},{"_mousePosition":[1207,372],"_rootPartCFrame":[775.919,222.913,47.164,-0.015,-0.003,1,0,1,0.003,-1,0,-0.015],"_humanoidState":8,"_cameraCFrame":[785.954,235.997,45.264,-0.186,-0.737,0.65,0,0.661,0.75,-0.983,0.139,-0.123],"_shiftlockState":false,"_pose":"Standing","_animationQueue":[],"_animationSpeed":1,"_zoom":15.447},{"_mousePosition":[1217,379],"_rootPartCFrame":[775.793,222.848,47.188,-0.026,-0.001,1,0,1,0.001,-1,0,-0.026],"_humanoidState":8,"_cameraCFrame":[785.831,235.933,45.288,-0.186,-0.737,0.65,0,0.661,0.75,-0.983,0.139,-0.123],"_shiftlockState":false,"_pose":"Running","_animationQueue":[["walk",0.1]],"_animationSpeed":0.829,"_zoom":15.447},{"_mousePosition":[1231,389],"_rootPartCFrame":[775.531,222.678,47.237,-0.048,0,0.999,0,1,0,-0.999,0,-0.048],"_humanoidState":8,"_cameraCFrame":[785.571,235.763,45.337,-0.186,-0.737,0.65,0,0.661,0.75,-0.983,0.139,-0.123],"_shiftlockState":false,"_pose":"Running","_animationQueue":[["walk",0.1]],"_animationSpeed":1.067,"_zoom":15.447},{"_mousePosition":[1261,406],"_rootPartCFrame":[775.269,222.655,47.287,-0.067,0,0.998,0,1,0,-0.998,0,-0.067],"_humanoidState":8,"_cameraCFrame":[785.309,235.74,45.387,-0.186,-0.737,0.65,0,0.661,0.75,-0.983,0.139,-0.123],"_shiftlockState":false,"_pose":"Running","_animationQueue":[],"_animationSpeed":1.067,"_zoom":15.447},{"_mousePosition":[1295,423],"_rootPartCFrame":[775.007,222.67,47.336,-0.083,0,0.997,0,1,0,-0.997,0,-0.083],"_humanoidState":8,"_cameraCFrame":[785.046,235.755,45.437,-0.186,-0.737,0.65,0,0.661,0.75,-0.983,0.139,-0.123],"_shiftlockState":false,"_pose":"Running","_animationQueue":[],"_animationSpeed":1.067,"_zoom":15.447},{"_mousePosition":[1349,449],"_rootPartCFrame":[774.745,222.683,47.386,-0.097,0,0.995,0,1,0,-0.995,0,-0.097],"_humanoidState":8,"_cameraCFrame":[784.784,235.768,45.486,-0.186,-0.737,0.65,0,0.661,0.75,-0.983,0.139,-0.123],"_shiftlockState":false,"_pose":"Running","_animationQueue":[],"_animationSpeed":1.067,"_zoom":15.447},{"_mousePosition":[1365,472],"_rootPartCFrame":[774.352,222.693,47.46,-0.115,0,0.993,0,1,0,-0.993,0,-0.115],"_humanoidState":8,"_cameraCFrame":[784.392,235.778,45.561,-0.186,-0.737,0.65,0,0.661,0.75,-0.983,0.139,-0.123],"_shiftlockState":false,"_pose":"Running","_animationQueue":[],"_animationSpeed":1.067,"_zoom":15.447},{"_mousePosition":[1365,495],"_rootPartCFrame":[774.09,222.696,47.51,-0.125,0,0.992,0,1,0,-0.992,0,-0.125],"_humanoidState":8,"_cameraCFrame":[784.13,235.781,45.61,-0.186,-0.737,0.65,0,0.661,0.75,-0.983,0.139,-0.123],"_shiftlockState":false,"_pose":"Running","_animationQueue":[["walk",0.1]],"_animationSpeed":1.067,"_zoom":15.447},{"_mousePosition":[1365,516],"_rootPartCFrame":[773.959,222.697,47.535,-0.129,0,0.992,0,1,0,-0.992,0,-0.129],"_humanoidState":8,"_cameraCFrame":[783.999,235.782,45.635,-0.186,-0.737,0.65,0,0.661,0.75,-0.983,0.139,-0.123],"_shiftlockState":false,"_pose":"Running","_animationQueue":[],"_animationSpeed":1.067,"_zoom":15.447},{"_mousePosition":[1365,547],"_rootPartCFrame":[773.697,222.698,47.584,-0.137,0,0.991,0,1,0,-0.991,0,-0.137],"_humanoidState":8,"_cameraCFrame":[783.737,235.783,45.684,-0.186,-0.737,0.65,0,0.661,0.75,-0.983,0.139,-0.123],"_shiftlockState":false,"_pose":"Running","_animationQueue":[],"_animationSpeed":1.067,"_zoom":15.447},{"_mousePosition":[1365,567],"_rootPartCFrame":[773.435,222.699,47.634,-0.143,0,0.99,0,1,0,-0.99,0,-0.143],"_humanoidState":8,"_cameraCFrame":[783.475,235.783,45.734,-0.186,-0.737,0.65,0,0.661,0.75,-0.983,0.139,-0.123],"_shiftlockState":false,"_pose":"Running","_animationQueue":[],"_animationSpeed":1.067,"_zoom":15.447},{"_mousePosition":[1365,591],"_rootPartCFrame":[773.173,222.699,47.683,-0.149,0,0.989,0,1,0,-0.989,0,-0.149],"_humanoidState":8,"_cameraCFrame":[783.213,235.784,45.784,-0.186,-0.737,0.65,0,0.661,0.75,-0.983,0.139,-0.123],"_shiftlockState":false,"_pose":"Running","_animationQueue":[],"_animationSpeed":1.067,"_zoom":15.447},{"_mousePosition":[1365,612],"_rootPartCFrame":[772.834,222.7,47.498,-0.011,0,1,0,1,0,-1,0,-0.011],"_humanoidState":8,"_cameraCFrame":[782.549,235.784,43.878,-0.186,-0.737,0.65,0,0.661,0.75,-0.983,0.139,-0.123],"_shiftlockState":true,"_pose":"Running","_animationQueue":[],"_animationSpeed":1.067,"_zoom":15.447},{"_mousePosition":[683,384],"_rootPartCFrame":[772.614,222.7,47.348,-0.164,0,0.987,0,1,0,-0.987,0,-0.164],"_humanoidState":8,"_cameraCFrame":[782.328,235.784,43.728,-0.186,-0.737,0.65,0,0.661,0.75,-0.983,0.139,-0.123],"_shiftlockState":true,"_pose":"Running","_animationQueue":[],"_animationSpeed":1.067,"_zoom":15.447},{"_mousePosition":[683,384],"_rootPartCFrame":[772.448,222.7,47.235,-0.186,0,0.983,0,1,0,-0.983,0,-0.186],"_humanoidState":8,"_cameraCFrame":[782.071,235.899,43.741,-0.176,-0.746,0.643,0,0.653,0.757,-0.984,0.133,-0.115],"_shiftlockState":true,"_pose":"Running","_animationQueue":[["walk",0.1]],"_animationSpeed":1.067,"_zoom":15.447},{"_mousePosition":[683,384],"_rootPartCFrame":[772.228,222.7,47.085,-0.176,0,0.984,0,1,0,-0.984,0,-0.176],"_humanoidState":8,"_cameraCFrame":[781.729,236.004,43.612,-0.176,-0.752,0.635,0,0.645,0.764,-0.984,0.134,-0.113],"_shiftlockState":true,"_pose":"Running","_animationQueue":[],"_animationSpeed":1.067,"_zoom":15.447},{"_mousePosition":[683,384],"_rootPartCFrame":[772.009,222.7,46.933,-0.176,0,0.984,0,1,0,-0.984,0,-0.176],"_humanoidState":8,"_cameraCFrame":[781.404,236.076,43.416,-0.182,-0.756,0.629,0,0.639,0.769,-0.983,0.14,-0.116],"_shiftlockState":true,"_pose":"Running","_animationQueue":[],"_animationSpeed":1.067,"_zoom":15.447},{"_mousePosition":[683,384],"_rootPartCFrame":[771.791,222.7,46.78,-0.182,0,0.983,0,1,0,-0.983,0,-0.182],"_humanoidState":8,"_cameraCFrame":[781.035,236.171,43.187,-0.192,-0.761,0.62,0,0.632,0.775,-0.981,0.149,-0.121],"_shiftlockState":true,"_pose":"Running","_animationQueue":[],"_animationSpeed":1.067,"_zoom":15.447},{"_mousePosition":[683,384],"_rootPartCFrame":[771.571,222.7,46.629,-0.192,0,0.981,0,1,0,-0.981,0,-0.192],"_humanoidState":8,"_cameraCFrame":[780.596,236.304,42.925,-0.207,-0.767,0.608,0,0.621,0.784,-0.978,0.163,-0.129],"_shiftlockState":true,"_pose":"Running","_animationQueue":[],"_animationSpeed":1.067,"_zoom":15.447},{"_mousePosition":[683,384],"_rootPartCFrame":[771.296,223.77,46.44,-0.207,0,0.978,0,1,0,-0.978,0,-0.207],"_humanoidState":3,"_cameraCFrame":[780.177,237.458,42.666,-0.218,-0.77,0.6,0,0.614,0.789,-0.976,0.172,-0.134],"_shiftlockState":true,"_pose":"Jumping","_animationQueue":[["walk",0.1],["jump",0.1]],"_animationSpeed":1,"_zoom":15.447},{"_mousePosition":[683,384],"_rootPartCFrame":[771.129,224.371,46.33,-0.169,0,0.986,0,1,0,-0.986,0,-0.169],"_humanoidState":5,"_cameraCFrame":[779.855,238.151,42.49,-0.228,-0.774,0.591,0,0.607,0.795,-0.974,0.181,-0.138],"_shiftlockState":true,"_pose":"FreeFall","_animationQueue":[["jump",0.1]],"_animationSpeed":1,"_zoom":15.447},{"_mousePosition":[683,384],"_rootPartCFrame":[770.904,225.125,46.187,-0.13,0,0.992,0,1,0,-0.992,0,-0.13],"_humanoidState":5,"_cameraCFrame":[779.491,238.987,42.299,-0.236,-0.778,0.583,0,0.6,0.8,-0.972,0.189,-0.142],"_shiftlockState":true,"_pose":"FreeFall","_animationQueue":[],"_animationSpeed":1,"_zoom":15.447},{"_mousePosition":[683,384],"_rootPartCFrame":[770.678,225.824,46.046,-0.133,0,0.991,0,1,0,-0.991,0,-0.133],"_humanoidState":5,"_cameraCFrame":[779.136,239.754,42.091,-0.246,-0.78,0.575,0,0.594,0.805,-0.969,0.198,-0.146],"_shiftlockState":true,"_pose":"FreeFall","_animationQueue":[],"_animationSpeed":1,"_zoom":15.447},{"_mousePosition":[683,384],"_rootPartCFrame":[770.45,226.469,45.907,-0.142,0,0.99,0,1,0,-0.99,0,-0.142],"_humanoidState":5,"_cameraCFrame":[778.7,240.479,41.771,-0.271,-0.78,0.565,0,0.587,0.81,-0.963,0.219,-0.159],"_shiftlockState":true,"_pose":"FreeFall","_animationQueue":[],"_animationSpeed":1,"_zoom":15.447},{"_mousePosition":[683,384],"_rootPartCFrame":[770.221,227.059,45.77,-0.166,0,0.986,0,1,0,-0.986,0,-0.166],"_humanoidState":5,"_cameraCFrame":[778.209,241.135,41.329,-0.31,-0.774,0.552,0,0.581,0.814,-0.951,0.252,-0.18],"_shiftlockState":true,"_pose":"FreeFall","_animationQueue":[],"_animationSpeed":1,"_zoom":15.447},{"_mousePosition":[683,384],"_rootPartCFrame":[770.03,227.587,45.641,-0.177,0,0.984,-0.003,1,-0.001,-0.984,-0.003,-0.177],"_humanoidState":5,"_cameraCFrame":[777.547,241.749,40.652,-0.38,-0.758,0.53,0,0.573,0.82,-0.925,0.312,-0.218],"_shiftlockState":true,"_pose":"FreeFall","_animationQueue":[],"_animationSpeed":1,"_zoom":15.447},{"_mousePosition":[683,384],"_rootPartCFrame":[770.104,228.035,45.536,-0.236,0.001,0.972,-0.004,1,-0.002,-0.972,-0.004,-0.236],"_humanoidState":5,"_cameraCFrame":[777.039,242.31,40.017,-0.455,-0.736,0.5,0,0.562,0.827,-0.89,0.377,-0.256],"_shiftlockState":true,"_pose":"FreeFall","_animationQueue":[],"_animationSpeed":1,"_zoom":15.447},{"_mousePosition":[683,384],"_rootPartCFrame":[770.231,228.428,45.454,-0.342,0,0.94,-0.002,1,0,-0.94,-0.002,-0.342],"_humanoidState":5,"_cameraCFrame":[776.517,242.821,39.457,-0.53,-0.708,0.467,0,0.551,0.835,-0.848,0.442,-0.292],"_shiftlockState":true,"_pose":"FreeFall","_animationQueue":[],"_animationSpeed":1,"_zoom":15.447},{"_mousePosition":[683,384],"_rootPartCFrame":[770.305,228.767,45.384,-0.427,0,0.904,0,1,0,-0.904,0,-0.427],"_humanoidState":5,"_cameraCFrame":[776.032,243.249,39.032,-0.59,-0.679,0.438,0,0.542,0.84,-0.807,0.496,-0.32],"_shiftlockState":true,"_pose":"FreeFall","_animationQueue":[],"_animationSpeed":1,"_zoom":15.447},{"_mousePosition":[683,384],"_rootPartCFrame":[770.358,229.052,45.332,-0.493,0,0.87,0,1,0,-0.87,0,-0.493],"_humanoidState":5,"_cameraCFrame":[775.502,243.613,38.653,-0.648,-0.644,0.406,0,0.534,0.846,-0.761,0.548,-0.346],"_shiftlockState":true,"_pose":"FreeFall","_animationQueue":[],"_animationSpeed":1,"_zoom":15.447},{"_mousePosition":[683,384],"_rootPartCFrame":[770.398,229.282,45.296,-0.557,0,0.831,0,1,0,-0.831,0,-0.557],"_humanoidState":5,"_cameraCFrame":[775.081,243.89,38.374,-0.693,-0.612,0.382,0,0.529,0.849,-0.721,0.588,-0.366],"_shiftlockState":true,"_pose":"FreeFall","_animationQueue":[],"_animationSpeed":1,"_zoom":15.447},{"_mousePosition":[683,384],"_rootPartCFrame":[770.39,229.457,45.259,-0.607,0,0.795,0,1,0,-0.795,0,-0.607],"_humanoidState":5,"_cameraCFrame":[774.512,244.124,38.096,-0.741,-0.572,0.351,0,0.523,0.852,-0.671,0.632,-0.388],"_shiftlockState":true,"_pose":"FreeFall","_animationQueue":[],"_animationSpeed":1,"_zoom":15.447},{"_mousePosition":[683,384],"_rootPartCFrame":[770.343,229.578,45.227,-0.661,0,0.751,0,1,0,-0.751,0,-0.661],"_humanoidState":5,"_cameraCFrame":[773.926,244.316,37.906,-0.783,-0.533,0.321,0,0.515,0.857,-0.622,0.671,-0.403],"_shiftlockState":true,"_pose":"FreeFall","_animationQueue":[],"_animationSpeed":1,"_zoom":15.447},{"_mousePosition":[683,384],"_rootPartCFrame":[770.256,229.644,45.201,-0.707,0,0.707,0,1,0,-0.707,0,-0.707],"_humanoidState":5,"_cameraCFrame":[773.303,244.471,37.8,-0.819,-0.495,0.29,0,0.506,0.863,-0.574,0.707,-0.414],"_shiftlockState":true,"_pose":"FreeFall","_animationQueue":[],"_animationSpeed":1,"_zoom":15.447},{"_mousePosition":[683,384],"_rootPartCFrame":[770.148,229.656,45.202,-0.795,0,0.606,0,1,0,-0.606,0,-0.795],"_humanoidState":5,"_cameraCFrame":[772.714,244.564,37.765,-0.849,-0.458,0.262,0,0.497,0.868,-0.528,0.737,-0.422],"_shiftlockState":true,"_pose":"FreeFall","_animationQueue":[["fall",0.3]],"_animationSpeed":1,"_zoom":15.447},{"_mousePosition":[683,384],"_rootPartCFrame":[770.07,230.238,45.281,-0.845,0,0.534,0,1,0,-0.534,0,-0.845],"_humanoidState":7,"_cameraCFrame":[772.083,245.232,37.829,-0.881,-0.413,0.23,0,0.487,0.874,-0.473,0.77,-0.429],"_shiftlockState":true,"_pose":"FreeFall","_animationQueue":[["walk",0.1],["fall",0.3],["fall",0.3]],"_animationSpeed":1,"_zoom":15.447},{"_mousePosition":[683,384],"_rootPartCFrame":[769.989,230.851,45.408,-0.881,0,0.474,0,1,0,-0.474,0,-0.881],"_humanoidState":7,"_cameraCFrame":[771.464,245.923,37.971,-0.909,-0.365,0.199,0,0.478,0.879,-0.416,0.799,-0.434],"_shiftlockState":true,"_pose":"FreeFall","_animationQueue":[],"_animationSpeed":1,"_zoom":15.447},{"_mousePosition":[683,384],"_rootPartCFrame":[769.919,231.342,45.536,-0.909,0,0.416,0,1,0,-0.416,0,-0.909],"_humanoidState":8,"_cameraCFrame":[770.707,246.543,38.233,-0.94,-0.303,0.158,0,0.462,0.887,-0.341,0.834,-0.434],"_shiftlockState":true,"_pose":"Running","_animationQueue":[["walk",0.1],["fall",0.3],["walk",0.1]],"_animationSpeed":0.621,"_zoom":15.447},{"_mousePosition":[683,384],"_rootPartCFrame":[769.849,232.205,45.665,-0.94,0,0.341,0,1,0,-0.341,0,-0.94],"_humanoidState":3,"_cameraCFrame":[770.137,247.547,38.594,-0.958,-0.257,0.127,0,0.444,0.896,-0.286,0.859,-0.425],"_shiftlockState":true,"_pose":"Jumping","_animationQueue":[["walk",0.1],["jump",0.1]],"_animationSpeed":1,"_zoom":15.447},{"_mousePosition":[683,384],"_rootPartCFrame":[769.776,233.014,45.818,-0.957,0,0.292,0,1,0,-0.292,0,-0.957],"_humanoidState":5,"_cameraCFrame":[769.771,248.475,38.98,-0.967,-0.231,0.109,0,0.428,0.904,-0.255,0.874,-0.414],"_shiftlockState":true,"_pose":"FreeFall","_animationQueue":[["jump",0.1]],"_animationSpeed":1,"_zoom":15.447},{"_mousePosition":[683,384],"_rootPartCFrame":[769.699,233.768,46.011,-0.966,0,0.26,0,1,0,-0.26,0,-0.966],"_humanoidState":5,"_cameraCFrame":[769.653,249.266,39.249,-0.968,-0.228,0.107,0,0.423,0.906,-0.252,0.877,-0.409],"_shiftlockState":true,"_pose":"FreeFall","_animationQueue":[],"_animationSpeed":1,"_zoom":15.447},{"_mousePosition":[683,384],"_rootPartCFrame":[769.627,234.467,46.243,-0.967,0,0.254,0,1,0,-0.254,0,-0.967],"_humanoidState":5,"_cameraCFrame":[769.588,249.965,39.481,-0.967,-0.229,0.107,0,0.423,0.906,-0.253,0.877,-0.409],"_shiftlockState":true,"_pose":"FreeFall","_animationQueue":[],"_animationSpeed":1,"_zoom":15.447},{"_mousePosition":[683,384],"_rootPartCFrame":[769.56,235.112,46.499,-0.967,0,0.253,0,1,0,-0.253,0,-0.967],"_humanoidState":5,"_cameraCFrame":[769.58,250.605,39.727,-0.965,-0.237,0.111,0,0.424,0.906,-0.261,0.874,-0.409],"_shiftlockState":true,"_pose":"FreeFall","_animationQueue":[],"_animationSpeed":1,"_zoom":15.447},{"_mousePosition":[683,384],"_rootPartCFrame":[769.492,235.702,46.757,-0.965,0,0.261,0,1,0,-0.261,0,-0.965],"_humanoidState":5,"_cameraCFrame":[769.586,251.19,39.974,-0.962,-0.246,0.115,0,0.424,0.906,-0.271,0.872,-0.408],"_shiftlockState":true,"_pose":"FreeFall","_animationQueue":[],"_animationSpeed":1,"_zoom":15.447},{"_mousePosition":[683,384],"_rootPartCFrame":[769.423,236.238,47.015,-0.963,0,0.27,0,1,0,-0.27,0,-0.963],"_humanoidState":5,"_cameraCFrame":[769.573,251.715,40.211,-0.96,-0.252,0.119,0,0.426,0.905,-0.278,0.869,-0.409],"_shiftlockState":true,"_pose":"FreeFall","_animationQueue":[],"_animationSpeed":1,"_zoom":15.447},{"_mousePosition":[683,384],"_rootPartCFrame":[769.351,236.719,47.271,-0.961,0,0.277,0,1,0,-0.277,0,-0.961],"_humanoidState":5,"_cameraCFrame":[769.515,252.197,40.468,-0.96,-0.254,0.119,0,0.426,0.905,-0.28,0.869,-0.409],"_shiftlockState":true,"_pose":"FreeFall","_animationQueue":[],"_animationSpeed":1,"_zoom":15.447},{"_mousePosition":[683,384],"_rootPartCFrame":[769.277,237.146,47.528,-0.96,0,0.28,0,1,0,-0.28,0,-0.96],"_humanoidState":5,"_cameraCFrame":[769.445,252.629,40.735,-0.96,-0.255,0.12,0,0.425,0.905,-0.281,0.869,-0.408],"_shiftlockState":true,"_pose":"FreeFall","_animationQueue":[],"_animationSpeed":1,"_zoom":15.447},{"_mousePosition":[683,384],"_rootPartCFrame":[769.202,237.519,47.784,-0.96,0,0.281,0,1,0,-0.281,0,-0.96],"_humanoidState":5,"_cameraCFrame":[769.376,253.028,41.046,-0.959,-0.258,0.12,0,0.421,0.907,-0.284,0.869,-0.404],"_shiftlockState":true,"_pose":"FreeFall","_animationQueue":[],"_animationSpeed":1,"_zoom":15.447},{"_mousePosition":[683,384],"_rootPartCFrame":[769.127,237.837,48.04,-0.959,0,0.284,0,1,0,-0.284,0,-0.959],"_humanoidState":5,"_cameraCFrame":[769.373,253.387,41.392,-0.954,-0.271,0.124,0,0.416,0.91,-0.298,0.868,-0.397],"_shiftlockState":true,"_pose":"FreeFall","_animationQueue":[],"_animationSpeed":1,"_zoom":15.447},{"_mousePosition":[683,384],"_rootPartCFrame":[769.052,238.1,48.295,-0.955,0,0.297,0,1,0,-0.297,0,-0.955],"_humanoidState":5,"_cameraCFrame":[769.452,253.687,41.732,-0.946,-0.296,0.133,0,0.41,0.912,-0.324,0.863,-0.388],"_shiftlockState":true,"_pose":"FreeFall","_animationQueue":[],"_animationSpeed":1,"_zoom":15.447},{"_mousePosition":[683,384],"_rootPartCFrame":[768.953,238.353,48.614,-0.947,0,0.321,0,1,0,-0.321,0,-0.947],"_humanoidState":5,"_cameraCFrame":[771.038,253.975,42.712,-0.943,-0.305,0.135,0,0.405,0.914,-0.333,0.862,-0.382],"_shiftlockState":false,"_pose":"FreeFall","_animationQueue":[],"_animationSpeed":1,"_zoom":15.447},{"_mousePosition":[683,384],"_rootPartCFrame":[768.867,238.493,48.866,-0.947,0,0.32,0,1,0,-0.32,0,-0.947],"_humanoidState":5,"_cameraCFrame":[770.953,254.115,42.965,-0.943,-0.305,0.135,0,0.405,0.914,-0.333,0.862,-0.382],"_shiftlockState":false,"_pose":"FreeFall","_animationQueue":[],"_animationSpeed":1,"_zoom":15.447},{"_mousePosition":[683,384],"_rootPartCFrame":[768.801,238.563,49.055,-0.947,0,0.321,0,1,0,-0.321,0,-0.947],"_humanoidState":5,"_cameraCFrame":[770.719,254.22,43.181,-0.951,-0.284,0.124,0,0.4,0.916,-0.31,0.871,-0.38],"_shiftlockState":false,"_pose":"FreeFall","_animationQueue":[],"_animationSpeed":1,"_zoom":15.447},{"_mousePosition":[683,384],"_rootPartCFrame":[768.712,238.609,49.306,-0.947,0,0.322,0,1,0,-0.322,0,-0.947],"_humanoidState":5,"_cameraCFrame":[770.484,254.335,43.554,-0.956,-0.271,0.115,0,0.39,0.921,-0.294,0.88,-0.372],"_shiftlockState":false,"_pose":"FreeFall","_animationQueue":[],"_animationSpeed":1,"_zoom":15.447},{"_mousePosition":[683,384],"_rootPartCFrame":[768.628,238.6,49.559,-0.947,0,0.322,0,1,0,-0.322,0,-0.947],"_humanoidState":5,"_cameraCFrame":[770.093,254.476,44.102,-0.966,-0.241,0.095,0,0.366,0.931,-0.259,0.899,-0.353],"_shiftlockState":false,"_pose":"FreeFall","_animationQueue":[],"_animationSpeed":1,"_zoom":15.447},{"_mousePosition":[683,384],"_rootPartCFrame":[768.585,238.783,49.698,-0.958,-0.007,0.288,-0.003,1,0.013,-0.288,0.012,-0.958],"_humanoidState":7,"_cameraCFrame":[769.552,254.846,44.661,-0.982,-0.179,0.063,0,0.333,0.943,-0.19,0.926,-0.327],"_shiftlockState":false,"_pose":"FreeFall","_animationQueue":[["fall",0.3],["walk",0.1],["fall",0.3],["fall",0.3]],"_animationSpeed":1,"_zoom":15.447},{"_mousePosition":[683,384],"_rootPartCFrame":[768.55,239.033,49.826,-0.961,-0.002,0.277,-0.001,1,0.005,-0.277,0.005,-0.961],"_humanoidState":7,"_cameraCFrame":[768.934,255.278,45.245,-0.996,-0.08,0.025,0,0.298,0.955,-0.084,0.951,-0.297],"_shiftlockState":false,"_pose":"FreeFall","_animationQueue":[],"_animationSpeed":1,"_zoom":15.447},{"_mousePosition":[683,384],"_rootPartCFrame":[768.523,239.283,49.959,-0.964,0,0.267,0,1,-0.001,-0.267,-0.001,-0.964],"_humanoidState":8,"_cameraCFrame":[768.248,255.665,45.828,-0.998,0.064,-0.018,0,0.268,0.963,0.067,0.961,-0.267],"_shiftlockState":false,"_pose":"Running","_animationQueue":[["walk",0.1],["fall",0.3],["walk",0.1]],"_animationSpeed":0.557,"_zoom":15.447},{"_mousePosition":[683,384],"_rootPartCFrame":[768.506,239.518,50.135,-0.969,0,0.247,0,1,-0.001,-0.247,-0.001,-0.969],"_humanoidState":8,"_cameraCFrame":[767.39,255.987,46.487,-0.956,0.284,-0.072,0,0.247,0.969,0.293,0.927,-0.236],"_shiftlockState":false,"_pose":"Running","_animationQueue":[],"_animationSpeed":0.557,"_zoom":15.447},{"_mousePosition":[683,384],"_rootPartCFrame":[768.396,239.731,50.298,-0.96,0,0.282,0,1,0,-0.282,0,-0.96],"_humanoidState":8,"_cameraCFrame":[766.376,256.215,47.134,-0.843,0.522,-0.131,0,0.243,0.97,0.538,0.818,-0.205],"_shiftlockState":false,"_pose":"Running","_animationQueue":[["walk",0.1]],"_animationSpeed":0.759,"_zoom":15.447},{"_mousePosition":[683,384],"_rootPartCFrame":[768.274,239.924,50.513,-0.949,0,0.315,0,1,0,-0.315,0,-0.949],"_humanoidState":8,"_cameraCFrame":[765.291,256.399,48.177,-0.617,0.763,-0.193,0,0.245,0.969,0.787,0.598,-0.151],"_shiftlockState":false,"_pose":"Running","_animationQueue":[["walk",0.1]],"_animationSpeed":0.857,"_zoom":15.447},{"_mousePosition":[683,384],"_rootPartCFrame":[768.077,240.079,50.674,-0.924,0,0.382,0,1,0,-0.382,0,-0.924],"_humanoidState":8,"_cameraCFrame":[764.44,256.526,49.271,-0.36,0.903,-0.235,0,0.252,0.968,0.933,0.348,-0.091],"_shiftlockState":false,"_pose":"Running","_animationQueue":[["walk",0.1],["walk",0.1]],"_animationSpeed":1.05,"_zoom":15.447},{"_mousePosition":[683,382],"_rootPartCFrame":[767.91,240.2,50.867,-0.903,0,0.429,0,1,0,-0.429,0,-0.903],"_humanoidState":8,"_cameraCFrame":[763.71,256.562,51.189,0.076,0.959,-0.272,0,0.273,0.962,0.997,-0.073,0.021],"_shiftlockState":false,"_pose":"Running","_animationQueue":[],"_animationSpeed":1.05,"_zoom":15.447},{"_mousePosition":[683,382],"_rootPartCFrame":[767.881,240.324,51.013,-0.966,0,0.26,0,1,0,-0.26,0,-0.966],"_humanoidState":8,"_cameraCFrame":[763.566,256.627,51.949,0.212,0.937,-0.279,0,0.286,0.958,0.977,-0.203,0.061],"_shiftlockState":false,"_pose":"Running","_animationQueue":[["walk",0.1]],"_animationSpeed":1.05,"_zoom":15.447},{"_mousePosition":[683,382],"_rootPartCFrame":[768.021,240.414,51.067,-1,0,0.013,0,1,0,-0.013,0,-1],"_humanoidState":8,"_cameraCFrame":[763.594,256.579,53.06,0.411,0.866,-0.287,0,0.314,0.949,0.912,-0.39,0.129],"_shiftlockState":false,"_pose":"Running","_animationQueue":[["walk",0.1]],"_animationSpeed":0.514,"_zoom":15.447},{"_mousePosition":[683,382],"_rootPartCFrame":[768.273,240.351,51.022,-0.973,0,-0.229,0,1,0,0.229,0,-0.973],"_humanoidState":8,"_cameraCFrame":[763.997,256.308,54.389,0.619,0.735,-0.277,0,0.352,0.936,0.786,-0.579,0.218],"_shiftlockState":false,"_pose":"Running","_animationQueue":[["walk",0.1]],"_animationSpeed":0.859,"_zoom":15.447},{"_mousePosition":[683,382],"_rootPartCFrame":[768.516,240.222,50.922,-0.893,0,-0.451,0,1,0,0.451,0,-0.893],"_humanoidState":8,"_cameraCFrame":[766.191,255.918,56.816,0.793,0.56,-0.24,0,0.394,0.919,0.61,-0.729,0.312],"_shiftlockState":true,"_pose":"Running","_animationQueue":[["walk",0.1]],"_animationSpeed":1.094,"_zoom":15.447},{"_mousePosition":[683,384],"_rootPartCFrame":[768.757,241.095,50.815,0.913,0,-0.408,0,1,0,0.408,0,0.913],"_humanoidState":3,"_cameraCFrame":[766.432,256.791,56.708,0.793,0.56,-0.24,0,0.394,0.919,0.61,-0.729,0.312],"_shiftlockState":true,"_pose":"Jumping","_animationQueue":[["walk",0.1],["jump",0.1]],"_animationSpeed":1,"_zoom":15.447},{"_mousePosition":[683,384],"_rootPartCFrame":[768.983,241.917,50.687,0.835,0,-0.55,0,1,0,0.55,0,0.835],"_humanoidState":5,"_cameraCFrame":[767.393,257.296,57.506,0.886,0.416,-0.203,0,0.439,0.899,0.463,-0.796,0.389],"_shiftlockState":true,"_pose":"FreeFall","_animationQueue":[["jump",0.1]],"_animationSpeed":1,"_zoom":15.447},{"_mousePosition":[683,384],"_rootPartCFrame":[769.185,242.684,50.529,0.883,0,-0.47,0,1,0,0.47,0,0.883],"_humanoidState":5,"_cameraCFrame":[768.179,257.773,58.011,0.933,0.316,-0.171,0,0.475,0.88,0.359,-0.821,0.444],"_shiftlockState":true,"_pose":"FreeFall","_animationQueue":[],"_animationSpeed":1,"_zoom":15.447},{"_mousePosition":[683,384],"_rootPartCFrame":[769.36,243.397,50.341,0.927,0,-0.374,0,1,0,0.374,0,0.927],"_humanoidState":5,"_cameraCFrame":[768.875,258.217,58.342,0.961,0.239,-0.14,0,0.506,0.862,0.277,-0.829,0.487],"_shiftlockState":true,"_pose":"FreeFall","_animationQueue":[],"_animationSpeed":1,"_zoom":15.447},{"_mousePosition":[683,384],"_rootPartCFrame":[769.505,244.056,50.128,0.957,0,-0.289,0,1,0,0.289,0,0.957],"_humanoidState":5,"_cameraCFrame":[769.512,258.623,58.549,0.978,0.175,-0.11,0,0.533,0.846,0.207,-0.828,0.522],"_shiftlockState":true,"_pose":"FreeFall","_animationQueue":[],"_animationSpeed":1,"_zoom":15.447},{"_mousePosition":[683,384],"_rootPartCFrame":[769.616,244.66,49.894,0.976,0,-0.217,0,1,0,0.217,0,0.976],"_humanoidState":5,"_cameraCFrame":[770.073,258.997,58.65,0.989,0.123,-0.082,0,0.556,0.831,0.148,-0.822,0.55],"_shiftlockState":true,"_pose":"FreeFall","_animationQueue":[],"_animationSpeed":1,"_zoom":15.447},{"_mousePosition":[683,384],"_rootPartCFrame":[769.691,245.209,49.642,0.988,0,-0.157,0,1,0,0.157,0,0.988],"_humanoidState":5,"_cameraCFrame":[770.372,259.413,58.576,0.993,0.099,-0.068,0,0.569,0.822,0.12,-0.816,0.565],"_shiftlockState":true,"_pose":"FreeFall","_animationQueue":[],"_animationSpeed":1,"_zoom":15.447},{"_mousePosition":[683,384],"_rootPartCFrame":[769.736,245.704,49.38,0.992,0,-0.125,0,1,0,0.125,0,0.992],"_humanoidState":5,"_cameraCFrame":[770.441,259.887,58.342,0.993,0.096,-0.067,0,0.571,0.821,0.117,-0.815,0.567],"_shiftlockState":true,"_pose":"FreeFall","_animationQueue":[],"_animationSpeed":1,"_zoom":15.447},{"_mousePosition":[683,384],"_rootPartCFrame":[769.769,246.145,49.115,0.993,0,-0.119,0,1,0,0.119,0,0.993],"_humanoidState":5,"_cameraCFrame":[770.475,260.327,58.078,0.993,0.096,-0.067,0,0.571,0.821,0.117,-0.815,0.567],"_shiftlockState":true,"_pose":"FreeFall","_animationQueue":[],"_animationSpeed":1,"_zoom":15.447},{"_mousePosition":[683,384],"_rootPartCFrame":[769.8,246.531,48.85,0.993,0,-0.117,0,1,0,0.117,0,0.993],"_humanoidState":5,"_cameraCFrame":[770.511,260.685,57.853,0.993,0.095,-0.067,0,0.574,0.819,0.116,-0.814,0.57],"_shiftlockState":true,"_pose":"FreeFall","_animationQueue":[],"_animationSpeed":1,"_zoom":15.447},{"_mousePosition":[683,384],"_rootPartCFrame":[769.832,246.862,48.585,0.993,0,-0.116,0,1,0,0.116,0,0.993],"_humanoidState":5,"_cameraCFrame":[770.585,260.93,57.704,0.994,0.089,-0.064,0,0.581,0.814,0.11,-0.809,0.578],"_shiftlockState":true,"_pose":"FreeFall","_animationQueue":[],"_animationSpeed":1,"_zoom":15.447},{"_mousePosition":[683,384],"_rootPartCFrame":[769.863,247.139,48.32,0.994,0,-0.11,0,1,0,0.11,0,0.994],"_humanoidState":5,"_cameraCFrame":[770.699,261.112,57.562,0.995,0.08,-0.059,0,0.59,0.807,0.099,-0.803,0.587],"_shiftlockState":true,"_pose":"FreeFall","_animationQueue":[],"_animationSpeed":1,"_zoom":15.447},{"_mousePosition":[683,384],"_rootPartCFrame":[769.892,247.362,48.055,0.995,0,-0.101,0,1,0,0.101,0,0.995],"_humanoidState":5,"_cameraCFrame":[770.816,261.261,57.387,0.996,0.071,-0.053,0,0.596,0.803,0.089,-0.799,0.594],"_shiftlockState":true,"_pose":"FreeFall","_animationQueue":[],"_animationSpeed":1,"_zoom":15.447},{"_mousePosition":[683,384],"_rootPartCFrame":[769.919,247.53,47.79,0.996,0,-0.09,0,1,0,0.09,0,0.996],"_humanoidState":5,"_cameraCFrame":[771.019,261.324,57.241,0.998,0.055,-0.042,0,0.605,0.796,0.069,-0.794,0.604],"_shiftlockState":true,"_pose":"FreeFall","_animationQueue":[],"_animationSpeed":1,"_zoom":15.447},{"_mousePosition":[683,384],"_rootPartCFrame":[769.927,247.632,47.573,0.993,0.006,-0.12,-0.005,1,0.007,0.12,-0.006,0.993],"_humanoidState":5,"_cameraCFrame":[771.237,261.335,57.106,0.999,0.037,-0.029,0,0.613,0.79,0.047,-0.789,0.612],"_shiftlockState":true,"_pose":"FreeFall","_animationQueue":[],"_animationSpeed":1,"_zoom":15.447},{"_mousePosition":[683,384],"_rootPartCFrame":[769.893,247.799,47.529,0.994,0.007,-0.108,-0.006,1,0.008,0.108,-0.008,0.994],"_humanoidState":12,"_cameraCFrame":[771.462,261.417,57.129,1,0.016,-0.012,0,0.62,0.785,0.02,-0.784,0.62],"_shiftlockState":true,"_pose":"Climbing","_animationQueue":[["walk",0.1],["climb",0.1]],"_animationSpeed":0.242,"_zoom":15.447},{"_mousePosition":[683,384],"_rootPartCFrame":[769.869,247.985,47.591,0.999,0.001,-0.034,-0.001,1,0.003,0.034,-0.003,0.999],"_humanoidState":12,"_cameraCFrame":[771.621,261.549,57.234,1,0,0,0,0.625,0.781,0,-0.781,0.625],"_shiftlockState":true,"_pose":"Climbing","_animationQueue":[["climb",0.1]],"_animationSpeed":0.916,"_zoom":15.447},{"_mousePosition":[683,384],"_rootPartCFrame":[769.863,248.171,47.619,1,0,-0.004,0,1,0,0.004,0,1],"_humanoidState":12,"_cameraCFrame":[771.724,261.712,57.274,1,-0.009,0.007,0,0.626,0.78,-0.011,-0.779,0.626],"_shiftlockState":true,"_pose":"Climbing","_animationQueue":[],"_animationSpeed":0.916,"_zoom":15.447},{"_mousePosition":[683,384],"_rootPartCFrame":[769.861,248.322,47.607,1,0,0.008,0,1,0.001,-0.008,-0.001,1],"_humanoidState":8,"_cameraCFrame":[771.753,261.863,57.255,1,-0.011,0.009,0,0.626,0.78,-0.015,-0.779,0.626],"_shiftlockState":true,"_pose":"Standing","_animationQueue":[["climb",0.1],["walk",0.1],["idle",0.1]],"_animationSpeed":1,"_zoom":15.447},{"_mousePosition":[683,384],"_rootPartCFrame":[769.861,248.419,47.546,1,0,0.014,0,1,0,-0.014,0,1],"_humanoidState":5,"_cameraCFrame":[771.752,261.96,57.195,1,-0.011,0.009,0,0.626,0.78,-0.015,-0.779,0.626],"_shiftlockState":true,"_pose":"FreeFall","_animationQueue":[["walk",0.1],["fall",0.3]],"_animationSpeed":1,"_zoom":15.447},{"_mousePosition":[683,384],"_rootPartCFrame":[769.86,248.543,47.505,1,0,0.014,0,1,0,-0.014,0,1],"_humanoidState":12,"_cameraCFrame":[771.681,262.076,57.177,1,-0.006,0.005,0,0.627,0.779,-0.007,-0.779,0.627],"_shiftlockState":true,"_pose":"FreeFall","_animationQueue":[["walk",0.1],["fall",0.3]],"_animationSpeed":1,"_zoom":15.447},{"_mousePosition":[683,384],"_rootPartCFrame":[769.86,248.776,47.498,1,0,0.007,0,1,0,-0.007,0,1],"_humanoidState":12,"_cameraCFrame":[771.045,262.387,57.172,0.998,0.046,-0.036,0,0.621,0.784,0.059,-0.783,0.62],"_shiftlockState":true,"_pose":"Climbing","_animationQueue":[["climb",0.1]],"_animationSpeed":0.904,"_zoom":15.447},{"_mousePosition":[683,384],"_rootPartCFrame":[769.878,248.928,47.48,0.998,0,-0.059,0,1,0,0.059,0,0.998],"_humanoidState":8,"_cameraCFrame":[769.688,262.738,56.973,0.979,0.162,-0.123,0,0.604,0.797,0.204,-0.78,0.591],"_shiftlockState":true,"_pose":"Standing","_animationQueue":[["climb",0.1],["walk",0.1],["idle",0.1]],"_animationSpeed":1,"_zoom":15.447},{"_mousePosition":[683,384],"_rootPartCFrame":[769.924,249.026,47.435,0.978,0,-0.21,0,1,0,0.21,0,0.978],"_humanoidState":8,"_cameraCFrame":[767.408,263.223,56.045,0.887,0.38,-0.263,0,0.57,0.822,0.462,-0.729,0.505],"_shiftlockState":true,"_pose":"Running","_animationQueue":[["walk",0.1]],"_animationSpeed":0.165,"_zoom":15.447},{"_mousePosition":[683,384],"_rootPartCFrame":[770.088,249.367,47.322,0.879,0,-0.476,0,1,0,0.476,0,0.879],"_humanoidState":8,"_cameraCFrame":[765.953,263.935,54.658,0.75,0.559,-0.353,0,0.533,0.846,0.661,-0.635,0.4],"_shiftlockState":true,"_pose":"Running","_animationQueue":[["walk",0.1],["walk",0.1]],"_animationSpeed":0.329,"_zoom":15.447},{"_mousePosition":[683,384],"_rootPartCFrame":[770.325,249.68,47.238,0.74,0,-0.673,0,1,0,0.673,0,0.74],"_humanoidState":8,"_cameraCFrame":[764.828,264.727,52.521,0.509,0.755,-0.414,0,0.48,0.877,0.861,-0.446,0.245],"_shiftlockState":true,"_pose":"Running","_animationQueue":[["walk",0.1]],"_animationSpeed":1.003,"_zoom":15.447},{"_mousePosition":[683,384],"_rootPartCFrame":[770.645,249.934,47.208,0.489,0,-0.872,0,1,0,0.872,0,0.489],"_humanoidState":8,"_cameraCFrame":[764.766,265.219,51.339,0.358,0.833,-0.421,0,0.451,0.892,0.934,-0.32,0.162],"_shiftlockState":true,"_pose":"Running","_animationQueue":[["walk",0.1]],"_animationSpeed":1.053,"_zoom":15.447},{"_mousePosition":[683,384],"_rootPartCFrame":[770.836,250.039,47.246,0.349,0,-0.937,0,1,0,0.937,0,0.349],"_humanoidState":8,"_cameraCFrame":[764.724,265.547,50.089,0.172,0.893,-0.415,0,0.421,0.907,0.985,-0.156,0.072],"_shiftlockState":true,"_pose":"Running","_animationQueue":[],"_animationSpeed":1.053,"_zoom":15.447},{"_mousePosition":[683,384],"_rootPartCFrame":[771.08,250.14,47.346,0.16,0,-0.987,0,1,0,0.987,0,0.16],"_humanoidState":8,"_cameraCFrame":[764.991,265.821,49.211,0.019,0.918,-0.396,0,0.396,0.918,1,-0.017,0.007],"_shiftlockState":true,"_pose":"Running","_animationQueue":[],"_animationSpeed":1.053,"_zoom":15.447},{"_mousePosition":[683,384],"_rootPartCFrame":[771.302,250.223,47.493,0.009,0,-1,0,1,0,1,0,0.009],"_humanoidState":8,"_cameraCFrame":[765.421,266.085,48.393,-0.146,0.92,-0.364,0,0.368,0.93,0.989,0.136,-0.054],"_shiftlockState":true,"_pose":"Running","_animationQueue":[],"_animationSpeed":1.053,"_zoom":15.447},{"_mousePosition":[683,384],"_rootPartCFrame":[771.498,250.305,47.673,-0.156,0,-0.988,0,1,0,0.988,0,-0.156],"_humanoidState":8,"_cameraCFrame":[765.831,266.279,47.931,-0.265,0.904,-0.337,0,0.349,0.937,0.964,0.248,-0.093],"_shiftlockState":true,"_pose":"Running","_animationQueue":[],"_animationSpeed":1.053,"_zoom":15.447},{"_mousePosition":[683,384],"_rootPartCFrame":[771.661,250.33,47.882,-0.273,0,-0.962,0,1,0,0.962,0,-0.273],"_humanoidState":8,"_cameraCFrame":[766.158,266.368,47.72,-0.346,0.883,-0.317,0,0.338,0.941,0.938,0.325,-0.117],"_shiftlockState":true,"_pose":"Running","_animationQueue":[["walk",0.1]],"_animationSpeed":1.053,"_zoom":15.447},{"_mousePosition":[683,384],"_rootPartCFrame":[771.83,250.331,48.168,-0.348,0,-0.937,0,1,0,0.937,0,-0.348],"_humanoidState":8,"_cameraCFrame":[766.442,266.406,47.731,-0.399,0.865,-0.304,0,0.331,0.944,0.917,0.377,-0.132],"_shiftlockState":true,"_pose":"Running","_animationQueue":[],"_animationSpeed":1.053,"_zoom":15.447},{"_mousePosition":[683,384],"_rootPartCFrame":[771.916,250.331,48.347,-0.399,0,-0.917,0,1,0,0.917,0,-0.399],"_humanoidState":8,"_cameraCFrame":[766.629,266.435,47.688,-0.443,0.848,-0.292,0,0.326,0.945,0.897,0.419,-0.144],"_shiftlockState":true,"_pose":"Running","_animationQueue":[],"_animationSpeed":1.053,"_zoom":15.447},{"_mousePosition":[683,384],"_rootPartCFrame":[772.016,250.296,48.594,-0.443,0,-0.897,0,1,0,0.897,0,-0.443],"_humanoidState":8,"_cameraCFrame":[766.85,266.433,47.721,-0.486,0.828,-0.279,0,0.32,0.948,0.874,0.461,-0.155],"_shiftlockState":true,"_pose":"Running","_animationQueue":[],"_animationSpeed":1.053,"_zoom":15.447},{"_mousePosition":[683,384],"_rootPartCFrame":[772.187,251.771,49.028,-0.486,0,-0.874,0,1,0,0.874,0,-0.486],"_humanoidState":3,"_cameraCFrame":[767.087,267.923,48.044,-0.509,0.816,-0.272,0,0.317,0.949,0.861,0.483,-0.161],"_shiftlockState":true,"_pose":"Jumping","_animationQueue":[["walk",0.1],["jump",0.1]],"_animationSpeed":1,"_zoom":15.447},{"_mousePosition":[683,384],"_rootPartCFrame":[772.229,252.161,49.154,-0.532,0,-0.847,0,1,0,0.847,0,-0.532],"_humanoidState":5,"_cameraCFrame":[767.132,268.314,48.155,-0.512,0.815,-0.272,0,0.317,0.949,0.859,0.485,-0.162],"_shiftlockState":true,"_pose":"FreeFall","_animationQueue":[["jump",0.1]],"_animationSpeed":1,"_zoom":15.447},{"_mousePosition":[683,384],"_rootPartCFrame":[772.28,252.722,49.347,-0.569,0,-0.823,0,1,0,0.823,0,-0.569],"_humanoidState":5,"_cameraCFrame":[767.183,268.874,48.348,-0.512,0.815,-0.272,0,0.317,0.949,0.859,0.485,-0.162],"_shiftlockState":true,"_pose":"FreeFall","_animationQueue":[],"_animationSpeed":1,"_zoom":15.447},{"_mousePosition":[683,384],"_rootPartCFrame":[772.346,253.421,49.606,-0.597,0,-0.802,0,1,0,0.802,0,-0.597],"_humanoidState":5,"_cameraCFrame":[767.259,269.577,48.612,-0.512,0.815,-0.271,0,0.316,0.949,0.859,0.486,-0.162],"_shiftlockState":true,"_pose":"FreeFall","_animationQueue":[],"_animationSpeed":1,"_zoom":15.447},{"_mousePosition":[683,384],"_rootPartCFrame":[772.411,254.066,49.864,-0.599,0,-0.801,0,1,0,0.801,0,-0.599],"_humanoidState":5,"_cameraCFrame":[767.335,270.226,48.877,-0.512,0.815,-0.271,0,0.315,0.949,0.859,0.486,-0.161],"_shiftlockState":true,"_pose":"FreeFall","_animationQueue":[],"_animationSpeed":1,"_zoom":15.447},{"_mousePosition":[683,384],"_rootPartCFrame":[772.477,254.656,50.123,-0.599,0,-0.801,0,1,0,0.801,0,-0.599],"_humanoidState":5,"_cameraCFrame":[767.451,270.836,49.166,-0.512,0.816,-0.267,0,0.311,0.95,0.859,0.486,-0.159],"_shiftlockState":true,"_pose":"FreeFall","_animationQueue":[],"_animationSpeed":1,"_zoom":15.447},{"_mousePosition":[683,384],"_rootPartCFrame":[772.542,255.192,50.381,-0.599,0,-0.801,0,1,0,0.801,0,-0.599],"_humanoidState":5,"_cameraCFrame":[767.603,271.407,49.51,-0.506,0.821,-0.262,0,0.304,0.953,0.862,0.482,-0.154],"_shiftlockState":true,"_pose":"FreeFall","_animationQueue":[],"_animationSpeed":1,"_zoom":15.447},{"_mousePosition":[683,384],"_rootPartCFrame":[772.608,255.674,50.64,-0.594,0,-0.804,0,1,0,0.804,0,-0.594],"_humanoidState":5,"_cameraCFrame":[767.762,271.925,49.879,-0.497,0.829,-0.257,0,0.297,0.955,0.868,0.475,-0.148],"_shiftlockState":true,"_pose":"FreeFall","_animationQueue":[],"_animationSpeed":1,"_zoom":15.447},{"_mousePosition":[683,384],"_rootPartCFrame":[772.675,256.101,50.898,-0.586,0,-0.81,0,1,0,0.81,0,-0.586],"_humanoidState":5,"_cameraCFrame":[767.988,272.41,50.276,-0.489,0.836,-0.248,0,0.284,0.959,0.872,0.469,-0.139],"_shiftlockState":true,"_pose":"FreeFall","_animationQueue":[],"_animationSpeed":1,"_zoom":15.447},{"_mousePosition":[683,384],"_rootPartCFrame":[772.762,256.558,51.219,-0.6,0,-0.8,0,1,0,0.8,0,-0.6],"_humanoidState":5,"_cameraCFrame":[768.157,272.895,50.659,-0.486,0.839,-0.243,0,0.278,0.961,0.874,0.467,-0.135],"_shiftlockState":true,"_pose":"FreeFall","_animationQueue":[],"_animationSpeed":1,"_zoom":15.447},{"_mousePosition":[683,384],"_rootPartCFrame":[772.815,256.791,51.412,-0.554,0,-0.833,0,1,0,0.833,0,-0.554],"_humanoidState":5,"_cameraCFrame":[768.336,273.169,50.922,-0.486,0.842,-0.235,0,0.269,0.963,0.874,0.468,-0.131],"_shiftlockState":true,"_pose":"FreeFall","_animationQueue":[],"_animationSpeed":1,"_zoom":15.447},{"_mousePosition":[683,384],"_rootPartCFrame":[772.906,257.112,51.733,-0.596,0,-0.803,0,1,0,0.803,0,-0.596],"_humanoidState":5,"_cameraCFrame":[768.492,273.51,51.264,-0.489,0.841,-0.23,0,0.264,0.964,0.872,0.472,-0.129],"_shiftlockState":true,"_pose":"FreeFall","_animationQueue":[],"_animationSpeed":1,"_zoom":15.447},{"_mousePosition":[683,384],"_rootPartCFrame":[772.961,257.263,51.925,-0.556,0,-0.831,0,1,0,0.831,0,-0.556],"_humanoidState":5,"_cameraCFrame":[768.589,273.675,51.47,-0.491,0.841,-0.227,0,0.261,0.965,0.871,0.474,-0.128],"_shiftlockState":true,"_pose":"FreeFall","_animationQueue":[],"_animationSpeed":1,"_zoom":15.447},{"_mousePosition":[683,384],"_rootPartCFrame":[773.034,257.418,52.182,-0.579,0,-0.815,0,1,0,0.815,0,-0.579],"_humanoidState":5,"_cameraCFrame":[768.695,273.839,51.726,-0.495,0.84,-0.225,0,0.259,0.966,0.869,0.478,-0.128],"_shiftlockState":true,"_pose":"FreeFall","_animationQueue":[],"_animationSpeed":1,"_zoom":15.447},{"_mousePosition":[683,384],"_rootPartCFrame":[773.105,257.517,52.439,-0.582,0,-0.813,0,1,0,0.813,0,-0.582],"_humanoidState":5,"_cameraCFrame":[768.812,273.951,51.976,-0.501,0.837,-0.221,0,0.256,0.967,0.865,0.484,-0.128],"_shiftlockState":true,"_pose":"FreeFall","_animationQueue":[],"_animationSpeed":1,"_zoom":15.447},{"_mousePosition":[683,384],"_rootPartCFrame":[773.176,257.563,52.696,-0.588,0,-0.809,0,1,0,0.809,0,-0.588],"_humanoidState":5,"_cameraCFrame":[768.928,274.009,52.221,-0.508,0.833,-0.217,0,0.252,0.968,0.861,0.492,-0.128],"_shiftlockState":true,"_pose":"FreeFall","_animationQueue":[],"_animationSpeed":1,"_zoom":15.447},{"_mousePosition":[683,384],"_rootPartCFrame":[773.245,257.554,52.953,-0.595,0,-0.804,0,1,0,0.804,0,-0.595],"_humanoidState":5,"_cameraCFrame":[769.042,274.013,52.472,-0.514,0.83,-0.214,0,0.249,0.968,0.858,0.498,-0.128],"_shiftlockState":true,"_pose":"FreeFall","_animationQueue":[["fall",0.3]],"_animationSpeed":1,"_zoom":15.447},{"_mousePosition":[683,384],"_rootPartCFrame":[773.312,257.49,53.211,-0.6,0,-0.8,0,1,0,0.8,0,-0.6],"_humanoidState":5,"_cameraCFrame":[769.121,273.952,52.728,-0.516,0.83,-0.213,0,0.249,0.969,0.856,0.5,-0.128],"_shiftlockState":true,"_pose":"FreeFall","_animationQueue":[],"_animationSpeed":1,"_zoom":15.447},{"_mousePosition":[683,384],"_rootPartCFrame":[773.377,257.372,53.47,-0.603,0,-0.798,0,1,0,0.798,0,-0.603],"_humanoidState":5,"_cameraCFrame":[769.196,273.837,52.993,-0.516,0.83,-0.212,0,0.248,0.969,0.856,0.5,-0.128],"_shiftlockState":true,"_pose":"FreeFall","_animationQueue":[],"_animationSpeed":1,"_zoom":15.447},{"_mousePosition":[683,384],"_rootPartCFrame":[773.441,257.199,53.729,-0.603,0,-0.798,0,1,0,0.798,0,-0.603],"_humanoidState":5,"_cameraCFrame":[769.281,273.671,53.264,-0.516,0.83,-0.211,0,0.246,0.969,0.856,0.5,-0.127],"_shiftlockState":true,"_pose":"FreeFall","_animationQueue":[],"_