[{"_mousePosition":[1159,366],"_rootPartCFrame":[776.034,222.962,47.142,-0.001,-0.006,1,0,1,0.006,-1,0,-0.001],"_humanoidState":8,"_cameraCFrame":[786.164,230.799,47.202,0.006,-0.53,0.848,0,0.848,0.53,-1,-0.003,0.005],"_shiftlockState":false,"_pose":"Standing","_animationQueue":[],"_animationSpeed":1,"_zoom":11.957},{"_mousePosition":[1126,373],"_rootPartCFrame":[775.863,222.874,47.141,0,-0.002,1,0,1,0.002,-1,0,0],"_humanoidState":8,"_cameraCFrame":[786,230.711,47.201,0.006,-0.53,0.848,0,0.848,0.53,-1,-0.003,0.005],"_shiftlockState":false,"_pose":"Standing","_animationQueue":[],"_animationSpeed":1,"_zoom":11.957},{"_mousePosition":[1070,383],"_rootPartCFrame":[775.598,222.724,47.139,0.001,0,1,0,1,0,-1,0,0.001],"_humanoidState":8,"_cameraCFrame":[785.738,230.561,47.199,0.006,-0.53,0.848,0,0.848,0.53,-1,-0.003,0.005],"_shiftlockState":false,"_pose":"Running","_animationQueue":[["walk",0.1]],"_animationSpeed":1.001,"_zoom":11.957},{"_mousePosition":[1070,383],"_rootPartCFrame":[775.198,222.622,47.137,0.002,0,1,0,1,0,-1,0,0.002],"_humanoidState":8,"_cameraCFrame":[785.337,230.459,47.197,0.006,-0.53,0.848,0,0.848,0.53,-1,-0.003,0.005],"_shiftlockState":false,"_pose":"Running","_animationQueue":[["walk",0.1]],"_animationSpeed":1.104,"_zoom":11.957},{"_mousePosition":[996,394],"_rootPartCFrame":[775.064,222.637,47.136,0.002,0,1,0,1,0,-1,0,0.002],"_humanoidState":8,"_cameraCFrame":[785.204,230.474,47.196,0.006,-0.53,0.848,0,0.848,0.53,-1,-0.003,0.005],"_shiftlockState":false,"_pose":"Running","_animationQueue":[],"_animationSpeed":1.104,"_zoom":11.957},{"_mousePosition":[683,384],"_rootPartCFrame":[774.798,222.663,47.135,0.002,0,1,0,1,0,-1,0,0.002],"_humanoidState":8,"_cameraCFrame":[784.832,230.663,46.921,-0.021,-0.543,0.839,0,0.839,0.544,-1,0.012,-0.018],"_shiftlockState":false,"_pose":"Running","_animationQueue":[["walk",0.1]],"_animationSpeed":1.104,"_zoom":11.957},{"_mousePosition":[683,384],"_rootPartCFrame":[774.465,222.682,47.133,0.003,0,1,0,1,0,-1,0,0.003],"_humanoidState":8,"_cameraCFrame":[784.425,230.787,46.764,-0.037,-0.552,0.833,0,0.834,0.552,-0.999,0.02,-0.031],"_shiftlockState":false,"_pose":"Running","_animationQueue":[],"_animationSpeed":1.104,"_zoom":11.957},{"_mousePosition":[683,384],"_rootPartCFrame":[774.198,222.69,47.138,0,0,1,0,1,0,-1,0,0],"_humanoidState":8,"_cameraCFrame":[784.079,230.907,46.658,-0.049,-0.561,0.826,0,0.827,0.562,-0.999,0.027,-0.04],"_shiftlockState":false,"_pose":"Running","_animationQueue":[["walk",0.1]],"_animationSpeed":1.104,"_zoom":11.957},{"_mousePosition":[683,384],"_rootPartCFrame":[773.932,222.695,47.148,-0.005,0,1,0,1,0,-1,0,-0.005],"_humanoidState":8,"_cameraCFrame":[783.715,231.046,46.59,-0.057,-0.572,0.818,0,0.82,0.573,-0.998,0.033,-0.047],"_shiftlockState":false,"_pose":"Running","_animationQueue":[],"_animationSpeed":1.104,"_zoom":11.957},{"_mousePosition":[683,384],"_rootPartCFrame":[773.665,222.697,47.16,-0.011,0,1,0,1,0,-1,0,-0.011],"_humanoidState":8,"_cameraCFrame":[783.346,231.19,46.568,-0.061,-0.584,0.81,0,0.811,0.585,-0.998,0.036,-0.05],"_shiftlockState":false,"_pose":"Running","_animationQueue":[],"_animationSpeed":1.104,"_zoom":11.957},{"_mousePosition":[683,384],"_rootPartCFrame":[773.399,222.698,47.175,-0.017,0,1,0,1,0,-1,0,-0.017],"_humanoidState":8,"_cameraCFrame":[782.982,231.324,46.579,-0.062,-0.595,0.801,0,0.803,0.596,-0.998,0.037,-0.05],"_shiftlockState":false,"_pose":"Running","_animationQueue":[],"_animationSpeed":1.104,"_zoom":11.957},{"_mousePosition":[683,384],"_rootPartCFrame":[773.133,222.699,47.192,-0.023,0,1,0,1,0,-1,0,-0.023],"_humanoidState":8,"_cameraCFrame":[782.607,231.471,46.612,-0.061,-0.607,0.792,0,0.794,0.608,-0.998,0.037,-0.048],"_shiftlockState":false,"_pose":"Running","_animationQueue":[],"_animationSpeed":1.104,"_zoom":11.957},{"_mousePosition":[683,384],"_rootPartCFrame":[772.867,223.562,47.208,-0.029,0,1,0,1,0,-1,0,-0.029],"_humanoidState":3,"_cameraCFrame":[782.253,232.448,46.653,-0.059,-0.617,0.785,0,0.786,0.618,-0.998,0.036,-0.046],"_shiftlockState":false,"_pose":"Jumping","_animationQueue":[["walk",0.1],["jump",0.1]],"_animationSpeed":1,"_zoom":11.957},{"_mousePosition":[683,384],"_rootPartCFrame":[772.601,224.37,47.224,-0.033,0,0.999,0,1,0,-0.999,0,-0.033],"_humanoidState":5,"_cameraCFrame":[781.897,233.369,46.675,-0.059,-0.626,0.778,0,0.779,0.627,-0.998,0.037,-0.046],"_shiftlockState":false,"_pose":"FreeFall","_animationQueue":[["jump",0.1]],"_animationSpeed":1,"_zoom":11.957},{"_mousePosition":[683,384],"_rootPartCFrame":[772.335,225.124,47.24,-0.037,0,0.999,0,1,0,-0.999,0,-0.037],"_humanoidState":5,"_cameraCFrame":[781.511,234.265,46.63,-0.066,-0.638,0.767,0,0.769,0.639,-0.998,0.042,-0.051],"_shiftlockState":false,"_pose":"FreeFall","_animationQueue":[],"_animationSpeed":1,"_zoom":11.957},{"_mousePosition":[683,384],"_rootPartCFrame":[772.068,225.823,47.256,-0.04,0,0.999,0,1,0,-0.999,0,-0.04],"_humanoidState":5,"_cameraCFrame":[781.115,235.104,46.492,-0.084,-0.648,0.757,0,0.759,0.651,-0.996,0.055,-0.064],"_shiftlockState":false,"_pose":"FreeFall","_animationQueue":[],"_animationSpeed":1,"_zoom":11.957},{"_mousePosition":[683,384],"_rootPartCFrame":[771.869,226.312,47.269,-0.043,0,0.999,0,1,0,-0.999,0,-0.043],"_humanoidState":5,"_cameraCFrame":[780.806,235.695,46.288,-0.109,-0.655,0.747,0,0.752,0.659,-0.994,0.072,-0.082],"_shiftlockState":false,"_pose":"FreeFall","_animationQueue":[],"_animationSpeed":1,"_zoom":11.957},{"_mousePosition":[683,384],"_rootPartCFrame":[771.537,227.059,47.296,-0.049,0,0.999,0,1,0,-0.999,0,-0.049],"_humanoidState":5,"_cameraCFrame":[780.488,236.405,46.171,-0.125,-0.651,0.749,0,0.755,0.656,-0.992,0.082,-0.094],"_shiftlockState":false,"_pose":"FreeFall","_animationQueue":[],"_animationSpeed":1,"_zoom":11.957},{"_mousePosition":[683,384],"_rootPartCFrame":[771.338,227.466,47.317,-0.054,0,0.999,0,1,0,-0.999,0,-0.054],"_humanoidState":5,"_cameraCFrame":[780.361,236.71,46.058,-0.138,-0.641,0.755,0,0.762,0.648,-0.99,0.089,-0.105],"_shiftlockState":false,"_pose":"FreeFall","_animationQueue":[],"_animationSpeed":1,"_zoom":11.957},{"_mousePosition":[683,384],"_rootPartCFrame":[771.073,227.961,47.349,-0.063,0,0.998,0,1,0,-0.998,0,-0.063],"_humanoidState":5,"_cameraCFrame":[780.096,237.205,46.091,-0.138,-0.641,0.755,0,0.762,0.648,-0.99,0.089,-0.105],"_shiftlockState":false,"_pose":"FreeFall","_animationQueue":[],"_animationSpeed":1,"_zoom":11.957},{"_mousePosition":[683,384],"_rootPartCFrame":[770.809,228.401,47.386,-0.073,0,0.997,0,1,0,-0.997,0,-0.073],"_humanoidState":5,"_cameraCFrame":[779.832,237.646,46.127,-0.138,-0.641,0.755,0,0.762,0.648,-0.99,0.089,-0.105],"_shiftlockState":false,"_pose":"FreeFall","_animationQueue":[],"_animationSpeed":1,"_zoom":11.957},{"_mousePosition":[683,384],"_rootPartCFrame":[770.545,228.787,47.423,-0.082,0,0.997,0,1,0,-0.997,0,-0.082],"_humanoidState":5,"_cameraCFrame":[779.567,238.032,46.164,-0.138,-0.641,0.755,0,0.762,0.648,-0.99,0.089,-0.105],"_shiftlockState":false,"_pose":"FreeFall","_animationQueue":[],"_animationSpeed":1,"_zoom":11.957},{"_mousePosition":[683,384],"_rootPartCFrame":[770.281,229.119,47.459,-0.09,0,0.996,0,1,0,-0.996,0,-0.09],"_humanoidState":5,"_cameraCFrame":[779.303,238.363,46.201,-0.138,-0.641,0.755,0,0.762,0.648,-0.99,0.089,-0.105],"_shiftlockState":false,"_pose":"FreeFall","_animationQueue":[],"_animationSpeed":1,"_zoom":11.957},{"_mousePosition":[683,384],"_rootPartCFrame":[770.016,229.396,47.496,-0.097,0,0.995,0,1,0,-0.995,0,-0.097],"_humanoidState":5,"_cameraCFrame":[779.039,238.64,46.237,-0.138,-0.641,0.755,0,0.762,0.648,-0.99,0.089,-0.105],"_shiftlockState":false,"_pose":"FreeFall","_animationQueue":[],"_animationSpeed":1,"_zoom":11.957},{"_mousePosition":[683,384],"_rootPartCFrame":[769.752,229.618,47.533,-0.103,0,0.995,0,1,0,-0.995,0,-0.103],"_humanoidState":5,"_cameraCFrame":[778.775,238.863,46.274,-0.138,-0.641,0.755,0,0.762,0.648,-0.99,0.089,-0.105],"_shiftlockState":false,"_pose":"FreeFall","_animationQueue":[],"_animationSpeed":1,"_zoom":11.957},{"_mousePosition":[683,384],"_rootPartCFrame":[769.488,229.786,47.57,-0.108,0,0.994,0,1,0,-0.994,0,-0.108],"_humanoidState":5,"_cameraCFrame":[778.511,239.031,46.311,-0.138,-0.641,0.755,0,0.762,0.648,-0.99,0.089,-0.105],"_shiftlockState":false,"_pose":"FreeFall","_animationQueue":[],"_animationSpeed":1,"_zoom":11.957},{"_mousePosition":[683,384],"_rootPartCFrame":[769.224,229.9,47.607,-0.112,0,0.994,0,1,0,-0.994,0,-0.112],"_humanoidState":5,"_cameraCFrame":[778.247,239.144,46.348,-0.138,-0.641,0.755,0,0.762,0.648,-0.99,0.089,-0.105],"_shiftlockState":false,"_pose":"FreeFall","_animationQueue":[],"_animationSpeed":1,"_zoom":11.957},{"_mousePosition":[683,384],"_rootPartCFrame":[768.96,229.959,47.644,-0.116,0,0.993,0,1,0,-0.993,0,-0.116],"_humanoidState":5,"_cameraCFrame":[778.041,239.122,46.309,-0.145,-0.634,0.759,0,0.768,0.641,-0.989,0.093,-0.112],"_shiftlockState":false,"_pose":"FreeFall","_animationQueue":[],"_animationSpeed":1,"_zoom":11.957},{"_mousePosition":[683,384],"_rootPartCFrame":[768.696,229.963,47.68,-0.119,0,0.993,0,1,0,-0.993,0,-0.119],"_humanoidState":5,"_cameraCFrame":[777.892,238.963,46.21,-0.158,-0.619,0.769,0,0.779,0.627,-0.987,0.099,-0.123],"_shiftlockState":false,"_pose":"FreeFall","_animationQueue":[],"_animationSpeed":1,"_zoom":11.957},{"_mousePosition":[683,384],"_rootPartCFrame":[768.432,229.914,47.719,-0.122,0,0.993,0,1,0,-0.993,0,-0.122],"_humanoidState":5,"_cameraCFrame":[777.664,238.852,46.174,-0.165,-0.614,0.772,0,0.783,0.622,-0.986,0.103,-0.129],"_shiftlockState":false,"_pose":"FreeFall","_animationQueue":[],"_animationSpeed":1,"_zoom":11.957},{"_mousePosition":[683,384],"_rootPartCFrame":[768.102,229.774,47.771,-0.128,0,0.992,0,1,0,-0.992,0,-0.128],"_humanoidState":5,"_cameraCFrame":[777.318,238.713,46.129,-0.175,-0.612,0.771,0,0.783,0.622,-0.984,0.109,-0.137],"_shiftlockState":false,"_pose":"FreeFall","_animationQueue":[],"_animationSpeed":1,"_zoom":11.957},{"_mousePosition":[683,384],"_rootPartCFrame":[767.905,229.65,47.804,-0.131,0,0.991,0,1,0,-0.991,0,-0.131],"_humanoidState":5,"_cameraCFrame":[777.08,238.634,46.139,-0.178,-0.616,0.767,0,0.78,0.626,-0.984,0.112,-0.139],"_shiftlockState":false,"_pose":"FreeFall","_animationQueue":[],"_animationSpeed":1,"_zoom":11.957},{"_mousePosition":[683,384],"_rootPartCFrame":[767.643,229.437,47.85,-0.137,0,0.991,0,1,0,-0.991,0,-0.137],"_humanoidState":5,"_cameraCFrame":[776.686,238.57,46.141,-0.186,-0.627,0.756,0,0.77,0.638,-0.983,0.119,-0.143],"_shiftlockState":false,"_pose":"FreeFall","_animationQueue":[],"_animationSpeed":1,"_zoom":11.957},{"_mousePosition":[683,384],"_rootPartCFrame":[767.38,229.169,47.898,-0.143,0,0.99,0,1,0,-0.99,0,-0.143],"_humanoidState":5,"_cameraCFrame":[776.262,238.479,46.142,-0.194,-0.641,0.743,0,0.757,0.653,-0.981,0.127,-0.147],"_shiftlockState":false,"_pose":"FreeFall","_animationQueue":[["fall",0.3]],"_animationSpeed":1,"_zoom":11.957},{"_mousePosition":[683,384],"_rootPartCFrame":[767.118,228.846,47.947,-0.148,0,0.989,0,1,0,-0.989,0,-0.148],"_humanoidState":5,"_cameraCFrame":[775.827,238.337,46.14,-0.203,-0.654,0.728,0,0.744,0.668,-0.979,0.136,-0.151],"_shiftlockState":false,"_pose":"FreeFall","_animationQueue":[],"_animationSpeed":1,"_zoom":11.957},{"_mousePosition":[683,384],"_rootPartCFrame":[766.791,228.366,48.011,-0.156,0,0.988,0,1,0,-0.988,0,-0.156],"_humanoidState":5,"_cameraCFrame":[775.368,237.993,46.175,-0.209,-0.665,0.717,0,0.734,0.68,-0.978,0.142,-0.154],"_shiftlockState":false,"_pose":"FreeFall","_animationQueue":[],"_animationSpeed":1,"_zoom":11.957},{"_mousePosition":[683,384],"_rootPartCFrame":[766.595,228.038,48.051,-0.16,0,0.987,0,1,0,-0.987,0,-0.16],"_humanoidState":5,"_cameraCFrame":[775.048,237.791,46.205,-0.213,-0.674,0.707,0,0.724,0.69,-0.977,0.147,-0.154],"_shiftlockState":false,"_pose":"FreeFall","_animationQueue":[],"_animationSpeed":1,"_zoom":11.957},{"_mousePosition":[683,384],"_rootPartCFrame":[766.334,227.552,48.107,-0.167,0,0.986,0,1,0,-0.986,0,-0.167],"_humanoidState":5,"_cameraCFrame":[774.7,237.395,46.27,-0.214,-0.682,0.7,0,0.716,0.698,-0.977,0.15,-0.154],"_shiftlockState":false,"_pose":"FreeFall","_animationQueue":[],"_animationSpeed":1,"_zoom":11.957},{"_mousePosition":[683,384],"_rootPartCFrame":[766.074,227.011,48.164,-0.173,0,0.985,0,1,0,-0.985,0,-0.173],"_humanoidState":5,"_cameraCFrame":[774.355,236.951,46.382,-0.21,-0.69,0.693,0,0.708,0.706,-0.978,0.148,-0.149],"_shiftlockState":false,"_pose":"FreeFall","_animationQueue":[],"_animationSpeed":1,"_zoom":11.957},{"_mousePosition":[683,384],"_rootPartCFrame":[765.748,226.259,48.235,-0.18,0,0.984,0,1,0,-0.984,0,-0.18],"_humanoidState":5,"_cameraCFrame":[773.61,236.287,44.844,-0.2,-0.699,0.687,0,0.701,0.713,-0.98,0.143,-0.14],"_shiftlockState":true,"_pose":"FreeFall","_animationQueue":[],"_animationSpeed":1,"_zoom":11.957},{"_mousePosition":[683,384],"_rootPartCFrame":[765.553,225.767,48.277,-0.202,0,0.979,0,1,0,-0.979,0,-0.202],"_humanoidState":5,"_cameraCFrame":[773.414,235.794,44.886,-0.2,-0.699,0.687,0,0.701,0.713,-0.98,0.143,-0.14],"_shiftlockState":true,"_pose":"FreeFall","_animationQueue":[["fall",0.3]],"_animationSpeed":1,"_zoom":11.957},{"_mousePosition":[683,384],"_rootPartCFrame":[765.291,225.063,48.331,-0.201,0,0.98,0,1,0,-0.98,0,-0.201],"_humanoidState":5,"_cameraCFrame":[773.09,235.198,45.068,-0.187,-0.709,0.68,0,0.692,0.722,-0.982,0.135,-0.129],"_shiftlockState":true,"_pose":"FreeFall","_animationQueue":[],"_animationSpeed":1,"_zoom":11.957},{"_mousePosition":[683,384],"_rootPartCFrame":[764.965,224.106,48.398,-0.188,0,0.982,0,1,0,-0.982,0,-0.188],"_humanoidState":5,"_cameraCFrame":[772.673,234.36,45.238,-0.176,-0.721,0.67,0,0.681,0.732,-0.984,0.129,-0.12],"_shiftlockState":true,"_pose":"FreeFall","_animationQueue":[],"_animationSpeed":1,"_zoom":11.957},{"_mousePosition":[683,384],"_rootPartCFrame":[764.703,223.28,48.448,-0.177,0,0.984,0,1,0,-0.984,0,-0.177],"_humanoidState":7,"_cameraCFrame":[772.315,233.645,45.366,-0.169,-0.731,0.661,0,0.671,0.741,-0.986,0.125,-0.114],"_shiftlockState":true,"_pose":"FreeFall","_animationQueue":[["walk",0.1],["fall",0.3],["fall",0.3]],"_animationSpeed":1,"_zoom":11.957},{"_mousePosition":[683,384],"_rootPartCFrame":[764.506,223.124,48.484,-0.169,0,0.986,0,1,0,-0.986,0,-0.169],"_humanoidState":7,"_cameraCFrame":[771.978,233.63,45.467,-0.164,-0.743,0.649,0,0.658,0.753,-0.986,0.124,-0.108],"_shiftlockState":true,"_pose":"FreeFall","_animationQueue":[],"_animationSpeed":1,"_zoom":11.957},{"_mousePosition":[683,384],"_rootPartCFrame":[764.178,223.253,48.541,-0.164,0,0.986,0,1,0,-0.986,0,-0.164],"_humanoidState":8,"_cameraCFrame":[771.491,233.91,45.591,-0.159,-0.756,0.635,0,0.643,0.766,-0.987,0.122,-0.102],"_shiftlockState":true,"_pose":"Running","_animationQueue":[["walk",0.1],["fall",0.3],["walk",0.1]],"_animationSpeed":1.103,"_zoom":11.957},{"_mousePosition":[683,384],"_rootPartCFrame":[763.915,224.116,48.586,-0.159,0,0.987,0,1,0,-0.987,0,-0.159],"_humanoidState":3,"_cameraCFrame":[771.053,234.932,45.704,-0.154,-0.77,0.619,0,0.627,0.779,-0.988,0.12,-0.096],"_shiftlockState":true,"_pose":"Jumping","_animationQueue":[["walk",0.1],["walk",0.1],["jump",0.1]],"_animationSpeed":1,"_zoom":11.957},{"_mousePosition":[683,384],"_rootPartCFrame":[763.652,224.925,48.628,-0.154,0,0.988,0,1,0,-0.988,0,-0.154],"_humanoidState":5,"_cameraCFrame":[770.656,235.854,45.791,-0.151,-0.78,0.608,0,0.615,0.789,-0.989,0.119,-0.093],"_shiftlockState":true,"_pose":"FreeFall","_animationQueue":[["jump",0.1]],"_animationSpeed":1,"_zoom":11.957},{"_mousePosition":[683,384],"_rootPartCFrame":[763.454,225.495,48.659,-0.151,0,0.989,0,1,0,-0.989,0,-0.151],"_humanoidState":5,"_cameraCFrame":[770.329,236.53,45.857,-0.149,-0.789,0.597,0,0.603,0.797,-0.989,0.118,-0.09],"_shiftlockState":true,"_pose":"FreeFall","_animationQueue":[],"_animationSpeed":1,"_zoom":11.957},{"_mousePosition":[683,384],"_rootPartCFrame":[763.124,226.378,48.71,-0.149,0,0.989,0,1,0,-0.989,0,-0.149],"_humanoidState":5,"_cameraCFrame":[769.906,237.488,45.937,-0.146,-0.795,0.589,0,0.595,0.804,-0.989,0.118,-0.087],"_shiftlockState":true,"_pose":"FreeFall","_animationQueue":[],"_animationSpeed":1,"_zoom":11.957},{"_mousePosition":[683,384],"_rootPartCFrame":[762.927,226.867,48.74,-0.147,0,0.989,0,1,0,-0.989,0,-0.147],"_humanoidState":5,"_cameraCFrame":[769.634,238.034,45.985,-0.145,-0.8,0.582,0,0.588,0.809,-0.989,0.118,-0.086],"_shiftlockState":true,"_pose":"FreeFall","_animationQueue":[],"_animationSpeed":1,"_zoom":11.957},{"_mousePosition":[683,384],"_rootPartCFrame":[762.663,227.471,48.779,-0.146,0,0.989,0,1,0,-0.989,0,-0.146],"_humanoidState":5,"_cameraCFrame":[769.311,238.683,46.04,-0.144,-0.804,0.577,0,0.583,0.812,-0.99,0.117,-0.084],"_shiftlockState":true,"_pose":"FreeFall","_animationQueue":[],"_animationSpeed":1,"_zoom":11.957},{"_mousePosition":[683,384],"_rootPartCFrame":[762.399,228.02,48.818,-0.145,0,0.989,0,1,0,-0.989,0,-0.145],"_humanoidState":5,"_cameraCFrame":[769.001,239.266,46.086,-0.144,-0.807,0.573,0,0.579,0.815,-0.99,0.118,-0.084],"_shiftlockState":true,"_pose":"FreeFall","_animationQueue":[],"_animationSpeed":1,"_zoom":11.957},{"_mousePosition":[683,384],"_rootPartCFrame":[762.135,228.515,48.856,-0.144,0,0.99,0,1,0,-0.99,0,-0.144],"_humanoidState":5,"_cameraCFrame":[768.698,239.789,46.13,-0.144,-0.809,0.57,0,0.576,0.817,-0.99,0.118,-0.083],"_shiftlockState":true,"_pose":"FreeFall","_animationQueue":[],"_animationSpeed":1,"_zoom":11.957},{"_mousePosition":[683,384],"_rootPartCFrame":[761.871,228.956,48.895,-0.144,0,0.99,0,1,0,-0.99,0,-0.144],"_humanoidState":5,"_cameraCFrame":[768.408,240.246,46.165,-0.145,-0.81,0.568,0,0.574,0.819,-0.989,0.119,-0.083],"_shiftlockState":true,"_pose":"FreeFall","_animationQueue":[],"_animationSpeed":1,"_zoom":11.957},{"_mousePosition":[683,384],"_rootPartCFrame":[761.607,229.342,48.933,-0.145,0,0.989,0,1,0,-0.989,0,-0.145],"_humanoidState":5,"_cameraCFrame":[768.118,240.649,46.2,-0.146,-0.811,0.566,0,0.572,0.82,-0.989,0.12,-0.084],"_shiftlockState":true,"_pose":"FreeFall","_animationQueue":[],"_animationSpeed":1,"_zoom":11.957},{"_mousePosition":[683,384],"_rootPartCFrame":[761.343,229.673,48.972,-0.146,0,0.989,0,1,0,-0.989,0,-0.146],"_humanoidState":5,"_cameraCFrame":[767.819,241.002,46.237,-0.148,-0.813,0.563,0,0.569,0.822,-0.989,0.121,-0.084],"_shiftlockState":true,"_pose":"FreeFall","_animationQueue":[],"_animationSpeed":1,"_zoom":11.957},{"_mousePosition":[683,384],"_rootPartCFrame":[761.08,229.95,49.011,-0.147,0,0.989,0,1,0,-0.989,0,-0.147],"_humanoidState":5,"_cameraCFrame":[767.524,241.301,46.28,-0.148,-0.815,0.561,0,0.567,0.824,-0.989,0.122,-0.084],"_shiftlockState":true,"_pose":"FreeFall","_animationQueue":[],"_animationSpeed":1,"_zoom":11.957},{"_mousePosition":[683,384],"_rootPartCFrame":[760.816,230.173,49.05,-0.147,0,0.989,0,1,0,-0.989,0,-0.147],"_humanoidState":5,"_cameraCFrame":[767.221,241.551,46.326,-0.148,-0.817,0.557,0,0.563,0.826,-0.989,0.122,-0.083],"_shiftlockState":true,"_pose":"FreeFall","_animationQueue":[],"_animationSpeed":1,"_zoom":11.957},{"_mousePosition":[683,384],"_rootPartCFrame":[760.552,230.341,49.089,-0.147,0,0.989,0,1,0,-0.989,0,-0.147],"_humanoidState":5,"_cameraCFrame":[766.934,241.735,46.368,-0.148,-0.818,0.555,0,0.561,0.828,-0.989,0.122,-0.083],"_shiftlockState":true,"_pose":"FreeFall","_animationQueue":[],"_animationSpeed":1,"_zoom":11.957},{"_mousePosition":[683,384],"_rootPartCFrame":[760.289,230.454,49.129,-0.148,0,0.989,0,1,0,-0.989,0,-0.148],"_humanoidState":5,"_cameraCFrame":[766.662,241.854,46.409,-0.148,-0.819,0.555,0,0.561,0.828,-0.989,0.122,-0.083],"_shiftlockState":true,"_pose":"FreeFall","_animationQueue":[],"_animationSpeed":1,"_zoom":11.957},{"_mousePosition":[683,384],"_rootPartCFrame":[760.025,230.513,49.168,-0.148,0,0.989,0,1,0,-0.989,0,-0.148],"_humanoidState":5,"_cameraCFrame":[766.399,241.913,46.448,-0.148,-0.819,0.555,0,0.561,0.828,-0.989,0.122,-0.083],"_shiftlockState":true,"_pose":"FreeFall","_animationQueue":[],"_animationSpeed":1,"_zoom":11.957},{"_mousePosition":[683,384],"_rootPartCFrame":[759.761,230.518,49.207,-0.148,0,0.989,0,1,0,-0.989,0,-0.148],"_humanoidState":5,"_cameraCFrame":[766.135,241.918,46.488,-0.148,-0.819,0.555,0,0.561,0.828,-0.989,0.122,-0.083],"_shiftlockState":true,"_pose":"FreeFall","_animationQueue":[],"_animationSpeed":1,"_zoom":11.957},{"_mousePosition":[683,384],"_rootPartCFrame":[759.498,230.468,49.247,-0.148,0,0.989,0,1,0,-0.989,0,-0.148],"_humanoidState":5,"_cameraCFrame":[765.871,241.868,46.527,-0.148,-0.819,0.555,0,0.561,0.828,-0.989,0.122,-0.083],"_shiftlockState":true,"_pose":"FreeFall","_animationQueue":[],"_animationSpeed":1,"_zoom":11.957},{"_mousePosition":[683,384],"_rootPartCFrame":[759.234,230.363,49.286,-0.148,0,0.989,0,1,0,-0.989,0,-0.148],"_humanoidState":5,"_cameraCFrame":[765.608,241.763,46.566,-0.148,-0.819,0.555,0,0.561,0.828,-0.989,0.122,-0.083],"_shiftlockState":true,"_pose":"FreeFall","_animationQueue":[],"_animationSpeed":1,"_zoom":11.957},{"_mousePosition":[683,384],"_rootPartCFrame":[758.97,230.204,49.325,-0.148,0,0.989,0,1,0,-0.989,0,-0.148],"_humanoidState":5,"_cameraCFrame":[765.341,241.604,46.599,-0.149,-0.819,0.555,0,0.561,0.828,-0.989,0.123,-0.083],"_shiftlockState":true,"_pose":"FreeFall","_animationQueue":[],"_animationSpeed":1,"_zoom":11.957},{"_mousePosition":[683,384],"_rootPartCFrame":[758.707,229.991,49.365,-0.148,0,0.989,0,1,0,-0.989,0,-0.148],"_humanoidState":5,"_cameraCFrame":[765.1,241.364,46.592,-0.155,-0.816,0.557,0,0.564,0.826,-0.988,0.128,-0.087],"_shiftlockState":true,"_pose":"FreeFall","_animationQueue":[["fall",0.3]],"_animationSpeed":1,"_zoom":11.957},{"_mousePosition":[683,384],"_rootPartCFrame":[758.443,229.723,49.404,-0.154,0,0.988,0,1,0,-0.988,0,-0.154],"_humanoidState":5,"_cameraCFrame":[764.886,241.047,46.573,-0.162,-0.811,0.563,0,0.57,0.822,-0.987,0.133,-0.092],"_shiftlockState":true,"_pose":"FreeFall","_animationQueue":[],"_animationSpeed":1,"_zoom":11.957},{"_mousePosition":[683,384],"_rootPartCFrame":[758.114,229.311,49.456,-0.161,0,0.987,0,1,0,-0.987,0,-0.161],"_humanoidState":5,"_cameraCFrame":[764.601,240.591,46.574,-0.168,-0.806,0.567,0,0.575,0.818,-0.986,0.138,-0.097],"_shiftlockState":true,"_pose":"FreeFall","_animationQueue":[],"_animationSpeed":1,"_zoom":11.957},{"_mousePosition":[683,384],"_rootPartCFrame":[757.916,229.024,49.488,-0.168,0,0.986,0,1,0,-0.986,0,-0.168],"_humanoidState":5,"_cameraCFrame":[764.419,240.292,46.603,-0.168,-0.805,0.568,0,0.577,0.817,-0.986,0.137,-0.097],"_shiftlockState":true,"_pose":"FreeFall","_animationQueue":[],"_animationSpeed":1,"_zoom":11.957},{"_mousePosition":[683,384],"_rootPartCFrame":[757.653,228.592,49.532,-0.168,0,0.986,0,1,0,-0.986,0,-0.168],"_humanoidState":5,"_cameraCFrame":[764.156,239.86,46.648,-0.168,-0.805,0.568,0,0.577,0.817,-0.986,0.137,-0.097],"_shiftlockState":true,"_pose":"FreeFall","_animationQueue":[],"_animationSpeed":1,"_zoom":11.957},{"_mousePosition":[683,384],"_rootPartCFrame":[757.39,228.106,49.577,-0.168,0,0.986,0,1,0,-0.986,0,-0.168],"_humanoidState":5,"_cameraCFrame":[763.893,239.374,46.692,-0.168,-0.805,0.568,0,0.577,0.817,-0.986,0.137,-0.097],"_shiftlockState":true,"_pose":"FreeFall","_animationQueue":[],"_animationSpeed":1,"_zoom":11.957},{"_mousePosition":[683,384],"_rootPartCFrame":[757.127,227.566,49.622,-0.168,0,0.986,0,1,0,-0.986,0,-0.168],"_humanoidState":5,"_cameraCFrame":[763.63,238.834,46.737,-0.168,-0.805,0.568,0,0.577,0.817,-0.986,0.137,-0.097],"_shiftlockState":true,"_pose":"FreeFall","_animationQueue":[],"_animationSpeed":1,"_zoom":11.957},{"_mousePosition":[683,384],"_rootPartCFrame":[756.864,226.971,49.667,-0.168,0,0.986,0,1,0,-0.986,0,-0.168],"_humanoidState":5,"_cameraCFrame":[763.367,238.239,46.782,-0.168,-0.805,0.568,0,0.577,0.817,-0.986,0.137,-0.097],"_shiftlockState":true,"_pose":"FreeFall","_animationQueue":[["fall",0.3]],"_animationSpeed":1,"_zoom":11.957},{"_mousePosition":[683,384],"_rootPartCFrame":[756.601,226.321,49.712,-0.168,0,0.986,0,1,0,-0.986,0,-0.168],"_humanoidState":5,"_cameraCFrame":[763.104,237.59,46.827,-0.168,-0.805,0.568,0,0.577,0.817,-0.986,0.137,-0.097],"_shiftlockState":true,"_pose":"FreeFall","_animationQueue":[],"_animationSpeed":1,"_zoom":11.957},{"_mousePosition":[683,384],"_rootPartCFrame":[756.385,225.629,49.766,-0.126,-0.015,0.992,0.004,1,0.016,-0.992,0.006,-0.125],"_humanoidState":5,"_cameraCFrame":[762.866,236.897,46.89,-0.168,-0.805,0.568,0,0.577,0.817,-0.986,0.137,-0.097],"_shiftlockState":true,"_pose":"FreeFall","_animationQueue":[],"_animationSpeed":1,"_zoom":11.957},{"_mousePosition":[683,384],"_rootPartCFrame":[756.359,225.689,49.822,-0.113,-0.016,0.994,0.005,1,0.016,-0.994,0.007,-0.113],"_humanoidState":12,"_cameraCFrame":[762.838,236.957,46.948,-0.168,-0.805,0.568,0,0.577,0.817,-0.986,0.137,-0.097],"_shiftlockState":true,"_pose":"Climbing","_animationQueue":[["walk",0.1],["fall",0.3],["climb",0.1],["climb",0]],"_animationSpeed":-3.382,"_zoom":11.957},{"_mousePosition":[683,384],"_rootPartCFrame":[756.379,225.871,49.842,-0.149,-0.006,0.989,0,1,0.006,-0.989,0.001,-0.149],"_humanoidState":12,"_cameraCFrame":[762.918,237.128,47.024,-0.158,-0.806,0.571,0,0.578,0.816,-0.987,0.129,-0.091],"_shiftlockState":true,"_pose":"Climbing","_animationQueue":[["climb",0.1]],"_animationSpeed":0.848,"_zoom":11.957},{"_mousePosition":[683,384],"_rootPartCFrame":[756.38,226.104,49.844,-0.153,-0.001,0.988,-0.001,1,0.001,-0.988,-0.001,-0.153],"_humanoidState":12,"_cameraCFrame":[763.6,237.156,48.218,0.017,-0.799,0.601,0,0.601,0.799,-1,-0.014,0.01],"_shiftlockState":true,"_pose":"Climbing","_animationQueue":[["climb",0.1]],"_animationSpeed":0.927,"_zoom":11.957},{"_mousePosition":[683,384],"_rootPartCFrame":[756.38,226.244,49.844,0.018,0,1,0,1,0,-1,0,0.018],"_humanoidState":12,"_cameraCFrame":[763.962,236.968,51.703,0.45,-0.689,0.568,0,0.636,0.771,-0.893,-0.347,0.286],"_shiftlockState":true,"_pose":"Climbing","_animationQueue":[],"_animationSpeed":0.927,"_zoom":11.957},{"_mousePosition":[683,384],"_rootPartCFrame":[756.597,226.828,49.841,0.395,0,0.919,0.007,1,-0.004,-0.919,0.008,0.395],"_humanoidState":8,"_cameraCFrame":[762.161,237.478,55.453,0.848,-0.406,0.341,0,0.644,0.765,-0.53,-0.649,0.546],"_shiftlockState":true,"_pose":"Standing","_animationQueue":[["climb",0.1],["walk",0.1],["idle",0.1]],"_animationSpeed":1,"_zoom":11.957},{"_mousePosition":[683,384],"_rootPartCFrame":[756.854,227.177,49.784,0.846,-0.001,0.534,0.004,1,-0.005,-0.534,0.006,0.846],"_humanoidState":8,"_cameraCFrame":[759.912,237.999,56.849,0.984,-0.139,0.112,0,0.626,0.78,-0.178,-0.767,0.616],"_shiftlockState":true,"_pose":"Running","_animationQueue":[["walk",0.1]],"_animationSpeed":0.16,"_zoom":11.957},{"_mousePosition":[683,384],"_rootPartCFrame":[756.845,227.372,49.718,0.986,-0.001,0.164,0.002,1,-0.002,-0.164,0.002,0.986],"_humanoidState":8,"_cameraCFrame":[758.314,238.894,56.31,0.999,0.036,-0.023,0,0.545,0.838,0.043,-0.837,0.545],"_shiftlockState":true,"_pose":"Running","_animationQueue":[["walk",0.1]],"_animationSpeed":0.304,"_zoom":11.957},{"_mousePosition":[683,384],"_rootPartCFrame":[756.815,227.627,49.564,0.998,0,-0.063,0,1,0,0.063,0,0.998],"_humanoidState":8,"_cameraCFrame":[757.599,239.679,55.401,0.986,0.148,-0.079,0,0.47,0.882,0.167,-0.87,0.464],"_shiftlockState":true,"_pose":"Running","_animationQueue":[["walk",0.1]],"_animationSpeed":0.402,"_zoom":11.957},{"_mousePosition":[683,384],"_rootPartCFrame":[756.826,228.508,49.426,0.987,0.005,-0.163,-0.005,1,-0.004,0.163,0.005,0.987],"_humanoidState":3,"_cameraCFrame":[757.013,240.765,54.936,0.958,0.258,-0.125,0,0.437,0.9,0.287,-0.862,0.418],"_shiftlockState":true,"_pose":"Jumping","_animationQueue":[["walk",0.1],["jump",0.1]],"_animationSpeed":1,"_zoom":11.957},{"_mousePosition":[683,384],"_rootPartCFrame":[756.863,229.357,49.262,0.962,0.002,-0.274,-0.003,1,-0.003,0.274,0.004,0.962],"_humanoidState":5,"_cameraCFrame":[756.661,241.677,54.647,0.933,0.327,-0.154,0,0.426,0.905,0.361,-0.844,0.397],"_shiftlockState":true,"_pose":"FreeFall","_animationQueue":[["jump",0.1]],"_animationSpeed":1,"_zoom":11.957},{"_mousePosition":[683,384],"_rootPartCFrame":[756.887,229.959,49.117,0.936,0.001,-0.352,-0.001,1,-0.002,0.352,0.002,0.936],"_humanoidState":5,"_cameraCFrame":[756.538,242.307,54.432,0.921,0.354,-0.164,0,0.421,0.907,0.39,-0.835,0.387],"_shiftlockState":true,"_pose":"FreeFall","_animationQueue":[],"_animationSpeed":1,"_zoom":11.957},{"_mousePosition":[683,384],"_rootPartCFrame":[756.945,230.713,48.899,0.923,0,-0.384,0,1,0,0.384,0,0.923],"_humanoidState":5,"_cameraCFrame":[756.603,243.057,54.221,0.922,0.352,-0.164,0,0.421,0.907,0.388,-0.836,0.388],"_shiftlockState":true,"_pose":"FreeFall","_animationQueue":[],"_animationSpeed":1,"_zoom":11.957},{"_mousePosition":[683,384],"_rootPartCFrame":[757.061,231.578,48.599,0.922,0,-0.387,0,1,0,0.387,0,0.922],"_humanoidState":5,"_cameraCFrame":[756.78,243.894,53.982,0.928,0.338,-0.159,0,0.426,0.905,0.374,-0.839,0.396],"_shiftlockState":true,"_pose":"FreeFall","_animationQueue":[],"_animationSpeed":1,"_zoom":11.957},{"_mousePosition":[683,384],"_rootPartCFrame":[757.139,232.057,48.415,0.927,0,-0.374,0,1,0,0.374,0,0.927],"_humanoidState":5,"_cameraCFrame":[756.962,244.322,53.901,0.937,0.314,-0.152,0,0.435,0.9,0.349,-0.844,0.408],"_shiftlockState":true,"_pose":"FreeFall","_animationQueue":[],"_animationSpeed":1,"_zoom":11.957},{"_mousePosition":[683,384],"_rootPartCFrame":[757.239,232.647,48.168,0.936,0,-0.352,0,1,0,0.352,0,0.936],"_humanoidState":5,"_cameraCFrame":[757.172,244.871,53.739,0.946,0.292,-0.144,0,0.442,0.897,0.326,-0.848,0.418],"_shiftlockState":true,"_pose":"FreeFall","_animationQueue":[],"_animationSpeed":1,"_zoom":11.957},{"_mousePosition":[683,384],"_rootPartCFrame":[757.333,233.183,47.918,0.944,0,-0.329,0,1,0,0.329,0,0.944],"_humanoidState":5,"_cameraCFrame":[755.706,245.389,52.988,0.952,0.274,-0.136,0,0.445,0.895,0.306,-0.853,0.424],"_shiftlockState":false,"_pose":"FreeFall","_animationQueue":[],"_animationSpeed":1,"_zoom":11.957},{"_mousePosition":[683,384],"_rootPartCFrame":[757.442,233.776,47.604,0.944,0,-0.329,0,1,0,0.329,0,0.944],"_humanoidState":5,"_cameraCFrame":[755.815,245.983,52.673,0.952,0.274,-0.136,0,0.445,0.895,0.306,-0.853,0.424],"_shiftlockState":false,"_pose":"FreeFall","_animationQueue":[],"_animationSpeed":1,"_zoom":11.957},{"_mousePosition":[683,384],"_rootPartCFrame":[757.525,234.19,47.35,0.945,0,-0.327,0,1,0,0.327,0,0.945],"_humanoidState":5,"_cameraCFrame":[756.078,246.374,52.518,0.963,0.241,-0.121,0,0.449,0.894,0.27,-0.861,0.432],"_shiftlockState":false,"_pose":"FreeFall","_animationQueue":[],"_animationSpeed":1,"_zoom":11.957},{"_mousePosition":[683,384],"_rootPartCFrame":[757.606,234.548,47.096,0.946,0,-0.324,0,1,0,0.324,0,0.946],"_humanoidState":5,"_cameraCFrame":[756.413,246.703,52.391,0.976,0.196,-0.1,0,0.454,0.891,0.22,-0.869,0.443],"_shiftlockState":false,"_pose":"FreeFall","_animationQueue":[],"_animationSpeed":1,"_zoom":11.957},{"_mousePosition":[683,384],"_rootPartCFrame":[757.68,234.853,46.84,0.948,0,-0.318,0,1,0,0.318,0,0.948],"_humanoidState":5,"_cameraCFrame":[756.748,247.007,52.187,0.985,0.153,-0.078,0,0.454,0.891,0.172,-0.878,0.447],"_shiftlockState":false,"_pose":"FreeFall","_animationQueue":[],"_animationSpeed":1,"_zoom":11.957},{"_mousePosition":[683,384],"_rootPartCFrame":[757.74,235.102,46.58,0.952,0,-0.307,0,1,0,0.307,0,0.952],"_humanoidState":5,"_cameraCFrame":[757.074,247.283,51.914,0.992,0.111,-0.056,0,0.45,0.893,0.124,-0.886,0.446],"_shiftlockState":false,"_pose":"FreeFall","_animationQueue":[],"_animationSpeed":1,"_zoom":11.957},{"_mousePosition":[683,384],"_rootPartCFrame":[757.788,235.298,46.318,0.957,0,-0.291,0,1,0,0.291,0,0.957],"_humanoidState":5,"_cameraCFrame":[757.328,247.504,51.622,0.996,0.077,-0.038,0,0.445,0.895,0.086,-0.892,0.444],"_shiftlockState":false,"_pose":"FreeFall","_animationQueue":[],"_animationSpeed":1,"_zoom":11.957},{"_mousePosition":[683,384],"_rootPartCFrame":[757.814,235.408,46.119,0.961,0,-0.276,0,1,0,0.276,0,0.961],"_humanoidState":5,"_cameraCFrame":[757.535,247.636,51.393,0.999,0.048,-0.023,0,0.442,0.897,0.053,-0.896,0.441],"_shiftlockState":false,"_pose":"FreeFall","_animationQueue":[],"_animationSpeed":1,"_zoom":11.957},{"_mousePosition":[683,384],"_rootPartCFrame":[757.839,235.508,45.854,0.968,0,-0.252,0,1,0,0.252,0,0.968],"_humanoidState":5,"_cameraCFrame":[757.676,247.744,51.115,1,0.028,-0.014,0,0.44,0.898,0.031,-0.897,0.44],"_shiftlockState":false,"_pose":"FreeFall","_animationQueue":[],"_animationSpeed":1,"_zoom":11.957},{"_mousePosition":[683,384],"_rootPartCFrame":[757.855,235.554,45.588,0.974,0,-0.227,0,1,0,0.227,0,0.974],"_humanoidState":5,"_cameraCFrame":[757.807,247.79,50.851,1,0.008,-0.004,0,0.44,0.898,0.009,-0.898,0.44],"_shiftlockState":false,"_pose":"FreeFall","_animationQueue":[],"_animationSpeed":1,"_zoom":11.957},{"_mousePosition":[683,384],"_rootPartCFrame":[757.866,235.534,45.255,0.981,0,-0.194,0,1,0,0.194,0,0.981],"_humanoidState":5,"_cameraCFrame":[758.045,247.757,50.541,0.999,-0.03,0.015,0,0.442,0.897,-0.034,-0.896,0.442],"_shiftlockState":false,"_pose":"FreeFall","_animationQueue":[],"_animationSpeed":1,"_zoom":11.957},{"_mousePosition":[683,384],"_rootPartCFrame":[757.869,235.457,44.988,0.986,0,-0.17,0,1,0,0.17,0,0.986],"_humanoidState":5,"_cameraCFrame":[758.408,247.65,50.311,0.995,-0.09,0.045,0,0.447,0.894,-0.101,-0.89,0.445],"_shiftlockState":false,"_pose":"FreeFall","_animationQueue":[],"_animationSpeed":1,"_zoom":11.957},{"_mousePosition":[683,384],"_rootPartCFrame":[757.864,235.363,44.788,0.989,0,-0.15,0,1,0,0.15,0,0.989],"_humanoidState":5,"_cameraCFrame":[759.208,247.522,50.038,0.969,-0.221,0.112,0,0.453,0.891,-0.248,-0.864,0.439],"_shiftlockState":false,"_pose":"FreeFall","_animationQueue":[],"_animationSpeed":1,"_zoom":11.957},{"_mousePosition":[683,384],"_rootPartCFrame":[757.97,235.663,44.56,0.982,0,-0.19,0,1,0,0.19,0,0.982],"_humanoidState":7,"_cameraCFrame":[760.426,247.817,49.4,0.892,-0.403,0.205,0,0.454,0.891,-0.452,-0.795,0.405],"_shiftlockState":false,"_pose":"FreeFall","_animationQueue":[["walk",0.1]],"_animationSpeed":1.103,"_zoom":11.957},{"_mousePosition":[683,384],"_rootPartCFrame":[758.109,235.99,44.334,0.971,0,-0.239,0,1,0,0.239,0,0.971],"_humanoidState":7,"_cameraCFrame":[763.186,248.197,46.706,0.685,-0.652,0.324,0,0.445,0.895,-0.729,-0.613,0.305],"_shiftlockState":true,"_pose":"FreeFall","_animationQueue":[],"_animationSpeed":1.103,"_zoom":11.957},{"_mousePosition":[683,384],"_rootPartCFrame":[758.219,236.229,44.02,0.637,0,0.771,0,1,0,-0.771,0,0.637],"_humanoidState":8,"_cameraCFrame":[763.297,248.436,46.392,0.685,-0.652,0.324,0,0.445,0.895,-0.729,-0.613,0.305],"_shiftlockState":true,"_pose":"Running","_animationQueue":[["fall",0.3],["walk",0.1],["fall",0.3],["walk",0.1]],"_animationSpeed":1.103,"_zoom":11.957},{"_mousePosition":[683,384],"_rootPartCFrame":[758.228,236.312,43.822,0.671,0,0.742,0,1,0,-0.742,0,0.671],"_humanoidState":8,"_cameraCFrame":[763.798,248.523,43.278,0.219,-0.874,0.434,0,0.445,0.896,-0.976,-0.196,0.097],"_shiftlockState":true,"_pose":"Running","_animationQueue":[],"_animationSpeed":1.103,"_zoom":11.957},{"_mousePosition":[683,384],"_rootPartCFrame":[758.221,236.375,43.556,0.191,0,0.981,0,1,0,-0.981,0,0.191],"_humanoidState":8,"_cameraCFrame":[763.435,248.386,40.662,-0.207,-0.86,0.466,0,0.477,0.879,-0.978,0.182,-0.099],"_shiftlockState":true,"_pose":"Running","_animationQueue":[],"_animationSpeed":1.103,"_zoom":11.957},{"_mousePosition":[683,384],"_rootPartCFrame":[758.113,236.409,43.32,-0.235,0,0.972,0,1,0,-0.972,0,-0.235],"_humanoidState":8,"_cameraCFrame":[762.649,248.147,38.775,-0.489,-0.747,0.451,0,0.517,0.856,-0.873,0.418,-0.252],"_shiftlockState":true,"_pose":"Running","_animationQueue":[],"_animationSpeed":1.103,"_zoom":11.957},{"_mousePosition":[683,384],"_rootPartCFrame":[757.909,236.428,43.156,-0.507,0,0.862,0,1,0,-0.862,0,-0.507],"_humanoidState":8,"_cameraCFrame":[761.903,247.935,37.684,-0.628,-0.651,0.426,0,0.547,0.837,-0.778,0.526,-0.344],"_shiftlockState":true,"_pose":"Running","_animationQueue":[],"_animationSpeed":1.103,"_zoom":11.957},{"_mousePosition":[683,384],"_rootPartCFrame":[757.658,236.438,43.073,-0.638,0,0.77,0,1,0,-0.77,0,-0.638],"_humanoidState":8,"_cameraCFrame":[761.624,247.8,37.324,-0.655,-0.624,0.428,0,0.565,0.825,-0.756,0.54,-0.37],"_shiftlockState":true,"_pose":"Running","_animationQueue":[],"_animationSpeed":1.103,"_zoom":11.957},{"_mousePosition":[683,384],"_rootPartCFrame":[757.402,237.311,42.999,-0.663,0,0.749,0,1,0,-0.749,0,-0.663],"_humanoidState":3,"_cameraCFrame":[761.518,248.656,37.328,-0.637,-0.635,0.437,0,0.567,0.823,-0.771,0.524,-0.361],"_shiftlockState":true,"_pose":"Jumping","_animationQueue":[["walk",0.1],["jump",0.1]],"_animationSpeed":1,"_zoom":11.957},{"_mousePosition":[683,384],"_rootPartCFrame":[757.102,238.33,42.875,-0.54,0,0.841,0,1,0,-0.841,0,-0.54],"_humanoidState":5,"_cameraCFrame":[761.218,249.675,37.204,-0.637,-0.635,0.437,0,0.567,0.823,-0.771,0.524,-0.361],"_shiftlockState":true,"_pose":"FreeFall","_animationQueue":[["jump",0.1]],"_animationSpeed":1,"_zoom":11.957},{"_mousePosition":[683,384],"_rootPartCFrame":[756.938,238.9,42.776,-0.559,0,0.829,0,1,0,-0.829,0,-0.559],"_humanoidState":5,"_cameraCFrame":[761.054,250.246,37.105,-0.637,-0.635,0.437,0,0.567,0.823,-0.771,0.524,-0.361],"_shiftlockState":true,"_pose":"FreeFall","_animationQueue":[],"_animationSpeed":1,"_zoom":11.957},{"_mousePosition":[683,384],"_rootPartCFrame":[756.739,239.613,42.614,-0.529,0,0.848,0,1,0,-0.848,0,-0.529],"_humanoidState":5,"_cameraCFrame":[760.855,250.959,36.944,-0.637,-0.635,0.437,0,0.567,0.823,-0.771,0.524,-0.361],"_shiftlockState":true,"_pose":"FreeFall","_animationQueue":[],"_animationSpeed":1,"_zoom":11.957},{"_mousePosition":[683,384],"_rootPartCFrame":[756.561,240.272,42.421,-0.529,0,0.849,0,1,0,-0.849,0,-0.529],"_humanoidState":5,"_cameraCFrame":[760.677,251.618,36.75,-0.637,-0.635,0.437,0,0.567,0.823,-0.771,0.524,-0.361],"_shiftlockState":true,"_pose":"FreeFall","_animationQueue":[],"_animationSpeed":1,"_zoom":11.957},{"_mousePosition":[683,384],"_rootPartCFrame":[756.391,240.876,42.215,-0.529,0,0.849,0,1,0,-0.849,0,-0.529],"_humanoidState":5,"_cameraCFrame":[760.507,252.222,36.545,-0.637,-0.635,0.437,0,0.567,0.823,-0.771,0.524,-0.361],"_shiftlockState":true,"_pose":"FreeFall","_animationQueue":[],"_animationSpeed":1,"_zoom":11.957},{"_mousePosition":[683,384],"_rootPartCFrame":[756.221,241.425,42.01,-0.529,0,0.849,0,1,0,-0.849,0,-0.529],"_humanoidState":5,"_cameraCFrame":[760.337,252.771,36.339,-0.637,-0.635,0.437,0,0.567,0.823,-0.771,0.524,-0.361],"_shiftlockState":true,"_pose":"FreeFall","_animationQueue":[],"_animationSpeed":1,"_zoom":11.957},{"_mousePosition":[683,384],"_rootPartCFrame":[756.009,242.036,41.753,-0.5,0,0.866,0,1,0,-0.866,0,-0.5],"_humanoidState":5,"_cameraCFrame":[760.125,253.381,36.082,-0.637,-0.635,0.437,0,0.567,0.823,-0.771,0.524,-0.361],"_shiftlockState":true,"_pose":"FreeFall","_animationQueue":[],"_animationSpeed":1,"_zoom":11.957},{"_mousePosition":[683,384],"_rootPartCFrame":[755.839,242.463,41.547,-0.529,0,0.849,0,1,0,-0.849,0,-0.529],"_humanoidState":5,"_cameraCFrame":[759.955,253.808,35.877,-0.637,-0.635,0.437,0,0.567,0.823,-0.771,0.524,-0.361],"_shiftlockState":true,"_pose":"FreeFall","_animationQueue":[],"_animationSpeed":1,"_zoom":11.957},{"_mousePosition":[683,384],"_rootPartCFrame":[755.669,242.835,41.342,-0.529,0,0.849,0,1,0,-0.849,0,-0.529],"_humanoidState":5,"_cameraCFrame":[759.785,254.181,35.671,-0.637,-0.635,0.437,0,0.567,0.823,-0.771,0.524,-0.361],"_shiftlockState":true,"_pose":"FreeFall","_animationQueue":[],"_animationSpeed":1,"_zoom":11.957},{"_mousePosition":[683,384],"_rootPartCFrame":[755.541,243.079,41.188,-0.557,0,0.831,0,1,0,-0.831,0,-0.557],"_humanoidState":5,"_cameraCFrame":[759.657,254.424,35.517,-0.637,-0.635,0.437,0,0.567,0.823,-0.771,0.524,-0.361],"_shiftlockState":true,"_pose":"FreeFall","_animationQueue":[],"_animationSpeed":1,"_zoom":11.957},{"_mousePosition":[683,384],"_rootPartCFrame":[755.371,243.356,40.982,-0.529,0,0.849,0,1,0,-0.849,0,-0.529],"_humanoidState":5,"_