[{"_mousePosition":[619,344],"_rootPartCFrame":[776.034,222.7,47.142,-0.001,0,1,0,1,0,-1,0,-0.001],"_humanoidState":8,"_cameraCFrame":[776.44,233.652,45.51,-0.97,-0.237,0.042,0,0.175,0.985,-0.241,0.955,-0.17],"_shiftlockState":false,"_pose":"Standing","_animationQueue":[],"_animationSpeed":1,"_zoom":9.6},{"_mousePosition":[619,344],"_rootPartCFrame":[775.74,222.695,47.069,0.039,0,0.999,0,1,0,-0.999,0,0.039],"_humanoidState":8,"_cameraCFrame":[776.142,233.65,45.451,-0.97,-0.238,0.042,0,0.174,0.985,-0.241,0.956,-0.169],"_shiftlockState":false,"_pose":"Standing","_animationQueue":[],"_animationSpeed":1,"_zoom":9.6},{"_mousePosition":[619,344],"_rootPartCFrame":[775.481,222.697,47.005,0.067,0,0.998,0,1,0,-0.998,0,0.067],"_humanoidState":8,"_cameraCFrame":[775.883,233.651,45.387,-0.97,-0.238,0.042,0,0.174,0.985,-0.241,0.956,-0.169],"_shiftlockState":false,"_pose":"Running","_animationQueue":[["walk",0.1]],"_animationSpeed":1.089,"_zoom":9.6},{"_mousePosition":[619,344],"_rootPartCFrame":[775.352,222.698,46.972,0.079,0,0.997,0,1,0,-0.997,0,0.079],"_humanoidState":8,"_cameraCFrame":[775.754,233.652,45.355,-0.97,-0.238,0.042,0,0.174,0.985,-0.241,0.956,-0.169],"_shiftlockState":false,"_pose":"Running","_animationQueue":[],"_animationSpeed":1.089,"_zoom":9.6},{"_mousePosition":[619,344],"_rootPartCFrame":[774.964,222.699,46.876,0.112,0,0.994,0,1,0,-0.994,0,0.112],"_humanoidState":8,"_cameraCFrame":[775.361,233.653,45.257,-0.971,-0.235,0.041,0,0.174,0.985,-0.239,0.956,-0.169],"_shiftlockState":false,"_pose":"Running","_animationQueue":[],"_animationSpeed":1.089,"_zoom":9.6},{"_mousePosition":[619,344],"_rootPartCFrame":[774.705,222.699,46.812,0.13,0,0.992,0,1,0,-0.992,0,0.13],"_humanoidState":8,"_cameraCFrame":[775.094,233.653,45.191,-0.972,-0.23,0.041,0,0.174,0.985,-0.234,0.958,-0.169],"_shiftlockState":false,"_pose":"Running","_animationQueue":[],"_animationSpeed":1.089,"_zoom":9.6},{"_mousePosition":[619,344],"_rootPartCFrame":[774.446,222.699,46.748,0.145,0,0.989,0,1,0,-0.989,0,0.145],"_humanoidState":8,"_cameraCFrame":[774.815,233.654,45.122,-0.975,-0.218,0.038,0,0.174,0.985,-0.221,0.96,-0.169],"_shiftlockState":false,"_pose":"Running","_animationQueue":[],"_animationSpeed":1.089,"_zoom":9.6},{"_mousePosition":[619,344],"_rootPartCFrame":[774.057,222.7,46.654,0.163,0,0.987,0,1,0,-0.987,0,0.163],"_humanoidState":8,"_cameraCFrame":[774.406,233.654,45.024,-0.978,-0.206,0.036,0,0.174,0.985,-0.209,0.963,-0.17],"_shiftlockState":false,"_pose":"Running","_animationQueue":[["walk",0.1]],"_animationSpeed":1.089,"_zoom":9.6},{"_mousePosition":[619,344],"_rootPartCFrame":[773.797,222.7,46.595,0.171,0,0.985,0,1,0,-0.985,0,0.171],"_humanoidState":8,"_cameraCFrame":[774.137,233.654,44.963,-0.979,-0.201,0.035,0,0.174,0.985,-0.204,0.964,-0.17],"_shiftlockState":false,"_pose":"Running","_animationQueue":[],"_animationSpeed":1.089,"_zoom":9.6},{"_mousePosition":[619,344],"_rootPartCFrame":[773.667,222.7,46.567,0.174,0,0.985,0,1,0,-0.985,0,0.174],"_humanoidState":8,"_cameraCFrame":[772.229,233.654,44.624,-0.985,-0.169,0.03,0,0.174,0.985,-0.172,0.97,-0.171],"_shiftlockState":true,"_pose":"Running","_animationQueue":[],"_animationSpeed":1.089,"_zoom":9.6},{"_mousePosition":[683,384],"_rootPartCFrame":[773.275,222.7,46.485,-1,0,0.026,0,1,0,-0.026,0,-1],"_humanoidState":8,"_cameraCFrame":[771.838,233.654,44.542,-0.985,-0.169,0.03,0,0.174,0.985,-0.172,0.97,-0.171],"_shiftlockState":true,"_pose":"Running","_animationQueue":[],"_animationSpeed":1.089,"_zoom":9.6},{"_mousePosition":[683,384],"_rootPartCFrame":[773.144,222.7,46.461,-0.989,0,0.151,0,1,0,-0.151,0,-0.989],"_humanoidState":8,"_cameraCFrame":[771.648,233.654,44.563,-0.99,-0.14,0.025,0,0.174,0.985,-0.142,0.975,-0.172],"_shiftlockState":true,"_pose":"Running","_animationQueue":[],"_animationSpeed":1.089,"_zoom":9.6},{"_mousePosition":[683,384],"_rootPartCFrame":[772.947,222.7,46.426,-0.991,0,0.134,0,1,0,-0.134,0,-0.991],"_humanoidState":8,"_cameraCFrame":[771.39,233.654,44.578,-0.994,-0.108,0.019,0,0.174,0.985,-0.109,0.979,-0.173],"_shiftlockState":true,"_pose":"Running","_animationQueue":[],"_animationSpeed":1.089,"_zoom":9.6},{"_mousePosition":[683,384],"_rootPartCFrame":[772.617,222.7,46.378,-0.994,0,0.107,0,1,0,-0.107,0,-0.994],"_humanoidState":8,"_cameraCFrame":[770.991,233.654,44.59,-0.997,-0.07,0.012,0,0.174,0.985,-0.071,0.982,-0.173],"_shiftlockState":true,"_pose":"Running","_animationQueue":[],"_animationSpeed":1.089,"_zoom":9.6},{"_mousePosition":[683,384],"_rootPartCFrame":[772.352,222.7,46.348,-0.997,0,0.071,0,1,0,-0.071,0,-0.997],"_humanoidState":8,"_cameraCFrame":[770.642,233.654,44.64,-1,-0.023,0.004,0,0.174,0.985,-0.023,0.985,-0.174],"_shiftlockState":true,"_pose":"Running","_animationQueue":[["walk",0.1]],"_animationSpeed":1.089,"_zoom":9.6},{"_mousePosition":[683,384],"_rootPartCFrame":[772.153,222.7,46.332,-1,0,0.023,0,1,0,-0.023,0,-1],"_humanoidState":8,"_cameraCFrame":[770.367,233.654,44.704,-1,0.022,-0.004,0,0.174,0.985,0.022,0.985,-0.174],"_shiftlockState":true,"_pose":"Running","_animationQueue":[],"_animationSpeed":1.089,"_zoom":9.6},{"_mousePosition":[683,384],"_rootPartCFrame":[771.886,222.7,46.324,-1,0,-0.022,0,1,0,0.022,0,-1],"_humanoidState":8,"_cameraCFrame":[770.032,233.654,44.774,-0.998,0.064,-0.011,0,0.174,0.985,0.065,0.983,-0.173],"_shiftlockState":true,"_pose":"Running","_animationQueue":[],"_animationSpeed":1.089,"_zoom":9.6},{"_mousePosition":[683,384],"_rootPartCFrame":[771.62,222.7,46.328,-0.998,0,-0.065,0,1,0,0.065,0,-0.998],"_humanoidState":8,"_cameraCFrame":[769.667,233.654,44.903,-0.991,0.129,-0.023,0,0.174,0.985,0.131,0.976,-0.172],"_shiftlockState":true,"_pose":"Running","_animationQueue":[],"_animationSpeed":1.089,"_zoom":9.6},{"_mousePosition":[683,384],"_rootPartCFrame":[771.354,222.7,46.343,-0.991,0,-0.131,0,1,0,0.131,0,-0.991],"_humanoidState":8,"_cameraCFrame":[769.345,233.654,44.999,-0.985,0.168,-0.03,0,0.174,0.985,0.171,0.97,-0.171],"_shiftlockState":true,"_pose":"Running","_animationQueue":[],"_animationSpeed":1.089,"_zoom":9.6},{"_mousePosition":[683,384],"_rootPartCFrame":[771.089,222.7,46.376,-0.985,0,-0.171,0,1,0,0.171,0,-0.985],"_humanoidState":8,"_cameraCFrame":[769.028,233.654,45.114,-0.978,0.207,-0.037,0,0.174,0.985,0.21,0.963,-0.17],"_shiftlockState":true,"_pose":"Running","_animationQueue":[],"_animationSpeed":1.089,"_zoom":9.6},{"_mousePosition":[683,384],"_rootPartCFrame":[770.826,222.7,46.419,-0.978,0,-0.21,0,1,0,0.21,0,-0.978],"_humanoidState":8,"_cameraCFrame":[768.721,233.654,45.232,-0.97,0.241,-0.043,0,0.174,0.985,0.245,0.955,-0.168],"_shiftlockState":true,"_pose":"Running","_animationQueue":[],"_animationSpeed":1.089,"_zoom":9.6},{"_mousePosition":[683,384],"_rootPartCFrame":[770.574,222.7,46.443,-0.976,0,-0.217,0.001,1,-0.002,0.217,-0.002,-0.976],"_humanoidState":8,"_cameraCFrame":[768.424,233.654,45.337,-0.959,0.28,-0.049,0,0.174,0.985,0.284,0.944,-0.167],"_shiftlockState":true,"_pose":"Running","_animationQueue":[["walk",0.1]],"_animationSpeed":1.089,"_zoom":9.6},{"_mousePosition":[683,384],"_rootPartCFrame":[770.245,223.804,46.448,-0.967,0.002,-0.253,0.004,1,-0.01,0.253,-0.011,-0.967],"_humanoidState":3,"_cameraCFrame":[768.056,234.758,45.412,-0.947,0.315,-0.056,0,0.174,0.985,0.32,0.933,-0.165],"_shiftlockState":true,"_pose":"Jumping","_animationQueue":[["walk",0.1],["jump",0.1]],"_animationSpeed":1,"_zoom":9.6},{"_mousePosition":[683,384],"_rootPartCFrame":[770.053,224.466,46.47,-0.953,0.002,-0.303,0.007,1,-0.015,0.303,-0.016,-0.953],"_humanoidState":3,"_cameraCFrame":[767.834,235.42,45.493,-0.937,0.343,-0.061,0,0.174,0.985,0.349,0.923,-0.163],"_shiftlockState":true,"_pose":"Jumping","_animationQueue":[],"_animationSpeed":1,"_zoom":9.6},{"_mousePosition":[683,384],"_rootPartCFrame":[769.799,225.316,46.534,-0.967,0.001,-0.254,0.003,1,-0.009,0.254,-0.01,-0.967],"_humanoidState":5,"_cameraCFrame":[767.562,236.27,45.606,-0.931,0.36,-0.063,0,0.174,0.985,0.365,0.917,-0.162],"_shiftlockState":true,"_pose":"FreeFall","_animationQueue":[["jump",0.1]],"_animationSpeed":1,"_zoom":9.6},{"_mousePosition":[683,384],"_rootPartCFrame":[769.549,226.11,46.626,-0.97,-0.001,-0.242,0,1,-0.003,0.242,-0.003,-0.97],"_humanoidState":5,"_cameraCFrame":[767.31,237.065,45.709,-0.931,0.36,-0.063,0,0.174,0.985,0.365,0.917,-0.162],"_shiftlockState":true,"_pose":"FreeFall","_animationQueue":[],"_animationSpeed":1,"_zoom":9.6},{"_mousePosition":[683,384],"_rootPartCFrame":[769.3,226.851,46.723,-0.971,-0.001,-0.239,-0.001,1,0,0.239,0,-0.971],"_humanoidState":5,"_cameraCFrame":[767.061,237.805,45.811,-0.931,0.36,-0.063,0,0.174,0.985,0.365,0.917,-0.162],"_shiftlockState":true,"_pose":"FreeFall","_animationQueue":[],"_animationSpeed":1,"_zoom":9.6},{"_mousePosition":[683,384],"_rootPartCFrame":[769.049,227.534,46.806,-0.97,-0.002,-0.244,0.001,1,-0.011,0.244,-0.011,-0.97],"_humanoidState":5,"_cameraCFrame":[766.83,238.489,45.826,-0.939,0.339,-0.06,0,0.174,0.985,0.344,0.925,-0.163],"_shiftlockState":true,"_pose":"FreeFall","_animationQueue":[],"_animationSpeed":1,"_zoom":9.6},{"_mousePosition":[683,384],"_rootPartCFrame":[768.731,228.293,46.867,-0.974,0.004,-0.225,0.003,1,0.005,0.225,0.005,-0.974],"_humanoidState":5,"_cameraCFrame":[766.545,239.241,45.798,-0.951,0.306,-0.055,0,0.177,0.984,0.31,0.935,-0.169],"_shiftlockState":true,"_pose":"FreeFall","_animationQueue":[],"_animationSpeed":1,"_zoom":9.6},{"_mousePosition":[683,384],"_rootPartCFrame":[768.349,229.071,46.948,-0.991,0.003,-0.133,0.002,1,0.007,0.133,0.007,-0.991],"_humanoidState":5,"_cameraCFrame":[766.21,240.015,45.761,-0.964,0.26,-0.047,0,0.179,0.984,0.264,0.949,-0.173],"_shiftlockState":true,"_pose":"FreeFall","_animationQueue":[],"_animationSpeed":1,"_zoom":9.6},{"_mousePosition":[683,384],"_rootPartCFrame":[768.095,229.521,47.029,-0.991,0.001,-0.135,0.001,1,0.002,0.135,0.002,-0.991],"_humanoidState":5,"_cameraCFrame":[765.988,240.466,45.775,-0.971,0.234,-0.043,0,0.179,0.984,0.237,0.956,-0.174],"_shiftlockState":true,"_pose":"FreeFall","_animationQueue":[],"_animationSpeed":1,"_zoom":9.6},{"_mousePosition":[683,384],"_rootPartCFrame":[767.838,229.917,47.101,-0.994,0,-0.106,0,1,0,0.106,0,-0.994],"_humanoidState":5,"_cameraCFrame":[765.86,240.861,45.647,-0.99,0.141,-0.026,0,0.179,0.984,0.143,0.974,-0.178],"_shiftlockState":true,"_pose":"FreeFall","_animationQueue":[],"_animationSpeed":1,"_zoom":9.6},{"_mousePosition":[683,384],"_rootPartCFrame":[767.709,230.095,47.134,-0.997,0,-0.077,0,1,0,0.077,0,-0.997],"_humanoidState":5,"_cameraCFrame":[765.835,241.039,45.548,-0.997,0.074,-0.013,0,0.179,0.984,0.075,0.981,-0.179],"_shiftlockState":true,"_pose":"FreeFall","_animationQueue":[],"_animationSpeed":1,"_zoom":9.6},{"_mousePosition":[683,384],"_rootPartCFrame":[767.512,230.335,47.169,-1,0,0.025,0,1,0,-0.025,0,-1],"_humanoidState":5,"_cameraCFrame":[765.751,241.286,45.495,-1,0.007,-0.001,0,0.176,0.984,0.007,0.984,-0.176],"_shiftlockState":true,"_pose":"FreeFall","_animationQueue":[],"_animationSpeed":1,"_zoom":9.6},{"_mousePosition":[683,384],"_rootPartCFrame":[767.247,230.608,47.193,-0.992,0,0.126,0,1,0,-0.126,0,-0.992],"_humanoidState":5,"_cameraCFrame":[765.611,241.563,45.413,-0.998,-0.065,0.012,0,0.174,0.985,-0.066,0.983,-0.173],"_shiftlockState":true,"_pose":"FreeFall","_animationQueue":[],"_animationSpeed":1,"_zoom":9.6},{"_mousePosition":[683,384],"_rootPartCFrame":[766.98,230.827,47.198,-0.98,0,0.198,0,1,0,-0.198,0,-0.98],"_humanoidState":5,"_cameraCFrame":[765.48,241.781,45.304,-0.99,-0.137,0.024,0,0.174,0.985,-0.139,0.975,-0.172],"_shiftlockState":true,"_pose":"FreeFall","_animationQueue":[],"_animationSpeed":1,"_zoom":9.6},{"_mousePosition":[683,384],"_rootPartCFrame":[766.714,230.991,47.185,-0.963,0,0.27,0,1,0,-0.27,0,-0.963],"_humanoidState":5,"_cameraCFrame":[765.367,241.945,45.178,-0.976,-0.213,0.038,0,0.174,0.985,-0.217,0.961,-0.17],"_shiftlockState":true,"_pose":"FreeFall","_animationQueue":[],"_animationSpeed":1,"_zoom":9.6},{"_mousePosition":[683,384],"_rootPartCFrame":[766.45,231.101,47.151,-0.939,0,0.344,0,1,0,-0.344,0,-0.939],"_humanoidState":5,"_cameraCFrame":[765.264,242.055,45.045,-0.956,-0.288,0.051,0,0.174,0.985,-0.292,0.942,-0.166],"_shiftlockState":true,"_pose":"FreeFall","_animationQueue":[],"_animationSpeed":1,"_zoom":9.6},{"_mousePosition":[683,384],"_rootPartCFrame":[766.123,231.161,47.084,-0.895,0,0.447,0,1,0,-0.447,0,-0.895],"_humanoidState":5,"_cameraCFrame":[765.095,242.116,44.896,-0.932,-0.356,0.063,0,0.174,0.985,-0.362,0.918,-0.162],"_shiftlockState":true,"_pose":"FreeFall","_animationQueue":[],"_animationSpeed":1,"_zoom":9.6},{"_mousePosition":[683,384],"_rootPartCFrame":[765.867,231.148,47.01,-0.876,0,0.482,0,1,0,-0.482,0,-0.876],"_humanoidState":5,"_cameraCFrame":[764.973,242.103,44.764,-0.909,-0.411,0.073,0,0.174,0.985,-0.418,0.895,-0.158],"_shiftlockState":true,"_pose":"FreeFall","_animationQueue":[],"_animationSpeed":1,"_zoom":9.6},{"_mousePosition":[683,384],"_rootPartCFrame":[765.617,231.081,46.917,-0.845,0,0.535,0,1,0,-0.535,0,-0.845],"_humanoidState":5,"_cameraCFrame":[764.827,242.035,44.633,-0.889,-0.452,0.08,0,0.174,0.985,-0.459,0.875,-0.154],"_shiftlockState":true,"_pose":"FreeFall","_animationQueue":[["fall",0.3]],"_animationSpeed":1,"_zoom":9.6},{"_mousePosition":[683,384],"_rootPartCFrame":[765.374,230.959,46.808,-0.82,0,0.573,0,1,0,-0.573,0,-0.82],"_humanoidState":5,"_cameraCFrame":[764.63,241.913,44.509,-0.879,-0.469,0.083,0,0.174,0.985,-0.476,0.866,-0.153],"_shiftlockState":true,"_pose":"FreeFall","_animationQueue":[],"_animationSpeed":1,"_zoom":9.6},{"_mousePosition":[683,384],"_rootPartCFrame":[765.196,230.832,46.718,-0.827,0,0.562,0,1,0,-0.562,0,-0.827],"_humanoidState":5,"_cameraCFrame":[764.434,241.786,44.424,-0.883,-0.463,0.082,0,0.174,0.985,-0.47,0.869,-0.153],"_shiftlockState":true,"_pose":"FreeFall","_animationQueue":[],"_animationSpeed":1,"_zoom":9.6},{"_mousePosition":[683,384],"_rootPartCFrame":[764.961,230.614,46.592,-0.813,0,0.583,0,1,0,-0.583,0,-0.813],"_humanoidState":5,"_cameraCFrame":[764.112,241.569,44.329,-0.9,-0.429,0.076,0,0.174,0.985,-0.436,0.886,-0.156],"_shiftlockState":true,"_pose":"FreeFall","_animationQueue":[],"_animationSpeed":1,"_zoom":9.6},{"_mousePosition":[683,384],"_rootPartCFrame":[764.725,230.343,46.466,-0.834,0,0.552,0,1,0,-0.552,0,-0.834],"_humanoidState":5,"_cameraCFrame":[763.741,241.297,44.259,-0.925,-0.375,0.066,0,0.174,0.985,-0.381,0.911,-0.161],"_shiftlockState":true,"_pose":"FreeFall","_animationQueue":[],"_animationSpeed":1,"_zoom":9.6},{"_mousePosition":[683,384],"_rootPartCFrame":[764.486,230.016,46.349,-0.866,0,0.5,0,1,0,-0.5,0,-0.866],"_humanoidState":5,"_cameraCFrame":[763.354,240.97,44.214,-0.949,-0.312,0.055,0,0.174,0.985,-0.317,0.934,-0.165],"_shiftlockState":true,"_pose":"FreeFall","_animationQueue":[],"_animationSpeed":1,"_zoom":9.6},{"_mousePosition":[683,384],"_rootPartCFrame":[764.24,229.635,46.245,-0.898,0,0.44,0,1,0,-0.44,0,-0.898],"_humanoidState":5,"_cameraCFrame":[762.949,240.59,44.202,-0.97,-0.24,0.042,0,0.174,0.985,-0.244,0.955,-0.168],"_shiftlockState":true,"_pose":"FreeFall","_animationQueue":[],"_animationSpeed":1,"_zoom":9.6},{"_mousePosition":[683,384],"_rootPartCFrame":[763.862,228.962,46.115,-0.902,0,0.431,0,1,0,-0.431,0,-0.902],"_humanoidState":5,"_cameraCFrame":[762.396,239.916,44.194,-0.988,-0.155,0.027,0,0.174,0.985,-0.157,0.973,-0.171],"_shiftlockState":true,"_pose":"FreeFall","_animationQueue":[["fall",0.3]],"_animationSpeed":1,"_zoom":9.6},{"_mousePosition":[683,384],"_rootPartCFrame":[763.734,228.71,46.079,-0.975,0,0.222,0,1,0,-0.222,0,-0.975],"_humanoidState":5,"_cameraCFrame":[762.072,239.664,44.325,-0.999,-0.05,0.009,0,0.174,0.985,-0.051,0.984,-0.173],"_shiftlockState":true,"_pose":"FreeFall","_animationQueue":[],"_animationSpeed":1,"_zoom":9.6},{"_mousePosition":[683,384],"_rootPartCFrame":[763.406,228.021,46.02,-0.976,0,0.216,0,1,0,-0.216,0,-0.976],"_humanoidState":5,"_cameraCFrame":[761.54,238.975,44.484,-0.997,0.072,-0.013,0,0.174,0.985,0.073,0.982,-0.173],"_shiftlockState":true,"_pose":"FreeFall","_animationQueue":[],"_animationSpeed":1,"_zoom":9.6},{"_mousePosition":[683,384],"_rootPartCFrame":[762.905,226.742,46.021,-0.985,0,0.173,0,1,0,-0.173,0,-0.985],"_humanoidState":5,"_cameraCFrame":[760.679,237.696,45.08,-0.935,0.348,-0.061,0,0.174,0.985,0.353,0.921,-0.162],"_shiftlockState":true,"_pose":"FreeFall","_animationQueue":[],"_animationSpeed":1,"_zoom":9.6},{"_mousePosition":[683,384],"_rootPartCFrame":[762.73,226.206,46.06,-0.965,0,-0.262,0,1,0,0.262,0,-0.965],"_humanoidState":5,"_cameraCFrame":[760.431,237.157,45.274,-0.906,0.417,-0.074,0,0.176,0.984,0.423,0.892,-0.159],"_shiftlockState":true,"_pose":"FreeFall","_animationQueue":[],"_animationSpeed":1,"_zoom":9.6},{"_mousePosition":[683,384],"_rootPartCFrame":[762.619,225.832,46.097,-0.93,0,-0.367,0,1,0,0.367,0,-0.93],"_humanoidState":5,"_cameraCFrame":[760.267,236.782,45.488,-0.871,0.483,-0.086,0,0.176,0.984,0.491,0.858,-0.153],"_shiftlockState":true,"_pose":"FreeFall","_animationQueue":[],"_animationSpeed":1,"_zoom":9.6},{"_mousePosition":[683,384],"_rootPartCFrame":[762.514,225.444,46.142,-0.899,0,-0.439,0,1,0,0.439,0,-0.899],"_humanoidState":5,"_cameraCFrame":[760.06,236.388,46.065,-0.734,0.668,-0.122,0,0.179,0.984,0.679,0.723,-0.132],"_shiftlockState":true,"_pose":"FreeFall","_animationQueue":[],"_animationSpeed":1,"_zoom":9.6},{"_mousePosition":[683,384],"_rootPartCFrame":[762.323,224.627,46.256,-0.815,0,-0.579,0,1,0,0.579,0,-0.815],"_humanoidState":5,"_cameraCFrame":[759.871,235.568,46.539,-0.623,0.769,-0.142,0,0.181,0.983,0.782,0.613,-0.113],"_shiftlockState":true,"_pose":"FreeFall","_animationQueue":[["fall",0.3]],"_animationSpeed":1,"_zoom":9.6},{"_mousePosition":[683,384],"_rootPartCFrame":[762.239,223.755,46.461,-0.645,0,-0.764,0,1,0,0.764,0,-0.645],"_humanoidState":7,"_cameraCFrame":[759.855,234.696,47.1,-0.502,0.85,-0.157,0,0.181,0.983,0.865,0.494,-0.091],"_shiftlockState":true,"_pose":"FreeFall","_animationQueue":[["walk",0.1],["fall",0.3],["fall",0.3]],"_animationSpeed":1,"_zoom":9.6},{"_mousePosition":[683,384],"_rootPartCFrame":[762.103,223.627,46.609,-0.513,0,-0.859,0.004,1,-0.002,0.859,-0.004,-0.513],"_humanoidState":7,"_cameraCFrame":[759.802,234.565,47.531,-0.389,0.906,-0.169,0,0.183,0.983,0.921,0.383,-0.071],"_shiftlockState":true,"_pose":"FreeFall","_animationQueue":[],"_animationSpeed":1,"_zoom":9.6},{"_mousePosition":[683,384],"_rootPartCFrame":[762.034,223.723,46.767,-0.373,-0.001,-0.928,0.003,1,-0.003,0.928,-0.004,-0.373],"_humanoidState":8,"_cameraCFrame":[759.839,234.661,47.922,-0.292,0.94,-0.175,0,0.183,0.983,0.957,0.287,-0.053],"_shiftlockState":true,"_pose":"Running","_animationQueue":[["walk",0.1],["fall",0.3],["walk",0.1]],"_animationSpeed":0.705,"_zoom":9.6},{"_mousePosition":[683,384],"_rootPartCFrame":[761.987,223.798,46.929,-0.269,-0.002,-0.963,0.002,1,-0.003,0.963,-0.003,-0.269],"_humanoidState":8,"_cameraCFrame":[759.889,234.736,48.254,-0.216,0.96,-0.179,0,0.183,0.983,0.976,0.212,-0.04],"_shiftlockState":true,"_pose":"Running","_animationQueue":[],"_animationSpeed":0.705,"_zoom":9.6},{"_mousePosition":[683,384],"_rootPartCFrame":[761.961,223.845,47.092,-0.179,-0.002,-0.984,0.002,1,-0.003,0.984,-0.002,-0.179],"_humanoidState":8,"_cameraCFrame":[759.955,234.782,48.552,-0.151,0.972,-0.181,0,0.183,0.983,0.989,0.149,-0.028],"_shiftlockState":true,"_pose":"Running","_animationQueue":[],"_animationSpeed":0.705,"_zoom":9.6},{"_mousePosition":[683,384],"_rootPartCFrame":[761.966,223.875,47.259,-0.099,-0.003,-0.995,0.002,1,-0.003,0.995,-0.002,-0.099],"_humanoidState":8,"_cameraCFrame":[760.028,234.812,48.81,-0.106,0.978,-0.182,0,0.183,0.983,0.994,0.104,-0.019],"_shiftlockState":true,"_pose":"Running","_animationQueue":[],"_animationSpeed":0.705,"_zoom":9.6},{"_mousePosition":[683,384],"_rootPartCFrame":[761.934,223.896,47.502,-0.084,0,-0.996,0,1,0,0.996,0,-0.084],"_humanoidState":8,"_cameraCFrame":[760.084,234.84,49.116,-0.076,0.981,-0.179,0,0.179,0.984,0.997,0.074,-0.014],"_shiftlockState":true,"_pose":"Running","_animationQueue":[["walk",0.1]],"_animationSpeed":0.705,"_zoom":9.6},{"_mousePosition":[683,384],"_rootPartCFrame":[761.904,223.909,47.767,-0.073,0,-0.997,0,1,0,0.997,0,-0.073],"_humanoidState":8,"_cameraCFrame":[760.106,234.857,49.42,-0.055,0.983,-0.177,0,0.177,0.984,0.998,0.055,-0.01],"_shiftlockState":true,"_pose":"Running","_animationQueue":[["walk",0.1]],"_animationSpeed":1.091,"_zoom":9.6},{"_mousePosition":[683,384],"_rootPartCFrame":[761.882,223.917,48.032,-0.055,0,-0.998,0,1,0,0.998,0,-0.055],"_humanoidState":8,"_cameraCFrame":[760.123,234.868,49.709,-0.043,0.984,-0.175,0,0.176,0.984,0.999,0.042,-0.008],"_shiftlockState":true,"_pose":"Running","_animationQueue":[],"_animationSpeed":1.091,"_zoom":9.6},{"_mousePosition":[683,384],"_rootPartCFrame":[761.867,223.922,48.299,-0.043,0,-0.999,0,1,0,0.999,0,-0.043],"_humanoidState":8,"_cameraCFrame":[760.108,234.872,49.975,-0.043,0.984,-0.175,0,0.176,0.984,0.999,0.042,-0.008],"_shiftlockState":true,"_pose":"Running","_animationQueue":[],"_animationSpeed":1.091,"_zoom":9.6},{"_mousePosition":[683,384],"_rootPartCFrame":[761.855,223.924,48.565,-0.043,0,-0.999,0,1,0,0.999,0,-0.043],"_humanoidState":8,"_cameraCFrame":[760.127,234.878,50.255,-0.035,0.984,-0.174,0,0.174,0.985,0.999,0.035,-0.006],"_shiftlockState":true,"_pose":"Running","_animationQueue":[],"_animationSpeed":1.091,"_zoom":9.6},{"_mousePosition":[683,384],"_rootPartCFrame":[761.843,223.925,48.831,-0.035,0,-0.999,0,1,0,0.999,0,-0.035],"_humanoidState":8,"_cameraCFrame":[760.128,234.879,50.535,-0.028,0.984,-0.174,0,0.174,0.985,1,0.027,-0.005],"_shiftlockState":true,"_pose":"Running","_animationQueue":[],"_animationSpeed":1.091,"_zoom":9.6},{"_mousePosition":[683,384],"_rootPartCFrame":[761.833,223.926,49.098,-0.028,0,-1,0,1,0,1,0,-0.028],"_humanoidState":8,"_cameraCFrame":[760.123,234.88,50.805,-0.025,0.984,-0.174,0,0.174,0.985,1,0.025,-0.004],"_shiftlockState":true,"_pose":"Running","_animationQueue":[],"_animationSpeed":1.091,"_zoom":9.6},{"_mousePosition":[683,384],"_rootPartCFrame":[761.826,223.926,49.364,-0.025,0,-1,0,1,0,1,0,-0.025],"_humanoidState":8,"_cameraCFrame":[760.115,234.88,51.072,-0.025,0.984,-0.174,0,0.174,0.985,1,0.025,-0.004],"_shiftlockState":true,"_pose":"Running","_animationQueue":[["walk",0.1]],"_animationSpeed":1.091,"_zoom":9.6},{"_mousePosition":[683,384],"_rootPartCFrame":[761.819,223.926,49.631,-0.025,0,-1,0,1,0,1,0,-0.025],"_humanoidState":8,"_cameraCFrame":[760.108,234.881,51.338,-0.025,0.984,-0.174,0,0.174,0.985,1,0.025,-0.004],"_shiftlockState":true,"_pose":"Running","_animationQueue":[],"_animationSpeed":1.091,"_zoom":9.6},{"_mousePosition":[683,384],"_rootPartCFrame":[761.812,223.927,49.898,-0.025,0,-1,0,1,0,1,0,-0.025],"_humanoidState":8,"_cameraCFrame":[760.102,234.881,51.605,-0.025,0.984,-0.174,0,0.174,0.985,1,0.025,-0.004],"_shiftlockState":true,"_pose":"Running","_animationQueue":[],"_animationSpeed":1.091,"_zoom":9.6},{"_mousePosition":[683,384],"_rootPartCFrame":[761.806,223.927,50.164,-0.025,0,-1,0,1,0,1,0,-0.025],"_humanoidState":8,"_cameraCFrame":[760.07,234.881,51.845,-0.04,0.984,-0.174,0,0.174,0.985,0.999,0.04,-0.007],"_shiftlockState":true,"_pose":"Running","_animationQueue":[],"_animationSpeed":1.091,"_zoom":9.6},{"_mousePosition":[683,384],"_rootPartCFrame":[761.799,223.927,50.431,-0.04,0,-0.999,0,1,0,0.999,0,-0.04],"_humanoidState":8,"_cameraCFrame":[760.013,234.881,52.059,-0.071,0.982,-0.173,0,0.174,0.985,0.998,0.07,-0.012],"_shiftlockState":true,"_pose":"Running","_animationQueue":[],"_animationSpeed":1.091,"_zoom":9.6},{"_mousePosition":[683,384],"_rootPartCFrame":[761.791,223.872,50.764,-0.071,0,-0.998,0,1,0,0.998,0,-0.071],"_humanoidState":8,"_cameraCFrame":[759.924,234.826,52.299,-0.121,0.978,-0.172,0,0.174,0.985,0.993,0.119,-0.021],"_shiftlockState":true,"_pose":"Running","_animationQueue":[],"_animationSpeed":1.091,"_zoom":9.6},{"_mousePosition":[683,384],"_rootPartCFrame":[761.784,223.77,51.031,-0.121,0,-0.993,0,1,0,0.993,0,-0.121],"_humanoidState":8,"_cameraCFrame":[759.817,234.724,52.435,-0.189,0.967,-0.171,0,0.174,0.985,0.982,0.186,-0.033],"_shiftlockState":true,"_pose":"Running","_animationQueue":[["walk",0.1]],"_animationSpeed":1.091,"_zoom":9.6},{"_mousePosition":[683,384],"_rootPartCFrame":[761.776,224.854,51.364,-0.189,0,-0.982,0,1,0,0.982,0,-0.189],"_humanoidState":3,"_cameraCFrame":[759.711,235.808,52.62,-0.26,0.951,-0.168,0,0.174,0.985,0.966,0.256,-0.045],"_shiftlockState":true,"_pose":"Jumping","_animationQueue":[["walk",0.1],["jump",0.1]],"_animationSpeed":1,"_zoom":9.6},{"_mousePosition":[683,384],"_rootPartCFrame":[761.703,225.46,51.56,-0.305,-0.004,-0.952,0.001,1,-0.005,0.952,-0.002,-0.305],"_humanoidState":5,"_cameraCFrame":[759.539,236.414,52.648,-0.335,0.928,-0.164,0,0.174,0.985,0.942,0.33,-0.058],"_shiftlockState":true,"_pose":"FreeFall","_animationQueue":[["jump",0.1]],"_animationSpeed":1,"_zoom":9.6},{"_mousePosition":[683,384],"_rootPartCFrame":[761.605,226.213,51.817,-0.433,-0.003,-0.901,0.001,1,-0.004,0.901,-0.003,-0.433],"_humanoidState":5,"_cameraCFrame":[759.362,237.167,52.725,-0.41,0.898,-0.158,0,0.174,0.985,0.912,0.404,-0.071],"_shiftlockState":true,"_pose":"FreeFall","_animationQueue":[],"_animationSpeed":1,"_zoom":9.6},{"_mousePosition":[683,384],"_rootPartCFrame":[761.518,226.909,52.069,-0.523,-0.002,-0.852,0,1,-0.002,0.852,-0.001,-0.523],"_humanoidState":5,"_cameraCFrame":[759.188,237.863,52.719,-0.511,0.847,-0.149,0,0.174,0.985,0.86,0.503,-0.089],"_shiftlockState":true,"_pose":"FreeFall","_animationQueue":[],"_animationSpeed":1,"_zoom":9.6},{"_mousePosition":[683,384],"_rootPartCFrame":[761.413,227.55,52.314,-0.62,0,-0.784,0,1,-0.001,0.784,0,-0.62],"_humanoidState":5,"_cameraCFrame":[759.045,238.504,52.8,-0.571,0.809,-0.143,0,0.174,0.985,0.821,0.562,-0.099],"_shiftlockState":true,"_pose":"FreeFall","_animationQueue":[],"_animationSpeed":1,"_zoom":9.6},{"_mousePosition":[683,384],"_rootPartCFrame":[761.285,228.137,52.548,-0.675,0,-0.738,0,1,0,0.738,0,-0.675],"_humanoidState":5,"_cameraCFrame":[758.892,239.092,52.883,-0.621,0.772,-0.136,0,0.174,0.985,0.784,0.612,-0.108],"_shiftlockState":true,"_pose":"FreeFall","_animationQueue":[],"_animationSpeed":1,"_zoom":9.6},{"_mousePosition":[683,384],"_rootPartCFrame":[761.137,228.67,52.769,-0.72,0,-0.694,0,1,0,0.694,0,-0.72],"_humanoidState":5,"_cameraCFrame":[758.727,239.624,52.959,-0.668,0.733,-0.129,0,0.174,0.985,0.744,0.658,-0.116],"_shiftlockState":true,"_pose":"FreeFall","_animationQueue":[],"_animationSpeed":1,"_zoom":9.6},{"_mousePosition":[683,384],"_rootPartCFrame":[760.973,229.148,52.98,-0.761,0,-0.649,0,1,0,0.649,0,-0.761],"_humanoidState":5,"_cameraCFrame":[758.557,240.102,53.035,-0.708,0.695,-0.123,0,0.174,0.985,0.706,0.697,-0.123],"_shiftlockState":true,"_pose":"FreeFall","_animationQueue":[],"_animationSpeed":1,"_zoom":9.6},{"_mousePosition":[683,384],"_rootPartCFrame":[760.802,229.669,53.253,-0.796,0,-0.606,0,1,0,0.606,0,-0.796],"_humanoidState":5,"_cameraCFrame":[758.386,240.623,53.173,-0.746,0.655,-0.116,0,0.174,0.985,0.666,0.735,-0.13],"_shiftlockState":true,"_pose":"FreeFall","_animationQueue":[],"_animationSpeed":1,"_zoom":9.6},{"_mousePosition":[683,384],"_rootPartCFrame":[760.727,229.941,53.426,-0.793,0,-0.609,0,1,0,0.609,0,-0.793],"_humanoidState":5,"_cameraCFrame":[758.32,240.895,53.218,-0.781,0.615,-0.109,0,0.174,0.985,0.625,0.769,-0.136],"_shiftlockState":true,"_pose":"FreeFall","_animationQueue":[],"_animationSpeed":1,"_zoom":9.6},{"_mousePosition":[683,384],"_rootPartCFrame":[760.66,230.255,53.67,-0.838,0,-0.546,0,1,0,0.546,0,-0.838],"_humanoidState":5,"_cameraCFrame":[758.266,241.21,53.341,-0.811,0.576,-0.102,0,0.174,0.985,0.585,0.799,-0.141],"_shiftlockState":true,"_pose":"FreeFall","_animationQueue":[],"_animationSpeed":1,"_zoom":9.6},{"_mousePosition":[683,384],"_rootPartCFrame":[760.624,230.516,53.931,-0.865,0,-0.503,0,1,0,0.503,0,-0.865],"_humanoidState":5,"_cameraCFrame":[758.25,241.47,53.481,-0.84,0.535,-0.094,0,0.174,0.985,0.543,0.827,-0.146],"_shiftlockState":true,"_pose":"FreeFall","_animationQueue":[],"_animationSpeed":1,"_zoom":9.6},{"_mousePosition":[683,384],"_rootPartCFrame":[760.583,230.721,54.194,-0.889,0,-0.458,0,1,0,0.458,0,-0.889],"_humanoidState":5,"_cameraCFrame":[758.232,241.675,53.636,-0.864,0.496,-0.088,0,0.174,0.985,0.504,0.851,-0.15],"_shiftlockState":true,"_pose":"FreeFall","_animationQueue":[],"_animationSpeed":1,"_zoom":9.6},{"_mousePosition":[683,384],"_rootPartCFrame":[760.529,230.872,54.455,-0.909,0,-0.417,0,1,0,0.417,0,-0.909],"_humanoidState":5,"_cameraCFrame":[758.218,241.826,53.75,-0.894,0.442,-0.078,0,0.174,0.985,0.448,0.88,-0.155],"_shiftlockState":true,"_pose":"FreeFall","_animationQueue":[],"_animationSpeed":1,"_zoom":9.6},{"_mousePosition":[683,384],"_rootPartCFrame":[760.463,230.969,54.713,-0.933,0,-0.36,0,1,0,0.36,0,-0.933],"_humanoidState":5,"_cameraCFrame":[758.166,241.923,53.962,-0.903,0.424,-0.075,0,0.174,0.985,0.43,0.889,-0.157],"_shiftlockState":true,"_pose":"FreeFall","_animationQueue":[],"_animationSpeed":1,"_zoom":9.6},{"_mousePosition":[683,384],"_rootPartCFrame":[760.382,231.011,54.967,-0.941,0,-0.338,0,1,0,0.338,0,-0.941],"_humanoidState":5,"_cameraCFrame":[758.126,241.965,54.1,-0.923,0.378,-0.067,0,0.174,0.985,0.384,0.909,-0.16],"_shiftlockState":true,"_pose":"FreeFall","_animationQueue":[],"_animationSpeed":1,"_zoom":9.6},{"_mousePosition":[683,384],"_rootPartCFrame":[760.315,230.987,55.282,-0.933,0,-0.359,0,1,0,0.359,0,-0.933],"_humanoidState":5,"_cameraCFrame":[758.081,241.941,54.358,-0.933,0.355,-0.063,0,0.174,0.985,0.361,0.919,-0.162],"_shiftlockState":true,"_pose":"FreeFall","_animationQueue":[],"_animationSpeed":1,"_zoom":9.6},{"_mousePosition":[683,384],"_rootPartCFrame":[760.304,230.932,55.469,-0.932,0,-0.362,0,1,0,0.362,0,-0.932],"_humanoidState":5,"_cameraCFrame":[758.087,241.886,54.505,-0.939,0.339,-0.06,0,0.174,0.985,0.344,0.925,-0.163],"_shiftlockState":true,"_pose":"FreeFall","_animationQueue":[],"_animationSpeed":1,"_zoom":9.6},{"_mousePosition":[683,384],"_rootPartCFrame":[760.325,230.81,55.718,-0.938,0,-0.346,0,1,0,0.346,0,-0.938],"_humanoidState":5,"_cameraCFrame":[758.113,241.765,54.743,-0.941,0.334,-0.059,0,0.174,0.985,0.339,0.926,-0.163],"_shiftlockState":true,"_pose":"FreeFall","_animationQueue":[],"_animationSpeed":1,"_zoom":9.6},{"_mousePosition":[683,384],"_rootPartCFrame":[760.385,230.634,55.967,-0.94,0,-0.34,0,1,0,0.34,0,-0.94],"_humanoidState":5,"_cameraCFrame":[758.173,241.589,54.993,-0.941,0.334,-0.059,0,0.174,0.985,0.339,0.926,-0.163],"_shiftlockState":true,"_pose":"FreeFall","_animationQueue":[],"_animationSpeed":1,"_zoom":9.6},{"_mousePosition":[683,384],"_rootPartCFrame":[760.473,230.404,56.218,-0.941,0,-0.339,0,1,0,0.339,0,-0.941],"_humanoidState":5,"_cameraCFrame":[758.261,241.358,55.244,-0.941,0.334,-0.059,0,0.174,0.985,0.339,0.926,-0.163],"_shiftlockState":true,"_pose":"FreeFall","_animationQueue":[["fall",0.3]],"_animationSpeed":1,"_zoom":9.6},{"_mousePosition":[683,384],"_rootPartCFrame":[760.563,230.119,56.469,-0.941,0,-0.339,0,1,0,0.339,0,-0.941],"_humanoidState":5,"_cameraCFrame":[758.352,241.073,55.494,-0.941,0.334,-0.059,0,0.174,0.985,0.339,0.926,-0.163],"_shiftlockState":true,"_pose":"FreeFall","_animationQueue":[],"_animationSpeed":1,"_zoom":9.6},{"_mousePosition":[683,384],"_rootPartCFrame":[760.654,229.78,56.72,-0.941,0,-0.339,0,1,0,0.339,0,-0.941],"_humanoidState":5,"_cameraCFrame":[758.445,240.734,55.74,-0.942,0.332,-0.058,0,0.174,0.985,0.337,0.927,-0.164],"_shiftlockState":true,"_pose":"FreeFall","_animationQueue":[],"_animationSpeed":1,"_zoom":9.6},{"_mousePosition":[683,384],"_rootPartCFrame":[760.636,229.402,56.877,-0.929,-0.025,-0.368,-0.011,0.999,-0.039,0.369,-0.032,-0.929],"_humanoidState":5,"_cameraCFrame":[758.39,240.354,55.849,-0.942,0.332,-0.058,0,0.174,0.985,0.337,0.927,-0.164],"_shiftlockState":true,"_pose":"FreeFall","_animationQueue":[],"_animationSpeed":1,"_zoom":9.6},{"_mousePosition":[683,384],"_rootPartCFrame":[760.565,228.973,56.992,-0.936,-0.02,-0.351,-0.009,0.999,-0.032,0.351,-0.027,-0.936],"_humanoidState":5,"_cameraCFrame":[758.321,239.926,55.983,-0.94,0.336,-0.059,0,0.174,0.985,0.342,0.926,-0.163],"_shiftlockState":true,"_pose":"FreeFall","_animationQueue":[],"_animationSpeed":1,"_zoom":9.6},{"_mousePosition":[683,384],"_rootPartCFrame":[760.519,228.491,57.124,-0.939,-0.006,-0.343,-0.003,1,-0.011,0.343,-0.009,-0.939],"_humanoidState":5,"_cameraCFrame":[758.276,239.445,56.187,-0.933,0.355,-0.063,0,0.174,0.985,0.361,0.919,-0.162],"_shiftlockState":true,"_pose":"FreeFall","_animationQueue":[],"_animationSpeed":1,"_zoom":9.6},{"_mousePosition":[683,384],"_rootPartCFrame":[760.501,227.954,57.28,-0.933,-0.001,-0.359,0,1,-0.001,0.359,-0.001,-0.933],"_humanoidState":5,"_cameraCFrame":[758.257,238.908,56.377,-0.929,0.364,-0.064,0,0.174,0.985,0.37,0.915,-0.161],"_shiftlockState":true,"_pose":"FreeFall","_animationQueue":[["fall",0.3]],"_animationSpeed":1,"_zoom":9.6},{"_mousePosition":[683,384],"_rootPartCFrame":[760.512,227.363,57.459,-0.93,0,-0.368,0,1,0.001,0.368,0.001,-0.93],"_humanoidState":5,"_cameraCFrame":[758.232,238.317,56.662,-0.911,0.406,-0.072,0,0.174,0.985,0.412,0.897,-0.158],"_shiftlockState":true,"_pose":"FreeFall","_animationQueue":[],"_animationSpeed":1,"_zoom":9.6},{"_mousePosition":[683,384],"_rootPartCFrame":[760.554,226.717,57.662,-0.913,0,-0.408,0,1,0,0.408,0,-0.913],"_humanoidState":5,"_cameraCFrame":[758.239,237.671,56.969,-0.892,0.446,-0.079,0,0.174,0.985,0.453,0.878,-0.155],"_shiftlockState":true,"_pose":"FreeFall","_animationQueue":[],"_animationSpeed":1,"_zoom":9.6},{"_mousePosition":[683,384],"_rootPartCFrame":[760.63,226.017,57.887,-0.894,0,-0.448,0,1,0,0.448,0,-0.894],"_humanoidState":5,"_cameraCFrame":[758.281,236.971,57.317,-0.866,0.492,-0.087,0,0.174,0.985,0.5,0.853,-0.15],"_shiftlockState":true,"_pose":"FreeFall","_animationQueue":[],"_animationSpeed":1,"_zoom":9.6},{"_mousePosition":[683,384],"_rootPartCFrame":[760.74,225.262,58.122,-0.87,0,-0.494,0,1,0,0.494,0,-0.87],"_humanoidState":5,"_cameraCFrame":[758.362,236.216,57.691,-0.836,0.541,-0.095,0,0.174,0.985,0.549,0.823,-0.145],"_shiftlockState":true,"_pose":"FreeFall","_animationQueue":[],"_animationSpeed":1,"_zoom":9.6},{"_mousePosition":[683,384],"_rootPartCFrame":[760.871,224.71,58.354,-0.837,0,-0.547,0,1,0,0.547,0,-0.837],"_humanoidState":7,"_cameraCFrame":[758.47,235.664,58.08,-0.798,0.594,-0.105,0,0.174,0.985,0.603,0.786,-0.139],"_shiftlockState":true,"_pose":"FreeFall","_animationQueue":[["walk",0.1],["fall",0.3],["fall",0.3]],"_animationSpeed":1,"_zoom":9.6},{"_mousePosition":[683,384],"_rootPartCFrame":[760.937,224.731,58.476,-0.798,0,-0.603,0,1,0,0.603,0,-0.798],"_humanoidState":7,"_cameraCFrame":[758.523,235.685,58.36,-0.756,0.644,-0.114,0,0.174,0.985,0.654,0.745,-0.131],"_shiftlockState":true,"_pose":"FreeFall","_animationQueue":[["fall",0.3]],"_animationSpeed":1,"_zoom":9.6},{"_mousePosition":[683,384],"_rootPartCFrame":[760.881,224.808,58.415,-0.756,0,-0.654,0,1,0,0.654,0,-0.756],"_humanoidState":8,"_cameraCFrame":[758.464,235.762,58.446,-0.715,0.688,-0.121,0,0.174,0.985,0.699,0.704,-0.124],"_shiftlockState":true,"_pose":"Running","_animationQueue":[["walk",0.1],["fall",0.3],["walk",0.1]],"_animationSpeed":0.253,"_zoom":9.6},{"_mousePosition":[683,384],"_rootPartCFrame":[760.717,224.86,58.224,-0.715,0,-0.699,0,1,0,0.699,0,-0.715],"_humanoidState":8,"_cameraCFrame":[758.305,235.814,58.383,-0.677,0.725,-0.128,0,0.174,0.985,0.736,0.667,-0.118],"_shiftlockState":true,"_pose":"Running","_animationQueue":[["walk",0.1]],"_animationSpeed":0.606,"_zoom":9.6},{"_mousePosition":[683,384],"_rootPartCFrame":[760.531,224.89,58.033,-0.677,0,-0.736,0,1,0,0.736,0,-0.677],"_humanoidState":8,"_cameraCFrame":[758.128,235.844,58.289,-0.647,0.751,-0.132,0,0.174,0.985,0.763,0.637,-0.112],"_shiftlockState":true,"_pose":"Running","_animationQueue":[["walk",0.1]],"_animationSpeed":1.088,"_zoom":9.6},{"_mousePosition":[683,384],"_rootPartCFrame":[760.345,224.881,57.842,-0.647,0,-0.763,0,1,0,0.763,0,-0.647],"_humanoidState":8,"_cameraCFrame":[757.95,235.835,58.165,-0.625,0.769,-0.136,0,0.174,0.985,0.78,0.616,-0.109],"_shiftlockState":true,"_pose":"Running","_animationQueue":[],"_animationSpeed":1.088,"_zoom":9.6},{"_mousePosition":[683,384],"_rootPartCFrame":[760.159,224.818,57.651,-0.625,0,-0.78,0,1,0,0.78,0,-0.625],"_humanoidState":8,"_cameraCFrame":[757.772,235.772,58.029,-0.607,0.782,-0.138,0,0.174,0.985,0.794,0.598,-0.105],"_shiftlockState":true,"_pose":"Running","_animationQueue":[],"_animationSpeed":1.088,"_zoom":9.6},{"_mousePosition":[683,384],"_rootPartCFrame":[759.973,224.7,57.461,-0.607,0,-0.794,0,1,0,0.794,0,-0.607],"_humanoidState":8,"_cameraCFrame":[757.594,235.654,57.886,-0.591,0.794,-0.14,0,0.174,0.985,0.807,0.582,-0.103],"_shiftlockState":true,"_pose":"Running","_animationQueue":[],"_animationSpeed":1.088,"_zoom":9.6},{"_mousePosition":[683,384],"_rootPartCFrame":[759.74,225.77,57.222,-0.591,0,-0.807,0,1,0,0.807,0,-0.591],"_humanoidState":3,"_cameraCFrame":[757.363,236.725,57.66,-0.587,0.797,-0.141,0,0.174,0.985,0.81,0.578,-0.102],"_shiftlockState":true,"_pose":"Jumping","_animationQueue":[["walk",0.1],["walk",0.1],["jump",0.1]],"_animationSpeed":1,"_zoom":9.6},{"_mousePosition":[683,384],"_rootPartCFrame":[759.61,226.372,57.09,-0.587,0,-0.81,0,1,0,0.81,0,-0.587],"_humanoidState":5,"_cameraCFrame":[757.234,237.326,57.528,-0.587,0.797,-0.141,0,0.174,0.985,0.81,0.578,-0.102],"_shiftlockState":true,"_pose":"FreeFall","_animationQueue":[["jump",0.1]],"_animationSpeed":1,"_zoom":9.6},{"_mousePosition":[683,384],"_rootPartCFrame":[759.462,227.125,56.938,-0.587,0,-0.81,0,1,0,0.81,0,-0.587],"_humanoidState":5,"_cameraCFrame":[757.085,238.08,57.376,-0.587,0.797,-0.141,0,0.174,0.985,0.81,0.578,-0.102],"_shiftlockState":true,"_pose":"FreeFall","_animationQueue":[],"_animationSpeed":1,"_zoom":9.6},{"_mousePosition":[683,384],"_rootPartCFrame":[759.342,227.825,56.815,-0.587,0,-0.81,0,1,0,0.81,0,-0.587],"_humanoidState":5,"_cameraCFrame":[756.965,238.779,57.253,-0.587,0.797,-0.141,0,0.174,0.985,0.81,0.578,-0.102],"_shiftlockState":true,"_pose":"FreeFall","_animationQueue":[],"_animationSpeed":1,"_zoom":9.6},{"_mousePosition":[683,384],"_rootPartCFrame":[759.251,228.47,56.718,-0.587,0,-0.81,0,1,0,0.81,0,-0.587],"_humanoidState":5,"_cameraCFrame":[756.872,239.424,57.144,-0.591,0.794,-0.14,0,0.174,0.985,0.807,0.582,-0.103],"_shiftlockState":true,"_pose":"FreeFall","_animationQueue":[],"_animationSpeed":1,"_zoom":9.6},{"_mousePosition":[683,384],"_rootPartCFrame":[759.191,229.06,56.646,-0.591,0,-0.807,0,1,0,0.807,0,-0.591],"_humanoidState":5,"_cameraCFrame":[756.808,240.014,57.054,-0.597,0.79,-0.139,0,0.174,0.985,0.802,0.588,-0.104],"_shiftlockState":true,"_pose":"FreeFall","_animationQueue":[],"_animationSpeed":1,"_zoom":9.6},{"_mousePosition":[683,384],"_rootPartCFrame":[759.161,229.596,56.6,-0.597,0,-0.803,0,1,0,0.803,0,-0.597],"_humanoidState":5,"_cameraCFrame":[756.773,240.55,56.972,-0.609,0.781,-0.138,0,0.174,0.985,0.793,0.6,-0.106],"_shiftlockState":true,"_pose":"FreeFall","_animationQueue":[],"_animationSpeed":1,"_zoom":9.6},{"_mousePosition":[683,384],"_rootPartCFrame":[759.162,230.077,56.58,-0.608,0,-0.794,0,1,0,0.794,0,-0.608],"_humanoidState":5,"_cameraCFrame":[756.768,241.032,56.915,-0.621,0.772,-0.136,0,0.174,0.985,0.784,0.612,-0.108],"_shiftlockState":true,"_pose":"FreeFall","_animationQueue":[],"_animationSpeed":1,"_zoom":9.6},{"_mousePosition":[683,384],"_rootPartCFrame":[759.205,230.603,56.59,-0.619,0,-0.785,0,1,0,0.785,0,-0.619],"_humanoidState":5,"_cameraCFrame":[756.807,241.557,56.895,-0.631,0.764,-0.135,0,0.174,0.985,0.776,0.622,-0.11],"_shiftlockState":true,"_pose":"FreeFall","_animationQueue":[],"_animationSpeed":1,"_zoom":9.6},{"_mousePosition":[683,384],"_rootPartCFrame":[759.253,230.877,56.617,-0.63,0,-0.776,0,1,0,0.776,0,-0.63],"_humanoidState":5,"_cameraCFrame":[756.852,241.831,56.891,-0.641,0.756,-0.133,0,0.174,0.985,0.768,0.631,-0.111],"_shiftlockState":true,"_pose":"FreeFall","_animationQueue":[],"_animationSpeed":1,"_zoom":9.6},{"_mousePosition":[683,384],"_rootP