[{"_mousePosition":[852,412],"_rootPartCFrame":[776.035,222.7,47.142,-0.002,0,1,0,1,0,-1,0,-0.002],"_humanoidState":8,"_cameraCFrame":[777.091,236.506,45.218,-0.877,-0.474,0.084,0,0.176,0.984,-0.481,0.863,-0.154],"_shiftlockState":false,"_pose":"Standing","_animationQueue":[],"_animationSpeed":1,"_zoom":12.5},{"_mousePosition":[852,412],"_rootPartCFrame":[775.769,222.695,46.996,0.081,0,0.997,0,1,0,-0.997,0,0.081],"_humanoidState":8,"_cameraCFrame":[776.825,236.501,45.072,-0.877,-0.474,0.084,0,0.176,0.984,-0.481,0.863,-0.154],"_shiftlockState":false,"_pose":"Standing","_animationQueue":[["idle",0]],"_animationSpeed":1,"_zoom":12.5},{"_mousePosition":[852,412],"_rootPartCFrame":[775.652,222.696,46.932,0.11,0,0.994,0,1,0,-0.994,0,0.11],"_humanoidState":8,"_cameraCFrame":[776.709,236.502,45.008,-0.877,-0.474,0.084,0,0.176,0.984,-0.481,0.863,-0.154],"_shiftlockState":false,"_pose":"Running","_animationQueue":[["walk",0.1]],"_animationSpeed":1.089,"_zoom":12.5},{"_mousePosition":[852,412],"_rootPartCFrame":[775.419,222.698,46.804,0.162,0,0.987,0,1,0,-0.987,0,0.162],"_humanoidState":8,"_cameraCFrame":[776.463,236.508,44.901,-0.877,-0.474,0.084,0,0.174,0.985,-0.481,0.863,-0.152],"_shiftlockState":false,"_pose":"Running","_animationQueue":[],"_animationSpeed":1.089,"_zoom":12.5},{"_mousePosition":[852,412],"_rootPartCFrame":[775.185,222.699,46.675,0.207,0,0.978,0,1,0,-0.978,0,0.207],"_humanoidState":8,"_cameraCFrame":[776.23,236.509,44.773,-0.877,-0.474,0.084,0,0.174,0.985,-0.481,0.863,-0.152],"_shiftlockState":false,"_pose":"Running","_animationQueue":[],"_animationSpeed":1.089,"_zoom":12.5},{"_mousePosition":[852,412],"_rootPartCFrame":[774.951,222.699,46.547,0.246,0,0.969,0,1,0,-0.969,0,0.246],"_humanoidState":8,"_cameraCFrame":[776.001,236.509,44.647,-0.875,-0.476,0.084,0,0.174,0.985,-0.483,0.862,-0.152],"_shiftlockState":false,"_pose":"Running","_animationQueue":[],"_animationSpeed":1.089,"_zoom":12.5},{"_mousePosition":[852,412],"_rootPartCFrame":[774.717,222.699,46.419,0.279,0,0.96,0,1,0,-0.96,0,0.279],"_humanoidState":8,"_cameraCFrame":[775.772,236.509,44.521,-0.874,-0.478,0.084,0,0.174,0.985,-0.486,0.861,-0.152],"_shiftlockState":false,"_pose":"Running","_animationQueue":[],"_animationSpeed":1.089,"_zoom":12.5},{"_mousePosition":[852,412],"_rootPartCFrame":[774.484,222.699,46.29,0.308,0,0.951,0,1,0,-0.951,0,0.308],"_humanoidState":8,"_cameraCFrame":[775.543,236.51,44.395,-0.873,-0.48,0.085,0,0.174,0.985,-0.488,0.86,-0.152],"_shiftlockState":false,"_pose":"Running","_animationQueue":[],"_animationSpeed":1.089,"_zoom":12.5},{"_mousePosition":[852,412],"_rootPartCFrame":[774.251,222.7,46.16,0.333,0,0.943,0,1,0,-0.943,0,0.333],"_humanoidState":8,"_cameraCFrame":[775.319,236.51,44.271,-0.87,-0.485,0.085,0,0.174,0.985,-0.492,0.857,-0.151],"_shiftlockState":false,"_pose":"Running","_animationQueue":[["walk",0.1]],"_animationSpeed":1.089,"_zoom":12.5},{"_mousePosition":[852,412],"_rootPartCFrame":[774.018,222.7,46.03,0.354,0,0.935,0,1,0,-0.935,0,0.354],"_humanoidState":8,"_cameraCFrame":[773.577,236.51,43.277,-0.868,-0.489,0.086,0,0.174,0.985,-0.497,0.855,-0.151],"_shiftlockState":true,"_pose":"Running","_animationQueue":[],"_animationSpeed":1.089,"_zoom":12.5},{"_mousePosition":[683,384],"_rootPartCFrame":[773.728,222.7,45.866,-0.905,0,0.426,0,1,0,-0.426,0,-0.905],"_humanoidState":8,"_cameraCFrame":[773.287,236.51,43.113,-0.868,-0.489,0.086,0,0.174,0.985,-0.497,0.855,-0.151],"_shiftlockState":true,"_pose":"Running","_animationQueue":[],"_animationSpeed":1.089,"_zoom":12.5},{"_mousePosition":[683,384],"_rootPartCFrame":[773.496,222.7,45.734,-0.881,0,0.473,0,1,0,-0.473,0,-0.881],"_humanoidState":8,"_cameraCFrame":[773.076,236.51,42.978,-0.864,-0.496,0.087,0,0.174,0.985,-0.503,0.851,-0.15],"_shiftlockState":true,"_pose":"Running","_animationQueue":[],"_animationSpeed":1.089,"_zoom":12.5},{"_mousePosition":[683,384],"_rootPartCFrame":[773.323,222.7,45.635,-0.866,0,0.501,0,1,0,-0.501,0,-0.866],"_humanoidState":8,"_cameraCFrame":[772.9,236.244,42.915,-0.86,-0.502,0.089,0,0.174,0.985,-0.51,0.847,-0.149],"_shiftlockState":true,"_pose":"Running","_animationQueue":[],"_animationSpeed":1.089,"_zoom":9.6},{"_mousePosition":[683,384],"_rootPartCFrame":[773.034,222.7,45.467,-0.861,0,0.509,0,1,0,-0.509,0,-0.861],"_humanoidState":8,"_cameraCFrame":[772.585,235.796,42.814,-0.858,-0.506,0.089,0,0.174,0.985,-0.514,0.845,-0.149],"_shiftlockState":true,"_pose":"Running","_animationQueue":[],"_animationSpeed":1.089,"_zoom":9.6},{"_mousePosition":[683,384],"_rootPartCFrame":[772.862,222.7,45.365,-0.858,0,0.514,0,1,0,-0.514,0,-0.858],"_humanoidState":8,"_cameraCFrame":[772.377,235.331,42.781,-0.856,-0.509,0.09,0,0.174,0.985,-0.516,0.843,-0.149],"_shiftlockState":true,"_pose":"Running","_animationQueue":[["walk",0.1]],"_animationSpeed":1.089,"_zoom":9.6},{"_mousePosition":[683,384],"_rootPartCFrame":[772.633,222.7,45.229,-0.856,0,0.516,0,1,0,-0.516,0,-0.856],"_humanoidState":8,"_cameraCFrame":[772.119,234.874,42.71,-0.854,-0.513,0.09,0,0.174,0.985,-0.521,0.841,-0.148],"_shiftlockState":true,"_pose":"Running","_animationQueue":[],"_animationSpeed":1.089,"_zoom":9.6},{"_mousePosition":[683,384],"_rootPartCFrame":[772.348,222.7,45.056,-0.854,0,0.521,0,1,0,-0.521,0,-0.854],"_humanoidState":8,"_cameraCFrame":[771.798,234.413,42.606,-0.852,-0.515,0.091,0,0.174,0.985,-0.523,0.839,-0.148],"_shiftlockState":true,"_pose":"Running","_animationQueue":[],"_animationSpeed":1.089,"_zoom":7.28},{"_mousePosition":[683,384],"_rootPartCFrame":[772.177,222.7,44.953,-0.852,0,0.523,0,1,0,-0.523,0,-0.852],"_humanoidState":8,"_cameraCFrame":[771.58,233.777,42.595,-0.85,-0.519,0.092,0,0.174,0.985,-0.527,0.837,-0.148],"_shiftlockState":true,"_pose":"Running","_animationQueue":[],"_animationSpeed":1.089,"_zoom":7.28},{"_mousePosition":[683,384],"_rootPartCFrame":[771.95,222.7,44.813,-0.85,0,0.527,0,1,0,-0.527,0,-0.85],"_humanoidState":8,"_cameraCFrame":[771.303,233.183,42.543,-0.848,-0.521,0.092,0,0.174,0.985,-0.529,0.836,-0.147],"_shiftlockState":true,"_pose":"Running","_animationQueue":[],"_animationSpeed":1.089,"_zoom":7.28},{"_mousePosition":[683,384],"_rootPartCFrame":[771.666,222.7,44.638,-0.848,0,0.529,0,1,0,-0.529,0,-0.848],"_humanoidState":8,"_cameraCFrame":[770.977,232.718,42.437,-0.848,-0.521,0.092,0,0.174,0.985,-0.529,0.836,-0.147],"_shiftlockState":true,"_pose":"Running","_animationQueue":[],"_animationSpeed":1.089,"_zoom":7.28},{"_mousePosition":[683,384],"_rootPartCFrame":[771.497,222.7,44.532,-0.848,0,0.529,0,1,0,-0.529,0,-0.848],"_humanoidState":8,"_cameraCFrame":[770.769,232.311,42.392,-0.848,-0.521,0.092,0,0.174,0.985,-0.529,0.836,-0.147],"_shiftlockState":true,"_pose":"Running","_animationQueue":[],"_animationSpeed":1.089,"_zoom":7.28},{"_mousePosition":[683,384],"_rootPartCFrame":[771.27,222.7,44.391,-0.848,0,0.529,0,1,0,-0.529,0,-0.848],"_humanoidState":8,"_cameraCFrame":[770.516,232.029,42.293,-0.848,-0.521,0.092,0,0.174,0.985,-0.529,0.836,-0.147],"_shiftlockState":true,"_pose":"Running","_animationQueue":[["walk",0.1]],"_animationSpeed":1.089,"_zoom":7.28},{"_mousePosition":[683,384],"_rootPartCFrame":[771.044,222.7,44.25,-0.848,0,0.529,0,1,0,-0.529,0,-0.848],"_humanoidState":8,"_cameraCFrame":[770.272,231.835,42.181,-0.848,-0.521,0.092,0,0.174,0.985,-0.529,0.836,-0.147],"_shiftlockState":true,"_pose":"Running","_animationQueue":[],"_animationSpeed":1.089,"_zoom":7.28},{"_mousePosition":[683,384],"_rootPartCFrame":[770.818,222.7,44.108,-0.848,0,0.529,0,1,0,-0.529,0,-0.848],"_humanoidState":8,"_cameraCFrame":[770.032,231.687,42.062,-0.848,-0.521,0.092,0,0.174,0.985,-0.529,0.836,-0.147],"_shiftlockState":true,"_pose":"Running","_animationQueue":[],"_animationSpeed":1.089,"_zoom":7.28},{"_mousePosition":[683,384],"_rootPartCFrame":[770.535,222.7,43.932,-0.848,0,0.529,0,1,0,-0.529,0,-0.848],"_humanoidState":8,"_cameraCFrame":[769.74,231.59,41.9,-0.848,-0.521,0.092,0,0.174,0.985,-0.529,0.836,-0.147],"_shiftlockState":true,"_pose":"Running","_animationQueue":[],"_animationSpeed":1.089,"_zoom":7.28},{"_mousePosition":[683,384],"_rootPartCFrame":[770.309,222.7,43.791,-0.848,0,0.529,0,1,0,-0.529,0,-0.848],"_humanoidState":8,"_cameraCFrame":[769.507,231.517,41.77,-0.848,-0.521,0.092,0,0.174,0.985,-0.529,0.836,-0.147],"_shiftlockState":true,"_pose":"Running","_animationQueue":[],"_animationSpeed":1.089,"_zoom":7.28},{"_mousePosition":[683,384],"_rootPartCFrame":[770.082,222.7,43.65,-0.848,0,0.529,0,1,0,-0.529,0,-0.848],"_humanoidState":8,"_cameraCFrame":[769.261,231.468,41.642,-0.852,-0.515,0.091,0,0.174,0.985,-0.523,0.839,-0.148],"_shiftlockState":true,"_pose":"Running","_animationQueue":[],"_animationSpeed":1.089,"_zoom":7.28},{"_mousePosition":[683,384],"_rootPartCFrame":[769.799,222.649,43.473,-0.852,0,0.523,0,1,0,-0.523,0,-0.852],"_humanoidState":8,"_cameraCFrame":[768.95,231.385,41.481,-0.859,-0.504,0.089,0,0.174,0.985,-0.512,0.846,-0.149],"_shiftlockState":true,"_pose":"Running","_animationQueue":[],"_animationSpeed":1.089,"_zoom":7.28},{"_mousePosition":[683,384],"_rootPartCFrame":[769.63,222.577,43.367,-0.859,0,0.512,0,1,0,-0.512,0,-0.859],"_humanoidState":8,"_cameraCFrame":[768.743,231.292,41.394,-0.868,-0.489,0.086,0,0.174,0.985,-0.497,0.855,-0.151],"_shiftlockState":true,"_pose":"Running","_animationQueue":[["walk",0.1]],"_animationSpeed":1.089,"_zoom":7.28},{"_mousePosition":[683,384],"_rootPartCFrame":[769.403,222.434,43.226,-0.868,0,0.497,0,1,0,-0.497,0,-0.868],"_humanoidState":8,"_cameraCFrame":[768.47,231.133,41.276,-0.879,-0.47,0.083,0,0.174,0.985,-0.477,0.866,-0.153],"_shiftlockState":true,"_pose":"Running","_animationQueue":[],"_animationSpeed":1.089,"_zoom":7.28},{"_mousePosition":[683,384],"_rootPartCFrame":[769.12,223.518,43.05,-0.879,0,0.477,0,1,0,-0.477,0,-0.879],"_humanoidState":3,"_cameraCFrame":[768.128,232.206,41.131,-0.893,-0.443,0.078,0,0.174,0.985,-0.45,0.88,-0.155],"_shiftlockState":true,"_pose":"Jumping","_animationQueue":[["walk",0.1],["jump",0.1]],"_animationSpeed":1,"_zoom":7.28},{"_mousePosition":[683,384],"_rootPartCFrame":[768.887,224.326,42.921,-0.848,0,0.53,0,1,0,-0.53,0,-0.848],"_humanoidState":5,"_cameraCFrame":[767.837,233.009,41.033,-0.906,-0.416,0.073,0,0.174,0.985,-0.423,0.893,-0.157],"_shiftlockState":true,"_pose":"FreeFall","_animationQueue":[["jump",0.1]],"_animationSpeed":1,"_zoom":7.28},{"_mousePosition":[683,384],"_rootPartCFrame":[768.65,225.08,42.8,-0.845,0,0.535,0,1,0,-0.535,0,-0.845],"_humanoidState":5,"_cameraCFrame":[767.528,233.758,40.954,-0.922,-0.382,0.067,0,0.174,0.985,-0.388,0.908,-0.16],"_shiftlockState":true,"_pose":"FreeFall","_animationQueue":[],"_animationSpeed":1,"_zoom":7.28},{"_mousePosition":[683,384],"_rootPartCFrame":[768.409,225.779,42.686,-0.862,0,0.506,0,1,0,-0.506,0,-0.862],"_humanoidState":5,"_cameraCFrame":[767.217,234.454,40.885,-0.936,-0.347,0.061,0,0.174,0.985,-0.353,0.922,-0.162],"_shiftlockState":true,"_pose":"FreeFall","_animationQueue":[],"_animationSpeed":1,"_zoom":7.28},{"_mousePosition":[683,384],"_rootPartCFrame":[768.102,226.577,42.555,-0.864,0,0.503,0,1,0,-0.503,0,-0.864],"_humanoidState":5,"_cameraCFrame":[766.834,235.25,40.807,-0.95,-0.307,0.054,0,0.174,0.985,-0.312,0.936,-0.165],"_shiftlockState":true,"_pose":"FreeFall","_animationQueue":[],"_animationSpeed":1,"_zoom":7.28},{"_mousePosition":[683,384],"_rootPartCFrame":[767.916,227.015,42.483,-0.914,0,0.405,0,1,0,-0.405,0,-0.914],"_humanoidState":5,"_cameraCFrame":[766.515,234.612,40.981,-0.964,-0.262,0.046,0,0.174,0.985,-0.266,0.949,-0.167],"_shiftlockState":true,"_pose":"FreeFall","_animationQueue":[],"_animationSpeed":1,"_zoom":7.28},{"_mousePosition":[683,384],"_rootPartCFrame":[767.663,227.551,42.398,-0.92,0,0.392,0,1,0,-0.392,0,-0.92],"_humanoidState":5,"_cameraCFrame":[766.131,235.148,41.03,-0.984,-0.175,0.031,0,0.174,0.985,-0.177,0.969,-0.171],"_shiftlockState":true,"_pose":"FreeFall","_animationQueue":[],"_animationSpeed":1,"_zoom":7.28},{"_mousePosition":[683,384],"_rootPartCFrame":[767.406,228.032,42.326,-0.952,0,0.306,0,1,0,-0.306,0,-0.952],"_humanoidState":5,"_cameraCFrame":[765.775,235.63,41.077,-0.995,-0.101,0.018,0,0.174,0.985,-0.102,0.98,-0.173],"_shiftlockState":true,"_pose":"FreeFall","_animationQueue":[],"_animationSpeed":1,"_zoom":7.28},{"_mousePosition":[683,384],"_rootPartCFrame":[767.145,228.459,42.273,-0.972,0,0.233,0,1,0,-0.233,0,-0.972],"_humanoidState":5,"_cameraCFrame":[765.402,236.057,41.187,-1,-0.006,0.001,0,0.174,0.985,-0.006,0.985,-0.174],"_shiftlockState":true,"_pose":"FreeFall","_animationQueue":[],"_animationSpeed":1,"_zoom":7.28},{"_mousePosition":[683,384],"_rootPartCFrame":[766.88,228.831,42.241,-0.99,0,0.139,0,1,0,-0.139,0,-0.99],"_humanoidState":5,"_cameraCFrame":[765.027,236.429,41.356,-0.994,0.103,-0.018,0,0.174,0.985,0.105,0.979,-0.173],"_shiftlockState":true,"_pose":"FreeFall","_animationQueue":[],"_animationSpeed":1,"_zoom":7.28},{"_mousePosition":[683,384],"_rootPartCFrame":[766.614,229.149,42.233,-1,0,0.028,0,1,0,-0.028,0,-1],"_humanoidState":5,"_cameraCFrame":[764.659,236.747,41.604,-0.971,0.234,-0.041,0,0.174,0.985,0.237,0.957,-0.169],"_shiftlockState":true,"_pose":"FreeFall","_animationQueue":[],"_animationSpeed":1,"_zoom":7.28},{"_mousePosition":[683,384],"_rootPartCFrame":[766.415,229.352,42.245,-0.99,0,-0.139,0,1,0,0.139,0,-0.99],"_humanoidState":5,"_cameraCFrame":[764.387,236.949,41.919,-0.924,0.376,-0.066,0,0.174,0.985,0.381,0.91,-0.161],"_shiftlockState":true,"_pose":"FreeFall","_animationQueue":[],"_animationSpeed":1,"_zoom":7.28},{"_mousePosition":[683,384],"_rootPartCFrame":[766.153,229.574,42.293,-0.967,0,-0.255,0,1,0,0.255,0,-0.967],"_humanoidState":5,"_cameraCFrame":[764.099,237.172,42.308,-0.848,0.522,-0.092,0,0.174,0.985,0.53,0.835,-0.147],"_shiftlockState":true,"_pose":"FreeFall","_animationQueue":[],"_animationSpeed":1,"_zoom":7.28},{"_mousePosition":[683,384],"_rootPartCFrame":[765.901,229.742,42.376,-0.911,0,-0.412,0,1,0,0.412,0,-0.911],"_humanoidState":5,"_cameraCFrame":[763.877,237.34,42.727,-0.75,0.651,-0.115,0,0.174,0.985,0.661,0.739,-0.13],"_shiftlockState":true,"_pose":"FreeFall","_animationQueue":[],"_animationSpeed":1,"_zoom":7.28},{"_mousePosition":[683,384],"_rootPartCFrame":[765.664,229.856,42.495,-0.831,0,-0.556,0,1,0,0.556,0,-0.831],"_humanoidState":5,"_cameraCFrame":[763.718,237.454,43.153,-0.639,0.757,-0.134,0,0.174,0.985,0.769,0.63,-0.111],"_shiftlockState":true,"_pose":"FreeFall","_animationQueue":[],"_animationSpeed":1,"_zoom":7.28},{"_mousePosition":[683,384],"_rootPartCFrame":[765.447,229.915,42.647,-0.736,0,-0.677,0,1,0,0.677,0,-0.736],"_humanoidState":5,"_cameraCFrame":[763.612,237.513,43.569,-0.526,0.837,-0.148,0,0.174,0.985,0.85,0.518,-0.091],"_shiftlockState":true,"_pose":"FreeFall","_animationQueue":[],"_animationSpeed":1,"_zoom":7.28},{"_mousePosition":[683,384],"_rootPartCFrame":[765.256,229.919,42.83,-0.635,0,-0.773,0,1,0,0.773,0,-0.635],"_humanoidState":5,"_cameraCFrame":[763.54,237.517,43.959,-0.424,0.892,-0.157,0,0.174,0.985,0.906,0.418,-0.074],"_shiftlockState":true,"_pose":"FreeFall","_animationQueue":[],"_animationSpeed":1,"_zoom":7.28},{"_mousePosition":[683,384],"_rootPartCFrame":[765.095,229.869,43.04,-0.541,0,-0.841,0,1,0,0.841,0,-0.541],"_humanoidState":5,"_cameraCFrame":[763.489,237.467,44.32,-0.34,0.926,-0.163,0,0.174,0.985,0.94,0.335,-0.059],"_shiftlockState":true,"_pose":"FreeFall","_animationQueue":[],"_animationSpeed":1,"_zoom":7.28},{"_mousePosition":[683,384],"_rootPartCFrame":[764.966,229.765,43.272,-0.462,0,-0.887,0,1,0,0.887,0,-0.462],"_humanoidState":5,"_cameraCFrame":[763.501,237.363,44.711,-0.241,0.956,-0.169,0,0.174,0.985,0.971,0.237,-0.042],"_shiftlockState":true,"_pose":"FreeFall","_animationQueue":[["fall",0.3]],"_animationSpeed":1,"_zoom":7.28},{"_mousePosition":[683,384],"_rootPartCFrame":[764.867,229.606,43.519,-0.368,0,-0.93,0,1,0,0.93,0,-0.368],"_humanoidState":5,"_cameraCFrame":[763.481,237.204,45.034,-0.189,0.967,-0.171,0,0.174,0.985,0.982,0.186,-0.033],"_shiftlockState":true,"_pose":"FreeFall","_animationQueue":[],"_animationSpeed":1,"_zoom":7.28},{"_mousePosition":[683,384],"_rootPartCFrame":[764.795,229.393,43.775,-0.318,0,-0.948,0,1,0,0.948,0,-0.318],"_humanoidState":5,"_cameraCFrame":[763.471,236.99,45.346,-0.149,0.974,-0.172,0,0.174,0.985,0.989,0.147,-0.026],"_shiftlockState":true,"_pose":"FreeFall","_animationQueue":[],"_animationSpeed":1,"_zoom":7.28},{"_mousePosition":[683,384],"_rootPartCFrame":[764.742,229.125,44.037,-0.279,0,-0.96,0,1,0,0.96,0,-0.279],"_humanoidState":5,"_cameraCFrame":[763.479,236.722,45.656,-0.111,0.979,-0.173,0,0.174,0.985,0.994,0.11,-0.019],"_shiftlockState":true,"_pose":"FreeFall","_animationQueue":[],"_animationSpeed":1,"_zoom":7.28},{"_mousePosition":[683,384],"_rootPartCFrame":[764.701,228.802,44.3,-0.242,0,-0.97,0,1,0,0.97,0,-0.242],"_humanoidState":5,"_cameraCFrame":[763.509,236.4,45.972,-0.068,0.982,-0.173,0,0.174,0.985,0.998,0.067,-0.012],"_shiftlockState":true,"_pose":"FreeFall","_animationQueue":[],"_animationSpeed":1,"_zoom":7.28},{"_mousePosition":[683,384],"_rootPartCFrame":[764.67,228.425,44.565,-0.2,0,-0.98,0,1,0,0.98,0,-0.2],"_humanoidState":5,"_cameraCFrame":[763.564,236.023,46.295,-0.018,0.985,-0.174,0,0.174,0.985,1,0.018,-0.003],"_shiftlockState":true,"_pose":"FreeFall","_animationQueue":[],"_animationSpeed":1,"_zoom":7.28},{"_mousePosition":[683,384],"_rootPartCFrame":[764.645,227.877,44.897,-0.183,0,-0.983,0,1,0,0.983,0,-0.183],"_humanoidState":5,"_cameraCFrame":[763.637,235.475,46.687,0.038,0.984,-0.174,0,0.174,0.985,0.999,-0.037,0.007],"_shiftlockState":true,"_pose":"FreeFall","_animationQueue":[["fall",0.3]],"_animationSpeed":1,"_zoom":7.28},{"_mousePosition":[683,384],"_rootPartCFrame":[764.639,227.378,45.164,-0.095,0,-0.995,0,1,0,0.995,0,-0.095],"_humanoidState":5,"_cameraCFrame":[763.736,234.975,47.009,0.096,0.98,-0.173,0,0.174,0.985,0.995,-0.094,0.017],"_shiftlockState":true,"_pose":"FreeFall","_animationQueue":[],"_animationSpeed":1,"_zoom":7.28},{"_mousePosition":[683,384],"_rootPartCFrame":[764.644,226.967,45.364,-0.004,0,-1,0,1,0,1,0,-0.004],"_humanoidState":5,"_cameraCFrame":[763.855,234.565,47.26,0.156,0.973,-0.172,0,0.174,0.985,0.988,-0.154,0.027],"_shiftlockState":true,"_pose":"FreeFall","_animationQueue":[],"_animationSpeed":1,"_zoom":7.28},{"_mousePosition":[683,384],"_rootPartCFrame":[764.667,226.372,45.629,0.023,0,-1,0,1,0,1,0,0.023],"_humanoidState":5,"_cameraCFrame":[763.98,233.97,47.565,0.208,0.963,-0.17,0,0.174,0.985,0.978,-0.205,0.036],"_shiftlockState":true,"_pose":"FreeFall","_animationQueue":[],"_animationSpeed":1,"_zoom":7.28},{"_mousePosition":[683,384],"_rootPartCFrame":[764.706,225.723,45.893,0.076,0,-0.997,0,1,0,0.997,0,0.076],"_humanoidState":5,"_cameraCFrame":[764.113,233.32,47.859,0.255,0.952,-0.168,0,0.174,0.985,0.967,-0.251,0.044],"_shiftlockState":true,"_pose":"FreeFall","_animationQueue":[],"_animationSpeed":1,"_zoom":7.28},{"_mousePosition":[683,384],"_rootPartCFrame":[764.76,225.019,46.154,0.124,0,-0.992,0,1,0,0.992,0,0.124],"_humanoidState":5,"_cameraCFrame":[764.251,232.616,48.144,0.296,0.941,-0.166,0,0.174,0.985,0.955,-0.292,0.051],"_shiftlockState":true,"_pose":"FreeFall","_animationQueue":[],"_animationSpeed":1,"_zoom":7.28},{"_mousePosition":[683,384],"_rootPartCFrame":[764.826,224.26,46.413,0.167,0,-0.986,0,1,0,0.986,0,0.167],"_humanoidState":5,"_cameraCFrame":[764.398,231.858,48.422,0.335,0.928,-0.164,0,0.174,0.985,0.942,-0.33,0.058],"_shiftlockState":true,"_pose":"FreeFall","_animationQueue":[],"_animationSpeed":1,"_zoom":7.28},{"_mousePosition":[683,384],"_rootPartCFrame":[764.879,223.552,46.666,0.29,0,-0.957,0.002,1,0.001,0.957,-0.002,0.29],"_humanoidState":7,"_cameraCFrame":[764.477,231.149,48.678,0.347,0.924,-0.163,0,0.174,0.985,0.938,-0.341,0.06],"_shiftlockState":true,"_pose":"FreeFall","_animationQueue":[["fall",0.3],["walk",0.1],["fall",0.3],["fall",0.3]],"_animationSpeed":1,"_zoom":7.28},{"_mousePosition":[683,384],"_rootPartCFrame":[764.882,223.507,46.907,0.298,0,-0.955,0.004,1,0.002,0.955,-0.004,0.298],"_humanoidState":7,"_cameraCFrame":[764.48,231.105,48.915,0.347,0.924,-0.163,0,0.174,0.985,0.938,-0.341,0.06],"_shiftlockState":true,"_pose":"FreeFall","_animationQueue":[],"_animationSpeed":1,"_zoom":7.28},{"_mousePosition":[683,384],"_rootPartCFrame":[764.892,223.592,47.199,0.295,0,-0.956,-0.001,1,0,0.956,0.001,0.295],"_humanoidState":8,"_cameraCFrame":[764.47,231.19,49.21,0.337,0.927,-0.163,0,0.174,0.985,0.941,-0.332,0.059],"_shiftlockState":true,"_pose":"Running","_animationQueue":[["walk",0.1],["fall",0.3],["walk",0.1]],"_animationSpeed":0.999,"_zoom":7.28},{"_mousePosition":[683,384],"_rootPartCFrame":[764.895,223.637,47.433,0.29,0,-0.957,-0.001,1,-0.001,0.957,0.002,0.29],"_humanoidState":8,"_cameraCFrame":[764.412,231.235,49.431,0.308,0.937,-0.165,0,0.174,0.985,0.951,-0.304,0.054],"_shiftlockState":true,"_pose":"Running","_animationQueue":[],"_animationSpeed":0.999,"_zoom":7.28},{"_mousePosition":[683,384],"_rootPartCFrame":[764.911,223.664,47.669,0.259,-0.002,-0.966,0,1,-0.003,0.966,0.001,0.259],"_humanoidState":8,"_cameraCFrame":[764.329,231.262,49.641,0.262,0.95,-0.168,0,0.174,0.985,0.965,-0.258,0.046],"_shiftlockState":true,"_pose":"Running","_animationQueue":[],"_animationSpeed":0.999,"_zoom":7.28},{"_mousePosition":[683,384],"_rootPartCFrame":[764.941,223.68,47.91,0.22,-0.009,-0.975,0.003,1,-0.009,0.976,-0.001,0.22],"_humanoidState":8,"_cameraCFrame":[764.216,231.277,49.836,0.196,0.966,-0.17,0,0.174,0.985,0.981,-0.193,0.034],"_shiftlockState":true,"_pose":"Running","_animationQueue":[],"_animationSpeed":0.999,"_zoom":7.28},{"_mousePosition":[683,384],"_rootPartCFrame":[764.985,223.689,48.159,0.163,-0.013,-0.987,0.004,1,-0.013,0.987,-0.002,0.163],"_humanoidState":8,"_cameraCFrame":[764.086,231.286,50.012,0.108,0.979,-0.173,0,0.174,0.985,0.994,-0.107,0.019],"_shiftlockState":true,"_pose":"Running","_animationQueue":[["walk",0.1]],"_animationSpeed":0.999,"_zoom":7.28},{"_mousePosition":[683,384],"_rootPartCFrame":[765.034,223.695,48.418,0.094,-0.003,-0.996,0.001,1,-0.003,0.996,-0.001,0.094],"_humanoidState":8,"_cameraCFrame":[763.967,231.292,50.174,0.007,0.985,-0.174,0,0.174,0.985,1,-0.007,0.001],"_shiftlockState":true,"_pose":"Running","_animationQueue":[],"_animationSpeed":0.999,"_zoom":7.28},{"_mousePosition":[683,384],"_rootPartCFrame":[765.065,223.698,48.682,0.006,0.001,-1,0,1,0.001,1,0,0.006],"_humanoidState":8,"_cameraCFrame":[763.82,231.296,50.314,-0.101,0.98,-0.173,0,0.174,0.985,0.995,0.1,-0.018],"_shiftlockState":true,"_pose":"Running","_animationQueue":[["walk",0.1]],"_animationSpeed":1.101,"_zoom":7.28},{"_mousePosition":[683,384],"_rootPartCFrame":[765.054,223.7,49.013,-0.096,0,-0.995,0,1,0,0.995,0,-0.096],"_humanoidState":8,"_cameraCFrame":[763.645,231.298,50.507,-0.204,0.964,-0.17,0,0.174,0.985,0.979,0.201,-0.035],"_shiftlockState":true,"_pose":"Running","_animationQueue":[],"_animationSpeed":1.101,"_zoom":7.28},{"_mousePosition":[683,384],"_rootPartCFrame":[764.943,223.701,49.278,-0.205,-0.001,-0.979,0,1,-0.001,0.979,0,-0.205],"_humanoidState":8,"_cameraCFrame":[763.402,231.299,50.638,-0.292,0.942,-0.166,0,0.174,0.985,0.956,0.288,-0.051],"_shiftlockState":true,"_pose":"Running","_animationQueue":[],"_animationSpeed":1.101,"_zoom":7.28},{"_mousePosition":[683,384],"_rootPartCFrame":[764.84,223.702,49.54,-0.292,-0.001,-0.957,0,1,-0.001,0.957,0,-0.292],"_humanoidState":8,"_cameraCFrame":[763.164,231.299,50.729,-0.392,0.906,-0.16,0,0.174,0.985,0.92,0.386,-0.068],"_shiftlockState":true,"_pose":"Running","_animationQueue":[],"_animationSpeed":1.101,"_zoom":7.28},{"_mousePosition":[683,384],"_rootPartCFrame":[764.736,224.772,49.866,-0.391,-0.001,-0.92,0,1,-0.001,0.92,0,-0.391],"_humanoidState":3,"_cameraCFrame":[763.006,232.369,50.977,-0.433,0.888,-0.157,0,0.174,0.985,0.901,0.427,-0.075],"_shiftlockState":true,"_pose":"Jumping","_animationQueue":[["walk",0.1],["walk",0.1],["jump",0.1]],"_animationSpeed":1,"_zoom":7.28},{"_mousePosition":[683,384],"_rootPartCFrame":[764.681,225.373,50.058,-0.489,0,-0.872,0,1,0,0.872,0,-0.489],"_humanoidState":5,"_cameraCFrame":[762.928,232.971,51.129,-0.454,0.878,-0.155,0,0.174,0.985,0.891,0.447,-0.079],"_shiftlockState":true,"_pose":"FreeFall","_animationQueue":[["jump",0.1]],"_animationSpeed":1,"_zoom":7.28},{"_mousePosition":[683,384],"_rootPartCFrame":[764.577,226.127,50.302,-0.561,0,-0.828,0,1,0,0.828,0,-0.561],"_humanoidState":5,"_cameraCFrame":[762.811,233.725,51.352,-0.465,0.872,-0.154,0,0.174,0.985,0.885,0.458,-0.081],"_shiftlockState":true,"_pose":"FreeFall","_animationQueue":[],"_animationSpeed":1,"_zoom":7.28},{"_mousePosition":[683,384],"_rootPartCFrame":[764.457,226.826,50.54,-0.578,0,-0.816,0,1,0,0.816,0,-0.578],"_humanoidState":5,"_cameraCFrame":[762.681,234.424,51.572,-0.474,0.867,-0.153,0,0.174,0.985,0.881,0.467,-0.082],"_shiftlockState":true,"_pose":"FreeFall","_animationQueue":[],"_animationSpeed":1,"_zoom":7.28},{"_mousePosition":[683,384],"_rootPartCFrame":[764.334,227.471,50.777,-0.587,0,-0.81,0,1,0,0.81,0,-0.587],"_humanoidState":5,"_cameraCFrame":[762.547,235.069,51.79,-0.483,0.862,-0.152,0,0.174,0.985,0.876,0.475,-0.084],"_shiftlockState":true,"_pose":"FreeFall","_animationQueue":[],"_animationSpeed":1,"_zoom":7.28},{"_mousePosition":[683,384],"_rootPartCFrame":[764.239,227.919,50.953,-0.568,0,-0.823,0,1,0,0.823,0,-0.568],"_humanoidState":5,"_cameraCFrame":[762.435,235.517,51.935,-0.498,0.854,-0.151,0,0.174,0.985,0.867,0.491,-0.087],"_shiftlockState":true,"_pose":"FreeFall","_animationQueue":[],"_animationSpeed":1,"_zoom":7.28},{"_mousePosition":[683,384],"_rootPartCFrame":[764.111,228.469,51.187,-0.609,0,-0.793,0,1,0,0.793,0,-0.609],"_humanoidState":5,"_cameraCFrame":[762.275,236.066,52.108,-0.526,0.837,-0.148,0,0.174,0.985,0.85,0.518,-0.091],"_shiftlockState":true,"_pose":"FreeFall","_animationQueue":[],"_animationSpeed":1,"_zoom":7.28},{"_mousePosition":[683,384],"_rootPartCFrame":[763.979,228.964,51.418,-0.635,0,-0.773,0,1,0,0.773,0,-0.635],"_humanoidState":5,"_cameraCFrame":[762.103,236.561,52.255,-0.565,0.813,-0.143,0,0.174,0.985,0.825,0.556,-0.098],"_shiftlockState":true,"_pose":"FreeFall","_animationQueue":[],"_animationSpeed":1,"_zoom":7.28},{"_mousePosition":[683,384],"_rootPartCFrame":[763.839,229.404,51.646,-0.669,0,-0.743,0,1,0,0.743,0,-0.669],"_humanoidState":5,"_cameraCFrame":[761.913,237.002,52.358,-0.618,0.774,-0.137,0,0.174,0.985,0.786,0.608,-0.107],"_shiftlockState":true,"_pose":"FreeFall","_animationQueue":[],"_animationSpeed":1,"_zoom":7.28},{"_mousePosition":[683,384],"_rootPartCFrame":[763.69,229.79,51.867,-0.717,0,-0.697,0,1,0,0.697,0,-0.717],"_humanoidState":5,"_cameraCFrame":[761.693,237.388,52.345,-0.707,0.697,-0.123,0,0.174,0.985,0.708,0.696,-0.123],"_shiftlockState":true,"_pose":"FreeFall","_animationQueue":[],"_animationSpeed":1,"_zoom":7.28},{"_mousePosition":[683,384],"_rootPartCFrame":[763.483,230.196,52.11,-0.814,0,-0.581,0,1,0,0.581,0,-0.814],"_humanoidState":5,"_cameraCFrame":[761.468,237.794,52.507,-0.735,0.668,-0.118,0,0.174,0.985,0.678,0.724,-0.128],"_shiftlockState":true,"_pose":"FreeFall","_animationQueue":[],"_animationSpeed":1,"_zoom":7.28},{"_mousePosition":[683,384],"_rootPartCFrame":[763.344,230.399,52.23,-0.799,0,-0.602,0,1,0,0.602,0,-0.799],"_humanoidState":5,"_cameraCFrame":[761.295,237.996,52.375,-0.813,0.573,-0.101,0,0.174,0.985,0.582,0.801,-0.141],"_shiftlockState":true,"_pose":"FreeFall","_animationQueue":[],"_animationSpeed":1,"_zoom":7.28},{"_mousePosition":[683,384],"_rootPartCFrame":[763.091,230.668,52.386,-0.898,0,-0.439,0,1,0,0.439,0,-0.898],"_humanoidState":5,"_cameraCFrame":[761.037,238.266,52.354,-0.86,0.503,-0.089,0,0.174,0.985,0.51,0.847,-0.149],"_shiftlockState":true,"_pose":"FreeFall","_animationQueue":[],"_animationSpeed":1,"_zoom":7.28},{"_mousePosition":[683,384],"_rootPartCFrame":[762.872,230.823,52.468,-0.92,0,-0.391,0,1,0,0.391,0,-0.92],"_humanoidState":5,"_cameraCFrame":[760.831,238.42,52.24,-0.905,0.419,-0.074,0,0.174,0.985,0.425,0.891,-0.157],"_shiftlockState":true,"_pose":"FreeFall","_animationQueue":[],"_animationSpeed":1,"_zoom":7.28},{"_mousePosition":[683,384],"_rootPartCFrame":[762.7,230.903,52.506,-0.943,0,-0.333,0,1,0,0.333,0,-0.943],"_humanoidState":5,"_cameraCFrame":[760.696,238.5,52.057,-0.946,0.32,-0.056,0,0.174,0.985,0.325,0.932,-0.164],"_shiftlockState":true,"_pose":"FreeFall","_animationQueue":[],"_animationSpeed":1,"_zoom":7.28},{"_mousePosition":[683,384],"_rootPartCFrame":[762.465,230.962,52.521,-0.981,0,-0.196,0,1,0,0.196,0,-0.981],"_humanoidState":5,"_cameraCFrame":[760.527,238.559,51.842,-0.977,0.209,-0.037,0,0.174,0.985,0.212,0.962,-0.17],"_shiftlockState":true,"_pose":"FreeFall","_animationQueue":[],"_animationSpeed":1,"_zoom":7.28},{"_mousePosition":[683,384],"_rootPartCFrame":[762.168,230.959,52.485,-0.999,0,-0.048,0,1,0,0.048,0,-0.999],"_humanoidState":5,"_cameraCFrame":[760.328,238.557,51.571,-0.996,0.089,-0.016,0,0.174,0.985,0.09,0.981,-0.173],"_shiftlockState":true,"_pose":"FreeFall","_animationQueue":[],"_animationSpeed":1,"_zoom":7.28},{"_mousePosition":[683,384],"_rootPartCFrame":[761.933,230.895,52.411,-0.999,0,0.043,0,1,0,-0.043,0,-0.999],"_humanoidState":5,"_cameraCFrame":[760.232,238.493,51.26,-0.999,-0.043,0.008,0,0.174,0.985,-0.044,0.984,-0.173],"_shiftlockState":true,"_pose":"FreeFall","_animationQueue":[],"_animationSpeed":1,"_zoom":7.28},{"_mousePosition":[683,384],"_rootPartCFrame":[761.764,230.812,52.331,-0.99,0,0.143,0,1,0,-0.143,0,-0.99],"_humanoidState":5,"_cameraCFrame":[760.235,238.41,50.959,-0.984,-0.177,0.031,0,0.174,0.985,-0.18,0.969,-0.171],"_shiftlockState":true,"_pose":"FreeFall","_animationQueue":[],"_animationSpeed":1,"_zoom":7.28},{"_mousePosition":[683,384],"_rootPartCFrame":[761.552,230.653,52.193,-0.951,0,0.309,0,1,0,-0.309,0,-0.951],"_humanoidState":5,"_cameraCFrame":[760.221,238.251,50.628,-0.951,-0.305,0.054,0,0.174,0.985,-0.31,0.936,-0.165],"_shiftlockState":true,"_pose":"FreeFall","_animationQueue":[],"_animationSpeed":1,"_zoom":7.28},{"_mousePosition":[683,384],"_rootPartCFrame":[761.32,230.378,51.974,-0.886,0,0.463,0,1,0,-0.463,0,-0.886],"_humanoidState":5,"_cameraCFrame":[760.21,237.975,50.246,-0.901,-0.427,0.075,0,0.174,0.985,-0.434,0.887,-0.156],"_shiftlockState":true,"_pose":"FreeFall","_animationQueue":[["fall",0.3]],"_animationSpeed":1,"_zoom":7.28},{"_mousePosition":[683,384],"_rootPartCFrame":[761.201,230.171,51.821,-0.853,0,0.522,0,1,0,-0.522,0,-0.853],"_humanoidState":5,"_cameraCFrame":[760.318,237.769,49.966,-0.839,-0.536,0.095,0,0.174,0.985,-0.544,0.826,-0.146],"_shiftlockState":true,"_pose":"FreeFall","_animationQueue":[],"_animationSpeed":1,"_zoom":7.28},{"_mousePosition":[683,384],"_rootPartCFrame":[761.07,229.849,51.597,-0.759,0,0.651,0,1,0,-0.651,0,-0.759],"_humanoidState":5,"_cameraCFrame":[760.413,237.447,49.651,-0.768,-0.63,0.111,0,0.174,0.985,-0.64,0.757,-0.133],"_shiftlockState":true,"_pose":"FreeFall","_animationQueue":[],"_animationSpeed":1,"_zoom":7.28},{"_mousePosition":[683,384],"_rootPartCFrame":[760.974,229.472,51.354,-0.677,0,0.736,0,1,0,-0.736,0,-0.677],"_humanoidState":5,"_cameraCFrame":[760.625,237.07,49.33,-0.661,-0.739,0.13,0,0.174,0.985,-0.75,0.651,-0.115],"_shiftlockState":true,"_pose":"FreeFall","_animationQueue":[],"_animationSpeed":1,"_zoom":7.28},{"_mousePosition":[683,384],"_rootPartCFrame":[760.907,228.924,51.033,-0.527,0,0.85,0,1,0,-0.85,0,-0.527],"_humanoidState":5,"_cameraCFrame":[760.717,236.522,48.988,-0.6,-0.788,0.139,0,0.174,0.985,-0.8,0.591,-0.104],"_shiftlockState":true,"_pose":"FreeFall","_animationQueue":[],"_animationSpeed":1,"_zoom":7.28},{"_mousePosition":[683,384],"_rootPartCFrame":[760.896,228.554,50.835,-0.517,0,0.856,0,1,0,-0.856,0,-0.517],"_humanoidState":5,"_cameraCFrame":[760.831,236.152,48.782,-0.55,-0.822,0.145,0,0.174,0.985,-0.835,0.542,-0.096],"_shiftlockState":true,"_pose":"FreeFall","_animationQueue":[],"_animationSpeed":1,"_zoom":7.28},{"_mousePosition":[683,384],"_rootPartCFrame":[760.916,228.014,50.571,-0.435,0,0.901,0,1,0,-0.901,0,-0.435],"_humanoidState":5,"_cameraCFrame":[760.955,235.612,48.517,-0.507,-0.849,0.15,0,0.174,0.985,-0.862,0.5,-0.088],"_shiftlockState":true,"_pose":"FreeFall","_animationQueue":[],"_animationSpeed":1,"_zoom":7.28},{"_mousePosition":[683,384],"_rootPartCFrame":[760.943,227.361,50.643,-0.387,0.003,0.922,0.002,1,-0.003,-0.922,0.001,-0.387],"_humanoidState":5,"_cameraCFrame":[761.065,234.959,48.593,-0.474,-0.867,0.153,0,0.174,0.985,-0.88,0.467,-0.082],"_shiftlockState":true,"_pose":"FreeFall","_animationQueue":[["fall",0.3]],"_animationSpeed":1,"_zoom":7.28},{"_mousePosition":[683,384],"_rootPartCFrame":[760.959,226.943,50.709,-0.387,0.002,0.922,0.001,1,-0.002,-0.922,0,-0.387],"_humanoidState":5,"_cameraCFrame":[761.131,234.541,48.662,-0.452,-0.879,0.155,0,0.174,0.985,-0.892,0.445,-0.078],"_shiftlockState":true,"_pose":"FreeFall","_animationQueue":[],"_animationSpeed":1,"_zoom":7.28},{"_mousePosition":[683,384],"_rootPartCFrame":[760.987,226.339,50.764,-0.33,0.001,0.944,0,1,-0.001,-0.944,0,-0.33],"_humanoidState":5,"_cameraCFrame":[761.171,233.936,48.718,-0.445,-0.882,0.155,0,0.174,0.985,-0.895,0.438,-0.077],"_shiftlockState":true,"_pose":"FreeFall","_animationQueue":[],"_animationSpeed":1,"_zoom":7.28},{"_mousePosition":[683,384],"_rootPartCFrame":[761.021,225.68,50.779,-0.322,0,0.947,0,1,0,-0.947,0,-0.322],"_humanoidState":5,"_cameraCFrame":[761.21,233.277,48.733,-0.443,-0.883,0.156,0,0.174,0.985,-0.897,0.436,-0.077],"_shiftlockState":true,"_pose":"FreeFall","_animationQueue":[],"_animationSpeed":1,"_zoom":7.28},{"_mousePosition":[683,384],"_rootPartCFrame":[761.062,224.966,50.755,-0.32,0,0.947,0,1,0,-0.947,0,-0.32],"_humanoidState":5,"_cameraCFrame":[761.215,232.564,48.706,-0.459,-0.875,0.154,0,0.174,0.985,-0.889,0.452,-0.08],"_shiftlockState":true,"_pose":"FreeFall","_animationQueue":[],"_animationSpeed":1,"_zoom":7.28},{"_mousePosition":[683,384],"_rootPartCFrame":[761.111,224.198,50.692,-0.337,0,0.942,0,1,0,-0.942,0,-0.337],"_humanoidState":5,"_cameraCFrame":[761.165,231.795,48.638,-0.501,-0.852,0.15,0,0.174,0.985,-0.866,0.493,-0.087],"_shiftlockState":true,"_pose":"FreeFall","_animationQueue":[],"_animationSpeed":1,"_zoom":7.28},{"_mousePosition":[683,384],"_rootPartCFrame":[761.197,223.461,50.545,-0.481,0.001,0.877,0.001,1,-0.001,-0.877,0,-0.481],"_humanoidState":7,"_cameraCFrame":[761.103,231.059,48.494,-0.563,-0.814,0.144,0,0.174,0.985,-0.826,0.554,-0.098],"_shiftlockState":true,"_pose":"FreeFall","_animationQueue":[["fall",0.3],["walk",0.1],["fall",0.3],["fall",0.3]],"_animationSpeed":1,"_zoom":7.28},{"_mousePosition":[683,384],"_rootPartCFrame":[761.184,223.505,50.545,-0.558,-0.001,0.83,-0.001,1,0,-0.83,-0.001,-0.558],"_humanoidState":7,"_cameraCFrame":[760.752,231.102,48.535,-0.691,-0.712,0.126,0,0.174,0.985,-0.723,0.68,-0.12],"_shiftlockState":true,"_pose":"FreeFall","_animationQueue":[],"_animationSpeed":1,"_zoom":7.28},{"_mousePosition":[683,384],"_rootPartCFrame":[761.118,223.573,50.47,-0.713,-0.002,0.701,-0.001,1,0.002,-0.701,0,-0.713],"_humanoidState":8,"_cameraCFrame":[760.444,231.167,48.516,-0.778,-0.618,0.111,0,0.177,0.984,-0.628,0.766,-0.138],"_shiftlockState":true,"_pose":"Running","_animationQueue":[["walk",0.1],["fall",0.3],["walk",0.1]],"_animationSpeed":0.2,"_zoom":7.28},{"_mousePosition":[683,384],"_rootPartCFrame":[761.098,223.621,50.388,-0.783,-0.001,0.622,0,1,0.001,-0.622,0,-0.783],"_humanoidState":8,"_cameraCFrame":[760.176,231.212,48.531,-0.855,-0.51,0.093,0,0.179,0.984,-0.519,0.841,-0.153],"_shiftlockState":true,"_pose":"Running","_animationQueue":[["walk",0.1]],"_animationSpeed":0.322,"_zoom":7.28},{"_mousePosition":[683,384],"_rootPartCFrame":[760.869,223.658,50.288,-0.882,-0.002,0.471,-0.001,1,0.001,-0.471,0,-0.882],"_humanoidState":8,"_cameraCFrame":[759.729,231.245,48.54,-0.914,-0.4,0.074,0,0.183,0.983,-0.406,0.898,-0.167],"_shiftlockState":true,"_pose":"Running","_animationQueue":[["walk",0.1]],"_animationSpeed":0.552,"_zoom":7.28},{"_mousePosition":[683,384],"_rootPartCFrame":[760.723,223.671,50.247,-0.926,-0.001,0.377,-0.001,1,0.001,-0.377,0,-0.926],"_humanoidState":8,"_cameraCFrame":[759.408,231.258,48.626,-0.951,-0.304,0.057,0,0.183,0.983,-0.31,0.935,-0.174],"_shiftlockState":true,"_pose":"Running","_animationQueue":[["walk",0.1]],"_animationSpeed":0.774,"_zoom":7.28},{"_mousePosition":[683,384],"_rootPartCFrame":[760.493,223.684,50.172,-0.96,0,0.281,0,1,0,-0.281,0,-0.96],"_humanoidState":8,"_cameraCFrame":[759.08,231.271,48.637,-0.969,-0.245,0.046,0,0.183,0.983,-0.249,0.952,-0.177],"_shiftlockState":true,"_pose":"Running","_animationQueue":[["walk",0.1],["walk",0.1]],"_animationSpeed":0.846,"_zoom":7.28},{"_mousePosition":[683,384],"_rootPartCFrame":[760.246,223.692,50.101,-0.974,0,0.228,0,1,0,-0.228,0,-0.974],"_humanoidState":8,"_cameraCFrame":[758.806,231.279,48.592,-0.973,-0.228,0.042,0,0.183,0.983,-0.232,0.956,-0.178],"_shiftlockState":true,"_pose":"Running","_animationQueue":[],"_animationSpeed":0.846,"_zoom":7.28},{"_mousePosition":[683,384],"_rootPartCFrame":[759.932,224.793,50.059,-0.983,-0.004,0.184,0.001,1,0.03,-0.184,0.03,-0.982],"_humanoidState":3,"_cameraCFrame":[758.486,232.379,48.595,-0.973,-0.228,0.042,0,0.183,0.983,-0.232,0.956,-0.178],"_shiftlockState":true,"_pose":"Jumping","_animationQueue":[["walk",0.1],["jump",0.1]],"_animationSpeed":1,"_zoom":7.28},{"_mousePosition":[683,384],"_rootPartCFrame":[759.744,225.456,50.034,-0.98,-0.008,0.198,0.002,0.999,0.053,-0.198,0.052,-0.979],"_humanoidState":3,"_cameraCFrame":[758.284,233.04,48.611,-0.974,-0.223,0.042,0,0.183,0.983,-0.227,0.957,-0.178],"_shiftlockState":true,"_pose":"Jumping","_animationQueue":[],"_animationSpeed":1,"_zoom":7.28},{"_mousePosition":[683,384],"_rootPartCFrame":[759.536,226.094,50.062,-0.964,-0.006,0.265,0.003,0.999,0.034,-0.265,0.034,-0.964],"_humanoidState":5,"_cameraCFrame":[758.105,233.678,48.577,-0.97,-0.237,0.045,0,0.185,0.983,-0.242,0.954,-0.18],"_shiftlockState":true,"_pose":"FreeFall","_animationQueue":[["jump",0.1]],"_animationSpeed":1,"_zoom":7.28},{"_mousePosition":[683,384],"_rootPartCFrame":[759.277,226.895,49.998,-0.935,-0.001,0.354,0.003,1,0.008,-0.354,0.009,-0.935],"_humanoidState":5,"_cameraCFrame":[757.889,234.478,48.435,-0.965,-0.257,0.049,0,0.187,0.982,-0.261,0.948,-0.181],"_shiftlockState":true,"_pose":"FreeFall","_animationQueue":[],"_animationSpeed":1,"_zoom":7.28},{"_mousePosition":[683,384],"_rootPartCFrame":[759.018,227.641,49.931,-0.923,0.001,0.385,0.001,1,0,-0.385,0,-0.923],"_humanoidState":5,"_cameraCFrame":[757.689,235.221,48.301,-0.956,-0.287,0.055,0,0.189,0.982,-0.293,0.939,-0.181],"_shiftlockState":true,"_pose":"FreeFall","_animationQueue":[],"_animationSpeed":1,"_zoom":7.28},{"_mousePosition":[683,384],"_rootPartCFrame":[758.761,228.333,49.862,-0.909,0.001,0.417,0,1,-0.001,-0.417,-0.001,-0.909],"_humanoidState":5,"_cameraCFrame":[757.51,235.908,48.152,-0.943,-0.327,0.064,0,0.193,0.981,-0.334,0.925,-0.182],"_shiftlockState":true,"_pose":"FreeFall","_animationQueue":[],"_animationSpeed":1,"_zoom":7.28},{"_mousePosition":[683,384],"_rootPartCFrame":[758.505,228.97,49.786,-0.89,0,0.456,0,1,0,-0.456,0,-0.89],"_humanoidState":5,"_cameraCFrame":[757.383,236.543,47.981,-0.917,-0.392,0.078,0,0.195,0.981,-0.4,0.899,-0.179],"_shiftlockState":true,"_pose":"FreeFall","_animationQueue":[],"_animationSpeed":1,"_zoom":7.28},{"_mousePosition":[683,384],"_rootPartCFrame":[758.19,229.69,49.676,-0.838,0,0.546,0,1,0,-0.546,0,-0.838],"_humanoidState":5,"_cameraCFrame":[757.165,237.263,47.815,-0.894,-0.439,0.087,0,0.195,0.981,-0.448,0.877,-0.174],"_shiftlockState":true,"_pose":"FreeFall","_animationQueue":[],"_animationSpeed":1,"_zoom":7.28},{"_mousePosition":[683,384],"_rootPartCFrame":[758.006,230.081,49.599,-0.845,0,0.535,0,1,0,-0.535,0,-0.845],"_humanoidState":5,"_cameraCFrame":[757.097,237.652,47.671,-0.867,-0.489,0.098,0,0.197,0.98,-0.499,0.85,-0.17],"_shiftlockState":true,"_pose":"FreeFall","_animationQueue":[],"_animationSpeed":1,"_zoom":7.28},{"_mousePosition":[683,384],"_rootPartCFrame":[757.707,230.664,49.452,-0.772,0,0.636,0,1,0,-0.636,0,-0.772],"_humanoidState":5,"_cameraCFrame":[756.92,238.238,47.478,-0.832,-