[{"_mousePosition":[1164,365],"_rootPartCFrame":[776.033,222.958,47.142,-0.001,-0.005,1,0,1,0.005,-1,0,-0.001],"_humanoidState":8,"_cameraCFrame":[778.902,232.971,47.232,0.031,-0.947,0.32,0,0.32,0.947,-1,-0.03,0.01],"_shiftlockState":false,"_pose":"Standing","_animationQueue":[],"_animationSpeed":1,"_zoom":8.986},{"_mousePosition":[1141,365],"_rootPartCFrame":[775.916,222.897,47.138,0.001,-0.002,1,0,1,0.002,-1,0,0.001],"_humanoidState":8,"_cameraCFrame":[778.789,232.91,47.228,0.031,-0.947,0.32,0,0.32,0.947,-1,-0.03,0.01],"_shiftlockState":false,"_pose":"Standing","_animationQueue":[],"_animationSpeed":1,"_zoom":8.986},{"_mousePosition":[1119,364],"_rootPartCFrame":[775.787,222.836,47.134,0.003,-0.001,1,0,1,0.001,-1,0,0.003],"_humanoidState":8,"_cameraCFrame":[778.663,232.849,47.224,0.031,-0.947,0.32,0,0.32,0.947,-1,-0.03,0.01],"_shiftlockState":false,"_pose":"Running","_animationQueue":[["walk",0.1]],"_animationSpeed":0.831,"_zoom":8.986},{"_mousePosition":[1104,362],"_rootPartCFrame":[775.521,222.674,47.126,0.007,0,1,0,1,0,-1,0,0.007],"_humanoidState":8,"_cameraCFrame":[778.398,232.687,47.216,0.031,-0.947,0.32,0,0.32,0.947,-1,-0.03,0.01],"_shiftlockState":false,"_pose":"Running","_animationQueue":[["walk",0.1]],"_animationSpeed":1.066,"_zoom":8.986},{"_mousePosition":[1080,362],"_rootPartCFrame":[775.254,222.653,47.118,0.01,0,1,0,1,0,-1,0,0.01],"_humanoidState":8,"_cameraCFrame":[778.131,232.666,47.208,0.031,-0.947,0.32,0,0.32,0.947,-1,-0.03,0.01],"_shiftlockState":false,"_pose":"Running","_animationQueue":[["walk",0.1]],"_animationSpeed":1.066,"_zoom":8.986},{"_mousePosition":[1070,361],"_rootPartCFrame":[774.721,222.683,47.101,0.016,0,1,0,1,0,-1,0,0.016],"_humanoidState":8,"_cameraCFrame":[777.598,232.695,47.191,0.031,-0.947,0.32,0,0.32,0.947,-1,-0.03,0.01],"_shiftlockState":false,"_pose":"Running","_animationQueue":[],"_animationSpeed":1.066,"_zoom":8.986},{"_mousePosition":[1056,361],"_rootPartCFrame":[774.588,222.687,47.097,0.017,0,1,0,1,0,-1,0,0.017],"_humanoidState":8,"_cameraCFrame":[777.465,232.7,47.187,0.031,-0.947,0.32,0,0.32,0.947,-1,-0.03,0.01],"_shiftlockState":false,"_pose":"Running","_animationQueue":[],"_animationSpeed":1.066,"_zoom":8.986},{"_mousePosition":[1050,361],"_rootPartCFrame":[774.188,222.695,47.084,0.02,0,1,0,1,0,-1,0,0.02],"_humanoidState":8,"_cameraCFrame":[777.065,232.707,47.174,0.031,-0.947,0.32,0,0.32,0.947,-1,-0.03,0.01],"_shiftlockState":false,"_pose":"Running","_animationQueue":[],"_animationSpeed":1.066,"_zoom":8.986},{"_mousePosition":[1038,361],"_rootPartCFrame":[774.055,222.696,47.08,0.021,0,1,0,1,0,-1,0,0.021],"_humanoidState":8,"_cameraCFrame":[776.932,232.709,47.17,0.031,-0.947,0.32,0,0.32,0.947,-1,-0.03,0.01],"_shiftlockState":false,"_pose":"Running","_animationQueue":[],"_animationSpeed":1.066,"_zoom":8.986},{"_mousePosition":[1032,361],"_rootPartCFrame":[773.922,222.697,47.076,0.021,0,1,0,1,0,-1,0,0.021],"_humanoidState":8,"_cameraCFrame":[776.798,232.71,47.166,0.031,-0.947,0.32,0,0.32,0.947,-1,-0.03,0.01],"_shiftlockState":false,"_pose":"Running","_animationQueue":[],"_animationSpeed":1.066,"_zoom":8.986},{"_mousePosition":[1028,361],"_rootPartCFrame":[773.655,222.698,47.068,0.023,0,1,0,1,0,-1,0,0.023],"_humanoidState":8,"_cameraCFrame":[776.532,232.711,47.158,0.031,-0.947,0.32,0,0.32,0.947,-1,-0.03,0.01],"_shiftlockState":false,"_pose":"Running","_animationQueue":[],"_animationSpeed":1.066,"_zoom":8.986},{"_mousePosition":[1026,361],"_rootPartCFrame":[773.389,222.699,47.059,0.024,0,1,0,1,0,-1,0,0.024],"_humanoidState":8,"_cameraCFrame":[776.265,232.712,47.149,0.031,-0.947,0.32,0,0.32,0.947,-1,-0.03,0.01],"_shiftlockState":false,"_pose":"Running","_animationQueue":[["walk",0.1]],"_animationSpeed":1.066,"_zoom":8.986},{"_mousePosition":[1026,361],"_rootPartCFrame":[773.122,222.699,47.051,0.025,0,1,0,1,0,-1,0,0.025],"_humanoidState":8,"_cameraCFrame":[775.999,232.712,47.141,0.031,-0.947,0.32,0,0.32,0.947,-1,-0.03,0.01],"_shiftlockState":false,"_pose":"Running","_animationQueue":[],"_animationSpeed":1.066,"_zoom":8.986},{"_mousePosition":[1024,361],"_rootPartCFrame":[772.856,222.699,47.043,0.026,0,1,0,1,0,-1,0,0.026],"_humanoidState":8,"_cameraCFrame":[775.732,232.712,47.133,0.031,-0.947,0.32,0,0.32,0.947,-1,-0.03,0.01],"_shiftlockState":false,"_pose":"Running","_animationQueue":[],"_animationSpeed":1.066,"_zoom":8.986},{"_mousePosition":[1023,361],"_rootPartCFrame":[772.589,222.7,47.034,0.026,0,1,0,1,0,-1,0,0.026],"_humanoidState":8,"_cameraCFrame":[775.466,232.712,47.124,0.031,-0.947,0.32,0,0.32,0.947,-1,-0.03,0.01],"_shiftlockState":false,"_pose":"Running","_animationQueue":[],"_animationSpeed":1.066,"_zoom":8.986},{"_mousePosition":[1021,362],"_rootPartCFrame":[772.323,222.7,47.026,0.027,0,1,0,1,0,-1,0,0.027],"_humanoidState":8,"_cameraCFrame":[775.199,232.712,47.116,0.031,-0.947,0.32,0,0.32,0.947,-1,-0.03,0.01],"_shiftlockState":false,"_pose":"Running","_animationQueue":[],"_animationSpeed":1.066,"_zoom":8.986},{"_mousePosition":[1019,362],"_rootPartCFrame":[772.056,222.7,47.018,0.028,0,1,0,1,0,-1,0,0.028],"_humanoidState":8,"_cameraCFrame":[774.933,232.712,47.108,0.031,-0.947,0.32,0,0.32,0.947,-1,-0.03,0.01],"_shiftlockState":false,"_pose":"Running","_animationQueue":[],"_animationSpeed":1.066,"_zoom":8.986},{"_mousePosition":[1012,365],"_rootPartCFrame":[771.79,222.7,47.009,0.028,0,1,0,1,0,-1,0,0.028],"_humanoidState":8,"_cameraCFrame":[774.666,232.712,47.099,0.031,-0.947,0.32,0,0.32,0.947,-1,-0.03,0.01],"_shiftlockState":false,"_pose":"Running","_animationQueue":[],"_animationSpeed":1.066,"_zoom":8.986},{"_mousePosition":[1005,367],"_rootPartCFrame":[771.523,222.7,47.001,0.029,0,1,0,1,0,-1,0,0.029],"_humanoidState":8,"_cameraCFrame":[774.4,232.712,47.091,0.031,-0.947,0.32,0,0.32,0.947,-1,-0.03,0.01],"_shiftlockState":false,"_pose":"Running","_animationQueue":[["walk",0.1]],"_animationSpeed":1.066,"_zoom":8.986},{"_mousePosition":[988,372],"_rootPartCFrame":[771.257,222.7,46.993,0.029,0,1,0,1,0,-1,0,0.029],"_humanoidState":8,"_cameraCFrame":[774.133,232.712,47.083,0.031,-0.947,0.32,0,0.32,0.947,-1,-0.03,0.01],"_shiftlockState":false,"_pose":"Running","_animationQueue":[],"_animationSpeed":1.066,"_zoom":8.986},{"_mousePosition":[982,374],"_rootPartCFrame":[770.924,223.77,46.982,0.029,0,1,0,1,0,-1,0,0.029],"_humanoidState":3,"_cameraCFrame":[773.8,233.782,47.072,0.031,-0.947,0.32,0,0.32,0.947,-1,-0.03,0.01],"_shiftlockState":false,"_pose":"Jumping","_animationQueue":[["walk",0.1],["jump",0.1]],"_animationSpeed":1,"_zoom":8.986},{"_mousePosition":[972,377],"_rootPartCFrame":[770.724,224.371,46.976,0.03,0,1,0,1,0,-1,0,0.03],"_humanoidState":5,"_cameraCFrame":[773.6,234.384,47.066,0.031,-0.947,0.32,0,0.32,0.947,-1,-0.03,0.01],"_shiftlockState":false,"_pose":"FreeFall","_animationQueue":[["jump",0.1]],"_animationSpeed":1,"_zoom":8.986},{"_mousePosition":[967,379],"_rootPartCFrame":[770.457,225.125,46.968,0.03,0,1,0,1,0,-1,0,0.03],"_humanoidState":5,"_cameraCFrame":[773.334,235.138,47.058,0.031,-0.947,0.32,0,0.32,0.947,-1,-0.03,0.01],"_shiftlockState":false,"_pose":"FreeFall","_animationQueue":[],"_animationSpeed":1,"_zoom":8.986},{"_mousePosition":[960,384],"_rootPartCFrame":[770.191,225.824,46.959,0.03,0,1,0,1,0,-1,0,0.03],"_humanoidState":5,"_cameraCFrame":[773.067,235.837,47.049,0.031,-0.947,0.32,0,0.32,0.947,-1,-0.03,0.01],"_shiftlockState":false,"_pose":"FreeFall","_animationQueue":[],"_animationSpeed":1,"_zoom":8.986},{"_mousePosition":[952,389],"_rootPartCFrame":[769.857,226.622,46.949,0.03,0,1,0,1,0,-1,0,0.03],"_humanoidState":5,"_cameraCFrame":[772.734,236.635,47.039,0.031,-0.947,0.32,0,0.32,0.947,-1,-0.03,0.01],"_shiftlockState":false,"_pose":"FreeFall","_animationQueue":[],"_animationSpeed":1,"_zoom":8.986},{"_mousePosition":[942,396],"_rootPartCFrame":[769.657,227.06,46.943,0.03,0,1,0,1,0,-1,0,0.03],"_humanoidState":5,"_cameraCFrame":[772.534,237.072,47.033,0.031,-0.947,0.32,0,0.32,0.947,-1,-0.03,0.01],"_shiftlockState":false,"_pose":"FreeFall","_animationQueue":[],"_animationSpeed":1,"_zoom":8.986},{"_mousePosition":[934,402],"_rootPartCFrame":[769.391,227.595,46.934,0.03,0,1,0,1,0,-1,0,0.03],"_humanoidState":5,"_cameraCFrame":[772.267,237.608,47.024,0.031,-0.947,0.32,0,0.32,0.947,-1,-0.03,0.01],"_shiftlockState":false,"_pose":"FreeFall","_animationQueue":[],"_animationSpeed":1,"_zoom":8.986},{"_mousePosition":[918,413],"_rootPartCFrame":[769.124,228.077,46.926,0.031,0,1,0,1,0,-1,0,0.031],"_humanoidState":5,"_cameraCFrame":[772.001,238.089,47.016,0.031,-0.947,0.32,0,0.32,0.947,-1,-0.03,0.01],"_shiftlockState":false,"_pose":"FreeFall","_animationQueue":[],"_animationSpeed":1,"_zoom":8.986},{"_mousePosition":[904,421],"_rootPartCFrame":[768.791,228.602,46.916,0.031,0,1,0,1,0,-1,0,0.031],"_humanoidState":5,"_cameraCFrame":[771.667,238.615,47.006,0.031,-0.947,0.32,0,0.32,0.947,-1,-0.03,0.01],"_shiftlockState":false,"_pose":"FreeFall","_animationQueue":[],"_animationSpeed":1,"_zoom":8.986},{"_mousePosition":[873,435],"_rootPartCFrame":[768.591,228.876,46.909,0.031,0,1,0,1,0,-1,0,0.031],"_humanoidState":5,"_cameraCFrame":[771.467,238.889,46.999,0.031,-0.947,0.32,0,0.32,0.947,-1,-0.03,0.01],"_shiftlockState":false,"_pose":"FreeFall","_animationQueue":[],"_animationSpeed":1,"_zoom":8.986},{"_mousePosition":[873,435],"_rootPartCFrame":[768.324,229.194,46.901,0.031,0,1,0,1,0,-1,0,0.031],"_humanoidState":5,"_cameraCFrame":[771.119,239.234,46.83,-0.025,-0.95,0.311,0,0.311,0.95,-1,0.024,-0.008],"_shiftlockState":false,"_pose":"FreeFall","_animationQueue":[],"_animationSpeed":1,"_zoom":8.986},{"_mousePosition":[873,435],"_rootPartCFrame":[768.058,229.457,46.893,0.031,0,1,0,1,0,-1,0,0.031],"_humanoidState":5,"_cameraCFrame":[770.762,239.52,46.542,-0.129,-0.945,0.301,0,0.303,0.953,-0.992,0.123,-0.039],"_shiftlockState":false,"_pose":"FreeFall","_animationQueue":[],"_animationSpeed":1,"_zoom":8.986},{"_mousePosition":[873,435],"_rootPartCFrame":[767.791,229.666,46.897,0.026,0,1,0,1,0,-1,0,0.026],"_humanoidState":5,"_cameraCFrame":[770.373,239.744,46.187,-0.265,-0.92,0.287,0,0.298,0.955,-0.964,0.253,-0.079],"_shiftlockState":false,"_pose":"FreeFall","_animationQueue":[],"_animationSpeed":1,"_zoom":8.986},{"_mousePosition":[873,435],"_rootPartCFrame":[767.526,229.821,46.924,0.009,0,1,0,1,0,-1,0,0.009],"_humanoidState":5,"_cameraCFrame":[769.83,239.918,45.685,-0.474,-0.843,0.256,0,0.291,0.957,-0.881,0.453,-0.138],"_shiftlockState":false,"_pose":"FreeFall","_animationQueue":[],"_animationSpeed":1,"_zoom":8.986},{"_mousePosition":[873,435],"_rootPartCFrame":[767.203,229.937,46.929,0.066,0,0.998,0,1,0,-0.998,0,0.066],"_humanoidState":5,"_cameraCFrame":[769.193,240.053,45.33,-0.626,-0.748,0.222,0,0.284,0.959,-0.78,0.6,-0.178],"_shiftlockState":false,"_pose":"FreeFall","_animationQueue":[],"_animationSpeed":1,"_zoom":8.986},{"_mousePosition":[873,435],"_rootPartCFrame":[767.011,229.966,46.902,0.097,0,0.995,0,1,0,-0.995,0,0.097],"_humanoidState":5,"_cameraCFrame":[768.556,240.112,45.002,-0.776,-0.607,0.172,0,0.273,0.962,-0.631,0.747,-0.211],"_shiftlockState":false,"_pose":"FreeFall","_animationQueue":[],"_animationSpeed":1,"_zoom":8.986},{"_mousePosition":[873,435],"_rootPartCFrame":[766.748,229.957,46.87,0.109,0,0.994,0,1,0,-0.994,0,0.109],"_humanoidState":5,"_cameraCFrame":[767.887,240.13,44.813,-0.875,-0.467,0.127,0,0.262,0.965,-0.484,0.844,-0.229],"_shiftlockState":false,"_pose":"FreeFall","_animationQueue":[],"_animationSpeed":1,"_zoom":8.986},{"_mousePosition":[873,435],"_rootPartCFrame":[766.483,229.893,46.866,0.092,0,0.996,0,1,0,-0.996,0,0.092],"_humanoidState":5,"_cameraCFrame":[767.221,240.094,44.745,-0.944,-0.318,0.082,0,0.25,0.968,-0.329,0.914,-0.236],"_shiftlockState":false,"_pose":"FreeFall","_animationQueue":[],"_animationSpeed":1,"_zoom":8.986},{"_mousePosition":[873,435],"_rootPartCFrame":[766.221,229.775,46.901,0.05,0,0.999,0,1,0,-0.999,0,0.05],"_humanoidState":5,"_cameraCFrame":[766.649,239.999,44.789,-0.98,-0.193,0.048,0,0.24,0.971,-0.199,0.952,-0.235],"_shiftlockState":false,"_pose":"FreeFall","_animationQueue":[["fall",0.3]],"_animationSpeed":1,"_zoom":8.986},{"_mousePosition":[873,435],"_rootPartCFrame":[765.963,229.603,46.926,0.062,0,0.998,0,1,0,-0.998,0,0.062],"_humanoidState":5,"_cameraCFrame":[766.152,239.843,44.85,-0.996,-0.088,0.021,0,0.232,0.973,-0.091,0.969,-0.231],"_shiftlockState":false,"_pose":"FreeFall","_animationQueue":[],"_animationSpeed":1,"_zoom":8.986},{"_mousePosition":[873,435],"_rootPartCFrame":[765.704,229.375,46.911,0.083,0,0.997,0,1,0,-0.997,0,0.083],"_humanoidState":5,"_cameraCFrame":[765.785,239.625,44.863,-0.999,-0.039,0.009,0,0.228,0.974,-0.04,0.973,-0.228],"_shiftlockState":false,"_pose":"FreeFall","_animationQueue":[],"_animationSpeed":1,"_zoom":8.986},{"_mousePosition":[873,435],"_rootPartCFrame":[765.44,229.094,46.886,0.09,0,0.996,0,1,0,-0.996,0,0.09],"_humanoidState":5,"_cameraCFrame":[765.473,239.348,44.858,-1,-0.016,0.004,0,0.226,0.974,-0.017,0.974,-0.226],"_shiftlockState":false,"_pose":"FreeFall","_animationQueue":[],"_animationSpeed":1,"_zoom":8.986},{"_mousePosition":[873,435],"_rootPartCFrame":[765.173,228.758,46.873,0.086,0,0.996,0,1,0,-0.996,0,0.086],"_humanoidState":5,"_cameraCFrame":[765.205,239.014,44.853,-1,-0.015,0.003,0,0.225,0.974,-0.016,0.974,-0.225],"_shiftlockState":false,"_pose":"FreeFall","_animationQueue":[],"_animationSpeed":1,"_zoom":8.986},{"_mousePosition":[873,435],"_rootPartCFrame":[764.907,228.367,46.868,0.078,0,0.997,0,1,0,-0.997,0,0.078],"_humanoidState":5,"_cameraCFrame":[764.938,238.623,44.847,-1,-0.015,0.003,0,0.225,0.974,-0.016,0.974,-0.225],"_shiftlockState":false,"_pose":"FreeFall","_animationQueue":[],"_animationSpeed":1,"_zoom":8.986},{"_mousePosition":[873,435],"_rootPartCFrame":[764.64,227.922,46.864,0.07,0,0.998,0,1,0,-0.998,0,0.07],"_humanoidState":5,"_cameraCFrame":[764.671,238.178,44.843,-1,-0.015,0.003,0,0.225,0.974,-0.016,0.974,-0.225],"_shiftlockState":false,"_pose":"FreeFall","_animationQueue":[],"_animationSpeed":1,"_zoom":8.986},{"_mousePosition":[873,435],"_rootPartCFrame":[764.373,227.422,46.86,0.062,0,0.998,0,1,0,-0.998,0,0.062],"_humanoidState":5,"_cameraCFrame":[764.405,237.678,44.839,-1,-0.015,0.003,0,0.225,0.974,-0.016,0.974,-0.225],"_shiftlockState":false,"_pose":"FreeFall","_animationQueue":[["fall",0.3]],"_animationSpeed":1,"_zoom":8.986},{"_mousePosition":[873,435],"_rootPartCFrame":[764.107,226.868,46.856,0.056,0,0.998,0,1,0,-0.998,0,0.056],"_humanoidState":5,"_cameraCFrame":[764.138,237.124,44.835,-1,-0.015,0.003,0,0.225,0.974,-0.016,0.974,-0.225],"_shiftlockState":false,"_pose":"FreeFall","_animationQueue":[],"_animationSpeed":1,"_zoom":8.986},{"_mousePosition":[873,435],"_rootPartCFrame":[763.84,226.26,46.851,0.05,0,0.999,0,1,0,-0.999,0,0.05],"_humanoidState":5,"_cameraCFrame":[763.872,236.516,44.831,-1,-0.015,0.003,0,0.225,0.974,-0.016,0.974,-0.225],"_shiftlockState":false,"_pose":"FreeFall","_animationQueue":[],"_animationSpeed":1,"_zoom":8.986},{"_mousePosition":[873,435],"_rootPartCFrame":[763.574,225.597,46.847,0.045,0,0.999,0,1,0,-0.999,0,0.045],"_humanoidState":7,"_cameraCFrame":[763.601,235.852,44.827,-1,-0.013,0.003,0,0.225,0.974,-0.013,0.974,-0.225],"_shiftlockState":false,"_pose":"FreeFall","_animationQueue":[["walk",0.1],["fall",0.3],["fall",0.3]],"_animationSpeed":1,"_zoom":8.986},{"_mousePosition":[873,435],"_rootPartCFrame":[763.307,224.973,46.843,0.041,0,0.999,0,1,0,-0.999,0,0.041],"_humanoidState":7,"_cameraCFrame":[763.33,235.23,44.829,-1,-0.011,0.003,0,0.224,0.975,-0.011,0.975,-0.224],"_shiftlockState":false,"_pose":"FreeFall","_animationQueue":[],"_animationSpeed":1,"_zoom":8.986},{"_mousePosition":[873,435],"_rootPartCFrame":[763.04,224.974,46.839,0.037,0,0.999,0,1,0,-0.999,0,0.037],"_humanoidState":8,"_cameraCFrame":[763.063,235.231,44.826,-1,-0.011,0.003,0,0.224,0.975,-0.011,0.975,-0.224],"_shiftlockState":false,"_pose":"Running","_animationQueue":[["walk",0.1],["fall",0.3],["walk",0.1]],"_animationSpeed":1.103,"_zoom":8.986},{"_mousePosition":[873,435],"_rootPartCFrame":[762.774,225.847,46.836,0.033,0,0.999,0,1,0,-0.999,0,0.033],"_humanoidState":3,"_cameraCFrame":[762.797,236.104,44.822,-1,-0.011,0.003,0,0.224,0.975,-0.011,0.975,-0.224],"_shiftlockState":false,"_pose":"Jumping","_animationQueue":[["walk",0.1],["jump",0.1]],"_animationSpeed":1,"_zoom":8.986},{"_mousePosition":[873,435],"_rootPartCFrame":[762.507,226.669,46.833,0.03,0,1,0,1,0,-1,0,0.03],"_humanoidState":5,"_cameraCFrame":[762.53,236.926,44.819,-1,-0.011,0.003,0,0.224,0.975,-0.011,0.975,-0.224],"_shiftlockState":false,"_pose":"FreeFall","_animationQueue":[["jump",0.1]],"_animationSpeed":1,"_zoom":8.986},{"_mousePosition":[873,435],"_rootPartCFrame":[762.241,227.436,46.83,0.028,0,1,0,1,0,-1,0,0.028],"_humanoidState":5,"_cameraCFrame":[762.263,237.694,44.816,-1,-0.011,0.003,0,0.224,0.975,-0.011,0.975,-0.224],"_shiftlockState":false,"_pose":"FreeFall","_animationQueue":[],"_animationSpeed":1,"_zoom":8.986},{"_mousePosition":[873,435],"_rootPartCFrame":[761.974,228.149,46.827,0.025,0,1,0,1,0,-1,0,0.025],"_humanoidState":5,"_cameraCFrame":[761.997,238.407,44.813,-1,-0.011,0.003,0,0.224,0.975,-0.011,0.975,-0.224],"_shiftlockState":false,"_pose":"FreeFall","_animationQueue":[],"_animationSpeed":1,"_zoom":8.986},{"_mousePosition":[873,435],"_rootPartCFrame":[761.707,228.808,46.824,0.023,0,1,0,1,0,-1,0,0.023],"_humanoidState":5,"_cameraCFrame":[761.73,239.065,44.81,-1,-0.011,0.003,0,0.224,0.975,-0.011,0.975,-0.224],"_shiftlockState":false,"_pose":"FreeFall","_animationQueue":[],"_animationSpeed":1,"_zoom":8.986},{"_mousePosition":[873,435],"_rootPartCFrame":[761.441,229.412,46.821,0.022,0,1,0,1,0,-1,0,0.022],"_humanoidState":5,"_cameraCFrame":[761.48,239.672,44.821,-1,-0.019,0.004,0,0.223,0.975,-0.02,0.975,-0.222],"_shiftlockState":false,"_pose":"FreeFall","_animationQueue":[],"_animationSpeed":1,"_zoom":8.986},{"_mousePosition":[873,435],"_rootPartCFrame":[761.174,229.961,46.818,0.02,0,1,0,1,0,-1,0,0.02],"_humanoidState":5,"_cameraCFrame":[761.278,240.233,44.87,-0.999,-0.052,0.012,0,0.217,0.976,-0.053,0.975,-0.217],"_shiftlockState":false,"_pose":"FreeFall","_animationQueue":[],"_animationSpeed":1,"_zoom":8.986},{"_mousePosition":[873,435],"_rootPartCFrame":[760.908,230.456,46.813,0.02,0,1,0,1,0,-1,0,0.02],"_humanoidState":5,"_cameraCFrame":[761.057,240.733,44.89,-0.997,-0.075,0.017,0,0.215,0.977,-0.077,0.974,-0.214],"_shiftlockState":false,"_pose":"FreeFall","_animationQueue":[],"_animationSpeed":1,"_zoom":8.986},{"_mousePosition":[873,435],"_rootPartCFrame":[760.641,230.897,46.8,0.023,0,1,0,1,0,-1,0,0.023],"_humanoidState":5,"_cameraCFrame":[760.785,240.886,44.94,-0.997,-0.075,0.017,0,0.215,0.977,-0.077,0.974,-0.214],"_shiftlockState":false,"_pose":"FreeFall","_animationQueue":[],"_animationSpeed":1,"_zoom":8.986},{"_mousePosition":[873,435],"_rootPartCFrame":[760.375,231.283,46.78,0.029,0,1,0,1,0,-1,0,0.029],"_humanoidState":5,"_cameraCFrame":[760.513,240.886,45.005,-0.997,-0.075,0.017,0,0.215,0.977,-0.077,0.974,-0.214],"_shiftlockState":false,"_pose":"FreeFall","_animationQueue":[],"_animationSpeed":1,"_zoom":8.986},{"_mousePosition":[873,435],"_rootPartCFrame":[760.109,231.614,46.76,0.036,0,0.999,0,1,0,-0.999,0,0.036],"_humanoidState":5,"_cameraCFrame":[760.241,240.886,45.057,-0.997,-0.075,0.017,0,0.215,0.977,-0.077,0.974,-0.214],"_shiftlockState":false,"_pose":"FreeFall","_animationQueue":[],"_animationSpeed":1,"_zoom":8.986},{"_mousePosition":[873,435],"_rootPartCFrame":[759.844,231.891,46.739,0.041,0,0.999,0,1,0,-0.999,0,0.041],"_humanoidState":5,"_cameraCFrame":[759.971,240.886,45.097,-0.997,-0.075,0.017,0,0.215,0.977,-0.077,0.974,-0.214],"_shiftlockState":false,"_pose":"FreeFall","_animationQueue":[],"_animationSpeed":1,"_zoom":8.986},{"_mousePosition":[873,435],"_rootPartCFrame":[759.578,232.114,46.718,0.046,0,0.999,0,1,0,-0.999,0,0.046],"_humanoidState":5,"_cameraCFrame":[759.701,240.886,45.125,-0.997,-0.075,0.017,0,0.215,0.977,-0.077,0.974,-0.214],"_shiftlockState":false,"_pose":"FreeFall","_animationQueue":[],"_animationSpeed":1,"_zoom":8.986},{"_mousePosition":[873,435],"_rootPartCFrame":[759.312,232.282,46.698,0.051,0,0.999,0,1,0,-0.999,0,0.051],"_humanoidState":5,"_cameraCFrame":[759.432,240.886,45.141,-0.997,-0.075,0.017,0,0.215,0.977,-0.077,0.974,-0.214],"_shiftlockState":false,"_pose":"FreeFall","_animationQueue":[],"_animationSpeed":1,"_zoom":8.986},{"_mousePosition":[873,435],"_rootPartCFrame":[759.046,232.395,46.677,0.055,0,0.999,0,1,0,-0.999,0,0.055],"_humanoidState":5,"_cameraCFrame":[759.165,240.886,45.145,-0.997,-0.075,0.017,0,0.215,0.977,-0.077,0.974,-0.214],"_shiftlockState":false,"_pose":"FreeFall","_animationQueue":[],"_animationSpeed":1,"_zoom":8.986},{"_mousePosition":[873,435],"_rootPartCFrame":[758.78,232.454,46.657,0.058,0,0.998,0,1,0,-0.998,0,0.058],"_humanoidState":5,"_cameraCFrame":[758.898,240.886,45.138,-0.997,-0.075,0.017,0,0.215,0.977,-0.077,0.974,-0.214],"_shiftlockState":false,"_pose":"FreeFall","_animationQueue":[],"_animationSpeed":1,"_zoom":8.986},{"_mousePosition":[873,435],"_rootPartCFrame":[758.514,232.459,46.636,0.06,0,0.998,0,1,0,-0.998,0,0.06],"_humanoidState":5,"_cameraCFrame":[758.632,240.886,45.118,-0.997,-0.075,0.017,0,0.215,0.977,-0.077,0.974,-0.214],"_shiftlockState":false,"_pose":"FreeFall","_animationQueue":[],"_animationSpeed":1,"_zoom":8.986},{"_mousePosition":[873,435],"_rootPartCFrame":[758.248,232.409,46.615,0.063,0,0.998,0,1,0,-0.998,0,0.063],"_humanoidState":5,"_cameraCFrame":[758.367,240.886,45.087,-0.997,-0.075,0.017,0,0.215,0.977,-0.077,0.974,-0.214],"_shiftlockState":false,"_pose":"FreeFall","_animationQueue":[],"_animationSpeed":1,"_zoom":8.986},{"_mousePosition":[873,435],"_rootPartCFrame":[757.982,232.305,46.595,0.065,0,0.998,0,1,0,-0.998,0,0.065],"_humanoidState":5,"_cameraCFrame":[758.105,240.886,45.049,-0.997,-0.077,0.017,0,0.214,0.977,-0.079,0.974,-0.213],"_shiftlockState":false,"_pose":"FreeFall","_animationQueue":[],"_animationSpeed":1,"_zoom":8.986},{"_mousePosition":[873,435],"_rootPartCFrame":[757.717,232.146,46.574,0.067,0,0.998,0,1,0,-0.998,0,0.067],"_humanoidState":5,"_cameraCFrame":[757.889,240.887,45.054,-0.994,-0.11,0.023,0,0.207,0.978,-0.113,0.972,-0.205],"_shiftlockState":false,"_pose":"FreeFall","_animationQueue":[],"_animationSpeed":1,"_zoom":8.986},{"_mousePosition":[873,435],"_rootPartCFrame":[757.451,231.932,46.553,0.068,0,0.998,0,1,0,-0.998,0,0.068],"_humanoidState":5,"_cameraCFrame":[757.678,240.81,45.105,-0.988,-0.152,0.03,0,0.195,0.981,-0.155,0.969,-0.193],"_shiftlockState":false,"_pose":"FreeFall","_animationQueue":[["fall",0.3]],"_animationSpeed":1,"_zoom":8.986},{"_mousePosition":[873,435],"_rootPartCFrame":[757.186,231.664,46.524,0.073,0,0.997,0,1,0,-0.997,0,0.073],"_humanoidState":5,"_cameraCFrame":[757.443,240.804,45.158,-0.983,-0.182,0.033,0,0.179,0.984,-0.185,0.967,-0.176],"_shiftlockState":false,"_pose":"FreeFall","_animationQueue":[],"_animationSpeed":1,"_zoom":8.986},{"_mousePosition":[873,435],"_rootPartCFrame":[756.856,231.252,46.474,0.085,0,0.996,0,1,0,-0.996,0,0.085],"_humanoidState":5,"_cameraCFrame":[757.125,240.672,45.104,-0.981,-0.189,0.033,0,0.174,0.985,-0.192,0.966,-0.17],"_shiftlockState":false,"_pose":"FreeFall","_animationQueue":[],"_animationSpeed":1,"_zoom":8.986},{"_mousePosition":[873,435],"_rootPartCFrame":[756.659,230.965,46.439,0.094,0,0.996,0,1,0,-0.996,0,0.094],"_humanoidState":5,"_cameraCFrame":[756.939,240.62,45.028,-0.981,-0.191,0.034,0,0.174,0.985,-0.194,0.966,-0.17],"_shiftlockState":false,"_pose":"FreeFall","_animationQueue":[],"_animationSpeed":1,"_zoom":8.986},{"_mousePosition":[873,435],"_rootPartCFrame":[756.398,230.533,46.388,0.107,0,0.994,0,1,0,-0.994,0,0.107],"_humanoidState":5,"_cameraCFrame":[756.686,240.371,44.946,-0.981,-0.193,0.034,0,0.174,0.985,-0.196,0.966,-0.17],"_shiftlockState":false,"_pose":"FreeFall","_animationQueue":[],"_animationSpeed":1,"_zoom":8.986},{"_mousePosition":[873,435],"_rootPartCFrame":[756.071,229.917,46.323,0.122,0,0.992,0,1,0,-0.992,0,0.122],"_humanoidState":5,"_cameraCFrame":[756.369,239.905,44.856,-0.98,-0.197,0.035,0,0.174,0.985,-0.2,0.965,-0.17],"_shiftlockState":false,"_pose":"FreeFall","_animationQueue":[],"_animationSpeed":1,"_zoom":8.986},{"_mousePosition":[873,435],"_rootPartCFrame":[755.875,229.507,46.284,0.13,0,0.991,0,1,0,-0.991,0,0.13],"_humanoidState":5,"_cameraCFrame":[756.186,239.604,44.8,-0.979,-0.203,0.036,0,0.174,0.985,-0.206,0.964,-0.17],"_shiftlockState":false,"_pose":"FreeFall","_animationQueue":[],"_animationSpeed":1,"_zoom":8.986},{"_mousePosition":[873,431],"_rootPartCFrame":[755.613,228.912,46.231,0.14,0,0.99,0,1,0,-0.99,0,0.14],"_humanoidState":5,"_cameraCFrame":[755.947,239.258,44.685,-0.977,-0.208,0.037,0,0.176,0.984,-0.211,0.962,-0.172],"_shiftlockState":false,"_pose":"FreeFall","_animationQueue":[["fall",0.3],["fall",0.3],["fall",0.3]],"_animationSpeed":1,"_zoom":8.986},{"_mousePosition":[873,431],"_rootPartCFrame":[755.324,228.82,46.169,0.152,0,0.988,0,1,0,-0.988,0,0.152],"_humanoidState":7,"_cameraCFrame":[755.659,239.166,44.623,-0.977,-0.208,0.037,0,0.176,0.984,-0.211,0.962,-0.172],"_shiftlockState":false,"_pose":"FreeFall","_animationQueue":[["fall",0.3],["walk",0.1],["fall",0.3],["fall",0.3]],"_animationSpeed":1,"_zoom":8.986},{"_mousePosition":[873,431],"_rootPartCFrame":[755.154,228.82,46.132,0.158,0,0.987,0,1,0,-0.987,0,0.158],"_humanoidState":7,"_cameraCFrame":[755.488,239.165,44.587,-0.977,-0.208,0.037,0,0.176,0.984,-0.211,0.962,-0.172],"_shiftlockState":false,"_pose":"FreeFall","_animationQueue":[],"_animationSpeed":1,"_zoom":8.986},{"_mousePosition":[873,431],"_rootPartCFrame":[754.927,228.82,46.083,0.166,0,0.986,0,1,0,-0.986,0,0.166],"_humanoidState":8,"_cameraCFrame":[755.261,239.165,44.537,-0.977,-0.208,0.037,0,0.176,0.984,-0.211,0.962,-0.172],"_shiftlockState":false,"_pose":"Running","_animationQueue":[["walk",0.1],["fall",0.3],["walk",0.1]],"_animationSpeed":0.961,"_zoom":8.986},{"_mousePosition":[873,431],"_rootPartCFrame":[754.7,228.82,46.034,0.172,0,0.985,0,1,0,-0.985,0,0.172],"_humanoidState":8,"_cameraCFrame":[755.034,239.165,44.488,-0.977,-0.208,0.037,0,0.176,0.984,-0.211,0.962,-0.172],"_shiftlockState":false,"_pose":"Running","_animationQueue":[],"_animationSpeed":0.961,"_zoom":8.986},{"_mousePosition":[873,431],"_rootPartCFrame":[754.479,228.82,45.986,0.177,0,0.984,0,1,0,-0.984,0,0.177],"_humanoidState":8,"_cameraCFrame":[754.819,239.169,44.463,-0.976,-0.214,0.038,0,0.174,0.985,-0.218,0.961,-0.169],"_shiftlockState":false,"_pose":"Running","_animationQueue":[],"_animationSpeed":0.961,"_zoom":8.986},{"_mousePosition":[873,431],"_rootPartCFrame":[754.16,228.82,45.917,0.184,0,0.983,0,1,0,-0.983,0,0.184],"_humanoidState":8,"_cameraCFrame":[754.52,239.169,44.399,-0.973,-0.227,0.04,0,0.174,0.985,-0.231,0.958,-0.169],"_shiftlockState":false,"_pose":"Running","_animationQueue":[],"_animationSpeed":0.961,"_zoom":8.986},{"_mousePosition":[873,431],"_rootPartCFrame":[754.053,228.82,45.893,0.186,0,0.982,0,1,0,-0.982,0,0.186],"_humanoidState":8,"_cameraCFrame":[754.431,239.169,44.379,-0.97,-0.238,0.042,0,0.174,0.985,-0.242,0.956,-0.168],"_shiftlockState":false,"_pose":"Running","_animationQueue":[["walk",0.1]],"_animationSpeed":0.9,"_zoom":8.986},{"_mousePosition":[873,431],"_rootPartCFrame":[753.788,229.89,45.835,0.192,0,0.981,0,1,0,-0.981,0,0.192],"_humanoidState":3,"_cameraCFrame":[754.178,240.239,44.324,-0.968,-0.246,0.043,0,0.174,0.985,-0.25,0.953,-0.168],"_shiftlockState":false,"_pose":"Jumping","_animationQueue":[["walk",0.1],["walk",0.1],["jump",0.1]],"_animationSpeed":1,"_zoom":8.986},{"_mousePosition":[873,431],"_rootPartCFrame":[753.615,230.491,45.794,0.196,0,0.981,0,1,0,-0.981,0,0.196],"_humanoidState":5,"_cameraCFrame":[754.026,240.84,44.289,-0.965,-0.259,0.046,0,0.174,0.985,-0.263,0.95,-0.168],"_shiftlockState":false,"_pose":"FreeFall","_animationQueue":[["jump",0.1]],"_animationSpeed":1,"_zoom":8.986},{"_mousePosition":[873,431],"_rootPartCFrame":[753.36,231.245,45.729,0.203,0,0.979,0,1,0,-0.979,0,0.203],"_humanoidState":5,"_cameraCFrame":[753.787,241.594,44.228,-0.962,-0.269,0.047,0,0.174,0.985,-0.273,0.947,-0.167],"_shiftlockState":false,"_pose":"FreeFall","_animationQueue":[],"_animationSpeed":1,"_zoom":8.986},{"_mousePosition":[873,431],"_rootPartCFrame":[753.103,231.944,45.659,0.211,0,0.977,0,1,0,-0.977,0,0.211],"_humanoidState":5,"_cameraCFrame":[753.537,242.294,44.161,-0.96,-0.274,0.048,0,0.174,0.985,-0.278,0.946,-0.167],"_shiftlockState":false,"_pose":"FreeFall","_animationQueue":[],"_animationSpeed":1,"_zoom":8.986},{"_mousePosition":[873,431],"_rootPartCFrame":[752.846,232.589,45.587,0.219,0,0.976,0,1,0,-0.976,0,0.219],"_humanoidState":5,"_cameraCFrame":[753.281,242.939,44.088,-0.96,-0.274,0.048,0,0.174,0.985,-0.278,0.946,-0.167],"_shiftlockState":false,"_pose":"FreeFall","_animationQueue":[],"_animationSpeed":1,"_zoom":8.986},{"_mousePosition":[873,431],"_rootPartCFrame":[752.59,233.18,45.513,0.227,0,0.974,0,1,0,-0.974,0,0.227],"_humanoidState":5,"_cameraCFrame":[753.024,243.529,44.014,-0.96,-0.274,0.048,0,0.174,0.985,-0.278,0.946,-0.167],"_shiftlockState":false,"_pose":"FreeFall","_animationQueue":[],"_animationSpeed":1,"_zoom":8.986},{"_mousePosition":[873,431],"_rootPartCFrame":[752.334,233.715,45.439,0.235,0,0.972,0,1,0,-0.972,0,0.235],"_humanoidState":5,"_cameraCFrame":[752.768,244.065,43.94,-0.96,-0.274,0.048,0,0.174,0.985,-0.278,0.946,-0.167],"_shiftlockState":false,"_pose":"FreeFall","_animationQueue":[],"_animationSpeed":1,"_zoom":8.986},{"_mousePosition":[873,431],"_rootPartCFrame":[752.078,234.197,45.364,0.241,0,0.971,0,1,0,-0.971,0,0.241],"_humanoidState":5,"_cameraCFrame":[752.512,244.546,43.866,-0.96,-0.274,0.048,0,0.174,0.985,-0.278,0.946,-0.167],"_shiftlockState":false,"_pose":"FreeFall","_animationQueue":[],"_animationSpeed":1,"_zoom":8.986},{"_mousePosition":[873,431],"_rootPartCFrame":[751.822,234.624,45.29,0.246,0,0.969,0,1,0,-0.969,0,0.246],"_humanoidState":5,"_cameraCFrame":[752.256,244.973,43.791,-0.96,-0.274,0.048,0,0.174,0.985,-0.278,0.946,-0.167],"_shiftlockState":false,"_pose":"FreeFall","_animationQueue":[],"_animationSpeed":1,"_zoom":8.986},{"_mousePosition":[873,431],"_rootPartCFrame":[751.565,234.996,45.216,0.251,0,0.968,0,1,0,-0.968,0,0.251],"_humanoidState":5,"_cameraCFrame":[751.998,245.346,43.717,-0.961,-0.273,0.048,0,0.174,0.985,-0.277,0.946,-0.167],"_shiftlockState":false,"_pose":"FreeFall","_animationQueue":[],"_animationSpeed":1,"_zoom":8.986},{"_mousePosition":[873,431],"_rootPartCFrame":[751.245,235.385,45.123,0.256,0,0.967,0,1,0,-0.967,0,0.256],"_humanoidState":5,"_cameraCFrame":[751.667,245.734,43.621,-0.963,-0.266,0.047,0,0.174,0.985,-0.27,0.948,-0.167],"_shiftlockState":false,"_pose":"FreeFall","_animationQueue":[],"_animationSpeed":1,"_zoom":8.986},{"_mousePosition":[873,431],"_rootPartCFrame":[751.053,235.577,45.067,0.258,0,0.966,0,1,0,-0.966,0,0.258],"_humanoidState":5,"_cameraCFrame":[751.458,245.927,43.56,-0.966,-0.255,0.045,0,0.174,0.985,-0.259,0.951,-0.168],"_shiftlockState":false,"_pose":"FreeFall","_animationQueue":[],"_animationSpeed":1,"_zoom":8.986},{"_mousePosition":[873,431],"_rootPartCFrame":[750.797,235.786,44.995,0.26,0,0.966,0,1,0,-0.966,0,0.26],"_humanoidState":5,"_cameraCFrame":[751.187,246.136,43.484,-0.968,-0.246,0.043,0,0.174,0.985,-0.25,0.953,-0.168],"_shiftlockState":false,"_pose":"FreeFall","_animationQueue":[],"_animationSpeed":1,"_zoom":8.986},{"_mousePosition":[873,431],"_rootPartCFrame":[750.539,235.941,44.925,0.261,0,0.965,0,1,0,-0.965,0,0.261],"_humanoidState":5,"_cameraCFrame":[750.904,246.29,43.408,-0.972,-0.23,0.041,0,0.174,0.985,-0.234,0.957,-0.169],"_shiftlockState":false,"_pose":"FreeFall","_animationQueue":[],"_animationSpeed":1,"_zoom":8.986},{"_mousePosition":[873,431],"_rootPartCFrame":[750.281,236.041,44.858,0.26,0,0.966,0,1,0,-0.966,0,0.26],"_humanoidState":5,"_cameraCFrame":[750.6,246.389,43.324,-0.979,-0.2,0.035,0,0.174,0.985,-0.203,0.964,-0.171],"_shiftlockState":false,"_pose":"FreeFall","_animationQueue":[],"_animationSpeed":1,"_zoom":8.986},{"_mousePosition":[873,431],"_rootPartCFrame":[750.022,236.086,44.795,0.257,0,0.966,0,1,0,-0.966,0,0.257],"_humanoidState":5,"_cameraCFrame":[750.29,246.428,43.215,-0.986,-0.165,0.03,0,0.178,0.984,-0.167,0.97,-0.176],"_shiftlockState":false,"_pose":"FreeFall","_animationQueue":[],"_animationSpeed":1,"_zoom":8.986},{"_mousePosition":[873,431],"_rootPartCFrame":[749.761,236.077,44.74,0.251,0,0.968,0,1,0,-0.968,0,0.251],"_humanoidState":5,"_cameraCFrame":[749.968,246.41,43.1,-0.992,-0.123,0.023,0,0.184,0.983,-0.125,0.975,-0.183],"_shiftlockState":false,"_pose":"FreeFall","_animationQueue":[],"_animationSpeed":1,"_zoom":8.986},{"_mousePosition":[873,431],"_rootPartCFrame":[749.499,236.013,44.694,0.241,0,0.97,0,1,0,-0.97,0,0.241],"_humanoidState":5,"_cameraCFrame":[749.635,246.336,42.996,-0.997,-0.079,0.015,0,0.19,0.982,-0.08,0.979,-0.189],"_shiftlockState":false,"_pose":"FreeFall","_animationQueue":[],"_animationSpeed":1,"_zoom":8.986},{"_mousePosition":[873,431],"_rootPartCFrame":[749.334,236.001,44.67,0.227,0,0.974,0,1,0,-0.974,0,0.227],"_humanoidState":7,"_cameraCFrame":[749.406,246.316,42.926,-0.999,-0.041,0.008,0,0.194,0.981,-0.041,0.98,-0.194],"_shiftlockState":false,"_pose":"FreeFall","_animationQueue":[["walk",0.1]],"_animationSpeed":1.103,"_zoom":8.986},{"_mousePosition":[873,431],"_rootPartCFrame":[749.201,236.001,44.659,0.209,0,0.978,0,1,0,-0.978,0,0.209],"_humanoidState":7,"_cameraCFrame":[749.22,246.31,42.885,-1,-0.011,0.002,0,0.197,0.98,-0.011,0.98,-0.197],"_shiftlockState":false,"_pose":"FreeFall","_animationQueue":[["fall",0.3]],"_animationSpeed":1,"_zoom":8.986},{"_mousePosition":[873,431],"_rootPartCFrame":[749.067,236.001,44.652,0.188,0,0.982,0,1,0,-0.982,0,0.188],"_humanoidState":8,"_cameraCFrame":[749.053,246.304,42.85,-1,0.008,-0.002,0,0.201,0.98,0.008,0.98,-0.201],"_shiftlockState":false,"_pose":"Running","_animationQueue":[["walk",0.1],["fall",0.3],["walk",0.1]],"_animationSpeed":0.553,"_zoom":8.986},{"_mousePosition":[873,431],"_rootPartCFrame":[748.901,237.084,44.645,0.161,0,0.987,0,1,0,-0.987,0,0.161],"_humanoidState":3,"_cameraCFrame":[748.864,247.385,42.829,-1,0.02,-0.004,0,0.202,0.979,0.02,0.979,-0.202],"_shiftlockState":false,"_pose":"Jumping","_animationQueue":[["walk",0.1],["jump",0.1]],"_animationSpeed":1,"_zoom":8.986},{"_mousePosition":[873,431],"_rootPartCFrame":[748.786,237.696,44.642,0.144,0,0.99,0,1,0,-0.99,0,0.144],"_humanoidState":5,"_cameraCFrame":[748.741,247.995,42.819,-1,0.024,-0.005,0,0.203,0.979,0.025,0.979,-0.203],"_shiftlockState":false,"_pose":"FreeFall","_animationQueue":[["jump",0.1]],"_animationSpeed":1,"_zoom":8.986},{"_mousePosition":[873,431],"_rootPartCFrame":[748.598,238.463,44.64,0.122,0,0.993,0,1,0,-0.993,0,0.122],"_humanoidState":5,"_cameraCFrame":[748.551,248.762,42.817,-1,0.025,-0.005,0,0.203,0.979,0.026,0.979,-0.203],"_shiftlockState":false,"_pose":"FreeFall","_animationQueue":[],"_animationSpeed":1,"_zoom":8.986},{"_mousePosition":[873,431],"_rootPartCFrame":[748.535,238.622,44.641,0.038,-0.002,0.999,0.006,1,0.001,-0.999,0.006,0.038],"_humanoidState":5,"_cameraCFrame":[748.485,248.921,42.827,-1,0.025,-0.005,0,0.203,0.979,0.026,0.979,-0.203],"_shiftlockState":false,"_pose":"FreeFall","_animationQueue":[],"_animationSpeed":1,"_zoom":8.986},{"_mousePosition":[873,431],"_rootPartCFrame":[748.443,238.586,44.642,-0.009,0.036,0.999,-0.001,0.999,-0.036,-1,-0.002,-0.009],"_humanoidState":7,"_cameraCFrame":[748.451,248.884,42.816,-1,0.025,-0.005,0,0.203,0.979,0.026,0.979,-0.203],"_shiftlockState":false,"_pose":"FreeFall","_animationQueue":[["walk",0.1]],"_animationSpeed":0.12,"_zoom":8.986},{"_mousePosition":[873,431],"_rootPartCFrame":[748.432,238.586,44.639,-0.011,0.009,1,-0.001,1,-0.009,-1,-0.001,-0.011],"_humanoidState":7,"_cameraCFrame":[748.399,248.884,42.815,-1,0.025,-0.005,0,0.203,0.979,0.026,0.979,-0.203],"_shiftlockState":false,"_pose":"FreeFall","_animationQueue":[],"_animationSpeed":0.12,"_zoom":8.986},{"_mousePosition":[873,431],"_rootPartCFrame":[748.433,238.586,44.593,0.005,0.008,1,0,1,-0.008,-1,0,0.005],"_humanoidState":8,"_cameraCFrame":[748.397,248.883,42.763,-1,0.025,-0.005,0,0.204,0.979,0.026,0.979,-0.204],"_shiftlockState":false,"_pose":"Running","_animationQueue":[["walk",0.1]],"_animationSpeed":0.033,"_zoom":8.986},{"_mousePosition":[873,431],"_rootPartCFrame":[748.433,238.586,44.546,0.006,0.007,1,0.001,1,-0.007,-1,0.001,0.006],"_humanoidState":8,"_cameraCFrame":[748.397,248.883,42.717,-1,0.025,-0.005,0,0.204,0.979,0.026,0.979,-0.204],"_shiftlockState":false,"_pose":"Running","_animationQueue":[["walk",0.1]],"_animationSpeed":0.258,"_zoom":8.986},{"_mousePosition":[873,431],"_rootPartCFrame":[748.434,238.613,44.501,0.007,0.006,1,0.003,1,-0.006,-1,0.003,0.007],"_humanoidState":8,"_cameraCFrame":[748.396,248.911,42.675,-1,0.025,-0.005,0,0.204,0.979,0.026,0.979,-0.204],"_shiftlockState":false,"_pose":"Running","_animationQueue":[["walk",0.1]],"_animationSpeed":0.183,"_zoom":8.986},{"_mousePosition":[873,431],"_rootPartCFrame":[748.434,238.637,44.454,0.009,0.006,1,0.004,1,-0.006,-1,0.004,0.009],"_humanoidState":8,"_cameraCFrame":[748.396,248.934,42.631,-1,0.025,-0.005,0,0.204,0.979,0.026,0.979,-0.204],"_shiftlockState":false,"_pose":"Running","_animationQueue":[],"_animationSpeed":0.183,"_zoom":8.986},{"_mousePosition":[873,431],"_rootPartCFrame":[748.435,238.654,44.409,0.01,0.005,1,0.004,1,-0.005,-1,0.004,0.01],"_humanoidState":8,"_cameraCFrame":[746.646,248.951,42.63,-1,0.025,-0.005,0,0.204,0.979,0.026,0.979,-0.204],"_shiftlockState":true,"_pose":"Running","_animationQueue":[],"_animationSpeed":0.183,"_zoom":8.986},{"_mousePosition":[683,384],"_rootPartCFrame":[748.384,238.651,44.049,-0.997,0.003,-0.075,0.005,1,-0.019,0.075,-0.019,-0.997],"_humanoidState":8,"_cameraCFrame":[746.592,248.948,42.235,-1,0.025,-0.005,0,0.204,0.979,0.026,0.979,-0.204],"_shiftlockState":true,"_pose":"Running","_animationQueue":[["walk",0.1]],"_animationSpeed":0.183,"_zoom":8.986},{"_mousePosition":[683,384],"_rootPartCFrame":[748.318,238.861,43.971,-0.994,0.001,-0.107,0.002,1,-0.018,0.107,-0.018,-0.994],"_humanoidState":8,"_cameraCFrame":[746.523,249.158,42.158,-1,0.025,-0.005,0,0.204,0.979,0.026,0.979,-0.204],"_shiftlockState":true,"_pose":"Running","_animationQueue":[["walk",0.1]],"_animationSpeed":0.408,"_zoom":8.986},{"_mousePosition":[683,384],"_rootPartCFrame":[748.252,239.11,43.906,-0.992,0,-0.125,0.001,1,-0.006,0.125,-0.006,-0.992],"_humanoidState":8,"_cameraCFrame":[746.455,249.407,42.112,-1,0.025,-0.005,0,0.204,0.979,0.026,0.979,-0.204],"_shiftlockState":true,"_pose":"Running","_animationQueue":[],"_animationSpeed":0.408,"_zoom":8.986},{"_mousePosition":[683,384],"_rootPartCFrame":[748.185,239.36,43.842,-0.991,0,-0.131,0,1,0.001,0.131,0.001,-0.991],"_humanoidState":8,"_cameraCFrame":[746.389,249.657,42.057,-1,0.025,-0.005,0,0.204,0.979,0.026,0.979,-0.204],"_shiftlockState":true,"_pose":"Running","_animationQueue":[["walk",0.1]],"_animationSpeed":0.382,"_zoom":8.986},{"_mousePosition":[683,384],"_rootPartCFrame":[748.118,240.243,43.777,-0.991,0,-0.132,0,1,0.004,0.132,0.004,-0.991],"_humanoidState":3,"_cameraCFrame":[746.321,250.539,41.99,-1,0.025,-0.005,0,0.205,0.979,0.026,0.979,-0.204],"_shiftlockState":true,"_pose":"Jumping","_animationQueue":[["walk",0.1],["jump",0.1]],"_animationSpeed":1,"_zoom":8.986},{"_mousePosition":[683,384],"_rootPartCFrame":[748.069,241.092,43.729,-0.998,0,-0.059,0,1,0.003,0.059,0.003,-0.998],"_humanoidState":5,"_cameraCFrame":[746.268,251.369,41.85,-1,0.026,-0.006,0,0.215,0.977,0.027,0.976,-0.215],"_shiftlockState":true,"_pose":"FreeFall","_animationQueue":[["jump",0.1]],"_animationSpeed":1,"_zoom":8.986},{"_mousePosition":[683,384],"_rootPartCFrame":[748.048,241.887,43.708,-1,0,-0.031,0,1,0.001,0.031,0.001,-1],"_humanoidState":5,"_cameraCFrame":[746.244,252.141,41.727,-1,0.026,-0.006,0,0.226,0.974,0.027,0.974,-0.226],"_shiftlockState":true,"_pose":"FreeFall","_animationQueue":[],"_animationSpeed":1,"_zoom":8.986},{"_mousePosition":[683,384],"_rootPartCFrame":[748.046,242.804,43.706,-1,0,-0.027,0,1,0,0.027,0,-1],"_humanoidState":5,"