[{"_mousePosition":[635,298],"_rootPartCFrame":[776.029,222.7,47.142,0.002,0,1,0,1,0,-1,0,0.002],"_humanoidState":8,"_cameraCFrame":[775.673,231.23,45.286,-0.982,0.182,-0.049,0,0.26,0.966,0.188,0.948,-0.255],"_shiftlockState":false,"_pose":"Standing","_animationQueue":[],"_animationSpeed":1,"_zoom":7.28},{"_mousePosition":[635,298],"_rootPartCFrame":[775.786,222.695,47.185,-0.023,0,1,0,1,0,-1,0,-0.023],"_humanoidState":8,"_cameraCFrame":[775.415,231.237,45.375,-0.98,0.194,-0.051,0,0.254,0.967,0.201,0.948,-0.249],"_shiftlockState":false,"_pose":"Standing","_animationQueue":[],"_animationSpeed":1,"_zoom":7.28},{"_mousePosition":[635,298],"_rootPartCFrame":[775.656,222.696,47.21,-0.034,0,0.999,0,1,0,-0.999,0,-0.034],"_humanoidState":8,"_cameraCFrame":[775.274,231.252,45.458,-0.977,0.207,-0.053,0,0.246,0.969,0.213,0.947,-0.241],"_shiftlockState":false,"_pose":"Running","_animationQueue":[["walk",0.1]],"_animationSpeed":1.066,"_zoom":7.28},{"_mousePosition":[635,298],"_rootPartCFrame":[775.264,222.698,47.29,-0.068,0,0.998,0,1,0,-0.998,0,-0.068],"_humanoidState":8,"_cameraCFrame":[774.869,231.264,45.583,-0.974,0.219,-0.054,0,0.241,0.971,0.225,0.946,-0.234],"_shiftlockState":false,"_pose":"Running","_animationQueue":[["walk",0.1]],"_animationSpeed":1.066,"_zoom":7.28},{"_mousePosition":[635,298],"_rootPartCFrame":[775.134,222.699,47.318,-0.078,0,0.997,0,1,0,-0.997,0,-0.078],"_humanoidState":8,"_cameraCFrame":[774.731,231.275,45.655,-0.972,0.229,-0.055,0,0.235,0.972,0.235,0.945,-0.228],"_shiftlockState":false,"_pose":"Running","_animationQueue":[],"_animationSpeed":1.066,"_zoom":7.28},{"_mousePosition":[635,298],"_rootPartCFrame":[774.874,222.699,47.378,-0.098,0,0.995,0,1,0,-0.995,0,-0.098],"_humanoidState":8,"_cameraCFrame":[774.465,231.282,45.745,-0.97,0.236,-0.056,0,0.231,0.973,0.243,0.944,-0.224],"_shiftlockState":false,"_pose":"Running","_animationQueue":[],"_animationSpeed":1.066,"_zoom":7.28},{"_mousePosition":[635,298],"_rootPartCFrame":[774.615,222.699,47.441,-0.116,0,0.993,0,1,0,-0.993,0,-0.116],"_humanoidState":8,"_cameraCFrame":[774.2,231.292,45.852,-0.968,0.246,-0.057,0,0.226,0.974,0.253,0.943,-0.218],"_shiftlockState":false,"_pose":"Running","_animationQueue":[],"_animationSpeed":1.066,"_zoom":7.28},{"_mousePosition":[635,298],"_rootPartCFrame":[774.356,222.699,47.505,-0.133,0,0.991,0,1,0,-0.991,0,-0.133],"_humanoidState":8,"_cameraCFrame":[773.936,231.305,45.975,-0.964,0.258,-0.058,0,0.218,0.976,0.265,0.941,-0.21],"_shiftlockState":false,"_pose":"Running","_animationQueue":[],"_animationSpeed":1.066,"_zoom":7.28},{"_mousePosition":[635,298],"_rootPartCFrame":[773.969,222.7,47.606,-0.158,0,0.988,0,1,0,-0.988,0,-0.158],"_humanoidState":8,"_cameraCFrame":[773.541,231.317,46.136,-0.96,0.273,-0.059,0,0.21,0.978,0.279,0.939,-0.202],"_shiftlockState":false,"_pose":"Running","_animationQueue":[],"_animationSpeed":1.066,"_zoom":7.28},{"_mousePosition":[635,298],"_rootPartCFrame":[773.84,222.7,47.641,-0.165,0,0.986,0,1,0,-0.986,0,-0.165],"_humanoidState":8,"_cameraCFrame":[771.734,231.329,46.745,-0.956,0.288,-0.06,0,0.203,0.979,0.294,0.936,-0.194],"_shiftlockState":true,"_pose":"Running","_animationQueue":[],"_animationSpeed":1.066,"_zoom":7.28},{"_mousePosition":[683,384],"_rootPartCFrame":[773.456,222.7,47.753,-0.897,0,-0.443,0,1,0,0.443,0,-0.897],"_humanoidState":8,"_cameraCFrame":[771.349,231.329,46.856,-0.956,0.288,-0.06,0,0.203,0.979,0.294,0.936,-0.194],"_shiftlockState":true,"_pose":"Running","_animationQueue":[["walk",0.1]],"_animationSpeed":1.066,"_zoom":7.28},{"_mousePosition":[683,384],"_rootPartCFrame":[773.265,222.7,47.811,-0.948,0,-0.319,0,1,0,0.319,0,-0.948],"_humanoidState":8,"_cameraCFrame":[771.162,231.334,46.952,-0.954,0.293,-0.059,0,0.199,0.98,0.299,0.935,-0.19],"_shiftlockState":true,"_pose":"Running","_animationQueue":[],"_animationSpeed":1.066,"_zoom":7.28},{"_mousePosition":[683,384],"_rootPartCFrame":[772.946,222.7,47.909,-0.953,0,-0.303,0,1,0,0.303,0,-0.953],"_humanoidState":8,"_cameraCFrame":[770.848,231.337,47.063,-0.954,0.293,-0.059,0,0.197,0.98,0.299,0.936,-0.188],"_shiftlockState":true,"_pose":"Running","_animationQueue":[],"_animationSpeed":1.066,"_zoom":7.28},{"_mousePosition":[683,384],"_rootPartCFrame":[772.755,222.7,47.968,-0.954,0,-0.299,0,1,0,0.299,0,-0.954],"_humanoidState":8,"_cameraCFrame":[770.657,231.337,47.123,-0.954,0.293,-0.059,0,0.197,0.98,0.299,0.936,-0.188],"_shiftlockState":true,"_pose":"Running","_animationQueue":[],"_animationSpeed":1.066,"_zoom":7.28},{"_mousePosition":[683,384],"_rootPartCFrame":[772.501,222.7,48.048,-0.954,0,-0.299,0,1,0,0.299,0,-0.954],"_humanoidState":8,"_cameraCFrame":[770.402,231.337,47.202,-0.954,0.293,-0.059,0,0.197,0.98,0.299,0.936,-0.188],"_shiftlockState":true,"_pose":"Running","_animationQueue":[],"_animationSpeed":1.066,"_zoom":7.28},{"_mousePosition":[683,384],"_rootPartCFrame":[772.183,222.7,48.147,-0.954,0,-0.299,0,1,0,0.299,0,-0.954],"_humanoidState":8,"_cameraCFrame":[770.084,231.337,47.302,-0.954,0.293,-0.059,0,0.197,0.98,0.299,0.936,-0.188],"_shiftlockState":true,"_pose":"Running","_animationQueue":[],"_animationSpeed":1.066,"_zoom":7.28},{"_mousePosition":[683,384],"_rootPartCFrame":[771.928,222.7,48.227,-0.954,0,-0.299,0,1,0,0.299,0,-0.954],"_humanoidState":8,"_cameraCFrame":[769.83,231.337,47.382,-0.954,0.293,-0.059,0,0.197,0.98,0.299,0.936,-0.188],"_shiftlockState":true,"_pose":"Running","_animationQueue":[["walk",0.1]],"_animationSpeed":1.066,"_zoom":7.28},{"_mousePosition":[683,384],"_rootPartCFrame":[771.674,222.7,48.307,-0.954,0,-0.299,0,1,0,0.299,0,-0.954],"_humanoidState":8,"_cameraCFrame":[769.58,231.34,47.475,-0.954,0.293,-0.058,0,0.195,0.981,0.299,0.936,-0.186],"_shiftlockState":true,"_pose":"Running","_animationQueue":[],"_animationSpeed":1.066,"_zoom":7.28},{"_mousePosition":[683,384],"_rootPartCFrame":[771.419,222.7,48.386,-0.954,0,-0.299,0,1,0,0.299,0,-0.954],"_humanoidState":8,"_cameraCFrame":[769.329,231.343,47.567,-0.954,0.293,-0.058,0,0.193,0.981,0.299,0.936,-0.184],"_shiftlockState":true,"_pose":"Running","_animationQueue":[],"_animationSpeed":1.066,"_zoom":7.28},{"_mousePosition":[683,384],"_rootPartCFrame":[771.165,222.7,48.466,-0.954,0,-0.299,0,1,0,0.299,0,-0.954],"_humanoidState":8,"_cameraCFrame":[769.079,231.345,47.66,-0.954,0.293,-0.057,0,0.191,0.982,0.299,0.937,-0.182],"_shiftlockState":true,"_pose":"Running","_animationQueue":[],"_animationSpeed":1.066,"_zoom":7.28},{"_mousePosition":[683,384],"_rootPartCFrame":[770.911,222.7,48.546,-0.954,0,-0.299,0,1,0,0.299,0,-0.954],"_humanoidState":8,"_cameraCFrame":[768.839,231.351,47.751,-0.957,0.286,-0.055,0,0.187,0.982,0.291,0.94,-0.179],"_shiftlockState":true,"_pose":"Running","_animationQueue":[],"_animationSpeed":1.066,"_zoom":7.28},{"_mousePosition":[683,384],"_rootPartCFrame":[770.656,222.7,48.625,-0.957,0,-0.291,0,1,0,0.291,0,-0.957],"_humanoidState":8,"_cameraCFrame":[768.609,231.356,47.816,-0.962,0.267,-0.05,0,0.184,0.983,0.272,0.946,-0.177],"_shiftlockState":true,"_pose":"Running","_animationQueue":[],"_animationSpeed":1.066,"_zoom":7.28},{"_mousePosition":[683,384],"_rootPartCFrame":[770.401,222.7,48.704,-0.962,0,-0.272,0,1,0,0.272,0,-0.962],"_humanoidState":8,"_cameraCFrame":[768.411,231.369,47.864,-0.974,0.222,-0.039,0,0.174,0.985,0.225,0.959,-0.17],"_shiftlockState":true,"_pose":"Running","_animationQueue":[["walk",0.1]],"_animationSpeed":1.066,"_zoom":7.28},{"_mousePosition":[683,384],"_rootPartCFrame":[770.145,222.7,48.777,-0.974,0,-0.226,0,1,0,0.226,0,-0.974],"_humanoidState":8,"_cameraCFrame":[768.19,231.369,47.86,-0.983,0.183,-0.032,0,0.174,0.985,0.186,0.968,-0.171],"_shiftlockState":true,"_pose":"Running","_animationQueue":[],"_animationSpeed":1.066,"_zoom":7.28},{"_mousePosition":[683,384],"_rootPartCFrame":[769.888,222.666,48.849,-0.983,0,-0.186,0,1,0,0.186,0,-0.983],"_humanoidState":8,"_cameraCFrame":[767.975,231.335,47.849,-0.99,0.141,-0.025,0,0.174,0.985,0.143,0.975,-0.172],"_shiftlockState":true,"_pose":"Running","_animationQueue":[],"_animationSpeed":1.066,"_zoom":7.28},{"_mousePosition":[683,384],"_rootPartCFrame":[769.696,222.604,48.904,-0.99,0,-0.143,0,1,0,0.143,0,-0.99],"_humanoidState":8,"_cameraCFrame":[767.819,231.274,47.837,-0.994,0.107,-0.019,0,0.174,0.985,0.108,0.979,-0.173],"_shiftlockState":true,"_pose":"Running","_animationQueue":[],"_animationSpeed":1.066,"_zoom":7.28},{"_mousePosition":[683,384],"_rootPartCFrame":[769.375,223.674,48.995,-0.994,0,-0.108,0,1,0,0.108,0,-0.994],"_humanoidState":3,"_cameraCFrame":[767.535,232.344,47.866,-0.997,0.074,-0.013,0,0.174,0.985,0.076,0.982,-0.173],"_shiftlockState":true,"_pose":"Jumping","_animationQueue":[["walk",0.1],["jump",0.1]],"_animationSpeed":1,"_zoom":7.28},{"_mousePosition":[683,384],"_rootPartCFrame":[769.18,224.276,49.034,-1,0,-0.013,0,1,0,0.013,0,-1],"_humanoidState":5,"_cameraCFrame":[767.363,232.945,47.869,-0.998,0.054,-0.01,0,0.174,0.985,0.055,0.983,-0.173],"_shiftlockState":true,"_pose":"FreeFall","_animationQueue":[["jump",0.1]],"_animationSpeed":1,"_zoom":7.28},{"_mousePosition":[683,384],"_rootPartCFrame":[768.915,225.029,49.06,-0.998,0,0.07,0,1,0,-0.07,0,-0.998],"_humanoidState":5,"_cameraCFrame":[767.109,233.699,47.876,-0.999,0.045,-0.008,0,0.174,0.985,0.045,0.984,-0.173],"_shiftlockState":true,"_pose":"FreeFall","_animationQueue":[],"_animationSpeed":1,"_zoom":7.28},{"_mousePosition":[683,384],"_rootPartCFrame":[768.648,225.729,49.075,-0.996,0,0.087,0,1,0,-0.087,0,-0.996],"_humanoidState":5,"_cameraCFrame":[766.843,234.398,47.892,-0.999,0.045,-0.008,0,0.174,0.985,0.045,0.984,-0.173],"_shiftlockState":true,"_pose":"FreeFall","_animationQueue":[],"_animationSpeed":1,"_zoom":7.28},{"_mousePosition":[683,384],"_rootPartCFrame":[768.382,226.374,49.088,-0.996,0,0.088,0,1,0,-0.088,0,-0.996],"_humanoidState":5,"_cameraCFrame":[766.577,235.043,47.904,-0.999,0.045,-0.008,0,0.174,0.985,0.045,0.984,-0.173],"_shiftlockState":true,"_pose":"FreeFall","_animationQueue":[],"_animationSpeed":1,"_zoom":7.28},{"_mousePosition":[683,384],"_rootPartCFrame":[768.116,226.964,49.1,-0.996,0,0.088,0,1,0,-0.088,0,-0.996],"_humanoidState":5,"_cameraCFrame":[766.31,235.634,47.916,-0.999,0.045,-0.008,0,0.174,0.985,0.045,0.984,-0.173],"_shiftlockState":true,"_pose":"FreeFall","_animationQueue":[],"_animationSpeed":1,"_zoom":7.28},{"_mousePosition":[683,384],"_rootPartCFrame":[767.849,227.5,49.112,-0.996,0,0.088,0,1,0,-0.088,0,-0.996],"_humanoidState":5,"_cameraCFrame":[766.044,236.169,47.928,-0.999,0.045,-0.008,0,0.174,0.985,0.045,0.984,-0.173],"_shiftlockState":true,"_pose":"FreeFall","_animationQueue":[],"_animationSpeed":1,"_zoom":7.28},{"_mousePosition":[683,384],"_rootPartCFrame":[767.516,228.093,49.127,-0.993,0,0.121,0,1,0,-0.121,0,-0.993],"_humanoidState":5,"_cameraCFrame":[765.711,236.763,47.943,-0.999,0.045,-0.008,0,0.174,0.985,0.045,0.984,-0.173],"_shiftlockState":true,"_pose":"FreeFall","_animationQueue":[],"_animationSpeed":1,"_zoom":7.28},{"_mousePosition":[683,384],"_rootPartCFrame":[767.317,228.408,49.136,-0.999,0,0.055,0,1,0,-0.055,0,-0.999],"_humanoidState":5,"_cameraCFrame":[765.511,237.078,47.952,-0.999,0.045,-0.008,0,0.174,0.985,0.045,0.984,-0.173],"_shiftlockState":true,"_pose":"FreeFall","_animationQueue":[],"_animationSpeed":1,"_zoom":7.28},{"_mousePosition":[683,384],"_rootPartCFrame":[767.05,228.781,49.148,-0.996,0,0.088,0,1,0,-0.088,0,-0.996],"_humanoidState":5,"_cameraCFrame":[765.245,237.45,47.964,-0.999,0.045,-0.008,0,0.174,0.985,0.045,0.984,-0.173],"_shiftlockState":true,"_pose":"FreeFall","_animationQueue":[],"_animationSpeed":1,"_zoom":7.28},{"_mousePosition":[683,384],"_rootPartCFrame":[766.784,229.099,49.16,-0.996,0,0.088,0,1,0,-0.088,0,-0.996],"_humanoidState":5,"_cameraCFrame":[764.979,237.768,47.976,-0.999,0.045,-0.008,0,0.174,0.985,0.045,0.984,-0.173],"_shiftlockState":true,"_pose":"FreeFall","_animationQueue":[],"_animationSpeed":1,"_zoom":7.28},{"_mousePosition":[683,384],"_rootPartCFrame":[766.518,229.362,49.172,-0.996,0,0.088,0,1,0,-0.088,0,-0.996],"_humanoidState":5,"_cameraCFrame":[764.712,238.031,47.988,-0.999,0.045,-0.008,0,0.174,0.985,0.045,0.984,-0.173],"_shiftlockState":true,"_pose":"FreeFall","_animationQueue":[],"_animationSpeed":1,"_zoom":7.28},{"_mousePosition":[683,384],"_rootPartCFrame":[766.251,229.571,49.184,-0.996,0,0.088,0,1,0,-0.088,0,-0.996],"_humanoidState":5,"_cameraCFrame":[764.446,238.24,48.001,-0.999,0.045,-0.008,0,0.174,0.985,0.045,0.984,-0.173],"_shiftlockState":true,"_pose":"FreeFall","_animationQueue":[],"_animationSpeed":1,"_zoom":7.28},{"_mousePosition":[683,384],"_rootPartCFrame":[765.785,229.805,49.205,-0.982,0,0.187,0,1,0,-0.187,0,-0.982],"_humanoidState":5,"_cameraCFrame":[763.98,238.475,48.022,-0.999,0.045,-0.008,0,0.174,0.985,0.045,0.984,-0.173],"_shiftlockState":true,"_pose":"FreeFall","_animationQueue":[],"_animationSpeed":1,"_zoom":7.28},{"_mousePosition":[683,384],"_rootPartCFrame":[765.652,229.842,49.211,-1,0,0.021,0,1,0,-0.021,0,-1],"_humanoidState":5,"_cameraCFrame":[763.847,238.511,48.028,-0.999,0.045,-0.008,0,0.174,0.985,0.045,0.984,-0.173],"_shiftlockState":true,"_pose":"FreeFall","_animationQueue":[],"_animationSpeed":1,"_zoom":7.28},{"_mousePosition":[683,384],"_rootPartCFrame":[765.452,229.871,49.22,-0.999,0,0.055,0,1,0,-0.055,0,-0.999],"_humanoidState":5,"_cameraCFrame":[763.647,238.54,48.037,-0.999,0.045,-0.008,0,0.174,0.985,0.045,0.984,-0.173],"_shiftlockState":true,"_pose":"FreeFall","_animationQueue":[],"_animationSpeed":1,"_zoom":7.28},{"_mousePosition":[683,384],"_rootPartCFrame":[765.186,229.861,49.232,-0.996,0,0.088,0,1,0,-0.088,0,-0.996],"_humanoidState":5,"_cameraCFrame":[763.379,238.705,48.018,-0.999,0.045,-0.008,0,0.174,0.985,0.045,0.984,-0.173],"_shiftlockState":true,"_pose":"FreeFall","_animationQueue":[["fall",0.3]],"_animationSpeed":1,"_zoom":7.28},{"_mousePosition":[683,384],"_rootPartCFrame":[764.919,229.798,49.245,-0.996,0,0.088,0,1,0,-0.088,0,-0.996],"_humanoidState":5,"_cameraCFrame":[763.11,239.014,47.964,-0.999,0.045,-0.008,0,0.174,0.985,0.045,0.984,-0.173],"_shiftlockState":true,"_pose":"FreeFall","_animationQueue":[],"_animationSpeed":1,"_zoom":7.28},{"_mousePosition":[683,384],"_rootPartCFrame":[764.653,229.68,49.257,-0.996,0,0.088,0,1,0,-0.088,0,-0.996],"_humanoidState":5,"_cameraCFrame":[762.84,239.314,47.903,-0.999,0.045,-0.008,0,0.174,0.985,0.045,0.984,-0.173],"_shiftlockState":true,"_pose":"FreeFall","_animationQueue":[],"_animationSpeed":1,"_zoom":7.28},{"_mousePosition":[683,384],"_rootPartCFrame":[764.32,229.456,49.272,-0.993,0,0.121,0,1,0,-0.121,0,-0.993],"_humanoidState":5,"_cameraCFrame":[762.505,239.396,47.864,-0.999,0.045,-0.008,0,0.174,0.985,0.045,0.984,-0.173],"_shiftlockState":true,"_pose":"FreeFall","_animationQueue":[],"_animationSpeed":1,"_zoom":7.28},{"_mousePosition":[683,384],"_rootPartCFrame":[764.12,229.28,49.281,-0.999,0,0.055,0,1,0,-0.055,0,-0.999],"_humanoidState":5,"_cameraCFrame":[762.306,239.516,47.816,-0.999,0.042,-0.007,0,0.174,0.985,0.043,0.984,-0.173],"_shiftlockState":true,"_pose":"FreeFall","_animationQueue":[],"_animationSpeed":1,"_zoom":7.28},{"_mousePosition":[683,384],"_rootPartCFrame":[763.787,228.92,49.296,-0.992,0,0.124,0,1,0,-0.124,0,-0.992],"_humanoidState":5,"_cameraCFrame":[761.97,239.573,47.758,-0.999,0.042,-0.007,0,0.174,0.985,0.043,0.984,-0.173],"_shiftlockState":true,"_pose":"FreeFall","_animationQueue":[],"_animationSpeed":1,"_zoom":7.28},{"_mousePosition":[683,384],"_rootPartCFrame":[763.588,228.662,49.304,-0.998,0,0.057,0,1,0,-0.057,0,-0.998],"_humanoidState":5,"_cameraCFrame":[761.766,239.902,47.663,-0.999,0.042,-0.007,0,0.174,0.985,0.043,0.984,-0.173],"_shiftlockState":true,"_pose":"FreeFall","_animationQueue":[],"_animationSpeed":1,"_zoom":7.28},{"_mousePosition":[683,384],"_rootPartCFrame":[763.321,228.272,49.316,-0.996,0,0.09,0,1,0,-0.09,0,-0.996],"_humanoidState":5,"_cameraCFrame":[761.495,240.125,47.567,-0.999,0.042,-0.007,0,0.174,0.985,0.043,0.984,-0.173],"_shiftlockState":true,"_pose":"FreeFall","_animationQueue":[["fall",0.3]],"_animationSpeed":1,"_zoom":7.28},{"_mousePosition":[683,384],"_rootPartCFrame":[763.004,227.707,49.364,-0.995,0,0.097,0,1,0,-0.097,0,-0.995],"_humanoidState":5,"_cameraCFrame":[761.174,240.079,47.523,-0.999,0.042,-0.007,0,0.174,0.985,0.043,0.984,-0.173],"_shiftlockState":true,"_pose":"FreeFall","_animationQueue":[],"_animationSpeed":1,"_zoom":7.28},{"_mousePosition":[683,384],"_rootPartCFrame":[762.826,227.327,49.42,-0.999,0,0.036,0,1,0,-0.036,0,-0.999],"_humanoidState":5,"_cameraCFrame":[760.988,240.086,47.515,-0.999,0.045,-0.008,0,0.174,0.985,0.045,0.984,-0.173],"_shiftlockState":true,"_pose":"FreeFall","_animationQueue":[],"_animationSpeed":1,"_zoom":7.28},{"_mousePosition":[683,384],"_rootPartCFrame":[762.604,226.773,49.526,-0.998,0,0.06,0,1,0,-0.06,0,-0.998],"_humanoidState":5,"_cameraCFrame":[760.763,239.844,47.567,-0.999,0.045,-0.008,0,0.174,0.985,0.045,0.984,-0.173],"_shiftlockState":true,"_pose":"FreeFall","_animationQueue":[],"_animationSpeed":1,"_zoom":7.28},{"_mousePosition":[683,384],"_rootPartCFrame":[762.398,226.164,49.667,-0.998,0,0.059,0,1,0,-0.059,0,-0.998],"_humanoidState":5,"_cameraCFrame":[760.551,239.462,47.673,-0.999,0.047,-0.008,0,0.174,0.985,0.048,0.984,-0.173],"_shiftlockState":true,"_pose":"FreeFall","_animationQueue":[],"_animationSpeed":1,"_zoom":7.28},{"_mousePosition":[683,384],"_rootPartCFrame":[762.164,225.327,49.894,-0.997,0,0.083,0,1,0,-0.083,0,-0.997],"_humanoidState":5,"_cameraCFrame":[760.305,238.778,47.882,-0.999,0.052,-0.009,0,0.174,0.985,0.053,0.983,-0.173],"_shiftlockState":true,"_pose":"FreeFall","_animationQueue":[],"_animationSpeed":1,"_zoom":7.28},{"_mousePosition":[683,384],"_rootPartCFrame":[761.985,224.596,50.091,-0.999,0,0.052,0,1,0,-0.052,0,-0.999],"_humanoidState":5,"_cameraCFrame":[760.114,238.162,48.068,-0.998,0.057,-0.01,0,0.174,0.985,0.058,0.983,-0.173],"_shiftlockState":true,"_pose":"FreeFall","_animationQueue":[["fall",0.3]],"_animationSpeed":1,"_zoom":7.28},{"_mousePosition":[683,384],"_rootPartCFrame":[761.868,224.033,50.085,-1,0.001,0.017,0.001,0.999,-0.04,-0.017,-0.04,-0.999],"_humanoidState":5,"_cameraCFrame":[759.979,237.677,48.008,-0.998,0.067,-0.012,0,0.174,0.985,0.068,0.983,-0.173],"_shiftlockState":true,"_pose":"FreeFall","_animationQueue":[],"_animationSpeed":1,"_zoom":7.28},{"_mousePosition":[683,384],"_rootPartCFrame":[761.673,223.035,50.033,-0.998,-0.001,0.058,-0.002,1,-0.025,-0.058,-0.025,-0.998],"_humanoidState":5,"_cameraCFrame":[759.764,236.735,47.982,-0.997,0.074,-0.013,0,0.174,0.985,0.076,0.982,-0.173],"_shiftlockState":true,"_pose":"FreeFall","_animationQueue":[],"_animationSpeed":1,"_zoom":7.28},{"_mousePosition":[683,384],"_rootPartCFrame":[761.525,223.073,50.036,-0.999,-0.002,-0.043,-0.001,1,-0.004,0.043,-0.003,-0.999],"_humanoidState":12,"_cameraCFrame":[759.585,236.81,48.041,-0.996,0.089,-0.016,0,0.174,0.985,0.091,0.981,-0.173],"_shiftlockState":true,"_pose":"Climbing","_animationQueue":[["walk",0.1],["fall",0.3],["climb",0.1],["climb",0]],"_animationSpeed":-4.126,"_zoom":7.28},{"_mousePosition":[683,384],"_rootPartCFrame":[761.417,223.257,50.035,-0.996,0,-0.087,0,1,0.002,0.087,0.002,-0.996],"_humanoidState":12,"_cameraCFrame":[759.469,237.017,48.054,-0.995,0.094,-0.017,0,0.174,0.985,0.096,0.98,-0.173],"_shiftlockState":true,"_pose":"Climbing","_animationQueue":[["climb",0.1]],"_animationSpeed":0.833,"_zoom":7.28},{"_mousePosition":[683,384],"_rootPartCFrame":[761.349,223.443,50.033,-0.995,0,-0.095,0,1,0.001,0.095,0.001,-0.995],"_humanoidState":12,"_cameraCFrame":[759.382,237.217,48.038,-0.995,0.102,-0.018,0,0.176,0.984,0.103,0.979,-0.175],"_shiftlockState":true,"_pose":"Climbing","_animationQueue":[["climb",0.1]],"_animationSpeed":0.931,"_zoom":7.28},{"_mousePosition":[683,384],"_rootPartCFrame":[761.32,223.63,50.032,-0.995,0,-0.103,0,1,0,0.103,0,-0.995],"_humanoidState":12,"_cameraCFrame":[759.348,237.414,48.039,-0.994,0.104,-0.019,0,0.176,0.984,0.106,0.979,-0.175],"_shiftlockState":true,"_pose":"Climbing","_animationQueue":[],"_animationSpeed":0.931,"_zoom":7.28},{"_mousePosition":[683,384],"_rootPartCFrame":[761.318,223.817,50.032,-0.994,0,-0.106,0,1,0,0.106,0,-0.994],"_humanoidState":12,"_cameraCFrame":[759.346,237.608,48.037,-0.994,0.104,-0.019,0,0.176,0.984,0.106,0.979,-0.175],"_shiftlockState":true,"_pose":"Climbing","_animationQueue":[["climb",0]],"_animationSpeed":0.931,"_zoom":7.28},{"_mousePosition":[683,384],"_rootPartCFrame":[761.318,224.003,50.032,-0.994,0,-0.106,0,1,0,0.106,0,-0.994],"_humanoidState":12,"_cameraCFrame":[759.345,237.8,48.036,-0.994,0.104,-0.019,0,0.176,0.984,0.106,0.979,-0.175],"_shiftlockState":true,"_pose":"Climbing","_animationQueue":[],"_animationSpeed":0.931,"_zoom":7.28},{"_mousePosition":[683,384],"_rootPartCFrame":[761.303,224.123,50.033,-0.994,0,-0.106,0,1,0,0.106,0,-0.994],"_humanoidState":8,"_cameraCFrame":[759.331,237.923,48.037,-0.994,0.104,-0.019,0,0.176,0.984,0.106,0.979,-0.175],"_shiftlockState":true,"_pose":"Standing","_animationQueue":[["climb",0.1],["idle",0.1],["idle",0.1]],"_animationSpeed":1,"_zoom":7.28},{"_mousePosition":[683,384],"_rootPartCFrame":[761.248,224.235,50.039,-1,0,-0.014,0,1,0,0.014,0,-1],"_humanoidState":5,"_cameraCFrame":[759.271,238.036,48.048,-0.994,0.107,-0.019,0,0.176,0.984,0.108,0.979,-0.175],"_shiftlockState":true,"_pose":"FreeFall","_animationQueue":[["walk",0.1],["fall",0.3]],"_animationSpeed":1,"_zoom":7.28},{"_mousePosition":[683,384],"_rootPartCFrame":[761.155,224.292,50.049,-1,0,0.02,0,1,0,-0.02,0,-1],"_humanoidState":5,"_cameraCFrame":[759.177,238.095,48.058,-0.994,0.107,-0.019,0,0.176,0.984,0.108,0.979,-0.175],"_shiftlockState":true,"_pose":"FreeFall","_animationQueue":[],"_animationSpeed":1,"_zoom":7.28},{"_mousePosition":[683,384],"_rootPartCFrame":[761.021,224.295,50.063,-1,0,0.024,0,1,0,-0.024,0,-1],"_humanoidState":5,"_cameraCFrame":[759.044,238.099,48.072,-0.994,0.107,-0.019,0,0.176,0.984,0.108,0.979,-0.175],"_shiftlockState":true,"_pose":"FreeFall","_animationQueue":[],"_animationSpeed":1,"_zoom":7.28},{"_mousePosition":[683,384],"_rootPartCFrame":[760.849,224.243,50.082,-1,0,0.025,0,1,0,-0.025,0,-1],"_humanoidState":5,"_cameraCFrame":[758.871,238.048,48.09,-0.994,0.107,-0.019,0,0.176,0.984,0.108,0.979,-0.175],"_shiftlockState":true,"_pose":"FreeFall","_animationQueue":[["fall",0.3]],"_animationSpeed":1,"_zoom":7.28},{"_mousePosition":[683,384],"_rootPartCFrame":[760.636,224.137,50.081,-1,0,0.026,0,1,0,-0.026,0,-1],"_humanoidState":5,"_cameraCFrame":[758.656,237.937,48.065,-0.994,0.107,-0.019,0,0.177,0.984,0.108,0.978,-0.176],"_shiftlockState":true,"_pose":"FreeFall","_animationQueue":[],"_animationSpeed":1,"_zoom":7.28},{"_mousePosition":[683,384],"_rootPartCFrame":[760.386,223.976,50.067,-1,0,0.027,0,1,0,-0.027,0,-1],"_humanoidState":5,"_cameraCFrame":[758.406,237.777,48.051,-0.994,0.107,-0.019,0,0.177,0.984,0.108,0.978,-0.176],"_shiftlockState":true,"_pose":"FreeFall","_animationQueue":[],"_animationSpeed":1,"_zoom":7.28},{"_mousePosition":[683,384],"_rootPartCFrame":[760.148,224.108,50.093,-0.998,0,-0.067,0,1,0,0.067,0,-0.998],"_humanoidState":12,"_cameraCFrame":[758.169,237.91,48.077,-0.994,0.107,-0.019,0,0.177,0.984,0.108,0.978,-0.176],"_shiftlockState":true,"_pose":"Climbing","_animationQueue":[["walk",0.1],["fall",0.3],["climb",0.1],["climb",0]],"_animationSpeed":-0.906,"_zoom":7.28},{"_mousePosition":[683,384],"_rootPartCFrame":[759.951,224.294,50.115,-0.995,0,-0.104,0,1,0,0.104,0,-0.995],"_humanoidState":12,"_cameraCFrame":[757.968,238.091,48.075,-0.994,0.107,-0.019,0,0.179,0.984,0.108,0.978,-0.178],"_shiftlockState":true,"_pose":"Climbing","_animationQueue":[["climb",0.1],["climb",0]],"_animationSpeed":0.897,"_zoom":7.28},{"_mousePosition":[683,384],"_rootPartCFrame":[759.743,224.447,50.137,-0.994,0,-0.108,0,1,0,0.108,0,-0.994],"_humanoidState":8,"_cameraCFrame":[757.766,238.244,48.092,-0.994,0.104,-0.019,0,0.179,0.984,0.106,0.978,-0.178],"_shiftlockState":true,"_pose":"Running","_animationQueue":[["walk",0.1],["walk",0.1]],"_animationSpeed":0.762,"_zoom":7.28},{"_mousePosition":[683,384],"_rootPartCFrame":[759.431,224.56,50.159,-1,0,0.018,0,1,0,-0.018,0,-1],"_humanoidState":5,"_cameraCFrame":[757.458,238.358,48.109,-0.995,0.102,-0.019,0,0.179,0.984,0.103,0.979,-0.178],"_shiftlockState":true,"_pose":"FreeFall","_animationQueue":[["walk",0.1],["walk",0.1],["fall",0.3]],"_animationSpeed":1,"_zoom":7.28},{"_mousePosition":[683,384],"_rootPartCFrame":[759.232,224.588,50.138,-1,0,-0.004,0,1,0,0.004,0,-1],"_humanoidState":5,"_cameraCFrame":[757.262,238.381,48.059,-0.995,0.099,-0.018,0,0.181,0.983,0.101,0.978,-0.18],"_shiftlockState":true,"_pose":"FreeFall","_animationQueue":[],"_animationSpeed":1,"_zoom":7.28},{"_mousePosition":[683,384],"_rootPartCFrame":[758.967,224.577,50.123,-0.999,0,0.034,0,1,0,-0.034,0,-0.999],"_humanoidState":5,"_cameraCFrame":[757.003,238.37,48.039,-0.995,0.097,-0.018,0,0.181,0.983,0.098,0.979,-0.18],"_shiftlockState":true,"_pose":"FreeFall","_animationQueue":[],"_animationSpeed":1,"_zoom":7.28},{"_mousePosition":[683,384],"_rootPartCFrame":[758.701,224.511,50.103,-0.999,0,0.037,0,1,0,-0.037,0,-0.999],"_humanoidState":5,"_cameraCFrame":[756.742,238.304,48.014,-0.995,0.094,-0.017,0,0.181,0.983,0.096,0.979,-0.18],"_shiftlockState":true,"_pose":"FreeFall","_animationQueue":[],"_animationSpeed":1,"_zoom":7.28},{"_mousePosition":[683,384],"_rootPartCFrame":[758.436,224.391,50.08,-0.999,0,0.04,0,1,0,-0.04,0,-0.999],"_humanoidState":5,"_cameraCFrame":[756.477,238.184,47.991,-0.995,0.094,-0.017,0,0.181,0.983,0.096,0.979,-0.18],"_shiftlockState":true,"_pose":"FreeFall","_animationQueue":[],"_animationSpeed":1,"_zoom":7.28},{"_mousePosition":[683,384],"_rootPartCFrame":[758.195,224.53,50.104,-0.999,0,-0.055,0,1,0,0.055,0,-0.999],"_humanoidState":12,"_cameraCFrame":[756.236,238.323,48.015,-0.995,0.094,-0.017,0,0.181,0.983,0.096,0.979,-0.18],"_shiftlockState":true,"_pose":"Climbing","_animationQueue":[["walk",0.1],["fall",0.3],["climb",0.1],["climb",0]],"_animationSpeed":-0.702,"_zoom":7.28},{"_mousePosition":[683,384],"_rootPartCFrame":[757.95,224.673,50.111,-0.997,-0.001,-0.081,0,1,0,0.081,0,-0.997],"_humanoidState":8,"_cameraCFrame":[755.99,238.466,48.022,-0.995,0.094,-0.017,0,0.181,0.983,0.096,0.979,-0.18],"_shiftlockState":true,"_pose":"Running","_animationQueue":[["walk",0.1],["climb",0.1],["walk",0.1],["walk",0.1]],"_animationSpeed":0.939,"_zoom":7.28},{"_mousePosition":[683,384],"_rootPartCFrame":[757.686,224.761,50.117,-1,0,0.001,0,1,0,-0.001,0,-1],"_humanoidState":5,"_cameraCFrame":[755.726,238.554,48.028,-0.995,0.094,-0.017,0,0.181,0.983,0.096,0.979,-0.18],"_shiftlockState":true,"_pose":"FreeFall","_animationQueue":[["walk",0.1],["walk",0.1],["fall",0.3]],"_animationSpeed":1,"_zoom":7.28},{"_mousePosition":[683,384],"_rootPartCFrame":[757.42,224.794,50.11,-0.999,0,0.035,0,1,0,-0.035,0,-0.999],"_humanoidState":5,"_cameraCFrame":[755.467,238.587,48.016,-0.996,0.092,-0.017,0,0.181,0.983,0.093,0.979,-0.181],"_shiftlockState":true,"_pose":"FreeFall","_animationQueue":[],"_animationSpeed":1,"_zoom":7.28},{"_mousePosition":[683,384],"_rootPartCFrame":[757.155,224.773,50.101,-0.999,0,0.041,0,1,0,-0.041,0,-0.999],"_humanoidState":5,"_cameraCFrame":[755.201,238.566,48.007,-0.996,0.092,-0.017,0,0.181,0.983,0.093,0.979,-0.181],"_shiftlockState":true,"_pose":"FreeFall","_animationQueue":[],"_animationSpeed":1,"_zoom":7.28},{"_mousePosition":[683,384],"_rootPartCFrame":[756.89,224.697,50.089,-0.999,0,0.042,0,1,0,-0.042,0,-0.999],"_humanoidState":5,"_cameraCFrame":[754.936,238.49,47.996,-0.996,0.092,-0.017,0,0.181,0.983,0.093,0.979,-0.181],"_shiftlockState":true,"_pose":"FreeFall","_animationQueue":[],"_animationSpeed":1,"_zoom":7.28},{"_mousePosition":[683,384],"_rootPartCFrame":[756.649,224.842,50.112,-0.999,0,-0.052,0,1,0,0.052,0,-0.999],"_humanoidState":12,"_cameraCFrame":[754.695,238.635,48.018,-0.996,0.092,-0.017,0,0.181,0.983,0.093,0.979,-0.181],"_shiftlockState":true,"_pose":"Climbing","_animationQueue":[["walk",0.1],["fall",0.3],["climb",0.1]],"_animationSpeed":-0.481,"_zoom":7.28},{"_mousePosition":[683,384],"_rootPartCFrame":[756.403,224.987,50.114,-0.997,0,-0.079,0,1,0,0.079,0,-0.997],"_humanoidState":8,"_cameraCFrame":[754.454,238.78,48.016,-0.996,0.089,-0.016,0,0.181,0.983,0.091,0.979,-0.181],"_shiftlockState":true,"_pose":"Running","_animationQueue":[["walk",0.1],["climb",0.1],["walk",0.1],["walk",0.1]],"_animationSpeed":0.939,"_zoom":7.28},{"_mousePosition":[683,384],"_rootPartCFrame":[756.139,225.076,50.122,-1,0,0.006,0,1,0,-0.006,0,-1],"_humanoidState":5,"_cameraCFrame":[754.196,238.868,48.018,-0.996,0.087,-0.016,0,0.181,0.983,0.088,0.98,-0.181],"_shiftlockState":true,"_pose":"FreeFall","_animationQueue":[["walk",0.1],["walk",0.1],["fall",0.3]],"_animationSpeed":1,"_zoom":7.28},{"_mousePosition":[683,384],"_rootPartCFrame":[755.815,225.11,50.092,-0.999,0,0.042,0,1,0,-0.042,0,-0.999],"_humanoidState":5,"_cameraCFrame":[753.877,238.903,47.984,-0.996,0.084,-0.016,0,0.181,0.983,0.086,0.98,-0.181],"_shiftlockState":true,"_pose":"FreeFall","_animationQueue":[],"_animationSpeed":1,"_zoom":7.28},{"_mousePosition":[683,384],"_rootPartCFrame":[755.572,225.075,50.03,-1,0,0.007,0,1,0,-0.007,0,-1],"_humanoidState":5,"_cameraCFrame":[753.646,238.867,47.912,-0.997,0.079,-0.015,0,0.181,0.983,0.081,0.98,-0.181],"_shiftlockState":true,"_pose":"FreeFall","_animationQueue":[],"_animationSpeed":1,"_zoom":7.28},{"_mousePosition":[683,384],"_rootPartCFrame":[755.383,225.013,50.016,-1,0,0.015,0,1,0,-0.015,0,-1],"_humanoidState":5,"_cameraCFrame":[753.457,239.106,47.837,-0.997,0.077,-0.014,0,0.181,0.983,0.078,0.98,-0.181],"_shiftlockState":true,"_pose":"FreeFall","_animationQueue":[],"_animationSpeed":1,"_zoom":7.28},{"_mousePosition":[683,384],"_rootPartCFrame":[755.054,224.841,50.032,-0.996,0,0.087,0,1,0,-0.087,0,-0.996],"_humanoidState":5,"_cameraCFrame":[753.132,239.483,47.743,-0.997,0.072,-0.013,0,0.181,0.983,0.073,0.981,-0.181],"_shiftlockState":true,"_pose":"FreeFall","_animationQueue":[],"_animationSpeed":1,"_zoom":7.28},{"_mousePosition":[683,384],"_rootPartCFrame":[754.869,224.931,50.047,-0.999,0,-0.036,0,1,0,0.036,0,-0.999],"_humanoidState":12,"_cameraCFrame":[752.951,240.225,47.628,-0.998,0.067,-0.012,0,0.181,0.983,0.068,0.981,-0.181],"_shiftlockState":true,"_pose":"Climbing","_animationQueue":[["walk",0.1],["fall",0.3],["climb",0.1],["climb",0]],"_animationSpeed":-0.823,"_zoom":7.28},{"_mousePosition":[683,384],"_rootPartCFrame":[754.612,225.162,50.067,-0.998,0,-0.059,0,1,0,0.059,0,-0.998],"_humanoidState":12,"_cameraCFrame":[752.687,240.962,47.555,-0.998,0.067,-0.012,0,0.181,0.983,0.068,0.981,-0.181],"_shiftlockState":true,"_pose":"Climbing","_animationQueue":[["climb",0.1],["climb",0]],"_animationSpeed":0.841,"_zoom":7.28},{"_mousePosition":[683,384],"_rootPartCFrame":[754.457,225.281,50.078,-0.998,0,-0.067,0,1,0,0.067,0,-0.998],"_humanoidState":8,"_cameraCFrame":[752.526,241.515,47.487,-0.998,0.067,-0.012,0,0.181,0.983,0.068,0.981,-0.181],"_shiftlockState":true,"_pose":"Running","_animationQueue":[["walk",0.1],["walk",0.1]],"_animationSpeed":0.774,"_zoom":7.28},{"_mousePosition":[683,384],"_rootPartCFrame":[754.216,225.393,50.095,-1,0,0.024,0,1,0,-0.024,0,-1],"_humanoidState":5,"_cameraCFrame":[752.281,241.956,47.443,-0.998,0.067,-0.012,0,0.181,0.983,0.068,0.981,-0.181],"_shiftlockState":true,"_pose":"FreeFall","_animationQueue":[["walk",0.1],["fall",0.3]],"_animationSpeed":1,"_zoom":7.28},{"_mousePosition":[683,384],"_rootPartCFrame":[753.951,225.45,50.113,-0.998,0,0.06,0,1,0,-0.06,0,-0.998],"_humanoidState":5,"_cameraCFrame":[752.014,242.243,47.419,-0.998,0.067,-0.012,0,0.181,0.983,0.068,0.981,-0.181],"_shiftlockState":true,"_pose":"FreeFall","_animationQueue":[],"_animationSpeed":1,"_zoom":7.28},{"_mousePosition":[683,384],"_rootPartCFrame":[753.685,225.452,50.13,-0.998,0,0.065,0,1,0,-0.065,0,-0.998],"_humanoidState":5,"_cameraCFrame":[751.753,242.414,47.4,-0.998,0.064,-0.012,0,0.181,0.983,0.065,0.981,-0.181],"_shiftlockState":true,"_pose":"FreeFall","_animationQueue":[],"_animationSpeed":1,"_zoom":7.28},{"_mousePosition":[683,384],"_rootPartCFrame":[753.426,225.402,50.093,-0.999,-0.001,0.037,-0.001,1,0,-0.037,0,-0.999],"_humanoidState":5,"_cameraCFrame":[751.491,242.496,47.338,-0.998,0.064,-0.012,0,0.181,0.983,0.065,0.981,-0.181],"_shiftlockState":true,"_pose":"FreeFall","_animationQueue":[],"_animationSpeed":1,"_zoom":7.28},{"_mousePosition":[683,384],"_rootPartCFrame":[752.991,225.189,50.008,-0.992,-0.001,0.124,-0.001,1,0,-0.124,0,-0.992],"_humanoidState":5,"_cameraCFrame":[751.062,242.368,47.232,-0.998,0.062,-0.011,0,0.181,0.983,0.063,0.981,-0.181],"_shiftlockState":true,"_pose":"FreeFall","_animationQueue":[["fall",0.3]],"_animationSpeed":1,"_zoom":7.28},{"_mousePosition":[683,384],"_rootPartCFrame":[752.87,225.237,50.002,-0.999,0,-0.033,0,1,0,0.033,0,-0.999],"_humanoidState":12,"_cameraCFrame":[750.941,242.47,47.217,-0.998,0.062,-0.011,0,0.181,0.983,0.063,0.981,-0.181],"_shiftlockState":true,"_pose":"Climbing","_animationQueue":[["walk",0.1],["fall",0.3],["climb",0.1]],"_animationSpeed":-0.813,"_zoom":7.28},{"_mousePosition":[683,384],"_rootPartCFrame":[752.707,225.37,49.993,-0.999,0,-0.051,0,1,0,0.051,0,-0.999],"_humanoidState":12,"_cameraCFrame":[750.778,242.644,47.201,-0.998,0.062,-0.011,0,0.181,0.983,0.063,0.981,-0.181],"_shiftlockState":true,"_pose":"Climbing","_animationQueue":[["climb",0.1]],"_animationSpeed":0.688,"_zoom":7.28},{"_mousePosition":[683,384],"_rootPartCFrame":[752.525,225.556,49.984,-0.998,0,-0.06,0,1,0,0.06,0,-0.998],"_humanoidState":12,"_cameraCFrame":[750.595,242.859,47.187,-0.998,0.062,-0.011,0,0.181,0.983,0.063,0.981,-0.181],"_shiftlockState":true,"_pose":"Climbing","_animationQueue":[["climb",0.1]],"_animationSpeed":0.92,"_zoom":7.28},{"_mousePosition":[683,384],"_rootPartCFrame":[752.279,225.738,49.983,-0.998,0,-0.063,0,1,0,0.063,0,-0.998],"_humanoidState":8,"_cameraCFrame":[750.349,243.059,47.182,-0.998,0.062,-0.011,0,0.181,0.983,0.063,0.981,-0.181],"_shiftlockState":true,"_pose":"Running","_animationQueue":[["walk",0.1],["climb",0.1],["walk",0.1],["walk",0.1]],"_animationSpeed":0.695,"_zoom":7.28},{"_mousePosition":[683,384],"_rootPartCFrame":[752.039,225.823,49.993,-1,0,0.029,0,1,0,-0.029,0,-1],"_humanoidState":5,"_cameraCFrame":[750.109,243.156,47.19,-0.998,0.062,-0.011,0,0.181,0.983,0.063,0.981,-0.181],"_shiftlockState":true,"_pose":"FreeFall","_animationQueue":[["walk",0.1],["fall",0.3]],"_animationSpeed":1,"_zoom":7.28},{"_mousePosition":[683,384],"_rootPartCFrame":[751.775,225.853,50.009,-0.998,0,0.066,0,1,0,-0.066,0,-0.998],"_humanoidState":5,"_cameraCFrame":[749.844,243.194,47.205,-0.998,0.062,-0.011,0,0.181,0.983,0.063,0.981,-0.181],"_shiftlockState":true,"_pose":"FreeFall","_animationQueue":[],"_animationSpeed":1,"_zoom":7.28},{"_mousePosition":[683,384],"_rootPartCFrame":[751.508,225.828,50.026,-0.998,0,0.07,0,1,0,-0.07,0,-0.998],"_humanoidState":5,"_cameraCFrame":[749.578,243.175,47.22,-0.998,0.062,-0.011,0,0.181,0.983,0.063,0.981,-0.181],"_shiftlockState":true,"_pose":"FreeFall","_animationQueue":[["fall",0.3]],"_animationSpeed":1,"_zoom":7.28},{"_mousePosition":[683,384],"_rootPartCFrame":[751.242,225.749,50.043,-0.998,0,0.07,0,1,0,-0.07,0,-0.998],"_humanoidState":5,"_cameraCFrame":[749.312,243.1,47.236,-0.998,0.062,-0.011,0,0.181,0.983,0.063,0.981,-0.181],"_shiftlockState":true,"_pose":"FreeFall","_animationQueue":[],"_animationSpeed":1,"_zoom":7.28},{"_mousePosition":[683,384],"_rootPartCFrame":[750.976,225.616,50.06,-0.998,0,0.07,0,1,0,-0.07,0,-0.998],"_humanoidState":5,"_cameraCFrame":[749.056,242.668,47.303,-0.998,0.059,-0.011,0,0.181,0.983,0.06,0.982,-0.181],"_shiftlockState":true,"_pose":"FreeFall","_animationQueue":[],"_animationSpeed":1,"_zoom":7.28},{"_mousePosition":[683,384],"_rootPartCFrame":[750.735,225.752,50.075,-1,0,-0.019,0,1,0,0.019,0,-1],"_humanoidState":12,"_cameraCFrame":[748.821,242.252,47.42,-0.998,0.059,-0.011,0,0.181,0.983,0.06,0.982,-0.181],"_shiftlockState":true,"_pose":"Climbing","_animationQueue":[["walk",0.1],["fall",0.3],["climb",0.1],["climb",0]],"_animationSpeed":-0.77,"_zoom":7.28},{"_mousePosition":[683,384],"_rootPartCFrame":[750.533,225.938,50.088,-0.998,0,-0.056,0,1,0,0.056,0,-0.998],"_humanoidState":12,"_cameraCFrame":[748.626,241.821,47.546,-0.998,0.059,-0.011,0,0.181,0.983,0.06,0.982,-0.181],"_shiftlockState":true,"_pose":"Climbing","_animationQueue":[["climb",0.1],["climb",0]],"_animationSpeed":0.9,"_zoom":7.28},{"_mousePosition":[683,384],"_rootPartCFrame":[750.321,226.09,50.101,-0.998,0,-0.06,0,1,0,0.06,0,-0.998],"_humanoidState":8,"_cameraCFrame":[748.42,241.433,47.659,-0.998,0.059,-0.011,0,0.181,0.983,0.06,0.982,-0.181],"_shiftlockState":true,"_pose":"Running","_animationQueue":[["walk",0.1],["walk",0.1]],"_animationSpeed":0.775,"_zoom":7.28},{"_mousePosition":[683,384],"_rootPartCFrame":[750.137,226.169,50.112,-1,0,0.002,0,1,0,-0.002,0,-1],"_humanoidState":5,"_cameraCFrame":[748.24,241.102,47.746,-0.998,0.059,-0.011,0,0.181,0.983,0.06,0.982,-0.181],"_shiftlockState":true,"_pose":"FreeFall","_animationQueue":[["walk",0.1],["fall",0.3]],"_animationSpeed":1,"_zoom":7.28},{"_mousePosition":[683,384],"_rootPartCFrame":[749.872,226.226,50.128,-0.998,0,0.065,0,1,0,-0.065,0,-0.998],"_humanoidState":5,"_cameraCFrame":[747.979,240.825,47.823,-0.998,0.059,-0.011,0,0.181,0.983,0.06,0.982,-0.181],"_shiftlockState":true,"_pose":"FreeFall","_animationQueue":[["fall",0.3]],"_animationSpeed":1,"_zoom":7.28},{"_mousePosition":[683,384],"_rootPartCFrame":[749.606,226.229,50.138,-0.997,0,0.072,0,1,0,-0.072,0,-0.997],"_humanoidState":5,"_cameraCFrame":[747.716,240.583,47.878,-0.998,0.059,-0.011,0,0.181,0.983,0.06,0.982,-0.181],"_shiftlockState":true,"_pose":"FreeFall","_animationQueue":[],"_animationSpeed":1,"_zoom":7.28},{"_mousePosition":[683,384],"_rootPartCFrame":[749.347,226.178,50.093,-0.999,-0.001,0.042,-0.001,1,-0.001,-0.042,-0.001,-0.999],"_humanoidState":5,"_cameraCFrame":[747.458,240.356,47.864,-0.998,0.059,-0.011,0,0.181,0.983,0.06,0.982,-0.181],"_shiftlockState":true,"_pose":"FreeFall","_animationQueue":[],"_animationSpeed":1,"_zoom":7.28},{"_mousePosition":[683,384],"_rootPartCFrame":[749.102,226.076,50.031,-0.999,-0.001,0.034,-0.001,1,0,-0.034,0,-0.999],"_humanoidState":5,"_cameraCFrame":[747.214,240.132,47.825,-0.998,0.059,-0.011,0,0.181,0.983,0.06,0.982,-0.181],"_shiftlockState":true,"_pose":"FreeFall","_animationQueue":[],"_animationSpeed":1,"_zoom":7.28},{"_mousePosition":[683,384],"_rootPartCFrame":[748.865,226.249,49.989,-0.999,0.026,-0.021,0.026,1,0.005,0.021,0.004,-1],"_humanoidState":12,"_cameraCFrame":[747.018,240.223,47.805,-0.998,0.059,-0.011,0,0.181,0.983,0.06,0.982,-0.181],"_shiftlockState":true,"_pose":"Climbing","_animationQueue":[["walk",0.1],["fall",0.3],["climb",0.1],["climb",0]],"_animationSpeed":-0.609,"_zoom":7.28},{"_mousePosition":[683,384],"_rootPartCFrame":[748.814,226.315,49.976,-0.997,0.05,-0.051,0.05,0.999,0.007,0.052,0.005,-0.999],"_humanoidState":8,"_cameraCFrame":[747.005,240.23,47.804,-0.998,0.059,-0.011,0,0.181,0.983,0.06,0.982,-0.181],"_shiftlockState":true,"_pose":"Running","_animationQueue":[["walk",0.1],["climb",0.1],["walk",0.1],["walk",0.1]],"_animationSpeed":0.216,"_zoom":7.28},{"_mousePosition":[683,384],"_rootPartCFrame":[748.785,226.324,49.976,-0.998,0.061,0.034,0.061,0.998,0.01,-0.033,0.012,-0.999],"_humanoidState":5,"_cameraCFrame":[746.992,240.197,47.822,-0.998,0.059,-0.011,0,0.181,0.983,0.06,0.982,-0.181],"_shiftlockState":true,"_pose":"FreeFall","_animationQueue":[["walk",0.1],["fall",0.3]],"_animationSpeed":1,"_zoom":7.28},{"_mousePosition":[683,384],"_rootPartCFrame":[748.791,226.273,49.98,-0.998,0.049,-0.029,0.049,0.999,0.012,0.03,0.011,-0.999],"_humanoidState":5,"_cameraCFrame":[746.981,240.117,47.83,-0.998,0.059,-0.011,0,0.181,0.983,0.06,0.982,-0.181],"_shiftlockState":true,"_pose":"FreeFall","_animationQueue":[["fall",0.3]],"_animationSpeed":1,"_zoom":7.28},{"_mousePosition":[683,384],"_rootPartCFrame":[748.799,226.171,49.979,-0.998,0.033,-0.05,0.033,0.999,0.007,0.05,0.005,-0.999],"_humanoidState":5,"_cameraCFrame":[746.97,239.999,47.819,-0.998,0.05