[{"_mousePosition":[1156,361],"_rootPartCFrame":[776.028,222.95,47.142,0,0,1,0,1,0,-1,0,0],"_humanoidState":8,"_cameraCFrame":[786.791,241.723,47.264,0.011,-0.849,0.529,0,0.529,0.849,-1,-0.01,0.006],"_shiftlockState":false,"_pose":"Standing","_animationQueue":[],"_animationSpeed":1,"_zoom":20.352},{"_mousePosition":[1130,361],"_rootPartCFrame":[775.725,222.799,47.139,0.002,0,1,0,1,0,-1,0,0.002],"_humanoidState":8,"_cameraCFrame":[786.487,241.572,47.261,0.011,-0.849,0.529,0,0.529,0.849,-1,-0.01,0.006],"_shiftlockState":false,"_pose":"Standing","_animationQueue":[],"_animationSpeed":1,"_zoom":20.352},{"_mousePosition":[1126,360],"_rootPartCFrame":[775.592,222.719,47.137,0.003,0,1,0,1,0,-1,0,0.003],"_humanoidState":8,"_cameraCFrame":[786.354,241.492,47.259,0.011,-0.849,0.529,0,0.529,0.849,-1,-0.01,0.006],"_shiftlockState":false,"_pose":"Running","_animationQueue":[["walk",0.1]],"_animationSpeed":1.089,"_zoom":20.352},{"_mousePosition":[1101,360],"_rootPartCFrame":[775.325,222.61,47.134,0.004,0,1,0,1,0,-1,0,0.004],"_humanoidState":8,"_cameraCFrame":[786.088,241.383,47.256,0.011,-0.849,0.529,0,0.529,0.849,-1,-0.01,0.006],"_shiftlockState":false,"_pose":"Running","_animationQueue":[],"_animationSpeed":1.089,"_zoom":20.352},{"_mousePosition":[1099,360],"_rootPartCFrame":[775.058,222.636,47.131,0.005,0,1,0,1,0,-1,0,0.005],"_humanoidState":8,"_cameraCFrame":[785.821,241.409,47.253,0.011,-0.849,0.529,0,0.529,0.849,-1,-0.01,0.006],"_shiftlockState":false,"_pose":"Running","_animationQueue":[["walk",0.1]],"_animationSpeed":1.089,"_zoom":20.352},{"_mousePosition":[1076,360],"_rootPartCFrame":[774.792,222.663,47.128,0.006,0,1,0,1,0,-1,0,0.006],"_humanoidState":8,"_cameraCFrame":[785.554,241.436,47.25,0.011,-0.849,0.529,0,0.529,0.849,-1,-0.01,0.006],"_shiftlockState":false,"_pose":"Running","_animationQueue":[],"_animationSpeed":1.089,"_zoom":20.352},{"_mousePosition":[1075,360],"_rootPartCFrame":[774.525,222.68,47.125,0.006,0,1,0,1,0,-1,0,0.006],"_humanoidState":8,"_cameraCFrame":[785.288,241.453,47.247,0.011,-0.849,0.529,0,0.529,0.849,-1,-0.01,0.006],"_shiftlockState":false,"_pose":"Running","_animationQueue":[],"_animationSpeed":1.089,"_zoom":20.352},{"_mousePosition":[1054,360],"_rootPartCFrame":[774.259,222.689,47.122,0.007,0,1,0,1,0,-1,0,0.007],"_humanoidState":8,"_cameraCFrame":[785.021,241.462,47.244,0.011,-0.849,0.529,0,0.529,0.849,-1,-0.01,0.006],"_shiftlockState":false,"_pose":"Running","_animationQueue":[],"_animationSpeed":1.089,"_zoom":20.352},{"_mousePosition":[1052,360],"_rootPartCFrame":[773.992,222.694,47.119,0.008,0,1,0,1,0,-1,0,0.008],"_humanoidState":8,"_cameraCFrame":[784.755,241.467,47.241,0.011,-0.849,0.529,0,0.529,0.849,-1,-0.01,0.006],"_shiftlockState":false,"_pose":"Running","_animationQueue":[],"_animationSpeed":1.089,"_zoom":20.352},{"_mousePosition":[1036,364],"_rootPartCFrame":[773.725,222.697,47.116,0.008,0,1,0,1,0,-1,0,0.008],"_humanoidState":8,"_cameraCFrame":[784.488,241.47,47.238,0.011,-0.849,0.529,0,0.529,0.849,-1,-0.01,0.006],"_shiftlockState":false,"_pose":"Running","_animationQueue":[],"_animationSpeed":1.089,"_zoom":20.352},{"_mousePosition":[1035,364],"_rootPartCFrame":[773.459,222.698,47.113,0.009,0,1,0,1,0,-1,0,0.009],"_humanoidState":8,"_cameraCFrame":[784.221,241.471,47.235,0.011,-0.849,0.529,0,0.529,0.849,-1,-0.01,0.006],"_shiftlockState":false,"_pose":"Running","_animationQueue":[],"_animationSpeed":1.089,"_zoom":20.352},{"_mousePosition":[1024,370],"_rootPartCFrame":[773.192,222.699,47.11,0.009,0,1,0,1,0,-1,0,0.009],"_humanoidState":8,"_cameraCFrame":[783.955,241.472,47.232,0.011,-0.849,0.529,0,0.529,0.849,-1,-0.01,0.006],"_shiftlockState":false,"_pose":"Running","_animationQueue":[["walk",0.1]],"_animationSpeed":1.089,"_zoom":20.352},{"_mousePosition":[1022,370],"_rootPartCFrame":[772.926,222.699,47.107,0.009,0,1,0,1,0,-1,0,0.009],"_humanoidState":8,"_cameraCFrame":[783.688,241.472,47.229,0.011,-0.849,0.529,0,0.529,0.849,-1,-0.01,0.006],"_shiftlockState":false,"_pose":"Running","_animationQueue":[],"_animationSpeed":1.089,"_zoom":20.352},{"_mousePosition":[1009,379],"_rootPartCFrame":[772.659,222.699,47.104,0.01,0,1,0,1,0,-1,0,0.01],"_humanoidState":8,"_cameraCFrame":[783.422,241.472,47.226,0.011,-0.849,0.529,0,0.529,0.849,-1,-0.01,0.006],"_shiftlockState":false,"_pose":"Running","_animationQueue":[],"_animationSpeed":1.089,"_zoom":20.352},{"_mousePosition":[1008,379],"_rootPartCFrame":[772.392,222.7,47.101,0.01,0,1,0,1,0,-1,0,0.01],"_humanoidState":8,"_cameraCFrame":[783.155,241.473,47.223,0.011,-0.849,0.529,0,0.529,0.849,-1,-0.01,0.006],"_shiftlockState":false,"_pose":"Running","_animationQueue":[],"_animationSpeed":1.089,"_zoom":20.352},{"_mousePosition":[998,386],"_rootPartCFrame":[772.126,222.7,47.098,0.01,0,1,0,1,0,-1,0,0.01],"_humanoidState":8,"_cameraCFrame":[782.888,241.473,47.22,0.011,-0.849,0.529,0,0.529,0.849,-1,-0.01,0.006],"_shiftlockState":false,"_pose":"Running","_animationQueue":[],"_animationSpeed":1.089,"_zoom":20.352},{"_mousePosition":[996,388],"_rootPartCFrame":[771.859,222.7,47.095,0.01,0,1,0,1,0,-1,0,0.01],"_humanoidState":8,"_cameraCFrame":[782.622,241.473,47.217,0.011,-0.849,0.529,0,0.529,0.849,-1,-0.01,0.006],"_shiftlockState":false,"_pose":"Running","_animationQueue":[],"_animationSpeed":1.089,"_zoom":20.352},{"_mousePosition":[982,398],"_rootPartCFrame":[771.593,222.7,47.092,0.01,0,1,0,1,0,-1,0,0.01],"_humanoidState":8,"_cameraCFrame":[782.355,241.473,47.214,0.011,-0.849,0.529,0,0.529,0.849,-1,-0.01,0.006],"_shiftlockState":false,"_pose":"Running","_animationQueue":[["walk",0.1]],"_animationSpeed":1.089,"_zoom":20.352},{"_mousePosition":[979,400],"_rootPartCFrame":[771.326,222.7,47.089,0.01,0,1,0,1,0,-1,0,0.01],"_humanoidState":8,"_cameraCFrame":[782.089,241.473,47.211,0.011,-0.849,0.529,0,0.529,0.849,-1,-0.01,0.006],"_shiftlockState":false,"_pose":"Running","_animationQueue":[],"_animationSpeed":1.089,"_zoom":20.352},{"_mousePosition":[958,418],"_rootPartCFrame":[771.059,222.7,47.086,0.011,0,1,0,1,0,-1,0,0.011],"_humanoidState":8,"_cameraCFrame":[781.822,241.473,47.208,0.011,-0.849,0.529,0,0.529,0.849,-1,-0.01,0.006],"_shiftlockState":false,"_pose":"Running","_animationQueue":[],"_animationSpeed":1.089,"_zoom":20.352},{"_mousePosition":[955,420],"_rootPartCFrame":[770.793,222.7,47.083,0.011,0,1,0,1,0,-1,0,0.011],"_humanoidState":8,"_cameraCFrame":[781.555,241.473,47.205,0.011,-0.849,0.529,0,0.529,0.849,-1,-0.01,0.006],"_shiftlockState":false,"_pose":"Running","_animationQueue":[],"_animationSpeed":1.089,"_zoom":20.352},{"_mousePosition":[937,442],"_rootPartCFrame":[770.526,222.7,47.08,0.011,0,1,0,1,0,-1,0,0.011],"_humanoidState":8,"_cameraCFrame":[781.289,241.473,47.202,0.011,-0.849,0.529,0,0.529,0.849,-1,-0.01,0.006],"_shiftlockState":false,"_pose":"Running","_animationQueue":[],"_animationSpeed":1.089,"_zoom":20.352},{"_mousePosition":[936,442],"_rootPartCFrame":[770.26,223.563,47.077,0.011,0,1,0,1,0,-1,0,0.011],"_humanoidState":3,"_cameraCFrame":[781.022,242.336,47.199,0.011,-0.849,0.529,0,0.529,0.849,-1,-0.01,0.006],"_shiftlockState":false,"_pose":"Jumping","_animationQueue":[["walk",0.1],["jump",0.1]],"_animationSpeed":1,"_zoom":20.352},{"_mousePosition":[925,462],"_rootPartCFrame":[769.993,224.371,47.074,0.011,0,1,0,1,0,-1,0,0.011],"_humanoidState":5,"_cameraCFrame":[780.756,243.144,47.196,0.011,-0.849,0.529,0,0.529,0.849,-1,-0.01,0.006],"_shiftlockState":false,"_pose":"FreeFall","_animationQueue":[["jump",0.1]],"_animationSpeed":1,"_zoom":20.352},{"_mousePosition":[924,465],"_rootPartCFrame":[769.726,225.125,47.071,0.011,0,1,0,1,0,-1,0,0.011],"_humanoidState":5,"_cameraCFrame":[780.489,243.898,47.193,0.011,-0.849,0.529,0,0.529,0.849,-1,-0.01,0.006],"_shiftlockState":false,"_pose":"FreeFall","_animationQueue":[],"_animationSpeed":1,"_zoom":20.352},{"_mousePosition":[914,481],"_rootPartCFrame":[769.46,225.824,47.068,0.011,0,1,0,1,0,-1,0,0.011],"_humanoidState":5,"_cameraCFrame":[780.222,244.597,47.19,0.011,-0.849,0.529,0,0.529,0.849,-1,-0.01,0.006],"_shiftlockState":false,"_pose":"FreeFall","_animationQueue":[],"_animationSpeed":1,"_zoom":20.352},{"_mousePosition":[913,484],"_rootPartCFrame":[769.193,226.469,47.065,0.011,0,1,0,1,0,-1,0,0.011],"_humanoidState":5,"_cameraCFrame":[779.956,245.242,47.187,0.011,-0.849,0.529,0,0.529,0.849,-1,-0.01,0.006],"_shiftlockState":false,"_pose":"FreeFall","_animationQueue":[],"_animationSpeed":1,"_zoom":20.352},{"_mousePosition":[909,495],"_rootPartCFrame":[768.927,227.06,47.062,0.011,0,1,0,1,0,-1,0,0.011],"_humanoidState":5,"_cameraCFrame":[779.689,245.833,47.184,0.011,-0.849,0.529,0,0.529,0.849,-1,-0.01,0.006],"_shiftlockState":false,"_pose":"FreeFall","_animationQueue":[],"_animationSpeed":1,"_zoom":20.352},{"_mousePosition":[909,496],"_rootPartCFrame":[768.727,227.467,47.059,0.011,0,1,0,1,0,-1,0,0.011],"_humanoidState":5,"_cameraCFrame":[779.489,246.24,47.181,0.011,-0.849,0.529,0,0.529,0.849,-1,-0.01,0.006],"_shiftlockState":false,"_pose":"FreeFall","_animationQueue":[],"_animationSpeed":1,"_zoom":20.352},{"_mousePosition":[912,500],"_rootPartCFrame":[768.393,228.077,47.055,0.011,0,1,0,1,0,-1,0,0.011],"_humanoidState":5,"_cameraCFrame":[779.156,246.85,47.178,0.011,-0.849,0.529,0,0.529,0.849,-1,-0.01,0.006],"_shiftlockState":false,"_pose":"FreeFall","_animationQueue":[],"_animationSpeed":1,"_zoom":20.352},{"_mousePosition":[913,502],"_rootPartCFrame":[768.127,228.504,47.052,0.011,0,1,0,1,0,-1,0,0.011],"_humanoidState":5,"_cameraCFrame":[778.889,247.277,47.175,0.011,-0.849,0.529,0,0.529,0.849,-1,-0.01,0.006],"_shiftlockState":false,"_pose":"FreeFall","_animationQueue":[],"_animationSpeed":1,"_zoom":20.352},{"_mousePosition":[911,502],"_rootPartCFrame":[767.86,228.876,47.049,0.011,0,1,0,1,0,-1,0,0.011],"_humanoidState":5,"_cameraCFrame":[778.623,247.649,47.172,0.011,-0.849,0.529,0,0.529,0.849,-1,-0.01,0.006],"_shiftlockState":false,"_pose":"FreeFall","_animationQueue":[],"_animationSpeed":1,"_zoom":20.352},{"_mousePosition":[910,502],"_rootPartCFrame":[767.594,229.194,47.046,0.011,0,1,0,1,0,-1,0,0.011],"_humanoidState":5,"_cameraCFrame":[778.356,247.967,47.168,0.011,-0.849,0.529,0,0.529,0.849,-1,-0.01,0.006],"_shiftlockState":false,"_pose":"FreeFall","_animationQueue":[],"_animationSpeed":1,"_zoom":20.352},{"_mousePosition":[897,502],"_rootPartCFrame":[767.327,229.457,47.043,0.011,0,1,0,1,0,-1,0,0.011],"_humanoidState":5,"_cameraCFrame":[778.09,248.23,47.165,0.011,-0.849,0.529,0,0.529,0.849,-1,-0.01,0.006],"_shiftlockState":false,"_pose":"FreeFall","_animationQueue":[],"_animationSpeed":1,"_zoom":20.352},{"_mousePosition":[894,502],"_rootPartCFrame":[767.06,229.666,47.04,0.011,0,1,0,1,0,-1,0,0.011],"_humanoidState":5,"_cameraCFrame":[777.823,248.439,47.162,0.011,-0.849,0.529,0,0.529,0.849,-1,-0.01,0.006],"_shiftlockState":false,"_pose":"FreeFall","_animationQueue":[],"_animationSpeed":1,"_zoom":20.352},{"_mousePosition":[866,510],"_rootPartCFrame":[766.794,229.821,47.037,0.011,0,1,0,1,0,-1,0,0.011],"_humanoidState":5,"_cameraCFrame":[777.576,248.594,45.41,0.011,-0.849,0.529,0,0.529,0.849,-1,-0.01,0.006],"_shiftlockState":true,"_pose":"FreeFall","_animationQueue":[],"_animationSpeed":1,"_zoom":20.352},{"_mousePosition":[683,384],"_rootPartCFrame":[766.527,229.921,47.034,0.011,0,1,0,1,0,-1,0,0.011],"_humanoidState":5,"_cameraCFrame":[777.31,248.694,45.407,0.011,-0.849,0.529,0,0.529,0.849,-1,-0.01,0.006],"_shiftlockState":true,"_pose":"FreeFall","_animationQueue":[["fall",0.3]],"_animationSpeed":1,"_zoom":20.352},{"_mousePosition":[683,384],"_rootPartCFrame":[766.261,229.966,47.031,0.011,0,1,0,1,0,-1,0,0.011],"_humanoidState":5,"_cameraCFrame":[776.675,248.91,44.907,-0.036,-0.857,0.515,0,0.515,0.857,-0.999,0.031,-0.018],"_shiftlockState":true,"_pose":"FreeFall","_animationQueue":[],"_animationSpeed":1,"_zoom":20.352},{"_mousePosition":[683,384],"_rootPartCFrame":[765.994,229.957,47.028,-0.031,0,1,0,1,0,-1,0,-0.031],"_humanoidState":5,"_cameraCFrame":[776.001,249.068,44.387,-0.088,-0.862,0.499,0,0.501,0.865,-0.996,0.076,-0.044],"_shiftlockState":true,"_pose":"FreeFall","_animationQueue":[],"_animationSpeed":1,"_zoom":20.352},{"_mousePosition":[683,384],"_rootPartCFrame":[765.727,229.893,47.036,-0.082,0,0.997,0,1,0,-0.997,0,-0.082],"_humanoidState":5,"_cameraCFrame":[775.214,249.191,43.791,-0.154,-0.864,0.479,0,0.485,0.874,-0.988,0.134,-0.074],"_shiftlockState":true,"_pose":"FreeFall","_animationQueue":[],"_animationSpeed":1,"_zoom":20.352},{"_mousePosition":[683,384],"_rootPartCFrame":[765.462,229.775,47.057,-0.145,0,0.989,0,1,0,-0.989,0,-0.145],"_humanoidState":5,"_cameraCFrame":[774.426,249.237,43.279,-0.216,-0.862,0.459,0,0.47,0.883,-0.976,0.191,-0.102],"_shiftlockState":true,"_pose":"FreeFall","_animationQueue":[],"_animationSpeed":1,"_zoom":20.352},{"_mousePosition":[683,384],"_rootPartCFrame":[765.198,229.603,47.095,-0.208,0,0.978,0,1,0,-0.978,0,-0.208],"_humanoidState":5,"_cameraCFrame":[773.578,249.224,42.776,-0.285,-0.853,0.436,0,0.455,0.89,-0.958,0.254,-0.13],"_shiftlockState":true,"_pose":"FreeFall","_animationQueue":[],"_animationSpeed":1,"_zoom":20.352},{"_mousePosition":[683,384],"_rootPartCFrame":[765.002,229.437,47.136,-0.279,0,0.96,0,1,0,-0.96,0,-0.279],"_humanoidState":5,"_cameraCFrame":[772.747,249.198,42.256,-0.361,-0.837,0.412,0,0.441,0.897,-0.932,0.324,-0.16],"_shiftlockState":true,"_pose":"FreeFall","_animationQueue":[],"_animationSpeed":1,"_zoom":20.352},{"_mousePosition":[683,384],"_rootPartCFrame":[764.681,229.094,47.17,-0.257,0,0.966,0,1,0,-0.966,0,-0.257],"_humanoidState":5,"_cameraCFrame":[771.95,248.941,41.895,-0.418,-0.819,0.393,0,0.433,0.901,-0.908,0.377,-0.181],"_shiftlockState":true,"_pose":"FreeFall","_animationQueue":[["fall",0.3]],"_animationSpeed":1,"_zoom":20.352},{"_mousePosition":[683,384],"_rootPartCFrame":[764.43,228.758,47.152,-0.315,0,0.949,0,1,0,-0.949,0,-0.315],"_humanoidState":5,"_cameraCFrame":[771.105,248.703,41.453,-0.485,-0.793,0.37,0,0.423,0.906,-0.875,0.439,-0.205],"_shiftlockState":true,"_pose":"FreeFall","_animationQueue":[],"_animationSpeed":1,"_zoom":20.352},{"_mousePosition":[683,384],"_rootPartCFrame":[764.18,228.367,47.095,-0.382,0,0.924,0,1,0,-0.924,0,-0.382],"_humanoidState":5,"_cameraCFrame":[769.962,248.495,41.027,-0.564,-0.756,0.333,0,0.403,0.915,-0.826,0.516,-0.227],"_shiftlockState":true,"_pose":"FreeFall","_animationQueue":[],"_animationSpeed":1,"_zoom":20.352},{"_mousePosition":[683,384],"_rootPartCFrame":[763.988,228.038,47.04,-0.49,0,0.872,0,1,0,-0.872,0,-0.49],"_humanoidState":5,"_cameraCFrame":[768.803,248.409,40.878,-0.63,-0.72,0.291,0,0.375,0.927,-0.776,0.584,-0.236],"_shiftlockState":true,"_pose":"FreeFall","_animationQueue":[],"_animationSpeed":1,"_zoom":20.352},{"_mousePosition":[683,384],"_rootPartCFrame":[763.662,227.422,46.973,-0.512,0,0.859,0,1,0,-0.859,0,-0.512],"_humanoidState":5,"_cameraCFrame":[767.831,247.995,40.963,-0.661,-0.703,0.262,0,0.349,0.937,-0.75,0.62,-0.231],"_shiftlockState":true,"_pose":"FreeFall","_animationQueue":[],"_animationSpeed":1,"_zoom":20.352},{"_mousePosition":[683,384],"_rootPartCFrame":[763.398,226.868,46.941,-0.574,0,0.819,0,1,0,-0.819,0,-0.574],"_humanoidState":5,"_cameraCFrame":[767.438,247.492,41.005,-0.665,-0.702,0.256,0,0.342,0.94,-0.747,0.624,-0.227],"_shiftlockState":true,"_pose":"FreeFall","_animationQueue":[],"_animationSpeed":1,"_zoom":20.352},{"_mousePosition":[683,384],"_rootPartCFrame":[763.132,226.26,46.922,-0.581,0,0.814,0,1,0,-0.814,0,-0.581],"_humanoidState":5,"_cameraCFrame":[767.465,246.866,41.141,-0.631,-0.728,0.267,0,0.344,0.939,-0.776,0.592,-0.217],"_shiftlockState":true,"_pose":"FreeFall","_animationQueue":[],"_animationSpeed":1,"_zoom":20.352},{"_mousePosition":[683,384],"_rootPartCFrame":[762.866,225.597,46.906,-0.55,0,0.835,0,1,0,-0.835,0,-0.55],"_humanoidState":5,"_cameraCFrame":[767.318,246.22,41.273,-0.61,-0.745,0.271,0,0.342,0.94,-0.793,0.573,-0.209],"_shiftlockState":true,"_pose":"FreeFall","_animationQueue":[["fall",0.3]],"_animationSpeed":1,"_zoom":20.352},{"_mousePosition":[683,384],"_rootPartCFrame":[762.6,224.879,46.881,-0.527,0,0.85,0,1,0,-0.85,0,-0.527],"_humanoidState":5,"_cameraCFrame":[766.96,245.183,41.319,-0.61,-0.745,0.271,0,0.342,0.94,-0.793,0.573,-0.209],"_shiftlockState":true,"_pose":"FreeFall","_animationQueue":[],"_animationSpeed":1,"_zoom":15.882},{"_mousePosition":[683,384],"_rootPartCFrame":[762.402,224.305,46.856,-0.547,0,0.837,0,1,0,-0.837,0,-0.547],"_humanoidState":5,"_cameraCFrame":[766.564,243.922,41.447,-0.61,-0.745,0.271,0,0.342,0.94,-0.793,0.573,-0.209],"_shiftlockState":true,"_pose":"FreeFall","_animationQueue":[],"_animationSpeed":1,"_zoom":15.882},{"_mousePosition":[683,384],"_rootPartCFrame":[762.071,223.28,46.813,-0.583,0,0.813,0,1,0,-0.813,0,-0.583],"_humanoidState":7,"_cameraCFrame":[765.921,241.817,41.643,-0.61,-0.745,0.271,0,0.342,0.94,-0.793,0.573,-0.209],"_shiftlockState":true,"_pose":"FreeFall","_animationQueue":[["walk",0.1],["fall",0.3],["fall",0.3]],"_animationSpeed":1,"_zoom":12.305},{"_mousePosition":[683,384],"_rootPartCFrame":[761.807,223.139,46.779,-0.608,0,0.794,0,1,0,-0.794,0,-0.608],"_humanoidState":7,"_cameraCFrame":[765.332,240.551,41.859,-0.61,-0.745,0.271,0,0.342,0.94,-0.793,0.573,-0.209],"_shiftlockState":true,"_pose":"FreeFall","_animationQueue":[],"_animationSpeed":1,"_zoom":12.305},{"_mousePosition":[683,384],"_rootPartCFrame":[761.542,223.249,46.744,-0.61,0,0.793,0,1,0,-0.793,0,-0.61],"_humanoidState":8,"_cameraCFrame":[764.754,239.572,42.066,-0.61,-0.745,0.271,0,0.342,0.94,-0.793,0.573,-0.209],"_shiftlockState":true,"_pose":"Running","_animationQueue":[["walk",0.1],["fall",0.3],["walk",0.1]],"_animationSpeed":1.103,"_zoom":12.305},{"_mousePosition":[683,384],"_rootPartCFrame":[761.278,223.338,46.71,-0.61,0,0.793,0,1,0,-0.793,0,-0.61],"_humanoidState":8,"_cameraCFrame":[764.232,238.77,42.229,-0.61,-0.745,0.271,0,0.342,0.94,-0.793,0.573,-0.209],"_shiftlockState":true,"_pose":"Running","_animationQueue":[],"_animationSpeed":1.103,"_zoom":12.305},{"_mousePosition":[683,384],"_rootPartCFrame":[761.014,223.389,46.675,-0.61,0,0.793,0,1,0,-0.793,0,-0.61],"_humanoidState":8,"_cameraCFrame":[763.79,238.206,42.331,-0.61,-0.745,0.271,0,0.342,0.94,-0.793,0.573,-0.209],"_shiftlockState":true,"_pose":"Running","_animationQueue":[["walk",0.1]],"_animationSpeed":1.103,"_zoom":12.305},{"_mousePosition":[683,384],"_rootPartCFrame":[760.815,223.412,46.649,-0.61,0,0.793,0,1,0,-0.793,0,-0.61],"_humanoidState":8,"_cameraCFrame":[763.435,237.702,42.42,-0.611,-0.744,0.271,0,0.342,0.94,-0.792,0.574,-0.209],"_shiftlockState":true,"_pose":"Running","_animationQueue":[],"_animationSpeed":1.103,"_zoom":12.305},{"_mousePosition":[683,384],"_rootPartCFrame":[760.485,223.434,46.606,-0.611,0,0.792,0,1,0,-0.792,0,-0.611],"_humanoidState":8,"_cameraCFrame":[762.835,237.292,42.219,-0.659,-0.704,0.265,0,0.353,0.936,-0.752,0.617,-0.232],"_shiftlockState":true,"_pose":"Running","_animationQueue":[],"_animationSpeed":1.103,"_zoom":12.305},{"_mousePosition":[683,384],"_rootPartCFrame":[760.286,223.44,46.58,-0.659,0,0.752,0,1,0,-0.752,0,-0.659],"_humanoidState":8,"_cameraCFrame":[762.1,237.035,42.057,-0.733,-0.637,0.24,0,0.352,0.936,-0.681,0.686,-0.258],"_shiftlockState":true,"_pose":"Running","_animationQueue":[],"_animationSpeed":1.103,"_zoom":12.305},{"_mousePosition":[683,384],"_rootPartCFrame":[759.954,223.447,46.556,-0.737,0,0.676,0,1,0,-0.676,0,-0.737],"_humanoidState":8,"_cameraCFrame":[761.199,236.889,41.974,-0.8,-0.562,0.208,0,0.347,0.938,-0.599,0.751,-0.278],"_shiftlockState":true,"_pose":"Running","_animationQueue":[],"_animationSpeed":1.103,"_zoom":12.305},{"_mousePosition":[683,384],"_rootPartCFrame":[759.688,223.449,46.562,-0.802,0,0.598,0,1,0,-0.598,0,-0.802],"_humanoidState":8,"_cameraCFrame":[760.391,236.792,42.012,-0.856,-0.486,0.175,0,0.338,0.941,-0.517,0.806,-0.29],"_shiftlockState":true,"_pose":"Running","_animationQueue":[],"_animationSpeed":1.103,"_zoom":12.305},{"_mousePosition":[683,384],"_rootPartCFrame":[759.423,223.451,46.596,-0.856,0,0.517,0,1,0,-0.517,0,-0.856],"_humanoidState":8,"_cameraCFrame":[759.684,236.746,42.133,-0.896,-0.42,0.146,0,0.329,0.944,-0.444,0.846,-0.295],"_shiftlockState":true,"_pose":"Running","_animationQueue":[["walk",0.1]],"_animationSpeed":1.103,"_zoom":12.305},{"_mousePosition":[683,384],"_rootPartCFrame":[759.164,223.451,46.656,-0.896,0,0.444,0,1,0,-0.444,0,-0.896],"_humanoidState":8,"_cameraCFrame":[759.067,236.72,42.293,-0.925,-0.36,0.122,0,0.322,0.947,-0.381,0.876,-0.297],"_shiftlockState":true,"_pose":"Running","_animationQueue":[],"_animationSpeed":1.103,"_zoom":12.305},{"_mousePosition":[683,384],"_rootPartCFrame":[758.91,223.452,46.737,-0.925,0,0.381,0,1,0,-0.381,0,-0.925],"_humanoidState":8,"_cameraCFrame":[758.503,236.712,42.483,-0.947,-0.304,0.101,0,0.315,0.949,-0.321,0.899,-0.298],"_shiftlockState":true,"_pose":"Running","_animationQueue":[],"_animationSpeed":1.103,"_zoom":12.305},{"_mousePosition":[683,384],"_rootPartCFrame":[758.663,223.452,46.837,-0.947,0,0.321,0,1,0,-0.321,0,-0.947],"_humanoidState":8,"_cameraCFrame":[757.99,236.711,42.694,-0.964,-0.253,0.082,0,0.309,0.951,-0.266,0.917,-0.298],"_shiftlockState":true,"_pose":"Running","_animationQueue":[],"_animationSpeed":1.103,"_zoom":12.305},{"_mousePosition":[683,384],"_rootPartCFrame":[758.423,223.452,46.953,-0.964,0,0.266,0,1,0,-0.266,0,-0.964],"_humanoidState":8,"_cameraCFrame":[757.476,236.714,42.932,-0.979,-0.195,0.062,0,0.303,0.953,-0.205,0.933,-0.297],"_shiftlockState":true,"_pose":"Running","_animationQueue":[],"_animationSpeed":1.103,"_zoom":12.305},{"_mousePosition":[683,384],"_rootPartCFrame":[758.19,223.452,47.083,-0.979,0,0.205,0,1,0,-0.205,0,-0.979],"_humanoidState":8,"_cameraCFrame":[756.988,236.72,43.187,-0.99,-0.137,0.043,0,0.299,0.954,-0.144,0.944,-0.296],"_shiftlockState":true,"_pose":"Running","_animationQueue":[],"_animationSpeed":1.103,"_zoom":12.305},{"_mousePosition":[683,384],"_rootPartCFrame":[757.965,223.452,47.227,-0.99,0,0.144,0,1,0,-0.144,0,-0.99],"_humanoidState":8,"_cameraCFrame":[756.507,236.735,43.496,-0.997,-0.076,0.023,0,0.292,0.956,-0.079,0.953,-0.292],"_shiftlockState":true,"_pose":"Running","_animationQueue":[],"_animationSpeed":1.103,"_zoom":12.305},{"_mousePosition":[683,384],"_rootPartCFrame":[757.75,223.452,47.384,-0.997,0,0.079,0,1,0,-0.079,0,-0.997],"_humanoidState":8,"_cameraCFrame":[756.078,236.744,43.792,-1,-0.021,0.006,0,0.289,0.957,-0.022,0.957,-0.289],"_shiftlockState":true,"_pose":"Running","_animationQueue":[["walk",0.1]],"_animationSpeed":1.103,"_zoom":12.305},{"_mousePosition":[683,384],"_rootPartCFrame":[757.546,223.452,47.556,-1,0,0.022,0,1,0,-0.022,0,-1],"_humanoidState":8,"_cameraCFrame":[755.643,236.749,44.112,-0.999,0.042,-0.013,0,0.286,0.958,0.044,0.957,-0.286],"_shiftlockState":true,"_pose":"Running","_animationQueue":[],"_animationSpeed":1.103,"_zoom":12.305},{"_mousePosition":[683,384],"_rootPartCFrame":[757.353,223.452,47.74,-0.999,0,-0.044,0,1,0,0.044,0,-0.999],"_humanoidState":8,"_cameraCFrame":[755.221,236.741,44.412,-0.994,0.106,-0.032,0,0.288,0.958,0.111,0.952,-0.286],"_shiftlockState":true,"_pose":"Running","_animationQueue":[],"_animationSpeed":1.103,"_zoom":12.305},{"_mousePosition":[683,384],"_rootPartCFrame":[757.172,223.452,47.935,-0.994,0,-0.111,0,1,0,0.111,0,-0.994],"_humanoidState":8,"_cameraCFrame":[754.812,236.722,44.703,-0.984,0.17,-0.052,0,0.292,0.956,0.177,0.941,-0.288],"_shiftlockState":true,"_pose":"Running","_animationQueue":[],"_animationSpeed":1.103,"_zoom":12.305},{"_mousePosition":[683,384],"_rootPartCFrame":[757.004,223.469,48.143,-0.984,0,-0.177,0,1,0,0.177,0,-0.984],"_humanoidState":8,"_cameraCFrame":[754.402,236.703,44.968,-0.97,0.232,-0.074,0,0.302,0.953,0.244,0.925,-0.293],"_shiftlockState":true,"_pose":"Running","_animationQueue":[],"_animationSpeed":1.103,"_zoom":12.305},{"_mousePosition":[683,384],"_rootPartCFrame":[756.851,223.518,48.361,-0.97,0,-0.244,0,1,0,0.244,0,-0.97],"_humanoidState":8,"_cameraCFrame":[754.09,236.683,45.073,-0.961,0.261,-0.088,0,0.319,0.948,0.275,0.911,-0.306],"_shiftlockState":true,"_pose":"Running","_animationQueue":[],"_animationSpeed":1.103,"_zoom":12.305},{"_mousePosition":[683,384],"_rootPartCFrame":[756.713,223.555,48.589,-0.961,0,-0.275,0,1,0,0.275,0,-0.961],"_humanoidState":8,"_cameraCFrame":[753.906,236.685,45.217,-0.96,0.265,-0.092,0,0.327,0.945,0.28,0.907,-0.314],"_shiftlockState":true,"_pose":"Running","_animationQueue":[["walk",0.1]],"_animationSpeed":1.103,"_zoom":12.305},{"_mousePosition":[683,384],"_rootPartCFrame":[756.583,223.594,48.822,-0.96,0,-0.28,0,1,0,0.28,0,-0.96],"_humanoidState":8,"_cameraCFrame":[753.776,236.723,45.449,-0.96,0.265,-0.092,0,0.327,0.945,0.28,0.907,-0.314],"_shiftlockState":true,"_pose":"Running","_animationQueue":[],"_animationSpeed":1.103,"_zoom":12.305},{"_mousePosition":[683,384],"_rootPartCFrame":[756.455,223.62,49.055,-0.96,0,-0.28,0,1,0,0.28,0,-0.96],"_humanoidState":8,"_cameraCFrame":[753.647,236.749,45.683,-0.96,0.265,-0.092,0,0.327,0.945,0.28,0.907,-0.314],"_shiftlockState":true,"_pose":"Running","_animationQueue":[],"_animationSpeed":1.103,"_zoom":12.305},{"_mousePosition":[683,384],"_rootPartCFrame":[756.326,223.669,49.289,-0.96,0,-0.28,0,1,0,0.28,0,-0.96],"_humanoidState":8,"_cameraCFrame":[753.582,236.782,45.811,-0.966,0.244,-0.086,0,0.331,0.944,0.259,0.912,-0.319],"_shiftlockState":true,"_pose":"Running","_animationQueue":[],"_animationSpeed":1.103,"_zoom":12.305},{"_mousePosition":[683,384],"_rootPartCFrame":[756.203,223.711,49.288,-0.976,-0.002,-0.219,-0.002,1,0,0.219,0.001,-0.976],"_humanoidState":8,"_cameraCFrame":[753.971,236.753,45.253,-0.993,0.108,-0.04,0,0.347,0.938,0.115,0.932,-0.344],"_shiftlockState":true,"_pose":"Running","_animationQueue":[],"_animationSpeed":1.103,"_zoom":12.305},{"_mousePosition":[683,384],"_rootPartCFrame":[756.086,223.744,49.383,-0.994,0.005,-0.112,0.012,0.998,-0.058,0.111,-0.059,-0.992],"_humanoidState":8,"_cameraCFrame":[754.895,236.838,44.985,-0.991,-0.123,0.044,0,0.335,0.942,-0.13,0.934,-0.332],"_shiftlockState":true,"_pose":"Running","_animationQueue":[["walk",0.1]],"_animationSpeed":0.563,"_zoom":12.305},{"_mousePosition":[683,384],"_rootPartCFrame":[756.021,224.62,49.134,-0.996,0.012,0.094,0.005,0.997,-0.074,-0.095,-0.073,-0.993],"_humanoidState":3,"_cameraCFrame":[754.762,237.996,45.6,-0.99,-0.137,0.037,0,0.261,0.965,-0.142,0.956,-0.258],"_shiftlockState":true,"_pose":"Jumping","_animationQueue":[["walk",0.1],["walk",0.1],["jump",0.1]],"_animationSpeed":1,"_zoom":12.305},{"_mousePosition":[683,384],"_rootPartCFrame":[755.956,225.503,49.032,-0.994,0.009,0.113,-0.002,0.996,-0.094,-0.114,-0.094,-0.989],"_humanoidState":3,"_cameraCFrame":[754.168,239.115,46.798,-1,0.024,-0.004,0,0.174,0.985,0.024,0.985,-0.174],"_shiftlockState":true,"_pose":"Jumping","_animationQueue":[],"_animationSpeed":1,"_zoom":12.305},{"_mousePosition":[683,384],"_rootPartCFrame":[755.875,226.607,48.906,-0.998,-0.014,-0.059,-0.006,0.993,-0.12,0.06,-0.12,-0.991],"_humanoidState":3,"_cameraCFrame":[753.756,240.215,46.931,-0.984,0.174,-0.031,0,0.174,0.985,0.176,0.969,-0.171],"_shiftlockState":true,"_pose":"Jumping","_animationQueue":[],"_animationSpeed":1,"_zoom":12.305},{"_mousePosition":[683,384],"_rootPartCFrame":[755.817,227.251,48.851,-0.992,-0.02,-0.122,-0.01,0.997,-0.082,0.123,-0.08,-0.989],"_humanoidState":5,"_cameraCFrame":[753.478,240.864,47.215,-0.954,0.295,-0.052,0,0.174,0.985,0.299,0.94,-0.166],"_shiftlockState":true,"_pose":"FreeFall","_animationQueue":[["jump",0.1]],"_animationSpeed":1,"_zoom":12.305},{"_mousePosition":[683,384],"_rootPartCFrame":[755.742,227.864,48.81,-0.977,-0.02,-0.212,-0.012,0.999,-0.036,0.212,-0.032,-0.977],"_humanoidState":5,"_cameraCFrame":[753.211,241.481,47.592,-0.902,0.426,-0.075,0,0.174,0.985,0.433,0.888,-0.157],"_shiftlockState":true,"_pose":"FreeFall","_animationQueue":[],"_animationSpeed":1,"_zoom":12.305},{"_mousePosition":[683,384],"_rootPartCFrame":[755.581,228.816,48.764,-0.96,-0.007,-0.279,-0.007,1,-0.001,0.279,0.001,-0.96],"_humanoidState":5,"_cameraCFrame":[752.891,242.42,47.875,-0.836,0.54,-0.099,0,0.18,0.984,0.549,0.822,-0.15],"_shiftlockState":true,"_pose":"FreeFall","_animationQueue":[],"_animationSpeed":1,"_zoom":12.305},{"_mousePosition":[683,384],"_rootPartCFrame":[755.421,229.516,48.756,-0.901,-0.001,-0.433,-0.002,1,0.003,0.433,0.003,-0.901],"_humanoidState":5,"_cameraCFrame":[752.623,243.11,48.123,-0.771,0.626,-0.118,0,0.185,0.983,0.637,0.758,-0.142],"_shiftlockState":true,"_pose":"FreeFall","_animationQueue":[],"_animationSpeed":1,"_zoom":12.305},{"_mousePosition":[683,384],"_rootPartCFrame":[755.243,230.162,48.784,-0.849,0.001,-0.529,0,1,0.002,0.529,0.001,-0.849],"_humanoidState":5,"_cameraCFrame":[752.366,243.748,48.437,-0.695,0.706,-0.135,0,0.188,0.982,0.719,0.683,-0.131],"_shiftlockState":true,"_pose":"FreeFall","_animationQueue":[],"_animationSpeed":1,"_zoom":12.305},{"_mousePosition":[683,384],"_rootPartCFrame":[755.056,230.753,48.85,-0.784,0.001,-0.62,0,1,0,0.62,0,-0.784],"_humanoidState":5,"_cameraCFrame":[752.102,244.326,48.827,-0.599,0.786,-0.155,0,0.193,0.981,0.801,0.587,-0.116],"_shiftlockState":true,"_pose":"FreeFall","_animationQueue":[],"_animationSpeed":1,"_zoom":12.305},{"_mousePosition":[683,384],"_rootPartCFrame":[754.867,231.29,48.955,-0.7,0,-0.714,0,1,0,0.714,0,-0.7],"_humanoidState":5,"_cameraCFrame":[751.871,244.849,49.241,-0.502,0.848,-0.172,0,0.199,0.98,0.865,0.492,-0.1],"_shiftlockState":true,"_pose":"FreeFall","_animationQueue":[],"_animationSpeed":1,"_zoom":12.305},{"_mousePosition":[683,384],"_rootPartCFrame":[754.685,231.772,49.1,-0.612,0,-0.791,0,1,0,0.791,0,-0.612],"_humanoidState":5,"_cameraCFrame":[751.683,245.317,49.719,-0.393,0.9,-0.188,0,0.205,0.979,0.919,0.385,-0.08],"_shiftlockState":true,"_pose":"FreeFall","_animationQueue":[],"_animationSpeed":1,"_zoom":12.305},{"_mousePosition":[683,384],"_rootPartCFrame":[754.522,232.2,49.28,-0.512,0,-0.859,0,1,0,0.859,0,-0.512],"_humanoidState":5,"_cameraCFrame":[751.578,245.739,50.217,-0.29,0.936,-0.198,0,0.207,0.978,0.957,0.284,-0.06],"_shiftlockState":true,"_pose":"FreeFall","_animationQueue":[],"_animationSpeed":1,"_zoom":12.305},{"_mousePosition":[683,384],"_rootPartCFrame":[754.383,232.573,49.49,-0.414,0,-0.91,0,1,0,0.91,0,-0.414],"_humanoidState":5,"_cameraCFrame":[751.53,246.11,50.698,-0.199,0.959,-0.204,0,0.208,0.978,0.98,0.194,-0.041],"_shiftlockState":true,"_pose":"FreeFall","_animationQueue":[],"_animationSpeed":1,"_zoom":12.305},{"_mousePosition":[683,384],"_rootPartCFrame":[754.275,232.892,49.725,-0.327,0,-0.945,0,1,0,0.945,0,-0.327],"_humanoidState":5,"_cameraCFrame":[751.564,246.433,51.19,-0.109,0.973,-0.205,0,0.206,0.979,0.994,0.106,-0.022],"_shiftlockState":true,"_pose":"FreeFall","_animationQueue":[],"_animationSpeed":1,"_zoom":12.305},{"_mousePosition":[683,384],"_rootPartCFrame":[754.202,233.156,49.978,-0.24,0,-0.971,0,1,0,0.971,0,-0.24],"_humanoidState":5,"_cameraCFrame":[751.64,246.699,51.675,-0.021,0.978,-0.205,0,0.205,0.979,1,0.02,-0.004],"_shiftlockState":true,"_pose":"FreeFall","_animationQueue":[],"_animationSpeed":1,"_zoom":12.305},{"_mousePosition":[683,384],"_rootPartCFrame":[754.164,233.366,50.241,-0.153,0,-0.988,0,1,0,0.988,0,-0.153],"_humanoidState":5,"_cameraCFrame":[751.711,246.909,52.093,0.041,0.978,-0.205,0,0.205,0.979,0.999,-0.04,0.008],"_shiftlockState":true,"_pose":"FreeFall","_animationQueue":[],"_animationSpeed":1,"_zoom":12.305},{"_mousePosition":[683,384],"_rootPartCFrame":[754.154,233.487,50.441,-0.059,0,-0.998,0,1,0,0.998,0,-0.059],"_humanoidState":5,"_cameraCFrame":[751.817,247.028,52.449,0.106,0.973,-0.205,0,0.206,0.979,0.994,-0.103,0.022],"_shiftlockState":true,"_pose":"FreeFall","_animationQueue":[],"_animationSpeed":1,"_zoom":12.305},{"_mousePosition":[683,384],"_rootPartCFrame":[754.164,233.621,50.774,-0.061,0,-0.998,0,1,0,0.998,0,-0.061],"_humanoidState":5,"_cameraCFrame":[751.919,247.16,52.896,0.155,0.967,-0.204,0,0.207,0.978,0.988,-0.151,0.032],"_shiftlockState":true,"_pose":"FreeFall","_animationQueue":[],"_animationSpeed":1,"_zoom":12.305},{"_mousePosition":[683,384],"_rootPartCFrame":[754.19,233.668,51.039,0.022,0,-1,0,1,0,1,0,0.022],"_humanoidState":5,"_cameraCFrame":[752.09,247.205,53.316,0.223,0.953,-0.202,0,0.208,0.978,0.975,-0.219,0.046],"_shiftlockState":true,"_pose":"FreeFall","_animationQueue":[],"_animationSpeed":1,"_zoom":12.305},{"_mousePosition":[683,384],"_rootPartCFrame":[754.229,233.659,51.303,0.092,0,-0.996,0,1,0,0.996,0,0.092],"_humanoidState":5,"_cameraCFrame":[752.272,247.182,53.776,0.308,0.929,-0.203,0,0.213,0.977,0.951,-0.301,0.066],"_shiftlockState":true,"_pose":"FreeFall","_animationQueue":[],"_animationSpeed":1,"_zoom":12.305},{"_mousePosition":[683,384],"_rootPartCFrame":[754.286,233.742,51.563,0.279,0,-0.96,0,1,0,0.96,0,0.279],"_humanoidState":7,"_cameraCFrame":[752.446,247.234,54.264,0.396,0.895,-0.206,0,0.224,0.975,0.918,-0.386,0.089],"_shiftlockState":true,"_pose":"FreeFall","_animationQueue":[["fall",0.3],["walk",0.1],["fall",0.3],["fall",0.3]],"_animationSpeed":1,"_zoom":12.305},{"_mousePosition":[683,384],"_rootPartCFrame":[754.365,233.83,51.818,0.401,0,-0.916,0,1,0,0.916,0,0.401],"_humanoidState":7,"_cameraCFrame":[752.592,247.292,54.689,0.455,0.866,-0.209,0,0.234,0.972,0.89,-0.442,0.107],"_shiftlockState":true,"_pose":"FreeFall","_animationQueue":[],"_animationSpeed":1,"_zoom":12.305},{"_mousePosition":[683,384],"_rootPartCFrame":[754.44,233.873,52.003,0.457,0,-0.89,0,1,0,0.89,0,0.457],"_humanoidState":7,"_cameraCFrame":[752.693,247.331,54.909,0.468,0.859,-0.209,0,0.236,0.972,0.884,-0.455,0.11],"_shiftlockState":true,"_pose":"FreeFall","_animationQueue":[],"_animationSpeed":1,"_zoom":12.305},{"_mousePosition":[683,384],"_rootPartCFrame":[754.488,233.915,52.114,0.468,0,-0.884,0,1,0,0.884,0,0.468],"_humanoidState":8,"_cameraCFrame":[752.741,247.373,55.02,0.468,0.859,-0.209,0,0.236,0.972,0.884,-0.455,0.11],"_shiftlockState":true,"_pose":"Running","_animationQueue":[["walk",0.1],["fall",0.3],["walk",0.1]],"_animationSpeed":1.103,"_zoom":12.305},{"_mousePosition":[683,384],"_rootPartCFrame":[754.497,234.778,52.135,0.468,0,-0.884,0,1,0,0.884,0,0.468],"_humanoidState":3,"_cameraCFrame":[752.75,248.236,55.041,0.468,0.859,-0.209,0,0.236,0.972,0.884,-0.455,0.11],"_shiftlockState":true,"_pose":"Jumping","_animationQueue":[["walk",0.1],["jump",0.1]],"_animationSpeed":1,"_zoom":12.305},{"_mousePosition":[683,384],"_rootPartCFrame":[754.499,235.389,52.14,0.468,0,-0.884,0,1,0,0.884,0,0.468],"_humanoidState":5,"_cameraCFrame":[752.752,248.847,55.045,0.468,0.859,-0.209,0,0.236,0.972,0.884,-0.455,0.11],"_shiftlockState":true,"_pose":"FreeFall","_animationQueue":[["jump",0.1]],"_animationSpeed":1,"_zoom":12.305},{"_mousePosition":[683,384],"_rootPartCFrame":[754.499,236.34,52.14,0.468,0,-0.884,0,1,0,0.884,0,0.468],"_humanoidState":5,"_cameraCFrame":[752.752,249.798,55.046,0.468,0.859,-0.209,0,0.236,0.972,0.884,-0.455,0.11],"_shiftlockState":true,"_pose":"FreeFall","_animationQueue":[],"_animationSpeed":1,"_zoom":12.305},{"_mousePosition":[683,384],"_rootPartCFrame":[754.499,236.87,52.14,0.468,0,-0.884,0,1,0,0.884,0,0.468],"_humanoidState":5,"_cameraCFrame":[752.752,250.328,55.046,0.468,0.859,-0.209,0,0.236,0.972,0.884,-0.455,0.11],"_shiftlockState":true,"_pose":"FreeFall","_animationQueue":[],"_animationSpeed":1,"_zoom":12.305},{"_mousePosition":[683,384],"_rootPartCFrame":[754.499,237.528,52.14,0.468,0,-0.884,0,1,0,0.884,0,0.468],"_humanoidState":5,"_cameraCFrame":[752.752,250.986,55.046,0.468,0.859,-0.209,0,0.236,0.972,0.884,-0.455,0.11],"_shiftlockState":true,"_pose":"FreeFall","_animationQueue":[],"_animationSpeed":1,"_zoom":12.305},{"_mousePosition":[683,384],"_rootPartCFrame":[754.499,238.132,52.14,0.468,0,-0.884,0,1,0,0.884,0,0.468],"_humanoidState":5,"_cameraCFrame":[752.752,251.59,55.046,0.468,0.859,-0.209,0,0.236,0.972,0.884,-0.455,0.11],"_shiftlockState":true,"_pose":"FreeFall","_animationQueue":[],"_animationSpeed":1,"_zoom":12.305},{"_mousePosition":[683,384],"_rootPartCFrame":[754.499,238.682,52.14,0.468,0,-0.884,0,1,0,0.884,0,0.468],"_humanoidState":5,"_cameraCFrame":[752.752,252.14,55.046,0.468,0.859,-0.209,0,0.236,0.972,0.884,-0.455,0.11],"_shiftlockState":true,"_pose":"FreeFall","_animationQueue":[],"_animationSpeed":1,"_zoom":12.305},{"_mousePosition":[683,384],"_rootPartCFrame":[754.499,239.292,52.14,0.468,0,-0.884,0,1,0,0.884,0,0.468],"_humanoidState":5,"_cameraCFrame":[752.752,252.75,55.046,0.468,0.859,-0.209,0,0.236,0.972,0.884,-0.455,0.11],"_shiftlockState":true,"_pose":"FreeFall","_animationQueue":[],"_animationSpeed":1,"_zoom":12.305},{"_mousePosition":[683,384],"_rootPartCFrame":[754.521,239.719,52.128,0.468,0,-0.884,0,1,0,0.884,0,0.468],"_humanoidState":5,"_cameraCFrame":[752.774,253.177,55.034,0.468,0.859,-0.209,0,0.236,0.972,0.884,-0.455,0.11],"_shiftlockState":true,"_pose":"FreeFall","_animationQueue":[],"_animationSpeed":1,"_zoom":12.305},{"_mousePosition":[683,384],"_rootPartCFrame":[754.56,240.003,52.107,0.468,0,-0.884,0,1,0,0.884,0,0.468],"_humanoidState":5,"_cameraCFrame":[752.813,253.461,55.013,0.468,0.859,-0.209,0,0.236,0.972,0.884,-0.455,0.11],"_shiftlockState":true,"_pose":"FreeFall","_animationQueue":[],"_animationSpeed":1,"_zoom":12.305},{"_mousePosition":[683,384],"_rootPartCFrame":[754.643,240.335,52.063,0.468,0,-0.884,0,1,0,0.884,0,0.468],"_humanoidState":5,"_cameraCFrame":[752.897,253.793,54.969,0.468,0.859,-0.209,0,0.236,0.972,0.884,-0.455,0.11],"_shiftlockState":true,"_pose":"FreeFall","_animationQueue":[],"_animationSpeed":1,"_zoom":12.305},{"_mousePosition":[683,384],"_rootPartCFrame":[754.797,240.673,51.982,0.468,0,-0.884,0,1,0,0.884,0,0.468],"_humanoidState":5,"_cameraCFrame":[753.05,254.13,54.888,0.468,0.859,-0.209,0,0.236,0.972,0.884,-0.455,0.11],"_shiftlockState":true,"_pose":"FreeFall","_animationQueue":[],"_animationSpeed":1,"_zoom":12.305},{"_mousePosition":[683,384],"_rootPartCFrame":[754.915,240.834,51.919,0.468,0,-0.884,0,1,0,0.884,0,0.468],"_humanoidState":5,"_cameraCFrame":[753.169,254.292,54.825,0.468,0.859,-0.209,0,0.236,0.972,0.884,-0.455,0.11],"_shiftlockState":true,"_pose":"FreeFall","_animationQueue":[],"_animationSpeed":1,"_zoom":12.305},{"_mousePosition":[683,384],"_rootPartCFrame":[755.104,241.002,51.819,0.468,0,-0.884,0,1,0,0.884,0,0.468],"_humanoidState":5,"_cameraCFrame":[753.483,254.47,54.759,0.496,0.845,-0.202,0,0.233,0.973,0.869,-0.482,0.115],"_shiftlockState":true,"_pose":"FreeFall","_animationQueue":[],"_animationSpeed":1,"_zoom":12.305},{"_mousePosition":[683,384],"_rootPartCFrame":[755.386,241.136,51.67,0.492,0,-0.87,0,1,0,0.87,0,0.492],"_humanoidState":5,"_cameraCFrame":[754.081,254.614,54.719,0.573,0.797,-0.188,0,0.229,0.973,0.819,-0.558,0.131],"_shiftlockState":true,"_pose":"FreeFall","_animationQueue":[],"_animationSpeed":1,"_zoom":12.305},{"_mousePosition":[683,384],"_rootPartCFrame":[755.618,241.181,51.539,0.565,0,-0.825,0,1,0,0.825,0,0.565],"_humanoidState":5,"_cameraCFrame":[754.51,254.671,54.621,0.615,0.769,-0.177,0,0.225,0.974,0.789,-0.599,0.138],"_shiftlockState":true,"_pose":"FreeFall","_animationQueue":[],"_animationSpeed":1,"_zoom":12.305},{"_mousePosition":[683,384],"_rootPartCFrame":[755.784,241.18,51.429,0.61,0,-0.793,0,1,0,0.793,0,0.61],"_humanoidState":5,"_cameraCFrame":[754.94,254.696,54.493,0.658,0.735,-0.162,0,0.216,0.976,0.753,-0.643,0.142],"_shiftlockState":true,"_pose":"FreeFall","_animationQueue":[["fall",0.3]],"_animationSpeed":1,"_zoom":12.305},{"_mousePosition":[683,384],"_rootPartCFrame":[756.049,241.109,51.226,0.651,0,-0.759,0,1,0,0.759,0,0.651],"_humanoidState":5,"_cameraCFrame":[755.438,254.643,54.271,0.699,0.699,-0.149,0,0.208,0.978,0.715,-0.684,0.146],"_shiftlockState":true,"_pose":"FreeFall","_animationQueue":[],"_animationSpeed":1,"_zoom":12.305},{"_mousePosition":[683,384],"_rootPartCFrame":[756.237,240.99,51.051,0.744,0,-0.668,0,1,0,0.668,0,0.744],"_humanoidState":5,"_cameraCFrame":[755.868,254.544,54.062,0.74,0.658,-0.135,0,0.201,0.98,0.672,-0.725,0.149],"_shiftlockState":true,"_pose":"FreeFall","_animationQueue":[],"_animationSpeed":1,"_zoom":12.305},{"_mousePosition":[683,384],"_rootPartCFrame":[756.284,240.97,50.865,0.