[{"_mousePosition":[1240,377],"_rootPartCFrame":[776.027,222.981,47.142,0.003,0.001,1,0,1,-0.001,-1,0,0.003],"_humanoidState":8,"_cameraCFrame":[776.902,234.581,40.167,-0.992,-0.102,0.071,0,0.571,0.821,-0.124,0.814,-0.567],"_shiftlockState":false,"_pose":"Standing","_animationQueue":[],"_animationSpeed":1,"_zoom":12.305},{"_mousePosition":[1256,382],"_rootPartCFrame":[775.856,222.887,47.121,0.015,0,1,0,1,0,-1,0,0.015],"_humanoidState":8,"_cameraCFrame":[776.73,234.487,40.146,-0.992,-0.102,0.071,0,0.571,0.821,-0.124,0.814,-0.567],"_shiftlockState":false,"_pose":"Standing","_animationQueue":[],"_animationSpeed":1,"_zoom":12.305},{"_mousePosition":[1279,389],"_rootPartCFrame":[775.726,222.816,47.104,0.022,0,1,0,1,0,-1,0,0.022],"_humanoidState":8,"_cameraCFrame":[776.599,234.416,40.129,-0.992,-0.102,0.071,0,0.571,0.821,-0.124,0.814,-0.567],"_shiftlockState":false,"_pose":"Running","_animationQueue":[["walk",0.1]],"_animationSpeed":1.004,"_zoom":12.305},{"_mousePosition":[1307,399],"_rootPartCFrame":[775.462,222.634,47.071,0.036,0,0.999,0,1,0,-0.999,0,0.036],"_humanoidState":8,"_cameraCFrame":[776.335,234.233,40.096,-0.992,-0.102,0.071,0,0.571,0.821,-0.124,0.814,-0.567],"_shiftlockState":false,"_pose":"Running","_animationQueue":[["walk",0.1]],"_animationSpeed":1.089,"_zoom":12.305},{"_mousePosition":[1337,410],"_rootPartCFrame":[775.197,222.629,47.038,0.048,0,0.999,0,1,0,-0.999,0,0.048],"_humanoidState":8,"_cameraCFrame":[776.07,234.229,40.063,-0.992,-0.102,0.071,0,0.571,0.821,-0.124,0.814,-0.567],"_shiftlockState":false,"_pose":"Running","_animationQueue":[],"_animationSpeed":1.089,"_zoom":12.305},{"_mousePosition":[1365,423],"_rootPartCFrame":[774.932,222.656,47.005,0.058,0,0.998,0,1,0,-0.998,0,0.058],"_humanoidState":8,"_cameraCFrame":[775.806,234.256,40.03,-0.992,-0.102,0.071,0,0.571,0.821,-0.124,0.814,-0.567],"_shiftlockState":false,"_pose":"Running","_animationQueue":[],"_animationSpeed":1.089,"_zoom":12.305},{"_mousePosition":[1365,440],"_rootPartCFrame":[774.668,222.676,46.972,0.067,0,0.998,0,1,0,-0.998,0,0.067],"_humanoidState":8,"_cameraCFrame":[773.805,234.275,39.779,-0.992,-0.102,0.071,0,0.571,0.821,-0.124,0.814,-0.567],"_shiftlockState":true,"_pose":"Running","_animationQueue":[],"_animationSpeed":1.089,"_zoom":12.305},{"_mousePosition":[683,384],"_rootPartCFrame":[774.403,222.687,46.939,-0.998,0,0.058,0,1,0,-0.058,0,-0.998],"_humanoidState":8,"_cameraCFrame":[773.54,234.286,39.746,-0.992,-0.102,0.071,0,0.571,0.821,-0.124,0.814,-0.567],"_shiftlockState":true,"_pose":"Running","_animationQueue":[],"_animationSpeed":1.089,"_zoom":12.305},{"_mousePosition":[683,384],"_rootPartCFrame":[774.138,222.693,46.906,-0.995,0,0.097,0,1,0,-0.097,0,-0.995],"_humanoidState":8,"_cameraCFrame":[773.515,234.399,39.84,-0.987,-0.133,0.09,0,0.559,0.829,-0.161,0.819,-0.551],"_shiftlockState":true,"_pose":"Running","_animationQueue":[],"_animationSpeed":1.089,"_zoom":12.305},{"_mousePosition":[683,384],"_rootPartCFrame":[773.874,222.696,46.872,-0.988,0,0.157,0,1,0,-0.157,0,-0.988],"_humanoidState":8,"_cameraCFrame":[773.447,234.49,39.92,-0.982,-0.16,0.105,0,0.548,0.837,-0.191,0.821,-0.538],"_shiftlockState":true,"_pose":"Running","_animationQueue":[["walk",0.1]],"_animationSpeed":1.089,"_zoom":12.305},{"_mousePosition":[683,384],"_rootPartCFrame":[773.61,222.698,46.831,-0.982,0,0.191,0,1,0,-0.191,0,-0.982],"_humanoidState":8,"_cameraCFrame":[773.328,234.583,40.009,-0.976,-0.182,0.116,0,0.536,0.844,-0.216,0.824,-0.524],"_shiftlockState":true,"_pose":"Running","_animationQueue":[],"_animationSpeed":1.089,"_zoom":12.305},{"_mousePosition":[683,384],"_rootPartCFrame":[773.349,222.699,46.781,-0.976,0,0.216,0,1,0,-0.216,0,-0.976],"_humanoidState":8,"_cameraCFrame":[773.177,234.668,40.085,-0.972,-0.201,0.124,0,0.525,0.851,-0.236,0.827,-0.511],"_shiftlockState":true,"_pose":"Running","_animationQueue":[],"_animationSpeed":1.089,"_zoom":12.305},{"_mousePosition":[683,384],"_rootPartCFrame":[773.088,222.699,46.725,-0.972,0,0.236,0,1,0,-0.236,0,-0.972],"_humanoidState":8,"_cameraCFrame":[772.964,234.741,40.142,-0.969,-0.212,0.128,0,0.516,0.857,-0.248,0.83,-0.5],"_shiftlockState":true,"_pose":"Running","_animationQueue":[],"_animationSpeed":1.089,"_zoom":12.305},{"_mousePosition":[683,384],"_rootPartCFrame":[772.829,222.699,46.662,-0.969,0,0.248,0,1,0,-0.248,0,-0.969],"_humanoidState":8,"_cameraCFrame":[772.723,234.812,40.195,-0.967,-0.22,0.129,0,0.506,0.862,-0.255,0.834,-0.489],"_shiftlockState":true,"_pose":"Running","_animationQueue":[],"_animationSpeed":1.089,"_zoom":12.305},{"_mousePosition":[683,384],"_rootPartCFrame":[772.57,222.699,46.597,-0.967,0,0.255,0,1,0,-0.255,0,-0.967],"_humanoidState":8,"_cameraCFrame":[772.484,234.931,40.327,-0.964,-0.232,0.13,0,0.489,0.872,-0.266,0.841,-0.472],"_shiftlockState":true,"_pose":"Running","_animationQueue":[],"_animationSpeed":1.089,"_zoom":12.305},{"_mousePosition":[683,384],"_rootPartCFrame":[772.312,222.7,46.529,-0.964,0,0.266,0,1,0,-0.266,0,-0.964],"_humanoidState":8,"_cameraCFrame":[772.26,235.092,40.543,-0.959,-0.251,0.132,0,0.465,0.885,-0.284,0.849,-0.446],"_shiftlockState":true,"_pose":"Running","_animationQueue":[["walk",0.1]],"_animationSpeed":1.089,"_zoom":12.305},{"_mousePosition":[683,384],"_rootPartCFrame":[772.055,222.7,46.459,-0.959,0,0.284,0,1,0,-0.284,0,-0.959],"_humanoidState":8,"_cameraCFrame":[772.075,235.348,40.964,-0.947,-0.292,0.136,0,0.423,0.906,-0.322,0.858,-0.401],"_shiftlockState":true,"_pose":"Running","_animationQueue":[],"_animationSpeed":1.089,"_zoom":12.305},{"_mousePosition":[683,384],"_rootPartCFrame":[771.799,222.7,46.384,-0.947,0,0.322,0,1,0,-0.322,0,-0.947],"_humanoidState":8,"_cameraCFrame":[771.885,235.549,41.317,-0.932,-0.333,0.14,0,0.386,0.922,-0.361,0.86,-0.36],"_shiftlockState":true,"_pose":"Running","_animationQueue":[],"_animationSpeed":1.089,"_zoom":12.305},{"_mousePosition":[683,384],"_rootPartCFrame":[771.546,222.7,46.299,-0.932,0,0.361,0,1,0,-0.361,0,-0.932],"_humanoidState":8,"_cameraCFrame":[771.657,235.598,41.345,-0.927,-0.346,0.141,0,0.377,0.926,-0.374,0.859,-0.349],"_shiftlockState":true,"_pose":"Running","_animationQueue":[],"_animationSpeed":1.089,"_zoom":12.305},{"_mousePosition":[683,384],"_rootPartCFrame":[771.297,222.7,46.205,-0.927,0,0.374,0,1,0,-0.374,0,-0.927],"_humanoidState":8,"_cameraCFrame":[771.408,235.598,41.25,-0.927,-0.346,0.141,0,0.377,0.926,-0.374,0.859,-0.349],"_shiftlockState":true,"_pose":"Running","_animationQueue":[],"_animationSpeed":1.089,"_zoom":12.305},{"_mousePosition":[683,384],"_rootPartCFrame":[771.05,222.7,46.105,-0.927,0,0.374,0,1,0,-0.374,0,-0.927],"_humanoidState":8,"_cameraCFrame":[771.16,235.598,41.151,-0.927,-0.346,0.141,0,0.377,0.926,-0.374,0.859,-0.349],"_shiftlockState":true,"_pose":"Running","_animationQueue":[],"_animationSpeed":1.089,"_zoom":12.305},{"_mousePosition":[683,384],"_rootPartCFrame":[770.802,222.7,46.006,-0.927,0,0.374,0,1,0,-0.374,0,-0.927],"_humanoidState":8,"_cameraCFrame":[770.913,235.598,41.052,-0.927,-0.346,0.141,0,0.377,0.926,-0.374,0.859,-0.349],"_shiftlockState":true,"_pose":"Running","_animationQueue":[],"_animationSpeed":1.089,"_zoom":12.305},{"_mousePosition":[683,384],"_rootPartCFrame":[770.617,222.7,45.931,-0.927,0,0.374,0,1,0,-0.374,0,-0.927],"_humanoidState":8,"_cameraCFrame":[770.727,235.598,40.977,-0.927,-0.346,0.141,0,0.377,0.926,-0.374,0.859,-0.349],"_shiftlockState":true,"_pose":"Running","_animationQueue":[["walk",0.1]],"_animationSpeed":1.089,"_zoom":12.305},{"_mousePosition":[683,384],"_rootPartCFrame":[770.246,222.7,45.781,-0.927,0,0.374,0,1,0,-0.374,0,-0.927],"_humanoidState":8,"_cameraCFrame":[770.356,235.598,40.827,-0.927,-0.346,0.141,0,0.377,0.926,-0.374,0.859,-0.349],"_shiftlockState":true,"_pose":"Running","_animationQueue":[],"_animationSpeed":1.089,"_zoom":12.305},{"_mousePosition":[683,384],"_rootPartCFrame":[769.999,222.7,45.682,-0.927,0,0.374,0,1,0,-0.374,0,-0.927],"_humanoidState":8,"_cameraCFrame":[770.109,235.598,40.727,-0.927,-0.346,0.141,0,0.377,0.926,-0.374,0.859,-0.349],"_shiftlockState":true,"_pose":"Running","_animationQueue":[],"_animationSpeed":1.089,"_zoom":12.305},{"_mousePosition":[683,384],"_rootPartCFrame":[769.751,222.666,45.582,-0.927,0,0.374,0,1,0,-0.374,0,-0.927],"_humanoidState":8,"_cameraCFrame":[769.862,235.564,40.628,-0.927,-0.346,0.141,0,0.377,0.926,-0.374,0.859,-0.349],"_shiftlockState":true,"_pose":"Running","_animationQueue":[],"_animationSpeed":1.089,"_zoom":12.305},{"_mousePosition":[683,384],"_rootPartCFrame":[769.504,222.577,45.482,-0.927,0,0.374,0,1,0,-0.374,0,-0.927],"_humanoidState":8,"_cameraCFrame":[769.614,235.475,40.528,-0.927,-0.346,0.141,0,0.377,0.926,-0.374,0.859,-0.349],"_shiftlockState":true,"_pose":"Running","_animationQueue":[],"_animationSpeed":1.089,"_zoom":12.305},{"_mousePosition":[683,384],"_rootPartCFrame":[769.257,223.44,45.382,-0.927,0,0.374,0,1,0,-0.374,0,-0.927],"_humanoidState":3,"_cameraCFrame":[769.367,236.338,40.428,-0.927,-0.346,0.141,0,0.377,0.926,-0.374,0.859,-0.349],"_shiftlockState":true,"_pose":"Jumping","_animationQueue":[["walk",0.1],["jump",0.1]],"_animationSpeed":1,"_zoom":12.305},{"_mousePosition":[683,384],"_rootPartCFrame":[769.071,224.051,45.308,-0.902,0,0.431,0,1,0,-0.431,0,-0.902],"_humanoidState":5,"_cameraCFrame":[769.182,236.95,40.354,-0.927,-0.346,0.141,0,0.377,0.926,-0.374,0.859,-0.349],"_shiftlockState":true,"_pose":"FreeFall","_animationQueue":[["jump",0.1]],"_animationSpeed":1,"_zoom":12.305},{"_mousePosition":[683,384],"_rootPartCFrame":[768.762,225.002,45.183,-0.857,0,0.515,0,1,0,-0.515,0,-0.857],"_humanoidState":5,"_cameraCFrame":[768.872,237.9,40.229,-0.927,-0.346,0.141,0,0.377,0.926,-0.374,0.859,-0.349],"_shiftlockState":true,"_pose":"FreeFall","_animationQueue":[],"_animationSpeed":1,"_zoom":12.305},{"_mousePosition":[683,384],"_rootPartCFrame":[768.515,225.702,45.083,-0.87,0,0.493,0,1,0,-0.493,0,-0.87],"_humanoidState":5,"_cameraCFrame":[768.338,238.554,40.028,-0.95,-0.289,0.121,0,0.386,0.923,-0.313,0.876,-0.366],"_shiftlockState":true,"_pose":"FreeFall","_animationQueue":[],"_animationSpeed":1,"_zoom":12.305},{"_mousePosition":[683,384],"_rootPartCFrame":[768.206,226.499,44.959,-0.885,0,0.466,0,1,0,-0.466,0,-0.885],"_humanoidState":5,"_cameraCFrame":[767.678,239.137,40.032,-0.968,-0.232,0.097,0,0.384,0.923,-0.252,0.894,-0.372],"_shiftlockState":true,"_pose":"FreeFall","_animationQueue":[],"_animationSpeed":1,"_zoom":9.444},{"_mousePosition":[683,384],"_rootPartCFrame":[768.017,226.937,44.893,-0.938,0,0.347,0,1,0,-0.347,0,-0.938],"_humanoidState":5,"_cameraCFrame":[767.246,239.2,40.318,-0.976,-0.203,0.081,0,0.371,0.929,-0.218,0.906,-0.362],"_shiftlockState":true,"_pose":"FreeFall","_animationQueue":[],"_animationSpeed":1,"_zoom":9.444},{"_mousePosition":[683,384],"_rootPartCFrame":[767.759,227.473,44.823,-0.938,0,0.346,0,1,0,-0.346,0,-0.938],"_humanoidState":5,"_cameraCFrame":[766.752,239.404,40.629,-0.983,-0.169,0.064,0,0.353,0.935,-0.181,0.92,-0.348],"_shiftlockState":true,"_pose":"FreeFall","_animationQueue":[],"_animationSpeed":1,"_zoom":9.444},{"_mousePosition":[683,384],"_rootPartCFrame":[767.499,227.954,44.764,-0.951,0,0.31,0,1,0,-0.31,0,-0.951],"_humanoidState":5,"_cameraCFrame":[766.22,239.333,41.076,-0.991,-0.123,0.043,0,0.333,0.943,-0.13,0.935,-0.33],"_shiftlockState":true,"_pose":"FreeFall","_animationQueue":[],"_animationSpeed":1,"_zoom":7.155},{"_mousePosition":[683,384],"_rootPartCFrame":[767.172,228.479,44.702,-0.956,0,0.293,0,1,0,-0.293,0,-0.956],"_humanoidState":5,"_cameraCFrame":[765.751,239.245,41.385,-0.995,-0.096,0.033,0,0.322,0.947,-0.101,0.942,-0.321],"_shiftlockState":true,"_pose":"FreeFall","_animationQueue":[],"_animationSpeed":1,"_zoom":7.155},{"_mousePosition":[683,384],"_rootPartCFrame":[766.974,228.753,44.674,-0.98,0,0.2,0,1,0,-0.2,0,-0.98],"_humanoidState":5,"_cameraCFrame":[765.436,238.915,41.683,-0.997,-0.068,0.023,0,0.315,0.949,-0.072,0.947,-0.314],"_shiftlockState":true,"_pose":"FreeFall","_animationQueue":[],"_animationSpeed":1,"_zoom":7.155},{"_mousePosition":[683,384],"_rootPartCFrame":[766.709,229.071,44.646,-0.979,0,0.204,0,1,0,-0.204,0,-0.979],"_humanoidState":5,"_cameraCFrame":[765.089,238.76,41.893,-0.999,-0.046,0.015,0,0.31,0.951,-0.048,0.95,-0.31],"_shiftlockState":true,"_pose":"FreeFall","_animationQueue":[],"_animationSpeed":1,"_zoom":7.155},{"_mousePosition":[683,384],"_rootPartCFrame":[766.443,229.335,44.625,-0.984,0,0.18,0,1,0,-0.18,0,-0.984],"_humanoidState":5,"_cameraCFrame":[764.762,238.608,42.063,-1,-0.026,0.008,0,0.308,0.951,-0.027,0.951,-0.308],"_shiftlockState":true,"_pose":"FreeFall","_animationQueue":[],"_animationSpeed":1,"_zoom":7.155},{"_mousePosition":[683,384],"_rootPartCFrame":[766.177,229.544,44.611,-0.987,0,0.16,0,1,0,-0.16,0,-0.987],"_humanoidState":5,"_cameraCFrame":[764.455,238.555,42.161,-1,-0.011,0.004,0,0.308,0.951,-0.011,0.951,-0.308],"_shiftlockState":true,"_pose":"FreeFall","_animationQueue":[],"_animationSpeed":1,"_zoom":7.155},{"_mousePosition":[683,384],"_rootPartCFrame":[765.91,229.698,44.603,-0.99,0,0.144,0,1,0,-0.144,0,-0.99],"_humanoidState":5,"_cameraCFrame":[764.148,238.49,42.247,-1,0.005,-0.002,0,0.309,0.951,0.005,0.951,-0.309],"_shiftlockState":true,"_pose":"FreeFall","_animationQueue":[],"_animationSpeed":1,"_zoom":7.155},{"_mousePosition":[683,384],"_rootPartCFrame":[765.643,229.798,44.6,-0.992,0,0.128,0,1,0,-0.128,0,-0.992],"_humanoidState":5,"_cameraCFrame":[763.833,238.432,42.319,-1,0.025,-0.008,0,0.31,0.951,0.026,0.95,-0.31],"_shiftlockState":true,"_pose":"FreeFall","_animationQueue":[],"_animationSpeed":1,"_zoom":7.155},{"_mousePosition":[683,384],"_rootPartCFrame":[765.377,229.843,44.6,-0.994,0,0.107,0,1,0,-0.107,0,-0.994],"_humanoidState":5,"_cameraCFrame":[763.506,238.357,42.384,-0.999,0.051,-0.017,0,0.313,0.95,0.053,0.948,-0.313],"_shiftlockState":true,"_pose":"FreeFall","_animationQueue":[],"_animationSpeed":1,"_zoom":7.155},{"_mousePosition":[683,384],"_rootPartCFrame":[765.058,229.823,44.636,-0.996,0,0.09,0,1,0,-0.09,0,-0.996],"_humanoidState":5,"_cameraCFrame":[763.158,238.269,42.456,-0.998,0.064,-0.021,0,0.315,0.949,0.067,0.947,-0.314],"_shiftlockState":true,"_pose":"FreeFall","_animationQueue":[],"_animationSpeed":1,"_zoom":7.155},{"_mousePosition":[683,384],"_rootPartCFrame":[764.879,229.771,44.685,-1,0,0.014,0,1,0,-0.014,0,-1],"_humanoidState":5,"_cameraCFrame":[762.941,238.161,42.544,-0.996,0.08,-0.027,0,0.316,0.949,0.085,0.945,-0.315],"_shiftlockState":true,"_pose":"FreeFall","_animationQueue":[],"_animationSpeed":1,"_zoom":7.155},{"_mousePosition":[683,384],"_rootPartCFrame":[764.655,229.653,44.781,-1,0,0.022,0,1,0,-0.022,0,-1],"_humanoidState":5,"_cameraCFrame":[762.675,238.001,42.667,-0.995,0.098,-0.033,0,0.319,0.948,0.104,0.943,-0.318],"_shiftlockState":true,"_pose":"FreeFall","_animationQueue":[],"_animationSpeed":1,"_zoom":7.155},{"_mousePosition":[683,384],"_rootPartCFrame":[764.448,229.48,44.914,-1,0,0.003,0,1,0,-0.003,0,-1],"_humanoidState":5,"_cameraCFrame":[762.416,237.789,42.831,-0.992,0.121,-0.041,0,0.323,0.946,0.127,0.939,-0.321],"_shiftlockState":true,"_pose":"FreeFall","_animationQueue":[],"_animationSpeed":1,"_zoom":7.155},{"_mousePosition":[683,384],"_rootPartCFrame":[764.172,229.119,45.178,-0.999,0,0.034,0,1,0,-0.034,0,-0.999],"_humanoidState":5,"_cameraCFrame":[762.123,237.416,43.102,-0.991,0.127,-0.044,0,0.325,0.946,0.135,0.937,-0.322],"_shiftlockState":true,"_pose":"FreeFall","_animationQueue":[["fall",0.3]],"_animationSpeed":1,"_zoom":7.155},{"_mousePosition":[683,384],"_rootPartCFrame":[764.089,228.971,45.282,-0.997,0,-0.082,0,1,0,0.082,0,-0.997],"_humanoidState":5,"_cameraCFrame":[762.041,237.259,43.209,-0.991,0.127,-0.044,0,0.325,0.946,0.135,0.937,-0.322],"_shiftlockState":true,"_pose":"FreeFall","_animationQueue":[],"_animationSpeed":1,"_zoom":7.155},{"_mousePosition":[683,384],"_rootPartCFrame":[763.927,228.635,45.494,-1,0,-0.03,0,1,0,0.03,0,-1],"_humanoidState":5,"_cameraCFrame":[761.88,236.916,43.423,-0.991,0.127,-0.044,0,0.325,0.946,0.135,0.937,-0.322],"_shiftlockState":true,"_pose":"FreeFall","_animationQueue":[],"_animationSpeed":1,"_zoom":7.155},{"_mousePosition":[683,384],"_rootPartCFrame":[763.766,228.245,45.706,-1,0,-0.03,0,1,0,0.03,0,-1],"_humanoidState":5,"_cameraCFrame":[761.718,236.521,43.637,-0.991,0.127,-0.044,0,0.325,0.946,0.135,0.937,-0.322],"_shiftlockState":true,"_pose":"FreeFall","_animationQueue":[],"_animationSpeed":1,"_zoom":7.155},{"_mousePosition":[683,384],"_rootPartCFrame":[763.592,227.799,45.897,-1,0,-0.011,0,1,0,0.011,0,-1],"_humanoidState":5,"_cameraCFrame":[761.545,236.073,43.829,-0.991,0.127,-0.044,0,0.325,0.946,0.135,0.937,-0.322],"_shiftlockState":true,"_pose":"FreeFall","_animationQueue":[],"_animationSpeed":1,"_zoom":7.155},{"_mousePosition":[683,384],"_rootPartCFrame":[763.398,227.3,46.054,-1,0,-0.003,0,1,0,0.003,0,-1],"_humanoidState":5,"_cameraCFrame":[761.351,235.571,43.986,-0.991,0.127,-0.044,0,0.325,0.946,0.135,0.937,-0.322],"_shiftlockState":true,"_pose":"FreeFall","_animationQueue":[],"_animationSpeed":1,"_zoom":7.155},{"_mousePosition":[683,384],"_rootPartCFrame":[763.239,226.889,46.148,-0.999,0,-0.035,0,1,0,0.035,0,-0.999],"_humanoidState":5,"_cameraCFrame":[761.204,235.157,44.063,-0.992,0.121,-0.042,0,0.325,0.946,0.128,0.938,-0.323],"_shiftlockState":true,"_pose":"FreeFall","_animationQueue":[],"_animationSpeed":1,"_zoom":7.155},{"_mousePosition":[683,384],"_rootPartCFrame":[762.95,226.137,46.264,-0.999,0,0.038,0,1,0,-0.038,0,-0.999],"_humanoidState":5,"_cameraCFrame":[761.05,234.391,44.015,-0.998,0.061,-0.021,0,0.331,0.944,0.065,0.942,-0.33],"_shiftlockState":true,"_pose":"FreeFall","_animationQueue":[["fall",0.3]],"_animationSpeed":1,"_zoom":7.155},{"_mousePosition":[683,384],"_rootPartCFrame":[762.696,225.474,46.317,-0.998,0,0.068,0,1,0,-0.068,0,-0.998],"_humanoidState":5,"_cameraCFrame":[761.091,233.706,43.792,-0.998,-0.055,0.02,0,0.339,0.941,-0.059,0.939,-0.339],"_shiftlockState":true,"_pose":"FreeFall","_animationQueue":[],"_animationSpeed":1,"_zoom":7.155},{"_mousePosition":[683,384],"_rootPartCFrame":[762.46,225.533,46.354,-0.995,0,0.1,0,1,0,-0.1,0,-0.995],"_humanoidState":12,"_cameraCFrame":[761.422,233.755,43.524,-0.964,-0.249,0.091,0,0.343,0.939,-0.265,0.906,-0.331],"_shiftlockState":true,"_pose":"Climbing","_animationQueue":[["walk",0.1],["fall",0.3],["climb",0.1],["climb",0]],"_animationSpeed":-3.418,"_zoom":7.155},{"_mousePosition":[683,384],"_rootPartCFrame":[762.363,225.717,46.369,-0.963,0,0.269,0,1,0,-0.269,0,-0.963],"_humanoidState":12,"_cameraCFrame":[761.815,233.979,43.499,-0.899,-0.414,0.143,0,0.327,0.945,-0.438,0.85,-0.294],"_shiftlockState":true,"_pose":"Climbing","_animationQueue":[["climb",0.1]],"_animationSpeed":0.847,"_zoom":7.155},{"_mousePosition":[683,384],"_rootPartCFrame":[762.359,225.903,46.369,-0.899,0,0.439,0,1,0,-0.439,0,-0.899],"_humanoidState":12,"_cameraCFrame":[762.094,234.248,43.658,-0.825,-0.54,0.165,0,0.292,0.957,-0.565,0.789,-0.241],"_shiftlockState":true,"_pose":"Climbing","_animationQueue":[["climb",0.1]],"_animationSpeed":0.932,"_zoom":7.155},{"_mousePosition":[683,384],"_rootPartCFrame":[762.19,226.248,46.287,-0.82,0,0.573,0,1,0,-0.573,0,-0.82],"_humanoidState":8,"_cameraCFrame":[762.041,234.632,43.668,-0.782,-0.6,0.17,0,0.273,0.962,-0.624,0.752,-0.214],"_shiftlockState":true,"_pose":"Standing","_animationQueue":[["climb",0.1],["walk",0.1],["idle",0.1]],"_animationSpeed":1,"_zoom":7.155},{"_mousePosition":[683,384],"_rootPartCFrame":[762.039,226.434,46.188,-0.78,0,0.626,0,1,0,-0.626,0,-0.78],"_humanoidState":8,"_cameraCFrame":[762.008,234.842,43.631,-0.738,-0.652,0.176,0,0.261,0.965,-0.675,0.712,-0.192],"_shiftlockState":true,"_pose":"Running","_animationQueue":[["walk",0.1]],"_animationSpeed":0.809,"_zoom":7.155},{"_mousePosition":[683,384],"_rootPartCFrame":[761.854,227.517,46.063,-0.737,0,0.676,0,1,0,-0.676,0,-0.737],"_humanoidState":3,"_cameraCFrame":[761.848,235.94,43.545,-0.72,-0.671,0.175,0,0.253,0.967,-0.694,0.697,-0.182],"_shiftlockState":true,"_pose":"Jumping","_animationQueue":[["walk",0.1],["walk",0.1],["jump",0.1]],"_animationSpeed":1,"_zoom":7.155},{"_mousePosition":[683,384],"_rootPartCFrame":[761.735,228.129,45.974,-0.675,0,0.738,0,1,0,-0.738,0,-0.675],"_humanoidState":5,"_cameraCFrame":[761.714,236.563,43.489,-0.716,-0.677,0.172,0,0.247,0.969,-0.698,0.694,-0.177],"_shiftlockState":true,"_pose":"FreeFall","_animationQueue":[["jump",0.1]],"_animationSpeed":1,"_zoom":7.155},{"_mousePosition":[683,384],"_rootPartCFrame":[761.561,228.896,45.826,-0.623,0,0.782,0,1,0,-0.782,0,-0.623],"_humanoidState":5,"_cameraCFrame":[761.505,237.335,43.353,-0.723,-0.67,0.169,0,0.244,0.97,-0.691,0.701,-0.177],"_shiftlockState":true,"_pose":"FreeFall","_animationQueue":[],"_animationSpeed":1,"_zoom":7.155},{"_mousePosition":[683,384],"_rootPartCFrame":[761.372,229.609,45.646,-0.625,0,0.781,0,1,0,-0.781,0,-0.625],"_humanoidState":5,"_cameraCFrame":[761.267,238.048,43.175,-0.736,-0.656,0.165,0,0.244,0.97,-0.677,0.714,-0.18],"_shiftlockState":true,"_pose":"FreeFall","_animationQueue":[],"_animationSpeed":1,"_zoom":7.155},{"_mousePosition":[683,384],"_rootPartCFrame":[761.18,230.268,45.462,-0.64,0,0.769,0,1,0,-0.769,0,-0.64],"_humanoidState":5,"_cameraCFrame":[761.032,238.702,42.981,-0.751,-0.64,0.163,0,0.247,0.969,-0.66,0.728,-0.185],"_shiftlockState":true,"_pose":"FreeFall","_animationQueue":[],"_animationSpeed":1,"_zoom":7.155},{"_mousePosition":[683,384],"_rootPartCFrame":[760.984,230.872,45.281,-0.656,0,0.754,0,1,0,-0.754,0,-0.656],"_humanoidState":5,"_cameraCFrame":[760.796,239.303,42.794,-0.763,-0.626,0.16,0,0.248,0.969,-0.646,0.739,-0.189],"_shiftlockState":true,"_pose":"FreeFall","_animationQueue":[],"_animationSpeed":1,"_zoom":7.155},{"_mousePosition":[683,384],"_rootPartCFrame":[760.785,231.421,45.104,-0.671,0,0.742,0,1,0,-0.742,0,-0.671],"_humanoidState":5,"_cameraCFrame":[760.566,239.851,42.616,-0.772,-0.616,0.158,0,0.249,0.969,-0.636,0.748,-0.192],"_shiftlockState":true,"_pose":"FreeFall","_animationQueue":[],"_animationSpeed":1,"_zoom":7.155},{"_mousePosition":[683,384],"_rootPartCFrame":[760.582,231.916,44.931,-0.681,0,0.733,0,1,0,-0.733,0,-0.681],"_humanoidState":5,"_cameraCFrame":[760.345,240.346,42.445,-0.777,-0.61,0.157,0,0.249,0.969,-0.63,0.752,-0.193],"_shiftlockState":true,"_pose":"FreeFall","_animationQueue":[],"_animationSpeed":1,"_zoom":7.155},{"_mousePosition":[683,384],"_rootPartCFrame":[760.376,232.357,44.761,-0.686,0,0.728,0,1,0,-0.728,0,-0.686],"_humanoidState":5,"_cameraCFrame":[760.122,240.787,42.277,-0.781,-0.605,0.155,0,0.249,0.969,-0.624,0.757,-0.194],"_shiftlockState":true,"_pose":"FreeFall","_animationQueue":[],"_animationSpeed":1,"_zoom":7.155},{"_mousePosition":[683,384],"_rootPartCFrame":[760.169,232.743,44.593,-0.691,0,0.723,0,1,0,-0.723,0,-0.691],"_humanoidState":5,"_cameraCFrame":[759.894,241.173,42.111,-0.786,-0.598,0.154,0,0.249,0.969,-0.618,0.762,-0.196],"_shiftlockState":true,"_pose":"FreeFall","_animationQueue":[],"_animationSpeed":1,"_zoom":7.155},{"_mousePosition":[683,384],"_rootPartCFrame":[759.961,233.074,44.426,-0.697,0,0.717,0,1,0,-0.717,0,-0.697],"_humanoidState":5,"_cameraCFrame":[759.649,241.504,41.948,-0.795,-0.587,0.151,0,0.249,0.969,-0.606,0.77,-0.198],"_shiftlockState":true,"_pose":"FreeFall","_animationQueue":[],"_animationSpeed":1,"_zoom":7.155},{"_mousePosition":[683,384],"_rootPartCFrame":[759.752,233.351,44.261,-0.708,0,0.707,0,1,0,-0.707,0,-0.708],"_humanoidState":5,"_cameraCFrame":[759.401,241.777,41.776,-0.807,-0.571,0.148,0,0.251,0.968,-0.59,0.781,-0.203],"_shiftlockState":true,"_pose":"FreeFall","_animationQueue":[],"_animationSpeed":1,"_zoom":7.155},{"_mousePosition":[683,384],"_rootPartCFrame":[759.54,233.574,44.099,-0.722,0,0.692,0,1,0,-0.692,0,-0.722],"_humanoidState":5,"_cameraCFrame":[759.128,241.997,41.615,-0.823,-0.55,0.144,0,0.253,0.967,-0.568,0.796,-0.208],"_shiftlockState":true,"_pose":"FreeFall","_animationQueue":[],"_animationSpeed":1,"_zoom":7.155},{"_mousePosition":[683,384],"_rootPartCFrame":[759.325,233.742,43.941,-0.74,0,0.672,0,1,0,-0.672,0,-0.74],"_humanoidState":5,"_cameraCFrame":[758.823,242.163,41.47,-0.844,-0.519,0.136,0,0.254,0.967,-0.537,0.816,-0.214],"_shiftlockState":true,"_pose":"FreeFall","_animationQueue":[],"_animationSpeed":1,"_zoom":7.155},{"_mousePosition":[683,384],"_rootPartCFrame":[759.106,233.856,43.788,-0.765,0,0.644,0,1,0,-0.644,0,-0.765],"_humanoidState":5,"_cameraCFrame":[758.503,242.277,41.34,-0.865,-0.485,0.127,0,0.254,0.967,-0.502,0.837,-0.219],"_shiftlockState":true,"_pose":"FreeFall","_animationQueue":[],"_animationSpeed":1,"_zoom":7.155},{"_mousePosition":[683,384],"_rootPartCFrame":[758.882,233.915,43.644,-0.791,0,0.612,0,1,0,-0.612,0,-0.791],"_humanoidState":5,"_cameraCFrame":[758.165,242.336,41.227,-0.888,-0.445,0.117,0,0.254,0.967,-0.46,0.859,-0.225],"_shiftlockState":true,"_pose":"FreeFall","_animationQueue":[],"_animationSpeed":1,"_zoom":7.155},{"_mousePosition":[683,384],"_rootPartCFrame":[758.595,233.912,43.502,-0.811,0,0.585,0,1,0,-0.585,0,-0.811],"_humanoidState":5,"_cameraCFrame":[757.802,242.334,41.113,-0.901,-0.419,0.11,0,0.253,0.967,-0.433,0.872,-0.228],"_shiftlockState":true,"_pose":"FreeFall","_animationQueue":[],"_animationSpeed":1,"_zoom":7.155},{"_mousePosition":[683,384],"_rootPartCFrame":[758.419,233.869,43.446,-0.862,0,0.506,0,1,0,-0.506,0,-0.862],"_humanoidState":5,"_cameraCFrame":[757.554,242.295,41.09,-0.913,-0.395,0.102,0,0.251,0.968,-0.408,0.884,-0.23],"_shiftlockState":true,"_pose":"FreeFall","_animationQueue":[],"_animationSpeed":1,"_zoom":7.155},{"_mousePosition":[683,384],"_rootPartCFrame":[758.181,233.765,43.406,-0.864,0,0.504,0,1,0,-0.504,0,-0.864],"_humanoidState":5,"_cameraCFrame":[757.284,242.19,41.062,-0.919,-0.382,0.099,0,0.251,0.968,-0.395,0.889,-0.231],"_shiftlockState":true,"_pose":"FreeFall","_animationQueue":[],"_animationSpeed":1,"_zoom":7.155},{"_mousePosition":[683,384],"_rootPartCFrame":[757.938,233.606,43.405,-0.871,0,0.491,0,1,0,-0.491,0,-0.871],"_humanoidState":5,"_cameraCFrame":[757.037,242.031,41.064,-0.919,-0.381,0.099,0,0.251,0.968,-0.393,0.89,-0.231],"_shiftlockState":true,"_pose":"FreeFall","_animationQueue":[],"_animationSpeed":1,"_zoom":7.155},{"_mousePosition":[683,384],"_rootPartCFrame":[757.694,233.392,43.445,-0.873,0,0.488,0,1,0,-0.488,0,-0.873],"_humanoidState":5,"_cameraCFrame":[756.792,241.818,41.103,-0.919,-0.381,0.099,0,0.251,0.968,-0.393,0.89,-0.231],"_shiftlockState":true,"_pose":"FreeFall","_animationQueue":[],"_animationSpeed":1,"_zoom":7.155},{"_mousePosition":[683,384],"_rootPartCFrame":[757.449,233.124,43.474,-0.863,0,0.504,0,1,0,-0.504,0,-0.863],"_humanoidState":5,"_cameraCFrame":[756.547,241.55,41.132,-0.919,-0.381,0.099,0,0.251,0.968,-0.393,0.89,-0.231],"_shiftlockState":true,"_pose":"FreeFall","_animationQueue":[["fall",0.3]],"_animationSpeed":1,"_zoom":7.155},{"_mousePosition":[683,384],"_rootPartCFrame":[757.203,232.802,43.464,-0.86,0,0.511,0,1,0,-0.511,0,-0.86],"_humanoidState":5,"_cameraCFrame":[756.297,241.226,41.12,-0.921,-0.378,0.098,0,0.252,0.968,-0.39,0.891,-0.232],"_shiftlockState":true,"_pose":"FreeFall","_animationQueue":[],"_animationSpeed":1,"_zoom":7.155},{"_mousePosition":[683,384],"_rootPartCFrame":[756.958,232.425,43.414,-0.861,0,0.509,0,1,0,-0.509,0,-0.861],"_humanoidState":5,"_cameraCFrame":[756.025,240.841,41.058,-0.927,-0.363,0.096,0,0.256,0.967,-0.376,0.896,-0.237],"_shiftlockState":true,"_pose":"FreeFall","_animationQueue":[],"_animationSpeed":1,"_zoom":7.155},{"_mousePosition":[683,384],"_rootPartCFrame":[756.72,232,43.38,-0.874,-0.001,0.486,0.012,1,0.024,-0.485,0.027,-0.874],"_humanoidState":5,"_cameraCFrame":[755.726,240.407,41.063,-0.938,-0.336,0.091,0,0.261,0.965,-0.348,0.905,-0.244],"_shiftlockState":true,"_pose":"FreeFall","_animationQueue":[],"_animationSpeed":1,"_zoom":7.155},{"_mousePosition":[683,384],"_rootPartCFrame":[756.475,231.526,43.295,-0.927,0,0.375,0.006,1,0.016,-0.374,0.017,-0.927],"_humanoidState":7,"_cameraCFrame":[755.367,239.925,40.988,-0.955,-0.286,0.079,0,0.265,0.964,-0.297,0.921,-0.253],"_shiftlockState":true,"_pose":"FreeFall","_animationQueue":[["walk",0.1],["fall",0.3],["fall",0.3]],"_animationSpeed":1,"_zoom":7.155},{"_mousePosition":[683,384],"_rootPartCFrame":[756.227,231.069,43.229,-0.958,0,0.286,0.006,1,0.019,-0.286,0.02,-0.958],"_humanoidState":7,"_cameraCFrame":[754.964,239.46,40.984,-0.974,-0.22,0.061,0,0.269,0.963,-0.228,0.938,-0.262],"_shiftlockState":true,"_pose":"FreeFall","_animationQueue":[],"_animationSpeed":1,"_zoom":7.155},{"_mousePosition":[683,384],"_rootPartCFrame":[755.91,231.067,43.125,-0.994,0.001,0.109,0.002,1,0.006,-0.109,0.006,-0.994],"_humanoidState":8,"_cameraCFrame":[754.255,239.396,40.926,-0.999,-0.041,0.013,0,0.298,0.954,-0.043,0.954,-0.298],"_shiftlockState":true,"_pose":"Running","_animationQueue":[],"_animationSpeed":1.07,"_zoom":7.155},{"_mousePosition":[683,384],"_rootPartCFrame":[755.63,231.114,43.231,-0.999,0,0.043,0,1,-0.001,-0.043,-0.001,-0.999],"_humanoidState":8,"_cameraCFrame":[753.834,239.378,40.932,-1,0.019,-0.007,0,0.326,0.945,0.02,0.945,-0.326],"_shiftlockState":true,"_pose":"Running","_animationQueue":[],"_animationSpeed":1.07,"_zoom":7.155},{"_mousePosition":[683,384],"_rootPartCFrame":[755.431,231.136,43.407,-1,0,-0.02,0,1,-0.001,0.02,-0.001,-1],"_humanoidState":8,"_cameraCFrame":[753.474,239.286,40.915,-0.997,0.075,-0.03,0,0.369,0.929,0.081,0.926,-0.368],"_shiftlockState":true,"_pose":"Running","_animationQueue":[],"_animationSpeed":1.07,"_zoom":7.155},{"_mousePosition":[683,384],"_rootPartCFrame":[755.245,231.149,43.598,-0.997,0,-0.081,0,1,0,0.081,0,-0.997],"_humanoidState":8,"_cameraCFrame":[753.169,239.165,40.862,-0.993,0.104,-0.047,0,0.413,0.911,0.114,0.905,-0.41],"_shiftlockState":true,"_pose":"Running","_animationQueue":[["walk",0.1]],"_animationSpeed":1.07,"_zoom":7.155},{"_mousePosition":[683,384],"_rootPartCFrame":[755.07,231.155,43.799,-0.993,0,-0.114,0,1,0,0.114,0,-0.993],"_humanoidState":8,"_cameraCFrame":[752.904,239.086,40.934,-0.99,0.124,-0.061,0,0.438,0.899,0.138,0.89,-0.434],"_shiftlockState":true,"_pose":"Running","_animationQueue":[],"_animationSpeed":1.07,"_zoom":7.155},{"_mousePosition":[683,384],"_rootPartCFrame":[754.912,231.148,43.947,-0.987,0.005,-0.159,0.017,0.997,-0.069,0.158,-0.071,-0.985],"_humanoidState":8,"_cameraCFrame":[752.715,239.054,40.959,-0.989,0.134,-0.066,0,0.444,0.896,0.149,0.886,-0.439],"_shiftlockState":true,"_pose":"Running","_animationQueue":[],"_animationSpeed":1.07,"_zoom":7.155},{"_mousePosition":[683,384],"_rootPartCFrame":[754.759,231.136,44.095,-0.981,0.008,-0.193,0.032,0.992,-0.121,0.191,-0.125,-0.974],"_humanoidState":8,"_cameraCFrame":[752.566,239.034,41.026,-0.989,0.134,-0.066,0,0.444,0.896,0.149,0.886,-0.439],"_shiftlockState":true,"_pose":"Running","_animationQueue":[["walk",0.1]],"_animationSpeed":0.92,"_zoom":7.155},{"_mousePosition":[683,384],"_rootPartCFrame":[754.61,231.127,44.231,-0.975,0.008,-0.221,0.043,0.987,-0.154,0.217,-0.16,-0.963],"_humanoidState":8,"_cameraCFrame":[752.416,239.018,41.11,-0.989,0.134,-0.066,0,0.444,0.896,0.149,0.886,-0.439],"_shiftlockState":true,"_pose":"Running","_animationQueue":[["walk",0.1]],"_animationSpeed":0.864,"_zoom":7.155},{"_mousePosition":[683,384],"_rootPartCFrame":[754.455,231.12,44.351,-0.972,0.007,-0.235,0.044,0.988,-0.149,0.231,-0.155,-0.96],"_humanoidState":8,"_cameraCFrame":[752.515,238.973,40.979,-0.998,0.056,-0.029,0,0.455,0.89,0.063,0.889,-0.454],"_shiftlockState":true,"_pose":"Running","_animationQueue":[],"_animationSpeed":0.864,"_zoom":7.155},{"_mousePosition":[683,384],"_rootPartCFrame":[754.089,231.116,44.414,-0.989,0.009,-0.149,0.021,0.996,-0.081,0.147,-0.083,-0.986],"_humanoidState":8,"_cameraCFrame":[753.986,238.814,40.32,-0.91,-0.359,0.206,0,0.498,0.867,-0.414,0.789,-0.454],"_shiftlockState":true,"_pose":"Running","_animationQueue":[["walk",0.1]],"_animationSpeed":1.053,"_zoom":7.155},{"_mousePosition":[683,384],"_rootPartCFrame":[753.853,232.217,44.635,-0.933,0.017,0.36,0.037,0.998,0.048,-0.358,0.058,-0.932],"_humanoidState":3,"_cameraCFrame":[755.598,239.848,41.024,-0.638,-0.66,0.396,0,0.515,0.857,-0.77,0.547,-0.329],"_shiftlockState":true,"_pose":"Jumping","_animationQueue":[["walk",0.1],["walk",0.1],["jump",0.1]],"_animationSpeed":1,"_zoom":7.155},{"_mousePosition":[683,384],"_rootPartCFrame":[753.716,232.86,44.744,-0.633,-0.015,0.774,0.039,0.998,0.051,-0.773,0.062,-0.631],"_humanoidState":5,"_cameraCFrame":[756.349,240.517,41.793,-0.394,-0.791,0.467,0,0.509,0.861,-0.919,0.34,-0.201],"_shiftlockState":true,"_pose":"FreeFall","_animationQueue":[["jump",0.1]],"_animationSpeed":1,"_zoom":7.155},{"_mousePosition":[683,384],"_rootPartCFrame":[753.468,233.864,44.871,-0.33,-0.01,0.944,0.012,1,0.015,-0.944,0.016,-0.33],"_humanoidState":5,"_cameraCFrame":[754.811,241.861,41.702,-0.597,-0.728,0.336,0,0.419,0.908,-0.802,0.542,-0.25],"_shiftlockState":true,"_pose":"FreeFall","_animationQueue":[],"_animationSpeed":1,"_zoom":7.155},{"_mousePosition":[683,384],"_rootPartCFrame":[753.308,234.425,44.922,-0.531,0.001,0.847,0.005,1,0.003,-0.847,0.006,-0.531],"_humanoidState":5,"_cameraCFrame":[753.066,242.662,41.963,-0.854,-0.489,0.175,0,0.337,0.942,-0.52,0.804,-0.288],"_shiftlockState":true,"_pose":"FreeFall","_animationQueue":[],"_animationSpeed":1,"_zoom":7.155},{"_mousePosition":[683,384],"_rootPartCFrame":[753.081,235.125,44.961,-0.78,0.003,0.625,0.002,1,-0.002,-0.625,0,-0.78],"_humanoidState":5,"_cameraCFrame":[752.236,243.413,42.229,-0.937,-0.331,0.11,0,0.316,0.949,-0.349,0.889,-0.296],"_shiftlockState":true,"_pose":"FreeFall","_animationQueue":[],"_animationSpeed":1,"_zoom":7.155},{"_mousePosition":[683,384],"_rootPartCFrame":[752.833,235.771,45.008,-0.884,0.001,0.468,0,1,-0.001,-0.468,-0.001,-0.884],"_humanoidState":5,"_cameraCFrame":[751.708,244.054,42.363,-0.968,-0.237,0.079,0,0.318,0.948,-0.25,0.918,-0.308],"_shiftlockState":true,"_pose":"FreeFall","_animationQueue":[],"_animationSpeed":1,"_zoom":7.155},{"_mousePosition":[683,384],"_rootPartCFrame":[752.583,236.363,45.09,-0.931,0,0.366,0,1,0,-0.366,-0.001,-0.931],"_humanoidState":5,"_cameraCFrame":[751.185,244.604,42.47,-0.99,-0.132,0.047,0,0.335,0.942,-0.14,0.933,-0.332],"_shiftlockState":true,"_pose":"FreeFall","_animationQueue":[],"_animationSpeed":1,"_zoom":7.155},{"_mousePosition":[683,384],"_rootPartCFrame":[752.346,236.9,45.21,-0.966,0,0.257,0,1,0,-0.257,0,-0.966],"_humanoidState":5,"_cameraCFrame":[750.745,245.087,42.569,-0.998,-0.054,0.02,0,0.356,0.935,-0.057,0.933,-0.355],"_shiftlockState":true,"_pose":"FreeFall","_animationQueue":[],"_animationSpeed":1,"_zoom":7.155},{"_mousePosition":[683,384],"_rootPartCFrame":[752.127,237.382,45.361,-0.985,0,0.173,0,1,0,-0.173,0,-0.985],"_humanoidState":5,"_cameraCFrame":[750.432,245.523,42.662,-1,-0.019,0.008,0,0.372,0.928,-0.021,0.928,-0.372],"_shiftlockState":true,"_pose":"FreeFall","_animationQueue":[],"_animationSpeed":1,"_zoom":7.155},{"_mousePosition":[683,384],"_rootPartCFrame":[751.924,237.81,45.534,-0.991,0,0.132,0,1,0,-0.132,0,-0.991],"_humanoidState":5,"_cameraCFrame":[750.165,245.912,42.781,-1,0.003,-0.001,0,0.386,0.923,0.003,0.923,-0.386],"_shiftlockState":true,"_pose":"FreeFall","_animationQueue":[],"_animationSpeed":1,"_zoom":7.155},{"_mousePosition":[683,384],"_rootPartCFrame":[751.731,238.184,45.717,-0.994,0,0.105,0,1,0,-0.105,0,-0.994],"_humanoidState":5,"_cameraCFrame":[749.888,246.24,42.911,-0.999,0.03,-0.013,0,0.4,0.916,0.033,0.916,-0.4],"_shiftlockState":true,"_pose":"FreeFall","_animationQueue":[],"_animationSpeed":1,"_zoom":7.155},{"_mousePosition":[683,384],"_rootPartCFrame":[751.542,238.503,45.906,-0.997,0,0.076,0,1,0,-0.076,0,-0.997],"_humanoidState":5,"_cameraCFrame":[749.618,246.493,43.002,-0.998,0.053,-0.025,0,0.421,0.907,0.059,0.905,-0.42],"_shiftlockState":true,"_pose":"FreeFall","_animationQueue":[],"_animationSpeed":1,"_zoom":7.155},{"_mousePosition":[683,384],"_rootPartCFrame":[751.359,238.767,46.1,-0.999,0,0.049,0,1,0,-0.049,0,-0.999],"_humanoidState":5,"_cameraCFrame":[749.382,246.725,43.16,-0.997,0.068,-0.033,0,0.43,0.903,0.076,0.9,-0.429],"_shiftlockState":true,"_pose":"FreeFall","_animationQueue":[],"_animationSpeed":1,"_zoom":7.155},{"_mousePosition":[683,384],"_rootPartCFrame":[751.181,238.977,46.298,-0.999,0,0.032,0,1,0,-0.032,0,-0.999],"_humanoidState":5,"_cameraCFrame":[749.194,246.933,43.36,-0.997,0.071,-0.034,0,0.431,0.902,0.079,0.899,-0.43],"_shiftlockState":true,"_pose":"FreeFall","_animationQueue":[],"_animationSpeed":1,"_zoom":7.155},{"_mousePosition":[683,384],"_rootPartCFrame":[751.01,239.124,46.44,-1,-0.002,-0.013,-0.002,1,0.027,0.013,0.027,-1],"_humanoidState":5,"_cameraCFrame":[749.02,247.079,43.543,-0.997,0.071,-0.034,0,0.431,0.902,0.079,0.899,-0.43],"_shiftlockState":true,"_pose":"FreeFall","_animationQueue":[],"_animationSpeed":1,"_zoom":7.155},{"_mousePosition":[683,384],"_rootPartCFrame":[750.932,239.197,46.407,-0.999,-0.002,-0.045,-0.004,0.999,0.043,0.044,0.043,-0.998],"_humanoidState":5,"_cameraCFrame":[748.942,247.151,43.534,-0.997,0.071,-0.034,0,0.431,0.902,0.079,0.899,-0.43],"_shiftlockState":true,"_pose":"FreeFall","_animationQueue":[],"_animationSpeed":1,"_zoom":7.155},{"_mousePosition":[683,384],"_rootPartCFrame":[750.819,239.221,46.358,-0.999,0,0.042,0.001,1,0.015,-0.042,0.015,-0.999],"_humanoidState":5,"_cameraCFrame":[748.832,247.177,43.443,-0.997,0.071,-0.034,0,0.431,0.902,0.079,0.899,-0.43],"_shiftlockState":true,"_pose":"FreeFall","_animationQueue":[],"_animationSpeed":1,"_zoom":7.155},{"_mousePosition":[683,384],"_rootPartCFrame":[750.714,239.18,46.364,-1,0.002,0.025,0.002,1,0.003,-0.025,0.003,-1],"_humanoidState":5,"_cameraCFrame":[748.729,247.135,43.43,-0.997,0.071,-0.034,0,0.431,0.902,0.079,0.899,-0.43],"_shiftlockState":true,"_pose":"FreeFall","_animationQueue":[],"_animationSpeed":1,"_zoom":7.155},{"_mousePosition":[683,384],"_rootPartCFrame":[750.595,239.083,46.41,-1,0.001,0.026,0.001,1,-0.001,-0.026,-0.001,-1],"_humanoidState":5,"_cameraCFrame":[748.609,247.039,43.471,-0.997,0.071,-0.034,0,0.431,0.902,0.079,0.899,-0.43],"_shiftlockState":true,"_pose":"FreeFall","_animationQueue":[],"_animationSpeed":1,"_zoom":7.155},{"_mousePosition":[683,384],"_rootPartCFrame":[750.536,238.975,46.393,-1,0,0.001,0,1,0,-0.001,0,-1],"_humanoidState":5,"_cameraCFrame":[749.018,246.875,43.077,-0.997,-0.063,0.032,0,0.447,0.894,-0.071,0.892,-0.446],"_shiftlockState":true,"_pose":"FreeFall","_animationQueue":[],"_animationSpeed":1,"_zoom":7.155},{"_mousePosition":[683,384],"_rootPartCFrame":[750.321,238.743,46.275,-0.99,-0.003,0.144,-0.002,1,0.006,-0.144,0.006,-0.99],"_humanoidState":5,"_cameraCFrame":[750.099,246.651,42.657,-0.904,-0.384,0.191,0,0.445,0.896,-0.428,0.809,-0.402],"_shiftlockState":true,"_pose":"FreeFall","_animationQueue":[["fall",0.3]],"_animationSpeed":1,"_zoom":7.155},{"_mousePosition":[683,384],"_rootPartCFrame":[750.13,239.198,46.061,-0.904,-0.001,0.427,0.006,1,0.014,-0.427,0.015,-0.904],"_humanoidState":7,"_cameraCFrame":[750.35,247.317,42.859,-0.802,-0.553,0.227,0,0.38,0.925,-0.598,0.742,-0.304],"_shiftlockState":true,"_pose":"FreeFall","_animationQueue":[["walk",0.1],["fall",0.3],["fall",0.3]],"_animationSpeed":1,"_zoom":7.155},{"_mousePosition":[683,384],"_rootPartCFrame":[749.938,239.737,46.12,-0.798,0.001,0.602,0.007,1,0.007,-0.602,0.01,-0.798],"_humanoidState":7,"_cameraCFrame":[749.245,248.244,43.973,-0.843,-0.527,0.109,0,0.203,0.979,-0.538,0.825,-0.171],"_shiftlockState":true,"_pose":"FreeFall","_animationQueue":[],"_animationSpeed":1,"_zoom":7.155},{"_mousePosition":[683,384],"_rootPartCFrame":[749.766,240.222,46.184,-0.84,0.001,0.542,0.002,1,0,-0.542,0,-0.84],"_humanoidState":8,"_cameraCFrame":[748.879,248.768,44.231,-0.865,-0.495,0.087,0,0.174,0.985,-0.503,0.851,-0.15],"_shiftlockState":true,"_pose":"Running","_animationQueue":[["walk",0.1],["fall",0.3],["walk",0.1]],"_animationSpeed":0.855,"_zoom":7.155},{"_mousePosition":[683,384],"_rootPartCFrame":[749.607,241.105,46.244,-0.864,0,0.504,-0.003,1,-0.005,-0.504,-0.006,-0.864],"_humanoidState":3,"_cameraCFrame":[748.921,249.652,44.202,-0.809,-0.579,0.102,0,0.174,0.985,-0.588,0.797,-0.141],"_shiftlo