[{"_mousePosition":[824,410],"_rootPartCFrame":[776.029,222.7,47.142,0,0,1,0,1,0,-1,0,0],"_humanoidState":8,"_cameraCFrame":[782.109,239.134,47.157,0.002,-0.926,0.377,0,0.377,0.926,-1,-0.002,0.001],"_shiftlockState":false,"_pose":"Standing","_animationQueue":[],"_animationSpeed":1,"_zoom":7.28},{"_mousePosition":[824,410],"_rootPartCFrame":[775.782,222.7,47.142,0,0,1,0,1,0,-1,0,0],"_humanoidState":8,"_cameraCFrame":[781.775,239.169,47.156,0.002,-0.928,0.372,0,0.372,0.928,-1,-0.002,0.001],"_shiftlockState":false,"_pose":"Standing","_animationQueue":[],"_animationSpeed":1,"_zoom":7.28},{"_mousePosition":[824,410],"_rootPartCFrame":[775.516,222.7,47.141,0.001,0,1,0,1,0,-1,0,0.001],"_humanoidState":8,"_cameraCFrame":[781.422,239.204,47.156,0.002,-0.931,0.366,0,0.366,0.931,-1,-0.002,0.001],"_shiftlockState":false,"_pose":"Running","_animationQueue":[["walk",0.1]],"_animationSpeed":1.066,"_zoom":7.28},{"_mousePosition":[824,410],"_rootPartCFrame":[775.249,222.7,47.14,0.001,0,1,0,1,0,-1,0,0.001],"_humanoidState":8,"_cameraCFrame":[781.067,239.238,47.155,0.002,-0.933,0.361,0,0.361,0.933,-1,-0.002,0.001],"_shiftlockState":false,"_pose":"Running","_animationQueue":[],"_animationSpeed":1.066,"_zoom":7.28},{"_mousePosition":[824,410],"_rootPartCFrame":[774.983,222.7,47.14,0.001,0,1,0,1,0,-1,0,0.001],"_humanoidState":8,"_cameraCFrame":[780.713,239.272,47.154,0.002,-0.935,0.355,0,0.355,0.935,-1,-0.002,0.001],"_shiftlockState":false,"_pose":"Running","_animationQueue":[],"_animationSpeed":1.066,"_zoom":7.28},{"_mousePosition":[824,410],"_rootPartCFrame":[774.716,222.7,47.139,0.001,0,1,0,1,0,-1,0,0.001],"_humanoidState":8,"_cameraCFrame":[780.358,239.305,47.153,0.002,-0.937,0.35,0,0.35,0.937,-1,-0.002,0.001],"_shiftlockState":false,"_pose":"Running","_animationQueue":[["walk",0.1]],"_animationSpeed":1.066,"_zoom":7.28},{"_mousePosition":[824,410],"_rootPartCFrame":[774.449,222.7,47.138,0.001,0,1,0,1,0,-1,0,0.001],"_humanoidState":8,"_cameraCFrame":[780.032,239.327,47.152,0.002,-0.938,0.346,0,0.346,0.938,-1,-0.002,0.001],"_shiftlockState":false,"_pose":"Running","_animationQueue":[],"_animationSpeed":1.066,"_zoom":7.28},{"_mousePosition":[824,410],"_rootPartCFrame":[774.182,222.7,47.138,0.002,0,1,0,1,0,-1,0,0.002],"_humanoidState":8,"_cameraCFrame":[779.706,239.349,47.151,0.002,-0.939,0.343,0,0.343,0.939,-1,-0.002,0.001],"_shiftlockState":false,"_pose":"Running","_animationQueue":[],"_animationSpeed":1.066,"_zoom":7.28},{"_mousePosition":[824,410],"_rootPartCFrame":[773.916,222.7,47.137,0.002,0,1,0,1,0,-1,0,0.002],"_humanoidState":8,"_cameraCFrame":[779.44,239.349,47.151,0.002,-0.939,0.343,0,0.343,0.939,-1,-0.002,0.001],"_shiftlockState":false,"_pose":"Running","_animationQueue":[],"_animationSpeed":1.066,"_zoom":7.28},{"_mousePosition":[824,410],"_rootPartCFrame":[773.649,222.7,47.137,0.002,0,1,0,1,0,-1,0,0.002],"_humanoidState":8,"_cameraCFrame":[779.173,239.349,47.15,0.002,-0.939,0.343,0,0.343,0.939,-1,-0.002,0.001],"_shiftlockState":false,"_pose":"Running","_animationQueue":[],"_animationSpeed":1.066,"_zoom":7.28},{"_mousePosition":[824,410],"_rootPartCFrame":[773.382,222.7,47.136,0.002,0,1,0,1,0,-1,0,0.002],"_humanoidState":8,"_cameraCFrame":[778.906,239.349,47.149,0.002,-0.939,0.343,0,0.343,0.939,-1,-0.002,0.001],"_shiftlockState":false,"_pose":"Running","_animationQueue":[],"_animationSpeed":1.066,"_zoom":7.28},{"_mousePosition":[824,410],"_rootPartCFrame":[773.116,222.7,47.135,0.002,0,1,0,1,0,-1,0,0.002],"_humanoidState":8,"_cameraCFrame":[778.639,239.349,47.149,0.002,-0.939,0.343,0,0.343,0.939,-1,-0.002,0.001],"_shiftlockState":false,"_pose":"Running","_animationQueue":[],"_animationSpeed":1.066,"_zoom":7.28},{"_mousePosition":[824,410],"_rootPartCFrame":[772.849,222.7,47.135,0.002,0,1,0,1,0,-1,0,0.002],"_humanoidState":8,"_cameraCFrame":[778.373,239.349,47.148,0.002,-0.939,0.343,0,0.343,0.939,-1,-0.002,0.001],"_shiftlockState":false,"_pose":"Running","_animationQueue":[["walk",0.1]],"_animationSpeed":1.066,"_zoom":7.28},{"_mousePosition":[824,410],"_rootPartCFrame":[772.582,222.7,47.134,0.002,0,1,0,1,0,-1,0,0.002],"_humanoidState":8,"_cameraCFrame":[778.106,239.349,47.147,0.002,-0.939,0.343,0,0.343,0.939,-1,-0.002,0.001],"_shiftlockState":false,"_pose":"Running","_animationQueue":[],"_animationSpeed":1.066,"_zoom":7.28},{"_mousePosition":[824,410],"_rootPartCFrame":[772.315,222.7,47.133,0.002,0,1,0,1,0,-1,0,0.002],"_humanoidState":8,"_cameraCFrame":[777.78,239.37,47.147,0.002,-0.941,0.339,0,0.339,0.941,-1,-0.002,0.001],"_shiftlockState":false,"_pose":"Running","_animationQueue":[],"_animationSpeed":1.066,"_zoom":7.28},{"_mousePosition":[824,410],"_rootPartCFrame":[772.049,222.7,47.133,0.002,0,1,0,1,0,-1,0,0.002],"_humanoidState":8,"_cameraCFrame":[777.484,239.381,47.146,0.002,-0.941,0.337,0,0.337,0.941,-1,-0.002,0.001],"_shiftlockState":false,"_pose":"Running","_animationQueue":[],"_animationSpeed":1.066,"_zoom":7.28},{"_mousePosition":[824,410],"_rootPartCFrame":[771.782,222.7,47.132,0.002,0,1,0,1,0,-1,0,0.002],"_humanoidState":8,"_cameraCFrame":[777.158,239.402,47.145,0.002,-0.943,0.333,0,0.333,0.943,-1,-0.002,0.001],"_shiftlockState":false,"_pose":"Running","_animationQueue":[],"_animationSpeed":1.066,"_zoom":7.28},{"_mousePosition":[824,410],"_rootPartCFrame":[771.515,222.7,47.131,0.002,0,1,0,1,0,-1,0,0.002],"_humanoidState":8,"_cameraCFrame":[776.832,239.423,47.144,0.002,-0.944,0.33,0,0.33,0.944,-1,-0.002,0.001],"_shiftlockState":false,"_pose":"Running","_animationQueue":[],"_animationSpeed":1.066,"_zoom":7.28},{"_mousePosition":[824,410],"_rootPartCFrame":[771.248,222.7,47.131,0.002,0,1,0,1,0,-1,0,0.002],"_humanoidState":8,"_cameraCFrame":[776.536,239.433,47.144,0.002,-0.945,0.328,0,0.328,0.945,-1,-0.002,0.001],"_shiftlockState":false,"_pose":"Running","_animationQueue":[["walk",0.1]],"_animationSpeed":1.066,"_zoom":7.28},{"_mousePosition":[824,410],"_rootPartCFrame":[770.982,222.7,47.13,0.002,0,1,0,1,0,-1,0,0.002],"_humanoidState":8,"_cameraCFrame":[776.239,239.443,47.143,0.002,-0.945,0.326,0,0.326,0.945,-1,-0.002,0.001],"_shiftlockState":false,"_pose":"Running","_animationQueue":[],"_animationSpeed":1.066,"_zoom":7.28},{"_mousePosition":[824,410],"_rootPartCFrame":[770.715,222.7,47.129,0.002,0,1,0,1,0,-1,0,0.002],"_humanoidState":8,"_cameraCFrame":[775.943,239.454,47.142,0.002,-0.946,0.324,0,0.324,0.946,-1,-0.002,0.001],"_shiftlockState":false,"_pose":"Running","_animationQueue":[],"_animationSpeed":1.066,"_zoom":7.28},{"_mousePosition":[824,410],"_rootPartCFrame":[770.448,222.7,47.129,0.002,0,1,0,1,0,-1,0,0.002],"_humanoidState":8,"_cameraCFrame":[775.676,239.454,47.141,0.002,-0.946,0.324,0,0.324,0.946,-1,-0.002,0.001],"_shiftlockState":false,"_pose":"Running","_animationQueue":[],"_animationSpeed":1.066,"_zoom":7.28},{"_mousePosition":[824,410],"_rootPartCFrame":[770.182,222.666,47.128,0.002,0,1,0,1,0,-1,0,0.002],"_humanoidState":8,"_cameraCFrame":[775.409,239.42,47.141,0.002,-0.946,0.324,0,0.324,0.946,-1,-0.002,0.001],"_shiftlockState":false,"_pose":"Running","_animationQueue":[],"_animationSpeed":1.066,"_zoom":7.28},{"_mousePosition":[824,410],"_rootPartCFrame":[769.915,222.577,47.127,0.002,0,1,0,1,0,-1,0,0.002],"_humanoidState":8,"_cameraCFrame":[775.143,239.331,47.14,0.002,-0.946,0.324,0,0.324,0.946,-1,-0.002,0.001],"_shiftlockState":false,"_pose":"Running","_animationQueue":[],"_animationSpeed":1.066,"_zoom":7.28},{"_mousePosition":[824,410],"_rootPartCFrame":[769.648,222.434,47.127,0.002,0,1,0,1,0,-1,0,0.002],"_humanoidState":8,"_cameraCFrame":[774.88,239.188,45.39,0.002,-0.946,0.324,0,0.324,0.946,-1,-0.002,0.001],"_shiftlockState":true,"_pose":"Running","_animationQueue":[],"_animationSpeed":1.066,"_zoom":7.28},{"_mousePosition":[683,384],"_rootPartCFrame":[769.382,223.307,47.126,0.002,0,1,0,1,0,-1,0,0.002],"_humanoidState":3,"_cameraCFrame":[774.614,240.061,45.389,0.002,-0.946,0.324,0,0.324,0.946,-1,-0.002,0.001],"_shiftlockState":true,"_pose":"Jumping","_animationQueue":[["walk",0.1],["walk",0.1],["jump",0.1]],"_animationSpeed":1,"_zoom":7.28},{"_mousePosition":[683,384],"_rootPartCFrame":[769.115,224.129,47.125,0.002,0,1,0,1,0,-1,0,0.002],"_humanoidState":5,"_cameraCFrame":[774.347,240.883,45.388,0.002,-0.946,0.324,0,0.324,0.946,-1,-0.002,0.001],"_shiftlockState":true,"_pose":"FreeFall","_animationQueue":[["jump",0.1]],"_animationSpeed":1,"_zoom":7.28},{"_mousePosition":[683,384],"_rootPartCFrame":[768.849,224.897,47.125,0.002,0,1,0,1,0,-1,0,0.002],"_humanoidState":5,"_cameraCFrame":[774.081,241.651,45.388,0.002,-0.946,0.324,0,0.324,0.946,-1,-0.002,0.001],"_shiftlockState":true,"_pose":"FreeFall","_animationQueue":[],"_animationSpeed":1,"_zoom":7.28},{"_mousePosition":[683,384],"_rootPartCFrame":[768.582,225.61,47.124,0.002,0,1,0,1,0,-1,0,0.002],"_humanoidState":5,"_cameraCFrame":[773.814,242.364,45.387,0.002,-0.946,0.324,0,0.324,0.946,-1,-0.002,0.001],"_shiftlockState":true,"_pose":"FreeFall","_animationQueue":[],"_animationSpeed":1,"_zoom":7.28},{"_mousePosition":[683,384],"_rootPartCFrame":[768.315,226.268,47.123,0.002,0,1,0,1,0,-1,0,0.002],"_humanoidState":5,"_cameraCFrame":[773.547,243.022,45.386,0.002,-0.946,0.324,0,0.324,0.946,-1,-0.002,0.001],"_shiftlockState":true,"_pose":"FreeFall","_animationQueue":[],"_animationSpeed":1,"_zoom":7.28},{"_mousePosition":[683,384],"_rootPartCFrame":[768.049,226.872,47.123,0.002,0,1,0,1,0,-1,0,0.002],"_humanoidState":5,"_cameraCFrame":[773.281,243.626,45.386,0.002,-0.946,0.324,0,0.324,0.946,-1,-0.002,0.001],"_shiftlockState":true,"_pose":"FreeFall","_animationQueue":[],"_animationSpeed":1,"_zoom":7.28},{"_mousePosition":[683,384],"_rootPartCFrame":[767.782,227.422,47.122,0.002,0,1,0,1,0,-1,0,0.002],"_humanoidState":5,"_cameraCFrame":[773.014,244.176,45.385,0.002,-0.946,0.324,0,0.324,0.946,-1,-0.002,0.001],"_shiftlockState":true,"_pose":"FreeFall","_animationQueue":[],"_animationSpeed":1,"_zoom":7.28},{"_mousePosition":[683,384],"_rootPartCFrame":[767.516,227.917,47.121,0.002,0,1,0,1,0,-1,0,0.002],"_humanoidState":5,"_cameraCFrame":[772.748,244.671,45.384,0.002,-0.946,0.324,0,0.324,0.946,-1,-0.002,0.001],"_shiftlockState":true,"_pose":"FreeFall","_animationQueue":[],"_animationSpeed":1,"_zoom":7.28},{"_mousePosition":[683,384],"_rootPartCFrame":[767.182,228.459,47.121,0.002,0,1,0,1,0,-1,0,0.002],"_humanoidState":5,"_cameraCFrame":[772.414,245.213,45.383,0.002,-0.946,0.324,0,0.324,0.946,-1,-0.002,0.001],"_shiftlockState":true,"_pose":"FreeFall","_animationQueue":[],"_animationSpeed":1,"_zoom":7.28},{"_mousePosition":[683,384],"_rootPartCFrame":[766.982,228.743,47.12,0.002,0,1,0,1,0,-1,0,0.002],"_humanoidState":5,"_cameraCFrame":[772.214,245.497,45.383,0.002,-0.946,0.324,0,0.324,0.946,-1,-0.002,0.001],"_shiftlockState":true,"_pose":"FreeFall","_animationQueue":[],"_animationSpeed":1,"_zoom":7.28},{"_mousePosition":[683,384],"_rootPartCFrame":[766.649,229.149,47.119,0.002,0,1,0,1,0,-1,0,0.002],"_humanoidState":5,"_cameraCFrame":[771.852,245.913,45.382,0.002,-0.947,0.322,0,0.322,0.947,-1,-0.002,0.001],"_shiftlockState":true,"_pose":"FreeFall","_animationQueue":[],"_animationSpeed":1,"_zoom":7.28},{"_mousePosition":[683,384],"_rootPartCFrame":[766.383,229.413,47.119,0.002,0,1,0,1,0,-1,0,0.002],"_humanoidState":5,"_cameraCFrame":[771.683,246.146,45.408,0.008,-0.945,0.328,0,0.328,0.945,-1,-0.007,0.002],"_shiftlockState":true,"_pose":"FreeFall","_animationQueue":[],"_animationSpeed":1,"_zoom":7.28},{"_mousePosition":[683,384],"_rootPartCFrame":[766.183,229.574,47.118,0.007,0,1,0,1,0,-1,0,0.007],"_humanoidState":5,"_cameraCFrame":[771.517,246.298,45.422,0.01,-0.944,0.33,0,0.33,0.944,-1,-0.009,0.003],"_shiftlockState":true,"_pose":"FreeFall","_animationQueue":[],"_animationSpeed":1,"_zoom":7.28},{"_mousePosition":[683,384],"_rootPartCFrame":[765.916,229.742,47.116,0.01,0,1,0,1,0,-1,0,0.01],"_humanoidState":5,"_cameraCFrame":[771.25,246.466,45.42,0.01,-0.944,0.33,0,0.33,0.944,-1,-0.009,0.003],"_shiftlockState":true,"_pose":"FreeFall","_animationQueue":[],"_animationSpeed":1,"_zoom":7.28},{"_mousePosition":[683,384],"_rootPartCFrame":[765.583,229.876,47.113,0.01,0,1,0,1,0,-1,0,0.01],"_humanoidState":5,"_cameraCFrame":[770.917,246.599,45.417,0.01,-0.944,0.33,0,0.33,0.944,-1,-0.009,0.003],"_shiftlockState":true,"_pose":"FreeFall","_animationQueue":[],"_animationSpeed":1,"_zoom":7.28},{"_mousePosition":[683,384],"_rootPartCFrame":[765.383,229.915,47.111,0.01,0,1,0,1,0,-1,0,0.01],"_humanoidState":5,"_cameraCFrame":[770.717,246.638,45.415,0.01,-0.944,0.33,0,0.33,0.944,-1,-0.009,0.003],"_shiftlockState":true,"_pose":"FreeFall","_animationQueue":[],"_animationSpeed":1,"_zoom":7.28},{"_mousePosition":[683,384],"_rootPartCFrame":[765.116,229.919,47.108,0.01,0,1,0,1,0,-1,0,0.01],"_humanoidState":5,"_cameraCFrame":[770.45,246.643,45.412,0.01,-0.944,0.33,0,0.33,0.944,-1,-0.009,0.003],"_shiftlockState":true,"_pose":"FreeFall","_animationQueue":[],"_animationSpeed":1,"_zoom":7.28},{"_mousePosition":[683,384],"_rootPartCFrame":[764.85,229.869,47.106,0.01,0,1,0,1,0,-1,0,0.01],"_humanoidState":5,"_cameraCFrame":[770.184,246.593,45.409,0.01,-0.944,0.33,0,0.33,0.944,-1,-0.009,0.003],"_shiftlockState":true,"_pose":"FreeFall","_animationQueue":[],"_animationSpeed":1,"_zoom":7.28},{"_mousePosition":[683,384],"_rootPartCFrame":[764.583,229.765,47.103,0.01,0,1,0,1,0,-1,0,0.01],"_humanoidState":5,"_cameraCFrame":[769.917,246.488,45.407,0.01,-0.944,0.33,0,0.33,0.944,-1,-0.009,0.003],"_shiftlockState":true,"_pose":"FreeFall","_animationQueue":[],"_animationSpeed":1,"_zoom":7.28},{"_mousePosition":[683,384],"_rootPartCFrame":[764.559,229.875,47.089,-0.016,0,1,0.004,1,0,-1,0.004,-0.016],"_humanoidState":12,"_cameraCFrame":[769.893,246.599,45.398,0.01,-0.944,0.33,0,0.33,0.944,-1,-0.009,0.003],"_shiftlockState":true,"_pose":"Climbing","_animationQueue":[["walk",0.1],["climb",0.1],["climb",0]],"_animationSpeed":-0.625,"_zoom":7.28},{"_mousePosition":[683,384],"_rootPartCFrame":[764.604,230.058,47.071,0.021,0,1,0,1,0,-1,0,0.021],"_humanoidState":12,"_cameraCFrame":[769.939,246.782,45.375,0.01,-0.944,0.33,0,0.33,0.944,-1,-0.009,0.003],"_shiftlockState":true,"_pose":"Climbing","_animationQueue":[["climb",0.1],["climb",0]],"_animationSpeed":0.808,"_zoom":7.28},{"_mousePosition":[683,384],"_rootPartCFrame":[764.615,230.245,47.067,0.011,0,1,0,1,0,-1,0,0.011],"_humanoidState":12,"_cameraCFrame":[769.949,246.968,45.37,0.01,-0.944,0.33,0,0.33,0.944,-1,-0.009,0.003],"_shiftlockState":true,"_pose":"Climbing","_animationQueue":[["climb",0.1]],"_animationSpeed":0.931,"_zoom":7.28},{"_mousePosition":[683,384],"_rootPartCFrame":[764.615,230.432,47.067,0.01,0,1,0,1,0,-1,0,0.01],"_humanoidState":12,"_cameraCFrame":[769.949,247.155,45.371,0.01,-0.944,0.33,0,0.33,0.944,-1,-0.009,0.003],"_shiftlockState":true,"_pose":"Climbing","_animationQueue":[],"_animationSpeed":0.931,"_zoom":7.28},{"_mousePosition":[683,384],"_rootPartCFrame":[764.615,230.618,47.067,0.01,0,1,0,1,0,-1,0,0.01],"_humanoidState":12,"_cameraCFrame":[769.949,247.342,45.371,0.01,-0.944,0.33,0,0.33,0.944,-1,-0.009,0.003],"_shiftlockState":true,"_pose":"Climbing","_animationQueue":[],"_animationSpeed":0.931,"_zoom":7.28},{"_mousePosition":[683,384],"_rootPartCFrame":[764.615,230.805,47.067,0.01,0,1,0,1,0,-1,0,0.01],"_humanoidState":12,"_cameraCFrame":[769.949,247.528,45.371,0.01,-0.944,0.33,0,0.33,0.944,-1,-0.009,0.003],"_shiftlockState":true,"_pose":"Climbing","_animationQueue":[],"_animationSpeed":0.931,"_zoom":7.28},{"_mousePosition":[683,384],"_rootPartCFrame":[764.615,230.992,47.067,0.01,0,1,0,1,0,-1,0,0.01],"_humanoidState":12,"_cameraCFrame":[770.038,247.683,45.372,0.01,-0.942,0.335,0,0.335,0.942,-1,-0.009,0.003],"_shiftlockState":true,"_pose":"Climbing","_animationQueue":[],"_animationSpeed":0.931,"_zoom":7.28},{"_mousePosition":[683,384],"_rootPartCFrame":[764.59,231.144,47.067,0.01,0,1,0,1,0,-1,0,0.01],"_humanoidState":8,"_cameraCFrame":[770.114,247.793,45.317,0,-0.939,0.343,0,0.343,0.939,-1,0,0],"_shiftlockState":true,"_pose":"Standing","_animationQueue":[["climb",0.1],["idle",0.1],["idle",0.1]],"_animationSpeed":1,"_zoom":7.28},{"_mousePosition":[683,384],"_rootPartCFrame":[764.526,231.242,47.066,0.001,0,1,0,1,0,-1,0,0.001],"_humanoidState":5,"_cameraCFrame":[770.125,247.859,45.273,-0.008,-0.937,0.348,0,0.348,0.937,-1,0.007,-0.003],"_shiftlockState":true,"_pose":"FreeFall","_animationQueue":[["walk",0.1],["fall",0.3]],"_animationSpeed":1,"_zoom":7.28},{"_mousePosition":[683,384],"_rootPartCFrame":[764.422,231.286,47.066,-0.007,0,1,0,1,0,-1,0,-0.007],"_humanoidState":5,"_cameraCFrame":[770.104,247.87,45.258,-0.01,-0.935,0.354,0,0.354,0.935,-1,0.01,-0.004],"_shiftlockState":true,"_pose":"FreeFall","_animationQueue":[],"_animationSpeed":1,"_zoom":7.28},{"_mousePosition":[683,384],"_rootPartCFrame":[764.278,231.275,47.066,-0.01,0,1,0,1,0,-1,0,-0.01],"_humanoidState":5,"_cameraCFrame":[769.965,247.859,45.272,-0.008,-0.935,0.354,0,0.354,0.935,-1,0.007,-0.003],"_shiftlockState":true,"_pose":"FreeFall","_animationQueue":[],"_animationSpeed":1,"_zoom":7.28},{"_mousePosition":[683,384],"_rootPartCFrame":[764.033,231.702,47.068,-0.008,0,1,0,1,0,-1,0,-0.008],"_humanoidState":7,"_cameraCFrame":[769.729,248.286,45.303,-0.003,-0.935,0.354,0,0.354,0.935,-1,0.002,-0.001],"_shiftlockState":true,"_pose":"FreeFall","_animationQueue":[["walk",0.1],["fall",0.3],["fall",0.3]],"_animationSpeed":1,"_zoom":7.28},{"_mousePosition":[683,384],"_rootPartCFrame":[763.767,232.122,47.07,-0.003,0,1,0,1,0,-1,0,-0.003],"_humanoidState":7,"_cameraCFrame":[769.472,248.705,45.334,0.002,-0.935,0.354,0,0.354,0.935,-1,-0.002,0.001],"_shiftlockState":true,"_pose":"FreeFall","_animationQueue":[],"_animationSpeed":1,"_zoom":7.28},{"_mousePosition":[683,384],"_rootPartCFrame":[763.433,232.423,47.071,0.002,0,1,0,1,0,-1,0,0.002],"_humanoidState":8,"_cameraCFrame":[769.138,249.007,45.335,0.002,-0.935,0.354,0,0.354,0.935,-1,-0.002,0.001],"_shiftlockState":true,"_pose":"Running","_animationQueue":[["walk",0.1],["fall",0.3],["walk",0.1]],"_animationSpeed":1.103,"_zoom":7.28},{"_mousePosition":[683,384],"_rootPartCFrame":[763.167,232.552,47.07,0.002,0,1,0,1,0,-1,0,0.002],"_humanoidState":8,"_cameraCFrame":[768.872,249.135,45.334,0.002,-0.935,0.354,0,0.354,0.935,-1,-0.002,0.001],"_shiftlockState":true,"_pose":"Running","_animationQueue":[["walk",0.1]],"_animationSpeed":1.103,"_zoom":7.28},{"_mousePosition":[683,384],"_rootPartCFrame":[762.9,232.619,47.07,0.002,0,1,0,1,0,-1,0,0.002],"_humanoidState":8,"_cameraCFrame":[768.605,249.203,45.334,0.002,-0.935,0.354,0,0.354,0.935,-1,-0.002,0.001],"_shiftlockState":true,"_pose":"Running","_animationQueue":[],"_animationSpeed":1.103,"_zoom":7.28},{"_mousePosition":[683,384],"_rootPartCFrame":[762.633,232.656,47.069,0.002,0,1,0,1,0,-1,0,0.002],"_humanoidState":8,"_cameraCFrame":[768.338,249.24,45.333,0.002,-0.935,0.354,0,0.354,0.935,-1,-0.002,0.001],"_shiftlockState":true,"_pose":"Running","_animationQueue":[],"_animationSpeed":1.103,"_zoom":7.28},{"_mousePosition":[683,384],"_rootPartCFrame":[762.367,232.676,47.068,0.002,0,1,0,1,0,-1,0,0.002],"_humanoidState":8,"_cameraCFrame":[768.072,249.26,45.332,0.002,-0.935,0.354,0,0.354,0.935,-1,-0.002,0.001],"_shiftlockState":true,"_pose":"Running","_animationQueue":[],"_animationSpeed":1.103,"_zoom":7.28},{"_mousePosition":[683,384],"_rootPartCFrame":[762.1,232.687,47.068,0.002,0,1,0,1,0,-1,0,0.002],"_humanoidState":8,"_cameraCFrame":[767.81,249.27,45.346,0.005,-0.935,0.354,0,0.354,0.935,-1,-0.005,0.002],"_shiftlockState":true,"_pose":"Running","_animationQueue":[],"_animationSpeed":1.103,"_zoom":7.28},{"_mousePosition":[683,384],"_rootPartCFrame":[761.834,232.692,47.067,0.005,0,1,0,1,0,-1,0,0.005],"_humanoidState":8,"_cameraCFrame":[767.543,249.276,45.346,0.005,-0.935,0.354,0,0.354,0.935,-1,-0.005,0.002],"_shiftlockState":true,"_pose":"Running","_animationQueue":[],"_animationSpeed":1.103,"_zoom":7.28},{"_mousePosition":[683,384],"_rootPartCFrame":[761.567,232.696,47.066,0.005,0,1,0,1,0,-1,0,0.005],"_humanoidState":8,"_cameraCFrame":[767.251,249.29,45.359,0.008,-0.936,0.352,0,0.352,0.936,-1,-0.007,0.003],"_shiftlockState":true,"_pose":"Running","_animationQueue":[["walk",0.1]],"_animationSpeed":1.103,"_zoom":7.28},{"_mousePosition":[683,384],"_rootPartCFrame":[761.3,232.697,47.065,0.008,0,1,0,1,0,-1,0,0.008],"_humanoidState":8,"_cameraCFrame":[766.896,249.325,45.357,0.008,-0.938,0.346,0,0.346,0.938,-1,-0.007,0.003],"_shiftlockState":true,"_pose":"Running","_animationQueue":[],"_animationSpeed":1.103,"_zoom":7.28},{"_mousePosition":[683,384],"_rootPartCFrame":[761.034,232.698,47.063,0.008,0,1,0,1,0,-1,0,0.008],"_humanoidState":8,"_cameraCFrame":[766.482,249.38,45.354,0.008,-0.941,0.337,0,0.337,0.941,-1,-0.007,0.003],"_shiftlockState":true,"_pose":"Running","_animationQueue":[],"_animationSpeed":1.103,"_zoom":7.28},{"_mousePosition":[683,384],"_rootPartCFrame":[760.767,232.699,47.061,0.008,0,1,0,1,0,-1,0,0.008],"_humanoidState":8,"_cameraCFrame":[766.127,249.412,45.351,0.008,-0.943,0.332,0,0.332,0.943,-1,-0.007,0.002],"_shiftlockState":true,"_pose":"Running","_animationQueue":[],"_animationSpeed":1.103,"_zoom":7.28},{"_mousePosition":[683,384],"_rootPartCFrame":[760.501,232.699,47.059,0.008,0,1,0,1,0,-1,0,0.008],"_humanoidState":8,"_cameraCFrame":[765.741,249.453,45.348,0.008,-0.946,0.324,0,0.324,0.946,-1,-0.007,0.002],"_shiftlockState":true,"_pose":"Running","_animationQueue":[],"_animationSpeed":1.103,"_zoom":7.28},{"_mousePosition":[683,384],"_rootPartCFrame":[760.234,232.699,47.057,0.008,0,1,0,1,0,-1,0,0.008],"_humanoidState":8,"_cameraCFrame":[765.356,249.494,45.345,0.008,-0.948,0.317,0,0.317,0.948,-1,-0.007,0.002],"_shiftlockState":true,"_pose":"Running","_animationQueue":[],"_animationSpeed":1.103,"_zoom":7.28},{"_mousePosition":[683,384],"_rootPartCFrame":[759.967,232.699,47.055,0.008,0,1,0,1,0,-1,0,0.008],"_humanoidState":8,"_cameraCFrame":[764.965,249.533,45.33,0.005,-0.951,0.309,0,0.309,0.951,-1,-0.005,0.002],"_shiftlockState":true,"_pose":"Running","_animationQueue":[],"_animationSpeed":1.103,"_zoom":7.28},{"_mousePosition":[683,384],"_rootPartCFrame":[759.701,232.699,47.053,0.005,0,1,0,1,0,-1,0,0.005],"_humanoidState":8,"_cameraCFrame":[764.609,249.562,45.327,0.005,-0.953,0.304,0,0.304,0.953,-1,-0.005,0.002],"_shiftlockState":true,"_pose":"Running","_animationQueue":[["walk",0.1]],"_animationSpeed":1.103,"_zoom":7.28},{"_mousePosition":[683,384],"_rootPartCFrame":[759.434,232.699,47.051,0.005,0,1,0,1,0,-1,0,0.005],"_humanoidState":8,"_cameraCFrame":[764.274,249.581,45.301,0,-0.954,0.3,0,0.3,0.954,-1,0,0],"_shiftlockState":true,"_pose":"Running","_animationQueue":[],"_animationSpeed":1.103,"_zoom":7.28},{"_mousePosition":[683,384],"_rootPartCFrame":[759.101,232.699,47.05,0,0,1,0,1,0,-1,0,0],"_humanoidState":8,"_cameraCFrame":[763.846,249.609,45.287,-0.003,-0.956,0.295,0,0.295,0.956,-1,0.002,-0.001],"_shiftlockState":true,"_pose":"Running","_animationQueue":[],"_animationSpeed":1.103,"_zoom":7.28},{"_mousePosition":[683,384],"_rootPartCFrame":[758.834,232.699,47.049,-0.003,0,1,0,1,0,-1,0,-0.003],"_humanoidState":8,"_cameraCFrame":[763.48,249.637,45.264,-0.008,-0.957,0.289,0,0.289,0.957,-1,0.007,-0.002],"_shiftlockState":true,"_pose":"Running","_animationQueue":[],"_animationSpeed":1.103,"_zoom":7.28},{"_mousePosition":[683,384],"_rootPartCFrame":[758.568,232.699,47.05,-0.008,0,1,0,1,0,-1,0,-0.008],"_humanoidState":8,"_cameraCFrame":[763.049,249.681,45.231,-0.015,-0.96,0.28,0,0.28,0.96,-1,0.015,-0.004],"_shiftlockState":true,"_pose":"Running","_animationQueue":[],"_animationSpeed":1.103,"_zoom":7.28},{"_mousePosition":[683,384],"_rootPartCFrame":[758.234,233.77,47.051,-0.015,0,1,0,1,0,-1,0,-0.015],"_humanoidState":3,"_cameraCFrame":[762.681,250.76,45.221,-0.018,-0.961,0.278,0,0.278,0.961,-1,0.017,-0.005],"_shiftlockState":true,"_pose":"Jumping","_animationQueue":[["walk",0.1],["jump",0.1]],"_animationSpeed":1,"_zoom":7.28},{"_mousePosition":[683,384],"_rootPartCFrame":[757.968,234.564,47.054,-0.018,0,1,0,1,0,-1,0,-0.018],"_humanoidState":5,"_cameraCFrame":[762.25,251.598,45.195,-0.025,-0.963,0.268,0,0.268,0.963,-1,0.024,-0.007],"_shiftlockState":true,"_pose":"FreeFall","_animationQueue":[["jump",0.1]],"_animationSpeed":1,"_zoom":7.28},{"_mousePosition":[683,384],"_rootPartCFrame":[757.701,235.305,47.059,-0.025,0,1,0,1,0,-1,0,-0.025],"_humanoidState":5,"_cameraCFrame":[761.943,252.346,45.179,-0.03,-0.963,0.266,0,0.266,0.964,-1,0.029,-0.008],"_shiftlockState":true,"_pose":"FreeFall","_animationQueue":[],"_animationSpeed":1,"_zoom":7.28},{"_mousePosition":[683,384],"_rootPartCFrame":[757.501,235.824,47.064,-0.03,0,1,0,1,0,-1,0,-0.03],"_humanoidState":5,"_cameraCFrame":[761.542,252.915,45.148,-0.041,-0.966,0.255,0,0.255,0.967,-0.999,0.039,-0.01],"_shiftlockState":true,"_pose":"FreeFall","_animationQueue":[],"_animationSpeed":1,"_zoom":7.28},{"_mousePosition":[683,384],"_rootPartCFrame":[757.235,236.469,47.072,-0.039,0,0.999,0,1,0,-0.999,0,-0.039],"_humanoidState":5,"_cameraCFrame":[761.17,253.584,45.13,-0.048,-0.967,0.249,0,0.25,0.968,-0.999,0.047,-0.012],"_shiftlockState":true,"_pose":"FreeFall","_animationQueue":[],"_animationSpeed":1,"_zoom":7.28},{"_mousePosition":[683,384],"_rootPartCFrame":[756.968,237.059,47.082,-0.047,0,0.999,0,1,0,-0.999,0,-0.047],"_humanoidState":5,"_cameraCFrame":[760.767,254.205,45.117,-0.056,-0.969,0.242,0,0.242,0.97,-0.998,0.054,-0.013],"_shiftlockState":true,"_pose":"FreeFall","_animationQueue":[],"_animationSpeed":1,"_zoom":7.28},{"_mousePosition":[683,384],"_rootPartCFrame":[756.702,237.595,47.095,-0.055,0,0.999,0,1,0,-0.999,0,-0.055],"_humanoidState":5,"_cameraCFrame":[760.43,254.756,45.114,-0.061,-0.969,0.238,0,0.238,0.971,-0.998,0.059,-0.014],"_shiftlockState":true,"_pose":"FreeFall","_animationQueue":[],"_animationSpeed":1,"_zoom":7.28},{"_mousePosition":[683,384],"_rootPartCFrame":[756.436,238.077,47.109,-0.06,0,0.998,0,1,0,-0.998,0,-0.06],"_humanoidState":5,"_cameraCFrame":[760.062,255.26,45.116,-0.066,-0.97,0.232,0,0.233,0.973,-0.998,0.064,-0.015],"_shiftlockState":true,"_pose":"FreeFall","_animationQueue":[],"_animationSpeed":1,"_zoom":7.28},{"_mousePosition":[683,384],"_rootPartCFrame":[756.169,238.504,47.125,-0.065,0,0.998,0,1,0,-0.998,0,-0.065],"_humanoidState":5,"_cameraCFrame":[759.73,255.701,45.127,-0.068,-0.971,0.228,0,0.229,0.973,-0.998,0.067,-0.016],"_shiftlockState":true,"_pose":"FreeFall","_animationQueue":[],"_animationSpeed":1,"_zoom":7.28},{"_mousePosition":[683,384],"_rootPartCFrame":[755.903,238.876,47.143,-0.068,0,0.998,0,1,0,-0.998,0,-0.068],"_humanoidState":5,"_cameraCFrame":[759.397,256.088,45.14,-0.071,-0.972,0.224,0,0.225,0.974,-0.997,0.069,-0.016],"_shiftlockState":true,"_pose":"FreeFall","_animationQueue":[],"_animationSpeed":1,"_zoom":7.28},{"_mousePosition":[683,384],"_rootPartCFrame":[755.637,239.194,47.161,-0.071,0,0.998,0,1,0,-0.998,0,-0.071],"_humanoidState":5,"_cameraCFrame":[759.096,256.413,45.151,-0.073,-0.972,0.222,0,0.223,0.975,-0.997,0.072,-0.016],"_shiftlockState":true,"_pose":"FreeFall","_animationQueue":[],"_animationSpeed":1,"_zoom":7.28},{"_mousePosition":[683,384],"_rootPartCFrame":[755.371,239.457,47.18,-0.073,0,0.997,0,1,0,-0.997,0,-0.073],"_humanoidState":5,"_cameraCFrame":[758.83,256.676,45.17,-0.073,-0.972,0.222,0,0.223,0.975,-0.997,0.072,-0.016],"_shiftlockState":true,"_pose":"FreeFall","_animationQueue":[],"_animationSpeed":1,"_zoom":7.28},{"_mousePosition":[683,384],"_rootPartCFrame":[755.105,239.666,47.199,-0.073,0,0.997,0,1,0,-0.997,0,-0.073],"_humanoidState":5,"_cameraCFrame":[758.564,256.885,45.19,-0.073,-0.972,0.222,0,0.223,0.975,-0.997,0.072,-0.016],"_shiftlockState":true,"_pose":"FreeFall","_animationQueue":[],"_animationSpeed":1,"_zoom":7.28},{"_mousePosition":[683,384],"_rootPartCFrame":[754.839,239.821,47.219,-0.073,0,0.997,0,1,0,-0.997,0,-0.073],"_humanoidState":5,"_cameraCFrame":[758.262,257.046,45.203,-0.076,-0.972,0.221,0,0.221,0.975,-0.997,0.074,-0.017],"_shiftlockState":true,"_pose":"FreeFall","_animationQueue":[],"_animationSpeed":1,"_zoom":7.28},{"_mousePosition":[683,384],"_rootPartCFrame":[754.573,239.92,47.238,-0.076,0,0.997,0,1,0,-0.997,0,-0.076],"_humanoidState":5,"_cameraCFrame":[757.925,257.16,45.21,-0.081,-0.973,0.217,0,0.217,0.976,-0.997,0.079,-0.018],"_shiftlockState":true,"_pose":"FreeFall","_animationQueue":[],"_animationSpeed":1,"_zoom":7.28},{"_mousePosition":[683,384],"_rootPartCFrame":[754.308,239.966,47.258,-0.08,0,0.997,0,1,0,-0.997,0,-0.08],"_humanoidState":5,"_cameraCFrame":[757.618,257.212,45.216,-0.086,-0.973,0.215,0,0.215,0.977,-0.996,0.084,-0.019],"_shiftlockState":true,"_pose":"FreeFall","_animationQueue":[],"_animationSpeed":1,"_zoom":7.28},{"_mousePosition":[683,384],"_rootPartCFrame":[754.042,239.957,47.28,-0.085,0,0.996,0,1,0,-0.996,0,-0.085],"_humanoidState":5,"_cameraCFrame":[757.301,257.21,45.207,-0.096,-0.972,0.213,0,0.214,0.977,-0.995,0.094,-0.021],"_shiftlockState":true,"_pose":"FreeFall","_animationQueue":[],"_animationSpeed":1,"_zoom":7.28},{"_mousePosition":[683,384],"_rootPartCFrame":[753.776,239.893,47.302,-0.095,0,0.995,0,1,0,-0.995,0,-0.095],"_humanoidState":5,"_cameraCFrame":[756.958,257.159,45.211,-0.104,-0.972,0.209,0,0.21,0.978,-0.995,0.101,-0.022],"_shiftlockState":true,"_pose":"FreeFall","_animationQueue":[],"_animationSpeed":1,"_zoom":7.28},{"_mousePosition":[683,384],"_rootPartCFrame":[753.511,239.775,47.328,-0.103,0,0.995,0,1,0,-0.995,0,-0.103],"_humanoidState":5,"_cameraCFrame":[756.652,257.048,45.224,-0.109,-0.972,0.207,0,0.208,0.978,-0.994,0.106,-0.023],"_shiftlockState":true,"_pose":"FreeFall","_animationQueue":[],"_animationSpeed":1,"_zoom":7.28},{"_mousePosition":[683,384],"_rootPartCFrame":[753.245,239.602,47.355,-0.108,0,0.994,0,1,0,-0.994,0,-0.108],"_humanoidState":5,"_cameraCFrame":[756.387,256.875,45.251,-0.109,-0.972,0.207,0,0.208,0.978,-0.994,0.106,-0.023],"_shiftlockState":true,"_pose":"FreeFall","_animationQueue":[],"_animationSpeed":1,"_zoom":7.28},{"_mousePosition":[683,384],"_rootPartCFrame":[752.98,239.375,47.384,-0.108,0,0.994,0,1,0,-0.994,0,-0.108],"_humanoidState":5,"_cameraCFrame":[756.163,256.648,45.344,-0.089,-0.974,0.207,0,0.208,0.978,-0.996,0.087,-0.018],"_shiftlockState":true,"_pose":"FreeFall","_animationQueue":[],"_animationSpeed":1,"_zoom":7.28},{"_mousePosition":[683,384],"_rootPartCFrame":[752.715,239.094,47.413,-0.09,0,0.996,0,1,0,-0.996,0,-0.09],"_humanoidState":5,"_cameraCFrame":[756.43,256.305,45.858,0.053,-0.973,0.225,0,0.225,0.974,-0.999,-0.052,0.012],"_shiftlockState":true,"_pose":"FreeFall","_animationQueue":[["fall",0.3]],"_animationSpeed":1,"_zoom":7.28},{"_mousePosition":[683,384],"_rootPartCFrame":[752.536,238.77,47.425,-0.009,0.001,1,-0.006,1,-0.001,-1,-0.006,-0.009],"_humanoidState":5,"_cameraCFrame":[756.948,255.877,47.193,0.349,-0.907,0.236,0,0.251,0.968,-0.937,-0.338,0.088],"_shiftlockState":true,"_pose":"FreeFall","_animationQueue":[],"_animationSpeed":1,"_zoom":7.28},{"_mousePosition":[683,384],"_rootPartCFrame":[752.744,239.195,47.406,0.229,0.002,0.973,-0.003,1,-0.001,-0.973,-0.002,0.229],"_humanoidState":7,"_cameraCFrame":[757.313,256.123,49.454,0.703,-0.681,0.207,0,0.291,0.957,-0.711,-0.672,0.204],"_shiftlockState":true,"_pose":"FreeFall","_animationQueue":[["walk",0.1],["fall",0.3],["fall",0.3]],"_animationSpeed":1,"_zoom":7.28},{"_mousePosition":[683,384],"_rootPartCFrame":[753.062,239.79,47.347,0.657,-0.002,0.754,0.011,1,-0.007,-0.754,0.012,0.657],"_humanoidState":7,"_cameraCFrame":[756.779,256.523,51.51,0.916,-0.378,0.131,0,0.328,0.945,-0.4,-0.866,0.3],"_shiftlockState":true,"_pose":"FreeFall","_animationQueue":[],"_animationSpeed":1,"_zoom":7.28},{"_mousePosition":[683,384],"_rootPartCFrame":[753.151,240.119,47.297,0.912,-0.002,0.41,0.004,1,-0.004,-0.41,0.005,0.912],"_humanoidState":8,"_cameraCFrame":[755.771,256.612,52.909,0.989,-0.14,0.055,0,0.368,0.93,-0.151,-0.919,0.364],"_shiftlockState":true,"_pose":"Running","_animationQueue":[["walk",0.1],["fall",0.3],["walk",0.1]],"_animationSpeed":0.307,"_zoom":7.28},{"_mousePosition":[683,384],"_rootPartCFrame":[753.158,241.002,47.261,0.988,0,0.154,-0.001,1,0.003,-0.154,-0.003,0.988],"_humanoidState":3,"_cameraCFrame":[756.162,257.437,52.825,0.977,-0.197,0.08,0,0.377,0.926,-0.213,-0.905,0.368],"_shiftlockState":true,"_pose":"Jumping","_animationQueue":[["walk",0.1],["jump",0.1]],"_animationSpeed":1,"_zoom":7.28},{"_mousePosition":[683,384],"_rootPartCFrame":[753.16,242.055,47.249,0.977,0.001,0.214,-0.001,1,0.003,-0.214,-0.003,0.977],"_humanoidState":5,"_cameraCFrame":[757.381,258.49,51.96,0.901,-0.403,0.164,0,0.377,0.926,-0.435,-0.834,0.34],"_shiftlockState":true,"_pose":"FreeFall","_animationQueue":[["jump",0.1]],"_animationSpeed":1,"_zoom":7.28},{"_mousePosition":[683,384],"_rootPartCFrame":[753.16,242.646,47.25,0.901,0,0.435,-0.001,1,0.001,-0.435,-0.001,0.901],"_humanoidState":5,"_cameraCFrame":[758.746,259.081,50.22,0.696,-0.665,0.271,0,0.377,0.926,-0.718,-0.644,0.262],"_shiftlockState":true,"_pose":"FreeFall","_animationQueue":[],"_animationSpeed":1,"_zoom":7.28},{"_mousePosition":[683,384],"_rootPartCFrame":[753.16,243.387,47.25,0.696,0,0.718,0,1,0,-0.718,0,0.696],"_humanoidState":5,"_cameraCFrame":[759.426,259.821,48.131,0.408,-0.846,0.344,0,0.377,0.926,-0.913,-0.378,0.154],"_shiftlockState":true,"_pose":"FreeFall","_animationQueue":[],"_animationSpeed":1,"_zoom":7.28},{"_mousePosition":[683,384],"_rootPartCFrame":[753.16,244.072,47.25,0.408,0,0.913,0,1,0,-0.913,0,0.408],"_humanoidState":5,"_cameraCFrame":[759.417,260.519,46.514,0.164,-0.914,0.37,0,0.375,0.927,-0.987,-0.152,0.061],"_shiftlockState":true,"_pose":"FreeFall","_animationQueue":[],"_animationSpeed":1,"_zoom":7.28},{"_mousePosition":[683,384],"_rootPartCFrame":[753.16,244.704,47.25,0.164,0,0.987,0,1,0,-0.987,0,0.164],"_humanoidState":5,"_cameraCFrame":[759.25,261.15,45.638,0.023,-0.927,0.375,0,0.375,0.927,-1,-0.021,0.009],"_shiftlockState":true,"_pose":"FreeFall","_animationQueue":[],"_animationSpeed":1,"_zoom":7.28},{"_mousePosition":[683,384],"_rootPartCFrame":[753.16,245.28,47.25,0.023,0,1,0,1,0,-1,0,0.023],"_humanoidState":5,"_cameraCFrame":[759.185,261.727,45.408,-0.015,-0.927,0.375,0,0.375,0.927,-1,0.014,-0.006],"_shiftlockState":true,"_pose":"FreeFall","_animationQueue":[],"_animationSpeed":1,"_zoom":7.28},{"_mousePosition":[683,384],"_rootPartCFrame":[753.135,245.803,47.249,-0.012,0,1,0,1,0,-1,0,-0.012],"_humanoidState":5,"_cameraCFrame":[759.121,262.249,45.286,-0.035,-0.926,0.375,0,0.375,0.927,-0.999,0.033,-0.013],"_shiftlockState":true,"_pose":"FreeFall","_animationQueue":[],"_animationSpeed":1,"_zoom":7.28},{"_mousePosition":[683,384],"_rootPartCFrame":[753.071,246.271,47.249,-0.032,0,0.999,0,1,0,-0.999,0,-0.032],"_humanoidState":5,"_cameraCFrame":[759.057,262.729,45.377,-0.02,-0.927,0.373,0,0.374,0.928,-1,0.019,-0.008],"_shiftlockState":true,"_pose":"FreeFall","_animationQueue":[],"_animationSpeed":1,"_zoom":7.28},{"_mousePosition":[683,384],"_rootPartCFrame":[752.967,246.684,47.25,-0.021,0,1,0,1,0,-1,0,-0.021],"_humanoidState":5,"_cameraCFrame":[758.893,263.177,45.47,-0.005,-0.93,0.368,0,0.368,0.93,-1,0.005,-0.002],"_shiftlockState":true,"_pose":"FreeFall","_animationQueue":[],"_animationSpeed":1,"_zoom":7.28},{"_mousePosition":[683,384],"_rootPartCFrame":[752.823,247.043,47.253,-0.007,0,1,0,1,0,-1,0,-0.007],"_humanoidState":5,"_cameraCFrame":[758.749,263.536,45.472,-0.005,-0.93,0.368,0,0.368,0.93,-1,0.005,-0.002],"_shiftlockState":true,"_pose":"FreeFall","_animationQueue":[],"_animationSpeed":1,"_zoom":7.28},{"_mousePosition":[683,384],"_rootPartCFrame":[752.639,247.347,47.255,-0.006,0,1,0,1,0,-1,0,-0.006],"_humanoidState":5,"_cameraCFrame":[758.565,263.84,45.475,-0.005,-0.93,0.368,0,0.368,0.93,-1,0.005,-0.002],"_shiftlockState":true,"_pose":"FreeFall","_animationQueue":[],"_animationSpeed":1,"_zoom":7.28},{"_mousePosition":[683,384],"_rootPartCFrame":[752.525,247.53,47.257,-0.005,-0.007,1,0,1,0.007,-1,0,-0.005],"_humanoidState":12,"_cameraCFrame":[758.44,264.023,45.477,-0.005,-0.93,0.368,0,0.368,0.93,-1,0.005,-0.002],"_shiftlockState":true,"_pose":"Climbing","_animationQueue":[["walk",0.1],["climb",0.1]],"_animationSpeed":1.419,"_zoom":7.28},{"_mousePosition":[683,384],"_rootPartCFrame":[752.583,247.706,47.258,-0.005,-0.008,1,0,1,0.008,-1,0,-0.005],"_humanoidState":12,"_cameraCFrame":[758.467,264.21,45.478,-0.005,-0.931,0.366,0,0.366,0.931,-1,0.005,-0.002],"_shiftlockState":true,"_pose":"Climbing","_animationQueue":[["climb",0.1]],"_animationSpeed":0.579,"_zoom":7.28},{"_mousePosition":[683,384],"_rootPartCFrame":[752.604,247.939,47.258,-0.005,0,1,0,1,0,-1,0,-0.005],"_humanoidState":12,"_cameraCFrame":[758.442,264.466,45.478,-0.005,-0.932,0.363,0,0.363,0.932,-1,0.005,-0.002],"_shiftlockState":true,"_pose":"Climbing","_animationQueue":[["climb",0.1]],"_animationSpeed":0.926,"_zoom":7.28},{"_mousePosition":[683,384],"_rootPartCFrame":[752.604,248.126,47.258,-0.005,0.001,1,0,1,-0.001,-1,0,-0.005],"_humanoidState":12,"_cameraCFrame":[758.414,264.664,45.478,-0.005,-0.933,0.361,0,0.361,0.933,-1,0.005,-0.002],"_shiftlockState":true,"_pose":"Climbing","_animationQueue":[],"_animationSpeed":0.926,"_zoom":7.28},{"_mousePosition":[683,384],"_rootPartCFrame":[752.604,248.312,47.258,-0.005,0,1,0,1,0,-1,0,-0.005],"_humanoidState":12,"_cameraCFrame":[758.355,264.874,45.479,-0.005,-0.934,0.357,0,0.357,0.934,-1,0.005,-0.002],"_shiftlockState":true,"_pose":"Climbing","_animationQueue":[],"_animationSpeed":0.926,"_zoom":7.28},{"_mousePosition":[683,384],"_rootPartCFrame":[752.604,248.499,47.258,-0.005,0,1,0,1,0,-1,0,-0.005],"_humanoidState":12,"_cameraCFrame":[758.295,265.083,45.479,-0.005,-0.935,0.354,0,0.354,0.935,-1,0.005,-0.002],"_shiftlockState":true,"_pose":"Climbing","_animationQueue":[],"_animationSpeed":0.926,"_zoom":7.28},{"_mousePosition":[683,384],"_rootPartCFrame":[752.579,248.652,47.258,-0.005,0,1,0,1,0,-1,0,-0.005],"_humanoidState":8,"_cameraCFrame":[758.241,265.246,45.479,-0.005,-0.936,0.352,0,0.352,0.936,-1,0.005,-0.002],"_shiftlockState":true,"_pose":"Standing","_animationQueue":[["climb",0.1],["idle",0.1],["idle",0.1]],"_animationSpeed":1,"_zoom":7.28},{"_mousePosition":[683,384],"_rootPartCFrame":[752.515,248.75,47.259,-0.005,0,1,0,1,0,-1,0,-0.005],"_humanoidState":5,"_cameraCFrame":[758.118,265.366,45.48,-0.005,-0.937,0.348,0,0.348,0.937,-1,0.005,-0.002],"_shiftlockState":true,"_pose":"FreeFall","_animationQueue":[["walk",0.1]],"_animationSpeed":0.164,"_zoom":7.28},{"_mousePosition":[683,384],"_rootPartCFrame":[752.41,248.793,47.259,-0.005,0,1,0,1,0,-1,0,-0.005],"_humanoidState":5,"_cameraCFrame":[757.955,265.432,45.481,-0.005,-0.939,0.344,0,0.344,0.939,-1,0.005,-0.002],"_shiftlockState":true,"_pose":"FreeFall","_animationQueue":[["fall",0.3]],"_animationSpeed":1,"_zoom":7.28},{"_mousePosition":[683,384],"_rootPartCFrame":[752.132,248.738,47.261,-0.005,0,1,0,1,0,-1,0,-0.005],"_humanoidState":5,"_cameraCFrame":[757.54,265.42,45.428,-0.015,-0.941,0.337,0,0.337,0.941,-1,0.014,-0.005],"_shiftlockState":true,"_pose":"FreeFall","_animationQueue":[],"_animationSpeed":1,"_zoom":7.28},{"_mousePosition":[683,384],"_rootPartCFrame":[751.944,249.039,47.262,-0.015,0,1,0,1,0,-1,0,-0.015],"_humanoidState":7,"_cameraCFrame":[757.219,265.762,45.39,-0.023,-0.944,0.33,0,0.33,0.944,-1,0.022,-0.008],"_shiftlockState":true,"_pose":"FreeFall","_animationQueue":[["walk",0.1],["fall",0.3],["fall",0.3]],"_animationSpeed":1,"_zoom":7.28},{"_mousePosition":[683,384],"_rootPartCFrame":[751.877,249.168,47.262,-0.023,0,1,0,1,0,-1,0,-0.023],"_humanoidState":7,"_cameraCFrame":[757.084,265.912,45.366,-0.028,-0.945,0.326,0,0.326,0.945,-1,0.026,-0.009],"_shiftlockState":true,"_pose":"FreeFall","_animationQueue":[],"_animationSpeed":1,"_zoom":7.28},{"_mousePosition":[683,384],"_rootPartCFrame":[751.611,249.6,47.268,-0.028,0,1,0,1,0,-1,0,-0.028],"_humanoidState":7,"_cameraCFrame":[756.659,266.395,45.35,-0.033,-0.948,0.317,0,0.317,0.948,-0.999,0.031,-0.01],"_shiftlockState":true,"_pose":"FreeFall","_animationQueue":[],"_animationSpeed":1,"_zoom":7.28},{"_mousePosition":[683,384],"_rootPartCFrame":[751.278,249.913,47.277,-0.033,0,0.999,0,1,0,-0.999,0,-0.033],"_humanoidState":8,"_cameraCFrame":[756.232,266.737,45.35,-