[{"_mousePosition":[683,384],"_rootPartCFrame":[776.031,222.7,47.142,0,0,1,0,1,0,-1,0,0],"_humanoidState":8,"_cameraCFrame":[781.133,229.39,47.317,0.034,-0.712,0.701,0,0.701,0.713,-0.999,-0.024,0.024],"_shiftlockState":false,"_pose":"Standing","_animationQueue":[],"_animationSpeed":1,"_zoom":7.28},{"_mousePosition":[683,384],"_rootPartCFrame":[775.728,222.695,47.132,0.006,0,1,0,1,0,-1,0,0.006],"_humanoidState":8,"_cameraCFrame":[780.83,229.385,47.306,0.034,-0.712,0.701,0,0.701,0.713,-0.999,-0.024,0.024],"_shiftlockState":false,"_pose":"Standing","_animationQueue":[],"_animationSpeed":1,"_zoom":7.28},{"_mousePosition":[683,382],"_rootPartCFrame":[775.595,222.696,47.127,0.008,0,1,0,1,0,-1,0,0.008],"_humanoidState":8,"_cameraCFrame":[780.697,229.386,47.302,0.034,-0.712,0.701,0,0.701,0.713,-0.999,-0.024,0.024],"_shiftlockState":false,"_pose":"Running","_animationQueue":[["walk",0.1]],"_animationSpeed":1.089,"_zoom":7.28},{"_mousePosition":[682,382],"_rootPartCFrame":[775.328,222.698,47.118,0.011,0,1,0,1,0,-1,0,0.011],"_humanoidState":8,"_cameraCFrame":[780.431,229.387,47.293,0.034,-0.712,0.701,0,0.701,0.713,-0.999,-0.024,0.024],"_shiftlockState":false,"_pose":"Running","_animationQueue":[],"_animationSpeed":1.089,"_zoom":7.28},{"_mousePosition":[681,382],"_rootPartCFrame":[774.929,222.699,47.104,0.016,0,1,0,1,0,-1,0,0.016],"_humanoidState":8,"_cameraCFrame":[780.031,229.389,47.279,0.034,-0.712,0.701,0,0.701,0.713,-0.999,-0.024,0.024],"_shiftlockState":false,"_pose":"Running","_animationQueue":[],"_animationSpeed":1.089,"_zoom":7.28},{"_mousePosition":[681,382],"_rootPartCFrame":[774.662,222.699,47.095,0.018,0,1,0,1,0,-1,0,0.018],"_humanoidState":8,"_cameraCFrame":[779.765,229.389,47.27,0.034,-0.712,0.701,0,0.701,0.713,-0.999,-0.024,0.024],"_shiftlockState":false,"_pose":"Running","_animationQueue":[],"_animationSpeed":1.089,"_zoom":7.28},{"_mousePosition":[681,382],"_rootPartCFrame":[774.529,222.699,47.091,0.019,0,1,0,1,0,-1,0,0.019],"_humanoidState":8,"_cameraCFrame":[779.631,229.389,47.265,0.034,-0.712,0.701,0,0.701,0.713,-0.999,-0.024,0.024],"_shiftlockState":false,"_pose":"Running","_animationQueue":[["walk",0.1]],"_animationSpeed":1.089,"_zoom":7.28},{"_mousePosition":[681,382],"_rootPartCFrame":[774.129,222.7,47.077,0.022,0,1,0,1,0,-1,0,0.022],"_humanoidState":8,"_cameraCFrame":[779.232,229.389,47.252,0.034,-0.712,0.701,0,0.701,0.713,-0.999,-0.024,0.024],"_shiftlockState":false,"_pose":"Running","_animationQueue":[],"_animationSpeed":1.089,"_zoom":7.28},{"_mousePosition":[681,382],"_rootPartCFrame":[773.996,222.7,47.072,0.023,0,1,0,1,0,-1,0,0.023],"_humanoidState":8,"_cameraCFrame":[779.098,229.389,47.247,0.034,-0.712,0.701,0,0.701,0.713,-0.999,-0.024,0.024],"_shiftlockState":false,"_pose":"Running","_animationQueue":[],"_animationSpeed":1.089,"_zoom":7.28},{"_mousePosition":[680,382],"_rootPartCFrame":[773.596,222.7,47.059,0.025,0,1,0,1,0,-1,0,0.025],"_humanoidState":8,"_cameraCFrame":[778.759,229.389,45.484,0.034,-0.712,0.701,0,0.701,0.713,-0.999,-0.024,0.024],"_shiftlockState":true,"_pose":"Running","_animationQueue":[],"_animationSpeed":1.089,"_zoom":7.28},{"_mousePosition":[683,384],"_rootPartCFrame":[773.33,222.7,47.05,0.035,0,0.999,0,1,0,-0.999,0,0.035],"_humanoidState":8,"_cameraCFrame":[778.492,229.389,45.475,0.034,-0.712,0.701,0,0.701,0.713,-0.999,-0.024,0.024],"_shiftlockState":true,"_pose":"Running","_animationQueue":[],"_animationSpeed":1.089,"_zoom":7.28},{"_mousePosition":[683,384],"_rootPartCFrame":[773.063,222.7,47.04,0.034,0,0.999,0,1,0,-0.999,0,0.034],"_humanoidState":8,"_cameraCFrame":[778.225,229.389,45.466,0.034,-0.712,0.701,0,0.701,0.713,-0.999,-0.024,0.024],"_shiftlockState":true,"_pose":"Running","_animationQueue":[],"_animationSpeed":1.089,"_zoom":7.28},{"_mousePosition":[683,384],"_rootPartCFrame":[772.863,222.7,47.034,0.034,0,0.999,0,1,0,-0.999,0,0.034],"_humanoidState":8,"_cameraCFrame":[778.025,229.389,45.459,0.034,-0.712,0.701,0,0.701,0.713,-0.999,-0.024,0.024],"_shiftlockState":true,"_pose":"Running","_animationQueue":[],"_animationSpeed":1.089,"_zoom":7.28},{"_mousePosition":[683,384],"_rootPartCFrame":[772.596,222.7,47.024,0.034,0,0.999,0,1,0,-0.999,0,0.034],"_humanoidState":8,"_cameraCFrame":[777.759,229.389,45.45,0.034,-0.712,0.701,0,0.701,0.713,-0.999,-0.024,0.024],"_shiftlockState":true,"_pose":"Running","_animationQueue":[["walk",0.1]],"_animationSpeed":1.089,"_zoom":7.28},{"_mousePosition":[683,384],"_rootPartCFrame":[772.263,222.7,47.013,0.034,0,0.999,0,1,0,-0.999,0,0.034],"_humanoidState":8,"_cameraCFrame":[777.426,229.389,45.439,0.034,-0.712,0.701,0,0.701,0.713,-0.999,-0.024,0.024],"_shiftlockState":true,"_pose":"Running","_animationQueue":[],"_animationSpeed":1.089,"_zoom":7.28},{"_mousePosition":[683,384],"_rootPartCFrame":[772.063,222.7,47.006,0.034,0,0.999,0,1,0,-0.999,0,0.034],"_humanoidState":8,"_cameraCFrame":[777.226,229.389,45.432,0.034,-0.712,0.701,0,0.701,0.713,-0.999,-0.024,0.024],"_shiftlockState":true,"_pose":"Running","_animationQueue":[],"_animationSpeed":1.089,"_zoom":7.28},{"_mousePosition":[683,384],"_rootPartCFrame":[771.73,222.7,46.995,0.034,0,0.999,0,1,0,-0.999,0,0.034],"_humanoidState":8,"_cameraCFrame":[776.892,229.389,45.42,0.034,-0.712,0.701,0,0.701,0.713,-0.999,-0.024,0.024],"_shiftlockState":true,"_pose":"Running","_animationQueue":[],"_animationSpeed":1.089,"_zoom":7.28},{"_mousePosition":[683,384],"_rootPartCFrame":[771.463,222.7,46.986,0.034,0,0.999,0,1,0,-0.999,0,0.034],"_humanoidState":8,"_cameraCFrame":[776.626,229.389,45.411,0.034,-0.712,0.701,0,0.701,0.713,-0.999,-0.024,0.024],"_shiftlockState":true,"_pose":"Running","_animationQueue":[],"_animationSpeed":1.089,"_zoom":7.28},{"_mousePosition":[683,384],"_rootPartCFrame":[771.263,222.7,46.979,0.034,0,0.999,0,1,0,-0.999,0,0.034],"_humanoidState":8,"_cameraCFrame":[776.426,229.389,45.405,0.034,-0.712,0.701,0,0.701,0.713,-0.999,-0.024,0.024],"_shiftlockState":true,"_pose":"Running","_animationQueue":[],"_animationSpeed":1.089,"_zoom":7.28},{"_mousePosition":[683,384],"_rootPartCFrame":[770.997,222.7,46.97,0.034,0,0.999,0,1,0,-0.999,0,0.034],"_humanoidState":8,"_cameraCFrame":[776.159,229.389,45.395,0.034,-0.712,0.701,0,0.701,0.713,-0.999,-0.024,0.024],"_shiftlockState":true,"_pose":"Running","_animationQueue":[],"_animationSpeed":1.089,"_zoom":7.28},{"_mousePosition":[683,384],"_rootPartCFrame":[770.664,223.783,46.958,0.034,0,0.999,0,1,0,-0.999,0,0.034],"_humanoidState":3,"_cameraCFrame":[775.826,230.473,45.384,0.034,-0.712,0.701,0,0.701,0.713,-0.999,-0.024,0.024],"_shiftlockState":true,"_pose":"Jumping","_animationQueue":[["walk",0.1],["walk",0.1],["jump",0.1]],"_animationSpeed":1,"_zoom":7.28},{"_mousePosition":[683,384],"_rootPartCFrame":[770.464,224.395,46.951,0.034,0,0.999,0,1,0,-0.999,0,0.034],"_humanoidState":5,"_cameraCFrame":[775.626,231.085,45.377,0.034,-0.712,0.701,0,0.701,0.713,-0.999,-0.024,0.024],"_shiftlockState":true,"_pose":"FreeFall","_animationQueue":[["jump",0.1]],"_animationSpeed":1,"_zoom":7.28},{"_mousePosition":[683,384],"_rootPartCFrame":[770.13,225.346,46.94,0.034,0,0.999,0,1,0,-0.999,0,0.034],"_humanoidState":5,"_cameraCFrame":[775.293,232.035,45.366,0.034,-0.712,0.701,0,0.701,0.713,-0.999,-0.024,0.024],"_shiftlockState":true,"_pose":"FreeFall","_animationQueue":[],"_animationSpeed":1,"_zoom":7.28},{"_mousePosition":[683,384],"_rootPartCFrame":[769.864,226.045,46.931,0.034,0,0.999,0,1,0,-0.999,0,0.034],"_humanoidState":5,"_cameraCFrame":[775.138,232.848,45.36,0.034,-0.712,0.701,0,0.701,0.713,-0.999,-0.024,0.024],"_shiftlockState":true,"_pose":"FreeFall","_animationQueue":[],"_animationSpeed":1,"_zoom":7.28},{"_mousePosition":[683,384],"_rootPartCFrame":[769.597,226.69,46.922,0.034,0,0.999,0,1,0,-0.999,0,0.034],"_humanoidState":5,"_cameraCFrame":[775.133,233.76,45.36,0.034,-0.712,0.701,0,0.701,0.713,-0.999,-0.024,0.024],"_shiftlockState":true,"_pose":"FreeFall","_animationQueue":[],"_animationSpeed":1,"_zoom":7.28},{"_mousePosition":[683,384],"_rootPartCFrame":[769.331,227.28,46.913,0.034,0,0.999,0,1,0,-0.999,0,0.034],"_humanoidState":5,"_cameraCFrame":[775.165,234.654,45.361,0.034,-0.712,0.701,0,0.701,0.713,-0.999,-0.024,0.024],"_shiftlockState":true,"_pose":"FreeFall","_animationQueue":[],"_animationSpeed":1,"_zoom":7.28},{"_mousePosition":[683,384],"_rootPartCFrame":[769.064,227.816,46.904,0.034,0,0.999,0,1,0,-0.999,0,0.034],"_humanoidState":5,"_cameraCFrame":[775.257,235.554,45.365,0.034,-0.712,0.701,0,0.701,0.713,-0.999,-0.024,0.024],"_shiftlockState":true,"_pose":"FreeFall","_animationQueue":[],"_animationSpeed":1,"_zoom":7.28},{"_mousePosition":[683,384],"_rootPartCFrame":[768.797,228.298,46.894,0.034,0,0.999,0,1,0,-0.999,0,0.034],"_humanoidState":5,"_cameraCFrame":[775.521,236.576,45.374,0.034,-0.712,0.701,0,0.701,0.713,-0.999,-0.024,0.024],"_shiftlockState":true,"_pose":"FreeFall","_animationQueue":[],"_animationSpeed":1,"_zoom":7.28},{"_mousePosition":[683,384],"_rootPartCFrame":[768.531,228.725,46.885,0.034,0,0.999,0,1,0,-0.999,0,0.034],"_humanoidState":5,"_cameraCFrame":[776.027,237.788,45.391,0.034,-0.712,0.701,0,0.701,0.713,-0.999,-0.024,0.024],"_shiftlockState":true,"_pose":"FreeFall","_animationQueue":[],"_animationSpeed":1,"_zoom":7.28},{"_mousePosition":[683,384],"_rootPartCFrame":[768.264,229.097,46.876,0.034,0,0.999,0,1,0,-0.999,0,0.034],"_humanoidState":5,"_cameraCFrame":[776.511,238.924,45.407,0.034,-0.712,0.701,0,0.701,0.713,-0.999,-0.024,0.024],"_shiftlockState":true,"_pose":"FreeFall","_animationQueue":[],"_animationSpeed":1,"_zoom":7.28},{"_mousePosition":[683,384],"_rootPartCFrame":[767.998,229.415,46.867,0.034,0,0.999,0,1,0,-0.999,0,0.034],"_humanoidState":5,"_cameraCFrame":[777.023,240.033,45.425,0.034,-0.712,0.701,0,0.701,0.713,-0.999,-0.024,0.024],"_shiftlockState":true,"_pose":"FreeFall","_animationQueue":[],"_animationSpeed":1,"_zoom":7.28},{"_mousePosition":[683,384],"_rootPartCFrame":[767.731,229.678,46.858,0.034,0,0.999,0,1,0,-0.999,0,0.034],"_humanoidState":5,"_cameraCFrame":[777.394,240.946,45.438,0.034,-0.712,0.701,0,0.701,0.713,-0.999,-0.024,0.024],"_shiftlockState":true,"_pose":"FreeFall","_animationQueue":[],"_animationSpeed":1,"_zoom":7.28},{"_mousePosition":[683,384],"_rootPartCFrame":[767.464,229.887,46.849,0.034,0,0.999,0,1,0,-0.999,0,0.034],"_humanoidState":5,"_cameraCFrame":[777.594,241.629,45.445,0.034,-0.712,0.701,0,0.701,0.713,-0.999,-0.024,0.024],"_shiftlockState":true,"_pose":"FreeFall","_animationQueue":[],"_animationSpeed":1,"_zoom":7.28},{"_mousePosition":[683,384],"_rootPartCFrame":[767.264,230.008,46.842,0.034,0,0.999,0,1,0,-0.999,0,0.034],"_humanoidState":5,"_cameraCFrame":[777.764,242.127,45.45,0.034,-0.712,0.701,0,0.701,0.713,-0.999,-0.024,0.024],"_shiftlockState":true,"_pose":"FreeFall","_animationQueue":[],"_animationSpeed":1,"_zoom":7.28},{"_mousePosition":[683,384],"_rootPartCFrame":[766.998,230.122,46.833,0.034,0,0.999,0,1,0,-0.999,0,0.034],"_humanoidState":5,"_cameraCFrame":[777.778,242.525,45.451,0.034,-0.712,0.701,0,0.701,0.713,-0.999,-0.024,0.024],"_shiftlockState":true,"_pose":"FreeFall","_animationQueue":[],"_animationSpeed":1,"_zoom":7.28},{"_mousePosition":[683,384],"_rootPartCFrame":[766.665,230.187,46.821,0.034,0,0.999,0,1,0,-0.999,0,0.034],"_humanoidState":5,"_cameraCFrame":[777.631,242.737,45.446,0.034,-0.711,0.702,0,0.703,0.712,-0.999,-0.024,0.024],"_shiftlockState":true,"_pose":"FreeFall","_animationQueue":[],"_animationSpeed":1,"_zoom":7.28},{"_mousePosition":[683,384],"_rootPartCFrame":[766.465,230.185,46.815,0.034,0,0.999,0,1,0,-0.999,0,0.034],"_humanoidState":5,"_cameraCFrame":[777.616,242.828,45.501,0.039,-0.708,0.705,0,0.705,0.709,-0.999,-0.028,0.028],"_shiftlockState":true,"_pose":"FreeFall","_animationQueue":[],"_animationSpeed":1,"_zoom":7.28},{"_mousePosition":[683,384],"_rootPartCFrame":[766.131,230.114,46.803,0.039,0,0.999,0,1,0,-0.999,0,0.039],"_humanoidState":5,"_cameraCFrame":[777.384,242.856,45.522,0.042,-0.708,0.705,0,0.705,0.709,-0.999,-0.03,0.029],"_shiftlockState":true,"_pose":"FreeFall","_animationQueue":[],"_animationSpeed":1,"_zoom":7.28},{"_mousePosition":[683,384],"_rootPartCFrame":[765.865,229.996,46.793,0.041,0,0.999,0,1,0,-0.999,0,0.041],"_humanoidState":5,"_cameraCFrame":[777.173,242.794,45.514,0.042,-0.708,0.705,0,0.705,0.709,-0.999,-0.03,0.029],"_shiftlockState":true,"_pose":"FreeFall","_animationQueue":[],"_animationSpeed":1,"_zoom":7.28},{"_mousePosition":[683,384],"_rootPartCFrame":[765.665,229.872,46.785,0.042,0,0.999,0,1,0,-0.999,0,0.042],"_humanoidState":5,"_cameraCFrame":[777.039,242.691,45.509,0.042,-0.707,0.706,0,0.707,0.707,-0.999,-0.03,0.03],"_shiftlockState":true,"_pose":"FreeFall","_animationQueue":[["fall",0.3]],"_animationSpeed":1,"_zoom":7.28},{"_mousePosition":[683,384],"_rootPartCFrame":[765.399,229.658,46.773,0.042,0,0.999,0,1,0,-0.999,0,0.042],"_humanoidState":5,"_cameraCFrame":[776.804,242.509,45.499,0.042,-0.707,0.706,0,0.707,0.707,-0.999,-0.03,0.03],"_shiftlockState":true,"_pose":"FreeFall","_animationQueue":[],"_animationSpeed":1,"_zoom":7.28},{"_mousePosition":[683,384],"_rootPartCFrame":[765.066,229.315,46.76,0.042,0,0.999,0,1,0,-0.999,0,0.042],"_humanoidState":5,"_cameraCFrame":[776.488,242.183,45.486,0.042,-0.707,0.706,0,0.707,0.707,-0.999,-0.03,0.03],"_shiftlockState":true,"_pose":"FreeFall","_animationQueue":[],"_animationSpeed":1,"_zoom":7.28},{"_mousePosition":[683,384],"_rootPartCFrame":[764.866,229.068,46.751,0.042,0,0.999,0,1,0,-0.999,0,0.042],"_humanoidState":5,"_cameraCFrame":[776.302,241.949,45.478,0.042,-0.707,0.706,0,0.707,0.707,-0.999,-0.03,0.03],"_shiftlockState":true,"_pose":"FreeFall","_animationQueue":[],"_animationSpeed":1,"_zoom":7.28},{"_mousePosition":[683,384],"_rootPartCFrame":[764.6,228.691,46.74,0.042,0,0.999,0,1,0,-0.999,0,0.042],"_humanoidState":5,"_cameraCFrame":[776.044,241.581,45.467,0.042,-0.707,0.706,0,0.707,0.707,-0.999,-0.03,0.03],"_shiftlockState":true,"_pose":"FreeFall","_animationQueue":[],"_animationSpeed":1,"_zoom":7.28},{"_mousePosition":[683,384],"_rootPartCFrame":[764.333,228.259,46.729,0.042,0,0.999,0,1,0,-0.999,0,0.042],"_humanoidState":5,"_cameraCFrame":[775.783,241.155,45.456,0.042,-0.707,0.706,0,0.707,0.707,-0.999,-0.03,0.03],"_shiftlockState":true,"_pose":"FreeFall","_animationQueue":[],"_animationSpeed":1,"_zoom":7.28},{"_mousePosition":[683,384],"_rootPartCFrame":[764.067,227.773,46.718,0.042,0,0.999,0,1,0,-0.999,0,0.042],"_humanoidState":5,"_cameraCFrame":[775.521,240.673,45.445,0.042,-0.707,0.706,0,0.707,0.707,-0.999,-0.03,0.03],"_shiftlockState":true,"_pose":"FreeFall","_animationQueue":[],"_animationSpeed":1,"_zoom":7.28},{"_mousePosition":[683,384],"_rootPartCFrame":[763.801,227.233,46.707,0.042,0,0.999,0,1,0,-0.999,0,0.042],"_humanoidState":5,"_cameraCFrame":[775.26,240.135,45.463,0.044,-0.707,0.706,0,0.707,0.707,-0.999,-0.031,0.031],"_shiftlockState":true,"_pose":"FreeFall","_animationQueue":[["fall",0.3]],"_animationSpeed":1,"_zoom":7.28},{"_mousePosition":[683,384],"_rootPartCFrame":[763.468,226.481,46.693,0.044,0,0.999,0,1,0,-0.999,0,0.044],"_humanoidState":5,"_cameraCFrame":[774.906,239.406,45.448,0.044,-0.708,0.705,0,0.705,0.709,-0.999,-0.031,0.031],"_shiftlockState":true,"_pose":"FreeFall","_animationQueue":[],"_animationSpeed":1,"_zoom":7.28},{"_mousePosition":[683,384],"_rootPartCFrame":[763.268,225.988,46.684,0.044,0,0.999,0,1,0,-0.999,0,0.044],"_humanoidState":5,"_cameraCFrame":[774.663,238.959,45.438,0.044,-0.711,0.702,0,0.703,0.712,-0.999,-0.032,0.031],"_shiftlockState":true,"_pose":"FreeFall","_animationQueue":[],"_animationSpeed":1,"_zoom":7.28},{"_mousePosition":[683,384],"_rootPartCFrame":[762.935,225.1,46.669,0.044,0,0.999,0,1,0,-0.999,0,0.044],"_humanoidState":5,"_cameraCFrame":[774.331,238.072,45.423,0.044,-0.711,0.702,0,0.703,0.712,-0.999,-0.032,0.031],"_shiftlockState":true,"_pose":"FreeFall","_animationQueue":[],"_animationSpeed":1,"_zoom":7.28},{"_mousePosition":[683,384],"_rootPartCFrame":[762.735,224.526,46.66,0.044,0,0.999,0,1,0,-0.999,0,0.044],"_humanoidState":5,"_cameraCFrame":[774.087,237.542,45.412,0.044,-0.714,0.699,0,0.7,0.714,-0.999,-0.032,0.031],"_shiftlockState":true,"_pose":"FreeFall","_animationQueue":[],"_animationSpeed":1,"_zoom":7.28},{"_mousePosition":[683,384],"_rootPartCFrame":[762.402,223.501,46.645,0.044,0,0.999,0,1,0,-0.999,0,0.044],"_humanoidState":5,"_cameraCFrame":[773.709,236.562,45.395,0.044,-0.716,0.696,0,0.697,0.717,-0.999,-0.032,0.031],"_shiftlockState":true,"_pose":"FreeFall","_animationQueue":[],"_animationSpeed":1,"_zoom":7.28},{"_mousePosition":[683,384],"_rootPartCFrame":[762.136,222.62,46.634,0.044,0,0.999,0,1,0,-0.999,0,0.044],"_humanoidState":7,"_cameraCFrame":[773.398,235.724,45.382,0.044,-0.719,0.694,0,0.694,0.72,-0.999,-0.032,0.031],"_shiftlockState":true,"_pose":"FreeFall","_animationQueue":[["fall",0.3],["walk",0.1],["fall",0.3],["fall",0.3]],"_animationSpeed":1,"_zoom":7.28},{"_mousePosition":[683,384],"_rootPartCFrame":[761.87,222.438,46.622,0.044,0,0.999,0,1,0,-0.999,0,0.044],"_humanoidState":7,"_cameraCFrame":[773.041,235.629,45.366,0.044,-0.724,0.688,0,0.689,0.725,-0.999,-0.032,0.031],"_shiftlockState":true,"_pose":"FreeFall","_animationQueue":[],"_animationSpeed":1,"_zoom":7.28},{"_mousePosition":[683,384],"_rootPartCFrame":[761.537,222.549,46.607,0.044,0,0.999,0,1,0,-0.999,0,0.044],"_humanoidState":8,"_cameraCFrame":[772.617,235.827,45.347,0.044,-0.73,0.682,0,0.683,0.73,-0.999,-0.032,0.03],"_shiftlockState":true,"_pose":"Running","_animationQueue":[["walk",0.1],["fall",0.3],["walk",0.1]],"_animationSpeed":1.103,"_zoom":7.28},{"_mousePosition":[683,384],"_rootPartCFrame":[761.27,222.616,46.595,0.044,0,0.999,0,1,0,-0.999,0,0.044],"_humanoidState":8,"_cameraCFrame":[772.281,235.958,45.332,0.044,-0.734,0.678,0,0.679,0.734,-0.999,-0.033,0.03],"_shiftlockState":true,"_pose":"Running","_animationQueue":[],"_animationSpeed":1.103,"_zoom":7.28},{"_mousePosition":[683,384],"_rootPartCFrame":[761.004,222.655,46.583,0.044,0,0.999,0,1,0,-0.999,0,0.044],"_humanoidState":8,"_cameraCFrame":[771.969,236.039,45.318,0.044,-0.736,0.675,0,0.676,0.737,-0.999,-0.033,0.03],"_shiftlockState":true,"_pose":"Running","_animationQueue":[],"_animationSpeed":1.103,"_zoom":7.28},{"_mousePosition":[683,384],"_rootPartCFrame":[760.804,222.671,46.574,0.044,0,0.999,0,1,0,-0.999,0,0.044],"_humanoidState":8,"_cameraCFrame":[771.723,236.098,45.307,0.044,-0.739,0.672,0,0.673,0.74,-0.999,-0.033,0.03],"_shiftlockState":true,"_pose":"Running","_animationQueue":[],"_animationSpeed":1.103,"_zoom":7.28},{"_mousePosition":[683,384],"_rootPartCFrame":[760.471,222.686,46.56,0.044,0,0.999,0,1,0,-0.999,0,0.044],"_humanoidState":8,"_cameraCFrame":[771.34,236.156,45.263,0.042,-0.742,0.67,0,0.67,0.742,-0.999,-0.031,0.028],"_shiftlockState":true,"_pose":"Running","_animationQueue":[],"_animationSpeed":1.103,"_zoom":7.28},{"_mousePosition":[683,384],"_rootPartCFrame":[760.205,222.692,46.548,0.042,0,0.999,0,1,0,-0.999,0,0.042],"_humanoidState":8,"_cameraCFrame":[771.004,236.225,45.248,0.042,-0.746,0.665,0,0.666,0.746,-0.999,-0.031,0.028],"_shiftlockState":true,"_pose":"Running","_animationQueue":[["walk",0.1]],"_animationSpeed":1.103,"_zoom":7.28},{"_mousePosition":[683,384],"_rootPartCFrame":[760.005,222.695,46.539,0.042,0,0.999,0,1,0,-0.999,0,0.042],"_humanoidState":8,"_cameraCFrame":[770.754,236.269,45.21,0.039,-0.748,0.662,0,0.663,0.749,-0.999,-0.029,0.026],"_shiftlockState":true,"_pose":"Running","_animationQueue":[],"_animationSpeed":1.103,"_zoom":7.28},{"_mousePosition":[683,384],"_rootPartCFrame":[759.739,222.697,46.528,0.039,0,0.999,0,1,0,-0.999,0,0.039],"_humanoidState":8,"_cameraCFrame":[770.41,236.333,45.143,0.034,-0.752,0.658,0,0.658,0.753,-0.999,-0.026,0.023],"_shiftlockState":true,"_pose":"Running","_animationQueue":[],"_animationSpeed":1.103,"_zoom":7.28},{"_mousePosition":[683,384],"_rootPartCFrame":[759.406,222.698,46.515,0.034,0,0.999,0,1,0,-0.999,0,0.034],"_humanoidState":8,"_cameraCFrame":[769.999,236.397,45.073,0.029,-0.756,0.654,0,0.654,0.756,-1,-0.022,0.019],"_shiftlockState":true,"_pose":"Running","_animationQueue":[],"_animationSpeed":1.103,"_zoom":7.28},{"_mousePosition":[683,384],"_rootPartCFrame":[759.139,222.699,46.506,0.029,0,1,0,1,0,-1,0,0.029],"_humanoidState":8,"_cameraCFrame":[769.649,236.459,44.982,0.022,-0.76,0.649,0,0.65,0.76,-1,-0.016,0.014],"_shiftlockState":true,"_pose":"Running","_animationQueue":[],"_animationSpeed":1.103,"_zoom":7.28},{"_mousePosition":[683,384],"_rootPartCFrame":[758.873,222.699,46.498,0.022,0,1,0,1,0,-1,0,0.022],"_humanoidState":8,"_cameraCFrame":[769.271,236.54,44.867,0.011,-0.765,0.644,0,0.644,0.765,-1,-0.009,0.007],"_shiftlockState":true,"_pose":"Running","_animationQueue":[],"_animationSpeed":1.103,"_zoom":7.28},{"_mousePosition":[683,384],"_rootPartCFrame":[758.539,223.769,46.488,0.011,0,1,0,1,0,-1,0,0.011],"_humanoidState":3,"_cameraCFrame":[768.848,237.671,44.752,0.001,-0.769,0.639,0,0.639,0.769,-1,-0.001,0.001],"_shiftlockState":true,"_pose":"Jumping","_animationQueue":[["walk",0.1],["walk",0.1],["jump",0.1]],"_animationSpeed":1,"_zoom":7.28},{"_mousePosition":[683,384],"_rootPartCFrame":[758.339,224.371,46.485,0.002,0,1,0,1,0,-1,0,0.002],"_humanoidState":5,"_cameraCFrame":[768.557,238.332,44.645,-0.009,-0.773,0.635,0,0.635,0.773,-1,0.007,-0.006],"_shiftlockState":true,"_pose":"FreeFall","_animationQueue":[["jump",0.1]],"_animationSpeed":1,"_zoom":7.28},{"_mousePosition":[683,384],"_rootPartCFrame":[758.073,225.124,46.484,-0.008,0,1,0,1,0,-1,0,-0.008],"_humanoidState":5,"_cameraCFrame":[768.14,239.185,44.492,-0.024,-0.779,0.627,0,0.627,0.779,-1,0.019,-0.015],"_shiftlockState":true,"_pose":"FreeFall","_animationQueue":[],"_animationSpeed":1,"_zoom":7.28},{"_mousePosition":[683,384],"_rootPartCFrame":[757.806,225.824,46.486,-0.022,0,1,0,1,0,-1,0,-0.022],"_humanoidState":5,"_cameraCFrame":[767.804,239.924,44.394,-0.034,-0.781,0.624,0,0.624,0.781,-0.999,0.027,-0.021],"_shiftlockState":true,"_pose":"FreeFall","_animationQueue":[],"_animationSpeed":1,"_zoom":7.28},{"_mousePosition":[683,384],"_rootPartCFrame":[757.54,226.469,46.492,-0.033,0,0.999,0,1,0,-0.999,0,-0.033],"_humanoidState":5,"_cameraCFrame":[767.447,240.627,44.327,-0.042,-0.784,0.619,0,0.619,0.785,-0.999,0.033,-0.026],"_shiftlockState":true,"_pose":"FreeFall","_animationQueue":[],"_animationSpeed":1,"_zoom":7.28},{"_mousePosition":[683,384],"_rootPartCFrame":[757.273,227.059,46.501,-0.041,0,0.999,0,1,0,-0.999,0,-0.041],"_humanoidState":5,"_cameraCFrame":[767.114,241.256,44.263,-0.049,-0.786,0.616,0,0.616,0.787,-0.999,0.039,-0.03],"_shiftlockState":true,"_pose":"FreeFall","_animationQueue":[],"_animationSpeed":1,"_zoom":7.28},{"_mousePosition":[683,384],"_rootPartCFrame":[757.007,227.595,46.511,-0.048,0,0.999,0,1,0,-0.999,0,-0.048],"_humanoidState":5,"_cameraCFrame":[766.787,241.831,44.227,-0.054,-0.789,0.612,0,0.613,0.79,-0.999,0.043,-0.033],"_shiftlockState":true,"_pose":"FreeFall","_animationQueue":[],"_animationSpeed":1,"_zoom":7.28},{"_mousePosition":[683,384],"_rootPartCFrame":[756.74,228.076,46.524,-0.054,0,0.999,0,1,0,-0.999,0,-0.054],"_humanoidState":5,"_cameraCFrame":[766.484,242.332,44.192,-0.059,-0.79,0.611,0,0.612,0.791,-0.998,0.047,-0.036],"_shiftlockState":true,"_pose":"FreeFall","_animationQueue":[],"_animationSpeed":1,"_zoom":7.28},{"_mousePosition":[683,384],"_rootPartCFrame":[756.474,228.503,46.539,-0.059,0,0.998,0,1,0,-0.998,0,-0.059],"_humanoidState":5,"_cameraCFrame":[766.218,242.758,44.206,-0.059,-0.79,0.611,0,0.612,0.791,-0.998,0.047,-0.036],"_shiftlockState":true,"_pose":"FreeFall","_animationQueue":[],"_animationSpeed":1,"_zoom":7.28},{"_mousePosition":[683,384],"_rootPartCFrame":[756.208,228.876,46.554,-0.059,0,0.998,0,1,0,-0.998,0,-0.059],"_humanoidState":5,"_cameraCFrame":[765.952,243.131,44.222,-0.059,-0.79,0.611,0,0.612,0.791,-0.998,0.047,-0.036],"_shiftlockState":true,"_pose":"FreeFall","_animationQueue":[],"_animationSpeed":1,"_zoom":7.28},{"_mousePosition":[683,384],"_rootPartCFrame":[756.008,229.119,46.566,-0.059,0,0.998,0,1,0,-0.998,0,-0.059],"_humanoidState":5,"_cameraCFrame":[765.752,243.374,44.233,-0.059,-0.79,0.611,0,0.612,0.791,-0.998,0.047,-0.036],"_shiftlockState":true,"_pose":"FreeFall","_animationQueue":[],"_animationSpeed":1,"_zoom":7.28},{"_mousePosition":[683,384],"_rootPartCFrame":[755.742,229.396,46.582,-0.059,0,0.998,0,1,0,-0.998,0,-0.059],"_humanoidState":5,"_cameraCFrame":[765.461,243.671,44.251,-0.059,-0.791,0.609,0,0.61,0.792,-0.998,0.047,-0.036],"_shiftlockState":true,"_pose":"FreeFall","_animationQueue":[],"_animationSpeed":1,"_zoom":7.28},{"_mousePosition":[683,384],"_rootPartCFrame":[755.409,229.666,46.602,-0.059,0,0.998,0,1,0,-0.998,0,-0.059],"_humanoidState":5,"_cameraCFrame":[765.123,243.94,44.246,-0.062,-0.791,0.609,0,0.61,0.792,-0.998,0.049,-0.038],"_shiftlockState":true,"_pose":"FreeFall","_animationQueue":[],"_animationSpeed":1,"_zoom":7.28},{"_mousePosition":[683,384],"_rootPartCFrame":[755.21,229.787,46.614,-0.062,0,0.998,0,1,0,-0.998,0,-0.062],"_humanoidState":5,"_cameraCFrame":[764.861,244.099,44.212,-0.067,-0.793,0.606,0,0.607,0.795,-0.998,0.053,-0.041],"_shiftlockState":true,"_pose":"FreeFall","_animationQueue":[],"_animationSpeed":1,"_zoom":7.28},{"_mousePosition":[683,384],"_rootPartCFrame":[754.877,229.92,46.634,-0.066,0,0.998,0,1,0,-0.998,0,-0.066],"_humanoidState":5,"_cameraCFrame":[764.385,244.309,44.07,-0.085,-0.796,0.599,0,0.601,0.799,-0.996,0.068,-0.051],"_shiftlockState":true,"_pose":"FreeFall","_animationQueue":[],"_animationSpeed":1,"_zoom":7.28},{"_mousePosition":[683,384],"_rootPartCFrame":[754.611,229.966,46.652,-0.083,0,0.997,0,1,0,-0.997,0,-0.083],"_humanoidState":5,"_cameraCFrame":[764.01,244.41,43.975,-0.097,-0.799,0.593,0,0.596,0.803,-0.995,0.078,-0.058],"_shiftlockState":true,"_pose":"FreeFall","_animationQueue":[],"_animationSpeed":1,"_zoom":7.28},{"_mousePosition":[683,384],"_rootPartCFrame":[754.412,229.964,46.668,-0.096,0,0.995,0,1,0,-0.995,0,-0.096],"_humanoidState":5,"_cameraCFrame":[763.733,244.446,43.902,-0.107,-0.8,0.59,0,0.593,0.805,-0.994,0.086,-0.064],"_shiftlockState":true,"_pose":"FreeFall","_animationQueue":[],"_animationSpeed":1,"_zoom":7.28},{"_mousePosition":[683,384],"_rootPartCFrame":[754.08,229.893,46.7,-0.105,0,0.994,0,1,0,-0.994,0,-0.105],"_humanoidState":5,"_cameraCFrame":[763.323,244.412,43.846,-0.117,-0.802,0.586,0,0.59,0.807,-0.993,0.095,-0.069],"_shiftlockState":true,"_pose":"FreeFall","_animationQueue":[],"_animationSpeed":1,"_zoom":7.28},{"_mousePosition":[683,384],"_rootPartCFrame":[753.815,229.775,46.728,-0.116,0,0.993,0,1,0,-0.993,0,-0.116],"_humanoidState":5,"_cameraCFrame":[763.018,244.313,43.83,-0.122,-0.802,0.584,0,0.588,0.809,-0.992,0.099,-0.072],"_shiftlockState":true,"_pose":"FreeFall","_animationQueue":[],"_animationSpeed":1,"_zoom":7.28},{"_mousePosition":[683,384],"_rootPartCFrame":[753.616,229.65,46.751,-0.122,0,0.993,0,1,0,-0.993,0,-0.122],"_humanoidState":5,"_cameraCFrame":[762.772,244.207,43.787,-0.13,-0.803,0.582,0,0.587,0.81,-0.992,0.105,-0.076],"_shiftlockState":true,"_pose":"FreeFall","_animationQueue":[],"_animationSpeed":1,"_zoom":7.28},{"_mousePosition":[683,384],"_rootPartCFrame":[753.285,229.375,46.792,-0.129,0,0.992,0,1,0,-0.992,0,-0.129],"_humanoidState":5,"_cameraCFrame":[762.433,243.932,43.804,-0.132,-0.803,0.582,0,0.587,0.81,-0.991,0.107,-0.078],"_shiftlockState":true,"_pose":"FreeFall","_animationQueue":[],"_animationSpeed":1,"_zoom":7.28},{"_mousePosition":[683,384],"_rootPartCFrame":[753.021,229.094,46.826,-0.132,0,0.991,0,1,0,-0.991,0,-0.132],"_humanoidState":5,"_cameraCFrame":[762.169,243.65,43.839,-0.132,-0.803,0.582,0,0.587,0.81,-0.991,0.107,-0.078],"_shiftlockState":true,"_pose":"FreeFall","_animationQueue":[["fall",0.3]],"_animationSpeed":1,"_zoom":7.28},{"_mousePosition":[683,384],"_rootPartCFrame":[752.823,228.847,46.853,-0.132,0,0.991,0,1,0,-0.991,0,-0.132],"_humanoidState":5,"_cameraCFrame":[761.953,243.421,43.891,-0.13,-0.804,0.58,0,0.585,0.811,-0.992,0.105,-0.076],"_shiftlockState":true,"_pose":"FreeFall","_animationQueue":[],"_animationSpeed":1,"_zoom":7.28},{"_mousePosition":[683,384],"_rootPartCFrame":[752.492,228.367,46.897,-0.13,0,0.991,0,1,0,-0.991,0,-0.13],"_humanoidState":5,"_cameraCFrame":[761.984,242.83,44.676,-0.049,-0.803,0.594,0,0.595,0.804,-0.999,0.04,-0.029],"_shiftlockState":true,"_pose":"FreeFall","_animationQueue":[],"_animationSpeed":1,"_zoom":7.28},{"_mousePosition":[683,384],"_rootPartCFrame":[752.228,227.922,46.931,-0.057,0,0.998,0,1,0,-0.998,0,-0.057],"_humanoidState":5,"_cameraCFrame":[762.317,242.119,47.178,0.197,-0.772,0.604,0,0.616,0.787,-0.98,-0.155,0.122],"_shiftlockState":true,"_pose":"FreeFall","_animationQueue":[],"_animationSpeed":1,"_zoom":7.28},{"_mousePosition":[683,384],"_rootPartCFrame":[752.173,227.579,46.932,0.108,0.002,0.994,-0.008,1,-0.001,-0.994,-0.008,0.108],"_humanoidState":5,"_cameraCFrame":[761.492,241.54,51.502,0.586,-0.626,0.514,0,0.635,0.773,-0.81,-0.453,0.372],"_shiftlockState":true,"_pose":"FreeFall","_animationQueue":[],"_animationSpeed":1,"_zoom":7.28},{"_mousePosition":[683,384],"_rootPartCFrame":[752.472,227.904,46.881,0.515,0.003,0.857,-0.001,1,-0.003,-0.857,0.001,0.515],"_humanoidState":7,"_cameraCFrame":[756.728,241.374,56.969,0.972,-0.175,0.158,0,0.67,0.742,-0.236,-0.721,0.651],"_shiftlockState":true,"_pose":"FreeFall","_animationQueue":[["walk",0.1],["fall",0.3],["fall",0.3]],"_animationSpeed":1,"_zoom":7.28},{"_mousePosition":[683,384],"_rootPartCFrame":[752.612,228.221,46.83,0.976,0,0.217,0.001,1,-0.005,-0.217,0.006,0.976],"_humanoidState":7,"_cameraCFrame":[753.57,241.326,58.129,0.998,0.051,-0.049,0,0.694,0.72,0.07,-0.718,0.693],"_shiftlockState":true,"_pose":"FreeFall","_animationQueue":[],"_animationSpeed":1,"_zoom":7.28},{"_mousePosition":[683,384],"_rootPartCFrame":[752.608,228.423,46.805,0.997,-0.001,-0.078,0,1,-0.002,0.078,0.002,0.997],"_humanoidState":8,"_cameraCFrame":[752.502,241.329,58.339,0.987,0.114,-0.114,0,0.707,0.707,0.161,-0.698,0.698],"_shiftlockState":true,"_pose":"Running","_animationQueue":[["fall",0.3],["walk",0.1],["fall",0.3],["walk",0.1]],"_animationSpeed":0.219,"_zoom":7.28},{"_mousePosition":[683,384],"_rootPartCFrame":[752.604,229.527,46.776,0.986,0,-0.168,0,1,0.003,0.168,-0.003,0.986],"_humanoidState":3,"_cameraCFrame":[753.6,242.322,58.369,0.998,0.046,-0.047,0,0.714,0.7,0.065,-0.699,0.712],"_shiftlockState":true,"_pose":"Jumping","_animationQueue":[["walk",0.1],["jump",0.1]],"_animationSpeed":1,"_zoom":7.28},{"_mousePosition":[683,384],"_rootPartCFrame":[752.606,230.376,46.729,0.997,0,-0.076,0,1,0.003,0.076,-0.003,0.997],"_humanoidState":5,"_cameraCFrame":[756.699,243.149,57.646,0.978,-0.144,0.148,0,0.715,0.699,-0.206,-0.684,0.7],"_shiftlockState":true,"_pose":"FreeFall","_animationQueue":[["jump",0.1]],"_animationSpeed":1,"_zoom":7.28},{"_mousePosition":[683,384],"_rootPartCFrame":[752.614,230.977,46.669,0.982,0,0.186,0,1,0.001,-0.186,-0.001,0.982],"_humanoidState":5,"_cameraCFrame":[760.44,243.75,55.313,0.834,-0.386,0.395,0,0.715,0.699,-0.552,-0.583,0.596],"_shiftlockState":true,"_pose":"FreeFall","_animationQueue":[],"_animationSpeed":1,"_zoom":7.28},{"_mousePosition":[683,384],"_rootPartCFrame":[752.642,231.911,46.592,0.839,0,0.544,0,1,0,-0.544,0,0.839],"_humanoidState":5,"_cameraCFrame":[762.874,244.751,52.051,0.598,-0.563,0.57,0,0.711,0.703,-0.801,-0.421,0.425],"_shiftlockState":true,"_pose":"FreeFall","_animationQueue":[],"_animationSpeed":1,"_zoom":7.28},{"_mousePosition":[683,384],"_rootPartCFrame":[752.643,232.597,46.575,0.599,0,0.801,0,1,0,-0.801,0,0.599],"_humanoidState":5,"_cameraCFrame":[763.805,245.504,49.471,0.395,-0.65,0.649,0,0.707,0.707,-0.919,-0.28,0.279],"_shiftlockState":true,"_pose":"FreeFall","_animationQueue":[],"_animationSpeed":1,"_zoom":7.28},{"_mousePosition":[683,384],"_rootPartCFrame":[752.643,233.075,46.574,0.395,0,0.919,0,1,0,-0.919,0,0.395],"_humanoidState":5,"_cameraCFrame":[764.048,246.004,48.12,0.283,-0.68,0.677,0,0.705,0.709,-0.959,-0.201,0.2],"_shiftlockState":true,"_pose":"FreeFall","_animationQueue":[],"_animationSpeed":1,"_zoom":7.28},{"_mousePosition":[683,384],"_rootPartCFrame":[752.643,233.805,46.574,0.283,0,0.959,0,1,0,-0.959,0,0.283],"_humanoidState":5,"_cameraCFrame":[764.084,246.734,47.83,0.259,-0.685,0.681,0,0.705,0.709,-0.966,-0.184,0.183],"_shiftlockState":true,"_pose":"FreeFall","_animationQueue":[],"_animationSpeed":1,"_zoom":7.28},{"_mousePosition":[683,384],"_rootPartCFrame":[752.643,234.327,46.574,0.259,0,0.966,0,1,0,-0.966,0,0.259],"_humanoidState":5,"_cameraCFrame":[764.084,247.256,47.83,0.259,-0.685,0.681,0,0.705,0.709,-0.966,-0.184,0.183],"_shiftlockState":true,"_pose":"FreeFall","_animationQueue":[],"_animationSpeed":1,"_zoom":7.28},{"_mousePosition":[683,384],"_rootPartCFrame":[752.643,234.795,46.574,0.259,0,0.966,0,1,0,-0.966,0,0.259],"_humanoidState":5,"_cameraCFrame":[764.114,247.724,47.511,0.232,-0.689,0.686,0,0.705,0.709,-0.973,-0.164,0.164],"_shiftlockState":true,"_pose":"FreeFall","_animationQueue":[],"_animationSpeed":1,"_zoom":7.28},{"_mousePosition":[683,384],"_rootPartCFrame":[752.643,235.208,46.574,0.232,0,0.973,0,1,0,-0.973,0,0.232],"_humanoidState":5,"_cameraCFrame":[764.122,248.159,47.013,0.19,-0.697,0.691,0,0.704,0.71,-0.982,-0.135,0.134],"_shiftlockState":true,"_pose":"FreeFall","_animationQueue":[],"_animationSpeed":1,"_zoom":7.28},{"_mousePosition":[683,384],"_rootPartCFrame":[752.643,235.567,46.574,0.19,0,0.982,0,1,0,-0.982,0,0.19],"_humanoidState":5,"_cameraCFrame":[764.105,248.54,46.313,0.13,-0.705,0.697,0,0.703,0.712,-0.992,-0.093,0.091],"_shiftlockState":true,"_pose":"FreeFall","_animationQueue":[],"_animationSpeed":1,"_zoom":7.28},{"_mousePosition":[683,384],"_rootPartCFrame":[752.643,235.871,46.574,0.13,0,0.992,0,1,0,-0.992,0,0.13],"_humanoidState":5,"_cameraCFrame":[764.073,248.844,45.675,0.075,-0.71,0.701,0,0.703,0.712,-0.997,-0.053,0.052],"_shiftlockState":true,"_pose":"FreeFall","_animationQueue":[],"_animationSpeed":1,"_zoom":7.28},{"_mousePosition":[683,384],"_rootPartCFrame":[752.619,236.121,46.571,0.08,0,0.997,0,1,0,-0.997,0,0.08],"_humanoidState":5,"_cameraCFrame":[764.009,249.094,45.268,0.039,-0.711,0.702,0,0.703,0.712,-0.999,-0.028,0.028],"_shiftlockState":true,"_pose":"FreeFall","_animationQueue":[],"_animationSpeed":1,"_zoom":7.28},{"_mousePosition":[683,384],"_rootPartCFrame":[752.555,236.316,46.564,0.045,0,0.999,0,1,0,-0.999,0,0.045],"_humanoidState":5,"_cameraCFrame":[763.92,249.289,45.059,0.022,-0.711,0.703,0,0.703,0.712,-1,-0.015,0.015],"_shiftlockState":true,"_pose":"FreeFall","_animationQueue":[],"_animationSpeed":1,"_zoom":7.28},{"_mousePosition":[683,384],"_rootPartCFrame":[752.451,236.457,46.556,0.025,0,1,0,1,0,-1,0,0.025],"_humanoidState":5,"_cameraCFrame":[763.782,249.452,44.965,0.014,-0.713,0.701,0,0.701,0.713,-1,-0.01,0.01],"_shiftlockState":true,"_pose":"FreeFall","_animationQueue":[],"_animationSpeed":1,"_zoom":7.28},{"_mousePosition":[683,384],"_rootPartCFrame":[752.347,236.527,46.55,0.015,0,1,0,1,0,-1,0,0.015],"_humanoidState":5,"_cameraCFrame":[763.617,249.566,44.844,0.004,-0.716,0.699,0,0.699,0.716,-1,-0.003,0.003],"_shiftlockState":true,"_pose":"FreeFall","_animationQueue":[],"_animationSpeed":1,"_zoom":7.28},{"_mousePosition":[683,384],"_rootPartCFrame":[752.124,236.575,46.542,0.006,0,1,0,1,0,-1,0,0.006],"_humanoidState":5,"_cameraCFrame":[763.331,249.658,44.722,-0.006,-0.718,0.696,0,0.696,0.718,-1,0.005,-0.004],"_shiftlockState":true,"_pose":"FreeFall","_animationQueue":[],"_animationSpeed":1,"_zoom":7.28},{"_mousePosition":[683,384],"_rootPartCFrame":[751.901,236.552,46.538,-0.005,0,1,0,1,0,-1,0,-0.005],"_humanoidState":5,"_cameraCFrame":[763.021,249.701,44.605,-0.016,-0.722,0.691,0,0.692,0.722,-1,0.012,-0.011],"_shiftlockState":true,"_pose":"FreeFall","_animationQueue":[],"_animationSpeed":1,"_zoom":7.28},{"_mousePosition":[683,384],"_rootPartCFrame":[751.643,236.475,46.538,-0.015,0,1,0,1,0,-1,0,-0.015],"_humanoidState":5,"_cameraCFrame":[762.692,249.667,44.466,-0.029,-0.725,0.688,0,0.689,0.725,-1,0.021,-0.02],"_shiftlockState":true,"_pose":"FreeFall","_animationQueue":[],"_animationSpeed":1,"_zoom":7.28},{"_mousePosition":[683,384],"_rootPartCFrame":[751.376,236.343,46.542,-0.027,0,1,0,1,0,-1,0,-0.027],"_humanoidState":5,"_cameraCFrame":[762.324,249.6,44.306,-0.044,-0.728,0.684,0,0.684,0.729,-0.999,0.032,-0.03],"_shiftlockState":true,"_pose":"FreeFall","_animationQueue":[["fall",0.3]],"_animationSpeed":1,"_zoom":7.28},{"_mousePosition":[683,384],"_rootPartCFrame":[751.176,236.209,46.547,-0.043,0,0.999,0,1,0,-0.999,0,-0.043],"_humanoidState":5,"_cameraCFrame":[762.021,249.53,44.149,-0.059,-0.732,0.679,0,0.68,0.733,-0.998,0.044,-0.04],"_shiftlockState":true,"_pose":"FreeFall","_animationQueue":[],"_animationSpeed":1,"_zoom":7.28},{"_mousePosition":[683,384],"_rootPartCFrame":[750.843,235.917,46.561,-0.057,0,0.998,0,1,0,-0.998,0,-0.057],"_humanoidState":5,"_cameraCFrame":[761.587,249.301,44.031,-0.072,-0.735,0.674,0,0.676,0.737,-0.997,0.053,-0.049],"_shiftlockState":true,"_pose":"FreeFall","_animationQueue":[],"_animationSpeed":1,"_zoom":7.28},{"_mousePosition":[683,384],"_rootPartCFrame":[750.602,235.621,46.572,-0.071,0,0.997,0,1,0,-0.997,0,-0.071],"_humanoidState":5,"_cameraCFrame":[761.286,249.048,43.991,-0.077,-0.737,0.671,0,0.673,0.74,-0.997,0.057,-0.052],"_shiftlockState":true,"_pose":"FreeFall","_animationQueue":[],"_animationSpeed":1,"_zoom":7.28},{"_mousePosition":[683,384],"_rootPartCFrame":[750.502,235.272,46.576,-0.077,0,0.997,0,1,0,-0.997,0,-0.077],"_humanoidState":7,"_cameraCFrame":[761.097,248.762,43.92,-0.085,-0.741,0.666,0,0.669,0.744,-0.996,0.063,-0.057],"_shiftlockState":true,"_pose":"FreeFall","_animationQueue":[["walk",0.1],["fall",0.3],["fall",0.3]],"_animationSpeed":1,"_zoom":7.28},{"_mousePosition":[683,384],"_rootPartCFrame":[750.498,234.973,46.576,-0.085,0,0.996,0,1,0,-0.996,0,-0.085],"_humanoidState":7,"_cameraCFrame":[760.973,248.547,43.822,-0.095,-0.745,0.66,0,0.663,0.749,-0.996,0.071,-0.063],"_shiftlockState":true,"_pose":"FreeFall","_animationQueue":[],"_animationSpeed":1,"_zoom":7.28},{"_mousePosition":[683,384],"_rootPartCFrame":[750.498,234.586,46.576,-0.095,0,0.996,0,1,0,-0.996,0,-0.095],"_humanoidState":7,"_cameraCFrame":[760.85,248.243,43.726,-0.105,-0.75,0.653,0,0.657,0.754,-0.994,0.079,-0.069],"_shiftlockState":true,"_pose":"FreeFall","_animationQueue":[],"_animationSpeed":1,"_zoom":7.28},{"_mousePosition":[683,384],"_rootPartCFrame":[750.498,234.604,46.576,-0.105,0,0.994,0,1,0,-0.994,0,-0.105],"_humanoidState":8,"_cameraCFrame":[760.734,248.344,43.658,-0.112,-0.754,0.647,0,0.651,0.759,-0.994,0.085,-0.073],"_shiftlockState":true,"_pose":"Standing","_animationQueue":[["fall",0.3],["fall",0.3],["idle",0.1]],"_animationSpeed":1,"_zoom":7.28},{"_mousePosition":[683,384],"_rootPartCFrame":[750.498,235.264,46.576,-0.112,0,0.994,0,1,0,-0.994,0,-0.112],"_humanoidState":3,"_cameraCFrame":[760.585,249.104,43.57,-0.122,-0.76,0.639,0,0.644,0.765,-0.992,0.094,-0.079],"_shiftlockState":true,"_pose":"Jumping","_animationQueue":[["idle",0.1],["jump",0.1]],"_animationSpeed":1,"_zoom":7.28},{"_mousePosition":[683,384],"_rootPartCFrame":[750.498,236.3,46.576,-0.122,0,0.992,0,1,0,-0.992,0,-0.122],"_humanoidState":5,"_cameraCFrame":[760.434,250.241,43.484,-0.132,-0.765,0.631,0,0.636,0.772,-0.991,0.102,-0.084],"_shiftlockState":true,"_pose":"FreeFall","_animationQueue":[["jump",0.1]],"_animationSpeed":1,"_zoom":7.28},{"_mousePosition":[683,384],"_rootPartCFrame":[750.498,237.067,46.576,-0.132,0,0.991,0,1,0,-0.991,0,-0.132],"_humanoidState":5,"_cameraCFrame":[760.29,251.108,43.425,-0.14,-0.77,0.622,0,0.629,0.778,-0.99,0.109,-0.088],"_shiftlockState":true,"_pose":"FreeFall","_animationQueue":[],"_animationSpeed":1,"_zoom":7.28},{"_mousePosition":[683,384],"_rootPartCFrame":[750.498,237.607,46.576,-0.14,0,0.99,0,1,0,-0.99,0,-0.14],"_humanoidState":5,"_cameraCFrame":[760.144,251.746,43.369,-0.147,-0.775,0.614,0,0.621,0.784,-0.989,0.116,-0.092],"_shiftlockState":true,"_pose":"FreeFall","_animationQueue":[],"_animationSpeed":1,"_zoom":7.28},{"_mousePosition":[683,384],"_rootPartCFrame":[750.498,238.439,46.576,-0.147,0,0.989,0,1,0,-0.989,0,-0.147