[{"_mousePosition":[1135,362],"_rootPartCFrame":[776.124,222.865,47.173,-0.004,-0.477,0.879,-0.01,0.879,0.477,-1,-0.007,-0.008],"_humanoidState":12,"_cameraCFrame":[777.888,238.687,53.414,0.93,-0.334,0.155,0,0.421,0.907,-0.369,-0.843,0.391],"_shiftlockState":false,"_pose":"Climbing","_animationQueue":[],"_animationSpeed":0,"_zoom":16.984},{"_mousePosition":[1128,361],"_rootPartCFrame":[776.119,222.679,47.173,-0.007,0.033,0.999,0.001,0.999,-0.033,-1,0,-0.007],"_humanoidState":8,"_cameraCFrame":[778.647,238.683,53.425,0.93,-0.334,0.155,0,0.421,0.907,-0.369,-0.843,0.391],"_shiftlockState":false,"_pose":"Standing","_animationQueue":[["idle",0.1]],"_animationSpeed":1,"_zoom":16.984},{"_mousePosition":[983,347],"_rootPartCFrame":[776.108,222.669,47.173,-0.007,0.029,1,0.001,1,-0.029,-1,0,-0.007],"_humanoidState":8,"_cameraCFrame":[778.631,238.674,53.425,0.93,-0.334,0.155,0,0.421,0.907,-0.369,-0.843,0.391],"_shiftlockState":false,"_pose":"Running","_animationQueue":[["walk",0.1]],"_animationSpeed":0.158,"_zoom":16.984},{"_mousePosition":[949,343],"_rootPartCFrame":[776.105,222.682,47.173,-0.007,0,1,0,1,0,-1,0,-0.007],"_humanoidState":8,"_cameraCFrame":[778.585,238.686,53.425,0.93,-0.334,0.155,0,0.421,0.907,-0.369,-0.843,0.391],"_shiftlockState":false,"_pose":"Running","_animationQueue":[["walk",0.1],["walk",0.1]],"_animationSpeed":0.09,"_zoom":16.984},{"_mousePosition":[735,323],"_rootPartCFrame":[776.107,222.686,47.173,-0.007,-0.002,1,0,1,0.002,-1,0,-0.007],"_humanoidState":8,"_cameraCFrame":[778.583,238.691,53.425,0.93,-0.334,0.155,0,0.421,0.907,-0.369,-0.843,0.391],"_shiftlockState":false,"_pose":"Standing","_animationQueue":[["idle",0.1]],"_animationSpeed":1,"_zoom":16.984},{"_mousePosition":[700,321],"_rootPartCFrame":[776.108,222.694,47.173,-0.007,0,1,0,1,0,-1,0,-0.007],"_humanoidState":8,"_cameraCFrame":[778.586,238.699,53.425,0.93,-0.334,0.155,0,0.421,0.907,-0.369,-0.843,0.391],"_shiftlockState":false,"_pose":"Standing","_animationQueue":[],"_animationSpeed":1,"_zoom":16.984},{"_mousePosition":[700,321],"_rootPartCFrame":[776.108,222.697,47.173,-0.007,0,1,0,1,0,-1,0,-0.007],"_humanoidState":8,"_cameraCFrame":[779.34,238.712,53.044,0.876,-0.438,0.202,0,0.419,0.908,-0.482,-0.795,0.367],"_shiftlockState":false,"_pose":"Standing","_animationQueue":[],"_animationSpeed":1,"_zoom":16.984},{"_mousePosition":[700,321],"_rootPartCFrame":[776.107,222.699,47.173,-0.007,0,1,0,1,0,-1,0,-0.007],"_humanoidState":8,"_cameraCFrame":[779.896,238.741,52.63,0.821,-0.519,0.237,0,0.416,0.91,-0.57,-0.747,0.341],"_shiftlockState":false,"_pose":"Standing","_animationQueue":[],"_animationSpeed":1,"_zoom":16.984},{"_mousePosition":[700,321],"_rootPartCFrame":[776.107,222.699,47.173,-0.007,0,1,0,1,0,-1,0,-0.007],"_humanoidState":8,"_cameraCFrame":[780.451,238.816,51.981,0.742,-0.613,0.272,0,0.405,0.914,-0.67,-0.678,0.301],"_shiftlockState":false,"_pose":"Standing","_animationQueue":[],"_animationSpeed":1,"_zoom":16.984},{"_mousePosition":[700,321],"_rootPartCFrame":[776.069,222.699,47.117,0.047,0,0.999,0,1,0,-0.999,0,0.047],"_humanoidState":8,"_cameraCFrame":[780.627,238.878,51.52,0.695,-0.66,0.285,0,0.396,0.918,-0.719,-0.638,0.275],"_shiftlockState":false,"_pose":"Standing","_animationQueue":[],"_animationSpeed":1,"_zoom":16.984},{"_mousePosition":[700,321],"_rootPartCFrame":[775.989,222.699,47.027,0.1,0,0.995,0,1,0,-0.995,0,0.1],"_humanoidState":8,"_cameraCFrame":[780.709,238.949,51.002,0.644,-0.706,0.295,0,0.386,0.923,-0.765,-0.594,0.249],"_shiftlockState":false,"_pose":"Running","_animationQueue":[["walk",0.1]],"_animationSpeed":0.557,"_zoom":16.984},{"_mousePosition":[700,321],"_rootPartCFrame":[775.8,222.7,46.842,0.189,0,0.982,0,1,0,-0.982,0,0.189],"_humanoidState":8,"_cameraCFrame":[780.64,239.061,50.209,0.571,-0.763,0.303,0,0.369,0.93,-0.821,-0.531,0.211],"_shiftlockState":false,"_pose":"Running","_animationQueue":[["walk",0.1]],"_animationSpeed":1.001,"_zoom":16.984},{"_mousePosition":[700,321],"_rootPartCFrame":[775.597,222.7,46.669,0.257,0,0.966,0,1,0,-0.966,0,0.257],"_humanoidState":8,"_cameraCFrame":[780.49,239.158,49.483,0.499,-0.811,0.306,0,0.353,0.936,-0.867,-0.466,0.176],"_shiftlockState":false,"_pose":"Running","_animationQueue":[["walk",0.1]],"_animationSpeed":1.101,"_zoom":16.984},{"_mousePosition":[700,321],"_rootPartCFrame":[775.489,222.7,46.591,0.282,0,0.96,0,1,0,-0.96,0,0.282],"_humanoidState":8,"_cameraCFrame":[780.381,239.252,48.853,0.42,-0.855,0.306,0,0.337,0.941,-0.908,-0.395,0.141],"_shiftlockState":false,"_pose":"Running","_animationQueue":[],"_animationSpeed":1.101,"_zoom":16.984},{"_mousePosition":[700,321],"_rootPartCFrame":[775.259,222.7,46.456,0.313,0,0.95,0,1,0,-0.95,0,0.313],"_humanoidState":8,"_cameraCFrame":[780.171,239.329,48.072,0.312,-0.899,0.307,0,0.323,0.946,-0.95,-0.296,0.101],"_shiftlockState":false,"_pose":"Running","_animationQueue":[],"_animationSpeed":1.101,"_zoom":16.984},{"_mousePosition":[700,321],"_rootPartCFrame":[775.018,222.7,46.343,0.329,0,0.944,0,1,0,-0.944,0,0.329],"_humanoidState":8,"_cameraCFrame":[779.895,239.394,47.323,0.197,-0.932,0.305,0,0.311,0.95,-0.98,-0.187,0.061],"_shiftlockState":false,"_pose":"Running","_animationQueue":[],"_animationSpeed":1.101,"_zoom":16.984},{"_mousePosition":[700,321],"_rootPartCFrame":[774.765,222.7,46.257,0.329,0,0.944,0,1,0,-0.944,0,0.329],"_humanoidState":8,"_cameraCFrame":[779.556,239.449,46.611,0.074,-0.951,0.3,0,0.3,0.954,-0.997,-0.07,0.022],"_shiftlockState":false,"_pose":"Running","_animationQueue":[["walk",0.1]],"_animationSpeed":1.101,"_zoom":16.984},{"_mousePosition":[700,321],"_rootPartCFrame":[774.504,222.7,46.202,0.313,0,0.95,0,1,0,-0.95,0,0.313],"_humanoidState":8,"_cameraCFrame":[779.134,239.502,46.069,-0.029,-0.957,0.29,0,0.29,0.957,-1,0.028,-0.008],"_shiftlockState":false,"_pose":"Running","_animationQueue":[],"_animationSpeed":1.101,"_zoom":16.984},{"_mousePosition":[700,321],"_rootPartCFrame":[774.106,222.7,46.17,0.268,0,0.964,0,1,0,-0.964,0,0.268],"_humanoidState":8,"_cameraCFrame":[778.673,239.517,45.798,-0.081,-0.955,0.286,0,0.287,0.958,-0.997,0.078,-0.023],"_shiftlockState":false,"_pose":"Running","_animationQueue":[],"_animationSpeed":1.101,"_zoom":16.984},{"_mousePosition":[700,321],"_rootPartCFrame":[773.839,222.7,46.175,0.23,0,0.973,0,1,0,-0.973,0,0.23],"_humanoidState":8,"_cameraCFrame":[778.383,239.521,45.695,-0.105,-0.953,0.284,0,0.286,0.958,-0.994,0.101,-0.03],"_shiftlockState":false,"_pose":"Running","_animationQueue":[],"_animationSpeed":1.101,"_zoom":16.984},{"_mousePosition":[700,321],"_rootPartCFrame":[773.706,222.7,46.185,0.209,0,0.978,0,1,0,-0.978,0,0.209],"_humanoidState":8,"_cameraCFrame":[778.232,239.525,45.654,-0.117,-0.952,0.283,0,0.285,0.959,-0.993,0.112,-0.033],"_shiftlockState":false,"_pose":"Running","_animationQueue":[],"_animationSpeed":1.101,"_zoom":16.984},{"_mousePosition":[700,321],"_rootPartCFrame":[773.309,222.7,46.226,0.147,0,0.989,0,1,0,-0.989,0,0.147],"_humanoidState":8,"_cameraCFrame":[777.82,239.528,45.678,-0.121,-0.952,0.282,0,0.284,0.959,-0.993,0.116,-0.034],"_shiftlockState":false,"_pose":"Running","_animationQueue":[],"_animationSpeed":1.101,"_zoom":16.984},{"_mousePosition":[700,321],"_rootPartCFrame":[773.044,222.7,46.257,0.112,0,0.994,0,1,0,-0.994,0,0.112],"_humanoidState":8,"_cameraCFrame":[777.543,239.532,45.71,-0.121,-0.952,0.281,0,0.283,0.959,-0.993,0.116,-0.034],"_shiftlockState":false,"_pose":"Running","_animationQueue":[["walk",0.1]],"_animationSpeed":1.101,"_zoom":16.984},{"_mousePosition":[700,321],"_rootPartCFrame":[772.911,222.7,46.273,0.096,0,0.995,0,1,0,-0.995,0,0.096],"_humanoidState":8,"_cameraCFrame":[777.372,239.543,45.717,-0.124,-0.952,0.279,0,0.281,0.96,-0.992,0.119,-0.035],"_shiftlockState":false,"_pose":"Running","_animationQueue":[],"_animationSpeed":1.101,"_zoom":16.984},{"_mousePosition":[700,321],"_rootPartCFrame":[772.647,222.7,46.306,0.067,0,0.998,0,1,0,-0.998,0,0.067],"_humanoidState":8,"_cameraCFrame":[777.002,239.572,45.706,-0.136,-0.952,0.272,0,0.275,0.961,-0.991,0.131,-0.037],"_shiftlockState":false,"_pose":"Running","_animationQueue":[],"_animationSpeed":1.101,"_zoom":16.984},{"_mousePosition":[700,321],"_rootPartCFrame":[772.25,222.7,46.355,0.028,0,1,0,1,0,-1,0,0.028],"_humanoidState":8,"_cameraCFrame":[776.482,239.603,45.691,-0.155,-0.952,0.265,0,0.268,0.963,-0.988,0.149,-0.042],"_shiftlockState":false,"_pose":"Running","_animationQueue":[],"_animationSpeed":1.101,"_zoom":16.984},{"_mousePosition":[700,321],"_rootPartCFrame":[772.117,222.7,46.373,0.017,0,1,0,1,0,-1,0,0.017],"_humanoidState":8,"_cameraCFrame":[776.172,239.647,45.624,-0.182,-0.95,0.254,0,0.258,0.966,-0.983,0.176,-0.047],"_shiftlockState":false,"_pose":"Running","_animationQueue":[],"_animationSpeed":1.101,"_zoom":16.984},{"_mousePosition":[700,321],"_rootPartCFrame":[771.854,222.7,46.414,-0.006,0,1,0,1,0,-1,0,-0.006],"_humanoidState":8,"_cameraCFrame":[775.752,239.683,45.583,-0.208,-0.947,0.244,0,0.249,0.968,-0.978,0.202,-0.052],"_shiftlockState":false,"_pose":"Running","_animationQueue":[],"_animationSpeed":1.101,"_zoom":16.984},{"_mousePosition":[700,321],"_rootPartCFrame":[771.461,222.7,46.486,-0.041,0,0.999,0,1,0,-0.999,0,-0.041],"_humanoidState":8,"_cameraCFrame":[775.249,239.709,45.62,-0.223,-0.946,0.237,0,0.243,0.97,-0.975,0.216,-0.054],"_shiftlockState":false,"_pose":"Running","_animationQueue":[],"_animationSpeed":1.101,"_zoom":16.984},{"_mousePosition":[700,321],"_rootPartCFrame":[771.33,222.7,46.513,-0.053,0,0.999,0,1,0,-0.999,0,-0.053],"_humanoidState":8,"_cameraCFrame":[775.081,239.718,45.652,-0.224,-0.946,0.235,0,0.241,0.971,-0.975,0.217,-0.054],"_shiftlockState":false,"_pose":"Running","_animationQueue":[],"_animationSpeed":1.101,"_zoom":16.984},{"_mousePosition":[700,321],"_rootPartCFrame":[770.94,222.7,46.602,-0.087,0,0.996,0,1,0,-0.996,0,-0.087],"_humanoidState":8,"_cameraCFrame":[774.655,239.727,45.753,-0.223,-0.947,0.232,0,0.238,0.971,-0.975,0.216,-0.053],"_shiftlockState":false,"_pose":"Running","_animationQueue":[["walk",0.1]],"_animationSpeed":1.101,"_zoom":16.984},{"_mousePosition":[700,321],"_rootPartCFrame":[770.81,222.7,46.632,-0.096,0,0.995,0,1,0,-0.995,0,-0.096],"_humanoidState":8,"_cameraCFrame":[774.42,239.754,45.831,-0.217,-0.95,0.226,0,0.231,0.973,-0.976,0.211,-0.05],"_shiftlockState":false,"_pose":"Running","_animationQueue":[],"_animationSpeed":1.101,"_zoom":16.984},{"_mousePosition":[700,321],"_rootPartCFrame":[770.42,222.7,46.721,-0.122,0,0.993,0,1,0,-0.993,0,-0.122],"_humanoidState":8,"_cameraCFrame":[773.875,239.792,45.973,-0.212,-0.953,0.216,0,0.221,0.975,-0.977,0.206,-0.047],"_shiftlockState":false,"_pose":"Running","_animationQueue":[],"_animationSpeed":1.101,"_zoom":16.984},{"_mousePosition":[700,321],"_rootPartCFrame":[770.16,223.563,46.78,-0.139,0,0.99,0,1,0,-0.99,0,-0.139],"_humanoidState":3,"_cameraCFrame":[773.45,240.694,46.104,-0.201,-0.958,0.206,0,0.21,0.978,-0.98,0.197,-0.042],"_shiftlockState":false,"_pose":"Jumping","_animationQueue":[["walk",0.1],["jump",0.1]],"_animationSpeed":1,"_zoom":16.984},{"_mousePosition":[700,321],"_rootPartCFrame":[769.899,224.371,46.837,-0.151,0,0.989,0,1,0,-0.989,0,-0.151],"_humanoidState":5,"_cameraCFrame":[773.071,241.532,46.285,-0.171,-0.965,0.198,0,0.201,0.98,-0.985,0.168,-0.035],"_shiftlockState":false,"_pose":"FreeFall","_animationQueue":[["jump",0.1]],"_animationSpeed":1,"_zoom":16.984},{"_mousePosition":[700,321],"_rootPartCFrame":[769.638,225.125,46.891,-0.159,0,0.987,0,1,0,-0.987,0,-0.159],"_humanoidState":5,"_cameraCFrame":[772.811,242.288,46.421,-0.147,-0.969,0.198,0,0.201,0.98,-0.989,0.144,-0.029],"_shiftlockState":false,"_pose":"FreeFall","_animationQueue":[],"_animationSpeed":1,"_zoom":16.984},{"_mousePosition":[700,321],"_rootPartCFrame":[769.376,225.824,46.938,-0.162,0,0.987,0,1,0,-0.987,0,-0.162],"_humanoidState":5,"_cameraCFrame":[772.548,242.988,46.468,-0.147,-0.969,0.198,0,0.201,0.98,-0.989,0.144,-0.029],"_shiftlockState":false,"_pose":"FreeFall","_animationQueue":[],"_animationSpeed":1,"_zoom":16.984},{"_mousePosition":[700,321],"_rootPartCFrame":[769.178,226.313,46.968,-0.162,0,0.987,0,1,0,-0.987,0,-0.162],"_humanoidState":5,"_cameraCFrame":[772.35,243.476,46.498,-0.147,-0.969,0.198,0,0.201,0.98,-0.989,0.144,-0.029],"_shiftlockState":false,"_pose":"FreeFall","_animationQueue":[],"_animationSpeed":1,"_zoom":16.984},{"_mousePosition":[700,321],"_rootPartCFrame":[768.914,226.917,47.008,-0.16,0,0.987,0,1,0,-0.987,0,-0.16],"_humanoidState":5,"_cameraCFrame":[772.087,244.08,46.537,-0.147,-0.969,0.198,0,0.201,0.98,-0.989,0.144,-0.029],"_shiftlockState":false,"_pose":"FreeFall","_animationQueue":[],"_animationSpeed":1,"_zoom":16.984},{"_mousePosition":[700,321],"_rootPartCFrame":[768.651,227.467,47.047,-0.158,0,0.987,0,1,0,-0.987,0,-0.158],"_humanoidState":5,"_cameraCFrame":[771.823,244.63,46.576,-0.147,-0.969,0.198,0,0.201,0.98,-0.989,0.144,-0.029],"_shiftlockState":false,"_pose":"FreeFall","_animationQueue":[],"_animationSpeed":1,"_zoom":16.984},{"_mousePosition":[700,321],"_rootPartCFrame":[768.387,227.962,47.086,-0.157,0,0.988,0,1,0,-0.988,0,-0.157],"_humanoidState":5,"_cameraCFrame":[771.559,245.125,46.615,-0.147,-0.969,0.198,0,0.201,0.98,-0.989,0.144,-0.029],"_shiftlockState":false,"_pose":"FreeFall","_animationQueue":[],"_animationSpeed":1,"_zoom":16.984},{"_mousePosition":[700,321],"_rootPartCFrame":[768.123,228.402,47.125,-0.155,0,0.988,0,1,0,-0.988,0,-0.155],"_humanoidState":5,"_cameraCFrame":[771.296,245.565,46.655,-0.147,-0.969,0.198,0,0.201,0.98,-0.989,0.144,-0.029],"_shiftlockState":false,"_pose":"FreeFall","_animationQueue":[],"_animationSpeed":1,"_zoom":16.984},{"_mousePosition":[700,321],"_rootPartCFrame":[767.86,228.788,47.164,-0.154,0,0.988,0,1,0,-0.988,0,-0.154],"_humanoidState":5,"_cameraCFrame":[771.032,245.951,46.694,-0.147,-0.969,0.198,0,0.201,0.98,-0.989,0.144,-0.029],"_shiftlockState":false,"_pose":"FreeFall","_animationQueue":[],"_animationSpeed":1,"_zoom":16.984},{"_mousePosition":[700,321],"_rootPartCFrame":[767.53,229.194,47.213,-0.153,0,0.988,0,1,0,-0.988,0,-0.153],"_humanoidState":5,"_cameraCFrame":[770.702,246.357,46.743,-0.147,-0.969,0.198,0,0.201,0.98,-0.989,0.144,-0.029],"_shiftlockState":false,"_pose":"FreeFall","_animationQueue":[],"_animationSpeed":1,"_zoom":16.984},{"_mousePosition":[700,321],"_rootPartCFrame":[767.332,229.397,47.242,-0.152,0,0.988,0,1,0,-0.988,0,-0.152],"_humanoidState":5,"_cameraCFrame":[770.505,246.56,46.772,-0.147,-0.969,0.198,0,0.201,0.98,-0.989,0.144,-0.029],"_shiftlockState":false,"_pose":"FreeFall","_animationQueue":[],"_animationSpeed":1,"_zoom":16.984},{"_mousePosition":[700,321],"_rootPartCFrame":[767.069,229.619,47.281,-0.151,0,0.988,0,1,0,-0.988,0,-0.151],"_humanoidState":5,"_cameraCFrame":[770.241,246.782,46.811,-0.147,-0.969,0.198,0,0.201,0.98,-0.989,0.144,-0.029],"_shiftlockState":false,"_pose":"FreeFall","_animationQueue":[],"_animationSpeed":1,"_zoom":16.984},{"_mousePosition":[700,321],"_rootPartCFrame":[766.739,229.821,47.33,-0.151,0,0.989,0,1,0,-0.989,0,-0.151],"_humanoidState":5,"_cameraCFrame":[769.911,246.984,46.86,-0.147,-0.969,0.198,0,0.201,0.98,-0.989,0.144,-0.029],"_shiftlockState":false,"_pose":"FreeFall","_animationQueue":[],"_animationSpeed":1,"_zoom":16.984},{"_mousePosition":[700,321],"_rootPartCFrame":[766.541,229.901,47.36,-0.15,0,0.989,0,1,0,-0.989,0,-0.15],"_humanoidState":5,"_cameraCFrame":[769.457,247.064,45.158,-0.147,-0.969,0.198,0,0.201,0.98,-0.989,0.144,-0.029],"_shiftlockState":true,"_pose":"FreeFall","_animationQueue":[],"_animationSpeed":1,"_zoom":16.984},{"_mousePosition":[683,384],"_rootPartCFrame":[766.212,229.966,47.408,-0.146,0,0.989,0,1,0,-0.989,0,-0.146],"_humanoidState":5,"_cameraCFrame":[769.127,247.129,45.207,-0.147,-0.969,0.198,0,0.201,0.98,-0.989,0.144,-0.029],"_shiftlockState":true,"_pose":"FreeFall","_animationQueue":[],"_animationSpeed":1,"_zoom":16.984},{"_mousePosition":[683,384],"_rootPartCFrame":[766.014,229.964,47.438,-0.147,0,0.989,0,1,0,-0.989,0,-0.147],"_humanoidState":5,"_cameraCFrame":[768.942,247.125,45.235,-0.147,-0.969,0.199,0,0.201,0.98,-0.989,0.144,-0.03],"_shiftlockState":true,"_pose":"FreeFall","_animationQueue":[],"_animationSpeed":1,"_zoom":16.984},{"_mousePosition":[683,384],"_rootPartCFrame":[765.684,229.893,47.487,-0.147,0,0.989,0,1,0,-0.989,0,-0.147],"_humanoidState":5,"_cameraCFrame":[768.867,246.997,45.235,-0.15,-0.965,0.215,0,0.218,0.976,-0.989,0.146,-0.033],"_shiftlockState":true,"_pose":"FreeFall","_animationQueue":[["fall",0.3]],"_animationSpeed":1,"_zoom":16.984},{"_mousePosition":[683,384],"_rootPartCFrame":[765.487,229.81,47.516,-0.15,0,0.989,0,1,0,-0.989,0,-0.15],"_humanoidState":5,"_cameraCFrame":[768.794,246.894,45.306,-0.133,-0.966,0.221,0,0.223,0.975,-0.991,0.13,-0.03],"_shiftlockState":true,"_pose":"FreeFall","_animationQueue":[],"_animationSpeed":1,"_zoom":16.984},{"_mousePosition":[683,384],"_rootPartCFrame":[765.223,229.651,47.556,-0.135,0,0.991,0,1,0,-0.991,0,-0.135],"_humanoidState":5,"_cameraCFrame":[768.575,246.738,45.434,-0.107,-0.969,0.221,0,0.223,0.975,-0.994,0.104,-0.024],"_shiftlockState":true,"_pose":"FreeFall","_animationQueue":[],"_animationSpeed":1,"_zoom":16.984},{"_mousePosition":[683,384],"_rootPartCFrame":[764.956,229.384,47.607,-0.08,0.041,0.996,0.002,0.999,-0.041,-0.997,-0.001,-0.08],"_humanoidState":5,"_cameraCFrame":[768.329,246.498,45.634,-0.065,-0.975,0.214,0,0.215,0.977,-0.998,0.064,-0.014],"_shiftlockState":true,"_pose":"FreeFall","_animationQueue":[],"_animationSpeed":1,"_zoom":16.984},{"_mousePosition":[683,384],"_rootPartCFrame":[764.904,229.154,47.621,-0.052,0.027,0.998,0.001,1,-0.027,-0.999,0,-0.052],"_humanoidState":7,"_cameraCFrame":[768.309,246.294,45.956,0.026,-0.978,0.208,0,0.208,0.978,-1,-0.025,0.005],"_shiftlockState":true,"_pose":"FreeFall","_animationQueue":[["walk",0.1],["fall",0.3],["fall",0.3]],"_animationSpeed":1,"_zoom":16.984},{"_mousePosition":[683,384],"_rootPartCFrame":[764.903,229.135,47.621,0.027,-0.012,1,0.001,1,0.012,-1,0,0.027],"_humanoidState":7,"_cameraCFrame":[768.664,246.239,46.664,0.216,-0.953,0.213,0,0.218,0.976,-0.976,-0.21,0.047],"_shiftlockState":true,"_pose":"FreeFall","_animationQueue":[],"_animationSpeed":1,"_zoom":16.984},{"_mousePosition":[683,384],"_rootPartCFrame":[764.907,229.152,47.622,0.221,-0.015,0.975,0.002,1,0.015,-0.975,-0.001,0.221],"_humanoidState":7,"_cameraCFrame":[768.912,246.207,48.333,0.579,-0.793,0.189,0,0.231,0.973,-0.815,-0.563,0.134],"_shiftlockState":true,"_pose":"FreeFall","_animationQueue":[],"_animationSpeed":1,"_zoom":16.984},{"_mousePosition":[683,384],"_rootPartCFrame":[764.908,229.172,47.622,0.597,-0.003,0.802,0,1,0.004,-0.802,-0.002,0.597],"_humanoidState":8,"_cameraCFrame":[767.855,246.366,49.539,0.89,-0.448,0.087,0,0.191,0.982,-0.456,-0.873,0.17],"_shiftlockState":true,"_pose":"Running","_animationQueue":[["fall",0.3],["fall",0.3],["walk",0.1]],"_animationSpeed":0.018,"_zoom":16.984},{"_mousePosition":[683,384],"_rootPartCFrame":[765.188,229.187,47.406,0.909,0,0.417,0,1,-0.001,-0.417,0.001,0.909],"_humanoidState":8,"_cameraCFrame":[767.538,246.432,49.7,0.972,-0.229,0.04,0,0.174,0.985,-0.233,-0.958,0.169],"_shiftlockState":true,"_pose":"Running","_animationQueue":[],"_animationSpeed":0.018,"_zoom":16.984},{"_mousePosition":[683,384],"_rootPartCFrame":[765.347,229.19,47.295,0.976,-0.001,0.219,0.001,1,-0.001,-0.219,0.001,0.976],"_humanoidState":8,"_cameraCFrame":[767.556,246.436,49.722,0.984,-0.173,0.03,0,0.174,0.985,-0.176,-0.97,0.171],"_shiftlockState":true,"_pose":"Running","_animationQueue":[["walk",0.1]],"_animationSpeed":1.062,"_zoom":16.984},{"_mousePosition":[683,384],"_rootPartCFrame":[765.667,229.195,47.207,0.985,0,0.17,0,1,0,-0.17,0,0.985],"_humanoidState":8,"_cameraCFrame":[768.055,246.44,49.457,0.968,-0.246,0.043,0,0.174,0.985,-0.25,-0.953,0.168],"_shiftlockState":true,"_pose":"Running","_animationQueue":[],"_animationSpeed":1.062,"_zoom":16.984},{"_mousePosition":[683,384],"_rootPartCFrame":[765.926,229.164,47.145,0.968,0,0.25,0,1,0,-0.25,0,0.968],"_humanoidState":8,"_cameraCFrame":[768.643,246.409,48.985,0.916,-0.395,0.07,0,0.174,0.985,-0.402,-0.902,0.159],"_shiftlockState":true,"_pose":"Running","_animationQueue":[],"_animationSpeed":1.062,"_zoom":16.984},{"_mousePosition":[683,384],"_rootPartCFrame":[766.12,229.104,47.098,0.916,0,0.401,0,1,0,-0.401,0,0.916],"_humanoidState":8,"_cameraCFrame":[769.145,246.35,48.371,0.82,-0.564,0.099,0,0.174,0.985,-0.573,-0.807,0.142],"_shiftlockState":true,"_pose":"Running","_animationQueue":[],"_animationSpeed":1.062,"_zoom":16.984},{"_mousePosition":[683,384],"_rootPartCFrame":[766.38,228.978,47.036,0.82,0,0.573,0,1,0,-0.573,0,0.82],"_humanoidState":8,"_cameraCFrame":[769.767,246.184,47.771,0.676,-0.723,0.138,0,0.187,0.982,-0.736,-0.665,0.127],"_shiftlockState":true,"_pose":"Running","_animationQueue":[],"_animationSpeed":1.062,"_zoom":16.984},{"_mousePosition":[683,384],"_rootPartCFrame":[766.704,230.048,46.958,0.676,0,0.736,0,1,0,-0.736,0,0.676],"_humanoidState":3,"_cameraCFrame":[770.521,247.163,47.491,0.573,-0.801,0.176,0,0.215,0.977,-0.82,-0.559,0.123],"_shiftlockState":true,"_pose":"Jumping","_animationQueue":[["walk",0.1],["walk",0.1],["jump",0.1]],"_animationSpeed":1,"_zoom":16.984},{"_mousePosition":[683,384],"_rootPartCFrame":[766.891,230.649,46.899,0.623,0,0.782,0,1,0,-0.782,0,0.623],"_humanoidState":5,"_cameraCFrame":[771.189,247.645,47.183,0.466,-0.858,0.218,0,0.246,0.969,-0.885,-0.451,0.115],"_shiftlockState":true,"_pose":"FreeFall","_animationQueue":[["jump",0.1]],"_animationSpeed":1,"_zoom":16.984},{"_mousePosition":[683,384],"_rootPartCFrame":[767.121,231.403,46.791,0.572,0,0.82,0,1,0,-0.82,0,0.572],"_humanoidState":5,"_cameraCFrame":[771.793,248.293,46.654,0.347,-0.903,0.254,0,0.271,0.963,-0.938,-0.334,0.094],"_shiftlockState":true,"_pose":"FreeFall","_animationQueue":[],"_animationSpeed":1,"_zoom":16.984},{"_mousePosition":[683,384],"_rootPartCFrame":[767.374,232.269,46.612,0.497,0,0.868,0,1,0,-0.868,0,0.497],"_humanoidState":5,"_cameraCFrame":[772.274,249.079,46.096,0.255,-0.926,0.279,0,0.288,0.958,-0.967,-0.244,0.074],"_shiftlockState":true,"_pose":"FreeFall","_animationQueue":[],"_animationSpeed":1,"_zoom":16.984},{"_mousePosition":[683,384],"_rootPartCFrame":[767.545,232.9,46.436,0.381,0,0.924,0,1,0,-0.924,0,0.381],"_humanoidState":5,"_cameraCFrame":[772.563,249.657,45.589,0.183,-0.938,0.294,0,0.299,0.954,-0.983,-0.174,0.055],"_shiftlockState":true,"_pose":"FreeFall","_animationQueue":[],"_animationSpeed":1,"_zoom":16.984},{"_mousePosition":[683,384],"_rootPartCFrame":[767.654,233.338,46.288,0.28,0,0.96,0,1,0,-0.96,0,0.28],"_humanoidState":5,"_cameraCFrame":[772.656,250.079,45.123,0.119,-0.947,0.3,0,0.302,0.953,-0.993,-0.113,0.036],"_shiftlockState":true,"_pose":"FreeFall","_animationQueue":[],"_animationSpeed":1,"_zoom":16.984},{"_mousePosition":[683,384],"_rootPartCFrame":[767.77,233.874,46.07,0.249,0,0.968,0,1,0,-0.968,0,0.249],"_humanoidState":5,"_cameraCFrame":[772.698,250.615,44.624,0.062,-0.951,0.301,0,0.302,0.953,-0.998,-0.059,0.019],"_shiftlockState":true,"_pose":"FreeFall","_animationQueue":[],"_animationSpeed":1,"_zoom":16.984},{"_mousePosition":[683,384],"_rootPartCFrame":[767.863,234.467,45.79,0.208,0,0.978,0,1,0,-0.978,0,0.208],"_humanoidState":5,"_cameraCFrame":[772.733,251.205,44.124,0.017,-0.953,0.303,0,0.303,0.953,-1,-0.016,0.005],"_shiftlockState":true,"_pose":"FreeFall","_animationQueue":[],"_animationSpeed":1,"_zoom":16.984},{"_mousePosition":[683,384],"_rootPartCFrame":[767.889,234.782,45.625,0.101,0,0.995,0,1,0,-0.995,0,0.101],"_humanoidState":5,"_cameraCFrame":[772.698,251.508,43.694,-0.037,-0.952,0.305,0,0.305,0.952,-0.999,0.035,-0.011],"_shiftlockState":true,"_pose":"FreeFall","_animationQueue":[],"_animationSpeed":1,"_zoom":16.984},{"_mousePosition":[683,384],"_rootPartCFrame":[767.889,235.154,45.408,0.074,0,0.997,0,1,0,-0.997,0,0.074],"_humanoidState":5,"_cameraCFrame":[772.628,251.861,43.174,-0.1,-0.946,0.307,0,0.309,0.951,-0.995,0.095,-0.031],"_shiftlockState":true,"_pose":"FreeFall","_animationQueue":[],"_animationSpeed":1,"_zoom":16.984},{"_mousePosition":[683,384],"_rootPartCFrame":[767.834,235.543,45.147,0.041,0,0.999,0,1,0,-0.999,0,0.041],"_humanoidState":5,"_cameraCFrame":[772.498,252.233,42.66,-0.152,-0.939,0.308,0,0.312,0.95,-0.988,0.144,-0.047],"_shiftlockState":true,"_pose":"FreeFall","_animationQueue":[],"_animationSpeed":1,"_zoom":16.984},{"_mousePosition":[683,384],"_rootPartCFrame":[767.772,235.736,44.996,-0.068,0,0.998,0,1,0,-0.998,0,-0.068],"_humanoidState":5,"_cameraCFrame":[772.378,252.397,42.241,-0.205,-0.928,0.311,0,0.317,0.948,-0.979,0.195,-0.065],"_shiftlockState":true,"_pose":"FreeFall","_animationQueue":[],"_animationSpeed":1,"_zoom":16.984},{"_mousePosition":[683,384],"_rootPartCFrame":[767.656,235.944,44.806,-0.095,0,0.995,0,1,0,-0.995,0,-0.095],"_humanoidState":5,"_cameraCFrame":[772.234,252.569,41.809,-0.251,-0.916,0.314,0,0.324,0.946,-0.968,0.238,-0.081],"_shiftlockState":true,"_pose":"FreeFall","_animationQueue":[],"_animationSpeed":1,"_zoom":16.984},{"_mousePosition":[683,384],"_rootPartCFrame":[767.46,236.129,44.588,-0.115,0,0.993,0,1,0,-0.993,0,-0.115],"_humanoidState":5,"_cameraCFrame":[772.014,252.711,41.353,-0.295,-0.901,0.317,0,0.332,0.943,-0.956,0.278,-0.098],"_shiftlockState":true,"_pose":"FreeFall","_animationQueue":[],"_animationSpeed":1,"_zoom":16.984},{"_mousePosition":[683,384],"_rootPartCFrame":[767.323,236.199,44.477,-0.262,0,0.965,0,1,0,-0.965,0,-0.262],"_humanoidState":5,"_cameraCFrame":[771.85,252.725,40.954,-0.344,-0.882,0.321,0,0.342,0.94,-0.939,0.323,-0.118],"_shiftlockState":true,"_pose":"FreeFall","_animationQueue":[],"_animationSpeed":1,"_zoom":16.984},{"_mousePosition":[683,384],"_rootPartCFrame":[767.079,236.247,44.34,-0.33,0,0.944,0,1,0,-0.944,0,-0.33],"_humanoidState":5,"_cameraCFrame":[771.593,252.701,40.509,-0.393,-0.86,0.325,0,0.354,0.935,-0.92,0.367,-0.139],"_shiftlockState":true,"_pose":"FreeFall","_animationQueue":[],"_animationSpeed":1,"_zoom":16.984},{"_mousePosition":[683,384],"_rootPartCFrame":[766.872,236.224,44.273,-0.386,0,0.922,0,1,0,-0.922,0,-0.386],"_humanoidState":5,"_cameraCFrame":[771.361,252.604,40.136,-0.439,-0.836,0.329,0,0.366,0.931,-0.899,0.408,-0.16],"_shiftlockState":true,"_pose":"FreeFall","_animationQueue":[],"_animationSpeed":1,"_zoom":16.984},{"_mousePosition":[683,384],"_rootPartCFrame":[766.711,236.171,44.249,-0.434,0,0.901,0,1,0,-0.901,0,-0.434],"_humanoidState":5,"_cameraCFrame":[771.2,252.489,39.895,-0.468,-0.819,0.332,0,0.376,0.927,-0.884,0.433,-0.176],"_shiftlockState":true,"_pose":"FreeFall","_animationQueue":[],"_animationSpeed":1,"_zoom":16.984},{"_mousePosition":[683,384],"_rootPartCFrame":[766.433,236.015,44.256,-0.462,0,0.887,0,1,0,-0.887,0,-0.462],"_humanoidState":5,"_cameraCFrame":[770.956,252.294,39.805,-0.478,-0.812,0.335,0,0.382,0.924,-0.879,0.442,-0.182],"_shiftlockState":true,"_pose":"FreeFall","_animationQueue":[],"_animationSpeed":1,"_zoom":16.984},{"_mousePosition":[683,384],"_rootPartCFrame":[766.263,235.881,44.29,-0.476,0,0.879,0,1,0,-0.879,0,-0.476],"_humanoidState":5,"_cameraCFrame":[770.786,252.16,39.839,-0.478,-0.812,0.335,0,0.382,0.924,-0.879,0.442,-0.182],"_shiftlockState":true,"_pose":"FreeFall","_animationQueue":[],"_animationSpeed":1,"_zoom":16.984},{"_mousePosition":[683,384],"_rootPartCFrame":[765.974,235.588,44.396,-0.477,0,0.879,0,1,0,-0.879,0,-0.477],"_humanoidState":5,"_cameraCFrame":[770.497,251.867,39.945,-0.478,-0.812,0.335,0,0.382,0.924,-0.879,0.442,-0.182],"_shiftlockState":true,"_pose":"FreeFall","_animationQueue":[["fall",0.3]],"_animationSpeed":1,"_zoom":16.984},{"_mousePosition":[683,384],"_rootPartCFrame":[765.799,235.372,44.487,-0.478,0,0.879,0,1,0,-0.879,0,-0.478],"_humanoidState":5,"_cameraCFrame":[770.322,251.651,40.036,-0.478,-0.812,0.335,0,0.382,0.924,-0.879,0.442,-0.182],"_shiftlockState":true,"_pose":"FreeFall","_animationQueue":[],"_animationSpeed":1,"_zoom":16.984},{"_mousePosition":[683,384],"_rootPartCFrame":[765.506,234.943,44.646,-0.478,0,0.879,0,1,0,-0.879,0,-0.478],"_humanoidState":5,"_cameraCFrame":[770.029,251.222,40.195,-0.478,-0.812,0.335,0,0.382,0.924,-0.879,0.442,-0.182],"_shiftlockState":true,"_pose":"FreeFall","_animationQueue":[],"_animationSpeed":1,"_zoom":16.984},{"_mousePosition":[683,384],"_rootPartCFrame":[765.33,234.645,44.742,-0.478,0,0.879,0,1,0,-0.879,0,-0.478],"_humanoidState":5,"_cameraCFrame":[769.853,250.924,40.291,-0.478,-0.812,0.335,0,0.382,0.924,-0.879,0.442,-0.182],"_shiftlockState":true,"_pose":"FreeFall","_animationQueue":[],"_animationSpeed":1,"_zoom":16.984},{"_mousePosition":[683,384],"_rootPartCFrame":[765.096,234.2,44.869,-0.478,0,0.879,0,1,0,-0.879,0,-0.478],"_humanoidState":5,"_cameraCFrame":[769.811,250.449,40.52,-0.452,-0.823,0.344,0,0.386,0.923,-0.892,0.417,-0.174],"_shiftlockState":true,"_pose":"FreeFall","_animationQueue":[],"_animationSpeed":1,"_zoom":16.984},{"_mousePosition":[683,384],"_rootPartCFrame":[764.861,233.701,44.996,-0.454,0,0.891,0,1,0,-0.891,0,-0.454],"_humanoidState":5,"_cameraCFrame":[770.605,249.801,41.459,-0.286,-0.875,0.39,0,0.407,0.913,-0.958,0.261,-0.116],"_shiftlockState":true,"_pose":"FreeFall","_animationQueue":[],"_animationSpeed":1,"_zoom":16.984},{"_mousePosition":[683,384],"_rootPartCFrame":[764.601,232.999,45.138,-0.287,0,0.958,0,1,0,-0.958,0,-0.287],"_humanoidState":5,"_cameraCFrame":[771.486,248.993,44.034,0.095,-0.902,0.42,0,0.422,0.907,-0.996,-0.086,0.04],"_shiftlockState":true,"_pose":"FreeFall","_animationQueue":[],"_animationSpeed":1,"_zoom":16.984},{"_mousePosition":[683,384],"_rootPartCFrame":[764.583,233.332,45.148,0.084,0.022,0.996,-0.021,1,-0.02,-0.996,-0.019,0.084],"_humanoidState":12,"_cameraCFrame":[771.205,249.474,46.045,0.395,-0.841,0.369,0,0.402,0.916,-0.919,-0.361,0.158],"_shiftlockState":true,"_pose":"Climbing","_animationQueue":[["fall",0.3],["walk",0.1],["fall",0.3],["climb",0.1],["climb",0]],"_animationSpeed":-2.941,"_zoom":16.984},{"_mousePosition":[683,384],"_rootPartCFrame":[764.664,234.134,44.921,0.413,0.002,0.911,-0.001,1,-0.002,-0.911,0,0.413],"_humanoidState":8,"_cameraCFrame":[770.247,250.682,45.974,0.479,-0.826,0.297,0,0.338,0.941,-0.878,-0.451,0.162],"_shiftlockState":true,"_pose":"Running","_animationQueue":[["walk",0.1],["climb",0.1],["walk",0.1],["walk",0.1]],"_animationSpeed":0.048,"_zoom":16.984},{"_mousePosition":[683,384],"_rootPartCFrame":[764.758,234.609,44.676,0.485,-0.002,0.874,0.002,1,0.002,-0.874,0.001,0.485],"_humanoidState":8,"_cameraCFrame":[769.141,251.583,44.598,0.382,-0.894,0.233,0,0.252,0.968,-0.924,-0.37,0.096],"_shiftlockState":true,"_pose":"Running","_animationQueue":[["walk",0.1]],"_animationSpeed":1.001,"_zoom":16.984},{"_mousePosition":[683,384],"_rootPartCFrame":[764.851,234.823,44.498,0.379,-0.001,0.925,0.001,1,0.001,-0.925,0.001,0.379],"_humanoidState":8,"_cameraCFrame":[768.389,251.984,43.551,0.234,-0.952,0.196,0,0.201,0.98,-0.972,-0.229,0.047],"_shiftlockState":true,"_pose":"Running","_animationQueue":[["walk",0.1]],"_animationSpeed":1.104,"_zoom":16.984},{"_mousePosition":[683,384],"_rootPartCFrame":[764.985,235.078,44.194,0.223,0,0.975,0,1,0,-0.975,0,0.223],"_humanoidState":8,"_cameraCFrame":[768.132,252.287,42.766,0.105,-0.977,0.185,0,0.186,0.982,-0.994,-0.103,0.02],"_shiftlockState":true,"_pose":"Running","_animationQueue":[],"_animationSpeed":1.104,"_zoom":16.984},{"_mousePosition":[683,384],"_rootPartCFrame":[765.087,235.951,43.947,0.095,0,0.995,0,1,0,-0.995,0,0.095],"_humanoidState":3,"_cameraCFrame":[767.993,253.169,42.159,-0.013,-0.983,0.183,0,0.183,0.983,-1,0.013,-0.002],"_shiftlockState":true,"_pose":"Jumping","_animationQueue":[["walk",0.1],["jump",0.1]],"_animationSpeed":1,"_zoom":16.984},{"_mousePosition":[683,384],"_rootPartCFrame":[765.149,236.573,43.759,0.047,0,0.999,0,1,0,-0.999,0,0.047],"_humanoidState":5,"_cameraCFrame":[767.976,253.759,41.603,-0.136,-0.972,0.192,0,0.193,0.981,-0.991,0.134,-0.026],"_shiftlockState":true,"_pose":"FreeFall","_animationQueue":[["jump",0.1]],"_animationSpeed":1,"_zoom":16.984},{"_mousePosition":[683,384],"_rootPartCFrame":[765.198,237.354,43.502,-0.012,0,1,0,1,0,-1,0,-0.012],"_humanoidState":5,"_cameraCFrame":[768.04,254.478,40.948,-0.253,-0.945,0.205,0,0.212,0.977,-0.967,0.248,-0.054],"_shiftlockState":true,"_pose":"FreeFall","_animationQueue":[],"_animationSpeed":1,"_zoom":16.984},{"_mousePosition":[683,384],"_rootPartCFrame":[765.207,238.081,43.24,-0.124,0,0.992,0,1,0,-0.992,0,-0.124],"_humanoidState":5,"_cameraCFrame":[768.032,255.142,40.312,-0.351,-0.911,0.215,0,0.23,0.973,-0.936,0.342,-0.081],"_shiftlockState":true,"_pose":"FreeFall","_animationQueue":[],"_animationSpeed":1,"_zoom":16.984},{"_mousePosition":[683,384],"_rootPartCFrame":[765.163,238.913,42.915,-0.191,0,0.982,0,1,0,-0.982,0,-0.191],"_humanoidState":5,"_cameraCFrame":[767.955,255.915,39.664,-0.426,-0.877,0.221,0,0.245,0.97,-0.905,0.413,-0.104],"_shiftlockState":true,"_pose":"FreeFall","_animationQueue":[],"_animationSpeed":1,"_zoom":16.984},{"_mousePosition":[683,384],"_rootPartCFrame":[765.107,239.371,42.724,-0.334,0,0.943,0,1,0,-0.943,0,-0.334],"_humanoidState":5,"_cameraCFrame":[767.827,256.315,39.151,-0.497,-0.838,0.224,0,0.259,0.966,-0.868,0.48,-0.129],"_shiftlockState":true,"_pose":"FreeFall","_animationQueue":[],"_animationSpeed":1,"_zoom":16.984},{"_mousePosition":[683,384],"_rootPartCFrame":[764.975,240.066,42.435,-0.362,0,0.932,0,1,0,-0.932,0,-0.362],"_humanoidState":5,"_cameraCFrame":[767.56,256.959,38.554,-0.563,-0.795,0.223,0,0.27,0.963,-0.826,0.542,-0.152],"_shiftlockState":true,"_pose":"FreeFall","_animationQueue":[],"_animationSpeed":1,"_zoom":16.984},{"_mousePosition":[683,384],"_rootPartCFrame":[764.839,240.561,42.236,-0.464,0,0.886,0,1,0,-0.886,0,-0.464],"_humanoidState":5,"_cameraCFrame":[767.243,257.43,38.147,-0.614,-0.759,0.218,0,0.276,0.961,-0.789,0.59,-0.169],"_shiftlockState":true,"_pose":"FreeFall","_animationQueue":[],"_animationSpeed":1,"_zoom":16.984},{"_mousePosition":[683,384],"_rootPartCFrame":[764.676,241.002,42.066,-0.521,0,0.854,0,1,0,-0.854,0,-0.521],"_humanoidState":5,"_cameraCFrame":[766.883,257.856,37.816,-0.658,-0.723,0.21,0,0.279,0.96,-0.753,0.632,-0.183],"_shiftlockState":true,"_pose":"FreeFall","_animationQueue":[],"_animationSpeed":1,"_zoom":16.984},{"_mousePosition":[683,384],"_rootPartCFrame":[764.489,241.388,41.929,-0.569,0,0.822,0,1,0,-0.822,0,-0.569],"_humanoidState":5,"_cameraCFrame":[766.461,258.238,37.551,-0.699,-0.686,0.2,0,0.28,0.96,-0.715,0.671,-0.196],"_shiftlockState":true,"_pose":"FreeFall","_animationQueue":[],"_animationSpeed":1,"_zoom":16.984},{"_mousePosition":[683,384],"_rootPartCFrame":[764.28,241.719,41.824,-0.615,0,0.789,0,1,0,-0.789,0,-0.615],"_humanoidState":5,"_cameraCFrame":[766.012,258.559,37.309,-0.741,-0.645,0.189,0,0.282,0.959,-0.672,0.711,-0.209],"_shiftlockState":true,"_pose":"FreeFall","_animationQueue":[],"_animationSpeed":1,"_zoom":16.984},{"_mousePosition":[683,384],"_rootPartCFrame":[764.065,241.996,41.756,-0.713,0,0.701,0,1,0,-0.701,0,-0.713],"_humanoidState":5,"_cameraCFrame":[765.582,258.818,37.104,-0.777,-0.603,0.18,0,0.286,0.958,-0.63,0.744,-0.222],"_shiftlockState":true,"_pose":"FreeFall","_animationQueue":[],"_animationSpeed":1,"_zoom":16.984},{"_mousePosition":[683,384],"_rootPartCFrame":[763.854,242.219,41.727,-0.77,0,0.638,0,1,0,-0.638,0,-0.77],"_humanoidState":5,"_cameraCFrame":[765.19,259.018,36.948,-0.806,-0.566,0.172,0,0.29,0.957,-0.592,0.772,-0.234],"_shiftlockState":true,"_pose":"FreeFall","_animationQueue":[],"_animationSpeed":1,"_zoom":16.984},{"_mousePosition":[683,384],"_rootPartCFrame":[763.701,242.35,41.732,-0.803,0,0.596,0,1,0,-0.596,0,-0.803],"_humanoidState":5,"_cameraCFrame":[764.895,259.13,36.856,-0.827,-0.537,0.165,0,0.294,0.956,-0.562,0.791,-0.243],"_shiftlockState":true,"_pose":"FreeFall","_animationQueue":[],"_animationSpeed":1,"_zoom":16.984},{"_mousePosition":[683,384],"_rootPartCFrame":[763.503,242.477,41.771,-0.824,0,0.566,0,1,0,-0.566,0,-0.824],"_humanoidState":5,"_cameraCFrame":[764.575,259.23,36.784,-0.846,-0.508,0.16,0,0.3,0.954,-0.533,0.807,-0.254],"_shiftlockState":true,"_pose":"FreeFall","_animationQueue":[],"_animationSpeed":1,"_zoom":16.984},{"_mousePosition":[683,384],"_rootPartCFrame":[763.315,242.55,41.85,-0.844,0,0.537,0,1,0,-0.537,0,-0.844],"_humanoidState":5,"_cameraCFrame":[764.286,259.268,36.736,-0.863,-0.481,0.155,0,0.307,0.952,-0.506,0.821,-0.264],"_shiftlockState":true,"_pose":"FreeFall","_animationQueue":[["fall",0.3]],"_animationSpeed":1,"_zoom":16.984},{"_mousePosition":[683,384],"_rootPartCFrame":[763.139,242.568,41.966,-0.86,0,0.51,0,1,0,-0.51,0,-0.86],"_humanoidState":5,"_cameraCFrame":[764.013,259.23,36.671,-0.88,-0.451,0.151,0,0.317,0.948,-0.476,0.834,-0.279],"_shiftlockState":true,"_pose":"FreeFall","_animationQueue":[],"_animationSpeed":1,"_zoom":16.984},{"_mousePosition":[683,384],"_rootPartCFrame":[762.976,242.531,42.12,-0.877,0,0.48,0,1,0,-0.48,0,-0.877],"_humanoidState":5,"_cameraCFrame":[763.812,259.144,36.679,-0.889,-0.433,0.15,0,0.326,0.945,-0.458,0.84,-0.29],"_shiftlockState":true,"_pose":"FreeFall","_animationQueue":[],"_animationSpeed":1,"_zoom":16.984},{"_mousePosition":[683,384],"_rootPartCFrame":[762.794,242.409,42.364,-0.887,0,0.462,0,1,0,-0.462,0,-0.887],"_humanoidState":5,"_cameraCFrame":[763.651,258.979,36.808,-0.892,-0.427,0.151,0,0.334,0.943,-0.453,0.841,-0.298],"_shiftlockState":true,"_pose":"FreeFall","_animationQueue":[],"_animationSpeed":1,"_zoom":16.984},{"_mousePosition":[683,384],"_rootPartCFrame":[762.668,242.25,42.594,-0.891,0,0.454,0,1,0,-0.454,0,-0.891],"_humanoidState":5,"_cameraCFrame":[763.524,258.82,37.039,-0.892,-0.427,0.151,0,0.334,0.943,-0.453,0.841,-0.298],"_shiftlockState":true,"_pose":"FreeFall","_animationQueue":[],"_animationSpeed":1,"_zoom":16.984},{"_mousePosition":[683,384],"_rootPartCFrame":[762.577,242.095,42.772,-0.892,0,0.453,0,1,0,-0.453,0,-0.892],"_humanoidState":5,"_cameraCFrame":[763.433,258.665,37.217,-0.892,-0.427,0.151,0,0.334,0.943,-0.453,0.841,-0.298],"_shiftlockState":true,"_pose":"FreeFall","_animationQueue":[],"_animationSpeed":1,"_zoom":16.984},{"_mousePosition":[683,384],"_rootPartCFrame":[762.517,241.855,42.903,-0.886,0.027,0.462,0.001,0.998,-0.056,-0.463,-0.049,-0.885],"_humanoidState":5,"_cameraCFrame":[763.414,258.422,37.274,-0.892,-0.427,0.151,0,0.334,0.943,-0.453,0.841,-0.298],"_shiftlockState":true,"_pose":"FreeFall","_animationQueue":[],"_animationSpeed":1,"_zoom":16.984},{"_mousePosition":[683,384],"_rootPartCFrame":[762.473,241.81,43.004,-0.884,0.058,0.465,0.001,0.993,-0.122,-0.468,-0.107,-0.877],"_humanoidState":7,"_cameraCFrame":[763.417,258.369,37.288,-0.892,-0.427,0.151,0,0.334,0.943,-0.453,0.841,-0.298],"_shiftlockState":true,"_pose":"FreeFall","_animationQueue":[["fall",0.3],["walk",0.1],["fall",0.3],["fall",0.3]],"_animationSpeed":1,"_zoom":16.984},{"_mousePosition":[683,384],"_rootPartCFrame":[762.445,241.796,43.081,-0.876,0.084,0.475,0,0.985,-0.175,-0.482,-0.153,-0.862],"_humanoidState":7,"_cameraCFrame":[763.428,258.342,37.296,-0.892,-0.427,0.151,0,0.334,0.943,-0.453,0.841,-0.298],"_shiftlockState":true,"_pose":"FreeFall","_animationQueue":[],"_animationSpeed":1,"_zoom":16.984},{"_mousePosition":[683,384],"_rootPartCFrame":[762.462,241.728,43.052,-0.886,0.066,0.458,0.001,0.99,-0.14,-0.463,-0.124,-0.878],"_humanoidState":8,"_cameraCFrame":[763.774,258.217,37.201,-0.869,-0.464,0.171,0,0.345,0.938,-0.495,0.815,-0.3],"_shiftlockState":true,"_pose":"Running","_animationQueue":[["walk",0.1],["fall",0.3],["walk",0.1]],"_animationSpeed":0.146,"_zoom":16.984},{"_mousePosition":[683,384],"_rootPartCFrame":[762.373,241.59,42.918,-0.867,0.043,0.496,0.004,0.997,-0.08,-0.498,-0.067,-0.865],"_humanoidState":8,"_cameraCFrame":[764.886,257.893,37.037,-0.776,-0.585,0.238,0,0.377,0.926,-0.631,0.718,-0.292],"_shiftlockState":true,"_pose":"Running","_animationQueue":[["walk",0.1]],"_animationSpeed":0.242,"_zoom":16.984},{"_mousePosition":[683,384],"_rootPartCFrame":[762.253,241.488,42.671,-0.793,0.041,0.607,0.019,0.999,-0.042,-0.608,-0.022,-0.793],"_humanoidState":8,"_cameraCFrame":[766.532,257.665,37.594,-0.569,-0.755,0.326,0,0.396,0.9