[{"_mousePosition":[1136,383],"_rootPartCFrame":[776.024,222.974,47.142,0.004,0.004,1,0,1,-0.004,-1,0,0.004],"_humanoidState":8,"_cameraCFrame":[787.063,231.697,47.168,0.002,-0.548,0.837,0,0.837,0.548,-1,-0.001,0.002],"_shiftlockState":false,"_pose":"Standing","_animationQueue":[],"_animationSpeed":1,"_zoom":13.187},{"_mousePosition":[1131,388],"_rootPartCFrame":[775.777,222.846,47.141,0.004,0.001,1,0,1,-0.001,-1,0,0.004],"_humanoidState":8,"_cameraCFrame":[786.81,231.569,47.168,0.002,-0.548,0.837,0,0.837,0.548,-1,-0.001,0.002],"_shiftlockState":false,"_pose":"Standing","_animationQueue":[["idle",0]],"_animationSpeed":1,"_zoom":13.187},{"_mousePosition":[1080,429],"_rootPartCFrame":[775.644,222.768,47.141,0.004,0,1,0,1,0,-1,0,0.004],"_humanoidState":8,"_cameraCFrame":[786.677,231.492,47.167,0.002,-0.548,0.837,0,0.837,0.548,-1,-0.001,0.002],"_shiftlockState":false,"_pose":"Running","_animationQueue":[["walk",0.1]],"_animationSpeed":1.065,"_zoom":13.187},{"_mousePosition":[1070,435],"_rootPartCFrame":[775.245,222.655,47.14,0.003,0,1,0,1,0,-1,0,0.003],"_humanoidState":8,"_cameraCFrame":[786.277,231.378,47.167,0.002,-0.548,0.837,0,0.837,0.548,-1,-0.001,0.002],"_shiftlockState":false,"_pose":"Running","_animationQueue":[["walk",0.1]],"_animationSpeed":1.065,"_zoom":13.187},{"_mousePosition":[985,470],"_rootPartCFrame":[775.111,222.662,47.14,0.003,0,1,0,1,0,-1,0,0.003],"_humanoidState":8,"_cameraCFrame":[786.144,231.385,47.166,0.002,-0.548,0.837,0,0.837,0.548,-1,-0.001,0.002],"_shiftlockState":false,"_pose":"Running","_animationQueue":[],"_animationSpeed":1.065,"_zoom":13.187},{"_mousePosition":[971,470],"_rootPartCFrame":[774.845,222.677,47.139,0.003,0,1,0,1,0,-1,0,0.003],"_humanoidState":8,"_cameraCFrame":[785.877,231.401,47.166,0.002,-0.548,0.837,0,0.837,0.548,-1,-0.001,0.002],"_shiftlockState":false,"_pose":"Running","_animationQueue":[],"_animationSpeed":1.065,"_zoom":13.187},{"_mousePosition":[923,441],"_rootPartCFrame":[774.578,222.687,47.139,0.003,0,1,0,1,0,-1,0,0.003],"_humanoidState":8,"_cameraCFrame":[785.61,231.411,47.165,0.002,-0.548,0.837,0,0.837,0.548,-1,-0.001,0.002],"_shiftlockState":false,"_pose":"Running","_animationQueue":[],"_animationSpeed":1.065,"_zoom":13.187},{"_mousePosition":[920,431],"_rootPartCFrame":[774.311,222.693,47.138,0.003,0,1,0,1,0,-1,0,0.003],"_humanoidState":8,"_cameraCFrame":[785.344,231.416,47.164,0.002,-0.548,0.837,0,0.837,0.548,-1,-0.001,0.002],"_shiftlockState":false,"_pose":"Running","_animationQueue":[],"_animationSpeed":1.065,"_zoom":13.187},{"_mousePosition":[890,355],"_rootPartCFrame":[773.911,222.697,47.137,0.003,0,1,0,1,0,-1,0,0.003],"_humanoidState":8,"_cameraCFrame":[784.944,231.42,47.163,0.002,-0.548,0.837,0,0.837,0.548,-1,-0.001,0.002],"_shiftlockState":false,"_pose":"Running","_animationQueue":[],"_animationSpeed":1.065,"_zoom":13.187},{"_mousePosition":[884,345],"_rootPartCFrame":[773.778,222.698,47.137,0.003,0,1,0,1,0,-1,0,0.003],"_humanoidState":8,"_cameraCFrame":[784.81,231.421,47.163,0.002,-0.548,0.837,0,0.837,0.548,-1,-0.001,0.002],"_shiftlockState":false,"_pose":"Running","_animationQueue":[["walk",0.1]],"_animationSpeed":1.065,"_zoom":13.187},{"_mousePosition":[884,345],"_rootPartCFrame":[773.511,222.699,47.136,0.003,0,1,0,1,0,-1,0,0.003],"_humanoidState":8,"_cameraCFrame":[784.544,231.422,47.162,0.002,-0.548,0.837,0,0.837,0.548,-1,-0.001,0.002],"_shiftlockState":false,"_pose":"Running","_animationQueue":[],"_animationSpeed":1.065,"_zoom":13.187},{"_mousePosition":[884,345],"_rootPartCFrame":[773.244,222.699,47.135,0.003,0,1,0,1,0,-1,0,0.003],"_humanoidState":8,"_cameraCFrame":[784.277,231.422,47.162,0.002,-0.548,0.837,0,0.837,0.548,-1,-0.001,0.002],"_shiftlockState":false,"_pose":"Running","_animationQueue":[],"_animationSpeed":1.065,"_zoom":13.187},{"_mousePosition":[884,345],"_rootPartCFrame":[772.977,222.699,47.135,0.003,0,1,0,1,0,-1,0,0.003],"_humanoidState":8,"_cameraCFrame":[784.01,231.423,47.161,0.002,-0.548,0.837,0,0.837,0.548,-1,-0.001,0.002],"_shiftlockState":false,"_pose":"Running","_animationQueue":[],"_animationSpeed":1.065,"_zoom":13.187},{"_mousePosition":[884,345],"_rootPartCFrame":[772.711,222.7,47.134,0.003,0,1,0,1,0,-1,0,0.003],"_humanoidState":8,"_cameraCFrame":[783.743,231.423,47.16,0.002,-0.548,0.837,0,0.837,0.548,-1,-0.001,0.002],"_shiftlockState":false,"_pose":"Running","_animationQueue":[],"_animationSpeed":1.065,"_zoom":13.187},{"_mousePosition":[872,328],"_rootPartCFrame":[772.444,222.7,47.133,0.003,0,1,0,1,0,-1,0,0.003],"_humanoidState":8,"_cameraCFrame":[783.477,231.423,47.16,0.002,-0.548,0.837,0,0.837,0.548,-1,-0.001,0.002],"_shiftlockState":false,"_pose":"Running","_animationQueue":[],"_animationSpeed":1.065,"_zoom":13.187},{"_mousePosition":[847,293],"_rootPartCFrame":[772.177,222.7,47.133,0.003,0,1,0,1,0,-1,0,0.003],"_humanoidState":8,"_cameraCFrame":[783.21,231.423,47.159,0.002,-0.548,0.837,0,0.837,0.548,-1,-0.001,0.002],"_shiftlockState":false,"_pose":"Running","_animationQueue":[],"_animationSpeed":1.065,"_zoom":13.187},{"_mousePosition":[814,266],"_rootPartCFrame":[771.911,222.7,47.132,0.003,0,1,0,1,0,-1,0,0.003],"_humanoidState":8,"_cameraCFrame":[782.943,231.423,47.158,0.002,-0.548,0.837,0,0.837,0.548,-1,-0.001,0.002],"_shiftlockState":false,"_pose":"Running","_animationQueue":[["walk",0.1]],"_animationSpeed":1.065,"_zoom":13.187},{"_mousePosition":[800,255],"_rootPartCFrame":[771.644,222.7,47.131,0.003,0,1,0,1,0,-1,0,0.003],"_humanoidState":8,"_cameraCFrame":[782.677,231.423,47.158,0.002,-0.548,0.837,0,0.837,0.548,-1,-0.001,0.002],"_shiftlockState":false,"_pose":"Running","_animationQueue":[],"_animationSpeed":1.065,"_zoom":13.187},{"_mousePosition":[743,231],"_rootPartCFrame":[771.244,222.7,47.131,0.003,0,1,0,1,0,-1,0,0.003],"_humanoidState":8,"_cameraCFrame":[782.276,231.423,47.157,0.002,-0.548,0.837,0,0.837,0.548,-1,-0.001,0.002],"_shiftlockState":false,"_pose":"Running","_animationQueue":[],"_animationSpeed":1.065,"_zoom":13.187},{"_mousePosition":[734,233],"_rootPartCFrame":[771.11,222.7,47.13,0.002,0,1,0,1,0,-1,0,0.002],"_humanoidState":8,"_cameraCFrame":[782.143,231.423,47.157,0.002,-0.548,0.837,0,0.837,0.548,-1,-0.001,0.002],"_shiftlockState":false,"_pose":"Running","_animationQueue":[],"_animationSpeed":1.065,"_zoom":13.187},{"_mousePosition":[734,233],"_rootPartCFrame":[770.844,222.7,47.13,0.002,0,1,0,1,0,-1,0,0.002],"_humanoidState":8,"_cameraCFrame":[781.698,231.688,47.03,-0.009,-0.568,0.823,0,0.823,0.568,-1,0.005,-0.008],"_shiftlockState":false,"_pose":"Running","_animationQueue":[],"_animationSpeed":1.065,"_zoom":13.187},{"_mousePosition":[734,233],"_rootPartCFrame":[770.577,222.7,47.129,0.002,0,1,0,1,0,-1,0,0.002],"_humanoidState":8,"_cameraCFrame":[781.158,232.068,46.966,-0.015,-0.597,0.802,0,0.802,0.597,-1,0.009,-0.012],"_shiftlockState":false,"_pose":"Running","_animationQueue":[],"_animationSpeed":1.065,"_zoom":13.187},{"_mousePosition":[734,233],"_rootPartCFrame":[770.31,222.666,47.128,0.002,0,1,0,1,0,-1,0,0.002],"_humanoidState":8,"_cameraCFrame":[780.558,232.462,46.895,-0.023,-0.629,0.777,0,0.777,0.629,-1,0.014,-0.018],"_shiftlockState":false,"_pose":"Running","_animationQueue":[],"_animationSpeed":1.065,"_zoom":13.187},{"_mousePosition":[734,233],"_rootPartCFrame":[770.044,222.577,47.128,0.002,0,1,0,1,0,-1,0,0.002],"_humanoidState":8,"_cameraCFrame":[779.884,232.852,46.873,-0.026,-0.665,0.746,0,0.746,0.665,-1,0.017,-0.019],"_shiftlockState":false,"_pose":"Running","_animationQueue":[["walk",0.1]],"_animationSpeed":1.065,"_zoom":13.187},{"_mousePosition":[734,233],"_rootPartCFrame":[769.777,223.44,47.127,0.002,0,1,0,1,0,-1,0,0.002],"_humanoidState":3,"_cameraCFrame":[779.115,234.249,46.885,-0.026,-0.706,0.708,0,0.708,0.706,-1,0.018,-0.018],"_shiftlockState":false,"_pose":"Jumping","_animationQueue":[["walk",0.1],["jump",0.1]],"_animationSpeed":1,"_zoom":13.187},{"_mousePosition":[734,233],"_rootPartCFrame":[769.444,224.442,47.135,-0.001,0,1,0,1,0,-1,0,-0.001],"_humanoidState":5,"_cameraCFrame":[778.299,235.713,46.998,-0.015,-0.741,0.671,0,0.672,0.741,-1,0.011,-0.01],"_shiftlockState":false,"_pose":"FreeFall","_animationQueue":[["jump",0.1]],"_animationSpeed":1,"_zoom":13.187},{"_mousePosition":[734,233],"_rootPartCFrame":[769.244,225.002,47.14,-0.004,0,1,0,1,0,-1,0,-0.004],"_humanoidState":5,"_cameraCFrame":[777.633,236.676,47.116,-0.003,-0.772,0.636,0,0.636,0.772,-1,0.002,-0.002],"_shiftlockState":false,"_pose":"FreeFall","_animationQueue":[],"_animationSpeed":1,"_zoom":13.187},{"_mousePosition":[734,233],"_rootPartCFrame":[768.977,225.702,47.144,-0.006,0,1,0,1,0,-1,0,-0.006],"_humanoidState":5,"_cameraCFrame":[776.983,237.68,47.214,0.009,-0.795,0.607,0,0.607,0.795,-1,-0.007,0.005],"_shiftlockState":false,"_pose":"FreeFall","_animationQueue":[],"_animationSpeed":1,"_zoom":13.187},{"_mousePosition":[734,233],"_rootPartCFrame":[768.711,226.347,47.145,-0.006,0,1,0,1,0,-1,0,-0.006],"_humanoidState":5,"_cameraCFrame":[776.426,238.54,47.269,0.016,-0.811,0.585,0,0.585,0.811,-1,-0.013,0.009],"_shiftlockState":false,"_pose":"FreeFall","_animationQueue":[],"_animationSpeed":1,"_zoom":13.187},{"_mousePosition":[734,233],"_rootPartCFrame":[768.444,226.937,47.144,-0.005,0,1,0,1,0,-1,0,-0.005],"_humanoidState":5,"_cameraCFrame":[776.098,239.174,47.322,0.023,-0.814,0.58,0,0.581,0.814,-1,-0.019,0.014],"_shiftlockState":false,"_pose":"FreeFall","_animationQueue":[],"_animationSpeed":1,"_zoom":13.187},{"_mousePosition":[734,233],"_rootPartCFrame":[768.178,227.473,47.14,-0.002,0,1,0,1,0,-1,0,-0.002],"_humanoidState":5,"_cameraCFrame":[775.863,239.685,47.408,0.035,-0.812,0.583,0,0.583,0.812,-0.999,-0.028,0.02],"_shiftlockState":false,"_pose":"FreeFall","_animationQueue":[],"_animationSpeed":1,"_zoom":13.187},{"_mousePosition":[734,233],"_rootPartCFrame":[767.911,227.954,47.134,0.001,0,1,0,1,0,-1,0,0.001],"_humanoidState":5,"_cameraCFrame":[775.612,240.154,47.443,0.04,-0.811,0.584,0,0.584,0.811,-0.999,-0.033,0.023],"_shiftlockState":false,"_pose":"FreeFall","_animationQueue":[],"_animationSpeed":1,"_zoom":13.187},{"_mousePosition":[734,233],"_rootPartCFrame":[767.644,228.381,47.125,0.005,0,1,0,1,0,-1,0,0.005],"_humanoidState":5,"_cameraCFrame":[775.346,240.581,47.434,0.04,-0.811,0.584,0,0.584,0.811,-0.999,-0.033,0.023],"_shiftlockState":false,"_pose":"FreeFall","_animationQueue":[],"_animationSpeed":1,"_zoom":13.187},{"_mousePosition":[734,233],"_rootPartCFrame":[767.378,228.753,47.114,0.01,0,1,0,1,0,-1,0,0.01],"_humanoidState":5,"_cameraCFrame":[775.079,240.954,47.423,0.04,-0.811,0.584,0,0.584,0.811,-0.999,-0.033,0.023],"_shiftlockState":false,"_pose":"FreeFall","_animationQueue":[],"_animationSpeed":1,"_zoom":13.187},{"_mousePosition":[734,233],"_rootPartCFrame":[767.112,229.071,47.104,0.014,0,1,0,1,0,-1,0,0.014],"_humanoidState":5,"_cameraCFrame":[774.813,241.272,47.413,0.04,-0.811,0.584,0,0.584,0.811,-0.999,-0.033,0.023],"_shiftlockState":false,"_pose":"FreeFall","_animationQueue":[],"_animationSpeed":1,"_zoom":13.187},{"_mousePosition":[734,233],"_rootPartCFrame":[766.845,229.335,47.093,0.018,0,1,0,1,0,-1,0,0.018],"_humanoidState":5,"_cameraCFrame":[774.547,241.535,47.402,0.04,-0.811,0.584,0,0.584,0.811,-0.999,-0.033,0.023],"_shiftlockState":false,"_pose":"FreeFall","_animationQueue":[],"_animationSpeed":1,"_zoom":13.187},{"_mousePosition":[734,233],"_rootPartCFrame":[766.579,229.544,47.082,0.021,0,1,0,1,0,-1,0,0.021],"_humanoidState":5,"_cameraCFrame":[774.28,241.744,47.391,0.04,-0.811,0.584,0,0.584,0.811,-0.999,-0.033,0.023],"_shiftlockState":false,"_pose":"FreeFall","_animationQueue":[],"_animationSpeed":1,"_zoom":13.187},{"_mousePosition":[734,233],"_rootPartCFrame":[766.313,229.698,47.072,0.023,0,1,0,1,0,-1,0,0.023],"_humanoidState":5,"_cameraCFrame":[774.014,241.898,47.381,0.04,-0.811,0.584,0,0.584,0.811,-0.999,-0.033,0.023],"_shiftlockState":false,"_pose":"FreeFall","_animationQueue":[],"_animationSpeed":1,"_zoom":13.187},{"_mousePosition":[734,233],"_rootPartCFrame":[766.046,229.798,47.061,0.026,0,1,0,1,0,-1,0,0.026],"_humanoidState":5,"_cameraCFrame":[773.818,241.998,45.621,0.04,-0.811,0.584,0,0.584,0.811,-0.999,-0.033,0.023],"_shiftlockState":true,"_pose":"FreeFall","_animationQueue":[],"_animationSpeed":1,"_zoom":13.187},{"_mousePosition":[683,384],"_rootPartCFrame":[765.78,229.843,47.05,0.041,0,0.999,0,1,0,-0.999,0,0.041],"_humanoidState":5,"_cameraCFrame":[773.551,242.043,45.611,0.04,-0.811,0.584,0,0.584,0.811,-0.999,-0.033,0.023],"_shiftlockState":true,"_pose":"FreeFall","_animationQueue":[],"_animationSpeed":1,"_zoom":13.187},{"_mousePosition":[683,384],"_rootPartCFrame":[765.513,229.834,47.04,0.04,0,0.999,0,1,0,-0.999,0,0.04],"_humanoidState":5,"_cameraCFrame":[773.285,242.034,45.6,0.04,-0.811,0.584,0,0.584,0.811,-0.999,-0.033,0.023],"_shiftlockState":true,"_pose":"FreeFall","_animationQueue":[],"_animationSpeed":1,"_zoom":13.187},{"_mousePosition":[683,384],"_rootPartCFrame":[765.247,229.771,47.029,0.04,0,0.999,0,1,0,-0.999,0,0.04],"_humanoidState":5,"_cameraCFrame":[773.018,241.971,45.589,0.04,-0.811,0.584,0,0.584,0.811,-0.999,-0.033,0.023],"_shiftlockState":true,"_pose":"FreeFall","_animationQueue":[],"_animationSpeed":1,"_zoom":13.187},{"_mousePosition":[683,384],"_rootPartCFrame":[764.981,229.653,47.018,0.04,0,0.999,0,1,0,-0.999,0,0.04],"_humanoidState":5,"_cameraCFrame":[772.752,241.853,45.579,0.04,-0.811,0.584,0,0.584,0.811,-0.999,-0.033,0.023],"_shiftlockState":true,"_pose":"FreeFall","_animationQueue":[["fall",0.3]],"_animationSpeed":1,"_zoom":13.187},{"_mousePosition":[683,384],"_rootPartCFrame":[764.714,229.48,47.008,0.04,0,0.999,0,1,0,-0.999,0,0.04],"_humanoidState":5,"_cameraCFrame":[772.486,241.68,45.568,0.04,-0.811,0.584,0,0.584,0.811,-0.999,-0.033,0.023],"_shiftlockState":true,"_pose":"FreeFall","_animationQueue":[],"_animationSpeed":1,"_zoom":13.187},{"_mousePosition":[683,384],"_rootPartCFrame":[764.448,229.253,46.997,0.04,0,0.999,0,1,0,-0.999,0,0.04],"_humanoidState":5,"_cameraCFrame":[772.219,241.453,45.557,0.04,-0.811,0.584,0,0.584,0.811,-0.999,-0.033,0.023],"_shiftlockState":true,"_pose":"FreeFall","_animationQueue":[],"_animationSpeed":1,"_zoom":13.187},{"_mousePosition":[683,384],"_rootPartCFrame":[764.182,228.971,46.986,0.04,0,0.999,0,1,0,-0.999,0,0.04],"_humanoidState":5,"_cameraCFrame":[771.923,241.184,45.481,0.032,-0.812,0.583,0,0.583,0.812,-0.999,-0.026,0.018],"_shiftlockState":true,"_pose":"FreeFall","_animationQueue":[],"_animationSpeed":1,"_zoom":13.187},{"_mousePosition":[683,384],"_rootPartCFrame":[763.915,228.635,46.976,0.032,0,0.999,0,1,0,-0.999,0,0.032],"_humanoidState":5,"_cameraCFrame":[771.658,240.835,45.39,0.021,-0.811,0.584,0,0.584,0.811,-1,-0.017,0.012],"_shiftlockState":true,"_pose":"FreeFall","_animationQueue":[],"_animationSpeed":1,"_zoom":13.187},{"_mousePosition":[683,384],"_rootPartCFrame":[763.774,228.893,46.97,0.022,0,1,0,1,0,-1,0,0.022],"_humanoidState":7,"_cameraCFrame":[771.502,241.093,45.311,0.012,-0.811,0.584,0,0.584,0.811,-1,-0.01,0.007],"_shiftlockState":true,"_pose":"FreeFall","_animationQueue":[["walk",0.1],["fall",0.3],["fall",0.3]],"_animationSpeed":1,"_zoom":13.187},{"_mousePosition":[683,384],"_rootPartCFrame":[763.687,229.4,46.968,0.012,0,1,0,1,0,-1,0,0.012],"_humanoidState":7,"_cameraCFrame":[771.372,241.618,45.236,0.002,-0.813,0.583,0,0.583,0.813,-1,-0.002,0.001],"_shiftlockState":true,"_pose":"FreeFall","_animationQueue":[["fall",0.3]],"_animationSpeed":1,"_zoom":13.187},{"_mousePosition":[683,384],"_rootPartCFrame":[763.584,229.836,46.967,0.002,0,1,0,1,0,-1,0,0.002],"_humanoidState":8,"_cameraCFrame":[771.222,242.086,45.219,0,-0.815,0.579,0,0.579,0.815,-1,0,0],"_shiftlockState":true,"_pose":"Running","_animationQueue":[["walk",0.1],["fall",0.3],["walk",0.1]],"_animationSpeed":0.372,"_zoom":13.187},{"_mousePosition":[683,384],"_rootPartCFrame":[763.466,230.181,46.966,0,0,1,0,1,0,-1,0,0],"_humanoidState":8,"_cameraCFrame":[771.062,242.462,45.219,0,-0.817,0.576,0,0.576,0.817,-1,0,0],"_shiftlockState":true,"_pose":"Running","_animationQueue":[["walk",0.1]],"_animationSpeed":0.434,"_zoom":13.187},{"_mousePosition":[683,384],"_rootPartCFrame":[763.365,230.35,46.966,0,0,1,0,1,0,-1,0,0],"_humanoidState":8,"_cameraCFrame":[770.934,242.649,45.219,0,-0.819,0.574,0,0.574,0.819,-1,0,0],"_shiftlockState":true,"_pose":"Running","_animationQueue":[["walk",0.1]],"_animationSpeed":0.493,"_zoom":13.187},{"_mousePosition":[683,384],"_rootPartCFrame":[763.251,230.508,46.966,0,0,1,0,1,0,-1,0,0],"_humanoidState":8,"_cameraCFrame":[770.811,242.813,45.218,0,-0.819,0.573,0,0.573,0.819,-1,0,0],"_shiftlockState":true,"_pose":"Running","_animationQueue":[["walk",0.1]],"_animationSpeed":0.41,"_zoom":13.187},{"_mousePosition":[683,384],"_rootPartCFrame":[763.122,230.694,46.966,0,0,1,0,1,0,-1,0,0],"_humanoidState":8,"_cameraCFrame":[770.683,242.999,45.218,0,-0.819,0.573,0,0.573,0.819,-1,0,0],"_shiftlockState":true,"_pose":"Running","_animationQueue":[["walk",0.1]],"_animationSpeed":0.479,"_zoom":13.187},{"_mousePosition":[683,384],"_rootPartCFrame":[762.995,230.841,46.966,0,0,1,0,1,0,-1,0,0],"_humanoidState":8,"_cameraCFrame":[770.555,243.146,45.218,0,-0.819,0.573,0,0.573,0.819,-1,0,0],"_shiftlockState":true,"_pose":"Running","_animationQueue":[["walk",0.1]],"_animationSpeed":0.541,"_zoom":13.187},{"_mousePosition":[683,384],"_rootPartCFrame":[762.852,230.921,46.966,0,0,1,0,1,0,-1,0,0],"_humanoidState":8,"_cameraCFrame":[770.412,243.226,45.218,0,-0.819,0.573,0,0.573,0.819,-1,0,0],"_shiftlockState":true,"_pose":"Running","_animationQueue":[["walk",0.1]],"_animationSpeed":0.541,"_zoom":13.187},{"_mousePosition":[683,384],"_rootPartCFrame":[762.694,231.041,46.966,0,0,1,0,1,0,-1,0,0],"_humanoidState":8,"_cameraCFrame":[770.255,243.345,45.218,0,-0.819,0.573,0,0.573,0.819,-1,0,0],"_shiftlockState":true,"_pose":"Running","_animationQueue":[["walk",0.1]],"_animationSpeed":0.602,"_zoom":13.187},{"_mousePosition":[683,384],"_rootPartCFrame":[762.547,231.208,46.966,0,0,1,0,1,0,-1,0,0],"_humanoidState":8,"_cameraCFrame":[770.096,243.513,45.171,-0.006,-0.819,0.573,0,0.573,0.819,-1,0.005,-0.003],"_shiftlockState":true,"_pose":"Running","_animationQueue":[["walk",0.1]],"_animationSpeed":0.661,"_zoom":13.187},{"_mousePosition":[683,384],"_rootPartCFrame":[762.387,231.282,46.966,-0.006,0,1,0,1,0,-1,0,-0.006],"_humanoidState":8,"_cameraCFrame":[769.855,243.605,44.951,-0.035,-0.82,0.571,0,0.571,0.821,-0.999,0.029,-0.02],"_shiftlockState":true,"_pose":"Running","_animationQueue":[["walk",0.1]],"_animationSpeed":0.602,"_zoom":13.187},{"_mousePosition":[683,384],"_rootPartCFrame":[762.214,231.382,46.967,-0.035,0,0.999,0,1,0,-0.999,0,-0.035],"_humanoidState":8,"_cameraCFrame":[769.553,243.717,44.581,-0.085,-0.819,0.568,0,0.57,0.822,-0.996,0.07,-0.049],"_shiftlockState":true,"_pose":"Running","_animationQueue":[["walk",0.1]],"_animationSpeed":0.669,"_zoom":13.187},{"_mousePosition":[683,384],"_rootPartCFrame":[762.027,231.528,46.973,-0.085,0,0.996,0,1,0,-0.996,0,-0.085],"_humanoidState":8,"_cameraCFrame":[769.087,243.881,43.919,-0.178,-0.81,0.559,0,0.568,0.823,-0.984,0.146,-0.101],"_shiftlockState":true,"_pose":"Running","_animationQueue":[["walk",0.1]],"_animationSpeed":0.726,"_zoom":13.187},{"_mousePosition":[683,384],"_rootPartCFrame":[761.83,231.697,46.988,-0.178,0,0.984,0,1,0,-0.984,0,-0.178],"_humanoidState":8,"_cameraCFrame":[768.393,244.069,43.026,-0.308,-0.784,0.539,0,0.566,0.824,-0.951,0.254,-0.174],"_shiftlockState":true,"_pose":"Running","_animationQueue":[["walk",0.1],["walk",0.1]],"_animationSpeed":0.778,"_zoom":13.187},{"_mousePosition":[683,384],"_rootPartCFrame":[761.57,231.913,47.032,-0.316,0,0.949,0,1,0,-0.949,0,-0.316],"_humanoidState":8,"_cameraCFrame":[767.497,244.32,42.252,-0.432,-0.746,0.507,0,0.562,0.827,-0.902,0.357,-0.243],"_shiftlockState":true,"_pose":"Running","_animationQueue":[["walk",0.1]],"_animationSpeed":0.828,"_zoom":13.187},{"_mousePosition":[683,384],"_rootPartCFrame":[761.409,232.04,47.08,-0.438,0,0.899,0,1,0,-0.899,0,-0.438],"_humanoidState":8,"_cameraCFrame":[766.614,244.513,41.652,-0.541,-0.7,0.467,0,0.555,0.832,-0.841,0.45,-0.3],"_shiftlockState":true,"_pose":"Running","_animationQueue":[["walk",0.1]],"_animationSpeed":0.878,"_zoom":13.187},{"_mousePosition":[683,384],"_rootPartCFrame":[761.195,232.201,47.178,-0.548,0,0.837,0,1,0,-0.837,0,-0.548],"_humanoidState":8,"_cameraCFrame":[765.897,244.715,41.386,-0.607,-0.664,0.437,0,0.55,0.835,-0.795,0.507,-0.334],"_shiftlockState":true,"_pose":"Running","_animationQueue":[["walk",0.1]],"_animationSpeed":0.936,"_zoom":13.187},{"_mousePosition":[683,384],"_rootPartCFrame":[760.985,232.344,47.307,-0.609,0,0.793,0,1,0,-0.793,0,-0.609],"_humanoidState":8,"_cameraCFrame":[765.427,244.863,41.324,-0.64,-0.642,0.422,0,0.549,0.836,-0.768,0.535,-0.352],"_shiftlockState":true,"_pose":"Running","_animationQueue":[],"_animationSpeed":0.936,"_zoom":13.187},{"_mousePosition":[683,384],"_rootPartCFrame":[760.781,232.465,47.459,-0.641,0,0.768,0,1,0,-0.768,0,-0.641],"_humanoidState":8,"_cameraCFrame":[765.148,244.973,41.401,-0.652,-0.633,0.418,0,0.551,0.835,-0.759,0.544,-0.359],"_shiftlockState":true,"_pose":"Running","_animationQueue":[["walk",0.1]],"_animationSpeed":1.026,"_zoom":13.187},{"_mousePosition":[683,384],"_rootPartCFrame":[760.579,232.563,47.625,-0.652,0,0.759,0,1,0,-0.759,0,-0.652],"_humanoidState":8,"_cameraCFrame":[764.941,245.065,41.551,-0.653,-0.632,0.417,0,0.551,0.834,-0.757,0.545,-0.36],"_shiftlockState":true,"_pose":"Running","_animationQueue":[["walk",0.1]],"_animationSpeed":1.026,"_zoom":13.187},{"_mousePosition":[683,384],"_rootPartCFrame":[760.379,232.64,47.796,-0.653,0,0.757,0,1,0,-0.757,0,-0.653],"_humanoidState":8,"_cameraCFrame":[764.74,245.142,41.723,-0.653,-0.632,0.417,0,0.551,0.834,-0.757,0.545,-0.36],"_shiftlockState":true,"_pose":"Running","_animationQueue":[["walk",0.1]],"_animationSpeed":1.081,"_zoom":13.187},{"_mousePosition":[683,384],"_rootPartCFrame":[760.177,232.695,47.97,-0.653,0,0.757,0,1,0,-0.757,0,-0.653],"_humanoidState":8,"_cameraCFrame":[764.639,245.209,41.991,-0.639,-0.643,0.423,0,0.55,0.835,-0.769,0.534,-0.351],"_shiftlockState":true,"_pose":"Running","_animationQueue":[],"_animationSpeed":1.081,"_zoom":13.187},{"_mousePosition":[683,384],"_rootPartCFrame":[759.975,232.728,48.144,-0.639,0,0.769,0,1,0,-0.769,0,-0.639],"_humanoidState":8,"_cameraCFrame":[764.588,245.306,42.402,-0.609,-0.667,0.431,0,0.543,0.84,-0.794,0.511,-0.33],"_shiftlockState":true,"_pose":"Running","_animationQueue":[],"_animationSpeed":1.081,"_zoom":13.187},{"_mousePosition":[683,384],"_rootPartCFrame":[759.774,233.591,48.319,-0.609,0,0.794,0,1,0,-0.794,0,-0.609],"_humanoidState":3,"_cameraCFrame":[764.464,246.26,42.823,-0.581,-0.69,0.433,0,0.532,0.847,-0.814,0.492,-0.309],"_shiftlockState":true,"_pose":"Jumping","_animationQueue":[["walk",0.1],["jump",0.1]],"_animationSpeed":1,"_zoom":13.187},{"_mousePosition":[683,384],"_rootPartCFrame":[759.563,234.4,48.483,-0.583,0,0.812,0,1,0,-0.812,0,-0.583],"_humanoidState":5,"_cameraCFrame":[764.231,247.208,43.257,-0.556,-0.713,0.428,0,0.514,0.858,-0.831,0.477,-0.286],"_shiftlockState":true,"_pose":"FreeFall","_animationQueue":[["jump",0.1]],"_animationSpeed":1,"_zoom":13.187},{"_mousePosition":[683,384],"_rootPartCFrame":[759.347,235.153,48.639,-0.559,0,0.829,0,1,0,-0.829,0,-0.559],"_humanoidState":5,"_cameraCFrame":[763.937,248.091,43.631,-0.538,-0.731,0.42,0,0.498,0.867,-0.843,0.467,-0.268],"_shiftlockState":true,"_pose":"FreeFall","_animationQueue":[],"_animationSpeed":1,"_zoom":13.187},{"_mousePosition":[683,384],"_rootPartCFrame":[759.071,236.019,48.825,-0.542,0,0.841,0,1,0,-0.841,0,-0.542],"_humanoidState":5,"_cameraCFrame":[763.553,249.066,43.973,-0.528,-0.743,0.41,0,0.483,0.876,-0.849,0.463,-0.255],"_shiftlockState":true,"_pose":"FreeFall","_animationQueue":[],"_animationSpeed":1,"_zoom":13.187},{"_mousePosition":[683,384],"_rootPartCFrame":[758.903,236.498,48.933,-0.53,0,0.848,0,1,0,-0.848,0,-0.53],"_humanoidState":5,"_cameraCFrame":[763.329,249.59,44.14,-0.526,-0.748,0.405,0,0.477,0.879,-0.851,0.462,-0.251],"_shiftlockState":true,"_pose":"FreeFall","_animationQueue":[],"_animationSpeed":1,"_zoom":13.187},{"_mousePosition":[683,384],"_rootPartCFrame":[758.676,237.088,49.074,-0.527,0,0.85,0,1,0,-0.85,0,-0.527],"_humanoidState":5,"_cameraCFrame":[764.023,250.181,45.77,-0.526,-0.748,0.405,0,0.477,0.879,-0.851,0.462,-0.251],"_shiftlockState":false,"_pose":"FreeFall","_animationQueue":[],"_animationSpeed":1,"_zoom":13.187},{"_mousePosition":[683,384],"_rootPartCFrame":[758.45,237.624,49.215,-0.527,0,0.85,0,1,0,-0.85,0,-0.527],"_humanoidState":5,"_cameraCFrame":[763.796,250.717,45.91,-0.526,-0.748,0.405,0,0.477,0.879,-0.851,0.462,-0.251],"_shiftlockState":false,"_pose":"FreeFall","_animationQueue":[],"_animationSpeed":1,"_zoom":13.187},{"_mousePosition":[683,384],"_rootPartCFrame":[758.223,238.105,49.355,-0.527,0,0.85,0,1,0,-0.85,0,-0.527],"_humanoidState":5,"_cameraCFrame":[763.569,251.198,46.05,-0.526,-0.748,0.405,0,0.477,0.879,-0.851,0.462,-0.251],"_shiftlockState":false,"_pose":"FreeFall","_animationQueue":[],"_animationSpeed":1,"_zoom":13.187},{"_mousePosition":[683,384],"_rootPartCFrame":[757.996,238.532,49.495,-0.526,0,0.85,0,1,0,-0.85,0,-0.526],"_humanoidState":5,"_cameraCFrame":[763.342,251.625,46.19,-0.526,-0.748,0.405,0,0.477,0.879,-0.851,0.462,-0.251],"_shiftlockState":false,"_pose":"FreeFall","_animationQueue":[],"_animationSpeed":1,"_zoom":13.187},{"_mousePosition":[683,384],"_rootPartCFrame":[757.769,238.905,49.635,-0.526,0,0.85,0,1,0,-0.85,0,-0.526],"_humanoidState":5,"_cameraCFrame":[763.116,251.997,46.331,-0.526,-0.748,0.405,0,0.477,0.879,-0.851,0.462,-0.251],"_shiftlockState":false,"_pose":"FreeFall","_animationQueue":[],"_animationSpeed":1,"_zoom":13.187},{"_mousePosition":[683,384],"_rootPartCFrame":[757.542,239.223,49.776,-0.526,0,0.85,0,1,0,-0.85,0,-0.526],"_humanoidState":5,"_cameraCFrame":[762.889,252.315,46.471,-0.526,-0.748,0.405,0,0.477,0.879,-0.851,0.462,-0.251],"_shiftlockState":false,"_pose":"FreeFall","_animationQueue":[],"_animationSpeed":1,"_zoom":13.187},{"_mousePosition":[683,384],"_rootPartCFrame":[757.316,239.486,49.916,-0.526,0,0.85,0,1,0,-0.85,0,-0.526],"_humanoidState":5,"_cameraCFrame":[762.662,252.579,46.611,-0.526,-0.748,0.405,0,0.477,0.879,-0.851,0.462,-0.251],"_shiftlockState":false,"_pose":"FreeFall","_animationQueue":[],"_animationSpeed":1,"_zoom":13.187},{"_mousePosition":[683,384],"_rootPartCFrame":[757.089,239.695,50.056,-0.526,0,0.85,0,1,0,-0.85,0,-0.526],"_humanoidState":5,"_cameraCFrame":[762.435,252.788,46.751,-0.526,-0.748,0.405,0,0.477,0.879,-0.851,0.462,-0.251],"_shiftlockState":false,"_pose":"FreeFall","_animationQueue":[],"_animationSpeed":1,"_zoom":13.187},{"_mousePosition":[683,384],"_rootPartCFrame":[756.862,239.849,50.196,-0.526,0,0.85,0,1,0,-0.85,0,-0.526],"_humanoidState":5,"_cameraCFrame":[762.165,252.927,46.77,-0.543,-0.737,0.402,0,0.479,0.878,-0.84,0.476,-0.26],"_shiftlockState":false,"_pose":"FreeFall","_animationQueue":[],"_animationSpeed":1,"_zoom":13.187},{"_mousePosition":[683,384],"_rootPartCFrame":[756.635,239.949,50.337,-0.526,0,0.85,0,1,0,-0.85,0,-0.526],"_humanoidState":5,"_cameraCFrame":[761.856,253.052,46.87,-0.553,-0.733,0.396,0,0.475,0.88,-0.833,0.487,-0.263],"_shiftlockState":false,"_pose":"FreeFall","_animationQueue":[],"_animationSpeed":1,"_zoom":13.187},{"_mousePosition":[683,384],"_rootPartCFrame":[756.411,239.995,50.481,-0.528,0,0.85,0,1,0,-0.85,0,-0.528],"_humanoidState":5,"_cameraCFrame":[761.597,253.118,47.029,-0.554,-0.734,0.393,0,0.472,0.881,-0.833,0.488,-0.262],"_shiftlockState":false,"_pose":"FreeFall","_animationQueue":[["fall",0.3]],"_animationSpeed":1,"_zoom":13.187},{"_mousePosition":[683,384],"_rootPartCFrame":[756.188,239.985,50.628,-0.531,0,0.848,0,1,0,-0.848,0,-0.531],"_humanoidState":5,"_cameraCFrame":[761.356,253.138,47.251,-0.547,-0.74,0.392,0,0.468,0.884,-0.837,0.483,-0.256],"_shiftlockState":false,"_pose":"FreeFall","_animationQueue":[],"_animationSpeed":1,"_zoom":13.187},{"_mousePosition":[683,384],"_rootPartCFrame":[756.066,240.509,50.709,-0.534,0,0.846,0,1,0,-0.846,0,-0.534],"_humanoidState":7,"_cameraCFrame":[761.236,253.687,47.423,-0.536,-0.747,0.392,0,0.465,0.886,-0.844,0.475,-0.249],"_shiftlockState":false,"_pose":"FreeFall","_animationQueue":[["walk",0.1],["fall",0.3],["fall",0.3]],"_animationSpeed":1,"_zoom":13.187},{"_mousePosition":[683,384],"_rootPartCFrame":[755.979,241.127,50.766,-0.536,0,0.844,0,1,0,-0.844,0,-0.536],"_humanoidState":7,"_cameraCFrame":[761.153,254.329,47.575,-0.525,-0.755,0.392,0,0.461,0.887,-0.851,0.466,-0.242],"_shiftlockState":false,"_pose":"FreeFall","_animationQueue":[],"_animationSpeed":1,"_zoom":13.187},{"_mousePosition":[683,384],"_rootPartCFrame":[755.911,241.43,50.809,-0.537,0,0.844,0,1,0,-0.844,0,-0.537],"_humanoidState":8,"_cameraCFrame":[761.1,254.657,47.735,-0.51,-0.765,0.394,0,0.457,0.889,-0.86,0.453,-0.233],"_shiftlockState":false,"_pose":"Running","_animationQueue":[["walk",0.1],["fall",0.3],["walk",0.1]],"_animationSpeed":0.434,"_zoom":13.187},{"_mousePosition":[683,384],"_rootPartCFrame":[755.832,241.671,50.858,-0.535,0,0.845,0,1,0,-0.845,0,-0.535],"_humanoidState":8,"_cameraCFrame":[761.049,254.922,47.928,-0.49,-0.777,0.396,0,0.454,0.891,-0.872,0.436,-0.222],"_shiftlockState":false,"_pose":"Running","_animationQueue":[["walk",0.1]],"_animationSpeed":0.322,"_zoom":13.187},{"_mousePosition":[683,384],"_rootPartCFrame":[755.74,241.913,50.913,-0.533,0,0.846,0,1,0,-0.846,0,-0.533],"_humanoidState":8,"_cameraCFrame":[761.005,255.188,48.169,-0.462,-0.792,0.399,0,0.45,0.893,-0.887,0.413,-0.208],"_shiftlockState":false,"_pose":"Running","_animationQueue":[["walk",0.1]],"_animationSpeed":0.394,"_zoom":13.187},{"_mousePosition":[683,384],"_rootPartCFrame":[755.636,242.152,50.972,-0.528,0,0.849,0,1,0,-0.849,0,-0.528],"_humanoidState":8,"_cameraCFrame":[760.989,255.465,48.584,-0.407,-0.818,0.406,0,0.444,0.896,-0.913,0.365,-0.181],"_shiftlockState":false,"_pose":"Running","_animationQueue":[["walk",0.1],["walk",0.1]],"_animationSpeed":0.449,"_zoom":13.187},{"_mousePosition":[683,384],"_rootPartCFrame":[755.532,242.365,51.026,-0.52,0,0.854,0,1,0,-0.854,0,-0.52],"_humanoidState":8,"_cameraCFrame":[761.036,255.72,49.278,-0.303,-0.857,0.417,0,0.438,0.899,-0.953,0.272,-0.133],"_shiftlockState":false,"_pose":"Running","_animationQueue":[["walk",0.1]],"_animationSpeed":0.5,"_zoom":13.187},{"_mousePosition":[683,384],"_rootPartCFrame":[755.414,242.523,51.08,-0.508,0,0.862,0,1,0,-0.862,0,-0.508],"_humanoidState":8,"_cameraCFrame":[760.987,255.934,50.092,-0.175,-0.889,0.423,0,0.429,0.903,-0.985,0.158,-0.075],"_shiftlockState":false,"_pose":"Running","_animationQueue":[],"_animationSpeed":0.5,"_zoom":13.187},{"_mousePosition":[683,384],"_rootPartCFrame":[755.278,242.629,51.126,-0.485,0,0.874,0,1,0,-0.874,0,-0.485],"_humanoidState":8,"_cameraCFrame":[760.773,256.116,51.197,0.013,-0.909,0.417,0,0.417,0.909,-1,-0.012,0.005],"_shiftlockState":false,"_pose":"Running","_animationQueue":[["walk",0.1]],"_animationSpeed":0.547,"_zoom":13.187},{"_mousePosition":[683,384],"_rootPartCFrame":[755.123,242.766,51.156,-0.451,0,0.893,0,1,0,-0.893,0,-0.451],"_humanoidState":8,"_cameraCFrame":[760.329,256.327,52.305,0.215,-0.893,0.395,0,0.404,0.915,-0.977,-0.197,0.087],"_shiftlockState":false,"_pose":"Running","_animationQueue":[["walk",0.1]],"_animationSpeed":0.602,"_zoom":13.187},{"_mousePosition":[683,384],"_rootPartCFrame":[754.965,242.874,51.159,-0.399,0,0.917,0,1,0,-0.917,0,-0.399],"_humanoidState":8,"_cameraCFrame":[759.664,256.531,53.166,0.393,-0.848,0.356,0,0.387,0.922,-0.92,-0.362,0.152],"_shiftlockState":false,"_pose":"Running","_animationQueue":[["walk",0.1]],"_animationSpeed":0.661,"_zoom":13.187},{"_mousePosition":[683,384],"_rootPartCFrame":[754.784,242.958,51.086,-0.306,0,0.952,0,1,0,-0.952,0,-0.306],"_humanoidState":8,"_cameraCFrame":[759.508,256.631,52.925,0.363,-0.86,0.358,0,0.384,0.923,-0.932,-0.335,0.139],"_shiftlockState":false,"_pose":"Running","_animationQueue":[["walk",0.1]],"_animationSpeed":0.661,"_zoom":13.187},{"_mousePosition":[683,384],"_rootPartCFrame":[754.589,243.078,51.002,-0.213,0,0.977,0,1,0,-0.977,0,-0.213],"_humanoidState":8,"_cameraCFrame":[759.336,256.772,52.636,0.325,-0.874,0.36,0,0.381,0.925,-0.946,-0.301,0.124],"_shiftlockState":false,"_pose":"Running","_animationQueue":[["walk",0.1]],"_animationSpeed":0.843,"_zoom":13.187},{"_mousePosition":[683,384],"_rootPartCFrame":[754.385,243.214,50.922,-0.13,0,0.991,0,1,0,-0.991,0,-0.13],"_humanoidState":8,"_cameraCFrame":[759.141,256.932,52.339,0.286,-0.888,0.361,0,0.376,0.927,-0.958,-0.265,0.107],"_shiftlockState":false,"_pose":"Running","_animationQueue":[],"_animationSpeed":0.843,"_zoom":13.187},{"_mousePosition":[683,384],"_rootPartCFrame":[754.173,243.357,50.848,-0.063,0,0.998,0,1,0,-0.998,0,-0.063],"_humanoidState":8,"_cameraCFrame":[758.905,257.103,52.092,0.254,-0.898,0.359,0,0.371,0.929,-0.967,-0.236,0.094],"_shiftlockState":false,"_pose":"Running","_animationQueue":[["walk",0.1]],"_animationSpeed":0.909,"_zoom":13.187},{"_mousePosition":[683,384],"_rootPartCFrame":[753.953,243.502,50.781,-0.011,0,1,0,1,0,-1,0,-0.011],"_humanoidState":8,"_cameraCFrame":[758.664,257.271,51.862,0.224,-0.907,0.357,0,0.367,0.93,-0.975,-0.208,0.082],"_shiftlockState":false,"_pose":"Running","_animationQueue":[],"_animationSpeed":0.909,"_zoom":13.187},{"_mousePosition":[683,384],"_rootPartCFrame":[753.669,243.674,50.705,0.038,0,0.999,0,1,0,-0.999,0,0.038],"_humanoidState":8,"_cameraCFrame":[758.377,257.447,51.754,0.218,-0.908,0.357,0,0.366,0.931,-0.976,-0.203,0.08],"_shiftlockState":false,"_pose":"Running","_animationQueue":[],"_animationSpeed":0.909,"_zoom":13.187},{"_mousePosition":[683,384],"_rootPartCFrame":[753.521,243.773,50.732,0.011,0,1,0,1,0,-1,0,0.011],"_humanoidState":8,"_cameraCFrame":[758.211,257.55,51.814,0.225,-0.907,0.356,0,0.365,0.931,-0.974,-0.209,0.082],"_shiftlockState":false,"_pose":"Running","_animationQueue":[["walk",0.1],["walk",0.1]],"_animationSpeed":0.977,"_zoom":13.187},{"_mousePosition":[683,384],"_rootPartCFrame":[753.342,243.908,50.84,-0.06,0,0.998,0,1,0,-0.998,0,-0.06],"_humanoidState":8,"_cameraCFrame":[757.993,257.685,52.084,0.258,-0.899,0.353,0,0.365,0.931,-0.966,-0.24,0.094],"_shiftlockState":false,"_pose":"Running","_animationQueue":[["walk",0.1]],"_animationSpeed":0.829,"_zoom":13.187},{"_mousePosition":[683,384],"_rootPartCFrame":[753.158,244.049,50.956,-0.129,0,0.992,0,1,0,-0.992,0,-0.129],"_humanoidState":8,"_cameraCFrame":[757.726,257.815,52.566,0.332,-0.877,0.346,0,0.367,0.93,-0.943,-0.309,0.122],"_shiftlockState":false,"_pose":"Running","_animationQueue":[["walk",0.1]],"_animationSpeed":0.871,"_zoom":13.187},{"_mousePosition":[683,384],"_rootPartCFrame":[753.059,244.193,51.145,-0.256,0,0.967,0,1,0,-0.967,0,-0.256],"_humanoidState":8,"_cameraCFrame":[757.462,257.951,53.209,0.424,-0.842,0.334,0,0.369,0.93,-0.905,-0.394,0.156],"_shiftlockState":false,"_pose":"Running","_animationQueue":[],"_animationSpeed":0.871,"_zoom":13.187},{"_mousePosition":[683,384],"_rootPartCFrame":[752.982,244.332,51.366,-0.383,0,0.924,0,1,0,-0.924,0,-0.383],"_humanoidState":8,"_cameraCFrame":[757.13,258.085,53.923,0.525,-0.791,0.315,0,0.37,0.929,-0.851,-0.488,0.194],"_shiftlockState":false,"_pose":"Running","_animationQueue":[["walk",0.1]],"_animationSpeed":0.939,"_zoom":13.187},{"_mousePosition":[683,384],"_rootPartCFrame":[752.884,244.462,51.583,-0.481,0,0.877,0,1,0,-0.877,0,-0.481],"_humanoidState":8,"_cameraCFrame":[756.661,258.224,54.632,0.628,-0.724,0.286,0,0.368,0.93,-0.778,-0.584,0.231],"_shiftlockState":false,"_pose":"Running","_animationQueue":[],"_animationSpeed":0.939,"_zoom":13.187},{"_mousePosition":[683,384],"_rootPartCFrame":[752.838,244.581,51.683,-0.509,0,0.861,0,1,0,-0.861,0,-0.509],"_humanoidState":8,"_cameraCFrame":[756.296,258.37,54.989,0.691,-0.674,0.262,0,0.363,0.932,-0.723,-0.644,0.251],"_shiftlockState":false,"_pose":"Running","_animationQueue":[["walk",0.1],["walk",0.1]],"_animationSpeed":0.989,"_zoom":13.187},{"_mousePosition":[683,384],"_rootPartCFrame":[752.836,244.67,51.688,-0.512,0,0.859,0,1,0,-0.859,0,-0.512],"_humanoidState":8,"_cameraCFrame":[755.996,258.489,55.172,0.741,-0.628,0.24,0,0.357,0.934,-0.672,-0.692,0.264],"_shiftlockState":false,"_pose":"Running","_animationQueue":[["walk",0.1]],"_animationSpeed":0.137,"_zoom":13.187},{"_mousePosition":[683,384],"_rootPartCFrame":[752.924,244.72,51.595,-0.27,0,0.963,0,1,0,-0.963,0,-0.27],"_humanoidState":8,"_cameraCFrame":[755.918,258.554,55.172,0.767,-0.6,0.227,0,0.354,0.935,-0.642,-0.717,0.271],"_shiftlockState":false,"_pose":"Standing","_animationQueue":[["idle",0.1]],"_animationSpeed":1,"_zoom":13.187},{"_mousePosition":[683,384],"_rootPartCFrame":[753.098,244.721,51.435,0.077,0,0.997,0,1,0,-0.997,0,0.077],"_humanoidState":8,"_cameraCFrame":[755.963,258.566,55.078,0.786,-0.579,0.217,0,0.351,0.936,-0.618,-0.736,0.276],"_shiftlockState":false,"_pose":"Running","_animationQueue":[["walk",0.1]],"_animationSpeed":0.85,"_zoom":13.187},{"_mousePosition":[683,384],"_rootPartCFrame":[753.278,244.667,51.282,0.394,0,0.919,0,1,0,-0.919,0,0.394],"_humanoidState":8,"_cameraCFrame":[756.041,258.524,54.966,0.8,-0.562,0.21,0,0.349,0.937,-0.6,-0.75,0.279],"_shiftlockState":false,"_pose":"Running","_animationQueue":[["walk",0.1]],"_animationSpeed":0.996,"_zoom":13.187},{"_mousePosition":[683,384],"_rootPartCFrame":[753.457,244.556,51.14,0.638,0,0.77,0,1,0,-0.77,0,0.638],"_humanoidState":8,"_cameraCFrame":[756.158,258.42,54.845,0.808,-0.552,0.205,0,0.348,0.938,-0.589,-0.758,0.281],"_shiftlockState":false,"_pose":"Running","_animationQueue":[],"_animationSpeed":0.996,"_zoom":13.187},{"_mousePosition":[683,384],"_rootPartCFrame":[753.635,244.386,51.006,0.806,0,0.592,0,1,0,-0.592,0,0.806],"_humanoidState":8,"_cameraCFrame":[756.316,258.251,54.726,0.811,-0.548,0.203,0,0.348,0.938,-0.585,-0.761,0.282],"_shiftlockState":false,"_pose":"Running","_animationQueue":[],"_animationSpeed":0.996,"_zoom":13.187},{"_mousePosition":[683,384],"_rootPartCFrame":[753.807,244.162,50.88,0.913,0,0.409,0,1,0,-0.409,0,0.913],"_humanoidState":8,"_cameraCFrame":[756.477,258.027,54.608,0.813,-0.546,0.202,0,0.348,0.938,-0.582,-0.762,0.283],"_shiftlockState":false,"_pose":"Running","_animationQueue":[["walk",0.1],["walk",0.1]],"_animationSpeed":0.916,"_zoom":13.187},{"_mousePosition":[683,384],"_rootPartCFrame":[753.974,243.884,50.76,0.972,0,0.234,0,1,0,-0.234,0,0.972],"_humanoidState":8,"_cameraCFrame":[756.637,257.737,54.529,0.817,-0.541,0.202,0,0.35,0.937,-0.577,-0.765,0.286],"_shiftlockState":false,"_pose":"Running","_animationQueue":[],"_animationSpeed":0.916,"_zoom":13.187},{"_mousePosition":[683,384],"_rootPartCFrame":[754.133,243.683,50.646,0.997,0,0.076,0,1,0,-0.076,0,0.997],"_humanoidState":8,"_cameraCFrame":[756.784,257.521,54.472,0.822,-0.533,0.201,0,0.353,0.936,-0.569,-0.769,0.29],"_shiftlockState":false,"_pose":"Running","_animationQueue":[["walk",0.1]],"_animationSpeed":0.847,"_zoom":13.187},{"_mousePosition":[683,384],"_rootPartCFrame":[754.285,243.559,50.538,0.998,0,-0.064,0,1,0,0.064,0,0.998],"_humanoidState":8,"_cameraCFrame":[756.916,257.386,54.414,0.827,-0.525,0.2,0,0.355,0.935,-0.562,-0.773,0.294],"_shiftlockState":false,"_pose":"Running","_animationQueue":[],"_animationSpeed":0.847,"_zoom":13.187},{"_mousePosition":[683,384],"_rootPartCFrame":[754.437,244.422,50.431,0.98,0,-0.2,0,1,0,0.2,0,0.98],"_humanoidState":3,"_cameraCFrame":[757.058,258.242,54.337,0.83,-0.521,0.199,0,0.357,0.934,-0.557,-0.776,0.296],"_shiftlockState":false,"_pose":"Jumping","_animationQueue":[["walk",0.1],["jump",0.1]],"_animationSpeed":1,"_zoom":13.187},{"_mousePosition":[683,384],"_rootPartCFrame":[754.609,245.231,50.311,0.951,0,-0.31,0,1,0,0.31,0,0.951],"_humanoidState":5,"_cameraCFrame":[757.232,259.046,54.228,0.831,-0.52,0.199,0,0.358,0.934,-0.556,-0.776,0.297],"_shiftlockState":false,"_pose":"FreeFall","_animationQueue":[["jump",0.1]],"_animationSpeed":1,"_zoom":13.187},{"_mousePosition":[683,384],"_rootPartCFrame":[754.815,245.985,50.171,0.917,0,-0.398,0,1,0,0.398,0,0.917],"_humanoidState":5,"_cameraCFrame":[757.44,259.