[{"_mousePosition":[1250,364],"_rootPartCFrame":[776.023,222.963,47.142,0.003,0.005,1,0,1,-0.005,-1,0,0.003],"_humanoidState":8,"_cameraCFrame":[777.817,231.222,39.784,-0.972,-0.157,0.176,0,0.746,0.666,-0.236,0.647,-0.725],"_shiftlockState":false,"_pose":"Standing","_animationQueue":[],"_animationSpeed":1,"_zoom":10.15},{"_mousePosition":[1250,364],"_rootPartCFrame":[775.855,222.874,47.101,0.026,0.002,1,0,1,-0.002,-1,0,0.026],"_humanoidState":8,"_cameraCFrame":[777.644,231.134,39.743,-0.972,-0.157,0.176,0,0.746,0.666,-0.236,0.647,-0.725],"_shiftlockState":false,"_pose":"Standing","_animationQueue":[],"_animationSpeed":1,"_zoom":10.15},{"_mousePosition":[1250,364],"_rootPartCFrame":[775.599,222.725,47.039,0.055,0,0.999,0,1,0,-0.999,0,0.055],"_humanoidState":8,"_cameraCFrame":[777.385,230.984,39.681,-0.972,-0.157,0.176,0,0.746,0.666,-0.236,0.647,-0.725],"_shiftlockState":false,"_pose":"Running","_animationQueue":[["walk",0.1]],"_animationSpeed":1.005,"_zoom":10.15},{"_mousePosition":[1250,364],"_rootPartCFrame":[775.34,222.612,46.976,0.079,0,0.997,0,1,0,-0.997,0,0.079],"_humanoidState":8,"_cameraCFrame":[777.126,230.872,39.618,-0.972,-0.157,0.176,0,0.746,0.666,-0.236,0.647,-0.725],"_shiftlockState":false,"_pose":"Running","_animationQueue":[["walk",0.1]],"_animationSpeed":1.099,"_zoom":10.15},{"_mousePosition":[1250,364],"_rootPartCFrame":[775.081,222.637,46.913,0.101,0,0.995,0,1,0,-0.995,0,0.101],"_humanoidState":8,"_cameraCFrame":[776.867,230.896,39.555,-0.972,-0.157,0.176,0,0.746,0.666,-0.236,0.647,-0.725],"_shiftlockState":false,"_pose":"Running","_animationQueue":[],"_animationSpeed":1.099,"_zoom":10.15},{"_mousePosition":[1231,367],"_rootPartCFrame":[774.822,222.663,46.85,0.119,0,0.993,0,1,0,-0.993,0,0.119],"_humanoidState":8,"_cameraCFrame":[776.608,230.923,39.492,-0.972,-0.157,0.176,0,0.746,0.666,-0.236,0.647,-0.725],"_shiftlockState":false,"_pose":"Running","_animationQueue":[],"_animationSpeed":1.099,"_zoom":10.15},{"_mousePosition":[1216,364],"_rootPartCFrame":[774.562,222.68,46.787,0.135,0,0.991,0,1,0,-0.991,0,0.135],"_humanoidState":8,"_cameraCFrame":[776.349,230.939,39.429,-0.972,-0.157,0.176,0,0.746,0.666,-0.236,0.647,-0.725],"_shiftlockState":false,"_pose":"Running","_animationQueue":[],"_animationSpeed":1.099,"_zoom":10.15},{"_mousePosition":[1204,365],"_rootPartCFrame":[774.174,222.692,46.693,0.156,0,0.988,0,1,0,-0.988,0,0.156],"_humanoidState":8,"_cameraCFrame":[775.96,230.951,39.335,-0.972,-0.157,0.176,0,0.746,0.666,-0.236,0.647,-0.725],"_shiftlockState":false,"_pose":"Running","_animationQueue":[["walk",0.1]],"_animationSpeed":1.099,"_zoom":10.15},{"_mousePosition":[1191,372],"_rootPartCFrame":[774.044,222.694,46.662,0.161,0,0.987,0,1,0,-0.987,0,0.161],"_humanoidState":8,"_cameraCFrame":[775.83,230.953,39.303,-0.972,-0.157,0.176,0,0.746,0.666,-0.236,0.647,-0.725],"_shiftlockState":false,"_pose":"Running","_animationQueue":[],"_animationSpeed":1.099,"_zoom":10.15},{"_mousePosition":[1186,383],"_rootPartCFrame":[773.785,222.697,46.599,0.171,0,0.985,0,1,0,-0.985,0,0.171],"_humanoidState":8,"_cameraCFrame":[775.571,230.956,39.24,-0.972,-0.157,0.176,0,0.746,0.666,-0.236,0.647,-0.725],"_shiftlockState":false,"_pose":"Running","_animationQueue":[],"_animationSpeed":1.099,"_zoom":10.15},{"_mousePosition":[1180,399],"_rootPartCFrame":[773.526,222.698,46.536,0.18,0,0.984,0,1,0,-0.984,0,0.18],"_humanoidState":8,"_cameraCFrame":[775.312,230.957,39.178,-0.972,-0.157,0.176,0,0.746,0.666,-0.236,0.647,-0.725],"_shiftlockState":false,"_pose":"Running","_animationQueue":[],"_animationSpeed":1.099,"_zoom":10.15},{"_mousePosition":[1174,417],"_rootPartCFrame":[773.267,222.699,46.473,0.188,0,0.982,0,1,0,-0.982,0,0.188],"_humanoidState":8,"_cameraCFrame":[775.053,230.958,39.115,-0.972,-0.157,0.176,0,0.746,0.666,-0.236,0.647,-0.725],"_shiftlockState":false,"_pose":"Running","_animationQueue":[],"_animationSpeed":1.099,"_zoom":10.15},{"_mousePosition":[1170,433],"_rootPartCFrame":[773.007,222.699,46.41,0.194,0,0.981,0,1,0,-0.981,0,0.194],"_humanoidState":8,"_cameraCFrame":[773.093,230.959,38.639,-0.972,-0.157,0.176,0,0.746,0.666,-0.236,0.647,-0.725],"_shiftlockState":true,"_pose":"Running","_animationQueue":[],"_animationSpeed":1.099,"_zoom":10.15},{"_mousePosition":[683,384],"_rootPartCFrame":[772.684,222.699,46.331,-0.989,0,0.146,0,1,0,-0.146,0,-0.989],"_humanoidState":8,"_cameraCFrame":[772.769,230.959,38.56,-0.972,-0.157,0.176,0,0.746,0.666,-0.236,0.647,-0.725],"_shiftlockState":true,"_pose":"Running","_animationQueue":[],"_animationSpeed":1.099,"_zoom":10.15},{"_mousePosition":[683,384],"_rootPartCFrame":[772.425,222.7,46.268,-0.978,0,0.207,0,1,0,-0.207,0,-0.978],"_humanoidState":8,"_cameraCFrame":[772.443,231.122,38.642,-0.973,-0.158,0.17,0,0.731,0.682,-0.232,0.663,-0.711],"_shiftlockState":true,"_pose":"Running","_animationQueue":[["walk",0.1]],"_animationSpeed":1.099,"_zoom":10.15},{"_mousePosition":[683,384],"_rootPartCFrame":[772.166,222.7,46.205,-0.974,0,0.229,0,1,0,-0.229,0,-0.974],"_humanoidState":8,"_cameraCFrame":[772.14,231.253,38.7,-0.973,-0.16,0.165,0,0.719,0.695,-0.23,0.676,-0.7],"_shiftlockState":true,"_pose":"Running","_animationQueue":[],"_animationSpeed":1.099,"_zoom":10.15},{"_mousePosition":[683,384],"_rootPartCFrame":[771.906,222.7,46.143,-0.973,0,0.229,0,1,0,-0.229,0,-0.973],"_humanoidState":8,"_cameraCFrame":[771.851,231.381,38.761,-0.973,-0.163,0.162,0,0.707,0.708,-0.23,0.689,-0.688],"_shiftlockState":true,"_pose":"Running","_animationQueue":[],"_animationSpeed":1.099,"_zoom":10.15},{"_mousePosition":[683,384],"_rootPartCFrame":[771.647,222.7,46.082,-0.973,0,0.23,0,1,0,-0.23,0,-0.973],"_humanoidState":8,"_cameraCFrame":[771.57,231.507,38.824,-0.973,-0.166,0.16,0,0.694,0.72,-0.231,0.701,-0.675],"_shiftlockState":true,"_pose":"Running","_animationQueue":[],"_animationSpeed":1.099,"_zoom":10.15},{"_mousePosition":[683,384],"_rootPartCFrame":[771.387,222.7,46.021,-0.973,0,0.231,0,1,0,-0.231,0,-0.973],"_humanoidState":8,"_cameraCFrame":[771.297,231.653,38.913,-0.972,-0.172,0.159,0,0.679,0.734,-0.234,0.714,-0.66],"_shiftlockState":true,"_pose":"Running","_animationQueue":[],"_animationSpeed":1.099,"_zoom":10.15},{"_mousePosition":[683,384],"_rootPartCFrame":[771.193,222.7,45.975,-0.972,0,0.234,0,1,0,-0.234,0,-0.972],"_humanoidState":8,"_cameraCFrame":[771.082,231.818,39.044,-0.972,-0.178,0.157,0,0.661,0.751,-0.237,0.729,-0.642],"_shiftlockState":true,"_pose":"Running","_animationQueue":[],"_animationSpeed":1.099,"_zoom":10.15},{"_mousePosition":[683,384],"_rootPartCFrame":[770.869,222.7,45.897,-0.972,0,0.237,0,1,0,-0.237,0,-0.972],"_humanoidState":8,"_cameraCFrame":[770.729,231.973,39.141,-0.971,-0.183,0.154,0,0.643,0.766,-0.239,0.744,-0.624],"_shiftlockState":true,"_pose":"Running","_animationQueue":[["walk",0.1]],"_animationSpeed":1.099,"_zoom":10.15},{"_mousePosition":[683,384],"_rootPartCFrame":[770.609,222.7,45.834,-0.971,0,0.239,0,1,0,-0.239,0,-0.971],"_humanoidState":8,"_cameraCFrame":[770.438,232.128,39.262,-0.971,-0.188,0.15,0,0.624,0.781,-0.241,0.758,-0.606],"_shiftlockState":true,"_pose":"Running","_animationQueue":[],"_animationSpeed":1.099,"_zoom":10.15},{"_mousePosition":[683,384],"_rootPartCFrame":[770.35,222.7,45.77,-0.971,0,0.241,0,1,0,-0.241,0,-0.971],"_humanoidState":8,"_cameraCFrame":[770.146,232.259,39.36,-0.97,-0.192,0.147,0,0.608,0.794,-0.242,0.77,-0.59],"_shiftlockState":true,"_pose":"Running","_animationQueue":[],"_animationSpeed":1.099,"_zoom":10.15},{"_mousePosition":[683,384],"_rootPartCFrame":[770.092,222.7,45.706,-0.97,0,0.242,0,1,0,-0.242,0,-0.97],"_humanoidState":8,"_cameraCFrame":[769.859,232.387,39.461,-0.97,-0.197,0.144,0,0.591,0.807,-0.244,0.782,-0.573],"_shiftlockState":true,"_pose":"Running","_animationQueue":[],"_animationSpeed":1.099,"_zoom":10.15},{"_mousePosition":[683,384],"_rootPartCFrame":[769.898,222.679,45.658,-0.97,0,0.244,0,1,0,-0.244,0,-0.97],"_humanoidState":8,"_cameraCFrame":[769.649,232.486,39.573,-0.969,-0.203,0.143,0,0.575,0.818,-0.248,0.793,-0.557],"_shiftlockState":true,"_pose":"Running","_animationQueue":[],"_animationSpeed":1.099,"_zoom":10.15},{"_mousePosition":[683,384],"_rootPartCFrame":[769.574,223.763,45.577,-0.969,0,0.248,0,1,0,-0.248,0,-0.969],"_humanoidState":3,"_cameraCFrame":[769.319,233.658,39.615,-0.968,-0.209,0.142,0,0.562,0.827,-0.252,0.8,-0.544],"_shiftlockState":true,"_pose":"Jumping","_animationQueue":[["walk",0.1],["jump",0.1]],"_animationSpeed":1,"_zoom":10.15},{"_mousePosition":[683,384],"_rootPartCFrame":[769.316,224.571,45.512,-0.94,0,0.34,0,1,0,-0.34,0,-0.94],"_humanoidState":5,"_cameraCFrame":[769.055,234.562,39.686,-0.966,-0.215,0.141,0,0.548,0.836,-0.257,0.808,-0.53],"_shiftlockState":true,"_pose":"FreeFall","_animationQueue":[["jump",0.1]],"_animationSpeed":1,"_zoom":10.15},{"_mousePosition":[683,384],"_rootPartCFrame":[769.058,225.325,45.444,-0.925,0,0.379,0,1,0,-0.379,0,-0.925],"_humanoidState":5,"_cameraCFrame":[768.803,235.378,39.711,-0.965,-0.221,0.141,0,0.539,0.843,-0.262,0.813,-0.52],"_shiftlockState":true,"_pose":"FreeFall","_animationQueue":[],"_animationSpeed":1,"_zoom":10.15},{"_mousePosition":[683,384],"_rootPartCFrame":[768.864,225.855,45.393,-0.934,0,0.357,0,1,0,-0.357,0,-0.934],"_humanoidState":5,"_cameraCFrame":[768.615,235.951,39.725,-0.964,-0.226,0.142,0,0.532,0.847,-0.266,0.816,-0.513],"_shiftlockState":true,"_pose":"FreeFall","_animationQueue":[],"_animationSpeed":1,"_zoom":10.15},{"_mousePosition":[683,384],"_rootPartCFrame":[768.543,226.67,45.306,-0.906,0,0.422,0,1,0,-0.422,0,-0.906],"_humanoidState":5,"_cameraCFrame":[768.304,236.796,39.684,-0.963,-0.23,0.142,0,0.527,0.85,-0.27,0.818,-0.507],"_shiftlockState":true,"_pose":"FreeFall","_animationQueue":[],"_animationSpeed":1,"_zoom":10.15},{"_mousePosition":[683,384],"_rootPartCFrame":[768.286,227.26,45.235,-0.918,0,0.396,0,1,0,-0.396,0,-0.918],"_humanoidState":5,"_cameraCFrame":[768.049,237.408,39.646,-0.962,-0.232,0.143,0,0.523,0.852,-0.272,0.82,-0.504],"_shiftlockState":true,"_pose":"FreeFall","_animationQueue":[],"_animationSpeed":1,"_zoom":10.15},{"_mousePosition":[683,384],"_rootPartCFrame":[768.093,227.667,45.181,-0.93,0,0.367,0,1,0,-0.367,0,-0.93],"_humanoidState":5,"_cameraCFrame":[767.854,237.832,39.619,-0.962,-0.233,0.142,0,0.521,0.854,-0.273,0.821,-0.501],"_shiftlockState":true,"_pose":"FreeFall","_animationQueue":[],"_animationSpeed":1,"_zoom":10.15},{"_mousePosition":[683,384],"_rootPartCFrame":[767.772,228.277,45.091,-0.903,0,0.429,0,1,0,-0.429,0,-0.903],"_humanoidState":5,"_cameraCFrame":[767.516,238.468,39.569,-0.962,-0.233,0.141,0,0.517,0.856,-0.272,0.824,-0.497],"_shiftlockState":true,"_pose":"FreeFall","_animationQueue":[],"_animationSpeed":1,"_zoom":10.15},{"_mousePosition":[683,384],"_rootPartCFrame":[767.516,228.704,45.018,-0.917,0,0.398,0,1,0,-0.398,0,-0.917],"_humanoidState":5,"_cameraCFrame":[767.193,238.928,39.553,-0.965,-0.226,0.135,0,0.511,0.86,-0.263,0.829,-0.493],"_shiftlockState":true,"_pose":"FreeFall","_animationQueue":[],"_animationSpeed":1,"_zoom":10.15},{"_mousePosition":[683,384],"_rootPartCFrame":[767.259,229.076,44.945,-0.921,0,0.389,0,1,0,-0.389,0,-0.921],"_humanoidState":5,"_cameraCFrame":[766.848,239.334,39.539,-0.968,-0.216,0.126,0,0.506,0.863,-0.25,0.835,-0.489],"_shiftlockState":true,"_pose":"FreeFall","_animationQueue":[],"_animationSpeed":1,"_zoom":10.15},{"_mousePosition":[683,384],"_rootPartCFrame":[767.002,229.394,44.874,-0.926,0,0.377,0,1,0,-0.377,0,-0.926],"_humanoidState":5,"_cameraCFrame":[766.465,239.685,39.534,-0.973,-0.199,0.115,0,0.5,0.866,-0.23,0.843,-0.487],"_shiftlockState":true,"_pose":"FreeFall","_animationQueue":[],"_animationSpeed":1,"_zoom":10.15},{"_mousePosition":[683,384],"_rootPartCFrame":[766.744,229.658,44.807,-0.934,0,0.357,0,1,0,-0.357,0,-0.934],"_humanoidState":5,"_cameraCFrame":[766.101,239.977,39.525,-0.977,-0.185,0.105,0,0.495,0.869,-0.212,0.849,-0.484],"_shiftlockState":true,"_pose":"FreeFall","_animationQueue":[],"_animationSpeed":1,"_zoom":10.15},{"_mousePosition":[683,384],"_rootPartCFrame":[766.484,229.867,44.745,-0.94,0,0.34,0,1,0,-0.34,0,-0.94],"_humanoidState":5,"_cameraCFrame":[765.753,240.202,39.502,-0.98,-0.172,0.097,0,0.492,0.87,-0.197,0.853,-0.483],"_shiftlockState":true,"_pose":"FreeFall","_animationQueue":[],"_animationSpeed":1,"_zoom":10.15},{"_mousePosition":[683,384],"_rootPartCFrame":[766.224,230.021,44.688,-0.946,0,0.326,0,1,0,-0.326,0,-0.946],"_humanoidState":5,"_cameraCFrame":[765.416,240.372,39.483,-0.983,-0.16,0.09,0,0.489,0.872,-0.184,0.857,-0.481],"_shiftlockState":true,"_pose":"FreeFall","_animationQueue":[],"_animationSpeed":1,"_zoom":10.15},{"_mousePosition":[683,384],"_rootPartCFrame":[766.028,230.101,44.648,-0.96,0,0.281,0,1,0,-0.281,0,-0.96],"_humanoidState":5,"_cameraCFrame":[765.147,240.46,39.469,-0.985,-0.149,0.083,0,0.488,0.873,-0.17,0.86,-0.481],"_shiftlockState":true,"_pose":"FreeFall","_animationQueue":[],"_animationSpeed":1,"_zoom":10.15},{"_mousePosition":[683,384],"_rootPartCFrame":[765.766,230.16,44.598,-0.954,0,0.3,0,1,0,-0.3,0,-0.954],"_humanoidState":5,"_cameraCFrame":[764.796,240.527,39.449,-0.988,-0.134,0.075,0,0.487,0.874,-0.154,0.863,-0.481],"_shiftlockState":true,"_pose":"FreeFall","_animationQueue":[],"_animationSpeed":1,"_zoom":10.15},{"_mousePosition":[683,384],"_rootPartCFrame":[765.438,230.157,44.541,-0.949,0,0.315,0,1,0,-0.315,0,-0.949],"_humanoidState":5,"_cameraCFrame":[764.387,240.524,39.407,-0.99,-0.121,0.067,0,0.487,0.874,-0.138,0.865,-0.482],"_shiftlockState":true,"_pose":"FreeFall","_animationQueue":[["fall",0.3]],"_animationSpeed":1,"_zoom":10.15},{"_mousePosition":[683,384],"_rootPartCFrame":[765.174,230.094,44.499,-0.963,0,0.269,0,1,0,-0.269,0,-0.963],"_humanoidState":5,"_cameraCFrame":[764.026,240.465,39.394,-0.993,-0.104,0.058,0,0.486,0.874,-0.12,0.868,-0.482],"_shiftlockState":true,"_pose":"FreeFall","_animationQueue":[],"_animationSpeed":1,"_zoom":10.15},{"_mousePosition":[683,384],"_rootPartCFrame":[764.917,229.976,44.482,-0.972,0,0.233,0,1,0,-0.233,0,-0.972],"_humanoidState":5,"_cameraCFrame":[763.684,240.347,39.396,-0.995,-0.09,0.05,0,0.486,0.874,-0.103,0.869,-0.483],"_shiftlockState":true,"_pose":"FreeFall","_animationQueue":[],"_animationSpeed":1,"_zoom":10.15},{"_mousePosition":[683,384],"_rootPartCFrame":[764.669,229.803,44.504,-0.978,0,0.209,0,1,0,-0.209,0,-0.978],"_humanoidState":5,"_cameraCFrame":[763.309,240.174,39.45,-0.997,-0.068,0.038,0,0.486,0.874,-0.078,0.871,-0.484],"_shiftlockState":true,"_pose":"FreeFall","_animationQueue":[],"_animationSpeed":1,"_zoom":10.15},{"_mousePosition":[683,384],"_rootPartCFrame":[764.491,229.638,44.545,-0.987,0,0.158,0,1,0,-0.158,0,-0.987],"_humanoidState":5,"_cameraCFrame":[762.983,239.997,39.512,-0.999,-0.042,0.024,0,0.488,0.873,-0.049,0.872,-0.487],"_shiftlockState":true,"_pose":"FreeFall","_animationQueue":[],"_animationSpeed":1,"_zoom":10.15},{"_mousePosition":[683,384],"_rootPartCFrame":[764.207,229.294,44.661,-0.983,0,0.183,0,1,0,-0.183,0,-0.983],"_humanoidState":5,"_cameraCFrame":[762.585,239.641,39.643,-1,-0.022,0.013,0,0.49,0.872,-0.026,0.871,-0.49],"_shiftlockState":true,"_pose":"FreeFall","_animationQueue":[],"_animationSpeed":1,"_zoom":10.15},{"_mousePosition":[683,384],"_rootPartCFrame":[764.046,229.047,44.759,-0.994,0,0.106,0,1,0,-0.106,0,-0.994],"_humanoidState":5,"_cameraCFrame":[762.335,239.374,39.735,-1,-0.007,0.004,0,0.494,0.87,-0.008,0.87,-0.494],"_shiftlockState":true,"_pose":"FreeFall","_animationQueue":[],"_animationSpeed":1,"_zoom":10.15},{"_mousePosition":[683,384],"_rootPartCFrame":[763.791,228.574,44.916,-0.994,0.001,0.109,-0.002,1,-0.028,-0.109,-0.028,-0.994],"_humanoidState":5,"_cameraCFrame":[762.024,238.872,39.82,-1,0.003,-0.002,0,0.499,0.867,0.004,0.867,-0.499],"_shiftlockState":true,"_pose":"FreeFall","_animationQueue":[["fall",0.3]],"_animationSpeed":1,"_zoom":10.15},{"_mousePosition":[683,384],"_rootPartCFrame":[763.585,228.156,44.972,-0.998,0,0.062,-0.003,0.999,-0.04,-0.062,-0.04,-0.997],"_humanoidState":5,"_cameraCFrame":[761.761,238.405,39.792,-1,0.012,-0.007,0,0.507,0.862,0.014,0.862,-0.507],"_shiftlockState":true,"_pose":"FreeFall","_animationQueue":[],"_animationSpeed":1,"_zoom":10.15},{"_mousePosition":[683,384],"_rootPartCFrame":[763.427,227.814,44.996,-1,-0.004,0.029,-0.005,0.999,-0.033,-0.029,-0.033,-0.999],"_humanoidState":5,"_cameraCFrame":[761.53,237.975,39.703,-1,0.023,-0.014,0,0.521,0.853,0.027,0.853,-0.521],"_shiftlockState":true,"_pose":"FreeFall","_animationQueue":[],"_animationSpeed":1,"_zoom":10.15},{"_mousePosition":[683,384],"_rootPartCFrame":[763.208,227.33,44.965,-0.999,-0.005,0.039,-0.006,1,-0.022,-0.039,-0.022,-0.999],"_humanoidState":5,"_cameraCFrame":[761.272,237.391,39.541,-0.999,0.028,-0.018,0,0.537,0.843,0.033,0.843,-0.537],"_shiftlockState":true,"_pose":"FreeFall","_animationQueue":[],"_animationSpeed":1,"_zoom":10.15},{"_mousePosition":[683,384],"_rootPartCFrame":[762.94,226.651,44.949,-0.997,-0.002,0.082,-0.003,1,-0.019,-0.081,-0.019,-0.996],"_humanoidState":5,"_cameraCFrame":[761.006,236.676,39.474,-0.999,0.028,-0.018,0,0.543,0.84,0.033,0.84,-0.542],"_shiftlockState":true,"_pose":"FreeFall","_animationQueue":[],"_animationSpeed":1,"_zoom":10.15},{"_mousePosition":[683,384],"_rootPartCFrame":[762.774,226.209,44.931,-0.999,-0.001,0.032,-0.002,1,-0.023,-0.032,-0.023,-0.999],"_humanoidState":5,"_cameraCFrame":[760.841,236.239,39.456,-0.999,0.028,-0.018,0,0.542,0.84,0.033,0.84,-0.542],"_shiftlockState":true,"_pose":"FreeFall","_animationQueue":[],"_animationSpeed":1,"_zoom":10.15},{"_mousePosition":[683,384],"_rootPartCFrame":[762.56,225.572,44.946,-0.998,-0.001,0.069,-0.002,1,-0.01,-0.069,-0.01,-0.998],"_humanoidState":5,"_cameraCFrame":[760.627,235.602,39.491,-0.999,0.028,-0.018,0,0.542,0.84,0.033,0.84,-0.542],"_shiftlockState":true,"_pose":"FreeFall","_animationQueue":[],"_animationSpeed":1,"_zoom":10.15},{"_mousePosition":[683,384],"_rootPartCFrame":[762.352,224.88,44.999,-0.997,-0.001,0.071,-0.001,1,-0.002,-0.071,-0.002,-0.997],"_humanoidState":5,"_cameraCFrame":[760.42,234.911,39.556,-0.999,0.028,-0.018,0,0.542,0.84,0.033,0.84,-0.542],"_shiftlockState":true,"_pose":"FreeFall","_animationQueue":[["fall",0.3]],"_animationSpeed":1,"_zoom":10.15},{"_mousePosition":[683,384],"_rootPartCFrame":[762.171,224.935,45.057,-1,0,-0.001,0,1,0,0.001,0,-1],"_humanoidState":12,"_cameraCFrame":[760.239,234.965,39.618,-0.999,0.028,-0.018,0,0.542,0.84,0.033,0.84,-0.542],"_shiftlockState":true,"_pose":"Climbing","_animationQueue":[["walk",0.1],["fall",0.3],["climb",0.1],["climb",0]],"_animationSpeed":-3.56,"_zoom":10.15},{"_mousePosition":[683,384],"_rootPartCFrame":[762.027,225.119,45.103,-1,0,-0.029,0,1,0,0.029,0,-1],"_humanoidState":12,"_cameraCFrame":[760.096,235.149,39.664,-0.999,0.028,-0.018,0,0.542,0.84,0.033,0.84,-0.542],"_shiftlockState":true,"_pose":"Climbing","_animationQueue":[["climb",0.1]],"_animationSpeed":0.844,"_zoom":10.15},{"_mousePosition":[683,384],"_rootPartCFrame":[761.92,225.305,45.136,-0.999,0,-0.033,0,1,0,0.033,0,-0.999],"_humanoidState":12,"_cameraCFrame":[759.99,235.336,39.697,-0.999,0.028,-0.018,0,0.542,0.84,0.033,0.84,-0.542],"_shiftlockState":true,"_pose":"Climbing","_animationQueue":[["climb",0.1]],"_animationSpeed":0.932,"_zoom":10.15},{"_mousePosition":[683,384],"_rootPartCFrame":[761.852,225.492,45.158,-0.999,0,-0.033,0,1,0,0.033,0,-0.999],"_humanoidState":12,"_cameraCFrame":[759.921,235.522,39.718,-0.999,0.028,-0.018,0,0.542,0.84,0.033,0.84,-0.542],"_shiftlockState":true,"_pose":"Climbing","_animationQueue":[],"_animationSpeed":0.932,"_zoom":10.15},{"_mousePosition":[683,384],"_rootPartCFrame":[761.822,225.679,45.168,-0.999,0,-0.033,0,1,0,0.033,0,-0.999],"_humanoidState":12,"_cameraCFrame":[759.891,235.709,39.728,-0.999,0.028,-0.018,0,0.542,0.84,0.033,0.84,-0.542],"_shiftlockState":true,"_pose":"Climbing","_animationQueue":[["climb",0]],"_animationSpeed":0.932,"_zoom":10.15},{"_mousePosition":[683,384],"_rootPartCFrame":[761.819,225.912,45.169,-0.999,0,-0.033,0,1,0,0.033,0,-0.999],"_humanoidState":12,"_cameraCFrame":[759.888,235.942,39.729,-0.999,0.028,-0.018,0,0.542,0.84,0.033,0.84,-0.542],"_shiftlockState":true,"_pose":"Climbing","_animationQueue":[],"_animationSpeed":0.932,"_zoom":10.15},{"_mousePosition":[683,384],"_rootPartCFrame":[761.819,226.052,45.169,-0.999,0,-0.033,0,1,0,0.033,0,-0.999],"_humanoidState":12,"_cameraCFrame":[759.888,236.082,39.729,-0.999,0.028,-0.018,0,0.542,0.84,0.033,0.84,-0.542],"_shiftlockState":true,"_pose":"Climbing","_animationQueue":[],"_animationSpeed":0.932,"_zoom":10.15},{"_mousePosition":[683,384],"_rootPartCFrame":[761.819,226.239,45.169,-0.999,0,-0.033,0,1,0,0.033,0,-0.999],"_humanoidState":12,"_cameraCFrame":[759.888,236.269,39.729,-0.999,0.028,-0.018,0,0.542,0.84,0.033,0.84,-0.542],"_shiftlockState":true,"_pose":"Climbing","_animationQueue":[],"_animationSpeed":0.932,"_zoom":10.15},{"_mousePosition":[683,384],"_rootPartCFrame":[761.819,226.425,45.169,-0.999,0,-0.033,0,1,0,0.033,0,-0.999],"_humanoidState":12,"_cameraCFrame":[759.888,236.456,39.729,-0.999,0.028,-0.018,0,0.542,0.84,0.033,0.84,-0.542],"_shiftlockState":true,"_pose":"Climbing","_animationQueue":[],"_animationSpeed":0.932,"_zoom":10.15},{"_mousePosition":[683,384],"_rootPartCFrame":[761.819,226.612,45.169,-0.999,0,-0.033,0,1,0,0.033,0,-0.999],"_humanoidState":12,"_cameraCFrame":[759.888,236.642,39.729,-0.999,0.028,-0.018,0,0.542,0.84,0.033,0.84,-0.542],"_shiftlockState":true,"_pose":"Climbing","_animationQueue":[],"_animationSpeed":0.932,"_zoom":10.15},{"_mousePosition":[683,384],"_rootPartCFrame":[761.819,226.799,45.169,-0.999,0,-0.033,0,1,0,0.033,0,-0.999],"_humanoidState":12,"_cameraCFrame":[759.888,236.829,39.729,-0.999,0.028,-0.018,0,0.542,0.84,0.033,0.84,-0.542],"_shiftlockState":true,"_pose":"Climbing","_animationQueue":[],"_animationSpeed":0.932,"_zoom":10.15},{"_mousePosition":[683,384],"_rootPartCFrame":[761.819,226.985,45.169,-0.999,0,-0.033,0,1,0,0.033,0,-0.999],"_humanoidState":12,"_cameraCFrame":[759.888,237.016,39.729,-0.999,0.028,-0.018,0,0.542,0.84,0.033,0.84,-0.542],"_shiftlockState":true,"_pose":"Climbing","_animationQueue":[],"_animationSpeed":0.932,"_zoom":10.15},{"_mousePosition":[683,384],"_rootPartCFrame":[761.819,227.172,45.169,-0.999,0,-0.033,0,1,0,0.033,0,-0.999],"_humanoidState":12,"_cameraCFrame":[759.888,237.207,39.736,-0.999,0.028,-0.018,0,0.541,0.841,0.033,0.84,-0.541],"_shiftlockState":true,"_pose":"Climbing","_animationQueue":[],"_animationSpeed":0.932,"_zoom":10.15},{"_mousePosition":[683,384],"_rootPartCFrame":[761.819,227.405,45.169,-0.999,0,-0.033,0,1,0,0.033,0,-0.999],"_humanoidState":12,"_cameraCFrame":[759.866,237.449,39.758,-0.999,0.031,-0.02,0,0.54,0.842,0.037,0.841,-0.54],"_shiftlockState":true,"_pose":"Climbing","_animationQueue":[],"_animationSpeed":0.932,"_zoom":10.15},{"_mousePosition":[683,384],"_rootPartCFrame":[761.819,227.545,45.169,-0.999,0,-0.037,0,1,0,0.037,0,-0.999],"_humanoidState":12,"_cameraCFrame":[759.849,237.593,39.771,-0.999,0.034,-0.022,0,0.539,0.842,0.04,0.841,-0.539],"_shiftlockState":true,"_pose":"Climbing","_animationQueue":[],"_animationSpeed":0.932,"_zoom":10.15},{"_mousePosition":[683,384],"_rootPartCFrame":[761.794,227.698,45.169,-0.999,0,-0.04,0,1,0,0.04,0,-0.999],"_humanoidState":8,"_cameraCFrame":[759.813,237.746,39.776,-0.999,0.036,-0.023,0,0.539,0.842,0.042,0.841,-0.539],"_shiftlockState":true,"_pose":"Standing","_animationQueue":[["climb",0.1],["idle",0.1],["idle",0.1]],"_animationSpeed":1,"_zoom":10.15},{"_mousePosition":[683,384],"_rootPartCFrame":[761.707,227.812,45.173,-0.997,0,0.081,0,1,0,-0.081,0,-0.997],"_humanoidState":5,"_cameraCFrame":[759.721,237.855,39.774,-0.999,0.037,-0.024,0,0.54,0.842,0.044,0.841,-0.539],"_shiftlockState":true,"_pose":"FreeFall","_animationQueue":[["walk",0.1],["fall",0.3]],"_animationSpeed":1,"_zoom":10.15},{"_mousePosition":[683,384],"_rootPartCFrame":[761.626,227.839,45.176,-0.999,0,0.054,0,1,0,-0.054,0,-0.999],"_humanoidState":5,"_cameraCFrame":[759.632,237.874,39.766,-0.999,0.037,-0.024,0,0.541,0.841,0.045,0.84,-0.541],"_shiftlockState":true,"_pose":"FreeFall","_animationQueue":[],"_animationSpeed":1,"_zoom":10.15},{"_mousePosition":[683,384],"_rootPartCFrame":[761.482,227.829,45.182,-0.996,0,0.088,0,1,0,-0.088,0,-0.996],"_humanoidState":5,"_cameraCFrame":[759.488,237.859,39.765,-0.999,0.037,-0.024,0,0.542,0.84,0.045,0.84,-0.541],"_shiftlockState":true,"_pose":"FreeFall","_animationQueue":[["fall",0.3]],"_animationSpeed":1,"_zoom":10.15},{"_mousePosition":[683,384],"_rootPartCFrame":[761.246,227.738,45.192,-0.993,0,0.122,0,1,0,-0.122,0,-0.993],"_humanoidState":5,"_cameraCFrame":[759.247,237.769,39.777,-0.999,0.038,-0.025,0,0.542,0.84,0.046,0.84,-0.541],"_shiftlockState":true,"_pose":"FreeFall","_animationQueue":[],"_animationSpeed":1,"_zoom":10.15},{"_mousePosition":[683,384],"_rootPartCFrame":[761.075,227.643,45.2,-0.999,0,0.054,0,1,0,-0.054,0,-0.999],"_humanoidState":5,"_cameraCFrame":[759.076,237.682,39.799,-0.999,0.038,-0.025,0,0.541,0.841,0.046,0.84,-0.54],"_shiftlockState":true,"_pose":"FreeFall","_animationQueue":[],"_animationSpeed":1,"_zoom":10.15},{"_mousePosition":[683,384],"_rootPartCFrame":[760.815,227.828,45.211,-1,0,-0.002,0,1,0,0.002,0,-1],"_humanoidState":12,"_cameraCFrame":[758.811,237.88,39.833,-0.999,0.039,-0.025,0,0.539,0.843,0.047,0.842,-0.538],"_shiftlockState":true,"_pose":"Climbing","_animationQueue":[["walk",0.1],["fall",0.3],["climb",0.1],["climb",0]],"_animationSpeed":-0.702,"_zoom":10.15},{"_mousePosition":[683,384],"_rootPartCFrame":[760.601,227.978,45.221,-0.999,0,-0.044,0,1,0,0.044,0,-0.999],"_humanoidState":8,"_cameraCFrame":[758.593,238.044,39.865,-0.999,0.04,-0.026,0,0.536,0.844,0.048,0.843,-0.536],"_shiftlockState":true,"_pose":"Running","_animationQueue":[["walk",0.1],["walk",0.1]],"_animationSpeed":0.781,"_zoom":10.15},{"_mousePosition":[683,384],"_rootPartCFrame":[760.349,228.074,45.232,-0.999,0,0.045,0,1,0,-0.045,0,-0.999],"_humanoidState":5,"_cameraCFrame":[758.332,238.157,39.909,-0.999,0.042,-0.027,0,0.534,0.846,0.05,0.845,-0.533],"_shiftlockState":true,"_pose":"FreeFall","_animationQueue":[["walk",0.1],["fall",0.3]],"_animationSpeed":1,"_zoom":10.15},{"_mousePosition":[683,384],"_rootPartCFrame":[760.15,228.11,45.242,-0.999,0,0.046,0,1,0,-0.046,0,-0.999],"_humanoidState":5,"_cameraCFrame":[758.134,238.206,39.939,-0.999,0.042,-0.026,0,0.532,0.847,0.05,0.846,-0.531],"_shiftlockState":true,"_pose":"FreeFall","_animationQueue":[["fall",0.3]],"_animationSpeed":1,"_zoom":10.15},{"_mousePosition":[683,384],"_rootPartCFrame":[759.884,228.11,45.255,-0.997,0,0.082,0,1,0,-0.082,0,-0.997],"_humanoidState":5,"_cameraCFrame":[757.862,238.215,39.968,-0.999,0.043,-0.027,0,0.53,0.848,0.051,0.847,-0.53],"_shiftlockState":true,"_pose":"FreeFall","_animationQueue":[],"_animationSpeed":1,"_zoom":10.15},{"_mousePosition":[683,384],"_rootPartCFrame":[759.551,228.034,45.272,-0.993,0,0.115,0,1,0,-0.115,0,-0.993],"_humanoidState":5,"_cameraCFrame":[757.529,238.139,39.985,-0.999,0.043,-0.027,0,0.53,0.848,0.051,0.847,-0.53],"_shiftlockState":true,"_pose":"FreeFall","_animationQueue":[],"_animationSpeed":1,"_zoom":10.15},{"_mousePosition":[683,384],"_rootPartCFrame":[759.366,228.135,45.281,-1,0,-0.014,0,1,0,0.014,0,-1],"_humanoidState":12,"_cameraCFrame":[757.344,238.24,39.994,-0.999,0.043,-0.027,0,0.53,0.848,0.051,0.847,-0.53],"_shiftlockState":true,"_pose":"Climbing","_animationQueue":[["walk",0.1],["fall",0.3],["climb",0.1]],"_animationSpeed":-0.441,"_zoom":10.15},{"_mousePosition":[683,384],"_rootPartCFrame":[759.154,228.319,45.291,-0.999,0,-0.043,0,1,0,0.043,0,-0.999],"_humanoidState":12,"_cameraCFrame":[757.133,238.429,40.011,-0.999,0.043,-0.027,0,0.53,0.848,0.051,0.847,-0.529],"_shiftlockState":true,"_pose":"Climbing","_animationQueue":[["climb",0.1]],"_animationSpeed":0.861,"_zoom":10.15},{"_mousePosition":[683,384],"_rootPartCFrame":[758.871,228.501,45.306,-0.999,0,-0.05,0,1,0,0.05,0,-0.999],"_humanoidState":8,"_cameraCFrame":[756.85,238.61,40.026,-0.999,0.043,-0.027,0,0.53,0.848,0.051,0.847,-0.529],"_shiftlockState":true,"_pose":"Running","_animationQueue":[["walk",0.1],["climb",0.1],["walk",0.1],["walk",0.1]],"_animationSpeed":0.816,"_zoom":10.15},{"_mousePosition":[683,384],"_rootPartCFrame":[758.675,228.569,45.316,-1,0,0.012,0,1,0,-0.012,0,-1],"_humanoidState":5,"_cameraCFrame":[756.654,238.679,40.036,-0.999,0.043,-0.027,0,0.53,0.848,0.051,0.847,-0.529],"_shiftlockState":true,"_pose":"FreeFall","_animationQueue":[["walk",0.1],["fall",0.3]],"_animationSpeed":1,"_zoom":10.15},{"_mousePosition":[683,384],"_rootPartCFrame":[758.409,228.613,45.329,-0.997,0,0.074,0,1,0,-0.074,0,-0.997],"_humanoidState":5,"_cameraCFrame":[756.388,238.722,40.049,-0.999,0.043,-0.027,0,0.53,0.848,0.051,0.847,-0.529],"_shiftlockState":true,"_pose":"FreeFall","_animationQueue":[["fall",0.3]],"_animationSpeed":1,"_zoom":10.15},{"_mousePosition":[683,384],"_rootPartCFrame":[758.142,228.601,45.343,-0.997,0,0.081,0,1,0,-0.081,0,-0.997],"_humanoidState":5,"_cameraCFrame":[756.121,238.711,40.063,-0.999,0.043,-0.027,0,0.53,0.848,0.051,0.847,-0.529],"_shiftlockState":true,"_pose":"FreeFall","_animationQueue":[],"_animationSpeed":1,"_zoom":10.15},{"_mousePosition":[683,384],"_rootPartCFrame":[757.876,228.536,45.356,-0.997,0,0.082,0,1,0,-0.082,0,-0.997],"_humanoidState":5,"_cameraCFrame":[755.855,238.645,40.076,-0.999,0.043,-0.027,0,0.53,0.848,0.051,0.847,-0.529],"_shiftlockState":true,"_pose":"FreeFall","_animationQueue":[],"_animationSpeed":1,"_zoom":10.15},{"_mousePosition":[683,384],"_rootPartCFrame":[757.634,228.682,45.369,-1,0,-0.01,0,1,0,0.01,0,-1],"_humanoidState":12,"_cameraCFrame":[755.613,238.792,40.089,-0.999,0.043,-0.027,0,0.53,0.848,0.051,0.847,-0.529],"_shiftlockState":true,"_pose":"Climbing","_animationQueue":[["walk",0.1],["fall",0.3],["climb",0.1]],"_animationSpeed":-0.431,"_zoom":10.15},{"_mousePosition":[683,384],"_rootPartCFrame":[757.384,228.83,45.381,-0.999,0,-0.046,0,1,0,0.046,0,-0.999],"_humanoidState":8,"_cameraCFrame":[755.363,238.939,40.101,-0.999,0.043,-0.027,0,0.53,0.848,0.051,0.847,-0.529],"_shiftlockState":true,"_pose":"Running","_animationQueue":[["walk",0.1],["climb",0.1],["walk",0.1],["walk",0.1]],"_animationSpeed":0.939,"_zoom":10.15},{"_mousePosition":[683,384],"_rootPartCFrame":[757.118,228.922,45.395,-0.999,0,0.042,0,1,0,-0.042,0,-0.999],"_humanoidState":5,"_cameraCFrame":[755.097,239.032,40.115,-0.999,0.043,-0.027,0,0.53,0.848,0.051,0.847,-0.529],"_shiftlockState":true,"_pose":"FreeFall","_animationQueue":[["walk",0.1],["fall",0.3]],"_animationSpeed":1,"_zoom":10.15},{"_mousePosition":[683,384],"_rootPartCFrame":[756.852,228.96,45.409,-0.997,0,0.078,0,1,0,-0.078,0,-0.997],"_humanoidState":5,"_cameraCFrame":[754.831,239.07,40.128,-0.999,0.043,-0.027,0,0.53,0.848,0.051,0.847,-0.529],"_shiftlockState":true,"_pose":"FreeFall","_animationQueue":[],"_animationSpeed":1,"_zoom":10.15},{"_mousePosition":[683,384],"_rootPartCFrame":[756.519,228.932,45.426,-0.993,0,0.115,0,1,0,-0.115,0,-0.993],"_humanoidState":5,"_cameraCFrame":[754.498,239.045,40.152,-0.999,0.043,-0.027,0,0.529,0.849,0.051,0.848,-0.528],"_shiftlockState":true,"_pose":"FreeFall","_animationQueue":[],"_animationSpeed":1,"_zoom":10.15},{"_mousePosition":[683,384],"_rootPartCFrame":[756.334,229.038,45.435,-1,0,-0.014,0,1,0,0.014,0,-1],"_humanoidState":12,"_cameraCFrame":[754.308,239.156,40.171,-0.999,0.044,-0.027,0,0.528,0.849,0.052,0.848,-0.528],"_shiftlockState":true,"_pose":"Climbing","_animationQueue":[["fall",0.3],["walk",0.1],["fall",0.3],["climb",0.1]],"_animationSpeed":-0.252,"_zoom":10.15},{"_mousePosition":[683,384],"_rootPartCFrame":[756.01,229.205,45.451,-0.999,0,-0.043,0,1,0,0.043,0,-0.999],"_humanoidState":8,"_cameraCFrame":[753.984,239.327,40.194,-0.999,0.044,-0.027,0,0.528,0.849,0.052,0.848,-0.527],"_shiftlockState":true,"_pose":"Running","_animationQueue":[["walk",0.1],["climb",0.1],["walk",0.1],["walk",0.1]],"_animationSpeed":0.98,"_zoom":10.15},{"_mousePosition":[683,384],"_rootPartCFrame":[755.744,229.277,45.465,-0.999,0,0.041,0,1,0,-0.041,0,-0.999],"_humanoidState":5,"_cameraCFrame":[753.708,239.407,40.226,-0.999,0.046,-0.028,0,0.526,0.85,0.054,0.849,-0.525],"_shiftlockState":true,"_pose":"FreeFall","_animationQueue":[["walk",0.1],["fall",0.3]],"_animationSpeed":1,"_zoom":10.15},{"_mousePosition":[683,384],"_rootPartCFrame":[755.477,229.294,45.479,-0.997,0,0.074,0,1,0,-0.074,0,-0.997],"_humanoidState":5,"_cameraCFrame":[753.42,239.434,40.263,-0.998,0.05,-0.031,0,0.525,0.851,0.058,0.85,-0.524],"_shiftlockState":true,"_pose":"FreeFall","_animationQueue":[],"_animationSpeed":1,"_zoom":10.15},{"_mousePosition":[683,384],"_rootPartCFrame":[755.211,229.257,45.493,-0.997,0,0.074,0,1,0,-0.074,0,-0.997],"_humanoidState":5,"_cameraCFrame":[753.113,239.418,40.329,-0.998,0.057,-0.035,0,0.521,0.853,0.067,0.851,-0.52],"_shiftlockState":true,"_pose":"FreeFall","_animationQueue":[],"_animationSpeed":1,"_zoom":10.15},{"_mousePosition":[683,384],"_rootPartCFrame":[754.969,229.408,45.493,-1,0,-0.025,0,1,0,0.025,0,-1],"_humanoidState":12,"_cameraCFrame":[752.814,239.59,40.388,-0.997,0.067,-0.04,0,0.518,0.855,0.078,0.853,-0.516],"_shiftlockState":true,"_pose":"Climbing","_animationQueue":[["walk",0.1],["fall",0.3],["climb",0.1]],"_animationSpeed":-0.287,"_zoom":10.15},{"_mousePosition":[683,384],"_rootPartCFrame":[754.753,229.552,45.491,-0.998,-0.001,-0.06,-0.001,1,0,0.06,0,-0.998],"_humanoidState":8,"_cameraCFrame":[752.517,239.768,40.479,-0.996,0.081,-0.049,0,0.512,0.859,0.095,0.855,-0.51],"_shiftlockState":true,"_pose":"Running","_animationQueue":[["walk",0.1],["climb",0.1],["walk",0.1],["walk",0.1]],"_animationSpeed":0.939,"_zoom":10.15},{"_mousePosition":[683,384],"_rootPartCFrame":[754.599,229.623,45.497,-0.999,-0.001,-0.038,-0.001,1,0,0.038,0,-0.999],"_humanoidState":5,"_cameraCFrame":[752.3,239.864,40.557,-0.994,0.093,-0.055,0,0.508,0.861,0.108,0.856,-0.505],"_shiftlockState":true,"_pose":"FreeFall","_animationQueue":[["walk",0.1],["walk",0.1],["fall",0.3]],"_animationSpeed":1,"_zoom":10.15},{"_mousePosition":[683,384],"_rootPartCFrame":[754.401,229.67,45.531,-1,0,-0.005,0,1,0,0.005,0,-1],"_humanoidState":5,"_cameraCFrame":[752.08,239.928,40.631,-0.994,0.098,-0.057,0,0.506,0.863,0.113,0.857,-0.502],"_shiftlockState":true,"_pose":"FreeFall","_animationQueue":[],"_animationSpeed":1,"_zoom":10.15},{"_mousePosition":[683,384],"_rootPartCFrame":[754.137,229.653,45.513,-1,0,0.007,0,1,0,-0.007,0,-1],"_humanoidState":5,"_cameraCFrame":[751.816,239.91,40.614,-0.994,0.098,-0.057,0,0.506,0.863,0.113,0.857,-0.502],"_shiftlockState":true,"_pose":"FreeFall","_animationQueue":[],"_animationSpeed":1,"_zoom":10.15},{"_mousePosition":[683,384],"_rootPartCFrame":[753.98,229.604,45.435,-0.998,-0.001,-0.057,-0.001,1,0,0.057,0,-0.998],"_humanoidState":5,"_cameraCFrame":[751.879,239.882,40.474,-0.998,0.06,-0.035,0,0.502,0.865,0.07,0.863,-0.501],"_shiftlockState":true,"_pose":"FreeFall","_animationQueue":[],"_animationSpeed":1,"_zoom":10.15},{"_mousePosition":[683,384],"_rootPartCFrame":[753.749,229.797,45.391,-0.999,0,-0.037,0,1,0,0.037,0,-0.999],"_humanoidState":12,"_cameraCFrame":[752.345,240.084,40.203,-0.998,-0.058,0.034,0,0.501,0.866,-0.067,0.864,-0.499],"_shiftlockState":true,"_pose":"Climbing","_animationQueue":[["walk",0.1],["fall",0.3],["climb",0.1]],"_animationSpeed":-0.395,"_zoom":10.15},{"_mousePosition":[683,384],"_rootPartCFrame":[753.611,229.916,45.373,-0.997,0,0.073,0,1,0,-0.073,0,-0.997],"_humanoidState":8,"_cameraCFrame":[754.01,240.132,39.9,-0.922,-0.332,0.198,0,0.512,0.859,-0.387,0.792,-0.473],"_shiftlockState":true,"_pose":"Running","_animationQueue":[["walk",0.1],["climb",0.1],["walk",0.1],["walk",0.1]],"_animationSpeed":0.699,"_zoom":10.15},{"_mousePosition":[683,384],"_rootPartCFrame":[753.299,230.111,45.185,-0.916,0,0.401,0,1,0,-0.401,0,-0.916],"_humanoidState":8,"_cameraCFrame":[756.069,240.255,40.317,-0.671,-0.631,0.389,0,0.524,0.852,-0.741,0.572,-0.352],"_shiftlockState":true,"_pose":"Running","_animationQueue":[["walk",0.1],["walk",0.1]],"_animationSpeed":0.8,"_zoom":10.15},{"_mousePosition":[683,384],"_rootPartCFrame":[753.118,230.184,44.939,-0.659,0,0.752,0,1,0,-0.752,0,-0.659],"_humanoidState":8,"_cameraCFrame":[757.376,240.45,41.605,-0.328,-0.816,0.476,0,0.504,0.864,-0.945,0.284,-0.166],"_shiftlockState":true,"_pose":"Running","_animationQueue":[["walk",0.1]],"_animationSpeed":1.064,"_zoom":10.15},{"_mousePosition":[683,384],"_rootPartCFrame":[752.891,230.231,44.822,-0.304,0,0.953,0,1,0,-0.953,0,-0.304],"_humanoidState":8,"_cameraCFrame":[757.374,240.673,42.368,-0.151,-0.871,0.468,0,0.473,0.881,-0.989,0.133,-0.071],"_shiftlockState":true,"_pose":"Running","_animationQueue":[],"_animationSpeed":1.064,"_zoom":10.15},{"_mousePosition":[683,384],"_rootPartCFrame":[752.644,230.213,44.635,-0.133,0,0.991,0,1,0,-0.991,0,-0.133],"_humanoidState":8,"_cameraCFrame":[756.839,240.757,42.05,-0.188,-0.875,0.446,0,0.454,0.891,-0.982,0.168,-0.085],"_shiftlockState":true,"_pose":"Running","_animationQueue":[],"_animationSpeed":1.064,"_zoom":10.15},{"_mousePosition":[683,384],"_rootPartCFrame":[752.461,231.075,44.471,-0.177,0,0.984,0,1,0,-0.984,0,-0.177],"_humanoidState":3,"_cameraCFrame":[756.135,241.711,41.449,-0.307,-0.857,0.415,0,0.436,0.9,-0.952,0.276,-0.134],"_shiftlockState":true,"_pose":"Jumping","_animationQueue":[["walk",0.1],["jump",0.1]],"_animationSpeed":1,"_zoom":10.15},{"_mousePosition":[683,384],"_rootPartCFrame":[752.336,231.687,44.34,-0.243,0,0.97,0,1,0,-0.97,0,-0.243],"_humanoidState":5,"_cameraCFrame":[755.033,242.44,40.708,-0.51,-0.784,0.354,0,0.411,0.912,-0.86,0.465,-0.209],"_shiftlockState":true,"_pose":"FreeFall","_animationQueue":[["jump",0.1]],"_animationSpeed":1,"_zoom":10.15},{"_mousePosition":[683,384],"_rootPartCFrame":[752.164,232.638,44.088,-0.367,0,0.93,0,1,0,-0.93,0,-0.367],"_humanoidState":5,"_cameraCFrame":[753.848,243.46,40.045,-0.693,-0.663,0.285,0,0.395,0.918,-0.721,0.636,-0.274],"_shiftlockState":true,"_pose":"FreeFall","_animationQueue":[],"_animationSpeed":1,"_zoom":10.15},{"_mousePosition":[683,384],"_rootPartCFrame":[752.064,233.167,43.918,-0.618,0,0.787,0,1,0,-0.787,0,-0.618],"_humanoidState":5,"_cameraCFrame":[752.805,244.003,39.63,-0.834,-0.508,0.217,0,0.393,0.92,-0.552,0.767,-0.327],"_shiftlockState":true,"_pose":"FreeFall","_animationQueue":[],"_animationSpeed":1,"_zoom":10.15},{"_mousePosition":[683,384],"_rootPartCFrame":[751.865,233.982,43.654,-0.731,0,0.683,0,1,0,-0.683,0,-0.731],"_humanoidState":5,"_cameraCFrame":[751.972,244.778,39.221,-0.909,-0.382,0.167,0,0.401,0.916,-0.417,0.833,-0.365],"_shiftlockState":true,"_pose":"FreeFall","_animationQueue":[],"_animationSpeed":1,"_zoom":10.15},{"_mousePosition":[683,384],"_rootPartCFrame":[751.724,234.43,43.516,-0.863,0,0.505,0,1,0,-0.505,0,-0.863],"_humanoidState":5,"_cameraCFrame":[751.299,245.183,39.012,-0.954,-0.272,0.123,0,0.411,0.912,-0.298,0.87,-0.392],"_shiftlockState":true,"_pose":"FreeFall","_animationQueue":[],"_animationSpeed":1,"_zoom":10.15},{"_mousePosition":[683,384],"_rootPartCFrame":[751.515,234.979,43.359,-0.906,0,0.423,0,1,0,-0.423,0,-0.906],"_humanoidState":5,"_cameraCFrame":[750.681,245.702,38.85,-0.978,-0.188,0.087,0,0.418,0.909,-0.207,0.889,-0.409],"_shiftlockState":true,"_pose":"FreeFall","_animationQueue":[],"_animationSpeed":1,"_zoom":10.15},{"_mousePosition":[683,384],"_rootPartCFrame":[751.284,235.475,43.236,-0.942,0,0.335,0,1,0,-0.335,0,-0.942],"_humanoidState":5,"_cameraCFrame":[750.116,246.173,38.752,-0.991,-0.12,0.056,0,0.423,0.906,-0.132,0.898,-0.419],"_shiftlockState":true,"_pose":"FreeFall","_animationQueue":[],"_animationSpeed":1,"_zoom":10.15},{"_mousePosition":[683,384],"_rootPartCFrame":[750.973,236.017,43.132,-0.956,0,0.295,0,1,0,-0.295,0,-0.956],"_humanoidState":5,"_cameraCFrame":[749.537,246.698,38.691,-0.997,-0.065,0.031,0,0.426,0.905,-0.072,0.902,-0.425],"_shiftlockState":true,"_pose":"FreeFall","_animationQueue":[],"_animationSpeed":1,"_zoom":10.15},{"_mousePosition":[683,384],"_rootPartCFrame":[750.777,236.301,43.098,-0.985,0,0.171,0,1,0,-0.171,0,-0.985],"_humanoidState":5,"_cameraCFrame":[749.102,246.972,38.718,-1,-0.016,0.007,0,0.42