[{"_mousePosition":[1158,369],"_rootPartCFrame":[776.035,222.967,47.142,-0.002,-0.007,1,0,1,0.007,-1,0,-0.002],"_humanoidState":8,"_cameraCFrame":[777.726,233.541,37.725,-0.984,-0.122,0.129,0,0.726,0.688,-0.178,0.677,-0.714],"_shiftlockState":false,"_pose":"Standing","_animationQueue":[],"_animationSpeed":1,"_zoom":13.188},{"_mousePosition":[1158,369],"_rootPartCFrame":[775.793,222.842,47.098,0.023,-0.001,1,0,1,0.001,-1,0,0.023],"_humanoidState":8,"_cameraCFrame":[777.493,233.416,37.681,-0.984,-0.122,0.129,0,0.726,0.688,-0.178,0.677,-0.714],"_shiftlockState":false,"_pose":"Standing","_animationQueue":[],"_animationSpeed":1,"_zoom":13.188},{"_mousePosition":[1158,369],"_rootPartCFrame":[775.531,222.676,47.051,0.044,0,0.999,0,1,0,-0.999,0,0.044],"_humanoidState":8,"_cameraCFrame":[777.233,233.25,37.634,-0.984,-0.122,0.129,0,0.726,0.688,-0.178,0.677,-0.714],"_shiftlockState":false,"_pose":"Running","_animationQueue":[["walk",0.1]],"_animationSpeed":1.067,"_zoom":13.188},{"_mousePosition":[1158,369],"_rootPartCFrame":[775.268,222.654,47.004,0.062,0,0.998,0,1,0,-0.998,0,0.062],"_humanoidState":8,"_cameraCFrame":[776.97,233.229,37.586,-0.984,-0.122,0.129,0,0.726,0.688,-0.178,0.677,-0.714],"_shiftlockState":false,"_pose":"Running","_animationQueue":[["walk",0.1]],"_animationSpeed":1.067,"_zoom":13.188},{"_mousePosition":[1158,369],"_rootPartCFrame":[775.006,222.67,46.956,0.078,0,0.997,0,1,0,-0.997,0,0.078],"_humanoidState":8,"_cameraCFrame":[776.707,233.244,37.539,-0.984,-0.122,0.129,0,0.726,0.688,-0.178,0.677,-0.714],"_shiftlockState":false,"_pose":"Running","_animationQueue":[],"_animationSpeed":1.067,"_zoom":13.188},{"_mousePosition":[1158,369],"_rootPartCFrame":[774.744,222.683,46.909,0.092,0,0.996,0,1,0,-0.996,0,0.092],"_humanoidState":8,"_cameraCFrame":[776.445,233.257,37.491,-0.984,-0.122,0.129,0,0.726,0.688,-0.178,0.677,-0.714],"_shiftlockState":false,"_pose":"Running","_animationQueue":[],"_animationSpeed":1.067,"_zoom":13.188},{"_mousePosition":[1158,369],"_rootPartCFrame":[774.481,222.691,46.861,0.103,0,0.995,0,1,0,-0.995,0,0.103],"_humanoidState":8,"_cameraCFrame":[776.182,233.265,37.444,-0.984,-0.122,0.129,0,0.726,0.688,-0.178,0.677,-0.714],"_shiftlockState":false,"_pose":"Running","_animationQueue":[],"_animationSpeed":1.067,"_zoom":13.188},{"_mousePosition":[1158,369],"_rootPartCFrame":[774.219,222.695,46.814,0.113,0,0.994,0,1,0,-0.994,0,0.113],"_humanoidState":8,"_cameraCFrame":[774.198,233.269,37.085,-0.984,-0.122,0.129,0,0.726,0.688,-0.178,0.677,-0.714],"_shiftlockState":true,"_pose":"Running","_animationQueue":[],"_animationSpeed":1.067,"_zoom":13.188},{"_mousePosition":[683,384],"_rootPartCFrame":[773.956,222.697,46.766,-0.994,0,0.112,0,1,0,-0.112,0,-0.994],"_humanoidState":8,"_cameraCFrame":[773.935,233.271,37.038,-0.984,-0.122,0.129,0,0.726,0.688,-0.178,0.677,-0.714],"_shiftlockState":true,"_pose":"Running","_animationQueue":[],"_animationSpeed":1.067,"_zoom":13.188},{"_mousePosition":[683,384],"_rootPartCFrame":[773.694,222.698,46.719,-0.989,0,0.151,0,1,0,-0.151,0,-0.989],"_humanoidState":8,"_cameraCFrame":[773.673,233.273,36.991,-0.984,-0.122,0.129,0,0.726,0.688,-0.178,0.677,-0.714],"_shiftlockState":true,"_pose":"Running","_animationQueue":[["walk",0.1]],"_animationSpeed":1.067,"_zoom":13.188},{"_mousePosition":[683,384],"_rootPartCFrame":[773.431,222.699,46.672,-0.985,0,0.175,0,1,0,-0.175,0,-0.985],"_humanoidState":8,"_cameraCFrame":[773.411,233.273,36.943,-0.984,-0.122,0.129,0,0.726,0.688,-0.178,0.677,-0.714],"_shiftlockState":true,"_pose":"Running","_animationQueue":[],"_animationSpeed":1.067,"_zoom":13.188},{"_mousePosition":[683,384],"_rootPartCFrame":[773.169,222.699,46.624,-0.984,0,0.177,0,1,0,-0.177,0,-0.984],"_humanoidState":8,"_cameraCFrame":[773.148,233.274,36.896,-0.984,-0.122,0.129,0,0.726,0.688,-0.178,0.677,-0.714],"_shiftlockState":true,"_pose":"Running","_animationQueue":[],"_animationSpeed":1.067,"_zoom":13.188},{"_mousePosition":[683,384],"_rootPartCFrame":[772.906,222.699,46.577,-0.984,0,0.178,0,1,0,-0.178,0,-0.984],"_humanoidState":8,"_cameraCFrame":[772.886,233.274,36.848,-0.984,-0.122,0.129,0,0.726,0.688,-0.178,0.677,-0.714],"_shiftlockState":true,"_pose":"Running","_animationQueue":[],"_animationSpeed":1.067,"_zoom":13.188},{"_mousePosition":[683,384],"_rootPartCFrame":[772.644,222.7,46.529,-0.984,0,0.178,0,1,0,-0.178,0,-0.984],"_humanoidState":8,"_cameraCFrame":[772.623,233.274,36.801,-0.984,-0.122,0.129,0,0.726,0.688,-0.178,0.677,-0.714],"_shiftlockState":true,"_pose":"Running","_animationQueue":[],"_animationSpeed":1.067,"_zoom":13.188},{"_mousePosition":[683,384],"_rootPartCFrame":[772.381,222.7,46.482,-0.984,0,0.178,0,1,0,-0.178,0,-0.984],"_humanoidState":8,"_cameraCFrame":[772.361,233.274,36.754,-0.984,-0.122,0.129,0,0.726,0.688,-0.178,0.677,-0.714],"_shiftlockState":true,"_pose":"Running","_animationQueue":[],"_animationSpeed":1.067,"_zoom":13.188},{"_mousePosition":[683,384],"_rootPartCFrame":[772.119,222.7,46.435,-0.984,0,0.178,0,1,0,-0.178,0,-0.984],"_humanoidState":8,"_cameraCFrame":[772.098,233.274,36.707,-0.984,-0.122,0.129,0,0.726,0.688,-0.178,0.677,-0.714],"_shiftlockState":true,"_pose":"Running","_animationQueue":[["walk",0.1]],"_animationSpeed":1.067,"_zoom":13.188},{"_mousePosition":[683,384],"_rootPartCFrame":[771.791,222.695,46.376,-0.984,0,0.178,0,1,0,-0.178,0,-0.984],"_humanoidState":8,"_cameraCFrame":[771.77,233.27,36.647,-0.984,-0.122,0.129,0,0.726,0.688,-0.178,0.677,-0.714],"_shiftlockState":true,"_pose":"Running","_animationQueue":[],"_animationSpeed":1.067,"_zoom":13.188},{"_mousePosition":[683,384],"_rootPartCFrame":[771.529,222.697,46.328,-0.984,0,0.178,0,1,0,-0.178,0,-0.984],"_humanoidState":8,"_cameraCFrame":[771.508,233.271,36.6,-0.984,-0.122,0.129,0,0.726,0.688,-0.178,0.677,-0.714],"_shiftlockState":true,"_pose":"Running","_animationQueue":[],"_animationSpeed":1.067,"_zoom":13.188},{"_mousePosition":[683,384],"_rootPartCFrame":[771.266,222.698,46.281,-0.984,0,0.178,0,1,0,-0.178,0,-0.984],"_humanoidState":8,"_cameraCFrame":[771.245,233.272,36.553,-0.984,-0.122,0.129,0,0.726,0.688,-0.178,0.677,-0.714],"_shiftlockState":true,"_pose":"Running","_animationQueue":[],"_animationSpeed":1.067,"_zoom":13.188},{"_mousePosition":[683,384],"_rootPartCFrame":[771.004,222.699,46.234,-0.984,0,0.178,0,1,0,-0.178,0,-0.984],"_humanoidState":8,"_cameraCFrame":[770.983,233.273,36.505,-0.984,-0.122,0.129,0,0.726,0.688,-0.178,0.677,-0.714],"_shiftlockState":true,"_pose":"Running","_animationQueue":[["walk",0.1]],"_animationSpeed":1.067,"_zoom":13.188},{"_mousePosition":[683,384],"_rootPartCFrame":[770.741,222.699,46.186,-0.984,0,0.178,0,1,0,-0.178,0,-0.984],"_humanoidState":8,"_cameraCFrame":[770.72,233.274,36.458,-0.984,-0.122,0.129,0,0.726,0.688,-0.178,0.677,-0.714],"_shiftlockState":true,"_pose":"Running","_animationQueue":[],"_animationSpeed":1.067,"_zoom":13.188},{"_mousePosition":[683,384],"_rootPartCFrame":[770.479,222.699,46.139,-0.984,0,0.178,0,1,0,-0.178,0,-0.984],"_humanoidState":8,"_cameraCFrame":[770.458,233.274,36.41,-0.984,-0.122,0.129,0,0.726,0.688,-0.178,0.677,-0.714],"_shiftlockState":true,"_pose":"Running","_animationQueue":[],"_animationSpeed":1.067,"_zoom":13.188},{"_mousePosition":[683,384],"_rootPartCFrame":[770.216,222.7,46.091,-0.984,0,0.178,0,1,0,-0.178,0,-0.984],"_humanoidState":8,"_cameraCFrame":[770.196,233.274,36.363,-0.984,-0.122,0.129,0,0.726,0.688,-0.178,0.677,-0.714],"_shiftlockState":true,"_pose":"Running","_animationQueue":[],"_animationSpeed":1.067,"_zoom":13.188},{"_mousePosition":[683,384],"_rootPartCFrame":[769.954,223.573,46.044,-0.984,0,0.178,0,1,0,-0.178,0,-0.984],"_humanoidState":3,"_cameraCFrame":[769.933,234.147,36.315,-0.984,-0.122,0.129,0,0.726,0.688,-0.178,0.677,-0.714],"_shiftlockState":true,"_pose":"Jumping","_animationQueue":[["walk",0.1],["jump",0.1]],"_animationSpeed":1,"_zoom":13.188},{"_mousePosition":[683,384],"_rootPartCFrame":[769.691,224.395,45.996,-0.964,0,0.267,0,1,0,-0.267,0,-0.964],"_humanoidState":5,"_cameraCFrame":[769.671,234.969,36.268,-0.984,-0.122,0.129,0,0.726,0.688,-0.178,0.677,-0.714],"_shiftlockState":true,"_pose":"FreeFall","_animationQueue":[["jump",0.1]],"_animationSpeed":1,"_zoom":13.188},{"_mousePosition":[683,384],"_rootPartCFrame":[769.429,225.162,45.949,-0.953,0,0.302,0,1,0,-0.302,0,-0.953],"_humanoidState":5,"_cameraCFrame":[769.408,235.737,36.221,-0.984,-0.122,0.129,0,0.726,0.688,-0.178,0.677,-0.714],"_shiftlockState":true,"_pose":"FreeFall","_animationQueue":[],"_animationSpeed":1,"_zoom":13.188},{"_mousePosition":[683,384],"_rootPartCFrame":[769.166,225.875,45.902,-0.952,0,0.306,0,1,0,-0.306,0,-0.952],"_humanoidState":5,"_cameraCFrame":[769.146,236.45,36.173,-0.984,-0.122,0.129,0,0.726,0.688,-0.178,0.677,-0.714],"_shiftlockState":true,"_pose":"FreeFall","_animationQueue":[],"_animationSpeed":1,"_zoom":13.188},{"_mousePosition":[683,384],"_rootPartCFrame":[768.904,226.534,45.854,-0.952,0,0.307,0,1,0,-0.307,0,-0.952],"_humanoidState":5,"_cameraCFrame":[768.883,237.108,36.126,-0.984,-0.122,0.129,0,0.726,0.688,-0.178,0.677,-0.714],"_shiftlockState":true,"_pose":"FreeFall","_animationQueue":[],"_animationSpeed":1,"_zoom":13.188},{"_mousePosition":[683,384],"_rootPartCFrame":[768.642,227.138,45.807,-0.952,0,0.307,0,1,0,-0.307,0,-0.952],"_humanoidState":5,"_cameraCFrame":[768.621,237.712,36.078,-0.984,-0.122,0.129,0,0.726,0.688,-0.178,0.677,-0.714],"_shiftlockState":true,"_pose":"FreeFall","_animationQueue":[],"_animationSpeed":1,"_zoom":13.188},{"_mousePosition":[683,384],"_rootPartCFrame":[768.379,227.687,45.759,-0.952,0,0.307,0,1,0,-0.307,0,-0.952],"_humanoidState":5,"_cameraCFrame":[768.358,238.262,36.031,-0.984,-0.122,0.129,0,0.726,0.688,-0.178,0.677,-0.714],"_shiftlockState":true,"_pose":"FreeFall","_animationQueue":[],"_animationSpeed":1,"_zoom":13.188},{"_mousePosition":[683,384],"_rootPartCFrame":[768.117,228.182,45.712,-0.952,0,0.307,0,1,0,-0.307,0,-0.952],"_humanoidState":5,"_cameraCFrame":[768.096,238.757,35.984,-0.984,-0.122,0.129,0,0.726,0.688,-0.178,0.677,-0.714],"_shiftlockState":true,"_pose":"FreeFall","_animationQueue":[],"_animationSpeed":1,"_zoom":13.188},{"_mousePosition":[683,384],"_rootPartCFrame":[767.854,228.623,45.665,-0.952,0,0.307,0,1,0,-0.307,0,-0.952],"_humanoidState":5,"_cameraCFrame":[767.833,239.197,35.936,-0.984,-0.122,0.129,0,0.726,0.688,-0.178,0.677,-0.714],"_shiftlockState":true,"_pose":"FreeFall","_animationQueue":[],"_animationSpeed":1,"_zoom":13.188},{"_mousePosition":[683,384],"_rootPartCFrame":[767.592,229.009,45.617,-0.952,0,0.307,0,1,0,-0.307,0,-0.952],"_humanoidState":5,"_cameraCFrame":[767.571,239.583,35.889,-0.984,-0.122,0.129,0,0.726,0.688,-0.178,0.677,-0.714],"_shiftlockState":true,"_pose":"FreeFall","_animationQueue":[],"_animationSpeed":1,"_zoom":13.188},{"_mousePosition":[683,384],"_rootPartCFrame":[767.329,229.34,45.57,-0.952,0,0.307,0,1,0,-0.307,0,-0.952],"_humanoidState":5,"_cameraCFrame":[767.309,239.915,35.841,-0.984,-0.122,0.129,0,0.726,0.688,-0.178,0.677,-0.714],"_shiftlockState":true,"_pose":"FreeFall","_animationQueue":[],"_animationSpeed":1,"_zoom":13.188},{"_mousePosition":[683,384],"_rootPartCFrame":[767.067,229.617,45.522,-0.952,0,0.307,0,1,0,-0.307,0,-0.952],"_humanoidState":5,"_cameraCFrame":[767.046,240.192,35.794,-0.984,-0.122,0.129,0,0.726,0.688,-0.178,0.677,-0.714],"_shiftlockState":true,"_pose":"FreeFall","_animationQueue":[],"_animationSpeed":1,"_zoom":13.188},{"_mousePosition":[683,384],"_rootPartCFrame":[766.804,229.84,45.475,-0.952,0,0.307,0,1,0,-0.307,0,-0.952],"_humanoidState":5,"_cameraCFrame":[766.784,240.414,35.747,-0.984,-0.122,0.129,0,0.726,0.688,-0.178,0.677,-0.714],"_shiftlockState":true,"_pose":"FreeFall","_animationQueue":[],"_animationSpeed":1,"_zoom":13.188},{"_mousePosition":[683,384],"_rootPartCFrame":[766.542,230.008,45.428,-0.952,0,0.307,0,1,0,-0.307,0,-0.952],"_humanoidState":5,"_cameraCFrame":[766.521,240.582,35.699,-0.984,-0.122,0.129,0,0.726,0.688,-0.178,0.677,-0.714],"_shiftlockState":true,"_pose":"FreeFall","_animationQueue":[],"_animationSpeed":1,"_zoom":13.188},{"_mousePosition":[683,384],"_rootPartCFrame":[766.279,230.121,45.38,-0.984,0,0.178,0,1,0,-0.178,0,-0.984],"_humanoidState":5,"_cameraCFrame":[766.258,240.695,35.652,-0.984,-0.122,0.129,0,0.726,0.688,-0.178,0.677,-0.714],"_shiftlockState":true,"_pose":"FreeFall","_animationQueue":[["jump",0.1]],"_animationSpeed":1,"_zoom":13.188},{"_mousePosition":[683,384],"_rootPartCFrame":[766.022,230.18,45.357,-0.958,0,0.288,0,1,0,-0.288,0,-0.958],"_humanoidState":5,"_cameraCFrame":[766.001,240.754,35.628,-0.984,-0.122,0.129,0,0.726,0.688,-0.178,0.677,-0.714],"_shiftlockState":true,"_pose":"FreeFall","_animationQueue":[],"_animationSpeed":1,"_zoom":13.188},{"_mousePosition":[683,384],"_rootPartCFrame":[765.773,230.185,45.372,-0.96,0,0.281,0,1,0,-0.281,0,-0.96],"_humanoidState":5,"_cameraCFrame":[765.752,240.759,35.644,-0.984,-0.122,0.129,0,0.726,0.688,-0.178,0.677,-0.714],"_shiftlockState":true,"_pose":"FreeFall","_animationQueue":[],"_animationSpeed":1,"_zoom":13.188},{"_mousePosition":[683,384],"_rootPartCFrame":[765.533,230.135,45.427,-0.96,0,0.28,0,1,0,-0.28,0,-0.96],"_humanoidState":5,"_cameraCFrame":[765.512,240.709,35.699,-0.984,-0.122,0.129,0,0.726,0.688,-0.178,0.677,-0.714],"_shiftlockState":true,"_pose":"FreeFall","_animationQueue":[],"_animationSpeed":1,"_zoom":13.188},{"_mousePosition":[683,384],"_rootPartCFrame":[765.301,230.03,45.52,-0.96,0,0.28,0,1,0,-0.28,0,-0.96],"_humanoidState":5,"_cameraCFrame":[765.28,240.604,35.792,-0.984,-0.122,0.129,0,0.726,0.688,-0.178,0.677,-0.714],"_shiftlockState":true,"_pose":"FreeFall","_animationQueue":[],"_animationSpeed":1,"_zoom":13.188},{"_mousePosition":[683,384],"_rootPartCFrame":[765.142,229.895,45.476,-0.979,-0.004,0.202,-0.004,1,0,-0.202,-0.001,-0.979],"_humanoidState":5,"_cameraCFrame":[765.115,240.469,35.746,-0.984,-0.122,0.129,0,0.726,0.688,-0.178,0.677,-0.714],"_shiftlockState":true,"_pose":"FreeFall","_animationQueue":[],"_animationSpeed":1,"_zoom":13.188},{"_mousePosition":[683,384],"_rootPartCFrame":[764.993,229.714,45.41,-0.965,-0.002,0.263,-0.002,1,0,-0.263,0,-0.965],"_humanoidState":5,"_cameraCFrame":[764.969,240.288,35.681,-0.984,-0.122,0.129,0,0.726,0.688,-0.178,0.677,-0.714],"_shiftlockState":true,"_pose":"FreeFall","_animationQueue":[["fall",0.3]],"_animationSpeed":1,"_zoom":13.188},{"_mousePosition":[683,384],"_rootPartCFrame":[764.832,229.478,45.382,-0.961,-0.001,0.278,-0.001,1,0,-0.278,0,-0.961],"_humanoidState":5,"_cameraCFrame":[764.811,240.052,35.653,-0.984,-0.122,0.129,0,0.726,0.688,-0.178,0.677,-0.714],"_shiftlockState":true,"_pose":"FreeFall","_animationQueue":[],"_animationSpeed":1,"_zoom":13.188},{"_mousePosition":[683,384],"_rootPartCFrame":[764.659,229.187,45.391,-0.96,0,0.279,0,1,0,-0.279,0,-0.96],"_humanoidState":5,"_cameraCFrame":[764.638,239.761,35.663,-0.984,-0.122,0.129,0,0.726,0.688,-0.178,0.677,-0.714],"_shiftlockState":true,"_pose":"FreeFall","_animationQueue":[],"_animationSpeed":1,"_zoom":13.188},{"_mousePosition":[683,384],"_rootPartCFrame":[764.474,228.842,45.438,-0.96,0,0.28,0,1,0,-0.28,0,-0.96],"_humanoidState":5,"_cameraCFrame":[764.453,239.416,35.71,-0.984,-0.122,0.129,0,0.726,0.688,-0.178,0.677,-0.714],"_shiftlockState":true,"_pose":"FreeFall","_animationQueue":[],"_animationSpeed":1,"_zoom":13.188},{"_mousePosition":[683,384],"_rootPartCFrame":[764.276,228.442,45.524,-0.96,0,0.28,0,1,0,-0.28,0,-0.96],"_humanoidState":5,"_cameraCFrame":[764.256,239.017,35.795,-0.984,-0.122,0.129,0,0.726,0.688,-0.178,0.677,-0.714],"_shiftlockState":true,"_pose":"FreeFall","_animationQueue":[],"_animationSpeed":1,"_zoom":13.188},{"_mousePosition":[683,384],"_rootPartCFrame":[764.066,227.988,45.646,-0.96,0,0.28,0,1,0,-0.28,0,-0.96],"_humanoidState":5,"_cameraCFrame":[764.046,238.563,35.918,-0.984,-0.122,0.129,0,0.726,0.688,-0.178,0.677,-0.714],"_shiftlockState":true,"_pose":"FreeFall","_animationQueue":[],"_animationSpeed":1,"_zoom":13.188},{"_mousePosition":[683,384],"_rootPartCFrame":[763.848,227.48,45.796,-0.96,0,0.28,0,1,0,-0.28,0,-0.96],"_humanoidState":5,"_cameraCFrame":[763.827,238.054,36.068,-0.984,-0.122,0.129,0,0.726,0.688,-0.178,0.677,-0.714],"_shiftlockState":true,"_pose":"FreeFall","_animationQueue":[],"_animationSpeed":1,"_zoom":13.188},{"_mousePosition":[683,384],"_rootPartCFrame":[763.626,226.928,45.885,-0.972,-0.005,0.235,-0.005,1,0.001,-0.235,-0.001,-0.972],"_humanoidState":5,"_cameraCFrame":[763.598,237.503,36.156,-0.984,-0.122,0.129,0,0.726,0.688,-0.178,0.677,-0.714],"_shiftlockState":true,"_pose":"FreeFall","_animationQueue":[["fall",0.3]],"_animationSpeed":1,"_zoom":13.188},{"_mousePosition":[683,384],"_rootPartCFrame":[763.4,226.356,45.857,-0.974,-0.007,0.225,-0.007,1,0.001,-0.225,0,-0.974],"_humanoidState":5,"_cameraCFrame":[763.369,236.93,36.128,-0.984,-0.122,0.129,0,0.726,0.688,-0.178,0.677,-0.714],"_shiftlockState":true,"_pose":"FreeFall","_animationQueue":[],"_animationSpeed":1,"_zoom":13.188},{"_mousePosition":[683,384],"_rootPartCFrame":[763.178,225.729,45.867,-0.962,-0.003,0.273,-0.003,1,0.001,-0.273,0,-0.962],"_humanoidState":5,"_cameraCFrame":[763.153,236.303,36.139,-0.984,-0.122,0.129,0,0.726,0.688,-0.178,0.677,-0.714],"_shiftlockState":true,"_pose":"FreeFall","_animationQueue":[],"_animationSpeed":1,"_zoom":13.188},{"_mousePosition":[683,384],"_rootPartCFrame":[762.953,225.051,45.881,-0.965,0,0.264,-0.004,1,-0.014,-0.264,-0.015,-0.964],"_humanoidState":5,"_cameraCFrame":[762.933,235.625,36.13,-0.984,-0.122,0.129,0,0.726,0.688,-0.178,0.677,-0.714],"_shiftlockState":true,"_pose":"FreeFall","_animationQueue":[],"_animationSpeed":1,"_zoom":13.188},{"_mousePosition":[683,384],"_rootPartCFrame":[762.721,224.331,45.874,-0.965,0.001,0.261,-0.005,1,-0.021,-0.261,-0.021,-0.965],"_humanoidState":5,"_cameraCFrame":[768.252,234.905,37.838,-0.707,-0.487,0.513,0,0.726,0.688,-0.707,0.487,-0.513],"_shiftlockState":true,"_pose":"FreeFall","_animationQueue":[],"_animationSpeed":1,"_zoom":13.188},{"_mousePosition":[683,384],"_rootPartCFrame":[762.462,224.658,45.561,-0.683,0.005,0.73,-0.004,1,-0.01,-0.73,-0.01,-0.683],"_humanoidState":7,"_cameraCFrame":[767.998,235.232,37.541,-0.707,-0.487,0.513,0,0.726,0.688,-0.707,0.487,-0.513],"_shiftlockState":true,"_pose":"FreeFall","_animationQueue":[["walk",0.1],["fall",0.3],["fall",0.3]],"_animationSpeed":1,"_zoom":13.188},{"_mousePosition":[683,384],"_rootPartCFrame":[762.195,225.189,45.561,-0.682,-0.003,0.731,0,1,0.004,-0.731,0.002,-0.682],"_humanoidState":7,"_cameraCFrame":[767.721,235.763,37.56,-0.707,-0.487,0.513,0,0.726,0.688,-0.707,0.487,-0.513],"_shiftlockState":true,"_pose":"FreeFall","_animationQueue":[["fall",0.3]],"_animationSpeed":1,"_zoom":13.188},{"_mousePosition":[683,384],"_rootPartCFrame":[761.956,225.664,45.557,-0.699,-0.002,0.715,0.001,1,0.003,-0.715,0.003,-0.699],"_humanoidState":8,"_cameraCFrame":[767.483,236.239,37.557,-0.707,-0.487,0.513,0,0.726,0.688,-0.707,0.487,-0.513],"_shiftlockState":true,"_pose":"Running","_animationQueue":[["walk",0.1],["fall",0.3],["walk",0.1]],"_animationSpeed":1.1,"_zoom":13.188},{"_mousePosition":[683,384],"_rootPartCFrame":[761.732,226.548,45.553,-0.704,0,0.71,0.001,1,0,-0.71,0.001,-0.704],"_humanoidState":3,"_cameraCFrame":[759.982,237.122,35.984,-1,0,0,0,0.726,0.688,0,0.688,-0.726],"_shiftlockState":true,"_pose":"Jumping","_animationQueue":[["walk",0.1],["jump",0.1]],"_animationSpeed":1,"_zoom":13.188},{"_mousePosition":[683,384],"_rootPartCFrame":[761.511,227.397,45.574,-0.997,0.001,0.073,0.001,1,-0.001,-0.073,-0.001,-0.997],"_humanoidState":5,"_cameraCFrame":[759.763,237.971,36.004,-1,0,0,0,0.726,0.688,0,0.688,-0.726],"_shiftlockState":true,"_pose":"FreeFall","_animationQueue":[["jump",0.1]],"_animationSpeed":1,"_zoom":13.188},{"_mousePosition":[683,384],"_rootPartCFrame":[761.298,228.192,45.635,-0.995,0,0.101,0,1,0,-0.101,0,-0.995],"_humanoidState":5,"_cameraCFrame":[759.549,238.766,36.064,-1,0,0,0,0.726,0.688,0,0.688,-0.726],"_shiftlockState":true,"_pose":"FreeFall","_animationQueue":[],"_animationSpeed":1,"_zoom":13.188},{"_mousePosition":[683,384],"_rootPartCFrame":[761.093,228.932,45.734,-0.995,0,0.104,0,1,0,-0.104,0,-0.995],"_humanoidState":5,"_cameraCFrame":[759.343,239.506,36.164,-1,0,0,0,0.726,0.688,0,0.688,-0.726],"_shiftlockState":true,"_pose":"FreeFall","_animationQueue":[],"_animationSpeed":1,"_zoom":13.188},{"_mousePosition":[683,384],"_rootPartCFrame":[760.895,229.618,45.872,-0.995,0,0.104,0,1,0,-0.104,0,-0.995],"_humanoidState":5,"_cameraCFrame":[759.144,240.192,36.302,-1,0,0,0,0.726,0.688,0,0.688,-0.726],"_shiftlockState":true,"_pose":"FreeFall","_animationQueue":[],"_animationSpeed":1,"_zoom":13.188},{"_mousePosition":[683,384],"_rootPartCFrame":[760.704,230.249,46.048,-0.995,0,0.104,0,1,0,-0.104,0,-0.995],"_humanoidState":5,"_cameraCFrame":[758.954,240.823,36.478,-1,0,0,0,0.726,0.688,0,0.688,-0.726],"_shiftlockState":true,"_pose":"FreeFall","_animationQueue":[],"_animationSpeed":1,"_zoom":13.188},{"_mousePosition":[683,384],"_rootPartCFrame":[760.529,230.798,46.098,-1,0.01,0.007,0.01,1,-0.003,-0.007,-0.003,-1],"_humanoidState":5,"_cameraCFrame":[758.794,241.372,36.524,-1,0,0,0,0.726,0.688,0,0.688,-0.726],"_shiftlockState":true,"_pose":"FreeFall","_animationQueue":[],"_animationSpeed":1,"_zoom":13.188},{"_mousePosition":[683,384],"_rootPartCFrame":[760.354,231.26,46.081,-0.999,0.01,0.04,0.01,1,-0.003,-0.041,-0.003,-0.999],"_humanoidState":5,"_cameraCFrame":[758.62,241.834,36.507,-1,0,0,0,0.726,0.688,0,0.688,-0.726],"_shiftlockState":true,"_pose":"FreeFall","_animationQueue":[],"_animationSpeed":1,"_zoom":13.188},{"_mousePosition":[683,384],"_rootPartCFrame":[760.161,231.655,46.046,-0.997,0.006,0.075,0.006,1,-0.002,-0.075,-0.002,-0.997],"_humanoidState":5,"_cameraCFrame":[758.419,242.229,36.474,-1,0,0,0,0.726,0.688,0,0.688,-0.726],"_shiftlockState":true,"_pose":"FreeFall","_animationQueue":[],"_animationSpeed":1,"_zoom":13.188},{"_mousePosition":[683,384],"_rootPartCFrame":[759.968,231.994,46.051,-0.995,0.001,0.101,0.001,1,-0.001,-0.101,-0.001,-0.995],"_humanoidState":5,"_cameraCFrame":[758.22,242.569,36.481,-1,0,0,0,0.726,0.688,0,0.688,-0.726],"_shiftlockState":true,"_pose":"FreeFall","_animationQueue":[],"_animationSpeed":1,"_zoom":13.188},{"_mousePosition":[683,384],"_rootPartCFrame":[759.773,232.275,46.051,-0.997,0.002,0.076,0.002,1,-0.001,-0.076,-0.001,-0.997],"_humanoidState":5,"_cameraCFrame":[758.027,242.849,36.481,-1,0,0,0,0.726,0.688,0,0.688,-0.726],"_shiftlockState":true,"_pose":"FreeFall","_animationQueue":[],"_animationSpeed":1,"_zoom":13.188},{"_mousePosition":[683,384],"_rootPartCFrame":[759.568,232.486,46.007,-0.997,0.003,0.071,0.003,1,-0.001,-0.071,-0.001,-0.998],"_humanoidState":5,"_cameraCFrame":[757.823,243.06,36.436,-1,0,0,0,0.726,0.688,0,0.688,-0.726],"_shiftlockState":true,"_pose":"FreeFall","_animationQueue":[],"_animationSpeed":1,"_zoom":13.188},{"_mousePosition":[683,384],"_rootPartCFrame":[759.365,232.643,46.001,-0.995,0.001,0.101,0.001,1,0,-0.101,0,-0.995],"_humanoidState":5,"_cameraCFrame":[757.617,243.217,36.431,-1,0,0,0,0.726,0.688,0,0.688,-0.726],"_shiftlockState":true,"_pose":"FreeFall","_animationQueue":[],"_animationSpeed":1,"_zoom":13.188},{"_mousePosition":[683,384],"_rootPartCFrame":[759.165,232.745,46.036,-0.995,0,0.104,0,1,0,-0.104,0,-0.995],"_humanoidState":5,"_cameraCFrame":[757.415,243.319,36.466,-1,0,0,0,0.726,0.688,0,0.688,-0.726],"_shiftlockState":true,"_pose":"FreeFall","_animationQueue":[],"_animationSpeed":1,"_zoom":13.188},{"_mousePosition":[683,384],"_rootPartCFrame":[758.967,232.791,46.066,-0.998,0.001,0.07,0.001,1,0,-0.07,0,-0.998],"_humanoidState":5,"_cameraCFrame":[757.218,243.366,36.496,-1,0,0,0,0.726,0.688,0,0.688,-0.726],"_shiftlockState":true,"_pose":"FreeFall","_animationQueue":[],"_animationSpeed":1,"_zoom":13.188},{"_mousePosition":[683,384],"_rootPartCFrame":[758.769,232.78,46.034,-0.998,0.001,0.062,0.001,1,0,-0.062,0,-0.998],"_humanoidState":5,"_cameraCFrame":[757.02,243.354,36.464,-1,0,0,0,0.726,0.688,0,0.688,-0.726],"_shiftlockState":true,"_pose":"FreeFall","_animationQueue":[],"_animationSpeed":1,"_zoom":13.188},{"_mousePosition":[683,384],"_rootPartCFrame":[758.573,232.713,46.041,-0.995,0,0.1,0,1,0,-0.1,0,-0.995],"_humanoidState":5,"_cameraCFrame":[756.823,243.288,36.471,-1,0,0,0,0.726,0.688,0,0.688,-0.726],"_shiftlockState":true,"_pose":"FreeFall","_animationQueue":[],"_animationSpeed":1,"_zoom":13.188},{"_mousePosition":[683,384],"_rootPartCFrame":[758.375,232.595,46.055,-0.997,-0.001,0.076,-0.001,1,0,-0.076,0,-0.997],"_humanoidState":5,"_cameraCFrame":[756.623,243.17,36.485,-1,0,0,0,0.726,0.688,0,0.688,-0.726],"_shiftlockState":true,"_pose":"FreeFall","_animationQueue":[],"_animationSpeed":1,"_zoom":13.188},{"_mousePosition":[683,384],"_rootPartCFrame":[758.172,232.432,46.013,-0.998,-0.002,0.069,-0.002,1,0,-0.069,0,-0.998],"_humanoidState":5,"_cameraCFrame":[756.419,243.006,36.443,-1,0,0,0,0.726,0.688,0,0.688,-0.726],"_shiftlockState":true,"_pose":"FreeFall","_animationQueue":[["fall",0.3]],"_animationSpeed":1,"_zoom":13.188},{"_mousePosition":[683,384],"_rootPartCFrame":[757.972,232.214,46.01,-0.995,-0.001,0.1,-0.001,1,0,-0.1,0,-0.995],"_humanoidState":5,"_cameraCFrame":[756.221,242.788,36.44,-1,0,0,0,0.726,0.688,0,0.688,-0.726],"_shiftlockState":true,"_pose":"FreeFall","_animationQueue":[],"_animationSpeed":1,"_zoom":13.188},{"_mousePosition":[683,384],"_rootPartCFrame":[757.774,231.941,46.047,-0.995,0,0.104,0,1,0,-0.104,0,-0.995],"_humanoidState":5,"_cameraCFrame":[756.024,242.516,36.477,-1,0,0,0,0.726,0.688,0,0.688,-0.726],"_shiftlockState":true,"_pose":"FreeFall","_animationQueue":[],"_animationSpeed":1,"_zoom":13.188},{"_mousePosition":[683,384],"_rootPartCFrame":[757.575,231.621,46.058,-0.998,-0.003,0.069,-0.003,1,-0.001,-0.069,-0.001,-0.998],"_humanoidState":5,"_cameraCFrame":[755.82,242.195,36.487,-1,0,0,0,0.726,0.688,0,0.688,-0.726],"_shiftlockState":true,"_pose":"FreeFall","_animationQueue":[],"_animationSpeed":1,"_zoom":13.188},{"_mousePosition":[683,384],"_rootPartCFrame":[757.367,231.266,46.023,-0.998,-0.005,0.062,-0.005,1,0,-0.062,0,-0.998],"_humanoidState":5,"_cameraCFrame":[755.61,241.84,36.452,-1,0,0,0,0.726,0.688,0,0.688,-0.726],"_shiftlockState":true,"_pose":"FreeFall","_animationQueue":[],"_animationSpeed":1,"_zoom":13.188},{"_mousePosition":[683,384],"_rootPartCFrame":[757.165,230.857,46.027,-0.995,-0.002,0.1,-0.002,1,0,-0.1,0,-0.995],"_humanoidState":5,"_cameraCFrame":[755.412,241.431,36.457,-1,0,0,0,0.726,0.688,0,0.688,-0.726],"_shiftlockState":true,"_pose":"FreeFall","_animationQueue":[],"_animationSpeed":1,"_zoom":13.188},{"_mousePosition":[683,384],"_rootPartCFrame":[756.959,230.396,46.039,-0.996,0,0.087,-0.002,1,-0.014,-0.087,-0.014,-0.996],"_humanoidState":5,"_cameraCFrame":[755.208,240.971,36.449,-1,0,0,0,0.726,0.688,0,0.688,-0.726],"_shiftlockState":true,"_pose":"FreeFall","_animationQueue":[],"_animationSpeed":1,"_zoom":13.188},{"_mousePosition":[683,384],"_rootPartCFrame":[756.739,229.892,46.025,-0.996,0,0.084,-0.002,1,-0.02,-0.084,-0.02,-0.996],"_humanoidState":5,"_cameraCFrame":[754.989,240.466,36.425,-1,0,0,0,0.726,0.688,0,0.688,-0.726],"_shiftlockState":true,"_pose":"FreeFall","_animationQueue":[["fall",0.3]],"_animationSpeed":1,"_zoom":13.188},{"_mousePosition":[683,384],"_rootPartCFrame":[756.526,229.334,46.055,-0.995,-0.001,0.102,-0.002,1,-0.008,-0.102,-0.008,-0.995],"_humanoidState":5,"_cameraCFrame":[754.774,239.908,36.473,-1,0,0,0,0.726,0.688,0,0.688,-0.726],"_shiftlockState":true,"_pose":"FreeFall","_animationQueue":[],"_animationSpeed":1,"_zoom":13.188},{"_mousePosition":[683,384],"_rootPartCFrame":[756.307,228.73,46.057,-0.997,-0.002,0.073,-0.003,1,-0.026,-0.073,-0.026,-0.997],"_humanoidState":5,"_cameraCFrame":[754.555,239.303,36.448,-1,0,0,0,0.726,0.688,0,0.688,-0.726],"_shiftlockState":true,"_pose":"FreeFall","_animationQueue":[],"_animationSpeed":1,"_zoom":13.188},{"_mousePosition":[683,384],"_rootPartCFrame":[756.088,228.08,46.056,-0.996,-0.002,0.091,-0.004,1,-0.019,-0.09,-0.019,-0.996],"_humanoidState":5,"_cameraCFrame":[754.335,238.654,36.457,-1,0,0,0,0.726,0.688,0,0.688,-0.726],"_shiftlockState":true,"_pose":"FreeFall","_animationQueue":[],"_animationSpeed":1,"_zoom":13.188},{"_mousePosition":[683,384],"_rootPartCFrame":[755.868,227.382,46.045,-0.997,-0.004,0.077,-0.005,1,-0.011,-0.077,-0.011,-0.997],"_humanoidState":5,"_cameraCFrame":[754.112,237.956,36.458,-1,0,0,0,0.726,0.688,0,0.688,-0.726],"_shiftlockState":true,"_pose":"FreeFall","_animationQueue":[],"_animationSpeed":1,"_zoom":13.188},{"_mousePosition":[683,384],"_rootPartCFrame":[755.696,226.836,46.005,-0.999,-0.005,0.05,-0.006,1,-0.008,-0.05,-0.008,-0.999],"_humanoidState":5,"_cameraCFrame":[761.218,237.41,37.988,-0.707,-0.487,0.513,0,0.726,0.688,-0.707,0.487,-0.513],"_shiftlockState":true,"_pose":"FreeFall","_animationQueue":[],"_animationSpeed":1,"_zoom":13.188},{"_mousePosition":[683,384],"_rootPartCFrame":[755.369,225.866,45.558,-0.667,0.002,0.745,-0.002,1,-0.004,-0.745,-0.005,-0.667],"_humanoidState":7,"_cameraCFrame":[760.902,236.441,37.547,-0.707,-0.487,0.513,0,0.726,0.688,-0.707,0.487,-0.513],"_shiftlockState":true,"_pose":"FreeFall","_animationQueue":[["fall",0.3],["walk",0.1],["fall",0.3],["fall",0.3]],"_animationSpeed":1,"_zoom":13.188},{"_mousePosition":[683,384],"_rootPartCFrame":[755.103,225.033,45.557,-0.673,-0.001,0.74,0,1,0.001,-0.74,0.001,-0.673],"_humanoidState":7,"_cameraCFrame":[753.352,235.608,35.989,-1,0,0,0,0.726,0.688,0,0.688,-0.726],"_shiftlockState":true,"_pose":"FreeFall","_animationQueue":[],"_animationSpeed":1,"_zoom":13.188},{"_mousePosition":[683,384],"_rootPartCFrame":[754.862,224.146,45.556,-1,0,0.015,0,1,0.001,-0.015,0.001,-1],"_humanoidState":8,"_cameraCFrame":[753.111,234.72,35.988,-1,0,0,0,0.726,0.688,0,0.688,-0.726],"_shiftlockState":true,"_pose":"Running","_animationQueue":[["walk",0.1],["fall",0.3],["walk",0.1]],"_animationSpeed":1.103,"_zoom":13.188},{"_mousePosition":[683,384],"_rootPartCFrame":[754.635,225.029,45.554,-1,0,0.006,0,1,0,-0.006,0,-1],"_humanoidState":3,"_cameraCFrame":[752.885,235.603,35.984,-1,0,0,0,0.726,0.688,0,0.688,-0.726],"_shiftlockState":true,"_pose":"Jumping","_animationQueue":[["walk",0.1],["jump",0.1]],"_animationSpeed":1,"_zoom":13.188},{"_mousePosition":[683,384],"_rootPartCFrame":[754.414,225.878,45.576,-0.997,0,0.074,0,1,0,-0.074,0,-0.997],"_humanoidState":5,"_cameraCFrame":[752.664,236.453,36.006,-1,0,0,0,0.726,0.688,0,0.688,-0.726],"_shiftlockState":true,"_pose":"FreeFall","_animationQueue":[["jump",0.1]],"_animationSpeed":1,"_zoom":13.188},{"_mousePosition":[683,384],"_rootPartCFrame":[754.253,226.48,45.619,-0.997,0,0.075,0,1,0,-0.075,0,-0.997],"_humanoidState":5,"_cameraCFrame":[752.503,237.054,36.049,-1,0,0,0,0.726,0.688,0,0.688,-0.726],"_shiftlockState":true,"_pose":"FreeFall","_animationQueue":[],"_animationSpeed":1,"_zoom":13.188},{"_mousePosition":[683,384],"_rootPartCFrame":[753.994,227.413,45.739,-0.992,0,0.13,0,1,0,-0.13,0,-0.992],"_humanoidState":5,"_cameraCFrame":[752.244,237.988,36.169,-1,0,0,0,0.726,0.688,0,0.688,-0.726],"_shiftlockState":true,"_pose":"FreeFall","_animationQueue":[],"_animationSpeed":1,"_zoom":13.188},{"_mousePosition":[683,384],"_rootPartCFrame":[753.796,228.099,45.878,-0.995,0,0.104,0,1,0,-0.104,0,-0.995],"_humanoidState":5,"_cameraCFrame":[752.046,238.673,36.308,-1,0,0,0,0.726,0.688,0,0.688,-0.726],"_shiftlockState":true,"_pose":"FreeFall","_animationQueue":[],"_animationSpeed":1,"_zoom":13.188},{"_mousePosition":[683,384],"_rootPartCFrame":[753.652,228.578,46.009,-0.997,0,0.078,0,1,0,-0.078,0,-0.997],"_humanoidState":5,"_cameraCFrame":[751.902,239.152,36.439,-1,0,0,0,0.726,0.688,0,0.688,-0.726],"_shiftlockState":true,"_pose":"FreeFall","_animationQueue":[],"_animationSpeed":1,"_zoom":13.188},{"_mousePosition":[683,384],"_rootPartCFrame":[753.42,229.268,46.073,-1,0.01,0.02,0.01,1,-0.001,-0.02,-0.001,-1],"_humanoidState":5,"_cameraCFrame":[751.686,239.842,36.502,-1,0,0,0,0.726,0.688,0,0.688,-0.726],"_shiftlockState":true,"_pose":"FreeFall","_animationQueue":[],"_animationSpeed":1,"_zoom":13.188},{"_mousePosition":[683,384],"_rootPartCFrame":[753.228,229.735,46.065,-0.997,0.008,0.071,0.007,1,-0.012,-0.071,-0.012,-0.997],"_humanoidState":5,"_cameraCFrame":[751.491,240.309,36.478,-1,0,0,0,0.726,0.688,0,0.688,-0.726],"_shiftlockState":true,"_pose":"FreeFall","_animationQueue":[],"_animationSpeed":1,"_zoom":13.188},{"_mousePosition":[683,384],"_rootPartCFrame":[753.025,230.14,46.046,-0.997,0.005,0.076,0.004,1,-0.009,-0.076,-0.009,-0.997],"_humanoidState":5,"_cameraCFrame":[751.282,240.714,36.463,-1,0,0,0,0.726,0.688,0,0.688,-0.726],"_shiftlockState":true,"_pose":"FreeFall","_animationQueue":[],"_animationSpeed":1,"_zoom":13.188},{"_mousePosition":[683,384],"_rootPartCFrame":[752.813,230.48,46.012,-0.996,0.001,0.085,0.002,1,0.004,-0.085,0.004,-0.996],"_humanoidState":5,"_cameraCFrame":[751.065,241.054,36.448,-1,0,0,0,0.726,0.688,0,0.688,-0.726],"_shiftlockState":true,"_pose":"FreeFall","_animationQueue":[],"_animationSpeed":1,"_zoom":13.188},{"_mousePosition":[683,384],"_rootPartCFrame":[752.607,230.767,46.014,-0.995,0,0.102,0.001,1,0.003,-0.102,0.003,-0.995],"_humanoidState":5,"_cameraCFrame":[750.857,241.341,36.448,-1,0,0,0,0.726,0.688,0,0.688,-0.726],"_shiftlockState":true,"_pose":"FreeFall","_animationQueue":[],"_animationSpeed":1,"_zoom":13.188},{"_mousePosition":[683,384],"_rootPartCFrame":[752.404,230.998,46.055,-0.995,0,0.104,0,1,0.001,-0.104,0.001,-0.995],"_humanoidState":5,"_cameraCFrame":[750.654,241.572,36.486,-1,0,0,0,0.726,0.688,0,0.688,-0.726],"_shiftlockState":true,"_pose":"FreeFall","_animationQueue":[],"_animationSpeed":1,"_zoom":13.188},{"_mousePosition":[683,384],"_rootPartCFrame":[752.44,231.163,46.05,-1,0.023,-0.002,0.023,1,-0.001,0.002,-0.001,-1],"_humanoidState":12,"_cameraCFrame":[750.725,241.737,36.479,-1,0,0,0,0.726,0.688,0,0.688,-0.726],"_shiftlockState":true,"_pose":"FreeFall","_animationQueue":[["walk",0.1]],"_animationSpeed":0.865,"_zoom":13.188},{"_mousePosition":[683,384],"_rootPartCFrame":[752.443,231.349,46.049,-1,0.005,0,0.005,1,0,0,0,-1],"_humanoidState":12,"_cameraCFrame":[750.7,241.923,36.48,-1,0,0,0,0.726,0.688,0,0.688,-0.726],"_shiftlockState":true,"_pose":"Climbing","_animationQueue":[["climb",0.1]],"_animationSpeed":0.912,"_zoom":13.188},{"_mousePosition":[683,384],"_rootPartCFrame":[752.444,231.536,46.049,-1,-0.001,0,-0.001,1,0,0,0,-1],"_humanoidState":12,"_cameraCFrame":[750.692,242.11,36.48,-1,0,0,0,0.726,0.688,0,0.688,-0.726],"_shiftlockState":true,"_pose":"Climbing","_animationQueue":[],"_animationSpeed":0.912,"_zoom":13.188},{"_mousePosition":[683,384],"_rootPartCFrame":[752.445,231.769,46.049,-1,-0.001,0,-0.001,1,0,0,0,-1],"_humanoidState":12,"_cameraCFrame":[750.694,242.343,36.479,-1,0,0,0,0.726,0.688,0,0.688,-0.726],"_shiftlockState":true,"_pose":"Climbing","_animationQueue":[],"_animationSpeed":0.912,"_zoom":13.188},{"_mousePosition":[683,384],"_rootPartCFrame":[752.445,231.909,46.049,-1,0,0,0,1,0,0,0,-1],"_humanoidState":12,"_cameraCFrame":[750.695,242.483,36.479,-1,0,0,0,0.726,0.688,0,0.688,-0.726],"_shiftlockState":true,"_pose":"Climbing","_animationQueue":[],"_animationSpeed":0.912,"_zoom":13.188},{"_mousePosition":[683,384],"_rootPartCFrame":[752.445,232.096,46.049,-1,0,0,0,1,0,0,0,-1],"_humanoidState":12,"_cameraCFrame":[750.695,242.67,36.479,-1,0,0,0,0.726,0.688,0,0.688,-0.726],"_shiftlockState":true,"_pose":"Climbing","_animationQueue":[],"_animationSpeed":0.912,"_zoom":13.188},{"_mousePosition":[683,384],"_rootPartCFrame":[752.445,232.283,46.049,-1,0,0,0,1,0,0,0,-1],"_humanoidState":12,"_cameraCFrame":[750.695,242.857,36.479,-1,0,0,0,0.726,0.688,0,0.688,-0.726],"_shiftlockState":true,"_pose":"Climbing","_animationQueue":[],"_animationSpeed":0.912,"_zoom":13.188},{"_mousePosition":[683,384],"_rootPartCFrame":[752.445,232.469,46.049,-1,0,0,0,1,0,0,0,-1],"_humanoidState":12,"_cameraCFrame":[750.695,243.043,36.479,-1,0,0,0,0.726,0.688,0,0.688,-0.726],"_shiftlockState":true,"_pose":"Climbing","_animationQueue":[],"_animationSpeed":0.912,"_zoom":13.188},{"_mousePosition":[683,384],"_rootPartCFrame":[752.445,232.656,46.049,-1,0,0,0,1,0,0,0,-1],"_humanoidState":12,"_cameraCFrame":[750.695,243.23,36.479,-1,0,0,0,0.726,0.688,0,0.688,-0.726],"_shiftlockState":true,"_pose":"Climbing","_animationQueue":[],"_animationSpeed":0.912,"_zoom":13.188},{"_mousePosition":[683,384],"_rootPartCFrame":[752.445,232.842,46.049,-1,0,0,0,1,0,0,0,-1],"_humanoidState":12,"_cameraCFrame":[750.695,243.417,36.479,-1,0,0,0,0.726,0.688,0,0.688,-0.726],"_shiftlockState":true,"_pose":"Climbing","_animationQueue":[],"_animationSpeed":0.912,"_zoom":13.188},{"_mousePosition":[683,384],"_rootPartCFrame":[752.445,233.029,46.049,-1,0,0,0,1,0,0,0,-1],"_humanoidState":12,"_cameraCFrame":[750.695,243.603,36.479,-1,0,0,0,0.726,0.688,0,0.688,-0.726],"_shiftlockState":true,"_pose":"Climbing","_animationQueue":[],"_animationSpeed":0.912,"_zoom":13.188},{"_mousePosition":[683,384],"_rootPartCFrame":[752.445,233.216,46.049,-1,0,0,0,1,0,0,0,-1],"_humanoidState":12,"_cameraCFrame":[750.695,243.79,36.479,-1,0,0,0,0.726,0.688,0,0.688,-0.726],"_shiftlockState":true,"_pose":"Climbing","_animationQueue":[],"_animationSpeed":0.912,"_zoom":13.188},{"_mousePosition":[683,384],"_rootPartCFrame":[752.445,233.402,46.049,-1,0,0,0,1,0,0,0,-1],"_humanoidState":12,"_cameraCFrame":[750.695,243.977,36.479,-1,0,0,0,0.726,0.688,0,0.688,-0.726],"_shiftlockState":true,"_pose":"Climbing","_animationQueue":[],"_animationSpeed":0.912,"_zoom":13.188},{"_mousePosition":[683,384],"_rootPartCFrame":[752.445,233.589,46.049,-1,0,0,0,1,0,0,0,-1],"_humanoidState":12,"_cameraCFrame":[750.695,244.163,36.479,-1,0,0,0,0.726,0.688,0,0.688,-0.726],"_shiftlockState":true,"_pose":"Climbing","_animationQueue":[],"_animationSpeed":0.912,"_zoom":13.188},{"_mousePosition":[683,384],"_rootPartCFrame":[752.445,233.776,46.049,-1,0,0,0,1,0,0,0,-1],"_humanoidState":12,"_cameraCFrame":[750.695,244.35,36.479,-1,0,0,0,0.726,0.688,0,0.688,-0.726],"_shiftlockState":true,"_pose":"Climbing","_animationQueue":[],"_animationSpeed":0.912,"_zoom":13.188},{"_mousePosition":[683,384],"_rootPartCFrame":[752.445,233.962,46.049,-1,0,0,0,1,0,0,0,-1],"_humanoidState":12,"_cameraCFrame":[750.695,244.537,36.479,-1,0,0,0,0.726,0.688,0,0.688,-0.726],"_shiftlockState":true,"_pose":"Climbing","_animationQueue":[],"_animationSpeed":0.912,"_zoom":13.188},{"_mousePosition":[683,384],"_rootPartCFrame":[752.445,234.149,46.049,-1,0,0,0,1,0,0,0,-1],"_humanoidState":12,"_cameraCFrame":[750.695,244.723,36.479,-1,0,0,0,0.726,0.688,0,0.688,-0.726],"_shiftlockState":true,"_pose":"Climbing","_animationQueue":[],"_animationSpeed":0.912,"_zoom":13.188},{"_mousePosition":[683,384],"_rootPartCFrame":[752.445,234.336,46.049,-1,0,0,0,1,0,0,0,-1],"_humanoidState":12,"_cameraCFrame":[750.695,244.91,36.479,-1,0,0,0,0.726,0.688,0,0.688,-0.726],"_shiftlockState":true,"_pose":"Climbing","_animationQueue":[],"_animationSpeed":0.912,"_zoom":13.188},{"_mousePosition":[683,384],"_rootPartCFrame":[752.445,234.522,46.049,-1,0,0,0,1,0,0,0,-1],"_humanoidState":12,"_cameraCFrame":[750.695,245.096,36.479,-1,0,0,0,0.726,0.688,0,0.688,-0.726],"_shiftlockState":true,"_pose":"Climbing","_animationQueue":[],"_animationSpeed":0.912,"_zoom":13.188},{"_mousePosition":[683,384],"_rootPartCFrame":[752.445,234.709,46.049,-1,0,0,0,1,0,0,0,-1],"_humanoidState":12,"_cameraCFrame":[752.445,245.283,36.479,-1,0,0,0,0.726,0.688,0,0.688,-0.726],"_shiftlockState":false,"_pose":"Climbing","_animationQueue":[],"_animationSpeed":0.912,"_zoom":13.188},{"_mousePosition":[683,384],"_rootPartCFrame":[752.445,234.896,46.049,-1,0,0,0,1,0,0,0,-1],"_humanoidState":12,"_cameraCFrame":[752.445,245.47,36.479,-1,0,0,0,0.726,0.688,0,0.688,-0.726],"_shiftlockState":false,"_pose":"Climbing","_animationQueue":[],"_animationSpeed":0.912,"_zoom":13.188},{"_mousePosition":[683,384],"_rootPartCFrame":[752.445,235.082,46.049,-1,0,0,0,1,0,0,0,-1],"_humanoidState":12,"_cameraCFrame":[752.445,245.656,36.479,-1,0,0,0,0.726,0.688,0,0.688,-0.726],"_shiftlockState":false,"_pose":"Climbing","_animationQueue":[]