[{"_mousePosition":[1236,373],"_rootPartCFrame":[776.028,222.95,47.142,0,0,1,0,1,0,-1,0,0],"_humanoidState":8,"_cameraCFrame":[776.468,231.391,43.791,-0.991,-0.117,0.057,0,0.438,0.899,-0.13,0.891,-0.434],"_shiftlockState":false,"_pose":"Standing","_animationQueue":[],"_animationSpeed":1,"_zoom":7.72},{"_mousePosition":[1246,383],"_rootPartCFrame":[776.011,222.937,47.14,0.002,0,1,0,1,0,-1,0,0.002],"_humanoidState":8,"_cameraCFrame":[776.451,231.378,43.789,-0.991,-0.117,0.057,0,0.438,0.899,-0.13,0.891,-0.434],"_shiftlockState":false,"_pose":"Standing","_animationQueue":[],"_animationSpeed":1,"_zoom":7.72},{"_mousePosition":[1266,398],"_rootPartCFrame":[775.783,222.832,47.11,0.018,0,1,0,1,0,-1,0,0.018],"_humanoidState":8,"_cameraCFrame":[776.224,231.273,43.759,-0.991,-0.117,0.057,0,0.438,0.899,-0.13,0.891,-0.434],"_shiftlockState":false,"_pose":"Running","_animationQueue":[["walk",0.1]],"_animationSpeed":0.279,"_zoom":7.72},{"_mousePosition":[1296,415],"_rootPartCFrame":[775.52,222.672,47.075,0.033,0,0.999,0,1,0,-0.999,0,0.033],"_humanoidState":8,"_cameraCFrame":[775.96,231.113,43.724,-0.991,-0.117,0.057,0,0.438,0.899,-0.13,0.891,-0.434],"_shiftlockState":false,"_pose":"Running","_animationQueue":[["walk",0.1]],"_animationSpeed":1.066,"_zoom":7.72},{"_mousePosition":[1334,432],"_rootPartCFrame":[775.255,222.653,47.041,0.046,0,0.999,0,1,0,-0.999,0,0.046],"_humanoidState":8,"_cameraCFrame":[775.695,231.094,43.69,-0.991,-0.117,0.057,0,0.438,0.899,-0.13,0.891,-0.434],"_shiftlockState":false,"_pose":"Running","_animationQueue":[["walk",0.1]],"_animationSpeed":1.066,"_zoom":7.72},{"_mousePosition":[1365,450],"_rootPartCFrame":[774.991,222.669,47.006,0.058,0,0.998,0,1,0,-0.998,0,0.058],"_humanoidState":8,"_cameraCFrame":[773.696,231.11,43.427,-0.991,-0.117,0.057,0,0.438,0.899,-0.13,0.891,-0.434],"_shiftlockState":true,"_pose":"Running","_animationQueue":[],"_animationSpeed":1.066,"_zoom":7.72},{"_mousePosition":[683,384],"_rootPartCFrame":[774.727,222.683,46.971,-0.998,0,0.065,0,1,0,-0.065,0,-0.998],"_humanoidState":8,"_cameraCFrame":[773.432,231.124,43.392,-0.991,-0.117,0.057,0,0.438,0.899,-0.13,0.891,-0.434],"_shiftlockState":true,"_pose":"Running","_animationQueue":[],"_animationSpeed":1.066,"_zoom":7.72},{"_mousePosition":[683,384],"_rootPartCFrame":[774.462,222.69,46.936,-0.995,0,0.104,0,1,0,-0.104,0,-0.995],"_humanoidState":8,"_cameraCFrame":[773.456,231.198,43.395,-0.976,-0.197,0.091,0,0.42,0.908,-0.217,0.886,-0.41],"_shiftlockState":true,"_pose":"Running","_animationQueue":[],"_animationSpeed":1.066,"_zoom":7.72},{"_mousePosition":[683,384],"_rootPartCFrame":[774.198,222.695,46.902,-0.976,0,0.219,0,1,0,-0.219,0,-0.976],"_humanoidState":8,"_cameraCFrame":[773.502,231.269,43.418,-0.95,-0.287,0.125,0,0.4,0.916,-0.313,0.87,-0.38],"_shiftlockState":true,"_pose":"Running","_animationQueue":[],"_animationSpeed":1.066,"_zoom":7.72},{"_mousePosition":[683,384],"_rootPartCFrame":[773.937,222.697,46.847,-0.949,0,0.314,0,1,0,-0.314,0,-0.949],"_humanoidState":8,"_cameraCFrame":[773.458,231.32,43.427,-0.924,-0.353,0.147,0,0.386,0.923,-0.382,0.853,-0.356],"_shiftlockState":true,"_pose":"Running","_animationQueue":[],"_animationSpeed":1.066,"_zoom":7.72},{"_mousePosition":[683,384],"_rootPartCFrame":[773.682,222.698,46.768,-0.924,0,0.383,0,1,0,-0.383,0,-0.924],"_humanoidState":8,"_cameraCFrame":[773.417,231.366,43.419,-0.892,-0.42,0.168,0,0.371,0.928,-0.452,0.828,-0.331],"_shiftlockState":true,"_pose":"Running","_animationQueue":[],"_animationSpeed":1.066,"_zoom":7.72},{"_mousePosition":[683,384],"_rootPartCFrame":[773.435,222.699,46.668,-0.892,0,0.452,0,1,0,-0.452,0,-0.892],"_humanoidState":8,"_cameraCFrame":[773.316,231.403,43.39,-0.865,-0.469,0.181,0,0.359,0.933,-0.502,0.807,-0.311],"_shiftlockState":true,"_pose":"Running","_animationQueue":[["walk",0.1]],"_animationSpeed":1.066,"_zoom":7.72},{"_mousePosition":[683,384],"_rootPartCFrame":[773.196,222.699,46.551,-0.865,0,0.502,0,1,0,-0.502,0,-0.865],"_humanoidState":8,"_cameraCFrame":[773.166,231.423,43.315,-0.846,-0.499,0.188,0,0.353,0.936,-0.533,0.792,-0.298],"_shiftlockState":true,"_pose":"Running","_animationQueue":[],"_animationSpeed":1.066,"_zoom":7.72},{"_mousePosition":[683,384],"_rootPartCFrame":[772.964,222.699,46.419,-0.846,0,0.533,0,1,0,-0.533,0,-0.846],"_humanoidState":8,"_cameraCFrame":[772.959,231.437,43.212,-0.839,-0.51,0.19,0,0.348,0.937,-0.544,0.786,-0.292],"_shiftlockState":true,"_pose":"Running","_animationQueue":[],"_animationSpeed":1.066,"_zoom":7.72},{"_mousePosition":[683,384],"_rootPartCFrame":[772.738,222.7,46.278,-0.839,0,0.544,0,1,0,-0.544,0,-0.839],"_humanoidState":8,"_cameraCFrame":[772.726,231.441,43.081,-0.839,-0.511,0.189,0,0.347,0.938,-0.544,0.787,-0.291],"_shiftlockState":true,"_pose":"Running","_animationQueue":[],"_animationSpeed":1.066,"_zoom":7.72},{"_mousePosition":[683,384],"_rootPartCFrame":[772.57,222.7,46.17,-0.839,0,0.544,0,1,0,-0.544,0,-0.839],"_humanoidState":8,"_cameraCFrame":[772.5,231.46,43.017,-0.844,-0.505,0.182,0,0.34,0.941,-0.536,0.794,-0.287],"_shiftlockState":true,"_pose":"Running","_animationQueue":[],"_animationSpeed":1.066,"_zoom":7.72},{"_mousePosition":[683,384],"_rootPartCFrame":[772.29,222.7,45.988,-0.844,0,0.536,0,1,0,-0.536,0,-0.844],"_humanoidState":8,"_cameraCFrame":[772.153,231.483,42.891,-0.85,-0.498,0.175,0,0.331,0.943,-0.528,0.801,-0.282],"_shiftlockState":true,"_pose":"Running","_animationQueue":[],"_animationSpeed":1.066,"_zoom":7.72},{"_mousePosition":[683,384],"_rootPartCFrame":[772.065,222.7,45.845,-0.85,0,0.528,0,1,0,-0.528,0,-0.85],"_humanoidState":8,"_cameraCFrame":[771.866,231.506,42.805,-0.854,-0.492,0.168,0,0.323,0.946,-0.52,0.809,-0.276],"_shiftlockState":true,"_pose":"Running","_animationQueue":[],"_animationSpeed":1.066,"_zoom":7.72},{"_mousePosition":[683,384],"_rootPartCFrame":[771.839,222.7,45.704,-0.854,0,0.52,0,1,0,-0.52,0,-0.854],"_humanoidState":8,"_cameraCFrame":[771.599,231.52,42.7,-0.858,-0.488,0.163,0,0.318,0.948,-0.514,0.813,-0.272],"_shiftlockState":true,"_pose":"Running","_animationQueue":[["walk",0.1]],"_animationSpeed":1.066,"_zoom":7.72},{"_mousePosition":[683,384],"_rootPartCFrame":[771.611,222.7,45.565,-0.858,0,0.514,0,1,0,-0.514,0,-0.858],"_humanoidState":8,"_cameraCFrame":[771.31,231.537,42.61,-0.864,-0.479,0.157,0,0.311,0.95,-0.504,0.821,-0.268],"_shiftlockState":true,"_pose":"Running","_animationQueue":[],"_animationSpeed":1.066,"_zoom":7.72},{"_mousePosition":[683,384],"_rootPartCFrame":[771.383,222.7,45.427,-0.864,0,0.504,0,1,0,-0.504,0,-0.864],"_humanoidState":8,"_cameraCFrame":[770.991,231.558,42.537,-0.873,-0.464,0.147,0,0.302,0.953,-0.487,0.833,-0.264],"_shiftlockState":true,"_pose":"Running","_animationQueue":[],"_animationSpeed":1.066,"_zoom":7.72},{"_mousePosition":[683,384],"_rootPartCFrame":[771.095,222.7,45.259,-0.873,0,0.487,0,1,0,-0.487,0,-0.873],"_humanoidState":8,"_cameraCFrame":[770.58,231.584,42.455,-0.887,-0.441,0.134,0,0.292,0.957,-0.461,0.849,-0.259],"_shiftlockState":true,"_pose":"Running","_animationQueue":[],"_animationSpeed":1.066,"_zoom":7.72},{"_mousePosition":[683,384],"_rootPartCFrame":[770.863,222.7,45.129,-0.887,0,0.461,0,1,0,-0.461,0,-0.887],"_humanoidState":8,"_cameraCFrame":[770.191,231.616,42.444,-0.905,-0.409,0.118,0,0.278,0.961,-0.425,0.869,-0.251],"_shiftlockState":true,"_pose":"Running","_animationQueue":[],"_animationSpeed":1.066,"_zoom":7.72},{"_mousePosition":[683,384],"_rootPartCFrame":[770.571,223.783,44.966,-0.905,0,0.426,0,1,0,-0.426,0,-0.905],"_humanoidState":3,"_cameraCFrame":[769.764,232.727,42.396,-0.92,-0.378,0.104,0,0.265,0.964,-0.392,0.887,-0.244],"_shiftlockState":true,"_pose":"Jumping","_animationQueue":[["walk",0.1],["jump",0.1]],"_animationSpeed":1,"_zoom":7.72},{"_mousePosition":[683,384],"_rootPartCFrame":[770.392,224.395,44.878,-0.894,0,0.449,0,1,0,-0.449,0,-0.894],"_humanoidState":5,"_cameraCFrame":[769.456,233.361,42.42,-0.934,-0.344,0.091,0,0.254,0.967,-0.356,0.904,-0.238],"_shiftlockState":true,"_pose":"FreeFall","_animationQueue":[["jump",0.1]],"_animationSpeed":1,"_zoom":7.72},{"_mousePosition":[683,384],"_rootPartCFrame":[770.147,225.162,44.772,-0.883,0,0.47,0,1,0,-0.47,0,-0.883],"_humanoidState":5,"_cameraCFrame":[769.083,234.15,42.435,-0.949,-0.307,0.077,0,0.243,0.97,-0.317,0.92,-0.231],"_shiftlockState":true,"_pose":"FreeFall","_animationQueue":[],"_animationSpeed":1,"_zoom":7.72},{"_mousePosition":[683,384],"_rootPartCFrame":[769.899,225.875,44.676,-0.898,0,0.439,0,1,0,-0.439,0,-0.898],"_humanoidState":5,"_cameraCFrame":[768.737,234.879,42.44,-0.959,-0.277,0.067,0,0.235,0.972,-0.285,0.932,-0.225],"_shiftlockState":true,"_pose":"FreeFall","_animationQueue":[],"_animationSpeed":1,"_zoom":7.72},{"_mousePosition":[683,384],"_rootPartCFrame":[769.646,226.534,44.59,-0.912,0,0.409,0,1,0,-0.409,0,-0.912],"_humanoidState":5,"_cameraCFrame":[768.405,235.55,42.437,-0.967,-0.249,0.058,0,0.229,0.974,-0.255,0.941,-0.221],"_shiftlockState":true,"_pose":"FreeFall","_animationQueue":[],"_animationSpeed":1,"_zoom":7.72},{"_mousePosition":[683,384],"_rootPartCFrame":[769.391,227.138,44.512,-0.924,0,0.382,0,1,0,-0.382,0,-0.924],"_humanoidState":5,"_cameraCFrame":[768.081,236.162,42.431,-0.974,-0.222,0.051,0,0.224,0.975,-0.228,0.949,-0.218],"_shiftlockState":true,"_pose":"FreeFall","_animationQueue":[],"_animationSpeed":1,"_zoom":7.72},{"_mousePosition":[683,384],"_rootPartCFrame":[769.198,227.555,44.46,-0.946,0,0.324,0,1,0,-0.324,0,-0.946],"_humanoidState":5,"_cameraCFrame":[767.797,236.59,42.48,-0.982,-0.185,0.041,0,0.218,0.976,-0.189,0.958,-0.214],"_shiftlockState":true,"_pose":"FreeFall","_animationQueue":[],"_animationSpeed":1,"_zoom":7.72},{"_mousePosition":[683,384],"_rootPartCFrame":[768.874,228.182,44.383,-0.937,0,0.349,0,1,0,-0.349,0,-0.937],"_humanoidState":5,"_cameraCFrame":[767.358,237.233,42.555,-0.991,-0.132,0.028,0,0.208,0.978,-0.135,0.969,-0.206],"_shiftlockState":true,"_pose":"FreeFall","_animationQueue":[],"_animationSpeed":1,"_zoom":7.72},{"_mousePosition":[683,384],"_rootPartCFrame":[768.612,228.623,44.331,-0.964,0,0.266,0,1,0,-0.266,0,-0.964],"_humanoidState":5,"_cameraCFrame":[766.985,237.688,42.663,-0.997,-0.075,0.015,0,0.199,0.98,-0.076,0.977,-0.199],"_shiftlockState":true,"_pose":"FreeFall","_animationQueue":[],"_animationSpeed":1,"_zoom":7.72},{"_mousePosition":[683,384],"_rootPartCFrame":[768.349,229.009,44.293,-0.978,0,0.208,0,1,0,-0.208,0,-0.978],"_humanoidState":5,"_cameraCFrame":[766.636,238.084,42.759,-1,-0.024,0.005,0,0.193,0.981,-0.025,0.981,-0.193],"_shiftlockState":true,"_pose":"FreeFall","_animationQueue":[],"_animationSpeed":1,"_zoom":7.72},{"_mousePosition":[683,384],"_rootPartCFrame":[768.083,229.34,44.27,-0.988,0,0.157,0,1,0,-0.157,0,-0.988],"_humanoidState":5,"_cameraCFrame":[766.268,238.427,42.923,-0.999,0.046,-0.009,0,0.185,0.983,0.046,0.982,-0.185],"_shiftlockState":true,"_pose":"FreeFall","_animationQueue":[],"_animationSpeed":1,"_zoom":7.72},{"_mousePosition":[683,384],"_rootPartCFrame":[767.816,229.617,44.261,-0.996,0,0.087,0,1,0,-0.087,0,-0.996],"_humanoidState":5,"_cameraCFrame":[765.924,238.711,43.07,-0.994,0.108,-0.02,0,0.18,0.984,0.11,0.978,-0.179],"_shiftlockState":true,"_pose":"FreeFall","_animationQueue":[],"_animationSpeed":1,"_zoom":7.72},{"_mousePosition":[683,384],"_rootPartCFrame":[767.55,229.84,44.27,-1,0,0.023,0,1,0,-0.023,0,-1],"_humanoidState":5,"_cameraCFrame":[765.58,238.941,43.269,-0.983,0.183,-0.032,0,0.175,0.985,0.186,0.967,-0.172],"_shiftlockState":true,"_pose":"FreeFall","_animationQueue":[],"_animationSpeed":1,"_zoom":7.72},{"_mousePosition":[683,384],"_rootPartCFrame":[767.285,230.008,44.296,-0.999,0,-0.053,0,1,0,0.053,0,-0.999],"_humanoidState":5,"_cameraCFrame":[765.252,239.111,43.442,-0.967,0.249,-0.044,0,0.174,0.985,0.253,0.953,-0.168],"_shiftlockState":true,"_pose":"FreeFall","_animationQueue":[],"_animationSpeed":1,"_zoom":7.72},{"_mousePosition":[683,384],"_rootPartCFrame":[767.022,230.122,44.342,-0.992,0,-0.122,0,1,0,0.122,0,-0.992],"_humanoidState":5,"_cameraCFrame":[764.938,239.224,43.624,-0.949,0.311,-0.055,0,0.174,0.985,0.316,0.934,-0.165],"_shiftlockState":true,"_pose":"FreeFall","_animationQueue":[],"_animationSpeed":1,"_zoom":7.72},{"_mousePosition":[683,384],"_rootPartCFrame":[766.763,230.181,44.406,-0.982,0,-0.187,0,1,0,0.187,0,-0.982],"_humanoidState":5,"_cameraCFrame":[764.637,239.283,43.824,-0.926,0.371,-0.065,0,0.174,0.985,0.377,0.912,-0.161],"_shiftlockState":true,"_pose":"FreeFall","_animationQueue":[["fall",0.3]],"_animationSpeed":1,"_zoom":7.72},{"_mousePosition":[683,384],"_rootPartCFrame":[766.509,230.185,44.487,-0.968,0,-0.251,0,1,0,0.251,0,-0.968],"_humanoidState":5,"_cameraCFrame":[764.347,239.287,44.037,-0.9,0.429,-0.076,0,0.174,0.985,0.436,0.886,-0.157],"_shiftlockState":true,"_pose":"FreeFall","_animationQueue":[],"_animationSpeed":1,"_zoom":7.72},{"_mousePosition":[683,384],"_rootPartCFrame":[766.261,230.135,44.585,-0.95,0,-0.312,0,1,0,0.312,0,-0.95],"_humanoidState":5,"_cameraCFrame":[764.058,239.23,44.232,-0.873,0.481,-0.088,0,0.179,0.984,0.488,0.858,-0.156],"_shiftlockState":true,"_pose":"FreeFall","_animationQueue":[],"_animationSpeed":1,"_zoom":7.72},{"_mousePosition":[683,384],"_rootPartCFrame":[766.02,230.031,44.698,-0.93,0,-0.368,0,1,0,0.368,0,-0.93],"_humanoidState":5,"_cameraCFrame":[763.792,239.122,44.448,-0.845,0.525,-0.097,0,0.182,0.983,0.534,0.831,-0.153],"_shiftlockState":true,"_pose":"FreeFall","_animationQueue":[],"_animationSpeed":1,"_zoom":7.72},{"_mousePosition":[683,384],"_rootPartCFrame":[765.786,229.872,44.826,-0.909,0,-0.417,0,1,0,0.417,0,-0.909],"_humanoidState":5,"_cameraCFrame":[763.549,238.963,44.677,-0.82,0.562,-0.104,0,0.182,0.983,0.572,0.807,-0.149],"_shiftlockState":true,"_pose":"FreeFall","_animationQueue":[],"_animationSpeed":1,"_zoom":7.72},{"_mousePosition":[683,384],"_rootPartCFrame":[765.559,229.658,44.967,-0.889,0,-0.458,0,1,0,0.458,0,-0.889],"_humanoidState":5,"_cameraCFrame":[763.326,238.752,44.912,-0.798,0.593,-0.108,0,0.18,0.984,0.602,0.785,-0.144],"_shiftlockState":true,"_pose":"FreeFall","_animationQueue":[],"_animationSpeed":1,"_zoom":7.72},{"_mousePosition":[683,384],"_rootPartCFrame":[765.34,229.39,45.118,-0.871,0,-0.491,0,1,0,0.491,0,-0.871],"_humanoidState":5,"_cameraCFrame":[763.109,238.485,45.152,-0.775,0.622,-0.113,0,0.179,0.984,0.632,0.762,-0.139],"_shiftlockState":true,"_pose":"FreeFall","_animationQueue":[["fall",0.3]],"_animationSpeed":1,"_zoom":7.72},{"_mousePosition":[683,384],"_rootPartCFrame":[765.126,229.068,45.277,-0.852,0,-0.523,0,1,0,0.523,0,-0.852],"_humanoidState":5,"_cameraCFrame":[762.895,238.162,45.402,-0.747,0.654,-0.12,0,0.18,0.984,0.665,0.735,-0.134],"_shiftlockState":true,"_pose":"FreeFall","_animationQueue":[],"_animationSpeed":1,"_zoom":7.72},{"_mousePosition":[683,384],"_rootPartCFrame":[764.918,228.691,45.445,-0.829,0,-0.56,0,1,0,0.56,0,-0.829],"_humanoidState":5,"_cameraCFrame":[762.68,237.781,45.636,-0.723,0.679,-0.126,0,0.182,0.983,0.691,0.711,-0.132],"_shiftlockState":true,"_pose":"FreeFall","_animationQueue":[],"_animationSpeed":1,"_zoom":7.72},{"_mousePosition":[683,384],"_rootPartCFrame":[764.718,228.259,45.621,-0.808,0,-0.589,0,1,0,0.589,0,-0.808],"_humanoidState":5,"_cameraCFrame":[762.478,237.347,45.869,-0.702,0.7,-0.131,0,0.184,0.983,0.712,0.69,-0.129],"_shiftlockState":true,"_pose":"FreeFall","_animationQueue":[],"_animationSpeed":1,"_zoom":7.72},{"_mousePosition":[683,384],"_rootPartCFrame":[764.524,227.773,45.804,-0.791,0,-0.612,0,1,0,0.612,0,-0.791],"_humanoidState":5,"_cameraCFrame":[762.277,236.858,46.093,-0.685,0.716,-0.136,0,0.186,0.982,0.728,0.673,-0.128],"_shiftlockState":true,"_pose":"FreeFall","_animationQueue":[],"_animationSpeed":1,"_zoom":7.72},{"_mousePosition":[683,384],"_rootPartCFrame":[764.289,227.089,46.04,-0.796,0,-0.605,0,1,0,0.605,0,-0.796],"_humanoidState":5,"_cameraCFrame":[762.031,236.169,46.358,-0.67,0.729,-0.141,0,0.19,0.982,0.742,0.658,-0.127],"_shiftlockState":true,"_pose":"FreeFall","_animationQueue":[],"_animationSpeed":1,"_zoom":7.72},{"_mousePosition":[683,384],"_rootPartCFrame":[764.152,227.037,46.185,-0.694,0,-0.72,0,1,0,0.72,0,-0.694],"_humanoidState":7,"_cameraCFrame":[761.882,236.112,46.534,-0.655,0.742,-0.146,0,0.193,0.981,0.756,0.643,-0.126],"_shiftlockState":true,"_pose":"FreeFall","_animationQueue":[["fall",0.3],["walk",0.1],["fall",0.3],["fall",0.3]],"_animationSpeed":1,"_zoom":7.72},{"_mousePosition":[683,384],"_rootPartCFrame":[763.972,227.178,46.382,-0.659,0,-0.752,0,1,0,0.752,0,-0.659],"_humanoidState":7,"_cameraCFrame":[761.693,236.25,46.75,-0.644,0.75,-0.149,0,0.195,0.981,0.765,0.632,-0.126],"_shiftlockState":true,"_pose":"FreeFall","_animationQueue":[],"_animationSpeed":1,"_zoom":7.72},{"_mousePosition":[683,384],"_rootPartCFrame":[763.797,227.295,46.583,-0.645,0,-0.764,0,1,0,0.764,0,-0.645],"_humanoidState":7,"_cameraCFrame":[761.519,236.366,46.956,-0.643,0.751,-0.149,0,0.195,0.981,0.766,0.63,-0.125],"_shiftlockState":true,"_pose":"FreeFall","_animationQueue":[],"_animationSpeed":1,"_zoom":7.72},{"_mousePosition":[683,384],"_rootPartCFrame":[763.582,227.376,46.838,-0.643,0,-0.766,0,1,0,0.766,0,-0.643],"_humanoidState":8,"_cameraCFrame":[761.293,236.445,47.196,-0.645,0.749,-0.15,0,0.197,0.98,0.764,0.633,-0.127],"_shiftlockState":true,"_pose":"Running","_animationQueue":[["walk",0.1],["fall",0.3],["walk",0.1]],"_animationSpeed":1.103,"_zoom":7.72},{"_mousePosition":[683,384],"_rootPartCFrame":[763.41,227.41,47.042,-0.645,0,-0.764,0,1,0,0.764,0,-0.645],"_humanoidState":8,"_cameraCFrame":[761.09,236.473,47.32,-0.665,0.732,-0.15,0,0.201,0.98,0.747,0.651,-0.133],"_shiftlockState":true,"_pose":"Running","_animationQueue":[],"_animationSpeed":1.103,"_zoom":7.72},{"_mousePosition":[683,384],"_rootPartCFrame":[763.238,227.428,47.246,-0.665,0,-0.747,0,1,0,0.747,0,-0.665],"_humanoidState":8,"_cameraCFrame":[760.892,236.486,47.426,-0.69,0.708,-0.147,0,0.204,0.979,0.723,0.676,-0.141],"_shiftlockState":true,"_pose":"Running","_animationQueue":[],"_animationSpeed":1.103,"_zoom":7.72},{"_mousePosition":[683,384],"_rootPartCFrame":[763.062,227.438,47.446,-0.69,0,-0.723,0,1,0,0.723,0,-0.69],"_humanoidState":8,"_cameraCFrame":[760.702,236.494,47.531,-0.716,0.683,-0.143,0,0.205,0.979,0.698,0.701,-0.147],"_shiftlockState":true,"_pose":"Running","_animationQueue":[["walk",0.1]],"_animationSpeed":1.103,"_zoom":7.72},{"_mousePosition":[683,384],"_rootPartCFrame":[762.879,227.443,47.64,-0.716,0,-0.698,0,1,0,0.698,0,-0.716],"_humanoidState":8,"_cameraCFrame":[760.514,236.498,47.627,-0.744,0.654,-0.138,0,0.206,0.979,0.669,0.728,-0.153],"_shiftlockState":true,"_pose":"Running","_animationQueue":[],"_animationSpeed":1.103,"_zoom":7.72},{"_mousePosition":[683,384],"_rootPartCFrame":[762.689,227.446,47.827,-0.744,0,-0.669,0,1,0,0.669,0,-0.744],"_humanoidState":8,"_cameraCFrame":[760.326,236.5,47.71,-0.772,0.622,-0.131,0,0.206,0.979,0.635,0.756,-0.159],"_shiftlockState":true,"_pose":"Running","_animationQueue":[],"_animationSpeed":1.103,"_zoom":7.72},{"_mousePosition":[683,384],"_rootPartCFrame":[762.491,227.448,48.006,-0.772,0,-0.635,0,1,0,0.635,0,-0.772],"_humanoidState":8,"_cameraCFrame":[760.146,236.505,47.778,-0.804,0.582,-0.122,0,0.205,0.979,0.595,0.787,-0.164],"_shiftlockState":true,"_pose":"Running","_animationQueue":[],"_animationSpeed":1.103,"_zoom":7.72},{"_mousePosition":[683,384],"_rootPartCFrame":[762.293,228.311,48.185,-0.804,0,-0.595,0,1,0,0.595,0,-0.804],"_humanoidState":3,"_cameraCFrame":[759.967,237.371,47.888,-0.825,0.554,-0.114,0,0.202,0.979,0.566,0.808,-0.167],"_shiftlockState":true,"_pose":"Jumping","_animationQueue":[["walk",0.1],["jump",0.1]],"_animationSpeed":1,"_zoom":7.72},{"_mousePosition":[683,384],"_rootPartCFrame":[762.083,229.119,48.348,-0.873,0,-0.488,0,1,0,0.488,0,-0.873],"_humanoidState":5,"_cameraCFrame":[759.779,238.185,48.011,-0.839,0.533,-0.108,0,0.199,0.98,0.544,0.822,-0.167],"_shiftlockState":true,"_pose":"FreeFall","_animationQueue":[["jump",0.1]],"_animationSpeed":1,"_zoom":7.72},{"_mousePosition":[683,384],"_rootPartCFrame":[761.864,229.873,48.5,-0.902,0,-0.432,0,1,0,0.432,0,-0.902],"_humanoidState":5,"_cameraCFrame":[759.584,238.945,48.136,-0.851,0.514,-0.102,0,0.195,0.981,0.525,0.835,-0.166],"_shiftlockState":true,"_pose":"FreeFall","_animationQueue":[],"_animationSpeed":1,"_zoom":7.72},{"_mousePosition":[683,384],"_rootPartCFrame":[761.641,230.572,48.646,-0.913,0,-0.407,0,1,0,0.407,0,-0.913],"_humanoidState":5,"_cameraCFrame":[759.386,239.65,48.254,-0.864,0.495,-0.096,0,0.191,0.982,0.504,0.848,-0.165],"_shiftlockState":true,"_pose":"FreeFall","_animationQueue":[],"_animationSpeed":1,"_zoom":7.72},{"_mousePosition":[683,384],"_rootPartCFrame":[761.414,231.217,48.787,-0.923,0,-0.385,0,1,0,0.385,0,-0.923],"_humanoidState":5,"_cameraCFrame":[759.182,240.298,48.338,-0.88,0.467,-0.09,0,0.189,0.982,0.476,0.864,-0.166],"_shiftlockState":true,"_pose":"FreeFall","_animationQueue":[],"_animationSpeed":1,"_zoom":7.72},{"_mousePosition":[683,384],"_rootPartCFrame":[761.184,231.808,48.922,-0.935,0,-0.354,0,1,0,0.354,0,-0.935],"_humanoidState":5,"_cameraCFrame":[758.979,240.891,48.386,-0.9,0.429,-0.082,0,0.187,0.982,0.436,0.884,-0.168],"_shiftlockState":true,"_pose":"FreeFall","_animationQueue":[],"_animationSpeed":1,"_zoom":7.72},{"_mousePosition":[683,384],"_rootPartCFrame":[760.95,232.343,49.05,-0.95,0,-0.313,0,1,0,0.313,0,-0.95],"_humanoidState":5,"_cameraCFrame":[758.78,241.428,48.4,-0.922,0.38,-0.072,0,0.186,0.982,0.387,0.906,-0.172],"_shiftlockState":true,"_pose":"FreeFall","_animationQueue":[],"_animationSpeed":1,"_zoom":7.72},{"_mousePosition":[683,384],"_rootPartCFrame":[760.771,232.71,49.139,-0.956,0,-0.293,0,1,0,0.293,0,-0.956],"_humanoidState":5,"_cameraCFrame":[758.653,241.794,48.336,-0.947,0.315,-0.06,0,0.186,0.982,0.32,0.931,-0.177],"_shiftlockState":true,"_pose":"FreeFall","_animationQueue":[],"_animationSpeed":1,"_zoom":7.72},{"_mousePosition":[683,384],"_rootPartCFrame":[760.465,233.252,49.27,-0.987,0,-0.159,0,1,0,0.159,0,-0.987],"_humanoidState":5,"_cameraCFrame":[758.425,242.34,48.311,-0.971,0.236,-0.044,0,0.184,0.983,0.24,0.954,-0.179],"_shiftlockState":true,"_pose":"FreeFall","_animationQueue":[],"_animationSpeed":1,"_zoom":7.72},{"_mousePosition":[683,384],"_rootPartCFrame":[760.213,233.624,49.359,-0.994,0,-0.109,0,1,0,0.109,0,-0.994],"_humanoidState":5,"_cameraCFrame":[758.276,242.715,48.222,-0.989,0.144,-0.027,0,0.182,0.983,0.146,0.973,-0.18],"_shiftlockState":true,"_pose":"FreeFall","_animationQueue":[],"_animationSpeed":1,"_zoom":7.72},{"_mousePosition":[683,384],"_rootPartCFrame":[759.956,233.942,49.427,-1,0,-0.014,0,1,0,0.014,0,-1],"_humanoidState":5,"_cameraCFrame":[758.136,243.035,48.124,-0.999,0.051,-0.009,0,0.181,0.984,0.052,0.982,-0.181],"_shiftlockState":true,"_pose":"FreeFall","_animationQueue":[],"_animationSpeed":1,"_zoom":7.72},{"_mousePosition":[683,384],"_rootPartCFrame":[759.693,234.205,49.473,-0.997,0,0.082,0,1,0,-0.082,0,-0.997],"_humanoidState":5,"_cameraCFrame":[757.987,243.303,48.048,-1,-0.031,0.006,0,0.178,0.984,-0.031,0.984,-0.178],"_shiftlockState":true,"_pose":"FreeFall","_animationQueue":[],"_animationSpeed":1,"_zoom":7.72},{"_mousePosition":[683,384],"_rootPartCFrame":[759.428,234.414,49.493,-0.987,0,0.164,0,1,0,-0.164,0,-0.987],"_humanoidState":5,"_cameraCFrame":[757.838,243.515,47.955,-0.994,-0.109,0.019,0,0.175,0.985,-0.11,0.979,-0.174],"_shiftlockState":true,"_pose":"FreeFall","_animationQueue":[],"_animationSpeed":1,"_zoom":7.72},{"_mousePosition":[683,384],"_rootPartCFrame":[759.161,234.569,49.49,-0.97,0,0.242,0,1,0,-0.242,0,-0.97],"_humanoidState":5,"_cameraCFrame":[757.7,243.671,47.839,-0.982,-0.188,0.033,0,0.174,0.985,-0.191,0.967,-0.17],"_shiftlockState":true,"_pose":"FreeFall","_animationQueue":[],"_animationSpeed":1,"_zoom":7.72},{"_mousePosition":[683,384],"_rootPartCFrame":[758.896,234.669,49.465,-0.947,0,0.32,0,1,0,-0.32,0,-0.947],"_humanoidState":5,"_cameraCFrame":[757.555,243.771,47.715,-0.965,-0.257,0.045,0,0.174,0.985,-0.261,0.951,-0.168],"_shiftlockState":true,"_pose":"FreeFall","_animationQueue":[],"_animationSpeed":1,"_zoom":7.72},{"_mousePosition":[683,384],"_rootPartCFrame":[758.633,234.714,49.419,-0.922,0,0.387,0,1,0,-0.387,0,-0.922],"_humanoidState":5,"_cameraCFrame":[757.39,243.817,47.598,-0.95,-0.308,0.054,0,0.174,0.985,-0.313,0.935,-0.165],"_shiftlockState":true,"_pose":"FreeFall","_animationQueue":[],"_animationSpeed":1,"_zoom":7.72},{"_mousePosition":[683,384],"_rootPartCFrame":[758.375,234.705,49.353,-0.9,0,0.436,0,1,0,-0.436,0,-0.9],"_humanoidState":5,"_cameraCFrame":[757.212,243.805,47.472,-0.936,-0.346,0.062,0,0.175,0.985,-0.351,0.922,-0.164],"_shiftlockState":true,"_pose":"FreeFall","_animationQueue":[["fall",0.3]],"_animationSpeed":1,"_zoom":7.72},{"_mousePosition":[683,384],"_rootPartCFrame":[758.121,234.641,49.272,-0.881,0,0.473,0,1,0,-0.473,0,-0.881],"_humanoidState":5,"_cameraCFrame":[757.028,243.74,47.34,-0.924,-0.377,0.068,0,0.177,0.984,-0.383,0.909,-0.163],"_shiftlockState":true,"_pose":"FreeFall","_animationQueue":[],"_animationSpeed":1,"_zoom":7.72},{"_mousePosition":[683,384],"_rootPartCFrame":[757.871,234.523,49.18,-0.864,0,0.503,0,1,0,-0.503,0,-0.864],"_humanoidState":5,"_cameraCFrame":[756.837,243.62,47.211,-0.912,-0.404,0.073,0,0.178,0.984,-0.41,0.897,-0.162],"_shiftlockState":true,"_pose":"FreeFall","_animationQueue":[],"_animationSpeed":1,"_zoom":7.72},{"_mousePosition":[683,384],"_rootPartCFrame":[757.624,234.351,49.079,-0.849,0,0.528,0,1,0,-0.528,0,-0.849],"_humanoidState":5,"_cameraCFrame":[756.67,243.447,47.066,-0.895,-0.438,0.079,0,0.178,0.984,-0.445,0.881,-0.16],"_shiftlockState":true,"_pose":"FreeFall","_animationQueue":[],"_animationSpeed":1,"_zoom":7.72},{"_mousePosition":[683,384],"_rootPartCFrame":[757.38,234.124,48.97,-0.828,0,0.56,0,1,0,-0.56,0,-0.828],"_humanoidState":5,"_cameraCFrame":[756.513,243.217,46.911,-0.877,-0.473,0.087,0,0.18,0.984,-0.481,0.863,-0.158],"_shiftlockState":true,"_pose":"FreeFall","_animationQueue":[],"_animationSpeed":1,"_zoom":7.72},{"_mousePosition":[683,384],"_rootPartCFrame":[757.201,233.917,48.883,-0.825,0,0.566,0,1,0,-0.566,0,-0.825],"_humanoidState":5,"_cameraCFrame":[756.425,243.009,46.779,-0.857,-0.507,0.094,0,0.182,0.983,-0.516,0.842,-0.156],"_shiftlockState":true,"_pose":"FreeFall","_animationQueue":[],"_animationSpeed":1,"_zoom":7.72},{"_mousePosition":[683,384],"_rootPartCFrame":[756.907,233.506,48.724,-0.759,0,0.651,0,1,0,-0.651,0,-0.759],"_humanoidState":5,"_cameraCFrame":[756.204,242.594,46.583,-0.841,-0.532,0.099,0,0.184,0.983,-0.541,0.827,-0.155],"_shiftlockState":true,"_pose":"FreeFall","_animationQueue":[["fall",0.3]],"_animationSpeed":1,"_zoom":7.72},{"_mousePosition":[683,384],"_rootPartCFrame":[756.735,233.218,48.622,-0.783,0,0.622,0,1,0,-0.622,0,-0.783],"_humanoidState":5,"_cameraCFrame":[756.124,242.304,46.445,-0.819,-0.564,0.106,0,0.186,0.983,-0.574,0.805,-0.152],"_shiftlockState":true,"_pose":"FreeFall","_animationQueue":[],"_animationSpeed":1,"_zoom":7.72},{"_mousePosition":[683,384],"_rootPartCFrame":[756.454,232.67,48.443,-0.712,0,0.702,0,1,0,-0.702,0,-0.712],"_humanoidState":5,"_cameraCFrame":[755.932,241.755,46.239,-0.796,-0.595,0.113,0,0.186,0.982,-0.605,0.782,-0.148],"_shiftlockState":true,"_pose":"FreeFall","_animationQueue":[],"_animationSpeed":1,"_zoom":7.72},{"_mousePosition":[683,384],"_rootPartCFrame":[756.235,232.171,48.291,-0.709,0,0.706,0,1,0,-0.706,0,-0.709],"_humanoidState":5,"_cameraCFrame":[755.824,241.255,46.063,-0.765,-0.633,0.12,0,0.186,0.982,-0.644,0.751,-0.142],"_shiftlockState":true,"_pose":"FreeFall","_animationQueue":[],"_animationSpeed":1,"_zoom":7.72},{"_mousePosition":[683,384],"_rootPartCFrame":[756.022,231.616,48.131,-0.672,0,0.74,0,1,0,-0.74,0,-0.672],"_humanoidState":5,"_cameraCFrame":[755.723,240.7,45.882,-0.733,-0.668,0.127,0,0.187,0.982,-0.68,0.72,-0.137],"_shiftlockState":true,"_pose":"FreeFall","_animationQueue":[],"_animationSpeed":1,"_zoom":7.72},{"_mousePosition":[683,384],"_rootPartCFrame":[755.817,231.008,47.961,-0.636,0,0.772,0,1,0,-0.772,0,-0.636],"_humanoidState":5,"_cameraCFrame":[755.599,240.089,45.694,-0.71,-0.691,0.133,0,0.189,0.982,-0.704,0.698,-0.134],"_shiftlockState":true,"_pose":"FreeFall","_animationQueue":[],"_animationSpeed":1,"_zoom":7.72},{"_mousePosition":[683,384],"_rootPartCFrame":[755.668,230.215,47.924,-0.559,0.009,0.829,0.034,0.999,0.012,-0.828,0.035,-0.559],"_humanoidState":5,"_cameraCFrame":[755.53,239.293,45.697,-0.692,-0.708,0.137,0,0.19,0.982,-0.722,0.68,-0.132],"_shiftlockState":true,"_pose":"FreeFall","_animationQueue":[["fall",0.3]],"_animationSpeed":1,"_zoom":7.72},{"_mousePosition":[683,384],"_rootPartCFrame":[755.606,229.717,47.939,-0.612,0.011,0.791,0.026,1,0.007,-0.79,0.024,-0.612],"_humanoidState":5,"_cameraCFrame":[755.523,238.793,45.685,-0.679,-0.721,0.141,0,0.192,0.981,-0.734,0.666,-0.13],"_shiftlockState":true,"_pose":"FreeFall","_animationQueue":[],"_animationSpeed":1,"_zoom":7.72},{"_mousePosition":[683,384],"_rootPartCFrame":[755.509,229.004,47.926,-0.574,0.005,0.819,0.009,1,0.001,-0.819,0.008,-0.574],"_humanoidState":5,"_cameraCFrame":[755.454,238.079,45.638,-0.669,-0.729,0.144,0,0.193,0.981,-0.743,0.657,-0.129],"_shiftlockState":true,"_pose":"FreeFall","_animationQueue":[],"_animationSpeed":1,"_zoom":7.72},{"_mousePosition":[683,384],"_rootPartCFrame":[755.443,228.239,47.96,-0.564,0.002,0.826,0.004,1,0,-0.826,0.003,-0.564],"_humanoidState":5,"_cameraCFrame":[755.422,237.31,45.656,-0.66,-0.737,0.147,0,0.195,0.981,-0.751,0.647,-0.129],"_shiftlockState":true,"_pose":"FreeFall","_animationQueue":[],"_animationSpeed":1,"_zoom":7.72},{"_mousePosition":[683,384],"_rootPartCFrame":[755.371,227.418,47.963,-0.554,0.001,0.832,0.001,1,0,-0.832,0,-0.554],"_humanoidState":5,"_cameraCFrame":[755.363,236.489,45.651,-0.657,-0.739,0.148,0,0.196,0.981,-0.754,0.644,-0.129],"_shiftlockState":true,"_pose":"FreeFall","_animationQueue":[],"_animationSpeed":1,"_zoom":7.72},{"_mousePosition":[683,384],"_rootPartCFrame":[755.282,226.544,47.932,-0.551,0,0.835,0,1,0,-0.835,0,-0.551],"_humanoidState":5,"_cameraCFrame":[755.273,235.614,45.619,-0.657,-0.739,0.148,0,0.196,0.981,-0.754,0.644,-0.129],"_shiftlockState":true,"_pose":"FreeFall","_animationQueue":[],"_animationSpeed":1,"_zoom":7.72},{"_mousePosition":[683,384],"_rootPartCFrame":[755.175,225.615,47.866,-0.551,0,0.835,0,1,0,-0.835,0,-0.551],"_humanoidState":5,"_cameraCFrame":[755.163,234.685,45.553,-0.658,-0.739,0.148,0,0.196,0.981,-0.753,0.645,-0.129],"_shiftlockState":true,"_pose":"FreeFall","_animationQueue":[],"_animationSpeed":1,"_zoom":7.72},{"_mousePosition":[683,384],"_rootPartCFrame":[755.059,225.797,47.744,-0.632,0,0.775,0,1,0,-0.775,0,-0.632],"_humanoidState":7,"_cameraCFrame":[755.035,234.868,45.432,-0.662,-0.735,0.147,0,0.196,0.981,-0.75,0.649,-0.13],"_shiftlockState":true,"_pose":"FreeFall","_animationQueue":[["fall",0.3],["walk",0.1],["fall",0.3],["fall",0.3]],"_animationSpeed":1,"_zoom":7.72},{"_mousePosition":[683,384],"_rootPartCFrame":[754.84,226.559,47.495,-0.657,0,0.754,0,1,0,-0.754,0,-0.657],"_humanoidState":7,"_cameraCFrame":[754.79,235.631,45.187,-0.669,-0.729,0.145,0,0.195,0.981,-0.744,0.656,-0.13],"_shiftlockState":true,"_pose":"FreeFall","_animationQueue":[],"_animationSpeed":1,"_zoom":7.72},{"_mousePosition":[683,384],"_rootPartCFrame":[754.62,227.02,47.245,-0.668,0,0.744,0,1,0,-0.744,0,-0.668],"_humanoidState":8,"_cameraCFrame":[754.506,236.096,44.951,-0.685,-0.715,0.14,0,0.193,0.981,-0.729,0.672,-0.132],"_shiftlockState":true,"_pose":"Running","_animationQueue":[["walk",0.1],["fall",0.3],["walk",0.1]],"_animationSpeed":1.103,"_zoom":7.72},{"_mousePosition":[683,384],"_rootPartCFrame":[754.442,227.22,47.046,-0.685,0,0.729,0,1,0,-0.729,0,-0.685],"_humanoidState":8,"_cameraCFrame":[754.231,236.3,44.775,-0.71,-0.692,0.134,0,0.19,0.982,-0.705,0.697,-0.134],"_shiftlockState":true,"_pose":"Running","_animationQueue":[],"_animationSpeed":1.103,"_zoom":7.72},{"_mousePosition":[683,384],"_rootPartCFrame":[754.26,227.325,46.851,-0.71,0,0.705,0,1,0,-0.705,0,-0.71],"_humanoidState":8,"_cameraCFrame":[753.94,236.409,44.605,-0.739,-0.662,0.126,0,0.187,0.982,-0.674,0.726,-0.138],"_shiftlockState":true,"_pose":"Running","_animationQueue":[],"_animationSpeed":1.103,"_zoom":7.72},{"_mousePosition":[683,384],"_rootPartCFrame":[754.072,227.382,46.662,-0.739,0,0.674,0,1,0,-0.674,0,-0.739],"_humanoidState":8,"_cameraCFrame":[753.649,236.47,44.449,-0.765,-0.633,0.119,0,0.184,0.983,-0.644,0.752,-0.141],"_shiftlockState":true,"_pose":"Running","_animationQueue":[],"_animationSpeed":1.103,"_zoom":7.72},{"_mousePosition":[683,384],"_rootPartCFrame":[753.876,227.413,46.481,-0.765,0,0.644,0,1,0,-0.644,0,-0.765],"_humanoidState":8,"_cameraCFrame":[753.346,236.503,44.299,-0.793,-0.599,0.111,0,0.182,0.983,-0.609,0.78,-0.145],"_shiftlockState":true,"_pose":"Running","_animationQueue":[["walk",0.1]],"_animationSpeed":1.103,"_zoom":7.72},{"_mousePosition":[683,384],"_rootPartCFrame":[753.673,227.43,46.308,-0.793,0,0.609,0,1,0,-0.609,0,-0.793],"_humanoidState":8,"_cameraCFrame":[753.052,236.522,44.158,-0.816,-0.569,0.105,0,0.181,0.984,-0.578,0.802,-0.148],"_shiftlockState":true,"_pose":"Running","_animationQueue":[],"_animationSpeed":1.103,"_zoom":7.72},{"_mousePosition":[683,384],"_rootPartCFrame":[753.469,228.303,46.136,-0.816,0,0.578,0,1,0,-0.578,0,-0.816],"_humanoidState":3,"_cameraCFrame":[752.754,237.398,44.023,-0.839,-0.536,0.098,0,0.179,0.984,-0.544,0.825,-0.15],"_shiftlockState":true,"_pose":"Jumping","_animationQueue":[["walk",0.1],["jump",0.1]],"_animationSpeed":1,"_zoom":7.72},{"_mousePosition":[683,384],"_rootPartCFrame":[753.254,229.125,45.978,-0.785,0,0.619,0,1,0,-0.619,0,-0.785],"_humanoidState":5,"_cameraCFrame":[752.423,238.223,43.921,-0.866,-0.493,0.089,0,0.177,0.984,-0.501,0.852,-0.153],"_shiftlockState":true,"_pose":"FreeFall","_animationQueue":[["jump",0.1]],"_animationSpeed":1,"_zoom":7.72},{"_mousePosition":[683,384],"_rootPartCFrame":[753.032,229.892,45.832,-0.794,0,0.607,0,1,0,-0.607,0,-0.794],"_humanoidState":5,"_cameraCFrame":[752.078,238.995,43.844,-0.892,-0.446,0.079,0,0.174,0.985,-0.453,0.878,-0.155],"_shiftlockState":true,"_pose":"FreeFall","_animationQueue":[],"_animationSpeed":1,"_zoom":7.72},{"_mousePosition":[683,384],"_rootPartCFrame":[752.802,230.605,45.697,-0.824,0,0.567,0,1,0,-0.567,0,-0.824],"_humanoidState":5,"_cameraCFrame":[751.75,239.708,43.759,-0.913,-0.401,0.071,0,0.174,0.985,-0.407,0.899,-0.159],"_shiftlockState":true,"_pose":"FreeFall","_animationQueue":[],"_animationSpeed":1,"_zoom":7.72},{"_mousePosition":[683,384],"_rootPartCFrame":[752.565,231.264,45.574,-0.851,0,0.525,0,1,0,-0.525,0,-0.851],"_humanoidState":5,"_cameraCFrame":[751.417,240.366,43.692,-0.933,-0.356,0.063,0,0.174,0.985,-0.361,0.918,-0.162],"_shiftlockState":true,"_pose":"FreeFall","_animationQueue":[],"_animationSpeed":1,"_zoom":7.72},{"_mousePosition":[683,384],"_rootPartCFrame":[752.323,231.868,45.463,-0.876,0,0.482,0,1,0,-0.482,0,-0.876],"_humanoidState":5,"_cameraCFrame":[751.093,240.971,43.634,-0.948,-0.315,0.056,0,0.174,0.985,-0.32,0.933,-0.165],"_shiftlockState":true,"_pose":"FreeFall","_animationQueue":[],"_animationSpeed":1,"_zoom":7.72},{"_mousePosition":[683,384],"_rootPartCFrame":[752.075,232.417,45.365,-0.897,0,0.443,0,1,0,-0.443,0,-0.897],"_humanoidState":5,"_cameraCFrame":[750.764,241.52,43.593,-0.961,-0.272,0.048,0,0.174,0.985,-0.277,0.946,-0.167],"_shiftlockState":true,"_pose":"FreeFall","_animationQueue":[],"_animationSpeed":1,"_zoom":7.72},{"_mousePosition":[683,384],"_rootPartCFrame":[751.823,232.912,45.278,-0.916,0,0.402,0,1,0,-0.402,0,-0.916],"_humanoidState":5,"_cameraCFrame":[750.43,242.015,43.57,-0.973,-0.228,0.04,0,0.174,0.985,-0.231,0.958,-0.169],"_shiftlockState":true,"_pose":"FreeFall","_animationQueue":[],"_animationSpeed":1,"_zoom":7.72},{"_mousePosition":[683,384],"_rootPartCFrame":[751.567,233.353,45.203,-0.934,0,0.358,0,1,0,-0.358,0,-0.934],"_humanoidState":5,"_cameraCFrame":[750.093,242.456,43.563,-0.983,-0.181,0.032,0,0.174,0.985,-0.184,0.968,-0.171],"_shiftlockState":true,"_pose":"FreeFall","_animationQueue":[],"_animationSpeed":1,"_zoom":7.72},{"_mousePosition":[683,384],"_rootPartCFrame":[751.308,233.739,45.139,-0.95,0,0.313,0,1,0,-0.313,0,-0.95],"_humanoidState":5,"_cameraCFrame":[749.76,242.842,43.569,-0.99,-0.136,0.024,0,0.174,0.985,-0.139,0.975,-0.172],"_shiftlockState":true,"_pose":"FreeFall","_animationQueue":[],"_animationSpeed":1,"_zoom":7.72},{"_mousePosition":[683,384],"_rootPartCFrame":[751.046,234.07,45.089,-0.963,0,0.269,0,1,0,-0.269,0,-0.963],"_humanoidState":5,"_cameraCFrame":[749.428,243.173,43.591,-0.996,-0.091,0.016,0,0.174,0.985,-0.093,0.981,-0.173],"_shiftlockState":true,"_pose":"FreeFall","_animationQueue":[],"_animationSpeed":1,"_zoom":7.72},{"_mousePosition":[683,384],"_rootPartCFrame":[750.782,234.347,45.05,-0.975,0,0.224,0,1,0,-0.224,0,-0.975],"_humanoidState":5,"_cameraCFrame":[749.108,243.45,43.616,-0.999,-0.053,0.009,0,0.174,0.985,-0.054,0.983,-0.173],"_shiftlockState":true,"_pose":"FreeFall","_animationQueue":[],"_animationSpeed":1,"_zoom":7.72},{"_mousePosition":[683,384],"_rootPartCFrame":[750.517,234.57,45.023,-0.982,0,0.186,0,1,0,-0.186,0,-0.982],"_humanoidState":5,"_cameraCFrame":[748.781,243.673,43.665,-1,-0.01,0.002,0,0.174,0.985,-0.01,0.985,-0.174],"_shiftlockState":true,"_pose":"FreeFall","_animationQueue":[],"_animationSpeed":1,"_zoom":7.72},{"_mousePosition":[683,384],"_rootPartCFrame":[750.251,234.738,45.007,-0.99,0,0.143,0,1,0,-0.143,0,-0.99],"_humanoidState":5,"_cameraCFrame":[748.465,243.841,43.715,-1,0.027,-0.005,0,0.174,0.985,0.028,0.984,-0.174],"_shiftlockState":true,"_pose":"FreeFall","_animationQueue":[],"_animationSpeed":1,"_zoom":7.72},{"_mousePosition":[683,384],"_rootPartCFrame":[749.984,234.851,45.003,-0.994,0,0.106,0,1,0,-0.106,0,-0.994],"_humanoidState":5,"_cameraCFrame":[748.144,243.954,43.789,-0.998,0.069,-0.012,0,0.174,0.985,0.07,0.982,-0.173],"_shiftlockState":true,"_pose":"FreeFall","_animationQueue":[],"_animationSpeed":1,"_zoom":7.72},{"_mousePosition":[683,384],"_rootPartCFrame":[749.718,234.91,45.009,-0.998,0,0.063,0,1,0,-0.063,0,-0.998],"_humanoidState":5,"_cameraCFrame":[747.834,244.012,43.857,-0.994,0.105,-0.019,0,0.174,0.985,0.107,0.979,-0.173],"_shiftlockState":true,"_pose":"FreeFall","_animationQueue":[],"_animationSpeed":1,"_zoom":7.72},{"_mousePosition":[683,384],"_rootPartCFrame":[749.452,234.915,45.026,-1,0,0.026,0,1,0,-0.026,0,-1],"_humanoidState":5,"_cameraCFrame":[747.529,244.017,43.94,-0.99,0.139,-0.025,0,0.174,0.985,0.141,0.975,-0.173],"_shiftlockState":true,"_pose":"FreeFall","_animationQueue":[["fall",0.3]],"_animationSpeed":1,"_zoom":7.72},{"_mousePosition":[683,384],"_rootPartCFrame":[749.186,234.865,45.053,-1,0,-0.008,0,1,0,0.008,0,-1],"_humanoidState":5,"_cameraCFrame":[747.235,243.967,44.019,-0.986,0.166,-0.029,0,0.174,0.985,0.168,0.971,-0.172],"_shiftlockState":true,"_pose":"FreeFall","_animationQueue":[],"_animationSpeed":1,"_zoom":7.72},{"_mousePosition":[683,384],"_rootPartCFrame":[748.922,234.761,45.089,-0.999,0,-0.036,0,1,0,0.036,0,-0.999],"_humanoidState":5,"_cameraCFrame":[746.94,243.862,44.115,-0.98,0.195,-0.035,0,0.174,0.985,0.198,0.965,-0.171],"_shiftlockState":true,"_pose":"FreeFall","_animationQueue":[],"_animationSpeed":1,"_zoom":7.72},{"_mousePosition":[683,384],"_rootPartCFrame":[748.659,234.602,45.133,-0.998,0,-0.066,0,1,0,0.066,0,-0.998],"_humanoidState":5,"_cameraCFrame":[746.65,243.701,44.199,-0.975,0.22,-0.039,0,0.176,0.984,0.224,0.959,-0.172],"_shiftlockState":true,"_pose":"FreeFall","_animationQueue":[],"_animationSpeed":1,"_zoom":7.72},{"_mousePosition":[683,384],"_rootPartCFrame":[748.398,234.388,45.184,-0.996,0,-0.092,0,1,0,0.092,0,-0.996],"_humanoidState":5,"_cameraCFrame":[746.357,243.485,44.303,-0.967,0.25,-0.045,0,0.178,0.984,0.254,0.952,-0.172],"_shiftlockState":true,"_pose":"FreeFall","_animationQueue":[],"_animationSpeed":1,"_zoom":7.72},{"_mousePosition":[683,384],"_rootPartCFrame":[748.138,234.12,45.243,-0.992,0,-0.123,0,1,0,0.123,0,-0.992],"_humanoidState":5,"_cameraCFrame":[746.069,243.215,44.408,-0.96,0.277,-0.05,0,0.179,0.984,0.28