[{"_mousePosition":[727,391],"_rootPartCFrame":[776.028,222.7,47.142,0,0,1,0,1,0,-1,0,0],"_humanoidState":8,"_cameraCFrame":[776.838,231.364,46.135,-0.779,-0.617,0.111,0,0.178,0.984,-0.627,0.767,-0.138],"_shiftlockState":false,"_pose":"Standing","_animationQueue":[],"_animationSpeed":1,"_zoom":7.28},{"_mousePosition":[727,391],"_rootPartCFrame":[775.792,222.695,46.951,0.112,0,0.994,0,1,0,-0.994,0,0.112],"_humanoidState":8,"_cameraCFrame":[776.582,231.365,45.964,-0.781,-0.615,0.109,0,0.174,0.985,-0.625,0.769,-0.136],"_shiftlockState":false,"_pose":"Standing","_animationQueue":[],"_animationSpeed":1,"_zoom":7.28},{"_mousePosition":[727,391],"_rootPartCFrame":[775.585,222.697,46.784,0.188,0,0.982,0,1,0,-0.982,0,0.188],"_humanoidState":8,"_cameraCFrame":[776.375,231.366,45.797,-0.781,-0.615,0.109,0,0.174,0.985,-0.625,0.769,-0.136],"_shiftlockState":false,"_pose":"Running","_animationQueue":[["walk",0.1]],"_animationSpeed":1.089,"_zoom":7.28},{"_mousePosition":[727,391],"_rootPartCFrame":[775.376,222.698,46.618,0.252,0,0.968,0,1,0,-0.968,0,0.252],"_humanoidState":8,"_cameraCFrame":[776.167,231.368,45.63,-0.781,-0.615,0.109,0,0.174,0.985,-0.625,0.769,-0.136],"_shiftlockState":false,"_pose":"Running","_animationQueue":[],"_animationSpeed":1.089,"_zoom":7.28},{"_mousePosition":[727,391],"_rootPartCFrame":[775.168,222.699,46.451,0.306,0,0.952,0,1,0,-0.952,0,0.306],"_humanoidState":8,"_cameraCFrame":[775.958,231.368,45.464,-0.781,-0.615,0.109,0,0.174,0.985,-0.625,0.769,-0.136],"_shiftlockState":false,"_pose":"Running","_animationQueue":[],"_animationSpeed":1.089,"_zoom":7.28},{"_mousePosition":[727,391],"_rootPartCFrame":[774.96,222.699,46.284,0.353,0,0.936,0,1,0,-0.936,0,0.353],"_humanoidState":8,"_cameraCFrame":[775.75,231.369,45.297,-0.781,-0.615,0.108,0,0.174,0.985,-0.625,0.769,-0.136],"_shiftlockState":false,"_pose":"Running","_animationQueue":[],"_animationSpeed":1.089,"_zoom":7.28},{"_mousePosition":[727,391],"_rootPartCFrame":[774.752,222.699,46.118,0.392,0,0.92,0,1,0,-0.92,0,0.392],"_humanoidState":8,"_cameraCFrame":[774.164,231.369,44.04,-0.784,-0.611,0.108,0,0.174,0.985,-0.621,0.772,-0.136],"_shiftlockState":true,"_pose":"Running","_animationQueue":[],"_animationSpeed":1.089,"_zoom":7.28},{"_mousePosition":[683,384],"_rootPartCFrame":[774.543,222.7,45.951,-0.828,0,0.561,0,1,0,-0.561,0,-0.828],"_humanoidState":8,"_cameraCFrame":[773.956,231.369,43.874,-0.784,-0.611,0.108,0,0.174,0.985,-0.621,0.772,-0.136],"_shiftlockState":true,"_pose":"Running","_animationQueue":[],"_animationSpeed":1.089,"_zoom":7.28},{"_mousePosition":[683,384],"_rootPartCFrame":[774.334,222.7,45.785,-0.8,0,0.6,0,1,0,-0.6,0,-0.8],"_humanoidState":8,"_cameraCFrame":[773.726,231.369,43.714,-0.79,-0.604,0.106,0,0.174,0.985,-0.613,0.778,-0.137],"_shiftlockState":true,"_pose":"Running","_animationQueue":[["walk",0.1]],"_animationSpeed":1.089,"_zoom":7.28},{"_mousePosition":[683,384],"_rootPartCFrame":[774.178,222.7,45.661,-0.792,0,0.611,0,1,0,-0.611,0,-0.792],"_humanoidState":8,"_cameraCFrame":[773.549,231.369,43.596,-0.796,-0.596,0.105,0,0.174,0.985,-0.605,0.784,-0.138],"_shiftlockState":true,"_pose":"Running","_animationQueue":[],"_animationSpeed":1.089,"_zoom":7.28},{"_mousePosition":[683,384],"_rootPartCFrame":[773.967,222.7,45.498,-0.797,0,0.604,0,1,0,-0.604,0,-0.797],"_humanoidState":8,"_cameraCFrame":[773.317,231.369,43.439,-0.802,-0.588,0.104,0,0.174,0.985,-0.597,0.79,-0.139],"_shiftlockState":true,"_pose":"Running","_animationQueue":[],"_animationSpeed":1.089,"_zoom":7.28},{"_mousePosition":[683,384],"_rootPartCFrame":[773.755,222.7,45.336,-0.802,0,0.597,0,1,0,-0.597,0,-0.802],"_humanoidState":8,"_cameraCFrame":[773.084,231.369,43.284,-0.808,-0.58,0.102,0,0.174,0.985,-0.589,0.796,-0.14],"_shiftlockState":true,"_pose":"Running","_animationQueue":[],"_animationSpeed":1.089,"_zoom":7.28},{"_mousePosition":[683,384],"_rootPartCFrame":[773.541,222.7,45.176,-0.808,0,0.589,0,1,0,-0.589,0,-0.808],"_humanoidState":8,"_cameraCFrame":[772.85,231.369,43.131,-0.814,-0.572,0.101,0,0.174,0.985,-0.58,0.802,-0.141],"_shiftlockState":true,"_pose":"Running","_animationQueue":[],"_animationSpeed":1.089,"_zoom":7.28},{"_mousePosition":[683,384],"_rootPartCFrame":[773.272,222.7,44.98,-0.814,0,0.58,0,1,0,-0.58,0,-0.814],"_humanoidState":8,"_cameraCFrame":[772.583,231.543,42.915,-0.819,-0.565,0.1,0,0.174,0.985,-0.574,0.806,-0.142],"_shiftlockState":true,"_pose":"Running","_animationQueue":[],"_animationSpeed":1.089,"_zoom":7.28},{"_mousePosition":[683,384],"_rootPartCFrame":[773.109,222.7,44.864,-0.819,0,0.574,0,1,0,-0.574,0,-0.819],"_humanoidState":8,"_cameraCFrame":[772.447,231.917,42.748,-0.822,-0.561,0.099,0,0.174,0.985,-0.57,0.809,-0.143],"_shiftlockState":true,"_pose":"Running","_animationQueue":[],"_animationSpeed":1.089,"_zoom":7.28},{"_mousePosition":[683,384],"_rootPartCFrame":[772.891,222.7,44.71,-0.822,0,0.57,0,1,0,-0.57,0,-0.822],"_humanoidState":8,"_cameraCFrame":[772.25,232.29,42.545,-0.826,-0.555,0.098,0,0.174,0.985,-0.564,0.813,-0.143],"_shiftlockState":true,"_pose":"Running","_animationQueue":[["walk",0.1]],"_animationSpeed":1.089,"_zoom":7.28},{"_mousePosition":[683,384],"_rootPartCFrame":[772.672,222.7,44.558,-0.826,0,0.564,0,1,0,-0.564,0,-0.826],"_humanoidState":8,"_cameraCFrame":[772.073,232.879,42.312,-0.83,-0.549,0.097,0,0.174,0.985,-0.557,0.818,-0.144],"_shiftlockState":true,"_pose":"Running","_animationQueue":[],"_animationSpeed":1.089,"_zoom":7.28},{"_mousePosition":[683,384],"_rootPartCFrame":[772.397,222.7,44.37,-0.83,0,0.557,0,1,0,-0.557,0,-0.83],"_humanoidState":8,"_cameraCFrame":[771.858,233.677,42.011,-0.834,-0.543,0.096,0,0.174,0.985,-0.551,0.822,-0.145],"_shiftlockState":true,"_pose":"Running","_animationQueue":[],"_animationSpeed":1.089,"_zoom":7.28},{"_mousePosition":[683,384],"_rootPartCFrame":[772.231,222.7,44.258,-0.834,0,0.551,0,1,0,-0.551,0,-0.834],"_humanoidState":8,"_cameraCFrame":[771.758,234.612,41.766,-0.84,-0.534,0.094,0,0.174,0.985,-0.543,0.827,-0.146],"_shiftlockState":true,"_pose":"Running","_animationQueue":[],"_animationSpeed":1.089,"_zoom":7.28},{"_mousePosition":[683,384],"_rootPartCFrame":[771.953,222.7,44.074,-0.84,0,0.543,0,1,0,-0.543,0,-0.84],"_humanoidState":8,"_cameraCFrame":[771.558,235.714,41.423,-0.845,-0.526,0.093,0,0.174,0.985,-0.534,0.833,-0.147],"_shiftlockState":true,"_pose":"Running","_animationQueue":[],"_animationSpeed":1.089,"_zoom":7.28},{"_mousePosition":[683,384],"_rootPartCFrame":[771.73,222.7,43.929,-0.845,0,0.534,0,1,0,-0.534,0,-0.845],"_humanoidState":8,"_cameraCFrame":[771.401,236.797,41.121,-0.852,-0.515,0.091,0,0.174,0.985,-0.523,0.839,-0.148],"_shiftlockState":true,"_pose":"Running","_animationQueue":[],"_animationSpeed":1.089,"_zoom":7.28},{"_mousePosition":[683,384],"_rootPartCFrame":[771.561,222.7,43.822,-0.852,0,0.523,0,1,0,-0.523,0,-0.852],"_humanoidState":8,"_cameraCFrame":[771.281,237.735,40.876,-0.859,-0.505,0.089,0,0.174,0.985,-0.513,0.846,-0.149],"_shiftlockState":true,"_pose":"Running","_animationQueue":[],"_animationSpeed":1.089,"_zoom":7.28},{"_mousePosition":[683,384],"_rootPartCFrame":[771.277,222.7,43.647,-0.859,0,0.513,0,1,0,-0.513,0,-0.859],"_humanoidState":8,"_cameraCFrame":[771.007,238.344,40.612,-0.866,-0.492,0.087,0,0.174,0.985,-0.499,0.853,-0.15],"_shiftlockState":true,"_pose":"Running","_animationQueue":[["walk",0.1]],"_animationSpeed":1.089,"_zoom":7.28},{"_mousePosition":[683,384],"_rootPartCFrame":[771.105,222.7,43.544,-0.866,0,0.499,0,1,0,-0.499,0,-0.866],"_humanoidState":8,"_cameraCFrame":[770.812,238.89,40.432,-0.877,-0.472,0.083,0,0.174,0.985,-0.48,0.864,-0.152],"_shiftlockState":true,"_pose":"Running","_animationQueue":[],"_animationSpeed":1.089,"_zoom":7.28},{"_mousePosition":[683,384],"_rootPartCFrame":[770.875,222.7,43.411,-0.877,0,0.48,0,1,0,-0.48,0,-0.877],"_humanoidState":8,"_cameraCFrame":[770.548,239.259,40.247,-0.887,-0.455,0.08,0,0.174,0.985,-0.462,0.874,-0.154],"_shiftlockState":true,"_pose":"Running","_animationQueue":[],"_animationSpeed":1.089,"_zoom":7.28},{"_mousePosition":[683,384],"_rootPartCFrame":[770.524,222.7,43.218,-0.887,0,0.462,0,1,0,-0.462,0,-0.887],"_humanoidState":8,"_cameraCFrame":[770.169,239.507,40.021,-0.894,-0.441,0.078,0,0.174,0.985,-0.448,0.88,-0.155],"_shiftlockState":true,"_pose":"Running","_animationQueue":[],"_animationSpeed":1.089,"_zoom":7.28},{"_mousePosition":[683,384],"_rootPartCFrame":[770.288,222.7,43.095,-0.894,0,0.448,0,1,0,-0.448,0,-0.894],"_humanoidState":8,"_cameraCFrame":[769.89,239.683,39.876,-0.902,-0.426,0.075,0,0.174,0.985,-0.432,0.888,-0.157],"_shiftlockState":true,"_pose":"Running","_animationQueue":[],"_animationSpeed":1.089,"_zoom":7.28},{"_mousePosition":[683,384],"_rootPartCFrame":[770.109,222.7,43.004,-0.902,0,0.432,0,1,0,-0.432,0,-0.902],"_humanoidState":8,"_cameraCFrame":[769.656,239.813,39.774,-0.91,-0.408,0.072,0,0.174,0.985,-0.414,0.896,-0.158],"_shiftlockState":true,"_pose":"Running","_animationQueue":[],"_animationSpeed":1.089,"_zoom":7.28},{"_mousePosition":[683,384],"_rootPartCFrame":[769.871,222.666,42.885,-0.91,0,0.414,0,1,0,-0.414,0,-0.91],"_humanoidState":8,"_cameraCFrame":[769.342,239.863,39.653,-0.92,-0.385,0.068,0,0.174,0.985,-0.391,0.906,-0.16],"_shiftlockState":true,"_pose":"Running","_animationQueue":[],"_animationSpeed":1.089,"_zoom":7.28},{"_mousePosition":[683,384],"_rootPartCFrame":[769.573,223.736,42.735,-0.92,0,0.391,0,1,0,-0.391,0,-0.92],"_humanoidState":3,"_cameraCFrame":[768.966,240.994,39.508,-0.93,-0.362,0.064,0,0.174,0.985,-0.367,0.916,-0.162],"_shiftlockState":true,"_pose":"Jumping","_animationQueue":[["walk",0.1],["walk",0.1],["jump",0.1]],"_animationSpeed":1,"_zoom":7.28},{"_mousePosition":[683,384],"_rootPartCFrame":[769.39,224.337,42.655,-0.905,0,0.425,0,1,0,-0.425,0,-0.905],"_humanoidState":5,"_cameraCFrame":[768.721,241.637,39.434,-0.937,-0.343,0.061,0,0.174,0.985,-0.349,0.923,-0.163],"_shiftlockState":true,"_pose":"FreeFall","_animationQueue":[["jump",0.1]],"_animationSpeed":1,"_zoom":7.28},{"_mousePosition":[683,384],"_rootPartCFrame":[769.143,225.091,42.556,-0.887,0,0.463,0,1,0,-0.463,0,-0.887],"_humanoidState":5,"_cameraCFrame":[768.402,242.417,39.346,-0.945,-0.322,0.057,0,0.174,0.985,-0.327,0.931,-0.164],"_shiftlockState":true,"_pose":"FreeFall","_animationQueue":[],"_animationSpeed":1,"_zoom":7.28},{"_mousePosition":[683,384],"_rootPartCFrame":[768.893,225.79,42.462,-0.894,0,0.449,0,1,0,-0.449,0,-0.894],"_humanoidState":5,"_cameraCFrame":[768.08,243.135,39.267,-0.952,-0.301,0.053,0,0.174,0.985,-0.305,0.938,-0.165],"_shiftlockState":true,"_pose":"FreeFall","_animationQueue":[],"_animationSpeed":1,"_zoom":7.28},{"_mousePosition":[683,384],"_rootPartCFrame":[768.641,226.435,42.374,-0.903,0,0.429,0,1,0,-0.429,0,-0.903],"_humanoidState":5,"_cameraCFrame":[767.756,243.792,39.196,-0.959,-0.279,0.049,0,0.174,0.985,-0.284,0.944,-0.167],"_shiftlockState":true,"_pose":"FreeFall","_animationQueue":[],"_animationSpeed":1,"_zoom":7.28},{"_mousePosition":[683,384],"_rootPartCFrame":[768.324,227.165,42.271,-0.899,0,0.439,0,1,0,-0.439,0,-0.899],"_humanoidState":5,"_cameraCFrame":[767.367,244.529,39.113,-0.965,-0.258,0.045,0,0.174,0.985,-0.262,0.95,-0.168],"_shiftlockState":true,"_pose":"FreeFall","_animationQueue":[],"_animationSpeed":1,"_zoom":7.28},{"_mousePosition":[683,384],"_rootPartCFrame":[768.133,227.561,42.214,-0.934,0,0.357,0,1,0,-0.357,0,-0.934],"_humanoidState":5,"_cameraCFrame":[767.104,244.931,39.078,-0.971,-0.236,0.042,0,0.174,0.985,-0.24,0.956,-0.169],"_shiftlockState":true,"_pose":"FreeFall","_animationQueue":[],"_animationSpeed":1,"_zoom":7.28},{"_mousePosition":[683,384],"_rootPartCFrame":[767.875,228.043,42.143,-0.93,0,0.367,0,1,0,-0.367,0,-0.93],"_humanoidState":5,"_cameraCFrame":[766.745,245.416,39.042,-0.978,-0.205,0.036,0,0.174,0.985,-0.208,0.963,-0.17],"_shiftlockState":true,"_pose":"FreeFall","_animationQueue":[],"_animationSpeed":1,"_zoom":7.28},{"_mousePosition":[683,384],"_rootPartCFrame":[767.552,228.568,42.062,-0.93,0,0.367,0,1,0,-0.367,0,-0.93],"_humanoidState":5,"_cameraCFrame":[766.351,245.944,38.987,-0.983,-0.183,0.032,0,0.174,0.985,-0.185,0.968,-0.171],"_shiftlockState":true,"_pose":"FreeFall","_animationQueue":[],"_animationSpeed":1,"_zoom":7.28},{"_mousePosition":[683,384],"_rootPartCFrame":[767.292,228.927,42.006,-0.949,0,0.314,0,1,0,-0.314,0,-0.949],"_humanoidState":5,"_cameraCFrame":[766.013,246.304,38.962,-0.987,-0.158,0.028,0,0.174,0.985,-0.16,0.972,-0.171],"_shiftlockState":true,"_pose":"FreeFall","_animationQueue":[],"_animationSpeed":1,"_zoom":7.28},{"_mousePosition":[683,384],"_rootPartCFrame":[766.964,229.298,41.943,-0.947,0,0.322,0,1,0,-0.322,0,-0.947],"_humanoidState":5,"_cameraCFrame":[765.609,246.677,38.932,-0.991,-0.133,0.024,0,0.174,0.985,-0.135,0.976,-0.172],"_shiftlockState":true,"_pose":"FreeFall","_animationQueue":[],"_animationSpeed":1,"_zoom":7.28},{"_mousePosition":[683,384],"_rootPartCFrame":[766.701,229.535,41.899,-0.964,0,0.266,0,1,0,-0.266,0,-0.964],"_humanoidState":5,"_cameraCFrame":[765.271,246.913,38.923,-0.994,-0.109,0.019,0,0.174,0.985,-0.11,0.979,-0.173],"_shiftlockState":true,"_pose":"FreeFall","_animationQueue":[],"_animationSpeed":1,"_zoom":7.28},{"_mousePosition":[683,384],"_rootPartCFrame":[766.503,229.676,41.871,-0.978,0,0.209,0,1,0,-0.209,0,-0.978],"_humanoidState":5,"_cameraCFrame":[765.005,247.055,38.929,-0.996,-0.086,0.015,0,0.174,0.985,-0.088,0.981,-0.173],"_shiftlockState":true,"_pose":"FreeFall","_animationQueue":[],"_animationSpeed":1,"_zoom":7.28},{"_mousePosition":[683,384],"_rootPartCFrame":[766.172,229.843,41.833,-0.968,0,0.252,0,1,0,-0.252,0,-0.968],"_humanoidState":5,"_cameraCFrame":[764.615,247.223,38.922,-0.998,-0.066,0.012,0,0.174,0.985,-0.067,0.983,-0.173],"_shiftlockState":true,"_pose":"FreeFall","_animationQueue":[],"_animationSpeed":1,"_zoom":7.28},{"_mousePosition":[683,384],"_rootPartCFrame":[765.906,229.916,41.809,-0.98,0,0.199,0,1,0,-0.199,0,-0.98],"_humanoidState":5,"_cameraCFrame":[764.283,247.296,38.934,-0.999,-0.044,0.008,0,0.174,0.985,-0.045,0.984,-0.173],"_shiftlockState":true,"_pose":"FreeFall","_animationQueue":[],"_animationSpeed":1,"_zoom":7.28},{"_mousePosition":[683,384],"_rootPartCFrame":[765.707,229.935,41.795,-0.99,0,0.144,0,1,0,-0.144,0,-0.99],"_humanoidState":5,"_cameraCFrame":[764.019,247.315,38.957,-1,-0.022,0.004,0,0.174,0.985,-0.022,0.985,-0.174],"_shiftlockState":true,"_pose":"FreeFall","_animationQueue":[],"_animationSpeed":1,"_zoom":7.28},{"_mousePosition":[683,384],"_rootPartCFrame":[765.374,229.898,41.779,-0.982,0,0.187,0,1,0,-0.187,0,-0.982],"_humanoidState":5,"_cameraCFrame":[763.629,247.278,38.976,-1,-0.002,0,0,0.174,0.985,-0.002,0.985,-0.174],"_shiftlockState":true,"_pose":"FreeFall","_animationQueue":[],"_animationSpeed":1,"_zoom":7.28},{"_mousePosition":[683,384],"_rootPartCFrame":[765.107,229.807,41.772,-0.991,0,0.135,0,1,0,-0.135,0,-0.991],"_humanoidState":5,"_cameraCFrame":[763.299,247.187,39.01,-1,0.021,-0.004,0,0.174,0.985,0.021,0.985,-0.174],"_shiftlockState":true,"_pose":"FreeFall","_animationQueue":[],"_animationSpeed":1,"_zoom":7.28},{"_mousePosition":[683,384],"_rootPartCFrame":[764.974,229.741,41.771,-0.999,0,0.046,0,1,0,-0.046,0,-0.999],"_humanoidState":5,"_cameraCFrame":[763.096,247.121,39.055,-0.999,0.046,-0.008,0,0.174,0.985,0.046,0.984,-0.173],"_shiftlockState":true,"_pose":"FreeFall","_animationQueue":[],"_animationSpeed":1,"_zoom":7.28},{"_mousePosition":[683,384],"_rootPartCFrame":[764.728,229.568,41.76,-0.996,0,0.087,0,1,0,-0.087,0,-0.996],"_humanoidState":5,"_cameraCFrame":[762.761,246.948,39.107,-0.997,0.078,-0.014,0,0.174,0.985,0.079,0.982,-0.173],"_shiftlockState":true,"_pose":"FreeFall","_animationQueue":[],"_animationSpeed":1,"_zoom":7.28},{"_mousePosition":[683,384],"_rootPartCFrame":[764.426,229.276,41.703,-0.996,0,0.089,0,1,0,-0.089,0,-0.996],"_humanoidState":5,"_cameraCFrame":[762.407,246.656,39.091,-0.995,0.098,-0.017,0,0.174,0.985,0.099,0.98,-0.173],"_shiftlockState":true,"_pose":"FreeFall","_animationQueue":[["fall",0.3]],"_animationSpeed":1,"_zoom":7.28},{"_mousePosition":[683,384],"_rootPartCFrame":[764.248,229.06,41.677,-1,0,0.001,0,1,0,-0.001,0,-1],"_humanoidState":5,"_cameraCFrame":[762.17,246.44,39.111,-0.993,0.12,-0.021,0,0.174,0.985,0.122,0.977,-0.172],"_shiftlockState":true,"_pose":"FreeFall","_animationQueue":[],"_animationSpeed":1,"_zoom":7.28},{"_mousePosition":[683,384],"_rootPartCFrame":[764.016,228.724,41.646,-1,0,0.011,0,1,0,-0.011,0,-1],"_humanoidState":5,"_cameraCFrame":[761.873,246.104,39.134,-0.989,0.145,-0.026,0,0.174,0.985,0.147,0.974,-0.172],"_shiftlockState":true,"_pose":"FreeFall","_animationQueue":[],"_animationSpeed":1,"_zoom":7.28},{"_mousePosition":[683,384],"_rootPartCFrame":[763.782,228.227,41.614,-1,0,-0.004,0,1,0,0.004,0,-1],"_humanoidState":5,"_cameraCFrame":[761.57,245.607,39.163,-0.985,0.172,-0.03,0,0.174,0.985,0.175,0.97,-0.171],"_shiftlockState":true,"_pose":"FreeFall","_animationQueue":[],"_animationSpeed":1,"_zoom":7.28},{"_mousePosition":[683,384],"_rootPartCFrame":[763.653,227.888,41.623,-0.996,0,-0.094,0,1,0,0.094,0,-0.996],"_humanoidState":5,"_cameraCFrame":[761.368,245.268,39.24,-0.979,0.201,-0.035,0,0.174,0.985,0.204,0.964,-0.17],"_shiftlockState":true,"_pose":"FreeFall","_animationQueue":[],"_animationSpeed":1,"_zoom":7.28},{"_mousePosition":[683,384],"_rootPartCFrame":[763.51,227.388,41.594,-0.995,0,-0.096,0,1,0,0.096,0,-0.995],"_humanoidState":5,"_cameraCFrame":[761.153,244.768,39.281,-0.972,0.23,-0.041,0,0.174,0.985,0.234,0.957,-0.169],"_shiftlockState":true,"_pose":"FreeFall","_animationQueue":[],"_animationSpeed":1,"_zoom":7.28},{"_mousePosition":[683,384],"_rootPartCFrame":[763.382,226.834,41.556,-0.992,0,-0.126,0,1,0,0.126,0,-0.992],"_humanoidState":5,"_cameraCFrame":[760.967,244.214,39.303,-0.966,0.255,-0.045,0,0.174,0.985,0.259,0.951,-0.168],"_shiftlockState":true,"_pose":"FreeFall","_animationQueue":[],"_animationSpeed":1,"_zoom":7.28},{"_mousePosition":[683,384],"_rootPartCFrame":[763.262,226.226,41.526,-0.988,0,-0.152,0,1,0,0.152,0,-0.988],"_humanoidState":5,"_cameraCFrame":[760.803,243.606,39.323,-0.961,0.274,-0.048,0,0.174,0.985,0.278,0.946,-0.167],"_shiftlockState":true,"_pose":"FreeFall","_animationQueue":[["fall",0.3]],"_animationSpeed":1,"_zoom":7.28},{"_mousePosition":[683,384],"_rootPartCFrame":[763.117,225.388,41.502,-0.989,0,-0.147,0,1,0,0.147,0,-0.989],"_humanoidState":5,"_cameraCFrame":[760.646,242.768,39.312,-0.959,0.279,-0.049,0,0.174,0.985,0.283,0.945,-0.167],"_shiftlockState":true,"_pose":"FreeFall","_animationQueue":[],"_animationSpeed":1,"_zoom":7.28},{"_mousePosition":[683,384],"_rootPartCFrame":[763.02,224.845,41.514,-0.979,0,-0.206,0,1,0,0.206,0,-0.979],"_humanoidState":5,"_cameraCFrame":[760.577,242.225,39.293,-0.963,0.267,-0.047,0,0.174,0.985,0.271,0.948,-0.167],"_shiftlockState":true,"_pose":"FreeFall","_animationQueue":[],"_animationSpeed":1,"_zoom":7.28},{"_mousePosition":[683,384],"_rootPartCFrame":[762.89,224.073,41.565,-0.986,0,-0.17,0,1,0,0.17,0,-0.986],"_humanoidState":5,"_cameraCFrame":[760.756,241.447,39.011,-0.99,0.14,-0.025,0,0.176,0.984,0.142,0.974,-0.174],"_shiftlockState":true,"_pose":"FreeFall","_animationQueue":[],"_animationSpeed":1,"_zoom":7.28},{"_mousePosition":[683,384],"_rootPartCFrame":[762.761,223.246,41.656,-0.999,0,-0.05,0,1,0,0.05,0,-0.999],"_humanoidState":5,"_cameraCFrame":[762.328,240.55,38.033,-0.928,-0.365,0.074,0,0.199,0.98,-0.372,0.91,-0.184],"_shiftlockState":true,"_pose":"FreeFall","_animationQueue":[],"_animationSpeed":1,"_zoom":7.28},{"_mousePosition":[683,384],"_rootPartCFrame":[762.583,222.685,41.518,-0.954,-0.012,0.3,-0.013,1,-0.003,-0.3,-0.006,-0.954],"_humanoidState":7,"_cameraCFrame":[763.884,239.957,37.962,-0.67,-0.726,0.155,0,0.208,0.978,-0.743,0.655,-0.139],"_shiftlockState":true,"_pose":"FreeFall","_animationQueue":[["walk",0.1],["fall",0.3],["fall",0.3]],"_animationSpeed":1,"_zoom":7.28},{"_mousePosition":[683,384],"_rootPartCFrame":[762.446,222.737,41.25,-0.701,-0.001,0.713,-0.006,1,-0.004,-0.713,-0.007,-0.701],"_humanoidState":7,"_cameraCFrame":[765.104,239.962,38.284,-0.373,-0.905,0.205,0,0.221,0.975,-0.928,0.364,-0.083],"_shiftlockState":true,"_pose":"FreeFall","_animationQueue":[["fall",0.3]],"_animationSpeed":1,"_zoom":7.28},{"_mousePosition":[683,384],"_rootPartCFrame":[762.271,222.785,41.186,-0.385,0.005,0.923,-0.003,1,-0.006,-0.923,-0.005,-0.385],"_humanoidState":8,"_cameraCFrame":[765.549,239.96,38.595,-0.233,-0.945,0.228,0,0.235,0.972,-0.972,0.227,-0.055],"_shiftlockState":true,"_pose":"Running","_animationQueue":[["walk",0.1],["fall",0.3],["walk",0.1]],"_animationSpeed":0.832,"_zoom":7.28},{"_mousePosition":[683,384],"_rootPartCFrame":[762.07,223.889,41.18,-0.24,0.004,0.971,0,1,-0.004,-0.971,-0.001,-0.24],"_humanoidState":3,"_cameraCFrame":[765.358,241.034,38.43,-0.272,-0.934,0.233,0,0.242,0.97,-0.962,0.264,-0.066],"_shiftlockState":true,"_pose":"Jumping","_animationQueue":[["walk",0.1],["jump",0.1]],"_animationSpeed":1,"_zoom":7.28},{"_mousePosition":[683,384],"_rootPartCFrame":[761.943,224.531,41.162,-0.224,0.002,0.975,0,1,-0.002,-0.975,0,-0.224],"_humanoidState":5,"_cameraCFrame":[764.557,241.676,37.77,-0.474,-0.854,0.213,0,0.242,0.97,-0.881,0.46,-0.115],"_shiftlockState":true,"_pose":"FreeFall","_animationQueue":[["jump",0.1]],"_animationSpeed":1,"_zoom":7.28},{"_mousePosition":[683,384],"_rootPartCFrame":[761.74,225.533,41.088,-0.335,0,0.942,0,1,0,-0.942,0,-0.335],"_humanoidState":5,"_cameraCFrame":[763.224,242.701,37.161,-0.703,-0.691,0.168,0,0.237,0.972,-0.711,0.683,-0.166],"_shiftlockState":true,"_pose":"FreeFall","_animationQueue":[],"_animationSpeed":1,"_zoom":7.28},{"_mousePosition":[683,384],"_rootPartCFrame":[761.591,226.274,40.985,-0.603,0,0.798,0,1,0,-0.798,0,-0.603],"_humanoidState":5,"_cameraCFrame":[761.848,243.484,36.962,-0.871,-0.478,0.111,0,0.225,0.974,-0.491,0.849,-0.196],"_shiftlockState":true,"_pose":"FreeFall","_animationQueue":[],"_animationSpeed":1,"_zoom":7.28},{"_mousePosition":[683,384],"_rootPartCFrame":[761.474,226.793,40.884,-0.818,0,0.575,0,1,0,-0.575,0,-0.818],"_humanoidState":5,"_cameraCFrame":[760.918,244.052,37.086,-0.947,-0.315,0.068,0,0.212,0.977,-0.322,0.925,-0.201],"_shiftlockState":true,"_pose":"FreeFall","_animationQueue":[],"_animationSpeed":1,"_zoom":7.28},{"_mousePosition":[683,384],"_rootPartCFrame":[761.288,227.438,40.746,-0.895,0,0.445,0,1,0,-0.445,0,-0.895],"_humanoidState":5,"_cameraCFrame":[760.423,244.717,37.09,-0.968,-0.244,0.051,0,0.206,0.979,-0.25,0.948,-0.2],"_shiftlockState":true,"_pose":"FreeFall","_animationQueue":[],"_animationSpeed":1,"_zoom":7.28},{"_mousePosition":[683,384],"_rootPartCFrame":[761.07,228.028,40.626,-0.927,0,0.376,0,1,0,-0.376,0,-0.927],"_humanoidState":5,"_cameraCFrame":[760.205,245.307,36.97,-0.968,-0.244,0.051,0,0.206,0.979,-0.25,0.948,-0.2],"_shiftlockState":true,"_pose":"FreeFall","_animationQueue":[],"_animationSpeed":1,"_zoom":7.28},{"_mousePosition":[683,384],"_rootPartCFrame":[760.827,228.564,40.538,-0.927,0,0.376,0,1,0,-0.376,0,-0.927],"_humanoidState":5,"_cameraCFrame":[759.962,245.843,36.882,-0.968,-0.244,0.051,0,0.206,0.979,-0.25,0.948,-0.2],"_shiftlockState":true,"_pose":"FreeFall","_animationQueue":[],"_animationSpeed":1,"_zoom":7.28},{"_mousePosition":[683,384],"_rootPartCFrame":[760.57,229.046,40.47,-0.927,0,0.376,0,1,0,-0.376,0,-0.927],"_humanoidState":5,"_cameraCFrame":[759.542,246.331,36.885,-0.978,-0.203,0.042,0,0.204,0.979,-0.208,0.958,-0.2],"_shiftlockState":true,"_pose":"FreeFall","_animationQueue":[],"_animationSpeed":1,"_zoom":7.28},{"_mousePosition":[683,384],"_rootPartCFrame":[760.247,229.571,40.387,-0.93,0,0.367,0,1,0,-0.367,0,-0.93],"_humanoidState":5,"_cameraCFrame":[759.048,246.856,36.855,-0.987,-0.157,0.033,0,0.204,0.979,-0.16,0.966,-0.202],"_shiftlockState":true,"_pose":"FreeFall","_animationQueue":[],"_animationSpeed":1,"_zoom":7.28},{"_mousePosition":[683,384],"_rootPartCFrame":[759.993,229.93,40.345,-0.961,0,0.275,0,1,0,-0.275,0,-0.961],"_humanoidState":5,"_cameraCFrame":[758.608,247.215,36.882,-0.994,-0.105,0.022,0,0.204,0.979,-0.108,0.973,-0.203],"_shiftlockState":true,"_pose":"FreeFall","_animationQueue":[],"_animationSpeed":1,"_zoom":7.28},{"_mousePosition":[683,384],"_rootPartCFrame":[759.807,230.163,40.339,-0.982,0,0.191,0,1,0,-0.191,0,-0.982],"_humanoidState":5,"_cameraCFrame":[758.226,247.435,36.901,-0.999,-0.049,0.01,0,0.208,0.978,-0.05,0.977,-0.208],"_shiftlockState":true,"_pose":"FreeFall","_animationQueue":[],"_animationSpeed":1,"_zoom":7.28},{"_mousePosition":[683,384],"_rootPartCFrame":[759.508,230.484,40.378,-0.982,0,0.189,0,1,0,-0.189,0,-0.982],"_humanoidState":5,"_cameraCFrame":[757.772,247.742,36.954,-1,-0.004,0.001,0,0.212,0.977,-0.004,0.977,-0.212],"_shiftlockState":true,"_pose":"FreeFall","_animationQueue":[],"_animationSpeed":1,"_zoom":7.28},{"_mousePosition":[683,384],"_rootPartCFrame":[759.28,230.679,40.452,-0.993,0,0.115,0,1,0,-0.115,0,-0.993],"_humanoidState":5,"_cameraCFrame":[757.475,247.938,37.064,-1,0.016,-0.003,0,0.212,0.977,0.016,0.977,-0.212],"_shiftlockState":true,"_pose":"FreeFall","_animationQueue":[],"_animationSpeed":1,"_zoom":7.28},{"_mousePosition":[683,384],"_rootPartCFrame":[759.064,230.82,40.564,-0.996,0,0.092,0,1,0,-0.092,0,-0.996],"_humanoidState":5,"_cameraCFrame":[757.259,248.078,37.175,-1,0.016,-0.003,0,0.212,0.977,0.016,0.977,-0.212],"_shiftlockState":true,"_pose":"FreeFall","_animationQueue":[],"_animationSpeed":1,"_zoom":7.28},{"_mousePosition":[683,384],"_rootPartCFrame":[758.874,230.906,40.703,-1,0,0.017,0,1,0,-0.017,0,-1],"_humanoidState":5,"_cameraCFrame":[757.069,248.165,37.315,-1,0.016,-0.003,0,0.212,0.977,0.016,0.977,-0.212],"_shiftlockState":true,"_pose":"FreeFall","_animationQueue":[],"_animationSpeed":1,"_zoom":7.28},{"_mousePosition":[683,384],"_rootPartCFrame":[758.717,230.938,40.864,-1,0,-0.012,0,1,0,0.012,0,-1],"_humanoidState":5,"_cameraCFrame":[756.895,248.197,37.485,-1,0.021,-0.004,0,0.212,0.977,0.021,0.977,-0.212],"_shiftlockState":true,"_pose":"FreeFall","_animationQueue":[],"_animationSpeed":1,"_zoom":7.28},{"_mousePosition":[683,384],"_rootPartCFrame":[758.593,230.915,41.047,-1,0,-0.02,0,1,0,0.02,0,-1],"_humanoidState":5,"_cameraCFrame":[756.789,248.174,37.659,-1,0.016,-0.003,0,0.212,0.977,0.016,0.977,-0.212],"_shiftlockState":true,"_pose":"FreeFall","_animationQueue":[],"_animationSpeed":1,"_zoom":7.28},{"_mousePosition":[683,384],"_rootPartCFrame":[758.486,230.81,41.307,-1,0,-0.016,0,1,0,0.016,0,-1],"_humanoidState":5,"_cameraCFrame":[756.741,248.082,37.948,-1,-0.002,0,0,0.208,0.978,-0.002,0.978,-0.208],"_shiftlockState":true,"_pose":"FreeFall","_animationQueue":[["fall",0.3]],"_animationSpeed":1,"_zoom":7.28},{"_mousePosition":[683,384],"_rootPartCFrame":[758.446,230.706,41.478,-1,0,0,0,1,0,0,0,-1],"_humanoidState":5,"_cameraCFrame":[756.852,247.997,38.136,-0.999,-0.046,0.01,0,0.202,0.979,-0.047,0.978,-0.202],"_shiftlockState":true,"_pose":"FreeFall","_animationQueue":[],"_animationSpeed":1,"_zoom":7.28},{"_mousePosition":[683,384],"_rootPartCFrame":[758.422,230.52,41.728,-0.999,0,0.042,0,1,0,-0.042,0,-0.999],"_humanoidState":5,"_cameraCFrame":[757.268,247.877,38.521,-0.981,-0.19,0.035,0,0.181,0.983,-0.193,0.965,-0.178],"_shiftlockState":true,"_pose":"FreeFall","_animationQueue":[],"_animationSpeed":1,"_zoom":7.28},{"_mousePosition":[683,384],"_rootPartCFrame":[758.409,230.279,41.993,-0.984,0,0.178,0,1,0,-0.178,0,-0.984],"_humanoidState":5,"_cameraCFrame":[757.696,247.659,38.769,-0.942,-0.329,0.058,0,0.174,0.985,-0.334,0.928,-0.164],"_shiftlockState":true,"_pose":"FreeFall","_animationQueue":[],"_animationSpeed":1,"_zoom":7.28},{"_mousePosition":[683,384],"_rootPartCFrame":[758.376,230.063,42.19,-0.942,0,0.334,0,1,0,-0.334,0,-0.942],"_humanoidState":7,"_cameraCFrame":[758.192,247.443,38.893,-0.876,-0.475,0.084,0,0.174,0.985,-0.482,0.863,-0.152],"_shiftlockState":true,"_pose":"FreeFall","_animationQueue":[["walk",0.1],["fall",0.3],["fall",0.3]],"_animationSpeed":1,"_zoom":7.28},{"_mousePosition":[683,384],"_rootPartCFrame":[758.182,229.727,42.185,-0.923,-0.009,0.384,-0.012,1,-0.007,-0.384,-0.011,-0.923],"_humanoidState":7,"_cameraCFrame":[758.527,247.107,38.886,-0.786,-0.609,0.107,0,0.174,0.985,-0.619,0.774,-0.136],"_shiftlockState":true,"_pose":"FreeFall","_animationQueue":[],"_animationSpeed":1,"_zoom":7.28},{"_mousePosition":[683,384],"_rootPartCFrame":[758.001,229.51,42.043,-0.814,-0.006,0.58,-0.009,1,-0.002,-0.58,-0.007,-0.814],"_humanoidState":7,"_cameraCFrame":[758.778,246.89,38.825,-0.698,-0.706,0.124,0,0.174,0.985,-0.717,0.687,-0.121],"_shiftlockState":true,"_pose":"FreeFall","_animationQueue":[],"_animationSpeed":1,"_zoom":7.28},{"_mousePosition":[683,384],"_rootPartCFrame":[757.674,229.384,41.793,-0.697,0,0.717,0,1,0,-0.717,0,-0.697],"_humanoidState":8,"_cameraCFrame":[758.661,246.764,38.642,-0.651,-0.748,0.132,0,0.174,0.985,-0.759,0.641,-0.113],"_shiftlockState":true,"_pose":"Running","_animationQueue":[["fall",0.3],["walk",0.1],["fall",0.3],["walk",0.1]],"_animationSpeed":1.035,"_zoom":7.28},{"_mousePosition":[683,384],"_rootPartCFrame":[757.517,229.375,41.67,-0.644,0,0.765,0.001,1,0,-0.765,0.001,-0.644],"_humanoidState":8,"_cameraCFrame":[758.552,246.755,38.535,-0.639,-0.757,0.134,0,0.174,0.985,-0.769,0.63,-0.111],"_shiftlockState":true,"_pose":"Running","_animationQueue":[["walk",0.1]],"_animationSpeed":1.103,"_zoom":7.28},{"_mousePosition":[683,384],"_rootPartCFrame":[757.307,229.315,41.504,-0.63,0,0.777,0,1,0,-0.777,0,-0.63],"_humanoidState":8,"_cameraCFrame":[758.31,246.695,38.359,-0.647,-0.751,0.132,0,0.174,0.985,-0.763,0.637,-0.112],"_shiftlockState":true,"_pose":"Running","_animationQueue":[],"_animationSpeed":1.103,"_zoom":7.28},{"_mousePosition":[683,384],"_rootPartCFrame":[757.098,229.2,41.339,-0.638,0,0.77,0,1,0,-0.77,0,-0.638],"_humanoidState":8,"_cameraCFrame":[757.956,246.58,38.151,-0.681,-0.721,0.127,0,0.174,0.985,-0.732,0.671,-0.118],"_shiftlockState":true,"_pose":"Running","_animationQueue":[],"_animationSpeed":1.103,"_zoom":7.28},{"_mousePosition":[683,384],"_rootPartCFrame":[756.888,229.031,41.174,-0.672,0,0.74,0,1,0,-0.74,0,-0.672],"_humanoidState":8,"_cameraCFrame":[757.592,246.411,37.948,-0.715,-0.688,0.121,0,0.174,0.985,-0.699,0.705,-0.124],"_shiftlockState":true,"_pose":"Running","_animationQueue":[],"_animationSpeed":1.103,"_zoom":7.28},{"_mousePosition":[683,384],"_rootPartCFrame":[756.679,228.808,41.009,-0.707,0,0.707,0,1,0,-0.707,0,-0.707],"_humanoidState":8,"_cameraCFrame":[757.26,246.188,37.759,-0.741,-0.661,0.117,0,0.174,0.985,-0.671,0.73,-0.129],"_shiftlockState":true,"_pose":"Running","_animationQueue":[],"_animationSpeed":1.103,"_zoom":7.28},{"_mousePosition":[683,384],"_rootPartCFrame":[756.469,229.67,40.844,-0.733,0,0.68,0,1,0,-0.68,0,-0.733],"_humanoidState":3,"_cameraCFrame":[756.943,247.05,37.577,-0.763,-0.636,0.112,0,0.174,0.985,-0.646,0.752,-0.133],"_shiftlockState":true,"_pose":"Jumping","_animationQueue":[["walk",0.1],["jump",0.1]],"_animationSpeed":1,"_zoom":7.28},{"_mousePosition":[683,384],"_rootPartCFrame":[756.269,230.479,40.668,-0.698,0,0.716,0,1,0,-0.716,0,-0.698],"_humanoidState":5,"_cameraCFrame":[756.586,247.859,37.381,-0.793,-0.6,0.106,0,0.174,0.985,-0.609,0.781,-0.138],"_shiftlockState":true,"_pose":"FreeFall","_animationQueue":[["jump",0.1]],"_animationSpeed":1,"_zoom":7.28},{"_mousePosition":[683,384],"_rootPartCFrame":[756.016,231.413,40.452,-0.685,0,0.729,0,1,0,-0.729,0,-0.685],"_humanoidState":5,"_cameraCFrame":[756.199,248.793,37.155,-0.817,-0.567,0.1,0,0.174,0.985,-0.576,0.805,-0.142],"_shiftlockState":true,"_pose":"FreeFall","_animationQueue":[],"_animationSpeed":1,"_zoom":7.28},{"_mousePosition":[683,384],"_rootPartCFrame":[755.858,231.932,40.328,-0.756,0,0.655,0,1,0,-0.655,0,-0.756],"_humanoidState":5,"_cameraCFrame":[755.866,249.312,37.026,-0.847,-0.524,0.092,0,0.174,0.985,-0.532,0.834,-0.147],"_shiftlockState":true,"_pose":"FreeFall","_animationQueue":[],"_animationSpeed":1,"_zoom":7.28},{"_mousePosition":[683,384],"_rootPartCFrame":[755.641,232.577,40.173,-0.769,0,0.64,0,1,0,-0.64,0,-0.769],"_humanoidState":5,"_cameraCFrame":[755.432,249.957,36.878,-0.88,-0.468,0.083,0,0.174,0.985,-0.475,0.867,-0.153],"_shiftlockState":true,"_pose":"FreeFall","_animationQueue":[],"_animationSpeed":1,"_zoom":7.28},{"_mousePosition":[683,384],"_rootPartCFrame":[755.417,233.167,40.03,-0.809,0,0.588,0,1,0,-0.588,0,-0.809],"_humanoidState":5,"_cameraCFrame":[754.942,250.547,36.762,-0.915,-0.396,0.07,0,0.174,0.985,-0.402,0.902,-0.159],"_shiftlockState":true,"_pose":"FreeFall","_animationQueue":[],"_animationSpeed":1,"_zoom":7.28},{"_mousePosition":[683,384],"_rootPartCFrame":[755.184,233.703,39.9,-0.854,0,0.521,0,1,0,-0.521,0,-0.854],"_humanoidState":5,"_cameraCFrame":[754.413,251.083,36.69,-0.948,-0.313,0.055,0,0.174,0.985,-0.317,0.934,-0.165],"_shiftlockState":true,"_pose":"FreeFall","_animationQueue":[],"_animationSpeed":1,"_zoom":7.28},{"_mousePosition":[683,384],"_rootPartCFrame":[754.942,234.185,39.789,-0.898,0,0.441,0,1,0,-0.441,0,-0.898],"_humanoidState":5,"_cameraCFrame":[753.867,251.565,36.667,-0.974,-0.222,0.039,0,0.174,0.985,-0.225,0.96,-0.169],"_shiftlockState":true,"_pose":"FreeFall","_animationQueue":[],"_animationSpeed":1,"_zoom":7.28},{"_mousePosition":[683,384],"_rootPartCFrame":[754.565,234.805,39.656,-0.91,0,0.414,0,1,0,-0.414,0,-0.91],"_humanoidState":5,"_cameraCFrame":[753.172,252.185,36.662,-0.992,-0.121,0.021,0,0.174,0.985,-0.123,0.977,-0.172],"_shiftlockState":true,"_pose":"FreeFall","_animationQueue":[],"_animationSpeed":1,"_zoom":7.28},{"_mousePosition":[683,384],"_rootPartCFrame":[754.436,234.984,39.621,-0.982,0,0.189,0,1,0,-0.189,0,-0.982],"_humanoidState":5,"_cameraCFrame":[752.719,252.364,36.8,-1,-0.012,0.002,0,0.174,0.985,-0.012,0.985,-0.174],"_shiftlockState":true,"_pose":"FreeFall","_animationQueue":[],"_animationSpeed":1,"_zoom":7.28},{"_mousePosition":[683,384],"_rootPartCFrame":[754.174,235.302,39.577,-0.989,0,0.145,0,1,0,-0.145,0,-0.989],"_humanoidState":5,"_cameraCFrame":[752.154,252.682,36.965,-0.995,0.098,-0.017,0,0.174,0.985,0.099,0.98,-0.173],"_shiftlockState":true,"_pose":"FreeFall","_animationQueue":[],"_animationSpeed":1,"_zoom":7.28},{"_mousePosition":[683,384],"_rootPartCFrame":[753.908,235.565,39.564,-0.999,0,0.034,0,1,0,-0.034,0,-0.999],"_humanoidState":5,"_cameraCFrame":[751.604,252.945,37.198,-0.977,0.209,-0.037,0,0.174,0.985,0.212,0.962,-0.17],"_shiftlockState":true,"_pose":"FreeFall","_animationQueue":[],"_animationSpeed":1,"_zoom":7.28},{"_mousePosition":[683,384],"_rootPartCFrame":[753.642,235.774,39.581,-0.997,0,-0.08,0,1,0,0.08,0,-0.997],"_humanoidState":5,"_cameraCFrame":[751.1,253.154,37.473,-0.949,0.31,-0.055,0,0.174,0.985,0.314,0.935,-0.165],"_shiftlockState":true,"_pose":"FreeFall","_animationQueue":[],"_animationSpeed":1,"_zoom":7.28},{"_mousePosition":[683,384],"_rootPartCFrame":[753.38,235.929,39.628,-0.983,0,-0.185,0,1,0,0.185,0,-0.983],"_humanoidState":5,"_cameraCFrame":[750.557,253.309,37.914,-0.893,0.443,-0.078,0,0.174,0.985,0.45,0.88,-0.155],"_shiftlockState":true,"_pose":"FreeFall","_animationQueue":[],"_animationSpeed":1,"_zoom":7.28},{"_mousePosition":[683,384],"_rootPartCFrame":[753.124,236.028,39.703,-0.945,0,-0.327,0,1,0,0.327,0,-0.945],"_humanoidState":5,"_cameraCFrame":[750.15,253.408,38.268,-0.846,0.525,-0.093,0,0.174,0.985,0.533,0.833,-0.147],"_shiftlockState":true,"_pose":"FreeFall","_animationQueue":[],"_animationSpeed":1,"_zoom":7.28},{"_mousePosition":[683,384],"_rootPartCFrame":[752.88,236.074,39.808,-0.909,0,-0.416,0,1,0,0.416,0,-0.909],"_humanoidState":5,"_cameraCFrame":[749.776,253.454,38.681,-0.788,0.607,-0.107,0,0.174,0.985,0.616,0.776,-0.137],"_shiftlockState":true,"_pose":"FreeFall","_animationQueue":[],"_animationSpeed":1,"_zoom":7.28},{"_mousePosition":[683,384],"_rootPartCFrame":[752.65,236.065,39.942,-0.862,0,-0.506,0,1,0,0.506,0,-0.862],"_humanoidState":5,"_cameraCFrame":[749.448,253.445,39.135,-0.721,0.682,-0.12,0,0.174,0.985,0.693,0.71,-0.125],"_shiftlockState":true,"_pose":"FreeFall","_animationQueue":[],"_animationSpeed":1,"_zoom":7.28},{"_mousePosition":[683,384],"_rootPartCFrame":[752.383,235.977,40.141,-0.826,0,-0.563,0,1,0,0.563,0,-0.826],"_humanoidState":5,"_cameraCFrame":[749.116,253.357,39.661,-0.648,0.75,-0.132,0,0.174,0.985,0.762,0.638,-0.112],"_shiftlockState":true,"_pose":"FreeFall","_animationQueue":[],"_animationSpeed":1,"_zoom":7.28},{"_mousePosition":[683,384],"_rootPartCFrame":[752.234,235.883,40.274,-0.72,0,-0.694,0,1,0,0.694,0,-0.72],"_humanoidState":5,"_cameraCFrame":[748.936,253.263,40.127,-0.567,0.811,-0.143,0,0.174,0.985,0.824,0.559,-0.099],"_shiftlockState":true,"_pose":"FreeFall","_animationQueue":[],"_animationSpeed":1,"_zoom":7.28},{"_mousePosition":[683,384],"_rootPartCFrame":[752.055,235.71,40.472,-0.672,0,-0.741,0,1,0,0.741,0,-0.672],"_humanoidState":5,"_cameraCFrame":[748.76,253.09,40.683,-0.474,0.867,-0.153,0,0.174,0.985,0.88,0.467,-0.082],"_shiftlockState":true,"_pose":"FreeFall","_animationQueue":[],"_animationSpeed":1,"_zoom":7.28},{"_mousePosition":[683,384],"_rootPartCFrame":[751.86,235.418,40.741,-0.614,0,-0.789,0,1,0,0.789,0,-0.614],"_humanoidState":5,"_cameraCFrame":[748.559,252.787,41.337,-0.362,0.917,-0.165,0,0.177,0.984,0.932,0.356,-0.064],"_shiftlockState":true,"_pose":"FreeFall","_animationQueue":[],"_animationSpeed":1,"_zoom":7.28},{"_mousePosition":[683,384],"_rootPartCFrame":[751.695,235.04,41.03,-0.512,0,-0.859,0,1,0,0.859,0,-0.512],"_humanoidState":5,"_cameraCFrame":[748.432,252.398,42.014,-0.244,0.954,-0.176,0,0.181,0.983,0.97,0.24,-0.044],"_shiftlockState":true,"_pose":"FreeFall","_animationQueue":[["fall",0.3]],"_animationSpeed":1,"_zoom":7.28},{"_mousePosition":[683,384],"_rootPartCFrame":[751.613,234.773,41.212,-0.339,0,-0.941,0,1,0,0.941,0,-0.339],"_humanoidState":5,"_cameraCFrame":[748.425,252.119,42.56,-0.13,0.974,-0.184,0,0.185,0.983,0.992,0.127,-0.024],"_shiftlockState":true,"_pose":"FreeFall","_animationQueue":[],"_animationSpeed":1,"_zoom":7.28},{"_mousePosition":[683,384],"_rootPartCFrame":[751.534,234.369,41.466,-0.26,0,-0.966,0,1,0,0.966,0,-0.26],"_humanoidState":5,"_cameraCFrame":[748.454,251.703,43.159,-0.019,0.982,-0.189,0,0.189,0.982,1,0.018,-0.004],"_shiftlockState":true,"_pose":"FreeFall","_animationQueue":[],"_animationSpeed":1,"_zoom":7.28},{"_mousePosition":[683,384],"_rootPartCFrame":[751.488,233.91,41.728,-0.151,0,-0.988,0,1,0,0.988,0,-0.151],"_humanoidState":5,"_cameraCFrame":[748.539,251.233,43.736,0.085,0.978,-0.192,0,0.193,0.981,0.996,-0.083,0.016],"_shiftlockState":true,"_pose":"FreeFall","_animationQueue":[],"_animationSpeed":1,"_zoom":7.28},{"_mousePosition":[683,384],"_rootPartCFrame":[751.473,233.397,41.994,-0.048,0,-0.999,0,1,0,0.999,0,-0.048],"_humanoidState":5,"_cameraCFrame":[748.813,250.713,44.412,0.227,0.955,-0.19,0,0.195,0.981,0.974,-0.223,0.044],"_shiftlockState":true,"_pose":"FreeFall","_animationQueue":[],"_animationSpeed":1,"_zoom":7.28},{"_mousePosition":[683,384],"_rootPartCFrame":[751.487,232.829,42.26,0.096,0,-0.995,0,1,0,0.995,0,0.096],"_humanoidState":5,"_cameraCFrame":[749.003,250.139,44.895,0.305,0.934,-0.187,0,0.197,0.98,0.952,-0.299,0.06],"_shiftlockState":true,"_pose":"FreeFall","_animationQueue":[],"_animationSpeed":1,"_zoom":7.28},{"_mousePosition":[683,384],"_rootPartCFrame":[751.532,232.207,42.522,0.176,0,-0.984,0,1,0,0.984,0,0.176],"_humanoidState":5,"_cameraCFrame":[749.255,249.517,45.338,0.377,0.908,-0.182,0,0.197,0.98,0.926,-0.369,0.074],"_shiftlockState":true,"_pose":"FreeFall","_animationQueue":[],"_animationSpeed":1,"_zoom":7.28},{"_mousePosition":[683,384],"_rootPartCFrame":[751.588,231.704,42.714,0.282,0,-0.959,0,1,0,0.959,0,0.282],"_humanoidState":5,"_cameraCFrame":[749.48,249.008,45.692,0.439,0.881,-0.178,0,0.199,0.98,0.898,-0.43,0.087],"_shiftlockState":true,"_pose":"FreeFall","_animationQueue":[["fall",0.3]],"_animationSpeed":1,"_zoom":7.28},{"_mousePosition":[683,384],"_rootPartCFrame":[751.684,230.987,42.963,0.316,0,-0.949,0,1,0,0.949,0,0.316],"_humanoidState":5,"_cameraCFrame":[749.753,248.291,46.058,0.491,0.854,-0.173,0,0.199,0.98,0.871,-0.481,0.097],"_shiftlockState":true,"_pose":"FreeFall","_a