[{"_mousePosition":[1131,352],"_rootPartCFrame":[776.035,222.977,47.142,-0.001,-0.007,1,0,1,0.007,-1,0,-0.001],"_humanoidState":8,"_cameraCFrame":[786.51,236.791,47.32,0.017,-0.761,0.648,0,0.648,0.761,-1,-0.013,0.011],"_shiftlockState":false,"_pose":"Standing","_animationQueue":[],"_animationSpeed":1,"_zoom":16.175},{"_mousePosition":[1105,345],"_rootPartCFrame":[775.985,222.941,47.141,0,-0.005,1,0,1,0.005,-1,0,0],"_humanoidState":8,"_cameraCFrame":[786.464,236.755,47.319,0.017,-0.761,0.648,0,0.648,0.761,-1,-0.013,0.011],"_shiftlockState":false,"_pose":"Standing","_animationQueue":[],"_animationSpeed":1,"_zoom":16.175},{"_mousePosition":[1072,336],"_rootPartCFrame":[775.732,222.814,47.137,0.002,0,1,0,1,0,-1,0,0.002],"_humanoidState":8,"_cameraCFrame":[786.218,236.629,47.315,0.017,-0.761,0.648,0,0.648,0.761,-1,-0.013,0.011],"_shiftlockState":false,"_pose":"Running","_animationQueue":[["walk",0.1]],"_animationSpeed":0.551,"_zoom":16.175},{"_mousePosition":[1039,329],"_rootPartCFrame":[775.599,222.73,47.135,0.003,0,1,0,1,0,-1,0,0.003],"_humanoidState":8,"_cameraCFrame":[786.085,236.545,47.313,0.017,-0.761,0.648,0,0.648,0.761,-1,-0.013,0.011],"_shiftlockState":false,"_pose":"Running","_animationQueue":[["walk",0.1]],"_animationSpeed":1.091,"_zoom":16.175},{"_mousePosition":[987,320],"_rootPartCFrame":[775.199,222.623,47.128,0.006,0,1,0,1,0,-1,0,0.006],"_humanoidState":8,"_cameraCFrame":[785.685,236.438,47.306,0.017,-0.761,0.648,0,0.648,0.761,-1,-0.013,0.011],"_shiftlockState":false,"_pose":"Running","_animationQueue":[],"_animationSpeed":1.091,"_zoom":16.175},{"_mousePosition":[980,318],"_rootPartCFrame":[774.799,222.664,47.121,0.008,0,1,0,1,0,-1,0,0.008],"_humanoidState":8,"_cameraCFrame":[785.285,236.478,47.299,0.017,-0.761,0.648,0,0.648,0.761,-1,-0.013,0.011],"_shiftlockState":false,"_pose":"Running","_animationQueue":[["walk",0.1]],"_animationSpeed":1.091,"_zoom":16.175},{"_mousePosition":[929,312],"_rootPartCFrame":[774.666,222.673,47.119,0.009,0,1,0,1,0,-1,0,0.009],"_humanoidState":8,"_cameraCFrame":[785.151,236.488,47.297,0.017,-0.761,0.648,0,0.648,0.761,-1,-0.013,0.011],"_shiftlockState":false,"_pose":"Running","_animationQueue":[],"_animationSpeed":1.091,"_zoom":16.175},{"_mousePosition":[908,310],"_rootPartCFrame":[774.266,222.689,47.112,0.01,0,1,0,1,0,-1,0,0.01],"_humanoidState":8,"_cameraCFrame":[784.752,236.504,47.29,0.017,-0.761,0.648,0,0.648,0.761,-1,-0.013,0.011],"_shiftlockState":false,"_pose":"Running","_animationQueue":[],"_animationSpeed":1.091,"_zoom":16.175},{"_mousePosition":[892,310],"_rootPartCFrame":[774.132,222.692,47.11,0.011,0,1,0,1,0,-1,0,0.011],"_humanoidState":8,"_cameraCFrame":[784.618,236.506,47.288,0.017,-0.761,0.648,0,0.648,0.761,-1,-0.013,0.011],"_shiftlockState":false,"_pose":"Running","_animationQueue":[],"_animationSpeed":1.091,"_zoom":16.175},{"_mousePosition":[876,313],"_rootPartCFrame":[773.866,222.696,47.105,0.012,0,1,0,1,0,-1,0,0.012],"_humanoidState":8,"_cameraCFrame":[784.352,236.51,47.283,0.017,-0.761,0.648,0,0.648,0.761,-1,-0.013,0.011],"_shiftlockState":false,"_pose":"Running","_animationQueue":[],"_animationSpeed":1.091,"_zoom":16.175},{"_mousePosition":[860,319],"_rootPartCFrame":[773.732,222.697,47.103,0.012,0,1,0,1,0,-1,0,0.012],"_humanoidState":8,"_cameraCFrame":[784.218,236.511,47.281,0.017,-0.761,0.648,0,0.648,0.761,-1,-0.013,0.011],"_shiftlockState":false,"_pose":"Running","_animationQueue":[],"_animationSpeed":1.091,"_zoom":16.175},{"_mousePosition":[850,324],"_rootPartCFrame":[773.333,222.698,47.096,0.013,0,1,0,1,0,-1,0,0.013],"_humanoidState":8,"_cameraCFrame":[783.818,236.513,47.274,0.017,-0.761,0.648,0,0.648,0.761,-1,-0.013,0.011],"_shiftlockState":false,"_pose":"Running","_animationQueue":[],"_animationSpeed":1.091,"_zoom":16.175},{"_mousePosition":[840,330],"_rootPartCFrame":[773.066,222.699,47.092,0.014,0,1,0,1,0,-1,0,0.014],"_humanoidState":8,"_cameraCFrame":[783.552,236.513,47.27,0.017,-0.761,0.648,0,0.648,0.761,-1,-0.013,0.011],"_shiftlockState":false,"_pose":"Running","_animationQueue":[["walk",0.1]],"_animationSpeed":1.091,"_zoom":16.175},{"_mousePosition":[834,334],"_rootPartCFrame":[772.799,222.699,47.087,0.014,0,1,0,1,0,-1,0,0.014],"_humanoidState":8,"_cameraCFrame":[783.285,236.514,47.265,0.017,-0.761,0.648,0,0.648,0.761,-1,-0.013,0.011],"_shiftlockState":false,"_pose":"Running","_animationQueue":[],"_animationSpeed":1.091,"_zoom":16.175},{"_mousePosition":[829,339],"_rootPartCFrame":[772.666,222.699,47.085,0.014,0,1,0,1,0,-1,0,0.014],"_humanoidState":8,"_cameraCFrame":[783.152,236.514,47.263,0.017,-0.761,0.648,0,0.648,0.761,-1,-0.013,0.011],"_shiftlockState":false,"_pose":"Running","_animationQueue":[],"_animationSpeed":1.091,"_zoom":16.175},{"_mousePosition":[822,346],"_rootPartCFrame":[772.266,222.7,47.078,0.015,0,1,0,1,0,-1,0,0.015],"_humanoidState":8,"_cameraCFrame":[782.752,236.514,47.256,0.017,-0.761,0.648,0,0.648,0.761,-1,-0.013,0.011],"_shiftlockState":false,"_pose":"Running","_animationQueue":[],"_animationSpeed":1.091,"_zoom":16.175},{"_mousePosition":[813,357],"_rootPartCFrame":[772,222.7,47.074,0.015,0,1,0,1,0,-1,0,0.015],"_humanoidState":8,"_cameraCFrame":[782.485,236.514,47.252,0.017,-0.761,0.648,0,0.648,0.761,-1,-0.013,0.011],"_shiftlockState":false,"_pose":"Running","_animationQueue":[],"_animationSpeed":1.091,"_zoom":16.175},{"_mousePosition":[802,375],"_rootPartCFrame":[771.733,222.7,47.069,0.015,0,1,0,1,0,-1,0,0.015],"_humanoidState":8,"_cameraCFrame":[782.219,236.514,47.247,0.017,-0.761,0.648,0,0.648,0.761,-1,-0.013,0.011],"_shiftlockState":false,"_pose":"Running","_animationQueue":[],"_animationSpeed":1.091,"_zoom":16.175},{"_mousePosition":[802,375],"_rootPartCFrame":[771.466,222.7,47.064,0.016,0,1,0,1,0,-1,0,0.016],"_humanoidState":8,"_cameraCFrame":[781.592,236.813,47.077,0.001,-0.78,0.626,0,0.626,0.78,-1,-0.001,0.001],"_shiftlockState":false,"_pose":"Running","_animationQueue":[["walk",0.1]],"_animationSpeed":1.091,"_zoom":16.175},{"_mousePosition":[802,375],"_rootPartCFrame":[771.2,222.7,47.06,0.016,0,1,0,1,0,-1,0,0.016],"_humanoidState":8,"_cameraCFrame":[780.986,237.078,46.97,-0.009,-0.796,0.605,0,0.605,0.796,-1,0.007,-0.006],"_shiftlockState":false,"_pose":"Running","_animationQueue":[],"_animationSpeed":1.091,"_zoom":16.175},{"_mousePosition":[802,375],"_rootPartCFrame":[770.933,223.573,47.055,0.016,0,1,0,1,0,-1,0,0.016],"_humanoidState":3,"_cameraCFrame":[780.426,238.169,46.938,-0.012,-0.81,0.587,0,0.587,0.81,-1,0.01,-0.007],"_shiftlockState":false,"_pose":"Jumping","_animationQueue":[["walk",0.1],["jump",0.1]],"_animationSpeed":1,"_zoom":16.175},{"_mousePosition":[802,375],"_rootPartCFrame":[770.667,224.395,47.057,0.014,0,1,0,1,0,-1,0,0.014],"_humanoidState":5,"_cameraCFrame":[779.861,239.202,46.934,-0.013,-0.823,0.568,0,0.568,0.823,-1,0.011,-0.008],"_shiftlockState":false,"_pose":"FreeFall","_animationQueue":[["jump",0.1]],"_animationSpeed":1,"_zoom":16.175},{"_mousePosition":[802,375],"_rootPartCFrame":[770.4,225.162,47.06,0.01,0,1,0,1,0,-1,0,0.01],"_humanoidState":5,"_cameraCFrame":[779.28,240.181,46.922,-0.015,-0.836,0.549,0,0.549,0.836,-1,0.013,-0.009],"_shiftlockState":false,"_pose":"FreeFall","_animationQueue":[],"_animationSpeed":1,"_zoom":16.175},{"_mousePosition":[802,375],"_rootPartCFrame":[770.133,225.875,47.064,0.007,0,1,0,1,0,-1,0,0.007],"_humanoidState":5,"_cameraCFrame":[778.66,241.119,46.851,-0.025,-0.849,0.527,0,0.527,0.85,-1,0.021,-0.013],"_shiftlockState":false,"_pose":"FreeFall","_animationQueue":[],"_animationSpeed":1,"_zoom":16.175},{"_mousePosition":[802,375],"_rootPartCFrame":[769.933,226.374,47.067,0.005,0,1,0,1,0,-1,0,0.005],"_humanoidState":5,"_cameraCFrame":[778.117,241.82,46.631,-0.053,-0.861,0.506,0,0.507,0.862,-0.999,0.046,-0.027],"_shiftlockState":false,"_pose":"FreeFall","_animationQueue":[],"_animationSpeed":1,"_zoom":16.175},{"_mousePosition":[802,375],"_rootPartCFrame":[769.667,226.992,47.073,0.001,0,1,0,1,0,-1,0,0.001],"_humanoidState":5,"_cameraCFrame":[777.636,242.548,46.338,-0.092,-0.865,0.493,0,0.495,0.869,-0.996,0.08,-0.045],"_shiftlockState":false,"_pose":"FreeFall","_animationQueue":[],"_animationSpeed":1,"_zoom":16.175},{"_mousePosition":[802,375],"_rootPartCFrame":[769.334,227.687,47.089,-0.007,0,1,0,1,0,-1,0,-0.007],"_humanoidState":5,"_cameraCFrame":[777.287,243.244,46.196,-0.112,-0.864,0.492,0,0.495,0.869,-0.994,0.097,-0.055],"_shiftlockState":false,"_pose":"FreeFall","_animationQueue":[],"_animationSpeed":1,"_zoom":16.175},{"_mousePosition":[802,375],"_rootPartCFrame":[769.135,228.064,47.106,-0.014,0,1,0,1,0,-1,0,-0.014],"_humanoidState":5,"_cameraCFrame":[777.087,243.62,46.213,-0.112,-0.864,0.492,0,0.495,0.869,-0.994,0.097,-0.055],"_shiftlockState":false,"_pose":"FreeFall","_animationQueue":[],"_animationSpeed":1,"_zoom":16.175},{"_mousePosition":[802,375],"_rootPartCFrame":[768.869,228.518,47.135,-0.026,0,1,0,1,0,-1,0,-0.026],"_humanoidState":5,"_cameraCFrame":[776.822,244.074,46.242,-0.112,-0.864,0.492,0,0.495,0.869,-0.994,0.097,-0.055],"_shiftlockState":false,"_pose":"FreeFall","_animationQueue":[],"_animationSpeed":1,"_zoom":16.175},{"_mousePosition":[802,375],"_rootPartCFrame":[768.605,228.918,47.165,-0.038,0,0.999,0,1,0,-0.999,0,-0.038],"_humanoidState":5,"_cameraCFrame":[776.557,244.474,46.272,-0.112,-0.864,0.492,0,0.495,0.869,-0.994,0.097,-0.055],"_shiftlockState":false,"_pose":"FreeFall","_animationQueue":[],"_animationSpeed":1,"_zoom":16.175},{"_mousePosition":[802,375],"_rootPartCFrame":[768.34,229.263,47.195,-0.048,0,0.999,0,1,0,-0.999,0,-0.048],"_humanoidState":5,"_cameraCFrame":[776.292,244.819,46.302,-0.112,-0.864,0.492,0,0.495,0.869,-0.994,0.097,-0.055],"_shiftlockState":false,"_pose":"FreeFall","_animationQueue":[],"_animationSpeed":1,"_zoom":16.175},{"_mousePosition":[802,375],"_rootPartCFrame":[768.075,229.553,47.224,-0.057,0,0.998,0,1,0,-0.998,0,-0.057],"_humanoidState":5,"_cameraCFrame":[775.832,245.11,44.592,-0.112,-0.864,0.492,0,0.495,0.869,-0.994,0.097,-0.055],"_shiftlockState":true,"_pose":"FreeFall","_animationQueue":[],"_animationSpeed":1,"_zoom":16.175},{"_mousePosition":[683,384],"_rootPartCFrame":[767.81,229.789,47.254,-0.114,0,0.993,0,1,0,-0.993,0,-0.114],"_humanoidState":5,"_cameraCFrame":[775.567,245.346,44.622,-0.112,-0.864,0.492,0,0.495,0.869,-0.994,0.097,-0.055],"_shiftlockState":true,"_pose":"FreeFall","_animationQueue":[],"_animationSpeed":1,"_zoom":16.175},{"_mousePosition":[683,384],"_rootPartCFrame":[767.545,229.971,47.284,-0.112,0,0.994,0,1,0,-0.994,0,-0.112],"_humanoidState":5,"_cameraCFrame":[775.302,245.528,44.652,-0.112,-0.864,0.492,0,0.495,0.869,-0.994,0.097,-0.055],"_shiftlockState":true,"_pose":"FreeFall","_animationQueue":[],"_animationSpeed":1,"_zoom":16.175},{"_mousePosition":[683,384],"_rootPartCFrame":[767.214,230.122,47.321,-0.112,0,0.994,0,1,0,-0.994,0,-0.112],"_humanoidState":5,"_cameraCFrame":[774.971,245.678,44.689,-0.112,-0.864,0.492,0,0.495,0.869,-0.994,0.097,-0.055],"_shiftlockState":true,"_pose":"FreeFall","_animationQueue":[],"_animationSpeed":1,"_zoom":16.175},{"_mousePosition":[683,384],"_rootPartCFrame":[766.949,230.181,47.351,-0.112,0,0.994,0,1,0,-0.994,0,-0.112],"_humanoidState":5,"_cameraCFrame":[774.706,245.737,44.719,-0.112,-0.864,0.492,0,0.495,0.869,-0.994,0.097,-0.055],"_shiftlockState":true,"_pose":"FreeFall","_animationQueue":[],"_animationSpeed":1,"_zoom":16.175},{"_mousePosition":[683,384],"_rootPartCFrame":[766.75,230.189,47.373,-0.112,0,0.994,0,1,0,-0.994,0,-0.112],"_humanoidState":5,"_cameraCFrame":[774.508,245.746,44.741,-0.112,-0.864,0.492,0,0.495,0.869,-0.994,0.097,-0.055],"_shiftlockState":true,"_pose":"FreeFall","_animationQueue":[],"_animationSpeed":1,"_zoom":16.175},{"_mousePosition":[683,384],"_rootPartCFrame":[766.419,230.135,47.41,-0.112,0,0.994,0,1,0,-0.994,0,-0.112],"_humanoidState":5,"_cameraCFrame":[774.177,245.692,44.778,-0.112,-0.864,0.492,0,0.495,0.869,-0.994,0.097,-0.055],"_shiftlockState":true,"_pose":"FreeFall","_animationQueue":[],"_animationSpeed":1,"_zoom":16.175},{"_mousePosition":[683,384],"_rootPartCFrame":[766.154,230.031,47.44,-0.112,0,0.994,0,1,0,-0.994,0,-0.112],"_humanoidState":5,"_cameraCFrame":[773.912,245.587,44.808,-0.112,-0.864,0.492,0,0.495,0.869,-0.994,0.097,-0.055],"_shiftlockState":true,"_pose":"FreeFall","_animationQueue":[["fall",0.3]],"_animationSpeed":1,"_zoom":16.175},{"_mousePosition":[683,384],"_rootPartCFrame":[765.889,229.872,47.47,-0.112,0,0.994,0,1,0,-0.994,0,-0.112],"_humanoidState":5,"_cameraCFrame":[773.647,245.428,44.838,-0.112,-0.864,0.492,0,0.495,0.869,-0.994,0.097,-0.055],"_shiftlockState":true,"_pose":"FreeFall","_animationQueue":[],"_animationSpeed":1,"_zoom":16.175},{"_mousePosition":[683,384],"_rootPartCFrame":[765.691,229.717,47.492,-0.112,0,0.994,0,1,0,-0.994,0,-0.112],"_humanoidState":5,"_cameraCFrame":[773.416,245.254,44.669,-0.135,-0.86,0.492,0,0.497,0.868,-0.991,0.118,-0.067],"_shiftlockState":true,"_pose":"FreeFall","_animationQueue":[],"_animationSpeed":1,"_zoom":16.175},{"_mousePosition":[683,384],"_rootPartCFrame":[765.36,229.39,47.529,-0.133,0,0.991,0,1,0,-0.991,0,-0.133],"_humanoidState":5,"_cameraCFrame":[772.748,244.96,44.044,-0.223,-0.848,0.481,0,0.493,0.87,-0.975,0.194,-0.11],"_shiftlockState":true,"_pose":"FreeFall","_animationQueue":[],"_animationSpeed":1,"_zoom":16.175},{"_mousePosition":[683,384],"_rootPartCFrame":[765.095,229.068,47.565,-0.214,0,0.977,0,1,0,-0.977,0,-0.214],"_humanoidState":5,"_cameraCFrame":[771.774,244.832,43.489,-0.317,-0.836,0.447,0,0.471,0.882,-0.949,0.279,-0.149],"_shiftlockState":true,"_pose":"FreeFall","_animationQueue":[],"_animationSpeed":1,"_zoom":16.175},{"_mousePosition":[683,384],"_rootPartCFrame":[764.836,228.691,47.576,-0.235,0,0.972,0,1,0,-0.972,0,-0.235],"_humanoidState":5,"_cameraCFrame":[770.576,244.699,42.968,-0.423,-0.813,0.401,0,0.442,0.897,-0.906,0.379,-0.187],"_shiftlockState":true,"_pose":"FreeFall","_animationQueue":[],"_animationSpeed":1,"_zoom":16.175},{"_mousePosition":[683,384],"_rootPartCFrame":[764.584,228.259,47.549,-0.316,0,0.949,0,1,0,-0.949,0,-0.316],"_humanoidState":5,"_cameraCFrame":[768.88,244.257,42.523,-0.561,-0.758,0.333,0,0.403,0.915,-0.828,0.514,-0.226],"_shiftlockState":true,"_pose":"FreeFall","_animationQueue":[["fall",0.3]],"_animationSpeed":1,"_zoom":12.54},{"_mousePosition":[683,384],"_rootPartCFrame":[764.334,227.773,47.482,-0.455,0,0.891,0,1,0,-0.891,0,-0.455],"_humanoidState":5,"_cameraCFrame":[767.329,243.471,42.424,-0.67,-0.691,0.273,0,0.368,0.93,-0.743,0.623,-0.246],"_shiftlockState":true,"_pose":"FreeFall","_animationQueue":[],"_animationSpeed":1,"_zoom":12.54},{"_mousePosition":[683,384],"_rootPartCFrame":[764.076,227.233,47.421,-0.573,0,0.82,0,1,0,-0.82,0,-0.573],"_humanoidState":5,"_cameraCFrame":[765.664,242.262,42.626,-0.782,-0.589,0.206,0,0.331,0.944,-0.624,0.738,-0.258],"_shiftlockState":true,"_pose":"FreeFall","_animationQueue":[],"_animationSpeed":1,"_zoom":9.632},{"_mousePosition":[683,384],"_rootPartCFrame":[763.811,226.638,47.393,-0.697,0,0.717,0,1,0,-0.717,0,-0.697],"_humanoidState":5,"_cameraCFrame":[764.489,240.926,42.996,-0.849,-0.504,0.161,0,0.305,0.952,-0.529,0.808,-0.259],"_shiftlockState":true,"_pose":"FreeFall","_animationQueue":[],"_animationSpeed":1,"_zoom":9.632},{"_mousePosition":[683,384],"_rootPartCFrame":[763.554,225.988,47.353,-0.772,0,0.635,0,1,0,-0.635,0,-0.772],"_humanoidState":5,"_cameraCFrame":[763.643,239.231,43.342,-0.89,-0.436,0.134,0,0.294,0.956,-0.456,0.851,-0.262],"_shiftlockState":true,"_pose":"FreeFall","_animationQueue":[],"_animationSpeed":1,"_zoom":7.306},{"_mousePosition":[683,384],"_rootPartCFrame":[763.31,225.284,47.275,-0.822,0,0.57,0,1,0,-0.57,0,-0.822],"_humanoidState":5,"_cameraCFrame":[763.038,237.484,43.576,-0.914,-0.388,0.119,0,0.292,0.956,-0.406,0.874,-0.267],"_shiftlockState":true,"_pose":"FreeFall","_animationQueue":[],"_animationSpeed":1,"_zoom":7.306},{"_mousePosition":[683,384],"_rootPartCFrame":[763.131,224.721,47.192,-0.869,0,0.495,0,1,0,-0.495,0,-0.869],"_humanoidState":5,"_cameraCFrame":[762.591,235.948,43.769,-0.931,-0.348,0.107,0,0.294,0.956,-0.364,0.89,-0.274],"_shiftlockState":true,"_pose":"FreeFall","_animationQueue":[],"_animationSpeed":1,"_zoom":7.306},{"_mousePosition":[683,384],"_rootPartCFrame":[762.888,223.921,47.082,-0.875,0,0.485,0,1,0,-0.485,0,-0.875],"_humanoidState":5,"_cameraCFrame":[762.185,234.37,43.871,-0.941,-0.324,0.101,0,0.297,0.955,-0.339,0.898,-0.279],"_shiftlockState":true,"_pose":"FreeFall","_animationQueue":[["fall",0.3]],"_animationSpeed":1,"_zoom":7.306},{"_mousePosition":[683,384],"_rootPartCFrame":[762.578,222.845,46.959,-0.872,0,0.49,0,1,0,-0.49,0,-0.872],"_humanoidState":5,"_cameraCFrame":[761.794,232.741,43.909,-0.944,-0.316,0.099,0,0.298,0.955,-0.331,0.901,-0.281],"_shiftlockState":true,"_pose":"FreeFall","_animationQueue":[],"_animationSpeed":1,"_zoom":7.306},{"_mousePosition":[683,384],"_rootPartCFrame":[762.39,222.719,46.89,-0.933,0,0.361,0,1,0,-0.361,0,-0.933],"_humanoidState":7,"_cameraCFrame":[761.562,232.201,43.956,-0.944,-0.315,0.099,0,0.298,0.954,-0.33,0.901,-0.282],"_shiftlockState":true,"_pose":"FreeFall","_animationQueue":[["walk",0.1],["fall",0.3],["fall",0.3]],"_animationSpeed":1,"_zoom":7.306},{"_mousePosition":[683,384],"_rootPartCFrame":[762.139,222.712,46.801,-0.942,0,0.335,0,1,0,-0.335,0,-0.942],"_humanoidState":7,"_cameraCFrame":[761.28,231.894,43.956,-0.944,-0.315,0.099,0,0.298,0.954,-0.33,0.901,-0.282],"_shiftlockState":true,"_pose":"FreeFall","_animationQueue":[],"_animationSpeed":1,"_zoom":7.306},{"_mousePosition":[683,384],"_rootPartCFrame":[761.887,222.712,46.713,-0.944,0,0.331,0,1,0,-0.331,0,-0.944],"_humanoidState":7,"_cameraCFrame":[761.004,231.657,43.938,-0.944,-0.315,0.099,0,0.298,0.954,-0.33,0.901,-0.282],"_shiftlockState":true,"_pose":"FreeFall","_animationQueue":[],"_animationSpeed":1,"_zoom":7.306},{"_mousePosition":[683,384],"_rootPartCFrame":[761.635,222.712,46.625,-0.944,0,0.33,0,1,0,-0.33,0,-0.944],"_humanoidState":8,"_cameraCFrame":[760.738,231.518,43.891,-0.944,-0.315,0.099,0,0.298,0.954,-0.33,0.901,-0.282],"_shiftlockState":true,"_pose":"Running","_animationQueue":[["walk",0.1],["fall",0.3],["walk",0.1]],"_animationSpeed":1.103,"_zoom":7.306},{"_mousePosition":[683,384],"_rootPartCFrame":[761.384,222.712,46.537,-0.944,0,0.33,0,1,0,-0.33,0,-0.944],"_humanoidState":8,"_cameraCFrame":[760.473,231.41,43.841,-0.944,-0.315,0.098,0,0.298,0.955,-0.33,0.901,-0.281],"_shiftlockState":true,"_pose":"Running","_animationQueue":[],"_animationSpeed":1.103,"_zoom":7.306},{"_mousePosition":[683,384],"_rootPartCFrame":[761.132,222.712,46.449,-0.944,0,0.33,0,1,0,-0.33,0,-0.944],"_humanoidState":8,"_cameraCFrame":[760.207,231.329,43.779,-0.945,-0.313,0.098,0,0.298,0.955,-0.328,0.902,-0.281],"_shiftlockState":true,"_pose":"Running","_animationQueue":[["walk",0.1]],"_animationSpeed":1.103,"_zoom":7.306},{"_mousePosition":[683,384],"_rootPartCFrame":[760.755,222.712,46.317,-0.945,0,0.328,0,1,0,-0.328,0,-0.945],"_humanoidState":8,"_cameraCFrame":[759.817,231.285,43.662,-0.946,-0.31,0.097,0,0.298,0.955,-0.325,0.903,-0.282],"_shiftlockState":true,"_pose":"Running","_animationQueue":[],"_animationSpeed":1.103,"_zoom":7.306},{"_mousePosition":[683,384],"_rootPartCFrame":[760.566,222.712,46.251,-0.946,0,0.325,0,1,0,-0.325,0,-0.946],"_humanoidState":8,"_cameraCFrame":[759.6,231.254,43.62,-0.948,-0.303,0.094,0,0.297,0.955,-0.317,0.906,-0.282],"_shiftlockState":true,"_pose":"Running","_animationQueue":[],"_animationSpeed":1.103,"_zoom":7.306},{"_mousePosition":[683,384],"_rootPartCFrame":[760.25,222.712,46.143,-0.948,0,0.317,0,1,0,-0.317,0,-0.948],"_humanoidState":8,"_cameraCFrame":[759.259,231.233,43.532,-0.951,-0.295,0.092,0,0.296,0.955,-0.309,0.908,-0.282],"_shiftlockState":true,"_pose":"Running","_animationQueue":[],"_animationSpeed":1.103,"_zoom":7.306},{"_mousePosition":[683,384],"_rootPartCFrame":[760.061,222.712,46.079,-0.951,0,0.309,0,1,0,-0.309,0,-0.951],"_humanoidState":8,"_cameraCFrame":[759.039,231.221,43.488,-0.954,-0.286,0.088,0,0.295,0.955,-0.299,0.912,-0.282],"_shiftlockState":true,"_pose":"Running","_animationQueue":[],"_animationSpeed":1.103,"_zoom":7.306},{"_mousePosition":[683,384],"_rootPartCFrame":[759.807,222.712,45.996,-0.954,0,0.299,0,1,0,-0.299,0,-0.954],"_humanoidState":8,"_cameraCFrame":[758.74,231.216,43.441,-0.959,-0.272,0.083,0,0.293,0.956,-0.284,0.917,-0.281],"_shiftlockState":true,"_pose":"Running","_animationQueue":[],"_animationSpeed":1.103,"_zoom":7.306},{"_mousePosition":[683,384],"_rootPartCFrame":[759.553,222.712,45.916,-0.959,0,0.284,0,1,0,-0.284,0,-0.959],"_humanoidState":8,"_cameraCFrame":[758.427,231.214,43.402,-0.964,-0.253,0.077,0,0.291,0.957,-0.264,0.923,-0.28],"_shiftlockState":true,"_pose":"Running","_animationQueue":[["walk",0.1]],"_animationSpeed":1.103,"_zoom":7.306},{"_mousePosition":[683,384],"_rootPartCFrame":[759.234,222.712,45.821,-0.965,0,0.264,0,1,0,-0.264,0,-0.965],"_humanoidState":8,"_cameraCFrame":[758.058,231.216,43.344,-0.969,-0.236,0.071,0,0.288,0.957,-0.247,0.928,-0.28],"_shiftlockState":true,"_pose":"Running","_animationQueue":[],"_animationSpeed":1.103,"_zoom":7.306},{"_mousePosition":[683,384],"_rootPartCFrame":[759.041,222.712,45.767,-0.969,0,0.247,0,1,0,-0.247,0,-0.969],"_humanoidState":8,"_cameraCFrame":[757.82,231.218,43.328,-0.973,-0.221,0.066,0,0.286,0.958,-0.231,0.932,-0.278],"_shiftlockState":true,"_pose":"Running","_animationQueue":[],"_animationSpeed":1.103,"_zoom":7.306},{"_mousePosition":[683,384],"_rootPartCFrame":[758.783,222.712,45.701,-0.973,0,0.231,0,1,0,-0.231,0,-0.973],"_humanoidState":8,"_cameraCFrame":[757.514,231.219,43.297,-0.977,-0.203,0.06,0,0.285,0.959,-0.212,0.937,-0.278],"_shiftlockState":true,"_pose":"Running","_animationQueue":[],"_animationSpeed":1.103,"_zoom":7.306},{"_mousePosition":[683,384],"_rootPartCFrame":[758.523,222.712,45.639,-0.977,0,0.212,0,1,0,-0.212,0,-0.977],"_humanoidState":8,"_cameraCFrame":[757.199,231.223,43.28,-0.982,-0.183,0.054,0,0.282,0.959,-0.191,0.942,-0.277],"_shiftlockState":true,"_pose":"Running","_animationQueue":[],"_animationSpeed":1.103,"_zoom":7.306},{"_mousePosition":[683,384],"_rootPartCFrame":[758.198,222.712,45.567,-0.982,0,0.191,0,1,0,-0.191,0,-0.982],"_humanoidState":8,"_cameraCFrame":[756.811,231.224,43.25,-0.986,-0.158,0.046,0,0.281,0.96,-0.165,0.946,-0.278],"_shiftlockState":true,"_pose":"Running","_animationQueue":[],"_animationSpeed":1.103,"_zoom":7.306},{"_mousePosition":[683,384],"_rootPartCFrame":[757.936,222.712,45.515,-0.986,0,0.165,0,1,0,-0.165,0,-0.986],"_humanoidState":8,"_cameraCFrame":[756.495,231.227,43.242,-0.99,-0.136,0.04,0,0.28,0.96,-0.142,0.95,-0.277],"_shiftlockState":true,"_pose":"Running","_animationQueue":[["walk",0.1]],"_animationSpeed":1.103,"_zoom":7.306},{"_mousePosition":[683,384],"_rootPartCFrame":[757.673,222.712,45.47,-0.99,0,0.142,0,1,0,-0.142,0,-0.99],"_humanoidState":8,"_cameraCFrame":[756.186,231.228,43.232,-0.992,-0.118,0.034,0,0.279,0.96,-0.122,0.953,-0.277],"_shiftlockState":true,"_pose":"Running","_animationQueue":[],"_animationSpeed":1.103,"_zoom":7.306},{"_mousePosition":[683,384],"_rootPartCFrame":[757.409,222.712,45.432,-0.992,0,0.122,0,1,0,-0.122,0,-0.992],"_humanoidState":8,"_cameraCFrame":[755.873,231.229,43.232,-0.995,-0.097,0.028,0,0.278,0.96,-0.101,0.956,-0.277],"_shiftlockState":true,"_pose":"Running","_animationQueue":[],"_animationSpeed":1.103,"_zoom":7.306},{"_mousePosition":[683,384],"_rootPartCFrame":[757.145,222.712,45.398,-0.995,0,0.101,0,1,0,-0.101,0,-0.995],"_humanoidState":8,"_cameraCFrame":[755.553,231.231,43.244,-0.997,-0.073,0.021,0,0.278,0.961,-0.076,0.958,-0.277],"_shiftlockState":true,"_pose":"Running","_animationQueue":[],"_animationSpeed":1.103,"_zoom":7.306},{"_mousePosition":[683,384],"_rootPartCFrame":[756.88,222.712,45.37,-0.997,0,0.076,0,1,0,-0.076,0,-0.997],"_humanoidState":8,"_cameraCFrame":[755.238,231.232,43.259,-0.999,-0.051,0.015,0,0.277,0.961,-0.053,0.96,-0.276],"_shiftlockState":true,"_pose":"Running","_animationQueue":[],"_animationSpeed":1.103,"_zoom":7.306},{"_mousePosition":[683,384],"_rootPartCFrame":[756.547,222.712,45.344,-0.999,0,0.053,0,1,0,-0.053,0,-0.999],"_humanoidState":8,"_cameraCFrame":[754.862,231.234,43.273,-0.999,-0.03,0.009,0,0.276,0.961,-0.032,0.961,-0.276],"_shiftlockState":true,"_pose":"Running","_animationQueue":[],"_animationSpeed":1.103,"_zoom":7.306},{"_mousePosition":[683,384],"_rootPartCFrame":[756.281,222.712,45.324,-0.999,0,0.032,0,1,0,-0.032,0,-0.999],"_humanoidState":8,"_cameraCFrame":[754.555,231.236,43.293,-1,-0.011,0.003,0,0.275,0.961,-0.012,0.961,-0.275],"_shiftlockState":true,"_pose":"Running","_animationQueue":[],"_animationSpeed":1.103,"_zoom":7.306},{"_mousePosition":[683,384],"_rootPartCFrame":[756.016,223.575,45.304,-1,0,0.012,0,1,0,-0.012,0,-1],"_humanoidState":3,"_cameraCFrame":[754.258,232.1,43.306,-1,0.004,-0.001,0,0.275,0.962,0.004,0.962,-0.275],"_shiftlockState":true,"_pose":"Jumping","_animationQueue":[["walk",0.1],["walk",0.1],["jump",0.1]],"_animationSpeed":1,"_zoom":7.306},{"_mousePosition":[683,384],"_rootPartCFrame":[755.816,224.187,45.299,-0.998,0,0.059,0,1,0,-0.059,0,-0.998],"_humanoidState":5,"_cameraCFrame":[754.033,232.712,43.323,-1,0.016,-0.005,0,0.275,0.962,0.017,0.961,-0.274],"_shiftlockState":true,"_pose":"FreeFall","_animationQueue":[["jump",0.1]],"_animationSpeed":1,"_zoom":7.306},{"_mousePosition":[683,384],"_rootPartCFrame":[755.482,225.137,45.3,-0.99,0,0.141,0,1,0,-0.141,0,-0.99],"_humanoidState":5,"_cameraCFrame":[753.691,233.662,43.331,-1,0.02,-0.006,0,0.275,0.962,0.021,0.961,-0.274],"_shiftlockState":true,"_pose":"FreeFall","_animationQueue":[],"_animationSpeed":1,"_zoom":7.306},{"_mousePosition":[683,384],"_rootPartCFrame":[755.216,225.837,45.304,-0.994,0,0.112,0,1,0,-0.112,0,-0.994],"_humanoidState":5,"_cameraCFrame":[753.425,234.362,43.335,-1,0.02,-0.006,0,0.275,0.962,0.021,0.961,-0.274],"_shiftlockState":true,"_pose":"FreeFall","_animationQueue":[],"_animationSpeed":1,"_zoom":7.306},{"_mousePosition":[683,384],"_rootPartCFrame":[755.016,226.326,45.308,-0.997,0,0.079,0,1,0,-0.079,0,-0.997],"_humanoidState":5,"_cameraCFrame":[753.234,234.839,43.29,-1,0.015,-0.004,0,0.28,0.96,0.015,0.96,-0.28],"_shiftlockState":true,"_pose":"FreeFall","_animationQueue":[],"_animationSpeed":1,"_zoom":7.306},{"_mousePosition":[683,384],"_rootPartCFrame":[754.683,227.072,45.314,-0.989,0,0.151,0,1,0,-0.151,0,-0.989],"_humanoidState":5,"_cameraCFrame":[752.978,235.555,43.131,-1,-0.02,0.006,0,0.294,0.956,-0.021,0.956,-0.294],"_shiftlockState":true,"_pose":"FreeFall","_animationQueue":[],"_animationSpeed":1,"_zoom":7.306},{"_mousePosition":[683,384],"_rootPartCFrame":[754.483,227.479,45.318,-0.993,0,0.121,0,1,0,-0.121,0,-0.993],"_humanoidState":5,"_cameraCFrame":[752.991,235.906,42.824,-0.994,-0.101,0.034,0,0.318,0.948,-0.107,0.943,-0.316],"_shiftlockState":true,"_pose":"FreeFall","_animationQueue":[],"_animationSpeed":1,"_zoom":7.306},{"_mousePosition":[683,384],"_rootPartCFrame":[754.149,228.089,45.312,-0.963,0,0.27,0,1,0,-0.27,0,-0.963],"_humanoidState":5,"_cameraCFrame":[752.963,236.467,42.532,-0.977,-0.2,0.072,0,0.337,0.941,-0.212,0.92,-0.33],"_shiftlockState":true,"_pose":"FreeFall","_animationQueue":[],"_animationSpeed":1,"_zoom":7.306},{"_mousePosition":[683,384],"_rootPartCFrame":[753.884,228.516,45.289,-0.94,0,0.34,0,1,0,-0.34,0,-0.94],"_humanoidState":5,"_cameraCFrame":[753.081,236.855,42.285,-0.944,-0.309,0.116,0,0.352,0.936,-0.33,0.884,-0.332],"_shiftlockState":true,"_pose":"FreeFall","_animationQueue":[],"_animationSpeed":1,"_zoom":7.306},{"_mousePosition":[683,384],"_rootPartCFrame":[753.622,228.889,45.24,-0.892,0,0.453,0,1,0,-0.453,0,-0.892],"_humanoidState":5,"_cameraCFrame":[753.166,237.204,42.114,-0.904,-0.399,0.154,0,0.36,0.933,-0.428,0.843,-0.325],"_shiftlockState":true,"_pose":"FreeFall","_animationQueue":[],"_animationSpeed":1,"_zoom":7.306},{"_mousePosition":[683,384],"_rootPartCFrame":[753.431,229.132,45.185,-0.857,0,0.516,0,1,0,-0.516,0,-0.857],"_humanoidState":5,"_cameraCFrame":[753.275,237.424,41.978,-0.864,-0.468,0.186,0,0.368,0.93,-0.504,0.803,-0.318],"_shiftlockState":true,"_pose":"FreeFall","_animationQueue":[],"_animationSpeed":1,"_zoom":7.306},{"_mousePosition":[683,384],"_rootPartCFrame":[753.186,229.409,45.081,-0.789,0,0.614,0,1,0,-0.614,0,-0.789],"_humanoidState":5,"_cameraCFrame":[753.343,237.673,41.815,-0.818,-0.532,0.217,0,0.378,0.926,-0.575,0.757,-0.309],"_shiftlockState":true,"_pose":"FreeFall","_animationQueue":[],"_animationSpeed":1,"_zoom":7.306},{"_mousePosition":[683,384],"_rootPartCFrame":[752.88,229.679,44.978,-0.737,0,0.676,0,1,0,-0.676,0,-0.737],"_humanoidState":5,"_cameraCFrame":[753.235,237.924,41.69,-0.787,-0.57,0.237,0,0.384,0.923,-0.617,0.726,-0.302],"_shiftlockState":true,"_pose":"FreeFall","_animationQueue":[],"_animationSpeed":1,"_zoom":7.306},{"_mousePosition":[683,384],"_rootPartCFrame":[752.63,229.833,44.939,-0.723,0,0.691,0,1,0,-0.691,0,-0.723],"_humanoidState":5,"_cameraCFrame":[753.095,238.065,41.637,-0.77,-0.588,0.248,0,0.389,0.921,-0.638,0.709,-0.299],"_shiftlockState":true,"_pose":"FreeFall","_animationQueue":[],"_animationSpeed":1,"_zoom":7.306},{"_mousePosition":[683,384],"_rootPartCFrame":[752.438,229.913,44.936,-0.72,0,0.694,0,1,0,-0.694,0,-0.72],"_humanoidState":5,"_cameraCFrame":[752.938,238.138,41.625,-0.765,-0.593,0.252,0,0.391,0.92,-0.644,0.704,-0.299],"_shiftlockState":true,"_pose":"FreeFall","_animationQueue":[],"_animationSpeed":1,"_zoom":7.306},{"_mousePosition":[683,384],"_rootPartCFrame":[752.107,229.979,44.963,-0.676,0,0.737,0,1,0,-0.737,0,-0.676],"_humanoidState":5,"_cameraCFrame":[752.624,238.185,41.618,-0.767,-0.589,0.255,0,0.397,0.918,-0.642,0.704,-0.304],"_shiftlockState":true,"_pose":"FreeFall","_animationQueue":[],"_animationSpeed":1,"_zoom":7.306},{"_mousePosition":[683,384],"_rootPartCFrame":[751.842,229.969,44.986,-0.696,0,0.718,0,1,0,-0.718,0,-0.696],"_humanoidState":5,"_cameraCFrame":[752.417,238.299,41.511,-0.775,-0.577,0.258,0,0.408,0.913,-0.632,0.707,-0.317],"_shiftlockState":true,"_pose":"FreeFall","_animationQueue":[],"_animationSpeed":1,"_zoom":9.632},{"_mousePosition":[683,384],"_rootPartCFrame":[751.576,229.906,45.01,-0.704,0,0.71,0,1,0,-0.71,0,-0.704],"_humanoidState":5,"_cameraCFrame":[753.683,238.808,42.306,-0.789,-0.558,0.258,0,0.42,0.907,-0.615,0.716,-0.331],"_shiftlockState":false,"_pose":"FreeFall","_animationQueue":[],"_animationSpeed":1,"_zoom":12.54},{"_mousePosition":[683,384],"_rootPartCFrame":[751.311,229.788,45.036,-0.633,0,0.774,0,1,0,-0.774,0,-0.633],"_humanoidState":5,"_cameraCFrame":[753.634,239.447,42.056,-0.789,-0.558,0.258,0,0.42,0.907,-0.615,0.716,-0.331],"_shiftlockState":false,"_pose":"FreeFall","_animationQueue":[],"_animationSpeed":1,"_zoom":12.54},{"_mousePosition":[683,384],"_rootPartCFrame":[751.057,229.615,45.085,-0.627,0,0.779,0,1,0,-0.779,0,-0.627],"_humanoidState":5,"_cameraCFrame":[753.58,239.977,41.749,-0.798,-0.545,0.257,0,0.427,0.904,-0.603,0.721,-0.34],"_shiftlockState":false,"_pose":"FreeFall","_animationQueue":[],"_animationSpeed":1,"_zoom":12.54},{"_mousePosition":[683,384],"_rootPartCFrame":[750.823,229.388,45.168,-0.647,0,0.763,0,1,0,-0.763,0,-0.647],"_humanoidState":5,"_cameraCFrame":[753.524,240.357,41.444,-0.81,-0.528,0.257,0,0.437,0.899,-0.587,0.728,-0.354],"_shiftlockState":false,"_pose":"FreeFall","_animationQueue":[["fall",0.3]],"_animationSpeed":1,"_zoom":12.54},{"_mousePosition":[683,384],"_rootPartCFrame":[750.609,229.106,45.286,-0.669,0,0.743,0,1,0,-0.743,0,-0.669],"_humanoidState":5,"_cameraCFrame":[753.432,240.552,41.17,-0.825,-0.506,0.254,0,0.449,0.894,-0.566,0.737,-0.37],"_shiftlockState":false,"_pose":"FreeFall","_animationQueue":[],"_animationSpeed":1,"_zoom":12.54},{"_mousePosition":[683,384],"_rootPartCFrame":[750.414,228.77,45.439,-0.69,0,0.724,0,1,0,-0.724,0,-0.69],"_humanoidState":5,"_cameraCFrame":[753.295,240.518,41.016,-0.838,-0.485,0.25,0,0.458,0.889,-0.546,0.745,-0.384],"_shiftlockState":false,"_pose":"FreeFall","_animationQueue":[],"_animationSpeed":1,"_zoom":12.54},{"_mousePosition":[683,384],"_rootPartCFrame":[750.282,228.483,45.575,-0.705,0,0.709,0,1,0,-0.709,0,-0.705],"_humanoidState":5,"_cameraCFrame":[753.185,240.44,40.885,-0.85,-0.465,0.245,0,0.466,0.885,-0.526,0.752,-0.397],"_shiftlockState":false,"_pose":"FreeFall","_animationQueue":[],"_animationSpeed":1,"_zoom":12.54},{"_mousePosition":[683,384],"_rootPartCFrame":[750.086,227.992,45.561,-0.767,-0.005,0.642,-0.005,1,0.003,-0.642,-0.001,-0.767],"_humanoidState":5,"_cameraCFrame":[752.99,240.104,40.627,-0.861,-0.447,0.241,0,0.475,0.88,-0.508,0.758,-0.409],"_shiftlockState":false,"_pose":"FreeFall","_animationQueue":[],"_animationSpeed":1,"_zoom":12.54},{"_mousePosition":[683,384],"_rootPartCFrame":[749.963,228.091,45.547,-0.776,-0.002,0.63,-0.001,1,0.001,-0.63,0,-0.776],"_humanoidState":12,"_cameraCFrame":[752.888,240.286,40.442,-0.867,-0.436,0.24,0,0.482,0.876,-0.497,0.76,-0.418],"_shiftlockState":false,"_pose":"Climbing","_animationQueue":[["walk",0.1],["fall",0.3],["climb",0.1],["climb",0]],"_animationSpeed":-2.041,"_zoom":12.54},{"_mousePosition":[683,384],"_rootPartCFrame":[749.878,228.276,45.537,-0.778,0,0.629,0,1,0,-0.629,0,-0.778],"_humanoidState":12,"_cameraCFrame":[752.831,240.518,40.299,-0.871,-0.429,0.24,0,0.488,0.873,-0.491,0.76,-0.425],"_shiftlockState":false,"_pose":"Climbing","_animationQueue":[["climb",0.1]],"_animationSpeed":0.875,"_zoom":12.54},{"_mousePosition":[683,384],"_rootPartCFrame":[749.839,228.416,45.532,-0.778,0,0.629,0,1,0,-0.629,0,-0.778],"_humanoidState":12,"_cameraCFrame":[752.828,240.683,40.18,-0.873,-0.424,0.241,0,0.495,0.869,-0.487,0.759,-0.432],"_shiftlockState":false,"_pose":"Climbing","_animationQueue":[["climb",0.1],["climb",0]],"_animationSpeed":0.932,"_zoom":12.54},{"_mousePosition":[683,384],"_rootPartCFrame":[749.822,228.649,45.53,-0.778,0,0.629,0,1,0,-0.629,0,-0.778],"_humanoidState":12,"_cameraCFrame":[752.85,240.921,40.105,-0.873,-0.422,0.244,0,0.5,0.866,-0.487,0.756,-0.436],"_shiftlockState":false,"_pose":"Climbing","_animationQueue":[],"_animationSpeed":0.932,"_zoom":12.54},{"_mousePosition":[683,384],"_rootPartCFrame":[749.821,228.789,45.53,-0.778,0,0.629,0,1,0,-0.629,0,-0.778],"_humanoidState":12,"_cameraCFrame":[752.878,241.06,40.041,-0.874,-0.42,0.245,0,0.504,0.864,-0.487,0.755,-0.44],"_shiftlockState":false,"_pose":"Climbing","_animationQueue":[],"_animationSpeed":0.932,"_zoom":12.54},{"_mousePosition":[683,384],"_rootPartCFrame":[749.821,228.976,45.53,-0.778,0,0.629,0,1,0,-0.629,0,-0.778],"_humanoidState":12,"_cameraCFrame":[752.905,241.243,39.992,-0.874,-0.419,0.247,0,0.507,0.862,-0.487,0.753,-0.443],"_shiftlockState":false,"_pose":"Climbing","_animationQueue":[],"_animationSpeed":0.932,"_zoom":12.54},{"_mousePosition":[683,384],"_rootPartCFrame":[749.821,229.163,45.53,-0.778,0,0.629,0,1,0,-0.629,0,-0.778],"_humanoidState":12,"_cameraCFrame":[752.928,241.427,39.966,-0.873,-0.419,0.248,0,0.509,0.861,-0.487,0.751,-0.445],"_shiftlockState":false,"_pose":"Climbing","_animationQueue":[],"_animationSpeed":0.932,"_zoom":12.54},{"_mousePosition":[683,384],"_rootPartCFrame":[749.821,229.349,45.53,-0.778,0,0.629,0,1,0,-0.629,0,-0.778],"_humanoidState":12,"_cameraCFrame":[752.949,241.607,39.942,-0.873,-0.42,0.25,0,0.511,0.859,-0.488,0.75,-0.446],"_shiftlockState":false,"_pose":"Climbing","_animationQueue":[],"_animationSpeed":0.932,"_zoom":12.54},{"_mousePosition":[683,384],"_rootPartCFrame":[749.821,229.536,45.53,-0.778,0,0.629,0,1,0,-0.629,0,-0.778],"_humanoidState":12,"_cameraCFrame":[752.965,241.79,39.927,-0.872,-0.42,0.251,0,0.513,0.858,-0.489,0.749,-0.447],"_shiftlockState":false,"_pose":"Climbing","_animationQueue":[],"_animationSpeed":0.932,"_zoom":12.54},{"_mousePosition":[683,384],"_rootPartCFrame":[749.821,229.723,45.53,-0.778,0,0.629,0,1,0,-0.629,0,-0.778],"_humanoidState":12,"_cameraCFrame":[752.926,241.765,40.037,-0.871,-0.422,0.253,0,0.514,0.858,-0.492,0.747,-0.447],"_shiftlockState":false,"_pose":"Climbing","_animationQueue":[],"_animationSpeed":0.932,"_zoom":9.632},{"_mousePosition":[683,384],"_rootPartCFrame":[749.821,229.909,45.53,-0.778,0,0.629,0,1,0,-0.629,0,-0.778],"_humanoidState":12,"_cameraCFrame":[752.822,241.541,40.26,-0.869,-0.425,0.254,0,0.514,0.858,-0.495,0.746,-0.446],"_shiftlockState":false,"_pose":"Climbing","_animationQueue":[],"_animationSpeed":0.932,"_zoom":9.632},{"_mousePosition":[683,384],"_rootPartCFrame":[749.821,230.096,45.53,-0.778,0,0.629,0,1,0,-0.629,0,-0.778],"_humanoidState":12,"_cameraCFrame":[752.7,241.299,40.486,-0.869,-0.425,0.255,0,0.514,0.858,-0.496,0.745,-0.446],"_shiftlockState":false,"_pose":"Climbing","_animationQueue":[],"_animationSpeed":0.932,"_zoom":9.632},{"_mousePosition":[683,384],"_rootPartCFrame":[749.821,230.283,45.53,-0.778,0,0.629,0,1,0,-0.629,0,-0.778],"_humanoidState":12,"_cameraCFrame":[752.538,240.989,40.759,-0.869,-0.425,0.253,0,0.512,0.859,-0.495,0.746,-0.445],"_shiftlockState":false,"_pose":"Climbing","_animationQueue":[],"_animationSpeed":0.932,"_zoom":7.306},{"_mousePosition":[683,384],"_rootPartCFrame":[749.821,230.469,45.53,-0.778,0,0.629,0,1,0,-0.629,0,-0.778],"_humanoidState":12,"_cameraCFrame":[752.354,240.538,41.07,-0.87,-0.424,0.254,0,0.514,0.858,-0.494,0.746,-0.447],"_shiftlockState":false,"_pose":"Climbing","_animationQueue":[],"_animationSpeed":0.932,"_zoom":7.306},{"_mousePosition":[683,384],"_rootPartCFrame":[749.821,230.656,45.53,-0.778,0,0.629,0,1,0,-0.629,0,-0.778],"_humanoidState":12,"_cameraCFrame":[752.181,240.169,41.324,-0.872,-0.419,0.252,0,0.516,0.857,-0.489,0.747,-0.45],"_shiftlockState":false,"_pose":"Climbing","_animationQueue":[],"_animationSpeed":0.932,"_zoom":7.306},{"_mousePosition":[674,380],"_rootPartCFrame":[749.821,230.842,45.53,-0.778,0,0.629,0,1,0,-0.629,0,-0.778],"_humanoidState":12,"_cameraCFrame":[751.803,238.626,42.374,-0.847,-0.457,0.271,0,0.51,0.86,-0.532,0.728,-0.432],"_shiftlockState":false,"_pose":"Climbing","_animationQueue":[],"_animationSpeed":0.932,"_zoom":7.306},{"_mousePosition":[674,380],"_rootPartCFrame":[749.821,231.029,45.53,-0.778,0,0.629,0,1,0,-0.629,0,-0.778],"_humanoidState":12,"_cameraCFrame":[751.93,238.851,42.538,-0.817,-0.499,0.289,0,0.501,0.865,-0.576,0.707,-0.41],"_shiftlockState":false,"_pose":"Climbing","_animationQueue":[],"_animationSpeed":0.932,"_zoom":7.306},{"_mousePosition":[674,380],"_rootPartCFrame":[749.821,231.215,45.53,-0.778,0,0.629,0,1,0,-0.629,0,-0.778],"_humanoidState":12,"_cameraCFrame":[751.995,239.079,42.674,-0.796,-0.528,0.298,0,0.491,0.871,-0.606,0.693,-0.391],"_shiftlockState":false,"_pose":"Climbing","_animationQueue":[],"_animationSpeed":0.932,"_zoom":7.306},{"_mousePosition":[674,380],"_rootPartCFrame":[749.821,231.402,45.53,-0.778,0,0.629,0,1,0,-0.629,0,-0.778],"_humanoidState":12,"_cameraCFrame":[752.016,239.3,42.769,-0.783,-0.545,0.3,0,0.483,0.876,-0.622,0.685,-0.378],"_shiftlockState":false,"_pose":"Climbing","_animationQueue":[],"_animationSpeed":0.932,"_zoom":7.306},{"_mousePosition":[674,380],"_rootPartCFrame":[749.821,231.542,45.53,-0.778,0,0.629,0,1,0,-0.629,0,-0.778],"_humanoidState":12,"_cameraCFrame":[752.004,239.468,42.825,-0.778,-0.552,0.299,0,0.476,0.88,-0.628,0.684,-0.37],"_shiftlockState":false,"_pose":"Climbing","_animationQueue":[],"_animationSpeed":0.932,"_zoom":7.306},{"_mousePosition":[674,380],"_rootPartCFrame":[749.821,231.729,45.53,-0.778,0,0.629,0,1,0,-0.629,0,-0.778],"_humanoidState":12,"_cameraCFrame":[751.967,239.677,42.848,-0.781,-0.551,0.294,0,0.47,0.883,-0.625,0.689,-0.367],"_shiftlockState":false,"_pose":"Climbing","_animationQueue":[],"_animationSpeed":0.932,"_zoom":7.306},{"_mousePosition":[674,380],"_rootPartCFrame":[749.821,231.962,45.53,-0.778,0,0.629,0,1,0,-0.629,0,-0.778],"_humanoidState":12,"_cameraCFrame":[750.516,239.935,41.781,-0.79,-0.543,0.284,0,0.464,0.886,-0.613,0.7,-0.366],"_shiftlockState":true,"_pose":"Climbing","_animationQueue":[],"_animationSpeed":0.932,"_zoom":7.306},{"_mousePosition":[683,384],"_rootPartCFrame":[749.821,232.149,45.53,-0.79,0,0.613,0,1,0,-0.613,0,-0.79],"_humanoidState":12,"_cameraCFrame":[750.516,240.122,41.781,-0.79,-0.543,0.284,0,0.464,0.886,-0.613,0