[{"_mousePosition":[675,373],"_rootPartCFrame":[776.028,222.7,47.142,0,0,1,0,1,0,-1,0,0],"_humanoidState":8,"_cameraCFrame":[781.953,228.422,46.887,-0.043,-0.579,0.814,0,0.815,0.58,-0.999,0.025,-0.035],"_shiftlockState":false,"_pose":"Standing","_animationQueue":[],"_animationSpeed":1,"_zoom":7.28},{"_mousePosition":[675,375],"_rootPartCFrame":[775.782,222.695,47.153,-0.006,0,1,0,1,0,-1,0,-0.006],"_humanoidState":8,"_cameraCFrame":[781.707,228.417,46.898,-0.043,-0.579,0.814,0,0.815,0.58,-0.999,0.025,-0.035],"_shiftlockState":false,"_pose":"Standing","_animationQueue":[],"_animationSpeed":1,"_zoom":7.28},{"_mousePosition":[675,375],"_rootPartCFrame":[775.649,222.696,47.158,-0.009,0,1,0,1,0,-1,0,-0.009],"_humanoidState":8,"_cameraCFrame":[781.574,228.418,46.904,-0.043,-0.579,0.814,0,0.815,0.58,-0.999,0.025,-0.035],"_shiftlockState":false,"_pose":"Running","_animationQueue":[["walk",0.1]],"_animationSpeed":1.066,"_zoom":7.28},{"_mousePosition":[675,375],"_rootPartCFrame":[775.383,222.698,47.17,-0.013,0,1,0,1,0,-1,0,-0.013],"_humanoidState":8,"_cameraCFrame":[781.308,228.42,46.915,-0.043,-0.579,0.814,0,0.815,0.58,-0.999,0.025,-0.035],"_shiftlockState":false,"_pose":"Running","_animationQueue":[],"_animationSpeed":1.066,"_zoom":7.28},{"_mousePosition":[675,375],"_rootPartCFrame":[774.983,222.699,47.187,-0.019,0,1,0,1,0,-1,0,-0.019],"_humanoidState":8,"_cameraCFrame":[780.908,228.421,46.932,-0.043,-0.579,0.814,0,0.815,0.58,-0.999,0.025,-0.035],"_shiftlockState":false,"_pose":"Running","_animationQueue":[],"_animationSpeed":1.066,"_zoom":7.28},{"_mousePosition":[675,375],"_rootPartCFrame":[774.85,222.699,47.193,-0.021,0,1,0,1,0,-1,0,-0.021],"_humanoidState":8,"_cameraCFrame":[780.775,228.421,46.938,-0.043,-0.579,0.814,0,0.815,0.58,-0.999,0.025,-0.035],"_shiftlockState":false,"_pose":"Running","_animationQueue":[],"_animationSpeed":1.066,"_zoom":7.28},{"_mousePosition":[675,375],"_rootPartCFrame":[774.45,222.699,47.21,-0.025,0,1,0,1,0,-1,0,-0.025],"_humanoidState":8,"_cameraCFrame":[780.375,228.421,46.955,-0.043,-0.579,0.814,0,0.815,0.58,-0.999,0.025,-0.035],"_shiftlockState":false,"_pose":"Running","_animationQueue":[["walk",0.1]],"_animationSpeed":1.066,"_zoom":7.28},{"_mousePosition":[675,375],"_rootPartCFrame":[774.184,222.7,47.221,-0.028,0,1,0,1,0,-1,0,-0.028],"_humanoidState":8,"_cameraCFrame":[780.109,228.421,46.967,-0.043,-0.579,0.814,0,0.815,0.58,-0.999,0.025,-0.035],"_shiftlockState":false,"_pose":"Running","_animationQueue":[],"_animationSpeed":1.066,"_zoom":7.28},{"_mousePosition":[675,375],"_rootPartCFrame":[774.05,222.7,47.227,-0.029,0,1,0,1,0,-1,0,-0.029],"_humanoidState":8,"_cameraCFrame":[779.976,228.422,46.972,-0.043,-0.579,0.814,0,0.815,0.58,-0.999,0.025,-0.035],"_shiftlockState":false,"_pose":"Running","_animationQueue":[],"_animationSpeed":1.066,"_zoom":7.28},{"_mousePosition":[675,375],"_rootPartCFrame":[773.784,222.7,47.238,-0.031,0,1,0,1,0,-1,0,-0.031],"_humanoidState":8,"_cameraCFrame":[779.709,228.422,46.984,-0.043,-0.579,0.814,0,0.815,0.58,-0.999,0.025,-0.035],"_shiftlockState":false,"_pose":"Running","_animationQueue":[],"_animationSpeed":1.066,"_zoom":7.28},{"_mousePosition":[675,375],"_rootPartCFrame":[773.384,222.7,47.256,-0.033,0,0.999,0,1,0,-0.999,0,-0.033],"_humanoidState":8,"_cameraCFrame":[779.309,228.422,47.001,-0.043,-0.579,0.814,0,0.815,0.58,-0.999,0.025,-0.035],"_shiftlockState":false,"_pose":"Running","_animationQueue":[],"_animationSpeed":1.066,"_zoom":7.28},{"_mousePosition":[675,375],"_rootPartCFrame":[773.118,222.7,47.267,-0.034,0,0.999,0,1,0,-0.999,0,-0.034],"_humanoidState":8,"_cameraCFrame":[779.043,228.422,47.012,-0.043,-0.579,0.814,0,0.815,0.58,-0.999,0.025,-0.035],"_shiftlockState":false,"_pose":"Running","_animationQueue":[],"_animationSpeed":1.066,"_zoom":7.28},{"_mousePosition":[675,375],"_rootPartCFrame":[772.851,222.7,47.279,-0.036,0,0.999,0,1,0,-0.999,0,-0.036],"_humanoidState":8,"_cameraCFrame":[778.776,228.422,47.024,-0.043,-0.579,0.814,0,0.815,0.58,-0.999,0.025,-0.035],"_shiftlockState":false,"_pose":"Running","_animationQueue":[["walk",0.1]],"_animationSpeed":1.066,"_zoom":7.28},{"_mousePosition":[675,375],"_rootPartCFrame":[772.718,222.7,47.284,-0.036,0,0.999,0,1,0,-0.999,0,-0.036],"_humanoidState":8,"_cameraCFrame":[778.643,228.422,47.029,-0.043,-0.579,0.814,0,0.815,0.58,-0.999,0.025,-0.035],"_shiftlockState":false,"_pose":"Running","_animationQueue":[],"_animationSpeed":1.066,"_zoom":7.28},{"_mousePosition":[675,375],"_rootPartCFrame":[772.451,222.7,47.296,-0.037,0,0.999,0,1,0,-0.999,0,-0.037],"_humanoidState":8,"_cameraCFrame":[778.377,228.422,47.041,-0.043,-0.579,0.814,0,0.815,0.58,-0.999,0.025,-0.035],"_shiftlockState":false,"_pose":"Running","_animationQueue":[],"_animationSpeed":1.066,"_zoom":7.28},{"_mousePosition":[675,376],"_rootPartCFrame":[772.052,222.7,47.313,-0.038,0,0.999,0,1,0,-0.999,0,-0.038],"_humanoidState":8,"_cameraCFrame":[778.136,228.535,47.051,-0.043,-0.579,0.814,0,0.815,0.58,-0.999,0.025,-0.035],"_shiftlockState":false,"_pose":"Running","_animationQueue":[],"_animationSpeed":1.066,"_zoom":7.28},{"_mousePosition":[675,378],"_rootPartCFrame":[771.785,222.7,47.324,-0.039,0,0.999,0,1,0,-0.999,0,-0.039],"_humanoidState":8,"_cameraCFrame":[778.182,228.757,47.049,-0.043,-0.579,0.814,0,0.815,0.58,-0.999,0.025,-0.035],"_shiftlockState":false,"_pose":"Running","_animationQueue":[],"_animationSpeed":1.066,"_zoom":7.28},{"_mousePosition":[676,380],"_rootPartCFrame":[771.519,222.7,47.336,-0.039,0,0.999,0,1,0,-0.999,0,-0.039],"_humanoidState":8,"_cameraCFrame":[778.207,228.965,47.048,-0.043,-0.579,0.814,0,0.815,0.58,-0.999,0.025,-0.035],"_shiftlockState":false,"_pose":"Running","_animationQueue":[],"_animationSpeed":1.066,"_zoom":7.28},{"_mousePosition":[681,388],"_rootPartCFrame":[771.252,222.7,47.347,-0.04,0,0.999,0,1,0,-0.999,0,-0.04],"_humanoidState":8,"_cameraCFrame":[778.429,229.313,47.039,-0.043,-0.579,0.814,0,0.815,0.58,-0.999,0.025,-0.035],"_shiftlockState":false,"_pose":"Running","_animationQueue":[],"_animationSpeed":1.066,"_zoom":7.28},{"_mousePosition":[683,391],"_rootPartCFrame":[770.986,222.7,47.359,-0.04,0,0.999,0,1,0,-0.999,0,-0.04],"_humanoidState":8,"_cameraCFrame":[779.097,229.979,47.01,-0.043,-0.579,0.814,0,0.815,0.58,-0.999,0.025,-0.035],"_shiftlockState":false,"_pose":"Running","_animationQueue":[["walk",0.1]],"_animationSpeed":1.066,"_zoom":7.28},{"_mousePosition":[684,395],"_rootPartCFrame":[770.719,222.7,47.37,-0.041,0,0.999,0,1,0,-0.999,0,-0.041],"_humanoidState":8,"_cameraCFrame":[779.779,230.655,46.981,-0.043,-0.579,0.814,0,0.815,0.58,-0.999,0.025,-0.035],"_shiftlockState":false,"_pose":"Running","_animationQueue":[],"_animationSpeed":1.066,"_zoom":7.28},{"_mousePosition":[684,402],"_rootPartCFrame":[770.453,222.7,47.382,-0.041,0,0.999,0,1,0,-0.999,0,-0.041],"_humanoidState":8,"_cameraCFrame":[780.515,231.369,46.949,-0.043,-0.579,0.814,0,0.815,0.58,-0.999,0.025,-0.035],"_shiftlockState":false,"_pose":"Running","_animationQueue":[],"_animationSpeed":1.066,"_zoom":7.28},{"_mousePosition":[684,407],"_rootPartCFrame":[770.187,222.666,47.393,-0.041,0,0.999,0,1,0,-0.999,0,-0.041],"_humanoidState":8,"_cameraCFrame":[781.12,231.956,46.923,-0.043,-0.579,0.814,0,0.815,0.58,-0.999,0.025,-0.035],"_shiftlockState":false,"_pose":"Running","_animationQueue":[],"_animationSpeed":1.066,"_zoom":7.28},{"_mousePosition":[684,407],"_rootPartCFrame":[769.92,222.577,47.405,-0.042,0,0.999,0,1,0,-0.999,0,-0.042],"_humanoidState":8,"_cameraCFrame":[781.421,232.272,46.91,-0.043,-0.579,0.814,0,0.815,0.58,-0.999,0.025,-0.035],"_shiftlockState":false,"_pose":"Running","_animationQueue":[],"_animationSpeed":1.066,"_zoom":7.28},{"_mousePosition":[684,407],"_rootPartCFrame":[769.654,222.434,47.416,-0.042,0,0.999,0,1,0,-0.999,0,-0.042],"_humanoidState":8,"_cameraCFrame":[781.566,232.475,45.152,-0.043,-0.579,0.814,0,0.815,0.58,-0.999,0.025,-0.035],"_shiftlockState":true,"_pose":"Running","_animationQueue":[],"_animationSpeed":1.066,"_zoom":7.28},{"_mousePosition":[683,384],"_rootPartCFrame":[769.387,223.307,47.427,-0.043,0,0.999,0,1,0,-0.999,0,-0.043],"_humanoidState":3,"_cameraCFrame":[781.651,233.599,45.149,-0.043,-0.579,0.814,0,0.815,0.58,-0.999,0.025,-0.035],"_shiftlockState":true,"_pose":"Jumping","_animationQueue":[["walk",0.1],["walk",0.1],["jump",0.1]],"_animationSpeed":1,"_zoom":7.28},{"_mousePosition":[683,384],"_rootPartCFrame":[769.121,224.129,47.439,-0.043,0,0.999,0,1,0,-0.999,0,-0.043],"_humanoidState":5,"_cameraCFrame":[781.634,234.598,45.149,-0.043,-0.579,0.814,0,0.815,0.58,-0.999,0.025,-0.035],"_shiftlockState":true,"_pose":"FreeFall","_animationQueue":[["jump",0.1]],"_animationSpeed":1,"_zoom":7.28},{"_mousePosition":[683,384],"_rootPartCFrame":[768.788,225.08,47.453,-0.043,0,0.999,0,1,0,-0.999,0,-0.043],"_humanoidState":5,"_cameraCFrame":[781.465,235.667,45.157,-0.043,-0.579,0.814,0,0.815,0.58,-0.999,0.025,-0.035],"_shiftlockState":true,"_pose":"FreeFall","_animationQueue":[],"_animationSpeed":1,"_zoom":7.28},{"_mousePosition":[683,384],"_rootPartCFrame":[768.588,225.61,47.462,-0.043,0,0.999,0,1,0,-0.999,0,-0.043],"_humanoidState":5,"_cameraCFrame":[781.387,236.312,45.225,-0.038,-0.581,0.813,0,0.814,0.582,-0.999,0.022,-0.031],"_shiftlockState":true,"_pose":"FreeFall","_animationQueue":[],"_animationSpeed":1,"_zoom":7.28},{"_mousePosition":[683,384],"_rootPartCFrame":[768.322,226.268,47.473,-0.038,0,0.999,0,1,0,-0.999,0,-0.038],"_humanoidState":5,"_cameraCFrame":[781.199,237.023,45.266,-0.035,-0.581,0.813,0,0.814,0.582,-0.999,0.021,-0.029],"_shiftlockState":true,"_pose":"FreeFall","_animationQueue":[],"_animationSpeed":1,"_zoom":7.28},{"_mousePosition":[683,384],"_rootPartCFrame":[768.056,226.872,47.484,-0.036,0,0.999,0,1,0,-0.999,0,-0.036],"_humanoidState":5,"_cameraCFrame":[780.986,237.718,45.472,-0.02,-0.585,0.811,0,0.811,0.585,-1,0.012,-0.016],"_shiftlockState":true,"_pose":"FreeFall","_animationQueue":[],"_animationSpeed":1,"_zoom":7.28},{"_mousePosition":[683,384],"_rootPartCFrame":[767.789,227.422,47.493,-0.022,0,1,0,1,0,-1,0,-0.022],"_humanoidState":5,"_cameraCFrame":[780.714,238.373,45.547,-0.015,-0.589,0.808,0,0.808,0.589,-1,0.009,-0.012],"_shiftlockState":true,"_pose":"FreeFall","_animationQueue":[],"_animationSpeed":1,"_zoom":7.28},{"_mousePosition":[683,384],"_rootPartCFrame":[767.522,227.917,47.499,-0.016,0,1,0,1,0,-1,0,-0.016],"_humanoidState":5,"_cameraCFrame":[780.47,238.884,45.553,-0.015,-0.589,0.808,0,0.808,0.589,-1,0.009,-0.012],"_shiftlockState":true,"_pose":"FreeFall","_animationQueue":[],"_animationSpeed":1,"_zoom":7.28},{"_mousePosition":[683,384],"_rootPartCFrame":[767.323,228.252,47.502,-0.015,0,1,0,1,0,-1,0,-0.015],"_humanoidState":5,"_cameraCFrame":[780.288,239.233,45.556,-0.015,-0.589,0.808,0,0.808,0.589,-1,0.009,-0.012],"_shiftlockState":true,"_pose":"FreeFall","_animationQueue":[],"_animationSpeed":1,"_zoom":7.28},{"_mousePosition":[683,384],"_rootPartCFrame":[766.989,228.743,47.507,-0.015,0,1,0,1,0,-1,0,-0.015],"_humanoidState":5,"_cameraCFrame":[779.966,239.732,45.561,-0.015,-0.589,0.808,0,0.808,0.589,-1,0.009,-0.012],"_shiftlockState":true,"_pose":"FreeFall","_animationQueue":[],"_animationSpeed":1,"_zoom":7.28},{"_mousePosition":[683,384],"_rootPartCFrame":[766.723,229.075,47.511,-0.015,0,1,0,1,0,-1,0,-0.015],"_humanoidState":5,"_cameraCFrame":[779.706,240.069,45.565,-0.015,-0.589,0.808,0,0.808,0.589,-1,0.009,-0.012],"_shiftlockState":true,"_pose":"FreeFall","_animationQueue":[],"_animationSpeed":1,"_zoom":7.28},{"_mousePosition":[683,384],"_rootPartCFrame":[766.523,229.288,47.514,-0.015,0,1,0,1,0,-1,0,-0.015],"_humanoidState":5,"_cameraCFrame":[779.512,240.285,45.568,-0.015,-0.589,0.808,0,0.808,0.589,-1,0.009,-0.012],"_shiftlockState":true,"_pose":"FreeFall","_animationQueue":[],"_animationSpeed":1,"_zoom":7.28},{"_mousePosition":[683,384],"_rootPartCFrame":[766.189,229.574,47.519,-0.015,0,1,0,1,0,-1,0,-0.015],"_humanoidState":5,"_cameraCFrame":[779.182,240.574,45.573,-0.015,-0.589,0.808,0,0.808,0.589,-1,0.009,-0.012],"_shiftlockState":true,"_pose":"FreeFall","_animationQueue":[],"_animationSpeed":1,"_zoom":7.28},{"_mousePosition":[683,384],"_rootPartCFrame":[765.923,229.742,47.523,-0.015,0,1,0,1,0,-1,0,-0.015],"_humanoidState":5,"_cameraCFrame":[778.917,240.744,45.577,-0.015,-0.589,0.808,0,0.808,0.589,-1,0.009,-0.012],"_shiftlockState":true,"_pose":"FreeFall","_animationQueue":[],"_animationSpeed":1,"_zoom":7.28},{"_mousePosition":[683,384],"_rootPartCFrame":[765.656,229.856,47.528,-0.015,0,1,0,1,0,-1,0,-0.015],"_humanoidState":5,"_cameraCFrame":[778.652,240.858,45.581,-0.015,-0.589,0.808,0,0.808,0.589,-1,0.009,-0.012],"_shiftlockState":true,"_pose":"FreeFall","_animationQueue":[],"_animationSpeed":1,"_zoom":7.28},{"_mousePosition":[683,384],"_rootPartCFrame":[765.39,229.915,47.532,-0.015,0,1,0,1,0,-1,0,-0.015],"_humanoidState":5,"_cameraCFrame":[778.386,240.918,45.585,-0.015,-0.589,0.808,0,0.808,0.589,-1,0.009,-0.012],"_shiftlockState":true,"_pose":"FreeFall","_animationQueue":[],"_animationSpeed":1,"_zoom":7.28},{"_mousePosition":[683,384],"_rootPartCFrame":[765.123,229.919,47.536,-0.015,0,1,0,1,0,-1,0,-0.015],"_humanoidState":5,"_cameraCFrame":[778.12,240.923,45.589,-0.015,-0.589,0.808,0,0.808,0.589,-1,0.009,-0.012],"_shiftlockState":true,"_pose":"FreeFall","_animationQueue":[],"_animationSpeed":1,"_zoom":7.28},{"_mousePosition":[683,384],"_rootPartCFrame":[764.923,229.887,47.539,-0.015,0,1,0,1,0,-1,0,-0.015],"_humanoidState":5,"_cameraCFrame":[777.893,240.942,45.658,-0.01,-0.593,0.805,0,0.806,0.593,-1,0.006,-0.008],"_shiftlockState":true,"_pose":"FreeFall","_animationQueue":[],"_animationSpeed":1,"_zoom":7.28},{"_mousePosition":[683,384],"_rootPartCFrame":[764.59,229.765,47.544,-0.011,0,1,0,1,0,-1,0,-0.011],"_humanoidState":5,"_cameraCFrame":[777.481,240.921,45.631,-0.013,-0.599,0.801,0,0.801,0.599,-1,0.008,-0.01],"_shiftlockState":true,"_pose":"FreeFall","_animationQueue":[],"_animationSpeed":1,"_zoom":7.28},{"_mousePosition":[683,384],"_rootPartCFrame":[764.323,229.606,47.547,-0.013,0,1,0,1,0,-1,0,-0.013],"_humanoidState":5,"_cameraCFrame":[776.961,240.987,45.155,-0.051,-0.612,0.789,0,0.79,0.613,-0.999,0.031,-0.04],"_shiftlockState":true,"_pose":"FreeFall","_animationQueue":[],"_animationSpeed":1,"_zoom":7.28},{"_mousePosition":[683,384],"_rootPartCFrame":[764.057,229.393,47.55,-0.047,0,0.999,0,1,0,-0.999,0,-0.047],"_humanoidState":5,"_cameraCFrame":[776.518,240.872,44.687,-0.088,-0.616,0.782,0,0.785,0.619,-0.996,0.055,-0.069],"_shiftlockState":true,"_pose":"FreeFall","_animationQueue":[],"_animationSpeed":1,"_zoom":7.28},{"_mousePosition":[683,384],"_rootPartCFrame":[763.79,229.125,47.562,-0.084,0,0.997,0,1,0,-0.997,0,-0.084],"_humanoidState":5,"_cameraCFrame":[776.167,240.605,44.353,-0.116,-0.615,0.78,0,0.785,0.619,-0.993,0.072,-0.091],"_shiftlockState":true,"_pose":"FreeFall","_animationQueue":[["fall",0.3]],"_animationSpeed":1,"_zoom":7.28},{"_mousePosition":[683,384],"_rootPartCFrame":[763.525,228.802,47.584,-0.112,0,0.994,0,1,0,-0.994,0,-0.112],"_humanoidState":5,"_cameraCFrame":[775.87,240.257,44.185,-0.131,-0.612,0.78,0,0.787,0.617,-0.991,0.081,-0.103],"_shiftlockState":true,"_pose":"FreeFall","_animationQueue":[],"_animationSpeed":1,"_zoom":7.28},{"_mousePosition":[683,384],"_rootPartCFrame":[763.26,228.425,47.614,-0.129,0,0.992,0,1,0,-0.992,0,-0.129],"_humanoidState":5,"_cameraCFrame":[775.607,239.856,44.15,-0.136,-0.61,0.781,0,0.788,0.616,-0.991,0.084,-0.107],"_shiftlockState":true,"_pose":"FreeFall","_animationQueue":[],"_animationSpeed":1,"_zoom":7.28},{"_mousePosition":[683,384],"_rootPartCFrame":[762.995,227.994,47.648,-0.135,0,0.991,0,1,0,-0.991,0,-0.135],"_humanoidState":5,"_cameraCFrame":[775.334,239.424,44.153,-0.139,-0.61,0.78,0,0.788,0.616,-0.99,0.085,-0.109],"_shiftlockState":true,"_pose":"FreeFall","_animationQueue":[],"_animationSpeed":1,"_zoom":7.28},{"_mousePosition":[683,384],"_rootPartCFrame":[762.731,227.508,47.684,-0.138,0,0.99,0,1,0,-0.99,0,-0.138],"_humanoidState":5,"_cameraCFrame":[775.07,238.938,44.189,-0.139,-0.61,0.78,0,0.788,0.616,-0.99,0.085,-0.109],"_shiftlockState":true,"_pose":"FreeFall","_animationQueue":[],"_animationSpeed":1,"_zoom":7.28},{"_mousePosition":[683,384],"_rootPartCFrame":[762.533,227.107,47.712,-0.139,0,0.99,0,1,0,-0.99,0,-0.139],"_humanoidState":5,"_cameraCFrame":[774.854,238.538,44.154,-0.144,-0.609,0.78,0,0.788,0.616,-0.99,0.088,-0.113],"_shiftlockState":true,"_pose":"FreeFall","_animationQueue":[],"_animationSpeed":1,"_zoom":7.28},{"_mousePosition":[683,384],"_rootPartCFrame":[762.203,226.372,47.758,-0.143,0,0.99,0,1,0,-0.99,0,-0.143],"_humanoidState":5,"_cameraCFrame":[774.459,237.803,43.983,-0.161,-0.608,0.778,0,0.788,0.616,-0.987,0.099,-0.127],"_shiftlockState":true,"_pose":"FreeFall","_animationQueue":[["fall",0.3]],"_animationSpeed":1,"_zoom":7.28},{"_mousePosition":[683,384],"_rootPartCFrame":[761.939,225.723,47.796,-0.159,0,0.987,0,1,0,-0.987,0,-0.159],"_humanoidState":5,"_cameraCFrame":[774.137,237.178,43.9,-0.171,-0.608,0.775,0,0.787,0.617,-0.985,0.106,-0.135],"_shiftlockState":true,"_pose":"FreeFall","_animationQueue":[],"_animationSpeed":1,"_zoom":7.28},{"_mousePosition":[683,384],"_rootPartCFrame":[761.676,225.019,47.838,-0.17,0,0.986,0,1,0,-0.986,0,-0.17],"_humanoidState":5,"_cameraCFrame":[773.835,236.499,43.884,-0.176,-0.609,0.773,0,0.785,0.619,-0.984,0.109,-0.138],"_shiftlockState":true,"_pose":"FreeFall","_animationQueue":[],"_animationSpeed":1,"_zoom":7.28},{"_mousePosition":[683,384],"_rootPartCFrame":[761.413,224.26,47.884,-0.175,0,0.985,0,1,0,-0.985,0,-0.175],"_humanoidState":5,"_cameraCFrame":[773.533,235.79,43.937,-0.176,-0.612,0.771,0,0.783,0.622,-0.984,0.11,-0.138],"_shiftlockState":true,"_pose":"FreeFall","_animationQueue":[],"_animationSpeed":1,"_zoom":7.28},{"_mousePosition":[683,384],"_rootPartCFrame":[761.15,223.447,47.93,-0.176,0,0.984,0,1,0,-0.984,0,-0.176],"_humanoidState":5,"_cameraCFrame":[773.203,235.05,43.963,-0.179,-0.616,0.767,0,0.779,0.627,-0.984,0.112,-0.139],"_shiftlockState":true,"_pose":"FreeFall","_animationQueue":[],"_animationSpeed":1,"_zoom":7.28},{"_mousePosition":[683,384],"_rootPartCFrame":[760.888,222.58,47.977,-0.179,0,0.984,0,1,0,-0.984,0,-0.179],"_humanoidState":7,"_cameraCFrame":[772.823,234.329,44.031,-0.179,-0.625,0.76,0,0.772,0.636,-0.984,0.114,-0.138],"_shiftlockState":true,"_pose":"FreeFall","_animationQueue":[["walk",0.1],["fall",0.3],["fall",0.3]],"_animationSpeed":1,"_zoom":7.28},{"_mousePosition":[683,384],"_rootPartCFrame":[760.691,222.404,48.013,-0.179,0,0.984,0,1,0,-0.984,0,-0.179],"_humanoidState":7,"_cameraCFrame":[772.508,234.298,44.089,-0.179,-0.634,0.752,0,0.765,0.645,-0.984,0.115,-0.137],"_shiftlockState":true,"_pose":"FreeFall","_animationQueue":[],"_animationSpeed":1,"_zoom":7.28},{"_mousePosition":[683,384],"_rootPartCFrame":[760.297,222.537,48.085,-0.179,0,0.984,0,1,0,-0.984,0,-0.179],"_humanoidState":8,"_cameraCFrame":[772.034,234.527,44.175,-0.179,-0.64,0.747,0,0.759,0.651,-0.984,0.116,-0.136],"_shiftlockState":true,"_pose":"Running","_animationQueue":[["fall",0.3],["walk",0.1],["fall",0.3],["walk",0.1]],"_animationSpeed":1.103,"_zoom":7.28},{"_mousePosition":[683,384],"_rootPartCFrame":[760.035,222.61,48.132,-0.179,0,0.984,0,1,0,-0.984,0,-0.179],"_humanoidState":8,"_cameraCFrame":[771.772,234.599,44.222,-0.179,-0.64,0.747,0,0.759,0.651,-0.984,0.116,-0.136],"_shiftlockState":true,"_pose":"Running","_animationQueue":[],"_animationSpeed":1.103,"_zoom":7.28},{"_mousePosition":[683,384],"_rootPartCFrame":[759.773,223.473,48.18,-0.179,0,0.984,0,1,0,-0.984,0,-0.179],"_humanoidState":3,"_cameraCFrame":[771.509,235.462,44.27,-0.179,-0.64,0.747,0,0.759,0.651,-0.984,0.116,-0.136],"_shiftlockState":true,"_pose":"Jumping","_animationQueue":[["walk",0.1],["jump",0.1]],"_animationSpeed":1,"_zoom":7.28},{"_mousePosition":[683,384],"_rootPartCFrame":[759.51,224.281,48.227,-0.179,0,0.984,0,1,0,-0.984,0,-0.179],"_humanoidState":5,"_cameraCFrame":[771.227,236.295,44.321,-0.179,-0.642,0.746,0,0.758,0.652,-0.984,0.116,-0.135],"_shiftlockState":true,"_pose":"FreeFall","_animationQueue":[["jump",0.1]],"_animationSpeed":1,"_zoom":7.28},{"_mousePosition":[683,384],"_rootPartCFrame":[759.248,225.035,48.275,-0.179,0,0.984,0,1,0,-0.984,0,-0.179],"_humanoidState":5,"_cameraCFrame":[770.934,237.096,44.406,-0.176,-0.645,0.744,0,0.756,0.655,-0.984,0.115,-0.133],"_shiftlockState":true,"_pose":"FreeFall","_animationQueue":[],"_animationSpeed":1,"_zoom":7.28},{"_mousePosition":[683,384],"_rootPartCFrame":[758.985,225.734,48.323,-0.176,0,0.984,0,1,0,-0.984,0,-0.176],"_humanoidState":5,"_cameraCFrame":[770.619,237.89,44.556,-0.169,-0.651,0.74,0,0.751,0.661,-0.986,0.111,-0.127],"_shiftlockState":true,"_pose":"FreeFall","_animationQueue":[],"_animationSpeed":1,"_zoom":7.28},{"_mousePosition":[683,384],"_rootPartCFrame":[758.723,226.379,48.37,-0.169,0,0.986,0,1,0,-0.986,0,-0.169],"_humanoidState":5,"_cameraCFrame":[770.336,238.559,44.607,-0.169,-0.653,0.739,0,0.749,0.662,-0.986,0.112,-0.126],"_shiftlockState":true,"_pose":"FreeFall","_animationQueue":[],"_animationSpeed":1,"_zoom":7.28},{"_mousePosition":[683,384],"_rootPartCFrame":[758.46,226.969,48.415,-0.169,0,0.986,0,1,0,-0.986,0,-0.169],"_humanoidState":5,"_cameraCFrame":[770.073,239.149,44.652,-0.169,-0.653,0.739,0,0.749,0.662,-0.986,0.112,-0.126],"_shiftlockState":true,"_pose":"FreeFall","_animationQueue":[],"_animationSpeed":1,"_zoom":7.28},{"_mousePosition":[683,384],"_rootPartCFrame":[758.197,227.505,48.46,-0.169,0,0.986,0,1,0,-0.986,0,-0.169],"_humanoidState":5,"_cameraCFrame":[769.81,239.685,44.697,-0.169,-0.653,0.739,0,0.749,0.662,-0.986,0.112,-0.126],"_shiftlockState":true,"_pose":"FreeFall","_animationQueue":[],"_animationSpeed":1,"_zoom":7.28},{"_mousePosition":[683,384],"_rootPartCFrame":[757.934,227.987,48.505,-0.169,0,0.986,0,1,0,-0.986,0,-0.169],"_humanoidState":5,"_cameraCFrame":[769.527,240.19,44.746,-0.169,-0.654,0.737,0,0.748,0.664,-0.986,0.112,-0.126],"_shiftlockState":true,"_pose":"FreeFall","_animationQueue":[],"_animationSpeed":1,"_zoom":7.28},{"_mousePosition":[683,384],"_rootPartCFrame":[757.605,228.512,48.561,-0.169,0,0.986,0,1,0,-0.986,0,-0.169],"_humanoidState":5,"_cameraCFrame":[769.177,240.738,44.805,-0.169,-0.656,0.736,0,0.747,0.665,-0.986,0.112,-0.126],"_shiftlockState":true,"_pose":"FreeFall","_animationQueue":[],"_animationSpeed":1,"_zoom":7.28},{"_mousePosition":[683,384],"_rootPartCFrame":[757.408,228.786,48.595,-0.169,0,0.986,0,1,0,-0.986,0,-0.169],"_humanoidState":5,"_cameraCFrame":[768.939,241.059,44.846,-0.169,-0.659,0.733,0,0.744,0.668,-0.986,0.113,-0.126],"_shiftlockState":true,"_pose":"FreeFall","_animationQueue":[],"_animationSpeed":1,"_zoom":7.28},{"_mousePosition":[683,384],"_rootPartCFrame":[757.17,228.997,48.636,-0.169,0,0.986,0,1,0,-0.986,0,-0.169],"_humanoidState":12,"_cameraCFrame":[768.65,241.317,44.865,-0.171,-0.661,0.731,0,0.741,0.671,-0.985,0.115,-0.127],"_shiftlockState":true,"_pose":"Climbing","_animationQueue":[["walk",0.1],["climb",0.1]],"_animationSpeed":1.76,"_zoom":7.28},{"_mousePosition":[683,384],"_rootPartCFrame":[757.134,229.165,48.654,-0.077,0,0.997,-0.007,1,-0.001,-0.997,-0.008,-0.077],"_humanoidState":12,"_cameraCFrame":[768.614,241.485,44.872,-0.171,-0.661,0.731,0,0.741,0.671,-0.985,0.115,-0.127],"_shiftlockState":true,"_pose":"Climbing","_animationQueue":[["climb",0.1]],"_animationSpeed":0.95,"_zoom":7.28},{"_mousePosition":[683,384],"_rootPartCFrame":[757.16,229.305,48.658,-0.16,0,0.987,-0.003,1,0,-0.987,-0.003,-0.16],"_humanoidState":12,"_cameraCFrame":[768.607,241.671,44.919,-0.169,-0.664,0.728,0,0.739,0.674,-0.986,0.114,-0.125],"_shiftlockState":true,"_pose":"Climbing","_animationQueue":[],"_animationSpeed":0.95,"_zoom":7.28},{"_mousePosition":[683,384],"_rootPartCFrame":[757.166,229.538,48.658,-0.166,0,0.986,0,1,0,-0.986,0,-0.166],"_humanoidState":12,"_cameraCFrame":[768.784,241.951,45.659,-0.106,-0.673,0.732,0,0.736,0.677,-0.994,0.072,-0.078],"_shiftlockState":true,"_pose":"Climbing","_animationQueue":[],"_animationSpeed":0.95,"_zoom":7.28},{"_mousePosition":[683,384],"_rootPartCFrame":[757.166,229.678,48.658,-0.106,0,0.994,0,1,0,-0.994,0,-0.106],"_humanoidState":12,"_cameraCFrame":[769.255,241.975,48.067,0.096,-0.666,0.739,0,0.743,0.67,-0.995,-0.064,0.071],"_shiftlockState":true,"_pose":"Climbing","_animationQueue":[],"_animationSpeed":0.95,"_zoom":7.28},{"_mousePosition":[683,384],"_rootPartCFrame":[757.166,229.865,48.658,0.096,0,0.995,0,1,0,-0.995,0,0.096],"_humanoidState":12,"_cameraCFrame":[768.133,241.59,54.843,0.608,-0.504,0.614,0,0.773,0.634,-0.794,-0.385,0.47],"_shiftlockState":true,"_pose":"Climbing","_animationQueue":[],"_animationSpeed":0.95,"_zoom":7.28},{"_mousePosition":[683,384],"_rootPartCFrame":[757.505,230.318,48.65,0.599,0.001,0.801,-0.001,1,-0.001,-0.801,0,0.599],"_humanoidState":12,"_cameraCFrame":[767.182,241.749,57.067,0.753,-0.405,0.518,0,0.788,0.616,-0.658,-0.464,0.593],"_shiftlockState":true,"_pose":"Climbing","_animationQueue":[],"_animationSpeed":0.95,"_zoom":7.28},{"_mousePosition":[683,384],"_rootPartCFrame":[757.581,230.434,48.642,0.755,0.001,0.656,0,1,-0.001,-0.656,0.001,0.755],"_humanoidState":8,"_cameraCFrame":[763.085,241.105,60.836,0.957,-0.164,0.237,0,0.822,0.569,-0.289,-0.545,0.788],"_shiftlockState":true,"_pose":"Standing","_animationQueue":[["climb",0.1],["walk",0.1],["idle",0.1]],"_animationSpeed":1,"_zoom":7.28},{"_mousePosition":[683,384],"_rootPartCFrame":[757.591,230.551,48.595,0.965,0,0.261,0,1,0,-0.261,0,0.965],"_humanoidState":8,"_cameraCFrame":[762.162,240.936,61.372,0.977,-0.117,0.177,0,0.834,0.551,-0.213,-0.538,0.815],"_shiftlockState":true,"_pose":"Running","_animationQueue":[["walk",0.1]],"_animationSpeed":0.072,"_zoom":7.28},{"_mousePosition":[683,384],"_rootPartCFrame":[757.589,230.578,48.527,0.979,0,0.204,0,1,0,-0.204,0,0.979],"_humanoidState":8,"_cameraCFrame":[763.392,240.831,60.887,0.952,-0.166,0.257,0,0.84,0.543,-0.305,-0.517,0.8],"_shiftlockState":true,"_pose":"Running","_animationQueue":[["walk",0.1]],"_animationSpeed":0.202,"_zoom":7.28},{"_mousePosition":[683,384],"_rootPartCFrame":[757.634,231.451,48.446,0.953,0,0.302,0,1,0,-0.302,0,0.953],"_humanoidState":3,"_cameraCFrame":[766.487,241.757,58.797,0.837,-0.299,0.458,0,0.838,0.546,-0.547,-0.457,0.701],"_shiftlockState":true,"_pose":"Jumping","_animationQueue":[["walk",0.1],["jump",0.1]],"_animationSpeed":1,"_zoom":7.28},{"_mousePosition":[683,384],"_rootPartCFrame":[757.642,232.269,48.344,0.85,0,0.527,0,1,0,-0.527,0,0.85],"_humanoidState":5,"_cameraCFrame":[769.403,242.733,55.009,0.602,-0.444,0.664,0,0.831,0.556,-0.799,-0.334,0.5],"_shiftlockState":true,"_pose":"FreeFall","_animationQueue":[["jump",0.1]],"_animationSpeed":1,"_zoom":7.28},{"_mousePosition":[683,384],"_rootPartCFrame":[757.629,232.846,48.249,0.625,0,0.78,0,1,0,-0.78,0,0.625],"_humanoidState":5,"_cameraCFrame":[770.792,243.466,50.823,0.318,-0.536,0.782,0,0.825,0.566,-0.948,-0.18,0.263],"_shiftlockState":true,"_pose":"FreeFall","_animationQueue":[],"_animationSpeed":1,"_zoom":7.28},{"_mousePosition":[683,384],"_rootPartCFrame":[757.56,233.74,48.077,0.369,0,0.93,0,1,0,-0.93,0,0.369],"_humanoidState":5,"_cameraCFrame":[770.767,244.643,47.594,0.096,-0.58,0.809,0,0.812,0.583,-0.995,-0.056,0.078],"_shiftlockState":true,"_pose":"FreeFall","_animationQueue":[],"_animationSpeed":1,"_zoom":7.28},{"_mousePosition":[683,384],"_rootPartCFrame":[757.497,234.393,47.959,0.109,0,0.994,0,1,0,-0.994,0,0.109],"_humanoidState":5,"_cameraCFrame":[770.491,245.423,46.111,-0.008,-0.591,0.807,0,0.807,0.591,-1,0.004,-0.006],"_shiftlockState":true,"_pose":"FreeFall","_animationQueue":[],"_animationSpeed":1,"_zoom":7.28},{"_mousePosition":[683,384],"_rootPartCFrame":[757.452,234.993,47.875,-0.006,0,1,0,1,0,-1,0,-0.006],"_humanoidState":5,"_cameraCFrame":[770.446,246.022,46.027,-0.008,-0.591,0.807,0,0.807,0.591,-1,0.004,-0.006],"_shiftlockState":true,"_pose":"FreeFall","_animationQueue":[],"_animationSpeed":1,"_zoom":7.28},{"_mousePosition":[683,384],"_rootPartCFrame":[757.427,235.537,47.827,-0.007,0,1,0,1,0,-1,0,-0.007],"_humanoidState":5,"_cameraCFrame":[770.421,246.567,45.979,-0.008,-0.591,0.807,0,0.807,0.591,-1,0.004,-0.006],"_shiftlockState":true,"_pose":"FreeFall","_animationQueue":[],"_animationSpeed":1,"_zoom":7.28},{"_mousePosition":[683,384],"_rootPartCFrame":[757.419,236.027,47.813,-0.008,0,1,0,1,0,-1,0,-0.008],"_humanoidState":5,"_cameraCFrame":[770.297,247.082,45.376,-0.053,-0.592,0.804,0,0.806,0.593,-0.999,0.031,-0.043],"_shiftlockState":true,"_pose":"FreeFall","_animationQueue":[],"_animationSpeed":1,"_zoom":7.28},{"_mousePosition":[683,384],"_rootPartCFrame":[757.419,236.463,47.813,-0.053,0,0.999,0,1,0,-0.999,0,-0.053],"_humanoidState":5,"_cameraCFrame":[770.176,247.543,44.891,-0.091,-0.592,0.801,0,0.804,0.594,-0.996,0.054,-0.073],"_shiftlockState":true,"_pose":"FreeFall","_animationQueue":[],"_animationSpeed":1,"_zoom":7.28},{"_mousePosition":[683,384],"_rootPartCFrame":[757.419,236.844,47.813,-0.091,0,0.996,0,1,0,-0.996,0,-0.091],"_humanoidState":5,"_cameraCFrame":[769.956,248.025,44.323,-0.136,-0.595,0.792,0,0.8,0.6,-0.991,0.082,-0.109],"_shiftlockState":true,"_pose":"FreeFall","_animationQueue":[],"_animationSpeed":1,"_zoom":7.28},{"_mousePosition":[683,384],"_rootPartCFrame":[757.419,237.17,47.813,-0.136,0,0.991,0,1,0,-0.991,0,-0.136],"_humanoidState":5,"_cameraCFrame":[769.788,248.427,43.953,-0.166,-0.597,0.785,0,0.796,0.605,-0.986,0.101,-0.132],"_shiftlockState":true,"_pose":"FreeFall","_animationQueue":[],"_animationSpeed":1,"_zoom":7.28},{"_mousePosition":[683,384],"_rootPartCFrame":[757.419,237.442,47.813,-0.166,0,0.986,0,1,0,-0.986,0,-0.166],"_humanoidState":5,"_cameraCFrame":[769.74,248.724,43.863,-0.174,-0.597,0.783,0,0.795,0.607,-0.985,0.105,-0.138],"_shiftlockState":true,"_pose":"FreeFall","_animationQueue":[],"_animationSpeed":1,"_zoom":7.28},{"_mousePosition":[683,384],"_rootPartCFrame":[757.419,237.61,47.813,-0.174,0,0.985,0,1,0,-0.985,0,-0.174],"_humanoidState":5,"_cameraCFrame":[769.74,248.892,43.863,-0.174,-0.597,0.783,0,0.795,0.607,-0.985,0.105,-0.138],"_shiftlockState":true,"_pose":"FreeFall","_animationQueue":[],"_animationSpeed":1,"_zoom":7.28},{"_mousePosition":[683,384],"_rootPartCFrame":[757.382,237.823,47.819,-0.174,0,0.985,0,1,0,-0.985,0,-0.174],"_humanoidState":5,"_cameraCFrame":[769.703,249.104,43.869,-0.174,-0.597,0.783,0,0.795,0.607,-0.985,0.105,-0.138],"_shiftlockState":true,"_pose":"FreeFall","_animationQueue":[],"_animationSpeed":1,"_zoom":7.28},{"_mousePosition":[683,384],"_rootPartCFrame":[757.309,237.931,47.832,-0.174,0,0.985,0,1,0,-0.985,0,-0.174],"_humanoidState":5,"_cameraCFrame":[769.669,249.213,44.007,-0.164,-0.598,0.784,0,0.795,0.607,-0.987,0.099,-0.13],"_shiftlockState":true,"_pose":"FreeFall","_animationQueue":[],"_animationSpeed":1,"_zoom":7.28},{"_mousePosition":[683,384],"_rootPartCFrame":[757.196,237.985,47.852,-0.165,0,0.986,0,1,0,-0.986,0,-0.165],"_humanoidState":5,"_cameraCFrame":[770.055,249.091,45.515,-0.045,-0.595,0.802,0,0.803,0.596,-0.999,0.027,-0.037],"_shiftlockState":true,"_pose":"FreeFall","_animationQueue":[],"_animationSpeed":1,"_zoom":7.28},{"_mousePosition":[683,384],"_rootPartCFrame":[757.045,237.985,47.878,-0.057,0,0.998,0,1,0,-0.998,0,-0.057],"_humanoidState":5,"_cameraCFrame":[770.275,248.733,49.458,0.248,-0.556,0.794,0,0.819,0.574,-0.969,-0.142,0.203],"_shiftlockState":true,"_pose":"FreeFall","_animationQueue":[],"_animationSpeed":1,"_zoom":7.28},{"_mousePosition":[683,384],"_rootPartCFrame":[757.152,238.423,47.893,0.125,0.003,0.992,0.004,1,-0.003,-0.992,0.004,0.125],"_humanoidState":7,"_cameraCFrame":[768.681,248.729,55.159,0.637,-0.421,0.646,0,0.838,0.546,-0.771,-0.348,0.534],"_shiftlockState":true,"_pose":"FreeFall","_animationQueue":[["walk",0.1]],"_animationSpeed":0.699,"_zoom":7.28},{"_mousePosition":[683,384],"_rootPartCFrame":[757.481,238.262,47.839,0.587,-0.008,0.81,0.015,1,0,-0.81,0.012,0.587],"_humanoidState":7,"_cameraCFrame":[764.751,247.954,59.812,0.912,-0.208,0.353,0,0.861,0.508,-0.409,-0.464,0.786],"_shiftlockState":true,"_pose":"FreeFall","_animationQueue":[["fall",0.3]],"_animationSpeed":1,"_zoom":7.28},{"_mousePosition":[683,384],"_rootPartCFrame":[757.607,238.225,47.792,0.908,-0.004,0.42,0.007,1,-0.006,-0.42,0.008,0.908],"_humanoidState":8,"_cameraCFrame":[760.21,246.979,62.074,0.998,-0.027,0.053,0,0.893,0.45,-0.06,-0.449,0.891],"_shiftlockState":true,"_pose":"Running","_animationQueue":[["walk",0.1],["fall",0.3],["walk",0.1]],"_animationSpeed":0.267,"_zoom":7.28},{"_mousePosition":[683,384],"_rootPartCFrame":[757.613,239.108,47.759,0.998,-0.001,0.065,0.001,1,0.001,-0.065,-0.001,0.998],"_humanoidState":3,"_cameraCFrame":[759.935,247.694,62.161,0.999,-0.017,0.036,0,0.898,0.439,-0.04,-0.439,0.898],"_shiftlockState":true,"_pose":"Jumping","_animationQueue":[["walk",0.1],["jump",0.1]],"_animationSpeed":1,"_zoom":7.28},{"_mousePosition":[683,384],"_rootPartCFrame":[757.615,239.957,47.702,0.999,0.001,0.043,-0.001,1,0.002,-0.043,-0.002,0.999],"_humanoidState":5,"_cameraCFrame":[763.893,248.43,60.93,0.948,-0.137,0.286,0,0.902,0.432,-0.318,-0.41,0.855],"_shiftlockState":true,"_pose":"FreeFall","_animationQueue":[["jump",0.1]],"_animationSpeed":1,"_zoom":7.28},{"_mousePosition":[683,384],"_rootPartCFrame":[757.636,240.752,47.607,0.956,0.001,0.293,-0.001,1,0.001,-0.293,-0.001,0.956],"_humanoidState":5,"_cameraCFrame":[768.525,249.507,57.191,0.746,-0.299,0.594,0,0.893,0.45,-0.665,-0.336,0.667],"_shiftlockState":true,"_pose":"FreeFall","_animationQueue":[],"_animationSpeed":1,"_zoom":7.28},{"_mousePosition":[683,384],"_rootPartCFrame":[757.622,241.492,47.475,0.777,0,0.629,0,1,0,-0.629,0,0.777],"_humanoidState":5,"_cameraCFrame":[771.458,250.415,51.541,0.396,-0.423,0.815,0,0.888,0.46,-0.918,-0.182,0.352],"_shiftlockState":true,"_pose":"FreeFall","_animationQueue":[],"_animationSpeed":1,"_zoom":7.28},{"_mousePosition":[683,384],"_rootPartCFrame":[757.591,242.012,47.362,0.434,0,0.901,0,1,0,-0.901,0,0.434],"_humanoidState":5,"_cameraCFrame":[771.93,251.046,46.517,0.063,-0.466,0.882,0,0.884,0.467,-0.998,-0.03,0.056],"_shiftlockState":true,"_pose":"FreeFall","_animationQueue":[],"_animationSpeed":1,"_zoom":7.28},{"_mousePosition":[683,384],"_rootPartCFrame":[757.493,242.809,47.177,0.124,0,0.992,0,1,0,-0.992,0,0.124],"_humanoidState":5,"_cameraCFrame":[771.41,251.871,43.68,-0.124,-0.465,0.876,0,0.883,0.469,-0.992,0.058,-0.109],"_shiftlockState":true,"_pose":"FreeFall","_animationQueue":[],"_animationSpeed":1,"_zoom":7.28},{"_mousePosition":[683,384],"_rootPartCFrame":[757.376,243.386,47.05,-0.092,0,0.996,0,1,0,-0.996,0,-0.092],"_humanoidState":5,"_cameraCFrame":[771.139,252.448,42.992,-0.164,-0.463,0.871,0,0.883,0.469,-0.987,0.077,-0.145],"_shiftlockState":true,"_pose":"FreeFall","_animationQueue":[],"_animationSpeed":1,"_zoom":7.28},{"_mousePosition":[683,384],"_rootPartCFrame":[757.264,243.908,46.948,-0.155,0,0.988,0,1,0,-0.988,0,-0.155],"_humanoidState":5,"_cameraCFrame":[771.028,252.97,42.89,-0.164,-0.463,0.871,0,0.883,0.469,-0.987,0.077,-0.145],"_shiftlockState":true,"_pose":"FreeFall","_animationQueue":[],"_animationSpeed":1,"_zoom":7.28},{"_mousePosition":[683,384],"_rootPartCFrame":[757.195,244.375,46.877,-0.158,0.007,0.987,0,1,-0.007,-0.987,-0.001,-0.158],"_humanoidState":5,"_cameraCFrame":[770.884,253.436,42.54,-0.184,-0.461,0.868,0,0.883,0.469,-0.983,0.086,-0.162],"_shiftlockState":true,"_pose":"FreeFall","_animationQueue":[],"_animationSpeed":1,"_zoom":7.28},{"_mousePosition":[683,384],"_rootPartCFrame":[757.208,244.779,46.875,-0.171,0.007,0.985,0,1,-0.007,-0.985,-0.002,-0.171],"_humanoidState":5,"_cameraCFrame":[770.896,253.841,42.537,-0.184,-0.461,0.868,0,0.883,0.469,-0.983,0.086,-0.162],"_shiftlockState":true,"_pose":"FreeFall","_animationQueue":[],"_animationSpeed":1,"_zoom":7.28},{"_mousePosition":[683,384],"_rootPartCFrame":[757.223,245.046,46.891,-0.182,0.003,0.983,0,1,-0.003,-0.983,-0.001,-0.182],"_humanoidState":5,"_cameraCFrame":[770.906,254.108,42.554,-0.184,-0.461,0.868,0,0.883,0.469,-0.983,0.086,-0.162],"_shiftlockState":true,"_pose":"FreeFall","_animationQueue":[],"_animationSpeed":1,"_zoom":7.28},{"_mousePosition":[683,384],"_rootPartCFrame":[757.224,245.355,46.894,-0.183,0.001,0.983,0,1,-0.001,-0.983,0,-0.183],"_humanoidState":5,"_cameraCFrame":[770.903,254.417,42.558,-0.184,-0.461,0.868,0,0.883,0.469,-0.983,0.086,-0.162],"_shiftlockState":true,"_pose":"FreeFall","_animationQueue":[],"_animationSpeed":1,"_zoom":7.28},{"_mousePosition":[683,384],"_rootPartCFrame":[757.224,245.665,46.894,-0.184,0,0.983,0,1,0,-0.983,0,-0.184],"_humanoidState":5,"_cameraCFrame":[770.902,254.726,42.558,-0.184,-0.461,0.868,0,0.883,0.469,-0.983,0.086,-0.162],"_shiftlockState":true,"_pose":"FreeFall","_animationQueue":[],"_animationSpeed":1,"_zoom":7.28},{"_mousePosition":[683,384],"_rootPartCFrame":[757.224,245.809,46.894,-0.184,0,0.983,0,1,0,-0.983,0,-0.184],"_humanoidState":5,"_cameraCFrame":[770.902,254.871,42.558,-0.184,-0.461,0.868,0,0.883,0.469,-0.983,0.086,-0.162],"_shiftlockState":true,"_pose":"FreeFall","_animationQueue":[],"_animationSpeed":1,"_zoom":7.28},{"_mousePosition":[683,384],"_rootPartCFrame":[757.224,245.955,46.894,-0.184,0,0.983,0,1,0,-0.983,0,-0.184],"_humanoidState":5,"_cameraCFrame":[770.902,255.016,42.558,-0.184,-0.461,0.868,0,0.883,0.469,-0.983,0.086,-0.162],"_shiftlockState":true,"_pose":"FreeFall","_animationQueue":[],"_animationSpeed":1,"_zoom":7.28},{"_mousePosition":[683,384],"_rootPartCFrame":[757.201,246.059,46.91,-0.18,0,0.984,0,1,0,-0.984,0,-0.18],"_humanoidState":5,"_cameraCFrame":[770.835,255.12,42.435,-0.194,-0.46,0.867,0,0.883,0.469,-0.981,0.091,-0.171],"_shiftlockState":true,"_pose":"FreeFall","_animationQueue":[],"_animationSpeed":1,"_zoom":7.28},{"_mousePosition":[683,384],"_rootPartCFrame":[757.236,246.077,47.002,-0.188,0,0.982,-0.001,1,0,-0.982,-0.001,-0.188],"_humanoidState":5,"_cameraCFrame":[771.022,255.055,42.866,-0.169,-0.457,0.873,0,0.886,0.464,-0.986,0.078,-0.149],"_shiftlockState":true,"_pose":"FreeFall","_animationQueue":[],"_animationSpeed":1,"_zoom":7.28},{"_mousePosition":[683,384],"_rootPartCFrame":[757.243,246.041,47.087,-0.17,0,0.985,0,1,0,-0.985,0,-0.17],"_humanoidState":5,"_cameraCFrame":[771.677,254.796,45.629,0.02,-0.45,0.893,0,0.893,0.45,-1,-0.009,0.018],"_shiftlockState":true,"_pose":"FreeFall","_animationQueue":[],"_animationSpeed":1,"_zoom":7.28},{"_mousePosition":[683,384],"_rootPartCFrame":[757.211,245.951,47.167,0.002,0,1,0,1,0,-1,0,0.002],"_humanoidState":5,"_cameraCFrame":[771.234,254.536,51.194,0.389,-0.405,0.827,0,0.898,0.439,-0.921,-0.171,0.35],"_shiftlockState":true,"_pose":"FreeFall","_animationQueue":[["fall",0.3]],"_animationSpeed":1,"_zoom":7.28},{"_mousePosition":[683,384],"_rootPartCFrame":[757.342,245.847,47.174,0.356,0.001,0.934,0,1,-0.001,-0.934,0,0.356],"_humanoidState":5,"_cameraCFrame":[768.143,254.178,57.162,0.761,-0.275,0.587,0,0.906,0.424,-0.648,-0.323,0.69],"_shiftlockState":true,"_pose":"FreeFall","_animationQueue":[],"_animationSpeed":1,"_zoom":7.28},{"_mousePosition":[683,384],"_rootPartCFrame":[757.612,246.318,47.104,0.749,0.002,0.663,0.001,1,-0.005,-0.663,0.005,0.749],"_humanoidState":7,"_cameraCFrame":[763.86,254.045,60.724,0.951,-0.119,0.284,0,0.922,0.386,-0.308,-0.367,0.878],"_shiftlockState":true,"_pose":"FreeFall","_animationQueue":[["walk",0.1],["fall",0.3],["fall",0.3]],"_animationSpeed":1,"_zoom":7.28},{"_mousePosition":[683,384],"_rootPartCFrame":[757.628,246.713,47.028,0.958,0.002,0.285,-0.001,1,-0.003,-0.285,0.002,0.958],"_humanoidState":7,"_cameraCFrame":[761.554,253.944,61.689,0.989,-0.052,0.136,0,0.935,0.355,-0.145,-0.352,0.925],"_shiftlockState":true,"_pose":"FreeFall","_animationQueue":[],"_animationSpeed":1,"_zoom":7.28},{"_mousePosition":[683,384],"_rootPartCFrame":[757.617,246.973,46.985,0.991,0.001,0.137,-0.001,1,0,-0.137,0,0.991],"_humanoidState":8,"_cameraCFrame":[762.188,253.91,61.567,0.982,-0.063,0.177,0,0.941,0.337,-0.188,-0.331,0.925],"_shiftlockState":true,"_pose":"Running","_animationQueue":[["walk",0.1],["fall",0.3],["walk",0.1]],"_animationSpeed":0.334,"_zoom":7.28},{"_mousePosition":[683,384],"_rootPartCFrame