[{"_mousePosition":[1206,376],"_rootPartCFrame":[776.034,222.961,47.142,-0.001,-0.006,1,0,1,0.006,-1,0,-0.001],"_humanoidState":8,"_cameraCFrame":[776.265,229.371,44.801,-0.995,-0.092,0.044,0,0.432,0.902,-0.102,0.897,-0.43],"_shiftlockState":false,"_pose":"Standing","_animationQueue":[],"_animationSpeed":1,"_zoom":5.445},{"_mousePosition":[1216,389],"_rootPartCFrame":[776.017,222.947,47.14,0,-0.005,1,0,1,0.005,-1,0,0],"_humanoidState":8,"_cameraCFrame":[776.249,229.358,44.799,-0.995,-0.092,0.044,0,0.432,0.902,-0.102,0.897,-0.43],"_shiftlockState":false,"_pose":"Standing","_animationQueue":[],"_animationSpeed":1,"_zoom":5.445},{"_mousePosition":[1233,407],"_rootPartCFrame":[775.864,222.873,47.125,0.009,-0.002,1,0,1,0.002,-1,0,0.009],"_humanoidState":8,"_cameraCFrame":[776.101,229.283,44.784,-0.995,-0.092,0.044,0,0.432,0.902,-0.102,0.897,-0.43],"_shiftlockState":false,"_pose":"Running","_animationQueue":[["walk",0.1]],"_animationSpeed":0.275,"_zoom":5.445},{"_mousePosition":[1248,420],"_rootPartCFrame":[775.6,222.724,47.098,0.021,0,1,0,1,0,-1,0,0.021],"_humanoidState":8,"_cameraCFrame":[775.84,229.134,44.757,-0.995,-0.092,0.044,0,0.432,0.902,-0.102,0.897,-0.43],"_shiftlockState":false,"_pose":"Running","_animationQueue":[["walk",0.1],["walk",0.1]],"_animationSpeed":1.001,"_zoom":5.445},{"_mousePosition":[1266,435],"_rootPartCFrame":[775.335,222.612,47.07,0.032,0,0.999,0,1,0,-0.999,0,0.032],"_humanoidState":8,"_cameraCFrame":[775.575,229.022,44.73,-0.995,-0.092,0.044,0,0.432,0.902,-0.102,0.897,-0.43],"_shiftlockState":false,"_pose":"Running","_animationQueue":[["walk",0.1]],"_animationSpeed":1.104,"_zoom":5.445},{"_mousePosition":[1280,446],"_rootPartCFrame":[775.069,222.637,47.043,0.042,0,0.999,0,1,0,-0.999,0,0.042],"_humanoidState":8,"_cameraCFrame":[775.309,229.047,44.702,-0.995,-0.092,0.044,0,0.432,0.902,-0.102,0.897,-0.43],"_shiftlockState":false,"_pose":"Running","_animationQueue":[],"_animationSpeed":1.104,"_zoom":5.445},{"_mousePosition":[1297,459],"_rootPartCFrame":[774.804,222.663,47.016,0.05,0,0.999,0,1,0,-0.999,0,0.05],"_humanoidState":8,"_cameraCFrame":[775.043,229.074,44.675,-0.995,-0.092,0.044,0,0.432,0.902,-0.102,0.897,-0.43],"_shiftlockState":false,"_pose":"Running","_animationQueue":[],"_animationSpeed":1.104,"_zoom":5.445},{"_mousePosition":[1310,466],"_rootPartCFrame":[774.539,222.68,46.989,0.057,0,0.998,0,1,0,-0.998,0,0.057],"_humanoidState":8,"_cameraCFrame":[774.778,229.09,44.648,-0.995,-0.092,0.044,0,0.432,0.902,-0.102,0.897,-0.43],"_shiftlockState":false,"_pose":"Running","_animationQueue":[],"_animationSpeed":1.104,"_zoom":5.445},{"_mousePosition":[1326,477],"_rootPartCFrame":[774.273,222.689,46.962,0.063,0,0.998,0,1,0,-0.998,0,0.063],"_humanoidState":8,"_cameraCFrame":[772.772,229.099,44.443,-0.995,-0.092,0.044,0,0.432,0.902,-0.102,0.897,-0.43],"_shiftlockState":true,"_pose":"Running","_animationQueue":[],"_animationSpeed":1.104,"_zoom":5.445},{"_mousePosition":[683,384],"_rootPartCFrame":[773.876,222.695,46.921,-0.999,0,-0.04,0,1,0,0.04,0,-0.999],"_humanoidState":8,"_cameraCFrame":[772.374,229.106,44.402,-0.995,-0.092,0.044,0,0.432,0.902,-0.102,0.897,-0.43],"_shiftlockState":true,"_pose":"Running","_animationQueue":[["walk",0.1]],"_animationSpeed":1.104,"_zoom":5.445},{"_mousePosition":[683,384],"_rootPartCFrame":[773.677,222.697,46.901,-0.997,0,0.078,0,1,0,-0.078,0,-0.997],"_humanoidState":8,"_cameraCFrame":[772.184,229.126,44.413,-0.994,-0.097,0.045,0,0.425,0.905,-0.107,0.9,-0.422],"_shiftlockState":true,"_pose":"Running","_animationQueue":[],"_animationSpeed":1.104,"_zoom":5.445},{"_mousePosition":[683,384],"_rootPartCFrame":[773.345,222.698,46.867,-0.995,0,0.103,0,1,0,-0.103,0,-0.995],"_humanoidState":8,"_cameraCFrame":[771.861,229.155,44.43,-0.994,-0.103,0.047,0,0.414,0.91,-0.113,0.904,-0.411],"_shiftlockState":true,"_pose":"Running","_animationQueue":[],"_animationSpeed":1.104,"_zoom":5.445},{"_mousePosition":[683,384],"_rootPartCFrame":[773.146,222.699,46.846,-0.994,0,0.113,0,1,0,-0.113,0,-0.994],"_humanoidState":8,"_cameraCFrame":[771.665,229.202,44.503,-0.993,-0.11,0.047,0,0.395,0.919,-0.119,0.912,-0.392],"_shiftlockState":true,"_pose":"Running","_animationQueue":[],"_animationSpeed":1.104,"_zoom":5.445},{"_mousePosition":[683,384],"_rootPartCFrame":[772.881,222.699,46.816,-0.993,0,0.119,0,1,0,-0.119,0,-0.993],"_humanoidState":8,"_cameraCFrame":[771.409,229.261,44.597,-0.991,-0.122,0.048,0,0.369,0.93,-0.131,0.922,-0.365],"_shiftlockState":true,"_pose":"Running","_animationQueue":[],"_animationSpeed":1.104,"_zoom":5.445},{"_mousePosition":[683,384],"_rootPartCFrame":[772.616,222.699,46.784,-0.991,0,0.131,0,1,0,-0.131,0,-0.991],"_humanoidState":8,"_cameraCFrame":[771.151,229.293,44.634,-0.99,-0.13,0.049,0,0.354,0.935,-0.139,0.926,-0.35],"_shiftlockState":true,"_pose":"Running","_animationQueue":[],"_animationSpeed":1.104,"_zoom":5.445},{"_mousePosition":[683,384],"_rootPartCFrame":[772.352,222.7,46.75,-0.99,0,0.139,0,1,0,-0.139,0,-0.99],"_humanoidState":8,"_cameraCFrame":[770.887,229.293,44.599,-0.99,-0.13,0.049,0,0.354,0.935,-0.139,0.926,-0.35],"_shiftlockState":true,"_pose":"Running","_animationQueue":[],"_animationSpeed":1.104,"_zoom":5.445},{"_mousePosition":[683,384],"_rootPartCFrame":[772.088,222.7,46.713,-0.99,0,0.139,0,1,0,-0.139,0,-0.99],"_humanoidState":8,"_cameraCFrame":[770.623,229.293,44.563,-0.99,-0.13,0.049,0,0.354,0.935,-0.139,0.926,-0.35],"_shiftlockState":true,"_pose":"Running","_animationQueue":[["walk",0.1]],"_animationSpeed":1.104,"_zoom":5.445},{"_mousePosition":[683,384],"_rootPartCFrame":[771.824,222.7,46.676,-0.99,0,0.139,0,1,0,-0.139,0,-0.99],"_humanoidState":8,"_cameraCFrame":[770.359,229.293,44.526,-0.99,-0.13,0.049,0,0.354,0.935,-0.139,0.926,-0.35],"_shiftlockState":true,"_pose":"Running","_animationQueue":[],"_animationSpeed":1.104,"_zoom":5.445},{"_mousePosition":[683,384],"_rootPartCFrame":[771.559,222.7,46.639,-0.99,0,0.139,0,1,0,-0.139,0,-0.99],"_humanoidState":8,"_cameraCFrame":[770.094,229.293,44.488,-0.99,-0.13,0.049,0,0.354,0.935,-0.139,0.926,-0.35],"_shiftlockState":true,"_pose":"Running","_animationQueue":[],"_animationSpeed":1.104,"_zoom":5.445},{"_mousePosition":[683,384],"_rootPartCFrame":[771.295,222.7,46.601,-0.99,0,0.139,0,1,0,-0.139,0,-0.99],"_humanoidState":8,"_cameraCFrame":[769.83,229.293,44.451,-0.99,-0.13,0.049,0,0.354,0.935,-0.139,0.926,-0.35],"_shiftlockState":true,"_pose":"Running","_animationQueue":[],"_animationSpeed":1.104,"_zoom":5.445},{"_mousePosition":[683,384],"_rootPartCFrame":[771.031,222.7,46.564,-0.99,0,0.139,0,1,0,-0.139,0,-0.99],"_humanoidState":8,"_cameraCFrame":[769.566,229.293,44.414,-0.99,-0.13,0.049,0,0.354,0.935,-0.139,0.926,-0.35],"_shiftlockState":true,"_pose":"Running","_animationQueue":[],"_animationSpeed":1.104,"_zoom":5.445},{"_mousePosition":[683,384],"_rootPartCFrame":[770.767,222.7,46.527,-0.99,0,0.139,0,1,0,-0.139,0,-0.99],"_humanoidState":8,"_cameraCFrame":[769.302,229.293,44.377,-0.99,-0.13,0.049,0,0.354,0.935,-0.139,0.926,-0.35],"_shiftlockState":true,"_pose":"Running","_animationQueue":[],"_animationSpeed":1.104,"_zoom":5.445},{"_mousePosition":[683,384],"_rootPartCFrame":[770.503,222.7,46.49,-0.99,0,0.139,0,1,0,-0.139,0,-0.99],"_humanoidState":8,"_cameraCFrame":[769.038,229.293,44.34,-0.99,-0.13,0.049,0,0.354,0.935,-0.139,0.926,-0.35],"_shiftlockState":true,"_pose":"Running","_animationQueue":[["walk",0.1]],"_animationSpeed":1.104,"_zoom":5.445},{"_mousePosition":[683,384],"_rootPartCFrame":[770.239,222.7,46.453,-0.99,0,0.139,0,1,0,-0.139,0,-0.99],"_humanoidState":8,"_cameraCFrame":[768.774,229.293,44.303,-0.99,-0.13,0.049,0,0.354,0.935,-0.139,0.926,-0.35],"_shiftlockState":true,"_pose":"Running","_animationQueue":[],"_animationSpeed":1.104,"_zoom":5.445},{"_mousePosition":[683,384],"_rootPartCFrame":[769.974,222.7,46.416,-0.99,0,0.139,0,1,0,-0.139,0,-0.99],"_humanoidState":8,"_cameraCFrame":[768.468,229.298,44.306,-0.993,-0.113,0.042,0,0.351,0.936,-0.121,0.929,-0.349],"_shiftlockState":true,"_pose":"Running","_animationQueue":[],"_animationSpeed":1.104,"_zoom":5.445},{"_mousePosition":[683,384],"_rootPartCFrame":[769.71,222.666,46.379,-0.993,0,0.121,0,1,0,-0.121,0,-0.993],"_humanoidState":8,"_cameraCFrame":[768.251,229.289,44.298,-0.989,-0.139,0.05,0,0.338,0.941,-0.148,0.931,-0.335],"_shiftlockState":true,"_pose":"Running","_animationQueue":[],"_animationSpeed":1.104,"_zoom":5.445},{"_mousePosition":[683,384],"_rootPartCFrame":[769.38,223.736,46.332,-0.989,0,0.148,0,1,0,-0.148,0,-0.989],"_humanoidState":3,"_cameraCFrame":[767.982,230.402,44.317,-0.982,-0.177,0.059,0,0.316,0.949,-0.187,0.932,-0.31],"_shiftlockState":true,"_pose":"Jumping","_animationQueue":[["walk",0.1],["jump",0.1]],"_animationSpeed":1,"_zoom":5.445},{"_mousePosition":[683,384],"_rootPartCFrame":[769.182,224.337,46.303,-0.969,0,0.248,0,1,0,-0.248,0,-0.969],"_humanoidState":5,"_cameraCFrame":[767.84,231.053,44.378,-0.973,-0.221,0.066,0,0.287,0.958,-0.231,0.932,-0.279],"_shiftlockState":true,"_pose":"FreeFall","_animationQueue":[["jump",0.1]],"_animationSpeed":1,"_zoom":5.445},{"_mousePosition":[683,384],"_rootPartCFrame":[768.92,225.091,46.255,-0.937,0,0.35,0,1,0,-0.35,0,-0.937],"_humanoidState":5,"_cameraCFrame":[767.591,231.825,44.372,-0.97,-0.236,0.068,0,0.276,0.961,-0.245,0.932,-0.267],"_shiftlockState":true,"_pose":"FreeFall","_animationQueue":[],"_animationSpeed":1,"_zoom":5.445},{"_mousePosition":[683,384],"_rootPartCFrame":[768.66,225.79,46.195,-0.929,0,0.371,0,1,0,-0.371,0,-0.929],"_humanoidState":5,"_cameraCFrame":[767.323,232.532,44.338,-0.97,-0.235,0.066,0,0.271,0.963,-0.244,0.934,-0.263],"_shiftlockState":true,"_pose":"FreeFall","_animationQueue":[],"_animationSpeed":1,"_zoom":5.445},{"_mousePosition":[683,384],"_rootPartCFrame":[768.401,226.435,46.13,-0.929,0,0.371,0,1,0,-0.371,0,-0.929],"_humanoidState":5,"_cameraCFrame":[767.028,233.189,44.337,-0.973,-0.223,0.061,0,0.262,0.965,-0.231,0.939,-0.255],"_shiftlockState":true,"_pose":"FreeFall","_animationQueue":[],"_animationSpeed":1,"_zoom":5.445},{"_mousePosition":[683,384],"_rootPartCFrame":[768.143,227.025,46.065,-0.934,0,0.358,0,1,0,-0.358,0,-0.934],"_humanoidState":5,"_cameraCFrame":[766.708,233.794,44.365,-0.979,-0.197,0.051,0,0.252,0.968,-0.203,0.947,-0.247],"_shiftlockState":true,"_pose":"FreeFall","_animationQueue":[],"_animationSpeed":1,"_zoom":5.445},{"_mousePosition":[683,384],"_rootPartCFrame":[767.884,227.561,46.003,-0.943,0,0.331,0,1,0,-0.331,0,-0.943],"_humanoidState":5,"_cameraCFrame":[766.368,234.345,44.425,-0.987,-0.156,0.039,0,0.241,0.97,-0.161,0.958,-0.238],"_shiftlockState":true,"_pose":"FreeFall","_animationQueue":[],"_animationSpeed":1,"_zoom":5.445},{"_mousePosition":[683,384],"_rootPartCFrame":[767.623,228.043,45.948,-0.957,0,0.291,0,1,0,-0.291,0,-0.957],"_humanoidState":5,"_cameraCFrame":[766.029,234.839,44.494,-0.993,-0.111,0.026,0,0.232,0.973,-0.114,0.966,-0.23],"_shiftlockState":true,"_pose":"FreeFall","_animationQueue":[],"_animationSpeed":1,"_zoom":5.445},{"_mousePosition":[683,384],"_rootPartCFrame":[767.36,228.47,45.903,-0.969,0,0.245,0,1,0,-0.245,0,-0.969],"_humanoidState":5,"_cameraCFrame":[765.7,235.276,44.563,-0.998,-0.069,0.016,0,0.224,0.975,-0.07,0.972,-0.223],"_shiftlockState":true,"_pose":"FreeFall","_animationQueue":[],"_animationSpeed":1,"_zoom":5.445},{"_mousePosition":[683,384],"_rootPartCFrame":[767.095,228.842,45.871,-0.979,0,0.202,0,1,0,-0.202,0,-0.979],"_humanoidState":5,"_cameraCFrame":[765.393,235.656,44.618,-0.999,-0.038,0.009,0,0.218,0.976,-0.039,0.975,-0.218],"_shiftlockState":true,"_pose":"FreeFall","_animationQueue":[],"_animationSpeed":1,"_zoom":5.445},{"_mousePosition":[683,384],"_rootPartCFrame":[766.829,229.16,45.85,-0.985,0,0.172,0,1,0,-0.172,0,-0.985],"_humanoidState":5,"_cameraCFrame":[765.097,235.979,44.66,-1,-0.015,0.003,0,0.214,0.977,-0.015,0.977,-0.214],"_shiftlockState":true,"_pose":"FreeFall","_animationQueue":[],"_animationSpeed":1,"_zoom":5.445},{"_mousePosition":[683,384],"_rootPartCFrame":[766.496,229.481,45.836,-0.984,0,0.181,0,1,0,-0.181,0,-0.984],"_humanoidState":5,"_cameraCFrame":[764.752,236.301,44.668,-1,-0.004,0.001,0,0.213,0.977,-0.005,0.977,-0.213],"_shiftlockState":true,"_pose":"FreeFall","_animationQueue":[],"_animationSpeed":1,"_zoom":5.445},{"_mousePosition":[683,384],"_rootPartCFrame":[766.296,229.632,45.832,-0.995,0,0.104,0,1,0,-0.104,0,-0.995],"_humanoidState":5,"_cameraCFrame":[764.541,236.454,44.689,-1,0.005,-0.001,0,0.211,0.977,0.005,0.977,-0.211],"_shiftlockState":true,"_pose":"FreeFall","_animationQueue":[],"_animationSpeed":1,"_zoom":5.445},{"_mousePosition":[683,384],"_rootPartCFrame":[766.03,229.787,45.831,-0.992,0,0.128,0,1,0,-0.128,0,-0.992],"_humanoidState":5,"_cameraCFrame":[764.263,236.61,44.715,-1,0.015,-0.003,0,0.21,0.978,0.015,0.978,-0.21],"_shiftlockState":true,"_pose":"FreeFall","_animationQueue":[],"_animationSpeed":1,"_zoom":5.445},{"_mousePosition":[683,384],"_rootPartCFrame":[765.763,229.887,45.831,-0.993,0,0.118,0,1,0,-0.118,0,-0.993],"_humanoidState":5,"_cameraCFrame":[763.98,236.714,44.759,-1,0.029,-0.006,0,0.207,0.978,0.03,0.978,-0.207],"_shiftlockState":true,"_pose":"FreeFall","_animationQueue":[],"_animationSpeed":1,"_zoom":5.445},{"_mousePosition":[683,384],"_rootPartCFrame":[765.43,229.935,45.836,-0.991,0,0.136,0,1,0,-0.136,0,-0.991],"_humanoidState":5,"_cameraCFrame":[763.629,236.767,44.817,-0.999,0.047,-0.01,0,0.203,0.979,0.048,0.978,-0.203],"_shiftlockState":true,"_pose":"FreeFall","_animationQueue":[["fall",0.3]],"_animationSpeed":1,"_zoom":5.445},{"_mousePosition":[683,384],"_rootPartCFrame":[765.23,229.923,45.842,-0.999,0,0.052,0,1,0,-0.052,0,-0.999],"_humanoidState":5,"_cameraCFrame":[763.408,236.76,44.89,-0.997,0.069,-0.014,0,0.198,0.98,0.071,0.978,-0.198],"_shiftlockState":true,"_pose":"FreeFall","_animationQueue":[],"_animationSpeed":1,"_zoom":5.445},{"_mousePosition":[683,384],"_rootPartCFrame":[764.964,229.859,45.854,-0.998,0,0.062,0,1,0,-0.062,0,-0.998],"_humanoidState":5,"_cameraCFrame":[763.12,236.7,44.965,-0.995,0.094,-0.019,0,0.195,0.981,0.096,0.976,-0.194],"_shiftlockState":true,"_pose":"FreeFall","_animationQueue":[],"_animationSpeed":1,"_zoom":5.445},{"_mousePosition":[683,384],"_rootPartCFrame":[764.698,229.741,45.872,-0.999,0,0.037,0,1,0,-0.037,0,-0.999],"_humanoidState":5,"_cameraCFrame":[762.831,236.586,45.061,-0.992,0.124,-0.024,0,0.191,0.982,0.126,0.974,-0.189],"_shiftlockState":true,"_pose":"FreeFall","_animationQueue":[],"_animationSpeed":1,"_zoom":5.445},{"_mousePosition":[683,384],"_rootPartCFrame":[764.432,229.568,45.896,-1,0,0.007,0,1,0,-0.007,0,-1],"_humanoidState":5,"_cameraCFrame":[762.543,236.415,45.149,-0.988,0.152,-0.029,0,0.189,0.982,0.155,0.97,-0.187],"_shiftlockState":true,"_pose":"FreeFall","_animationQueue":[],"_animationSpeed":1,"_zoom":5.445},{"_mousePosition":[683,384],"_rootPartCFrame":[764.167,229.341,45.928,-1,0,-0.022,0,1,0,0.022,0,-1],"_humanoidState":5,"_cameraCFrame":[762.258,236.188,45.237,-0.983,0.181,-0.035,0,0.189,0.982,0.184,0.965,-0.186],"_shiftlockState":true,"_pose":"FreeFall","_animationQueue":[],"_animationSpeed":1,"_zoom":5.445},{"_mousePosition":[683,384],"_rootPartCFrame":[763.904,229.06,45.969,-0.999,0,-0.052,0,1,0,0.052,0,-0.999],"_humanoidState":5,"_cameraCFrame":[761.967,235.906,45.358,-0.974,0.221,-0.043,0,0.189,0.982,0.225,0.957,-0.184],"_shiftlockState":true,"_pose":"FreeFall","_animationQueue":[],"_animationSpeed":1,"_zoom":5.445},{"_mousePosition":[683,384],"_rootPartCFrame":[763.641,228.724,46.017,-0.996,0,-0.093,0,1,0,0.093,0,-0.996],"_humanoidState":5,"_cameraCFrame":[761.672,235.569,45.512,-0.96,0.275,-0.053,0,0.19,0.982,0.28,0.943,-0.183],"_shiftlockState":true,"_pose":"FreeFall","_animationQueue":[["fall",0.3]],"_animationSpeed":1,"_zoom":5.445},{"_mousePosition":[683,384],"_rootPartCFrame":[763.406,228.332,45.967,-0.989,0,-0.147,0,1,-0.002,0.147,-0.002,-0.989],"_humanoidState":5,"_cameraCFrame":[761.414,235.178,45.557,-0.945,0.321,-0.062,0,0.19,0.982,0.327,0.928,-0.18],"_shiftlockState":true,"_pose":"FreeFall","_animationQueue":[],"_animationSpeed":1,"_zoom":5.445},{"_mousePosition":[683,384],"_rootPartCFrame":[763.158,227.887,45.99,-0.98,0,-0.198,0,1,-0.001,0.198,-0.001,-0.98],"_humanoidState":5,"_cameraCFrame":[761.147,234.732,45.675,-0.928,0.365,-0.071,0,0.191,0.982,0.372,0.911,-0.177],"_shiftlockState":true,"_pose":"FreeFall","_animationQueue":[],"_animationSpeed":1,"_zoom":5.445},{"_mousePosition":[683,384],"_rootPartCFrame":[762.907,227.799,46.07,-0.94,0,-0.341,0,1,0,0.341,0,-0.94],"_humanoidState":7,"_cameraCFrame":[760.885,234.643,45.799,-0.919,0.387,-0.076,0,0.192,0.981,0.395,0.902,-0.177],"_shiftlockState":true,"_pose":"FreeFall","_animationQueue":[["walk",0.1],["fall",0.3],["fall",0.3]],"_animationSpeed":1,"_zoom":5.445},{"_mousePosition":[683,384],"_rootPartCFrame":[762.658,227.849,46.167,-0.919,0,-0.394,0,1,0,0.394,0,-0.919],"_humanoidState":7,"_cameraCFrame":[760.635,234.692,45.896,-0.918,0.389,-0.077,0,0.193,0.981,0.397,0.901,-0.177],"_shiftlockState":true,"_pose":"FreeFall","_animationQueue":[],"_animationSpeed":1,"_zoom":5.445},{"_mousePosition":[683,384],"_rootPartCFrame":[762.413,227.892,46.271,-0.918,0,-0.397,0,1,0,0.397,0,-0.918],"_humanoidState":8,"_cameraCFrame":[760.384,234.729,45.94,-0.925,0.373,-0.075,0,0.198,0.98,0.38,0.907,-0.183],"_shiftlockState":true,"_pose":"Running","_animationQueue":[["walk",0.1],["fall",0.3],["walk",0.1]],"_animationSpeed":1.103,"_zoom":5.445},{"_mousePosition":[683,384],"_rootPartCFrame":[762.168,227.918,46.377,-0.925,0,-0.38,0,1,0,0.38,0,-0.925],"_humanoidState":8,"_cameraCFrame":[760.139,234.745,45.906,-0.941,0.331,-0.07,0,0.207,0.978,0.338,0.921,-0.195],"_shiftlockState":true,"_pose":"Running","_animationQueue":[["walk",0.1]],"_animationSpeed":1.103,"_zoom":5.445},{"_mousePosition":[683,384],"_rootPartCFrame":[761.922,227.933,46.479,-0.941,0,-0.338,0,1,0,0.338,0,-0.941],"_humanoidState":8,"_cameraCFrame":[759.906,234.751,45.874,-0.956,0.286,-0.063,0,0.215,0.977,0.293,0.934,-0.205],"_shiftlockState":true,"_pose":"Running","_animationQueue":[],"_animationSpeed":1.103,"_zoom":5.445},{"_mousePosition":[683,384],"_rootPartCFrame":[761.671,227.94,46.57,-0.956,0,-0.293,0,1,0,0.293,0,-0.956],"_humanoidState":8,"_cameraCFrame":[759.699,234.751,45.784,-0.975,0.215,-0.049,0,0.221,0.975,0.221,0.951,-0.215],"_shiftlockState":true,"_pose":"Running","_animationQueue":[],"_animationSpeed":1.103,"_zoom":5.445},{"_mousePosition":[683,384],"_rootPartCFrame":[761.416,227.945,46.649,-0.975,0,-0.221,0,1,0,0.221,0,-0.975],"_humanoidState":8,"_cameraCFrame":[759.489,234.753,45.746,-0.986,0.162,-0.037,0,0.222,0.975,0.166,0.961,-0.219],"_shiftlockState":true,"_pose":"Running","_animationQueue":[],"_animationSpeed":1.103,"_zoom":5.445},{"_mousePosition":[683,384],"_rootPartCFrame":[761.157,227.947,46.71,-0.986,0,-0.166,0,1,0,0.166,0,-0.986],"_humanoidState":8,"_cameraCFrame":[759.281,234.756,45.705,-0.994,0.111,-0.025,0,0.222,0.975,0.114,0.969,-0.221],"_shiftlockState":true,"_pose":"Running","_animationQueue":[],"_animationSpeed":1.103,"_zoom":5.445},{"_mousePosition":[683,384],"_rootPartCFrame":[760.894,227.948,46.755,-0.994,0,-0.114,0,1,0,0.114,0,-0.994],"_humanoidState":8,"_cameraCFrame":[759.058,234.757,45.678,-0.997,0.073,-0.017,0,0.222,0.975,0.075,0.972,-0.222],"_shiftlockState":true,"_pose":"Running","_animationQueue":[],"_animationSpeed":1.103,"_zoom":5.445},{"_mousePosition":[683,384],"_rootPartCFrame":[760.629,227.949,46.787,-0.997,0,-0.075,0,1,0,0.075,0,-0.997],"_humanoidState":8,"_cameraCFrame":[758.845,234.758,45.631,-1,0.028,-0.006,0,0.222,0.975,0.029,0.975,-0.222],"_shiftlockState":true,"_pose":"Running","_animationQueue":[],"_animationSpeed":1.103,"_zoom":5.445},{"_mousePosition":[683,384],"_rootPartCFrame":[760.363,227.949,46.807,-1,0,-0.029,0,1,0,0.029,0,-1],"_humanoidState":8,"_cameraCFrame":[758.63,234.759,45.576,-1,-0.014,0.003,0,0.222,0.975,-0.014,0.975,-0.222],"_shiftlockState":true,"_pose":"Running","_animationQueue":[["walk",0.1]],"_animationSpeed":1.103,"_zoom":5.445},{"_mousePosition":[683,384],"_rootPartCFrame":[760.097,227.949,46.816,-1,0,0.014,0,1,0,-0.014,0,-1],"_humanoidState":8,"_cameraCFrame":[758.442,234.759,45.482,-0.997,-0.073,0.017,0,0.222,0.975,-0.075,0.972,-0.221],"_shiftlockState":true,"_pose":"Running","_animationQueue":[],"_animationSpeed":1.103,"_zoom":5.445},{"_mousePosition":[683,384],"_rootPartCFrame":[759.697,227.95,46.811,-0.997,0,0.075,0,1,0,-0.075,0,-0.997],"_humanoidState":8,"_cameraCFrame":[758.111,234.756,45.385,-0.992,-0.121,0.028,0,0.224,0.975,-0.124,0.967,-0.222],"_shiftlockState":true,"_pose":"Running","_animationQueue":[],"_animationSpeed":1.103,"_zoom":5.445},{"_mousePosition":[683,384],"_rootPartCFrame":[759.497,227.95,46.799,-0.992,0,0.124,0,1,0,-0.124,0,-0.992],"_humanoidState":8,"_cameraCFrame":[757.999,234.753,45.27,-0.984,-0.176,0.041,0,0.226,0.974,-0.181,0.958,-0.223],"_shiftlockState":true,"_pose":"Running","_animationQueue":[],"_animationSpeed":1.103,"_zoom":5.445},{"_mousePosition":[683,384],"_rootPartCFrame":[759.233,227.95,46.768,-0.984,0,0.181,0,1,0,-0.181,0,-0.984],"_humanoidState":8,"_cameraCFrame":[757.83,234.749,45.138,-0.971,-0.232,0.055,0,0.23,0.973,-0.238,0.945,-0.223],"_shiftlockState":true,"_pose":"Running","_animationQueue":[],"_animationSpeed":1.103,"_zoom":5.445},{"_mousePosition":[683,384],"_rootPartCFrame":[758.97,227.95,46.722,-0.971,0,0.238,0,1,0,-0.238,0,-0.971],"_humanoidState":8,"_cameraCFrame":[757.701,234.745,44.973,-0.95,-0.303,0.072,0,0.233,0.973,-0.311,0.924,-0.221],"_shiftlockState":true,"_pose":"Running","_animationQueue":[],"_animationSpeed":1.103,"_zoom":5.445},{"_mousePosition":[683,384],"_rootPartCFrame":[758.71,227.95,46.661,-0.95,0,0.311,0,1,0,-0.311,0,-0.95],"_humanoidState":8,"_cameraCFrame":[757.567,234.742,44.819,-0.927,-0.364,0.088,0,0.235,0.972,-0.374,0.901,-0.218],"_shiftlockState":true,"_pose":"Running","_animationQueue":[["walk",0.1]],"_animationSpeed":1.103,"_zoom":5.445},{"_mousePosition":[683,384],"_rootPartCFrame":[758.456,227.95,46.581,-0.927,0,0.374,0,1,0,-0.374,0,-0.927],"_humanoidState":8,"_cameraCFrame":[757.468,234.739,44.643,-0.895,-0.434,0.106,0,0.237,0.971,-0.447,0.869,-0.212],"_shiftlockState":true,"_pose":"Running","_animationQueue":[],"_animationSpeed":1.103,"_zoom":5.445},{"_mousePosition":[683,384],"_rootPartCFrame":[758.208,227.95,46.483,-0.895,0,0.447,0,1,0,-0.447,0,-0.895],"_humanoidState":8,"_cameraCFrame":[757.361,234.736,44.472,-0.862,-0.492,0.121,0,0.24,0.971,-0.507,0.837,-0.207],"_shiftlockState":true,"_pose":"Running","_animationQueue":[],"_animationSpeed":1.103,"_zoom":5.445},{"_mousePosition":[683,384],"_rootPartCFrame":[757.968,227.95,46.367,-0.862,0,0.507,0,1,0,-0.507,0,-0.862],"_humanoidState":8,"_cameraCFrame":[757.265,234.733,44.292,-0.826,-0.547,0.136,0,0.242,0.97,-0.563,0.802,-0.2],"_shiftlockState":true,"_pose":"Running","_animationQueue":[],"_animationSpeed":1.103,"_zoom":5.445},{"_mousePosition":[683,384],"_rootPartCFrame":[757.737,227.95,46.234,-0.826,0,0.563,0,1,0,-0.563,0,-0.826],"_humanoidState":8,"_cameraCFrame":[757.144,234.729,44.117,-0.798,-0.585,0.147,0,0.244,0.97,-0.603,0.773,-0.195],"_shiftlockState":true,"_pose":"Running","_animationQueue":[],"_animationSpeed":1.103,"_zoom":5.445},{"_mousePosition":[683,384],"_rootPartCFrame":[757.515,227.95,46.087,-0.798,0,0.603,0,1,0,-0.603,0,-0.798],"_humanoidState":8,"_cameraCFrame":[757.017,234.727,43.94,-0.772,-0.617,0.156,0,0.246,0.969,-0.636,0.748,-0.19],"_shiftlockState":true,"_pose":"Running","_animationQueue":[],"_animationSpeed":1.103,"_zoom":5.445},{"_mousePosition":[683,384],"_rootPartCFrame":[757.301,227.95,45.927,-0.772,0,0.636,0,1,0,-0.636,0,-0.772],"_humanoidState":8,"_cameraCFrame":[756.837,234.726,43.77,-0.762,-0.627,0.16,0,0.247,0.969,-0.647,0.739,-0.188],"_shiftlockState":true,"_pose":"Running","_animationQueue":[],"_animationSpeed":1.103,"_zoom":5.445},{"_mousePosition":[683,384],"_rootPartCFrame":[757.095,227.95,45.759,-0.762,0,0.647,0,1,0,-0.647,0,-0.762],"_humanoidState":8,"_cameraCFrame":[756.626,234.725,43.6,-0.764,-0.625,0.16,0,0.248,0.969,-0.645,0.74,-0.189],"_shiftlockState":true,"_pose":"Running","_animationQueue":[["walk",0.1]],"_animationSpeed":1.103,"_zoom":5.445},{"_mousePosition":[683,384],"_rootPartCFrame":[756.889,227.916,45.589,-0.764,0,0.645,0,1,0,-0.645,0,-0.764],"_humanoidState":8,"_cameraCFrame":[756.379,234.687,43.429,-0.78,-0.606,0.157,0,0.251,0.968,-0.626,0.755,-0.195],"_shiftlockState":true,"_pose":"Running","_animationQueue":[],"_animationSpeed":1.103,"_zoom":5.445},{"_mousePosition":[683,384],"_rootPartCFrame":[756.683,227.827,45.42,-0.78,0,0.626,0,1,0,-0.626,0,-0.78],"_humanoidState":8,"_cameraCFrame":[756.093,234.597,43.278,-0.803,-0.577,0.15,0,0.251,0.968,-0.596,0.777,-0.202],"_shiftlockState":true,"_pose":"Running","_animationQueue":[],"_animationSpeed":1.103,"_zoom":5.445},{"_mousePosition":[683,384],"_rootPartCFrame":[756.477,227.684,45.25,-0.803,0,0.596,0,1,0,-0.596,0,-0.803],"_humanoidState":8,"_cameraCFrame":[755.798,234.455,43.137,-0.827,-0.544,0.141,0,0.251,0.968,-0.562,0.8,-0.207],"_shiftlockState":true,"_pose":"Running","_animationQueue":[],"_animationSpeed":1.103,"_zoom":5.445},{"_mousePosition":[683,384],"_rootPartCFrame":[756.271,228.557,45.08,-0.827,0,0.562,0,1,0,-0.562,0,-0.827],"_humanoidState":3,"_cameraCFrame":[755.48,235.336,43.027,-0.852,-0.508,0.128,0,0.245,0.969,-0.524,0.826,-0.209],"_shiftlockState":true,"_pose":"Jumping","_animationQueue":[["walk",0.1],["jump",0.1]],"_animationSpeed":1,"_zoom":5.445},{"_mousePosition":[683,384],"_rootPartCFrame":[756.054,229.379,44.926,-0.8,0,0.6,0,1,0,-0.6,0,-0.8],"_humanoidState":5,"_cameraCFrame":[755.152,236.164,42.935,-0.876,-0.468,0.116,0,0.24,0.971,-0.482,0.85,-0.211],"_shiftlockState":true,"_pose":"FreeFall","_animationQueue":[["jump",0.1]],"_animationSpeed":1,"_zoom":5.445},{"_mousePosition":[683,384],"_rootPartCFrame":[755.828,230.147,44.785,-0.807,0,0.59,0,1,0,-0.59,0,-0.807],"_humanoidState":5,"_cameraCFrame":[754.836,236.937,42.851,-0.895,-0.433,0.105,0,0.237,0.972,-0.446,0.87,-0.212],"_shiftlockState":true,"_pose":"FreeFall","_animationQueue":[],"_animationSpeed":1,"_zoom":5.445},{"_mousePosition":[683,384],"_rootPartCFrame":[755.596,230.86,44.654,-0.828,0,0.56,0,1,0,-0.56,0,-0.828],"_humanoidState":5,"_cameraCFrame":[754.529,237.655,42.776,-0.91,-0.403,0.096,0,0.233,0.973,-0.415,0.885,-0.212],"_shiftlockState":true,"_pose":"FreeFall","_animationQueue":[],"_animationSpeed":1,"_zoom":5.445},{"_mousePosition":[683,384],"_rootPartCFrame":[755.358,231.518,44.534,-0.847,0,0.532,0,1,0,-0.532,0,-0.847],"_humanoidState":5,"_cameraCFrame":[754.242,238.468,42.662,-0.923,-0.374,0.089,0,0.232,0.973,-0.385,0.898,-0.214],"_shiftlockState":true,"_pose":"FreeFall","_animationQueue":[],"_animationSpeed":1,"_zoom":7.306},{"_mousePosition":[683,384],"_rootPartCFrame":[755.055,232.265,44.395,-0.846,0,0.533,0,1,0,-0.533,0,-0.846],"_humanoidState":5,"_cameraCFrame":[753.939,239.668,42.45,-0.931,-0.356,0.084,0,0.231,0.973,-0.366,0.906,-0.215],"_shiftlockState":true,"_pose":"FreeFall","_animationQueue":[],"_animationSpeed":1,"_zoom":9.633},{"_mousePosition":[683,384],"_rootPartCFrame":[754.871,232.672,44.316,-0.89,0,0.457,0,1,0,-0.457,0,-0.89],"_humanoidState":5,"_cameraCFrame":[753.785,240.759,42.235,-0.936,-0.343,0.082,0,0.231,0.973,-0.353,0.91,-0.216],"_shiftlockState":true,"_pose":"FreeFall","_animationQueue":[],"_animationSpeed":1,"_zoom":9.633},{"_mousePosition":[683,384],"_rootPartCFrame":[754.623,233.167,44.218,-0.881,0,0.474,0,1,0,-0.474,0,-0.881],"_humanoidState":5,"_cameraCFrame":[753.578,241.957,41.989,-0.939,-0.336,0.08,0,0.231,0.973,-0.345,0.913,-0.217],"_shiftlockState":true,"_pose":"FreeFall","_animationQueue":[],"_animationSpeed":1,"_zoom":9.633},{"_mousePosition":[683,384],"_rootPartCFrame":[754.311,233.709,44.1,-0.868,0,0.496,0,1,0,-0.496,0,-0.868],"_humanoidState":5,"_cameraCFrame":[753.32,243.189,41.718,-0.939,-0.335,0.08,0,0.231,0.973,-0.344,0.914,-0.217],"_shiftlockState":true,"_pose":"FreeFall","_animationQueue":[],"_animationSpeed":1,"_zoom":12.541},{"_mousePosition":[683,384],"_rootPartCFrame":[754.124,233.993,44.031,-0.9,0,0.436,0,1,0,-0.436,0,-0.9],"_humanoidState":5,"_cameraCFrame":[753.206,244.377,41.447,-0.939,-0.335,0.08,0,0.231,0.973,-0.344,0.914,-0.217],"_shiftlockState":true,"_pose":"FreeFall","_animationQueue":[],"_animationSpeed":1,"_zoom":12.541},{"_mousePosition":[683,384],"_rootPartCFrame":[753.873,234.325,43.939,-0.885,0,0.466,0,1,0,-0.466,0,-0.885],"_humanoidState":5,"_cameraCFrame":[753.065,245.614,41.101,-0.937,-0.34,0.083,0,0.236,0.972,-0.35,0.91,-0.221],"_shiftlockState":true,"_pose":"FreeFall","_animationQueue":[],"_animationSpeed":1,"_zoom":12.541},{"_mousePosition":[683,384],"_rootPartCFrame":[753.623,234.602,43.847,-0.882,0,0.471,0,1,0,-0.471,0,-0.882],"_humanoidState":5,"_cameraCFrame":[752.923,246.394,40.82,-0.932,-0.352,0.088,0,0.242,0.97,-0.363,0.904,-0.226],"_shiftlockState":true,"_pose":"FreeFall","_animationQueue":[],"_animationSpeed":1,"_zoom":12.541},{"_mousePosition":[683,384],"_rootPartCFrame":[753.373,234.824,43.754,-0.875,0,0.483,0,1,0,-0.483,0,-0.875],"_humanoidState":5,"_cameraCFrame":[752.851,247.156,40.482,-0.922,-0.375,0.098,0,0.251,0.968,-0.388,0.892,-0.232],"_shiftlockState":true,"_pose":"FreeFall","_animationQueue":[],"_animationSpeed":1,"_zoom":12.541},{"_mousePosition":[683,384],"_rootPartCFrame":[753.124,234.992,43.658,-0.862,0,0.507,0,1,0,-0.507,0,-0.862],"_humanoidState":5,"_cameraCFrame":[752.793,247.693,40.195,-0.908,-0.404,0.108,0,0.259,0.966,-0.419,0.877,-0.235],"_shiftlockState":true,"_pose":"FreeFall","_animationQueue":[],"_animationSpeed":1,"_zoom":12.541},{"_mousePosition":[683,384],"_rootPartCFrame":[752.878,235.106,43.555,-0.845,0,0.536,0,1,0,-0.536,0,-0.845],"_humanoidState":5,"_cameraCFrame":[752.708,248.038,39.949,-0.896,-0.427,0.118,0,0.266,0.964,-0.443,0.864,-0.239],"_shiftlockState":true,"_pose":"FreeFall","_animationQueue":[],"_animationSpeed":1,"_zoom":12.541},{"_mousePosition":[683,384],"_rootPartCFrame":[752.635,235.165,43.445,-0.83,0,0.558,0,1,0,-0.558,0,-0.83],"_humanoidState":5,"_cameraCFrame":[752.585,248.307,39.722,-0.889,-0.441,0.124,0,0.272,0.962,-0.458,0.855,-0.241],"_shiftlockState":true,"_pose":"FreeFall","_animationQueue":[],"_animationSpeed":1,"_zoom":12.541},{"_mousePosition":[683,384],"_rootPartCFrame":[752.33,235.162,43.343,-0.817,0,0.576,0,1,0,-0.576,0,-0.817],"_humanoidState":5,"_cameraCFrame":[752.319,248.426,39.553,-0.888,-0.441,0.126,0,0.275,0.962,-0.459,0.854,-0.244],"_shiftlockState":true,"_pose":"FreeFall","_animationQueue":[["fall",0.3]],"_animationSpeed":1,"_zoom":12.541},{"_mousePosition":[683,384],"_rootPartCFrame":[752.084,235.098,43.306,-0.836,0,0.549,0,1,0,-0.549,0,-0.836],"_humanoidState":5,"_cameraCFrame":[752.066,248.444,39.458,-0.893,-0.433,0.125,0,0.278,0.961,-0.451,0.858,-0.248],"_shiftlockState":true,"_pose":"FreeFall","_animationQueue":[],"_animationSpeed":1,"_zoom":12.541},{"_mousePosition":[683,384],"_rootPartCFrame":[751.897,235.015,43.304,-0.854,0,0.52,0,1,0,-0.52,0,-0.854],"_humanoidState":5,"_cameraCFrame":[751.832,248.411,39.388,-0.902,-0.414,0.122,0,0.283,0.959,-0.432,0.865,-0.255],"_shiftlockState":true,"_pose":"FreeFall","_animationQueue":[],"_animationSpeed":1,"_zoom":12.541},{"_mousePosition":[683,384],"_rootPartCFrame":[751.647,234.856,43.336,-0.851,0,0.526,0,1,0,-0.526,0,-0.851],"_humanoidState":5,"_cameraCFrame":[751.525,248.283,39.367,-0.911,-0.396,0.118,0,0.286,0.958,-0.413,0.873,-0.261],"_shiftlockState":true,"_pose":"FreeFall","_animationQueue":[],"_animationSpeed":1,"_zoom":12.541},{"_mousePosition":[683,384],"_rootPartCFrame":[751.395,234.642,43.408,-0.861,0,0.508,0,1,0,-0.508,0,-0.861],"_humanoidState":5,"_cameraCFrame":[751.203,248.081,39.381,-0.92,-0.374,0.114,0,0.291,0.957,-0.391,0.881,-0.268],"_shiftlockState":true,"_pose":"FreeFall","_animationQueue":[],"_animationSpeed":1,"_zoom":12.541},{"_mousePosition":[683,384],"_rootPartCFrame":[751.083,234.299,43.524,-0.86,0,0.511,0,1,0,-0.511,0,-0.86],"_humanoidState":5,"_cameraCFrame":[750.824,247.73,39.417,-0.93,-0.351,0.109,0,0.298,0.955,-0.368,0.888,-0.277],"_shiftlockState":true,"_pose":"FreeFall","_animationQueue":[],"_animationSpeed":1,"_zoom":12.541},{"_mousePosition":[683,384],"_rootPartCFrame":[750.897,234.052,43.598,-0.897,0,0.442,0,1,0,-0.442,0,-0.897],"_humanoidState":5,"_cameraCFrame":[750.557,247.455,39.37,-0.941,-0.322,0.104,0,0.309,0.951,-0.338,0.895,-0.291],"_shiftlockState":true,"_pose":"FreeFall","_animationQueue":[],"_animationSpeed":1,"_zoom":12.541},{"_mousePosition":[683,384],"_rootPartCFrame":[750.591,233.572,43.729,-0.887,0,0.462,0,1,0,-0.462,0,-0.887],"_humanoidState":5,"_cameraCFrame":[750.192,246.93,39.355,-0.95,-0.297,0.101,0,0.322,0.947,-0.313,0.899,-0.306],"_shiftlockState":true,"_pose":"FreeFall","_animationQueue":[["fall",0.3]],"_animationSpeed":1,"_zoom":12.541},{"_mousePosition":[683,384],"_rootPartCFrame":[750.41,233.244,43.813,-0.921,0,0.389,0,1,0,-0.389,0,-0.921],"_humanoidState":5,"_cameraCFrame":[749.983,246.512,39.193,-0.957,-0.273,0.1,0,0.343,0.939,-0.29,0.899,-0.328],"_shiftlockState":true,"_pose":"FreeFall","_animationQueue":[],"_animationSpeed":1,"_zoom":12.541},{"_mousePosition":[683,384],"_rootPartCFrame":[750.171,232.758,43.932,-0.92,0,0.392,0,1,0,-0.392,0,-0.92],"_humanoidState":5,"_cameraCFrame":[749.789,245.919,39.033,-0.959,-0.263,0.103,0,0.366,0.93,-0.282,0.893,-0.351],"_shiftlockState":true,"_pose":"FreeFall","_animationQueue":[],"_animationSpeed":1,"_zoom":12.541},{"_mousePosition":[683,384],"_rootPartCFrame":[749.935,232.217,44.057,-0.924,0,0.383,0,1,0,-0.383,0,-0.924],"_humanoidState":5,"_cameraCFrame":[749.66,245.259,38.869,-0.958,-0.264,0.112,0,0.39,0.921,-0.286,0.882,-0.374],"_shiftlockState":true,"_pose":"FreeFall","_animationQueue":[],"_animationSpeed":1,"_zoom":12.541},{"_mousePosition":[683,384],"_rootPartCFrame":[749.701,231.622,44.185,-0.923,0,0.385,0,1,0,-0.385,0,-0.923],"_humanoidState":5,"_cameraCFrame":[749.485,244.61,38.87,-0.957,-0.266,0.116,0,0.401,0.916,-0.29,0.877,-0.383],"_shiftlockState":true,"_pose":"FreeFall","_animationQueue":[],"_animationSpeed":1,"_zoom":12.541},{"_mousePosition":[683,384],"_rootPartCFrame":[749.467,230.973,44.311,-0.922,0,0.388,0,1,0,-0.388,0,-0.922],"_humanoidState":5,"_cameraCFrame":[749.251,243.961,38.996,-0.957,-0.266,0.116,0,0.401,0.916,-0.29,0.877,-0.383],"_shiftlockState":true,"_pose":"FreeFall","_animationQueue":[],"_animationSpeed":1,"_zoom":12.541},{"_mousePosition":[683,384],"_rootPartCFrame":[749.232,230.269,44.437,-0.921,0,0.389,0,1,0,-0.389,0,-0.921],"_humanoidState":5,"_cameraCFrame":[749.016,243.258,39.122,-0.957,-0.266,0.116,0,0.401,0.916,-0.29,0.877,-0.383],"_shiftlockState":true,"_pose":"FreeFall","_animationQueue":[],"_animationSpeed":1,"_zoom":12.541},{"_mousePosition":[683,384],"_rootPartCFrame":[748.996,229.51,44.563,-0.921,0,0.389,0,1,0,-0.389,0,-0.921],"_humanoidState":5,"_cameraCFrame":[748.781,242.5,39.247,-0.957,-0.266,0.116,0,0.401,0.916,-0.29,0.877,-0.383],"_shiftlockState":true,"_pose":"FreeFall","_animationQueue":[["fall",0.3]],"_animationSpeed":1,"_zoom":12.541},{"_mousePosition":[683,384],"_rootPartCFrame":[748.761,228.697,44.689,-0.921,0,0.389,0,1,0,-0.389,0,-0.921],"_humanoidState":5,"_cameraCFrame":[748.546,241.687,39.373,-0.957,-0.266,0.116,0,0.401,0.916,-0.29,0.877,-0.383],"_shiftlockState":true,"_pose":"FreeFall","_animationQueue":[],"_animationSpeed":1,"_zoom":12.541},{"_mousePosition":[683,384],"_rootPartCFrame":[748.526,227.83,44.814,-0.921,0,0.389,0,1,0,-0.389,0,-0.921],"_humanoidState":5,"_cameraCFrame":[748.609,240.779,39.407,-0.941,-0.309,0.138,0,0.408,0.913,-0.338,0.859,-0.384],"_shiftlockState":true,"_pose":"FreeFall","_animationQueue":[],"_animationSpeed":1,"_zoom":12.541},{"_mousePosition":[683,384],"_rootPartCFrame":[748.313,227.858,44.928,-0.93,0,0.368,0,1,0,-0.368,0,-0.93],"_humanoidState":12,"_cameraCFrame":[749.792,240.659,39.411,-0.84,-0.489,0.235,0,0.434,0.901,-0.542,0.757,-0.364],"_shiftlockState":true,"_pose":"Climbing","_animationQueue":[["walk",0.1],["fall",0.3],["climb",0.1],["climb",0]],"_animationSpeed":-4.44,"_zoom":12.541},{"_mousePosition":[683,384],"_rootPartCFrame":[748.28,228.027,44.856,-0.878,0.019,0.478,0.009,1,-0.023,-0.479,-0.016,-0.878],"_humanoidState":12,"_cameraCFrame":[751.478,240.831,40.09,-0.621,-0.707,0.339,0,0.433,0.901,-0.784,0.56,-0.269],"_shiftlockState":true,"_pose":"Climbing","_animationQueue":[["climb",0.1]],"_animationSpeed":0.827,"_zoom":12.541},{"_mousePosition":[683,384],"_rootPartCFrame":[748.294,228.497,44.556,-0.662,-0.001,0.75,0.013,1,0.014,-0.75,0.019,-0.662],"_humanoidState":8,"_cameraCFrame":[752.146,241.479,40.891,-0.417,-0.832,0.365,0,0.402,0.916,-0.909,0.382,-0.168],"_shiftlockState":true,"_pose":"Running","_animationQueue":[["walk",0.1],["climb",0.1],["walk",0.1],["walk",0.1]],"_animationSpeed":0.261,"_zoom":12.541},{"_mousePosition":[683,384],"_rootPartCFrame":[748.196,229.376,44.313,-0.485,-0.01,0.874,0.013,1,0.019,-0.874,0.02,-0.485],"_humanoidState":3,"_cameraCFrame":[750.971,242.772,41.024,-0.441,-0.852,0.284,0,0.316,0.949,-0.898,0.418,-0.139],"_shiftlockState":true,"_pose":"Jumping","_animationQueue":[["walk",0.1],["walk",0.1],["jump",0.1]],"_animationSpeed":1,"_zoom":12.541},{"_mousePosition":[683,384],"_rootPartCFrame":[748.052,230.225,44.206,-0.377,-0.007,0.926,0.008,1,0.011,-0.926,0.012,-0.377],"_humanoidState":5,"_cameraCFrame":[749.613,243.893,41.091,-0.55,-0.81,0.202,0,0.242,0.97,-0.835,0.534,-0.133],"_shiftlockState":true,"_pose":"FreeFall","_animationQueue":[["jump",0.1]],"_animationSpeed":1,"_zoom":12.541},{"_mousePosition":[683,384],"_rootPartCFrame":[747.95,230.827,44.1,-0.47,-0.001,0.882,0.004,1,0.004,-0.882,0.006,-0.47],"_humanoidState":5,"_cameraCFrame":[748.684,244.592,41.052,-0.677,-0.72,0.153,0,0.208,0.978,-0.736,0.663,-0.141],"_shiftlockState":true,"_pose":"FreeFall","_animationQueue":[],"_animationSpeed":1,"_zoom":12.541},{"_mousePosition":[683,384],"_rootPartCFrame":[747.775,231.76,43.875,-0.547,0.001,0.837,0.001,1,0,-0.837,0.001,-0.547],"_humanoidState":5,"_cameraCFrame":[748.092,245.543,40.814,-0.76,-0.636,0.131,0,0.202,0.979,-0.65,0.744,-0.154],"_shiftlockState":true,"_pose":"FreeFall","_animationQueue":[],"_animationSpeed":1,"_zoom":12.541},{"_mousePosition":[683,384],"_rootPartCFrame":[747.609,232.446,43.678,-0.667,0,0.745,0,1,-0.001,-0.745,0,-0.667],"_humanoidState":5,"_cameraCFrame":[747.477,246.235,40.627,-0.844,-0.526,0.107,0,0.2,0.98,-0.537,0.827,-0.168],"_shiftlockState":true,"_pose":"FreeFall","_animationQueue":[],"_animationSpeed":1,"_zoom":12.541},{"_mousePosition":[683,384],"_rootPartCFrame":[747.414,233.078,43.498,-0.765,0,0.644,0,1,0,-0.644,0,-0.765],"_humanoidState":5,"_cameraCFrame":[746.957,246.862,40.461,-0.897,-0.432,0.089,0,0.201,0.98,-0.441,0.879,-0.181],"_shiftlockState":true,"_pose":"FreeFall","_animationQueue":[],"_animationSpeed":1,"_zoom":12.541},{"_mousePosition":[683,384],"_rootPartCFrame":[747.199,233.654,43.342,-0.831,0,0.557,0,1,0,-0.557,0,-0.831],"_humanoidState":5,"_cameraCFrame":[746.405,247.433,40.35,-0.942,-0.328,0.068,0,0.204,0.979,-0.335,0.922,-0.192],"_shiftlockState":true,"_pose":"FreeFall","_animationQueue":[],"_animationSpeed":1,"_zoom":12.541},{"_mousePosition":[683,384],"_rootPartCFrame":[746.965,234.177,43.215,-0.889,0,0.457,0,1,0,-0.457,0,-0.889],"_humanoidState":5,"_cameraCFrame":[745.96,247.953,40.279,-0.964,-0.261,0.054,0,0.204,0.979,-0.266,0.944,-0.197],"_shiftlockState":true,"_pose":"FreeFall","_animationQueue":[],"_animationSpeed":1,"_zoom":12.541},{"_mousePosition":[683,384],"_rootPartCFrame":[746.718,234.645,43.116,-0.92,0,0.392,0,1,0,-0.392,0,-0.92],"_humanoidState":5,"_cameraCFrame":[745.454,248.413,40.246,-0.984,-0.173,0.037,0,0.207,0.978,-0.176,0.963,-0.204],"_shiftlockState":true,"_pose":"FreeFall","_animationQueue":[],"_animationSpeed":1,"_zoom":12.541},{"_mousePosition":[683,384],"_rootPartCFrame":[746.462,235.058,43.041,-0.952,0,0.306,0,1,0,-0.306,0,-0.952],"_humanoidState":5,"_cameraCFrame":[744.995,248.824,40.26,-0.994,-0.103,0.022,0,0.208,0.978,-0.105,0.973,