[{"_mousePosition":[1123,371],"_rootPartCFrame":[776.023,222.962,47.142,0.003,0.005,1,0,1,-0.005,-1,0,0.003],"_humanoidState":8,"_cameraCFrame":[783.543,230.491,47.152,0.001,-0.626,0.78,0,0.78,0.626,-1,-0.001,0.001],"_shiftlockState":false,"_pose":"Standing","_animationQueue":[],"_animationSpeed":1,"_zoom":9.633},{"_mousePosition":[1110,379],"_rootPartCFrame":[775.904,222.9,47.142,0.003,0.002,1,0,1,-0.002,-1,0,0.003],"_humanoidState":8,"_cameraCFrame":[783.421,230.43,47.151,0.001,-0.626,0.78,0,0.78,0.626,-1,-0.001,0.001],"_shiftlockState":false,"_pose":"Standing","_animationQueue":[],"_animationSpeed":1,"_zoom":9.633},{"_mousePosition":[1098,385],"_rootPartCFrame":[775.776,222.839,47.142,0.003,0.001,1,0,1,-0.001,-1,0,0.003],"_humanoidState":8,"_cameraCFrame":[783.289,230.368,47.151,0.001,-0.626,0.78,0,0.78,0.626,-1,-0.001,0.001],"_shiftlockState":false,"_pose":"Running","_animationQueue":[["walk",0.1]],"_animationSpeed":0.841,"_zoom":9.633},{"_mousePosition":[1088,391],"_rootPartCFrame":[775.51,222.675,47.141,0.003,0,1,0,1,0,-1,0,0.003],"_humanoidState":8,"_cameraCFrame":[783.022,230.204,47.151,0.001,-0.626,0.78,0,0.78,0.626,-1,-0.001,0.001],"_shiftlockState":false,"_pose":"Running","_animationQueue":[["walk",0.1]],"_animationSpeed":1.065,"_zoom":9.633},{"_mousePosition":[1077,397],"_rootPartCFrame":[775.244,222.654,47.141,0.002,0,1,0,1,0,-1,0,0.002],"_humanoidState":8,"_cameraCFrame":[782.756,230.183,47.151,0.001,-0.626,0.78,0,0.78,0.626,-1,-0.001,0.001],"_shiftlockState":false,"_pose":"Running","_animationQueue":[["walk",0.1]],"_animationSpeed":1.065,"_zoom":9.633},{"_mousePosition":[1071,401],"_rootPartCFrame":[774.977,222.67,47.141,0.002,0,1,0,1,0,-1,0,0.002],"_humanoidState":8,"_cameraCFrame":[782.49,230.199,47.15,0.001,-0.626,0.78,0,0.78,0.626,-1,-0.001,0.001],"_shiftlockState":false,"_pose":"Running","_animationQueue":[],"_animationSpeed":1.065,"_zoom":9.633},{"_mousePosition":[1064,407],"_rootPartCFrame":[774.71,222.683,47.14,0.002,0,1,0,1,0,-1,0,0.002],"_humanoidState":8,"_cameraCFrame":[782.223,230.212,47.15,0.001,-0.626,0.78,0,0.78,0.626,-1,-0.001,0.001],"_shiftlockState":false,"_pose":"Running","_animationQueue":[],"_animationSpeed":1.065,"_zoom":9.633},{"_mousePosition":[1056,415],"_rootPartCFrame":[774.443,222.691,47.14,0.002,0,1,0,1,0,-1,0,0.002],"_humanoidState":8,"_cameraCFrame":[781.956,230.22,47.15,0.001,-0.626,0.78,0,0.78,0.626,-1,-0.001,0.001],"_shiftlockState":false,"_pose":"Running","_animationQueue":[],"_animationSpeed":1.065,"_zoom":9.633},{"_mousePosition":[1047,423],"_rootPartCFrame":[774.177,222.695,47.14,0.002,0,1,0,1,0,-1,0,0.002],"_humanoidState":8,"_cameraCFrame":[781.69,230.224,47.149,0.001,-0.626,0.78,0,0.78,0.626,-1,-0.001,0.001],"_shiftlockState":false,"_pose":"Running","_animationQueue":[],"_animationSpeed":1.065,"_zoom":9.633},{"_mousePosition":[1039,430],"_rootPartCFrame":[773.91,222.697,47.139,0.002,0,1,0,1,0,-1,0,0.002],"_humanoidState":8,"_cameraCFrame":[781.423,230.226,47.149,0.001,-0.626,0.78,0,0.78,0.626,-1,-0.001,0.001],"_shiftlockState":false,"_pose":"Running","_animationQueue":[],"_animationSpeed":1.065,"_zoom":9.633},{"_mousePosition":[1029,440],"_rootPartCFrame":[773.643,222.698,47.139,0.002,0,1,0,1,0,-1,0,0.002],"_humanoidState":8,"_cameraCFrame":[781.156,230.228,47.149,0.001,-0.626,0.78,0,0.78,0.626,-1,-0.001,0.001],"_shiftlockState":false,"_pose":"Running","_animationQueue":[["walk",0.1]],"_animationSpeed":1.065,"_zoom":9.633},{"_mousePosition":[1024,446],"_rootPartCFrame":[773.377,222.699,47.139,0.002,0,1,0,1,0,-1,0,0.002],"_humanoidState":8,"_cameraCFrame":[780.889,230.228,47.148,0.001,-0.626,0.78,0,0.78,0.626,-1,-0.001,0.001],"_shiftlockState":false,"_pose":"Running","_animationQueue":[],"_animationSpeed":1.065,"_zoom":9.633},{"_mousePosition":[1020,452],"_rootPartCFrame":[773.11,222.699,47.138,0.002,0,1,0,1,0,-1,0,0.002],"_humanoidState":8,"_cameraCFrame":[780.623,230.229,47.148,0.001,-0.626,0.78,0,0.78,0.626,-1,-0.001,0.001],"_shiftlockState":false,"_pose":"Running","_animationQueue":[],"_animationSpeed":1.065,"_zoom":9.633},{"_mousePosition":[1015,457],"_rootPartCFrame":[772.843,222.699,47.138,0.002,0,1,0,1,0,-1,0,0.002],"_humanoidState":8,"_cameraCFrame":[780.356,230.229,47.148,0.001,-0.626,0.78,0,0.78,0.626,-1,-0.001,0.001],"_shiftlockState":false,"_pose":"Running","_animationQueue":[],"_animationSpeed":1.065,"_zoom":9.633},{"_mousePosition":[1011,463],"_rootPartCFrame":[772.576,222.7,47.138,0.002,0,1,0,1,0,-1,0,0.002],"_humanoidState":8,"_cameraCFrame":[780.089,230.229,47.147,0.001,-0.626,0.78,0,0.78,0.626,-1,-0.001,0.001],"_shiftlockState":false,"_pose":"Running","_animationQueue":[],"_animationSpeed":1.065,"_zoom":9.633},{"_mousePosition":[1008,471],"_rootPartCFrame":[772.31,222.7,47.137,0.002,0,1,0,1,0,-1,0,0.002],"_humanoidState":8,"_cameraCFrame":[779.822,230.229,47.147,0.001,-0.626,0.78,0,0.78,0.626,-1,-0.001,0.001],"_shiftlockState":false,"_pose":"Running","_animationQueue":[],"_animationSpeed":1.065,"_zoom":9.633},{"_mousePosition":[1002,479],"_rootPartCFrame":[772.043,222.7,47.137,0.001,0,1,0,1,0,-1,0,0.001],"_humanoidState":8,"_cameraCFrame":[779.556,230.229,47.147,0.001,-0.626,0.78,0,0.78,0.626,-1,-0.001,0.001],"_shiftlockState":false,"_pose":"Running","_animationQueue":[],"_animationSpeed":1.065,"_zoom":9.633},{"_mousePosition":[999,488],"_rootPartCFrame":[771.776,222.7,47.137,0.001,0,1,0,1,0,-1,0,0.001],"_humanoidState":8,"_cameraCFrame":[779.289,230.229,47.146,0.001,-0.626,0.78,0,0.78,0.626,-1,-0.001,0.001],"_shiftlockState":false,"_pose":"Running","_animationQueue":[["walk",0.1]],"_animationSpeed":1.065,"_zoom":9.633},{"_mousePosition":[999,488],"_rootPartCFrame":[771.51,222.7,47.136,0.001,0,1,0,1,0,-1,0,0.001],"_humanoidState":8,"_cameraCFrame":[779.022,230.229,47.146,0.001,-0.626,0.78,0,0.78,0.626,-1,-0.001,0.001],"_shiftlockState":false,"_pose":"Running","_animationQueue":[],"_animationSpeed":1.065,"_zoom":9.633},{"_mousePosition":[995,499],"_rootPartCFrame":[771.243,222.7,47.136,0.001,0,1,0,1,0,-1,0,0.001],"_humanoidState":8,"_cameraCFrame":[778.756,230.229,47.145,0.001,-0.626,0.78,0,0.78,0.626,-1,-0.001,0.001],"_shiftlockState":false,"_pose":"Running","_animationQueue":[],"_animationSpeed":1.065,"_zoom":9.633},{"_mousePosition":[993,505],"_rootPartCFrame":[770.976,222.7,47.136,0.001,0,1,0,1,0,-1,0,0.001],"_humanoidState":8,"_cameraCFrame":[778.489,230.229,47.145,0.001,-0.626,0.78,0,0.78,0.626,-1,-0.001,0.001],"_shiftlockState":false,"_pose":"Running","_animationQueue":[],"_animationSpeed":1.065,"_zoom":9.633},{"_mousePosition":[991,514],"_rootPartCFrame":[770.71,223.563,47.135,0.001,0,1,0,1,0,-1,0,0.001],"_humanoidState":3,"_cameraCFrame":[778.222,231.092,47.145,0.001,-0.626,0.78,0,0.78,0.626,-1,-0.001,0.001],"_shiftlockState":false,"_pose":"Jumping","_animationQueue":[["walk",0.1],["jump",0.1]],"_animationSpeed":1,"_zoom":9.633},{"_mousePosition":[990,527],"_rootPartCFrame":[770.443,224.371,47.135,0.001,0,1,0,1,0,-1,0,0.001],"_humanoidState":5,"_cameraCFrame":[777.956,231.9,47.144,0.001,-0.626,0.78,0,0.78,0.626,-1,-0.001,0.001],"_shiftlockState":false,"_pose":"FreeFall","_animationQueue":[["jump",0.1]],"_animationSpeed":1,"_zoom":9.633},{"_mousePosition":[990,540],"_rootPartCFrame":[770.176,225.125,47.134,0.001,0,1,0,1,0,-1,0,0.001],"_humanoidState":5,"_cameraCFrame":[777.689,232.654,47.144,0.001,-0.626,0.78,0,0.78,0.626,-1,-0.001,0.001],"_shiftlockState":false,"_pose":"FreeFall","_animationQueue":[],"_animationSpeed":1,"_zoom":9.633},{"_mousePosition":[994,552],"_rootPartCFrame":[769.91,225.824,47.134,0.001,0,1,0,1,0,-1,0,0.001],"_humanoidState":5,"_cameraCFrame":[777.422,233.354,47.144,0.001,-0.626,0.78,0,0.78,0.626,-1,-0.001,0.001],"_shiftlockState":false,"_pose":"FreeFall","_animationQueue":[],"_animationSpeed":1,"_zoom":9.633},{"_mousePosition":[995,561],"_rootPartCFrame":[769.643,226.469,47.134,0.001,0,1,0,1,0,-1,0,0.001],"_humanoidState":5,"_cameraCFrame":[777.156,233.999,47.143,0.001,-0.626,0.78,0,0.78,0.626,-1,-0.001,0.001],"_shiftlockState":false,"_pose":"FreeFall","_animationQueue":[],"_animationSpeed":1,"_zoom":9.633},{"_mousePosition":[994,571],"_rootPartCFrame":[769.377,227.06,47.133,0.001,0,1,0,1,0,-1,0,0.001],"_humanoidState":5,"_cameraCFrame":[776.889,234.589,47.143,0.001,-0.626,0.78,0,0.78,0.626,-1,-0.001,0.001],"_shiftlockState":false,"_pose":"FreeFall","_animationQueue":[],"_animationSpeed":1,"_zoom":9.633},{"_mousePosition":[993,571],"_rootPartCFrame":[769.11,227.595,47.133,0.001,0,1,0,1,0,-1,0,0.001],"_humanoidState":5,"_cameraCFrame":[776.623,235.125,47.143,0.001,-0.626,0.78,0,0.78,0.626,-1,-0.001,0.001],"_shiftlockState":false,"_pose":"FreeFall","_animationQueue":[],"_animationSpeed":1,"_zoom":9.633},{"_mousePosition":[993,571],"_rootPartCFrame":[768.843,228.077,47.133,0.001,0,1,0,1,0,-1,0,0.001],"_humanoidState":5,"_cameraCFrame":[776.356,235.606,47.142,0.001,-0.626,0.78,0,0.78,0.626,-1,-0.001,0.001],"_shiftlockState":false,"_pose":"FreeFall","_animationQueue":[],"_animationSpeed":1,"_zoom":9.633},{"_mousePosition":[993,571],"_rootPartCFrame":[768.643,228.402,47.133,0.001,0,1,0,1,0,-1,0,0.001],"_humanoidState":5,"_cameraCFrame":[776.156,235.932,47.142,0.001,-0.626,0.78,0,0.78,0.626,-1,-0.001,0.001],"_shiftlockState":false,"_pose":"FreeFall","_animationQueue":[],"_animationSpeed":1,"_zoom":9.633},{"_mousePosition":[993,571],"_rootPartCFrame":[768.377,228.788,47.132,0.001,0,1,0,1,0,-1,0,0.001],"_humanoidState":5,"_cameraCFrame":[775.889,236.318,47.142,0.001,-0.626,0.78,0,0.78,0.626,-1,-0.001,0.001],"_shiftlockState":false,"_pose":"FreeFall","_animationQueue":[],"_animationSpeed":1,"_zoom":9.633},{"_mousePosition":[993,571],"_rootPartCFrame":[768.044,229.194,47.132,0.001,0,1,0,1,0,-1,0,0.001],"_humanoidState":5,"_cameraCFrame":[775.556,236.723,47.141,0.001,-0.626,0.78,0,0.78,0.626,-1,-0.001,0.001],"_shiftlockState":false,"_pose":"FreeFall","_animationQueue":[],"_animationSpeed":1,"_zoom":9.633},{"_mousePosition":[993,571],"_rootPartCFrame":[767.844,229.397,47.132,0.001,0,1,0,1,0,-1,0,0.001],"_humanoidState":5,"_cameraCFrame":[775.356,236.926,47.141,0.001,-0.626,0.78,0,0.78,0.626,-1,-0.001,0.001],"_shiftlockState":false,"_pose":"FreeFall","_animationQueue":[],"_animationSpeed":1,"_zoom":9.633},{"_mousePosition":[993,571],"_rootPartCFrame":[767.444,229.71,47.131,0.001,0,1,0,1,0,-1,0,0.001],"_humanoidState":5,"_cameraCFrame":[774.956,237.239,47.141,0.001,-0.626,0.78,0,0.78,0.626,-1,-0.001,0.001],"_shiftlockState":false,"_pose":"FreeFall","_animationQueue":[],"_animationSpeed":1,"_zoom":9.633},{"_mousePosition":[993,571],"_rootPartCFrame":[767.31,229.787,47.131,0.001,0,1,0,1,0,-1,0,0.001],"_humanoidState":5,"_cameraCFrame":[774.823,237.317,47.141,0.001,-0.626,0.78,0,0.78,0.626,-1,-0.001,0.001],"_shiftlockState":false,"_pose":"FreeFall","_animationQueue":[],"_animationSpeed":1,"_zoom":9.633},{"_mousePosition":[993,571],"_rootPartCFrame":[766.977,229.921,47.13,0.001,0,1,0,1,0,-1,0,0.001],"_humanoidState":5,"_cameraCFrame":[774.49,237.45,47.14,0.001,-0.626,0.78,0,0.78,0.626,-1,-0.001,0.001],"_shiftlockState":false,"_pose":"FreeFall","_animationQueue":[],"_animationSpeed":1,"_zoom":9.633},{"_mousePosition":[993,571],"_rootPartCFrame":[766.711,229.966,47.13,0.001,0,1,0,1,0,-1,0,0.001],"_humanoidState":5,"_cameraCFrame":[774.223,237.495,47.14,0.001,-0.626,0.78,0,0.78,0.626,-1,-0.001,0.001],"_shiftlockState":false,"_pose":"FreeFall","_animationQueue":[],"_animationSpeed":1,"_zoom":9.633},{"_mousePosition":[993,571],"_rootPartCFrame":[766.444,229.957,47.13,0.001,0,1,0,1,0,-1,0,0.001],"_humanoidState":5,"_cameraCFrame":[773.957,237.486,47.139,0.001,-0.626,0.78,0,0.78,0.626,-1,-0.001,0.001],"_shiftlockState":false,"_pose":"FreeFall","_animationQueue":[],"_animationSpeed":1,"_zoom":9.633},{"_mousePosition":[993,571],"_rootPartCFrame":[766.244,229.914,47.13,0.001,0,1,0,1,0,-1,0,0.001],"_humanoidState":5,"_cameraCFrame":[773.757,237.444,47.139,0.001,-0.626,0.78,0,0.78,0.626,-1,-0.001,0.001],"_shiftlockState":false,"_pose":"FreeFall","_animationQueue":[["fall",0.3]],"_animationSpeed":1,"_zoom":9.633},{"_mousePosition":[993,571],"_rootPartCFrame":[765.911,229.775,47.129,0.001,0,1,0,1,0,-1,0,0.001],"_humanoidState":5,"_cameraCFrame":[773.423,237.305,47.139,0.001,-0.626,0.78,0,0.78,0.626,-1,-0.001,0.001],"_shiftlockState":false,"_pose":"FreeFall","_animationQueue":[],"_animationSpeed":1,"_zoom":9.633},{"_mousePosition":[993,571],"_rootPartCFrame":[765.644,229.603,47.129,0.001,0,1,0,1,0,-1,0,0.001],"_humanoidState":5,"_cameraCFrame":[773.157,237.132,47.138,0.001,-0.626,0.78,0,0.78,0.626,-1,-0.001,0.001],"_shiftlockState":false,"_pose":"FreeFall","_animationQueue":[],"_animationSpeed":1,"_zoom":9.633},{"_mousePosition":[993,571],"_rootPartCFrame":[765.378,229.375,47.128,0.001,0,1,0,1,0,-1,0,0.001],"_humanoidState":5,"_cameraCFrame":[772.89,236.905,47.138,0.001,-0.626,0.78,0,0.78,0.626,-1,-0.001,0.001],"_shiftlockState":false,"_pose":"FreeFall","_animationQueue":[],"_animationSpeed":1,"_zoom":9.633},{"_mousePosition":[944,554],"_rootPartCFrame":[765.111,229.094,47.128,0.001,0,1,0,1,0,-1,0,0.001],"_humanoidState":5,"_cameraCFrame":[772.624,236.623,47.138,0.001,-0.626,0.78,0,0.78,0.626,-1,-0.001,0.001],"_shiftlockState":false,"_pose":"FreeFall","_animationQueue":[],"_animationSpeed":1,"_zoom":9.633},{"_mousePosition":[926,553],"_rootPartCFrame":[764.844,228.758,47.128,0.001,0,1,0,1,0,-1,0,0.001],"_humanoidState":5,"_cameraCFrame":[772.357,236.287,47.137,0.001,-0.626,0.78,0,0.78,0.626,-1,-0.001,0.001],"_shiftlockState":false,"_pose":"FreeFall","_animationQueue":[],"_animationSpeed":1,"_zoom":9.633},{"_mousePosition":[925,553],"_rootPartCFrame":[764.578,228.367,47.127,0.001,0,1,0,1,0,-1,0,0.001],"_humanoidState":5,"_cameraCFrame":[772.09,235.897,47.137,0.001,-0.626,0.78,0,0.78,0.626,-1,-0.001,0.001],"_shiftlockState":false,"_pose":"FreeFall","_animationQueue":[["fall",0.3]],"_animationSpeed":1,"_zoom":9.633},{"_mousePosition":[925,568],"_rootPartCFrame":[764.311,227.922,47.127,0.001,0,1,0,1,0,-1,0,0.001],"_humanoidState":5,"_cameraCFrame":[771.824,235.451,47.137,0.001,-0.626,0.78,0,0.78,0.626,-1,-0.001,0.001],"_shiftlockState":false,"_pose":"FreeFall","_animationQueue":[],"_animationSpeed":1,"_zoom":9.633},{"_mousePosition":[925,585],"_rootPartCFrame":[764.044,227.422,47.127,0.001,0,1,0,1,0,-1,0,0.001],"_humanoidState":5,"_cameraCFrame":[771.557,234.952,47.136,0.001,-0.626,0.78,0,0.78,0.626,-1,-0.001,0.001],"_shiftlockState":false,"_pose":"FreeFall","_animationQueue":[],"_animationSpeed":1,"_zoom":9.633},{"_mousePosition":[925,586],"_rootPartCFrame":[763.778,226.868,47.126,0.001,0,1,0,1,0,-1,0,0.001],"_humanoidState":5,"_cameraCFrame":[771.291,234.398,47.136,0.001,-0.626,0.78,0,0.78,0.626,-1,-0.001,0.001],"_shiftlockState":false,"_pose":"FreeFall","_animationQueue":[],"_animationSpeed":1,"_zoom":9.633},{"_mousePosition":[926,622],"_rootPartCFrame":[763.578,226.417,47.126,0.001,0,1,0,1,0,-1,0,0.001],"_humanoidState":5,"_cameraCFrame":[771.091,233.946,47.136,0.001,-0.626,0.78,0,0.78,0.626,-1,-0.001,0.001],"_shiftlockState":false,"_pose":"FreeFall","_animationQueue":[],"_animationSpeed":1,"_zoom":9.633},{"_mousePosition":[926,622],"_rootPartCFrame":[763.245,225.597,47.126,0.001,0,1,0,1,0,-1,0,0.001],"_humanoidState":5,"_cameraCFrame":[770.757,233.126,47.135,0.001,-0.626,0.78,0,0.78,0.626,-1,-0.001,0.001],"_shiftlockState":false,"_pose":"FreeFall","_animationQueue":[],"_animationSpeed":1,"_zoom":9.633},{"_mousePosition":[927,655],"_rootPartCFrame":[762.978,224.879,47.125,0.001,0,1,0,1,0,-1,0,0.001],"_humanoidState":5,"_cameraCFrame":[770.491,232.408,47.135,0.001,-0.626,0.78,0,0.78,0.626,-1,-0.001,0.001],"_shiftlockState":false,"_pose":"FreeFall","_animationQueue":[["fall",0.3]],"_animationSpeed":1,"_zoom":9.633},{"_mousePosition":[927,655],"_rootPartCFrame":[762.711,224.107,47.125,0.001,0,1,0,1,0,-1,0,0.001],"_humanoidState":5,"_cameraCFrame":[770.224,231.636,47.135,0.001,-0.626,0.78,0,0.78,0.626,-1,-0.001,0.001],"_shiftlockState":false,"_pose":"FreeFall","_animationQueue":[],"_animationSpeed":1,"_zoom":9.633},{"_mousePosition":[924,676],"_rootPartCFrame":[762.445,223.28,47.125,0.001,0,1,0,1,0,-1,0,0.001],"_humanoidState":5,"_cameraCFrame":[769.958,230.81,47.134,0.001,-0.626,0.78,0,0.78,0.626,-1,-0.001,0.001],"_shiftlockState":false,"_pose":"FreeFall","_animationQueue":[],"_animationSpeed":1,"_zoom":9.633},{"_mousePosition":[924,677],"_rootPartCFrame":[762.178,222.508,47.124,0.001,0,1,0,1,0,-1,0,0.001],"_humanoidState":7,"_cameraCFrame":[769.691,230.038,47.134,0.001,-0.626,0.78,0,0.78,0.626,-1,-0.001,0.001],"_shiftlockState":false,"_pose":"FreeFall","_animationQueue":[["walk",0.1],["fall",0.3],["fall",0.3]],"_animationSpeed":1,"_zoom":9.633},{"_mousePosition":[924,677],"_rootPartCFrame":[761.912,222.46,47.124,0.001,0,1,0,1,0,-1,0,0.001],"_humanoidState":7,"_cameraCFrame":[769.321,230.116,47.079,-0.006,-0.639,0.769,0,0.769,0.639,-1,0.004,-0.005],"_shiftlockState":false,"_pose":"FreeFall","_animationQueue":[],"_animationSpeed":1,"_zoom":9.633},{"_mousePosition":[924,677],"_rootPartCFrame":[761.645,222.549,47.124,0.001,0,1,0,1,0,-1,0,0.001],"_humanoidState":8,"_cameraCFrame":[768.918,230.364,47.011,-0.015,-0.656,0.755,0,0.755,0.656,-1,0.01,-0.012],"_shiftlockState":false,"_pose":"Running","_animationQueue":[["walk",0.1],["fall",0.3],["walk",0.1]],"_animationSpeed":1.103,"_zoom":9.633},{"_mousePosition":[924,677],"_rootPartCFrame":[761.245,222.637,47.126,0,0,1,0,1,0,-1,0,0],"_humanoidState":8,"_cameraCFrame":[768.388,230.598,46.963,-0.023,-0.671,0.742,0,0.742,0.671,-1,0.015,-0.017],"_shiftlockState":false,"_pose":"Running","_animationQueue":[],"_animationSpeed":1.103,"_zoom":9.633},{"_mousePosition":[924,677],"_rootPartCFrame":[761.032,222.666,46.994,0.092,0,0.996,0,1,0,-0.996,0,0.092],"_humanoidState":8,"_cameraCFrame":[768.007,230.753,45.041,-0.029,-0.683,0.729,0,0.73,0.684,-1,0.02,-0.021],"_shiftlockState":true,"_pose":"Running","_animationQueue":[["walk",0.1]],"_animationSpeed":1.103,"_zoom":9.633},{"_mousePosition":[683,384],"_rootPartCFrame":[760.887,222.679,46.858,-0.005,0,1,0,1,0,-1,0,-0.005],"_humanoidState":8,"_cameraCFrame":[767.862,230.766,44.905,-0.029,-0.683,0.729,0,0.73,0.684,-1,0.02,-0.021],"_shiftlockState":true,"_pose":"Running","_animationQueue":[],"_animationSpeed":1.103,"_zoom":9.633},{"_mousePosition":[683,384],"_rootPartCFrame":[760.693,223.542,46.675,-0.016,0,1,0,1,0,-1,0,-0.016],"_humanoidState":3,"_cameraCFrame":[767.546,231.747,44.689,-0.034,-0.696,0.718,0,0.718,0.696,-0.999,0.024,-0.025],"_shiftlockState":true,"_pose":"Jumping","_animationQueue":[["walk",0.1],["jump",0.1]],"_animationSpeed":1,"_zoom":9.633},{"_mousePosition":[683,384],"_rootPartCFrame":[760.5,224.35,46.492,0.043,0,0.999,0,1,0,-0.999,0,0.043],"_humanoidState":5,"_cameraCFrame":[767.19,232.704,44.462,-0.042,-0.711,0.702,0,0.703,0.711,-0.999,0.03,-0.029],"_shiftlockState":true,"_pose":"FreeFall","_animationQueue":[["jump",0.1]],"_animationSpeed":1,"_zoom":9.633},{"_mousePosition":[683,384],"_rootPartCFrame":[760.305,225.104,46.31,0.061,0,0.998,0,1,0,-0.998,0,0.061],"_humanoidState":5,"_cameraCFrame":[766.791,233.636,44.226,-0.051,-0.729,0.683,0,0.684,0.73,-0.999,0.037,-0.035],"_shiftlockState":true,"_pose":"FreeFall","_animationQueue":[],"_animationSpeed":1,"_zoom":9.633},{"_mousePosition":[683,384],"_rootPartCFrame":[760.109,225.804,46.129,0.054,0,0.999,0,1,0,-0.999,0,0.054],"_humanoidState":5,"_cameraCFrame":[766.38,234.513,43.996,-0.06,-0.747,0.662,0,0.663,0.748,-0.998,0.045,-0.04],"_shiftlockState":true,"_pose":"FreeFall","_animationQueue":[],"_animationSpeed":1,"_zoom":9.633},{"_mousePosition":[683,384],"_rootPartCFrame":[759.911,226.448,45.95,0.045,0,0.999,0,1,0,-0.999,0,0.045],"_humanoidState":5,"_cameraCFrame":[765.991,235.31,43.783,-0.068,-0.762,0.643,0,0.645,0.764,-0.998,0.052,-0.044],"_shiftlockState":true,"_pose":"FreeFall","_animationQueue":[],"_animationSpeed":1,"_zoom":9.633},{"_mousePosition":[683,384],"_rootPartCFrame":[759.712,227.039,45.773,0.038,0,0.999,0,1,0,-0.999,0,0.038],"_humanoidState":5,"_cameraCFrame":[765.629,236.024,43.579,-0.074,-0.775,0.628,0,0.629,0.777,-0.997,0.058,-0.047],"_shiftlockState":true,"_pose":"FreeFall","_animationQueue":[],"_animationSpeed":1,"_zoom":9.633},{"_mousePosition":[683,384],"_rootPartCFrame":[759.511,227.575,45.597,0.031,0,1,0,1,0,-1,0,0.031],"_humanoidState":5,"_cameraCFrame":[765.33,236.633,43.392,-0.077,-0.782,0.618,0,0.62,0.785,-0.997,0.061,-0.048],"_shiftlockState":true,"_pose":"FreeFall","_animationQueue":[],"_animationSpeed":1,"_zoom":9.633},{"_mousePosition":[683,384],"_rootPartCFrame":[759.36,227.941,45.467,0.002,0,1,0,1,0,-1,0,0.002],"_humanoidState":5,"_cameraCFrame":[765.135,237.028,43.246,-0.08,-0.785,0.614,0,0.616,0.788,-0.997,0.063,-0.049],"_shiftlockState":true,"_pose":"FreeFall","_animationQueue":[],"_animationSpeed":1,"_zoom":9.633},{"_mousePosition":[683,384],"_rootPartCFrame":[759.106,228.483,45.25,0.051,0,0.999,0,1,0,-0.999,0,0.051],"_humanoidState":5,"_cameraCFrame":[764.847,237.594,43.019,-0.082,-0.787,0.611,0,0.613,0.79,-0.997,0.065,-0.051],"_shiftlockState":true,"_pose":"FreeFall","_animationQueue":[],"_animationSpeed":1,"_zoom":9.633},{"_mousePosition":[683,384],"_rootPartCFrame":[758.903,228.855,45.077,0.022,0,1,0,1,0,-1,0,0.022],"_humanoidState":5,"_cameraCFrame":[764.598,237.995,42.825,-0.087,-0.79,0.607,0,0.609,0.793,-0.996,0.069,-0.053],"_shiftlockState":true,"_pose":"FreeFall","_animationQueue":[],"_animationSpeed":1,"_zoom":9.633},{"_mousePosition":[683,384],"_rootPartCFrame":[758.693,229.173,44.928,-0.054,0,0.999,0,1,0,-0.999,0,-0.054],"_humanoidState":5,"_cameraCFrame":[764.357,238.327,42.648,-0.092,-0.791,0.605,0,0.607,0.795,-0.996,0.073,-0.056],"_shiftlockState":true,"_pose":"FreeFall","_animationQueue":[],"_animationSpeed":1,"_zoom":9.633},{"_mousePosition":[683,384],"_rootPartCFrame":[758.47,229.437,44.816,-0.087,0,0.996,0,1,0,-0.996,0,-0.087],"_humanoidState":5,"_cameraCFrame":[764.122,238.59,42.507,-0.097,-0.791,0.604,0,0.607,0.795,-0.995,0.077,-0.059],"_shiftlockState":true,"_pose":"FreeFall","_animationQueue":[],"_animationSpeed":1,"_zoom":9.633},{"_mousePosition":[683,384],"_rootPartCFrame":[758.235,229.646,44.743,-0.096,0,0.995,0,1,0,-0.995,0,-0.096],"_humanoidState":5,"_cameraCFrame":[763.883,238.799,42.422,-0.099,-0.791,0.604,0,0.607,0.795,-0.995,0.079,-0.06],"_shiftlockState":true,"_pose":"FreeFall","_animationQueue":[],"_animationSpeed":1,"_zoom":9.633},{"_mousePosition":[683,384],"_rootPartCFrame":[758.051,229.766,44.713,-0.099,0,0.995,0,1,0,-0.995,0,-0.099],"_humanoidState":5,"_cameraCFrame":[763.727,238.896,42.383,-0.1,-0.788,0.607,0,0.61,0.792,-0.995,0.079,-0.061],"_shiftlockState":true,"_pose":"FreeFall","_animationQueue":[],"_animationSpeed":1,"_zoom":9.633},{"_mousePosition":[683,384],"_rootPartCFrame":[757.731,229.9,44.71,-0.1,0,0.995,0,1,0,-0.995,0,-0.1],"_humanoidState":5,"_cameraCFrame":[763.498,238.958,42.371,-0.1,-0.781,0.617,0,0.62,0.785,-0.995,0.079,-0.062],"_shiftlockState":true,"_pose":"FreeFall","_animationQueue":[],"_animationSpeed":1,"_zoom":9.633},{"_mousePosition":[683,384],"_rootPartCFrame":[757.466,229.945,44.735,-0.1,0,0.995,0,1,0,-0.995,0,-0.1],"_humanoidState":5,"_cameraCFrame":[763.345,238.921,42.41,-0.096,-0.772,0.628,0,0.631,0.776,-0.995,0.074,-0.061],"_shiftlockState":true,"_pose":"FreeFall","_animationQueue":[],"_animationSpeed":1,"_zoom":9.633},{"_mousePosition":[683,384],"_rootPartCFrame":[757.2,229.936,44.762,-0.096,0,0.995,0,1,0,-0.995,0,-0.096],"_humanoidState":5,"_cameraCFrame":[763.1,238.897,42.441,-0.095,-0.771,0.63,0,0.633,0.775,-0.995,0.074,-0.06],"_shiftlockState":true,"_pose":"FreeFall","_animationQueue":[],"_animationSpeed":1,"_zoom":9.633},{"_mousePosition":[683,384],"_rootPartCFrame":[757.001,229.894,44.781,-0.095,0,0.995,0,1,0,-0.995,0,-0.095],"_humanoidState":5,"_cameraCFrame":[762.901,238.854,42.461,-0.095,-0.771,0.63,0,0.633,0.775,-0.995,0.074,-0.06],"_shiftlockState":true,"_pose":"FreeFall","_animationQueue":[],"_animationSpeed":1,"_zoom":9.633},{"_mousePosition":[683,384],"_rootPartCFrame":[756.669,229.754,44.813,-0.095,0,0.995,0,1,0,-0.995,0,-0.095],"_humanoidState":5,"_cameraCFrame":[762.569,238.715,42.492,-0.095,-0.771,0.63,0,0.633,0.775,-0.995,0.074,-0.06],"_shiftlockState":true,"_pose":"FreeFall","_animationQueue":[["fall",0.3]],"_animationSpeed":1,"_zoom":9.633},{"_mousePosition":[683,384],"_rootPartCFrame":[756.47,229.63,44.832,-0.095,0,0.995,0,1,0,-0.995,0,-0.095],"_humanoidState":5,"_cameraCFrame":[762.37,238.591,42.511,-0.095,-0.771,0.63,0,0.633,0.775,-0.995,0.074,-0.06],"_shiftlockState":true,"_pose":"FreeFall","_animationQueue":[],"_animationSpeed":1,"_zoom":9.633},{"_mousePosition":[683,384],"_rootPartCFrame":[756.205,229.417,44.857,-0.095,0,0.995,0,1,0,-0.995,0,-0.095],"_humanoidState":5,"_cameraCFrame":[762.105,238.378,42.537,-0.095,-0.771,0.63,0,0.633,0.775,-0.995,0.074,-0.06],"_shiftlockState":true,"_pose":"FreeFall","_animationQueue":[],"_animationSpeed":1,"_zoom":9.633},{"_mousePosition":[683,384],"_rootPartCFrame":[755.94,229.149,44.882,-0.095,0,0.995,0,1,0,-0.995,0,-0.095],"_humanoidState":5,"_cameraCFrame":[761.839,238.11,42.562,-0.095,-0.771,0.63,0,0.633,0.775,-0.995,0.074,-0.06],"_shiftlockState":true,"_pose":"FreeFall","_animationQueue":[],"_animationSpeed":1,"_zoom":9.633},{"_mousePosition":[683,384],"_rootPartCFrame":[755.674,228.826,44.908,-0.095,0,0.995,0,1,0,-0.995,0,-0.095],"_humanoidState":5,"_cameraCFrame":[761.574,237.787,42.587,-0.095,-0.771,0.63,0,0.633,0.775,-0.995,0.074,-0.06],"_shiftlockState":true,"_pose":"FreeFall","_animationQueue":[],"_animationSpeed":1,"_zoom":9.633},{"_mousePosition":[683,384],"_rootPartCFrame":[755.575,228.4,44.965,0.011,0,1,0.01,1,0,-1,0.01,0.011],"_humanoidState":5,"_cameraCFrame":[761.538,237.346,42.776,-0.075,-0.771,0.633,0,0.634,0.773,-0.997,0.058,-0.048],"_shiftlockState":true,"_pose":"FreeFall","_animationQueue":[],"_animationSpeed":1,"_zoom":9.633},{"_mousePosition":[683,384],"_rootPartCFrame":[755.61,228.008,45.047,-0.064,0,0.998,0.005,1,0,-0.998,0.005,-0.064],"_humanoidState":5,"_cameraCFrame":[762.099,236.784,44.151,0.132,-0.749,0.65,0,0.655,0.755,-0.991,-0.1,0.086],"_shiftlockState":true,"_pose":"FreeFall","_animationQueue":[["fall",0.3]],"_animationSpeed":1,"_zoom":9.633},{"_mousePosition":[683,384],"_rootPartCFrame":[755.694,227.562,45.053,0.13,0.001,0.992,0.001,1,-0.001,-0.992,0.001,0.13],"_humanoidState":5,"_cameraCFrame":[762.095,236.297,46.654,0.491,-0.654,0.575,0,0.66,0.751,-0.871,-0.369,0.324],"_shiftlockState":true,"_pose":"FreeFall","_animationQueue":[],"_animationSpeed":1,"_zoom":9.633},{"_mousePosition":[683,384],"_rootPartCFrame":[755.924,227.497,45.054,0.496,0.003,0.869,-0.002,1,-0.002,-0.869,0,0.496],"_humanoidState":7,"_cameraCFrame":[761.286,236.502,48.344,0.74,-0.524,0.422,0,0.627,0.779,-0.673,-0.576,0.464],"_shiftlockState":true,"_pose":"FreeFall","_animationQueue":[["walk",0.1],["fall",0.3],["fall",0.3]],"_animationSpeed":1,"_zoom":9.633},{"_mousePosition":[683,384],"_rootPartCFrame":[756.06,227.506,45.055,0.751,0.002,0.66,-0.001,1,-0.002,-0.66,0.001,0.751],"_humanoidState":7,"_cameraCFrame":[760.78,237.34,47.088,0.685,-0.631,0.365,0,0.501,0.865,-0.729,-0.592,0.343],"_shiftlockState":true,"_pose":"FreeFall","_animationQueue":[],"_animationSpeed":1,"_zoom":9.633},{"_mousePosition":[683,384],"_rootPartCFrame":[756.062,227.459,45.055,0.688,0.002,0.725,-0.001,1,-0.002,-0.725,0.001,0.688],"_humanoidState":8,"_cameraCFrame":[759.677,238.055,44.772,0.413,-0.86,0.3,0,0.329,0.944,-0.911,-0.39,0.136],"_shiftlockState":true,"_pose":"Running","_animationQueue":[["fall",0.3],["walk",0.1]],"_animationSpeed":0.024,"_zoom":9.633},{"_mousePosition":[683,384],"_rootPartCFrame":[756.063,228.332,45.055,0.414,0.002,0.91,-0.001,1,-0.001,-0.91,0,0.414],"_humanoidState":3,"_cameraCFrame":[758.985,239.107,43.909,0.216,-0.94,0.264,0,0.27,0.963,-0.976,-0.208,0.058],"_shiftlockState":true,"_pose":"Jumping","_animationQueue":[["walk",0.1],["jump",0.1]],"_animationSpeed":1,"_zoom":9.633},{"_mousePosition":[683,384],"_rootPartCFrame":[756.063,229.154,45.055,0.217,0.001,0.976,-0.001,1,-0.001,-0.976,0,0.217],"_humanoidState":5,"_cameraCFrame":[759.367,239.752,43.58,0.085,-0.941,0.327,0,0.329,0.944,-0.996,-0.08,0.028],"_shiftlockState":true,"_pose":"FreeFall","_animationQueue":[["jump",0.1]],"_animationSpeed":1,"_zoom":9.633},{"_mousePosition":[683,384],"_rootPartCFrame":[756.063,229.735,45.056,0.085,0,0.996,0,1,0,-0.996,0,0.085],"_humanoidState":5,"_cameraCFrame":[759.707,240.134,43.214,-0.025,-0.923,0.383,0,0.383,0.924,-1,0.023,-0.01],"_shiftlockState":true,"_pose":"FreeFall","_animationQueue":[],"_animationSpeed":1,"_zoom":9.633},{"_mousePosition":[683,384],"_rootPartCFrame":[756.062,230.635,45.056,-0.025,0,1,0,1,0,-1,0,-0.025],"_humanoidState":5,"_cameraCFrame":[759.906,240.92,43.078,-0.058,-0.91,0.41,0,0.41,0.912,-0.998,0.053,-0.024],"_shiftlockState":true,"_pose":"FreeFall","_animationQueue":[],"_animationSpeed":1,"_zoom":9.633},{"_mousePosition":[683,384],"_rootPartCFrame":[756.062,231.293,45.056,-0.058,0,0.998,0,1,0,-0.998,0,-0.058],"_humanoidState":5,"_cameraCFrame":[760.181,241.463,43.124,-0.044,-0.899,0.435,0,0.436,0.9,-0.999,0.039,-0.019],"_shiftlockState":true,"_pose":"FreeFall","_animationQueue":[],"_animationSpeed":1,"_zoom":9.633},{"_mousePosition":[683,384],"_rootPartCFrame":[756.062,231.898,45.056,-0.044,0,0.999,0,1,0,-0.999,0,-0.044],"_humanoidState":5,"_cameraCFrame":[760.181,242.067,43.124,-0.044,-0.899,0.435,0,0.436,0.9,-0.999,0.039,-0.019],"_shiftlockState":true,"_pose":"FreeFall","_animationQueue":[],"_animationSpeed":1,"_zoom":9.633},{"_mousePosition":[683,384],"_rootPartCFrame":[756.062,232.315,45.056,-0.044,0,0.999,0,1,0,-0.999,0,-0.044],"_humanoidState":5,"_cameraCFrame":[760.181,242.485,43.124,-0.044,-0.899,0.435,0,0.436,0.9,-0.999,0.039,-0.019],"_shiftlockState":true,"_pose":"FreeFall","_animationQueue":[],"_animationSpeed":1,"_zoom":9.633},{"_mousePosition":[683,384],"_rootPartCFrame":[756.062,232.942,45.056,-0.044,0,0.999,0,1,0,-0.999,0,-0.044],"_humanoidState":5,"_cameraCFrame":[760.181,243.112,43.124,-0.044,-0.899,0.435,0,0.436,0.9,-0.999,0.039,-0.019],"_shiftlockState":true,"_pose":"FreeFall","_animationQueue":[],"_animationSpeed":1,"_zoom":9.633},{"_mousePosition":[683,384],"_rootPartCFrame":[756.062,233.278,45.056,-0.044,0,0.999,0,1,0,-0.999,0,-0.044],"_humanoidState":5,"_cameraCFrame":[760.181,243.447,43.124,-0.044,-0.899,0.435,0,0.436,0.9,-0.999,0.039,-0.019],"_shiftlockState":true,"_pose":"FreeFall","_animationQueue":[],"_animationSpeed":1,"_zoom":9.633},{"_mousePosition":[683,384],"_rootPartCFrame":[756.062,233.677,45.056,-0.044,0,0.999,0,1,0,-0.999,0,-0.044],"_humanoidState":5,"_cameraCFrame":[760.181,243.847,43.124,-0.044,-0.899,0.435,0,0.436,0.9,-0.999,0.039,-0.019],"_shiftlockState":true,"_pose":"FreeFall","_animationQueue":[],"_animationSpeed":1,"_zoom":9.633},{"_mousePosition":[683,384],"_rootPartCFrame":[756.025,234.1,45.057,-0.044,0,0.999,0,1,0,-0.999,0,-0.044],"_humanoidState":5,"_cameraCFrame":[760.143,244.27,43.125,-0.044,-0.899,0.435,0,0.436,0.9,-0.999,0.039,-0.019],"_shiftlockState":true,"_pose":"FreeFall","_animationQueue":[],"_animationSpeed":1,"_zoom":9.633},{"_mousePosition":[683,384],"_rootPartCFrame":[755.951,234.377,45.06,-0.044,0,0.999,0,1,0,-0.999,0,-0.044],"_humanoidState":5,"_cameraCFrame":[760.069,244.547,43.129,-0.044,-0.899,0.435,0,0.436,0.9,-0.999,0.039,-0.019],"_shiftlockState":true,"_pose":"FreeFall","_animationQueue":[],"_animationSpeed":1,"_zoom":9.633},{"_mousePosition":[683,384],"_rootPartCFrame":[755.837,234.6,45.065,-0.044,0,0.999,0,1,0,-0.999,0,-0.044],"_humanoidState":5,"_cameraCFrame":[760.075,244.694,43.056,-0.06,-0.891,0.451,0,0.452,0.892,-0.998,0.054,-0.027],"_shiftlockState":true,"_pose":"FreeFall","_animationQueue":[],"_animationSpeed":1,"_zoom":9.633},{"_mousePosition":[683,384],"_rootPartCFrame":[755.683,234.768,45.072,-0.059,0,0.998,0,1,0,-0.998,0,-0.059],"_humanoidState":5,"_cameraCFrame":[759.944,244.837,43.006,-0.073,-0.887,0.456,0,0.457,0.89,-0.997,0.065,-0.033],"_shiftlockState":true,"_pose":"FreeFall","_animationQueue":[],"_animationSpeed":1,"_zoom":9.633},{"_mousePosition":[683,384],"_rootPartCFrame":[755.49,234.881,45.082,-0.071,0,0.997,0,1,0,-0.997,0,-0.071],"_humanoidState":5,"_cameraCFrame":[759.729,244.947,42.957,-0.087,-0.886,0.456,0,0.458,0.889,-0.996,0.077,-0.04],"_shiftlockState":true,"_pose":"FreeFall","_animationQueue":[],"_animationSpeed":1,"_zoom":9.633},{"_mousePosition":[683,384],"_rootPartCFrame":[755.257,234.94,45.096,-0.085,0,0.996,0,1,0,-0.996,0,-0.085],"_humanoidState":5,"_cameraCFrame":[759.441,245.013,42.893,-0.105,-0.885,0.454,0,0.456,0.89,-0.994,0.094,-0.048],"_shiftlockState":true,"_pose":"FreeFall","_animationQueue":[],"_animationSpeed":1,"_zoom":9.633},{"_mousePosition":[683,384],"_rootPartCFrame":[754.995,234.945,45.118,-0.103,0,0.995,0,1,0,-0.995,0,-0.103],"_humanoidState":5,"_cameraCFrame":[759.016,245.046,42.729,-0.152,-0.882,0.445,0,0.45,0.893,-0.988,0.136,-0.068],"_shiftlockState":true,"_pose":"FreeFall","_animationQueue":[],"_animationSpeed":1,"_zoom":9.633},{"_mousePosition":[683,384],"_rootPartCFrame":[754.729,235.324,45.146,-0.151,0,0.988,0,1,0,-0.988,0,-0.151],"_humanoidState":7,"_cameraCFrame":[758.429,245.48,42.454,-0.234,-0.874,0.427,0,0.439,0.899,-0.972,0.21,-0.103],"_shiftlockState":true,"_pose":"FreeFall","_animationQueue":[["walk",0.1]],"_animationSpeed":1.101,"_zoom":9.633},{"_mousePosition":[683,384],"_rootPartCFrame":[754.466,235.693,45.184,-0.234,0,0.972,0,1,0,-0.972,0,-0.234],"_humanoidState":7,"_cameraCFrame":[757.631,245.939,42.128,-0.351,-0.85,0.392,0,0.419,0.908,-0.936,0.319,-0.147],"_shiftlockState":true,"_pose":"FreeFall","_animationQueue":[],"_animationSpeed":1.101,"_zoom":9.633},{"_mousePosition":[683,384],"_rootPartCFrame":[754.206,235.917,45.244,-0.357,0,0.934,0,1,0,-0.934,0,-0.357],"_humanoidState":8,"_cameraCFrame":[756.659,246.289,41.908,-0.48,-0.808,0.342,0,0.39,0.921,-0.877,0.442,-0.187],"_shiftlockState":true,"_pose":"Running","_animationQueue":[["walk",0.1],["walk",0.1]],"_animationSpeed":1.103,"_zoom":9.633},{"_mousePosition":[683,384],"_rootPartCFrame":[753.958,236.047,45.19,-0.487,0,0.873,0,1,0,-0.873,0,-0.487],"_humanoidState":8,"_cameraCFrame":[755.607,246.572,41.769,-0.599,-0.75,0.28,0,0.35,0.937,-0.8,0.562,-0.21],"_shiftlockState":true,"_pose":"Running","_animationQueue":[["walk",0.1]],"_animationSpeed":1.103,"_zoom":9.633},{"_mousePosition":[683,384],"_rootPartCFrame":[753.703,236.117,45.111,-0.606,0,0.795,0,1,0,-0.795,0,-0.606],"_humanoidState":8,"_cameraCFrame":[754.778,246.745,41.738,-0.678,-0.696,0.235,0,0.32,0.948,-0.735,0.643,-0.217],"_shiftlockState":true,"_pose":"Running","_animationQueue":[],"_animationSpeed":1.103,"_zoom":9.633},{"_mousePosition":[683,384],"_rootPartCFrame":[753.554,236.147,44.993,-0.68,0,0.733,0,1,0,-0.733,0,-0.68],"_humanoidState":8,"_cameraCFrame":[754.048,246.854,41.699,-0.764,-0.617,0.19,0,0.294,0.956,-0.646,0.73,-0.225],"_shiftlockState":true,"_pose":"Running","_animationQueue":[],"_animationSpeed":1.103,"_zoom":9.633},{"_mousePosition":[683,384],"_rootPartCFrame":[753.329,236.175,44.749,-0.769,0,0.639,0,1,0,-0.639,0,-0.769],"_humanoidState":8,"_cameraCFrame":[753.439,246.909,41.496,-0.825,-0.542,0.161,0,0.285,0.959,-0.566,0.79,-0.235],"_shiftlockState":true,"_pose":"Running","_animationQueue":[],"_animationSpeed":1.103,"_zoom":9.633},{"_mousePosition":[683,384],"_rootPartCFrame":[753.129,236.186,44.573,-0.826,0,0.564,0,1,0,-0.564,0,-0.826],"_humanoidState":8,"_cameraCFrame":[752.976,246.922,41.328,-0.867,-0.478,0.142,0,0.284,0.959,-0.498,0.831,-0.246],"_shiftlockState":true,"_pose":"Running","_animationQueue":[],"_animationSpeed":1.103,"_zoom":9.633},{"_mousePosition":[683,384],"_rootPartCFrame":[752.911,236.193,44.419,-0.867,0,0.498,0,1,0,-0.498,0,-0.867],"_humanoidState":8,"_cameraCFrame":[752.585,246.924,41.174,-0.893,-0.431,0.128,0,0.286,0.958,-0.45,0.856,-0.255],"_shiftlockState":true,"_pose":"Running","_animationQueue":[],"_animationSpeed":1.103,"_zoom":9.633},{"_mousePosition":[683,384],"_rootPartCFrame":[752.682,236.196,44.284,-0.893,0,0.45,0,1,0,-0.45,0,-0.893],"_humanoidState":8,"_cameraCFrame":[752.145,246.923,41.054,-0.921,-0.372,0.112,0,0.287,0.958,-0.389,0.883,-0.265],"_shiftlockState":true,"_pose":"Running","_animationQueue":[],"_animationSpeed":1.103,"_zoom":9.633},{"_mousePosition":[683,384],"_rootPartCFrame":[752.385,236.198,44.132,-0.921,0,0.389,0,1,0,-0.389,0,-0.921],"_humanoidState":8,"_cameraCFrame":[751.763,246.923,40.911,-0.932,-0.348,0.105,0,0.288,0.958,-0.363,0.892,-0.268],"_shiftlockState":true,"_pose":"Running","_animationQueue":[["walk",0.1]],"_animationSpeed":1.103,"_zoom":9.633},{"_mousePosition":[683,384],"_rootPartCFrame":[752.202,236.199,44.052,-0.932,0,0.363,0,1,0,-0.363,0,-0.932],"_humanoidState":8,"_cameraCFrame":[751.478,246.919,40.839,-0.943,-0.318,0.096,0,0.29,0.957,-0.332,0.903,-0.273],"_shiftlockState":true,"_pose":"Running","_animationQueue":[],"_animationSpeed":1.103,"_zoom":9.633},{"_mousePosition":[683,384],"_rootPartCFrame":[751.954,236.199,43.954,-0.943,0,0.332,0,1,0,-0.332,0,-0.943],"_humanoidState":8,"_cameraCFrame":[751.149,246.92,40.761,-0.951,-0.295,0.089,0,0.29,0.957,-0.308,0.911,-0.275],"_shiftlockState":true,"_pose":"Running","_animationQueue":[],"_animationSpeed":1.103,"_zoom":9.633},{"_mousePosition":[683,384],"_rootPartCFrame":[751.703,236.199,43.864,-0.951,0,0.308,0,1,0,-0.308,0,-0.951],"_humanoidState":8,"_cameraCFrame":[750.851,246.92,40.683,-0.956,-0.282,0.085,0,0.29,0.957,-0.294,0.915,-0.277],"_shiftlockState":true,"_pose":"Running","_animationQueue":[],"_animationSpeed":1.103,"_zoom":9.633},{"_mousePosition":[683,384],"_rootPartCFrame":[751.45,236.2,43.781,-0.956,0,0.294,0,1,0,-0.294,0,-0.956],"_humanoidState":8,"_cameraCFrame":[750.568,246.92,40.608,-0.958,-0.273,0.083,0,0.29,0.957,-0.285,0.917,-0.278],"_shiftlockState":true,"_pose":"Running","_animationQueue":[],"_animationSpeed":1.103,"_zoom":9.633},{"_mousePosition":[683,384],"_rootPartCFrame":[751.195,236.2,43.702,-0.958,0,0.285,0,1,0,-0.285,0,-0.958],"_humanoidState":8,"_cameraCFrame":[750.295,246.922,40.541,-0.96,-0.268,0.081,0,0.289,0.957,-0.28,0.919,-0.277],"_shiftlockState":true,"_pose":"Running","_animationQueue":[],"_animationSpeed":1.103,"_zoom":9.633},{"_mousePosition":[683,384],"_rootPartCFrame":[750.876,236.2,43.606,-0.96,0,0.28,0,1,0,-0.28,0,-0.96],"_humanoidState":8,"_cameraCFrame":[749.947,246.925,40.46,-0.962,-0.261,0.078,0,0.288,0.958,-0.272,0.921,-0.277],"_shiftlockState":true,"_pose":"Running","_animationQueue":[],"_animationSpeed":1.103,"_zoom":9.633},{"_mousePosition":[683,384],"_rootPartCFrame":[750.748,236.2,43.569,-0.962,0,0.272,0,1,0,-0.272,0,-0.962],"_humanoidState":8,"_cameraCFrame":[749.756,246.929,40.455,-0.967,-0.243,0.073,0,0.286,0.958,-0.254,0.927,-0.277],"_shiftlockState":true,"_pose":"Running","_animationQueue":[["walk",0.1]],"_animationSpeed":1.103,"_zoom":9.633},{"_mousePosition":[683,384],"_rootPartCFrame":[750.427,236.2,43.478,-0.967,0,0.254,0,1,0,-0.254,0,-0.967],"_humanoidState":8,"_cameraCFrame":[749.369,246.931,40.393,-0.972,-0.224,0.067,0,0.286,0.958,-0.234,0.932,-0.278],"_shiftlockState":true,"_pose":"Running","_animationQueue":[],"_animationSpeed":1.103,"_zoom":9.633},{"_mousePosition":[683,384],"_rootPartCFrame":[750.169,236.2,43.41,-0.972,0,0.234,0,1,0,-0.234,0,-0.972],"_humanoidState":8,"_cameraCFrame":[749.018,246.936,40.372,-0.979,-0.197,0.058,0,0.284,0.959,-0.205,0.938,-0.278],"_shiftlockState":true,"_pose":"Running","_animationQueue":[],"_animationSpeed":1.103,"_zoom":9.633},{"_mousePosition":[683,384],"_rootPartCFrame":[749.91,236.2,43.347,-0.979,0,0.205,0,1,0,-0.205,0,-0.979],"_humanoidState":8,"_cameraCFrame":[748.65,246.938,40.359,-0.985,-0.163,0.048,0,0.283,0.959,-0.17,0.945,-0.279],"_shiftlockState":true,"_pose":"Running","_animationQueue":[],"_animationSpeed":1.103,"_zoom":9.633},{"_mousePosition":[683,384],"_rootPartCFrame":[749.649,236.2,43.291,-0.985,0,0.17,0,1,0,-0.17,0,-0.985],"_humanoidState":8,"_cameraCFrame":[748.265,246.938,40.359,-0.992,-0.123,0.036,0,0.283,0.9