[{"_mousePosition":[1205,363],"_rootPartCFrame":[776.019,222.964,47.142,0.009,0.009,1,0,1,-0.009,-1,0,0.009],"_humanoidState":8,"_cameraCFrame":[784.345,232.984,48.3,0.138,-0.706,0.695,0,0.702,0.712,-0.99,-0.098,0.097],"_shiftlockState":false,"_pose":"Running","_animationQueue":[["walk",0.1]],"_animationSpeed":1.003,"_zoom":11.96},{"_mousePosition":[1205,363],"_rootPartCFrame":[775.49,222.712,47.069,0.043,-0.001,0.999,0,1,0.001,-0.999,0,0.043],"_humanoidState":8,"_cameraCFrame":[783.802,232.733,48.226,0.138,-0.706,0.695,0,0.702,0.712,-0.99,-0.098,0.097],"_shiftlockState":false,"_pose":"Running","_animationQueue":[["walk",0.1]],"_animationSpeed":1.101,"_zoom":11.96},{"_mousePosition":[1155,358],"_rootPartCFrame":[775.359,222.615,47.05,0.05,-0.001,0.999,0,1,0.001,-0.999,0,0.05],"_humanoidState":8,"_cameraCFrame":[783.67,232.636,48.208,0.138,-0.706,0.695,0,0.702,0.712,-0.99,-0.098,0.097],"_shiftlockState":false,"_pose":"Running","_animationQueue":[],"_animationSpeed":1.101,"_zoom":11.96},{"_mousePosition":[1086,346],"_rootPartCFrame":[775.227,222.604,47.032,0.056,0,0.998,0,1,0,-0.998,0,0.056],"_humanoidState":8,"_cameraCFrame":[783.538,232.625,48.19,0.138,-0.706,0.695,0,0.702,0.712,-0.99,-0.098,0.097],"_shiftlockState":false,"_pose":"Running","_animationQueue":[["walk",0.1]],"_animationSpeed":1.101,"_zoom":11.96},{"_mousePosition":[1056,342],"_rootPartCFrame":[774.962,222.633,46.995,0.067,0,0.998,0,1,0,-0.998,0,0.067],"_humanoidState":8,"_cameraCFrame":[783.275,232.654,48.153,0.138,-0.706,0.695,0,0.702,0.712,-0.99,-0.098,0.097],"_shiftlockState":false,"_pose":"Running","_animationQueue":[],"_animationSpeed":1.101,"_zoom":11.96},{"_mousePosition":[921,328],"_rootPartCFrame":[774.698,222.662,46.958,0.077,0,0.997,0,1,0,-0.997,0,0.077],"_humanoidState":8,"_cameraCFrame":[783.011,232.682,48.116,0.138,-0.706,0.695,0,0.702,0.712,-0.99,-0.098,0.097],"_shiftlockState":false,"_pose":"Running","_animationQueue":[],"_animationSpeed":1.101,"_zoom":11.96},{"_mousePosition":[867,324],"_rootPartCFrame":[774.434,222.679,46.922,0.085,0,0.996,0,1,0,-0.996,0,0.085],"_humanoidState":8,"_cameraCFrame":[782.746,232.7,48.079,0.138,-0.706,0.695,0,0.702,0.712,-0.99,-0.098,0.097],"_shiftlockState":false,"_pose":"Running","_animationQueue":[],"_animationSpeed":1.101,"_zoom":11.96},{"_mousePosition":[768,319],"_rootPartCFrame":[774.17,222.689,46.885,0.092,0,0.996,0,1,0,-0.996,0,0.092],"_humanoidState":8,"_cameraCFrame":[782.482,232.709,48.042,0.138,-0.706,0.695,0,0.702,0.712,-0.99,-0.098,0.097],"_shiftlockState":false,"_pose":"Running","_animationQueue":[],"_animationSpeed":1.101,"_zoom":11.96},{"_mousePosition":[729,319],"_rootPartCFrame":[773.906,222.694,46.848,0.098,0,0.995,0,1,0,-0.995,0,0.098],"_humanoidState":8,"_cameraCFrame":[782.218,232.714,48.006,0.138,-0.706,0.695,0,0.702,0.712,-0.99,-0.098,0.097],"_shiftlockState":false,"_pose":"Running","_animationQueue":[],"_animationSpeed":1.101,"_zoom":11.96},{"_mousePosition":[714,319],"_rootPartCFrame":[773.642,222.696,46.811,0.104,0,0.995,0,1,0,-0.995,0,0.104],"_humanoidState":8,"_cameraCFrame":[781.954,232.717,47.969,0.138,-0.706,0.695,0,0.702,0.712,-0.99,-0.098,0.097],"_shiftlockState":false,"_pose":"Running","_animationQueue":[],"_animationSpeed":1.101,"_zoom":11.96},{"_mousePosition":[699,319],"_rootPartCFrame":[773.378,222.698,46.775,0.108,0,0.994,0,1,0,-0.994,0,0.108],"_humanoidState":8,"_cameraCFrame":[781.69,232.718,47.932,0.138,-0.706,0.695,0,0.702,0.712,-0.99,-0.098,0.097],"_shiftlockState":false,"_pose":"Running","_animationQueue":[["walk",0.1]],"_animationSpeed":1.101,"_zoom":11.96},{"_mousePosition":[698,319],"_rootPartCFrame":[773.113,222.699,46.738,0.112,0,0.994,0,1,0,-0.994,0,0.112],"_humanoidState":8,"_cameraCFrame":[781.426,232.719,47.895,0.138,-0.706,0.695,0,0.702,0.712,-0.99,-0.098,0.097],"_shiftlockState":false,"_pose":"Running","_animationQueue":[],"_animationSpeed":1.101,"_zoom":11.96},{"_mousePosition":[698,319],"_rootPartCFrame":[772.849,222.699,46.701,0.116,0,0.993,0,1,0,-0.993,0,0.116],"_humanoidState":8,"_cameraCFrame":[781.161,232.72,47.858,0.138,-0.706,0.695,0,0.702,0.712,-0.99,-0.098,0.097],"_shiftlockState":false,"_pose":"Running","_animationQueue":[],"_animationSpeed":1.101,"_zoom":11.96},{"_mousePosition":[697,319],"_rootPartCFrame":[772.585,222.699,46.664,0.119,0,0.993,0,1,0,-0.993,0,0.119],"_humanoidState":8,"_cameraCFrame":[780.897,232.72,47.822,0.138,-0.706,0.695,0,0.702,0.712,-0.99,-0.098,0.097],"_shiftlockState":false,"_pose":"Running","_animationQueue":[],"_animationSpeed":1.101,"_zoom":11.96},{"_mousePosition":[697,319],"_rootPartCFrame":[772.321,222.7,46.627,0.121,0,0.993,0,1,0,-0.993,0,0.121],"_humanoidState":8,"_cameraCFrame":[780.674,232.679,47.791,0.138,-0.702,0.698,0,0.705,0.709,-0.99,-0.098,0.097],"_shiftlockState":false,"_pose":"Running","_animationQueue":[],"_animationSpeed":1.101,"_zoom":11.96},{"_mousePosition":[697,319],"_rootPartCFrame":[772.057,222.7,46.591,0.124,0,0.992,0,1,0,-0.992,0,0.124],"_humanoidState":8,"_cameraCFrame":[780.424,232.666,47.747,0.137,-0.701,0.7,0,0.706,0.708,-0.991,-0.097,0.097],"_shiftlockState":false,"_pose":"Running","_animationQueue":[],"_animationSpeed":1.101,"_zoom":11.96},{"_mousePosition":[697,319],"_rootPartCFrame":[771.793,222.7,46.554,0.126,0,0.992,0,1,0,-0.992,0,0.126],"_humanoidState":8,"_cameraCFrame":[780.176,232.652,47.694,0.135,-0.7,0.701,0,0.707,0.707,-0.991,-0.095,0.095],"_shiftlockState":false,"_pose":"Running","_animationQueue":[],"_animationSpeed":1.101,"_zoom":11.96},{"_mousePosition":[697,319],"_rootPartCFrame":[771.528,222.7,46.517,0.127,0,0.992,0,1,0,-0.992,0,0.127],"_humanoidState":8,"_cameraCFrame":[779.925,232.639,47.66,0.135,-0.699,0.702,0,0.709,0.706,-0.991,-0.095,0.096],"_shiftlockState":false,"_pose":"Running","_animationQueue":[["walk",0.1]],"_animationSpeed":1.101,"_zoom":11.96},{"_mousePosition":[697,319],"_rootPartCFrame":[771.264,222.7,46.481,0.128,0,0.992,0,1,0,-0.992,0,0.128],"_humanoidState":8,"_cameraCFrame":[779.662,232.639,47.615,0.134,-0.699,0.702,0,0.709,0.706,-0.991,-0.094,0.095],"_shiftlockState":false,"_pose":"Running","_animationQueue":[],"_animationSpeed":1.101,"_zoom":11.96},{"_mousePosition":[697,319],"_rootPartCFrame":[771,222.7,46.445,0.129,0,0.992,0,1,0,-0.992,0,0.129],"_humanoidState":8,"_cameraCFrame":[779.405,232.632,47.58,0.134,-0.699,0.703,0,0.709,0.705,-0.991,-0.094,0.095],"_shiftlockState":false,"_pose":"Running","_animationQueue":[],"_animationSpeed":1.101,"_zoom":11.96},{"_mousePosition":[697,319],"_rootPartCFrame":[770.736,222.7,46.41,0.13,0,0.992,0,1,0,-0.992,0,0.13],"_humanoidState":8,"_cameraCFrame":[779.143,232.632,47.527,0.132,-0.699,0.703,0,0.709,0.705,-0.991,-0.093,0.093],"_shiftlockState":false,"_pose":"Running","_animationQueue":[],"_animationSpeed":1.101,"_zoom":11.96},{"_mousePosition":[697,319],"_rootPartCFrame":[770.405,223.783,46.365,0.131,0,0.991,0,1,0,-0.991,0,0.131],"_humanoidState":3,"_cameraCFrame":[778.826,233.709,47.43,0.125,-0.699,0.704,0,0.71,0.704,-0.992,-0.088,0.089],"_shiftlockState":false,"_pose":"Jumping","_animationQueue":[["walk",0.1],["jump",0.1]],"_animationSpeed":1,"_zoom":11.96},{"_mousePosition":[697,319],"_rootPartCFrame":[770.207,224.395,46.339,0.131,0,0.991,0,1,0,-0.991,0,0.131],"_humanoidState":5,"_cameraCFrame":[778.647,234.306,47.361,0.12,-0.698,0.706,0,0.711,0.703,-0.993,-0.085,0.085],"_shiftlockState":false,"_pose":"FreeFall","_animationQueue":[["jump",0.1]],"_animationSpeed":1,"_zoom":11.96},{"_mousePosition":[697,319],"_rootPartCFrame":[769.942,225.162,46.305,0.13,0,0.991,0,1,0,-0.991,0,0.13],"_humanoidState":5,"_cameraCFrame":[778.394,235.067,47.284,0.115,-0.698,0.707,0,0.711,0.703,-0.993,-0.081,0.082],"_shiftlockState":false,"_pose":"FreeFall","_animationQueue":[],"_animationSpeed":1,"_zoom":11.96},{"_mousePosition":[697,319],"_rootPartCFrame":[769.612,226.045,46.265,0.129,0,0.992,0,1,0,-0.992,0,0.129],"_humanoidState":5,"_cameraCFrame":[778.074,235.943,47.209,0.111,-0.698,0.708,0,0.712,0.702,-0.994,-0.078,0.079],"_shiftlockState":false,"_pose":"FreeFall","_animationQueue":[],"_animationSpeed":1,"_zoom":11.96},{"_mousePosition":[697,319],"_rootPartCFrame":[769.347,226.69,46.234,0.127,0,0.992,0,1,0,-0.992,0,0.127],"_humanoidState":5,"_cameraCFrame":[777.819,236.581,47.152,0.108,-0.698,0.708,0,0.713,0.702,-0.994,-0.076,0.077],"_shiftlockState":false,"_pose":"FreeFall","_animationQueue":[],"_animationSpeed":1,"_zoom":11.96},{"_mousePosition":[697,319],"_rootPartCFrame":[769.082,227.28,46.204,0.125,0,0.992,0,1,0,-0.992,0,0.125],"_humanoidState":5,"_cameraCFrame":[777.562,237.164,47.114,0.107,-0.697,0.709,0,0.713,0.701,-0.994,-0.075,0.076],"_shiftlockState":false,"_pose":"FreeFall","_animationQueue":[],"_animationSpeed":1,"_zoom":11.96},{"_mousePosition":[697,319],"_rootPartCFrame":[768.883,227.687,46.182,0.124,0,0.992,0,1,0,-0.992,0,0.124],"_humanoidState":5,"_cameraCFrame":[777.363,237.571,47.093,0.107,-0.697,0.709,0,0.713,0.701,-0.994,-0.075,0.076],"_shiftlockState":false,"_pose":"FreeFall","_animationQueue":[],"_animationSpeed":1,"_zoom":11.96},{"_mousePosition":[697,319],"_rootPartCFrame":[768.618,228.182,46.154,0.121,0,0.993,0,1,0,-0.993,0,0.121],"_humanoidState":5,"_cameraCFrame":[777.098,238.067,47.064,0.107,-0.697,0.709,0,0.713,0.701,-0.994,-0.075,0.076],"_shiftlockState":false,"_pose":"FreeFall","_animationQueue":[],"_animationSpeed":1,"_zoom":11.96},{"_mousePosition":[697,319],"_rootPartCFrame":[768.286,228.725,46.118,0.119,0,0.993,0,1,0,-0.993,0,0.119],"_humanoidState":5,"_cameraCFrame":[776.766,238.609,47.029,0.107,-0.697,0.709,0,0.713,0.701,-0.994,-0.075,0.076],"_shiftlockState":false,"_pose":"FreeFall","_animationQueue":[],"_animationSpeed":1,"_zoom":11.96},{"_mousePosition":[697,319],"_rootPartCFrame":[768.087,229.009,46.097,0.117,0,0.993,0,1,0,-0.993,0,0.117],"_humanoidState":5,"_cameraCFrame":[776.567,238.893,47.007,0.107,-0.697,0.709,0,0.713,0.701,-0.994,-0.075,0.076],"_shiftlockState":false,"_pose":"FreeFall","_animationQueue":[],"_animationSpeed":1,"_zoom":11.96},{"_mousePosition":[697,319],"_rootPartCFrame":[767.822,229.34,46.068,0.116,0,0.993,0,1,0,-0.993,0,0.116],"_humanoidState":5,"_cameraCFrame":[776.302,239.225,46.979,0.107,-0.697,0.709,0,0.713,0.701,-0.994,-0.075,0.076],"_shiftlockState":false,"_pose":"FreeFall","_animationQueue":[],"_animationSpeed":1,"_zoom":11.96},{"_mousePosition":[697,319],"_rootPartCFrame":[767.557,229.617,46.04,0.115,0,0.993,0,1,0,-0.993,0,0.115],"_humanoidState":5,"_cameraCFrame":[776.037,239.502,46.95,0.107,-0.697,0.709,0,0.713,0.701,-0.994,-0.075,0.076],"_shiftlockState":false,"_pose":"FreeFall","_animationQueue":[],"_animationSpeed":1,"_zoom":11.96},{"_mousePosition":[697,319],"_rootPartCFrame":[767.292,229.84,46.012,0.114,0,0.994,0,1,0,-0.994,0,0.114],"_humanoidState":5,"_cameraCFrame":[775.739,239.758,46.909,0.106,-0.7,0.706,0,0.71,0.704,-0.994,-0.074,0.075],"_shiftlockState":false,"_pose":"FreeFall","_animationQueue":[],"_animationSpeed":1,"_zoom":11.96},{"_mousePosition":[697,319],"_rootPartCFrame":[767.027,230.008,45.983,0.113,0,0.994,0,1,0,-0.994,0,0.113],"_humanoidState":5,"_cameraCFrame":[775.611,239.974,45.127,0.105,-0.704,0.702,0,0.706,0.708,-0.995,-0.074,0.074],"_shiftlockState":true,"_pose":"FreeFall","_animationQueue":[],"_animationSpeed":1,"_zoom":11.96},{"_mousePosition":[683,384],"_rootPartCFrame":[766.695,230.141,45.948,0.104,0,0.995,0,1,0,-0.995,0,0.104],"_humanoidState":5,"_cameraCFrame":[775.279,240.108,45.092,0.105,-0.704,0.702,0,0.706,0.708,-0.995,-0.074,0.074],"_shiftlockState":true,"_pose":"FreeFall","_animationQueue":[],"_animationSpeed":1,"_zoom":11.96},{"_mousePosition":[683,384],"_rootPartCFrame":[766.43,230.187,45.92,0.105,0,0.995,0,1,0,-0.995,0,0.105],"_humanoidState":5,"_cameraCFrame":[774.966,240.201,45.05,0.104,-0.708,0.699,0,0.702,0.712,-0.995,-0.074,0.073],"_shiftlockState":true,"_pose":"FreeFall","_animationQueue":[],"_animationSpeed":1,"_zoom":11.96},{"_mousePosition":[683,384],"_rootPartCFrame":[766.232,230.185,45.899,0.104,0,0.995,0,1,0,-0.995,0,0.104],"_humanoidState":5,"_cameraCFrame":[774.726,240.239,45.024,0.104,-0.711,0.695,0,0.699,0.715,-0.995,-0.074,0.072],"_shiftlockState":true,"_pose":"FreeFall","_animationQueue":[["fall",0.3]],"_animationSpeed":1,"_zoom":11.96},{"_mousePosition":[683,384],"_rootPartCFrame":[765.966,230.135,45.871,0.104,0,0.995,0,1,0,-0.995,0,0.104],"_humanoidState":5,"_cameraCFrame":[774.42,240.23,45.001,0.105,-0.715,0.692,0,0.695,0.719,-0.995,-0.075,0.073],"_shiftlockState":true,"_pose":"FreeFall","_animationQueue":[],"_animationSpeed":1,"_zoom":11.96},{"_mousePosition":[683,384],"_rootPartCFrame":[765.635,229.996,45.837,0.105,0,0.995,0,1,0,-0.995,0,0.105],"_humanoidState":5,"_cameraCFrame":[774.035,240.144,44.979,0.107,-0.719,0.687,0,0.691,0.723,-0.994,-0.077,0.074],"_shiftlockState":true,"_pose":"FreeFall","_animationQueue":[],"_animationSpeed":1,"_zoom":11.96},{"_mousePosition":[683,384],"_rootPartCFrame":[765.37,229.823,45.809,0.107,0,0.994,0,1,0,-0.994,0,0.107],"_humanoidState":5,"_cameraCFrame":[773.702,240.038,44.961,0.109,-0.724,0.681,0,0.685,0.729,-0.994,-0.079,0.075],"_shiftlockState":true,"_pose":"FreeFall","_animationQueue":[],"_animationSpeed":1,"_zoom":11.96},{"_mousePosition":[683,384],"_rootPartCFrame":[765.105,229.596,45.78,0.109,0,0.994,0,1,0,-0.994,0,0.109],"_humanoidState":5,"_cameraCFrame":[773.356,239.89,44.949,0.112,-0.731,0.674,0,0.678,0.735,-0.994,-0.082,0.076],"_shiftlockState":true,"_pose":"FreeFall","_animationQueue":[],"_animationSpeed":1,"_zoom":11.96},{"_mousePosition":[683,384],"_rootPartCFrame":[764.84,229.315,45.752,0.112,0,0.994,0,1,0,-0.994,0,0.112],"_humanoidState":5,"_cameraCFrame":[772.972,239.718,44.923,0.114,-0.74,0.663,0,0.668,0.744,-0.993,-0.085,0.076],"_shiftlockState":true,"_pose":"FreeFall","_animationQueue":[],"_animationSpeed":1,"_zoom":11.96},{"_mousePosition":[683,384],"_rootPartCFrame":[764.575,228.979,45.722,0.114,0,0.994,0,1,0,-0.994,0,0.114],"_humanoidState":5,"_cameraCFrame":[772.586,239.491,44.888,0.115,-0.749,0.653,0,0.657,0.754,-0.993,-0.087,0.076],"_shiftlockState":true,"_pose":"FreeFall","_animationQueue":[["fall",0.3]],"_animationSpeed":1,"_zoom":11.96},{"_mousePosition":[683,384],"_rootPartCFrame":[764.31,228.588,45.691,0.115,0,0.993,0,1,0,-0.993,0,0.115],"_humanoidState":5,"_cameraCFrame":[772.19,239.213,44.843,0.115,-0.758,0.642,0,0.646,0.763,-0.993,-0.088,0.074],"_shiftlockState":true,"_pose":"FreeFall","_animationQueue":[],"_animationSpeed":1,"_zoom":11.96},{"_mousePosition":[683,384],"_rootPartCFrame":[764.045,228.143,45.661,0.115,0,0.993,0,1,0,-0.993,0,0.115],"_humanoidState":5,"_cameraCFrame":[771.808,238.867,44.798,0.115,-0.766,0.632,0,0.636,0.771,-0.993,-0.089,0.073],"_shiftlockState":true,"_pose":"FreeFall","_animationQueue":[],"_animationSpeed":1,"_zoom":11.96},{"_mousePosition":[683,384],"_rootPartCFrame":[763.846,227.773,45.638,0.115,0,0.993,0,1,0,-0.993,0,0.115],"_humanoidState":5,"_cameraCFrame":[771.694,238.805,44.769,0.113,-0.773,0.624,0,0.628,0.778,-0.994,-0.088,0.071],"_shiftlockState":true,"_pose":"FreeFall","_animationQueue":[],"_animationSpeed":1,"_zoom":15.45},{"_mousePosition":[683,384],"_rootPartCFrame":[763.515,227.089,45.599,0.113,0,0.994,0,1,0,-0.994,0,0.113],"_humanoidState":5,"_cameraCFrame":[771.659,238.622,44.764,0.113,-0.777,0.619,0,0.623,0.782,-0.994,-0.088,0.07],"_shiftlockState":true,"_pose":"FreeFall","_animationQueue":[],"_animationSpeed":1,"_zoom":15.45},{"_mousePosition":[683,384],"_rootPartCFrame":[763.25,226.481,45.569,0.113,0,0.994,0,1,0,-0.994,0,0.113],"_humanoidState":5,"_cameraCFrame":[771.951,238.805,44.797,0.113,-0.779,0.616,0,0.62,0.784,-0.994,-0.089,0.07],"_shiftlockState":true,"_pose":"FreeFall","_animationQueue":[],"_animationSpeed":1,"_zoom":19.812},{"_mousePosition":[683,384],"_rootPartCFrame":[762.985,225.817,45.539,0.113,0,0.994,0,1,0,-0.994,0,0.113],"_humanoidState":5,"_cameraCFrame":[772.353,239.011,44.843,0.113,-0.78,0.616,0,0.62,0.785,-0.994,-0.089,0.07],"_shiftlockState":true,"_pose":"FreeFall","_animationQueue":[],"_animationSpeed":1,"_zoom":19.812},{"_mousePosition":[683,384],"_rootPartCFrame":[762.72,225.1,45.509,0.113,0,0.994,0,1,0,-0.994,0,0.113],"_humanoidState":5,"_cameraCFrame":[772.839,239.293,44.898,0.113,-0.781,0.614,0,0.618,0.786,-0.994,-0.089,0.07],"_shiftlockState":true,"_pose":"FreeFall","_animationQueue":[["fall",0.3]],"_animationSpeed":1,"_zoom":19.812},{"_mousePosition":[683,384],"_rootPartCFrame":[762.455,224.328,45.479,0.113,0,0.994,0,1,0,-0.994,0,0.113],"_humanoidState":5,"_cameraCFrame":[773.159,239.291,44.935,0.113,-0.781,0.614,0,0.618,0.786,-0.994,-0.089,0.07],"_shiftlockState":true,"_pose":"FreeFall","_animationQueue":[],"_animationSpeed":1,"_zoom":19.812},{"_mousePosition":[683,384],"_rootPartCFrame":[762.257,223.713,45.456,0.113,0,0.994,0,1,0,-0.994,0,0.113],"_humanoidState":5,"_cameraCFrame":[773.351,239.294,44.957,0.113,-0.784,0.611,0,0.614,0.789,-0.994,-0.089,0.069],"_shiftlockState":true,"_pose":"FreeFall","_animationQueue":[],"_animationSpeed":1,"_zoom":19.812},{"_mousePosition":[683,384],"_rootPartCFrame":[761.992,222.845,45.426,0.113,0,0.994,0,1,0,-0.994,0,0.113],"_humanoidState":7,"_cameraCFrame":[773.337,238.968,44.943,0.112,-0.788,0.605,0,0.609,0.793,-0.994,-0.089,0.068],"_shiftlockState":true,"_pose":"FreeFall","_animationQueue":[["walk",0.1],["fall",0.3],["fall",0.3]],"_animationSpeed":1,"_zoom":19.812},{"_mousePosition":[683,384],"_rootPartCFrame":[761.727,222.433,45.396,0.112,0,0.994,0,1,0,-0.994,0,0.112],"_humanoidState":7,"_cameraCFrame":[773.194,238.967,44.903,0.11,-0.793,0.599,0,0.602,0.798,-0.994,-0.088,0.066],"_shiftlockState":true,"_pose":"FreeFall","_animationQueue":[],"_animationSpeed":1,"_zoom":19.812},{"_mousePosition":[683,384],"_rootPartCFrame":[761.396,222.531,45.359,0.11,0,0.994,0,1,0,-0.994,0,0.11],"_humanoidState":8,"_cameraCFrame":[772.898,239.422,44.833,0.107,-0.799,0.591,0,0.595,0.804,-0.994,-0.086,0.063],"_shiftlockState":true,"_pose":"Running","_animationQueue":[["walk",0.1],["fall",0.3],["walk",0.1]],"_animationSpeed":1.103,"_zoom":19.812},{"_mousePosition":[683,384],"_rootPartCFrame":[761.131,223.405,45.329,0.107,0,0.994,0,1,0,-0.994,0,0.107],"_humanoidState":3,"_cameraCFrame":[772.583,240.597,44.75,0.103,-0.806,0.582,0,0.585,0.811,-0.995,-0.083,0.06],"_shiftlockState":true,"_pose":"Jumping","_animationQueue":[["walk",0.1],["jump",0.1]],"_animationSpeed":1,"_zoom":19.812},{"_mousePosition":[683,384],"_rootPartCFrame":[760.866,224.227,45.3,0.103,0,0.995,0,1,0,-0.995,0,0.103],"_humanoidState":5,"_cameraCFrame":[772.186,241.697,44.649,0.097,-0.815,0.572,0,0.574,0.819,-0.995,-0.08,0.056],"_shiftlockState":true,"_pose":"FreeFall","_animationQueue":[["jump",0.1]],"_animationSpeed":1,"_zoom":19.812},{"_mousePosition":[683,384],"_rootPartCFrame":[760.534,225.177,45.266,0.098,0,0.995,0,1,0,-0.995,0,0.098],"_humanoidState":5,"_cameraCFrame":[771.764,242.825,44.559,0.093,-0.82,0.565,0,0.567,0.824,-0.996,-0.077,0.053],"_shiftlockState":true,"_pose":"FreeFall","_animationQueue":[],"_animationSpeed":1,"_zoom":19.812},{"_mousePosition":[683,384],"_rootPartCFrame":[760.335,225.707,45.246,0.094,0,0.996,0,1,0,-0.996,0,0.094],"_humanoidState":5,"_cameraCFrame":[771.443,243.52,44.459,0.087,-0.826,0.557,0,0.559,0.829,-0.996,-0.072,0.049],"_shiftlockState":true,"_pose":"FreeFall","_animationQueue":[],"_animationSpeed":1,"_zoom":19.812},{"_mousePosition":[683,384],"_rootPartCFrame":[760.07,226.366,45.221,0.088,0,0.996,0,1,0,-0.996,0,0.088],"_humanoidState":5,"_cameraCFrame":[771.053,244.314,44.354,0.081,-0.831,0.55,0,0.552,0.834,-0.997,-0.067,0.045],"_shiftlockState":true,"_pose":"FreeFall","_animationQueue":[],"_animationSpeed":1,"_zoom":19.812},{"_mousePosition":[683,384],"_rootPartCFrame":[759.738,227.112,45.192,0.082,0,0.997,0,1,0,-0.997,0,0.082],"_humanoidState":5,"_cameraCFrame":[770.561,245.199,44.267,0.077,-0.837,0.541,0,0.543,0.84,-0.997,-0.064,0.042],"_shiftlockState":true,"_pose":"FreeFall","_animationQueue":[],"_animationSpeed":1,"_zoom":19.812},{"_mousePosition":[683,384],"_rootPartCFrame":[759.538,227.519,45.175,0.077,0,0.997,0,1,0,-0.997,0,0.077],"_humanoidState":5,"_cameraCFrame":[770.222,245.718,44.196,0.072,-0.842,0.534,0,0.535,0.845,-0.997,-0.061,0.039],"_shiftlockState":true,"_pose":"FreeFall","_animationQueue":[],"_animationSpeed":1,"_zoom":19.812},{"_mousePosition":[683,384],"_rootPartCFrame":[759.273,228.014,45.155,0.073,0,0.997,0,1,0,-0.997,0,0.073],"_humanoidState":5,"_cameraCFrame":[769.812,246.318,44.132,0.069,-0.847,0.527,0,0.528,0.849,-0.998,-0.059,0.037],"_shiftlockState":true,"_pose":"FreeFall","_animationQueue":[],"_animationSpeed":1,"_zoom":19.812},{"_mousePosition":[683,384],"_rootPartCFrame":[758.94,228.556,45.131,0.07,0,0.998,0,1,0,-0.998,0,0.07],"_humanoidState":5,"_cameraCFrame":[769.332,246.96,44.065,0.066,-0.852,0.519,0,0.52,0.854,-0.998,-0.056,0.034],"_shiftlockState":true,"_pose":"FreeFall","_animationQueue":[],"_animationSpeed":1,"_zoom":19.812},{"_mousePosition":[683,384],"_rootPartCFrame":[758.674,228.929,45.112,0.066,0,0.998,0,1,0,-0.998,0,0.066],"_humanoidState":5,"_cameraCFrame":[768.904,247.437,44.025,0.065,-0.857,0.511,0,0.512,0.859,-0.998,-0.056,0.033],"_shiftlockState":true,"_pose":"FreeFall","_animationQueue":[],"_animationSpeed":1,"_zoom":19.812},{"_mousePosition":[683,384],"_rootPartCFrame":[758.474,229.172,45.099,0.065,0,0.998,0,1,0,-0.998,0,0.065],"_humanoidState":5,"_cameraCFrame":[768.5,247.805,43.988,0.064,-0.863,0.501,0,0.502,0.865,-0.998,-0.055,0.032],"_shiftlockState":true,"_pose":"FreeFall","_animationQueue":[],"_animationSpeed":1,"_zoom":19.812},{"_mousePosition":[683,384],"_rootPartCFrame":[758.142,229.51,45.077,0.064,0,0.998,0,1,0,-0.998,0,0.064],"_humanoidState":5,"_cameraCFrame":[767.962,248.264,43.963,0.065,-0.869,0.49,0,0.491,0.871,-0.998,-0.057,0.032],"_shiftlockState":true,"_pose":"FreeFall","_animationQueue":[],"_animationSpeed":1,"_zoom":19.812},{"_mousePosition":[683,384],"_rootPartCFrame":[757.942,229.672,45.064,0.065,0,0.998,0,1,0,-0.998,0,0.065],"_humanoidState":5,"_cameraCFrame":[767.476,248.589,43.981,0.07,-0.877,0.475,0,0.476,0.879,-0.998,-0.062,0.033],"_shiftlockState":true,"_pose":"FreeFall","_animationQueue":[],"_animationSpeed":1,"_zoom":19.812},{"_mousePosition":[683,384],"_rootPartCFrame":[757.61,229.873,45.042,0.07,0,0.998,0,1,0,-0.998,0,0.07],"_humanoidState":5,"_cameraCFrame":[766.901,248.927,44.029,0.08,-0.883,0.462,0,0.463,0.886,-0.997,-0.071,0.037],"_shiftlockState":true,"_pose":"FreeFall","_animationQueue":[],"_animationSpeed":1,"_zoom":19.812},{"_mousePosition":[683,384],"_rootPartCFrame":[757.41,229.953,45.029,0.079,0,0.997,0,1,0,-0.997,0,0.079],"_humanoidState":5,"_cameraCFrame":[766.461,249.139,44.128,0.094,-0.889,0.449,0,0.451,0.893,-0.996,-0.084,0.042],"_shiftlockState":true,"_pose":"FreeFall","_animationQueue":[],"_animationSpeed":1,"_zoom":19.812},{"_mousePosition":[683,384],"_rootPartCFrame":[757.078,230.019,45.002,0.092,0,0.996,0,1,0,-0.996,0,0.092],"_humanoidState":5,"_cameraCFrame":[765.97,249.29,44.206,0.108,-0.892,0.439,0,0.442,0.897,-0.994,-0.097,0.048],"_shiftlockState":true,"_pose":"FreeFall","_animationQueue":[],"_animationSpeed":1,"_zoom":19.812},{"_mousePosition":[683,384],"_rootPartCFrame":[756.879,230.017,44.984,0.106,0,0.994,0,1,0,-0.994,0,0.106],"_humanoidState":5,"_cameraCFrame":[765.624,249.366,44.29,0.121,-0.894,0.431,0,0.434,0.901,-0.993,-0.109,0.053],"_shiftlockState":true,"_pose":"FreeFall","_animationQueue":[],"_animationSpeed":1,"_zoom":19.812},{"_mousePosition":[683,384],"_rootPartCFrame":[756.547,229.946,44.949,0.119,0,0.993,0,1,0,-0.993,0,0.119],"_humanoidState":5,"_cameraCFrame":[765.157,249.364,44.336,0.133,-0.896,0.423,0,0.427,0.904,-0.991,-0.12,0.057],"_shiftlockState":true,"_pose":"FreeFall","_animationQueue":[],"_animationSpeed":1,"_zoom":19.812},{"_mousePosition":[683,384],"_rootPartCFrame":[756.349,229.862,44.925,0.132,0,0.991,0,1,0,-0.991,0,0.132],"_humanoidState":5,"_cameraCFrame":[764.821,249.348,44.382,0.143,-0.898,0.415,0,0.419,0.908,-0.99,-0.13,0.06],"_shiftlockState":true,"_pose":"FreeFall","_animationQueue":[],"_animationSpeed":1,"_zoom":19.812},{"_mousePosition":[683,384],"_rootPartCFrame":[756.084,229.703,44.89,0.142,0,0.99,0,1,0,-0.99,0,0.142],"_humanoidState":5,"_cameraCFrame":[764.388,249.269,44.383,0.15,-0.901,0.406,0,0.411,0.912,-0.989,-0.137,0.062],"_shiftlockState":true,"_pose":"FreeFall","_animationQueue":[],"_animationSpeed":1,"_zoom":19.812},{"_mousePosition":[683,384],"_rootPartCFrame":[755.754,229.428,44.843,0.149,0,0.989,0,1,0,-0.989,0,0.149],"_humanoidState":5,"_cameraCFrame":[763.873,249.078,44.341,0.154,-0.905,0.396,0,0.401,0.916,-0.988,-0.142,0.062],"_shiftlockState":true,"_pose":"FreeFall","_animationQueue":[["fall",0.3]],"_animationSpeed":1,"_zoom":19.812},{"_mousePosition":[683,384],"_rootPartCFrame":[755.491,229.146,44.803,0.154,0,0.988,0,1,0,-0.988,0,0.154],"_humanoidState":5,"_cameraCFrame":[763.407,248.885,44.278,0.156,-0.909,0.386,0,0.391,0.921,-0.988,-0.143,0.061],"_shiftlockState":true,"_pose":"FreeFall","_animationQueue":[],"_animationSpeed":1,"_zoom":19.812},{"_mousePosition":[683,384],"_rootPartCFrame":[755.293,228.899,44.772,0.155,0,0.988,0,1,0,-0.988,0,0.155],"_humanoidState":5,"_cameraCFrame":[762.944,248.748,44.174,0.151,-0.915,0.373,0,0.377,0.926,-0.988,-0.14,0.057],"_shiftlockState":true,"_pose":"FreeFall","_animationQueue":[],"_animationSpeed":1,"_zoom":19.812},{"_mousePosition":[683,384],"_rootPartCFrame":[754.964,228.42,44.721,0.152,0,0.988,0,1,0,-0.988,0,0.152],"_humanoidState":5,"_cameraCFrame":[762.331,248.381,44.025,0.144,-0.922,0.359,0,0.363,0.932,-0.99,-0.134,0.052],"_shiftlockState":true,"_pose":"FreeFall","_animationQueue":[],"_animationSpeed":1,"_zoom":19.812},{"_mousePosition":[683,384],"_rootPartCFrame":[754.766,228.091,44.69,0.145,0,0.989,0,1,0,-0.989,0,0.145],"_humanoidState":5,"_cameraCFrame":[761.802,248.177,43.889,0.136,-0.929,0.343,0,0.346,0.938,-0.991,-0.127,0.047],"_shiftlockState":true,"_pose":"FreeFall","_animationQueue":[],"_animationSpeed":1,"_zoom":19.812},{"_mousePosition":[683,384],"_rootPartCFrame":[754.436,227.475,44.642,0.137,0,0.991,0,1,0,-0.991,0,0.137],"_humanoidState":5,"_cameraCFrame":[761.167,247.669,43.743,0.128,-0.936,0.328,0,0.331,0.944,-0.992,-0.12,0.042],"_shiftlockState":true,"_pose":"FreeFall","_animationQueue":[],"_animationSpeed":1,"_zoom":19.812},{"_mousePosition":[683,384],"_rootPartCFrame":[754.172,226.921,44.605,0.128,0,0.992,0,1,0,-0.992,0,0.128],"_humanoidState":7,"_cameraCFrame":[760.611,247.213,43.622,0.12,-0.942,0.314,0,0.317,0.949,-0.993,-0.114,0.038],"_shiftlockState":true,"_pose":"FreeFall","_animationQueue":[["walk",0.1],["fall",0.3],["fall",0.3]],"_animationSpeed":1,"_zoom":19.812},{"_mousePosition":[683,384],"_rootPartCFrame":[753.908,226.512,44.571,0.12,0,0.993,0,1,0,-0.993,0,0.12],"_humanoidState":7,"_cameraCFrame":[760.161,246.864,43.533,0.115,-0.945,0.305,0,0.307,0.952,-0.993,-0.109,0.035],"_shiftlockState":true,"_pose":"FreeFall","_animationQueue":[["fall",0.3]],"_animationSpeed":1,"_zoom":19.812},{"_mousePosition":[683,384],"_rootPartCFrame":[753.709,226.522,44.547,0.115,0,0.993,0,1,0,-0.993,0,0.115],"_humanoidState":7,"_cameraCFrame":[759.884,246.898,43.487,0.113,-0.947,0.302,0,0.304,0.953,-0.994,-0.108,0.034],"_shiftlockState":true,"_pose":"FreeFall","_animationQueue":[],"_animationSpeed":1,"_zoom":19.812},{"_mousePosition":[683,384],"_rootPartCFrame":[753.378,226.605,44.508,0.113,0,0.994,0,1,0,-0.994,0,0.113],"_humanoidState":8,"_cameraCFrame":[759.523,246.991,43.445,0.113,-0.947,0.3,0,0.302,0.953,-0.994,-0.108,0.034],"_shiftlockState":true,"_pose":"Running","_animationQueue":[["walk",0.1],["fall",0.3],["walk",0.1]],"_animationSpeed":1.103,"_zoom":19.812},{"_mousePosition":[683,384],"_rootPartCFrame":[753.113,227.478,44.477,0.113,0,0.994,0,1,0,-0.994,0,0.113],"_humanoidState":3,"_cameraCFrame":[759.242,247.869,43.407,0.112,-0.948,0.299,0,0.301,0.954,-0.994,-0.107,0.034],"_shiftlockState":true,"_pose":"Jumping","_animationQueue":[["walk",0.1],["jump",0.1]],"_animationSpeed":1,"_zoom":19.812},{"_mousePosition":[683,384],"_rootPartCFrame":[752.848,228.3,44.447,0.112,0,0.994,0,1,0,-0.994,0,0.112],"_humanoidState":5,"_cameraCFrame":[758.946,248.7,43.367,0.111,-0.948,0.298,0,0.3,0.954,-0.994,-0.106,0.033],"_shiftlockState":true,"_pose":"FreeFall","_animationQueue":[["jump",0.1]],"_animationSpeed":1,"_zoom":19.812},{"_mousePosition":[683,384],"_rootPartCFrame":[752.65,228.881,44.425,0.111,0,0.994,0,1,0,-0.994,0,0.111],"_humanoidState":5,"_cameraCFrame":[758.667,249.305,43.311,0.107,-0.95,0.294,0,0.296,0.955,-0.994,-0.102,0.032],"_shiftlockState":true,"_pose":"FreeFall","_animationQueue":[],"_animationSpeed":1,"_zoom":19.812},{"_mousePosition":[683,384],"_rootPartCFrame":[752.318,229.78,44.388,0.107,0,0.994,0,1,0,-0.994,0,0.107],"_humanoidState":5,"_cameraCFrame":[758.149,250.256,43.164,0.091,-0.954,0.286,0,0.287,0.958,-0.996,-0.087,0.026],"_shiftlockState":true,"_pose":"FreeFall","_animationQueue":[],"_animationSpeed":1,"_zoom":19.812},{"_mousePosition":[683,384],"_rootPartCFrame":[752.053,230.439,44.359,0.093,0,0.996,0,1,0,-0.996,0,0.093],"_humanoidState":5,"_cameraCFrame":[757.668,250.969,42.977,0.066,-0.958,0.278,0,0.278,0.961,-0.998,-0.063,0.018],"_shiftlockState":true,"_pose":"FreeFall","_animationQueue":[],"_animationSpeed":1,"_zoom":19.812},{"_mousePosition":[683,384],"_rootPartCFrame":[751.788,231.043,44.334,0.069,0,0.998,0,1,0,-0.998,0,0.069],"_humanoidState":5,"_cameraCFrame":[757.169,251.625,42.759,0.033,-0.963,0.269,0,0.269,0.963,-0.999,-0.031,0.009],"_shiftlockState":true,"_pose":"FreeFall","_animationQueue":[],"_animationSpeed":1,"_zoom":19.812},{"_mousePosition":[683,384],"_rootPartCFrame":[751.521,231.592,44.315,0.037,0,0.999,0,1,0,-0.999,0,0.037],"_humanoidState":5,"_cameraCFrame":[756.651,252.225,42.529,-0.007,-0.966,0.26,0,0.26,0.966,-1,0.007,-0.002],"_shiftlockState":true,"_pose":"FreeFall","_animationQueue":[],"_animationSpeed":1,"_zoom":19.812},{"_mousePosition":[683,384],"_rootPartCFrame":[751.322,231.969,44.308,-0.003,0,1,0,1,0,-1,0,-0.003],"_humanoidState":5,"_cameraCFrame":[756.152,252.655,42.272,-0.058,-0.967,0.249,0,0.249,0.968,-0.998,0.057,-0.015],"_shiftlockState":true,"_pose":"FreeFall","_animationQueue":[],"_animationSpeed":1,"_zoom":19.812},{"_mousePosition":[683,384],"_rootPartCFrame":[750.988,232.528,44.308,-0.051,0,0.999,0,1,0,-0.999,0,-0.051],"_humanoidState":5,"_cameraCFrame":[755.57,253.249,42.043,-0.11,-0.964,0.241,0,0.242,0.97,-0.994,0.106,-0.027],"_shiftlockState":true,"_pose":"FreeFall","_animationQueue":[],"_animationSpeed":1,"_zoom":19.812},{"_mousePosition":[683,384],"_rootPartCFrame":[750.722,232.914,44.322,-0.103,0,0.995,0,1,0,-0.995,0,-0.103],"_humanoidState":5,"_cameraCFrame":[755.089,253.654,41.809,-0.167,-0.958,0.235,0,0.238,0.971,-0.986,0.162,-0.04],"_shiftlockState":true,"_pose":"FreeFall","_animationQueue":[],"_animationSpeed":1,"_zoom":19.812},{"_mousePosition":[683,384],"_rootPartCFrame":[750.457,233.246,44.349,-0.159,0,0.987,0,1,0,-0.987,0,-0.159],"_humanoidState":5,"_cameraCFrame":[754.686,253.986,41.611,-0.218,-0.948,0.233,0,0.238,0.971,-0.976,0.212,-0.052],"_shiftlockState":true,"_pose":"FreeFall","_animationQueue":[],"_animationSpeed":1,"_zoom":19.812},{"_mousePosition":[683,384],"_rootPartCFrame":[750.26,233.458,44.38,-0.213,0,0.977,0,1,0,-0.977,0,-0.213],"_humanoidState":5,"_cameraCFrame":[754.367,254.195,41.438,-0.265,-0.936,0.231,0,0.239,0.971,-0.964,0.257,-0.063],"_shiftlockState":true,"_pose":"FreeFall","_animationQueue":[],"_animationSpeed":1,"_zoom":19.812},{"_mousePosition":[683,384],"_rootPartCFrame":[749.934,233.745,44.451,-0.257,0,0.966,0,1,0,-0.966,0,-0.257],"_humanoidState":5,"_cameraCFrame":[753.964,254.474,41.355,-0.299,-0.926,0.23,0,0.241,0.971,-0.954,0.29,-0.072],"_shiftlockState":true,"_pose":"FreeFall","_animationQueue":[],"_animationSpeed":1,"_zoom":19.812},{"_mousePosition":[683,384],"_rootPartCFrame":[749.74,233.876,44.502,-0.295,0,0.955,0,1,0,-0.955,0,-0.295],"_humanoidState":5,"_cameraCFrame":[753.699,254.601,41.292,-0.325,-0.918,0.229,0,0.242,0.97,-0.946,0.315,-0.078],"_shiftlockState":true,"_pose":"FreeFall","_animationQueue":[],"_animationSpeed":1,"_zoom":19.812},{"_mousePosition":[683,384],"_rootPartCFrame":[749.422,234.027,44.6,-0.32,0,0.947,0,1,0,-0.947,0,-0.32],"_humanoidState":5,"_cameraCFrame":[753.34,254.752,41.341,-0.337,-0.914,0.228,0,0.242,0.97,-0.942,0.327,-0.081],"_shiftlockState":true,"_pose":"FreeFall","_animationQueue":[],"_animationSpeed":1,"_zoom":19.812},{"_mousePosition":[683,384],"_rootPartCFrame":[749.169,234.086,44.686,-0.334,0,0.942,0,1,0,-0.942,0,-0.334],"_humanoidState":5,"_cameraCFrame":[753.067,254.811,41.402,-0.343,-0.912,0.227,0,0.242,0.97,-0.939,0.332,-0.083],"_shiftlockState":true,"_pose":"FreeFall","_animationQueue":[],"_animationSpeed":1,"_zoom":19.812},{"_mousePosition":[683,384],"_rootPartCFrame":[748.981,234.094,44.753,-0.342,0,0.94,0,1,0,-0.94,0,-0.342],"_humanoidState":5,"_cameraCFrame":[752.861,254.823,41.47,-0.344,-0.911,0.226,0,0.241,0.971,-0.939,0.333,-0.083],"_shiftlockState":true,"_pose":"FreeFall","_animationQueue":[],"_animationSpeed":1,"_zoom":19.812},{"_mousePosition":[683,384],"_rootPartCFrame":[748.73,234.058,44.844,-0.343,0,0.939,0,1,0,-0.939,0,-0.343],"_humanoidState":5,"_cameraCFrame":[752.577,254.794,41.568,-0.345,-0.912,0.225,0,0.239,0.971,-0.939,0.335,-0.082],"_shiftlockState":true,"_pose":"FreeFall","_animationQueue":[],"_animationSpeed":1,"_zoom":19.812},{"_mousePosition":[683,384],"_rootPartCFrame":[748.417,233.936,44.958,-0.344,0,0.939,0,1,0,-0.939,0,-0.344],"_humanoidState":5,"_cameraCFrame":[752.18,254.695,41.718,-0.344,-0.913,0.22,0,0.235,0.972,-0.939,0.334,-0.081],"_shiftlockState":true,"_pose":"FreeFall","_animationQueue":[["fall",0.3]],"_animationSpeed":1,"_zoom":19.812},{"_mousePosition":[683,384],"_rootPartCFrame":[748.229,233.822,45.027,-0.344,0,0.939,0,1,0,-0.939,0,-0.344],"_humanoidState":5,"_cameraCFrame":[751.889,254.61,41.845,-0.34,-0.916,0.215,0,0.228,0.974,-0.941,0.331,-0.078],"_shiftlockState":true,"_pose":"FreeFall","_animationQueue":[],"_animationSpeed":1,"_zoom":19.812},{"_mousePosition":[683,384],"_rootPartCFrame":[747.918,233.563,45.105,-0.248,0,0.969,0,1,0,-0.969,0,-0.248],"_humanoidState":5,"_cameraCFrame":[751.503,254.374,41.969,-0.336,-0.918,0.211,0,0.224,0.975,-0.942,0.327,-0.075],"_shiftlockState":true,"_pose":"FreeFall","_animationQueue":[],"_animationSpeed":1,"_zoom":19.812},{"_mousePosition":[683,384],"_rootPartCFrame":[747.671,233.295,45.122,-0.238,0,0.971,0,1,0,-0.971,0,-0.238],"_humanoidState":5,"_cameraCFrame":[751.207,254.12,42.019,-0.333,-0.92,0.208,0,0.22,0.975,-0.943,0.325,-0.073],"_shiftlockState":true,"_pose":"FreeFall","_animationQueue":[],"_animationSpeed":1,"_zoom":19.812},{"_mousePosition":[683,384],"_rootPartCFrame":[747.487,233.059,45.109,-0.258,0,0.966,0,1,0,-0.966,0,-0.258],"_humanoidState":5,"_cameraCFrame":[750.985,253.894,42.029,-0.331,-0.921,0.206,0,0.218,0.976,-0.944,0.323,-0.072],"_shiftlockState":true,"_pose":"FreeFall","_animationQueue":[],"_animationSpeed":1,"_zoom":19.812},{"_mousePosition":[683,384],"_rootPartCFrame":[747.243,232.695,45.057,-0.231,0,0.973,0,1,0,-0.973,0,-0.231],"_humanoidState":5,"_cameraCFrame":[750.744,253.53,41.98,-0.33,-0.921,0.206,0,0.218,0.976,-0.944,0.322,-0.072],"_shiftlockState":true,"_pose":"FreeFall","_animationQueue":[],"_animationSpeed":1,"_zoom":19.812},{"_mousePosition":[683,384],"_rootPartCFrame":[747.002,232.277,44.949,-0.304,0,0.953,0,1,0,-0.953,0,-0.304],"_humanoidState":7,"_cameraCFrame":[750.504,253.112,41.872,-0.33,-0.921,0.206,0,0.218,0.976,-0.944,0.322,-0.072],"_shiftlockState":true,"_pose":"FreeFall","_animationQueue":[["walk",0.1],["fall",0.3],["fall",0.3]],"_animationSpeed":1,"_zoom":19.812},{"_mousePosition":[683,384],"_rootPartCFrame":[746.762,231.805,44.833,-0.328,0,0.945,0,1,0,-0.945,0,-0.328],"_humanoidState":7,"_cameraCFrame":[750.204,252.654,41.777,-0.33,-0.922,0.203,0,0.215,0.977,-0.944,0.322,-0.071],"_shiftlockState":true,"_pose":"FreeFall","_animationQueue":[["fall",0.3]],"_animationSpeed":1,"_zoom":19.812},{"_mousePosition":[683,384],"_rootPartCFrame":[746.461,231.339,44.688,-0.33,0,0.944,0,1,0,-0.944,0,-0.33],"_humanoidState":8,"_cameraCFrame":[749.78,252.215,41.666,-0.332,-0.923,0.197,0,0.209,0.978,-0.943,0.324,-0.069],"_shiftlockState":true,"_pose":"Running","_animationQueue":[["walk",0.1],["fall",0.3],["walk",0.1]],"_animationSpeed":1.103,"_zoom":19.812},{"_mousePosition":[683,384],"_rootPartCFrame":[746.161,231.468,44.543,-0.332,0,0.943,0,1,0,-0.943,0,-0.332],"_humanoidState":8,"_cameraCFrame":[749.308,252.38,41.569,-0.335,-0.923,0.188,0,0.2,0.98,-0.942,0.328,-0.067],"_shiftlockState":true,"_pose":"Running","_animationQueue":[],"_animationSpeed":1.103,"_zoom":19.812},{"_mousePosition":[683,384],"_rootPartCFrame":[745.921,231.587,44.428,-0.335,0,0.942,0,1,0,-0.942,0,-0.335],"_humanoidState":8,"_cameraCFrame":[748.881,252.536,41.507,-0.338,-0.924,0.179,0,0.19,0.982,-0.941,0.331,-0.064],"_shiftlockState":true,"_pose":"Running","_animationQueue":[],"_animationSpeed":1.103,"_zoom":19.812},{"_mousePosition":[683,384],"_rootPartCFrame":[745.74,231.645,44.342,-0.338,0,0.941,0,1,0,-0.941,0,-0.338],"_humanoidState":8,"_cameraCFrame":[749.083,252.636,43.139,-0.339,-0.926,0.169,0,0.179,0.984,-0.941,0.333,-0.061],"_shiftlockState":false,"_pose":"Running","_animationQueue":[],"_animationSpeed":1.103,"_zoom":19.812},{"_mousePosition":[683,384],"_rootPartCFrame":[745.439,231.577,44.2,-0.245,0,0.969,0,1,0,-0.969,0,-0.245],"_humanoidState":8,"_cameraCFrame":[748.782,252.568,42.996,-0.339,-0.926,0.169,0,0.179,0.984,-0.941,0.333,-0.061],"_shiftlockState":false,"_pose":"Running","_animationQueue":[],"_animationSpeed":1.103,"_zoom":19.812},{"_mousePosition":[683,384],"_rootPartCFrame":[745.258,231.491,44.114,-0.17,0,0.985,0,1,0,-0.985,0,-0.17],"_humanoidState":8,"_cameraCFrame":[748.497,252.501,42.956,-0.337,-0.927,0.164,0,0.174,0.985,-0.942,0.332,-0.058],"_shiftlockState":false,"_pose":"Running","_animationQueue":[["walk",0.1]],"_animationSpeed":1.103,"_zoom":19.812},{"_mousePosition":[683,384],"_rootPartCFrame":[744.956,231.278,43.972,-0.041,0,0.999,0,1,0,-0.999,0,-0.041],"_humanoidState":8,"_cameraCFrame":[748.202,252.289,42.831,-0.332,-0.929,0.164,0,0.174,0.985,-0.943,0.327,-0.058],"_shiftlockState":false,"_pose":"Running","_animationQueue":[],"_animationSpeed":1.103,"_zoom":19.812},{"_mousePosition":[683,384],"_rootPartCFrame":[744.715,231.046,43.858,0.064,0,0.998,0,1,0,-0.998,0,0.064],"_humanoidState":8,"_cameraCFrame":[747.971,252.057,42.748,-0.323,-0.932,0.164,0,0.174,0.985,-0.946,0.318,-0.056],"_shiftlockState":false,"_pose":"Running","_animationQueue":[],"_animationSpeed":1.103,"_zoom":19.812},{"_mousePosition":[683,384],"_rootPartCFrame":[744.534,230.837,43.773,0.142,0,0.99,0,1,0,-0.99,0,0.142],"_humanoidState":8,"_cameraCFrame":[747.803,251.847,42.7,-0.312,-0.936,0.165,0,0.174,0.985,-0.95,0.307,-0.054],"_shiftlockState":false,"_pose":"Running","_animationQueue":[],"_animationSpeed":1.103,"_zoom":19.812},{"_mousePosition":[683,384],"_rootPartCFrame":[744.293,230.51,43.659,0.244,0,0.97,0,1,0,-0.97,0,0.244],"_humanoidState":8,"_cameraCFrame":[747.572,251.52,42.617,-0.303,-0.939,0.165,0,0.174,0.985,-0.953,0.298,-0.053],"_shiftlockState":false,"_pose":"Running","_animationQueue":[],"_animationSpeed":1.103,"_zoom":19.812},{"_mousePosition":[683,384],"_rootPartCFrame":[743.991,231.593,43.517,0.369,0,0.929,0,1,0,-0.929,0,0.369],"_humanoidState":3,"_cameraCFrame":[747.281,252.604,42.509,-0.293,-0.942,0.166,0,0.174,0.985,-0.956,0.288,-0.051],"_shiftlockState":false,"_pose":"Jumping","_animationQueue":[["walk",0.1],["jump",0.1]],"_animationSpeed":1,"_zoom":19.812},{"_mousePosition":[683,384],"_rootPartCFrame":[743.754,232.402,43.395,0.407,0,0.913,0,1,0,-0.913,0,0.407],"_humanoidState":5,"_cameraCFrame":[747.049,253.413,42.405,-0.288,-0.943,0.166,0,0.174,0.985,-0.958,0.284,-0.05],"_shiftlockState":false,"_pose":"FreeFall","_animationQueue":[["jump",0.1]],"_animationSpeed":1,"_zoom":19.812},{"_mousePosition":[683,384],"_rootPartCFrame":[743.577,232.