[{"_mousePosition":[1196,378],"_rootPartCFrame":[776.023,222.963,47.142,0.003,0.005,1,0,1,-0.005,-1,0,0.003],"_humanoidState":8,"_cameraCFrame":[775.899,234.785,41.102,-1,0.019,-0.011,0,0.505,0.863,0.022,0.863,-0.505],"_shiftlockState":false,"_pose":"Standing","_animationQueue":[],"_animationSpeed":1,"_zoom":11.96},{"_mousePosition":[1205,386],"_rootPartCFrame":[775.776,222.839,47.147,0,0.001,1,0,1,-0.001,-1,0,0],"_humanoidState":8,"_cameraCFrame":[775.645,234.661,41.107,-1,0.019,-0.011,0,0.505,0.863,0.022,0.863,-0.505],"_shiftlockState":false,"_pose":"Standing","_animationQueue":[],"_animationSpeed":1,"_zoom":11.96},{"_mousePosition":[1213,392],"_rootPartCFrame":[775.51,222.675,47.153,-0.003,0,1,0,1,0,-1,0,-0.003],"_humanoidState":8,"_cameraCFrame":[775.378,234.497,41.113,-1,0.019,-0.011,0,0.505,0.863,0.022,0.863,-0.505],"_shiftlockState":false,"_pose":"Running","_animationQueue":[["walk",0.1]],"_animationSpeed":1.065,"_zoom":11.96},{"_mousePosition":[1214,394],"_rootPartCFrame":[775.244,222.654,47.159,-0.006,0,1,0,1,0,-1,0,-0.006],"_humanoidState":8,"_cameraCFrame":[775.112,234.476,41.119,-1,0.019,-0.011,0,0.505,0.863,0.022,0.863,-0.505],"_shiftlockState":false,"_pose":"Running","_animationQueue":[],"_animationSpeed":1.065,"_zoom":11.96},{"_mousePosition":[1229,405],"_rootPartCFrame":[774.977,222.67,47.165,-0.008,0,1,0,1,0,-1,0,-0.008],"_humanoidState":8,"_cameraCFrame":[774.846,234.492,41.125,-1,0.019,-0.011,0,0.505,0.863,0.022,0.863,-0.505],"_shiftlockState":false,"_pose":"Running","_animationQueue":[],"_animationSpeed":1.065,"_zoom":11.96},{"_mousePosition":[1236,412],"_rootPartCFrame":[774.711,222.683,47.171,-0.01,0,1,0,1,0,-1,0,-0.01],"_humanoidState":8,"_cameraCFrame":[774.579,234.505,41.131,-1,0.019,-0.011,0,0.505,0.863,0.022,0.863,-0.505],"_shiftlockState":false,"_pose":"Running","_animationQueue":[],"_animationSpeed":1.065,"_zoom":11.96},{"_mousePosition":[1244,418],"_rootPartCFrame":[774.444,222.691,47.176,-0.011,0,1,0,1,0,-1,0,-0.011],"_humanoidState":8,"_cameraCFrame":[774.312,234.512,41.136,-1,0.019,-0.011,0,0.505,0.863,0.022,0.863,-0.505],"_shiftlockState":false,"_pose":"Running","_animationQueue":[],"_animationSpeed":1.065,"_zoom":11.96},{"_mousePosition":[1245,419],"_rootPartCFrame":[774.177,222.695,47.182,-0.013,0,1,0,1,0,-1,0,-0.013],"_humanoidState":8,"_cameraCFrame":[774.046,234.517,41.142,-1,0.019,-0.011,0,0.505,0.863,0.022,0.863,-0.505],"_shiftlockState":false,"_pose":"Running","_animationQueue":[],"_animationSpeed":1.065,"_zoom":11.96},{"_mousePosition":[1262,433],"_rootPartCFrame":[773.911,222.697,47.188,-0.014,0,1,0,1,0,-1,0,-0.014],"_humanoidState":8,"_cameraCFrame":[773.779,234.519,41.148,-1,0.019,-0.011,0,0.505,0.863,0.022,0.863,-0.505],"_shiftlockState":false,"_pose":"Running","_animationQueue":[["walk",0.1]],"_animationSpeed":1.065,"_zoom":11.96},{"_mousePosition":[1275,443],"_rootPartCFrame":[773.644,222.698,47.194,-0.015,0,1,0,1,0,-1,0,-0.015],"_humanoidState":8,"_cameraCFrame":[771.763,234.52,41.192,-1,0.019,-0.011,0,0.505,0.863,0.022,0.863,-0.505],"_shiftlockState":true,"_pose":"Running","_animationQueue":[],"_animationSpeed":1.065,"_zoom":11.96},{"_mousePosition":[683,384],"_rootPartCFrame":[773.378,222.699,47.2,-0.993,0,-0.117,0,1,0,0.117,0,-0.993],"_humanoidState":8,"_cameraCFrame":[771.496,234.521,41.198,-1,0.019,-0.011,0,0.505,0.863,0.022,0.863,-0.505],"_shiftlockState":true,"_pose":"Running","_animationQueue":[],"_animationSpeed":1.065,"_zoom":11.96},{"_mousePosition":[683,384],"_rootPartCFrame":[773.111,222.699,47.205,-0.999,0,-0.032,0,1,0,0.032,0,-0.999],"_humanoidState":8,"_cameraCFrame":[771.331,234.584,41.281,-1,0.004,-0.002,0,0.496,0.868,0.005,0.868,-0.496],"_shiftlockState":true,"_pose":"Running","_animationQueue":[],"_animationSpeed":1.065,"_zoom":11.96},{"_mousePosition":[683,384],"_rootPartCFrame":[772.778,222.699,47.213,-1,0,-0.006,0,1,0,0.006,0,-1],"_humanoidState":8,"_cameraCFrame":[771.047,234.655,41.4,-1,-0.003,0.002,0,0.486,0.874,-0.003,0.874,-0.486],"_shiftlockState":true,"_pose":"Running","_animationQueue":[],"_animationSpeed":1.065,"_zoom":11.96},{"_mousePosition":[683,384],"_rootPartCFrame":[772.511,222.7,47.215,-1,0,0.003,0,1,0,-0.003,0,-1],"_humanoidState":8,"_cameraCFrame":[770.798,234.72,41.515,-1,-0.006,0.003,0,0.476,0.88,-0.006,0.88,-0.476],"_shiftlockState":true,"_pose":"Running","_animationQueue":[],"_animationSpeed":1.065,"_zoom":11.96},{"_mousePosition":[683,384],"_rootPartCFrame":[772.311,222.7,47.214,-1,0,0.006,0,1,0,-0.006,0,-1],"_humanoidState":8,"_cameraCFrame":[770.621,234.77,41.601,-1,-0.009,0.005,0,0.468,0.884,-0.011,0.884,-0.468],"_shiftlockState":true,"_pose":"Running","_animationQueue":[],"_animationSpeed":1.065,"_zoom":11.96},{"_mousePosition":[683,384],"_rootPartCFrame":[772.045,222.7,47.213,-1,0,0.011,0,1,0,-0.011,0,-1],"_humanoidState":8,"_cameraCFrame":[770.354,234.77,41.599,-1,-0.009,0.005,0,0.468,0.884,-0.011,0.884,-0.468],"_shiftlockState":true,"_pose":"Running","_animationQueue":[["walk",0.1]],"_animationSpeed":1.065,"_zoom":11.96},{"_mousePosition":[683,384],"_rootPartCFrame":[771.778,222.7,47.21,-1,0,0.011,0,1,0,-0.011,0,-1],"_humanoidState":8,"_cameraCFrame":[770.088,234.77,41.597,-1,-0.009,0.005,0,0.468,0.884,-0.011,0.884,-0.468],"_shiftlockState":true,"_pose":"Running","_animationQueue":[],"_animationSpeed":1.065,"_zoom":11.96},{"_mousePosition":[683,384],"_rootPartCFrame":[771.511,222.7,47.207,-1,0,0.011,0,1,0,-0.011,0,-1],"_humanoidState":8,"_cameraCFrame":[769.821,234.77,41.594,-1,-0.009,0.005,0,0.468,0.884,-0.011,0.884,-0.468],"_shiftlockState":true,"_pose":"Running","_animationQueue":[],"_animationSpeed":1.065,"_zoom":11.96},{"_mousePosition":[683,384],"_rootPartCFrame":[771.245,222.7,47.204,-1,0,0.011,0,1,0,-0.011,0,-1],"_humanoidState":8,"_cameraCFrame":[769.555,234.77,41.591,-1,-0.009,0.005,0,0.468,0.884,-0.011,0.884,-0.468],"_shiftlockState":true,"_pose":"Running","_animationQueue":[],"_animationSpeed":1.065,"_zoom":11.96},{"_mousePosition":[683,384],"_rootPartCFrame":[770.978,223.563,47.202,-1,0,0.011,0,1,0,-0.011,0,-1],"_humanoidState":3,"_cameraCFrame":[769.288,235.633,41.588,-1,-0.009,0.005,0,0.468,0.884,-0.011,0.884,-0.468],"_shiftlockState":true,"_pose":"Jumping","_animationQueue":[["walk",0.1],["jump",0.1]],"_animationSpeed":1,"_zoom":11.96},{"_mousePosition":[683,384],"_rootPartCFrame":[770.645,224.564,47.198,-0.991,0,0.133,0,1,0,-0.133,0,-0.991],"_humanoidState":5,"_cameraCFrame":[768.955,236.635,41.585,-1,-0.009,0.005,0,0.468,0.884,-0.011,0.884,-0.468],"_shiftlockState":true,"_pose":"FreeFall","_animationQueue":[["jump",0.1]],"_animationSpeed":1,"_zoom":11.96},{"_mousePosition":[683,384],"_rootPartCFrame":[770.445,225.125,47.196,-0.994,0,0.108,0,1,0,-0.108,0,-0.994],"_humanoidState":5,"_cameraCFrame":[768.755,237.195,41.582,-1,-0.009,0.005,0,0.468,0.884,-0.011,0.884,-0.468],"_shiftlockState":true,"_pose":"FreeFall","_animationQueue":[],"_animationSpeed":1,"_zoom":11.96},{"_mousePosition":[683,384],"_rootPartCFrame":[770.178,225.824,47.193,-0.99,0,0.143,0,1,0,-0.143,0,-0.99],"_humanoidState":5,"_cameraCFrame":[768.488,237.895,41.58,-1,-0.009,0.005,0,0.468,0.884,-0.011,0.884,-0.468],"_shiftlockState":true,"_pose":"FreeFall","_animationQueue":[],"_animationSpeed":1,"_zoom":11.96},{"_mousePosition":[683,384],"_rootPartCFrame":[769.912,226.469,47.19,-0.99,0,0.143,0,1,0,-0.143,0,-0.99],"_humanoidState":5,"_cameraCFrame":[768.222,238.54,41.577,-1,-0.009,0.005,0,0.468,0.884,-0.011,0.884,-0.468],"_shiftlockState":true,"_pose":"FreeFall","_animationQueue":[],"_animationSpeed":1,"_zoom":11.96},{"_mousePosition":[683,384],"_rootPartCFrame":[769.645,227.059,47.187,-0.99,0,0.143,0,1,0,-0.143,0,-0.99],"_humanoidState":5,"_cameraCFrame":[767.955,239.13,41.574,-1,-0.009,0.005,0,0.468,0.884,-0.011,0.884,-0.468],"_shiftlockState":true,"_pose":"FreeFall","_animationQueue":[],"_animationSpeed":1,"_zoom":11.96},{"_mousePosition":[683,384],"_rootPartCFrame":[769.379,227.595,47.184,-0.99,0,0.143,0,1,0,-0.143,0,-0.99],"_humanoidState":5,"_cameraCFrame":[767.688,239.666,41.571,-1,-0.009,0.005,0,0.468,0.884,-0.011,0.884,-0.468],"_shiftlockState":true,"_pose":"FreeFall","_animationQueue":[],"_animationSpeed":1,"_zoom":11.96},{"_mousePosition":[683,384],"_rootPartCFrame":[769.112,228.077,47.182,-0.99,0,0.143,0,1,0,-0.143,0,-0.99],"_humanoidState":5,"_cameraCFrame":[767.422,240.147,41.568,-1,-0.009,0.005,0,0.468,0.884,-0.011,0.884,-0.468],"_shiftlockState":true,"_pose":"FreeFall","_animationQueue":[],"_animationSpeed":1,"_zoom":11.96},{"_mousePosition":[683,384],"_rootPartCFrame":[768.845,228.504,47.179,-0.99,0,0.143,0,1,0,-0.143,0,-0.99],"_humanoidState":5,"_cameraCFrame":[767.155,240.574,41.565,-1,-0.009,0.005,0,0.468,0.884,-0.011,0.884,-0.468],"_shiftlockState":true,"_pose":"FreeFall","_animationQueue":[],"_animationSpeed":1,"_zoom":11.96},{"_mousePosition":[683,384],"_rootPartCFrame":[768.579,228.876,47.176,-0.99,0,0.143,0,1,0,-0.143,0,-0.99],"_humanoidState":5,"_cameraCFrame":[766.889,240.947,41.562,-1,-0.009,0.005,0,0.468,0.884,-0.011,0.884,-0.468],"_shiftlockState":true,"_pose":"FreeFall","_animationQueue":[],"_animationSpeed":1,"_zoom":11.96},{"_mousePosition":[683,384],"_rootPartCFrame":[768.312,229.194,47.173,-0.99,0,0.143,0,1,0,-0.143,0,-0.99],"_humanoidState":5,"_cameraCFrame":[766.622,241.265,41.56,-1,-0.009,0.005,0,0.468,0.884,-0.011,0.884,-0.468],"_shiftlockState":true,"_pose":"FreeFall","_animationQueue":[],"_animationSpeed":1,"_zoom":11.96},{"_mousePosition":[683,384],"_rootPartCFrame":[768.046,229.457,47.17,-0.99,0,0.143,0,1,0,-0.143,0,-0.99],"_humanoidState":5,"_cameraCFrame":[766.355,241.528,41.557,-1,-0.009,0.005,0,0.468,0.884,-0.011,0.884,-0.468],"_shiftlockState":true,"_pose":"FreeFall","_animationQueue":[],"_animationSpeed":1,"_zoom":11.96},{"_mousePosition":[683,384],"_rootPartCFrame":[767.779,229.666,47.167,-0.99,0,0.143,0,1,0,-0.143,0,-0.99],"_humanoidState":5,"_cameraCFrame":[766.089,241.737,41.554,-1,-0.009,0.005,0,0.468,0.884,-0.011,0.884,-0.468],"_shiftlockState":true,"_pose":"FreeFall","_animationQueue":[],"_animationSpeed":1,"_zoom":11.96},{"_mousePosition":[683,384],"_rootPartCFrame":[767.512,229.821,47.164,-0.99,0,0.143,0,1,0,-0.143,0,-0.99],"_humanoidState":5,"_cameraCFrame":[765.805,241.891,41.556,-1,-0.007,0.004,0,0.468,0.884,-0.008,0.884,-0.468],"_shiftlockState":true,"_pose":"FreeFall","_animationQueue":[],"_animationSpeed":1,"_zoom":11.96},{"_mousePosition":[683,384],"_rootPartCFrame":[767.179,229.937,47.161,-0.985,0,0.173,0,1,0,-0.173,0,-0.985],"_humanoidState":5,"_cameraCFrame":[765.253,241.971,41.555,-1,0.027,-0.015,0,0.474,0.881,0.031,0.88,-0.473],"_shiftlockState":true,"_pose":"FreeFall","_animationQueue":[],"_animationSpeed":1,"_zoom":11.96},{"_mousePosition":[683,384],"_rootPartCFrame":[766.912,229.969,47.159,-0.995,0,0.102,0,1,0,-0.102,0,-0.995],"_humanoidState":5,"_cameraCFrame":[764.753,241.773,41.711,-0.997,0.065,-0.035,0,0.477,0.879,0.074,0.876,-0.476],"_shiftlockState":true,"_pose":"FreeFall","_animationQueue":[],"_animationSpeed":1,"_zoom":9.168},{"_mousePosition":[683,384],"_rootPartCFrame":[766.646,229.946,47.166,-0.998,0,0.059,0,1,0,-0.059,0,-0.998],"_humanoidState":5,"_cameraCFrame":[764.346,241.386,41.959,-0.995,0.091,-0.049,0,0.478,0.878,0.103,0.873,-0.476],"_shiftlockState":true,"_pose":"FreeFall","_animationQueue":[["fall",0.3]],"_animationSpeed":1,"_zoom":9.168},{"_mousePosition":[683,384],"_rootPartCFrame":[766.446,229.893,47.179,-1,0,-0.004,0,1,0,0.004,0,-1],"_humanoidState":5,"_cameraCFrame":[764.137,240.927,42.197,-0.994,0.096,-0.052,0,0.479,0.878,0.11,0.872,-0.476],"_shiftlockState":true,"_pose":"FreeFall","_animationQueue":[],"_animationSpeed":1,"_zoom":9.168},{"_mousePosition":[683,384],"_rootPartCFrame":[766.181,229.775,47.205,-1,0,0.024,0,1,0,-0.024,0,-1],"_humanoidState":5,"_cameraCFrame":[763.886,240.413,42.452,-0.994,0.098,-0.053,0,0.478,0.878,0.112,0.873,-0.475],"_shiftlockState":true,"_pose":"FreeFall","_animationQueue":[],"_animationSpeed":1,"_zoom":9.168},{"_mousePosition":[683,384],"_rootPartCFrame":[765.916,229.603,47.234,-1,0,0.021,0,1,0,-0.021,0,-1],"_humanoidState":5,"_cameraCFrame":[763.624,239.954,42.683,-0.993,0.102,-0.055,0,0.476,0.88,0.116,0.874,-0.472],"_shiftlockState":true,"_pose":"FreeFall","_animationQueue":[],"_animationSpeed":1,"_zoom":9.168},{"_mousePosition":[683,384],"_rootPartCFrame":[765.651,229.375,47.264,-1,0,0.017,0,1,0,-0.017,0,-1],"_humanoidState":5,"_cameraCFrame":[763.363,239.515,42.878,-0.993,0.105,-0.056,0,0.472,0.882,0.119,0.875,-0.469],"_shiftlockState":true,"_pose":"FreeFall","_animationQueue":[],"_animationSpeed":1,"_zoom":9.168},{"_mousePosition":[683,384],"_rootPartCFrame":[765.386,229.094,47.294,-1,0,0.014,0,1,0,-0.014,0,-1],"_humanoidState":5,"_cameraCFrame":[763.104,239.082,43.037,-0.993,0.107,-0.057,0,0.469,0.883,0.121,0.877,-0.465],"_shiftlockState":true,"_pose":"FreeFall","_animationQueue":[],"_animationSpeed":1,"_zoom":9.168},{"_mousePosition":[683,384],"_rootPartCFrame":[765.121,228.758,47.326,-1,0,0.012,0,1,0,-0.012,0,-1],"_humanoidState":5,"_cameraCFrame":[762.846,238.649,43.166,-0.993,0.108,-0.057,0,0.465,0.885,0.122,0.879,-0.461],"_shiftlockState":true,"_pose":"FreeFall","_animationQueue":[],"_animationSpeed":1,"_zoom":9.168},{"_mousePosition":[683,384],"_rootPartCFrame":[764.856,228.367,47.358,-1,0,0.011,0,1,0,-0.011,0,-1],"_humanoidState":5,"_cameraCFrame":[762.585,238.187,43.263,-0.992,0.109,-0.057,0,0.463,0.886,0.123,0.88,-0.459],"_shiftlockState":true,"_pose":"FreeFall","_animationQueue":[["fall",0.3]],"_animationSpeed":1,"_zoom":9.168},{"_mousePosition":[683,384],"_rootPartCFrame":[764.592,227.922,47.391,-1,0,0.01,0,1,0,-0.01,0,-1],"_humanoidState":5,"_cameraCFrame":[762.319,237.689,43.352,-0.992,0.111,-0.058,0,0.461,0.888,0.125,0.881,-0.457],"_shiftlockState":true,"_pose":"FreeFall","_animationQueue":[],"_animationSpeed":1,"_zoom":9.168},{"_mousePosition":[683,384],"_rootPartCFrame":[764.327,227.422,47.423,-1,0,0.008,0,1,0,-0.008,0,-1],"_humanoidState":5,"_cameraCFrame":[762.054,237.154,43.423,-0.992,0.112,-0.058,0,0.459,0.888,0.126,0.881,-0.456],"_shiftlockState":true,"_pose":"FreeFall","_animationQueue":[],"_animationSpeed":1,"_zoom":9.168},{"_mousePosition":[683,384],"_rootPartCFrame":[764.063,226.868,47.457,-1,0,0.007,0,1,0,-0.007,0,-1],"_humanoidState":5,"_cameraCFrame":[761.789,236.577,43.487,-0.992,0.113,-0.058,0,0.458,0.889,0.127,0.882,-0.454],"_shiftlockState":true,"_pose":"FreeFall","_animationQueue":[],"_animationSpeed":1,"_zoom":9.168},{"_mousePosition":[683,384],"_rootPartCFrame":[763.798,226.26,47.49,-1,0,0.006,0,1,0,-0.006,0,-1],"_humanoidState":5,"_cameraCFrame":[761.528,235.959,43.55,-0.992,0.113,-0.058,0,0.456,0.89,0.127,0.883,-0.452],"_shiftlockState":true,"_pose":"FreeFall","_animationQueue":[],"_animationSpeed":1,"_zoom":9.168},{"_mousePosition":[683,384],"_rootPartCFrame":[763.533,225.597,47.524,-1,0,0.006,0,1,0,-0.006,0,-1],"_humanoidState":5,"_cameraCFrame":[761.271,235.294,43.607,-0.992,0.112,-0.057,0,0.453,0.891,0.126,0.884,-0.45],"_shiftlockState":true,"_pose":"FreeFall","_animationQueue":[],"_animationSpeed":1,"_zoom":9.168},{"_mousePosition":[683,384],"_rootPartCFrame":[763.269,224.879,47.558,-1,0,0.007,0,1,0,-0.007,0,-1],"_humanoidState":5,"_cameraCFrame":[761.023,234.581,43.665,-0.992,0.11,-0.055,0,0.451,0.893,0.123,0.886,-0.447],"_shiftlockState":true,"_pose":"FreeFall","_animationQueue":[],"_animationSpeed":1,"_zoom":9.168},{"_mousePosition":[683,384],"_rootPartCFrame":[763.004,224.107,47.592,-1,0,0.01,0,1,0,-0.01,0,-1],"_humanoidState":5,"_cameraCFrame":[760.777,233.81,43.705,-0.993,0.106,-0.053,0,0.449,0.893,0.119,0.887,-0.446],"_shiftlockState":true,"_pose":"FreeFall","_animationQueue":[["fall",0.3]],"_animationSpeed":1,"_zoom":9.168},{"_mousePosition":[683,384],"_rootPartCFrame":[762.74,223.28,47.625,-0.993,0,-0.115,0,1,0,0.115,0,-0.993],"_humanoidState":7,"_cameraCFrame":[760.583,232.997,43.759,-0.995,0.092,-0.045,0,0.444,0.896,0.102,0.892,-0.441],"_shiftlockState":true,"_pose":"FreeFall","_animationQueue":[["fall",0.3],["fall",0.3],["walk",0.1],["walk",0.1],["fall",0.3]],"_animationSpeed":1,"_zoom":9.168},{"_mousePosition":[683,384],"_rootPartCFrame":[762.409,222.88,47.663,-0.995,0,-0.1,0,1,0,0.1,0,-0.995],"_humanoidState":7,"_cameraCFrame":[760.3,232.619,43.819,-0.996,0.082,-0.04,0,0.439,0.899,0.091,0.895,-0.437],"_shiftlockState":true,"_pose":"FreeFall","_animationQueue":[],"_animationSpeed":1,"_zoom":9.168},{"_mousePosition":[683,384],"_rootPartCFrame":[762.21,222.93,47.684,-0.996,0,-0.091,0,1,0,0.091,0,-0.996],"_humanoidState":7,"_cameraCFrame":[760.158,232.696,43.864,-0.997,0.07,-0.033,0,0.433,0.902,0.077,0.899,-0.431],"_shiftlockState":true,"_pose":"FreeFall","_animationQueue":[],"_animationSpeed":1,"_zoom":9.168},{"_mousePosition":[683,384],"_rootPartCFrame":[761.878,223.016,47.715,-0.997,0,-0.077,0,1,0,0.077,0,-0.997],"_humanoidState":8,"_cameraCFrame":[759.886,232.804,43.912,-0.998,0.057,-0.027,0,0.428,0.904,0.063,0.902,-0.427],"_shiftlockState":true,"_pose":"Running","_animationQueue":[["walk",0.1],["fall",0.3],["walk",0.1]],"_animationSpeed":1.103,"_zoom":9.168},{"_mousePosition":[683,384],"_rootPartCFrame":[761.612,223.057,47.736,-0.998,0,-0.063,0,1,0,0.063,0,-0.998],"_humanoidState":8,"_cameraCFrame":[759.686,232.869,43.953,-0.999,0.042,-0.019,0,0.422,0.907,0.046,0.906,-0.421],"_shiftlockState":true,"_pose":"Running","_animationQueue":[],"_animationSpeed":1.103,"_zoom":9.168},{"_mousePosition":[683,384],"_rootPartCFrame":[761.346,223.079,47.753,-0.999,0,-0.046,0,1,0,0.046,0,-0.999],"_humanoidState":8,"_cameraCFrame":[759.485,232.916,43.993,-1,0.027,-0.012,0,0.416,0.909,0.029,0.909,-0.416],"_shiftlockState":true,"_pose":"Running","_animationQueue":[],"_animationSpeed":1.103,"_zoom":9.168},{"_mousePosition":[683,384],"_rootPartCFrame":[761.08,223.091,47.766,-1,0,-0.029,0,1,0,0.029,0,-1],"_humanoidState":8,"_cameraCFrame":[759.275,232.95,44.026,-1,0.013,-0.006,0,0.411,0.912,0.015,0.912,-0.411],"_shiftlockState":true,"_pose":"Running","_animationQueue":[],"_animationSpeed":1.103,"_zoom":9.168},{"_mousePosition":[683,384],"_rootPartCFrame":[760.813,223.097,47.775,-1,0,-0.015,0,1,0,0.015,0,-1],"_humanoidState":8,"_cameraCFrame":[759.071,232.98,44.059,-1,-0.002,0.001,0,0.405,0.914,-0.002,0.914,-0.405],"_shiftlockState":true,"_pose":"Running","_animationQueue":[["walk",0.1]],"_animationSpeed":1.103,"_zoom":9.168},{"_mousePosition":[683,384],"_rootPartCFrame":[760.48,223.094,47.78,-1,0,0.002,0,1,0,-0.002,0,-1],"_humanoidState":8,"_cameraCFrame":[758.799,232.997,44.083,-1,-0.017,0.008,0,0.4,0.917,-0.019,0.916,-0.4],"_shiftlockState":true,"_pose":"Running","_animationQueue":[],"_animationSpeed":1.103,"_zoom":9.168},{"_mousePosition":[683,384],"_rootPartCFrame":[760.213,223.074,47.78,-1,0,0.019,0,1,0,-0.019,0,-1],"_humanoidState":8,"_cameraCFrame":[758.597,233.004,44.115,-0.999,-0.034,0.014,0,0.393,0.92,-0.037,0.919,-0.393],"_shiftlockState":true,"_pose":"Running","_animationQueue":[],"_animationSpeed":1.103,"_zoom":9.168},{"_mousePosition":[683,384],"_rootPartCFrame":[760.013,223.073,47.777,-0.999,0,0.037,0,1,0,-0.037,0,-0.999],"_humanoidState":8,"_cameraCFrame":[758.456,233.026,44.139,-0.999,-0.049,0.021,0,0.387,0.922,-0.053,0.921,-0.387],"_shiftlockState":true,"_pose":"Running","_animationQueue":[],"_animationSpeed":1.103,"_zoom":9.168},{"_mousePosition":[683,384],"_rootPartCFrame":[759.68,223.073,47.766,-0.999,0,0.053,0,1,0,-0.053,0,-0.999],"_humanoidState":8,"_cameraCFrame":[758.173,233.044,44.146,-0.998,-0.063,0.026,0,0.383,0.924,-0.068,0.922,-0.382],"_shiftlockState":true,"_pose":"Running","_animationQueue":[],"_animationSpeed":1.103,"_zoom":9.168},{"_mousePosition":[683,384],"_rootPartCFrame":[759.48,223.077,47.756,-0.998,0,0.068,0,1,0,-0.068,0,-0.998],"_humanoidState":8,"_cameraCFrame":[758.012,233.061,44.153,-0.997,-0.074,0.03,0,0.379,0.925,-0.08,0.922,-0.378],"_shiftlockState":true,"_pose":"Running","_animationQueue":[],"_animationSpeed":1.103,"_zoom":9.168},{"_mousePosition":[683,384],"_rootPartCFrame":[759.214,223.066,47.738,-0.997,0,0.08,0,1,0,-0.08,0,-0.997],"_humanoidState":8,"_cameraCFrame":[757.778,233.061,44.149,-0.996,-0.082,0.033,0,0.376,0.927,-0.089,0.923,-0.374],"_shiftlockState":true,"_pose":"Running","_animationQueue":[["walk",0.1]],"_animationSpeed":1.103,"_zoom":9.168},{"_mousePosition":[683,384],"_rootPartCFrame":[758.948,223.067,47.717,-0.996,0,0.089,0,1,0,-0.089,0,-0.996],"_humanoidState":8,"_cameraCFrame":[757.524,233.074,44.15,-0.996,-0.086,0.035,0,0.373,0.928,-0.093,0.924,-0.371],"_shiftlockState":true,"_pose":"Running","_animationQueue":[],"_animationSpeed":1.103,"_zoom":9.168},{"_mousePosition":[683,384],"_rootPartCFrame":[758.616,223.02,47.691,-0.996,0,0.093,0,1,0,-0.093,0,-0.996],"_humanoidState":8,"_cameraCFrame":[757.194,233.035,44.142,-0.996,-0.087,0.035,0,0.371,0.929,-0.094,0.925,-0.369],"_shiftlockState":true,"_pose":"Running","_animationQueue":[],"_animationSpeed":1.103,"_zoom":9.168},{"_mousePosition":[683,384],"_rootPartCFrame":[758.417,222.951,47.675,-0.996,0,0.094,0,1,0,-0.094,0,-0.996],"_humanoidState":8,"_cameraCFrame":[756.997,232.971,44.138,-0.995,-0.088,0.035,0,0.369,0.929,-0.095,0.925,-0.368],"_shiftlockState":true,"_pose":"Running","_animationQueue":[],"_animationSpeed":1.103,"_zoom":9.168},{"_mousePosition":[683,384],"_rootPartCFrame":[758.151,222.811,47.654,-0.995,0,0.095,0,1,0,-0.095,0,-0.995],"_humanoidState":8,"_cameraCFrame":[756.728,232.842,44.145,-0.995,-0.089,0.035,0,0.366,0.931,-0.095,0.926,-0.365],"_shiftlockState":true,"_pose":"Running","_animationQueue":[],"_animationSpeed":1.103,"_zoom":9.168},{"_mousePosition":[683,384],"_rootPartCFrame":[757.818,223.895,47.627,-0.995,0,0.095,0,1,0,-0.095,0,-0.995],"_humanoidState":3,"_cameraCFrame":[756.394,233.934,44.139,-0.995,-0.089,0.035,0,0.364,0.931,-0.095,0.927,-0.362],"_shiftlockState":true,"_pose":"Jumping","_animationQueue":[["walk",0.1],["jump",0.1]],"_animationSpeed":1,"_zoom":9.168},{"_mousePosition":[683,384],"_rootPartCFrame":[757.619,224.507,47.609,-0.988,0,0.157,0,1,0,-0.157,0,-0.988],"_humanoidState":5,"_cameraCFrame":[756.193,234.554,44.141,-0.995,-0.089,0.034,0,0.362,0.932,-0.095,0.928,-0.36],"_shiftlockState":true,"_pose":"FreeFall","_animationQueue":[["jump",0.1]],"_animationSpeed":1,"_zoom":9.168},{"_mousePosition":[683,384],"_rootPartCFrame":[757.354,225.274,47.583,-0.976,0,0.219,0,1,0,-0.219,0,-0.976],"_humanoidState":5,"_cameraCFrame":[755.922,235.329,44.138,-0.996,-0.088,0.034,0,0.359,0.933,-0.094,0.929,-0.358],"_shiftlockState":true,"_pose":"FreeFall","_animationQueue":[],"_animationSpeed":1,"_zoom":9.168},{"_mousePosition":[683,384],"_rootPartCFrame":[757.089,225.987,47.558,-0.974,0,0.225,0,1,0,-0.225,0,-0.974],"_humanoidState":5,"_cameraCFrame":[755.645,236.048,44.13,-0.996,-0.085,0.033,0,0.358,0.934,-0.091,0.93,-0.356],"_shiftlockState":true,"_pose":"FreeFall","_animationQueue":[],"_animationSpeed":1,"_zoom":9.168},{"_mousePosition":[683,384],"_rootPartCFrame":[756.823,226.646,47.533,-0.975,0,0.222,0,1,0,-0.222,0,-0.975],"_humanoidState":5,"_cameraCFrame":[755.367,236.714,44.131,-0.996,-0.082,0.031,0,0.356,0.935,-0.088,0.931,-0.354],"_shiftlockState":true,"_pose":"FreeFall","_animationQueue":[],"_animationSpeed":1,"_zoom":9.168},{"_mousePosition":[683,384],"_rootPartCFrame":[756.558,227.25,47.508,-0.976,0,0.219,0,1,0,-0.219,0,-0.976],"_humanoidState":5,"_cameraCFrame":[755.088,237.328,44.138,-0.996,-0.079,0.03,0,0.353,0.936,-0.085,0.932,-0.351],"_shiftlockState":true,"_pose":"FreeFall","_animationQueue":[],"_animationSpeed":1,"_zoom":9.168},{"_mousePosition":[683,384],"_rootPartCFrame":[756.292,227.799,47.485,-0.976,0,0.216,0,1,0,-0.216,0,-0.976],"_humanoidState":5,"_cameraCFrame":[754.814,237.883,44.132,-0.997,-0.077,0.029,0,0.351,0.936,-0.083,0.933,-0.35],"_shiftlockState":true,"_pose":"FreeFall","_animationQueue":[],"_animationSpeed":1,"_zoom":9.168},{"_mousePosition":[683,384],"_rootPartCFrame":[756.026,228.294,47.462,-0.977,0,0.214,0,1,0,-0.214,0,-0.977],"_humanoidState":5,"_cameraCFrame":[754.544,238.381,44.117,-0.997,-0.076,0.029,0,0.35,0.937,-0.082,0.933,-0.349],"_shiftlockState":true,"_pose":"FreeFall","_animationQueue":[],"_animationSpeed":1,"_zoom":9.168},{"_mousePosition":[683,384],"_rootPartCFrame":[755.76,228.735,47.44,-0.977,0,0.213,0,1,0,-0.213,0,-0.977],"_humanoidState":5,"_cameraCFrame":[754.274,238.824,44.104,-0.997,-0.075,0.028,0,0.35,0.937,-0.081,0.934,-0.349],"_shiftlockState":true,"_pose":"FreeFall","_animationQueue":[],"_animationSpeed":1,"_zoom":9.168},{"_mousePosition":[683,384],"_rootPartCFrame":[755.495,229.121,47.418,-0.977,0,0.212,0,1,0,-0.212,0,-0.977],"_humanoidState":5,"_cameraCFrame":[754.001,239.213,44.092,-0.997,-0.074,0.027,0,0.349,0.937,-0.078,0.934,-0.348],"_shiftlockState":true,"_pose":"FreeFall","_animationQueue":[],"_animationSpeed":1,"_zoom":9.168},{"_mousePosition":[683,384],"_rootPartCFrame":[755.229,229.452,47.397,-0.978,0,0.21,0,1,0,-0.21,0,-0.978],"_humanoidState":5,"_cameraCFrame":[753.728,239.547,44.08,-0.997,-0.072,0.027,0,0.348,0.937,-0.076,0.935,-0.347],"_shiftlockState":true,"_pose":"FreeFall","_animationQueue":[],"_animationSpeed":1,"_zoom":9.168},{"_mousePosition":[683,384],"_rootPartCFrame":[754.963,229.729,47.376,-0.978,0,0.208,0,1,0,-0.208,0,-0.978],"_humanoidState":5,"_cameraCFrame":[753.451,239.826,44.071,-0.997,-0.069,0.025,0,0.347,0.938,-0.073,0.935,-0.346],"_shiftlockState":true,"_pose":"FreeFall","_animationQueue":[],"_animationSpeed":1,"_zoom":9.168},{"_mousePosition":[683,384],"_rootPartCFrame":[754.697,229.952,47.355,-0.979,0,0.205,0,1,0,-0.205,0,-0.979],"_humanoidState":5,"_cameraCFrame":[753.163,240.054,44.074,-0.998,-0.063,0.023,0,0.346,0.938,-0.067,0.936,-0.345],"_shiftlockState":true,"_pose":"FreeFall","_animationQueue":[],"_animationSpeed":1,"_zoom":9.168},{"_mousePosition":[683,384],"_rootPartCFrame":[754.431,230.12,47.336,-0.98,0,0.199,0,1,0,-0.199,0,-0.98],"_humanoidState":5,"_cameraCFrame":[752.873,240.227,44.08,-0.998,-0.056,0.021,0,0.344,0.939,-0.06,0.937,-0.344],"_shiftlockState":true,"_pose":"FreeFall","_animationQueue":[],"_animationSpeed":1,"_zoom":9.168},{"_mousePosition":[683,384],"_rootPartCFrame":[754.165,230.233,47.318,-0.981,0,0.192,0,1,0,-0.192,0,-0.981],"_humanoidState":5,"_cameraCFrame":[752.573,240.341,44.078,-0.999,-0.046,0.017,0,0.344,0.939,-0.049,0.938,-0.344],"_shiftlockState":true,"_pose":"FreeFall","_animationQueue":[],"_animationSpeed":1,"_zoom":9.168},{"_mousePosition":[683,384],"_rootPartCFrame":[753.832,230.299,47.297,-0.977,0,0.214,0,1,0,-0.214,0,-0.977],"_humanoidState":5,"_cameraCFrame":[752.206,240.406,44.075,-0.999,-0.036,0.013,0,0.344,0.939,-0.039,0.938,-0.344],"_shiftlockState":true,"_pose":"FreeFall","_animationQueue":[["fall",0.3]],"_animationSpeed":1,"_zoom":9.168},{"_mousePosition":[683,384],"_rootPartCFrame":[753.633,230.297,47.287,-0.99,0,0.138,0,1,0,-0.138,0,-0.99],"_humanoidState":5,"_cameraCFrame":[751.973,240.404,44.082,-1,-0.027,0.01,0,0.344,0.939,-0.028,0.938,-0.344],"_shiftlockState":true,"_pose":"FreeFall","_animationQueue":[],"_animationSpeed":1,"_zoom":9.168},{"_mousePosition":[683,384],"_rootPartCFrame":[753.366,230.247,47.276,-0.987,0,0.161,0,1,0,-0.161,0,-0.987],"_humanoidState":5,"_cameraCFrame":[751.67,240.349,44.076,-1,-0.016,0.006,0,0.346,0.938,-0.017,0.938,-0.346],"_shiftlockState":true,"_pose":"FreeFall","_animationQueue":[],"_animationSpeed":1,"_zoom":9.168},{"_mousePosition":[683,384],"_rootPartCFrame":[753.1,230.142,47.269,-0.989,0,0.149,0,1,0,-0.149,0,-0.989],"_humanoidState":5,"_cameraCFrame":[751.37,240.239,44.073,-1,-0.006,0.002,0,0.347,0.938,-0.006,0.938,-0.347],"_shiftlockState":true,"_pose":"FreeFall","_animationQueue":[],"_animationSpeed":1,"_zoom":9.168},{"_mousePosition":[683,384],"_rootPartCFrame":[752.833,229.983,47.264,-0.99,0,0.139,0,1,0,-0.139,0,-0.99],"_humanoidState":5,"_cameraCFrame":[751.06,240.07,44.064,-1,0.007,-0.003,0,0.35,0.937,0.007,0.937,-0.35],"_shiftlockState":true,"_pose":"FreeFall","_animationQueue":[],"_animationSpeed":1,"_zoom":9.168},{"_mousePosition":[683,384],"_rootPartCFrame":[752.566,229.77,47.262,-0.992,0,0.126,0,1,0,-0.126,0,-0.992],"_humanoidState":5,"_cameraCFrame":[750.749,239.838,44.038,-1,0.02,-0.007,0,0.356,0.935,0.021,0.934,-0.356],"_shiftlockState":true,"_pose":"FreeFall","_animationQueue":[],"_animationSpeed":1,"_zoom":9.168},{"_mousePosition":[683,384],"_rootPartCFrame":[752.233,229.426,47.263,-0.989,0,0.145,0,1,0,-0.145,0,-0.989],"_humanoidState":5,"_cameraCFrame":[750.349,239.468,44.007,-0.999,0.038,-0.015,0,0.363,0.932,0.041,0.931,-0.363],"_shiftlockState":true,"_pose":"FreeFall","_animationQueue":[],"_animationSpeed":1,"_zoom":9.168},{"_mousePosition":[683,384],"_rootPartCFrame":[752.033,229.179,47.267,-0.998,0,0.059,0,1,0,-0.059,0,-0.998],"_humanoidState":5,"_cameraCFrame":[750.056,239.172,43.938,-0.998,0.062,-0.025,0,0.377,0.926,0.067,0.924,-0.376],"_shiftlockState":true,"_pose":"FreeFall","_animationQueue":[["fall",0.3]],"_animationSpeed":1,"_zoom":9.168},{"_mousePosition":[683,384],"_rootPartCFrame":[751.7,228.7,47.28,-0.995,0,0.099,0,1,0,-0.099,0,-0.995],"_humanoidState":5,"_cameraCFrame":[749.609,238.618,43.834,-0.995,0.088,-0.038,0,0.396,0.918,0.096,0.914,-0.394],"_shiftlockState":true,"_pose":"FreeFall","_animationQueue":[],"_animationSpeed":1,"_zoom":9.168},{"_mousePosition":[683,384],"_rootPartCFrame":[751.434,228.255,47.297,-0.999,0,0.037,0,1,0,-0.037,0,-0.999],"_humanoidState":5,"_cameraCFrame":[749.254,238.122,43.783,-0.993,0.108,-0.048,0,0.409,0.913,0.118,0.906,-0.406],"_shiftlockState":true,"_pose":"FreeFall","_animationQueue":[],"_animationSpeed":1,"_zoom":9.168},{"_mousePosition":[683,384],"_rootPartCFrame":[751.235,227.885,47.315,-1,0,-0.018,0,1,0,0.018,0,-1],"_humanoidState":5,"_cameraCFrame":[749.007,237.713,43.738,-0.992,0.117,-0.054,0,0.418,0.908,0.128,0.901,-0.415],"_shiftlockState":true,"_pose":"FreeFall","_animationQueue":[],"_animationSpeed":1,"_zoom":9.168},{"_mousePosition":[683,384],"_rootPartCFrame":[750.97,227.345,47.345,-1,0,0.004,0,1,0,-0.004,0,-1],"_humanoidState":5,"_cameraCFrame":[748.735,237.16,43.744,-0.992,0.117,-0.055,0,0.421,0.907,0.129,0.899,-0.418],"_shiftlockState":true,"_pose":"FreeFall","_animationQueue":[],"_animationSpeed":1,"_zoom":9.168},{"_mousePosition":[683,384],"_rootPartCFrame":[750.639,226.592,47.388,-0.999,0,0.037,0,1,0,-0.037,0,-0.999],"_humanoidState":5,"_cameraCFrame":[748.404,236.408,43.786,-0.992,0.117,-0.055,0,0.421,0.907,0.129,0.899,-0.418],"_shiftlockState":true,"_pose":"FreeFall","_animationQueue":[],"_animationSpeed":1,"_zoom":9.168},{"_mousePosition":[683,384],"_rootPartCFrame":[750.441,226.1,47.414,-1,0,-0.03,0,1,0,0.03,0,-1],"_humanoidState":5,"_cameraCFrame":[748.206,235.916,43.812,-0.992,0.117,-0.055,0,0.421,0.907,0.129,0.899,-0.418],"_shiftlockState":true,"_pose":"FreeFall","_animationQueue":[],"_animationSpeed":1,"_zoom":9.168},{"_mousePosition":[683,384],"_rootPartCFrame":[750.177,225.396,47.448,-1,0,0.003,0,1,0,-0.003,0,-1],"_humanoidState":5,"_cameraCFrame":[747.942,235.212,43.847,-0.992,0.117,-0.055,0,0.421,0.907,0.129,0.899,-0.418],"_shiftlockState":true,"_pose":"FreeFall","_animationQueue":[["fall",0.3]],"_animationSpeed":1,"_zoom":9.168},{"_mousePosition":[683,384],"_rootPartCFrame":[749.912,224.638,47.483,-1,0,0.003,0,1,0,-0.003,0,-1],"_humanoidState":5,"_cameraCFrame":[747.677,234.453,43.881,-0.992,0.117,-0.055,0,0.421,0.907,0.129,0.899,-0.418],"_shiftlockState":true,"_pose":"FreeFall","_animationQueue":[],"_animationSpeed":1,"_zoom":9.168},{"_mousePosition":[683,384],"_rootPartCFrame":[749.582,223.613,47.526,-0.999,0,0.037,0,1,0,-0.037,0,-0.999],"_humanoidState":5,"_cameraCFrame":[747.347,233.429,43.925,-0.992,0.117,-0.055,0,0.421,0.907,0.129,0.899,-0.418],"_shiftlockState":true,"_pose":"FreeFall","_animationQueue":[],"_animationSpeed":1,"_zoom":9.168},{"_mousePosition":[683,384],"_rootPartCFrame":[749.404,222.957,47.518,-1,0,-0.029,0,1,0,0.029,0,-1],"_humanoidState":5,"_cameraCFrame":[747.245,232.757,43.835,-0.994,0.097,-0.046,0,0.425,0.905,0.108,0.9,-0.422],"_shiftlockState":true,"_pose":"FreeFall","_animationQueue":[],"_animationSpeed":1,"_zoom":9.168},{"_mousePosition":[683,384],"_rootPartCFrame":[749.11,221.796,47.552,-1,0,0.03,0,1,0,-0.03,0,-1],"_humanoidState":5,"_cameraCFrame":[747.579,231.519,43.41,-0.999,-0.048,0.024,0,0.442,0.897,-0.053,0.896,-0.442],"_shiftlockState":true,"_pose":"FreeFall","_animationQueue":[],"_animationSpeed":1,"_zoom":9.168},{"_mousePosition":[683,384],"_rootPartCFrame":[748.957,221.774,47.572,-0.997,0.002,0.071,0.002,1,-0.008,-0.071,-0.008,-0.997],"_humanoidState":12,"_cameraCFrame":[749.049,231.474,43.103,-0.912,-0.367,0.184,0,0.447,0.894,-0.411,0.816,-0.408],"_shiftlockState":true,"_pose":"Climbing","_animationQueue":[["walk",0.1],["fall",0.3],["climb",0.1],["climb",0]],"_animationSpeed":-4.78,"_zoom":9.168},{"_mousePosition":[683,384],"_rootPartCFrame":[748.837,221.945,47.304,-0.931,0.004,0.365,0.002,1,-0.005,-0.365,-0.003,-0.931],"_humanoidState":12,"_cameraCFrame":[750.584,231.764,43.441,-0.66,-0.682,0.316,0,0.42,0.907,-0.752,0.599,-0.277],"_shiftlockState":true,"_pose":"Climbing","_animationQueue":[["climb",0.1]],"_animationSpeed":0.625,"_zoom":9.168},{"_mousePosition":[683,384],"_rootPartCFrame":[748.62,221.933,47.093,-0.688,0.014,0.726,0.02,1,-0.001,-0.726,0.014,-0.688],"_humanoidState":8,"_cameraCFrame":[751.074,231.883,43.986,-0.437,-0.829,0.349,0,0.388,0.922,-0.899,0.403,-0.17],"_shiftlockState":true,"_pose":"Running","_animationQueue":[["walk",0.1],["climb",0.1],["walk",0.1],["walk",0.1]],"_animationSpeed":0.471,"_zoom":9.168},{"_mousePosition":[683,384],"_rootPartCFrame":[748.312,221.807,47.015,-0.427,-0.001,0.904,0.003,1,0.002,-0.904,0.003,-0.427],"_humanoidState":8,"_cameraCFrame":[749.686,232.076,44.135,-0.52,-0.817,0.249,0,0.292,0.957,-0.854,0.497,-0.152],"_shiftlockState":true,"_pose":"Running","_animationQueue":[["walk",0.1]],"_animationSpeed":0.92,"_zoom":9.168},{"_mousePosition":[683,384],"_rootPartCFrame":[748.116,222.469,47.003,-0.509,-0.003,0.861,-0.004,1,0.001,-0.861,-0.003,-0.509],"_humanoidState":3,"_cameraCFrame":[748.295,232.943,44.437,-0.681,-0.716,0.15,0,0.205,0.979,-0.732,0.667,-0.14],"_shiftlockState":true,"_pose":"Jumping","_animationQueue":[["walk",0.1],["jump",0.1]],"_animationSpeed":1,"_zoom":9.168},{"_mousePosition":[683,384],"_rootPartCFrame":[747.857,223.319,46.965,-0.608,-0.002,0.794,-0.004,1,0,-0.794,-0.003,-0.608],"_humanoidState":5,"_cameraCFrame":[747.472,233.843,44.607,-0.788,-0.607,0.109,0,0.176,0.984,-0.616,0.775,-0.139],"_shiftlockState":true,"_pose":"FreeFall","_animationQueue":[["jump",0.1]],"_animationSpeed":1,"_zoom":9.168},{"_mousePosition":[683,384],"_rootPartCFrame":[747.594,224.113,46.936,-0.706,-0.001,0.709,-0.001,1,0,-0.709,-0.001,-0.706],"_humanoidState":5,"_cameraCFrame":[747.237,234.6,44.439,-0.81,-0.575,0.116,0,0.198,0.98,-0.586,0.794,-0.16],"_shiftlockState":true,"_pose":"FreeFall","_animationQueue":[],"_animationSpeed":1,"_zoom":9.168},{"_mousePosition":[683,384],"_rootPartCFrame":[747.329,224.854,46.946,-0.738,0,0.675,0,1,0,-0.675,0,-0.738],"_humanoidState":5,"_cameraCFrame":[746.89,235.324,44.405,-0.839,-0.532,0.112,0,0.207,0.978,-0.544,0.821,-0.173],"_shiftlockState":true,"_pose":"FreeFall","_animationQueue":[],"_animationSpeed":1,"_zoom":9.168},{"_mousePosition":[683,384],"_rootPartCFrame":[747.065,225.539,46.986,-0.774,0,0.634,0,1,0,-0.634,0,-0.774],"_humanoidState":5,"_cameraCFrame":[746.516,235.991,44.401,-0.871,-0.48,0.106,0,0.216,0.976,-0.492,0.85,-0.188],"_shiftlockState":true,"_pose":"FreeFall","_animationQueue":[],"_animationSpeed":1,"_zoom":9.168},{"_mousePosition":[683,384],"_rootPartCFrame":[746.739,226.32,47.053,-0.793,0,0.609,0,1,0,-0.609,0,-0.793],"_humanoidState":5,"_cameraCFrame":[746.129,236.752,44.415,-0.889,-0.446,0.103,0,0.225,0.974,-0.458,0.866,-0.2],"_shiftlockState":true,"_pose":"FreeFall","_animationQueue":[],"_animationSpeed":1,"_zoom":9.168},{"_mousePosition":[683,384],"_rootPartCFrame":[746.546,226.747,47.105,-0.848,0,0.53,0,1,0,-0.53,0,-0.848],"_humanoidState":5,"_cameraCFrame":[745.91,237.161,44.409,-0.899,-0.425,0.102,0,0.234,0.972,-0.437,0.874,-0.211],"_shiftlockState":true,"_pose":"FreeFall","_animationQueue":[],"_animationSpeed":1,"_zoom":9.168},{"_mousePosition":[683,384],"_rootPartCFrame":[746.291,227.27,47.184,-0.847,0,0.532,0,1,0,-0.532,0,-0.847],"_humanoidState":5,"_cameraCFrame":[745.64,237.671,44.453,-0.905,-0.412,0.102,0,0.24,0.971,-0.425,0.879,-0.217],"_shiftlockState":true,"_pose":"FreeFall","_animationQueue":[],"_animationSpeed":1,"_zoom":9.168},{"_mousePosition":[683,384],"_rootPartCFrame":[746.039,227.738,47.271,-0.855,0,0.519,0,1,0,-0.519,0,-0.855],"_humanoidState":5,"_cameraCFrame":[745.351,238.135,44.536,-0.912,-0.398,0.099,0,0.241,0.97,-0.411,0.885,-0.22],"_shiftlockState":true,"_pose":"FreeFall","_animationQueue":[],"_animationSpeed":1,"_zoom":9.168},{"_mousePosition":[683,384],"_rootPartCFrame":[745.725,228.246,47.383,-0.849,0,0.528,0,1,0,-0.528,0,-0.849],"_humanoidState":5,"_cameraCFrame":[744.997,238.643,44.659,-0.918,-0.385,0.096,0,0.241,0.97,-0.397,0.891,-0.221],"_shiftlockState":true,"_pose":"FreeFall","_animationQueue":[],"_animationSpeed":1,"_zoom":9.168},{"_mousePosition":[683,384],"_rootPartCFrame":[745.538,228.51,47.454,-0.883,0,0.469,0,1,0,-0.469,0,-0.883],"_humanoidState":5,"_cameraCFrame":[744.807,238.909,44.736,-0.918,-0.386,0.095,0,0.24,0.971,-0.397,0.891,-0.221],"_shiftlockState":true,"_pose":"FreeFall","_animationQueue":[],"_animationSpeed":1,"_zoom":9.168},{"_mousePosition":[683,384],"_rootPartCFrame":[745.29,228.814,47.551,-0.871,0,0.491,0,1,0,-0.491,0,-0.871],"_humanoidState":5,"_cameraCFrame":[744.559,239.213,44.834,-0.918,-0.386,0.095,0,0.24,0.971,-0.397,0.891,-0.221],"_shiftlockState":true,"_pose":"FreeFall","_animationQueue":[],"_animationSpeed":1,"_zoom":9.168},{"_mousePosition":[683,384],"_rootPartCFrame":[745.042,229.064,47.649,-0.871,0,0.491,0,1,0,-0.491,0,-0.871],"_humanoidState":5,"_cameraCFrame":[744.311,239.463,44.932,-0.918,-0.386,0.095,0,0.24,0.971,-0.397,0.891,-0.221],"_shiftlockState":true,"_pose":"FreeFall","_animationQueue":[],"_animationSpeed":1,"_zoom":9.168},{"_mousePosition":[683,384],"_rootPartCFrame":[744.794,229.259,47.748,-0.871,0,0.491,0,1,0,-0.491,0,-0.871],"_humanoidState":5,"_cameraCFrame":[744.063,239.658,45.03,-0.918,-0.386,0.095,0,0.24,0.971,-0.397,0.891,-0.221],"_shiftlockState":true,"_pose":"FreeFall","_animationQueue":[],"_animationSpeed":1,"_zoom":9.168},{"_mousePosition":[683,384],"_rootPartCFrame":[744.546,229.4,47.846,-0.871,0,0.491,0,1,0,-0.491,0,-0.871],"_humanoidState":5,"_cameraCFrame":[743.815,239.799,45.128,-0.918,-0.386,0.095,0,0.24,0.971,-0.397,0.891,-0.221],"_shiftlockState":true,"_pose":"FreeFall","_animationQueue":[],"_animationSpeed":1,"_zoom":9.168},{"_mousePosition":[683,384],"_rootPartCFrame":[744.298,229.486,47.944,-0.871,0,0.491,0,1,0,-0.491,0,-0.871],"_humanoidState":5,"_cameraCFrame":[743.567,239.885,45.227,-0.918,-0.386,0.095,0,0.24,0.971,-0.397,0.891,-0.221],"_shiftlockState":true,"_pose":"FreeFall","_animationQueue":[],"_animationSpeed":1,"_zoom":9.168},{"_mousePosition":[683,384],"_rootPartCFrame":[744.05,229.518,48.042,-0.871,0,0.491,0,1,0,-0.491,0,-0.871],"_humanoidState":5,"_cameraCFrame":[743.319,239.917,45.325,-0.918,-0.386,0.095,0,0.24,0.971,-0.397,0.891,-0.221],"_shiftlockState":true,"_pose":"FreeFall","_animationQueue":[],"_animationSpeed":1,"_zoom":9.168},{"_mousePosition":[683,384],"_rootPartCFrame":[743.802,229.495,48.14,-0.871,0,0.491,0,1,0,-0.491,0,-0.871],"_humanoidState":5,"_cameraCFrame":[743.071,239.894,45.423,-0.918,-0.386,0.095,0,0.24,0.971,-0.397,0.891,-0.221],"_shiftlockState":true,"_pose":"FreeFall","_animationQueue":[],"_animationSpeed":1,"_zoom":9.168},{"_mousePosition":[683,384],"_rootPartCFrame":[743.554,229.418,48.238,-0.871,0,0.491,0,1,0,-0.491,0,-0.871],"_humanoidState":5,"_cameraCFrame":[742.823,239.817,45.521,-0.918,-0.386,0.095,0,0.24,0.971,-0.397,0.891,-0.221],"_shiftlockState":true,"_pose":"FreeFall","_animationQueue":[["fall",0.3]],"_animationSpeed":1,"_zoom":9.168},{"_mousePosition":[683,384]