[{"_mousePosition":[1178,362],"_rootPartCFrame":[776.025,222.952,47.142,0.002,0.003,1,0,1,-0.003,-1,0,0.002],"_humanoidState":8,"_cameraCFrame":[776.13,232.119,42.116,-1,-0.017,0.011,0,0.548,0.836,-0.02,0.836,-0.548],"_shiftlockState":false,"_pose":"Standing","_animationQueue":[],"_animationSpeed":1,"_zoom":9.168},{"_mousePosition":[1257,389],"_rootPartCFrame":[775.778,222.833,47.137,0.005,0,1,0,1,0,-1,0,0.005],"_humanoidState":8,"_cameraCFrame":[775.879,232,42.111,-1,-0.017,0.011,0,0.548,0.836,-0.02,0.836,-0.548],"_shiftlockState":false,"_pose":"Standing","_animationQueue":[],"_animationSpeed":1,"_zoom":9.168},{"_mousePosition":[1307,402],"_rootPartCFrame":[775.512,222.673,47.132,0.007,0,1,0,1,0,-1,0,0.007],"_humanoidState":8,"_cameraCFrame":[775.613,231.84,42.106,-1,-0.017,0.011,0,0.548,0.836,-0.02,0.836,-0.548],"_shiftlockState":false,"_pose":"Running","_animationQueue":[["walk",0.1]],"_animationSpeed":1.066,"_zoom":9.168},{"_mousePosition":[1323,407],"_rootPartCFrame":[775.246,222.653,47.126,0.008,0,1,0,1,0,-1,0,0.008],"_humanoidState":8,"_cameraCFrame":[775.347,231.82,42.101,-1,-0.017,0.011,0,0.548,0.836,-0.02,0.836,-0.548],"_shiftlockState":false,"_pose":"Running","_animationQueue":[],"_animationSpeed":1.066,"_zoom":9.168},{"_mousePosition":[1365,434],"_rootPartCFrame":[774.979,222.669,47.121,0.01,0,1,0,1,0,-1,0,0.01],"_humanoidState":8,"_cameraCFrame":[775.08,231.837,42.095,-1,-0.017,0.011,0,0.548,0.836,-0.02,0.836,-0.548],"_shiftlockState":false,"_pose":"Running","_animationQueue":[],"_animationSpeed":1.066,"_zoom":9.168},{"_mousePosition":[1365,439],"_rootPartCFrame":[774.713,222.683,47.116,0.011,0,1,0,1,0,-1,0,0.011],"_humanoidState":8,"_cameraCFrame":[774.814,231.85,42.09,-1,-0.017,0.011,0,0.548,0.836,-0.02,0.836,-0.548],"_shiftlockState":false,"_pose":"Running","_animationQueue":[],"_animationSpeed":1.066,"_zoom":9.168},{"_mousePosition":[1365,467],"_rootPartCFrame":[774.446,222.69,47.11,0.013,0,1,0,1,0,-1,0,0.013],"_humanoidState":8,"_cameraCFrame":[772.797,231.857,42.049,-1,-0.017,0.011,0,0.548,0.836,-0.02,0.836,-0.548],"_shiftlockState":true,"_pose":"Running","_animationQueue":[["walk",0.1]],"_animationSpeed":1.066,"_zoom":9.168},{"_mousePosition":[683,384],"_rootPartCFrame":[774.113,222.695,47.104,-0.997,0,-0.076,0,1,0,0.076,0,-0.997],"_humanoidState":8,"_cameraCFrame":[772.464,231.863,42.043,-1,-0.017,0.011,0,0.548,0.836,-0.02,0.836,-0.548],"_shiftlockState":true,"_pose":"Running","_animationQueue":[],"_animationSpeed":1.066,"_zoom":9.168},{"_mousePosition":[683,384],"_rootPartCFrame":[773.913,222.697,47.1,-1,0,-0.007,0,1,0,0.007,0,-1],"_humanoidState":8,"_cameraCFrame":[772.515,231.912,42.037,-0.998,-0.059,0.038,0,0.54,0.842,-0.07,0.839,-0.539],"_shiftlockState":true,"_pose":"Running","_animationQueue":[],"_animationSpeed":1.066,"_zoom":9.168},{"_mousePosition":[683,384],"_rootPartCFrame":[773.646,222.698,47.094,-0.998,0,0.064,0,1,0,-0.064,0,-0.998],"_humanoidState":8,"_cameraCFrame":[772.443,231.961,42.054,-0.994,-0.093,0.058,0,0.532,0.847,-0.11,0.842,-0.529],"_shiftlockState":true,"_pose":"Running","_animationQueue":[],"_animationSpeed":1.066,"_zoom":9.168},{"_mousePosition":[683,384],"_rootPartCFrame":[773.38,222.699,47.077,-0.994,0,0.109,0,1,0,-0.109,0,-0.994],"_humanoidState":8,"_cameraCFrame":[772.315,232.009,42.079,-0.99,-0.118,0.073,0,0.524,0.852,-0.139,0.844,-0.519],"_shiftlockState":true,"_pose":"Running","_animationQueue":[],"_animationSpeed":1.066,"_zoom":9.168},{"_mousePosition":[683,384],"_rootPartCFrame":[773.115,222.699,47.05,-0.99,0,0.139,0,1,0,-0.139,0,-0.99],"_humanoidState":8,"_cameraCFrame":[772.119,232.044,42.091,-0.988,-0.132,0.08,0,0.518,0.856,-0.155,0.845,-0.511],"_shiftlockState":true,"_pose":"Running","_animationQueue":[],"_animationSpeed":1.066,"_zoom":9.168},{"_mousePosition":[683,384],"_rootPartCFrame":[772.851,222.699,47.014,-0.988,0,0.155,0,1,0,-0.155,0,-0.988],"_humanoidState":8,"_cameraCFrame":[771.88,232.067,42.086,-0.987,-0.138,0.083,0,0.513,0.858,-0.161,0.847,-0.507],"_shiftlockState":true,"_pose":"Running","_animationQueue":[["walk",0.1]],"_animationSpeed":1.066,"_zoom":9.168},{"_mousePosition":[683,384],"_rootPartCFrame":[772.587,222.7,46.973,-0.987,0,0.161,0,1,0,-0.161,0,-0.987],"_humanoidState":8,"_cameraCFrame":[771.656,232.108,42.105,-0.985,-0.148,0.087,0,0.506,0.863,-0.171,0.85,-0.498],"_shiftlockState":true,"_pose":"Running","_animationQueue":[],"_animationSpeed":1.066,"_zoom":9.168},{"_mousePosition":[683,384],"_rootPartCFrame":[772.324,222.7,46.931,-0.985,0,0.171,0,1,0,-0.171,0,-0.985],"_humanoidState":8,"_cameraCFrame":[771.515,232.197,42.186,-0.979,-0.176,0.099,0,0.489,0.872,-0.202,0.854,-0.479],"_shiftlockState":true,"_pose":"Running","_animationQueue":[],"_animationSpeed":1.066,"_zoom":9.168},{"_mousePosition":[683,384],"_rootPartCFrame":[771.996,222.7,46.874,-0.979,0,0.202,0,1,0,-0.202,0,-0.979],"_humanoidState":8,"_cameraCFrame":[771.416,232.292,42.26,-0.966,-0.228,0.121,0,0.47,0.883,-0.258,0.853,-0.454],"_shiftlockState":true,"_pose":"Running","_animationQueue":[],"_animationSpeed":1.066,"_zoom":9.168},{"_mousePosition":[683,384],"_rootPartCFrame":[771.799,222.7,46.835,-0.966,0,0.258,0,1,0,-0.258,0,-0.966],"_humanoidState":8,"_cameraCFrame":[771.485,232.381,42.353,-0.946,-0.289,0.146,0,0.451,0.892,-0.324,0.844,-0.427],"_shiftlockState":true,"_pose":"Running","_animationQueue":[],"_animationSpeed":1.066,"_zoom":9.168},{"_mousePosition":[683,384],"_rootPartCFrame":[771.541,222.7,46.768,-0.946,0,0.324,0,1,0,-0.324,0,-0.946],"_humanoidState":8,"_cameraCFrame":[771.467,232.446,42.398,-0.923,-0.346,0.168,0,0.437,0.9,-0.385,0.83,-0.403],"_shiftlockState":true,"_pose":"Running","_animationQueue":[],"_animationSpeed":1.066,"_zoom":9.168},{"_mousePosition":[683,384],"_rootPartCFrame":[771.288,222.7,46.685,-0.923,0,0.385,0,1,0,-0.385,0,-0.923],"_humanoidState":8,"_cameraCFrame":[771.367,232.491,42.4,-0.905,-0.384,0.181,0,0.427,0.904,-0.425,0.819,-0.386],"_shiftlockState":true,"_pose":"Running","_animationQueue":[],"_animationSpeed":1.066,"_zoom":9.168},{"_mousePosition":[683,384],"_rootPartCFrame":[771.041,222.7,46.584,-0.905,0,0.425,0,1,0,-0.425,0,-0.905],"_humanoidState":8,"_cameraCFrame":[771.182,232.547,42.411,-0.893,-0.409,0.186,0,0.414,0.91,-0.449,0.813,-0.369],"_shiftlockState":true,"_pose":"Running","_animationQueue":[["walk",0.1]],"_animationSpeed":1.066,"_zoom":9.168},{"_mousePosition":[683,384],"_rootPartCFrame":[770.799,222.7,46.473,-0.893,0,0.449,0,1,0,-0.449,0,-0.893],"_humanoidState":8,"_cameraCFrame":[770.916,232.628,42.464,-0.887,-0.425,0.182,0,0.394,0.919,-0.463,0.815,-0.349],"_shiftlockState":true,"_pose":"Running","_animationQueue":[],"_animationSpeed":1.066,"_zoom":9.168},{"_mousePosition":[683,384],"_rootPartCFrame":[770.56,222.7,46.354,-0.887,0,0.463,0,1,0,-0.463,0,-0.887],"_humanoidState":8,"_cameraCFrame":[770.64,232.676,42.448,-0.885,-0.431,0.178,0,0.381,0.925,-0.466,0.818,-0.337],"_shiftlockState":true,"_pose":"Running","_animationQueue":[],"_animationSpeed":1.066,"_zoom":9.168},{"_mousePosition":[683,384],"_rootPartCFrame":[770.264,222.7,46.2,-0.885,0,0.466,0,1,0,-0.466,0,-0.885],"_humanoidState":8,"_cameraCFrame":[770.341,232.679,42.3,-0.885,-0.431,0.177,0,0.38,0.925,-0.466,0.818,-0.336],"_shiftlockState":true,"_pose":"Running","_animationQueue":[],"_animationSpeed":1.066,"_zoom":9.168},{"_mousePosition":[683,384],"_rootPartCFrame":[770.029,222.7,46.076,-0.885,0,0.466,0,1,0,-0.466,0,-0.885],"_humanoidState":8,"_cameraCFrame":[770.106,232.679,42.176,-0.885,-0.431,0.177,0,0.38,0.925,-0.466,0.818,-0.336],"_shiftlockState":true,"_pose":"Running","_animationQueue":[],"_animationSpeed":1.066,"_zoom":9.168},{"_mousePosition":[683,384],"_rootPartCFrame":[769.793,222.666,45.952,-0.885,0,0.466,0,1,0,-0.466,0,-0.885],"_humanoidState":8,"_cameraCFrame":[769.87,232.645,42.052,-0.885,-0.431,0.177,0,0.38,0.925,-0.466,0.818,-0.336],"_shiftlockState":true,"_pose":"Running","_animationQueue":[],"_animationSpeed":1.066,"_zoom":9.168},{"_mousePosition":[683,384],"_rootPartCFrame":[769.557,222.577,45.827,-0.885,0,0.466,0,1,0,-0.466,0,-0.885],"_humanoidState":8,"_cameraCFrame":[769.634,232.556,41.928,-0.885,-0.431,0.177,0,0.38,0.925,-0.466,0.818,-0.336],"_shiftlockState":true,"_pose":"Running","_animationQueue":[],"_animationSpeed":1.066,"_zoom":9.168},{"_mousePosition":[683,384],"_rootPartCFrame":[769.321,222.434,45.703,-0.885,0,0.466,0,1,0,-0.466,0,-0.885],"_humanoidState":8,"_cameraCFrame":[769.398,232.413,41.803,-0.885,-0.431,0.177,0,0.38,0.925,-0.466,0.818,-0.336],"_shiftlockState":true,"_pose":"Running","_animationQueue":[["walk",0.1]],"_animationSpeed":1.066,"_zoom":9.168},{"_mousePosition":[683,384],"_rootPartCFrame":[769.085,222.236,45.579,-0.885,0,0.466,0,1,0,-0.466,0,-0.885],"_humanoidState":8,"_cameraCFrame":[769.162,232.216,41.679,-0.885,-0.431,0.177,0,0.38,0.925,-0.466,0.818,-0.336],"_shiftlockState":true,"_pose":"Running","_animationQueue":[],"_animationSpeed":1.066,"_zoom":9.168},{"_mousePosition":[683,384],"_rootPartCFrame":[768.849,223.11,45.454,-0.885,0,0.466,0,1,0,-0.466,0,-0.885],"_humanoidState":3,"_cameraCFrame":[768.926,233.089,41.555,-0.885,-0.431,0.177,0,0.38,0.925,-0.466,0.818,-0.336],"_shiftlockState":true,"_pose":"Jumping","_animationQueue":[["walk",0.1],["jump",0.1]],"_animationSpeed":1,"_zoom":9.168},{"_mousePosition":[683,384],"_rootPartCFrame":[768.613,223.932,45.33,-0.838,0,0.546,0,1,0,-0.546,0,-0.838],"_humanoidState":5,"_cameraCFrame":[768.69,233.911,41.43,-0.885,-0.431,0.177,0,0.38,0.925,-0.466,0.818,-0.336],"_shiftlockState":true,"_pose":"FreeFall","_animationQueue":[["jump",0.1]],"_animationSpeed":1,"_zoom":9.168},{"_mousePosition":[683,384],"_rootPartCFrame":[768.378,224.699,45.206,-0.818,0,0.576,0,1,0,-0.576,0,-0.818],"_humanoidState":5,"_cameraCFrame":[768.455,234.679,41.306,-0.885,-0.431,0.177,0,0.38,0.925,-0.466,0.818,-0.336],"_shiftlockState":true,"_pose":"FreeFall","_animationQueue":[],"_animationSpeed":1,"_zoom":9.168},{"_mousePosition":[683,384],"_rootPartCFrame":[768.142,225.412,45.081,-0.815,0,0.579,0,1,0,-0.579,0,-0.815],"_humanoidState":5,"_cameraCFrame":[768.219,235.392,41.182,-0.885,-0.431,0.177,0,0.38,0.925,-0.466,0.818,-0.336],"_shiftlockState":true,"_pose":"FreeFall","_animationQueue":[],"_animationSpeed":1,"_zoom":9.168},{"_mousePosition":[683,384],"_rootPartCFrame":[767.906,226.071,44.957,-0.815,0,0.58,0,1,0,-0.58,0,-0.815],"_humanoidState":5,"_cameraCFrame":[767.983,236.05,41.057,-0.885,-0.431,0.177,0,0.38,0.925,-0.466,0.818,-0.336],"_shiftlockState":true,"_pose":"FreeFall","_animationQueue":[],"_animationSpeed":1,"_zoom":9.168},{"_mousePosition":[683,384],"_rootPartCFrame":[767.67,226.675,44.833,-0.815,0,0.58,0,1,0,-0.58,0,-0.815],"_humanoidState":5,"_cameraCFrame":[767.739,236.654,40.933,-0.886,-0.43,0.177,0,0.38,0.925,-0.464,0.819,-0.337],"_shiftlockState":true,"_pose":"FreeFall","_animationQueue":[],"_animationSpeed":1,"_zoom":9.168},{"_mousePosition":[683,384],"_rootPartCFrame":[767.434,227.224,44.708,-0.816,0,0.578,0,1,0,-0.578,0,-0.816],"_humanoidState":5,"_cameraCFrame":[767.453,237.212,40.826,-0.89,-0.421,0.172,0,0.378,0.926,-0.455,0.824,-0.337],"_shiftlockState":true,"_pose":"FreeFall","_animationQueue":[],"_animationSpeed":1,"_zoom":9.168},{"_mousePosition":[683,384],"_rootPartCFrame":[767.198,227.719,44.584,-0.822,0,0.569,0,1,0,-0.569,0,-0.822],"_humanoidState":5,"_cameraCFrame":[767.143,237.715,40.721,-0.898,-0.408,0.165,0,0.376,0.927,-0.44,0.832,-0.337],"_shiftlockState":true,"_pose":"FreeFall","_animationQueue":[],"_animationSpeed":1,"_zoom":9.168},{"_mousePosition":[683,384],"_rootPartCFrame":[766.961,228.16,44.463,-0.832,0,0.555,0,1,0,-0.555,0,-0.832],"_humanoidState":5,"_cameraCFrame":[766.827,238.161,40.613,-0.906,-0.392,0.158,0,0.374,0.927,-0.423,0.84,-0.339],"_shiftlockState":true,"_pose":"FreeFall","_animationQueue":[],"_animationSpeed":1,"_zoom":9.168},{"_mousePosition":[683,384],"_rootPartCFrame":[766.722,228.546,44.345,-0.842,0,0.54,0,1,0,-0.54,0,-0.842],"_humanoidState":5,"_cameraCFrame":[766.541,238.55,40.504,-0.911,-0.383,0.154,0,0.373,0.928,-0.413,0.845,-0.34],"_shiftlockState":true,"_pose":"FreeFall","_animationQueue":[],"_animationSpeed":1,"_zoom":9.168},{"_mousePosition":[683,384],"_rootPartCFrame":[766.48,228.877,44.231,-0.848,0,0.53,0,1,0,-0.53,0,-0.848],"_humanoidState":5,"_cameraCFrame":[766.221,238.887,40.407,-0.919,-0.367,0.147,0,0.372,0.928,-0.395,0.853,-0.342],"_shiftlockState":true,"_pose":"FreeFall","_animationQueue":[],"_animationSpeed":1,"_zoom":9.168},{"_mousePosition":[683,384],"_rootPartCFrame":[766.238,229.154,44.121,-0.858,0,0.514,0,1,0,-0.514,0,-0.858],"_humanoidState":5,"_cameraCFrame":[765.888,239.167,40.31,-0.927,-0.347,0.139,0,0.371,0.929,-0.374,0.861,-0.344],"_shiftlockState":true,"_pose":"FreeFall","_animationQueue":[],"_animationSpeed":1,"_zoom":9.168},{"_mousePosition":[683,384],"_rootPartCFrame":[765.993,229.377,44.015,-0.869,0,0.494,0,1,0,-0.494,0,-0.869],"_humanoidState":5,"_cameraCFrame":[765.524,239.39,40.216,-0.939,-0.32,0.128,0,0.371,0.929,-0.345,0.872,-0.348],"_shiftlockState":true,"_pose":"FreeFall","_animationQueue":[],"_animationSpeed":1,"_zoom":9.168},{"_mousePosition":[683,384],"_rootPartCFrame":[765.684,229.578,43.889,-0.869,0,0.496,0,1,0,-0.496,0,-0.869],"_humanoidState":5,"_cameraCFrame":[765.08,239.591,40.11,-0.95,-0.289,0.116,0,0.371,0.929,-0.311,0.882,-0.353],"_shiftlockState":true,"_pose":"FreeFall","_animationQueue":[],"_animationSpeed":1,"_zoom":9.168},{"_mousePosition":[683,384],"_rootPartCFrame":[765.497,229.658,43.819,-0.915,0,0.404,0,1,0,-0.404,0,-0.915],"_humanoidState":5,"_cameraCFrame":[764.696,239.666,40.064,-0.966,-0.241,0.097,0,0.373,0.928,-0.26,0.896,-0.36],"_shiftlockState":true,"_pose":"FreeFall","_animationQueue":[],"_animationSpeed":1,"_zoom":9.168},{"_mousePosition":[683,384],"_rootPartCFrame":[765.244,229.717,43.735,-0.923,0,0.386,0,1,0,-0.386,0,-0.923],"_humanoidState":5,"_cameraCFrame":[764.263,239.725,40.023,-0.977,-0.198,0.079,0,0.373,0.928,-0.213,0.907,-0.364],"_shiftlockState":true,"_pose":"FreeFall","_animationQueue":[],"_animationSpeed":1,"_zoom":9.168},{"_mousePosition":[683,384],"_rootPartCFrame":[764.987,229.722,43.663,-0.94,0,0.341,0,1,0,-0.341,0,-0.94],"_humanoidState":5,"_cameraCFrame":[763.812,239.732,40.015,-0.987,-0.15,0.06,0,0.372,0.928,-0.162,0.916,-0.367],"_shiftlockState":true,"_pose":"FreeFall","_animationQueue":[],"_animationSpeed":1,"_zoom":9.168},{"_mousePosition":[683,384],"_rootPartCFrame":[764.662,229.651,43.59,-0.946,0,0.323,0,1,0,-0.323,0,-0.946],"_humanoidState":5,"_cameraCFrame":[763.315,239.664,40.008,-0.993,-0.107,0.043,0,0.371,0.929,-0.115,0.922,-0.369],"_shiftlockState":true,"_pose":"FreeFall","_animationQueue":[["fall",0.3]],"_animationSpeed":1,"_zoom":9.168},{"_mousePosition":[683,384],"_rootPartCFrame":[764.465,229.567,43.556,-0.977,0,0.214,0,1,0,-0.214,0,-0.977],"_humanoidState":5,"_cameraCFrame":[762.899,239.586,40.077,-0.999,-0.05,0.02,0,0.37,0.929,-0.054,0.928,-0.369],"_shiftlockState":true,"_pose":"FreeFall","_animationQueue":[],"_animationSpeed":1,"_zoom":9.168},{"_mousePosition":[683,384],"_rootPartCFrame":[764.2,229.408,43.523,-0.983,0,0.186,0,1,0,-0.186,0,-0.983],"_humanoidState":5,"_cameraCFrame":[762.487,239.427,40.115,-1,-0.01,0.004,0,0.37,0.929,-0.011,0.929,-0.37],"_shiftlockState":true,"_pose":"FreeFall","_animationQueue":[],"_animationSpeed":1,"_zoom":9.168},{"_mousePosition":[683,384],"_rootPartCFrame":[763.934,229.195,43.506,-0.99,0,0.143,0,1,0,-0.143,0,-0.99],"_humanoidState":5,"_cameraCFrame":[762.055,239.211,40.18,-0.999,0.036,-0.014,0,0.37,0.929,0.039,0.928,-0.37],"_shiftlockState":true,"_pose":"FreeFall","_animationQueue":[],"_animationSpeed":1,"_zoom":9.168},{"_mousePosition":[683,384],"_rootPartCFrame":[763.668,228.927,43.502,-0.996,0,0.095,0,1,0,-0.095,0,-0.996],"_humanoidState":5,"_cameraCFrame":[761.629,238.937,40.256,-0.996,0.08,-0.032,0,0.372,0.928,0.087,0.925,-0.371],"_shiftlockState":true,"_pose":"FreeFall","_animationQueue":[],"_animationSpeed":1,"_zoom":9.168},{"_mousePosition":[683,384],"_rootPartCFrame":[763.401,228.605,43.51,-0.999,0,0.047,0,1,0,-0.047,0,-0.999],"_humanoidState":5,"_cameraCFrame":[761.178,238.604,40.357,-0.99,0.132,-0.054,0,0.375,0.927,0.143,0.918,-0.371],"_shiftlockState":true,"_pose":"FreeFall","_animationQueue":[],"_animationSpeed":1,"_zoom":9.168},{"_mousePosition":[683,384],"_rootPartCFrame":[763.135,228.228,43.531,-1,0,-0.01,0,1,0,0.01,0,-1],"_humanoidState":5,"_cameraCFrame":[760.731,238.218,40.492,-0.98,0.185,-0.075,0,0.377,0.926,0.2,0.907,-0.37],"_shiftlockState":true,"_pose":"FreeFall","_animationQueue":[],"_animationSpeed":1,"_zoom":9.168},{"_mousePosition":[683,384],"_rootPartCFrame":[762.871,227.796,43.567,-0.998,0,-0.068,0,1,0,0.068,0,-0.998],"_humanoidState":5,"_cameraCFrame":[760.284,237.778,40.657,-0.966,0.238,-0.098,0,0.379,0.925,0.258,0.894,-0.367],"_shiftlockState":true,"_pose":"FreeFall","_animationQueue":[["fall",0.3]],"_animationSpeed":1,"_zoom":9.168},{"_mousePosition":[683,384],"_rootPartCFrame":[762.544,227.18,43.631,-0.996,0,-0.094,0,1,0,0.094,0,-0.996],"_humanoidState":5,"_cameraCFrame":[759.841,237.16,40.819,-0.955,0.274,-0.112,0,0.38,0.925,0.296,0.883,-0.363],"_shiftlockState":true,"_pose":"FreeFall","_animationQueue":[],"_animationSpeed":1,"_zoom":9.168},{"_mousePosition":[683,384],"_rootPartCFrame":[762.351,226.77,43.681,-0.98,0,-0.199,0,1,0,0.199,0,-0.98],"_humanoidState":5,"_cameraCFrame":[759.571,236.741,40.918,-0.947,0.295,-0.122,0,0.382,0.924,0.32,0.875,-0.362],"_shiftlockState":true,"_pose":"FreeFall","_animationQueue":[],"_animationSpeed":1,"_zoom":9.168},{"_mousePosition":[683,384],"_rootPartCFrame":[762.095,226.175,43.758,-0.982,0,-0.191,0,1,0,0.191,0,-0.982],"_humanoidState":5,"_cameraCFrame":[759.312,236.14,40.982,-0.947,0.295,-0.123,0,0.384,0.923,0.32,0.875,-0.364],"_shiftlockState":true,"_pose":"FreeFall","_animationQueue":[],"_animationSpeed":1,"_zoom":9.168},{"_mousePosition":[683,384],"_rootPartCFrame":[761.865,225.525,43.766,-0.982,0,-0.19,0,1,0,0.19,0,-0.982],"_humanoidState":5,"_cameraCFrame":[759.144,235.47,40.87,-0.956,0.271,-0.114,0,0.389,0.921,0.294,0.881,-0.372],"_shiftlockState":true,"_pose":"FreeFall","_animationQueue":[],"_animationSpeed":1,"_zoom":9.168},{"_mousePosition":[683,384],"_rootPartCFrame":[761.577,224.637,43.758,-0.991,0,-0.131,0,1,0,0.131,0,-0.991],"_humanoidState":5,"_cameraCFrame":[759.003,234.556,40.659,-0.97,0.222,-0.096,0,0.396,0.918,0.241,0.891,-0.384],"_shiftlockState":true,"_pose":"FreeFall","_animationQueue":[],"_animationSpeed":1,"_zoom":9.168},{"_mousePosition":[683,384],"_rootPartCFrame":[761.391,224.063,43.779,-0.99,0,-0.143,0,1,0,0.143,0,-0.99],"_humanoidState":5,"_cameraCFrame":[759.103,233.964,40.419,-0.988,0.139,-0.061,0,0.4,0.916,0.152,0.906,-0.396],"_shiftlockState":true,"_pose":"FreeFall","_animationQueue":[],"_animationSpeed":1,"_zoom":9.168},{"_mousePosition":[683,384],"_rootPartCFrame":[761.07,223.038,43.853,-1,0,0.014,0,1,0,-0.014,0,-1],"_humanoidState":5,"_cameraCFrame":[759.056,232.937,40.314,-0.997,0.067,-0.029,0,0.401,0.916,0.073,0.914,-0.4],"_shiftlockState":true,"_pose":"FreeFall","_animationQueue":[["fall",0.3]],"_animationSpeed":1,"_zoom":9.168},{"_mousePosition":[683,384],"_rootPartCFrame":[760.89,223.031,43.897,-0.999,0,-0.036,0,1,0,0.036,0,-0.999],"_humanoidState":12,"_cameraCFrame":[759.133,232.936,40.238,-1,0.002,-0.001,0,0.4,0.917,0.002,0.917,-0.4],"_shiftlockState":true,"_pose":"Climbing","_animationQueue":[["walk",0.1],["fall",0.3],["climb",0.1],["climb",0]],"_animationSpeed":-4.235,"_zoom":9.168},{"_mousePosition":[683,384],"_rootPartCFrame":[760.659,223.726,43.358,-1,0,0.024,0,1,0,-0.024,0,-1],"_humanoidState":3,"_cameraCFrame":[759.095,233.645,39.645,-0.999,-0.046,0.02,0,0.396,0.918,-0.05,0.917,-0.395],"_shiftlockState":true,"_pose":"Jumping","_animationQueue":[["climb",0.1],["jump",0.1]],"_animationSpeed":1,"_zoom":9.168},{"_mousePosition":[683,384],"_rootPartCFrame":[760.427,224.365,42.843,-0.989,0,0.15,0,1,0,-0.15,0,-0.989],"_humanoidState":5,"_cameraCFrame":[758.947,234.293,39.116,-0.997,-0.067,0.029,0,0.394,0.919,-0.073,0.917,-0.393],"_shiftlockState":true,"_pose":"FreeFall","_animationQueue":[["jump",0.1]],"_animationSpeed":1,"_zoom":9.168},{"_mousePosition":[683,384],"_rootPartCFrame":[760.133,225.089,42.255,-0.972,0,0.234,0,1,0,-0.234,0,-0.972],"_humanoidState":5,"_cameraCFrame":[758.667,235.02,38.529,-0.997,-0.071,0.03,0,0.393,0.92,-0.078,0.917,-0.392],"_shiftlockState":true,"_pose":"FreeFall","_animationQueue":[],"_animationSpeed":1,"_zoom":9.168},{"_mousePosition":[683,384],"_rootPartCFrame":[759.954,225.482,41.932,-0.984,0,0.176,0,1,0,-0.176,0,-0.984],"_humanoidState":5,"_cameraCFrame":[758.489,235.413,38.206,-0.997,-0.071,0.03,0,0.393,0.92,-0.078,0.917,-0.392],"_shiftlockState":true,"_pose":"FreeFall","_animationQueue":[],"_animationSpeed":1,"_zoom":9.168},{"_mousePosition":[683,384],"_rootPartCFrame":[759.713,225.958,41.536,-0.978,0,0.209,0,1,0,-0.209,0,-0.978],"_humanoidState":5,"_cameraCFrame":[758.224,235.895,37.833,-0.997,-0.066,0.028,0,0.391,0.92,-0.071,0.918,-0.39],"_shiftlockState":true,"_pose":"FreeFall","_animationQueue":[],"_animationSpeed":1,"_zoom":9.168},{"_mousePosition":[683,384],"_rootPartCFrame":[759.47,226.38,41.18,-0.979,0,0.203,0,1,0,-0.203,0,-0.979],"_humanoidState":5,"_cameraCFrame":[757.953,236.323,37.501,-0.998,-0.059,0.025,0,0.39,0.921,-0.064,0.919,-0.389],"_shiftlockState":true,"_pose":"FreeFall","_animationQueue":[],"_animationSpeed":1,"_zoom":9.168},{"_mousePosition":[683,384],"_rootPartCFrame":[759.224,226.748,40.864,-0.981,0,0.196,0,1,0,-0.196,0,-0.981],"_humanoidState":5,"_cameraCFrame":[757.679,236.696,37.209,-0.998,-0.052,0.022,0,0.388,0.921,-0.057,0.92,-0.388],"_shiftlockState":true,"_pose":"FreeFall","_animationQueue":[],"_animationSpeed":1,"_zoom":9.168},{"_mousePosition":[683,384],"_rootPartCFrame":[758.976,227.061,40.587,-0.982,0,0.189,0,1,0,-0.189,0,-0.982],"_humanoidState":5,"_cameraCFrame":[757.392,237.012,36.956,-0.999,-0.043,0.018,0,0.388,0.922,-0.046,0.921,-0.387],"_shiftlockState":true,"_pose":"FreeFall","_animationQueue":[],"_animationSpeed":1,"_zoom":9.168},{"_mousePosition":[683,384],"_rootPartCFrame":[758.661,227.375,40.296,-0.977,0,0.211,0,1,0,-0.211,0,-0.977],"_humanoidState":5,"_cameraCFrame":[757.051,237.329,36.684,-0.999,-0.036,0.015,0,0.387,0.922,-0.039,0.921,-0.387],"_shiftlockState":true,"_pose":"FreeFall","_animationQueue":[],"_animationSpeed":1,"_zoom":9.168},{"_mousePosition":[683,384],"_rootPartCFrame":[758.471,227.523,40.152,-0.99,0,0.138,0,1,0,-0.138,0,-0.99],"_humanoidState":5,"_cameraCFrame":[756.833,237.483,36.565,-1,-0.029,0.012,0,0.385,0.923,-0.032,0.922,-0.385],"_shiftlockState":true,"_pose":"FreeFall","_animationQueue":[],"_animationSpeed":1,"_zoom":9.168},{"_mousePosition":[683,384],"_rootPartCFrame":[758.214,227.673,39.994,-0.986,0,0.164,0,1,0,-0.164,0,-0.986],"_humanoidState":5,"_cameraCFrame":[756.558,237.635,36.422,-1,-0.024,0.01,0,0.385,0.923,-0.026,0.923,-0.385],"_shiftlockState":true,"_pose":"FreeFall","_animationQueue":[],"_animationSpeed":1,"_zoom":9.168},{"_mousePosition":[683,384],"_rootPartCFrame":[757.955,227.768,39.875,-0.987,0,0.159,0,1,0,-0.159,0,-0.987],"_humanoidState":5,"_cameraCFrame":[756.265,237.736,36.333,-1,-0.016,0.006,0,0.383,0.924,-0.017,0.924,-0.383],"_shiftlockState":true,"_pose":"FreeFall","_animationQueue":[],"_animationSpeed":1,"_zoom":9.168},{"_mousePosition":[683,384],"_rootPartCFrame":[757.693,227.808,39.796,-0.989,0,0.15,0,1,0,-0.15,0,-0.989],"_humanoidState":5,"_cameraCFrame":[755.929,237.787,36.318,-1,0.004,-0.002,0,0.38,0.925,0.004,0.925,-0.38],"_shiftlockState":true,"_pose":"FreeFall","_animationQueue":[],"_animationSpeed":1,"_zoom":9.168},{"_mousePosition":[683,384],"_rootPartCFrame":[757.429,227.794,39.757,-0.992,0,0.129,0,1,0,-0.129,0,-0.992],"_humanoidState":5,"_cameraCFrame":[755.498,237.79,36.41,-0.999,0.049,-0.02,0,0.376,0.927,0.053,0.925,-0.375],"_shiftlockState":true,"_pose":"FreeFall","_animationQueue":[],"_animationSpeed":1,"_zoom":9.168},{"_mousePosition":[683,384],"_rootPartCFrame":[757.096,227.7,39.752,-0.994,0,0.113,0,1,0,-0.113,0,-0.994],"_humanoidState":5,"_cameraCFrame":[754.899,237.718,36.633,-0.991,0.127,-0.051,0,0.37,0.929,0.137,0.92,-0.366],"_shiftlockState":true,"_pose":"FreeFall","_animationQueue":[],"_animationSpeed":1,"_zoom":9.168},{"_mousePosition":[683,384],"_rootPartCFrame":[756.896,227.602,39.761,-0.999,0,-0.037,0,1,0,0.037,0,-0.999],"_humanoidState":5,"_cameraCFrame":[754.302,237.637,37.014,-0.962,0.253,-0.099,0,0.365,0.931,0.272,0.896,-0.352],"_shiftlockState":true,"_pose":"FreeFall","_animationQueue":[],"_animationSpeed":1,"_zoom":9.168},{"_mousePosition":[683,384],"_rootPartCFrame":[756.631,227.425,39.792,-0.99,0,-0.142,0,1,0,0.142,0,-0.99],"_humanoidState":5,"_cameraCFrame":[753.706,237.462,37.411,-0.919,0.367,-0.144,0,0.365,0.931,0.394,0.856,-0.335],"_shiftlockState":true,"_pose":"FreeFall","_animationQueue":[],"_animationSpeed":1,"_zoom":9.168},{"_mousePosition":[683,384],"_rootPartCFrame":[756.372,227.193,39.851,-0.963,0,-0.268,0,1,0,0.268,0,-0.963],"_humanoidState":5,"_cameraCFrame":[753.136,237.23,37.912,-0.853,0.486,-0.19,0,0.365,0.931,0.521,0.795,-0.311],"_shiftlockState":true,"_pose":"FreeFall","_animationQueue":[],"_animationSpeed":1,"_zoom":9.168},{"_mousePosition":[683,384],"_rootPartCFrame":[756.061,226.826,39.969,-0.928,0,-0.373,0,1,0,0.373,0,-0.928],"_humanoidState":5,"_cameraCFrame":[752.567,236.842,38.423,-0.779,0.583,-0.233,0,0.37,0.929,0.628,0.723,-0.288],"_shiftlockState":true,"_pose":"FreeFall","_animationQueue":[["fall",0.3]],"_animationSpeed":1,"_zoom":9.168},{"_mousePosition":[683,384],"_rootPartCFrame":[755.883,226.565,40.06,-0.837,0,-0.547,0,1,0,0.547,0,-0.837],"_humanoidState":5,"_cameraCFrame":[752.072,236.528,39.072,-0.655,0.697,-0.291,0,0.385,0.923,0.756,0.605,-0.252],"_shiftlockState":true,"_pose":"FreeFall","_animationQueue":[],"_animationSpeed":1,"_zoom":9.168},{"_mousePosition":[683,384],"_rootPartCFrame":[755.665,226.17,40.212,-0.75,0,-0.662,0,1,0,0.662,0,-0.75],"_humanoidState":5,"_cameraCFrame":[751.648,236.08,39.72,-0.539,0.773,-0.335,0,0.398,0.917,0.843,0.494,-0.214],"_shiftlockState":true,"_pose":"FreeFall","_animationQueue":[],"_animationSpeed":1,"_zoom":9.168},{"_mousePosition":[683,384],"_rootPartCFrame":[755.471,225.72,40.393,-0.646,0,-0.764,0,1,0,0.764,0,-0.646],"_humanoidState":5,"_cameraCFrame":[751.327,235.582,40.354,-0.431,0.823,-0.37,0,0.41,0.912,0.903,0.393,-0.177],"_shiftlockState":true,"_pose":"FreeFall","_animationQueue":[],"_animationSpeed":1,"_zoom":9.168},{"_mousePosition":[683,384],"_rootPartCFrame":[755.307,225.215,40.6,-0.547,0,-0.837,0,1,0,0.837,0,-0.547],"_humanoidState":5,"_cameraCFrame":[751.099,235.044,40.785,-0.375,0.842,-0.387,0,0.418,0.908,0.927,0.341,-0.157],"_shiftlockState":true,"_pose":"FreeFall","_animationQueue":[],"_animationSpeed":1,"_zoom":9.168},{"_mousePosition":[683,384],"_rootPartCFrame":[755.175,224.656,40.831,-0.495,0,-0.869,0,1,0,0.869,0,-0.495],"_humanoidState":5,"_cameraCFrame":[750.913,234.457,41.038,-0.365,0.843,-0.395,0,0.425,0.905,0.931,0.331,-0.155],"_shiftlockState":true,"_pose":"FreeFall","_animationQueue":[],"_animationSpeed":1,"_zoom":9.168},{"_mousePosition":[683,384],"_rootPartCFrame":[755.046,223.881,41.137,-0.515,0,-0.857,0,1,0,0.857,0,-0.515],"_humanoidState":5,"_cameraCFrame":[750.706,233.644,41.115,-0.408,0.823,-0.396,0,0.433,0.901,0.913,0.368,-0.177],"_shiftlockState":true,"_pose":"FreeFall","_animationQueue":[["fall",0.3]],"_animationSpeed":1,"_zoom":9.168},{"_mousePosition":[683,384],"_rootPartCFrame":[754.977,223.902,41.309,-0.442,0,-0.897,0,1,0,0.897,0,-0.442],"_humanoidState":12,"_cameraCFrame":[750.586,233.623,40.799,-0.499,0.777,-0.384,0,0.443,0.897,0.866,0.448,-0.221],"_shiftlockState":true,"_pose":"Climbing","_animationQueue":[["walk",0.1],["fall",0.3],["climb",0.1],["climb",0]],"_animationSpeed":-3.238,"_zoom":9.168},{"_mousePosition":[683,384],"_rootPartCFrame":[754.897,224.082,41.505,-0.506,0,-0.862,0,1,0,0.862,0,-0.506],"_humanoidState":12,"_cameraCFrame":[750.609,233.767,40.184,-0.644,0.683,-0.345,0,0.451,0.893,0.765,0.575,-0.29],"_shiftlockState":true,"_pose":"Climbing","_animationQueue":[["climb",0.1]],"_animationSpeed":0.713,"_zoom":9.168},{"_mousePosition":[683,384],"_rootPartCFrame":[754.832,224.269,41.665,-0.645,0,-0.764,0,1,0,0.764,0,-0.645],"_humanoidState":12,"_cameraCFrame":[750.831,233.957,39.648,-0.763,0.577,-0.291,0,0.45,0.893,0.646,0.682,-0.343],"_shiftlockState":true,"_pose":"Climbing","_animationQueue":[["climb",0.1]],"_animationSpeed":0.929,"_zoom":9.168},{"_mousePosition":[683,384],"_rootPartCFrame":[754.64,224.918,41.909,-0.771,0,-0.637,0,1,0,0.637,0,-0.771],"_humanoidState":8,"_cameraCFrame":[750.902,234.619,39.482,-0.83,0.499,-0.249,0,0.447,0.895,0.558,0.743,-0.371],"_shiftlockState":true,"_pose":"Running","_animationQueue":[["walk",0.1],["climb",0.1],["walk",0.1],["walk",0.1]],"_animationSpeed":0.651,"_zoom":9.168},{"_mousePosition":[683,384],"_rootPartCFrame":[754.511,225.227,42.026,-0.832,0,-0.555,0,1,0,0.555,0,-0.832],"_humanoidState":8,"_cameraCFrame":[750.979,234.908,39.25,-0.875,0.431,-0.218,0,0.451,0.892,0.483,0.781,-0.395],"_shiftlockState":true,"_pose":"Running","_animationQueue":[["walk",0.1]],"_animationSpeed":1.096,"_zoom":9.168},{"_mousePosition":[683,384],"_rootPartCFrame":[754.34,226.09,42.174,-0.876,0,-0.482,0,1,0,0.482,0,-0.876],"_humanoidState":3,"_cameraCFrame":[750.98,235.765,39.173,-0.904,0.382,-0.194,0,0.453,0.892,0.428,0.806,-0.409],"_shiftlockState":true,"_pose":"Jumping","_animationQueue":[["walk",0.1],["jump",0.1]],"_animationSpeed":1,"_zoom":9.168},{"_mousePosition":[683,384],"_rootPartCFrame":[754.09,227.092,42.348,-0.95,0,-0.314,0,1,0,0.314,0,-0.95],"_humanoidState":5,"_cameraCFrame":[750.945,236.78,39.157,-0.93,0.329,-0.166,0,0.45,0.893,0.368,0.83,-0.418],"_shiftlockState":true,"_pose":"FreeFall","_animationQueue":[["jump",0.1]],"_animationSpeed":1,"_zoom":9.168},{"_mousePosition":[683,384],"_rootPartCFrame":[753.916,227.652,42.439,-0.961,0,-0.276,0,1,0,0.276,0,-0.961],"_humanoidState":5,"_cameraCFrame":[750.982,237.353,39.085,-0.951,0.277,-0.139,0,0.447,0.895,0.31,0.851,-0.425],"_shiftlockState":true,"_pose":"FreeFall","_animationQueue":[],"_animationSpeed":1,"_zoom":9.168},{"_mousePosition":[683,384],"_rootPartCFrame":[753.669,228.352,42.541,-0.983,0,-0.181,0,1,0,0.181,0,-0.983],"_humanoidState":5,"_cameraCFrame":[750.937,238.053,39.021,-0.967,0.227,-0.113,0,0.447,0.895,0.254,0.865,-0.432],"_shiftlockState":true,"_pose":"FreeFall","_animationQueue":[],"_animationSpeed":1,"_zoom":9.168},{"_mousePosition":[683,384],"_rootPartCFrame":[753.385,229.149,42.692,-0.992,0,-0.123,0,1,0,0.123,0,-0.992],"_humanoidState":5,"_cameraCFrame":[750.736,238.837,39.078,-0.973,0.205,-0.103,0,0.45,0.893,0.229,0.869,-0.438],"_shiftlockState":true,"_pose":"FreeFall","_animationQueue":[],"_animationSpeed":1,"_zoom":9.168},{"_mousePosition":[683,384],"_rootPartCFrame":[753.234,229.587,42.805,-0.988,0,-0.155,0,1,0,0.155,0,-0.988],"_humanoidState":5,"_cameraCFrame":[750.677,239.255,39.081,-0.979,0.181,-0.092,0,0.454,0.891,0.203,0.872,-0.445],"_shiftlockState":true,"_pose":"FreeFall","_animationQueue":[],"_animationSpeed":1,"_zoom":9.168},{"_mousePosition":[683,384],"_rootPartCFrame":[753.054,230.123,42.982,-0.995,0,-0.103,0,1,0,0.103,0,-0.995],"_humanoidState":5,"_cameraCFrame":[750.547,239.777,39.196,-0.982,0.167,-0.086,0,0.457,0.889,0.188,0.874,-0.449],"_shiftlockState":true,"_pose":"FreeFall","_animationQueue":[],"_animationSpeed":1,"_zoom":9.168},{"_mousePosition":[683,384],"_rootPartCFrame":[752.898,230.604,43.191,-0.996,0,-0.087,0,1,0,0.087,0,-0.996],"_humanoidState":5,"_cameraCFrame":[750.447,240.248,39.347,-0.985,0.153,-0.079,0,0.459,0.888,0.173,0.875,-0.452],"_shiftlockState":true,"_pose":"FreeFall","_animationQueue":[],"_animationSpeed":1,"_zoom":9.168},{"_mousePosition":[683,384],"_rootPartCFrame":[752.748,231.031,43.411,-0.997,0,-0.071,0,1,0,0.071,0,-0.997],"_humanoidState":5,"_cameraCFrame":[750.351,240.665,39.512,-0.987,0.14,-0.073,0,0.461,0.887,0.158,0.876,-0.456],"_shiftlockState":true,"_pose":"FreeFall","_animationQueue":[],"_animationSpeed":1,"_zoom":9.168},{"_mousePosition":[683,384],"_rootPartCFrame":[752.596,231.404,43.63,-0.998,0,-0.056,0,1,0,0.056,0,-0.998],"_humanoidState":5,"_cameraCFrame":[750.248,241.024,39.673,-0.989,0.128,-0.067,0,0.464,0.886,0.145,0.876,-0.459],"_shiftlockState":true,"_pose":"FreeFall","_animationQueue":[],"_animationSpeed":1,"_zoom":9.168},{"_mousePosition":[683,384],"_rootPartCFrame":[752.44,231.721,43.847,-0.999,0,-0.043,0,1,0,0.043,0,-0.999],"_humanoidState":5,"_cameraCFrame":[750.101,241.331,39.862,-0.99,0.125,-0.066,0,0.466,0.885,0.142,0.876,-0.462],"_shiftlockState":true,"_pose":"FreeFall","_animationQueue":[],"_animationSpeed":1,"_zoom":9.168},{"_mousePosition":[683,384],"_rootPartCFrame":[752.281,231.985,44.061,-0.999,0,-0.038,0,1,0,0.038,0,-0.999],"_humanoidState":5,"_cameraCFrame":[749.943,241.595,40.076,-0.99,0.125,-0.066,0,0.466,0.885,0.142,0.876,-0.462],"_shiftlockState":true,"_pose":"FreeFall","_animationQueue":[],"_animationSpeed":1,"_zoom":9.168},{"_mousePosition":[683,384],"_rootPartCFrame":[752.121,232.194,44.274,-0.999,0,-0.038,0,1,0,0.038,0,-0.999],"_humanoidState":5,"_cameraCFrame":[749.769,241.8,40.291,-0.989,0.128,-0.068,0,0.467,0.884,0.145,0.875,-0.462],"_shiftlockState":true,"_pose":"FreeFall","_animationQueue":[],"_animationSpeed":1,"_zoom":9.168},{"_mousePosition":[683,384],"_rootPartCFrame":[751.961,232.348,44.488,-0.999,0,-0.04,0,1,0,0.04,0,-0.999],"_humanoidState":5,"_cameraCFrame":[749.609,241.955,40.504,-0.989,0.128,-0.068,0,0.467,0.884,0.145,0.875,-0.462],"_shiftlockState":true,"_pose":"FreeFall","_animationQueue":[],"_animationSpeed":1,"_zoom":9.168},{"_mousePosition":[683,384],"_rootPartCFrame":[751.802,232.448,44.701,-0.999,0,-0.041,0,1,0,0.041,0,-0.999],"_humanoidState":5,"_cameraCFrame":[749.463,242.055,40.711,-0.99,0.125,-0.066,0,0.467,0.884,0.142,0.875,-0.462],"_shiftlockState":true,"_pose":"FreeFall","_animationQueue":[],"_animationSpeed":1,"_zoom":9.168},{"_mousePosition":[683,384],"_rootPartCFrame":[751.643,232.493,44.915,-0.999,0,-0.038,0,1,0,0.038,0,-0.999],"_humanoidState":5,"_cameraCFrame":[749.322,242.09,40.893,-0.991,0.121,-0.064,0,0.469,0.883,0.137,0.875,-0.465],"_shiftlockState":true,"_pose":"FreeFall","_animationQueue":[],"_animationSpeed":1,"_zoom":9.168},{"_mousePosition":[683,384],"_rootPartCFrame":[751.443,232.474,45.182,-1,0,-0.007,0,1,0,0.007,0,-1],"_humanoidState":5,"_cameraCFrame":[749.128,242.045,41.107,-0.991,0.118,-0.063,0,0.474,0.88,0.133,0.873,-0.47],"_shiftlockState":true,"_pose":"FreeFall","_animationQueue":[],"_animationSpeed":1,"_zoom":9.168},{"_mousePosition":[683,384],"_rootPartCFrame":[751.36,232.583,45.223,-0.999,0.001,-0.052,0.001,1,-0.001,0.052,-0.001,-0.999],"_humanoidState":12,"_cameraCFrame":[749.048,242.105,41.05,-0.991,0.114,-0.063,0,0.484,0.875,0.13,0.868,-0.48],"_shiftlockState":true,"_pose":"Climbing","_animationQueue":[["walk",0.1],["climb",0.1]],"_animationSpeed":-0.216,"_zoom":9.168},{"_mousePosition":[683,384],"_rootPartCFrame":[751.284,232.765,45.196,-0.996,-0.001,-0.094,-0.001,1,0,0.094,0,-0.996],"_humanoidState":12,"_cameraCFrame":[748.972,242.244,40.94,-0.992,0.111,-0.063,0,0.493,0.87,0.127,0.863,-0.489],"_shiftlockState":true,"_pose":"Climbing","_animationQueue":[["climb",0.1]],"_animationSpeed":0.863,"_zoom":9.168},{"_mousePosition":[683,384],"_rootPartCFrame":[751.248,232.951,45.176,-0.993,-0.001,-0.117,-0.001,1,0,0.117,0,-0.993],"_humanoidState":12,"_cameraCFrame":[748.969,242.393,40.835,-0.993,0.102,-0.059,0,0.5,0.866,0.118,0.86,-0.496],"_shiftlockState":true,"_pose":"Climbing","_animationQueue":[["climb",0.1]],"_animationSpeed":0.922,"_zoom":9.168},{"_mousePosition":[683,384],"_rootPartCFrame":[751.243,233.137,45.176,-0.993,0,-0.117,0,1,0,0.117,0,-0.993],"_humanoidState":12,"_cameraCFrame":[749.04,242.561,40.763,-0.995,0.087,-0.05,0,0.503,0.864,0.1,0.86,-0.501],"_shiftlockState":true,"_pose":"Climbing","_animationQueue":[],"_animationSpeed":0.922,"_zoom":9.168},{"_mousePosition":[683,384],"_rootPartCFrame":[751.243,233.324,45.177,-0.995,0,-0.1,0,1,0,0.1,0,-0.995],"_humanoidState":12,"_cameraCFrame":[749.158,242.725,40.667,-0.997,0.063,-0.037,0,0.507,0.862,0.073,0.86,-0.506],"_shiftlockState":true,"_pose":"Climbing","_animationQueue":[],"_animationSpeed":0.922,"_zoom":9.168},{"_mousePosition":[683,384],"_rootPartCFrame":[751.243,233.51,45.177,-0.997,0,-0.073,0,1,0,0.073,0,-0.997],"_humanoidState":12,"_cameraCFrame":[749.396,242.889,40.526,-1,0.018,-0.011,0,0.511,0.859,0.021,0.859,-0.511],"_shiftlockState":true,"_pose":"Climbing","_animationQueue":[],"_animationSpeed":0.922,"_zoom":9.168},{"_mousePosition":[683,384],"_rootPartCFrame":[751.243,233.697,45.177,-1,0,-0.021,0,1,0,0.021,0,-1],"_humanoidState":12,"_cameraCFrame":[749.889,243.061,40.334,-0.997,-0.071,0.043,0,0.514,0.858,-0.083,0.855,-0.512],"_shiftlockState":true,"_pose":"Climbing","_animationQueue":[],"_animationSpeed":0.922,"_zoom":9.168},{"_mousePosition":[683,384],"_rootPartCFrame":[751.243,233.884,45.177,-0.997,0,0.083,0,1,0,-0.083,0,-0.997],"_humanoidState":12,"_cameraCFrame":[750.615,243.292,40.26,-0.973,-0.2,0.117,0,0.506,0.863,-0.232,0.839,-0.492],"_shiftlockState":true,"_pose":"Climbing","_animationQueue":[],"_animationSpeed":0.922,"_zoom":9.168},{"_mousePosition":[683,384],"_rootPartCFrame":[751.243,234.07,45.079,-0.974,0,0.227,0,1,0.001,-0.227,0.001,-0.974],"_humanoidState":12,"_cameraCFrame":[751.224,243.61,40.34,-0.931,-0.32,0.176,0,0.481,0.877,-0.365,0.816,-0.447],"_shiftlockState":true,"_pose":"Climbing","_animationQueue":[],"_animationSpeed":0.922,"_zoom":9.168},{"_mousePosition":[683,384],"_rootPartCFrame":[751.221,234.277,45.091,-0.928,0,0.371,-0.001,1,0,-0.371,0,-0.928],"_humanoidState":8,"_cameraCFrame":[751.543,243.935,40.566,-0.893,-0.401,0.206,0,0.456,0.89,-0.45,0.794,-0.407],"_shiftlockState":true,"_pose":"Standing","_animationQueue":[["climb",0.1],["walk",0.1],["idle",0.1]],"_animationSpeed":1,"_zoom":9.168},{"_mousePosition":[683,384],"_rootPartCFrame":[750.995,235.092,45.192,-0.892,0,0.452,0,1,0,-0.452,0,-0.892],"_humanoidState":8,"_cameraCFrame":[751.527,244.835,40.847,-0.861,-0.457,0.222,0,0.438,0.899,-0.508,0.774,-0.377],"_shiftlockState":true,"_pose":"Running","_animationQueue":[["walk",0.1]],"_animationSpeed":0.164,"_zoom":9.168},{"_mousePosition":[683,384],"_rootPartCFrame":[750.681,235.67,45.299,-0.861,0,0.508,0,1,0,-0.508,0,-0.861],"_humanoidState":8,"_cameraCFrame":[751.328,245.484,41.106,-0.837,-0.496,0.23,0,0.422,0.907,-0.547,0.759,-0.353],"_shiftlockState":true,"_pose":"Running","_animationQueue":[["walk",0.1],["walk",0.1]],"_animationSpeed":1.061,"_zoom":9.168},{"_mousePosition":[683,384],"_rootPartCFrame":[750.488,235.863,45.351,-0.837,0,0.547,0,1,0,-0.547,0,-0.837],"_humanoidState":8,"_cameraCFrame":[751.206,245.738,41.294,-0.817,-0.526,0.234,0,0.407,0.913,-0.576,0.747,-0.333],"_shiftlockState":true,"_pose":"Running","_animationQueue":[],"_animationSpeed":1.061,"_zoom":9.168},{"_mousePosition":[683,384],"_rootPartCFrame":[750.228,236.016,45.408,-0.817,0,0.576,0,1,0,-0.576,0,-0.817],"_humanoidState":8,"_cameraCFrame":[750.987,245.926,41.433,-0.805,-0.545,0.236,0,0.398,0.917,-0.594,0.738,-0.32],"_shiftlockState":true,"_pose":"Running","_animationQueue":[],"_animationSpeed":1.061,"_zoom":9.168},{"_mousePosition":[683,384],"_rootPartCFrame":[749.965,236.1,45.455,-0.805,0,0.594,0,1,0,-0.594,0,-0.805],"_humanoidState":8,"_cameraCFrame":[750.721,246.022,41.504,-0.803,-0.548,0.236,0,0.395,0.919,-0.596,0.737,-0.317],"_shiftlockState":true,"_pose":"Running","_animationQueue":[],"_animationSpeed":1.061,"_zoom":9.168},{"_mousePosition":[683,384],"_rootPartCFrame":[749.702,236.145,45.495,-0.803,0,0.596,0,1,0,-0.596,0,-0.803],"_humanoidState":8,"_cameraCFrame":[750.403,246.065,41.528,-0.811,-0.537,0.231,0,0.396,0.918,-0.585,0.745,-0.321],"_shiftlockState":true,"_pose":"Running","_animationQueue":[],"_animationSpeed":1.061,"_zoom":9.168},{"_mousePosition":[683,384],"_rootPa