[{"_mousePosition":[1173,357],"_rootPartCFrame":[776.026,222.95,47.142,0.001,0.001,1,0,1,-0.001,-1,0,0.001],"_humanoidState":8,"_cameraCFrame":[786.091,230.912,47.034,-0.011,-0.54,0.841,0,0.841,0.54,-1,0.006,-0.009],"_shiftlockState":false,"_pose":"Standing","_animationQueue":[],"_animationSpeed":1,"_zoom":11.96},{"_mousePosition":[1089,355],"_rootPartCFrame":[775.779,222.832,47.145,-0.001,0,1,0,1,0,-1,0,-0.001],"_humanoidState":8,"_cameraCFrame":[785.843,230.794,47.037,-0.011,-0.54,0.841,0,0.841,0.54,-1,0.006,-0.009],"_shiftlockState":false,"_pose":"Standing","_animationQueue":[],"_animationSpeed":1,"_zoom":11.96},{"_mousePosition":[1051,351],"_rootPartCFrame":[775.513,222.672,47.147,-0.002,0,1,0,1,0,-1,0,-0.002],"_humanoidState":8,"_cameraCFrame":[785.577,230.634,47.04,-0.011,-0.54,0.841,0,0.841,0.54,-1,0.006,-0.009],"_shiftlockState":false,"_pose":"Running","_animationQueue":[["walk",0.1]],"_animationSpeed":1.066,"_zoom":11.96},{"_mousePosition":[963,337],"_rootPartCFrame":[775.247,222.653,47.15,-0.003,0,1,0,1,0,-1,0,-0.003],"_humanoidState":8,"_cameraCFrame":[785.31,230.615,47.043,-0.011,-0.54,0.841,0,0.841,0.54,-1,0.006,-0.009],"_shiftlockState":false,"_pose":"Running","_animationQueue":[],"_animationSpeed":1.066,"_zoom":11.96},{"_mousePosition":[927,330],"_rootPartCFrame":[774.98,222.669,47.153,-0.004,0,1,0,1,0,-1,0,-0.004],"_humanoidState":8,"_cameraCFrame":[785.044,230.631,47.045,-0.011,-0.54,0.841,0,0.841,0.54,-1,0.006,-0.009],"_shiftlockState":false,"_pose":"Running","_animationQueue":[["walk",0.1]],"_animationSpeed":1.066,"_zoom":11.96},{"_mousePosition":[844,312],"_rootPartCFrame":[774.714,222.683,47.156,-0.005,0,1,0,1,0,-1,0,-0.005],"_humanoidState":8,"_cameraCFrame":[784.777,230.644,47.048,-0.011,-0.54,0.841,0,0.841,0.54,-1,0.006,-0.009],"_shiftlockState":false,"_pose":"Running","_animationQueue":[],"_animationSpeed":1.066,"_zoom":11.96},{"_mousePosition":[814,307],"_rootPartCFrame":[774.447,222.69,47.159,-0.006,0,1,0,1,0,-1,0,-0.006],"_humanoidState":8,"_cameraCFrame":[784.51,230.652,47.051,-0.011,-0.54,0.841,0,0.841,0.54,-1,0.006,-0.009],"_shiftlockState":false,"_pose":"Running","_animationQueue":[],"_animationSpeed":1.066,"_zoom":11.96},{"_mousePosition":[751,301],"_rootPartCFrame":[774.18,222.695,47.162,-0.006,0,1,0,1,0,-1,0,-0.006],"_humanoidState":8,"_cameraCFrame":[784.244,230.656,47.054,-0.011,-0.54,0.841,0,0.841,0.54,-1,0.006,-0.009],"_shiftlockState":false,"_pose":"Running","_animationQueue":[],"_animationSpeed":1.066,"_zoom":11.96},{"_mousePosition":[735,300],"_rootPartCFrame":[773.914,222.697,47.165,-0.007,0,1,0,1,0,-1,0,-0.007],"_humanoidState":8,"_cameraCFrame":[783.977,230.659,47.057,-0.011,-0.54,0.841,0,0.841,0.54,-1,0.006,-0.009],"_shiftlockState":false,"_pose":"Running","_animationQueue":[],"_animationSpeed":1.066,"_zoom":11.96},{"_mousePosition":[699,302],"_rootPartCFrame":[773.647,222.698,47.167,-0.008,0,1,0,1,0,-1,0,-0.008],"_humanoidState":8,"_cameraCFrame":[783.711,230.66,47.06,-0.011,-0.54,0.841,0,0.841,0.54,-1,0.006,-0.009],"_shiftlockState":false,"_pose":"Running","_animationQueue":[],"_animationSpeed":1.066,"_zoom":11.96},{"_mousePosition":[684,304],"_rootPartCFrame":[773.38,222.699,47.17,-0.008,0,1,0,1,0,-1,0,-0.008],"_humanoidState":8,"_cameraCFrame":[783.444,230.661,47.063,-0.011,-0.54,0.841,0,0.841,0.54,-1,0.006,-0.009],"_shiftlockState":false,"_pose":"Running","_animationQueue":[],"_animationSpeed":1.066,"_zoom":11.96},{"_mousePosition":[655,310],"_rootPartCFrame":[773.114,222.699,47.173,-0.008,0,1,0,1,0,-1,0,-0.008],"_humanoidState":8,"_cameraCFrame":[783.177,230.661,47.065,-0.011,-0.54,0.841,0,0.841,0.54,-1,0.006,-0.009],"_shiftlockState":false,"_pose":"Running","_animationQueue":[["walk",0.1]],"_animationSpeed":1.066,"_zoom":11.96},{"_mousePosition":[645,313],"_rootPartCFrame":[772.847,222.699,47.176,-0.009,0,1,0,1,0,-1,0,-0.009],"_humanoidState":8,"_cameraCFrame":[782.911,230.661,47.068,-0.011,-0.54,0.841,0,0.841,0.54,-1,0.006,-0.009],"_shiftlockState":false,"_pose":"Running","_animationQueue":[],"_animationSpeed":1.066,"_zoom":11.96},{"_mousePosition":[621,325],"_rootPartCFrame":[772.581,222.7,47.179,-0.009,0,1,0,1,0,-1,0,-0.009],"_humanoidState":8,"_cameraCFrame":[782.644,230.661,47.071,-0.011,-0.54,0.841,0,0.841,0.54,-1,0.006,-0.009],"_shiftlockState":false,"_pose":"Running","_animationQueue":[],"_animationSpeed":1.066,"_zoom":11.96},{"_mousePosition":[612,334],"_rootPartCFrame":[772.314,222.7,47.182,-0.009,0,1,0,1,0,-1,0,-0.009],"_humanoidState":8,"_cameraCFrame":[782.378,230.661,47.074,-0.011,-0.54,0.841,0,0.841,0.54,-1,0.006,-0.009],"_shiftlockState":false,"_pose":"Running","_animationQueue":[],"_animationSpeed":1.066,"_zoom":11.96},{"_mousePosition":[591,367],"_rootPartCFrame":[772.047,222.7,47.185,-0.009,0,1,0,1,0,-1,0,-0.009],"_humanoidState":8,"_cameraCFrame":[782.111,230.661,47.077,-0.011,-0.54,0.841,0,0.841,0.54,-1,0.006,-0.009],"_shiftlockState":false,"_pose":"Running","_animationQueue":[],"_animationSpeed":1.066,"_zoom":11.96},{"_mousePosition":[584,387],"_rootPartCFrame":[771.781,222.7,47.187,-0.01,0,1,0,1,0,-1,0,-0.01],"_humanoidState":8,"_cameraCFrame":[781.844,230.661,47.08,-0.011,-0.54,0.841,0,0.841,0.54,-1,0.006,-0.009],"_shiftlockState":false,"_pose":"Running","_animationQueue":[],"_animationSpeed":1.066,"_zoom":11.96},{"_mousePosition":[584,387],"_rootPartCFrame":[771.514,222.7,47.19,-0.01,0,1,0,1,0,-1,0,-0.01],"_humanoidState":8,"_cameraCFrame":[781.408,230.919,47.074,-0.012,-0.562,0.827,0,0.827,0.562,-1,0.007,-0.01],"_shiftlockState":false,"_pose":"Running","_animationQueue":[["walk",0.1]],"_animationSpeed":1.066,"_zoom":11.96},{"_mousePosition":[584,387],"_rootPartCFrame":[771.248,222.7,47.193,-0.01,0,1,0,1,0,-1,0,-0.01],"_humanoidState":8,"_cameraCFrame":[780.97,231.164,47.079,-0.012,-0.582,0.813,0,0.813,0.582,-1,0.007,-0.01],"_shiftlockState":false,"_pose":"Running","_animationQueue":[],"_animationSpeed":1.066,"_zoom":11.96},{"_mousePosition":[584,387],"_rootPartCFrame":[770.981,222.7,47.196,-0.01,0,1,0,1,0,-1,0,-0.01],"_humanoidState":8,"_cameraCFrame":[780.497,231.443,47.084,-0.012,-0.606,0.796,0,0.796,0.606,-1,0.007,-0.009],"_shiftlockState":false,"_pose":"Running","_animationQueue":[],"_animationSpeed":1.066,"_zoom":11.96},{"_mousePosition":[584,387],"_rootPartCFrame":[770.714,222.7,47.199,-0.01,0,1,0,1,0,-1,0,-0.01],"_humanoidState":8,"_cameraCFrame":[779.968,231.776,47.091,-0.012,-0.633,0.774,0,0.774,0.634,-1,0.007,-0.009],"_shiftlockState":false,"_pose":"Running","_animationQueue":[],"_animationSpeed":1.066,"_zoom":11.96},{"_mousePosition":[584,387],"_rootPartCFrame":[770.448,223.563,47.203,-0.011,0,1,0,1,0,-1,0,-0.011],"_humanoidState":3,"_cameraCFrame":[779.433,232.956,47.088,-0.013,-0.66,0.751,0,0.751,0.66,-1,0.008,-0.01],"_shiftlockState":false,"_pose":"Jumping","_animationQueue":[["walk",0.1],["jump",0.1]],"_animationSpeed":1,"_zoom":11.96},{"_mousePosition":[584,387],"_rootPartCFrame":[770.181,224.371,47.206,-0.011,0,1,0,1,0,-1,0,-0.011],"_humanoidState":5,"_cameraCFrame":[778.874,234.085,47.085,-0.014,-0.687,0.727,0,0.727,0.687,-1,0.01,-0.01],"_shiftlockState":false,"_pose":"FreeFall","_animationQueue":[["jump",0.1]],"_animationSpeed":1,"_zoom":11.96},{"_mousePosition":[584,387],"_rootPartCFrame":[769.915,225.125,47.209,-0.011,0,1,0,1,0,-1,0,-0.011],"_humanoidState":5,"_cameraCFrame":[778.345,235.108,47.083,-0.015,-0.709,0.705,0,0.705,0.709,-1,0.011,-0.01],"_shiftlockState":false,"_pose":"FreeFall","_animationQueue":[],"_animationSpeed":1,"_zoom":11.96},{"_mousePosition":[584,387],"_rootPartCFrame":[769.648,225.824,47.213,-0.011,0,1,0,1,0,-1,0,-0.011],"_humanoidState":5,"_cameraCFrame":[777.793,236.081,47.074,-0.017,-0.732,0.681,0,0.681,0.732,-1,0.012,-0.012],"_shiftlockState":false,"_pose":"FreeFall","_animationQueue":[],"_animationSpeed":1,"_zoom":11.96},{"_mousePosition":[584,387],"_rootPartCFrame":[769.381,226.469,47.217,-0.012,0,1,0,1,0,-1,0,-0.012],"_humanoidState":5,"_cameraCFrame":[777.29,236.94,47.066,-0.019,-0.75,0.661,0,0.661,0.75,-1,0.014,-0.013],"_shiftlockState":false,"_pose":"FreeFall","_animationQueue":[],"_animationSpeed":1,"_zoom":11.96},{"_mousePosition":[584,387],"_rootPartCFrame":[769.115,227.06,47.221,-0.012,0,1,0,1,0,-1,0,-0.012],"_humanoidState":5,"_cameraCFrame":[776.782,237.738,47.067,-0.02,-0.767,0.641,0,0.641,0.767,-1,0.015,-0.013],"_shiftlockState":false,"_pose":"FreeFall","_animationQueue":[],"_animationSpeed":1,"_zoom":11.96},{"_mousePosition":[584,387],"_rootPartCFrame":[768.848,227.595,47.226,-0.013,0,1,0,1,0,-1,0,-0.013],"_humanoidState":5,"_cameraCFrame":[776.321,238.432,47.06,-0.022,-0.78,0.625,0,0.625,0.781,-1,0.017,-0.014],"_shiftlockState":false,"_pose":"FreeFall","_animationQueue":[],"_animationSpeed":1,"_zoom":11.96},{"_mousePosition":[584,387],"_rootPartCFrame":[768.582,228.077,47.231,-0.014,0,1,0,1,0,-1,0,-0.014],"_humanoidState":5,"_cameraCFrame":[775.872,239.056,47.046,-0.025,-0.792,0.61,0,0.61,0.793,-1,0.02,-0.015],"_shiftlockState":false,"_pose":"FreeFall","_animationQueue":[],"_animationSpeed":1,"_zoom":11.96},{"_mousePosition":[584,387],"_rootPartCFrame":[768.315,228.504,47.237,-0.015,0,1,0,1,0,-1,0,-0.015],"_humanoidState":5,"_cameraCFrame":[775.419,239.623,47.02,-0.031,-0.804,0.594,0,0.594,0.804,-1,0.025,-0.018],"_shiftlockState":false,"_pose":"FreeFall","_animationQueue":[],"_animationSpeed":1,"_zoom":11.96},{"_mousePosition":[584,387],"_rootPartCFrame":[768.048,228.876,47.244,-0.016,0,1,0,1,0,-1,0,-0.016],"_humanoidState":5,"_cameraCFrame":[774.979,240.12,46.981,-0.038,-0.814,0.579,0,0.58,0.815,-0.999,0.031,-0.022],"_shiftlockState":false,"_pose":"FreeFall","_animationQueue":[],"_animationSpeed":1,"_zoom":11.96},{"_mousePosition":[584,387],"_rootPartCFrame":[767.782,229.194,47.252,-0.018,0,1,0,1,0,-1,0,-0.018],"_humanoidState":5,"_cameraCFrame":[774.521,240.57,46.954,-0.044,-0.825,0.563,0,0.564,0.826,-0.999,0.036,-0.025],"_shiftlockState":false,"_pose":"FreeFall","_animationQueue":[],"_animationSpeed":1,"_zoom":11.96},{"_mousePosition":[584,387],"_rootPartCFrame":[767.515,229.457,47.262,-0.021,0,1,0,1,0,-1,0,-0.021],"_humanoidState":5,"_cameraCFrame":[774.085,240.946,46.93,-0.05,-0.834,0.549,0,0.55,0.835,-0.999,0.042,-0.028],"_shiftlockState":false,"_pose":"FreeFall","_animationQueue":[],"_animationSpeed":1,"_zoom":11.96},{"_mousePosition":[584,387],"_rootPartCFrame":[767.249,229.666,47.273,-0.023,0,1,0,1,0,-1,0,-0.023],"_humanoidState":5,"_cameraCFrame":[773.663,241.255,46.922,-0.055,-0.842,0.536,0,0.537,0.844,-0.999,0.046,-0.029],"_shiftlockState":false,"_pose":"FreeFall","_animationQueue":[],"_animationSpeed":1,"_zoom":11.96},{"_mousePosition":[584,387],"_rootPartCFrame":[766.983,229.821,47.286,-0.027,0,1,0,1,0,-1,0,-0.027],"_humanoidState":5,"_cameraCFrame":[773.265,241.491,46.916,-0.059,-0.849,0.525,0,0.526,0.85,-0.998,0.05,-0.031],"_shiftlockState":false,"_pose":"FreeFall","_animationQueue":[],"_animationSpeed":1,"_zoom":11.96},{"_mousePosition":[584,387],"_rootPartCFrame":[766.716,229.921,47.301,-0.031,0,1,0,1,0,-1,0,-0.031],"_humanoidState":5,"_cameraCFrame":[772.874,241.666,46.918,-0.062,-0.855,0.515,0,0.516,0.857,-0.998,0.053,-0.032],"_shiftlockState":false,"_pose":"FreeFall","_animationQueue":[],"_animationSpeed":1,"_zoom":11.96},{"_mousePosition":[584,387],"_rootPartCFrame":[766.45,229.966,47.316,-0.034,0,0.999,0,1,0,-0.999,0,-0.034],"_humanoidState":5,"_cameraCFrame":[772.483,241.786,46.929,-0.064,-0.861,0.504,0,0.505,0.863,-0.998,0.055,-0.032],"_shiftlockState":false,"_pose":"FreeFall","_animationQueue":[],"_animationSpeed":1,"_zoom":11.96},{"_mousePosition":[584,387],"_rootPartCFrame":[766.184,229.957,47.333,-0.038,0,0.999,0,1,0,-0.999,0,-0.038],"_humanoidState":5,"_cameraCFrame":[772.091,241.849,46.935,-0.067,-0.867,0.494,0,0.495,0.869,-0.998,0.058,-0.033],"_shiftlockState":false,"_pose":"FreeFall","_animationQueue":[["fall",0.3]],"_animationSpeed":1,"_zoom":11.96},{"_mousePosition":[584,387],"_rootPartCFrame":[765.918,229.893,47.35,-0.042,0,0.999,0,1,0,-0.999,0,-0.042],"_humanoidState":5,"_cameraCFrame":[771.68,241.865,46.937,-0.071,-0.873,0.482,0,0.483,0.876,-0.997,0.062,-0.034],"_shiftlockState":false,"_pose":"FreeFall","_animationQueue":[],"_animationSpeed":1,"_zoom":11.96},{"_mousePosition":[584,387],"_rootPartCFrame":[765.652,229.775,47.367,-0.045,0,0.999,0,1,0,-0.999,0,-0.045],"_humanoidState":5,"_cameraCFrame":[771.259,241.83,46.931,-0.078,-0.88,0.469,0,0.47,0.883,-0.997,0.069,-0.037],"_shiftlockState":false,"_pose":"FreeFall","_animationQueue":[],"_animationSpeed":1,"_zoom":11.96},{"_mousePosition":[584,387],"_rootPartCFrame":[765.386,229.603,47.386,-0.048,0,0.999,0,1,0,-0.999,0,-0.048],"_humanoidState":5,"_cameraCFrame":[770.829,241.742,46.928,-0.084,-0.886,0.455,0,0.457,0.89,-0.996,0.075,-0.038],"_shiftlockState":false,"_pose":"FreeFall","_animationQueue":[],"_animationSpeed":1,"_zoom":11.96},{"_mousePosition":[584,387],"_rootPartCFrame":[765.12,229.375,47.407,-0.052,0,0.999,0,1,0,-0.999,0,-0.052],"_humanoidState":5,"_cameraCFrame":[770.388,241.602,46.924,-0.091,-0.893,0.44,0,0.442,0.897,-0.996,0.082,-0.04],"_shiftlockState":false,"_pose":"FreeFall","_animationQueue":[],"_animationSpeed":1,"_zoom":11.96},{"_mousePosition":[584,387],"_rootPartCFrame":[764.854,229.094,47.429,-0.056,0,0.998,0,1,0,-0.998,0,-0.056],"_humanoidState":5,"_cameraCFrame":[769.964,241.396,46.934,-0.096,-0.899,0.427,0,0.429,0.903,-0.995,0.087,-0.041],"_shiftlockState":false,"_pose":"FreeFall","_animationQueue":[],"_animationSpeed":1,"_zoom":11.96},{"_mousePosition":[584,387],"_rootPartCFrame":[764.589,228.758,47.453,-0.061,0,0.998,0,1,0,-0.998,0,-0.061],"_humanoidState":5,"_cameraCFrame":[769.584,241.113,46.953,-0.1,-0.903,0.418,0,0.42,0.908,-0.995,0.09,-0.042],"_shiftlockState":false,"_pose":"FreeFall","_animationQueue":[["fall",0.3]],"_animationSpeed":1,"_zoom":11.96},{"_mousePosition":[584,387],"_rootPartCFrame":[764.323,228.367,47.478,-0.066,0,0.998,0,1,0,-0.998,0,-0.066],"_humanoidState":5,"_cameraCFrame":[769.257,240.751,46.98,-0.101,-0.905,0.413,0,0.415,0.91,-0.995,0.092,-0.042],"_shiftlockState":false,"_pose":"FreeFall","_animationQueue":[],"_animationSpeed":1,"_zoom":11.96},{"_mousePosition":[584,387],"_rootPartCFrame":[764.058,227.922,47.505,-0.07,0,0.998,0,1,0,-0.998,0,-0.07],"_humanoidState":5,"_cameraCFrame":[768.912,240.341,47.009,-0.102,-0.908,0.406,0,0.408,0.913,-0.995,0.093,-0.041],"_shiftlockState":false,"_pose":"FreeFall","_animationQueue":[],"_animationSpeed":1,"_zoom":11.96},{"_mousePosition":[584,387],"_rootPartCFrame":[763.726,227.289,47.538,-0.075,0,0.997,0,1,0,-0.997,0,-0.075],"_humanoidState":5,"_cameraCFrame":[768.537,239.728,47.047,-0.102,-0.91,0.402,0,0.404,0.915,-0.995,0.093,-0.041],"_shiftlockState":false,"_pose":"FreeFall","_animationQueue":[],"_animationSpeed":1,"_zoom":11.96},{"_mousePosition":[581,423],"_rootPartCFrame":[763.527,226.868,47.559,-0.078,0,0.997,0,1,0,-0.997,0,-0.078],"_humanoidState":5,"_cameraCFrame":[768.445,239.55,47.056,-0.102,-0.91,0.402,0,0.404,0.915,-0.995,0.093,-0.041],"_shiftlockState":false,"_pose":"FreeFall","_animationQueue":[],"_animationSpeed":1,"_zoom":15.45},{"_mousePosition":[584,387],"_rootPartCFrame":[763.262,226.26,47.586,-0.081,0,0.997,0,1,0,-0.997,0,-0.081],"_humanoidState":5,"_cameraCFrame":[768.381,239.555,47.057,-0.103,-0.912,0.398,0,0.4,0.917,-0.995,0.094,-0.041],"_shiftlockState":false,"_pose":"FreeFall","_animationQueue":[],"_animationSpeed":1,"_zoom":15.45},{"_mousePosition":[584,387],"_rootPartCFrame":[762.996,225.597,47.613,-0.084,0,0.996,0,1,0,-0.996,0,-0.084],"_humanoidState":5,"_cameraCFrame":[768.247,239.414,47.065,-0.104,-0.914,0.392,0,0.394,0.919,-0.995,0.095,-0.041],"_shiftlockState":false,"_pose":"FreeFall","_animationQueue":[["fall",0.3]],"_animationSpeed":1,"_zoom":15.45},{"_mousePosition":[584,387],"_rootPartCFrame":[762.731,224.879,47.64,-0.087,0,0.996,0,1,0,-0.996,0,-0.087],"_humanoidState":5,"_cameraCFrame":[768.116,239.212,47.067,-0.106,-0.916,0.387,0,0.389,0.921,-0.994,0.097,-0.041],"_shiftlockState":false,"_pose":"FreeFall","_animationQueue":[],"_animationSpeed":1,"_zoom":15.45},{"_mousePosition":[584,387],"_rootPartCFrame":[762.466,224.107,47.668,-0.089,0,0.996,0,1,0,-0.996,0,-0.089],"_humanoidState":5,"_cameraCFrame":[767.93,238.842,47.069,-0.109,-0.918,0.381,0,0.384,0.924,-0.994,0.101,-0.042],"_shiftlockState":false,"_pose":"FreeFall","_animationQueue":[],"_animationSpeed":1,"_zoom":15.45},{"_mousePosition":[584,387],"_rootPartCFrame":[762.201,223.28,47.696,-0.091,0,0.996,0,1,0,-0.996,0,-0.091],"_humanoidState":5,"_cameraCFrame":[767.701,238.354,47.076,-0.112,-0.92,0.375,0,0.378,0.926,-0.994,0.104,-0.042],"_shiftlockState":false,"_pose":"FreeFall","_animationQueue":[],"_animationSpeed":1,"_zoom":15.45},{"_mousePosition":[584,387],"_rootPartCFrame":[761.936,222.516,47.725,-0.094,0,0.996,0,1,0,-0.996,0,-0.094],"_humanoidState":7,"_cameraCFrame":[767.432,237.837,47.093,-0.114,-0.922,0.369,0,0.372,0.928,-0.993,0.106,-0.042],"_shiftlockState":false,"_pose":"FreeFall","_animationQueue":[["walk",0.1],["fall",0.3],["fall",0.3]],"_animationSpeed":1,"_zoom":15.45},{"_mousePosition":[584,387],"_rootPartCFrame":[761.671,222.517,47.755,-0.096,0,0.995,0,1,0,-0.995,0,-0.096],"_humanoidState":7,"_cameraCFrame":[767.137,238.028,47.115,-0.116,-0.924,0.363,0,0.366,0.931,-0.993,0.108,-0.042],"_shiftlockState":false,"_pose":"FreeFall","_animationQueue":[],"_animationSpeed":1,"_zoom":15.45},{"_mousePosition":[584,387],"_rootPartCFrame":[761.34,222.672,47.793,-0.099,0,0.995,0,1,0,-0.995,0,-0.099],"_humanoidState":8,"_cameraCFrame":[766.76,238.337,47.141,-0.119,-0.926,0.357,0,0.36,0.933,-0.993,0.111,-0.043],"_shiftlockState":false,"_pose":"Running","_animationQueue":[["walk",0.1],["fall",0.3],["walk",0.1]],"_animationSpeed":1.103,"_zoom":15.45},{"_mousePosition":[584,387],"_rootPartCFrame":[761.008,222.764,47.831,-0.102,0,0.995,0,1,0,-0.995,0,-0.102],"_humanoidState":8,"_cameraCFrame":[766.364,238.542,47.165,-0.123,-0.928,0.351,0,0.354,0.935,-0.992,0.116,-0.044],"_shiftlockState":false,"_pose":"Running","_animationQueue":[],"_animationSpeed":1.103,"_zoom":15.45},{"_mousePosition":[584,387],"_rootPartCFrame":[760.81,222.794,47.855,-0.104,0,0.995,0,1,0,-0.995,0,-0.104],"_humanoidState":8,"_cameraCFrame":[766.058,238.68,47.168,-0.13,-0.931,0.342,0,0.345,0.939,-0.992,0.122,-0.045],"_shiftlockState":false,"_pose":"Running","_animationQueue":[["walk",0.1]],"_animationSpeed":1.103,"_zoom":15.45},{"_mousePosition":[584,387],"_rootPartCFrame":[760.545,222.818,47.888,-0.106,0,0.994,0,1,0,-0.994,0,-0.106],"_humanoidState":8,"_cameraCFrame":[765.639,238.801,47.178,-0.138,-0.933,0.331,0,0.335,0.942,-0.99,0.13,-0.046],"_shiftlockState":false,"_pose":"Running","_animationQueue":[],"_animationSpeed":1.103,"_zoom":15.45},{"_mousePosition":[584,387],"_rootPartCFrame":[760.281,222.83,47.922,-0.109,0,0.994,0,1,0,-0.994,0,-0.109],"_humanoidState":8,"_cameraCFrame":[765.216,238.897,47.197,-0.145,-0.936,0.321,0,0.324,0.946,-0.989,0.137,-0.047],"_shiftlockState":false,"_pose":"Running","_animationQueue":[],"_animationSpeed":1.103,"_zoom":15.45},{"_mousePosition":[584,387],"_rootPartCFrame":[759.951,222.839,47.968,-0.114,0,0.994,0,1,0,-0.994,0,-0.114],"_humanoidState":8,"_cameraCFrame":[764.687,238.989,47.227,-0.155,-0.939,0.307,0,0.311,0.95,-0.988,0.147,-0.048],"_shiftlockState":false,"_pose":"Running","_animationQueue":[],"_animationSpeed":1.103,"_zoom":15.45},{"_mousePosition":[584,387],"_rootPartCFrame":[759.753,222.841,47.997,-0.117,0,0.993,0,1,0,-0.993,0,-0.117],"_humanoidState":8,"_cameraCFrame":[764.312,239.06,47.249,-0.162,-0.942,0.296,0,0.299,0.954,-0.987,0.154,-0.048],"_shiftlockState":false,"_pose":"Running","_animationQueue":[],"_animationSpeed":1.103,"_zoom":15.45},{"_mousePosition":[584,387],"_rootPartCFrame":[759.423,222.844,48.048,-0.123,0,0.992,0,1,0,-0.992,0,-0.123],"_humanoidState":8,"_cameraCFrame":[763.852,239.11,47.298,-0.167,-0.943,0.287,0,0.291,0.957,-0.986,0.16,-0.049],"_shiftlockState":false,"_pose":"Running","_animationQueue":[],"_animationSpeed":1.103,"_zoom":15.45},{"_mousePosition":[584,387],"_rootPartCFrame":[759.226,222.844,48.08,-0.127,0,0.992,0,1,0,-0.992,0,-0.127],"_humanoidState":8,"_cameraCFrame":[763.512,239.158,47.335,-0.171,-0.945,0.278,0,0.282,0.959,-0.985,0.164,-0.048],"_shiftlockState":false,"_pose":"Running","_animationQueue":[],"_animationSpeed":1.103,"_zoom":15.45},{"_mousePosition":[584,387],"_rootPartCFrame":[758.963,222.811,48.123,-0.132,0,0.991,0,1,0,-0.991,0,-0.132],"_humanoidState":8,"_cameraCFrame":[763.094,239.174,47.392,-0.174,-0.948,0.268,0,0.272,0.962,-0.985,0.168,-0.047],"_shiftlockState":false,"_pose":"Running","_animationQueue":[["walk",0.1]],"_animationSpeed":1.103,"_zoom":15.45},{"_mousePosition":[584,387],"_rootPartCFrame":[758.7,222.724,48.166,-0.137,0,0.991,0,1,0,-0.991,0,-0.137],"_humanoidState":8,"_cameraCFrame":[762.664,239.134,47.452,-0.177,-0.95,0.257,0,0.261,0.965,-0.984,0.171,-0.046],"_shiftlockState":false,"_pose":"Running","_animationQueue":[],"_animationSpeed":1.103,"_zoom":15.45},{"_mousePosition":[584,387],"_rootPartCFrame":[758.436,222.581,48.209,-0.142,0,0.99,0,1,0,-0.99,0,-0.142],"_humanoidState":8,"_cameraCFrame":[762.21,239.045,47.521,-0.179,-0.953,0.244,0,0.248,0.969,-0.984,0.174,-0.045],"_shiftlockState":false,"_pose":"Running","_animationQueue":[],"_animationSpeed":1.103,"_zoom":15.45},{"_mousePosition":[584,387],"_rootPartCFrame":[758.107,223.651,48.263,-0.149,0,0.989,0,1,0,-0.989,0,-0.149],"_humanoidState":3,"_cameraCFrame":[761.713,240.158,47.594,-0.182,-0.955,0.233,0,0.237,0.971,-0.983,0.177,-0.043],"_shiftlockState":false,"_pose":"Jumping","_animationQueue":[["walk",0.1],["jump",0.1]],"_animationSpeed":1,"_zoom":15.45},{"_mousePosition":[584,387],"_rootPartCFrame":[757.911,224.253,48.298,-0.152,0,0.988,0,1,0,-0.988,0,-0.152],"_humanoidState":5,"_cameraCFrame":[761.336,240.803,47.655,-0.185,-0.957,0.222,0,0.226,0.974,-0.983,0.18,-0.042],"_shiftlockState":false,"_pose":"FreeFall","_animationQueue":[["jump",0.1]],"_animationSpeed":1,"_zoom":15.45},{"_mousePosition":[584,387],"_rootPartCFrame":[757.648,225.007,48.347,-0.156,0,0.988,0,1,0,-0.988,0,-0.156],"_humanoidState":5,"_cameraCFrame":[760.893,241.599,47.731,-0.187,-0.96,0.21,0,0.214,0.977,-0.982,0.182,-0.04],"_shiftlockState":false,"_pose":"FreeFall","_animationQueue":[],"_animationSpeed":1,"_zoom":15.45},{"_mousePosition":[584,387],"_rootPartCFrame":[757.386,225.706,48.396,-0.16,0,0.987,0,1,0,-0.987,0,-0.16],"_humanoidState":5,"_cameraCFrame":[760.487,242.329,47.804,-0.188,-0.962,0.201,0,0.204,0.979,-0.982,0.184,-0.038],"_shiftlockState":false,"_pose":"FreeFall","_animationQueue":[],"_animationSpeed":1,"_zoom":15.45},{"_mousePosition":[584,387],"_rootPartCFrame":[757.124,226.351,48.446,-0.164,0,0.987,0,1,0,-0.987,0,-0.164],"_humanoidState":5,"_cameraCFrame":[760.129,242.995,47.872,-0.188,-0.963,0.194,0,0.198,0.98,-0.982,0.184,-0.037],"_shiftlockState":false,"_pose":"FreeFall","_animationQueue":[],"_animationSpeed":1,"_zoom":15.45},{"_mousePosition":[584,387],"_rootPartCFrame":[756.862,226.941,48.496,-0.167,0,0.986,0,1,0,-0.986,0,-0.167],"_humanoidState":5,"_cameraCFrame":[759.795,243.6,47.935,-0.188,-0.964,0.19,0,0.193,0.981,-0.982,0.184,-0.036],"_shiftlockState":false,"_pose":"FreeFall","_animationQueue":[],"_animationSpeed":1,"_zoom":15.45},{"_mousePosition":[584,387],"_rootPartCFrame":[756.6,227.477,48.546,-0.17,0,0.985,0,1,0,-0.985,0,-0.17],"_humanoidState":5,"_cameraCFrame":[759.533,244.136,47.985,-0.188,-0.964,0.19,0,0.193,0.981,-0.982,0.184,-0.036],"_shiftlockState":false,"_pose":"FreeFall","_animationQueue":[],"_animationSpeed":1,"_zoom":15.45},{"_mousePosition":[584,387],"_rootPartCFrame":[756.338,227.959,48.596,-0.172,0,0.985,0,1,0,-0.985,0,-0.172],"_humanoidState":5,"_cameraCFrame":[759.271,244.617,48.036,-0.188,-0.964,0.19,0,0.193,0.981,-0.982,0.184,-0.036],"_shiftlockState":false,"_pose":"FreeFall","_animationQueue":[],"_animationSpeed":1,"_zoom":15.45},{"_mousePosition":[584,387],"_rootPartCFrame":[756.076,228.385,48.646,-0.175,0,0.985,0,1,0,-0.985,0,-0.175],"_humanoidState":5,"_cameraCFrame":[759.009,245.044,48.086,-0.188,-0.964,0.19,0,0.193,0.981,-0.982,0.184,-0.036],"_shiftlockState":false,"_pose":"FreeFall","_animationQueue":[],"_animationSpeed":1,"_zoom":15.45},{"_mousePosition":[584,387],"_rootPartCFrame":[755.814,228.758,48.696,-0.176,0,0.984,0,1,0,-0.984,0,-0.176],"_humanoidState":5,"_cameraCFrame":[758.419,245.416,46.417,-0.188,-0.964,0.19,0,0.193,0.981,-0.982,0.184,-0.036],"_shiftlockState":true,"_pose":"FreeFall","_animationQueue":[],"_animationSpeed":1,"_zoom":15.45},{"_mousePosition":[683,384],"_rootPartCFrame":[755.552,229.076,48.746,-0.188,0,0.982,0,1,0,-0.982,0,-0.188],"_humanoidState":5,"_cameraCFrame":[758.157,245.734,46.467,-0.188,-0.964,0.19,0,0.193,0.981,-0.982,0.184,-0.036],"_shiftlockState":true,"_pose":"FreeFall","_animationQueue":[],"_animationSpeed":1,"_zoom":15.45},{"_mousePosition":[683,384],"_rootPartCFrame":[755.29,229.339,48.796,-0.188,0,0.982,0,1,0,-0.982,0,-0.188],"_humanoidState":5,"_cameraCFrame":[758.063,245.963,46.485,-0.188,-0.962,0.201,0,0.204,0.979,-0.982,0.184,-0.038],"_shiftlockState":true,"_pose":"FreeFall","_animationQueue":[],"_animationSpeed":1,"_zoom":15.45},{"_mousePosition":[683,384],"_rootPartCFrame":[755.028,229.548,48.846,-0.188,0,0.982,0,1,0,-0.982,0,-0.188],"_humanoidState":5,"_cameraCFrame":[757.992,246.13,46.498,-0.188,-0.959,0.213,0,0.217,0.976,-0.982,0.183,-0.041],"_shiftlockState":true,"_pose":"FreeFall","_animationQueue":[],"_animationSpeed":1,"_zoom":15.45},{"_mousePosition":[683,384],"_rootPartCFrame":[754.766,229.702,48.896,-0.188,0,0.982,0,1,0,-0.982,0,-0.188],"_humanoidState":5,"_cameraCFrame":[758.012,246.22,46.506,-0.185,-0.955,0.231,0,0.235,0.972,-0.983,0.179,-0.043],"_shiftlockState":true,"_pose":"FreeFall","_animationQueue":[],"_animationSpeed":1,"_zoom":15.45},{"_mousePosition":[683,384],"_rootPartCFrame":[754.505,229.802,48.946,-0.185,0,0.983,0,1,0,-0.983,0,-0.185],"_humanoidState":5,"_cameraCFrame":[758.033,246.25,46.52,-0.18,-0.952,0.249,0,0.253,0.967,-0.984,0.175,-0.046],"_shiftlockState":true,"_pose":"FreeFall","_animationQueue":[],"_animationSpeed":1,"_zoom":15.45},{"_mousePosition":[683,384],"_rootPartCFrame":[754.243,229.848,48.995,-0.181,0,0.984,0,1,0,-0.984,0,-0.181],"_humanoidState":5,"_cameraCFrame":[757.874,246.27,46.563,-0.177,-0.951,0.255,0,0.259,0.966,-0.984,0.171,-0.046],"_shiftlockState":true,"_pose":"FreeFall","_animationQueue":[],"_animationSpeed":1,"_zoom":15.45},{"_mousePosition":[683,384],"_rootPartCFrame":[754.046,229.846,49.032,-0.178,0,0.984,0,1,0,-0.984,0,-0.178],"_humanoidState":5,"_cameraCFrame":[757.677,246.268,46.599,-0.177,-0.951,0.255,0,0.259,0.966,-0.984,0.171,-0.046],"_shiftlockState":true,"_pose":"FreeFall","_animationQueue":[],"_animationSpeed":1,"_zoom":15.45},{"_mousePosition":[683,384],"_rootPartCFrame":[753.718,229.775,49.091,-0.177,0,0.984,0,1,0,-0.984,0,-0.177],"_humanoidState":5,"_cameraCFrame":[757.349,246.197,46.658,-0.177,-0.951,0.255,0,0.259,0.966,-0.984,0.171,-0.046],"_shiftlockState":true,"_pose":"FreeFall","_animationQueue":[],"_animationSpeed":1,"_zoom":15.45},{"_mousePosition":[683,384],"_rootPartCFrame":[753.455,229.657,49.138,-0.177,0,0.984,0,1,0,-0.984,0,-0.177],"_humanoidState":5,"_cameraCFrame":[757.087,246.079,46.706,-0.177,-0.951,0.255,0,0.259,0.966,-0.984,0.171,-0.046],"_shiftlockState":true,"_pose":"FreeFall","_animationQueue":[],"_animationSpeed":1,"_zoom":15.45},{"_mousePosition":[683,384],"_rootPartCFrame":[753.193,229.484,49.185,-0.177,0,0.984,0,1,0,-0.984,0,-0.177],"_humanoidState":5,"_cameraCFrame":[756.824,245.906,46.753,-0.177,-0.951,0.255,0,0.259,0.966,-0.984,0.171,-0.046],"_shiftlockState":true,"_pose":"FreeFall","_animationQueue":[],"_animationSpeed":1,"_zoom":15.45},{"_mousePosition":[683,384],"_rootPartCFrame":[752.93,229.257,49.233,-0.177,0,0.984,0,1,0,-0.984,0,-0.177],"_humanoidState":5,"_cameraCFrame":[756.562,245.679,46.8,-0.177,-0.951,0.255,0,0.259,0.966,-0.984,0.171,-0.046],"_shiftlockState":true,"_pose":"FreeFall","_animationQueue":[],"_animationSpeed":1,"_zoom":15.45},{"_mousePosition":[683,384],"_rootPartCFrame":[752.668,228.976,49.28,-0.177,0,0.984,0,1,0,-0.984,0,-0.177],"_humanoidState":5,"_cameraCFrame":[756.299,245.397,46.847,-0.177,-0.951,0.255,0,0.259,0.966,-0.984,0.171,-0.046],"_shiftlockState":true,"_pose":"FreeFall","_animationQueue":[],"_animationSpeed":1,"_zoom":15.45},{"_mousePosition":[683,384],"_rootPartCFrame":[752.406,228.639,49.327,-0.177,0,0.984,0,1,0,-0.984,0,-0.177],"_humanoidState":5,"_cameraCFrame":[756.037,245.061,46.895,-0.177,-0.951,0.255,0,0.259,0.966,-0.984,0.171,-0.046],"_shiftlockState":true,"_pose":"FreeFall","_animationQueue":[["fall",0.3]],"_animationSpeed":1,"_zoom":15.45},{"_mousePosition":[683,384],"_rootPartCFrame":[752.143,228.249,49.374,-0.177,0,0.984,0,1,0,-0.984,0,-0.177],"_humanoidState":5,"_cameraCFrame":[755.774,244.671,46.942,-0.177,-0.951,0.255,0,0.259,0.966,-0.984,0.171,-0.046],"_shiftlockState":true,"_pose":"FreeFall","_animationQueue":[],"_animationSpeed":1,"_zoom":15.45},{"_mousePosition":[683,384],"_rootPartCFrame":[751.881,227.804,49.422,-0.177,0,0.984,0,1,0,-0.984,0,-0.177],"_humanoidState":5,"_cameraCFrame":[755.512,244.226,46.989,-0.177,-0.951,0.255,0,0.259,0.966,-0.984,0.171,-0.046],"_shiftlockState":true,"_pose":"FreeFall","_animationQueue":[],"_animationSpeed":1,"_zoom":15.45},{"_mousePosition":[683,384],"_rootPartCFrame":[751.684,227.434,49.457,-0.177,0,0.984,0,1,0,-0.984,0,-0.177],"_humanoidState":5,"_cameraCFrame":[755.315,243.856,47.025,-0.177,-0.951,0.255,0,0.259,0.966,-0.984,0.171,-0.046],"_shiftlockState":true,"_pose":"FreeFall","_animationQueue":[],"_animationSpeed":1,"_zoom":15.45},{"_mousePosition":[683,384],"_rootPartCFrame":[751.356,226.75,49.516,-0.177,0,0.984,0,1,0,-0.984,0,-0.177],"_humanoidState":5,"_cameraCFrame":[754.995,243.172,47.095,-0.174,-0.951,0.255,0,0.259,0.966,-0.985,0.168,-0.045],"_shiftlockState":true,"_pose":"FreeFall","_animationQueue":[],"_animationSpeed":1,"_zoom":15.45},{"_mousePosition":[683,384],"_rootPartCFrame":[751.093,226.141,49.564,-0.175,0,0.985,0,1,0,-0.985,0,-0.175],"_humanoidState":5,"_cameraCFrame":[754.973,242.531,47.322,-0.122,-0.956,0.265,0,0.267,0.964,-0.992,0.118,-0.033],"_shiftlockState":true,"_pose":"FreeFall","_animationQueue":[],"_animationSpeed":1,"_zoom":15.45},{"_mousePosition":[683,384],"_rootPartCFrame":[750.831,225.478,49.61,-0.127,0,0.992,0,1,0,-0.992,0,-0.127],"_humanoidState":5,"_cameraCFrame":[755.299,241.781,47.976,0.026,-0.958,0.286,0,0.286,0.958,-1,-0.025,0.007],"_shiftlockState":true,"_pose":"FreeFall","_animationQueue":[],"_animationSpeed":1,"_zoom":15.45},{"_mousePosition":[683,384],"_rootPartCFrame":[750.5,224.573,49.653,0.006,0,1,0,1,0,-1,0,0.006],"_humanoidState":5,"_cameraCFrame":[755.284,240.851,48.948,0.222,-0.933,0.285,0,0.292,0.956,-0.975,-0.212,0.065],"_shiftlockState":true,"_pose":"FreeFall","_animationQueue":[["fall",0.3]],"_animationSpeed":1,"_zoom":15.45},{"_mousePosition":[683,384],"_rootPartCFrame":[750.301,223.989,49.663,0.205,0,0.979,0,1,0,-0.979,0,0.205],"_humanoidState":5,"_cameraCFrame":[754.583,240.436,49.577,0.39,-0.891,0.233,0,0.253,0.967,-0.921,-0.378,0.099],"_shiftlockState":true,"_pose":"FreeFall","_animationQueue":[],"_animationSpeed":1,"_zoom":15.45},{"_mousePosition":[683,384],"_rootPartCFrame":[750.037,223.162,49.641,0.368,0,0.93,0,1,0,-0.93,0,0.368],"_humanoidState":5,"_cameraCFrame":[753.622,239.791,49.477,0.447,-0.876,0.181,0,0.203,0.979,-0.894,-0.438,0.091],"_shiftlockState":true,"_pose":"FreeFall","_animationQueue":[],"_animationSpeed":1,"_zoom":15.45},{"_mousePosition":[683,384],"_rootPartCFrame":[749.789,223.037,49.547,0.441,0,0.898,0,1,0,-0.898,0,0.441],"_humanoidState":7,"_cameraCFrame":[752.975,239.753,49.208,0.455,-0.877,0.155,0,0.174,0.985,-0.891,-0.448,0.079],"_shiftlockState":true,"_pose":"FreeFall","_animationQueue":[["walk",0.1],["fall",0.3],["fall",0.3]],"_animationSpeed":1,"_zoom":15.45},{"_mousePosition":[683,384],"_rootPartCFrame":[749.55,223.035,49.43,0.454,0,0.891,0,1,0,-0.891,0,0.454],"_humanoidState":7,"_cameraCFrame":[752.724,239.75,49.002,0.429,-0.889,0.157,0,0.174,0.985,-0.903,-0.423,0.075],"_shiftlockState":true,"_pose":"FreeFall","_animationQueue":[],"_animationSpeed":1,"_zoom":15.45},{"_mousePosition":[683,384],"_rootPartCFrame":[749.431,222.961,49.279,0.33,0,0.944,0,1,0,-0.944,0,0.33],"_humanoidState":8,"_cameraCFrame":[752.569,239.676,48.635,0.367,-0.916,0.162,0,0.174,0.985,-0.93,-0.361,0.064],"_shiftlockState":true,"_pose":"Running","_animationQueue":[["walk",0.1],["fall",0.3],["walk",0.1]],"_animationSpeed":1.103,"_zoom":15.45},{"_mousePosition":[683,384],"_rootPartCFrame":[749.416,223.834,49.158,0.272,0,0.962,0,1,0,-0.962,0,0.272],"_humanoidState":3,"_cameraCFrame":[752.485,240.549,48.241,0.284,-0.944,0.167,0,0.174,0.985,-0.959,-0.279,0.049],"_shiftlockState":true,"_pose":"Jumping","_animationQueue":[["walk",0.1],["jump",0.1]],"_animationSpeed":1,"_zoom":15.45},{"_mousePosition":[683,384],"_rootPartCFrame":[749.36,224.656,49.039,0.262,0,0.965,0,1,0,-0.965,0,0.262],"_humanoidState":5,"_cameraCFrame":[752.318,241.371,47.81,0.183,-0.968,0.171,0,0.174,0.985,-0.983,-0.18,0.032],"_shiftlockState":true,"_pose":"FreeFall","_animationQueue":[["jump",0.1]],"_animationSpeed":1,"_zoom":15.45},{"_mousePosition":[683,384],"_rootPartCFrame":[749.266,225.424,48.928,0.192,0,0.981,0,1,0,-0.981,0,0.192],"_humanoidState":5,"_cameraCFrame":[752.109,242.139,47.452,0.099,-0.98,0.173,0,0.174,0.985,-0.995,-0.098,0.017],"_shiftlockState":true,"_pose":"FreeFall","_animationQueue":[],"_animationSpeed":1,"_zoom":15.45},{"_mousePosition":[683,384],"_rootPartCFrame":[749.134,226.137,48.828,0.111,0,0.994,0,1,0,-0.994,0,0.111],"_humanoidState":5,"_cameraCFrame":[751.875,242.852,47.171,0.034,-0.984,0.174,0,0.174,0.985,-0.999,-0.034,0.006],"_shiftlockState":true,"_pose":"FreeFall","_animationQueue":[],"_animationSpeed":1,"_zoom":15.45},{"_mousePosition":[683,384],"_rootPartCFrame":[748.966,226.795,48.747,0.044,0,0.999,0,1,0,-0.999,0,0.044],"_humanoidState":5,"_cameraCFrame":[751.604,243.51,46.929,-0.025,-0.984,0.174,0,0.174,0.985,-1,0.025,-0.004],"_shiftlockState":true,"_pose":"FreeFall","_animationQueue":[],"_animationSpeed":1,"_zoom":15.45},{"_mousePosition":[683,384],"_rootPartCFrame":[748.766,227.399,48.687,-0.017,0,1,0,1,0,-1,0,-0.017],"_humanoidState":5,"_cameraCFrame":[751.313,244.114,46.745,-0.073,-0.982,0.173,0,0.174,0.985,-0.997,0.072,-0.013],"_shiftlockState":true,"_pose":"FreeFall","_animationQueue":[],"_animationSpeed":1,"_zoom":15.45},{"_mousePosition":[683,384],"_rootPartCFrame":[748.536,227.949,48.655,-0.067,0,0.998,0,1,0,-0.998,0,-0.067],"_humanoidState":5,"_cameraCFrame":[751.013,244.664,46.623,-0.109,-0.979,0.173,0,0.174,0.985,-0.994,0.107,-0.019],"_shiftlockState":true,"_pose":"FreeFall","_animationQueue":[],"_animationSpeed":1,"_zoom":15.45},{"_mousePosition":[683,384],"_rootPartCFrame":[748.284,228.444,48.654,-0.104,0,0.995,0,1,0,-0.995,0,-0.104],"_humanoidState":5,"_cameraCFrame":[750.69,245.159,46.54,-0.142,-0.975,0.172,0,0.174,0.985,-0.99,0.14,-0.025],"_shiftlockState":true,"_pose":"FreeFall","_animationQueue":[],"_animationSpeed":1,"_zoom":15.45},{"_mousePosition":[683,384],"_rootPartCFrame":[748.019,228.884,48.68,-0.138,0,0.99,0,1,0,-0.99,0,-0.138],"_humanoidState":5,"_cameraCFrame":[750.352,245.6,46.485,-0.176,-0.969,0.171,0,0.174,0.985,-0.984,0.174,-0.031],"_shiftlockState":true,"_pose":"FreeFall","_animationQueue":[],"_animationSpeed":1,"_zoom":15.45},{"_mousePosition":[683,384],"_rootPartCFrame":[747.755,229.27,48.717,-0.172,0,0.985,0,1,0,-0.985,0,-0.172],"_humanoidState":5,"_cameraCFrame":[750.013,245.986,46.444,-0.209,-0.963,0.17,0,0.174,0.985,-0.978,0.206,-0.036],"_shiftlockState":true,"_pose":"FreeFall","_animationQueue":[],"_animationSpeed":1,"_zoom":15.45},{"_mousePosition":[683,384],"_rootPartCFrame":[747.492,229.602,48.762,-0.205,0,0.979,0,1,0,-0.979,0,-0.205],"_humanoidState":5,"_cameraCFrame":[749.677,246.317,46.42,-0.24,-0.956,0.169,0,0.174,0.985,-0.971,0.236,-0.042],"_shiftlockState":true,"_pose":"FreeFall","_animationQueue":[],"_animationSpeed":1,"_zoom":15.45},{"_mousePosition":[683,384],"_rootPartCFrame":[747.231,229.879,48.817,-0.236,0,0.972,0,1,0,-0.972,0,-0.236],"_humanoidState":5,"_cameraCFrame":[749.369,246.594,46.432,-0.259,-0.951,0.168,0,0.174,0.985,-0.966,0.255,-0.045],"_shiftlockState":true,"_pose":"FreeFall","_animationQueue":[],"_animationSpeed":1,"_zoom":15.45},{"_mousePosition":[683,384],"_rootPartCFrame":[746.972,230.101,48.88,-0.256,0,0.967,0,1,0,-0.967,0,-0.256],"_humanoidState":5,"_cameraCFrame":[749.105,246.817,46.49,-0.261,-0.951,0.168,0,0.174,0.985,-0.965,0.257,-0.045],"_shiftlockState":true,"_pose":"FreeFall","_animationQueue":[],"_animationSpeed":1,"_zoom":15.45},{"_mousePosition":[683,384],"_rootPartCFrame":[746.714,230.269,48.948,-0.26,0,0.966,0,1,0,-0.966,0,-0.26],"_humanoidState":5,"_cameraCFrame":[748.902,246.982,46.594,-0.244,-0.955,0.169,0,0.174,0.985,-0.97,0.24,-0.043],"_shiftlockState":true,"_pose":"FreeFall","_animationQueue":[],"_animationSpeed":1,"_zoom":15.45},{"_mousePosition":[683,384],"_rootPartCFrame":[746.457,230.383,49.017,-0.245,0,0.969,0,1,0,-0.969,0,-0.245],"_humanoidState":5,"_cameraCFrame":[748.813,247.085,46.757,-0.198,-0.964,0.175,0,0.178,0.984,-0.98,0.195,-0.035],"_shiftlockState":true,"_pose":"FreeFall","_animationQueue":[],"_animationSpeed":1,"_zoom":15.45},{"_mousePosition":[683,384],"_rootPartCFrame":[746.199,230.442,49.083,-0.203,0,0.979,0,1,0,-0.979,0,-0.203],"_humanoidState":5,"_cameraCFrame":[748.771,247.126,46.94,-0.144,-0.973,0.183,0,0.185,0.983,-0.99,0.142,-0.027],"_shiftlockState":true,"_pose":"FreeFall","_animationQueue":[],"_animationSpeed":1,"_zoom":15.45},{"_mousePosition":[683,384],"_rootPartCFrame":[745.938,230.446,49.138,-0.151,0,0.989,0,1,0,-0.989,0,-0.151],"_humanoidState":5,"_cameraCFrame":[748.73,247.109,47.125,-0.091,-0.977,0.191,0,0.192,0.981,-0.996,0.09,-0.018],"_shiftlockState":true,"_pose":"FreeFall","_animationQueue":[],"_animationSpeed":1,"_zoom":15.45},{"_mousePosition":[683,384],"_rootPartCFrame":[745.674,230.396,49.178,-0.098,0,0.995,0,1,0,-0.995,0,-0.098],"_humanoidState":5,"_cameraCFrame":[748.621,247.05,47.318,-0.037,-0.98,0.195,0,0.195,0.981,-0.999,0.036,-0.007],"_shiftlockState":true,"_pose":"FreeFall","_animationQueue":[],"_animationSpeed":1,"_zoom":15.45},{"_mousePosition":[683,384],"_rootPartCFrame":[745.409,230.292,49.205,-0.044,0,0.999,0,1,0,-0.999,0,-0.044],"_humanoidState":5,"_cameraCFrame":[748.44,246.945,47.486,0.01,-0.981,0.195,0,0.195,0.981,-1,-0.01,0.002],"_shiftlockState":true,"_pose":"FreeFall","_animationQueue":[],"_animationSpeed":1,"_zoom":15.45},{"_mousePosition":[683,384],"_rootPartCFrame":[745.143,230.133,49.217,0.004,0,1,0,1,0,-1,0,0.004],"_humanoidState":5,"_cameraCFrame":[748.242,246.791,47.67,0.067,-0.979,0.193,0,0.193,0.981,-0.998,-0.065,0.013],"_shiftlockState":true,"_pose":"FreeFall","_animationQueue":[],"_animationSpeed":1,"_zoom":15.45},{"_mousePosition":[683,384],"_rootPartCFrame":[744.876,229.919,49.216,0.06,0,0.998,0,1,0,-0.998,0,0.06],"_humanoidState":5,"_cameraCFrame":[748.03,246.585,47.862,0.129,-0.973,0.189,0,0.191,0.982,-0.992,-0.127,0.025],"_shiftlockState":true,"_pose":"FreeFall","_animationQueue":[],"_animationSpeed":1,"_zoom":15.45},{"_mousePosition":[683,384],"_rootPartCFrame":[744.61,229.652,49.2,0.121,0,0.993,0,1,0,-0.993,0,0.121],"_humanoidState":5,"_cameraCFrame":[747.824,246.322,48.06,0.196,-0.963,0.186,0,0.19,0.982,-0.981,-0.193,0.037],"_shiftlockState":true,"_pose":"FreeFall","_animationQueue":[],"_animationSpeed":1,"_zoom":15.45},{"_mousePosition":[683,384],"_rootPartCFrame":[744.345,229.329,49.169,0.188,0,0.982,0,1,0,-0.982,0,0.188],"_humanoidState":5,"_cameraCFrame":[747.625,245.999,48.232,0.258,-0.949,0.183,0,0.19,0.982,-0.966,-0.253,0.049],"_shiftlockState":true,"_pose":"FreeFall","_animationQueue":[],"_animationSpeed":1,"_zoom":15.45},{"_mousePosition":[683,384],"_rootPartCFrame":[744.083,228.952,49.12,0.249,0,0.968,0,1,0,-0.968,0,0.249],"_humanoidState":5,"_cameraCFrame":[747.41,245.6