[{"_mousePosition":[1098,379],"_rootPartCFrame":[775.998,222.948,47.142,0.016,0.03,0.999,0,1,-0.03,-1,0,0.016],"_humanoidState":8,"_cameraCFrame":[787.49,235.791,47.7,0.049,-0.703,0.71,0,0.711,0.703,-0.999,-0.034,0.035],"_shiftlockState":false,"_pose":"Running","_animationQueue":[["walk",0.1]],"_animationSpeed":1.101,"_zoom":16.125},{"_mousePosition":[1083,378],"_rootPartCFrame":[775.331,222.694,47.11,0.026,-0.002,1,0,1,0.002,-1,0,0.026],"_humanoidState":8,"_cameraCFrame":[786.776,235.536,47.668,0.049,-0.703,0.71,0,0.711,0.703,-0.999,-0.034,0.035],"_shiftlockState":false,"_pose":"Running","_animationQueue":[],"_animationSpeed":1.101,"_zoom":16.125},{"_mousePosition":[1038,372],"_rootPartCFrame":[775.199,222.683,47.103,0.028,-0.001,1,0,1,0.001,-1,0,0.028],"_humanoidState":8,"_cameraCFrame":[786.644,235.526,47.661,0.049,-0.703,0.71,0,0.711,0.703,-0.999,-0.034,0.035],"_shiftlockState":false,"_pose":"Running","_animationQueue":[],"_animationSpeed":1.101,"_zoom":16.125},{"_mousePosition":[999,365],"_rootPartCFrame":[774.866,222.687,47.087,0.032,0,1,0,1,0,-1,0,0.032],"_humanoidState":8,"_cameraCFrame":[786.313,235.529,47.645,0.049,-0.703,0.71,0,0.711,0.703,-0.999,-0.034,0.035],"_shiftlockState":false,"_pose":"Running","_animationQueue":[],"_animationSpeed":1.101,"_zoom":16.125},{"_mousePosition":[927,352],"_rootPartCFrame":[774.666,222.691,47.077,0.033,0,0.999,0,1,0,-0.999,0,0.033],"_humanoidState":8,"_cameraCFrame":[786.113,235.534,47.635,0.049,-0.703,0.71,0,0.711,0.703,-0.999,-0.034,0.035],"_shiftlockState":false,"_pose":"Running","_animationQueue":[],"_animationSpeed":1.101,"_zoom":16.125},{"_mousePosition":[873,341],"_rootPartCFrame":[774.4,222.695,47.064,0.036,0,0.999,0,1,0,-0.999,0,0.036],"_humanoidState":8,"_cameraCFrame":[785.847,235.538,47.622,0.049,-0.703,0.71,0,0.711,0.703,-0.999,-0.034,0.035],"_shiftlockState":false,"_pose":"Running","_animationQueue":[["walk",0.1]],"_animationSpeed":1.101,"_zoom":16.125},{"_mousePosition":[811,330],"_rootPartCFrame":[774.133,222.697,47.051,0.037,0,0.999,0,1,0,-0.999,0,0.037],"_humanoidState":8,"_cameraCFrame":[785.581,235.54,47.609,0.049,-0.703,0.71,0,0.711,0.703,-0.999,-0.034,0.035],"_shiftlockState":false,"_pose":"Running","_animationQueue":[],"_animationSpeed":1.101,"_zoom":16.125},{"_mousePosition":[784,326],"_rootPartCFrame":[773.8,222.698,47.035,0.039,0,0.999,0,1,0,-0.999,0,0.039],"_humanoidState":8,"_cameraCFrame":[785.248,235.541,47.593,0.049,-0.703,0.71,0,0.711,0.703,-0.999,-0.034,0.035],"_shiftlockState":false,"_pose":"Running","_animationQueue":[],"_animationSpeed":1.101,"_zoom":16.125},{"_mousePosition":[762,324],"_rootPartCFrame":[773.6,222.699,47.026,0.04,0,0.999,0,1,0,-0.999,0,0.04],"_humanoidState":8,"_cameraCFrame":[785.048,235.542,47.583,0.049,-0.703,0.71,0,0.711,0.703,-0.999,-0.034,0.035],"_shiftlockState":false,"_pose":"Running","_animationQueue":[],"_animationSpeed":1.101,"_zoom":16.125},{"_mousePosition":[758,324],"_rootPartCFrame":[773.268,222.699,47.009,0.042,0,0.999,0,1,0,-0.999,0,0.042],"_humanoidState":8,"_cameraCFrame":[784.715,235.542,47.567,0.049,-0.703,0.71,0,0.711,0.703,-0.999,-0.034,0.035],"_shiftlockState":false,"_pose":"Running","_animationQueue":[],"_animationSpeed":1.101,"_zoom":16.125},{"_mousePosition":[757,326],"_rootPartCFrame":[773.068,222.699,47,0.043,0,0.999,0,1,0,-0.999,0,0.043],"_humanoidState":8,"_cameraCFrame":[784.515,235.542,47.557,0.049,-0.703,0.71,0,0.711,0.703,-0.999,-0.034,0.035],"_shiftlockState":false,"_pose":"Running","_animationQueue":[],"_animationSpeed":1.101,"_zoom":16.125},{"_mousePosition":[757,331],"_rootPartCFrame":[772.735,222.7,46.983,0.044,0,0.999,0,1,0,-0.999,0,0.044],"_humanoidState":8,"_cameraCFrame":[784.182,235.542,47.541,0.049,-0.703,0.71,0,0.711,0.703,-0.999,-0.034,0.035],"_shiftlockState":false,"_pose":"Running","_animationQueue":[["walk",0.1]],"_animationSpeed":1.101,"_zoom":16.125},{"_mousePosition":[757,331],"_rootPartCFrame":[772.535,222.7,46.974,0.044,0,0.999,0,1,0,-0.999,0,0.044],"_humanoidState":8,"_cameraCFrame":[783.777,235.744,47.58,0.054,-0.715,0.697,0,0.698,0.716,-0.999,-0.039,0.038],"_shiftlockState":false,"_pose":"Running","_animationQueue":[],"_animationSpeed":1.101,"_zoom":16.125},{"_mousePosition":[757,331],"_rootPartCFrame":[772.202,222.7,46.957,0.045,0,0.999,0,1,0,-0.999,0,0.045],"_humanoidState":8,"_cameraCFrame":[783.301,235.879,47.603,0.058,-0.723,0.688,0,0.689,0.724,-0.998,-0.042,0.04],"_shiftlockState":false,"_pose":"Running","_animationQueue":[],"_animationSpeed":1.101,"_zoom":16.125},{"_mousePosition":[757,331],"_rootPartCFrame":[772.002,222.7,46.947,0.046,0,0.999,0,1,0,-0.999,0,0.046],"_humanoidState":8,"_cameraCFrame":[782.899,236.066,47.627,0.062,-0.734,0.676,0,0.677,0.736,-0.998,-0.046,0.042],"_shiftlockState":false,"_pose":"Running","_animationQueue":[],"_animationSpeed":1.101,"_zoom":16.125},{"_mousePosition":[757,331],"_rootPartCFrame":[771.736,223.573,46.932,0.047,0,0.999,0,1,0,-0.999,0,0.047],"_humanoidState":3,"_cameraCFrame":[782.46,237.096,47.602,0.062,-0.744,0.665,0,0.666,0.746,-0.998,-0.046,0.041],"_shiftlockState":false,"_pose":"Jumping","_animationQueue":[["walk",0.1],["jump",0.1]],"_animationSpeed":1,"_zoom":16.125},{"_mousePosition":[757,331],"_rootPartCFrame":[771.47,224.395,46.916,0.049,0,0.999,0,1,0,-0.999,0,0.049],"_humanoidState":5,"_cameraCFrame":[781.929,238.149,47.58,0.063,-0.758,0.649,0,0.65,0.76,-0.998,-0.048,0.041],"_shiftlockState":false,"_pose":"FreeFall","_animationQueue":[["jump",0.1]],"_animationSpeed":1,"_zoom":16.125},{"_mousePosition":[757,331],"_rootPartCFrame":[771.204,225.162,46.9,0.05,0,0.999,0,1,0,-0.999,0,0.05],"_humanoidState":5,"_cameraCFrame":[781.434,239.109,47.559,0.064,-0.77,0.634,0,0.636,0.772,-0.998,-0.05,0.041],"_shiftlockState":false,"_pose":"FreeFall","_animationQueue":[],"_animationSpeed":1,"_zoom":16.125},{"_mousePosition":[757,331],"_rootPartCFrame":[770.938,225.875,46.883,0.052,0,0.999,0,1,0,-0.999,0,0.052],"_humanoidState":5,"_cameraCFrame":[780.903,240.034,47.557,0.067,-0.783,0.618,0,0.619,0.785,-0.998,-0.053,0.042],"_shiftlockState":false,"_pose":"FreeFall","_animationQueue":[],"_animationSpeed":1,"_zoom":16.125},{"_mousePosition":[757,331],"_rootPartCFrame":[770.672,226.534,46.866,0.054,0,0.999,0,1,0,-0.999,0,0.054],"_humanoidState":5,"_cameraCFrame":[780.431,240.852,47.536,0.069,-0.793,0.605,0,0.607,0.795,-0.998,-0.054,0.042],"_shiftlockState":false,"_pose":"FreeFall","_animationQueue":[],"_animationSpeed":1,"_zoom":16.125},{"_mousePosition":[757,331],"_rootPartCFrame":[770.405,227.138,46.848,0.056,0,0.998,0,1,0,-0.998,0,0.056],"_humanoidState":5,"_cameraCFrame":[779.905,241.651,47.51,0.07,-0.805,0.589,0,0.591,0.807,-0.998,-0.056,0.041],"_shiftlockState":false,"_pose":"FreeFall","_animationQueue":[],"_animationSpeed":1,"_zoom":16.125},{"_mousePosition":[757,331],"_rootPartCFrame":[770.139,227.687,46.83,0.057,0,0.998,0,1,0,-0.998,0,0.057],"_humanoidState":5,"_cameraCFrame":[779.408,242.367,47.466,0.069,-0.815,0.575,0,0.576,0.817,-0.998,-0.056,0.039],"_shiftlockState":false,"_pose":"FreeFall","_animationQueue":[],"_animationSpeed":1,"_zoom":16.125},{"_mousePosition":[757,331],"_rootPartCFrame":[769.873,228.182,46.811,0.059,0,0.998,0,1,0,-0.998,0,0.059],"_humanoidState":5,"_cameraCFrame":[778.844,243.069,47.399,0.065,-0.828,0.556,0,0.558,0.83,-0.998,-0.054,0.036],"_shiftlockState":false,"_pose":"FreeFall","_animationQueue":[],"_animationSpeed":1,"_zoom":16.125},{"_mousePosition":[757,331],"_rootPartCFrame":[769.607,228.623,46.793,0.06,0,0.998,0,1,0,-0.998,0,0.06],"_humanoidState":5,"_cameraCFrame":[778.331,243.674,47.337,0.062,-0.839,0.541,0,0.542,0.84,-0.998,-0.052,0.034],"_shiftlockState":false,"_pose":"FreeFall","_animationQueue":[],"_animationSpeed":1,"_zoom":16.125},{"_mousePosition":[757,331],"_rootPartCFrame":[769.341,229.009,46.775,0.061,0,0.998,0,1,0,-0.998,0,0.061],"_humanoidState":5,"_cameraCFrame":[777.836,244.206,47.269,0.058,-0.848,0.527,0,0.528,0.849,-0.998,-0.049,0.031],"_shiftlockState":false,"_pose":"FreeFall","_animationQueue":[],"_animationSpeed":1,"_zoom":16.125},{"_mousePosition":[757,331],"_rootPartCFrame":[769.075,229.34,46.758,0.062,0,0.998,0,1,0,-0.998,0,0.062],"_humanoidState":5,"_cameraCFrame":[777.362,244.666,47.206,0.054,-0.856,0.514,0,0.515,0.857,-0.999,-0.046,0.028],"_shiftlockState":false,"_pose":"FreeFall","_animationQueue":[],"_animationSpeed":1,"_zoom":16.125},{"_mousePosition":[757,331],"_rootPartCFrame":[768.809,229.617,46.743,0.061,0,0.998,0,1,0,-0.998,0,0.061],"_humanoidState":5,"_cameraCFrame":[776.896,245.062,47.145,0.05,-0.864,0.502,0,0.502,0.865,-0.999,-0.043,0.025],"_shiftlockState":false,"_pose":"FreeFall","_animationQueue":[],"_animationSpeed":1,"_zoom":16.125},{"_mousePosition":[757,331],"_rootPartCFrame":[768.542,229.84,46.728,0.061,0,0.998,0,1,0,-0.998,0,0.061],"_humanoidState":5,"_cameraCFrame":[776.518,245.349,47.108,0.048,-0.868,0.495,0,0.495,0.869,-0.999,-0.041,0.024],"_shiftlockState":false,"_pose":"FreeFall","_animationQueue":[],"_animationSpeed":1,"_zoom":16.125},{"_mousePosition":[757,331],"_rootPartCFrame":[768.276,230.008,46.715,0.059,0,0.998,0,1,0,-0.998,0,0.059],"_humanoidState":5,"_cameraCFrame":[776.172,245.562,47.091,0.048,-0.871,0.49,0,0.49,0.872,-0.999,-0.042,0.023],"_shiftlockState":false,"_pose":"FreeFall","_animationQueue":[],"_animationSpeed":1,"_zoom":16.125},{"_mousePosition":[757,331],"_rootPartCFrame":[767.943,230.141,46.699,0.057,0,0.998,0,1,0,-0.998,0,0.057],"_humanoidState":5,"_cameraCFrame":[775.739,245.753,47.038,0.043,-0.874,0.483,0,0.484,0.875,-0.999,-0.038,0.021],"_shiftlockState":false,"_pose":"FreeFall","_animationQueue":[],"_animationSpeed":1,"_zoom":16.125},{"_mousePosition":[757,331],"_rootPartCFrame":[767.743,230.181,46.689,0.056,0,0.998,0,1,0,-0.998,0,0.056],"_humanoidState":5,"_cameraCFrame":[775.382,245.879,46.957,0.035,-0.88,0.474,0,0.474,0.881,-0.999,-0.031,0.017],"_shiftlockState":false,"_pose":"FreeFall","_animationQueue":[],"_animationSpeed":1,"_zoom":16.125},{"_mousePosition":[757,331],"_rootPartCFrame":[767.477,230.185,46.678,0.055,0,0.999,0,1,0,-0.999,0,0.055],"_humanoidState":5,"_cameraCFrame":[774.958,245.969,46.854,0.024,-0.886,0.464,0,0.464,0.886,-1,-0.021,0.011],"_shiftlockState":false,"_pose":"FreeFall","_animationQueue":[["fall",0.3]],"_animationSpeed":1,"_zoom":16.125},{"_mousePosition":[757,331],"_rootPartCFrame":[767.21,230.135,46.668,0.052,0,0.999,0,1,0,-0.999,0,0.052],"_humanoidState":5,"_cameraCFrame":[774.485,246.032,44.967,0.007,-0.893,0.45,0,0.45,0.893,-1,-0.006,0.003],"_shiftlockState":true,"_pose":"FreeFall","_animationQueue":[],"_animationSpeed":1,"_zoom":16.125},{"_mousePosition":[683,384],"_rootPartCFrame":[766.944,230.031,46.661,0.008,0,1,0,1,0,-1,0,0.008],"_humanoidState":5,"_cameraCFrame":[774.219,245.927,44.961,0.007,-0.893,0.45,0,0.45,0.893,-1,-0.006,0.003],"_shiftlockState":true,"_pose":"FreeFall","_animationQueue":[],"_animationSpeed":1,"_zoom":16.125},{"_mousePosition":[683,384],"_rootPartCFrame":[766.677,229.872,46.659,0.007,0,1,0,1,0,-1,0,0.007],"_humanoidState":5,"_cameraCFrame":[773.73,245.867,44.861,-0.007,-0.899,0.438,0,0.438,0.899,-1,0.006,-0.003],"_shiftlockState":true,"_pose":"FreeFall","_animationQueue":[],"_animationSpeed":1,"_zoom":16.125},{"_mousePosition":[683,384],"_rootPartCFrame":[766.344,229.596,46.656,-0.005,0,1,0,1,0,-1,0,-0.005],"_humanoidState":5,"_cameraCFrame":[773.212,245.67,44.78,-0.018,-0.904,0.428,0,0.428,0.904,-1,0.017,-0.008],"_shiftlockState":true,"_pose":"FreeFall","_animationQueue":[],"_animationSpeed":1,"_zoom":16.125},{"_mousePosition":[683,384],"_rootPartCFrame":[766.144,229.39,46.657,-0.017,0,1,0,1,0,-1,0,-0.017],"_humanoidState":5,"_cameraCFrame":[772.807,245.546,44.686,-0.033,-0.908,0.417,0,0.417,0.909,-0.999,0.03,-0.014],"_shiftlockState":true,"_pose":"FreeFall","_animationQueue":[],"_animationSpeed":1,"_zoom":16.125},{"_mousePosition":[683,384],"_rootPartCFrame":[765.877,229.068,46.662,-0.031,0,1,0,1,0,-1,0,-0.031],"_humanoidState":5,"_cameraCFrame":[772.371,245.288,44.607,-0.047,-0.912,0.408,0,0.408,0.913,-0.999,0.043,-0.019],"_shiftlockState":true,"_pose":"FreeFall","_animationQueue":[],"_animationSpeed":1,"_zoom":16.125},{"_mousePosition":[683,384],"_rootPartCFrame":[765.611,228.691,46.67,-0.045,0,0.999,0,1,0,-0.999,0,-0.045],"_humanoidState":5,"_cameraCFrame":[771.926,244.974,44.516,-0.063,-0.915,0.399,0,0.399,0.917,-0.998,0.058,-0.025],"_shiftlockState":true,"_pose":"FreeFall","_animationQueue":[["fall",0.3]],"_animationSpeed":1,"_zoom":16.125},{"_mousePosition":[683,384],"_rootPartCFrame":[765.344,228.259,46.682,-0.061,0,0.998,0,1,0,-0.998,0,-0.061],"_humanoidState":5,"_cameraCFrame":[771.499,244.599,44.452,-0.077,-0.918,0.39,0,0.391,0.92,-0.997,0.071,-0.03],"_shiftlockState":true,"_pose":"FreeFall","_animationQueue":[],"_animationSpeed":1,"_zoom":16.125},{"_mousePosition":[683,384],"_rootPartCFrame":[765.078,227.773,46.698,-0.075,0,0.997,0,1,0,-0.997,0,-0.075],"_humanoidState":5,"_cameraCFrame":[771.042,244.179,44.386,-0.093,-0.92,0.38,0,0.382,0.924,-0.996,0.086,-0.035],"_shiftlockState":true,"_pose":"FreeFall","_animationQueue":[],"_animationSpeed":1,"_zoom":16.125},{"_mousePosition":[683,384],"_rootPartCFrame":[764.812,227.233,46.718,-0.091,0,0.996,0,1,0,-0.996,0,-0.091],"_humanoidState":5,"_cameraCFrame":[770.704,243.663,44.381,-0.098,-0.921,0.376,0,0.378,0.926,-0.995,0.091,-0.037],"_shiftlockState":true,"_pose":"FreeFall","_animationQueue":[],"_animationSpeed":1,"_zoom":16.125},{"_mousePosition":[683,384],"_rootPartCFrame":[764.613,226.792,46.736,-0.097,0,0.995,0,1,0,-0.995,0,-0.097],"_humanoidState":5,"_cameraCFrame":[770.447,243.241,44.379,-0.102,-0.922,0.373,0,0.375,0.927,-0.995,0.094,-0.038],"_shiftlockState":true,"_pose":"FreeFall","_animationQueue":[],"_animationSpeed":1,"_zoom":16.125},{"_mousePosition":[683,384],"_rootPartCFrame":[764.215,225.817,46.775,-0.101,0,0.995,0,1,0,-0.995,0,-0.101],"_humanoidState":5,"_cameraCFrame":[770.037,242.272,44.419,-0.102,-0.923,0.372,0,0.374,0.927,-0.995,0.095,-0.038],"_shiftlockState":true,"_pose":"FreeFall","_animationQueue":[],"_animationSpeed":1,"_zoom":16.125},{"_mousePosition":[683,384],"_rootPartCFrame":[764.016,225.284,46.795,-0.102,0,0.995,0,1,0,-0.995,0,-0.102],"_humanoidState":5,"_cameraCFrame":[769.823,241.744,44.434,-0.103,-0.923,0.371,0,0.373,0.928,-0.995,0.096,-0.038],"_shiftlockState":true,"_pose":"FreeFall","_animationQueue":[],"_animationSpeed":1,"_zoom":16.125},{"_mousePosition":[683,384],"_rootPartCFrame":[763.751,224.526,46.822,-0.103,0,0.995,0,1,0,-0.995,0,-0.103],"_humanoidState":5,"_cameraCFrame":[769.546,240.99,44.463,-0.103,-0.923,0.371,0,0.373,0.928,-0.995,0.096,-0.038],"_shiftlockState":true,"_pose":"FreeFall","_animationQueue":[["fall",0.3]],"_animationSpeed":1,"_zoom":16.125},{"_mousePosition":[683,384],"_rootPartCFrame":[763.486,223.713,46.849,-0.103,0,0.995,0,1,0,-0.995,0,-0.103],"_humanoidState":5,"_cameraCFrame":[769.245,240.192,44.494,-0.103,-0.924,0.368,0,0.37,0.929,-0.995,0.096,-0.038],"_shiftlockState":true,"_pose":"FreeFall","_animationQueue":[],"_animationSpeed":1,"_zoom":16.125},{"_mousePosition":[683,384],"_rootPartCFrame":[763.22,222.845,46.877,-0.103,0,0.995,0,1,0,-0.995,0,-0.103],"_humanoidState":5,"_cameraCFrame":[768.951,239.338,44.543,-0.1,-0.925,0.366,0,0.368,0.93,-0.995,0.093,-0.037],"_shiftlockState":true,"_pose":"FreeFall","_animationQueue":[],"_animationSpeed":1,"_zoom":16.125},{"_mousePosition":[683,384],"_rootPartCFrame":[762.955,222.23,46.904,-0.1,0,0.995,0,1,0,-0.995,0,-0.1],"_humanoidState":7,"_cameraCFrame":[768.647,238.743,44.599,-0.096,-0.927,0.363,0,0.365,0.931,-0.995,0.089,-0.035],"_shiftlockState":true,"_pose":"FreeFall","_animationQueue":[["walk",0.1],["fall",0.3],["fall",0.3]],"_animationSpeed":1,"_zoom":16.125},{"_mousePosition":[683,384],"_rootPartCFrame":[762.69,222.293,46.931,-0.096,0,0.995,0,1,0,-0.995,0,-0.096],"_humanoidState":7,"_cameraCFrame":[768.334,238.829,44.661,-0.09,-0.929,0.36,0,0.361,0.932,-0.996,0.084,-0.033],"_shiftlockState":true,"_pose":"FreeFall","_animationQueue":[],"_animationSpeed":1,"_zoom":16.125},{"_mousePosition":[683,384],"_rootPartCFrame":[762.358,222.431,46.963,-0.09,0,0.996,0,1,0,-0.996,0,-0.09],"_humanoidState":8,"_cameraCFrame":[767.948,238.994,44.747,-0.082,-0.931,0.356,0,0.357,0.934,-0.997,0.077,-0.029],"_shiftlockState":true,"_pose":"Running","_animationQueue":[["walk",0.1],["fall",0.3],["walk",0.1]],"_animationSpeed":1.103,"_zoom":16.125},{"_mousePosition":[683,384],"_rootPartCFrame":[762.092,222.497,46.987,-0.082,0,0.997,0,1,0,-0.997,0,-0.082],"_humanoidState":8,"_cameraCFrame":[767.599,239.102,44.843,-0.071,-0.934,0.349,0,0.35,0.937,-0.998,0.066,-0.025],"_shiftlockState":true,"_pose":"Running","_animationQueue":[],"_animationSpeed":1.103,"_zoom":16.125},{"_mousePosition":[683,384],"_rootPartCFrame":[761.827,222.532,47.01,-0.071,0,0.998,0,1,0,-0.998,0,-0.071],"_humanoidState":8,"_cameraCFrame":[767.258,239.178,44.964,-0.054,-0.938,0.343,0,0.343,0.939,-0.999,0.051,-0.018],"_shiftlockState":true,"_pose":"Running","_animationQueue":[["walk",0.1]],"_animationSpeed":1.103,"_zoom":16.125},{"_mousePosition":[683,384],"_rootPartCFrame":[761.561,222.526,47.032,-0.054,0,0.999,0,1,0,-0.999,0,-0.054],"_humanoidState":8,"_cameraCFrame":[766.944,239.198,45.057,-0.041,-0.94,0.338,0,0.339,0.941,-0.999,0.039,-0.014],"_shiftlockState":true,"_pose":"Running","_animationQueue":[],"_animationSpeed":1.103,"_zoom":16.125},{"_mousePosition":[683,384],"_rootPartCFrame":[761.361,222.486,47.048,-0.041,0,0.999,0,1,0,-0.999,0,-0.041],"_humanoidState":8,"_cameraCFrame":[766.696,239.184,45.144,-0.029,-0.942,0.334,0,0.334,0.943,-1,0.027,-0.01],"_shiftlockState":true,"_pose":"Running","_animationQueue":[],"_animationSpeed":1.103,"_zoom":16.125},{"_mousePosition":[683,384],"_rootPartCFrame":[760.963,223.76,47.081,-0.029,0,1,0,1,0,-1,0,-0.029],"_humanoidState":3,"_cameraCFrame":[766.27,240.471,45.205,-0.024,-0.943,0.332,0,0.332,0.943,-1,0.022,-0.008],"_shiftlockState":true,"_pose":"Jumping","_animationQueue":[["walk",0.1],["jump",0.1]],"_animationSpeed":1,"_zoom":16.125},{"_mousePosition":[683,384],"_rootPartCFrame":[760.829,224.157,47.087,-0.024,0,1,0,1,0,-1,0,-0.024],"_humanoidState":5,"_cameraCFrame":[766.119,240.877,45.228,-0.02,-0.944,0.33,0,0.33,0.944,-1,0.019,-0.007],"_shiftlockState":true,"_pose":"FreeFall","_animationQueue":[["jump",0.1]],"_animationSpeed":1,"_zoom":16.125},{"_mousePosition":[683,384],"_rootPartCFrame":[760.496,225.091,47.095,-0.021,0,1,0,1,0,-1,0,-0.021],"_humanoidState":5,"_cameraCFrame":[765.785,241.811,45.236,-0.02,-0.944,0.33,0,0.33,0.944,-1,0.019,-0.007],"_shiftlockState":true,"_pose":"FreeFall","_animationQueue":[],"_animationSpeed":1,"_zoom":16.125},{"_mousePosition":[683,384],"_rootPartCFrame":[760.296,225.61,47.099,-0.021,0,1,0,1,0,-1,0,-0.021],"_humanoidState":5,"_cameraCFrame":[765.585,242.331,45.241,-0.02,-0.944,0.33,0,0.33,0.944,-1,0.019,-0.007],"_shiftlockState":true,"_pose":"FreeFall","_animationQueue":[],"_animationSpeed":1,"_zoom":16.125},{"_mousePosition":[683,384],"_rootPartCFrame":[759.963,226.408,47.106,-0.02,0,1,0,1,0,-1,0,-0.02],"_humanoidState":5,"_cameraCFrame":[765.252,243.128,45.248,-0.02,-0.944,0.33,0,0.33,0.944,-1,0.019,-0.007],"_shiftlockState":true,"_pose":"FreeFall","_animationQueue":[],"_animationSpeed":1,"_zoom":16.125},{"_mousePosition":[683,384],"_rootPartCFrame":[759.696,226.985,47.111,-0.02,0,1,0,1,0,-1,0,-0.02],"_humanoidState":5,"_cameraCFrame":[764.973,243.709,45.253,-0.02,-0.944,0.329,0,0.33,0.944,-1,0.019,-0.007],"_shiftlockState":true,"_pose":"FreeFall","_animationQueue":[],"_animationSpeed":1,"_zoom":16.125},{"_mousePosition":[683,384],"_rootPartCFrame":[759.43,227.507,47.117,-0.02,0,1,0,1,0,-1,0,-0.02],"_humanoidState":5,"_cameraCFrame":[764.68,244.24,45.254,-0.021,-0.944,0.328,0,0.328,0.945,-1,0.02,-0.007],"_shiftlockState":true,"_pose":"FreeFall","_animationQueue":[],"_animationSpeed":1,"_zoom":16.125},{"_mousePosition":[683,384],"_rootPartCFrame":[759.163,227.975,47.122,-0.021,0,1,0,1,0,-1,0,-0.021],"_humanoidState":5,"_cameraCFrame":[764.362,244.725,45.255,-0.023,-0.945,0.325,0,0.325,0.946,-1,0.021,-0.007],"_shiftlockState":true,"_pose":"FreeFall","_animationQueue":[],"_animationSpeed":1,"_zoom":16.125},{"_mousePosition":[683,384],"_rootPartCFrame":[758.763,228.574,47.131,-0.022,0,1,0,1,0,-1,0,-0.022],"_humanoidState":5,"_cameraCFrame":[763.938,245.333,45.264,-0.023,-0.946,0.323,0,0.323,0.946,-1,0.021,-0.007],"_shiftlockState":true,"_pose":"FreeFall","_animationQueue":[],"_animationSpeed":1,"_zoom":16.125},{"_mousePosition":[683,384],"_rootPartCFrame":[758.697,228.662,47.132,-0.022,0,1,0,1,0,-1,0,-0.022],"_humanoidState":5,"_cameraCFrame":[763.808,245.442,45.261,-0.024,-0.947,0.32,0,0.32,0.948,-1,0.022,-0.008],"_shiftlockState":true,"_pose":"FreeFall","_animationQueue":[],"_animationSpeed":1,"_zoom":16.125},{"_mousePosition":[683,384],"_rootPartCFrame":[758.363,229.051,47.14,-0.023,0,1,0,1,0,-1,0,-0.023],"_humanoidState":5,"_cameraCFrame":[763.423,245.847,45.265,-0.025,-0.948,0.316,0,0.317,0.949,-1,0.023,-0.008],"_shiftlockState":true,"_pose":"FreeFall","_animationQueue":[],"_animationSpeed":1,"_zoom":16.125},{"_mousePosition":[683,384],"_rootPartCFrame":[758.097,229.301,47.146,-0.024,0,1,0,1,0,-1,0,-0.024],"_humanoidState":5,"_cameraCFrame":[763.068,246.125,45.268,-0.026,-0.95,0.311,0,0.311,0.95,-1,0.024,-0.008],"_shiftlockState":true,"_pose":"FreeFall","_animationQueue":[],"_animationSpeed":1,"_zoom":16.125},{"_mousePosition":[683,384],"_rootPartCFrame":[757.764,229.537,47.154,-0.025,0,1,0,1,0,-1,0,-0.025],"_humanoidState":5,"_cameraCFrame":[762.671,246.381,45.272,-0.027,-0.951,0.307,0,0.307,0.952,-1,0.025,-0.008],"_shiftlockState":true,"_pose":"FreeFall","_animationQueue":[],"_animationSpeed":1,"_zoom":16.125},{"_mousePosition":[683,384],"_rootPartCFrame":[757.564,229.637,47.159,-0.027,0,1,0,1,0,-1,0,-0.027],"_humanoidState":5,"_cameraCFrame":[762.393,246.505,45.269,-0.029,-0.953,0.303,0,0.303,0.953,-1,0.027,-0.009],"_shiftlockState":true,"_pose":"FreeFall","_animationQueue":[],"_animationSpeed":1,"_zoom":16.125},{"_mousePosition":[683,384],"_rootPartCFrame":[757.297,229.723,47.166,-0.029,0,1,0,1,0,-1,0,-0.029],"_humanoidState":5,"_cameraCFrame":[762.048,246.615,45.269,-0.031,-0.954,0.298,0,0.298,0.955,-1,0.029,-0.009],"_shiftlockState":true,"_pose":"FreeFall","_animationQueue":[],"_animationSpeed":1,"_zoom":16.125},{"_mousePosition":[683,384],"_rootPartCFrame":[757.03,229.755,47.174,-0.031,0,1,0,1,0,-1,0,-0.031],"_humanoidState":5,"_cameraCFrame":[761.73,246.662,45.273,-0.032,-0.955,0.295,0,0.295,0.955,-0.999,0.031,-0.009],"_shiftlockState":true,"_pose":"FreeFall","_animationQueue":[],"_animationSpeed":1,"_zoom":16.125},{"_mousePosition":[683,384],"_rootPartCFrame":[756.764,229.732,47.182,-0.032,0,0.999,0,1,0,-0.999,0,-0.032],"_humanoidState":5,"_cameraCFrame":[761.424,246.651,45.277,-0.033,-0.956,0.293,0,0.293,0.956,-0.999,0.032,-0.01],"_shiftlockState":true,"_pose":"FreeFall","_animationQueue":[],"_animationSpeed":1,"_zoom":16.125},{"_mousePosition":[683,384],"_rootPartCFrame":[756.497,229.655,47.191,-0.033,0,0.999,0,1,0,-0.999,0,-0.033],"_humanoidState":5,"_cameraCFrame":[761.145,246.577,45.286,-0.033,-0.956,0.292,0,0.292,0.956,-0.999,0.032,-0.01],"_shiftlockState":true,"_pose":"FreeFall","_animationQueue":[["fall",0.3]],"_animationSpeed":1,"_zoom":16.125},{"_mousePosition":[683,384],"_rootPartCFrame":[756.231,229.523,47.199,-0.033,0,0.999,0,1,0,-0.999,0,-0.033],"_humanoidState":5,"_cameraCFrame":[760.864,246.45,45.291,-0.034,-0.956,0.291,0,0.291,0.957,-0.999,0.033,-0.01],"_shiftlockState":true,"_pose":"FreeFall","_animationQueue":[],"_animationSpeed":1,"_zoom":16.125},{"_mousePosition":[683,384],"_rootPartCFrame":[755.964,229.337,47.208,-0.034,0,0.999,0,1,0,-0.999,0,-0.034],"_humanoidState":5,"_cameraCFrame":[760.597,246.263,45.299,-0.034,-0.956,0.291,0,0.291,0.957,-0.999,0.033,-0.01],"_shiftlockState":true,"_pose":"FreeFall","_animationQueue":[],"_animationSpeed":1,"_zoom":16.125},{"_mousePosition":[683,384],"_rootPartCFrame":[755.697,229.096,47.217,-0.034,0,0.999,0,1,0,-0.999,0,-0.034],"_humanoidState":5,"_cameraCFrame":[760.331,246.023,45.308,-0.034,-0.956,0.291,0,0.291,0.957,-0.999,0.033,-0.01],"_shiftlockState":true,"_pose":"FreeFall","_animationQueue":[],"_animationSpeed":1,"_zoom":16.125},{"_mousePosition":[683,384],"_rootPartCFrame":[755.431,228.801,47.226,-0.034,0,0.999,0,1,0,-0.999,0,-0.034],"_humanoidState":5,"_cameraCFrame":[760.064,245.727,45.317,-0.034,-0.956,0.291,0,0.291,0.957,-0.999,0.033,-0.01],"_shiftlockState":true,"_pose":"FreeFall","_animationQueue":[],"_animationSpeed":1,"_zoom":16.125},{"_mousePosition":[683,384],"_rootPartCFrame":[755.164,228.451,47.235,-0.034,0,0.999,0,1,0,-0.999,0,-0.034],"_humanoidState":5,"_cameraCFrame":[759.798,245.378,45.326,-0.034,-0.956,0.291,0,0.291,0.957,-0.999,0.033,-0.01],"_shiftlockState":true,"_pose":"FreeFall","_animationQueue":[],"_animationSpeed":1,"_zoom":16.125},{"_mousePosition":[683,384],"_rootPartCFrame":[754.898,228.047,47.244,-0.034,0,0.999,0,1,0,-0.999,0,-0.034],"_humanoidState":5,"_cameraCFrame":[759.531,244.973,45.336,-0.034,-0.956,0.291,0,0.291,0.957,-0.999,0.033,-0.01],"_shiftlockState":true,"_pose":"FreeFall","_animationQueue":[],"_animationSpeed":1,"_zoom":16.125},{"_mousePosition":[683,384],"_rootPartCFrame":[754.631,227.588,47.253,-0.034,0,0.999,0,1,0,-0.999,0,-0.034],"_humanoidState":5,"_cameraCFrame":[759.264,244.515,45.345,-0.034,-0.956,0.291,0,0.291,0.957,-0.999,0.033,-0.01],"_shiftlockState":true,"_pose":"FreeFall","_animationQueue":[["fall",0.3]],"_animationSpeed":1,"_zoom":16.125},{"_mousePosition":[683,384],"_rootPartCFrame":[754.431,227.209,47.26,-0.034,0,0.999,0,1,0,-0.999,0,-0.034],"_humanoidState":5,"_cameraCFrame":[759.064,244.135,45.351,-0.034,-0.956,0.291,0,0.291,0.957,-0.999,0.033,-0.01],"_shiftlockState":true,"_pose":"FreeFall","_animationQueue":[],"_animationSpeed":1,"_zoom":16.125},{"_mousePosition":[683,384],"_rootPartCFrame":[754.098,226.508,47.272,-0.034,0,0.999,0,1,0,-0.999,0,-0.034],"_humanoidState":5,"_cameraCFrame":[758.731,243.434,45.363,-0.034,-0.956,0.291,0,0.291,0.957,-0.999,0.033,-0.01],"_shiftlockState":true,"_pose":"FreeFall","_animationQueue":[],"_animationSpeed":1,"_zoom":16.125},{"_mousePosition":[683,384],"_rootPartCFrame":[753.898,226.046,47.278,-0.034,0,0.999,0,1,0,-0.999,0,-0.034],"_humanoidState":5,"_cameraCFrame":[758.531,242.972,45.37,-0.034,-0.956,0.291,0,0.291,0.957,-0.999,0.033,-0.01],"_shiftlockState":true,"_pose":"FreeFall","_animationQueue":[],"_animationSpeed":1,"_zoom":16.125},{"_mousePosition":[683,384],"_rootPartCFrame":[753.565,225.209,47.29,-0.034,0,0.999,0,1,0,-0.999,0,-0.034],"_humanoidState":5,"_cameraCFrame":[758.198,242.135,45.381,-0.034,-0.956,0.291,0,0.291,0.957,-0.999,0.033,-0.01],"_shiftlockState":true,"_pose":"FreeFall","_animationQueue":[],"_animationSpeed":1,"_zoom":16.125},{"_mousePosition":[683,384],"_rootPartCFrame":[753.298,224.477,47.299,-0.034,0,0.999,0,1,0,-0.999,0,-0.034],"_humanoidState":5,"_cameraCFrame":[757.948,241.4,45.399,-0.032,-0.956,0.292,0,0.292,0.956,-0.999,0.031,-0.009],"_shiftlockState":true,"_pose":"FreeFall","_animationQueue":[],"_animationSpeed":1,"_zoom":16.125},{"_mousePosition":[683,384],"_rootPartCFrame":[753.031,223.692,47.308,-0.032,0,0.999,0,1,0,-0.999,0,-0.032],"_humanoidState":5,"_cameraCFrame":[757.716,240.606,45.432,-0.027,-0.956,0.293,0,0.294,0.956,-1,0.026,-0.008],"_shiftlockState":true,"_pose":"FreeFall","_animationQueue":[["fall",0.3]],"_animationSpeed":1,"_zoom":16.125},{"_mousePosition":[683,384],"_rootPartCFrame":[752.765,222.851,47.316,-0.027,0,1,0,1,0,-1,0,-0.027],"_humanoidState":5,"_cameraCFrame":[757.482,239.758,45.46,-0.023,-0.955,0.295,0,0.295,0.955,-1,0.022,-0.007],"_shiftlockState":true,"_pose":"FreeFall","_animationQueue":[],"_animationSpeed":1,"_zoom":16.125},{"_mousePosition":[683,384],"_rootPartCFrame":[752.758,222.004,47.319,0.012,-0.043,0.999,0.005,0.999,0.043,-1,0.004,0.012],"_humanoidState":5,"_cameraCFrame":[757.474,238.894,45.503,-0.015,-0.954,0.298,0,0.298,0.955,-1,0.014,-0.005],"_shiftlockState":true,"_pose":"FreeFall","_animationQueue":[],"_animationSpeed":1,"_zoom":16.125},{"_mousePosition":[683,384],"_rootPartCFrame":[752.773,222.042,47.318,0,-0.025,1,0.003,1,0.025,-1,0.003,0],"_humanoidState":12,"_cameraCFrame":[757.562,238.922,45.524,-0.01,-0.954,0.3,0,0.3,0.954,-1,0.009,-0.003],"_shiftlockState":true,"_pose":"Climbing","_animationQueue":[["walk",0.1],["fall",0.3],["climb",0.1],["climb",0]],"_animationSpeed":-4.111,"_zoom":16.125},{"_mousePosition":[683,384],"_rootPartCFrame":[752.773,222.226,47.318,-0.008,-0.002,1,0,1,0.002,-1,0,-0.008],"_humanoidState":12,"_cameraCFrame":[757.642,239.094,45.541,-0.006,-0.953,0.303,0,0.303,0.953,-1,0.005,-0.002],"_shiftlockState":true,"_pose":"Climbing","_animationQueue":[["climb",0.1]],"_animationSpeed":0.834,"_zoom":16.125},{"_mousePosition":[683,384],"_rootPartCFrame":[752.771,222.413,47.319,-0.006,0.002,1,0,1,-0.002,-1,0,-0.006],"_humanoidState":12,"_cameraCFrame":[757.675,239.273,45.55,-0.004,-0.953,0.304,0,0.304,0.953,-1,0.003,-0.001],"_shiftlockState":true,"_pose":"Climbing","_animationQueue":[["climb",0.1]],"_animationSpeed":0.931,"_zoom":16.125},{"_mousePosition":[683,384],"_rootPartCFrame":[752.771,222.599,47.319,-0.004,0.001,1,0,1,-0.001,-1,0,-0.004],"_humanoidState":12,"_cameraCFrame":[757.672,239.46,45.551,-0.004,-0.953,0.304,0,0.304,0.953,-1,0.003,-0.001],"_shiftlockState":true,"_pose":"Climbing","_animationQueue":[],"_animationSpeed":0.931,"_zoom":16.125},{"_mousePosition":[683,384],"_rootPartCFrame":[752.771,222.739,47.319,-0.004,0,1,0,1,0,-1,0,-0.004],"_humanoidState":12,"_cameraCFrame":[757.671,239.6,45.551,-0.004,-0.953,0.304,0,0.304,0.953,-1,0.003,-0.001],"_shiftlockState":true,"_pose":"Climbing","_animationQueue":[],"_animationSpeed":0.931,"_zoom":16.125},{"_mousePosition":[683,384],"_rootPartCFrame":[752.771,222.972,47.319,-0.004,0,1,0,1,0,-1,0,-0.004],"_humanoidState":12,"_cameraCFrame":[757.671,239.833,45.551,-0.004,-0.953,0.304,0,0.304,0.953,-1,0.003,-0.001],"_shiftlockState":true,"_pose":"Climbing","_animationQueue":[["climb",0]],"_animationSpeed":0.931,"_zoom":16.125},{"_mousePosition":[683,384],"_rootPartCFrame":[752.746,223.125,47.319,-0.004,0,1,0,1,0,-1,0,-0.004],"_humanoidState":8,"_cameraCFrame":[757.646,239.985,45.551,-0.004,-0.953,0.304,0,0.304,0.953,-1,0.003,-0.001],"_shiftlockState":true,"_pose":"Standing","_animationQueue":[["climb",0.1],["idle",0.1],["idle",0.1]],"_animationSpeed":1,"_zoom":16.125},{"_mousePosition":[683,384],"_rootPartCFrame":[752.681,223.223,47.319,-0.004,0,1,0,1,0,-1,0,-0.004],"_humanoidState":5,"_cameraCFrame":[757.582,240.084,45.551,-0.004,-0.953,0.304,0,0.304,0.953,-1,0.003,-0.001],"_shiftlockState":true,"_pose":"FreeFall","_animationQueue":[["walk",0.1],["fall",0.3]],"_animationSpeed":1,"_zoom":16.125},{"_mousePosition":[683,384],"_rootPartCFrame":[752.607,223.261,47.319,-0.004,0,1,0,1,0,-1,0,-0.004],"_humanoidState":5,"_cameraCFrame":[757.507,240.121,45.551,-0.004,-0.953,0.304,0,0.304,0.953,-1,0.003,-0.001],"_shiftlockState":true,"_pose":"FreeFall","_animationQueue":[],"_animationSpeed":1,"_zoom":16.125},{"_mousePosition":[683,384],"_rootPartCFrame":[752.433,223.256,47.32,-0.004,0,1,0,1,0,-1,0,-0.004],"_humanoidState":5,"_cameraCFrame":[757.346,240.112,45.552,-0.004,-0.952,0.305,0,0.305,0.952,-1,0.003,-0.001],"_shiftlockState":true,"_pose":"FreeFall","_animationQueue":[],"_animationSpeed":1,"_zoom":16.125},{"_mousePosition":[683,384],"_rootPartCFrame":[752.385,223.651,47.32,-0.004,0,1,0,1,0,-1,0,-0.004],"_humanoidState":7,"_cameraCFrame":[757.298,240.508,45.552,-0.004,-0.952,0.305,0,0.305,0.952,-1,0.003,-0.001],"_shiftlockState":true,"_pose":"FreeFall","_animationQueue":[["fall",0.3],["walk",0.1],["fall",0.3],["fall",0.3]],"_animationSpeed":1,"_zoom":16.125},{"_mousePosition":[683,384],"_rootPartCFrame":[752.384,224.039,47.32,-0.004,0,1,0,1,0,-1,0,-0.004],"_humanoidState":7,"_cameraCFrame":[757.297,240.896,45.552,-0.004,-0.952,0.305,0,0.305,0.952,-1,0.003,-0.001],"_shiftlockState":true,"_pose":"FreeFall","_animationQueue":[],"_animationSpeed":1,"_zoom":16.125},{"_mousePosition":[683,384],"_rootPartCFrame":[752.384,224.319,47.32,-0.004,0,1,0,1,0,-1,0,-0.004],"_humanoidState":8,"_cameraCFrame":[757.303,241.175,47.302,-0.004,-0.952,0.305,0,0.305,0.952,-1,0.003,-0.001],"_shiftlockState":false,"_pose":"Standing","_animationQueue":[["fall",0.3],["idle",0.1]],"_animationSpeed":1,"_zoom":16.125},{"_mousePosition":[683,384],"_rootPartCFrame":[752.384,224.438,47.32,-0.004,0,1,0,1,0,-1,0,-0.004],"_humanoidState":8,"_cameraCFrame":[757.303,241.294,47.302,-0.004,-0.952,0.305,0,0.305,0.952,-1,0.003,-0.001],"_shiftlockState":false,"_pose":"Standing","_animationQueue":[],"_animationSpeed":1,"_zoom":16.125},{"_mousePosition":[683,384],"_rootPartCFrame":[752.384,224.489,47.32,-0.004,0,1,0,1,0,-1,0,-0.004],"_humanoidState":8,"_cameraCFrame":[757.303,241.345,47.312,-0.002,-0.952,0.305,0,0.305,0.952,-1,0.001,0],"_shiftlockState":false,"_pose":"Standing","_animationQueue":[],"_animationSpeed":1,"_zoom":16.125},{"_mousePosition":[683,384],"_rootPartCFrame":[752.384,224.54,47.32,-0.004,0,1,0,1,0,-1,0,-0.004],"_humanoidState":8,"_cameraCFrame":[757.328,241.389,47.338,0.004,-0.952,0.307,0,0.307,0.952,-1,-0.003,0.001],"_shiftlockState":false,"_pose":"Standing","_animationQueue":[],"_animationSpeed":1,"_zoom":16.125},{"_mousePosition":[683,384],"_rootPartCFrame":[752.384,224.553,47.32,-0.004,0,1,0,1,0,-1,0,-0.004],"_humanoidState":8,"_cameraCFrame":[757.365,241.389,47.37,0.01,-0.951,0.309,0,0.309,0.951,-1,-0.009,0.003],"_shiftlockState":false,"_pose":"Standing","_animationQueue":[],"_animationSpeed":1,"_zoom":16.125},{"_mousePosition":[683,384],"_rootPartCFrame":[752.384,224.563,47.32,-0.004,0,1,0,1,0,-1,0,-0.004],"_humanoidState":8,"_cameraCFrame":[757.389,241.391,47.396,0.015,-0.95,0.31,0,0.31,0.951,-1,-0.014,0.005],"_shiftlockState":false,"_pose":"Standing","_animationQueue":[],"_animationSpeed":1,"_zoom":16.125},{"_mousePosition":[683,384],"_rootPartCFrame":[752.384,224.568,47.32,-0.004,0,1,0,1,0,-1,0,-0.004],"_humanoidState":8,"_cameraCFrame":[757.426,241.385,47.423,0.02,-0.95,0.313,0,0.313,0.95,-1,-0.019,0.006],"_shiftlockState":false,"_pose":"Standing","_animationQueue":[],"_animationSpeed":1,"_zoom":16.125},{"_mousePosition":[683,384],"_rootPartCFrame":[752.384,224.571,47.32,-0.004,0,1,0,1,0,-1,0,-0.004],"_humanoidState":8,"_cameraCFrame":[757.45,241.379,47.44,0.024,-0.949,0.314,0,0.314,0.949,-1,-0.022,0.007],"_shiftlockState":false,"_pose":"Standing","_animationQueue":[],"_animationSpeed":1,"_zoom":16.125},{"_mousePosition":[683,384],"_rootPartCFrame":[752.384,224.573,47.32,-0.004,0,1,0,1,0,-1,0,-0.004],"_humanoidState":8,"_cameraCFrame":[757.462,241.377,47.45,0.026,-0.949,0.315,0,0.315,0.949,-1,-0.024,0.008],"_shiftlockState":false,"_pose":"Standing","_animationQueue":[],"_animationSpeed":1,"_zoom":16.125},{"_mousePosition":[683,384],"_rootPartCFrame":[752.384,224.574,47.32,-0.004,0,1,0,1,0,-1,0,-0.004],"_humanoidState":8,"_cameraCFrame":[757.462,241.378,47.45,0.026,-0.949,0.315,0,0.315,0.949,-1,-0.024,0.008],"_shiftlockState":false,"_pose":"Standing","_animationQueue":[],"_animationSpeed":1,"_zoom":16.125},{"_mousePosition":[683,384],"_rootPartCFrame":[752.384,224.574,47.32,-0.004,0,1,0,1,0,-1,0,-0.004],"_humanoidState":8,"_cameraCFrame":[757.474,241.374,47.451,0.026,-0.949,0.316,0,0.316,0.949,-1,-0.024,0.008],"_shiftlockState":false,"_pose":"Standing","_animationQueue":[],"_animationSpeed":1,"_zoom":16.125},{"_mousePosition":[683,384],"_rootPartCFrame":[752.384,224.575,47.32,-0.004,0,1,0,1,0,-1,0,-0.004],"_humanoidState":8,"_cameraCFrame":[757.474,241.375,47.451,0.026,-0.949,0.316,0,0.316,0.949,-1,-0.024,0.008],"_shiftlockState":false,"_pose":"Standing","_animationQueue":[],"_animationSpeed":1,"_zoom":16.125},{"_mousePosition":[683,384],"_rootPartCFrame":[752.384,224.575,47.32,-0.004,0,1,0,1,0,-1,0,-0.004],"_humanoidState":8,"_cameraCFrame":[757.474,241.375,47.451,0.026,-0.949,0.316,0,0.316,0.949,-1,-0.024,0.008],"_shiftlockState":false,"_pose":"Standing","_animationQueue":[],"_animationSpeed":1,"_zoom":16.125},{"_mousePosition":[683,384],"_rootPartCFrame":[752.384,224.575,47.32,-0.004,0,1,0,1,0,-1,0,-0.004],"_humanoidState":8,"_cameraCFrame":[757.474,241.375,47.451,0.026,-0.949,0.316,0,0.316,0.949,-1,-0.024,0.008],"_shiftlockState":false,"_pose":"Standing","_animationQueue":[],"_animationSpeed":1,"_zoom":16.125},{"_mousePosition":[683,384],"_rootPartCFrame":[752.384,224.575,47.32,-0.004,0,1,0,1,0,-1,0,-0.004],"_humanoidState":8,"_cameraCFrame":[757.474,241.375,47.451,0.026,-0.949,0.316,0,0.316,0.949,-1,-0.024,0.008],"_shiftlockState":false,"_pose":"Standing","_animationQueue":[],"_animationSpeed":1,"_zoom":16.125},{"_mousePosition":[683,384],"_rootPartCFrame":[752.384,224.575,47.32,-0.004,0,1,0,1,0,-1,0,-0.004],"_humanoidState":8,"_cameraCFrame":[757.474,241.375,47.451,0.026,-0.949,0.316,0,0.316,0.949,-1,-0.024,0.008],"_shiftlockState":false,"_pose":"Standing","_animationQueue":[],"_animationSpeed":1,"_zoom":16.125},{"_mousePosition":[683,384],"_rootPartCFrame":[752.172,224.575,47.315,0,0,1,0,1,0,-1,0,0],"_humanoidState":8,"_cameraCFrame":[757.262,241.375,47.445,0.026,-0.949,0.316,0,0.316,0.949,-1,-0.024,0.008],"_shiftlockState":false,"_pose":"Standing","_animationQueue":[],"_animationSpeed":1,"_zoom":16.125},{"_mousePosition":[683,384],"_rootPartCFrame":[752.04,224.561,47.311,0.002,0,1,0,1,0,-1,0,0.002],"_humanoidState":8,"_cameraCFrame":[757.131,241.361,47.442,0.026,-0.949,0.316,0,0.316,0.949,-1,-0.024,0.008],"_shiftlockState":false,"_pose":"Running","_animationQueue":[["walk",0.1]],"_animationSpeed":1.009,"_zoom":16.125},{"_mousePosition":[683,384],"_rootPartCFrame":[751.774,224.562,47.304,0.005,0,1,0,1,0,-1,0,0.005],"_humanoidState":8,"_cameraCFrame":[756.864,241.361,47.435,0.026,-0.949,0.316,0,0.316,0.949,-1,-0.024,0.008],"_shiftlockState":false,"_pose":"Running","_animationQueue":[["walk",0.1]],"_animationSpeed":1.09,"_zoom":16.125},{"_mousePosition":[683,384],"_rootPartCFrame":[751.806,224.566,47.332,0.04,0,0.999,0,1,0,-0.999,0,0.04],"_humanoidState":8,"_cameraCFrame":[756.896,241.366,47.463,0.026,-0.949,0.316,0,0.316,0.949,-1,-0.024,0.008],"_shiftlockState":false,"_pose":"Running","_animationQueue":[["walk",0.1]],"_animationSpeed":1.09,"_zoom":16.125},{"_mousePosition":[683,384],"_rootPartCFrame":[751.714,224.568,47.333,0.04,0,0.999,0,1,0,-0.999,0,0.04],"_humanoidState":8,"_cameraCFrame":[756.804,241.368,47.463,0.026,-0.949,0.316,0,0.316,0.949,-1,-0.024,0.008],"_shiftlockState":false,"_pose":"Running","_animationQueue":[["walk",0.1]],"_animationSpeed":0.339,"_zoom":16.125},{"_mousePosition":[683,384],"_rootPartCFrame":[751.758,224.563,47.347,0.065,0.026,0.998,0,1,-0.026,-0.998,0.002,0.065],"_humanoidState":8,"_cameraCFrame":[756.888,241.362,47.481,0.026,-0.949,0.316,0,0.316,0.949,-1,-0.024,0.008],"_shiftlockState":false,"_pose":"Running","_animationQueue":[["walk",0.1]],"_animationSpeed":0.761,"_zoom":16.125},{"_mousePosition":[683,384],"_rootPartCFrame":[751.758,224.568,47.357,0.084,0.012,0.996,0.001,1,-0.012,-0.996,0.002,0.084],"_humanoidState":8,"_cameraCFrame":[756.866,241.368,47.491,0.026,-0.949,0.316,0,0.316,0.949,-1,-0.024,0.008],"_shiftlockState":false,"_pose":"Running","_animationQueue":[["walk",0.1]],"_animationSpeed":0.058,"_zoom":16.125},{"_mousePosition":[683,384],"_rootPartCFrame":[751.763,224.569,47.359,0.085,0.009,0.996,0.001,1,-0.009,-0.996,0.002,0.085],"_humanoidState":8,"_cameraCFrame":[756.867,241.369,47.492,0.026,-0.949,0.316,0,0.316,0.949,-1,-0.024,0.008],"_shiftlockState":false,"_pose":"Standing","_animationQueue":[["idle",0.1]],"_animationSpeed":1,"_zoom":16.125},{"_mousePosition":[683,384],"_rootPartCFrame":[751.765,224.57,47.359,0.086,0.008,0.996,0.001,1,-0.008,-0.996,0.001,0.086],"_humanoidState":8,"_cameraCFrame":[756.867,241.37,47.492,0.026,-0.949,0.316,0,0.316,0.949,-1,-0.024,0.008],"_shiftlockState":false,"_pose":"Standing","_animationQueue":[],"_animationSpeed":1,"_zoom":16.125},{"_mousePosition":[683,384],"_rootPartCFram