[{"_mousePosition":[1142,370],"_rootPartCFrame":[776.024,222.974,47.142,0.004,0.004,1,0,1,-0.004,-1,0,0.004],"_humanoidState":8,"_cameraCFrame":[780.617,234.991,36.795,-0.914,-0.276,0.297,0,0.733,0.681,-0.405,0.622,-0.67],"_shiftlockState":false,"_pose":"Standing","_animationQueue":[],"_animationSpeed":1,"_zoom":15.45},{"_mousePosition":[1132,371],"_rootPartCFrame":[775.916,222.91,47.094,0.035,0.002,0.999,0,1,-0.002,-0.999,0,0.035],"_humanoidState":8,"_cameraCFrame":[780.505,234.926,36.747,-0.914,-0.276,0.297,0,0.733,0.681,-0.405,0.622,-0.67],"_shiftlockState":false,"_pose":"Standing","_animationQueue":[],"_animationSpeed":1,"_zoom":15.45},{"_mousePosition":[1085,378],"_rootPartCFrame":[775.677,222.768,46.988,0.085,0,0.996,0,1,0,-0.996,0,0.085],"_humanoidState":8,"_cameraCFrame":[780.263,234.785,36.641,-0.914,-0.276,0.297,0,0.733,0.681,-0.405,0.622,-0.67],"_shiftlockState":false,"_pose":"Running","_animationQueue":[["walk",0.1]],"_animationSpeed":0.84,"_zoom":15.45},{"_mousePosition":[1052,390],"_rootPartCFrame":[775.433,222.654,46.88,0.13,0,0.992,0,1,0,-0.992,0,0.13],"_humanoidState":8,"_cameraCFrame":[780.02,234.671,36.533,-0.914,-0.276,0.297,0,0.733,0.681,-0.405,0.622,-0.67],"_shiftlockState":false,"_pose":"Running","_animationQueue":[["walk",0.1]],"_animationSpeed":1.097,"_zoom":15.45},{"_mousePosition":[1028,405],"_rootPartCFrame":[775.19,222.662,46.772,0.168,0,0.986,0,1,0,-0.986,0,0.168],"_humanoidState":8,"_cameraCFrame":[779.776,234.679,36.425,-0.914,-0.276,0.297,0,0.733,0.681,-0.405,0.622,-0.67],"_shiftlockState":false,"_pose":"Running","_animationQueue":[],"_animationSpeed":1.097,"_zoom":15.45},{"_mousePosition":[1018,414],"_rootPartCFrame":[774.946,222.677,46.664,0.201,0,0.98,0,1,0,-0.98,0,0.201],"_humanoidState":8,"_cameraCFrame":[779.533,234.694,36.317,-0.914,-0.276,0.297,0,0.733,0.681,-0.405,0.622,-0.67],"_shiftlockState":false,"_pose":"Running","_animationQueue":[],"_animationSpeed":1.097,"_zoom":15.45},{"_mousePosition":[996,432],"_rootPartCFrame":[774.702,222.687,46.556,0.23,0,0.973,0,1,0,-0.973,0,0.23],"_humanoidState":8,"_cameraCFrame":[779.289,234.704,36.209,-0.914,-0.276,0.297,0,0.733,0.681,-0.405,0.622,-0.67],"_shiftlockState":false,"_pose":"Running","_animationQueue":[],"_animationSpeed":1.097,"_zoom":15.45},{"_mousePosition":[991,437],"_rootPartCFrame":[774.458,222.693,46.448,0.254,0,0.967,0,1,0,-0.967,0,0.254],"_humanoidState":8,"_cameraCFrame":[779.045,234.71,36.101,-0.914,-0.276,0.297,0,0.733,0.681,-0.405,0.622,-0.67],"_shiftlockState":false,"_pose":"Running","_animationQueue":[["walk",0.1]],"_animationSpeed":1.097,"_zoom":15.45},{"_mousePosition":[980,449],"_rootPartCFrame":[774.215,222.696,46.34,0.275,0,0.961,0,1,0,-0.961,0,0.275],"_humanoidState":8,"_cameraCFrame":[778.801,234.713,35.993,-0.914,-0.276,0.297,0,0.733,0.681,-0.405,0.622,-0.67],"_shiftlockState":false,"_pose":"Running","_animationQueue":[],"_animationSpeed":1.097,"_zoom":15.45},{"_mousePosition":[976,453],"_rootPartCFrame":[773.971,222.698,46.232,0.293,0,0.956,0,1,0,-0.956,0,0.293],"_humanoidState":8,"_cameraCFrame":[776.958,234.715,35.176,-0.914,-0.276,0.297,0,0.733,0.681,-0.405,0.622,-0.67],"_shiftlockState":true,"_pose":"Running","_animationQueue":[],"_animationSpeed":1.097,"_zoom":15.45},{"_mousePosition":[683,384],"_rootPartCFrame":[773.727,222.699,46.124,-0.945,0,0.326,0,1,0,-0.326,0,-0.945],"_humanoidState":8,"_cameraCFrame":[776.714,234.716,35.067,-0.914,-0.276,0.297,0,0.733,0.681,-0.405,0.622,-0.67],"_shiftlockState":true,"_pose":"Running","_animationQueue":[],"_animationSpeed":1.097,"_zoom":15.45},{"_mousePosition":[683,384],"_rootPartCFrame":[773.483,222.699,46.016,-0.918,0,0.397,0,1,0,-0.397,0,-0.918],"_humanoidState":8,"_cameraCFrame":[776.045,235.022,35.15,-0.925,-0.266,0.271,0,0.714,0.701,-0.379,0.648,-0.66],"_shiftlockState":true,"_pose":"Running","_animationQueue":[],"_animationSpeed":1.097,"_zoom":15.45},{"_mousePosition":[683,384],"_rootPartCFrame":[773.239,222.699,45.908,-0.925,0,0.379,0,1,0,-0.379,0,-0.925],"_humanoidState":8,"_cameraCFrame":[775.317,235.39,35.314,-0.937,-0.253,0.241,0,0.689,0.724,-0.349,0.679,-0.646],"_shiftlockState":true,"_pose":"Running","_animationQueue":[],"_animationSpeed":1.097,"_zoom":15.45},{"_mousePosition":[683,384],"_rootPartCFrame":[772.993,222.7,45.806,-0.937,0,0.349,0,1,0,-0.349,0,-0.937],"_humanoidState":8,"_cameraCFrame":[774.666,235.719,35.498,-0.946,-0.241,0.215,0,0.666,0.746,-0.323,0.706,-0.631],"_shiftlockState":true,"_pose":"Running","_animationQueue":[["walk",0.1]],"_animationSpeed":1.097,"_zoom":15.45},{"_mousePosition":[683,384],"_rootPartCFrame":[772.743,222.7,45.712,-0.946,0,0.323,0,1,0,-0.323,0,-0.946],"_humanoidState":8,"_cameraCFrame":[773.959,236.109,35.79,-0.956,-0.226,0.187,0,0.637,0.771,-0.293,0.737,-0.609],"_shiftlockState":true,"_pose":"Running","_animationQueue":[],"_animationSpeed":1.097,"_zoom":15.45},{"_mousePosition":[683,384],"_rootPartCFrame":[772.491,222.7,45.625,-0.956,0,0.293,0,1,0,-0.293,0,-0.956],"_humanoidState":8,"_cameraCFrame":[773.211,236.541,36.195,-0.966,-0.207,0.156,0,0.602,0.799,-0.259,0.771,-0.581],"_shiftlockState":true,"_pose":"Running","_animationQueue":[],"_animationSpeed":1.097,"_zoom":15.45},{"_mousePosition":[683,384],"_rootPartCFrame":[772.173,222.7,45.526,-0.966,0,0.259,0,1,0,-0.259,0,-0.966],"_humanoidState":8,"_cameraCFrame":[772.415,236.962,36.648,-0.975,-0.185,0.126,0,0.564,0.826,-0.224,0.805,-0.549],"_shiftlockState":true,"_pose":"Running","_animationQueue":[],"_animationSpeed":1.097,"_zoom":15.45},{"_mousePosition":[683,384],"_rootPartCFrame":[771.916,222.7,45.456,-0.975,0,0.224,0,1,0,-0.224,0,-0.975],"_humanoidState":8,"_cameraCFrame":[771.809,237.29,37.065,-0.981,-0.166,0.104,0,0.531,0.847,-0.196,0.831,-0.521],"_shiftlockState":true,"_pose":"Running","_animationQueue":[],"_animationSpeed":1.097,"_zoom":15.45},{"_mousePosition":[683,384],"_rootPartCFrame":[771.656,222.7,45.395,-0.987,0,0.163,0,1,0,-0.163,0,-0.987],"_humanoidState":8,"_cameraCFrame":[771.193,237.669,37.642,-0.986,-0.145,0.082,0,0.49,0.872,-0.167,0.86,-0.483],"_shiftlockState":true,"_pose":"Running","_animationQueue":[["walk",0.1]],"_animationSpeed":1.097,"_zoom":15.45},{"_mousePosition":[683,384],"_rootPartCFrame":[771.459,222.695,45.36,-0.986,0,0.167,0,1,0,-0.167,0,-0.986],"_humanoidState":8,"_cameraCFrame":[771.008,237.707,37.681,-0.985,-0.149,0.082,0,0.485,0.875,-0.17,0.862,-0.478],"_shiftlockState":true,"_pose":"Running","_animationQueue":[],"_animationSpeed":1.097,"_zoom":15.45},{"_mousePosition":[683,384],"_rootPartCFrame":[771.262,222.695,45.327,-0.985,0,0.17,0,1,0,-0.17,0,-0.985],"_humanoidState":8,"_cameraCFrame":[770.804,237.552,37.909,-0.985,-0.154,0.083,0,0.476,0.88,-0.175,0.866,-0.468],"_shiftlockState":true,"_pose":"Running","_animationQueue":[["walk",0.1]],"_animationSpeed":1.097,"_zoom":11.96},{"_mousePosition":[683,384],"_rootPartCFrame":[770.999,222.697,45.282,-0.985,0,0.175,0,1,0,-0.175,0,-0.985],"_humanoidState":8,"_cameraCFrame":[770.511,237.15,38.235,-0.984,-0.159,0.084,0,0.467,0.884,-0.18,0.87,-0.459],"_shiftlockState":true,"_pose":"Running","_animationQueue":[],"_animationSpeed":1.097,"_zoom":11.96},{"_mousePosition":[683,384],"_rootPartCFrame":[770.802,222.698,45.247,-0.984,0,0.18,0,1,0,-0.18,0,-0.984],"_humanoidState":8,"_cameraCFrame":[770.308,236.668,38.572,-0.982,-0.168,0.087,0,0.46,0.888,-0.19,0.872,-0.452],"_shiftlockState":true,"_pose":"Running","_animationQueue":[],"_animationSpeed":1.097,"_zoom":11.96},{"_mousePosition":[683,384],"_rootPartCFrame":[770.474,222.699,45.187,-0.982,0,0.19,0,1,0,-0.19,0,-0.982],"_humanoidState":8,"_cameraCFrame":[769.971,236.253,38.863,-0.98,-0.177,0.09,0,0.451,0.892,-0.199,0.875,-0.442],"_shiftlockState":true,"_pose":"Running","_animationQueue":[],"_animationSpeed":1.097,"_zoom":11.96},{"_mousePosition":[683,384],"_rootPartCFrame":[770.212,222.699,45.137,-0.98,0,0.199,0,1,0,-0.199,0,-0.98],"_humanoidState":8,"_cameraCFrame":[769.69,235.955,39.119,-0.979,-0.185,0.091,0,0.441,0.897,-0.206,0.878,-0.432],"_shiftlockState":true,"_pose":"Running","_animationQueue":[],"_animationSpeed":1.097,"_zoom":11.96},{"_mousePosition":[683,384],"_rootPartCFrame":[769.951,222.699,45.084,-0.979,0,0.206,0,1,0,-0.206,0,-0.979],"_humanoidState":8,"_cameraCFrame":[769.4,235.724,39.344,-0.977,-0.191,0.091,0,0.43,0.903,-0.211,0.882,-0.421],"_shiftlockState":true,"_pose":"Running","_animationQueue":[],"_animationSpeed":1.097,"_zoom":11.96},{"_mousePosition":[683,384],"_rootPartCFrame":[769.69,222.666,45.031,-0.977,0,0.211,0,1,0,-0.211,0,-0.977],"_humanoidState":8,"_cameraCFrame":[769.089,235.557,39.549,-0.977,-0.193,0.088,0,0.417,0.909,-0.212,0.888,-0.408],"_shiftlockState":true,"_pose":"Running","_animationQueue":[],"_animationSpeed":1.097,"_zoom":11.96},{"_mousePosition":[683,384],"_rootPartCFrame":[769.428,222.577,44.978,-0.977,0,0.212,0,1,0,-0.212,0,-0.977],"_humanoidState":8,"_cameraCFrame":[768.76,235.392,39.757,-0.978,-0.192,0.084,0,0.402,0.916,-0.21,0.895,-0.393],"_shiftlockState":true,"_pose":"Running","_animationQueue":[["walk",0.1]],"_animationSpeed":1.097,"_zoom":11.96},{"_mousePosition":[683,384],"_rootPartCFrame":[769.232,222.475,44.939,-0.978,0,0.21,0,1,0,-0.21,0,-0.978],"_humanoidState":8,"_cameraCFrame":[768.486,235.259,39.966,-0.979,-0.189,0.079,0,0.385,0.923,-0.205,0.903,-0.377],"_shiftlockState":true,"_pose":"Running","_animationQueue":[],"_animationSpeed":1.097,"_zoom":11.96},{"_mousePosition":[683,384],"_rootPartCFrame":[768.906,222.237,44.872,-0.979,0,0.205,0,1,0,-0.205,0,-0.979],"_humanoidState":8,"_cameraCFrame":[768.075,235.029,40.141,-0.98,-0.184,0.073,0,0.368,0.93,-0.198,0.911,-0.361],"_shiftlockState":true,"_pose":"Running","_animationQueue":[],"_animationSpeed":1.097,"_zoom":11.96},{"_mousePosition":[683,384],"_rootPartCFrame":[768.645,223.11,44.819,-0.98,0,0.198,0,1,0,-0.198,0,-0.98],"_humanoidState":3,"_cameraCFrame":[767.734,235.916,40.306,-0.982,-0.177,0.067,0,0.353,0.936,-0.19,0.919,-0.346],"_shiftlockState":true,"_pose":"Jumping","_animationQueue":[["walk",0.1],["jump",0.1]],"_animationSpeed":1,"_zoom":11.96},{"_mousePosition":[683,384],"_rootPartCFrame":[768.383,223.932,44.766,-0.96,0,0.279,0,1,0,-0.279,0,-0.96],"_humanoidState":5,"_cameraCFrame":[767.396,236.756,40.419,-0.984,-0.169,0.061,0,0.34,0.94,-0.179,0.925,-0.335],"_shiftlockState":true,"_pose":"FreeFall","_animationQueue":[["jump",0.1]],"_animationSpeed":1,"_zoom":11.96},{"_mousePosition":[683,384],"_rootPartCFrame":[768.121,224.699,44.716,-0.953,0,0.304,0,1,0,-0.304,0,-0.953],"_humanoidState":5,"_cameraCFrame":[767.059,237.539,40.508,-0.986,-0.157,0.055,0,0.331,0.944,-0.167,0.931,-0.326],"_shiftlockState":true,"_pose":"FreeFall","_animationQueue":[],"_animationSpeed":1,"_zoom":11.96},{"_mousePosition":[683,384],"_rootPartCFrame":[767.859,225.412,44.667,-0.955,0,0.296,0,1,0,-0.296,0,-0.955],"_humanoidState":5,"_cameraCFrame":[766.73,238.262,40.561,-0.988,-0.146,0.05,0,0.324,0.946,-0.154,0.935,-0.32],"_shiftlockState":true,"_pose":"FreeFall","_animationQueue":[],"_animationSpeed":1,"_zoom":11.96},{"_mousePosition":[683,384],"_rootPartCFrame":[767.596,226.071,44.622,-0.959,0,0.284,0,1,0,-0.284,0,-0.959],"_humanoidState":5,"_cameraCFrame":[766.408,238.925,40.579,-0.99,-0.135,0.045,0,0.32,0.947,-0.142,0.938,-0.317],"_shiftlockState":true,"_pose":"FreeFall","_animationQueue":[],"_animationSpeed":1,"_zoom":11.96},{"_mousePosition":[683,384],"_rootPartCFrame":[767.333,226.675,44.581,-0.962,0,0.272,0,1,0,-0.272,0,-0.962],"_humanoidState":5,"_cameraCFrame":[766.095,239.532,40.581,-0.991,-0.124,0.041,0,0.318,0.948,-0.131,0.94,-0.315],"_shiftlockState":true,"_pose":"FreeFall","_animationQueue":[],"_animationSpeed":1,"_zoom":11.96},{"_mousePosition":[683,384],"_rootPartCFrame":[767.135,227.092,44.552,-0.973,0,0.229,0,1,0,-0.229,0,-0.973],"_humanoidState":5,"_cameraCFrame":[765.843,239.953,40.597,-0.993,-0.112,0.037,0,0.315,0.949,-0.118,0.942,-0.313],"_shiftlockState":true,"_pose":"FreeFall","_animationQueue":[],"_animationSpeed":1,"_zoom":11.96},{"_mousePosition":[683,384],"_rootPartCFrame":[766.871,227.601,44.517,-0.968,0,0.249,0,1,0,-0.249,0,-0.968],"_humanoidState":5,"_cameraCFrame":[765.515,240.464,40.602,-0.995,-0.097,0.032,0,0.314,0.95,-0.103,0.945,-0.312],"_shiftlockState":true,"_pose":"FreeFall","_animationQueue":[],"_animationSpeed":1,"_zoom":11.96},{"_mousePosition":[683,384],"_rootPartCFrame":[766.54,228.16,44.477,-0.964,0,0.266,0,1,0,-0.266,0,-0.964],"_humanoidState":5,"_cameraCFrame":[765.137,241.027,40.597,-0.996,-0.087,0.028,0,0.312,0.95,-0.091,0.946,-0.311],"_shiftlockState":true,"_pose":"FreeFall","_animationQueue":[],"_animationSpeed":1,"_zoom":11.96},{"_mousePosition":[683,384],"_rootPartCFrame":[766.275,228.546,44.449,-0.975,0,0.223,0,1,0,-0.223,0,-0.975],"_humanoidState":5,"_cameraCFrame":[764.83,241.417,40.603,-0.997,-0.077,0.025,0,0.311,0.951,-0.081,0.947,-0.31],"_shiftlockState":true,"_pose":"FreeFall","_animationQueue":[],"_animationSpeed":1,"_zoom":11.96},{"_mousePosition":[683,384],"_rootPartCFrame":[766.009,228.878,44.424,-0.977,0,0.212,0,1,0,-0.212,0,-0.977],"_humanoidState":5,"_cameraCFrame":[764.532,241.748,40.591,-0.997,-0.069,0.022,0,0.311,0.951,-0.072,0.948,-0.31],"_shiftlockState":true,"_pose":"FreeFall","_animationQueue":[],"_animationSpeed":1,"_zoom":11.96},{"_mousePosition":[683,384],"_rootPartCFrame":[765.743,229.155,44.402,-0.979,0,0.204,0,1,0,-0.204,0,-0.979],"_humanoidState":5,"_cameraCFrame":[764.242,242.027,40.588,-0.998,-0.063,0.02,0,0.31,0.951,-0.066,0.949,-0.309],"_shiftlockState":true,"_pose":"FreeFall","_animationQueue":[],"_animationSpeed":1,"_zoom":11.96},{"_mousePosition":[683,384],"_rootPartCFrame":[765.477,229.377,44.382,-0.98,0,0.198,0,1,0,-0.198,0,-0.98],"_humanoidState":5,"_cameraCFrame":[763.952,242.249,40.578,-0.998,-0.057,0.019,0,0.31,0.951,-0.06,0.949,-0.309],"_shiftlockState":true,"_pose":"FreeFall","_animationQueue":[],"_animationSpeed":1,"_zoom":11.96},{"_mousePosition":[683,384],"_rootPartCFrame":[765.278,229.508,44.369,-0.987,0,0.159,0,1,0,-0.159,0,-0.987],"_humanoidState":5,"_cameraCFrame":[763.732,242.383,40.581,-0.999,-0.052,0.017,0,0.309,0.951,-0.055,0.95,-0.309],"_shiftlockState":true,"_pose":"FreeFall","_animationQueue":[],"_animationSpeed":1,"_zoom":11.96},{"_mousePosition":[683,384],"_rootPartCFrame":[764.945,229.659,44.349,-0.976,0,0.219,0,1,0,-0.219,0,-0.976],"_humanoidState":5,"_cameraCFrame":[763.368,242.533,40.574,-0.999,-0.044,0.014,0,0.309,0.951,-0.046,0.95,-0.309],"_shiftlockState":true,"_pose":"FreeFall","_animationQueue":[],"_animationSpeed":1,"_zoom":11.96},{"_mousePosition":[683,384],"_rootPartCFrame":[764.679,229.718,44.334,-0.984,0,0.178,0,1,0,-0.178,0,-0.984],"_humanoidState":5,"_cameraCFrame":[763.058,242.589,40.569,-0.999,-0.033,0.011,0,0.31,0.951,-0.035,0.95,-0.31],"_shiftlockState":true,"_pose":"FreeFall","_animationQueue":[],"_animationSpeed":1,"_zoom":11.96},{"_mousePosition":[683,384],"_rootPartCFrame":[764.479,229.726,44.325,-0.991,0,0.134,0,1,0,-0.134,0,-0.991],"_humanoidState":5,"_cameraCFrame":[762.796,242.588,40.56,-1,-0.017,0.006,0,0.312,0.95,-0.018,0.95,-0.312],"_shiftlockState":true,"_pose":"FreeFall","_animationQueue":[["fall",0.3]],"_animationSpeed":1,"_zoom":11.96},{"_mousePosition":[683,384],"_rootPartCFrame":[764.146,229.672,44.313,-0.983,0,0.183,0,1,0,-0.183,0,-0.983],"_humanoidState":5,"_cameraCFrame":[762.392,242.519,40.534,-1,0.001,0,0,0.316,0.949,0.001,0.949,-0.316],"_shiftlockState":true,"_pose":"FreeFall","_animationQueue":[],"_animationSpeed":1,"_zoom":11.96},{"_mousePosition":[683,384],"_rootPartCFrame":[763.879,229.568,44.307,-0.991,0,0.132,0,1,0,-0.132,0,-0.991],"_humanoidState":5,"_cameraCFrame":[762.05,242.396,40.51,-1,0.02,-0.007,0,0.321,0.947,0.021,0.947,-0.321],"_shiftlockState":true,"_pose":"FreeFall","_animationQueue":[],"_animationSpeed":1,"_zoom":11.96},{"_mousePosition":[683,384],"_rootPartCFrame":[763.679,229.454,44.307,-0.997,0,0.079,0,1,0,-0.079,0,-0.997],"_humanoidState":5,"_cameraCFrame":[761.763,242.251,40.459,-0.999,0.04,-0.014,0,0.328,0.945,0.043,0.944,-0.328],"_shiftlockState":true,"_pose":"FreeFall","_animationQueue":[],"_animationSpeed":1,"_zoom":11.96},{"_mousePosition":[683,384],"_rootPartCFrame":[763.346,229.195,44.313,-0.992,0,0.123,0,1,0,-0.123,0,-0.992],"_humanoidState":5,"_cameraCFrame":[761.349,241.967,40.432,-0.998,0.059,-0.021,0,0.334,0.942,0.063,0.941,-0.334],"_shiftlockState":true,"_pose":"FreeFall","_animationQueue":[],"_animationSpeed":1,"_zoom":11.96},{"_mousePosition":[683,384],"_rootPartCFrame":[763.08,228.927,44.323,-0.998,0,0.07,0,1,0,-0.07,0,-0.998],"_humanoidState":5,"_cameraCFrame":[761.009,241.68,40.424,-0.997,0.076,-0.027,0,0.339,0.941,0.08,0.938,-0.338],"_shiftlockState":true,"_pose":"FreeFall","_animationQueue":[],"_animationSpeed":1,"_zoom":11.96},{"_mousePosition":[683,384],"_rootPartCFrame":[762.899,228.691,44.306,-1,0,0.02,0,1,0,-0.02,0,-1],"_humanoidState":5,"_cameraCFrame":[760.748,241.416,40.374,-0.995,0.093,-0.034,0,0.345,0.939,0.099,0.934,-0.343],"_shiftlockState":true,"_pose":"FreeFall","_animationQueue":[],"_animationSpeed":1,"_zoom":11.96},{"_mousePosition":[683,384],"_rootPartCFrame":[762.598,228.228,44.278,-0.998,0,0.068,0,1,0,-0.068,0,-0.998],"_humanoidState":5,"_cameraCFrame":[760.401,240.937,40.325,-0.994,0.103,-0.038,0,0.349,0.937,0.11,0.932,-0.347],"_shiftlockState":true,"_pose":"FreeFall","_animationQueue":[["fall",0.3]],"_animationSpeed":1,"_zoom":11.96},{"_mousePosition":[683,384],"_rootPartCFrame":[762.401,227.909,44.289,-1,0,-0.01,0,1,0,0.01,0,-1],"_humanoidState":5,"_cameraCFrame":[760.168,240.595,40.288,-0.993,0.109,-0.041,0,0.354,0.935,0.117,0.929,-0.352],"_shiftlockState":true,"_pose":"FreeFall","_animationQueue":[],"_animationSpeed":1,"_zoom":11.96},{"_mousePosition":[683,384],"_rootPartCFrame":[762.156,227.437,44.275,-1,0,0.017,0,1,0,-0.017,0,-1],"_humanoidState":5,"_cameraCFrame":[759.918,240.119,40.268,-0.993,0.11,-0.042,0,0.355,0.935,0.118,0.928,-0.352],"_shiftlockState":true,"_pose":"FreeFall","_animationQueue":[],"_animationSpeed":1,"_zoom":11.96},{"_mousePosition":[683,384],"_rootPartCFrame":[761.847,226.77,44.306,-1,0,0.022,0,1,0,-0.022,0,-1],"_humanoidState":5,"_cameraCFrame":[759.609,239.452,40.299,-0.993,0.11,-0.042,0,0.355,0.935,0.118,0.928,-0.352],"_shiftlockState":true,"_pose":"FreeFall","_animationQueue":[],"_animationSpeed":1,"_zoom":11.96},{"_mousePosition":[683,384],"_rootPartCFrame":[761.664,226.175,44.295,-1,0,-0.012,0,1,0,0.012,0,-1],"_humanoidState":5,"_cameraCFrame":[759.425,238.857,40.288,-0.993,0.11,-0.042,0,0.355,0.935,0.118,0.928,-0.352],"_shiftlockState":true,"_pose":"FreeFall","_animationQueue":[],"_animationSpeed":1,"_zoom":11.96},{"_mousePosition":[683,384],"_rootPartCFrame":[761.558,225.693,44.27,-0.999,0,-0.039,0,1,0,0.039,0,-0.999],"_humanoidState":5,"_cameraCFrame":[759.319,238.375,40.263,-0.993,0.11,-0.042,0,0.355,0.935,0.118,0.928,-0.352],"_shiftlockState":true,"_pose":"FreeFall","_animationQueue":[],"_animationSpeed":1,"_zoom":11.96},{"_mousePosition":[683,384],"_rootPartCFrame":[761.368,224.822,44.294,-1,0,0.013,0,1,0,-0.013,0,-1],"_humanoidState":5,"_cameraCFrame":[759.129,237.5,40.278,-0.993,0.11,-0.042,0,0.356,0.935,0.118,0.928,-0.353],"_shiftlockState":true,"_pose":"FreeFall","_animationQueue":[],"_animationSpeed":1,"_zoom":11.96},{"_mousePosition":[683,384],"_rootPartCFrame":[761.232,224.063,44.287,-1,0,-0.013,0,1,0,0.013,0,-1],"_humanoidState":5,"_cameraCFrame":[759.072,236.724,40.18,-0.995,0.091,-0.035,0,0.359,0.933,0.097,0.929,-0.358],"_shiftlockState":true,"_pose":"FreeFall","_animationQueue":[["fall",0.3]],"_animationSpeed":1,"_zoom":11.96},{"_mousePosition":[683,384],"_rootPartCFrame":[761.078,223.25,44.314,-1,0,0.005,0,1,0,-0.005,0,-1],"_humanoidState":5,"_cameraCFrame":[759.909,235.698,39.326,-0.993,-0.108,0.048,0,0.403,0.915,-0.118,0.909,-0.4],"_shiftlockState":true,"_pose":"FreeFall","_animationQueue":[],"_animationSpeed":1,"_zoom":11.96},{"_mousePosition":[683,384],"_rootPartCFrame":[760.893,222.408,44.181,-0.989,-0.002,0.149,-0.004,1,-0.008,-0.149,-0.008,-0.989],"_humanoidState":5,"_cameraCFrame":[762.406,234.653,38.845,-0.826,-0.507,0.248,0,0.439,0.898,-0.564,0.742,-0.363],"_shiftlockState":true,"_pose":"FreeFall","_animationQueue":[],"_animationSpeed":1,"_zoom":11.96},{"_mousePosition":[683,384],"_rootPartCFrame":[760.706,222.753,43.91,-0.83,0.004,0.558,-0.002,1,-0.012,-0.558,-0.011,-0.83],"_humanoidState":7,"_cameraCFrame":[764.223,234.89,39.351,-0.567,-0.732,0.376,0,0.457,0.889,-0.824,0.504,-0.259],"_shiftlockState":true,"_pose":"FreeFall","_animationQueue":[["walk",0.1],["fall",0.3],["fall",0.3]],"_animationSpeed":1,"_zoom":11.96},{"_mousePosition":[683,384],"_rootPartCFrame":[760.515,223.315,43.779,-0.564,0.006,0.826,0,1,-0.007,-0.826,-0.004,-0.564],"_humanoidState":7,"_cameraCFrame":[763.623,235.74,39.631,-0.551,-0.762,0.34,0,0.407,0.913,-0.835,0.503,-0.224],"_shiftlockState":true,"_pose":"FreeFall","_animationQueue":[],"_animationSpeed":1,"_zoom":11.96},{"_mousePosition":[683,384],"_rootPartCFrame":[760.348,223.819,43.776,-0.547,0.001,0.837,-0.001,1,-0.001,-0.837,-0.001,-0.547],"_humanoidState":8,"_cameraCFrame":[761.233,236.779,40.034,-0.762,-0.621,0.185,0,0.286,0.958,-0.648,0.73,-0.218],"_shiftlockState":true,"_pose":"Running","_animationQueue":[["walk",0.1],["fall",0.3],["walk",0.1]],"_animationSpeed":0.798,"_zoom":11.96},{"_mousePosition":[683,384],"_rootPartCFrame":[760.196,224.702,43.775,-0.761,-0.002,0.649,-0.002,1,0.001,-0.649,0,-0.761],"_humanoidState":3,"_cameraCFrame":[759.815,237.921,40.834,-0.876,-0.473,0.097,0,0.2,0.98,-0.483,0.858,-0.175],"_shiftlockState":true,"_pose":"Jumping","_animationQueue":[["walk",0.1],["walk",0.1],["jump",0.1]],"_animationSpeed":1,"_zoom":11.96},{"_mousePosition":[683,384],"_rootPartCFrame":[760.079,225.344,43.76,-0.844,-0.002,0.537,-0.002,1,0.001,-0.537,0,-0.844],"_humanoidState":5,"_cameraCFrame":[759.576,238.583,40.923,-0.888,-0.452,0.088,0,0.191,0.982,-0.461,0.871,-0.17],"_shiftlockState":true,"_pose":"FreeFall","_animationQueue":[["jump",0.1]],"_animationSpeed":1,"_zoom":11.96},{"_mousePosition":[683,384],"_rootPartCFrame":[759.905,226.153,43.71,-0.823,-0.001,0.568,-0.001,1,0.001,-0.568,0,-0.823],"_humanoidState":5,"_cameraCFrame":[759.382,239.397,40.9,-0.889,-0.45,0.087,0,0.189,0.982,-0.458,0.873,-0.168],"_shiftlockState":true,"_pose":"FreeFall","_animationQueue":[],"_animationSpeed":1,"_zoom":11.96},{"_mousePosition":[683,384],"_rootPartCFrame":[759.651,227.087,43.605,-0.801,0,0.598,0,1,0,-0.598,0,-0.801],"_humanoidState":5,"_cameraCFrame":[759.081,240.338,40.834,-0.894,-0.44,0.083,0,0.186,0.983,-0.448,0.879,-0.166],"_shiftlockState":true,"_pose":"FreeFall","_animationQueue":[],"_animationSpeed":1,"_zoom":11.96},{"_mousePosition":[683,384],"_rootPartCFrame":[759.48,227.606,43.52,-0.845,0,0.534,0,1,0,-0.534,0,-0.845],"_humanoidState":5,"_cameraCFrame":[758.876,240.856,40.749,-0.9,-0.428,0.081,0,0.187,0.982,-0.435,0.884,-0.168],"_shiftlockState":true,"_pose":"FreeFall","_animationQueue":[],"_animationSpeed":1,"_zoom":11.96},{"_mousePosition":[683,384],"_rootPartCFrame":[759.182,228.404,43.371,-0.905,0,0.425,0,1,0,-0.425,0,-0.905],"_humanoidState":5,"_cameraCFrame":[758.517,241.64,40.556,-0.914,-0.398,0.078,0,0.193,0.981,-0.406,0.897,-0.176],"_shiftlockState":true,"_pose":"FreeFall","_animationQueue":[],"_animationSpeed":1,"_zoom":11.96},{"_mousePosition":[683,384],"_rootPartCFrame":[759.001,228.842,43.285,-0.869,0,0.495,0,1,0,-0.495,0,-0.869],"_humanoidState":5,"_cameraCFrame":[758.28,242.072,40.461,-0.923,-0.376,0.075,0,0.195,0.981,-0.384,0.906,-0.18],"_shiftlockState":true,"_pose":"FreeFall","_animationQueue":[],"_animationSpeed":1,"_zoom":11.96},{"_mousePosition":[683,384],"_rootPartCFrame":[758.758,229.378,43.176,-0.864,0,0.503,0,1,0,-0.503,0,-0.864],"_humanoidState":5,"_cameraCFrame":[757.979,242.601,40.336,-0.933,-0.353,0.071,0,0.198,0.98,-0.36,0.914,-0.185],"_shiftlockState":true,"_pose":"FreeFall","_animationQueue":[],"_animationSpeed":1,"_zoom":11.96},{"_mousePosition":[683,384],"_rootPartCFrame":[758.512,229.859,43.073,-0.877,0,0.481,0,1,0,-0.481,0,-0.877],"_humanoidState":5,"_cameraCFrame":[757.666,243.072,40.212,-0.943,-0.326,0.067,0,0.202,0.979,-0.333,0.923,-0.19],"_shiftlockState":true,"_pose":"FreeFall","_animationQueue":[["fall",0.3]],"_animationSpeed":1,"_zoom":11.96},{"_mousePosition":[683,384],"_rootPartCFrame":[758.264,230.286,42.976,-0.89,0,0.455,0,1,0,-0.455,0,-0.89],"_humanoidState":5,"_cameraCFrame":[757.343,243.487,40.09,-0.953,-0.296,0.062,0,0.207,0.978,-0.302,0.933,-0.197],"_shiftlockState":true,"_pose":"FreeFall","_animationQueue":[],"_animationSpeed":1,"_zoom":11.96},{"_mousePosition":[683,384],"_rootPartCFrame":[758.016,230.658,42.905,-0.912,0,0.411,0,1,0,-0.411,0,-0.912],"_humanoidState":5,"_cameraCFrame":[757.029,243.848,39.991,-0.961,-0.269,0.058,0,0.211,0.977,-0.275,0.94,-0.203],"_shiftlockState":true,"_pose":"FreeFall","_animationQueue":[],"_animationSpeed":1,"_zoom":11.96},{"_mousePosition":[683,384],"_rootPartCFrame":[757.77,230.976,42.873,-0.926,0,0.379,0,1,0,-0.379,0,-0.926],"_humanoidState":5,"_cameraCFrame":[756.703,244.151,39.93,-0.97,-0.237,0.053,0,0.217,0.976,-0.243,0.947,-0.211],"_shiftlockState":true,"_pose":"FreeFall","_animationQueue":[],"_animationSpeed":1,"_zoom":11.96},{"_mousePosition":[683,384],"_rootPartCFrame":[757.527,231.24,42.881,-0.938,0,0.347,0,1,0,-0.347,0,-0.938],"_humanoidState":5,"_cameraCFrame":[756.377,244.402,39.919,-0.977,-0.206,0.047,0,0.222,0.975,-0.211,0.953,-0.217],"_shiftlockState":true,"_pose":"FreeFall","_animationQueue":[],"_animationSpeed":1,"_zoom":11.96},{"_mousePosition":[683,384],"_rootPartCFrame":[757.348,231.401,42.912,-0.957,0,0.29,0,1,0,-0.29,0,-0.957],"_humanoidState":5,"_cameraCFrame":[756.104,244.549,39.929,-0.984,-0.172,0.04,0,0.227,0.974,-0.176,0.959,-0.224],"_shiftlockState":true,"_pose":"FreeFall","_animationQueue":[],"_animationSpeed":1,"_zoom":11.96},{"_mousePosition":[683,384],"_rootPartCFrame":[757.056,231.603,43.015,-0.951,0,0.309,0,1,0,-0.309,0,-0.951],"_humanoidState":5,"_cameraCFrame":[755.717,244.732,40.003,-0.99,-0.137,0.033,0,0.233,0.972,-0.141,0.963,-0.231],"_shiftlockState":true,"_pose":"FreeFall","_animationQueue":[],"_animationSpeed":1,"_zoom":11.96},{"_mousePosition":[683,384],"_rootPartCFrame":[756.831,231.703,43.14,-0.969,0,0.248,0,1,0,-0.248,0,-0.969],"_humanoidState":5,"_cameraCFrame":[755.417,244.819,40.11,-0.993,-0.111,0.027,0,0.238,0.971,-0.114,0.965,-0.237],"_shiftlockState":true,"_pose":"FreeFall","_animationQueue":[["fall",0.3]],"_animationSpeed":1,"_zoom":11.96},{"_mousePosition":[683,384],"_rootPartCFrame":[756.669,231.742,43.256,-0.981,0,0.195,0,1,0,-0.195,0,-0.981],"_humanoidState":5,"_cameraCFrame":[755.179,244.841,40.201,-0.996,-0.084,0.021,0,0.244,0.97,-0.087,0.966,-0.243],"_shiftlockState":true,"_pose":"FreeFall","_animationQueue":[],"_animationSpeed":1,"_zoom":11.96},{"_mousePosition":[683,384],"_rootPartCFrame":[756.407,231.739,43.462,-0.975,0,0.221,0,1,0,-0.221,0,-0.975],"_humanoidState":5,"_cameraCFrame":[754.852,244.82,40.367,-0.998,-0.062,0.016,0,0.25,0.968,-0.064,0.966,-0.249],"_shiftlockState":true,"_pose":"FreeFall","_animationQueue":[],"_animationSpeed":1,"_zoom":11.96},{"_mousePosition":[683,384],"_rootPartCFrame":[756.202,231.675,43.633,-0.985,0,0.171,0,1,0,-0.171,0,-0.985],"_humanoidState":5,"_cameraCFrame":[754.583,244.731,40.48,-0.999,-0.041,0.011,0,0.258,0.966,-0.042,0.965,-0.257],"_shiftlockState":true,"_pose":"FreeFall","_animationQueue":[],"_animationSpeed":1,"_zoom":11.96},{"_mousePosition":[683,384],"_rootPartCFrame":[756.001,231.557,43.808,-0.989,0,0.149,0,1,0,-0.149,0,-0.989],"_humanoidState":5,"_cameraCFrame":[754.316,244.578,40.561,-1,-0.019,0.005,0,0.269,0.963,-0.02,0.963,-0.269],"_shiftlockState":true,"_pose":"FreeFall","_animationQueue":[],"_animationSpeed":1,"_zoom":11.96},{"_mousePosition":[683,384],"_rootPartCFrame":[755.804,231.385,43.988,-0.992,0,0.127,0,1,0,-0.127,0,-0.992],"_humanoidState":5,"_cameraCFrame":[754.044,244.357,40.614,-1,0.003,-0.001,0,0.283,0.959,0.003,0.959,-0.283],"_shiftlockState":true,"_pose":"FreeFall","_animationQueue":[],"_animationSpeed":1,"_zoom":11.96},{"_mousePosition":[683,384],"_rootPartCFrame":[755.611,231.158,44.172,-0.995,0,0.105,0,1,0,-0.105,0,-0.995],"_humanoidState":5,"_cameraCFrame":[753.743,244.066,40.641,-0.999,0.032,-0.01,0,0.3,0.954,0.033,0.953,-0.3],"_shiftlockState":true,"_pose":"FreeFall","_animationQueue":[],"_animationSpeed":1,"_zoom":11.96},{"_mousePosition":[683,384],"_rootPartCFrame":[755.47,230.952,44.313,-0.999,0,0.048,0,1,0,-0.048,0,-0.999],"_humanoidState":5,"_cameraCFrame":[753.472,243.785,40.616,-0.998,0.062,-0.021,0,0.319,0.948,0.066,0.946,-0.319],"_shiftlockState":true,"_pose":"FreeFall","_animationQueue":[["fall",0.3]],"_animationSpeed":1,"_zoom":11.96},{"_mousePosition":[683,384],"_rootPartCFrame":[755.264,230.572,44.326,-0.999,0.002,0.04,0,0.999,-0.042,-0.04,-0.042,-0.998],"_humanoidState":5,"_cameraCFrame":[753.158,243.331,40.409,-0.996,0.086,-0.031,0,0.337,0.942,0.091,0.938,-0.336],"_shiftlockState":true,"_pose":"FreeFall","_animationQueue":[],"_animationSpeed":1,"_zoom":11.96},{"_mousePosition":[683,384],"_rootPartCFrame":[755.104,230.22,44.272,-1,-0.002,0.01,-0.002,1,-0.024,-0.01,-0.024,-1],"_humanoidState":5,"_cameraCFrame":[752.934,242.931,40.272,-0.995,0.096,-0.036,0,0.348,0.937,0.102,0.932,-0.347],"_shiftlockState":true,"_pose":"FreeFall","_animationQueue":[],"_animationSpeed":1,"_zoom":11.96},{"_mousePosition":[683,384],"_rootPartCFrame":[754.996,229.921,44.258,-1,-0.003,-0.023,-0.003,1,-0.009,0.023,-0.009,-1],"_humanoidState":5,"_cameraCFrame":[752.812,242.615,40.239,-0.995,0.098,-0.037,0,0.352,0.936,0.104,0.931,-0.35],"_shiftlockState":true,"_pose":"FreeFall","_animationQueue":[],"_animationSpeed":1,"_zoom":11.96},{"_mousePosition":[683,384],"_rootPartCFrame":[754.803,229.353,44.282,-1,-0.001,0.027,-0.001,1,0,-0.027,0,-1],"_humanoidState":5,"_cameraCFrame":[752.622,242.047,40.276,-0.995,0.098,-0.037,0,0.352,0.936,0.104,0.931,-0.35],"_shiftlockState":true,"_pose":"FreeFall","_animationQueue":[],"_animationSpeed":1,"_zoom":11.96},{"_mousePosition":[683,384],"_rootPartCFrame":[754.686,228.971,44.324,-1,0,-0.026,0,1,0.001,0.026,0.001,-1],"_humanoidState":5,"_cameraCFrame":[752.505,241.665,40.319,-0.995,0.098,-0.037,0,0.352,0.936,0.104,0.931,-0.35],"_shiftlockState":true,"_pose":"FreeFall","_animationQueue":[],"_animationSpeed":1,"_zoom":11.96},{"_mousePosition":[683,384],"_rootPartCFrame":[754.549,228.415,44.325,-1,0,0.001,0,1,0,-0.001,0,-1],"_humanoidState":5,"_cameraCFrame":[752.369,241.109,40.32,-0.995,0.098,-0.037,0,0.352,0.936,0.104,0.931,-0.35],"_shiftlockState":true,"_pose":"FreeFall","_animationQueue":[["fall",0.3]],"_animationSpeed":1,"_zoom":11.96},{"_mousePosition":[683,384],"_rootPartCFrame":[754.372,227.643,44.292,-1,0,0.028,0,1,0,-0.028,0,-1],"_humanoidState":5,"_cameraCFrame":[752.193,240.337,40.286,-0.995,0.098,-0.037,0,0.352,0.936,0.104,0.931,-0.35],"_shiftlockState":true,"_pose":"FreeFall","_animationQueue":[],"_animationSpeed":1,"_zoom":11.96},{"_mousePosition":[683,384],"_rootPartCFrame":[754.252,227.139,44.305,-1,0,-0.026,0,1,0,0.026,0,-1],"_humanoidState":5,"_cameraCFrame":[752.072,239.833,40.299,-0.995,0.098,-0.037,0,0.352,0.936,0.104,0.931,-0.35],"_shiftlockState":true,"_pose":"FreeFall","_animationQueue":[],"_animationSpeed":1,"_zoom":11.96},{"_mousePosition":[683,384],"_rootPartCFrame":[754.089,226.419,44.358,-1,0,0,0,1,0,0,0,-1],"_humanoidState":5,"_cameraCFrame":[751.939,239.113,40.336,-0.995,0.091,-0.034,0,0.352,0.936,0.097,0.932,-0.35],"_shiftlockState":true,"_pose":"FreeFall","_animationQueue":[],"_animationSpeed":1,"_zoom":11.96},{"_mousePosition":[683,384],"_rootPartCFrame":[753.931,225.645,44.371,-1,0,0.007,0,1,0,-0.007,0,-1],"_humanoidState":5,"_cameraCFrame":[752.953,238.223,39.635,-0.986,-0.154,0.063,0,0.377,0.926,-0.166,0.913,-0.372],"_shiftlockState":true,"_pose":"FreeFall","_animationQueue":[],"_animationSpeed":1,"_zoom":11.96},{"_mousePosition":[683,384],"_rootPartCFrame":[753.698,224.635,44.119,-0.977,-0.002,0.212,-0.004,1,-0.006,-0.212,-0.006,-0.977],"_humanoidState":5,"_cameraCFrame":[755.066,237.173,39.377,-0.799,-0.555,0.232,0,0.385,0.923,-0.601,0.737,-0.308],"_shiftlockState":true,"_pose":"FreeFall","_animationQueue":[],"_animationSpeed":1,"_zoom":11.96},{"_mousePosition":[683,384],"_rootPartCFrame":[753.55,223.995,43.884,-0.792,0,0.611,-0.004,1,-0.005,-0.611,-0.006,-0.792],"_humanoidState":7,"_cameraCFrame":[756.666,236.507,39.983,-0.512,-0.791,0.335,0,0.39,0.921,-0.859,0.471,-0.2],"_shiftlockState":true,"_pose":"FreeFall","_animationQueue":[["walk",0.1],["fall",0.3],["fall",0.3]],"_animationSpeed":1,"_zoom":11.96},{"_mousePosition":[683,384],"_rootPartCFrame":[753.345,223.11,43.785,-0.496,-0.001,0.868,-0.002,1,-0.001,-0.868,-0.003,-0.496],"_humanoidState":7,"_cameraCFrame":[755.839,235.824,40.023,-0.553,-0.781,0.29,0,0.348,0.938,-0.833,0.519,-0.192],"_shiftlockState":true,"_pose":"FreeFall","_animationQueue":[["fall",0.3]],"_animationSpeed":1,"_zoom":11.96},{"_mousePosition":[683,384],"_rootPartCFrame":[753.14,222.17,43.829,-0.53,-0.001,0.848,0,1,0.001,-0.848,0.001,-0.53],"_humanoidState":7,"_cameraCFrame":[753.162,235.277,40.455,-0.851,-0.509,0.127,0,0.241,0.97,-0.524,0.826,-0.205],"_shiftlockState":true,"_pose":"FreeFall","_animationQueue":[],"_animationSpeed":1,"_zoom":11.96},{"_mousePosition":[683,384],"_rootPartCFrame":[752.917,220.919,43.891,-0.847,0,0.532,0,1,0.001,-0.532,0.001,-0.847],"_humanoidState":8,"_cameraCFrame":[752.118,234.088,40.841,-0.945,-0.318,0.072,0,0.219,0.976,-0.326,0.922,-0.207],"_shiftlockState":true,"_pose":"Running","_animationQueue":[["walk",0.1],["fall",0.3],["walk",0.1]],"_animationSpeed":0.889,"_zoom":11.96},{"_mousePosition":[683,384],"_rootPartCFrame":[752.798,221.582,43.924,-0.945,0,0.327,0,1,0,-0.327,0,-0.945],"_humanoidState":3,"_cameraCFrame":[751.619,234.755,41.016,-0.979,-0.2,0.045,0,0.218,0.976,-0.205,0.955,-0.213],"_shiftlockState":true,"_pose":"Jumping","_animationQueue":[["walk",0.1],["jump",0.1]],"_animationSpeed":1,"_zoom":11.96},{"_mousePosition":[683,384],"_rootPartCFrame":[752.571,222.635,44.005,-0.949,0,0.314,0,1,0,-0.314,0,-0.949],"_humanoidState":5,"_cameraCFrame":[750.955,235.795,41.26,-0.999,-0.048,0.011,0,0.223,0.975,-0.049,0.974,-0.222],"_shiftlockState":true,"_pose":"FreeFall","_animationQueue":[["jump",0.1]],"_animationSpeed":1,"_zoom":11.96},{"_mousePosition":[683,384],"_rootPartCFrame":[752.366,223.416,44.106,-0.985,0,0.17,0,1,0,-0.17,0,-0.985],"_humanoidState":5,"_cameraCFrame":[750.237,236.532,41.527,-0.99,0.135,-0.033,0,0.238,0.971,0.139,0.962,-0.236],"_shiftlockState":true,"_pose":"FreeFall","_animationQueue":[],"_animationSpeed":1,"_zoom":11.96},{"_mousePosition":[683,384],"_rootPartCFrame":[752.211,223.966,44.206,-0.999,0,-0.043,0,1,0,0.043,0,-0.999],"_humanoidState":5,"_cameraCFrame":[749.638,237.029,41.804,-0.956,0.285,-0.075,0,0.255,0.967,0.295,0.924,-0.244],"_shiftlockState":true,"_pose":"FreeFall","_animationQueue":[],"_animationSpeed":1,"_zoom":11.96},{"_mousePosition":[683,384],"_rootPartCFrame":[752.019,224.652,44.371,-0.985,0,-0.172,0,1,0,0.172,0,-0.985],"_humanoidState":5,"_cameraCFrame":[749.045,237.654,42.144,-0.906,0.408,-0.116,0,0.274,0.962,0.424,0.871,-0.248],"_shiftlockState":true,"_pose":"FreeFall","_animationQueue":[],"_animationSpeed":1,"_zoom":11.96},{"_mousePosition":[683,384],"_rootPartCFrame":[751.816,225.432,44.619,-0.847,0,-0.531,0,1,0,0.531,0,-0.847],"_humanoidState":5,"_cameraCFrame":[748.364,238.352,42.676,-0.825,0.54,-0.168,0,0.297,0.955,0.565,0.788,-0.245],"_shiftlockState":true,"_pose":"FreeFall","_animationQueue":[["jump",0.1]],"_animationSpeed":1,"_zoom":11.96},{"_mousePosition":[683,384],"_rootPartCFrame":[751.668,226.127,44.886,-0.85,0,-0.527,0,1,0,0.527,0,-0.85],"_humanoidState":5,"_cameraCFrame":[748.141,239.033,42.993,-0.811,0.558,-0.176,0,0.301,0.954,0.586,0.773,-0.244],"_shiftlockState":true,"_pose":"FreeFall","_animationQueue":[["fall",0.3]],"_animationSpeed":1,"_zoom":11.96},{"_mousePosition":[683,384],"_rootPartCFrame":[751.609,226.504,45.047,-0.814,0,-0.581,0,1,0,0.581,0,-0.814],"_humanoidState":5,"_cameraCFrame":[747.945,239.383,43.258,-0.782,0.593,-0.192,0,0.308,0.951,0.623,0.744,-0.241],"_shiftlockState":true,"_pose":"FreeFall","_animationQueue":[],"_animationSpeed":1,"_zoom":11.96},{"_mousePosition":[683,384],"_rootPartCFrame":[751.565,226.958,45.263,-0.786,0,-0.618,0,1,0,0.618,0,-0.786],"_humanoidState":5,"_cameraCFrame":[747.737,239.798,43.57,-0.75,0.627,-0.21,0,0.318,0.948,0.662,0.711,-0.238],"_shiftlockState":true,"_pose":"FreeFall","_animationQueue":[],"_animationSpeed":1,"_zoom":11.96},{"_mousePosition":[683,384],"_rootPartCFrame":[751.558,227.263,45.424,-0.753,0,-0.658,0,1,0,0.658,0,-0.753],"_humanoidState":5,"_cameraCFrame":[747.551,240.059,43.859,-0.711,0.664,-0.231,0,0.329,0.944,0.703,0.672,-0.234],"_shiftlockState":true,"_pose":"FreeFall","_animationQueue":[],"_animationSpeed":1,"_zoom":11.96},{"_mousePosition":[683,384],"_rootPartCFrame":[751.583,227.622,45.636,-0.716,0,-0.698,0,1,0,0.698,0,-0.716],"_humanoidState":5,"_cameraCFrame":[747.359,240.363,44.259,-0.659,0.707,-0.257,0,0.341,0.94,0.752,0.62,-0.225],"_shiftlockState":true,"_pose":"FreeFall","_animationQueue":[],"_animationSpeed":1,"_zoom":11.96},{"_mousePosition":[683,384],"_rootPartCFrame":[751.648,227.926,45.844,-0.666,0,-0.746,0,1,0,0.746,0,-0.666],"_humanoidState":5,"_cameraCFrame":[747.111,240.575,44.746,-0.582,0.758,-0.294,0,0.362,0.932,0.813,0.543,-0.211],"_shiftlockState":true,"_pose":"FreeFall","_animationQueue":[],"_animationSpeed":1,"_zoom":11.96},{"_mousePosition":[683,384],"_rootPartCFrame":[751.784,228.229,46.092,-0.595,0,-0.804,0,1,0,0.804,0,-0.595],"_humanoidState":5,"_cameraCFrame":[746.957,240.782,45.289,-0.506,0.797,-0.33,0,0.382,0.924,0.863,0.468,-0.193],"_shiftlockState":true,"_pose":"FreeFall","_animationQueue":[],"_animationSpeed":1,"_zoom":11.96},{"_mousePosition":[683,384],"_rootPartCFrame":[751.934,228.411,46.275,-0.517,0,-0.856,0,1,0,0.856,0,-0.517],"_humanoidState":5,"_cameraCFrame":[746.746,240.823,45.923,-0.4,0.836,-0.375,0,0.409,0.912,0.917,0.365,-0.164],"_shiftlockState":true,"_pose":"FreeFall","_animationQueue":[["fall",0.3]],"_animationSpeed":1,"_zoom":11.96},{"_mousePosition":[683,384],"_rootPartCFrame":[752.119,228.538,46.44,-0.413,0,-0.911,0,1,0,0.911,0,-0.413],"_humanoidState":5,"_cameraCFrame":[746.679,240.832,46.464,-0.318,0.856,-0.408,0,0.431,0.903,0.948,0.287,-0.137],"_shiftlockState":true,"_pose":"FreeFall","_animationQueue":[],"_animationSpeed":1,"_zoom":11.96},{"_mousePosition":[683,384],"_rootPartCFrame":[752.278,228.598,46.546,-0.327,0,-0.945,0,1,0,0.945,0,-0.327],"_humanoidState":5,"_cameraCFrame":[746.645,240.786,46.926,-0.245,0.866,-0.435,0,0.449,0.894,0.969,0.219,-0.11],"_shiftlockState":true,"_pose":"FreeFall","_animationQueue":[],"_animationSpeed":1,"_zoom":11.96},{"_mousePosition":[683,384],"_rootPartCFrame":[752.518,228.813,46.695,-0.249,0,-0.968,0,1,0,0.968,0,-0.249],"_humanoidState":12,"_cameraCFrame":[746.766,240.922,47.376,-0.188,0.871,-0.453,0,0.462,0.887,0.982,0.167,-0.087],"_shiftlockState":true,"_pose":"Climbing","_animationQueue":[["walk",0.1],["fall",0.3],["climb",0.1]],"_animationSpeed":0.329,"_zoom":11.96},{"_mousePosition":[683,384],"_rootPartCFrame":[752.673,229,46.79,-0.188,0,-0.982,0,1,0,0.982,0,-0.188],"_humanoidState":12,"_cameraCFrame":[746.835,241.046,47.688,-0.148,0.872,-0.467,0,0.472,0.882,0.989,0.13,-0.07],"_shiftlockState":true,"_pose":"Climbing","_animationQueue":[["climb",0.1]],"_animationSpeed":0.929,"_zoom":11.96},{"_mousePosition":[683,384],"_rootPartCFrame":[752.701,229.128,46.83,-0.103,0.001,-0.995,0.005,1,0,0.995,-0.005,-0.103],"_humanoidState":12,"_cameraCFrame":[746.786,241.105,47.981,-0.101,0.872,-0.48,0,0.482,0.876,0.995,0.088,-0.049],"_shiftlockState":true,"_pose":"Climbing","_animationQueue":[],"_animationSpeed":0.929,"_zoom":11.96},{"_mousePosition":[683,384],"_rootPartCFrame":[752.702,229.359,46.844,-0.08,0,-0.997,0.002,1,0,0.997,-0.002,-0.08],"_humanoidState":12,"_cameraCFrame":[746.708,