[{"_mousePosition":[1161,369],"_rootPartCFrame":[775.997,222.948,47.143,0.002,0.03,1,0,1,-0.03,-1,0,0.002],"_humanoidState":8,"_cameraCFrame":[783.369,231.985,47.062,-0.011,-0.717,0.697,0,0.697,0.717,-1,0.008,-0.008],"_shiftlockState":false,"_pose":"Running","_animationQueue":[],"_animationSpeed":1.101,"_zoom":11.96},{"_mousePosition":[1160,371],"_rootPartCFrame":[775.463,222.707,47.148,-0.001,-0.002,1,0,1,0.002,-1,0,-0.001],"_humanoidState":8,"_cameraCFrame":[782.787,231.744,47.068,-0.011,-0.717,0.697,0,0.697,0.717,-1,0.008,-0.008],"_shiftlockState":false,"_pose":"Running","_animationQueue":[],"_animationSpeed":1.101,"_zoom":11.96},{"_mousePosition":[1160,372],"_rootPartCFrame":[775.331,222.612,47.15,-0.001,-0.002,1,0,1,0.002,-1,0,-0.001],"_humanoidState":8,"_cameraCFrame":[782.654,231.65,47.069,-0.011,-0.717,0.697,0,0.697,0.717,-1,0.008,-0.008],"_shiftlockState":false,"_pose":"Running","_animationQueue":[["walk",0.1]],"_animationSpeed":1.101,"_zoom":11.96},{"_mousePosition":[1160,372],"_rootPartCFrame":[775.198,222.602,47.151,-0.002,-0.001,1,0,1,0.001,-1,0,-0.002],"_humanoidState":8,"_cameraCFrame":[782.522,231.64,47.071,-0.011,-0.717,0.697,0,0.697,0.717,-1,0.008,-0.008],"_shiftlockState":false,"_pose":"Running","_animationQueue":[],"_animationSpeed":1.101,"_zoom":11.96},{"_mousePosition":[1159,372],"_rootPartCFrame":[774.931,222.632,47.154,-0.003,0,1,0,1,0,-1,0,-0.003],"_humanoidState":8,"_cameraCFrame":[782.257,231.67,47.074,-0.011,-0.717,0.697,0,0.697,0.717,-1,0.008,-0.008],"_shiftlockState":false,"_pose":"Running","_animationQueue":[],"_animationSpeed":1.101,"_zoom":11.96},{"_mousePosition":[1157,372],"_rootPartCFrame":[774.664,222.661,47.157,-0.004,0,1,0,1,0,-1,0,-0.004],"_humanoidState":8,"_cameraCFrame":[781.991,231.699,47.077,-0.011,-0.717,0.697,0,0.697,0.717,-1,0.008,-0.008],"_shiftlockState":false,"_pose":"Running","_animationQueue":[],"_animationSpeed":1.101,"_zoom":11.96},{"_mousePosition":[1149,372],"_rootPartCFrame":[774.397,222.679,47.16,-0.005,0,1,0,1,0,-1,0,-0.005],"_humanoidState":8,"_cameraCFrame":[781.724,231.716,47.08,-0.011,-0.717,0.697,0,0.697,0.717,-1,0.008,-0.008],"_shiftlockState":false,"_pose":"Running","_animationQueue":[],"_animationSpeed":1.101,"_zoom":11.96},{"_mousePosition":[1135,372],"_rootPartCFrame":[774.131,222.688,47.163,-0.006,0,1,0,1,0,-1,0,-0.006],"_humanoidState":8,"_cameraCFrame":[781.457,231.726,47.082,-0.011,-0.717,0.697,0,0.697,0.717,-1,0.008,-0.008],"_shiftlockState":false,"_pose":"Running","_animationQueue":[],"_animationSpeed":1.101,"_zoom":11.96},{"_mousePosition":[1112,372],"_rootPartCFrame":[773.864,222.694,47.166,-0.007,0,1,0,1,0,-1,0,-0.007],"_humanoidState":8,"_cameraCFrame":[781.19,231.731,47.085,-0.011,-0.717,0.697,0,0.697,0.717,-1,0.008,-0.008],"_shiftlockState":false,"_pose":"Running","_animationQueue":[],"_animationSpeed":1.101,"_zoom":11.96},{"_mousePosition":[1082,370],"_rootPartCFrame":[773.598,222.696,47.169,-0.007,0,1,0,1,0,-1,0,-0.007],"_humanoidState":8,"_cameraCFrame":[780.924,231.734,47.088,-0.011,-0.717,0.697,0,0.697,0.717,-1,0.008,-0.008],"_shiftlockState":false,"_pose":"Running","_animationQueue":[["walk",0.1]],"_animationSpeed":1.101,"_zoom":11.96},{"_mousePosition":[1042,366],"_rootPartCFrame":[773.331,222.698,47.172,-0.008,0,1,0,1,0,-1,0,-0.008],"_humanoidState":8,"_cameraCFrame":[780.657,231.735,47.091,-0.011,-0.717,0.697,0,0.697,0.717,-1,0.008,-0.008],"_shiftlockState":false,"_pose":"Running","_animationQueue":[],"_animationSpeed":1.101,"_zoom":11.96},{"_mousePosition":[998,358],"_rootPartCFrame":[773.064,222.699,47.175,-0.008,0,1,0,1,0,-1,0,-0.008],"_humanoidState":8,"_cameraCFrame":[780.391,231.736,47.094,-0.011,-0.717,0.697,0,0.697,0.717,-1,0.008,-0.008],"_shiftlockState":false,"_pose":"Running","_animationQueue":[],"_animationSpeed":1.101,"_zoom":11.96},{"_mousePosition":[947,345],"_rootPartCFrame":[772.798,222.699,47.178,-0.009,0,1,0,1,0,-1,0,-0.009],"_humanoidState":8,"_cameraCFrame":[780.124,231.736,47.097,-0.011,-0.717,0.697,0,0.697,0.717,-1,0.008,-0.008],"_shiftlockState":false,"_pose":"Running","_animationQueue":[],"_animationSpeed":1.101,"_zoom":11.96},{"_mousePosition":[909,333],"_rootPartCFrame":[772.398,222.699,47.182,-0.009,0,1,0,1,0,-1,0,-0.009],"_humanoidState":8,"_cameraCFrame":[779.724,231.737,47.101,-0.011,-0.717,0.697,0,0.697,0.717,-1,0.008,-0.008],"_shiftlockState":false,"_pose":"Running","_animationQueue":[],"_animationSpeed":1.101,"_zoom":11.96},{"_mousePosition":[872,317],"_rootPartCFrame":[772.265,222.7,47.183,-0.009,0,1,0,1,0,-1,0,-0.009],"_humanoidState":8,"_cameraCFrame":[779.591,231.737,47.103,-0.011,-0.717,0.697,0,0.697,0.717,-1,0.008,-0.008],"_shiftlockState":false,"_pose":"Running","_animationQueue":[],"_animationSpeed":1.101,"_zoom":11.96},{"_mousePosition":[844,304],"_rootPartCFrame":[771.998,222.7,47.186,-0.009,0,1,0,1,0,-1,0,-0.009],"_humanoidState":8,"_cameraCFrame":[779.324,231.737,47.106,-0.011,-0.717,0.697,0,0.697,0.717,-1,0.008,-0.008],"_shiftlockState":false,"_pose":"Running","_animationQueue":[["walk",0.1]],"_animationSpeed":1.101,"_zoom":11.96},{"_mousePosition":[809,292],"_rootPartCFrame":[771.598,222.7,47.191,-0.01,0,1,0,1,0,-1,0,-0.01],"_humanoidState":8,"_cameraCFrame":[778.924,231.737,47.11,-0.011,-0.717,0.697,0,0.697,0.717,-1,0.008,-0.008],"_shiftlockState":false,"_pose":"Running","_animationQueue":[],"_animationSpeed":1.101,"_zoom":11.96},{"_mousePosition":[787,289],"_rootPartCFrame":[771.331,222.7,47.194,-0.01,0,1,0,1,0,-1,0,-0.01],"_humanoidState":8,"_cameraCFrame":[778.658,231.737,47.113,-0.011,-0.717,0.697,0,0.697,0.717,-1,0.008,-0.008],"_shiftlockState":false,"_pose":"Running","_animationQueue":[],"_animationSpeed":1.101,"_zoom":11.96},{"_mousePosition":[776,289],"_rootPartCFrame":[771.065,222.7,47.197,-0.01,0,1,0,1,0,-1,0,-0.01],"_humanoidState":8,"_cameraCFrame":[778.391,231.737,47.116,-0.011,-0.717,0.697,0,0.697,0.717,-1,0.008,-0.008],"_shiftlockState":false,"_pose":"Running","_animationQueue":[],"_animationSpeed":1.101,"_zoom":11.96},{"_mousePosition":[776,289],"_rootPartCFrame":[770.932,222.7,47.198,-0.01,0,1,0,1,0,-1,0,-0.01],"_humanoidState":8,"_cameraCFrame":[778.214,231.778,47.072,-0.017,-0.721,0.693,0,0.693,0.721,-1,0.012,-0.012],"_shiftlockState":false,"_pose":"Running","_animationQueue":[],"_animationSpeed":1.101,"_zoom":11.96},{"_mousePosition":[776,289],"_rootPartCFrame":[770.532,222.7,47.203,-0.01,0,1,0,1,0,-1,0,-0.01],"_humanoidState":8,"_cameraCFrame":[777.753,231.837,47.048,-0.021,-0.726,0.687,0,0.687,0.727,-1,0.016,-0.015],"_shiftlockState":false,"_pose":"Running","_animationQueue":[],"_animationSpeed":1.101,"_zoom":11.96},{"_mousePosition":[776,289],"_rootPartCFrame":[770.265,222.666,47.205,-0.01,0,1,0,1,0,-1,0,-0.01],"_humanoidState":8,"_cameraCFrame":[777.393,231.889,47.023,-0.026,-0.735,0.678,0,0.678,0.735,-1,0.019,-0.017],"_shiftlockState":false,"_pose":"Running","_animationQueue":[],"_animationSpeed":1.101,"_zoom":11.96},{"_mousePosition":[776,289],"_rootPartCFrame":[769.998,222.577,47.208,-0.011,0,1,0,1,0,-1,0,-0.011],"_humanoidState":8,"_cameraCFrame":[777.038,231.881,47.006,-0.029,-0.742,0.67,0,0.67,0.742,-1,0.021,-0.019],"_shiftlockState":false,"_pose":"Running","_animationQueue":[["walk",0.1]],"_animationSpeed":1.101,"_zoom":11.96},{"_mousePosition":[776,289],"_rootPartCFrame":[769.799,222.475,47.211,-0.011,0,1,0,1,0,-1,0,-0.011],"_humanoidState":8,"_cameraCFrame":[776.711,231.891,47.004,-0.03,-0.753,0.658,0,0.658,0.753,-1,0.022,-0.02],"_shiftlockState":false,"_pose":"Running","_animationQueue":[],"_animationSpeed":1.101,"_zoom":11.96},{"_mousePosition":[776,289],"_rootPartCFrame":[769.465,222.236,47.214,-0.011,0,1,0,1,0,-1,0,-0.011],"_humanoidState":8,"_cameraCFrame":[776.256,231.758,47.047,-0.025,-0.763,0.646,0,0.646,0.763,-1,0.019,-0.016],"_shiftlockState":false,"_pose":"Running","_animationQueue":[],"_animationSpeed":1.101,"_zoom":11.96},{"_mousePosition":[776,289],"_rootPartCFrame":[769.265,222.052,47.216,-0.011,0,1,0,1,0,-1,0,-0.011],"_humanoidState":8,"_cameraCFrame":[775.888,231.715,47.109,-0.016,-0.776,0.63,0,0.63,0.776,-1,0.013,-0.01],"_shiftlockState":false,"_pose":"Running","_animationQueue":[],"_animationSpeed":1.101,"_zoom":11.96},{"_mousePosition":[776,289],"_rootPartCFrame":[768.932,223.136,47.22,-0.011,0,1,0,1,0,-1,0,-0.011],"_humanoidState":3,"_cameraCFrame":[775.376,232.941,47.176,-0.007,-0.79,0.613,0,0.613,0.79,-1,0.005,-0.004],"_shiftlockState":false,"_pose":"Jumping","_animationQueue":[["walk",0.1],["jump",0.1]],"_animationSpeed":1,"_zoom":11.96},{"_mousePosition":[776,289],"_rootPartCFrame":[768.732,223.748,47.223,-0.011,0,1,0,1,0,-1,0,-0.011],"_humanoidState":5,"_cameraCFrame":[774.953,233.72,47.239,0.003,-0.806,0.592,0,0.592,0.806,-1,-0.002,0.002],"_shiftlockState":false,"_pose":"FreeFall","_animationQueue":[["jump",0.1]],"_animationSpeed":1,"_zoom":11.96},{"_mousePosition":[776,289],"_rootPartCFrame":[768.399,224.699,47.226,-0.011,0,1,0,1,0,-1,0,-0.011],"_humanoidState":5,"_cameraCFrame":[774.371,234.848,47.285,0.01,-0.823,0.568,0,0.568,0.823,-1,-0.008,0.006],"_shiftlockState":false,"_pose":"FreeFall","_animationQueue":[],"_animationSpeed":1,"_zoom":11.96},{"_mousePosition":[776,289],"_rootPartCFrame":[768.199,225.228,47.226,-0.01,0,1,0,1,0,-1,0,-0.01],"_humanoidState":5,"_cameraCFrame":[773.896,235.562,47.306,0.014,-0.84,0.542,0,0.542,0.84,-1,-0.012,0.008],"_shiftlockState":false,"_pose":"FreeFall","_animationQueue":[],"_animationSpeed":1,"_zoom":11.96},{"_mousePosition":[776,289],"_rootPartCFrame":[767.932,225.887,47.223,-0.008,0,1,0,1,0,-1,0,-0.008],"_humanoidState":5,"_cameraCFrame":[773.356,236.39,47.294,0.013,-0.856,0.516,0,0.516,0.857,-1,-0.011,0.007],"_shiftlockState":false,"_pose":"FreeFall","_animationQueue":[],"_animationSpeed":1,"_zoom":11.96},{"_mousePosition":[776,289],"_rootPartCFrame":[767.666,226.491,47.22,-0.005,0,1,0,1,0,-1,0,-0.005],"_humanoidState":5,"_cameraCFrame":[772.819,237.152,47.276,0.011,-0.872,0.49,0,0.49,0.872,-1,-0.01,0.005],"_shiftlockState":false,"_pose":"FreeFall","_animationQueue":[],"_animationSpeed":1,"_zoom":11.96},{"_mousePosition":[776,289],"_rootPartCFrame":[767.399,227.04,47.216,-0.002,0,1,0,1,0,-1,0,-0.002],"_humanoidState":5,"_cameraCFrame":[772.291,237.844,47.296,0.016,-0.885,0.465,0,0.465,0.885,-1,-0.014,0.008],"_shiftlockState":false,"_pose":"FreeFall","_animationQueue":[],"_animationSpeed":1,"_zoom":11.96},{"_mousePosition":[776,289],"_rootPartCFrame":[767.066,227.65,47.212,0,0,1,0,1,0,-1,0,0],"_humanoidState":5,"_cameraCFrame":[771.935,238.466,47.291,0.016,-0.886,0.463,0,0.463,0.886,-1,-0.014,0.008],"_shiftlockState":false,"_pose":"FreeFall","_animationQueue":[],"_animationSpeed":1,"_zoom":11.96},{"_mousePosition":[776,289],"_rootPartCFrame":[766.866,227.976,47.209,0.002,0,1,0,1,0,-1,0,0.002],"_humanoidState":5,"_cameraCFrame":[771.736,238.791,47.288,0.016,-0.886,0.463,0,0.463,0.886,-1,-0.014,0.008],"_shiftlockState":false,"_pose":"FreeFall","_animationQueue":[],"_animationSpeed":1,"_zoom":11.96},{"_mousePosition":[776,289],"_rootPartCFrame":[766.599,228.362,47.205,0.004,0,1,0,1,0,-1,0,0.004],"_humanoidState":5,"_cameraCFrame":[771.469,239.177,47.284,0.016,-0.886,0.463,0,0.463,0.886,-1,-0.014,0.008],"_shiftlockState":false,"_pose":"FreeFall","_animationQueue":[],"_animationSpeed":1,"_zoom":11.96},{"_mousePosition":[776,289],"_rootPartCFrame":[766.333,228.693,47.201,0.005,0,1,0,1,0,-1,0,0.005],"_humanoidState":5,"_cameraCFrame":[771.202,239.508,47.28,0.016,-0.886,0.463,0,0.463,0.886,-1,-0.014,0.008],"_shiftlockState":false,"_pose":"FreeFall","_animationQueue":[],"_animationSpeed":1,"_zoom":11.96},{"_mousePosition":[776,289],"_rootPartCFrame":[766.066,228.97,47.196,0.007,0,1,0,1,0,-1,0,0.007],"_humanoidState":5,"_cameraCFrame":[770.936,239.785,47.275,0.016,-0.886,0.463,0,0.463,0.886,-1,-0.014,0.008],"_shiftlockState":false,"_pose":"FreeFall","_animationQueue":[],"_animationSpeed":1,"_zoom":11.96},{"_mousePosition":[776,289],"_rootPartCFrame":[765.799,229.193,47.192,0.008,0,1,0,1,0,-1,0,0.008],"_humanoidState":5,"_cameraCFrame":[770.669,240.008,47.271,0.016,-0.886,0.463,0,0.463,0.886,-1,-0.014,0.008],"_shiftlockState":false,"_pose":"FreeFall","_animationQueue":[],"_animationSpeed":1,"_zoom":11.96},{"_mousePosition":[776,289],"_rootPartCFrame":[765.533,229.361,47.188,0.009,0,1,0,1,0,-1,0,0.009],"_humanoidState":5,"_cameraCFrame":[770.403,240.176,47.267,0.016,-0.886,0.463,0,0.463,0.886,-1,-0.014,0.008],"_shiftlockState":false,"_pose":"FreeFall","_animationQueue":[],"_animationSpeed":1,"_zoom":11.96},{"_mousePosition":[776,289],"_rootPartCFrame":[765.266,229.474,47.183,0.01,0,1,0,1,0,-1,0,0.01],"_humanoidState":5,"_cameraCFrame":[770.136,240.29,47.262,0.016,-0.886,0.463,0,0.463,0.886,-1,-0.014,0.008],"_shiftlockState":false,"_pose":"FreeFall","_animationQueue":[],"_animationSpeed":1,"_zoom":11.96},{"_mousePosition":[776,289],"_rootPartCFrame":[765,229.533,47.179,0.011,0,1,0,1,0,-1,0,0.011],"_humanoidState":5,"_cameraCFrame":[769.869,240.349,47.258,0.016,-0.886,0.463,0,0.463,0.886,-1,-0.014,0.008],"_shiftlockState":false,"_pose":"FreeFall","_animationQueue":[],"_animationSpeed":1,"_zoom":11.96},{"_mousePosition":[776,289],"_rootPartCFrame":[764.733,229.538,47.175,0.012,0,1,0,1,0,-1,0,0.012],"_humanoidState":5,"_cameraCFrame":[769.631,240.353,45.504,0.016,-0.886,0.463,0,0.463,0.886,-1,-0.014,0.008],"_shiftlockState":true,"_pose":"FreeFall","_animationQueue":[],"_animationSpeed":1,"_zoom":11.96},{"_mousePosition":[683,352.5],"_rootPartCFrame":[764.466,229.488,47.17,0.016,0,1,0,1,0,-1,0,0.016],"_humanoidState":5,"_cameraCFrame":[769.365,240.303,45.5,0.016,-0.886,0.463,0,0.463,0.886,-1,-0.014,0.008],"_shiftlockState":true,"_pose":"FreeFall","_animationQueue":[["fall",0.3]],"_animationSpeed":1,"_zoom":11.96},{"_mousePosition":[683,352.5],"_rootPartCFrame":[764.2,229.383,47.166,0.016,0,1,0,1,0,-1,0,0.016],"_humanoidState":5,"_cameraCFrame":[769.02,240.241,45.509,0.019,-0.89,0.455,0,0.455,0.89,-1,-0.017,0.009],"_shiftlockState":true,"_pose":"FreeFall","_animationQueue":[],"_animationSpeed":1,"_zoom":11.96},{"_mousePosition":[683,352.5],"_rootPartCFrame":[763.933,229.224,47.162,0.019,0,1,0,1,0,-1,0,0.019],"_humanoidState":5,"_cameraCFrame":[768.666,240.151,45.645,0.05,-0.896,0.442,0,0.442,0.897,-0.999,-0.045,0.022],"_shiftlockState":true,"_pose":"FreeFall","_animationQueue":[],"_animationSpeed":1,"_zoom":11.96},{"_mousePosition":[683,352.5],"_rootPartCFrame":[763.6,228.949,47.155,0.046,0,0.999,0,1,0,-0.999,0,0.046],"_humanoidState":5,"_cameraCFrame":[768.239,239.964,45.928,0.114,-0.899,0.422,0,0.425,0.905,-0.993,-0.104,0.049],"_shiftlockState":true,"_pose":"FreeFall","_animationQueue":[],"_animationSpeed":1,"_zoom":11.96},{"_mousePosition":[683,352.5],"_rootPartCFrame":[763.334,228.668,47.143,0.107,0,0.994,0,1,0,-0.994,0,0.107],"_humanoidState":5,"_cameraCFrame":[767.859,239.777,46.291,0.202,-0.895,0.397,0,0.405,0.914,-0.979,-0.185,0.082],"_shiftlockState":true,"_pose":"FreeFall","_animationQueue":[],"_animationSpeed":1,"_zoom":11.96},{"_mousePosition":[683,352.5],"_rootPartCFrame":[763.135,228.421,47.123,0.195,0,0.981,0,1,0,-0.981,0,0.195],"_humanoidState":5,"_cameraCFrame":[767.442,239.659,46.729,0.319,-0.878,0.357,0,0.376,0.926,-0.948,-0.296,0.12],"_shiftlockState":true,"_pose":"FreeFall","_animationQueue":[],"_animationSpeed":1,"_zoom":11.96},{"_mousePosition":[683,352.5],"_rootPartCFrame":[762.873,228.044,47.075,0.306,0,0.952,0,1,0,-0.952,0,0.306],"_humanoidState":5,"_cameraCFrame":[766.896,239.411,47.142,0.45,-0.838,0.308,0,0.345,0.939,-0.893,-0.422,0.155],"_shiftlockState":true,"_pose":"FreeFall","_animationQueue":[],"_animationSpeed":1,"_zoom":11.96},{"_mousePosition":[683,352.5],"_rootPartCFrame":[762.554,227.496,46.979,0.43,0,0.903,0,1,0,-0.903,0,0.43],"_humanoidState":5,"_cameraCFrame":[766.325,238.95,47.467,0.57,-0.778,0.264,0,0.321,0.947,-0.821,-0.54,0.183],"_shiftlockState":true,"_pose":"FreeFall","_animationQueue":[["fall",0.3]],"_animationSpeed":1,"_zoom":11.96},{"_mousePosition":[683,352.5],"_rootPartCFrame":[762.364,227.126,46.931,0.517,0,0.856,0,1,0,-0.856,0,0.517],"_humanoidState":5,"_cameraCFrame":[765.906,238.642,47.767,0.67,-0.708,0.225,0,0.304,0.953,-0.743,-0.638,0.203],"_shiftlockState":true,"_pose":"FreeFall","_animationQueue":[],"_animationSpeed":1,"_zoom":11.96},{"_mousePosition":[683,352.5],"_rootPartCFrame":[762.045,226.442,46.899,0.555,0,0.832,0,1,0,-0.832,0,0.555],"_humanoidState":5,"_cameraCFrame":[765.358,238.005,48.043,0.755,-0.628,0.19,0,0.289,0.957,-0.656,-0.722,0.218],"_shiftlockState":true,"_pose":"FreeFall","_animationQueue":[],"_animationSpeed":1,"_zoom":11.96},{"_mousePosition":[683,352.5],"_rootPartCFrame":[761.847,225.991,46.906,0.692,0,0.722,0,1,0,-0.722,0,0.692],"_humanoidState":5,"_cameraCFrame":[764.974,237.581,48.309,0.818,-0.552,0.161,0,0.28,0.96,-0.575,-0.785,0.229],"_shiftlockState":true,"_pose":"FreeFall","_animationQueue":[],"_animationSpeed":1,"_zoom":11.96},{"_mousePosition":[683,352.5],"_rootPartCFrame":[761.581,225.341,46.897,0.744,0,0.669,0,1,0,-0.669,0,0.744],"_humanoidState":5,"_cameraCFrame":[764.546,236.952,48.488,0.862,-0.487,0.139,0,0.273,0.962,-0.507,-0.829,0.236],"_shiftlockState":true,"_pose":"FreeFall","_animationQueue":[],"_animationSpeed":1,"_zoom":11.96},{"_mousePosition":[683,352.5],"_rootPartCFrame":[761.317,224.637,46.859,0.797,0,0.604,0,1,0,-0.604,0,0.797],"_humanoidState":5,"_cameraCFrame":[764.183,236.264,48.528,0.884,-0.451,0.126,0,0.268,0.963,-0.468,-0.851,0.237],"_shiftlockState":true,"_pose":"FreeFall","_animationQueue":[],"_animationSpeed":1,"_zoom":11.96},{"_mousePosition":[683,352.5],"_rootPartCFrame":[761.058,223.879,46.796,0.87,0,0.493,0,1,0,-0.493,0,0.87],"_humanoidState":7,"_cameraCFrame":[763.842,235.539,48.4,0.891,-0.439,0.116,0,0.256,0.967,-0.454,-0.861,0.228],"_shiftlockState":true,"_pose":"FreeFall","_animationQueue":[["walk",0.1],["fall",0.3],["fall",0.3]],"_animationSpeed":1,"_zoom":11.96},{"_mousePosition":[683,352.5],"_rootPartCFrame":[760.803,223.331,46.719,0.89,0,0.456,0,1,0,-0.456,0,0.89],"_humanoidState":7,"_cameraCFrame":[763.555,235.009,48.268,0.891,-0.439,0.113,0,0.25,0.968,-0.454,-0.863,0.223],"_shiftlockState":true,"_pose":"FreeFall","_animationQueue":[["fall",0.3]],"_animationSpeed":1,"_zoom":11.96},{"_mousePosition":[683,352.5],"_rootPartCFrame":[760.55,223.371,46.638,0.891,0,0.454,0,1,0,-0.454,0,0.891],"_humanoidState":8,"_cameraCFrame":[763.302,235.049,48.187,0.891,-0.439,0.113,0,0.25,0.968,-0.454,-0.863,0.223],"_shiftlockState":true,"_pose":"Running","_animationQueue":[["walk",0.1],["fall",0.3],["walk",0.1]],"_animationSpeed":1.102,"_zoom":11.96},{"_mousePosition":[683,352.5],"_rootPartCFrame":[760.297,223.447,46.555,0.891,0,0.454,0,1,0,-0.454,0,0.891],"_humanoidState":8,"_cameraCFrame":[763.049,235.125,48.105,0.891,-0.439,0.113,0,0.25,0.968,-0.454,-0.863,0.223],"_shiftlockState":true,"_pose":"Running","_animationQueue":[],"_animationSpeed":1.102,"_zoom":11.96},{"_mousePosition":[683,352.5],"_rootPartCFrame":[760.045,223.486,46.473,0.891,0,0.454,0,1,0,-0.454,0,0.891],"_humanoidState":8,"_cameraCFrame":[762.797,235.164,48.022,0.891,-0.439,0.113,0,0.25,0.968,-0.454,-0.863,0.223],"_shiftlockState":true,"_pose":"Running","_animationQueue":[],"_animationSpeed":1.102,"_zoom":11.96},{"_mousePosition":[683,352.5],"_rootPartCFrame":[759.793,223.489,46.391,0.891,0,0.454,0,1,0,-0.454,0,0.891],"_humanoidState":8,"_cameraCFrame":[762.545,235.166,47.94,0.891,-0.439,0.113,0,0.25,0.968,-0.454,-0.863,0.223],"_shiftlockState":true,"_pose":"Running","_animationQueue":[],"_animationSpeed":1.102,"_zoom":11.96},{"_mousePosition":[683,352.5],"_rootPartCFrame":[759.541,223.457,46.309,0.891,0,0.454,0,1,0,-0.454,0,0.891],"_humanoidState":8,"_cameraCFrame":[762.293,235.134,47.858,0.891,-0.439,0.113,0,0.25,0.968,-0.454,-0.863,0.223],"_shiftlockState":true,"_pose":"Running","_animationQueue":[],"_animationSpeed":1.102,"_zoom":11.96},{"_mousePosition":[683,352.5],"_rootPartCFrame":[759.291,223.414,46.228,0.891,0,0.454,0,1,0,-0.454,0,0.891],"_humanoidState":8,"_cameraCFrame":[762.042,235.092,47.777,0.891,-0.439,0.113,0,0.25,0.968,-0.454,-0.863,0.223],"_shiftlockState":true,"_pose":"Running","_animationQueue":[],"_animationSpeed":1.102,"_zoom":11.96},{"_mousePosition":[683,352.5],"_rootPartCFrame":[759.04,223.359,46.146,0.891,0,0.454,0,1,0,-0.454,0,0.891],"_humanoidState":8,"_cameraCFrame":[761.792,235.036,47.695,0.891,-0.439,0.113,0,0.25,0.968,-0.454,-0.863,0.223],"_shiftlockState":true,"_pose":"Running","_animationQueue":[["walk",0.1]],"_animationSpeed":1.102,"_zoom":11.96},{"_mousePosition":[683,352.5],"_rootPartCFrame":[758.803,223.37,46.187,0.891,0,0.454,0,1,0,-0.454,0,0.891],"_humanoidState":8,"_cameraCFrame":[761.555,235.048,47.736,0.891,-0.439,0.113,0,0.25,0.968,-0.454,-0.863,0.223],"_shiftlockState":true,"_pose":"Running","_animationQueue":[],"_animationSpeed":1.102,"_zoom":11.96},{"_mousePosition":[683,352.5],"_rootPartCFrame":[758.573,223.432,46.302,0.891,0,0.454,0,1,0,-0.454,0,0.891],"_humanoidState":8,"_cameraCFrame":[761.36,235.106,47.816,0.883,-0.454,0.118,0,0.252,0.968,-0.469,-0.855,0.222],"_shiftlockState":true,"_pose":"Running","_animationQueue":[["walk",0.1]],"_animationSpeed":1.04,"_zoom":11.96},{"_mousePosition":[683,352.5],"_rootPartCFrame":[758.342,223.491,46.419,0.883,0,0.469,0,1,0,-0.469,0,0.883],"_humanoidState":8,"_cameraCFrame":[761.152,235.173,47.829,0.87,-0.478,0.123,0,0.249,0.969,-0.493,-0.843,0.216],"_shiftlockState":true,"_pose":"Running","_animationQueue":[],"_animationSpeed":1.04,"_zoom":11.96},{"_mousePosition":[683,352.5],"_rootPartCFrame":[758.052,223.555,46.572,0.87,0,0.493,0,1,0,-0.493,0,0.87],"_humanoidState":8,"_cameraCFrame":[760.806,235.269,47.85,0.867,-0.485,0.118,0,0.236,0.972,-0.499,-0.842,0.205],"_shiftlockState":true,"_pose":"Running","_animationQueue":[],"_animationSpeed":1.04,"_zoom":11.96},{"_mousePosition":[683,352.5],"_rootPartCFrame":[757.88,223.586,46.669,0.867,0,0.499,0,1,0,-0.499,0,0.867],"_humanoidState":8,"_cameraCFrame":[760.523,235.352,47.753,0.867,-0.487,0.107,0,0.215,0.977,-0.499,-0.847,0.186],"_shiftlockState":true,"_pose":"Running","_animationQueue":[],"_animationSpeed":1.04,"_zoom":11.96},{"_mousePosition":[683,352.5],"_rootPartCFrame":[757.421,223.654,46.932,0.867,0,0.499,0,1,0,-0.499,0,0.867],"_humanoidState":8,"_cameraCFrame":[760.053,235.425,47.992,0.866,-0.488,0.106,0,0.212,0.977,-0.5,-0.847,0.184],"_shiftlockState":true,"_pose":"Running","_animationQueue":[["walk",0.1]],"_animationSpeed":1.04,"_zoom":11.96},{"_mousePosition":[683,352.5],"_rootPartCFrame":[757.364,223.659,46.966,0.866,0,0.5,0,1,0,-0.5,0,0.866],"_humanoidState":8,"_cameraCFrame":[759.995,235.431,48.026,0.866,-0.488,0.106,0,0.212,0.977,-0.5,-0.847,0.184],"_shiftlockState":true,"_pose":"Running","_animationQueue":[["walk",0.1]],"_animationSpeed":1.095,"_zoom":11.96},{"_mousePosition":[683,352.5],"_rootPartCFrame":[757.191,223.667,47.065,0.866,0,0.5,0,1,0,-0.5,0,0.866],"_humanoidState":8,"_cameraCFrame":[759.821,235.441,48.11,0.865,-0.491,0.106,0,0.212,0.977,-0.502,-0.845,0.183],"_shiftlockState":true,"_pose":"Running","_animationQueue":[],"_animationSpeed":1.095,"_zoom":11.96},{"_mousePosition":[683,352.5],"_rootPartCFrame":[756.96,223.671,47.198,0.865,0,0.502,0,1,0,-0.502,0,0.865],"_humanoidState":8,"_cameraCFrame":[759.608,235.446,48.178,0.853,-0.509,0.11,0,0.211,0.978,-0.521,-0.834,0.18],"_shiftlockState":true,"_pose":"Running","_animationQueue":[],"_animationSpeed":1.095,"_zoom":11.96},{"_mousePosition":[683,352.5],"_rootPartCFrame":[756.614,223.634,47.399,0.853,0,0.521,0,1,0,-0.521,0,0.853],"_humanoidState":8,"_cameraCFrame":[759.322,235.401,48.307,0.832,-0.542,0.119,0,0.215,0.977,-0.555,-0.813,0.179],"_shiftlockState":true,"_pose":"Running","_animationQueue":[],"_animationSpeed":1.095,"_zoom":11.96},{"_mousePosition":[683,352.5],"_rootPartCFrame":[756.443,223.62,47.503,0.832,0,0.555,0,1,0,-0.555,0,0.832],"_humanoidState":8,"_cameraCFrame":[759.226,235.373,48.328,0.805,-0.579,0.131,0,0.22,0.975,-0.593,-0.785,0.177],"_shiftlockState":true,"_pose":"Running","_animationQueue":[],"_animationSpeed":1.095,"_zoom":11.96},{"_mousePosition":[683,352.5],"_rootPartCFrame":[756.222,223.593,47.648,0.805,0,0.593,0,1,0,-0.593,0,0.805],"_humanoidState":8,"_cameraCFrame":[759.094,235.329,48.37,0.77,-0.622,0.145,0,0.227,0.974,-0.639,-0.749,0.175],"_shiftlockState":true,"_pose":"Running","_animationQueue":[],"_animationSpeed":1.095,"_zoom":11.96},{"_mousePosition":[683,352.5],"_rootPartCFrame":[756.008,223.553,47.803,0.77,0,0.639,0,1,0,-0.639,0,0.77],"_humanoidState":8,"_cameraCFrame":[758.948,235.276,48.447,0.742,-0.652,0.156,0,0.233,0.973,-0.67,-0.722,0.173],"_shiftlockState":true,"_pose":"Running","_animationQueue":[["walk",0.1]],"_animationSpeed":1.095,"_zoom":11.96},{"_mousePosition":[683,352.5],"_rootPartCFrame":[755.807,223.496,47.968,0.742,0,0.67,0,1,0,-0.67,0,0.742],"_humanoidState":8,"_cameraCFrame":[758.774,235.213,48.577,0.73,-0.664,0.161,0,0.235,0.972,-0.683,-0.71,0.172],"_shiftlockState":true,"_pose":"Running","_animationQueue":[],"_animationSpeed":1.095,"_zoom":11.96},{"_mousePosition":[683,352.5],"_rootPartCFrame":[755.616,223.415,48.138,0.73,0,0.683,0,1,0,-0.683,0,0.73],"_humanoidState":8,"_cameraCFrame":[758.59,235.13,48.749,0.729,-0.665,0.161,0,0.236,0.972,-0.684,-0.709,0.172],"_shiftlockState":true,"_pose":"Running","_animationQueue":[],"_animationSpeed":1.095,"_zoom":11.96},{"_mousePosition":[683,352.5],"_rootPartCFrame":[755.435,223.307,48.307,0.729,0,0.684,0,1,0,-0.684,0,0.729],"_humanoidState":8,"_cameraCFrame":[758.408,235.022,48.918,0.729,-0.665,0.161,0,0.236,0.972,-0.684,-0.709,0.172],"_shiftlockState":true,"_pose":"Running","_animationQueue":[],"_animationSpeed":1.095,"_zoom":11.96},{"_mousePosition":[683,352.5],"_rootPartCFrame":[755.261,223.164,48.47,0.729,0,0.684,0,1,0,-0.684,0,0.729],"_humanoidState":8,"_cameraCFrame":[758.244,234.875,49.1,0.731,-0.663,0.162,0,0.238,0.971,-0.683,-0.71,0.174],"_shiftlockState":true,"_pose":"Running","_animationQueue":[["walk",0.1]],"_animationSpeed":1.022,"_zoom":11.96},{"_mousePosition":[683,352.5],"_rootPartCFrame":[755.097,222.967,48.623,0.731,0,0.683,0,1,0,-0.683,0,0.731],"_humanoidState":8,"_cameraCFrame":[758.089,234.672,49.309,0.739,-0.654,0.162,0,0.24,0.971,-0.673,-0.718,0.177],"_shiftlockState":true,"_pose":"Running","_animationQueue":[],"_animationSpeed":1.022,"_zoom":11.96},{"_mousePosition":[683,352.5],"_rootPartCFrame":[754.89,222.964,48.817,0.739,0,0.673,0,1,0,-0.673,0,0.739],"_humanoidState":8,"_cameraCFrame":[757.859,234.669,49.596,0.76,-0.631,0.156,0,0.24,0.971,-0.65,-0.738,0.182],"_shiftlockState":true,"_pose":"Running","_animationQueue":[["walk",0.1],["walk",0.1]],"_animationSpeed":0.92,"_zoom":11.96},{"_mousePosition":[683,352.5],"_rootPartCFrame":[754.774,222.941,48.922,0.76,0,0.65,0,1,0,-0.65,0,0.76],"_humanoidState":8,"_cameraCFrame":[757.689,234.651,49.818,0.789,-0.597,0.146,0,0.238,0.971,-0.614,-0.767,0.187],"_shiftlockState":true,"_pose":"Running","_animationQueue":[],"_animationSpeed":0.92,"_zoom":11.96},{"_mousePosition":[683,352.5],"_rootPartCFrame":[754.617,222.942,49.058,0.789,0,0.614,0,1,0,-0.614,0,0.789],"_humanoidState":8,"_cameraCFrame":[757.466,234.664,50.026,0.812,-0.567,0.136,0,0.233,0.973,-0.583,-0.79,0.189],"_shiftlockState":true,"_pose":"Running","_animationQueue":[["walk",0.1]],"_animationSpeed":0.851,"_zoom":11.96},{"_mousePosition":[683,352.5],"_rootPartCFrame":[754.474,222.843,49.172,0.812,0,0.583,0,1,0,-0.583,0,0.812],"_humanoidState":8,"_cameraCFrame":[757.266,234.578,50.179,0.829,-0.545,0.128,0,0.228,0.974,-0.56,-0.807,0.189],"_shiftlockState":true,"_pose":"Running","_animationQueue":[],"_animationSpeed":0.851,"_zoom":11.96},{"_mousePosition":[683,352.5],"_rootPartCFrame":[754.318,222.682,49.285,0.829,0,0.56,0,1,0,-0.56,0,0.829],"_humanoidState":8,"_cameraCFrame":[757.055,234.432,50.289,0.839,-0.531,0.121,0,0.222,0.975,-0.544,-0.818,0.186],"_shiftlockState":true,"_pose":"Running","_animationQueue":[["walk",0.1]],"_animationSpeed":0.743,"_zoom":11.96},{"_mousePosition":[683,352.5],"_rootPartCFrame":[754.128,222.661,49.414,0.839,0,0.544,0,1,0,-0.544,0,0.839],"_humanoidState":8,"_cameraCFrame":[756.807,234.427,50.406,0.849,-0.516,0.113,0,0.215,0.977,-0.528,-0.829,0.182],"_shiftlockState":true,"_pose":"Running","_animationQueue":[["walk",0.1]],"_animationSpeed":0.804,"_zoom":11.96},{"_mousePosition":[683,352.5],"_rootPartCFrame":[753.938,222.643,49.538,0.849,0,0.528,0,1,0,-0.528,0,0.849],"_humanoidState":8,"_cameraCFrame":[756.553,234.427,50.515,0.86,-0.499,0.106,0,0.207,0.978,-0.51,-0.841,0.178],"_shiftlockState":true,"_pose":"Running","_animationQueue":[["walk",0.1]],"_animationSpeed":0.973,"_zoom":11.96},{"_mousePosition":[683,352.5],"_rootPartCFrame":[753.756,222.566,49.652,0.86,0,0.51,0,1,0,-0.51,0,0.86],"_humanoidState":8,"_cameraCFrame":[756.295,234.37,50.613,0.874,-0.477,0.096,0,0.197,0.98,-0.487,-0.856,0.172],"_shiftlockState":true,"_pose":"Running","_animationQueue":[["walk",0.1]],"_animationSpeed":0.973,"_zoom":11.96},{"_mousePosition":[683,352.5],"_rootPartCFrame":[753.591,222.431,49.751,0.874,0,0.487,0,1,0,-0.487,0,0.874],"_humanoidState":8,"_cameraCFrame":[756.057,234.252,50.725,0.89,-0.448,0.086,0,0.19,0.982,-0.456,-0.874,0.169],"_shiftlockState":true,"_pose":"Running","_animationQueue":[["walk",0.1]],"_animationSpeed":0.879,"_zoom":11.96},{"_mousePosition":[683,352.5],"_rootPartCFrame":[753.426,222.248,49.848,0.89,0,0.456,0,1,0,-0.456,0,0.89],"_humanoidState":8,"_cameraCFrame":[755.815,234.083,50.864,0.909,-0.409,0.076,0,0.182,0.983,-0.416,-0.894,0.166],"_shiftlockState":true,"_pose":"Running","_animationQueue":[["walk",0.1]],"_animationSpeed":0.793,"_zoom":11.96},{"_mousePosition":[683,352.5],"_rootPartCFrame":[753.22,223.318,49.97,0.909,0,0.416,0,1,0,-0.416,0,0.909],"_humanoidState":3,"_cameraCFrame":[755.554,235.161,51.035,0.924,-0.376,0.068,0,0.178,0.984,-0.382,-0.909,0.165],"_shiftlockState":true,"_pose":"Jumping","_animationQueue":[["walk",0.1],["jump",0.1]],"_animationSpeed":1,"_zoom":11.96},{"_mousePosition":[683,352.5],"_rootPartCFrame":[753.082,223.919,50.046,0.898,0,0.439,0,1,0,-0.439,0,0.898],"_humanoidState":5,"_cameraCFrame":[755.346,235.771,51.172,0.941,-0.333,0.059,0,0.174,0.985,-0.338,-0.927,0.163],"_shiftlockState":true,"_pose":"FreeFall","_animationQueue":[["jump",0.1]],"_animationSpeed":1,"_zoom":11.96},{"_mousePosition":[683,352.5],"_rootPartCFrame":[752.803,224.853,50.174,0.876,0,0.482,0,1,0,-0.482,0,0.876],"_humanoidState":5,"_cameraCFrame":[754.998,236.705,51.43,0.959,-0.278,0.049,0,0.174,0.985,-0.283,-0.945,0.167],"_shiftlockState":true,"_pose":"FreeFall","_animationQueue":[],"_animationSpeed":1,"_zoom":11.96},{"_mousePosition":[683,352.5],"_rootPartCFrame":[752.616,225.372,50.243,0.926,0,0.376,0,1,0,-0.376,0,0.926],"_humanoidState":5,"_cameraCFrame":[754.723,237.224,51.642,0.976,-0.215,0.038,0,0.174,0.985,-0.219,-0.961,0.169],"_shiftlockState":true,"_pose":"FreeFall","_animationQueue":[],"_animationSpeed":1,"_zoom":11.96},{"_mousePosition":[683,352.5],"_rootPartCFrame":[752.361,226.017,50.321,0.938,0,0.346,0,1,0,-0.346,0,0.938],"_humanoidState":5,"_cameraCFrame":[754.382,237.869,51.84,0.987,-0.159,0.028,0,0.174,0.985,-0.161,-0.972,0.171],"_shiftlockState":true,"_pose":"FreeFall","_animationQueue":[],"_animationSpeed":1,"_zoom":11.96},{"_mousePosition":[683,352.5],"_rootPartCFrame":[752.037,226.747,50.397,0.947,0,0.322,0,1,0,-0.322,0,0.947],"_humanoidState":5,"_cameraCFrame":[753.971,238.598,52.026,0.994,-0.104,0.018,0,0.174,0.985,-0.106,-0.979,0.173],"_shiftlockState":true,"_pose":"FreeFall","_animationQueue":[],"_animationSpeed":1,"_zoom":11.96},{"_mousePosition":[683,352.5],"_rootPartCFrame":[751.84,227.143,50.431,0.979,0,0.205,0,1,0,-0.205,0,0.979],"_humanoidState":5,"_cameraCFrame":[753.693,238.995,52.152,0.998,-0.057,0.01,0,0.174,0.985,-0.058,-0.983,0.173],"_shiftlockState":true,"_pose":"FreeFall","_animationQueue":[],"_animationSpeed":1,"_zoom":11.96},{"_mousePosition":[683,352.5],"_rootPartCFrame":[751.597,227.625,50.514,0.982,0,0.191,0,1,-0.001,-0.191,0.001,0.982],"_humanoidState":5,"_cameraCFrame":[753.35,239.477,52.337,1,-0.002,0,0,0.174,0.985,-0.002,-0.985,0.174],"_shiftlockState":true,"_pose":"FreeFall","_animationQueue":[],"_animationSpeed":1,"_zoom":11.96},{"_mousePosition":[683,352.5],"_rootPartCFrame":[751.301,228.15,50.632,0.986,0,0.169,0,1,-0.001,-0.169,0.001,0.986],"_humanoidState":5,"_cameraCFrame":[752.942,240.002,52.557,0.998,0.057,-0.01,0,0.174,0.985,0.058,-0.983,0.173],"_shiftlockState":true,"_pose":"FreeFall","_animationQueue":[],"_animationSpeed":1,"_zoom":11.96},{"_mousePosition":[683,352.5],"_rootPartCFrame":[751.127,228.424,50.701,0.999,0,0.043,0,1,-0.002,-0.043,0.002,0.999],"_humanoidState":5,"_cameraCFrame":[752.652,240.276,52.72,0.993,0.115,-0.02,0,0.174,0.985,0.116,-0.978,0.172],"_shiftlockState":true,"_pose":"FreeFall","_animationQueue":[],"_animationSpeed":1,"_zoom":11.96},{"_mousePosition":[683,352.5],"_rootPartCFrame":[750.896,228.742,50.779,1,0,0.018,0,1,0,-0.018,0,1],"_humanoidState":5,"_cameraCFrame":[752.314,240.594,52.873,0.986,0.166,-0.029,0,0.174,0.985,0.168,-0.971,0.171],"_shiftlockState":true,"_pose":"FreeFall","_animationQueue":[],"_animationSpeed":1,"_zoom":11.96},{"_mousePosition":[683,352.5],"_rootPartCFrame":[750.67,229.005,50.84,0.999,0,-0.035,0,1,0,0.035,0,0.999],"_humanoidState":5,"_cameraCFrame":[751.992,240.857,52.995,0.977,0.209,-0.037,0,0.174,0.985,0.213,-0.962,0.17],"_shiftlockState":true,"_pose":"FreeFall","_animationQueue":[],"_animationSpeed":1,"_zoom":11.96},{"_mousePosition":[683,352.5],"_rootPartCFrame":[750.426,229.214,50.855,0.997,0,-0.081,0,1,0,0.081,0,0.997],"_humanoidState":5,"_cameraCFrame":[751.68,241.066,53.051,0.97,0.239,-0.042,0,0.174,0.985,0.243,-0.955,0.168],"_shiftlockState":true,"_pose":"FreeFall","_animationQueue":[],"_animationSpeed":1,"_zoom":11.96},{"_mousePosition":[683,352.5],"_rootPartCFrame":[750.172,229.369,50.832,0.994,0,-0.112,0,1,0,0.112,0,0.994],"_humanoidState":5,"_cameraCFrame":[751.371,241.221,53.058,0.964,0.263,-0.046,0,0.174,0.985,0.267,-0.949,0.167],"_shiftlockState":true,"_pose":"FreeFall","_animationQueue":[],"_animationSpeed":1,"_zoom":11.96},{"_mousePosition":[683,352.5],"_rootPartCFrame":[749.867,229.485,50.799,0.995,0,-0.104,0,1,0,0.104,0,0.995],"_humanoidState":5,"_cameraCFrame":[751.008,241.337,53.055,0.957,0.287,-0.051,0,0.174,0.985,0.292,-0.942,0.166],"_shiftlockState":true,"_pose":"FreeFall","_animationQueue":[],"_animationSpeed":1,"_zoom":11.96},{"_mousePosition":[683,352.5],"_rootPartCFrame":[749.673,229.514,50.754,0.981,0,-0.195,0,1,0,0.195,0,0.981],"_humanoidState":5,"_cameraCFrame":[750.751,241.366,53.041,0.948,0.314,-0.055,0,0.174,0.985,0.318,-0.934,0.165],"_shiftlockState":true,"_pose":"FreeFall","_animationQueue":[],"_animationSpeed":1,"_zoom":11.96},{"_mousePosition":[683,352.5],"_rootPartCFrame":[749.375,229.494,50.676,0.988,0,-0.157,0,1,0,0.157,0,0.988],"_humanoidState":5,"_cameraCFrame":[750.397,241.346,52.988,0.94,0.336,-0.059,0,0.174,0.985,0.341,-0.926,0.163],"_shiftlockState":true,"_pose":"FreeFall","_animationQueue":[],"_animationSpeed":1,"_zoom":11.96},{"_mousePosition":[683,352.5],"_rootPartCFrame":[749.123,229.417,50.591,0.977,0,-0.213,0,1,0,0.213,0,0.977],"_humanoidState":5,"_cameraCFrame":[750.111,241.269,52.919,0.935,0.35,-0.062,0,0.174,0.985,0.355,-0.921,0.162],"_shiftlockState":true,"_pose":"FreeFall","_animationQueue":[["fall",0.3]],"_animationSpeed":1,"_zoom":11.96},{"_mousePosition":[683,352.5],"_rootPartCFrame":[748.935,229.323,50.524,0.966,0,-0.26,0,1,0,0.26,0,0.966],"_humanoidState":5,"_cameraCFrame":[749.911,241.175,52.857,0.933,0.354,-0.062,0,0.174,0.985,0.36,-0.919,0.162],"_shiftlockState":true,"_pose":"FreeFall","_animationQueue":[],"_animationSpeed":1,"_zoom":11.96},{"_mousePosition":[683,352.5],"_rootPartCFrame":[748.679,229.152,50.448,0.972,0,-0.237,0.001,1,0.004,0.237,-0.004,0.972],"_humanoidState":5,"_cameraCFrame":[749.648,241.004,52.778,0.932,0.357,-0.063,0,0.174,0.985,0.363,-0.918,0.162],"_shiftlockState":true,"_pose":"FreeFall","_animationQueue":[],"_animationSpeed":1,"_zoom":11.96},{"_mousePosition":[683,352.5],"_rootPartCFrame":[748.416,228.93,50.397,0.971,0,-0.24,0.001,1,0.006,0.24,-0.006,0.971],"_humanoidState":5,"_cameraCFrame":[749.378,240.782,52.728,0.931,0.36,-0.064,0,0.174,0.985,0.366,-0.917,0.162],"_shiftlockState":true,"_pose":"FreeFall","_animationQueue":[],"_animationSpeed":1,"_zoom":11.96},{"_mousePosition":[683,352.5],"_rootPartCFrame":[748.089,228.579,50.32,0.974,-0.002,-0.225,-0.001,1,-0.013,0.225,0.013,0.974],"_humanoidState":5,"_cameraCFrame":[749.028,240.428,52.698,0.929,0.365,-0.065,0,0.175,0.985,0.371,-0.914,0.163],"_shiftlockState":true,"_pose":"FreeFall","_animationQueue":[],"_animationSpeed":1,"_zoom":11.96},{"_mousePosition":[683,352.5],"_rootPartCFrame":[747.808,228.247,50.288,0.964,-0.004,-0.266,-0.001,1,-0.02,0.266,0.02,0.964],"_humanoidState":5,"_cameraCFrame":[748.714,240.089,52.714,0.926,0.371,-0.067,0,0.178,0.984,0.377,-0.911,0.165],"_shiftlockState":true,"_pose":"FreeFall","_animationQueue":[],"_animationSpeed":1,"_zoom":11.96},{"_mousePosition":[683,352.5],"_rootPartCFrame":[747.61,227.962,50.236,0.958,-0.004,-0.285,0.001,1,-0.011,0.285,0.01,0.958],"_humanoidState":5,"_cameraCFrame":[748.485,239.8,52.68,0.922,0.38,-0.07,0,0.181,0.984,0.386,-0.907,0.167],"_shiftlockState":true,"_pose":"FreeFall","_animationQueue":[],"_animationSpeed":1,"_zoom":11.96},{"_mousePosition":[683,352.5],"_rootPartCFrame":[747.299,227.419,50.116,0.974,-0.001,-0.228,0.001,1,-0.001,0.228,0.001,0.974],"_humanoidState":5,"_cameraCFrame":[748.125,239.25,52.597,0.917,0.393,-0.074,0,0.185,0.983,0.4,-0.901,0.169],"_shiftlockState":true,"_pose":"FreeFall","_animationQueue":[["fall",0.3]],"_animationSpeed":1,"_zoom":11.96},{"_mousePosition":[683,352.5],"_rootPartCFrame":[747.053,226.923,50.013,0.962,0,-0.274,0,1,0,0.274,0,0.962],"_humanoidState":5,"_cameraCFrame":[747.776,238.74,52.583,0.905,0.418,-0.082,0,0.192,0.981,0.426,-0.888,0.174],"_shiftlockState":true,"_pose":"FreeFall","_animationQueue":[],"_animationSpeed":1,"_zoom":11.96},{"_mousePosition":[683,352.5],"_rootPartCFrame":[746.869,226.516,49.934,0.943,0,-0.334,0,1,0,0.334,0,0.943],"_humanoidState":5,"_cameraCFrame":[747.37,238.322,52.595,0.869,0.484,-0.097,0,0.197,0.98,0.494,-0.852,0.171],"_shiftlockState":true,"_pose":"FreeFall","_animationQueue":[],"_animationSpeed":1,"_zoom":11.96},{"_mousePosition":[683,352.5],"_rootPartCFrame":[746.628,225.925,49.821,0.927,0,-0.374,0,1,0,0.374,0,0.927],"_humanoidState":5,"_cameraCFrame":[746.846,237.733,52.514,0.812,0.573,-0.114,0,0.196,0.981,0.584,-0.796,0.159],"_shiftlockState":true,"_pose":"FreeFall","_animationQueue":[],"_animationSpeed":1,"_zoom":11.96},{"_mousePosition":[683,352.5],"_rootPartCFrame":[746.394,225.279,49.693,0.882,0,-0.471,0,1,0,0.471,0,0.882],"_humanoidState":5,"_cameraCFrame":[746.15,237.069,52.455,0.717,0.682,-0.143,0,0.205,0.979,0.697,-0.702,0.147],"_shiftlockState":true,"_pose":"FreeFall","_animationQueue":[],"_animationSpeed":1,"_zoom":11.96},{"_mousePosition":[683,352.5],"_rootPartCFrame":[746.119,224.396,49.506,0.823,0,-0.568,0,1,0,0.568,0,0.823],"_humanoidState":5,"_cameraCFrame":[745.229,236.13,52.338,0.594,0.783,-0.184,0,0.228,0.974,0.804,-0.578,0.136],"_shiftlockState":true,"_pose":"FreeFall","_animationQueue":[],"_animationSpeed":1,"_zoom":11.96},{"_mousePosition":[683,352.5],"_rootPartCFrame":[745.917,223.627,49.332,0.696,0,-0.718,0,1,0,0.718,0,0.696],"_humanoidState":5,"_cameraCFrame":[744.32,235.29,52.111,0.454,0.861,-0.228,0,0.256,0.967,0.891,-0.439,0.116],"_shiftlockState":true,"_pose":"FreeFall","_animationQueue":[],"_animationSpeed":1,"_zoom":11.96},{"_mousePosition":[683,352.5],"_rootPartCFrame":[745.831,223.515,49.24,0.479,0,-0.878,0,1,0,0.878,0,0.479],"_humanoidState":7,"_cameraCFrame":[743.632,235.126,51.786,0.307,0.916,-0.26,0,0.273,0.962,0.952,-0.295,0.084],"_shiftlockState":true,"_pose":"FreeFall","_animationQueue":[["fall",0.3],["walk",0.1],["fall",0.3],["fall",0.3]],"_animationSpeed":1,"_zoom":11.96},{"_mousePosition":[683,352.5],"_rootPartCFrame":[745.773,