[{"_mousePosition":[1207,360],"_rootPartCFrame":[776.031,222.953,47.142,0,-0.003,1,0,1,0.003,-1,0,0],"_humanoidState":8,"_cameraCFrame":[776.401,235.891,43.669,-0.994,-0.103,0.031,0,0.292,0.956,-0.107,0.951,-0.29],"_shiftlockState":false,"_pose":"Standing","_animationQueue":[],"_animationSpeed":1,"_zoom":11.96},{"_mousePosition":[1207,360],"_rootPartCFrame":[776.031,222.771,47.142,0,0,1,0,1,0,-1,0,0],"_humanoidState":8,"_cameraCFrame":[776.406,235.709,43.669,-0.994,-0.103,0.031,0,0.292,0.956,-0.107,0.951,-0.29],"_shiftlockState":false,"_pose":"Standing","_animationQueue":[],"_animationSpeed":1,"_zoom":11.96},{"_mousePosition":[1167,368],"_rootPartCFrame":[776.031,222.687,47.142,0,0,1,0,1,0,-1,0,0],"_humanoidState":8,"_cameraCFrame":[776.406,235.626,43.669,-0.994,-0.103,0.031,0,0.292,0.956,-0.107,0.951,-0.29],"_shiftlockState":false,"_pose":"Standing","_animationQueue":[],"_animationSpeed":1,"_zoom":11.96},{"_mousePosition":[1159,369],"_rootPartCFrame":[776.031,222.651,47.142,0,0,1,0,1,0,-1,0,0],"_humanoidState":8,"_cameraCFrame":[776.406,235.59,43.669,-0.994,-0.103,0.031,0,0.292,0.956,-0.107,0.951,-0.29],"_shiftlockState":false,"_pose":"Standing","_animationQueue":[],"_animationSpeed":1,"_zoom":11.96},{"_mousePosition":[1049,377],"_rootPartCFrame":[776.031,222.662,47.142,0,0,1,0,1,0,-1,0,0],"_humanoidState":8,"_cameraCFrame":[776.406,235.601,43.669,-0.994,-0.103,0.031,0,0.292,0.956,-0.107,0.951,-0.29],"_shiftlockState":false,"_pose":"Standing","_animationQueue":[],"_animationSpeed":1,"_zoom":11.96},{"_mousePosition":[1031,377],"_rootPartCFrame":[776.031,222.681,47.142,0,0,1,0,1,0,-1,0,0],"_humanoidState":8,"_cameraCFrame":[776.406,235.619,43.669,-0.994,-0.103,0.031,0,0.292,0.956,-0.107,0.951,-0.29],"_shiftlockState":false,"_pose":"Standing","_animationQueue":[],"_animationSpeed":1,"_zoom":11.96},{"_mousePosition":[887,384],"_rootPartCFrame":[775.87,222.689,47.125,0.009,0,1,0,1,0,-1,0,0.009],"_humanoidState":8,"_cameraCFrame":[776.245,235.628,43.652,-0.994,-0.103,0.031,0,0.292,0.956,-0.107,0.951,-0.29],"_shiftlockState":false,"_pose":"Standing","_animationQueue":[],"_animationSpeed":1,"_zoom":11.96},{"_mousePosition":[813,385],"_rootPartCFrame":[775.609,222.694,47.097,0.022,0,1,0,1,0,-1,0,0.022],"_humanoidState":8,"_cameraCFrame":[775.984,235.632,43.624,-0.994,-0.103,0.031,0,0.292,0.956,-0.107,0.951,-0.29],"_shiftlockState":false,"_pose":"Running","_animationQueue":[["walk",0.1]],"_animationSpeed":1.003,"_zoom":11.96},{"_mousePosition":[790,386],"_rootPartCFrame":[775.41,222.696,47.075,0.031,0,1,0,1,0,-1,0,0.031],"_humanoidState":8,"_cameraCFrame":[775.785,235.634,43.602,-0.994,-0.103,0.031,0,0.292,0.956,-0.107,0.951,-0.29],"_shiftlockState":false,"_pose":"Running","_animationQueue":[["walk",0.1],["walk",0.1]],"_animationSpeed":1.101,"_zoom":11.96},{"_mousePosition":[678,384],"_rootPartCFrame":[775.145,222.698,47.047,0.042,0,0.999,0,1,0,-0.999,0,0.042],"_humanoidState":8,"_cameraCFrame":[775.52,235.636,43.574,-0.994,-0.103,0.031,0,0.292,0.956,-0.107,0.951,-0.29],"_shiftlockState":false,"_pose":"Running","_animationQueue":[],"_animationSpeed":1.101,"_zoom":11.96},{"_mousePosition":[640,382],"_rootPartCFrame":[774.813,222.699,47.011,0.053,0,0.999,0,1,0,-0.999,0,0.053],"_humanoidState":8,"_cameraCFrame":[775.188,235.637,43.538,-0.994,-0.103,0.031,0,0.292,0.956,-0.107,0.951,-0.29],"_shiftlockState":false,"_pose":"Running","_animationQueue":[],"_animationSpeed":1.101,"_zoom":11.96},{"_mousePosition":[635,382],"_rootPartCFrame":[774.548,222.699,46.982,0.061,0,0.998,0,1,0,-0.998,0,0.061],"_humanoidState":8,"_cameraCFrame":[774.923,235.638,43.509,-0.994,-0.103,0.031,0,0.292,0.956,-0.107,0.951,-0.29],"_shiftlockState":false,"_pose":"Running","_animationQueue":[],"_animationSpeed":1.101,"_zoom":11.96},{"_mousePosition":[625,382],"_rootPartCFrame":[774.349,222.699,46.961,0.066,0,0.998,0,1,0,-0.998,0,0.066],"_humanoidState":8,"_cameraCFrame":[774.724,235.638,43.488,-0.994,-0.103,0.031,0,0.292,0.956,-0.107,0.951,-0.29],"_shiftlockState":false,"_pose":"Running","_animationQueue":[],"_animationSpeed":1.101,"_zoom":11.96},{"_mousePosition":[625,382],"_rootPartCFrame":[774.084,222.699,46.932,0.072,0,0.997,0,1,0,-0.997,0,0.072],"_humanoidState":8,"_cameraCFrame":[774.459,235.638,43.459,-0.994,-0.103,0.031,0,0.292,0.956,-0.107,0.951,-0.29],"_shiftlockState":false,"_pose":"Running","_animationQueue":[],"_animationSpeed":1.101,"_zoom":11.96},{"_mousePosition":[625,382],"_rootPartCFrame":[773.753,222.7,46.896,0.078,0,0.997,0,1,0,-0.997,0,0.078],"_humanoidState":8,"_cameraCFrame":[774.13,235.641,43.433,-0.994,-0.104,0.032,0,0.291,0.957,-0.108,0.951,-0.29],"_shiftlockState":false,"_pose":"Running","_animationQueue":[["walk",0.1]],"_animationSpeed":1.101,"_zoom":11.96},{"_mousePosition":[625,382],"_rootPartCFrame":[773.488,222.7,46.868,0.082,0,0.997,0,1,0,-0.997,0,0.082],"_humanoidState":8,"_cameraCFrame":[773.894,235.652,43.445,-0.993,-0.113,0.034,0,0.288,0.958,-0.118,0.951,-0.286],"_shiftlockState":false,"_pose":"Running","_animationQueue":[],"_animationSpeed":1.101,"_zoom":11.96},{"_mousePosition":[625,382],"_rootPartCFrame":[773.222,222.7,46.839,0.086,0,0.996,0,1,0,-0.996,0,0.086],"_humanoidState":8,"_cameraCFrame":[773.701,235.666,43.472,-0.99,-0.135,0.04,0,0.284,0.959,-0.141,0.949,-0.282],"_shiftlockState":false,"_pose":"Running","_animationQueue":[],"_animationSpeed":1.101,"_zoom":11.96},{"_mousePosition":[625,382],"_rootPartCFrame":[772.958,222.7,46.808,0.09,0,0.996,0,1,0,-0.996,0,0.09],"_humanoidState":8,"_cameraCFrame":[773.525,235.677,43.492,-0.986,-0.162,0.047,0,0.281,0.96,-0.169,0.946,-0.277],"_shiftlockState":false,"_pose":"Running","_animationQueue":[],"_animationSpeed":1.101,"_zoom":11.96},{"_mousePosition":[625,382],"_rootPartCFrame":[772.693,222.7,46.771,0.097,0,0.995,0,1,0,-0.995,0,0.097],"_humanoidState":8,"_cameraCFrame":[773.347,235.688,43.509,-0.981,-0.189,0.055,0,0.278,0.961,-0.196,0.942,-0.273],"_shiftlockState":false,"_pose":"Running","_animationQueue":[],"_animationSpeed":1.101,"_zoom":11.96},{"_mousePosition":[625,382],"_rootPartCFrame":[772.431,222.7,46.726,0.106,0,0.994,0,1,0,-0.994,0,0.106],"_humanoidState":8,"_cameraCFrame":[771.404,235.696,43.136,-0.978,-0.2,0.057,0,0.276,0.961,-0.208,0.94,-0.27],"_shiftlockState":true,"_pose":"Running","_animationQueue":[],"_animationSpeed":1.101,"_zoom":11.96},{"_mousePosition":[683,384],"_rootPartCFrame":[772.169,222.7,46.675,-0.993,0,0.121,0,1,0,-0.121,0,-0.993],"_humanoidState":8,"_cameraCFrame":[771.142,235.696,43.084,-0.978,-0.2,0.057,0,0.276,0.961,-0.208,0.94,-0.27],"_shiftlockState":true,"_pose":"Running","_animationQueue":[["walk",0.1]],"_animationSpeed":1.101,"_zoom":11.96},{"_mousePosition":[683,384],"_rootPartCFrame":[771.908,222.7,46.619,-0.98,0,0.199,0,1,0,-0.199,0,-0.98],"_humanoidState":8,"_cameraCFrame":[770.879,235.698,43.038,-0.978,-0.2,0.057,0,0.275,0.961,-0.208,0.94,-0.269],"_shiftlockState":true,"_pose":"Running","_animationQueue":[],"_animationSpeed":1.101,"_zoom":11.96},{"_mousePosition":[683,384],"_rootPartCFrame":[771.582,222.7,46.55,-0.978,0,0.207,0,1,0,-0.207,0,-0.978],"_humanoidState":8,"_cameraCFrame":[770.521,235.722,43.055,-0.979,-0.196,0.055,0,0.268,0.963,-0.204,0.943,-0.262],"_shiftlockState":true,"_pose":"Running","_animationQueue":[],"_animationSpeed":1.101,"_zoom":11.96},{"_mousePosition":[683,384],"_rootPartCFrame":[771.321,222.7,46.495,-0.979,0,0.203,0,1,0,-0.203,0,-0.979],"_humanoidState":8,"_cameraCFrame":[770.197,235.755,43.131,-0.981,-0.186,0.05,0,0.258,0.966,-0.192,0.948,-0.253],"_shiftlockState":true,"_pose":"Running","_animationQueue":[],"_animationSpeed":1.101,"_zoom":11.96},{"_mousePosition":[683,384],"_rootPartCFrame":[771.06,222.7,46.44,-0.981,0,0.192,0,1,0,-0.192,0,-0.981],"_humanoidState":8,"_cameraCFrame":[769.862,235.796,43.248,-0.984,-0.173,0.044,0,0.245,0.97,-0.179,0.954,-0.241],"_shiftlockState":true,"_pose":"Running","_animationQueue":[],"_animationSpeed":1.101,"_zoom":11.96},{"_mousePosition":[683,384],"_rootPartCFrame":[770.799,222.7,46.389,-0.984,0,0.179,0,1,0,-0.179,0,-0.984],"_humanoidState":8,"_cameraCFrame":[769.542,235.828,43.34,-0.986,-0.163,0.039,0,0.234,0.972,-0.168,0.959,-0.23],"_shiftlockState":true,"_pose":"Running","_animationQueue":[],"_animationSpeed":1.101,"_zoom":11.96},{"_mousePosition":[683,384],"_rootPartCFrame":[770.536,222.7,46.34,-0.986,0,0.168,0,1,0,-0.168,0,-0.986],"_humanoidState":8,"_cameraCFrame":[769.23,235.855,43.416,-0.988,-0.153,0.035,0,0.224,0.975,-0.157,0.962,-0.222],"_shiftlockState":true,"_pose":"Running","_animationQueue":[],"_animationSpeed":1.101,"_zoom":11.96},{"_mousePosition":[683,384],"_rootPartCFrame":[770.273,222.7,46.295,-0.988,0,0.157,0,1,0,-0.157,0,-0.988],"_humanoidState":8,"_cameraCFrame":[768.945,235.866,43.424,-0.988,-0.148,0.034,0,0.22,0.975,-0.152,0.964,-0.218],"_shiftlockState":true,"_pose":"Running","_animationQueue":[["walk",0.1]],"_animationSpeed":1.101,"_zoom":11.96},{"_mousePosition":[683,384],"_rootPartCFrame":[770.076,222.7,46.264,-0.988,0,0.152,0,1,0,-0.152,0,-0.988],"_humanoidState":8,"_cameraCFrame":[768.734,235.872,43.424,-0.989,-0.145,0.032,0,0.218,0.976,-0.149,0.965,-0.216],"_shiftlockState":true,"_pose":"Running","_animationQueue":[],"_animationSpeed":1.101,"_zoom":11.96},{"_mousePosition":[683,384],"_rootPartCFrame":[769.747,222.649,46.211,-0.989,0,0.149,0,1,0,-0.149,0,-0.989],"_humanoidState":8,"_cameraCFrame":[768.4,235.823,43.383,-0.989,-0.144,0.032,0,0.217,0.976,-0.148,0.965,-0.215],"_shiftlockState":true,"_pose":"Running","_animationQueue":[],"_animationSpeed":1.101,"_zoom":11.96},{"_mousePosition":[683,384],"_rootPartCFrame":[769.483,222.546,46.169,-0.989,0,0.148,0,1,0,-0.148,0,-0.989],"_humanoidState":8,"_cameraCFrame":[768.137,235.721,43.341,-0.989,-0.144,0.032,0,0.217,0.976,-0.148,0.965,-0.215],"_shiftlockState":true,"_pose":"Running","_animationQueue":[],"_animationSpeed":1.101,"_zoom":11.96},{"_mousePosition":[683,384],"_rootPartCFrame":[769.22,222.39,46.127,-0.989,0,0.148,0,1,0,-0.148,0,-0.989],"_humanoidState":8,"_cameraCFrame":[767.873,235.564,43.299,-0.989,-0.144,0.032,0,0.217,0.976,-0.148,0.965,-0.215],"_shiftlockState":true,"_pose":"Running","_animationQueue":[],"_animationSpeed":1.101,"_zoom":11.96},{"_mousePosition":[683,384],"_rootPartCFrame":[768.956,223.263,46.085,-0.989,0,0.148,0,1,0,-0.148,0,-0.989],"_humanoidState":3,"_cameraCFrame":[767.61,236.437,43.257,-0.989,-0.144,0.032,0,0.217,0.976,-0.148,0.965,-0.215],"_shiftlockState":true,"_pose":"Jumping","_animationQueue":[["walk",0.1],["jump",0.1]],"_animationSpeed":1,"_zoom":11.96},{"_mousePosition":[683,384],"_rootPartCFrame":[768.759,223.884,46.055,-0.978,0,0.209,0,1,0,-0.209,0,-0.978],"_humanoidState":5,"_cameraCFrame":[767.408,237.061,43.238,-0.989,-0.143,0.032,0,0.216,0.976,-0.147,0.966,-0.214],"_shiftlockState":true,"_pose":"FreeFall","_animationQueue":[["jump",0.1]],"_animationSpeed":1,"_zoom":11.96},{"_mousePosition":[683,384],"_rootPartCFrame":[768.363,225.036,45.996,-0.943,0,0.332,0,1,0,-0.332,0,-0.943],"_humanoidState":5,"_cameraCFrame":[767.007,238.216,43.199,-0.989,-0.142,0.031,0,0.215,0.977,-0.146,0.966,-0.213],"_shiftlockState":true,"_pose":"FreeFall","_animationQueue":[],"_animationSpeed":1,"_zoom":11.96},{"_mousePosition":[683,384],"_rootPartCFrame":[768.165,225.565,45.967,-0.97,0,0.244,0,1,0,-0.244,0,-0.97],"_humanoidState":5,"_cameraCFrame":[766.807,238.748,43.179,-0.989,-0.142,0.031,0,0.214,0.977,-0.146,0.966,-0.212],"_shiftlockState":true,"_pose":"FreeFall","_animationQueue":[],"_animationSpeed":1,"_zoom":11.96},{"_mousePosition":[683,384],"_rootPartCFrame":[767.902,226.224,45.928,-0.961,0,0.276,0,1,0,-0.276,0,-0.961],"_humanoidState":5,"_cameraCFrame":[766.542,239.409,43.149,-0.989,-0.142,0.031,0,0.213,0.977,-0.146,0.967,-0.211],"_shiftlockState":true,"_pose":"FreeFall","_animationQueue":[],"_animationSpeed":1,"_zoom":11.96},{"_mousePosition":[683,384],"_rootPartCFrame":[767.704,226.682,45.899,-0.97,0,0.244,0,1,0,-0.244,0,-0.97],"_humanoidState":5,"_cameraCFrame":[766.344,239.867,43.12,-0.989,-0.142,0.031,0,0.213,0.977,-0.146,0.967,-0.211],"_shiftlockState":true,"_pose":"FreeFall","_animationQueue":[],"_animationSpeed":1,"_zoom":11.96},{"_mousePosition":[683,384],"_rootPartCFrame":[767.44,227.245,45.86,-0.961,0,0.276,0,1,0,-0.276,0,-0.961],"_humanoidState":5,"_cameraCFrame":[766.076,240.432,43.092,-0.989,-0.141,0.031,0,0.213,0.977,-0.145,0.967,-0.21],"_shiftlockState":true,"_pose":"FreeFall","_animationQueue":[],"_animationSpeed":1,"_zoom":11.96},{"_mousePosition":[683,384],"_rootPartCFrame":[767.11,227.872,45.811,-0.952,0,0.307,0,1,0,-0.307,0,-0.952],"_humanoidState":5,"_cameraCFrame":[765.738,241.063,43.065,-0.99,-0.139,0.03,0,0.211,0.977,-0.143,0.967,-0.209],"_shiftlockState":true,"_pose":"FreeFall","_animationQueue":[],"_animationSpeed":1,"_zoom":11.96},{"_mousePosition":[683,384],"_rootPartCFrame":[766.846,228.313,45.773,-0.962,0,0.273,0,1,0,-0.273,0,-0.962],"_humanoidState":5,"_cameraCFrame":[765.472,241.506,43.035,-0.99,-0.14,0.03,0,0.21,0.978,-0.143,0.968,-0.208],"_shiftlockState":true,"_pose":"FreeFall","_animationQueue":[],"_animationSpeed":1,"_zoom":11.96},{"_mousePosition":[683,384],"_rootPartCFrame":[766.582,228.699,45.735,-0.962,0,0.273,0,1,0,-0.273,0,-0.962],"_humanoidState":5,"_cameraCFrame":[765.203,241.896,43.017,-0.99,-0.139,0.03,0,0.209,0.978,-0.142,0.968,-0.206],"_shiftlockState":true,"_pose":"FreeFall","_animationQueue":[],"_animationSpeed":1,"_zoom":11.96},{"_mousePosition":[683,384],"_rootPartCFrame":[766.384,228.953,45.706,-0.971,0,0.24,0,1,0,-0.24,0,-0.971],"_humanoidState":5,"_cameraCFrame":[765.001,242.152,42.999,-0.99,-0.138,0.029,0,0.208,0.978,-0.141,0.968,-0.206],"_shiftlockState":true,"_pose":"FreeFall","_animationQueue":[],"_animationSpeed":1,"_zoom":11.96},{"_mousePosition":[683,384],"_rootPartCFrame":[766.054,229.308,45.659,-0.953,0,0.303,0,1,0,-0.303,0,-0.953],"_humanoidState":5,"_cameraCFrame":[764.661,242.512,42.983,-0.99,-0.136,0.028,0,0.205,0.979,-0.139,0.969,-0.203],"_shiftlockState":true,"_pose":"FreeFall","_animationQueue":[],"_animationSpeed":1,"_zoom":11.96},{"_mousePosition":[683,384],"_rootPartCFrame":[765.79,229.53,45.621,-0.963,0,0.269,0,1,0,-0.269,0,-0.963],"_humanoidState":5,"_cameraCFrame":[764.384,242.739,42.97,-0.991,-0.132,0.027,0,0.204,0.979,-0.134,0.97,-0.202],"_shiftlockState":true,"_pose":"FreeFall","_animationQueue":[],"_animationSpeed":1,"_zoom":11.96},{"_mousePosition":[683,384],"_rootPartCFrame":[765.526,229.698,45.584,-0.964,0,0.265,0,1,0,-0.265,0,-0.964],"_humanoidState":5,"_cameraCFrame":[764.111,242.907,42.938,-0.991,-0.129,0.027,0,0.204,0.979,-0.131,0.971,-0.202],"_shiftlockState":true,"_pose":"FreeFall","_animationQueue":[],"_animationSpeed":1,"_zoom":11.96},{"_mousePosition":[683,384],"_rootPartCFrame":[765.262,229.812,45.548,-0.965,0,0.262,0,1,0,-0.262,0,-0.965],"_humanoidState":5,"_cameraCFrame":[763.831,243.024,42.928,-0.992,-0.123,0.026,0,0.202,0.979,-0.126,0.972,-0.201],"_shiftlockState":true,"_pose":"FreeFall","_animationQueue":[],"_animationSpeed":1,"_zoom":11.96},{"_mousePosition":[683,384],"_rootPartCFrame":[765.064,229.861,45.522,-0.974,0,0.224,0,1,0,-0.224,0,-0.974],"_humanoidState":5,"_cameraCFrame":[763.602,243.074,42.918,-0.993,-0.112,0.023,0,0.202,0.979,-0.115,0.973,-0.201],"_shiftlockState":true,"_pose":"FreeFall","_animationQueue":[],"_animationSpeed":1,"_zoom":11.96},{"_mousePosition":[683,384],"_rootPartCFrame":[764.733,229.875,45.48,-0.961,0,0.278,0,1,0,-0.278,0,-0.961],"_humanoidState":5,"_cameraCFrame":[763.232,243.08,42.863,-0.995,-0.096,0.02,0,0.205,0.979,-0.098,0.974,-0.204],"_shiftlockState":true,"_pose":"FreeFall","_animationQueue":[["fall",0.3]],"_animationSpeed":1,"_zoom":11.96},{"_mousePosition":[683,384],"_rootPartCFrame":[764.468,229.825,45.449,-0.973,0,0.229,0,1,0,-0.229,0,-0.973],"_humanoidState":5,"_cameraCFrame":[762.911,243.02,42.82,-0.997,-0.073,0.016,0,0.209,0.978,-0.075,0.975,-0.209],"_shiftlockState":true,"_pose":"FreeFall","_animationQueue":[],"_animationSpeed":1,"_zoom":11.96},{"_mousePosition":[683,384],"_rootPartCFrame":[764.269,229.752,45.428,-0.985,0,0.174,0,1,0,-0.174,0,-0.985],"_humanoidState":5,"_cameraCFrame":[762.637,242.926,42.754,-0.999,-0.044,0.01,0,0.217,0.976,-0.045,0.975,-0.217],"_shiftlockState":true,"_pose":"FreeFall","_animationQueue":[],"_animationSpeed":1,"_zoom":11.96},{"_mousePosition":[683,384],"_rootPartCFrame":[763.937,229.562,45.402,-0.978,0,0.21,0,1,0,-0.21,0,-0.978],"_humanoidState":5,"_cameraCFrame":[762.246,242.71,42.654,-1,-0.021,0.005,0,0.227,0.974,-0.022,0.974,-0.227],"_shiftlockState":true,"_pose":"FreeFall","_animationQueue":[],"_animationSpeed":1,"_zoom":11.96},{"_mousePosition":[683,384],"_rootPartCFrame":[763.671,229.348,45.389,-0.988,0,0.154,0,1,0,-0.154,0,-0.988],"_humanoidState":5,"_cameraCFrame":[761.963,242.486,42.605,-1,-0.015,0.004,0,0.231,0.973,-0.015,0.973,-0.231],"_shiftlockState":true,"_pose":"FreeFall","_animationQueue":[],"_animationSpeed":1,"_zoom":11.96},{"_mousePosition":[683,384],"_rootPartCFrame":[763.404,229.08,45.383,-0.989,0,0.148,0,1,0,-0.148,0,-0.989],"_humanoidState":5,"_cameraCFrame":[761.691,242.211,42.573,-1,-0.013,0.003,0,0.233,0.972,-0.013,0.972,-0.233],"_shiftlockState":true,"_pose":"FreeFall","_animationQueue":[],"_animationSpeed":1,"_zoom":11.96},{"_mousePosition":[683,384],"_rootPartCFrame":[763.204,228.843,45.379,-0.994,0,0.113,0,1,0,-0.113,0,-0.994],"_humanoidState":5,"_cameraCFrame":[761.491,241.974,42.57,-1,-0.013,0.003,0,0.233,0.972,-0.013,0.972,-0.233],"_shiftlockState":true,"_pose":"FreeFall","_animationQueue":[],"_animationSpeed":1,"_zoom":11.96},{"_mousePosition":[683,384],"_rootPartCFrame":[763.027,228.483,45.285,-0.989,0,0.151,0,1,0.001,-0.151,0.001,-0.989],"_humanoidState":5,"_cameraCFrame":[761.313,241.614,42.477,-1,-0.013,0.003,0,0.233,0.972,-0.013,0.972,-0.233],"_shiftlockState":true,"_pose":"FreeFall","_animationQueue":[["fall",0.3]],"_animationSpeed":1,"_zoom":11.96},{"_mousePosition":[683,384],"_rootPartCFrame":[762.854,228.067,45.167,-0.989,0,0.147,0,1,0,-0.147,0,-0.989],"_humanoidState":5,"_cameraCFrame":[761.142,241.198,42.358,-1,-0.013,0.003,0,0.233,0.972,-0.013,0.972,-0.233],"_shiftlockState":true,"_pose":"FreeFall","_animationQueue":[],"_animationSpeed":1,"_zoom":11.96},{"_mousePosition":[683,384],"_rootPartCFrame":[762.644,227.597,45.091,-0.989,0,0.146,0,1,0,-0.146,0,-0.989],"_humanoidState":5,"_cameraCFrame":[760.932,240.728,42.282,-1,-0.013,0.003,0,0.233,0.972,-0.013,0.972,-0.233],"_shiftlockState":true,"_pose":"FreeFall","_animationQueue":[],"_animationSpeed":1,"_zoom":11.96},{"_mousePosition":[683,384],"_rootPartCFrame":[762.347,226.934,45.04,-0.984,0,0.179,0,1,0,-0.179,0,-0.984],"_humanoidState":5,"_cameraCFrame":[760.635,240.064,42.231,-1,-0.013,0.003,0,0.233,0.972,-0.013,0.972,-0.233],"_shiftlockState":true,"_pose":"FreeFall","_animationQueue":[],"_animationSpeed":1,"_zoom":11.96},{"_mousePosition":[683,384],"_rootPartCFrame":[762.104,226.341,45.039,-0.992,0,0.126,0,1,0,-0.126,0,-0.992],"_humanoidState":5,"_cameraCFrame":[760.392,239.472,42.23,-1,-0.013,0.003,0,0.233,0.972,-0.013,0.972,-0.233],"_shiftlockState":true,"_pose":"FreeFall","_animationQueue":[],"_animationSpeed":1,"_zoom":11.96},{"_mousePosition":[683,384],"_rootPartCFrame":[761.929,225.861,45.063,-0.996,0,0.093,0,1,0,-0.093,0,-0.996],"_humanoidState":5,"_cameraCFrame":[760.55,238.941,41.883,-0.993,-0.116,0.03,0,0.25,0.968,-0.12,0.961,-0.248],"_shiftlockState":true,"_pose":"FreeFall","_animationQueue":[],"_animationSpeed":1,"_zoom":11.96},{"_mousePosition":[683,384],"_rootPartCFrame":[761.658,224.996,45.117,-0.973,0.006,0.23,0.001,1,-0.02,-0.231,-0.019,-0.973],"_humanoidState":5,"_cameraCFrame":[761.458,238.018,41.441,-0.904,-0.413,0.115,0,0.268,0.963,-0.428,0.871,-0.242],"_shiftlockState":true,"_pose":"FreeFall","_animationQueue":[["fall",0.3]],"_animationSpeed":1,"_zoom":11.96},{"_mousePosition":[683,384],"_rootPartCFrame":[761.562,224.528,44.993,-0.933,-0.011,0.36,-0.016,1,-0.012,-0.359,-0.017,-0.933],"_humanoidState":7,"_cameraCFrame":[762.37,237.622,41.65,-0.71,-0.682,0.173,0,0.245,0.969,-0.704,0.689,-0.174],"_shiftlockState":true,"_pose":"FreeFall","_animationQueue":[["walk",0.1],["fall",0.3],["fall",0.3]],"_animationSpeed":1,"_zoom":11.96},{"_mousePosition":[683,384],"_rootPartCFrame":[761.49,224.551,44.719,-0.767,-0.001,0.641,-0.008,1,-0.008,-0.641,-0.012,-0.767],"_humanoidState":7,"_cameraCFrame":[762.528,237.752,41.853,-0.569,-0.804,0.17,0,0.207,0.978,-0.822,0.557,-0.118],"_shiftlockState":true,"_pose":"FreeFall","_animationQueue":[],"_animationSpeed":1,"_zoom":11.96},{"_mousePosition":[683,384],"_rootPartCFrame":[761.36,224.569,44.58,-0.584,0.011,0.812,-0.001,1,-0.014,-0.812,-0.008,-0.584],"_humanoidState":7,"_cameraCFrame":[761.908,237.847,41.904,-0.624,-0.77,0.136,0,0.174,0.985,-0.782,0.614,-0.108],"_shiftlockState":true,"_pose":"FreeFall","_animationQueue":[],"_animationSpeed":1,"_zoom":11.96},{"_mousePosition":[683,384],"_rootPartCFrame":[761.155,224.531,44.572,-0.626,0.004,0.78,0,1,-0.004,-0.78,-0.002,-0.625],"_humanoidState":8,"_cameraCFrame":[761.257,237.81,41.854,-0.741,-0.661,0.117,0,0.174,0.985,-0.671,0.73,-0.129],"_shiftlockState":true,"_pose":"Running","_animationQueue":[["walk",0.1],["fall",0.3],["walk",0.1]],"_animationSpeed":0.791,"_zoom":11.96},{"_mousePosition":[683,384],"_rootPartCFrame":[761.01,225.415,44.566,-0.742,-0.004,0.671,-0.001,1,0.004,-0.671,0.002,-0.742],"_humanoidState":3,"_cameraCFrame":[760.871,238.693,41.857,-0.795,-0.597,0.105,0,0.174,0.985,-0.606,0.783,-0.138],"_shiftlockState":true,"_pose":"Jumping","_animationQueue":[["walk",0.1],["jump",0.1]],"_animationSpeed":1,"_zoom":11.96},{"_mousePosition":[683,384],"_rootPartCFrame":[760.843,226.264,44.563,-0.745,-0.003,0.668,-0.001,1,0.004,-0.668,0.003,-0.745],"_humanoidState":5,"_cameraCFrame":[760.656,239.542,41.857,-0.806,-0.583,0.103,0,0.174,0.985,-0.592,0.794,-0.14],"_shiftlockState":true,"_pose":"FreeFall","_animationQueue":[["jump",0.1]],"_animationSpeed":1,"_zoom":11.96},{"_mousePosition":[683,384],"_rootPartCFrame":[760.639,227.059,44.571,-0.739,-0.001,0.673,0,1,0.002,-0.673,0.001,-0.739],"_humanoidState":5,"_cameraCFrame":[760.421,240.337,41.866,-0.813,-0.573,0.101,0,0.174,0.985,-0.582,0.801,-0.141],"_shiftlockState":true,"_pose":"FreeFall","_animationQueue":[],"_animationSpeed":1,"_zoom":11.96},{"_mousePosition":[683,384],"_rootPartCFrame":[760.399,227.799,44.598,-0.747,0,0.665,0,1,0,-0.665,0,-0.747],"_humanoidState":5,"_cameraCFrame":[760.146,241.076,41.887,-0.823,-0.56,0.099,0,0.174,0.985,-0.569,0.81,-0.143],"_shiftlockState":true,"_pose":"FreeFall","_animationQueue":[],"_animationSpeed":1,"_zoom":11.96},{"_mousePosition":[683,384],"_rootPartCFrame":[760.137,228.485,44.641,-0.757,0,0.653,0,1,0,-0.653,0,-0.757],"_humanoidState":5,"_cameraCFrame":[759.873,241.758,41.916,-0.827,-0.553,0.099,0,0.176,0.984,-0.562,0.814,-0.146],"_shiftlockState":true,"_pose":"FreeFall","_animationQueue":[],"_animationSpeed":1,"_zoom":11.96},{"_mousePosition":[683,384],"_rootPartCFrame":[759.875,229.116,44.688,-0.763,0,0.646,0,1,0,-0.646,0,-0.763],"_humanoidState":5,"_cameraCFrame":[759.587,242.388,41.958,-0.833,-0.544,0.098,0,0.177,0.984,-0.553,0.82,-0.147],"_shiftlockState":true,"_pose":"FreeFall","_animationQueue":[],"_animationSpeed":1,"_zoom":11.96},{"_mousePosition":[683,384],"_rootPartCFrame":[759.613,229.693,44.737,-0.77,0,0.638,0,1,0,-0.638,0,-0.77],"_humanoidState":5,"_cameraCFrame":[759.307,242.961,41.995,-0.839,-0.536,0.097,0,0.178,0.984,-0.544,0.825,-0.15],"_shiftlockState":true,"_pose":"FreeFall","_animationQueue":[],"_animationSpeed":1,"_zoom":11.96},{"_mousePosition":[683,384],"_rootPartCFrame":[759.351,230.215,44.79,-0.776,0,0.63,0,1,0,-0.63,0,-0.776],"_humanoidState":5,"_cameraCFrame":[759.021,243.48,42.035,-0.846,-0.525,0.096,0,0.18,0.984,-0.534,0.832,-0.152],"_shiftlockState":true,"_pose":"FreeFall","_animationQueue":[],"_animationSpeed":1,"_zoom":11.96},{"_mousePosition":[683,384],"_rootPartCFrame":[759.091,230.683,44.845,-0.784,0,0.62,0,1,0,-0.62,0,-0.784],"_humanoidState":5,"_cameraCFrame":[758.744,243.944,42.077,-0.851,-0.517,0.095,0,0.182,0.983,-0.526,0.836,-0.154],"_shiftlockState":true,"_pose":"FreeFall","_animationQueue":[],"_animationSpeed":1,"_zoom":11.96},{"_mousePosition":[683,384],"_rootPartCFrame":[758.83,231.096,44.903,-0.79,0,0.613,0,1,0,-0.613,0,-0.79],"_humanoidState":5,"_cameraCFrame":[758.476,244.354,42.122,-0.854,-0.512,0.095,0,0.183,0.983,-0.52,0.839,-0.156],"_shiftlockState":true,"_pose":"FreeFall","_animationQueue":[],"_animationSpeed":1,"_zoom":11.96},{"_mousePosition":[683,384],"_rootPartCFrame":[758.571,231.455,44.964,-0.794,0,0.608,0,1,0,-0.608,0,-0.794],"_humanoidState":5,"_cameraCFrame":[758.213,244.711,42.176,-0.856,-0.509,0.095,0,0.184,0.983,-0.518,0.841,-0.157],"_shiftlockState":true,"_pose":"FreeFall","_animationQueue":[],"_animationSpeed":1,"_zoom":11.96},{"_mousePosition":[683,384],"_rootPartCFrame":[758.376,231.688,45.011,-0.812,0,0.584,0,1,0,-0.584,0,-0.812],"_humanoidState":5,"_cameraCFrame":[758.02,244.943,42.215,-0.856,-0.508,0.095,0,0.185,0.983,-0.517,0.841,-0.158],"_shiftlockState":true,"_pose":"FreeFall","_animationQueue":[],"_animationSpeed":1,"_zoom":11.96},{"_mousePosition":[683,384],"_rootPartCFrame":[758.117,231.952,45.075,-0.797,0,0.604,0,1,0,-0.604,0,-0.797],"_humanoidState":5,"_cameraCFrame":[757.761,245.206,42.278,-0.856,-0.508,0.095,0,0.185,0.983,-0.517,0.841,-0.158],"_shiftlockState":true,"_pose":"FreeFall","_animationQueue":[],"_animationSpeed":1,"_zoom":11.96},{"_mousePosition":[683,384],"_rootPartCFrame":[757.858,232.161,45.138,-0.797,0,0.604,0,1,0,-0.604,0,-0.797],"_humanoidState":5,"_cameraCFrame":[757.502,245.415,42.342,-0.856,-0.508,0.095,0,0.185,0.983,-0.517,0.841,-0.158],"_shiftlockState":true,"_pose":"FreeFall","_animationQueue":[],"_animationSpeed":1,"_zoom":11.96},{"_mousePosition":[683,384],"_rootPartCFrame":[757.6,232.315,45.202,-0.797,0,0.604,0,1,0,-0.604,0,-0.797],"_humanoidState":5,"_cameraCFrame":[757.244,245.569,42.406,-0.856,-0.508,0.095,0,0.185,0.983,-0.517,0.841,-0.158],"_shiftlockState":true,"_pose":"FreeFall","_animationQueue":[],"_animationSpeed":1,"_zoom":11.96},{"_mousePosition":[683,384],"_rootPartCFrame":[757.276,232.431,45.282,-0.781,0,0.624,0,1,0,-0.624,0,-0.781],"_humanoidState":5,"_cameraCFrame":[756.92,245.686,42.486,-0.856,-0.508,0.095,0,0.185,0.983,-0.517,0.841,-0.158],"_shiftlockState":true,"_pose":"FreeFall","_animationQueue":[["fall",0.3]],"_animationSpeed":1,"_zoom":11.96},{"_mousePosition":[683,384],"_rootPartCFrame":[757.082,232.46,45.33,-0.813,0,0.582,0,1,0,-0.582,0,-0.813],"_humanoidState":5,"_cameraCFrame":[756.726,245.714,42.534,-0.856,-0.508,0.095,0,0.185,0.983,-0.517,0.841,-0.158],"_shiftlockState":true,"_pose":"FreeFall","_animationQueue":[],"_animationSpeed":1,"_zoom":11.96},{"_mousePosition":[683,384],"_rootPartCFrame":[756.823,232.451,45.394,-0.797,0,0.603,0,1,0,-0.603,0,-0.797],"_humanoidState":5,"_cameraCFrame":[756.459,245.705,42.599,-0.858,-0.505,0.095,0,0.185,0.983,-0.514,0.843,-0.158],"_shiftlockState":true,"_pose":"FreeFall","_animationQueue":[],"_animationSpeed":1,"_zoom":11.96},{"_mousePosition":[683,384],"_rootPartCFrame":[756.5,232.363,45.474,-0.783,0,0.622,0,1,0,-0.622,0,-0.783],"_humanoidState":5,"_cameraCFrame":[756.125,245.616,42.673,-0.86,-0.501,0.095,0,0.186,0.983,-0.51,0.845,-0.16],"_shiftlockState":true,"_pose":"FreeFall","_animationQueue":[],"_animationSpeed":1,"_zoom":11.96},{"_mousePosition":[683,384],"_rootPartCFrame":[756.241,232.232,45.539,-0.802,0,0.597,0,1,0,-0.597,0,-0.802],"_humanoidState":5,"_cameraCFrame":[755.864,245.48,42.723,-0.862,-0.497,0.095,0,0.187,0.982,-0.506,0.847,-0.161],"_shiftlockState":true,"_pose":"FreeFall","_animationQueue":[],"_animationSpeed":1,"_zoom":11.96},{"_mousePosition":[683,384],"_rootPartCFrame":[756.047,232.097,45.588,-0.82,0,0.573,0,1,0,-0.573,0,-0.82],"_humanoidState":5,"_cameraCFrame":[755.665,245.346,42.773,-0.864,-0.495,0.094,0,0.187,0.982,-0.504,0.848,-0.162],"_shiftlockState":true,"_pose":"FreeFall","_animationQueue":[],"_animationSpeed":1,"_zoom":11.96},{"_mousePosition":[683,384],"_rootPartCFrame":[755.789,231.87,45.655,-0.806,0,0.592,0,1,0,-0.592,0,-0.806],"_humanoidState":5,"_cameraCFrame":[755.408,245.117,42.832,-0.864,-0.494,0.095,0,0.188,0.982,-0.503,0.849,-0.162],"_shiftlockState":true,"_pose":"FreeFall","_animationQueue":[],"_animationSpeed":1,"_zoom":11.96},{"_mousePosition":[683,384],"_rootPartCFrame":[755.467,231.509,45.74,-0.791,0,0.612,0,1,0,-0.612,0,-0.791],"_humanoidState":5,"_cameraCFrame":[755.086,244.756,42.917,-0.864,-0.494,0.095,0,0.188,0.982,-0.503,0.849,-0.162],"_shiftlockState":true,"_pose":"FreeFall","_animationQueue":[["fall",0.3]],"_animationSpeed":1,"_zoom":11.96},{"_mousePosition":[683,384],"_rootPartCFrame":[755.209,231.16,45.808,-0.807,0,0.591,0,1,0,-0.591,0,-0.807],"_humanoidState":5,"_cameraCFrame":[754.828,244.407,42.985,-0.864,-0.494,0.095,0,0.188,0.982,-0.503,0.849,-0.162],"_shiftlockState":true,"_pose":"FreeFall","_animationQueue":[],"_animationSpeed":1,"_zoom":11.96},{"_mousePosition":[683,384],"_rootPartCFrame":[754.887,230.646,45.893,-0.791,0,0.612,0,1,0,-0.612,0,-0.791],"_humanoidState":5,"_cameraCFrame":[754.506,243.893,43.07,-0.864,-0.494,0.095,0,0.188,0.982,-0.503,0.849,-0.162],"_shiftlockState":true,"_pose":"FreeFall","_animationQueue":[],"_animationSpeed":1,"_zoom":11.96},{"_mousePosition":[683,384],"_rootPartCFrame":[754.758,230.417,45.927,-0.837,0,0.548,0,1,0,-0.548,0,-0.837],"_humanoidState":5,"_cameraCFrame":[754.383,243.663,43.103,-0.863,-0.496,0.095,0,0.188,0.982,-0.505,0.848,-0.162],"_shiftlockState":true,"_pose":"FreeFall","_animationQueue":[],"_animationSpeed":1,"_zoom":11.96},{"_mousePosition":[683,384],"_rootPartCFrame":[754.435,229.783,46.012,-0.79,0,0.613,0,1,0,-0.613,0,-0.79],"_humanoidState":5,"_cameraCFrame":[754.09,243.041,43.229,-0.852,-0.514,0.096,0,0.183,0.983,-0.523,0.838,-0.156],"_shiftlockState":true,"_pose":"FreeFall","_animationQueue":[],"_animationSpeed":1,"_zoom":11.96},{"_mousePosition":[683,384],"_rootPartCFrame":[754.242,229.363,46.063,-0.809,0,0.587,0,1,0,-0.587,0,-0.809],"_humanoidState":5,"_cameraCFrame":[754.065,242.633,43.316,-0.811,-0.576,0.104,0,0.178,0.984,-0.585,0.798,-0.144],"_shiftlockState":true,"_pose":"FreeFall","_animationQueue":[],"_animationSpeed":1,"_zoom":11.96},{"_mousePosition":[683,384],"_rootPartCFrame":[753.925,228.594,46.11,-0.71,0,0.704,0,1,0,-0.704,0,-0.71],"_humanoidState":5,"_cameraCFrame":[754.044,241.872,43.397,-0.736,-0.667,0.118,0,0.174,0.985,-0.677,0.724,-0.128],"_shiftlockState":true,"_pose":"FreeFall","_animationQueue":[["fall",0.3]],"_animationSpeed":1,"_zoom":11.96},{"_mousePosition":[683,384],"_rootPartCFrame":[753.679,227.917,46.104,-0.64,0,0.769,0,1,0,-0.769,0,-0.64],"_humanoidState":5,"_cameraCFrame":[754.208,241.195,43.44,-0.625,-0.769,0.136,0,0.174,0.985,-0.781,0.615,-0.108],"_shiftlockState":true,"_pose":"FreeFall","_animationQueue":[],"_animationSpeed":1,"_zoom":11.96},{"_mousePosition":[683,384],"_rootPartCFrame":[753.443,227.186,46.06,-0.515,0,0.857,0,1,0,-0.857,0,-0.515],"_humanoidState":5,"_cameraCFrame":[754.336,240.464,43.495,-0.51,-0.847,0.149,0,0.174,0.985,-0.86,0.502,-0.089],"_shiftlockState":true,"_pose":"FreeFall","_animationQueue":[],"_animationSpeed":1,"_zoom":11.96},{"_mousePosition":[683,384],"_rootPartCFrame":[753.221,226.4,45.978,-0.391,0,0.92,0,1,0,-0.92,0,-0.391],"_humanoidState":5,"_cameraCFrame":[754.313,239.678,43.492,-0.441,-0.884,0.156,0,0.174,0.985,-0.897,0.434,-0.077],"_shiftlockState":true,"_pose":"FreeFall","_animationQueue":[],"_animationSpeed":1,"_zoom":11.96},{"_mousePosition":[683,384],"_rootPartCFrame":[753.067,225.775,45.894,-0.349,0,0.937,0,1,0,-0.937,0,-0.349],"_humanoidState":5,"_cameraCFrame":[754.29,239.053,43.469,-0.393,-0.906,0.16,0,0.174,0.985,-0.92,0.387,-0.068],"_shiftlockState":true,"_pose":"FreeFall","_animationQueue":[],"_animationSpeed":1,"_zoom":11.96},{"_mousePosition":[683,384],"_rootPartCFrame":[752.837,224.665,45.713,-0.235,0,0.972,0,1,0,-0.972,0,-0.235],"_humanoidState":5,"_cameraCFrame":[754.133,237.943,43.326,-0.364,-0.917,0.162,0,0.174,0.985,-0.931,0.359,-0.063],"_shiftlockState":true,"_pose":"FreeFall","_animationQueue":[],"_animationSpeed":1,"_zoom":11.96},{"_mousePosition":[683,384],"_rootPartCFrame":[752.612,223.221,45.43,-0.172,0,0.985,0,1,0,-0.985,0,-0.172],"_humanoidState":5,"_cameraCFrame":[753.928,236.499,43.054,-0.357,-0.92,0.162,0,0.174,0.985,-0.934,0.351,-0.062],"_shiftlockState":true,"_pose":"FreeFall","_animationQueue":[["fall",0.3]],"_animationSpeed":1,"_zoom":11.96},{"_mousePosition":[683,384],"_rootPartCFrame":[752.558,223.211,45.311,-0.331,0,0.944,0,1,0,-0.944,0,-0.331],"_humanoidState":7,"_cameraCFrame":[753.832,236.49,42.912,-0.373,-0.914,0.161,0,0.174,0.985,-0.928,0.368,-0.065],"_shiftlockState":true,"_pose":"FreeFall","_animationQueue":[["walk",0.1],["fall",0.3],["fall",0.3]],"_animationSpeed":1,"_zoom":11.96},{"_mousePosition":[683,384],"_rootPartCFrame":[752.414,223.944,44.938,-0.362,0,0.932,0,1,0,-0.932,0,-0.362],"_humanoidState":7,"_cameraCFrame":[753.651,237.217,42.496,-0.397,-0.903,0.162,0,0.176,0.984,-0.918,0.391,-0.07],"_shiftlockState":true,"_pose":"FreeFall","_animationQueue":[],"_animationSpeed":1,"_zoom":11.96},{"_mousePosition":[683,384],"_rootPartCFrame":[752.315,224.194,44.691,-0.397,0,0.918,0,1,0,-0.918,0,-0.397],"_humanoidState":8,"_cameraCFrame":[753.492,237.447,42.121,-0.456,-0.874,0.165,0,0.186,0.983,-0.89,0.448,-0.085],"_shiftlockState":true,"_pose":"Running","_animationQueue":[["walk",0.1],["fall",0.3],["walk",0.1]],"_animationSpeed":1.103,"_zoom":11.96},{"_mousePosition":[683,384],"_rootPartCFrame":[752.241,224.847,44.505,-0.456,0,0.89,0,1,0,-0.89,0,-0.456],"_humanoidState":3,"_cameraCFrame":[753.333,238.084,41.834,-0.507,-0.846,0.165,0,0.192,0.981,-0.862,0.497,-0.097],"_shiftlockState":true,"_pose":"Jumping","_animationQueue":[["walk",0.1],["jump",0.1]],"_animationSpeed":1,"_zoom":11.96},{"_mousePosition":[683,384],"_rootPartCFrame":[752.155,225.468,44.325,-0.452,0,0.892,0,1,0,-0.892,0,-0.452],"_humanoidState":5,"_cameraCFrame":[753.122,238.691,41.542,-0.565,-0.809,0.164,0,0.198,0.98,-0.825,0.554,-0.112],"_shiftlockState":true,"_pose":"FreeFall","_animationQueue":[["jump",0.1]],"_animationSpeed":1,"_zoom":11.96},{"_mousePosition":[683,384],"_rootPartCFrame":[752.022,226.249,44.094,-0.458,0,0.889,0,1,0,-0.889,0,-0.458],"_humanoidState":5,"_cameraCFrame":[752.808,239.463,41.214,-0.627,-0.763,0.157,0,0.202,0.979,-0.779,0.614,-0.127],"_shiftlockState":true,"_pose":"FreeFall","_animationQueue":[],"_animationSpeed":1,"_zoom":11.96},{"_mousePosition":[683,384],"_rootPartCFrame":[751.875,226.976,43.872,-0.519,0,0.855,0,1,0,-0.855,0,-0.519],"_humanoidState":5,"_cameraCFrame":[752.46,240.179,40.906,-0.688,-0.71,0.15,0,0.206,0.979,-0.726,0.673,-0.142],"_shiftlockState":true,"_pose":"FreeFall","_animationQueue":[],"_animationSpeed":1,"_zoom":11.96},{"_mousePosition":[683,384],"_rootPartCFrame":[751.753,227.485,43.714,-0.612,0,0.791,0,1,0,-0.791,0,-0.612],"_humanoidState":5,"_cameraCFrame":[752.103,240.672,40.649,-0.754,-0.642,0.14,0,0.212,0.977,-0.657,0.737,-0.16],"_shiftlockState":true,"_pose":"FreeFall","_animationQueue":[],"_animationSpeed":1,"_zoom":11.96},{"_mousePosition":[683,384],"_rootPartCFrame":[751.528,228.266,43.486,-0.646,0,0.764,0,1,0,-0.764,0,-0.646],"_humanoidState":5,"_cameraCFrame":[751.679,241.43,40.319,-0.807,-0.576,0.131,0,0.221,0.975,-0.591,0.787,-0.178],"_shiftlockState":true,"_pose":"FreeFall","_animationQueue":[],"_animationSpeed":1,"_zoom":11.96},{"_mousePosition":[683,384],"_rootPartCFrame":[751.33,228.829,43.345,-0.732,0,0.681,0,1,0,-0.681,0,-0.732],"_humanoidState":5,"_cameraCFrame":[751.276,241.969,40.088,-0.852,-0.509,0.12,0,0.23,0.973,-0.523,0.829,-0.196],"_shiftlockState":true,"_pose":"FreeFall","_animationQueue":[],"_animationSpeed":1,"_zoom":11.96},{"_mousePosition":[683,384],"_rootPartCFrame":[751.173,229.216,43.263,-0.804,0,0.595,0,1,0,-0.595,0,-0.804],"_humanoidState":5,"_cameraCFrame":[750.928,242.34,39.959,-0.886,-0.451,0.109,0,0.235,0.972,-0.464,0.861,-0.208],"_shiftlockState":true,"_pose":"FreeFall","_animationQueue":[],"_animationSpeed":1,"_zoom":11.96},{"_mousePosition":[683,384],"_rootPartCFrame":[750.895,229.792,43.174,-0.811,0,0.585,0,1,0,-0.585,0,-0.811],"_humanoidState":5,"_cameraCFrame":[750.466,242.907,39.857,-0.912,-0.398,0.098,0,0.238,0.971,-0.409,0.886,-0.217],"_shiftlockState":true,"_pose":"FreeFall","_animationQueue":[],"_animationSpeed":1,"_zoom":11.96},{"_mousePosition":[683,384],"_rootPartCFrame":[750.663,230.192,43.147,-0.86,0,0.51,0,1,0,-0.51,0,-0.86],"_humanoidState":5,"_cameraCFrame":[750.07,243.3,39.83,-0.933,-0.35,0.087,0,0.241,0.971,-0.361,0.905,-0.224],"_shiftlockState":true,"_pose":"FreeFall","_animationQueue":[],"_animationSpeed":1,"_zoom":11.96},{"_mousePosition":[683,384],"_rootPartCFrame":[750.439,230.537,43.156,-0.917,0,0.398,0,1,0,-0.398,0,-0.917],"_humanoidState":5,"_cameraCFrame":[749.704,243.629,39.811,-0.949,-0.305,0.077,0,0.246,0.969,-0.315,0.92,-0.234],"_shiftlockState":true,"_pose":"FreeFall","_animationQueue":[],"_animationSpeed":1,"_zoom":11.96},{"_mousePosition":[683,384],"_rootPartCFrame":[750.233,230.827,43.201,-0.946,0,0.325,0,1,0,-0.325,0,-0.946],"_humanoidState":5,"_cameraCFrame":[749.392,243.895,39.797,-0.961,-0.268,0.07,0,0.254,0.967,-0.277,0.929,-0.244],"_shiftlockState":true,"_pose":"FreeFall","_animationQueue":[],"_animationSpeed":1,"_zoom":11.96},{"_mousePosition":[683,384],"_rootPartCFrame":[750.091,231.01,43.257,-0.96,0,0.281,0,1,0,-0.281,0,-0.96],"_humanoidState":5,"_cameraCFrame":[749.171,244.027,39.706,-0.97,-0.232,0.065,0,0.27,0.963,-0.241,0.935,-0.262],"_shiftlockState":true,"_pose":"FreeFall","_animationQueue":[],"_animationSpeed":1,"_zoom":11.96},{"_mousePosition":[683,384],"_rootPartCFrame":[749.881,231.245,43.392,-0.969,0,0.248,0,1,0,-0.248,0,-0.969],"_humanoidState":5,"_cameraCFrame":[748.943,244.209,39.677,-0.974,-0.216,0.064,0,0.285,0.959,-0.225,0.934,-0.278],"_shiftlockState":true,"_pose":"FreeFall","_animationQueue":[],"_animationSpeed":1,"_zoom":11.96},{"_mousePosition":[683,384],"_rootPartCFrame":[749.772,231.346,43.498,-0.974,0,0.227,0,1,0,-0.227,0,-0.974],"_humanoidState":5,"_cameraCFrame":[748.831,244.287,39.716,-0.976,-0.21,0.064,0,0.291,0.957,-0.22,0.933,-0.284],"_shiftlockState":true,"_pose":"FreeFall","_animationQueue":[],"_animationSpeed":1,"_zoom":11.96},{"_mousePosition":[683,384],"_rootPartCFrame":[749.619,231.445,43.716,-0.975,0,0.221,0,1,0,-0.221,0,-0.975],"_humanoidState":5,"_cameraCFrame":[748.678,244.387,39.933,-0.976,-0.21,0.064,0,0.291,0.957,-0.22,0.933,-0.284],"_shiftlockState":true,"_pose":"FreeFall","_animationQueue":[],"_animationSpeed":1,"_zoom":11.96},{"_mousePosition":[683,384],"_rootPartCFrame":[749.523,231.463,43.925,-0.975,0,0.22,0,1,0,-0.22,0,-0.975],"_humanoidState":5,"_cameraCFrame":[748.581,244.405,40.143,-0.976,-0.21,0.064,0,0.291,0.957,-0.22,0.933,-0.284],"_shiftlockState":true,"_pose":"FreeFall","_animationQueue":[["fall",0.3]],"_animationSpeed":1,"_zoom":11.96},{"_mousePosition":[683,384],"_rootPartCFrame":[749.475,231.394,44.115,-0.976,0,0.22,0,1,0,-0.22,0,-0.976],"_humanoidState":7,"_cameraCFrame":[748.591,244.327,40.293,-0.972,-0.223,0.068,0,0.294,0.956,-0.233,0.93,-0.285],"_shiftlockState":true,"_pose":"FreeFall","_animationQueue":[["walk",0.1],["fall",0.3],["fall",0.3]],"_animationSpeed":1,"_zoom":11.96},{"_mousePosition":[683,384],"_rootPartCFrame":[749.296,231.199,44.274,-0.972,0,0.233,0,1,0,-0.233,0,-0.972],"_humanoidState":7,"_cameraCFrame":[749.132,244.032,40.074,-0.925,-0.361,0.122,0,0.32,0.948,-0.38,0.876,-0.296],"_shiftlockState":true,"_pose":"FreeFall","_animationQueue":[],"_animationSpeed":1,"_zoom":11.96},{"_mousePosition":[683,384],"_rootPartCFrame":[749.05,230.979,44.234,-0.922,0,0.388,0,1,0,-0.388,0,-0.922],"_humanoidState":8,"_cameraCFrame":[750.335,243.699,39.926,-0.771,-0.597,0.22,0,0.346,0.938,-0.636,0.724,-0.267],"_shiftlockState":true,"_pose":"Running","_animationQueue":[["walk",0.1],["fall",0.3],["walk",0.1]],"_animationSpeed":0.835,"_zo