[{"_mousePosition":[1171,360],"_rootPartCFrame":[776.034,222.979,47.142,-0.001,-0.007,1,0,1,0.007,-1,0,-0.001],"_humanoidState":8,"_cameraCFrame":[784.963,234.467,46.189,-0.106,-0.739,0.665,0,0.669,0.743,-0.994,0.079,-0.071],"_shiftlockState":false,"_pose":"Standing","_animationQueue":[],"_animationSpeed":1,"_zoom":13.438},{"_mousePosition":[1151,363],"_rootPartCFrame":[776.034,222.718,47.142,-0.001,0,1,0,1,0,-1,0,-0.001],"_humanoidState":8,"_cameraCFrame":[784.974,234.206,46.189,-0.106,-0.739,0.665,0,0.669,0.743,-0.994,0.079,-0.071],"_shiftlockState":false,"_pose":"Standing","_animationQueue":[],"_animationSpeed":1,"_zoom":13.438},{"_mousePosition":[1129,366],"_rootPartCFrame":[776.034,222.618,47.142,-0.001,0,1,0,1,0,-1,0,-0.001],"_humanoidState":8,"_cameraCFrame":[784.974,234.106,46.189,-0.106,-0.739,0.665,0,0.669,0.743,-0.994,0.079,-0.071],"_shiftlockState":false,"_pose":"Standing","_animationQueue":[],"_animationSpeed":1,"_zoom":13.438},{"_mousePosition":[1123,366],"_rootPartCFrame":[776.034,222.607,47.142,-0.001,0,1,0,1,0,-1,0,-0.001],"_humanoidState":8,"_cameraCFrame":[784.974,234.094,46.189,-0.106,-0.739,0.665,0,0.669,0.743,-0.994,0.079,-0.071],"_shiftlockState":false,"_pose":"Standing","_animationQueue":[],"_animationSpeed":1,"_zoom":13.438},{"_mousePosition":[957,365],"_rootPartCFrame":[776.034,222.65,47.142,-0.001,0,1,0,1,0,-1,0,-0.001],"_humanoidState":8,"_cameraCFrame":[784.973,234.138,46.189,-0.106,-0.739,0.665,0,0.669,0.743,-0.994,0.079,-0.071],"_shiftlockState":false,"_pose":"Standing","_animationQueue":[],"_animationSpeed":1,"_zoom":13.438},{"_mousePosition":[863,364],"_rootPartCFrame":[776.034,222.662,47.142,-0.001,0,1,0,1,0,-1,0,-0.001],"_humanoidState":8,"_cameraCFrame":[784.973,234.15,46.189,-0.106,-0.739,0.665,0,0.669,0.743,-0.994,0.079,-0.071],"_shiftlockState":false,"_pose":"Standing","_animationQueue":[],"_animationSpeed":1,"_zoom":13.438},{"_mousePosition":[770,362],"_rootPartCFrame":[776.034,222.685,47.142,-0.001,0,1,0,1,0,-1,0,-0.001],"_humanoidState":8,"_cameraCFrame":[784.973,234.172,46.189,-0.106,-0.739,0.665,0,0.669,0.743,-0.994,0.079,-0.071],"_shiftlockState":false,"_pose":"Standing","_animationQueue":[],"_animationSpeed":1,"_zoom":13.438},{"_mousePosition":[760,362],"_rootPartCFrame":[776.034,222.689,47.142,-0.001,0,1,0,1,0,-1,0,-0.001],"_humanoidState":8,"_cameraCFrame":[784.973,234.176,46.189,-0.106,-0.739,0.665,0,0.669,0.743,-0.994,0.079,-0.071],"_shiftlockState":false,"_pose":"Standing","_animationQueue":[],"_animationSpeed":1,"_zoom":13.438},{"_mousePosition":[686,365],"_rootPartCFrame":[776.034,222.694,47.142,-0.001,0,1,0,1,0,-1,0,-0.001],"_humanoidState":8,"_cameraCFrame":[784.973,234.181,46.189,-0.106,-0.739,0.665,0,0.669,0.743,-0.994,0.079,-0.071],"_shiftlockState":false,"_pose":"Standing","_animationQueue":[],"_animationSpeed":1,"_zoom":13.438},{"_mousePosition":[688,372],"_rootPartCFrame":[776.034,222.697,47.142,-0.001,0,1,0,1,0,-1,0,-0.001],"_humanoidState":8,"_cameraCFrame":[784.973,234.185,46.189,-0.106,-0.739,0.665,0,0.669,0.743,-0.994,0.079,-0.071],"_shiftlockState":false,"_pose":"Standing","_animationQueue":[],"_animationSpeed":1,"_zoom":13.438},{"_mousePosition":[688,372],"_rootPartCFrame":[776.034,222.698,47.142,-0.001,0,1,0,1,0,-1,0,-0.001],"_humanoidState":8,"_cameraCFrame":[784.897,234.265,46.319,-0.092,-0.746,0.66,0,0.662,0.749,-0.996,0.069,-0.061],"_shiftlockState":false,"_pose":"Standing","_animationQueue":[],"_animationSpeed":1,"_zoom":13.438},{"_mousePosition":[688,372],"_rootPartCFrame":[775.716,222.699,47.176,-0.021,0,1,0,1,0,-1,0,-0.021],"_humanoidState":8,"_cameraCFrame":[784.537,234.309,46.441,-0.083,-0.75,0.656,0,0.659,0.752,-0.997,0.062,-0.055],"_shiftlockState":false,"_pose":"Standing","_animationQueue":[],"_animationSpeed":1,"_zoom":13.438},{"_mousePosition":[688,372],"_rootPartCFrame":[775.583,222.699,47.189,-0.026,0,1,0,1,0,-1,0,-0.026],"_humanoidState":8,"_cameraCFrame":[784.332,234.38,46.579,-0.069,-0.756,0.651,0,0.653,0.758,-0.998,0.053,-0.045],"_shiftlockState":false,"_pose":"Running","_animationQueue":[["walk",0.1]],"_animationSpeed":1.089,"_zoom":13.438},{"_mousePosition":[688,372],"_rootPartCFrame":[775.185,222.699,47.222,-0.038,0,0.999,0,1,0,-0.999,0,-0.038],"_humanoidState":8,"_cameraCFrame":[783.881,234.43,46.69,-0.061,-0.76,0.647,0,0.648,0.761,-0.998,0.047,-0.04],"_shiftlockState":false,"_pose":"Running","_animationQueue":[],"_animationSpeed":1.089,"_zoom":13.438},{"_mousePosition":[688,372],"_rootPartCFrame":[775.052,222.7,47.232,-0.04,0,0.999,0,1,0,-0.999,0,-0.04],"_humanoidState":8,"_cameraCFrame":[783.718,234.458,46.747,-0.056,-0.762,0.645,0,0.646,0.763,-0.998,0.043,-0.036],"_shiftlockState":false,"_pose":"Running","_animationQueue":[],"_animationSpeed":1.089,"_zoom":13.438},{"_mousePosition":[688,372],"_rootPartCFrame":[774.786,222.7,47.248,-0.043,0,0.999,0,1,0,-0.999,0,-0.043],"_humanoidState":8,"_cameraCFrame":[783.436,234.472,46.782,-0.054,-0.763,0.644,0,0.645,0.764,-0.999,0.041,-0.035],"_shiftlockState":false,"_pose":"Running","_animationQueue":[["walk",0.1]],"_animationSpeed":1.089,"_zoom":13.438},{"_mousePosition":[688,372],"_rootPartCFrame":[774.519,222.7,47.263,-0.045,0,0.999,0,1,0,-0.999,0,-0.045],"_humanoidState":8,"_cameraCFrame":[783.154,234.486,46.816,-0.052,-0.764,0.643,0,0.643,0.765,-0.999,0.04,-0.033],"_shiftlockState":false,"_pose":"Running","_animationQueue":[],"_animationSpeed":1.089,"_zoom":13.438},{"_mousePosition":[688,372],"_rootPartCFrame":[774.253,222.7,47.278,-0.046,0,0.999,0,1,0,-0.999,0,-0.046],"_humanoidState":8,"_cameraCFrame":[782.872,234.5,46.84,-0.051,-0.766,0.641,0,0.642,0.767,-0.999,0.039,-0.033],"_shiftlockState":false,"_pose":"Running","_animationQueue":[],"_animationSpeed":1.089,"_zoom":13.438},{"_mousePosition":[688,372],"_rootPartCFrame":[773.987,222.7,47.292,-0.047,0,0.999,0,1,0,-0.999,0,-0.047],"_humanoidState":8,"_cameraCFrame":[782.572,234.528,46.856,-0.051,-0.768,0.639,0,0.64,0.769,-0.999,0.039,-0.032],"_shiftlockState":false,"_pose":"Running","_animationQueue":[],"_animationSpeed":1.089,"_zoom":13.438},{"_mousePosition":[688,372],"_rootPartCFrame":[773.721,222.7,47.305,-0.047,0,0.999,0,1,0,-0.999,0,-0.047],"_humanoidState":8,"_cameraCFrame":[782.256,234.569,46.872,-0.051,-0.771,0.635,0,0.636,0.772,-0.999,0.039,-0.032],"_shiftlockState":false,"_pose":"Running","_animationQueue":[],"_animationSpeed":1.089,"_zoom":13.438},{"_mousePosition":[688,372],"_rootPartCFrame":[773.454,222.7,47.319,-0.048,0,0.999,0,1,0,-0.999,0,-0.048],"_humanoidState":8,"_cameraCFrame":[781.922,234.624,46.889,-0.051,-0.775,0.63,0,0.631,0.776,-0.999,0.039,-0.032],"_shiftlockState":false,"_pose":"Running","_animationQueue":[],"_animationSpeed":1.089,"_zoom":13.438},{"_mousePosition":[688,372],"_rootPartCFrame":[773.188,222.7,47.332,-0.048,0,0.999,0,1,0,-0.999,0,-0.048],"_humanoidState":8,"_cameraCFrame":[781.58,234.685,46.906,-0.051,-0.779,0.625,0,0.625,0.78,-0.999,0.04,-0.032],"_shiftlockState":false,"_pose":"Running","_animationQueue":[],"_animationSpeed":1.089,"_zoom":13.438},{"_mousePosition":[688,372],"_rootPartCFrame":[772.921,222.7,47.346,-0.049,0,0.999,0,1,0,-0.999,0,-0.049],"_humanoidState":8,"_cameraCFrame":[781.264,234.726,46.931,-0.05,-0.782,0.621,0,0.622,0.783,-0.999,0.039,-0.031],"_shiftlockState":false,"_pose":"Running","_animationQueue":[["walk",0.1]],"_animationSpeed":1.089,"_zoom":13.438},{"_mousePosition":[688,372],"_rootPartCFrame":[772.655,222.7,47.359,-0.049,0,0.999,0,1,0,-0.999,0,-0.049],"_humanoidState":8,"_cameraCFrame":[780.955,234.759,46.947,-0.05,-0.785,0.618,0,0.618,0.786,-0.999,0.039,-0.031],"_shiftlockState":false,"_pose":"Running","_animationQueue":[],"_animationSpeed":1.089,"_zoom":13.438},{"_mousePosition":[688,372],"_rootPartCFrame":[772.389,222.7,47.372,-0.049,0,0.999,0,1,0,-0.999,0,-0.049],"_humanoidState":8,"_cameraCFrame":[780.663,234.78,46.97,-0.049,-0.786,0.616,0,0.617,0.787,-0.999,0.038,-0.03],"_shiftlockState":false,"_pose":"Running","_animationQueue":[],"_animationSpeed":1.089,"_zoom":13.438},{"_mousePosition":[688,372],"_rootPartCFrame":[772.122,222.7,47.386,-0.049,0,0.999,0,1,0,-0.999,0,-0.049],"_humanoidState":8,"_cameraCFrame":[780.38,234.793,46.993,-0.048,-0.787,0.615,0,0.615,0.788,-0.999,0.037,-0.029],"_shiftlockState":false,"_pose":"Running","_animationQueue":[],"_animationSpeed":1.089,"_zoom":13.438},{"_mousePosition":[688,372],"_rootPartCFrame":[771.856,222.7,47.399,-0.049,0,0.999,0,1,0,-0.999,0,-0.049],"_humanoidState":8,"_cameraCFrame":[780.088,234.813,47.007,-0.048,-0.789,0.613,0,0.613,0.79,-0.999,0.038,-0.029],"_shiftlockState":false,"_pose":"Running","_animationQueue":[],"_animationSpeed":1.089,"_zoom":13.438},{"_mousePosition":[688,372],"_rootPartCFrame":[771.59,222.7,47.411,-0.049,0,0.999,0,1,0,-0.999,0,-0.049],"_humanoidState":8,"_cameraCFrame":[779.796,234.833,47.021,-0.048,-0.79,0.611,0,0.611,0.791,-0.999,0.038,-0.029],"_shiftlockState":false,"_pose":"Running","_animationQueue":[],"_animationSpeed":1.089,"_zoom":13.438},{"_mousePosition":[688,372],"_rootPartCFrame":[771.19,222.7,47.43,-0.049,0,0.999,0,1,0,-0.999,0,-0.049],"_humanoidState":8,"_cameraCFrame":[779.362,234.859,47.033,-0.049,-0.792,0.608,0,0.609,0.793,-0.999,0.039,-0.03],"_shiftlockState":false,"_pose":"Running","_animationQueue":[["walk",0.1]],"_animationSpeed":1.089,"_zoom":13.438},{"_mousePosition":[688,372],"_rootPartCFrame":[771.057,222.7,47.437,-0.049,0,0.999,0,1,0,-0.999,0,-0.049],"_humanoidState":8,"_cameraCFrame":[779.16,234.912,47.034,-0.05,-0.796,0.603,0,0.604,0.797,-0.999,0.04,-0.03],"_shiftlockState":false,"_pose":"Running","_animationQueue":[],"_animationSpeed":1.089,"_zoom":13.438},{"_mousePosition":[688,372],"_rootPartCFrame":[770.791,222.7,47.45,-0.049,0,0.999,0,1,0,-0.999,0,-0.049],"_humanoidState":8,"_cameraCFrame":[778.815,234.97,47.042,-0.051,-0.801,0.597,0,0.598,0.802,-0.999,0.041,-0.03],"_shiftlockState":false,"_pose":"Running","_animationQueue":[],"_animationSpeed":1.089,"_zoom":13.438},{"_mousePosition":[688,372],"_rootPartCFrame":[770.524,222.7,47.463,-0.049,0,0.999,0,1,0,-0.999,0,-0.049],"_humanoidState":8,"_cameraCFrame":[778.462,235.035,47.068,-0.05,-0.805,0.591,0,0.591,0.806,-0.999,0.04,-0.029],"_shiftlockState":false,"_pose":"Running","_animationQueue":[],"_animationSpeed":1.089,"_zoom":13.438},{"_mousePosition":[688,372],"_rootPartCFrame":[770.191,222.649,47.479,-0.049,0,0.999,0,1,0,-0.999,0,-0.049],"_humanoidState":8,"_cameraCFrame":[778.043,235.047,47.114,-0.046,-0.81,0.584,0,0.585,0.811,-0.999,0.038,-0.027],"_shiftlockState":false,"_pose":"Running","_animationQueue":[],"_animationSpeed":1.089,"_zoom":13.438},{"_mousePosition":[688,372],"_rootPartCFrame":[769.925,223.511,47.493,-0.049,0,0.999,0,1,0,-0.999,0,-0.049],"_humanoidState":3,"_cameraCFrame":[777.733,235.942,47.146,-0.044,-0.813,0.581,0,0.582,0.813,-0.999,0.036,-0.026],"_shiftlockState":false,"_pose":"Jumping","_animationQueue":[["walk",0.1],["jump",0.1]],"_animationSpeed":1,"_zoom":13.438},{"_mousePosition":[688,372],"_rootPartCFrame":[769.725,224.123,47.502,-0.049,0,0.999,0,1,0,-0.999,0,-0.049],"_humanoidState":5,"_cameraCFrame":[777.499,236.579,47.173,-0.042,-0.815,0.579,0,0.579,0.815,-0.999,0.034,-0.024],"_shiftlockState":false,"_pose":"FreeFall","_animationQueue":[["jump",0.1]],"_animationSpeed":1,"_zoom":13.438},{"_mousePosition":[688,372],"_rootPartCFrame":[769.459,224.89,47.514,-0.048,0,0.999,0,1,0,-0.999,0,-0.048],"_humanoidState":5,"_cameraCFrame":[777.233,237.346,47.193,-0.041,-0.815,0.579,0,0.579,0.815,-0.999,0.034,-0.024],"_shiftlockState":false,"_pose":"FreeFall","_animationQueue":[],"_animationSpeed":1,"_zoom":13.438},{"_mousePosition":[688,372],"_rootPartCFrame":[769.192,225.603,47.525,-0.048,0,0.999,0,1,0,-0.999,0,-0.048],"_humanoidState":5,"_cameraCFrame":[776.967,238.059,47.204,-0.041,-0.815,0.579,0,0.579,0.815,-0.999,0.034,-0.024],"_shiftlockState":false,"_pose":"FreeFall","_animationQueue":[],"_animationSpeed":1,"_zoom":13.438},{"_mousePosition":[688,372],"_rootPartCFrame":[768.926,226.262,47.536,-0.047,0,0.999,0,1,0,-0.999,0,-0.047],"_humanoidState":5,"_cameraCFrame":[776.7,238.718,47.215,-0.041,-0.815,0.579,0,0.579,0.815,-0.999,0.034,-0.024],"_shiftlockState":false,"_pose":"FreeFall","_animationQueue":[],"_animationSpeed":1,"_zoom":13.438},{"_mousePosition":[688,372],"_rootPartCFrame":[768.66,226.866,47.547,-0.046,0,0.999,0,1,0,-0.999,0,-0.046],"_humanoidState":5,"_cameraCFrame":[776.434,239.322,47.226,-0.041,-0.815,0.579,0,0.579,0.815,-0.999,0.034,-0.024],"_shiftlockState":false,"_pose":"FreeFall","_animationQueue":[],"_animationSpeed":1,"_zoom":13.438},{"_mousePosition":[688,372],"_rootPartCFrame":[768.393,227.415,47.558,-0.045,0,0.999,0,1,0,-0.999,0,-0.045],"_humanoidState":5,"_cameraCFrame":[776.167,239.871,47.237,-0.041,-0.815,0.579,0,0.579,0.815,-0.999,0.034,-0.024],"_shiftlockState":false,"_pose":"FreeFall","_animationQueue":[],"_animationSpeed":1,"_zoom":13.438},{"_mousePosition":[688,372],"_rootPartCFrame":[768.127,227.91,47.569,-0.045,0,0.999,0,1,0,-0.999,0,-0.045],"_humanoidState":5,"_cameraCFrame":[775.901,240.366,47.248,-0.041,-0.815,0.579,0,0.579,0.815,-0.999,0.034,-0.024],"_shiftlockState":false,"_pose":"FreeFall","_animationQueue":[],"_animationSpeed":1,"_zoom":13.438},{"_mousePosition":[688,372],"_rootPartCFrame":[767.861,228.351,47.58,-0.044,0,0.999,0,1,0,-0.999,0,-0.044],"_humanoidState":5,"_cameraCFrame":[775.635,240.807,47.259,-0.041,-0.815,0.579,0,0.579,0.815,-0.999,0.034,-0.024],"_shiftlockState":false,"_pose":"FreeFall","_animationQueue":[],"_animationSpeed":1,"_zoom":13.438},{"_mousePosition":[688,372],"_rootPartCFrame":[767.594,228.737,47.591,-0.044,0,0.999,0,1,0,-0.999,0,-0.044],"_humanoidState":5,"_cameraCFrame":[775.368,241.193,47.27,-0.041,-0.815,0.579,0,0.579,0.815,-0.999,0.034,-0.024],"_shiftlockState":false,"_pose":"FreeFall","_animationQueue":[],"_animationSpeed":1,"_zoom":13.438},{"_mousePosition":[688,372],"_rootPartCFrame":[767.328,229.069,47.602,-0.044,0,0.999,0,1,0,-0.999,0,-0.044],"_humanoidState":5,"_cameraCFrame":[775.102,241.524,47.29,-0.04,-0.815,0.579,0,0.579,0.815,-0.999,0.033,-0.023],"_shiftlockState":false,"_pose":"FreeFall","_animationQueue":[],"_animationSpeed":1,"_zoom":13.438},{"_mousePosition":[688,372],"_rootPartCFrame":[767.062,229.346,47.613,-0.043,0,0.999,0,1,0,-0.999,0,-0.043],"_humanoidState":5,"_cameraCFrame":[774.838,241.801,47.366,-0.032,-0.815,0.579,0,0.579,0.815,-0.999,0.026,-0.018],"_shiftlockState":false,"_pose":"FreeFall","_animationQueue":[],"_animationSpeed":1,"_zoom":13.438},{"_mousePosition":[688,372],"_rootPartCFrame":[766.795,229.568,47.624,-0.043,0,0.999,0,1,0,-0.999,0,-0.043],"_humanoidState":5,"_cameraCFrame":[774.556,242.036,47.426,-0.026,-0.816,0.578,0,0.578,0.816,-1,0.021,-0.015],"_shiftlockState":false,"_pose":"FreeFall","_animationQueue":[],"_animationSpeed":1,"_zoom":13.438},{"_mousePosition":[698,381],"_rootPartCFrame":[766.529,229.736,47.633,-0.042,0,0.999,0,1,0,-0.999,0,-0.042],"_humanoidState":5,"_cameraCFrame":[774.289,242.204,47.435,-0.026,-0.816,0.578,0,0.578,0.816,-1,0.021,-0.015],"_shiftlockState":false,"_pose":"FreeFall","_animationQueue":[],"_animationSpeed":1,"_zoom":13.438},{"_mousePosition":[698,381],"_rootPartCFrame":[766.262,229.85,47.64,-0.04,0,0.999,0,1,0,-0.999,0,-0.04],"_humanoidState":5,"_cameraCFrame":[774.023,242.318,47.442,-0.026,-0.816,0.578,0,0.578,0.816,-1,0.021,-0.015],"_shiftlockState":false,"_pose":"FreeFall","_animationQueue":[],"_animationSpeed":1,"_zoom":13.438},{"_mousePosition":[698,381],"_rootPartCFrame":[765.995,229.909,47.647,-0.038,0,0.999,0,1,0,-0.999,0,-0.038],"_humanoidState":5,"_cameraCFrame":[773.756,242.377,47.448,-0.026,-0.816,0.578,0,0.578,0.816,-1,0.021,-0.015],"_shiftlockState":false,"_pose":"FreeFall","_animationQueue":[],"_animationSpeed":1,"_zoom":13.438},{"_mousePosition":[698,381],"_rootPartCFrame":[765.729,229.913,47.654,-0.036,0,0.999,0,1,0,-0.999,0,-0.036],"_humanoidState":5,"_cameraCFrame":[773.489,242.381,47.455,-0.026,-0.816,0.578,0,0.578,0.816,-1,0.021,-0.015],"_shiftlockState":false,"_pose":"FreeFall","_animationQueue":[["fall",0.3]],"_animationSpeed":1,"_zoom":13.438},{"_mousePosition":[698,381],"_rootPartCFrame":[765.462,229.863,47.661,-0.035,0,0.999,0,1,0,-0.999,0,-0.035],"_humanoidState":5,"_cameraCFrame":[773.223,242.331,47.462,-0.026,-0.816,0.578,0,0.578,0.816,-1,0.021,-0.015],"_shiftlockState":false,"_pose":"FreeFall","_animationQueue":[],"_animationSpeed":1,"_zoom":13.438},{"_mousePosition":[698,381],"_rootPartCFrame":[765.196,229.759,47.667,-0.033,0,0.999,0,1,0,-0.999,0,-0.033],"_humanoidState":5,"_cameraCFrame":[772.956,242.227,47.469,-0.026,-0.816,0.578,0,0.578,0.816,-1,0.021,-0.015],"_shiftlockState":false,"_pose":"FreeFall","_animationQueue":[],"_animationSpeed":1,"_zoom":13.438},{"_mousePosition":[698,381],"_rootPartCFrame":[764.929,229.6,47.674,-0.032,0,0.999,0,1,0,-0.999,0,-0.032],"_humanoidState":5,"_cameraCFrame":[772.69,242.068,47.476,-0.026,-0.816,0.578,0,0.578,0.816,-1,0.021,-0.015],"_shiftlockState":false,"_pose":"FreeFall","_animationQueue":[],"_animationSpeed":1,"_zoom":13.438},{"_mousePosition":[698,381],"_rootPartCFrame":[764.662,229.386,47.681,-0.031,0,1,0,1,0,-1,0,-0.031],"_humanoidState":5,"_cameraCFrame":[772.423,241.854,47.483,-0.026,-0.816,0.578,0,0.578,0.816,-1,0.021,-0.015],"_shiftlockState":false,"_pose":"FreeFall","_animationQueue":[],"_animationSpeed":1,"_zoom":13.438},{"_mousePosition":[698,381],"_rootPartCFrame":[764.396,229.118,47.688,-0.031,0,1,0,1,0,-1,0,-0.031],"_humanoidState":5,"_cameraCFrame":[772.156,241.586,47.489,-0.026,-0.816,0.578,0,0.578,0.816,-1,0.021,-0.015],"_shiftlockState":false,"_pose":"FreeFall","_animationQueue":[],"_animationSpeed":1,"_zoom":13.438},{"_mousePosition":[698,381],"_rootPartCFrame":[764.129,228.796,47.695,-0.03,0,1,0,1,0,-1,0,-0.03],"_humanoidState":5,"_cameraCFrame":[771.89,241.264,47.496,-0.026,-0.816,0.578,0,0.578,0.816,-1,0.021,-0.015],"_shiftlockState":false,"_pose":"FreeFall","_animationQueue":[["fall",0.3]],"_animationSpeed":1,"_zoom":13.438},{"_mousePosition":[698,381],"_rootPartCFrame":[763.863,228.419,47.701,-0.029,0,1,0,1,0,-1,0,-0.029],"_humanoidState":5,"_cameraCFrame":[771.623,240.887,47.503,-0.026,-0.816,0.578,0,0.578,0.816,-1,0.021,-0.015],"_shiftlockState":false,"_pose":"FreeFall","_animationQueue":[],"_animationSpeed":1,"_zoom":13.438},{"_mousePosition":[698,381],"_rootPartCFrame":[763.596,227.987,47.708,-0.029,0,1,0,1,0,-1,0,-0.029],"_humanoidState":5,"_cameraCFrame":[771.357,240.456,47.51,-0.026,-0.816,0.578,0,0.578,0.816,-1,0.021,-0.015],"_shiftlockState":false,"_pose":"FreeFall","_animationQueue":[],"_animationSpeed":1,"_zoom":13.438},{"_mousePosition":[698,381],"_rootPartCFrame":[763.329,227.501,47.715,-0.028,0,1,0,1,0,-1,0,-0.028],"_humanoidState":5,"_cameraCFrame":[771.09,239.97,47.517,-0.026,-0.816,0.578,0,0.578,0.816,-1,0.021,-0.015],"_shiftlockState":false,"_pose":"FreeFall","_animationQueue":[],"_animationSpeed":1,"_zoom":13.438},{"_mousePosition":[698,381],"_rootPartCFrame":[763.063,226.961,47.722,-0.028,0,1,0,1,0,-1,0,-0.028],"_humanoidState":5,"_cameraCFrame":[770.823,239.429,47.523,-0.026,-0.816,0.578,0,0.578,0.816,-1,0.021,-0.015],"_shiftlockState":false,"_pose":"FreeFall","_animationQueue":[],"_animationSpeed":1,"_zoom":13.438},{"_mousePosition":[698,381],"_rootPartCFrame":[762.796,226.366,47.729,-0.028,0,1,0,1,0,-1,0,-0.028],"_humanoidState":5,"_cameraCFrame":[770.557,238.834,47.53,-0.026,-0.816,0.578,0,0.578,0.816,-1,0.021,-0.015],"_shiftlockState":false,"_pose":"FreeFall","_animationQueue":[],"_animationSpeed":1,"_zoom":13.438},{"_mousePosition":[698,381],"_rootPartCFrame":[762.53,225.716,47.736,-0.027,0,1,0,1,0,-1,0,-0.027],"_humanoidState":5,"_cameraCFrame":[770.29,238.185,47.537,-0.026,-0.816,0.578,0,0.578,0.816,-1,0.021,-0.015],"_shiftlockState":false,"_pose":"FreeFall","_animationQueue":[],"_animationSpeed":1,"_zoom":13.438},{"_mousePosition":[711,385],"_rootPartCFrame":[762.263,225.012,47.742,-0.027,0,1,0,1,0,-1,0,-0.027],"_humanoidState":5,"_cameraCFrame":[769.711,237.697,47.759,0.002,-0.832,0.554,0,0.554,0.832,-1,-0.002,0.001],"_shiftlockState":false,"_pose":"FreeFall","_animationQueue":[],"_animationSpeed":1,"_zoom":13.438},{"_mousePosition":[711,385],"_rootPartCFrame":[761.93,224.055,47.751,-0.027,0,1,0,1,0,-1,0,-0.027],"_humanoidState":5,"_cameraCFrame":[769.159,236.883,47.873,0.017,-0.843,0.538,0,0.538,0.843,-1,-0.014,0.009],"_shiftlockState":false,"_pose":"FreeFall","_animationQueue":[],"_animationSpeed":1,"_zoom":13.438},{"_mousePosition":[711,385],"_rootPartCFrame":[761.73,223.441,47.751,-0.025,0,1,0,1,0,-1,0,-0.025],"_humanoidState":5,"_cameraCFrame":[768.959,236.268,47.874,0.017,-0.843,0.538,0,0.538,0.843,-1,-0.014,0.009],"_shiftlockState":false,"_pose":"FreeFall","_animationQueue":[],"_animationSpeed":1,"_zoom":13.438},{"_mousePosition":[711,385],"_rootPartCFrame":[761.463,223.318,47.747,-0.02,0,1,0,1,0,-1,0,-0.02],"_humanoidState":7,"_cameraCFrame":[768.692,236.145,47.87,0.017,-0.843,0.538,0,0.538,0.843,-1,-0.014,0.009],"_shiftlockState":false,"_pose":"FreeFall","_animationQueue":[["walk",0.1],["fall",0.3],["fall",0.3]],"_animationSpeed":1,"_zoom":13.438},{"_mousePosition":[711,385],"_rootPartCFrame":[761.197,223.316,47.743,-0.015,0,1,0,1,0,-1,0,-0.015],"_humanoidState":7,"_cameraCFrame":[768.425,236.143,47.866,0.017,-0.843,0.538,0,0.538,0.843,-1,-0.014,0.009],"_shiftlockState":false,"_pose":"FreeFall","_animationQueue":[["fall",0.3]],"_animationSpeed":1,"_zoom":13.438},{"_mousePosition":[711,385],"_rootPartCFrame":[760.93,223.212,47.738,-0.011,0,1,0,1,0,-1,0,-0.011],"_humanoidState":8,"_cameraCFrame":[768.159,236.039,47.861,0.017,-0.843,0.538,0,0.538,0.843,-1,-0.014,0.009],"_shiftlockState":false,"_pose":"Running","_animationQueue":[["walk",0.1],["fall",0.3],["walk",0.1]],"_animationSpeed":1.103,"_zoom":13.438},{"_mousePosition":[711,385],"_rootPartCFrame":[760.663,223.042,47.734,-0.007,0,1,0,1,0,-1,0,-0.007],"_humanoidState":8,"_cameraCFrame":[767.892,235.87,47.857,0.017,-0.843,0.538,0,0.538,0.843,-1,-0.014,0.009],"_shiftlockState":false,"_pose":"Running","_animationQueue":[],"_animationSpeed":1.103,"_zoom":13.438},{"_mousePosition":[711,385],"_rootPartCFrame":[760.397,222.819,47.729,-0.004,0,1,0,1,0,-1,0,-0.004],"_humanoidState":8,"_cameraCFrame":[767.626,235.646,47.852,0.017,-0.843,0.538,0,0.538,0.843,-1,-0.014,0.009],"_shiftlockState":false,"_pose":"Running","_animationQueue":[],"_animationSpeed":1.103,"_zoom":13.438},{"_mousePosition":[711,385],"_rootPartCFrame":[760.13,222.65,47.725,-0.001,0,1,0,1,0,-1,0,-0.001],"_humanoidState":8,"_cameraCFrame":[767.359,235.477,47.848,0.017,-0.843,0.538,0,0.538,0.843,-1,-0.014,0.009],"_shiftlockState":false,"_pose":"Running","_animationQueue":[],"_animationSpeed":1.103,"_zoom":13.438},{"_mousePosition":[711,385],"_rootPartCFrame":[759.864,222.655,47.72,0.002,0,1,0,1,0,-1,0,0.002],"_humanoidState":8,"_cameraCFrame":[767.092,235.483,47.843,0.017,-0.843,0.538,0,0.538,0.843,-1,-0.014,0.009],"_shiftlockState":false,"_pose":"Running","_animationQueue":[],"_animationSpeed":1.103,"_zoom":13.438},{"_mousePosition":[711,385],"_rootPartCFrame":[759.597,222.673,47.716,0.004,0,1,0,1,0,-1,0,0.004],"_humanoidState":8,"_cameraCFrame":[766.826,235.5,47.838,0.017,-0.843,0.538,0,0.538,0.843,-1,-0.014,0.009],"_shiftlockState":false,"_pose":"Running","_animationQueue":[["walk",0.1]],"_animationSpeed":1.103,"_zoom":13.438},{"_mousePosition":[711,385],"_rootPartCFrame":[759.33,222.685,47.711,0.005,0,1,0,1,0,-1,0,0.005],"_humanoidState":8,"_cameraCFrame":[766.551,235.518,47.766,0.008,-0.843,0.537,0,0.537,0.843,-1,-0.006,0.004],"_shiftlockState":false,"_pose":"Running","_animationQueue":[],"_animationSpeed":1.103,"_zoom":13.438},{"_mousePosition":[711,385],"_rootPartCFrame":[759.064,222.692,47.707,0.007,0,1,0,1,0,-1,0,0.007],"_humanoidState":8,"_cameraCFrame":[766.156,235.606,47.775,0.01,-0.849,0.528,0,0.528,0.849,-1,-0.008,0.005],"_shiftlockState":false,"_pose":"Running","_animationQueue":[],"_animationSpeed":1.103,"_zoom":13.438},{"_mousePosition":[711,385],"_rootPartCFrame":[758.797,222.695,47.704,0.007,0,1,0,1,0,-1,0,0.007],"_humanoidState":8,"_cameraCFrame":[765.516,235.832,47.868,0.024,-0.866,0.5,0,0.5,0.866,-1,-0.021,0.012],"_shiftlockState":false,"_pose":"Running","_animationQueue":[],"_animationSpeed":1.103,"_zoom":13.438},{"_mousePosition":[711,385],"_rootPartCFrame":[758.531,222.697,47.702,0.008,0,1,0,1,0,-1,0,0.008],"_humanoidState":8,"_cameraCFrame":[765.022,235.962,47.894,0.03,-0.875,0.483,0,0.483,0.875,-1,-0.026,0.014],"_shiftlockState":false,"_pose":"Running","_animationQueue":[],"_animationSpeed":1.103,"_zoom":13.438},{"_mousePosition":[683,384],"_rootPartCFrame":[758.264,222.698,47.696,0.01,0,1,0,1,0,-1,0,0.01],"_humanoidState":8,"_cameraCFrame":[764.647,236.023,47.83,0.021,-0.88,0.475,0,0.475,0.88,-1,-0.019,0.01],"_shiftlockState":false,"_pose":"Running","_animationQueue":[["walk",0.1],["walk",0.1]],"_animationSpeed":1.103,"_zoom":13.438},{"_mousePosition":[683,384],"_rootPartCFrame":[757.997,222.699,47.69,0.012,0,1,0,1,0,-1,0,0.012],"_humanoidState":8,"_cameraCFrame":[764.38,236.023,47.825,0.021,-0.88,0.475,0,0.475,0.88,-1,-0.019,0.01],"_shiftlockState":false,"_pose":"Running","_animationQueue":[],"_animationSpeed":1.103,"_zoom":13.438},{"_mousePosition":[704,383],"_rootPartCFrame":[757.731,222.699,47.685,0.013,0,1,0,1,0,-1,0,0.013],"_humanoidState":8,"_cameraCFrame":[764.113,236.024,47.819,0.021,-0.88,0.475,0,0.475,0.88,-1,-0.019,0.01],"_shiftlockState":false,"_pose":"Running","_animationQueue":[],"_animationSpeed":1.103,"_zoom":13.438},{"_mousePosition":[684,387],"_rootPartCFrame":[757.464,222.699,47.679,0.014,0,1,0,1,0,-1,0,0.014],"_humanoidState":8,"_cameraCFrame":[763.847,236.024,47.813,0.021,-0.88,0.475,0,0.475,0.88,-1,-0.019,0.01],"_shiftlockState":false,"_pose":"Running","_animationQueue":[],"_animationSpeed":1.103,"_zoom":13.438},{"_mousePosition":[663,398],"_rootPartCFrame":[757.064,222.7,47.671,0.015,0,1,0,1,0,-1,0,0.015],"_humanoidState":8,"_cameraCFrame":[763.447,236.024,47.805,0.021,-0.88,0.475,0,0.475,0.88,-1,-0.019,0.01],"_shiftlockState":false,"_pose":"Running","_animationQueue":[],"_animationSpeed":1.103,"_zoom":13.438},{"_mousePosition":[663,398],"_rootPartCFrame":[756.931,222.7,47.668,0.016,0,1,0,1,0,-1,0,0.016],"_humanoidState":8,"_cameraCFrame":[763.314,236.024,47.802,0.021,-0.88,0.475,0,0.475,0.88,-1,-0.019,0.01],"_shiftlockState":false,"_pose":"Running","_animationQueue":[],"_animationSpeed":1.103,"_zoom":13.438},{"_mousePosition":[655,408],"_rootPartCFrame":[756.664,222.7,47.662,0.017,0,1,0,1,0,-1,0,0.017],"_humanoidState":8,"_cameraCFrame":[763.047,236.024,47.797,0.021,-0.88,0.475,0,0.475,0.88,-1,-0.019,0.01],"_shiftlockState":false,"_pose":"Running","_animationQueue":[["walk",0.1]],"_animationSpeed":1.103,"_zoom":13.438},{"_mousePosition":[655,408],"_rootPartCFrame":[756.398,222.7,47.657,0.017,0,1,0,1,0,-1,0,0.017],"_humanoidState":8,"_cameraCFrame":[762.761,236.035,47.804,0.023,-0.88,0.474,0,0.474,0.881,-1,-0.02,0.011],"_shiftlockState":false,"_pose":"Running","_animationQueue":[],"_animationSpeed":1.103,"_zoom":13.438},{"_mousePosition":[655,408],"_rootPartCFrame":[756.131,222.7,47.651,0.018,0,1,0,1,0,-1,0,0.018],"_humanoidState":8,"_cameraCFrame":[762.508,236.05,46.055,0.024,-0.882,0.471,0,0.472,0.882,-1,-0.021,0.011],"_shiftlockState":true,"_pose":"Running","_animationQueue":[],"_animationSpeed":1.103,"_zoom":13.438},{"_mousePosition":[683,384],"_rootPartCFrame":[755.865,222.7,47.645,0.024,0,1,0,1,0,-1,0,0.024],"_humanoidState":8,"_cameraCFrame":[762.241,236.05,46.049,0.024,-0.882,0.471,0,0.472,0.882,-1,-0.021,0.011],"_shiftlockState":true,"_pose":"Running","_animationQueue":[],"_animationSpeed":1.103,"_zoom":13.438},{"_mousePosition":[683,384],"_rootPartCFrame":[755.598,222.7,47.638,0.024,0,1,0,1,0,-1,0,0.024],"_humanoidState":8,"_cameraCFrame":[761.975,236.05,46.042,0.024,-0.882,0.471,0,0.472,0.882,-1,-0.021,0.011],"_shiftlockState":true,"_pose":"Running","_animationQueue":[],"_animationSpeed":1.103,"_zoom":13.438},{"_mousePosition":[683,384],"_rootPartCFrame":[755.331,222.7,47.632,0.025,0,1,0,1,0,-1,0,0.025],"_humanoidState":8,"_cameraCFrame":[761.705,236.053,46.044,0.025,-0.882,0.471,0,0.471,0.882,-1,-0.022,0.012],"_shiftlockState":true,"_pose":"Running","_animationQueue":[["walk",0.1]],"_animationSpeed":1.103,"_zoom":13.438},{"_mousePosition":[683,384],"_rootPartCFrame":[755.064,222.695,47.625,0.025,0,1,0,1,0,-1,0,0.025],"_humanoidState":8,"_cameraCFrame":[761.439,236.048,46.037,0.025,-0.882,0.471,0,0.471,0.882,-1,-0.022,0.012],"_shiftlockState":true,"_pose":"Running","_animationQueue":[],"_animationSpeed":1.103,"_zoom":13.438},{"_mousePosition":[683,384],"_rootPartCFrame":[754.798,222.696,47.618,0.025,0,1,0,1,0,-1,0,0.025],"_humanoidState":8,"_cameraCFrame":[761.172,236.049,46.03,0.025,-0.882,0.471,0,0.471,0.882,-1,-0.022,0.012],"_shiftlockState":true,"_pose":"Running","_animationQueue":[],"_animationSpeed":1.103,"_zoom":13.438},{"_mousePosition":[683,384],"_rootPartCFrame":[754.531,222.698,47.612,0.025,0,1,0,1,0,-1,0,0.025],"_humanoidState":8,"_cameraCFrame":[760.905,236.051,46.024,0.025,-0.882,0.471,0,0.471,0.882,-1,-0.022,0.012],"_shiftlockState":true,"_pose":"Running","_animationQueue":[],"_animationSpeed":1.103,"_zoom":13.438},{"_mousePosition":[683,384],"_rootPartCFrame":[754.265,222.699,47.605,0.025,0,1,0,1,0,-1,0,0.025],"_humanoidState":8,"_cameraCFrame":[760.639,236.051,46.017,0.025,-0.882,0.471,0,0.471,0.882,-1,-0.022,0.012],"_shiftlockState":true,"_pose":"Running","_animationQueue":[],"_animationSpeed":1.103,"_zoom":13.438},{"_mousePosition":[683,384],"_rootPartCFrame":[753.998,222.699,47.598,0.025,0,1,0,1,0,-1,0,0.025],"_humanoidState":8,"_cameraCFrame":[760.372,236.052,46.01,0.025,-0.882,0.471,0,0.471,0.882,-1,-0.022,0.012],"_shiftlockState":true,"_pose":"Running","_animationQueue":[["walk",0.1]],"_animationSpeed":1.103,"_zoom":13.438},{"_mousePosition":[683,384],"_rootPartCFrame":[753.731,222.699,47.591,0.025,0,1,0,1,0,-1,0,0.025],"_humanoidState":8,"_cameraCFrame":[760.106,236.052,46.003,0.025,-0.882,0.471,0,0.471,0.882,-1,-0.022,0.012],"_shiftlockState":true,"_pose":"Running","_animationQueue":[],"_animationSpeed":1.103,"_zoom":13.438},{"_mousePosition":[683,384],"_rootPartCFrame":[753.518,222.688,47.574,-0.012,0.055,0.998,-0.004,0.998,-0.055,-1,-0.005,-0.012],"_humanoidState":8,"_cameraCFrame":[759.975,236.038,45.979,0.025,-0.882,0.471,0,0.471,0.882,-1,-0.022,0.012],"_shiftlockState":true,"_pose":"Running","_animationQueue":[],"_animationSpeed":1.103,"_zoom":13.438},{"_mousePosition":[683,384],"_rootPartCFrame":[753.605,222.689,47.566,0.044,0.01,0.999,-0.003,1,-0.01,-0.999,-0.002,0.044],"_humanoidState":8,"_cameraCFrame":[759.994,236.042,45.975,0.025,-0.882,0.471,0,0.471,0.882,-1,-0.022,0.012],"_shiftlockState":true,"_pose":"Running","_animationQueue":[["walk",0.1]],"_animationSpeed":0.669,"_zoom":13.438},{"_mousePosition":[683,384],"_rootPartCFrame":[753.518,222.689,47.539,-0.039,0.005,0.999,0,1,-0.005,-0.999,-0.001,-0.039],"_humanoidState":8,"_cameraCFrame":[759.9,236.042,45.95,0.025,-0.882,0.471,0,0.471,0.882,-1,-0.022,0.012],"_shiftlockState":true,"_pose":"Running","_animationQueue":[["walk",0.1]],"_animationSpeed":0.068,"_zoom":13.438},{"_mousePosition":[683,384],"_rootPartCFrame":[753.524,222.69,47.525,0,0.004,1,0,1,-0.004,-1,0,0],"_humanoidState":8,"_cameraCFrame":[759.904,236.043,45.936,0.025,-0.882,0.471,0,0.471,0.882,-1,-0.022,0.012],"_shiftlockState":true,"_pose":"Running","_animationQueue":[["walk",0.1]],"_animationSpeed":0.348,"_zoom":13.438},{"_mousePosition":[683,384],"_rootPartCFrame":[753.5,222.691,47.516,-0.019,0.004,1,0,1,-0.004,-1,0,-0.019],"_humanoidState":8,"_cameraCFrame":[759.883,236.043,45.942,0.028,-0.882,0.471,0,0.471,0.882,-1,-0.024,0.013],"_shiftlockState":true,"_pose":"Running","_animationQueue":[["walk",0.1],["walk",0.1]],"_animationSpeed":0.218,"_zoom":13.438},{"_mousePosition":[683,384],"_rootPartCFrame":[753.604,223.743,47.52,0.055,0.01,0.998,-0.01,1,-0.009,-0.998,-0.01,0.055],"_humanoidState":3,"_cameraCFrame":[760.556,236.88,47.2,0.209,-0.847,0.489,0,0.5,0.866,-0.978,-0.181,0.105],"_shiftlockState":true,"_pose":"Jumping","_animationQueue":[["walk",0.1],["jump",0.1]],"_animationSpeed":1,"_zoom":13.438},{"_mousePosition":[683,384],"_rootPartCFrame":[753.761,224.803,47.524,0.234,0.011,0.972,-0.021,1,-0.006,-0.972,-0.019,0.234],"_humanoidState":3,"_cameraCFrame":[760.077,237.452,51.928,0.746,-0.552,0.372,0,0.558,0.83,-0.666,-0.619,0.417],"_shiftlockState":true,"_pose":"Jumping","_animationQueue":[],"_animationSpeed":1,"_zoom":13.438},{"_mousePosition":[683,384],"_rootPartCFrame":[754.108,225.829,47.526,0.709,0.005,0.705,-0.009,1,0.002,-0.705,-0.008,0.709],"_humanoidState":5,"_cameraCFrame":[756.52,238.436,54.896,0.996,-0.072,0.049,0,0.563,0.827,-0.088,-0.823,0.561],"_shiftlockState":true,"_pose":"FreeFall","_animationQueue":[["jump",0.1]],"_animationSpeed":1,"_zoom":13.438},{"_mousePosition":[683,384],"_rootPartCFrame":[754.099,226.796,47.506,0.987,-0.004,0.162,0.004,1,0.002,-0.162,-0.001,0.987],"_humanoidState":5,"_cameraCFrame":[755.431,240.385,53.48,0.998,0.062,-0.03,0,0.437,0.9,0.069,-0.897,0.436],"_shiftlockState":true,"_pose":"FreeFall","_animationQueue":[],"_animationSpeed":1,"_zoom":13.438},{"_mousePosition":[683,384],"_rootPartCFrame":[754.115,227.696,47.45,0.999,-0.009,-0.037,0.01,1,0.002,0.037,-0.002,0.999],"_humanoidState":5,"_cameraCFrame":[756.284,242.374,49.732,0.985,-0.171,0.034,0,0.196,0.981,-0.175,-0.966,0.193],"_shiftlockState":true,"_pose":"FreeFall","_animationQueue":[],"_animationSpeed":1,"_zoom":13.438},{"_mousePosition":[683,384],"_rootPartCFrame":[754.138,228.542,47.354,0.987,-0.004,0.16,0.004,1,0,-0.16,0,0.987],"_humanoidState":5,"_cameraCFrame":[756.634,243.275,48.854,0.926,-0.372,0.066,0,0.174,0.985,-0.378,-0.912,0.161],"_shiftlockState":true,"_pose":"FreeFall","_animationQueue":[],"_animationSpeed":1,"_zoom":13.438},{"_mousePosition":[683,384],"_rootPartCFrame":[754.164,229.333,47.267,0.929,0,0.37,0,1,-0.001,-0.37,0.001,0.929],"_humanoidState":5,"_cameraCFrame":[757.162,243.969,48.717,0.843,-0.525,0.113,0,0.211,0.978,-0.537,-0.824,0.178],"_shiftlockState":true,"_pose":"FreeFall","_animationQueue":[],"_animationSpeed":1,"_zoom":13.438},{"_mousePosition":[683,384],"_rootPartCFrame":[754.171,230.069,47.22,0.844,0,0.537,0,1,0,-0.537,0,0.844],"_humanoidState":5,"_cameraCFrame":[758.01,244.513,48.394,0.68,-0.706,0.197,0,0.269,0.963,-0.733,-0.655,0.183],"_shiftlockState":true,"_pose":"FreeFall","_animationQueue":[],"_animationSpeed":1,"_zoom":13.438},{"_mousePosition":[683,384],"_rootPartCFrame":[754.173,230.913,47.209,0.68,0,0.733,0,1,0,-0.733,0,0.68],"_humanoidState":5,"_cameraCFrame":[758.729,245.153,47.966,0.525,-0.807,0.271,0,0.318,0.948,-0.851,-0.498,0.167],"_shiftlockState":true,"_pose":"FreeFall","_animationQueue":[],"_animationSpeed":1,"_zoom":13.438},{"_mousePosition":[683,384],"_rootPartCFrame":[754.162,231.379,47.199,0.436,0,0.9,0,1,0,-0.9,0,0.436],"_humanoidState":5,"_cameraCFrame":[759.237,245.438,47.602,0.417,-0.849,0.323,0,0.356,0.935,-0.909,-0.39,0.148],"_shiftlockState":true,"_pose":"FreeFall","_animationQueue":[],"_animationSpeed":1,"_zoom":13.438},{"_mousePosition":[683,384],"_rootPartCFrame":[754.154,231.527,47.193,0.42,0,0.908,0,1,0,-0.908,0,0.42],"_humanoidState":5,"_cameraCFrame":[759.236,245.586,47.505,0.401,-0.856,0.326,0,0.356,0.935,-0.916,-0.375,0.143],"_shiftlockState":true,"_pose":"FreeFall","_animationQueue":[],"_animationSpeed":1,"_zoom":13.438},{"_mousePosition":[683,384],"_rootPartCFrame":[754.1,232.087,47.159,0.406,0,0.914,0,1,0,-0.914,0,0.406],"_humanoidState":5,"_cameraCFrame":[759.187,246.146,47.386,0.385,-0.862,0.328,0,0.356,0.935,-0.923,-0.36,0.137],"_shiftlockState":true,"_pose":"FreeFall","_animationQueue":[],"_animationSpeed":1,"_zoom":13.438},{"_mousePosition":[683,384],"_rootPartCFrame":[754.01,232.592,47.11,0.388,0,0.922,0,1,0,-0.922,0,0.388],"_humanoidState":5,"_cameraCFrame":[759.108,246.647,47.261,0.371,-0.868,0.331,0,0.357,0.934,-0.929,-0.346,0.132],"_shiftlockState":true,"_pose":"FreeFall","_animationQueue":[],"_animationSpeed":1,"_zoom":13.438},{"_mousePosition":[683,384],"_rootPartCFrame":[753.881,233.042,47.048,0.373,0,0.928,0,1,0,-0.928,0,0.373],"_humanoidState":5,"_cameraCFrame":[758.982,247.097,47.114,0.355,-0.873,0.333,0,0.357,0.934,-0.935,-0.332,0.127],"_shiftlockState":true,"_pose":"FreeFall","_animationQueue":[],"_animationSpeed":1,"_zoom":13.438},{"_mousePosition":[683,384],"_rootPartCFrame":[753.826,233.416,46.969,0.315,-0.025,0.949,0.009,1,0.024,-0.949,0.001,0.315],"_humanoidState":5,"_cameraCFrame":[758.888,247.47,46.94,0.337,-0.879,0.336,0,0.357,0.934,-0.941,-0.315,0.12],"_shiftlockState":true,"_pose":"FreeFall","_animationQueue":[],"_animationSpeed":1,"_zoom":13.438},{"_mousePosition":[683,384],"_rootPartCFrame":[753.788,233.728,46.88,0.331,-0.015,0.944,0.005,1,0.014,-0.944,0.001,0.331],"_humanoidState":5,"_cameraCFrame":[758.862,247.783,46.674,0.305,-0.89,0.34,0,0.357,0.934,-0.952,-0.285,0.109],"_shiftlockState":true,"_pose":"FreeFall","_animationQueue":[["fall",0.3]],"_animationSpeed":1,"_zoom":13.438},{"_mousePosition":[683,384],"_rootPartCFrame":[753.711,233.986,46.79,0.307,-0.004,0.952,0.002,1,0.004,-0.952,0,0.307],"_humanoidState":5,"_cameraCFrame":[758.792,248.041,46.408,0.272,-0.899,0.343,0,0.357,0.934,-0.962,-0.254,0.097],"_shiftlockState":true,"_pose":"FreeFall","_animationQueue":[],"_animationSpeed":1,"_zoom":13.438},{"_mousePosition":[683,384],"_rootPartCFrame":[753.593,234.189,46.702,0.276,0,0.961,0,1,0,-0.961,0,0.276],"_humanoidState":5,"_cameraCFrame":[758.662,248.24,46.056,0.221,-0.911,0.348,0,0.357,0.934,-0.975,-0.206,0.079],"_shiftlockState":true,"_pose":"FreeFall","_animationQueue":[],"_animationSpeed":1,"_zoom":13.438},{"_mousePosition":[683,384],"_rootPartCFrame":[753.434,234.338,46.617,0.227,0,0.974,0,1,0,-0.974,0,0.227],"_humanoidState":5,"_cameraCFrame":[758.456,248.392,45.721,0.173,-0.92,0.351,0,0.357,0.934,-0.985,-0.161,0.062],"_shiftlockState":true,"_pose":"FreeFall","_animationQueue":[],"_animationSpeed":1,"_zoom":13.438},{"_mousePosition":[683,384],"_rootPartCFrame":[753.236,234.432,46.541,0.179,0,0.984,0,1,0,-0.984,0,0.179],"_humanoidState":5,"_cameraCFrame":[758.162,248.506,45.413,0.128,-0.928,0.35,0,0.353,0.936,-0.992,-0.12,0.045],"_shiftlockState":true,"_pose":"FreeFall","_animationQueue":[],"_animationSpeed":1,"_zoom":13.438},{"_mousePosition":[683,384],"_rootPartCFrame":[753.002,234.471,46.481,0.134,0,0.991,0,1,0,-0.991,0,0.134],"_humanoidState":5,"_cameraCFrame":[757.843,248.564,45.209,0.1,-0.932,0.347,0,0.349,0.937,-0.995,-0.094,0.035],"_shiftlockState":true,"_pose":"FreeFall","_animationQueue":[],"_animationSpeed":1,"_zoom":13.438},{"_mousePosition":[683,384],"_rootPartCFrame":[752.808,234.465,46.45,0.104,0,0.995,0,1,0,-0.995,0,0.104],"_humanoidState":5,"_cameraCFrame":[757.592,248.573,45.114,0.088,-0.935,0.345,0,0.346,0.938,-0.996,-0.082,0.03],"_shiftlockState":true,"_pose":"FreeFall","_animationQueue":[],"_animationSpeed":1,"_zoom":13.438},{"_mousePosition":[683,384],"_rootPartCFrame":[752.476,234.746,46.416,0.089,0,0.996,0,1,0,-0.996,0,0.089],"_humanoidState":7,"_cameraCFrame":[757.261,248.854,45.08,0.088,-0.935,0.345,0,0.346,0.938,-0.996,-0.082,0.03],"_shiftlockState":true,"_pose":"FreeFall","_animationQueue":[["fall",0.3],["walk",0.1],["fall",0.3],["fall",0.3]],"_animationSpeed":1,"_zoom":13.438},{"_mousePosition":[683,384],"_rootPartCFrame":[752.211,234.941,46.392,0.088,0,0.996,0,1,0,-0.996,0,0.088],"_humanoidState":7,"_cameraCFrame":[756.984,249.053,45.05,0.087,-0.935,0.344,0,0.345,0.939,-0.996,-0.081,0.03],"_shiftlockState":true,"_pose":"FreeFall","_animationQueue":[],"_animationSpeed":1,"_zoom":13.438},{"_mousePosition":[683,384],"_rootPartCFrame":[751.945,235.056,46.368,0.087,0,0.996,0,1,0,-0.996,0,0.087],"_humanoidState":8,"_cameraCFrame":[756.605,249.205,44.978,0.078,-0.938,0.337,0,0.338,0.941,-0.997,-0.074,0.026],"_shiftlockState":true,"_pose":"Running","_animationQueue":[["walk",0.1],["fall",0.3],["walk",0.1]],"_animationSpeed":1.103,"_zoom":13.438},{"_m