[{"_mousePosition":[1108,344],"_rootPartCFrame":[776.024,222.956,47.142,0.002,0.004,1,0,1,-0.004,-1,0,0.002],"_humanoidState":8,"_cameraCFrame":[785.355,234.131,47.035,-0.012,-0.72,0.694,0,0.694,0.72,-1,0.008,-0.008],"_shiftlockState":false,"_pose":"Standing","_animationQueue":[],"_animationSpeed":1,"_zoom":13.438},{"_mousePosition":[1070,336],"_rootPartCFrame":[775.777,222.835,47.145,0,0.001,1,0,1,-0.001,-1,0,0],"_humanoidState":8,"_cameraCFrame":[785.103,234.01,47.037,-0.012,-0.72,0.694,0,0.694,0.72,-1,0.008,-0.008],"_shiftlockState":false,"_pose":"Standing","_animationQueue":[],"_animationSpeed":1,"_zoom":13.438},{"_mousePosition":[1053,331],"_rootPartCFrame":[775.378,222.652,47.149,-0.002,0,1,0,1,0,-1,0,-0.002],"_humanoidState":8,"_cameraCFrame":[784.703,233.827,47.042,-0.012,-0.72,0.694,0,0.694,0.72,-1,0.008,-0.008],"_shiftlockState":false,"_pose":"Running","_animationQueue":[["walk",0.1]],"_animationSpeed":1.065,"_zoom":13.438},{"_mousePosition":[1033,328],"_rootPartCFrame":[775.245,222.653,47.151,-0.003,0,1,0,1,0,-1,0,-0.003],"_humanoidState":8,"_cameraCFrame":[784.57,233.828,47.043,-0.012,-0.72,0.694,0,0.694,0.72,-1,0.008,-0.008],"_shiftlockState":false,"_pose":"Running","_animationQueue":[],"_animationSpeed":1.065,"_zoom":13.438},{"_mousePosition":[1033,328],"_rootPartCFrame":[774.978,222.67,47.154,-0.004,0,1,0,1,0,-1,0,-0.004],"_humanoidState":8,"_cameraCFrame":[784.304,233.845,47.047,-0.012,-0.72,0.694,0,0.694,0.72,-1,0.008,-0.008],"_shiftlockState":false,"_pose":"Running","_animationQueue":[],"_animationSpeed":1.065,"_zoom":13.438},{"_mousePosition":[985,322],"_rootPartCFrame":[774.711,222.683,47.157,-0.005,0,1,0,1,0,-1,0,-0.005],"_humanoidState":8,"_cameraCFrame":[784.037,233.858,47.05,-0.012,-0.72,0.694,0,0.694,0.72,-1,0.008,-0.008],"_shiftlockState":false,"_pose":"Running","_animationQueue":[],"_animationSpeed":1.065,"_zoom":13.438},{"_mousePosition":[961,321],"_rootPartCFrame":[774.445,222.69,47.16,-0.006,0,1,0,1,0,-1,0,-0.006],"_humanoidState":8,"_cameraCFrame":[783.77,233.865,47.053,-0.012,-0.72,0.694,0,0.694,0.72,-1,0.008,-0.008],"_shiftlockState":false,"_pose":"Running","_animationQueue":[],"_animationSpeed":1.065,"_zoom":13.438},{"_mousePosition":[946,323],"_rootPartCFrame":[774.178,222.695,47.163,-0.007,0,1,0,1,0,-1,0,-0.007],"_humanoidState":8,"_cameraCFrame":[783.504,233.87,47.056,-0.012,-0.72,0.694,0,0.694,0.72,-1,0.008,-0.008],"_shiftlockState":false,"_pose":"Running","_animationQueue":[],"_animationSpeed":1.065,"_zoom":13.438},{"_mousePosition":[938,333],"_rootPartCFrame":[773.912,222.697,47.166,-0.007,0,1,0,1,0,-1,0,-0.007],"_humanoidState":8,"_cameraCFrame":[783.237,233.872,47.059,-0.012,-0.72,0.694,0,0.694,0.72,-1,0.008,-0.008],"_shiftlockState":false,"_pose":"Running","_animationQueue":[],"_animationSpeed":1.065,"_zoom":13.438},{"_mousePosition":[936,347],"_rootPartCFrame":[773.645,222.698,47.169,-0.008,0,1,0,1,0,-1,0,-0.008],"_humanoidState":8,"_cameraCFrame":[782.97,233.873,47.062,-0.012,-0.72,0.694,0,0.694,0.72,-1,0.008,-0.008],"_shiftlockState":false,"_pose":"Running","_animationQueue":[["walk",0.1]],"_animationSpeed":1.065,"_zoom":13.438},{"_mousePosition":[936,347],"_rootPartCFrame":[773.378,222.699,47.173,-0.008,0,1,0,1,0,-1,0,-0.008],"_humanoidState":8,"_cameraCFrame":[782.475,234.089,47.096,-0.008,-0.736,0.677,0,0.677,0.736,-1,0.006,-0.006],"_shiftlockState":false,"_pose":"Running","_animationQueue":[],"_animationSpeed":1.065,"_zoom":13.438},{"_mousePosition":[936,347],"_rootPartCFrame":[773.112,222.699,47.176,-0.009,0,1,0,1,0,-1,0,-0.009],"_humanoidState":8,"_cameraCFrame":[781.893,234.371,47.221,0.005,-0.757,0.654,0,0.654,0.757,-1,-0.004,0.003],"_shiftlockState":false,"_pose":"Running","_animationQueue":[],"_animationSpeed":1.065,"_zoom":13.438},{"_mousePosition":[936,347],"_rootPartCFrame":[772.845,222.699,47.178,-0.009,0,1,0,1,0,-1,0,-0.009],"_humanoidState":8,"_cameraCFrame":[781.061,234.83,47.436,0.031,-0.791,0.611,0,0.612,0.791,-1,-0.025,0.019],"_shiftlockState":false,"_pose":"Running","_animationQueue":[],"_animationSpeed":1.065,"_zoom":13.438},{"_mousePosition":[936,347],"_rootPartCFrame":[772.512,223.77,47.181,-0.009,0,1,0,1,0,-1,0,-0.009],"_humanoidState":3,"_cameraCFrame":[779.825,236.534,47.648,0.064,-0.837,0.544,0,0.545,0.838,-0.998,-0.054,0.035],"_shiftlockState":false,"_pose":"Jumping","_animationQueue":[["walk",0.1],["jump",0.1]],"_animationSpeed":1,"_zoom":13.438},{"_mousePosition":[936,347],"_rootPartCFrame":[772.179,224.754,47.172,-0.004,0,1,0,1,0,-1,0,-0.004],"_humanoidState":5,"_cameraCFrame":[779,237.822,47.68,0.074,-0.858,0.508,0,0.509,0.861,-0.997,-0.064,0.038],"_shiftlockState":false,"_pose":"FreeFall","_animationQueue":[["jump",0.1]],"_animationSpeed":1,"_zoom":13.438},{"_mousePosition":[936,347],"_rootPartCFrame":[772.046,225.125,47.164,0,0,1,0,1,0,-1,0,0],"_humanoidState":5,"_cameraCFrame":[778.096,238.613,47.653,0.081,-0.889,0.45,0,0.452,0.892,-0.997,-0.072,0.036],"_shiftlockState":false,"_pose":"FreeFall","_animationQueue":[],"_animationSpeed":1,"_zoom":13.438},{"_mousePosition":[936,347],"_rootPartCFrame":[771.78,225.824,47.145,0.009,0,1,0,1,0,-1,0,0.009],"_humanoidState":5,"_cameraCFrame":[777.116,239.649,47.582,0.082,-0.914,0.397,0,0.398,0.917,-0.997,-0.075,0.033],"_shiftlockState":false,"_pose":"FreeFall","_animationQueue":[],"_animationSpeed":1,"_zoom":13.438},{"_mousePosition":[936,347],"_rootPartCFrame":[771.514,226.469,47.124,0.019,0,1,0,1,0,-1,0,0.019],"_humanoidState":5,"_cameraCFrame":[776.301,240.519,47.516,0.082,-0.931,0.356,0,0.357,0.934,-0.997,-0.076,0.029],"_shiftlockState":false,"_pose":"FreeFall","_animationQueue":[],"_animationSpeed":1,"_zoom":13.438},{"_mousePosition":[936,347],"_rootPartCFrame":[771.248,227.059,47.102,0.027,0,1,0,1,0,-1,0,0.027],"_humanoidState":5,"_cameraCFrame":[775.599,241.269,47.454,0.081,-0.943,0.324,0,0.325,0.946,-0.997,-0.076,0.026],"_shiftlockState":false,"_pose":"FreeFall","_animationQueue":[],"_animationSpeed":1,"_zoom":13.438},{"_mousePosition":[936,347],"_rootPartCFrame":[770.982,227.595,47.081,0.035,0,0.999,0,1,0,-0.999,0,0.035],"_humanoidState":5,"_cameraCFrame":[775.005,241.913,47.397,0.078,-0.951,0.299,0,0.3,0.954,-0.997,-0.075,0.024],"_shiftlockState":false,"_pose":"FreeFall","_animationQueue":[],"_animationSpeed":1,"_zoom":13.438},{"_mousePosition":[936,347],"_rootPartCFrame":[770.716,228.077,47.059,0.041,0,0.999,0,1,0,-0.999,0,0.041],"_humanoidState":5,"_cameraCFrame":[774.44,242.485,47.34,0.075,-0.958,0.277,0,0.278,0.961,-0.997,-0.072,0.021],"_shiftlockState":false,"_pose":"FreeFall","_animationQueue":[],"_animationSpeed":1,"_zoom":13.438},{"_mousePosition":[936,347],"_rootPartCFrame":[770.45,228.503,47.038,0.047,0,0.999,0,1,0,-0.999,0,0.047],"_humanoidState":5,"_cameraCFrame":[773.926,242.982,47.286,0.071,-0.963,0.259,0,0.259,0.966,-0.997,-0.069,0.018],"_shiftlockState":false,"_pose":"FreeFall","_animationQueue":[],"_animationSpeed":1,"_zoom":13.438},{"_mousePosition":[936,347],"_rootPartCFrame":[770.184,228.876,47.018,0.051,0,0.999,0,1,0,-0.999,0,0.051],"_humanoidState":5,"_cameraCFrame":[773.462,243.406,47.241,0.068,-0.967,0.244,0,0.244,0.97,-0.998,-0.066,0.017],"_shiftlockState":false,"_pose":"FreeFall","_animationQueue":[],"_animationSpeed":1,"_zoom":13.438},{"_mousePosition":[936,347],"_rootPartCFrame":[769.919,229.194,46.999,0.054,0,0.999,0,1,0,-0.999,0,0.054],"_humanoidState":5,"_cameraCFrame":[773.008,243.77,47.199,0.065,-0.971,0.23,0,0.23,0.973,-0.998,-0.063,0.015],"_shiftlockState":false,"_pose":"FreeFall","_animationQueue":[],"_animationSpeed":1,"_zoom":13.438},{"_mousePosition":[936,347],"_rootPartCFrame":[769.652,229.457,46.98,0.056,0,0.998,0,1,0,-0.998,0,0.056],"_humanoidState":5,"_cameraCFrame":[772.563,244.075,47.163,0.063,-0.974,0.217,0,0.217,0.976,-0.998,-0.061,0.014],"_shiftlockState":false,"_pose":"FreeFall","_animationQueue":[],"_animationSpeed":1,"_zoom":13.438},{"_mousePosition":[936,347],"_rootPartCFrame":[769.386,229.666,46.963,0.058,0,0.998,0,1,0,-0.998,0,0.058],"_humanoidState":5,"_cameraCFrame":[772.149,244.316,47.128,0.06,-0.977,0.206,0,0.206,0.979,-0.998,-0.058,0.012],"_shiftlockState":false,"_pose":"FreeFall","_animationQueue":[],"_animationSpeed":1,"_zoom":13.438},{"_mousePosition":[936,347],"_rootPartCFrame":[769.12,229.82,46.946,0.058,0,0.998,0,1,0,-0.998,0,0.058],"_humanoidState":5,"_cameraCFrame":[771.746,244.499,47.095,0.057,-0.979,0.195,0,0.196,0.981,-0.998,-0.055,0.011],"_shiftlockState":false,"_pose":"FreeFall","_animationQueue":[],"_animationSpeed":1,"_zoom":13.438},{"_mousePosition":[936,347],"_rootPartCFrame":[768.854,229.92,46.93,0.059,0,0.998,0,1,0,-0.998,0,0.059],"_humanoidState":5,"_cameraCFrame":[771.331,244.627,47.065,0.054,-0.981,0.184,0,0.185,0.983,-0.999,-0.053,0.01],"_shiftlockState":false,"_pose":"FreeFall","_animationQueue":[],"_animationSpeed":1,"_zoom":13.438},{"_mousePosition":[936,347],"_rootPartCFrame":[768.588,229.966,46.915,0.059,0,0.998,0,1,0,-0.998,0,0.059],"_humanoidState":5,"_cameraCFrame":[770.927,244.698,47.04,0.053,-0.983,0.174,0,0.174,0.985,-0.999,-0.053,0.009],"_shiftlockState":false,"_pose":"FreeFall","_animationQueue":[],"_animationSpeed":1,"_zoom":13.438},{"_mousePosition":[936,347],"_rootPartCFrame":[768.321,229.957,46.9,0.058,0,0.998,0,1,0,-0.998,0,0.058],"_humanoidState":5,"_cameraCFrame":[770.652,244.69,47.025,0.053,-0.983,0.173,0,0.174,0.985,-0.999,-0.053,0.009],"_shiftlockState":false,"_pose":"FreeFall","_animationQueue":[],"_animationSpeed":1,"_zoom":13.438},{"_mousePosition":[936,347],"_rootPartCFrame":[768.055,229.893,46.886,0.058,0,0.998,0,1,0,-0.998,0,0.058],"_humanoidState":5,"_cameraCFrame":[770.385,244.627,47.013,0.054,-0.983,0.173,0,0.174,0.985,-0.999,-0.054,0.009],"_shiftlockState":false,"_pose":"FreeFall","_animationQueue":[["fall",0.3]],"_animationSpeed":1,"_zoom":13.438},{"_mousePosition":[936,347],"_rootPartCFrame":[767.789,229.775,46.872,0.057,0,0.998,0,1,0,-0.998,0,0.057],"_humanoidState":5,"_cameraCFrame":[770.119,244.509,46.999,0.054,-0.983,0.173,0,0.174,0.985,-0.999,-0.054,0.009],"_shiftlockState":false,"_pose":"FreeFall","_animationQueue":[],"_animationSpeed":1,"_zoom":13.438},{"_mousePosition":[936,347],"_rootPartCFrame":[767.522,229.602,46.857,0.057,0,0.998,0,1,0,-0.998,0,0.057],"_humanoidState":5,"_cameraCFrame":[769.852,244.336,46.984,0.054,-0.983,0.173,0,0.174,0.985,-0.999,-0.054,0.009],"_shiftlockState":false,"_pose":"FreeFall","_animationQueue":[],"_animationSpeed":1,"_zoom":13.438},{"_mousePosition":[936,347],"_rootPartCFrame":[767.256,229.375,46.843,0.056,0,0.998,0,1,0,-0.998,0,0.056],"_humanoidState":5,"_cameraCFrame":[769.586,244.109,46.97,0.054,-0.983,0.173,0,0.174,0.985,-0.999,-0.054,0.009],"_shiftlockState":false,"_pose":"FreeFall","_animationQueue":[],"_animationSpeed":1,"_zoom":13.438},{"_mousePosition":[936,347],"_rootPartCFrame":[766.99,229.094,46.828,0.056,0,0.998,0,1,0,-0.998,0,0.056],"_humanoidState":5,"_cameraCFrame":[769.32,243.827,46.955,0.054,-0.983,0.173,0,0.174,0.985,-0.999,-0.054,0.009],"_shiftlockState":false,"_pose":"FreeFall","_animationQueue":[],"_animationSpeed":1,"_zoom":13.438},{"_mousePosition":[936,347],"_rootPartCFrame":[766.723,228.758,46.814,0.056,0,0.998,0,1,0,-0.998,0,0.056],"_humanoidState":5,"_cameraCFrame":[769.053,243.491,46.941,0.054,-0.983,0.173,0,0.174,0.985,-0.999,-0.054,0.009],"_shiftlockState":false,"_pose":"FreeFall","_animationQueue":[],"_animationSpeed":1,"_zoom":13.438},{"_mousePosition":[936,347],"_rootPartCFrame":[766.457,228.367,46.799,0.056,0,0.998,0,1,0,-0.998,0,0.056],"_humanoidState":5,"_cameraCFrame":[768.787,243.101,46.926,0.054,-0.983,0.173,0,0.174,0.985,-0.999,-0.054,0.009],"_shiftlockState":false,"_pose":"FreeFall","_animationQueue":[],"_animationSpeed":1,"_zoom":13.438},{"_mousePosition":[936,347],"_rootPartCFrame":[766.191,227.922,46.785,0.055,0,0.998,0,1,0,-0.998,0,0.055],"_humanoidState":5,"_cameraCFrame":[768.521,242.656,46.912,0.054,-0.983,0.173,0,0.174,0.985,-0.999,-0.054,0.009],"_shiftlockState":false,"_pose":"FreeFall","_animationQueue":[["fall",0.3]],"_animationSpeed":1,"_zoom":13.438},{"_mousePosition":[936,347],"_rootPartCFrame":[765.991,227.552,46.774,0.055,0,0.998,0,1,0,-0.998,0,0.055],"_humanoidState":5,"_cameraCFrame":[768.321,242.286,46.901,0.054,-0.983,0.173,0,0.174,0.985,-0.999,-0.054,0.009],"_shiftlockState":false,"_pose":"FreeFall","_animationQueue":[],"_animationSpeed":1,"_zoom":13.438},{"_mousePosition":[936,347],"_rootPartCFrame":[765.658,226.868,46.756,0.055,0,0.998,0,1,0,-0.998,0,0.055],"_humanoidState":5,"_cameraCFrame":[767.988,241.602,46.873,0.05,-0.984,0.173,0,0.174,0.985,-0.999,-0.049,0.009],"_shiftlockState":false,"_pose":"FreeFall","_animationQueue":[],"_animationSpeed":1,"_zoom":13.438},{"_mousePosition":[936,347],"_rootPartCFrame":[765.392,226.26,46.741,0.055,0,0.998,0,1,0,-0.998,0,0.055],"_humanoidState":5,"_cameraCFrame":[767.768,240.993,45.05,0.025,-0.984,0.174,0,0.174,0.985,-1,-0.025,0.004],"_shiftlockState":true,"_pose":"FreeFall","_animationQueue":[],"_animationSpeed":1,"_zoom":13.438},{"_mousePosition":[683,384],"_rootPartCFrame":[765.125,225.596,46.728,0.027,0,1,0,1,0,-1,0,0.027],"_humanoidState":5,"_cameraCFrame":[767.502,240.33,45.037,0.025,-0.984,0.174,0,0.174,0.985,-1,-0.025,0.004],"_shiftlockState":true,"_pose":"FreeFall","_animationQueue":[],"_animationSpeed":1,"_zoom":13.438},{"_mousePosition":[683,384],"_rootPartCFrame":[764.859,224.879,46.72,0.026,0,1,0,1,0,-1,0,0.026],"_humanoidState":5,"_cameraCFrame":[767.078,239.613,44.827,-0.063,-0.983,0.173,0,0.174,0.985,-0.998,0.062,-0.011],"_shiftlockState":true,"_pose":"FreeFall","_animationQueue":[],"_animationSpeed":1,"_zoom":13.438},{"_mousePosition":[683,384],"_rootPartCFrame":[764.592,224.107,46.713,-0.055,0,0.999,0,1,0,-0.999,0,-0.055],"_humanoidState":5,"_cameraCFrame":[766.499,238.841,44.506,-0.213,-0.962,0.17,0,0.174,0.985,-0.977,0.21,-0.037],"_shiftlockState":true,"_pose":"FreeFall","_animationQueue":[],"_animationSpeed":1,"_zoom":13.438},{"_mousePosition":[683,384],"_rootPartCFrame":[764.326,223.28,46.725,-0.196,0,0.981,0,1,0,-0.981,0,-0.196],"_humanoidState":5,"_cameraCFrame":[765.815,238.014,44.217,-0.382,-0.91,0.16,0,0.174,0.985,-0.924,0.376,-0.066],"_shiftlockState":true,"_pose":"FreeFall","_animationQueue":[["fall",0.3]],"_animationSpeed":1,"_zoom":13.438},{"_mousePosition":[683,384],"_rootPartCFrame":[764.064,222.508,46.776,-0.385,0,0.923,0,1,0,-0.923,0,-0.385],"_humanoidState":7,"_cameraCFrame":[765.031,237.242,44.024,-0.556,-0.819,0.144,0,0.174,0.985,-0.831,0.548,-0.097],"_shiftlockState":true,"_pose":"FreeFall","_animationQueue":[["walk",0.1],["fall",0.3],["fall",0.3]],"_animationSpeed":1,"_zoom":13.438},{"_mousePosition":[683,384],"_rootPartCFrame":[763.816,222.46,46.871,-0.566,0,0.825,0,1,0,-0.825,0,-0.566],"_humanoidState":7,"_cameraCFrame":[764.183,237.194,43.977,-0.718,-0.685,0.121,0,0.174,0.985,-0.696,0.707,-0.125],"_shiftlockState":true,"_pose":"FreeFall","_animationQueue":[],"_animationSpeed":1,"_zoom":13.438},{"_mousePosition":[683,384],"_rootPartCFrame":[763.492,222.57,46.842,-0.729,0,0.684,0,1,0,-0.684,0,-0.729],"_humanoidState":8,"_cameraCFrame":[763.414,237.304,43.926,-0.816,-0.57,0.1,0,0.174,0.985,-0.578,0.803,-0.142],"_shiftlockState":true,"_pose":"Running","_animationQueue":[["walk",0.1],["fall",0.3],["walk",0.1]],"_animationSpeed":1.103,"_zoom":13.438},{"_mousePosition":[683,384],"_rootPartCFrame":[763.226,222.629,46.838,-0.822,0,0.57,0,1,0,-0.57,0,-0.822],"_humanoidState":8,"_cameraCFrame":[762.736,237.363,43.963,-0.89,-0.45,0.079,0,0.174,0.985,-0.457,0.876,-0.154],"_shiftlockState":true,"_pose":"Running","_animationQueue":[],"_animationSpeed":1.103,"_zoom":13.438},{"_mousePosition":[683,384],"_rootPartCFrame":[762.994,222.661,46.733,-0.894,0,0.449,0,1,0,-0.449,0,-0.894],"_humanoidState":8,"_cameraCFrame":[762.219,237.395,43.921,-0.931,-0.361,0.064,0,0.174,0.985,-0.366,0.916,-0.162],"_shiftlockState":true,"_pose":"Running","_animationQueue":[],"_animationSpeed":1.103,"_zoom":13.438},{"_mousePosition":[683,384],"_rootPartCFrame":[762.759,222.679,46.608,-0.932,0,0.364,0,1,0,-0.364,0,-0.932],"_humanoidState":8,"_cameraCFrame":[761.785,237.403,43.813,-0.956,-0.288,0.052,0,0.178,0.984,-0.293,0.941,-0.17],"_shiftlockState":true,"_pose":"Running","_animationQueue":[],"_animationSpeed":1.103,"_zoom":13.438},{"_mousePosition":[683,384],"_rootPartCFrame":[762.512,222.689,46.507,-0.956,0,0.293,0,1,0,-0.293,0,-0.956],"_humanoidState":8,"_cameraCFrame":[761.422,237.405,43.718,-0.969,-0.245,0.045,0,0.181,0.984,-0.249,0.953,-0.175],"_shiftlockState":true,"_pose":"Running","_animationQueue":[["walk",0.1]],"_animationSpeed":1.103,"_zoom":13.438},{"_mousePosition":[683,384],"_rootPartCFrame":[762.258,222.694,46.426,-0.969,0,0.249,0,1,0,-0.249,0,-0.969],"_humanoidState":8,"_cameraCFrame":[761.103,237.407,43.645,-0.975,-0.221,0.041,0,0.182,0.983,-0.224,0.958,-0.178],"_shiftlockState":true,"_pose":"Running","_animationQueue":[],"_animationSpeed":1.103,"_zoom":13.438},{"_mousePosition":[683,384],"_rootPartCFrame":[762.001,222.697,46.358,-0.975,0,0.224,0,1,0,-0.224,0,-0.975],"_humanoidState":8,"_cameraCFrame":[760.806,237.406,43.574,-0.978,-0.205,0.038,0,0.184,0.983,-0.209,0.961,-0.18],"_shiftlockState":true,"_pose":"Running","_animationQueue":[],"_animationSpeed":1.103,"_zoom":13.438},{"_mousePosition":[683,384],"_rootPartCFrame":[761.741,222.699,46.297,-0.978,0,0.209,0,1,0,-0.209,0,-0.978],"_humanoidState":8,"_cameraCFrame":[760.52,237.407,43.525,-0.98,-0.196,0.037,0,0.184,0.983,-0.2,0.963,-0.18],"_shiftlockState":true,"_pose":"Running","_animationQueue":[],"_animationSpeed":1.103,"_zoom":13.438},{"_mousePosition":[683,384],"_rootPartCFrame":[761.48,222.699,46.24,-0.98,0,0.2,0,1,0,-0.2,0,-0.98],"_humanoidState":8,"_cameraCFrame":[760.219,237.408,43.487,-0.983,-0.182,0.034,0,0.184,0.983,-0.185,0.966,-0.181],"_shiftlockState":true,"_pose":"Running","_animationQueue":[],"_animationSpeed":1.103,"_zoom":13.438},{"_mousePosition":[683,384],"_rootPartCFrame":[761.219,222.7,46.187,-0.983,0,0.185,0,1,0,-0.185,0,-0.983],"_humanoidState":8,"_cameraCFrame":[759.92,237.409,43.451,-0.985,-0.169,0.032,0,0.184,0.983,-0.172,0.968,-0.181],"_shiftlockState":true,"_pose":"Running","_animationQueue":[],"_animationSpeed":1.103,"_zoom":13.438},{"_mousePosition":[683,384],"_rootPartCFrame":[760.957,222.7,46.137,-0.985,0,0.172,0,1,0,-0.172,0,-0.985],"_humanoidState":8,"_cameraCFrame":[759.645,237.411,43.417,-0.986,-0.165,0.031,0,0.183,0.983,-0.168,0.969,-0.181],"_shiftlockState":true,"_pose":"Running","_animationQueue":[],"_animationSpeed":1.103,"_zoom":13.438},{"_mousePosition":[683,384],"_rootPartCFrame":[760.695,222.7,46.09,-0.986,0,0.168,0,1,0,-0.168,0,-0.986],"_humanoidState":8,"_cameraCFrame":[759.383,237.411,43.37,-0.986,-0.165,0.031,0,0.183,0.983,-0.168,0.969,-0.181],"_shiftlockState":true,"_pose":"Running","_animationQueue":[["walk",0.1]],"_animationSpeed":1.103,"_zoom":13.438},{"_mousePosition":[683,384],"_rootPartCFrame":[760.497,222.695,46.057,-0.986,0,0.168,0,1,0,-0.168,0,-0.986],"_humanoidState":8,"_cameraCFrame":[759.187,237.409,43.355,-0.985,-0.167,0.031,0,0.182,0.983,-0.17,0.969,-0.179],"_shiftlockState":true,"_pose":"Running","_animationQueue":[],"_animationSpeed":1.103,"_zoom":13.438},{"_mousePosition":[683,384],"_rootPartCFrame":[760.103,222.696,45.99,-0.985,0,0.17,0,1,0,-0.17,0,-0.985],"_humanoidState":8,"_cameraCFrame":[758.826,237.415,43.291,-0.983,-0.18,0.033,0,0.18,0.984,-0.183,0.967,-0.177],"_shiftlockState":true,"_pose":"Running","_animationQueue":[],"_animationSpeed":1.103,"_zoom":13.438},{"_mousePosition":[683,384],"_rootPartCFrame":[759.906,222.698,45.956,-0.983,0,0.183,0,1,0,-0.183,0,-0.983],"_humanoidState":8,"_cameraCFrame":[758.702,237.424,43.261,-0.977,-0.21,0.038,0,0.177,0.984,-0.213,0.962,-0.173],"_shiftlockState":true,"_pose":"Running","_animationQueue":[],"_animationSpeed":1.103,"_zoom":13.438},{"_mousePosition":[683,384],"_rootPartCFrame":[759.644,222.699,45.907,-0.977,0,0.213,0,1,0,-0.213,0,-0.977],"_humanoidState":8,"_cameraCFrame":[758.512,237.432,43.219,-0.97,-0.239,0.042,0,0.174,0.985,-0.243,0.955,-0.168],"_shiftlockState":true,"_pose":"Running","_animationQueue":[],"_animationSpeed":1.103,"_zoom":13.438},{"_mousePosition":[683,384],"_rootPartCFrame":[759.318,222.699,45.837,-0.97,0,0.243,0,1,0,-0.243,0,-0.97],"_humanoidState":8,"_cameraCFrame":[758.271,237.433,43.115,-0.962,-0.269,0.047,0,0.174,0.985,-0.273,0.947,-0.167],"_shiftlockState":true,"_pose":"Running","_animationQueue":[],"_animationSpeed":1.103,"_zoom":13.438},{"_mousePosition":[683,384],"_rootPartCFrame":[758.992,222.648,45.766,-0.962,0,0.273,0,1,0,-0.273,0,-0.962],"_humanoidState":8,"_cameraCFrame":[758.011,237.382,43.019,-0.955,-0.292,0.051,0,0.174,0.985,-0.296,0.941,-0.166],"_shiftlockState":true,"_pose":"Running","_animationQueue":[["walk",0.1]],"_animationSpeed":1.103,"_zoom":13.438},{"_mousePosition":[683,384],"_rootPartCFrame":[758.732,223.511,45.71,-0.955,0,0.296,0,1,0,-0.296,0,-0.955],"_humanoidState":3,"_cameraCFrame":[757.786,238.245,42.95,-0.951,-0.303,0.053,0,0.174,0.985,-0.308,0.937,-0.165],"_shiftlockState":true,"_pose":"Jumping","_animationQueue":[["walk",0.1],["jump",0.1]],"_animationSpeed":1,"_zoom":13.438},{"_mousePosition":[683,384],"_rootPartCFrame":[758.539,224.123,45.655,-0.93,0,0.367,0,1,0,-0.367,0,-0.93],"_humanoidState":5,"_cameraCFrame":[757.605,238.857,42.892,-0.95,-0.307,0.054,0,0.174,0.985,-0.312,0.936,-0.165],"_shiftlockState":true,"_pose":"FreeFall","_animationQueue":[["jump",0.1]],"_animationSpeed":1,"_zoom":13.438},{"_mousePosition":[683,384],"_rootPartCFrame":[758.286,224.89,45.574,-0.904,0,0.428,0,1,0,-0.428,0,-0.904],"_humanoidState":5,"_cameraCFrame":[757.345,239.624,42.813,-0.951,-0.305,0.054,0,0.174,0.985,-0.31,0.936,-0.165],"_shiftlockState":true,"_pose":"FreeFall","_animationQueue":[],"_animationSpeed":1,"_zoom":13.438},{"_mousePosition":[683,384],"_rootPartCFrame":[758.032,225.603,45.491,-0.902,0,0.433,0,1,0,-0.433,0,-0.902],"_humanoidState":5,"_cameraCFrame":[757.057,240.337,42.742,-0.955,-0.294,0.052,0,0.174,0.985,-0.298,0.94,-0.166],"_shiftlockState":true,"_pose":"FreeFall","_animationQueue":[],"_animationSpeed":1,"_zoom":13.438},{"_mousePosition":[683,384],"_rootPartCFrame":[757.779,226.262,45.408,-0.907,0,0.422,0,1,0,-0.422,0,-0.907],"_humanoidState":5,"_cameraCFrame":[756.749,240.996,42.679,-0.96,-0.275,0.048,0,0.174,0.985,-0.279,0.946,-0.167],"_shiftlockState":true,"_pose":"FreeFall","_animationQueue":[],"_animationSpeed":1,"_zoom":13.438},{"_mousePosition":[683,384],"_rootPartCFrame":[757.524,226.866,45.328,-0.915,0,0.404,0,1,0,-0.404,0,-0.915],"_humanoidState":5,"_cameraCFrame":[756.421,241.6,42.628,-0.968,-0.249,0.044,0,0.174,0.985,-0.253,0.953,-0.168],"_shiftlockState":true,"_pose":"FreeFall","_animationQueue":[],"_animationSpeed":1,"_zoom":13.438},{"_mousePosition":[683,384],"_rootPartCFrame":[757.268,227.415,45.253,-0.925,0,0.379,0,1,0,-0.379,0,-0.925],"_humanoidState":5,"_cameraCFrame":[756.07,242.149,42.594,-0.976,-0.215,0.038,0,0.174,0.985,-0.218,0.961,-0.169],"_shiftlockState":true,"_pose":"FreeFall","_animationQueue":[],"_animationSpeed":1,"_zoom":13.438},{"_mousePosition":[683,384],"_rootPartCFrame":[757.011,227.91,45.184,-0.938,0,0.346,0,1,0,-0.346,0,-0.938],"_humanoidState":5,"_cameraCFrame":[755.704,242.644,42.577,-0.984,-0.175,0.031,0,0.174,0.985,-0.178,0.969,-0.171],"_shiftlockState":true,"_pose":"FreeFall","_animationQueue":[],"_animationSpeed":1,"_zoom":13.438},{"_mousePosition":[683,384],"_rootPartCFrame":[756.751,228.351,45.125,-0.952,0,0.307,0,1,0,-0.307,0,-0.952],"_humanoidState":5,"_cameraCFrame":[755.304,243.081,42.572,-0.992,-0.121,0.022,0,0.175,0.985,-0.123,0.977,-0.174],"_shiftlockState":true,"_pose":"FreeFall","_animationQueue":[],"_animationSpeed":1,"_zoom":13.438},{"_mousePosition":[683,384],"_rootPartCFrame":[756.489,228.737,45.076,-0.967,0,0.254,0,1,0,-0.254,0,-0.967],"_humanoidState":5,"_cameraCFrame":[754.881,243.455,42.56,-0.998,-0.057,0.01,0,0.18,0.984,-0.058,0.982,-0.18],"_shiftlockState":true,"_pose":"FreeFall","_animationQueue":[],"_animationSpeed":1,"_zoom":13.438},{"_mousePosition":[683,384],"_rootPartCFrame":[756.224,229.068,45.041,-0.982,0,0.19,0,1,0,-0.19,0,-0.982],"_humanoidState":5,"_cameraCFrame":[754.506,243.775,42.536,-1,-0.012,0.002,0,0.185,0.983,-0.013,0.983,-0.185],"_shiftlockState":true,"_pose":"FreeFall","_animationQueue":[],"_animationSpeed":1,"_zoom":13.438},{"_mousePosition":[683,384],"_rootPartCFrame":[755.959,229.346,45.022,-0.989,0,0.145,0,1,0,-0.145,0,-0.989],"_humanoidState":5,"_cameraCFrame":[754.083,244.03,42.512,-0.999,0.048,-0.01,0,0.193,0.981,0.049,0.98,-0.193],"_shiftlockState":true,"_pose":"FreeFall","_animationQueue":[],"_animationSpeed":1,"_zoom":13.438},{"_mousePosition":[683,384],"_rootPartCFrame":[755.701,229.568,45.03,-0.998,0,0.07,0,1,0,-0.07,0,-0.998],"_humanoidState":5,"_cameraCFrame":[753.688,244.22,42.456,-0.995,0.096,-0.02,0,0.205,0.979,0.098,0.974,-0.204],"_shiftlockState":true,"_pose":"FreeFall","_animationQueue":[],"_animationSpeed":1,"_zoom":13.438},{"_mousePosition":[683,384],"_rootPartCFrame":[755.458,229.736,45.074,-1,0,0.014,0,1,0,-0.014,0,-1],"_humanoidState":5,"_cameraCFrame":[753.286,244.339,42.385,-0.989,0.144,-0.033,0,0.222,0.975,0.148,0.964,-0.219],"_shiftlockState":true,"_pose":"FreeFall","_animationQueue":[],"_animationSpeed":1,"_zoom":13.438},{"_mousePosition":[683,384],"_rootPartCFrame":[755.232,229.85,45.155,-0.98,0,-0.201,0,1,0,0.201,0,-0.98],"_humanoidState":5,"_cameraCFrame":[752.873,244.377,42.26,-0.981,0.189,-0.048,0,0.245,0.969,0.195,0.951,-0.241],"_shiftlockState":true,"_pose":"FreeFall","_animationQueue":[],"_animationSpeed":1,"_zoom":13.438},{"_mousePosition":[683,384],"_rootPartCFrame":[754.988,229.915,45.292,-0.987,0,-0.16,0,1,0,0.16,0,-0.987],"_humanoidState":5,"_cameraCFrame":[752.937,244.367,41.874,-0.996,0.083,-0.023,0,0.267,0.964,0.086,0.96,-0.266],"_shiftlockState":true,"_pose":"FreeFall","_animationQueue":[["fall",0.3]],"_animationSpeed":1,"_zoom":13.438},{"_mousePosition":[683,384],"_rootPartCFrame":[754.831,229.906,45.425,-0.982,0,0.19,0,1,0,-0.19,0,-0.982],"_humanoidState":5,"_cameraCFrame":[753.933,244.147,40.896,-0.981,-0.182,0.061,0,0.318,0.948,-0.192,0.93,-0.312],"_shiftlockState":true,"_pose":"FreeFall","_animationQueue":[["fall",0.3]],"_animationSpeed":1,"_zoom":13.438},{"_mousePosition":[683,384],"_rootPartCFrame":[754.693,229.829,45.576,-0.988,-0.003,0.153,-0.003,1,-0.001,-0.153,-0.002,-0.988],"_humanoidState":5,"_cameraCFrame":[753.791,244.07,41.045,-0.981,-0.182,0.061,0,0.318,0.948,-0.192,0.93,-0.312],"_shiftlockState":true,"_pose":"FreeFall","_animationQueue":[["fall",0.3]],"_animationSpeed":1,"_zoom":13.438},{"_mousePosition":[683,384],"_rootPartCFrame":[754.677,229.935,45.561,-0.988,-0.004,0.153,-0.004,1,-0.002,-0.153,-0.002,-0.988],"_humanoidState":12,"_cameraCFrame":[753.83,244.169,40.998,-0.979,-0.193,0.065,0,0.319,0.948,-0.203,0.928,-0.313],"_shiftlockState":true,"_pose":"Climbing","_animationQueue":[["walk",0.1],["fall",0.3],["climb",0.1]],"_animationSpeed":-0.269,"_zoom":13.438},{"_mousePosition":[683,384],"_rootPartCFrame":[754.675,230.166,45.558,-0.981,0,0.194,-0.001,1,0,-0.194,0,-0.981],"_humanoidState":12,"_cameraCFrame":[754.606,244.3,40.656,-0.939,-0.323,0.117,0,0.341,0.94,-0.344,0.883,-0.32],"_shiftlockState":true,"_pose":"Climbing","_animationQueue":[["climb",0.1]],"_animationSpeed":0.87,"_zoom":13.438},{"_mousePosition":[683,384],"_rootPartCFrame":[754.782,230.408,45.536,-0.942,0.004,0.335,0.001,1,-0.009,-0.335,-0.009,-0.942],"_humanoidState":8,"_cameraCFrame":[756.639,244.371,40.535,-0.771,-0.591,0.238,0,0.374,0.927,-0.637,0.715,-0.288],"_shiftlockState":true,"_pose":"Standing","_animationQueue":[["climb",0.1],["walk",0.1],["idle",0.1]],"_animationSpeed":1,"_zoom":13.438},{"_mousePosition":[683,384],"_rootPartCFrame":[754.916,230.837,45.294,-0.799,0.01,0.601,0.005,1,-0.009,-0.601,-0.004,-0.799],"_humanoidState":8,"_cameraCFrame":[758.807,244.747,41.465,-0.436,-0.831,0.345,0,0.384,0.923,-0.9,0.402,-0.167],"_shiftlockState":true,"_pose":"Standing","_animationQueue":[],"_animationSpeed":1,"_zoom":13.438},{"_mousePosition":[683,384],"_rootPartCFrame":[754.808,231.538,45.043,-0.436,0.006,0.9,0.002,1,-0.005,-0.9,0,-0.436],"_humanoidState":8,"_cameraCFrame":[759.224,245.683,42.962,-0.074,-0.938,0.338,0,0.339,0.941,-0.997,0.07,-0.025],"_shiftlockState":true,"_pose":"Running","_animationQueue":[["walk",0.1]],"_animationSpeed":0.186,"_zoom":13.438},{"_mousePosition":[683,384],"_rootPartCFrame":[754.66,232.665,45.052,-0.052,-0.003,0.999,0.001,1,0.003,-0.999,0.001,-0.052],"_humanoidState":3,"_cameraCFrame":[758.08,247.154,43.268,-0.01,-0.967,0.256,0,0.256,0.967,-1,0.01,-0.003],"_shiftlockState":true,"_pose":"Jumping","_animationQueue":[["walk",0.1],["walk",0.1],["jump",0.1]],"_animationSpeed":1,"_zoom":13.438},{"_mousePosition":[683,384],"_rootPartCFrame":[754.557,233.32,45.058,-0.009,-0.004,1,0,1,0.004,-1,0,-0.009],"_humanoidState":5,"_cameraCFrame":[757.206,247.987,43.265,-0.016,-0.98,0.2,0,0.2,0.98,-1,0.016,-0.003],"_shiftlockState":true,"_pose":"FreeFall","_animationQueue":[["jump",0.1]],"_animationSpeed":1,"_zoom":13.438},{"_mousePosition":[683,384],"_rootPartCFrame":[754.386,234.146,45.066,-0.017,-0.002,1,0,1,0.002,-1,0,-0.017],"_humanoidState":5,"_cameraCFrame":[756.973,248.824,43.257,-0.023,-0.98,0.196,0,0.196,0.981,-1,0.022,-0.004],"_shiftlockState":true,"_pose":"FreeFall","_animationQueue":[],"_animationSpeed":1,"_zoom":13.438},{"_mousePosition":[683,384],"_rootPartCFrame":[754.176,234.917,45.072,-0.022,0,1,0,1,0,-1,0,-0.022],"_humanoidState":5,"_cameraCFrame":[756.835,249.581,43.256,-0.025,-0.979,0.201,0,0.201,0.98,-1,0.024,-0.005],"_shiftlockState":true,"_pose":"FreeFall","_animationQueue":[],"_animationSpeed":1,"_zoom":13.438},{"_mousePosition":[683,384],"_rootPartCFrame":[753.926,235.635,45.078,-0.024,0,1,0,1,0,-1,0,-0.024],"_humanoidState":5,"_cameraCFrame":[756.59,250.293,43.236,-0.034,-0.979,0.203,0,0.203,0.979,-0.999,0.033,-0.007],"_shiftlockState":true,"_pose":"FreeFall","_animationQueue":[],"_animationSpeed":1,"_zoom":13.438},{"_mousePosition":[683,384],"_rootPartCFrame":[753.593,236.454,45.086,-0.033,0,0.999,0,1,0,-0.999,0,-0.033],"_humanoidState":5,"_cameraCFrame":[756.288,251.097,43.179,-0.057,-0.976,0.208,0,0.208,0.978,-0.998,0.056,-0.012],"_shiftlockState":true,"_pose":"FreeFall","_animationQueue":[],"_animationSpeed":1,"_zoom":13.438},{"_mousePosition":[683,384],"_rootPartCFrame":[753.326,237.049,45.095,-0.055,0,0.999,0,1,0,-0.999,0,-0.055],"_humanoidState":5,"_cameraCFrame":[756.139,251.657,43.119,-0.078,-0.972,0.219,0,0.22,0.975,-0.997,0.076,-0.017],"_shiftlockState":true,"_pose":"FreeFall","_animationQueue":[],"_animationSpeed":1,"_zoom":13.438},{"_mousePosition":[683,384],"_rootPartCFrame":[753.127,237.459,45.106,-0.076,0,0.997,0,1,0,-0.997,0,-0.076],"_humanoidState":5,"_cameraCFrame":[756.08,252.03,43.093,-0.086,-0.969,0.231,0,0.232,0.973,-0.996,0.084,-0.02],"_shiftlockState":true,"_pose":"FreeFall","_animationQueue":[],"_animationSpeed":1,"_zoom":13.438},{"_mousePosition":[683,384],"_rootPartCFrame":[752.794,238.074,45.131,-0.084,0,0.996,0,1,0,-0.996,0,-0.084],"_humanoidState":5,"_cameraCFrame":[755.815,252.63,43.119,-0.084,-0.968,0.236,0,0.237,0.972,-0.996,0.082,-0.02],"_shiftlockState":true,"_pose":"FreeFall","_animationQueue":[],"_animationSpeed":1,"_zoom":13.438},{"_mousePosition":[683,384],"_rootPartCFrame":[752.529,238.505,45.153,-0.084,0,0.996,0,1,0,-0.996,0,-0.084],"_humanoidState":5,"_cameraCFrame":[755.627,253.048,43.176,-0.072,-0.968,0.24,0,0.241,0.971,-0.997,0.07,-0.017],"_shiftlockState":true,"_pose":"FreeFall","_animationQueue":[],"_animationSpeed":1,"_zoom":13.438},{"_mousePosition":[683,384],"_rootPartCFrame":[752.263,238.881,45.176,-0.073,0,0.997,0,1,0,-0.997,0,-0.073],"_humanoidState":5,"_cameraCFrame":[755.459,253.409,43.251,-0.054,-0.968,0.245,0,0.245,0.969,-0.999,0.052,-0.013],"_shiftlockState":true,"_pose":"FreeFall","_animationQueue":[],"_animationSpeed":1,"_zoom":13.438},{"_mousePosition":[683,384],"_rootPartCFrame":[752.063,239.128,45.191,-0.056,0,0.998,0,1,0,-0.998,0,-0.056],"_humanoidState":5,"_cameraCFrame":[755.422,253.626,43.343,-0.029,-0.967,0.254,0,0.254,0.967,-1,0.028,-0.007],"_shiftlockState":true,"_pose":"FreeFall","_animationQueue":[],"_animationSpeed":1,"_zoom":13.438},{"_mousePosition":[683,384],"_rootPartCFrame":[751.731,239.471,45.21,-0.033,0,0.999,0,1,0,-0.999,0,-0.033],"_humanoidState":5,"_cameraCFrame":[755.223,253.941,43.413,-0.013,-0.965,0.262,0,0.262,0.965,-1,0.013,-0.003],"_shiftlockState":true,"_pose":"FreeFall","_animationQueue":[],"_animationSpeed":1,"_zoom":13.438},{"_mousePosition":[683,384],"_rootPartCFrame":[751.464,239.684,45.218,-0.016,0,1,0,1,0,-1,0,-0.016],"_humanoidState":5,"_cameraCFrame":[755.084,254.122,43.447,-0.006,-0.963,0.27,0,0.27,0.963,-1,0.006,-0.002],"_shiftlockState":true,"_pose":"FreeFall","_animationQueue":[],"_animationSpeed":1,"_zoom":13.438},{"_mousePosition":[683,384],"_rootPartCFrame":[751.198,239.842,45.222,-0.007,0,1,0,1,0,-1,0,-0.007],"_humanoidState":5,"_cameraCFrame":[754.934,254.248,43.454,-0.005,-0.96,0.279,0,0.279,0.96,-1,0.005,-0.001],"_shiftlockState":true,"_pose":"FreeFall","_animationQueue":[],"_animationSpeed":1,"_zoom":13.438},{"_mousePosition":[683,384],"_rootPartCFrame":[750.998,239.925,45.224,-0.005,0,1,0,1,0,-1,0,-0.005],"_humanoidState":5,"_cameraCFrame":[754.877,254.285,43.427,-0.012,-0.957,0.29,0,0.29,0.957,-1,0.012,-0.004],"_shiftlockState":true,"_pose":"FreeFall","_animationQueue":[],"_animationSpeed":1,"_zoom":13.438},{"_mousePosition":[683,384],"_rootPartCFrame":[750.664,239.996,45.226,-0.011,0,1,0,1,0,-1,0,-0.011],"_humanoidState":5,"_cameraCFrame":[754.634,254.323,43.398,-0.02,-0.954,0.298,0,0.298,0.955,-1,0.019,-0.006],"_shiftlockState":true,"_pose":"FreeFall","_animationQueue":[],"_animationSpeed":1,"_zoom":13.438},{"_mousePosition":[683,384],"_rootPartCFrame":[750.464,239.997,45.228,-0.019,0,1,0,1,0,-1,0,-0.019],"_humanoidState":5,"_cameraCFrame":[754.51,254.295,43.36,-0.029,-0.952,0.305,0,0.305,0.952,-1,0.028,-0.009],"_shiftlockState":true,"_pose":"FreeFall","_animationQueue":[],"_animationSpeed":1,"_zoom":13.438},{"_mousePosition":[683,384],"_rootPartCFrame":[750.131,239.931,45.234,-0.027,0,1,0,1,0,-1,0,-0.027],"_humanoidState":5,"_cameraCFrame":[754.212,254.216,43.352,-0.032,-0.951,0.308,0,0.308,0.951,-0.999,0.031,-0.01],"_shiftlockState":true,"_pose":"FreeFall","_animationQueue":[],"_animationSpeed":1,"_zoom":13.438},{"_mousePosition":[683,384],"_rootPartCFrame":[749.931,239.851,45.239,-0.033,0,0.999,0,1,0,-0.999,0,-0.033],"_humanoidState":5,"_cameraCFrame":[754.027,254.131,43.356,-0.032,-0.951,0.309,0,0.309,0.951,-0.999,0.031,-0.01],"_shiftlockState":true,"_pose":"FreeFall","_animationQueue":[],"_animationSpeed":1,"_zoom":13.438},{"_mousePosition":[683,384],"_rootPartCFrame":[749.598,239.649,45.25,-0.032,0,0.999,0,1,0,-0.999,0,-0.032],"_humanoidState":5,"_cameraCFrame":[753.694,253.928,43.366,-0.032,-0.951,0.309,0,0.309,0.951,-0.999,0.031,-0.01],"_shiftlockState":true,"_pose":"FreeFall","_animationQueue":[["fall",0.3]],"_animationSpeed":1,"_zoom":13.438},{"_mousePosition":[683,384],"_rootPartCFrame":[749.398,239.487,45.256,-0.032,0,0.999,0,1,0,-0.999,0,-0.032],"_humanoidState":5,"_cameraCFrame":[753.494,253.766,43.373,-0.032,-0.951,0.309,0,0.309,0.951,-0.999,0.031,-0.01],"_shiftlockState":true,"_pose":"FreeFall","_animationQueue":[],"_animationSpeed":1,"_zoom":13.438},{"_mousePosition":[683,384],"_rootPartCFrame":[749.131,239.223,45.265,-0.032,0,0.999,0,1,0,-0.999,0,-0.032],"_humanoidState":5,"_cameraCFrame":[753.227,253.502,43.381,-0.032,-0.951,0.309,0,0.309,0.951,-0.999,0.031,-0.01],"_shiftlockState":true,"_pose":"FreeFall","_animationQueue":[],"_animationSpeed":1,"_zoom":13.438},{"_mousePosition":[683,384],"_rootPartCFrame":[749.047,239.305,45.267,-0.01,-0.027,1,-0.002,1,0.027,-1,-0.002,-0.01],"_humanoidState":12,"_cameraCFrame":[753.102,253.584,43.381,-0.032,-0.951,0.309,0,0.309,0.951,-0.999,0.031,-0.01],"_shiftlockState":true,"_pose":"Climbing","_animationQueue":[["walk",0.1],["fall",0.3],["climb",0.1],["climb",0]],"_animationSpeed":-1.422,"_zoom":13.438},{"_mousePosition":[683,384],"_rootPartCFrame":[749.13,239.531,45.265,-0.022,-0.011,1,-0.001,1,0.011,-1,-0.001,-0.022],"_humanoidState":12,"_cameraCFrame":[753.209,253.811,43.38,-0.032,-0.951,0.309,0,0.309,0.951,-0.999,0.031,-0.01],"_shiftlockState":true,"_pose":"Climbing","_animationQueue":[["climb",0.1]],"_animationSpeed":0.695,"_zoom":13.438},{"_mousePosition":[683,384],"_rootPartCFrame":[749.151,239.671,45.264,-0.032,-0.001,0.999,0,1,0.001,-0.999,0,-0.032],"_humanoidState":12,"_cameraCFrame":[753.245,253.951,43.381,-0.032,-0.951,0.309,0,0.309,0.951,-0.999,0.031,-0.01],"_shiftlockState":true,"_pose":"Climbing","_animationQueue":[["climb",0.1],["climb",0]],"_animationSpeed":0.931,"_zoom":13.438},{"_mousePosition":[683,384],"_rootPartCFrame":[749.152,239.858,45.264,-0.032,0.002,0.999,0,1,-0.002,-0.999,0,-0.032],"_humanoidState":12,"_cameraCFrame":[753.25,254.138,43.381,-0.032,-0.951,0.309,0,0.309,0.951,-0.999,0.031,-0.01],"_shiftlockState":true,"_pose":"Climbing","_animationQueue":[],"_animationSpeed":0.931,"_zoom":13.438},{"_mousePosition":[683,384],"_rootPartCFrame":[749.152,240.091,45.264,-0.032,0,0.999,0,1,0,-0.999,0,-0.032],"_humanoidState":12,"_cameraCFrame":[753.248,254.371,43.381,-0.032,-0.951,0.309,0,0.309,0.951,-0.999,0.031,-0.01],"_shiftlockState":true,"_pose":"Climbing","_animationQueue":[],"_animationSpeed":0.931,"_zoom":13.438},{"_mousePosition":[683,384],"_rootPartCFrame":[749.152,240.371,45.264,-0.032,0,0.999,0,1,0,-0.999,0,-0.032],"_humanoidState":12,"_cameraCFrame":[753.248,254.651,43.381,-0.032,-0.951,0.309,0,0.309,0.951,-0.999,0.031,-0.01],"_shiftlockState":true,"_pose":"Climbing","_animationQueue":[],"_animationSpeed":0.931,"_zoom":13.438},{"_mousePosition":[683,384],"_rootPartCFrame":[749.152,240.511,45.264,-0.032,0,0.999,0,1,0,-0.999,0,-0.032],"_humanoidState":12,"_cameraCFrame":[753.248,254.791,43.381,-0.032,-0.951,0.309,0,0.309,0.951,-0.999,0.031,-0.01],"_shiftlockState":true,"_pose":"Climbing","_animationQueue":[],"_animationSpeed":0.931,"_zoom":13.438},{"_mousePosition":[683,384],"_rootPartCFrame":[749.152,240.605,45.264,-0.032,0,0.999,0,1,0,-0.999,0,-0.032],"_humanoidState":12,"_cameraCFrame":[753.248,254.884,43.381,-0.032,-0.951,0.309,0,0.309,0.951,-0.999,0.031,-0.01],"_shiftlockState":true,"_pose":"Climbing","_animationQueue":[],"_animationSpeed":0.931,"_zoom":13.438},{"_mousePosition":[683,384],"_rootPartCFrame":[749.152,240.791,45.264,-0.032,0,0.999,0,1,0,-0.999,0,-0.032],"_humanoidState":12,"_cameraCFrame":[753.248,255.071,43.381,-0.032,-0.951,0.309,0,0.309,0.951,-0.999,0.031,-0.01],"_shiftlockState":true,"_pose":"Climbing","_animationQueue":[],"_animationSpeed":0.931,"_zoom":13.438},{"_mousePosition":[683,384],"_rootPartCFrame":[749.152,240.978,45.264,-0.032,0,0.999,0,1,0,-0.999,0,-0.032],"_humanoidState":12,"_cameraCFrame":[753.248,255.258,43.381,-0.032,-0.951,0.309,0,0.309,0.951,-0.999,0.031,-0.01],"_shiftlockState":true,"_pose":"Climbing","_animationQueue":[],"_animationSpeed":0.931,"_zoom":13.438},{"_mousePosition":[683,384],"_rootPartCFrame":[749.152,241.165,45.264,-0.032,0,0.999,0,1,0,-0.999,0,-0.032],"_humanoidState":12,"_cameraCFrame":[753.248,255.444,43.381,-0.032,-0.951,0.309,0,0.309,0.951,-0.999,0.031,-0.01],"_shiftlockState":true,"_pose":"Climbing","_animationQueue":[],"_animationSpeed":0.931,"_zoom":13.438},{"_mousePosition":[683,384],"_rootPartCFrame":[749.127,241.317,45.265,-0.032,0,0.999,0,1,0,-0.999,0,-0.032],"_humanoidState":8,"_cameraCFrame":[753.223,255.597,43.381,-0.032,-0.951,0.309,0,0.309,0.951,-0.999,0.031,-0.01],"_shiftlockState":true,"_pose":"Standing","_animationQueue":[["climb",0.1],["idle",0.1],["idle",0.1]],"_animationSpeed":1,"_zoom":13.438},{"_mousePosition":[683,384],"_rootPartCFrame":[749.04,241.431,45.268,-0.032,0,0.999,0,1,0,-0.999,0,-0.032],"_humanoidState":5,"_cameraCFrame":[753.136,255.711,43.384,-0.032,-0.951,0.309,0,0.309,0.951,-0.999,0.031,-0.01],"_shiftlockState":true,"_pose":"F