[{"_mousePosition":[1161,335],"_rootPartCFrame":[776.026,222.95,47.142,0.001,0.001,1,0,1,-0.001,-1,0,0.001],"_humanoidState":8,"_cameraCFrame":[779.992,231.244,47.607,0.116,-0.856,0.503,0,0.507,0.862,-0.993,-0.1,0.059],"_shiftlockState":false,"_pose":"Standing","_animationQueue":[],"_animationSpeed":1,"_zoom":7.88},{"_mousePosition":[1104,274],"_rootPartCFrame":[775.725,222.799,47.107,0.02,0,1,0,1,0,-1,0,0.02],"_humanoidState":8,"_cameraCFrame":[779.689,231.093,47.572,0.116,-0.856,0.503,0,0.507,0.862,-0.993,-0.1,0.059],"_shiftlockState":false,"_pose":"Standing","_animationQueue":[],"_animationSpeed":1,"_zoom":7.88},{"_mousePosition":[1085,252],"_rootPartCFrame":[775.592,222.719,47.091,0.027,0,1,0,1,0,-1,0,0.027],"_humanoidState":8,"_cameraCFrame":[779.557,231.013,47.556,0.116,-0.856,0.503,0,0.507,0.862,-0.993,-0.1,0.059],"_shiftlockState":false,"_pose":"Running","_animationQueue":[["walk",0.1]],"_animationSpeed":1.089,"_zoom":7.88},{"_mousePosition":[1032,199],"_rootPartCFrame":[775.328,222.61,47.06,0.039,0,0.999,0,1,0,-0.999,0,0.039],"_humanoidState":8,"_cameraCFrame":[779.292,230.905,47.525,0.116,-0.856,0.503,0,0.507,0.862,-0.993,-0.1,0.059],"_shiftlockState":false,"_pose":"Running","_animationQueue":[],"_animationSpeed":1.089,"_zoom":7.88},{"_mousePosition":[1011,183],"_rootPartCFrame":[775.063,222.636,47.029,0.049,0,0.999,0,1,0,-0.999,0,0.049],"_humanoidState":8,"_cameraCFrame":[779.027,230.93,47.494,0.116,-0.856,0.503,0,0.507,0.862,-0.993,-0.1,0.059],"_shiftlockState":false,"_pose":"Running","_animationQueue":[],"_animationSpeed":1.089,"_zoom":7.88},{"_mousePosition":[950,139],"_rootPartCFrame":[774.798,222.663,46.998,0.058,0,0.998,0,1,0,-0.998,0,0.058],"_humanoidState":8,"_cameraCFrame":[778.762,230.957,47.463,0.116,-0.856,0.503,0,0.507,0.862,-0.993,-0.1,0.059],"_shiftlockState":false,"_pose":"Running","_animationQueue":[],"_animationSpeed":1.089,"_zoom":7.88},{"_mousePosition":[926,127],"_rootPartCFrame":[774.401,222.685,46.951,0.07,0,0.998,0,1,0,-0.998,0,0.07],"_humanoidState":8,"_cameraCFrame":[778.365,230.979,47.416,0.116,-0.856,0.503,0,0.507,0.862,-0.993,-0.1,0.059],"_shiftlockState":false,"_pose":"Running","_animationQueue":[["walk",0.1]],"_animationSpeed":1.089,"_zoom":7.88},{"_mousePosition":[854,106],"_rootPartCFrame":[774.136,222.692,46.92,0.077,0,0.997,0,1,0,-0.997,0,0.077],"_humanoidState":8,"_cameraCFrame":[778.1,230.986,47.385,0.116,-0.856,0.503,0,0.507,0.862,-0.993,-0.1,0.059],"_shiftlockState":false,"_pose":"Running","_animationQueue":[],"_animationSpeed":1.089,"_zoom":7.88},{"_mousePosition":[832,102],"_rootPartCFrame":[774.003,222.694,46.905,0.079,0,0.997,0,1,0,-0.997,0,0.079],"_humanoidState":8,"_cameraCFrame":[777.968,230.988,47.37,0.116,-0.856,0.503,0,0.507,0.862,-0.993,-0.1,0.059],"_shiftlockState":false,"_pose":"Running","_animationQueue":[],"_animationSpeed":1.089,"_zoom":7.88},{"_mousePosition":[784,103],"_rootPartCFrame":[773.738,222.697,46.874,0.084,0,0.996,0,1,0,-0.996,0,0.084],"_humanoidState":8,"_cameraCFrame":[777.703,230.991,47.339,0.116,-0.856,0.503,0,0.507,0.862,-0.993,-0.1,0.059],"_shiftlockState":false,"_pose":"Running","_animationQueue":[],"_animationSpeed":1.089,"_zoom":7.88},{"_mousePosition":[765,108],"_rootPartCFrame":[773.473,222.698,46.843,0.089,0,0.996,0,1,0,-0.996,0,0.089],"_humanoidState":8,"_cameraCFrame":[777.438,230.992,47.308,0.116,-0.856,0.503,0,0.507,0.862,-0.993,-0.1,0.059],"_shiftlockState":false,"_pose":"Running","_animationQueue":[],"_animationSpeed":1.089,"_zoom":7.88},{"_mousePosition":[715,129],"_rootPartCFrame":[773.209,222.699,46.812,0.092,0,0.996,0,1,0,-0.996,0,0.092],"_humanoidState":8,"_cameraCFrame":[777.173,230.993,47.277,0.116,-0.856,0.503,0,0.507,0.862,-0.993,-0.1,0.059],"_shiftlockState":false,"_pose":"Running","_animationQueue":[],"_animationSpeed":1.089,"_zoom":7.88},{"_mousePosition":[697,136],"_rootPartCFrame":[772.944,222.699,46.78,0.096,0,0.995,0,1,0,-0.995,0,0.096],"_humanoidState":8,"_cameraCFrame":[776.908,230.993,47.246,0.116,-0.856,0.503,0,0.507,0.862,-0.993,-0.1,0.059],"_shiftlockState":false,"_pose":"Running","_animationQueue":[],"_animationSpeed":1.089,"_zoom":7.88},{"_mousePosition":[661,155],"_rootPartCFrame":[772.679,222.699,46.749,0.099,0,0.995,0,1,0,-0.995,0,0.099],"_humanoidState":8,"_cameraCFrame":[776.643,230.994,47.214,0.116,-0.856,0.503,0,0.507,0.862,-0.993,-0.1,0.059],"_shiftlockState":false,"_pose":"Running","_animationQueue":[["walk",0.1]],"_animationSpeed":1.089,"_zoom":7.88},{"_mousePosition":[652,162],"_rootPartCFrame":[772.281,222.7,46.703,0.102,0,0.995,0,1,0,-0.995,0,0.102],"_humanoidState":8,"_cameraCFrame":[776.246,230.994,47.168,0.116,-0.856,0.503,0,0.507,0.862,-0.993,-0.1,0.059],"_shiftlockState":false,"_pose":"Running","_animationQueue":[],"_animationSpeed":1.089,"_zoom":7.88},{"_mousePosition":[638,192],"_rootPartCFrame":[772.149,222.7,46.687,0.103,0,0.995,0,1,0,-0.995,0,0.103],"_humanoidState":8,"_cameraCFrame":[776.114,230.994,47.152,0.116,-0.856,0.503,0,0.507,0.862,-0.993,-0.1,0.059],"_shiftlockState":false,"_pose":"Running","_animationQueue":[],"_animationSpeed":1.089,"_zoom":7.88},{"_mousePosition":[636,212],"_rootPartCFrame":[771.884,222.7,46.656,0.105,0,0.994,0,1,0,-0.994,0,0.105],"_humanoidState":8,"_cameraCFrame":[775.849,230.994,47.121,0.116,-0.856,0.503,0,0.507,0.862,-0.993,-0.1,0.059],"_shiftlockState":false,"_pose":"Running","_animationQueue":[],"_animationSpeed":1.089,"_zoom":7.88},{"_mousePosition":[636,212],"_rootPartCFrame":[771.487,222.7,46.61,0.107,0,0.994,0,1,0,-0.994,0,0.107],"_humanoidState":8,"_cameraCFrame":[775.08,231.199,47.039,0.119,-0.882,0.456,0,0.459,0.888,-0.993,-0.105,0.054],"_shiftlockState":false,"_pose":"Running","_animationQueue":[],"_animationSpeed":1.089,"_zoom":7.88},{"_mousePosition":[636,212],"_rootPartCFrame":[771.354,222.7,46.594,0.108,0,0.994,0,1,0,-0.994,0,0.108],"_humanoidState":8,"_cameraCFrame":[774.615,231.361,47.015,0.128,-0.901,0.414,0,0.417,0.909,-0.992,-0.116,0.053],"_shiftlockState":false,"_pose":"Running","_animationQueue":[],"_animationSpeed":1.089,"_zoom":7.88},{"_mousePosition":[636,212],"_rootPartCFrame":[771.09,222.7,46.563,0.109,0,0.994,0,1,0,-0.994,0,0.109],"_humanoidState":8,"_cameraCFrame":[774.016,231.504,46.974,0.139,-0.918,0.371,0,0.375,0.927,-0.99,-0.129,0.052],"_shiftlockState":false,"_pose":"Running","_animationQueue":[],"_animationSpeed":1.089,"_zoom":7.88},{"_mousePosition":[636,212],"_rootPartCFrame":[770.825,222.7,46.529,0.112,0,0.994,0,1,0,-0.994,0,0.112],"_humanoidState":8,"_cameraCFrame":[773.431,231.626,46.915,0.147,-0.932,0.331,0,0.334,0.942,-0.989,-0.138,0.049],"_shiftlockState":false,"_pose":"Running","_animationQueue":[["walk",0.1]],"_animationSpeed":1.089,"_zoom":7.88},{"_mousePosition":[636,212],"_rootPartCFrame":[770.561,222.7,46.492,0.115,0,0.993,0,1,0,-0.993,0,0.115],"_humanoidState":8,"_cameraCFrame":[772.846,231.734,46.818,0.141,-0.947,0.29,0,0.293,0.956,-0.99,-0.135,0.041],"_shiftlockState":false,"_pose":"Running","_animationQueue":[],"_animationSpeed":1.089,"_zoom":7.88},{"_mousePosition":[636,212],"_rootPartCFrame":[770.297,222.7,46.453,0.119,0,0.993,0,1,0,-0.993,0,0.119],"_humanoidState":8,"_cameraCFrame":[772.293,231.819,46.689,0.118,-0.96,0.253,0,0.255,0.967,-0.993,-0.114,0.03],"_shiftlockState":false,"_pose":"Running","_animationQueue":[],"_animationSpeed":1.089,"_zoom":7.88},{"_mousePosition":[636,212],"_rootPartCFrame":[769.968,223.77,46.404,0.125,0,0.992,0,1,0,-0.992,0,0.125],"_humanoidState":3,"_cameraCFrame":[771.831,232.924,46.603,0.106,-0.966,0.236,0,0.238,0.971,-0.994,-0.103,0.025],"_shiftlockState":false,"_pose":"Jumping","_animationQueue":[["walk",0.1],["jump",0.1]],"_animationSpeed":1,"_zoom":7.88},{"_mousePosition":[636,212],"_rootPartCFrame":[769.769,224.371,46.379,0.125,0,0.992,0,1,0,-0.992,0,0.125],"_humanoidState":5,"_cameraCFrame":[771.591,233.535,46.56,0.099,-0.968,0.231,0,0.232,0.973,-0.995,-0.096,0.023],"_shiftlockState":false,"_pose":"FreeFall","_animationQueue":[["jump",0.1]],"_animationSpeed":1,"_zoom":7.88},{"_mousePosition":[636,212],"_rootPartCFrame":[769.504,225.125,46.351,0.124,0,0.992,0,1,0,-0.992,0,0.124],"_humanoidState":5,"_cameraCFrame":[771.326,234.289,46.531,0.099,-0.968,0.231,0,0.232,0.973,-0.995,-0.096,0.023],"_shiftlockState":false,"_pose":"FreeFall","_animationQueue":[],"_animationSpeed":1,"_zoom":7.88},{"_mousePosition":[636,212],"_rootPartCFrame":[769.239,225.824,46.324,0.121,0,0.993,0,1,0,-0.993,0,0.121],"_humanoidState":5,"_cameraCFrame":[771.06,234.989,46.505,0.099,-0.968,0.231,0,0.232,0.973,-0.995,-0.096,0.023],"_shiftlockState":false,"_pose":"FreeFall","_animationQueue":[],"_animationSpeed":1,"_zoom":7.88},{"_mousePosition":[636,212],"_rootPartCFrame":[768.973,226.469,46.298,0.118,0,0.993,0,1,0,-0.993,0,0.118],"_humanoidState":5,"_cameraCFrame":[770.795,235.634,46.478,0.099,-0.968,0.231,0,0.232,0.973,-0.995,-0.096,0.023],"_shiftlockState":false,"_pose":"FreeFall","_animationQueue":[],"_animationSpeed":1,"_zoom":7.88},{"_mousePosition":[636,212],"_rootPartCFrame":[768.708,227.06,46.271,0.115,0,0.993,0,1,0,-0.993,0,0.115],"_humanoidState":5,"_cameraCFrame":[770.53,236.224,46.452,0.099,-0.968,0.231,0,0.232,0.973,-0.995,-0.096,0.023],"_shiftlockState":false,"_pose":"FreeFall","_animationQueue":[],"_animationSpeed":1,"_zoom":7.88},{"_mousePosition":[636,212],"_rootPartCFrame":[768.443,227.595,46.245,0.113,0,0.994,0,1,0,-0.994,0,0.113],"_humanoidState":5,"_cameraCFrame":[770.437,236.76,44.684,0.099,-0.968,0.231,0,0.232,0.973,-0.995,-0.096,0.023],"_shiftlockState":true,"_pose":"FreeFall","_animationQueue":[],"_animationSpeed":1,"_zoom":7.88},{"_mousePosition":[683,384],"_rootPartCFrame":[768.177,228.077,46.218,0.098,0,0.995,0,1,0,-0.995,0,0.098],"_humanoidState":5,"_cameraCFrame":[770.172,237.241,44.658,0.099,-0.968,0.231,0,0.232,0.973,-0.995,-0.096,0.023],"_shiftlockState":true,"_pose":"FreeFall","_animationQueue":[],"_animationSpeed":1,"_zoom":7.88},{"_mousePosition":[683,384],"_rootPartCFrame":[767.912,228.504,46.192,0.099,0,0.995,0,1,0,-0.995,0,0.099],"_humanoidState":5,"_cameraCFrame":[769.906,237.668,44.632,0.099,-0.968,0.231,0,0.232,0.973,-0.995,-0.096,0.023],"_shiftlockState":true,"_pose":"FreeFall","_animationQueue":[],"_animationSpeed":1,"_zoom":7.88},{"_mousePosition":[683,384],"_rootPartCFrame":[767.646,228.876,46.166,0.099,0,0.995,0,1,0,-0.995,0,0.099],"_humanoidState":5,"_cameraCFrame":[769.641,238.04,44.605,0.099,-0.968,0.231,0,0.232,0.973,-0.995,-0.096,0.023],"_shiftlockState":true,"_pose":"FreeFall","_animationQueue":[],"_animationSpeed":1,"_zoom":7.88},{"_mousePosition":[683,384],"_rootPartCFrame":[767.381,229.194,46.139,0.099,0,0.995,0,1,0,-0.995,0,0.099],"_humanoidState":5,"_cameraCFrame":[769.376,238.358,44.579,0.099,-0.968,0.231,0,0.232,0.973,-0.995,-0.096,0.023],"_shiftlockState":true,"_pose":"FreeFall","_animationQueue":[],"_animationSpeed":1,"_zoom":7.88},{"_mousePosition":[683,384],"_rootPartCFrame":[767.116,229.457,46.113,0.099,0,0.995,0,1,0,-0.995,0,0.099],"_humanoidState":5,"_cameraCFrame":[769.11,238.622,44.553,0.099,-0.968,0.231,0,0.232,0.973,-0.995,-0.096,0.023],"_shiftlockState":true,"_pose":"FreeFall","_animationQueue":[],"_animationSpeed":1,"_zoom":7.88},{"_mousePosition":[683,384],"_rootPartCFrame":[766.85,229.666,46.087,0.099,0,0.995,0,1,0,-0.995,0,0.099],"_humanoidState":5,"_cameraCFrame":[768.845,238.831,44.526,0.099,-0.968,0.231,0,0.232,0.973,-0.995,-0.096,0.023],"_shiftlockState":true,"_pose":"FreeFall","_animationQueue":[],"_animationSpeed":1,"_zoom":7.88},{"_mousePosition":[683,384],"_rootPartCFrame":[766.585,229.821,46.06,0.099,0,0.995,0,1,0,-0.995,0,0.099],"_humanoidState":5,"_cameraCFrame":[768.579,238.985,44.5,0.099,-0.968,0.231,0,0.232,0.973,-0.995,-0.096,0.023],"_shiftlockState":true,"_pose":"FreeFall","_animationQueue":[],"_animationSpeed":1,"_zoom":7.88},{"_mousePosition":[683,384],"_rootPartCFrame":[766.319,229.921,46.034,0.099,0,0.995,0,1,0,-0.995,0,0.099],"_humanoidState":5,"_cameraCFrame":[768.31,239.089,44.49,0.108,-0.967,0.229,0,0.23,0.973,-0.994,-0.105,0.025],"_shiftlockState":true,"_pose":"FreeFall","_animationQueue":[],"_animationSpeed":1,"_zoom":7.88},{"_mousePosition":[683,384],"_rootPartCFrame":[766.054,229.966,46.008,0.107,0,0.994,0,1,0,-0.994,0,0.107],"_humanoidState":5,"_cameraCFrame":[768.011,239.152,44.507,0.134,-0.967,0.219,0,0.221,0.975,-0.991,-0.131,0.03],"_shiftlockState":true,"_pose":"FreeFall","_animationQueue":[],"_animationSpeed":1,"_zoom":7.88},{"_mousePosition":[683,384],"_rootPartCFrame":[765.789,229.957,45.979,0.131,0,0.991,0,1,0,-0.991,0,0.131],"_humanoidState":5,"_cameraCFrame":[767.662,239.172,44.524,0.168,-0.965,0.2,0,0.203,0.979,-0.986,-0.165,0.034],"_shiftlockState":true,"_pose":"FreeFall","_animationQueue":[["fall",0.3]],"_animationSpeed":1,"_zoom":7.88},{"_mousePosition":[683,384],"_rootPartCFrame":[765.525,229.893,45.944,0.164,0,0.986,0,1,0,-0.986,0,0.164],"_humanoidState":5,"_cameraCFrame":[767.297,239.14,44.527,0.204,-0.962,0.18,0,0.183,0.983,-0.979,-0.201,0.037],"_shiftlockState":true,"_pose":"FreeFall","_animationQueue":[],"_animationSpeed":1,"_zoom":7.88},{"_mousePosition":[683,384],"_rootPartCFrame":[765.261,229.775,45.901,0.2,0,0.98,0,1,0,-0.98,0,0.2],"_humanoidState":5,"_cameraCFrame":[767.034,239.035,44.562,0.257,-0.952,0.168,0,0.174,0.985,-0.966,-0.253,0.045],"_shiftlockState":true,"_pose":"FreeFall","_animationQueue":[],"_animationSpeed":1,"_zoom":7.88},{"_mousePosition":[683,384],"_rootPartCFrame":[765,229.603,45.848,0.251,0,0.968,0,1,0,-0.968,0,0.251],"_humanoidState":5,"_cameraCFrame":[766.825,238.863,44.58,0.296,-0.941,0.166,0,0.174,0.985,-0.955,-0.291,0.051],"_shiftlockState":true,"_pose":"FreeFall","_animationQueue":[],"_animationSpeed":1,"_zoom":7.88},{"_mousePosition":[683,384],"_rootPartCFrame":[764.742,229.375,45.781,0.29,0,0.957,0,1,0,-0.957,0,0.29],"_humanoidState":5,"_cameraCFrame":[766.637,238.841,44.58,0.323,-0.932,0.164,0,0.174,0.985,-0.946,-0.319,0.056],"_shiftlockState":true,"_pose":"FreeFall","_animationQueue":[],"_animationSpeed":1,"_zoom":10.35},{"_mousePosition":[683,384],"_rootPartCFrame":[764.487,229.094,45.704,0.319,0,0.948,0,1,0,-0.948,0,0.319],"_humanoidState":5,"_cameraCFrame":[766.473,238.937,44.571,0.346,-0.924,0.163,0,0.174,0.985,-0.938,-0.341,0.06],"_shiftlockState":true,"_pose":"FreeFall","_animationQueue":[],"_animationSpeed":1,"_zoom":10.35},{"_mousePosition":[683,384],"_rootPartCFrame":[764.234,228.758,45.619,0.343,0,0.939,0,1,0,-0.939,0,0.343],"_humanoidState":5,"_cameraCFrame":[766.322,239.022,44.575,0.374,-0.913,0.161,0,0.174,0.985,-0.927,-0.369,0.065],"_shiftlockState":true,"_pose":"FreeFall","_animationQueue":[],"_animationSpeed":1,"_zoom":10.35},{"_mousePosition":[683,384],"_rootPartCFrame":[763.984,228.367,45.528,0.371,0,0.929,0,1,0,-0.929,0,0.371],"_humanoidState":5,"_cameraCFrame":[766.155,238.981,44.563,0.399,-0.903,0.159,0,0.174,0.985,-0.917,-0.393,0.069],"_shiftlockState":true,"_pose":"FreeFall","_animationQueue":[["fall",0.3]],"_animationSpeed":1,"_zoom":10.35},{"_mousePosition":[683,384],"_rootPartCFrame":[763.736,227.922,45.429,0.395,0,0.919,0,1,0,-0.919,0,0.395],"_humanoidState":5,"_cameraCFrame":[765.975,238.835,44.532,0.418,-0.895,0.158,0,0.174,0.985,-0.909,-0.411,0.073],"_shiftlockState":true,"_pose":"FreeFall","_animationQueue":[],"_animationSpeed":1,"_zoom":10.35},{"_mousePosition":[683,384],"_rootPartCFrame":[763.43,227.289,45.297,0.414,0,0.91,0,1,0,-0.91,0,0.414],"_humanoidState":5,"_cameraCFrame":[765.712,238.419,44.438,0.426,-0.891,0.157,0,0.174,0.985,-0.905,-0.42,0.074],"_shiftlockState":true,"_pose":"FreeFall","_animationQueue":[],"_animationSpeed":1,"_zoom":10.35},{"_mousePosition":[683,384],"_rootPartCFrame":[763.248,226.868,45.214,0.425,0,0.905,0,1,0,-0.905,0,0.425],"_humanoidState":5,"_cameraCFrame":[765.561,238.177,44.376,0.429,-0.89,0.157,0,0.174,0.985,-0.903,-0.423,0.075],"_shiftlockState":true,"_pose":"FreeFall","_animationQueue":[],"_animationSpeed":1,"_zoom":10.35},{"_mousePosition":[683,384],"_rootPartCFrame":[763.006,226.26,45.101,0.428,0,0.904,0,1,0,-0.904,0,0.428],"_humanoidState":5,"_cameraCFrame":[765.339,237.683,44.273,0.43,-0.889,0.157,0,0.174,0.985,-0.903,-0.424,0.075],"_shiftlockState":true,"_pose":"FreeFall","_animationQueue":[],"_animationSpeed":1,"_zoom":10.35},{"_mousePosition":[683,384],"_rootPartCFrame":[762.765,225.597,44.987,0.43,0,0.903,0,1,0,-0.903,0,0.43],"_humanoidState":5,"_cameraCFrame":[765.112,237.102,44.168,0.431,-0.889,0.157,0,0.174,0.985,-0.902,-0.424,0.075],"_shiftlockState":true,"_pose":"FreeFall","_animationQueue":[],"_animationSpeed":1,"_zoom":10.35},{"_mousePosition":[683,384],"_rootPartCFrame":[762.525,224.879,44.872,0.431,0,0.902,0,1,0,-0.902,0,0.431],"_humanoidState":5,"_cameraCFrame":[764.88,236.445,44.058,0.431,-0.889,0.157,0,0.174,0.985,-0.902,-0.424,0.075],"_shiftlockState":true,"_pose":"FreeFall","_animationQueue":[],"_animationSpeed":1,"_zoom":10.35},{"_mousePosition":[683,384],"_rootPartCFrame":[762.284,224.107,44.757,0.431,0,0.902,0,1,0,-0.902,0,0.431],"_humanoidState":5,"_cameraCFrame":[764.647,235.713,43.948,0.432,-0.888,0.157,0,0.174,0.985,-0.902,-0.425,0.075],"_shiftlockState":true,"_pose":"FreeFall","_animationQueue":[["fall",0.3]],"_animationSpeed":1,"_zoom":10.35},{"_mousePosition":[683,384],"_rootPartCFrame":[762.043,223.28,44.642,0.432,0,0.902,0,1,0,-0.902,0,0.432],"_humanoidState":5,"_cameraCFrame":[764.411,234.915,43.836,0.432,-0.888,0.157,0,0.174,0.985,-0.902,-0.425,0.075],"_shiftlockState":true,"_pose":"FreeFall","_animationQueue":[],"_animationSpeed":1,"_zoom":10.35},{"_mousePosition":[683,384],"_rootPartCFrame":[761.803,222.508,44.527,0.432,0,0.902,0,1,0,-0.902,0,0.432],"_humanoidState":7,"_cameraCFrame":[764.173,234.162,43.722,0.432,-0.888,0.157,0,0.174,0.985,-0.902,-0.425,0.075],"_shiftlockState":true,"_pose":"FreeFall","_animationQueue":[["walk",0.1],["fall",0.3],["fall",0.3]],"_animationSpeed":1,"_zoom":10.35},{"_mousePosition":[683,384],"_rootPartCFrame":[761.562,222.46,44.412,0.432,0,0.902,0,1,0,-0.902,0,0.432],"_humanoidState":7,"_cameraCFrame":[763.935,234.127,43.608,0.432,-0.888,0.157,0,0.174,0.985,-0.902,-0.425,0.075],"_shiftlockState":true,"_pose":"FreeFall","_animationQueue":[],"_animationSpeed":1,"_zoom":10.35},{"_mousePosition":[683,384],"_rootPartCFrame":[761.322,222.549,44.297,0.432,0,0.902,0,1,0,-0.902,0,0.432],"_humanoidState":8,"_cameraCFrame":[763.696,234.225,43.493,0.432,-0.888,0.157,0,0.174,0.985,-0.902,-0.425,0.075],"_shiftlockState":true,"_pose":"Running","_animationQueue":[["walk",0.1],["fall",0.3],["walk",0.1]],"_animationSpeed":1.103,"_zoom":10.35},{"_mousePosition":[683,384],"_rootPartCFrame":[761.081,222.615,44.181,0.432,0,0.902,0,1,0,-0.902,0,0.432],"_humanoidState":8,"_cameraCFrame":[763.451,234.297,43.361,0.425,-0.891,0.157,0,0.174,0.985,-0.905,-0.419,0.074],"_shiftlockState":true,"_pose":"Running","_animationQueue":[],"_animationSpeed":1.103,"_zoom":10.35},{"_mousePosition":[683,384],"_rootPartCFrame":[760.841,222.654,44.066,0.425,0,0.905,0,1,0,-0.905,0,0.425],"_humanoidState":8,"_cameraCFrame":[763.193,234.339,43.197,0.406,-0.9,0.159,0,0.174,0.985,-0.914,-0.4,0.071],"_shiftlockState":true,"_pose":"Running","_animationQueue":[["walk",0.1]],"_animationSpeed":1.103,"_zoom":10.35},{"_mousePosition":[683,384],"_rootPartCFrame":[760.6,222.675,43.953,0.406,0,0.914,0,1,0,-0.914,0,0.406],"_humanoidState":8,"_cameraCFrame":[762.917,234.363,42.993,0.371,-0.915,0.161,0,0.174,0.985,-0.929,-0.365,0.064],"_shiftlockState":true,"_pose":"Running","_animationQueue":[],"_animationSpeed":1.103,"_zoom":10.35},{"_mousePosition":[683,384],"_rootPartCFrame":[760.356,222.686,43.844,0.371,0,0.929,0,1,0,-0.929,0,0.371],"_humanoidState":8,"_cameraCFrame":[762.613,234.376,42.75,0.315,-0.935,0.165,0,0.174,0.985,-0.949,-0.311,0.055],"_shiftlockState":true,"_pose":"Running","_animationQueue":[],"_animationSpeed":1.103,"_zoom":10.35},{"_mousePosition":[683,384],"_rootPartCFrame":[760.109,222.693,43.744,0.315,0,0.949,0,1,0,-0.949,0,0.315],"_humanoidState":8,"_cameraCFrame":[762.263,234.383,42.459,0.232,-0.958,0.169,0,0.174,0.985,-0.973,-0.228,0.04],"_shiftlockState":true,"_pose":"Running","_animationQueue":[],"_animationSpeed":1.103,"_zoom":10.35},{"_mousePosition":[683,384],"_rootPartCFrame":[759.895,222.697,43.424,0.232,0,0.973,0,1,0,-0.973,0,0.232],"_humanoidState":8,"_cameraCFrame":[761.917,234.388,41.939,0.138,-0.975,0.172,0,0.174,0.985,-0.99,-0.136,0.024],"_shiftlockState":true,"_pose":"Running","_animationQueue":[],"_animationSpeed":1.103,"_zoom":10.35},{"_mousePosition":[683,384],"_rootPartCFrame":[759.793,222.698,43.252,0.138,0,0.99,0,1,0,-0.99,0,0.138],"_humanoidState":8,"_cameraCFrame":[761.6,234.39,41.513,0.006,-0.985,0.174,0,0.174,0.985,-1,-0.006,0.001],"_shiftlockState":true,"_pose":"Running","_animationQueue":[],"_animationSpeed":1.103,"_zoom":10.35},{"_mousePosition":[683,384],"_rootPartCFrame":[759.636,222.699,43.037,0,0,1,0,1,0,-1,0,0],"_humanoidState":8,"_cameraCFrame":[761.235,234.379,41.043,-0.14,-0.974,0.178,0,0.18,0.984,-0.99,0.138,-0.025],"_shiftlockState":true,"_pose":"Running","_animationQueue":[],"_animationSpeed":1.103,"_zoom":10.35},{"_mousePosition":[683,384],"_rootPartCFrame":[759.425,222.699,42.799,-0.148,0.021,0.989,0.004,1,-0.02,-0.989,0.001,-0.148],"_humanoidState":8,"_cameraCFrame":[760.821,234.367,40.583,-0.278,-0.944,0.179,0,0.186,0.982,-0.96,0.274,-0.052],"_shiftlockState":true,"_pose":"Running","_animationQueue":[["walk",0.1]],"_animationSpeed":1.103,"_zoom":10.35},{"_mousePosition":[683,384],"_rootPartCFrame":[759.42,222.695,42.627,-0.253,0.013,0.968,0.004,1,-0.012,-0.968,0.001,-0.253],"_humanoidState":8,"_cameraCFrame":[760.51,234.359,40.234,-0.407,-0.897,0.172,0,0.189,0.982,-0.913,0.4,-0.077],"_shiftlockState":true,"_pose":"Running","_animationQueue":[["walk",0.1]],"_animationSpeed":0.878,"_zoom":10.35},{"_mousePosition":[683,384],"_rootPartCFrame":[759.393,222.696,42.504,-0.531,0.011,0.847,0.003,1,-0.011,-0.847,-0.003,-0.531],"_humanoidState":8,"_cameraCFrame":[759.898,234.358,39.916,-0.609,-0.779,0.15,0,0.19,0.982,-0.793,0.598,-0.115],"_shiftlockState":true,"_pose":"Running","_animationQueue":[["walk",0.1]],"_animationSpeed":0.679,"_zoom":10.35},{"_mousePosition":[683,384],"_rootPartCFrame":[759.336,222.697,42.344,-0.605,0.011,0.796,0.002,1,-0.012,-0.797,-0.006,-0.605],"_humanoidState":8,"_cameraCFrame":[759.647,234.355,39.705,-0.672,-0.727,0.142,0,0.192,0.981,-0.741,0.66,-0.129],"_shiftlockState":true,"_pose":"Running","_animationQueue":[],"_animationSpeed":0.679,"_zoom":10.35},{"_mousePosition":[683,384],"_rootPartCFrame":[759.263,222.678,42.246,-0.671,0.01,0.742,0.002,1,-0.011,-0.742,-0.006,-0.671],"_humanoidState":8,"_cameraCFrame":[759.284,234.331,39.572,-0.753,-0.646,0.128,0,0.194,0.981,-0.658,0.738,-0.146],"_shiftlockState":true,"_pose":"Running","_animationQueue":[],"_animationSpeed":0.679,"_zoom":10.35},{"_mousePosition":[683,384],"_rootPartCFrame":[759.11,222.579,42.095,-0.754,0.007,0.657,0.002,1,-0.009,-0.657,-0.006,-0.754],"_humanoidState":8,"_cameraCFrame":[758.877,234.227,39.414,-0.814,-0.569,0.114,0,0.197,0.98,-0.58,0.798,-0.16],"_shiftlockState":true,"_pose":"Running","_animationQueue":[],"_animationSpeed":0.679,"_zoom":10.35},{"_mousePosition":[683,384],"_rootPartCFrame":[758.958,222.442,41.986,-0.816,0.004,0.578,0.001,1,-0.006,-0.578,-0.004,-0.816],"_humanoidState":8,"_cameraCFrame":[758.458,234.08,39.305,-0.872,-0.479,0.099,0,0.201,0.98,-0.489,0.854,-0.176],"_shiftlockState":true,"_pose":"Running","_animationQueue":[["walk",0.1],["walk",0.1]],"_animationSpeed":0.73,"_zoom":10.35},{"_mousePosition":[683,384],"_rootPartCFrame":[758.776,222.251,41.888,-0.873,0.001,0.488,0,1,-0.002,-0.488,-0.001,-0.873],"_humanoidState":8,"_cameraCFrame":[758.004,233.872,39.211,-0.922,-0.379,0.081,0,0.209,0.978,-0.388,0.901,-0.193],"_shiftlockState":true,"_pose":"Running","_animationQueue":[["walk",0.1]],"_animationSpeed":0.799,"_zoom":10.35},{"_mousePosition":[683,384],"_rootPartCFrame":[758.616,222.073,41.826,-0.922,0,0.388,0,1,0,-0.388,0,-0.922],"_humanoidState":8,"_cameraCFrame":[757.458,233.656,39.146,-0.973,-0.227,0.053,0,0.226,0.974,-0.233,0.947,-0.22],"_shiftlockState":true,"_pose":"Running","_animationQueue":[["walk",0.1]],"_animationSpeed":0.892,"_zoom":10.35},{"_mousePosition":[683,384],"_rootPartCFrame":[758.308,221.707,41.742,-0.973,0,0.233,0,1,0,-0.233,0,-0.973],"_humanoidState":8,"_cameraCFrame":[756.741,233.249,39.116,-0.997,-0.069,0.017,0,0.242,0.97,-0.071,0.968,-0.242],"_shiftlockState":true,"_pose":"Running","_animationQueue":[["walk",0.1]],"_animationSpeed":0.974,"_zoom":10.35},{"_mousePosition":[683,384],"_rootPartCFrame":[758.05,222.58,41.68,-0.997,0,0.071,0,1,0,-0.071,0,-0.997],"_humanoidState":3,"_cameraCFrame":[756.041,234.084,39.218,-0.995,0.098,-0.026,0,0.256,0.967,0.101,0.962,-0.255],"_shiftlockState":true,"_pose":"Jumping","_animationQueue":[["walk",0.1],["jump",0.1]],"_animationSpeed":1,"_zoom":10.35},{"_mousePosition":[683,384],"_rootPartCFrame":[757.86,223.202,41.648,-0.999,0,-0.041,0,1,0,0.041,0,-0.999],"_humanoidState":5,"_cameraCFrame":[755.5,234.697,39.48,-0.969,0.239,-0.064,0,0.259,0.966,0.247,0.936,-0.251],"_shiftlockState":true,"_pose":"FreeFall","_animationQueue":[["jump",0.1]],"_animationSpeed":1,"_zoom":10.35},{"_mousePosition":[683,384],"_rootPartCFrame":[757.617,223.983,41.639,-0.991,0,-0.132,0,1,0,0.132,0,-0.991],"_humanoidState":5,"_cameraCFrame":[754.977,235.479,39.822,-0.925,0.367,-0.099,0,0.259,0.966,0.381,0.893,-0.24],"_shiftlockState":true,"_pose":"FreeFall","_animationQueue":[],"_animationSpeed":1,"_zoom":10.35},{"_mousePosition":[683,384],"_rootPartCFrame":[757.389,224.71,41.667,-0.964,0,-0.264,0,1,0,0.264,0,-0.964],"_humanoidState":5,"_cameraCFrame":[754.597,236.196,40.04,-0.891,0.438,-0.119,0,0.263,0.965,0.454,0.86,-0.234],"_shiftlockState":true,"_pose":"FreeFall","_animationQueue":[],"_animationSpeed":1,"_zoom":10.35},{"_mousePosition":[683,384],"_rootPartCFrame":[757.158,225.382,41.731,-0.942,0,-0.334,0,1,0,0.334,0,-0.942],"_humanoidState":5,"_cameraCFrame":[754.255,236.84,40.119,-0.873,0.469,-0.133,0,0.273,0.962,0.487,0.84,-0.238],"_shiftlockState":true,"_pose":"FreeFall","_animationQueue":[],"_animationSpeed":1,"_zoom":10.35},{"_mousePosition":[683,384],"_rootPartCFrame":[756.937,225.999,41.828,-0.924,0,-0.382,0,1,0,0.382,0,-0.924],"_humanoidState":5,"_cameraCFrame":[753.986,237.437,40.177,-0.869,0.475,-0.138,0,0.28,0.96,0.494,0.835,-0.243],"_shiftlockState":true,"_pose":"FreeFall","_animationQueue":[],"_animationSpeed":1,"_zoom":10.35},{"_mousePosition":[683,384],"_rootPartCFrame":[756.744,226.562,41.954,-0.917,0,-0.398,0,1,0,0.398,0,-0.917],"_humanoidState":5,"_cameraCFrame":[753.767,237.976,40.209,-0.873,0.466,-0.14,0,0.287,0.958,0.487,0.837,-0.251],"_shiftlockState":true,"_pose":"FreeFall","_animationQueue":[],"_animationSpeed":1,"_zoom":10.35},{"_mousePosition":[683,384],"_rootPartCFrame":[756.577,227.071,42.109,-0.919,0,-0.393,0,1,0,0.393,0,-0.919],"_humanoidState":5,"_cameraCFrame":[753.644,238.43,40.016,-0.903,0.409,-0.131,0,0.304,0.953,0.429,0.86,-0.275],"_shiftlockState":true,"_pose":"FreeFall","_animationQueue":[],"_animationSpeed":1,"_zoom":10.35},{"_mousePosition":[683,384],"_rootPartCFrame":[756.437,227.525,42.293,-0.941,0,-0.338,0,1,0,0.338,0,-0.941],"_humanoidState":5,"_cameraCFrame":[753.843,238.758,39.339,-0.967,0.241,-0.087,0,0.34,0.94,0.257,0.909,-0.329],"_shiftlockState":true,"_pose":"FreeFall","_animationQueue":[],"_animationSpeed":1,"_zoom":10.35},{"_mousePosition":[683,384],"_rootPartCFrame":[756.322,227.925,42.508,-0.985,0,-0.173,0,1,0,0.173,0,-0.985],"_humanoidState":5,"_cameraCFrame":[754.394,238.995,38.651,-0.999,0.042,-0.017,0,0.381,0.925,0.046,0.924,-0.38],"_shiftlockState":true,"_pose":"FreeFall","_animationQueue":[],"_animationSpeed":1,"_zoom":10.35},{"_mousePosition":[683,384],"_rootPartCFrame":[756.24,228.27,42.74,-0.999,0,-0.04,0,1,0,0.04,0,-0.999],"_humanoidState":5,"_cameraCFrame":[755.59,239.16,38.092,-0.971,-0.218,0.101,0,0.421,0.907,-0.241,0.881,-0.408],"_shiftlockState":true,"_pose":"FreeFall","_animationQueue":[],"_animationSpeed":1,"_zoom":10.35},{"_mousePosition":[683,384],"_rootPartCFrame":[756.196,228.561,42.983,-0.978,0,0.21,0,1,0,-0.21,0,-0.978],"_humanoidState":5,"_cameraCFrame":[756.822,239.375,38.184,-0.878,-0.431,0.209,0,0.436,0.9,-0.479,0.79,-0.383],"_shiftlockState":true,"_pose":"FreeFall","_animationQueue":[],"_animationSpeed":1,"_zoom":10.35},{"_mousePosition":[683,384],"_rootPartCFrame":[756.017,228.746,43.049,-0.892,0,0.452,0,1,0,-0.452,0,-0.892],"_humanoidState":5,"_cameraCFrame":[758.086,239.564,38.682,-0.687,-0.654,0.316,0,0.435,0.9,-0.726,0.619,-0.299],"_shiftlockState":true,"_pose":"FreeFall","_animationQueue":[],"_animationSpeed":1,"_zoom":10.35},{"_mousePosition":[683,384],"_rootPartCFrame":[755.852,228.877,43.157,-0.715,0,0.699,0,1,0,-0.699,0,-0.715],"_humanoidState":5,"_cameraCFrame":[758.557,239.763,39.314,-0.544,-0.761,0.353,0,0.421,0.907,-0.839,0.494,-0.229],"_shiftlockState":true,"_pose":"FreeFall","_animationQueue":[],"_animationSpeed":1,"_zoom":10.35},{"_mousePosition":[683,384],"_rootPartCFrame":[755.679,228.953,43.301,-0.569,0,0.822,0,1,0,-0.822,0,-0.569],"_humanoidState":5,"_cameraCFrame":[758.909,239.936,40.164,-0.363,-0.854,0.373,0,0.401,0.916,-0.932,0.333,-0.145],"_shiftlockState":true,"_pose":"FreeFall","_animationQueue":[],"_animationSpeed":1,"_zoom":10.35},{"_mousePosition":[683,384],"_rootPartCFrame":[755.475,228.975,43.451,-0.388,0,0.922,0,1,0,-0.922,0,-0.388],"_humanoidState":5,"_cameraCFrame":[759.018,240.033,40.944,-0.199,-0.905,0.376,0,0.384,0.923,-0.98,0.184,-0.077],"_shiftlockState":true,"_pose":"FreeFall","_animationQueue":[],"_animationSpeed":1,"_zoom":10.35},{"_mousePosition":[683,384],"_rootPartCFrame":[755.231,228.926,43.659,-0.322,0,0.947,0,1,0,-0.947,0,-0.322],"_humanoidState":5,"_cameraCFrame":[758.938,240.019,41.556,-0.093,-0.923,0.374,0,0.376,0.927,-0.996,0.086,-0.035],"_shiftlockState":true,"_pose":"FreeFall","_animationQueue":[["fall",0.3]],"_animationSpeed":1,"_zoom":10.35},{"_mousePosition":[683,384],"_rootPartCFrame":[755.104,228.856,43.806,-0.182,0,0.983,0,1,0,-0.983,0,-0.182],"_humanoidState":5,"_cameraCFrame":[758.945,239.97,42.073,0.004,-0.929,0.37,0,0.37,0.929,-1,-0.004,0.002],"_shiftlockState":true,"_pose":"FreeFall","_animationQueue":[],"_animationSpeed":1,"_zoom":10.35},{"_mousePosition":[683,384],"_rootPartCFrame":[754.935,228.714,44.011,-0.113,0,0.994,0,1,0,-0.994,0,-0.113],"_humanoidState":5,"_cameraCFrame":[758.869,239.844,42.602,0.088,-0.927,0.365,0,0.367,0.93,-0.996,-0.082,0.032],"_shiftlockState":true,"_pose":"FreeFall","_animationQueue":[],"_animationSpeed":1,"_zoom":10.35},{"_mousePosition":[683,384],"_rootPartCFrame":[754.751,228.518,44.203,-0.028,0,1,0,1,0,-1,0,-0.028],"_humanoidState":5,"_cameraCFrame":[758.745,239.651,43,0.14,-0.922,0.362,0,0.366,0.931,-0.99,-0.13,0.051],"_shiftlockState":true,"_pose":"FreeFall","_animationQueue":[],"_animationSpeed":1,"_zoom":10.35},{"_mousePosition":[683,384],"_rootPartCFrame":[754.55,228.267,44.378,0.028,0,1,0,1,0,-1,0,0.028],"_humanoidState":5,"_cameraCFrame":[758.604,239.391,43.31,0.172,-0.916,0.363,0,0.368,0.93,-0.985,-0.16,0.063],"_shiftlockState":true,"_pose":"FreeFall","_animationQueue":[],"_animationSpeed":1,"_zoom":10.35},{"_mousePosition":[683,384],"_rootPartCFrame":[754.338,227.962,44.54,0.063,0,0.998,0,1,0,-0.998,0,0.063],"_humanoidState":5,"_cameraCFrame":[758.457,239.067,43.557,0.191,-0.911,0.366,0,0.373,0.928,-0.982,-0.177,0.071],"_shiftlockState":true,"_pose":"FreeFall","_animationQueue":[],"_animationSpeed":1,"_zoom":10.35},{"_mousePosition":[683,384],"_rootPartCFrame":[754.12,227.603,44.694,0.084,0,0.996,0,1,0,-0.996,0,0.084],"_humanoidState":5,"_cameraCFrame":[758.304,238.689,43.808,0.211,-0.905,0.369,0,0.377,0.926,-0.977,-0.196,0.08],"_shiftlockState":true,"_pose":"FreeFall","_animationQueue":[],"_animationSpeed":1,"_zoom":10.35},{"_mousePosition":[683,384],"_rootPartCFrame":[753.9,227.189,44.844,0.105,0,0.994,0,1,0,-0.994,0,0.105],"_humanoidState":5,"_cameraCFrame":[758.131,238.262,44.053,0.232,-0.9,0.37,0,0.38,0.925,-0.973,-0.214,0.088],"_shiftlockState":true,"_pose":"FreeFall","_animationQueue":[["fall",0.3]],"_animationSpeed":1,"_zoom":10.35},{"_mousePosition":[683,384],"_rootPartCFrame":[753.676,226.72,44.989,0.126,0,0.992,0,1,0,-0.992,0,0.126],"_humanoidState":5,"_cameraCFrame":[757.924,237.79,44.248,0.243,-0.897,0.369,0,0.381,0.925,-0.97,-0.225,0.092],"_shiftlockState":true,"_pose":"FreeFall","_animationQueue":[],"_animationSpeed":1,"_zoom":10.35},{"_mousePosition":[683,384],"_rootPartCFrame":[753.449,226.197,45.129,0.138,0,0.99,0,1,0,-0.99,0,0.138],"_humanoidState":5,"_cameraCFrame":[757.698,237.267,44.393,0.244,-0.897,0.369,0,0.381,0.925,-0.97,-0.225,0.093],"_shiftlockState":true,"_pose":"FreeFall","_animationQueue":[],"_animationSpeed":1,"_zoom":10.35},{"_mousePosition":[683,384],"_rootPartCFrame":[753.221,225.619,45.267,0.141,0,0.99,0,1,0,-0.99,0,0.141],"_humanoidState":5,"_cameraCFrame":[757.47,236.69,44.531,0.244,-0.897,0.369,0,0.381,0.925,-0.97,-0.225,0.093],"_shiftlockState":true,"_pose":"FreeFall","_animationQueue":[],"_animationSpeed":1,"_zoom":10.35},{"_mousePosition":[683,384],"_rootPartCFrame":[752.992,224.987,45.404,0.141,0,0.99,0,1,0,-0.99,0,0.141],"_humanoidState":5,"_cameraCFrame":[757.24,236.058,44.663,0.243,-0.897,0.369,0,0.381,0.925,-0.97,-0.225,0.092],"_shiftlockState":true,"_pose":"FreeFall","_animationQueue":[],"_animationSpeed":1,"_zoom":10.35},{"_mousePosition":[683,384],"_rootPartCFrame":[752.763,224.301,45.541,0.14,0,0.99,0,1,0,-0.99,0,0.14],"_humanoidState":5,"_cameraCFrame":[757.011,235.371,44.8,0.243,-0.897,0.369,0,0.381,0.925,-0.97,-0.225,0.092],"_shiftlockState":true,"_pose":"FreeFall","_animationQueue":[],"_animationSpeed":1,"_zoom":10.35},{"_mousePosition":[683,384],"_rootPartCFrame":[752.535,223.56,45.678,0.14,0,0.99,0,1,0,-0.99,0,0.14],"_humanoidState":5,"_cameraCFrame":[756.783,234.63,44.937,0.243,-0.897,0.369,0,0.381,0.925,-0.97,-0.225,0.092],"_shiftlockState":true,"_pose":"FreeFall","_animationQueue":[],"_animationSpeed":1,"_zoom":10.35},{"_mousePosition":[683,384],"_rootPartCFrame":[752.306,222.764,45.815,0.14,0,0.99,0,1,0,-0.99,0,0.14],"_humanoidState":5,"_cameraCFrame":[756.554,233.834,45.074,0.243,-0.897,0.369,0,0.381,0.925,-0.97,-0.225,0.092],"_shiftlockState":true,"_pose":"FreeFall","_animationQueue":[["fall",0.3]],"_animationSpeed":1,"_zoom":10.35},{"_mousePosition":[683,384],"_rootPartCFrame":[752.077,221.914,45.952,0.14,0,0.99,0,1,0,-0.99,0,0.14],"_humanoidState":5,"_cameraCFrame":[755.847,231.772,45.088,0.242,-0.897,0.37,0,0.382,0.924,-0.97,-0.224,0.092],"_shiftlockState":true,"_pose":"FreeFall","_animationQueue":[],"_animationSpeed":1,"_zoom":10.35},{"_mousePosition":[683,384],"_rootPartCFrame":[751.848,221.009,46.089,0.139,0,0.99,0,1,0,-0.99,0,0.139],"_humanoidState":5,"_cameraCFrame":[755.422,230.286,45.176,0.242,-0.895,0.374,0,0.385,0.923,-0.97,-0.223,0.093],"_shiftlockState":true,"_pose":"FreeFall","_animationQueue":[],"_animationSpeed":1,"_zoom":10.35},{"_mousePosition":[683,384],"_rootPartCFrame":[751.62,220.05,46.227,0.139,0,0.99,0,1,0,-0.99,0,0.139],"_humanoidState":5,"_cameraCFrame":[755.267,229.401,45.332,0.242,-0.894,0.378,0,0.39,0.921,-0.97,-0.223,0.094],"_shiftlockState":true,"_pose":"FreeFall","_animationQueue":[],"_animationSpeed":1,"_zoom":10.35},{"_mousePosition":[683,384],"_rootPartCFrame":[751.391,219.037,46.364,0.139,0,0.99,0,1,0,-0.99,0,0.139],"_humanoidState":5,"_cameraCFrame":[755.112,228.443,45.488,0.242,-0.891,0.383,0,0.395,0.919,-0.97,-0.222,0.095],"_shiftlockState":true,"_pose":"FreeFall","_animationQueue":[],"_animationSpeed":1,"_zoom":10.35},{"_mousePosition":[683,384],"_rootPartCFrame":[751.163,217.969,46.501,0.139,0,0.99,0,1,0,-0.99,0,0.139],"_humanoidState":5,"_cameraCFrame":[754.957,227.479,45.643,0.242,-0.89,0.386,0,0.398,0.917,-0.97,-0.222,0.096],"_shiftlockState":true,"_pose":"FreeFall","_animationQueue":[],"_animationSpeed":1,"_zoom":10.35},{"_mousePosition":[683,384],"_rootPartCFrame":[750.934,216.846,46.639,0.139,0,0.99,0,1,0,-0.99,0,0.139],"_humanoidState":5,"_cameraCFrame":[754.788,226.464,45.796,0.242,-0.89,0.387,0,0.399,0.917,-0.97,-0.222,0.097],"_shiftlockState":true,"_pose":"FreeFall","_animationQueue":[["fall",0.3]],"_animationSpeed":1,"_zoom":10.35},{"_mousePosition":[683,384],"_rootPartCFrame":[750.727,216.837,46.763,0.21,0,0.978,0,1,0,-0.978,0,0.21],"_humanoidState":12,"_cameraCFrame":[754.663,226.633,45.937,0.241,-0.89,0.388,0,0.4,0.916,-0.971,-0.221,0.096],"_shiftlockState":true,"_pose":"Climbing","_animationQueue":[["walk",0.1],["fall",0.3],["climb",0.1],["climb",0]],"_animationSpeed":-5.715,"_zoom":10.35},{"_mousePosition":[683,384],"_rootPartCFrame":[750.709,217.005,46.833,0.168,0,0.986,0.005,1,-0.001,-0.986,0.005,0.168],"_humanoidState":12,"_cameraCFrame":[754.611,226.71,45.989,0.237,-0.89,0.389,0,0.401,0.916,-0.972,-0.217,0.095],"_shiftlockState":true,"_pose":"Climbing","_animationQueue":[["climb",0.1]],"_animationSpeed":0.802,"_zoom":10.35},{"_mousePosition":[683,384],"_rootPartCFrame":[750.719,217.191,46.862,0.226,0,0.974,0.001,1,0,-0.974,0.001,0.226],"_humanoidState":12,"_cameraCFrame":[754.608,226.842,45.991,0.232,-0.891,0.391,0,0.402,0.916,-0.973,-0.212,0.093],"_shiftlockState":true,"_pose":"Climbing","_animationQueue":[["climb",0.1]],"_animationSpeed":0.921,"_zoom":10.35},{"_mousePosition":[683,384],"_rootPartCFrame":[750.722,217.378,46.864,0.23,0,0.973,0,1,0,-0.973,0,0.23],"_humanoidState":12,"_cameraCFrame":[754.025,226.556,47.621,0.224,-0.892,0.394,0,0.404,0.915,-0.975,-0.204,0.09],"_shiftlockState":false,"_pose":"Climbing","_animationQueue":[],"_animationSpeed":0.921,"_zoom":10.35},{"_mousePosition":[683,384],"_rootPartCFrame":[750.722,217.611,46.865,0.23,0,0.973,0,1,0,-0.973,0,0.23],"_humanoidState":12,"_cameraCFrame":[753.9,226.499,47.593,0.224,-0.892,0.394,0,0.404,0.915,-0.975,-0.204,0.09],"_shiftlockState":false,"_pose":"Climbing","_animationQueue":[],"_animationSpeed":0.921,"_zoom":10.35},{"_mousePosition":[683,384],"_rootPartCFrame":[750.732,217.698,46.853,0.228,-0.012,0.974,0.013,1,0.009,-0.974,0.011,0.228],"_humanoidState":12,"_cameraCFrame":[753.971,226.693,47.527,0.198,-0.896,0.397,0,0.405,0.914,-0.98,-0.181,0.08],"_shiftlockState":false,"_pose":"Climbing","_animationQueue":[],"_animationSpeed":0.921,"_zoom":10.35},{"_mousePosition":[683,384],"_rootPartCFrame":[750.771,217.854,46.812,0.226,-0.014,0.974,0.016,1,0.011,-0.974,0.013,0.226],"_humanoidState":12,"_cameraCFrame":[754.015,226.79,47.28,0.136,-0.906,0.401,0,0.405,0.914,-0.991,-0.124,0.055],"_shiftlockState":false,"_pose":"Climbing","_animationQueue":[["climb",0.1]],"_animationSpeed":-0.13,"_zoom":10.35},{"_mousePosition":[683,384],"_rootPartCFrame":[750.785,218.04,46.797,0.226,-0.002,0.974,0.003,1,0.002,-0.974,0.002,0.226],"_humanoidState":12,"_cameraCFrame":[753.911,226.757,46.886,0.027,-0.917,0.398,0,0.398,0.917,-1,-0.025,0.011],"_shiftlockState":false,"_pose":"Climbing","_animationQueue":[["climb",0.1],["climb",0]],"_animationSpeed":0.913,"_zoom":10.35},{"_mousePosition":[683,384],"_rootPartCFrame":[750.785,218.273,46.797,0.226,0.001,0.974,-0.001,1,-0.001,-0.974,-0.001,0.226],"_humanoidState":12,"_cameraCFrame":[753.766,227.265,46.335,-0.153,-0.917,0.369,0,0.373,0.928,-0.988,0.142,-0.057],"_shiftlockState":false,"_pose":"Climbing","_animationQueue":[],"_animationSpeed":0.913,"_zoom":10.35},{"_mousePosition":[683,384],"_rootPartCFrame":[750.785,218.413,46.798,0.226,0.001,0.974,-0.001,1,0,-0.974,0,0.226],"_humanoidState":12,"_cameraCFrame":[753.401,227.917,45.737,-0.376,-0.874,0.308,0,0.333,0.943,-0.927,0.354,-0.125],"_shiftlockState":false,"_pose":"Climbing","_animationQueue":[],"_animationSpeed":0.913,"_zoom":10.35},{"_mousePosition":[683,384],"_rootPartCFrame":[750.785,218.6,46.798,0.226,0,0.974,0,1,0,-0.974,0,0.226],"_humanoidState":12,"_cameraCFrame":[752.891,228.612,45.328,-0.572,-0.785,0.237,0,0.289,0.957,-0.82,0.548,-0.165],"_shiftlockState":false,"_pose":"Climbing","_animationQueue":[],"_animationSpeed":0.913,"_zoom":10.35},{"_mousePosition":[683,384],"_rootPartCFrame":[750.