[{"_mousePosition":[882,436],"_rootPartCFrame":[776.028,222.7,47.142,0,0,1,0,1,0,-1,0,0],"_humanoidState":8,"_cameraCFrame":[776.9,240.057,49.933,0.954,-0.294,0.054,0,0.181,0.983,-0.299,-0.939,0.173],"_shiftlockState":false,"_pose":"Standing","_animationQueue":[],"_animationSpeed":1,"_zoom":16.125},{"_mousePosition":[882,436],"_rootPartCFrame":[775.792,222.7,47.216,-0.042,0,0.999,0,1,0,-0.999,0,-0.042],"_humanoidState":8,"_cameraCFrame":[776.658,240.057,50.009,0.955,-0.291,0.054,0,0.181,0.983,-0.296,-0.939,0.173],"_shiftlockState":false,"_pose":"Standing","_animationQueue":[],"_animationSpeed":1,"_zoom":16.125},{"_mousePosition":[882,436],"_rootPartCFrame":[775.538,222.7,47.295,-0.077,0,0.997,0,1,0,-0.997,0,-0.077],"_humanoidState":8,"_cameraCFrame":[776.377,240.074,49.999,0.955,-0.291,0.052,0,0.176,0.984,-0.296,-0.94,0.168],"_shiftlockState":false,"_pose":"Running","_animationQueue":[["walk",0.1]],"_animationSpeed":1.066,"_zoom":16.125},{"_mousePosition":[882,436],"_rootPartCFrame":[775.284,222.7,47.374,-0.108,0,0.994,0,1,0,-0.994,0,-0.108],"_humanoidState":8,"_cameraCFrame":[776.113,240.079,50.049,0.955,-0.292,0.051,0,0.174,0.985,-0.296,-0.941,0.166],"_shiftlockState":false,"_pose":"Running","_animationQueue":[],"_animationSpeed":1.066,"_zoom":16.125},{"_mousePosition":[882,436],"_rootPartCFrame":[775.029,222.7,47.453,-0.133,0,0.991,0,1,0,-0.991,0,-0.133],"_humanoidState":8,"_cameraCFrame":[775.858,240.079,50.128,0.955,-0.292,0.051,0,0.174,0.985,-0.296,-0.941,0.166],"_shiftlockState":false,"_pose":"Running","_animationQueue":[],"_animationSpeed":1.066,"_zoom":16.125},{"_mousePosition":[882,436],"_rootPartCFrame":[774.774,222.7,47.532,-0.156,0,0.988,0,1,0,-0.988,0,-0.156],"_humanoidState":8,"_cameraCFrame":[775.603,240.079,50.207,0.955,-0.292,0.051,0,0.174,0.985,-0.296,-0.941,0.166],"_shiftlockState":false,"_pose":"Running","_animationQueue":[],"_animationSpeed":1.066,"_zoom":16.125},{"_mousePosition":[882,436],"_rootPartCFrame":[774.519,222.7,47.611,-0.175,0,0.985,0,1,0,-0.985,0,-0.175],"_humanoidState":8,"_cameraCFrame":[775.342,240.079,50.288,0.956,-0.289,0.051,0,0.174,0.985,-0.294,-0.941,0.166],"_shiftlockState":false,"_pose":"Running","_animationQueue":[],"_animationSpeed":1.066,"_zoom":16.125},{"_mousePosition":[882,436],"_rootPartCFrame":[774.265,222.7,47.69,-0.192,0,0.981,0,1,0,-0.981,0,-0.192],"_humanoidState":8,"_cameraCFrame":[776.76,240.079,49.853,0.956,-0.289,0.051,0,0.174,0.985,-0.294,-0.941,0.166],"_shiftlockState":true,"_pose":"Running","_animationQueue":[],"_animationSpeed":1.066,"_zoom":16.125},{"_mousePosition":[683,384],"_rootPartCFrame":[773.946,222.7,47.788,0.977,0,0.212,0,1,0,-0.212,0,0.977],"_humanoidState":8,"_cameraCFrame":[776.441,240.079,49.951,0.956,-0.289,0.051,0,0.174,0.985,-0.294,-0.941,0.166],"_shiftlockState":true,"_pose":"Running","_animationQueue":[["walk",0.1]],"_animationSpeed":1.066,"_zoom":16.125},{"_mousePosition":[683,384],"_rootPartCFrame":[773.755,222.7,47.847,0.963,0,0.269,0,1,0,-0.269,0,0.963],"_humanoidState":8,"_cameraCFrame":[776.25,240.079,50.01,0.956,-0.289,0.051,0,0.174,0.985,-0.294,-0.941,0.166],"_shiftlockState":true,"_pose":"Running","_animationQueue":[],"_animationSpeed":1.066,"_zoom":16.125},{"_mousePosition":[683,384],"_rootPartCFrame":[773.5,222.7,47.925,0.958,0,0.288,0,1,0,-0.288,0,0.958],"_humanoidState":8,"_cameraCFrame":[775.995,240.079,50.088,0.956,-0.289,0.051,0,0.174,0.985,-0.294,-0.941,0.166],"_shiftlockState":true,"_pose":"Running","_animationQueue":[],"_animationSpeed":1.066,"_zoom":16.125},{"_mousePosition":[683,384],"_rootPartCFrame":[773.245,222.7,48.004,0.956,0,0.293,0,1,0,-0.293,0,0.956],"_humanoidState":8,"_cameraCFrame":[775.74,240.079,50.166,0.956,-0.289,0.051,0,0.174,0.985,-0.294,-0.941,0.166],"_shiftlockState":true,"_pose":"Running","_animationQueue":[],"_animationSpeed":1.066,"_zoom":16.125},{"_mousePosition":[683,384],"_rootPartCFrame":[772.99,222.7,48.082,0.956,0,0.294,0,1,0,-0.294,0,0.956],"_humanoidState":8,"_cameraCFrame":[775.485,240.079,50.245,0.956,-0.289,0.051,0,0.174,0.985,-0.294,-0.941,0.166],"_shiftlockState":true,"_pose":"Running","_animationQueue":[],"_animationSpeed":1.066,"_zoom":16.125},{"_mousePosition":[683,384],"_rootPartCFrame":[772.735,222.7,48.16,0.956,0,0.294,0,1,0,-0.294,0,0.956],"_humanoidState":8,"_cameraCFrame":[775.23,240.079,50.323,0.956,-0.289,0.051,0,0.174,0.985,-0.294,-0.941,0.166],"_shiftlockState":true,"_pose":"Running","_animationQueue":[],"_animationSpeed":1.066,"_zoom":16.125},{"_mousePosition":[683,384],"_rootPartCFrame":[772.48,222.7,48.238,0.956,0,0.294,0,1,0,-0.294,0,0.956],"_humanoidState":8,"_cameraCFrame":[774.976,240.079,50.401,0.956,-0.289,0.051,0,0.174,0.985,-0.294,-0.941,0.166],"_shiftlockState":true,"_pose":"Running","_animationQueue":[],"_animationSpeed":1.066,"_zoom":16.125},{"_mousePosition":[683,384],"_rootPartCFrame":[772.225,222.7,48.317,0.956,0,0.294,0,1,0,-0.294,0,0.956],"_humanoidState":8,"_cameraCFrame":[774.721,240.079,50.479,0.956,-0.289,0.051,0,0.174,0.985,-0.294,-0.941,0.166],"_shiftlockState":true,"_pose":"Running","_animationQueue":[["walk",0.1]],"_animationSpeed":1.066,"_zoom":16.125},{"_mousePosition":[683,384],"_rootPartCFrame":[771.971,222.7,48.395,0.956,0,0.294,0,1,0,-0.294,0,0.956],"_humanoidState":8,"_cameraCFrame":[774.466,240.079,50.558,0.956,-0.289,0.051,0,0.174,0.985,-0.294,-0.941,0.166],"_shiftlockState":true,"_pose":"Running","_animationQueue":[],"_animationSpeed":1.066,"_zoom":16.125},{"_mousePosition":[683,384],"_rootPartCFrame":[771.716,222.7,48.473,0.956,0,0.294,0,1,0,-0.294,0,0.956],"_humanoidState":8,"_cameraCFrame":[774.211,240.079,50.636,0.956,-0.289,0.051,0,0.174,0.985,-0.294,-0.941,0.166],"_shiftlockState":true,"_pose":"Running","_animationQueue":[],"_animationSpeed":1.066,"_zoom":16.125},{"_mousePosition":[683,384],"_rootPartCFrame":[771.461,222.7,48.552,0.956,0,0.294,0,1,0,-0.294,0,0.956],"_humanoidState":8,"_cameraCFrame":[773.961,240.079,50.708,0.955,-0.292,0.051,0,0.174,0.985,-0.296,-0.941,0.166],"_shiftlockState":true,"_pose":"Running","_animationQueue":[],"_animationSpeed":1.066,"_zoom":16.125},{"_mousePosition":[683,384],"_rootPartCFrame":[771.206,222.7,48.63,0.955,0,0.296,0,1,0,-0.296,0,0.955],"_humanoidState":8,"_cameraCFrame":[773.723,240.079,50.767,0.953,-0.299,0.053,0,0.174,0.985,-0.303,-0.938,0.165],"_shiftlockState":true,"_pose":"Running","_animationQueue":[],"_animationSpeed":1.066,"_zoom":16.125},{"_mousePosition":[683,384],"_rootPartCFrame":[770.888,222.7,48.729,0.953,0,0.303,0,1,0,-0.303,0,0.953],"_humanoidState":8,"_cameraCFrame":[773.415,240.079,50.853,0.951,-0.303,0.054,0,0.174,0.985,-0.308,-0.937,0.165],"_shiftlockState":true,"_pose":"Running","_animationQueue":[],"_animationSpeed":1.066,"_zoom":16.125},{"_mousePosition":[683,384],"_rootPartCFrame":[770.697,222.7,48.789,0.951,0,0.308,0,1,0,-0.308,0,0.951],"_humanoidState":8,"_cameraCFrame":[773.225,240.079,50.914,0.951,-0.303,0.054,0,0.174,0.985,-0.308,-0.937,0.165],"_shiftlockState":true,"_pose":"Running","_animationQueue":[["walk",0.1]],"_animationSpeed":1.066,"_zoom":16.125},{"_mousePosition":[683,384],"_rootPartCFrame":[770.443,222.7,48.871,0.951,0,0.308,0,1,0,-0.308,0,0.951],"_humanoidState":8,"_cameraCFrame":[772.976,240.079,50.989,0.951,-0.306,0.054,0,0.174,0.985,-0.311,-0.936,0.165],"_shiftlockState":true,"_pose":"Running","_animationQueue":[],"_animationSpeed":1.066,"_zoom":16.125},{"_mousePosition":[683,384],"_rootPartCFrame":[770.126,222.7,48.974,0.951,0,0.311,0,1,0,-0.311,0,0.951],"_humanoidState":8,"_cameraCFrame":[772.665,240.079,51.085,0.95,-0.308,0.054,0,0.174,0.985,-0.313,-0.935,0.165],"_shiftlockState":true,"_pose":"Running","_animationQueue":[],"_animationSpeed":1.066,"_zoom":16.125},{"_mousePosition":[683,384],"_rootPartCFrame":[769.872,222.666,49.056,0.95,0,0.313,0,1,0,-0.313,0,0.95],"_humanoidState":8,"_cameraCFrame":[772.411,240.045,51.168,0.95,-0.308,0.054,0,0.174,0.985,-0.313,-0.935,0.165],"_shiftlockState":true,"_pose":"Running","_animationQueue":[],"_animationSpeed":1.066,"_zoom":16.125},{"_mousePosition":[683,384],"_rootPartCFrame":[769.619,222.577,49.138,0.95,0,0.313,0,1,0,-0.313,0,0.95],"_humanoidState":8,"_cameraCFrame":[772.157,239.957,51.25,0.95,-0.308,0.054,0,0.174,0.985,-0.313,-0.935,0.165],"_shiftlockState":true,"_pose":"Running","_animationQueue":[],"_animationSpeed":1.066,"_zoom":16.125},{"_mousePosition":[683,384],"_rootPartCFrame":[769.302,223.647,49.241,0.95,0,0.313,0,1,0,-0.313,0,0.95],"_humanoidState":3,"_cameraCFrame":[771.84,241.027,51.352,0.95,-0.308,0.054,0,0.174,0.985,-0.313,-0.935,0.165],"_shiftlockState":true,"_pose":"Jumping","_animationQueue":[["walk",0.1],["jump",0.1]],"_animationSpeed":1,"_zoom":16.125},{"_mousePosition":[683,384],"_rootPartCFrame":[769.112,224.248,49.303,0.928,0,0.372,0,1,0,-0.372,0,0.928],"_humanoidState":5,"_cameraCFrame":[771.65,241.628,51.415,0.95,-0.308,0.054,0,0.174,0.985,-0.313,-0.935,0.165],"_shiftlockState":true,"_pose":"FreeFall","_animationQueue":[["jump",0.1]],"_animationSpeed":1,"_zoom":16.125},{"_mousePosition":[683,384],"_rootPartCFrame":[768.859,225.002,49.387,0.903,0,0.429,0,1,0,-0.429,0,0.903],"_humanoidState":5,"_cameraCFrame":[771.397,242.382,51.498,0.95,-0.308,0.054,0,0.174,0.985,-0.313,-0.935,0.165],"_shiftlockState":true,"_pose":"FreeFall","_animationQueue":[],"_animationSpeed":1,"_zoom":16.125},{"_mousePosition":[683,384],"_rootPartCFrame":[768.605,225.702,49.47,0.9,0,0.436,0,1,0,-0.436,0,0.9],"_humanoidState":5,"_cameraCFrame":[771.144,243.081,51.582,0.95,-0.308,0.054,0,0.174,0.985,-0.313,-0.935,0.165],"_shiftlockState":true,"_pose":"FreeFall","_animationQueue":[],"_animationSpeed":1,"_zoom":16.125},{"_mousePosition":[683,384],"_rootPartCFrame":[768.352,226.347,49.554,0.9,0,0.436,0,1,0,-0.436,0,0.9],"_humanoidState":5,"_cameraCFrame":[770.891,243.726,51.665,0.95,-0.308,0.054,0,0.174,0.985,-0.313,-0.935,0.165],"_shiftlockState":true,"_pose":"FreeFall","_animationQueue":[],"_animationSpeed":1,"_zoom":16.125},{"_mousePosition":[683,384],"_rootPartCFrame":[768.036,227.076,49.658,0.885,0,0.466,0,1,0,-0.466,0,0.885],"_humanoidState":5,"_cameraCFrame":[770.574,244.456,51.77,0.95,-0.308,0.054,0,0.174,0.985,-0.313,-0.935,0.165],"_shiftlockState":true,"_pose":"FreeFall","_animationQueue":[],"_animationSpeed":1,"_zoom":16.125},{"_mousePosition":[683,384],"_rootPartCFrame":[767.783,227.598,49.741,0.9,0,0.436,0,1,0,-0.436,0,0.9],"_humanoidState":5,"_cameraCFrame":[770.321,244.978,51.853,0.95,-0.308,0.054,0,0.174,0.985,-0.313,-0.935,0.165],"_shiftlockState":true,"_pose":"FreeFall","_animationQueue":[],"_animationSpeed":1,"_zoom":16.125},{"_mousePosition":[683,384],"_rootPartCFrame":[767.529,228.066,49.825,0.9,0,0.436,0,1,0,-0.436,0,0.9],"_humanoidState":5,"_cameraCFrame":[770.046,245.446,51.962,0.953,-0.299,0.053,0,0.174,0.985,-0.303,-0.938,0.165],"_shiftlockState":true,"_pose":"FreeFall","_animationQueue":[],"_animationSpeed":1,"_zoom":16.125},{"_mousePosition":[683,384],"_rootPartCFrame":[767.276,228.479,49.908,0.904,0,0.427,0,1,0,-0.427,0,0.904],"_humanoidState":5,"_cameraCFrame":[769.733,245.859,52.115,0.961,-0.272,0.048,0,0.174,0.985,-0.277,-0.946,0.167],"_shiftlockState":true,"_pose":"FreeFall","_animationQueue":[],"_animationSpeed":1,"_zoom":16.125},{"_mousePosition":[683,384],"_rootPartCFrame":[767.022,228.838,49.989,0.916,0,0.402,0,1,0,-0.402,0,0.916],"_humanoidState":5,"_cameraCFrame":[769.433,246.218,52.245,0.966,-0.253,0.045,0,0.174,0.985,-0.257,-0.952,0.168],"_shiftlockState":true,"_pose":"FreeFall","_animationQueue":[],"_animationSpeed":1,"_zoom":16.125},{"_mousePosition":[683,384],"_rootPartCFrame":[766.766,229.142,50.064,0.924,0,0.383,0,1,0,-0.383,0,0.924],"_humanoidState":5,"_cameraCFrame":[769.178,246.522,52.32,0.966,-0.253,0.045,0,0.174,0.985,-0.257,-0.952,0.168],"_shiftlockState":true,"_pose":"FreeFall","_animationQueue":[],"_animationSpeed":1,"_zoom":16.125},{"_mousePosition":[683,384],"_rootPartCFrame":[766.509,229.392,50.134,0.924,0,0.383,0,1,0,-0.383,0,0.924],"_humanoidState":5,"_cameraCFrame":[768.92,246.772,52.389,0.966,-0.253,0.045,0,0.174,0.985,-0.257,-0.952,0.168],"_shiftlockState":true,"_pose":"FreeFall","_animationQueue":[],"_animationSpeed":1,"_zoom":16.125},{"_mousePosition":[683,384],"_rootPartCFrame":[766.316,229.544,50.185,0.936,0,0.352,0,1,0,-0.352,0,0.936],"_humanoidState":5,"_cameraCFrame":[768.727,246.923,52.441,0.966,-0.253,0.045,0,0.174,0.985,-0.257,-0.952,0.168],"_shiftlockState":true,"_pose":"FreeFall","_animationQueue":[],"_animationSpeed":1,"_zoom":16.125},{"_mousePosition":[683,384],"_rootPartCFrame":[766.058,229.698,50.254,0.924,0,0.383,0,1,0,-0.383,0,0.924],"_humanoidState":5,"_cameraCFrame":[768.469,247.078,52.509,0.966,-0.253,0.045,0,0.174,0.985,-0.257,-0.952,0.168],"_shiftlockState":true,"_pose":"FreeFall","_animationQueue":[],"_animationSpeed":1,"_zoom":16.125},{"_mousePosition":[683,384],"_rootPartCFrame":[765.8,229.798,50.322,0.924,0,0.383,0,1,0,-0.383,0,0.924],"_humanoidState":5,"_cameraCFrame":[768.211,247.178,52.578,0.966,-0.253,0.045,0,0.174,0.985,-0.257,-0.952,0.168],"_shiftlockState":true,"_pose":"FreeFall","_animationQueue":[],"_animationSpeed":1,"_zoom":16.125},{"_mousePosition":[683,384],"_rootPartCFrame":[765.542,229.843,50.391,0.924,0,0.383,0,1,0,-0.383,0,0.924],"_humanoidState":5,"_cameraCFrame":[767.953,247.223,52.647,0.966,-0.253,0.045,0,0.174,0.985,-0.257,-0.952,0.168],"_shiftlockState":true,"_pose":"FreeFall","_animationQueue":[["fall",0.3]],"_animationSpeed":1,"_zoom":16.125},{"_mousePosition":[683,384],"_rootPartCFrame":[765.284,229.834,50.459,0.924,0,0.383,0,1,0,-0.383,0,0.924],"_humanoidState":5,"_cameraCFrame":[767.696,247.214,52.715,0.966,-0.253,0.045,0,0.174,0.985,-0.257,-0.952,0.168],"_shiftlockState":true,"_pose":"FreeFall","_animationQueue":[],"_animationSpeed":1,"_zoom":16.125},{"_mousePosition":[683,384],"_rootPartCFrame":[765.026,229.771,50.528,0.924,0,0.383,0,1,0,-0.383,0,0.924],"_humanoidState":5,"_cameraCFrame":[767.438,247.15,52.784,0.966,-0.253,0.045,0,0.174,0.985,-0.257,-0.952,0.168],"_shiftlockState":true,"_pose":"FreeFall","_animationQueue":[],"_animationSpeed":1,"_zoom":16.125},{"_mousePosition":[683,384],"_rootPartCFrame":[764.769,229.653,50.597,0.924,0,0.383,0,1,0,-0.383,0,0.924],"_humanoidState":5,"_cameraCFrame":[767.18,247.032,52.852,0.966,-0.253,0.045,0,0.174,0.985,-0.257,-0.952,0.168],"_shiftlockState":true,"_pose":"FreeFall","_animationQueue":[],"_animationSpeed":1,"_zoom":16.125},{"_mousePosition":[683,384],"_rootPartCFrame":[764.511,229.48,50.665,0.924,0,0.383,0,1,0,-0.383,0,0.924],"_humanoidState":5,"_cameraCFrame":[766.922,246.86,52.921,0.966,-0.253,0.045,0,0.174,0.985,-0.257,-0.952,0.168],"_shiftlockState":true,"_pose":"FreeFall","_animationQueue":[],"_animationSpeed":1,"_zoom":16.125},{"_mousePosition":[683,384],"_rootPartCFrame":[764.253,229.253,50.734,0.924,0,0.383,0,1,0,-0.383,0,0.924],"_humanoidState":5,"_cameraCFrame":[766.664,246.633,52.99,0.966,-0.253,0.045,0,0.174,0.985,-0.257,-0.952,0.168],"_shiftlockState":true,"_pose":"FreeFall","_animationQueue":[],"_animationSpeed":1,"_zoom":16.125},{"_mousePosition":[683,384],"_rootPartCFrame":[763.995,228.971,50.802,0.924,0,0.383,0,1,0,-0.383,0,0.924],"_humanoidState":5,"_cameraCFrame":[766.407,246.351,53.058,0.966,-0.253,0.045,0,0.174,0.985,-0.257,-0.952,0.168],"_shiftlockState":true,"_pose":"FreeFall","_animationQueue":[["fall",0.3]],"_animationSpeed":1,"_zoom":16.125},{"_mousePosition":[683,384],"_rootPartCFrame":[763.737,228.635,50.871,0.924,0,0.383,0,1,0,-0.383,0,0.924],"_humanoidState":5,"_cameraCFrame":[766.149,246.015,53.127,0.966,-0.253,0.045,0,0.174,0.985,-0.257,-0.952,0.168],"_shiftlockState":true,"_pose":"FreeFall","_animationQueue":[],"_animationSpeed":1,"_zoom":16.125},{"_mousePosition":[683,384],"_rootPartCFrame":[763.48,228.245,50.94,0.924,0,0.383,0,1,0,-0.383,0,0.924],"_humanoidState":5,"_cameraCFrame":[765.891,245.624,53.195,0.966,-0.253,0.045,0,0.174,0.985,-0.257,-0.952,0.168],"_shiftlockState":true,"_pose":"FreeFall","_animationQueue":[],"_animationSpeed":1,"_zoom":16.125},{"_mousePosition":[683,384],"_rootPartCFrame":[763.222,227.799,51.008,0.924,0,0.383,0,1,0,-0.383,0,0.924],"_humanoidState":5,"_cameraCFrame":[765.629,245.174,53.306,0.968,-0.248,0.044,0,0.176,0.984,-0.252,-0.953,0.17],"_shiftlockState":true,"_pose":"FreeFall","_animationQueue":[],"_animationSpeed":1,"_zoom":16.125},{"_mousePosition":[683,384],"_rootPartCFrame":[762.964,227.3,51.077,0.926,0,0.379,0,1,0,-0.379,0,0.926],"_humanoidState":5,"_cameraCFrame":[765.354,244.674,53.393,0.97,-0.241,0.043,0,0.176,0.984,-0.245,-0.954,0.17],"_shiftlockState":true,"_pose":"FreeFall","_animationQueue":[],"_animationSpeed":1,"_zoom":16.125},{"_mousePosition":[683,384],"_rootPartCFrame":[762.706,226.746,51.144,0.928,0,0.372,0,1,0,-0.372,0,0.928],"_humanoidState":5,"_cameraCFrame":[765.073,244.12,53.484,0.972,-0.231,0.041,0,0.176,0.984,-0.235,-0.957,0.171],"_shiftlockState":true,"_pose":"FreeFall","_animationQueue":[],"_animationSpeed":1,"_zoom":16.125},{"_mousePosition":[683,384],"_rootPartCFrame":[762.448,226.137,51.21,0.932,0,0.362,0,1,0,-0.362,0,0.932],"_humanoidState":5,"_cameraCFrame":[764.802,243.511,53.562,0.973,-0.227,0.04,0,0.176,0.984,-0.23,-0.958,0.171],"_shiftlockState":true,"_pose":"FreeFall","_animationQueue":[["fall",0.3]],"_animationSpeed":1,"_zoom":16.125},{"_mousePosition":[683,384],"_rootPartCFrame":[762.188,225.474,51.273,0.934,0,0.357,0,1,0,-0.357,0,0.934],"_humanoidState":5,"_cameraCFrame":[764.536,242.854,53.595,0.973,-0.227,0.04,0,0.174,0.985,-0.23,-0.958,0.169],"_shiftlockState":true,"_pose":"FreeFall","_animationQueue":[],"_animationSpeed":1,"_zoom":16.125},{"_mousePosition":[683,384],"_rootPartCFrame":[761.929,224.756,51.334,0.934,0,0.357,0,1,0,-0.357,0,0.934],"_humanoidState":5,"_cameraCFrame":[764.271,242.136,53.662,0.974,-0.224,0.04,0,0.174,0.985,-0.228,-0.959,0.169],"_shiftlockState":true,"_pose":"FreeFall","_animationQueue":[],"_animationSpeed":1,"_zoom":16.125},{"_mousePosition":[683,384],"_rootPartCFrame":[761.669,223.984,51.396,0.935,0,0.355,0,1,0,-0.355,0,0.935],"_humanoidState":5,"_cameraCFrame":[764.005,241.364,53.73,0.974,-0.222,0.039,0,0.174,0.985,-0.225,-0.959,0.169],"_shiftlockState":true,"_pose":"FreeFall","_animationQueue":[],"_animationSpeed":1,"_zoom":16.125},{"_mousePosition":[683,384],"_rootPartCFrame":[761.41,223.158,51.457,0.936,0,0.353,0,1,0,-0.353,0,0.936],"_humanoidState":5,"_cameraCFrame":[763.74,240.538,53.796,0.975,-0.219,0.039,0,0.174,0.985,-0.223,-0.96,0.169],"_shiftlockState":true,"_pose":"FreeFall","_animationQueue":[],"_animationSpeed":1,"_zoom":16.125},{"_mousePosition":[683,384],"_rootPartCFrame":[761.15,222.392,51.517,0.966,0,0.257,0,1,0,-0.257,0,0.966],"_humanoidState":7,"_cameraCFrame":[763.48,239.772,53.857,0.975,-0.219,0.039,0,0.174,0.985,-0.223,-0.96,0.169],"_shiftlockState":true,"_pose":"FreeFall","_animationQueue":[["walk",0.1],["fall",0.3],["fall",0.3]],"_animationSpeed":1,"_zoom":16.125},{"_mousePosition":[683,384],"_rootPartCFrame":[760.89,222.385,51.576,0.974,0,0.225,0,1,0,-0.225,0,0.974],"_humanoidState":7,"_cameraCFrame":[763.22,239.765,53.916,0.975,-0.219,0.039,0,0.174,0.985,-0.223,-0.96,0.169],"_shiftlockState":true,"_pose":"FreeFall","_animationQueue":[],"_animationSpeed":1,"_zoom":16.125},{"_mousePosition":[683,384],"_rootPartCFrame":[760.565,222.533,51.651,0.975,0,0.223,0,1,0,-0.223,0,0.975],"_humanoidState":8,"_cameraCFrame":[762.889,239.913,53.996,0.975,-0.217,0.038,0,0.174,0.985,-0.22,-0.961,0.169],"_shiftlockState":true,"_pose":"Running","_animationQueue":[["fall",0.3],["walk",0.1],["fall",0.3],["walk",0.1]],"_animationSpeed":1.103,"_zoom":16.125},{"_mousePosition":[683,384],"_rootPartCFrame":[760.305,222.609,51.71,0.975,0,0.22,0,1,0,-0.22,0,0.975],"_humanoidState":8,"_cameraCFrame":[762.617,239.989,54.067,0.977,-0.212,0.037,0,0.174,0.985,-0.215,-0.962,0.17],"_shiftlockState":true,"_pose":"Running","_animationQueue":[],"_animationSpeed":1.103,"_zoom":16.125},{"_mousePosition":[683,384],"_rootPartCFrame":[760.045,222.65,51.769,0.977,0,0.215,0,1,0,-0.215,0,0.977],"_humanoidState":8,"_cameraCFrame":[762.351,240.03,54.132,0.977,-0.21,0.037,0,0.174,0.985,-0.213,-0.962,0.17],"_shiftlockState":true,"_pose":"Running","_animationQueue":[],"_animationSpeed":1.103,"_zoom":16.125},{"_mousePosition":[683,384],"_rootPartCFrame":[759.785,222.673,51.827,0.977,0,0.213,0,1,0,-0.213,0,0.977],"_humanoidState":8,"_cameraCFrame":[762.079,240.053,54.201,0.978,-0.205,0.036,0,0.174,0.985,-0.208,-0.963,0.17],"_shiftlockState":true,"_pose":"Running","_animationQueue":[],"_animationSpeed":1.103,"_zoom":16.125},{"_mousePosition":[683,384],"_rootPartCFrame":[759.524,222.685,51.883,0.978,0,0.208,0,1,0,-0.208,0,0.978],"_humanoidState":8,"_cameraCFrame":[761.806,240.065,54.27,0.979,-0.2,0.035,0,0.174,0.985,-0.203,-0.964,0.17],"_shiftlockState":true,"_pose":"Running","_animationQueue":[],"_animationSpeed":1.103,"_zoom":16.125},{"_mousePosition":[683,384],"_rootPartCFrame":[759.198,222.693,51.953,0.979,0,0.203,0,1,0,-0.203,0,0.979],"_humanoidState":8,"_cameraCFrame":[761.468,240.073,54.351,0.98,-0.195,0.034,0,0.174,0.985,-0.198,-0.965,0.17],"_shiftlockState":true,"_pose":"Running","_animationQueue":[],"_animationSpeed":1.103,"_zoom":16.125},{"_mousePosition":[683,384],"_rootPartCFrame":[759.002,222.695,51.994,0.98,0,0.198,0,1,0,-0.198,0,0.98],"_humanoidState":8,"_cameraCFrame":[761.26,240.075,54.403,0.981,-0.19,0.034,0,0.174,0.985,-0.193,-0.966,0.17],"_shiftlockState":true,"_pose":"Running","_animationQueue":[["walk",0.1]],"_animationSpeed":1.103,"_zoom":16.125},{"_mousePosition":[683,384],"_rootPartCFrame":[758.741,222.697,52.047,0.981,0,0.193,0,1,0,-0.193,0,0.981],"_humanoidState":8,"_cameraCFrame":[760.968,240.077,54.485,0.984,-0.178,0.031,0,0.174,0.985,-0.181,-0.969,0.171],"_shiftlockState":true,"_pose":"Running","_animationQueue":[],"_animationSpeed":1.103,"_zoom":16.125},{"_mousePosition":[683,384],"_rootPartCFrame":[758.414,222.699,52.111,0.984,0,0.181,0,1,0,-0.181,0,0.984],"_humanoidState":8,"_cameraCFrame":[760.626,240.418,54.631,0.985,-0.168,0.03,0,0.174,0.985,-0.171,-0.97,0.171],"_shiftlockState":true,"_pose":"Running","_animationQueue":[],"_animationSpeed":1.103,"_zoom":20.656},{"_mousePosition":[683,384],"_rootPartCFrame":[758.152,222.699,52.16,0.985,0,0.171,0,1,0,-0.171,0,0.985],"_humanoidState":8,"_cameraCFrame":[760.353,241.148,54.834,0.987,-0.156,0.027,0,0.174,0.985,-0.158,-0.972,0.171],"_shiftlockState":true,"_pose":"Running","_animationQueue":[],"_animationSpeed":1.103,"_zoom":20.656},{"_mousePosition":[683,384],"_rootPartCFrame":[757.889,222.699,52.206,0.987,0,0.158,0,1,0,-0.158,0,0.987],"_humanoidState":8,"_cameraCFrame":[760.076,241.922,55.043,0.989,-0.143,0.025,0,0.174,0.985,-0.146,-0.974,0.172],"_shiftlockState":true,"_pose":"Running","_animationQueue":[],"_animationSpeed":1.103,"_zoom":20.656},{"_mousePosition":[683,384],"_rootPartCFrame":[757.626,222.699,52.249,0.989,0,0.146,0,1,0,-0.146,0,0.989],"_humanoidState":8,"_cameraCFrame":[759.8,242.599,55.226,0.991,-0.134,0.024,0,0.174,0.985,-0.136,-0.976,0.172],"_shiftlockState":true,"_pose":"Running","_animationQueue":[],"_animationSpeed":1.103,"_zoom":20.656},{"_mousePosition":[683,384],"_rootPartCFrame":[757.362,222.7,52.288,0.991,0,0.136,0,1,0,-0.136,0,0.991],"_humanoidState":8,"_cameraCFrame":[759.525,243.085,55.366,0.992,-0.126,0.022,0,0.174,0.985,-0.128,-0.977,0.172],"_shiftlockState":true,"_pose":"Running","_animationQueue":[["walk",0.1]],"_animationSpeed":1.103,"_zoom":20.656},{"_mousePosition":[683,384],"_rootPartCFrame":[757.098,222.7,52.325,0.992,0,0.128,0,1,0,-0.128,0,0.992],"_humanoidState":8,"_cameraCFrame":[759.254,243.515,55.489,0.992,-0.121,0.021,0,0.174,0.985,-0.123,-0.977,0.172],"_shiftlockState":true,"_pose":"Running","_animationQueue":[],"_animationSpeed":1.103,"_zoom":20.656},{"_mousePosition":[683,384],"_rootPartCFrame":[756.834,222.7,52.359,0.992,0,0.123,0,1,0,-0.123,0,0.992],"_humanoidState":8,"_cameraCFrame":[758.972,243.827,55.594,0.993,-0.114,0.02,0,0.174,0.985,-0.116,-0.978,0.172],"_shiftlockState":true,"_pose":"Running","_animationQueue":[],"_animationSpeed":1.103,"_zoom":20.656},{"_mousePosition":[683,384],"_rootPartCFrame":[756.569,222.7,52.392,0.993,0,0.116,0,1,0,-0.116,0,0.993],"_humanoidState":8,"_cameraCFrame":[758.687,244.04,55.681,0.994,-0.106,0.019,0,0.174,0.985,-0.108,-0.979,0.173],"_shiftlockState":true,"_pose":"Running","_animationQueue":[],"_animationSpeed":1.103,"_zoom":20.656},{"_mousePosition":[683,384],"_rootPartCFrame":[756.304,222.7,52.423,0.994,0,0.108,0,1,0,-0.108,0,0.994],"_humanoidState":8,"_cameraCFrame":[758.4,244.208,55.757,0.995,-0.099,0.017,0,0.174,0.985,-0.101,-0.98,0.173],"_shiftlockState":true,"_pose":"Running","_animationQueue":[],"_animationSpeed":1.103,"_zoom":20.656},{"_mousePosition":[683,384],"_rootPartCFrame":[756.039,222.7,52.452,0.995,0,0.1,0,1,0,-0.1,0,0.995],"_humanoidState":8,"_cameraCFrame":[758.111,244.317,55.821,0.996,-0.092,0.016,0,0.174,0.985,-0.093,-0.981,0.173],"_shiftlockState":true,"_pose":"Running","_animationQueue":[],"_animationSpeed":1.103,"_zoom":20.656},{"_mousePosition":[683,384],"_rootPartCFrame":[755.707,222.7,52.486,0.996,0,0.093,0,1,0,-0.093,0,0.996],"_humanoidState":8,"_cameraCFrame":[757.755,244.387,55.883,0.996,-0.084,0.015,0,0.174,0.985,-0.085,-0.981,0.173],"_shiftlockState":true,"_pose":"Running","_animationQueue":[],"_animationSpeed":1.103,"_zoom":20.656},{"_mousePosition":[683,384],"_rootPartCFrame":[755.508,222.7,52.505,0.996,0,0.085,0,1,0,-0.085,0,0.996],"_humanoidState":8,"_cameraCFrame":[757.531,244.438,55.926,0.997,-0.077,0.014,0,0.174,0.985,-0.078,-0.982,0.173],"_shiftlockState":true,"_pose":"Running","_animationQueue":[["walk",0.1]],"_animationSpeed":1.103,"_zoom":20.656},{"_mousePosition":[683,384],"_rootPartCFrame":[755.243,222.7,52.528,0.997,0,0.078,0,1,0,-0.078,0,0.997],"_humanoidState":8,"_cameraCFrame":[757.239,244.471,55.971,0.998,-0.069,0.012,0,0.174,0.985,-0.07,-0.982,0.173],"_shiftlockState":true,"_pose":"Running","_animationQueue":[],"_animationSpeed":1.103,"_zoom":20.656},{"_mousePosition":[683,384],"_rootPartCFrame":[754.977,222.7,52.549,0.998,0,0.07,0,1,0,-0.07,0,0.998],"_humanoidState":8,"_cameraCFrame":[756.939,244.494,56.016,0.998,-0.059,0.01,0,0.174,0.985,-0.06,-0.983,0.173],"_shiftlockState":true,"_pose":"Running","_animationQueue":[],"_animationSpeed":1.103,"_zoom":20.656},{"_mousePosition":[683,384],"_rootPartCFrame":[754.711,222.7,52.568,0.998,0,0.06,0,1,0,-0.06,0,0.998],"_humanoidState":8,"_cameraCFrame":[756.638,244.511,56.057,0.999,-0.049,0.009,0,0.174,0.985,-0.05,-0.984,0.173],"_shiftlockState":true,"_pose":"Running","_animationQueue":[],"_animationSpeed":1.103,"_zoom":20.656},{"_mousePosition":[683,384],"_rootPartCFrame":[754.445,222.7,52.584,0.999,0,0.05,0,1,0,-0.05,0,0.999],"_humanoidState":8,"_cameraCFrame":[756.336,244.521,56.095,0.999,-0.039,0.007,0,0.174,0.985,-0.04,-0.984,0.174],"_shiftlockState":true,"_pose":"Running","_animationQueue":[],"_animationSpeed":1.103,"_zoom":20.656},{"_mousePosition":[683,384],"_rootPartCFrame":[754.178,222.7,52.598,0.999,0,0.04,0,1,0,-0.04,0,0.999],"_humanoidState":8,"_cameraCFrame":[756.034,244.528,56.129,1,-0.029,0.005,0,0.174,0.985,-0.03,-0.984,0.174],"_shiftlockState":true,"_pose":"Running","_animationQueue":[],"_animationSpeed":1.103,"_zoom":20.656},{"_mousePosition":[683,384],"_rootPartCFrame":[753.912,222.7,52.609,1,0,0.03,0,1,0,-0.03,0,1],"_humanoidState":8,"_cameraCFrame":[755.732,244.533,56.159,1,-0.019,0.003,0,0.174,0.985,-0.02,-0.985,0.174],"_shiftlockState":true,"_pose":"Running","_animationQueue":[],"_animationSpeed":1.103,"_zoom":20.656},{"_mousePosition":[683,384],"_rootPartCFrame":[753.645,222.7,52.618,1,0,0.02,0,1,0,-0.02,0,1],"_humanoidState":8,"_cameraCFrame":[755.43,244.536,56.187,1,-0.009,0.002,0,0.174,0.985,-0.01,-0.985,0.174],"_shiftlockState":true,"_pose":"Running","_animationQueue":[["walk",0.1]],"_animationSpeed":1.103,"_zoom":20.656},{"_mousePosition":[683,384],"_rootPartCFrame":[753.379,222.7,52.623,1,0,0.01,0,1,0,-0.01,0,1],"_humanoidState":8,"_cameraCFrame":[755.127,244.538,56.21,1,0.001,0,0,0.174,0.985,0.001,-0.985,0.174],"_shiftlockState":true,"_pose":"Running","_animationQueue":[],"_animationSpeed":1.103,"_zoom":20.656},{"_mousePosition":[683,384],"_rootPartCFrame":[753.112,222.7,52.626,1,0,-0.001,0,1,0,0.001,0,1],"_humanoidState":8,"_cameraCFrame":[754.842,244.539,56.222,1,0.006,-0.001,0,0.174,0.985,0.006,-0.985,0.174],"_shiftlockState":true,"_pose":"Running","_animationQueue":[],"_animationSpeed":1.103,"_zoom":20.656},{"_mousePosition":[683,384],"_rootPartCFrame":[752.846,222.7,52.626,1,0,-0.006,0,1,0,0.006,0,1],"_humanoidState":8,"_cameraCFrame":[754.566,244.54,56.227,1,0.008,-0.001,0,0.174,0.985,0.008,-0.985,0.174],"_shiftlockState":true,"_pose":"Running","_animationQueue":[],"_animationSpeed":1.103,"_zoom":20.656},{"_mousePosition":[683,384],"_rootPartCFrame":[752.579,222.7,52.625,1,0,-0.008,0,1,0,0.008,0,1],"_humanoidState":8,"_cameraCFrame":[754.3,244.541,56.226,1,0.008,-0.001,0,0.174,0.985,0.008,-0.985,0.174],"_shiftlockState":true,"_pose":"Running","_animationQueue":[],"_animationSpeed":1.103,"_zoom":20.656},{"_mousePosition":[683,384],"_rootPartCFrame":[752.312,222.7,52.623,1,0,-0.008,0,1,0,0.008,0,1],"_humanoidState":8,"_cameraCFrame":[754.051,244.541,56.215,1,0.003,-0.001,0,0.174,0.985,0.003,-0.985,0.174],"_shiftlockState":true,"_pose":"Running","_animationQueue":[],"_animationSpeed":1.103,"_zoom":20.656},{"_mousePosition":[683,384],"_rootPartCFrame":[751.979,222.7,52.62,1,0,-0.003,0,1,0,0.003,0,1],"_humanoidState":8,"_cameraCFrame":[753.763,244.541,56.19,1,-0.009,0.002,0,0.174,0.985,-0.01,-0.985,0.174],"_shiftlockState":true,"_pose":"Running","_animationQueue":[],"_animationSpeed":1.103,"_zoom":20.656},{"_mousePosition":[683,384],"_rootPartCFrame":[751.713,222.7,52.619,1,0,0.01,0,1,0,-0.01,0,1],"_humanoidState":8,"_cameraCFrame":[753.551,244.542,56.162,1,-0.024,0.004,0,0.174,0.985,-0.025,-0.985,0.174],"_shiftlockState":true,"_pose":"Running","_animationQueue":[["walk",0.1]],"_animationSpeed":1.103,"_zoom":20.656},{"_mousePosition":[683,384],"_rootPartCFrame":[751.446,222.7,52.621,1,0,0.025,0,1,0,-0.025,0,1],"_humanoidState":8,"_cameraCFrame":[753.355,244.542,56.126,0.999,-0.044,0.008,0,0.174,0.985,-0.045,-0.984,0.173],"_shiftlockState":true,"_pose":"Running","_animationQueue":[],"_animationSpeed":1.103,"_zoom":20.656},{"_mousePosition":[683,384],"_rootPartCFrame":[751.179,222.7,52.627,0.999,0,0.045,0,1,0,-0.045,0,0.999],"_humanoidState":8,"_cameraCFrame":[753.168,244.542,56.088,0.998,-0.067,0.012,0,0.174,0.985,-0.068,-0.983,0.173],"_shiftlockState":true,"_pose":"Running","_animationQueue":[],"_animationSpeed":1.103,"_zoom":20.656},{"_mousePosition":[683,384],"_rootPartCFrame":[750.913,222.666,52.634,0.998,0,0.068,0,1,0,-0.068,0,0.998],"_humanoidState":8,"_cameraCFrame":[752.963,244.508,56.058,0.996,-0.084,0.015,0,0.174,0.985,-0.085,-0.981,0.173],"_shiftlockState":true,"_pose":"Running","_animationQueue":[],"_animationSpeed":1.103,"_zoom":20.656},{"_mousePosition":[683,384],"_rootPartCFrame":[750.646,222.577,52.641,0.996,0,0.085,0,1,0,-0.085,0,0.996],"_humanoidState":8,"_cameraCFrame":[752.696,244.419,56.065,0.996,-0.084,0.015,0,0.174,0.985,-0.085,-0.981,0.173],"_shiftlockState":true,"_pose":"Running","_animationQueue":[],"_animationSpeed":1.103,"_zoom":20.656},{"_mousePosition":[683,384],"_rootPartCFrame":[750.38,223.45,52.647,0.996,0,0.085,0,1,0,-0.085,0,0.996],"_humanoidState":3,"_cameraCFrame":[752.429,245.292,56.072,0.996,-0.084,0.015,0,0.174,0.985,-0.085,-0.981,0.173],"_shiftlockState":true,"_pose":"Jumping","_animationQueue":[["walk",0.1],["jump",0.1]],"_animationSpeed":1,"_zoom":20.656},{"_mousePosition":[683,384],"_rootPartCFrame":[750.114,224.272,52.667,0.984,0,0.177,0,1,0,-0.177,0,0.984],"_humanoidState":5,"_cameraCFrame":[752.181,246.114,56.081,0.996,-0.089,0.016,0,0.174,0.985,-0.09,-0.981,0.173],"_shiftlockState":true,"_pose":"FreeFall","_animationQueue":[["jump",0.1]],"_animationSpeed":1,"_zoom":20.656},{"_mousePosition":[683,384],"_rootPartCFrame":[749.848,225.04,52.69,0.976,0,0.217,0,1,0,-0.217,0,0.976],"_humanoidState":5,"_cameraCFrame":[751.924,246.882,56.099,0.996,-0.092,0.016,0,0.174,0.985,-0.093,-0.981,0.173],"_shiftlockState":true,"_pose":"FreeFall","_animationQueue":[],"_animationSpeed":1,"_zoom":20.656},{"_mousePosition":[683,384],"_rootPartCFrame":[749.582,225.753,52.714,0.975,0,0.224,0,1,0,-0.224,0,0.975],"_humanoidState":5,"_cameraCFrame":[751.675,247.595,56.112,0.995,-0.096,0.017,0,0.174,0.985,-0.098,-0.98,0.173],"_shiftlockState":true,"_pose":"FreeFall","_animationQueue":[],"_animationSpeed":1,"_zoom":20.656},{"_mousePosition":[683,384],"_rootPartCFrame":[749.317,226.411,52.739,0.973,0,0.229,0,1,0,-0.229,0,0.973],"_humanoidState":5,"_cameraCFrame":[751.427,248.253,56.126,0.995,-0.101,0.018,0,0.174,0.985,-0.103,-0.98,0.173],"_shiftlockState":true,"_pose":"FreeFall","_animationQueue":[],"_animationSpeed":1,"_zoom":20.656},{"_mousePosition":[683,384],"_rootPartCFrame":[749.051,227.015,52.765,0.972,0,0.234,0,1,0,-0.234,0,0.972],"_humanoidState":5,"_cameraCFrame":[751.204,248.857,56.125,0.993,-0.114,0.02,0,0.174,0.985,-0.116,-0.978,0.172],"_shiftlockState":true,"_pose":"FreeFall","_animationQueue":[],"_animationSpeed":1,"_zoom":20.656},{"_mousePosition":[683,384],"_rootPartCFrame":[748.786,227.565,52.792,0.969,0,0.247,0,1,0,-0.247,0,0.969],"_humanoidState":5,"_cameraCFrame":[750.973,249.407,56.131,0.992,-0.124,0.022,0,0.174,0.985,-0.126,-0.977,0.172],"_shiftlockState":true,"_pose":"FreeFall","_animationQueue":[],"_animationSpeed":1,"_zoom":20.656},{"_mousePosition":[683,384],"_rootPartCFrame":[748.521,228.06,52.822,0.967,0,0.256,0,1,0,-0.256,0,0.967],"_humanoidState":5,"_cameraCFrame":[750.733,249.902,56.144,0.991,-0.131,0.023,0,0.174,0.985,-0.133,-0.976,0.172],"_shiftlockState":true,"_pose":"FreeFall","_animationQueue":[],"_animationSpeed":1,"_zoom":20.656},{"_mousePosition":[683,384],"_rootPartCFrame":[748.257,228.5,52.855,0.965,0,0.264,0,1,0,-0.264,0,0.965],"_humanoidState":5,"_cameraCFrame":[750.469,250.342,56.177,0.991,-0.131,0.023,0,0.174,0.985,-0.133,-0.976,0.172],"_shiftlockState":true,"_pose":"FreeFall","_animationQueue":[],"_animationSpeed":1,"_zoom":20.656},{"_mousePosition":[683,384],"_rootPartCFrame":[747.926,228.974,52.9,0.955,0,0.296,0,1,0,-0.296,0,0.955],"_humanoidState":5,"_cameraCFrame":[750.138,250.816,56.221,0.991,-0.131,0.023,0,0.174,0.985,-0.133,-0.976,0.172],"_shiftlockState":true,"_pose":"FreeFall","_animationQueue":[],"_animationSpeed":1,"_zoom":20.656},{"_mousePosition":[683,384],"_rootPartCFrame":[747.662,229.292,52.935,0.965,0,0.264,0,1,0,-0.264,0,0.965],"_humanoidState":5,"_cameraCFrame":[749.874,251.134,56.257,0.991,-0.131,0.023,0,0.174,0.985,-0.133,-0.976,0.172],"_shiftlockState":true,"_pose":"FreeFall","_animationQueue":[],"_animationSpeed":1,"_zoom":20.656},{"_mousePosition":[683,384],"_rootPartCFrame":[747.463,229.495,52.962,0.973,0,0.231,0,1,0,-0.231,0,0.973],"_humanoidState":5,"_cameraCFrame":[749.684,251.337,56.278,0.991,-0.134,0.024,0,0.174,0.985,-0.136,-0.976,0.172],"_shiftlockState":true,"_pose":"FreeFall","_animationQueue":[],"_animationSpeed":1,"_zoom":20.656},{"_mousePosition":[683,384],"_rootPartCFrame":[747.133,229.764,53.006,0.955,0,0.298,0,1,0,-0.298,0,0.955],"_humanoidState":5,"_cameraCFrame":[749.37,251.607,56.311,0.99,-0.139,0.024,0,0.174,0.985,-0.141,-0.975,0.172],"_shiftlockState":true,"_pose":"FreeFall","_animationQueue":[],"_animationSpeed":1,"_zoom":20.656},{"_mousePosition":[683,384],"_rootPartCFrame":[746.869,229.919,53.042,0.963,0,0.271,0,1,0,-0.271,0,0.963],"_humanoidState":5,"_cameraCFrame":[749.106,251.761,56.347,0.99,-0.139,0.024,0,0.174,0.985,-0.141,-0.975,0.172],"_shiftlockState":true,"_pose":"FreeFall","_animationQueue":[],"_animationSpeed":1,"_zoom":20.656},{"_mousePosition":[683,384],"_rootPartCFrame":[746.605,230.019,53.079,0.963,0,0.271,0,1,0,-0.271,0,0.963],"_humanoidState":5,"_cameraCFrame":[748.842,251.861,56.384,0.99,-0.139,0.024,0,0.174,0.985,-0.141,-0.975,0.172],"_shiftlockState":true,"_pose":"FreeFall","_animationQueue":[["fall",0.3]],"_animationSpeed":1,"_zoom":20.656},{"_mousePosition":[683,384],"_rootPartCFrame":[746.341,230.064,53.117,0.963,0,0.271,0,1,0,-0.271,0,0.963],"_humanoidState":5,"_cameraCFrame":[748.578,251.906,56.422,0.99,-0.139,0.024,0,0.174,0.985,-0.141,-0.975,0.172],"_shiftlockState":true,"_pose":"FreeFall","_animationQueue":[],"_animationSpeed":1,"_zoom":20.656},{"_mousePosition":[683,384],"_rootPartCFrame":[746.143,230.062,53.145,0.971,0,0.239,0,1,0,-0.239,0,0.971],"_humanoidState":5,"_cameraCFrame":[748.38,251.905,56.45,0.99,-0.139,0.024,0,0.174,0.985,-0.141,-0.975,0.172],"_shiftlockState":true,"_pose":"FreeFall","_animationQueue":[],"_animationSpeed":1,"_zoom":20.656},{"_mousePosition":[683,384],"_rootPartCFrame":[745.879,230.012,53.183,0.963,0,0.271,0,1,0,-0.271,0,0.963],"_humanoidState":5,"_cameraCFrame":[748.116,251.855,56.488,0.99,-0.139,0.024,0,0.174,0.985,-0.141,-0.975,0.172],"_shiftlockState":true,"_pose":"FreeFall","_animationQueue":[],"_animationSpeed":1,"_zoom":20.656},{"_mousePosition":[683,384],"_rootPartCFrame":[745.615,229.908,53.22,0.963,0,0.271,0,1,0,-0.271,0,0.963],"_humanoidState":5,"_cameraCFrame":[747.852,251.75,56.525,0.99,-0.139,0.024,0,0.174,0.985,-0.141,-0.975,0.172],"_shiftlockState":true,"_pose":"FreeFall","_animationQueue":[],"_animationSpeed":1,"_zoom":20.656},{"_mousePosition":[683,384],"_rootPartCFrame":[745.351,229.749,53.258,0.963,0,0.271,0,1,0,-0.271,0,0.963],"_humanoidState":5,"_cameraCFrame":[747.58,251.591,56.568,0.99,-0.136,0.024,0,0.174,0.985,-0.138,-0.975,0.172],"_shiftlockState":true,"_pose":"FreeFall","_animationQueue":[],"_animationSpeed":1,"_zoom":20.656},{"_mousePosition":[683,384],"_rootPartCFrame":[745.087,229.536,53.295,0.963,0,0.269,0,1,0,-0.269,0,0.963],"_humanoidState":5,"_cameraCFrame":[747.282,251.378,56.628,0.992,-0.126,0.022,0,0.174,0.985,-0.128,-0.977,0.172],"_shiftlockState":true,"_pose":"FreeFall","_animationQueue":[],"_animationSpeed":1,"_zoom":20.656},{"_mousePosition":[683,384],"_rootPartCFrame":[744.823,229.268,53.332,0.966,0,0.259,0,1,0,-0.259,0,0.966],"_humanoidState":5,"_cameraCFrame":[746.959,251.11,56.704,0.994,-0.109,0.019,0,0.174,0.985,-0.111,-0.979,0.173],"_shiftlockState":true,"_pose":"FreeFall","_animationQueue":[["fall",0.3]],"_animationSpeed":1,"_zoom":20.656},{"_mousePosition":[683,384],"_rootPartCFrame":[744.559,228.945,53.367,0.97,0,0.242,0,1,0,-0.242,0,0.97],"_humanoidState":5,"_cameraCFrame":[746.591,250.787,56.801,0.997,-0.079,0.014,0,0.174,0.985,-0.08,-0.982,0.173],"_shiftlockState":true,"_pose":"FreeFall","_animationQueue":[],"_animationSpeed":1,"_zoom":20.656},{"_mousePosition":[683,384],"_rootPartCFrame":[744.294,228.568,53.397,0.977,0,0.212,0,1,0,-0.212,0,0.977],"_humanoidState":5,"_cameraCFrame":[746.132,250.41,56.939,1,-0.024,0.004,0,0.174,0.985,-0.025,-0.985,0.174],"_shiftlockState":true,"_pose":"FreeFall","_animationQueue":[],"_animationSpeed":1,"_zoom":20.656},{"_mousePosition":[683,384],"_rootPartCFrame":[744.028,228.137,53.42,0.988,0,0.157,0,1,0,-0.157,0,0.988],"_humanoidState":5,"_cameraCFrame":[745.555,249.979,57.107,0.998,0.06,-0.011,0,0.174,0.985,0.061,-0.983,0.173],"_shiftlockState":true,"_pose":"FreeFall","_animationQueue":[],"_animationSpeed":1,"_zoom":20.656},{"_mousePosition":[683,384],"_rootPartCFrame":[743.761,227.651,53.428,0.997,0,0.072,0,1,0,-0.072,0,0.997],"_humanoidState":5,"_cameraCFrame":[744.811,249.493,57.279,0.982,0.184,-0.032,0,0.174,0.985,0.187,-0.967,0.171],"_shiftlockState":true,"_pose":"FreeFall","_animationQueue":[],"_animationSpeed":1,"_zoom":20.656},{"_mousePosition":[683,384],"_rootPartCFrame":[743.495,227.11,53.417,0.999,0,-0.055,0,1,0,0.055,0,0.999],"_humanoidState":5,"_cameraCFrame":[743.95,248.952,57.382,0.943,0.328,-0.058,0,0.174,0.985,0.333,-0.929,0.164],"_shiftlockState":true,"_pose":"FreeFall","_animationQueue":[],"_animationSpeed":1,"_zoom":20.656},{"_mousePosition":[683,384],"_rootPartCFrame":[743.232,226.515,53.379,0.979,0,-0.205,0,1,0,0.205,0,0.979],"_humanoidState":5,"_cameraCFrame":[742.971,