[{"_mousePosition":[685,333],"_rootPartCFrame":[776.034,222.7,47.142,-0.001,0,1,0,1,0,-1,0,-0.001],"_humanoidState":8,"_cameraCFrame":[776.26,240.074,49.965,0.997,-0.079,0.014,0,0.176,0.984,-0.08,-0.981,0.175],"_shiftlockState":false,"_pose":"Standing","_animationQueue":[],"_animationSpeed":1,"_zoom":16.125},{"_mousePosition":[685,333],"_rootPartCFrame":[775.788,222.695,47.162,-0.012,0,1,0,1,0,-1,0,-0.012],"_humanoidState":8,"_cameraCFrame":[776.014,240.07,49.985,0.997,-0.079,0.014,0,0.176,0.984,-0.08,-0.981,0.175],"_shiftlockState":false,"_pose":"Standing","_animationQueue":[],"_animationSpeed":1,"_zoom":16.125},{"_mousePosition":[685,333],"_rootPartCFrame":[775.523,222.697,47.183,-0.021,0,1,0,1,0,-1,0,-0.021],"_humanoidState":8,"_cameraCFrame":[775.739,240.077,49.976,0.997,-0.076,0.013,0,0.174,0.985,-0.077,-0.982,0.173],"_shiftlockState":false,"_pose":"Running","_animationQueue":[["walk",0.1]],"_animationSpeed":1.066,"_zoom":16.125},{"_mousePosition":[685,333],"_rootPartCFrame":[775.257,222.698,47.204,-0.029,0,1,0,1,0,-1,0,-0.029],"_humanoidState":8,"_cameraCFrame":[775.452,240.078,49.997,0.998,-0.069,0.012,0,0.174,0.985,-0.07,-0.982,0.173],"_shiftlockState":false,"_pose":"Running","_animationQueue":[],"_animationSpeed":1.066,"_zoom":16.125},{"_mousePosition":[685,333],"_rootPartCFrame":[774.991,222.699,47.225,-0.036,0,0.999,0,1,0,-0.999,0,-0.036],"_humanoidState":8,"_cameraCFrame":[775.165,240.079,50.019,0.998,-0.061,0.011,0,0.174,0.985,-0.062,-0.983,0.173],"_shiftlockState":false,"_pose":"Running","_animationQueue":[["walk",0.1]],"_animationSpeed":1.066,"_zoom":16.125},{"_mousePosition":[685,333],"_rootPartCFrame":[774.725,222.699,47.244,-0.04,0,0.999,0,1,0,-0.999,0,-0.04],"_humanoidState":8,"_cameraCFrame":[774.871,240.079,50.04,0.999,-0.051,0.009,0,0.174,0.985,-0.052,-0.983,0.173],"_shiftlockState":false,"_pose":"Running","_animationQueue":[],"_animationSpeed":1.066,"_zoom":16.125},{"_mousePosition":[685,333],"_rootPartCFrame":[774.459,222.699,47.26,-0.043,0,0.999,0,1,0,-0.999,0,-0.043],"_humanoidState":8,"_cameraCFrame":[774.569,240.079,50.058,0.999,-0.039,0.007,0,0.174,0.985,-0.039,-0.984,0.174],"_shiftlockState":false,"_pose":"Running","_animationQueue":[],"_animationSpeed":1.066,"_zoom":16.125},{"_mousePosition":[685,333],"_rootPartCFrame":[774.193,222.7,47.274,-0.045,0,0.999,0,1,0,-0.999,0,-0.045],"_humanoidState":8,"_cameraCFrame":[774.268,240.08,50.073,1,-0.026,0.005,0,0.174,0.985,-0.027,-0.984,0.174],"_shiftlockState":false,"_pose":"Running","_animationQueue":[],"_animationSpeed":1.066,"_zoom":16.125},{"_mousePosition":[685,333],"_rootPartCFrame":[774.06,222.7,47.28,-0.045,0,0.999,0,1,0,-0.999,0,-0.045],"_humanoidState":8,"_cameraCFrame":[774.106,240.08,50.08,1,-0.016,0.003,0,0.174,0.985,-0.017,-0.985,0.174],"_shiftlockState":false,"_pose":"Running","_animationQueue":[],"_animationSpeed":1.066,"_zoom":16.125},{"_mousePosition":[685,333],"_rootPartCFrame":[773.793,222.7,47.287,-0.042,0,0.999,0,1,0,-0.999,0,-0.042],"_humanoidState":8,"_cameraCFrame":[773.818,240.08,50.087,1,-0.009,0.002,0,0.174,0.985,-0.009,-0.985,0.174],"_shiftlockState":false,"_pose":"Running","_animationQueue":[],"_animationSpeed":1.066,"_zoom":16.125},{"_mousePosition":[685,333],"_rootPartCFrame":[773.393,222.7,47.294,-0.037,0,0.999,0,1,0,-0.999,0,-0.037],"_humanoidState":8,"_cameraCFrame":[773.404,240.08,50.094,1,-0.004,0.001,0,0.174,0.985,-0.004,-0.985,0.174],"_shiftlockState":false,"_pose":"Running","_animationQueue":[],"_animationSpeed":1.066,"_zoom":16.125},{"_mousePosition":[685,333],"_rootPartCFrame":[773.26,222.7,47.295,-0.035,0,0.999,0,1,0,-0.999,0,-0.035],"_humanoidState":8,"_cameraCFrame":[773.264,240.08,50.096,1,-0.001,0,0,0.174,0.985,-0.001,-0.985,0.174],"_shiftlockState":false,"_pose":"Running","_animationQueue":[["walk",0.1]],"_animationSpeed":1.066,"_zoom":16.125},{"_mousePosition":[685,333],"_rootPartCFrame":[772.993,222.7,47.297,-0.031,0,1,0,1,0,-1,0,-0.031],"_humanoidState":8,"_cameraCFrame":[772.997,240.08,50.097,1,-0.001,0,0,0.174,0.985,-0.001,-0.985,0.174],"_shiftlockState":false,"_pose":"Running","_animationQueue":[],"_animationSpeed":1.066,"_zoom":16.125},{"_mousePosition":[685,333],"_rootPartCFrame":[772.593,222.7,47.297,-0.025,0,1,0,1,0,-1,0,-0.025],"_humanoidState":8,"_cameraCFrame":[772.597,240.08,50.097,1,-0.001,0,0,0.174,0.985,-0.001,-0.985,0.174],"_shiftlockState":false,"_pose":"Running","_animationQueue":[],"_animationSpeed":1.066,"_zoom":16.125},{"_mousePosition":[685,333],"_rootPartCFrame":[772.46,222.7,47.297,-0.024,0,1,0,1,0,-1,0,-0.024],"_humanoidState":8,"_cameraCFrame":[772.464,240.08,50.097,1,-0.001,0,0,0.174,0.985,-0.001,-0.985,0.174],"_shiftlockState":false,"_pose":"Running","_animationQueue":[],"_animationSpeed":1.066,"_zoom":16.125},{"_mousePosition":[685,333],"_rootPartCFrame":[772.06,222.7,47.298,-0.019,0,1,0,1,0,-1,0,-0.019],"_humanoidState":8,"_cameraCFrame":[772.064,240.08,50.098,1,-0.001,0,0,0.174,0.985,-0.001,-0.985,0.174],"_shiftlockState":false,"_pose":"Running","_animationQueue":[],"_animationSpeed":1.066,"_zoom":16.125},{"_mousePosition":[685,333],"_rootPartCFrame":[771.793,222.7,47.298,-0.017,0,1,0,1,0,-1,0,-0.017],"_humanoidState":8,"_cameraCFrame":[771.797,240.08,50.098,1,-0.001,0,0,0.174,0.985,-0.001,-0.985,0.174],"_shiftlockState":false,"_pose":"Running","_animationQueue":[],"_animationSpeed":1.066,"_zoom":16.125},{"_mousePosition":[685,333],"_rootPartCFrame":[771.526,222.7,47.299,-0.015,0,1,0,1,0,-1,0,-0.015],"_humanoidState":8,"_cameraCFrame":[771.523,240.08,50.099,1,0.001,0,0,0.174,0.985,0.001,-0.985,0.174],"_shiftlockState":false,"_pose":"Running","_animationQueue":[["walk",0.1]],"_animationSpeed":1.066,"_zoom":16.125},{"_mousePosition":[685,333],"_rootPartCFrame":[771.26,222.7,47.299,-0.013,0,1,0,1,0,-1,0,-0.013],"_humanoidState":8,"_cameraCFrame":[771.256,240.08,50.099,1,0.001,0,0,0.174,0.985,0.001,-0.985,0.174],"_shiftlockState":false,"_pose":"Running","_animationQueue":[],"_animationSpeed":1.066,"_zoom":16.125},{"_mousePosition":[685,333],"_rootPartCFrame":[770.993,222.7,47.299,-0.011,0,1,0,1,0,-1,0,-0.011],"_humanoidState":8,"_cameraCFrame":[770.99,240.08,50.099,1,0.001,0,0,0.174,0.985,0.001,-0.985,0.174],"_shiftlockState":false,"_pose":"Running","_animationQueue":[],"_animationSpeed":1.066,"_zoom":16.125},{"_mousePosition":[685,333],"_rootPartCFrame":[770.859,222.7,47.299,-0.01,0,1,0,1,0,-1,0,-0.01],"_humanoidState":8,"_cameraCFrame":[770.863,240.08,50.099,1,-0.001,0,0,0.174,0.985,-0.001,-0.985,0.174],"_shiftlockState":false,"_pose":"Running","_animationQueue":[],"_animationSpeed":1.066,"_zoom":16.125},{"_mousePosition":[685,333],"_rootPartCFrame":[770.593,222.7,47.298,-0.009,0,1,0,1,0,-1,0,-0.009],"_humanoidState":8,"_cameraCFrame":[770.611,240.08,50.098,1,-0.006,0.001,0,0.174,0.985,-0.006,-0.985,0.174],"_shiftlockState":false,"_pose":"Running","_animationQueue":[],"_animationSpeed":1.066,"_zoom":16.125},{"_mousePosition":[685,333],"_rootPartCFrame":[770.259,222.649,47.298,-0.007,0,1,0,1,0,-1,0,-0.007],"_humanoidState":8,"_cameraCFrame":[772.056,240.029,50.069,1,-0.016,0.003,0,0.174,0.985,-0.017,-0.985,0.174],"_shiftlockState":true,"_pose":"Running","_animationQueue":[],"_animationSpeed":1.066,"_zoom":16.125},{"_mousePosition":[683,384],"_rootPartCFrame":[769.993,222.649,47.299,0.998,0,-0.056,0,1,0,0.056,0,0.998],"_humanoidState":8,"_cameraCFrame":[771.789,240.029,50.07,1,-0.016,0.003,0,0.174,0.985,-0.017,-0.985,0.174],"_shiftlockState":true,"_pose":"Running","_animationQueue":[["walk",0.1]],"_animationSpeed":1.066,"_zoom":16.125},{"_mousePosition":[683,384],"_rootPartCFrame":[769.726,223.522,47.301,0.997,0,-0.075,0,1,0,0.075,0,0.997],"_humanoidState":3,"_cameraCFrame":[771.543,240.902,50.058,1,-0.024,0.004,0,0.174,0.985,-0.024,-0.985,0.174],"_shiftlockState":true,"_pose":"Jumping","_animationQueue":[["walk",0.1],["jump",0.1]],"_animationSpeed":1,"_zoom":16.125},{"_mousePosition":[683,384],"_rootPartCFrame":[769.46,224.344,47.305,0.996,0,0.088,0,1,0,-0.088,0,0.996],"_humanoidState":5,"_cameraCFrame":[771.291,241.724,50.053,1,-0.029,0.005,0,0.174,0.985,-0.029,-0.984,0.174],"_shiftlockState":true,"_pose":"FreeFall","_animationQueue":[["jump",0.1]],"_animationSpeed":1,"_zoom":16.125},{"_mousePosition":[683,384],"_rootPartCFrame":[769.26,224.924,47.31,0.993,0,0.122,0,1,0,-0.122,0,0.993],"_humanoidState":5,"_cameraCFrame":[771.091,242.304,50.057,1,-0.029,0.005,0,0.174,0.985,-0.029,-0.984,0.174],"_shiftlockState":true,"_pose":"FreeFall","_animationQueue":[],"_animationSpeed":1,"_zoom":16.125},{"_mousePosition":[683,384],"_rootPartCFrame":[768.926,225.824,47.319,0.981,0,0.193,0,1,0,-0.193,0,0.981],"_humanoidState":5,"_cameraCFrame":[770.758,243.204,50.067,1,-0.029,0.005,0,0.174,0.985,-0.029,-0.984,0.174],"_shiftlockState":true,"_pose":"FreeFall","_animationQueue":[],"_animationSpeed":1,"_zoom":16.125},{"_mousePosition":[683,384],"_rootPartCFrame":[768.66,226.483,47.327,0.987,0,0.162,0,1,0,-0.162,0,0.987],"_humanoidState":5,"_cameraCFrame":[770.491,243.863,50.075,1,-0.029,0.005,0,0.174,0.985,-0.029,-0.984,0.174],"_shiftlockState":true,"_pose":"FreeFall","_animationQueue":[],"_animationSpeed":1,"_zoom":16.125},{"_mousePosition":[683,384],"_rootPartCFrame":[768.46,226.941,47.333,0.992,0,0.129,0,1,0,-0.129,0,0.992],"_humanoidState":5,"_cameraCFrame":[770.291,244.321,50.081,1,-0.029,0.005,0,0.174,0.985,-0.029,-0.984,0.174],"_shiftlockState":true,"_pose":"FreeFall","_animationQueue":[],"_animationSpeed":1,"_zoom":16.125},{"_mousePosition":[683,384],"_rootPartCFrame":[768.193,227.504,47.341,0.987,0,0.162,0,1,0,-0.162,0,0.987],"_humanoidState":5,"_cameraCFrame":[770.038,244.884,50.079,0.999,-0.034,0.006,0,0.174,0.985,-0.034,-0.984,0.174],"_shiftlockState":true,"_pose":"FreeFall","_animationQueue":[],"_animationSpeed":1,"_zoom":16.125},{"_mousePosition":[683,384],"_rootPartCFrame":[767.86,228.131,47.35,0.98,0,0.2,0,1,0,-0.2,0,0.98],"_humanoidState":5,"_cameraCFrame":[769.733,245.511,50.07,0.999,-0.044,0.008,0,0.174,0.985,-0.044,-0.984,0.173],"_shiftlockState":true,"_pose":"FreeFall","_animationQueue":[],"_animationSpeed":1,"_zoom":16.125},{"_mousePosition":[683,384],"_rootPartCFrame":[767.66,228.467,47.357,0.99,0,0.144,0,1,0,-0.144,0,0.99],"_humanoidState":5,"_cameraCFrame":[769.574,245.847,50.048,0.998,-0.059,0.01,0,0.174,0.985,-0.06,-0.983,0.173],"_shiftlockState":true,"_pose":"FreeFall","_animationQueue":[],"_animationSpeed":1,"_zoom":16.125},{"_mousePosition":[683,384],"_rootPartCFrame":[767.394,228.866,47.368,0.981,0,0.192,0,1,0,-0.192,0,0.981],"_humanoidState":5,"_cameraCFrame":[769.355,246.246,50.025,0.997,-0.076,0.013,0,0.174,0.985,-0.077,-0.982,0.173],"_shiftlockState":true,"_pose":"FreeFall","_animationQueue":[],"_animationSpeed":1,"_zoom":16.125},{"_mousePosition":[683,384],"_rootPartCFrame":[767.061,229.289,47.388,0.97,0,0.241,0,1,0,-0.241,0,0.97],"_humanoidState":5,"_cameraCFrame":[769.069,246.669,50.009,0.995,-0.093,0.016,0,0.174,0.985,-0.095,-0.98,0.173],"_shiftlockState":true,"_pose":"FreeFall","_animationQueue":[],"_animationSpeed":1,"_zoom":16.125},{"_mousePosition":[683,384],"_rootPartCFrame":[766.795,229.566,47.408,0.974,0,0.226,0,1,0,-0.226,0,0.974],"_humanoidState":5,"_cameraCFrame":[768.856,246.946,49.988,0.993,-0.113,0.02,0,0.174,0.985,-0.115,-0.978,0.172],"_shiftlockState":true,"_pose":"FreeFall","_animationQueue":[],"_animationSpeed":1,"_zoom":16.125},{"_mousePosition":[683,384],"_rootPartCFrame":[766.53,229.789,47.432,0.969,0,0.246,0,1,0,-0.246,0,0.969],"_humanoidState":5,"_cameraCFrame":[768.648,247.169,49.965,0.99,-0.136,0.024,0,0.174,0.985,-0.138,-0.975,0.172],"_shiftlockState":true,"_pose":"FreeFall","_animationQueue":[],"_animationSpeed":1,"_zoom":16.125},{"_mousePosition":[683,384],"_rootPartCFrame":[766.265,229.957,47.462,0.963,0,0.268,0,1,0,-0.268,0,0.963],"_humanoidState":5,"_cameraCFrame":[768.434,247.337,49.951,0.987,-0.155,0.027,0,0.174,0.985,-0.158,-0.972,0.171],"_shiftlockState":true,"_pose":"FreeFall","_animationQueue":[],"_animationSpeed":1,"_zoom":16.125},{"_mousePosition":[683,384],"_rootPartCFrame":[766,230.07,47.498,0.958,0,0.287,0,1,0,-0.287,0,0.958],"_humanoidState":5,"_cameraCFrame":[768.244,247.45,49.92,0.982,-0.185,0.033,0,0.174,0.985,-0.188,-0.967,0.171],"_shiftlockState":true,"_pose":"FreeFall","_animationQueue":[],"_animationSpeed":1,"_zoom":16.125},{"_mousePosition":[683,384],"_rootPartCFrame":[765.737,230.129,47.539,0.949,0,0.316,0,1,0,-0.316,0,0.949],"_humanoidState":5,"_cameraCFrame":[767.999,247.509,49.944,0.981,-0.192,0.034,0,0.174,0.985,-0.195,-0.966,0.17],"_shiftlockState":true,"_pose":"FreeFall","_animationQueue":[],"_animationSpeed":1,"_zoom":16.125},{"_mousePosition":[683,384],"_rootPartCFrame":[765.475,230.134,47.588,0.946,0,0.324,0,1,0,-0.324,0,0.946],"_humanoidState":5,"_cameraCFrame":[767.773,247.514,49.958,0.978,-0.207,0.036,0,0.174,0.985,-0.21,-0.963,0.17],"_shiftlockState":true,"_pose":"FreeFall","_animationQueue":[],"_animationSpeed":1,"_zoom":16.125},{"_mousePosition":[683,384],"_rootPartCFrame":[765.213,230.084,47.639,0.941,0,0.338,0,1,0,-0.338,0,0.941],"_humanoidState":5,"_cameraCFrame":[767.571,247.464,49.951,0.972,-0.231,0.041,0,0.174,0.985,-0.235,-0.957,0.169],"_shiftlockState":true,"_pose":"FreeFall","_animationQueue":[],"_animationSpeed":1,"_zoom":16.125},{"_mousePosition":[683,384],"_rootPartCFrame":[764.952,229.98,47.695,0.932,0,0.362,0,1,0,-0.362,0,0.932],"_humanoidState":5,"_cameraCFrame":[767.362,247.36,49.952,0.967,-0.253,0.045,0,0.174,0.985,-0.257,-0.952,0.168],"_shiftlockState":true,"_pose":"FreeFall","_animationQueue":[["fall",0.3]],"_animationSpeed":1,"_zoom":16.125},{"_mousePosition":[683,384],"_rootPartCFrame":[764.693,229.821,47.756,0.924,0,0.383,0,1,0,-0.383,0,0.924],"_humanoidState":5,"_cameraCFrame":[767.165,247.201,49.946,0.959,-0.279,0.049,0,0.174,0.985,-0.283,-0.944,0.167],"_shiftlockState":true,"_pose":"FreeFall","_animationQueue":[],"_animationSpeed":1,"_zoom":16.125},{"_mousePosition":[683,384],"_rootPartCFrame":[764.435,229.607,47.824,0.913,0,0.408,0,1,0,-0.408,0,0.913],"_humanoidState":5,"_cameraCFrame":[766.972,246.987,49.937,0.95,-0.308,0.054,0,0.174,0.985,-0.312,-0.936,0.165],"_shiftlockState":true,"_pose":"FreeFall","_animationQueue":[],"_animationSpeed":1,"_zoom":16.125},{"_mousePosition":[683,384],"_rootPartCFrame":[764.179,229.339,47.898,0.9,0,0.436,0,1,0,-0.436,0,0.9],"_humanoidState":5,"_cameraCFrame":[766.789,246.719,49.921,0.938,-0.341,0.06,0,0.174,0.985,-0.346,-0.924,0.163],"_shiftlockState":true,"_pose":"FreeFall","_animationQueue":[],"_animationSpeed":1,"_zoom":16.125},{"_mousePosition":[683,384],"_rootPartCFrame":[763.925,229.017,47.981,0.884,0,0.467,0,1,0,-0.467,0,0.884],"_humanoidState":5,"_cameraCFrame":[766.606,246.397,49.909,0.925,-0.373,0.066,0,0.174,0.985,-0.379,-0.911,0.161],"_shiftlockState":true,"_pose":"FreeFall","_animationQueue":[],"_animationSpeed":1,"_zoom":16.125},{"_mousePosition":[683,384],"_rootPartCFrame":[763.737,228.739,48.049,0.883,0,0.469,0,1,0,-0.469,0,0.883],"_humanoidState":5,"_cameraCFrame":[766.479,246.119,49.888,0.912,-0.403,0.071,0,0.174,0.985,-0.409,-0.899,0.158],"_shiftlockState":true,"_pose":"FreeFall","_animationQueue":[],"_animationSpeed":1,"_zoom":16.125},{"_mousePosition":[683,384],"_rootPartCFrame":[763.49,228.321,48.148,0.85,0,0.527,0,1,0,-0.527,0,0.85],"_humanoidState":5,"_cameraCFrame":[766.287,245.701,49.903,0.9,-0.43,0.076,0,0.174,0.985,-0.437,-0.886,0.156],"_shiftlockState":true,"_pose":"FreeFall","_animationQueue":[],"_animationSpeed":1,"_zoom":16.125},{"_mousePosition":[683,384],"_rootPartCFrame":[763.185,227.722,48.283,0.815,0,0.58,0,1,0,-0.58,0,0.815],"_humanoidState":5,"_cameraCFrame":[766.03,245.102,49.96,0.887,-0.454,0.08,0,0.174,0.985,-0.461,-0.874,0.154],"_shiftlockState":true,"_pose":"FreeFall","_animationQueue":[["fall",0.3]],"_animationSpeed":1,"_zoom":16.125},{"_mousePosition":[683,384],"_rootPartCFrame":[763.005,227.322,48.37,0.837,0,0.548,0,1,0,-0.548,0,0.837],"_humanoidState":5,"_cameraCFrame":[765.895,244.702,49.966,0.874,-0.479,0.084,0,0.174,0.985,-0.486,-0.861,0.152],"_shiftlockState":true,"_pose":"FreeFall","_animationQueue":[],"_animationSpeed":1,"_zoom":16.125},{"_mousePosition":[683,384],"_rootPartCFrame":[762.768,226.741,48.492,0.802,0,0.598,0,1,0,-0.598,0,0.802],"_humanoidState":5,"_cameraCFrame":[765.735,244.121,49.94,0.848,-0.522,0.092,0,0.174,0.985,-0.53,-0.835,0.147],"_shiftlockState":true,"_pose":"FreeFall","_animationQueue":[],"_animationSpeed":1,"_zoom":16.125},{"_mousePosition":[683,384],"_rootPartCFrame":[762.476,225.937,48.653,0.749,0,0.663,0,1,0,-0.663,0,0.749],"_humanoidState":5,"_cameraCFrame":[765.468,243.317,50.048,0.839,-0.536,0.095,0,0.174,0.985,-0.545,-0.826,0.146],"_shiftlockState":true,"_pose":"FreeFall","_animationQueue":[],"_animationSpeed":1,"_zoom":16.125},{"_mousePosition":[683,384],"_rootPartCFrame":[762.305,225.414,48.757,0.78,0,0.626,0,1,0,-0.626,0,0.78],"_humanoidState":5,"_cameraCFrame":[765.383,242.794,49.953,0.801,-0.589,0.104,0,0.174,0.985,-0.599,-0.789,0.139],"_shiftlockState":true,"_pose":"FreeFall","_animationQueue":[],"_animationSpeed":1,"_zoom":16.125},{"_mousePosition":[683,384],"_rootPartCFrame":[762.081,224.67,48.901,0.714,0,0.7,0,1,0,-0.7,0,0.714],"_humanoidState":5,"_cameraCFrame":[765.23,242.044,49.98,0.773,-0.625,0.111,0,0.176,0.984,-0.634,-0.761,0.136],"_shiftlockState":true,"_pose":"FreeFall","_animationQueue":[],"_animationSpeed":1,"_zoom":16.125},{"_mousePosition":[683,384],"_rootPartCFrame":[761.812,223.662,49.098,0.657,0,0.754,0,1,0,-0.754,0,0.657],"_humanoidState":5,"_cameraCFrame":[765.027,241.031,50.055,0.743,-0.658,0.119,0,0.177,0.984,-0.669,-0.732,0.132],"_shiftlockState":true,"_pose":"FreeFall","_animationQueue":[],"_animationSpeed":1,"_zoom":16.125},{"_mousePosition":[683,384],"_rootPartCFrame":[761.656,223.016,49.224,0.72,0,0.693,0,1,0,-0.693,0,0.72],"_humanoidState":7,"_cameraCFrame":[764.927,240.38,50.08,0.717,-0.685,0.125,0,0.179,0.984,-0.697,-0.706,0.129],"_shiftlockState":true,"_pose":"FreeFall","_animationQueue":[["fall",0.3],["walk",0.1],["fall",0.3],["fall",0.3]],"_animationSpeed":1,"_zoom":16.125},{"_mousePosition":[683,384],"_rootPartCFrame":[761.457,222.404,49.401,0.713,0,0.701,0,1,0,-0.701,0,0.713],"_humanoidState":7,"_cameraCFrame":[764.778,239.762,50.162,0.692,-0.71,0.131,0,0.181,0.983,-0.722,-0.681,0.126],"_shiftlockState":true,"_pose":"FreeFall","_animationQueue":[],"_animationSpeed":1,"_zoom":16.125},{"_mousePosition":[683,384],"_rootPartCFrame":[761.169,222.511,49.678,0.692,0,0.722,0,1,0,-0.722,0,0.692],"_humanoidState":8,"_cameraCFrame":[764.538,239.863,50.342,0.666,-0.733,0.137,0,0.183,0.983,-0.746,-0.655,0.122],"_shiftlockState":true,"_pose":"Running","_animationQueue":[["walk",0.1],["fall",0.3],["walk",0.1]],"_animationSpeed":1.103,"_zoom":16.125},{"_mousePosition":[683,384],"_rootPartCFrame":[761.03,222.577,49.822,0.666,0,0.746,0,1,0,-0.746,0,0.666],"_humanoidState":8,"_cameraCFrame":[764.422,239.929,50.357,0.638,-0.757,0.141,0,0.183,0.983,-0.77,-0.627,0.117],"_shiftlockState":true,"_pose":"Running","_animationQueue":[],"_animationSpeed":1.103,"_zoom":16.125},{"_mousePosition":[683,384],"_rootPartCFrame":[760.851,222.632,50.02,0.638,0,0.77,0,1,0,-0.77,0,0.638],"_humanoidState":8,"_cameraCFrame":[764.286,239.978,50.436,0.606,-0.782,0.147,0,0.185,0.983,-0.796,-0.595,0.112],"_shiftlockState":true,"_pose":"Running","_animationQueue":[],"_animationSpeed":1.103,"_zoom":16.125},{"_mousePosition":[683,384],"_rootPartCFrame":[760.637,222.668,50.276,0.606,0,0.796,0,1,0,-0.796,0,0.606],"_humanoidState":8,"_cameraCFrame":[764.114,240.008,50.544,0.567,-0.809,0.154,0,0.187,0.982,-0.824,-0.557,0.106],"_shiftlockState":true,"_pose":"Running","_animationQueue":[],"_animationSpeed":1.103,"_zoom":16.125},{"_mousePosition":[683,384],"_rootPartCFrame":[760.474,222.682,50.487,0.567,0,0.824,0,1,0,-0.824,0,0.567],"_humanoidState":8,"_cameraCFrame":[763.986,240.017,50.621,0.531,-0.832,0.16,0,0.189,0.982,-0.847,-0.521,0.1],"_shiftlockState":true,"_pose":"Running","_animationQueue":[["walk",0.1]],"_animationSpeed":1.103,"_zoom":16.125},{"_mousePosition":[683,384],"_rootPartCFrame":[760.36,222.689,50.65,0.531,0,0.847,0,1,0,-0.847,0,0.531],"_humanoidState":8,"_cameraCFrame":[763.874,240.023,50.652,0.498,-0.851,0.164,0,0.189,0.982,-0.867,-0.489,0.094],"_shiftlockState":true,"_pose":"Running","_animationQueue":[],"_animationSpeed":1.103,"_zoom":16.125},{"_mousePosition":[683,384],"_rootPartCFrame":[760.181,222.694,50.932,0.498,0,0.867,0,1,0,-0.867,0,0.498],"_humanoidState":8,"_cameraCFrame":[763.721,240.023,50.841,0.472,-0.865,0.168,0,0.191,0.982,-0.882,-0.463,0.09],"_shiftlockState":true,"_pose":"Running","_animationQueue":[],"_animationSpeed":1.103,"_zoom":16.125},{"_mousePosition":[683,384],"_rootPartCFrame":[760.075,222.677,51.101,0.472,0,0.882,0,1,0,-0.882,0,0.472],"_humanoidState":8,"_cameraCFrame":[763.638,239.999,50.926,0.447,-0.878,0.172,0,0.193,0.981,-0.894,-0.439,0.086],"_shiftlockState":true,"_pose":"Running","_animationQueue":[],"_animationSpeed":1.103,"_zoom":16.125},{"_mousePosition":[683,384],"_rootPartCFrame":[759.933,222.605,51.327,0.447,0,0.894,0,1,0,-0.894,0,0.447],"_humanoidState":8,"_cameraCFrame":[763.496,239.927,51.134,0.443,-0.88,0.173,0,0.193,0.981,-0.897,-0.434,0.085],"_shiftlockState":true,"_pose":"Running","_animationQueue":[],"_animationSpeed":1.103,"_zoom":16.125},{"_mousePosition":[683,384],"_rootPartCFrame":[759.756,222.439,51.61,0.443,0,0.897,0,1,0,-0.897,0,0.443],"_humanoidState":8,"_cameraCFrame":[763.319,239.761,51.416,0.443,-0.88,0.173,0,0.193,0.981,-0.897,-0.434,0.085],"_shiftlockState":true,"_pose":"Running","_animationQueue":[],"_animationSpeed":1.103,"_zoom":16.125},{"_mousePosition":[683,384],"_rootPartCFrame":[759.65,222.298,51.779,0.443,0,0.897,0,1,0,-0.897,0,0.443],"_humanoidState":8,"_cameraCFrame":[763.213,239.621,51.595,0.445,-0.879,0.173,0,0.193,0.981,-0.896,-0.436,0.086],"_shiftlockState":true,"_pose":"Running","_animationQueue":[],"_animationSpeed":1.103,"_zoom":16.125},{"_mousePosition":[683,384],"_rootPartCFrame":[759.508,222.063,52.005,0.445,0,0.896,0,1,0,-0.896,0,0.445],"_humanoidState":8,"_cameraCFrame":[763.074,239.386,51.893,0.463,-0.87,0.171,0,0.193,0.981,-0.886,-0.454,0.089],"_shiftlockState":true,"_pose":"Running","_animationQueue":[["walk",0.1]],"_animationSpeed":1.103,"_zoom":16.125},{"_mousePosition":[683,384],"_rootPartCFrame":[759.331,223.147,52.288,0.463,0,0.886,0,1,0,-0.886,0,0.463],"_humanoidState":3,"_cameraCFrame":[762.899,240.47,52.284,0.49,-0.856,0.168,0,0.193,0.981,-0.872,-0.48,0.094],"_shiftlockState":true,"_pose":"Jumping","_animationQueue":[["walk",0.1],["jump",0.1]],"_animationSpeed":1,"_zoom":16.125},{"_mousePosition":[683,384],"_rootPartCFrame":[759.204,223.955,52.522,0.407,0,0.913,0,1,0,-0.913,0,0.407],"_humanoidState":5,"_cameraCFrame":[762.77,241.278,52.644,0.52,-0.838,0.165,0,0.193,0.981,-0.854,-0.51,0.1],"_shiftlockState":true,"_pose":"FreeFall","_animationQueue":[["jump",0.1]],"_animationSpeed":1,"_zoom":16.125},{"_mousePosition":[683,384],"_rootPartCFrame":[759.107,224.526,52.697,0.436,0,0.9,0,1,0,-0.9,0,0.436],"_humanoidState":5,"_cameraCFrame":[762.666,241.848,52.946,0.55,-0.819,0.161,0,0.193,0.981,-0.835,-0.54,0.106],"_shiftlockState":true,"_pose":"FreeFall","_animationQueue":[],"_animationSpeed":1,"_zoom":16.125},{"_mousePosition":[683,384],"_rootPartCFrame":[758.935,225.409,52.982,0.405,0,0.914,0,1,0,-0.914,0,0.405],"_humanoidState":5,"_cameraCFrame":[762.483,242.731,53.357,0.579,-0.8,0.157,0,0.193,0.981,-0.815,-0.568,0.112],"_shiftlockState":true,"_pose":"FreeFall","_animationQueue":[],"_animationSpeed":1,"_zoom":16.125},{"_mousePosition":[683,384],"_rootPartCFrame":[758.79,226.054,53.206,0.466,0,0.885,0,1,0,-0.885,0,0.466],"_humanoidState":5,"_cameraCFrame":[762.301,243.382,53.66,0.602,-0.784,0.152,0,0.191,0.982,-0.799,-0.591,0.115],"_shiftlockState":true,"_pose":"FreeFall","_animationQueue":[],"_animationSpeed":1,"_zoom":16.125},{"_mousePosition":[683,384],"_rootPartCFrame":[758.636,226.644,53.424,0.49,0,0.872,0,1,0,-0.872,0,0.49],"_humanoidState":5,"_cameraCFrame":[762.111,243.979,53.948,0.622,-0.769,0.148,0,0.189,0.982,-0.783,-0.611,0.118],"_shiftlockState":true,"_pose":"FreeFall","_animationQueue":[],"_animationSpeed":1,"_zoom":16.125},{"_mousePosition":[683,384],"_rootPartCFrame":[758.477,227.18,53.638,0.512,0,0.859,0,1,0,-0.859,0,0.512],"_humanoidState":5,"_cameraCFrame":[761.91,244.52,54.247,0.645,-0.75,0.143,0,0.187,0.982,-0.764,-0.634,0.121],"_shiftlockState":true,"_pose":"FreeFall","_animationQueue":[],"_animationSpeed":1,"_zoom":16.125},{"_mousePosition":[683,384],"_rootPartCFrame":[758.27,227.773,53.899,0.51,0,0.86,0,1,0,-0.86,0,0.51],"_humanoidState":5,"_cameraCFrame":[761.691,245.114,54.578,0.661,-0.737,0.14,0,0.187,0.982,-0.751,-0.649,0.124],"_shiftlockState":true,"_pose":"FreeFall","_animationQueue":[],"_animationSpeed":1,"_zoom":16.125},{"_mousePosition":[683,384],"_rootPartCFrame":[758.142,228.088,54.053,0.582,0,0.813,0,1,0,-0.813,0,0.582],"_humanoidState":5,"_cameraCFrame":[761.52,245.434,54.806,0.681,-0.719,0.136,0,0.185,0.983,-0.732,-0.669,0.126],"_shiftlockState":true,"_pose":"FreeFall","_animationQueue":[],"_animationSpeed":1,"_zoom":16.125},{"_mousePosition":[683,384],"_rootPartCFrame":[757.967,228.461,54.254,0.578,0,0.816,0,1,0,-0.816,0,0.578],"_humanoidState":5,"_cameraCFrame":[761.294,245.813,55.104,0.707,-0.695,0.13,0,0.183,0.983,-0.707,-0.695,0.13],"_shiftlockState":true,"_pose":"FreeFall","_animationQueue":[],"_animationSpeed":1,"_zoom":16.125},{"_mousePosition":[683,384],"_rootPartCFrame":[757.786,228.779,54.45,0.606,0,0.795,0,1,0,-0.795,0,0.606],"_humanoidState":5,"_cameraCFrame":[761.052,246.136,55.419,0.737,-0.665,0.123,0,0.181,0.983,-0.676,-0.724,0.134],"_shiftlockState":true,"_pose":"FreeFall","_animationQueue":[],"_animationSpeed":1,"_zoom":16.125},{"_mousePosition":[683,384],"_rootPartCFrame":[757.598,229.042,54.639,0.64,0,0.768,0,1,0,-0.768,0,0.64],"_humanoidState":5,"_cameraCFrame":[760.775,246.411,55.717,0.768,-0.63,0.114,0,0.177,0.984,-0.64,-0.756,0.136],"_shiftlockState":true,"_pose":"FreeFall","_animationQueue":[],"_animationSpeed":1,"_zoom":16.125},{"_mousePosition":[683,384],"_rootPartCFrame":[757.572,229.326,54.818,0.675,0.003,0.738,-0.001,1,-0.003,-0.738,0.001,0.675],"_humanoidState":5,"_cameraCFrame":[760.657,246.706,56.008,0.8,-0.591,0.104,0,0.174,0.985,-0.601,-0.787,0.139],"_shiftlockState":true,"_pose":"FreeFall","_animationQueue":[],"_animationSpeed":1,"_zoom":16.125},{"_mousePosition":[683,384],"_rootPartCFrame":[757.504,229.481,55.022,0.711,0,0.703,0,1,0,-0.703,0,0.711],"_humanoidState":5,"_cameraCFrame":[760.515,246.861,56.38,0.832,-0.547,0.096,0,0.174,0.985,-0.555,-0.819,0.144],"_shiftlockState":true,"_pose":"FreeFall","_animationQueue":[],"_animationSpeed":1,"_zoom":16.125},{"_mousePosition":[683,384],"_rootPartCFrame":[757.438,229.561,55.159,0.772,0,0.635,0,1,0,-0.635,0,0.772],"_humanoidState":5,"_cameraCFrame":[760.368,246.941,56.682,0.861,-0.5,0.088,0,0.174,0.985,-0.508,-0.848,0.15],"_shiftlockState":true,"_pose":"FreeFall","_animationQueue":[],"_animationSpeed":1,"_zoom":16.125},{"_mousePosition":[683,384],"_rootPartCFrame":[757.276,229.626,55.372,0.765,0,0.644,0,1,0,-0.644,0,0.765],"_humanoidState":5,"_cameraCFrame":[760.12,247.006,57.048,0.887,-0.454,0.08,0,0.174,0.985,-0.461,-0.874,0.154],"_shiftlockState":true,"_pose":"FreeFall","_animationQueue":[],"_animationSpeed":1,"_zoom":16.125},{"_mousePosition":[683,384],"_rootPartCFrame":[757.103,229.617,55.529,0.818,0,0.575,0,1,0,-0.575,0,0.818],"_humanoidState":5,"_cameraCFrame":[759.854,246.997,57.354,0.91,-0.407,0.072,0,0.174,0.985,-0.414,-0.897,0.158],"_shiftlockState":true,"_pose":"FreeFall","_animationQueue":[],"_animationSpeed":1,"_zoom":16.125},{"_mousePosition":[683,384],"_rootPartCFrame":[756.95,229.574,55.635,0.865,0,0.502,0,1,0,-0.502,0,0.865],"_humanoidState":5,"_cameraCFrame":[759.611,246.954,57.591,0.929,-0.364,0.064,0,0.174,0.985,-0.369,-0.915,0.161],"_shiftlockState":true,"_pose":"FreeFall","_animationQueue":[],"_animationSpeed":1,"_zoom":16.125},{"_mousePosition":[683,384],"_rootPartCFrame":[756.659,229.435,55.784,0.855,0,0.518,0,1,0,-0.518,0,0.855],"_humanoidState":5,"_cameraCFrame":[759.18,246.815,57.917,0.952,-0.301,0.053,0,0.174,0.985,-0.305,-0.938,0.165],"_shiftlockState":true,"_pose":"FreeFall","_animationQueue":[["fall",0.3]],"_animationSpeed":1,"_zoom":16.125},{"_mousePosition":[683,384],"_rootPartCFrame":[756.412,229.263,55.885,0.903,0,0.429,0,1,0,-0.429,0,0.903],"_humanoidState":5,"_cameraCFrame":[758.839,246.643,58.124,0.965,-0.26,0.046,0,0.174,0.985,-0.264,-0.95,0.167],"_shiftlockState":true,"_pose":"FreeFall","_animationQueue":[],"_animationSpeed":1,"_zoom":16.125},{"_mousePosition":[683,384],"_rootPartCFrame":[756.223,229.098,55.949,0.933,0,0.359,0,1,0,-0.359,0,0.933],"_humanoidState":5,"_cameraCFrame":[758.551,246.478,58.29,0.975,-0.219,0.039,0,0.174,0.985,-0.222,-0.96,0.169],"_shiftlockState":true,"_pose":"FreeFall","_animationQueue":[],"_animationSpeed":1,"_zoom":16.125},{"_mousePosition":[683,384],"_rootPartCFrame":[755.902,228.754,56.039,0.925,0,0.381,0,1,0,-0.381,0,0.925],"_humanoidState":5,"_cameraCFrame":[758.14,246.134,58.466,0.983,-0.182,0.032,0,0.174,0.985,-0.185,-0.968,0.171],"_shiftlockState":true,"_pose":"FreeFall","_animationQueue":[],"_animationSpeed":1,"_zoom":16.125},{"_mousePosition":[683,384],"_rootPartCFrame":[755.707,228.507,56.085,0.959,0,0.282,0,1,0,-0.282,0,0.959],"_humanoidState":5,"_cameraCFrame":[757.845,245.887,58.601,0.989,-0.143,0.025,0,0.174,0.985,-0.145,-0.974,0.172],"_shiftlockState":true,"_pose":"FreeFall","_animationQueue":[],"_animationSpeed":1,"_zoom":16.125},{"_mousePosition":[683,384],"_rootPartCFrame":[755.38,228.027,56.148,0.952,0,0.307,0,1,0,-0.307,0,0.952],"_humanoidState":5,"_cameraCFrame":[757.427,245.407,58.739,0.994,-0.108,0.019,0,0.174,0.985,-0.11,-0.979,0.173],"_shiftlockState":true,"_pose":"FreeFall","_animationQueue":[],"_animationSpeed":1,"_zoom":16.125},{"_mousePosition":[683,384],"_rootPartCFrame":[755.117,227.582,56.188,0.971,0,0.241,0,1,0,-0.241,0,0.971],"_humanoidState":5,"_cameraCFrame":[757.084,244.962,58.84,0.997,-0.079,0.014,0,0.174,0.985,-0.08,-0.982,0.173],"_shiftlockState":true,"_pose":"FreeFall","_animationQueue":[["fall",0.3]],"_animationSpeed":1,"_zoom":16.125},{"_mousePosition":[683,384],"_rootPartCFrame":[754.852,227.083,56.219,0.977,0,0.211,0,1,0,-0.211,0,0.977],"_humanoidState":5,"_cameraCFrame":[756.758,244.463,58.915,0.998,-0.056,0.01,0,0.174,0.985,-0.057,-0.983,0.173],"_shiftlockState":true,"_pose":"FreeFall","_animationQueue":[],"_animationSpeed":1,"_zoom":16.125},{"_mousePosition":[683,384],"_rootPartCFrame":[754.652,226.672,56.236,0.988,0,0.156,0,1,0,-0.156,0,0.988],"_humanoidState":5,"_cameraCFrame":[756.539,244.052,58.946,0.999,-0.049,0.009,0,0.174,0.985,-0.049,-0.984,0.173],"_shiftlockState":true,"_pose":"FreeFall","_animationQueue":[],"_animationSpeed":1,"_zoom":16.125},{"_mousePosition":[683,384],"_rootPartCFrame":[754.332,225.92,56.228,0.982,0,0.189,0,1,0,-0.189,0,0.982],"_humanoidState":5,"_cameraCFrame":[756.218,243.3,58.938,0.999,-0.049,0.009,0,0.174,0.985,-0.049,-0.984,0.173],"_shiftlockState":true,"_pose":"FreeFall","_animationQueue":[],"_animationSpeed":1,"_zoom":16.125},{"_mousePosition":[683,384],"_rootPartCFrame":[754.149,225.428,56.195,0.992,0,0.128,0,1,0,-0.128,0,0.992],"_humanoidState":5,"_cameraCFrame":[756.022,242.808,58.914,0.999,-0.044,0.008,0,0.174,0.985,-0.044,-0.984,0.173],"_shiftlockState":true,"_pose":"FreeFall","_animationQueue":[],"_animationSpeed":1,"_zoom":16.125},{"_mousePosition":[683,384],"_rootPartCFrame":[753.917,224.724,56.118,0.989,0,0.149,0,1,0,-0.149,0,0.989],"_humanoidState":5,"_cameraCFrame":[755.762,242.104,58.856,0.999,-0.034,0.006,0,0.174,0.985,-0.034,-0.984,0.174],"_shiftlockState":true,"_pose":"FreeFall","_animationQueue":[],"_animationSpeed":1,"_zoom":16.125},{"_mousePosition":[683,384],"_rootPartCFrame":[753.645,223.767,55.968,0.986,0,0.166,0,1,0,-0.166,0,0.986],"_humanoidState":5,"_cameraCFrame":[755.334,241.147,58.805,1,0.021,-0.004,0,0.174,0.985,0.021,-0.985,0.174],"_shiftlockState":true,"_pose":"FreeFall","_animationQueue":[],"_animationSpeed":1,"_zoom":16.125},{"_mousePosition":[683,384],"_rootPartCFrame":[753.442,222.94,55.807,0.996,0,0.089,0,1,0,-0.089,0,0.996],"_humanoidState":5,"_cameraCFrame":[754.263,240.32,59.005,0.953,0.298,-0.053,0,0.174,0.985,0.303,-0.939,0.166],"_shiftlockState":true,"_pose":"FreeFall","_animationQueue":[["fall",0.3]],"_animationSpeed":1,"_zoom":16.125},{"_mousePosition":[683,384],"_rootPartCFrame":[753.301,222.285,55.666,0.977,0,-0.212,0,1,0,0.212,0,0.977],"_humanoidState":5,"_cameraCFrame":[753.003,239.665,58.955,0.797,0.595,-0.105,0,0.174,0.985,0.604,-0.785,0.138],"_shiftlockState":true,"_pose":"FreeFall","_animationQueue":[],"_animationSpeed":1,"_zoom":16.125},{"_mousePosition":[683,384],"_rootPartCFrame":[753.153,221.7,55.829,0.857,0.009,-0.516,-0.012,1,-0.003,0.516,0.009,0.857],"_humanoidState":7,"_cameraCFrame":[751.509,239.08,58.698,0.468,0.871,-0.154,0,0.174,0.985,0.884,-0.46,0.081],"_shiftlockState":true,"_pose":"FreeFall","_animationQueue":[["walk",0.1],["fall",0.3],["fall",0.3]],"_animationSpeed":1,"_zoom":16.125},{"_mousePosition":[683,384],"_rootPartCFrame":[753.072,221.635,55.986,0.435,0.001,-0.9,-0.005,1,-0.002,0.9,0.005,0.435],"_humanoidState":7,"_cameraCFrame":[750.123,238.945,58.095,0.114,0.974,-0.195,0,0.197,0.98,0.993,-0.112,0.022],"_shiftlockState":true,"_pose":"FreeFall","_animationQueue":[],"_animationSpeed":1,"_zoom":16.125},{"_mousePosition":[683,384],"_rootPartCFrame":[753.024,221.551,55.995,0.105,-0.001,-0.994,-0.001,1,-0.001,0.994,0.001,0.105],"_humanoidState":8,"_cameraCFrame":[749.071,238.711,57.492,-0.065,0.969,-0.238,0,0.238,0.971,0.998,0.063,-0.016],"_shiftlockState":true,"_pose":"Running","_animationQueue":[["walk",0.1],["fall",0.3],["walk",0.1]],"_animationSpeed":0.35,"_zoom":16.125},{"_mousePosition":[683,384],"_rootPartCFrame":[752.958,222.655,56.007,-0.073,-0.001,-0.997,0.005,1,-0.001,0.997,-0.005,-0.073],"_humanoidState":3,"_cameraCFrame":[748.326,239.618,57.59,-0.035,0.958,-0.283,0,0.284,0.959,0.999,0.033,-0.01],"_shiftlockState":true,"_pose":"Jumping","_animationQueue":[["walk",0.1],["jump",0.1]],"_animationSpeed":1,"_zoom":16.125},{"_mousePosition":[683,384],"_rootPartCFrame":[752.925,223.504,56.004,0.033,0,-0.999,0.003,1,0,0.999,-0.003,0.033],"_humanoidState":5,"_cameraCFrame":[748.008,240.195,58.854,0.212,0.921,-0.328,0,0.335,0.942,0.977,-0.199,0.071],"_shiftlockState":true,"_pose":"FreeFall","_animationQueue":[["jump",0.1]],"_animationSpeed":1,"_zoom":16.125},{"_mousePosition":[683,384],"_rootPartCFrame":[752.921,224.106,55.986,0.268,0,-0.963,0.002,1,0,0.963,-0.001,0.268],"_humanoidState":5,"_cameraCFrame":[748.73,240.527,60.767,0.542,0.778,-0.319,0,0.379,0.925,0.841,-0.501,0.205],"_shiftlockState":true,"_pose":"FreeFall","_animationQueue":[],"_animationSpeed":1,"_zoom":16.125},{"_mousePosition":[683,384],"_rootPartCFrame":[752.946,225.023,55.992,0.607,-0.001,-0.795,-0.001,1,-0.001,0.795,0.001,0.607],"_humanoidState":5,"_cameraCFrame":[750.26,241.285,62.156,0.781,0.572,-0.251,0,0.402,0.915,0.624,-0.715,0.314],"_shiftlockState":true,"_pose":"FreeFall","_animationQueue":[],"_animationSpeed":1,"_zoom":16.125},{"_mousePosition":[683,384],"_rootPartCFrame":[752.979,225.696,55.939,0.818,0,-0.576,-0.001,1,-0.001,0.576,0.001,0.818],"_humanoidState":5,"_cameraCFrame":[751.734,241.919,62.631,0.903,0.392,-0.175,0,0.408,0.913,0.43,-0.825,0.368],"_shiftlockState":true,"_pose":"FreeFall","_animationQueue":[],"_animationSpeed":1,"_zoom":16.125},{"_mousePosition":[683,384],"_rootPartCFrame":[752.99,226.314,55.862,0.945,0,-0.327,0,1,0,0.327,0,0.945],"_humanoidState":5,"_cameraCFrame":[752.566,242.562,62.599,0.948,0.292,-0.129,0,0.404,0.915,0.319,-0.867,0.383],"_shiftlockState":true,"_pose":"FreeFall","_animationQueue":[],"_animationSpeed":1,"_zoom":16.125},{"_mousePosition":[683,384],"_rootPartCFrame":[752.963,226.877,55.776,0.981,0,-0.193,0,1,0,0.193,0,0.981],"_humanoidState":5,"_cameraCFrame":[752.836,243.164,62.441,0.96,0.257,-0.112,0,0.399,0.917,0.281,-0.88,0.383],"_shiftlockState":true,"_pose":"FreeFall","_animationQueue":[],"_animationSpeed":1,"_zoom":16.125},{"_mousePosition":[683,384],"_rootPartCFrame":[752.896,227.386,55.688,0.989,0,-0.151,0,1,0,0.151,0,0.989],"_humanoidState":5,"_cameraCFrame":[752.786,243.697,62.298,0.96,0.258,-0.111,0,0.395,0.919,0.281,-0.882,0.379],"_shiftlockState":true,"_pose":"FreeFall","_animationQueue":[],"_animationSpeed":1,"_zoom":16.125},{"_mousePosition":[683,384],"_rootPartCFrame":[752.79,227.84,55.603,0.989,0,-0.151,0,1,0,0.151,0,0.989],"_humanoidState":5,"_cameraCFrame":[752.696,244.176,62.157,0.96,0.258,-0.11,0,0.392,0.92,0.281,-0.883,0.376],"_shiftlockState":true,"_pose":"FreeFall","_animationQueue":[],"_animationSpeed":1,"_zoom":16.125},{"_mousePosition":[683,384],"_rootPartCFrame":[752.683,228.24,55.603,0.963,-0.001,-0.268,0,1,-0.002,0.268,0.002,0.963],"_humanoidState":5,"_cameraCFrame":[752.844,244.64,62.013,0.969,0.23,-0.095,0,0.382,0.924,0.249,-0.895,0.37],"_shiftlockState":true,"_pose":"FreeFall","_animationQueue":[],"_animationSpeed":1,"_zoom":16.125},{"_mousePosition":[683,384],"_rootPartCFrame":[752.557,228.585,55.608,0.99,0,-0.138,0,1,0,0.138,0,0.99],"_humanoidState":5,"_cameraCFrame":[752.768,244.985,62.015,0.97,0.223,-0.092,0,0.382,0.924,0.241,-0.897,0.371],"_shiftlockState":true,"_pose":"FreeFall","_animationQueue":[],"_animationSpeed":1,"_zoom":16.125},{"_mousePosition":[683,384],"_rootPartCFrame":[752.424,228.876,55.618,0.99,0,-0.139,0,1,0,0.139,0,0.99],"_humanoidState":5,"_cameraCFrame":[752.78,245.276,62.017,0.976,0.202,-0.084,0,0.382,0.924,0.219,-0.902,0.373],"_shiftlockState":true,"_pose":"FreeFall","_animationQueue":[],"_animationSpeed":1,"_zoom":16.125},{"_mousePosition":[683,384],"_rootPartCFrame":[752.288,229.113,55.593,0.993,0,-0.118,0,1,0,0.118,0,0.993],"_humanoidState":5,"_cameraCFrame":[752.774,245.512,61.984,0.98,0.184,-0.076,0,0.382,0.924,0.199,-0.905,0.375],"_shiftlockState":true,"_pose":"FreeFall","_animationQueue":[],"_animationSpeed":1,"_zoom":16.125},{"_mousePosition":[683,384],"_rootPartCFrame":[752.152,229.294,55.529,0.995,0,-0.099,0,1,0,0.099,0,0.995],"_humanoidState":5,"_cameraCFrame":[752.767,245.694,61.909,0.984,0.166,-0.069,0,0.382,0.924,0.179,-0.909,0.376],"_shiftlockState":true,"_pose":"FreeFall","_animationQueue":[["fall",0.3]],"_animationSpeed":1,"_zoom":16.125},{"_mousePosition":[683,384],"_rootPartCFrame":[752.031,229.422,55.507,0.997,0,-0.078,0,1,0,0.078,0,0.997],"_humanoidState":5,"_cameraCFrame":[752.763,245.833,61.847,0.987,0.15,-0.062,0,0.381,0.925,0.162,-0.913,0.376],"_shiftlockState":true,"_pose":"FreeFall","_animationQueue":[],"_animationSpeed":1,"_zoom":16.125},{"_mousePosition":[683,384],"_rootPartCFrame":[751.945,229.482,55.526,0.996,0,-0.085,0,1,-0.001,0.085,0.001,0.996],"_humanoidState":5,"_cameraCFrame":[752.731,245.905,61.832,0.988,0.143,-0.059,0,0.379,0.925,0.154,-0.914,0.374],"_shiftlockState":true,"_pose":"FreeFall","_animationQueue":[],"_animationSpeed":1,"_zoom":16.125},{"_mousePosition":[683,384],"_rootPartCFrame":[751.824,229.513,55.54,0.992,0,-0.123,0,1,0,0.123,0,0.992],"_humanoidState":5,"_cameraCFrame":[752.872,245.958,61.754,0.993,0.106,-0.043,0,0.375,0.927,0.114,-0.921,0.373],"_shiftlockState":true,"_pose":"FreeFall","_animationQueue":[],"_animationSpeed":1,"_zoom":16.125},{"_mousePosition":[683,384],"_rootPartCFrame":[751.675,229.476,55.518,0.997,0,-0.082,0,1,0,0.082,0,0.997],"_humanoidState":5,"_cameraCFrame":[752.805,245.933,61.69,0.995,0.094,-0.038,0,0.374,0.928,0.101,-0.923,0.372],"_shiftlockState":true,"_pose":"FreeFall","_animationQueue":[],"_animationSpeed":1,"_zoom":16.125},{"_mousePosition":[683,384],"_rootPartCFrame":[751.605,229.387,55.511,0.996,0.001,-0.095,-0.002,1,-0.005,0.095,0.005,0.996],"_humanoidState":5,"_cameraCFrame":[752.82,245.868,61.618,0.996,0.083,-0.033,0,0.37,0.929,0.089,-0.925,0.369],"_shiftlockState":true,"_pose":"FreeFall","_animationQueue":[],"_animationSpeed":1,"_zoom":16.125},{"_m