[{"_mousePosition":[1201,371],"_rootPartCFrame":[776.033,222.965,47.142,-0.001,-0.006,1,0,1,0.006,-1,0,-0.001],"_humanoidState":8,"_cameraCFrame":[781.99,235.04,48.585,0.235,-0.841,0.488,0,0.502,0.865,-0.972,-0.203,0.118],"_shiftlockState":false,"_pose":"Standing","_animationQueue":[],"_animationSpeed":1,"_zoom":12.227},{"_mousePosition":[1180,375],"_rootPartCFrame":[775.794,222.841,47.084,0.032,-0.001,0.999,0,1,0.001,-0.999,0,0.032],"_humanoidState":8,"_cameraCFrame":[781.759,234.915,48.527,0.235,-0.841,0.488,0,0.502,0.865,-0.972,-0.203,0.118],"_shiftlockState":false,"_pose":"Standing","_animationQueue":[],"_animationSpeed":1,"_zoom":12.227},{"_mousePosition":[1139,380],"_rootPartCFrame":[775.665,222.765,47.053,0.046,0,0.999,0,1,0,-0.999,0,0.046],"_humanoidState":8,"_cameraCFrame":[781.631,234.84,48.496,0.235,-0.841,0.488,0,0.502,0.865,-0.972,-0.203,0.118],"_shiftlockState":false,"_pose":"Running","_animationQueue":[["walk",0.1]],"_animationSpeed":1.066,"_zoom":12.227},{"_mousePosition":[1096,382],"_rootPartCFrame":[775.405,222.653,46.99,0.072,0,0.997,0,1,0,-0.997,0,0.072],"_humanoidState":8,"_cameraCFrame":[781.372,234.728,48.433,0.235,-0.841,0.488,0,0.502,0.865,-0.972,-0.203,0.118],"_shiftlockState":false,"_pose":"Running","_animationQueue":[],"_animationSpeed":1.066,"_zoom":12.227},{"_mousePosition":[1059,382],"_rootPartCFrame":[775.146,222.662,46.928,0.094,0,0.996,0,1,0,-0.996,0,0.094],"_humanoidState":8,"_cameraCFrame":[781.112,234.736,48.37,0.235,-0.841,0.488,0,0.502,0.865,-0.972,-0.203,0.118],"_shiftlockState":false,"_pose":"Running","_animationQueue":[["walk",0.1]],"_animationSpeed":1.066,"_zoom":12.227},{"_mousePosition":[997,384],"_rootPartCFrame":[774.887,222.677,46.865,0.113,0,0.994,0,1,0,-0.994,0,0.113],"_humanoidState":8,"_cameraCFrame":[780.853,234.752,48.307,0.235,-0.841,0.488,0,0.502,0.865,-0.972,-0.203,0.118],"_shiftlockState":false,"_pose":"Running","_animationQueue":[],"_animationSpeed":1.066,"_zoom":12.227},{"_mousePosition":[943,385],"_rootPartCFrame":[774.628,222.687,46.802,0.13,0,0.992,0,1,0,-0.992,0,0.13],"_humanoidState":8,"_cameraCFrame":[780.594,234.762,48.245,0.235,-0.841,0.488,0,0.502,0.865,-0.972,-0.203,0.118],"_shiftlockState":false,"_pose":"Running","_animationQueue":[],"_animationSpeed":1.066,"_zoom":12.227},{"_mousePosition":[896,385],"_rootPartCFrame":[774.239,222.695,46.708,0.151,0,0.988,0,1,0,-0.988,0,0.151],"_humanoidState":8,"_cameraCFrame":[780.205,234.77,48.151,0.235,-0.841,0.488,0,0.502,0.865,-0.972,-0.203,0.118],"_shiftlockState":false,"_pose":"Running","_animationQueue":[],"_animationSpeed":1.066,"_zoom":12.227},{"_mousePosition":[852,386],"_rootPartCFrame":[774.11,222.696,46.677,0.157,0,0.988,0,1,0,-0.988,0,0.157],"_humanoidState":8,"_cameraCFrame":[780.075,234.771,48.119,0.235,-0.841,0.488,0,0.502,0.865,-0.972,-0.203,0.118],"_shiftlockState":false,"_pose":"Running","_animationQueue":[],"_animationSpeed":1.066,"_zoom":12.227},{"_mousePosition":[802,388],"_rootPartCFrame":[773.85,222.698,46.614,0.168,0,0.986,0,1,0,-0.986,0,0.168],"_humanoidState":8,"_cameraCFrame":[779.816,234.773,48.057,0.235,-0.841,0.488,0,0.502,0.865,-0.972,-0.203,0.118],"_shiftlockState":false,"_pose":"Running","_animationQueue":[],"_animationSpeed":1.066,"_zoom":12.227},{"_mousePosition":[763,392],"_rootPartCFrame":[773.591,222.699,46.552,0.177,0,0.984,0,1,0,-0.984,0,0.177],"_humanoidState":8,"_cameraCFrame":[779.557,234.773,47.994,0.235,-0.841,0.488,0,0.502,0.865,-0.972,-0.203,0.118],"_shiftlockState":false,"_pose":"Running","_animationQueue":[],"_animationSpeed":1.066,"_zoom":12.227},{"_mousePosition":[727,400],"_rootPartCFrame":[773.332,222.699,46.489,0.185,0,0.983,0,1,0,-0.983,0,0.185],"_humanoidState":8,"_cameraCFrame":[779.298,234.774,47.931,0.235,-0.841,0.488,0,0.502,0.865,-0.972,-0.203,0.118],"_shiftlockState":false,"_pose":"Running","_animationQueue":[["walk",0.1]],"_animationSpeed":1.066,"_zoom":12.227},{"_mousePosition":[697,412],"_rootPartCFrame":[773.073,222.699,46.426,0.192,0,0.981,0,1,0,-0.981,0,0.192],"_humanoidState":8,"_cameraCFrame":[779.039,234.774,47.869,0.235,-0.841,0.488,0,0.502,0.865,-0.972,-0.203,0.118],"_shiftlockState":false,"_pose":"Running","_animationQueue":[],"_animationSpeed":1.066,"_zoom":12.227},{"_mousePosition":[669,431],"_rootPartCFrame":[772.814,222.699,46.364,0.198,0,0.98,0,1,0,-0.98,0,0.198],"_humanoidState":8,"_cameraCFrame":[778.78,234.774,47.806,0.235,-0.841,0.488,0,0.502,0.865,-0.972,-0.203,0.118],"_shiftlockState":false,"_pose":"Running","_animationQueue":[],"_animationSpeed":1.066,"_zoom":12.227},{"_mousePosition":[669,431],"_rootPartCFrame":[772.555,222.7,46.301,0.203,0,0.979,0,1,0,-0.979,0,0.203],"_humanoidState":8,"_cameraCFrame":[778.17,234.999,47.455,0.201,-0.865,0.459,0,0.469,0.883,-0.98,-0.178,0.094],"_shiftlockState":false,"_pose":"Running","_animationQueue":[],"_animationSpeed":1.066,"_zoom":12.227},{"_mousePosition":[669,431],"_rootPartCFrame":[772.392,222.7,46.105,0.298,0,0.954,0,1,0,-0.954,0,0.298],"_humanoidState":8,"_cameraCFrame":[777.666,235.187,47.086,0.183,-0.883,0.431,0,0.439,0.899,-0.983,-0.164,0.08],"_shiftlockState":false,"_pose":"Running","_animationQueue":[],"_animationSpeed":1.066,"_zoom":12.227},{"_mousePosition":[669,431],"_rootPartCFrame":[772.246,222.7,45.883,0.386,0,0.923,0,1,0,-0.923,0,0.386],"_humanoidState":8,"_cameraCFrame":[777.111,235.387,46.709,0.167,-0.902,0.398,0,0.404,0.915,-0.986,-0.153,0.068],"_shiftlockState":false,"_pose":"Running","_animationQueue":[],"_animationSpeed":1.066,"_zoom":12.227},{"_mousePosition":[669,431],"_rootPartCFrame":[772.095,222.7,45.663,0.456,0,0.89,0,1,0,-0.89,0,0.456],"_humanoidState":8,"_cameraCFrame":[776.632,235.533,46.355,0.151,-0.916,0.371,0,0.375,0.927,-0.989,-0.14,0.057],"_shiftlockState":false,"_pose":"Running","_animationQueue":[["walk",0.1]],"_animationSpeed":1.066,"_zoom":12.227},{"_mousePosition":[669,431],"_rootPartCFrame":[771.941,222.7,45.445,0.513,0,0.858,0,1,0,-0.858,0,0.513],"_humanoidState":8,"_cameraCFrame":[776.18,235.654,46.019,0.134,-0.928,0.347,0,0.35,0.937,-0.991,-0.126,0.047],"_shiftlockState":false,"_pose":"Running","_animationQueue":[],"_animationSpeed":1.066,"_zoom":12.227},{"_mousePosition":[670,429],"_rootPartCFrame":[771.784,222.7,45.23,0.559,0,0.829,0,1,0,-0.829,0,0.559],"_humanoidState":8,"_cameraCFrame":[775.701,235.77,45.764,0.135,-0.938,0.32,0,0.323,0.946,-0.991,-0.128,0.044],"_shiftlockState":false,"_pose":"Running","_animationQueue":[],"_animationSpeed":1.066,"_zoom":12.227},{"_mousePosition":[670,429],"_rootPartCFrame":[771.48,222.695,45.145,0.512,0,0.859,0,1,0,-0.859,0,0.512],"_humanoidState":8,"_cameraCFrame":[775.336,235.785,45.703,0.143,-0.938,0.315,0,0.319,0.948,-0.99,-0.136,0.046],"_shiftlockState":false,"_pose":"Running","_animationQueue":[["walk",0.1]],"_animationSpeed":1.066,"_zoom":12.227},{"_mousePosition":[670,429],"_rootPartCFrame":[771.216,222.697,45.109,0.465,0,0.885,0,1,0,-0.885,0,0.465],"_humanoidState":8,"_cameraCFrame":[775.004,235.808,45.678,0.149,-0.939,0.31,0,0.313,0.95,-0.989,-0.141,0.047],"_shiftlockState":false,"_pose":"Running","_animationQueue":[],"_animationSpeed":1.066,"_zoom":12.227},{"_mousePosition":[670,429],"_rootPartCFrame":[770.952,222.698,45.071,0.424,0,0.906,0,1,0,-0.906,0,0.424],"_humanoidState":8,"_cameraCFrame":[774.673,235.831,45.646,0.153,-0.94,0.304,0,0.308,0.951,-0.988,-0.145,0.047],"_shiftlockState":false,"_pose":"Running","_animationQueue":[],"_animationSpeed":1.066,"_zoom":12.227},{"_mousePosition":[670,429],"_rootPartCFrame":[770.688,222.699,45.031,0.388,0,0.922,0,1,0,-0.922,0,0.388],"_humanoidState":8,"_cameraCFrame":[774.334,235.856,45.603,0.155,-0.942,0.298,0,0.302,0.953,-0.988,-0.148,0.047],"_shiftlockState":false,"_pose":"Running","_animationQueue":[],"_animationSpeed":1.066,"_zoom":12.227},{"_mousePosition":[670,429],"_rootPartCFrame":[770.424,222.699,44.991,0.357,0,0.934,0,1,0,-0.934,0,0.357],"_humanoidState":8,"_cameraCFrame":[773.996,235.879,45.554,0.156,-0.944,0.292,0,0.296,0.955,-0.988,-0.149,0.046],"_shiftlockState":false,"_pose":"Running","_animationQueue":[],"_animationSpeed":1.066,"_zoom":12.227},{"_mousePosition":[670,429],"_rootPartCFrame":[770.161,222.699,44.95,0.33,0,0.944,0,1,0,-0.944,0,0.33],"_humanoidState":8,"_cameraCFrame":[773.656,235.903,45.508,0.158,-0.945,0.286,0,0.29,0.957,-0.987,-0.151,0.046],"_shiftlockState":false,"_pose":"Running","_animationQueue":[],"_animationSpeed":1.066,"_zoom":12.227},{"_mousePosition":[670,429],"_rootPartCFrame":[769.897,222.666,44.908,0.304,0,0.953,0,1,0,-0.953,0,0.304],"_humanoidState":8,"_cameraCFrame":[773.326,235.889,45.467,0.161,-0.946,0.28,0,0.284,0.959,-0.987,-0.154,0.046],"_shiftlockState":false,"_pose":"Running","_animationQueue":[],"_animationSpeed":1.066,"_zoom":12.227},{"_mousePosition":[670,429],"_rootPartCFrame":[769.634,223.539,44.867,0.277,0,0.961,0,1,0,-0.961,0,0.277],"_humanoidState":3,"_cameraCFrame":[773.015,236.776,45.426,0.163,-0.947,0.276,0,0.28,0.96,-0.987,-0.156,0.046],"_shiftlockState":false,"_pose":"Jumping","_animationQueue":[["walk",0.1],["walk",0.1],["jump",0.1]],"_animationSpeed":1,"_zoom":12.227},{"_mousePosition":[670,429],"_rootPartCFrame":[769.371,224.361,44.824,0.258,0,0.966,0,1,0,-0.966,0,0.258],"_humanoidState":5,"_cameraCFrame":[772.713,237.609,45.384,0.165,-0.948,0.273,0,0.277,0.961,-0.986,-0.159,0.046],"_shiftlockState":false,"_pose":"FreeFall","_animationQueue":[["jump",0.1]],"_animationSpeed":1,"_zoom":12.227},{"_mousePosition":[670,429],"_rootPartCFrame":[769.108,225.128,44.781,0.244,0,0.97,0,1,0,-0.97,0,0.244],"_humanoidState":5,"_cameraCFrame":[772.431,238.382,45.337,0.165,-0.948,0.272,0,0.276,0.961,-0.986,-0.159,0.045],"_shiftlockState":false,"_pose":"FreeFall","_animationQueue":[],"_animationSpeed":1,"_zoom":12.227},{"_mousePosition":[670,429],"_rootPartCFrame":[768.91,225.668,44.748,0.236,0,0.972,0,1,0,-0.972,0,0.236],"_humanoidState":5,"_cameraCFrame":[772.224,238.924,45.306,0.166,-0.948,0.271,0,0.275,0.961,-0.986,-0.16,0.046],"_shiftlockState":false,"_pose":"FreeFall","_animationQueue":[],"_animationSpeed":1,"_zoom":12.227},{"_mousePosition":[670,429],"_rootPartCFrame":[768.582,226.5,44.693,0.223,0,0.975,0,1,0,-0.975,0,0.223],"_humanoidState":5,"_cameraCFrame":[771.877,239.761,45.245,0.165,-0.949,0.27,0,0.273,0.962,-0.986,-0.159,0.045],"_shiftlockState":false,"_pose":"FreeFall","_animationQueue":[],"_animationSpeed":1,"_zoom":12.227},{"_mousePosition":[670,429],"_rootPartCFrame":[768.319,227.104,44.649,0.215,0,0.977,0,1,0,-0.977,0,0.215],"_humanoidState":5,"_cameraCFrame":[771.588,240.373,45.185,0.162,-0.95,0.267,0,0.271,0.963,-0.987,-0.156,0.044],"_shiftlockState":false,"_pose":"FreeFall","_animationQueue":[],"_animationSpeed":1,"_zoom":12.227},{"_mousePosition":[670,429],"_rootPartCFrame":[768.056,227.653,44.605,0.208,0,0.978,0,1,0,-0.978,0,0.208],"_humanoidState":5,"_cameraCFrame":[771.291,240.934,45.111,0.155,-0.952,0.265,0,0.268,0.963,-0.988,-0.149,0.041],"_shiftlockState":false,"_pose":"FreeFall","_animationQueue":[],"_animationSpeed":1,"_zoom":12.227},{"_mousePosition":[670,429],"_rootPartCFrame":[767.793,228.148,44.561,0.202,0,0.979,0,1,0,-0.979,0,0.202],"_humanoidState":5,"_cameraCFrame":[771.008,241.436,45.007,0.137,-0.955,0.263,0,0.266,0.964,-0.991,-0.132,0.036],"_shiftlockState":false,"_pose":"FreeFall","_animationQueue":[],"_animationSpeed":1,"_zoom":12.227},{"_mousePosition":[670,429],"_rootPartCFrame":[767.483,228.69,44.476,0.288,0,0.958,0,1,0,-0.958,0,0.288],"_humanoidState":5,"_cameraCFrame":[770.707,241.979,44.86,0.118,-0.957,0.264,0,0.266,0.964,-0.993,-0.114,0.031],"_shiftlockState":false,"_pose":"FreeFall","_animationQueue":[],"_animationSpeed":1,"_zoom":12.227},{"_mousePosition":[670,429],"_rootPartCFrame":[767.369,228.883,44.427,0.329,0,0.944,0,1,0,-0.944,0,0.329],"_humanoidState":5,"_cameraCFrame":[770.79,242.161,42.962,0.085,-0.96,0.268,0,0.269,0.963,-0.996,-0.082,0.023],"_shiftlockState":true,"_pose":"FreeFall","_animationQueue":[],"_animationSpeed":1,"_zoom":12.227},{"_mousePosition":[683,384],"_rootPartCFrame":[767.104,229.306,44.266,0.213,0,0.977,0,1,0,-0.977,0,0.213],"_humanoidState":5,"_cameraCFrame":[770.525,242.584,42.802,0.085,-0.96,0.268,0,0.269,0.963,-0.996,-0.082,0.023],"_shiftlockState":true,"_pose":"FreeFall","_animationQueue":[],"_animationSpeed":1,"_zoom":12.227},{"_mousePosition":[683,384],"_rootPartCFrame":[766.959,229.519,44.144,0.164,0,0.986,0,1,0,-0.986,0,0.164],"_humanoidState":5,"_cameraCFrame":[770.41,242.775,42.581,0.055,-0.96,0.274,0,0.275,0.961,-0.998,-0.053,0.015],"_shiftlockState":true,"_pose":"FreeFall","_animationQueue":[],"_animationSpeed":1,"_zoom":12.227},{"_mousePosition":[683,384],"_rootPartCFrame":[766.738,229.806,43.9,0.188,0,0.982,0,1,0,-0.982,0,0.188],"_humanoidState":5,"_cameraCFrame":[770.229,243.037,42.242,0.027,-0.959,0.282,0,0.282,0.959,-1,-0.025,0.007],"_shiftlockState":true,"_pose":"FreeFall","_animationQueue":[],"_animationSpeed":1,"_zoom":12.227},{"_mousePosition":[683,384],"_rootPartCFrame":[766.606,229.937,43.751,0.108,0,0.994,0,1,0,-0.994,0,0.108],"_humanoidState":5,"_cameraCFrame":[770.16,243.132,41.972,-0.008,-0.956,0.292,0,0.292,0.956,-1,0.008,-0.002],"_shiftlockState":true,"_pose":"FreeFall","_animationQueue":[],"_animationSpeed":1,"_zoom":12.227},{"_mousePosition":[683,384],"_rootPartCFrame":[766.377,230.087,43.508,0.128,0,0.992,0,1,0,-0.992,0,0.128],"_humanoidState":5,"_cameraCFrame":[769.993,243.241,41.591,-0.046,-0.952,0.302,0,0.303,0.953,-0.999,0.044,-0.014],"_shiftlockState":true,"_pose":"FreeFall","_animationQueue":[],"_animationSpeed":1,"_zoom":12.227},{"_mousePosition":[683,384],"_rootPartCFrame":[766.236,230.137,43.367,0.036,0,0.999,0,1,0,-0.999,0,0.036],"_humanoidState":5,"_cameraCFrame":[769.912,243.239,41.259,-0.095,-0.945,0.314,0,0.316,0.949,-0.995,0.09,-0.03],"_shiftlockState":true,"_pose":"FreeFall","_animationQueue":[],"_animationSpeed":1,"_zoom":12.227},{"_mousePosition":[683,384],"_rootPartCFrame":[765.99,230.151,43.141,0.044,0,0.999,0,1,0,-0.999,0,0.044],"_humanoidState":5,"_cameraCFrame":[769.734,243.192,40.829,-0.144,-0.934,0.327,0,0.33,0.944,-0.99,0.136,-0.047],"_shiftlockState":true,"_pose":"FreeFall","_animationQueue":[],"_animationSpeed":1,"_zoom":12.227},{"_mousePosition":[683,384],"_rootPartCFrame":[765.786,230.101,42.97,-0.033,0,0.999,0,1,0,-0.999,0,-0.033],"_humanoidState":5,"_cameraCFrame":[769.608,243.079,40.479,-0.183,-0.923,0.339,0,0.345,0.939,-0.983,0.172,-0.063],"_shiftlockState":true,"_pose":"FreeFall","_animationQueue":[],"_animationSpeed":1,"_zoom":12.227},{"_mousePosition":[683,384],"_rootPartCFrame":[765.627,230.028,42.849,-0.101,0,0.995,0,1,0,-0.995,0,-0.101],"_humanoidState":5,"_cameraCFrame":[769.611,242.901,40.138,-0.224,-0.907,0.358,0,0.367,0.93,-0.975,0.208,-0.082],"_shiftlockState":true,"_pose":"FreeFall","_animationQueue":[],"_animationSpeed":1,"_zoom":12.227},{"_mousePosition":[683,384],"_rootPartCFrame":[765.408,229.882,42.696,-0.115,0,0.993,0,1,0,-0.993,0,-0.115],"_humanoidState":5,"_cameraCFrame":[769.684,242.601,39.794,-0.248,-0.889,0.385,0,0.398,0.918,-0.969,0.228,-0.099],"_shiftlockState":true,"_pose":"FreeFall","_animationQueue":[],"_animationSpeed":1,"_zoom":12.227},{"_mousePosition":[683,384],"_rootPartCFrame":[765.127,229.624,42.518,-0.115,0,0.993,0,1,0,-0.993,0,-0.115],"_humanoidState":5,"_cameraCFrame":[769.709,242.192,39.509,-0.253,-0.876,0.411,0,0.425,0.905,-0.967,0.229,-0.108],"_shiftlockState":true,"_pose":"FreeFall","_animationQueue":[["fall",0.3]],"_animationSpeed":1,"_zoom":12.227},{"_mousePosition":[683,384],"_rootPartCFrame":[764.898,229.356,42.381,-0.149,0,0.989,0,1,0,-0.989,0,-0.149],"_humanoidState":5,"_cameraCFrame":[769.537,241.895,39.351,-0.254,-0.873,0.416,0,0.43,0.903,-0.967,0.23,-0.109],"_shiftlockState":true,"_pose":"FreeFall","_animationQueue":[],"_animationSpeed":1,"_zoom":12.227},{"_mousePosition":[683,384],"_rootPartCFrame":[764.668,229.034,42.247,-0.152,0,0.988,0,1,0,-0.988,0,-0.152],"_humanoidState":5,"_cameraCFrame":[769.307,241.572,39.216,-0.254,-0.873,0.416,0,0.43,0.903,-0.967,0.23,-0.109],"_shiftlockState":true,"_pose":"FreeFall","_animationQueue":[],"_animationSpeed":1,"_zoom":12.227},{"_mousePosition":[683,384],"_rootPartCFrame":[764.437,228.657,42.112,-0.152,0,0.988,0,1,0,-0.988,0,-0.152],"_humanoidState":5,"_cameraCFrame":[769.077,241.195,39.082,-0.254,-0.873,0.416,0,0.43,0.903,-0.967,0.23,-0.109],"_shiftlockState":true,"_pose":"FreeFall","_animationQueue":[],"_animationSpeed":1,"_zoom":12.227},{"_mousePosition":[683,384],"_rootPartCFrame":[764.265,228.338,42.011,-0.178,0,0.984,0,1,0,-0.984,0,-0.178],"_humanoidState":5,"_cameraCFrame":[768.904,240.877,38.981,-0.254,-0.873,0.416,0,0.43,0.903,-0.967,0.23,-0.109],"_shiftlockState":true,"_pose":"FreeFall","_animationQueue":[],"_animationSpeed":1,"_zoom":12.227},{"_mousePosition":[683,384],"_rootPartCFrame":[764.034,227.866,41.877,-0.152,0,0.988,0,1,0,-0.988,0,-0.152],"_humanoidState":5,"_cameraCFrame":[768.684,240.405,38.861,-0.251,-0.874,0.416,0,0.43,0.903,-0.968,0.227,-0.108],"_shiftlockState":true,"_pose":"FreeFall","_animationQueue":[],"_animationSpeed":1,"_zoom":12.227},{"_mousePosition":[683,384],"_rootPartCFrame":[763.747,227.199,41.709,-0.123,0,0.992,0,1,0,-0.992,0,-0.123],"_humanoidState":5,"_cameraCFrame":[769.061,239.625,39.486,-0.087,-0.89,0.447,0,0.449,0.894,-0.996,0.078,-0.039],"_shiftlockState":true,"_pose":"FreeFall","_animationQueue":[["fall",0.3]],"_animationSpeed":1,"_zoom":12.227},{"_mousePosition":[683,384],"_rootPartCFrame":[763.574,226.758,41.608,-0.02,0,1,0,1,0,-1,0,-0.02],"_humanoidState":5,"_cameraCFrame":[769.471,239.094,42.216,0.392,-0.815,0.426,0,0.463,0.886,-0.92,-0.347,0.181],"_shiftlockState":true,"_pose":"FreeFall","_animationQueue":[],"_animationSpeed":1,"_zoom":12.227},{"_mousePosition":[683,384],"_rootPartCFrame":[763.792,226.248,41.422,0.278,0.008,0.96,-0.017,1,-0.003,-0.96,-0.015,0.278],"_humanoidState":7,"_cameraCFrame":[768.787,238.634,44.435,0.752,-0.586,0.3,0,0.455,0.89,-0.659,-0.67,0.343],"_shiftlockState":true,"_pose":"FreeFall","_animationQueue":[["walk",0.1],["fall",0.3],["fall",0.3]],"_animationSpeed":1,"_zoom":12.227},{"_mousePosition":[683,384],"_rootPartCFrame":[764.073,226.292,41.218,0.713,0.01,0.701,-0.007,1,-0.008,-0.701,0,0.713],"_humanoidState":7,"_cameraCFrame":[768.489,239.095,43.552,0.749,-0.613,0.253,0,0.381,0.924,-0.663,-0.692,0.286],"_shiftlockState":true,"_pose":"FreeFall","_animationQueue":[],"_animationSpeed":1,"_zoom":12.227},{"_mousePosition":[683,384],"_rootPartCFrame":[764.091,226.32,40.984,0.735,0.006,0.678,-0.001,1,-0.008,-0.678,0.005,0.735],"_humanoidState":8,"_cameraCFrame":[767.776,239.61,41.165,0.517,-0.826,0.227,0,0.265,0.964,-0.856,-0.498,0.137],"_shiftlockState":true,"_pose":"Running","_animationQueue":[["walk",0.1],["fall",0.3],["walk",0.1]],"_animationSpeed":0.9,"_zoom":12.227},{"_mousePosition":[683,384],"_rootPartCFrame":[764.093,226.982,40.858,0.512,0.004,0.859,-0.001,1,-0.004,-0.859,0.001,0.512],"_humanoidState":3,"_cameraCFrame":[767.055,240.439,39.931,0.291,-0.935,0.2,0,0.209,0.978,-0.957,-0.285,0.061],"_shiftlockState":true,"_pose":"Jumping","_animationQueue":[["walk",0.1],["jump",0.1]],"_animationSpeed":1,"_zoom":12.227},{"_mousePosition":[683,384],"_rootPartCFrame":[764.081,227.831,40.671,0.376,0.001,0.927,-0.001,1,-0.001,-0.927,-0.001,0.376],"_humanoidState":5,"_cameraCFrame":[766.854,241.302,39.413,0.186,-0.962,0.2,0,0.204,0.979,-0.983,-0.182,0.038],"_shiftlockState":true,"_pose":"FreeFall","_animationQueue":[["jump",0.1]],"_animationSpeed":1,"_zoom":12.227},{"_mousePosition":[683,384],"_rootPartCFrame":[764.038,228.626,40.464,0.301,0,0.954,0,1,0,-0.954,0,0.301],"_humanoidState":5,"_cameraCFrame":[766.646,242.095,38.88,0.065,-0.977,0.204,0,0.204,0.979,-0.998,-0.064,0.013],"_shiftlockState":true,"_pose":"FreeFall","_animationQueue":[],"_animationSpeed":1,"_zoom":12.227},{"_mousePosition":[683,384],"_rootPartCFrame":[763.956,229.367,40.25,0.184,0,0.983,0,1,0,-0.983,0,0.184],"_humanoidState":5,"_cameraCFrame":[766.417,242.817,38.329,-0.068,-0.975,0.211,0,0.211,0.977,-0.998,0.066,-0.014],"_shiftlockState":true,"_pose":"FreeFall","_animationQueue":[],"_animationSpeed":1,"_zoom":12.227},{"_mousePosition":[683,384],"_rootPartCFrame":[763.835,230.052,40.039,0.054,0,0.999,0,1,0,-0.999,0,0.054],"_humanoidState":5,"_cameraCFrame":[766.159,243.49,37.883,-0.162,-0.963,0.213,0,0.216,0.976,-0.987,0.158,-0.035],"_shiftlockState":true,"_pose":"FreeFall","_animationQueue":[],"_animationSpeed":1,"_zoom":12.227},{"_mousePosition":[683,384],"_rootPartCFrame":[763.721,230.684,39.82,-0.033,0,0.999,0,1,0,-0.999,0,-0.033],"_humanoidState":5,"_cameraCFrame":[765.894,244.119,37.5,-0.233,-0.949,0.211,0,0.217,0.976,-0.972,0.228,-0.051],"_shiftlockState":true,"_pose":"FreeFall","_animationQueue":[],"_animationSpeed":1,"_zoom":12.227},{"_mousePosition":[683,384],"_rootPartCFrame":[763.659,231.121,39.643,-0.135,0,0.991,0,1,0,-0.991,0,-0.135],"_humanoidState":5,"_cameraCFrame":[765.664,244.555,37.167,-0.304,-0.93,0.207,0,0.218,0.976,-0.953,0.296,-0.066],"_shiftlockState":true,"_pose":"FreeFall","_animationQueue":[],"_animationSpeed":1,"_zoom":12.227},{"_mousePosition":[683,384],"_rootPartCFrame":[763.578,231.783,39.322,-0.142,0,0.99,0,1,0,-0.99,0,-0.142],"_humanoidState":5,"_cameraCFrame":[765.381,245.216,36.695,-0.378,-0.903,0.202,0,0.218,0.976,-0.926,0.369,-0.082],"_shiftlockState":true,"_pose":"FreeFall","_animationQueue":[],"_animationSpeed":1,"_zoom":12.227},{"_mousePosition":[683,384],"_rootPartCFrame":[763.501,232.25,39.067,-0.252,0,0.968,0,1,0,-0.968,0,-0.252],"_humanoidState":5,"_cameraCFrame":[765.103,245.68,36.294,-0.452,-0.87,0.196,0,0.219,0.976,-0.892,0.441,-0.099],"_shiftlockState":true,"_pose":"FreeFall","_animationQueue":[],"_animationSpeed":1,"_zoom":12.227},{"_mousePosition":[683,384],"_rootPartCFrame":[763.404,232.664,38.819,-0.329,0,0.944,0,1,0,-0.944,0,-0.329],"_humanoidState":5,"_cameraCFrame":[764.853,246.084,35.927,-0.51,-0.839,0.191,0,0.222,0.975,-0.86,0.497,-0.113],"_shiftlockState":true,"_pose":"FreeFall","_animationQueue":[],"_animationSpeed":1,"_zoom":12.227},{"_mousePosition":[683,384],"_rootPartCFrame":[763.288,233.022,38.579,-0.391,0,0.92,0,1,0,-0.92,0,-0.391],"_humanoidState":5,"_cameraCFrame":[764.609,246.434,35.591,-0.556,-0.81,0.188,0,0.226,0.974,-0.831,0.541,-0.125],"_shiftlockState":true,"_pose":"FreeFall","_animationQueue":[],"_animationSpeed":1,"_zoom":12.227},{"_mousePosition":[683,384],"_rootPartCFrame":[763.155,233.327,38.348,-0.44,0,0.898,0,1,0,-0.898,0,-0.44],"_humanoidState":5,"_cameraCFrame":[764.364,246.732,35.286,-0.593,-0.784,0.184,0,0.228,0.974,-0.806,0.577,-0.135],"_shiftlockState":true,"_pose":"FreeFall","_animationQueue":[],"_animationSpeed":1,"_zoom":12.227},{"_mousePosition":[683,384],"_rootPartCFrame":[763.046,233.519,38.181,-0.509,0,0.861,0,1,0,-0.861,0,-0.509],"_humanoidState":5,"_cameraCFrame":[764.172,246.913,35.045,-0.623,-0.761,0.181,0,0.232,0.973,-0.782,0.606,-0.145],"_shiftlockState":true,"_pose":"FreeFall","_animationQueue":[],"_animationSpeed":1,"_zoom":12.227},{"_mousePosition":[683,384],"_rootPartCFrame":[762.85,233.772,37.911,-0.485,0,0.875,0,1,0,-0.875,0,-0.485],"_humanoidState":5,"_cameraCFrame":[763.928,247.151,34.706,-0.646,-0.742,0.181,0,0.237,0.972,-0.763,0.628,-0.153],"_shiftlockState":true,"_pose":"FreeFall","_animationQueue":[],"_animationSpeed":1,"_zoom":12.227},{"_mousePosition":[683,384],"_rootPartCFrame":[762.685,233.912,37.702,-0.539,0,0.842,0,1,0,-0.842,0,-0.539],"_humanoidState":5,"_cameraCFrame":[763.725,247.28,34.441,-0.663,-0.726,0.18,0,0.241,0.971,-0.748,0.644,-0.16],"_shiftlockState":true,"_pose":"FreeFall","_animationQueue":[],"_animationSpeed":1,"_zoom":12.227},{"_mousePosition":[683,384],"_rootPartCFrame":[762.514,233.999,37.497,-0.558,0,0.83,0,1,0,-0.83,0,-0.558],"_humanoidState":5,"_cameraCFrame":[763.544,247.357,34.199,-0.672,-0.718,0.18,0,0.244,0.97,-0.741,0.652,-0.164],"_shiftlockState":true,"_pose":"FreeFall","_animationQueue":[["fall",0.3]],"_animationSpeed":1,"_zoom":12.227},{"_mousePosition":[683,384],"_rootPartCFrame":[762.337,234.03,37.297,-0.568,0,0.823,0,1,0,-0.823,0,-0.568],"_humanoidState":5,"_cameraCFrame":[763.365,247.379,33.964,-0.679,-0.712,0.181,0,0.247,0.969,-0.734,0.658,-0.168],"_shiftlockState":true,"_pose":"FreeFall","_animationQueue":[],"_animationSpeed":1,"_zoom":12.227},{"_mousePosition":[683,384],"_rootPartCFrame":[762.159,234.008,37.099,-0.575,0,0.818,0,1,0,-0.818,0,-0.575],"_humanoidState":5,"_cameraCFrame":[763.165,247.347,33.725,-0.69,-0.701,0.181,0,0.25,0.968,-0.724,0.668,-0.172],"_shiftlockState":true,"_pose":"FreeFall","_animationQueue":[],"_animationSpeed":1,"_zoom":12.227},{"_mousePosition":[683,384],"_rootPartCFrame":[761.978,233.93,36.903,-0.587,0,0.809,0,1,0,-0.809,0,-0.587],"_humanoidState":5,"_cameraCFrame":[762.96,247.25,33.453,-0.706,-0.684,0.181,0,0.256,0.967,-0.708,0.683,-0.181],"_shiftlockState":true,"_pose":"FreeFall","_animationQueue":[],"_animationSpeed":1,"_zoom":12.227},{"_mousePosition":[683,384],"_rootPartCFrame":[761.794,233.799,36.71,-0.606,0,0.796,0,1,0,-0.796,0,-0.606],"_humanoidState":5,"_cameraCFrame":[762.751,247.09,33.157,-0.726,-0.663,0.182,0,0.265,0.964,-0.688,0.7,-0.192],"_shiftlockState":true,"_pose":"FreeFall","_animationQueue":[],"_animationSpeed":1,"_zoom":12.227},{"_mousePosition":[683,384],"_rootPartCFrame":[761.607,233.613,36.52,-0.628,0,0.778,0,1,0,-0.778,0,-0.628],"_humanoidState":5,"_cameraCFrame":[762.546,246.871,32.859,-0.744,-0.643,0.183,0,0.274,0.962,-0.669,0.715,-0.204],"_shiftlockState":true,"_pose":"FreeFall","_animationQueue":[],"_animationSpeed":1,"_zoom":12.227},{"_mousePosition":[683,384],"_rootPartCFrame":[761.414,233.372,36.336,-0.648,0,0.762,0,1,0,-0.762,0,-0.648],"_humanoidState":5,"_cameraCFrame":[762.365,246.589,32.547,-0.758,-0.625,0.186,0,0.286,0.958,-0.652,0.727,-0.217],"_shiftlockState":true,"_pose":"FreeFall","_animationQueue":[],"_animationSpeed":1,"_zoom":12.227},{"_mousePosition":[683,384],"_rootPartCFrame":[761.216,233.077,36.157,-0.772,0,0.635,0,1,0,-0.635,0,-0.772],"_humanoidState":5,"_cameraCFrame":[762.2,246.239,32.209,-0.772,-0.606,0.191,0,0.3,0.954,-0.636,0.736,-0.232],"_shiftlockState":true,"_pose":"FreeFall","_animationQueue":[["fall",0.3]],"_animationSpeed":1,"_zoom":12.227},{"_mousePosition":[683,384],"_rootPartCFrame":[760.957,232.631,35.969,-0.676,0,0.737,0,1,0,-0.737,0,-0.676],"_humanoidState":5,"_cameraCFrame":[761.94,245.793,32.021,-0.772,-0.606,0.191,0,0.3,0.954,-0.636,0.736,-0.232],"_shiftlockState":true,"_pose":"FreeFall","_animationQueue":[],"_animationSpeed":1,"_zoom":12.227},{"_mousePosition":[683,384],"_rootPartCFrame":[760.792,232.323,35.885,-0.719,0,0.695,0,1,0,-0.695,0,-0.719],"_humanoidState":5,"_cameraCFrame":[761.775,245.485,31.937,-0.772,-0.606,0.191,0,0.3,0.954,-0.636,0.736,-0.232],"_shiftlockState":true,"_pose":"FreeFall","_animationQueue":[],"_animationSpeed":1,"_zoom":12.227},{"_mousePosition":[683,384],"_rootPartCFrame":[760.561,231.864,35.806,-0.701,0,0.713,0,1,0,-0.713,0,-0.701],"_humanoidState":5,"_cameraCFrame":[761.545,245.026,31.857,-0.772,-0.606,0.191,0,0.3,0.954,-0.636,0.736,-0.232],"_shiftlockState":true,"_pose":"FreeFall","_animationQueue":[],"_animationSpeed":1,"_zoom":12.227},{"_mousePosition":[683,384],"_rootPartCFrame":[760.318,231.351,35.764,-0.701,0,0.713,0,1,0,-0.713,0,-0.701],"_humanoidState":5,"_cameraCFrame":[761.301,244.513,31.816,-0.772,-0.606,0.191,0,0.3,0.954,-0.636,0.736,-0.232],"_shiftlockState":true,"_pose":"FreeFall","_animationQueue":[],"_animationSpeed":1,"_zoom":12.227},{"_mousePosition":[683,384],"_rootPartCFrame":[760.062,230.783,35.76,-0.701,0,0.713,0,1,0,-0.713,0,-0.701],"_humanoidState":5,"_cameraCFrame":[761.046,243.945,31.812,-0.772,-0.606,0.191,0,0.3,0.954,-0.636,0.736,-0.232],"_shiftlockState":true,"_pose":"FreeFall","_animationQueue":[["fall",0.3]],"_animationSpeed":1,"_zoom":12.227},{"_mousePosition":[683,384],"_rootPartCFrame":[759.797,230.161,35.783,-0.701,0,0.713,0,1,0,-0.713,0,-0.701],"_humanoidState":5,"_cameraCFrame":[760.781,243.323,31.835,-0.772,-0.606,0.191,0,0.3,0.954,-0.636,0.736,-0.232],"_shiftlockState":true,"_pose":"FreeFall","_animationQueue":[],"_animationSpeed":1,"_zoom":12.227},{"_mousePosition":[683,384],"_rootPartCFrame":[759.532,229.484,35.809,-0.701,0,0.713,0,1,0,-0.713,0,-0.701],"_humanoidState":5,"_cameraCFrame":[760.515,242.646,31.861,-0.772,-0.606,0.191,0,0.3,0.954,-0.636,0.736,-0.232],"_shiftlockState":true,"_pose":"FreeFall","_animationQueue":[],"_animationSpeed":1,"_zoom":12.227},{"_mousePosition":[683,384],"_rootPartCFrame":[759.266,228.753,35.835,-0.701,0,0.713,0,1,0,-0.713,0,-0.701],"_humanoidState":5,"_cameraCFrame":[760.25,241.915,31.887,-0.772,-0.606,0.191,0,0.3,0.954,-0.636,0.736,-0.232],"_shiftlockState":true,"_pose":"FreeFall","_animationQueue":[],"_animationSpeed":1,"_zoom":12.227},{"_mousePosition":[683,384],"_rootPartCFrame":[758.934,227.762,35.867,-0.683,0,0.731,0,1,0,-0.731,0,-0.683],"_humanoidState":5,"_cameraCFrame":[759.961,240.922,31.921,-0.766,-0.613,0.194,0,0.301,0.954,-0.643,0.73,-0.231],"_shiftlockState":true,"_pose":"FreeFall","_animationQueue":[],"_animationSpeed":1,"_zoom":12.227},{"_mousePosition":[683,384],"_rootPartCFrame":[758.735,227.127,35.886,-0.714,0,0.701,0,1,0,-0.701,0,-0.714],"_humanoidState":5,"_cameraCFrame":[760.792,240.187,32.054,-0.616,-0.744,0.256,0,0.326,0.945,-0.787,0.583,-0.201],"_shiftlockState":true,"_pose":"FreeFall","_animationQueue":[],"_animationSpeed":1,"_zoom":12.227},{"_mousePosition":[683,384],"_rootPartCFrame":[758.56,226.046,35.715,-0.61,0.015,0.792,-0.01,1,-0.027,-0.793,-0.024,-0.609],"_humanoidState":5,"_cameraCFrame":[762.26,238.999,32.875,-0.26,-0.905,0.338,0,0.35,0.937,-0.966,0.244,-0.091],"_shiftlockState":true,"_pose":"FreeFall","_animationQueue":[["fall",0.3]],"_animationSpeed":1,"_zoom":12.227},{"_mousePosition":[683,384],"_rootPartCFrame":[758.588,225.977,35.416,-0.294,0.018,0.956,-0.008,1,-0.021,-0.956,-0.014,-0.294],"_humanoidState":7,"_cameraCFrame":[762.997,239.024,35.292,0.378,-0.875,0.304,0,0.329,0.944,-0.926,-0.357,0.124],"_shiftlockState":true,"_pose":"FreeFall","_animationQueue":[["walk",0.1],["fall",0.3],["fall",0.3]],"_animationSpeed":1,"_zoom":12.227},{"_mousePosition":[683,384],"_rootPartCFrame":[758.567,226.075,35.124,0.376,0.009,0.926,-0.005,1,-0.007,-0.926,-0.002,0.376],"_humanoidState":7,"_cameraCFrame":[761.323,239.616,34.9,0.572,-0.808,0.142,0,0.174,0.985,-0.82,-0.564,0.099],"_shiftlockState":true,"_pose":"FreeFall","_animationQueue":[],"_animationSpeed":1,"_zoom":12.227},{"_mousePosition":[683,384],"_rootPartCFrame":[758.459,226.092,35.017,0.576,0.001,0.817,-0.002,1,0,-0.817,-0.001,0.576],"_humanoidState":8,"_cameraCFrame":[761.125,239.633,34.329,0.424,-0.892,0.157,0,0.174,0.985,-0.906,-0.417,0.074],"_shiftlockState":true,"_pose":"Running","_animationQueue":[["walk",0.1],["fall",0.3],["walk",0.1]],"_animationSpeed":0.737,"_zoom":12.227},{"_mousePosition":[683,384],"_rootPartCFrame":[758.396,226.744,34.935,0.425,-0.001,0.905,-0.001,1,0.001,-0.905,-0.002,0.425],"_humanoidState":3,"_cameraCFrame":[760.849,240.285,33.687,0.218,-0.961,0.169,0,0.174,0.985,-0.976,-0.215,0.038],"_shiftlockState":true,"_pose":"Jumping","_animationQueue":[["walk",0.1],["jump",0.1]],"_animationSpeed":1,"_zoom":12.227},{"_mousePosition":[683,384],"_rootPartCFrame":[758.328,227.366,34.845,0.279,-0.001,0.96,-0.001,1,0.001,-0.96,-0.001,0.279],"_humanoidState":5,"_cameraCFrame":[760.523,240.907,33.186,0.043,-0.984,0.173,0,0.174,0.985,-0.999,-0.042,0.007],"_shiftlockState":true,"_pose":"FreeFall","_animationQueue":[["jump",0.1]],"_animationSpeed":1,"_zoom":12.227},{"_mousePosition":[683,384],"_rootPartCFrame":[758.195,228.334,34.653,0.195,0,0.981,0,1,0,-0.981,0,0.195],"_humanoidState":5,"_cameraCFrame":[760.552,241.773,32.544,-0.143,-0.966,0.213,0,0.216,0.976,-0.99,0.14,-0.031],"_shiftlockState":true,"_pose":"FreeFall","_animationQueue":[],"_animationSpeed":1,"_zoom":12.227},{"_mousePosition":[683,384],"_rootPartCFrame":[758.057,229.047,34.473,-0.015,0,1,0,1,0,-1,0,-0.015],"_humanoidState":5,"_cameraCFrame":[760.261,242.417,31.865,-0.325,-0.918,0.227,0,0.24,0.971,-0.946,0.316,-0.078],"_shiftlockState":true,"_pose":"FreeFall","_animationQueue":[],"_animationSpeed":1,"_zoom":12.227},{"_mousePosition":[683,384],"_rootPartCFrame":[757.881,229.705,34.297,-0.2,0,0.98,0,1,0,-0.98,0,-0.2],"_humanoidState":5,"_cameraCFrame":[759.893,243.021,31.315,-0.452,-0.862,0.229,0,0.257,0.966,-0.892,0.437,-0.116],"_shiftlockState":true,"_pose":"FreeFall","_animationQueue":[],"_animationSpeed":1,"_zoom":12.227},{"_mousePosition":[683,384],"_rootPartCFrame":[757.675,230.309,34.145,-0.338,0,0.941,0,1,0,-0.941,0,-0.338],"_humanoidState":5,"_cameraCFrame":[759.554,243.573,30.883,-0.535,-0.813,0.23,0,0.273,0.962,-0.845,0.515,-0.146],"_shiftlockState":true,"_pose":"FreeFall","_animationQueue":[],"_animationSpeed":1,"_zoom":12.227},{"_mousePosition":[683,384],"_rootPartCFrame":[757.476,230.859,33.986,-0.421,0,0.907,0,1,0,-0.907,0,-0.421],"_humanoidState":5,"_cameraCFrame":[759.177,244.112,30.59,-0.587,-0.778,0.223,0,0.276,0.961,-0.809,0.564,-0.162],"_shiftlockState":true,"_pose":"FreeFall","_animationQueue":[],"_animationSpeed":1,"_zoom":12.227},{"_mousePosition":[683,384],"_rootPartCFrame":[757.344,231.235,33.848,-0.504,0,0.864,0,1,0,-0.864,0,-0.504],"_humanoidState":5,"_cameraCFrame":[758.814,244.488,30.345,-0.64,-0.739,0.212,0,0.276,0.961,-0.768,0.615,-0.176],"_shiftlockState":true,"_pose":"FreeFall","_animationQueue":[],"_animationSpeed":1,"_zoom":12.227},{"_mousePosition":[683,384],"_rootPartCFrame":[757.144,231.795,33.584,-0.504,0,0.864,0,1,0,-0.864,0,-0.504],"_humanoidState":5,"_cameraCFrame":[758.455,245.048,30.019,-0.674,-0.71,0.204,0,0.276,0.961,-0.739,0.648,-0.186],"_shiftlockState":true,"_pose":"FreeFall","_animationQueue":[],"_animationSpeed":1,"_zoom":12.227},{"_mousePosition":[683,384],"_rootPartCFrame":[756.976,232.181,33.377,-0.57,0,0.822,0,1,0,-0.822,0,-0.57],"_humanoidState":5,"_cameraCFrame":[758.109,245.442,29.778,-0.706,-0.681,0.194,0,0.273,0.962,-0.708,0.679,-0.193],"_shiftlockState":true,"_pose":"FreeFall","_animationQueue":[],"_animationSpeed":1,"_zoom":12.227},{"_mousePosition":[683,384],"_rootPartCFrame":[756.753,232.587,33.13,-0.579,0,0.816,0,1,0,-0.816,0,-0.579],"_humanoidState":5,"_cameraCFrame":[757.663,245.85,29.476,-0.747,-0.64,0.181,0,0.273,0.962,-0.665,0.719,-0.204],"_shiftlockState":true,"_pose":"FreeFall","_animationQueue":[],"_animationSpeed":1,"_zoom":12.227},{"_mousePosition":[683,384],"_rootPartCFrame":[756.613,232.789,32.987,-0.677,0,0.736,0,1,0,-0.736,0,-0.677],"_humanoidState":5,"_cameraCFrame":[757.334,246.042,29.258,-0.784,-0.597,0.171,0,0.276,0.961,-0.621,0.753,-0.216],"_shiftlockState":true,"_pose":"FreeFall","_animationQueue":[],"_animationSpeed":1,"_zoom":12.227},{"_mousePosition":[683,384],"_rootPartCFrame":[756.415,233.012,32.808,-0.694,0,0.72,0,1,0,-0.72,0,-0.694],"_humanoidState":5,"_cameraCFrame":[756.888,246.243,28.971,-0.83,-0.536,0.157,0,0.282,0.959,-0.558,0.796,-0.234],"_shiftlockState":true,"_pose":"FreeFall","_animationQueue":[],"_animationSpeed":1,"_zoom":12.227},{"_mousePosition":[683,384],"_rootPartCFrame":[756.208,233.18,32.64,-0.748,0,0.664,0,1,0,-0.664,0,-0.748],"_humanoidState":5,"_cameraCFrame":[756.429,246.383,28.696,-0.87,-0.471,0.143,0,0.29,0.957,-0.492,0.833,-0.252],"_shiftlockState":true,"_pose":"FreeFall","_animationQueue":[],"_animationSpeed":1,"_zoom":12.227},{"_mousePosition":[683,384],"_rootPartCFrame":[756.044,233.27,32.525,-0.817,0,0.577,0,1,0,-0.577,0,-0.817],"_humanoidState":5,"_cameraCFrame":[756.038,246.453,28.516,-0.9,-0.416,0.128,0,0.295,0.955,-0.435,0.86,-0.266],"_shiftlockState":true,"_pose":"FreeFall","_animationQueue":[],"_animationSpeed":1,"_zoom":12.227},{"_mousePosition":[683,384],"_rootPartCFrame":[755.757,233.352,32.357,-0.816,0,0.578,0,1,0,-0.578,0,-0.816],"_humanoidState":5,"_cameraCFrame":[755.537,246.52,28.311,-0.924,-0.365,0.114,0,0.299,0.954,-0.382,0.882,-0.276],"_shiftlockState":true,"_pose":"FreeFall","_animationQueue":[],"_animationSpeed":1,"_zoom":12.227},{"_mousePosition":[683,384],"_rootPartCFrame":[755.518,233.357,32.239,-0.865,0,0.502,0,1,0,-0.502,0,-0.865],"_humanoidState":5,"_cameraCFrame":[755.086,246.501,28.141,-0.945,-0.312,0.1,0,0.305,0.952,-0.328,0.9,-0.288],"_shiftlockState":true,"_pose":"FreeFall","_animationQueue":[["fall",0.3]],"_animationSpeed":1,"_zoom":12.227},{"_mousePosition":[683,384],"_rootPartCFrame":[755.272,233.307,32.135,-0.893,0,0.45,0,1,0,-0.45,0,-0.893],"_humanoidState":5,"_cameraCFrame":[754.605,246.427,28,-0.964,-0.254,0.083,0,0.311,0.95,-0.268,0.916,-0.3],"_shiftlockState":true,"_pose":"FreeFall","_animationQueue":[],"_animationSpeed":1,"_zoom":12.227},{"_mousePosition":[683,384],"_rootPartCFrame":[755.021,233.203,32.045,-0.919,0,0.393,0,1,0,-0.393,0,-0.919],"_humanoidState":5,"_cameraCFrame":[754.141,246.292,27.863,-0.977,-0.202,0.068,0,0.319,0.948,-0.213,0.926,-0.312],"_shiftlockState":true,"_pose":"FreeFall","_animationQueue":[],"_animationSpeed":1,"_zoom":12.227},{"_mousePosition":[683,384],"_rootPartCFrame":[754.829,233.089,31.989,-0.951,0,0.309,0,1,0,-0.309,0,-0.951],"_humanoidState":5,"_cameraCFrame":[753.723,246.139,27.756,-0.988,-0.147,0.051,0,0.328,0.945,-0.155,0.933,-0.324],"_shiftlockState":true,"_pose":"FreeFall","_animationQueue":[],"_animationSpeed":1,"_zoom":12.227},{"_mousePosition":[683,384],"_rootPartCFrame":[754.504,232.83,31.916,-0.948,0,0.317,0,1,0,-0.317,0,-0.948],"_humanoidState":5,"_cameraCFrame":[753.156,245.832,27.619,-0.995,-0.089,0.032,0,0.339,0.941,-0.095,0.936,-0.338],"_shiftlockState":true,"_pose":"FreeFall","_animationQueue":[],"_animationSpeed":1,"_zoom":12.227},{"_mousePosition":[683,384],"_rootPartCFrame":[754.241,232.562,31.872,-0.974,0,0.226,0,1,0,-0.226,0,-0.974],"_humanoidState":5,"_cameraCFrame":[752.621,245.506,27.514,-1,-0.028,0.011,0,0.352,0.936,-0.03,0.935,-0.352],"_shiftlockState":true,"_pose":"FreeFall","_animationQueue":[],"_animationSpeed":1,"_zoom":12.227},{"_mousePosition":[683,384],"_rootPartCFrame":[754.042,232.326,31.851,-0.992,0,0.13,0,1,0,-0.13,0,-0.992],"_humanoidState":5,"_cameraCFrame":[752.094,245.187,27.414,-0.999,0.041,-0.016,0,0.37,0.929,0.044,0.928,-0.369],"_shiftlockState":true,"_pose":"FreeFall","_animationQueue":[],"_animationSpeed":1,"_zoom":12.227},{"_mousePosition":[683,384],"_rootPartCFrame":[753.776,231.962,31.84,-0.996,0,0.089,0,1,0,-0.089,0,-0.996],"_humanoidState":5,"_cameraCFrame":[751.554,244.738,27.314,-0.995,0.094,-0.039,0,0.387,0.922,0.102,0.917,-0.385],"_shiftlockState":true,"_pose":"FreeFall","_animationQueue":[["fall",0.3]],"_animationSpeed":1,"_zoom":12.227},{"_mousePosition":[683,384],"_rootPartCFrame":[753.457,231.432,31.863,-0.992,0,-0.129,0,1,0,0.129,0,-0.992],"_humanoidState":5,"_cameraCFrame":[751.008,243.988,26.93,-0.991,0.124,-0.059,0,0.427,0.904,0.137,0.896,-0.423],"_shiftlockState":true,"_pose":"FreeFall","_animationQueue":[],"_animationSpeed":1,"_zoom":12.227},{"_mousePosition":[683,384],"_rootPartCFrame":[753.221,230.946,31.923,-1,0,-0.029,0,1,0,0.029,0,-1],"_humanoidState":5,"_cameraCFrame":[750.711,243.385,26.765,-0.99,0.127,-0.064,0,0.447,0.895,0.142,0.886,-0.442],"_shiftlockState":true,"_pose":"FreeFall","_animationQueue":[],"_animationSpeed":1,"_zoom":12.227},{"_mousePosition":[683,384],"_rootPartCFrame":[753.002,230.406,32.018,-0.999,0,-0.037,0,1,0,0.037,0,-0.999],"_humanoidState":5,"_cameraCFrame":[750.487,242.827,26.826,-0.99,0.127,-0.064,0,0.45,0.893,0.142,0.884,-0.445],"_shiftlockState":true,"_pose":"FreeFall","_animationQueue":[],"_animationSpeed":1,"_zoom":12.227},{"_mousePosition":[683,384],"_rootPartCFrame":[752.806,229.812,32.108,-0.999,0,-0.034,0,1,0,0.034,0,-0.999],"_humanoidState":5,"_cameraCFrame":[750.293,242.234,26.916,-0.99,0.127,-0.064,0,0.45,0.893,0.142,0.884,-0.445],"_shiftlockState":true,"_pose":"FreeFall","_animationQueue":[],"_animationSpeed":1,"_zoom":12.227},{"_mousePosition":[683,384],"_rootPartCFrame":[752.683,229.332,32.07,-0.998,0,-0.06,0,1,0,0.06,0,-0.998],"_humanoidState":5,"_cameraCFrame":[750.169,241.753,26.878,-0.99,0.127,-0.064,0,0.45,0.8