[{"_mousePosition":[1175,382],"_rootPartCFrame":[776.025,222.978,47.142,0.003,0.003,1,0,1,-0.003,-1,0,0.003],"_humanoidState":8,"_cameraCFrame":[777.749,230.746,44.271,-0.858,-0.453,0.242,0,0.471,0.882,-0.514,0.757,-0.404],"_shiftlockState":false,"_pose":"Standing","_animationQueue":[],"_animationSpeed":1,"_zoom":7.105},{"_mousePosition":[1176,383],"_rootPartCFrame":[775.813,222.848,47.015,0.078,0,0.997,0,1,0,-0.997,0,0.078],"_humanoidState":8,"_cameraCFrame":[777.533,230.616,44.144,-0.858,-0.453,0.242,0,0.471,0.882,-0.514,0.757,-0.404],"_shiftlockState":false,"_pose":"Standing","_animationQueue":[],"_animationSpeed":1,"_zoom":7.105},{"_mousePosition":[1197,408],"_rootPartCFrame":[775.585,222.678,46.879,0.14,0,0.99,0,1,0,-0.99,0,0.14],"_humanoidState":8,"_cameraCFrame":[777.305,230.446,44.008,-0.858,-0.453,0.242,0,0.471,0.882,-0.514,0.757,-0.404],"_shiftlockState":false,"_pose":"Running","_animationQueue":[["walk",0.1]],"_animationSpeed":1.066,"_zoom":7.105},{"_mousePosition":[1200,410],"_rootPartCFrame":[775.357,222.655,46.742,0.193,0,0.981,0,1,0,-0.981,0,0.193],"_humanoidState":8,"_cameraCFrame":[777.076,230.423,43.871,-0.858,-0.453,0.242,0,0.471,0.882,-0.514,0.757,-0.404],"_shiftlockState":false,"_pose":"Running","_animationQueue":[],"_animationSpeed":1.066,"_zoom":7.105},{"_mousePosition":[1231,435],"_rootPartCFrame":[775.128,222.67,46.604,0.239,0,0.971,0,1,0,-0.971,0,0.239],"_humanoidState":8,"_cameraCFrame":[775.346,230.438,42.834,-0.858,-0.453,0.242,0,0.471,0.882,-0.514,0.757,-0.404],"_shiftlockState":true,"_pose":"Running","_animationQueue":[],"_animationSpeed":1.066,"_zoom":7.105},{"_mousePosition":[683,384],"_rootPartCFrame":[774.842,222.685,46.433,-0.889,0,0.459,0,1,0,-0.459,0,-0.889],"_humanoidState":8,"_cameraCFrame":[775.06,230.453,42.663,-0.858,-0.453,0.242,0,0.471,0.882,-0.514,0.757,-0.404],"_shiftlockState":true,"_pose":"Running","_animationQueue":[],"_animationSpeed":1.066,"_zoom":7.105},{"_mousePosition":[683,384],"_rootPartCFrame":[774.67,222.691,46.33,-0.869,0,0.495,0,1,0,-0.495,0,-0.869],"_humanoidState":8,"_cameraCFrame":[774.942,230.506,42.645,-0.844,-0.477,0.246,0,0.458,0.889,-0.537,0.75,-0.386],"_shiftlockState":true,"_pose":"Running","_animationQueue":[],"_animationSpeed":1.066,"_zoom":7.105},{"_mousePosition":[683,384],"_rootPartCFrame":[774.441,222.695,46.193,-0.846,0,0.533,0,1,0,-0.533,0,-0.846],"_humanoidState":8,"_cameraCFrame":[774.747,230.557,42.591,-0.831,-0.498,0.248,0,0.445,0.895,-0.556,0.744,-0.37],"_shiftlockState":true,"_pose":"Running","_animationQueue":[],"_animationSpeed":1.066,"_zoom":7.105},{"_mousePosition":[683,384],"_rootPartCFrame":[774.216,222.697,46.051,-0.831,0,0.556,0,1,0,-0.556,0,-0.831],"_humanoidState":8,"_cameraCFrame":[774.552,230.609,42.542,-0.817,-0.521,0.249,0,0.431,0.902,-0.577,0.737,-0.352],"_shiftlockState":true,"_pose":"Running","_animationQueue":[["walk",0.1]],"_animationSpeed":1.066,"_zoom":7.105},{"_mousePosition":[683,384],"_rootPartCFrame":[773.994,222.698,45.903,-0.817,0,0.577,0,1,0,-0.577,0,-0.817],"_humanoidState":8,"_cameraCFrame":[774.361,230.666,42.501,-0.799,-0.547,0.249,0,0.414,0.91,-0.601,0.728,-0.331],"_shiftlockState":true,"_pose":"Running","_animationQueue":[],"_animationSpeed":1.066,"_zoom":7.105},{"_mousePosition":[683,384],"_rootPartCFrame":[773.776,222.699,45.75,-0.799,0,0.601,0,1,0,-0.601,0,-0.799],"_humanoidState":8,"_cameraCFrame":[774.16,230.716,42.445,-0.784,-0.569,0.247,0,0.398,0.917,-0.621,0.719,-0.312],"_shiftlockState":true,"_pose":"Running","_animationQueue":[],"_animationSpeed":1.066,"_zoom":7.105},{"_mousePosition":[683,384],"_rootPartCFrame":[773.562,222.699,45.591,-0.784,0,0.621,0,1,0,-0.621,0,-0.784],"_humanoidState":8,"_cameraCFrame":[773.955,230.75,42.354,-0.773,-0.585,0.246,0,0.387,0.922,-0.634,0.713,-0.299],"_shiftlockState":true,"_pose":"Running","_animationQueue":[],"_animationSpeed":1.066,"_zoom":7.105},{"_mousePosition":[683,384],"_rootPartCFrame":[773.352,222.699,45.426,-0.773,0,0.634,0,1,0,-0.634,0,-0.773],"_humanoidState":8,"_cameraCFrame":[773.735,230.781,42.251,-0.766,-0.596,0.242,0,0.377,0.926,-0.643,0.709,-0.289],"_shiftlockState":true,"_pose":"Running","_animationQueue":[],"_animationSpeed":1.066,"_zoom":7.105},{"_mousePosition":[683,384],"_rootPartCFrame":[773.145,222.7,45.258,-0.766,0,0.643,0,1,0,-0.643,0,-0.766],"_humanoidState":8,"_cameraCFrame":[773.514,230.8,42.121,-0.762,-0.601,0.24,0,0.37,0.929,-0.647,0.708,-0.282],"_shiftlockState":true,"_pose":"Running","_animationQueue":[],"_animationSpeed":1.066,"_zoom":7.105},{"_mousePosition":[683,384],"_rootPartCFrame":[772.941,222.7,45.087,-0.762,0,0.647,0,1,0,-0.647,0,-0.762],"_humanoidState":8,"_cameraCFrame":[773.285,230.815,41.978,-0.762,-0.603,0.236,0,0.365,0.931,-0.647,0.71,-0.278],"_shiftlockState":true,"_pose":"Running","_animationQueue":[["walk",0.1]],"_animationSpeed":1.066,"_zoom":7.105},{"_mousePosition":[683,384],"_rootPartCFrame":[772.738,222.7,44.914,-0.762,0,0.647,0,1,0,-0.647,0,-0.762],"_humanoidState":8,"_cameraCFrame":[773.044,230.833,41.841,-0.764,-0.603,0.231,0,0.358,0.934,-0.646,0.713,-0.273],"_shiftlockState":true,"_pose":"Running","_animationQueue":[],"_animationSpeed":1.066,"_zoom":7.105},{"_mousePosition":[683,384],"_rootPartCFrame":[772.534,222.7,44.742,-0.764,0,0.646,0,1,0,-0.646,0,-0.764],"_humanoidState":8,"_cameraCFrame":[772.761,230.862,41.723,-0.77,-0.598,0.222,0,0.348,0.938,-0.638,0.722,-0.268],"_shiftlockState":true,"_pose":"Running","_animationQueue":[],"_animationSpeed":1.066,"_zoom":7.105},{"_mousePosition":[683,384],"_rootPartCFrame":[772.331,222.7,44.569,-0.77,0,0.638,0,1,0,-0.638,0,-0.77],"_humanoidState":8,"_cameraCFrame":[772.459,230.893,41.615,-0.78,-0.59,0.21,0,0.335,0.942,-0.626,0.734,-0.261],"_shiftlockState":true,"_pose":"Running","_animationQueue":[],"_animationSpeed":1.066,"_zoom":7.105},{"_mousePosition":[683,384],"_rootPartCFrame":[772.125,222.7,44.399,-0.78,0,0.626,0,1,0,-0.626,0,-0.78],"_humanoidState":8,"_cameraCFrame":[772.148,230.927,41.52,-0.789,-0.581,0.198,0,0.322,0.947,-0.614,0.747,-0.254],"_shiftlockState":true,"_pose":"Running","_animationQueue":[],"_animationSpeed":1.066,"_zoom":7.105},{"_mousePosition":[683,384],"_rootPartCFrame":[771.918,222.7,44.231,-0.789,0,0.614,0,1,0,-0.614,0,-0.789],"_humanoidState":8,"_cameraCFrame":[771.83,230.959,41.431,-0.8,-0.571,0.185,0,0.308,0.951,-0.6,0.761,-0.246],"_shiftlockState":true,"_pose":"Running","_animationQueue":[],"_animationSpeed":1.066,"_zoom":7.105},{"_mousePosition":[683,384],"_rootPartCFrame":[771.655,222.7,44.026,-0.8,0,0.6,0,1,0,-0.6,0,-0.8],"_humanoidState":8,"_cameraCFrame":[771.473,230.984,41.29,-0.811,-0.559,0.174,0,0.297,0.955,-0.586,0.774,-0.241],"_shiftlockState":true,"_pose":"Running","_animationQueue":[],"_animationSpeed":1.066,"_zoom":7.105},{"_mousePosition":[683,384],"_rootPartCFrame":[771.442,222.7,43.866,-0.811,0,0.586,0,1,0,-0.586,0,-0.811],"_humanoidState":8,"_cameraCFrame":[771.168,231.004,41.188,-0.822,-0.545,0.164,0,0.288,0.958,-0.569,0.787,-0.237],"_shiftlockState":true,"_pose":"Running","_animationQueue":[["walk",0.1]],"_animationSpeed":1.066,"_zoom":7.105},{"_mousePosition":[683,384],"_rootPartCFrame":[771.173,222.7,43.67,-0.822,0,0.569,0,1,0,-0.569,0,-0.822],"_humanoidState":8,"_cameraCFrame":[770.81,231.018,41.04,-0.835,-0.528,0.155,0,0.281,0.96,-0.55,0.801,-0.235],"_shiftlockState":true,"_pose":"Running","_animationQueue":[],"_animationSpeed":1.066,"_zoom":7.105},{"_mousePosition":[683,384],"_rootPartCFrame":[771.009,222.7,43.556,-0.835,0,0.55,0,1,0,-0.55,0,-0.835],"_humanoidState":8,"_cameraCFrame":[770.556,231.031,40.973,-0.849,-0.509,0.145,0,0.275,0.962,-0.529,0.816,-0.233],"_shiftlockState":true,"_pose":"Running","_animationQueue":[],"_animationSpeed":1.066,"_zoom":7.105},{"_mousePosition":[683,384],"_rootPartCFrame":[770.786,222.7,43.408,-0.849,0,0.529,0,1,0,-0.529,0,-0.849],"_humanoidState":8,"_cameraCFrame":[770.25,231.045,40.879,-0.861,-0.491,0.136,0,0.268,0.963,-0.509,0.829,-0.23],"_shiftlockState":true,"_pose":"Running","_animationQueue":[],"_animationSpeed":1.066,"_zoom":7.105},{"_mousePosition":[683,384],"_rootPartCFrame":[770.561,222.7,43.266,-0.861,0,0.509,0,1,0,-0.509,0,-0.861],"_humanoidState":8,"_cameraCFrame":[769.96,231.057,40.785,-0.869,-0.478,0.129,0,0.262,0.965,-0.495,0.839,-0.227],"_shiftlockState":true,"_pose":"Running","_animationQueue":[],"_animationSpeed":1.066,"_zoom":7.105},{"_mousePosition":[683,384],"_rootPartCFrame":[770.332,222.7,43.13,-0.869,0,0.495,0,1,0,-0.495,0,-0.869],"_humanoidState":8,"_cameraCFrame":[769.699,231.063,40.673,-0.873,-0.471,0.126,0,0.258,0.966,-0.488,0.843,-0.226],"_shiftlockState":true,"_pose":"Running","_animationQueue":[],"_animationSpeed":1.066,"_zoom":7.105},{"_mousePosition":[683,384],"_rootPartCFrame":[770.1,222.7,42.997,-0.873,0,0.488,0,1,0,-0.488,0,-0.873],"_humanoidState":8,"_cameraCFrame":[769.462,231.065,40.546,-0.874,-0.47,0.125,0,0.258,0.966,-0.487,0.844,-0.225],"_shiftlockState":true,"_pose":"Running","_animationQueue":[],"_animationSpeed":1.066,"_zoom":7.105},{"_mousePosition":[683,384],"_rootPartCFrame":[769.869,222.666,42.865,-0.874,0,0.487,0,1,0,-0.487,0,-0.874],"_humanoidState":8,"_cameraCFrame":[769.231,231.031,40.414,-0.874,-0.47,0.125,0,0.258,0.966,-0.487,0.844,-0.225],"_shiftlockState":true,"_pose":"Running","_animationQueue":[["walk",0.1]],"_animationSpeed":1.066,"_zoom":7.105},{"_mousePosition":[683,384],"_rootPartCFrame":[769.637,222.577,42.733,-0.874,0,0.487,0,1,0,-0.487,0,-0.874],"_humanoidState":8,"_cameraCFrame":[768.999,230.942,40.282,-0.874,-0.47,0.125,0,0.258,0.966,-0.487,0.844,-0.225],"_shiftlockState":true,"_pose":"Running","_animationQueue":[],"_animationSpeed":1.066,"_zoom":7.105},{"_mousePosition":[683,384],"_rootPartCFrame":[769.405,222.434,42.601,-0.874,0,0.487,0,1,0,-0.487,0,-0.874],"_humanoidState":8,"_cameraCFrame":[768.767,230.799,40.15,-0.874,-0.47,0.125,0,0.258,0.966,-0.487,0.844,-0.225],"_shiftlockState":true,"_pose":"Running","_animationQueue":[],"_animationSpeed":1.066,"_zoom":7.105},{"_mousePosition":[683,384],"_rootPartCFrame":[769.173,223.307,42.469,-0.874,0,0.487,0,1,0,-0.487,0,-0.874],"_humanoidState":3,"_cameraCFrame":[768.53,231.675,40.028,-0.874,-0.47,0.125,0,0.256,0.967,-0.487,0.844,-0.224],"_shiftlockState":true,"_pose":"Jumping","_animationQueue":[["walk",0.1],["jump",0.1]],"_animationSpeed":1,"_zoom":7.105},{"_mousePosition":[683,384],"_rootPartCFrame":[768.941,224.129,42.339,-0.825,0,0.565,0,1,0,-0.565,0,-0.825],"_humanoidState":5,"_cameraCFrame":[768.284,232.501,39.913,-0.875,-0.469,0.123,0,0.254,0.967,-0.485,0.846,-0.222],"_shiftlockState":true,"_pose":"FreeFall","_animationQueue":[["jump",0.1]],"_animationSpeed":1,"_zoom":7.105},{"_mousePosition":[683,384],"_rootPartCFrame":[768.708,224.897,42.209,-0.805,0,0.593,0,1,0,-0.593,0,-0.805],"_humanoidState":5,"_cameraCFrame":[768.026,233.276,39.811,-0.877,-0.465,0.12,0,0.25,0.968,-0.48,0.849,-0.219],"_shiftlockState":true,"_pose":"FreeFall","_animationQueue":[],"_animationSpeed":1,"_zoom":7.105},{"_mousePosition":[683,384],"_rootPartCFrame":[768.475,225.61,42.08,-0.806,0,0.592,0,1,0,-0.592,0,-0.806],"_humanoidState":5,"_cameraCFrame":[767.752,233.998,39.719,-0.882,-0.457,0.115,0,0.245,0.969,-0.471,0.855,-0.216],"_shiftlockState":true,"_pose":"FreeFall","_animationQueue":[],"_animationSpeed":1,"_zoom":7.105},{"_mousePosition":[683,384],"_rootPartCFrame":[768.241,226.268,41.952,-0.812,0,0.584,0,1,0,-0.584,0,-0.812],"_humanoidState":5,"_cameraCFrame":[767.483,234.663,39.622,-0.887,-0.449,0.112,0,0.241,0.97,-0.463,0.86,-0.214],"_shiftlockState":true,"_pose":"FreeFall","_animationQueue":[],"_animationSpeed":1,"_zoom":7.105},{"_mousePosition":[683,384],"_rootPartCFrame":[768.006,226.872,41.826,-0.817,0,0.576,0,1,0,-0.576,0,-0.817],"_humanoidState":5,"_cameraCFrame":[767.225,235.271,39.516,-0.889,-0.444,0.109,0,0.239,0.971,-0.457,0.864,-0.213],"_shiftlockState":true,"_pose":"FreeFall","_animationQueue":[],"_animationSpeed":1,"_zoom":7.105},{"_mousePosition":[683,384],"_rootPartCFrame":[767.77,227.422,41.702,-0.821,0,0.571,0,1,0,-0.571,0,-0.821],"_humanoidState":5,"_cameraCFrame":[766.967,235.825,39.412,-0.892,-0.439,0.107,0,0.237,0.972,-0.452,0.867,-0.211],"_shiftlockState":true,"_pose":"FreeFall","_animationQueue":[],"_animationSpeed":1,"_zoom":7.105},{"_mousePosition":[683,384],"_rootPartCFrame":[767.533,227.917,41.58,-0.824,0,0.566,0,1,0,-0.566,0,-0.824],"_humanoidState":5,"_cameraCFrame":[766.701,236.324,39.312,-0.896,-0.431,0.104,0,0.234,0.972,-0.443,0.872,-0.21],"_shiftlockState":true,"_pose":"FreeFall","_animationQueue":[],"_animationSpeed":1,"_zoom":7.105},{"_mousePosition":[683,384],"_rootPartCFrame":[767.295,228.357,41.459,-0.83,0,0.558,0,1,0,-0.558,0,-0.83],"_humanoidState":5,"_cameraCFrame":[766.421,236.77,39.224,-0.903,-0.418,0.099,0,0.231,0.973,-0.43,0.878,-0.209],"_shiftlockState":true,"_pose":"FreeFall","_animationQueue":[],"_animationSpeed":1,"_zoom":7.105},{"_mousePosition":[683,384],"_rootPartCFrame":[767.056,228.743,41.341,-0.838,0,0.546,0,1,0,-0.546,0,-0.838],"_humanoidState":5,"_cameraCFrame":[766.138,237.159,39.132,-0.91,-0.403,0.095,0,0.23,0.973,-0.414,0.886,-0.209],"_shiftlockState":true,"_pose":"FreeFall","_animationQueue":[],"_animationSpeed":1,"_zoom":7.105},{"_mousePosition":[683,384],"_rootPartCFrame":[766.815,229.075,41.225,-0.847,0,0.531,0,1,0,-0.531,0,-0.847],"_humanoidState":5,"_cameraCFrame":[765.838,237.494,39.055,-0.92,-0.381,0.089,0,0.227,0.974,-0.392,0.896,-0.209],"_shiftlockState":true,"_pose":"FreeFall","_animationQueue":[],"_animationSpeed":1,"_zoom":7.105},{"_mousePosition":[683,384],"_rootPartCFrame":[766.573,229.352,41.114,-0.86,0,0.511,0,1,0,-0.511,0,-0.86],"_humanoidState":5,"_cameraCFrame":[765.532,237.772,38.978,-0.931,-0.356,0.083,0,0.226,0.974,-0.366,0.907,-0.211],"_shiftlockState":true,"_pose":"FreeFall","_animationQueue":[],"_animationSpeed":1,"_zoom":7.105},{"_mousePosition":[683,384],"_rootPartCFrame":[766.328,229.574,41.009,-0.874,0,0.486,0,1,0,-0.486,0,-0.874],"_humanoidState":5,"_cameraCFrame":[765.219,237.996,38.911,-0.942,-0.327,0.076,0,0.226,0.974,-0.336,0.918,-0.212],"_shiftlockState":true,"_pose":"FreeFall","_animationQueue":[],"_animationSpeed":1,"_zoom":7.105},{"_mousePosition":[683,384],"_rootPartCFrame":[766.018,229.776,40.886,-0.873,0,0.488,0,1,0,-0.488,0,-0.873],"_humanoidState":5,"_cameraCFrame":[764.834,238.195,38.821,-0.954,-0.293,0.068,0,0.227,0.974,-0.3,0.929,-0.217],"_shiftlockState":true,"_pose":"FreeFall","_animationQueue":[],"_animationSpeed":1,"_zoom":7.105},{"_mousePosition":[683,384],"_rootPartCFrame":[765.83,229.856,40.818,-0.919,0,0.394,0,1,0,-0.394,0,-0.919],"_humanoidState":5,"_cameraCFrame":[764.55,238.267,38.784,-0.968,-0.244,0.058,0,0.232,0.973,-0.251,0.942,-0.224],"_shiftlockState":true,"_pose":"FreeFall","_animationQueue":[],"_animationSpeed":1,"_zoom":7.105},{"_mousePosition":[683,384],"_rootPartCFrame":[765.576,229.915,40.736,-0.926,0,0.377,0,1,0,-0.377,0,-0.926],"_humanoidState":5,"_cameraCFrame":[764.188,238.318,38.746,-0.981,-0.189,0.046,0,0.237,0.972,-0.195,0.953,-0.232],"_shiftlockState":true,"_pose":"FreeFall","_animationQueue":[],"_animationSpeed":1,"_zoom":7.105},{"_mousePosition":[683,384],"_rootPartCFrame":[765.319,229.919,40.667,-0.946,0,0.324,0,1,0,-0.324,0,-0.946],"_humanoidState":5,"_cameraCFrame":[763.788,238.308,38.73,-0.993,-0.115,0.029,0,0.245,0.969,-0.118,0.963,-0.243],"_shiftlockState":true,"_pose":"FreeFall","_animationQueue":[],"_animationSpeed":1,"_zoom":7.105},{"_mousePosition":[683,384],"_rootPartCFrame":[764.992,229.848,40.6,-0.96,0,0.281,0,1,0,-0.281,0,-0.96],"_humanoidState":5,"_cameraCFrame":[763.338,238.219,38.703,-0.999,-0.05,0.013,0,0.255,0.967,-0.052,0.966,-0.254],"_shiftlockState":true,"_pose":"FreeFall","_animationQueue":[["fall",0.3]],"_animationSpeed":1,"_zoom":7.105},{"_mousePosition":[683,384],"_rootPartCFrame":[764.794,229.765,40.572,-0.989,0,0.151,0,1,0,-0.151,0,-0.989],"_humanoidState":5,"_cameraCFrame":[763.006,238.12,38.739,-1,0.02,-0.005,0,0.263,0.965,0.021,0.965,-0.263],"_shiftlockState":true,"_pose":"FreeFall","_animationQueue":[],"_animationSpeed":1,"_zoom":7.105},{"_mousePosition":[683,384],"_rootPartCFrame":[764.529,229.606,40.555,-0.994,0,0.112,0,1,0,-0.112,0,-0.994],"_humanoidState":5,"_cameraCFrame":[762.608,237.945,38.801,-0.996,0.089,-0.025,0,0.271,0.963,0.093,0.958,-0.27],"_shiftlockState":true,"_pose":"FreeFall","_animationQueue":[],"_animationSpeed":1,"_zoom":7.105},{"_mousePosition":[683,384],"_rootPartCFrame":[764.262,229.393,40.557,-0.999,0,0.04,0,1,0,-0.04,0,-0.999],"_humanoidState":5,"_cameraCFrame":[762.22,237.708,38.847,-0.988,0.15,-0.044,0,0.283,0.959,0.156,0.948,-0.279],"_shiftlockState":true,"_pose":"FreeFall","_animationQueue":[],"_animationSpeed":1,"_zoom":7.105},{"_mousePosition":[683,384],"_rootPartCFrame":[763.996,229.125,40.577,-1,0,-0.023,0,1,0,0.023,0,-1],"_humanoidState":5,"_cameraCFrame":[761.85,237.403,38.85,-0.979,0.194,-0.061,0,0.299,0.954,0.203,0.934,-0.293],"_shiftlockState":true,"_pose":"FreeFall","_animationQueue":[],"_animationSpeed":1,"_zoom":7.105},{"_mousePosition":[683,384],"_rootPartCFrame":[763.733,228.802,40.616,-0.997,0,-0.072,0,1,0,0.072,0,-0.997],"_humanoidState":5,"_cameraCFrame":[761.527,237.058,38.874,-0.974,0.217,-0.071,0,0.309,0.951,0.228,0.926,-0.301],"_shiftlockState":true,"_pose":"FreeFall","_animationQueue":[],"_animationSpeed":1,"_zoom":7.105},{"_mousePosition":[683,384],"_rootPartCFrame":[763.471,228.425,40.668,-0.995,0,-0.097,0,1,0,0.097,0,-0.995],"_humanoidState":5,"_cameraCFrame":[761.251,236.678,38.932,-0.972,0.223,-0.073,0,0.311,0.95,0.235,0.924,-0.302],"_shiftlockState":true,"_pose":"FreeFall","_animationQueue":[],"_animationSpeed":1,"_zoom":7.105},{"_mousePosition":[683,384],"_rootPartCFrame":[763.211,227.994,40.728,-0.995,0,-0.104,0,1,0,0.104,0,-0.995],"_humanoidState":5,"_cameraCFrame":[760.991,236.246,38.992,-0.972,0.223,-0.073,0,0.311,0.95,0.235,0.924,-0.302],"_shiftlockState":true,"_pose":"FreeFall","_animationQueue":[["fall",0.3]],"_animationSpeed":1,"_zoom":7.105},{"_mousePosition":[683,384],"_rootPartCFrame":[762.952,227.508,40.791,-0.995,0,-0.104,0,1,0,0.104,0,-0.995],"_humanoidState":5,"_cameraCFrame":[760.731,235.76,39.054,-0.972,0.223,-0.073,0,0.311,0.95,0.235,0.924,-0.302],"_shiftlockState":true,"_pose":"FreeFall","_animationQueue":[],"_animationSpeed":1,"_zoom":7.105},{"_mousePosition":[683,384],"_rootPartCFrame":[762.693,226.967,40.853,-0.995,0,-0.104,0,1,0,0.104,0,-0.995],"_humanoidState":5,"_cameraCFrame":[760.488,235.211,39.063,-0.975,0.212,-0.07,0,0.315,0.949,0.223,0.925,-0.307],"_shiftlockState":true,"_pose":"FreeFall","_animationQueue":[],"_animationSpeed":1,"_zoom":7.105},{"_mousePosition":[683,384],"_rootPartCFrame":[762.448,226.372,40.936,-0.994,0,-0.112,0,1,0,0.112,0,-0.994],"_humanoidState":5,"_cameraCFrame":[760.506,234.512,38.552,-0.997,0.073,-0.028,0,0.356,0.935,0.078,0.932,-0.355],"_shiftlockState":true,"_pose":"FreeFall","_animationQueue":[],"_animationSpeed":1,"_zoom":7.105},{"_mousePosition":[683,384],"_rootPartCFrame":[762.227,225.723,41.051,-1,0,0.014,0,1,0,-0.014,0,-1],"_humanoidState":5,"_cameraCFrame":[761.451,233.686,37.709,-0.953,-0.275,0.126,0,0.415,0.91,-0.302,0.867,-0.396],"_shiftlockState":true,"_pose":"FreeFall","_animationQueue":[],"_animationSpeed":1,"_zoom":7.105},{"_mousePosition":[683,384],"_rootPartCFrame":[762.056,225.076,40.93,-0.975,-0.012,0.22,-0.014,1,-0.01,-0.22,-0.013,-0.975],"_humanoidState":7,"_cameraCFrame":[762.927,232.973,37.471,-0.719,-0.625,0.302,0,0.435,0.9,-0.695,0.648,-0.313],"_shiftlockState":true,"_pose":"FreeFall","_animationQueue":[["walk",0.1],["fall",0.3],["fall",0.3]],"_animationSpeed":1,"_zoom":7.105},{"_mousePosition":[683,384],"_rootPartCFrame":[761.783,224.489,40.616,-0.762,-0.012,0.647,-0.007,1,0.01,-0.647,0.003,-0.762],"_humanoidState":7,"_cameraCFrame":[763.631,232.457,37.752,-0.441,-0.817,0.371,0,0.414,0.91,-0.897,0.402,-0.183],"_shiftlockState":true,"_pose":"FreeFall","_animationQueue":[["fall",0.3]],"_animationSpeed":1,"_zoom":7.105},{"_mousePosition":[683,384],"_rootPartCFrame":[761.608,224.378,40.594,-0.448,-0.007,0.894,0.002,1,0.009,-0.894,0.006,-0.448],"_humanoidState":8,"_cameraCFrame":[763.688,232.485,38.251,-0.251,-0.9,0.356,0,0.368,0.93,-0.968,0.234,-0.092],"_shiftlockState":true,"_pose":"Running","_animationQueue":[["walk",0.1],["fall",0.3],["walk",0.1]],"_animationSpeed":0.947,"_zoom":7.105},{"_mousePosition":[683,384],"_rootPartCFrame":[761.415,225.262,40.622,-0.258,0.001,0.966,0.006,1,0.001,-0.966,0.006,-0.258],"_humanoidState":3,"_cameraCFrame":[763.52,233.41,38.413,-0.201,-0.917,0.346,0,0.353,0.936,-0.98,0.188,-0.071],"_shiftlockState":true,"_pose":"Jumping","_animationQueue":[["walk",0.1],["jump",0.1]],"_animationSpeed":1,"_zoom":7.105},{"_mousePosition":[683,384],"_rootPartCFrame":[761.216,226.111,40.626,-0.137,0.002,0.991,0.004,1,-0.002,-0.991,0.004,-0.137],"_humanoidState":5,"_cameraCFrame":[763.47,234.205,38.396,-0.196,-0.91,0.365,0,0.372,0.928,-0.981,0.182,-0.073],"_shiftlockState":true,"_pose":"FreeFall","_animationQueue":[["jump",0.1]],"_animationSpeed":1,"_zoom":7.105},{"_mousePosition":[683,384],"_rootPartCFrame":[761.009,226.906,40.59,-0.099,0.001,0.995,0.001,1,-0.001,-0.995,0.001,-0.099],"_humanoidState":5,"_cameraCFrame":[763.271,234.963,38.259,-0.23,-0.898,0.375,0,0.385,0.923,-0.973,0.212,-0.089],"_shiftlockState":true,"_pose":"FreeFall","_animationQueue":[],"_animationSpeed":1,"_zoom":7.105},{"_mousePosition":[683,384],"_rootPartCFrame":[760.731,227.822,40.56,-0.193,0,0.981,0,1,0,-0.981,0,-0.193],"_humanoidState":5,"_cameraCFrame":[762.904,235.869,38.116,-0.276,-0.886,0.374,0,0.389,0.921,-0.961,0.254,-0.107],"_shiftlockState":true,"_pose":"FreeFall","_animationQueue":[],"_animationSpeed":1,"_zoom":7.105},{"_mousePosition":[683,384],"_rootPartCFrame":[760.489,228.495,40.577,-0.268,0,0.963,0,1,0,-0.963,0,-0.268],"_humanoidState":5,"_cameraCFrame":[762.634,236.536,38.096,-0.291,-0.881,0.373,0,0.39,0.921,-0.957,0.268,-0.113],"_shiftlockState":true,"_pose":"FreeFall","_animationQueue":[],"_animationSpeed":1,"_zoom":7.105},{"_mousePosition":[683,384],"_rootPartCFrame":[760.237,229.112,40.632,-0.287,0,0.958,0,1,0,-0.958,0,-0.287],"_humanoidState":5,"_cameraCFrame":[762.382,237.154,38.151,-0.291,-0.881,0.373,0,0.39,0.921,-0.957,0.268,-0.113],"_shiftlockState":true,"_pose":"FreeFall","_animationQueue":[],"_animationSpeed":1,"_zoom":7.105},{"_mousePosition":[683,384],"_rootPartCFrame":[760.046,229.54,40.689,-0.29,0,0.957,0,1,0,-0.957,0,-0.29],"_humanoidState":5,"_cameraCFrame":[762.19,237.581,38.208,-0.291,-0.881,0.373,0,0.39,0.921,-0.957,0.268,-0.113],"_shiftlockState":true,"_pose":"FreeFall","_animationQueue":[],"_animationSpeed":1,"_zoom":7.105},{"_mousePosition":[683,384],"_rootPartCFrame":[759.791,230.062,40.766,-0.291,0,0.957,0,1,0,-0.957,0,-0.291],"_humanoidState":5,"_cameraCFrame":[761.935,238.104,38.286,-0.291,-0.881,0.373,0,0.39,0.921,-0.957,0.268,-0.113],"_shiftlockState":true,"_pose":"FreeFall","_animationQueue":[],"_animationSpeed":1,"_zoom":7.105},{"_mousePosition":[683,384],"_rootPartCFrame":[759.472,230.638,40.863,-0.291,0,0.957,0,1,0,-0.957,0,-0.291],"_humanoidState":5,"_cameraCFrame":[761.616,238.68,38.382,-0.291,-0.881,0.373,0,0.39,0.921,-0.957,0.268,-0.113],"_shiftlockState":true,"_pose":"FreeFall","_animationQueue":[],"_animationSpeed":1,"_zoom":7.105},{"_mousePosition":[683,384],"_rootPartCFrame":[759.281,230.943,40.921,-0.291,0,0.957,0,1,0,-0.957,0,-0.291],"_humanoidState":5,"_cameraCFrame":[761.425,238.985,38.441,-0.291,-0.881,0.373,0,0.39,0.921,-0.957,0.268,-0.113],"_shiftlockState":true,"_pose":"FreeFall","_animationQueue":[],"_animationSpeed":1,"_zoom":7.105},{"_mousePosition":[683,384],"_rootPartCFrame":[759.025,231.302,40.999,-0.291,0,0.957,0,1,0,-0.957,0,-0.291],"_humanoidState":5,"_cameraCFrame":[761.679,239.343,40.193,-0.291,-0.881,0.373,0,0.39,0.921,-0.957,0.268,-0.113],"_shiftlockState":false,"_pose":"FreeFall","_animationQueue":[],"_animationSpeed":1,"_zoom":7.105},{"_mousePosition":[683,384],"_rootPartCFrame":[758.77,231.606,41.076,-0.291,0,0.957,0,1,0,-0.957,0,-0.291],"_humanoidState":5,"_cameraCFrame":[761.423,239.648,40.27,-0.291,-0.881,0.373,0,0.39,0.921,-0.957,0.268,-0.113],"_shiftlockState":false,"_pose":"FreeFall","_animationQueue":[],"_animationSpeed":1,"_zoom":7.105},{"_mousePosition":[683,384],"_rootPartCFrame":[758.515,231.856,41.154,-0.291,0,0.957,0,1,0,-0.957,0,-0.291],"_humanoidState":5,"_cameraCFrame":[761.168,239.897,40.348,-0.291,-0.881,0.373,0,0.39,0.921,-0.957,0.268,-0.113],"_shiftlockState":false,"_pose":"FreeFall","_animationQueue":[],"_animationSpeed":1,"_zoom":7.105},{"_mousePosition":[683,384],"_rootPartCFrame":[758.26,232.051,41.231,-0.291,0,0.957,0,1,0,-0.957,0,-0.291],"_humanoidState":5,"_cameraCFrame":[760.913,240.093,40.425,-0.291,-0.881,0.373,0,0.39,0.921,-0.957,0.268,-0.113],"_shiftlockState":false,"_pose":"FreeFall","_animationQueue":[],"_animationSpeed":1,"_zoom":7.105},{"_mousePosition":[683,384],"_rootPartCFrame":[758.005,232.192,41.309,-0.291,0,0.957,0,1,0,-0.957,0,-0.291],"_humanoidState":5,"_cameraCFrame":[760.666,240.222,40.439,-0.311,-0.874,0.374,0,0.394,0.919,-0.951,0.286,-0.122],"_shiftlockState":false,"_pose":"FreeFall","_animationQueue":[],"_animationSpeed":1,"_zoom":7.105},{"_mousePosition":[683,384],"_rootPartCFrame":[757.75,232.278,41.386,-0.291,0,0.957,0,1,0,-0.957,0,-0.291],"_humanoidState":5,"_cameraCFrame":[760.418,240.304,40.505,-0.314,-0.872,0.376,0,0.395,0.918,-0.95,0.288,-0.124],"_shiftlockState":false,"_pose":"FreeFall","_animationQueue":[],"_animationSpeed":1,"_zoom":7.105},{"_mousePosition":[683,384],"_rootPartCFrame":[757.496,232.31,41.468,-0.293,0,0.956,0,1,0,-0.956,0,-0.293],"_humanoidState":5,"_cameraCFrame":[760.144,240.356,40.682,-0.285,-0.883,0.373,0,0.389,0.921,-0.959,0.262,-0.111],"_shiftlockState":false,"_pose":"FreeFall","_animationQueue":[],"_animationSpeed":1,"_zoom":7.105},{"_mousePosition":[683,384],"_rootPartCFrame":[757.243,232.287,41.552,-0.295,0,0.955,0,1,0,-0.955,0,-0.295],"_humanoidState":5,"_cameraCFrame":[759.851,240.362,40.877,-0.25,-0.896,0.367,0,0.379,0.925,-0.968,0.232,-0.095],"_shiftlockState":false,"_pose":"FreeFall","_animationQueue":[],"_animationSpeed":1,"_zoom":7.105},{"_mousePosition":[683,384],"_rootPartCFrame":[756.987,232.21,41.629,-0.295,0,0.955,0,1,0,-0.955,0,-0.295],"_humanoidState":5,"_cameraCFrame":[759.575,240.3,41.029,-0.226,-0.903,0.364,0,0.374,0.927,-0.974,0.21,-0.084],"_shiftlockState":false,"_pose":"FreeFall","_animationQueue":[],"_animationSpeed":1,"_zoom":7.105},{"_mousePosition":[683,384],"_rootPartCFrame":[756.73,232.078,41.697,-0.291,0,0.957,0,1,0,-0.957,0,-0.291],"_humanoidState":5,"_cameraCFrame":[759.293,240.183,41.159,-0.205,-0.91,0.361,0,0.369,0.93,-0.979,0.191,-0.076],"_shiftlockState":false,"_pose":"FreeFall","_animationQueue":[["fall",0.3]],"_animationSpeed":1,"_zoom":7.105},{"_mousePosition":[683,384],"_rootPartCFrame":[756.405,231.837,41.773,-0.281,0,0.96,0,1,0,-0.96,0,-0.281],"_humanoidState":5,"_cameraCFrame":[758.951,239.95,41.258,-0.198,-0.912,0.358,0,0.366,0.931,-0.98,0.185,-0.073],"_shiftlockState":false,"_pose":"FreeFall","_animationQueue":[],"_animationSpeed":1,"_zoom":7.105},{"_mousePosition":[683,384],"_rootPartCFrame":[756.21,231.651,41.815,-0.274,0,0.962,0,1,0,-0.962,0,-0.274],"_humanoidState":5,"_cameraCFrame":[758.752,239.766,41.309,-0.195,-0.913,0.358,0,0.365,0.931,-0.981,0.182,-0.071],"_shiftlockState":false,"_pose":"FreeFall","_animationQueue":[],"_animationSpeed":1,"_zoom":7.105},{"_mousePosition":[683,384],"_rootPartCFrame":[755.948,231.356,41.868,-0.264,0,0.964,0,1,0,-0.964,0,-0.264],"_humanoidState":5,"_cameraCFrame":[758.481,239.475,41.364,-0.195,-0.914,0.356,0,0.363,0.932,-0.981,0.182,-0.071],"_shiftlockState":false,"_pose":"FreeFall","_animationQueue":[],"_animationSpeed":1,"_zoom":7.105},{"_mousePosition":[683,384],"_rootPartCFrame":[755.687,231.006,41.92,-0.255,0,0.967,0,1,0,-0.967,0,-0.255],"_humanoidState":5,"_cameraCFrame":[758.203,239.132,41.417,-0.196,-0.914,0.354,0,0.361,0.933,-0.981,0.183,-0.071],"_shiftlockState":false,"_pose":"FreeFall","_animationQueue":[],"_animationSpeed":1,"_zoom":7.105},{"_mousePosition":[683,384],"_rootPartCFrame":[755.425,230.602,41.972,-0.246,0,0.969,0,1,0,-0.969,0,-0.246],"_humanoidState":5,"_cameraCFrame":[757.918,238.736,41.463,-0.2,-0.915,0.351,0,0.358,0.934,-0.98,0.187,-0.072],"_shiftlockState":false,"_pose":"FreeFall","_animationQueue":[],"_animationSpeed":1,"_zoom":7.105},{"_mousePosition":[683,384],"_rootPartCFrame":[755.164,230.143,42.025,-0.239,0,0.971,0,1,0,-0.971,0,-0.239],"_humanoidState":5,"_cameraCFrame":[757.644,238.281,41.504,-0.205,-0.914,0.349,0,0.357,0.934,-0.979,0.192,-0.073],"_shiftlockState":false,"_pose":"FreeFall","_animationQueue":[],"_animationSpeed":1,"_zoom":7.105},{"_mousePosition":[683,384],"_rootPartCFrame":[754.903,229.63,42.078,-0.234,0,0.972,0,1,0,-0.972,0,-0.234],"_humanoidState":5,"_cameraCFrame":[757.382,237.768,41.555,-0.207,-0.914,0.349,0,0.357,0.934,-0.978,0.193,-0.074],"_shiftlockState":false,"_pose":"FreeFall","_animationQueue":[["fall",0.3]],"_animationSpeed":1,"_zoom":7.105},{"_mousePosition":[683,384],"_rootPartCFrame":[754.642,229.062,42.133,-0.229,0,0.973,0,1,0,-0.973,0,-0.229],"_humanoidState":5,"_cameraCFrame":[757.121,237.2,41.609,-0.207,-0.914,0.349,0,0.357,0.934,-0.978,0.193,-0.074],"_shiftlockState":false,"_pose":"FreeFall","_animationQueue":[],"_animationSpeed":1,"_zoom":7.105},{"_mousePosition":[683,384],"_rootPartCFrame":[754.381,228.44,42.188,-0.226,0,0.974,0,1,0,-0.974,0,-0.226],"_humanoidState":5,"_cameraCFrame":[756.86,236.578,41.664,-0.207,-0.914,0.349,0,0.357,0.934,-0.978,0.193,-0.074],"_shiftlockState":false,"_pose":"FreeFall","_animationQueue":[],"_animationSpeed":1,"_zoom":7.105},{"_mousePosition":[683,384],"_rootPartCFrame":[754.12,227.763,42.243,-0.223,0,0.975,0,1,0,-0.975,0,-0.223],"_humanoidState":5,"_cameraCFrame":[756.599,235.901,41.719,-0.207,-0.914,0.349,0,0.357,0.934,-0.978,0.193,-0.074],"_shiftlockState":false,"_pose":"FreeFall","_animationQueue":[],"_animationSpeed":1,"_zoom":7.105},{"_mousePosition":[683,384],"_rootPartCFrame":[753.859,227.032,42.298,-0.221,0,0.975,0,1,0,-0.975,0,-0.221],"_humanoidState":5,"_cameraCFrame":[756.343,235.168,41.773,-0.207,-0.914,0.35,0,0.357,0.934,-0.978,0.193,-0.074],"_shiftlockState":false,"_pose":"FreeFall","_animationQueue":[],"_animationSpeed":1,"_zoom":7.105},{"_mousePosition":[683,384],"_rootPartCFrame":[753.598,226.246,42.353,-0.219,0,0.976,0,1,0,-0.976,0,-0.219],"_humanoidState":5,"_cameraCFrame":[756.093,234.378,41.826,-0.207,-0.913,0.351,0,0.359,0.933,-0.978,0.193,-0.074],"_shiftlockState":false,"_pose":"FreeFall","_animationQueue":[],"_animationSpeed":1,"_zoom":7.105},{"_mousePosition":[683,384],"_rootPartCFrame":[753.337,225.406,42.408,-0.217,0,0.976,0,1,0,-0.976,0,-0.217],"_humanoidState":5,"_cameraCFrame":[755.873,233.524,41.9,-0.196,-0.913,0.357,0,0.364,0.931,-0.981,0.183,-0.071],"_shiftlockState":false,"_pose":"FreeFall","_animationQueue":[],"_animationSpeed":1,"_zoom":7.105},{"_mousePosition":[683,384],"_rootPartCFrame":[753.076,224.511,42.463,-0.215,0,0.977,0,1,0,-0.977,0,-0.215],"_humanoidState":5,"_cameraCFrame":[755.626,232.625,41.971,-0.189,-0.914,0.359,0,0.366,0.931,-0.982,0.176,-0.069],"_shiftlockState":false,"_pose":"FreeFall","_animationQueue":[],"_animationSpeed":1,"_zoom":7.105},{"_mousePosition":[683,384],"_rootPartCFrame":[752.815,223.562,42.515,-0.213,0,0.977,0,1,0,-0.977,0,-0.213],"_humanoidState":5,"_cameraCFrame":[755.38,231.671,42.046,-0.18,-0.915,0.361,0,0.367,0.93,-0.984,0.167,-0.066],"_shiftlockState":false,"_pose":"FreeFall","_animationQueue":[["fall",0]],"_animationSpeed":1,"_zoom":7.105},{"_mousePosition":[683,384],"_rootPartCFrame":[752.553,222.558,42.566,-0.21,0,0.978,0,1,0,-0.978,0,-0.21],"_humanoidState":5,"_cameraCFrame":[755.125,230.665,42.107,-0.176,-0.915,0.362,0,0.368,0.93,-0.984,0.164,-0.065],"_shiftlockState":false,"_pose":"FreeFall","_animationQueue":[],"_animationSpeed":1,"_zoom":7.105},{"_mousePosition":[683,384],"_rootPartCFrame":[752.419,222.526,42.601,-0.163,0,0.987,0,1,0,-0.987,0,-0.163],"_humanoidState":12,"_cameraCFrame":[754.998,230.631,42.149,-0.173,-0.916,0.363,0,0.369,0.93,-0.985,0.161,-0.064],"_shiftlockState":false,"_pose":"Climbing","_animationQueue":[["fall",0.3],["walk",0.1],["fall",0.3],["climb",0.1],["climb",0]],"_animationSpeed":-5.121,"_zoom":7.105},{"_mousePosition":[683,384],"_rootPartCFrame":[752.389,222.75,42.631,-0.101,0,0.995,0,1,0,-0.995,0,-0.101],"_humanoidState":12,"_cameraCFrame":[754.974,230.853,42.181,-0.172,-0.916,0.364,0,0.369,0.929,-0.985,0.16,-0.063],"_shiftlockState":false,"_pose":"Climbing","_animationQueue":[["climb",0.1]],"_animationSpeed":0.614,"_zoom":7.105},{"_mousePosition":[683,384],"_rootPartCFrame":[752.387,223.03,42.633,-0.097,0,0.995,0,1,0,-0.995,0,-0.097],"_humanoidState":12,"_cameraCFrame":[754.972,231.133,42.182,-0.172,-0.916,0.364,0,0.369,0.929,-0.985,0.16,-0.063],"_shiftlockState":false,"_pose":"Climbing","_animationQueue":[["climb",0.1]],"_animationSpeed":0.931,"_zoom":7.105},{"_mousePosition":[683,384],"_rootPartCFrame":[752.387,223.123,42.633,-0.097,0,0.995,0,1,0,-0.995,0,-0.097],"_humanoidState":12,"_cameraCFrame":[754.972,231.226,42.182,-0.172,-0.916,0.364,0,0.369,0.929,-0.985,0.16,-0.063],"_shiftlockState":false,"_pose":"Climbing","_animationQueue":[],"_animationSpeed":0.931,"_zoom":7.105},{"_mousePosition":[683,384],"_rootPartCFrame":[752.387,223.263,42.633,-0.097,0,0.995,0,1,0,-0.995,0,-0.097],"_humanoidState":12,"_cameraCFrame":[754.972,231.366,42.182,-0.172,-0.916,0.364,0,0.369,0.929,-0.985,0.16,-0.063],"_shiftlockState":false,"_pose":"Climbing","_animationQueue":[],"_animationSpeed":0.931,"_zoom":7.105},{"_mousePosition":[683,384],"_rootPartCFrame":[752.387,223.497,42.633,-0.097,0,0.995,0,1,0,-0.995,0,-0.097],"_humanoidState":12,"_cameraCFrame":[754.978,231.597,42.184,-0.171,-0.915,0.365,0,0.37,0.929,-0.985,0.159,-0.063],"_shiftlockState":false,"_pose":"Climbing","_animationQueue":[["climb",0]],"_animationSpeed":0.931,"_zoom":7.105},{"_mousePosition":[683,384],"_rootPartCFrame":[752.387,223.683,42.633,-0.097,0,0.995,0,1,0,-0.995,0,-0.097],"_humanoidState":12,"_cameraCFrame":[755.018,231.769,42.197,-0.163,-0.914,0.37,0,0.375,0.927,-0.987,0.152,-0.061],"_shiftlockState":false,"_pose":"Climbing","_animationQueue":[],"_animationSpeed":0.931,"_zoom":7.105},{"_mousePosition":[683,384],"_rootPartCFrame":[752.387,223.87,42.633,-0.097,0,0.995,0,1,0,-0.995,0,-0.097],"_humanoidState":12,"_cameraCFrame":[755.085,231.932,42.252,-0.14,-0.915,0.38,0,0.383,0.924,-0.99,0.129,-0.054],"_shiftlockState":false,"_pose":"Climbing","_animationQueue":[],"_animationSpeed":0.931,"_zoom":7.105},{"_mousePosition":[683,384],"_rootPartCFrame":[752.387,224.057,42.633,-0.097,0,0.995,0,1,0,-0.995,0,-0.097],"_humanoidState":12,"_cameraCFrame":[755.154,232.099,42.459,-0.063,-0.919,0.389,0,0.39,0.921,-0.998,0.058,-0.024],"_shiftlockState":false,"_pose":"Climbing","_animationQueue":[],"_animationSpeed":0.931,"_zoom":7.105},{"_mousePosition":[683,384],"_rootPartCFrame":[752.387,224.243,42.633,-0.097,0,0.995,0,1,0,-0.995,0,-0.097],"_humanoidState":12,"_cameraCFrame":[755.152,232.281,42.947,0.113,-0.914,0.389,0,0.392,0.92,-0.994,-0.104,0.044],"_shiftlockState":false,"_pose":"Climbing","_animationQueue":[],"_animationSpeed":0.931,"_zoom":7.105},{"_mousePosition":[683,384],"_rootPartCFrame":[752.387,224.43,42.633,-0.097,0,0.995,0,1,0,-0.995,0,-0.097],"_humanoidState":12,"_cameraCFrame":[754.916,232.498,43.604,0.359,-0.863,0.356,0,0.381,0.924,-0.933,-0.332,0.137],"_shiftlockState":false,"_pose":"Climbing","_animationQueue":[],"_animationSpeed":0.931,"_zoom":7.105},{"_mousePosition":[683,384],"_rootPartCFrame":[752.387,224.617,42.633,-0.097,0,0.995,0,1,0,-0.995,0,-0.097],"_humanoidState":12,"_cameraCFrame":[754.376,232.74,44.261,0.634,-0.721,0.28,0,0.362,0.932,-0.774,-0.591,0.229],"_shiftlockState":false,"_pose":"Climbing","_animationQueue":[],"_animationSpeed":0.931,"_zoom":7.105},{"_mousePosition":[683,384],"_rootPartCFrame":[752.387,224.803,42.633,-0.097,0,0.995,0,1,0,-0.995,0,-0.097],"_humanoidState":12,"_cameraCFrame":[753.839,232.985,44.562,0.799,-0.565,0.204,0,0.34,0.94,-0.601,-0.752,0.272],"_shiftlockState":false,"_pose":"Climbing","_animationQueue":[],"_animationSpeed":0.931,"_zoom":7.105},{"_mousePosition":[683,384],"_rootPartCFrame":[752.387,224.99,42.633,-0.097,0,0.995,0,1,0,-0.995,0,-0.097],"_humanoidState":12,"_cameraCFrame":[753.537,233.201,44.664,0.87,-0.465,0.162,0,0.328,0.945,-0.493,-0.822,0.286],"_shiftlockState":false,"_pose":"Climbing","_animationQueue":[],"_animationSpeed":0.931,"_zoom":7.105},{"_mousePosition":[683,384],"_rootPartCFrame":[752.387,224.858,42.633,-0.097,0,0.995,0,1,0,-0.995,0,-0.097],"_humanoidState":12,"_cameraCFrame":[753.507,233.076,44.655,0.875,-0.458,0.158,0,0.325,0.946,-0.484,-0.827,0.285],"_shiftlockState":false,"_pose":"Climbing","_animationQueue":[],"_animationSpeed":0.931,"_zoom":7.105},{"_mousePosition":[683,384],"_rootPartCFrame":[752.387,224.672,42.633,-0.097,0,0.995,0,1,0,-0.995,0,-0.097],"_humanoidState":12,"_cameraCFrame":[755.105,232.906,43.54,0.83,-0.528,0.178,0,0.319,0.948,-0.558,-0.787,0.265],"_shiftlockState":true,"_pose":"Climbing","_animationQueue":[["climb",0.1]],"_animationSpeed":-0.896,"_zoom":7.105},{"_mousePosition":[683,384],"_rootPartCFrame":[752.925,225.433,42.441,0.864,0,0.504,0,1,0,-0.504,0,0.864],"_humanoidState":8,"_cameraCFrame":[755.643,233.666,43.349,0.83,-0.528,0.178,0,0.319,0.948,-0.558,-0.787,0.265],"_shiftlockState":true,"_pose":"Standing","_animationQueue":[["climb",0.1],["idle",0.1],["idle",0.1]],"_animationSpeed":1,"_zoom":7.105},{"_mousePosition":[683,384],"_rootPartCFrame":[752.982,226.124,42.188,0.842,0,0.54,0,1,0,-0.54,0,0.842],"_humanoidState":8,"_cameraCFrame":[755.824,234.358,42.552,0.707,-0.671,0.226,0,0.319,0.948,-0.708,-0.67,0.226],"_shiftlockState":true,"_pose":"Running","_animationQueue":[["walk",0.1]],"_animationSpeed":1.01,"_zoom":7.105},{"_mousePosition":[683,384],"_rootPartCFrame":[753.047,227.195,41.862,0.714,0,0.701,0,1,0,-0.701,0,0.714],"_humanoidState":3,"_cameraCFrame":[755.912,235.428,41.826,0.601,-0.758,0.255,0,0.319,0.948,-0.8,-0.569,0.192],"_shiftlockState":true,"_pose":"Jumping","_animationQueue":[["walk",0.1],["walk",0.1],["jump",0.1]],"_animationSpeed":1,"_zoom":7.105},{"_mousePosition":[683,384],"_rootPartCFrame":[753.071,227.796,41.665,0.648,0,0.762,0,1,0,-0.762,0,0.648],"_humanoidState":5,"_cameraCFrame":[755.872,236.032,41.105,0.446,-0.849,0.284,0,0.318,0.948,-0.895,-0.423,0.142],"_shiftlockState":true,"_pose":"FreeFall","_animationQueue":[["jump",0.1]],"_animationSpeed":1,"_zoom":7.105},{"_mousePosition":[683,384],"_rootPartCFrame":[753.069,228.55,41.401,0.55,0,0.835,0,1,0,-0.835,0,0.55],"_humanoidState":5,"_cameraCFrame":[755.733,236.794,40.417,0.305,-0.904,0.3,0,0.315,0.949,-0.952,-0.29,0.096],"_shiftlockState":true,"_pose":"FreeFall","_animationQueue":[],"_animationSpeed":1,"_zoom":7.105},{"_mousePosition":[683,384],"_rootPartCFrame":[753.028,229.249,41.141,0.422,0,0.907,0,1,0,-0.907,0,0.422],"_humanoidState":5,"_cameraCFrame":[755.48,237.507,39.78,0.166,-0.938,0.304,0,0.309,0.951,-0.986,-0.158,0.051],"_shiftlockState":true,"_pose":"FreeFall","_animationQueue":[],"_animationSpeed":1,"_zoom":7.105},{"_mousePosition":[683,384],"_rootPartCFrame":[752.948,229.894,40.891,0.287,0,0.958,0,1,0,-0.958,0,0.287],"_humanoidState":5,"_cameraCFrame":[755.175,238.166,39.243,0.046,-0.952,0.302,0,0.302,0.953,-0.999,-0.044,0.014],"_shiftlockState":true,"_pose":"FreeFall","_animationQueue":[],"_animationSpeed":1,"_zoom":7.105},{"_mousePosition":[683,384],"_rootPartCFrame":[752.831,230.484,40.656,0.167,0,0.986,0,1,0,-0.986,0,0.167],"_humanoidState":5,"_cameraCFrame":[754.815,238.763,38.745,-0.078,-0.951,0.298,0,0.299,0.954,-0.997,0.075,-0.023],"_shiftlockState":true,"_pose":"FreeFall","_animationQueue":[],"_animationSpeed":1,"_zoom":7.105},{"_mousePosition":[683,384],"_rootPartCFrame":[752.68,231.02,40.441,0.043,0,0.999,0,1,0,-0.999,0,0.043],"_humanoidState":5,"_cameraCF