[{"_mousePosition":[999,421],"_rootPartCFrame":[776.025,222.7,47.142,0.001,0,1,0,1,0,-1,0,0.001],"_humanoidState":8,"_cameraCFrame":[779.464,236.564,30.956,-0.978,-0.124,0.166,0,0.801,0.599,-0.208,0.586,-0.784],"_shiftlockState":false,"_pose":"Standing","_animationQueue":[],"_animationSpeed":1,"_zoom":20.656},{"_mousePosition":[999,421],"_rootPartCFrame":[775.857,222.695,47.107,0.021,0,1,0,1,0,-1,0,0.021],"_humanoidState":8,"_cameraCFrame":[779.384,237.006,31.292,-0.976,-0.135,0.171,0,0.784,0.62,-0.218,0.605,-0.766],"_shiftlockState":false,"_pose":"Standing","_animationQueue":[],"_animationSpeed":1,"_zoom":20.656},{"_mousePosition":[999,421],"_rootPartCFrame":[775.598,222.696,47.052,0.046,0,0.999,0,1,0,-0.999,0,0.046],"_humanoidState":8,"_cameraCFrame":[779.187,237.537,31.695,-0.974,-0.147,0.174,0,0.763,0.646,-0.228,0.629,-0.743],"_shiftlockState":false,"_pose":"Running","_animationQueue":[["walk",0.1]],"_animationSpeed":1.003,"_zoom":20.656},{"_mousePosition":[999,421],"_rootPartCFrame":[775.338,222.698,46.994,0.07,0,0.998,0,1,0,-0.998,0,0.07],"_humanoidState":8,"_cameraCFrame":[778.955,238.143,32.191,-0.971,-0.16,0.175,0,0.738,0.675,-0.237,0.656,-0.717],"_shiftlockState":false,"_pose":"Running","_animationQueue":[["walk",0.1]],"_animationSpeed":1.101,"_zoom":20.656},{"_mousePosition":[999,421],"_rootPartCFrame":[775.078,222.699,46.933,0.091,0,0.996,0,1,0,-0.996,0,0.091],"_humanoidState":8,"_cameraCFrame":[778.737,238.755,32.743,-0.968,-0.176,0.177,0,0.709,0.705,-0.25,0.682,-0.687],"_shiftlockState":false,"_pose":"Running","_animationQueue":[],"_animationSpeed":1.101,"_zoom":20.656},{"_mousePosition":[999,421],"_rootPartCFrame":[774.819,222.699,46.87,0.111,0,0.994,0,1,0,-0.994,0,0.111],"_humanoidState":8,"_cameraCFrame":[778.448,239.398,33.361,-0.966,-0.191,0.176,0,0.677,0.736,-0.259,0.711,-0.654],"_shiftlockState":false,"_pose":"Running","_animationQueue":[],"_animationSpeed":1.101,"_zoom":20.656},{"_mousePosition":[999,421],"_rootPartCFrame":[774.561,222.699,46.804,0.13,0,0.992,0,1,0,-0.992,0,0.13],"_humanoidState":8,"_cameraCFrame":[778.123,240.061,34.061,-0.963,-0.207,0.172,0,0.641,0.768,-0.269,0.74,-0.617],"_shiftlockState":false,"_pose":"Running","_animationQueue":[],"_animationSpeed":1.101,"_zoom":20.656},{"_mousePosition":[999,421],"_rootPartCFrame":[774.303,222.699,46.735,0.147,0,0.989,0,1,0,-0.989,0,0.147],"_humanoidState":8,"_cameraCFrame":[777.723,240.663,34.737,-0.962,-0.218,0.166,0,0.604,0.797,-0.274,0.766,-0.581],"_shiftlockState":false,"_pose":"Running","_animationQueue":[],"_animationSpeed":1.101,"_zoom":20.656},{"_mousePosition":[999,421],"_rootPartCFrame":[774.046,222.7,46.664,0.164,0,0.986,0,1,0,-0.986,0,0.164],"_humanoidState":8,"_cameraCFrame":[777.298,241.182,35.364,-0.961,-0.227,0.157,0,0.569,0.822,-0.277,0.79,-0.547],"_shiftlockState":false,"_pose":"Running","_animationQueue":[["walk",0.1]],"_animationSpeed":1.101,"_zoom":20.656},{"_mousePosition":[999,421],"_rootPartCFrame":[773.79,222.7,46.591,0.179,0,0.984,0,1,0,-0.984,0,0.179],"_humanoidState":8,"_cameraCFrame":[776.883,241.628,35.943,-0.96,-0.235,0.15,0,0.537,0.844,-0.279,0.81,-0.515],"_shiftlockState":false,"_pose":"Running","_animationQueue":[],"_animationSpeed":1.101,"_zoom":20.656},{"_mousePosition":[999,421],"_rootPartCFrame":[773.533,222.7,46.517,0.192,0,0.981,0,1,0,-0.981,0,0.192],"_humanoidState":8,"_cameraCFrame":[776.43,242.206,36.819,-0.958,-0.25,0.14,0,0.49,0.872,-0.286,0.835,-0.469],"_shiftlockState":false,"_pose":"Running","_animationQueue":[],"_animationSpeed":1.101,"_zoom":20.656},{"_mousePosition":[999,421],"_rootPartCFrame":[773.277,222.7,46.442,0.204,0,0.979,0,1,0,-0.979,0,0.204],"_humanoidState":8,"_cameraCFrame":[776.059,242.513,37.302,-0.957,-0.258,0.135,0,0.463,0.887,-0.291,0.848,-0.443],"_shiftlockState":false,"_pose":"Running","_animationQueue":[],"_animationSpeed":1.101,"_zoom":20.656},{"_mousePosition":[999,421],"_rootPartCFrame":[773.022,222.7,46.366,0.215,0,0.977,0,1,0,-0.977,0,0.215],"_humanoidState":8,"_cameraCFrame":[775.668,242.784,37.748,-0.956,-0.264,0.128,0,0.436,0.9,-0.294,0.86,-0.417],"_shiftlockState":false,"_pose":"Running","_animationQueue":[],"_animationSpeed":1.101,"_zoom":20.656},{"_mousePosition":[999,421],"_rootPartCFrame":[772.767,222.7,46.289,0.225,0,0.974,0,1,0,-0.974,0,0.225],"_humanoidState":8,"_cameraCFrame":[775.305,242.99,38.095,-0.955,-0.269,0.123,0,0.415,0.91,-0.296,0.869,-0.397],"_shiftlockState":false,"_pose":"Running","_animationQueue":[],"_animationSpeed":1.101,"_zoom":20.656},{"_mousePosition":[999,421],"_rootPartCFrame":[772.512,222.7,46.211,0.235,0,0.972,0,1,0,-0.972,0,0.235],"_humanoidState":8,"_cameraCFrame":[774.92,243.186,38.438,-0.955,-0.272,0.117,0,0.394,0.919,-0.296,0.878,-0.376],"_shiftlockState":false,"_pose":"Running","_animationQueue":[],"_animationSpeed":1.101,"_zoom":20.656},{"_mousePosition":[999,421],"_rootPartCFrame":[772.257,222.7,46.132,0.243,0,0.97,0,1,0,-0.97,0,0.243],"_humanoidState":8,"_cameraCFrame":[774.514,243.371,38.78,-0.956,-0.272,0.109,0,0.372,0.928,-0.294,0.887,-0.356],"_shiftlockState":false,"_pose":"Running","_animationQueue":[["walk",0.1]],"_animationSpeed":1.101,"_zoom":20.656},{"_mousePosition":[999,421],"_rootPartCFrame":[772.002,222.7,46.053,0.25,0,0.968,0,1,0,-0.968,0,0.25],"_humanoidState":8,"_cameraCFrame":[774.078,243.517,39.038,-0.959,-0.265,0.101,0,0.354,0.935,-0.284,0.897,-0.34],"_shiftlockState":false,"_pose":"Running","_animationQueue":[],"_animationSpeed":1.101,"_zoom":20.656},{"_mousePosition":[999,421],"_rootPartCFrame":[771.747,222.7,45.974,0.256,0,0.967,0,1,0,-0.967,0,0.256],"_humanoidState":8,"_cameraCFrame":[773.666,243.656,39.307,-0.961,-0.26,0.093,0,0.336,0.942,-0.277,0.905,-0.323],"_shiftlockState":false,"_pose":"Running","_animationQueue":[],"_animationSpeed":1.101,"_zoom":20.656},{"_mousePosition":[999,421],"_rootPartCFrame":[771.492,222.7,45.899,0.26,0,0.966,0,1,0,-0.966,0,0.26],"_humanoidState":8,"_cameraCFrame":[773.225,243.787,39.575,-0.964,-0.251,0.084,0,0.317,0.948,-0.264,0.915,-0.306],"_shiftlockState":false,"_pose":"Running","_animationQueue":[],"_animationSpeed":1.101,"_zoom":20.656},{"_mousePosition":[999,421],"_rootPartCFrame":[771.235,222.7,45.825,0.262,0,0.965,0,1,0,-0.965,0,0.262],"_humanoidState":8,"_cameraCFrame":[772.659,243.549,40.061,-0.971,-0.229,0.07,0,0.293,0.956,-0.24,0.928,-0.285],"_shiftlockState":false,"_pose":"Running","_animationQueue":[],"_animationSpeed":1.101,"_zoom":16.125},{"_mousePosition":[999,421],"_rootPartCFrame":[770.978,222.7,45.754,0.263,0,0.965,0,1,0,-0.965,0,0.263],"_humanoidState":8,"_cameraCFrame":[772.288,242.952,40.274,-0.973,-0.223,0.067,0,0.288,0.958,-0.232,0.931,-0.28],"_shiftlockState":false,"_pose":"Running","_animationQueue":[],"_animationSpeed":1.101,"_zoom":16.125},{"_mousePosition":[999,421],"_rootPartCFrame":[770.719,222.7,45.689,0.26,0,0.966,0,1,0,-0.966,0,0.26],"_humanoidState":8,"_cameraCFrame":[771.854,242.308,40.604,-0.976,-0.209,0.06,0,0.277,0.961,-0.218,0.938,-0.27],"_shiftlockState":false,"_pose":"Running","_animationQueue":[],"_animationSpeed":1.101,"_zoom":16.125},{"_mousePosition":[999,421],"_rootPartCFrame":[770.46,222.7,45.627,0.257,0,0.967,0,1,0,-0.967,0,0.257],"_humanoidState":8,"_cameraCFrame":[771.401,241.699,40.906,-0.981,-0.188,0.052,0,0.265,0.964,-0.195,0.946,-0.26],"_shiftlockState":false,"_pose":"Running","_animationQueue":[["walk",0.1]],"_animationSpeed":1.101,"_zoom":16.125},{"_mousePosition":[999,421],"_rootPartCFrame":[770.2,222.7,45.569,0.252,0,0.968,0,1,0,-0.968,0,0.252],"_humanoidState":8,"_cameraCFrame":[769.292,241.216,40.756,-0.984,-0.172,0.046,0,0.26,0.966,-0.178,0.95,-0.255],"_shiftlockState":true,"_pose":"Running","_animationQueue":[],"_animationSpeed":1.101,"_zoom":16.125},{"_mousePosition":[683,384],"_rootPartCFrame":[769.873,222.7,45.503,-0.997,0,0.076,0,1,0,-0.076,0,-0.997],"_humanoidState":8,"_cameraCFrame":[768.944,240.759,40.811,-0.984,-0.172,0.046,0,0.26,0.966,-0.178,0.95,-0.255],"_shiftlockState":true,"_pose":"Running","_animationQueue":[],"_animationSpeed":1.101,"_zoom":16.125},{"_mousePosition":[683,384],"_rootPartCFrame":[769.612,223.563,45.451,-0.997,0,0.076,0,1,0,-0.076,0,-0.997],"_humanoidState":3,"_cameraCFrame":[768.492,241.331,41.037,-0.989,-0.141,0.036,0,0.25,0.968,-0.146,0.958,-0.248],"_shiftlockState":true,"_pose":"Jumping","_animationQueue":[["walk",0.1],["jump",0.1]],"_animationSpeed":1,"_zoom":16.125},{"_mousePosition":[683,384],"_rootPartCFrame":[769.35,224.371,45.403,-0.979,0,0.205,0,1,0,-0.205,0,-0.979],"_humanoidState":5,"_cameraCFrame":[768.045,241.985,41.207,-0.994,-0.105,0.026,0,0.243,0.97,-0.108,0.964,-0.241],"_shiftlockState":true,"_pose":"FreeFall","_animationQueue":[["jump",0.1]],"_animationSpeed":1,"_zoom":16.125},{"_mousePosition":[683,384],"_rootPartCFrame":[769.086,225.125,45.362,-0.973,0,0.231,0,1,0,-0.231,0,-0.973],"_humanoidState":5,"_cameraCFrame":[767.611,242.61,41.383,-0.998,-0.068,0.016,0,0.235,0.972,-0.07,0.97,-0.234],"_shiftlockState":true,"_pose":"FreeFall","_animationQueue":[],"_animationSpeed":1,"_zoom":16.125},{"_mousePosition":[683,384],"_rootPartCFrame":[768.821,225.824,45.332,-0.98,0,0.201,0,1,0,-0.201,0,-0.98],"_humanoidState":5,"_cameraCFrame":[767.221,243.234,41.516,-0.999,-0.039,0.009,0,0.229,0.973,-0.04,0.973,-0.229],"_shiftlockState":true,"_pose":"FreeFall","_animationQueue":[],"_animationSpeed":1,"_zoom":16.125},{"_mousePosition":[683,384],"_rootPartCFrame":[768.555,226.469,45.312,-0.985,0,0.172,0,1,0,-0.172,0,-0.985],"_humanoidState":5,"_cameraCFrame":[766.839,243.584,41.68,-1,-0.009,0.002,0,0.226,0.974,-0.009,0.974,-0.226],"_shiftlockState":true,"_pose":"FreeFall","_animationQueue":[],"_animationSpeed":1,"_zoom":12.5},{"_mousePosition":[683,384],"_rootPartCFrame":[768.289,227.06,45.3,-0.99,0,0.142,0,1,0,-0.142,0,-0.99],"_humanoidState":5,"_cameraCFrame":[766.485,243.526,41.924,-1,0.016,-0.004,0,0.222,0.975,0.016,0.975,-0.222],"_shiftlockState":true,"_pose":"FreeFall","_animationQueue":[],"_animationSpeed":1,"_zoom":12.5},{"_mousePosition":[683,384],"_rootPartCFrame":[768.089,227.467,45.297,-0.996,0,0.084,0,1,0,-0.084,0,-0.996],"_humanoidState":5,"_cameraCFrame":[766.208,243.373,42.154,-0.999,0.04,-0.009,0,0.218,0.976,0.041,0.975,-0.218],"_shiftlockState":true,"_pose":"FreeFall","_animationQueue":[],"_animationSpeed":1,"_zoom":12.5},{"_mousePosition":[683,384],"_rootPartCFrame":[767.822,227.962,45.3,-0.996,0,0.092,0,1,0,-0.092,0,-0.996],"_humanoidState":5,"_cameraCFrame":[765.84,243.286,42.445,-0.997,0.077,-0.017,0,0.212,0.977,0.079,0.974,-0.212],"_shiftlockState":true,"_pose":"FreeFall","_animationQueue":[],"_animationSpeed":1,"_zoom":12.5},{"_mousePosition":[683,384],"_rootPartCFrame":[767.489,228.504,45.313,-0.996,0,0.087,0,1,0,-0.087,0,-0.996],"_humanoidState":5,"_cameraCFrame":[765.459,243.401,42.591,-0.995,0.097,-0.021,0,0.212,0.977,0.099,0.972,-0.211],"_shiftlockState":true,"_pose":"FreeFall","_animationQueue":[],"_animationSpeed":1,"_zoom":12.5},{"_mousePosition":[683,384],"_rootPartCFrame":[767.29,228.788,45.327,-1,0,0.001,0,1,0,-0.001,0,-1],"_humanoidState":5,"_cameraCFrame":[765.22,243.338,42.716,-0.993,0.114,-0.025,0,0.212,0.977,0.117,0.971,-0.211],"_shiftlockState":true,"_pose":"FreeFall","_animationQueue":[],"_animationSpeed":1,"_zoom":12.5},{"_mousePosition":[683,384],"_rootPartCFrame":[766.958,229.194,45.36,-0.999,0,0.049,0,1,0,-0.049,0,-0.999],"_humanoidState":5,"_cameraCFrame":[764.843,243.503,42.843,-0.991,0.134,-0.029,0,0.212,0.977,0.137,0.968,-0.21],"_shiftlockState":true,"_pose":"FreeFall","_animationQueue":[],"_animationSpeed":1,"_zoom":12.5},{"_mousePosition":[683,384],"_rootPartCFrame":[766.759,229.397,45.382,-0.999,0,-0.037,0,1,0,0.037,0,-0.999],"_humanoidState":5,"_cameraCFrame":[764.604,243.525,42.973,-0.988,0.153,-0.033,0,0.21,0.978,0.157,0.965,-0.208],"_shiftlockState":true,"_pose":"FreeFall","_animationQueue":[],"_animationSpeed":1,"_zoom":12.5},{"_mousePosition":[683,384],"_rootPartCFrame":[766.495,229.619,45.418,-1,0,-0.024,0,1,0,0.024,0,-1],"_humanoidState":5,"_cameraCFrame":[764.301,243.629,43.103,-0.984,0.173,-0.037,0,0.208,0.978,0.177,0.963,-0.205],"_shiftlockState":true,"_pose":"FreeFall","_animationQueue":[],"_animationSpeed":1,"_zoom":12.5},{"_mousePosition":[683,384],"_rootPartCFrame":[766.166,229.821,45.469,-1,0,-0.011,0,1,0,0.011,0,-1],"_humanoidState":5,"_cameraCFrame":[763.933,243.748,43.272,-0.98,0.195,-0.041,0,0.205,0.979,0.199,0.959,-0.201],"_shiftlockState":true,"_pose":"FreeFall","_animationQueue":[],"_animationSpeed":1,"_zoom":12.5},{"_mousePosition":[683,384],"_rootPartCFrame":[765.969,229.901,45.504,-0.995,0,-0.101,0,1,0,0.101,0,-0.995],"_humanoidState":5,"_cameraCFrame":[763.711,243.77,43.377,-0.977,0.21,-0.043,0,0.203,0.979,0.214,0.957,-0.198],"_shiftlockState":true,"_pose":"FreeFall","_animationQueue":[],"_animationSpeed":1,"_zoom":12.5},{"_mousePosition":[683,384],"_rootPartCFrame":[765.707,229.96,45.556,-0.997,0,-0.082,0,1,0,0.082,0,-0.997],"_humanoidState":5,"_cameraCFrame":[763.43,243.786,43.461,-0.975,0.219,-0.045,0,0.203,0.979,0.224,0.954,-0.198],"_shiftlockState":true,"_pose":"FreeFall","_animationQueue":[],"_animationSpeed":1,"_zoom":12.5},{"_mousePosition":[683,384],"_rootPartCFrame":[765.447,229.964,45.613,-0.996,0,-0.093,0,1,0,0.093,0,-0.996],"_humanoidState":5,"_cameraCFrame":[763.171,243.763,43.523,-0.975,0.219,-0.045,0,0.203,0.979,0.224,0.954,-0.198],"_shiftlockState":true,"_pose":"FreeFall","_animationQueue":[],"_animationSpeed":1,"_zoom":12.5},{"_mousePosition":[683,384],"_rootPartCFrame":[765.187,229.914,45.672,-0.996,0,-0.093,0,1,0,0.093,0,-0.996],"_humanoidState":5,"_cameraCFrame":[762.912,243.693,43.587,-0.975,0.219,-0.045,0,0.203,0.979,0.224,0.954,-0.198],"_shiftlockState":true,"_pose":"FreeFall","_animationQueue":[["fall",0.3]],"_animationSpeed":1,"_zoom":12.5},{"_mousePosition":[683,384],"_rootPartCFrame":[764.927,229.81,45.732,-0.996,0,-0.093,0,1,0,0.093,0,-0.996],"_humanoidState":5,"_cameraCFrame":[762.658,243.58,43.672,-0.975,0.219,-0.045,0,0.201,0.98,0.224,0.955,-0.196],"_shiftlockState":true,"_pose":"FreeFall","_animationQueue":[],"_animationSpeed":1,"_zoom":12.5},{"_mousePosition":[683,384],"_rootPartCFrame":[764.667,229.651,45.792,-0.996,0,-0.093,0,1,0,0.093,0,-0.996],"_humanoidState":5,"_cameraCFrame":[762.414,243.418,43.745,-0.976,0.215,-0.044,0,0.199,0.98,0.219,0.956,-0.194],"_shiftlockState":true,"_pose":"FreeFall","_animationQueue":[],"_animationSpeed":1,"_zoom":12.5},{"_mousePosition":[683,384],"_rootPartCFrame":[764.407,229.437,45.851,-0.996,0,-0.088,0,1,0,0.088,0,-0.996],"_humanoidState":5,"_cameraCFrame":[762.222,243.198,43.733,-0.982,0.183,-0.037,0,0.199,0.98,0.187,0.963,-0.195],"_shiftlockState":true,"_pose":"FreeFall","_animationQueue":[],"_animationSpeed":1,"_zoom":12.5},{"_mousePosition":[683,384],"_rootPartCFrame":[764.146,229.169,45.91,-0.999,0,-0.055,0,1,0,0.055,0,-0.999],"_humanoidState":5,"_cameraCFrame":[762.05,242.927,43.706,-0.989,0.144,-0.029,0,0.199,0.98,0.147,0.969,-0.197],"_shiftlockState":true,"_pose":"FreeFall","_animationQueue":[],"_animationSpeed":1,"_zoom":12.5},{"_mousePosition":[683,384],"_rootPartCFrame":[763.819,228.758,45.974,-1,0,0.019,0,1,0,-0.019,0,-1],"_humanoidState":5,"_cameraCFrame":[761.86,242.513,43.647,-0.996,0.085,-0.017,0,0.199,0.98,0.087,0.976,-0.198],"_shiftlockState":true,"_pose":"FreeFall","_animationQueue":[],"_animationSpeed":1,"_zoom":12.5},{"_mousePosition":[683,384],"_rootPartCFrame":[763.622,228.47,46.004,-1,0,0.013,0,1,0,-0.013,0,-1],"_humanoidState":5,"_cameraCFrame":[761.845,242.223,43.536,-1,0.011,-0.002,0,0.199,0.98,0.011,0.98,-0.199],"_shiftlockState":true,"_pose":"FreeFall","_animationQueue":[["fall",0.3]],"_animationSpeed":1,"_zoom":12.5},{"_mousePosition":[683,384],"_rootPartCFrame":[763.356,228.038,46.03,-0.993,0,0.122,0,1,0,-0.122,0,-0.993],"_humanoidState":5,"_cameraCFrame":[761.809,241.795,43.435,-0.997,-0.079,0.016,0,0.197,0.98,-0.08,0.977,-0.196],"_shiftlockState":true,"_pose":"FreeFall","_animationQueue":[],"_animationSpeed":1,"_zoom":12.5},{"_mousePosition":[683,384],"_rootPartCFrame":[763.023,227.422,46.038,-0.97,0,0.244,0,1,0,-0.244,0,-0.97],"_humanoidState":5,"_cameraCFrame":[761.728,241.183,43.33,-0.984,-0.172,0.034,0,0.195,0.981,-0.176,0.966,-0.192],"_shiftlockState":true,"_pose":"FreeFall","_animationQueue":[],"_animationSpeed":1,"_zoom":12.5},{"_mousePosition":[683,384],"_rootPartCFrame":[762.824,227.012,46.028,-0.962,0,0.273,0,1,0,-0.273,0,-0.962],"_humanoidState":5,"_cameraCFrame":[761.781,240.777,43.233,-0.964,-0.262,0.052,0,0.193,0.981,-0.267,0.946,-0.186],"_shiftlockState":true,"_pose":"FreeFall","_animationQueue":[],"_animationSpeed":1,"_zoom":12.5},{"_mousePosition":[683,384],"_rootPartCFrame":[762.56,226.417,45.988,-0.92,0,0.392,0,1,0,-0.392,0,-0.92],"_humanoidState":5,"_cameraCFrame":[761.762,240.182,43.114,-0.937,-0.342,0.067,0,0.193,0.981,-0.349,0.92,-0.181],"_shiftlockState":true,"_pose":"FreeFall","_animationQueue":[],"_animationSpeed":1,"_zoom":12.5},{"_mousePosition":[683,384],"_rootPartCFrame":[762.302,225.768,45.923,-0.883,0,0.47,0,1,0,-0.47,0,-0.883],"_humanoidState":5,"_cameraCFrame":[761.731,239.532,42.996,-0.907,-0.413,0.081,0,0.193,0.981,-0.421,0.89,-0.175],"_shiftlockState":true,"_pose":"FreeFall","_animationQueue":[],"_animationSpeed":1,"_zoom":12.5},{"_mousePosition":[683,384],"_rootPartCFrame":[762.05,225.064,45.835,-0.843,0,0.538,0,1,0,-0.538,0,-0.843],"_humanoidState":5,"_cameraCFrame":[761.666,238.828,42.878,-0.879,-0.469,0.092,0,0.193,0.981,-0.478,0.862,-0.17],"_shiftlockState":true,"_pose":"FreeFall","_animationQueue":[["fall",0.3]],"_animationSpeed":1,"_zoom":12.5},{"_mousePosition":[683,384],"_rootPartCFrame":[761.807,224.305,45.727,-0.807,0,0.59,0,1,0,-0.59,0,-0.807],"_humanoidState":5,"_cameraCFrame":[761.55,238.07,42.756,-0.857,-0.505,0.099,0,0.193,0.981,-0.515,0.841,-0.166],"_shiftlockState":true,"_pose":"FreeFall","_animationQueue":[],"_animationSpeed":1,"_zoom":12.5},{"_mousePosition":[683,384],"_rootPartCFrame":[761.512,223.28,45.571,-0.76,0,0.65,0,1,0,-0.65,0,-0.76],"_humanoidState":5,"_cameraCFrame":[761.293,237.045,42.597,-0.851,-0.516,0.102,0,0.193,0.981,-0.526,0.835,-0.164],"_shiftlockState":true,"_pose":"FreeFall","_animationQueue":[],"_animationSpeed":1,"_zoom":12.5},{"_mousePosition":[683,384],"_rootPartCFrame":[761.283,222.508,45.435,-0.832,0,0.554,0,1,0,-0.554,0,-0.832],"_humanoidState":7,"_cameraCFrame":[761.064,236.273,42.461,-0.851,-0.516,0.102,0,0.193,0.981,-0.526,0.835,-0.164],"_shiftlockState":true,"_pose":"FreeFall","_animationQueue":[["walk",0.1],["fall",0.3],["fall",0.3]],"_animationSpeed":1,"_zoom":12.5},{"_mousePosition":[683,384],"_rootPartCFrame":[761.056,222.46,45.295,-0.85,0,0.527,0,1,0,-0.527,0,-0.85],"_humanoidState":7,"_cameraCFrame":[760.837,236.224,42.321,-0.851,-0.516,0.102,0,0.193,0.981,-0.526,0.835,-0.164],"_shiftlockState":true,"_pose":"FreeFall","_animationQueue":[],"_animationSpeed":1,"_zoom":12.5},{"_mousePosition":[683,384],"_rootPartCFrame":[760.85,222.49,45.168,-0.851,0,0.526,0,1,0,-0.526,0,-0.851],"_humanoidState":8,"_cameraCFrame":[760.556,236.254,42.2,-0.864,-0.494,0.097,0,0.193,0.981,-0.504,0.847,-0.167],"_shiftlockState":true,"_pose":"Running","_animationQueue":[["walk",0.1],["fall",0.3],["walk",0.1]],"_animationSpeed":1.103,"_zoom":12.5},{"_mousePosition":[683,384],"_rootPartCFrame":[760.678,222.465,45.062,-0.864,0,0.504,0,1,0,-0.504,0,-0.864],"_humanoidState":8,"_cameraCFrame":[760.256,236.229,42.11,-0.885,-0.458,0.09,0,0.193,0.981,-0.466,0.868,-0.171],"_shiftlockState":true,"_pose":"Running","_animationQueue":[["walk",0.1],["walk",0.1]],"_animationSpeed":0.939,"_zoom":12.5},{"_mousePosition":[683,384],"_rootPartCFrame":[760.54,222.386,44.977,-0.885,0,0.466,0,1,0,-0.466,0,-0.885],"_humanoidState":8,"_cameraCFrame":[759.947,236.15,42.054,-0.91,-0.406,0.08,0,0.193,0.981,-0.414,0.893,-0.176],"_shiftlockState":true,"_pose":"Running","_animationQueue":[["walk",0.1]],"_animationSpeed":0.775,"_zoom":12.5},{"_mousePosition":[683,384],"_rootPartCFrame":[760.414,223.259,44.899,-0.91,0,0.414,0,1,0,-0.414,0,-0.91],"_humanoidState":3,"_cameraCFrame":[759.631,237.023,42.022,-0.935,-0.347,0.068,0,0.193,0.981,-0.353,0.918,-0.181],"_shiftlockState":true,"_pose":"Jumping","_animationQueue":[["walk",0.1],["jump",0.1]],"_animationSpeed":1,"_zoom":12.5},{"_mousePosition":[683,384],"_rootPartCFrame":[760.265,224.081,44.815,-0.899,0,0.438,0,1,0,-0.438,0,-0.899],"_humanoidState":5,"_cameraCFrame":[759.287,237.845,41.998,-0.957,-0.283,0.056,0,0.193,0.981,-0.289,0.939,-0.185],"_shiftlockState":true,"_pose":"FreeFall","_animationQueue":[["jump",0.1]],"_animationSpeed":1,"_zoom":12.5},{"_mousePosition":[683,384],"_rootPartCFrame":[760.127,224.662,44.748,-0.925,0,0.379,0,1,0,-0.379,0,-0.925],"_humanoidState":5,"_cameraCFrame":[758.955,238.435,42.047,-0.974,-0.221,0.043,0,0.189,0.982,-0.225,0.957,-0.185],"_shiftlockState":true,"_pose":"FreeFall","_animationQueue":[],"_animationSpeed":1,"_zoom":12.5},{"_mousePosition":[683,384],"_rootPartCFrame":[759.849,225.562,44.643,-0.924,0,0.383,0,1,0,-0.383,0,-0.924],"_humanoidState":5,"_cameraCFrame":[758.507,239.344,42.066,-0.986,-0.163,0.031,0,0.186,0.983,-0.166,0.969,-0.183],"_shiftlockState":true,"_pose":"FreeFall","_animationQueue":[],"_animationSpeed":1,"_zoom":12.5},{"_mousePosition":[683,384],"_rootPartCFrame":[759.659,226.061,44.593,-0.965,0,0.263,0,1,0,-0.263,0,-0.965],"_humanoidState":5,"_cameraCFrame":[758.192,239.857,42.151,-0.993,-0.118,0.022,0,0.18,0.984,-0.12,0.977,-0.178],"_shiftlockState":true,"_pose":"FreeFall","_animationQueue":[],"_animationSpeed":1,"_zoom":12.5},{"_mousePosition":[683,384],"_rootPartCFrame":[759.396,226.678,44.546,-0.968,0,0.251,0,1,0,-0.251,0,-0.968],"_humanoidState":5,"_cameraCFrame":[757.834,240.483,42.209,-0.997,-0.081,0.015,0,0.176,0.984,-0.083,0.981,-0.175],"_shiftlockState":true,"_pose":"FreeFall","_animationQueue":[],"_animationSpeed":1,"_zoom":12.5},{"_mousePosition":[683,384],"_rootPartCFrame":[759.132,227.241,44.512,-0.977,0,0.214,0,1,0,-0.214,0,-0.977],"_humanoidState":5,"_cameraCFrame":[757.498,241.051,42.252,-0.999,-0.052,0.009,0,0.174,0.985,-0.052,0.983,-0.173],"_shiftlockState":true,"_pose":"FreeFall","_animationQueue":[],"_animationSpeed":1,"_zoom":12.5},{"_mousePosition":[683,384],"_rootPartCFrame":[758.866,227.75,44.488,-0.983,0,0.185,0,1,0,-0.185,0,-0.983],"_humanoidState":5,"_cameraCFrame":[757.165,241.56,42.279,-1,-0.022,0.004,0,0.174,0.985,-0.022,0.985,-0.174],"_shiftlockState":true,"_pose":"FreeFall","_animationQueue":[],"_animationSpeed":1,"_zoom":12.5},{"_mousePosition":[683,384],"_rootPartCFrame":[758.6,228.204,44.473,-0.988,0,0.155,0,1,0,-0.155,0,-0.988],"_humanoidState":5,"_cameraCFrame":[756.805,242.014,42.339,-1,0.021,-0.004,0,0.174,0.985,0.021,0.985,-0.174],"_shiftlockState":true,"_pose":"FreeFall","_animationQueue":[],"_animationSpeed":1,"_zoom":12.5},{"_mousePosition":[683,384],"_rootPartCFrame":[758.334,228.604,44.466,-0.994,0,0.112,0,1,0,-0.112,0,-0.994],"_humanoidState":5,"_cameraCFrame":[756.48,242.414,42.383,-0.999,0.048,-0.008,0,0.174,0.985,0.049,0.984,-0.173],"_shiftlockState":true,"_pose":"FreeFall","_animationQueue":[],"_animationSpeed":1,"_zoom":12.5},{"_mousePosition":[683,384],"_rootPartCFrame":[758.067,228.949,44.47,-0.996,0,0.084,0,1,0,-0.084,0,-0.996],"_humanoidState":5,"_cameraCFrame":[756.166,242.759,42.43,-0.997,0.07,-0.012,0,0.174,0.985,0.072,0.982,-0.173],"_shiftlockState":true,"_pose":"FreeFall","_animationQueue":[],"_animationSpeed":1,"_zoom":12.5},{"_mousePosition":[683,384],"_rootPartCFrame":[757.801,229.24,44.482,-0.998,0,0.062,0,1,0,-0.062,0,-0.998],"_humanoidState":5,"_cameraCFrame":[755.869,243.05,42.471,-0.996,0.085,-0.015,0,0.174,0.985,0.087,0.981,-0.173],"_shiftlockState":true,"_pose":"FreeFall","_animationQueue":[],"_animationSpeed":1,"_zoom":12.5},{"_mousePosition":[683,384],"_rootPartCFrame":[757.535,229.476,44.5,-0.999,0,0.046,0,1,0,-0.046,0,-0.999],"_humanoidState":5,"_cameraCFrame":[755.583,243.286,42.509,-0.995,0.095,-0.017,0,0.174,0.985,0.097,0.98,-0.173],"_shiftlockState":true,"_pose":"FreeFall","_animationQueue":[],"_animationSpeed":1,"_zoom":12.5},{"_mousePosition":[683,384],"_rootPartCFrame":[757.203,229.694,44.528,-0.998,0,0.07,0,1,0,-0.07,0,-0.998],"_humanoidState":5,"_cameraCFrame":[755.236,243.504,42.552,-0.995,0.103,-0.018,0,0.174,0.985,0.104,0.979,-0.173],"_shiftlockState":true,"_pose":"FreeFall","_animationQueue":[],"_animationSpeed":1,"_zoom":12.5},{"_mousePosition":[683,384],"_rootPartCFrame":[757.003,229.785,44.547,-1,0,-0.005,0,1,0,0.005,0,-1],"_humanoidState":5,"_cameraCFrame":[755.022,243.594,42.586,-0.994,0.11,-0.019,0,0.174,0.985,0.112,0.979,-0.173],"_shiftlockState":true,"_pose":"FreeFall","_animationQueue":[],"_animationSpeed":1,"_zoom":12.5},{"_mousePosition":[683,384],"_rootPartCFrame":[756.672,229.867,44.581,-0.999,0,0.054,0,1,0,-0.054,0,-0.999],"_humanoidState":5,"_cameraCFrame":[754.67,243.677,42.64,-0.993,0.12,-0.021,0,0.174,0.985,0.122,0.977,-0.172],"_shiftlockState":true,"_pose":"FreeFall","_animationQueue":[],"_animationSpeed":1,"_zoom":12.5},{"_mousePosition":[683,384],"_rootPartCFrame":[756.473,229.875,44.603,-1,0,-0.022,0,1,0,0.022,0,-1],"_humanoidState":5,"_cameraCFrame":[754.457,243.685,42.678,-0.992,0.127,-0.022,0,0.174,0.985,0.129,0.977,-0.172],"_shiftlockState":true,"_pose":"FreeFall","_animationQueue":[],"_animationSpeed":1,"_zoom":12.5},{"_mousePosition":[683,384],"_rootPartCFrame":[756.208,229.839,44.636,-1,0,0.003,0,1,0,-0.003,0,-1],"_humanoidState":5,"_cameraCFrame":[754.149,243.649,42.756,-0.988,0.15,-0.026,0,0.174,0.985,0.152,0.973,-0.172],"_shiftlockState":true,"_pose":"FreeFall","_animationQueue":[],"_animationSpeed":1,"_zoom":12.5},{"_mousePosition":[683,384],"_rootPartCFrame":[755.878,229.717,44.678,-1,0,0.014,0,1,0,-0.014,0,-1],"_humanoidState":5,"_cameraCFrame":[753.785,243.527,42.836,-0.986,0.167,-0.029,0,0.174,0.985,0.169,0.971,-0.171],"_shiftlockState":true,"_pose":"FreeFall","_animationQueue":[["fall",0.3]],"_animationSpeed":1,"_zoom":12.5},{"_mousePosition":[683,384],"_rootPartCFrame":[755.614,229.558,44.718,-0.999,0,-0.037,0,1,0,0.037,0,-0.999],"_humanoidState":5,"_cameraCFrame":[753.503,243.368,42.897,-0.984,0.177,-0.031,0,0.174,0.985,0.179,0.969,-0.171],"_shiftlockState":true,"_pose":"FreeFall","_animationQueue":[],"_animationSpeed":1,"_zoom":12.5},{"_mousePosition":[683,384],"_rootPartCFrame":[755.417,229.403,44.751,-0.997,0,-0.08,0,1,0,0.08,0,-0.997],"_humanoidState":5,"_cameraCFrame":[753.269,243.213,42.973,-0.98,0.196,-0.035,0,0.174,0.985,0.199,0.965,-0.17],"_shiftlockState":true,"_pose":"FreeFall","_animationQueue":[],"_animationSpeed":1,"_zoom":12.5},{"_mousePosition":[683,384],"_rootPartCFrame":[755.089,229.076,44.811,-0.999,0,-0.034,0,1,0,0.034,0,-0.999],"_humanoidState":5,"_cameraCFrame":[752.941,242.886,43.032,-0.98,0.196,-0.035,0,0.174,0.985,0.199,0.965,-0.17],"_shiftlockState":true,"_pose":"FreeFall","_animationQueue":[],"_animationSpeed":1,"_zoom":12.5},{"_mousePosition":[683,384],"_rootPartCFrame":[754.893,228.84,44.85,-0.995,0,-0.101,0,1,0,0.101,0,-0.995],"_humanoidState":5,"_cameraCFrame":[752.745,242.65,43.071,-0.98,0.196,-0.035,0,0.174,0.985,0.199,0.965,-0.17],"_shiftlockState":true,"_pose":"FreeFall","_animationQueue":[],"_animationSpeed":1,"_zoom":12.5},{"_mousePosition":[683,384],"_rootPartCFrame":[754.631,228.476,44.903,-0.998,0,-0.067,0,1,0,0.067,0,-0.998],"_humanoidState":5,"_cameraCFrame":[752.479,242.286,43.13,-0.979,0.199,-0.035,0,0.174,0.985,0.202,0.965,-0.17],"_shiftlockState":true,"_pose":"FreeFall","_animationQueue":[],"_animationSpeed":1,"_zoom":12.5},{"_mousePosition":[683,384],"_rootPartCFrame":[754.37,228.059,44.956,-0.998,0,-0.07,0,1,0,0.07,0,-0.998],"_humanoidState":5,"_cameraCFrame":[752.196,241.868,43.21,-0.977,0.211,-0.037,0,0.174,0.985,0.214,0.962,-0.17],"_shiftlockState":true,"_pose":"FreeFall","_animationQueue":[],"_animationSpeed":1,"_zoom":12.5},{"_mousePosition":[683,384],"_rootPartCFrame":[754.109,227.586,45.01,-0.997,0,-0.082,0,1,0,0.082,0,-0.997],"_humanoidState":5,"_cameraCFrame":[751.862,241.396,43.359,-0.967,0.252,-0.044,0,0.174,0.985,0.256,0.952,-0.168],"_shiftlockState":true,"_pose":"FreeFall","_animationQueue":[["fall",0.3]],"_animationSpeed":1,"_zoom":12.5},{"_mousePosition":[683,384],"_rootPartCFrame":[753.783,226.919,45.081,-0.996,0,-0.092,0,1,0,0.092,0,-0.996],"_humanoidState":5,"_cameraCFrame":[751.503,240.729,43.476,-0.961,0.271,-0.048,0,0.174,0.985,0.275,0.947,-0.167],"_shiftlockState":true,"_pose":"FreeFall","_animationQueue":[],"_animationSpeed":1,"_zoom":12.5},{"_mousePosition":[683,384],"_rootPartCFrame":[753.59,226.478,45.13,-0.984,0,-0.178,0,1,0,0.178,0,-0.984],"_humanoidState":5,"_cameraCFrame":[751.25,240.288,43.613,-0.95,0.307,-0.054,0,0.174,0.985,0.312,0.936,-0.165],"_shiftlockState":true,"_pose":"FreeFall","_animationQueue":[],"_animationSpeed":1,"_zoom":12.5},{"_mousePosition":[683,384],"_rootPartCFrame":[753.269,225.675,45.221,-0.989,0,-0.15,0,1,0,0.15,0,-0.989],"_humanoidState":5,"_cameraCFrame":[750.87,239.485,43.8,-0.937,0.345,-0.061,0,0.174,0.985,0.35,0.923,-0.163],"_shiftlockState":true,"_pose":"FreeFall","_animationQueue":[],"_animationSpeed":1,"_zoom":12.5},{"_mousePosition":[683,384],"_rootPartCFrame":[753.079,225.152,45.282,-0.967,0,-0.255,0,1,0,0.255,0,-0.967],"_humanoidState":5,"_cameraCFrame":[750.624,238.962,43.96,-0.922,0.382,-0.067,0,0.174,0.985,0.388,0.908,-0.16],"_shiftlockState":true,"_pose":"FreeFall","_animationQueue":[],"_animationSpeed":1,"_zoom":12.5},{"_mousePosition":[683,384],"_rootPartCFrame":[752.828,224.407,45.374,-0.965,0,-0.262,0,1,0,0.262,0,-0.965],"_humanoidState":5,"_cameraCFrame":[750.322,238.217,44.152,-0.905,0.418,-0.074,0,0.174,0.985,0.425,0.892,-0.157],"_shiftlockState":true,"_pose":"FreeFall","_animationQueue":[],"_animationSpeed":1,"_zoom":12.5},{"_mousePosition":[683,384],"_rootPartCFrame":[752.52,223.399,45.502,-0.963,0,-0.269,0,1,0,0.269,0,-0.963],"_humanoidState":5,"_cameraCFrame":[749.95,237.209,44.421,-0.88,0.467,-0.082,0,0.174,0.985,0.474,0.867,-0.153],"_shiftlockState":true,"_pose":"FreeFall","_animationQueue":[["fall",0.3]],"_animationSpeed":1,"_zoom":12.5},{"_mousePosition":[683,384],"_rootPartCFrame":[752.278,222.532,45.613,-0.895,0,-0.447,0,1,0,0.447,0,-0.895],"_humanoidState":7,"_cameraCFrame":[749.684,236.342,44.591,-0.869,0.487,-0.086,0,0.174,0.985,0.494,0.856,-0.151],"_shiftlockState":true,"_pose":"FreeFall","_animationQueue":[["walk",0.1],["fall",0.3],["fall",0.3]],"_animationSpeed":1,"_zoom":12.5},{"_mousePosition":[683,384],"_rootPartCFrame":[752.043,222.38,45.738,-0.87,0,-0.494,0,1,0,0.494,0,-0.87],"_humanoidState":7,"_cameraCFrame":[749.449,236.189,44.716,-0.869,0.487,-0.086,0,0.174,0.985,0.494,0.856,-0.151],"_shiftlockState":true,"_pose":"FreeFall","_animationQueue":[],"_animationSpeed":1,"_zoom":12.5},{"_mousePosition":[683,384],"_rootPartCFrame":[751.81,222.491,45.869,-0.869,0,-0.494,0,1,0,0.494,0,-0.869],"_humanoidState":8,"_cameraCFrame":[749.214,236.301,44.853,-0.868,0.489,-0.086,0,0.174,0.985,0.496,0.855,-0.151],"_shiftlockState":true,"_pose":"Running","_animationQueue":[["walk",0.1],["fall",0.3],["walk",0.1]],"_animationSpeed":1.103,"_zoom":12.5},{"_mousePosition":[683,384],"_rootPartCFrame":[751.578,222.582,46.001,-0.868,0,-0.496,0,1,0,0.496,0,-0.868],"_humanoidState":8,"_cameraCFrame":[749.008,236.392,44.92,-0.88,0.467,-0.082,0,0.174,0.985,0.474,0.867,-0.153],"_shiftlockState":true,"_pose":"Running","_animationQueue":[],"_animationSpeed":1.103,"_zoom":12.5},{"_mousePosition":[683,384],"_rootPartCFrame":[751.347,222.635,46.133,-0.88,0,-0.474,0,1,0,0.474,0,-0.88],"_humanoidState":8,"_cameraCFrame":[748.844,236.445,44.904,-0.906,0.416,-0.073,0,0.174,0.985,0.422,0.893,-0.157],"_shiftlockState":true,"_pose":"Running","_animationQueue":[],"_animationSpeed":1.103,"_zoom":12.5},{"_mousePosition":[683,384],"_rootPartCFrame":[751.113,222.664,46.26,-0.906,0,-0.422,0,1,0,0.422,0,-0.906],"_humanoidState":8,"_cameraCFrame":[748.724,236.47,44.787,-0.941,0.333,-0.059,0,0.176,0.984,0.338,0.926,-0.165],"_shiftlockState":true,"_pose":"Running","_animationQueue":[["walk",0.1]],"_animationSpeed":1.103,"_zoom":12.5},{"_mousePosition":[683,384],"_rootPartCFrame":[750.872,222.68,46.375,-0.941,0,-0.338,0,1,0,0.338,0,-0.941],"_humanoidState":8,"_cameraCFrame":[748.657,236.486,44.651,-0.972,0.23,-0.041,0,0.176,0.984,0.234,0.957,-0.171],"_shiftlockState":true,"_pose":"Running","_animationQueue":[],"_animationSpeed":1.103,"_zoom":12.5},{"_mousePosition":[683,384],"_rootPartCFrame":[750.622,222.689,46.468,-0.973,0,-0.229,0,1,0,0.229,0,-0.973],"_humanoidState":8,"_cameraCFrame":[748.628,236.495,44.493,-0.993,0.115,-0.021,0,0.176,0.984,0.117,0.978,-0.174],"_shiftlockState":true,"_pose":"Running","_animationQueue":[],"_animationSpeed":1.103,"_zoom":12.5},{"_mousePosition":[683,384],"_rootPartCFrame":[750.429,222.693,46.519,-0.994,0,-0.112,0,1,0,0.112,0,-0.994],"_humanoidState":8,"_cameraCFrame":[748.683,236.499,44.322,-1,-0.002,0,0,0.176,0.984,-0.002,0.984,-0.176],"_shiftlockState":true,"_pose":"Running","_animationQueue":[],"_animationSpeed":1.103,"_zoom":12.5},{"_mousePosition":[683,384],"_rootPartCFrame":[750.165,222.696,46.555,-1,0,0.009,0,1,0,-0.009,0,-1],"_humanoidState":8,"_cameraCFrame":[748.683,236.506,44.193,-0.993,-0.116,0.02,0,0.174,0.985,-0.118,0.978,-0.172],"_shiftlockState":true,"_pose":"Running","_animationQueue":[],"_animationSpeed":1.103,"_zoom":12.5},{"_mousePosition":[683,384],"_rootPartCFrame":[749.899,222.698,46.559,-0.992,0,0.125,0,1,0,-0.125,0,-0.992],"_humanoidState":8,"_cameraCFrame":[748.689,236.508,44.048,-0.974,-0.224,0.04,0,0.174,0.985,-0.228,0.959,-0.169],"_shiftlockState":true,"_pose":"Running","_animationQueue":[],"_animationSpeed":1.103,"_zoom":12.5},{"_mousePosition":[683,384],"_rootPartCFrame":[749.634,222.699,46.533,-0.972,0,0.234,0,1,0,-0.234,0,-0.972],"_humanoidState":8,"_cameraCFrame":[748.677,236.509,43.914,-0.947,-0.318,0.056,0,0.174,0.985,-0.322,0.932,-0.164],"_shiftlockState":true,"_pose":"Running","_animationQueue":[],"_animationSpeed":1.103,"_zoom":12.5},{"_mousePosition":[683,384],"_rootPartCFrame":[749.373,222.699,46.476,-0.946,0,0.324,0,1,0,-0.324,0,-0.946],"_humanoidState":8,"_cameraCFrame":[748.748,236.509,43.759,-0.899,-0.43,0.076,0,0.174,0.985,-0.437,0.886,-0.156],"_shiftlockState":true,"_pose":"Running","_animationQueue":[["walk",0.1]],"_animationSpeed":1.103,"_zoom":12.5},{"_mousePosition":[683,384],"_rootPartCFrame":[749.057,222.699,46.373,-0.896,0,0.444,0,1,0,-0.444,0,-0.896],"_humanoidState":8,"_cameraCFrame":[748.604,236.509,43.622,-0.87,-0.486,0.086,0,0.174,0.985,-0.493,0.857,-0.151],"_shiftlockState":true,"_pose":"Running","_animationQueue":[],"_animationSpeed":1.103,"_zoom":12.5},{"_mousePosition":[683,384],"_rootPartCFrame":[748.875,222.699,46.29,-0.869,0,0.495,0,1,0,-0.495,0,-0.869],"_humanoidState":8,"_cameraCFrame":[748.548,236.509,43.521,-0.847,-0.524,0.092,0,0.174,0.985,-0.532,0.834,-0.147],"_shiftlockState":true,"_pose":"Running","_animationQueue":[],"_animationSpeed":1.103,"_zoom":12.5},{"_mousePosition":[683,384],"_rootPartCFrame":[748.642,222.7,46.161,-0.846,0,0.533,0,1,0,-0.533,0,-0.846],"_humanoidState":8,"_cameraCFrame":[748.399,236.509,43.383,-0.83,-0.549,0.097,0,0.174,0.985,-0.558,0.818,-0.144],"_shiftlockState":true,"_pose":"Running","_animationQueue":[],"_animationSpeed":1.103,"_zoom":12.5},{"_mousePosition":[683,384],"_rootPartCFrame":[748.415,222.7,46.02,-0.83,0,0.558,0,1,0,-0.558,0,-0.83],"_humanoidState":8,"_cameraCFrame":[748.222,236.51,43.239,-0.82,-0.564,0.099,0,0.174,0.985,-0.572,0.808,-0.142],"_shiftlockState":true,"_pose":"Running","_animationQueue":[],"_animationSpeed":1.103,"_zoom":12.5},{"_mousePosition":[683,384],"_rootPartCFrame":[748.138,222.7,45.836,-0.82,0,0.572,0,1,0,-0.572,0,-0.82],"_humanoidState":8,"_cameraCFrame":[747.944,236.51,43.054,-0.82,-0.564,0.099,0,0.174,0.985,-0.572,0.808,-0.142],"_shiftlockState":true,"_pose":"Running","_animationQueue":[],"_animationSpeed":1.103,"_zoom":12.5},{"_mousePosition":[683,384],"_rootPartCFrame":[747.919,222.7,45.683,-0.82,0,0.572,0,1,0,-0.572,0,-0.82],"_humanoidState":8,"_cameraCFrame":[747.725,236.51,42.902,-0.82,-0.564,0.099,0,0.174,0.985,-0.572,0.808,-0.142],"_shiftlockState":true,"_pose":"Running","_animationQueue":[],"_animationSpeed":1.103,"_zoom":12.5},{"_mousePosition":[683,384],"_rootPartCFrame":[747.7,222.7,45.531,-0.82,0,0.572,0,1,0,-0.572,0,-0.82],"_humanoidState":8,"_cameraCFrame":[747.514,236.51,42.749,-0.819,-0.566,0.1,0,0.174,0.985,-0.574,0.806,-0.142],"_shiftlockState":true,"_pose":"Running","_animationQueue":[["walk",0.1]],"_animationSpeed":1.103,"_zoom":12.5},{"_mousePosition":[683,384],"_rootPartCFrame":[747.426,222.7,45.34,-0.819,0,0.574,0,1,0,-0.574,0,-0.819],"_humanoidState":8,"_cameraCFrame":[747.184,236.51,42.562,-0.83,-0.549,0.097,0,0.174,0.985,-0.558,0.818,-0.144],"_shiftlockState":true,"_pose":"Running","_animationQueue":[],"_animationSpeed":1.103,"_zoom":12.5},{"_mousePosition":[683,384],"_rootPartCFrame":[747.262,222.679,45.226,-0.83,0,0.558,0,1,0,-0.558,0,-0.83],"_humanoidState":8,"_cameraCFrame":[746.901,236.489,42.461,-0.853,-0.513,0.091,0,0.174,0.985,-0.521,0.84,-0.148],"_shiftlockState":true,"_pose":"Running","_animationQueue":[],"_animationSpeed":1.103,"_zoom":12.5},{"_mousePosition":[683,384],"_rootPartCFrame":[747.044,222.604,45.073,-0.853,0,0.521,0,1,0,-0.521,0,-0.853],"_humanoidState":8,"_cameraCFrame":[746.494,236.414,42.339,-0.887,-0.455,0.08,0,0.174,0.985,-0.462,0.873,-0.154],"_shiftlockState":true,"_pose":"Running","_animationQueue":[],"_animationSpeed":1.103,"_zoom":12.5},{"_mousePosition":[683,384],"_rootPartCFrame":[746.825,222.475,44.92,-0.887,0,0.462,0,1,0,-0.462,0,-0.887],"_humanoidState":8,"_cameraCFrame":[746.029,236.285,42.248,-0.925,-0.374,0.066,0,0.174,0.985,-0.379,0.911,-0.161],"_shiftlockState":true,"_pose":"Running","_animationQueue":[],"_animationSpeed":1.103,"_zoom":12.5},{"_mousePosition":[683,384],"_rootPartCFrame":[746.606,222.291,44.768,-0.925,0,0.379,0,1,0,-0.379,0,-0.925],"_humanoidState":8,"_cameraCFrame":[745.415,236.101,42.247,-0.972,-0.231,0.041,0,0.174,0.985,-0.235,0.957,-0.169],"_shiftlockState":true,"_pose":"Running","_animationQueue":[],"_animationSpeed":1.103,"_zoom":12.5},{"_mousePosition":[683,384],"_rootPartCFrame":[746.333,221.984,44.577,-0.972,0,0.235,0,1,0,-0.235,0,-0.972],"_humanoidState":8,"_cameraCFrame":[744.923,235.794,42.171,-0.989,-0.146,0.026,0,0.174,0.985,-0.148,0.974,-0.172],"_shiftlockState":true,"_pose":"Running","_animationQueue":[["walk",0.1]],"_animationSpeed":1.103,"_zoom":12.5},{"_mousePosition":[683,384],"_rootPartCFrame":[746.114,222.857,44.424,-0.989,0,0.148,0,1,0,-0.148,0,-0.989],"_humanoidState":3,"_cameraCFrame":[744.567,236.667,42.105,-0.996,-0.089,0.016,0,0.174,0.985,-0.09,0.981,-0.173],"_shiftlockState":true,"_pose":"Jumping","_animationQueue":[["walk",0.1],["jump",0.1]],"_animationSpeed":1,"_zoom":12.5},{"_mousePosition":[683,384],"_rootPartCFrame":[745.944,223.479,44.324,-0.988,0,0.152,0,1,0,-0.152,0,-0.988],"_humanoidState":5,"_cameraCFrame":[744.322,237.289,42.056,-0.998,-0.057,0.01,0,0.174,0.985,-0.057,0.983,-0.173],"_shiftlockState":true,"_pose":"FreeFall","_animationQueue":[["jump",0.1]],"_animationSpeed":1,"_zoom":12.5},{"_mousePosition":[683,384],"_rootPartCFrame":[745.706,224.26,44.222,-0.983,0,0.182,0,1,0,-0.182,0,-0.983],"_humanoidState":5,"_cameraCFrame":[744.055,238.07,41.976,-0.999,-0.044,0.008,0,0.174,0.985,-0.045,0.984,-0.173],"_shiftlockState":true,"_pose":"FreeFall","_animationQueue":[],"_animationSpeed":1,"_zoom":12.5},{"_mousePosition":[683,384],"_rootPartCFrame":[745.456,224.987,44.158,-0.984,0,0.176,0,1,0,-0.176,0,-0.984],"_humanoidState":5,"_cameraCFrame":[743.788,238.797,41.924,-0.999,-0.037,0.006,0,0.174,0.985,-0.037,0.984,-0.174],"_shiftlockState":true,"_pose":"FreeFall","_animationQueue":[],"_animationSpeed":1,"_zoom":12.5},{"_mousePosition":[683,384],"_rootPartCFrame":[745.194,225.659,44.132,-0.986,0,0.17,0,1,0,-0.17,0,-0.986],"_humanoidState":5,"_cameraCFrame":[743.503,239.469,41.914,-1,-0.027,0.005,0,0.174,0.985,-0.027,0.984,-0.174],"_shiftlockState":true,"_