[{"_mousePosition":[1191,360],"_rootPartCFrame":[776.029,222.951,47.142,0,-0.001,1,0,1,0.001,-1,0,0],"_humanoidState":8,"_cameraCFrame":[789.845,234.222,47.718,0.042,-0.577,0.816,0,0.817,0.577,-0.999,-0.024,0.034],"_shiftlockState":false,"_pose":"Standing","_animationQueue":[],"_animationSpeed":1,"_zoom":16.933},{"_mousePosition":[1191,360],"_rootPartCFrame":[775.726,222.8,47.129,0.007,0,1,0,1,0,-1,0,0.007],"_humanoidState":8,"_cameraCFrame":[789.544,234.07,47.705,0.042,-0.577,0.816,0,0.817,0.577,-0.999,-0.024,0.034],"_shiftlockState":false,"_pose":"Standing","_animationQueue":[],"_animationSpeed":1,"_zoom":16.933},{"_mousePosition":[1191,360],"_rootPartCFrame":[775.593,222.72,47.124,0.009,0,1,0,1,0,-1,0,0.009],"_humanoidState":8,"_cameraCFrame":[789.411,233.99,47.7,0.042,-0.577,0.816,0,0.817,0.577,-0.999,-0.024,0.034],"_shiftlockState":false,"_pose":"Running","_animationQueue":[["walk",0.1]],"_animationSpeed":1.09,"_zoom":16.933},{"_mousePosition":[1191,360],"_rootPartCFrame":[775.327,222.611,47.113,0.014,0,1,0,1,0,-1,0,0.014],"_humanoidState":8,"_cameraCFrame":[789.144,233.881,47.688,0.042,-0.577,0.816,0,0.817,0.577,-0.999,-0.024,0.034],"_shiftlockState":false,"_pose":"Running","_animationQueue":[],"_animationSpeed":1.09,"_zoom":16.933},{"_mousePosition":[1191,360],"_rootPartCFrame":[774.927,222.651,47.096,0.019,0,1,0,1,0,-1,0,0.019],"_humanoidState":8,"_cameraCFrame":[788.745,233.921,47.672,0.042,-0.577,0.816,0,0.817,0.577,-0.999,-0.024,0.034],"_shiftlockState":false,"_pose":"Running","_animationQueue":[],"_animationSpeed":1.09,"_zoom":16.933},{"_mousePosition":[1191,360],"_rootPartCFrame":[774.66,222.672,47.085,0.022,0,1,0,1,0,-1,0,0.022],"_humanoidState":8,"_cameraCFrame":[788.478,233.943,47.661,0.042,-0.577,0.816,0,0.817,0.577,-0.999,-0.024,0.034],"_shiftlockState":false,"_pose":"Running","_animationQueue":[],"_animationSpeed":1.09,"_zoom":16.933},{"_mousePosition":[1191,360],"_rootPartCFrame":[774.394,222.685,47.074,0.025,0,1,0,1,0,-1,0,0.025],"_humanoidState":8,"_cameraCFrame":[788.212,233.956,47.65,0.042,-0.577,0.816,0,0.817,0.577,-0.999,-0.024,0.034],"_shiftlockState":false,"_pose":"Running","_animationQueue":[],"_animationSpeed":1.09,"_zoom":16.933},{"_mousePosition":[1191,360],"_rootPartCFrame":[774.127,222.692,47.063,0.027,0,1,0,1,0,-1,0,0.027],"_humanoidState":8,"_cameraCFrame":[787.945,233.962,47.639,0.042,-0.577,0.816,0,0.817,0.577,-0.999,-0.024,0.034],"_shiftlockState":false,"_pose":"Running","_animationQueue":[["walk",0.1]],"_animationSpeed":1.09,"_zoom":16.933},{"_mousePosition":[1191,360],"_rootPartCFrame":[773.861,222.695,47.052,0.029,0,1,0,1,0,-1,0,0.029],"_humanoidState":8,"_cameraCFrame":[787.679,233.966,47.627,0.042,-0.577,0.816,0,0.817,0.577,-0.999,-0.024,0.034],"_shiftlockState":false,"_pose":"Running","_animationQueue":[],"_animationSpeed":1.09,"_zoom":16.933},{"_mousePosition":[1191,360],"_rootPartCFrame":[773.728,222.697,47.046,0.03,0,1,0,1,0,-1,0,0.03],"_humanoidState":8,"_cameraCFrame":[787.545,233.967,47.622,0.042,-0.577,0.816,0,0.817,0.577,-0.999,-0.024,0.034],"_shiftlockState":false,"_pose":"Running","_animationQueue":[],"_animationSpeed":1.09,"_zoom":16.933},{"_mousePosition":[1168,351],"_rootPartCFrame":[773.328,222.698,47.029,0.032,0,0.999,0,1,0,-0.999,0,0.032],"_humanoidState":8,"_cameraCFrame":[787.146,233.969,47.605,0.042,-0.577,0.816,0,0.817,0.577,-0.999,-0.024,0.034],"_shiftlockState":false,"_pose":"Running","_animationQueue":[],"_animationSpeed":1.09,"_zoom":16.933},{"_mousePosition":[1155,347],"_rootPartCFrame":[773.061,222.699,47.018,0.034,0,0.999,0,1,0,-0.999,0,0.034],"_humanoidState":8,"_cameraCFrame":[786.879,233.97,47.594,0.042,-0.577,0.816,0,0.817,0.577,-0.999,-0.024,0.034],"_shiftlockState":false,"_pose":"Running","_animationQueue":[],"_animationSpeed":1.09,"_zoom":16.933},{"_mousePosition":[1085,342],"_rootPartCFrame":[772.928,222.699,47.013,0.034,0,0.999,0,1,0,-0.999,0,0.034],"_humanoidState":8,"_cameraCFrame":[786.746,233.97,47.589,0.042,-0.577,0.816,0,0.817,0.577,-0.999,-0.024,0.034],"_shiftlockState":false,"_pose":"Running","_animationQueue":[],"_animationSpeed":1.09,"_zoom":16.933},{"_mousePosition":[1056,347],"_rootPartCFrame":[772.529,222.699,46.996,0.036,0,0.999,0,1,0,-0.999,0,0.036],"_humanoidState":8,"_cameraCFrame":[786.346,233.97,47.572,0.042,-0.577,0.816,0,0.817,0.577,-0.999,-0.024,0.034],"_shiftlockState":false,"_pose":"Running","_animationQueue":[["walk",0.1]],"_animationSpeed":1.09,"_zoom":16.933},{"_mousePosition":[984,373],"_rootPartCFrame":[772.262,222.7,46.985,0.036,0,0.999,0,1,0,-0.999,0,0.036],"_humanoidState":8,"_cameraCFrame":[786.08,233.97,47.561,0.042,-0.577,0.816,0,0.817,0.577,-0.999,-0.024,0.034],"_shiftlockState":false,"_pose":"Running","_animationQueue":[],"_animationSpeed":1.09,"_zoom":16.933},{"_mousePosition":[963,386],"_rootPartCFrame":[771.996,222.7,46.974,0.037,0,0.999,0,1,0,-0.999,0,0.037],"_humanoidState":8,"_cameraCFrame":[785.813,233.97,47.55,0.042,-0.577,0.816,0,0.817,0.577,-0.999,-0.024,0.034],"_shiftlockState":false,"_pose":"Running","_animationQueue":[],"_animationSpeed":1.09,"_zoom":16.933},{"_mousePosition":[930,417],"_rootPartCFrame":[771.729,222.7,46.963,0.038,0,0.999,0,1,0,-0.999,0,0.038],"_humanoidState":8,"_cameraCFrame":[785.547,233.97,47.539,0.042,-0.577,0.816,0,0.817,0.577,-0.999,-0.024,0.034],"_shiftlockState":false,"_pose":"Running","_animationQueue":[],"_animationSpeed":1.09,"_zoom":16.933},{"_mousePosition":[921,429],"_rootPartCFrame":[771.596,222.7,46.957,0.038,0,0.999,0,1,0,-0.999,0,0.038],"_humanoidState":8,"_cameraCFrame":[785.414,233.97,47.533,0.042,-0.577,0.816,0,0.817,0.577,-0.999,-0.024,0.034],"_shiftlockState":false,"_pose":"Running","_animationQueue":[],"_animationSpeed":1.09,"_zoom":16.933},{"_mousePosition":[921,429],"_rootPartCFrame":[771.196,222.7,46.941,0.039,0,0.999,0,1,0,-0.999,0,0.039],"_humanoidState":8,"_cameraCFrame":[784.775,234.313,47.165,0.017,-0.597,0.802,0,0.802,0.597,-1,-0.01,0.013],"_shiftlockState":false,"_pose":"Running","_animationQueue":[],"_animationSpeed":1.09,"_zoom":16.933},{"_mousePosition":[921,429],"_rootPartCFrame":[770.93,222.7,46.93,0.039,0,0.999,0,1,0,-0.999,0,0.039],"_humanoidState":8,"_cameraCFrame":[784.279,234.617,46.968,0.003,-0.615,0.788,0,0.788,0.615,-1,-0.002,0.002],"_shiftlockState":false,"_pose":"Running","_animationQueue":[["walk",0.1]],"_animationSpeed":1.09,"_zoom":16.933},{"_mousePosition":[921,429],"_rootPartCFrame":[770.796,222.7,46.927,0.038,0,0.999,0,1,0,-0.999,0,0.038],"_humanoidState":8,"_cameraCFrame":[783.898,234.926,46.883,-0.003,-0.633,0.774,0,0.774,0.633,-1,0.002,-0.003],"_shiftlockState":false,"_pose":"Running","_animationQueue":[],"_animationSpeed":1.09,"_zoom":16.933},{"_mousePosition":[921,429],"_rootPartCFrame":[770.463,223.783,46.92,0.035,0,0.999,0,1,0,-0.999,0,0.035],"_humanoidState":3,"_cameraCFrame":[783.355,236.261,46.85,-0.005,-0.648,0.761,0,0.761,0.648,-1,0.004,-0.004],"_shiftlockState":false,"_pose":"Jumping","_animationQueue":[["walk",0.1],["jump",0.1]],"_animationSpeed":1,"_zoom":16.933},{"_mousePosition":[921,429],"_rootPartCFrame":[770.196,224.592,46.92,0.031,0,1,0,1,0,-1,0,0.031],"_humanoidState":5,"_cameraCFrame":[782.883,237.307,46.837,-0.007,-0.662,0.749,0,0.749,0.662,-1,0.004,-0.005],"_shiftlockState":false,"_pose":"FreeFall","_animationQueue":[["jump",0.1]],"_animationSpeed":1,"_zoom":16.933},{"_mousePosition":[921,429],"_rootPartCFrame":[769.93,225.346,46.922,0.026,0,1,0,1,0,-1,0,0.026],"_humanoidState":5,"_cameraCFrame":[782.396,238.304,46.814,-0.009,-0.677,0.736,0,0.736,0.677,-1,0.006,-0.006],"_shiftlockState":false,"_pose":"FreeFall","_animationQueue":[],"_animationSpeed":1,"_zoom":16.933},{"_mousePosition":[921,429],"_rootPartCFrame":[769.663,226.045,46.923,0.021,0,1,0,1,0,-1,0,0.021],"_humanoidState":5,"_cameraCFrame":[781.867,239.282,46.767,-0.013,-0.693,0.721,0,0.721,0.693,-1,0.009,-0.009],"_shiftlockState":false,"_pose":"FreeFall","_animationQueue":[],"_animationSpeed":1,"_zoom":16.933},{"_mousePosition":[921,429],"_rootPartCFrame":[769.397,226.69,46.925,0.017,0,1,0,1,0,-1,0,0.017],"_humanoidState":5,"_cameraCFrame":[781.273,240.257,46.686,-0.02,-0.713,0.701,0,0.702,0.713,-1,0.014,-0.014],"_shiftlockState":false,"_pose":"FreeFall","_animationQueue":[],"_animationSpeed":1,"_zoom":16.933},{"_mousePosition":[921,429],"_rootPartCFrame":[769.13,227.28,46.929,0.013,0,1,0,1,0,-1,0,0.013],"_humanoidState":5,"_cameraCFrame":[780.65,241.187,46.624,-0.026,-0.732,0.68,0,0.681,0.733,-1,0.019,-0.018],"_shiftlockState":false,"_pose":"FreeFall","_animationQueue":[],"_animationSpeed":1,"_zoom":16.933},{"_mousePosition":[921,429],"_rootPartCFrame":[768.863,227.816,46.934,0.009,0,1,0,1,0,-1,0,0.009],"_humanoidState":5,"_cameraCFrame":[779.996,242.07,46.57,-0.033,-0.753,0.657,0,0.658,0.753,-0.999,0.025,-0.022],"_shiftlockState":false,"_pose":"FreeFall","_animationQueue":[],"_animationSpeed":1,"_zoom":16.933},{"_mousePosition":[921,429],"_rootPartCFrame":[768.664,228.182,46.939,0.005,0,1,0,1,0,-1,0,0.005],"_humanoidState":5,"_cameraCFrame":[779.367,242.798,46.566,-0.035,-0.774,0.632,0,0.633,0.775,-0.999,0.027,-0.022],"_shiftlockState":false,"_pose":"FreeFall","_animationQueue":[],"_animationSpeed":1,"_zoom":16.933},{"_mousePosition":[921,429],"_rootPartCFrame":[768.397,228.623,46.947,0.001,0,1,0,1,0,-1,0,0.001],"_humanoidState":5,"_cameraCFrame":[778.707,243.552,46.653,-0.029,-0.793,0.609,0,0.609,0.793,-1,0.023,-0.017],"_shiftlockState":false,"_pose":"FreeFall","_animationQueue":[],"_animationSpeed":1,"_zoom":16.933},{"_mousePosition":[921,429],"_rootPartCFrame":[768.064,229.097,46.959,-0.005,0,1,0,1,0,-1,0,-0.005],"_humanoidState":5,"_cameraCFrame":[778.082,244.247,46.799,-0.016,-0.806,0.592,0,0.592,0.806,-1,0.013,-0.009],"_shiftlockState":false,"_pose":"FreeFall","_animationQueue":[],"_animationSpeed":1,"_zoom":16.933},{"_mousePosition":[921,429],"_rootPartCFrame":[767.864,229.34,46.965,-0.008,0,1,0,1,0,-1,0,-0.008],"_humanoidState":5,"_cameraCFrame":[777.628,244.674,46.973,0.001,-0.817,0.577,0,0.577,0.817,-1,-0.001,0],"_shiftlockState":false,"_pose":"FreeFall","_animationQueue":[],"_animationSpeed":1,"_zoom":16.933},{"_mousePosition":[921,429],"_rootPartCFrame":[767.53,229.678,46.971,-0.01,0,1,0,1,0,-1,0,-0.01],"_humanoidState":5,"_cameraCFrame":[777.149,245.114,47.019,0.005,-0.823,0.568,0,0.568,0.823,-1,-0.004,0.003],"_shiftlockState":false,"_pose":"FreeFall","_animationQueue":[],"_animationSpeed":1,"_zoom":16.933},{"_mousePosition":[921,429],"_rootPartCFrame":[767.264,229.887,46.971,-0.01,0,1,0,1,0,-1,0,-0.01],"_humanoidState":5,"_cameraCFrame":[776.781,245.392,47.019,0.005,-0.827,0.562,0,0.562,0.827,-1,-0.004,0.003],"_shiftlockState":false,"_pose":"FreeFall","_animationQueue":[],"_animationSpeed":1,"_zoom":16.933},{"_mousePosition":[921,429],"_rootPartCFrame":[767.064,230.008,46.97,-0.008,0,1,0,1,0,-1,0,-0.008],"_humanoidState":5,"_cameraCFrame":[776.468,245.589,46.958,-0.001,-0.832,0.555,0,0.555,0.832,-1,0.001,-0.001],"_shiftlockState":false,"_pose":"FreeFall","_animationQueue":[],"_animationSpeed":1,"_zoom":16.933},{"_mousePosition":[921,429],"_rootPartCFrame":[766.797,230.122,46.969,-0.007,0,1,0,1,0,-1,0,-0.007],"_humanoidState":5,"_cameraCFrame":[776.122,245.756,46.908,-0.007,-0.835,0.551,0,0.551,0.835,-1,0.005,-0.004],"_shiftlockState":false,"_pose":"FreeFall","_animationQueue":[],"_animationSpeed":1,"_zoom":16.933},{"_mousePosition":[921,429],"_rootPartCFrame":[766.531,230.181,46.969,-0.006,0,1,0,1,0,-1,0,-0.006],"_humanoidState":5,"_cameraCFrame":[775.741,245.882,45.159,-0.007,-0.839,0.545,0,0.545,0.839,-1,0.005,-0.004],"_shiftlockState":true,"_pose":"FreeFall","_animationQueue":[],"_animationSpeed":1,"_zoom":16.933},{"_mousePosition":[683,384],"_rootPartCFrame":[766.197,230.178,46.971,-0.006,0,1,0,1,0,-1,0,-0.006],"_humanoidState":5,"_cameraCFrame":[775.408,245.879,45.161,-0.007,-0.839,0.545,0,0.545,0.839,-1,0.005,-0.004],"_shiftlockState":true,"_pose":"FreeFall","_animationQueue":[],"_animationSpeed":1,"_zoom":16.933},{"_mousePosition":[683,384],"_rootPartCFrame":[765.997,230.135,46.972,-0.007,0,1,0,1,0,-1,0,-0.007],"_humanoidState":5,"_cameraCFrame":[775.118,245.896,45.172,-0.005,-0.842,0.539,0,0.539,0.842,-1,0.005,-0.003],"_shiftlockState":true,"_pose":"FreeFall","_animationQueue":[],"_animationSpeed":1,"_zoom":16.933},{"_mousePosition":[683,384],"_rootPartCFrame":[765.664,229.996,46.974,-0.006,0,1,0,1,0,-1,0,-0.006],"_humanoidState":5,"_cameraCFrame":[774.741,245.786,45.184,-0.004,-0.844,0.536,0,0.536,0.844,-1,0.004,-0.002],"_shiftlockState":true,"_pose":"FreeFall","_animationQueue":[["fall",0.3]],"_animationSpeed":1,"_zoom":16.933},{"_mousePosition":[683,384],"_rootPartCFrame":[765.464,229.872,46.976,-0.005,0,1,0,1,0,-1,0,-0.005],"_humanoidState":5,"_cameraCFrame":[774.523,245.676,45.214,-0.001,-0.845,0.535,0,0.535,0.845,-1,0.001,-0.001],"_shiftlockState":true,"_pose":"FreeFall","_animationQueue":[],"_animationSpeed":1,"_zoom":16.933},{"_mousePosition":[683,384],"_rootPartCFrame":[765.131,229.596,46.977,-0.002,0,1,0,1,0,-1,0,-0.002],"_humanoidState":5,"_cameraCFrame":[774.188,245.408,45.263,0.004,-0.845,0.534,0,0.534,0.845,-1,-0.003,0.002],"_shiftlockState":true,"_pose":"FreeFall","_animationQueue":[],"_animationSpeed":1,"_zoom":16.933},{"_mousePosition":[683,384],"_rootPartCFrame":[764.931,229.39,46.977,0.004,0,1,0,1,0,-1,0,0.004],"_humanoidState":5,"_cameraCFrame":[773.952,245.238,45.386,0.018,-0.847,0.531,0,0.531,0.847,-1,-0.015,0.009],"_shiftlockState":true,"_pose":"FreeFall","_animationQueue":[],"_animationSpeed":1,"_zoom":16.933},{"_mousePosition":[683,384],"_rootPartCFrame":[764.598,228.979,46.976,0.016,0,1,0,1,0,-1,0,0.016],"_humanoidState":5,"_cameraCFrame":[773.556,244.885,45.561,0.037,-0.85,0.525,0,0.526,0.851,-0.999,-0.032,0.02],"_shiftlockState":true,"_pose":"FreeFall","_animationQueue":[],"_animationSpeed":1,"_zoom":16.933},{"_mousePosition":[683,384],"_rootPartCFrame":[764.331,228.588,46.972,0.035,0,0.999,0,1,0,-0.999,0,0.035],"_humanoidState":5,"_cameraCFrame":[773.213,244.558,45.738,0.058,-0.853,0.518,0,0.519,0.855,-0.998,-0.05,0.03],"_shiftlockState":true,"_pose":"FreeFall","_animationQueue":[],"_animationSpeed":1,"_zoom":16.933},{"_mousePosition":[683,384],"_rootPartCFrame":[764.065,228.143,46.963,0.056,0,0.998,0,1,0,-0.998,0,0.056],"_humanoidState":5,"_cameraCFrame":[772.868,244.176,45.935,0.082,-0.855,0.511,0,0.513,0.858,-0.997,-0.071,0.042],"_shiftlockState":true,"_pose":"FreeFall","_animationQueue":[],"_animationSpeed":1,"_zoom":16.933},{"_mousePosition":[683,384],"_rootPartCFrame":[763.798,227.643,46.948,0.079,0,0.997,0,1,0,-0.997,0,0.079],"_humanoidState":5,"_cameraCFrame":[772.521,243.74,46.139,0.108,-0.857,0.504,0,0.507,0.862,-0.994,-0.093,0.055],"_shiftlockState":true,"_pose":"FreeFall","_animationQueue":[["fall",0.3]],"_animationSpeed":1,"_zoom":16.933},{"_mousePosition":[683,384],"_rootPartCFrame":[763.533,227.089,46.927,0.105,0,0.994,0,1,0,-0.994,0,0.105],"_humanoidState":5,"_cameraCFrame":[772.179,243.241,46.325,0.133,-0.858,0.497,0,0.501,0.865,-0.991,-0.115,0.067],"_shiftlockState":true,"_pose":"FreeFall","_animationQueue":[],"_animationSpeed":1,"_zoom":16.933},{"_mousePosition":[683,384],"_rootPartCFrame":[763.267,226.481,46.899,0.13,0,0.992,0,1,0,-0.992,0,0.13],"_humanoidState":5,"_cameraCFrame":[771.825,242.693,46.579,0.168,-0.857,0.488,0,0.495,0.869,-0.986,-0.146,0.083],"_shiftlockState":true,"_pose":"FreeFall","_animationQueue":[],"_animationSpeed":1,"_zoom":16.933},{"_mousePosition":[683,384],"_rootPartCFrame":[763.003,225.817,46.865,0.163,0,0.987,0,1,0,-0.987,0,0.163],"_humanoidState":5,"_cameraCFrame":[771.413,242.117,47.038,0.228,-0.851,0.473,0,0.486,0.874,-0.974,-0.199,0.111],"_shiftlockState":true,"_pose":"FreeFall","_animationQueue":[],"_animationSpeed":1,"_zoom":16.933},{"_mousePosition":[683,384],"_rootPartCFrame":[762.74,225.1,46.821,0.221,0,0.975,0,1,0,-0.975,0,0.221],"_humanoidState":5,"_cameraCFrame":[770.971,241.478,47.636,0.307,-0.836,0.454,0,0.477,0.879,-0.952,-0.27,0.146],"_shiftlockState":true,"_pose":"FreeFall","_animationQueue":[],"_animationSpeed":1,"_zoom":16.933},{"_mousePosition":[683,384],"_rootPartCFrame":[762.544,224.526,46.778,0.3,0,0.954,0,1,0,-0.954,0,0.3],"_humanoidState":5,"_cameraCFrame":[770.568,240.956,48.36,0.399,-0.809,0.433,0,0.472,0.882,-0.917,-0.352,0.188],"_shiftlockState":true,"_pose":"FreeFall","_animationQueue":[],"_animationSpeed":1,"_zoom":16.933},{"_mousePosition":[683,384],"_rootPartCFrame":[762.226,223.501,46.681,0.385,0,0.923,0,1,0,-0.923,0,0.385],"_humanoidState":5,"_cameraCFrame":[769.944,239.976,49.124,0.501,-0.766,0.404,0,0.467,0.884,-0.866,-0.443,0.234],"_shiftlockState":true,"_pose":"FreeFall","_animationQueue":[],"_animationSpeed":1,"_zoom":16.933},{"_mousePosition":[683,384],"_rootPartCFrame":[761.976,222.62,46.718,0.502,0,0.865,0,1,0,-0.865,0,0.502],"_humanoidState":7,"_cameraCFrame":[769.325,239.146,49.881,0.587,-0.719,0.373,0,0.461,0.887,-0.81,-0.521,0.271],"_shiftlockState":true,"_pose":"FreeFall","_animationQueue":[["fall",0.3],["walk",0.1],["fall",0.3],["fall",0.3]],"_animationSpeed":1,"_zoom":16.933},{"_mousePosition":[683,384],"_rootPartCFrame":[761.784,222.433,46.772,0.591,0,0.807,0,1,0,-0.807,0,0.591],"_humanoidState":7,"_cameraCFrame":[768.659,239.046,50.53,0.663,-0.668,0.337,0,0.451,0.893,-0.748,-0.592,0.299],"_shiftlockState":true,"_pose":"FreeFall","_animationQueue":[],"_animationSpeed":1,"_zoom":16.933},{"_mousePosition":[683,384],"_rootPartCFrame":[761.522,222.499,46.818,0.665,0,0.747,0,1,0,-0.747,0,0.665],"_humanoidState":7,"_cameraCFrame":[767.839,239.216,51.101,0.736,-0.608,0.297,0,0.439,0.899,-0.677,-0.661,0.323],"_shiftlockState":true,"_pose":"FreeFall","_animationQueue":[],"_animationSpeed":1,"_zoom":16.933},{"_mousePosition":[683,384],"_rootPartCFrame":[761.123,222.612,46.846,0.736,0,0.677,0,1,0,-0.677,0,0.736],"_humanoidState":8,"_cameraCFrame":[767.003,239.411,51.444,0.784,-0.561,0.266,0,0.429,0.904,-0.621,-0.708,0.336],"_shiftlockState":true,"_pose":"Running","_animationQueue":[["walk",0.1],["fall",0.3],["walk",0.1]],"_animationSpeed":1.103,"_zoom":16.933},{"_mousePosition":[683,384],"_rootPartCFrame":[760.856,222.652,46.839,0.784,0,0.621,0,1,0,-0.621,0,0.784],"_humanoidState":8,"_cameraCFrame":[766.401,239.51,51.655,0.817,-0.523,0.243,0,0.421,0.907,-0.577,-0.741,0.344],"_shiftlockState":true,"_pose":"Running","_animationQueue":[],"_animationSpeed":1.103,"_zoom":16.933},{"_mousePosition":[683,384],"_rootPartCFrame":[760.657,222.67,46.819,0.817,0,0.577,0,1,0,-0.577,0,0.817],"_humanoidState":8,"_cameraCFrame":[765.875,239.59,51.798,0.845,-0.487,0.221,0,0.413,0.911,-0.534,-0.77,0.349],"_shiftlockState":true,"_pose":"Running","_animationQueue":[],"_animationSpeed":1.103,"_zoom":16.933},{"_mousePosition":[683,384],"_rootPartCFrame":[760.328,222.686,46.764,0.845,0,0.534,0,1,0,-0.534,0,0.845],"_humanoidState":8,"_cameraCFrame":[765.163,239.706,51.819,0.873,-0.448,0.195,0,0.4,0.917,-0.488,-0.8,0.349],"_shiftlockState":true,"_pose":"Running","_animationQueue":[],"_animationSpeed":1.103,"_zoom":16.933},{"_mousePosition":[683,384],"_rootPartCFrame":[760.066,223.559,46.719,0.873,0,0.488,0,1,0,-0.488,0,0.873],"_humanoidState":3,"_cameraCFrame":[764.485,240.696,51.791,0.899,-0.405,0.168,0,0.384,0.923,-0.438,-0.83,0.345],"_shiftlockState":true,"_pose":"Jumping","_animationQueue":[["walk",0.1],["walk",0.1],["jump",0.1]],"_animationSpeed":1,"_zoom":16.933},{"_mousePosition":[683,384],"_rootPartCFrame":[759.807,224.381,46.654,0.862,0,0.507,0,1,0,-0.507,0,0.862],"_humanoidState":5,"_cameraCFrame":[763.826,241.641,51.679,0.921,-0.362,0.142,0,0.366,0.931,-0.389,-0.858,0.337],"_shiftlockState":true,"_pose":"FreeFall","_animationQueue":[["jump",0.1]],"_animationSpeed":1,"_zoom":16.933},{"_mousePosition":[683,384],"_rootPartCFrame":[759.554,225.148,46.57,0.874,0,0.486,0,1,0,-0.486,0,0.874],"_humanoidState":5,"_cameraCFrame":[763.273,242.492,51.563,0.938,-0.325,0.123,0,0.353,0.936,-0.348,-0.877,0.331],"_shiftlockState":true,"_pose":"FreeFall","_animationQueue":[],"_animationSpeed":1,"_zoom":16.933},{"_mousePosition":[683,384],"_rootPartCFrame":[759.307,225.861,46.471,0.893,0,0.449,0,1,0,-0.449,0,0.893],"_humanoidState":5,"_cameraCFrame":[762.816,243.276,51.39,0.947,-0.301,0.109,0,0.342,0.94,-0.32,-0.89,0.324],"_shiftlockState":true,"_pose":"FreeFall","_animationQueue":[],"_animationSpeed":1,"_zoom":16.933},{"_mousePosition":[683,384],"_rootPartCFrame":[759.063,226.52,46.362,0.907,0,0.421,0,1,0,-0.421,0,0.907],"_humanoidState":5,"_cameraCFrame":[762.306,244.039,51.122,0.958,-0.27,0.092,0,0.324,0.946,-0.285,-0.907,0.311],"_shiftlockState":true,"_pose":"FreeFall","_animationQueue":[],"_animationSpeed":1,"_zoom":16.933},{"_mousePosition":[683,384],"_rootPartCFrame":[758.824,227.124,46.245,0.922,0,0.388,0,1,0,-0.388,0,0.922],"_humanoidState":5,"_cameraCFrame":[761.843,244.738,50.828,0.967,-0.243,0.078,0,0.307,0.952,-0.255,-0.92,0.297],"_shiftlockState":true,"_pose":"FreeFall","_animationQueue":[],"_animationSpeed":1,"_zoom":16.933},{"_mousePosition":[683,384],"_rootPartCFrame":[758.647,227.541,46.151,0.973,0,0.23,0,1,0,-0.23,0,0.973],"_humanoidState":5,"_cameraCFrame":[761.513,245.234,50.551,0.972,-0.225,0.069,0,0.292,0.956,-0.235,-0.929,0.284],"_shiftlockState":true,"_pose":"FreeFall","_animationQueue":[],"_animationSpeed":1,"_zoom":16.933},{"_mousePosition":[683,384],"_rootPartCFrame":[758.529,227.802,46.095,0.956,0,0.294,0,1,0,-0.294,0,0.956],"_humanoidState":5,"_cameraCFrame":[761.399,245.495,50.492,0.972,-0.226,0.069,0,0.292,0.956,-0.236,-0.929,0.284],"_shiftlockState":true,"_pose":"FreeFall","_animationQueue":[],"_animationSpeed":1,"_zoom":16.933},{"_mousePosition":[683,384],"_rootPartCFrame":[758.355,228.168,46.001,0.948,0,0.317,0,1,0,-0.317,0,0.948],"_humanoidState":5,"_cameraCFrame":[761.226,245.861,50.398,0.972,-0.226,0.069,0,0.292,0.956,-0.236,-0.929,0.284],"_shiftlockState":true,"_pose":"FreeFall","_animationQueue":[],"_animationSpeed":1,"_zoom":16.933},{"_mousePosition":[683,384],"_rootPartCFrame":[758.184,228.504,45.898,0.95,0,0.313,0,1,0,-0.313,0,0.95],"_humanoidState":5,"_cameraCFrame":[761.055,246.197,50.295,0.972,-0.226,0.069,0,0.292,0.956,-0.236,-0.929,0.284],"_shiftlockState":true,"_pose":"FreeFall","_animationQueue":[],"_animationSpeed":1,"_zoom":16.933},{"_mousePosition":[683,384],"_rootPartCFrame":[757.956,228.903,45.759,0.942,0,0.337,0,1,0,-0.337,0,0.942],"_humanoidState":5,"_cameraCFrame":[760.827,246.596,50.156,0.972,-0.226,0.069,0,0.292,0.956,-0.236,-0.929,0.284],"_shiftlockState":true,"_pose":"FreeFall","_animationQueue":[],"_animationSpeed":1,"_zoom":16.933},{"_mousePosition":[683,384],"_rootPartCFrame":[757.728,229.249,45.621,0.942,0,0.337,0,1,0,-0.337,0,0.942],"_humanoidState":5,"_cameraCFrame":[760.599,246.942,50.017,0.972,-0.226,0.069,0,0.292,0.956,-0.236,-0.929,0.284],"_shiftlockState":true,"_pose":"FreeFall","_animationQueue":[],"_animationSpeed":1,"_zoom":16.933},{"_mousePosition":[683,384],"_rootPartCFrame":[757.443,229.603,45.447,0.933,0,0.361,0,1,0,-0.361,0,0.933],"_humanoidState":5,"_cameraCFrame":[760.314,247.296,49.844,0.972,-0.226,0.069,0,0.292,0.956,-0.236,-0.929,0.284],"_shiftlockState":true,"_pose":"FreeFall","_animationQueue":[["fall",0.3]],"_animationSpeed":1,"_zoom":16.933},{"_mousePosition":[683,384],"_rootPartCFrame":[757.273,229.775,45.343,0.95,0,0.312,0,1,0,-0.312,0,0.95],"_humanoidState":5,"_cameraCFrame":[760.143,247.468,49.74,0.972,-0.226,0.069,0,0.292,0.956,-0.236,-0.929,0.284],"_shiftlockState":true,"_pose":"FreeFall","_animationQueue":[],"_animationSpeed":1,"_zoom":16.933},{"_mousePosition":[683,384],"_rootPartCFrame":[757.045,229.957,45.205,0.942,0,0.337,0,1,0,-0.337,0,0.942],"_humanoidState":5,"_cameraCFrame":[759.916,247.65,49.601,0.972,-0.226,0.069,0,0.292,0.956,-0.236,-0.929,0.284],"_shiftlockState":true,"_pose":"FreeFall","_animationQueue":[],"_animationSpeed":1,"_zoom":16.933},{"_mousePosition":[683,384],"_rootPartCFrame":[756.817,230.084,45.066,0.942,0,0.337,0,1,0,-0.337,0,0.942],"_humanoidState":5,"_cameraCFrame":[759.688,247.777,49.463,0.972,-0.226,0.069,0,0.292,0.956,-0.236,-0.929,0.284],"_shiftlockState":true,"_pose":"FreeFall","_animationQueue":[],"_animationSpeed":1,"_zoom":16.933},{"_mousePosition":[683,384],"_rootPartCFrame":[756.532,230.166,44.893,0.933,0,0.361,0,1,0,-0.361,0,0.933],"_humanoidState":5,"_cameraCFrame":[759.403,247.859,49.29,0.972,-0.226,0.069,0,0.292,0.956,-0.236,-0.929,0.284],"_shiftlockState":true,"_pose":"FreeFall","_animationQueue":[],"_animationSpeed":1,"_zoom":16.933},{"_mousePosition":[683,384],"_rootPartCFrame":[756.305,230.171,44.754,0.942,0,0.337,0,1,0,-0.337,0,0.942],"_humanoidState":5,"_cameraCFrame":[759.149,247.856,49.197,0.973,-0.219,0.067,0,0.294,0.956,-0.229,-0.93,0.286],"_shiftlockState":true,"_pose":"FreeFall","_animationQueue":[],"_animationSpeed":1,"_zoom":16.933},{"_mousePosition":[683,384],"_rootPartCFrame":[756.077,230.121,44.615,0.944,0,0.33,0,1,0,-0.33,0,0.944],"_humanoidState":5,"_cameraCFrame":[758.87,247.786,49.163,0.977,-0.205,0.064,0,0.298,0.955,-0.215,-0.932,0.291],"_shiftlockState":true,"_pose":"FreeFall","_animationQueue":[["fall",0.3]],"_animationSpeed":1,"_zoom":16.933},{"_mousePosition":[683,384],"_rootPartCFrame":[755.85,230.016,44.475,0.948,0,0.317,0,1,0,-0.317,0,0.948],"_humanoidState":5,"_cameraCFrame":[758.567,247.648,49.183,0.981,-0.185,0.059,0,0.304,0.953,-0.194,-0.935,0.298],"_shiftlockState":true,"_pose":"FreeFall","_animationQueue":[],"_animationSpeed":1,"_zoom":16.933},{"_mousePosition":[683,384],"_rootPartCFrame":[755.625,229.857,44.332,0.954,0,0.298,0,1,0,-0.298,0,0.954],"_humanoidState":5,"_cameraCFrame":[758.244,247.439,49.263,0.986,-0.16,0.053,0,0.313,0.95,-0.169,-0.936,0.309],"_shiftlockState":true,"_pose":"FreeFall","_animationQueue":[],"_animationSpeed":1,"_zoom":16.933},{"_mousePosition":[683,384],"_rootPartCFrame":[755.403,229.644,44.185,0.962,0,0.274,0,1,0,-0.274,0,0.962],"_humanoidState":5,"_cameraCFrame":[757.911,246.946,49.195,0.989,-0.138,0.047,0,0.319,0.948,-0.146,-0.938,0.316],"_shiftlockState":true,"_pose":"FreeFall","_animationQueue":[],"_animationSpeed":1,"_zoom":13.146},{"_mousePosition":[683,384],"_rootPartCFrame":[755.13,229.3,43.993,0.961,0,0.278,0,1,0,-0.278,0,0.961],"_humanoidState":5,"_cameraCFrame":[757.485,245.596,48.806,0.993,-0.116,0.04,0,0.324,0.946,-0.122,-0.939,0.321],"_shiftlockState":true,"_pose":"FreeFall","_animationQueue":[],"_animationSpeed":1,"_zoom":8.098},{"_mousePosition":[683,384],"_rootPartCFrame":[754.969,229.053,43.874,0.979,0,0.202,0,1,0,-0.202,0,0.979],"_humanoidState":5,"_cameraCFrame":[757.18,243.271,48.133,0.994,-0.1,0.035,0,0.331,0.943,-0.105,-0.938,0.33],"_shiftlockState":true,"_pose":"FreeFall","_animationQueue":[],"_animationSpeed":1,"_zoom":4.732},{"_mousePosition":[683,384],"_rootPartCFrame":[754.706,228.574,43.67,0.971,0,0.237,0,1,0,-0.237,0,0.971],"_humanoidState":5,"_cameraCFrame":[756.876,242.121,47.841,0.995,-0.092,0.033,0,0.341,0.94,-0.098,-0.936,0.339],"_shiftlockState":true,"_pose":"FreeFall","_animationQueue":[["fall",0.3]],"_animationSpeed":1,"_zoom":4.732},{"_mousePosition":[683,384],"_rootPartCFrame":[754.55,228.245,43.545,0.984,0,0.177,0,1,0,-0.177,0,0.984],"_humanoidState":5,"_cameraCFrame":[756.662,240.383,47.386,0.996,-0.086,0.032,0,0.353,0.935,-0.092,-0.932,0.352],"_shiftlockState":true,"_pose":"FreeFall","_animationQueue":[],"_animationSpeed":1,"_zoom":3.385},{"_mousePosition":[683,384],"_rootPartCFrame":[754.343,227.759,43.376,0.981,0,0.196,0,1,0,-0.196,0,0.981],"_humanoidState":5,"_cameraCFrame":[756.392,238.114,46.737,0.996,-0.081,0.032,0,0.37,0.929,-0.087,-0.926,0.369],"_shiftlockState":true,"_pose":"FreeFall","_animationQueue":[],"_animationSpeed":1,"_zoom":3.385},{"_mousePosition":[683,384],"_rootPartCFrame":[754.138,227.219,43.206,0.997,0,0.079,0,1,0,-0.079,0,0.997],"_humanoidState":5,"_cameraCFrame":[755.987,231.844,44.362,0.997,-0.074,0.031,0,0.384,0.923,-0.081,-0.92,0.383],"_shiftlockState":true,"_pose":"FreeFall","_animationQueue":[],"_animationSpeed":1,"_zoom":3.385},{"_mousePosition":[683,384],"_rootPartCFrame":[753.955,226.624,43.024,0.994,0,0.113,0,1,0,-0.113,0,0.994],"_humanoidState":5,"_cameraCFrame":[755.804,231.249,44.18,0.997,-0.074,0.031,0,0.384,0.923,-0.081,-0.92,0.383],"_shiftlockState":true,"_pose":"FreeFall","_animationQueue":[],"_animationSpeed":1,"_zoom":3.385},{"_mousePosition":[683,384],"_rootPartCFrame":[753.807,225.975,42.824,0.996,0,0.084,0,1,0,-0.084,0,0.996],"_humanoidState":5,"_cameraCFrame":[755.656,230.6,43.979,0.997,-0.074,0.031,0,0.384,0.923,-0.081,-0.92,0.383],"_shiftlockState":true,"_pose":"FreeFall","_animationQueue":[],"_animationSpeed":1,"_zoom":3.385},{"_mousePosition":[683,384],"_rootPartCFrame":[753.695,225.271,42.605,0.997,0,0.08,0,1,0,-0.08,0,0.997],"_humanoidState":5,"_cameraCFrame":[755.544,229.894,43.76,0.997,-0.074,0.031,0,0.384,0.923,-0.081,-0.92,0.383],"_shiftlockState":true,"_pose":"FreeFall","_animationQueue":[],"_animationSpeed":1,"_zoom":3.385},{"_mousePosition":[683,384],"_rootPartCFrame":[753.538,224.314,42.34,0.984,0,0.177,0,1,0,-0.177,0,0.984],"_humanoidState":5,"_cameraCFrame":[755.387,228.938,43.495,0.997,-0.074,0.031,0,0.384,0.923,-0.081,-0.92,0.383],"_shiftlockState":true,"_pose":"FreeFall","_animationQueue":[["fall",0.3]],"_animationSpeed":1,"_zoom":3.385},{"_mousePosition":[683,384],"_rootPartCFrame":[753.417,223.7,42.195,0.988,0,0.157,0,1,0,-0.157,0,0.988],"_humanoidState":5,"_cameraCFrame":[755.266,228.324,43.35,0.997,-0.074,0.031,0,0.384,0.923,-0.081,-0.92,0.383],"_shiftlockState":true,"_pose":"FreeFall","_animationQueue":[],"_animationSpeed":1,"_zoom":3.385},{"_mousePosition":[683,384],"_rootPartCFrame":[753.168,222.607,41.976,0.993,0,0.114,0,1,0,-0.114,0,0.993],"_humanoidState":7,"_cameraCFrame":[755.017,227.231,43.132,0.997,-0.074,0.031,0,0.384,0.923,-0.081,-0.92,0.383],"_shiftlockState":true,"_pose":"FreeFall","_animationQueue":[["walk",0.1],["fall",0.3],["fall",0.3]],"_animationSpeed":1,"_zoom":3.385},{"_mousePosition":[683,384],"_rootPartCFrame":[752.964,222.429,41.804,0.997,0,0.083,0,1,0,-0.083,0,0.997],"_humanoidState":7,"_cameraCFrame":[754.814,227.053,42.959,0.997,-0.074,0.031,0,0.384,0.923,-0.081,-0.92,0.383],"_shiftlockState":true,"_pose":"FreeFall","_animationQueue":[],"_animationSpeed":1,"_zoom":3.385},{"_mousePosition":[683,384],"_rootPartCFrame":[752.881,222.633,41.732,0.997,0,0.081,0,1,0,-0.081,0,0.997],"_humanoidState":8,"_cameraCFrame":[754.73,227.258,42.888,0.997,-0.074,0.031,0,0.384,0.923,-0.081,-0.92,0.383],"_shiftlockState":true,"_pose":"Running","_animationQueue":[["walk",0.1],["fall",0.3],["walk",0.1]],"_animationSpeed":1.103,"_zoom":3.385},{"_mousePosition":[683,384],"_rootPartCFrame":[752.863,222.837,41.718,0.997,0,0.079,0,1,0,-0.079,0,0.997],"_humanoidState":12,"_cameraCFrame":[754.712,227.462,42.873,0.997,-0.074,0.031,0,0.384,0.923,-0.081,-0.92,0.383],"_shiftlockState":true,"_pose":"Climbing","_animationQueue":[["walk",0.1],["walk",0.1],["climb",0.1]],"_animationSpeed":1.522,"_zoom":3.385},{"_mousePosition":[683,384],"_rootPartCFrame":[752.862,223.024,41.718,0.997,0,0.08,0,1,0,-0.08,0,0.997],"_humanoidState":12,"_cameraCFrame":[754.712,227.649,42.873,0.997,-0.074,0.031,0,0.384,0.923,-0.081,-0.92,0.383],"_shiftlockState":true,"_pose":"Climbing","_animationQueue":[["climb",0.1]],"_animationSpeed":0.943,"_zoom":3.385},{"_mousePosition":[683,384],"_rootPartCFrame":[752.862,223.211,41.718,0.997,0,0.081,0,1,0,-0.081,0,0.997],"_humanoidState":12,"_cameraCFrame":[754.712,227.835,42.873,0.997,-0.074,0.031,0,0.384,0.923,-0.081,-0.92,0.383],"_shiftlockState":true,"_pose":"Climbing","_animationQueue":[],"_animationSpeed":0.943,"_zoom":3.385},{"_mousePosition":[683,384],"_rootPartCFrame":[752.862,223.397,41.718,0.997,0,0.081,0,1,0,-0.081,0,0.997],"_humanoidState":12,"_cameraCFrame":[754.712,228.022,42.873,0.997,-0.074,0.031,0,0.384,0.923,-0.081,-0.92,0.383],"_shiftlockState":true,"_pose":"Climbing","_animationQueue":[],"_animationSpeed":0.943,"_zoom":3.385},{"_mousePosition":[683,384],"_rootPartCFrame":[752.862,223.584,41.718,0.997,0,0.081,0,1,0,-0.081,0,0.997],"_humanoidState":12,"_cameraCFrame":[754.712,228.209,42.873,0.997,-0.074,0.031,0,0.384,0.923,-0.081,-0.92,0.383],"_shiftlockState":true,"_pose":"Climbing","_animationQueue":[],"_animationSpeed":0.943,"_zoom":3.385},{"_mousePosition":[683,384],"_rootPartCFrame":[752.862,223.77,41.718,0.997,0,0.081,0,1,0,-0.081,0,0.997],"_humanoidState":12,"_cameraCFrame":[754.712,228.395,42.873,0.997,-0.074,0.031,0,0.384,0.923,-0.081,-0.92,0.383],"_shiftlockState":true,"_pose":"Climbing","_animationQueue":[],"_animationSpeed":0.943,"_zoom":3.385},{"_mousePosition":[683,384],"_rootPartCFrame":[752.862,223.957,41.718,0.997,0,0.081,0,1,0,-0.081,0,0.997],"_humanoidState":12,"_cameraCFrame":[754.712,228.582,42.873,0.997,-0.074,0.031,0,0.384,0.923,-0.081,-0.92,0.383],"_shiftlockState":true,"_pose":"Climbing","_animationQueue":[],"_animationSpeed":0.943,"_zoom":3.385},{"_mousePosition":[683,384],"_rootPartCFrame":[752.862,224.144,41.718,0.997,0,0.081,0,1,0,-0.081,0,0.997],"_humanoidState":12,"_cameraCFrame":[754.712,228.769,42.873,0.997,-0.074,0.031,0,0.384,0.923,-0.081,-0.92,0.383],"_shiftlockState":true,"_pose":"Climbing","_animationQueue":[],"_animationSpeed":0.943,"_zoom":3.385},{"_mousePosition":[683,384],"_rootPartCFrame":[752.862,224.33,41.718,0.997,0,0.081,0,1,0,-0.081,0,0.997],"_humanoidState":12,"_cameraCFrame":[754.712,228.955,42.873,0.997,-0.074,0.031,0,0.384,0.923,-0.081,-0.92,0.383],"_shiftlockState":true,"_pose":"Climbing","_animationQueue":[],"_animationSpeed":0.943,"_zoom":3.385},{"_mousePosition":[683,384],"_rootPartCFrame":[752.853,224.461,41.664,1,0.005,0.025,-0.005,1,0,-0.025,0,1],"_humanoidState":8,"_cameraCFrame":[754.71,229.086,42.819,0.997,-0.074,0.031,0,0.384,0.923,-0.081,-0.92,0.383],"_shiftlockState":true,"_pose":"Standing","_animationQueue":[["climb",0.1],["idle",0.1],["idle",0.1]],"_animationSpeed":1,"_zoom":3.385},{"_mousePosition":[683,384],"_rootPartCFrame":[752.821,224.409,41.621,1,0.005,0.019,-0.005,1,0,-0.019,0,1],"_humanoidState":8,"_cameraCFrame":[754.677,229.034,42.776,0.997,-0.074,0.031,0,0.384,0.923,-0.081,-0.92,0.383],"_shiftlockState":true,"_pose":"Running","_animationQueue":[["walk",0.1]],"_animationSpeed":0.331,"_zoom":3.385},{"_mousePosition":[683,384],"_rootPartCFrame":[752.783,224.276,41.638,1,-0.003,0.031,0.003,1,0,-0.031,0,1],"_humanoidState":8,"_cameraCFrame":[754.551,228.885,42.946,1,-0.016,0.007,0,0.395,0.918,-0.017,-0.918,0.395],"_shiftlockState":true,"_pose":"Running","_animationQueue":[["walk",0.1]],"_animationSpeed":0.266,"_zoom":3.385},{"_mousePosition":[683,384],"_rootPartCFrame":[752.763,224.201,41.628,1,-0.001,0.008,0.001,1,0,-0.008,0,1],"_humanoidState":8,"_cameraCFrame":[754.041,228.756,43.512,0.961,0.249,-0.119,0,0.431,0.902,0.276,-0.867,0.414],"_shiftlockState":true,"_pose":"Running","_animationQueue":[["walk",0.1]],"_animationSpeed":0.327,"_zoom":3.385},{"_mousePosition":[683,384],"_rootPartCFrame":[752.73,225.571,41.889,0.967,0.005,-0.256,-0.005,1,0.001,0.256,0,0.967],"_humanoidState":3,"_cameraCFrame":[753.222,230.086,44.168,0.802,0.532,-0.271,0,0.455,0.891,0.597,-0.715,0.365],"_shiftlockState":true,"_pose":"Jumping","_animationQueue":[["walk",0.1],["jump",0.1]],"_animationSpeed":1,"_zoom":3.385},{"_mousePosition":[683,384],"_rootPartCFrame":[752.703,226.666,42.139,0.811,0.01,-0.585,-0.009,1,0.004,0.585,0.002,0.811],"_humanoidState":3,"_cameraCFrame":[752.104,231.173,44.4,0.445,0.796,-0.411,0,0.459,0.888,0.896,-0.395,0.204],"_shiftlockState":true,"_pose":"Jumping","_animationQueue":[],"_animationSpeed":1,"_zoom":3.385},{"_mousePosition":[683,384],"_rootPartCFrame":[752.691,227.465,42.263,0.473,0.006,-0.881,-0.006,1,0.004,0.881,0.004,0.473],"_humanoidState":5,"_cameraCFrame":[751.235,232.029,43.996,-0.016,0.905,-0.425,0,0.425,0.905,1,0.014,-0.007],"_shiftlockState":true,"_pose":"FreeFall","_animationQueue":[["jump",0.1]],"_animationSpeed":1,"_zoom":3.385},{"_mousePosition":[683,384],"_rootPartCFrame":[752.704,228.481,42.25,0.044,0.001,-0.999,-0.003,1,0.001,0.999,0.003,0.044],"_humanoidState":5,"_cameraCFrame":[750.991,233.192,43.383,-0.426,0.858,-0.286,0,0.316,0.949,0.905,0.404,-0.135],"_shiftlockState":true,"_pose":"FreeFall","_animationQueue":[],"_animationSpeed":1,"_zoom":3.385},{"_mousePosition":[683,384],"_rootPartCFrame":[752.776,229.667,42.267,-0.359,0,-0.933,-0.003,1,0.001,0.933,0.003,-0.359],"_humanoidState":5,"_cameraCFrame":[750.982,234.467,42.918,-0.73,0.667,-0.153,0,0.223,0.975,0.684,0.711,-0.163],"_shiftlockState":true,"_pose":"FreeFall","_animationQueue":[],"_animationSpeed":1,"_zoom":3.385},{"_mousePosition":[683,384],"_rootPartCFrame":[752.847,230.338,42.262,-0.674,-0.001,-0.739,-0.002,1,0,0.739,0.001,-0.674],"_humanoidState":5,"_cameraCFrame":[750.954,235.14,42.47,-0.872,0.477,-0.108,0,0.22,0.975,0.489,0.851,-0.192],"_shiftlockState":true,"_pose":"FreeFall","_animationQueue":[],"_animationSpeed":1,"_zoom":3.385},{"_mousePosition":[683,384],"_rootPartCFrame":[752.975,231.185,42.253,-0.802,0,-0.597,0,1,0,0.597,0,-0.802],"_humanoidState":5,"_cameraCFrame":[751.022,235.942,41.935,-0.948,0.306,-0.087,0,0.272,0.962,0.318,0.912,-0.258],"_shiftlockState":true,"_pose":"FreeFall","_animationQueue":[],"_animationSpeed":1,"_zoom":3.385},{"_mousePosition":[683,384],"_rootPartCFrame":[753.184,232.166,42.265,-0.884,0,-0.467,0,1,0,0.467,0,-0.884],"_humanoidState":5,"_cameraCFrame":[751.265,236.856,41.45,-0.985,0.162,-0.058,0,0.335,0.942,0.172,0.928,-0.33],"_shiftlockState":true,"_pose":"FreeFall","_animationQueue":[],"_animationSpeed":1,"_zoom":3.385},{"_mousePosition":[683,384],"_rootPartCFrame":[753.38,232.89,42.309,-0.956,0,-0.295,0,1,0,0.295,0,-0.956],"_humanoidState":5,"_cameraCFrame":[751.53,237.53,41.194,-0.996,0.078,-0.031,0,0.374,0.927,0.084,0.924,-0.373],"_shiftlockState":true,"_pose":"FreeFall","_animationQueue":[],"_animationSpeed":1,"_zoom":3.385},{"_mousePosition":[683,384],"_rootPartCFrame":[753.587,233.56,42.389,-0.979,0,-0.202,0,1,0,0.202,0,-0.979],"_humanoidState":5,"_cameraCFrame":[751.8,238.153,41.061,-1,0.025,-0.011,0,0.407,0.914,0.027,0.913,-0.406],"_shiftlockState":true,"_pose":"FreeFall","_animationQueue":[],"_animationSpeed":1,"_zoom":3.385},{"_mousePosition":[683,384],"_rootPartCFrame":[753.742,234.026,42.476,-0.994,0,-0.113,0,1,0,0.113,0,-0.994],"_humanoidState":5,"_cameraCFrame":[752,238.571,40.987,-1,-0.005,0.002,0,0.437,0.899,-0.005,0.899,-0.437],"_shiftlockState":true,"_pose":"FreeFall","_animationQueue":[],"_animationSpeed":1,"_zoom":3.385},{"_mousePosition":[683,384],"_rootPartCFrame":[753.944,234.601,42.625,-0.994,0,-0.105,0,1,0,0.105,0,-0.994],"_humanoidState":5,"_cameraCFrame":[752.227,239.092,41.004,-1,-0.018,0.01,0,0.468,0.884,-0.021,0.883,-0.468],"_shiftlockState":true,"_pose":"FreeFall","_animationQueue":[],"_animationSpeed":1,"_zoom":3.385},{"_mousePosition":[683,384],"_rootPartCFrame":[754.134,235.12,42.807,-0.996,0,-0.087,0,1,0,0.087,0,-0.996],"_humanoidState":5,"_cameraCFrame":[752.431,239.553,41.071,-1,-0.023,0.014,0,0.499,0.866,-0.027,0.866,-0.499],"_shiftlockState":true,"_pose":"FreeFall","_animationQueue":[],"_animationSpeed":1,"_zoom":3.385},{"_mousePosition":[683,384],"_rootPartCFrame":[754.366,235.693,43.047,-0.994,0,-0.105,0,1,0,0.105,0,-0.994],"_humanoidState":5,"_cameraCFrame":[752.676,240.069,41.204,-0.999,-0.028,0.018,0,0.528,0.85,-0.033,0.849,-0.527],"_shiftlockState":true,"_pose":"FreeFall","_animationQueue":[],"_animationSpeed":1,"_zoom":3.385},{"_mousePosition":[683,384],"_rootPartCFrame":[754.503,235.996,43.192,-0.999,0,-0.046,0,1,0,0.046,0,-0.999],"_humanoidState":5,"_cameraCFrame":[752.835,240.314,41.244,-0.999,-0.036,0.024,0,0.554,0.832,-0.043,0.832,-0.554],"_shiftlockState":true,"_pose":"FreeFall","_animationQueue":[],"_animationSpeed":1,"_zoom":3.385},{"_mousePosition":[683,384],"_rootPartCFrame":[754.686,236.352,43.387,-0.998,0,-0.063,0,1,0,0.063,0,-0.998],"_humanoidState":5,"_cameraCFrame":[753.04,240.611,41.337,-0.999,-0.043,0.03,0,0.579,0.815,-0.052,0.814,-0.578],"_shiftlockState":true,"_pose":"FreeFall","_animationQueue":[],"_animationSpeed":1,"_zoom":3.385