[{"_mousePosition":[683,382],"_rootPartCFrame":[776.025,222.7,47.142,0.002,0,1,0,1,0,-1,0,0.002],"_humanoidState":8,"_cameraCFrame":[777.629,242.408,37.52,-0.986,-0.145,0.078,0,0.472,0.881,-0.164,0.869,-0.466],"_shiftlockState":false,"_pose":"Standing","_animationQueue":[],"_animationSpeed":1,"_zoom":20.656},{"_mousePosition":[683,382],"_rootPartCFrame":[775.855,222.695,47.115,0.018,0,1,0,1,0,-1,0,0.018],"_humanoidState":8,"_cameraCFrame":[777.501,242.571,37.826,-0.985,-0.155,0.08,0,0.457,0.89,-0.174,0.876,-0.45],"_shiftlockState":false,"_pose":"Standing","_animationQueue":[],"_animationSpeed":1,"_zoom":20.656},{"_mousePosition":[683,382],"_rootPartCFrame":[775.594,222.696,47.071,0.037,0,0.999,0,1,0,-0.999,0,0.037],"_humanoidState":8,"_cameraCFrame":[777.274,242.735,38.117,-0.983,-0.165,0.081,0,0.441,0.897,-0.184,0.882,-0.433],"_shiftlockState":false,"_pose":"Running","_animationQueue":[["walk",0.1]],"_animationSpeed":1.003,"_zoom":20.656},{"_mousePosition":[683,382],"_rootPartCFrame":[775.332,222.698,47.025,0.056,0,0.998,0,1,0,-0.998,0,0.056],"_humanoidState":8,"_cameraCFrame":[777.038,242.893,38.409,-0.981,-0.176,0.083,0,0.425,0.905,-0.194,0.888,-0.417],"_shiftlockState":false,"_pose":"Running","_animationQueue":[["walk",0.1],["walk",0.1]],"_animationSpeed":1.101,"_zoom":20.656},{"_mousePosition":[683,382],"_rootPartCFrame":[775.07,222.699,46.976,0.073,0,0.997,0,1,0,-0.997,0,0.073],"_humanoidState":8,"_cameraCFrame":[776.796,243.045,38.7,-0.979,-0.186,0.084,0,0.409,0.912,-0.204,0.893,-0.401],"_shiftlockState":false,"_pose":"Running","_animationQueue":[],"_animationSpeed":1.101,"_zoom":20.656},{"_mousePosition":[683,382],"_rootPartCFrame":[774.808,222.699,46.924,0.089,0,0.996,0,1,0,-0.996,0,0.089],"_humanoidState":8,"_cameraCFrame":[776.547,243.191,38.99,-0.977,-0.197,0.084,0,0.393,0.919,-0.214,0.898,-0.384],"_shiftlockState":false,"_pose":"Running","_animationQueue":[],"_animationSpeed":1.101,"_zoom":20.656},{"_mousePosition":[683,382],"_rootPartCFrame":[774.547,222.699,46.87,0.105,0,0.994,0,1,0,-0.994,0,0.105],"_humanoidState":8,"_cameraCFrame":[774.566,243.331,38.888,-0.975,-0.205,0.084,0,0.377,0.926,-0.222,0.903,-0.368],"_shiftlockState":true,"_pose":"Running","_animationQueue":[],"_animationSpeed":1.101,"_zoom":20.656},{"_mousePosition":[683,384],"_rootPartCFrame":[774.286,222.699,46.813,-0.991,0,0.137,0,1,0,-0.137,0,-0.991],"_humanoidState":8,"_cameraCFrame":[774.305,243.331,38.831,-0.975,-0.205,0.084,0,0.377,0.926,-0.222,0.903,-0.368],"_shiftlockState":true,"_pose":"Running","_animationQueue":[],"_animationSpeed":1.101,"_zoom":20.656},{"_mousePosition":[683,384],"_rootPartCFrame":[774.026,222.7,46.754,-0.977,0,0.213,0,1,0,-0.213,0,-0.977],"_humanoidState":8,"_cameraCFrame":[774.009,243.465,39.1,-0.974,-0.211,0.082,0,0.361,0.933,-0.226,0.908,-0.351],"_shiftlockState":true,"_pose":"Running","_animationQueue":[],"_animationSpeed":1.101,"_zoom":20.656},{"_mousePosition":[683,384],"_rootPartCFrame":[773.766,222.7,46.695,-0.974,0,0.226,0,1,0,-0.226,0,-0.974],"_humanoidState":8,"_cameraCFrame":[773.701,243.606,39.408,-0.973,-0.217,0.079,0,0.342,0.94,-0.231,0.914,-0.333],"_shiftlockState":true,"_pose":"Running","_animationQueue":[["walk",0.1]],"_animationSpeed":1.101,"_zoom":20.656},{"_mousePosition":[683,384],"_rootPartCFrame":[773.377,222.7,46.605,-0.973,0,0.231,0,1,0,-0.231,0,-0.973],"_humanoidState":8,"_cameraCFrame":[773.276,243.714,39.612,-0.972,-0.223,0.077,0,0.328,0.945,-0.236,0.918,-0.319],"_shiftlockState":true,"_pose":"Running","_animationQueue":[],"_animationSpeed":1.101,"_zoom":20.656},{"_mousePosition":[683,384],"_rootPartCFrame":[773.117,222.7,46.543,-0.972,0,0.236,0,1,0,-0.236,0,-0.972],"_humanoidState":8,"_cameraCFrame":[772.98,243.792,39.772,-0.971,-0.226,0.076,0,0.317,0.949,-0.239,0.921,-0.308],"_shiftlockState":true,"_pose":"Running","_animationQueue":[],"_animationSpeed":1.101,"_zoom":20.656},{"_mousePosition":[683,384],"_rootPartCFrame":[772.923,222.7,46.496,-0.971,0,0.239,0,1,0,-0.239,0,-0.971],"_humanoidState":8,"_cameraCFrame":[772.731,243.867,39.948,-0.971,-0.227,0.073,0,0.306,0.952,-0.239,0.925,-0.297],"_shiftlockState":true,"_pose":"Running","_animationQueue":[],"_animationSpeed":1.101,"_zoom":20.656},{"_mousePosition":[683,384],"_rootPartCFrame":[772.664,222.7,46.433,-0.971,0,0.239,0,1,0,-0.239,0,-0.971],"_humanoidState":8,"_cameraCFrame":[772.389,243.975,40.22,-0.971,-0.229,0.069,0,0.289,0.957,-0.239,0.93,-0.281],"_shiftlockState":true,"_pose":"Running","_animationQueue":[],"_animationSpeed":1.101,"_zoom":20.656},{"_mousePosition":[683,384],"_rootPartCFrame":[772.34,222.7,46.353,-0.971,0,0.239,0,1,0,-0.239,0,-0.971],"_humanoidState":8,"_cameraCFrame":[772.001,244.055,40.403,-0.971,-0.23,0.066,0,0.276,0.961,-0.239,0.933,-0.268],"_shiftlockState":true,"_pose":"Running","_animationQueue":[],"_animationSpeed":1.101,"_zoom":20.656},{"_mousePosition":[683,384],"_rootPartCFrame":[772.146,222.7,46.305,-0.971,0,0.239,0,1,0,-0.239,0,-0.971],"_humanoidState":8,"_cameraCFrame":[771.675,244.141,40.661,-0.973,-0.221,0.06,0,0.261,0.965,-0.229,0.94,-0.254],"_shiftlockState":true,"_pose":"Running","_animationQueue":[],"_animationSpeed":1.101,"_zoom":20.656},{"_mousePosition":[683,384],"_rootPartCFrame":[771.887,222.7,46.242,-0.973,0,0.229,0,1,0,-0.229,0,-0.973],"_humanoidState":8,"_cameraCFrame":[771.274,244.242,40.983,-0.976,-0.213,0.053,0,0.242,0.97,-0.219,0.947,-0.236],"_shiftlockState":true,"_pose":"Running","_animationQueue":[["walk",0.1]],"_animationSpeed":1.101,"_zoom":20.656},{"_mousePosition":[683,384],"_rootPartCFrame":[771.627,222.7,46.18,-0.976,0,0.219,0,1,0,-0.219,0,-0.976],"_humanoidState":8,"_cameraCFrame":[770.883,244.318,41.236,-0.978,-0.201,0.047,0,0.227,0.974,-0.207,0.953,-0.222],"_shiftlockState":true,"_pose":"Running","_animationQueue":[],"_animationSpeed":1.101,"_zoom":20.656},{"_mousePosition":[683,384],"_rootPartCFrame":[771.367,222.7,46.121,-0.978,0,0.207,0,1,0,-0.207,0,-0.978],"_humanoidState":8,"_cameraCFrame":[770.469,244.397,41.538,-0.982,-0.185,0.04,0,0.21,0.978,-0.189,0.96,-0.206],"_shiftlockState":true,"_pose":"Running","_animationQueue":[],"_animationSpeed":1.101,"_zoom":20.656},{"_mousePosition":[683,384],"_rootPartCFrame":[771.106,222.7,46.066,-0.982,0,0.189,0,1,0,-0.189,0,-0.982],"_humanoidState":8,"_cameraCFrame":[770.062,244.462,41.812,-0.986,-0.166,0.033,0,0.194,0.981,-0.169,0.967,-0.192],"_shiftlockState":true,"_pose":"Running","_animationQueue":[],"_animationSpeed":1.101,"_zoom":20.656},{"_mousePosition":[683,384],"_rootPartCFrame":[770.844,222.7,46.015,-0.986,0,0.169,0,1,0,-0.169,0,-0.986],"_humanoidState":8,"_cameraCFrame":[769.709,244.507,42.009,-0.988,-0.154,0.029,0,0.183,0.983,-0.157,0.971,-0.181],"_shiftlockState":true,"_pose":"Running","_animationQueue":[],"_animationSpeed":1.101,"_zoom":20.656},{"_mousePosition":[683,384],"_rootPartCFrame":[770.582,222.7,45.969,-0.988,0,0.157,0,1,0,-0.157,0,-0.988],"_humanoidState":8,"_cameraCFrame":[769.378,244.542,42.164,-0.989,-0.145,0.026,0,0.174,0.985,-0.147,0.974,-0.172],"_shiftlockState":true,"_pose":"Running","_animationQueue":[],"_animationSpeed":1.101,"_zoom":20.656},{"_mousePosition":[683,384],"_rootPartCFrame":[770.318,222.7,45.926,-0.989,0,0.147,0,1,0,-0.147,0,-0.989],"_humanoidState":8,"_cameraCFrame":[769.086,244.542,42.13,-0.99,-0.137,0.024,0,0.174,0.985,-0.139,0.975,-0.172],"_shiftlockState":true,"_pose":"Running","_animationQueue":[],"_animationSpeed":1.101,"_zoom":20.656},{"_mousePosition":[683,384],"_rootPartCFrame":[770.055,222.7,45.887,-0.99,0,0.139,0,1,0,-0.139,0,-0.99],"_humanoidState":8,"_cameraCFrame":[768.793,244.542,42.1,-0.991,-0.13,0.023,0,0.174,0.985,-0.132,0.976,-0.172],"_shiftlockState":true,"_pose":"Running","_animationQueue":[["walk",0.1]],"_animationSpeed":1.101,"_zoom":20.656},{"_mousePosition":[683,384],"_rootPartCFrame":[769.791,223.563,45.847,-0.991,0,0.132,0,1,0,-0.132,0,-0.991],"_humanoidState":3,"_cameraCFrame":[768.51,245.405,42.068,-0.992,-0.125,0.022,0,0.174,0.985,-0.127,0.977,-0.172],"_shiftlockState":true,"_pose":"Jumping","_animationQueue":[["walk",0.1],["jump",0.1]],"_animationSpeed":1,"_zoom":20.656},{"_mousePosition":[683,384],"_rootPartCFrame":[769.527,224.371,45.812,-0.976,0,0.218,0,1,0,-0.218,0,-0.976],"_humanoidState":5,"_cameraCFrame":[768.237,246.213,42.035,-0.992,-0.122,0.022,0,0.174,0.985,-0.124,0.977,-0.172],"_shiftlockState":true,"_pose":"FreeFall","_animationQueue":[["jump",0.1]],"_animationSpeed":1,"_zoom":20.656},{"_mousePosition":[683,384],"_rootPartCFrame":[769.262,225.125,45.778,-0.968,0,0.25,0,1,0,-0.25,0,-0.968],"_humanoidState":5,"_cameraCFrame":[767.972,246.967,42.001,-0.992,-0.122,0.022,0,0.174,0.985,-0.124,0.977,-0.172],"_shiftlockState":true,"_pose":"FreeFall","_animationQueue":[],"_animationSpeed":1,"_zoom":20.656},{"_mousePosition":[683,384],"_rootPartCFrame":[768.998,225.824,45.744,-0.967,0,0.255,0,1,0,-0.255,0,-0.967],"_humanoidState":5,"_cameraCFrame":[767.707,247.666,41.968,-0.992,-0.122,0.022,0,0.174,0.985,-0.124,0.977,-0.172],"_shiftlockState":true,"_pose":"FreeFall","_animationQueue":[],"_animationSpeed":1,"_zoom":20.656},{"_mousePosition":[683,384],"_rootPartCFrame":[768.733,226.469,45.711,-0.967,0,0.255,0,1,0,-0.255,0,-0.967],"_humanoidState":5,"_cameraCFrame":[767.443,248.311,41.935,-0.992,-0.122,0.022,0,0.174,0.985,-0.124,0.977,-0.172],"_shiftlockState":true,"_pose":"FreeFall","_animationQueue":[],"_animationSpeed":1,"_zoom":20.656},{"_mousePosition":[683,384],"_rootPartCFrame":[768.469,227.06,45.678,-0.967,0,0.255,0,1,0,-0.255,0,-0.967],"_humanoidState":5,"_cameraCFrame":[767.178,248.902,41.901,-0.992,-0.122,0.022,0,0.174,0.985,-0.124,0.977,-0.172],"_shiftlockState":true,"_pose":"FreeFall","_animationQueue":[],"_animationSpeed":1,"_zoom":20.656},{"_mousePosition":[683,384],"_rootPartCFrame":[768.204,227.595,45.645,-0.967,0,0.255,0,1,0,-0.255,0,-0.967],"_humanoidState":5,"_cameraCFrame":[766.914,249.438,41.868,-0.992,-0.122,0.022,0,0.174,0.985,-0.124,0.977,-0.172],"_shiftlockState":true,"_pose":"FreeFall","_animationQueue":[],"_animationSpeed":1,"_zoom":20.656},{"_mousePosition":[683,384],"_rootPartCFrame":[767.939,228.077,45.612,-0.967,0,0.255,0,1,0,-0.255,0,-0.967],"_humanoidState":5,"_cameraCFrame":[766.649,249.919,41.835,-0.992,-0.122,0.022,0,0.174,0.985,-0.124,0.977,-0.172],"_shiftlockState":true,"_pose":"FreeFall","_animationQueue":[],"_animationSpeed":1,"_zoom":20.656},{"_mousePosition":[683,384],"_rootPartCFrame":[767.675,228.504,45.579,-0.967,0,0.255,0,1,0,-0.255,0,-0.967],"_humanoidState":5,"_cameraCFrame":[766.384,250.346,41.802,-0.992,-0.122,0.022,0,0.174,0.985,-0.124,0.977,-0.172],"_shiftlockState":true,"_pose":"FreeFall","_animationQueue":[],"_animationSpeed":1,"_zoom":20.656},{"_mousePosition":[683,384],"_rootPartCFrame":[767.41,228.876,45.545,-0.967,0,0.255,0,1,0,-0.255,0,-0.967],"_humanoidState":5,"_cameraCFrame":[766.12,250.718,41.769,-0.992,-0.122,0.022,0,0.174,0.985,-0.124,0.977,-0.172],"_shiftlockState":true,"_pose":"FreeFall","_animationQueue":[],"_animationSpeed":1,"_zoom":20.656},{"_mousePosition":[683,384],"_rootPartCFrame":[767.145,229.194,45.512,-0.967,0,0.255,0,1,0,-0.255,0,-0.967],"_humanoidState":5,"_cameraCFrame":[765.855,251.036,41.736,-0.992,-0.122,0.022,0,0.174,0.985,-0.124,0.977,-0.172],"_shiftlockState":true,"_pose":"FreeFall","_animationQueue":[],"_animationSpeed":1,"_zoom":20.656},{"_mousePosition":[683,384],"_rootPartCFrame":[766.881,229.457,45.479,-0.967,0,0.255,0,1,0,-0.255,0,-0.967],"_humanoidState":5,"_cameraCFrame":[765.59,251.3,41.702,-0.992,-0.122,0.022,0,0.174,0.985,-0.124,0.977,-0.172],"_shiftlockState":true,"_pose":"FreeFall","_animationQueue":[],"_animationSpeed":1,"_zoom":20.656},{"_mousePosition":[683,384],"_rootPartCFrame":[766.616,229.666,45.446,-0.967,0,0.255,0,1,0,-0.255,0,-0.967],"_humanoidState":5,"_cameraCFrame":[765.326,251.508,41.669,-0.992,-0.122,0.022,0,0.174,0.985,-0.124,0.977,-0.172],"_shiftlockState":true,"_pose":"FreeFall","_animationQueue":[],"_animationSpeed":1,"_zoom":20.656},{"_mousePosition":[683,384],"_rootPartCFrame":[766.351,229.821,45.413,-0.967,0,0.255,0,1,0,-0.255,0,-0.967],"_humanoidState":5,"_cameraCFrame":[765.061,251.663,41.636,-0.992,-0.122,0.022,0,0.174,0.985,-0.124,0.977,-0.172],"_shiftlockState":true,"_pose":"FreeFall","_animationQueue":[],"_animationSpeed":1,"_zoom":20.656},{"_mousePosition":[683,384],"_rootPartCFrame":[766.087,229.921,45.38,-0.967,0,0.255,0,1,0,-0.255,0,-0.967],"_humanoidState":5,"_cameraCFrame":[764.854,251.763,41.584,-0.99,-0.137,0.024,0,0.174,0.985,-0.139,0.975,-0.172],"_shiftlockState":true,"_pose":"FreeFall","_animationQueue":[],"_animationSpeed":1,"_zoom":20.656},{"_mousePosition":[683,384],"_rootPartCFrame":[765.822,229.966,45.347,-0.963,0,0.27,0,1,0,-0.27,0,-0.963],"_humanoidState":5,"_cameraCFrame":[764.773,251.808,41.496,-0.982,-0.184,0.032,0,0.174,0.985,-0.187,0.967,-0.171],"_shiftlockState":true,"_pose":"FreeFall","_animationQueue":[],"_animationSpeed":1,"_zoom":20.656},{"_mousePosition":[683,384],"_rootPartCFrame":[765.558,229.957,45.31,-0.949,0,0.316,0,1,0,-0.316,0,-0.949],"_humanoidState":5,"_cameraCFrame":[764.834,251.799,41.385,-0.963,-0.264,0.047,0,0.174,0.985,-0.268,0.949,-0.167],"_shiftlockState":true,"_pose":"FreeFall","_animationQueue":[],"_animationSpeed":1,"_zoom":20.656},{"_mousePosition":[683,384],"_rootPartCFrame":[765.296,229.893,45.262,-0.919,0,0.394,0,1,0,-0.394,0,-0.919],"_humanoidState":5,"_cameraCFrame":[765.022,251.735,41.28,-0.927,-0.37,0.065,0,0.174,0.985,-0.376,0.913,-0.161],"_shiftlockState":true,"_pose":"FreeFall","_animationQueue":[],"_animationSpeed":1,"_zoom":20.656},{"_mousePosition":[683,384],"_rootPartCFrame":[765.038,229.775,45.195,-0.869,0,0.496,0,1,0,-0.496,0,-0.869],"_humanoidState":5,"_cameraCFrame":[765.309,251.617,41.213,-0.867,-0.491,0.087,0,0.174,0.985,-0.499,0.854,-0.151],"_shiftlockState":true,"_pose":"FreeFall","_animationQueue":[],"_animationSpeed":1,"_zoom":20.656},{"_mousePosition":[683,384],"_rootPartCFrame":[764.787,229.603,45.104,-0.793,0,0.609,0,1,0,-0.609,0,-0.793],"_humanoidState":5,"_cameraCFrame":[765.648,251.445,41.207,-0.783,-0.613,0.108,0,0.174,0.985,-0.622,0.771,-0.136],"_shiftlockState":true,"_pose":"FreeFall","_animationQueue":[],"_animationSpeed":1,"_zoom":20.656},{"_mousePosition":[683,384],"_rootPartCFrame":[764.55,229.375,44.984,-0.693,0,0.721,0,1,0,-0.721,0,-0.693],"_humanoidState":5,"_cameraCFrame":[765.972,251.218,41.255,-0.684,-0.719,0.127,0,0.174,0.985,-0.73,0.673,-0.119],"_shiftlockState":true,"_pose":"FreeFall","_animationQueue":[["fall",0.3]],"_animationSpeed":1,"_zoom":20.656},{"_mousePosition":[683,384],"_rootPartCFrame":[764.331,229.094,44.833,-0.581,0,0.814,0,1,0,-0.814,0,-0.581],"_humanoidState":5,"_cameraCFrame":[766.23,250.936,41.323,-0.582,-0.801,0.141,0,0.174,0.985,-0.813,0.573,-0.101],"_shiftlockState":true,"_pose":"FreeFall","_animationQueue":[],"_animationSpeed":1,"_zoom":20.656},{"_mousePosition":[683,384],"_rootPartCFrame":[764.136,228.758,44.653,-0.469,0,0.883,0,1,0,-0.883,0,-0.469],"_humanoidState":5,"_cameraCFrame":[766.482,250.586,41.337,-0.488,-0.859,0.155,0,0.177,0.984,-0.873,0.48,-0.087],"_shiftlockState":true,"_pose":"FreeFall","_animationQueue":[],"_animationSpeed":1,"_zoom":20.656},{"_mousePosition":[683,384],"_rootPartCFrame":[763.968,228.367,44.447,-0.368,0,0.93,0,1,0,-0.93,0,-0.368],"_humanoidState":5,"_cameraCFrame":[766.663,250.181,41.312,-0.411,-0.896,0.165,0,0.181,0.983,-0.912,0.404,-0.075],"_shiftlockState":true,"_pose":"FreeFall","_animationQueue":[],"_animationSpeed":1,"_zoom":20.656},{"_mousePosition":[683,384],"_rootPartCFrame":[763.749,227.802,44.21,-0.29,0,0.957,0,1,0,-0.957,0,-0.29],"_humanoidState":5,"_cameraCFrame":[766.718,249.616,41.333,-0.326,-0.93,0.171,0,0.181,0.983,-0.945,0.321,-0.059],"_shiftlockState":true,"_pose":"FreeFall","_animationQueue":[],"_animationSpeed":1,"_zoom":20.656},{"_mousePosition":[683,384],"_rootPartCFrame":[763.547,227.289,44.056,-0.237,0,0.972,0,1,0,-0.972,0,-0.237],"_humanoidState":5,"_cameraCFrame":[766.637,249.103,41.309,-0.286,-0.942,0.174,0,0.181,0.983,-0.958,0.281,-0.052],"_shiftlockState":true,"_pose":"FreeFall","_animationQueue":[],"_animationSpeed":1,"_zoom":20.656},{"_mousePosition":[683,384],"_rootPartCFrame":[763.319,226.721,43.929,-0.191,0,0.982,0,1,0,-0.982,0,-0.191],"_humanoidState":5,"_cameraCFrame":[766.497,248.535,41.286,-0.254,-0.951,0.175,0,0.181,0.983,-0.967,0.25,-0.046],"_shiftlockState":true,"_pose":"FreeFall","_animationQueue":[["fall",0.3]],"_animationSpeed":1,"_zoom":20.656},{"_mousePosition":[683,384],"_rootPartCFrame":[763.142,226.26,43.835,-0.181,0,0.983,0,1,0,-0.983,0,-0.181],"_humanoidState":5,"_cameraCFrame":[766.354,248.081,41.29,-0.227,-0.958,0.175,0,0.179,0.984,-0.974,0.223,-0.041],"_shiftlockState":true,"_pose":"FreeFall","_animationQueue":[],"_animationSpeed":1,"_zoom":20.656},{"_mousePosition":[683,384],"_rootPartCFrame":[762.844,225.422,43.714,-0.198,0,0.98,0,1,0,-0.98,0,-0.198],"_humanoidState":5,"_cameraCFrame":[766.069,247.25,41.243,-0.207,-0.963,0.174,0,0.177,0.984,-0.978,0.204,-0.037],"_shiftlockState":true,"_pose":"FreeFall","_animationQueue":[],"_animationSpeed":1,"_zoom":20.656},{"_mousePosition":[683,384],"_rootPartCFrame":[762.6,224.691,43.662,-0.208,0,0.978,0,1,0,-0.978,0,-0.208],"_humanoidState":5,"_cameraCFrame":[765.856,246.519,41.231,-0.195,-0.965,0.174,0,0.177,0.984,-0.981,0.192,-0.035],"_shiftlockState":true,"_pose":"FreeFall","_animationQueue":[],"_animationSpeed":1,"_zoom":20.656},{"_mousePosition":[683,384],"_rootPartCFrame":[762.407,224.107,43.687,-0.195,0,0.981,0,1,0,-0.981,0,-0.195],"_humanoidState":7,"_cameraCFrame":[765.675,245.935,41.273,-0.19,-0.966,0.174,0,0.177,0.984,-0.982,0.187,-0.034],"_shiftlockState":true,"_pose":"FreeFall","_animationQueue":[["walk",0.1],["fall",0.3],["fall",0.3]],"_animationSpeed":1,"_zoom":20.656},{"_mousePosition":[683,384],"_rootPartCFrame":[762.146,223.954,43.738,-0.19,0,0.982,0,1,0,-0.982,0,-0.19],"_humanoidState":7,"_cameraCFrame":[765.42,245.782,41.333,-0.187,-0.967,0.174,0,0.177,0.984,-0.982,0.184,-0.033],"_shiftlockState":true,"_pose":"FreeFall","_animationQueue":[],"_animationSpeed":1,"_zoom":20.656},{"_mousePosition":[683,384],"_rootPartCFrame":[761.884,224.035,43.789,-0.187,0,0.982,0,1,0,-0.982,0,-0.187],"_humanoidState":7,"_cameraCFrame":[765.158,245.863,41.384,-0.187,-0.967,0.174,0,0.177,0.984,-0.982,0.184,-0.033],"_shiftlockState":true,"_pose":"FreeFall","_animationQueue":[],"_animationSpeed":1,"_zoom":20.656},{"_mousePosition":[683,384],"_rootPartCFrame":[761.622,224.105,43.839,-0.187,0,0.982,0,1,0,-0.982,0,-0.187],"_humanoidState":8,"_cameraCFrame":[764.896,245.933,41.434,-0.187,-0.967,0.174,0,0.177,0.984,-0.982,0.184,-0.033],"_shiftlockState":true,"_pose":"Running","_animationQueue":[["fall",0.3],["walk",0.1],["fall",0.3],["walk",0.1]],"_animationSpeed":1.103,"_zoom":20.656},{"_mousePosition":[683,384],"_rootPartCFrame":[761.36,224.148,43.889,-0.187,0,0.982,0,1,0,-0.982,0,-0.187],"_humanoidState":8,"_cameraCFrame":[764.64,245.976,41.492,-0.185,-0.967,0.174,0,0.177,0.984,-0.983,0.182,-0.033],"_shiftlockState":true,"_pose":"Running","_animationQueue":[],"_animationSpeed":1.103,"_zoom":20.656},{"_mousePosition":[683,384],"_rootPartCFrame":[761.098,224.172,43.939,-0.185,0,0.983,0,1,0,-0.983,0,-0.185],"_humanoidState":8,"_cameraCFrame":[764.417,245.992,41.535,-0.185,-0.967,0.176,0,0.179,0.984,-0.983,0.182,-0.033],"_shiftlockState":true,"_pose":"Running","_animationQueue":[],"_animationSpeed":1.103,"_zoom":20.656},{"_mousePosition":[683,384],"_rootPartCFrame":[760.836,224.185,43.988,-0.185,0,0.983,0,1,0,-0.983,0,-0.185],"_humanoidState":8,"_cameraCFrame":[764.188,245.998,41.568,-0.187,-0.966,0.178,0,0.181,0.983,-0.982,0.184,-0.034],"_shiftlockState":true,"_pose":"Running","_animationQueue":[],"_animationSpeed":1.103,"_zoom":20.656},{"_mousePosition":[683,384],"_rootPartCFrame":[760.574,224.192,44.038,-0.187,0,0.982,0,1,0,-0.982,0,-0.187],"_humanoidState":8,"_cameraCFrame":[763.915,245.998,41.542,-0.207,-0.962,0.179,0,0.183,0.983,-0.978,0.204,-0.038],"_shiftlockState":true,"_pose":"Running","_animationQueue":[],"_animationSpeed":1.103,"_zoom":20.656},{"_mousePosition":[683,384],"_rootPartCFrame":[760.312,224.195,44.088,-0.207,0,0.978,0,1,0,-0.978,0,-0.207],"_humanoidState":8,"_cameraCFrame":[763.602,246.002,41.525,-0.227,-0.957,0.178,0,0.183,0.983,-0.974,0.223,-0.042],"_shiftlockState":true,"_pose":"Running","_animationQueue":[],"_animationSpeed":1.103,"_zoom":20.656},{"_mousePosition":[683,384],"_rootPartCFrame":[760.051,224.197,44.142,-0.227,0,0.974,0,1,0,-0.974,0,-0.227],"_humanoidState":8,"_cameraCFrame":[763.281,246.004,41.505,-0.249,-0.952,0.177,0,0.183,0.983,-0.969,0.245,-0.046],"_shiftlockState":true,"_pose":"Running","_animationQueue":[["walk",0.1]],"_animationSpeed":1.103,"_zoom":20.656},{"_mousePosition":[683,384],"_rootPartCFrame":[759.792,224.198,44.202,-0.249,0,0.969,0,1,0,-0.969,0,-0.249],"_humanoidState":8,"_cameraCFrame":[762.961,246.005,41.492,-0.271,-0.946,0.176,0,0.183,0.983,-0.963,0.266,-0.05],"_shiftlockState":true,"_pose":"Running","_animationQueue":[],"_animationSpeed":1.103,"_zoom":20.656},{"_mousePosition":[683,384],"_rootPartCFrame":[759.533,224.199,44.268,-0.271,0,0.963,0,1,0,-0.963,0,-0.271],"_humanoidState":8,"_cameraCFrame":[762.654,246.005,41.503,-0.288,-0.941,0.175,0,0.183,0.983,-0.958,0.283,-0.053],"_shiftlockState":true,"_pose":"Running","_animationQueue":[],"_animationSpeed":1.103,"_zoom":20.656},{"_mousePosition":[683,384],"_rootPartCFrame":[759.276,224.199,44.34,-0.288,0,0.958,0,1,0,-0.958,0,-0.288],"_humanoidState":8,"_cameraCFrame":[762.362,246.006,41.535,-0.3,-0.938,0.175,0,0.183,0.983,-0.954,0.295,-0.055],"_shiftlockState":true,"_pose":"Running","_animationQueue":[],"_animationSpeed":1.103,"_zoom":20.656},{"_mousePosition":[683,384],"_rootPartCFrame":[759.051,224.198,44.309,-0.321,0.008,0.947,-0.008,1,-0.011,-0.947,-0.012,-0.321],"_humanoidState":8,"_cameraCFrame":[762.134,246.004,41.471,-0.305,-0.936,0.175,0,0.183,0.983,-0.952,0.3,-0.056],"_shiftlockState":true,"_pose":"Running","_animationQueue":[],"_animationSpeed":1.103,"_zoom":20.656},{"_mousePosition":[683,384],"_rootPartCFrame":[758.805,224.199,44.336,-0.309,0.002,0.951,-0.005,1,-0.003,-0.951,-0.005,-0.309],"_humanoidState":8,"_cameraCFrame":[761.879,246.005,41.508,-0.305,-0.936,0.175,0,0.183,0.983,-0.952,0.3,-0.056],"_shiftlockState":true,"_pose":"Running","_animationQueue":[["walk",0.1]],"_animationSpeed":1.001,"_zoom":20.656},{"_mousePosition":[683,384],"_rootPartCFrame":[758.553,224.199,44.404,-0.305,0,0.952,0,1,0,-0.952,0,-0.305],"_humanoidState":8,"_cameraCFrame":[761.623,246.006,41.583,-0.305,-0.936,0.175,0,0.183,0.983,-0.952,0.3,-0.056],"_shiftlockState":true,"_pose":"Running","_animationQueue":[],"_animationSpeed":1.001,"_zoom":20.656},{"_mousePosition":[683,384],"_rootPartCFrame":[758.299,224.199,44.484,-0.305,0,0.952,0.001,1,0,-0.952,0.001,-0.305],"_humanoidState":8,"_cameraCFrame":[761.348,246.006,41.641,-0.312,-0.934,0.174,0,0.183,0.983,-0.95,0.307,-0.057],"_shiftlockState":true,"_pose":"Running","_animationQueue":[["walk",0.1],["walk",0.1]],"_animationSpeed":1.096,"_zoom":20.656},{"_mousePosition":[683,384],"_rootPartCFrame":[758.045,224.2,44.565,-0.312,0,0.95,0,1,0,-0.95,0,-0.312],"_humanoidState":8,"_cameraCFrame":[761.066,246.006,41.691,-0.322,-0.931,0.173,0,0.183,0.983,-0.947,0.316,-0.059],"_shiftlockState":true,"_pose":"Running","_animationQueue":[],"_animationSpeed":1.096,"_zoom":20.656},{"_mousePosition":[683,384],"_rootPartCFrame":[757.792,224.2,44.644,-0.325,0,0.946,0,1,0,-0.946,0,-0.325],"_humanoidState":8,"_cameraCFrame":[760.739,246.006,41.693,-0.346,-0.923,0.172,0,0.183,0.983,-0.938,0.34,-0.063],"_shiftlockState":true,"_pose":"Running","_animationQueue":[],"_animationSpeed":1.096,"_zoom":20.656},{"_mousePosition":[683,384],"_rootPartCFrame":[757.539,224.2,44.729,-0.346,0,0.938,0,1,0,-0.938,0,-0.346],"_humanoidState":8,"_cameraCFrame":[760.441,246.006,41.735,-0.36,-0.917,0.171,0,0.183,0.983,-0.933,0.354,-0.066],"_shiftlockState":true,"_pose":"Running","_animationQueue":[],"_animationSpeed":1.096,"_zoom":20.656},{"_mousePosition":[683,384],"_rootPartCFrame":[757.289,224.2,44.82,-0.36,0,0.933,0,1,0,-0.933,0,-0.36],"_humanoidState":8,"_cameraCFrame":[760.175,246.006,41.811,-0.364,-0.915,0.171,0,0.183,0.983,-0.931,0.358,-0.067],"_shiftlockState":true,"_pose":"Running","_animationQueue":[],"_animationSpeed":1.096,"_zoom":20.656},{"_mousePosition":[683,384],"_rootPartCFrame":[757.04,224.2,44.916,-0.364,0,0.931,0,1,0,-0.931,0,-0.364],"_humanoidState":8,"_cameraCFrame":[759.926,246.006,41.907,-0.364,-0.915,0.171,0,0.183,0.983,-0.931,0.358,-0.067],"_shiftlockState":true,"_pose":"Running","_animationQueue":[],"_animationSpeed":1.096,"_zoom":20.656},{"_mousePosition":[683,384],"_rootPartCFrame":[756.791,224.2,45.013,-0.364,0,0.931,0,1,0,-0.931,0,-0.364],"_humanoidState":8,"_cameraCFrame":[759.818,245.976,41.939,-0.367,-0.913,0.178,0,0.191,0.982,-0.93,0.36,-0.07],"_shiftlockState":true,"_pose":"Running","_animationQueue":[],"_animationSpeed":1.096,"_zoom":20.656},{"_mousePosition":[683,384],"_rootPartCFrame":[756.543,224.2,45.11,-0.367,0,0.93,0,1,0,-0.93,0,-0.367],"_humanoidState":8,"_cameraCFrame":[759.847,245.912,41.903,-0.372,-0.908,0.191,0,0.206,0.979,-0.928,0.364,-0.077],"_shiftlockState":true,"_pose":"Running","_animationQueue":[["walk",0.1]],"_animationSpeed":1.096,"_zoom":20.656},{"_mousePosition":[683,384],"_rootPartCFrame":[756.295,224.2,45.208,-0.372,0,0.928,0,1,0,-0.928,0,-0.372],"_humanoidState":8,"_cameraCFrame":[759.639,245.895,41.938,-0.381,-0.904,0.194,0,0.21,0.978,-0.925,0.372,-0.08],"_shiftlockState":true,"_pose":"Running","_animationQueue":[],"_animationSpeed":1.096,"_zoom":20.656},{"_mousePosition":[683,384],"_rootPartCFrame":[756.047,224.2,45.307,-0.381,0,0.925,0,1,0,-0.925,0,-0.381],"_humanoidState":8,"_cameraCFrame":[759.391,245.895,42.037,-0.381,-0.904,0.194,0,0.21,0.978,-0.925,0.372,-0.08],"_shiftlockState":true,"_pose":"Running","_animationQueue":[],"_animationSpeed":1.096,"_zoom":20.656},{"_mousePosition":[683,384],"_rootPartCFrame":[755.801,224.2,45.408,-0.381,0,0.925,0,1,0,-0.925,0,-0.381],"_humanoidState":8,"_cameraCFrame":[759.144,245.895,42.138,-0.381,-0.904,0.194,0,0.21,0.978,-0.925,0.372,-0.08],"_shiftlockState":true,"_pose":"Running","_animationQueue":[],"_animationSpeed":1.096,"_zoom":20.656},{"_mousePosition":[683,384],"_rootPartCFrame":[755.554,224.2,45.51,-0.381,0,0.925,0,1,0,-0.925,0,-0.381],"_humanoidState":8,"_cameraCFrame":[758.898,245.895,42.24,-0.381,-0.904,0.194,0,0.21,0.978,-0.925,0.372,-0.08],"_shiftlockState":true,"_pose":"Running","_animationQueue":[],"_animationSpeed":1.096,"_zoom":20.656},{"_mousePosition":[683,384],"_rootPartCFrame":[755.307,224.106,45.612,-0.381,0,0.925,0,1,0,-0.925,0,-0.381],"_humanoidState":8,"_cameraCFrame":[758.651,245.801,42.341,-0.381,-0.904,0.194,0,0.21,0.978,-0.925,0.372,-0.08],"_shiftlockState":true,"_pose":"Running","_animationQueue":[],"_animationSpeed":1.096,"_zoom":20.656},{"_mousePosition":[683,384],"_rootPartCFrame":[755.061,223.957,45.713,-0.381,0,0.925,0,1,0,-0.925,0,-0.381],"_humanoidState":8,"_cameraCFrame":[758.405,245.653,42.443,-0.381,-0.904,0.194,0,0.21,0.978,-0.925,0.372,-0.08],"_shiftlockState":true,"_pose":"Running","_animationQueue":[],"_animationSpeed":1.096,"_zoom":20.656},{"_mousePosition":[683,384],"_rootPartCFrame":[754.814,223.754,45.815,-0.381,0,0.925,0,1,0,-0.925,0,-0.381],"_humanoidState":8,"_cameraCFrame":[758.158,245.45,42.544,-0.381,-0.904,0.194,0,0.21,0.978,-0.925,0.372,-0.08],"_shiftlockState":true,"_pose":"Running","_animationQueue":[["walk",0.1]],"_animationSpeed":1.096,"_zoom":20.656},{"_mousePosition":[683,384],"_rootPartCFrame":[754.444,223.348,45.967,-0.381,0,0.925,0,1,0,-0.925,0,-0.381],"_humanoidState":8,"_cameraCFrame":[757.788,245.043,42.697,-0.381,-0.904,0.194,0,0.21,0.978,-0.925,0.372,-0.08],"_shiftlockState":true,"_pose":"Running","_animationQueue":[],"_animationSpeed":1.096,"_zoom":20.656},{"_mousePosition":[683,384],"_rootPartCFrame":[754.373,223.185,46.018,-0.381,0,0.925,0,1,0,-0.925,0,-0.381],"_humanoidState":8,"_cameraCFrame":[757.716,244.881,42.748,-0.381,-0.904,0.194,0,0.21,0.978,-0.925,0.372,-0.08],"_shiftlockState":true,"_pose":"Running","_animationQueue":[["walk",0.1]],"_animationSpeed":2.097,"_zoom":20.656},{"_mousePosition":[683,384],"_rootPartCFrame":[754.351,222.904,46.12,-0.381,0,0.925,0,1,0,-0.925,0,-0.381],"_humanoidState":8,"_cameraCFrame":[757.695,244.6,42.849,-0.381,-0.904,0.194,0,0.21,0.978,-0.925,0.372,-0.08],"_shiftlockState":true,"_pose":"Running","_animationQueue":[["walk",0.1]],"_animationSpeed":1.682,"_zoom":20.656},{"_mousePosition":[683,384],"_rootPartCFrame":[754.348,223.988,46.247,-0.381,0,0.925,0,1,0,-0.925,0,-0.381],"_humanoidState":3,"_cameraCFrame":[757.691,245.684,42.976,-0.381,-0.904,0.194,0,0.21,0.978,-0.925,0.372,-0.08],"_shiftlockState":true,"_pose":"Jumping","_animationQueue":[["walk",0.1],["jump",0.1]],"_animationSpeed":1,"_zoom":20.656},{"_mousePosition":[683,384],"_rootPartCFrame":[754.32,224.797,46.348,-0.381,0,0.925,0,1,0,-0.925,0,-0.381],"_humanoidState":5,"_cameraCFrame":[757.664,246.492,43.078,-0.381,-0.904,0.194,0,0.21,0.978,-0.925,0.372,-0.08],"_shiftlockState":true,"_pose":"FreeFall","_animationQueue":[["jump",0.1]],"_animationSpeed":1,"_zoom":20.656},{"_mousePosition":[683,384],"_rootPartCFrame":[754.273,225.367,46.424,-0.381,0,0.925,0,1,0,-0.925,0,-0.381],"_humanoidState":5,"_cameraCFrame":[757.617,247.063,43.154,-0.381,-0.904,0.194,0,0.21,0.978,-0.925,0.372,-0.08],"_shiftlockState":true,"_pose":"FreeFall","_animationQueue":[],"_animationSpeed":1,"_zoom":20.656},{"_mousePosition":[683,384],"_rootPartCFrame":[754.176,226.08,46.526,-0.381,0,0.925,0,1,0,-0.925,0,-0.381],"_humanoidState":5,"_cameraCFrame":[757.438,247.364,43.289,-0.381,-0.904,0.194,0,0.21,0.978,-0.925,0.372,-0.08],"_shiftlockState":true,"_pose":"FreeFall","_animationQueue":[],"_animationSpeed":1,"_zoom":16.125},{"_mousePosition":[683,384],"_rootPartCFrame":[754.039,226.739,46.627,-0.381,0,0.925,0,1,0,-0.925,0,-0.381],"_humanoidState":5,"_cameraCFrame":[757.29,247.357,43.465,-0.367,-0.909,0.199,0,0.214,0.977,-0.93,0.358,-0.078],"_shiftlockState":true,"_pose":"FreeFall","_animationQueue":[],"_animationSpeed":1,"_zoom":16.125},{"_mousePosition":[683,384],"_rootPartCFrame":[753.863,227.343,46.729,-0.368,0,0.93,0,1,0,-0.93,0,-0.368],"_humanoidState":5,"_cameraCFrame":[757.187,247.104,43.696,-0.334,-0.919,0.209,0,0.221,0.975,-0.943,0.325,-0.074],"_shiftlockState":true,"_pose":"FreeFall","_animationQueue":[],"_animationSpeed":1,"_zoom":16.125},{"_mousePosition":[683,384],"_rootPartCFrame":[753.647,227.892,46.829,-0.337,0,0.941,0,1,0,-0.941,0,-0.337],"_humanoidState":5,"_cameraCFrame":[757.105,247.038,43.994,-0.281,-0.935,0.218,0,0.227,0.974,-0.96,0.273,-0.064],"_shiftlockState":true,"_pose":"FreeFall","_animationQueue":[],"_animationSpeed":1,"_zoom":16.125},{"_mousePosition":[683,384],"_rootPartCFrame":[753.4,228.387,46.92,-0.287,0,0.958,0,1,0,-0.958,0,-0.287],"_humanoidState":5,"_cameraCFrame":[757.004,246.967,44.316,-0.219,-0.949,0.227,0,0.233,0.973,-0.976,0.213,-0.051],"_shiftlockState":true,"_pose":"FreeFall","_animationQueue":[],"_animationSpeed":1,"_zoom":16.125},{"_mousePosition":[683,384],"_rootPartCFrame":[753.145,228.828,46.997,-0.227,0,0.974,0,1,0,-0.974,0,-0.227],"_humanoidState":5,"_cameraCFrame":[756.774,246.698,44.707,-0.142,-0.963,0.23,0,0.233,0.973,-0.99,0.138,-0.033],"_shiftlockState":true,"_pose":"FreeFall","_animationQueue":[],"_animationSpeed":1,"_zoom":12.5},{"_mousePosition":[683,384],"_rootPartCFrame":[752.885,229.214,47.058,-0.152,0,0.988,0,1,0,-0.988,0,-0.152],"_humanoidState":5,"_cameraCFrame":[756.377,246.196,44.912,-0.11,-0.967,0.231,0,0.233,0.973,-0.994,0.107,-0.026],"_shiftlockState":true,"_pose":"FreeFall","_animationQueue":[],"_animationSpeed":1,"_zoom":12.5},{"_mousePosition":[683,384],"_rootPartCFrame":[752.622,229.545,47.101,-0.116,0,0.993,0,1,0,-0.993,0,-0.116],"_humanoidState":5,"_cameraCFrame":[755.96,245.703,45.044,-0.09,-0.969,0.232,0,0.233,0.973,-0.996,0.087,-0.021],"_shiftlockState":true,"_pose":"FreeFall","_animationQueue":[],"_animationSpeed":1,"_zoom":12.5},{"_mousePosition":[683,384],"_rootPartCFrame":[752.357,229.822,47.131,-0.093,0,0.996,0,1,0,-0.996,0,-0.093],"_humanoidState":5,"_cameraCFrame":[755.556,245.312,45.121,-0.079,-0.969,0.232,0,0.233,0.973,-0.997,0.077,-0.018],"_shiftlockState":true,"_pose":"FreeFall","_animationQueue":[],"_animationSpeed":1,"_zoom":12.5},{"_mousePosition":[683,384],"_rootPartCFrame":[752.092,230.045,47.156,-0.081,0,0.997,0,1,0,-0.997,0,-0.081],"_humanoidState":5,"_cameraCFrame":[755.198,245.061,45.186,-0.069,-0.97,0.232,0,0.233,0.973,-0.998,0.067,-0.016],"_shiftlockState":true,"_pose":"FreeFall","_animationQueue":[],"_animationSpeed":1,"_zoom":12.5},{"_mousePosition":[683,384],"_rootPartCFrame":[751.826,230.213,47.178,-0.071,0,0.997,0,1,0,-0.997,0,-0.071],"_humanoidState":5,"_cameraCFrame":[754.859,244.823,45.252,-0.057,-0.971,0.232,0,0.233,0.973,-0.998,0.055,-0.013],"_shiftlockState":true,"_pose":"FreeFall","_animationQueue":[],"_animationSpeed":1,"_zoom":12.5},{"_mousePosition":[683,384],"_rootPartCFrame":[751.56,230.326,47.196,-0.058,0,0.998,0,1,0,-0.998,0,-0.058],"_humanoidState":5,"_cameraCFrame":[754.566,244.642,45.343,-0.034,-0.972,0.233,0,0.233,0.973,-0.999,0.033,-0.008],"_shiftlockState":true,"_pose":"FreeFall","_animationQueue":[],"_animationSpeed":1,"_zoom":12.5},{"_mousePosition":[683,384],"_rootPartCFrame":[751.294,230.385,47.212,-0.037,0,0.999,0,1,0,-0.999,0,-0.037],"_humanoidState":5,"_cameraCFrame":[754.321,244.503,45.474,0.004,-0.973,0.233,0,0.233,0.973,-1,-0.004,0.001],"_shiftlockState":true,"_pose":"FreeFall","_animationQueue":[],"_animationSpeed":1,"_zoom":12.5},{"_mousePosition":[683,384],"_rootPartCFrame":[751.027,230.39,47.222,0,0,1,0,1,0,-1,0,0],"_humanoidState":5,"_cameraCFrame":[754.155,244.341,45.602,0.042,-0.97,0.238,0,0.238,0.971,-0.999,-0.041,0.01],"_shiftlockState":true,"_pose":"FreeFall","_animationQueue":[["fall",0.3]],"_animationSpeed":1,"_zoom":12.5},{"_mousePosition":[683,384],"_rootPartCFrame":[750.761,230.34,47.223,0.037,0,0.999,0,1,0,-0.999,0,0.037],"_humanoidState":5,"_cameraCFrame":[753.932,244.183,45.69,0.07,-0.968,0.24,0,0.24,0.971,-0.998,-0.068,0.017],"_shiftlockState":true,"_pose":"FreeFall","_animationQueue":[],"_animationSpeed":1,"_zoom":12.5},{"_mousePosition":[683,384],"_rootPartCFrame":[750.494,230.235,47.213,0.066,0,0.998,0,1,0,-0.998,0,0.066],"_humanoidState":5,"_cameraCFrame":[753.703,244.007,45.745,0.09,-0.966,0.241,0,0.242,0.97,-0.996,-0.087,0.022],"_shiftlockState":true,"_pose":"FreeFall","_animationQueue":[],"_animationSpeed":1,"_zoom":12.5},{"_mousePosition":[683,384],"_rootPartCFrame":[750.228,230.076,47.195,0.087,0,0.996,0,1,0,-0.996,0,0.087],"_humanoidState":5,"_cameraCFrame":[753.432,243.797,45.743,0.095,-0.966,0.241,0,0.242,0.97,-0.995,-0.092,0.023],"_shiftlockState":true,"_pose":"FreeFall","_animationQueue":[],"_animationSpeed":1,"_zoom":12.5},{"_mousePosition":[683,384],"_rootPartCFrame":[749.962,229.863,47.172,0.094,0,0.996,0,1,0,-0.996,0,0.094],"_humanoidState":5,"_cameraCFrame":[753.158,243.552,45.719,0.095,-0.966,0.241,0,0.242,0.97,-0.995,-0.092,0.023],"_shiftlockState":true,"_pose":"FreeFall","_animationQueue":[],"_animationSpeed":1,"_zoom":12.5},{"_mousePosition":[683,384],"_rootPartCFrame":[749.697,229.595,47.147,0.095,0,0.996,0,1,0,-0.996,0,0.095],"_humanoidState":5,"_cameraCFrame":[752.888,243.265,45.694,0.095,-0.966,0.241,0,0.242,0.97,-0.995,-0.092,0.023],"_shiftlockState":true,"_pose":"FreeFall","_animationQueue":[],"_animationSpeed":1,"_zoom":12.5},{"_mousePosition":[683,384],"_rootPartCFrame":[749.432,229.273,47.122,0.095,0,0.995,0,1,0,-0.995,0,0.095],"_humanoidState":5,"_cameraCFrame":[752.619,242.928,45.668,0.095,-0.966,0.241,0,0.242,0.97,-0.995,-0.092,0.023],"_shiftlockState":true,"_pose":"FreeFall","_animationQueue":[],"_animationSpeed":1,"_zoom":12.5},{"_mousePosition":[683,384],"_rootPartCFrame":[749.166,228.896,47.096,0.095,0,0.995,0,1,0,-0.995,0,0.095],"_humanoidState":5,"_cameraCFrame":[752.351,242.541,45.642,0.095,-0.966,0.241,0,0.242,0.97,-0.995,-0.092,0.023],"_shiftlockState":true,"_pose":"FreeFall","_animationQueue":[["fall",0.3]],"_animationSpeed":1,"_zoom":12.5},{"_mousePosition":[683,384],"_rootPartCFrame":[748.901,228.464,47.071,0.095,0,0.995,0,1,0,-0.995,0,0.095],"_humanoidState":5,"_cameraCFrame":[752.084,242.104,45.617,0.095,-0.966,0.241,0,0.242,0.97,-0.995,-0.092,0.023],"_shiftlockState":true,"_pose":"FreeFall","_animationQueue":[],"_animationSpeed":1,"_zoom":12.5},{"_mousePosition":[683,384],"_rootPartCFrame":[748.635,227.978,47.046,0.095,0,0.995,0,1,0,-0.995,0,0.095],"_humanoidState":5,"_cameraCFrame":[751.818,241.614,45.591,0.095,-0.966,0.241,0,0.242,0.97,-0.995,-0.092,0.023],"_shiftlockState":true,"_pose":"FreeFall","_animationQueue":[],"_animationSpeed":1,"_zoom":12.5},{"_mousePosition":[683,384],"_rootPartCFrame":[748.37,227.438,47.021,0.095,0,0.995,0,1,0,-0.995,0,0.095],"_humanoidState":5,"_cameraCFrame":[751.552,241.07,45.566,0.095,-0.966,0.241,0,0.242,0.97,-0.995,-0.092,0.023],"_shiftlockState":true,"_pose":"FreeFall","_animationQueue":[],"_animationSpeed":1,"_zoom":12.5},{"_mousePosition":[683,384],"_rootPartCFrame":[748.105,226.843,46.995,0.095,0,0.995,0,1,0,-0.995,0,0.095],"_humanoidState":5,"_cameraCFrame":[751.279,240.474,45.525,0.09,-0.966,0.241,0,0.242,0.97,-0.996,-0.087,0.022],"_shiftlockState":true,"_pose":"FreeFall","_animationQueue":[],"_animationSpeed":1,"_zoom":12.5},{"_mousePosition":[683,384],"_rootPartCFrame":[747.839,226.193,46.97,0.09,0,0.996,0,1,0,-0.996,0,0.09],"_humanoidState":5,"_cameraCFrame":[751.009,239.823,45.491,0.087,-0.967,0.241,0,0.242,0.97,-0.996,-0.085,0.021],"_shiftlockState":true,"_pose":"FreeFall","_animationQueue":[],"_animationSpeed":1,"_zoom":12.5},{"_mousePosition":[683,384],"_rootPartCFrame":[747.574,225.489,46.946,0.088,0,0.996,0,1,0,-0.996,0,0.088],"_humanoidState":5,"_cameraCFrame":[750.736,239.118,45.451,0.082,-0.967,0.241,0,0.242,0.97,-0.997,-0.08,0.02],"_shiftlockState":true,"_pose":"FreeFall","_animationQueue":[["fall",0.3]],"_animationSpeed":1,"_zoom":12.5},{"_mousePosition":[683,384],"_rootPartCFrame":[747.308,224.731,46.922,0.083,0,0.997,0,1,0,-0.997,0,0.083],"_humanoidState":5,"_cameraCFrame":[750.466,238.359,45.42,0.08,-0.967,0.241,0,0.242,0.97,-0.997,-0.077,0.019],"_shiftlockState":true,"_pose":"FreeFall","_animationQueue":[],"_animationSpeed":1,"_zoom":12.5},{"_mousePosition":[683,384],"_rootPartCFrame":[747.042,223.918,46.9,0.08,0,0.997,0,1,0,-0.997,0,0.08],"_humanoidState":5,"_cameraCFrame":[750.201,237.546,45.397,0.08,-0.967,0.241,0,0.242,0.97,-0.997,-0.077,0.019],"_shiftlockState":true,"_pose":"FreeFall","_animationQueue":[],"_animationSpeed":1,"_zoom":12.5},{"_mousePosition":[683,384],"_rootPartCFrame":[746.776,223.05,46.879,0.08,0,0.997,0,1,0,-0.997,0,0.08],"_humanoidState":5,"_cameraCFrame":[749.911,236.684,45.374,0.08,-0.968,0.24,0,0.24,0.971,-0.997,-0.077,0.019],"_shiftlockState":true,"_pose":"FreeFall","_animationQueue":[],"_animationSpeed":1,"_zoom":12.5},{"_mousePosition":[683,384],"_rootPartCFrame":[746.639,222.425,46.857,0.08,0,0.997,0,1,0,-0.997,0,0.08],"_humanoidState":7,"_cameraCFrame":[749.774,236.059,45.353,0.08,-0.968,0.24,0,0.24,0.971,-0.997,-0.077,0.019],"_shiftlockState":true,"_pose":"FreeFall","_animationQueue":[["walk",0.1],["fall",0.3],["fall",0.3]],"_animationSpeed":1,"_zoom":12.5},{"_mousePosition":[683,384],"_rootPartCFrame":[746.617,222.46,46.836,0.08,0,0.997,0,1,0,-0.997,0,0.08],"_humanoidState":7,"_cameraCFrame":[749.752,236.094,45.332,0.08,-0.968,0.24,0,0.24,0.971,-0.997,-0.077,0.019],"_shiftlockState":true,"_pose":"FreeFall","_animationQueue":[],"_animationSpeed":1,"_zoom":12.5},{"_mousePosition":[683,384],"_rootPartCFrame":[746.601,222.556,46.815,0.08,0,0.997,0,1,0,-0.997,0,0.08],"_humanoidState":8,"_cameraCFrame":[749.736,236.189,45.31,0.08,-0.968,0.24,0,0.24,0.971,-0.997,-0.077,0.019],"_shiftlockState":true,"_pose":"Running","_animationQueue":[["fall",0.3],["walk",0.