[{"_mousePosition":[683,384],"_rootPartCFrame":[776.028,222.7,47.142,-1,0,0.006,0,1,0,-0.006,0,-1],"_humanoidState":8,"_cameraCFrame":[774.29,236.445,44.619,-1,-0.005,0.001,0,0.201,0.98,-0.005,0.98,-0.201],"_shiftlockState":true,"_pose":"Standing","_animationQueue":[],"_animationSpeed":1,"_zoom":12.5},{"_mousePosition":[683,384],"_rootPartCFrame":[775.781,222.695,47.141,-1,0,0.005,0,1,0,-0.005,0,-1],"_humanoidState":8,"_cameraCFrame":[774.044,236.44,44.618,-1,-0.005,0.001,0,0.201,0.98,-0.005,0.98,-0.201],"_shiftlockState":true,"_pose":"Standing","_animationQueue":[],"_animationSpeed":1,"_zoom":12.5},{"_mousePosition":[683,384],"_rootPartCFrame":[775.515,222.697,47.139,-1,0,0.005,0,1,0,-0.005,0,-1],"_humanoidState":8,"_cameraCFrame":[773.778,236.441,44.617,-1,-0.005,0.001,0,0.201,0.98,-0.005,0.98,-0.201],"_shiftlockState":true,"_pose":"Running","_animationQueue":[["walk",0.1]],"_animationSpeed":1.066,"_zoom":12.5},{"_mousePosition":[683,384],"_rootPartCFrame":[775.249,222.698,47.138,-1,0,0.005,0,1,0,-0.005,0,-1],"_humanoidState":8,"_cameraCFrame":[773.517,236.448,44.635,-1,-0.007,0.001,0,0.199,0.98,-0.007,0.98,-0.199],"_shiftlockState":true,"_pose":"Running","_animationQueue":[],"_animationSpeed":1.066,"_zoom":12.5},{"_mousePosition":[683,384],"_rootPartCFrame":[774.982,222.699,47.137,-1,0,0.007,0,1,0,-0.007,0,-1],"_humanoidState":8,"_cameraCFrame":[773.27,236.453,44.644,-1,-0.015,0.003,0,0.197,0.98,-0.015,0.98,-0.197],"_shiftlockState":true,"_pose":"Running","_animationQueue":[["walk",0.1]],"_animationSpeed":1.066,"_zoom":12.5},{"_mousePosition":[683,384],"_rootPartCFrame":[774.716,222.699,47.135,-1,0,0.015,0,1,0,-0.015,0,-1],"_humanoidState":8,"_cameraCFrame":[773.046,236.463,44.66,-0.999,-0.032,0.006,0,0.193,0.981,-0.033,0.981,-0.193],"_shiftlockState":true,"_pose":"Running","_animationQueue":[],"_animationSpeed":1.066,"_zoom":12.5},{"_mousePosition":[683,384],"_rootPartCFrame":[774.449,222.699,47.131,-0.999,0,0.033,0,1,0,-0.033,0,-0.999],"_humanoidState":8,"_cameraCFrame":[772.851,236.477,44.679,-0.998,-0.062,0.012,0,0.188,0.982,-0.063,0.98,-0.187],"_shiftlockState":true,"_pose":"Running","_animationQueue":[],"_animationSpeed":1.066,"_zoom":12.5},{"_mousePosition":[683,384],"_rootPartCFrame":[774.182,222.7,47.123,-0.998,0,0.063,0,1,0,-0.063,0,-0.998],"_humanoidState":8,"_cameraCFrame":[772.677,236.491,44.679,-0.995,-0.102,0.019,0,0.182,0.983,-0.103,0.978,-0.181],"_shiftlockState":true,"_pose":"Running","_animationQueue":[],"_animationSpeed":1.066,"_zoom":12.5},{"_mousePosition":[683,384],"_rootPartCFrame":[773.916,222.7,47.108,-0.995,0,0.103,0,1,0,-0.103,0,-0.995],"_humanoidState":8,"_cameraCFrame":[772.516,236.508,44.689,-0.989,-0.149,0.026,0,0.174,0.985,-0.151,0.973,-0.172],"_shiftlockState":true,"_pose":"Running","_animationQueue":[],"_animationSpeed":1.066,"_zoom":12.5},{"_mousePosition":[683,384],"_rootPartCFrame":[773.585,222.7,47.075,-0.989,0,0.151,0,1,0,-0.151,0,-0.989],"_humanoidState":8,"_cameraCFrame":[772.37,236.51,44.565,-0.974,-0.222,0.039,0,0.174,0.985,-0.226,0.959,-0.169],"_shiftlockState":true,"_pose":"Running","_animationQueue":[],"_animationSpeed":1.066,"_zoom":12.5},{"_mousePosition":[683,384],"_rootPartCFrame":[773.321,222.7,47.036,-0.974,0,0.226,0,1,0,-0.226,0,-0.974],"_humanoidState":8,"_cameraCFrame":[772.176,236.51,44.494,-0.968,-0.249,0.044,0,0.174,0.985,-0.253,0.953,-0.168],"_shiftlockState":true,"_pose":"Running","_animationQueue":[["walk",0.1]],"_animationSpeed":1.066,"_zoom":12.5},{"_mousePosition":[683,384],"_rootPartCFrame":[773.125,222.7,46.994,-0.968,0,0.253,0,1,0,-0.253,0,-0.968],"_humanoidState":8,"_cameraCFrame":[772.223,236.51,44.356,-0.94,-0.337,0.059,0,0.174,0.985,-0.342,0.925,-0.163],"_shiftlockState":true,"_pose":"Running","_animationQueue":[],"_animationSpeed":1.066,"_zoom":12.5},{"_mousePosition":[683,384],"_rootPartCFrame":[772.803,222.7,46.911,-0.94,0,0.342,0,1,0,-0.342,0,-0.94],"_humanoidState":8,"_cameraCFrame":[772.11,236.51,44.21,-0.91,-0.408,0.072,0,0.174,0.985,-0.415,0.896,-0.158],"_shiftlockState":true,"_pose":"Running","_animationQueue":[],"_animationSpeed":1.066,"_zoom":12.5},{"_mousePosition":[683,384],"_rootPartCFrame":[772.614,222.7,46.846,-0.91,0,0.415,0,1,0,-0.415,0,-0.91],"_humanoidState":8,"_cameraCFrame":[772.184,236.51,44.091,-0.866,-0.493,0.087,0,0.174,0.985,-0.5,0.853,-0.15],"_shiftlockState":true,"_pose":"Running","_animationQueue":[],"_animationSpeed":1.066,"_zoom":12.5},{"_mousePosition":[683,384],"_rootPartCFrame":[772.37,222.7,46.738,-0.866,0,0.5,0,1,0,-0.5,0,-0.866],"_humanoidState":8,"_cameraCFrame":[772.255,236.51,43.953,-0.804,-0.586,0.103,0,0.174,0.985,-0.595,0.791,-0.14],"_shiftlockState":true,"_pose":"Running","_animationQueue":[],"_animationSpeed":1.066,"_zoom":12.5},{"_mousePosition":[683,384],"_rootPartCFrame":[772.079,222.7,46.575,-0.799,0,0.601,0,1,0,-0.601,0,-0.799],"_humanoidState":8,"_cameraCFrame":[772.297,236.51,43.796,-0.727,-0.676,0.119,0,0.174,0.985,-0.686,0.716,-0.126],"_shiftlockState":true,"_pose":"Running","_animationQueue":[],"_animationSpeed":1.066,"_zoom":12.5},{"_mousePosition":[683,384],"_rootPartCFrame":[771.916,222.7,46.46,-0.723,0,0.69,0,1,0,-0.69,0,-0.723],"_humanoidState":8,"_cameraCFrame":[772.489,236.51,43.731,-0.633,-0.763,0.134,0,0.174,0.985,-0.774,0.623,-0.11],"_shiftlockState":true,"_pose":"Running","_animationQueue":[],"_animationSpeed":1.066,"_zoom":12.5},{"_mousePosition":[683,384],"_rootPartCFrame":[771.662,222.7,46.428,-0.627,0,0.779,0,1,0,-0.779,0,-0.627],"_humanoidState":8,"_cameraCFrame":[772.602,236.51,43.803,-0.521,-0.84,0.148,0,0.174,0.985,-0.853,0.514,-0.091],"_shiftlockState":true,"_pose":"Running","_animationQueue":[["walk",0.1]],"_animationSpeed":1.066,"_zoom":12.5},{"_mousePosition":[683,384],"_rootPartCFrame":[771.397,222.7,46.406,-0.514,0,0.858,0,1,0,-0.858,0,-0.514],"_humanoidState":8,"_cameraCFrame":[772.698,236.51,43.94,-0.396,-0.904,0.159,0,0.174,0.985,-0.918,0.39,-0.069],"_shiftlockState":true,"_pose":"Running","_animationQueue":[],"_animationSpeed":1.066,"_zoom":12.5},{"_mousePosition":[683,384],"_rootPartCFrame":[771.105,222.7,46.547,-0.386,0,0.923,0,1,0,-0.923,0,-0.386],"_humanoidState":8,"_cameraCFrame":[772.735,236.51,44.285,-0.264,-0.95,0.167,0,0.174,0.985,-0.964,0.26,-0.046],"_shiftlockState":true,"_pose":"Running","_animationQueue":[],"_animationSpeed":1.066,"_zoom":12.5},{"_mousePosition":[683,384],"_rootPartCFrame":[770.861,222.7,46.655,-0.256,0,0.967,0,1,0,-0.967,0,-0.256],"_humanoidState":8,"_cameraCFrame":[772.754,236.51,44.607,-0.146,-0.974,0.172,0,0.174,0.985,-0.989,0.143,-0.025],"_shiftlockState":true,"_pose":"Running","_animationQueue":[],"_animationSpeed":1.066,"_zoom":12.5},{"_mousePosition":[683,384],"_rootPartCFrame":[770.606,222.7,46.73,-0.138,0,0.99,0,1,0,-0.99,0,-0.138],"_humanoidState":8,"_cameraCFrame":[772.691,236.51,44.879,-0.047,-0.984,0.173,0,0.174,0.985,-0.999,0.047,-0.008],"_shiftlockState":true,"_pose":"Running","_animationQueue":[],"_animationSpeed":1.066,"_zoom":12.5},{"_mousePosition":[683,384],"_rootPartCFrame":[770.343,222.7,46.774,-0.045,0,0.999,0,1,0,-0.999,0,-0.045],"_humanoidState":8,"_cameraCFrame":[772.563,236.51,45.086,0.028,-0.984,0.174,0,0.174,0.985,-1,-0.028,0.005],"_shiftlockState":true,"_pose":"Running","_animationQueue":[],"_animationSpeed":1.066,"_zoom":12.5},{"_mousePosition":[683,384],"_rootPartCFrame":[770.079,222.666,46.813,0.029,0,1,0,1,0,-1,0,0.029],"_humanoidState":8,"_cameraCFrame":[772.401,236.476,45.269,0.092,-0.981,0.173,0,0.174,0.985,-0.996,-0.09,0.016],"_shiftlockState":true,"_pose":"Running","_animationQueue":[],"_animationSpeed":1.066,"_zoom":12.5},{"_mousePosition":[683,384],"_rootPartCFrame":[769.815,222.577,46.852,0.092,0,0.996,0,1,0,-0.996,0,0.092],"_humanoidState":8,"_cameraCFrame":[772.149,236.387,45.326,0.099,-0.98,0.173,0,0.174,0.985,-0.995,-0.098,0.017],"_shiftlockState":true,"_pose":"Running","_animationQueue":[["walk",0.1]],"_animationSpeed":1.066,"_zoom":12.5},{"_mousePosition":[683,384],"_rootPartCFrame":[769.551,222.434,46.891,0.099,0,0.995,0,1,0,-0.995,0,0.099],"_humanoidState":8,"_cameraCFrame":[771.885,236.244,45.364,0.099,-0.98,0.173,0,0.174,0.985,-0.995,-0.098,0.017],"_shiftlockState":true,"_pose":"Running","_animationQueue":[],"_animationSpeed":1.066,"_zoom":12.5},{"_mousePosition":[683,384],"_rootPartCFrame":[769.287,222.236,46.929,0.099,0,0.995,0,1,0,-0.995,0,0.099],"_humanoidState":8,"_cameraCFrame":[771.621,236.047,45.403,0.099,-0.98,0.173,0,0.174,0.985,-0.995,-0.098,0.017],"_shiftlockState":true,"_pose":"Running","_animationQueue":[],"_animationSpeed":1.066,"_zoom":12.5},{"_mousePosition":[683,384],"_rootPartCFrame":[769.023,223.11,46.968,0.099,0,0.995,0,1,0,-0.995,0,0.099],"_humanoidState":3,"_cameraCFrame":[771.357,236.92,45.442,0.099,-0.98,0.173,0,0.174,0.985,-0.995,-0.098,0.017],"_shiftlockState":true,"_pose":"Jumping","_animationQueue":[["walk",0.1],["jump",0.1]],"_animationSpeed":1,"_zoom":12.5},{"_mousePosition":[683,384],"_rootPartCFrame":[768.759,223.932,46.982,0.099,0,0.995,0,1,0,-0.995,0,0.099],"_humanoidState":5,"_cameraCFrame":[771.092,237.742,45.456,0.099,-0.98,0.173,0,0.174,0.985,-0.995,-0.098,0.017],"_shiftlockState":true,"_pose":"FreeFall","_animationQueue":[["jump",0.1]],"_animationSpeed":1,"_zoom":12.5},{"_mousePosition":[683,384],"_rootPartCFrame":[768.494,224.699,46.962,0.099,0,0.995,0,1,0,-0.995,0,0.099],"_humanoidState":5,"_cameraCFrame":[770.831,238.509,45.442,0.102,-0.98,0.173,0,0.174,0.985,-0.995,-0.1,0.018],"_shiftlockState":true,"_pose":"FreeFall","_animationQueue":[],"_animationSpeed":1,"_zoom":12.5},{"_mousePosition":[683,384],"_rootPartCFrame":[768.228,225.412,46.936,0.101,0,0.995,0,1,0,-0.995,0,0.101],"_humanoidState":5,"_cameraCFrame":[770.562,239.222,45.409,0.099,-0.98,0.173,0,0.174,0.985,-0.995,-0.098,0.017],"_shiftlockState":true,"_pose":"FreeFall","_animationQueue":[],"_animationSpeed":1,"_zoom":12.5},{"_mousePosition":[683,384],"_rootPartCFrame":[767.963,226.071,46.909,0.099,0,0.995,0,1,0,-0.995,0,0.099],"_humanoidState":5,"_cameraCFrame":[770.277,239.881,45.353,0.087,-0.981,0.173,0,0.174,0.985,-0.996,-0.085,0.015],"_shiftlockState":true,"_pose":"FreeFall","_animationQueue":[],"_animationSpeed":1,"_zoom":12.5},{"_mousePosition":[683,384],"_rootPartCFrame":[767.698,226.675,46.882,0.088,0,0.996,0,1,0,-0.996,0,0.088],"_humanoidState":5,"_cameraCFrame":[769.98,240.485,45.28,0.066,-0.983,0.173,0,0.174,0.985,-0.998,-0.065,0.012],"_shiftlockState":true,"_pose":"FreeFall","_animationQueue":[],"_animationSpeed":1,"_zoom":12.5},{"_mousePosition":[683,384],"_rootPartCFrame":[767.432,227.224,46.858,0.069,0,0.998,0,1,0,-0.998,0,0.069],"_humanoidState":5,"_cameraCFrame":[769.677,241.034,45.205,0.044,-0.984,0.173,0,0.174,0.985,-0.999,-0.043,0.008],"_shiftlockState":true,"_pose":"FreeFall","_animationQueue":[],"_animationSpeed":1,"_zoom":12.5},{"_mousePosition":[683,384],"_rootPartCFrame":[767.166,227.719,46.84,0.047,0,0.999,0,1,0,-0.999,0,0.047],"_humanoidState":5,"_cameraCFrame":[769.373,241.529,45.136,0.021,-0.985,0.174,0,0.174,0.985,-1,-0.021,0.004],"_shiftlockState":true,"_pose":"FreeFall","_animationQueue":[],"_animationSpeed":1,"_zoom":12.5},{"_mousePosition":[683,384],"_rootPartCFrame":[766.9,228.16,46.827,0.024,0,1,0,1,0,-1,0,0.024],"_humanoidState":5,"_cameraCFrame":[769.076,241.97,45.084,0.003,-0.985,0.174,0,0.174,0.985,-1,-0.003,0.001],"_shiftlockState":true,"_pose":"FreeFall","_animationQueue":[],"_animationSpeed":1,"_zoom":12.5},{"_mousePosition":[683,384],"_rootPartCFrame":[766.633,228.546,46.821,0.006,0,1,0,1,0,-1,0,0.006],"_humanoidState":5,"_cameraCFrame":[768.809,242.356,45.078,0.003,-0.985,0.174,0,0.174,0.985,-1,-0.003,0.001],"_shiftlockState":true,"_pose":"FreeFall","_animationQueue":[],"_animationSpeed":1,"_zoom":12.5},{"_mousePosition":[683,384],"_rootPartCFrame":[766.366,228.877,46.819,0.004,0,1,0,1,0,-1,0,0.004],"_humanoidState":5,"_cameraCFrame":[768.543,242.687,45.076,0.003,-0.985,0.174,0,0.174,0.985,-1,-0.003,0.001],"_shiftlockState":true,"_pose":"FreeFall","_animationQueue":[],"_animationSpeed":1,"_zoom":12.5},{"_mousePosition":[683,384],"_rootPartCFrame":[766.1,229.154,46.818,0.003,0,1,0,1,0,-1,0,0.003],"_humanoidState":5,"_cameraCFrame":[768.276,242.964,45.075,0.003,-0.985,0.174,0,0.174,0.985,-1,-0.003,0.001],"_shiftlockState":true,"_pose":"FreeFall","_animationQueue":[],"_animationSpeed":1,"_zoom":12.5},{"_mousePosition":[683,384],"_rootPartCFrame":[765.833,229.377,46.818,0.003,0,1,0,1,0,-1,0,0.003],"_humanoidState":5,"_cameraCFrame":[768.009,243.187,45.075,0.003,-0.985,0.174,0,0.174,0.985,-1,-0.003,0.001],"_shiftlockState":true,"_pose":"FreeFall","_animationQueue":[],"_animationSpeed":1,"_zoom":12.5},{"_mousePosition":[683,384],"_rootPartCFrame":[765.567,229.545,46.817,0.003,0,1,0,1,0,-1,0,0.003],"_humanoidState":5,"_cameraCFrame":[767.738,243.355,45.068,0.001,-0.985,0.174,0,0.174,0.985,-1,-0.001,0],"_shiftlockState":true,"_pose":"FreeFall","_animationQueue":[],"_animationSpeed":1,"_zoom":12.5},{"_mousePosition":[683,384],"_rootPartCFrame":[765.233,229.678,46.816,0.001,0,1,0,1,0,-1,0,0.001],"_humanoidState":5,"_cameraCFrame":[767.383,243.488,45.04,-0.012,-0.985,0.174,0,0.174,0.985,-1,0.012,-0.002],"_shiftlockState":true,"_pose":"FreeFall","_animationQueue":[],"_animationSpeed":1,"_zoom":12.5},{"_mousePosition":[683,384],"_rootPartCFrame":[764.967,229.724,46.815,-0.011,0,1,0,1,0,-1,0,-0.011],"_humanoidState":5,"_cameraCFrame":[767.133,243.521,44.972,-0.042,-0.983,0.179,0,0.179,0.984,-0.999,0.042,-0.008],"_shiftlockState":true,"_pose":"FreeFall","_animationQueue":[],"_animationSpeed":1,"_zoom":12.5},{"_mousePosition":[683,384],"_rootPartCFrame":[764.767,229.722,46.817,-0.04,0,0.999,0,1,0,-0.999,0,-0.04],"_humanoidState":5,"_cameraCFrame":[766.876,243.515,44.88,-0.085,-0.98,0.181,0,0.181,0.983,-0.996,0.084,-0.015],"_shiftlockState":true,"_pose":"FreeFall","_animationQueue":[],"_animationSpeed":1,"_zoom":12.5},{"_mousePosition":[683,384],"_rootPartCFrame":[764.5,229.672,46.827,-0.08,0,0.997,0,1,0,-0.997,0,-0.08],"_humanoidState":5,"_cameraCFrame":[766.606,243.451,44.803,-0.123,-0.975,0.186,0,0.187,0.982,-0.992,0.121,-0.023],"_shiftlockState":true,"_pose":"FreeFall","_animationQueue":[["fall",0.3]],"_animationSpeed":1,"_zoom":12.5},{"_mousePosition":[683,384],"_rootPartCFrame":[764.235,229.567,46.848,-0.118,0,0.993,0,1,0,-0.993,0,-0.118],"_humanoidState":5,"_cameraCFrame":[766.34,243.347,44.824,-0.123,-0.975,0.186,0,0.187,0.982,-0.992,0.121,-0.023],"_shiftlockState":true,"_pose":"FreeFall","_animationQueue":[],"_animationSpeed":1,"_zoom":12.5},{"_mousePosition":[683,384],"_rootPartCFrame":[763.904,229.36,46.888,-0.121,0,0.993,0,1,0,-0.993,0,-0.121],"_humanoidState":5,"_cameraCFrame":[766.009,243.14,44.863,-0.123,-0.975,0.186,0,0.187,0.982,-0.992,0.121,-0.023],"_shiftlockState":true,"_pose":"FreeFall","_animationQueue":[],"_animationSpeed":1,"_zoom":12.5},{"_mousePosition":[683,384],"_rootPartCFrame":[763.639,229.133,46.921,-0.123,0,0.992,0,1,0,-0.992,0,-0.123],"_humanoidState":5,"_cameraCFrame":[765.744,242.912,44.896,-0.123,-0.975,0.186,0,0.187,0.982,-0.992,0.121,-0.023],"_shiftlockState":true,"_pose":"FreeFall","_animationQueue":[],"_animationSpeed":1,"_zoom":12.5},{"_mousePosition":[683,384],"_rootPartCFrame":[763.374,228.851,46.954,-0.123,0,0.992,0,1,0,-0.992,0,-0.123],"_humanoidState":5,"_cameraCFrame":[765.48,242.631,44.929,-0.123,-0.975,0.186,0,0.187,0.982,-0.992,0.121,-0.023],"_shiftlockState":true,"_pose":"FreeFall","_animationQueue":[],"_animationSpeed":1,"_zoom":12.5},{"_mousePosition":[683,384],"_rootPartCFrame":[763.11,228.515,46.986,-0.123,0,0.992,0,1,0,-0.992,0,-0.123],"_humanoidState":5,"_cameraCFrame":[765.215,242.295,44.962,-0.123,-0.975,0.186,0,0.187,0.982,-0.992,0.121,-0.023],"_shiftlockState":true,"_pose":"FreeFall","_animationQueue":[],"_animationSpeed":1,"_zoom":12.5},{"_mousePosition":[683,384],"_rootPartCFrame":[762.911,228.228,47.011,-0.123,0,0.992,0,1,0,-0.992,0,-0.123],"_humanoidState":5,"_cameraCFrame":[765.016,242.007,44.987,-0.123,-0.975,0.186,0,0.187,0.982,-0.992,0.121,-0.023],"_shiftlockState":true,"_pose":"FreeFall","_animationQueue":[["fall",0.3]],"_animationSpeed":1,"_zoom":12.5},{"_mousePosition":[683,384],"_rootPartCFrame":[762.58,227.68,47.052,-0.123,0,0.992,0,1,0,-0.992,0,-0.123],"_humanoidState":5,"_cameraCFrame":[764.686,241.459,45.028,-0.123,-0.975,0.186,0,0.187,0.982,-0.992,0.121,-0.023],"_shiftlockState":true,"_pose":"FreeFall","_animationQueue":[],"_animationSpeed":1,"_zoom":12.5},{"_mousePosition":[683,384],"_rootPartCFrame":[762.316,227.18,47.085,-0.123,0,0.992,0,1,0,-0.992,0,-0.123],"_humanoidState":5,"_cameraCFrame":[764.421,240.959,45.06,-0.123,-0.975,0.186,0,0.187,0.982,-0.992,0.121,-0.023],"_shiftlockState":true,"_pose":"FreeFall","_animationQueue":[],"_animationSpeed":1,"_zoom":12.5},{"_mousePosition":[683,384],"_rootPartCFrame":[762.051,226.626,47.118,-0.123,0,0.992,0,1,0,-0.992,0,-0.123],"_humanoidState":5,"_cameraCFrame":[764.156,240.405,45.093,-0.123,-0.975,0.186,0,0.187,0.982,-0.992,0.121,-0.023],"_shiftlockState":true,"_pose":"FreeFall","_animationQueue":[],"_animationSpeed":1,"_zoom":12.5},{"_mousePosition":[683,384],"_rootPartCFrame":[761.853,226.175,47.142,-0.123,0,0.992,0,1,0,-0.992,0,-0.123],"_humanoidState":5,"_cameraCFrame":[763.958,239.954,45.118,-0.123,-0.975,0.186,0,0.187,0.982,-0.992,0.121,-0.023],"_shiftlockState":true,"_pose":"FreeFall","_animationQueue":[],"_animationSpeed":1,"_zoom":12.5},{"_mousePosition":[683,384],"_rootPartCFrame":[761.588,225.525,47.175,-0.123,0,0.992,0,1,0,-0.992,0,-0.123],"_humanoidState":5,"_cameraCFrame":[763.693,239.304,45.151,-0.123,-0.975,0.186,0,0.187,0.982,-0.992,0.121,-0.023],"_shiftlockState":true,"_pose":"FreeFall","_animationQueue":[],"_animationSpeed":1,"_zoom":12.5},{"_mousePosition":[683,384],"_rootPartCFrame":[761.323,224.821,47.208,-0.123,0,0.992,0,1,0,-0.992,0,-0.123],"_humanoidState":5,"_cameraCFrame":[763.392,238.6,45.146,-0.141,-0.973,0.185,0,0.187,0.982,-0.99,0.138,-0.026],"_shiftlockState":true,"_pose":"FreeFall","_animationQueue":[],"_animationSpeed":1,"_zoom":12.5},{"_mousePosition":[683,384],"_rootPartCFrame":[761.059,224.771,47.241,-0.141,0,0.99,0,1,0,-0.99,0,-0.141],"_humanoidState":7,"_cameraCFrame":[763.028,238.545,45.058,-0.198,-0.963,0.185,0,0.189,0.982,-0.98,0.194,-0.037],"_shiftlockState":true,"_pose":"FreeFall","_animationQueue":[["fall",0.3],["walk",0.1],["fall",0.3],["fall",0.3]],"_animationSpeed":1,"_zoom":12.5},{"_mousePosition":[683,384],"_rootPartCFrame":[760.795,224.931,47.277,-0.198,0,0.98,0,1,0,-0.98,0,-0.198],"_humanoidState":7,"_cameraCFrame":[762.696,238.687,44.935,-0.267,-0.945,0.189,0,0.197,0.98,-0.964,0.262,-0.052],"_shiftlockState":true,"_pose":"FreeFall","_animationQueue":[],"_animationSpeed":1,"_zoom":12.5},{"_mousePosition":[683,384],"_rootPartCFrame":[760.677,225.046,47.468,-0.168,0,0.986,-0.008,1,-0.002,-0.986,-0.009,-0.168],"_humanoidState":8,"_cameraCFrame":[762.496,238.777,44.926,-0.344,-0.919,0.194,0,0.206,0.979,-0.939,0.337,-0.071],"_shiftlockState":true,"_pose":"Running","_animationQueue":[["walk",0.1],["fall",0.3],["walk",0.1]],"_animationSpeed":1.103,"_zoom":12.5},{"_mousePosition":[683,384],"_rootPartCFrame":[760.736,225.104,47.678,-0.252,0,0.968,-0.006,1,-0.002,-0.968,-0.006,-0.252],"_humanoidState":8,"_cameraCFrame":[762.444,238.815,44.969,-0.414,-0.889,0.195,0,0.214,0.977,-0.91,0.405,-0.089],"_shiftlockState":true,"_pose":"Running","_animationQueue":[["walk",0.1]],"_animationSpeed":0.952,"_zoom":12.5},{"_mousePosition":[683,384],"_rootPartCFrame":[760.904,225.144,47.917,-0.392,0.003,0.92,0,1,-0.004,-0.92,-0.002,-0.392],"_humanoidState":8,"_cameraCFrame":[762.527,238.855,45.16,-0.444,-0.875,0.192,0,0.214,0.977,-0.896,0.434,-0.095],"_shiftlockState":true,"_pose":"Running","_animationQueue":[],"_animationSpeed":0.952,"_zoom":12.5},{"_mousePosition":[683,384],"_rootPartCFrame":[761.024,225.169,48.16,-0.443,0.001,0.896,0.001,1,-0.001,-0.896,0,-0.443],"_humanoidState":8,"_cameraCFrame":[762.411,238.895,45.348,-0.497,-0.848,0.181,0,0.208,0.978,-0.867,0.487,-0.104],"_shiftlockState":true,"_pose":"Running","_animationQueue":[["walk",0.1]],"_animationSpeed":1.082,"_zoom":12.5},{"_mousePosition":[683,384],"_rootPartCFrame":[761.142,225.183,48.399,-0.497,0,0.867,0,1,0,-0.867,0,-0.497],"_humanoidState":8,"_cameraCFrame":[762.416,238.929,45.622,-0.506,-0.845,0.173,0,0.2,0.98,-0.862,0.496,-0.101],"_shiftlockState":true,"_pose":"Running","_animationQueue":[["walk",0.1]],"_animationSpeed":1.082,"_zoom":12.5},{"_mousePosition":[683,384],"_rootPartCFrame":[761.272,225.19,48.632,-0.506,0,0.862,0,1,0,-0.862,0,-0.506],"_humanoidState":8,"_cameraCFrame":[762.472,238.956,45.906,-0.504,-0.847,0.167,0,0.193,0.981,-0.864,0.495,-0.097],"_shiftlockState":true,"_pose":"Running","_animationQueue":[],"_animationSpeed":1.082,"_zoom":12.5},{"_mousePosition":[683,384],"_rootPartCFrame":[761.407,225.195,48.862,-0.504,0,0.864,0,1,0,-0.864,0,-0.504],"_humanoidState":8,"_cameraCFrame":[762.551,238.979,46.195,-0.495,-0.854,0.161,0,0.185,0.983,-0.869,0.487,-0.092],"_shiftlockState":true,"_pose":"Running","_animationQueue":[],"_animationSpeed":1.082,"_zoom":12.5},{"_mousePosition":[683,384],"_rootPartCFrame":[761.542,225.164,49.092,-0.495,0,0.869,0,1,0,-0.869,0,-0.495],"_humanoidState":8,"_cameraCFrame":[762.678,238.957,46.463,-0.484,-0.86,0.159,0,0.181,0.983,-0.875,0.476,-0.088],"_shiftlockState":true,"_pose":"Running","_animationQueue":[],"_animationSpeed":1.082,"_zoom":12.5},{"_mousePosition":[683,384],"_rootPartCFrame":[761.677,226.037,49.322,-0.484,0,0.875,0,1,0,-0.875,0,-0.484],"_humanoidState":3,"_cameraCFrame":[762.81,239.839,46.733,-0.471,-0.868,0.157,0,0.177,0.984,-0.882,0.463,-0.084],"_shiftlockState":true,"_pose":"Jumping","_animationQueue":[["walk",0.1],["jump",0.1]],"_animationSpeed":1,"_zoom":12.5},{"_mousePosition":[683,384],"_rootPartCFrame":[761.807,226.859,49.555,-0.55,0,0.835,0,1,0,-0.835,0,-0.55],"_humanoidState":5,"_cameraCFrame":[762.964,240.665,46.998,-0.455,-0.877,0.156,0,0.176,0.984,-0.89,0.448,-0.08],"_shiftlockState":true,"_pose":"FreeFall","_animationQueue":[["jump",0.1]],"_animationSpeed":1,"_zoom":12.5},{"_mousePosition":[683,384],"_rootPartCFrame":[761.933,227.627,49.79,-0.566,0,0.825,0,1,0,-0.825,0,-0.566],"_humanoidState":5,"_cameraCFrame":[763.133,241.437,47.273,-0.433,-0.888,0.157,0,0.174,0.985,-0.902,0.426,-0.075],"_shiftlockState":true,"_pose":"FreeFall","_animationQueue":[],"_animationSpeed":1,"_zoom":12.5},{"_mousePosition":[683,384],"_rootPartCFrame":[762.055,228.34,50.027,-0.548,0,0.836,0,1,0,-0.836,0,-0.548],"_humanoidState":5,"_cameraCFrame":[763.312,242.15,47.538,-0.412,-0.897,0.158,0,0.174,0.985,-0.911,0.406,-0.072],"_shiftlockState":true,"_pose":"FreeFall","_animationQueue":[],"_animationSpeed":1,"_zoom":12.5},{"_mousePosition":[683,384],"_rootPartCFrame":[762.171,228.998,50.267,-0.529,0,0.848,0,1,0,-0.848,0,-0.529],"_humanoidState":5,"_cameraCFrame":[763.46,242.808,47.794,-0.4,-0.902,0.159,0,0.174,0.985,-0.916,0.394,-0.07],"_shiftlockState":true,"_pose":"FreeFall","_animationQueue":[],"_animationSpeed":1,"_zoom":12.5},{"_mousePosition":[683,384],"_rootPartCFrame":[762.282,229.602,50.509,-0.519,0,0.855,0,1,0,-0.855,0,-0.519],"_humanoidState":5,"_cameraCFrame":[763.571,243.412,48.037,-0.4,-0.902,0.159,0,0.174,0.985,-0.916,0.394,-0.07],"_shiftlockState":true,"_pose":"FreeFall","_animationQueue":[],"_animationSpeed":1,"_zoom":12.5},{"_mousePosition":[683,384],"_rootPartCFrame":[762.389,230.152,50.754,-0.519,0,0.855,0,1,0,-0.855,0,-0.519],"_humanoidState":5,"_cameraCFrame":[763.678,243.962,48.281,-0.4,-0.902,0.159,0,0.174,0.985,-0.916,0.394,-0.07],"_shiftlockState":true,"_pose":"FreeFall","_animationQueue":[],"_animationSpeed":1,"_zoom":12.5},{"_mousePosition":[683,384],"_rootPartCFrame":[762.496,230.647,50.998,-0.519,0,0.855,0,1,0,-0.855,0,-0.519],"_humanoidState":5,"_cameraCFrame":[763.785,244.457,48.525,-0.4,-0.902,0.159,0,0.174,0.985,-0.916,0.394,-0.07],"_shiftlockState":true,"_pose":"FreeFall","_animationQueue":[],"_animationSpeed":1,"_zoom":12.5},{"_mousePosition":[683,384],"_rootPartCFrame":[762.603,231.087,51.242,-0.519,0,0.855,0,1,0,-0.855,0,-0.519],"_humanoidState":5,"_cameraCFrame":[763.891,244.897,48.77,-0.4,-0.902,0.159,0,0.174,0.985,-0.916,0.394,-0.07],"_shiftlockState":true,"_pose":"FreeFall","_animationQueue":[],"_animationSpeed":1,"_zoom":12.5},{"_mousePosition":[683,384],"_rootPartCFrame":[762.709,231.473,51.487,-0.519,0,0.855,0,1,0,-0.855,0,-0.519],"_humanoidState":5,"_cameraCFrame":[763.998,245.283,49.014,-0.4,-0.902,0.159,0,0.174,0.985,-0.916,0.394,-0.07],"_shiftlockState":true,"_pose":"FreeFall","_animationQueue":[],"_animationSpeed":1,"_zoom":12.5},{"_mousePosition":[683,384],"_rootPartCFrame":[762.816,231.805,51.731,-0.519,0,0.855,0,1,0,-0.855,0,-0.519],"_humanoidState":5,"_cameraCFrame":[764.105,245.615,49.258,-0.4,-0.902,0.159,0,0.174,0.985,-0.916,0.394,-0.07],"_shiftlockState":true,"_pose":"FreeFall","_animationQueue":[],"_animationSpeed":1,"_zoom":12.5},{"_mousePosition":[683,384],"_rootPartCFrame":[762.923,232.082,51.975,-0.519,0,0.855,0,1,0,-0.855,0,-0.519],"_humanoidState":5,"_cameraCFrame":[764.211,245.892,49.503,-0.4,-0.902,0.159,0,0.174,0.985,-0.916,0.394,-0.07],"_shiftlockState":true,"_pose":"FreeFall","_animationQueue":[],"_animationSpeed":1,"_zoom":12.5},{"_mousePosition":[683,384],"_rootPartCFrame":[763.029,232.304,52.22,-0.519,0,0.855,0,1,0,-0.855,0,-0.519],"_humanoidState":5,"_cameraCFrame":[764.318,246.114,49.747,-0.4,-0.902,0.159,0,0.174,0.985,-0.916,0.394,-0.07],"_shiftlockState":true,"_pose":"FreeFall","_animationQueue":[],"_animationSpeed":1,"_zoom":12.5},{"_mousePosition":[683,384],"_rootPartCFrame":[763.136,232.472,52.464,-0.519,0,0.855,0,1,0,-0.855,0,-0.519],"_humanoidState":5,"_cameraCFrame":[764.425,246.282,49.992,-0.4,-0.902,0.159,0,0.174,0.985,-0.916,0.394,-0.07],"_shiftlockState":true,"_pose":"FreeFall","_animationQueue":[],"_animationSpeed":1,"_zoom":12.5},{"_mousePosition":[683,384],"_rootPartCFrame":[763.243,232.586,52.708,-0.519,0,0.855,0,1,0,-0.855,0,-0.519],"_humanoidState":5,"_cameraCFrame":[764.531,246.396,50.236,-0.4,-0.902,0.159,0,0.174,0.985,-0.916,0.394,-0.07],"_shiftlockState":true,"_pose":"FreeFall","_animationQueue":[],"_animationSpeed":1,"_zoom":12.5},{"_mousePosition":[683,384],"_rootPartCFrame":[763.35,232.645,52.953,-0.519,0,0.855,0,1,0,-0.855,0,-0.519],"_humanoidState":5,"_cameraCFrame":[764.638,246.455,50.48,-0.4,-0.902,0.159,0,0.174,0.985,-0.916,0.394,-0.07],"_shiftlockState":true,"_pose":"FreeFall","_animationQueue":[],"_animationSpeed":1,"_zoom":12.5},{"_mousePosition":[683,384],"_rootPartCFrame":[763.456,232.649,53.197,-0.519,0,0.855,0,1,0,-0.855,0,-0.519],"_humanoidState":5,"_cameraCFrame":[764.745,246.459,50.725,-0.4,-0.902,0.159,0,0.174,0.985,-0.916,0.394,-0.07],"_shiftlockState":true,"_pose":"FreeFall","_animationQueue":[["fall",0.3]],"_animationSpeed":1,"_zoom":12.5},{"_mousePosition":[683,384],"_rootPartCFrame":[763.59,232.578,53.503,-0.547,0,0.837,0,1,0,-0.837,0,-0.547],"_humanoidState":5,"_cameraCFrame":[764.878,246.388,51.03,-0.4,-0.902,0.159,0,0.174,0.985,-0.916,0.394,-0.07],"_shiftlockState":true,"_pose":"FreeFall","_animationQueue":[],"_animationSpeed":1,"_zoom":12.5},{"_mousePosition":[683,384],"_rootPartCFrame":[763.696,232.46,53.747,-0.519,0,0.855,0,1,0,-0.855,0,-0.519],"_humanoidState":5,"_cameraCFrame":[764.972,246.27,51.268,-0.405,-0.9,0.159,0,0.174,0.985,-0.914,0.399,-0.07],"_shiftlockState":true,"_pose":"FreeFall","_animationQueue":[],"_animationSpeed":1,"_zoom":12.5},{"_mousePosition":[683,384],"_rootPartCFrame":[763.803,232.288,53.991,-0.523,0,0.852,0,1,0,-0.852,0,-0.523],"_humanoidState":5,"_cameraCFrame":[765.054,246.098,51.5,-0.414,-0.896,0.158,0,0.174,0.985,-0.91,0.408,-0.072],"_shiftlockState":true,"_pose":"FreeFall","_animationQueue":[],"_animationSpeed":1,"_zoom":12.5},{"_mousePosition":[683,384],"_rootPartCFrame":[763.911,232.061,54.235,-0.531,0,0.847,0,1,0,-0.847,0,-0.531],"_humanoidState":5,"_cameraCFrame":[765.155,245.871,51.74,-0.416,-0.895,0.158,0,0.174,0.985,-0.909,0.41,-0.072],"_shiftlockState":true,"_pose":"FreeFall","_animationQueue":[],"_animationSpeed":1,"_zoom":12.5},{"_mousePosition":[683,384],"_rootPartCFrame":[764.021,231.779,54.478,-0.534,0,0.846,0,1,0,-0.846,0,-0.534],"_humanoidState":5,"_cameraCFrame":[765.259,245.589,51.98,-0.419,-0.894,0.158,0,0.174,0.985,-0.908,0.412,-0.073],"_shiftlockState":true,"_pose":"FreeFall","_animationQueue":[],"_animationSpeed":1,"_zoom":12.5},{"_mousePosition":[683,384],"_rootPartCFrame":[764.132,231.443,54.721,-0.536,0,0.844,0,1,0,-0.844,0,-0.536],"_humanoidState":5,"_cameraCFrame":[765.376,245.253,52.226,-0.416,-0.895,0.158,0,0.174,0.985,-0.909,0.41,-0.072],"_shiftlockState":true,"_pose":"FreeFall","_animationQueue":[["fall",0.3]],"_animationSpeed":1,"_zoom":12.5},{"_mousePosition":[683,384],"_rootPartCFrame":[764.243,231.052,54.963,-0.534,0,0.846,0,1,0,-0.846,0,-0.534],"_humanoidState":5,"_cameraCFrame":[765.548,244.81,52.507,-0.391,-0.906,0.16,0,0.174,0.985,-0.92,0.385,-0.068],"_shiftlockState":true,"_pose":"FreeFall","_animationQueue":[],"_animationSpeed":1,"_zoom":12.5},{"_mousePosition":[683,384],"_rootPartCFrame":[764.355,230.607,55.205,-0.51,0,0.86,0,1,0,-0.86,0,-0.51],"_humanoidState":5,"_cameraCFrame":[765.438,242.113,52.969,-0.332,-0.929,0.164,0,0.174,0.985,-0.943,0.327,-0.058],"_shiftlockState":true,"_pose":"FreeFall","_animationQueue":[],"_animationSpeed":1,"_zoom":12.5},{"_mousePosition":[683,384],"_rootPartCFrame":[764.434,230.238,55.389,-0.361,0,0.932,0,1,0,-0.932,0,-0.361],"_humanoidState":7,"_cameraCFrame":[765.449,240,53.351,-0.23,-0.958,0.169,0,0.174,0.985,-0.973,0.227,-0.04],"_shiftlockState":true,"_pose":"FreeFall","_animationQueue":[["walk",0.1],["fall",0.3],["fall",0.3]],"_animationSpeed":1,"_zoom":12.5},{"_mousePosition":[683,384],"_rootPartCFrame":[764.525,230.009,55.64,-0.111,0,0.994,0,1,0,-0.994,0,-0.111],"_humanoidState":7,"_cameraCFrame":[765.462,235.656,53.989,0.118,-0.978,0.174,0,0.175,0.985,-0.993,-0.116,0.021],"_shiftlockState":true,"_pose":"FreeFall","_animationQueue":[["fall",0.3],["walk",0.1],["walk",0.1],["fall",0.3]],"_animationSpeed":1,"_zoom":12.5},{"_mousePosition":[683,384],"_rootPartCFrame":[764.559,230.062,55.903,0.13,0,0.992,0,1,0,-0.992,0,0.13],"_humanoidState":7,"_cameraCFrame":[765.454,234.858,54.291,0.185,-0.968,0.171,0,0.174,0.985,-0.983,-0.182,0.032],"_shiftlockState":true,"_pose":"FreeFall","_animationQueue":[],"_animationSpeed":1,"_zoom":12.5},{"_mousePosition":[683,384],"_rootPartCFrame":[764.536,230.12,56.168,0.299,0,0.954,0,1,0,-0.954,0,0.299],"_humanoidState":7,"_cameraCFrame":[765.429,232.633,54.652,0.417,-0.895,0.158,0,0.174,0.985,-0.909,-0.411,0.073],"_shiftlockState":true,"_pose":"FreeFall","_animationQueue":[["fall",0.3],["walk",0.1],["walk",0.1],["fall",0.3]],"_animationSpeed":1,"_zoom":12.5},{"_mousePosition":[683,384],"_rootPartCFrame":[764.479,230.148,56.359,0.421,0,0.907,0,1,0,-0.907,0,0.421],"_humanoidState":7,"_cameraCFrame":[765.536,232.577,54.955,0.524,-0.839,0.148,0,0.174,0.985,-0.852,-0.516,0.091],"_shiftlockState":true,"_pose":"FreeFall","_animationQueue":[],"_animationSpeed":1,"_zoom":12.5},{"_mousePosition":[683,384],"_rootPartCFrame":[764.344,230.175,56.663,0.638,0,0.77,0,1,0,-0.77,0,0.638],"_humanoidState":8,"_cameraCFrame":[765.676,232.743,55.512,0.682,-0.72,0.128,0,0.175,0.985,-0.732,-0.671,0.119],"_shiftlockState":true,"_pose":"Running","_animationQueue":[],"_animationSpeed":1.102,"_zoom":12.5},{"_mousePosition":[683,384],"_rootPartCFrame":[764.29,230.19,56.781,0.683,0,0.73,0,1,0,-0.73,0,0.683],"_humanoidState":8,"_cameraCFrame":[765.677,232.929,55.691,0.704,-0.7,0.123,0,0.174,0.985,-0.711,-0.693,0.122],"_shiftlockState":true,"_pose":"Running","_animationQueue":[["walk",0.1]],"_animationSpeed":1.102,"_zoom":12.5},{"_mousePosition":[683,384],"_rootPartCFrame":[764.29,230.194,56.782,0.704,0,0.711,0,1,0,-0.711,0,0.704],"_humanoidState":8,"_cameraCFrame":[765.924,233.963,56.039,0.795,-0.597,0.105,0,0.174,0.985,-0.606,-0.783,0.138],"_shiftlockState":true,"_pose":"Running","_animationQueue":[["walk",0.1]],"_animationSpeed":0.035,"_zoom":12.5},{"_mousePosition":[683,384],"_rootPartCFrame":[764.29,230.196,56.782,0.798,0,0.603,0,1,0,-0.603,0,0.798],"_humanoidState":8,"_cameraCFrame":[766.16,235.706,56.526,0.868,-0.489,0.086,0,0.174,0.985,-0.497,-0.855,0.151],"_shiftlockState":true,"_pose":"Standing","_animationQueue":[["idle",0.1]],"_animationSpeed":1,"_zoom":12.5},{"_mousePosition":[683,384],"_rootPartCFrame":[764.29,230.198,56.782,0.872,0,0.489,0,1,0,-0.489,0,0.872],"_humanoidState":8,"_cameraCFrame":[766.29,237.491,57.106,0.933,-0.354,0.062,0,0.174,0.985,-0.36,-0.919,0.162],"_shiftlockState":true,"_pose":"Standing","_animationQueue":[],"_animationSpeed":1,"_zoom":12.5},{"_mousePosition":[683,384],"_rootPartCFrame":[764.125,230.199,56.876,0.937,0,0.349,0,1,0,-0.349,0,0.937],"_humanoidState":8,"_cameraCFrame":[766.099,239.262,57.849,0.981,-0.189,0.033,0,0.174,0.985,-0.192,-0.966,0.17],"_shiftlockState":true,"_pose":"Standing","_animationQueue":[],"_animationSpeed":1,"_zoom":12.5},{"_mousePosition":[683,384],"_rootPartCFrame":[763.882,230.199,56.976,0.983,0,0.182,0,1,0,-0.182,0,0.983],"_humanoidState":8,"_cameraCFrame":[765.645,240.521,58.516,1,-0.008,0.001,0,0.174,0.985,-0.008,-0.985,0.174],"_shiftlockState":true,"_pose":"Running","_animationQueue":[["walk",0.1]],"_animationSpeed":1.009,"_zoom":12.5},{"_mousePosition":[683,384],"_rootPartCFrame":[763.687,230.199,57.02,1,0,0,0,1,0,0,0,1],"_humanoidState":8,"_cameraCFrame":[765.121,241.543,59.025,0.986,0.165,-0.029,0,0.174,0.985,0.168,-0.971,0.171],"_shiftlockState":true,"_pose":"Running","_animationQueue":[["walk",0.1]],"_animationSpeed":1.101,"_zoom":12.5},{"_mousePosition":[683,384],"_rootPartCFrame":[763.355,230.2,57.031,0.983,0,-0.182,0,1,0,0.182,0,0.983],"_humanoidState":8,"_cameraCFrame":[764.417,242.256,59.354,0.947,0.315,-0.056,0,0.174,0.985,0.32,-0.933,0.165],"_shiftlockState":true,"_pose":"Running","_animationQueue":[["walk",0.1]],"_animationSpeed":1.101,"_zoom":12.5},{"_mousePosition":[683,384],"_rootPartCFrame":[763.155,230.179,57.033,0.945,0,-0.328,0,1,0,0.328,0,0.945],"_humanoidState":8,"_cameraCFrame":[763.835,242.783,59.569,0.893,0.444,-0.078,0,0.174,0.985,0.451,-0.879,0.155],"_shiftlockState":true,"_pose":"Running","_animationQueue":[],"_animationSpeed":1.101,"_zoom":12.5},{"_mousePosition":[683,384],"_rootPartCFrame":[762.822,230.077,57.035,0.886,0,-0.463,0,1,0,0.463,0,0.886],"_humanoidState":8,"_cameraCFrame":[763.158,243.068,59.691,0.833,0.545,-0.096,0,0.174,0.985,0.553,-0.82,0.145],"_shiftlockState":true,"_pose":"Running","_animationQueue":[],"_animationSpeed":1.101,"_zoom":12.5},{"_mousePosition":[683,384],"_rootPartCFrame":[762.555,229.934,57.038,0.827,0,-0.563,0,1,0,0.563,0,0.827],"_humanoidState":8,"_cameraCFrame":[762.619,243.191,59.75,0.779,0.617,-0.109,0,0.174,0.985,0.627,-0.767,0.135],"_shiftlockState":true,"_pose":"Running","_animationQueue":[],"_animationSpeed":1.101,"_zoom":12.5},{"_mousePosition":[683,384],"_rootPartCFrame":[762.355,229.791,57.039,0.774,0,-0.633,0,1,0,0.633,0,0.774],"_humanoidState":8,"_cameraCFrame":[762.164,243.231,59.77,0.722,0.681,-0.12,0,0.174,0.985,0.691,-0.711,0.125],"_shiftlockState":true,"_pose":"Running","_animationQueue":[],"_animationSpeed":1.101,"_zoom":12.5},{"_mousePosition":[683,384],"_rootPartCFrame":[762.022,230.875,57.042,0.713,0,-0.701,0,1,0,0.701,0,0.713],"_humanoidState":3,"_cameraCFrame":[761.733,244.432,59.78,0.701,0.702,-0.124,0,0.174,0.985,0.713,-0.69,0.122],"_shiftlockState":true,"_pose":"Jumping","_animationQueue":[["walk",0.1],["jump",0.1]],"_animationSpeed":1,"_zoom":12.5},{"_mousePosition":[683,384],"_rootPartCFrame":[761.827,231.486,57.03,0.742,0,-0.67,0,1,0,0.67,0,0.742],"_humanoidState":5,"_cameraCFrame":[761.507,245.125,59.776,0.696,0.707,-0.125,0,0.174,0.985,0.718,-0.685,0.121],"_shiftlockState":true,"_pose":"FreeFall","_animationQueue":[["jump",0.1]],"_animationSpeed":1,"_zoom":12.5},{"_mousePosition":[683,384],"_rootPartCFrame":[761.581,232.254,56.982,0.779,0,-0.626,0,1,0,0.626,0,0.779],"_humanoidState":5,"_cameraCFrame":[761.253,245.953,59.735,0.696,0.707,-0.125,0,0.174,0.985,0.718,-0.685,0.121],"_shiftlockState":true,"_pose":"FreeFall","_animationQueue":[],"_animationSpeed":1,"_zoom":12.5},{"_mousePosition":[683,384],"_rootPartCFrame":[761.351,232.967,56.897,0.784,0,-0.62,0,1,0,0.62,0,0.784],"_humanoidState":5,"_cameraCFrame":[761.011,246.7,59.654,0.694,0.709,-0.125,0,0.174,0.985,0.72,-0.683,0.12],"_shiftlockState":true,"_pose":"FreeFall","_animationQueue":[],"_animationSpeed":1,"_zoom":12.5},{"_mousePosition":[683,384],"_rootPartCFrame":[761.135,233.625,56.775,0.783,0,-0.622,0,1,0,0.622,0,0.783],"_humanoidState":5,"_cameraCFrame":[760.793,247.387,59.535,0.694,0.709,-0.125,0,0.174,0.985,0.72,-0.683,0.12],"_shiftlockState":true,"_pose":"FreeFall","_animationQueue":[],"_animationSpeed":1,"_zoom":12.5},{"_mousePosition":[683,384],"_rootPartCFrame":[760.936,234.229,56.617,0.783,0,-0.622,0,1,0,0.622,0,0.783],"_humanoidState":5,"_cameraCFrame":[760.591,248.006,59.379,0.694,0.709,-0.125,0,0.174,0.985,0.72,-0.683,0.12],"_shiftlockState":true,"_pose":"FreeFall","_animationQueue":[],"_animationSpeed":1,"_zoom":12.5},{"_mousePosition":[683,384],"_rootPartCFrame":[760.749,234.779,56.429,0.783,0,-0.622,0,1,0,0.622,0,0.783],"_humanoidState":5,"_cameraCFrame":[760.424,248.567,59.195,0.699,0.704,-0.124,0,0.174,0.985,0.715,-0.689,0.121],"_shiftlockState":true,"_pose":"FreeFall","_animationQueue":[],"_animationSpeed":1,"_zoom":12.5},{"_mousePosition":[683,384],"_rootPartCFrame":[760.564,235.274,56.237,0.788,0,-0.616,0,1,0,0.616,0,0.788],"_humanoidState":5,"_cameraCFrame":[760.294,249.07,59.011,0.714,0.69,-0.122,0,0.174,0.985,0.7,-0.703,0.124],"_shiftlockState":true,"_pose":"FreeFall","_animationQueue":[],"_animationSpeed":1,"_zoom":12.5},{"_mousePosition":[683,384],"_rootPartCFrame":[760.377,235.714,56.047,0.8,0,-0.599,0,1,0,0.599,0,0.8],"_humanoidState":5,"_cameraCFrame":[760.198,249.515,58.828,0.736,0.666,-0.117,0,0.174,0.985,0.677,-0.725,0.128],"_shiftlockState":true,"_pose":"FreeFall","_animationQueue":[],"_animationSpeed":1,"_zoom":12.5},{"_mousePosition":[683,384],"_rootPartCFrame":[760.188,236.1,55.859,0.82,0,-0.573,0,1,0,0.573,0,0.82],"_humanoidState":5,"_cameraCFrame":[760.112,249.9,58.664,0.765,0.634,-0.113,0,0.176,0.984,0.644,-0.753,0.134],"_shiftlockState":true,"_pose":"FreeFall","_animationQueue":[],"_animationSpeed":1,"_zoom":12.5},{"_mousePosition":[683,384],"_rootPartCFrame":[759.992,236.432,55.678,0.844,0,-0.537,0,1,0,0.537,0,0.844],"_humanoidState":5,"_cameraCFrame":[760.023,250.23,58.503,0.792,0.601,-0.108,0,0.177,0.984,0.611,-0.779,0.141],"_shiftlockState":true,"_pose":"FreeFall","_animationQueue":[],"_animationSpeed":1,"_zoom":12.5},{"_mousePosition":[683,384],"_rootPartCFrame":[759.789,236.709,55.505,0.866,0,-0.5,0,1,0,0.5,0,0.866],"_humanoidState":5,"_cameraCFrame":[759.906,250.508,58.328,0.81,0.577,-0.104,0,0.177,0.984,0.587,-0.797,0.144],"_shiftlockState":true,"_pose":"FreeFall","_animationQueue":[],"_animationSpeed":1,"_zoom":12.5},{"_mousePosition":[683,384],"_rootPartCFrame":[759.579,236.931,55.34,0.881,0,-0.474,0,1,0,0.474,0,0.881],"_humanoidState":5,"_cameraCFrame":[759.695,250.731,58.164,0.81,0.577,-0.104,0,0.177,0.984,0.587,-0.797,0.144],"_shiftlockState":true,"_pose":"FreeFall","_animationQueue":[],"_animationSpeed":1,"_zoom":12.5},{"_mousePosition":[683,384],"_rootPartCFrame":[759.364,237.099,55.183,0.881,0,-0.474,0,1,0,0.474,0,0.881],"_humanoidState":5,"_cameraCFrame":[759.494,250.9,58.006,0.813,0.573,-0.103,0,0.177,0.984,0.582,-0.8,0.144],"_shiftlockState":true,"_pose":"FreeFall","_animationQueue":[],"_animationSpeed":1,"_zoom":12.5},{"_mousePosition":[683,384],"_rootPartCFrame":[759.148,237.213,55.027,0.883,0,-0.469,0,1,0,0.469,0,0.883],"_humanoidState":5,"_cameraCFrame":[759.278,251.014,57.849,0.813,0.573,-0.103,0,0.177,0.984,0.582,-0.8,0.144],"_shiftlockState":true,"_pose":"FreeFall","_animationQueue":[],"_animationSpeed":1,"_zoom":12.5},{"_mousePosition":[683,384],"_rootPartCFrame":[758.931,237.272